Iteration,Version,ROC_AUC,PR_AUC,TimeElapsed,K,TrainRatio,ExperimentID,Seed,ThresholdMode,Threshold,Precision,Recall,F1Score,TestTP,TestFP,TestFN,TestTN,TestTPR,TestTNR,TestFPR,TestFNR,TestPrecision,TestRecall,TestF1Score,TestAccuracy,TestExpectedAccuracy,TestKappa,TestMCC,TestTSS,TotalLinks,TrainLinks,TestLinks,BackboneTotal,NonBackboneTotal,BackboneTrainLinks,NonBackboneTrainLinks,BackboneTestLinks,NonBackboneTestLinks,EmpiricalNumSpecies,EmpiricalLinks,EmpiricalConnectance,EmpiricalMeanTrophicLevel,EmpiricalMeanDegree,EmpiricalMeanGenerality,EmpiricalMeanVulnerability,EmpiricalDegreeStd,EmpiricalDegreeCV,EmpiricalDegreeGini,EmpiricalGeneralityStd,EmpiricalGeneralityCV,EmpiricalGeneralityGini,EmpiricalVulnerabilityStd,EmpiricalVulnerabilityCV,EmpiricalVulnerabilityGini,EmpiricalTrophicLevelStd,EmpiricalTrophicLevelCV,EmpiricalTrophicLevelRange,EmpiricalNetworkXMeanTrophicLevel,EmpiricalNetworkXTrophicLevelStd,EmpiricalNetworkXTrophicLevelRange,EmpiricalMeanLocalClustering,EmpiricalTransitivity,EmpiricalNumTriangles,EmpiricalTriangleDensity,EmpiricalMeanDietOverlap,EmpiricalNetworkXTrophicLevelNumSpeciesFull,EmpiricalNetworkXTrophicLevelNumSpeciesLargest,EmpiricalNetworkXTrophicLevelNumSpeciesWithLevel,EmpiricalNetworkXTrophicLevelLargestFraction,EmpiricalNetworkXTrophicLevelStatusCode,EmpiricalPropBasal,EmpiricalPropIntermediate,EmpiricalPropTop,TrainNumSpecies,TrainConnectance,TrainMeanTrophicLevel,TrainMeanDegree,TrainMeanGenerality,TrainMeanVulnerability,TrainDegreeStd,TrainDegreeCV,TrainDegreeGini,TrainGeneralityStd,TrainGeneralityCV,TrainGeneralityGini,TrainVulnerabilityStd,TrainVulnerabilityCV,TrainVulnerabilityGini,TrainTrophicLevelStd,TrainTrophicLevelCV,TrainTrophicLevelRange,TrainNetworkXMeanTrophicLevel,TrainNetworkXTrophicLevelStd,TrainNetworkXTrophicLevelRange,TrainMeanLocalClustering,TrainTransitivity,TrainNumTriangles,TrainTriangleDensity,TrainMeanDietOverlap,TrainNetworkXTrophicLevelNumSpeciesFull,TrainNetworkXTrophicLevelNumSpeciesLargest,TrainNetworkXTrophicLevelNumSpeciesWithLevel,TrainNetworkXTrophicLevelLargestFraction,TrainNetworkXTrophicLevelStatusCode,TrainPropBasal,TrainPropIntermediate,TrainPropTop,PseudoNumSpecies,PseudoLinks,PseudoConnectance,PseudoMeanTrophicLevel,PseudoMeanDegree,PseudoMeanGenerality,PseudoMeanVulnerability,PseudoDegreeStd,PseudoDegreeCV,PseudoDegreeGini,PseudoGeneralityStd,PseudoGeneralityCV,PseudoGeneralityGini,PseudoVulnerabilityStd,PseudoVulnerabilityCV,PseudoVulnerabilityGini,PseudoTrophicLevelStd,PseudoTrophicLevelCV,PseudoTrophicLevelRange,PseudoNetworkXMeanTrophicLevel,PseudoNetworkXTrophicLevelStd,PseudoNetworkXTrophicLevelRange,PseudoMeanLocalClustering,PseudoTransitivity,PseudoNumTriangles,PseudoTriangleDensity,PseudoMeanDietOverlap,PseudoNetworkXTrophicLevelNumSpeciesFull,PseudoNetworkXTrophicLevelNumSpeciesLargest,PseudoNetworkXTrophicLevelNumSpeciesWithLevel,PseudoNetworkXTrophicLevelLargestFraction,PseudoNetworkXTrophicLevelStatusCode,PseudoPropBasal,PseudoPropIntermediate,PseudoPropTop,DeltaLinks,DeltaConnectance,DeltaMeanTrophicLevel,DeltaMeanDegree,DeltaMeanGenerality,DeltaMeanVulnerability,DeltaDegreeStd,DeltaDegreeCV,DeltaDegreeGini,DeltaGeneralityStd,DeltaGeneralityCV,DeltaGeneralityGini,DeltaVulnerabilityStd,DeltaVulnerabilityCV,DeltaVulnerabilityGini,DeltaTrophicLevelStd,DeltaTrophicLevelCV,DeltaTrophicLevelRange,DeltaNetworkXMeanTrophicLevel,DeltaNetworkXTrophicLevelStd,DeltaNetworkXTrophicLevelRange,DeltaMeanLocalClustering,DeltaTransitivity,DeltaNumTriangles,DeltaTriangleDensity,DeltaMeanDietOverlap,DeltaPropBasal,DeltaPropIntermediate,DeltaPropTop,PseudoTP,PseudoFP,PseudoFN,PseudoTN,PseudoTPR,PseudoTNR,PseudoFPR,PseudoFNR,PseudoPrecision,PseudoRecall,PseudoF1Score,PseudoMCC,PseudoTSS,PseudoJaccardLinks,NumPredictedNovelLinks,NumTrueNovelLinks,EvaluateOnAllUnseen,CvK,FoldID,NumFolds
1,WLNM_dir_neg_kfold,0.897428588993,0.496025032961,00:00:21,10,80,1,13346,threshold_sweep,0.1,0.954022988506,0.58865248227,0.728070175439,249,12,174,834,0.58865248227,0.985815602837,0.0141843971631,0.41134751773,0.954022988506,0.58865248227,0.728070175439,0.853427895981,0.598108747045,0.635294117647,0.66999375043,0.574468085106,2154,1731,423,0,2154,0,1731,0,423,144,2115,0.10270979021,3.28340051934,29.375,15.4379562044,16.5234375,23.125947344,0.787266292563,0.431540583136,18.7178045265,1.27440371245,0.622363409509,10.41950078,0.709412819061,0.401704097715,1.12585631727,0.342893384662,4.14543900894,3.28340051934,1.12585631727,4.14543900894,0.506274862896,0.548025908195,16217,0.0332762894383,0.115809519663,144,144,144,1,0,0.0486111111111,0.840277777778,0.111111111111,144,0.0821678321678,3.17652590169,23.5,12.6268656716,13.21875,18.4326405532,0.784367683113,0.432373752298,15.0270152995,1.27889491911,0.625320133964,8.37620672864,0.712868657756,0.405839571841,1.16655614388,0.367242761425,4.12012112432,3.17652590169,1.16655614388,4.12012112432,0.425256424484,0.455876778884,8820,0.018098099084,0.0878467043366,144,144,144,1,0,0.0694444444444,0.819444444444,0.111111111111,144,1953,0.0948426573427,6.20264232005,27.125,13.7535211268,15.1395348837,21.0124422015,0.774652247061,0.427849604597,16.5079844,1.21717857327,0.600852676794,10.4257070328,0.768715725918,0.431092478808,1.53422580899,0.247350359706,7.41499423346,6.20264232005,1.53422580899,7.41499423346,0.468018213271,0.522495916367,13328,0.0273482386158,0.109913850725,144,144,144,1,0,0.0138888888889,0.881944444444,0.104166666667,-162,-0.00786713286713,2.91924180071,-2.25,-1.68443507762,-1.38390261628,-2.11350514251,-0.0126140455021,-0.00369097853941,-2.20982012653,-0.0572251391724,-0.0215107327153,0.00620625280079,0.0593029068567,0.0293883810928,0.408369491715,-0.0955430249559,3.26955522452,2.91924180071,0.408369491715,3.26955522452,-0.0382566496242,-0.0255299918277,-2889,-0.00592805082242,-0.00589566893796,-0.0347222222222,0.0416666666667,-0.00694444444444,1941,12,174,18465,0.917730496454,0.999350543919,0.000649456080533,0.0822695035461,0.993855606759,0.917730496454,0.954277286136,0.950202578139,0.917081040373,0.912552891396,261,423,0,5,1,5
2,WLNM_dir_neg_kfold,0.897428588993,0.496025032961,00:00:21,10,80,1,13346,threshold_sweep,0.2,0.954022988506,0.58865248227,0.728070175439,249,12,174,834,0.58865248227,0.985815602837,0.0141843971631,0.41134751773,0.954022988506,0.58865248227,0.728070175439,0.853427895981,0.598108747045,0.635294117647,0.66999375043,0.574468085106,2154,1731,423,0,2154,0,1731,0,423,144,2115,0.10270979021,3.28340051934,29.375,15.4379562044,16.5234375,23.125947344,0.787266292563,0.431540583136,18.7178045265,1.27440371245,0.622363409509,10.41950078,0.709412819061,0.401704097715,1.12585631727,0.342893384662,4.14543900894,3.28340051934,1.12585631727,4.14543900894,0.506274862896,0.548025908195,16217,0.0332762894383,0.115809519663,144,144,144,1,0,0.0486111111111,0.840277777778,0.111111111111,144,0.0821678321678,3.17652590169,23.5,12.6268656716,13.21875,18.4326405532,0.784367683113,0.432373752298,15.0270152995,1.27889491911,0.625320133964,8.37620672864,0.712868657756,0.405839571841,1.16655614388,0.367242761425,4.12012112432,3.17652590169,1.16655614388,4.12012112432,0.425256424484,0.455876778884,8820,0.018098099084,0.0878467043366,144,144,144,1,0,0.0694444444444,0.819444444444,0.111111111111,144,1953,0.0948426573427,6.20264232005,27.125,13.7535211268,15.1395348837,21.0124422015,0.774652247061,0.427849604597,16.5079844,1.21717857327,0.600852676794,10.4257070328,0.768715725918,0.431092478808,1.53422580899,0.247350359706,7.41499423346,6.20264232005,1.53422580899,7.41499423346,0.468018213271,0.522495916367,13328,0.0273482386158,0.109913850725,144,144,144,1,0,0.0138888888889,0.881944444444,0.104166666667,-162,-0.00786713286713,2.91924180071,-2.25,-1.68443507762,-1.38390261628,-2.11350514251,-0.0126140455021,-0.00369097853941,-2.20982012653,-0.0572251391724,-0.0215107327153,0.00620625280079,0.0593029068567,0.0293883810928,0.408369491715,-0.0955430249559,3.26955522452,2.91924180071,0.408369491715,3.26955522452,-0.0382566496242,-0.0255299918277,-2889,-0.00592805082242,-0.00589566893796,-0.0347222222222,0.0416666666667,-0.00694444444444,1941,12,174,18465,0.917730496454,0.999350543919,0.000649456080533,0.0822695035461,0.993855606759,0.917730496454,0.954277286136,0.950202578139,0.917081040373,0.912552891396,261,423,0,5,1,5
3,WLNM_dir_neg_kfold,0.897428588993,0.496025032961,00:00:21,10,80,1,13346,threshold_sweep,0.3,0.97628458498,0.583924349882,0.730769230769,247,6,176,840,0.583924349882,0.992907801418,0.00709219858156,0.416075650118,0.97628458498,0.583924349882,0.730769230769,0.85657998424,0.600210139217,0.641261498029,0.680609034382,0.5768321513,2154,1731,423,0,2154,0,1731,0,423,144,2115,0.10270979021,3.28340051934,29.375,15.4379562044,16.5234375,23.125947344,0.787266292563,0.431540583136,18.7178045265,1.27440371245,0.622363409509,10.41950078,0.709412819061,0.401704097715,1.12585631727,0.342893384662,4.14543900894,3.28340051934,1.12585631727,4.14543900894,0.506274862896,0.548025908195,16217,0.0332762894383,0.115809519663,144,144,144,1,0,0.0486111111111,0.840277777778,0.111111111111,144,0.0821678321678,3.17652590169,23.5,12.6268656716,13.21875,18.4326405532,0.784367683113,0.432373752298,15.0270152995,1.27889491911,0.625320133964,8.37620672864,0.712868657756,0.405839571841,1.16655614388,0.367242761425,4.12012112432,3.17652590169,1.16655614388,4.12012112432,0.425256424484,0.455876778884,8820,0.018098099084,0.0878467043366,144,144,144,1,0,0.0694444444444,0.819444444444,0.111111111111,144,1945,0.0944541569542,3.5222235889,27.0138888889,14.197080292,15.0775193798,21.0197995609,0.778110832076,0.429327335047,16.550408918,1.22532590447,0.606573121965,10.3254702582,0.764456409861,0.43003784633,1.21911402315,0.346120566278,4.38499492206,3.5222235889,1.21911402315,4.38499492206,0.465048980319,0.524197997951,13301,0.0272928362717,0.112286967847,144,144,144,1,0,0.0486111111111,0.847222222222,0.104166666667,-170,-0.00825563325563,0.238823069561,-2.36111111111,-1.24087591241,-1.44591812016,-2.10614778311,-0.00915546048734,-0.0022132480892,-2.16739560852,-0.0490778079751,-0.0157902875436,-0.0940305217623,0.0550435908003,0.0283337486149,0.0932577058707,0.00322718161608,0.239555913121,0.238823069561,0.0932577058707,0.239555913121,-0.0412258825772,-0.0238279102442,-2916,-0.00598345316655,-0.00352255181635,0,0.00694444444444,-0.00694444444444,1939,6,176,18471,0.916784869976,0.99967527196,0.000324728040266,0.0832151300236,0.996915167095,0.916784869976,0.955172413793,0.951305940383,0.916460141936,0.914191419142,253,423,0,5,1,5
4,WLNM_dir_neg_kfold,0.897428588993,0.496025032961,00:00:21,10,80,1,13346,threshold_sweep,0.4,0.98,0.579196217494,0.72808320951,245,5,178,841,0.579196217494,0.994089834515,0.00591016548463,0.420803782506,0.98,0.579196217494,0.72808320951,0.855791962175,0.600998161282,0.63857801185,0.679468995466,0.573286052009,2154,1731,423,0,2154,0,1731,0,423,144,2115,0.10270979021,3.28340051934,29.375,15.4379562044,16.5234375,23.125947344,0.787266292563,0.431540583136,18.7178045265,1.27440371245,0.622363409509,10.41950078,0.709412819061,0.401704097715,1.12585631727,0.342893384662,4.14543900894,3.28340051934,1.12585631727,4.14543900894,0.506274862896,0.548025908195,16217,0.0332762894383,0.115809519663,144,144,144,1,0,0.0486111111111,0.840277777778,0.111111111111,144,0.0821678321678,3.17652590169,23.5,12.6268656716,13.21875,18.4326405532,0.784367683113,0.432373752298,15.0270152995,1.27889491911,0.625320133964,8.37620672864,0.712868657756,0.405839571841,1.16655614388,0.367242761425,4.12012112432,3.17652590169,1.16655614388,4.12012112432,0.425256424484,0.455876778884,8820,0.018098099084,0.0878467043366,144,144,144,1,0,0.0694444444444,0.819444444444,0.111111111111,144,1942,0.0943084693085,3.39075865552,26.9722222222,14.3851851852,15.0542635659,21.0390726897,0.780027411771,0.430351727886,16.5651863906,1.22831454184,0.608493534729,10.3112309678,0.764581492979,0.430226570546,1.21369118558,0.357940894319,4.30988039606,3.39075865552,1.21369118558,4.30988039606,0.469010388746,0.524618197603,13294,0.027278472701,0.114480578541,144,144,144,1,0,0.0625,0.833333333333,0.104166666667,-173,-0.00840132090132,0.107358136181,-2.40277777778,-1.05277101919,-1.46917393411,-2.08687465434,-0.00723888079253,-0.00118885524984,-2.15261813594,-0.0460891706085,-0.0138698747794,-0.108269812148,0.0551686739177,0.0285224728311,0.0878348683013,0.0150475096575,0.164441387122,0.107358136181,0.0878348683013,0.164441387122,-0.0372644741494,-0.0234077105916,-2923,-0.00599781673725,-0.00132894112171,0.0138888888889,-0.00694444444444,-0.00694444444444,1937,5,178,18472,0.915839243499,0.9997293933,0.000270606700222,0.0841607565012,0.997425334706,0.915839243499,0.954892777915,0.951037828338,0.915568636799,0.913679245283,250,423,0,5,1,5
5,WLNM_dir_neg_kfold,0.897428588993,0.496025032961,00:00:21,10,80,1,13346,threshold_sweep,0.5,0.98,0.579196217494,0.72808320951,245,5,178,841,0.579196217494,0.994089834515,0.00591016548463,0.420803782506,0.98,0.579196217494,0.72808320951,0.855791962175,0.600998161282,0.63857801185,0.679468995466,0.573286052009,2154,1731,423,0,2154,0,1731,0,423,144,2115,0.10270979021,3.28340051934,29.375,15.4379562044,16.5234375,23.125947344,0.787266292563,0.431540583136,18.7178045265,1.27440371245,0.622363409509,10.41950078,0.709412819061,0.401704097715,1.12585631727,0.342893384662,4.14543900894,3.28340051934,1.12585631727,4.14543900894,0.506274862896,0.548025908195,16217,0.0332762894383,0.115809519663,144,144,144,1,0,0.0486111111111,0.840277777778,0.111111111111,144,0.0821678321678,3.17652590169,23.5,12.6268656716,13.21875,18.4326405532,0.784367683113,0.432373752298,15.0270152995,1.27889491911,0.625320133964,8.37620672864,0.712868657756,0.405839571841,1.16655614388,0.367242761425,4.12012112432,3.17652590169,1.16655614388,4.12012112432,0.425256424484,0.455876778884,8820,0.018098099084,0.0878467043366,144,144,144,1,0,0.0694444444444,0.819444444444,0.111111111111,144,1942,0.0943084693085,3.39075865552,26.9722222222,14.3851851852,15.0542635659,21.0390726897,0.780027411771,0.430351727886,16.5651863906,1.22831454184,0.608493534729,10.3112309678,0.764581492979,0.430226570546,1.21369118558,0.357940894319,4.30988039606,3.39075865552,1.21369118558,4.30988039606,0.469010388746,0.524618197603,13294,0.027278472701,0.114480578541,144,144,144,1,0,0.0625,0.833333333333,0.104166666667,-173,-0.00840132090132,0.107358136181,-2.40277777778,-1.05277101919,-1.46917393411,-2.08687465434,-0.00723888079253,-0.00118885524984,-2.15261813594,-0.0460891706085,-0.0138698747794,-0.108269812148,0.0551686739177,0.0285224728311,0.0878348683013,0.0150475096575,0.164441387122,0.107358136181,0.0878348683013,0.164441387122,-0.0372644741494,-0.0234077105916,-2923,-0.00599781673725,-0.00132894112171,0.0138888888889,-0.00694444444444,-0.00694444444444,1937,5,178,18472,0.915839243499,0.9997293933,0.000270606700222,0.0841607565012,0.997425334706,0.915839243499,0.954892777915,0.951037828338,0.915568636799,0.913679245283,250,423,0,5,1,5
6,WLNM_dir_neg_kfold,0.897428588993,0.496025032961,00:00:21,10,80,1,13346,threshold_sweep,0.6,0.98,0.579196217494,0.72808320951,245,5,178,841,0.579196217494,0.994089834515,0.00591016548463,0.420803782506,0.98,0.579196217494,0.72808320951,0.855791962175,0.600998161282,0.63857801185,0.679468995466,0.573286052009,2154,1731,423,0,2154,0,1731,0,423,144,2115,0.10270979021,3.28340051934,29.375,15.4379562044,16.5234375,23.125947344,0.787266292563,0.431540583136,18.7178045265,1.27440371245,0.622363409509,10.41950078,0.709412819061,0.401704097715,1.12585631727,0.342893384662,4.14543900894,3.28340051934,1.12585631727,4.14543900894,0.506274862896,0.548025908195,16217,0.0332762894383,0.115809519663,144,144,144,1,0,0.0486111111111,0.840277777778,0.111111111111,144,0.0821678321678,3.17652590169,23.5,12.6268656716,13.21875,18.4326405532,0.784367683113,0.432373752298,15.0270152995,1.27889491911,0.625320133964,8.37620672864,0.712868657756,0.405839571841,1.16655614388,0.367242761425,4.12012112432,3.17652590169,1.16655614388,4.12012112432,0.425256424484,0.455876778884,8820,0.018098099084,0.0878467043366,144,144,144,1,0,0.0694444444444,0.819444444444,0.111111111111,144,1942,0.0943084693085,3.39075865552,26.9722222222,14.3851851852,15.0542635659,21.0390726897,0.780027411771,0.430351727886,16.5651863906,1.22831454184,0.608493534729,10.3112309678,0.764581492979,0.430226570546,1.21369118558,0.357940894319,4.30988039606,3.39075865552,1.21369118558,4.30988039606,0.469010388746,0.524618197603,13294,0.027278472701,0.114480578541,144,144,144,1,0,0.0625,0.833333333333,0.104166666667,-173,-0.00840132090132,0.107358136181,-2.40277777778,-1.05277101919,-1.46917393411,-2.08687465434,-0.00723888079253,-0.00118885524984,-2.15261813594,-0.0460891706085,-0.0138698747794,-0.108269812148,0.0551686739177,0.0285224728311,0.0878348683013,0.0150475096575,0.164441387122,0.107358136181,0.0878348683013,0.164441387122,-0.0372644741494,-0.0234077105916,-2923,-0.00599781673725,-0.00132894112171,0.0138888888889,-0.00694444444444,-0.00694444444444,1937,5,178,18472,0.915839243499,0.9997293933,0.000270606700222,0.0841607565012,0.997425334706,0.915839243499,0.954892777915,0.951037828338,0.915568636799,0.913679245283,250,423,0,5,1,5
7,WLNM_dir_neg_kfold,0.897428588993,0.496025032961,00:00:21,10,80,1,13346,threshold_sweep,0.7,0.983935742972,0.579196217494,0.729166666667,245,4,178,842,0.579196217494,0.995271867612,0.00472813238771,0.420803782506,0.983935742972,0.579196217494,0.729166666667,0.85657998424,0.601260835303,0.640316205534,0.681901289955,0.574468085106,2154,1731,423,0,2154,0,1731,0,423,144,2115,0.10270979021,3.28340051934,29.375,15.4379562044,16.5234375,23.125947344,0.787266292563,0.431540583136,18.7178045265,1.27440371245,0.622363409509,10.41950078,0.709412819061,0.401704097715,1.12585631727,0.342893384662,4.14543900894,3.28340051934,1.12585631727,4.14543900894,0.506274862896,0.548025908195,16217,0.0332762894383,0.115809519663,144,144,144,1,0,0.0486111111111,0.840277777778,0.111111111111,144,0.0821678321678,3.17652590169,23.5,12.6268656716,13.21875,18.4326405532,0.784367683113,0.432373752298,15.0270152995,1.27889491911,0.625320133964,8.37620672864,0.712868657756,0.405839571841,1.16655614388,0.367242761425,4.12012112432,3.17652590169,1.16655614388,4.12012112432,0.425256424484,0.455876778884,8820,0.018098099084,0.0878467043366,144,144,144,1,0,0.0694444444444,0.819444444444,0.111111111111,144,1941,0.0942599067599,3.39075865552,26.9583333333,14.3777777778,15.0465116279,21.0480220156,0.78076124942,0.430720132807,16.5702440993,1.2293225916,0.609111139733,10.3078276658,0.764722918023,0.430251445418,1.21369118558,0.357940894319,4.30988039606,3.39075865552,1.21369118558,4.30988039606,0.468294733856,0.524600302651,13289,0.0272682130076,0.114485355565,144,144,144,1,0,0.0625,0.833333333333,0.104166666667,-174,-0.00844988344988,0.107358136181,-2.41666666667,-1.0601784266,-1.47692587209,-2.07792532844,-0.00650504314364,-0.000820450329642,-2.14756042724,-0.0450811208431,-0.0132522697756,-0.111673114108,0.0553100989619,0.0285473477029,0.0878348683013,0.0150475096575,0.164441387122,0.107358136181,0.0878348683013,0.164441387122,-0.0379801290402,-0.0234256055434,-2928,-0.00600807643061,-0.00132416409786,0.0138888888889,-0.00694444444444,-0.00694444444444,1937,4,178,18473,0.915839243499,0.99978351464,0.000216485360178,0.0841607565012,0.997939206595,0.915839243499,0.955128205128,0.951313511795,0.915622758139,0.914110429448,249,423,0,5,1,5
8,WLNM_dir_neg_kfold,0.897428588993,0.496025032961,00:00:21,10,80,1,13346,threshold_sweep,0.8,0.987903225806,0.579196217494,0.730253353204,245,3,178,843,0.579196217494,0.996453900709,0.00354609929078,0.420803782506,0.987903225806,0.579196217494,0.730253353204,0.857368006304,0.601523509325,0.642056690837,0.684345241705,0.575650118203,2154,1731,423,0,2154,0,1731,0,423,144,2115,0.10270979021,3.28340051934,29.375,15.4379562044,16.5234375,23.125947344,0.787266292563,0.431540583136,18.7178045265,1.27440371245,0.622363409509,10.41950078,0.709412819061,0.401704097715,1.12585631727,0.342893384662,4.14543900894,3.28340051934,1.12585631727,4.14543900894,0.506274862896,0.548025908195,16217,0.0332762894383,0.115809519663,144,144,144,1,0,0.0486111111111,0.840277777778,0.111111111111,144,0.0821678321678,3.17652590169,23.5,12.6268656716,13.21875,18.4326405532,0.784367683113,0.432373752298,15.0270152995,1.27889491911,0.625320133964,8.37620672864,0.712868657756,0.405839571841,1.16655614388,0.367242761425,4.12012112432,3.17652590169,1.16655614388,4.12012112432,0.425256424484,0.455876778884,8820,0.018098099084,0.0878467043366,144,144,144,1,0,0.0694444444444,0.819444444444,0.111111111111,144,1940,0.0942113442113,3.3884438407,26.9444444444,14.3703703704,15.15625,21.0642632367,0.781766470639,0.431436139748,16.5748754362,1.23030003238,0.609629152348,10.3166268437,0.765770239947,0.430877720504,1.21459915905,0.358453383368,4.30988039606,3.3884438407,1.21459915905,4.30988039606,0.467122392159,0.524548959745,13287,0.0272641091303,0.114770701323,144,144,144,1,0,0.0625,0.826388888889,0.111111111111,-175,-0.00849844599845,0.105043321366,-2.43055555556,-1.06758583401,-1.3671875,-2.06168410739,-0.00549982192434,-0.000104443388332,-2.14292909031,-0.0441036800653,-0.0127342571606,-0.102873936225,0.0563574208862,0.0291736227893,0.0887428417767,0.0155599987062,0.164441387122,0.105043321366,0.0887428417767,0.164441387122,-0.0391524707367,-0.0234769484496,-2930,-0.00601218030795,-0.00103881833988,0.0138888888889,-0.0138888888889,0,1937,3,178,18474,0.915839243499,0.99983763598,0.000162364020133,0.0841607565012,0.998453608247,0.915839243499,0.955363748459,0.9515893995,0.915676879479,0.914542020774,248,423,0,5,1,5
9,WLNM_dir_neg_kfold,0.897428588993,0.496025032961,00:00:21,10,80,1,13346,threshold_sweep,0.9,0.991902834008,0.579196217494,0.731343283582,245,2,178,844,0.579196217494,0.997635933806,0.00236406619385,0.420803782506,0.991902834008,0.579196217494,0.731343283582,0.858156028369,0.601786183346,0.643799472296,0.68680096965,0.5768321513,2154,1731,423,0,2154,0,1731,0,423,144,2115,0.10270979021,3.28340051934,29.375,15.4379562044,16.5234375,23.125947344,0.787266292563,0.431540583136,18.7178045265,1.27440371245,0.622363409509,10.41950078,0.709412819061,0.401704097715,1.12585631727,0.342893384662,4.14543900894,3.28340051934,1.12585631727,4.14543900894,0.506274862896,0.548025908195,16217,0.0332762894383,0.115809519663,144,144,144,1,0,0.0486111111111,0.840277777778,0.111111111111,144,0.0821678321678,3.17652590169,23.5,12.6268656716,13.21875,18.4326405532,0.784367683113,0.432373752298,15.0270152995,1.27889491911,0.625320133964,8.37620672864,0.712868657756,0.405839571841,1.16655614388,0.367242761425,4.12012112432,3.17652590169,1.16655614388,4.12012112432,0.425256424484,0.455876778884,8820,0.018098099084,0.0878467043366,144,144,144,1,0,0.0694444444444,0.819444444444,0.111111111111,144,1939,0.0941627816628,3.18363623928,26.9305555556,14.4701492537,15.1484375,21.06953283,0.782365324271,0.43173743625,16.5803461015,1.23134081414,0.610391238324,10.3050759401,0.765307341609,0.430645091972,1.14275323992,0.358945920333,4.0790242687,3.18363623928,1.14275323992,4.0790242687,0.467785827722,0.524804486926,13287,0.0272641091303,0.114880596282,144,144,144,1,0,0.0694444444444,0.819444444444,0.111111111111,-176,-0.00854700854701,-0.0997642800553,-2.44444444444,-0.967806950648,-1.375,-2.05641451402,-0.00490096829224,0.000196853113744,-2.13745842504,-0.0430628983063,-0.0119721711843,-0.114424839814,0.0558945225485,0.0289409942571,0.016896922641,0.0160525356719,-0.066414740238,-0.0997642800553,0.016896922641,-0.066414740238,-0.0384890351734,-0.0232214212686,-2930,-0.00601218030795,-0.000928923381139,0.0208333333333,-0.0208333333333,0,1937,2,178,18475,0.915839243499,0.99989175732,0.000108242680089,0.0841607565012,0.998968540485,0.915839243499,0.955599407992,0.951865491713,0.915731000819,0.914974019839,247,423,0,5,1,5
10,WLNM_dir_neg_kfold,0.860380374338,0.345809377303,00:00:21,10,80,2,13347,threshold_sweep,0.1,0.950381679389,0.58865248227,0.72700729927,249,13,174,833,0.58865248227,0.98463356974,0.01536643026,0.41134751773,0.950381679389,0.58865248227,0.72700729927,0.852639873916,0.597846073023,0.633572828217,0.667669226774,0.573286052009,2154,1731,423,0,2154,0,1731,0,423,144,2115,0.10270979021,3.28340051934,29.375,15.4379562044,16.5234375,23.125947344,0.787266292563,0.431540583136,18.7178045265,1.27440371245,0.622363409509,10.41950078,0.709412819061,0.401704097715,1.12585631727,0.342893384662,4.14543900894,3.28340051934,1.12585631727,4.14543900894,0.506274862896,0.548025908195,16217,0.0332762894383,0.115809519663,144,144,144,1,0,0.0486111111111,0.840277777778,0.111111111111,144,0.0821678321678,3.17652590169,23.5,12.6268656716,13.21875,18.4326405532,0.784367683113,0.432373752298,15.0270152995,1.27889491911,0.625320133964,8.37620672864,0.712868657756,0.405839571841,1.16655614388,0.367242761425,4.12012112432,3.17652590169,1.16655614388,4.12012112432,0.425256424484,0.455876778884,8820,0.018098099084,0.0878467043366,144,144,144,1,0,0.0694444444444,0.819444444444,0.111111111111,144,1954,0.0948912198912,1,27.1388888889,13.6643356643,15.265625,21.0804689081,0.776762416266,0.429286790629,16.5329308076,1.21839408203,0.601579381326,10.4337086701,0.768912000252,0.431493801888,0,0,0,NaN,NaN,NaN,0.465895869231,0.522461345591,13336,0.0273646541252,0.108811163363,144,144,0,1,2,0.00694444444444,0.881944444444,0.111111111111,-161,-0.00781857031857,-2.28340051934,-2.23611111111,-1.77362054004,-1.2578125,-2.04547843592,-0.0105038762968,-0.00225379250742,-2.18487371897,-0.0560096304136,-0.0207840281827,0.0142078901327,0.0594991811913,0.0297897041731,-1.12585631727,-0.342893384662,-4.14543900894,NaN,NaN,NaN,-0.0403789936652,-0.0255645626036,-2881,-0.00591163531304,-0.00699835629976,-0.0416666666667,0.0416666666667,0,1941,13,174,18464,0.917730496454,0.999296422579,0.000703577420577,0.0822695035461,0.993346980553,0.917730496454,0.954042762349,0.949928825074,0.917026919033,0.91212406015,262,423,0,5,1,5
11,WLNM_dir_neg_kfold,0.860380374338,0.345809377303,00:00:21,10,80,2,13347,threshold_sweep,0.2,0.957692307692,0.58865248227,0.729136163982,249,11,174,835,0.58865248227,0.986997635934,0.0130023640662,0.41134751773,0.957692307692,0.58865248227,0.729136163982,0.854215918046,0.598371421066,0.6370176586,0.672328786233,0.575650118203,2154,1731,423,0,2154,0,1731,0,423,144,2115,0.10270979021,3.28340051934,29.375,15.4379562044,16.5234375,23.125947344,0.787266292563,0.431540583136,18.7178045265,1.27440371245,0.622363409509,10.41950078,0.709412819061,0.401704097715,1.12585631727,0.342893384662,4.14543900894,3.28340051934,1.12585631727,4.14543900894,0.506274862896,0.548025908195,16217,0.0332762894383,0.115809519663,144,144,144,1,0,0.0486111111111,0.840277777778,0.111111111111,144,0.0821678321678,3.17652590169,23.5,12.6268656716,13.21875,18.4326405532,0.784367683113,0.432373752298,15.0270152995,1.27889491911,0.625320133964,8.37620672864,0.712868657756,0.405839571841,1.16655614388,0.367242761425,4.12012112432,3.17652590169,1.16655614388,4.12012112432,0.425256424484,0.455876778884,8820,0.018098099084,0.0878467043366,144,144,144,1,0,0.0694444444444,0.819444444444,0.111111111111,144,1952,0.0947940947941,1,27.1111111111,13.6503496503,15.25,21.0550763313,0.776621667957,0.429299721084,16.5224059686,1.21886601407,0.601612306466,10.4351328162,0.769804879885,0.43197148224,0,0,0,NaN,NaN,NaN,0.465357418014,0.522077106289,13298,0.0272866804557,0.109003288841,144,144,0,1,2,0.00694444444444,0.881944444444,0.111111111111,-163,-0.0079156954157,-2.28340051934,-2.26388888889,-1.78760655403,-1.2734375,-2.07087101276,-0.0106446246059,-0.00224086205254,-2.19539855798,-0.0555376983711,-0.0207511030425,0.0156320362569,0.0603920608237,0.0302673845257,-1.12585631727,-0.342893384662,-4.14543900894,NaN,NaN,NaN,-0.040917444882,-0.0259488019055,-2919,-0.00598960898257,-0.00680623082211,-0.0416666666667,0.0416666666667,0,1941,11,174,18466,0.917730496454,0.99940466526,0.000595334740488,0.0822695035461,0.994364754098,0.917730496454,0.954511925252,0.95047653275,0.917135161713,0.912982126058,260,423,0,5,1,5
12,WLNM_dir_neg_kfold,0.860380374338,0.345809377303,00:00:21,10,80,2,13347,threshold_sweep,0.3,0.97628458498,0.583924349882,0.730769230769,247,6,176,840,0.583924349882,0.992907801418,0.00709219858156,0.416075650118,0.97628458498,0.583924349882,0.730769230769,0.85657998424,0.600210139217,0.641261498029,0.680609034382,0.5768321513,2154,1731,423,0,2154,0,1731,0,423,144,2115,0.10270979021,3.28340051934,29.375,15.4379562044,16.5234375,23.125947344,0.787266292563,0.431540583136,18.7178045265,1.27440371245,0.622363409509,10.41950078,0.709412819061,0.401704097715,1.12585631727,0.342893384662,4.14543900894,3.28340051934,1.12585631727,4.14543900894,0.506274862896,0.548025908195,16217,0.0332762894383,0.115809519663,144,144,144,1,0,0.0486111111111,0.840277777778,0.111111111111,144,0.0821678321678,3.17652590169,23.5,12.6268656716,13.21875,18.4326405532,0.784367683113,0.432373752298,15.0270152995,1.27889491911,0.625320133964,8.37620672864,0.712868657756,0.405839571841,1.16655614388,0.367242761425,4.12012112432,3.17652590169,1.16655614388,4.12012112432,0.425256424484,0.455876778884,8820,0.018098099084,0.0878467043366,144,144,144,1,0,0.0694444444444,0.819444444444,0.111111111111,144,1945,0.0944541569542,3.76487360955,27.0138888889,13.9928057554,15.1953125,21.0686477411,0.779919093757,0.430834047415,16.5597019195,1.22601392103,0.606658811768,10.3484714102,0.766159322917,0.43121608112,1.14838461138,0.305026072712,4.54087631464,3.76487360955,1.14838461138,4.54087631464,0.466822621074,0.523993533378,13289,0.0272682130076,0.111117881957,144,144,144,1,0,0.0347222222222,0.854166666667,0.111111111111,-170,-0.00825563325563,0.481473090215,-2.36111111111,-1.44515044898,-1.328125,-2.05729960296,-0.00734719880578,-0.000706535721304,-2.15810260708,-0.0483897914161,-0.0157045977407,-0.071029369725,0.056746503856,0.0295119834049,0.0225282941048,-0.0378673119493,0.395437305706,0.481473090215,0.0225282941048,0.395437305706,-0.0394522418222,-0.0240323748169,-2928,-0.00600807643061,-0.00469163770613,-0.0138888888889,0.0138888888889,0,1939,6,176,18471,0.916784869976,0.99967527196,0.000324728040266,0.0832151300236,0.996915167095,0.916784869976,0.955172413793,0.951305940383,0.916460141936,0.914191419142,253,423,0,5,1,5
13,WLNM_dir_neg_kfold,0.860380374338,0.345809377303,00:00:21,10,80,2,13347,threshold_sweep,0.4,0.97628458498,0.583924349882,0.730769230769,247,6,176,840,0.583924349882,0.992907801418,0.00709219858156,0.416075650118,0.97628458498,0.583924349882,0.730769230769,0.85657998424,0.600210139217,0.641261498029,0.680609034382,0.5768321513,2154,1731,423,0,2154,0,1731,0,423,144,2115,0.10270979021,3.28340051934,29.375,15.4379562044,16.5234375,23.125947344,0.787266292563,0.431540583136,18.7178045265,1.27440371245,0.622363409509,10.41950078,0.709412819061,0.401704097715,1.12585631727,0.342893384662,4.14543900894,3.28340051934,1.12585631727,4.14543900894,0.506274862896,0.548025908195,16217,0.0332762894383,0.115809519663,144,144,144,1,0,0.0486111111111,0.840277777778,0.111111111111,144,0.0821678321678,3.17652590169,23.5,12.6268656716,13.21875,18.4326405532,0.784367683113,0.432373752298,15.0270152995,1.27889491911,0.625320133964,8.37620672864,0.712868657756,0.405839571841,1.16655614388,0.367242761425,4.12012112432,3.17652590169,1.16655614388,4.12012112432,0.425256424484,0.455876778884,8820,0.018098099084,0.0878467043366,144,144,144,1,0,0.0694444444444,0.819444444444,0.111111111111,144,1945,0.0944541569542,3.76487360955,27.0138888889,13.9928057554,15.1953125,21.0686477411,0.779919093757,0.430834047415,16.5597019195,1.22601392103,0.606658811768,10.3484714102,0.766159322917,0.43121608112,1.14838461138,0.305026072712,4.54087631464,3.76487360955,1.14838461138,4.54087631464,0.466822621074,0.523993533378,13289,0.0272682130076,0.111117881957,144,144,144,1,0,0.0347222222222,0.854166666667,0.111111111111,-170,-0.00825563325563,0.481473090215,-2.36111111111,-1.44515044898,-1.328125,-2.05729960296,-0.00734719880578,-0.000706535721304,-2.15810260708,-0.0483897914161,-0.0157045977407,-0.071029369725,0.056746503856,0.0295119834049,0.0225282941048,-0.0378673119493,0.395437305706,0.481473090215,0.0225282941048,0.395437305706,-0.0394522418222,-0.0240323748169,-2928,-0.00600807643061,-0.00469163770613,-0.0138888888889,0.0138888888889,0,1939,6,176,18471,0.916784869976,0.99967527196,0.000324728040266,0.0832151300236,0.996915167095,0.916784869976,0.955172413793,0.951305940383,0.916460141936,0.914191419142,253,423,0,5,1,5
14,WLNM_dir_neg_kfold,0.860380374338,0.345809377303,00:00:21,10,80,2,13347,threshold_sweep,0.5,0.984,0.581560283688,0.731054977712,246,4,177,842,0.581560283688,0.995271867612,0.00472813238771,0.418439716312,0.984,0.581560283688,0.731054977712,0.857368006304,0.600998161282,0.642527978934,0.683671896469,0.5768321513,2154,1731,423,0,2154,0,1731,0,423,144,2115,0.10270979021,3.28340051934,29.375,15.4379562044,16.5234375,23.125947344,0.787266292563,0.431540583136,18.7178045265,1.27440371245,0.622363409509,10.41950078,0.709412819061,0.401704097715,1.12585631727,0.342893384662,4.14543900894,3.28340051934,1.12585631727,4.14543900894,0.506274862896,0.548025908195,16217,0.0332762894383,0.115809519663,144,144,144,1,0,0.0486111111111,0.840277777778,0.111111111111,144,0.0821678321678,3.17652590169,23.5,12.6268656716,13.21875,18.4326405532,0.784367683113,0.432373752298,15.0270152995,1.27889491911,0.625320133964,8.37620672864,0.712868657756,0.405839571841,1.16655614388,0.367242761425,4.12012112432,3.17652590169,1.16655614388,4.12012112432,0.425256424484,0.455876778884,8820,0.018098099084,0.0878467043366,144,144,144,1,0,0.0694444444444,0.819444444444,0.111111111111,144,1942,0.0943084693085,3.49754955162,26.9722222222,14.2794117647,15.171875,21.0792525326,0.781517086689,0.431478143952,16.576158678,1.2291281409,0.60900131594,10.3213988529,0.765335445325,0.430762959149,1.18151113094,0.3378111199,4.35183536944,3.49754955162,1.18151113094,4.35183536944,0.461973652854,0.524158723471,13271,0.0272312781116,0.113332593035,144,144,144,1,0,0.0555555555556,0.833333333333,0.111111111111,-173,-0.00840132090132,0.214149032281,-2.40277777778,-1.15854443967,-1.3515625,-2.0466948114,-0.00574920587407,-6.24391839306e-05,-2.14164584851,-0.0452755715412,-0.0133620935688,-0.0981019270252,0.0559226262646,0.0290588614339,0.0556548136631,-0.00508226476149,0.206396360497,0.214149032281,0.0556548136631,0.206396360497,-0.0443012100418,-0.0238671847234,-2946,-0.0060450113267,-0.00247692662803,0.00694444444444,-0.00694444444444,0,1938,4,177,18473,0.916312056738,0.99978351464,0.000216485360178,0.0836879432624,0.997940267765,0.916312056738,0.955385753019,0.951585176399,0.916095571377,0.914582350165,250,423,0,5,1,5
15,WLNM_dir_neg_kfold,0.860380374338,0.345809377303,00:00:21,10,80,2,13347,threshold_sweep,0.6,0.983935742972,0.579196217494,0.729166666667,245,4,178,842,0.579196217494,0.995271867612,0.00472813238771,0.420803782506,0.983935742972,0.579196217494,0.729166666667,0.85657998424,0.601260835303,0.640316205534,0.681901289955,0.574468085106,2154,1731,423,0,2154,0,1731,0,423,144,2115,0.10270979021,3.28340051934,29.375,15.4379562044,16.5234375,23.125947344,0.787266292563,0.431540583136,18.7178045265,1.27440371245,0.622363409509,10.41950078,0.709412819061,0.401704097715,1.12585631727,0.342893384662,4.14543900894,3.28340051934,1.12585631727,4.14543900894,0.506274862896,0.548025908195,16217,0.0332762894383,0.115809519663,144,144,144,1,0,0.0486111111111,0.840277777778,0.111111111111,144,0.0821678321678,3.17652590169,23.5,12.6268656716,13.21875,18.4326405532,0.784367683113,0.432373752298,15.0270152995,1.27889491911,0.625320133964,8.37620672864,0.712868657756,0.405839571841,1.16655614388,0.367242761425,4.12012112432,3.17652590169,1.16655614388,4.12012112432,0.425256424484,0.455876778884,8820,0.018098099084,0.0878467043366,144,144,144,1,0,0.0694444444444,0.819444444444,0.111111111111,144,1941,0.0942599067599,3.48240028027,26.9583333333,14.3777777778,15.1640625,21.0842051378,0.782103436333,0.431854284733,16.5816347773,1.23016764963,0.609769448738,10.3071492264,0.764672585574,0.430480422463,1.19764260847,0.343912965795,4.34877683275,3.48240028027,1.19764260847,4.34877683275,0.466622349169,0.524421085908,13271,0.0272312781116,0.114186493066,144,144,144,1,0,0.0625,0.826388888889,0.111111111111,-174,-0.00844988344988,0.19899976093,-2.41666666667,-1.0601784266,-1.359375,-2.04174220622,-0.00516285622978,0.000313701596628,-2.13616974923,-0.0442360628147,-0.012593960771,-0.112351553578,0.0552597665128,0.0287763247479,0.0717862911983,0.0010195811338,0.203337823814,0.19899976093,0.0717862911983,0.203337823814,-0.0396525137265,-0.0236048222864,-2946,-0.0060450113267,-0.00162302659664,0.0138888888889,-0.0138888888889,0,1937,4,178,18473,0.915839243499,0.99978351464,0.000216485360178,0.0841607565012,0.997939206595,0.915839243499,0.955128205128,0.951313511795,0.915622758139,0.914110429448,249,423,0,5,1,5
16,WLNM_dir_neg_kfold,0.860380374338,0.345809377303,00:00:21,10,80,2,13347,threshold_sweep,0.7,0.987903225806,0.579196217494,0.730253353204,245,3,178,843,0.579196217494,0.996453900709,0.00354609929078,0.420803782506,0.987903225806,0.579196217494,0.730253353204,0.857368006304,0.601523509325,0.642056690837,0.684345241705,0.575650118203,2154,1731,423,0,2154,0,1731,0,423,144,2115,0.10270979021,3.28340051934,29.375,15.4379562044,16.5234375,23.125947344,0.787266292563,0.431540583136,18.7178045265,1.27440371245,0.622363409509,10.41950078,0.709412819061,0.401704097715,1.12585631727,0.342893384662,4.14543900894,3.28340051934,1.12585631727,4.14543900894,0.506274862896,0.548025908195,16217,0.0332762894383,0.115809519663,144,144,144,1,0,0.0486111111111,0.840277777778,0.111111111111,144,0.0821678321678,3.17652590169,23.5,12.6268656716,13.21875,18.4326405532,0.784367683113,0.432373752298,15.0270152995,1.27889491911,0.625320133964,8.37620672864,0.712868657756,0.405839571841,1.16655614388,0.367242761425,4.12012112432,3.17652590169,1.16655614388,4.12012112432,0.425256424484,0.455876778884,8820,0.018098099084,0.0878467043366,144,144,144,1,0,0.0694444444444,0.819444444444,0.111111111111,144,1940,0.0942113442113,3.17636801563,26.9444444444,14.4776119403,15.15625,21.0868260925,0.782603854978,0.432026775487,16.587106141,1.23120787851,0.610531214204,10.3037398631,0.764813680562,0.430505441008,1.14497392297,0.360466393482,4.08023747831,3.17636801563,1.14497392297,4.08023747831,0.466463093492,0.524573959116,13267,0.0272230703569,0.114941343769,144,144,144,1,0,0.0694444444444,0.819444444444,0.111111111111,-175,-0.00849844599845,-0.107032503701,-2.43055555556,-0.960344264081,-1.3671875,-2.03912125157,-0.00466243758475,0.000486192350499,-2.13069838556,-0.0431958339395,-0.0118321953049,-0.115760916826,0.0554008615014,0.0288013432933,0.0191176056933,0.0175730088206,-0.0652015306268,-0.107032503701,0.0191176056933,-0.0652015306268,-0.0398117694038,-0.023451949079,-2950,-0.00605321908139,-0.000868175894279,0.0208333333333,-0.0208333333333,0,1937,3,178,18474,0.915839243499,0.99983763598,0.000162364020133,0.0841607565012,0.998453608247,0.915839243499,0.955363748459,0.9515893995,0.915676879479,0.914542020774,248,423,0,5,1,5
17,WLNM_dir_neg_kfold,0.860380374338,0.345809377303,00:00:21,10,80,2,13347,threshold_sweep,0.8,0.987854251012,0.5768321513,0.728358208955,244,3,179,843,0.5768321513,0.996453900709,0.00354609929078,0.4231678487,0.987854251012,0.5768321513,0.728358208955,0.85657998424,0.601786183346,0.639841688654,0.682578832541,0.573286052009,2154,1731,423,0,2154,0,1731,0,423,144,2115,0.10270979021,3.28340051934,29.375,15.4379562044,16.5234375,23.125947344,0.787266292563,0.431540583136,18.7178045265,1.27440371245,0.622363409509,10.41950078,0.709412819061,0.401704097715,1.12585631727,0.342893384662,4.14543900894,3.28340051934,1.12585631727,4.14543900894,0.506274862896,0.548025908195,16217,0.0332762894383,0.115809519663,144,144,144,1,0,0.0486111111111,0.840277777778,0.111111111111,144,0.0821678321678,3.17652590169,23.5,12.6268656716,13.21875,18.4326405532,0.784367683113,0.432373752298,15.0270152995,1.27889491911,0.625320133964,8.37620672864,0.712868657756,0.405839571841,1.16655614388,0.367242761425,4.12012112432,3.17652590169,1.16655614388,4.12012112432,0.425256424484,0.455876778884,8820,0.018098099084,0.0878467043366,144,144,144,1,0,0.0694444444444,0.819444444444,0.111111111111,144,1939,0.0941627816628,3.17893833653,26.9305555556,14.4701492537,15.1484375,21.0861213687,0.782981298888,0.432134977938,16.5900438567,1.23206101875,0.61072789525,10.2921744965,0.764349214799,0.43027262048,1.14663420086,0.36069721381,4.0845797362,3.17893833653,1.14663420086,4.0845797362,0.46675108363,0.524954496294,13267,0.0272230703569,0.114689821505,144,144,144,1,0,0.0694444444444,0.819444444444,0.111111111111,-176,-0.00854700854701,-0.104462182807,-2.44444444444,-0.967806950648,-1.375,-2.03982597537,-0.00428499367474,0.000594394801899,-2.12776066984,-0.0423426936912,-0.0116355142592,-0.127326283458,0.0549363957384,0.0285685227655,0.020777883584,0.017803829148,-0.0608592727354,-0.104462182807,0.020777883584,-0.0608592727354,-0.0395237792659,-0.0230714119011,-2950,-0.00605321908139,-0.00111969815825,0.0208333333333,-0.0208333333333,0,1936,3,179,18474,0.91536643026,0.99983763598,0.000162364020133,0.08463356974,0.998452810727,0.91536643026,0.955106068081,0.951317764442,0.91520406624,0.914069877243,247,423,0,5,1,5
18,WLNM_dir_neg_kfold,0.860380374338,0.345809377303,00:00:21,10,80,2,13347,threshold_sweep,0.9,0.991869918699,0.5768321513,0.729446935725,244,2,179,844,0.5768321513,0.997635933806,0.00236406619385,0.4231678487,0.991869918699,0.5768321513,0.729446935725,0.857368006304,0.602048857368,0.641584158416,0.685039952693,0.574468085106,2154,1731,423,0,2154,0,1731,0,423,144,2115,0.10270979021,3.28340051934,29.375,15.4379562044,16.5234375,23.125947344,0.787266292563,0.431540583136,18.7178045265,1.27440371245,0.622363409509,10.41950078,0.709412819061,0.401704097715,1.12585631727,0.342893384662,4.14543900894,3.28340051934,1.12585631727,4.14543900894,0.506274862896,0.548025908195,16217,0.0332762894383,0.115809519663,144,144,144,1,0,0.0486111111111,0.840277777778,0.111111111111,144,0.0821678321678,3.17652590169,23.5,12.6268656716,13.21875,18.4326405532,0.784367683113,0.432373752298,15.0270152995,1.27889491911,0.625320133964,8.37620672864,0.712868657756,0.405839571841,1.16655614388,0.367242761425,4.12012112432,3.17652590169,1.16655614388,4.12012112432,0.425256424484,0.455876778884,8820,0.018098099084,0.0878467043366,144,144,144,1,0,0.0694444444444,0.819444444444,0.111111111111,144,1938,0.0941142191142,3.17843560354,26.9166666667,14.4626865672,15.140625,21.0737964094,0.782927420783,0.432103543172,16.5832820863,1.23219433459,0.610738447426,10.2941866954,0.764893129072,0.430534055728,1.14591213806,0.360527089738,4.08275065247,3.17843560354,1.14591213806,4.08275065247,0.46675108363,0.524954496294,13267,0.0272230703569,0.114708260701,144,144,144,1,0,0.0694444444444,0.819444444444,0.111111111111,-177,-0.00859557109557,-0.1049649158,-2.45833333333,-0.975269637215,-1.3828125,-2.05215093464,-0.00433887178045,0.000562960035327,-2.13452244019,-0.0422093778562,-0.011624962083,-0.12531408453,0.0554803100111,0.0288299580128,0.0200558207891,0.0176337050768,-0.0626883564695,-0.1049649158,0.0200558207891,-0.0626883564695,-0.0395237792659,-0.0230714119011,-2950,-0.00605321908139,-0.00110125896179,0.0208333333333,-0.0208333333333,0,1936,2,179,18475,0.91536643026,0.99989175732,0.000108242680089,0.08463356974,0.998968008256,0.91536643026,0.955341722181,0.951593934817,0.91525818758,0.914501653283,246,423,0,5,1,5
19,WLNM_dir_neg_kfold,0.867718480515,0.353226508744,00:00:21,10,80,3,13348,threshold_sweep,0.1,0.950381679389,0.58865248227,0.72700729927,249,13,174,833,0.58865248227,0.98463356974,0.01536643026,0.41134751773,0.950381679389,0.58865248227,0.72700729927,0.852639873916,0.597846073023,0.633572828217,0.667669226774,0.573286052009,2154,1731,423,0,2154,0,1731,0,423,144,2115,0.10270979021,3.28340051934,29.375,15.4379562044,16.5234375,23.125947344,0.787266292563,0.431540583136,18.7178045265,1.27440371245,0.622363409509,10.41950078,0.709412819061,0.401704097715,1.12585631727,0.342893384662,4.14543900894,3.28340051934,1.12585631727,4.14543900894,0.506274862896,0.548025908195,16217,0.0332762894383,0.115809519663,144,144,144,1,0,0.0486111111111,0.840277777778,0.111111111111,144,0.0821678321678,3.17652590169,23.5,12.6268656716,13.21875,18.4326405532,0.784367683113,0.432373752298,15.0270152995,1.27889491911,0.625320133964,8.37620672864,0.712868657756,0.405839571841,1.16655614388,0.367242761425,4.12012112432,3.17652590169,1.16655614388,4.12012112432,0.425256424484,0.455876778884,8820,0.018098099084,0.0878467043366,144,144,144,1,0,0.0694444444444,0.819444444444,0.111111111111,144,1954,0.0948912198912,NaN,27.1388888889,13.5694444444,15.1472868217,21.026327523,0.774767441996,0.428199277835,16.4999058178,1.21596030592,0.599461219152,10.4410786208,0.769455128658,0.431109973843,NaN,NaN,NaN,NaN,NaN,NaN,0.468080809171,0.521919578184,13330,0.0273523424932,0.108213685934,144,144,0,1,2,0,0.895833333333,0.104166666667,-161,-0.00781857031857,NaN,-2.23611111111,-1.86851175994,-1.37615067829,-2.099619821,-0.0124988505676,-0.00334130530169,-2.21789870872,-0.0584434065261,-0.0229021903572,0.0215778408633,0.0600423095973,0.0294058761281,NaN,NaN,NaN,NaN,NaN,NaN,-0.038194053725,-0.0261063300113,-2887,-0.00592394694507,-0.00759583372858,-0.0486111111111,0.0555555555556,-0.00694444444444,1941,13,174,18464,0.917730496454,0.999296422579,0.000703577420577,0.0822695035461,0.993346980553,0.917730496454,0.954042762349,0.949928825074,0.917026919033,0.91212406015,262,423,0,5,1,5
20,WLNM_dir_neg_kfold,0.867718480515,0.353226508744,00:00:21,10,80,3,13348,threshold_sweep,0.2,0.950381679389,0.58865248227,0.72700729927,249,13,174,833,0.58865248227,0.98463356974,0.01536643026,0.41134751773,0.950381679389,0.58865248227,0.72700729927,0.852639873916,0.597846073023,0.633572828217,0.667669226774,0.573286052009,2154,1731,423,0,2154,0,1731,0,423,144,2115,0.10270979021,3.28340051934,29.375,15.4379562044,16.5234375,23.125947344,0.787266292563,0.431540583136,18.7178045265,1.27440371245,0.622363409509,10.41950078,0.709412819061,0.401704097715,1.12585631727,0.342893384662,4.14543900894,3.28340051934,1.12585631727,4.14543900894,0.506274862896,0.548025908195,16217,0.0332762894383,0.115809519663,144,144,144,1,0,0.0486111111111,0.840277777778,0.111111111111,144,0.0821678321678,3.17652590169,23.5,12.6268656716,13.21875,18.4326405532,0.784367683113,0.432373752298,15.0270152995,1.27889491911,0.625320133964,8.37620672864,0.712868657756,0.405839571841,1.16655614388,0.367242761425,4.12012112432,3.17652590169,1.16655614388,4.12012112432,0.425256424484,0.455876778884,8820,0.018098099084,0.0878467043366,144,144,144,1,0,0.0694444444444,0.819444444444,0.111111111111,144,1954,0.0948912198912,NaN,27.1388888889,13.5694444444,15.1472868217,21.026327523,0.774767441996,0.428199277835,16.4999058178,1.21596030592,0.599461219152,10.4410786208,0.769455128658,0.431109973843,NaN,NaN,NaN,NaN,NaN,NaN,0.468080809171,0.521919578184,13330,0.0273523424932,0.108213685934,144,144,0,1,2,0,0.895833333333,0.104166666667,-161,-0.00781857031857,NaN,-2.23611111111,-1.86851175994,-1.37615067829,-2.099619821,-0.0124988505676,-0.00334130530169,-2.21789870872,-0.0584434065261,-0.0229021903572,0.0215778408633,0.0600423095973,0.0294058761281,NaN,NaN,NaN,NaN,NaN,NaN,-0.038194053725,-0.0261063300113,-2887,-0.00592394694507,-0.00759583372858,-0.0486111111111,0.0555555555556,-0.00694444444444,1941,13,174,18464,0.917730496454,0.999296422579,0.000703577420577,0.0822695035461,0.993346980553,0.917730496454,0.954042762349,0.949928825074,0.917026919033,0.91212406015,262,423,0,5,1,5
21,WLNM_dir_neg_kfold,0.867718480515,0.353226508744,00:00:21,10,80,3,13348,threshold_sweep,0.3,0.97628458498,0.583924349882,0.730769230769,247,6,176,840,0.583924349882,0.992907801418,0.00709219858156,0.416075650118,0.97628458498,0.583924349882,0.730769230769,0.85657998424,0.600210139217,0.641261498029,0.680609034382,0.5768321513,2154,1731,423,0,2154,0,1731,0,423,144,2115,0.10270979021,3.28340051934,29.375,15.4379562044,16.5234375,23.125947344,0.787266292563,0.431540583136,18.7178045265,1.27440371245,0.622363409509,10.41950078,0.709412819061,0.401704097715,1.12585631727,0.342893384662,4.14543900894,3.28340051934,1.12585631727,4.14543900894,0.506274862896,0.548025908195,16217,0.0332762894383,0.115809519663,144,144,144,1,0,0.0486111111111,0.840277777778,0.111111111111,144,0.0821678321678,3.17652590169,23.5,12.6268656716,13.21875,18.4326405532,0.784367683113,0.432373752298,15.0270152995,1.27889491911,0.625320133964,8.37620672864,0.712868657756,0.405839571841,1.16655614388,0.367242761425,4.12012112432,3.17652590169,1.16655614388,4.12012112432,0.425256424484,0.455876778884,8820,0.018098099084,0.0878467043366,144,144,144,1,0,0.0694444444444,0.819444444444,0.111111111111,144,1945,0.0944541569542,4.18682883329,27.0138888889,13.9928057554,15.0775193798,21.0324378547,0.778578676371,0.429837903456,16.5478735573,1.22513819653,0.605973293345,10.3153063863,0.763703917545,0.429766495287,1.2611771957,0.301224923665,5.01767690715,4.18682883329,1.2611771957,5.01767690715,0.464988733134,0.523772009296,13297,0.027284628517,0.109501685458,144,144,144,1,0,0.0347222222222,0.861111111111,0.104166666667,-170,-0.00825563325563,0.903428313951,-2.36111111111,-1.44515044898,-1.44591812016,-2.0935094893,-0.00868761619237,-0.00170267968017,-2.1699309692,-0.0492655159122,-0.016390116164,-0.104194393665,0.0542910984846,0.0280623975723,0.13532087843,-0.0416684609968,0.872237898216,0.903428313951,0.13532087843,0.872237898216,-0.0412861297613,-0.0242538988988,-2920,-0.00599166092124,-0.00630783420547,-0.0138888888889,0.0208333333333,-0.00694444444444,1939,6,176,18471,0.916784869976,0.99967527196,0.000324728040266,0.0832151300236,0.996915167095,0.916784869976,0.955172413793,0.951305940383,0.916460141936,0.914191419142,253,423,0,5,1,5
22,WLNM_dir_neg_kfold,0.867718480515,0.353226508744,00:00:21,10,80,3,13348,threshold_sweep,0.4,0.983935742972,0.579196217494,0.729166666667,245,4,178,842,0.579196217494,0.995271867612,0.00472813238771,0.420803782506,0.983935742972,0.579196217494,0.729166666667,0.85657998424,0.601260835303,0.640316205534,0.681901289955,0.574468085106,2154,1731,423,0,2154,0,1731,0,423,144,2115,0.10270979021,3.28340051934,29.375,15.4379562044,16.5234375,23.125947344,0.787266292563,0.431540583136,18.7178045265,1.27440371245,0.622363409509,10.41950078,0.709412819061,0.401704097715,1.12585631727,0.342893384662,4.14543900894,3.28340051934,1.12585631727,4.14543900894,0.506274862896,0.548025908195,16217,0.0332762894383,0.115809519663,144,144,144,1,0,0.0486111111111,0.840277777778,0.111111111111,144,0.0821678321678,3.17652590169,23.5,12.6268656716,13.21875,18.4326405532,0.784367683113,0.432373752298,15.0270152995,1.27889491911,0.625320133964,8.37620672864,0.712868657756,0.405839571841,1.16655614388,0.367242761425,4.12012112432,3.17652590169,1.16655614388,4.12012112432,0.425256424484,0.455876778884,8820,0.018098099084,0.0878467043366,144,144,144,1,0,0.0694444444444,0.819444444444,0.111111111111,144,1941,0.0942599067599,3.49183092722,26.9583333333,14.3777777778,15.0465116279,21.0486864863,0.780785897481,0.430888287824,16.569822072,1.229291282,0.609082517603,10.2826955936,0.76285840571,0.429306915107,1.19637924058,0.342622327805,4.35165998261,3.49183092722,1.19637924058,4.35165998261,0.467563517493,0.524500644754,13287,0.0272641091303,0.113048696698,144,144,144,1,0,0.0625,0.833333333333,0.104166666667,-174,-0.00844988344988,0.20843040788,-2.41666666667,-1.0601784266,-1.47692587209,-2.07726085777,-0.00648039508181,-0.000652295312182,-2.14798245458,-0.0451124304448,-0.0132808919062,-0.136805186322,0.0534455866492,0.027602817392,0.0705229233081,-0.000271056856936,0.206220973673,0.20843040788,0.0705229233081,0.206220973673,-0.0387113454031,-0.0235252634411,-2930,-0.00601218030795,-0.00276082296549,0.0138888888889,-0.00694444444444,-0.00694444444444,1937,4,178,18473,0.915839243499,0.99978351464,0.000216485360178,0.0841607565012,0.997939206595,0.915839243499,0.955128205128,0.951313511795,0.915622758139,0.914110429448,249,423,0,5,1,5
23,WLNM_dir_neg_kfold,0.867718480515,0.353226508744,00:00:21,10,80,3,13348,threshold_sweep,0.5,0.983935742972,0.579196217494,0.729166666667,245,4,178,842,0.579196217494,0.995271867612,0.00472813238771,0.420803782506,0.983935742972,0.579196217494,0.729166666667,0.85657998424,0.601260835303,0.640316205534,0.681901289955,0.574468085106,2154,1731,423,0,2154,0,1731,0,423,144,2115,0.10270979021,3.28340051934,29.375,15.4379562044,16.5234375,23.125947344,0.787266292563,0.431540583136,18.7178045265,1.27440371245,0.622363409509,10.41950078,0.709412819061,0.401704097715,1.12585631727,0.342893384662,4.14543900894,3.28340051934,1.12585631727,4.14543900894,0.506274862896,0.548025908195,16217,0.0332762894383,0.115809519663,144,144,144,1,0,0.0486111111111,0.840277777778,0.111111111111,144,0.0821678321678,3.17652590169,23.5,12.6268656716,13.21875,18.4326405532,0.784367683113,0.432373752298,15.0270152995,1.27889491911,0.625320133964,8.37620672864,0.712868657756,0.405839571841,1.16655614388,0.367242761425,4.12012112432,3.17652590169,1.16655614388,4.12012112432,0.425256424484,0.455876778884,8820,0.018098099084,0.0878467043366,144,144,144,1,0,0.0694444444444,0.819444444444,0.111111111111,144,1941,0.0942599067599,3.49183092722,26.9583333333,14.3777777778,15.0465116279,21.0486864863,0.780785897481,0.430888287824,16.569822072,1.229291282,0.609082517603,10.2826955936,0.76285840571,0.429306915107,1.19637924058,0.342622327805,4.35165998261,3.49183092722,1.19637924058,4.35165998261,0.467563517493,0.524500644754,13287,0.0272641091303,0.113048696698,144,144,144,1,0,0.0625,0.833333333333,0.104166666667,-174,-0.00844988344988,0.20843040788,-2.41666666667,-1.0601784266,-1.47692587209,-2.07726085777,-0.00648039508181,-0.000652295312182,-2.14798245458,-0.0451124304448,-0.0132808919062,-0.136805186322,0.0534455866492,0.027602817392,0.0705229233081,-0.000271056856936,0.206220973673,0.20843040788,0.0705229233081,0.206220973673,-0.0387113454031,-0.0235252634411,-2930,-0.00601218030795,-0.00276082296549,0.0138888888889,-0.00694444444444,-0.00694444444444,1937,4,178,18473,0.915839243499,0.99978351464,0.000216485360178,0.0841607565012,0.997939206595,0.915839243499,0.955128205128,0.951313511795,0.915622758139,0.914110429448,249,423,0,5,1,5
24,WLNM_dir_neg_kfold,0.867718480515,0.353226508744,00:00:21,10,80,3,13348,threshold_sweep,0.6,0.983870967742,0.5768321513,0.727272727273,244,4,179,842,0.5768321513,0.995271867612,0.00472813238771,0.4231678487,0.983870967742,0.5768321513,0.727272727273,0.855791962175,0.601523509325,0.63810151615,0.680129562598,0.572104018913,2154,1731,423,0,2154,0,1731,0,423,144,2115,0.10270979021,3.28340051934,29.375,15.4379562044,16.5234375,23.125947344,0.787266292563,0.431540583136,18.7178045265,1.27440371245,0.622363409509,10.41950078,0.709412819061,0.401704097715,1.12585631727,0.342893384662,4.14543900894,3.28340051934,1.12585631727,4.14543900894,0.506274862896,0.548025908195,16217,0.0332762894383,0.115809519663,144,144,144,1,0,0.0486111111111,0.840277777778,0.111111111111,144,0.0821678321678,3.17652590169,23.5,12.6268656716,13.21875,18.4326405532,0.784367683113,0.432373752298,15.0270152995,1.27889491911,0.625320133964,8.37620672864,0.712868657756,0.405839571841,1.16655614388,0.367242761425,4.12012112432,3.17652590169,1.16655614388,4.12012112432,0.425256424484,0.455876778884,8820,0.018098099084,0.0878467043366,144,144,144,1,0,0.0694444444444,0.819444444444,0.111111111111,144,1940,0.0942113442113,3.49531963155,26.9444444444,14.3703703704,15.0387596899,21.0479897144,0.781162504865,0.430999427262,16.5727657817,1.23014343947,0.609278350515,10.271111259,0.762391763558,0.429073596793,1.1985644886,0.342905546544,4.35755506188,3.49531963155,1.1985644886,4.35755506188,0.46785150763,0.524880502482,13287,0.0272641091303,0.112802089231,144,144,144,1,0,0.0625,0.833333333333,0.104166666667,-175,-0.00849844599845,0.21191911221,-2.43055555556,-1.06758583401,-1.48467781008,-2.07795762963,-0.00610378769849,-0.000541155874014,-2.14503874479,-0.0442602729755,-0.0130850589933,-0.148389520908,0.0529789444973,0.0273694990779,0.0727081713283,1.21618828773e-05,0.212116052942,0.21191911221,0.0727081713283,0.212116052942,-0.0384233552653,-0.0231454057128,-2930,-0.00601218030795,-0.00300743043188,0.0138888888889,-0.00694444444444,-0.00694444444444,1936,4,179,18473,0.91536643026,0.99978351464,0.000216485360178,0.08463356974,0.99793814433,0.91536643026,0.95487053021,0.951041798735,0.9151499449,0.913638508731,248,423,0,5,1,5
25,WLNM_dir_neg_kfold,0.867718480515,0.353226508744,00:00:21,10,80,3,13348,threshold_sweep,0.7,0.991869918699,0.5768321513,0.729446935725,244,2,179,844,0.5768321513,0.997635933806,0.00236406619385,0.4231678487,0.991869918699,0.5768321513,0.729446935725,0.857368006304,0.602048857368,0.641584158416,0.685039952693,0.574468085106,2154,1731,423,0,2154,0,1731,0,423,144,2115,0.10270979021,3.28340051934,29.375,15.4379562044,16.5234375,23.125947344,0.787266292563,0.431540583136,18.7178045265,1.27440371245,0.622363409509,10.41950078,0.709412819061,0.401704097715,1.12585631727,0.342893384662,4.14543900894,3.28340051934,1.12585631727,4.14543900894,0.506274862896,0.548025908195,16217,0.0332762894383,0.115809519663,144,144,144,1,0,0.0486111111111,0.840277777778,0.111111111111,144,0.0821678321678,3.17652590169,23.5,12.6268656716,13.21875,18.4326405532,0.784367683113,0.432373752298,15.0270152995,1.27889491911,0.625320133964,8.37620672864,0.712868657756,0.405839571841,1.16655614388,0.367242761425,4.12012112432,3.17652590169,1.16655614388,4.12012112432,0.425256424484,0.455876778884,8820,0.018098099084,0.0878467043366,144,144,144,1,0,0.0694444444444,0.819444444444,0.111111111111,144,1938,0.0941142191142,3.18560435262,26.9166666667,14.4626865672,15.140625,21.0668267381,0.782668485624,0.431881378282,16.5828603908,1.23216300118,0.610566448802,10.2765092982,0.763579638259,0.429724228873,1.14768834292,0.360273347184,4.08909860815,3.18560435262,1.14768834292,4.08909860815,0.466519314605,0.524982212033,13281,0.0272517974983,0.113793962595,144,144,144,1,0,0.0694444444444,0.819444444444,0.111111111111,-177,-0.00859557109557,-0.0977961667146,-2.45833333333,-0.975269637215,-1.3828125,-2.05912060599,-0.00459780693886,0.000340795145979,-2.13494413572,-0.0422407112701,-0.0117969607071,-0.142991481724,0.0541668191979,0.0280201311581,0.0218320256497,0.0173799625229,-0.0563404007885,-0.0977961667146,0.0218320256497,-0.0563404007885,-0.0397555482909,-0.0230436961623,-2936,-0.00602449193998,-0.00201555706835,0.0208333333333,-0.0208333333333,0,1936,2,179,18475,0.91536643026,0.99989175732,0.000108242680089,0.08463356974,0.998968008256,0.91536643026,0.955341722181,0.951593934817,0.91525818758,0.914501653283,246,423,0,5,1,5
26,WLNM_dir_neg_kfold,0.867718480515,0.353226508744,00:00:21,10,80,3,13348,threshold_sweep,0.8,0.991836734694,0.574468085106,0.72754491018,243,2,180,844,0.574468085106,0.997635933806,0.00236406619385,0.425531914894,0.991836734694,0.574468085106,0.72754491018,0.85657998424,0.60231153139,0.639365918098,0.683277851572,0.572104018913,2154,1731,423,0,2154,0,1731,0,423,144,2115,0.10270979021,3.28340051934,29.375,15.4379562044,16.5234375,23.125947344,0.787266292563,0.431540583136,18.7178045265,1.27440371245,0.622363409509,10.41950078,0.709412819061,0.401704097715,1.12585631727,0.342893384662,4.14543900894,3.28340051934,1.12585631727,4.14543900894,0.506274862896,0.548025908195,16217,0.0332762894383,0.115809519663,144,144,144,1,0,0.0486111111111,0.840277777778,0.111111111111,144,0.0821678321678,3.17652590169,23.5,12.6268656716,13.21875,18.4326405532,0.784367683113,0.432373752298,15.0270152995,1.27889491911,0.625320133964,8.37620672864,0.712868657756,0.405839571841,1.16655614388,0.367242761425,4.12012112432,3.17652590169,1.16655614388,4.12012112432,0.425256424484,0.455876778884,8820,0.018098099084,0.0878467043366,144,144,144,1,0,0.0694444444444,0.819444444444,0.111111111111,144,1937,0.0940656565657,3.1876004436,26.9027777778,14.4552238806,15.1328125,21.0717453897,0.78325537845,0.432172460276,16.5870578334,1.23311116572,0.611057333792,10.2655850208,0.763161715539,0.429512275569,1.14757471909,0.360012096685,4.08960280798,3.1876004436,1.14757471909,4.08960280798,0.46702313842,0.525245201434,13281,0.0272517974983,0.113268506252,144,144,144,1,0,0.0694444444444,0.819444444444,0.111111111111,-178,-0.00864413364413,-0.0958000757332,-2.47222222222,-0.982732323783,-1.390625,-2.05420195434,-0.00401091411267,0.000631877140159,-2.13074669316,-0.0412925467213,-0.0113060757166,-0.153915759133,0.0537488964779,0.0278081778546,0.0217184018196,0.017118712023,-0.0558362009623,-0.0958000757332,0.0217184018196,-0.0558362009623,-0.0392517244753,-0.0227807067606,-2936,-0.00602449193998,-0.00254101341085,0.0208333333333,-0.0208333333333,0,1935,2,180,18475,0.914893617021,0.99989175732,0.000108242680089,0.0851063829787,0.998967475478,0.914893617021,0.955083909181,0.951322329531,0.914785374341,0.914029286726,245,423,0,5,1,5
27,WLNM_dir_neg_kfold,0.867718480515,0.353226508744,00:00:21,10,80,3,13348,threshold_sweep,0.9,0.991836734694,0.574468085106,0.72754491018,243,2,180,844,0.574468085106,0.997635933806,0.00236406619385,0.425531914894,0.991836734694,0.574468085106,0.72754491018,0.85657998424,0.60231153139,0.639365918098,0.683277851572,0.572104018913,2154,1731,423,0,2154,0,1731,0,423,144,2115,0.10270979021,3.28340051934,29.375,15.4379562044,16.5234375,23.125947344,0.787266292563,0.431540583136,18.7178045265,1.27440371245,0.622363409509,10.41950078,0.709412819061,0.401704097715,1.12585631727,0.342893384662,4.14543900894,3.28340051934,1.12585631727,4.14543900894,0.506274862896,0.548025908195,16217,0.0332762894383,0.115809519663,144,144,144,1,0,0.0486111111111,0.840277777778,0.111111111111,144,0.0821678321678,3.17652590169,23.5,12.6268656716,13.21875,18.4326405532,0.784367683113,0.432373752298,15.0270152995,1.27889491911,0.625320133964,8.37620672864,0.712868657756,0.405839571841,1.16655614388,0.367242761425,4.12012112432,3.17652590169,1.16655614388,4.12012112432,0.425256424484,0.455876778884,8820,0.018098099084,0.0878467043366,144,144,144,1,0,0.0694444444444,0.819444444444,0.111111111111,144,1937,0.0940656565657,3.1876004436,26.9027777778,14.4552238806,15.1328125,21.0717453897,0.78325537845,0.432172460276,16.5870578334,1.23311116572,0.611057333792,10.2655850208,0.763161715539,0.429512275569,1.14757471909,0.360012096685,4.08960280798,3.1876004436,1.14757471909,4.08960280798,0.46702313842,0.525245201434,13281,0.0272517974983,0.113268506252,144,144,144,1,0,0.0694444444444,0.819444444444,0.111111111111,-178,-0.00864413364413,-0.0958000757332,-2.47222222222,-0.982732323783,-1.390625,-2.05420195434,-0.00401091411267,0.000631877140159,-2.13074669316,-0.0412925467213,-0.0113060757166,-0.153915759133,0.0537488964779,0.0278081778546,0.0217184018196,0.017118712023,-0.0558362009623,-0.0958000757332,0.0217184018196,-0.0558362009623,-0.0392517244753,-0.0227807067606,-2936,-0.00602449193998,-0.00254101341085,0.0208333333333,-0.0208333333333,0,1935,2,180,18475,0.914893617021,0.99989175732,0.000108242680089,0.0851063829787,0.998967475478,0.914893617021,0.955083909181,0.951322329531,0.914785374341,0.914029286726,245,423,0,5,1,5
28,WLNM_dir_neg_kfold,0.840644892667,0.404259593602,00:00:21,10,80,4,13349,threshold_sweep,0.1,0.950191570881,0.586288416076,0.72514619883,248,13,175,833,0.586288416076,0.98463356974,0.01536643026,0.413711583924,0.950191570881,0.586288416076,0.72514619883,0.851851851852,0.598108747045,0.63137254902,0.665857986539,0.570921985816,2154,1731,423,0,2154,0,1731,0,423,144,2115,0.10270979021,3.28340051934,29.375,15.4379562044,16.5234375,23.125947344,0.787266292563,0.431540583136,18.7178045265,1.27440371245,0.622363409509,10.41950078,0.709412819061,0.401704097715,1.12585631727,0.342893384662,4.14543900894,3.28340051934,1.12585631727,4.14543900894,0.506274862896,0.548025908195,16217,0.0332762894383,0.115809519663,144,144,144,1,0,0.0486111111111,0.840277777778,0.111111111111,144,0.0821678321678,3.17652590169,23.5,12.6268656716,13.21875,18.4326405532,0.784367683113,0.432373752298,15.0270152995,1.27889491911,0.625320133964,8.37620672864,0.712868657756,0.405839571841,1.16655614388,0.367242761425,4.12012112432,3.17652590169,1.16655614388,4.12012112432,0.425256424484,0.455876778884,8820,0.018098099084,0.0878467043366,144,144,144,1,0,0.0694444444444,0.819444444444,0.111111111111,144,1953,0.0948426573427,6.79093107313,27.125,13.6573426573,15.2578125,21.0177663774,0.774848530044,0.428457643511,16.4948471505,1.21620992815,0.599771718723,10.4531714664,0.770740753284,0.43230144507,1.57326396783,0.231671320307,7.98300629937,6.79093107313,1.57326396783,7.98300629937,0.464966356924,0.520724372385,13275,0.0272394858662,0.109706896392,144,144,144,1,0,0.00694444444444,0.881944444444,0.111111111111,-162,-0.00786713286713,3.5075305538,-2.25,-1.78061354704,-1.265625,-2.10818096661,-0.0124177625194,-0.00308293962492,-2.22295737607,-0.0581937842997,-0.0225916907855,0.0336706864603,0.0613279342233,0.0305973473555,0.447407650554,-0.111222064354,3.83756729043,3.5075305538,0.447407650554,3.83756729043,-0.0413085059719,-0.0273015358099,-2942,-0.00603680357201,-0.00610262327125,-0.0416666666667,0.0416666666667,0,1940,13,175,18464,0.917257683215,0.999296422579,0.000703577420577,0.0827423167849,0.993343573989,0.917257683215,0.953785644051,0.949656612654,0.916554105795,0.911654135338,261,423,0,5,1,5
29,WLNM_dir_neg_kfold,0.840644892667,0.404259593602,00:00:21,10,80,4,13349,threshold_sweep,0.2,0.95,0.583924349882,0.723279648609,247,13,176,833,0.583924349882,0.98463356974,0.01536643026,0.416075650118,0.95,0.583924349882,0.723279648609,0.851063829787,0.598371421066,0.629169391759,0.664045474699,0.568557919622,2154,1731,423,0,2154,0,1731,0,423,144,2115,0.10270979021,3.28340051934,29.375,15.4379562044,16.5234375,23.125947344,0.787266292563,0.431540583136,18.7178045265,1.27440371245,0.622363409509,10.41950078,0.709412819061,0.401704097715,1.12585631727,0.342893384662,4.14543900894,3.28340051934,1.12585631727,4.14543900894,0.506274862896,0.548025908195,16217,0.0332762894383,0.115809519663,144,144,144,1,0,0.0486111111111,0.840277777778,0.111111111111,144,0.0821678321678,3.17652590169,23.5,12.6268656716,13.21875,18.4326405532,0.784367683113,0.432373752298,15.0270152995,1.27889491911,0.625320133964,8.37620672864,0.712868657756,0.405839571841,1.16655614388,0.367242761425,4.12012112432,3.17652590169,1.16655614388,4.12012112432,0.425256424484,0.455876778884,8820,0.018098099084,0.0878467043366,144,144,144,1,0,0.0694444444444,0.819444444444,0.111111111111,144,1952,0.0947940947941,6.79050771965,27.1111111111,13.6503496503,15.25,21.0002034992,0.774597670053,0.428317822177,16.4889358021,1.21639690343,0.599819273679,10.444510572,0.770496681538,0.432156477687,1.57277857767,0.231614283143,7.98146726152,6.79050771965,1.57277857767,7.98146726152,0.464204155018,0.519508746203,13226,0.0271389408713,0.109666810904,144,144,144,1,0,0.00694444444444,0.881944444444,0.111111111111,-163,-0.0079156954157,3.50710720032,-2.26388888889,-1.78760655403,-1.2734375,-2.12574384483,-0.0126686225101,-0.00322276095964,-2.22886872446,-0.0580068090133,-0.0225441358294,0.0250097920052,0.0610838624773,0.030452379972,0.446922260393,-0.111279101518,3.83602825258,3.50710720032,0.446922260393,3.83602825258,-0.0420707078775,-0.0285171619919,-2991,-0.00613734856693,-0.00614270875869,-0.0416666666667,0.0416666666667,0,1939,13,176,18464,0.916784869976,0.999296422579,0.000703577420577,0.0832151300236,0.993340163934,0.916784869976,0.953528399312,0.949384351418,0.916081292556,0.911184210526,260,423,0,5,1,5
30,WLNM_dir_neg_kfold,0.840644892667,0.404259593602,00:00:21,10,80,4,13349,threshold_sweep,0.3,0.976,0.5768321513,0.725111441308,244,6,179,840,0.5768321513,0.992907801418,0.00709219858156,0.4231678487,0.976,0.5768321513,0.725111441308,0.854215918046,0.600998161282,0.634628044766,0.675266094463,0.569739952719,2154,1731,423,0,2154,0,1731,0,423,144,2115,0.10270979021,3.28340051934,29.375,15.4379562044,16.5234375,23.125947344,0.787266292563,0.431540583136,18.7178045265,1.27440371245,0.622363409509,10.41950078,0.709412819061,0.401704097715,1.12585631727,0.342893384662,4.14543900894,3.28340051934,1.12585631727,4.14543900894,0.506274862896,0.548025908195,16217,0.0332762894383,0.115809519663,144,144,144,1,0,0.0486111111111,0.840277777778,0.111111111111,144,0.0821678321678,3.17652590169,23.5,12.6268656716,13.21875,18.4326405532,0.784367683113,0.432373752298,15.0270152995,1.27889491911,0.625320133964,8.37620672864,0.712868657756,0.405839571841,1.16655614388,0.367242761425,4.12012112432,3.17652590169,1.16655614388,4.12012112432,0.425256424484,0.455876778884,8820,0.018098099084,0.0878467043366,144,144,144,1,0,0.0694444444444,0.819444444444,0.111111111111,144,1942,0.0943084693085,3.69689513682,26.9722222222,14.1751824818,15.171875,21.0131309079,0.779065615534,0.430323120494,16.5423745394,1.22662303484,0.607084620666,10.3207213056,0.765285204945,0.430698592516,1.27828142187,0.345771620389,4.63114731637,3.69689513682,1.27828142187,4.63114731637,0.466613602601,0.521928206209,13202,0.0270896943432,0.112858423203,144,144,144,1,0,0.0486111111111,0.840277777778,0.111111111111,-173,-0.00840132090132,0.413494617485,-2.40277777778,-1.26277372263,-1.3515625,-2.11281643616,-0.00820067702902,-0.00121746264199,-2.17542998719,-0.0477806776015,-0.0152787888428,-0.0987794743836,0.0558723858838,0.0289944948016,0.152425104593,0.00287823572768,0.485708307435,0.413494617485,0.152425104593,0.485708307435,-0.0396612602952,-0.0260977019854,-3015,-0.00618659509505,-0.00295109646045,0,0,0,1936,6,179,18471,0.91536643026,0.99967527196,0.000324728040266,0.08463356974,0.996910401648,0.91536643026,0.95439980281,0.950490480278,0.91504170222,0.912776991985,250,423,0,5,1,5
31,WLNM_dir_neg_kfold,0.840644892667,0.404259593602,00:00:21,10,80,4,13349,threshold_sweep,0.4,0.979838709677,0.574468085106,0.724292101341,243,5,180,841,0.574468085106,0.994089834515,0.00591016548463,0.425531914894,0.979838709677,0.574468085106,0.724292101341,0.854215918046,0.601523509325,0.634146341463,0.675913883491,0.568557919622,2154,1731,423,0,2154,0,1731,0,423,144,2115,0.10270979021,3.28340051934,29.375,15.4379562044,16.5234375,23.125947344,0.787266292563,0.431540583136,18.7178045265,1.27440371245,0.622363409509,10.41950078,0.709412819061,0.401704097715,1.12585631727,0.342893384662,4.14543900894,3.28340051934,1.12585631727,4.14543900894,0.506274862896,0.548025908195,16217,0.0332762894383,0.115809519663,144,144,144,1,0,0.0486111111111,0.840277777778,0.111111111111,144,0.0821678321678,3.17652590169,23.5,12.6268656716,13.21875,18.4326405532,0.784367683113,0.432373752298,15.0270152995,1.27889491911,0.625320133964,8.37620672864,0.712868657756,0.405839571841,1.16655614388,0.367242761425,4.12012112432,3.17652590169,1.16655614388,4.12012112432,0.425256424484,0.455876778884,8820,0.018098099084,0.0878467043366,144,144,144,1,0,0.0694444444444,0.819444444444,0.111111111111,144,1940,0.0942113442113,3.4144256801,26.9444444444,14.3703703704,15.15625,21.0174013078,0.78002726503,0.430659364261,16.5533443453,1.22870184831,0.608626861397,10.3010247602,0.764612147152,0.430355097365,1.24640979206,0.365042296667,4.3554122642,3.4144256801,1.24640979206,4.3554122642,0.465917304372,0.522251982425,13194,0.0270732788338,0.113783051745,144,144,144,1,0,0.0625,0.826388888889,0.111111111111,-175,-0.00849844599845,0.131025160762,-2.43055555556,-1.06758583401,-1.3671875,-2.10854603629,-0.00723902753313,-0.000881218875159,-2.16446018126,-0.0457018641362,-0.0137365481113,-0.118476019714,0.0551993280911,0.0286509996507,0.120553474788,0.0221489120058,0.209973255261,0.131025160762,0.120553474788,0.209973255261,-0.0403575585235,-0.0257739257695,-3023,-0.00620301060442,-0.00202646791799,0.0138888888889,-0.0138888888889,0,1935,5,180,18472,0.914893617021,0.9997293933,0.000270606700222,0.0851063829787,0.997422680412,0.914893617021,0.954377311961,0.95049419797,0.914623010321,0.912735849057,248,423,0,5,1,5
32,WLNM_dir_neg_kfold,0.840644892667,0.404259593602,00:00:21,10,80,4,13349,threshold_sweep,0.5,0.983805668016,0.574468085106,0.725373134328,243,4,180,842,0.574468085106,0.995271867612,0.00472813238771,0.425531914894,0.983805668016,0.574468085106,0.725373134328,0.85500394011,0.601786183346,0.635883905013,0.678356695433,0.569739952719,2154,1731,423,0,2154,0,1731,0,423,144,2115,0.10270979021,3.28340051934,29.375,15.4379562044,16.5234375,23.125947344,0.787266292563,0.431540583136,18.7178045265,1.27440371245,0.622363409509,10.41950078,0.709412819061,0.401704097715,1.12585631727,0.342893384662,4.14543900894,3.28340051934,1.12585631727,4.14543900894,0.506274862896,0.548025908195,16217,0.0332762894383,0.115809519663,144,144,144,1,0,0.0486111111111,0.840277777778,0.111111111111,144,0.0821678321678,3.17652590169,23.5,12.6268656716,13.21875,18.4326405532,0.784367683113,0.432373752298,15.0270152995,1.27889491911,0.625320133964,8.37620672864,0.712868657756,0.405839571841,1.16655614388,0.367242761425,4.12012112432,3.17652590169,1.16655614388,4.12012112432,0.425256424484,0.455876778884,8820,0.018098099084,0.0878467043366,144,144,144,1,0,0.0694444444444,0.819444444444,0.111111111111,144,1939,0.0941627816628,3.3789912452,26.9305555556,14.362962963,15.1484375,21.0136994203,0.780292087808,0.430723884018,16.5579774763,1.22967960628,0.60914489141,10.2914950251,0.764298753801,0.430186665521,1.21731569572,0.360260091661,4.30485932051,3.3789912452,1.21731569572,4.30485932051,0.465917304372,0.522251982425,13194,0.0270732788338,0.113827363311,144,144,144,1,0,0.0625,0.826388888889,0.111111111111,-176,-0.00854700854701,0.0955907258683,-2.44444444444,-1.07499324142,-1.375,-2.11224792377,-0.0069742047552,-0.00081669911822,-2.15982705029,-0.0447241061633,-0.0132185180986,-0.128005754821,0.0548859347398,0.0284825678059,0.0914593784442,0.0173667069994,0.159420311574,0.0955907258683,0.0914593784442,0.159420311574,-0.0403575585235,-0.0257739257695,-3023,-0.00620301060442,-0.00198215635193,0.0138888888889,-0.0138888888889,0,1935,4,180,18473,0.914893617021,0.99978351464,0.000216485360178,0.0851063829787,0.99793708097,0.914893617021,0.95461272817,0.950770037171,0.914677131661,0.913166588013,247,423,0,5,1,5
33,WLNM_dir_neg_kfold,0.840644892667,0.404259593602,00:00:21,10,80,4,13349,threshold_sweep,0.6,0.983805668016,0.574468085106,0.725373134328,243,4,180,842,0.574468085106,0.995271867612,0.00472813238771,0.425531914894,0.983805668016,0.574468085106,0.725373134328,0.85500394011,0.601786183346,0.635883905013,0.678356695433,0.569739952719,2154,1731,423,0,2154,0,1731,0,423,144,2115,0.10270979021,3.28340051934,29.375,15.4379562044,16.5234375,23.125947344,0.787266292563,0.431540583136,18.7178045265,1.27440371245,0.622363409509,10.41950078,0.709412819061,0.401704097715,1.12585631727,0.342893384662,4.14543900894,3.28340051934,1.12585631727,4.14543900894,0.506274862896,0.548025908195,16217,0.0332762894383,0.115809519663,144,144,144,1,0,0.0486111111111,0.840277777778,0.111111111111,144,0.0821678321678,3.17652590169,23.5,12.6268656716,13.21875,18.4326405532,0.784367683113,0.432373752298,15.0270152995,1.27889491911,0.625320133964,8.37620672864,0.712868657756,0.405839571841,1.16655614388,0.367242761425,4.12012112432,3.17652590169,1.16655614388,4.12012112432,0.425256424484,0.455876778884,8820,0.018098099084,0.0878467043366,144,144,144,1,0,0.0694444444444,0.819444444444,0.111111111111,144,1939,0.0941627816628,3.3789912452,26.9305555556,14.362962963,15.1484375,21.0136994203,0.780292087808,0.430723884018,16.5579774763,1.22967960628,0.60914489141,10.2914950251,0.764298753801,0.430186665521,1.21731569572,0.360260091661,4.30485932051,3.3789912452,1.21731569572,4.30485932051,0.465917304372,0.522251982425,13194,0.0270732788338,0.113827363311,144,144,144,1,0,0.0625,0.826388888889,0.111111111111,-176,-0.00854700854701,0.0955907258683,-2.44444444444,-1.07499324142,-1.375,-2.11224792377,-0.0069742047552,-0.00081669911822,-2.15982705029,-0.0447241061633,-0.0132185180986,-0.128005754821,0.0548859347398,0.0284825678059,0.0914593784442,0.0173667069994,0.159420311574,0.0955907258683,0.0914593784442,0.159420311574,-0.0403575585235,-0.0257739257695,-3023,-0.00620301060442,-0.00198215635193,0.0138888888889,-0.0138888888889,0,1935,4,180,18473,0.914893617021,0.99978351464,0.000216485360178,0.0851063829787,0.99793708097,0.914893617021,0.95461272817,0.950770037171,0.914677131661,0.913166588013,247,423,0,5,1,5
34,WLNM_dir_neg_kfold,0.840644892667,0.404259593602,00:00:21,10,80,4,13349,threshold_sweep,0.7,0.987804878049,0.574468085106,0.726457399103,243,3,180,843,0.574468085106,0.996453900709,0.00354609929078,0.425531914894,0.987804878049,0.574468085106,0.726457399103,0.855791962175,0.602048857368,0.637623762376,0.68081131101,0.570921985816,2154,1731,423,0,2154,0,1731,0,423,144,2115,0.10270979021,3.28340051934,29.375,15.4379562044,16.5234375,23.125947344,0.787266292563,0.431540583136,18.7178045265,1.27440371245,0.622363409509,10.41950078,0.709412819061,0.401704097715,1.12585631727,0.342893384662,4.14543900894,3.28340051934,1.12585631727,4.14543900894,0.506274862896,0.548025908195,16217,0.0332762894383,0.115809519663,144,144,144,1,0,0.0486111111111,0.840277777778,0.111111111111,144,0.0821678321678,3.17652590169,23.5,12.6268656716,13.21875,18.4326405532,0.784367683113,0.432373752298,15.0270152995,1.27889491911,0.625320133964,8.37620672864,0.712868657756,0.405839571841,1.16655614388,0.367242761425,4.12012112432,3.17652590169,1.16655614388,4.12012112432,0.425256424484,0.455876778884,8820,0.018098099084,0.0878467043366,144,144,144,1,0,0.0694444444444,0.819444444444,0.111111111111,144,1938,0.0941142191142,3.3789912452,26.9166666667,14.3555555556,15.140625,21.0232971006,0.78105128547,0.431114551084,16.5630285903,1.23068943086,0.609756621947,10.2894303838,0.764539718918,0.430268891182,1.21731569572,0.360260091661,4.30485932051,3.3789912452,1.21731569572,4.30485932051,0.465645076373,0.522298626051,13191,0.0270671230178,0.114005056296,144,144,144,1,0,0.0625,0.826388888889,0.111111111111,-177,-0.00859557109557,0.0955907258683,-2.45833333333,-1.08240064882,-1.3828125,-2.10265024347,-0.0062150070929,-0.000426032052737,-2.15477593621,-0.0437142815851,-0.0126067875618,-0.130070396189,0.0551268998568,0.0285647934675,0.0914593784442,0.0173667069994,0.159420311574,0.0955907258683,0.0914593784442,0.159420311574,-0.0406297865224,-0.025727282144,-3026,-0.00620916642043,-0.00180446336743,0.0138888888889,-0.0138888888889,0,1935,3,180,18474,0.914893617021,0.99983763598,0.000162364020133,0.0851063829787,0.998452012384,0.914893617021,0.954848260548,0.951046080937,0.914731253001,0.913597733711,246,423,0,5,1,5
35,WLNM_dir_neg_kfold,0.840644892667,0.404259593602,00:00:21,10,80,4,13349,threshold_sweep,0.8,0.987804878049,0.574468085106,0.726457399103,243,3,180,843,0.574468085106,0.996453900709,0.00354609929078,0.425531914894,0.987804878049,0.574468085106,0.726457399103,0.855791962175,0.602048857368,0.637623762376,0.68081131101,0.570921985816,2154,1731,423,0,2154,0,1731,0,423,144,2115,0.10270979021,3.28340051934,29.375,15.4379562044,16.5234375,23.125947344,0.787266292563,0.431540583136,18.7178045265,1.27440371245,0.622363409509,10.41950078,0.709412819061,0.401704097715,1.12585631727,0.342893384662,4.14543900894,3.28340051934,1.12585631727,4.14543900894,0.506274862896,0.548025908195,16217,0.0332762894383,0.115809519663,144,144,144,1,0,0.0486111111111,0.840277777778,0.111111111111,144,0.0821678321678,3.17652590169,23.5,12.6268656716,13.21875,18.4326405532,0.784367683113,0.432373752298,15.0270152995,1.27889491911,0.625320133964,8.37620672864,0.712868657756,0.405839571841,1.16655614388,0.367242761425,4.12012112432,3.17652590169,1.16655614388,4.12012112432,0.425256424484,0.455876778884,8820,0.018098099084,0.0878467043366,144,144,144,1,0,0.0694444444444,0.819444444444,0.111111111111,144,1938,0.0941142191142,3.3789912452,26.9166666667,14.3555555556,15.140625,21.0232971006,0.78105128547,0.431114551084,16.5630285903,1.23068943086,0.609756621947,10.2894303838,0.764539718918,0.430268891182,1.21731569572,0.360260091661,4.30485932051,3.3789912452,1.21731569572,4.30485932051,0.465645076373,0.522298626051,13191,0.0270671230178,0.114005056296,144,144,144,1,0,0.0625,0.826388888889,0.111111111111,-177,-0.00859557109557,0.0955907258683,-2.45833333333,-1.08240064882,-1.3828125,-2.10265024347,-0.0062150070929,-0.000426032052737,-2.15477593621,-0.0437142815851,-0.0126067875618,-0.130070396189,0.0551268998568,0.0285647934675,0.0914593784442,0.0173667069994,0.159420311574,0.0955907258683,0.0914593784442,0.159420311574,-0.0406297865224,-0.025727282144,-3026,-0.00620916642043,-0.00180446336743,0.0138888888889,-0.0138888888889,0,1935,3,180,18474,0.914893617021,0.99983763598,0.000162364020133,0.0851063829787,0.998452012384,0.914893617021,0.954848260548,0.951046080937,0.914731253001,0.913597733711,246,423,0,5,1,5
36,WLNM_dir_neg_kfold,0.840644892667,0.404259593602,00:00:21,10,80,4,13349,threshold_sweep,0.9,0.995884773663,0.572104018913,0.726726726727,242,1,181,845,0.572104018913,0.998817966903,0.00118203309693,0.427895981087,0.995884773663,0.572104018913,0.726726726727,0.85657998424,0.602836879433,0.638888888889,0.683998762096,0.570921985816,2154,1731,423,0,2154,0,1731,0,423,144,2115,0.10270979021,3.28340051934,29.375,15.4379562044,16.5234375,23.125947344,0.787266292563,0.431540583136,18.7178045265,1.27440371245,0.622363409509,10.41950078,0.709412819061,0.401704097715,1.12585631727,0.342893384662,4.14543900894,3.28340051934,1.12585631727,4.14543900894,0.506274862896,0.548025908195,16217,0.0332762894383,0.115809519663,144,144,144,1,0,0.0486111111111,0.840277777778,0.111111111111,144,0.0821678321678,3.17652590169,23.5,12.6268656716,13.21875,18.4326405532,0.784367683113,0.432373752298,15.0270152995,1.27889491911,0.625320133964,8.37620672864,0.712868657756,0.405839571841,1.16655614388,0.367242761425,4.12012112432,3.17652590169,1.16655614388,4.12012112432,0.425256424484,0.455876778884,8820,0.018098099084,0.0878467043366,144,144,144,1,0,0.0694444444444,0.819444444444,0.111111111111,144,1935,0.0939685314685,3.17459536467,26.875,14.4402985075,15.1171875,21.0400467308,0.78288545975,0.431969566466,16.5743583027,1.23344061788,0.611042922768,10.268914835,0.764198313301,0.43004234855,1.14394656869,0.36034405563,4.07371735754,3.17459536467,1.14394656869,4.07371735754,0.466387638509,0.522449411174,13176,0.0270363439378,0.11442062773,144,144,144,1,0,0.0694444444444,0.819444444444,0.111111111111,-180,-0.00874125874126,-0.108805154661,-2.5,-0.997657696917,-1.40625,-2.08590061326,-0.00438083281306,0.000428983329363,-2.14344622382,-0.0409630945685,-0.0113204867411,-0.150585944974,0.0547854942402,0.0283382508354,0.0180902514179,0.0174506709689,-0.0717216514016,-0.108805154661,0.0180902514179,-0.0717216514016,-0.0398872243865,-0.0255764970211,-3041,-0.00623994550051,-0.00138889193288,0.0208333333333,-0.0208333333333,0,1934,1,181,18476,0.914420803783,0.99994587866,5.41213400444e-05,0.0855791962175,0.999483204134,0.914420803783,0.955061728395,0.951327207931,0.914366682442,0.913988657845,243,423,0,5,1,5
37,WLNM_dir_neg_kfold,0.831522559227,0.341167064027,00:00:21,10,80,5,13350,threshold_sweep,0.1,0.947368421053,0.595744680851,0.731494920174,252,14,171,832,0.595744680851,0.983451536643,0.016548463357,0.404255319149,0.947368421053,0.595744680851,0.731494920174,0.854215918046,0.596795376937,0.638436482085,0.670794970016,0.579196217494,2154,1731,423,0,2154,0,1731,0,423,144,2115,0.10270979021,3.28340051934,29.375,15.4379562044,16.5234375,23.125947344,0.787266292563,0.431540583136,18.7178045265,1.27440371245,0.622363409509,10.41950078,0.709412819061,0.401704097715,1.12585631727,0.342893384662,4.14543900894,3.28340051934,1.12585631727,4.14543900894,0.506274862896,0.548025908195,16217,0.0332762894383,0.115809519663,144,144,144,1,0,0.0486111111111,0.840277777778,0.111111111111,144,0.0821678321678,3.17652590169,23.5,12.6268656716,13.21875,18.4326405532,0.784367683113,0.432373752298,15.0270152995,1.27889491911,0.625320133964,8.37620672864,0.712868657756,0.405839571841,1.16655614388,0.367242761425,4.12012112432,3.17652590169,1.16655614388,4.12012112432,0.425256424484,0.455876778884,8820,0.018098099084,0.0878467043366,144,144,144,1,0,0.0694444444444,0.819444444444,0.111111111111,144,1958,0.0950854700855,4.02822773446,27.1944444444,13.8865248227,15.296875,21.1545355542,0.777899162361,0.429558932017,16.5615273461,1.21800813985,0.601832936103,10.4776281443,0.770571222054,0.431988423561,1.24511567989,0.309097638457,4.97722900417,4.02822773446,1.24511567989,4.97722900417,0.46438867175,0.522616208609,13368,0.0274303161627,0.112591348956,144,144,144,1,0,0.0208333333333,0.868055555556,0.111111111111,-157,-0.00762432012432,0.744827215127,-2.18055555556,-1.55143138168,-1.2265625,-1.97141178983,-0.00936713020198,-0.00198165111953,-2.15627718048,-0.0563955725922,-0.0205304734062,0.0581273643665,0.0611584029935,0.0302843258467,0.119259362616,-0.0337957462042,0.83178999523,0.744827215127,0.119259362616,0.83178999523,-0.0418861911462,-0.0254096995863,-2849,-0.00584597327555,-0.0032181707072,-0.0277777777778,0.0277777777778,0,1944,14,171,18463,0.91914893617,0.999242301239,0.000757698760621,0.0808510638298,0.992849846782,0.91914893617,0.954578934446,0.950471846427,0.91839123741,0.913104744011,266,423,0,5,1,5
38,WLNM_dir_neg_kfold,0.831522559227,0.341167064027,00:00:21,10,80,5,13350,threshold_sweep,0.2,0.947368421053,0.595744680851,0.731494920174,252,14,171,832,0.595744680851,0.983451536643,0.016548463357,0.404255319149,0.947368421053,0.595744680851,0.731494920174,0.854215918046,0.596795376937,0.638436482085,0.670794970016,0.579196217494,2154,1731,423,0,2154,0,1731,0,423,144,2115,0.10270979021,3.28340051934,29.375,15.4379562044,16.5234375,23.125947344,0.787266292563,0.431540583136,18.7178045265,1.27440371245,0.622363409509,10.41950078,0.709412819061,0.401704097715,1.12585631727,0.342893384662,4.14543900894,3.28340051934,1.12585631727,4.14543900894,0.506274862896,0.548025908195,16217,0.0332762894383,0.115809519663,144,144,144,1,0,0.0486111111111,0.840277777778,0.111111111111,144,0.0821678321678,3.17652590169,23.5,12.6268656716,13.21875,18.4326405532,0.784367683113,0.432373752298,15.0270152995,1.27889491911,0.625320133964,8.37620672864,0.712868657756,0.405839571841,1.16655614388,0.367242761425,4.12012112432,3.17652590169,1.16655614388,4.12012112432,0.425256424484,0.455876778884,8820,0.018098099084,0.0878467043366,144,144,144,1,0,0.0694444444444,0.819444444444,0.111111111111,144,1958,0.0950854700855,4.02822773446,27.1944444444,13.8865248227,15.296875,21.1545355542,0.777899162361,0.429558932017,16.5615273461,1.21800813985,0.601832936103,10.4776281443,0.770571222054,0.431988423561,1.24511567989,0.309097638457,4.97722900417,4.02822773446,1.24511567989,4.97722900417,0.46438867175,0.522616208609,13368,0.0274303161627,0.112591348956,144,144,144,1,0,0.0208333333333,0.868055555556,0.111111111111,-157,-0.00762432012432,0.744827215127,-2.18055555556,-1.55143138168,-1.2265625,-1.97141178983,-0.00936713020198,-0.00198165111953,-2.15627718048,-0.0563955725922,-0.0205304734062,0.0581273643665,0.0611584029935,0.0302843258467,0.119259362616,-0.0337957462042,0.83178999523,0.744827215127,0.119259362616,0.83178999523,-0.0418861911462,-0.0254096995863,-2849,-0.00584597327555,-0.0032181707072,-0.0277777777778,0.0277777777778,0,1944,14,171,18463,0.91914893617,0.999242301239,0.000757698760621,0.0808510638298,0.992849846782,0.91914893617,0.954578934446,0.950471846427,0.91839123741,0.913104744011,266,423,0,5,1,5
39,WLNM_dir_neg_kfold,0.831522559227,0.341167064027,00:00:21,10,80,5,13350,threshold_sweep,0.3,0.968992248062,0.591016548463,0.734214390602,250,8,173,838,0.591016548463,0.990543735225,0.00945626477541,0.408983451537,0.968992248062,0.591016548463,0.734214390602,0.857368006304,0.59889676911,0.644400785855,0.68118436966,0.581560283688,2154,1731,423,0,2154,0,1731,0,423,144,2115,0.10270979021,3.28340051934,29.375,15.4379562044,16.5234375,23.125947344,0.787266292563,0.431540583136,18.7178045265,1.27440371245,0.622363409509,10.41950078,0.709412819061,0.401704097715,1.12585631727,0.342893384662,4.14543900894,3.28340051934,1.12585631727,4.14543900894,0.506274862896,0.548025908195,16217,0.0332762894383,0.115809519663,144,144,144,1,0,0.0486111111111,0.840277777778,0.111111111111,144,0.0821678321678,3.17652590169,23.5,12.6268656716,13.21875,18.4326405532,0.784367683113,0.432373752298,15.0270152995,1.27889491911,0.625320133964,8.37620672864,0.712868657756,0.405839571841,1.16655614388,0.367242761425,4.12012112432,3.17652590169,1.16655614388,4.12012112432,0.425256424484,0.455876778884,8820,0.018098099084,0.0878467043366,144,144,144,1,0,0.0694444444444,0.819444444444,0.111111111111,144,1950,0.094696969697,3.52656189452,27.0833333333,14.1304347826,15.234375,21.1665060655,0.781532531649,0.431264245014,16.6030896948,1.22607431592,0.607200854701,10.3625704887,0.765235974549,0.430854700855,1.22846079394,0.348345167528,4.43629602045,3.52656189452,1.22846079394,4.43629602045,0.462320492409,0.524499980353,13348,0.0273892773893,0.112269098281,144,144,144,1,0,0.0416666666667,0.847222222222,0.111111111111,-165,-0.00801282051282,0.243161375187,-2.29166666667,-1.30752142177,-1.2890625,-1.95944127854,-0.00573376091381,-0.000276338122083,-2.11471483177,-0.0483293965237,-0.0151625548079,-0.0569302912754,0.0558231554879,0.02915060314,0.10260447667,0.00545178286625,0.29085701151,0.243161375187,0.10260447667,0.29085701151,-0.0439543704865,-0.023525927842,-2869,-0.00588701204898,-0.00354042138182,-0.00694444444444,0.00694444444444,0,1942,8,173,18469,0.918203309693,0.99956702928,0.000432970720355,0.0817966903073,0.995897435897,0.918203309693,0.955473554736,0.951571388967,0.917770338972,0.9147432878,258,423,0,5,1,5
40,WLNM_dir_neg_kfold,0.831522559227,0.341167064027,00:00:21,10,80,5,13350,threshold_sweep,0.4,0.968871595331,0.58865248227,0.732352941176,249,8,174,838,0.58865248227,0.990543735225,0.00945626477541,0.41134751773,0.968871595331,0.58865248227,0.732352941176,0.85657998424,0.599159443131,0.642201834862,0.679398000331,0.579196217494,2154,1731,423,0,2154,0,1731,0,423,144,2115,0.10270979021,3.28340051934,29.375,15.4379562044,16.5234375,23.125947344,0.787266292563,0.431540583136,18.7178045265,1.27440371245,0.622363409509,10.41950078,0.709412819061,0.401704097715,1.12585631727,0.342893384662,4.14543900894,3.28340051934,1.12585631727,4.14543900894,0.506274862896,0.548025908195,16217,0.0332762894383,0.115809519663,144,144,144,1,0,0.0486111111111,0.840277777778,0.111111111111,144,0.0821678321678,3.17652590169,23.5,12.6268656716,13.21875,18.4326405532,0.784367683113,0.432373752298,15.0270152995,1.27889491911,0.625320133964,8.37620672864,0.712868657756,0.405839571841,1.16655614388,0.367242761425,4.12012112432,3.17652590169,1.16655614388,4.12012112432,0.425256424484,0.455876778884,8820,0.018098099084,0.0878467043366,144,144,144,1,0,0.0694444444444,0.819444444444,0.111111111111,144,1949,0.0946484071484,3.42220950407,27.0694444444,14.2262773723,15.2265625,21.1695297515,0.782045224272,0.431453451913,16.608580306,1.22710906315,0.607979163104,10.3551704557,0.765081860248,0.43075865116,1.21338465977,0.354561770203,4.3748411224,3.42220950407,1.21338465977,4.3748411224,0.461867762822,0.524605847739,13343,0.0273790176959,0.113117226835,144,144,144,1,0,0.0486111111111,0.840277777778,0.111111111111,-166,-0.00806138306138,0.138808984733,-2.30555555556,-1.21167883212,-1.296875,-1.95641759256,-0.00522106829077,-8.71312236661e-05,-2.10922422049,-0.0472946492995,-0.0143842464052,-0.0643303242338,0.0556690411875,0.0290545534454,0.0875283424937,0.0116683855415,0.22940211346,0.138808984733,0.0875283424937,0.22940211346,-0.0444071000738,-0.0234200604563,-2874,-0.00589727174234,-0.00269229282774,0,0,0,1941,8,174,18469,0.917730496454,0.99956702928,0.000432970720355,0.0822695035461,0.995895330939,0.917730496454,0.955216535433,0.951299608426,0.917297525734,0.914272256241,257,423,0,5,1,5
41,WLNM_dir_neg_kfold,0.831522559227,0.341167064027,00:00:21,10,80,5,13350,threshold_sweep,0.5,0.96875,0.586288416076,0.730486008837,248,8,175,838,0.586288416076,0.990543735225,0.00945626477541,0.413711583924,0.96875,0.586288416076,0.730486008837,0.855791962175,0.599422117153,0.64,0.677610487197,0.5768321513,2154,1731,423,0,2154,0,1731,0,423,144,2115,0.10270979021,3.28340051934,29.375,15.4379562044,16.5234375,23.125947344,0.787266292563,0.431540583136,18.7178045265,1.27440371245,0.622363409509,10.41950078,0.709412819061,0.401704097715,1.12585631727,0.342893384662,4.14543900894,3.28340051934,1.12585631727,4.14543900894,0.506274862896,0.548025908195,16217,0.0332762894383,0.115809519663,144,144,144,1,0,0.0486111111111,0.840277777778,0.111111111111,144,0.0821678321678,3.17652590169,23.5,12.6268656716,13.21875,18.4326405532,0.784367683113,0.432373752298,15.0270152995,1.27889491911,0.625320133964,8.37620672864,0.712868657756,0.405839571841,1.16655614388,0.367242761425,4.12012112432,3.17652590169,1.16655614388,4.12012112432,0.425256424484,0.455876778884,8820,0.018098099084,0.0878467043366,144,144,144,1,0,0.0694444444444,0.819444444444,0.111111111111,144,1948,0.0945998445998,3.40327806242,27.0555555556,14.3235294118,15.21875,21.1745254577,0.782631331087,0.431828228382,16.6140661798,1.22814452253,0.608751140771,10.3410002387,0.764427122366,0.430477127538,1.22829252721,0.360914537302,4.37107426813,3.40327806242,1.22829252721,4.37107426813,0.466517054971,0.524867239232,13343,0.0273790176959,0.113969669724,144,144,144,1,0,0.0555555555556,0.833333333333,0.111111111111,-167,-0.00810994560995,0.119877543085,-2.31944444444,-1.11442679261,-1.3046875,-1.9514218863,-0.00463496147622,0.000287645246059,-2.10373834673,-0.0462591899128,-0.0136122687376,-0.0785005412802,0.0550143033053,0.0287730298235,0.102436209934,0.0180211526403,0.225635259191,0.119877543085,0.102436209934,0.225635259191,-0.0397578079245,-0.0231586689632,-2874,-0.00589727174234,-0.00183984993922,0.00694444444444,-0.00694444444444,0,1940,8,175,18469,0.917257683215,0.99956702928,0.000432970720355,0.0827423167849,0.995893223819,0.917257683215,0.954959389614,0.951027779388,0.916824712495,0.913801224682,256,423,0,5,1,5
42,WLNM_dir_neg_kfold,0.831522559227,0.341167064027,00:00:21,10,80,5,13350,threshold_sweep,0.6,0.97233201581,0.581560283688,0.727810650888,246,7,177,839,0.581560283688,0.991725768322,0.00827423167849,0.418439716312,0.97233201581,0.581560283688,0.727810650888,0.85500394011,0.600210139217,0.637319316689,0.676424962449,0.573286052009,2154,1731,423,0,2154,0,1731,0,423,144,2115,0.10270979021,3.28340051934,29.375,15.4379562044,16.5234375,23.125947344,0.787266292563,0.431540583136,18.7178045265,1.27440371245,0.622363409509,10.41950078,0.709412819061,0.401704097715,1.12585631727,0.342893384662,4.14543900894,3.28340051934,1.12585631727,4.14543900894,0.506274862896,0.548025908195,16217,0.0332762894383,0.115809519663,144,144,144,1,0,0.0486111111111,0.840277777778,0.111111111111,144,0.0821678321678,3.17652590169,23.5,12.6268656716,13.21875,18.4326405532,0.784367683113,0.432373752298,15.0270152995,1.27889491911,0.625320133964,8.37620672864,0.712868657756,0.405839571841,1.16655614388,0.367242761425,4.12012112432,3.17652590169,1.16655614388,4.12012112432,0.425256424484,0.455876778884,8820,0.018098099084,0.0878467043366,144,144,144,1,0,0.0694444444444,0.819444444444,0.111111111111,144,1945,0.0944541569542,3.40499365332,27.0138888889,14.3014705882,15.1953125,21.1216874296,0.781882516676,0.431687375036,16.5782722947,1.22738879714,0.608536846615,10.3322406182,0.764957660166,0.430651956584,1.22879701322,0.36088085275,4.37242399338,3.40499365332,1.22879701322,4.37242399338,0.467358566641,0.525077732443,13341,0.0273749138186,0.114195243739,144,144,144,1,0,0.0555555555556,0.833333333333,0.111111111111,-170,-0.00825563325563,0.121593133986,-2.36111111111,-1.13648561614,-1.328125,-2.0042599144,-0.00538377588731,0.000146791899376,-2.13953223186,-0.0470149153068,-0.0138265628935,-0.0872601617404,0.0555448411053,0.0289478588691,0.102940695946,0.0179874680887,0.226984984439,0.121593133986,0.102940695946,0.226984984439,-0.0389162962551,-0.0229481757519,-2876,-0.00590137561969,-0.00161427592448,0.00694444444444,-0.00694444444444,0,1938,7,177,18470,0.916312056738,0.99962115062,0.000378849380311,0.0836879432624,0.996401028278,0.916312056738,0.954679802956,0.95075897061,0.915933207357,0.91328934967,253,423,0,5,1,5
43,WLNM_dir_neg_kfold,0.831522559227,0.341167064027,00:00:21,10,80,5,13350,threshold_sweep,0.7,0.972111553785,0.5768321513,0.724035608309,244,7,179,839,0.5768321513,0.991725768322,0.00827423167849,0.4231678487,0.972111553785,0.5768321513,0.724035608309,0.853427895981,0.60073548726,0.632894736842,0.672851660932,0.568557919622,2154,1731,423,0,2154,0,1731,0,423,144,2115,0.10270979021,3.28340051934,29.375,15.4379562044,16.5234375,23.125947344,0.787266292563,0.431540583136,18.7178045265,1.27440371245,0.622363409509,10.41950078,0.709412819061,0.401704097715,1.12585631727,0.342893384662,4.14543900894,3.28340051934,1.12585631727,4.14543900894,0.506274862896,0.548025908195,16217,0.0332762894383,0.115809519663,144,144,144,1,0,0.0486111111111,0.840277777778,0.111111111111,144,0.0821678321678,3.17652590169,23.5,12.6268656716,13.21875,18.4326405532,0.784367683113,0.432373752298,15.0270152995,1.27889491911,0.625320133964,8.37620672864,0.712868657756,0.405839571841,1.16655614388,0.367242761425,4.12012112432,3.17652590169,1.16655614388,4.12012112432,0.425256424484,0.455876778884,8820,0.018098099084,0.0878467043366,144,144,144,1,0,0.0694444444444,0.819444444444,0.111111111111,144,1943,0.094357031857,3.40669614402,26.9861111111,14.2867647059,15.1796875,21.1206941608,0.78265052989,0.431931577743,16.5854416436,1.22918352892,0.609227569051,10.3064895896,0.763836593365,0.430130239607,1.23074628251,0.361272690747,4.37190246862,3.40669614402,1.23074628251,4.37190246862,0.468054102423,0.525790261975,13340,0.0273728618799,0.113464669689,144,144,144,1,0,0.0555555555556,0.833333333333,0.111111111111,-172,-0.00835275835276,0.123295624685,-2.38888888889,-1.1511914985,-1.34375,-2.00525318325,-0.00461576267276,0.000390994607139,-2.1323628829,-0.0452201835295,-0.0131358404575,-0.113011190322,0.0544237743037,0.0284261418918,0.104889965234,0.0183793060857,0.226463459682,0.123295624685,0.104889965234,0.226463459682,-0.0382207604725,-0.0222356462194,-2877,-0.00590342755836,-0.00234484997432,0.00694444444444,-0.00694444444444,0,1936,7,179,18470,0.91536643026,0.99962115062,0.000378849380311,0.08463356974,0.996397323726,0.91536643026,0.95416461311,0.950215127005,0.91498758088,0.912346842601,251,423,0,5,1,5
44,WLNM_dir_neg_kfold,0.831522559227,0.341167064027,00:00:21,10,80,5,13350,threshold_sweep,0.8,0.972111553785,0.5768321513,0.724035608309,244,7,179,839,0.5768321513,0.991725768322,0.00827423167849,0.4231678487,0.972111553785,0.5768321513,0.724035608309,0.853427895981,0.60073548726,0.632894736842,0.672851660932,0.568557919622,2154,1731,423,0,2154,0,1731,0,423,144,2115,0.10270979021,3.28340051934,29.375,15.4379562044,16.5234375,23.125947344,0.787266292563,0.431540583136,18.7178045265,1.27440371245,0.622363409509,10.41950078,0.709412819061,0.401704097715,1.12585631727,0.342893384662,4.14543900894,3.28340051934,1.12585631727,4.14543900894,0.506274862896,0.548025908195,16217,0.0332762894383,0.115809519663,144,144,144,1,0,0.0486111111111,0.840277777778,0.111111111111,144,0.0821678321678,3.17652590169,23.5,12.6268656716,13.21875,18.4326405532,0.784367683113,0.432373752298,15.0270152995,1.27889491911,0.625320133964,8.37620672864,0.712868657756,0.405839571841,1.16655614388,0.367242761425,4.12012112432,3.17652590169,1.16655614388,4.12012112432,0.425256424484,0.455876778884,8820,0.018098099084,0.0878467043366,144,144,144,1,0,0.0694444444444,0.819444444444,0.111111111111,144,1943,0.094357031857,3.40669614402,26.9861111111,14.2867647059,15.1796875,21.1206941608,0.78265052989,0.431931577743,16.5854416436,1.22918352892,0.609227569051,10.3064895896,0.763836593365,0.430130239607,1.23074628251,0.361272690747,4.37190246862,3.40669614402,1.23074628251,4.37190246862,0.468054102423,0.525790261975,13340,0.0273728618799,0.113464669689,144,144,144,1,0,0.0555555555556,0.833333333333,0.111111111111,-172,-0.00835275835276,0.123295624685,-2.38888888889,-1.1511914985,-1.34375,-2.00525318325,-0.00461576267276,0.000390994607139,-2.1323628829,-0.0452201835295,-0.0131358404575,-0.113011190322,0.0544237743037,0.0284261418918,0.104889965234,0.0183793060857,0.226463459682,0.123295624685,0.104889965234,0.226463459682,-0.0382207604725,-0.0222356462194,-2877,-0.00590342755836,-0.00234484997432,0.00694444444444,-0.00694444444444,0,1936,7,179,18470,0.91536643026,0.99962115062,0.000378849380311,0.08463356974,0.996397323726,0.91536643026,0.95416461311,0.950215127005,0.91498758088,0.912346842601,251,423,0,5,1,5
45,WLNM_dir_neg_kfold,0.831522559227,0.341167064027,00:00:21,10,80,5,13350,threshold_sweep,0.9,0.983870967742,0.5768321513,0.727272727273,244,4,179,842,0.5768321513,0.995271867612,0.00472813238771,0.4231678487,0.983870967742,0.5768321513,0.727272727273,0.855791962175,0.601523509325,0.63810151615,0.680129562598,0.572104018913,2154,1731,423,0,2154,0,1731,0,423,144,2115,0.10270979021,3.28340051934,29.375,15.4379562044,16.5234375,23.125947344,0.787266292563,0.431540583136,18.7178045265,1.27440371245,0.622363409509,10.41950078,0.709412819061,0.401704097715,1.12585631727,0.342893384662,4.14543900894,3.28340051934,1.12585631727,4.14543900894,0.506274862896,0.548025908195,16217,0.0332762894383,0.115809519663,144,144,144,1,0,0.0486111111111,0.840277777778,0.111111111111,144,0.0821678321678,3.17652590169,23.5,12.6268656716,13.21875,18.4326405532,0.784367683113,0.432373752298,15.0270152995,1.27889491911,0.625320133964,8.37620672864,0.712868657756,0.405839571841,1.16655614388,0.367242761425,4.12012112432,3.17652590169,1.16655614388,4.12012112432,0.425256424484,0.455876778884,8820,0.018098099084,0.0878467043366,144,144,144,1,0,0.0694444444444,0.819444444444,0.111111111111,144,1940,0.0942113442113,3.19384003478,26.9444444444,14.4776119403,15.15625,21.1394893713,0.784558368418,0.432796391753,16.601434113,1.23227139808,0.61136884307,10.2874384971,0.763603682258,0.429911225659,1.16313469,0.364180634387,4.10380912928,3.19384003478,1.16313469,4.10380912928,0.468609346867,0.526259011735,13334,0.0273605502479,0.114258522477,144,144,144,1,0,0.0694444444444,0.819444444444,0.111111111111,-175,-0.00849844599845,-0.0895604845597,-2.43055555556,-0.960344264081,-1.3671875,-1.98645797277,-0.00270792414491,0.00125580861625,-2.11637041356,-0.0421323143683,-0.0109945664389,-0.132062282867,0.0541908631973,0.0282071279439,0.0372783727216,0.0212872497257,-0.041629879658,-0.0895604845597,0.0372783727216,-0.041629879658,-0.0376655160282,-0.0217668964599,-2883,-0.00591573919039,-0.00155099718583,0.0208333333333,-0.0208333333333,0,1936,4,179,18473,0.91536643026,0.99978351464,0.000216485360178,0.08463356974,0.99793814433,0.91536643026,0.95487053021,0.951041798735,0.9151499449,0.913638508731,248,423,0,5,1,5
46,WLNM_dir_neg_kfold,0.843929715138,0.372272664495,00:00:20,10,80,6,13351,threshold_sweep,0.1,0.950191570881,0.586288416076,0.72514619883,248,13,175,833,0.586288416076,0.98463356974,0.01536643026,0.413711583924,0.950191570881,0.586288416076,0.72514619883,0.851851851852,0.598108747045,0.63137254902,0.665857986539,0.570921985816,2154,1731,423,0,2154,0,1731,0,423,144,2115,0.10270979021,3.28340051934,29.375,15.4379562044,16.5234375,23.125947344,0.787266292563,0.431540583136,18.7178045265,1.27440371245,0.622363409509,10.41950078,0.709412819061,0.401704097715,1.12585631727,0.342893384662,4.14543900894,3.28340051934,1.12585631727,4.14543900894,0.506274862896,0.548025908195,16217,0.0332762894383,0.115809519663,144,144,144,1,0,0.0486111111111,0.840277777778,0.111111111111,144,0.0821678321678,3.17652590169,23.5,12.6268656716,13.21875,18.4326405532,0.784367683113,0.432373752298,15.0270152995,1.27889491911,0.625320133964,8.37620672864,0.712868657756,0.405839571841,1.16655614388,0.367242761425,4.12012112432,3.17652590169,1.16655614388,4.12012112432,0.425256424484,0.455876778884,8820,0.018098099084,0.0878467043366,144,144,144,1,0,0.0694444444444,0.819444444444,0.111111111111,144,1953,0.0948426573427,9.47163962335,27.125,13.7535211268,15.2578125,21.0267478673,0.775179644877,0.428838112306,16.5045951431,1.21692867415,0.600681999204,10.4310716249,0.769111271885,0.431896085794,2.27510802282,0.240202131129,10.5898012267,9.47163962335,2.27510802282,10.5898012267,0.468859313868,0.522307622043,13342,0.0273769657572,0.109520953268,144,144,144,1,0,0.0138888888889,0.875,0.111111111111,-162,-0.00786713286713,6.18823910402,-2.25,-1.68443507762,-1.265625,-2.09919947676,-0.0120866476865,-0.00270247083047,-2.21320938339,-0.0574750382962,-0.0216814103053,0.0115708449904,0.0596984528246,0.0301919880792,1.14925170554,-0.102691253532,6.44436221776,6.18823910402,1.14925170554,6.44436221776,-0.0374155490273,-0.0257182861522,-2875,-0.00589932368101,-0.00628856639537,-0.0347222222222,0.0347222222222,0,1940,13,175,18464,0.917257683215,0.999296422579,0.000703577420577,0.0827423167849,0.993343573989,0.917257683215,0.953785644051,0.949656612654,0.916554105795,0.911654135338,261,423,0,5,1,5
47,WLNM_dir_neg_kfold,0.843929715138,0.372272664495,00:00:20,10,80,6,13351,threshold_sweep,0.2,0.957528957529,0.586288416076,0.727272727273,248,11,175,835,0.586288416076,0.986997635934,0.0130023640662,0.413711583924,0.957528957529,0.586288416076,0.727272727273,0.853427895981,0.598634095088,0.634816753927,0.670526848129,0.573286052009,2154,1731,423,0,2154,0,1731,0,423,144,2115,0.10270979021,3.28340051934,29.375,15.4379562044,16.5234375,23.125947344,0.787266292563,0.431540583136,18.7178045265,1.27440371245,0.622363409509,10.41950078,0.709412819061,0.401704097715,1.12585631727,0.342893384662,4.14543900894,3.28340051934,1.12585631727,4.14543900894,0.506274862896,0.548025908195,16217,0.0332762894383,0.115809519663,144,144,144,1,0,0.0486111111111,0.840277777778,0.111111111111,144,0.0821678321678,3.17652590169,23.5,12.6268656716,13.21875,18.4326405532,0.784367683113,0.432373752298,15.0270152995,1.27889491911,0.625320133964,8.37620672864,0.712868657756,0.405839571841,1.16655614388,0.367242761425,4.12012112432,3.17652590169,1.16655614388,4.12012112432,0.425256424484,0.455876778884,8820,0.018098099084,0.0878467043366,144,144,144,1,0,0.0694444444444,0.819444444444,0.111111111111,144,1951,0.0947455322455,5.33504850286,27.0972222222,13.9357142857,15.2421875,21.0401944487,0.776470528092,0.42946992995,16.5156547313,1.21899245582,0.602280169714,10.4184007881,0.768964486663,0.431783558289,1.42971369359,0.267985135061,6.33774206203,5.33504850286,1.42971369359,6.33774206203,0.468269787951,0.522522757846,13336,0.0273646541252,0.111402398525,144,144,144,1,0,0.0277777777778,0.861111111111,0.111111111111,-164,-0.00796425796426,2.05164798352,-2.27777777778,-1.50224191867,-1.28125,-2.08575289533,-0.0107957644711,-0.00207065318588,-2.20214979521,-0.0554112566221,-0.0200832397953,-0.00109999189922,0.0595516676025,0.0300794605745,0.303857376318,-0.074908249601,2.19230305309,2.05164798352,0.303857376318,2.19230305309,-0.0380050749447,-0.0255031503488,-2881,-0.00591163531304,-0.00440712113851,-0.0208333333333,0.0208333333333,0,1940,11,175,18466,0.917257683215,0.99940466526,0.000595334740488,0.0827423167849,0.99436186571,0.917257683215,0.954254795868,0.950204473215,0.916662348475,0.912511759172,259,423,0,5,1,5
48,WLNM_dir_neg_kfold,0.843929715138,0.372272664495,00:00:20,10,80,6,13351,threshold_sweep,0.3,0.97609561753,0.579196217494,0.727002967359,245,6,178,840,0.579196217494,0.992907801418,0.00709219858156,0.420803782506,0.97609561753,0.579196217494,0.727002967359,0.85500394011,0.60073548726,0.636842105263,0.677048240938,0.572104018913,2154,1731,423,0,2154,0,1731,0,423,144,2115,0.10270979021,3.28340051934,29.375,15.4379562044,16.5234375,23.125947344,0.787266292563,0.431540583136,18.7178045265,1.27440371245,0.622363409509,10.41950078,0.709412819061,0.401704097715,1.12585631727,0.342893384662,4.14543900894,3.28340051934,1.12585631727,4.14543900894,0.506274862896,0.548025908195,16217,0.0332762894383,0.115809519663,144,144,144,1,0,0.0486111111111,0.840277777778,0.111111111111,144,0.0821678321678,3.17652590169,23.5,12.6268656716,13.21875,18.4326405532,0.784367683113,0.432373752298,15.0270152995,1.27889491911,0.625320133964,8.37620672864,0.712868657756,0.405839571841,1.16655614388,0.367242761425,4.12012112432,3.17652590169,1.16655614388,4.12012112432,0.425256424484,0.455876778884,8820,0.018098099084,0.0878467043366,144,144,144,1,0,0.0694444444444,0.819444444444,0.111111111111,144,1943,0.094357031857,3.96439090532,26.9861111111,14.1824817518,15.1796875,21.0510488788,0.780069747438,0.430937982501,16.5563232497,1.22702550075,0.607519157088,10.3281789348,0.765444038398,0.430737833819,1.30159291377,0.328321032122,4.81284036326,3.96439090532,1.30159291377,4.81284036326,0.469329949461,0.524463406629,13317,0.0273256672905,0.112110498313,144,144,144,1,0,0.0486111111111,0.840277777778,0.111111111111,-172,-0.00835275835276,0.680990385987,-2.38888888889,-1.25547445255,-1.34375,-2.07489846527,-0.00719654512521,-0.000602600635041,-2.16148127681,-0.0473782116937,-0.0148442524207,-0.0913218451782,0.0560312193375,0.0290337361047,0.175736596497,-0.0145723525394,0.667401354321,0.680990385987,0.175736596497,0.667401354321,-0.0369449134346,-0.0235625015654,-2900,-0.00595062214781,-0.00369902134997,0,0,0,1937,6,178,18471,0.915839243499,0.99967527196,0.000324728040266,0.0841607565012,0.996911991765,0.915839243499,0.954657466732,0.950762348867,0.915514515459,0.913248467704,251,423,0,5,1,5
49,WLNM_dir_neg_kfold,0.843929715138,0.372272664495,00:00:20,10,80,6,13351,threshold_sweep,0.4,0.976,0.5768321513,0.725111441308,244,6,179,840,0.5768321513,0.992907801418,0.00709219858156,0.4231678487,0.976,0.5768321513,0.725111441308,0.854215918046,0.600998161282,0.634628044766,0.675266094463,0.569739952719,2154,1731,423,0,2154,0,1731,0,423,144,2115,0.10270979021,3.28340051934,29.375,15.4379562044,16.5234375,23.125947344,0.787266292563,0.431540583136,18.7178045265,1.27440371245,0.622363409509,10.41950078,0.709412819061,0.401704097715,1.12585631727,0.342893384662,4.14543900894,3.28340051934,1.12585631727,4.14543900894,0.506274862896,0.548025908195,16217,0.0332762894383,0.115809519663,144,144,144,1,0,0.0486111111111,0.840277777778,0.111111111111,144,0.0821678321678,3.17652590169,23.5,12.6268656716,13.21875,18.4326405532,0.784367683113,0.432373752298,15.0270152995,1.27889491911,0.625320133964,8.37620672864,0.712868657756,0.405839571841,1.16655614388,0.367242761425,4.12012112432,3.17652590169,1.16655614388,4.12012112432,0.425256424484,0.455876778884,8820,0.018098099084,0.0878467043366,144,144,144,1,0,0.0694444444444,0.819444444444,0.111111111111,144,1942,0.0943084693085,3.94925733828,26.9722222222,14.2794117647,15.171875,21.0560173432,0.780655637852,0.431313651448,16.5618088397,1.22806409522,0.608293282984,10.313943384,0.764782619614,0.430455429683,1.32117981473,0.334538800985,4.80983774874,3.94925733828,1.32117981473,4.80983774874,0.473978645776,0.524725166476,13317,0.0273256672905,0.112945433075,144,144,144,1,0,0.0555555555556,0.833333333333,0.111111111111,-173,-0.00840132090132,0.665856818946,-2.40277777778,-1.15854443967,-1.3515625,-2.06993000087,-0.00661065471134,-0.000226931688794,-2.15599568682,-0.0463396172237,-0.0140701265245,-0.105557396001,0.0553698005527,0.0287513319683,0.195323497455,-0.00835458367669,0.664398739801,0.665856818946,0.195323497455,0.664398739801,-0.0322962171193,-0.0233007417187,-2900,-0.00595062214781,-0.00286408658812,0.00694444444444,-0.00694444444444,0,1936,6,179,18471,0.91536643026,0.99967527196,0.000324728040266,0.08463356974,0.996910401648,0.91536643026,0.95439980281,0.950490480278,0.91504170222,0.912776991985,250,423,0,5,1,5
50,WLNM_dir_neg_kfold,0.843929715138,0.372272664495,00:00:20,10,80,6,13351,threshold_sweep,0.5,0.979838709677,0.574468085106,0.724292101341,243,5,180,841,0.574468085106,0.994089834515,0.00591016548463,0.425531914894,0.979838709677,0.574468085106,0.724292101341,0.854215918046,0.601523509325,0.634146341463,0.675913883491,0.568557919622,2154,1731,423,0,2154,0,1731,0,423,144,2115,0.10270979021,3.28340051934,29.375,15.4379562044,16.5234375,23.125947344,0.787266292563,0.431540583136,18.7178045265,1.27440371245,0.622363409509,10.41950078,0.709412819061,0.401704097715,1.12585631727,0.342893384662,4.14543900894,3.28340051934,1.12585631727,4.14543900894,0.506274862896,0.548025908195,16217,0.0332762894383,0.115809519663,144,144,144,1,0,0.0486111111111,0.840277777778,0.111111111111,144,0.0821678321678,3.17652590169,23.5,12.6268656716,13.21875,18.4326405532,0.784367683113,0.432373752298,15.0270152995,1.27889491911,0.625320133964,8.37620672864,0.712868657756,0.405839571841,1.16655614388,0.367242761425,4.12012112432,3.17652590169,1.16655614388,4.12012112432,0.425256424484,0.455876778884,8820,0.018098099084,0.0878467043366,144,144,144,1,0,0.0694444444444,0.819444444444,0.111111111111,144,1940,0.0942113442113,3.94835118452,26.9444444444,14.2647058824,15.15625,21.0253851824,0.780323573779,0.431124713631,16.5486967118,1.22835686933,0.608340492554,10.3078111765,0.765115881144,0.430605670103,1.32006175241,0.334332406294,4.80654211884,3.94835118452,1.32006175241,4.80654211884,0.473210057685,0.523444384527,13266,0.0272210184182,0.112926492136,144,144,144,1,0,0.0555555555556,0.833333333333,0.111111111111,-175,-0.00849844599845,0.66495066518,-2.43055555556,-1.17325032203,-1.3671875,-2.10056216168,-0.00694271878466,-0.000415869505171,-2.16910781473,-0.0460468431152,-0.0140229169544,-0.111689603427,0.0557030620836,0.0289015723884,0.194205435138,-0.00856097836769,0.661103109899,0.66495066518,0.194205435138,0.661103109899,-0.0330648052104,-0.0245815236675,-2951,-0.00605527102006,-0.00288302752673,0.00694444444444,-0.00694444444444,0,1935,5,180,18472,0.914893617021,0.9997293933,0.000270606700222,0.0851063829787,0.997422680412,0.914893617021,0.954377311961,0.95049419797,0.914623010321,0.912735849057,248,423,0,5,1,5
51,WLNM_dir_neg_kfold,0.843929715138,0.372272664495,00:00:20,10,80,6,13351,threshold_sweep,0.6,0.983673469388,0.569739952719,0.721556886228,241,4,182,842,0.569739952719,0.995271867612,0.00472813238771,0.430260047281,0.983673469388,0.569739952719,0.721556886228,0.853427895981,0.60231153139,0.63143989432,0.674807464982,0.565011820331,2154,1731,423,0,2154,0,1731,0,423,144,2115,0.10270979021,3.28340051934,29.375,15.4379562044,16.5234375,23.125947344,0.787266292563,0.431540583136,18.7178045265,1.27440371245,0.622363409509,10.41950078,0.709412819061,0.401704097715,1.12585631727,0.342893384662,4.14543900894,3.28340051934,1.12585631727,4.14543900894,0.506274862896,0.548025908195,16217,0.0332762894383,0.115809519663,144,144,144,1,0,0.0486111111111,0.840277777778,0.111111111111,144,0.0821678321678,3.17652590169,23.5,12.6268656716,13.21875,18.4326405532,0.784367683113,0.432373752298,15.0270152995,1.27889491911,0.625320133964,8.37620672864,0.712868657756,0.405839571841,1.16655614388,0.367242761425,4.12012112432,3.17652590169,1.16655614388,4.12012112432,0.425256424484,0.455876778884,8820,0.018098099084,0.0878467043366,144,144,144,1,0,0.0694444444444,0.819444444444,0.111111111111,144,1937,0.0940656565657,3.89262662294,26.9027777778,14.3481481481,15.1328125,20.9962765412,0.780450134726,0.43112918029,16.5427312164,1.22981584676,0.60922890495,10.2846411805,0.764578384094,0.430272328343,1.34505764856,0.345539857492,4.76622934328,3.89262662294,1.34505764856,4.76622934328,0.468170067359,0.521092007864,13164,0.0270117206737,0.113544160008,144,144,144,1,0,0.0625,0.826388888889,0.111111111111,-178,-0.00864413364413,0.6092261036,-2.47222222222,-1.08980805623,-1.390625,-2.12967080286,-0.00681615783687,-0.000411402846074,-2.1750733101,-0.0445878656885,-0.0131345045584,-0.13485959947,0.0551655650331,0.0285682306281,0.219201331284,0.00264647283034,0.620790334339,0.6092261036,0.219201331284,0.620790334339,-0.0381047955369,-0.0269339003307,-3053,-0.00626456876457,-0.00226535965488,0.0138888888889,-0.0138888888889,0,1933,4,182,18473,0.913947990544,0.99978351464,0.000216485360178,0.0860520094563,0.997934950955,0.913947990544,0.954096742349,0.950226368347,0.913731505184,0.912222746579,245,423,0,5,1,5
52,WLNM_dir_neg_kfold,0.843929715138,0.372272664495,00:00:20,10,80,6,13351,threshold_sweep,0.7,0.987704918033,0.569739952719,0.72263868066,241,3,182,843,0.569739952719,0.996453900709,0.00354609929078,0.430260047281,0.987704918033,0.569739952719,0.72263868066,0.854215918046,0.602574205411,0.633179114342,0.677272855348,0.566193853428,2154,1731,423,0,2154,0,1731,0,423,144,2115,0.10270979021,3.28340051934,29.375,15.4379562044,16.5234375,23.125947344,0.787266292563,0.431540583136,18.7178045265,1.27440371245,0.622363409509,10.41950078,0.709412819061,0.401704097715,1.12585631727,0.342893384662,4.14543900894,3.28340051934,1.12585631727,4.14543900894,0.506274862896,0.548025908195,16217,0.0332762894383,0.115809519663,144,144,144,1,0,0.0486111111111,0.840277777778,0.111111111111,144,0.0821678321678,3.17652590169,23.5,12.6268656716,13.21875,18.4326405532,0.784367683113,0.432373752298,15.0270152995,1.27889491911,0.625320133964,8.37620672864,0.712868657756,0.405839571841,1.16655614388,0.367242761425,4.12012112432,3.17652590169,1.16655614388,4.12012112432,0.425256424484,0.455876778884,8820,0.018098099084,0.0878467043366,144,144,144,1,0,0.0694444444444,0.819444444444,0.111111111111,144,1936,0.0940170940171,3.89049067956,26.8888888889,14.3407407407,15.125,20.9902112088,0.780627689583,0.431229912764,16.5452453516,1.230638084,0.609389348026,10.2730401311,0.764110422975,0.430031852617,1.34457496562,0.345605497189,4.76575416285,3.89049067956,1.34457496562,4.76575416285,0.467655566671,0.521303291246,13157,0.026997357103,0.113705985168,144,144,144,1,0,0.0625,0.826388888889,0.111111111111,-179,-0.0086926961927,0.607090160228,-2.48611111111,-1.09721546364,-1.3984375,-2.13573613527,-0.00663860298063,-0.000310670372324,-2.17255917492,-0.0437656284407,-0.0129740614831,-0.146460648848,0.0546976039142,0.0283277549023,0.218718648346,0.00271211252768,0.620315153915,0.607090160228,0.218718648346,0.620315153915,-0.0386192962249,-0.0267226169486,-3060,-0.00627893233527,-0.00210353449466,0.0138888888889,-0.0138888888889,0,1933,3,182,18474,0.913947990544,0.99983763598,0.000162364020133,0.0860520094563,0.998450413223,0.913947990544,0.954332263639,0.950502568402,0.913785626524,0.912653446648,244,423,0,5,1,5
53,WLNM_dir_neg_kfold,0.843929715138,0.372272664495,00:00:20,10,80,6,13351,threshold_sweep,0.8,0.991769547325,0.569739952719,0.723723723724,241,2,182,844,0.569739952719,0.997635933806,0.00236406619385,0.430260047281,0.991769547325,0.569739952719,0.723723723724,0.85500394011,0.602836879433,0.634920634921,0.679750322579,0.567375886525,2154,1731,423,0,2154,0,1731,0,423,144,2115,0.10270979021,3.28340051934,29.375,15.4379562044,16.5234375,23.125947344,0.787266292563,0.431540583136,18.7178045265,1.27440371245,0.622363409509,10.41950078,0.709412819061,0.401704097715,1.12585631727,0.342893384662,4.14543900894,3.28340051934,1.12585631727,4.14543900894,0.506274862896,0.548025908195,16217,0.0332762894383,0.115809519663,144,144,144,1,0,0.0486111111111,0.840277777778,0.111111111111,144,0.0821678321678,3.17652590169,23.5,12.6268656716,13.21875,18.4326405532,0.784367683113,0.432373752298,15.0270152995,1.27889491911,0.625320133964,8.37620672864,0.712868657756,0.405839571841,1.16655614388,0.367242761425,4.12012112432,3.17652590169,1.16655614388,4.12012112432,0.425256424484,0.455876778884,8820,0.018098099084,0.0878467043366,144,144,144,1,0,0.0694444444444,0.819444444444,0.111111111111,144,1935,0.0939685314685,3.39861123221,26.875,14.4402985075,15.1171875,20.9887998771,0.780978600077,0.431319982773,16.5507140741,1.23168104738,0.610152885444,10.2655093307,0.763944880422,0.429934682745,1.23483927355,0.363336430436,4.30038894231,3.39861123221,1.23483927355,4.30038894231,0.465373059992,0.521180560145,13144,0.0269706819003,0.114571795346,144,144,144,1,0,0.0694444444444,0.819444444444,0.111111111111,-180,-0.00874125874126,0.115210712872,-2.5,-0.997657696917,-1.40625,-2.13714746697,-0.00628769248611,-0.000220600362857,-2.16709045241,-0.042722665068,-0.0122105240652,-0.15399144928,0.0545320613615,0.02823058503,0.108982956275,0.0204430457741,0.154949933376,0.115210712872,0.108982956275,0.154949933376,-0.0409018029037,-0.02684534805,-3073,-0.006305607538,-0.00123772431722,0.0208333333333,-0.0208333333333,0,1933,2,182,18475,0.913947990544,0.99989175732,0.000108242680089,0.0860520094563,0.998966408269,0.913947990544,0.954567901235,0.950778973605,0.913839747864,0.913084553614,243,423,0,5,1,5
54,WLNM_dir_neg_kfold,0.843929715138,0.372272664495,00:00:20,10,80,6,13351,threshold_sweep,0.9,0.991769547325,0.569739952719,0.723723723724,241,2,182,844,0.569739952719,0.997635933806,0.00236406619385,0.430260047281,0.991769547325,0.569739952719,0.723723723724,0.85500394011,0.602836879433,0.634920634921,0.679750322579,0.567375886525,2154,1731,423,0,2154,0,1731,0,423,144,2115,0.10270979021,3.28340051934,29.375,15.4379562044,16.5234375,23.125947344,0.787266292563,0.431540583136,18.7178045265,1.27440371245,0.622363409509,10.41950078,0.709412819061,0.401704097715,1.12585631727,0.342893384662,4.14543900894,3.28340051934,1.12585631727,4.14543900894,0.506274862896,0.548025908195,16217,0.0332762894383,0.115809519663,144,144,144,1,0,0.0486111111111,0.840277777778,0.111111111111,144,0.0821678321678,3.17652590169,23.5,12.6268656716,13.21875,18.4326405532,0.784367683113,0.432373752298,15.0270152995,1.27889491911,0.625320133964,8.37620672864,0.712868657756,0.405839571841,1.16655614388,0.367242761425,4.12012112432,3.17652590169,1.16655614388,4.12012112432,0.425256424484,0.455876778884,8820,0.018098099084,0.0878467043366,144,144,144,1,0,0.0694444444444,0.819444444444,0.111111111111,144,1935,0.0939685314685,3.39861123221,26.875,14.4402985075,15.1171875,20.9887998771,0.780978600077,0.431319982773,16.5507140741,1.23168104738,0.610152885444,10.2655093307,0.763944880422,0.429934682745,1.23483927355,0.363336430436,4.30038894231,3.39861123221,1.23483927355,4.30038894231,0.465373059992,0.521180560145,13144,0.0269706819003,0.114571795346,144,144,144,1,0,0.0694444444444,0.819444444444,0.111111111111,-180,-0.00874125874126,0.115210712872,-2.5,-0.997657696917,-1.40625,-2.13714746697,-0.00628769248611,-0.000220600362857,-2.16709045241,-0.042722665068,-0.0122105240652,-0.15399144928,0.0545320613615,0.02823058503,0.108982956275,0.0204430457741,0.154949933376,0.115210712872,0.108982956275,0.154949933376,-0.0409018029037,-0.02684534805,-3073,-0.006305607538,-0.00123772431722,0.0208333333333,-0.0208333333333,0,1933,2,182,18475,0.913947990544,0.99989175732,0.000108242680089,0.0860520094563,0.998966408269,0.913947990544,0.954567901235,0.950778973605,0.913839747864,0.913084553614,243,423,0,5,1,5
55,WLNM_dir_neg_kfold,0.847003560071,0.306877167772,00:00:21,10,80,7,13352,threshold_sweep,0.1,0.954022988506,0.58865248227,0.728070175439,249,12,174,834,0.58865248227,0.985815602837,0.0141843971631,0.41134751773,0.954022988506,0.58865248227,0.728070175439,0.853427895981,0.598108747045,0.635294117647,0.66999375043,0.574468085106,2154,1731,423,0,2154,0,1731,0,423,144,2115,0.10270979021,3.28340051934,29.375,15.4379562044,16.5234375,23.125947344,0.787266292563,0.431540583136,18.7178045265,1.27440371245,0.622363409509,10.41950078,0.709412819061,0.401704097715,1.12585631727,0.342893384662,4.14543900894,3.28340051934,1.12585631727,4.14543900894,0.506274862896,0.548025908195,16217,0.0332762894383,0.115809519663,144,144,144,1,0,0.0486111111111,0.840277777778,0.111111111111,144,0.0821678321678,3.17652590169,23.5,12.6268656716,13.21875,18.4326405532,0.784367683113,0.432373752298,15.0270152995,1.27889491911,0.625320133964,8.37620672864,0.712868657756,0.405839571841,1.16655614388,0.367242761425,4.12012112432,3.17652590169,1.16655614388,4.12012112432,0.425256424484,0.455876778884,8820,0.018098099084,0.0878467043366,144,144,144,1,0,0.0694444444444,0.819444444444,0.111111111111,144,1953,0.0948426573427,4.26994143385,27.125,13.8510638298,15.2578125,21.0407114533,0.775694431459,0.428439864596,16.5219577355,1.21820886529,0.601841184502,10.3880773173,0.765941184684,0.429478153268,1.32417618328,0.310115771794,5.31235350018,4.26994143385,1.32417618328,5.31235350018,0.460506175062,0.522042582112,13314,0.0273195114744,0.11046633866,144,144,144,1,0,0.0208333333333,0.868055555556,0.111111111111,-162,-0.00786713286713,0.986540914517,-2.25,-1.58689237459,-1.265625,-2.08523589073,-0.0115718611046,-0.00310071854055,-2.19584679107,-0.0561948471572,-0.0205222250063,-0.0314234626822,0.0565283656229,0.0277740555537,0.198319866002,-0.0327776128671,1.16691449124,0.986540914517,0.198319866002,1.16691449124,-0.045768687834,-0.0259833260825,-2903,-0.00595677796382,-0.00534318100327,-0.0277777777778,0.0277777777778,0,1941,12,174,18465,0.917730496454,0.999350543919,0.000649456080533,0.0822695035461,0.993855606759,0.917730496454,0.954277286136,0.950202578139,0.917081040373,0.912552891396,261,423,0,5,1,5
56,WLNM_dir_neg_kfold,0.847003560071,0.306877167772,00:00:21,10,80,7,13352,threshold_sweep,0.2,0.96138996139,0.58865248227,0.730205278592,249,10,174,836,0.58865248227,0.988179669031,0.0118203309693,0.41134751773,0.96138996139,0.58865248227,0.730205278592,0.85500394011,0.598634095088,0.638743455497,0.67467443688,0.5768321513,2154,1731,423,0,2154,0,1731,0,423,144,2115,0.10270979021,3.28340051934,29.375,15.4379562044,16.5234375,23.125947344,0.787266292563,0.431540583136,18.7178045265,1.27440371245,0.622363409509,10.41950078,0.709412819061,0.401704097715,1.12585631727,0.342893384662,4.14543900894,3.28340051934,1.12585631727,4.14543900894,0.506274862896,0.548025908195,16217,0.0332762894383,0.115809519663,144,144,144,1,0,0.0486111111111,0.840277777778,0.111111111111,144,0.0821678321678,3.17652590169,23.5,12.6268656716,13.21875,18.4326405532,0.784367683113,0.432373752298,15.0270152995,1.27889491911,0.625320133964,8.37620672864,0.712868657756,0.405839571841,1.16655614388,0.367242761425,4.12012112432,3.17652590169,1.16655614388,4.12012112432,0.425256424484,0.455876778884,8820,0.018098099084,0.0878467043366,144,144,144,1,0,0.0694444444444,0.819444444444,0.111111111111,144,1951,0.0947455322455,4.00460857824,27.0972222222,13.8368794326,15.2421875,21.0594627484,0.777181608347,0.42919229455,16.5321597424,1.22021066269,0.60308460049,10.3868056843,0.766632505658,0.429776040777,1.23130570419,0.307472173655,5.02694311695,4.00460857824,1.23130570419,5.02694311695,0.457594272582,0.521913132185,13302,0.0272948882104,0.110524269584,144,144,144,1,0,0.0208333333333,0.868055555556,0.111111111111,-164,-0.00796425796426,0.721208058908,-2.27777777778,-1.60107677176,-1.28125,-2.06648459565,-0.0100846842165,-0.00234828858652,-2.18564478409,-0.054193049753,-0.019278809019,-0.0326950956641,0.0572196865968,0.0280719430621,0.105449386915,-0.0354212110067,0.881504108014,0.721208058908,0.105449386915,0.881504108014,-0.0486805903134,-0.0261127760098,-2915,-0.00598140122788,-0.00528525007908,-0.0277777777778,0.0277777777778,0,1941,10,174,18467,0.917730496454,0.9994587866,0.000541213400444,0.0822695035461,0.994874423373,0.917730496454,0.954746679784,0.950750689163,0.917189283053,0.913411764706,259,423,0,5,1,5
57,WLNM_dir_neg_kfold,0.847003560071,0.306877167772,00:00:21,10,80,7,13352,threshold_sweep,0.3,0.972440944882,0.583924349882,0.729689807976,247,7,176,839,0.583924349882,0.991725768322,0.00827423167849,0.416075650118,0.972440944882,0.583924349882,0.729689807976,0.855791962175,0.599947465196,0.639527248851,0.678209835901,0.575650118203,2154,1731,423,0,2154,0,1731,0,423,144,2115,0.10270979021,3.28340051934,29.375,15.4379562044,16.5234375,23.125947344,0.787266292563,0.431540583136,18.7178045265,1.27440371245,0.622363409509,10.41950078,0.709412819061,0.401704097715,1.12585631727,0.342893384662,4.14543900894,3.28340051934,1.12585631727,4.14543900894,0.506274862896,0.548025908195,16217,0.0332762894383,0.115809519663,144,144,144,1,0,0.0486111111111,0.840277777778,0.111111111111,144,0.0821678321678,3.17652590169,23.5,12.6268656716,13.21875,18.4326405532,0.784367683113,0.432373752298,15.0270152995,1.27889491911,0.625320133964,8.37620672864,0.712868657756,0.405839571841,1.16655614388,0.367242761425,4.12012112432,3.17652590169,1.16655614388,4.12012112432,0.425256424484,0.455876778884,8820,0.018098099084,0.0878467043366,144,144,144,1,0,0.0694444444444,0.819444444444,0.111111111111,144,1946,0.0945027195027,3.53981904895,27.0277777778,14.1014492754,15.203125,21.0629905913,0.779309004406,0.430202266758,16.5584305999,1.22528982856,0.606586159644,10.308517838,0.762809130867,0.429013931712,1.22106893741,0.344952360707,4.47832678738,3.53981904895,1.22106893741,4.47832678738,0.459483835362,0.523305251555,13293,0.0272764207623,0.111399048449,144,144,144,1,0,0.0416666666667,0.847222222222,0.111111111111,-169,-0.00820707070707,0.256418529615,-2.34722222222,-1.33650692902,-1.3203125,-2.06295675273,-0.00795728815707,-0.00133831637831,-2.15937392664,-0.0491138838813,-0.0157772498651,-0.110982941996,0.0533963118057,0.027309833997,0.0952126201376,0.0020589760457,0.332887778443,0.256418529615,0.0952126201376,0.332887778443,-0.0467910275339,-0.0247206566399,-2924,-0.00599986867593,-0.00441047121357,-0.00694444444444,0.00694444444444,0,1939,7,176,18470,0.916784869976,0.99962115062,0.000378849380311,0.0832151300236,0.996402877698,0.916784869976,0.954937207584,0.951030819521,0.916406020596,0.913760603205,254,423,0,5,1,5
58,WLNM_dir_neg_kfold,0.847003560071,0.306877167772,00:00:21,10,80,7,13352,threshold_sweep,0.4,0.98,0.579196217494,0.72808320951,245,5,178,841,0.579196217494,0.994089834515,0.00591016548463,0.420803782506,0.98,0.579196217494,0.72808320951,0.855791962175,0.600998161282,0.63857801185,0.679468995466,0.573286052009,2154,1731,423,0,2154,0,1731,0,423,144,2115,0.10270979021,3.28340051934,29.375,15.4379562044,16.5234375,23.125947344,0.787266292563,0.431540583136,18.7178045265,1.27440371245,0.622363409509,10.41950078,0.709412819061,0.401704097715,1.12585631727,0.342893384662,4.14543900894,3.28340051934,1.12585631727,4.14543900894,0.506274862896,0.548025908195,16217,0.0332762894383,0.115809519663,144,144,144,1,0,0.0486111111111,0.840277777778,0.111111111111,144,0.0821678321678,3.17652590169,23.5,12.6268656716,13.21875,18.4326405532,0.784367683113,0.432373752298,15.0270152995,1.27889491911,0.625320133964,8.37620672864,0.712868657756,0.405839571841,1.16655614388,0.367242761425,4.12012112432,3.17652590169,1.16655614388,4.12012112432,0.425256424484,0.455876778884,8820,0.018098099084,0.0878467043366,144,144,144,1,0,0.0694444444444,0.819444444444,0.111111111111,144,1942,0.0943084693085,3.40250259095,26.9722222222,14.2794117647,15.171875,21.0812429287,0.781590880982,0.431385169928,16.5782679007,1.22928454053,0.609137201053,10.2793064656,0.762214279634,0.428932086051,1.21746773853,0.357815374417,4.37297933715,3.40250259095,1.21746773853,4.37297933715,0.465699184932,0.524148903996,13287,0.0272641091303,0.112869220099,144,144,144,1,0,0.0555555555556,0.833333333333,0.111111111111,-173,-0.00840132090132,0.119102071615,-2.40277777778,-1.15854443967,-1.3515625,-2.04470441534,-0.00567541158154,-0.000155413208418,-2.13953662579,-0.045119171916,-0.013226208456,-0.140194314335,0.0528014605732,0.0272279883363,0.0916114212599,0.014921989755,0.22754032821,0.119102071615,0.0916114212599,0.22754032821,-0.0405756779641,-0.0238770041988,-2930,-0.00601218030795,-0.00294029956362,0.00694444444444,-0.00694444444444,0,1937,5,178,18472,0.915839243499,0.9997293933,0.000270606700222,0.0841607565012,0.997425334706,0.915839243499,0.954892777915,0.951037828338,0.915568636799,0.913679245283,250,423,0,5,1,5
59,WLNM_dir_neg_kfold,0.847003560071,0.306877167772,00:00:21,10,80,7,13352,threshold_sweep,0.5,0.983935742972,0.579196217494,0.729166666667,245,4,178,842,0.579196217494,0.995271867612,0.00472813238771,0.420803782506,0.983935742972,0.579196217494,0.729166666667,0.85657998424,0.601260835303,0.640316205534,0.681901289955,0.574468085106,2154,1731,423,0,2154,0,1731,0,423,144,2115,0.10270979021,3.28340051934,29.375,15.4379562044,16.5234375,23.125947344,0.787266292563,0.431540583136,18.7178045265,1.27440371245,0.622363409509,10.41950078,0.709412819061,0.401704097715,1.12585631727,0.342893384662,4.14543900894,3.28340051934,1.12585631727,4.14543900894,0.506274862896,0.548025908195,16217,0.0332762894383,0.115809519663,144,144,144,1,0,0.0486111111111,0.840277777778,0.111111111111,144,0.0821678321678,3.17652590169,23.5,12.6268656716,13.21875,18.4326405532,0.784367683113,0.432373752298,15.0270152995,1.27889491911,0.625320133964,8.37620672864,0.712868657756,0.405839571841,1.16655614388,0.367242761425,4.12012112432,3.17652590169,1.16655614388,4.12012112432,0.425256424484,0.455876778884,8820,0.018098099084,0.0878467043366,144,144,144,1,0,0.0694444444444,0.819444444444,0.111111111111,144,1941,0.0942599067599,3.39086309418,26.9583333333,14.3777777778,15.1640625,21.0888480124,0.782275660429,0.431696863014,16.5837433036,1.23032407816,0.609905403858,10.2813353531,0.762757491422,0.429192426584,1.22194059239,0.360362703669,4.33021602316,3.39086309418,1.22194059239,4.33021602316,0.466225033082,0.524316289349,13286,0.0272620571916,0.114363840983,144,144,144,1,0,0.0625,0.826388888889,0.111111111111,-174,-0.00844988344988,0.107462574846,-2.41666666667,-1.0601784266,-1.359375,-2.03709933166,-0.00499063213463,0.000156279878155,-2.13406122299,-0.0440796342838,-0.0124580056505,-0.138165426834,0.0533446723609,0.0274883288695,0.0960842751148,0.017469319007,0.184777014226,0.107462574846,0.0960842751148,0.184777014226,-0.040049829814,-0.0237096188462,-2931,-0.00601423224663,-0.00144567867965,0.0138888888889,-0.0138888888889,0,1937,4,178,18473,0.915839243499,0.99978351464,0.000216485360178,0.0841607565012,0.997939206595,0.915839243499,0.955128205128,0.951313511795,0.915622758139,0.914110429448,249,423,0,5,1,5
60,WLNM_dir_neg_kfold,0.847003560071,0.306877167772,00:00:21,10,80,7,13352,threshold_sweep,0.6,0.983935742972,0.579196217494,0.729166666667,245,4,178,842,0.579196217494,0.995271867612,0.00472813238771,0.420803782506,0.983935742972,0.579196217494,0.729166666667,0.85657998424,0.601260835303,0.640316205534,0.681901289955,0.574468085106,2154,1731,423,0,2154,0,1731,0,423,144,2115,0.10270979021,3.28340051934,29.375,15.4379562044,16.5234375,23.125947344,0.787266292563,0.431540583136,18.7178045265,1.27440371245,0.622363409509,10.41950078,0.709412819061,0.401704097715,1.12585631727,0.342893384662,4.14543900894,3.28340051934,1.12585631727,4.14543900894,0.506274862896,0.548025908195,16217,0.0332762894383,0.115809519663,144,144,144,1,0,0.0486111111111,0.840277777778,0.111111111111,144,0.0821678321678,3.17652590169,23.5,12.6268656716,13.21875,18.4326405532,0.784367683113,0.432373752298,15.0270152995,1.27889491911,0.625320133964,8.37620672864,0.712868657756,0.405839571841,1.16655614388,0.367242761425,4.12012112432,3.17652590169,1.16655614388,4.12012112432,0.425256424484,0.455876778884,8820,0.018098099084,0.0878467043366,144,144,144,1,0,0.0694444444444,0.819444444444,0.111111111111,144,1941,0.0942599067599,3.39086309418,26.9583333333,14.3777777778,15.1640625,21.0888480124,0.782275660429,0.431696863014,16.5837433036,1.23032407816,0.609905403858,10.2813353531,0.762757491422,0.429192426584,1.22194059239,0.360362703669,4.33021602316,3.39086309418,1.22194059239,4.33021602316,0.466225033082,0.524316289349,13286,0.0272620571916,0.114363840983,144,144,144,1,0,0.0625,0.826388888889,0.111111111111,-174,-0.00844988344988,0.107462574846,-2.41666666667,-1.0601784266,-1.359375,-2.03709933166,-0.00499063213463,0.000156279878155,-2.13406122299,-0.0440796342838,-0.0124580056505,-0.138165426834,0.0533446723609,0.0274883288695,0.0960842751148,0.017469319007,0.184777014226,0.107462574846,0.0960842751148,0.184777014226,-0.040049829814,-0.0237096188462,-2931,-0.00601423224663,-0.00144567867965,0.0138888888889,-0.0138888888889,0,1937,4,178,18473,0.915839243499,0.99978351464,0.000216485360178,0.0841607565012,0.997939206595,0.915839243499,0.955128205128,0.951313511795,0.915622758139,0.914110429448,249,423,0,5,1,5
61,WLNM_dir_neg_kfold,0.847003560071,0.306877167772,00:00:21,10,80,7,13352,threshold_sweep,0.7,0.983935742972,0.579196217494,0.729166666667,245,4,178,842,0.579196217494,0.995271867612,0.00472813238771,0.420803782506,0.983935742972,0.579196217494,0.729166666667,0.85657998424,0.601260835303,0.640316205534,0.681901289955,0.574468085106,2154,1731,423,0,2154,0,1731,0,423,144,2115,0.10270979021,3.28340051934,29.375,15.4379562044,16.5234375,23.125947344,0.787266292563,0.431540583136,18.7178045265,1.27440371245,0.622363409509,10.41950078,0.709412819061,0.401704097715,1.12585631727,0.342893384662,4.14543900894,3.28340051934,1.12585631727,4.14543900894,0.506274862896,0.548025908195,16217,0.0332762894383,0.115809519663,144,144,144,1,0,0.0486111111111,0.840277777778,0.111111111111,144,0.0821678321678,3.17652590169,23.5,12.6268656716,13.21875,18.4326405532,0.784367683113,0.432373752298,15.0270152995,1.27889491911,0.625320133964,8.37620672864,0.712868657756,0.405839571841,1.16655614388,0.367242761425,4.12012112432,3.17652590169,1.16655614388,4.12012112432,0.425256424484,0.455876778884,8820,0.018098099084,0.0878467043366,144,144,144,1,0,0.0694444444444,0.819444444444,0.111111111111,144,1941,0.0942599067599,3.39086309418,26.9583333333,14.3777777778,15.1640625,21.0888480124,0.782275660429,0.431696863014,16.5837433036,1.23032407816,0.609905403858,10.2813353531,0.762757491422,0.429192426584,1.22194059239,0.360362703669,4.33021602316,3.39086309418,1.22194059239,4.33021602316,0.466225033082,0.524316289349,13286,0.0272620571916,0.114363840983,144,144,144,1,0,0.0625,0.826388888889,0.111111111111,-174,-0.00844988344988,0.107462574846,-2.41666666667,-1.0601784266,-1.359375,-2.03709933166,-0.00499063213463,0.000156279878155,-2.13406122299,-0.0440796342838,-0.0124580056505,-0.138165426834,0.0533446723609,0.0274883288695,0.0960842751148,0.017469319007,0.184777014226,0.107462574846,0.0960842751148,0.184777014226,-0.040049829814,-0.0237096188462,-2931,-0.00601423224663,-0.00144567867965,0.0138888888889,-0.0138888888889,0,1937,4,178,18473,0.915839243499,0.99978351464,0.000216485360178,0.0841607565012,0.997939206595,0.915839243499,0.955128205128,0.951313511795,0.915622758139,0.914110429448,249,423,0,5,1,5
62,WLNM_dir_neg_kfold,0.847003560071,0.306877167772,00:00:21,10,80,7,13352,threshold_sweep,0.8,0.983935742972,0.579196217494,0.729166666667,245,4,178,842,0.579196217494,0.995271867612,0.00472813238771,0.420803782506,0.983935742972,0.579196217494,0.729166666667,0.85657998424,0.601260835303,0.640316205534,0.681901289955,0.574468085106,2154,1731,423,0,2154,0,1731,0,423,144,2115,0.10270979021,3.28340051934,29.375,15.4379562044,16.5234375,23.125947344,0.787266292563,0.431540583136,18.7178045265,1.27440371245,0.622363409509,10.41950078,0.709412819061,0.401704097715,1.12585631727,0.342893384662,4.14543900894,3.28340051934,1.12585631727,4.14543900894,0.506274862896,0.548025908195,16217,0.0332762894383,0.115809519663,144,144,144,1,0,0.0486111111111,0.840277777778,0.111111111111,144,0.0821678321678,3.17652590169,23.5,12.6268656716,13.21875,18.4326405532,0.784367683113,0.432373752298,15.0270152995,1.27889491911,0.625320133964,8.37620672864,0.712868657756,0.405839571841,1.16655614388,0.367242761425,4.12012112432,3.17652590169,1.16655614388,4.12012112432,0.425256424484,0.455876778884,8820,0.018098099084,0.0878467043366,144,144,144,1,0,0.0694444444444,0.819444444444,0.111111111111,144,1941,0.0942599067599,3.39086309418,26.9583333333,14.3777777778,15.1640625,21.0888480124,0.782275660429,0.431696863014,16.5837433036,1.23032407816,0.609905403858,10.2813353531,0.762757491422,0.429192426584,1.22194059239,0.360362703669,4.33021602316,3.39086309418,1.22194059239,4.33021602316,0.466225033082,0.524316289349,13286,0.0272620571916,0.114363840983,144,144,144,1,0,0.0625,0.826388888889,0.111111111111,-174,-0.00844988344988,0.107462574846,-2.41666666667,-1.0601784266,-1.359375,-2.03709933166,-0.00499063213463,0.000156279878155,-2.13406122299,-0.0440796342838,-0.0124580056505,-0.138165426834,0.0533446723609,0.0274883288695,0.0960842751148,0.017469319007,0.184777014226,0.107462574846,0.0960842751148,0.184777014226,-0.040049829814,-0.0237096188462,-2931,-0.00601423224663,-0.00144567867965,0.0138888888889,-0.0138888888889,0,1937,4,178,18473,0.915839243499,0.99978351464,0.000216485360178,0.0841607565012,0.997939206595,0.915839243499,0.955128205128,0.951313511795,0.915622758139,0.914110429448,249,423,0,5,1,5
63,WLNM_dir_neg_kfold,0.847003560071,0.306877167772,00:00:21,10,80,7,13352,threshold_sweep,0.9,0.987903225806,0.579196217494,0.730253353204,245,3,178,843,0.579196217494,0.996453900709,0.00354609929078,0.420803782506,0.987903225806,0.579196217494,0.730253353204,0.857368006304,0.601523509325,0.642056690837,0.684345241705,0.575650118203,2154,1731,423,0,2154,0,1731,0,423,144,2115,0.10270979021,3.28340051934,29.375,15.4379562044,16.5234375,23.125947344,0.787266292563,0.431540583136,18.7178045265,1.27440371245,0.622363409509,10.41950078,0.709412819061,0.401704097715,1.12585631727,0.342893384662,4.14543900894,3.28340051934,1.12585631727,4.14543900894,0.506274862896,0.548025908195,16217,0.0332762894383,0.115809519663,144,144,144,1,0,0.0486111111111,0.840277777778,0.111111111111,144,0.0821678321678,3.17652590169,23.5,12.6268656716,13.21875,18.4326405532,0.784367683113,0.432373752298,15.0270152995,1.27889491911,0.625320133964,8.37620672864,0.712868657756,0.405839571841,1.16655614388,0.367242761425,4.12012112432,3.17652590169,1.16655614388,4.12012112432,0.425256424484,0.455876778884,8820,0.018098099084,0.0878467043366,144,144,144,1,0,0.0694444444444,0.819444444444,0.111111111111,144,1940,0.0942113442113,3.37918287269,26.9444444444,14.3703703704,15.15625,21.0815193577,0.782406903998,0.431708190149,16.5875277286,1.23123917161,0.610287800687,10.2887979307,0.763704588673,0.429768041237,1.21935146344,0.360842105733,4.31322924959,3.37918287269,1.21935146344,4.31322924959,0.466411415284,0.524504253022,13278,0.0272456416823,0.114600548891,144,144,144,1,0,0.0625,0.826388888889,0.111111111111,-175,-0.00849844599845,0.0957823533513,-2.43055555556,-1.06758583401,-1.3671875,-2.04442798631,-0.00485938856483,0.000167607012584,-2.13027679797,-0.04316454084,-0.0120756088215,-0.130702849227,0.0542917696118,0.0280639435224,0.0934951461616,0.0179487210711,0.167790240656,0.0957823533513,0.0934951461616,0.167790240656,-0.0398634476113,-0.023521655173,-2939,-0.006030647756,-0.00120897077239,0.0138888888889,-0.0138888888889,0,1937,3,178,18474,0.915839243499,0.99983763598,0.000162364020133,0.0841607565012,0.998453608247,0.915839243499,0.955363748459,0.9515893995,0.915676879479,0.914542020774,248,423,0,5,1,5
64,WLNM_dir_neg_kfold,0.833292814468,0.382509460689,00:00:22,10,80,8,13353,threshold_sweep,0.1,0.936090225564,0.58865248227,0.722786647315,249,17,174,829,0.58865248227,0.979905437352,0.0200945626478,0.41134751773,0.936090225564,0.58865248227,0.722786647315,0.849487785658,0.596795376937,0.62671009772,0.658474246077,0.568557919622,2154,1731,423,0,2154,0,1731,0,423,144,2115,0.10270979021,3.28340051934,29.375,15.4379562044,16.5234375,23.125947344,0.787266292563,0.431540583136,18.7178045265,1.27440371245,0.622363409509,10.41950078,0.709412819061,0.401704097715,1.12585631727,0.342893384662,4.14543900894,3.28340051934,1.12585631727,4.14543900894,0.506274862896,0.548025908195,16217,0.0332762894383,0.115809519663,144,144,144,1,0,0.0486111111111,0.840277777778,0.111111111111,144,0.0821678321678,3.17652590169,23.5,12.6268656716,13.21875,18.4326405532,0.784367683113,0.432373752298,15.0270152995,1.27889491911,0.625320133964,8.37620672864,0.712868657756,0.405839571841,1.16655614388,0.367242761425,4.12012112432,3.17652590169,1.16655614388,4.12012112432,0.425256424484,0.455876778884,8820,0.018098099084,0.0878467043366,144,144,144,1,0,0.0694444444444,0.819444444444,0.111111111111,144,1958,0.0950854700855,1,27.1944444444,13.6923076923,15.296875,21.0607771119,0.774451456617,0.428406253547,16.4883173069,1.21262394903,0.598562875951,10.4642711763,0.769588891413,0.430832198388,0,0,0,NaN,NaN,NaN,0.464930011135,0.521020336377,13331,0.0273543944319,0.109950355721,144,144,0,1,2,0.00694444444444,0.881944444444,0.111111111111,-157,-0.00762432012432,-2.28340051934,-2.18055555556,-1.74564851207,-1.2265625,-2.06517023216,-0.0128148359465,-0.00313432958962,-2.22948721959,-0.0617797634153,-0.0238005335583,0.0447703963361,0.0601760723519,0.0291281006736,-1.12585631727,-0.342893384662,-4.14543900894,NaN,NaN,NaN,-0.041344851761,-0.0270055718174,-2886,-0.0059218950064,-0.00585916394188,-0.0416666666667,0.0416666666667,0,1941,17,174,18460,0.917730496454,0.999079937219,0.000920062780754,0.0822695035461,0.991317671093,0.917730496454,0.953105818807,0.948835823145,0.916810433673,0.910412757974,266,423,0,5,1,5
65,WLNM_dir_neg_kfold,0.833292814468,0.382509460689,00:00:22,10,80,8,13353,threshold_sweep,0.2,0.943181818182,0.58865248227,0.724890829694,249,15,174,831,0.58865248227,0.982269503546,0.0177304964539,0.41134751773,0.943181818182,0.58865248227,0.724890829694,0.851063829787,0.59732072498,0.630136986301,0.663051311787,0.570921985816,2154,1731,423,0,2154,0,1731,0,423,144,2115,0.10270979021,3.28340051934,29.375,15.4379562044,16.5234375,23.125947344,0.787266292563,0.431540583136,18.7178045265,1.27440371245,0.622363409509,10.41950078,0.709412819061,0.401704097715,1.12585631727,0.342893384662,4.14543900894,3.28340051934,1.12585631727,4.14543900894,0.506274862896,0.548025908195,16217,0.0332762894383,0.115809519663,144,144,144,1,0,0.0486111111111,0.840277777778,0.111111111111,144,0.0821678321678,3.17652590169,23.5,12.6268656716,13.21875,18.4326405532,0.784367683113,0.432373752298,15.0270152995,1.27889491911,0.625320133964,8.37620672864,0.712868657756,0.405839571841,1.16655614388,0.367242761425,4.12012112432,3.17652590169,1.16655614388,4.12012112432,0.425256424484,0.455876778884,8820,0.018098099084,0.0878467043366,144,144,144,1,0,0.0694444444444,0.819444444444,0.111111111111,144,1956,0.0949883449883,1,27.1666666667,13.6783216783,15.28125,21.0430793567,0.77459187816,0.428418257214,16.4939064824,1.21427532385,0.599061292888,10.4737433948,0.771073133357,0.431649057032,0,0,0,NaN,NaN,NaN,0.465300792684,0.521330969021,13328,0.0273482386158,0.110531436036,144,144,0,1,2,0.00694444444444,0.881944444444,0.111111111111,-159,-0.00772144522145,-2.28340051934,-2.20833333333,-1.75963452606,-1.2421875,-2.08286798737,-0.0126744144035,-0.00312232592206,-2.22389804418,-0.0601283885902,-0.0233021166208,0.0542426148054,0.0616603142958,0.0299449593178,-1.12585631727,-0.342893384662,-4.14543900894,NaN,NaN,NaN,-0.040974070212,-0.0266949391743,-2889,-0.00592805082242,-0.00527808362666,-0.0416666666667,0.0416666666667,0,1941,15,174,18462,0.917730496454,0.999188179899,0.000811820100666,0.0822695035461,0.992331288344,0.917730496454,0.953574060427,0.949381922554,0.916918676353,0.911267605634,264,423,0,5,1,5
66,WLNM_dir_neg_kfold,0.833292814468,0.382509460689,00:00:22,10,80,8,13353,threshold_sweep,0.3,0.96862745098,0.583924349882,0.728613569322,247,8,176,838,0.583924349882,0.990543735225,0.00945626477541,0.416075650118,0.96862745098,0.583924349882,0.728613569322,0.85500394011,0.599684791174,0.637795275591,0.675821810897,0.574468085106,2154,1731,423,0,2154,0,1731,0,423,144,2115,0.10270979021,3.28340051934,29.375,15.4379562044,16.5234375,23.125947344,0.787266292563,0.431540583136,18.7178045265,1.27440371245,0.622363409509,10.41950078,0.709412819061,0.401704097715,1.12585631727,0.342893384662,4.14543900894,3.28340051934,1.12585631727,4.14543900894,0.506274862896,0.548025908195,16217,0.0332762894383,0.115809519663,144,144,144,1,0,0.0486111111111,0.840277777778,0.111111111111,144,0.0821678321678,3.17652590169,23.5,12.6268656716,13.21875,18.4326405532,0.784367683113,0.432373752298,15.0270152995,1.27889491911,0.625320133964,8.37620672864,0.712868657756,0.405839571841,1.16655614388,0.367242761425,4.12012112432,3.17652590169,1.16655614388,4.12012112432,0.425256424484,0.455876778884,8820,0.018098099084,0.0878467043366,144,144,144,1,0,0.0694444444444,0.819444444444,0.111111111111,144,1947,0.0945512820513,5.03349118735,27.0416666667,13.9071428571,15.2109375,21.0363903814,0.777925068034,0.429753038863,16.5394078035,1.22325358177,0.604865747874,10.3288371864,0.763920161703,0.430059778577,1.64526580839,0.326863750656,6,5.03349118735,1.64526580839,6,0.465353957996,0.523800149612,13304,0.0272989920877,0.109018992924,144,144,144,1,0,0.0277777777778,0.861111111111,0.111111111111,-168,-0.00815850815851,1.75009066801,-2.33333333333,-1.53081334724,-1.3125,-2.08955696262,-0.00934122452894,-0.00178754427312,-2.17839672307,-0.0511501306785,-0.0174976616346,-0.0906635935935,0.0545073426424,0.028355680862,0.519409491113,-0.0160296340059,1.85456099106,1.75009066801,0.519409491113,1.85456099106,-0.0409209048993,-0.0242257585827,-2913,-0.00597729735054,-0.00679052673869,-0.0208333333333,0.0208333333333,0,1939,8,176,18469,0.916784869976,0.99956702928,0.000432970720355,0.0832151300236,0.995891114535,0.916784869976,0.954702117184,0.950755901809,0.916351899256,0.913330193123,255,423,0,5,1,5
67,WLNM_dir_neg_kfold,0.833292814468,0.382509460689,00:00:22,10,80,8,13353,threshold_sweep,0.4,0.987903225806,0.579196217494,0.730253353204,245,3,178,843,0.579196217494,0.996453900709,0.00354609929078,0.420803782506,0.987903225806,0.579196217494,0.730253353204,0.857368006304,0.601523509325,0.642056690837,0.684345241705,0.575650118203,2154,1731,423,0,2154,0,1731,0,423,144,2115,0.10270979021,3.28340051934,29.375,15.4379562044,16.5234375,23.125947344,0.787266292563,0.431540583136,18.7178045265,1.27440371245,0.622363409509,10.41950078,0.709412819061,0.401704097715,1.12585631727,0.342893384662,4.14543900894,3.28340051934,1.12585631727,4.14543900894,0.506274862896,0.548025908195,16217,0.0332762894383,0.115809519663,144,144,144,1,0,0.0486111111111,0.840277777778,0.111111111111,144,0.0821678321678,3.17652590169,23.5,12.6268656716,13.21875,18.4326405532,0.784367683113,0.432373752298,15.0270152995,1.27889491911,0.625320133964,8.37620672864,0.712868657756,0.405839571841,1.16655614388,0.367242761425,4.12012112432,3.17652590169,1.16655614388,4.12012112432,0.425256424484,0.455876778884,8820,0.018098099084,0.0878467043366,144,144,144,1,0,0.0694444444444,0.819444444444,0.111111111111,144,1940,0.0942113442113,3.48905022328,26.9444444444,14.3703703704,15.15625,21.0818510678,0.782419214887,0.431933705613,16.5765629665,1.23042529236,0.609894043528,10.2853990097,0.76345229763,0.429710767468,1.20443467494,0.345204166712,4.35331539006,3.48905022328,1.20443467494,4.35331539006,0.467318563756,0.524584337111,13283,0.0272559013756,0.113461516518,144,144,144,1,0,0.0625,0.826388888889,0.111111111111,-175,-0.00849844599845,0.205649703945,-2.43055555556,-1.06758583401,-1.3671875,-2.04409627625,-0.00484707767614,0.000393122476501,-2.14124156004,-0.0439784200862,-0.0124693659807,-0.134101770222,0.0540394785689,0.0280066697538,0.0785783576677,0.00231078204996,0.207876381119,0.205649703945,0.0785783576677,0.207876381119,-0.0389562991393,-0.0234415710834,-2934,-0.00602038806264,-0.00234800314473,0.0138888888889,-0.0138888888889,0,1937,3,178,18474,0.915839243499,0.99983763598,0.000162364020133,0.0841607565012,0.998453608247,0.915839243499,0.955363748459,0.9515893995,0.915676879479,0.914542020774,248,423,0,5,1,5
68,WLNM_dir_neg_kfold,0.833292814468,0.382509460689,00:00:22,10,80,8,13353,threshold_sweep,0.5,0.987903225806,0.579196217494,0.730253353204,245,3,178,843,0.579196217494,0.996453900709,0.00354609929078,0.420803782506,0.987903225806,0.579196217494,0.730253353204,0.857368006304,0.601523509325,0.642056690837,0.684345241705,0.575650118203,2154,1731,423,0,2154,0,1731,0,423,144,2115,0.10270979021,3.28340051934,29.375,15.4379562044,16.5234375,23.125947344,0.787266292563,0.431540583136,18.7178045265,1.27440371245,0.622363409509,10.41950078,0.709412819061,0.401704097715,1.12585631727,0.342893384662,4.14543900894,3.28340051934,1.12585631727,4.14543900894,0.506274862896,0.548025908195,16217,0.0332762894383,0.115809519663,144,144,144,1,0,0.0486111111111,0.840277777778,0.111111111111,144,0.0821678321678,3.17652590169,23.5,12.6268656716,13.21875,18.4326405532,0.784367683113,0.432373752298,15.0270152995,1.27889491911,0.625320133964,8.37620672864,0.712868657756,0.405839571841,1.16655614388,0.367242761425,4.12012112432,3.17652590169,1.16655614388,4.12012112432,0.425256424484,0.455876778884,8820,0.018098099084,0.0878467043366,144,144,144,1,0,0.0694444444444,0.819444444444,0.111111111111,144,1940,0.0942113442113,3.48905022328,26.9444444444,14.3703703704,15.15625,21.0818510678,0.782419214887,0.431933705613,16.5765629665,1.23042529236,0.609894043528,10.2853990097,0.76345229763,0.429710767468,1.20443467494,0.345204166712,4.35331539006,3.48905022328,1.20443467494,4.35331539006,0.467318563756,0.524584337111,13283,0.0272559013756,0.113461516518,144,144,144,1,0,0.0625,0.826388888889,0.111111111111,-175,-0.00849844599845,0.205649703945,-2.43055555556,-1.06758583401,-1.3671875,-2.04409627625,-0.00484707767614,0.000393122476501,-2.14124156004,-0.0439784200862,-0.0124693659807,-0.134101770222,0.0540394785689,0.0280066697538,0.0785783576677,0.00231078204996,0.207876381119,0.205649703945,0.0785783576677,0.207876381119,-0.0389562991393,-0.0234415710834,-2934,-0.00602038806264,-0.00234800314473,0.0138888888889,-0.0138888888889,0,1937,3,178,18474,0.915839243499,0.99983763598,0.000162364020133,0.0841607565012,0.998453608247,0.915839243499,0.955363748459,0.9515893995,0.915676879479,0.914542020774,248,423,0,5,1,5
69,WLNM_dir_neg_kfold,0.833292814468,0.382509460689,00:00:22,10,80,8,13353,threshold_sweep,0.6,0.987903225806,0.579196217494,0.730253353204,245,3,178,843,0.579196217494,0.996453900709,0.00354609929078,0.420803782506,0.987903225806,0.579196217494,0.730253353204,0.857368006304,0.601523509325,0.642056690837,0.684345241705,0.575650118203,2154,1731,423,0,2154,0,1731,0,423,144,2115,0.10270979021,3.28340051934,29.375,15.4379562044,16.5234375,23.125947344,0.787266292563,0.431540583136,18.7178045265,1.27440371245,0.622363409509,10.41950078,0.709412819061,0.401704097715,1.12585631727,0.342893384662,4.14543900894,3.28340051934,1.12585631727,4.14543900894,0.506274862896,0.548025908195,16217,0.0332762894383,0.115809519663,144,144,144,1,0,0.0486111111111,0.840277777778,0.111111111111,144,0.0821678321678,3.17652590169,23.5,12.6268656716,13.21875,18.4326405532,0.784367683113,0.432373752298,15.0270152995,1.27889491911,0.625320133964,8.37620672864,0.712868657756,0.405839571841,1.16655614388,0.367242761425,4.12012112432,3.17652590169,1.16655614388,4.12012112432,0.425256424484,0.455876778884,8820,0.018098099084,0.0878467043366,144,144,144,1,0,0.0694444444444,0.819444444444,0.111111111111,144,1940,0.0942113442113,3.48905022328,26.9444444444,14.3703703704,15.15625,21.0818510678,0.782419214887,0.431933705613,16.5765629665,1.23042529236,0.609894043528,10.2853990097,0.76345229763,0.429710767468,1.20443467494,0.345204166712,4.35331539006,3.48905022328,1.20443467494,4.35331539006,0.467318563756,0.524584337111,13283,0.0272559013756,0.113461516518,144,144,144,1,0,0.0625,0.826388888889,0.111111111111,-175,-0.00849844599845,0.205649703945,-2.43055555556,-1.06758583401,-1.3671875,-2.04409627625,-0.00484707767614,0.000393122476501,-2.14124156004,-0.0439784200862,-0.0124693659807,-0.134101770222,0.0540394785689,0.0280066697538,0.0785783576677,0.00231078204996,0.207876381119,0.205649703945,0.0785783576677,0.207876381119,-0.0389562991393,-0.0234415710834,-2934,-0.00602038806264,-0.00234800314473,0.0138888888889,-0.0138888888889,0,1937,3,178,18474,0.915839243499,0.99983763598,0.000162364020133,0.0841607565012,0.998453608247,0.915839243499,0.955363748459,0.9515893995,0.915676879479,0.914542020774,248,423,0,5,1,5
70,WLNM_dir_neg_kfold,0.833292814468,0.382509460689,00:00:22,10,80,8,13353,threshold_sweep,0.7,0.99593495935,0.579196217494,0.732436472347,245,1,178,845,0.579196217494,0.998817966903,0.00118203309693,0.420803782506,0.99593495935,0.579196217494,0.732436472347,0.858944050433,0.602048857368,0.645544554455,0.689268594376,0.578014184397,2154,1731,423,0,2154,0,1731,0,423,144,2115,0.10270979021,3.28340051934,29.375,15.4379562044,16.5234375,23.125947344,0.787266292563,0.431540583136,18.7178045265,1.27440371245,0.622363409509,10.41950078,0.709412819061,0.401704097715,1.12585631727,0.342893384662,4.14543900894,3.28340051934,1.12585631727,4.14543900894,0.506274862896,0.548025908195,16217,0.0332762894383,0.115809519663,144,144,144,1,0,0.0486111111111,0.840277777778,0.111111111111,144,0.0821678321678,3.17652590169,23.5,12.6268656716,13.21875,18.4326405532,0.784367683113,0.432373752298,15.0270152995,1.27889491911,0.625320133964,8.37620672864,0.712868657756,0.405839571841,1.16655614388,0.367242761425,4.12012112432,3.17652590169,1.16655614388,4.12012112432,0.425256424484,0.455876778884,8820,0.018098099084,0.0878467043366,144,144,144,1,0,0.0694444444444,0.819444444444,0.111111111111,144,1938,0.0941142191142,3.17573523045,26.9166666667,14.4626865672,15.140625,21.0747918886,0.782964404529,0.432074876734,16.5858120344,1.23238231834,0.611039445018,10.2894303838,0.764539718918,0.430304724229,1.14640422659,0.36098860371,4.07590991349,3.17573523045,1.14640422659,4.07590991349,0.467159308079,0.52473721647,13279,0.0272476936209,0.114689268072,144,144,144,1,0,0.0694444444444,0.819444444444,0.111111111111,-177,-0.00859557109557,-0.107665288884,-2.45833333333,-0.975269637215,-1.3828125,-2.05115545547,-0.00430188803396,0.000534293597992,-2.13199249218,-0.0420213941025,-0.011323964491,-0.130070396189,0.0551268998568,0.0286006265141,0.0205479093203,0.0180952190489,-0.0695290954487,-0.107665288884,0.0205479093203,-0.0695290954487,-0.0391155548166,-0.0232886917245,-2938,-0.00602859581733,-0.00112025159118,0.0208333333333,-0.0208333333333,0,1937,1,178,18476,0.915839243499,0.99994587866,5.41213400444e-05,0.0841607565012,0.999484004128,0.915839243499,0.955835183814,0.952141788697,0.915785122159,0.915406427221,246,423,0,5,1,5
71,WLNM_dir_neg_kfold,0.833292814468,0.382509460689,00:00:22,10,80,8,13353,threshold_sweep,0.8,0.99593495935,0.579196217494,0.732436472347,245,1,178,845,0.579196217494,0.998817966903,0.00118203309693,0.420803782506,0.99593495935,0.579196217494,0.732436472347,0.858944050433,0.602048857368,0.645544554455,0.689268594376,0.578014184397,2154,1731,423,0,2154,0,1731,0,423,144,2115,0.10270979021,3.28340051934,29.375,15.4379562044,16.5234375,23.125947344,0.787266292563,0.431540583136,18.7178045265,1.27440371245,0.622363409509,10.41950078,0.709412819061,0.401704097715,1.12585631727,0.342893384662,4.14543900894,3.28340051934,1.12585631727,4.14543900894,0.506274862896,0.548025908195,16217,0.0332762894383,0.115809519663,144,144,144,1,0,0.0486111111111,0.840277777778,0.111111111111,144,0.0821678321678,3.17652590169,23.5,12.6268656716,13.21875,18.4326405532,0.784367683113,0.432373752298,15.0270152995,1.27889491911,0.625320133964,8.37620672864,0.712868657756,0.405839571841,1.16655614388,0.367242761425,4.12012112432,3.17652590169,1.16655614388,4.12012112432,0.425256424484,0.455876778884,8820,0.018098099084,0.0878467043366,144,144,144,1,0,0.0694444444444,0.819444444444,0.111111111111,144,1938,0.0941142191142,3.17573523045,26.9166666667,14.4626865672,15.140625,21.0747918886,0.782964404529,0.432074876734,16.5858120344,1.23238231834,0.611039445018,10.2894303838,0.764539718918,0.430304724229,1.14640422659,0.36098860371,4.07590991349,3.17573523045,1.14640422659,4.07590991349,0.467159308079,0.52473721647,13279,0.0272476936209,0.114689268072,144,144,144,1,0,0.0694444444444,0.819444444444,0.111111111111,-177,-0.00859557109557,-0.107665288884,-2.45833333333,-0.975269637215,-1.3828125,-2.05115545547,-0.00430188803396,0.000534293597992,-2.13199249218,-0.0420213941025,-0.011323964491,-0.130070396189,0.0551268998568,0.0286006265141,0.0205479093203,0.0180952190489,-0.0695290954487,-0.107665288884,0.0205479093203,-0.0695290954487,-0.0391155548166,-0.0232886917245,-2938,-0.00602859581733,-0.00112025159118,0.0208333333333,-0.0208333333333,0,1937,1,178,18476,0.915839243499,0.99994587866,5.41213400444e-05,0.0841607565012,0.999484004128,0.915839243499,0.955835183814,0.952141788697,0.915785122159,0.915406427221,246,423,0,5,1,5
72,WLNM_dir_neg_kfold,0.833292814468,0.382509460689,00:00:22,10,80,8,13353,threshold_sweep,0.9,0.995901639344,0.574468085106,0.728635682159,243,1,180,845,0.574468085106,0.998817966903,0.00118203309693,0.425531914894,0.995901639344,0.574468085106,0.728635682159,0.857368006304,0.602574205411,0.641110376735,0.685756440175,0.573286052009,2154,1731,423,0,2154,0,1731,0,423,144,2115,0.10270979021,3.28340051934,29.375,15.4379562044,16.5234375,23.125947344,0.787266292563,0.431540583136,18.7178045265,1.27440371245,0.622363409509,10.41950078,0.709412819061,0.401704097715,1.12585631727,0.342893384662,4.14543900894,3.28340051934,1.12585631727,4.14543900894,0.506274862896,0.548025908195,16217,0.0332762894383,0.115809519663,144,144,144,1,0,0.0486111111111,0.840277777778,0.111111111111,144,0.0821678321678,3.17652590169,23.5,12.6268656716,13.21875,18.4326405532,0.784367683113,0.432373752298,15.0270152995,1.27889491911,0.625320133964,8.37620672864,0.712868657756,0.405839571841,1.16655614388,0.367242761425,4.12012112432,3.17652590169,1.16655614388,4.12012112432,0.425256424484,0.455876778884,8820,0.018098099084,0.0878467043366,144,144,144,1,0,0.0694444444444,0.819444444444,0.111111111111,144,1936,0.0940170940171,3.17295745267,26.8888888889,14.447761194,15.125,21.0756582859,0.783805473442,0.432711346419,16.5933585913,1.23421675472,0.61178546832,10.2437275898,0.761930151307,0.429723370064,1.14902261942,0.362129854105,4.07590991349,3.17295745267,1.14902261942,4.07590991349,0.465741873362,0.525370968806,13277,0.0272435897436,0.113681099015,144,144,144,1,0,0.0694444444444,0.819444444444,0.111111111111,-179,-0.0086926961927,-0.110443066662,-2.48611111111,-0.99019501035,-1.3984375,-2.05028905816,-0.00346081912117,0.0011707632824,-2.12444593524,-0.0401869577202,-0.0105779411892,-0.175773190159,0.0525173322464,0.0280192723495,0.0231663021452,0.0192364694439,-0.0695290954487,-0.110443066662,0.0231663021452,-0.0695290954487,-0.0405329895334,-0.0226549393892,-2940,-0.00603269969467,-0.00212842064812,0.0208333333333,-0.0208333333333,0,1935,1,180,18476,0.914893617021,0.99994587866,5.41213400444e-05,0.0851063829787,0.999483471074,0.914893617021,0.955319674155,0.951598783217,0.914839495681,0.914461247637,244,423,0,5,1,5
73,WLNM_dir_neg_kfold,0.825796824439,0.349886395942,00:00:21,10,80,9,13354,threshold_sweep,0.1,0.954022988506,0.58865248227,0.728070175439,249,12,174,834,0.58865248227,0.985815602837,0.0141843971631,0.41134751773,0.954022988506,0.58865248227,0.728070175439,0.853427895981,0.598108747045,0.635294117647,0.66999375043,0.574468085106,2154,1731,423,0,2154,0,1731,0,423,144,2115,0.10270979021,3.28340051934,29.375,15.4379562044,16.5234375,23.125947344,0.787266292563,0.431540583136,18.7178045265,1.27440371245,0.622363409509,10.41950078,0.709412819061,0.401704097715,1.12585631727,0.342893384662,4.14543900894,3.28340051934,1.12585631727,4.14543900894,0.506274862896,0.548025908195,16217,0.0332762894383,0.115809519663,144,144,144,1,0,0.0486111111111,0.840277777778,0.111111111111,144,0.0821678321678,3.17652590169,23.5,12.6268656716,13.21875,18.4326405532,0.784367683113,0.432373752298,15.0270152995,1.27889491911,0.625320133964,8.37620672864,0.712868657756,0.405839571841,1.16655614388,0.367242761425,4.12012112432,3.17652590169,1.16655614388,4.12012112432,0.425256424484,0.455876778884,8820,0.018098099084,0.0878467043366,144,144,144,1,0,0.0694444444444,0.819444444444,0.111111111111,144,1953,0.0948426573427,1,27.125,13.7535211268,15.2578125,21.0330658759,0.775412566853,0.42876344086,16.5117964824,1.21745964847,0.601670506912,10.4230237013,0.76851787659,0.43167562724,0,0,0,NaN,NaN,NaN,0.465249866075,0.523059837993,13345,0.0273831215733,0.108508706617,144,144,0,1,2,0.0138888888889,0.875,0.111111111111,-162,-0.00786713286713,-2.28340051934,-2.25,-1.68443507762,-1.265625,-2.09288146814,-0.0118537257098,-0.00277714227611,-2.20600804412,-0.0569440639717,-0.0206929025964,0.00352292129933,0.0591050575294,0.0299715295254,-1.12585631727,-0.342893384662,-4.14543900894,NaN,NaN,NaN,-0.0410249968208,-0.0249660702017,-2872,-0.005893167865,-0.00730081304558,-0.0347222222222,0.0347222222222,0,1941,12,174,18465,0.917730496454,0.999350543919,0.000649456080533,0.0822695035461,0.993855606759,0.917730496454,0.954277286136,0.950202578139,0.917081040373,0.912552891396,261,423,0,5,1,5
74,WLNM_dir_neg_kfold,0.825796824439,0.349886395942,00:00:21,10,80,9,13354,threshold_sweep,0.2,0.957528957529,0.586288416076,0.727272727273,248,11,175,835,0.586288416076,0.986997635934,0.0130023640662,0.413711583924,0.957528957529,0.586288416076,0.727272727273,0.853427895981,0.598634095088,0.634816753927,0.670526848129,0.573286052009,2154,1731,423,0,2154,0,1731,0,423,144,2115,0.10270979021,3.28340051934,29.375,15.4379562044,16.5234375,23.125947344,0.787266292563,0.431540583136,18.7178045265,1.27440371245,0.622363409509,10.41950078,0.709412819061,0.401704097715,1.12585631727,0.342893384662,4.14543900894,3.28340051934,1.12585631727,4.14543900894,0.506274862896,0.548025908195,16217,0.0332762894383,0.115809519663,144,144,144,1,0,0.0486111111111,0.840277777778,0.111111111111,144,0.0821678321678,3.17652590169,23.5,12.6268656716,13.21875,18.4326405532,0.784367683113,0.432373752298,15.0270152995,1.27889491911,0.625320133964,8.37620672864,0.712868657756,0.405839571841,1.16655614388,0.367242761425,4.12012112432,3.17652590169,1.16655614388,4.12012112432,0.425256424484,0.455876778884,8820,0.018098099084,0.0878467043366,144,144,144,1,0,0.0694444444444,0.819444444444,0.111111111111,144,1951,0.0947455322455,5.87250222615,27.0972222222,13.8368794326,15.2421875,21.0288910303,0.776053385024,0.428939575147,16.5203116604,1.21933617586,0.602664587961,10.3975722429,0.767427167085,0.431171336636,1.94893101279,0.331874035587,7.03691641198,5.87250222615,1.94893101279,7.03691641198,0.464084066149,0.523521021709,13336,0.0273646541252,0.109061129367,144,144,144,1,0,0.0208333333333,0.868055555556,0.111111111111,-164,-0.00796425796426,2.58910170682,-2.27777777778,-1.60107677176,-1.28125,-2.09705631374,-0.0112129075393,-0.00260100798968,-2.19749286609,-0.0550675365846,-0.0196988215482,-0.0219285370228,0.0580143480239,0.0294672389217,0.823074695513,-0.0110193490744,2.89147740305,2.58910170682,0.823074695513,2.89147740305,-0.0421907967466,-0.0245048864862,-2881,-0.00591163531304,-0.00674839029651,-0.0277777777778,0.0277777777778,0,1940,11,175,18466,0.917257683215,0.99940466526,0.000595334740488,0.0827423167849,0.99436186571,0.917257683215,0.954254795868,0.950204473215,0.916662348475,0.912511759172,259,423,0,5,1,5
75,WLNM_dir_neg_kfold,0.825796824439,0.349886395942,00:00:21,10,80,9,13354,threshold_sweep,0.3,0.98,0.579196217494,0.72808320951,245,5,178,841,0.579196217494,0.994089834515,0.00591016548463,0.420803782506,0.98,0.579196217494,0.72808320951,0.855791962175,0.600998161282,0.63857801185,0.679468995466,0.573286052009,2154,1731,423,0,2154,0,1731,0,423,144,2115,0.10270979021,3.28340051934,29.375,15.4379562044,16.5234375,23.125947344,0.787266292563,0.431540583136,18.7178045265,1.27440371245,0.622363409509,10.41950078,0.709412819061,0.401704097715,1.12585631727,0.342893384662,4.14543900894,3.28340051934,1.12585631727,4.14543900894,0.506274862896,0.548025908195,16217,0.0332762894383,0.115809519663,144,144,144,1,0,0.0486111111111,0.840277777778,0.111111111111,144,0.0821678321678,3.17652590169,23.5,12.6268656716,13.21875,18.4326405532,0.784367683113,0.432373752298,15.0270152995,1.27889491911,0.625320133964,8.37620672864,0.712868657756,0.405839571841,1.16655614388,0.367242761425,4.12012112432,3.17652590169,1.16655614388,4.12012112432,0.425256424484,0.455876778884,8820,0.018098099084,0.0878467043366,144,144,144,1,0,0.0694444444444,0.819444444444,0.111111111111,144,1942,0.0943084693085,3.25646326311,26.9722222222,14.1751824818,15.171875,21.0556852261,0.780643324553,0.430880964641,16.5672970102,1.22847104504,0.608808216043,10.3105527523,0.764531203053,0.430305240874,1.11259774947,0.341658314428,4.18433043739,3.25646326311,1.11259774947,4.18433043739,0.466223228751,0.525702409765,13322,0.0273359269838,0.110261036066,144,144,144,1,0,0.0486111111111,0.840277777778,0.111111111111,-173,-0.00840132090132,-0.0269372562304,-2.40277777778,-1.26277372263,-1.3515625,-2.07026211791,-0.00662296801044,-0.000659618495065,-2.1505075163,-0.045932667402,-0.0135551934658,-0.108948027678,0.0551183839917,0.0286011431595,-0.0132585678064,-0.00123507023392,0.0388914284487,-0.0269372562304,-0.0132585678064,0.0388914284487,-0.0400516341446,-0.0223234984295,-2895,-0.00594036245445,-0.00554848359674,0,0,0,1937,5,178,18472,0.915839243499,0.9997293933,0.000270606700222,0.0841607565012,0.997425334706,0.915839243499,0.954892777915,0.951037828338,0.915568636799,0.913679245283,250,423,0,5,1,5
76,WLNM_dir_neg_kfold,0.825796824439,0.349886395942,00:00:21,10,80,9,13354,threshold_sweep,0.4,0.979919678715,0.5768321513,0.72619047619,244,5,179,841,0.5768321513,0.994089834515,0.00591016548463,0.4231678487,0.979919678715,0.5768321513,0.72619047619,0.85500394011,0.601260835303,0.636363636364,0.677692022733,0.570921985816,2154,1731,423,0,2154,0,1731,0,423,144,2115,0.10270979021,3.28340051934,29.375,15.4379562044,16.5234375,23.125947344,0.787266292563,0.431540583136,18.7178045265,1.27440371245,0.622363409509,10.41950078,0.709412819061,0.401704097715,1.12585631727,0.342893384662,4.14543900894,3.28340051934,1.12585631727,4.14543900894,0.506274862896,0.548025908195,16217,0.0332762894383,0.115809519663,144,144,144,1,0,0.0486111111111,0.840277777778,0.111111111111,144,0.0821678321678,3.17652590169,23.5,12.6268656716,13.21875,18.4326405532,0.784367683113,0.432373752298,15.0270152995,1.27889491911,0.625320133964,8.37620672864,0.712868657756,0.405839571841,1.16655614388,0.367242761425,4.12012112432,3.17652590169,1.16655614388,4.12012112432,0.425256424484,0.455876778884,8820,0.018098099084,0.0878467043366,144,144,144,1,0,0.0694444444444,0.819444444444,0.111111111111,144,1941,0.0942599067599,3.25620905731,26.9583333333,14.1678832117,15.1640625,21.044034751,0.780613344705,0.43086324346,16.5601124747,1.22857094094,0.608796296296,10.3098627164,0.764873895497,0.430451800332,1.11216926192,0.341553396095,4.15522710568,3.25620905731,1.11216926192,4.15522710568,0.465828560659,0.524822228075,13285,0.027260005253,0.110246764916,144,144,144,1,0,0.0486111111111,0.840277777778,0.111111111111,-174,-0.00844988344988,-0.0271914620233,-2.41666666667,-1.2700729927,-1.359375,-2.08191259304,-0.00665294785828,-0.000677339676485,-2.15769205184,-0.0458327715089,-0.0135671132125,-0.109638063568,0.0554610764363,0.0287477026173,-0.0136870553534,-0.00133998856632,0.00978809674544,-0.0271914620233,-0.0136870553534,0.00978809674544,-0.0404463022364,-0.0232036801201,-2932,-0.0060162841853,-0.00556275474691,0,0,0,1936,5,179,18472,0.91536643026,0.9997293933,0.000270606700222,0.08463356974,0.997424008243,0.91536643026,0.954635108481,0.950766037434,0.91509582356,0.91320754717,249,423,0,5,1,5
77,WLNM_dir_neg_kfold,0.825796824439,0.349886395942,00:00:21,10,80,9,13354,threshold_sweep,0.5,0.987804878049,0.574468085106,0.726457399103,243,3,180,843,0.574468085106,0.996453900709,0.00354609929078,0.425531914894,0.987804878049,0.574468085106,0.726457399103,0.855791962175,0.602048857368,0.637623762376,0.68081131101,0.570921985816,2154,1731,423,0,2154,0,1731,0,423,144,2115,0.10270979021,3.28340051934,29.375,15.4379562044,16.5234375,23.125947344,0.787266292563,0.431540583136,18.7178045265,1.27440371245,0.622363409509,10.41950078,0.709412819061,0.401704097715,1.12585631727,0.342893384662,4.14543900894,3.28340051934,1.12585631727,4.14543900894,0.506274862896,0.548025908195,16217,0.0332762894383,0.115809519663,144,144,144,1,0,0.0486111111111,0.840277777778,0.111111111111,144,0.0821678321678,3.17652590169,23.5,12.6268656716,13.21875,18.4326405532,0.784367683113,0.432373752298,15.0270152995,1.27889491911,0.625320133964,8.37620672864,0.712868657756,0.405839571841,1.16655614388,0.367242761425,4.12012112432,3.17652590169,1.16655614388,4.12012112432,0.425256424484,0.455876778884,8820,0.018098099084,0.0878467043366,144,144,144,1,0,0.0694444444444,0.819444444444,0.111111111111,144,1938,0.0941142191142,3.17684226501,26.9166666667,14.4626865672,15.140625,21.0654989202,0.782619154929,0.431895711501,16.5765336706,1.23169290431,0.611103944502,10.2996197907,0.765296826551,0.430677387914,1.14804302408,0.36137866734,4.07465698214,3.17684226501,1.14804302408,4.07465698214,0.468324287614,0.525116683807,13276,0.0272415378049,0.11392432017,144,144,144,1,0,0.0694444444444,0.819444444444,0.111111111111,-177,-0.00859557109557,-0.106558254321,-2.45833333333,-0.975269637215,-1.3828125,-2.06044842388,-0.00464713763463,0.000355128364647,-2.14127085597,-0.0427108081305,-0.011259465007,-0.119880989295,0.0558840074898,0.0289732901995,0.0221867068065,0.0184852826786,-0.0707820268021,-0.106558254321,0.0221867068065,-0.0707820268021,-0.0379505752815,-0.0229092243882,-2941,-0.00603475163334,-0.00188519949347,0.0208333333333,-0.0208333333333,0,1935,3,180,18474,0.914893617021,0.99983763598,0.000162364020133,0.0851063829787,0.998452012384,0.914893617021,0.954848260548,0.951046080937,0.914731253001,0.913597733711,246,423,0,5,1,5
78,WLNM_dir_neg_kfold,0.825796824439,0.349886395942,00:00:21,10,80,9,13354,threshold_sweep,0.6,0.987804878049,0.574468085106,0.726457399103,243,3,180,843,0.574468085106,0.996453900709,0.00354609929078,0.425531914894,0.987804878049,0.574468085106,0.726457399103,0.855791962175,0.602048857368,0.637623762376,0.68081131101,0.570921985816,2154,1731,423,0,2154,0,1731,0,423,144,2115,0.10270979021,3.28340051934,29.375,15.4379562044,16.5234375,23.125947344,0.787266292563,0.431540583136,18.7178045265,1.27440371245,0.622363409509,10.41950078,0.709412819061,0.401704097715,1.12585631727,0.342893384662,4.14543900894,3.28340051934,1.12585631727,4.14543900894,0.506274862896,0.548025908195,16217,0.0332762894383,0.115809519663,144,144,144,1,0,0.0486111111111,0.840277777778,0.111111111111,144,0.0821678321678,3.17652590169,23.5,12.6268656716,13.21875,18.4326405532,0.784367683113,0.432373752298,15.0270152995,1.27889491911,0.625320133964,8.37620672864,0.712868657756,0.405839571841,1.16655614388,0.367242761425,4.12012112432,3.17652590169,1.16655614388,4.12012112432,0.425256424484,0.455876778884,8820,0.018098099084,0.0878467043366,144,144,144,1,0,0.0694444444444,0.819444444444,0.111111111111,144,1938,0.0941142191142,3.17684226501,26.9166666667,14.4626865672,15.140625,21.0654989202,0.782619154929,0.431895711501,16.5765336706,1.23169290431,0.611103944502,10.2996197907,0.765296826551,0.430677387914,1.14804302408,0.36137866734,4.07465698214,3.17684226501,1.14804302408,4.07465698214,0.468324287614,0.525116683807,13276,0.0272415378049,0.11392432017,144,144,144,1,0,0.0694444444444,0.819444444444,0.111111111111,-177,-0.00859557109557,-0.106558254321,-2.45833333333,-0.975269637215,-1.3828125,-2.06044842388,-0.00464713763463,0.000355128364647,-2.14127085597,-0.0427108081305,-0.011259465007,-0.119880989295,0.0558840074898,0.0289732901995,0.0221867068065,0.0184852826786,-0.0707820268021,-0.106558254321,0.0221867068065,-0.0707820268021,-0.0379505752815,-0.0229092243882,-2941,-0.00603475163334,-0.00188519949347,0.0208333333333,-0.0208333333333,0,1935,3,180,18474,0.914893617021,0.99983763598,0.000162364020133,0.0851063829787,0.998452012384,0.914893617021,0.954848260548,0.951046080937,0.914731253001,0.913597733711,246,423,0,5,1,5
79,WLNM_dir_neg_kfold,0.825796824439,0.349886395942,00:00:21,10,80,9,13354,threshold_sweep,0.7,0.987804878049,0.574468085106,0.726457399103,243,3,180,843,0.574468085106,0.996453900709,0.00354609929078,0.425531914894,0.987804878049,0.574468085106,0.726457399103,0.855791962175,0.602048857368,0.637623762376,0.68081131101,0.570921985816,2154,1731,423,0,2154,0,1731,0,423,144,2115,0.10270979021,3.28340051934,29.375,15.4379562044,16.5234375,23.125947344,0.787266292563,0.431540583136,18.7178045265,1.27440371245,0.622363409509,10.41950078,0.709412819061,0.401704097715,1.12585631727,0.342893384662,4.14543900894,3.28340051934,1.12585631727,4.14543900894,0.506274862896,0.548025908195,16217,0.0332762894383,0.115809519663,144,144,144,1,0,0.0486111111111,0.840277777778,0.111111111111,144,0.0821678321678,3.17652590169,23.5,12.6268656716,13.21875,18.4326405532,0.784367683113,0.432373752298,15.0270152995,1.27889491911,0.625320133964,8.37620672864,0.712868657756,0.405839571841,1.16655614388,0.367242761425,4.12012112432,3.17652590169,1.16655614388,4.12012112432,0.425256424484,0.455876778884,8820,0.018098099084,0.0878467043366,144,144,144,1,0,0.0694444444444,0.819444444444,0.111111111111,144,1938,0.0941142191142,3.17684226501,26.9166666667,14.4626865672,15.140625,21.0654989202,0.782619154929,0.431895711501,16.5765336706,1.23169290431,0.611103944502,10.2996197907,0.765296826551,0.430677387914,1.14804302408,0.36137866734,4.07465698214,3.17684226501,1.14804302408,4.07465698214,0.468324287614,0.525116683807,13276,0.0272415378049,0.11392432017,144,144,144,1,0,0.0694444444444,0.819444444444,0.111111111111,-177,-0.00859557109557,-0.106558254321,-2.45833333333,-0.975269637215,-1.3828125,-2.06044842388,-0.00464713763463,0.000355128364647,-2.14127085597,-0.0427108081305,-0.011259465007,-0.119880989295,0.0558840074898,0.0289732901995,0.0221867068065,0.0184852826786,-0.0707820268021,-0.106558254321,0.0221867068065,-0.0707820268021,-0.0379505752815,-0.0229092243882,-2941,-0.00603475163334,-0.00188519949347,0.0208333333333,-0.0208333333333,0,1935,3,180,18474,0.914893617021,0.99983763598,0.000162364020133,0.0851063829787,0.998452012384,0.914893617021,0.954848260548,0.951046080937,0.914731253001,0.913597733711,246,423,0,5,1,5
80,WLNM_dir_neg_kfold,0.825796824439,0.349886395942,00:00:21,10,80,9,13354,threshold_sweep,0.8,0.987804878049,0.574468085106,0.726457399103,243,3,180,843,0.574468085106,0.996453900709,0.00354609929078,0.425531914894,0.987804878049,0.574468085106,0.726457399103,0.855791962175,0.602048857368,0.637623762376,0.68081131101,0.570921985816,2154,1731,423,0,2154,0,1731,0,423,144,2115,0.10270979021,3.28340051934,29.375,15.4379562044,16.5234375,23.125947344,0.787266292563,0.431540583136,18.7178045265,1.27440371245,0.622363409509,10.41950078,0.709412819061,0.401704097715,1.12585631727,0.342893384662,4.14543900894,3.28340051934,1.12585631727,4.14543900894,0.506274862896,0.548025908195,16217,0.0332762894383,0.115809519663,144,144,144,1,0,0.0486111111111,0.840277777778,0.111111111111,144,0.0821678321678,3.17652590169,23.5,12.6268656716,13.21875,18.4326405532,0.784367683113,0.432373752298,15.0270152995,1.27889491911,0.625320133964,8.37620672864,0.712868657756,0.405839571841,1.16655614388,0.367242761425,4.12012112432,3.17652590169,1.16655614388,4.12012112432,0.425256424484,0.455876778884,8820,0.018098099084,0.0878467043366,144,144,144,1,0,0.0694444444444,0.819444444444,0.111111111111,144,1938,0.0941142191142,3.17684226501,26.9166666667,14.4626865672,15.140625,21.0654989202,0.782619154929,0.431895711501,16.5765336706,1.23169290431,0.611103944502,10.2996197907,0.765296826551,0.430677387914,1.14804302408,0.36137866734,4.07465698214,3.17684226501,1.14804302408,4.07465698214,0.468324287614,0.525116683807,13276,0.0272415378049,0.11392432017,144,144,144,1,0,0.0694444444444,0.819444444444,0.111111111111,-177,-0.00859557109557,-0.106558254321,-2.45833333333,-0.975269637215,-1.3828125,-2.06044842388,-0.00464713763463,0.000355128364647,-2.14127085597,-0.0427108081305,-0.011259465007,-0.119880989295,0.0558840074898,0.0289732901995,0.0221867068065,0.0184852826786,-0.0707820268021,-0.106558254321,0.0221867068065,-0.0707820268021,-0.0379505752815,-0.0229092243882,-2941,-0.00603475163334,-0.00188519949347,0.0208333333333,-0.0208333333333,0,1935,3,180,18474,0.914893617021,0.99983763598,0.000162364020133,0.0851063829787,0.998452012384,0.914893617021,0.954848260548,0.951046080937,0.914731253001,0.913597733711,246,423,0,5,1,5
81,WLNM_dir_neg_kfold,0.825796824439,0.349886395942,00:00:21,10,80,9,13354,threshold_sweep,0.9,0.987755102041,0.572104018913,0.724550898204,242,3,181,843,0.572104018913,0.996453900709,0.00354609929078,0.427895981087,0.987755102041,0.572104018913,0.724550898204,0.85500394011,0.60231153139,0.635402906209,0.679042658277,0.568557919622,2154,1731,423,0,2154,0,1731,0,423,144,2115,0.10270979021,3.28340051934,29.375,15.4379562044,16.5234375,23.125947344,0.787266292563,0.431540583136,18.7178045265,1.27440371245,0.622363409509,10.41950078,0.709412819061,0.401704097715,1.12585631727,0.342893384662,4.14543900894,3.28340051934,1.12585631727,4.14543900894,0.506274862896,0.548025908195,16217,0.0332762894383,0.115809519663,144,144,144,1,0,0.0486111111111,0.840277777778,0.111111111111,144,0.0821678321678,3.17652590169,23.5,12.6268656716,13.21875,18.4326405532,0.784367683113,0.432373752298,15.0270152995,1.27889491911,0.625320133964,8.37620672864,0.712868657756,0.405839571841,1.16655614388,0.367242761425,4.12012112432,3.17652590169,1.16655614388,4.12012112432,0.425256424484,0.455876778884,8820,0.018098099084,0.0878467043366,144,144,144,1,0,0.0694444444444,0.819444444444,0.111111111111,144,1937,0.0940656565657,3.17883835612,26.9027777778,14.4552238806,15.1328125,21.0704178818,0.783206033809,0.432186800895,16.5807327148,1.23264094524,0.611595106981,10.2887200514,0.764881614556,0.430465926691,1.14794224843,0.361120044439,4.07516118241,3.17883835612,1.14794224843,4.07516118241,0.46882811143,0.525379907134,13276,0.0272415378049,0.113399487276,144,144,144,1,0,0.0694444444444,0.819444444444,0.111111111111,-178,-0.00864413364413,-0.104562163213,-2.47222222222,-0.982732323783,-1.390625,-2.05552946227,-0.00406025875438,0.000646217758527,-2.13707181178,-0.0417627672077,-0.0107683025278,-0.130780728596,0.0554687954956,0.028761828976,0.022085931152,0.0182266597772,-0.0702778265302,-0.104562163213,0.022085931152,-0.0702778265302,-0.0374467514659,-0.0226460010611,-2941,-0.00603475163334,-0.00241003238681,0.0208333333333,-0.0208333333333,0,1934,3,181,18474,0.914420803783,0.99983763598,0.000162364020133,0.0855791962175,0.998451213216,0.914420803783,0.954590325765,0.950774348939,0.914258439762,0.913125590179,245,423,0,5,1,5
82,WLNM_dir_neg_kfold,0.822784456404,0.293230174549,00:00:22,10,80,10,13355,threshold_sweep,0.1,0.950570342205,0.591016548463,0.728862973761,250,13,173,833,0.591016548463,0.98463356974,0.01536643026,0.408983451537,0.950570342205,0.591016548463,0.728862973761,0.853427895981,0.597583399002,0.635770234987,0.669479215852,0.575650118203,2154,1731,423,0,2154,0,1731,0,423,144,2115,0.10270979021,3.28340051934,29.375,15.4379562044,16.5234375,23.125947344,0.787266292563,0.431540583136,18.7178045265,1.27440371245,0.622363409509,10.41950078,0.709412819061,0.401704097715,1.12585631727,0.342893384662,4.14543900894,3.28340051934,1.12585631727,4.14543900894,0.506274862896,0.548025908195,16217,0.0332762894383,0.115809519663,144,144,144,1,0,0.0486111111111,0.840277777778,0.111111111111,144,0.0821678321678,3.17652590169,23.5,12.6268656716,13.21875,18.4326405532,0.784367683113,0.432373752298,15.0270152995,1.27889491911,0.625320133964,8.37620672864,0.712868657756,0.405839571841,1.16655614388,0.367242761425,4.12012112432,3.17652590169,1.16655614388,4.12012112432,0.425256424484,0.455876778884,8820,0.018098099084,0.0878467043366,144,144,144,1,0,0.0694444444444,0.819444444444,0.111111111111,144,1955,0.0949397824398,14.2668832313,27.1527777778,13.6713286713,15.2734375,21.0298886351,0.774502292445,0.428370986076,16.532476985,1.21773743521,0.600863171355,10.392695028,0.765497741195,0.430147058824,4.01051968708,0.281106925884,19.5,14.2668832313,4.01051968708,19.5,0.476109074987,0.52128937882,13304,0.0272989920877,0.108132800494,144,144,144,1,0,0.00694444444444,0.881944444444,0.111111111111,-160,-0.00777000777001,10.9834827119,-2.22222222222,-1.76662753305,-1.25,-2.09605870891,-0.0127640001183,-0.00316959706074,-2.18532754152,-0.0566662772313,-0.0215002381533,-0.0268057519271,0.0560849221341,0.0284429611088,2.88466336981,-0.0617864587776,15.3545609911,10.9834827119,2.88466336981,15.3545609911,-0.0301657879089,-0.0267365293745,-2913,-0.00597729735054,-0.00767671916875,-0.0416666666667,0.0416666666667,0,1942,13,173,18464,0.918203309693,0.999296422579,0.000703577420577,0.0817966903073,0.993350383632,0.918203309693,0.9542997543,0.950200988724,0.917499732272,0.912593984962,263,423,0,5,1,5
83,WLNM_dir_neg_kfold,0.822784456404,0.293230174549,00:00:22,10,80,10,13355,threshold_sweep,0.2,0.96484375,0.583924349882,0.727540500736,247,9,176,837,0.583924349882,0.989361702128,0.0106382978723,0.416075650118,0.96484375,0.583924349882,0.727540500736,0.854215918046,0.599422117153,0.63606557377,0.673444848956,0.573286052009,2154,1731,423,0,2154,0,1731,0,423,144,2115,0.10270979021,3.28340051934,29.375,15.4379562044,16.5234375,23.125947344,0.787266292563,0.431540583136,18.7178045265,1.27440371245,0.622363409509,10.41950078,0.709412819061,0.401704097715,1.12585631727,0.342893384662,4.14543900894,3.28340051934,1.12585631727,4.14543900894,0.506274862896,0.548025908195,16217,0.0332762894383,0.115809519663,144,144,144,1,0,0.0486111111111,0.840277777778,0.111111111111,144,0.0821678321678,3.17652590169,23.5,12.6268656716,13.21875,18.4326405532,0.784367683113,0.432373752298,15.0270152995,1.27889491911,0.625320133964,8.37620672864,0.712868657756,0.405839571841,1.16655614388,0.367242761425,4.12012112432,3.17652590169,1.16655614388,4.12012112432,0.425256424484,0.455876778884,8820,0.018098099084,0.0878467043366,144,144,144,1,0,0.0694444444444,0.819444444444,0.111111111111,144,1948,0.0945998445998,12.5471605843,27.0555555556,13.8156028369,15.21875,21.0077500777,0.776467148661,0.429204454711,16.5440477727,1.22296862385,0.604316392882,10.3294977467,0.763576835483,0.429871092859,4.63928185403,0.369747547492,18.5,12.5471605843,4.63928185403,18.5,0.475396398125,0.521985815603,13248,0.0271840835221,0.10781346721,144,144,144,1,0,0.0208333333333,0.868055555556,0.111111111111,-167,-0.00810994560995,9.26376006494,-2.31944444444,-1.6223533675,-1.3046875,-2.11819726638,-0.0107991439021,-0.00233612842494,-2.17375675383,-0.0514350885903,-0.0180470166272,-0.0900030332826,0.0541640164222,0.028166995144,3.51342553675,0.0268541628306,14.3545609911,9.26376006494,3.51342553675,14.3545609911,-0.0308784647707,-0.026040092592,-2969,-0.00609220591615,-0.00799605245346,-0.0277777777778,0.0277777777778,0,1939,9,176,18468,0.916784869976,0.99951290794,0.000487092060399,0.0832151300236,0.995379876797,0.916784869976,0.954467142506,0.950481186986,0.916297777916,0.912900188324,256,423,0,5,1,5
84,WLNM_dir_neg_kfold,0.822784456404,0.293230174549,00:00:22,10,80,10,13355,threshold_sweep,0.3,0.972440944882,0.583924349882,0.729689807976,247,7,176,839,0.583924349882,0.991725768322,0.00827423167849,0.416075650118,0.972440944882,0.583924349882,0.729689807976,0.855791962175,0.599947465196,0.639527248851,0.678209835901,0.575650118203,2154,1731,423,0,2154,0,1731,0,423,144,2115,0.10270979021,3.28340051934,29.375,15.4379562044,16.5234375,23.125947344,0.787266292563,0.431540583136,18.7178045265,1.27440371245,0.622363409509,10.41950078,0.709412819061,0.401704097715,1.12585631727,0.342893384662,4.14543900894,3.28340051934,1.12585631727,4.14543900894,0.506274862896,0.548025908195,16217,0.0332762894383,0.115809519663,144,144,144,1,0,0.0486111111111,0.840277777778,0.111111111111,144,0.0821678321678,3.17652590169,23.5,12.6268656716,13.21875,18.4326405532,0.784367683113,0.432373752298,15.0270152995,1.27889491911,0.625320133964,8.37620672864,0.712868657756,0.405839571841,1.16655614388,0.367242761425,4.12012112432,3.17652590169,1.16655614388,4.12012112432,0.425256424484,0.455876778884,8820,0.018098099084,0.0878467043366,144,144,144,1,0,0.0694444444444,0.819444444444,0.111111111111,144,1946,0.0945027195027,11.4232088362,27.0277777778,13.9,15.203125,21.0171240354,0.777611988977,0.429713372159,16.5525170212,1.22485223589,0.605315747402,10.3213988529,0.763762299497,0.42993462373,5.02467838647,0.439865755633,18.5,11.4232088362,5.02467838647,18.5,0.472669805816,0.521843734799,13231,0.0271492005647,0.109147858438,144,144,144,1,0,0.0277777777778,0.861111111111,0.111111111111,-169,-0.00820707070707,8.13980831683,-2.34722222222,-1.53795620438,-1.3203125,-2.10882330864,-0.00965430358629,-0.00182721097691,-2.16528750538,-0.0495514765525,-0.0170476621067,-0.0981019270252,0.0543494804366,0.0282305260149,3.8988220692,0.0969723709713,14.3545609911,8.13980831683,3.8988220692,14.3545609911,-0.0336050570794,-0.0261821733961,-2986,-0.00612708887357,-0.006661661225,-0.0208333333333,0.0208333333333,0,1939,7,176,18470,0.916784869976,0.99962115062,0.000378849380311,0.0832151300236,0.996402877698,0.916784869976,0.954937207584,0.951030819521,0.916406020596,0.913760603205,254,423,0,5,1,5
85,WLNM_dir_neg_kfold,0.822784456404,0.293230174549,00:00:22,10,80,10,13355,threshold_sweep,0.4,0.983935742972,0.579196217494,0.729166666667,245,4,178,842,0.579196217494,0.995271867612,0.00472813238771,0.420803782506,0.983935742972,0.579196217494,0.729166666667,0.85657998424,0.601260835303,0.640316205534,0.681901289955,0.574468085106,2154,1731,423,0,2154,0,1731,0,423,144,2115,0.10270979021,3.28340051934,29.375,15.4379562044,16.5234375,23.125947344,0.787266292563,0.431540583136,18.7178045265,1.27440371245,0.622363409509,10.41950078,0.709412819061,0.401704097715,1.12585631727,0.342893384662,4.14543900894,3.28340051934,1.12585631727,4.14543900894,0.506274862896,0.548025908195,16217,0.0332762894383,0.115809519663,144,144,144,1,0,0.0486111111111,0.840277777778,0.111111111111,144,0.0821678321678,3.17652590169,23.5,12.6268656716,13.21875,18.4326405532,0.784367683113,0.432373752298,15.0270152995,1.27889491911,0.625320133964,8.37620672864,0.712868657756,0.405839571841,1.16655614388,0.367242761425,4.12012112432,3.17652590169,1.16655614388,4.12012112432,0.425256424484,0.455876778884,8820,0.018098099084,0.0878467043366,144,144,144,1,0,0.0694444444444,0.819444444444,0.111111111111,144,1941,0.0942599067599,3.65621300824,26.9583333333,14.1678832117,15.1640625,21.0403790947,0.780477740761,0.430884710058,16.5769950755,1.22982343682,0.608488608392,10.2928916676,0.763614837782,0.429750558132,1.240436036,0.339267989367,4.54275972033,3.65621300824,1.240436036,4.54275972033,0.472700863466,0.522670954816,13218,0.027122525362,0.112470982431,144,144,144,1,0,0.0486111111111,0.840277777778,0.111111111111,-174,-0.00844988344988,0.372812488906,-2.41666666667,-1.2700729927,-1.359375,-2.08556824937,-0.00678855180249,-0.000655873078511,-2.140809451,-0.0445802756204,-0.0138748011168,-0.126609112347,0.0542020187216,0.0280464604168,0.11457971873,-0.00362539529433,0.397320711387,0.372812488906,0.11457971873,0.397320711387,-0.03357399943,-0.0253549533786,-2999,-0.0061537640763,-0.00333853723174,0,0,0,1937,4,178,18473,0.915839243499,0.99978351464,0.000216485360178,0.0841607565012,0.997939206595,0.915839243499,0.955128205128,0.951313511795,0.915622758139,0.914110429448,249,423,0,5,1,5
86,WLNM_dir_neg_kfold,0.822784456404,0.293230174549,00:00:22,10,80,10,13355,threshold_sweep,0.5,0.987804878049,0.574468085106,0.726457399103,243,3,180,843,0.574468085106,0.996453900709,0.00354609929078,0.425531914894,0.987804878049,0.574468085106,0.726457399103,0.855791962175,0.602048857368,0.637623762376,0.68081131101,0.570921985816,2154,1731,423,0,2154,0,1731,0,423,144,2115,0.10270979021,3.28340051934,29.375,15.4379562044,16.5234375,23.125947344,0.787266292563,0.431540583136,18.7178045265,1.27440371245,0.622363409509,10.41950078,0.709412819061,0.401704097715,1.12585631727,0.342893384662,4.14543900894,3.28340051934,1.12585631727,4.14543900894,0.506274862896,0.548025908195,16217,0.0332762894383,0.115809519663,144,144,144,1,0,0.0486111111111,0.840277777778,0.111111111111,144,0.0821678321678,3.17652590169,23.5,12.6268656716,13.21875,18.4326405532,0.784367683113,0.432373752298,15.0270152995,1.27889491911,0.625320133964,8.37620672864,0.712868657756,0.405839571841,1.16655614388,0.367242761425,4.12012112432,3.17652590169,1.16655614388,4.12012112432,0.425256424484,0.455876778884,8820,0.018098099084,0.0878467043366,144,144,144,1,0,0.0694444444444,0.819444444444,0.111111111111,144,1938,0.0941142191142,3.34215967896,26.9166666667,14.3555555556,15.140625,21.0316112395,0.781360169888,0.431361799106,16.5718925406,1.23134805255,0.609878454306,10.2853517946,0.764236665852,0.430154225433,1.20751077214,0.361296553165,4.27753524083,3.34215967896,1.20751077214,4.27753524083,0.474675018845,0.522911086776,13211,0.0271081617913,0.114810178152,144,144,144,1,0,0.0625,0.826388888889,0.111111111111,-177,-0.00859557109557,0.0587591596218,-2.45833333333,-1.08240064882,-1.3828125,-2.09433610456,-0.00590612267531,-0.000178784030721,-2.14591198593,-0.0430556598919,-0.0124849552031,-0.134148985366,0.054823846791,0.0284501277181,0.0816544548606,0.0184031685037,0.132096231895,0.0587591596218,0.0816544548606,0.132096231895,-0.0315998440504,-0.0251148214191,-3006,-0.006168127647,-0.000999341511121,0.0138888888889,-0.0138888888889,0,1935,3,180,18474,0.914893617021,0.99983763598,0.000162364020133,0.0851063829787,0.998452012384,0.914893617021,0.954848260548,0.951046080937,0.914731253001,0.913597733711,246,423,0,5,1,5
87,WLNM_dir_neg_kfold,0.822784456404,0.293230174549,00:00:22,10,80,10,13355,threshold_sweep,0.6,0.987804878049,0.574468085106,0.726457399103,243,3,180,843,0.574468085106,0.996453900709,0.00354609929078,0.425531914894,0.987804878049,0.574468085106,0.726457399103,0.855791962175,0.602048857368,0.637623762376,0.68081131101,0.570921985816,2154,1731,423,0,2154,0,1731,0,423,144,2115,0.10270979021,3.28340051934,29.375,15.4379562044,16.5234375,23.125947344,0.787266292563,0.431540583136,18.7178045265,1.27440371245,0.622363409509,10.41950078,0.709412819061,0.401704097715,1.12585631727,0.342893384662,4.14543900894,3.28340051934,1.12585631727,4.14543900894,0.506274862896,0.548025908195,16217,0.0332762894383,0.115809519663,144,144,144,1,0,0.0486111111111,0.840277777778,0.111111111111,144,0.0821678321678,3.17652590169,23.5,12.6268656716,13.21875,18.4326405532,0.784367683113,0.432373752298,15.0270152995,1.27889491911,0.625320133964,8.37620672864,0.712868657756,0.405839571841,1.16655614388,0.367242761425,4.12012112432,3.17652590169,1.16655614388,4.12012112432,0.425256424484,0.455876778884,8820,0.018098099084,0.0878467043366,144,144,144,1,0,0.0694444444444,0.819444444444,0.111111111111,144,1938,0.0941142191142,3.34215967896,26.9166666667,14.3555555556,15.140625,21.0316112395,0.781360169888,0.431361799106,16.5718925406,1.23134805255,0.609878454306,10.2853517946,0.764236665852,0.430154225433,1.20751077214,0.361296553165,4.27753524083,3.34215967896,1.20751077214,4.27753524083,0.474675018845,0.522911086776,13211,0.0271081617913,0.114810178152,144,144,144,1,0,0.0625,0.826388888889,0.111111111111,-177,-0.00859557109557,0.0587591596218,-2.45833333333,-1.08240064882,-1.3828125,-2.09433610456,-0.00590612267531,-0.000178784030721,-2.14591198593,-0.0430556598919,-0.0124849552031,-0.134148985366,0.054823846791,0.0284501277181,0.0816544548606,0.0184031685037,0.132096231895,0.0587591596218,0.0816544548606,0.132096231895,-0.0315998440504,-0.0251148214191,-3006,-0.006168127647,-0.000999341511121,0.0138888888889,-0.0138888888889,0,1935,3,180,18474,0.914893617021,0.99983763598,0.000162364020133,0.0851063829787,0.998452012384,0.914893617021,0.954848260548,0.951046080937,0.914731253001,0.913597733711,246,423,0,5,1,5
88,WLNM_dir_neg_kfold,0.822784456404,0.293230174549,00:00:22,10,80,10,13355,threshold_sweep,0.7,0.987804878049,0.574468085106,0.726457399103,243,3,180,843,0.574468085106,0.996453900709,0.00354609929078,0.425531914894,0.987804878049,0.574468085106,0.726457399103,0.855791962175,0.602048857368,0.637623762376,0.68081131101,0.570921985816,2154,1731,423,0,2154,0,1731,0,423,144,2115,0.10270979021,3.28340051934,29.375,15.4379562044,16.5234375,23.125947344,0.787266292563,0.431540583136,18.7178045265,1.27440371245,0.622363409509,10.41950078,0.709412819061,0.401704097715,1.12585631727,0.342893384662,4.14543900894,3.28340051934,1.12585631727,4.14543900894,0.506274862896,0.548025908195,16217,0.0332762894383,0.115809519663,144,144,144,1,0,0.0486111111111,0.840277777778,0.111111111111,144,0.0821678321678,3.17652590169,23.5,12.6268656716,13.21875,18.4326405532,0.784367683113,0.432373752298,15.0270152995,1.27889491911,0.625320133964,8.37620672864,0.712868657756,0.405839571841,1.16655614388,0.367242761425,4.12012112432,3.17652590169,1.16655614388,4.12012112432,0.425256424484,0.455876778884,8820,0.018098099084,0.0878467043366,144,144,144,1,0,0.0694444444444,0.819444444444,0.111111111111,144,1938,0.0941142191142,3.34215967896,26.9166666667,14.3555555556,15.140625,21.0316112395,0.781360169888,0.431361799106,16.5718925406,1.23134805255,0.609878454306,10.2853517946,0.764236665852,0.430154225433,1.20751077214,0.361296553165,4.27753524083,3.34215967896,1.20751077214,4.27753524083,0.474675018845,0.522911086776,13211,0.0271081617913,0.114810178152,144,144,144,1,0,0.0625,0.826388888889,0.111111111111,-177,-0.00859557109557,0.0587591596218,-2.45833333333,-1.08240064882,-1.3828125,-2.09433610456,-0.00590612267531,-0.000178784030721,-2.14591198593,-0.0430556598919,-0.0124849552031,-0.134148985366,0.054823846791,0.0284501277181,0.0816544548606,0.0184031685037,0.132096231895,0.0587591596218,0.0816544548606,0.132096231895,-0.0315998440504,-0.0251148214191,-3006,-0.006168127647,-0.000999341511121,0.0138888888889,-0.0138888888889,0,1935,3,180,18474,0.914893617021,0.99983763598,0.000162364020133,0.0851063829787,0.998452012384,0.914893617021,0.954848260548,0.951046080937,0.914731253001,0.913597733711,246,423,0,5,1,5
89,WLNM_dir_neg_kfold,0.822784456404,0.293230174549,00:00:22,10,80,10,13355,threshold_sweep,0.8,0.987804878049,0.574468085106,0.726457399103,243,3,180,843,0.574468085106,0.996453900709,0.00354609929078,0.425531914894,0.987804878049,0.574468085106,0.726457399103,0.855791962175,0.602048857368,0.637623762376,0.68081131101,0.570921985816,2154,1731,423,0,2154,0,1731,0,423,144,2115,0.10270979021,3.28340051934,29.375,15.4379562044,16.5234375,23.125947344,0.787266292563,0.431540583136,18.7178045265,1.27440371245,0.622363409509,10.41950078,0.709412819061,0.401704097715,1.12585631727,0.342893384662,4.14543900894,3.28340051934,1.12585631727,4.14543900894,0.506274862896,0.548025908195,16217,0.0332762894383,0.115809519663,144,144,144,1,0,0.0486111111111,0.840277777778,0.111111111111,144,0.0821678321678,3.17652590169,23.5,12.6268656716,13.21875,18.4326405532,0.784367683113,0.432373752298,15.0270152995,1.27889491911,0.625320133964,8.37620672864,0.712868657756,0.405839571841,1.16655614388,0.367242761425,4.12012112432,3.17652590169,1.16655614388,4.12012112432,0.425256424484,0.455876778884,8820,0.018098099084,0.0878467043366,144,144,144,1,0,0.0694444444444,0.819444444444,0.111111111111,144,1938,0.0941142191142,3.34215967896,26.9166666667,14.3555555556,15.140625,21.0316112395,0.781360169888,0.431361799106,16.5718925406,1.23134805255,0.609878454306,10.2853517946,0.764236665852,0.430154225433,1.20751077214,0.361296553165,4.27753524083,3.34215967896,1.20751077214,4.27753524083,0.474675018845,0.522911086776,13211,0.0271081617913,0.114810178152,144,144,144,1,0,0.0625,0.826388888889,0.111111111111,-177,-0.00859557109557,0.0587591596218,-2.45833333333,-1.08240064882,-1.3828125,-2.09433610456,-0.00590612267531,-0.000178784030721,-2.14591198593,-0.0430556598919,-0.0124849552031,-0.134148985366,0.054823846791,0.0284501277181,0.0816544548606,0.0184031685037,0.132096231895,0.0587591596218,0.0816544548606,0.132096231895,-0.0315998440504,-0.0251148214191,-3006,-0.006168127647,-0.000999341511121,0.0138888888889,-0.0138888888889,0,1935,3,180,18474,0.914893617021,0.99983763598,0.000162364020133,0.0851063829787,0.998452012384,0.914893617021,0.954848260548,0.951046080937,0.914731253001,0.913597733711,246,423,0,5,1,5
90,WLNM_dir_neg_kfold,0.822784456404,0.293230174549,00:00:22,10,80,10,13355,threshold_sweep,0.9,0.987804878049,0.574468085106,0.726457399103,243,3,180,843,0.574468085106,0.996453900709,0.00354609929078,0.425531914894,0.987804878049,0.574468085106,0.726457399103,0.855791962175,0.602048857368,0.637623762376,0.68081131101,0.570921985816,2154,1731,423,0,2154,0,1731,0,423,144,2115,0.10270979021,3.28340051934,29.375,15.4379562044,16.5234375,23.125947344,0.787266292563,0.431540583136,18.7178045265,1.27440371245,0.622363409509,10.41950078,0.709412819061,0.401704097715,1.12585631727,0.342893384662,4.14543900894,3.28340051934,1.12585631727,4.14543900894,0.506274862896,0.548025908195,16217,0.0332762894383,0.115809519663,144,144,144,1,0,0.0486111111111,0.840277777778,0.111111111111,144,0.0821678321678,3.17652590169,23.5,12.6268656716,13.21875,18.4326405532,0.784367683113,0.432373752298,15.0270152995,1.27889491911,0.625320133964,8.37620672864,0.712868657756,0.405839571841,1.16655614388,0.367242761425,4.12012112432,3.17652590169,1.16655614388,4.12012112432,0.425256424484,0.455876778884,8820,0.018098099084,0.0878467043366,144,144,144,1,0,0.0694444444444,0.819444444444,0.111111111111,144,1938,0.0941142191142,3.34215967896,26.9166666667,14.3555555556,15.140625,21.0316112395,0.781360169888,0.431361799106,16.5718925406,1.23134805255,0.609878454306,10.2853517946,0.764236665852,0.430154225433,1.20751077214,0.361296553165,4.27753524083,3.34215967896,1.20751077214,4.27753524083,0.474675018845,0.522911086776,13211,0.0271081617913,0.114810178152,144,144,144,1,0,0.0625,0.826388888889,0.111111111111,-177,-0.00859557109557,0.0587591596218,-2.45833333333,-1.08240064882,-1.3828125,-2.09433610456,-0.00590612267531,-0.000178784030721,-2.14591198593,-0.0430556598919,-0.0124849552031,-0.134148985366,0.054823846791,0.0284501277181,0.0816544548606,0.0184031685037,0.132096231895,0.0587591596218,0.0816544548606,0.132096231895,-0.0315998440504,-0.0251148214191,-3006,-0.006168127647,-0.000999341511121,0.0138888888889,-0.0138888888889,0,1935,3,180,18474,0.914893617021,0.99983763598,0.000162364020133,0.0851063829787,0.998452012384,0.914893617021,0.954848260548,0.951046080937,0.914731253001,0.913597733711,246,423,0,5,1,5
91,WLNM_dir_neg_kfold,0.868136243985,0.348138635374,00:00:21,10,80,11,13356,threshold_sweep,0.1,0.936329588015,0.591016548463,0.724637681159,250,17,173,829,0.591016548463,0.979905437352,0.0200945626478,0.408983451537,0.936329588015,0.591016548463,0.724637681159,0.850275807723,0.596532702916,0.62890625,0.660302043719,0.570921985816,2154,1731,423,0,2154,0,1731,0,423,144,2115,0.10270979021,3.28340051934,29.375,15.4379562044,16.5234375,23.125947344,0.787266292563,0.431540583136,18.7178045265,1.27440371245,0.622363409509,10.41950078,0.709412819061,0.401704097715,1.12585631727,0.342893384662,4.14543900894,3.28340051934,1.12585631727,4.14543900894,0.506274862896,0.548025908195,16217,0.0332762894383,0.115809519663,144,144,144,1,0,0.0486111111111,0.840277777778,0.111111111111,144,0.0821678321678,3.17652590169,23.5,12.6268656716,13.21875,18.4326405532,0.784367683113,0.432373752298,15.0270152995,1.27889491911,0.625320133964,8.37620672864,0.712868657756,0.405839571841,1.16655614388,0.367242761425,4.12012112432,3.17652590169,1.16655614388,4.12012112432,0.425256424484,0.455876778884,8820,0.018098099084,0.0878467043366,144,144,144,1,0,0.0694444444444,0.819444444444,0.111111111111,144,1959,0.095134032634,NaN,27.2083333333,13.6041666667,15.3046875,21.0689427749,0.774356242874,0.428630678918,16.5610625778,1.21735222624,0.599295984346,10.4059011969,0.76490544786,0.430381855822,NaN,NaN,NaN,NaN,NaN,NaN,0.471477469784,0.523615804523,13429,0.0275554844217,0.107423124363,144,144,0,1,2,0,0.888888888889,0.111111111111,-156,-0.00757575757576,NaN,-2.16666666667,-1.83378953771,-1.21875,-2.05700456918,-0.0129100496893,-0.00290990421851,-2.15674194872,-0.0570514862046,-0.023067425163,-0.0135995830251,0.0554926287993,0.0286777581074,NaN,NaN,NaN,NaN,NaN,NaN,-0.0347973931119,-0.0244101036719,-2788,-0.00572080501658,-0.00838639530025,-0.0486111111111,0.0486111111111,0,1942,17,173,18460,0.918203309693,0.999079937219,0.000920062780754,0.0817966903073,0.991322103114,0.918203309693,0.953362788414,0.949108290488,0.917283246912,0.910881801126,267,423,0,5,1,5
92,WLNM_dir_neg_kfold,0.868136243985,0.348138635374,00:00:21,10,80,11,13356,threshold_sweep,0.2,0.964566929134,0.579196217494,0.723781388479,245,9,178,837,0.579196217494,0.989361702128,0.0106382978723,0.420803782506,0.964566929134,0.579196217494,0.723781388479,0.852639873916,0.599947465196,0.631648063033,0.669854067903,0.568557919622,2154,1731,423,0,2154,0,1731,0,423,144,2115,0.10270979021,3.28340051934,29.375,15.4379562044,16.5234375,23.125947344,0.787266292563,0.431540583136,18.7178045265,1.27440371245,0.622363409509,10.41950078,0.709412819061,0.401704097715,1.12585631727,0.342893384662,4.14543900894,3.28340051934,1.12585631727,4.14543900894,0.506274862896,0.548025908195,16217,0.0332762894383,0.115809519663,144,144,144,1,0,0.0486111111111,0.840277777778,0.111111111111,144,0.0821678321678,3.17652590169,23.5,12.6268656716,13.21875,18.4326405532,0.784367683113,0.432373752298,15.0270152995,1.27889491911,0.625320133964,8.37620672864,0.712868657756,0.405839571841,1.16655614388,0.367242761425,4.12012112432,3.17652590169,1.16655614388,4.12012112432,0.425256424484,0.455876778884,8820,0.018098099084,0.0878467043366,144,144,144,1,0,0.0694444444444,0.819444444444,0.111111111111,144,1946,0.0945027195027,4.74004699239,27.0277777778,13.8014184397,15.203125,21.0799160189,0.779935227831,0.431147938792,16.6073478182,1.22890960217,0.605950953523,10.2895058979,0.761402286385,0.429449297705,1.34322685448,0.283378383512,5.63688234179,4.74004699239,1.34322685448,5.63688234179,0.473243634995,0.52588484579,13402,0.0275000820775,0.10713986408,144,144,144,1,0,0.0208333333333,0.868055555556,0.111111111111,-169,-0.00820707070707,1.45664647306,-2.34722222222,-1.63653776466,-1.3203125,-2.04603132517,-0.00733106473219,-0.000392644344504,-2.11045670836,-0.0454941102777,-0.0164124559859,-0.129994882006,0.0519894673239,0.02774519999,0.217370537202,-0.0595150011492,1.49144333285,1.45664647306,0.217370537202,1.49144333285,-0.0330312279009,-0.0221410624052,-2815,-0.00577620736071,-0.00866965558342,-0.0277777777778,0.0277777777778,0,1937,9,178,18468,0.915839243499,0.99951290794,0.000487092060399,0.0841607565012,0.995375128469,0.915839243499,0.953952228515,0.94993713176,0.915352151438,0.911958568738,254,423,0,5,1,5
93,WLNM_dir_neg_kfold,0.868136243985,0.348138635374,00:00:21,10,80,11,13356,threshold_sweep,0.3,0.964143426295,0.572104018913,0.718100890208,242,9,181,837,0.572104018913,0.989361702128,0.0106382978723,0.427895981087,0.964143426295,0.572104018913,0.718100890208,0.850275807723,0.60073548726,0.625,0.66445850092,0.56146572104,2154,1731,423,0,2154,0,1731,0,423,144,2115,0.10270979021,3.28340051934,29.375,15.4379562044,16.5234375,23.125947344,0.787266292563,0.431540583136,18.7178045265,1.27440371245,0.622363409509,10.41950078,0.709412819061,0.401704097715,1.12585631727,0.342893384662,4.14543900894,3.28340051934,1.12585631727,4.14543900894,0.506274862896,0.548025908195,16217,0.0332762894383,0.115809519663,144,144,144,1,0,0.0486111111111,0.840277777778,0.111111111111,144,0.0821678321678,3.17652590169,23.5,12.6268656716,13.21875,18.4326405532,0.784367683113,0.432373752298,15.0270152995,1.27889491911,0.625320133964,8.37620672864,0.712868657756,0.405839571841,1.16655614388,0.367242761425,4.12012112432,3.17652590169,1.16655614388,4.12012112432,0.425256424484,0.455876778884,8820,0.018098099084,0.0878467043366,144,144,144,1,0,0.0694444444444,0.819444444444,0.111111111111,144,1943,0.094357031857,4.58440759422,26.9861111111,13.8785714286,15.1796875,21.0450685588,0.77984814011,0.431009464173,16.5791159084,1.22871471478,0.606418339338,10.2745503553,0.761469506518,0.429458311889,1.35176279805,0.294860954282,5.53725108989,4.58440759422,1.35176279805,5.53725108989,0.469314741764,0.524479378535,13323,0.0273379789225,0.107771032064,144,144,144,1,0,0.0277777777778,0.861111111111,0.111111111111,-172,-0.00835275835276,1.30100707489,-2.38888888889,-1.55938477581,-1.34375,-2.08087878524,-0.00741815245295,-0.000531118962942,-2.13868861813,-0.0456889976683,-0.015945070171,-0.144950424642,0.0520566874576,0.0277542141741,0.225906480775,-0.0480324303796,1.39181208095,1.30100707489,0.225906480775,1.39181208095,-0.0369601211314,-0.0235465296601,-2894,-0.00593831051578,-0.00803848759943,-0.0208333333333,0.0208333333333,0,1934,9,181,18468,0.914420803783,0.99951290794,0.000487092060399,0.0855791962175,0.995367987648,0.914420803783,0.953178905865,0.949120683281,0.913933711722,0.91054613936,251,423,0,5,1,5
94,WLNM_dir_neg_kfold,0.868136243985,0.348138635374,00:00:21,10,80,11,13356,threshold_sweep,0.4,0.967871485944,0.569739952719,0.717261904762,241,8,182,838,0.569739952719,0.990543735225,0.00945626477541,0.430260047281,0.967871485944,0.569739952719,0.717261904762,0.850275807723,0.601260835303,0.624505928854,0.665064221067,0.560283687943,2154,1731,423,0,2154,0,1731,0,423,144,2115,0.10270979021,3.28340051934,29.375,15.4379562044,16.5234375,23.125947344,0.787266292563,0.431540583136,18.7178045265,1.27440371245,0.622363409509,10.41950078,0.709412819061,0.401704097715,1.12585631727,0.342893384662,4.14543900894,3.28340051934,1.12585631727,4.14543900894,0.506274862896,0.548025908195,16217,0.0332762894383,0.115809519663,144,144,144,1,0,0.0486111111111,0.840277777778,0.111111111111,144,0.0821678321678,3.17652590169,23.5,12.6268656716,13.21875,18.4326405532,0.784367683113,0.432373752298,15.0270152995,1.27889491911,0.625320133964,8.37620672864,0.712868657756,0.405839571841,1.16655614388,0.367242761425,4.12012112432,3.17652590169,1.16655614388,4.12012112432,0.425256424484,0.455876778884,8820,0.018098099084,0.0878467043366,144,144,144,1,0,0.0694444444444,0.819444444444,0.111111111111,144,1941,0.0942599067599,4.58646320333,26.9583333333,13.8642857143,15.1640625,21.0157699695,0.77956488295,0.430981309749,16.5782605775,1.2299173226,0.607086123991,10.2527286152,0.760635198651,0.429027849333,1.35332411282,0.295069218441,5.53912588158,4.58646320333,1.35332411282,5.53912588158,0.469648578487,0.524608031095,13317,0.0273256672905,0.107942896164,144,144,144,1,0,0.0277777777778,0.861111111111,0.111111111111,-174,-0.00844988344988,1.30306268399,-2.41666666667,-1.57367049009,-1.359375,-2.1101773745,-0.00770140961271,-0.00055927338763,-2.13954394902,-0.0444863898469,-0.0152772855177,-0.166772164804,0.0512223795903,0.0273237516184,0.227467795541,-0.0478241662205,1.39368687265,1.30306268399,0.227467795541,1.39368687265,-0.036626284409,-0.0234178771,-2900,-0.00595062214781,-0.00786662349888,-0.0208333333333,0.0208333333333,0,1933,8,182,18469,0.913947990544,0.99956702928,0.000432970720355,0.0860520094563,0.995878413189,0.913947990544,0.95315581854,0.94912361435,0.913515019823,0.910504003768,249,423,0,5,1,5
95,WLNM_dir_neg_kfold,0.868136243985,0.348138635374,00:00:21,10,80,11,13356,threshold_sweep,0.5,0.967871485944,0.569739952719,0.717261904762,241,8,182,838,0.569739952719,0.990543735225,0.00945626477541,0.430260047281,0.967871485944,0.569739952719,0.717261904762,0.850275807723,0.601260835303,0.624505928854,0.665064221067,0.560283687943,2154,1731,423,0,2154,0,1731,0,423,144,2115,0.10270979021,3.28340051934,29.375,15.4379562044,16.5234375,23.125947344,0.787266292563,0.431540583136,18.7178045265,1.27440371245,0.622363409509,10.41950078,0.709412819061,0.401704097715,1.12585631727,0.342893384662,4.14543900894,3.28340051934,1.12585631727,4.14543900894,0.506274862896,0.548025908195,16217,0.0332762894383,0.115809519663,144,144,144,1,0,0.0486111111111,0.840277777778,0.111111111111,144,0.0821678321678,3.17652590169,23.5,12.6268656716,13.21875,18.4326405532,0.784367683113,0.432373752298,15.0270152995,1.27889491911,0.625320133964,8.37620672864,0.712868657756,0.405839571841,1.16655614388,0.367242761425,4.12012112432,3.17652590169,1.16655614388,4.12012112432,0.425256424484,0.455876778884,8820,0.018098099084,0.0878467043366,144,144,144,1,0,0.0694444444444,0.819444444444,0.111111111111,144,1941,0.0942599067599,4.58646320333,26.9583333333,13.8642857143,15.1640625,21.0157699695,0.77956488295,0.430981309749,16.5782605775,1.2299173226,0.607086123991,10.2527286152,0.760635198651,0.429027849333,1.35332411282,0.295069218441,5.53912588158,4.58646320333,1.35332411282,5.53912588158,0.469648578487,0.524608031095,13317,0.0273256672905,0.107942896164,144,144,144,1,0,0.0277777777778,0.861111111111,0.111111111111,-174,-0.00844988344988,1.30306268399,-2.41666666667,-1.57367049009,-1.359375,-2.1101773745,-0.00770140961271,-0.00055927338763,-2.13954394902,-0.0444863898469,-0.0152772855177,-0.166772164804,0.0512223795903,0.0273237516184,0.227467795541,-0.0478241662205,1.39368687265,1.30306268399,0.227467795541,1.39368687265,-0.036626284409,-0.0234178771,-2900,-0.00595062214781,-0.00786662349888,-0.0208333333333,0.0208333333333,0,1933,8,182,18469,0.913947990544,0.99956702928,0.000432970720355,0.0860520094563,0.995878413189,0.913947990544,0.95315581854,0.94912361435,0.913515019823,0.910504003768,249,423,0,5,1,5
96,WLNM_dir_neg_kfold,0.868136243985,0.348138635374,00:00:21,10,80,11,13356,threshold_sweep,0.6,0.967611336032,0.565011820331,0.713432835821,239,8,184,838,0.565011820331,0.990543735225,0.00945626477541,0.434988179669,0.967611336032,0.565011820331,0.713432835821,0.848699763593,0.601786183346,0.620052770449,0.661468146999,0.555555555556,2154,1731,423,0,2154,0,1731,0,423,144,2115,0.10270979021,3.28340051934,29.375,15.4379562044,16.5234375,23.125947344,0.787266292563,0.431540583136,18.7178045265,1.27440371245,0.622363409509,10.41950078,0.709412819061,0.401704097715,1.12585631727,0.342893384662,4.14543900894,3.28340051934,1.12585631727,4.14543900894,0.506274862896,0.548025908195,16217,0.0332762894383,0.115809519663,144,144,144,1,0,0.0486111111111,0.840277777778,0.111111111111,144,0.0821678321678,3.17652590169,23.5,12.6268656716,13.21875,18.4326405532,0.784367683113,0.432373752298,15.0270152995,1.27889491911,0.625320133964,8.37620672864,0.712868657756,0.405839571841,1.16655614388,0.367242761425,4.12012112432,3.17652590169,1.16655614388,4.12012112432,0.425256424484,0.455876778884,8820,0.018098099084,0.0878467043366,144,144,144,1,0,0.0694444444444,0.819444444444,0.111111111111,144,1939,0.0941627816628,4.58709164541,26.9305555556,13.85,15.1484375,20.9950552879,0.77959978377,0.430917282677,16.5457252394,1.22876969287,0.606773967108,10.2390403249,0.760403201026,0.4288830153,1.353981956,0.295172205107,5.53915068926,4.58709164541,1.353981956,5.53915068926,0.469467333864,0.524147278661,13277,0.0272435897436,0.107873549078,144,144,144,1,0,0.0277777777778,0.861111111111,0.111111111111,-176,-0.00854700854701,1.30369112607,-2.44444444444,-1.58795620438,-1.375,-2.13089205613,-0.00766650879347,-0.000623300459117,-2.17207928711,-0.0456340195741,-0.0155894424009,-0.18046045503,0.0509903819651,0.0271789175852,0.228125638727,-0.0477211795549,1.39371168032,1.30369112607,0.228125638727,1.39371168032,-0.0368075290314,-0.023878629534,-2940,-0.00603269969467,-0.00793597058481,-0.0208333333333,0.0208333333333,0,1931,8,184,18469,0.913002364066,0.99956702928,0.000432970720355,0.0869976359338,0.995874161939,0.913002364066,0.952639368525,0.948579128087,0.912569393346,0.90956194065,247,423,0,5,1,5
97,WLNM_dir_neg_kfold,0.868136243985,0.348138635374,00:00:21,10,80,11,13356,threshold_sweep,0.7,0.971544715447,0.565011820331,0.714499252616,239,7,184,839,0.565011820331,0.991725768322,0.00827423167849,0.434988179669,0.971544715447,0.565011820331,0.714499252616,0.849487785658,0.602048857368,0.621782178218,0.663896744277,0.556737588652,2154,1731,423,0,2154,0,1731,0,423,144,2115,0.10270979021,3.28340051934,29.375,15.4379562044,16.5234375,23.125947344,0.787266292563,0.431540583136,18.7178045265,1.27440371245,0.622363409509,10.41950078,0.709412819061,0.401704097715,1.12585631727,0.342893384662,4.14543900894,3.28340051934,1.12585631727,4.14543900894,0.506274862896,0.548025908195,16217,0.0332762894383,0.115809519663,144,144,144,1,0,0.0486111111111,0.840277777778,0.111111111111,144,0.0821678321678,3.17652590169,23.5,12.6268656716,13.21875,18.4326405532,0.784367683113,0.432373752298,15.0270152995,1.27889491911,0.625320133964,8.37620672864,0.712868657756,0.405839571841,1.16655614388,0.367242761425,4.12012112432,3.17652590169,1.16655614388,4.12012112432,0.425256424484,0.455876778884,8820,0.018098099084,0.0878467043366,144,144,144,1,0,0.0694444444444,0.819444444444,0.111111111111,144,1938,0.0941142191142,4.58709164541,26.9166666667,13.8428571429,15.140625,20.9973358283,0.78008678,0.431085884646,16.5507800927,1.22977932578,0.607384474258,10.2355987865,0.760539847911,0.428907235409,1.353981956,0.295172205107,5.53915068926,4.58709164541,1.353981956,5.53915068926,0.469314949243,0.524306744266,13273,0.0272353819889,0.107398327932,144,144,144,1,0,0.0277777777778,0.861111111111,0.111111111111,-177,-0.00859557109557,1.30369112607,-2.45833333333,-1.59509906152,-1.3828125,-2.1286115157,-0.00717951256289,-0.000454698490072,-2.1670244338,-0.0446243866686,-0.0149789352513,-0.183901993491,0.0511270288499,0.027203137694,0.228125638727,-0.0477211795549,1.39371168032,1.30369112607,0.228125638727,1.39371168032,-0.036959913653,-0.0237191639292,-2944,-0.00604090744936,-0.00841119173058,-0.0208333333333,0.0208333333333,0,1931,7,184,18470,0.913002364066,0.99962115062,0.000378849380311,0.0869976359338,0.996388028896,0.913002364066,0.952874414014,0.948854665417,0.912623514686,0.909990574929,246,423,0,5,1,5
98,WLNM_dir_neg_kfold,0.868136243985,0.348138635374,00:00:21,10,80,11,13356,threshold_sweep,0.8,0.975409836066,0.562647754137,0.713643178411,238,6,185,840,0.562647754137,0.992907801418,0.00709219858156,0.437352245863,0.975409836066,0.562647754137,0.713643178411,0.849487785658,0.602574205411,0.621282220753,0.664547478108,0.555555555556,2154,1731,423,0,2154,0,1731,0,423,144,2115,0.10270979021,3.28340051934,29.375,15.4379562044,16.5234375,23.125947344,0.787266292563,0.431540583136,18.7178045265,1.27440371245,0.622363409509,10.41950078,0.709412819061,0.401704097715,1.12585631727,0.342893384662,4.14543900894,3.28340051934,1.12585631727,4.14543900894,0.506274862896,0.548025908195,16217,0.0332762894383,0.115809519663,144,144,144,1,0,0.0486111111111,0.840277777778,0.111111111111,144,0.0821678321678,3.17652590169,23.5,12.6268656716,13.21875,18.4326405532,0.784367683113,0.432373752298,15.0270152995,1.27889491911,0.625320133964,8.37620672864,0.712868657756,0.405839571841,1.16655614388,0.367242761425,4.12012112432,3.17652590169,1.16655614388,4.12012112432,0.425256424484,0.455876778884,8820,0.018098099084,0.0878467043366,144,144,144,1,0,0.0694444444444,0.819444444444,0.111111111111,144,1936,0.0940170940171,4.52967856562,26.8888888889,14.0289855072,15.125,21.0008694829,0.781024071677,0.431570678375,16.5617208735,1.23186353604,0.60897325528,10.2061120984,0.759132304838,0.428338785583,1.39846059226,0.308732854218,5.4065592453,4.52967856562,1.39846059226,5.4065592453,0.474538119744,0.524923863891,13272,0.0272333300502,0.108828687761,144,144,144,1,0,0.0416666666667,0.847222222222,0.111111111111,-179,-0.0086926961927,1.24627804629,-2.48611111111,-1.40897069713,-1.3984375,-2.12507786117,-0.00624222088619,3.00952383276e-05,-2.15608365307,-0.0425401764023,-0.0133901542287,-0.213388681574,0.0497194857775,0.0266346878684,0.272604274981,-0.0341605304435,1.26112023636,1.24627804629,0.272604274981,1.26112023636,-0.031736743152,-0.0231020443038,-2945,-0.00604295938803,-0.00698083190193,-0.00694444444444,0.00694444444444,0,1930,6,185,18471,0.912529550827,0.99967527196,0.000324728040266,0.0874704491726,0.996900826446,0.912529550827,0.952851147865,0.94885824618,0.912204822787,0.909948137671,244,423,0,5,1,5
99,WLNM_dir_neg_kfold,0.868136243985,0.348138635374,00:00:21,10,80,11,13356,threshold_sweep,0.9,0.98347107438,0.562647754137,0.715789473684,238,4,185,842,0.562647754137,0.995271867612,0.00472813238771,0.437352245863,0.98347107438,0.562647754137,0.715789473684,0.851063829787,0.603099553454,0.624751819987,0.669474587008,0.557919621749,2154,1731,423,0,2154,0,1731,0,423,144,2115,0.10270979021,3.28340051934,29.375,15.4379562044,16.5234375,23.125947344,0.787266292563,0.431540583136,18.7178045265,1.27440371245,0.622363409509,10.41950078,0.709412819061,0.401704097715,1.12585631727,0.342893384662,4.14543900894,3.28340051934,1.12585631727,4.14543900894,0.506274862896,0.548025908195,16217,0.0332762894383,0.115809519663,144,144,144,1,0,0.0486111111111,0.840277777778,0.111111111111,144,0.0821678321678,3.17652590169,23.5,12.6268656716,13.21875,18.4326405532,0.784367683113,0.432373752298,15.0270152995,1.27889491911,0.625320133964,8.37620672864,0.712868657756,0.405839571841,1.16655614388,0.367242761425,4.12012112432,3.17652590169,1.16655614388,4.12012112432,0.425256424484,0.455876778884,8820,0.018098099084,0.0878467043366,144,144,144,1,0,0.0694444444444,0.819444444444,0.111111111111,144,1934,0.09391996892,3.89885220255,26.8611111111,14.2205882353,15.109375,21.0190094153,0.782507072336,0.43231500632,16.5726427103,1.23395064647,0.610536596576,10.2053412436,0.75985994782,0.428652476158,1.25495592897,0.321878302579,4.7481689287,3.89885220255,1.25495592897,4.7481689287,0.47089487515,0.524841688654,13261,0.0272107587248,0.111245208599,144,144,144,1,0,0.0555555555556,0.833333333333,0.111111111111,-181,-0.00878982128982,0.615451683219,-2.51388888889,-1.21736796909,-1.4140625,-2.10693792878,-0.00475922022672,0.000774423183332,-2.14516181626,-0.0404530659716,-0.0118268129329,-0.214159536323,0.0504471287588,0.0269483784429,0.129099611692,-0.0210150820821,0.602729919758,0.615451683219,0.129099611692,0.602729919758,-0.0353799877456,-0.0231842195405,-2956,-0.00606553071342,-0.00456431106396,0.00694444444444,-0.00694444444444,0,1930,4,185,18473,0.912529550827,0.99978351464,0.000216485360178,0.0874704491726,0.997931747673,0.912529550827,0.953321807854,0.949410500177,0.912313065467,0.910806984427,242,423,0,5,1,5
100,WLNM_dir_neg_kfold,0.906211402288,0.413127191461,00:00:21,10,80,12,13357,threshold_sweep,0.1,0.964980544747,0.586288416076,0.729411764706,248,9,175,837,0.586288416076,0.989361702128,0.0106382978723,0.413711583924,0.964980544747,0.586288416076,0.729411764706,0.85500394011,0.599159443131,0.638269986894,0.675238420737,0.575650118203,2154,1731,423,0,2154,0,1731,0,423,144,2115,0.10270979021,3.28340051934,29.375,15.4379562044,16.5234375,23.125947344,0.787266292563,0.431540583136,18.7178045265,1.27440371245,0.622363409509,10.41950078,0.709412819061,0.401704097715,1.12585631727,0.342893384662,4.14543900894,3.28340051934,1.12585631727,4.14543900894,0.506274862896,0.548025908195,16217,0.0332762894383,0.115809519663,144,144,144,1,0,0.0486111111111,0.840277777778,0.111111111111,144,0.0821678321678,3.17652590169,23.5,12.6268656716,13.21875,18.4326405532,0.784367683113,0.432373752298,15.0270152995,1.27889491911,0.625320133964,8.37620672864,0.712868657756,0.405839571841,1.16655614388,0.367242761425,4.12012112432,3.17652590169,1.16655614388,4.12012112432,0.425256424484,0.455876778884,8820,0.018098099084,0.0878467043366,144,144,144,1,0,0.0694444444444,0.819444444444,0.111111111111,144,1949,0.0946484071484,4.20107182547,27.0694444444,13.8226950355,15.2265625,21.053263381,0.777750109509,0.429393991221,16.5482609292,1.22265242371,0.603853115558,10.3727137978,0.766378033289,0.429967647226,1.24609350277,0.296613234559,5.20222688023,4.20107182547,1.24609350277,5.20222688023,0.464641852365,0.521227467135,13243,0.0271738238288,0.109786527543,144,144,144,1,0,0.0208333333333,0.868055555556,0.111111111111,-166,-0.00806138306138,0.917671306133,-2.30555555556,-1.61526116892,-1.296875,-2.07268396304,-0.00951618305457,-0.00214659191576,-2.16954359729,-0.0517512887348,-0.018510293951,-0.0467869821739,0.0569652142283,0.0282635495118,0.120237185493,-0.0462801501024,1.05678787129,0.917671306133,0.120237185493,1.05678787129,-0.0416330105307,-0.0267984410594,-2974,-0.00610246560951,-0.00602299212016,-0.0277777777778,0.0277777777778,0,1940,9,175,18468,0.917257683215,0.99951290794,0.000487092060399,0.0827423167849,0.995382247306,0.917257683215,0.954724409449,0.950753141609,0.916770591155,0.913370998117,257,423,0,5,1,5
101,WLNM_dir_neg_kfold,0.906211402288,0.413127191461,00:00:21,10,80,12,13357,threshold_sweep,0.2,0.972222222222,0.579196217494,0.725925925926,245,7,178,839,0.579196217494,0.991725768322,0.00827423167849,0.420803782506,0.972222222222,0.579196217494,0.725925925926,0.854215918046,0.600472813239,0.635108481262,0.674638910665,0.570921985816,2154,1731,423,0,2154,0,1731,0,423,144,2115,0.10270979021,3.28340051934,29.375,15.4379562044,16.5234375,23.125947344,0.787266292563,0.431540583136,18.7178045265,1.27440371245,0.622363409509,10.41950078,0.709412819061,0.401704097715,1.12585631727,0.342893384662,4.14543900894,3.28340051934,1.12585631727,4.14543900894,0.506274862896,0.548025908195,16217,0.0332762894383,0.115809519663,144,144,144,1,0,0.0486111111111,0.840277777778,0.111111111111,144,0.0821678321678,3.17652590169,23.5,12.6268656716,13.21875,18.4326405532,0.784367683113,0.432373752298,15.0270152995,1.27889491911,0.625320133964,8.37620672864,0.712868657756,0.405839571841,1.16655614388,0.367242761425,4.12012112432,3.17652590169,1.16655614388,4.12012112432,0.425256424484,0.455876778884,8820,0.018098099084,0.0878467043366,144,144,144,1,0,0.0694444444444,0.819444444444,0.111111111111,144,1944,0.0944055944056,3.82532916826,27,13.8857142857,15.1875,21.0257916874,0.778733025461,0.42991969593,16.5529453572,1.22614410054,0.606338591678,10.2990256855,0.762890791516,0.429419581619,1.19492870296,0.312372779023,4.8276070062,3.82532916826,1.19492870296,4.8276070062,0.462952022456,0.521453797902,13190,0.0270650710792,0.108280363577,144,144,144,1,0,0.0277777777778,0.861111111111,0.111111111111,-171,-0.0083041958042,0.541928648919,-2.375,-1.55224191867,-1.3359375,-2.1001556566,-0.00853326710216,-0.00162088720583,-2.16485916929,-0.0482596119084,-0.0160248178307,-0.120475094488,0.0534779724553,0.0277154839039,0.0690723856895,-0.030520605639,0.682167997264,0.541928648919,0.0690723856895,0.682167997264,-0.0433228404398,-0.0265721102928,-3027,-0.00621121835911,-0.00752915608609,-0.0208333333333,0.0208333333333,0,1937,7,178,18470,0.915839243499,0.99962115062,0.000378849380311,0.0841607565012,0.996399176955,0.915839243499,0.954422271495,0.95048707312,0.915460394119,0.912818096136,252,423,0,5,1,5
102,WLNM_dir_neg_kfold,0.906211402288,0.413127191461,00:00:21,10,80,12,13357,threshold_sweep,0.3,0.983935742972,0.579196217494,0.729166666667,245,4,178,842,0.579196217494,0.995271867612,0.00472813238771,0.420803782506,0.983935742972,0.579196217494,0.729166666667,0.85657998424,0.601260835303,0.640316205534,0.681901289955,0.574468085106,2154,1731,423,0,2154,0,1731,0,423,144,2115,0.10270979021,3.28340051934,29.375,15.4379562044,16.5234375,23.125947344,0.787266292563,0.431540583136,18.7178045265,1.27440371245,0.622363409509,10.41950078,0.709412819061,0.401704097715,1.12585631727,0.342893384662,4.14543900894,3.28340051934,1.12585631727,4.14543900894,0.506274862896,0.548025908195,16217,0.0332762894383,0.115809519663,144,144,144,1,0,0.0486111111111,0.840277777778,0.111111111111,144,0.0821678321678,3.17652590169,23.5,12.6268656716,13.21875,18.4326405532,0.784367683113,0.432373752298,15.0270152995,1.27889491911,0.625320133964,8.37620672864,0.712868657756,0.405839571841,1.16655614388,0.367242761425,4.12012112432,3.17652590169,1.16655614388,4.12012112432,0.425256424484,0.455876778884,8820,0.018098099084,0.0878467043366,144,144,144,1,0,0.0694444444444,0.819444444444,0.111111111111,144,1941,0.0942599067599,3.67476862564,26.9583333333,14.0652173913,15.1640625,21.0240870851,0.779873400375,0.430412444902,16.5575785999,1.2283829564,0.607959098975,10.2922122436,0.763564432291,0.42966469174,1.19698881688,0.325731750437,4.53905457608,3.67476862564,1.19698881688,4.53905457608,0.463399255073,0.521787296898,13188,0.0270609672018,0.110912164033,144,144,144,1,0,0.0416666666667,0.847222222222,0.111111111111,-174,-0.00844988344988,0.391368106306,-2.41666666667,-1.37273881308,-1.359375,-2.10186025893,-0.00739289218818,-0.00112813823393,-2.16022592667,-0.0460207560405,-0.0144043105335,-0.127288536364,0.0541516132304,0.0279605940249,0.0711324996076,-0.0171616342243,0.393615567143,0.391368106306,0.0711324996076,0.393615567143,-0.0428756078224,-0.0262386112968,-3029,-0.00621532223645,-0.00489735563008,-0.00694444444444,0.00694444444444,0,1937,4,178,18473,0.915839243499,0.99978351464,0.000216485360178,0.0841607565012,0.997939206595,0.915839243499,0.955128205128,0.951313511795,0.915622758139,0.914110429448,249,423,0,5,1,5
103,WLNM_dir_neg_kfold,0.906211402288,0.413127191461,00:00:21,10,80,12,13357,threshold_sweep,0.4,0.987854251012,0.5768321513,0.728358208955,244,3,179,843,0.5768321513,0.996453900709,0.00354609929078,0.4231678487,0.987854251012,0.5768321513,0.728358208955,0.85657998424,0.601786183346,0.639841688654,0.682578832541,0.573286052009,2154,1731,423,0,2154,0,1731,0,423,144,2115,0.10270979021,3.28340051934,29.375,15.4379562044,16.5234375,23.125947344,0.787266292563,0.431540583136,18.7178045265,1.27440371245,0.622363409509,10.41950078,0.709412819061,0.401704097715,1.12585631727,0.342893384662,4.14543900894,3.28340051934,1.12585631727,4.14543900894,0.506274862896,0.548025908195,16217,0.0332762894383,0.115809519663,144,144,144,1,0,0.0486111111111,0.840277777778,0.111111111111,144,0.0821678321678,3.17652590169,23.5,12.6268656716,13.21875,18.4326405532,0.784367683113,0.432373752298,15.0270152995,1.27889491911,0.625320133964,8.37620672864,0.712868657756,0.405839571841,1.16655614388,0.367242761425,4.12012112432,3.17652590169,1.16655614388,4.12012112432,0.425256424484,0.455876778884,8820,0.018098099084,0.0878467043366,144,144,144,1,0,0.0694444444444,0.819444444444,0.111111111111,144,1939,0.0941627816628,3.39578623684,26.9305555556,14.2573529412,15.1484375,21.0256762038,0.780736816234,0.430684487995,16.5685324774,1.23046347434,0.609517362902,10.2751742329,0.763086688777,0.429398745058,1.20241626087,0.354090680923,4.30755521046,3.39578623684,1.20241626087,4.30755521046,0.461533530494,0.522205934789,13181,0.0270466036311,0.112477585024,144,144,144,1,0,0.0555555555556,0.833333333333,0.111111111111,-176,-0.00854700854701,0.1123857175,-2.44444444444,-1.1806032632,-1.375,-2.10027114019,-0.00652947632951,-0.000856095141371,-2.14927204917,-0.043940238107,-0.012846046607,-0.144326547043,0.0536738697166,0.0276946473429,0.0765599435967,0.0111972962618,0.162116201525,0.1123857175,0.0765599435967,0.162116201525,-0.0447413324018,-0.0258199734062,-3036,-0.00622968580715,-0.003331934639,0.00694444444444,-0.00694444444444,0,1936,3,179,18474,0.91536643026,0.99983763598,0.000162364020133,0.08463356974,0.998452810727,0.91536643026,0.955106068081,0.951317764442,0.91520406624,0.914069877243,247,423,0,5,1,5
104,WLNM_dir_neg_kfold,0.906211402288,0.413127191461,00:00:21,10,80,12,13357,threshold_sweep,0.5,0.987804878049,0.574468085106,0.726457399103,243,3,180,843,0.574468085106,0.996453900709,0.00354609929078,0.425531914894,0.987804878049,0.574468085106,0.726457399103,0.855791962175,0.602048857368,0.637623762376,0.68081131101,0.570921985816,2154,1731,423,0,2154,0,1731,0,423,144,2115,0.10270979021,3.28340051934,29.375,15.4379562044,16.5234375,23.125947344,0.787266292563,0.431540583136,18.7178045265,1.27440371245,0.622363409509,10.41950078,0.709412819061,0.401704097715,1.12585631727,0.342893384662,4.14543900894,3.28340051934,1.12585631727,4.14543900894,0.506274862896,0.548025908195,16217,0.0332762894383,0.115809519663,144,144,144,1,0,0.0486111111111,0.840277777778,0.111111111111,144,0.0821678321678,3.17652590169,23.5,12.6268656716,13.21875,18.4326405532,0.784367683113,0.432373752298,15.0270152995,1.27889491911,0.625320133964,8.37620672864,0.712868657756,0.405839571841,1.16655614388,0.367242761425,4.12012112432,3.17652590169,1.16655614388,4.12012112432,0.425256424484,0.455876778884,8820,0.018098099084,0.0878467043366,144,144,144,1,0,0.0694444444444,0.819444444444,0.111111111111,144,1938,0.0941142191142,3.37685060363,26.9166666667,14.3555555556,15.140625,21.0306137164,0.781323110205,0.431060801514,16.5740023062,1.23150481533,0.610286951038,10.2608462144,0.762415817786,0.429115067079,1.21708895306,0.360421320314,4.3037353314,3.37685060363,1.21708895306,4.3037353314,0.466182226809,0.522468124463,13181,0.0270466036311,0.113316091401,144,144,144,1,0,0.0625,0.826388888889,0.111111111111,-177,-0.00859557109557,0.0934500842911,-2.45833333333,-1.08240064882,-1.3828125,-2.09533362768,-0.00594318235787,-0.00047978162274,-2.14380222029,-0.0428988971202,-0.0120764584711,-0.158654565585,0.0530029987252,0.0274109693647,0.0912326357869,0.0175279356522,0.158296322458,0.0934500842911,0.0912326357869,0.158296322458,-0.0400926360865,-0.0255577837316,-3036,-0.00622968580715,-0.00249342826215,0.0138888888889,-0.0138888888889,0,1935,3,180,18474,0.914893617021,0.99983763598,0.000162364020133,0.0851063829787,0.998452012384,0.914893617021,0.954848260548,0.951046080937,0.914731253001,0.913597733711,246,423,0,5,1,5
105,WLNM_dir_neg_kfold,0.906211402288,0.413127191461,00:00:21,10,80,12,13357,threshold_sweep,0.6,0.991836734694,0.574468085106,0.72754491018,243,2,180,844,0.574468085106,0.997635933806,0.00236406619385,0.425531914894,0.991836734694,0.574468085106,0.72754491018,0.85657998424,0.60231153139,0.639365918098,0.683277851572,0.572104018913,2154,1731,423,0,2154,0,1731,0,423,144,2115,0.10270979021,3.28340051934,29.375,15.4379562044,16.5234375,23.125947344,0.787266292563,0.431540583136,18.7178045265,1.27440371245,0.622363409509,10.41950078,0.709412819061,0.401704097715,1.12585631727,0.342893384662,4.14543900894,3.28340051934,1.12585631727,4.14543900894,0.506274862896,0.548025908195,16217,0.0332762894383,0.115809519663,144,144,144,1,0,0.0486111111111,0.840277777778,0.111111111111,144,0.0821678321678,3.17652590169,23.5,12.6268656716,13.21875,18.4326405532,0.784367683113,0.432373752298,15.0270152995,1.27889491911,0.625320133964,8.37620672864,0.712868657756,0.405839571841,1.16655614388,0.367242761425,4.12012112432,3.17652590169,1.16655614388,4.12012112432,0.425256424484,0.455876778884,8820,0.018098099084,0.0878467043366,144,144,144,1,0,0.0694444444444,0.819444444444,0.111111111111,144,1937,0.0940656565657,3.17353239338,26.9027777778,14.4552238806,15.1328125,21.0405268103,0.782094956293,0.431462599667,16.5794674015,1.23254687961,0.611050163483,10.258770671,0.76265512474,0.429196781965,1.14420816622,0.360547183514,4.07320071692,3.17353239338,1.14420816622,4.07320071692,0.46596467915,0.522507996088,13178,0.0270404478151,0.114510140721,144,144,144,1,0,0.0694444444444,0.819444444444,0.111111111111,-178,-0.00864413364413,-0.109868125957,-2.47222222222,-0.982732323783,-1.390625,-2.08542053377,-0.00517133627014,-7.79834690303e-05,-2.13833712507,-0.0418568328319,-0.0113132460258,-0.16073010897,0.0532423056795,0.0274926842505,0.0183518489486,0.0176537988524,-0.0722382920186,-0.109868125957,0.0183518489486,-0.0722382920186,-0.0403101837462,-0.025517912107,-3039,-0.00623584162317,-0.00129937894239,0.0208333333333,-0.0208333333333,0,1935,2,180,18475,0.914893617021,0.99989175732,0.000108242680089,0.0851063829787,0.998967475478,0.914893617021,0.955083909181,0.951322329531,0.914785374341,0.914029286726,245,423,0,5,1,5
106,WLNM_dir_neg_kfold,0.906211402288,0.413127191461,00:00:21,10,80,12,13357,threshold_sweep,0.7,0.991836734694,0.574468085106,0.72754491018,243,2,180,844,0.574468085106,0.997635933806,0.00236406619385,0.425531914894,0.991836734694,0.574468085106,0.72754491018,0.85657998424,0.60231153139,0.639365918098,0.683277851572,0.572104018913,2154,1731,423,0,2154,0,1731,0,423,144,2115,0.10270979021,3.28340051934,29.375,15.4379562044,16.5234375,23.125947344,0.787266292563,0.431540583136,18.7178045265,1.27440371245,0.622363409509,10.41950078,0.709412819061,0.401704097715,1.12585631727,0.342893384662,4.14543900894,3.28340051934,1.12585631727,4.14543900894,0.506274862896,0.548025908195,16217,0.0332762894383,0.115809519663,144,144,144,1,0,0.0486111111111,0.840277777778,0.111111111111,144,0.0821678321678,3.17652590169,23.5,12.6268656716,13.21875,18.4326405532,0.784367683113,0.432373752298,15.0270152995,1.27889491911,0.625320133964,8.37620672864,0.712868657756,0.405839571841,1.16655614388,0.367242761425,4.12012112432,3.17652590169,1.16655614388,4.12012112432,0.425256424484,0.455876778884,8820,0.018098099084,0.0878467043366,144,144,144,1,0,0.0694444444444,0.819444444444,0.111111111111,144,1937,0.0940656565657,3.17353239338,26.9027777778,14.4552238806,15.1328125,21.0405268103,0.782094956293,0.431462599667,16.5794674015,1.23254687961,0.611050163483,10.258770671,0.76265512474,0.429196781965,1.14420816622,0.360547183514,4.07320071692,3.17353239338,1.14420816622,4.07320071692,0.46596467915,0.522507996088,13178,0.0270404478151,0.114510140721,144,144,144,1,0,0.0694444444444,0.819444444444,0.111111111111,-178,-0.00864413364413,-0.109868125957,-2.47222222222,-0.982732323783,-1.390625,-2.08542053377,-0.00517133627014,-7.79834690303e-05,-2.13833712507,-0.0418568328319,-0.0113132460258,-0.16073010897,0.0532423056795,0.0274926842505,0.0183518489486,0.0176537988524,-0.0722382920186,-0.109868125957,0.0183518489486,-0.0722382920186,-0.0403101837462,-0.025517912107,-3039,-0.00623584162317,-0.00129937894239,0.0208333333333,-0.0208333333333,0,1935,2,180,18475,0.914893617021,0.99989175732,0.000108242680089,0.0851063829787,0.998967475478,0.914893617021,0.955083909181,0.951322329531,0.914785374341,0.914029286726,245,423,0,5,1,5
107,WLNM_dir_neg_kfold,0.906211402288,0.413127191461,00:00:21,10,80,12,13357,threshold_sweep,0.8,0.991836734694,0.574468085106,0.72754491018,243,2,180,844,0.574468085106,0.997635933806,0.00236406619385,0.425531914894,0.991836734694,0.574468085106,0.72754491018,0.85657998424,0.60231153139,0.639365918098,0.683277851572,0.572104018913,2154,1731,423,0,2154,0,1731,0,423,144,2115,0.10270979021,3.28340051934,29.375,15.4379562044,16.5234375,23.125947344,0.787266292563,0.431540583136,18.7178045265,1.27440371245,0.622363409509,10.41950078,0.709412819061,0.401704097715,1.12585631727,0.342893384662,4.14543900894,3.28340051934,1.12585631727,4.14543900894,0.506274862896,0.548025908195,16217,0.0332762894383,0.115809519663,144,144,144,1,0,0.0486111111111,0.840277777778,0.111111111111,144,0.0821678321678,3.17652590169,23.5,12.6268656716,13.21875,18.4326405532,0.784367683113,0.432373752298,15.0270152995,1.27889491911,0.625320133964,8.37620672864,0.712868657756,0.405839571841,1.16655614388,0.367242761425,4.12012112432,3.17652590169,1.16655614388,4.12012112432,0.425256424484,0.455876778884,8820,0.018098099084,0.0878467043366,144,144,144,1,0,0.0694444444444,0.819444444444,0.111111111111,144,1937,0.0940656565657,3.17353239338,26.9027777778,14.4552238806,15.1328125,21.0405268103,0.782094956293,0.431462599667,16.5794674015,1.23254687961,0.611050163483,10.258770671,0.76265512474,0.429196781965,1.14420816622,0.360547183514,4.07320071692,3.17353239338,1.14420816622,4.07320071692,0.46596467915,0.522507996088,13178,0.0270404478151,0.114510140721,144,144,144,1,0,0.0694444444444,0.819444444444,0.111111111111,-178,-0.00864413364413,-0.109868125957,-2.47222222222,-0.982732323783,-1.390625,-2.08542053377,-0.00517133627014,-7.79834690303e-05,-2.13833712507,-0.0418568328319,-0.0113132460258,-0.16073010897,0.0532423056795,0.0274926842505,0.0183518489486,0.0176537988524,-0.0722382920186,-0.109868125957,0.0183518489486,-0.0722382920186,-0.0403101837462,-0.025517912107,-3039,-0.00623584162317,-0.00129937894239,0.0208333333333,-0.0208333333333,0,1935,2,180,18475,0.914893617021,0.99989175732,0.000108242680089,0.0851063829787,0.998967475478,0.914893617021,0.955083909181,0.951322329531,0.914785374341,0.914029286726,245,423,0,5,1,5
108,WLNM_dir_neg_kfold,0.906211402288,0.413127191461,00:00:21,10,80,12,13357,threshold_sweep,0.9,0.991803278689,0.572104018913,0.725637181409,242,2,181,844,0.572104018913,0.997635933806,0.00236406619385,0.427895981087,0.991803278689,0.572104018913,0.725637181409,0.855791962175,0.602574205411,0.637144745539,0.681514647762,0.569739952719,2154,1731,423,0,2154,0,1731,0,423,144,2115,0.10270979021,3.28340051934,29.375,15.4379562044,16.5234375,23.125947344,0.787266292563,0.431540583136,18.7178045265,1.27440371245,0.622363409509,10.41950078,0.709412819061,0.401704097715,1.12585631727,0.342893384662,4.14543900894,3.28340051934,1.12585631727,4.14543900894,0.506274862896,0.548025908195,16217,0.0332762894383,0.115809519663,144,144,144,1,0,0.0486111111111,0.840277777778,0.111111111111,144,0.0821678321678,3.17652590169,23.5,12.6268656716,13.21875,18.4326405532,0.784367683113,0.432373752298,15.0270152995,1.27889491911,0.625320133964,8.37620672864,0.712868657756,0.405839571841,1.16655614388,0.367242761425,4.12012112432,3.17652590169,1.16655614388,4.12012112432,0.425256424484,0.455876778884,8820,0.018098099084,0.0878467043366,144,144,144,1,0,0.0694444444444,0.819444444444,0.111111111111,144,1936,0.0940170940171,3.1731653527,26.8888888889,14.447761194,15.125,21.0304844043,0.782125453054,0.431437959137,16.5718515147,1.23261705481,0.611017848944,10.2621429201,0.763299886615,0.42953684573,1.14375273719,0.36044536293,4.07190632804,3.1731653527,1.14375273719,4.07190632804,0.465934876825,0.522638264091,13167,0.0270178764897,0.114520869817,144,144,144,1,0,0.0694444444444,0.819444444444,0.111111111111,-179,-0.0086926961927,-0.11023516664,-2.48611111111,-0.99019501035,-1.3984375,-2.0954629397,-0.00514083950912,-0.000102623999505,-2.14595301181,-0.0417866576305,-0.0113455605648,-0.157357859903,0.0538870675546,0.0278327480153,0.0178964199137,0.0175519782681,-0.0735326809005,-0.11023516664,0.0178964199137,-0.0735326809005,-0.0403399860706,-0.0253876441038,-3050,-0.00625841294855,-0.00128864984618,0.0208333333333,-0.0208333333333,0,1934,2,181,18475,0.914420803783,0.99989175732,0.000108242680089,0.0855791962175,0.998966942149,0.914420803783,0.954825968897,0.951050675809,0.914312561102,0.91355692017,244,423,0,5,1,5
109,WLNM_dir_neg_kfold,0.889383498483,0.430498224224,00:00:21,10,80,13,13358,threshold_sweep,0.1,0.96875,0.586288416076,0.730486008837,248,8,175,838,0.586288416076,0.990543735225,0.00945626477541,0.413711583924,0.96875,0.586288416076,0.730486008837,0.855791962175,0.599422117153,0.64,0.677610487197,0.5768321513,2154,1731,423,0,2154,0,1731,0,423,144,2115,0.10270979021,3.28340051934,29.375,15.4379562044,16.5234375,23.125947344,0.787266292563,0.431540583136,18.7178045265,1.27440371245,0.622363409509,10.41950078,0.709412819061,0.401704097715,1.12585631727,0.342893384662,4.14543900894,3.28340051934,1.12585631727,4.14543900894,0.506274862896,0.548025908195,16217,0.0332762894383,0.115809519663,144,144,144,1,0,0.0486111111111,0.840277777778,0.111111111111,144,0.0821678321678,3.17652590169,23.5,12.6268656716,13.21875,18.4326405532,0.784367683113,0.432373752298,15.0270152995,1.27889491911,0.625320133964,8.37620672864,0.712868657756,0.405839571841,1.16655614388,0.367242761425,4.12012112432,3.17652590169,1.16655614388,4.12012112432,0.425256424484,0.455876778884,8820,0.018098099084,0.0878467043366,144,144,144,1,0,0.0694444444444,0.819444444444,0.111111111111,144,1948,0.0945998445998,3.86601645649,27.0555555556,13.9142857143,15.21875,21.0403467817,0.777671954972,0.429610854438,16.5300931106,1.22193706772,0.603510723249,10.4030283679,0.76901236395,0.431282797171,1.22693650954,0.317364533584,4.8941322162,3.86601645649,1.22693650954,4.8941322162,0.462387189717,0.522352478879,13293,0.0272764207623,0.11193543212,144,144,144,1,0,0.0277777777778,0.861111111111,0.111111111111,-167,-0.00810994560995,0.582615937155,-2.31944444444,-1.52367049009,-1.3046875,-2.0856005623,-0.00959433759097,-0.00192972869873,-2.18771141597,-0.0524666447237,-0.0188526862599,-0.0164724120717,0.0595995448895,0.0295786994562,0.101080192267,-0.0255288510777,0.748693207259,0.582615937155,0.101080192267,0.748693207259,-0.0438876731792,-0.0256734293161,-2924,-0.00599986867593,-0.00387408754286,-0.0208333333333,0.0208333333333,0,1940,8,175,18469,0.917257683215,0.99956702928,0.000432970720355,0.0827423167849,0.995893223819,0.917257683215,0.954959389614,0.951027779388,0.916824712495,0.913801224682,256,423,0,5,1,5
110,WLNM_dir_neg_kfold,0.889383498483,0.430498224224,00:00:21,10,80,13,13358,threshold_sweep,0.2,0.984,0.581560283688,0.731054977712,246,4,177,842,0.581560283688,0.995271867612,0.00472813238771,0.418439716312,0.984,0.581560283688,0.731054977712,0.857368006304,0.600998161282,0.642527978934,0.683671896469,0.5768321513,2154,1731,423,0,2154,0,1731,0,423,144,2115,0.10270979021,3.28340051934,29.375,15.4379562044,16.5234375,23.125947344,0.787266292563,0.431540583136,18.7178045265,1.27440371245,0.622363409509,10.41950078,0.709412819061,0.401704097715,1.12585631727,0.342893384662,4.14543900894,3.28340051934,1.12585631727,4.14543900894,0.506274862896,0.548025908195,16217,0.0332762894383,0.115809519663,144,144,144,1,0,0.0486111111111,0.840277777778,0.111111111111,144,0.0821678321678,3.17652590169,23.5,12.6268656716,13.21875,18.4326405532,0.784367683113,0.432373752298,15.0270152995,1.27889491911,0.625320133964,8.37620672864,0.712868657756,0.405839571841,1.16655614388,0.367242761425,4.12012112432,3.17652590169,1.16655614388,4.12012112432,0.425256424484,0.455876778884,8820,0.018098099084,0.0878467043366,144,144,144,1,0,0.0694444444444,0.819444444444,0.111111111111,144,1942,0.0943084693085,4.01442117009,26.9722222222,14.0724637681,15.171875,21.0410668866,0.78010134698,0.430616346264,16.5609643444,1.22800147559,0.60747082046,10.3125872651,0.764682062909,0.430240874242,1.36130879154,0.339104626511,5.03595454296,4.01442117009,1.36130879154,5.03595454296,0.465235103949,0.52420786805,13285,0.027260005253,0.110859550109,144,144,144,1,0,0.0416666666667,0.847222222222,0.111111111111,-173,-0.00840132090132,0.731020650752,-2.40277777778,-1.36549243626,-1.3515625,-2.08488045744,-0.00716494558303,-0.000924236872453,-2.15684018217,-0.0464022368584,-0.0148925890488,-0.106913514897,0.0552692438478,0.0285367765272,0.235452474266,-0.00378875815065,0.890515534025,0.731020650752,0.235452474266,0.890515534025,-0.0410397589468,-0.0238180401445,-2932,-0.0060162841853,-0.00494996955381,-0.00694444444444,0.00694444444444,0,1938,4,177,18473,0.916312056738,0.99978351464,0.000216485360178,0.0836879432624,0.997940267765,0.916312056738,0.955385753019,0.951585176399,0.916095571377,0.914582350165,250,423,0,5,1,5
111,WLNM_dir_neg_kfold,0.889383498483,0.430498224224,00:00:21,10,80,13,13358,threshold_sweep,0.3,0.991902834008,0.579196217494,0.731343283582,245,2,178,844,0.579196217494,0.997635933806,0.00236406619385,0.420803782506,0.991902834008,0.579196217494,0.731343283582,0.858156028369,0.601786183346,0.643799472296,0.68680096965,0.5768321513,2154,1731,423,0,2154,0,1731,0,423,144,2115,0.10270979021,3.28340051934,29.375,15.4379562044,16.5234375,23.125947344,0.787266292563,0.431540583136,18.7178045265,1.27440371245,0.622363409509,10.41950078,0.709412819061,0.401704097715,1.12585631727,0.342893384662,4.14543900894,3.28340051934,1.12585631727,4.14543900894,0.506274862896,0.548025908195,16217,0.0332762894383,0.115809519663,144,144,144,1,0,0.0486111111111,0.840277777778,0.111111111111,144,0.0821678321678,3.17652590169,23.5,12.6268656716,13.21875,18.4326405532,0.784367683113,0.432373752298,15.0270152995,1.27889491911,0.625320133964,8.37620672864,0.712868657756,0.405839571841,1.16655614388,0.367242761425,4.12012112432,3.17652590169,1.16655614388,4.12012112432,0.425256424484,0.455876778884,8820,0.018098099084,0.0878467043366,144,144,144,1,0,0.0694444444444,0.819444444444,0.111111111111,144,1939,0.0941627816628,3.2884271058,26.9305555556,14.2573529412,15.1484375,21.0555883577,0.781847530558,0.431465245545,16.5769716394,1.23109020942,0.609639132428,10.2853777629,0.763844454804,0.429814194029,1.14761630862,0.348986391275,4.15760950887,3.2884271058,1.14761630862,4.15760950887,0.469986851865,0.524843902311,13281,0.0272517974983,0.112909463584,144,144,144,1,0,0.0555555555556,0.833333333333,0.111111111111,-176,-0.00854700854701,0.00502658646764,-2.44444444444,-1.1806032632,-1.375,-2.07035898637,-0.00541876200488,-7.533759166e-05,-2.14083288714,-0.0433135030209,-0.0127242770809,-0.13412301701,0.0544316357428,0.0281100963143,0.0217599913498,0.00609300661318,0.0121704999336,0.00502658646764,0.0217599913498,0.0121704999336,-0.0362880110305,-0.0231820058844,-2936,-0.00602449193998,-0.00290005607862,0.00694444444444,-0.00694444444444,0,1937,2,178,18475,0.915839243499,0.99989175732,0.000108242680089,0.0841607565012,0.998968540485,0.915839243499,0.955599407992,0.951865491713,0.915731000819,0.914974019839,247,423,0,5,1,5
112,WLNM_dir_neg_kfold,0.889383498483,0.430498224224,00:00:21,10,80,13,13358,threshold_sweep,0.4,0.995884773663,0.572104018913,0.726726726727,242,1,181,845,0.572104018913,0.998817966903,0.00118203309693,0.427895981087,0.995884773663,0.572104018913,0.726726726727,0.85657998424,0.602836879433,0.638888888889,0.683998762096,0.570921985816,2154,1731,423,0,2154,0,1731,0,423,144,2115,0.10270979021,3.28340051934,29.375,15.4379562044,16.5234375,23.125947344,0.787266292563,0.431540583136,18.7178045265,1.27440371245,0.622363409509,10.41950078,0.709412819061,0.401704097715,1.12585631727,0.342893384662,4.14543900894,3.28340051934,1.12585631727,4.14543900894,0.506274862896,0.548025908195,16217,0.0332762894383,0.115809519663,144,144,144,1,0,0.0486111111111,0.840277777778,0.111111111111,144,0.0821678321678,3.17652590169,23.5,12.6268656716,13.21875,18.4326405532,0.784367683113,0.432373752298,15.0270152995,1.27889491911,0.625320133964,8.37620672864,0.712868657756,0.405839571841,1.16655614388,0.367242761425,4.12012112432,3.17652590169,1.16655614388,4.12012112432,0.425256424484,0.455876778884,8820,0.018098099084,0.0878467043366,144,144,144,1,0,0.0694444444444,0.819444444444,0.111111111111,144,1935,0.0939685314685,3.17177361185,26.875,14.4402985075,15.1171875,21.0114437684,0.781821163474,0.431488659202,16.5714046191,1.23322080886,0.611136233132,10.2484648347,0.762676452817,0.429188199828,1.14344026141,0.360505004879,4.07156142116,3.17177361185,1.14344026141,4.07156142116,0.466087507433,0.523644142776,13218,0.027122525362,0.114450985829,144,144,144,1,0,0.0694444444444,0.819444444444,0.111111111111,-180,-0.00874125874126,-0.11162690749,-2.5,-0.997657696917,-1.40625,-2.11450357569,-0.00544512908946,-5.19239344905e-05,-2.14639990747,-0.0411829035841,-0.0112271763764,-0.171035945234,0.0532636337557,0.027484102113,0.0175839441391,0.0176116202175,-0.0738775877739,-0.11162690749,0.0175839441391,-0.0738775877739,-0.0401873554631,-0.0243817654189,-2999,-0.0061537640763,-0.00135853383385,0.0208333333333,-0.0208333333333,0,1934,1,181,18476,0.914420803783,0.99994587866,5.41213400444e-05,0.0855791962175,0.999483204134,0.914420803783,0.955061728395,0.951327207931,0.914366682442,0.913988657845,243,423,0,5,1,5
113,WLNM_dir_neg_kfold,0.889383498483,0.430498224224,00:00:21,10,80,13,13358,threshold_sweep,0.5,0.995884773663,0.572104018913,0.726726726727,242,1,181,845,0.572104018913,0.998817966903,0.00118203309693,0.427895981087,0.995884773663,0.572104018913,0.726726726727,0.85657998424,0.602836879433,0.638888888889,0.683998762096,0.570921985816,2154,1731,423,0,2154,0,1731,0,423,144,2115,0.10270979021,3.28340051934,29.375,15.4379562044,16.5234375,23.125947344,0.787266292563,0.431540583136,18.7178045265,1.27440371245,0.622363409509,10.41950078,0.709412819061,0.401704097715,1.12585631727,0.342893384662,4.14543900894,3.28340051934,1.12585631727,4.14543900894,0.506274862896,0.548025908195,16217,0.0332762894383,0.115809519663,144,144,144,1,0,0.0486111111111,0.840277777778,0.111111111111,144,0.0821678321678,3.17652590169,23.5,12.6268656716,13.21875,18.4326405532,0.784367683113,0.432373752298,15.0270152995,1.27889491911,0.625320133964,8.37620672864,0.712868657756,0.405839571841,1.16655614388,0.367242761425,4.12012112432,3.17652590169,1.16655614388,4.12012112432,0.425256424484,0.455876778884,8820,0.018098099084,0.0878467043366,144,144,144,1,0,0.0694444444444,0.819444444444,0.111111111111,144,1935,0.0939685314685,3.17177361185,26.875,14.4402985075,15.1171875,21.0114437684,0.781821163474,0.431488659202,16.5714046191,1.23322080886,0.611136233132,10.2484648347,0.762676452817,0.429188199828,1.14344026141,0.360505004879,4.07156142116,3.17177361185,1.14344026141,4.07156142116,0.466087507433,0.523644142776,13218,0.027122525362,0.114450985829,144,144,144,1,0,0.0694444444444,0.819444444444,0.111111111111,-180,-0.00874125874126,-0.11162690749,-2.5,-0.997657696917,-1.40625,-2.11450357569,-0.00544512908946,-5.19239344905e-05,-2.14639990747,-0.0411829035841,-0.0112271763764,-0.171035945234,0.0532636337557,0.027484102113,0.0175839441391,0.0176116202175,-0.0738775877739,-0.11162690749,0.0175839441391,-0.0738775877739,-0.0401873554631,-0.0243817654189,-2999,-0.0061537640763,-0.00135853383385,0.0208333333333,-0.0208333333333,0,1934,1,181,18476,0.914420803783,0.99994587866,5.41213400444e-05,0.0855791962175,0.999483204134,0.914420803783,0.955061728395,0.951327207931,0.914366682442,0.913988657845,243,423,0,5,1,5
114,WLNM_dir_neg_kfold,0.889383498483,0.430498224224,00:00:21,10,80,13,13358,threshold_sweep,0.6,0.995884773663,0.572104018913,0.726726726727,242,1,181,845,0.572104018913,0.998817966903,0.00118203309693,0.427895981087,0.995884773663,0.572104018913,0.726726726727,0.85657998424,0.602836879433,0.638888888889,0.683998762096,0.570921985816,2154,1731,423,0,2154,0,1731,0,423,144,2115,0.10270979021,3.28340051934,29.375,15.4379562044,16.5234375,23.125947344,0.787266292563,0.431540583136,18.7178045265,1.27440371245,0.622363409509,10.41950078,0.709412819061,0.401704097715,1.12585631727,0.342893384662,4.14543900894,3.28340051934,1.12585631727,4.14543900894,0.506274862896,0.548025908195,16217,0.0332762894383,0.115809519663,144,144,144,1,0,0.0486111111111,0.840277777778,0.111111111111,144,0.0821678321678,3.17652590169,23.5,12.6268656716,13.21875,18.4326405532,0.784367683113,0.432373752298,15.0270152995,1.27889491911,0.625320133964,8.37620672864,0.712868657756,0.405839571841,1.16655614388,0.367242761425,4.12012112432,3.17652590169,1.16655614388,4.12012112432,0.425256424484,0.455876778884,8820,0.018098099084,0.0878467043366,144,144,144,1,0,0.0694444444444,0.819444444444,0.111111111111,144,1935,0.0939685314685,3.17177361185,26.875,14.4402985075,15.1171875,21.0114437684,0.781821163474,0.431488659202,16.5714046191,1.23322080886,0.611136233132,10.2484648347,0.762676452817,0.429188199828,1.14344026141,0.360505004879,4.07156142116,3.17177361185,1.14344026141,4.07156142116,0.466087507433,0.523644142776,13218,0.027122525362,0.114450985829,144,144,144,1,0,0.0694444444444,0.819444444444,0.111111111111,-180,-0.00874125874126,-0.11162690749,-2.5,-0.997657696917,-1.40625,-2.11450357569,-0.00544512908946,-5.19239344905e-05,-2.14639990747,-0.0411829035841,-0.0112271763764,-0.171035945234,0.0532636337557,0.027484102113,0.0175839441391,0.0176116202175,-0.0738775877739,-0.11162690749,0.0175839441391,-0.0738775877739,-0.0401873554631,-0.0243817654189,-2999,-0.0061537640763,-0.00135853383385,0.0208333333333,-0.0208333333333,0,1934,1,181,18476,0.914420803783,0.99994587866,5.41213400444e-05,0.0855791962175,0.999483204134,0.914420803783,0.955061728395,0.951327207931,0.914366682442,0.913988657845,243,423,0,5,1,5
115,WLNM_dir_neg_kfold,0.889383498483,0.430498224224,00:00:21,10,80,13,13358,threshold_sweep,0.7,0.995884773663,0.572104018913,0.726726726727,242,1,181,845,0.572104018913,0.998817966903,0.00118203309693,0.427895981087,0.995884773663,0.572104018913,0.726726726727,0.85657998424,0.602836879433,0.638888888889,0.683998762096,0.570921985816,2154,1731,423,0,2154,0,1731,0,423,144,2115,0.10270979021,3.28340051934,29.375,15.4379562044,16.5234375,23.125947344,0.787266292563,0.431540583136,18.7178045265,1.27440371245,0.622363409509,10.41950078,0.709412819061,0.401704097715,1.12585631727,0.342893384662,4.14543900894,3.28340051934,1.12585631727,4.14543900894,0.506274862896,0.548025908195,16217,0.0332762894383,0.115809519663,144,144,144,1,0,0.0486111111111,0.840277777778,0.111111111111,144,0.0821678321678,3.17652590169,23.5,12.6268656716,13.21875,18.4326405532,0.784367683113,0.432373752298,15.0270152995,1.27889491911,0.625320133964,8.37620672864,0.712868657756,0.405839571841,1.16655614388,0.367242761425,4.12012112432,3.17652590169,1.16655614388,4.12012112432,0.425256424484,0.455876778884,8820,0.018098099084,0.0878467043366,144,144,144,1,0,0.0694444444444,0.819444444444,0.111111111111,144,1935,0.0939685314685,3.17177361185,26.875,14.4402985075,15.1171875,21.0114437684,0.781821163474,0.431488659202,16.5714046191,1.23322080886,0.611136233132,10.2484648347,0.762676452817,0.429188199828,1.14344026141,0.360505004879,4.07156142116,3.17177361185,1.14344026141,4.07156142116,0.466087507433,0.523644142776,13218,0.027122525362,0.114450985829,144,144,144,1,0,0.0694444444444,0.819444444444,0.111111111111,-180,-0.00874125874126,-0.11162690749,-2.5,-0.997657696917,-1.40625,-2.11450357569,-0.00544512908946,-5.19239344905e-05,-2.14639990747,-0.0411829035841,-0.0112271763764,-0.171035945234,0.0532636337557,0.027484102113,0.0175839441391,0.0176116202175,-0.0738775877739,-0.11162690749,0.0175839441391,-0.0738775877739,-0.0401873554631,-0.0243817654189,-2999,-0.0061537640763,-0.00135853383385,0.0208333333333,-0.0208333333333,0,1934,1,181,18476,0.914420803783,0.99994587866,5.41213400444e-05,0.0855791962175,0.999483204134,0.914420803783,0.955061728395,0.951327207931,0.914366682442,0.913988657845,243,423,0,5,1,5
116,WLNM_dir_neg_kfold,0.889383498483,0.430498224224,00:00:21,10,80,13,13358,threshold_sweep,0.8,0.995884773663,0.572104018913,0.726726726727,242,1,181,845,0.572104018913,0.998817966903,0.00118203309693,0.427895981087,0.995884773663,0.572104018913,0.726726726727,0.85657998424,0.602836879433,0.638888888889,0.683998762096,0.570921985816,2154,1731,423,0,2154,0,1731,0,423,144,2115,0.10270979021,3.28340051934,29.375,15.4379562044,16.5234375,23.125947344,0.787266292563,0.431540583136,18.7178045265,1.27440371245,0.622363409509,10.41950078,0.709412819061,0.401704097715,1.12585631727,0.342893384662,4.14543900894,3.28340051934,1.12585631727,4.14543900894,0.506274862896,0.548025908195,16217,0.0332762894383,0.115809519663,144,144,144,1,0,0.0486111111111,0.840277777778,0.111111111111,144,0.0821678321678,3.17652590169,23.5,12.6268656716,13.21875,18.4326405532,0.784367683113,0.432373752298,15.0270152995,1.27889491911,0.625320133964,8.37620672864,0.712868657756,0.405839571841,1.16655614388,0.367242761425,4.12012112432,3.17652590169,1.16655614388,4.12012112432,0.425256424484,0.455876778884,8820,0.018098099084,0.0878467043366,144,144,144,1,0,0.0694444444444,0.819444444444,0.111111111111,144,1935,0.0939685314685,3.17177361185,26.875,14.4402985075,15.1171875,21.0114437684,0.781821163474,0.431488659202,16.5714046191,1.23322080886,0.611136233132,10.2484648347,0.762676452817,0.429188199828,1.14344026141,0.360505004879,4.07156142116,3.17177361185,1.14344026141,4.07156142116,0.466087507433,0.523644142776,13218,0.027122525362,0.114450985829,144,144,144,1,0,0.0694444444444,0.819444444444,0.111111111111,-180,-0.00874125874126,-0.11162690749,-2.5,-0.997657696917,-1.40625,-2.11450357569,-0.00544512908946,-5.19239344905e-05,-2.14639990747,-0.0411829035841,-0.0112271763764,-0.171035945234,0.0532636337557,0.027484102113,0.0175839441391,0.0176116202175,-0.0738775877739,-0.11162690749,0.0175839441391,-0.0738775877739,-0.0401873554631,-0.0243817654189,-2999,-0.0061537640763,-0.00135853383385,0.0208333333333,-0.0208333333333,0,1934,1,181,18476,0.914420803783,0.99994587866,5.41213400444e-05,0.0855791962175,0.999483204134,0.914420803783,0.955061728395,0.951327207931,0.914366682442,0.913988657845,243,423,0,5,1,5
117,WLNM_dir_neg_kfold,0.889383498483,0.430498224224,00:00:21,10,80,13,13358,threshold_sweep,0.9,1,0.569739952719,0.725903614458,241,0,182,846,0.569739952719,1,0,0.430260047281,1,0.569739952719,0.725903614458,0.85657998424,0.603362227476,0.638410596026,0.684741991797,0.569739952719,2154,1731,423,0,2154,0,1731,0,423,144,2115,0.10270979021,3.28340051934,29.375,15.4379562044,16.5234375,23.125947344,0.787266292563,0.431540583136,18.7178045265,1.27440371245,0.622363409509,10.41950078,0.709412819061,0.401704097715,1.12585631727,0.342893384662,4.14543900894,3.28340051934,1.12585631727,4.14543900894,0.506274862896,0.548025908195,16217,0.0332762894383,0.115809519663,144,144,144,1,0,0.0486111111111,0.840277777778,0.111111111111,144,0.0821678321678,3.17652590169,23.5,12.6268656716,13.21875,18.4326405532,0.784367683113,0.432373752298,15.0270152995,1.27889491911,0.625320133964,8.37620672864,0.712868657756,0.405839571841,1.16655614388,0.367242761425,4.12012112432,3.17652590169,1.16655614388,4.12012112432,0.425256424484,0.455876778884,8820,0.018098099084,0.0878467043366,144,144,144,1,0,0.0694444444444,0.819444444444,0.111111111111,144,1933,0.0938714063714,3.16952401109,26.8472222222,14.4253731343,15.1015625,21.0252327409,0.783143692368,0.432211731908,16.577674709,1.23496386865,0.61167514514,10.2470052668,0.763356833122,0.429610708743,1.14151964215,0.360154912268,4.06905328107,3.16952401109,1.14151964215,4.06905328107,0.466388634303,0.523525058152,13204,0.0270937982206,0.114347505086,144,144,144,1,0,0.0694444444444,0.819444444444,0.111111111111,-182,-0.00883838383838,-0.113876508242,-2.52777777778,-1.01258307005,-1.421875,-2.10071460311,-0.00412260019524,0.000671148771472,-2.14012981756,-0.0394398437989,-0.0106882643688,-0.172495513117,0.0539440140612,0.0279066110282,0.0156633248727,0.0172615276066,-0.0763857278727,-0.113876508242,0.0156633248727,-0.0763857278727,-0.0398862285926,-0.024500850043,-3013,-0.0061824912177,-0.00146201457697,0.0208333333333,-0.0208333333333,0,1933,0,182,18477,0.913947990544,1,0,0.0860520094563,1,0.913947990544,0.955039525692,0.95133240051,0.913947990544,0.913947990544,241,423,0,5,1,5
118,WLNM_dir_neg_kfold,0.782251619357,0.347575140699,00:00:21,10,80,14,13359,threshold_sweep,0.1,0.936090225564,0.58865248227,0.722786647315,249,17,174,829,0.58865248227,0.979905437352,0.0200945626478,0.41134751773,0.936090225564,0.58865248227,0.722786647315,0.849487785658,0.596795376937,0.62671009772,0.658474246077,0.568557919622,2154,1731,423,0,2154,0,1731,0,423,144,2115,0.10270979021,3.28340051934,29.375,15.4379562044,16.5234375,23.125947344,0.787266292563,0.431540583136,18.7178045265,1.27440371245,0.622363409509,10.41950078,0.709412819061,0.401704097715,1.12585631727,0.342893384662,4.14543900894,3.28340051934,1.12585631727,4.14543900894,0.506274862896,0.548025908195,16217,0.0332762894383,0.115809519663,144,144,144,1,0,0.0486111111111,0.840277777778,0.111111111111,144,0.0821678321678,3.17652590169,23.5,12.6268656716,13.21875,18.4326405532,0.784367683113,0.432373752298,15.0270152995,1.27889491911,0.625320133964,8.37620672864,0.712868657756,0.405839571841,1.16655614388,0.367242761425,4.12012112432,3.17652590169,1.16655614388,4.12012112432,0.425256424484,0.455876778884,8820,0.018098099084,0.0878467043366,144,144,144,1,0,0.0694444444444,0.819444444444,0.111111111111,144,1958,0.0950854700855,NaN,27.1944444444,13.5972222222,15.296875,21.0577885456,0.77434156041,0.4282324651,16.4828028391,1.21221839062,0.597435024401,10.5195917417,0.773657411033,0.43271195097,NaN,NaN,NaN,NaN,NaN,NaN,0.469344874216,0.521513623128,13373,0.0274405758561,0.111513464143,144,144,0,1,2,0,0.888888888889,0.111111111111,-157,-0.00762432012432,NaN,-2.18055555556,-1.84073398216,-1.2265625,-2.06815879846,-0.0129247321536,-0.00330811803589,-2.23500168743,-0.0621853218267,-0.0249283851075,0.100090961733,0.0642445919725,0.0310078532556,NaN,NaN,NaN,NaN,NaN,NaN,-0.0369299886797,-0.0265122850668,-2844,-0.00583571358219,-0.00429605552004,-0.0486111111111,0.0486111111111,0,1941,17,174,18460,0.917730496454,0.999079937219,0.000920062780754,0.0822695035461,0.991317671093,0.917730496454,0.953105818807,0.948835823145,0.916810433673,0.910412757974,266,423,0,5,1,5
119,WLNM_dir_neg_kfold,0.782251619357,0.347575140699,00:00:21,10,80,14,13359,threshold_sweep,0.2,0.935849056604,0.586288416076,0.720930232558,248,17,175,829,0.586288416076,0.979905437352,0.0200945626478,0.413711583924,0.935849056604,0.586288416076,0.720930232558,0.848699763593,0.597058050959,0.624511082138,0.656645121741,0.566193853428,2154,1731,423,0,2154,0,1731,0,423,144,2115,0.10270979021,3.28340051934,29.375,15.4379562044,16.5234375,23.125947344,0.787266292563,0.431540583136,18.7178045265,1.27440371245,0.622363409509,10.41950078,0.709412819061,0.401704097715,1.12585631727,0.342893384662,4.14543900894,3.28340051934,1.12585631727,4.14543900894,0.506274862896,0.548025908195,16217,0.0332762894383,0.115809519663,144,144,144,1,0,0.0486111111111,0.840277777778,0.111111111111,144,0.0821678321678,3.17652590169,23.5,12.6268656716,13.21875,18.4326405532,0.784367683113,0.432373752298,15.0270152995,1.27889491911,0.625320133964,8.37620672864,0.712868657756,0.405839571841,1.16655614388,0.367242761425,4.12012112432,3.17652590169,1.16655614388,4.12012112432,0.425256424484,0.455876778884,8820,0.018098099084,0.0878467043366,144,144,144,1,0,0.0694444444444,0.819444444444,0.111111111111,144,1957,0.0950369075369,NaN,27.1805555556,13.5902777778,15.2890625,21.0396405011,0.774069553439,0.428082240391,16.476477488,1.21237238542,0.597467069778,10.5116739596,0.773470132949,0.432610145915,NaN,NaN,NaN,NaN,NaN,NaN,0.468576256091,0.520241597459,13322,0.0273359269838,0.111480509347,144,144,0,1,2,0,0.888888888889,0.111111111111,-158,-0.00767288267288,NaN,-2.19444444444,-1.8476784266,-1.234375,-2.08630684292,-0.0131967391238,-0.00345834274571,-2.24132703856,-0.0620313270243,-0.0248963397308,0.0921731796375,0.0640573138883,0.0309060482002,NaN,NaN,NaN,NaN,NaN,NaN,-0.0376986068047,-0.0277843107358,-2895,-0.00594036245445,-0.00432901031649,-0.0486111111111,0.0486111111111,0,1940,17,175,18460,0.917257683215,0.999079937219,0.000920062780754,0.0827423167849,0.991313234543,0.917257683215,0.952848722986,0.948563306817,0.916337620434,0.909943714822,265,423,0,5,1,5
120,WLNM_dir_neg_kfold,0.782251619357,0.347575140699,00:00:21,10,80,14,13359,threshold_sweep,0.3,0.97233201581,0.581560283688,0.727810650888,246,7,177,839,0.581560283688,0.991725768322,0.00827423167849,0.418439716312,0.97233201581,0.581560283688,0.727810650888,0.85500394011,0.600210139217,0.637319316689,0.676424962449,0.573286052009,2154,1731,423,0,2154,0,1731,0,423,144,2115,0.10270979021,3.28340051934,29.375,15.4379562044,16.5234375,23.125947344,0.787266292563,0.431540583136,18.7178045265,1.27440371245,0.622363409509,10.41950078,0.709412819061,0.401704097715,1.12585631727,0.342893384662,4.14543900894,3.28340051934,1.12585631727,4.14543900894,0.506274862896,0.548025908195,16217,0.0332762894383,0.115809519663,144,144,144,1,0,0.0486111111111,0.840277777778,0.111111111111,144,0.0821678321678,3.17652590169,23.5,12.6268656716,13.21875,18.4326405532,0.784367683113,0.432373752298,15.0270152995,1.27889491911,0.625320133964,8.37620672864,0.712868657756,0.405839571841,1.16655614388,0.367242761425,4.12012112432,3.17652590169,1.16655614388,4.12012112432,0.425256424484,0.455876778884,8820,0.018098099084,0.0878467043366,144,144,144,1,0,0.0694444444444,0.819444444444,0.111111111111,144,1945,0.0944541569542,6.37795809386,27.0138888889,13.8928571429,15.1953125,21.0510488788,0.779267619163,0.43043059126,16.5364596239,1.22429315467,0.605180662668,10.3504984697,0.766309398267,0.431151813767,1.89295507222,0.296796411072,7.33549082087,6.37795809386,1.89295507222,7.33549082087,0.46788384624,0.523183499961,13292,0.0272743688237,0.110262284589,144,144,144,1,0,0.0277777777778,0.861111111111,0.111111111111,-170,-0.00825563325563,3.09455757452,-2.36111111111,-1.54509906152,-1.328125,-2.07489846527,-0.00799867340021,-0.00110999187669,-2.18134490267,-0.0501105577728,-0.017182746841,-0.0690023103012,0.0568965792067,0.0294477160528,0.767098754947,-0.04609697359,3.19005181193,3.09455757452,0.767098754947,3.19005181193,-0.0383910166553,-0.0248424082342,-2925,-0.0060019206146,-0.00554723507357,-0.0208333333333,0.0208333333333,0,1938,7,177,18470,0.916312056738,0.99962115062,0.000378849380311,0.0836879432624,0.996401028278,0.916312056738,0.954679802956,0.95075897061,0.915933207357,0.91328934967,253,423,0,5,1,5
121,WLNM_dir_neg_kfold,0.782251619357,0.347575140699,00:00:21,10,80,14,13359,threshold_sweep,0.4,0.983935742972,0.579196217494,0.729166666667,245,4,178,842,0.579196217494,0.995271867612,0.00472813238771,0.420803782506,0.983935742972,0.579196217494,0.729166666667,0.85657998424,0.601260835303,0.640316205534,0.681901289955,0.574468085106,2154,1731,423,0,2154,0,1731,0,423,144,2115,0.10270979021,3.28340051934,29.375,15.4379562044,16.5234375,23.125947344,0.787266292563,0.431540583136,18.7178045265,1.27440371245,0.622363409509,10.41950078,0.709412819061,0.401704097715,1.12585631727,0.342893384662,4.14543900894,3.28340051934,1.12585631727,4.14543900894,0.506274862896,0.548025908195,16217,0.0332762894383,0.115809519663,144,144,144,1,0,0.0486111111111,0.840277777778,0.111111111111,144,0.0821678321678,3.17652590169,23.5,12.6268656716,13.21875,18.4326405532,0.784367683113,0.432373752298,15.0270152995,1.27889491911,0.625320133964,8.37620672864,0.712868657756,0.405839571841,1.16655614388,0.367242761425,4.12012112432,3.17652590169,1.16655614388,4.12012112432,0.425256424484,0.455876778884,8820,0.018098099084,0.0878467043366,144,144,144,1,0,0.0694444444444,0.819444444444,0.111111111111,144,1941,0.0942599067599,3.93831261297,26.9583333333,14.1678832117,15.1640625,21.062635528,0.781303327159,0.43128184212,16.5580009393,1.22841428916,0.60815945389,10.315287555,0.765276356477,0.430652155246,1.2404964279,0.314981706586,4.77401098575,3.93831261297,1.2404964279,4.77401098575,0.464683644945,0.523454452203,13268,0.0272251222955,0.112364042942,144,144,144,1,0,0.0486111111111,0.840277777778,0.111111111111,-174,-0.00844988344988,0.654912093634,-2.41666666667,-1.2700729927,-1.359375,-2.06331181606,-0.00596296540463,-0.000258741016,-2.15980358727,-0.0459894232875,-0.0142039556191,-0.10421322494,0.0558635374164,0.0289480575317,0.114640110627,-0.0279116780757,0.628571976813,0.654912093634,0.114640110627,0.628571976813,-0.0415912179502,-0.0245714559915,-2949,-0.00605116714272,-0.00344547672085,0,0,0,1937,4,178,18473,0.915839243499,0.99978351464,0.000216485360178,0.0841607565012,0.997939206595,0.915839243499,0.955128205128,0.951313511795,0.915622758139,0.914110429448,249,423,0,5,1,5
122,WLNM_dir_neg_kfold,0.782251619357,0.347575140699,00:00:21,10,80,14,13359,threshold_sweep,0.5,0.983805668016,0.574468085106,0.725373134328,243,4,180,842,0.574468085106,0.995271867612,0.00472813238771,0.425531914894,0.983805668016,0.574468085106,0.725373134328,0.85500394011,0.601786183346,0.635883905013,0.678356695433,0.569739952719,2154,1731,423,0,2154,0,1731,0,423,144,2115,0.10270979021,3.28340051934,29.375,15.4379562044,16.5234375,23.125947344,0.787266292563,0.431540583136,18.7178045265,1.27440371245,0.622363409509,10.41950078,0.709412819061,0.401704097715,1.12585631727,0.342893384662,4.14543900894,3.28340051934,1.12585631727,4.14543900894,0.506274862896,0.548025908195,16217,0.0332762894383,0.115809519663,144,144,144,1,0,0.0486111111111,0.840277777778,0.111111111111,144,0.0821678321678,3.17652590169,23.5,12.6268656716,13.21875,18.4326405532,0.784367683113,0.432373752298,15.0270152995,1.27889491911,0.625320133964,8.37620672864,0.712868657756,0.405839571841,1.16655614388,0.367242761425,4.12012112432,3.17652590169,1.16655614388,4.12012112432,0.425256424484,0.455876778884,8820,0.018098099084,0.0878467043366,144,144,144,1,0,0.0694444444444,0.819444444444,0.111111111111,144,1939,0.0941627816628,3.9227233891,26.9305555556,14.2573529412,15.1484375,21.0499415403,0.781637849872,0.431518967394,16.5575551363,1.22964824117,0.608987307318,10.2921744965,0.764349214799,0.430222480087,1.26018891097,0.321253574613,4.76936894832,3.9227233891,1.26018891097,4.76936894832,0.468570139355,0.522497002596,13219,0.0271245773006,0.113156546038,144,144,144,1,0,0.0555555555556,0.833333333333,0.111111111111,-176,-0.00854700854701,0.639322869768,-2.44444444444,-1.1806032632,-1.375,-2.07600580374,-0.00562844269127,-2.16157419093e-05,-2.16024939028,-0.0447554712792,-0.0133761021912,-0.127326283458,0.0549363957384,0.0285183823724,0.134332593694,-0.0216398100483,0.623929939379,0.639322869768,0.134332593694,0.623929939379,-0.0377047235405,-0.0255289055993,-2998,-0.00615171213763,-0.0026529736247,0.00694444444444,-0.00694444444444,0,1935,4,180,18473,0.914893617021,0.99978351464,0.000216485360178,0.0851063829787,0.99793708097,0.914893617021,0.95461272817,0.950770037171,0.914677131661,0.913166588013,247,423,0,5,1,5
123,WLNM_dir_neg_kfold,0.782251619357,0.347575140699,00:00:21,10,80,14,13359,threshold_sweep,0.6,0.983805668016,0.574468085106,0.725373134328,243,4,180,842,0.574468085106,0.995271867612,0.00472813238771,0.425531914894,0.983805668016,0.574468085106,0.725373134328,0.85500394011,0.601786183346,0.635883905013,0.678356695433,0.569739952719,2154,1731,423,0,2154,0,1731,0,423,144,2115,0.10270979021,3.28340051934,29.375,15.4379562044,16.5234375,23.125947344,0.787266292563,0.431540583136,18.7178045265,1.27440371245,0.622363409509,10.41950078,0.709412819061,0.401704097715,1.12585631727,0.342893384662,4.14543900894,3.28340051934,1.12585631727,4.14543900894,0.506274862896,0.548025908195,16217,0.0332762894383,0.115809519663,144,144,144,1,0,0.0486111111111,0.840277777778,0.111111111111,144,0.0821678321678,3.17652590169,23.5,12.6268656716,13.21875,18.4326405532,0.784367683113,0.432373752298,15.0270152995,1.27889491911,0.625320133964,8.37620672864,0.712868657756,0.405839571841,1.16655614388,0.367242761425,4.12012112432,3.17652590169,1.16655614388,4.12012112432,0.425256424484,0.455876778884,8820,0.018098099084,0.0878467043366,144,144,144,1,0,0.0694444444444,0.819444444444,0.111111111111,144,1939,0.0941627816628,3.9227233891,26.9305555556,14.2573529412,15.1484375,21.0499415403,0.781637849872,0.431518967394,16.5575551363,1.22964824117,0.608987307318,10.2921744965,0.764349214799,0.430222480087,1.26018891097,0.321253574613,4.76936894832,3.9227233891,1.26018891097,4.76936894832,0.468570139355,0.522497002596,13219,0.0271245773006,0.113156546038,144,144,144,1,0,0.0555555555556,0.833333333333,0.111111111111,-176,-0.00854700854701,0.639322869768,-2.44444444444,-1.1806032632,-1.375,-2.07600580374,-0.00562844269127,-2.16157419093e-05,-2.16024939028,-0.0447554712792,-0.0133761021912,-0.127326283458,0.0549363957384,0.0285183823724,0.134332593694,-0.0216398100483,0.623929939379,0.639322869768,0.134332593694,0.623929939379,-0.0377047235405,-0.0255289055993,-2998,-0.00615171213763,-0.0026529736247,0.00694444444444,-0.00694444444444,0,1935,4,180,18473,0.914893617021,0.99978351464,0.000216485360178,0.0851063829787,0.99793708097,0.914893617021,0.95461272817,0.950770037171,0.914677131661,0.913166588013,247,423,0,5,1,5
124,WLNM_dir_neg_kfold,0.782251619357,0.347575140699,00:00:21,10,80,14,13359,threshold_sweep,0.7,0.987804878049,0.574468085106,0.726457399103,243,3,180,843,0.574468085106,0.996453900709,0.00354609929078,0.425531914894,0.987804878049,0.574468085106,0.726457399103,0.855791962175,0.602048857368,0.637623762376,0.68081131101,0.570921985816,2154,1731,423,0,2154,0,1731,0,423,144,2115,0.10270979021,3.28340051934,29.375,15.4379562044,16.5234375,23.125947344,0.787266292563,0.431540583136,18.7178045265,1.27440371245,0.622363409509,10.41950078,0.709412819061,0.401704097715,1.12585631727,0.342893384662,4.14543900894,3.28340051934,1.12585631727,4.14543900894,0.506274862896,0.548025908195,16217,0.0332762894383,0.115809519663,144,144,144,1,0,0.0486111111111,0.840277777778,0.111111111111,144,0.0821678321678,3.17652590169,23.5,12.6268656716,13.21875,18.4326405532,0.784367683113,0.432373752298,15.0270152995,1.27889491911,0.625320133964,8.37620672864,0.712868657756,0.405839571841,1.16655614388,0.367242761425,4.12012112432,3.17652590169,1.16655614388,4.12012112432,0.425256424484,0.455876778884,8820,0.018098099084,0.0878467043366,144,144,144,1,0,0.0694444444444,0.819444444444,0.111111111111,144,1938,0.0941142191142,3.4951636124,26.9166666667,14.3555555556,15.140625,21.048894129,0.782002258664,0.431623380346,16.5630285903,1.23068943086,0.609756621947,10.2846718725,0.764186145323,0.430125558996,1.20684644516,0.345290400962,4.35813261726,3.4951636124,1.20684644516,4.35813261726,0.466266830433,0.522368577192,13206,0.0270979020979,0.114013899957,144,144,144,1,0,0.0625,0.826388888889,0.111111111111,-177,-0.00859557109557,0.211763093069,-2.45833333333,-1.08240064882,-1.3828125,-2.07705321499,-0.00526403389877,8.27972099626e-05,-2.15477593621,-0.0437142815851,-0.0126067875618,-0.134828907481,0.0547733262624,0.0284214612808,0.0809901278821,0.00239701630093,0.212693608324,0.211763093069,0.0809901278821,0.212693608324,-0.0400080324624,-0.0256573310025,-3011,-0.00617838734036,-0.0017956197061,0.0138888888889,-0.0138888888889,0,1935,3,180,18474,0.914893617021,0.99983763598,0.000162364020133,0.0851063829787,0.998452012384,0.914893617021,0.954848260548,0.951046080937,0.914731253001,0.913597733711,246,423,0,5,1,5
125,WLNM_dir_neg_kfold,0.782251619357,0.347575140699,00:00:21,10,80,14,13359,threshold_sweep,0.8,0.991836734694,0.574468085106,0.72754491018,243,2,180,844,0.574468085106,0.997635933806,0.00236406619385,0.425531914894,0.991836734694,0.574468085106,0.72754491018,0.85657998424,0.60231153139,0.639365918098,0.683277851572,0.572104018913,2154,1731,423,0,2154,0,1731,0,423,144,2115,0.10270979021,3.28340051934,29.375,15.4379562044,16.5234375,23.125947344,0.787266292563,0.431540583136,18.7178045265,1.27440371245,0.622363409509,10.41950078,0.709412819061,0.401704097715,1.12585631727,0.342893384662,4.14543900894,3.28340051934,1.12585631727,4.14543900894,0.506274862896,0.548025908195,16217,0.0332762894383,0.115809519663,144,144,144,1,0,0.0486111111111,0.840277777778,0.111111111111,144,0.0821678321678,3.17652590169,23.5,12.6268656716,13.21875,18.4326405532,0.784367683113,0.432373752298,15.0270152995,1.27889491911,0.625320133964,8.37620672864,0.712868657756,0.405839571841,1.16655614388,0.367242761425,4.12012112432,3.17652590169,1.16655614388,4.12012112432,0.425256424484,0.455876778884,8820,0.018098099084,0.0878467043366,144,144,144,1,0,0.0694444444444,0.819444444444,0.111111111111,144,1937,0.0940656565657,3.19200499157,26.9027777778,14.4552238806,15.1328125,21.0514917979,0.782502534562,0.43179243389,16.5684973052,1.23173134329,0.610519560603,10.2812408853,0.764325600146,0.430150433087,1.15017433659,0.360329742473,4.09058261223,3.19200499157,1.15017433659,4.09058261223,0.466109422251,0.522520383124,13202,0.0270896943432,0.114760544232,144,144,144,1,0,0.0694444444444,0.819444444444,0.111111111111,-178,-0.00864413364413,-0.0913955277627,-2.47222222222,-0.982732323783,-1.390625,-2.07445554618,-0.00476375800156,0.000251850753421,-2.14930722133,-0.0426723691568,-0.0118438489053,-0.138259894663,0.0549127810849,0.0284463353719,0.0243180193111,0.0174363578113,-0.0548563967136,-0.0913955277627,0.0243180193111,-0.0548563967136,-0.0401654406446,-0.0255055250713,-3015,-0.00618659509505,-0.00104897543137,0.0208333333333,-0.0208333333333,0,1935,2,180,18475,0.914893617021,0.99989175732,0.000108242680089,0.0851063829787,0.998967475478,0.914893617021,0.955083909181,0.951322329531,0.914785374341,0.914029286726,245,423,0,5,1,5
126,WLNM_dir_neg_kfold,0.782251619357,0.347575140699,00:00:21,10,80,14,13359,threshold_sweep,0.9,0.991803278689,0.572104018913,0.725637181409,242,2,181,844,0.572104018913,0.997635933806,0.00236406619385,0.427895981087,0.991803278689,0.572104018913,0.725637181409,0.855791962175,0.602574205411,0.637144745539,0.681514647762,0.569739952719,2154,1731,423,0,2154,0,1731,0,423,144,2115,0.10270979021,3.28340051934,29.375,15.4379562044,16.5234375,23.125947344,0.787266292563,0.431540583136,18.7178045265,1.27440371245,0.622363409509,10.41950078,0.709412819061,0.401704097715,1.12585631727,0.342893384662,4.14543900894,3.28340051934,1.12585631727,4.14543900894,0.506274862896,0.548025908195,16217,0.0332762894383,0.115809519663,144,144,144,1,0,0.0486111111111,0.840277777778,0.111111111111,144,0.0821678321678,3.17652590169,23.5,12.6268656716,13.21875,18.4326405532,0.784367683113,0.432373752298,15.0270152995,1.27889491911,0.625320133964,8.37620672864,0.712868657756,0.405839571841,1.16655614388,0.367242761425,4.12012112432,3.17652590169,1.16655614388,4.12012112432,0.425256424484,0.455876778884,8820,0.018098099084,0.0878467043366,144,144,144,1,0,0.0694444444444,0.819444444444,0.111111111111,144,1936,0.0940170940171,3.19293885613,26.8888888889,14.447761194,15.125,21.0560726955,0.783077083717,0.432090794307,16.5710075312,1.23255427918,0.61068067034,10.2859655746,0.765071819596,0.430569903581,1.15062925669,0.360366830853,4.09227034326,3.19293885613,1.15062925669,4.09227034326,0.466426707657,0.522710173049,13200,0.0270855904659,0.114890266094,144,144,144,1,0,0.0694444444444,0.819444444444,0.111111111111,-179,-0.0086926961927,-0.0904616632026,-2.48611111111,-0.99019501035,-1.3984375,-2.06987464854,-0.0041892088462,0.000550211170375,-2.14679699536,-0.0418494332668,-0.011682739169,-0.133535205393,0.0556590005348,0.0288658058665,0.0247729394161,0.017473446191,-0.053168665682,-0.0904616632026,0.0247729394161,-0.053168665682,-0.0398481552385,-0.0253157351461,-3017,-0.00619069897239,-0.000919253568711,0.0208333333333,-0.0208333333333,0,1934,2,181,18475,0.914420803783,0.99989175732,0.000108242680089,0.0855791962175,0.998966942149,0.914420803783,0.954825968897,0.951050675809,0.914312561102,0.91355692017,244,423,0,5,1,5
127,WLNM_dir_neg_kfold,0.848044475742,0.32539740242,00:00:21,10,80,15,13360,threshold_sweep,0.1,0.942965779468,0.586288416076,0.723032069971,248,15,175,831,0.586288416076,0.982269503546,0.0177304964539,0.413711583924,0.942965779468,0.586288416076,0.723032069971,0.850275807723,0.597583399002,0.627937336815,0.661231011961,0.568557919622,2154,1731,423,0,2154,0,1731,0,423,144,2115,0.10270979021,3.28340051934,29.375,15.4379562044,16.5234375,23.125947344,0.787266292563,0.431540583136,18.7178045265,1.27440371245,0.622363409509,10.41950078,0.709412819061,0.401704097715,1.12585631727,0.342893384662,4.14543900894,3.28340051934,1.12585631727,4.14543900894,0.506274862896,0.548025908195,16217,0.0332762894383,0.115809519663,144,144,144,1,0,0.0486111111111,0.840277777778,0.111111111111,144,0.0821678321678,3.17652590169,23.5,12.6268656716,13.21875,18.4326405532,0.784367683113,0.432373752298,15.0270152995,1.27889491911,0.625320133964,8.37620672864,0.712868657756,0.405839571841,1.16655614388,0.367242761425,4.12012112432,3.17652590169,1.16655614388,4.12012112432,0.425256424484,0.455876778884,8820,0.018098099084,0.0878467043366,144,144,144,1,0,0.0694444444444,0.819444444444,0.111111111111,144,1955,0.0949397824398,5.82871975529,27.1527777778,13.6713286713,15.2734375,21.0740683274,0.776129370624,0.429067206593,16.5299388739,1.21755048483,0.600358766695,10.4329895421,0.76846572586,0.431113242398,1.43742238913,0.246610310578,6.72812002421,5.82871975529,1.43742238913,6.72812002421,0.466838412797,0.520901960784,13283,0.0272559013756,0.110037261747,144,144,144,1,0,0.00694444444444,0.881944444444,0.111111111111,-160,-0.00777000777001,2.54531923595,-2.22222222222,-1.76662753305,-1.25,-2.05187901668,-0.0111369219391,-0.00247337654355,-2.18786565259,-0.0568532276124,-0.0220046428137,0.0134887621061,0.0590529067995,0.0294091446837,0.311566071852,-0.0962830740831,2.58268101527,2.54531923595,0.311566071852,2.58268101527,-0.0394364500992,-0.0271239474106,-2934,-0.00602038806264,-0.00577225791622,-0.0416666666667,0.0416666666667,0,1940,15,175,18462,0.917257683215,0.999188179899,0.000811820100666,0.0827423167849,0.992327365729,0.917257683215,0.953316953317,0.94910955787,0.916445863114,0.910798122066,263,423,0,5,1,5
128,WLNM_dir_neg_kfold,0.848044475742,0.32539740242,00:00:21,10,80,15,13360,threshold_sweep,0.2,0.95,0.583924349882,0.723279648609,247,13,176,833,0.583924349882,0.98463356974,0.01536643026,0.416075650118,0.95,0.583924349882,0.723279648609,0.851063829787,0.598371421066,0.629169391759,0.664045474699,0.568557919622,2154,1731,423,0,2154,0,1731,0,423,144,2115,0.10270979021,3.28340051934,29.375,15.4379562044,16.5234375,23.125947344,0.787266292563,0.431540583136,18.7178045265,1.27440371245,0.622363409509,10.41950078,0.709412819061,0.401704097715,1.12585631727,0.342893384662,4.14543900894,3.28340051934,1.12585631727,4.14543900894,0.506274862896,0.548025908195,16217,0.0332762894383,0.115809519663,144,144,144,1,0,0.0486111111111,0.840277777778,0.111111111111,144,0.0821678321678,3.17652590169,23.5,12.6268656716,13.21875,18.4326405532,0.784367683113,0.432373752298,15.0270152995,1.27889491911,0.625320133964,8.37620672864,0.712868657756,0.405839571841,1.16655614388,0.367242761425,4.12012112432,3.17652590169,1.16655614388,4.12012112432,0.425256424484,0.455876778884,8820,0.018098099084,0.0878467043366,144,144,144,1,0,0.0694444444444,0.819444444444,0.111111111111,144,1952,0.0947940947941,5.01013016102,27.1111111111,13.7464788732,15.25,21.0577331978,0.776719667131,0.42922145378,16.522829207,1.21889723658,0.601491347905,10.4264173478,0.769161935492,0.431430726321,1.30970160749,0.261410695012,5.97760983424,5.01013016102,1.30970160749,5.97760983424,0.466464883364,0.521134870573,13274,0.0272374339276,0.110641180518,144,144,144,1,0,0.0138888888889,0.875,0.111111111111,-163,-0.0079156954157,1.72672964169,-2.26388888889,-1.69147733114,-1.2734375,-2.06821414628,-0.0105466254326,-0.00231912935673,-2.19497531953,-0.0555064758628,-0.0208720616035,0.00691656782871,0.0597491164315,0.0297266286058,0.18384529022,-0.0814826896493,1.8321708253,1.72672964169,0.18384529022,1.8321708253,-0.0398099795314,-0.0268910376214,-2943,-0.00603885551069,-0.00516833914464,-0.0347222222222,0.0347222222222,0,1939,13,176,18464,0.916784869976,0.999296422579,0.000703577420577,0.0832151300236,0.993340163934,0.916784869976,0.953528399312,0.949384351418,0.916081292556,0.911184210526,260,423,0,5,1,5
129,WLNM_dir_neg_kfold,0.848044475742,0.32539740242,00:00:21,10,80,15,13360,threshold_sweep,0.3,0.972222222222,0.579196217494,0.725925925926,245,7,178,839,0.579196217494,0.991725768322,0.00827423167849,0.420803782506,0.972222222222,0.579196217494,0.725925925926,0.854215918046,0.600472813239,0.635108481262,0.674638910665,0.570921985816,2154,1731,423,0,2154,0,1731,0,423,144,2115,0.10270979021,3.28340051934,29.375,15.4379562044,16.5234375,23.125947344,0.787266292563,0.431540583136,18.7178045265,1.27440371245,0.622363409509,10.41950078,0.709412819061,0.401704097715,1.12585631727,0.342893384662,4.14543900894,3.28340051934,1.12585631727,4.14543900894,0.506274862896,0.548025908195,16217,0.0332762894383,0.115809519663,144,144,144,1,0,0.0486111111111,0.840277777778,0.111111111111,144,0.0821678321678,3.17652590169,23.5,12.6268656716,13.21875,18.4326405532,0.784367683113,0.432373752298,15.0270152995,1.27889491911,0.625320133964,8.37620672864,0.712868657756,0.405839571841,1.16655614388,0.367242761425,4.12012112432,3.17652590169,1.16655614388,4.12012112432,0.425256424484,0.455876778884,8820,0.018098099084,0.0878467043366,144,144,144,1,0,0.0694444444444,0.819444444444,0.111111111111,144,1944,0.0944055944056,5.97076150619,27,13.9856115108,15.1875,21.0703118619,0.780381920811,0.430941358025,16.5639257534,1.22695746321,0.606781550069,10.3125966832,0.763896050605,0.430005429813,1.98201850981,0.331954057746,7,5.97076150619,1.98201850981,7,0.466151430646,0.52299840846,13254,0.0271963951541,0.110393332771,144,144,144,1,0,0.0347222222222,0.854166666667,0.111111111111,-171,-0.0083041958042,2.68736098685,-2.375,-1.45234469359,-1.3359375,-2.05563548214,-0.00688437175177,-0.000599225111636,-2.15387877315,-0.0474462492315,-0.0155818594402,-0.106904096789,0.0544832315441,0.0283013320978,0.856162192537,-0.0109393269158,2.85456099106,2.68736098685,0.856162192537,2.85456099106,-0.0401234322502,-0.0250274997347,-2963,-0.00607989428412,-0.005416186892,-0.0138888888889,0.0138888888889,0,1937,7,178,18470,0.915839243499,0.99962115062,0.000378849380311,0.0841607565012,0.996399176955,0.915839243499,0.954422271495,0.95048707312,0.915460394119,0.912818096136,252,423,0,5,1,5
130,WLNM_dir_neg_kfold,0.848044475742,0.32539740242,00:00:21,10,80,15,13360,threshold_sweep,0.4,0.972,0.574468085106,0.722139673105,243,7,180,839,0.574468085106,0.991725768322,0.00827423167849,0.425531914894,0.972,0.574468085106,0.722139673105,0.852639873916,0.600998161282,0.630678077683,0.67106319346,0.566193853428,2154,1731,423,0,2154,0,1731,0,423,144,2115,0.10270979021,3.28340051934,29.375,15.4379562044,16.5234375,23.125947344,0.787266292563,0.431540583136,18.7178045265,1.27440371245,0.622363409509,10.41950078,0.709412819061,0.401704097715,1.12585631727,0.342893384662,4.14543900894,3.28340051934,1.12585631727,4.14543900894,0.506274862896,0.548025908195,16217,0.0332762894383,0.115809519663,144,144,144,1,0,0.0486111111111,0.840277777778,0.111111111111,144,0.0821678321678,3.17652590169,23.5,12.6268656716,13.21875,18.4326405532,0.784367683113,0.432373752298,15.0270152995,1.27889491911,0.625320133964,8.37620672864,0.712868657756,0.405839571841,1.16655614388,0.367242761425,4.12012112432,3.17652590169,1.16655614388,4.12012112432,0.425256424484,0.455876778884,8820,0.018098099084,0.0878467043366,144,144,144,1,0,0.0694444444444,0.819444444444,0.111111111111,144,1942,0.0943084693085,5.92892683907,26.9722222222,14.0724637681,15.171875,21.052695937,0.78053249612,0.431095520082,16.5533619475,1.22743775512,0.607413605676,10.3010530463,0.763826796426,0.430012015105,2.0215063859,0.340956540833,7,5.92892683907,2.0215063859,7,0.467473295092,0.522127625926,13206,0.0270979020979,0.111199892251,144,144,144,1,0,0.0416666666667,0.847222222222,0.111111111111,-173,-0.00840132090132,2.64552631974,-2.40277777778,-1.36549243626,-1.3515625,-2.07325140704,-0.00673379644349,-0.000445063053939,-2.16444257907,-0.0469659573293,-0.0149498038331,-0.118447733704,0.0544139773657,0.02830791739,0.895650068627,-0.00193684382867,2.85456099106,2.64552631974,0.895650068627,2.85456099106,-0.0388015678037,-0.025898282269,-3011,-0.00617838734036,-0.004609627412,-0.00694444444444,0.00694444444444,0,1935,7,180,18470,0.914893617021,0.99962115062,0.000378849380311,0.0851063829787,0.996395468589,0.914893617021,0.953906827705,0.949943132218,0.914514767641,0.911875589067,250,423,0,5,1,5
131,WLNM_dir_neg_kfold,0.848044475742,0.32539740242,00:00:21,10,80,15,13360,threshold_sweep,0.5,0.979838709677,0.574468085106,0.724292101341,243,5,180,841,0.574468085106,0.994089834515,0.00591016548463,0.425531914894,0.979838709677,0.574468085106,0.724292101341,0.854215918046,0.601523509325,0.634146341463,0.675913883491,0.568557919622,2154,1731,423,0,2154,0,1731,0,423,144,2115,0.10270979021,3.28340051934,29.375,15.4379562044,16.5234375,23.125947344,0.787266292563,0.431540583136,18.7178045265,1.27440371245,0.622363409509,10.41950078,0.709412819061,0.401704097715,1.12585631727,0.342893384662,4.14543900894,3.28340051934,1.12585631727,4.14543900894,0.506274862896,0.548025908195,16217,0.0332762894383,0.115809519663,144,144,144,1,0,0.0486111111111,0.840277777778,0.111111111111,144,0.0821678321678,3.17652590169,23.5,12.6268656716,13.21875,18.4326405532,0.784367683113,0.432373752298,15.0270152995,1.27889491911,0.625320133964,8.37620672864,0.712868657756,0.405839571841,1.16655614388,0.367242761425,4.12012112432,3.17652590169,1.16655614388,4.12012112432,0.425256424484,0.455876778884,8820,0.018098099084,0.0878467043366,144,144,144,1,0,0.0694444444444,0.819444444444,0.111111111111,144,1940,0.0942113442113,3.71021749566,26.9444444444,14.2647058824,15.15625,21.0589508162,0.781569308643,0.431504152348,16.5643244769,1.22951686839,0.608970504009,10.2955924064,0.764208920889,0.43018327606,1.2813237713,0.345350042902,4.61137570975,3.71021749566,1.2813237713,4.61137570975,0.465425973803,0.522133234817,13191,0.0270671230178,0.113496362091,144,144,144,1,0,0.0555555555556,0.833333333333,0.111111111111,-175,-0.00849844599845,0.426816976325,-2.43055555556,-1.17325032203,-1.3671875,-2.06699652784,-0.00569698392044,-3.64307881033e-05,-2.15348004961,-0.0448868440549,-0.0133929054996,-0.123908373531,0.0547961018284,0.0284791783448,0.155467454029,0.00245665824091,0.465936700807,0.426816976325,0.155467454029,0.465936700807,-0.0408488890924,-0.0258926733781,-3026,-0.00620916642043,-0.00231315757169,0.00694444444444,-0.00694444444444,0,1935,5,180,18472,0.914893617021,0.9997293933,0.000270606700222,0.0851063829787,0.997422680412,0.914893617021,0.954377311961,0.95049419797,0.914623010321,0.912735849057,248,423,0,5,1,5
132,WLNM_dir_neg_kfold,0.848044475742,0.32539740242,00:00:21,10,80,15,13360,threshold_sweep,0.6,0.979838709677,0.574468085106,0.724292101341,243,5,180,841,0.574468085106,0.994089834515,0.00591016548463,0.425531914894,0.979838709677,0.574468085106,0.724292101341,0.854215918046,0.601523509325,0.634146341463,0.675913883491,0.568557919622,2154,1731,423,0,2154,0,1731,0,423,144,2115,0.10270979021,3.28340051934,29.375,15.4379562044,16.5234375,23.125947344,0.787266292563,0.431540583136,18.7178045265,1.27440371245,0.622363409509,10.41950078,0.709412819061,0.401704097715,1.12585631727,0.342893384662,4.14543900894,3.28340051934,1.12585631727,4.14543900894,0.506274862896,0.548025908195,16217,0.0332762894383,0.115809519663,144,144,144,1,0,0.0486111111111,0.840277777778,0.111111111111,144,0.0821678321678,3.17652590169,23.5,12.6268656716,13.21875,18.4326405532,0.784367683113,0.432373752298,15.0270152995,1.27889491911,0.625320133964,8.37620672864,0.712868657756,0.405839571841,1.16655614388,0.367242761425,4.12012112432,3.17652590169,1.16655614388,4.12012112432,0.425256424484,0.455876778884,8820,0.018098099084,0.0878467043366,144,144,144,1,0,0.0694444444444,0.819444444444,0.111111111111,144,1940,0.0942113442113,3.71021749566,26.9444444444,14.2647058824,15.15625,21.0589508162,0.781569308643,0.431504152348,16.5643244769,1.22951686839,0.608970504009,10.2955924064,0.764208920889,0.43018327606,1.2813237713,0.345350042902,4.61137570975,3.71021749566,1.2813237713,4.61137570975,0.465425973803,0.522133234817,13191,0.0270671230178,0.113496362091,144,144,144,1,0,0.0555555555556,0.833333333333,0.111111111111,-175,-0.00849844599845,0.426816976325,-2.43055555556,-1.17325032203,-1.3671875,-2.06699652784,-0.00569698392044,-3.64307881033e-05,-2.15348004961,-0.0448868440549,-0.0133929054996,-0.123908373531,0.0547961018284,0.0284791783448,0.155467454029,0.00245665824091,0.465936700807,0.426816976325,0.155467454029,0.465936700807,-0.0408488890924,-0.0258926733781,-3026,-0.00620916642043,-0.00231315757169,0.00694444444444,-0.00694444444444,0,1935,5,180,18472,0.914893617021,0.9997293933,0.000270606700222,0.0851063829787,0.997422680412,0.914893617021,0.954377311961,0.95049419797,0.914623010321,0.912735849057,248,423,0,5,1,5
133,WLNM_dir_neg_kfold,0.848044475742,0.32539740242,00:00:21,10,80,15,13360,threshold_sweep,0.7,0.983805668016,0.574468085106,0.725373134328,243,4,180,842,0.574468085106,0.995271867612,0.00472813238771,0.425531914894,0.983805668016,0.574468085106,0.725373134328,0.85500394011,0.601786183346,0.635883905013,0.678356695433,0.569739952719,2154,1731,423,0,2154,0,1731,0,423,144,2115,0.10270979021,3.28340051934,29.375,15.4379562044,16.5234375,23.125947344,0.787266292563,0.431540583136,18.7178045265,1.27440371245,0.622363409509,10.41950078,0.709412819061,0.401704097715,1.12585631727,0.342893384662,4.14543900894,3.28340051934,1.12585631727,4.14543900894,0.506274862896,0.548025908195,16217,0.0332762894383,0.115809519663,144,144,144,1,0,0.0486111111111,0.840277777778,0.111111111111,144,0.0821678321678,3.17652590169,23.5,12.6268656716,13.21875,18.4326405532,0.784367683113,0.432373752298,15.0270152995,1.27889491911,0.625320133964,8.37620672864,0.712868657756,0.405839571841,1.16655614388,0.367242761425,4.12012112432,3.17652590169,1.16655614388,4.12012112432,0.425256424484,0.455876778884,8820,0.018098099084,0.0878467043366,144,144,144,1,0,0.0694444444444,0.819444444444,0.111111111111,144,1939,0.0941627816628,3.40135965503,26.9305555556,14.362962963,15.1484375,21.0615656906,0.782069484128,0.43167297003,16.5697986257,1.23055750495,0.609739413214,10.2921744965,0.764349214799,0.430208154261,1.2261738755,0.360495213637,4.33899195559,3.40135965503,1.2261738755,4.33899195559,0.465267152425,0.522285005149,13187,0.0270589152631,0.114238361241,144,144,144,1,0,0.0625,0.826388888889,0.111111111111,-176,-0.00854700854701,0.117959135691,-2.44444444444,-1.07499324142,-1.375,-2.06438165344,-0.00519680843559,0.000132386894043,-2.14800590085,-0.0438462074949,-0.0126239962947,-0.127326283458,0.0549363957384,0.0285040565458,0.100317558222,0.0176018289758,0.193552946649,0.117959135691,0.100317558222,0.193552946649,-0.0410077104705,-0.0257409030461,-3030,-0.00621737417512,-0.00157115842198,0.0138888888889,-0.0138888888889,0,1935,4,180,18473,0.914893617021,0.99978351464,0.000216485360178,0.0851063829787,0.99793708097,0.914893617021,0.95461272817,0.950770037171,0.914677131661,0.913166588013,247,423,0,5,1,5
134,WLNM_dir_neg_kfold,0.848044475742,0.32539740242,00:00:21,10,80,15,13360,threshold_sweep,0.8,0.983805668016,0.574468085106,0.725373134328,243,4,180,842,0.574468085106,0.995271867612,0.00472813238771,0.425531914894,0.983805668016,0.574468085106,0.725373134328,0.85500394011,0.601786183346,0.635883905013,0.678356695433,0.569739952719,2154,1731,423,0,2154,0,1731,0,423,144,2115,0.10270979021,3.28340051934,29.375,15.4379562044,16.5234375,23.125947344,0.787266292563,0.431540583136,18.7178045265,1.27440371245,0.622363409509,10.41950078,0.709412819061,0.401704097715,1.12585631727,0.342893384662,4.14543900894,3.28340051934,1.12585631727,4.14543900894,0.506274862896,0.548025908195,16217,0.0332762894383,0.115809519663,144,144,144,1,0,0.0486111111111,0.840277777778,0.111111111111,144,0.0821678321678,3.17652590169,23.5,12.6268656716,13.21875,18.4326405532,0.784367683113,0.432373752298,15.0270152995,1.27889491911,0.625320133964,8.37620672864,0.712868657756,0.405839571841,1.16655614388,0.367242761425,4.12012112432,3.17652590169,1.16655614388,4.12012112432,0.425256424484,0.455876778884,8820,0.018098099084,0.0878467043366,144,144,144,1,0,0.0694444444444,0.819444444444,0.111111111111,144,1939,0.0941627816628,3.40135965503,26.9305555556,14.362962963,15.1484375,21.0615656906,0.782069484128,0.43167297003,16.5697986257,1.23055750495,0.609739413214,10.2921744965,0.764349214799,0.430208154261,1.2261738755,0.360495213637,4.33899195559,3.40135965503,1.2261738755,4.33899195559,0.465267152425,0.522285005149,13187,0.0270589152631,0.114238361241,144,144,144,1,0,0.0625,0.826388888889,0.111111111111,-176,-0.00854700854701,0.117959135691,-2.44444444444,-1.07499324142,-1.375,-2.06438165344,-0.00519680843559,0.000132386894043,-2.14800590085,-0.0438462074949,-0.0126239962947,-0.127326283458,0.0549363957384,0.0285040565458,0.100317558222,0.0176018289758,0.193552946649,0.117959135691,0.100317558222,0.193552946649,-0.0410077104705,-0.0257409030461,-3030,-0.00621737417512,-0.00157115842198,0.0138888888889,-0.0138888888889,0,1935,4,180,18473,0.914893617021,0.99978351464,0.000216485360178,0.0851063829787,0.99793708097,0.914893617021,0.95461272817,0.950770037171,0.914677131661,0.913166588013,247,423,0,5,1,5
135,WLNM_dir_neg_kfold,0.848044475742,0.32539740242,00:00:21,10,80,15,13360,threshold_sweep,0.9,0.991836734694,0.574468085106,0.72754491018,243,2,180,844,0.574468085106,0.997635933806,0.00236406619385,0.425531914894,0.991836734694,0.574468085106,0.72754491018,0.85657998424,0.60231153139,0.639365918098,0.683277851572,0.572104018913,2154,1731,423,0,2154,0,1731,0,423,144,2115,0.10270979021,3.28340051934,29.375,15.4379562044,16.5234375,23.125947344,0.787266292563,0.431540583136,18.7178045265,1.27440371245,0.622363409509,10.41950078,0.709412819061,0.401704097715,1.12585631727,0.342893384662,4.14543900894,3.28340051934,1.12585631727,4.14543900894,0.506274862896,0.548025908195,16217,0.0332762894383,0.115809519663,144,144,144,1,0,0.0486111111111,0.840277777778,0.111111111111,144,0.0821678321678,3.17652590169,23.5,12.6268656716,13.21875,18.4326405532,0.784367683113,0.432373752298,15.0270152995,1.27889491911,0.625320133964,8.37620672864,0.712868657756,0.405839571841,1.16655614388,0.367242761425,4.12012112432,3.17652590169,1.16655614388,4.12012112432,0.425256424484,0.455876778884,8820,0.018098099084,0.0878467043366,144,144,144,1,0,0.0694444444444,0.819444444444,0.111111111111,144,1937,0.0940656565657,3.18927208641,26.9027777778,14.4552238806,15.1328125,21.0541491167,0.782601309448,0.431903573682,16.5773583314,1.23239008762,0.61064145586,10.2826011383,0.764426723756,0.430236476797,1.15008325701,0.360609952946,4.09431998333,3.18927208641,1.15008325701,4.09431998333,0.465930587989,0.52254025281,13187,0.0270589152631,0.114569792542,144,144,144,1,0,0.0694444444444,0.819444444444,0.111111111111,-178,-0.00864413364413,-0.0941284329215,-2.47222222222,-0.982732323783,-1.390625,-2.07179822737,-0.00466498311524,0.000362990545769,-2.14044619518,-0.0420136248273,-0.0117219536492,-0.136899641655,0.0550139046952,0.0285323790821,0.0242269397392,0.0177165682844,-0.0511190256089,-0.0941284329215,0.0242269397392,-0.0511190256089,-0.0403442749072,-0.0254856553848,-3030,-0.00621737417512,-0.0012397271213,0.0208333333333,-0.0208333333333,0,1935,2,180,18475,0.914893617021,0.99989175732,0.000108242680089,0.0851063829787,0.998967475478,0.914893617021,0.955083909181,0.951322329531,0.914785374341,0.914029286726,245,423,0,5,1,5
136,WLNM_dir_neg_kfold,0.88499488624,0.504804352233,00:00:21,10,80,16,13361,threshold_sweep,0.1,0.95,0.583924349882,0.723279648609,247,13,176,833,0.583924349882,0.98463356974,0.01536643026,0.416075650118,0.95,0.583924349882,0.723279648609,0.851063829787,0.598371421066,0.629169391759,0.664045474699,0.568557919622,2154,1731,423,0,2154,0,1731,0,423,144,2115,0.10270979021,3.28340051934,29.375,15.4379562044,16.5234375,23.125947344,0.787266292563,0.431540583136,18.7178045265,1.27440371245,0.622363409509,10.41950078,0.709412819061,0.401704097715,1.12585631727,0.342893384662,4.14543900894,3.28340051934,1.12585631727,4.14543900894,0.506274862896,0.548025908195,16217,0.0332762894383,0.115809519663,144,144,144,1,0,0.0486111111111,0.840277777778,0.111111111111,144,0.0821678321678,3.17652590169,23.5,12.6268656716,13.21875,18.4326405532,0.784367683113,0.432373752298,15.0270152995,1.27889491911,0.625320133964,8.37620672864,0.712868657756,0.405839571841,1.16655614388,0.367242761425,4.12012112432,3.17652590169,1.16655614388,4.12012112432,0.425256424484,0.455876778884,8820,0.018098099084,0.0878467043366,144,144,144,1,0,0.0694444444444,0.819444444444,0.111111111111,144,1952,0.0947940947941,4.76298695585,27.1111111111,13.7464788732,15.25,21.0022013868,0.774671362629,0.428321379781,16.5257915726,1.21911577175,0.601477117486,10.4008994889,0.767279470494,0.430697859745,1.42380781499,0.298931705711,5.72312308428,4.76298695585,1.42380781499,5.72312308428,0.464819202511,0.521455858496,13286,0.0272620571916,0.110160502805,144,144,144,1,0,0.0138888888889,0.875,0.111111111111,-163,-0.0079156954157,1.47958643651,-2.26388888889,-1.69147733114,-1.2734375,-2.12374595722,-0.0125949299346,-0.00321920335491,-2.19201295392,-0.0552879406943,-0.0208862920225,-0.0186012910311,0.0578666514336,0.0289937620303,0.297951497716,-0.0439616789504,1.57768407535,1.47958643651,0.297951497716,1.57768407535,-0.041455660385,-0.0265700496989,-2931,-0.00601423224663,-0.00564901685837,-0.0347222222222,0.0347222222222,0,1939,13,176,18464,0.916784869976,0.999296422579,0.000703577420577,0.0832151300236,0.993340163934,0.916784869976,0.953528399312,0.949384351418,0.916081292556,0.911184210526,260,423,0,5,1,5
137,WLNM_dir_neg_kfold,0.88499488624,0.504804352233,00:00:21,10,80,16,13361,threshold_sweep,0.2,0.96442687747,0.5768321513,0.721893491124,244,9,179,837,0.5768321513,0.989361702128,0.0106382978723,0.4231678487,0.96442687747,0.5768321513,0.721893491124,0.851851851852,0.600210139217,0.629434954008,0.668056818584,0.566193853428,2154,1731,423,0,2154,0,1731,0,423,144,2115,0.10270979021,3.28340051934,29.375,15.4379562044,16.5234375,23.125947344,0.787266292563,0.431540583136,18.7178045265,1.27440371245,0.622363409509,10.41950078,0.709412819061,0.401704097715,1.12585631727,0.342893384662,4.14543900894,3.28340051934,1.12585631727,4.14543900894,0.506274862896,0.548025908195,16217,0.0332762894383,0.115809519663,144,144,144,1,0,0.0486111111111,0.840277777778,0.111111111111,144,0.0821678321678,3.17652590169,23.5,12.6268656716,13.21875,18.4326405532,0.784367683113,0.432373752298,15.0270152995,1.27889491911,0.625320133964,8.37620672864,0.712868657756,0.405839571841,1.16655614388,0.367242761425,4.12012112432,3.17652590169,1.16655614388,4.12012112432,0.425256424484,0.455876778884,8820,0.018098099084,0.0878467043366,144,144,144,1,0,0.0694444444444,0.819444444444,0.111111111111,144,1945,0.0944541569542,4.90671994755,27.0138888889,13.7943262411,15.1953125,20.9978307608,0.777297591145,0.429516566695,16.5389967343,1.22448099215,0.605023564696,10.3085249043,0.763201843817,0.429723650386,1.52408243684,0.310611254185,6.5,4.90671994755,1.52408243684,6.5,0.464865856698,0.522627468511,13250,0.0271881873995,0.108005316877,144,144,144,1,0,0.0208333333333,0.868055555556,0.111111111111,-170,-0.00825563325563,1.62331942821,-2.36111111111,-1.64362996324,-1.328125,-2.12811658325,-0.00996870141813,-0.0020240164411,-2.17880779228,-0.0499227202942,-0.017339844813,-0.110975875626,0.0537890247559,0.0280195526709,0.398226119569,-0.0322821304762,2.35456099106,1.62331942821,0.398226119569,2.35456099106,-0.0414090061978,-0.025398439684,-2967,-0.00608810203881,-0.00780420278632,-0.0277777777778,0.0277777777778,0,1936,9,179,18468,0.91536643026,0.99951290794,0.000487092060399,0.08463356974,0.995372750643,0.91536643026,0.953694581281,0.949665031066,0.9148793382,0.911487758945,253,423,0,5,1,5
138,WLNM_dir_neg_kfold,0.88499488624,0.504804352233,00:00:21,10,80,16,13361,threshold_sweep,0.3,0.972111553785,0.5768321513,0.724035608309,244,7,179,839,0.5768321513,0.991725768322,0.00827423167849,0.4231678487,0.972111553785,0.5768321513,0.724035608309,0.853427895981,0.60073548726,0.632894736842,0.672851660932,0.568557919622,2154,1731,423,0,2154,0,1731,0,423,144,2115,0.10270979021,3.28340051934,29.375,15.4379562044,16.5234375,23.125947344,0.787266292563,0.431540583136,18.7178045265,1.27440371245,0.622363409509,10.41950078,0.709412819061,0.401704097715,1.12585631727,0.342893384662,4.14543900894,3.28340051934,1.12585631727,4.14543900894,0.506274862896,0.548025908195,16217,0.0332762894383,0.115809519663,144,144,144,1,0,0.0486111111111,0.840277777778,0.111111111111,144,0.0821678321678,3.17652590169,23.5,12.6268656716,13.21875,18.4326405532,0.784367683113,0.432373752298,15.0270152995,1.27889491911,0.625320133964,8.37620672864,0.712868657756,0.405839571841,1.16655614388,0.367242761425,4.12012112432,3.17652590169,1.16655614388,4.12012112432,0.425256424484,0.455876778884,8820,0.018098099084,0.0878467043366,144,144,144,1,0,0.0694444444444,0.819444444444,0.111111111111,144,1943,0.094357031857,4.68908731095,26.9861111111,13.8785714286,15.1796875,21.0128119796,0.778652837122,0.430123091439,16.5495638409,1.22652454611,0.606439783839,10.3017389582,0.76348451363,0.429794275748,1.52286971018,0.324768896204,5.53186886451,4.68908731095,1.52286971018,5.53186886451,0.464721575646,0.522968011895,13248,0.0271840835221,0.10890209266,144,144,144,1,0,0.0277777777778,0.861111111111,0.111111111111,-172,-0.00835275835276,1.40568679162,-2.38888888889,-1.55938477581,-1.34375,-2.11313536448,-0.00861345544108,-0.00141749169697,-2.16824068559,-0.0478791663328,-0.0159236256694,-0.117761821735,0.0540716945696,0.028090178033,0.39701339291,-0.0181244884572,1.38642985558,1.40568679162,0.39701339291,1.38642985558,-0.0415532872502,-0.0250578962997,-2969,-0.00609220591615,-0.00690742700342,-0.0208333333333,0.0208333333333,0,1936,7,179,18470,0.91536643026,0.99962115062,0.000378849380311,0.08463356974,0.996397323726,0.91536643026,0.95416461311,0.950215127005,0.91498758088,0.912346842601,251,423,0,5,1,5
139,WLNM_dir_neg_kfold,0.88499488624,0.504804352233,00:00:21,10,80,16,13361,threshold_sweep,0.4,0.979838709677,0.574468085106,0.724292101341,243,5,180,841,0.574468085106,0.994089834515,0.00591016548463,0.425531914894,0.979838709677,0.574468085106,0.724292101341,0.854215918046,0.601523509325,0.634146341463,0.675913883491,0.568557919622,2154,1731,423,0,2154,0,1731,0,423,144,2115,0.10270979021,3.28340051934,29.375,15.4379562044,16.5234375,23.125947344,0.787266292563,0.431540583136,18.7178045265,1.27440371245,0.622363409509,10.41950078,0.709412819061,0.401704097715,1.12585631727,0.342893384662,4.14543900894,3.28340051934,1.12585631727,4.14543900894,0.506274862896,0.548025908195,16217,0.0332762894383,0.115809519663,144,144,144,1,0,0.0486111111111,0.840277777778,0.111111111111,144,0.0821678321678,3.17652590169,23.5,12.6268656716,13.21875,18.4326405532,0.784367683113,0.432373752298,15.0270152995,1.27889491911,0.625320133964,8.37620672864,0.712868657756,0.405839571841,1.16655614388,0.367242761425,4.12012112432,3.17652590169,1.16655614388,4.12012112432,0.425256424484,0.455876778884,8820,0.018098099084,0.0878467043366,144,144,144,1,0,0.0694444444444,0.819444444444,0.111111111111,144,1940,0.0942113442113,3.71409582755,26.9444444444,14.0579710145,15.15625,21.0180667465,0.780051961725,0.430634306987,16.5655909469,1.22961087441,0.608634020619,10.2704303942,0.762341225135,0.429245418099,1.25030687638,0.33663829218,4.61751255246,3.71409582755,1.25030687638,4.61751255246,0.462126377985,0.523321116882,13232,0.0271512525034,0.109986708623,144,144,144,1,0,0.0416666666667,0.847222222222,0.111111111111,-175,-0.00849844599845,0.430695308212,-2.43055555556,-1.37998518989,-1.3671875,-2.10788059757,-0.00721433083845,-0.000906276148928,-2.15221357968,-0.0447928380388,-0.0137293888902,-0.149070385774,0.0529284060744,0.0275413203838,0.124450559103,-0.0062550924817,0.47207354352,0.430695308212,0.124450559103,0.47207354352,-0.044148484911,-0.0247047913124,-2985,-0.0061250369349,-0.00582281103972,-0.00694444444444,0.00694444444444,0,1935,5,180,18472,0.914893617021,0.9997293933,0.000270606700222,0.0851063829787,0.997422680412,0.914893617021,0.954377311961,0.95049419797,0.914623010321,0.912735849057,248,423,0,5,1,5
140,WLNM_dir_neg_kfold,0.88499488624,0.504804352233,00:00:21,10,80,16,13361,threshold_sweep,0.5,0.97975708502,0.572104018913,0.722388059701,242,5,181,841,0.572104018913,0.994089834515,0.00591016548463,0.427895981087,0.97975708502,0.572104018913,0.722388059701,0.853427895981,0.601786183346,0.631926121372,0.674134558324,0.566193853428,2154,1731,423,0,2154,0,1731,0,423,144,2115,0.10270979021,3.28340051934,29.375,15.4379562044,16.5234375,23.125947344,0.787266292563,0.431540583136,18.7178045265,1.27440371245,0.622363409509,10.41950078,0.709412819061,0.401704097715,1.12585631727,0.342893384662,4.14543900894,3.28340051934,1.12585631727,4.14543900894,0.506274862896,0.548025908195,16217,0.0332762894383,0.115809519663,144,144,144,1,0,0.0486111111111,0.840277777778,0.111111111111,144,0.0821678321678,3.17652590169,23.5,12.6268656716,13.21875,18.4326405532,0.784367683113,0.432373752298,15.0270152995,1.27889491911,0.625320133964,8.37620672864,0.712868657756,0.405839571841,1.16655614388,0.367242761425,4.12012112432,3.17652590169,1.16655614388,4.12012112432,0.425256424484,0.455876778884,8820,0.018098099084,0.0878467043366,144,144,144,1,0,0.0694444444444,0.819444444444,0.111111111111,144,1939,0.0941627816628,3.69516096235,26.9305555556,14.1532846715,15.1484375,21.0233479192,0.780650361104,0.43101040055,16.5710646773,1.23065152838,0.609417082116,10.2567822995,0.761720810277,0.42896897026,1.26883727974,0.343378080865,4.6136944692,3.69516096235,1.26883727974,4.6136944692,0.466776108247,0.523576506588,13232,0.0271512525034,0.110816367961,144,144,144,1,0,0.0486111111111,0.840277777778,0.111111111111,-176,-0.00854700854701,0.411760443018,-2.44444444444,-1.28467153285,-1.375,-2.10259942486,-0.00661593145877,-0.000530182586216,-2.14673984929,-0.0437521840675,-0.0129463273932,-0.162718480468,0.0523079912157,0.0272648725448,0.142980962465,0.000484696203199,0.468255460261,0.411760443018,0.142980962465,0.468255460261,-0.0394987546486,-0.0244494016066,-2985,-0.0061250369349,-0.00499315170172,0,0,0,1934,5,181,18472,0.914420803783,0.9997293933,0.000270606700222,0.0855791962175,0.997421351212,0.914420803783,0.954119388259,0.9502223099,0.914150197082,0.912264150943,247,423,0,5,1,5
141,WLNM_dir_neg_kfold,0.88499488624,0.504804352233,00:00:21,10,80,16,13361,threshold_sweep,0.6,0.987755102041,0.572104018913,0.724550898204,242,3,181,843,0.572104018913,0.996453900709,0.00354609929078,0.427895981087,0.987755102041,0.572104018913,0.724550898204,0.85500394011,0.60231153139,0.635402906209,0.679042658277,0.568557919622,2154,1731,423,0,2154,0,1731,0,423,144,2115,0.10270979021,3.28340051934,29.375,15.4379562044,16.5234375,23.125947344,0.787266292563,0.431540583136,18.7178045265,1.27440371245,0.622363409509,10.41950078,0.709412819061,0.401704097715,1.12585631727,0.342893384662,4.14543900894,3.28340051934,1.12585631727,4.14543900894,0.506274862896,0.548025908195,16217,0.0332762894383,0.115809519663,144,144,144,1,0,0.0486111111111,0.840277777778,0.111111111111,144,0.0821678321678,3.17652590169,23.5,12.6268656716,13.21875,18.4326405532,0.784367683113,0.432373752298,15.0270152995,1.27889491911,0.625320133964,8.37620672864,0.712868657756,0.405839571841,1.16655614388,0.367242761425,4.12012112432,3.17652590169,1.16655614388,4.12012112432,0.425256424484,0.455876778884,8820,0.018098099084,0.0878467043366,144,144,144,1,0,0.0694444444444,0.819444444444,0.111111111111,144,1937,0.0940656565657,3.48080977882,26.9027777778,14.3481481481,15.1328125,21.0408591666,0.78210731027,0.431724315953,16.5819979315,1.23273500368,0.610964119773,10.2567254832,0.76250308187,0.429318677221,1.1993860729,0.344570990406,4.34355556404,3.48080977882,1.1993860729,4.34355556404,0.467087889662,0.523784383084,13228,0.0271430447487,0.113437115916,144,144,144,1,0,0.0625,0.826388888889,0.111111111111,-178,-0.00864413364413,0.19740925948,-2.47222222222,-1.08980805623,-1.390625,-2.08508817747,-0.00515898229285,0.000183732816176,-2.13580659504,-0.0416687087614,-0.011399289736,-0.162775296746,0.0530902628092,0.0276145795066,0.0735297556261,0.00167760574424,0.198116555099,0.19740925948,0.0735297556261,0.198116555099,-0.0391869732336,-0.0242415251106,-2989,-0.00613324468958,-0.0023724037469,0.0138888888889,-0.0138888888889,0,1934,3,181,18474,0.914420803783,0.99983763598,0.000162364020133,0.0855791962175,0.998451213216,0.914420803783,0.954590325765,0.950774348939,0.914258439762,0.913125590179,245,423,0,5,1,5
142,WLNM_dir_neg_kfold,0.88499488624,0.504804352233,00:00:21,10,80,16,13361,threshold_sweep,0.7,0.995884773663,0.572104018913,0.726726726727,242,1,181,845,0.572104018913,0.998817966903,0.00118203309693,0.427895981087,0.995884773663,0.572104018913,0.726726726727,0.85657998424,0.602836879433,0.638888888889,0.683998762096,0.570921985816,2154,1731,423,0,2154,0,1731,0,423,144,2115,0.10270979021,3.28340051934,29.375,15.4379562044,16.5234375,23.125947344,0.787266292563,0.431540583136,18.7178045265,1.27440371245,0.622363409509,10.41950078,0.709412819061,0.401704097715,1.12585631727,0.342893384662,4.14543900894,3.28340051934,1.12585631727,4.14543900894,0.506274862896,0.548025908195,16217,0.0332762894383,0.115809519663,144,144,144,1,0,0.0486111111111,0.840277777778,0.111111111111,144,0.0821678321678,3.17652590169,23.5,12.6268656716,13.21875,18.4326405532,0.784367683113,0.432373752298,15.0270152995,1.27889491911,0.625320133964,8.37620672864,0.712868657756,0.405839571841,1.16655614388,0.367242761425,4.12012112432,3.17652590169,1.16655614388,4.12012112432,0.425256424484,0.455876778884,8820,0.018098099084,0.0878467043366,144,144,144,1,0,0.0694444444444,0.819444444444,0.111111111111,144,1935,0.0939685314685,3.17214645393,26.875,14.4402985075,15.1171875,21.049350936,0.783231662733,0.432131065174,16.5891188324,1.2345390759,0.611854005168,10.252558098,0.762981067757,0.429489664083,1.1442081846,0.360704715629,4.06923635462,3.17214645393,1.1442081846,4.06923635462,0.466767257272,0.523743459648,13213,0.0271122656686,0.114306779234,144,144,144,1,0,0.0694444444444,0.819444444444,0.111111111111,-180,-0.00874125874126,-0.111254065402,-2.5,-0.997657696917,-1.40625,-2.07659640808,-0.00403462982979,0.000590482037373,-2.12868569411,-0.0398646365437,-0.0105094043408,-0.166942681976,0.0535682486958,0.027785566368,0.0183518673238,0.017811330967,-0.0762026543164,-0.111254065402,0.0183518673238,-0.0762026543164,-0.0395076056238,-0.0242824485469,-3004,-0.00616402376966,-0.00150274042884,0.0208333333333,-0.0208333333333,0,1934,1,181,18476,0.914420803783,0.99994587866,5.41213400444e-05,0.0855791962175,0.999483204134,0.914420803783,0.955061728395,0.951327207931,0.914366682442,0.913988657845,243,423,0,5,1,5
143,WLNM_dir_neg_kfold,0.88499488624,0.504804352233,00:00:21,10,80,16,13361,threshold_sweep,0.8,0.995850622407,0.567375886525,0.722891566265,240,1,183,845,0.567375886525,0.998817966903,0.00118203309693,0.432624113475,0.995850622407,0.567375886525,0.722891566265,0.85500394011,0.603362227476,0.634437086093,0.68048011218,0.566193853428,2154,1731,423,0,2154,0,1731,0,423,144,2115,0.10270979021,3.28340051934,29.375,15.4379562044,16.5234375,23.125947344,0.787266292563,0.431540583136,18.7178045265,1.27440371245,0.622363409509,10.41950078,0.709412819061,0.401704097715,1.12585631727,0.342893384662,4.14543900894,3.28340051934,1.12585631727,4.14543900894,0.506274862896,0.548025908195,16217,0.0332762894383,0.115809519663,144,144,144,1,0,0.0486111111111,0.840277777778,0.111111111111,144,0.0821678321678,3.17652590169,23.5,12.6268656716,13.21875,18.4326405532,0.784367683113,0.432373752298,15.0270152995,1.27889491911,0.625320133964,8.37620672864,0.712868657756,0.405839571841,1.16655614388,0.367242761425,4.12012112432,3.17652590169,1.16655614388,4.12012112432,0.425256424484,0.455876778884,8820,0.018098099084,0.0878467043366,144,144,144,1,0,0.0694444444444,0.819444444444,0.111111111111,144,1933,0.0938714063714,3.17364109903,26.8472222222,14.4253731343,15.1015625,21.0202431385,0.782957840647,0.432147065586,16.5831576287,1.23537232206,0.61227151233,10.2299299406,0.7620847964,0.429035896994,1.14352881766,0.360320774145,4.06795381436,3.17364109903,1.14352881766,4.06795381436,0.467271081088,0.524006556857,13213,0.0271122656686,0.113745049305,144,144,144,1,0,0.0694444444444,0.819444444444,0.111111111111,-182,-0.00883838383838,-0.109759420305,-2.52777777778,-1.01258307005,-1.421875,-2.10570420557,-0.00430845191638,0.000606482449693,-2.13464689783,-0.0390313903892,-0.0100918971791,-0.189570839386,0.0526719773396,0.027331799279,0.0176725003868,0.0174273894835,-0.0774851945836,-0.109759420305,0.0176725003868,-0.0774851945836,-0.0390037818082,-0.0240193513379,-3004,-0.00616402376966,-0.00206447035797,0.0208333333333,-0.0208333333333,0,1932,1,183,18476,0.913475177305,0.99994587866,5.41213400444e-05,0.086524822695,0.999482669426,0.913475177305,0.954545454545,0.950783912037,0.913421055965,0.913043478261,241,423,0,5,1,5
144,WLNM_dir_neg_kfold,0.88499488624,0.504804352233,00:00:21,10,80,16,13361,threshold_sweep,0.9,0.995815899582,0.562647754137,0.719033232628,238,1,185,845,0.562647754137,0.998817966903,0.00118203309693,0.437352245863,0.995815899582,0.562647754137,0.719033232628,0.853427895981,0.603887575519,0.629973474801,0.676956946367,0.56146572104,2154,1731,423,0,2154,0,1731,0,423,144,2115,0.10270979021,3.28340051934,29.375,15.4379562044,16.5234375,23.125947344,0.787266292563,0.431540583136,18.7178045265,1.27440371245,0.622363409509,10.41950078,0.709412819061,0.401704097715,1.12585631727,0.342893384662,4.14543900894,3.28340051934,1.12585631727,4.14543900894,0.506274862896,0.548025908195,16217,0.0332762894383,0.115809519663,144,144,144,1,0,0.0486111111111,0.840277777778,0.111111111111,144,0.0821678321678,3.17652590169,23.5,12.6268656716,13.21875,18.4326405532,0.784367683113,0.432373752298,15.0270152995,1.27889491911,0.625320133964,8.37620672864,0.712868657756,0.405839571841,1.16655614388,0.367242761425,4.12012112432,3.17652590169,1.16655614388,4.12012112432,0.425256424484,0.455876778884,8820,0.018098099084,0.0878467043366,144,144,144,1,0,0.0694444444444,0.819444444444,0.111111111111,144,1931,0.0937742812743,3.17311325342,26.8194444444,14.4104477612,15.0859375,20.9897253512,0.782630877932,0.431936532597,16.5632558176,1.23516770468,0.61212886242,10.2366496339,0.763375218683,0.429710426377,1.14284048441,0.360163786522,4.06660738136,3.17311325342,1.14284048441,4.06660738136,0.4672414074,0.524138478641,13202,0.0270896943432,0.113757656264,144,144,144,1,0,0.0694444444444,0.819444444444,0.111111111111,-184,-0.00893550893551,-0.11028726592,-2.55555555556,-1.02750844319,-1.4375,-2.13622199285,-0.00463541463152,0.000395949460484,-2.15454870895,-0.0392360077673,-0.0102345470886,-0.182851146091,0.053962399622,0.0280063286619,0.016984167139,0.0172704018605,-0.0788316275761,-0.11028726592,0.016984167139,-0.0788316275761,-0.0390334554961,-0.0238874295543,-3015,-0.00618659509505,-0.00205186339886,0.0208333333333,-0.0208333333333,0,1930,1,185,18476,0.912529550827,0.99994587866,5.41213400444e-05,0.0874704491726,0.99948213361,0.912529550827,0.954028670292,0.950240422072,0.912475429487,0.912098298677,239,423,0,5,1,5
145,WLNM_dir_neg_kfold,0.878760569835,0.394850263224,00:00:21,10,80,17,13362,threshold_sweep,0.1,0.954022988506,0.58865248227,0.728070175439,249,12,174,834,0.58865248227,0.985815602837,0.0141843971631,0.41134751773,0.954022988506,0.58865248227,0.728070175439,0.853427895981,0.598108747045,0.635294117647,0.66999375043,0.574468085106,2154,1731,423,0,2154,0,1731,0,423,144,2115,0.10270979021,3.28340051934,29.375,15.4379562044,16.5234375,23.125947344,0.787266292563,0.431540583136,18.7178045265,1.27440371245,0.622363409509,10.41950078,0.709412819061,0.401704097715,1.12585631727,0.342893384662,4.14543900894,3.28340051934,1.12585631727,4.14543900894,0.506274862896,0.548025908195,16217,0.0332762894383,0.115809519663,144,144,144,1,0,0.0486111111111,0.840277777778,0.111111111111,144,0.0821678321678,3.17652590169,23.5,12.6268656716,13.21875,18.4326405532,0.784367683113,0.432373752298,15.0270152995,1.27889491911,0.625320133964,8.37620672864,0.712868657756,0.405839571841,1.16655614388,0.367242761425,4.12012112432,3.17652590169,1.16655614388,4.12012112432,0.425256424484,0.455876778884,8820,0.018098099084,0.0878467043366,144,144,144,1,0,0.0694444444444,0.819444444444,0.111111111111,144,1953,0.0948426573427,1,27.125,13.6573426573,15.2578125,21.0632995376,0.776527171895,0.42933236616,16.5249202573,1.21842730008,0.600610883541,10.4283896738,0.768913524336,0.431896085794,0,0,0,NaN,NaN,NaN,0.480521221248,0.523510154039,13379,0.0274528874881,0.110204165805,144,144,0,1,2,0.00694444444444,0.881944444444,0.111111111111,-162,-0.00786713286713,-2.28340051934,-2.25,-1.78061354704,-1.265625,-2.0626478064,-0.0107391206684,-0.002208216976,-2.19288426923,-0.0559764123669,-0.0217525259678,0.00888889385359,0.0595007052754,0.0301919880792,-1.12585631727,-0.342893384662,-4.14543900894,NaN,NaN,NaN,-0.0257536416482,-0.0245157541561,-2838,-0.00582340195016,-0.00560535385829,-0.0416666666667,0.0416666666667,0,1941,12,174,18465,0.917730496454,0.999350543919,0.000649456080533,0.0822695035461,0.993855606759,0.917730496454,0.954277286136,0.950202578139,0.917081040373,0.912552891396,261,423,0,5,1,5
146,WLNM_dir_neg_kfold,0.878760569835,0.394850263224,00:00:21,10,80,17,13362,threshold_sweep,0.2,0.957528957529,0.586288416076,0.727272727273,248,11,175,835,0.586288416076,0.986997635934,0.0130023640662,0.413711583924,0.957528957529,0.586288416076,0.727272727273,0.853427895981,0.598634095088,0.634816753927,0.670526848129,0.573286052009,2154,1731,423,0,2154,0,1731,0,423,144,2115,0.10270979021,3.28340051934,29.375,15.4379562044,16.5234375,23.125947344,0.787266292563,0.431540583136,18.7178045265,1.27440371245,0.622363409509,10.41950078,0.709412819061,0.401704097715,1.12585631727,0.342893384662,4.14543900894,3.28340051934,1.12585631727,4.14543900894,0.506274862896,0.548025908195,16217,0.0332762894383,0.115809519663,144,144,144,1,0,0.0486111111111,0.840277777778,0.111111111111,144,0.0821678321678,3.17652590169,23.5,12.6268656716,13.21875,18.4326405532,0.784367683113,0.432373752298,15.0270152995,1.27889491911,0.625320133964,8.37620672864,0.712868657756,0.405839571841,1.16655614388,0.367242761425,4.12012112432,3.17652590169,1.16655614388,4.12012112432,0.425256424484,0.455876778884,8820,0.018098099084,0.0878467043366,144,144,144,1,0,0.0694444444444,0.819444444444,0.111111111111,144,1951,0.0947455322455,8.30005513856,27.0972222222,13.7394366197,15.2421875,21.0421885393,0.776544118314,0.429256364258,16.524120899,1.21961732929,0.601454382368,10.4076557762,0.768171415571,0.431541517171,1.99072701276,0.239845034705,9.34758738995,8.30005513856,1.99072701276,9.34758738995,0.478321311284,0.522542188991,13325,0.0273420827998,0.11021673149,144,144,144,1,0,0.0138888888889,0.875,0.111111111111,-164,-0.00796425796426,5.01665461923,-2.27777777778,-1.69851958466,-1.28125,-2.08375880474,-0.0107221742495,-0.00228421887868,-2.19368362756,-0.054786383151,-0.0209090271408,-0.011845003711,0.0587585965103,0.0298374194559,0.86487069549,-0.103048349956,5.20214838101,5.01665461923,0.86487069549,5.20214838101,-0.0279535516121,-0.0254837192039,-2892,-0.00593420663843,-0.00559278817293,-0.0347222222222,0.0347222222222,0,1940,11,175,18466,0.917257683215,0.99940466526,0.000595334740488,0.0827423167849,0.99436186571,0.917257683215,0.954254795868,0.950204473215,0.916662348475,0.912511759172,259,423,0,5,1,5
147,WLNM_dir_neg_kfold,0.878760569835,0.394850263224,00:00:21,10,80,17,13362,threshold_sweep,0.3,0.979919678715,0.5768321513,0.72619047619,244,5,179,841,0.5768321513,0.994089834515,0.00591016548463,0.4231678487,0.979919678715,0.5768321513,0.72619047619,0.85500394011,0.601260835303,0.636363636364,0.677692022733,0.570921985816,2154,1731,423,0,2154,0,1731,0,423,144,2115,0.10270979021,3.28340051934,29.375,15.4379562044,16.5234375,23.125947344,0.787266292563,0.431540583136,18.7178045265,1.27440371245,0.622363409509,10.41950078,0.709412819061,0.401704097715,1.12585631727,0.342893384662,4.14543900894,3.28340051934,1.12585631727,4.14543900894,0.506274862896,0.548025908195,16217,0.0332762894383,0.115809519663,144,144,144,1,0,0.0486111111111,0.840277777778,0.111111111111,144,0.0821678321678,3.17652590169,23.5,12.6268656716,13.21875,18.4326405532,0.784367683113,0.432373752298,15.0270152995,1.27889491911,0.625320133964,8.37620672864,0.712868657756,0.405839571841,1.16655614388,0.367242761425,4.12012112432,3.17652590169,1.16655614388,4.12012112432,0.425256424484,0.455876778884,8820,0.018098099084,0.0878467043366,144,144,144,1,0,0.0694444444444,0.819444444444,0.111111111111,144,1941,0.0942599067599,6.42574406173,26.9583333333,13.964028777,15.1640625,21.0456962031,0.780674975075,0.430945532085,16.5643347381,1.22888418459,0.607408122961,10.3159654593,0.765326649219,0.43060922205,1.96681222363,0.306083187368,8,6.42574406173,1.96681222363,8,0.478407470188,0.523498677336,13259,0.0272066548475,0.111619255658,144,144,144,1,0,0.0347222222222,0.854166666667,0.111111111111,-174,-0.00844988344988,3.1423435424,-2.41666666667,-1.4739274274,-1.359375,-2.08025114099,-0.00659131748844,-0.000595051050919,-2.15346978847,-0.0455195278592,-0.0149552865481,-0.103535320696,0.0559138301579,0.0289051243358,0.840955906353,-0.0368101972934,3.85456099106,3.1423435424,0.840955906353,3.85456099106,-0.0278673927073,-0.0245272308592,-2958,-0.00606963459076,-0.00419026400542,-0.0138888888889,0.0138888888889,0,1936,5,179,18472,0.91536643026,0.9997293933,0.000270606700222,0.08463356974,0.997424008243,0.91536643026,0.954635108481,0.950766037434,0.91509582356,0.91320754717,249,423,0,5,1,5
148,WLNM_dir_neg_kfold,0.878760569835,0.394850263224,00:00:21,10,80,17,13362,threshold_sweep,0.4,0.991869918699,0.5768321513,0.729446935725,244,2,179,844,0.5768321513,0.997635933806,0.00236406619385,0.4231678487,0.991869918699,0.5768321513,0.729446935725,0.857368006304,0.602048857368,0.641584158416,0.685039952693,0.574468085106,2154,1731,423,0,2154,0,1731,0,423,144,2115,0.10270979021,3.28340051934,29.375,15.4379562044,16.5234375,23.125947344,0.787266292563,0.431540583136,18.7178045265,1.27440371245,0.622363409509,10.41950078,0.709412819061,0.401704097715,1.12585631727,0.342893384662,4.14543900894,3.28340051934,1.12585631727,4.14543900894,0.506274862896,0.548025908195,16217,0.0332762894383,0.115809519663,144,144,144,1,0,0.0486111111111,0.840277777778,0.111111111111,144,0.0821678321678,3.17652590169,23.5,12.6268656716,13.21875,18.4326405532,0.784367683113,0.432373752298,15.0270152995,1.27889491911,0.625320133964,8.37620672864,0.712868657756,0.405839571841,1.16655614388,0.367242761425,4.12012112432,3.17652590169,1.16655614388,4.12012112432,0.425256424484,0.455876778884,8820,0.018098099084,0.0878467043366,144,144,144,1,0,0.0694444444444,0.819444444444,0.111111111111,144,1938,0.0941142191142,3.40137145745,26.9166666667,14.25,15.140625,21.0502229944,0.782051628273,0.431462131636,16.5807517523,1.23200632215,0.609756621947,10.2853517946,0.764236665852,0.430046726293,1.20195841835,0.353374641195,4.31260713893,3.40137145745,1.20195841835,4.31260713893,0.465206936631,0.523550199109,13235,0.0271574083194,0.112580128557,144,144,144,1,0,0.0555555555556,0.833333333333,0.111111111111,-177,-0.00859557109557,0.117970938118,-2.45833333333,-1.18795620438,-1.3828125,-2.07572434969,-0.00521466429007,-7.84515000476e-05,-2.13705277424,-0.042397390293,-0.0126067875618,-0.134148985366,0.054823846791,0.0283426285781,0.0761021010727,0.010481256533,0.167168129989,0.117970938118,0.0761021010727,0.167168129989,-0.0410679262646,-0.0244757090862,-2982,-0.00611888111888,-0.00322939110558,0.00694444444444,-0.00694444444444,0,1936,2,179,18475,0.91536643026,0.99989175732,0.000108242680089,0.08463356974,0.998968008256,0.91536643026,0.955341722181,0.951593934817,0.91525818758,0.914501653283,246,423,0,5,1,5
149,WLNM_dir_neg_kfold,0.878760569835,0.394850263224,00:00:21,10,80,17,13362,threshold_sweep,0.5,0.995901639344,0.574468085106,0.728635682159,243,1,180,845,0.574468085106,0.998817966903,0.00118203309693,0.425531914894,0.995901639344,0.574468085106,0.728635682159,0.857368006304,0.602574205411,0.641110376735,0.685756440175,0.573286052009,2154,1731,423,0,2154,0,1731,0,423,144,2115,0.10270979021,3.28340051934,29.375,15.4379562044,16.5234375,23.125947344,0.787266292563,0.431540583136,18.7178045265,1.27440371245,0.622363409509,10.41950078,0.709412819061,0.401704097715,1.12585631727,0.342893384662,4.14543900894,3.28340051934,1.12585631727,4.14543900894,0.506274862896,0.548025908195,16217,0.0332762894383,0.115809519663,144,144,144,1,0,0.0486111111111,0.840277777778,0.111111111111,144,0.0821678321678,3.17652590169,23.5,12.6268656716,13.21875,18.4326405532,0.784367683113,0.432373752298,15.0270152995,1.27889491911,0.625320133964,8.37620672864,0.712868657756,0.405839571841,1.16655614388,0.367242761425,4.12012112432,3.17652590169,1.16655614388,4.12012112432,0.425256424484,0.455876778884,8820,0.018098099084,0.0878467043366,144,144,144,1,0,0.0694444444444,0.819444444444,0.111111111111,144,1936,0.0940170940171,3.17853670689,26.8888888889,14.447761194,15.125,21.0650378527,0.783410498654,0.432241448577,16.5916727693,1.23409136301,0.611290461433,10.2689550321,0.763806572636,0.429845328283,1.14446620658,0.360060717279,4.07784874782,3.17853670689,1.14446620658,4.07784874782,0.469645327865,0.523852884121,13232,0.0271512525034,0.114617650125,144,144,144,1,0,0.0694444444444,0.819444444444,0.111111111111,-179,-0.0086926961927,-0.104863812449,-2.48611111111,-0.99019501035,-1.3984375,-2.06090949134,-0.00385579390891,0.000700865440348,-2.12613175724,-0.0403123494392,-0.0110729480763,-0.150545747849,0.0543937535753,0.0281412305681,0.0186098893063,0.0171673326179,-0.0675902611167,-0.104863812449,0.0186098893063,-0.0675902611167,-0.0366295350309,-0.0241730240744,-2985,-0.0061250369349,-0.0011918695379,0.0208333333333,-0.0208333333333,0,1935,1,180,18476,0.914893617021,0.99994587866,5.41213400444e-05,0.0851063829787,0.999483471074,0.914893617021,0.955319674155,0.951598783217,0.914839495681,0.914461247637,244,423,0,5,1,5
150,WLNM_dir_neg_kfold,0.878760569835,0.394850263224,00:00:21,10,80,17,13362,threshold_sweep,0.6,0.995901639344,0.574468085106,0.728635682159,243,1,180,845,0.574468085106,0.998817966903,0.00118203309693,0.425531914894,0.995901639344,0.574468085106,0.728635682159,0.857368006304,0.602574205411,0.641110376735,0.685756440175,0.573286052009,2154,1731,423,0,2154,0,1731,0,423,144,2115,0.10270979021,3.28340051934,29.375,15.4379562044,16.5234375,23.125947344,0.787266292563,0.431540583136,18.7178045265,1.27440371245,0.622363409509,10.41950078,0.709412819061,0.401704097715,1.12585631727,0.342893384662,4.14543900894,3.28340051934,1.12585631727,4.14543900894,0.506274862896,0.548025908195,16217,0.0332762894383,0.115809519663,144,144,144,1,0,0.0486111111111,0.840277777778,0.111111111111,144,0.0821678321678,3.17652590169,23.5,12.6268656716,13.21875,18.4326405532,0.784367683113,0.432373752298,15.0270152995,1.27889491911,0.625320133964,8.37620672864,0.712868657756,0.405839571841,1.16655614388,0.367242761425,4.12012112432,3.17652590169,1.16655614388,4.12012112432,0.425256424484,0.455876778884,8820,0.018098099084,0.0878467043366,144,144,144,1,0,0.0694444444444,0.819444444444,0.111111111111,144,1936,0.0940170940171,3.17853670689,26.8888888889,14.447761194,15.125,21.0650378527,0.783410498654,0.432241448577,16.5916727693,1.23409136301,0.611290461433,10.2689550321,0.763806572636,0.429845328283,1.14446620658,0.360060717279,4.07784874782,3.17853670689,1.14446620658,4.07784874782,0.469645327865,0.523852884121,13232,0.0271512525034,0.114617650125,144,144,144,1,0,0.0694444444444,0.819444444444,0.111111111111,-179,-0.0086926961927,-0.104863812449,-2.48611111111,-0.99019501035,-1.3984375,-2.06090949134,-0.00385579390891,0.000700865440348,-2.12613175724,-0.0403123494392,-0.0110729480763,-0.150545747849,0.0543937535753,0.0281412305681,0.0186098893063,0.0171673326179,-0.0675902611167,-0.104863812449,0.0186098893063,-0.0675902611167,-0.0366295350309,-0.0241730240744,-2985,-0.0061250369349,-0.0011918695379,0.0208333333333,-0.0208333333333,0,1935,1,180,18476,0.914893617021,0.99994587866,5.41213400444e-05,0.0851063829787,0.999483471074,0.914893617021,0.955319674155,0.951598783217,0.914839495681,0.914461247637,244,423,0,5,1,5
151,WLNM_dir_neg_kfold,0.878760569835,0.394850263224,00:00:21,10,80,17,13362,threshold_sweep,0.7,0.995901639344,0.574468085106,0.728635682159,243,1,180,845,0.574468085106,0.998817966903,0.00118203309693,0.425531914894,0.995901639344,0.574468085106,0.728635682159,0.857368006304,0.602574205411,0.641110376735,0.685756440175,0.573286052009,2154,1731,423,0,2154,0,1731,0,423,144,2115,0.10270979021,3.28340051934,29.375,15.4379562044,16.5234375,23.125947344,0.787266292563,0.431540583136,18.7178045265,1.27440371245,0.622363409509,10.41950078,0.709412819061,0.401704097715,1.12585631727,0.342893384662,4.14543900894,3.28340051934,1.12585631727,4.14543900894,0.506274862896,0.548025908195,16217,0.0332762894383,0.115809519663,144,144,144,1,0,0.0486111111111,0.840277777778,0.111111111111,144,0.0821678321678,3.17652590169,23.5,12.6268656716,13.21875,18.4326405532,0.784367683113,0.432373752298,15.0270152995,1.27889491911,0.625320133964,8.37620672864,0.712868657756,0.405839571841,1.16655614388,0.367242761425,4.12012112432,3.17652590169,1.16655614388,4.12012112432,0.425256424484,0.455876778884,8820,0.018098099084,0.0878467043366,144,144,144,1,0,0.0694444444444,0.819444444444,0.111111111111,144,1936,0.0940170940171,3.17853670689,26.8888888889,14.447761194,15.125,21.0650378527,0.783410498654,0.432241448577,16.5916727693,1.23409136301,0.611290461433,10.2689550321,0.763806572636,0.429845328283,1.14446620658,0.360060717279,4.07784874782,3.17853670689,1.14446620658,4.07784874782,0.469645327865,0.523852884121,13232,0.0271512525034,0.114617650125,144,144,144,1,0,0.0694444444444,0.819444444444,0.111111111111,-179,-0.0086926961927,-0.104863812449,-2.48611111111,-0.99019501035,-1.3984375,-2.06090949134,-0.00385579390891,0.000700865440348,-2.12613175724,-0.0403123494392,-0.0110729480763,-0.150545747849,0.0543937535753,0.0281412305681,0.0186098893063,0.0171673326179,-0.0675902611167,-0.104863812449,0.0186098893063,-0.0675902611167,-0.0366295350309,-0.0241730240744,-2985,-0.0061250369349,-0.0011918695379,0.0208333333333,-0.0208333333333,0,1935,1,180,18476,0.914893617021,0.99994587866,5.41213400444e-05,0.0851063829787,0.999483471074,0.914893617021,0.955319674155,0.951598783217,0.914839495681,0.914461247637,244,423,0,5,1,5
152,WLNM_dir_neg_kfold,0.878760569835,0.394850263224,00:00:21,10,80,17,13362,threshold_sweep,0.8,1,0.574468085106,0.72972972973,243,0,180,846,0.574468085106,1,0,0.425531914894,1,0.574468085106,0.72972972973,0.858156028369,0.602836879433,0.642857142857,0.688247201612,0.574468085106,2154,1731,423,0,2154,0,1731,0,423,144,2115,0.10270979021,3.28340051934,29.375,15.4379562044,16.5234375,23.125947344,0.787266292563,0.431540583136,18.7178045265,1.27440371245,0.622363409509,10.41950078,0.709412819061,0.401704097715,1.12585631727,0.342893384662,4.14543900894,3.28340051934,1.12585631727,4.14543900894,0.506274862896,0.548025908195,16217,0.0332762894383,0.115809519663,144,144,144,1,0,0.0486111111111,0.840277777778,0.111111111111,144,0.0821678321678,3.17652590169,23.5,12.6268656716,13.21875,18.4326405532,0.784367683113,0.432373752298,15.0270152995,1.27889491911,0.625320133964,8.37620672864,0.712868657756,0.405839571841,1.16655614388,0.367242761425,4.12012112432,3.17652590169,1.16655614388,4.12012112432,0.425256424484,0.455876778884,8820,0.018098099084,0.0878467043366,144,144,144,1,0,0.0694444444444,0.819444444444,0.111111111111,144,1935,0.0939685314685,3.17332242115,26.875,14.4402985075,15.1171875,21.0639635264,0.783775387028,0.432403818547,16.5954407548,1.23500954454,0.611674562159,10.2586949306,0.763437762274,0.429654751651,1.1443527077,0.360616589122,4.07269120143,3.17332242115,1.1443527077,4.07269120143,0.469416669906,0.523876812551,13223,0.0271327850553,0.114629900595,144,144,144,1,0,0.0694444444444,0.819444444444,0.111111111111,-180,-0.00874125874126,-0.110078098185,-2.5,-0.997657696917,-1.40625,-2.06198381767,-0.00349090553516,0.000863235410901,-2.12236377174,-0.0393941679017,-0.0106888473497,-0.160805849394,0.0540249432135,0.0279506539361,0.0184963904264,0.0177232044608,-0.0727478075075,-0.110078098185,0.0184963904264,-0.0727478075075,-0.0368581929894,-0.0241490956437,-2994,-0.00614350438294,-0.00117961906834,0.0208333333333,-0.0208333333333,0,1935,0,180,18477,0.914893617021,1,0,0.0851063829787,1,0.914893617021,0.955555555556,0.951875442256,0.914893617021,0.914893617021,243,423,0,5,1,5
153,WLNM_dir_neg_kfold,0.878760569835,0.394850263224,00:00:21,10,80,17,13362,threshold_sweep,0.9,1,0.572104018913,0.727819548872,242,0,181,846,0.572104018913,1,0,0.427895981087,1,0.572104018913,0.727819548872,0.857368006304,0.603099553454,0.640635340834,0.686495127356,0.572104018913,2154,1731,423,0,2154,0,1731,0,423,144,2115,0.10270979021,3.28340051934,29.375,15.4379562044,16.5234375,23.125947344,0.787266292563,0.431540583136,18.7178045265,1.27440371245,0.622363409509,10.41950078,0.709412819061,0.401704097715,1.12585631727,0.342893384662,4.14543900894,3.28340051934,1.12585631727,4.14543900894,0.506274862896,0.548025908195,16217,0.0332762894383,0.115809519663,144,144,144,1,0,0.0486111111111,0.840277777778,0.111111111111,144,0.0821678321678,3.17652590169,23.5,12.6268656716,13.21875,18.4326405532,0.784367683113,0.432373752298,15.0270152995,1.27889491911,0.625320133964,8.37620672864,0.712868657756,0.405839571841,1.16655614388,0.367242761425,4.12012112432,3.17652590169,1.16655614388,4.12012112432,0.425256424484,0.455876778884,8820,0.018098099084,0.0878467043366,144,144,144,1,0,0.0694444444444,0.819444444444,0.111111111111,144,1934,0.09391996892,3.17316030058,26.8611111111,14.4328358209,15.109375,21.0412884524,0.783336488403,0.432182149833,16.5793927098,1.23445323175,0.611520452717,10.2613762744,0.764032152803,0.429945133862,1.14414222383,0.360568680889,4.07268490318,3.17316030058,1.14414222383,4.07268490318,0.466086357113,0.522741400061,13175,0.0270342919991,0.114627227648,144,144,144,1,0,0.0694444444444,0.819444444444,0.111111111111,-181,-0.00878982128982,-0.110240218757,-2.51388888889,-1.00512038348,-1.4140625,-2.08465889167,-0.00392980416057,0.000641566697063,-2.13841181672,-0.0399504806906,-0.0108429567913,-0.158124505506,0.0546193337421,0.0282410361472,0.0182859065551,0.0176752962277,-0.072754105762,-0.110240218757,0.0182859065551,-0.072754105762,-0.0401885057827,-0.025284508134,-3042,-0.00624199743918,-0.00118229201547,0.0208333333333,-0.0208333333333,0,1934,0,181,18477,0.914420803783,1,0,0.0855791962175,1,0.914420803783,0.955297604347,0.951603945567,0.914420803783,0.914420803783,242,423,0,5,1,5
154,WLNM_dir_neg_kfold,0.830252502389,0.388981204347,00:00:21,10,80,18,13363,threshold_sweep,0.1,0.953846153846,0.586288416076,0.726207906296,248,12,175,834,0.586288416076,0.985815602837,0.0141843971631,0.413711583924,0.953846153846,0.586288416076,0.726207906296,0.852639873916,0.598371421066,0.63309352518,0.668187130466,0.572104018913,2154,1731,423,0,2154,0,1731,0,423,144,2115,0.10270979021,3.28340051934,29.375,15.4379562044,16.5234375,23.125947344,0.787266292563,0.431540583136,18.7178045265,1.27440371245,0.622363409509,10.41950078,0.709412819061,0.401704097715,1.12585631727,0.342893384662,4.14543900894,3.28340051934,1.12585631727,4.14543900894,0.506274862896,0.548025908195,16217,0.0332762894383,0.115809519663,144,144,144,1,0,0.0486111111111,0.840277777778,0.111111111111,144,0.0821678321678,3.17652590169,23.5,12.6268656716,13.21875,18.4326405532,0.784367683113,0.432373752298,15.0270152995,1.27889491911,0.625320133964,8.37620672864,0.712868657756,0.405839571841,1.16655614388,0.367242761425,4.12012112432,3.17652590169,1.16655614388,4.12012112432,0.425256424484,0.455876778884,8820,0.018098099084,0.0878467043366,144,144,144,1,0,0.0694444444444,0.819444444444,0.111111111111,144,1952,0.0947940947941,4.99581464263,27.1111111111,13.7464788732,15.25,21.1250393672,0.779202271742,0.43070141735,16.5342525498,1.2197399422,0.602017873406,10.4866066947,0.773602133214,0.433252219945,1.33245619828,0.266714498755,6.03546407465,4.99581464263,1.33245619828,6.03546407465,0.464221346715,0.522210480999,13343,0.0273790176959,0.111384944534,144,144,144,1,0,0.0138888888889,0.875,0.111111111111,-163,-0.0079156954157,1.71241412329,-2.26388888889,-1.69147733114,-1.2734375,-2.00090797681,-0.00806402082083,-0.000839165786601,-2.18355197671,-0.0546637702447,-0.0203455361026,0.0671059147249,0.0641893141533,0.0315481222306,0.206599881008,-0.0761788859061,1.89002506571,1.71241412329,0.206599881008,1.89002506571,-0.0420535161803,-0.0258154271961,-2874,-0.00589727174234,-0.0044245751289,-0.0347222222222,0.0347222222222,0,1940,12,175,18465,0.917257683215,0.999350543919,0.000649456080533,0.0827423167849,0.993852459016,0.917257683215,0.954020162282,0.949930442084,0.916608227135,0.912082745651,260,423,0,5,1,5
155,WLNM_dir_neg_kfold,0.830252502389,0.388981204347,00:00:21,10,80,18,13363,threshold_sweep,0.2,0.968503937008,0.581560283688,0.726735598227,246,8,177,838,0.581560283688,0.990543735225,0.00945626477541,0.418439716312,0.968503937008,0.581560283688,0.726735598227,0.854215918046,0.599947465196,0.635587655942,0.674031951902,0.572104018913,2154,1731,423,0,2154,0,1731,0,423,144,2115,0.10270979021,3.28340051934,29.375,15.4379562044,16.5234375,23.125947344,0.787266292563,0.431540583136,18.7178045265,1.27440371245,0.622363409509,10.41950078,0.709412819061,0.401704097715,1.12585631727,0.342893384662,4.14543900894,3.28340051934,1.12585631727,4.14543900894,0.506274862896,0.548025908195,16217,0.0332762894383,0.115809519663,144,144,144,1,0,0.0486111111111,0.840277777778,0.111111111111,144,0.0821678321678,3.17652590169,23.5,12.6268656716,13.21875,18.4326405532,0.784367683113,0.432373752298,15.0270152995,1.27889491911,0.625320133964,8.37620672864,0.712868657756,0.405839571841,1.16655614388,0.367242761425,4.12012112432,3.17652590169,1.16655614388,4.12012112432,0.425256424484,0.455876778884,8820,0.018098099084,0.0878467043366,144,144,144,1,0,0.0694444444444,0.819444444444,0.111111111111,144,1946,0.0945027195027,3.62109420526,27.0277777778,14.1014492754,15.203125,21.1094200443,0.78102684645,0.431469110426,16.5660306707,1.22585221818,0.606336359484,10.3916225747,0.768958710566,0.432147139431,1.23413133429,0.340817240408,4.51196145191,3.62109420526,1.23413133429,4.51196145191,0.465582871622,0.523804530201,13320,0.0273318231065,0.11393104199,144,144,144,1,0,0.0416666666667,0.847222222222,0.111111111111,-169,-0.00820707070707,0.337693685921,-2.34722222222,-1.33650692902,-1.3203125,-2.01652729972,-0.00623944611343,-7.1472710383e-05,-2.15177385581,-0.0485514942621,-0.016027050025,-0.0278782052169,0.0595458915057,0.0304430417166,0.108275017018,-0.00207614425374,0.366522442971,0.337693685921,0.108275017018,0.366522442971,-0.0406919912739,-0.0242213779935,-2897,-0.00594446633179,-0.00187847767326,-0.00694444444444,0.00694444444444,0,1938,8,177,18469,0.916312056738,0.99956702928,0.000432970720355,0.0836879432624,0.995889003083,0.916312056738,0.95444471805,0.950483975641,0.915879086017,0.912859161564,254,423,0,5,1,5
156,WLNM_dir_neg_kfold,0.830252502389,0.388981204347,00:00:21,10,80,18,13363,threshold_sweep,0.3,0.97619047619,0.581560283688,0.728888888889,246,6,177,840,0.581560283688,0.992907801418,0.00709219858156,0.418439716312,0.97619047619,0.581560283688,0.728888888889,0.855791962175,0.600472813239,0.639053254438,0.678829214458,0.574468085106,2154,1731,423,0,2154,0,1731,0,423,144,2115,0.10270979021,3.28340051934,29.375,15.4379562044,16.5234375,23.125947344,0.787266292563,0.431540583136,18.7178045265,1.27440371245,0.622363409509,10.41950078,0.709412819061,0.401704097715,1.12585631727,0.342893384662,4.14543900894,3.28340051934,1.12585631727,4.14543900894,0.506274862896,0.548025908195,16217,0.0332762894383,0.115809519663,144,144,144,1,0,0.0486111111111,0.840277777778,0.111111111111,144,0.0821678321678,3.17652590169,23.5,12.6268656716,13.21875,18.4326405532,0.784367683113,0.432373752298,15.0270152995,1.27889491911,0.625320133964,8.37620672864,0.712868657756,0.405839571841,1.16655614388,0.367242761425,4.12012112432,3.17652590169,1.16655614388,4.12012112432,0.425256424484,0.455876778884,8820,0.018098099084,0.0878467043366,144,144,144,1,0,0.0694444444444,0.819444444444,0.111111111111,144,1944,0.0944055944056,3.54907591578,27,14.1897810219,15.1875,21.1120884737,0.781929202729,0.431905864198,16.5765864032,1.22789528913,0.607731767261,10.3599551799,0.767404087397,0.431755829904,1.25362820693,0.353226652989,4.43950277659,3.54907591578,1.25362820693,4.43950277659,0.462766875507,0.524077646966,13310,0.0273113037198,0.113900686322,144,144,144,1,0,0.0486111111111,0.840277777778,0.111111111111,-171,-0.0083041958042,0.26567539644,-2.375,-1.24817518248,-1.3359375,-2.01385887037,-0.00533708983446,0.000365281061203,-2.14121812332,-0.0465084233182,-0.0146316422477,-0.0595456000974,0.0579912683361,0.0300517321892,0.127771889658,0.0103332683273,0.294063767654,0.26567539644,0.127771889658,0.294063767654,-0.0435079873887,-0.0239482612287,-2907,-0.00596498571851,-0.00190883334106,0,0,0,1938,6,177,18471,0.916312056738,0.99967527196,0.000324728040266,0.0836879432624,0.996913580247,0.916312056738,0.954915003695,0.951034168886,0.915987328697,0.913719943423,252,423,0,5,1,5
157,WLNM_dir_neg_kfold,0.830252502389,0.388981204347,00:00:21,10,80,18,13363,threshold_sweep,0.4,0.976,0.5768321513,0.725111441308,244,6,179,840,0.5768321513,0.992907801418,0.00709219858156,0.4231678487,0.976,0.5768321513,0.725111441308,0.854215918046,0.600998161282,0.634628044766,0.675266094463,0.569739952719,2154,1731,423,0,2154,0,1731,0,423,144,2115,0.10270979021,3.28340051934,29.375,15.4379562044,16.5234375,23.125947344,0.787266292563,0.431540583136,18.7178045265,1.27440371245,0.622363409509,10.41950078,0.709412819061,0.401704097715,1.12585631727,0.342893384662,4.14543900894,3.28340051934,1.12585631727,4.14543900894,0.506274862896,0.548025908195,16217,0.0332762894383,0.115809519663,144,144,144,1,0,0.0486111111111,0.840277777778,0.111111111111,144,0.0821678321678,3.17652590169,23.5,12.6268656716,13.21875,18.4326405532,0.784367683113,0.432373752298,15.0270152995,1.27889491911,0.625320133964,8.37620672864,0.712868657756,0.405839571841,1.16655614388,0.367242761425,4.12012112432,3.17652590169,1.16655614388,4.12012112432,0.425256424484,0.455876778884,8820,0.018098099084,0.0878467043366,144,144,144,1,0,0.0694444444444,0.819444444444,0.111111111111,144,1942,0.0943084693085,3.42504451994,26.9722222222,14.2794117647,15.171875,21.1137261702,0.782795203014,0.43217902506,16.5850156109,1.22978488567,0.608700938322,10.3403521542,0.766740839446,0.43141377732,1.22215879502,0.356830046414,4.3682666076,3.42504451994,1.22215879502,4.3682666076,0.462596164653,0.524569265748,13305,0.0273010440264,0.114511383705,144,144,144,1,0,0.0555555555556,0.833333333333,0.111111111111,-173,-0.00840132090132,0.141644000607,-2.40277777778,-1.15854443967,-1.3515625,-2.01222117386,-0.0044710895492,0.000638441923748,-2.13278891567,-0.0446188267783,-0.0136624711863,-0.079148625755,0.0573280203856,0.0297096796053,0.0963024777451,0.013936661752,0.222827598666,0.141644000607,0.0963024777451,0.222827598666,-0.0436786982431,-0.0234566424473,-2912,-0.00597524541187,-0.00129813595788,0.00694444444444,-0.00694444444444,0,1936,6,179,18471,0.91536643026,0.99967527196,0.000324728040266,0.08463356974,0.996910401648,0.91536643026,0.95439980281,0.950490480278,0.91504170222,0.912776991985,250,423,0,5,1,5
158,WLNM_dir_neg_kfold,0.830252502389,0.388981204347,00:00:21,10,80,18,13363,threshold_sweep,0.5,0.976,0.5768321513,0.725111441308,244,6,179,840,0.5768321513,0.992907801418,0.00709219858156,0.4231678487,0.976,0.5768321513,0.725111441308,0.854215918046,0.600998161282,0.634628044766,0.675266094463,0.569739952719,2154,1731,423,0,2154,0,1731,0,423,144,2115,0.10270979021,3.28340051934,29.375,15.4379562044,16.5234375,23.125947344,0.787266292563,0.431540583136,18.7178045265,1.27440371245,0.622363409509,10.41950078,0.709412819061,0.401704097715,1.12585631727,0.342893384662,4.14543900894,3.28340051934,1.12585631727,4.14543900894,0.506274862896,0.548025908195,16217,0.0332762894383,0.115809519663,144,144,144,1,0,0.0486111111111,0.840277777778,0.111111111111,144,0.0821678321678,3.17652590169,23.5,12.6268656716,13.21875,18.4326405532,0.784367683113,0.432373752298,15.0270152995,1.27889491911,0.625320133964,8.37620672864,0.712868657756,0.405839571841,1.16655614388,0.367242761425,4.12012112432,3.17652590169,1.16655614388,4.12012112432,0.425256424484,0.455876778884,8820,0.018098099084,0.0878467043366,144,144,144,1,0,0.0694444444444,0.819444444444,0.111111111111,144,1942,0.0943084693085,3.42504451994,26.9722222222,14.2794117647,15.171875,21.1137261702,0.782795203014,0.43217902506,16.5850156109,1.22978488567,0.608700938322,10.3403521542,0.766740839446,0.43141377732,1.22215879502,0.356830046414,4.3682666076,3.42504451994,1.22215879502,4.3682666076,0.462596164653,0.524569265748,13305,0.0273010440264,0.114511383705,144,144,144,1,0,0.0555555555556,0.833333333333,0.111111111111,-173,-0.00840132090132,0.141644000607,-2.40277777778,-1.15854443967,-1.3515625,-2.01222117386,-0.0044710895492,0.000638441923748,-2.13278891567,-0.0446188267783,-0.0136624711863,-0.079148625755,0.0573280203856,0.0297096796053,0.0963024777451,0.013936661752,0.222827598666,0.141644000607,0.0963024777451,0.222827598666,-0.0436786982431,-0.0234566424473,-2912,-0.00597524541187,-0.00129813595788,0.00694444444444,-0.00694444444444,0,1936,6,179,18471,0.91536643026,0.99967527196,0.000324728040266,0.08463356974,0.996910401648,0.91536643026,0.95439980281,0.950490480278,0.91504170222,0.912776991985,250,423,0,5,1,5
159,WLNM_dir_neg_kfold,0.830252502389,0.388981204347,00:00:21,10,80,18,13363,threshold_sweep,0.6,0.976,0.5768321513,0.725111441308,244,6,179,840,0.5768321513,0.992907801418,0.00709219858156,0.4231678487,0.976,0.5768321513,0.725111441308,0.854215918046,0.600998161282,0.634628044766,0.675266094463,0.569739952719,2154,1731,423,0,2154,0,1731,0,423,144,2115,0.10270979021,3.28340051934,29.375,15.4379562044,16.5234375,23.125947344,0.787266292563,0.431540583136,18.7178045265,1.27440371245,0.622363409509,10.41950078,0.709412819061,0.401704097715,1.12585631727,0.342893384662,4.14543900894,3.28340051934,1.12585631727,4.14543900894,0.506274862896,0.548025908195,16217,0.0332762894383,0.115809519663,144,144,144,1,0,0.0486111111111,0.840277777778,0.111111111111,144,0.0821678321678,3.17652590169,23.5,12.6268656716,13.21875,18.4326405532,0.784367683113,0.432373752298,15.0270152995,1.27889491911,0.625320133964,8.37620672864,0.712868657756,0.405839571841,1.16655614388,0.367242761425,4.12012112432,3.17652590169,1.16655614388,4.12012112432,0.425256424484,0.455876778884,8820,0.018098099084,0.0878467043366,144,144,144,1,0,0.0694444444444,0.819444444444,0.111111111111,144,1942,0.0943084693085,3.42504451994,26.9722222222,14.2794117647,15.171875,21.1137261702,0.782795203014,0.43217902506,16.5850156109,1.22978488567,0.608700938322,10.3403521542,0.766740839446,0.43141377732,1.22215879502,0.356830046414,4.3682666076,3.42504451994,1.22215879502,4.3682666076,0.462596164653,0.524569265748,13305,0.0273010440264,0.114511383705,144,144,144,1,0,0.0555555555556,0.833333333333,0.111111111111,-173,-0.00840132090132,0.141644000607,-2.40277777778,-1.15854443967,-1.3515625,-2.01222117386,-0.0044710895492,0.000638441923748,-2.13278891567,-0.0446188267783,-0.0136624711863,-0.079148625755,0.0573280203856,0.0297096796053,0.0963024777451,0.013936661752,0.222827598666,0.141644000607,0.0963024777451,0.222827598666,-0.0436786982431,-0.0234566424473,-2912,-0.00597524541187,-0.00129813595788,0.00694444444444,-0.00694444444444,0,1936,6,179,18471,0.91536643026,0.99967527196,0.000324728040266,0.08463356974,0.996910401648,0.91536643026,0.95439980281,0.950490480278,0.91504170222,0.912776991985,250,423,0,5,1,5
160,WLNM_dir_neg_kfold,0.830252502389,0.388981204347,00:00:21,10,80,18,13363,threshold_sweep,0.7,0.979838709677,0.574468085106,0.724292101341,243,5,180,841,0.574468085106,0.994089834515,0.00591016548463,0.425531914894,0.979838709677,0.574468085106,0.724292101341,0.854215918046,0.601523509325,0.634146341463,0.675913883491,0.568557919622,2154,1731,423,0,2154,0,1731,0,423,144,2115,0.10270979021,3.28340051934,29.375,15.4379562044,16.5234375,23.125947344,0.787266292563,0.431540583136,18.7178045265,1.27440371245,0.622363409509,10.41950078,0.709412819061,0.401704097715,1.12585631727,0.342893384662,4.14543900894,3.28340051934,1.12585631727,4.14543900894,0.506274862896,0.548025908195,16217,0.0332762894383,0.115809519663,144,144,144,1,0,0.0486111111111,0.840277777778,0.111111111111,144,0.0821678321678,3.17652590169,23.5,12.6268656716,13.21875,18.4326405532,0.784367683113,0.432373752298,15.0270152995,1.27889491911,0.625320133964,8.37620672864,0.712868657756,0.405839571841,1.16655614388,0.367242761425,4.12012112432,3.17652590169,1.16655614388,4.12012112432,0.425256424484,0.455876778884,8820,0.018098099084,0.0878467043366,144,144,144,1,0,0.0694444444444,0.819444444444,0.111111111111,144,1940,0.0942113442113,3.40403984267,26.9444444444,14.3703703704,15.15625,21.1169827846,0.78372307242,0.432663946163,16.5955358579,1.23183358945,0.610080183276,10.3112027097,0.765367623814,0.43084908362,1.23700196135,0.363392327507,4.34379745798,3.40403984267,1.23700196135,4.34379745798,0.467738603933,0.525192446872,13304,0.0272989920877,0.115122955895,144,144,144,1,0,0.0625,0.826388888889,0.111111111111,-175,-0.00849844599845,0.12063932333,-2.43055555556,-1.06758583401,-1.3671875,-2.0089645594,-0.00354322014337,0.00112336302633,-2.12226866861,-0.0425701229906,-0.0122832262327,-0.108298070237,0.0559548047533,0.029144985905,0.111145644078,0.0204989428453,0.198358449043,0.12063932333,0.111145644078,0.198358449043,-0.0385362589632,-0.0228334613234,-2913,-0.00597729735054,-0.000686563767625,0.0138888888889,-0.0138888888889,0,1935,5,180,18472,0.914893617021,0.9997293933,0.000270606700222,0.0851063829787,0.997422680412,0.914893617021,0.954377311961,0.95049419797,0.914623010321,0.912735849057,248,423,0,5,1,5
161,WLNM_dir_neg_kfold,0.830252502389,0.388981204347,00:00:21,10,80,18,13363,threshold_sweep,0.8,0.979674796748,0.569739952719,0.720478325859,241,5,182,841,0.569739952719,0.994089834515,0.00591016548463,0.430260047281,0.979674796748,0.569739952719,0.720478325859,0.852639873916,0.602048857368,0.629702970297,0.672354027643,0.563829787234,2154,1731,423,0,2154,0,1731,0,423,144,2115,0.10270979021,3.28340051934,29.375,15.4379562044,16.5234375,23.125947344,0.787266292563,0.431540583136,18.7178045265,1.27440371245,0.622363409509,10.41950078,0.709412819061,0.401704097715,1.12585631727,0.342893384662,4.14543900894,3.28340051934,1.12585631727,4.14543900894,0.506274862896,0.548025908195,16217,0.0332762894383,0.115809519663,144,144,144,1,0,0.0486111111111,0.840277777778,0.111111111111,144,0.0821678321678,3.17652590169,23.5,12.6268656716,13.21875,18.4326405532,0.784367683113,0.432373752298,15.0270152995,1.27889491911,0.625320133964,8.37620672864,0.712868657756,0.405839571841,1.16655614388,0.367242761425,4.12012112432,3.17652590169,1.16655614388,4.12012112432,0.425256424484,0.455876778884,8820,0.018098099084,0.0878467043366,144,144,144,1,0,0.0694444444444,0.819444444444,0.111111111111,144,1938,0.0941142191142,3.40345426557,26.9166666667,14.3555555556,15.140625,21.0827540298,0.783260211635,0.432479790162,16.5794864405,1.23191230517,0.609993120055,10.3111556127,0.766153977416,0.431222050224,1.23627977992,0.363242659796,4.34226675131,3.40345426557,1.23627977992,4.34226675131,0.467709058881,0.525325043141,13293,0.0272764207623,0.115105947408,144,144,144,1,0,0.0625,0.826388888889,0.111111111111,-177,-0.00859557109557,0.120053746231,-2.45833333333,-1.08240064882,-1.3828125,-2.04319331421,-0.00400608092843,0.000939207025351,-2.13831808608,-0.0424914072717,-0.0123702894538,-0.108345167226,0.0567411583556,0.0295179525089,0.110423462644,0.0203492751343,0.196827742371,0.120053746231,0.110423462644,0.196827742371,-0.0385658040146,-0.0227008650534,-2924,-0.00599986867593,-0.000703572254845,0.0138888888889,-0.0138888888889,0,1933,5,182,18472,0.913947990544,0.9997293933,0.000270606700222,0.0860520094563,0.99742002064,0.913947990544,0.953861337281,0.949950373177,0.913677383844,0.91179245283,246,423,0,5,1,5
162,WLNM_dir_neg_kfold,0.830252502389,0.388981204347,00:00:21,10,80,18,13363,threshold_sweep,0.9,0.979674796748,0.569739952719,0.720478325859,241,5,182,841,0.569739952719,0.994089834515,0.00591016548463,0.430260047281,0.979674796748,0.569739952719,0.720478325859,0.852639873916,0.602048857368,0.629702970297,0.672354027643,0.563829787234,2154,1731,423,0,2154,0,1731,0,423,144,2115,0.10270979021,3.28340051934,29.375,15.4379562044,16.5234375,23.125947344,0.787266292563,0.431540583136,18.7178045265,1.27440371245,0.622363409509,10.41950078,0.709412819061,0.401704097715,1.12585631727,0.342893384662,4.14543900894,3.28340051934,1.12585631727,4.14543900894,0.506274862896,0.548025908195,16217,0.0332762894383,0.115809519663,144,144,144,1,0,0.0486111111111,0.840277777778,0.111111111111,144,0.0821678321678,3.17652590169,23.5,12.6268656716,13.21875,18.4326405532,0.784367683113,0.432373752298,15.0270152995,1.27889491911,0.625320133964,8.37620672864,0.712868657756,0.405839571841,1.16655614388,0.367242761425,4.12012112432,3.17652590169,1.16655614388,4.12012112432,0.425256424484,0.455876778884,8820,0.018098099084,0.0878467043366,144,144,144,1,0,0.0694444444444,0.819444444444,0.111111111111,144,1938,0.0941142191142,3.40345426557,26.9166666667,14.3555555556,15.140625,21.0827540298,0.783260211635,0.432479790162,16.5794864405,1.23191230517,0.609993120055,10.3111556127,0.766153977416,0.431222050224,1.23627977992,0.363242659796,4.34226675131,3.40345426557,1.23627977992,4.34226675131,0.467709058881,0.525325043141,13293,0.0272764207623,0.115105947408,144,144,144,1,0,0.0625,0.826388888889,0.111111111111,-177,-0.00859557109557,0.120053746231,-2.45833333333,-1.08240064882,-1.3828125,-2.04319331421,-0.00400608092843,0.000939207025351,-2.13831808608,-0.0424914072717,-0.0123702894538,-0.108345167226,0.0567411583556,0.0295179525089,0.110423462644,0.0203492751343,0.196827742371,0.120053746231,0.110423462644,0.196827742371,-0.0385658040146,-0.0227008650534,-2924,-0.00599986867593,-0.000703572254845,0.0138888888889,-0.0138888888889,0,1933,5,182,18472,0.913947990544,0.9997293933,0.000270606700222,0.0860520094563,0.99742002064,0.913947990544,0.953861337281,0.949950373177,0.913677383844,0.91179245283,246,423,0,5,1,5
163,WLNM_dir_neg_kfold,0.875727243767,0.369849705358,00:00:20,10,80,19,13364,threshold_sweep,0.1,0.942748091603,0.583924349882,0.721167883212,247,15,176,831,0.583924349882,0.982269503546,0.0177304964539,0.416075650118,0.942748091603,0.583924349882,0.721167883212,0.849487785658,0.597846073023,0.625734813847,0.659409401288,0.566193853428,2154,1731,423,0,2154,0,1731,0,423,144,2115,0.10270979021,3.28340051934,29.375,15.4379562044,16.5234375,23.125947344,0.787266292563,0.431540583136,18.7178045265,1.27440371245,0.622363409509,10.41950078,0.709412819061,0.401704097715,1.12585631727,0.342893384662,4.14543900894,3.28340051934,1.12585631727,4.14543900894,0.506274862896,0.548025908195,16217,0.0332762894383,0.115809519663,144,144,144,1,0,0.0486111111111,0.840277777778,0.111111111111,144,0.0821678321678,3.17652590169,23.5,12.6268656716,13.21875,18.4326405532,0.784367683113,0.432373752298,15.0270152995,1.27889491911,0.625320133964,8.37620672864,0.712868657756,0.405839571841,1.16655614388,0.367242761425,4.12012112432,3.17652590169,1.16655614388,4.12012112432,0.425256424484,0.455876778884,8820,0.018098099084,0.0878467043366,144,144,144,1,0,0.0694444444444,0.819444444444,0.111111111111,144,1954,0.0948912198912,7.58408565072,27.1388888889,13.6643356643,15.265625,21.0143511107,0.774326141233,0.428323666553,16.5037197662,1.21624137479,0.599923234391,10.4249920111,0.768269626198,0.431223700671,1.79947741029,0.237270185644,9.75,7.58408565072,1.79947741029,9.75,0.466661531729,0.519808582412,13252,0.0271922912768,0.109321236353,144,144,144,1,0,0.00694444444444,0.881944444444,0.111111111111,-161,-0.00781857031857,4.30068513139,-2.23611111111,-1.77362054004,-1.2578125,-2.11159623336,-0.0129401513303,-0.00321691658339,-2.21408476029,-0.0581623376553,-0.0224401751178,0.00549123109445,0.0588568071374,0.0295196029563,0.673621093015,-0.105623199017,5.60456099106,4.30068513139,0.673621093015,5.60456099106,-0.0396133311671,-0.0282173257833,-2965,-0.00608399816146,-0.00648828330977,-0.0416666666667,0.0416666666667,0,1939,15,176,18462,0.916784869976,0.999188179899,0.000811820100666,0.0832151300236,0.992323439099,0.916784869976,0.953059719833,0.948837144263,0.915973049876,0.910328638498,262,423,0,5,1,5
164,WLNM_dir_neg_kfold,0.875727243767,0.369849705358,00:00:20,10,80,19,13364,threshold_sweep,0.2,0.942748091603,0.583924349882,0.721167883212,247,15,176,831,0.583924349882,0.982269503546,0.0177304964539,0.416075650118,0.942748091603,0.583924349882,0.721167883212,0.849487785658,0.597846073023,0.625734813847,0.659409401288,0.566193853428,2154,1731,423,0,2154,0,1731,0,423,144,2115,0.10270979021,3.28340051934,29.375,15.4379562044,16.5234375,23.125947344,0.787266292563,0.431540583136,18.7178045265,1.27440371245,0.622363409509,10.41950078,0.709412819061,0.401704097715,1.12585631727,0.342893384662,4.14543900894,3.28340051934,1.12585631727,4.14543900894,0.506274862896,0.548025908195,16217,0.0332762894383,0.115809519663,144,144,144,1,0,0.0486111111111,0.840277777778,0.111111111111,144,0.0821678321678,3.17652590169,23.5,12.6268656716,13.21875,18.4326405532,0.784367683113,0.432373752298,15.0270152995,1.27889491911,0.625320133964,8.37620672864,0.712868657756,0.405839571841,1.16655614388,0.367242761425,4.12012112432,3.17652590169,1.16655614388,4.12012112432,0.425256424484,0.455876778884,8820,0.018098099084,0.0878467043366,144,144,144,1,0,0.0694444444444,0.819444444444,0.111111111111,144,1954,0.0948912198912,7.58408565072,27.1388888889,13.6643356643,15.265625,21.0143511107,0.774326141233,0.428323666553,16.5037197662,1.21624137479,0.599923234391,10.4249920111,0.768269626198,0.431223700671,1.79947741029,0.237270185644,9.75,7.58408565072,1.79947741029,9.75,0.466661531729,0.519808582412,13252,0.0271922912768,0.109321236353,144,144,144,1,0,0.00694444444444,0.881944444444,0.111111111111,-161,-0.00781857031857,4.30068513139,-2.23611111111,-1.77362054004,-1.2578125,-2.11159623336,-0.0129401513303,-0.00321691658339,-2.21408476029,-0.0581623376553,-0.0224401751178,0.00549123109445,0.0588568071374,0.0295196029563,0.673621093015,-0.105623199017,5.60456099106,4.30068513139,0.673621093015,5.60456099106,-0.0396133311671,-0.0282173257833,-2965,-0.00608399816146,-0.00648828330977,-0.0416666666667,0.0416666666667,0,1939,15,176,18462,0.916784869976,0.999188179899,0.000811820100666,0.0832151300236,0.992323439099,0.916784869976,0.953059719833,0.948837144263,0.915973049876,0.910328638498,262,423,0,5,1,5
165,WLNM_dir_neg_kfold,0.875727243767,0.369849705358,00:00:20,10,80,19,13364,threshold_sweep,0.3,0.972222222222,0.579196217494,0.725925925926,245,7,178,839,0.579196217494,0.991725768322,0.00827423167849,0.420803782506,0.972222222222,0.579196217494,0.725925925926,0.854215918046,0.600472813239,0.635108481262,0.674638910665,0.570921985816,2154,1731,423,0,2154,0,1731,0,423,144,2115,0.10270979021,3.28340051934,29.375,15.4379562044,16.5234375,23.125947344,0.787266292563,0.431540583136,18.7178045265,1.27440371245,0.622363409509,10.41950078,0.709412819061,0.401704097715,1.12585631727,0.342893384662,4.14543900894,3.28340051934,1.12585631727,4.14543900894,0.506274862896,0.548025908195,16217,0.0332762894383,0.115809519663,144,144,144,1,0,0.0486111111111,0.840277777778,0.111111111111,144,0.0821678321678,3.17652590169,23.5,12.6268656716,13.21875,18.4326405532,0.784367683113,0.432373752298,15.0270152995,1.27889491911,0.625320133964,8.37620672864,0.712868657756,0.405839571841,1.16655614388,0.367242761425,4.12012112432,3.17652590169,1.16655614388,4.12012112432,0.425256424484,0.455876778884,8820,0.018098099084,0.0878467043366,144,144,144,1,0,0.0694444444444,0.819444444444,0.111111111111,144,1944,0.0944055944056,4.07230644119,27,13.8857142857,15.1875,21.0331074355,0.779003979091,0.430359082076,16.554635123,1.22626926837,0.606445759031,10.3315661321,0.765301194968,0.430691300869,1.19997434188,0.294667004855,4.90881091276,4.07230644119,1.19997434188,4.90881091276,0.463880111296,0.521991395529,13225,0.0271368889327,0.110229107019,144,144,144,1,0,0.0277777777778,0.861111111111,0.111111111111,-171,-0.0083041958042,0.788905921857,-2.375,-1.55224191867,-1.3359375,-2.09283990858,-0.00826231347204,-0.00118150106042,-2.16316940353,-0.0481344440742,-0.0159176504782,-0.0879346478894,0.0558883759071,0.028987203154,0.0741180246025,-0.0482263798068,0.763371903819,0.788905921857,0.0741180246025,0.763371903819,-0.0423947515993,-0.0260345126655,-2992,-0.0061394005056,-0.00558041264399,-0.0208333333333,0.0208333333333,0,1937,7,178,18470,0.915839243499,0.99962115062,0.000378849380311,0.0841607565012,0.996399176955,0.915839243499,0.954422271495,0.95048707312,0.915460394119,0.912818096136,252,423,0,5,1,5
166,WLNM_dir_neg_kfold,0.875727243767,0.369849705358,00:00:20,10,80,19,13364,threshold_sweep,0.4,0.972111553785,0.5768321513,0.724035608309,244,7,179,839,0.5768321513,0.991725768322,0.00827423167849,0.4231678487,0.972111553785,0.5768321513,0.724035608309,0.853427895981,0.60073548726,0.632894736842,0.672851660932,0.568557919622,2154,1731,423,0,2154,0,1731,0,423,144,2115,0.10270979021,3.28340051934,29.375,15.4379562044,16.5234375,23.125947344,0.787266292563,0.431540583136,18.7178045265,1.27440371245,0.622363409509,10.41950078,0.709412819061,0.401704097715,1.12585631727,0.342893384662,4.14543900894,3.28340051934,1.12585631727,4.14543900894,0.506274862896,0.548025908195,16217,0.0332762894383,0.115809519663,144,144,144,1,0,0.0486111111111,0.840277777778,0.111111111111,144,0.0821678321678,3.17652590169,23.5,12.6268656716,13.21875,18.4326405532,0.784367683113,0.432373752298,15.0270152995,1.27889491911,0.625320133964,8.37620672864,0.712868657756,0.405839571841,1.16655614388,0.367242761425,4.12012112432,3.17652590169,1.16655614388,4.12012112432,0.425256424484,0.455876778884,8820,0.018098099084,0.0878467043366,144,144,144,1,0,0.0694444444444,0.819444444444,0.111111111111,144,1943,0.094357031857,3.96293598203,26.9861111111,13.9784172662,15.1796875,21.0357624595,0.779503292375,0.43053053697,16.5601242047,1.22730719788,0.607240378567,10.3234382844,0.765092698377,0.430580574141,1.21810714628,0.307374923996,4.85028927201,3.96293598203,1.21810714628,4.85028927201,0.463446233742,0.522103156842,13220,0.0271266292393,0.110938154913,144,144,144,1,0,0.0347222222222,0.854166666667,0.111111111111,-172,-0.00835275835276,0.679535462698,-2.38888888889,-1.45953893819,-1.34375,-2.09018488452,-0.00776300018778,-0.00101004616601,-2.15768032183,-0.047096514567,-0.0151230309419,-0.0960624956011,0.0556798793165,0.0288764764261,0.0922508290059,-0.0355184606651,0.704850263068,0.679535462698,0.0922508290059,0.704850263068,-0.042828629154,-0.0259227513533,-2997,-0.00614966019896,-0.00487136474968,-0.0138888888889,0.0138888888889,0,1936,7,179,18470,0.91536643026,0.99962115062,0.000378849380311,0.08463356974,0.996397323726,0.91536643026,0.95416461311,0.950215127005,0.91498758088,0.912346842601,251,423,0,5,1,5
167,WLNM_dir_neg_kfold,0.875727243767,0.369849705358,00:00:20,10,80,19,13364,threshold_sweep,0.5,0.972,0.574468085106,0.722139673105,243,7,180,839,0.574468085106,0.991725768322,0.00827423167849,0.425531914894,0.972,0.574468085106,0.722139673105,0.852639873916,0.600998161282,0.630678077683,0.67106319346,0.566193853428,2154,1731,423,0,2154,0,1731,0,423,144,2115,0.10270979021,3.28340051934,29.375,15.4379562044,16.5234375,23.125947344,0.787266292563,0.431540583136,18.7178045265,1.27440371245,0.622363409509,10.41950078,0.709412819061,0.401704097715,1.12585631727,0.342893384662,4.14543900894,3.28340051934,1.12585631727,4.14543900894,0.506274862896,0.548025908195,16217,0.0332762894383,0.115809519663,144,144,144,1,0,0.0486111111111,0.840277777778,0.111111111111,144,0.0821678321678,3.17652590169,23.5,12.6268656716,13.21875,18.4326405532,0.784367683113,0.432373752298,15.0270152995,1.27889491911,0.625320133964,8.37620672864,0.712868657756,0.405839571841,1.16655614388,0.367242761425,4.12012112432,3.17652590169,1.16655614388,4.12012112432,0.425256424484,0.455876778884,8820,0.018098099084,0.0878467043366,144,144,144,1,0,0.0694444444444,0.819444444444,0.111111111111,144,1942,0.0943084693085,3.94400279201,26.9722222222,14.0724637681,15.171875,21.0404021753,0.780076702689,0.430898844261,16.565608536,1.22834584407,0.608028664607,10.308517838,0.764380313422,0.430298089026,1.24061227897,0.314556643185,4.84636877805,3.94400279201,1.24061227897,4.84636877805,0.468096168765,0.52237134992,13220,0.0271266292393,0.111649081888,144,144,144,1,0,0.0416666666667,0.847222222222,0.111111111111,-173,-0.00840132090132,0.660602272672,-2.40277777778,-1.36549243626,-1.3515625,-2.08554516874,-0.00718958987425,-0.000641738874971,-2.1521959905,-0.046057868372,-0.0143347449019,-0.110982941996,0.0549674943616,0.0285939913115,0.114755961693,-0.0283367414763,0.700929769108,0.660602272672,0.114755961693,0.700929769108,-0.0381786941312,-0.0256545582746,-2997,-0.00614966019896,-0.00416043777523,-0.00694444444444,0.00694444444444,0,1935,7,180,18470,0.914893617021,0.99962115062,0.000378849380311,0.0851063829787,0.996395468589,0.914893617021,0.953906827705,0.949943132218,0.914514767641,0.911875589067,250,423,0,5,1,5
168,WLNM_dir_neg_kfold,0.875727243767,0.369849705358,00:00:20,10,80,19,13364,threshold_sweep,0.6,0.975903614458,0.574468085106,0.723214285714,243,6,180,840,0.574468085106,0.992907801418,0.00709219858156,0.425531914894,0.975903614458,0.574468085106,0.723214285714,0.853427895981,0.601260835303,0.632411067194,0.673482755511,0.567375886525,2154,1731,423,0,2154,0,1731,0,423,144,2115,0.10270979021,3.28340051934,29.375,15.4379562044,16.5234375,23.125947344,0.787266292563,0.431540583136,18.7178045265,1.27440371245,0.622363409509,10.41950078,0.709412819061,0.401704097715,1.12585631727,0.342893384662,4.14543900894,3.28340051934,1.12585631727,4.14543900894,0.506274862896,0.548025908195,16217,0.0332762894383,0.115809519663,144,144,144,1,0,0.0486111111111,0.840277777778,0.111111111111,144,0.0821678321678,3.17652590169,23.5,12.6268656716,13.21875,18.4326405532,0.784367683113,0.432373752298,15.0270152995,1.27889491911,0.625320133964,8.37620672864,0.712868657756,0.405839571841,1.16655614388,0.367242761425,4.12012112432,3.17652590169,1.16655614388,4.12012112432,0.425256424484,0.455876778884,8820,0.018098099084,0.0878467043366,144,144,144,1,0,0.0694444444444,0.819444444444,0.111111111111,144,1941,0.0942599067599,3.81239713993,26.9583333333,14.1678832117,15.1640625,21.0407114533,0.780490069366,0.431067176141,16.5710881217,1.22938520841,0.608810607362,10.2942503811,0.763715638784,0.43001531284,1.27781389146,0.335173342273,4.74884270462,3.81239713993,1.27781389146,4.74884270462,0.467883508722,0.52257120639,13216,0.0271184214846,0.11247635234,144,144,144,1,0,0.0486111111111,0.840277777778,0.111111111111,-174,-0.00844988344988,0.528996620593,-2.41666666667,-1.2700729927,-1.359375,-2.08523589073,-0.00677622319764,-0.000473406995736,-2.1467164048,-0.0450185040317,-0.0135528021472,-0.12525039884,0.0543028197236,0.0283112151252,0.151957574189,-0.00772004238826,0.603403695677,0.528996620593,0.151957574189,0.603403695677,-0.0383913541737,-0.0254547018051,-3001,-0.00615786795364,-0.00333316732331,0,0,0,1935,6,180,18471,0.914893617021,0.99967527196,0.000324728040266,0.0851063829787,0.996908809892,0.914893617021,0.954142011834,0.950218563073,0.914568888981,0.912305516266,249,423,0,5,1,5
169,WLNM_dir_neg_kfold,0.875727243767,0.369849705358,00:00:20,10,80,19,13364,threshold_sweep,0.7,0.975903614458,0.574468085106,0.723214285714,243,6,180,840,0.574468085106,0.992907801418,0.00709219858156,0.425531914894,0.975903614458,0.574468085106,0.723214285714,0.853427895981,0.601260835303,0.632411067194,0.673482755511,0.567375886525,2154,1731,423,0,2154,0,1731,0,423,144,2115,0.10270979021,3.28340051934,29.375,15.4379562044,16.5234375,23.125947344,0.787266292563,0.431540583136,18.7178045265,1.27440371245,0.622363409509,10.41950078,0.709412819061,0.401704097715,1.12585631727,0.342893384662,4.14543900894,3.28340051934,1.12585631727,4.14543900894,0.506274862896,0.548025908195,16217,0.0332762894383,0.115809519663,144,144,144,1,0,0.0486111111111,0.840277777778,0.111111111111,144,0.0821678321678,3.17652590169,23.5,12.6268656716,13.21875,18.4326405532,0.784367683113,0.432373752298,15.0270152995,1.27889491911,0.625320133964,8.37620672864,0.712868657756,0.405839571841,1.16655614388,0.367242761425,4.12012112432,3.17652590169,1.16655614388,4.12012112432,0.425256424484,0.455876778884,8820,0.018098099084,0.0878467043366,144,144,144,1,0,0.0694444444444,0.819444444444,0.111111111111,144,1941,0.0942599067599,3.81239713993,26.9583333333,14.1678832117,15.1640625,21.0407114533,0.780490069366,0.431067176141,16.5710881217,1.22938520841,0.608810607362,10.2942503811,0.763715638784,0.43001531284,1.27781389146,0.335173342273,4.74884270462,3.81239713993,1.27781389146,4.74884270462,0.467883508722,0.52257120639,13216,0.0271184214846,0.11247635234,144,144,144,1,0,0.0486111111111,0.840277777778,0.111111111111,-174,-0.00844988344988,0.528996620593,-2.41666666667,-1.2700729927,-1.359375,-2.08523589073,-0.00677622319764,-0.000473406995736,-2.1467164048,-0.0450185040317,-0.0135528021472,-0.12525039884,0.0543028197236,0.0283112151252,0.151957574189,-0.00772004238826,0.603403695677,0.528996620593,0.151957574189,0.603403695677,-0.0383913541737,-0.0254547018051,-3001,-0.00615786795364,-0.00333316732331,0,0,0,1935,6,180,18471,0.914893617021,0.99967527196,0.000324728040266,0.0851063829787,0.996908809892,0.914893617021,0.954142011834,0.950218563073,0.914568888981,0.912305516266,249,423,0,5,1,5
170,WLNM_dir_neg_kfold,0.875727243767,0.369849705358,00:00:20,10,80,19,13364,threshold_sweep,0.8,0.975903614458,0.574468085106,0.723214285714,243,6,180,840,0.574468085106,0.992907801418,0.00709219858156,0.425531914894,0.975903614458,0.574468085106,0.723214285714,0.853427895981,0.601260835303,0.632411067194,0.673482755511,0.567375886525,2154,1731,423,0,2154,0,1731,0,423,144,2115,0.10270979021,3.28340051934,29.375,15.4379562044,16.5234375,23.125947344,0.787266292563,0.431540583136,18.7178045265,1.27440371245,0.622363409509,10.41950078,0.709412819061,0.401704097715,1.12585631727,0.342893384662,4.14543900894,3.28340051934,1.12585631727,4.14543900894,0.506274862896,0.548025908195,16217,0.0332762894383,0.115809519663,144,144,144,1,0,0.0486111111111,0.840277777778,0.111111111111,144,0.0821678321678,3.17652590169,23.5,12.6268656716,13.21875,18.4326405532,0.784367683113,0.432373752298,15.0270152995,1.27889491911,0.625320133964,8.37620672864,0.712868657756,0.405839571841,1.16655614388,0.367242761425,4.12012112432,3.17652590169,1.16655614388,4.12012112432,0.425256424484,0.455876778884,8820,0.018098099084,0.0878467043366,144,144,144,1,0,0.0694444444444,0.819444444444,0.111111111111,144,1941,0.0942599067599,3.81239713993,26.9583333333,14.1678832117,15.1640625,21.0407114533,0.780490069366,0.431067176141,16.5710881217,1.22938520841,0.608810607362,10.2942503811,0.763715638784,0.43001531284,1.27781389146,0.335173342273,4.74884270462,3.81239713993,1.27781389146,4.74884270462,0.467883508722,0.52257120639,13216,0.0271184214846,0.11247635234,144,144,144,1,0,0.0486111111111,0.840277777778,0.111111111111,-174,-0.00844988344988,0.528996620593,-2.41666666667,-1.2700729927,-1.359375,-2.08523589073,-0.00677622319764,-0.000473406995736,-2.1467164048,-0.0450185040317,-0.0135528021472,-0.12525039884,0.0543028197236,0.0283112151252,0.151957574189,-0.00772004238826,0.603403695677,0.528996620593,0.151957574189,0.603403695677,-0.0383913541737,-0.0254547018051,-3001,-0.00615786795364,-0.00333316732331,0,0,0,1935,6,180,18471,0.914893617021,0.99967527196,0.000324728040266,0.0851063829787,0.996908809892,0.914893617021,0.954142011834,0.950218563073,0.914568888981,0.912305516266,249,423,0,5,1,5
171,WLNM_dir_neg_kfold,0.875727243767,0.369849705358,00:00:20,10,80,19,13364,threshold_sweep,0.9,0.987804878049,0.574468085106,0.726457399103,243,3,180,843,0.574468085106,0.996453900709,0.00354609929078,0.425531914894,0.987804878049,0.574468085106,0.726457399103,0.855791962175,0.602048857368,0.637623762376,0.68081131101,0.570921985816,2154,1731,423,0,2154,0,1731,0,423,144,2115,0.10270979021,3.28340051934,29.375,15.4379562044,16.5234375,23.125947344,0.787266292563,0.431540583136,18.7178045265,1.27440371245,0.622363409509,10.41950078,0.709412819061,0.401704097715,1.12585631727,0.342893384662,4.14543900894,3.28340051934,1.12585631727,4.14543900894,0.506274862896,0.548025908195,16217,0.0332762894383,0.115809519663,144,144,144,1,0,0.0486111111111,0.840277777778,0.111111111111,144,0.0821678321678,3.17652590169,23.5,12.6268656716,13.21875,18.4326405532,0.784367683113,0.432373752298,15.0270152995,1.27889491911,0.625320133964,8.37620672864,0.712868657756,0.405839571841,1.16655614388,0.367242761425,4.12012112432,3.17652590169,1.16655614388,4.12012112432,0.425256424484,0.455876778884,8820,0.018098099084,0.0878467043366,144,144,144,1,0,0.0694444444444,0.819444444444,0.111111111111,144,1938,0.0941142191142,3.17145594317,26.9166666667,14.4626865672,15.140625,21.0535447906,0.782175038662,0.43174879601,16.587498452,1.23250762492,0.61111827772,10.2792308765,0.763781860793,0.429932060544,1.14262657163,0.360284548204,4.06934539759,3.17145594317,1.14262657163,4.06934539759,0.46541754245,0.522646565722,13197,0.0270794346499,0.114696364039,144,144,144,1,0,0.0694444444444,0.819444444444,0.111111111111,-177,-0.00859557109557,-0.111944576169,-2.45833333333,-0.975269637215,-1.3828125,-2.0724025534,-0.00509125390138,0.000208212873304,-2.13030607454,-0.0418960875288,-0.0112451317884,-0.140269903446,0.0543690417325,0.0282279628288,0.0167702543585,0.0173911635426,-0.0760936113528,-0.111944576169,0.0167702543585,-0.0760936113528,-0.0408573204456,-0.025379342473,-3020,-0.0061968547884,-0.00111315562407,0.0208333333333,-0.0208333333333,0,1935,3,180,18474,0.914893617021,0.99983763598,0.000162364020133,0.0851063829787,0.998452012384,0.914893617021,0.954848260548,0.951046080937,0.914731253001,0.913597733711,246,423,0,5,1,5
172,WLNM_dir_neg_kfold,0.885961750191,0.625704220265,00:00:21,10,80,20,13365,threshold_sweep,0.1,0.929104477612,0.58865248227,0.720694645441,249,19,174,827,0.58865248227,0.977541371158,0.0224586288416,0.41134751773,0.929104477612,0.58865248227,0.720694645441,0.847911741529,0.596270028894,0.623292127521,0.653937254812,0.566193853428,2154,1731,423,0,2154,0,1731,0,423,144,2115,0.10270979021,3.28340051934,29.375,15.4379562044,16.5234375,23.125947344,0.787266292563,0.431540583136,18.7178045265,1.27440371245,0.622363409509,10.41950078,0.709412819061,0.401704097715,1.12585631727,0.342893384662,4.14543900894,3.28340051934,1.12585631727,4.14543900894,0.506274862896,0.548025908195,16217,0.0332762894383,0.115809519663,144,144,144,1,0,0.0486111111111,0.840277777778,0.111111111111,144,0.0821678321678,3.17652590169,23.5,12.6268656716,13.21875,18.4326405532,0.784367683113,0.432373752298,15.0270152995,1.27889491911,0.625320133964,8.37620672864,0.712868657756,0.405839571841,1.16655614388,0.367242761425,4.12012112432,3.17652590169,1.16655614388,4.12012112432,0.425256424484,0.455876778884,8820,0.018098099084,0.0878467043366,144,144,144,1,0,0.0694444444444,0.819444444444,0.111111111111,144,1960,0.0951825951826,6.26306128154,27.2222222222,13.8028169014,15.3125,21.0595042559,0.773614442052,0.427767148526,16.5212772797,1.21380812667,0.599071712018,10.442724982,0.767220610925,0.430590986395,1.86538985606,0.29783994954,7.52087978547,6.26306128154,1.86538985606,7.52087978547,0.465126724435,0.522763380649,13381,0.0274569913654,0.108932058807,144,144,144,1,0,0.0138888888889,0.875,0.111111111111,-155,-0.0075271950272,2.9796607622,-2.15277777778,-1.63513930297,-1.2109375,-2.06644308818,-0.013651850511,-0.00377343461025,-2.19652724684,-0.0605955857736,-0.0232916974907,0.0232242020835,0.0578077918645,0.0288868886798,0.739533538783,-0.0450534351219,3.37544077653,2.9796607622,0.739533538783,3.37544077653,-0.0411481384608,-0.0252625275464,-2836,-0.00581929807282,-0.00687746085567,-0.0347222222222,0.0347222222222,0,1941,19,174,18458,0.917730496454,0.998971694539,0.00102830546084,0.0822695035461,0.990306122449,0.917730496454,0.95263803681,0.94829052481,0.916702190993,0.909559512652,268,423,0,5,1,5
173,WLNM_dir_neg_kfold,0.885961750191,0.625704220265,00:00:21,10,80,20,13365,threshold_sweep,0.2,0.932584269663,0.58865248227,0.721739130435,249,18,174,828,0.58865248227,0.978723404255,0.0212765957447,0.41134751773,0.932584269663,0.58865248227,0.721739130435,0.848699763593,0.596532702916,0.625,0.656200788789,0.567375886525,2154,1731,423,0,2154,0,1731,0,423,144,2115,0.10270979021,3.28340051934,29.375,15.4379562044,16.5234375,23.125947344,0.787266292563,0.431540583136,18.7178045265,1.27440371245,0.622363409509,10.41950078,0.709412819061,0.401704097715,1.12585631727,0.342893384662,4.14543900894,3.28340051934,1.12585631727,4.14543900894,0.506274862896,0.548025908195,16217,0.0332762894383,0.115809519663,144,144,144,1,0,0.0486111111111,0.840277777778,0.111111111111,144,0.0821678321678,3.17652590169,23.5,12.6268656716,13.21875,18.4326405532,0.784367683113,0.432373752298,15.0270152995,1.27889491911,0.625320133964,8.37620672864,0.712868657756,0.405839571841,1.16655614388,0.367242761425,4.12012112432,3.17652590169,1.16655614388,4.12012112432,0.425256424484,0.455876778884,8820,0.018098099084,0.0878467043366,144,144,144,1,0,0.0694444444444,0.819444444444,0.111111111111,144,1959,0.095134032634,5.97969616402,27.2083333333,13.7957746479,15.3046875,21.0583189548,0.773965780881,0.427882706596,16.5259781721,1.21477328065,0.599600845102,10.4280543814,0.766533859584,0.430310957972,1.77993760561,0.297663552928,7.18623009582,5.97969616402,1.77993760561,7.18623009582,0.46482627976,0.522956224832,13376,0.0274467316721,0.108484432509,144,144,144,1,0,0.0138888888889,0.875,0.111111111111,-156,-0.00757575757576,2.69629564468,-2.16666666667,-1.64218155649,-1.21875,-2.06762838923,-0.0133005116817,-0.00365787653999,-2.19182635442,-0.0596304317991,-0.0227625644064,0.00855360146268,0.0571210405228,0.028606860257,0.65408128834,-0.0452298317332,3.04079108689,2.69629564468,0.65408128834,3.04079108689,-0.0414485831358,-0.0250696833633,-2841,-0.00582955776618,-0.00732508715361,-0.0347222222222,0.0347222222222,0,1941,18,174,18459,0.917730496454,0.999025815879,0.000974184120799,0.0822695035461,0.990811638591,0.917730496454,0.952871870398,0.94856307397,0.916756312333,0.909985935302,267,423,0,5,1,5
174,WLNM_dir_neg_kfold,0.885961750191,0.625704220265,00:00:21,10,80,20,13365,threshold_sweep,0.3,0.95719844358,0.581560283688,0.723529411765,246,11,177,835,0.581560283688,0.986997635934,0.0130023640662,0.418439716312,0.95719844358,0.581560283688,0.723529411765,0.851851851852,0.599159443131,0.630406290957,0.666919261549,0.568557919622,2154,1731,423,0,2154,0,1731,0,423,144,2115,0.10270979021,3.28340051934,29.375,15.4379562044,16.5234375,23.125947344,0.787266292563,0.431540583136,18.7178045265,1.27440371245,0.622363409509,10.41950078,0.709412819061,0.401704097715,1.12585631727,0.342893384662,4.14543900894,3.28340051934,1.12585631727,4.14543900894,0.506274862896,0.548025908195,16217,0.0332762894383,0.115809519663,144,144,144,1,0,0.0486111111111,0.840277777778,0.111111111111,144,0.0821678321678,3.17652590169,23.5,12.6268656716,13.21875,18.4326405532,0.784367683113,0.432373752298,15.0270152995,1.27889491911,0.625320133964,8.37620672864,0.712868657756,0.405839571841,1.16655614388,0.367242761425,4.12012112432,3.17652590169,1.16655614388,4.12012112432,0.425256424484,0.455876778884,8820,0.018098099084,0.0878467043366,144,144,144,1,0,0.0694444444444,0.819444444444,0.111111111111,144,1949,0.0946484071484,3.59325198968,27.0694444444,14.1231884058,15.2265625,21.0814778936,0.778792410641,0.429917764096,16.5769716394,1.22477368706,0.606183370389,10.3308304924,0.763283525352,0.42961846531,1.22645720538,0.341322347807,4.54608824818,3.59325198968,1.22645720538,4.54608824818,0.464667420258,0.525147502294,13351,0.0273954332053,0.109752744564,144,144,144,1,0,0.0416666666667,0.847222222222,0.111111111111,-166,-0.00806138306138,0.309851470344,-2.30555555556,-1.31476779858,-1.296875,-2.04446945043,-0.0084738819219,-0.00162281904078,-2.14083288714,-0.0496300253884,-0.0161800391194,-0.0886702875142,0.0538707062915,0.0279143675951,0.100600888106,-0.00157103685424,0.400649239237,0.309851470344,0.100600888106,0.400649239237,-0.0416074426377,-0.0228784059004,-2866,-0.00588085623297,-0.00605677509857,-0.00694444444444,0.00694444444444,0,1938,11,177,18466,0.916312056738,0.99940466526,0.000595334740488,0.0836879432624,0.994356080041,0.916312056738,0.95374015748,0.949660207977,0.915716721997,0.9115710254,257,423,0,5,1,5
175,WLNM_dir_neg_kfold,0.885961750191,0.625704220265,00:00:21,10,80,20,13365,threshold_sweep,0.4,0.964566929134,0.579196217494,0.723781388479,245,9,178,837,0.579196217494,0.989361702128,0.0106382978723,0.420803782506,0.964566929134,0.579196217494,0.723781388479,0.852639873916,0.599947465196,0.631648063033,0.669854067903,0.568557919622,2154,1731,423,0,2154,0,1731,0,423,144,2115,0.10270979021,3.28340051934,29.375,15.4379562044,16.5234375,23.125947344,0.787266292563,0.431540583136,18.7178045265,1.27440371245,0.622363409509,10.41950078,0.709412819061,0.401704097715,1.12585631727,0.342893384662,4.14543900894,3.28340051934,1.12585631727,4.14543900894,0.506274862896,0.548025908195,16217,0.0332762894383,0.115809519663,144,144,144,1,0,0.0486111111111,0.840277777778,0.111111111111,144,0.0821678321678,3.17652590169,23.5,12.6268656716,13.21875,18.4326405532,0.784367683113,0.432373752298,15.0270152995,1.27889491911,0.625320133964,8.37620672864,0.712868657756,0.405839571841,1.16655614388,0.367242761425,4.12012112432,3.17652590169,1.16655614388,4.12012112432,0.425256424484,0.455876778884,8820,0.018098099084,0.0878467043366,144,144,144,1,0,0.0694444444444,0.819444444444,0.111111111111,144,1946,0.0945027195027,3.45840847235,27.0277777778,14.3088235294,15.203125,21.1031248952,0.780793932402,0.430976647254,16.5930249526,1.22784973956,0.608349035058,10.315977228,0.763361110399,0.42965627498,1.20912107158,0.34961777397,4.38288188435,3.45840847235,1.20912107158,4.38288188435,0.470072798908,0.525637996219,13347,0.0273872254506,0.111799437792,144,144,144,1,0,0.0555555555556,0.833333333333,0.111111111111,-169,-0.00820707070707,0.175007953014,-2.34722222222,-1.12913267497,-1.3203125,-2.02282244886,-0.00647236016157,-0.000563935882702,-2.12477957391,-0.046553972888,-0.0140143744511,-0.103523551918,0.0539482913387,0.0279521772653,0.0832647543061,0.00672438930809,0.237442875414,0.175007953014,0.0832647543061,0.237442875414,-0.0362020639872,-0.0223879119756,-2870,-0.00588906398766,-0.00401008187068,0.00694444444444,-0.00694444444444,0,1937,9,178,18468,0.915839243499,0.99951290794,0.000487092060399,0.0841607565012,0.995375128469,0.915839243499,0.953952228515,0.94993713176,0.915352151438,0.911958568738,254,423,0,5,1,5
176,WLNM_dir_neg_kfold,0.885961750191,0.625704220265,00:00:21,10,80,20,13365,threshold_sweep,0.5,0.96837944664,0.579196217494,0.724852071006,245,8,178,838,0.579196217494,0.990543735225,0.00945626477541,0.420803782506,0.96837944664,0.579196217494,0.724852071006,0.853427895981,0.600210139217,0.633377135348,0.672240890517,0.569739952719,2154,1731,423,0,2154,0,1731,0,423,144,2115,0.10270979021,3.28340051934,29.375,15.4379562044,16.5234375,23.125947344,0.787266292563,0.431540583136,18.7178045265,1.27440371245,0.622363409509,10.41950078,0.709412819061,0.401704097715,1.12585631727,0.342893384662,4.14543900894,3.28340051934,1.12585631727,4.14543900894,0.506274862896,0.548025908195,16217,0.0332762894383,0.115809519663,144,144,144,1,0,0.0486111111111,0.840277777778,0.111111111111,144,0.0821678321678,3.17652590169,23.5,12.6268656716,13.21875,18.4326405532,0.784367683113,0.432373752298,15.0270152995,1.27889491911,0.625320133964,8.37620672864,0.712868657756,0.405839571841,1.16655614388,0.367242761425,4.12012112432,3.17652590169,1.16655614388,4.12012112432,0.425256424484,0.455876778884,8820,0.018098099084,0.0878467043366,144,144,144,1,0,0.0694444444444,0.819444444444,0.111111111111,144,1945,0.0944541569542,3.40528631217,27.0138888889,14.4074074074,15.1953125,21.1120838732,0.781527012274,0.431333904599,16.5985071903,1.22888690767,0.609115252785,10.3180177311,0.763904654641,0.429930734076,1.23156471063,0.361662602709,4.34734697903,3.40528631217,1.23156471063,4.34734697903,0.467223948875,0.525502298096,13339,0.0273708099412,0.113271028328,144,144,144,1,0,0.0625,0.826388888889,0.111111111111,-170,-0.00825563325563,0.12188579283,-2.36111111111,-1.03054879697,-1.328125,-2.01386347082,-0.00573928028954,-0.000206678537642,-2.11929733619,-0.0455168047795,-0.0132481567239,-0.10148304887,0.0544918355799,0.0282266363612,0.105708393351,0.018769218047,0.201907970092,0.12188579283,0.105708393351,0.201907970092,-0.0390509140208,-0.022523610099,-2878,-0.00590547949703,-0.00253849133502,0.0138888888889,-0.0138888888889,0,1937,8,178,18469,0.915839243499,0.99956702928,0.000432970720355,0.0841607565012,0.99588688946,0.915839243499,0.954187192118,0.950212000838,0.915406272778,0.912388130005,253,423,0,5,1,5
177,WLNM_dir_neg_kfold,0.885961750191,0.625704220265,00:00:21,10,80,20,13365,threshold_sweep,0.6,0.96837944664,0.579196217494,0.724852071006,245,8,178,838,0.579196217494,0.990543735225,0.00945626477541,0.420803782506,0.96837944664,0.579196217494,0.724852071006,0.853427895981,0.600210139217,0.633377135348,0.672240890517,0.569739952719,2154,1731,423,0,2154,0,1731,0,423,144,2115,0.10270979021,3.28340051934,29.375,15.4379562044,16.5234375,23.125947344,0.787266292563,0.431540583136,18.7178045265,1.27440371245,0.622363409509,10.41950078,0.709412819061,0.401704097715,1.12585631727,0.342893384662,4.14543900894,3.28340051934,1.12585631727,4.14543900894,0.506274862896,0.548025908195,16217,0.0332762894383,0.115809519663,144,144,144,1,0,0.0486111111111,0.840277777778,0.111111111111,144,0.0821678321678,3.17652590169,23.5,12.6268656716,13.21875,18.4326405532,0.784367683113,0.432373752298,15.0270152995,1.27889491911,0.625320133964,8.37620672864,0.712868657756,0.405839571841,1.16655614388,0.367242761425,4.12012112432,3.17652590169,1.16655614388,4.12012112432,0.425256424484,0.455876778884,8820,0.018098099084,0.0878467043366,144,144,144,1,0,0.0694444444444,0.819444444444,0.111111111111,144,1945,0.0944541569542,3.40528631217,27.0138888889,14.4074074074,15.1953125,21.1120838732,0.781527012274,0.431333904599,16.5985071903,1.22888690767,0.609115252785,10.3180177311,0.763904654641,0.429930734076,1.23156471063,0.361662602709,4.34734697903,3.40528631217,1.23156471063,4.34734697903,0.467223948875,0.525502298096,13339,0.0273708099412,0.113271028328,144,144,144,1,0,0.0625,0.826388888889,0.111111111111,-170,-0.00825563325563,0.12188579283,-2.36111111111,-1.03054879697,-1.328125,-2.01386347082,-0.00573928028954,-0.000206678537642,-2.11929733619,-0.0455168047795,-0.0132481567239,-0.10148304887,0.0544918355799,0.0282266363612,0.105708393351,0.018769218047,0.201907970092,0.12188579283,0.105708393351,0.201907970092,-0.0390509140208,-0.022523610099,-2878,-0.00590547949703,-0.00253849133502,0.0138888888889,-0.0138888888889,0,1937,8,178,18469,0.915839243499,0.99956702928,0.000432970720355,0.0841607565012,0.99588688946,0.915839243499,0.954187192118,0.950212000838,0.915406272778,0.912388130005,253,423,0,5,1,5
178,WLNM_dir_neg_kfold,0.885961750191,0.625704220265,00:00:21,10,80,20,13365,threshold_sweep,0.7,0.96837944664,0.579196217494,0.724852071006,245,8,178,838,0.579196217494,0.990543735225,0.00945626477541,0.420803782506,0.96837944664,0.579196217494,0.724852071006,0.853427895981,0.600210139217,0.633377135348,0.672240890517,0.569739952719,2154,1731,423,0,2154,0,1731,0,423,144,2115,0.10270979021,3.28340051934,29.375,15.4379562044,16.5234375,23.125947344,0.787266292563,0.431540583136,18.7178045265,1.27440371245,0.622363409509,10.41950078,0.709412819061,0.401704097715,1.12585631727,0.342893384662,4.14543900894,3.28340051934,1.12585631727,4.14543900894,0.506274862896,0.548025908195,16217,0.0332762894383,0.115809519663,144,144,144,1,0,0.0486111111111,0.840277777778,0.111111111111,144,0.0821678321678,3.17652590169,23.5,12.6268656716,13.21875,18.4326405532,0.784367683113,0.432373752298,15.0270152995,1.27889491911,0.625320133964,8.37620672864,0.712868657756,0.405839571841,1.16655614388,0.367242761425,4.12012112432,3.17652590169,1.16655614388,4.12012112432,0.425256424484,0.455876778884,8820,0.018098099084,0.0878467043366,144,144,144,1,0,0.0694444444444,0.819444444444,0.111111111111,144,1945,0.0944541569542,3.40528631217,27.0138888889,14.4074074074,15.1953125,21.1120838732,0.781527012274,0.431333904599,16.5985071903,1.22888690767,0.609115252785,10.3180177311,0.763904654641,0.429930734076,1.23156471063,0.361662602709,4.34734697903,3.40528631217,1.23156471063,4.34734697903,0.467223948875,0.525502298096,13339,0.0273708099412,0.113271028328,144,144,144,1,0,0.0625,0.826388888889,0.111111111111,-170,-0.00825563325563,0.12188579283,-2.36111111111,-1.03054879697,-1.328125,-2.01386347082,-0.00573928028954,-0.000206678537642,-2.11929733619,-0.0455168047795,-0.0132481567239,-0.10148304887,0.0544918355799,0.0282266363612,0.105708393351,0.018769218047,0.201907970092,0.12188579283,0.105708393351,0.201907970092,-0.0390509140208,-0.022523610099,-2878,-0.00590547949703,-0.00253849133502,0.0138888888889,-0.0138888888889,0,1937,8,178,18469,0.915839243499,0.99956702928,0.000432970720355,0.0841607565012,0.99588688946,0.915839243499,0.954187192118,0.950212000838,0.915406272778,0.912388130005,253,423,0,5,1,5
179,WLNM_dir_neg_kfold,0.885961750191,0.625704220265,00:00:21,10,80,20,13365,threshold_sweep,0.8,0.97609561753,0.579196217494,0.727002967359,245,6,178,840,0.579196217494,0.992907801418,0.00709219858156,0.420803782506,0.97609561753,0.579196217494,0.727002967359,0.85500394011,0.60073548726,0.636842105263,0.677048240938,0.572104018913,2154,1731,423,0,2154,0,1731,0,423,144,2115,0.10270979021,3.28340051934,29.375,15.4379562044,16.5234375,23.125947344,0.787266292563,0.431540583136,18.7178045265,1.27440371245,0.622363409509,10.41950078,0.709412819061,0.401704097715,1.12585631727,0.342893384662,4.14543900894,3.28340051934,1.12585631727,4.14543900894,0.506274862896,0.548025908195,16217,0.0332762894383,0.115809519663,144,144,144,1,0,0.0486111111111,0.840277777778,0.111111111111,144,0.0821678321678,3.17652590169,23.5,12.6268656716,13.21875,18.4326405532,0.784367683113,0.432373752298,15.0270152995,1.27889491911,0.625320133964,8.37620672864,0.712868657756,0.405839571841,1.16655614388,0.367242761425,4.12012112432,3.17652590169,1.16655614388,4.12012112432,0.425256424484,0.455876778884,8820,0.018098099084,0.0878467043366,144,144,144,1,0,0.0694444444444,0.819444444444,0.111111111111,144,1943,0.094357031857,3.20205249714,26.9861111111,14.5,15.1796875,21.1302938039,0.783006255214,0.43206739292,16.6065100251,1.23074495297,0.610035311946,10.3125943286,0.764289028988,0.430037313433,1.16017022974,0.362320802291,4.11502270931,3.20205249714,1.16017022974,4.11502270931,0.467373534086,0.525617945045,13333,0.0273584983092,0.114213710152,144,144,144,1,0,0.0694444444444,0.819444444444,0.111111111111,-172,-0.00835275835276,-0.0813480221951,-2.38888888889,-0.93795620438,-1.34375,-1.99565354014,-0.004260037349,0.000526809784127,-2.11129450144,-0.0436587594786,-0.0123280975628,-0.106906451315,0.0548762099274,0.0283332157181,0.0343139124681,0.0194274176297,-0.0304162996295,-0.0813480221951,0.0343139124681,-0.0304162996295,-0.0389013288097,-0.0224079631496,-2884,-0.00591779112906,-0.00159580951078,0.0208333333333,-0.0208333333333,0,1937,6,178,18471,0.915839243499,0.99967527196,0.000324728040266,0.0841607565012,0.996911991765,0.915839243499,0.954657466732,0.950762348867,0.915514515459,0.913248467704,251,423,0,5,1,5
180,WLNM_dir_neg_kfold,0.885961750191,0.625704220265,00:00:21,10,80,20,13365,threshold_sweep,0.9,0.98,0.579196217494,0.72808320951,245,5,178,841,0.579196217494,0.994089834515,0.00591016548463,0.420803782506,0.98,0.579196217494,0.72808320951,0.855791962175,0.600998161282,0.63857801185,0.679468995466,0.573286052009,2154,1731,423,0,2154,0,1731,0,423,144,2115,0.10270979021,3.28340051934,29.375,15.4379562044,16.5234375,23.125947344,0.787266292563,0.431540583136,18.7178045265,1.27440371245,0.622363409509,10.41950078,0.709412819061,0.401704097715,1.12585631727,0.342893384662,4.14543900894,3.28340051934,1.12585631727,4.14543900894,0.506274862896,0.548025908195,16217,0.0332762894383,0.115809519663,144,144,144,1,0,0.0486111111111,0.840277777778,0.111111111111,144,0.0821678321678,3.17652590169,23.5,12.6268656716,13.21875,18.4326405532,0.784367683113,0.432373752298,15.0270152995,1.27889491911,0.625320133964,8.37620672864,0.712868657756,0.405839571841,1.16655614388,0.367242761425,4.12012112432,3.17652590169,1.16655614388,4.12012112432,0.425256424484,0.455876778884,8820,0.018098099084,0.0878467043366,144,144,144,1,0,0.0694444444444,0.819444444444,0.111111111111,144,1942,0.0943084693085,3.18724310096,26.9722222222,14.4925373134,15.171875,21.1256462456,0.783237141957,0.432118234352,16.6111370977,1.23172180333,0.610553266964,10.299016255,0.763675767617,0.429768852271,1.14884866542,0.360452161643,4.09384021482,3.18724310096,1.14884866542,4.09384021482,0.46768597954,0.525923295455,13329,0.0273502905545,0.114486009524,144,144,144,1,0,0.0694444444444,0.819444444444,0.111111111111,-173,-0.00840132090132,-0.0961574183721,-2.40277777778,-0.945418890947,-1.3515625,-2.00030109847,-0.00402915060591,0.000577651215429,-2.1066674288,-0.0426819091113,-0.0118101425446,-0.120484525005,0.0542629485565,0.0280647545567,0.0229923481492,0.0175587769813,-0.051598794118,-0.0961574183721,0.0229923481492,-0.051598794118,-0.0385888833559,-0.0221026127403,-2888,-0.00592599888375,-0.00132351013948,0.0208333333333,-0.0208333333333,0,1937,5,178,18472,0.915839243499,0.9997293933,0.000270606700222,0.0841607565012,0.997425334706,0.915839243499,0.954892777915,0.951037828338,0.915568636799,0.913679245283,250,423,0,5,1,5
181,WLNM_dir_neg_kfold,0.800086905979,0.337277125541,00:00:20,10,80,1,14346,threshold_sweep,0.1,0.955102040816,0.553191489362,0.700598802395,234,11,189,835,0.553191489362,0.986997635934,0.0130023640662,0.446808510638,0.955102040816,0.553191489362,0.700598802395,0.842395587076,0.60231153139,0.603698811096,0.645161111918,0.540189125296,2154,1731,423,0,2154,0,1731,0,423,144,2115,0.10270979021,3.28340051934,29.375,15.4379562044,16.5234375,23.125947344,0.787266292563,0.431540583136,18.7178045265,1.27440371245,0.622363409509,10.41950078,0.709412819061,0.401704097715,1.12585631727,0.342893384662,4.14543900894,3.28340051934,1.12585631727,4.14543900894,0.506274862896,0.548025908195,16217,0.0332762894383,0.115809519663,144,144,144,1,0,0.0486111111111,0.840277777778,0.111111111111,144,0.0821678321678,3.15516664001,23.5,12.6268656716,13.3228346457,18.6352549559,0.792989572593,0.435891121618,14.9995337923,1.27655606743,0.623612752824,8.59866634642,0.731801391185,0.412455673759,1.12152124274,0.355455470567,4.07916214432,3.15516664001,1.12152124274,4.07916214432,0.398073563212,0.443482294727,8604,0.0176548803309,0.0925841204852,144,144,144,1,0,0.0694444444444,0.8125,0.118055555556,144,1937,0.0940656565657,4.51580313084,26.9027777778,13.7375886525,15.2519685039,20.7877449927,0.772698832975,0.428250301153,16.3864304518,1.21819617195,0.602044255148,10.3908444511,0.772473722746,0.433570670567,1.40557747047,0.311257472868,6,4.51580313084,1.40557747047,6,0.435605694262,0.510110807004,12798,0.0262607111199,0.110648498022,144,144,144,1,0,0.0208333333333,0.861111111111,0.118055555556,-178,-0.00864413364413,1.2324026115,-2.47222222222,-1.7003675519,-1.27146899606,-2.33820235137,-0.0145674595883,-0.00329028198334,-2.33137407471,-0.0562075404972,-0.0203191543605,-0.0286563288464,0.0630609036856,0.0318665728526,0.279721153199,-0.0316359117937,1.85456099106,1.2324026115,0.279721153199,1.85456099106,-0.0706691686333,-0.0379151011904,-3419,-0.0070155783184,-0.00516102164067,-0.0277777777778,0.0208333333333,0.00694444444444,1926,11,189,18466,0.910638297872,0.99940466526,0.000595334740488,0.0893617021277,0.994321115126,0.910638297872,0.95064165844,0.946390504203,0.910042963132,0.905926622766,245,423,0,5,2,5
182,WLNM_dir_neg_kfold,0.800086905979,0.337277125541,00:00:20,10,80,1,14346,threshold_sweep,0.2,0.955102040816,0.553191489362,0.700598802395,234,11,189,835,0.553191489362,0.986997635934,0.0130023640662,0.446808510638,0.955102040816,0.553191489362,0.700598802395,0.842395587076,0.60231153139,0.603698811096,0.645161111918,0.540189125296,2154,1731,423,0,2154,0,1731,0,423,144,2115,0.10270979021,3.28340051934,29.375,15.4379562044,16.5234375,23.125947344,0.787266292563,0.431540583136,18.7178045265,1.27440371245,0.622363409509,10.41950078,0.709412819061,0.401704097715,1.12585631727,0.342893384662,4.14543900894,3.28340051934,1.12585631727,4.14543900894,0.506274862896,0.548025908195,16217,0.0332762894383,0.115809519663,144,144,144,1,0,0.0486111111111,0.840277777778,0.111111111111,144,0.0821678321678,3.15516664001,23.5,12.6268656716,13.3228346457,18.6352549559,0.792989572593,0.435891121618,14.9995337923,1.27655606743,0.623612752824,8.59866634642,0.731801391185,0.412455673759,1.12152124274,0.355455470567,4.07916214432,3.15516664001,1.12152124274,4.07916214432,0.398073563212,0.443482294727,8604,0.0176548803309,0.0925841204852,144,144,144,1,0,0.0694444444444,0.8125,0.118055555556,144,1937,0.0940656565657,4.51580313084,26.9027777778,13.7375886525,15.2519685039,20.7877449927,0.772698832975,0.428250301153,16.3864304518,1.21819617195,0.602044255148,10.3908444511,0.772473722746,0.433570670567,1.40557747047,0.311257472868,6,4.51580313084,1.40557747047,6,0.435605694262,0.510110807004,12798,0.0262607111199,0.110648498022,144,144,144,1,0,0.0208333333333,0.861111111111,0.118055555556,-178,-0.00864413364413,1.2324026115,-2.47222222222,-1.7003675519,-1.27146899606,-2.33820235137,-0.0145674595883,-0.00329028198334,-2.33137407471,-0.0562075404972,-0.0203191543605,-0.0286563288464,0.0630609036856,0.0318665728526,0.279721153199,-0.0316359117937,1.85456099106,1.2324026115,0.279721153199,1.85456099106,-0.0706691686333,-0.0379151011904,-3419,-0.0070155783184,-0.00516102164067,-0.0277777777778,0.0208333333333,0.00694444444444,1926,11,189,18466,0.910638297872,0.99940466526,0.000595334740488,0.0893617021277,0.994321115126,0.910638297872,0.95064165844,0.946390504203,0.910042963132,0.905926622766,245,423,0,5,2,5
183,WLNM_dir_neg_kfold,0.800086905979,0.337277125541,00:00:20,10,80,1,14346,threshold_sweep,0.3,0.955102040816,0.553191489362,0.700598802395,234,11,189,835,0.553191489362,0.986997635934,0.0130023640662,0.446808510638,0.955102040816,0.553191489362,0.700598802395,0.842395587076,0.60231153139,0.603698811096,0.645161111918,0.540189125296,2154,1731,423,0,2154,0,1731,0,423,144,2115,0.10270979021,3.28340051934,29.375,15.4379562044,16.5234375,23.125947344,0.787266292563,0.431540583136,18.7178045265,1.27440371245,0.622363409509,10.41950078,0.709412819061,0.401704097715,1.12585631727,0.342893384662,4.14543900894,3.28340051934,1.12585631727,4.14543900894,0.506274862896,0.548025908195,16217,0.0332762894383,0.115809519663,144,144,144,1,0,0.0486111111111,0.840277777778,0.111111111111,144,0.0821678321678,3.15516664001,23.5,12.6268656716,13.3228346457,18.6352549559,0.792989572593,0.435891121618,14.9995337923,1.27655606743,0.623612752824,8.59866634642,0.731801391185,0.412455673759,1.12152124274,0.355455470567,4.07916214432,3.15516664001,1.12152124274,4.07916214432,0.398073563212,0.443482294727,8604,0.0176548803309,0.0925841204852,144,144,144,1,0,0.0694444444444,0.8125,0.118055555556,144,1937,0.0940656565657,4.51580313084,26.9027777778,13.7375886525,15.2519685039,20.7877449927,0.772698832975,0.428250301153,16.3864304518,1.21819617195,0.602044255148,10.3908444511,0.772473722746,0.433570670567,1.40557747047,0.311257472868,6,4.51580313084,1.40557747047,6,0.435605694262,0.510110807004,12798,0.0262607111199,0.110648498022,144,144,144,1,0,0.0208333333333,0.861111111111,0.118055555556,-178,-0.00864413364413,1.2324026115,-2.47222222222,-1.7003675519,-1.27146899606,-2.33820235137,-0.0145674595883,-0.00329028198334,-2.33137407471,-0.0562075404972,-0.0203191543605,-0.0286563288464,0.0630609036856,0.0318665728526,0.279721153199,-0.0316359117937,1.85456099106,1.2324026115,0.279721153199,1.85456099106,-0.0706691686333,-0.0379151011904,-3419,-0.0070155783184,-0.00516102164067,-0.0277777777778,0.0208333333333,0.00694444444444,1926,11,189,18466,0.910638297872,0.99940466526,0.000595334740488,0.0893617021277,0.994321115126,0.910638297872,0.95064165844,0.946390504203,0.910042963132,0.905926622766,245,423,0,5,2,5
184,WLNM_dir_neg_kfold,0.800086905979,0.337277125541,00:00:20,10,80,1,14346,threshold_sweep,0.4,0.954918032787,0.550827423168,0.698650674663,233,11,190,835,0.550827423168,0.986997635934,0.0130023640662,0.449172576832,0.954918032787,0.550827423168,0.698650674663,0.841607565012,0.602574205411,0.601454064772,0.643338516041,0.537825059102,2154,1731,423,0,2154,0,1731,0,423,144,2115,0.10270979021,3.28340051934,29.375,15.4379562044,16.5234375,23.125947344,0.787266292563,0.431540583136,18.7178045265,1.27440371245,0.622363409509,10.41950078,0.709412819061,0.401704097715,1.12585631727,0.342893384662,4.14543900894,3.28340051934,1.12585631727,4.14543900894,0.506274862896,0.548025908195,16217,0.0332762894383,0.115809519663,144,144,144,1,0,0.0486111111111,0.840277777778,0.111111111111,144,0.0821678321678,3.15516664001,23.5,12.6268656716,13.3228346457,18.6352549559,0.792989572593,0.435891121618,14.9995337923,1.27655606743,0.623612752824,8.59866634642,0.731801391185,0.412455673759,1.12152124274,0.355455470567,4.07916214432,3.15516664001,1.12152124274,4.07916214432,0.398073563212,0.443482294727,8604,0.0176548803309,0.0925841204852,144,144,144,1,0,0.0694444444444,0.8125,0.118055555556,144,1936,0.0940170940171,3.44820318292,26.8888888889,13.8285714286,15.2440944882,20.7893568491,0.773157899345,0.428406938705,16.3919551212,1.21923633133,0.602846648301,10.3820567224,0.772219095054,0.433432334711,1.12475885267,0.3261869423,4.36792946604,3.44820318292,1.12475885267,4.36792946604,0.435605694262,0.510110807004,12798,0.0262607111199,0.111311510066,144,144,144,1,0,0.0277777777778,0.854166666667,0.118055555556,-179,-0.0086926961927,0.164802663587,-2.48611111111,-1.60938477581,-1.27934301181,-2.33659049499,-0.0141083932181,-0.00313364443109,-2.32584940532,-0.0551673811145,-0.0195167612076,-0.0374440575571,0.0628062759936,0.031728236996,-0.00109746460896,-0.0167064423619,0.222490457098,0.164802663587,-0.00109746460896,0.222490457098,-0.0706691686333,-0.0379151011904,-3419,-0.0070155783184,-0.00449800959715,-0.0208333333333,0.0138888888889,0.00694444444444,1925,11,190,18466,0.910165484634,0.99940466526,0.000595334740488,0.0898345153664,0.994318181818,0.910165484634,0.950382621575,0.946117709144,0.909570149893,0.90545625588,244,423,0,5,2,5
185,WLNM_dir_neg_kfold,0.800086905979,0.337277125541,00:00:20,10,80,1,14346,threshold_sweep,0.5,0.978813559322,0.54609929078,0.701062215478,231,5,192,841,0.54609929078,0.994089834515,0.00591016548463,0.45390070922,0.978813559322,0.54609929078,0.701062215478,0.84475965327,0.604675597583,0.6073089701,0.654477981141,0.540189125296,2154,1731,423,0,2154,0,1731,0,423,144,2115,0.10270979021,3.28340051934,29.375,15.4379562044,16.5234375,23.125947344,0.787266292563,0.431540583136,18.7178045265,1.27440371245,0.622363409509,10.41950078,0.709412819061,0.401704097715,1.12585631727,0.342893384662,4.14543900894,3.28340051934,1.12585631727,4.14543900894,0.506274862896,0.548025908195,16217,0.0332762894383,0.115809519663,144,144,144,1,0,0.0486111111111,0.840277777778,0.111111111111,144,0.0821678321678,3.15516664001,23.5,12.6268656716,13.3228346457,18.6352549559,0.792989572593,0.435891121618,14.9995337923,1.27655606743,0.623612752824,8.59866634642,0.731801391185,0.412455673759,1.12152124274,0.355455470567,4.07916214432,3.15516664001,1.12152124274,4.07916214432,0.398073563212,0.443482294727,8604,0.0176548803309,0.0925841204852,144,144,144,1,0,0.0694444444444,0.8125,0.118055555556,144,1928,0.0936285936286,3.17212189974,26.7777777778,14.3880597015,15.1811023622,20.8388570766,0.778214579623,0.430732048179,16.4351282962,1.22751995573,0.608762678654,10.3350250514,0.771910584751,0.433019248502,1.13035636036,0.356340770022,3.99422380572,3.17212189974,1.13035636036,3.99422380572,0.438124017723,0.511574567954,12788,0.0262401917331,0.116234360395,144,144,144,1,0,0.0694444444444,0.8125,0.118055555556,-187,-0.0090811965812,-0.111278619595,-2.59722222222,-1.04989650289,-1.3423351378,-2.28709026747,-0.00905171293999,-0.000808534957444,-2.28267623031,-0.0468837567104,-0.013600730855,-0.0844757285713,0.0624977656899,0.0313151507869,0.00450004308172,0.0134473853601,-0.151215203214,-0.111278619595,0.00450004308172,-0.151215203214,-0.0681508451728,-0.036451340241,-3429,-0.00703609770511,0.000424840731848,0.0208333333333,-0.0277777777778,0.00694444444444,1923,5,192,18472,0.909219858156,0.9997293933,0.000270606700222,0.090780141844,0.997406639004,0.909219858156,0.951273806579,0.947228319799,0.908949251456,0.907075471698,236,423,0,5,2,5
186,WLNM_dir_neg_kfold,0.800086905979,0.337277125541,00:00:20,10,80,1,14346,threshold_sweep,0.6,0.978813559322,0.54609929078,0.701062215478,231,5,192,841,0.54609929078,0.994089834515,0.00591016548463,0.45390070922,0.978813559322,0.54609929078,0.701062215478,0.84475965327,0.604675597583,0.6073089701,0.654477981141,0.540189125296,2154,1731,423,0,2154,0,1731,0,423,144,2115,0.10270979021,3.28340051934,29.375,15.4379562044,16.5234375,23.125947344,0.787266292563,0.431540583136,18.7178045265,1.27440371245,0.622363409509,10.41950078,0.709412819061,0.401704097715,1.12585631727,0.342893384662,4.14543900894,3.28340051934,1.12585631727,4.14543900894,0.506274862896,0.548025908195,16217,0.0332762894383,0.115809519663,144,144,144,1,0,0.0486111111111,0.840277777778,0.111111111111,144,0.0821678321678,3.15516664001,23.5,12.6268656716,13.3228346457,18.6352549559,0.792989572593,0.435891121618,14.9995337923,1.27655606743,0.623612752824,8.59866634642,0.731801391185,0.412455673759,1.12152124274,0.355455470567,4.07916214432,3.15516664001,1.12152124274,4.07916214432,0.398073563212,0.443482294727,8604,0.0176548803309,0.0925841204852,144,144,144,1,0,0.0694444444444,0.8125,0.118055555556,144,1928,0.0936285936286,3.17212189974,26.7777777778,14.3880597015,15.1811023622,20.8388570766,0.778214579623,0.430732048179,16.4351282962,1.22751995573,0.608762678654,10.3350250514,0.771910584751,0.433019248502,1.13035636036,0.356340770022,3.99422380572,3.17212189974,1.13035636036,3.99422380572,0.438124017723,0.511574567954,12788,0.0262401917331,0.116234360395,144,144,144,1,0,0.0694444444444,0.8125,0.118055555556,-187,-0.0090811965812,-0.111278619595,-2.59722222222,-1.04989650289,-1.3423351378,-2.28709026747,-0.00905171293999,-0.000808534957444,-2.28267623031,-0.0468837567104,-0.013600730855,-0.0844757285713,0.0624977656899,0.0313151507869,0.00450004308172,0.0134473853601,-0.151215203214,-0.111278619595,0.00450004308172,-0.151215203214,-0.0681508451728,-0.036451340241,-3429,-0.00703609770511,0.000424840731848,0.0208333333333,-0.0277777777778,0.00694444444444,1923,5,192,18472,0.909219858156,0.9997293933,0.000270606700222,0.090780141844,0.997406639004,0.909219858156,0.951273806579,0.947228319799,0.908949251456,0.907075471698,236,423,0,5,2,5
187,WLNM_dir_neg_kfold,0.800086905979,0.337277125541,00:00:20,10,80,1,14346,threshold_sweep,0.7,0.982978723404,0.54609929078,0.702127659574,231,4,192,842,0.54609929078,0.995271867612,0.00472813238771,0.45390070922,0.982978723404,0.54609929078,0.702127659574,0.845547675335,0.604938271605,0.609042553191,0.656986248954,0.541371158392,2154,1731,423,0,2154,0,1731,0,423,144,2115,0.10270979021,3.28340051934,29.375,15.4379562044,16.5234375,23.125947344,0.787266292563,0.431540583136,18.7178045265,1.27440371245,0.622363409509,10.41950078,0.709412819061,0.401704097715,1.12585631727,0.342893384662,4.14543900894,3.28340051934,1.12585631727,4.14543900894,0.506274862896,0.548025908195,16217,0.0332762894383,0.115809519663,144,144,144,1,0,0.0486111111111,0.840277777778,0.111111111111,144,0.0821678321678,3.15516664001,23.5,12.6268656716,13.3228346457,18.6352549559,0.792989572593,0.435891121618,14.9995337923,1.27655606743,0.623612752824,8.59866634642,0.731801391185,0.412455673759,1.12152124274,0.355455470567,4.07916214432,3.15516664001,1.12152124274,4.07916214432,0.398073563212,0.443482294727,8604,0.0176548803309,0.0925841204852,144,144,144,1,0,0.0694444444444,0.8125,0.118055555556,144,1927,0.09358003108,3.17088693559,26.7638888889,14.3805970149,15.1732283465,20.8390388458,0.778625218939,0.430959176613,16.4376323001,1.2283440847,0.60892362913,10.3308869012,0.772001927228,0.433002508217,1.12970283587,0.356273452448,3.99395780271,3.17088693559,1.12970283587,3.99395780271,0.437518342311,0.511649319456,12781,0.0262258281624,0.116419984977,144,144,144,1,0,0.0694444444444,0.8125,0.118055555556,-188,-0.00912975912976,-0.112513583741,-2.61111111111,-1.05735918945,-1.35020915354,-2.28690849827,-0.00864107362414,-0.000581406523285,-2.28017222644,-0.0460596277466,-0.0134397803789,-0.0886138787877,0.0625891081671,0.0312984105018,0.00384651859056,0.013380067786,-0.151481206233,-0.112513583741,0.00384651859056,-0.151481206233,-0.0687565205849,-0.0363765887393,-3436,-0.00705046127581,0.000610465314273,0.0208333333333,-0.0277777777778,0.00694444444444,1923,4,192,18473,0.909219858156,0.99978351464,0.000216485360178,0.090780141844,0.997924234561,0.909219858156,0.951509153884,0.947505098224,0.909003372796,0.907503539405,235,423,0,5,2,5
188,WLNM_dir_neg_kfold,0.800086905979,0.337277125541,00:00:20,10,80,1,14346,threshold_sweep,0.8,0.982978723404,0.54609929078,0.702127659574,231,4,192,842,0.54609929078,0.995271867612,0.00472813238771,0.45390070922,0.982978723404,0.54609929078,0.702127659574,0.845547675335,0.604938271605,0.609042553191,0.656986248954,0.541371158392,2154,1731,423,0,2154,0,1731,0,423,144,2115,0.10270979021,3.28340051934,29.375,15.4379562044,16.5234375,23.125947344,0.787266292563,0.431540583136,18.7178045265,1.27440371245,0.622363409509,10.41950078,0.709412819061,0.401704097715,1.12585631727,0.342893384662,4.14543900894,3.28340051934,1.12585631727,4.14543900894,0.506274862896,0.548025908195,16217,0.0332762894383,0.115809519663,144,144,144,1,0,0.0486111111111,0.840277777778,0.111111111111,144,0.0821678321678,3.15516664001,23.5,12.6268656716,13.3228346457,18.6352549559,0.792989572593,0.435891121618,14.9995337923,1.27655606743,0.623612752824,8.59866634642,0.731801391185,0.412455673759,1.12152124274,0.355455470567,4.07916214432,3.15516664001,1.12152124274,4.07916214432,0.398073563212,0.443482294727,8604,0.0176548803309,0.0925841204852,144,144,144,1,0,0.0694444444444,0.8125,0.118055555556,144,1927,0.09358003108,3.17088693559,26.7638888889,14.3805970149,15.1732283465,20.8390388458,0.778625218939,0.430959176613,16.4376323001,1.2283440847,0.60892362913,10.3308869012,0.772001927228,0.433002508217,1.12970283587,0.356273452448,3.99395780271,3.17088693559,1.12970283587,3.99395780271,0.437518342311,0.511649319456,12781,0.0262258281624,0.116419984977,144,144,144,1,0,0.0694444444444,0.8125,0.118055555556,-188,-0.00912975912976,-0.112513583741,-2.61111111111,-1.05735918945,-1.35020915354,-2.28690849827,-0.00864107362414,-0.000581406523285,-2.28017222644,-0.0460596277466,-0.0134397803789,-0.0886138787877,0.0625891081671,0.0312984105018,0.00384651859056,0.013380067786,-0.151481206233,-0.112513583741,0.00384651859056,-0.151481206233,-0.0687565205849,-0.0363765887393,-3436,-0.00705046127581,0.000610465314273,0.0208333333333,-0.0277777777778,0.00694444444444,1923,4,192,18473,0.909219858156,0.99978351464,0.000216485360178,0.090780141844,0.997924234561,0.909219858156,0.951509153884,0.947505098224,0.909003372796,0.907503539405,235,423,0,5,2,5
189,WLNM_dir_neg_kfold,0.800086905979,0.337277125541,00:00:20,10,80,1,14346,threshold_sweep,0.9,0.982978723404,0.54609929078,0.702127659574,231,4,192,842,0.54609929078,0.995271867612,0.00472813238771,0.45390070922,0.982978723404,0.54609929078,0.702127659574,0.845547675335,0.604938271605,0.609042553191,0.656986248954,0.541371158392,2154,1731,423,0,2154,0,1731,0,423,144,2115,0.10270979021,3.28340051934,29.375,15.4379562044,16.5234375,23.125947344,0.787266292563,0.431540583136,18.7178045265,1.27440371245,0.622363409509,10.41950078,0.709412819061,0.401704097715,1.12585631727,0.342893384662,4.14543900894,3.28340051934,1.12585631727,4.14543900894,0.506274862896,0.548025908195,16217,0.0332762894383,0.115809519663,144,144,144,1,0,0.0486111111111,0.840277777778,0.111111111111,144,0.0821678321678,3.15516664001,23.5,12.6268656716,13.3228346457,18.6352549559,0.792989572593,0.435891121618,14.9995337923,1.27655606743,0.623612752824,8.59866634642,0.731801391185,0.412455673759,1.12152124274,0.355455470567,4.07916214432,3.15516664001,1.12152124274,4.07916214432,0.398073563212,0.443482294727,8604,0.0176548803309,0.0925841204852,144,144,144,1,0,0.0694444444444,0.8125,0.118055555556,144,1927,0.09358003108,3.17088693559,26.7638888889,14.3805970149,15.1732283465,20.8390388458,0.778625218939,0.430959176613,16.4376323001,1.2283440847,0.60892362913,10.3308869012,0.772001927228,0.433002508217,1.12970283587,0.356273452448,3.99395780271,3.17088693559,1.12970283587,3.99395780271,0.437518342311,0.511649319456,12781,0.0262258281624,0.116419984977,144,144,144,1,0,0.0694444444444,0.8125,0.118055555556,-188,-0.00912975912976,-0.112513583741,-2.61111111111,-1.05735918945,-1.35020915354,-2.28690849827,-0.00864107362414,-0.000581406523285,-2.28017222644,-0.0460596277466,-0.0134397803789,-0.0886138787877,0.0625891081671,0.0312984105018,0.00384651859056,0.013380067786,-0.151481206233,-0.112513583741,0.00384651859056,-0.151481206233,-0.0687565205849,-0.0363765887393,-3436,-0.00705046127581,0.000610465314273,0.0208333333333,-0.0277777777778,0.00694444444444,1923,4,192,18473,0.909219858156,0.99978351464,0.000216485360178,0.090780141844,0.997924234561,0.909219858156,0.951509153884,0.947505098224,0.909003372796,0.907503539405,235,423,0,5,2,5
190,WLNM_dir_neg_kfold,0.888295077936,0.401774170206,00:00:20,10,80,2,14347,threshold_sweep,0.1,0.939759036145,0.553191489362,0.696428571429,234,15,189,831,0.553191489362,0.982269503546,0.0177304964539,0.446808510638,0.939759036145,0.553191489362,0.696428571429,0.839243498818,0.601260835303,0.596837944664,0.635599350513,0.535460992908,2154,1731,423,0,2154,0,1731,0,423,144,2115,0.10270979021,3.28340051934,29.375,15.4379562044,16.5234375,23.125947344,0.787266292563,0.431540583136,18.7178045265,1.27440371245,0.622363409509,10.41950078,0.709412819061,0.401704097715,1.12585631727,0.342893384662,4.14543900894,3.28340051934,1.12585631727,4.14543900894,0.506274862896,0.548025908195,16217,0.0332762894383,0.115809519663,144,144,144,1,0,0.0486111111111,0.840277777778,0.111111111111,144,0.0821678321678,3.15516664001,23.5,12.6268656716,13.3228346457,18.6352549559,0.792989572593,0.435891121618,14.9995337923,1.27655606743,0.623612752824,8.59866634642,0.731801391185,0.412455673759,1.12152124274,0.355455470567,4.07916214432,3.15516664001,1.12152124274,4.07916214432,0.398073563212,0.443482294727,8604,0.0176548803309,0.0925841204852,144,144,144,1,0,0.0694444444444,0.8125,0.118055555556,144,1941,0.0942599067599,7.0956847026,26.9583333333,13.5734265734,15.2834645669,20.8121384027,0.772011316331,0.428086896789,16.3647107748,1.21407436969,0.599028994218,10.3943023325,0.771138349241,0.432584149064,1.62805247081,0.229442617456,8.29263587584,7.0956847026,1.62805247081,8.29263587584,0.437198791309,0.509316934821,12810,0.0262853343839,0.107563170178,144,144,144,1,0,0.00694444444444,0.875,0.118055555556,-174,-0.00844988344988,3.81228418326,-2.41666666667,-1.86452963095,-1.23997293307,-2.3138089413,-0.0152549762325,-0.00345368634773,-2.35309375179,-0.0603293427573,-0.0233344152905,-0.0251984474746,0.0617255301804,0.0308800513493,0.502196153532,-0.113450767206,4.1471968669,3.81228418326,0.502196153532,4.1471968669,-0.0690760715871,-0.0387089733737,-3407,-0.00699095505434,-0.00824634948523,-0.0416666666667,0.0347222222222,0.00694444444444,1926,15,189,18462,0.910638297872,0.999188179899,0.000811820100666,0.0893617021277,0.99227202473,0.910638297872,0.949704142012,0.945291293822,0.909826477772,0.904225352113,249,423,0,5,2,5
191,WLNM_dir_neg_kfold,0.888295077936,0.401774170206,00:00:20,10,80,2,14347,threshold_sweep,0.2,0.943548387097,0.553191489362,0.697466467958,234,14,189,832,0.553191489362,0.983451536643,0.016548463357,0.446808510638,0.943548387097,0.553191489362,0.697466467958,0.840031520883,0.601523509325,0.598549769281,0.637972771528,0.536643026005,2154,1731,423,0,2154,0,1731,0,423,144,2115,0.10270979021,3.28340051934,29.375,15.4379562044,16.5234375,23.125947344,0.787266292563,0.431540583136,18.7178045265,1.27440371245,0.622363409509,10.41950078,0.709412819061,0.401704097715,1.12585631727,0.342893384662,4.14543900894,3.28340051934,1.12585631727,4.14543900894,0.506274862896,0.548025908195,16217,0.0332762894383,0.115809519663,144,144,144,1,0,0.0486111111111,0.840277777778,0.111111111111,144,0.0821678321678,3.15516664001,23.5,12.6268656716,13.3228346457,18.6352549559,0.792989572593,0.435891121618,14.9995337923,1.27655606743,0.623612752824,8.59866634642,0.731801391185,0.412455673759,1.12152124274,0.355455470567,4.07916214432,3.15516664001,1.12152124274,4.07916214432,0.398073563212,0.443482294727,8604,0.0176548803309,0.0925841204852,144,144,144,1,0,0.0694444444444,0.8125,0.118055555556,144,1940,0.0942113442113,6.72564600198,26.9444444444,13.661971831,15.2755905512,20.814121678,0.772482866401,0.428311139748,16.3702546402,1.21511168463,0.599842497136,10.3801481082,0.7704852204,0.432302405498,1.6135232176,0.239906057668,7.94237755409,6.72564600198,1.6135232176,7.94237755409,0.436301261743,0.509435463551,12805,0.0262750746906,0.108301897451,144,144,144,1,0,0.0138888888889,0.868055555556,0.118055555556,-175,-0.00849844599845,3.44224548264,-2.43055555556,-1.77598437339,-1.24784694882,-2.31182566602,-0.0147834261622,-0.00322944338833,-2.34754988633,-0.0592920278112,-0.0225209123725,-0.0393526717891,0.0610724013392,0.0305983077835,0.487666900328,-0.102987326994,3.79693854516,3.44224548264,0.487666900328,3.79693854516,-0.0699736011529,-0.0385904446437,-3412,-0.00700121474769,-0.00750762221157,-0.0347222222222,0.0277777777778,0.00694444444444,1926,14,189,18463,0.910638297872,0.999242301239,0.000757698760621,0.0893617021277,0.992783505155,0.910638297872,0.949938347719,0.945565791088,0.909880599112,0.904650070456,248,423,0,5,2,5
192,WLNM_dir_neg_kfold,0.888295077936,0.401774170206,00:00:20,10,80,2,14347,threshold_sweep,0.3,0.943548387097,0.553191489362,0.697466467958,234,14,189,832,0.553191489362,0.983451536643,0.016548463357,0.446808510638,0.943548387097,0.553191489362,0.697466467958,0.840031520883,0.601523509325,0.598549769281,0.637972771528,0.536643026005,2154,1731,423,0,2154,0,1731,0,423,144,2115,0.10270979021,3.28340051934,29.375,15.4379562044,16.5234375,23.125947344,0.787266292563,0.431540583136,18.7178045265,1.27440371245,0.622363409509,10.41950078,0.709412819061,0.401704097715,1.12585631727,0.342893384662,4.14543900894,3.28340051934,1.12585631727,4.14543900894,0.506274862896,0.548025908195,16217,0.0332762894383,0.115809519663,144,144,144,1,0,0.0486111111111,0.840277777778,0.111111111111,144,0.0821678321678,3.15516664001,23.5,12.6268656716,13.3228346457,18.6352549559,0.792989572593,0.435891121618,14.9995337923,1.27655606743,0.623612752824,8.59866634642,0.731801391185,0.412455673759,1.12152124274,0.355455470567,4.07916214432,3.15516664001,1.12152124274,4.07916214432,0.398073563212,0.443482294727,8604,0.0176548803309,0.0925841204852,144,144,144,1,0,0.0694444444444,0.8125,0.118055555556,144,1940,0.0942113442113,6.72564600198,26.9444444444,13.661971831,15.2755905512,20.814121678,0.772482866401,0.428311139748,16.3702546402,1.21511168463,0.599842497136,10.3801481082,0.7704852204,0.432302405498,1.6135232176,0.239906057668,7.94237755409,6.72564600198,1.6135232176,7.94237755409,0.436301261743,0.509435463551,12805,0.0262750746906,0.108301897451,144,144,144,1,0,0.0138888888889,0.868055555556,0.118055555556,-175,-0.00849844599845,3.44224548264,-2.43055555556,-1.77598437339,-1.24784694882,-2.31182566602,-0.0147834261622,-0.00322944338833,-2.34754988633,-0.0592920278112,-0.0225209123725,-0.0393526717891,0.0610724013392,0.0305983077835,0.487666900328,-0.102987326994,3.79693854516,3.44224548264,0.487666900328,3.79693854516,-0.0699736011529,-0.0385904446437,-3412,-0.00700121474769,-0.00750762221157,-0.0347222222222,0.0277777777778,0.00694444444444,1926,14,189,18463,0.910638297872,0.999242301239,0.000757698760621,0.0893617021277,0.992783505155,0.910638297872,0.949938347719,0.945565791088,0.909880599112,0.904650070456,248,423,0,5,2,5
193,WLNM_dir_neg_kfold,0.888295077936,0.401774170206,00:00:20,10,80,2,14347,threshold_sweep,0.4,0.947154471545,0.550827423168,0.696562032885,233,13,190,833,0.550827423168,0.98463356974,0.01536643026,0.449172576832,0.947154471545,0.550827423168,0.696562032885,0.840031520883,0.602048857368,0.59801980198,0.638524894177,0.535460992908,2154,1731,423,0,2154,0,1731,0,423,144,2115,0.10270979021,3.28340051934,29.375,15.4379562044,16.5234375,23.125947344,0.787266292563,0.431540583136,18.7178045265,1.27440371245,0.622363409509,10.41950078,0.709412819061,0.401704097715,1.12585631727,0.342893384662,4.14543900894,3.28340051934,1.12585631727,4.14543900894,0.506274862896,0.548025908195,16217,0.0332762894383,0.115809519663,144,144,144,1,0,0.0486111111111,0.840277777778,0.111111111111,144,0.0821678321678,3.15516664001,23.5,12.6268656716,13.3228346457,18.6352549559,0.792989572593,0.435891121618,14.9995337923,1.27655606743,0.623612752824,8.59866634642,0.731801391185,0.412455673759,1.12152124274,0.355455470567,4.07916214432,3.15516664001,1.12152124274,4.07916214432,0.398073563212,0.443482294727,8604,0.0176548803309,0.0925841204852,144,144,144,1,0,0.0694444444444,0.8125,0.118055555556,144,1938,0.0941142191142,5.50971615961,26.9166666667,13.7446808511,15.2598425197,20.8140283517,0.773276595108,0.428656404082,16.3779123818,1.21693466614,0.600784027061,10.3740363105,0.770826227402,0.432461873638,1.49499056885,0.271337129816,6.63563984092,5.50971615961,1.49499056885,6.63563984092,0.435256999431,0.50958805875,12791,0.0262463475492,0.109216907447,144,144,144,1,0,0.0208333333333,0.861111111111,0.118055555556,-177,-0.00859557109557,2.22631564028,-2.45833333333,-1.69327535332,-1.26359498031,-2.31191899238,-0.013989697455,-0.00288417905423,-2.33989214474,-0.057469046305,-0.0215793824477,-0.0454644695011,0.0614134083414,0.0307577759236,0.369134251573,-0.071556254846,2.49020083198,2.22631564028,0.369134251573,2.49020083198,-0.0710178634648,-0.0384378494448,-3426,-0.0070299418891,-0.00659261221583,-0.0277777777778,0.0208333333333,0.00694444444444,1925,13,190,18464,0.910165484634,0.999296422579,0.000703577420577,0.0898345153664,0.993292053664,0.910165484634,0.949913644214,0.945567542137,0.909461907213,0.904605263158,246,423,0,5,2,5
194,WLNM_dir_neg_kfold,0.888295077936,0.401774170206,00:00:20,10,80,2,14347,threshold_sweep,0.5,0.974683544304,0.54609929078,0.7,231,6,192,840,0.54609929078,0.992907801418,0.00709219858156,0.45390070922,0.974683544304,0.54609929078,0.7,0.843971631206,0.604412923562,0.605577689243,0.651982326281,0.539007092199,2154,1731,423,0,2154,0,1731,0,423,144,2115,0.10270979021,3.28340051934,29.375,15.4379562044,16.5234375,23.125947344,0.787266292563,0.431540583136,18.7178045265,1.27440371245,0.622363409509,10.41950078,0.709412819061,0.401704097715,1.12585631727,0.342893384662,4.14543900894,3.28340051934,1.12585631727,4.14543900894,0.506274862896,0.548025908195,16217,0.0332762894383,0.115809519663,144,144,144,1,0,0.0486111111111,0.840277777778,0.111111111111,144,0.0821678321678,3.15516664001,23.5,12.6268656716,13.3228346457,18.6352549559,0.792989572593,0.435891121618,14.9995337923,1.27655606743,0.623612752824,8.59866634642,0.731801391185,0.412455673759,1.12152124274,0.355455470567,4.07916214432,3.15516664001,1.12152124274,4.07916214432,0.398073563212,0.443482294727,8604,0.0176548803309,0.0925841204852,144,144,144,1,0,0.0694444444444,0.8125,0.118055555556,144,1929,0.0936771561772,3.64099382181,26.7916666667,14.3955223881,15.188976378,20.8574499108,0.778505128865,0.430994758366,16.4266620855,1.22625160203,0.60752188814,10.3215564704,0.770504993126,0.432035165025,1.35321113213,0.371659826509,4.50537844586,3.64099382181,1.35321113213,4.50537844586,0.436411697215,0.511333164348,12776,0.0262155684691,0.115761133562,144,144,144,1,0,0.0694444444444,0.8125,0.118055555556,-186,-0.00903263403263,0.357593302478,-2.58333333333,-1.04243381632,-1.33446112205,-2.2684974332,-0.0087611636982,-0.000545824769874,-2.29114244099,-0.0481521104137,-0.0148415213687,-0.0979443095376,0.0610921740653,0.0303310673103,0.22735481486,0.0287664418471,0.359939436917,0.357593302478,0.22735481486,0.359939436917,-0.0698631656811,-0.0366927438473,-3441,-0.00706072096917,-4.83861007098e-05,0.0208333333333,-0.0277777777778,0.00694444444444,1923,6,192,18471,0.909219858156,0.99967527196,0.000324728040266,0.090780141844,0.996889580093,0.909219858156,0.951038575668,0.946951747602,0.908895130116,0.906647807638,237,423,0,5,2,5
195,WLNM_dir_neg_kfold,0.888295077936,0.401774170206,00:00:20,10,80,2,14347,threshold_sweep,0.6,0.978723404255,0.543735224586,0.699088145897,230,5,193,841,0.543735224586,0.994089834515,0.00591016548463,0.456264775414,0.978723404255,0.543735224586,0.699088145897,0.843971631206,0.604938271605,0.605053191489,0.652682845576,0.537825059102,2154,1731,423,0,2154,0,1731,0,423,144,2115,0.10270979021,3.28340051934,29.375,15.4379562044,16.5234375,23.125947344,0.787266292563,0.431540583136,18.7178045265,1.27440371245,0.622363409509,10.41950078,0.709412819061,0.401704097715,1.12585631727,0.342893384662,4.14543900894,3.28340051934,1.12585631727,4.14543900894,0.506274862896,0.548025908195,16217,0.0332762894383,0.115809519663,144,144,144,1,0,0.0486111111111,0.840277777778,0.111111111111,144,0.0821678321678,3.15516664001,23.5,12.6268656716,13.3228346457,18.6352549559,0.792989572593,0.435891121618,14.9995337923,1.27655606743,0.623612752824,8.59866634642,0.731801391185,0.412455673759,1.12152124274,0.355455470567,4.07916214432,3.15516664001,1.12152124274,4.07916214432,0.398073563212,0.443482294727,8604,0.0176548803309,0.0925841204852,144,144,144,1,0,0.0694444444444,0.8125,0.118055555556,144,1927,0.09358003108,3.68053572898,26.7638888889,14.3805970149,15.1732283465,20.8594987205,0.779389677152,0.431380816468,16.4363559706,1.22824870771,0.60866415845,10.3078465108,0.770280175168,0.431878135271,1.39248964303,0.378338846725,4.56051500326,3.68053572898,1.39248964303,4.56051500326,0.436730872863,0.511688797457,12768,0.0261991529597,0.115553848749,144,144,144,1,0,0.0694444444444,0.8125,0.118055555556,-188,-0.00912975912976,0.39713520964,-2.61111111111,-1.05735918945,-1.35020915354,-2.26644862359,-0.00787661541069,-0.000159766668589,-2.28144855597,-0.0461550047326,-0.0136992510587,-0.111654269205,0.0608673561069,0.030174037556,0.266633325756,0.0354454620634,0.415075994322,0.39713520964,0.266633325756,0.415075994322,-0.0695439900328,-0.0363371107384,-3449,-0.00707713647854,-0.000255670913796,0.0208333333333,-0.0277777777778,0.00694444444444,1922,5,193,18472,0.908747044917,0.9997293933,0.000270606700222,0.0912529550827,0.997405293202,0.908747044917,0.951014349332,0.946955844816,0.908476438217,0.906603773585,235,423,0,5,2,5
196,WLNM_dir_neg_kfold,0.888295077936,0.401774170206,00:00:20,10,80,2,14347,threshold_sweep,0.7,0.978723404255,0.543735224586,0.699088145897,230,5,193,841,0.543735224586,0.994089834515,0.00591016548463,0.456264775414,0.978723404255,0.543735224586,0.699088145897,0.843971631206,0.604938271605,0.605053191489,0.652682845576,0.537825059102,2154,1731,423,0,2154,0,1731,0,423,144,2115,0.10270979021,3.28340051934,29.375,15.4379562044,16.5234375,23.125947344,0.787266292563,0.431540583136,18.7178045265,1.27440371245,0.622363409509,10.41950078,0.709412819061,0.401704097715,1.12585631727,0.342893384662,4.14543900894,3.28340051934,1.12585631727,4.14543900894,0.506274862896,0.548025908195,16217,0.0332762894383,0.115809519663,144,144,144,1,0,0.0486111111111,0.840277777778,0.111111111111,144,0.0821678321678,3.15516664001,23.5,12.6268656716,13.3228346457,18.6352549559,0.792989572593,0.435891121618,14.9995337923,1.27655606743,0.623612752824,8.59866634642,0.731801391185,0.412455673759,1.12152124274,0.355455470567,4.07916214432,3.15516664001,1.12152124274,4.07916214432,0.398073563212,0.443482294727,8604,0.0176548803309,0.0925841204852,144,144,144,1,0,0.0694444444444,0.8125,0.118055555556,144,1927,0.09358003108,3.68053572898,26.7638888889,14.3805970149,15.1732283465,20.8594987205,0.779389677152,0.431380816468,16.4363559706,1.22824870771,0.60866415845,10.3078465108,0.770280175168,0.431878135271,1.39248964303,0.378338846725,4.56051500326,3.68053572898,1.39248964303,4.56051500326,0.436730872863,0.511688797457,12768,0.0261991529597,0.115553848749,144,144,144,1,0,0.0694444444444,0.8125,0.118055555556,-188,-0.00912975912976,0.39713520964,-2.61111111111,-1.05735918945,-1.35020915354,-2.26644862359,-0.00787661541069,-0.000159766668589,-2.28144855597,-0.0461550047326,-0.0136992510587,-0.111654269205,0.0608673561069,0.030174037556,0.266633325756,0.0354454620634,0.415075994322,0.39713520964,0.266633325756,0.415075994322,-0.0695439900328,-0.0363371107384,-3449,-0.00707713647854,-0.000255670913796,0.0208333333333,-0.0277777777778,0.00694444444444,1922,5,193,18472,0.908747044917,0.9997293933,0.000270606700222,0.0912529550827,0.997405293202,0.908747044917,0.951014349332,0.946955844816,0.908476438217,0.906603773585,235,423,0,5,2,5
197,WLNM_dir_neg_kfold,0.888295077936,0.401774170206,00:00:20,10,80,2,14347,threshold_sweep,0.8,0.978723404255,0.543735224586,0.699088145897,230,5,193,841,0.543735224586,0.994089834515,0.00591016548463,0.456264775414,0.978723404255,0.543735224586,0.699088145897,0.843971631206,0.604938271605,0.605053191489,0.652682845576,0.537825059102,2154,1731,423,0,2154,0,1731,0,423,144,2115,0.10270979021,3.28340051934,29.375,15.4379562044,16.5234375,23.125947344,0.787266292563,0.431540583136,18.7178045265,1.27440371245,0.622363409509,10.41950078,0.709412819061,0.401704097715,1.12585631727,0.342893384662,4.14543900894,3.28340051934,1.12585631727,4.14543900894,0.506274862896,0.548025908195,16217,0.0332762894383,0.115809519663,144,144,144,1,0,0.0486111111111,0.840277777778,0.111111111111,144,0.0821678321678,3.15516664001,23.5,12.6268656716,13.3228346457,18.6352549559,0.792989572593,0.435891121618,14.9995337923,1.27655606743,0.623612752824,8.59866634642,0.731801391185,0.412455673759,1.12152124274,0.355455470567,4.07916214432,3.15516664001,1.12152124274,4.07916214432,0.398073563212,0.443482294727,8604,0.0176548803309,0.0925841204852,144,144,144,1,0,0.0694444444444,0.8125,0.118055555556,144,1927,0.09358003108,3.68053572898,26.7638888889,14.3805970149,15.1732283465,20.8594987205,0.779389677152,0.431380816468,16.4363559706,1.22824870771,0.60866415845,10.3078465108,0.770280175168,0.431878135271,1.39248964303,0.378338846725,4.56051500326,3.68053572898,1.39248964303,4.56051500326,0.436730872863,0.511688797457,12768,0.0261991529597,0.115553848749,144,144,144,1,0,0.0694444444444,0.8125,0.118055555556,-188,-0.00912975912976,0.39713520964,-2.61111111111,-1.05735918945,-1.35020915354,-2.26644862359,-0.00787661541069,-0.000159766668589,-2.28144855597,-0.0461550047326,-0.0136992510587,-0.111654269205,0.0608673561069,0.030174037556,0.266633325756,0.0354454620634,0.415075994322,0.39713520964,0.266633325756,0.415075994322,-0.0695439900328,-0.0363371107384,-3449,-0.00707713647854,-0.000255670913796,0.0208333333333,-0.0277777777778,0.00694444444444,1922,5,193,18472,0.908747044917,0.9997293933,0.000270606700222,0.0912529550827,0.997405293202,0.908747044917,0.951014349332,0.946955844816,0.908476438217,0.906603773585,235,423,0,5,2,5
198,WLNM_dir_neg_kfold,0.888295077936,0.401774170206,00:00:20,10,80,2,14347,threshold_sweep,0.9,0.978723404255,0.543735224586,0.699088145897,230,5,193,841,0.543735224586,0.994089834515,0.00591016548463,0.456264775414,0.978723404255,0.543735224586,0.699088145897,0.843971631206,0.604938271605,0.605053191489,0.652682845576,0.537825059102,2154,1731,423,0,2154,0,1731,0,423,144,2115,0.10270979021,3.28340051934,29.375,15.4379562044,16.5234375,23.125947344,0.787266292563,0.431540583136,18.7178045265,1.27440371245,0.622363409509,10.41950078,0.709412819061,0.401704097715,1.12585631727,0.342893384662,4.14543900894,3.28340051934,1.12585631727,4.14543900894,0.506274862896,0.548025908195,16217,0.0332762894383,0.115809519663,144,144,144,1,0,0.0486111111111,0.840277777778,0.111111111111,144,0.0821678321678,3.15516664001,23.5,12.6268656716,13.3228346457,18.6352549559,0.792989572593,0.435891121618,14.9995337923,1.27655606743,0.623612752824,8.59866634642,0.731801391185,0.412455673759,1.12152124274,0.355455470567,4.07916214432,3.15516664001,1.12152124274,4.07916214432,0.398073563212,0.443482294727,8604,0.0176548803309,0.0925841204852,144,144,144,1,0,0.0694444444444,0.8125,0.118055555556,144,1927,0.09358003108,3.68053572898,26.7638888889,14.3805970149,15.1732283465,20.8594987205,0.779389677152,0.431380816468,16.4363559706,1.22824870771,0.60866415845,10.3078465108,0.770280175168,0.431878135271,1.39248964303,0.378338846725,4.56051500326,3.68053572898,1.39248964303,4.56051500326,0.436730872863,0.511688797457,12768,0.0261991529597,0.115553848749,144,144,144,1,0,0.0694444444444,0.8125,0.118055555556,-188,-0.00912975912976,0.39713520964,-2.61111111111,-1.05735918945,-1.35020915354,-2.26644862359,-0.00787661541069,-0.000159766668589,-2.28144855597,-0.0461550047326,-0.0136992510587,-0.111654269205,0.0608673561069,0.030174037556,0.266633325756,0.0354454620634,0.415075994322,0.39713520964,0.266633325756,0.415075994322,-0.0695439900328,-0.0363371107384,-3449,-0.00707713647854,-0.000255670913796,0.0208333333333,-0.0277777777778,0.00694444444444,1922,5,193,18472,0.908747044917,0.9997293933,0.000270606700222,0.0912529550827,0.997405293202,0.908747044917,0.951014349332,0.946955844816,0.908476438217,0.906603773585,235,423,0,5,2,5
199,WLNM_dir_neg_kfold,0.858787563782,0.341586227307,00:00:19,10,80,3,14348,threshold_sweep,0.1,0.943548387097,0.553191489362,0.697466467958,234,14,189,832,0.553191489362,0.983451536643,0.016548463357,0.446808510638,0.943548387097,0.553191489362,0.697466467958,0.840031520883,0.601523509325,0.598549769281,0.637972771528,0.536643026005,2154,1731,423,0,2154,0,1731,0,423,144,2115,0.10270979021,3.28340051934,29.375,15.4379562044,16.5234375,23.125947344,0.787266292563,0.431540583136,18.7178045265,1.27440371245,0.622363409509,10.41950078,0.709412819061,0.401704097715,1.12585631727,0.342893384662,4.14543900894,3.28340051934,1.12585631727,4.14543900894,0.506274862896,0.548025908195,16217,0.0332762894383,0.115809519663,144,144,144,1,0,0.0486111111111,0.840277777778,0.111111111111,144,0.0821678321678,3.15516664001,23.5,12.6268656716,13.3228346457,18.6352549559,0.792989572593,0.435891121618,14.9995337923,1.27655606743,0.623612752824,8.59866634642,0.731801391185,0.412455673759,1.12152124274,0.355455470567,4.07916214432,3.15516664001,1.12152124274,4.07916214432,0.398073563212,0.443482294727,8604,0.0176548803309,0.0925841204852,144,144,144,1,0,0.0694444444444,0.8125,0.118055555556,144,1940,0.0942113442113,3.61248750985,26.9444444444,13.8571428571,15.2755905512,20.8225193379,0.772794532128,0.428031930126,16.4005562094,1.21736087328,0.603508018328,10.3889023929,0.771135022978,0.432101947308,1.15882348083,0.320782695489,4.5297979129,3.61248750985,1.15882348083,4.5297979129,0.439245466501,0.509692721515,12822,0.026309957648,0.111531837921,144,144,144,1,0,0.0277777777778,0.854166666667,0.118055555556,-175,-0.00849844599845,0.32908699051,-2.43055555556,-1.58081334724,-1.24784694882,-2.30342800614,-0.0144717604348,-0.00350865301033,-2.31724831712,-0.0570428391689,-0.0188553911812,-0.0305983870513,0.0617222039177,0.0303978495934,0.0329671635551,-0.0221106891723,0.384358903964,0.32908699051,0.0329671635551,0.384358903964,-0.0670293963943,-0.0383331866801,-3395,-0.00696633179028,-0.00427768174237,-0.0208333333333,0.0138888888889,0.00694444444444,1926,14,189,18463,0.910638297872,0.999242301239,0.000757698760621,0.0893617021277,0.992783505155,0.910638297872,0.949938347719,0.945565791088,0.909880599112,0.904650070456,248,423,0,5,2,5
200,WLNM_dir_neg_kfold,0.858787563782,0.341586227307,00:00:19,10,80,3,14348,threshold_sweep,0.2,0.955102040816,0.553191489362,0.700598802395,234,11,189,835,0.553191489362,0.986997635934,0.0130023640662,0.446808510638,0.955102040816,0.553191489362,0.700598802395,0.842395587076,0.60231153139,0.603698811096,0.645161111918,0.540189125296,2154,1731,423,0,2154,0,1731,0,423,144,2115,0.10270979021,3.28340051934,29.375,15.4379562044,16.5234375,23.125947344,0.787266292563,0.431540583136,18.7178045265,1.27440371245,0.622363409509,10.41950078,0.709412819061,0.401704097715,1.12585631727,0.342893384662,4.14543900894,3.28340051934,1.12585631727,4.14543900894,0.506274862896,0.548025908195,16217,0.0332762894383,0.115809519663,144,144,144,1,0,0.0486111111111,0.840277777778,0.111111111111,144,0.0821678321678,3.15516664001,23.5,12.6268656716,13.3228346457,18.6352549559,0.792989572593,0.435891121618,14.9995337923,1.27655606743,0.623612752824,8.59866634642,0.731801391185,0.412455673759,1.12152124274,0.355455470567,4.07916214432,3.15516664001,1.12152124274,4.07916214432,0.398073563212,0.443482294727,8604,0.0176548803309,0.0925841204852,144,144,144,1,0,0.0694444444444,0.8125,0.118055555556,144,1937,0.0940656565657,3.60568226208,26.9027777778,13.8357142857,15.2519685039,20.8143036632,0.773686042206,0.428569379912,16.4090329299,1.21987648007,0.604209688522,10.3618651702,0.770319351839,0.431656198015,1.15885039118,0.321395593664,4.52816522077,3.60568226208,1.15885039118,4.52816522077,0.437807500015,0.51024745308,12805,0.0262750746906,0.111989977356,144,144,144,1,0,0.0277777777778,0.854166666667,0.118055555556,-178,-0.00864413364413,0.322281742742,-2.47222222222,-1.60224191867,-1.27146899606,-2.31164368081,-0.0135802503573,-0.00297120322467,-2.30877159666,-0.0545272323716,-0.018153720987,-0.057635609739,0.0609065327777,0.0299521003005,0.0329940739091,-0.0214977909977,0.382726211832,0.322281742742,0.0329940739091,0.382726211832,-0.0684673628811,-0.0377784551153,-3412,-0.00700121474769,-0.00381954230693,-0.0208333333333,0.0138888888889,0.00694444444444,1926,11,189,18466,0.910638297872,0.99940466526,0.000595334740488,0.0893617021277,0.994321115126,0.910638297872,0.95064165844,0.946390504203,0.910042963132,0.905926622766,245,423,0,5,2,5
201,WLNM_dir_neg_kfold,0.858787563782,0.341586227307,00:00:19,10,80,3,14348,threshold_sweep,0.3,0.955102040816,0.553191489362,0.700598802395,234,11,189,835,0.553191489362,0.986997635934,0.0130023640662,0.446808510638,0.955102040816,0.553191489362,0.700598802395,0.842395587076,0.60231153139,0.603698811096,0.645161111918,0.540189125296,2154,1731,423,0,2154,0,1731,0,423,144,2115,0.10270979021,3.28340051934,29.375,15.4379562044,16.5234375,23.125947344,0.787266292563,0.431540583136,18.7178045265,1.27440371245,0.622363409509,10.41950078,0.709412819061,0.401704097715,1.12585631727,0.342893384662,4.14543900894,3.28340051934,1.12585631727,4.14543900894,0.506274862896,0.548025908195,16217,0.0332762894383,0.115809519663,144,144,144,1,0,0.0486111111111,0.840277777778,0.111111111111,144,0.0821678321678,3.15516664001,23.5,12.6268656716,13.3228346457,18.6352549559,0.792989572593,0.435891121618,14.9995337923,1.27655606743,0.623612752824,8.59866634642,0.731801391185,0.412455673759,1.12152124274,0.355455470567,4.07916214432,3.15516664001,1.12152124274,4.07916214432,0.398073563212,0.443482294727,8604,0.0176548803309,0.0925841204852,144,144,144,1,0,0.0694444444444,0.8125,0.118055555556,144,1937,0.0940656565657,3.60568226208,26.9027777778,13.8357142857,15.2519685039,20.8143036632,0.773686042206,0.428569379912,16.4090329299,1.21987648007,0.604209688522,10.3618651702,0.770319351839,0.431656198015,1.15885039118,0.321395593664,4.52816522077,3.60568226208,1.15885039118,4.52816522077,0.437807500015,0.51024745308,12805,0.0262750746906,0.111989977356,144,144,144,1,0,0.0277777777778,0.854166666667,0.118055555556,-178,-0.00864413364413,0.322281742742,-2.47222222222,-1.60224191867,-1.27146899606,-2.31164368081,-0.0135802503573,-0.00297120322467,-2.30877159666,-0.0545272323716,-0.018153720987,-0.057635609739,0.0609065327777,0.0299521003005,0.0329940739091,-0.0214977909977,0.382726211832,0.322281742742,0.0329940739091,0.382726211832,-0.0684673628811,-0.0377784551153,-3412,-0.00700121474769,-0.00381954230693,-0.0208333333333,0.0138888888889,0.00694444444444,1926,11,189,18466,0.910638297872,0.99940466526,0.000595334740488,0.0893617021277,0.994321115126,0.910638297872,0.95064165844,0.946390504203,0.910042963132,0.905926622766,245,423,0,5,2,5
202,WLNM_dir_neg_kfold,0.858787563782,0.341586227307,00:00:19,10,80,3,14348,threshold_sweep,0.4,0.958847736626,0.550827423168,0.6996996997,233,10,190,836,0.550827423168,0.988179669031,0.0118203309693,0.449172576832,0.958847736626,0.550827423168,0.6996996997,0.842395587076,0.602836879433,0.603174603175,0.64576280645,0.539007092199,2154,1731,423,0,2154,0,1731,0,423,144,2115,0.10270979021,3.28340051934,29.375,15.4379562044,16.5234375,23.125947344,0.787266292563,0.431540583136,18.7178045265,1.27440371245,0.622363409509,10.41950078,0.709412819061,0.401704097715,1.12585631727,0.342893384662,4.14543900894,3.28340051934,1.12585631727,4.14543900894,0.506274862896,0.548025908195,16217,0.0332762894383,0.115809519663,144,144,144,1,0,0.0486111111111,0.840277777778,0.111111111111,144,0.0821678321678,3.15516664001,23.5,12.6268656716,13.3228346457,18.6352549559,0.792989572593,0.435891121618,14.9995337923,1.27655606743,0.623612752824,8.59866634642,0.731801391185,0.412455673759,1.12152124274,0.355455470567,4.07916214432,3.15516664001,1.12152124274,4.07916214432,0.398073563212,0.443482294727,8604,0.0176548803309,0.0925841204852,144,144,144,1,0,0.0694444444444,0.8125,0.118055555556,144,1935,0.0939685314685,3.31131587492,26.875,14.0217391304,15.2362204724,20.813482384,0.774455158476,0.428872380132,16.4200622428,1.22195812039,0.605796009187,10.3293449518,0.768695438272,0.431269738731,1.15074876087,0.34752008094,4.22111586174,3.31131587492,1.15074876087,4.22111586174,0.435609245335,0.510621317123,12796,0.0262566072425,0.113194620704,144,144,144,1,0,0.0416666666667,0.840277777778,0.118055555556,-180,-0.00874125874126,0.0279153555827,-2.5,-1.41621707394,-1.28721702756,-2.31246496,-0.012811134087,-0.00266820300426,-2.29774228378,-0.0524455920541,-0.0165674003213,-0.0901558281755,0.0592826192112,0.0295656410162,0.0248924435952,0.0046266962785,0.0756768528046,0.0279153555827,0.0248924435952,0.0756768528046,-0.070665617561,-0.0374045910717,-3421,-0.00701968219574,-0.0026148989589,-0.00694444444444,0,0.00694444444444,1925,10,190,18467,0.910165484634,0.9994587866,0.000541213400444,0.0898345153664,0.994832041344,0.910165484634,0.950617283951,0.946393098999,0.909624271233,0.905882352941,243,423,0,5,2,5
203,WLNM_dir_neg_kfold,0.858787563782,0.341586227307,00:00:19,10,80,3,14348,threshold_sweep,0.5,0.974683544304,0.54609929078,0.7,231,6,192,840,0.54609929078,0.992907801418,0.00709219858156,0.45390070922,0.974683544304,0.54609929078,0.7,0.843971631206,0.604412923562,0.605577689243,0.651982326281,0.539007092199,2154,1731,423,0,2154,0,1731,0,423,144,2115,0.10270979021,3.28340051934,29.375,15.4379562044,16.5234375,23.125947344,0.787266292563,0.431540583136,18.7178045265,1.27440371245,0.622363409509,10.41950078,0.709412819061,0.401704097715,1.12585631727,0.342893384662,4.14543900894,3.28340051934,1.12585631727,4.14543900894,0.506274862896,0.548025908195,16217,0.0332762894383,0.115809519663,144,144,144,1,0,0.0486111111111,0.840277777778,0.111111111111,144,0.0821678321678,3.15516664001,23.5,12.6268656716,13.3228346457,18.6352549559,0.792989572593,0.435891121618,14.9995337923,1.27655606743,0.623612752824,8.59866634642,0.731801391185,0.412455673759,1.12152124274,0.355455470567,4.07916214432,3.15516664001,1.12152124274,4.07916214432,0.398073563212,0.443482294727,8604,0.0176548803309,0.0925841204852,144,144,144,1,0,0.0694444444444,0.8125,0.118055555556,144,1929,0.0936771561772,3.16424946485,26.7916666667,14.3955223881,15.188976378,20.8527555155,0.778329910375,0.430692356431,16.4521849039,1.22815688241,0.610099504637,10.2964579082,0.768631383502,0.431048758712,1.13263066355,0.357946070982,3.99976725467,3.16424946485,1.13263066355,3.99976725467,0.439714013394,0.511936516404,12795,0.0262545553039,0.115981300204,144,144,144,1,0,0.0694444444444,0.8125,0.118055555556,-186,-0.00903263403263,-0.119151054487,-2.58333333333,-1.04243381632,-1.33446112205,-2.27319182859,-0.00893638218841,-0.000848226705247,-2.26561962265,-0.0462468300395,-0.012263904872,-0.123042871794,0.0592185644412,0.0293446609973,0.00677434627485,0.0150526863205,-0.145671754268,-0.119151054487,0.00677434627485,-0.145671754268,-0.0665608495015,-0.0360893917905,-3422,-0.00702173413441,0.00017178054141,0.0208333333333,-0.0277777777778,0.00694444444444,1923,6,192,18471,0.909219858156,0.99967527196,0.000324728040266,0.090780141844,0.996889580093,0.909219858156,0.951038575668,0.946951747602,0.908895130116,0.906647807638,237,423,0,5,2,5
204,WLNM_dir_neg_kfold,0.858787563782,0.341586227307,00:00:19,10,80,3,14348,threshold_sweep,0.6,0.974683544304,0.54609929078,0.7,231,6,192,840,0.54609929078,0.992907801418,0.00709219858156,0.45390070922,0.974683544304,0.54609929078,0.7,0.843971631206,0.604412923562,0.605577689243,0.651982326281,0.539007092199,2154,1731,423,0,2154,0,1731,0,423,144,2115,0.10270979021,3.28340051934,29.375,15.4379562044,16.5234375,23.125947344,0.787266292563,0.431540583136,18.7178045265,1.27440371245,0.622363409509,10.41950078,0.709412819061,0.401704097715,1.12585631727,0.342893384662,4.14543900894,3.28340051934,1.12585631727,4.14543900894,0.506274862896,0.548025908195,16217,0.0332762894383,0.115809519663,144,144,144,1,0,0.0486111111111,0.840277777778,0.111111111111,144,0.0821678321678,3.15516664001,23.5,12.6268656716,13.3228346457,18.6352549559,0.792989572593,0.435891121618,14.9995337923,1.27655606743,0.623612752824,8.59866634642,0.731801391185,0.412455673759,1.12152124274,0.355455470567,4.07916214432,3.15516664001,1.12152124274,4.07916214432,0.398073563212,0.443482294727,8604,0.0176548803309,0.0925841204852,144,144,144,1,0,0.0694444444444,0.8125,0.118055555556,144,1929,0.0936771561772,3.16424946485,26.7916666667,14.3955223881,15.188976378,20.8527555155,0.778329910375,0.430692356431,16.4521849039,1.22815688241,0.610099504637,10.2964579082,0.768631383502,0.431048758712,1.13263066355,0.357946070982,3.99976725467,3.16424946485,1.13263066355,3.99976725467,0.439714013394,0.511936516404,12795,0.0262545553039,0.115981300204,144,144,144,1,0,0.0694444444444,0.8125,0.118055555556,-186,-0.00903263403263,-0.119151054487,-2.58333333333,-1.04243381632,-1.33446112205,-2.27319182859,-0.00893638218841,-0.000848226705247,-2.26561962265,-0.0462468300395,-0.012263904872,-0.123042871794,0.0592185644412,0.0293446609973,0.00677434627485,0.0150526863205,-0.145671754268,-0.119151054487,0.00677434627485,-0.145671754268,-0.0665608495015,-0.0360893917905,-3422,-0.00702173413441,0.00017178054141,0.0208333333333,-0.0277777777778,0.00694444444444,1923,6,192,18471,0.909219858156,0.99967527196,0.000324728040266,0.090780141844,0.996889580093,0.909219858156,0.951038575668,0.946951747602,0.908895130116,0.906647807638,237,423,0,5,2,5
205,WLNM_dir_neg_kfold,0.858787563782,0.341586227307,00:00:19,10,80,3,14348,threshold_sweep,0.7,0.982978723404,0.54609929078,0.702127659574,231,4,192,842,0.54609929078,0.995271867612,0.00472813238771,0.45390070922,0.982978723404,0.54609929078,0.702127659574,0.845547675335,0.604938271605,0.609042553191,0.656986248954,0.541371158392,2154,1731,423,0,2154,0,1731,0,423,144,2115,0.10270979021,3.28340051934,29.375,15.4379562044,16.5234375,23.125947344,0.787266292563,0.431540583136,18.7178045265,1.27440371245,0.622363409509,10.41950078,0.709412819061,0.401704097715,1.12585631727,0.342893384662,4.14543900894,3.28340051934,1.12585631727,4.14543900894,0.506274862896,0.548025908195,16217,0.0332762894383,0.115809519663,144,144,144,1,0,0.0486111111111,0.840277777778,0.111111111111,144,0.0821678321678,3.15516664001,23.5,12.6268656716,13.3228346457,18.6352549559,0.792989572593,0.435891121618,14.9995337923,1.27655606743,0.623612752824,8.59866634642,0.731801391185,0.412455673759,1.12152124274,0.355455470567,4.07916214432,3.15516664001,1.12152124274,4.07916214432,0.398073563212,0.443482294727,8604,0.0176548803309,0.0925841204852,144,144,144,1,0,0.0694444444444,0.8125,0.118055555556,144,1927,0.09358003108,3.15926548496,26.7638888889,14.3805970149,15.1732283465,20.8534634681,0.779164177325,0.431132157066,16.4567653645,1.22977385184,0.610415585539,10.3058110621,0.770128071063,0.431863720233,1.12967337413,0.357574689279,3.98371063875,3.15926548496,1.12967337413,3.98371063875,0.437533457232,0.511919548059,12777,0.0262176204078,0.116349446685,144,144,144,1,0,0.0694444444444,0.8125,0.118055555556,-188,-0.00912975912976,-0.12413503438,-2.61111111111,-1.05735918945,-1.35020915354,-2.27248387591,-0.00810211523784,-0.000408426070076,-2.26103916203,-0.0446298606082,-0.01194782397,-0.113689717878,0.0607152520026,0.0301596225182,0.00381705685953,0.0146813046178,-0.161728370191,-0.12413503438,0.00381705685953,-0.161728370191,-0.0687414056635,-0.0361063601361,-3440,-0.0070586690305,0.000539927021859,0.0208333333333,-0.0277777777778,0.00694444444444,1923,4,192,18473,0.909219858156,0.99978351464,0.000216485360178,0.090780141844,0.997924234561,0.909219858156,0.951509153884,0.947505098224,0.909003372796,0.907503539405,235,423,0,5,2,5
206,WLNM_dir_neg_kfold,0.858787563782,0.341586227307,00:00:19,10,80,3,14348,threshold_sweep,0.8,0.982978723404,0.54609929078,0.702127659574,231,4,192,842,0.54609929078,0.995271867612,0.00472813238771,0.45390070922,0.982978723404,0.54609929078,0.702127659574,0.845547675335,0.604938271605,0.609042553191,0.656986248954,0.541371158392,2154,1731,423,0,2154,0,1731,0,423,144,2115,0.10270979021,3.28340051934,29.375,15.4379562044,16.5234375,23.125947344,0.787266292563,0.431540583136,18.7178045265,1.27440371245,0.622363409509,10.41950078,0.709412819061,0.401704097715,1.12585631727,0.342893384662,4.14543900894,3.28340051934,1.12585631727,4.14543900894,0.506274862896,0.548025908195,16217,0.0332762894383,0.115809519663,144,144,144,1,0,0.0486111111111,0.840277777778,0.111111111111,144,0.0821678321678,3.15516664001,23.5,12.6268656716,13.3228346457,18.6352549559,0.792989572593,0.435891121618,14.9995337923,1.27655606743,0.623612752824,8.59866634642,0.731801391185,0.412455673759,1.12152124274,0.355455470567,4.07916214432,3.15516664001,1.12152124274,4.07916214432,0.398073563212,0.443482294727,8604,0.0176548803309,0.0925841204852,144,144,144,1,0,0.0694444444444,0.8125,0.118055555556,144,1927,0.09358003108,3.15926548496,26.7638888889,14.3805970149,15.1732283465,20.8534634681,0.779164177325,0.431132157066,16.4567653645,1.22977385184,0.610415585539,10.3058110621,0.770128071063,0.431863720233,1.12967337413,0.357574689279,3.98371063875,3.15926548496,1.12967337413,3.98371063875,0.437533457232,0.511919548059,12777,0.0262176204078,0.116349446685,144,144,144,1,0,0.0694444444444,0.8125,0.118055555556,-188,-0.00912975912976,-0.12413503438,-2.61111111111,-1.05735918945,-1.35020915354,-2.27248387591,-0.00810211523784,-0.000408426070076,-2.26103916203,-0.0446298606082,-0.01194782397,-0.113689717878,0.0607152520026,0.0301596225182,0.00381705685953,0.0146813046178,-0.161728370191,-0.12413503438,0.00381705685953,-0.161728370191,-0.0687414056635,-0.0361063601361,-3440,-0.0070586690305,0.000539927021859,0.0208333333333,-0.0277777777778,0.00694444444444,1923,4,192,18473,0.909219858156,0.99978351464,0.000216485360178,0.090780141844,0.997924234561,0.909219858156,0.951509153884,0.947505098224,0.909003372796,0.907503539405,235,423,0,5,2,5
207,WLNM_dir_neg_kfold,0.858787563782,0.341586227307,00:00:19,10,80,3,14348,threshold_sweep,0.9,0.982905982906,0.543735224586,0.700152207002,230,4,193,842,0.543735224586,0.995271867612,0.00472813238771,0.456264775414,0.982905982906,0.543735224586,0.700152207002,0.84475965327,0.605200945626,0.606786427146,0.655196760142,0.539007092199,2154,1731,423,0,2154,0,1731,0,423,144,2115,0.10270979021,3.28340051934,29.375,15.4379562044,16.5234375,23.125947344,0.787266292563,0.431540583136,18.7178045265,1.27440371245,0.622363409509,10.41950078,0.709412819061,0.401704097715,1.12585631727,0.342893384662,4.14543900894,3.28340051934,1.12585631727,4.14543900894,0.506274862896,0.548025908195,16217,0.0332762894383,0.115809519663,144,144,144,1,0,0.0486111111111,0.840277777778,0.111111111111,144,0.0821678321678,3.15516664001,23.5,12.6268656716,13.3228346457,18.6352549559,0.792989572593,0.435891121618,14.9995337923,1.27655606743,0.623612752824,8.59866634642,0.731801391185,0.412455673759,1.12152124274,0.355455470567,4.07916214432,3.15516664001,1.12152124274,4.07916214432,0.398073563212,0.443482294727,8604,0.0176548803309,0.0925841204852,144,144,144,1,0,0.0694444444444,0.8125,0.118055555556,144,1926,0.0935314685315,3.15926548496,26.75,14.3731343284,15.1653543307,20.8553124154,0.779637847305,0.431298315449,16.4618121342,1.23078969228,0.611010153456,10.3030140203,0.770318805255,0.431918483904,1.12967337413,0.357574689279,3.98371063875,3.15926548496,1.12967337413,3.98371063875,0.43764621266,0.512160898036,12775,0.0262135165304,0.115787715951,144,144,144,1,0,0.0694444444444,0.8125,0.118055555556,-189,-0.00917832167832,-0.12413503438,-2.625,-1.06482187602,-1.35808316929,-2.27063492864,-0.00762844525838,-0.000242267686922,-2.25599239235,-0.0436140201695,-0.0113532560532,-0.116486759675,0.0609059861938,0.0302143861897,0.00381705685953,0.0146813046178,-0.161728370191,-0.12413503438,0.00381705685953,-0.161728370191,-0.0686286502357,-0.0358650101593,-3442,-0.00706277290784,-2.18037115929e-05,0.0208333333333,-0.0277777777778,0.00694444444444,1922,4,193,18473,0.908747044917,0.99978351464,0.000216485360178,0.0912529550827,0.997923156802,0.908747044917,0.951249690671,0.947232701881,0.908530559557,0.907031618688,234,423,0,5,2,5
208,WLNM_dir_neg_kfold,0.837995797216,0.347573361438,00:00:19,10,80,4,14349,threshold_sweep,0.1,0.963114754098,0.555555555556,0.704647676162,235,9,188,837,0.555555555556,0.989361702128,0.0106382978723,0.444444444444,0.963114754098,0.555555555556,0.704647676162,0.84475965327,0.602574205411,0.609385327165,0.651822100868,0.544917257683,2154,1731,423,0,2154,0,1731,0,423,144,2115,0.10270979021,3.28340051934,29.375,15.4379562044,16.5234375,23.125947344,0.787266292563,0.431540583136,18.7178045265,1.27440371245,0.622363409509,10.41950078,0.709412819061,0.401704097715,1.12585631727,0.342893384662,4.14543900894,3.28340051934,1.12585631727,4.14543900894,0.506274862896,0.548025908195,16217,0.0332762894383,0.115809519663,144,144,144,1,0,0.0486111111111,0.840277777778,0.111111111111,144,0.0821678321678,3.15516664001,23.5,12.6268656716,13.3228346457,18.6352549559,0.792989572593,0.435891121618,14.9995337923,1.27655606743,0.623612752824,8.59866634642,0.731801391185,0.412455673759,1.12152124274,0.355455470567,4.07916214432,3.15516664001,1.12152124274,4.07916214432,0.398073563212,0.443482294727,8604,0.0176548803309,0.0925841204852,144,144,144,1,0,0.0694444444444,0.8125,0.118055555556,144,1936,0.0940170940171,3.54633271743,26.8888888889,13.8285714286,15.2440944882,20.9020730765,0.77734982516,0.430225550964,16.4702646994,1.2250610107,0.605436466942,10.3699254354,0.771316767921,0.432671889348,1.13911295105,0.321208708211,4.42652122769,3.54633271743,1.13911295105,4.42652122769,0.452082679861,0.513353233831,12898,0.026465904987,0.113004741387,144,144,144,1,0,0.0277777777778,0.854166666667,0.118055555556,-179,-0.0086926961927,0.262932198093,-2.48611111111,-1.60938477581,-1.27934301181,-2.22387426751,-0.0099164674029,-0.00131503217214,-2.2475398271,-0.049342701743,-0.0169269425667,-0.0495753445751,0.0619039488601,0.0309677916333,0.0132566337773,-0.0216846764505,0.281082218748,0.262932198093,0.0132566337773,0.281082218748,-0.0541921830348,-0.034672674364,-3319,-0.00681038445123,-0.00280477827599,-0.0208333333333,0.0138888888889,0.00694444444444,1927,9,188,18468,0.911111111111,0.99951290794,0.000487092060399,0.0888888888889,0.995351239669,0.911111111111,0.951370032091,0.947213923959,0.910624019051,0.90725047081,244,423,0,5,2,5
209,WLNM_dir_neg_kfold,0.837995797216,0.347573361438,00:00:19,10,80,4,14349,threshold_sweep,0.2,0.963114754098,0.555555555556,0.704647676162,235,9,188,837,0.555555555556,0.989361702128,0.0106382978723,0.444444444444,0.963114754098,0.555555555556,0.704647676162,0.84475965327,0.602574205411,0.609385327165,0.651822100868,0.544917257683,2154,1731,423,0,2154,0,1731,0,423,144,2115,0.10270979021,3.28340051934,29.375,15.4379562044,16.5234375,23.125947344,0.787266292563,0.431540583136,18.7178045265,1.27440371245,0.622363409509,10.41950078,0.709412819061,0.401704097715,1.12585631727,0.342893384662,4.14543900894,3.28340051934,1.12585631727,4.14543900894,0.506274862896,0.548025908195,16217,0.0332762894383,0.115809519663,144,144,144,1,0,0.0486111111111,0.840277777778,0.111111111111,144,0.0821678321678,3.15516664001,23.5,12.6268656716,13.3228346457,18.6352549559,0.792989572593,0.435891121618,14.9995337923,1.27655606743,0.623612752824,8.59866634642,0.731801391185,0.412455673759,1.12152124274,0.355455470567,4.07916214432,3.15516664001,1.12152124274,4.07916214432,0.398073563212,0.443482294727,8604,0.0176548803309,0.0925841204852,144,144,144,1,0,0.0694444444444,0.8125,0.118055555556,144,1936,0.0940170940171,3.54633271743,26.8888888889,13.8285714286,15.2440944882,20.9020730765,0.77734982516,0.430225550964,16.4702646994,1.2250610107,0.605436466942,10.3699254354,0.771316767921,0.432671889348,1.13911295105,0.321208708211,4.42652122769,3.54633271743,1.13911295105,4.42652122769,0.452082679861,0.513353233831,12898,0.026465904987,0.113004741387,144,144,144,1,0,0.0277777777778,0.854166666667,0.118055555556,-179,-0.0086926961927,0.262932198093,-2.48611111111,-1.60938477581,-1.27934301181,-2.22387426751,-0.0099164674029,-0.00131503217214,-2.2475398271,-0.049342701743,-0.0169269425667,-0.0495753445751,0.0619039488601,0.0309677916333,0.0132566337773,-0.0216846764505,0.281082218748,0.262932198093,0.0132566337773,0.281082218748,-0.0541921830348,-0.034672674364,-3319,-0.00681038445123,-0.00280477827599,-0.0208333333333,0.0138888888889,0.00694444444444,1927,9,188,18468,0.911111111111,0.99951290794,0.000487092060399,0.0888888888889,0.995351239669,0.911111111111,0.951370032091,0.947213923959,0.910624019051,0.90725047081,244,423,0,5,2,5
210,WLNM_dir_neg_kfold,0.837995797216,0.347573361438,00:00:19,10,80,4,14349,threshold_sweep,0.3,0.9670781893,0.555555555556,0.705705705706,235,8,188,838,0.555555555556,0.990543735225,0.00945626477541,0.444444444444,0.9670781893,0.555555555556,0.705705705706,0.845547675335,0.602836879433,0.611111111111,0.654259685483,0.54609929078,2154,1731,423,0,2154,0,1731,0,423,144,2115,0.10270979021,3.28340051934,29.375,15.4379562044,16.5234375,23.125947344,0.787266292563,0.431540583136,18.7178045265,1.27440371245,0.622363409509,10.41950078,0.709412819061,0.401704097715,1.12585631727,0.342893384662,4.14543900894,3.28340051934,1.12585631727,4.14543900894,0.506274862896,0.548025908195,16217,0.0332762894383,0.115809519663,144,144,144,1,0,0.0486111111111,0.840277777778,0.111111111111,144,0.0821678321678,3.15516664001,23.5,12.6268656716,13.3228346457,18.6352549559,0.792989572593,0.435891121618,14.9995337923,1.27655606743,0.623612752824,8.59866634642,0.731801391185,0.412455673759,1.12152124274,0.355455470567,4.07916214432,3.15516664001,1.12152124274,4.07916214432,0.398073563212,0.443482294727,8604,0.0176548803309,0.0925841204852,144,144,144,1,0,0.0694444444444,0.8125,0.118055555556,144,1935,0.0939685314685,3.51415833099,26.875,13.8214285714,15.2362204724,20.9070119064,0.777935326749,0.43044788975,16.4753338623,1.22607135719,0.60604005168,10.3665132953,0.771461454536,0.432683749641,1.13457084362,0.322857064695,4.40201346722,3.51415833099,1.13457084362,4.40201346722,0.442709009598,0.512895390047,12880,0.0264289700909,0.11295306844,144,144,144,1,0,0.0277777777778,0.854166666667,0.118055555556,-180,-0.00874125874126,0.230757811651,-2.5,-1.61652763295,-1.28721702756,-2.21893543767,-0.00933096581446,-0.00109269338611,-2.24247066424,-0.048332355251,-0.0163233578292,-0.0529874846332,0.0620486354748,0.0309796519264,0.00871452634241,-0.0200363199662,0.256574458285,0.230757811651,0.00871452634241,0.256574458285,-0.063565853298,-0.0351305181475,-3337,-0.00684731934732,-0.00285645122334,-0.0208333333333,0.0138888888889,0.00694444444444,1927,8,188,18469,0.911111111111,0.99956702928,0.000432970720355,0.0888888888889,0.995865633075,0.911111111111,0.951604938272,0.947489567651,0.910678140391,0.907677814414,243,423,0,5,2,5
211,WLNM_dir_neg_kfold,0.837995797216,0.347573361438,00:00:19,10,80,4,14349,threshold_sweep,0.4,0.970833333333,0.550827423168,0.702865761689,233,7,190,839,0.550827423168,0.991725768322,0.00827423167849,0.449172576832,0.970833333333,0.550827423168,0.702865761689,0.84475965327,0.603624901497,0.608349900596,0.653107061529,0.542553191489,2154,1731,423,0,2154,0,1731,0,423,144,2115,0.10270979021,3.28340051934,29.375,15.4379562044,16.5234375,23.125947344,0.787266292563,0.431540583136,18.7178045265,1.27440371245,0.622363409509,10.41950078,0.709412819061,0.401704097715,1.12585631727,0.342893384662,4.14543900894,3.28340051934,1.12585631727,4.14543900894,0.506274862896,0.548025908195,16217,0.0332762894383,0.115809519663,144,144,144,1,0,0.0486111111111,0.840277777778,0.111111111111,144,0.0821678321678,3.15516664001,23.5,12.6268656716,13.3228346457,18.6352549559,0.792989572593,0.435891121618,14.9995337923,1.27655606743,0.623612752824,8.59866634642,0.731801391185,0.412455673759,1.12152124274,0.355455470567,4.07916214432,3.15516664001,1.12152124274,4.07916214432,0.398073563212,0.443482294727,8604,0.0176548803309,0.0925841204852,144,144,144,1,0,0.0694444444444,0.8125,0.118055555556,144,1932,0.0938228438228,3.38521939532,26.8333333333,13.8992805755,15.2125984252,20.8812828157,0.778184452758,0.430577122153,16.4692975636,1.22752528424,0.607265067863,10.3413759212,0.770785782948,0.432316827697,1.14548963938,0.338379734252,4.30318694506,3.38521939532,1.14548963938,4.30318694506,0.435829716556,0.511802532252,12814,0.0262935421386,0.113132283076,144,144,144,1,0,0.0347222222222,0.847222222222,0.118055555556,-183,-0.00888694638695,0.101818875987,-2.54166666667,-1.53867562884,-1.3108390748,-2.24466452837,-0.00908183980529,-0.000963460983119,-2.24850696296,-0.0468784282031,-0.0150983416459,-0.0781248587324,0.0613729638875,0.0306127299825,0.0196333221006,-0.00451365040925,0.157747936125,0.101818875987,0.0196333221006,0.157747936125,-0.0704451463394,-0.0362233759426,-3403,-0.00698274729965,-0.00267723658673,-0.0138888888889,0.00694444444444,0.00694444444444,1925,7,190,18470,0.910165484634,0.99962115062,0.000378849380311,0.0898345153664,0.996376811594,0.910165484634,0.951321966889,0.947220497124,0.909786635253,0.907163053723,240,423,0,5,2,5
212,WLNM_dir_neg_kfold,0.837995797216,0.347573361438,00:00:19,10,80,4,14349,threshold_sweep,0.5,0.987179487179,0.54609929078,0.703196347032,231,3,192,843,0.54609929078,0.996453900709,0.00354609929078,0.45390070922,0.987179487179,0.54609929078,0.703196347032,0.8463356974,0.605200945626,0.610778443114,0.659507265143,0.542553191489,2154,1731,423,0,2154,0,1731,0,423,144,2115,0.10270979021,3.28340051934,29.375,15.4379562044,16.5234375,23.125947344,0.787266292563,0.431540583136,18.7178045265,1.27440371245,0.622363409509,10.41950078,0.709412819061,0.401704097715,1.12585631727,0.342893384662,4.14543900894,3.28340051934,1.12585631727,4.14543900894,0.506274862896,0.548025908195,16217,0.0332762894383,0.115809519663,144,144,144,1,0,0.0486111111111,0.840277777778,0.111111111111,144,0.0821678321678,3.15516664001,23.5,12.6268656716,13.3228346457,18.6352549559,0.792989572593,0.435891121618,14.9995337923,1.27655606743,0.623612752824,8.59866634642,0.731801391185,0.412455673759,1.12152124274,0.355455470567,4.07916214432,3.15516664001,1.12152124274,4.07916214432,0.398073563212,0.443482294727,8604,0.0176548803309,0.0925841204852,144,144,144,1,0,0.0694444444444,0.8125,0.118055555556,144,1926,0.0935314685315,3.15631226814,26.75,14.3731343284,15.1653543307,20.913575074,0.781815890618,0.43221414561,16.5016951873,1.23377160279,0.611760124611,10.2996197907,0.770065031077,0.431853582555,1.12768326665,0.357278738874,3.98239392836,3.15631226814,1.12768326665,3.98239392836,0.439851103242,0.513299150777,12814,0.0262935421386,0.116260416144,144,144,144,1,0,0.0694444444444,0.8125,0.118055555556,-189,-0.00917832167832,-0.127088251196,-2.625,-1.06482187602,-1.35808316929,-2.21237227,-0.00545040194474,0.000673562473456,-2.2161093392,-0.0406321096533,-0.0106032848982,-0.119880989295,0.0606522120166,0.0301494848398,0.00182694937746,0.014385354212,-0.16304508058,-0.127088251196,0.00182694937746,-0.16304508058,-0.0664237596533,-0.0347267574178,-3403,-0.00698274729965,0.000450896480466,0.0208333333333,-0.0277777777778,0.00694444444444,1923,3,192,18474,0.909219858156,0.99983763598,0.000162364020133,0.090780141844,0.998442367601,0.909219858156,0.951744617669,0.947782083142,0.909057494136,0.907932011331,234,423,0,5,2,5
213,WLNM_dir_neg_kfold,0.837995797216,0.347573361438,00:00:19,10,80,4,14349,threshold_sweep,0.6,0.987179487179,0.54609929078,0.703196347032,231,3,192,843,0.54609929078,0.996453900709,0.00354609929078,0.45390070922,0.987179487179,0.54609929078,0.703196347032,0.8463356974,0.605200945626,0.610778443114,0.659507265143,0.542553191489,2154,1731,423,0,2154,0,1731,0,423,144,2115,0.10270979021,3.28340051934,29.375,15.4379562044,16.5234375,23.125947344,0.787266292563,0.431540583136,18.7178045265,1.27440371245,0.622363409509,10.41950078,0.709412819061,0.401704097715,1.12585631727,0.342893384662,4.14543900894,3.28340051934,1.12585631727,4.14543900894,0.506274862896,0.548025908195,16217,0.0332762894383,0.115809519663,144,144,144,1,0,0.0486111111111,0.840277777778,0.111111111111,144,0.0821678321678,3.15516664001,23.5,12.6268656716,13.3228346457,18.6352549559,0.792989572593,0.435891121618,14.9995337923,1.27655606743,0.623612752824,8.59866634642,0.731801391185,0.412455673759,1.12152124274,0.355455470567,4.07916214432,3.15516664001,1.12152124274,4.07916214432,0.398073563212,0.443482294727,8604,0.0176548803309,0.0925841204852,144,144,144,1,0,0.0694444444444,0.8125,0.118055555556,144,1926,0.0935314685315,3.15631226814,26.75,14.3731343284,15.1653543307,20.913575074,0.781815890618,0.43221414561,16.5016951873,1.23377160279,0.611760124611,10.2996197907,0.770065031077,0.431853582555,1.12768326665,0.357278738874,3.98239392836,3.15631226814,1.12768326665,3.98239392836,0.439851103242,0.513299150777,12814,0.0262935421386,0.116260416144,144,144,144,1,0,0.0694444444444,0.8125,0.118055555556,-189,-0.00917832167832,-0.127088251196,-2.625,-1.06482187602,-1.35808316929,-2.21237227,-0.00545040194474,0.000673562473456,-2.2161093392,-0.0406321096533,-0.0106032848982,-0.119880989295,0.0606522120166,0.0301494848398,0.00182694937746,0.014385354212,-0.16304508058,-0.127088251196,0.00182694937746,-0.16304508058,-0.0664237596533,-0.0347267574178,-3403,-0.00698274729965,0.000450896480466,0.0208333333333,-0.0277777777778,0.00694444444444,1923,3,192,18474,0.909219858156,0.99983763598,0.000162364020133,0.090780141844,0.998442367601,0.909219858156,0.951744617669,0.947782083142,0.909057494136,0.907932011331,234,423,0,5,2,5
214,WLNM_dir_neg_kfold,0.837995797216,0.347573361438,00:00:19,10,80,4,14349,threshold_sweep,0.7,0.987179487179,0.54609929078,0.703196347032,231,3,192,843,0.54609929078,0.996453900709,0.00354609929078,0.45390070922,0.987179487179,0.54609929078,0.703196347032,0.8463356974,0.605200945626,0.610778443114,0.659507265143,0.542553191489,2154,1731,423,0,2154,0,1731,0,423,144,2115,0.10270979021,3.28340051934,29.375,15.4379562044,16.5234375,23.125947344,0.787266292563,0.431540583136,18.7178045265,1.27440371245,0.622363409509,10.41950078,0.709412819061,0.401704097715,1.12585631727,0.342893384662,4.14543900894,3.28340051934,1.12585631727,4.14543900894,0.506274862896,0.548025908195,16217,0.0332762894383,0.115809519663,144,144,144,1,0,0.0486111111111,0.840277777778,0.111111111111,144,0.0821678321678,3.15516664001,23.5,12.6268656716,13.3228346457,18.6352549559,0.792989572593,0.435891121618,14.9995337923,1.27655606743,0.623612752824,8.59866634642,0.731801391185,0.412455673759,1.12152124274,0.355455470567,4.07916214432,3.15516664001,1.12152124274,4.07916214432,0.398073563212,0.443482294727,8604,0.0176548803309,0.0925841204852,144,144,144,1,0,0.0694444444444,0.8125,0.118055555556,144,1926,0.0935314685315,3.15631226814,26.75,14.3731343284,15.1653543307,20.913575074,0.781815890618,0.43221414561,16.5016951873,1.23377160279,0.611760124611,10.2996197907,0.770065031077,0.431853582555,1.12768326665,0.357278738874,3.98239392836,3.15631226814,1.12768326665,3.98239392836,0.439851103242,0.513299150777,12814,0.0262935421386,0.116260416144,144,144,144,1,0,0.0694444444444,0.8125,0.118055555556,-189,-0.00917832167832,-0.127088251196,-2.625,-1.06482187602,-1.35808316929,-2.21237227,-0.00545040194474,0.000673562473456,-2.2161093392,-0.0406321096533,-0.0106032848982,-0.119880989295,0.0606522120166,0.0301494848398,0.00182694937746,0.014385354212,-0.16304508058,-0.127088251196,0.00182694937746,-0.16304508058,-0.0664237596533,-0.0347267574178,-3403,-0.00698274729965,0.000450896480466,0.0208333333333,-0.0277777777778,0.00694444444444,1923,3,192,18474,0.909219858156,0.99983763598,0.000162364020133,0.090780141844,0.998442367601,0.909219858156,0.951744617669,0.947782083142,0.909057494136,0.907932011331,234,423,0,5,2,5
215,WLNM_dir_neg_kfold,0.837995797216,0.347573361438,00:00:19,10,80,4,14349,threshold_sweep,0.8,0.987124463519,0.543735224586,0.701219512195,230,3,193,843,0.543735224586,0.996453900709,0.00354609929078,0.456264775414,0.987124463519,0.543735224586,0.701219512195,0.845547675335,0.605463619648,0.608521970706,0.657723507339,0.540189125296,2154,1731,423,0,2154,0,1731,0,423,144,2115,0.10270979021,3.28340051934,29.375,15.4379562044,16.5234375,23.125947344,0.787266292563,0.431540583136,18.7178045265,1.27440371245,0.622363409509,10.41950078,0.709412819061,0.401704097715,1.12585631727,0.342893384662,4.14543900894,3.28340051934,1.12585631727,4.14543900894,0.506274862896,0.548025908195,16217,0.0332762894383,0.115809519663,144,144,144,1,0,0.0486111111111,0.840277777778,0.111111111111,144,0.0821678321678,3.15516664001,23.5,12.6268656716,13.3228346457,18.6352549559,0.792989572593,0.435891121618,14.9995337923,1.27655606743,0.623612752824,8.59866634642,0.731801391185,0.412455673759,1.12152124274,0.355455470567,4.07916214432,3.15516664001,1.12152124274,4.07916214432,0.398073563212,0.443482294727,8604,0.0176548803309,0.0925841204852,144,144,144,1,0,0.0694444444444,0.8125,0.118055555556,144,1925,0.0934829059829,3.15597605748,26.7361111111,14.3656716418,15.157480315,20.8822828211,0.781051617204,0.431948051948,16.4855293731,1.23320323622,0.611590909091,10.2920612544,0.769899647081,0.431756854257,1.12728334218,0.357190080547,3.98128597412,3.15597605748,1.12728334218,3.98128597412,0.436876611153,0.512179461455,12763,0.0261888932664,0.116229887955,144,144,144,1,0,0.0694444444444,0.8125,0.118055555556,-190,-0.00922688422688,-0.127424461852,-2.63888888889,-1.07228456259,-1.36595718504,-2.24366452296,-0.00621467535898,0.000407468811724,-2.23227515347,-0.0412004762263,-0.0107725004179,-0.12743952557,0.0604868280205,0.0300527565421,0.00142702490301,0.0142966958856,-0.164153034815,-0.127424461852,0.00142702490301,-0.164153034815,-0.0693982517425,-0.0358464467398,-3454,-0.0070873961719,0.000420368291756,0.0208333333333,-0.0277777777778,0.00694444444444,1922,3,193,18474,0.908747044917,0.99983763598,0.000162364020133,0.0912529550827,0.998441558442,0.908747044917,0.951485148515,0.947509765601,0.908584680897,0.9074598678,233,423,0,5,2,5
216,WLNM_dir_neg_kfold,0.837995797216,0.347573361438,00:00:19,10,80,4,14349,threshold_sweep,0.9,0.987124463519,0.543735224586,0.701219512195,230,3,193,843,0.543735224586,0.996453900709,0.00354609929078,0.456264775414,0.987124463519,0.543735224586,0.701219512195,0.845547675335,0.605463619648,0.608521970706,0.657723507339,0.540189125296,2154,1731,423,0,2154,0,1731,0,423,144,2115,0.10270979021,3.28340051934,29.375,15.4379562044,16.5234375,23.125947344,0.787266292563,0.431540583136,18.7178045265,1.27440371245,0.622363409509,10.41950078,0.709412819061,0.401704097715,1.12585631727,0.342893384662,4.14543900894,3.28340051934,1.12585631727,4.14543900894,0.506274862896,0.548025908195,16217,0.0332762894383,0.115809519663,144,144,144,1,0,0.0486111111111,0.840277777778,0.111111111111,144,0.0821678321678,3.15516664001,23.5,12.6268656716,13.3228346457,18.6352549559,0.792989572593,0.435891121618,14.9995337923,1.27655606743,0.623612752824,8.59866634642,0.731801391185,0.412455673759,1.12152124274,0.355455470567,4.07916214432,3.15516664001,1.12152124274,4.07916214432,0.398073563212,0.443482294727,8604,0.0176548803309,0.0925841204852,144,144,144,1,0,0.0694444444444,0.8125,0.118055555556,144,1925,0.0934829059829,3.15597605748,26.7361111111,14.3656716418,15.157480315,20.8822828211,0.781051617204,0.431948051948,16.4855293731,1.23320323622,0.611590909091,10.2920612544,0.769899647081,0.431756854257,1.12728334218,0.357190080547,3.98128597412,3.15597605748,1.12728334218,3.98128597412,0.436876611153,0.512179461455,12763,0.0261888932664,0.116229887955,144,144,144,1,0,0.0694444444444,0.8125,0.118055555556,-190,-0.00922688422688,-0.127424461852,-2.63888888889,-1.07228456259,-1.36595718504,-2.24366452296,-0.00621467535898,0.000407468811724,-2.23227515347,-0.0412004762263,-0.0107725004179,-0.12743952557,0.0604868280205,0.0300527565421,0.00142702490301,0.0142966958856,-0.164153034815,-0.127424461852,0.00142702490301,-0.164153034815,-0.0693982517425,-0.0358464467398,-3454,-0.0070873961719,0.000420368291756,0.0208333333333,-0.0277777777778,0.00694444444444,1922,3,193,18474,0.908747044917,0.99983763598,0.000162364020133,0.0912529550827,0.998441558442,0.908747044917,0.951485148515,0.947509765601,0.908584680897,0.9074598678,233,423,0,5,2,5
217,WLNM_dir_neg_kfold,0.901036165183,0.397111055544,00:00:20,10,80,5,14350,threshold_sweep,0.1,0.94,0.555555555556,0.698365527489,235,15,188,831,0.555555555556,0.982269503546,0.0177304964539,0.444444444444,0.94,0.555555555556,0.698365527489,0.840031520883,0.600998161282,0.599078341014,0.637439985437,0.537825059102,2154,1731,423,0,2154,0,1731,0,423,144,2115,0.10270979021,3.28340051934,29.375,15.4379562044,16.5234375,23.125947344,0.787266292563,0.431540583136,18.7178045265,1.27440371245,0.622363409509,10.41950078,0.709412819061,0.401704097715,1.12585631727,0.342893384662,4.14543900894,3.28340051934,1.12585631727,4.14543900894,0.506274862896,0.548025908195,16217,0.0332762894383,0.115809519663,144,144,144,1,0,0.0486111111111,0.840277777778,0.111111111111,144,0.0821678321678,3.15516664001,23.5,12.6268656716,13.3228346457,18.6352549559,0.792989572593,0.435891121618,14.9995337923,1.27655606743,0.623612752824,8.59866634642,0.731801391185,0.412455673759,1.12152124274,0.355455470567,4.07916214432,3.15516664001,1.12152124274,4.07916214432,0.398073563212,0.443482294727,8604,0.0176548803309,0.0925841204852,144,144,144,1,0,0.0694444444444,0.8125,0.118055555556,144,1942,0.0943084693085,1,26.9722222222,13.5804195804,15.2913385827,20.8568026314,0.77326971651,0.428506551093,16.4167687217,1.21730931819,0.600633653736,10.3828705835,0.769893596306,0.431664092001,0,0,0,NaN,NaN,NaN,0.442639458854,0.510826810759,12857,0.0263817755015,0.108550430785,144,144,0,1,2,0.00694444444444,0.875,0.118055555556,-173,-0.00840132090132,-2.28340051934,-2.40277777778,-1.85753662396,-1.23209891732,-2.26914471262,-0.0139965760531,-0.00303403204353,-2.30103580488,-0.0570943942586,-0.0217297557727,-0.0366301964416,0.0604807772451,0.0299599942866,-1.12585631727,-0.342893384662,-4.14543900894,NaN,NaN,NaN,-0.0636354040421,-0.0371990974356,-3360,-0.00689451393677,-0.00725908887776,-0.0416666666667,0.0347222222222,0.00694444444444,1927,15,188,18462,0.911111111111,0.999188179899,0.000811820100666,0.0888888888889,0.992276004119,0.911111111111,0.949963026867,0.945564347734,0.91029929101,0.904694835681,250,423,0,5,2,5
218,WLNM_dir_neg_kfold,0.901036165183,0.397111055544,00:00:20,10,80,5,14350,threshold_sweep,0.2,0.94,0.555555555556,0.698365527489,235,15,188,831,0.555555555556,0.982269503546,0.0177304964539,0.444444444444,0.94,0.555555555556,0.698365527489,0.840031520883,0.600998161282,0.599078341014,0.637439985437,0.537825059102,2154,1731,423,0,2154,0,1731,0,423,144,2115,0.10270979021,3.28340051934,29.375,15.4379562044,16.5234375,23.125947344,0.787266292563,0.431540583136,18.7178045265,1.27440371245,0.622363409509,10.41950078,0.709412819061,0.401704097715,1.12585631727,0.342893384662,4.14543900894,3.28340051934,1.12585631727,4.14543900894,0.506274862896,0.548025908195,16217,0.0332762894383,0.115809519663,144,144,144,1,0,0.0486111111111,0.840277777778,0.111111111111,144,0.0821678321678,3.15516664001,23.5,12.6268656716,13.3228346457,18.6352549559,0.792989572593,0.435891121618,14.9995337923,1.27655606743,0.623612752824,8.59866634642,0.731801391185,0.412455673759,1.12152124274,0.355455470567,4.07916214432,3.15516664001,1.12152124274,4.07916214432,0.398073563212,0.443482294727,8604,0.0176548803309,0.0925841204852,144,144,144,1,0,0.0694444444444,0.8125,0.118055555556,144,1942,0.0943084693085,1,26.9722222222,13.5804195804,15.2913385827,20.8568026314,0.77326971651,0.428506551093,16.4167687217,1.21730931819,0.600633653736,10.3828705835,0.769893596306,0.431664092001,0,0,0,NaN,NaN,NaN,0.442639458854,0.510826810759,12857,0.0263817755015,0.108550430785,144,144,0,1,2,0.00694444444444,0.875,0.118055555556,-173,-0.00840132090132,-2.28340051934,-2.40277777778,-1.85753662396,-1.23209891732,-2.26914471262,-0.0139965760531,-0.00303403204353,-2.30103580488,-0.0570943942586,-0.0217297557727,-0.0366301964416,0.0604807772451,0.0299599942866,-1.12585631727,-0.342893384662,-4.14543900894,NaN,NaN,NaN,-0.0636354040421,-0.0371990974356,-3360,-0.00689451393677,-0.00725908887776,-0.0416666666667,0.0347222222222,0.00694444444444,1927,15,188,18462,0.911111111111,0.999188179899,0.000811820100666,0.0888888888889,0.992276004119,0.911111111111,0.949963026867,0.945564347734,0.91029929101,0.904694835681,250,423,0,5,2,5
219,WLNM_dir_neg_kfold,0.901036165183,0.397111055544,00:00:20,10,80,5,14350,threshold_sweep,0.3,0.947580645161,0.555555555556,0.70044709389,235,13,188,833,0.555555555556,0.98463356974,0.01536643026,0.444444444444,0.947580645161,0.555555555556,0.70044709389,0.841607565012,0.601523509325,0.602504943968,0.642188450635,0.540189125296,2154,1731,423,0,2154,0,1731,0,423,144,2115,0.10270979021,3.28340051934,29.375,15.4379562044,16.5234375,23.125947344,0.787266292563,0.431540583136,18.7178045265,1.27440371245,0.622363409509,10.41950078,0.709412819061,0.401704097715,1.12585631727,0.342893384662,4.14543900894,3.28340051934,1.12585631727,4.14543900894,0.506274862896,0.548025908195,16217,0.0332762894383,0.115809519663,144,144,144,1,0,0.0486111111111,0.840277777778,0.111111111111,144,0.0821678321678,3.15516664001,23.5,12.6268656716,13.3228346457,18.6352549559,0.792989572593,0.435891121618,14.9995337923,1.27655606743,0.623612752824,8.59866634642,0.731801391185,0.412455673759,1.12152124274,0.355455470567,4.07916214432,3.15516664001,1.12152124274,4.07916214432,0.398073563212,0.443482294727,8604,0.0176548803309,0.0925841204852,144,144,144,1,0,0.0694444444444,0.8125,0.118055555556,144,1940,0.0942113442113,1,26.9444444444,13.5664335664,15.2755905512,20.8641217719,0.774338539987,0.429019902635,16.4269710186,1.21932156014,0.601854238259,10.3686890449,0.769634650755,0.431464776632,0,0,0,NaN,NaN,NaN,0.442036540859,0.510918420111,12845,0.0263571522374,0.108362861146,144,144,0,1,2,0.00694444444444,0.875,0.118055555556,-175,-0.00849844599845,-2.28340051934,-2.43055555556,-1.87152263795,-1.24784694882,-2.26182557217,-0.0129277525761,-0.00252068050173,-2.29083350796,-0.0550821523029,-0.0205091712499,-0.0508117350613,0.0602218316942,0.0297606789176,-1.12585631727,-0.342893384662,-4.14543900894,NaN,NaN,NaN,-0.0642383220364,-0.0371074880843,-3372,-0.00691913720083,-0.0074466585169,-0.0416666666667,0.0347222222222,0.00694444444444,1927,13,188,18464,0.911111111111,0.999296422579,0.000703577420577,0.0888888888889,0.993298969072,0.911111111111,0.950431565968,0.946113391852,0.910407533691,0.905545112782,248,423,0,5,2,5
220,WLNM_dir_neg_kfold,0.901036165183,0.397111055544,00:00:20,10,80,5,14350,threshold_sweep,0.4,0.947368421053,0.553191489362,0.698507462687,234,13,189,833,0.553191489362,0.98463356974,0.01536643026,0.446808510638,0.947368421053,0.553191489362,0.698507462687,0.840819542947,0.601786183346,0.600263852243,0.640357461456,0.537825059102,2154,1731,423,0,2154,0,1731,0,423,144,2115,0.10270979021,3.28340051934,29.375,15.4379562044,16.5234375,23.125947344,0.787266292563,0.431540583136,18.7178045265,1.27440371245,0.622363409509,10.41950078,0.709412819061,0.401704097715,1.12585631727,0.342893384662,4.14543900894,3.28340051934,1.12585631727,4.14543900894,0.506274862896,0.548025908195,16217,0.0332762894383,0.115809519663,144,144,144,1,0,0.0486111111111,0.840277777778,0.111111111111,144,0.0821678321678,3.15516664001,23.5,12.6268656716,13.3228346457,18.6352549559,0.792989572593,0.435891121618,14.9995337923,1.27655606743,0.623612752824,8.59866634642,0.731801391185,0.412455673759,1.12152124274,0.355455470567,4.07916214432,3.15516664001,1.12152124274,4.07916214432,0.398073563212,0.443482294727,8604,0.0176548803309,0.0925841204852,144,144,144,1,0,0.0694444444444,0.8125,0.118055555556,144,1939,0.0941627816628,1,26.9305555556,13.5594405594,15.2677165354,20.8328857761,0.773578017472,0.428754082861,16.4107730242,1.21874745512,0.601681135752,10.3612465125,0.769478853946,0.431375709128,0,0,0,NaN,NaN,NaN,0.439083388932,0.509802358942,12794,0.0262525033652,0.108336075208,144,144,0,1,2,0.00694444444444,0.875,0.118055555556,-176,-0.00854700854701,-2.28340051934,-2.44444444444,-1.87851564494,-1.25572096457,-2.29306156796,-0.0136882750914,-0.00278650027575,-2.30703150236,-0.0556562573234,-0.0206822737573,-0.0582542674491,0.060066034885,0.0296716114137,-1.12585631727,-0.342893384662,-4.14543900894,NaN,NaN,NaN,-0.0671914739634,-0.0382235492532,-3423,-0.00702378607308,-0.00747344445534,-0.0416666666667,0.0347222222222,0.00694444444444,1926,13,189,18464,0.910638297872,0.999296422579,0.000703577420577,0.0893617021277,0.993295513151,0.910638297872,0.950172668969,0.945840491733,0.909934720452,0.90507518797,247,423,0,5,2,5
221,WLNM_dir_neg_kfold,0.901036165183,0.397111055544,00:00:20,10,80,5,14350,threshold_sweep,0.5,0.970711297071,0.548463356974,0.700906344411,232,7,191,839,0.548463356974,0.991725768322,0.00827423167849,0.451536643026,0.970711297071,0.548463356974,0.700906344411,0.843971631206,0.603887575519,0.606100795756,0.651303841031,0.540189125296,2154,1731,423,0,2154,0,1731,0,423,144,2115,0.10270979021,3.28340051934,29.375,15.4379562044,16.5234375,23.125947344,0.787266292563,0.431540583136,18.7178045265,1.27440371245,0.622363409509,10.41950078,0.709412819061,0.401704097715,1.12585631727,0.342893384662,4.14543900894,3.28340051934,1.12585631727,4.14543900894,0.506274862896,0.548025908195,16217,0.0332762894383,0.115809519663,144,144,144,1,0,0.0486111111111,0.840277777778,0.111111111111,144,0.0821678321678,3.15516664001,23.5,12.6268656716,13.3228346457,18.6352549559,0.792989572593,0.435891121618,14.9995337923,1.27655606743,0.623612752824,8.59866634642,0.731801391185,0.412455673759,1.12152124274,0.355455470567,4.07916214432,3.15516664001,1.12152124274,4.07916214432,0.398073563212,0.443482294727,8604,0.0176548803309,0.0925841204852,144,144,144,1,0,0.0694444444444,0.8125,0.118055555556,144,1931,0.0937742812743,1,26.8194444444,13.9927536232,15.2047244094,20.8778173101,0.778458232173,0.430890010933,16.4531176268,1.22695439579,0.607417716785,10.3277839637,0.770171357209,0.431436647678,0,0,0,NaN,NaN,NaN,0.441902957692,0.511433180891,12786,0.0262360878558,0.112291410174,144,144,0,1,2,0.0416666666667,0.840277777778,0.118055555556,-184,-0.00893550893551,-2.28340051934,-2.55555555556,-1.44520258119,-1.31871309055,-2.24813003396,-0.00880806039016,-0.000650572203593,-2.2646868997,-0.0474493166582,-0.0149456927242,-0.0917168162671,0.0607585381485,0.0297325499635,-1.12585631727,-0.342893384662,-4.14543900894,NaN,NaN,NaN,-0.0643719052042,-0.036592727304,-3431,-0.00704020158246,-0.00351810948901,-0.00694444444444,0,0.00694444444444,1924,7,191,18470,0.909692671395,0.99962115062,0.000378849380311,0.0903073286052,0.996374935267,0.909692671395,0.951062778052,0.946947963862,0.909313822014,0.906691800189,239,423,0,5,2,5
222,WLNM_dir_neg_kfold,0.901036165183,0.397111055544,00:00:20,10,80,5,14350,threshold_sweep,0.6,0.970588235294,0.54609929078,0.698940998487,231,7,192,839,0.54609929078,0.991725768322,0.00827423167849,0.45390070922,0.970588235294,0.54609929078,0.698940998487,0.843183609141,0.60415024954,0.603848706038,0.649499150908,0.537825059102,2154,1731,423,0,2154,0,1731,0,423,144,2115,0.10270979021,3.28340051934,29.375,15.4379562044,16.5234375,23.125947344,0.787266292563,0.431540583136,18.7178045265,1.27440371245,0.622363409509,10.41950078,0.709412819061,0.401704097715,1.12585631727,0.342893384662,4.14543900894,3.28340051934,1.12585631727,4.14543900894,0.506274862896,0.548025908195,16217,0.0332762894383,0.115809519663,144,144,144,1,0,0.0486111111111,0.840277777778,0.111111111111,144,0.0821678321678,3.15516664001,23.5,12.6268656716,13.3228346457,18.6352549559,0.792989572593,0.435891121618,14.9995337923,1.27655606743,0.623612752824,8.59866634642,0.731801391185,0.412455673759,1.12152124274,0.355455470567,4.07916214432,3.15516664001,1.12152124274,4.07916214432,0.398073563212,0.443482294727,8604,0.0176548803309,0.0925841204852,144,144,144,1,0,0.0694444444444,0.8125,0.118055555556,144,1930,0.0937257187257,1,26.8055555556,13.9855072464,15.1968503937,20.879701314,0.778931862491,0.43105929764,16.4581773177,1.22796763407,0.608009499136,10.3250116879,0.770363566353,0.431491076569,0,0,0,NaN,NaN,NaN,0.442014064621,0.511673826614,12784,0.0262319839785,0.111761887,144,144,0,1,2,0.0416666666667,0.840277777778,0.118055555556,-185,-0.00898407148407,-2.28340051934,-2.56944444444,-1.452448958,-1.3265871063,-2.24624603004,-0.0083344300719,-0.000481285496719,-2.25962720882,-0.0464360783768,-0.0143539103724,-0.0944890920269,0.0609507472924,0.0297869788541,-1.12585631727,-0.342893384662,-4.14543900894,NaN,NaN,NaN,-0.0642607982749,-0.0363520815812,-3433,-0.0070443054598,-0.00404763266322,-0.00694444444444,0,0.00694444444444,1923,7,192,18470,0.909219858156,0.99962115062,0.000378849380311,0.090780141844,0.996373056995,0.909219858156,0.950803461063,0.946675381366,0.908841008776,0.906220546654,238,423,0,5,2,5
223,WLNM_dir_neg_kfold,0.901036165183,0.397111055544,00:00:20,10,80,5,14350,threshold_sweep,0.7,0.978723404255,0.543735224586,0.699088145897,230,5,193,841,0.543735224586,0.994089834515,0.00591016548463,0.456264775414,0.978723404255,0.543735224586,0.699088145897,0.843971631206,0.604938271605,0.605053191489,0.652682845576,0.537825059102,2154,1731,423,0,2154,0,1731,0,423,144,2115,0.10270979021,3.28340051934,29.375,15.4379562044,16.5234375,23.125947344,0.787266292563,0.431540583136,18.7178045265,1.27440371245,0.622363409509,10.41950078,0.709412819061,0.401704097715,1.12585631727,0.342893384662,4.14543900894,3.28340051934,1.12585631727,4.14543900894,0.506274862896,0.548025908195,16217,0.0332762894383,0.115809519663,144,144,144,1,0,0.0486111111111,0.840277777778,0.111111111111,144,0.0821678321678,3.15516664001,23.5,12.6268656716,13.3228346457,18.6352549559,0.792989572593,0.435891121618,14.9995337923,1.27655606743,0.623612752824,8.59866634642,0.731801391185,0.412455673759,1.12152124274,0.355455470567,4.07916214432,3.15516664001,1.12152124274,4.07916214432,0.398073563212,0.443482294727,8604,0.0176548803309,0.0925841204852,144,144,144,1,0,0.0694444444444,0.8125,0.118055555556,144,1927,0.09358003108,3.21608142945,26.7638888889,14.2740740741,15.1732283465,20.8839571415,0.780303536165,0.431618664591,16.4746028435,1.23110680304,0.610350717869,10.2929105399,0.76916404657,0.431272703684,1.17188773165,0.364383725151,5.097673151,3.21608142945,1.17188773165,5.097673151,0.43781898286,0.512064056464,12769,0.0262012048984,0.114257613909,144,144,144,1,0,0.0625,0.819444444444,0.118055555556,-188,-0.00912975912976,-0.0673190898821,-2.61111111111,-1.16388213031,-1.35020915354,-2.2419902025,-0.00696275639769,7.80814545733e-05,-2.24320168307,-0.0432969094044,-0.0120126916399,-0.126590240098,0.0597512275087,0.0295686059697,0.0460314143798,0.0214903404898,0.952234142062,-0.0673190898821,0.0460314143798,0.952234142062,-0.0684558800355,-0.0359618517311,-3448,-0.00707508453987,-0.00155190575378,0.0138888888889,-0.0208333333333,0.00694444444444,1922,5,193,18472,0.908747044917,0.9997293933,0.000270606700222,0.0912529550827,0.997405293202,0.908747044917,0.951014349332,0.946955844816,0.908476438217,0.906603773585,235,423,0,5,2,5
224,WLNM_dir_neg_kfold,0.901036165183,0.397111055544,00:00:20,10,80,5,14350,threshold_sweep,0.8,0.978723404255,0.543735224586,0.699088145897,230,5,193,841,0.543735224586,0.994089834515,0.00591016548463,0.456264775414,0.978723404255,0.543735224586,0.699088145897,0.843971631206,0.604938271605,0.605053191489,0.652682845576,0.537825059102,2154,1731,423,0,2154,0,1731,0,423,144,2115,0.10270979021,3.28340051934,29.375,15.4379562044,16.5234375,23.125947344,0.787266292563,0.431540583136,18.7178045265,1.27440371245,0.622363409509,10.41950078,0.709412819061,0.401704097715,1.12585631727,0.342893384662,4.14543900894,3.28340051934,1.12585631727,4.14543900894,0.506274862896,0.548025908195,16217,0.0332762894383,0.115809519663,144,144,144,1,0,0.0486111111111,0.840277777778,0.111111111111,144,0.0821678321678,3.15516664001,23.5,12.6268656716,13.3228346457,18.6352549559,0.792989572593,0.435891121618,14.9995337923,1.27655606743,0.623612752824,8.59866634642,0.731801391185,0.412455673759,1.12152124274,0.355455470567,4.07916214432,3.15516664001,1.12152124274,4.07916214432,0.398073563212,0.443482294727,8604,0.0176548803309,0.0925841204852,144,144,144,1,0,0.0694444444444,0.8125,0.118055555556,144,1927,0.09358003108,3.21608142945,26.7638888889,14.2740740741,15.1732283465,20.8839571415,0.780303536165,0.431618664591,16.4746028435,1.23110680304,0.610350717869,10.2929105399,0.76916404657,0.431272703684,1.17188773165,0.364383725151,5.097673151,3.21608142945,1.17188773165,5.097673151,0.43781898286,0.512064056464,12769,0.0262012048984,0.114257613909,144,144,144,1,0,0.0625,0.819444444444,0.118055555556,-188,-0.00912975912976,-0.0673190898821,-2.61111111111,-1.16388213031,-1.35020915354,-2.2419902025,-0.00696275639769,7.80814545733e-05,-2.24320168307,-0.0432969094044,-0.0120126916399,-0.126590240098,0.0597512275087,0.0295686059697,0.0460314143798,0.0214903404898,0.952234142062,-0.0673190898821,0.0460314143798,0.952234142062,-0.0684558800355,-0.0359618517311,-3448,-0.00707508453987,-0.00155190575378,0.0138888888889,-0.0208333333333,0.00694444444444,1922,5,193,18472,0.908747044917,0.9997293933,0.000270606700222,0.0912529550827,0.997405293202,0.908747044917,0.951014349332,0.946955844816,0.908476438217,0.906603773585,235,423,0,5,2,5
225,WLNM_dir_neg_kfold,0.901036165183,0.397111055544,00:00:20,10,80,5,14350,threshold_sweep,0.9,0.978723404255,0.543735224586,0.699088145897,230,5,193,841,0.543735224586,0.994089834515,0.00591016548463,0.456264775414,0.978723404255,0.543735224586,0.699088145897,0.843971631206,0.604938271605,0.605053191489,0.652682845576,0.537825059102,2154,1731,423,0,2154,0,1731,0,423,144,2115,0.10270979021,3.28340051934,29.375,15.4379562044,16.5234375,23.125947344,0.787266292563,0.431540583136,18.7178045265,1.27440371245,0.622363409509,10.41950078,0.709412819061,0.401704097715,1.12585631727,0.342893384662,4.14543900894,3.28340051934,1.12585631727,4.14543900894,0.506274862896,0.548025908195,16217,0.0332762894383,0.115809519663,144,144,144,1,0,0.0486111111111,0.840277777778,0.111111111111,144,0.0821678321678,3.15516664001,23.5,12.6268656716,13.3228346457,18.6352549559,0.792989572593,0.435891121618,14.9995337923,1.27655606743,0.623612752824,8.59866634642,0.731801391185,0.412455673759,1.12152124274,0.355455470567,4.07916214432,3.15516664001,1.12152124274,4.07916214432,0.398073563212,0.443482294727,8604,0.0176548803309,0.0925841204852,144,144,144,1,0,0.0694444444444,0.8125,0.118055555556,144,1927,0.09358003108,3.21608142945,26.7638888889,14.2740740741,15.1732283465,20.8839571415,0.780303536165,0.431618664591,16.4746028435,1.23110680304,0.610350717869,10.2929105399,0.76916404657,0.431272703684,1.17188773165,0.364383725151,5.097673151,3.21608142945,1.17188773165,5.097673151,0.43781898286,0.512064056464,12769,0.0262012048984,0.114257613909,144,144,144,1,0,0.0625,0.819444444444,0.118055555556,-188,-0.00912975912976,-0.0673190898821,-2.61111111111,-1.16388213031,-1.35020915354,-2.2419902025,-0.00696275639769,7.80814545733e-05,-2.24320168307,-0.0432969094044,-0.0120126916399,-0.126590240098,0.0597512275087,0.0295686059697,0.0460314143798,0.0214903404898,0.952234142062,-0.0673190898821,0.0460314143798,0.952234142062,-0.0684558800355,-0.0359618517311,-3448,-0.00707508453987,-0.00155190575378,0.0138888888889,-0.0208333333333,0.00694444444444,1922,5,193,18472,0.908747044917,0.9997293933,0.000270606700222,0.0912529550827,0.997405293202,0.908747044917,0.951014349332,0.946955844816,0.908476438217,0.906603773585,235,423,0,5,2,5
226,WLNM_dir_neg_kfold,0.88213481325,0.499480896181,00:00:19,10,80,6,14351,threshold_sweep,0.1,0.951417004049,0.555555555556,0.701492537313,235,12,188,834,0.555555555556,0.985815602837,0.0141843971631,0.444444444444,0.951417004049,0.555555555556,0.701492537313,0.842395587076,0.601786183346,0.604221635884,0.644579598565,0.541371158392,2154,1731,423,0,2154,0,1731,0,423,144,2115,0.10270979021,3.28340051934,29.375,15.4379562044,16.5234375,23.125947344,0.787266292563,0.431540583136,18.7178045265,1.27440371245,0.622363409509,10.41950078,0.709412819061,0.401704097715,1.12585631727,0.342893384662,4.14543900894,3.28340051934,1.12585631727,4.14543900894,0.506274862896,0.548025908195,16217,0.0332762894383,0.115809519663,144,144,144,1,0,0.0486111111111,0.840277777778,0.111111111111,144,0.0821678321678,3.15516664001,23.5,12.6268656716,13.3228346457,18.6352549559,0.792989572593,0.435891121618,14.9995337923,1.27655606743,0.623612752824,8.59866634642,0.731801391185,0.412455673759,1.12152124274,0.355455470567,4.07916214432,3.15516664001,1.12152124274,4.07916214432,0.398073563212,0.443482294727,8604,0.0176548803309,0.0925841204852,144,144,144,1,0,0.0694444444444,0.8125,0.118055555556,144,1939,0.0941627816628,4.14822093902,26.9305555556,13.7517730496,15.2677165354,20.8244922966,0.773266346236,0.428528451092,16.4197191677,1.21941184123,0.602261331729,10.3511177697,0.768726642003,0.431547619048,1.30991852476,0.31577838886,5.03610823397,4.14822093902,1.30991852476,5.03610823397,0.437191160329,0.510556086679,12817,0.0262996979546,0.110202302478,144,144,144,1,0,0.0208333333333,0.861111111111,0.118055555556,-176,-0.00854700854701,0.864820419689,-2.44444444444,-1.68618315473,-1.25572096457,-2.30145504748,-0.0139999463268,-0.0030121320447,-2.29808535888,-0.0549918712165,-0.02010207778,-0.0683830102102,0.0593138229419,0.0298435213329,0.184062207484,-0.027114995802,0.890669225034,0.864820419689,0.184062207484,0.890669225034,-0.0690837025664,-0.0374698215155,-3400,-0.00697659148363,-0.00560721718529,-0.0277777777778,0.0208333333333,0.00694444444444,1927,12,188,18465,0.911111111111,0.999350543919,0.000649456080533,0.0888888888889,0.993811242909,0.911111111111,0.95066600888,0.946388219004,0.910461655031,0.905970850964,247,423,0,5,2,5
227,WLNM_dir_neg_kfold,0.88213481325,0.499480896181,00:00:19,10,80,6,14351,threshold_sweep,0.2,0.955284552846,0.555555555556,0.702541106129,235,11,188,835,0.555555555556,0.986997635934,0.0130023640662,0.444444444444,0.955284552846,0.555555555556,0.702541106129,0.843183609141,0.602048857368,0.605940594059,0.646982177543,0.542553191489,2154,1731,423,0,2154,0,1731,0,423,144,2115,0.10270979021,3.28340051934,29.375,15.4379562044,16.5234375,23.125947344,0.787266292563,0.431540583136,18.7178045265,1.27440371245,0.622363409509,10.41950078,0.709412819061,0.401704097715,1.12585631727,0.342893384662,4.14543900894,3.28340051934,1.12585631727,4.14543900894,0.506274862896,0.548025908195,16217,0.0332762894383,0.115809519663,144,144,144,1,0,0.0486111111111,0.840277777778,0.111111111111,144,0.0821678321678,3.15516664001,23.5,12.6268656716,13.3228346457,18.6352549559,0.792989572593,0.435891121618,14.9995337923,1.27655606743,0.623612752824,8.59866634642,0.731801391185,0.412455673759,1.12152124274,0.355455470567,4.07916214432,3.15516664001,1.12152124274,4.07916214432,0.398073563212,0.443482294727,8604,0.0176548803309,0.0925841204852,144,144,144,1,0,0.0694444444444,0.8125,0.118055555556,144,1938,0.0941142191142,4.14228426327,26.9166666667,13.7446808511,15.2598425197,20.8251125972,0.773688393703,0.428667153996,16.4248128003,1.22041952696,0.602876676987,10.3402770113,0.768317796509,0.431329549364,1.30737416873,0.315616719095,5.03108463478,4.14228426327,1.30737416873,5.03108463478,0.437251128069,0.510822338263,12815,0.0262955940773,0.110197855346,144,144,144,1,0,0.0208333333333,0.861111111111,0.118055555556,-177,-0.00859557109557,0.858883743934,-2.45833333333,-1.69327535332,-1.26359498031,-2.30083474686,-0.0135778988598,-0.00287342914023,-2.29299172625,-0.0539841854889,-0.0194867325222,-0.0792237686117,0.0589049774477,0.0296254516489,0.181517851458,-0.0272766655663,0.885645625839,0.858883743934,0.181517851458,0.885645625839,-0.0690237348272,-0.037203569932,-3402,-0.00698069536098,-0.00561166431713,-0.0277777777778,0.0208333333333,0.00694444444444,1927,11,188,18466,0.911111111111,0.99940466526,0.000595334740488,0.0888888888889,0.994324045408,0.911111111111,0.950900567481,0.946663249897,0.910515776371,0.906396989652,246,423,0,5,2,5
228,WLNM_dir_neg_kfold,0.88213481325,0.499480896181,00:00:19,10,80,6,14351,threshold_sweep,0.3,0.955284552846,0.555555555556,0.702541106129,235,11,188,835,0.555555555556,0.986997635934,0.0130023640662,0.444444444444,0.955284552846,0.555555555556,0.702541106129,0.843183609141,0.602048857368,0.605940594059,0.646982177543,0.542553191489,2154,1731,423,0,2154,0,1731,0,423,144,2115,0.10270979021,3.28340051934,29.375,15.4379562044,16.5234375,23.125947344,0.787266292563,0.431540583136,18.7178045265,1.27440371245,0.622363409509,10.41950078,0.709412819061,0.401704097715,1.12585631727,0.342893384662,4.14543900894,3.28340051934,1.12585631727,4.14543900894,0.506274862896,0.548025908195,16217,0.0332762894383,0.115809519663,144,144,144,1,0,0.0486111111111,0.840277777778,0.111111111111,144,0.0821678321678,3.15516664001,23.5,12.6268656716,13.3228346457,18.6352549559,0.792989572593,0.435891121618,14.9995337923,1.27655606743,0.623612752824,8.59866634642,0.731801391185,0.412455673759,1.12152124274,0.355455470567,4.07916214432,3.15516664001,1.12152124274,4.07916214432,0.398073563212,0.443482294727,8604,0.0176548803309,0.0925841204852,144,144,144,1,0,0.0694444444444,0.8125,0.118055555556,144,1938,0.0941142191142,4.14228426327,26.9166666667,13.7446808511,15.2598425197,20.8251125972,0.773688393703,0.428667153996,16.4248128003,1.22041952696,0.602876676987,10.3402770113,0.768317796509,0.431329549364,1.30737416873,0.315616719095,5.03108463478,4.14228426327,1.30737416873,5.03108463478,0.437251128069,0.510822338263,12815,0.0262955940773,0.110197855346,144,144,144,1,0,0.0208333333333,0.861111111111,0.118055555556,-177,-0.00859557109557,0.858883743934,-2.45833333333,-1.69327535332,-1.26359498031,-2.30083474686,-0.0135778988598,-0.00287342914023,-2.29299172625,-0.0539841854889,-0.0194867325222,-0.0792237686117,0.0589049774477,0.0296254516489,0.181517851458,-0.0272766655663,0.885645625839,0.858883743934,0.181517851458,0.885645625839,-0.0690237348272,-0.037203569932,-3402,-0.00698069536098,-0.00561166431713,-0.0277777777778,0.0208333333333,0.00694444444444,1927,11,188,18466,0.911111111111,0.99940466526,0.000595334740488,0.0888888888889,0.994324045408,0.911111111111,0.950900567481,0.946663249897,0.910515776371,0.906396989652,246,423,0,5,2,5
229,WLNM_dir_neg_kfold,0.88213481325,0.499480896181,00:00:19,10,80,6,14351,threshold_sweep,0.4,0.959016393443,0.553191489362,0.701649175412,234,10,189,836,0.553191489362,0.988179669031,0.0118203309693,0.446808510638,0.959016393443,0.553191489362,0.701649175412,0.843183609141,0.602574205411,0.605419695968,0.647580308454,0.541371158392,2154,1731,423,0,2154,0,1731,0,423,144,2115,0.10270979021,3.28340051934,29.375,15.4379562044,16.5234375,23.125947344,0.787266292563,0.431540583136,18.7178045265,1.27440371245,0.622363409509,10.41950078,0.709412819061,0.401704097715,1.12585631727,0.342893384662,4.14543900894,3.28340051934,1.12585631727,4.14543900894,0.506274862896,0.548025908195,16217,0.0332762894383,0.115809519663,144,144,144,1,0,0.0486111111111,0.840277777778,0.111111111111,144,0.0821678321678,3.15516664001,23.5,12.6268656716,13.3228346457,18.6352549559,0.792989572593,0.435891121618,14.9995337923,1.27655606743,0.623612752824,8.59866634642,0.731801391185,0.412455673759,1.12152124274,0.355455470567,4.07916214432,3.15516664001,1.12152124274,4.07916214432,0.398073563212,0.443482294727,8604,0.0176548803309,0.0925841204852,144,144,144,1,0,0.0694444444444,0.8125,0.118055555556,144,1936,0.0940170940171,3.39645755394,26.8888888889,13.928057554,15.2440944882,20.8316969054,0.774732529541,0.429056186869,16.4358374334,1.22250030496,0.604475149219,10.331415718,0.768452408777,0.431351870983,1.14990014535,0.338558667991,4.30418814657,3.39645755394,1.14990014535,4.30418814657,0.435096802489,0.511047555703,12806,0.0262771266292,0.112007418384,144,144,144,1,0,0.0347222222222,0.847222222222,0.118055555556,-179,-0.0086926961927,0.113057034604,-2.48611111111,-1.50989865042,-1.27934301181,-2.29425043862,-0.0125337630225,-0.00248439626764,-2.28196709315,-0.0519034074824,-0.0178882602893,-0.088085061955,0.0590395897161,0.0296477732678,0.0240438280763,-0.00433471667024,0.158749137629,0.113057034604,0.0240438280763,0.158749137629,-0.0711780604062,-0.0369783524915,-3411,-0.00699916280902,-0.00380210127867,-0.0138888888889,0.00694444444444,0.00694444444444,1926,10,189,18467,0.910638297872,0.9994587866,0.000541213400444,0.0893617021277,0.994834710744,0.910638297872,0.950876326833,0.946665816551,0.910097084472,0.906352941176,244,423,0,5,2,5
230,WLNM_dir_neg_kfold,0.88213481325,0.499480896181,00:00:19,10,80,6,14351,threshold_sweep,0.5,0.983050847458,0.548463356974,0.704097116844,232,4,191,842,0.548463356974,0.995271867612,0.00472813238771,0.451536643026,0.983050847458,0.548463356974,0.704097116844,0.8463356974,0.604675597583,0.611295681063,0.658774335503,0.543735224586,2154,1731,423,0,2154,0,1731,0,423,144,2115,0.10270979021,3.28340051934,29.375,15.4379562044,16.5234375,23.125947344,0.787266292563,0.431540583136,18.7178045265,1.27440371245,0.622363409509,10.41950078,0.709412819061,0.401704097715,1.12585631727,0.342893384662,4.14543900894,3.28340051934,1.12585631727,4.14543900894,0.506274862896,0.548025908195,16217,0.0332762894383,0.115809519663,144,144,144,1,0,0.0486111111111,0.840277777778,0.111111111111,144,0.0821678321678,3.15516664001,23.5,12.6268656716,13.3228346457,18.6352549559,0.792989572593,0.435891121618,14.9995337923,1.27655606743,0.623612752824,8.59866634642,0.731801391185,0.412455673759,1.12152124274,0.355455470567,4.07916214432,3.15516664001,1.12152124274,4.07916214432,0.398073563212,0.443482294727,8604,0.0176548803309,0.0925841204852,144,144,144,1,0,0.0694444444444,0.8125,0.118055555556,144,1928,0.0936285936286,3.17383173362,26.7777777778,14.3880597015,15.1811023622,20.8871240307,0.780017079983,0.431517260258,16.4780468966,1.23072549435,0.610102581835,10.3004590237,0.769328889739,0.431506454587,1.13395029663,0.35728116416,4.0010846742,3.17383173362,1.13395029663,4.0010846742,0.438512087401,0.512513514596,12799,0.0262627630585,0.116054870942,144,144,144,1,0,0.0694444444444,0.8125,0.118055555556,-187,-0.0090811965812,-0.109568785718,-2.59722222222,-1.04989650289,-1.3423351378,-2.23882331339,-0.00724921258021,-2.33228781443e-05,-2.23975762995,-0.0436782180945,-0.0122608276739,-0.11904175623,0.0599160706781,0.0298023568726,0.00809397935925,0.0143877794981,-0.14435433474,-0.109568785718,0.00809397935925,-0.14435433474,-0.067762775495,-0.0355123935991,-3418,-0.00701352637972,0.000245351278562,0.0208333333333,-0.0277777777778,0.00694444444444,1924,4,191,18473,0.909692671395,0.99978351464,0.000216485360178,0.0903073286052,0.997925311203,0.909692671395,0.951768488746,0.947777445457,0.909476186035,0.907975460123,236,423,0,5,2,5
231,WLNM_dir_neg_kfold,0.88213481325,0.499480896181,00:00:19,10,80,6,14351,threshold_sweep,0.6,0.982978723404,0.54609929078,0.702127659574,231,4,192,842,0.54609929078,0.995271867612,0.00472813238771,0.45390070922,0.982978723404,0.54609929078,0.702127659574,0.845547675335,0.604938271605,0.609042553191,0.656986248954,0.541371158392,2154,1731,423,0,2154,0,1731,0,423,144,2115,0.10270979021,3.28340051934,29.375,15.4379562044,16.5234375,23.125947344,0.787266292563,0.431540583136,18.7178045265,1.27440371245,0.622363409509,10.41950078,0.709412819061,0.401704097715,1.12585631727,0.342893384662,4.14543900894,3.28340051934,1.12585631727,4.14543900894,0.506274862896,0.548025908195,16217,0.0332762894383,0.115809519663,144,144,144,1,0,0.0486111111111,0.840277777778,0.111111111111,144,0.0821678321678,3.15516664001,23.5,12.6268656716,13.3228346457,18.6352549559,0.792989572593,0.435891121618,14.9995337923,1.27655606743,0.623612752824,8.59866634642,0.731801391185,0.412455673759,1.12152124274,0.355455470567,4.07916214432,3.15516664001,1.12152124274,4.07916214432,0.398073563212,0.443482294727,8604,0.0176548803309,0.0925841204852,144,144,144,1,0,0.0694444444444,0.8125,0.118055555556,144,1927,0.09358003108,3.17368344773,26.7638888889,14.3805970149,15.1732283465,20.8675430083,0.779690242138,0.431351986392,16.4622885543,1.23018658631,0.609947096811,10.3017389582,0.769823772695,0.431719569855,1.13375675086,0.357236873031,4.00058797701,3.17368344773,1.13375675086,4.00058797701,0.436917221633,0.511929107021,12767,0.026197101021,0.116041929044,144,144,144,1,0,0.0694444444444,0.8125,0.118055555556,-188,-0.00912975912976,-0.109717071603,-2.61111111111,-1.05735918945,-1.35020915354,-2.25840433572,-0.00757605042538,-0.000188596744124,-2.25551597226,-0.0442171261366,-0.0124163126974,-0.117761821735,0.0604109536345,0.0300154721405,0.0079004335848,0.0143434883698,-0.144851031931,-0.109717071603,0.0079004335848,-0.144851031931,-0.069357641263,-0.0360968011737,-3450,-0.00707918841722,0.000232409381392,0.0208333333333,-0.0277777777778,0.00694444444444,1923,4,192,18473,0.909219858156,0.99978351464,0.000216485360178,0.090780141844,0.997924234561,0.909219858156,0.951509153884,0.947505098224,0.909003372796,0.907503539405,235,423,0,5,2,5
232,WLNM_dir_neg_kfold,0.88213481325,0.499480896181,00:00:19,10,80,6,14351,threshold_sweep,0.7,0.987179487179,0.54609929078,0.703196347032,231,3,192,843,0.54609929078,0.996453900709,0.00354609929078,0.45390070922,0.987179487179,0.54609929078,0.703196347032,0.8463356974,0.605200945626,0.610778443114,0.659507265143,0.542553191489,2154,1731,423,0,2154,0,1731,0,423,144,2115,0.10270979021,3.28340051934,29.375,15.4379562044,16.5234375,23.125947344,0.787266292563,0.431540583136,18.7178045265,1.27440371245,0.622363409509,10.41950078,0.709412819061,0.401704097715,1.12585631727,0.342893384662,4.14543900894,3.28340051934,1.12585631727,4.14543900894,0.506274862896,0.548025908195,16217,0.0332762894383,0.115809519663,144,144,144,1,0,0.0486111111111,0.840277777778,0.111111111111,144,0.0821678321678,3.15516664001,23.5,12.6268656716,13.3228346457,18.6352549559,0.792989572593,0.435891121618,14.9995337923,1.27655606743,0.623612752824,8.59866634642,0.731801391185,0.412455673759,1.12152124274,0.355455470567,4.07916214432,3.15516664001,1.12152124274,4.07916214432,0.398073563212,0.443482294727,8604,0.0176548803309,0.0925841204852,144,144,144,1,0,0.0694444444444,0.8125,0.118055555556,144,1926,0.0935314685315,3.17338583388,26.75,14.3731343284,15.1653543307,20.8499467558,0.7794372619,0.431233414099,16.4554388739,1.23031318683,0.609950098073,10.3043713991,0.77042029152,0.432033864082,1.13332731099,0.357135050802,3.99960619628,3.17338583388,1.13332731099,3.99960619628,0.436917221633,0.511929107021,12767,0.026197101021,0.116059225082,144,144,144,1,0,0.0694444444444,0.8125,0.118055555556,-189,-0.00917832167832,-0.11001468546,-2.625,-1.06482187602,-1.35808316929,-2.27600058823,-0.00782903066357,-0.00030716903687,-2.26236565267,-0.0440905256142,-0.0124133114356,-0.115129380881,0.0610074724588,0.0303297663674,0.00747099371976,0.01424166614,-0.145832812661,-0.11001468546,0.00747099371976,-0.145832812661,-0.069357641263,-0.0360968011737,-3450,-0.00707918841722,0.000249705418565,0.0208333333333,-0.0277777777778,0.00694444444444,1923,3,192,18474,0.909219858156,0.99983763598,0.000162364020133,0.090780141844,0.998442367601,0.909219858156,0.951744617669,0.947782083142,0.909057494136,0.907932011331,234,423,0,5,2,5
233,WLNM_dir_neg_kfold,0.88213481325,0.499480896181,00:00:19,10,80,6,14351,threshold_sweep,0.8,0.991416309013,0.54609929078,0.704268292683,231,2,192,844,0.54609929078,0.997635933806,0.00236406619385,0.45390070922,0.991416309013,0.54609929078,0.704268292683,0.847123719464,0.605463619648,0.612516644474,0.662041167125,0.543735224586,2154,1731,423,0,2154,0,1731,0,423,144,2115,0.10270979021,3.28340051934,29.375,15.4379562044,16.5234375,23.125947344,0.787266292563,0.431540583136,18.7178045265,1.27440371245,0.622363409509,10.41950078,0.709412819061,0.401704097715,1.12585631727,0.342893384662,4.14543900894,3.28340051934,1.12585631727,4.14543900894,0.506274862896,0.548025908195,16217,0.0332762894383,0.115809519663,144,144,144,1,0,0.0486111111111,0.840277777778,0.111111111111,144,0.0821678321678,3.15516664001,23.5,12.6268656716,13.3228346457,18.6352549559,0.792989572593,0.435891121618,14.9995337923,1.27655606743,0.623612752824,8.59866634642,0.731801391185,0.412455673759,1.12152124274,0.355455470567,4.07916214432,3.15516664001,1.12152124274,4.07916214432,0.398073563212,0.443482294727,8604,0.0176548803309,0.0925841204852,144,144,144,1,0,0.0694444444444,0.8125,0.118055555556,144,1925,0.0934829059829,3.17108442694,26.7361111111,14.3656716418,15.157480315,20.8615100832,0.780274662853,0.431695526696,16.4592085424,1.23123430136,0.610335497835,10.3110684827,0.771321486501,0.432550505051,1.13268803313,0.357192644734,3.99821405084,3.17108442694,1.13268803313,3.99821405084,0.436678676233,0.511972085188,12765,0.0261929971437,0.116561490857,144,144,144,1,0,0.0694444444444,0.8125,0.118055555556,-190,-0.00922688422688,-0.112316092398,-2.63888888889,-1.07228456259,-1.36595718504,-2.26443726082,-0.00699162970997,0.000154943559199,-2.25859598411,-0.0431694110897,-0.0120279116733,-0.108432297222,0.0619086674398,0.0308464073358,0.00683171585798,0.0142992600724,-0.147224958102,-0.112316092398,0.00683171585798,-0.147224958102,-0.0695961866631,-0.0360538230066,-3452,-0.00708329229456,0.000751971194148,0.0208333333333,-0.0277777777778,0.00694444444444,1923,2,192,18475,0.909219858156,0.99989175732,0.000108242680089,0.090780141844,0.998961038961,0.909219858156,0.95198019802,0.948059274821,0.909111615476,0.908360888049,233,423,0,5,2,5
234,WLNM_dir_neg_kfold,0.88213481325,0.499480896181,00:00:19,10,80,6,14351,threshold_sweep,0.9,0.991416309013,0.54609929078,0.704268292683,231,2,192,844,0.54609929078,0.997635933806,0.00236406619385,0.45390070922,0.991416309013,0.54609929078,0.704268292683,0.847123719464,0.605463619648,0.612516644474,0.662041167125,0.543735224586,2154,1731,423,0,2154,0,1731,0,423,144,2115,0.10270979021,3.28340051934,29.375,15.4379562044,16.5234375,23.125947344,0.787266292563,0.431540583136,18.7178045265,1.27440371245,0.622363409509,10.41950078,0.709412819061,0.401704097715,1.12585631727,0.342893384662,4.14543900894,3.28340051934,1.12585631727,4.14543900894,0.506274862896,0.548025908195,16217,0.0332762894383,0.115809519663,144,144,144,1,0,0.0486111111111,0.840277777778,0.111111111111,144,0.0821678321678,3.15516664001,23.5,12.6268656716,13.3228346457,18.6352549559,0.792989572593,0.435891121618,14.9995337923,1.27655606743,0.623612752824,8.59866634642,0.731801391185,0.412455673759,1.12152124274,0.355455470567,4.07916214432,3.15516664001,1.12152124274,4.07916214432,0.398073563212,0.443482294727,8604,0.0176548803309,0.0925841204852,144,144,144,1,0,0.0694444444444,0.8125,0.118055555556,144,1925,0.0934829059829,3.17108442694,26.7361111111,14.3656716418,15.157480315,20.8615100832,0.780274662853,0.431695526696,16.4592085424,1.23123430136,0.610335497835,10.3110684827,0.771321486501,0.432550505051,1.13268803313,0.357192644734,3.99821405084,3.17108442694,1.13268803313,3.99821405084,0.436678676233,0.511972085188,12765,0.0261929971437,0.116561490857,144,144,144,1,0,0.0694444444444,0.8125,0.118055555556,-190,-0.00922688422688,-0.112316092398,-2.63888888889,-1.07228456259,-1.36595718504,-2.26443726082,-0.00699162970997,0.000154943559199,-2.25859598411,-0.0431694110897,-0.0120279116733,-0.108432297222,0.0619086674398,0.0308464073358,0.00683171585798,0.0142992600724,-0.147224958102,-0.112316092398,0.00683171585798,-0.147224958102,-0.0695961866631,-0.0360538230066,-3452,-0.00708329229456,0.000751971194148,0.0208333333333,-0.0277777777778,0.00694444444444,1923,2,192,18475,0.909219858156,0.99989175732,0.000108242680089,0.090780141844,0.998961038961,0.909219858156,0.95198019802,0.948059274821,0.909111615476,0.908360888049,233,423,0,5,2,5
235,WLNM_dir_neg_kfold,0.855599148266,0.427436448487,00:00:19,10,80,7,14352,threshold_sweep,0.1,0.95951417004,0.560283687943,0.707462686567,237,10,186,836,0.560283687943,0.988179669031,0.0118203309693,0.439716312057,0.95951417004,0.560283687943,0.707462686567,0.845547675335,0.601786183346,0.612137203166,0.653023872782,0.548463356974,2154,1731,423,0,2154,0,1731,0,423,144,2115,0.10270979021,3.28340051934,29.375,15.4379562044,16.5234375,23.125947344,0.787266292563,0.431540583136,18.7178045265,1.27440371245,0.622363409509,10.41950078,0.709412819061,0.401704097715,1.12585631727,0.342893384662,4.14543900894,3.28340051934,1.12585631727,4.14543900894,0.506274862896,0.548025908195,16217,0.0332762894383,0.115809519663,144,144,144,1,0,0.0486111111111,0.840277777778,0.111111111111,144,0.0821678321678,3.15516664001,23.5,12.6268656716,13.3228346457,18.6352549559,0.792989572593,0.435891121618,14.9995337923,1.27655606743,0.623612752824,8.59866634642,0.731801391185,0.412455673759,1.12152124274,0.355455470567,4.07916214432,3.15516664001,1.12152124274,4.07916214432,0.398073563212,0.443482294727,8604,0.0176548803309,0.0925841204852,144,144,144,1,0,0.0694444444444,0.8125,0.118055555556,144,1939,0.0941627816628,3.93224684283,26.9305555556,13.7517730496,15.2677165354,20.8640798757,0.774736333703,0.429201764942,16.438447681,1.22080271586,0.603837172655,10.3700167538,0.770130176664,0.432127815025,1.22373184412,0.311204228277,5.03925996484,3.93224684283,1.22373184412,5.03925996484,0.437936870388,0.511774294006,12873,0.0264146065202,0.110934608943,144,144,144,1,0,0.0208333333333,0.861111111111,0.118055555556,-176,-0.00854700854701,0.64884632349,-2.44444444444,-1.68618315473,-1.25572096457,-2.26186746834,-0.0125299588598,-0.00233881819449,-2.27935684557,-0.0536009965813,-0.0185262368539,-0.0494840261241,0.0607173576033,0.0304237173102,0.097875526843,-0.0316891563842,0.893820955903,0.64884632349,0.097875526843,0.893820955903,-0.0683379925081,-0.0362516141887,-3344,-0.00686168291802,-0.00487491072001,-0.0277777777778,0.0208333333333,0.00694444444444,1929,10,186,18467,0.912056737589,0.9994587866,0.000541213400444,0.0879432624113,0.994842702424,0.912056737589,0.951652688703,0.947483673545,0.911515524188,0.907764705882,247,423,0,5,2,5
236,WLNM_dir_neg_kfold,0.855599148266,0.427436448487,00:00:19,10,80,7,14352,threshold_sweep,0.2,0.959183673469,0.555555555556,0.703592814371,235,10,188,836,0.555555555556,0.988179669031,0.0118203309693,0.444444444444,0.959183673469,0.555555555556,0.703592814371,0.843971631206,0.60231153139,0.607661822985,0.649396305213,0.543735224586,2154,1731,423,0,2154,0,1731,0,423,144,2115,0.10270979021,3.28340051934,29.375,15.4379562044,16.5234375,23.125947344,0.787266292563,0.431540583136,18.7178045265,1.27440371245,0.622363409509,10.41950078,0.709412819061,0.401704097715,1.12585631727,0.342893384662,4.14543900894,3.28340051934,1.12585631727,4.14543900894,0.506274862896,0.548025908195,16217,0.0332762894383,0.115809519663,144,144,144,1,0,0.0486111111111,0.840277777778,0.111111111111,144,0.0821678321678,3.15516664001,23.5,12.6268656716,13.3228346457,18.6352549559,0.792989572593,0.435891121618,14.9995337923,1.27655606743,0.623612752824,8.59866634642,0.731801391185,0.412455673759,1.12152124274,0.355455470567,4.07916214432,3.15516664001,1.12152124274,4.07916214432,0.398073563212,0.443482294727,8604,0.0176548803309,0.0925841204852,144,144,144,1,0,0.0694444444444,0.8125,0.118055555556,144,1937,0.0940656565657,3.88892914326,26.9027777778,13.7375886525,15.2519685039,20.8465319497,0.774883996064,0.429214707738,16.4333065599,1.22168102459,0.604367435324,10.3713091749,0.771021435822,0.432588338209,1.19574399881,0.307473845567,4.99497578297,3.88892914326,1.19574399881,4.99497578297,0.438064797326,0.512027263565,12871,0.0264105026429,0.110450039818,144,144,144,1,0,0.0208333333333,0.861111111111,0.118055555556,-178,-0.00864413364413,0.605528623921,-2.47222222222,-1.7003675519,-1.27146899606,-2.27941539439,-0.0123822964997,-0.00232587539813,-2.28449796666,-0.0527226878592,-0.017995974185,-0.0481916050465,0.061608616761,0.0308842404944,0.0698876815404,-0.0354195390945,0.849536774027,0.605528623921,0.0698876815404,0.849536774027,-0.0682100655697,-0.0359986446294,-3346,-0.00686578679536,-0.00535947984495,-0.0277777777778,0.0208333333333,0.00694444444444,1927,10,188,18467,0.911111111111,0.9994587866,0.000541213400444,0.0888888888889,0.994837377388,0.911111111111,0.951135241856,0.946938484795,0.910569897711,0.906823529412,245,423,0,5,2,5
237,WLNM_dir_neg_kfold,0.855599148266,0.427436448487,00:00:19,10,80,7,14352,threshold_sweep,0.3,0.963114754098,0.555555555556,0.704647676162,235,9,188,837,0.555555555556,0.989361702128,0.0106382978723,0.444444444444,0.963114754098,0.555555555556,0.704647676162,0.84475965327,0.602574205411,0.609385327165,0.651822100868,0.544917257683,2154,1731,423,0,2154,0,1731,0,423,144,2115,0.10270979021,3.28340051934,29.375,15.4379562044,16.5234375,23.125947344,0.787266292563,0.431540583136,18.7178045265,1.27440371245,0.622363409509,10.41950078,0.709412819061,0.401704097715,1.12585631727,0.342893384662,4.14543900894,3.28340051934,1.12585631727,4.14543900894,0.506274862896,0.548025908195,16217,0.0332762894383,0.115809519663,144,144,144,1,0,0.0486111111111,0.840277777778,0.111111111111,144,0.0821678321678,3.15516664001,23.5,12.6268656716,13.3228346457,18.6352549559,0.792989572593,0.435891121618,14.9995337923,1.27655606743,0.623612752824,8.59866634642,0.731801391185,0.412455673759,1.12152124274,0.355455470567,4.07916214432,3.15516664001,1.12152124274,4.07916214432,0.398073563212,0.443482294727,8604,0.0176548803309,0.0925841204852,144,144,144,1,0,0.0694444444444,0.8125,0.118055555556,144,1936,0.0940170940171,3.88989340446,26.8888888889,13.7304964539,15.2440944882,20.8494809216,0.775393918573,0.42943640955,16.4366883576,1.22256359685,0.604604281451,10.3746448437,0.771667798293,0.432937327824,1.19666051619,0.307633241265,4.99662128885,3.88989340446,1.19666051619,4.99662128885,0.438201793892,0.512127162722,12866,0.0264002429495,0.110624723198,144,144,144,1,0,0.0208333333333,0.861111111111,0.118055555556,-179,-0.0086926961927,0.606492885123,-2.48611111111,-1.70745975048,-1.27934301181,-2.27646642243,-0.0118723739906,-0.00210417358628,-2.28111616894,-0.0518401155992,-0.0177591280579,-0.044855936239,0.0622549792322,0.031233230109,0.0708041989155,-0.0352601433963,0.851182279907,0.606492885123,0.0708041989155,0.851182279907,-0.0680730690036,-0.0358987454733,-3351,-0.00687604648872,-0.00518479646473,-0.0277777777778,0.0208333333333,0.00694444444444,1927,9,188,18468,0.911111111111,0.99951290794,0.000487092060399,0.0888888888889,0.995351239669,0.911111111111,0.951370032091,0.947213923959,0.910624019051,0.90725047081,244,423,0,5,2,5
238,WLNM_dir_neg_kfold,0.855599148266,0.427436448487,00:00:19,10,80,7,14352,threshold_sweep,0.4,0.962809917355,0.550827423168,0.700751879699,233,9,190,837,0.550827423168,0.989361702128,0.0106382978723,0.449172576832,0.962809917355,0.550827423168,0.700751879699,0.843183609141,0.603099553454,0.604897418928,0.648198911573,0.540189125296,2154,1731,423,0,2154,0,1731,0,423,144,2115,0.10270979021,3.28340051934,29.375,15.4379562044,16.5234375,23.125947344,0.787266292563,0.431540583136,18.7178045265,1.27440371245,0.622363409509,10.41950078,0.709412819061,0.401704097715,1.12585631727,0.342893384662,4.14543900894,3.28340051934,1.12585631727,4.14543900894,0.506274862896,0.548025908195,16217,0.0332762894383,0.115809519663,144,144,144,1,0,0.0486111111111,0.840277777778,0.111111111111,144,0.0821678321678,3.15516664001,23.5,12.6268656716,13.3228346457,18.6352549559,0.792989572593,0.435891121618,14.9995337923,1.27655606743,0.623612752824,8.59866634642,0.731801391185,0.412455673759,1.12152124274,0.355455470567,4.07916214432,3.15516664001,1.12152124274,4.07916214432,0.398073563212,0.443482294727,8604,0.0176548803309,0.0925841204852,144,144,144,1,0,0.0694444444444,0.8125,0.118055555556,144,1934,0.09391996892,3.78969900256,26.8611111111,13.8142857143,15.2283464567,20.8325361153,0.775564943278,0.429442433644,16.4264211433,1.22306341501,0.605251062852,10.3671433494,0.771907260764,0.433011605194,1.21591838673,0.320848274732,4.89348156402,3.78969900256,1.21591838673,4.89348156402,0.436228065639,0.511692213611,12830,0.0263263731574,0.111275622204,144,144,144,1,0,0.0277777777778,0.854166666667,0.118055555556,-181,-0.00878982128982,0.506298483227,-2.51388888889,-1.62367049009,-1.29509104331,-2.29341122876,-0.0117013492848,-0.00209814949276,-2.29138338323,-0.0513402974316,-0.0171123466569,-0.0523574305242,0.0624944417035,0.0313075074789,0.0900620694509,-0.0220451099297,0.748042555081,0.506298483227,0.0900620694509,0.748042555081,-0.0700467972567,-0.0363336945843,-3387,-0.0069499162809,-0.00453389745912,-0.0208333333333,0.0138888888889,0.00694444444444,1925,9,190,18468,0.910165484634,0.99951290794,0.000487092060399,0.0898345153664,0.995346432265,0.910165484634,0.950852062238,0.946668693439,0.909678392573,0.906308851224,242,423,0,5,2,5
239,WLNM_dir_neg_kfold,0.855599148266,0.427436448487,00:00:19,10,80,7,14352,threshold_sweep,0.5,0.991416309013,0.54609929078,0.704268292683,231,2,192,844,0.54609929078,0.997635933806,0.00236406619385,0.45390070922,0.991416309013,0.54609929078,0.704268292683,0.847123719464,0.605463619648,0.612516644474,0.662041167125,0.543735224586,2154,1731,423,0,2154,0,1731,0,423,144,2115,0.10270979021,3.28340051934,29.375,15.4379562044,16.5234375,23.125947344,0.787266292563,0.431540583136,18.7178045265,1.27440371245,0.622363409509,10.41950078,0.709412819061,0.401704097715,1.12585631727,0.342893384662,4.14543900894,3.28340051934,1.12585631727,4.14543900894,0.506274862896,0.548025908195,16217,0.0332762894383,0.115809519663,144,144,144,1,0,0.0486111111111,0.840277777778,0.111111111111,144,0.0821678321678,3.15516664001,23.5,12.6268656716,13.3228346457,18.6352549559,0.792989572593,0.435891121618,14.9995337923,1.27655606743,0.623612752824,8.59866634642,0.731801391185,0.412455673759,1.12152124274,0.355455470567,4.07916214432,3.15516664001,1.12152124274,4.07916214432,0.398073563212,0.443482294727,8604,0.0176548803309,0.0925841204852,144,144,144,1,0,0.0694444444444,0.8125,0.118055555556,144,1925,0.0934829059829,3.15688374176,26.7361111111,14.3656716418,15.157480315,20.8692185113,0.780562978087,0.431677489177,16.4727987388,1.23225091865,0.611374458874,10.3232689351,0.77223414372,0.433026695527,1.12817281847,0.357369137023,3.98317238433,3.15688374176,1.12817281847,3.98317238433,0.439655929876,0.513108364258,12813,0.0262914901999,0.116069099236,144,144,144,1,0,0.0694444444444,0.8125,0.118055555556,-190,-0.00922688422688,-0.12651677758,-2.63888888889,-1.07228456259,-1.36595718504,-2.2567288327,-0.00670331447647,0.000136906041161,-2.24500578769,-0.0421527937989,-0.0109889506343,-0.0962318448082,0.0628213246593,0.031322597812,0.00231650120016,0.0144757523619,-0.162266624613,-0.12651677758,0.00231650120016,-0.162266624613,-0.0666189330193,-0.0349175439372,-3404,-0.00698479923832,0.000259579572829,0.0208333333333,-0.0277777777778,0.00694444444444,1923,2,192,18475,0.909219858156,0.99989175732,0.000108242680089,0.090780141844,0.998961038961,0.909219858156,0.95198019802,0.948059274821,0.909111615476,0.908360888049,233,423,0,5,2,5
240,WLNM_dir_neg_kfold,0.855599148266,0.427436448487,00:00:19,10,80,7,14352,threshold_sweep,0.6,0.995689655172,0.54609929078,0.70534351145,231,1,192,845,0.54609929078,0.998817966903,0.00118203309693,0.45390070922,0.995689655172,0.54609929078,0.70534351145,0.847911741529,0.60572629367,0.614257161892,0.66458809435,0.544917257683,2154,1731,423,0,2154,0,1731,0,423,144,2115,0.10270979021,3.28340051934,29.375,15.4379562044,16.5234375,23.125947344,0.787266292563,0.431540583136,18.7178045265,1.27440371245,0.622363409509,10.41950078,0.709412819061,0.401704097715,1.12585631727,0.342893384662,4.14543900894,3.28340051934,1.12585631727,4.14543900894,0.506274862896,0.548025908195,16217,0.0332762894383,0.115809519663,144,144,144,1,0,0.0486111111111,0.840277777778,0.111111111111,144,0.0821678321678,3.15516664001,23.5,12.6268656716,13.3228346457,18.6352549559,0.792989572593,0.435891121618,14.9995337923,1.27655606743,0.623612752824,8.59866634642,0.731801391185,0.412455673759,1.12152124274,0.355455470567,4.07916214432,3.15516664001,1.12152124274,4.07916214432,0.398073563212,0.443482294727,8604,0.0176548803309,0.0925841204852,144,144,144,1,0,0.0694444444444,0.8125,0.118055555556,144,1924,0.0934343434343,3.15661035806,26.7222222222,14.3582089552,15.1496062992,20.8743977576,0.781162494046,0.431930728806,16.4744392441,1.2330141638,0.611500924001,10.3197896053,0.772375105596,0.433038808039,1.12802240711,0.35735243795,3.98309630503,3.15661035806,1.12802240711,3.98309630503,0.439755801057,0.513201650707,12809,0.0262832824453,0.116188860264,144,144,144,1,0,0.0694444444444,0.8125,0.118055555556,-191,-0.00927544677545,-0.126790161276,-2.65277777778,-1.07974724916,-1.37383120079,-2.25154958649,-0.00610379851756,0.000390145669401,-2.24336528245,-0.0413895486465,-0.0108624855079,-0.0997111746363,0.0629622865348,0.0313347103241,0.00216608983488,0.014459053288,-0.162342703912,-0.126790161276,0.00216608983488,-0.162342703912,-0.0665190618386,-0.0348242574877,-3408,-0.00699300699301,0.000379340600735,0.0208333333333,-0.0277777777778,0.00694444444444,1923,1,192,18476,0.909219858156,0.99994587866,5.41213400444e-05,0.090780141844,0.99948024948,0.909219858156,0.952215895024,0.948336673526,0.909165736816,0.908790170132,232,423,0,5,2,5
241,WLNM_dir_neg_kfold,0.855599148266,0.427436448487,00:00:19,10,80,7,14352,threshold_sweep,0.7,0.995689655172,0.54609929078,0.70534351145,231,1,192,845,0.54609929078,0.998817966903,0.00118203309693,0.45390070922,0.995689655172,0.54609929078,0.70534351145,0.847911741529,0.60572629367,0.614257161892,0.66458809435,0.544917257683,2154,1731,423,0,2154,0,1731,0,423,144,2115,0.10270979021,3.28340051934,29.375,15.4379562044,16.5234375,23.125947344,0.787266292563,0.431540583136,18.7178045265,1.27440371245,0.622363409509,10.41950078,0.709412819061,0.401704097715,1.12585631727,0.342893384662,4.14543900894,3.28340051934,1.12585631727,4.14543900894,0.506274862896,0.548025908195,16217,0.0332762894383,0.115809519663,144,144,144,1,0,0.0486111111111,0.840277777778,0.111111111111,144,0.0821678321678,3.15516664001,23.5,12.6268656716,13.3228346457,18.6352549559,0.792989572593,0.435891121618,14.9995337923,1.27655606743,0.623612752824,8.59866634642,0.731801391185,0.412455673759,1.12152124274,0.355455470567,4.07916214432,3.15516664001,1.12152124274,4.07916214432,0.398073563212,0.443482294727,8604,0.0176548803309,0.0925841204852,144,144,144,1,0,0.0694444444444,0.8125,0.118055555556,144,1924,0.0934343434343,3.15661035806,26.7222222222,14.3582089552,15.1496062992,20.8743977576,0.781162494046,0.431930728806,16.4744392441,1.2330141638,0.611500924001,10.3197896053,0.772375105596,0.433038808039,1.12802240711,0.35735243795,3.98309630503,3.15661035806,1.12802240711,3.98309630503,0.439755801057,0.513201650707,12809,0.0262832824453,0.116188860264,144,144,144,1,0,0.0694444444444,0.8125,0.118055555556,-191,-0.00927544677545,-0.126790161276,-2.65277777778,-1.07974724916,-1.37383120079,-2.25154958649,-0.00610379851756,0.000390145669401,-2.24336528245,-0.0413895486465,-0.0108624855079,-0.0997111746363,0.0629622865348,0.0313347103241,0.00216608983488,0.014459053288,-0.162342703912,-0.126790161276,0.00216608983488,-0.162342703912,-0.0665190618386,-0.0348242574877,-3408,-0.00699300699301,0.000379340600735,0.0208333333333,-0.0277777777778,0.00694444444444,1923,1,192,18476,0.909219858156,0.99994587866,5.41213400444e-05,0.090780141844,0.99948024948,0.909219858156,0.952215895024,0.948336673526,0.909165736816,0.908790170132,232,423,0,5,2,5
242,WLNM_dir_neg_kfold,0.855599148266,0.427436448487,00:00:19,10,80,7,14352,threshold_sweep,0.8,0.995689655172,0.54609929078,0.70534351145,231,1,192,845,0.54609929078,0.998817966903,0.00118203309693,0.45390070922,0.995689655172,0.54609929078,0.70534351145,0.847911741529,0.60572629367,0.614257161892,0.66458809435,0.544917257683,2154,1731,423,0,2154,0,1731,0,423,144,2115,0.10270979021,3.28340051934,29.375,15.4379562044,16.5234375,23.125947344,0.787266292563,0.431540583136,18.7178045265,1.27440371245,0.622363409509,10.41950078,0.709412819061,0.401704097715,1.12585631727,0.342893384662,4.14543900894,3.28340051934,1.12585631727,4.14543900894,0.506274862896,0.548025908195,16217,0.0332762894383,0.115809519663,144,144,144,1,0,0.0486111111111,0.840277777778,0.111111111111,144,0.0821678321678,3.15516664001,23.5,12.6268656716,13.3228346457,18.6352549559,0.792989572593,0.435891121618,14.9995337923,1.27655606743,0.623612752824,8.59866634642,0.731801391185,0.412455673759,1.12152124274,0.355455470567,4.07916214432,3.15516664001,1.12152124274,4.07916214432,0.398073563212,0.443482294727,8604,0.0176548803309,0.0925841204852,144,144,144,1,0,0.0694444444444,0.8125,0.118055555556,144,1924,0.0934343434343,3.15661035806,26.7222222222,14.3582089552,15.1496062992,20.8743977576,0.781162494046,0.431930728806,16.4744392441,1.2330141638,0.611500924001,10.3197896053,0.772375105596,0.433038808039,1.12802240711,0.35735243795,3.98309630503,3.15661035806,1.12802240711,3.98309630503,0.439755801057,0.513201650707,12809,0.0262832824453,0.116188860264,144,144,144,1,0,0.0694444444444,0.8125,0.118055555556,-191,-0.00927544677545,-0.126790161276,-2.65277777778,-1.07974724916,-1.37383120079,-2.25154958649,-0.00610379851756,0.000390145669401,-2.24336528245,-0.0413895486465,-0.0108624855079,-0.0997111746363,0.0629622865348,0.0313347103241,0.00216608983488,0.014459053288,-0.162342703912,-0.126790161276,0.00216608983488,-0.162342703912,-0.0665190618386,-0.0348242574877,-3408,-0.00699300699301,0.000379340600735,0.0208333333333,-0.0277777777778,0.00694444444444,1923,1,192,18476,0.909219858156,0.99994587866,5.41213400444e-05,0.090780141844,0.99948024948,0.909219858156,0.952215895024,0.948336673526,0.909165736816,0.908790170132,232,423,0,5,2,5
243,WLNM_dir_neg_kfold,0.855599148266,0.427436448487,00:00:19,10,80,7,14352,threshold_sweep,0.9,0.995670995671,0.543735224586,0.703363914373,230,1,193,845,0.543735224586,0.998817966903,0.00118203309693,0.456264775414,0.995670995671,0.543735224586,0.703363914373,0.847123719464,0.605988967691,0.612,0.662816057245,0.542553191489,2154,1731,423,0,2154,0,1731,0,423,144,2115,0.10270979021,3.28340051934,29.375,15.4379562044,16.5234375,23.125947344,0.787266292563,0.431540583136,18.7178045265,1.27440371245,0.622363409509,10.41950078,0.709412819061,0.401704097715,1.12585631727,0.342893384662,4.14543900894,3.28340051934,1.12585631727,4.14543900894,0.506274862896,0.548025908195,16217,0.0332762894383,0.115809519663,144,144,144,1,0,0.0486111111111,0.840277777778,0.111111111111,144,0.0821678321678,3.15516664001,23.5,12.6268656716,13.3228346457,18.6352549559,0.792989572593,0.435891121618,14.9995337923,1.27655606743,0.623612752824,8.59866634642,0.731801391185,0.412455673759,1.12152124274,0.355455470567,4.07916214432,3.15516664001,1.12152124274,4.07916214432,0.398073563212,0.443482294727,8604,0.0176548803309,0.0925841204852,144,144,144,1,0,0.0694444444444,0.8125,0.118055555556,144,1923,0.0933857808858,3.15628606,26.7083333333,14.3507462687,15.1417322835,20.8604671786,0.781047133052,0.431851996302,16.46885968,1.23323754234,0.611569740567,10.3142706151,0.772363478198,0.432978708037,1.12754189731,0.357236915755,3.98202691072,3.15628606,1.12754189731,3.98202691072,0.439398900275,0.512315468549,12771,0.0262053087757,0.11614819852,144,144,144,1,0,0.0694444444444,0.8125,0.118055555556,-192,-0.00932400932401,-0.12711445934,-2.66666666667,-1.08720993572,-1.38170521654,-2.26548016545,-0.00621915951137,0.000311413165746,-2.2489448465,-0.0411661701021,-0.0107936689414,-0.105230164848,0.0629506591376,0.0312746103225,0.00168558003844,0.0143435310933,-0.163412098214,-0.12711445934,0.00168558003844,-0.163412098214,-0.0668759626208,-0.0357104396455,-3446,-0.00707098066253,0.000338678857325,0.0208333333333,-0.0277777777778,0.00694444444444,1922,1,193,18476,0.908747044917,0.99994587866,5.41213400444e-05,0.0912529550827,0.999479979199,0.908747044917,0.951956414066,0.948064514076,0.908692923577,0.90831758034,231,423,0,5,2,5
244,WLNM_dir_neg_kfold,0.82051959157,0.368067132569,00:00:20,10,80,8,14353,threshold_sweep,0.1,0.948,0.560283687943,0.704309063893,237,13,186,833,0.560283687943,0.98463356974,0.01536643026,0.439716312057,0.948,0.560283687943,0.704309063893,0.843183609141,0.600998161282,0.606978275181,0.645845787443,0.544917257683,2154,1731,423,0,2154,0,1731,0,423,144,2115,0.10270979021,3.28340051934,29.375,15.4379562044,16.5234375,23.125947344,0.787266292563,0.431540583136,18.7178045265,1.27440371245,0.622363409509,10.41950078,0.709412819061,0.401704097715,1.12585631727,0.342893384662,4.14543900894,3.28340051934,1.12585631727,4.14543900894,0.506274862896,0.548025908195,16217,0.0332762894383,0.115809519663,144,144,144,1,0,0.0486111111111,0.840277777778,0.111111111111,144,0.0821678321678,3.15516664001,23.5,12.6268656716,13.3228346457,18.6352549559,0.792989572593,0.435891121618,14.9995337923,1.27655606743,0.623612752824,8.59866634642,0.731801391185,0.412455673759,1.12152124274,0.355455470567,4.07916214432,3.15516664001,1.12152124274,4.07916214432,0.398073563212,0.443482294727,8604,0.0176548803309,0.0925841204852,144,144,144,1,0,0.0694444444444,0.8125,0.118055555556,144,1942,0.0943084693085,4.32713964979,26.9722222222,13.7730496454,15.2913385827,20.8346619623,0.772448847212,0.427891492162,16.4410309305,1.21910836972,0.602721993363,10.357245436,0.767993482385,0.430905996109,1.30326530383,0.301184017459,5.14580828313,4.32713964979,1.30326530383,5.14580828313,0.44399614933,0.512887244864,12941,0.0265541383499,0.109563705991,144,144,144,1,0,0.0208333333333,0.861111111111,0.118055555556,-173,-0.00840132090132,1.04373913045,-2.40277777778,-1.66490655899,-1.23209891732,-2.29128538175,-0.0148174453514,-0.00364909097475,-2.27677359604,-0.0552953427277,-0.0196414161457,-0.0622553439079,0.0585806633238,0.0292018983947,0.177408986558,-0.0417093672021,1.00036927419,1.04373913045,0.177408986558,1.00036927419,-0.0622787135655,-0.0351386633306,-3276,-0.00672215108835,-0.00624581367232,-0.0277777777778,0.0208333333333,0.00694444444444,1929,13,186,18464,0.912056737589,0.999296422579,0.000703577420577,0.0879432624113,0.993305870237,0.912056737589,0.950948977077,0.946659043855,0.911353160168,0.906484962406,250,423,0,5,2,5
245,WLNM_dir_neg_kfold,0.82051959157,0.368067132569,00:00:20,10,80,8,14353,threshold_sweep,0.2,0.955465587045,0.557919621749,0.70447761194,236,11,187,835,0.557919621749,0.986997635934,0.0130023640662,0.442080378251,0.955465587045,0.557919621749,0.70447761194,0.843971631206,0.601786183346,0.608179419525,0.648801735673,0.544917257683,2154,1731,423,0,2154,0,1731,0,423,144,2115,0.10270979021,3.28340051934,29.375,15.4379562044,16.5234375,23.125947344,0.787266292563,0.431540583136,18.7178045265,1.27440371245,0.622363409509,10.41950078,0.709412819061,0.401704097715,1.12585631727,0.342893384662,4.14543900894,3.28340051934,1.12585631727,4.14543900894,0.506274862896,0.548025908195,16217,0.0332762894383,0.115809519663,144,144,144,1,0,0.0486111111111,0.840277777778,0.111111111111,144,0.0821678321678,3.15516664001,23.5,12.6268656716,13.3228346457,18.6352549559,0.792989572593,0.435891121618,14.9995337923,1.27655606743,0.623612752824,8.59866634642,0.731801391185,0.412455673759,1.12152124274,0.355455470567,4.07916214432,3.15516664001,1.12152124274,4.07916214432,0.398073563212,0.443482294727,8604,0.0176548803309,0.0925841204852,144,144,144,1,0,0.0694444444444,0.8125,0.118055555556,144,1939,0.0941627816628,4.32441612602,26.9305555556,13.7517730496,15.2677165354,20.8429534898,0.77395185728,0.428707523924,16.438447681,1.22080271586,0.603063578018,10.3652952383,0.76977953291,0.431841298493,1.30149528969,0.300964396524,5.14321439152,4.32441612602,1.30149528969,5.14321439152,0.441796028779,0.511618982082,12887,0.0264433336616,0.109881477993,144,144,144,1,0,0.0208333333333,0.861111111111,0.118055555556,-176,-0.00854700854701,1.04101560669,-2.44444444444,-1.68618315473,-1.25572096457,-2.28299385422,-0.0133144352827,-0.0028330592122,-2.27935684557,-0.0536009965813,-0.0192998314903,-0.0542055416691,0.0603667138496,0.0301372007782,0.175638972412,-0.0419289881377,0.997775382579,1.04101560669,0.175638972412,0.997775382579,-0.0644788341167,-0.036406926113,-3330,-0.00683295577662,-0.00592804167003,-0.0277777777778,0.0208333333333,0.00694444444444,1928,11,187,18466,0.91158392435,0.99940466526,0.000595334740488,0.0884160756501,0.994326972666,0.91158392435,0.951159348791,0.946935946274,0.910988589609,0.906867356538,247,423,0,5,2,5
246,WLNM_dir_neg_kfold,0.82051959157,0.368067132569,00:00:20,10,80,8,14353,threshold_sweep,0.3,0.955465587045,0.557919621749,0.70447761194,236,11,187,835,0.557919621749,0.986997635934,0.0130023640662,0.442080378251,0.955465587045,0.557919621749,0.70447761194,0.843971631206,0.601786183346,0.608179419525,0.648801735673,0.544917257683,2154,1731,423,0,2154,0,1731,0,423,144,2115,0.10270979021,3.28340051934,29.375,15.4379562044,16.5234375,23.125947344,0.787266292563,0.431540583136,18.7178045265,1.27440371245,0.622363409509,10.41950078,0.709412819061,0.401704097715,1.12585631727,0.342893384662,4.14543900894,3.28340051934,1.12585631727,4.14543900894,0.506274862896,0.548025908195,16217,0.0332762894383,0.115809519663,144,144,144,1,0,0.0486111111111,0.840277777778,0.111111111111,144,0.0821678321678,3.15516664001,23.5,12.6268656716,13.3228346457,18.6352549559,0.792989572593,0.435891121618,14.9995337923,1.27655606743,0.623612752824,8.59866634642,0.731801391185,0.412455673759,1.12152124274,0.355455470567,4.07916214432,3.15516664001,1.12152124274,4.07916214432,0.398073563212,0.443482294727,8604,0.0176548803309,0.0925841204852,144,144,144,1,0,0.0694444444444,0.8125,0.118055555556,144,1939,0.0941627816628,4.32441612602,26.9305555556,13.7517730496,15.2677165354,20.8429534898,0.77395185728,0.428707523924,16.438447681,1.22080271586,0.603063578018,10.3652952383,0.76977953291,0.431841298493,1.30149528969,0.300964396524,5.14321439152,4.32441612602,1.30149528969,5.14321439152,0.441796028779,0.511618982082,12887,0.0264433336616,0.109881477993,144,144,144,1,0,0.0208333333333,0.861111111111,0.118055555556,-176,-0.00854700854701,1.04101560669,-2.44444444444,-1.68618315473,-1.25572096457,-2.28299385422,-0.0133144352827,-0.0028330592122,-2.27935684557,-0.0536009965813,-0.0192998314903,-0.0542055416691,0.0603667138496,0.0301372007782,0.175638972412,-0.0419289881377,0.997775382579,1.04101560669,0.175638972412,0.997775382579,-0.0644788341167,-0.036406926113,-3330,-0.00683295577662,-0.00592804167003,-0.0277777777778,0.0208333333333,0.00694444444444,1928,11,187,18466,0.91158392435,0.99940466526,0.000595334740488,0.0884160756501,0.994326972666,0.91158392435,0.951159348791,0.946935946274,0.910988589609,0.906867356538,247,423,0,5,2,5
247,WLNM_dir_neg_kfold,0.82051959157,0.368067132569,00:00:20,10,80,8,14353,threshold_sweep,0.4,0.962962962963,0.553191489362,0.702702702703,234,9,189,837,0.553191489362,0.989361702128,0.0106382978723,0.446808510638,0.962962962963,0.553191489362,0.702702702703,0.843971631206,0.602836879433,0.607142857143,0.650011245967,0.542553191489,2154,1731,423,0,2154,0,1731,0,423,144,2115,0.10270979021,3.28340051934,29.375,15.4379562044,16.5234375,23.125947344,0.787266292563,0.431540583136,18.7178045265,1.27440371245,0.622363409509,10.41950078,0.709412819061,0.401704097715,1.12585631727,0.342893384662,4.14543900894,3.28340051934,1.12585631727,4.14543900894,0.506274862896,0.548025908195,16217,0.0332762894383,0.115809519663,144,144,144,1,0,0.0486111111111,0.840277777778,0.111111111111,144,0.0821678321678,3.15516664001,23.5,12.6268656716,13.3228346457,18.6352549559,0.792989572593,0.435891121618,14.9995337923,1.27655606743,0.623612752824,8.59866634642,0.731801391185,0.412455673759,1.12152124274,0.355455470567,4.07916214432,3.15516664001,1.12152124274,4.07916214432,0.398073563212,0.443482294727,8604,0.0176548803309,0.0925841204852,144,144,144,1,0,0.0694444444444,0.8125,0.118055555556,144,1935,0.0939685314685,4.04716678363,26.875,13.8214285714,15.2362204724,20.8366524163,0.77531729921,0.42923126615,16.4370886904,1.22322520487,0.604819839219,10.3523374949,0.770406511249,0.432109532013,1.27189381828,0.314267705356,4.93750924347,4.04716678363,1.27189381828,4.93750924347,0.437251316165,0.510956849524,12832,0.0263304770347,0.110007330757,144,144,144,1,0,0.0277777777778,0.854166666667,0.118055555556,-180,-0.00874125874126,0.763766264295,-2.5,-1.61652763295,-1.28721702756,-2.28929492778,-0.0119489933534,-0.00230931698646,-2.28071583616,-0.0511785075798,-0.0175435702897,-0.0671632850518,0.0609936921878,0.0304054342979,0.14603750101,-0.0286256793055,0.792070234531,0.763766264295,0.14603750101,0.792070234531,-0.0690235467305,-0.0370690586707,-3385,-0.00694581240356,-0.00580218890632,-0.0208333333333,0.0138888888889,0.00694444444444,1926,9,189,18468,0.910638297872,0.99951290794,0.000487092060399,0.0893617021277,0.995348837209,0.910638297872,0.951111111111,0.946941333325,0.910151205812,0.906779661017,243,423,0,5,2,5
248,WLNM_dir_neg_kfold,0.82051959157,0.368067132569,00:00:20,10,80,8,14353,threshold_sweep,0.5,0.974789915966,0.548463356974,0.701966717095,232,6,191,840,0.548463356974,0.992907801418,0.00709219858156,0.451536643026,0.974789915966,0.548463356974,0.701966717095,0.84475965327,0.60415024954,0.607830126078,0.653781562892,0.541371158392,2154,1731,423,0,2154,0,1731,0,423,144,2115,0.10270979021,3.28340051934,29.375,15.4379562044,16.5234375,23.125947344,0.787266292563,0.431540583136,18.7178045265,1.27440371245,0.622363409509,10.41950078,0.709412819061,0.401704097715,1.12585631727,0.342893384662,4.14543900894,3.28340051934,1.12585631727,4.14543900894,0.506274862896,0.548025908195,16217,0.0332762894383,0.115809519663,144,144,144,1,0,0.0486111111111,0.840277777778,0.111111111111,144,0.0821678321678,3.15516664001,23.5,12.6268656716,13.3228346457,18.6352549559,0.792989572593,0.435891121618,14.9995337923,1.27655606743,0.623612752824,8.59866634642,0.731801391185,0.412455673759,1.12152124274,0.355455470567,4.07916214432,3.15516664001,1.12152124274,4.07916214432,0.398073563212,0.443482294727,8604,0.0176548803309,0.0925841204852,144,144,144,1,0,0.0694444444444,0.8125,0.118055555556,144,1930,0.0937257187257,3.65217722627,26.8055555556,14.1911764706,15.1968503937,20.8726668317,0.778669436209,0.430811024755,16.4641247814,1.22841138265,0.608570811744,10.3324591705,0.770919233445,0.432196315486,1.24496209513,0.340882169182,4.48723946718,3.65217722627,1.24496209513,4.48723946718,0.44027712279,0.51193722152,12830,0.0263263731574,0.113789848249,144,144,144,1,0,0.0555555555556,0.826388888889,0.118055555556,-185,-0.00898407148407,0.368776706934,-2.56944444444,-1.24677973379,-1.3265871063,-2.25328051232,-0.0085968563537,-0.000729558381003,-2.25367974514,-0.0459923297917,-0.0137925977644,-0.087041609472,0.0615064143846,0.0304922177717,0.119105777854,-0.00201121547926,0.341800458238,0.368776706934,0.119105777854,0.341800458238,-0.0659977401052,-0.0360886866746,-3387,-0.0069499162809,-0.00201967141443,0.00694444444444,-0.0138888888889,0.00694444444444,1924,6,191,18471,0.909692671395,0.99967527196,0.000324728040266,0.0903073286052,0.99689119171,0.909692671395,0.95129789864,0.947224251838,0.909367943355,0.907119283357,238,423,0,5,2,5
249,WLNM_dir_neg_kfold,0.82051959157,0.368067132569,00:00:20,10,80,8,14353,threshold_sweep,0.6,0.983050847458,0.548463356974,0.704097116844,232,4,191,842,0.548463356974,0.995271867612,0.00472813238771,0.451536643026,0.983050847458,0.548463356974,0.704097116844,0.8463356974,0.604675597583,0.611295681063,0.658774335503,0.543735224586,2154,1731,423,0,2154,0,1731,0,423,144,2115,0.10270979021,3.28340051934,29.375,15.4379562044,16.5234375,23.125947344,0.787266292563,0.431540583136,18.7178045265,1.27440371245,0.622363409509,10.41950078,0.709412819061,0.401704097715,1.12585631727,0.342893384662,4.14543900894,3.28340051934,1.12585631727,4.14543900894,0.506274862896,0.548025908195,16217,0.0332762894383,0.115809519663,144,144,144,1,0,0.0486111111111,0.840277777778,0.111111111111,144,0.0821678321678,3.15516664001,23.5,12.6268656716,13.3228346457,18.6352549559,0.792989572593,0.435891121618,14.9995337923,1.27655606743,0.623612752824,8.59866634642,0.731801391185,0.412455673759,1.12152124274,0.355455470567,4.07916214432,3.15516664001,1.12152124274,4.07916214432,0.398073563212,0.443482294727,8604,0.0176548803309,0.0925841204852,144,144,144,1,0,0.0694444444444,0.8125,0.118055555556,144,1928,0.0936285936286,3.16107918562,26.7777777778,14.3880597015,15.1811023622,20.8630045119,0.779116351068,0.430951763485,16.4750759461,1.23050359763,0.610109785615,10.3086026341,0.769937126197,0.431708160443,1.12866034644,0.357049058302,3.98482900637,3.16107918562,1.12866034644,3.98482900637,0.440863197472,0.512771315505,12828,0.02632226928,0.116275471876,144,144,144,1,0,0.0694444444444,0.8125,0.118055555556,-187,-0.0090811965812,-0.122321333717,-2.59722222222,-1.04989650289,-1.3423351378,-2.26294283211,-0.0081499414951,-0.000588819650851,-2.24272858049,-0.0439001148149,-0.0122536238933,-0.110898145879,0.0605243071358,0.0300040627279,0.00280402916823,0.0141556736403,-0.160610002565,-0.122321333717,0.00280402916823,-0.160610002565,-0.0654116654238,-0.0352545926894,-3389,-0.00695402015825,0.00046595221306,0.0208333333333,-0.0277777777778,0.00694444444444,1924,4,191,18473,0.909692671395,0.99978351464,0.000216485360178,0.0903073286052,0.997925311203,0.909692671395,0.951768488746,0.947777445457,0.909476186035,0.907975460123,236,423,0,5,2,5
250,WLNM_dir_neg_kfold,0.82051959157,0.368067132569,00:00:20,10,80,8,14353,threshold_sweep,0.7,0.983050847458,0.548463356974,0.704097116844,232,4,191,842,0.548463356974,0.995271867612,0.00472813238771,0.451536643026,0.983050847458,0.548463356974,0.704097116844,0.8463356974,0.604675597583,0.611295681063,0.658774335503,0.543735224586,2154,1731,423,0,2154,0,1731,0,423,144,2115,0.10270979021,3.28340051934,29.375,15.4379562044,16.5234375,23.125947344,0.787266292563,0.431540583136,18.7178045265,1.27440371245,0.622363409509,10.41950078,0.709412819061,0.401704097715,1.12585631727,0.342893384662,4.14543900894,3.28340051934,1.12585631727,4.14543900894,0.506274862896,0.548025908195,16217,0.0332762894383,0.115809519663,144,144,144,1,0,0.0486111111111,0.840277777778,0.111111111111,144,0.0821678321678,3.15516664001,23.5,12.6268656716,13.3228346457,18.6352549559,0.792989572593,0.435891121618,14.9995337923,1.27655606743,0.623612752824,8.59866634642,0.731801391185,0.412455673759,1.12152124274,0.355455470567,4.07916214432,3.15516664001,1.12152124274,4.07916214432,0.398073563212,0.443482294727,8604,0.0176548803309,0.0925841204852,144,144,144,1,0,0.0694444444444,0.8125,0.118055555556,144,1928,0.0936285936286,3.16107918562,26.7777777778,14.3880597015,15.1811023622,20.8630045119,0.779116351068,0.430951763485,16.4750759461,1.23050359763,0.610109785615,10.3086026341,0.769937126197,0.431708160443,1.12866034644,0.357049058302,3.98482900637,3.16107918562,1.12866034644,3.98482900637,0.440863197472,0.512771315505,12828,0.02632226928,0.116275471876,144,144,144,1,0,0.0694444444444,0.8125,0.118055555556,-187,-0.0090811965812,-0.122321333717,-2.59722222222,-1.04989650289,-1.3423351378,-2.26294283211,-0.0081499414951,-0.000588819650851,-2.24272858049,-0.0439001148149,-0.0122536238933,-0.110898145879,0.0605243071358,0.0300040627279,0.00280402916823,0.0141556736403,-0.160610002565,-0.122321333717,0.00280402916823,-0.160610002565,-0.0654116654238,-0.0352545926894,-3389,-0.00695402015825,0.00046595221306,0.0208333333333,-0.0277777777778,0.00694444444444,1924,4,191,18473,0.909692671395,0.99978351464,0.000216485360178,0.0903073286052,0.997925311203,0.909692671395,0.951768488746,0.947777445457,0.909476186035,0.907975460123,236,423,0,5,2,5
251,WLNM_dir_neg_kfold,0.82051959157,0.368067132569,00:00:20,10,80,8,14353,threshold_sweep,0.8,0.983050847458,0.548463356974,0.704097116844,232,4,191,842,0.548463356974,0.995271867612,0.00472813238771,0.451536643026,0.983050847458,0.548463356974,0.704097116844,0.8463356974,0.604675597583,0.611295681063,0.658774335503,0.543735224586,2154,1731,423,0,2154,0,1731,0,423,144,2115,0.10270979021,3.28340051934,29.375,15.4379562044,16.5234375,23.125947344,0.787266292563,0.431540583136,18.7178045265,1.27440371245,0.622363409509,10.41950078,0.709412819061,0.401704097715,1.12585631727,0.342893384662,4.14543900894,3.28340051934,1.12585631727,4.14543900894,0.506274862896,0.548025908195,16217,0.0332762894383,0.115809519663,144,144,144,1,0,0.0486111111111,0.840277777778,0.111111111111,144,0.0821678321678,3.15516664001,23.5,12.6268656716,13.3228346457,18.6352549559,0.792989572593,0.435891121618,14.9995337923,1.27655606743,0.623612752824,8.59866634642,0.731801391185,0.412455673759,1.12152124274,0.355455470567,4.07916214432,3.15516664001,1.12152124274,4.07916214432,0.398073563212,0.443482294727,8604,0.0176548803309,0.0925841204852,144,144,144,1,0,0.0694444444444,0.8125,0.118055555556,144,1928,0.0936285936286,3.16107918562,26.7777777778,14.3880597015,15.1811023622,20.8630045119,0.779116351068,0.430951763485,16.4750759461,1.23050359763,0.610109785615,10.3086026341,0.769937126197,0.431708160443,1.12866034644,0.357049058302,3.98482900637,3.16107918562,1.12866034644,3.98482900637,0.440863197472,0.512771315505,12828,0.02632226928,0.116275471876,144,144,144,1,0,0.0694444444444,0.8125,0.118055555556,-187,-0.0090811965812,-0.122321333717,-2.59722222222,-1.04989650289,-1.3423351378,-2.26294283211,-0.0081499414951,-0.000588819650851,-2.24272858049,-0.0439001148149,-0.0122536238933,-0.110898145879,0.0605243071358,0.0300040627279,0.00280402916823,0.0141556736403,-0.160610002565,-0.122321333717,0.00280402916823,-0.160610002565,-0.0654116654238,-0.0352545926894,-3389,-0.00695402015825,0.00046595221306,0.0208333333333,-0.0277777777778,0.00694444444444,1924,4,191,18473,0.909692671395,0.99978351464,0.000216485360178,0.0903073286052,0.997925311203,0.909692671395,0.951768488746,0.947777445457,0.909476186035,0.907975460123,236,423,0,5,2,5
252,WLNM_dir_neg_kfold,0.82051959157,0.368067132569,00:00:20,10,80,8,14353,threshold_sweep,0.9,0.987234042553,0.548463356974,0.705167173252,232,3,191,843,0.548463356974,0.996453900709,0.00354609929078,0.451536643026,0.987234042553,0.548463356974,0.705167173252,0.847123719464,0.604938271605,0.613031914894,0.661289652331,0.544917257683,2154,1731,423,0,2154,0,1731,0,423,144,2115,0.10270979021,3.28340051934,29.375,15.4379562044,16.5234375,23.125947344,0.787266292563,0.431540583136,18.7178045265,1.27440371245,0.622363409509,10.41950078,0.709412819061,0.401704097715,1.12585631727,0.342893384662,4.14543900894,3.28340051934,1.12585631727,4.14543900894,0.506274862896,0.548025908195,16217,0.0332762894383,0.115809519663,144,144,144,1,0,0.0486111111111,0.840277777778,0.111111111111,144,0.0821678321678,3.15516664001,23.5,12.6268656716,13.3228346457,18.6352549559,0.792989572593,0.435891121618,14.9995337923,1.27655606743,0.623612752824,8.59866634642,0.731801391185,0.412455673759,1.12152124274,0.355455470567,4.07916214432,3.15516664001,1.12152124274,4.07916214432,0.398073563212,0.443482294727,8604,0.0176548803309,0.0925841204852,144,144,144,1,0,0.0694444444444,0.8125,0.118055555556,144,1927,0.09358003108,3.16075344297,26.7638888889,14.3805970149,15.1732283465,20.8742442135,0.779940624479,0.431420457822,16.4775738793,1.23132882129,0.610271435161,10.3139504466,0.770736307375,0.432180851064,1.12849793159,0.357034470403,3.98477861136,3.16075344297,1.12849793159,3.98477861136,0.440937904223,0.512781213349,12825,0.026316113464,0.116502811537,144,144,144,1,0,0.0694444444444,0.8125,0.118055555556,-188,-0.00912975912976,-0.122647076362,-2.61111111111,-1.05735918945,-1.35020915354,-2.25170313056,-0.00732566808434,-0.000120125314728,-2.24023064723,-0.0430748911583,-0.0120919743476,-0.105550333348,0.0613234883141,0.0304767533491,0.00264161431201,0.0141410857414,-0.160660397576,-0.122647076362,0.00264161431201,-0.160660397576,-0.0653369586728,-0.0352446948459,-3392,-0.00696017597426,0.000693291874381,0.0208333333333,-0.0277777777778,0.00694444444444,1924,3,191,18474,0.909692671395,0.99983763598,0.000162364020133,0.0903073286052,0.998443175921,0.909692671395,0.952003958436,0.948054351631,0.909530307375,0.908404154863,235,423,0,5,2,5
253,WLNM_dir_neg_kfold,0.84423011362,0.360674363393,00:00:20,10,80,9,14354,threshold_sweep,0.1,0.944881889764,0.567375886525,0.709010339734,240,14,183,832,0.567375886525,0.983451536643,0.016548463357,0.432624113475,0.944881889764,0.567375886525,0.709010339734,0.84475965327,0.599947465196,0.61195009849,0.648964647906,0.550827423168,2154,1731,423,0,2154,0,1731,0,423,144,2115,0.10270979021,3.28340051934,29.375,15.4379562044,16.5234375,23.125947344,0.787266292563,0.431540583136,18.7178045265,1.27440371245,0.622363409509,10.41950078,0.709412819061,0.401704097715,1.12585631727,0.342893384662,4.14543900894,3.28340051934,1.12585631727,4.14543900894,0.506274862896,0.548025908195,16217,0.0332762894383,0.115809519663,144,144,144,1,0,0.0486111111111,0.840277777778,0.111111111111,144,0.0821678321678,3.15516664001,23.5,12.6268656716,13.3228346457,18.6352549559,0.792989572593,0.435891121618,14.9995337923,1.27655606743,0.623612752824,8.59866634642,0.731801391185,0.412455673759,1.12152124274,0.355455470567,4.07916214432,3.15516664001,1.12152124274,4.07916214432,0.398073563212,0.443482294727,8604,0.0176548803309,0.0925841204852,144,144,144,1,0,0.0694444444444,0.8125,0.118055555556,144,1946,0.0945027195027,4.24643902784,27.0277777778,13.7042253521,15.3228346457,20.9174014767,0.773922356795,0.428953265959,16.4478349421,1.21710597721,0.600962087473,10.4265570762,0.771543791866,0.432339842412,1.30836931215,0.308109760572,5.32646522809,4.24643902784,1.30836931215,5.32646522809,0.443749197942,0.511900359256,12919,0.0265089956991,0.111175517376,144,144,144,1,0,0.0138888888889,0.868055555556,0.118055555556,-169,-0.00820707070707,0.963038508506,-2.34722222222,-1.73373085227,-1.20060285433,-2.20854586734,-0.0133439357683,-0.00258731717767,-2.26996958448,-0.057297735232,-0.0214013220359,0.00705629623649,0.0621309728054,0.030635744697,0.182512994879,-0.0347836240891,1.18102621915,0.963038508506,0.182512994879,1.18102621915,-0.0625256649538,-0.0361255489387,-3298,-0.00676729373912,-0.00463400228699,-0.0347222222222,0.0277777777778,0.00694444444444,1932,14,183,18463,0.913475177305,0.999242301239,0.000757698760621,0.086524822695,0.992805755396,0.913475177305,0.951489780842,0.947202912358,0.912717478544,0.907468294974,254,423,0,5,2,5
254,WLNM_dir_neg_kfold,0.84423011362,0.360674363393,00:00:20,10,80,9,14354,threshold_sweep,0.2,0.948207171315,0.562647754137,0.706231454006,238,13,185,833,0.562647754137,0.98463356974,0.01536643026,0.437352245863,0.948207171315,0.562647754137,0.706231454006,0.843971631206,0.60073548726,0.609210526316,0.647672180897,0.547281323877,2154,1731,423,0,2154,0,1731,0,423,144,2115,0.10270979021,3.28340051934,29.375,15.4379562044,16.5234375,23.125947344,0.787266292563,0.431540583136,18.7178045265,1.27440371245,0.622363409509,10.41950078,0.709412819061,0.401704097715,1.12585631727,0.342893384662,4.14543900894,3.28340051934,1.12585631727,4.14543900894,0.506274862896,0.548025908195,16217,0.0332762894383,0.115809519663,144,144,144,1,0,0.0486111111111,0.840277777778,0.111111111111,144,0.0821678321678,3.15516664001,23.5,12.6268656716,13.3228346457,18.6352549559,0.792989572593,0.435891121618,14.9995337923,1.27655606743,0.623612752824,8.59866634642,0.731801391185,0.412455673759,1.12152124274,0.355455470567,4.07916214432,3.15516664001,1.12152124274,4.07916214432,0.398073563212,0.443482294727,8604,0.0176548803309,0.0925841204852,144,144,144,1,0,0.0694444444444,0.8125,0.118055555556,144,1943,0.094357031857,4.24533327733,26.9861111111,13.6830985915,15.2992125984,20.9087214082,0.774795646623,0.429286755876,16.4418860163,1.21854430589,0.601486103963,10.4164988331,0.771989620161,0.432431949448,1.30740901717,0.307963811499,5.32558760069,4.24533327733,1.30740901717,5.32558760069,0.443283550188,0.511405610793,12876,0.0264207623363,0.110910052451,144,144,144,1,0,0.0138888888889,0.868055555556,0.118055555556,-172,-0.00835275835276,0.961932757994,-2.38888888889,-1.75485761283,-1.22422490157,-2.21722593587,-0.0124706459401,-0.00225382726053,-2.27591851024,-0.0558594065534,-0.0208773055459,-0.00300194680889,0.0625768011003,0.0307278517334,0.181552699894,-0.0349295731628,1.18014859175,0.961932757994,0.181552699894,1.18014859175,-0.0629913127075,-0.0366202974022,-3341,-0.00685552710201,-0.00489946721199,-0.0347222222222,0.0277777777778,0.00694444444444,1930,13,185,18464,0.912529550827,0.999296422579,0.000703577420577,0.0874704491726,0.993309315492,0.912529550827,0.951207491375,0.946931795833,0.911825973407,0.906954887218,251,423,0,5,2,5
255,WLNM_dir_neg_kfold,0.84423011362,0.360674363393,00:00:20,10,80,9,14354,threshold_sweep,0.3,0.951807228916,0.560283687943,0.705357142857,237,12,186,834,0.560283687943,0.985815602837,0.0141843971631,0.439716312057,0.951807228916,0.560283687943,0.705357142857,0.843971631206,0.601260835303,0.608695652174,0.648227152179,0.54609929078,2154,1731,423,0,2154,0,1731,0,423,144,2115,0.10270979021,3.28340051934,29.375,15.4379562044,16.5234375,23.125947344,0.787266292563,0.431540583136,18.7178045265,1.27440371245,0.622363409509,10.41950078,0.709412819061,0.401704097715,1.12585631727,0.342893384662,4.14543900894,3.28340051934,1.12585631727,4.14543900894,0.506274862896,0.548025908195,16217,0.0332762894383,0.115809519663,144,144,144,1,0,0.0486111111111,0.840277777778,0.111111111111,144,0.0821678321678,3.15516664001,23.5,12.6268656716,13.3228346457,18.6352549559,0.792989572593,0.435891121618,14.9995337923,1.27655606743,0.623612752824,8.59866634642,0.731801391185,0.412455673759,1.12152124274,0.355455470567,4.07916214432,3.15516664001,1.12152124274,4.07916214432,0.398073563212,0.443482294727,8604,0.0176548803309,0.0925841204852,144,144,144,1,0,0.0694444444444,0.8125,0.118055555556,144,1941,0.0942599067599,4.24422237685,26.9583333333,13.6690140845,15.2834645669,20.885259298,0.774723683387,0.429349848303,16.4371950502,1.2194518739,0.60161929704,10.4077490966,0.772135945346,0.43238379415,1.30650920143,0.307832409668,5.32475750383,4.24422237685,1.30650920143,5.32475750383,0.442757276186,0.511453516872,12868,0.0264043468269,0.111013486466,144,144,144,1,0,0.0138888888889,0.868055555556,0.118055555556,-174,-0.00844988344988,0.960821857519,-2.41666666667,-1.76894211987,-1.23997293307,-2.24068804606,-0.0125426091758,-0.00219073483362,-2.28060947632,-0.0549518385496,-0.0207441124683,-0.0117516833094,0.0627231262854,0.0306796964349,0.180652884159,-0.0350609749936,1.17931849489,0.960821857519,0.180652884159,1.17931849489,-0.0635175867094,-0.0365723913226,-3349,-0.00687194261138,-0.00479603319726,-0.0347222222222,0.0277777777778,0.00694444444444,1929,12,186,18465,0.912056737589,0.999350543919,0.000649456080533,0.0879432624113,0.993817619784,0.912056737589,0.951183431953,0.946933716905,0.911407281508,0.906911142454,249,423,0,5,2,5
256,WLNM_dir_neg_kfold,0.84423011362,0.360674363393,00:00:20,10,80,9,14354,threshold_sweep,0.4,0.95951417004,0.560283687943,0.707462686567,237,10,186,836,0.560283687943,0.988179669031,0.0118203309693,0.439716312057,0.95951417004,0.560283687943,0.707462686567,0.845547675335,0.601786183346,0.612137203166,0.653023872782,0.548463356974,2154,1731,423,0,2154,0,1731,0,423,144,2115,0.10270979021,3.28340051934,29.375,15.4379562044,16.5234375,23.125947344,0.787266292563,0.431540583136,18.7178045265,1.27440371245,0.622363409509,10.41950078,0.709412819061,0.401704097715,1.12585631727,0.342893384662,4.14543900894,3.28340051934,1.12585631727,4.14543900894,0.506274862896,0.548025908195,16217,0.0332762894383,0.115809519663,144,144,144,1,0,0.0486111111111,0.840277777778,0.111111111111,144,0.0821678321678,3.15516664001,23.5,12.6268656716,13.3228346457,18.6352549559,0.792989572593,0.435891121618,14.9995337923,1.27655606743,0.623612752824,8.59866634642,0.731801391185,0.412455673759,1.12152124274,0.355455470567,4.07916214432,3.15516664001,1.12152124274,4.07916214432,0.398073563212,0.443482294727,8604,0.0176548803309,0.0925841204852,144,144,144,1,0,0.0694444444444,0.8125,0.118055555556,144,1939,0.0941627816628,4.19820383604,26.9305555556,13.6549295775,15.2677165354,20.8788221333,0.775283751212,0.42956707352,16.4465284004,1.22140283118,0.60265529196,10.3949377099,0.771980933586,0.432263910378,1.27636670832,0.304026854856,5.27711924992,4.19820383604,1.27636670832,5.27711924992,0.441896771411,0.511352340053,12860,0.0263879313175,0.111236147808,144,144,144,1,0,0.0138888888889,0.868055555556,0.118055555556,-176,-0.00854700854701,0.914803316708,-2.44444444444,-1.78302662691,-1.25572096457,-2.24712521071,-0.0119825413513,-0.00197350961619,-2.27127612612,-0.053000881264,-0.0197081175485,-0.0245630700783,0.0625681145247,0.0305598126629,0.150510391043,-0.0388665298053,1.13168024099,0.914803316708,0.150510391043,1.13168024099,-0.0643780914847,-0.0366735681416,-3357,-0.00688835812075,-0.00457337185499,-0.0347222222222,0.0277777777778,0.00694444444444,1929,10,186,18467,0.912056737589,0.9994587866,0.000541213400444,0.0879432624113,0.994842702424,0.912056737589,0.951652688703,0.947483673545,0.911515524188,0.907764705882,247,423,0,5,2,5
257,WLNM_dir_neg_kfold,0.84423011362,0.360674363393,00:00:20,10,80,9,14354,threshold_sweep,0.5,0.967213114754,0.557919621749,0.707646176912,236,8,187,838,0.557919621749,0.990543735225,0.00945626477541,0.442080378251,0.967213114754,0.557919621749,0.707646176912,0.8463356974,0.602574205411,0.613350958361,0.656063893281,0.548463356974,2154,1731,423,0,2154,0,1731,0,423,144,2115,0.10270979021,3.28340051934,29.375,15.4379562044,16.5234375,23.125947344,0.787266292563,0.431540583136,18.7178045265,1.27440371245,0.622363409509,10.41950078,0.709412819061,0.401704097715,1.12585631727,0.342893384662,4.14543900894,3.28340051934,1.12585631727,4.14543900894,0.506274862896,0.548025908195,16217,0.0332762894383,0.115809519663,144,144,144,1,0,0.0486111111111,0.840277777778,0.111111111111,144,0.0821678321678,3.15516664001,23.5,12.6268656716,13.3228346457,18.6352549559,0.792989572593,0.435891121618,14.9995337923,1.27655606743,0.623612752824,8.59866634642,0.731801391185,0.412455673759,1.12152124274,0.355455470567,4.07916214432,3.15516664001,1.12152124274,4.07916214432,0.398073563212,0.443482294727,8604,0.0176548803309,0.0925841204852,144,144,144,1,0,0.0694444444444,0.8125,0.118055555556,144,1936,0.0940170940171,3.79914910032,26.8888888889,13.7304964539,15.2440944882,20.8809851304,0.7765655627,0.430067722681,16.4621956313,1.22446083208,0.604690369605,10.3517018484,0.769961294508,0.4316962236,1.21921871436,0.320918890565,4.88191044354,3.79914910032,1.21921871436,4.88191044354,0.437155733618,0.511667441397,12842,0.0263509964214,0.110568842941,144,144,144,1,0,0.0208333333333,0.861111111111,0.118055555556,-179,-0.0086926961927,0.515748580982,-2.48611111111,-1.70745975048,-1.27934301181,-2.24496221365,-0.0107007298627,-0.00147286045497,-2.25560889522,-0.0499428803634,-0.0176730399037,-0.0677989315768,0.0605484754467,0.0299921258849,0.0933623970895,-0.0219744940968,0.736471434598,0.515748580982,0.0933623970895,0.736471434598,-0.0691191292773,-0.0363584667977,-3375,-0.00692529301684,-0.00524067672187,-0.0277777777778,0.0208333333333,0.00694444444444,1928,8,187,18469,0.91158392435,0.99956702928,0.000432970720355,0.0884160756501,0.995867768595,0.91158392435,0.951863737349,0.947762031366,0.91115095363,0.908148845973,244,423,0,5,2,5
258,WLNM_dir_neg_kfold,0.84423011362,0.360674363393,00:00:20,10,80,9,14354,threshold_sweep,0.6,0.995744680851,0.553191489362,0.711246200608,234,1,189,845,0.553191489362,0.998817966903,0.00118203309693,0.446808510638,0.995744680851,0.553191489362,0.711246200608,0.850275807723,0.604938271605,0.621010638298,0.669896459086,0.552009456265,2154,1731,423,0,2154,0,1731,0,423,144,2115,0.10270979021,3.28340051934,29.375,15.4379562044,16.5234375,23.125947344,0.787266292563,0.431540583136,18.7178045265,1.27440371245,0.622363409509,10.41950078,0.709412819061,0.401704097715,1.12585631727,0.342893384662,4.14543900894,3.28340051934,1.12585631727,4.14543900894,0.506274862896,0.548025908195,16217,0.0332762894383,0.115809519663,144,144,144,1,0,0.0486111111111,0.840277777778,0.111111111111,144,0.0821678321678,3.15516664001,23.5,12.6268656716,13.3228346457,18.6352549559,0.792989572593,0.435891121618,14.9995337923,1.27655606743,0.623612752824,8.59866634642,0.731801391185,0.412455673759,1.12152124274,0.355455470567,4.07916214432,3.15516664001,1.12152124274,4.07916214432,0.398073563212,0.443482294727,8604,0.0176548803309,0.0925841204852,144,144,144,1,0,0.0694444444444,0.8125,0.118055555556,144,1927,0.09358003108,3.21566054957,26.7638888889,14.3805970149,15.1732283465,20.927442455,0.78192831176,0.432458340541,16.510643538,1.23380003605,0.611395808107,10.2895129774,0.76891015503,0.431279911203,1.17065740241,0.364048811858,4.04662978207,3.21566054957,1.17065740241,4.04662978207,0.440620749247,0.513673959445,12835,0.0263366328507,0.116560682016,144,144,144,1,0,0.0694444444444,0.8125,0.118055555556,-188,-0.00912975912976,-0.0677399697608,-2.61111111111,-1.05735918945,-1.35020915354,-2.19850488903,-0.00533798080349,0.000917757404524,-2.20716098854,-0.0406036763934,-0.0109676014018,-0.12998780258,0.0594973359688,0.0295758134886,0.0448010851357,0.0211554271961,-0.0988092268637,-0.0677399697608,0.0448010851357,-0.0988092268637,-0.0656541136482,-0.0343519487498,-3382,-0.00693965658754,0.000751162353172,0.0208333333333,-0.0277777777778,0.00694444444444,1926,1,189,18476,0.910638297872,0.99994587866,5.41213400444e-05,0.0893617021277,0.99948105864,0.910638297872,0.952993567541,0.949152858446,0.910584176532,0.910207939509,235,423,0,5,2,5
259,WLNM_dir_neg_kfold,0.84423011362,0.360674363393,00:00:20,10,80,9,14354,threshold_sweep,0.7,0.995726495726,0.550827423168,0.709284627093,233,1,190,845,0.550827423168,0.998817966903,0.00118203309693,0.449172576832,0.995726495726,0.550827423168,0.709284627093,0.849487785658,0.605200945626,0.61876247505,0.668128275145,0.549645390071,2154,1731,423,0,2154,0,1731,0,423,144,2115,0.10270979021,3.28340051934,29.375,15.4379562044,16.5234375,23.125947344,0.787266292563,0.431540583136,18.7178045265,1.27440371245,0.622363409509,10.41950078,0.709412819061,0.401704097715,1.12585631727,0.342893384662,4.14543900894,3.28340051934,1.12585631727,4.14543900894,0.506274862896,0.548025908195,16217,0.0332762894383,0.115809519663,144,144,144,1,0,0.0486111111111,0.840277777778,0.111111111111,144,0.0821678321678,3.15516664001,23.5,12.6268656716,13.3228346457,18.6352549559,0.792989572593,0.435891121618,14.9995337923,1.27655606743,0.623612752824,8.59866634642,0.731801391185,0.412455673759,1.12152124274,0.355455470567,4.07916214432,3.15516664001,1.12152124274,4.07916214432,0.398073563212,0.443482294727,8604,0.0176548803309,0.0925841204852,144,144,144,1,0,0.0694444444444,0.8125,0.118055555556,144,1926,0.0935314685315,3.2154726332,26.75,14.3731343284,15.1653543307,20.9082243664,0.781615864163,0.432311497635,16.5004238132,1.23367654678,0.611327448944,10.2935073569,0.769608026683,0.431680512288,1.1703857834,0.363985614841,4.04601011513,3.2154726332,1.1703857834,4.04601011513,0.440620749247,0.513673959445,12835,0.0263366328507,0.11656693917,144,144,144,1,0,0.0694444444444,0.8125,0.118055555556,-189,-0.00917832167832,-0.0679278861318,-2.625,-1.06482187602,-1.35808316929,-2.21772297769,-0.00565042840035,0.000770914498379,-2.21738071338,-0.0407271656667,-0.0110359605645,-0.125993423068,0.0601952076224,0.0299764145733,0.0445294661268,0.0210922301795,-0.0994288938049,-0.0679278861318,0.0445294661268,-0.0994288938049,-0.0656541136482,-0.0343519487498,-3382,-0.00693965658754,0.000757419507248,0.0208333333333,-0.0277777777778,0.00694444444444,1925,1,190,18476,0.910165484634,0.99994587866,5.41213400444e-05,0.0898345153664,0.9994807892,0.910165484634,0.952734471665,0.948880845665,0.910111363294,0.909735349716,234,423,0,5,2,5
260,WLNM_dir_neg_kfold,0.84423011362,0.360674363393,00:00:20,10,80,9,14354,threshold_sweep,0.8,0.995726495726,0.550827423168,0.709284627093,233,1,190,845,0.550827423168,0.998817966903,0.00118203309693,0.449172576832,0.995726495726,0.550827423168,0.709284627093,0.849487785658,0.605200945626,0.61876247505,0.668128275145,0.549645390071,2154,1731,423,0,2154,0,1731,0,423,144,2115,0.10270979021,3.28340051934,29.375,15.4379562044,16.5234375,23.125947344,0.787266292563,0.431540583136,18.7178045265,1.27440371245,0.622363409509,10.41950078,0.709412819061,0.401704097715,1.12585631727,0.342893384662,4.14543900894,3.28340051934,1.12585631727,4.14543900894,0.506274862896,0.548025908195,16217,0.0332762894383,0.115809519663,144,144,144,1,0,0.0486111111111,0.840277777778,0.111111111111,144,0.0821678321678,3.15516664001,23.5,12.6268656716,13.3228346457,18.6352549559,0.792989572593,0.435891121618,14.9995337923,1.27655606743,0.623612752824,8.59866634642,0.731801391185,0.412455673759,1.12152124274,0.355455470567,4.07916214432,3.15516664001,1.12152124274,4.07916214432,0.398073563212,0.443482294727,8604,0.0176548803309,0.0925841204852,144,144,144,1,0,0.0694444444444,0.8125,0.118055555556,144,1926,0.0935314685315,3.2154726332,26.75,14.3731343284,15.1653543307,20.9082243664,0.781615864163,0.432311497635,16.5004238132,1.23367654678,0.611327448944,10.2935073569,0.769608026683,0.431680512288,1.1703857834,0.363985614841,4.04601011513,3.2154726332,1.1703857834,4.04601011513,0.440620749247,0.513673959445,12835,0.0263366328507,0.11656693917,144,144,144,1,0,0.0694444444444,0.8125,0.118055555556,-189,-0.00917832167832,-0.0679278861318,-2.625,-1.06482187602,-1.35808316929,-2.21772297769,-0.00565042840035,0.000770914498379,-2.21738071338,-0.0407271656667,-0.0110359605645,-0.125993423068,0.0601952076224,0.0299764145733,0.0445294661268,0.0210922301795,-0.0994288938049,-0.0679278861318,0.0445294661268,-0.0994288938049,-0.0656541136482,-0.0343519487498,-3382,-0.00693965658754,0.000757419507248,0.0208333333333,-0.0277777777778,0.00694444444444,1925,1,190,18476,0.910165484634,0.99994587866,5.41213400444e-05,0.0898345153664,0.9994807892,0.910165484634,0.952734471665,0.948880845665,0.910111363294,0.909735349716,234,423,0,5,2,5
261,WLNM_dir_neg_kfold,0.84423011362,0.360674363393,00:00:20,10,80,9,14354,threshold_sweep,0.9,0.995726495726,0.550827423168,0.709284627093,233,1,190,845,0.550827423168,0.998817966903,0.00118203309693,0.449172576832,0.995726495726,0.550827423168,0.709284627093,0.849487785658,0.605200945626,0.61876247505,0.668128275145,0.549645390071,2154,1731,423,0,2154,0,1731,0,423,144,2115,0.10270979021,3.28340051934,29.375,15.4379562044,16.5234375,23.125947344,0.787266292563,0.431540583136,18.7178045265,1.27440371245,0.622363409509,10.41950078,0.709412819061,0.401704097715,1.12585631727,0.342893384662,4.14543900894,3.28340051934,1.12585631727,4.14543900894,0.506274862896,0.548025908195,16217,0.0332762894383,0.115809519663,144,144,144,1,0,0.0486111111111,0.840277777778,0.111111111111,144,0.0821678321678,3.15516664001,23.5,12.6268656716,13.3228346457,18.6352549559,0.792989572593,0.435891121618,14.9995337923,1.27655606743,0.623612752824,8.59866634642,0.731801391185,0.412455673759,1.12152124274,0.355455470567,4.07916214432,3.15516664001,1.12152124274,4.07916214432,0.398073563212,0.443482294727,8604,0.0176548803309,0.0925841204852,144,144,144,1,0,0.0694444444444,0.8125,0.118055555556,144,1926,0.0935314685315,3.2154726332,26.75,14.3731343284,15.1653543307,20.9082243664,0.781615864163,0.432311497635,16.5004238132,1.23367654678,0.611327448944,10.2935073569,0.769608026683,0.431680512288,1.1703857834,0.363985614841,4.04601011513,3.2154726332,1.1703857834,4.04601011513,0.440620749247,0.513673959445,12835,0.0263366328507,0.11656693917,144,144,144,1,0,0.0694444444444,0.8125,0.118055555556,-189,-0.00917832167832,-0.0679278861318,-2.625,-1.06482187602,-1.35808316929,-2.21772297769,-0.00565042840035,0.000770914498379,-2.21738071338,-0.0407271656667,-0.0110359605645,-0.125993423068,0.0601952076224,0.0299764145733,0.0445294661268,0.0210922301795,-0.0994288938049,-0.0679278861318,0.0445294661268,-0.0994288938049,-0.0656541136482,-0.0343519487498,-3382,-0.00693965658754,0.000757419507248,0.0208333333333,-0.0277777777778,0.00694444444444,1925,1,190,18476,0.910165484634,0.99994587866,5.41213400444e-05,0.0898345153664,0.9994807892,0.910165484634,0.952734471665,0.948880845665,0.910111363294,0.909735349716,234,423,0,5,2,5
262,WLNM_dir_neg_kfold,0.826946721884,0.328055560134,00:00:20,10,80,10,14355,threshold_sweep,0.1,0.951020408163,0.550827423168,0.697604790419,233,12,190,834,0.550827423168,0.985815602837,0.0141843971631,0.449172576832,0.951020408163,0.550827423168,0.697604790419,0.840819542947,0.60231153139,0.599735799207,0.640925918623,0.536643026005,2154,1731,423,0,2154,0,1731,0,423,144,2115,0.10270979021,3.28340051934,29.375,15.4379562044,16.5234375,23.125947344,0.787266292563,0.431540583136,18.7178045265,1.27440371245,0.622363409509,10.41950078,0.709412819061,0.401704097715,1.12585631727,0.342893384662,4.14543900894,3.28340051934,1.12585631727,4.14543900894,0.506274862896,0.548025908195,16217,0.0332762894383,0.115809519663,144,144,144,1,0,0.0486111111111,0.840277777778,0.111111111111,144,0.0821678321678,3.15516664001,23.5,12.6268656716,13.3228346457,18.6352549559,0.792989572593,0.435891121618,14.9995337923,1.27655606743,0.623612752824,8.59866634642,0.731801391185,0.412455673759,1.12152124274,0.355455470567,4.07916214432,3.15516664001,1.12152124274,4.07916214432,0.398073563212,0.443482294727,8604,0.0176548803309,0.0925841204852,144,144,144,1,0,0.0694444444444,0.8125,0.118055555556,144,1937,0.0940656565657,7.19212436084,26.9027777778,13.7375886525,15.2519685039,20.8183349275,0.773835887857,0.428838266506,16.3988017049,1.21911587275,0.602603539265,10.3894983699,0.772373652696,0.433025727069,1.8186939909,0.252872989906,8.13054708895,7.19212436084,1.8186939909,8.13054708895,0.43750054696,0.510816524618,12806,0.0262771266292,0.11127636528,144,144,144,1,0,0.0208333333333,0.861111111111,0.118055555556,-178,-0.00864413364413,3.9087238415,-2.47222222222,-1.7003675519,-1.27146899606,-2.30761241655,-0.0134304047061,-0.00270231663028,-2.31900282159,-0.0552878396974,-0.0197598702442,-0.0300024100065,0.0629608336355,0.0313216293546,0.692837673627,-0.0900203947553,3.98510808001,3.9087238415,0.692837673627,3.98510808001,-0.0687743159357,-0.0372093835768,-3411,-0.00699916280902,-0.00453315438348,-0.0277777777778,0.0208333333333,0.00694444444444,1925,12,190,18465,0.910165484634,0.999350543919,0.000649456080533,0.0898345153664,0.993804852865,0.910165484634,0.950148075025,0.945842523611,0.909516028553,0.905030559473,245,423,0,5,2,5
263,WLNM_dir_neg_kfold,0.826946721884,0.328055560134,00:00:20,10,80,10,14355,threshold_sweep,0.2,0.951020408163,0.550827423168,0.697604790419,233,12,190,834,0.550827423168,0.985815602837,0.0141843971631,0.449172576832,0.951020408163,0.550827423168,0.697604790419,0.840819542947,0.60231153139,0.599735799207,0.640925918623,0.536643026005,2154,1731,423,0,2154,0,1731,0,423,144,2115,0.10270979021,3.28340051934,29.375,15.4379562044,16.5234375,23.125947344,0.787266292563,0.431540583136,18.7178045265,1.27440371245,0.622363409509,10.41950078,0.709412819061,0.401704097715,1.12585631727,0.342893384662,4.14543900894,3.28340051934,1.12585631727,4.14543900894,0.506274862896,0.548025908195,16217,0.0332762894383,0.115809519663,144,144,144,1,0,0.0486111111111,0.840277777778,0.111111111111,144,0.0821678321678,3.15516664001,23.5,12.6268656716,13.3228346457,18.6352549559,0.792989572593,0.435891121618,14.9995337923,1.27655606743,0.623612752824,8.59866634642,0.731801391185,0.412455673759,1.12152124274,0.355455470567,4.07916214432,3.15516664001,1.12152124274,4.07916214432,0.398073563212,0.443482294727,8604,0.0176548803309,0.0925841204852,144,144,144,1,0,0.0694444444444,0.8125,0.118055555556,144,1937,0.0940656565657,7.19212436084,26.9027777778,13.7375886525,15.2519685039,20.8183349275,0.773835887857,0.428838266506,16.3988017049,1.21911587275,0.602603539265,10.3894983699,0.772373652696,0.433025727069,1.8186939909,0.252872989906,8.13054708895,7.19212436084,1.8186939909,8.13054708895,0.43750054696,0.510816524618,12806,0.0262771266292,0.11127636528,144,144,144,1,0,0.0208333333333,0.861111111111,0.118055555556,-178,-0.00864413364413,3.9087238415,-2.47222222222,-1.7003675519,-1.27146899606,-2.30761241655,-0.0134304047061,-0.00270231663028,-2.31900282159,-0.0552878396974,-0.0197598702442,-0.0300024100065,0.0629608336355,0.0313216293546,0.692837673627,-0.0900203947553,3.98510808001,3.9087238415,0.692837673627,3.98510808001,-0.0687743159357,-0.0372093835768,-3411,-0.00699916280902,-0.00453315438348,-0.0277777777778,0.0208333333333,0.00694444444444,1925,12,190,18465,0.910165484634,0.999350543919,0.000649456080533,0.0898345153664,0.993804852865,0.910165484634,0.950148075025,0.945842523611,0.909516028553,0.905030559473,245,423,0,5,2,5
264,WLNM_dir_neg_kfold,0.826946721884,0.328055560134,00:00:20,10,80,10,14355,threshold_sweep,0.3,0.951020408163,0.550827423168,0.697604790419,233,12,190,834,0.550827423168,0.985815602837,0.0141843971631,0.449172576832,0.951020408163,0.550827423168,0.697604790419,0.840819542947,0.60231153139,0.599735799207,0.640925918623,0.536643026005,2154,1731,423,0,2154,0,1731,0,423,144,2115,0.10270979021,3.28340051934,29.375,15.4379562044,16.5234375,23.125947344,0.787266292563,0.431540583136,18.7178045265,1.27440371245,0.622363409509,10.41950078,0.709412819061,0.401704097715,1.12585631727,0.342893384662,4.14543900894,3.28340051934,1.12585631727,4.14543900894,0.506274862896,0.548025908195,16217,0.0332762894383,0.115809519663,144,144,144,1,0,0.0486111111111,0.840277777778,0.111111111111,144,0.0821678321678,3.15516664001,23.5,12.6268656716,13.3228346457,18.6352549559,0.792989572593,0.435891121618,14.9995337923,1.27655606743,0.623612752824,8.59866634642,0.731801391185,0.412455673759,1.12152124274,0.355455470567,4.07916214432,3.15516664001,1.12152124274,4.07916214432,0.398073563212,0.443482294727,8604,0.0176548803309,0.0925841204852,144,144,144,1,0,0.0694444444444,0.8125,0.118055555556,144,1937,0.0940656565657,7.19212436084,26.9027777778,13.7375886525,15.2519685039,20.8183349275,0.773835887857,0.428838266506,16.3988017049,1.21911587275,0.602603539265,10.3894983699,0.772373652696,0.433025727069,1.8186939909,0.252872989906,8.13054708895,7.19212436084,1.8186939909,8.13054708895,0.43750054696,0.510816524618,12806,0.0262771266292,0.11127636528,144,144,144,1,0,0.0208333333333,0.861111111111,0.118055555556,-178,-0.00864413364413,3.9087238415,-2.47222222222,-1.7003675519,-1.27146899606,-2.30761241655,-0.0134304047061,-0.00270231663028,-2.31900282159,-0.0552878396974,-0.0197598702442,-0.0300024100065,0.0629608336355,0.0313216293546,0.692837673627,-0.0900203947553,3.98510808001,3.9087238415,0.692837673627,3.98510808001,-0.0687743159357,-0.0372093835768,-3411,-0.00699916280902,-0.00453315438348,-0.0277777777778,0.0208333333333,0.00694444444444,1925,12,190,18465,0.910165484634,0.999350543919,0.000649456080533,0.0898345153664,0.993804852865,0.910165484634,0.950148075025,0.945842523611,0.909516028553,0.905030559473,245,423,0,5,2,5
265,WLNM_dir_neg_kfold,0.826946721884,0.328055560134,00:00:20,10,80,10,14355,threshold_sweep,0.4,0.950819672131,0.548463356974,0.695652173913,232,12,191,834,0.548463356974,0.985815602837,0.0141843971631,0.451536643026,0.950819672131,0.548463356974,0.695652173913,0.840031520883,0.602574205411,0.597488433576,0.639096723627,0.534278959811,2154,1731,423,0,2154,0,1731,0,423,144,2115,0.10270979021,3.28340051934,29.375,15.4379562044,16.5234375,23.125947344,0.787266292563,0.431540583136,18.7178045265,1.27440371245,0.622363409509,10.41950078,0.709412819061,0.401704097715,1.12585631727,0.342893384662,4.14543900894,3.28340051934,1.12585631727,4.14543900894,0.506274862896,0.548025908195,16217,0.0332762894383,0.115809519663,144,144,144,1,0,0.0486111111111,0.840277777778,0.111111111111,144,0.0821678321678,3.15516664001,23.5,12.6268656716,13.3228346457,18.6352549559,0.792989572593,0.435891121618,14.9995337923,1.27655606743,0.623612752824,8.59866634642,0.731801391185,0.412455673759,1.12152124274,0.355455470567,4.07916214432,3.15516664001,1.12152124274,4.07916214432,0.398073563212,0.443482294727,8604,0.0176548803309,0.0925841204852,144,144,144,1,0,0.0694444444444,0.8125,0.118055555556,144,1936,0.0940170940171,7.22001456766,26.8888888889,13.7304964539,15.2440944882,20.8199444156,0.774295453474,0.429005968779,16.4038959119,1.22012448931,0.603212522957,10.3867706187,0.772569715439,0.433095156107,1.83150266176,0.25367021695,8.17278441908,7.22001456766,1.83150266176,8.17278441908,0.437622584409,0.511062918269,12804,0.0262730227519,0.110769214057,144,144,144,1,0,0.0208333333333,0.861111111111,0.118055555556,-179,-0.0086926961927,3.93661404832,-2.48611111111,-1.70745975048,-1.27934301181,-2.30600292841,-0.0129708390892,-0.00253461435763,-2.31390861466,-0.0542792231318,-0.019150886552,-0.032730161279,0.0631568963779,0.0313910583918,0.705646344489,-0.0892231677111,4.02734541014,3.93661404832,0.705646344489,4.02734541014,-0.0686522784862,-0.0369629899261,-3413,-0.00700326668637,-0.00504030560595,-0.0277777777778,0.0208333333333,0.00694444444444,1924,12,191,18465,0.909692671395,0.999350543919,0.000649456080533,0.0903073286052,0.993801652893,0.909692671395,0.949888916317,0.945569601737,0.909043215314,0.904560413728,244,423,0,5,2,5
266,WLNM_dir_neg_kfold,0.826946721884,0.328055560134,00:00:20,10,80,10,14355,threshold_sweep,0.5,0.982832618026,0.541371158392,0.698170731707,229,4,194,842,0.541371158392,0.995271867612,0.00472813238771,0.458628841608,0.982832618026,0.541371158392,0.698170731707,0.843971631206,0.605463619648,0.604527296937,0.653405847554,0.536643026005,2154,1731,423,0,2154,0,1731,0,423,144,2115,0.10270979021,3.28340051934,29.375,15.4379562044,16.5234375,23.125947344,0.787266292563,0.431540583136,18.7178045265,1.27440371245,0.622363409509,10.41950078,0.709412819061,0.401704097715,1.12585631727,0.342893384662,4.14543900894,3.28340051934,1.12585631727,4.14543900894,0.506274862896,0.548025908195,16217,0.0332762894383,0.115809519663,144,144,144,1,0,0.0486111111111,0.840277777778,0.111111111111,144,0.0821678321678,3.15516664001,23.5,12.6268656716,13.3228346457,18.6352549559,0.792989572593,0.435891121618,14.9995337923,1.27655606743,0.623612752824,8.59866634642,0.731801391185,0.412455673759,1.12152124274,0.355455470567,4.07916214432,3.15516664001,1.12152124274,4.07916214432,0.398073563212,0.443482294727,8604,0.0176548803309,0.0925841204852,144,144,144,1,0,0.0694444444444,0.8125,0.118055555556,144,1925,0.0934829059829,3.28166877604,26.7361111111,14.3656716418,15.157480315,20.8588282231,0.780174354318,0.431637806638,16.458783668,1.23120251854,0.610566378066,10.3049628398,0.770864752692,0.432377344877,1.17219649448,0.35719524866,4.08111083223,3.28166877604,1.17219649448,4.08111083223,0.437553675139,0.512743748413,12788,0.0262401917331,0.11607110384,144,144,144,1,0,0.0694444444444,0.8125,0.118055555556,-190,-0.00922688422688,-0.00173174329938,-2.63888888889,-1.07228456259,-1.36595718504,-2.26711912094,-0.00709193824468,9.72235014787e-05,-2.25902085857,-0.0432011939061,-0.0117970314424,-0.114537940151,0.0614519336311,0.0306732471626,0.0463401772023,0.0143018639987,-0.0643281767069,-0.00173174329938,0.0463401772023,-0.0643281767069,-0.0687211877567,-0.035282159782,-3429,-0.00703609770511,0.000261584176925,0.0208333333333,-0.0277777777778,0.00694444444444,1921,4,194,18473,0.908274231678,0.99978351464,0.000216485360178,0.0917257683215,0.997922077922,0.908274231678,0.95099009901,0.946960256381,0.908057746318,0.906559697971,233,423,0,5,2,5
267,WLNM_dir_neg_kfold,0.826946721884,0.328055560134,00:00:20,10,80,10,14355,threshold_sweep,0.6,0.982832618026,0.541371158392,0.698170731707,229,4,194,842,0.541371158392,0.995271867612,0.00472813238771,0.458628841608,0.982832618026,0.541371158392,0.698170731707,0.843971631206,0.605463619648,0.604527296937,0.653405847554,0.536643026005,2154,1731,423,0,2154,0,1731,0,423,144,2115,0.10270979021,3.28340051934,29.375,15.4379562044,16.5234375,23.125947344,0.787266292563,0.431540583136,18.7178045265,1.27440371245,0.622363409509,10.41950078,0.709412819061,0.401704097715,1.12585631727,0.342893384662,4.14543900894,3.28340051934,1.12585631727,4.14543900894,0.506274862896,0.548025908195,16217,0.0332762894383,0.115809519663,144,144,144,1,0,0.0486111111111,0.840277777778,0.111111111111,144,0.0821678321678,3.15516664001,23.5,12.6268656716,13.3228346457,18.6352549559,0.792989572593,0.435891121618,14.9995337923,1.27655606743,0.623612752824,8.59866634642,0.731801391185,0.412455673759,1.12152124274,0.355455470567,4.07916214432,3.15516664001,1.12152124274,4.07916214432,0.398073563212,0.443482294727,8604,0.0176548803309,0.0925841204852,144,144,144,1,0,0.0694444444444,0.8125,0.118055555556,144,1925,0.0934829059829,3.28166877604,26.7361111111,14.3656716418,15.157480315,20.8588282231,0.780174354318,0.431637806638,16.458783668,1.23120251854,0.610566378066,10.3049628398,0.770864752692,0.432377344877,1.17219649448,0.35719524866,4.08111083223,3.28166877604,1.17219649448,4.08111083223,0.437553675139,0.512743748413,12788,0.0262401917331,0.11607110384,144,144,144,1,0,0.0694444444444,0.8125,0.118055555556,-190,-0.00922688422688,-0.00173174329938,-2.63888888889,-1.07228456259,-1.36595718504,-2.26711912094,-0.00709193824468,9.72235014787e-05,-2.25902085857,-0.0432011939061,-0.0117970314424,-0.114537940151,0.0614519336311,0.0306732471626,0.0463401772023,0.0143018639987,-0.0643281767069,-0.00173174329938,0.0463401772023,-0.0643281767069,-0.0687211877567,-0.035282159782,-3429,-0.00703609770511,0.000261584176925,0.0208333333333,-0.0277777777778,0.00694444444444,1921,4,194,18473,0.908274231678,0.99978351464,0.000216485360178,0.0917257683215,0.997922077922,0.908274231678,0.95099009901,0.946960256381,0.908057746318,0.906559697971,233,423,0,5,2,5
268,WLNM_dir_neg_kfold,0.826946721884,0.328055560134,00:00:20,10,80,10,14355,threshold_sweep,0.7,0.982832618026,0.541371158392,0.698170731707,229,4,194,842,0.541371158392,0.995271867612,0.00472813238771,0.458628841608,0.982832618026,0.541371158392,0.698170731707,0.843971631206,0.605463619648,0.604527296937,0.653405847554,0.536643026005,2154,1731,423,0,2154,0,1731,0,423,144,2115,0.10270979021,3.28340051934,29.375,15.4379562044,16.5234375,23.125947344,0.787266292563,0.431540583136,18.7178045265,1.27440371245,0.622363409509,10.41950078,0.709412819061,0.401704097715,1.12585631727,0.342893384662,4.14543900894,3.28340051934,1.12585631727,4.14543900894,0.506274862896,0.548025908195,16217,0.0332762894383,0.115809519663,144,144,144,1,0,0.0486111111111,0.840277777778,0.111111111111,144,0.0821678321678,3.15516664001,23.5,12.6268656716,13.3228346457,18.6352549559,0.792989572593,0.435891121618,14.9995337923,1.27655606743,0.623612752824,8.59866634642,0.731801391185,0.412455673759,1.12152124274,0.355455470567,4.07916214432,3.15516664001,1.12152124274,4.07916214432,0.398073563212,0.443482294727,8604,0.0176548803309,0.0925841204852,144,144,144,1,0,0.0694444444444,0.8125,0.118055555556,144,1925,0.0934829059829,3.28166877604,26.7361111111,14.3656716418,15.157480315,20.8588282231,0.780174354318,0.431637806638,16.458783668,1.23120251854,0.610566378066,10.3049628398,0.770864752692,0.432377344877,1.17219649448,0.35719524866,4.08111083223,3.28166877604,1.17219649448,4.08111083223,0.437553675139,0.512743748413,12788,0.0262401917331,0.11607110384,144,144,144,1,0,0.0694444444444,0.8125,0.118055555556,-190,-0.00922688422688,-0.00173174329938,-2.63888888889,-1.07228456259,-1.36595718504,-2.26711912094,-0.00709193824468,9.72235014787e-05,-2.25902085857,-0.0432011939061,-0.0117970314424,-0.114537940151,0.0614519336311,0.0306732471626,0.0463401772023,0.0143018639987,-0.0643281767069,-0.00173174329938,0.0463401772023,-0.0643281767069,-0.0687211877567,-0.035282159782,-3429,-0.00703609770511,0.000261584176925,0.0208333333333,-0.0277777777778,0.00694444444444,1921,4,194,18473,0.908274231678,0.99978351464,0.000216485360178,0.0917257683215,0.997922077922,0.908274231678,0.95099009901,0.946960256381,0.908057746318,0.906559697971,233,423,0,5,2,5
269,WLNM_dir_neg_kfold,0.826946721884,0.328055560134,00:00:20,10,80,10,14355,threshold_sweep,0.8,0.982832618026,0.541371158392,0.698170731707,229,4,194,842,0.541371158392,0.995271867612,0.00472813238771,0.458628841608,0.982832618026,0.541371158392,0.698170731707,0.843971631206,0.605463619648,0.604527296937,0.653405847554,0.536643026005,2154,1731,423,0,2154,0,1731,0,423,144,2115,0.10270979021,3.28340051934,29.375,15.4379562044,16.5234375,23.125947344,0.787266292563,0.431540583136,18.7178045265,1.27440371245,0.622363409509,10.41950078,0.709412819061,0.401704097715,1.12585631727,0.342893384662,4.14543900894,3.28340051934,1.12585631727,4.14543900894,0.506274862896,0.548025908195,16217,0.0332762894383,0.115809519663,144,144,144,1,0,0.0486111111111,0.840277777778,0.111111111111,144,0.0821678321678,3.15516664001,23.5,12.6268656716,13.3228346457,18.6352549559,0.792989572593,0.435891121618,14.9995337923,1.27655606743,0.623612752824,8.59866634642,0.731801391185,0.412455673759,1.12152124274,0.355455470567,4.07916214432,3.15516664001,1.12152124274,4.07916214432,0.398073563212,0.443482294727,8604,0.0176548803309,0.0925841204852,144,144,144,1,0,0.0694444444444,0.8125,0.118055555556,144,1925,0.0934829059829,3.28166877604,26.7361111111,14.3656716418,15.157480315,20.8588282231,0.780174354318,0.431637806638,16.458783668,1.23120251854,0.610566378066,10.3049628398,0.770864752692,0.432377344877,1.17219649448,0.35719524866,4.08111083223,3.28166877604,1.17219649448,4.08111083223,0.437553675139,0.512743748413,12788,0.0262401917331,0.11607110384,144,144,144,1,0,0.0694444444444,0.8125,0.118055555556,-190,-0.00922688422688,-0.00173174329938,-2.63888888889,-1.07228456259,-1.36595718504,-2.26711912094,-0.00709193824468,9.72235014787e-05,-2.25902085857,-0.0432011939061,-0.0117970314424,-0.114537940151,0.0614519336311,0.0306732471626,0.0463401772023,0.0143018639987,-0.0643281767069,-0.00173174329938,0.0463401772023,-0.0643281767069,-0.0687211877567,-0.035282159782,-3429,-0.00703609770511,0.000261584176925,0.0208333333333,-0.0277777777778,0.00694444444444,1921,4,194,18473,0.908274231678,0.99978351464,0.000216485360178,0.0917257683215,0.997922077922,0.908274231678,0.95099009901,0.946960256381,0.908057746318,0.906559697971,233,423,0,5,2,5
270,WLNM_dir_neg_kfold,0.826946721884,0.328055560134,00:00:20,10,80,10,14355,threshold_sweep,0.9,0.987068965517,0.541371158392,0.699236641221,229,3,194,843,0.541371158392,0.996453900709,0.00354609929078,0.458628841608,0.987068965517,0.541371158392,0.699236641221,0.84475965327,0.60572629367,0.606262491672,0.655938357764,0.537825059102,2154,1731,423,0,2154,0,1731,0,423,144,2115,0.10270979021,3.28340051934,29.375,15.4379562044,16.5234375,23.125947344,0.787266292563,0.431540583136,18.7178045265,1.27440371245,0.622363409509,10.41950078,0.709412819061,0.401704097715,1.12585631727,0.342893384662,4.14543900894,3.28340051934,1.12585631727,4.14543900894,0.506274862896,0.548025908195,16217,0.0332762894383,0.115809519663,144,144,144,1,0,0.0486111111111,0.840277777778,0.111111111111,144,0.0821678321678,3.15516664001,23.5,12.6268656716,13.3228346457,18.6352549559,0.792989572593,0.435891121618,14.9995337923,1.27655606743,0.623612752824,8.59866634642,0.731801391185,0.412455673759,1.12152124274,0.355455470567,4.07916214432,3.15516664001,1.12152124274,4.07916214432,0.398073563212,0.443482294727,8604,0.0176548803309,0.0925841204852,144,144,144,1,0,0.0694444444444,0.8125,0.118055555556,144,1924,0.0934343434343,3.15066613333,26.7222222222,14.3582089552,15.1496062992,20.8542878301,0.780409939589,0.431706947332,16.4633991643,1.23218787924,0.611089454839,10.2946867354,0.770496304523,0.432186994687,1.12283795111,0.35638112818,3.97509843554,3.15066613333,1.12283795111,3.97509843554,0.437553675139,0.512743748413,12788,0.0262401917331,0.11597881974,144,144,144,1,0,0.0694444444444,0.8125,0.118055555556,-191,-0.00927544677545,-0.132734386007,-2.65277777778,-1.07974724916,-1.37383120079,-2.27165951393,-0.00685635297462,0.000166364195619,-2.25440536223,-0.0422158332034,-0.0112739546693,-0.124814044529,0.0610834854618,0.0304828969723,-0.00301836616173,0.013487743518,-0.170340573403,-0.132734386007,-0.00301836616173,-0.170340573403,-0.0687211877567,-0.035282159782,-3429,-0.00703609770511,0.000169300076928,0.0208333333333,-0.0277777777778,0.00694444444444,1921,3,194,18474,0.908274231678,0.99983763598,0.000162364020133,0.0917257683215,0.998440748441,0.908274231678,0.951225550879,0.94723739896,0.908111867658,0.906987724268,232,423,0,5,2,5
271,WLNM_dir_neg_kfold,0.900160119377,0.361937916013,00:00:19,10,80,11,14356,threshold_sweep,0.1,0.967871485944,0.569739952719,0.717261904762,241,8,182,838,0.569739952719,0.990543735225,0.00945626477541,0.430260047281,0.967871485944,0.569739952719,0.717261904762,0.850275807723,0.601260835303,0.624505928854,0.665064221067,0.560283687943,2154,1731,423,0,2154,0,1731,0,423,144,2115,0.10270979021,3.28340051934,29.375,15.4379562044,16.5234375,23.125947344,0.787266292563,0.431540583136,18.7178045265,1.27440371245,0.622363409509,10.41950078,0.709412819061,0.401704097715,1.12585631727,0.342893384662,4.14543900894,3.28340051934,1.12585631727,4.14543900894,0.506274862896,0.548025908195,16217,0.0332762894383,0.115809519663,144,144,144,1,0,0.0486111111111,0.840277777778,0.111111111111,144,0.0821678321678,3.15516664001,23.5,12.6268656716,13.3228346457,18.6352549559,0.792989572593,0.435891121618,14.9995337923,1.27655606743,0.623612752824,8.59866634642,0.731801391185,0.412455673759,1.12152124274,0.355455470567,4.07916214432,3.15516664001,1.12152124274,4.07916214432,0.398073563212,0.443482294727,8604,0.0176548803309,0.0925841204852,144,144,144,1,0,0.0694444444444,0.8125,0.118055555556,144,1941,0.0942599067599,4.31059139747,26.9583333333,13.7659574468,15.2834645669,20.971467463,0.777921513311,0.430509044593,16.5309494649,1.22640737916,0.605325862957,10.4265454322,0.773530418465,0.433092191883,1.29801285629,0.301121757227,5.17303235073,4.31059139747,1.29801285629,5.17303235073,0.442329725952,0.513352100818,13008,0.0266916182409,0.1127801662,144,144,144,1,0,0.0208333333333,0.861111111111,0.118055555556,-174,-0.00844988344988,1.02719087814,-2.41666666667,-1.67199875757,-1.23997293307,-2.15447988102,-0.0093447792518,-0.00103153854305,-2.18685506168,-0.0479963332901,-0.0170375465516,0.00704465227403,0.0641175994045,0.031388094168,0.17215653902,-0.0417716274344,1.02759334179,1.02719087814,0.17215653902,1.02759334179,-0.0639451369435,-0.0346738073766,-3209,-0.00658467119735,-0.00302935346314,-0.0277777777778,0.0208333333333,0.00694444444444,1933,8,182,18469,0.913947990544,0.99956702928,0.000432970720355,0.0860520094563,0.995878413189,0.913947990544,0.95315581854,0.94912361435,0.913515019823,0.910504003768,249,423,0,5,2,5
272,WLNM_dir_neg_kfold,0.900160119377,0.361937916013,00:00:19,10,80,11,14356,threshold_sweep,0.2,0.967479674797,0.562647754137,0.711509715994,238,8,185,838,0.562647754137,0.990543735225,0.00945626477541,0.437352245863,0.967479674797,0.562647754137,0.711509715994,0.847911741529,0.602048857368,0.617821782178,0.659668102593,0.553191489362,2154,1731,423,0,2154,0,1731,0,423,144,2115,0.10270979021,3.28340051934,29.375,15.4379562044,16.5234375,23.125947344,0.787266292563,0.431540583136,18.7178045265,1.27440371245,0.622363409509,10.41950078,0.709412819061,0.401704097715,1.12585631727,0.342893384662,4.14543900894,3.28340051934,1.12585631727,4.14543900894,0.506274862896,0.548025908195,16217,0.0332762894383,0.115809519663,144,144,144,1,0,0.0486111111111,0.840277777778,0.111111111111,144,0.0821678321678,3.15516664001,23.5,12.6268656716,13.3228346457,18.6352549559,0.792989572593,0.435891121618,14.9995337923,1.27655606743,0.623612752824,8.59866634642,0.731801391185,0.412455673759,1.12152124274,0.355455470567,4.07916214432,3.15516664001,1.12152124274,4.07916214432,0.398073563212,0.443482294727,8604,0.0176548803309,0.0925841204852,144,144,144,1,0,0.0694444444444,0.8125,0.118055555556,144,1938,0.0941142191142,4.31054147122,26.9166666667,13.7446808511,15.2598425197,20.9359663096,0.777806797878,0.430394306846,16.4953373365,1.22565974018,0.604997993349,10.4164172464,0.773975275277,0.433171367962,1.29795658784,0.301112191242,5.17287349471,4.31054147122,1.29795658784,5.17287349471,0.44222470702,0.513304822998,12963,0.0265992810007,0.11269457684,144,144,144,1,0,0.0208333333333,0.861111111111,0.118055555556,-177,-0.00859557109557,1.02714095188,-2.45833333333,-1.69327535332,-1.26359498031,-2.18998103449,-0.00945949468508,-0.00114627629078,-2.22246719,-0.048743972269,-0.0173654161594,-0.00308353352451,0.0645624562158,0.0314672702477,0.172100270564,-0.0417811934194,1.02743448577,1.02714095188,0.172100270564,1.02743448577,-0.064050155876,-0.0347210851965,-3254,-0.00667700843757,-0.00311494282261,-0.0277777777778,0.0208333333333,0.00694444444444,1930,8,185,18469,0.912529550827,0.99956702928,0.000432970720355,0.0874704491726,0.995872033024,0.912529550827,0.952380952381,0.948306811537,0.912096580107,0.909090909091,246,423,0,5,2,5
273,WLNM_dir_neg_kfold,0.900160119377,0.361937916013,00:00:19,10,80,11,14356,threshold_sweep,0.3,0.967479674797,0.562647754137,0.711509715994,238,8,185,838,0.562647754137,0.990543735225,0.00945626477541,0.437352245863,0.967479674797,0.562647754137,0.711509715994,0.847911741529,0.602048857368,0.617821782178,0.659668102593,0.553191489362,2154,1731,423,0,2154,0,1731,0,423,144,2115,0.10270979021,3.28340051934,29.375,15.4379562044,16.5234375,23.125947344,0.787266292563,0.431540583136,18.7178045265,1.27440371245,0.622363409509,10.41950078,0.709412819061,0.401704097715,1.12585631727,0.342893384662,4.14543900894,3.28340051934,1.12585631727,4.14543900894,0.506274862896,0.548025908195,16217,0.0332762894383,0.115809519663,144,144,144,1,0,0.0486111111111,0.840277777778,0.111111111111,144,0.0821678321678,3.15516664001,23.5,12.6268656716,13.3228346457,18.6352549559,0.792989572593,0.435891121618,14.9995337923,1.27655606743,0.623612752824,8.59866634642,0.731801391185,0.412455673759,1.12152124274,0.355455470567,4.07916214432,3.15516664001,1.12152124274,4.07916214432,0.398073563212,0.443482294727,8604,0.0176548803309,0.0925841204852,144,144,144,1,0,0.0694444444444,0.8125,0.118055555556,144,1938,0.0941142191142,4.31054147122,26.9166666667,13.7446808511,15.2598425197,20.9359663096,0.777806797878,0.430394306846,16.4953373365,1.22565974018,0.604997993349,10.4164172464,0.773975275277,0.433171367962,1.29795658784,0.301112191242,5.17287349471,4.31054147122,1.29795658784,5.17287349471,0.44222470702,0.513304822998,12963,0.0265992810007,0.11269457684,144,144,144,1,0,0.0208333333333,0.861111111111,0.118055555556,-177,-0.00859557109557,1.02714095188,-2.45833333333,-1.69327535332,-1.26359498031,-2.18998103449,-0.00945949468508,-0.00114627629078,-2.22246719,-0.048743972269,-0.0173654161594,-0.00308353352451,0.0645624562158,0.0314672702477,0.172100270564,-0.0417811934194,1.02743448577,1.02714095188,0.172100270564,1.02743448577,-0.064050155876,-0.0347210851965,-3254,-0.00667700843757,-0.00311494282261,-0.0277777777778,0.0208333333333,0.00694444444444,1930,8,185,18469,0.912529550827,0.99956702928,0.000432970720355,0.0874704491726,0.995872033024,0.912529550827,0.952380952381,0.948306811537,0.912096580107,0.909090909091,246,423,0,5,2,5
274,WLNM_dir_neg_kfold,0.900160119377,0.361937916013,00:00:19,10,80,11,14356,threshold_sweep,0.4,0.97131147541,0.560283687943,0.710644677661,237,7,186,839,0.560283687943,0.991725768322,0.00827423167849,0.439716312057,0.97131147541,0.560283687943,0.710644677661,0.847911741529,0.602574205411,0.617316589557,0.660305685695,0.552009456265,2154,1731,423,0,2154,0,1731,0,423,144,2115,0.10270979021,3.28340051934,29.375,15.4379562044,16.5234375,23.125947344,0.787266292563,0.431540583136,18.7178045265,1.27440371245,0.622363409509,10.41950078,0.709412819061,0.401704097715,1.12585631727,0.342893384662,4.14543900894,3.28340051934,1.12585631727,4.14543900894,0.506274862896,0.548025908195,16217,0.0332762894383,0.115809519663,144,144,144,1,0,0.0486111111111,0.840277777778,0.111111111111,144,0.0821678321678,3.15516664001,23.5,12.6268656716,13.3228346457,18.6352549559,0.792989572593,0.435891121618,14.9995337923,1.27655606743,0.623612752824,8.59866634642,0.731801391185,0.412455673759,1.12152124274,0.355455470567,4.07916214432,3.15516664001,1.12152124274,4.07916214432,0.398073563212,0.443482294727,8604,0.0176548803309,0.0925841204852,144,144,144,1,0,0.0694444444444,0.8125,0.118055555556,144,1936,0.0940170940171,4.23348887222,26.8888888889,13.8285714286,15.2440944882,20.9345002867,0.778555795786,0.430670339761,16.5058912042,1.22771091601,0.606404958678,10.3820567224,0.772219095054,0.432743629477,1.33461901641,0.315252751736,5.13103516659,4.23348887222,1.33461901641,5.13103516659,0.440068265318,0.513694284355,12954,0.0265808135526,0.112529975544,144,144,144,1,0,0.0277777777778,0.854166666667,0.118055555556,-179,-0.0086926961927,0.950088352881,-2.48611111111,-1.60938477581,-1.27934301181,-2.19144705736,-0.00871049677728,-0.000870243375079,-2.21191332235,-0.0466927964313,-0.0159584508311,-0.0374440575571,0.0628062759936,0.0310395317618,0.208762699136,-0.0276406329255,0.985596157653,0.950088352881,0.208762699136,0.985596157653,-0.0662065975777,-0.0343316238402,-3263,-0.00669547588562,-0.00327954411879,-0.0208333333333,0.0138888888889,0.00694444444444,1929,7,186,18470,0.912056737589,0.99962115062,0.000378849380311,0.0879432624113,0.996384297521,0.912056737589,0.952357442607,0.948310138773,0.911677888208,0.909048067861,244,423,0,5,2,5
275,WLNM_dir_neg_kfold,0.900160119377,0.361937916013,00:00:19,10,80,11,14356,threshold_sweep,0.5,0.995744680851,0.553191489362,0.711246200608,234,1,189,845,0.553191489362,0.998817966903,0.00118203309693,0.446808510638,0.995744680851,0.553191489362,0.711246200608,0.850275807723,0.604938271605,0.621010638298,0.669896459086,0.552009456265,2154,1731,423,0,2154,0,1731,0,423,144,2115,0.10270979021,3.28340051934,29.375,15.4379562044,16.5234375,23.125947344,0.787266292563,0.431540583136,18.7178045265,1.27440371245,0.622363409509,10.41950078,0.709412819061,0.401704097715,1.12585631727,0.342893384662,4.14543900894,3.28340051934,1.12585631727,4.14543900894,0.506274862896,0.548025908195,16217,0.0332762894383,0.115809519663,144,144,144,1,0,0.0486111111111,0.840277777778,0.111111111111,144,0.0821678321678,3.15516664001,23.5,12.6268656716,13.3228346457,18.6352549559,0.792989572593,0.435891121618,14.9995337923,1.27655606743,0.623612752824,8.59866634642,0.731801391185,0.412455673759,1.12152124274,0.355455470567,4.07916214432,3.15516664001,1.12152124274,4.07916214432,0.398073563212,0.443482294727,8604,0.0176548803309,0.0925841204852,144,144,144,1,0,0.0694444444444,0.8125,0.118055555556,144,1927,0.09358003108,3.15691914805,26.7638888889,14.3805970149,15.1732283465,20.9454790459,0.782602226936,0.432479963098,16.5326532283,1.23544476641,0.612130975033,10.3132724099,0.77068563935,0.432224096177,1.12857234435,0.357491684591,3.98440543883,3.15691914805,1.12857234435,3.98440543883,0.441559901278,0.515009306036,12913,0.0264966840671,0.11636387769,144,144,144,1,0,0.0694444444444,0.8125,0.118055555556,-188,-0.00912975912976,-0.12648137129,-2.61111111111,-1.05735918945,-1.35020915354,-2.18046829812,-0.00466406562685,0.000939379961175,-2.18515129827,-0.038958946036,-0.0102324344756,-0.106228370042,0.0612728202893,0.0305199984624,0.00271602707786,0.0145982999294,-0.16103357011,-0.12648137129,0.00271602707786,-0.16103357011,-0.0647149616181,-0.0330166021592,-3304,-0.00677960537115,0.000554358026609,0.0208333333333,-0.0277777777778,0.00694444444444,1926,1,189,18476,0.910638297872,0.99994587866,5.41213400444e-05,0.0893617021277,0.99948105864,0.910638297872,0.952993567541,0.949152858446,0.910584176532,0.910207939509,235,423,0,5,2,5
276,WLNM_dir_neg_kfold,0.900160119377,0.361937916013,00:00:19,10,80,11,14356,threshold_sweep,0.6,0.995744680851,0.553191489362,0.711246200608,234,1,189,845,0.553191489362,0.998817966903,0.00118203309693,0.446808510638,0.995744680851,0.553191489362,0.711246200608,0.850275807723,0.604938271605,0.621010638298,0.669896459086,0.552009456265,2154,1731,423,0,2154,0,1731,0,423,144,2115,0.10270979021,3.28340051934,29.375,15.4379562044,16.5234375,23.125947344,0.787266292563,0.431540583136,18.7178045265,1.27440371245,0.622363409509,10.41950078,0.709412819061,0.401704097715,1.12585631727,0.342893384662,4.14543900894,3.28340051934,1.12585631727,4.14543900894,0.506274862896,0.548025908195,16217,0.0332762894383,0.115809519663,144,144,144,1,0,0.0486111111111,0.840277777778,0.111111111111,144,0.0821678321678,3.15516664001,23.5,12.6268656716,13.3228346457,18.6352549559,0.792989572593,0.435891121618,14.9995337923,1.27655606743,0.623612752824,8.59866634642,0.731801391185,0.412455673759,1.12152124274,0.355455470567,4.07916214432,3.15516664001,1.12152124274,4.07916214432,0.398073563212,0.443482294727,8604,0.0176548803309,0.0925841204852,144,144,144,1,0,0.0694444444444,0.8125,0.118055555556,144,1927,0.09358003108,3.15691914805,26.7638888889,14.3805970149,15.1732283465,20.9454790459,0.782602226936,0.432479963098,16.5326532283,1.23544476641,0.612130975033,10.3132724099,0.77068563935,0.432224096177,1.12857234435,0.357491684591,3.98440543883,3.15691914805,1.12857234435,3.98440543883,0.441559901278,0.515009306036,12913,0.0264966840671,0.11636387769,144,144,144,1,0,0.0694444444444,0.8125,0.118055555556,-188,-0.00912975912976,-0.12648137129,-2.61111111111,-1.05735918945,-1.35020915354,-2.18046829812,-0.00466406562685,0.000939379961175,-2.18515129827,-0.038958946036,-0.0102324344756,-0.106228370042,0.0612728202893,0.0305199984624,0.00271602707786,0.0145982999294,-0.16103357011,-0.12648137129,0.00271602707786,-0.16103357011,-0.0647149616181,-0.0330166021592,-3304,-0.00677960537115,0.000554358026609,0.0208333333333,-0.0277777777778,0.00694444444444,1926,1,189,18476,0.910638297872,0.99994587866,5.41213400444e-05,0.0893617021277,0.99948105864,0.910638297872,0.952993567541,0.949152858446,0.910584176532,0.910207939509,235,423,0,5,2,5
277,WLNM_dir_neg_kfold,0.900160119377,0.361937916013,00:00:19,10,80,11,14356,threshold_sweep,0.7,0.995744680851,0.553191489362,0.711246200608,234,1,189,845,0.553191489362,0.998817966903,0.00118203309693,0.446808510638,0.995744680851,0.553191489362,0.711246200608,0.850275807723,0.604938271605,0.621010638298,0.669896459086,0.552009456265,2154,1731,423,0,2154,0,1731,0,423,144,2115,0.10270979021,3.28340051934,29.375,15.4379562044,16.5234375,23.125947344,0.787266292563,0.431540583136,18.7178045265,1.27440371245,0.622363409509,10.41950078,0.709412819061,0.401704097715,1.12585631727,0.342893384662,4.14543900894,3.28340051934,1.12585631727,4.14543900894,0.506274862896,0.548025908195,16217,0.0332762894383,0.115809519663,144,144,144,1,0,0.0486111111111,0.840277777778,0.111111111111,144,0.0821678321678,3.15516664001,23.5,12.6268656716,13.3228346457,18.6352549559,0.792989572593,0.435891121618,14.9995337923,1.27655606743,0.623612752824,8.59866634642,0.731801391185,0.412455673759,1.12152124274,0.355455470567,4.07916214432,3.15516664001,1.12152124274,4.07916214432,0.398073563212,0.443482294727,8604,0.0176548803309,0.0925841204852,144,144,144,1,0,0.0694444444444,0.8125,0.118055555556,144,1927,0.09358003108,3.15691914805,26.7638888889,14.3805970149,15.1732283465,20.9454790459,0.782602226936,0.432479963098,16.5326532283,1.23544476641,0.612130975033,10.3132724099,0.77068563935,0.432224096177,1.12857234435,0.357491684591,3.98440543883,3.15691914805,1.12857234435,3.98440543883,0.441559901278,0.515009306036,12913,0.0264966840671,0.11636387769,144,144,144,1,0,0.0694444444444,0.8125,0.118055555556,-188,-0.00912975912976,-0.12648137129,-2.61111111111,-1.05735918945,-1.35020915354,-2.18046829812,-0.00466406562685,0.000939379961175,-2.18515129827,-0.038958946036,-0.0102324344756,-0.106228370042,0.0612728202893,0.0305199984624,0.00271602707786,0.0145982999294,-0.16103357011,-0.12648137129,0.00271602707786,-0.16103357011,-0.0647149616181,-0.0330166021592,-3304,-0.00677960537115,0.000554358026609,0.0208333333333,-0.0277777777778,0.00694444444444,1926,1,189,18476,0.910638297872,0.99994587866,5.41213400444e-05,0.0893617021277,0.99948105864,0.910638297872,0.952993567541,0.949152858446,0.910584176532,0.910207939509,235,423,0,5,2,5
278,WLNM_dir_neg_kfold,0.900160119377,0.361937916013,00:00:19,10,80,11,14356,threshold_sweep,0.8,0.995708154506,0.548463356974,0.707317073171,232,1,191,845,0.548463356974,0.998817966903,0.00118203309693,0.451536643026,0.995708154506,0.548463356974,0.707317073171,0.848699763593,0.605463619648,0.616511318242,0.66635882691,0.547281323877,2154,1731,423,0,2154,0,1731,0,423,144,2115,0.10270979021,3.28340051934,29.375,15.4379562044,16.5234375,23.125947344,0.787266292563,0.431540583136,18.7178045265,1.27440371245,0.622363409509,10.41950078,0.709412819061,0.401704097715,1.12585631727,0.342893384662,4.14543900894,3.28340051934,1.12585631727,4.14543900894,0.506274862896,0.548025908195,16217,0.0332762894383,0.115809519663,144,144,144,1,0,0.0486111111111,0.840277777778,0.111111111111,144,0.0821678321678,3.15516664001,23.5,12.6268656716,13.3228346457,18.6352549559,0.792989572593,0.435891121618,14.9995337923,1.27655606743,0.623612752824,8.59866634642,0.731801391185,0.412455673759,1.12152124274,0.355455470567,4.07916214432,3.15516664001,1.12152124274,4.07916214432,0.398073563212,0.443482294727,8604,0.0176548803309,0.0925841204852,144,144,144,1,0,0.0694444444444,0.8125,0.118055555556,144,1925,0.0934829059829,3.15707586748,26.7361111111,14.3656716418,15.157480315,20.9077180219,0.78200295978,0.432334054834,16.4990978892,1.23421823171,0.611792929293,10.3022480592,0.770661673002,0.432168109668,1.12875914211,0.357533106423,3.9849218955,3.15707586748,1.12875914211,3.9849218955,0.44127694882,0.514836439255,12874,0.0264166584589,0.116308669968,144,144,144,1,0,0.0694444444444,0.8125,0.118055555556,-190,-0.00922688422688,-0.126324651855,-2.63888888889,-1.07228456259,-1.36595718504,-2.21822932216,-0.00526333278355,0.000793471697727,-2.21870663733,-0.0401854807329,-0.0105704802159,-0.11725272073,0.061248853941,0.0304640119534,0.00290282483921,0.0146397217616,-0.160517113442,-0.126324651855,0.00290282483921,-0.160517113442,-0.0649979140762,-0.0331894689403,-3343,-0.00685963097935,0.000499150305008,0.0208333333333,-0.0277777777778,0.00694444444444,1924,1,191,18476,0.909692671395,0.99994587866,5.41213400444e-05,0.0903073286052,0.999480519481,0.909692671395,0.952475247525,0.948608784041,0.909638550055,0.909262759924,233,423,0,5,2,5
279,WLNM_dir_neg_kfold,0.900160119377,0.361937916013,00:00:19,10,80,11,14356,threshold_sweep,0.9,0.995708154506,0.548463356974,0.707317073171,232,1,191,845,0.548463356974,0.998817966903,0.00118203309693,0.451536643026,0.995708154506,0.548463356974,0.707317073171,0.848699763593,0.605463619648,0.616511318242,0.66635882691,0.547281323877,2154,1731,423,0,2154,0,1731,0,423,144,2115,0.10270979021,3.28340051934,29.375,15.4379562044,16.5234375,23.125947344,0.787266292563,0.431540583136,18.7178045265,1.27440371245,0.622363409509,10.41950078,0.709412819061,0.401704097715,1.12585631727,0.342893384662,4.14543900894,3.28340051934,1.12585631727,4.14543900894,0.506274862896,0.548025908195,16217,0.0332762894383,0.115809519663,144,144,144,1,0,0.0486111111111,0.840277777778,0.111111111111,144,0.0821678321678,3.15516664001,23.5,12.6268656716,13.3228346457,18.6352549559,0.792989572593,0.435891121618,14.9995337923,1.27655606743,0.623612752824,8.59866634642,0.731801391185,0.412455673759,1.12152124274,0.355455470567,4.07916214432,3.15516664001,1.12152124274,4.07916214432,0.398073563212,0.443482294727,8604,0.0176548803309,0.0925841204852,144,144,144,1,0,0.0694444444444,0.8125,0.118055555556,144,1925,0.0934829059829,3.15707586748,26.7361111111,14.3656716418,15.157480315,20.9077180219,0.78200295978,0.432334054834,16.4990978892,1.23421823171,0.611792929293,10.3022480592,0.770661673002,0.432168109668,1.12875914211,0.357533106423,3.9849218955,3.15707586748,1.12875914211,3.9849218955,0.44127694882,0.514836439255,12874,0.0264166584589,0.116308669968,144,144,144,1,0,0.0694444444444,0.8125,0.118055555556,-190,-0.00922688422688,-0.126324651855,-2.63888888889,-1.07228456259,-1.36595718504,-2.21822932216,-0.00526333278355,0.000793471697727,-2.21870663733,-0.0401854807329,-0.0105704802159,-0.11725272073,0.061248853941,0.0304640119534,0.00290282483921,0.0146397217616,-0.160517113442,-0.126324651855,0.00290282483921,-0.160517113442,-0.0649979140762,-0.0331894689403,-3343,-0.00685963097935,0.000499150305008,0.0208333333333,-0.0277777777778,0.00694444444444,1924,1,191,18476,0.909692671395,0.99994587866,5.41213400444e-05,0.0903073286052,0.999480519481,0.909692671395,0.952475247525,0.948608784041,0.909638550055,0.909262759924,233,423,0,5,2,5
280,WLNM_dir_neg_kfold,0.906897428589,0.404121056878,00:00:20,10,80,12,14357,threshold_sweep,0.1,0.975,0.553191489362,0.705882352941,234,6,189,840,0.553191489362,0.992907801418,0.00709219858156,0.446808510638,0.975,0.553191489362,0.705882352941,0.8463356974,0.603624901497,0.612326043738,0.657375735134,0.54609929078,2154,1731,423,0,2154,0,1731,0,423,144,2115,0.10270979021,3.28340051934,29.375,15.4379562044,16.5234375,23.125947344,0.787266292563,0.431540583136,18.7178045265,1.27440371245,0.622363409509,10.41950078,0.709412819061,0.401704097715,1.12585631727,0.342893384662,4.14543900894,3.28340051934,1.12585631727,4.14543900894,0.506274862896,0.548025908195,16217,0.0332762894383,0.115809519663,144,144,144,1,0,0.0486111111111,0.840277777778,0.111111111111,144,0.0821678321678,3.15516664001,23.5,12.6268656716,13.3228346457,18.6352549559,0.792989572593,0.435891121618,14.9995337923,1.27655606743,0.623612752824,8.59866634642,0.731801391185,0.412455673759,1.12152124274,0.355455470567,4.07916214432,3.15516664001,1.12152124274,4.07916214432,0.398073563212,0.443482294727,8604,0.0176548803309,0.0925841204852,144,144,144,1,0,0.0694444444444,0.8125,0.118055555556,144,1932,0.0938228438228,3.3010976114,26.8333333333,14,15.2125984252,20.8259520724,0.776122437479,0.429692891649,16.4220983643,1.2240073315,0.605741028295,10.3413759212,0.770785782948,0.431784851622,1.11636582905,0.33818019352,4.12970163342,3.3010976114,1.11636582905,4.12970163342,0.434028050235,0.511318242344,12800,0.0262648149972,0.113159626816,144,144,144,1,0,0.0416666666667,0.840277777778,0.118055555556,-183,-0.00888694638695,0.0176970920685,-2.54166666667,-1.43795620438,-1.3108390748,-2.29999527168,-0.0111438550839,-0.00184769148691,-2.29570616228,-0.0503963809478,-0.0166223812134,-0.0781248587324,0.0613729638875,0.0300807539071,-0.00949048822113,-0.00471319114146,-0.0157373755212,0.0176970920685,-0.00949048822113,-0.0157373755212,-0.0722468126611,-0.0367076658513,-3417,-0.00701147444105,-0.00264989284727,-0.00694444444444,0,0.00694444444444,1926,6,189,18471,0.910638297872,0.99967527196,0.000324728040266,0.0893617021277,0.996894409938,0.910638297872,0.951816160119,0.947769112826,0.910313569832,0.908062234795,240,423,0,5,2,5
281,WLNM_dir_neg_kfold,0.906897428589,0.404121056878,00:00:20,10,80,12,14357,threshold_sweep,0.2,0.975,0.553191489362,0.705882352941,234,6,189,840,0.553191489362,0.992907801418,0.00709219858156,0.446808510638,0.975,0.553191489362,0.705882352941,0.8463356974,0.603624901497,0.612326043738,0.657375735134,0.54609929078,2154,1731,423,0,2154,0,1731,0,423,144,2115,0.10270979021,3.28340051934,29.375,15.4379562044,16.5234375,23.125947344,0.787266292563,0.431540583136,18.7178045265,1.27440371245,0.622363409509,10.41950078,0.709412819061,0.401704097715,1.12585631727,0.342893384662,4.14543900894,3.28340051934,1.12585631727,4.14543900894,0.506274862896,0.548025908195,16217,0.0332762894383,0.115809519663,144,144,144,1,0,0.0486111111111,0.840277777778,0.111111111111,144,0.0821678321678,3.15516664001,23.5,12.6268656716,13.3228346457,18.6352549559,0.792989572593,0.435891121618,14.9995337923,1.27655606743,0.623612752824,8.59866634642,0.731801391185,0.412455673759,1.12152124274,0.355455470567,4.07916214432,3.15516664001,1.12152124274,4.07916214432,0.398073563212,0.443482294727,8604,0.0176548803309,0.0925841204852,144,144,144,1,0,0.0694444444444,0.8125,0.118055555556,144,1932,0.0938228438228,3.3010976114,26.8333333333,14,15.2125984252,20.8259520724,0.776122437479,0.429692891649,16.4220983643,1.2240073315,0.605741028295,10.3413759212,0.770785782948,0.431784851622,1.11636582905,0.33818019352,4.12970163342,3.3010976114,1.11636582905,4.12970163342,0.434028050235,0.511318242344,12800,0.0262648149972,0.113159626816,144,144,144,1,0,0.0416666666667,0.840277777778,0.118055555556,-183,-0.00888694638695,0.0176970920685,-2.54166666667,-1.43795620438,-1.3108390748,-2.29999527168,-0.0111438550839,-0.00184769148691,-2.29570616228,-0.0503963809478,-0.0166223812134,-0.0781248587324,0.0613729638875,0.0300807539071,-0.00949048822113,-0.00471319114146,-0.0157373755212,0.0176970920685,-0.00949048822113,-0.0157373755212,-0.0722468126611,-0.0367076658513,-3417,-0.00701147444105,-0.00264989284727,-0.00694444444444,0,0.00694444444444,1926,6,189,18471,0.910638297872,0.99967527196,0.000324728040266,0.0893617021277,0.996894409938,0.910638297872,0.951816160119,0.947769112826,0.910313569832,0.908062234795,240,423,0,5,2,5
282,WLNM_dir_neg_kfold,0.906897428589,0.404121056878,00:00:20,10,80,12,14357,threshold_sweep,0.3,0.975,0.553191489362,0.705882352941,234,6,189,840,0.553191489362,0.992907801418,0.00709219858156,0.446808510638,0.975,0.553191489362,0.705882352941,0.8463356974,0.603624901497,0.612326043738,0.657375735134,0.54609929078,2154,1731,423,0,2154,0,1731,0,423,144,2115,0.10270979021,3.28340051934,29.375,15.4379562044,16.5234375,23.125947344,0.787266292563,0.431540583136,18.7178045265,1.27440371245,0.622363409509,10.41950078,0.709412819061,0.401704097715,1.12585631727,0.342893384662,4.14543900894,3.28340051934,1.12585631727,4.14543900894,0.506274862896,0.548025908195,16217,0.0332762894383,0.115809519663,144,144,144,1,0,0.0486111111111,0.840277777778,0.111111111111,144,0.0821678321678,3.15516664001,23.5,12.6268656716,13.3228346457,18.6352549559,0.792989572593,0.435891121618,14.9995337923,1.27655606743,0.623612752824,8.59866634642,0.731801391185,0.412455673759,1.12152124274,0.355455470567,4.07916214432,3.15516664001,1.12152124274,4.07916214432,0.398073563212,0.443482294727,8604,0.0176548803309,0.0925841204852,144,144,144,1,0,0.0694444444444,0.8125,0.118055555556,144,1932,0.0938228438228,3.3010976114,26.8333333333,14,15.2125984252,20.8259520724,0.776122437479,0.429692891649,16.4220983643,1.2240073315,0.605741028295,10.3413759212,0.770785782948,0.431784851622,1.11636582905,0.33818019352,4.12970163342,3.3010976114,1.11636582905,4.12970163342,0.434028050235,0.511318242344,12800,0.0262648149972,0.113159626816,144,144,144,1,0,0.0416666666667,0.840277777778,0.118055555556,-183,-0.00888694638695,0.0176970920685,-2.54166666667,-1.43795620438,-1.3108390748,-2.29999527168,-0.0111438550839,-0.00184769148691,-2.29570616228,-0.0503963809478,-0.0166223812134,-0.0781248587324,0.0613729638875,0.0300807539071,-0.00949048822113,-0.00471319114146,-0.0157373755212,0.0176970920685,-0.00949048822113,-0.0157373755212,-0.0722468126611,-0.0367076658513,-3417,-0.00701147444105,-0.00264989284727,-0.00694444444444,0,0.00694444444444,1926,6,189,18471,0.910638297872,0.99967527196,0.000324728040266,0.0893617021277,0.996894409938,0.910638297872,0.951816160119,0.947769112826,0.910313569832,0.908062234795,240,423,0,5,2,5
283,WLNM_dir_neg_kfold,0.906897428589,0.404121056878,00:00:20,10,80,12,14357,threshold_sweep,0.4,0.983122362869,0.550827423168,0.706060606061,233,4,190,842,0.550827423168,0.995271867612,0.00472813238771,0.449172576832,0.983122362869,0.550827423168,0.706060606061,0.847123719464,0.604412923562,0.613545816733,0.6605610411,0.54609929078,2154,1731,423,0,2154,0,1731,0,423,144,2115,0.10270979021,3.28340051934,29.375,15.4379562044,16.5234375,23.125947344,0.787266292563,0.431540583136,18.7178045265,1.27440371245,0.622363409509,10.41950078,0.709412819061,0.401704097715,1.12585631727,0.342893384662,4.14543900894,3.28340051934,1.12585631727,4.14543900894,0.506274862896,0.548025908195,16217,0.0332762894383,0.115809519663,144,144,144,1,0,0.0486111111111,0.840277777778,0.111111111111,144,0.0821678321678,3.15516664001,23.5,12.6268656716,13.3228346457,18.6352549559,0.792989572593,0.435891121618,14.9995337923,1.27655606743,0.623612752824,8.59866634642,0.731801391185,0.412455673759,1.12152124274,0.355455470567,4.07916214432,3.15516664001,1.12152124274,4.07916214432,0.398073563212,0.443482294727,8604,0.0176548803309,0.0925841204852,144,144,144,1,0,0.0694444444444,0.8125,0.118055555556,144,1929,0.0936771561772,3.21853117353,26.7916666667,14.0802919708,15.188976378,20.8369880244,0.777741388159,0.430393554519,16.4377268391,1.22707758674,0.607745089569,10.3249434886,0.770757834294,0.431711162951,1.11485733608,0.346386993313,4.10633560903,3.21853117353,1.11485733608,4.10633560903,0.434338469117,0.511730576859,12789,0.0262422436718,0.114428974768,144,144,144,1,0,0.0486111111111,0.833333333333,0.118055555556,-186,-0.00903263403263,-0.0648693458025,-2.58333333333,-1.35766423358,-1.33446112205,-2.28895931962,-0.00952490440418,-0.00114702861758,-2.28007768745,-0.0473261257017,-0.0146183199402,-0.0945572913956,0.0613450152329,0.0300070652367,-0.0109989811896,0.00349360865163,-0.0391033999123,-0.0648693458025,-0.0109989811896,-0.0391033999123,-0.0719363937784,-0.0362953313359,-3428,-0.00703404576644,-0.00138054489495,0,-0.00694444444444,0.00694444444444,1925,4,190,18473,0.910165484634,0.99978351464,0.000216485360178,0.0898345153664,0.997926386729,0.910165484634,0.952027695351,0.948049743627,0.909948999273,0.90844738084,237,423,0,5,2,5
284,WLNM_dir_neg_kfold,0.906897428589,0.404121056878,00:00:20,10,80,12,14357,threshold_sweep,0.5,0.991416309013,0.54609929078,0.704268292683,231,2,192,844,0.54609929078,0.997635933806,0.00236406619385,0.45390070922,0.991416309013,0.54609929078,0.704268292683,0.847123719464,0.605463619648,0.612516644474,0.662041167125,0.543735224586,2154,1731,423,0,2154,0,1731,0,423,144,2115,0.10270979021,3.28340051934,29.375,15.4379562044,16.5234375,23.125947344,0.787266292563,0.431540583136,18.7178045265,1.27440371245,0.622363409509,10.41950078,0.709412819061,0.401704097715,1.12585631727,0.342893384662,4.14543900894,3.28340051934,1.12585631727,4.14543900894,0.506274862896,0.548025908195,16217,0.0332762894383,0.115809519663,144,144,144,1,0,0.0486111111111,0.840277777778,0.111111111111,144,0.0821678321678,3.15516664001,23.5,12.6268656716,13.3228346457,18.6352549559,0.792989572593,0.435891121618,14.9995337923,1.27655606743,0.623612752824,8.59866634642,0.731801391185,0.412455673759,1.12152124274,0.355455470567,4.07916214432,3.15516664001,1.12152124274,4.07916214432,0.398073563212,0.443482294727,8604,0.0176548803309,0.0925841204852,144,144,144,1,0,0.0694444444444,0.8125,0.118055555556,144,1925,0.0934829059829,3.17258011188,26.7361111111,14.3656716418,15.157480315,20.8561460181,0.780074032885,0.431554834055,16.4570840605,1.23107537907,0.610270562771,10.2920612544,0.769899647081,0.431713564214,1.12943399738,0.355998574519,3.99152667438,3.17258011188,1.12943399738,3.99152667438,0.436943111939,0.512529569785,12783,0.0262299320398,0.116539580899,144,144,144,1,0,0.0694444444444,0.8125,0.118055555556,-190,-0.00922688422688,-0.110820407459,-2.63888888889,-1.07228456259,-1.36595718504,-2.26980132593,-0.00719225967792,1.42509185062e-05,-2.26072046608,-0.0433283333768,-0.0120928467382,-0.12743952557,0.0604868280205,0.0300094664988,0.00357768010201,0.0131051898578,-0.153912334557,-0.110820407459,0.00357768010201,-0.153912334557,-0.0693317509567,-0.0354963384102,-3434,-0.00704635739847,0.000730061236026,0.0208333333333,-0.0277777777778,0.00694444444444,1923,2,192,18475,0.909219858156,0.99989175732,0.000108242680089,0.090780141844,0.998961038961,0.909219858156,0.95198019802,0.948059274821,0.909111615476,0.908360888049,233,423,0,5,2,5
285,WLNM_dir_neg_kfold,0.906897428589,0.404121056878,00:00:20,10,80,12,14357,threshold_sweep,0.6,0.991416309013,0.54609929078,0.704268292683,231,2,192,844,0.54609929078,0.997635933806,0.00236406619385,0.45390070922,0.991416309013,0.54609929078,0.704268292683,0.847123719464,0.605463619648,0.612516644474,0.662041167125,0.543735224586,2154,1731,423,0,2154,0,1731,0,423,144,2115,0.10270979021,3.28340051934,29.375,15.4379562044,16.5234375,23.125947344,0.787266292563,0.431540583136,18.7178045265,1.27440371245,0.622363409509,10.41950078,0.709412819061,0.401704097715,1.12585631727,0.342893384662,4.14543900894,3.28340051934,1.12585631727,4.14543900894,0.506274862896,0.548025908195,16217,0.0332762894383,0.115809519663,144,144,144,1,0,0.0486111111111,0.840277777778,0.111111111111,144,0.0821678321678,3.15516664001,23.5,12.6268656716,13.3228346457,18.6352549559,0.792989572593,0.435891121618,14.9995337923,1.27655606743,0.623612752824,8.59866634642,0.731801391185,0.412455673759,1.12152124274,0.355455470567,4.07916214432,3.15516664001,1.12152124274,4.07916214432,0.398073563212,0.443482294727,8604,0.0176548803309,0.0925841204852,144,144,144,1,0,0.0694444444444,0.8125,0.118055555556,144,1925,0.0934829059829,3.17258011188,26.7361111111,14.3656716418,15.157480315,20.8561460181,0.780074032885,0.431554834055,16.4570840605,1.23107537907,0.610270562771,10.2920612544,0.769899647081,0.431713564214,1.12943399738,0.355998574519,3.99152667438,3.17258011188,1.12943399738,3.99152667438,0.436943111939,0.512529569785,12783,0.0262299320398,0.116539580899,144,144,144,1,0,0.0694444444444,0.8125,0.118055555556,-190,-0.00922688422688,-0.110820407459,-2.63888888889,-1.07228456259,-1.36595718504,-2.26980132593,-0.00719225967792,1.42509185062e-05,-2.26072046608,-0.0433283333768,-0.0120928467382,-0.12743952557,0.0604868280205,0.0300094664988,0.00357768010201,0.0131051898578,-0.153912334557,-0.110820407459,0.00357768010201,-0.153912334557,-0.0693317509567,-0.0354963384102,-3434,-0.00704635739847,0.000730061236026,0.0208333333333,-0.0277777777778,0.00694444444444,1923,2,192,18475,0.909219858156,0.99989175732,0.000108242680089,0.090780141844,0.998961038961,0.909219858156,0.95198019802,0.948059274821,0.909111615476,0.908360888049,233,423,0,5,2,5
286,WLNM_dir_neg_kfold,0.906897428589,0.404121056878,00:00:20,10,80,12,14357,threshold_sweep,0.7,0.991416309013,0.54609929078,0.704268292683,231,2,192,844,0.54609929078,0.997635933806,0.00236406619385,0.45390070922,0.991416309013,0.54609929078,0.704268292683,0.847123719464,0.605463619648,0.612516644474,0.662041167125,0.543735224586,2154,1731,423,0,2154,0,1731,0,423,144,2115,0.10270979021,3.28340051934,29.375,15.4379562044,16.5234375,23.125947344,0.787266292563,0.431540583136,18.7178045265,1.27440371245,0.622363409509,10.41950078,0.709412819061,0.401704097715,1.12585631727,0.342893384662,4.14543900894,3.28340051934,1.12585631727,4.14543900894,0.506274862896,0.548025908195,16217,0.0332762894383,0.115809519663,144,144,144,1,0,0.0486111111111,0.840277777778,0.111111111111,144,0.0821678321678,3.15516664001,23.5,12.6268656716,13.3228346457,18.6352549559,0.792989572593,0.435891121618,14.9995337923,1.27655606743,0.623612752824,8.59866634642,0.731801391185,0.412455673759,1.12152124274,0.355455470567,4.07916214432,3.15516664001,1.12152124274,4.07916214432,0.398073563212,0.443482294727,8604,0.0176548803309,0.0925841204852,144,144,144,1,0,0.0694444444444,0.8125,0.118055555556,144,1925,0.0934829059829,3.17258011188,26.7361111111,14.3656716418,15.157480315,20.8561460181,0.780074032885,0.431554834055,16.4570840605,1.23107537907,0.610270562771,10.2920612544,0.769899647081,0.431713564214,1.12943399738,0.355998574519,3.99152667438,3.17258011188,1.12943399738,3.99152667438,0.436943111939,0.512529569785,12783,0.0262299320398,0.116539580899,144,144,144,1,0,0.0694444444444,0.8125,0.118055555556,-190,-0.00922688422688,-0.110820407459,-2.63888888889,-1.07228456259,-1.36595718504,-2.26980132593,-0.00719225967792,1.42509185062e-05,-2.26072046608,-0.0433283333768,-0.0120928467382,-0.12743952557,0.0604868280205,0.0300094664988,0.00357768010201,0.0131051898578,-0.153912334557,-0.110820407459,0.00357768010201,-0.153912334557,-0.0693317509567,-0.0354963384102,-3434,-0.00704635739847,0.000730061236026,0.0208333333333,-0.0277777777778,0.00694444444444,1923,2,192,18475,0.909219858156,0.99989175732,0.000108242680089,0.090780141844,0.998961038961,0.909219858156,0.95198019802,0.948059274821,0.909111615476,0.908360888049,233,423,0,5,2,5
287,WLNM_dir_neg_kfold,0.906897428589,0.404121056878,00:00:20,10,80,12,14357,threshold_sweep,0.8,0.995689655172,0.54609929078,0.70534351145,231,1,192,845,0.54609929078,0.998817966903,0.00118203309693,0.45390070922,0.995689655172,0.54609929078,0.70534351145,0.847911741529,0.60572629367,0.614257161892,0.66458809435,0.544917257683,2154,1731,423,0,2154,0,1731,0,423,144,2115,0.10270979021,3.28340051934,29.375,15.4379562044,16.5234375,23.125947344,0.787266292563,0.431540583136,18.7178045265,1.27440371245,0.622363409509,10.41950078,0.709412819061,0.401704097715,1.12585631727,0.342893384662,4.14543900894,3.28340051934,1.12585631727,4.14543900894,0.506274862896,0.548025908195,16217,0.0332762894383,0.115809519663,144,144,144,1,0,0.0486111111111,0.840277777778,0.111111111111,144,0.0821678321678,3.15516664001,23.5,12.6268656716,13.3228346457,18.6352549559,0.792989572593,0.435891121618,14.9995337923,1.27655606743,0.623612752824,8.59866634642,0.731801391185,0.412455673759,1.12152124274,0.355455470567,4.07916214432,3.15516664001,1.12152124274,4.07916214432,0.398073563212,0.443482294727,8604,0.0176548803309,0.0925841204852,144,144,144,1,0,0.0694444444444,0.8125,0.118055555556,144,1924,0.0934343434343,3.15659780357,26.7222222222,14.3582089552,15.1496062992,20.8532818247,0.780372292815,0.431724994225,16.4621248325,1.23209250306,0.610872892123,10.2994406197,0.770852104592,0.432280838531,1.12817749837,0.35740299163,3.98333695111,3.15659780357,1.12817749837,3.98333695111,0.436943111939,0.512529569785,12783,0.0262299320398,0.116832403805,144,144,144,1,0,0.0694444444444,0.8125,0.118055555556,-191,-0.00927544677545,-0.126802715767,-2.65277777778,-1.07974724916,-1.37383120079,-2.27266551937,-0.00689399974784,0.000184411088666,-2.25567969402,-0.0423112093874,-0.0114905173859,-0.120060160268,0.0614392855312,0.0305767408161,0.0023211810922,0.014509606968,-0.162102057825,-0.126802715767,0.0023211810922,-0.162102057825,-0.0693317509567,-0.0354963384102,-3434,-0.00704635739847,0.00102288414239,0.0208333333333,-0.0277777777778,0.00694444444444,1923,1,192,18476,0.909219858156,0.99994587866,5.41213400444e-05,0.090780141844,0.99948024948,0.909219858156,0.952215895024,0.948336673526,0.909165736816,0.908790170132,232,423,0,5,2,5
288,WLNM_dir_neg_kfold,0.906897428589,0.404121056878,00:00:20,10,80,12,14357,threshold_sweep,0.9,0.995689655172,0.54609929078,0.70534351145,231,1,192,845,0.54609929078,0.998817966903,0.00118203309693,0.45390070922,0.995689655172,0.54609929078,0.70534351145,0.847911741529,0.60572629367,0.614257161892,0.66458809435,0.544917257683,2154,1731,423,0,2154,0,1731,0,423,144,2115,0.10270979021,3.28340051934,29.375,15.4379562044,16.5234375,23.125947344,0.787266292563,0.431540583136,18.7178045265,1.27440371245,0.622363409509,10.41950078,0.709412819061,0.401704097715,1.12585631727,0.342893384662,4.14543900894,3.28340051934,1.12585631727,4.14543900894,0.506274862896,0.548025908195,16217,0.0332762894383,0.115809519663,144,144,144,1,0,0.0486111111111,0.840277777778,0.111111111111,144,0.0821678321678,3.15516664001,23.5,12.6268656716,13.3228346457,18.6352549559,0.792989572593,0.435891121618,14.9995337923,1.27655606743,0.623612752824,8.59866634642,0.731801391185,0.412455673759,1.12152124274,0.355455470567,4.07916214432,3.15516664001,1.12152124274,4.07916214432,0.398073563212,0.443482294727,8604,0.0176548803309,0.0925841204852,144,144,144,1,0,0.0694444444444,0.8125,0.118055555556,144,1924,0.0934343434343,3.15659780357,26.7222222222,14.3582089552,15.1496062992,20.8532818247,0.780372292815,0.431724994225,16.4621248325,1.23209250306,0.610872892123,10.2994406197,0.770852104592,0.432280838531,1.12817749837,0.35740299163,3.98333695111,3.15659780357,1.12817749837,3.98333695111,0.436943111939,0.512529569785,12783,0.0262299320398,0.116832403805,144,144,144,1,0,0.0694444444444,0.8125,0.118055555556,-191,-0.00927544677545,-0.126802715767,-2.65277777778,-1.07974724916,-1.37383120079,-2.27266551937,-0.00689399974784,0.000184411088666,-2.25567969402,-0.0423112093874,-0.0114905173859,-0.120060160268,0.0614392855312,0.0305767408161,0.0023211810922,0.014509606968,-0.162102057825,-0.126802715767,0.0023211810922,-0.162102057825,-0.0693317509567,-0.0354963384102,-3434,-0.00704635739847,0.00102288414239,0.0208333333333,-0.0277777777778,0.00694444444444,1923,1,192,18476,0.909219858156,0.99994587866,5.41213400444e-05,0.090780141844,0.99948024948,0.909219858156,0.952215895024,0.948336673526,0.909165736816,0.908790170132,232,423,0,5,2,5
289,WLNM_dir_neg_kfold,0.893834984826,0.530260579802,00:00:19,10,80,13,14358,threshold_sweep,0.1,0.968992248062,0.591016548463,0.734214390602,250,8,173,838,0.591016548463,0.990543735225,0.00945626477541,0.408983451537,0.968992248062,0.591016548463,0.734214390602,0.857368006304,0.59889676911,0.644400785855,0.68118436966,0.581560283688,2154,1731,423,0,2154,0,1731,0,423,144,2115,0.10270979021,3.28340051934,29.375,15.4379562044,16.5234375,23.125947344,0.787266292563,0.431540583136,18.7178045265,1.27440371245,0.622363409509,10.41950078,0.709412819061,0.401704097715,1.12585631727,0.342893384662,4.14543900894,3.28340051934,1.12585631727,4.14543900894,0.506274862896,0.548025908195,16217,0.0332762894383,0.115809519663,144,144,144,1,0,0.0486111111111,0.840277777778,0.111111111111,144,0.0821678321678,3.15516664001,23.5,12.6268656716,13.3228346457,18.6352549559,0.792989572593,0.435891121618,14.9995337923,1.27655606743,0.623612752824,8.59866634642,0.731801391185,0.412455673759,1.12152124274,0.355455470567,4.07916214432,3.15516664001,1.12152124274,4.07916214432,0.398073563212,0.443482294727,8604,0.0176548803309,0.0925841204852,144,144,144,1,0,0.0694444444444,0.8125,0.118055555556,144,1950,0.094696969697,3.58061961886,27.0833333333,13.9285714286,15.3543307087,21.0296161459,0.776478134619,0.429978632479,16.7067990012,1.23373284932,0.60792022792,10.3747103759,0.766132458531,0.43004985755,1.13783497528,0.31777599868,4.39613280463,3.58061961886,1.13783497528,4.39613280463,0.456218782005,0.517388747304,13196,0.0270773827112,0.112409813897,144,144,144,1,0,0.0277777777778,0.854166666667,0.118055555556,-165,-0.00801282051282,0.297219099526,-2.29166666667,-1.50938477581,-1.16910679134,-2.09633119812,-0.0107881579446,-0.0015619506577,-2.01100552532,-0.0406708631244,-0.0144431815886,-0.0447904040167,0.0567196394701,0.0283457598351,0.0119786580032,-0.0251173859813,0.250693795687,0.297219099526,0.0119786580032,0.250693795687,-0.0500560808909,-0.0306371608904,-3021,-0.00619890672708,-0.00339970576644,-0.0208333333333,0.0138888888889,0.00694444444444,1942,8,173,18469,0.918203309693,0.99956702928,0.000432970720355,0.0817966903073,0.995897435897,0.918203309693,0.955473554736,0.951571388967,0.917770338972,0.9147432878,258,423,0,5,2,5
290,WLNM_dir_neg_kfold,0.893834984826,0.530260579802,00:00:19,10,80,13,14358,threshold_sweep,0.2,0.972762645914,0.591016548463,0.735294117647,250,7,173,839,0.591016548463,0.991725768322,0.00827423167849,0.408983451537,0.972762645914,0.591016548463,0.735294117647,0.858156028369,0.599159443131,0.646133682831,0.683557579925,0.582742316785,2154,1731,423,0,2154,0,1731,0,423,144,2115,0.10270979021,3.28340051934,29.375,15.4379562044,16.5234375,23.125947344,0.787266292563,0.431540583136,18.7178045265,1.27440371245,0.622363409509,10.41950078,0.709412819061,0.401704097715,1.12585631727,0.342893384662,4.14543900894,3.28340051934,1.12585631727,4.14543900894,0.506274862896,0.548025908195,16217,0.0332762894383,0.115809519663,144,144,144,1,0,0.0486111111111,0.840277777778,0.111111111111,144,0.0821678321678,3.15516664001,23.5,12.6268656716,13.3228346457,18.6352549559,0.792989572593,0.435891121618,14.9995337923,1.27655606743,0.623612752824,8.59866634642,0.731801391185,0.412455673759,1.12152124274,0.355455470567,4.07916214432,3.15516664001,1.12152124274,4.07916214432,0.398073563212,0.443482294727,8604,0.0176548803309,0.0925841204852,144,144,144,1,0,0.0694444444444,0.8125,0.118055555556,144,1949,0.0946484071484,3.57617160351,27.0694444444,13.9214285714,15.3464566929,21.0296669493,0.776878409619,0.43016717975,16.7105817128,1.23464533948,0.608299840374,10.3646205605,0.765780072196,0.429867880965,1.13671469933,0.317857984838,4.39342266746,3.57617160351,1.13671469933,4.39342266746,0.455549437227,0.51731579085,13185,0.0270548113858,0.112666914021,144,144,144,1,0,0.0277777777778,0.854166666667,0.118055555556,-166,-0.00806138306138,0.292771084174,-2.30555555556,-1.51652763295,-1.17698080709,-2.09628039478,-0.0103878829444,-0.00137340338603,-2.00722281371,-0.0397583729649,-0.0140635691348,-0.0548802194692,0.0563672531352,0.0281637832499,0.0108583820533,-0.0250353998231,0.247983658522,0.292771084174,0.0108583820533,0.247983658522,-0.0507254256683,-0.0307101173445,-3032,-0.00622147805246,-0.00314260564207,-0.0208333333333,0.0138888888889,0.00694444444444,1942,7,173,18470,0.918203309693,0.99962115062,0.000378849380311,0.0817966903073,0.996408414572,0.918203309693,0.955708661417,0.951846075242,0.917824460312,0.915174363808,257,423,0,5,2,5
291,WLNM_dir_neg_kfold,0.893834984826,0.530260579802,00:00:19,10,80,13,14358,threshold_sweep,0.3,0.97265625,0.58865248227,0.733431516937,249,7,174,839,0.58865248227,0.991725768322,0.00827423167849,0.41134751773,0.97265625,0.58865248227,0.733431516937,0.857368006304,0.599422117153,0.64393442623,0.681776125438,0.580378250591,2154,1731,423,0,2154,0,1731,0,423,144,2115,0.10270979021,3.28340051934,29.375,15.4379562044,16.5234375,23.125947344,0.787266292563,0.431540583136,18.7178045265,1.27440371245,0.622363409509,10.41950078,0.709412819061,0.401704097715,1.12585631727,0.342893384662,4.14543900894,3.28340051934,1.12585631727,4.14543900894,0.506274862896,0.548025908195,16217,0.0332762894383,0.115809519663,144,144,144,1,0,0.0486111111111,0.840277777778,0.111111111111,144,0.0821678321678,3.15516664001,23.5,12.6268656716,13.3228346457,18.6352549559,0.792989572593,0.435891121618,14.9995337923,1.27655606743,0.623612752824,8.59866634642,0.731801391185,0.412455673759,1.12152124274,0.355455470567,4.07916214432,3.15516664001,1.12152124274,4.07916214432,0.398073563212,0.443482294727,8604,0.0176548803309,0.0925841204852,144,144,144,1,0,0.0694444444444,0.8125,0.118055555556,144,1948,0.0945998445998,3.5760482112,27.0555555556,13.9142857143,15.3385826772,21.0040881062,0.776331798585,0.429917436687,16.6930094847,1.23398016725,0.608130846452,10.3653163213,0.766224615124,0.430042208533,1.13655572529,0.317824497368,4.39301578849,3.5760482112,1.13655572529,4.39301578849,0.452959622398,0.516104525509,13134,0.0269501625135,0.112656943417,144,144,144,1,0,0.0277777777778,0.854166666667,0.118055555556,-167,-0.00810994560995,0.292647691861,-2.31944444444,-1.52367049009,-1.18485482283,-2.12185923787,-0.0109344939779,-0.00162314644913,-2.02479504183,-0.0404235451977,-0.0142325630566,-0.0541844586955,0.0568117960631,0.0283381108182,0.0106994080125,-0.0250688872936,0.247576779551,0.292647691861,0.0106994080125,0.247576779551,-0.053315240498,-0.0319213826857,-3083,-0.00632612692472,-0.00315257624569,-0.0208333333333,0.0138888888889,0.00694444444444,1941,7,174,18470,0.917730496454,0.99962115062,0.000378849380311,0.0822695035461,0.996406570842,0.917730496454,0.955451636722,0.951574371791,0.917351647074,0.914703110273,256,423,0,5,2,5
292,WLNM_dir_neg_kfold,0.893834984826,0.530260579802,00:00:19,10,80,13,14358,threshold_sweep,0.4,0.97609561753,0.579196217494,0.727002967359,245,6,178,840,0.579196217494,0.992907801418,0.00709219858156,0.420803782506,0.97609561753,0.579196217494,0.727002967359,0.85500394011,0.60073548726,0.636842105263,0.677048240938,0.572104018913,2154,1731,423,0,2154,0,1731,0,423,144,2115,0.10270979021,3.28340051934,29.375,15.4379562044,16.5234375,23.125947344,0.787266292563,0.431540583136,18.7178045265,1.27440371245,0.622363409509,10.41950078,0.709412819061,0.401704097715,1.12585631727,0.342893384662,4.14543900894,3.28340051934,1.12585631727,4.14543900894,0.506274862896,0.548025908195,16217,0.0332762894383,0.115809519663,144,144,144,1,0,0.0486111111111,0.840277777778,0.111111111111,144,0.0821678321678,3.15516664001,23.5,12.6268656716,13.3228346457,18.6352549559,0.792989572593,0.435891121618,14.9995337923,1.27655606743,0.623612752824,8.59866634642,0.731801391185,0.412455673759,1.12152124274,0.355455470567,4.07916214432,3.15516664001,1.12152124274,4.07916214432,0.398073563212,0.443482294727,8604,0.0176548803309,0.0925841204852,144,144,144,1,0,0.0694444444444,0.8125,0.118055555556,144,1943,0.094357031857,3.64655229778,26.9861111111,13.8785714286,15.2992125984,20.9538240618,0.776466975013,0.429844312918,16.6477267092,1.233799612,0.608762938183,10.3315637819,0.765694896855,0.429779979413,1.15310245392,0.316217171663,4.46598620891,3.64655229778,1.15310245392,4.46598620891,0.449917272263,0.514636747916,13027,0.0267306050757,0.11146094461,144,144,144,1,0,0.0277777777778,0.854166666667,0.118055555556,-172,-0.00835275835276,0.363151778442,-2.38888888889,-1.55938477581,-1.22422490157,-2.17212328225,-0.0107993175506,-0.00169627021816,-2.07007781734,-0.0406041004404,-0.0136004713261,-0.0879369980923,0.0562820777937,0.0280758816985,0.02724613665,-0.0266762129985,0.320547199972,0.363151778442,0.02724613665,0.320547199972,-0.0563575906326,-0.0333891602788,-3190,-0.00654568436259,-0.0043485750529,-0.0208333333333,0.0138888888889,0.00694444444444,1937,6,178,18471,0.915839243499,0.99967527196,0.000324728040266,0.0841607565012,0.996911991765,0.915839243499,0.954657466732,0.950762348867,0.915514515459,0.913248467704,251,423,0,5,2,5
293,WLNM_dir_neg_kfold,0.893834984826,0.530260579802,00:00:19,10,80,13,14358,threshold_sweep,0.5,0.991836734694,0.574468085106,0.72754491018,243,2,180,844,0.574468085106,0.997635933806,0.00236406619385,0.425531914894,0.991836734694,0.574468085106,0.72754491018,0.85657998424,0.60231153139,0.639365918098,0.683277851572,0.572104018913,2154,1731,423,0,2154,0,1731,0,423,144,2115,0.10270979021,3.28340051934,29.375,15.4379562044,16.5234375,23.125947344,0.787266292563,0.431540583136,18.7178045265,1.27440371245,0.622363409509,10.41950078,0.709412819061,0.401704097715,1.12585631727,0.342893384662,4.14543900894,3.28340051934,1.12585631727,4.14543900894,0.506274862896,0.548025908195,16217,0.0332762894383,0.115809519663,144,144,144,1,0,0.0486111111111,0.840277777778,0.111111111111,144,0.0821678321678,3.15516664001,23.5,12.6268656716,13.3228346457,18.6352549559,0.792989572593,0.435891121618,14.9995337923,1.27655606743,0.623612752824,8.59866634642,0.731801391185,0.412455673759,1.12152124274,0.355455470567,4.07916214432,3.15516664001,1.12152124274,4.07916214432,0.398073563212,0.443482294727,8604,0.0176548803309,0.0925841204852,144,144,144,1,0,0.0694444444444,0.8125,0.118055555556,144,1937,0.0940656565657,3.15397016449,26.9027777778,14.4552238806,15.2519685039,20.9909469146,0.7802520278,0.431588080078,16.6803891643,1.24004958165,0.61344504675,10.2934766912,0.765235231564,0.429361699076,1.12485524197,0.356647394651,3.97535677781,3.15397016449,1.12485524197,3.97535677781,0.442682940185,0.515165119565,13005,0.0266854624249,0.116275308806,144,144,144,1,0,0.0694444444444,0.8125,0.118055555556,-178,-0.00864413364413,-0.129430354845,-2.47222222222,-0.982732323783,-1.27146899606,-2.13500042948,-0.00701426476332,4.7496941685e-05,-2.03741536223,-0.0343541307927,-0.00891836275838,-0.126024088713,0.0558224125029,0.0276576013617,-0.00100107530311,0.0137540099891,-0.170082231127,-0.129430354845,-0.00100107530311,-0.170082231127,-0.0635919227104,-0.0328607886301,-3212,-0.00659082701336,0.000465789143033,0.0208333333333,-0.0277777777778,0.00694444444444,1935,2,180,18475,0.914893617021,0.99989175732,0.000108242680089,0.0851063829787,0.998967475478,0.914893617021,0.955083909181,0.951322329531,0.914785374341,0.914029286726,245,423,0,5,2,5
294,WLNM_dir_neg_kfold,0.893834984826,0.530260579802,00:00:19,10,80,13,14358,threshold_sweep,0.6,0.995884773663,0.572104018913,0.726726726727,242,1,181,845,0.572104018913,0.998817966903,0.00118203309693,0.427895981087,0.995884773663,0.572104018913,0.726726726727,0.85657998424,0.602836879433,0.638888888889,0.683998762096,0.570921985816,2154,1731,423,0,2154,0,1731,0,423,144,2115,0.10270979021,3.28340051934,29.375,15.4379562044,16.5234375,23.125947344,0.787266292563,0.431540583136,18.7178045265,1.27440371245,0.622363409509,10.41950078,0.709412819061,0.401704097715,1.12585631727,0.342893384662,4.14543900894,3.28340051934,1.12585631727,4.14543900894,0.506274862896,0.548025908195,16217,0.0332762894383,0.115809519663,144,144,144,1,0,0.0486111111111,0.840277777778,0.111111111111,144,0.0821678321678,3.15516664001,23.5,12.6268656716,13.3228346457,18.6352549559,0.792989572593,0.435891121618,14.9995337923,1.27655606743,0.623612752824,8.59866634642,0.731801391185,0.412455673759,1.12152124274,0.355455470567,4.07916214432,3.15516664001,1.12152124274,4.07916214432,0.398073563212,0.443482294727,8604,0.0176548803309,0.0925841204852,144,144,144,1,0,0.0694444444444,0.8125,0.118055555556,144,1935,0.0939685314685,3.15362365437,26.875,14.4402985075,15.2362204724,20.9497817803,0.779526763919,0.431226672409,16.6539097449,1.2393607252,0.613210594315,10.2981556839,0.766374376475,0.429956215906,1.12436104714,0.356529874952,3.97420701074,3.15362365437,1.12436104714,3.97420701074,0.440169994138,0.514063553775,12958,0.0265890213073,0.116274851964,144,144,144,1,0,0.0694444444444,0.8125,0.118055555556,-180,-0.00874125874126,-0.129776864965,-2.5,-0.997657696917,-1.28721702756,-2.17616556371,-0.00773952864398,-0.000313910727485,-2.06389478167,-0.0350429872457,-0.00915281519355,-0.121345096072,0.0569615574143,0.0282521181911,-0.00149527013581,0.0136364902905,-0.171231998195,-0.129776864965,-0.00149527013581,-0.171231998195,-0.0661048687574,-0.0339623544201,-3259,-0.00668726813093,0.000465332301257,0.0208333333333,-0.0277777777778,0.00694444444444,1934,1,181,18476,0.914420803783,0.99994587866,5.41213400444e-05,0.0855791962175,0.999483204134,0.914420803783,0.955061728395,0.951327207931,0.914366682442,0.913988657845,243,423,0,5,2,5
295,WLNM_dir_neg_kfold,0.893834984826,0.530260579802,00:00:19,10,80,13,14358,threshold_sweep,0.7,0.995744680851,0.553191489362,0.711246200608,234,1,189,845,0.553191489362,0.998817966903,0.00118203309693,0.446808510638,0.995744680851,0.553191489362,0.711246200608,0.850275807723,0.604938271605,0.621010638298,0.669896459086,0.552009456265,2154,1731,423,0,2154,0,1731,0,423,144,2115,0.10270979021,3.28340051934,29.375,15.4379562044,16.5234375,23.125947344,0.787266292563,0.431540583136,18.7178045265,1.27440371245,0.622363409509,10.41950078,0.709412819061,0.401704097715,1.12585631727,0.342893384662,4.14543900894,3.28340051934,1.12585631727,4.14543900894,0.506274862896,0.548025908195,16217,0.0332762894383,0.115809519663,144,144,144,1,0,0.0486111111111,0.840277777778,0.111111111111,144,0.0821678321678,3.15516664001,23.5,12.6268656716,13.3228346457,18.6352549559,0.792989572593,0.435891121618,14.9995337923,1.27655606743,0.623612752824,8.59866634642,0.731801391185,0.412455673759,1.12152124274,0.355455470567,4.07916214432,3.15516664001,1.12152124274,4.07916214432,0.398073563212,0.443482294727,8604,0.0176548803309,0.0925841204852,144,144,144,1,0,0.0694444444444,0.8125,0.118055555556,144,1927,0.09358003108,3.15525625291,26.7638888889,14.3805970149,15.1732283465,20.8863009647,0.780391110253,0.431802456322,16.5343450678,1.23557119344,0.61215259759,10.3058110621,0.770128071063,0.431892550308,1.12644595973,0.357006173013,3.97959044619,3.15525625291,1.12644595973,3.97959044619,0.439670080351,0.513828936851,12856,0.0263797235628,0.116213907484,144,144,144,1,0,0.0694444444444,0.8125,0.118055555556,-188,-0.00912975912976,-0.128144266428,-2.61111111111,-1.05735918945,-1.35020915354,-2.23964637935,-0.00687518231012,0.000261873186108,-2.18345945871,-0.0388325190007,-0.010210811919,-0.113689717878,0.0607152520026,0.0301884525937,0.000589642451818,0.0141127883516,-0.165848562747,-0.128144266428,0.000589642451818,-0.165848562747,-0.0666047825445,-0.0341969713444,-3361,-0.00689656587544,0.00040438782095,0.0208333333333,-0.0277777777778,0.00694444444444,1926,1,189,18476,0.910638297872,0.99994587866,5.41213400444e-05,0.0893617021277,0.99948105864,0.910638297872,0.952993567541,0.949152858446,0.910584176532,0.910207939509,235,423,0,5,2,5
296,WLNM_dir_neg_kfold,0.893834984826,0.530260579802,00:00:19,10,80,13,14358,threshold_sweep,0.8,0.995744680851,0.553191489362,0.711246200608,234,1,189,845,0.553191489362,0.998817966903,0.00118203309693,0.446808510638,0.995744680851,0.553191489362,0.711246200608,0.850275807723,0.604938271605,0.621010638298,0.669896459086,0.552009456265,2154,1731,423,0,2154,0,1731,0,423,144,2115,0.10270979021,3.28340051934,29.375,15.4379562044,16.5234375,23.125947344,0.787266292563,0.431540583136,18.7178045265,1.27440371245,0.622363409509,10.41950078,0.709412819061,0.401704097715,1.12585631727,0.342893384662,4.14543900894,3.28340051934,1.12585631727,4.14543900894,0.506274862896,0.548025908195,16217,0.0332762894383,0.115809519663,144,144,144,1,0,0.0486111111111,0.840277777778,0.111111111111,144,0.0821678321678,3.15516664001,23.5,12.6268656716,13.3228346457,18.6352549559,0.792989572593,0.435891121618,14.9995337923,1.27655606743,0.623612752824,8.59866634642,0.731801391185,0.412455673759,1.12152124274,0.355455470567,4.07916214432,3.15516664001,1.12152124274,4.07916214432,0.398073563212,0.443482294727,8604,0.0176548803309,0.0925841204852,144,144,144,1,0,0.0694444444444,0.8125,0.118055555556,144,1927,0.09358003108,3.15525625291,26.7638888889,14.3805970149,15.1732283465,20.8863009647,0.780391110253,0.431802456322,16.5343450678,1.23557119344,0.61215259759,10.3058110621,0.770128071063,0.431892550308,1.12644595973,0.357006173013,3.97959044619,3.15525625291,1.12644595973,3.97959044619,0.439670080351,0.513828936851,12856,0.0263797235628,0.116213907484,144,144,144,1,0,0.0694444444444,0.8125,0.118055555556,-188,-0.00912975912976,-0.128144266428,-2.61111111111,-1.05735918945,-1.35020915354,-2.23964637935,-0.00687518231012,0.000261873186108,-2.18345945871,-0.0388325190007,-0.010210811919,-0.113689717878,0.0607152520026,0.0301884525937,0.000589642451818,0.0141127883516,-0.165848562747,-0.128144266428,0.000589642451818,-0.165848562747,-0.0666047825445,-0.0341969713444,-3361,-0.00689656587544,0.00040438782095,0.0208333333333,-0.0277777777778,0.00694444444444,1926,1,189,18476,0.910638297872,0.99994587866,5.41213400444e-05,0.0893617021277,0.99948105864,0.910638297872,0.952993567541,0.949152858446,0.910584176532,0.910207939509,235,423,0,5,2,5
297,WLNM_dir_neg_kfold,0.893834984826,0.530260579802,00:00:19,10,80,13,14358,threshold_sweep,0.9,0.995689655172,0.54609929078,0.70534351145,231,1,192,845,0.54609929078,0.998817966903,0.00118203309693,0.45390070922,0.995689655172,0.54609929078,0.70534351145,0.847911741529,0.60572629367,0.614257161892,0.66458809435,0.544917257683,2154,1731,423,0,2154,0,1731,0,423,144,2115,0.10270979021,3.28340051934,29.375,15.4379562044,16.5234375,23.125947344,0.787266292563,0.431540583136,18.7178045265,1.27440371245,0.622363409509,10.41950078,0.709412819061,0.401704097715,1.12585631727,0.342893384662,4.14543900894,3.28340051934,1.12585631727,4.14543900894,0.506274862896,0.548025908195,16217,0.0332762894383,0.115809519663,144,144,144,1,0,0.0486111111111,0.840277777778,0.111111111111,144,0.0821678321678,3.15516664001,23.5,12.6268656716,13.3228346457,18.6352549559,0.792989572593,0.435891121618,14.9995337923,1.27655606743,0.623612752824,8.59866634642,0.731801391185,0.412455673759,1.12152124274,0.355455470567,4.07916214432,3.15516664001,1.12152124274,4.07916214432,0.398073563212,0.443482294727,8604,0.0176548803309,0.0925841204852,144,144,144,1,0,0.0694444444444,0.8125,0.118055555556,144,1924,0.0934343434343,3.15591358499,26.7222222222,14.3582089552,15.1496062992,20.8599876112,0.780623237009,0.431771916147,16.4833508335,1.23368114347,0.611630861631,10.2858522641,0.769835096689,0.43166002541,1.12730505959,0.357204032757,3.98179224132,3.15591358499,1.12730505959,3.98179224132,0.439205585649,0.512922624616,12794,0.0262525033652,0.116105425005,144,144,144,1,0,0.0694444444444,0.8125,0.118055555556,-191,-0.00927544677545,-0.127486934342,-2.65277777778,-1.07974724916,-1.37383120079,-2.26595973285,-0.0066430555539,0.000231333010588,-2.23445369302,-0.0407225689802,-0.0107325478779,-0.133648515862,0.0604222776281,0.0299559276953,0.00144874231921,0.0143106480959,-0.163646767623,-0.127486934342,0.00144874231921,-0.163646767623,-0.067069277247,-0.0351032835791,-3423,-0.00702378607308,0.000295905342093,0.0208333333333,-0.0277777777778,0.00694444444444,1923,1,192,18476,0.909219858156,0.99994587866,5.41213400444e-05,0.090780141844,0.99948024948,0.909219858156,0.952215895024,0.948336673526,0.909165736816,0.908790170132,232,423,0,5,2,5
298,WLNM_dir_neg_kfold,0.866556008249,0.394909318524,00:00:20,10,80,14,14359,threshold_sweep,0.1,0.93359375,0.565011820331,0.703976435935,239,17,184,829,0.565011820331,0.979905437352,0.0200945626478,0.434988179669,0.93359375,0.565011820331,0.703976435935,0.841607565012,0.599422117153,0.604590163934,0.640119743028,0.544917257683,2154,1731,423,0,2154,0,1731,0,423,144,2115,0.10270979021,3.28340051934,29.375,15.4379562044,16.5234375,23.125947344,0.787266292563,0.431540583136,18.7178045265,1.27440371245,0.622363409509,10.41950078,0.709412819061,0.401704097715,1.12585631727,0.342893384662,4.14543900894,3.28340051934,1.12585631727,4.14543900894,0.506274862896,0.548025908195,16217,0.0332762894383,0.115809519663,144,144,144,1,0,0.0486111111111,0.840277777778,0.111111111111,144,0.0821678321678,3.15516664001,23.5,12.6268656716,13.3228346457,18.6352549559,0.792989572593,0.435891121618,14.9995337923,1.27655606743,0.623612752824,8.59866634642,0.731801391185,0.412455673759,1.12152124274,0.355455470567,4.07916214432,3.15516664001,1.12152124274,4.07916214432,0.398073563212,0.443482294727,8604,0.0176548803309,0.0925841204852,144,144,144,1,0,0.0694444444444,0.8125,0.118055555556,144,1948,0.0945998445998,1,27.0555555556,13.7183098592,15.3385826772,20.9530870526,0.774446749376,0.429108202145,16.4733072687,1.21773934635,0.601435945699,10.4519844166,0.772631291573,0.432993953913,0,0,0,NaN,NaN,NaN,0.448774105068,0.512953367876,13002,0.0266793066089,0.111555800186,144,144,0,1,2,0.0138888888889,0.868055555556,0.118055555556,-167,-0.00810994560995,-2.28340051934,-2.31944444444,-1.71964634522,-1.18485482283,-2.17286029149,-0.0128195431875,-0.00243238099168,-2.24449725781,-0.0566643660917,-0.0209274638095,0.0324836366027,0.0632184725123,0.0312898561981,-1.12585631727,-0.342893384662,-4.14543900894,NaN,NaN,NaN,-0.0575007578279,-0.0350725403192,-3215,-0.00659698282938,-0.00425371947751,-0.0347222222222,0.0277777777778,0.00694444444444,1931,17,184,18460,0.913002364066,0.999079937219,0.000920062780754,0.0869976359338,0.991273100616,0.913002364066,0.950529165641,0.946108447765,0.912082301285,0.905722326454,256,423,0,5,2,5
299,WLNM_dir_neg_kfold,0.866556008249,0.394909318524,00:00:20,10,80,14,14359,threshold_sweep,0.2,0.936507936508,0.557919621749,0.699259259259,236,16,187,830,0.557919621749,0.981087470449,0.0189125295508,0.442080378251,0.936507936508,0.557919621749,0.699259259259,0.840031520883,0.600472813239,0.599605522682,0.636926176529,0.539007092199,2154,1731,423,0,2154,0,1731,0,423,144,2115,0.10270979021,3.28340051934,29.375,15.4379562044,16.5234375,23.125947344,0.787266292563,0.431540583136,18.7178045265,1.27440371245,0.622363409509,10.41950078,0.709412819061,0.401704097715,1.12585631727,0.342893384662,4.14543900894,3.28340051934,1.12585631727,4.14543900894,0.506274862896,0.548025908195,16217,0.0332762894383,0.115809519663,144,144,144,1,0,0.0486111111111,0.840277777778,0.111111111111,144,0.0821678321678,3.15516664001,23.5,12.6268656716,13.3228346457,18.6352549559,0.792989572593,0.435891121618,14.9995337923,1.27655606743,0.623612752824,8.59866634642,0.731801391185,0.412455673759,1.12152124274,0.355455470567,4.07916214432,3.15516664001,1.12152124274,4.07916214432,0.398073563212,0.443482294727,8604,0.0176548803309,0.0925841204852,144,144,144,1,0,0.0694444444444,0.8125,0.118055555556,144,1944,0.0944055944056,1,27,13.6901408451,15.3070866142,20.8970168848,0.773963588327,0.429005201189,16.42486602,1.21665674223,0.601123113855,10.4406414078,0.773380845025,0.433249028349,0,0,0,NaN,NaN,NaN,0.447429285324,0.51180457386,12913,0.0264966840671,0.111655911227,144,144,0,1,2,0.0138888888889,0.868055555556,0.118055555556,-171,-0.0083041958042,-2.28340051934,-2.375,-1.74781535931,-1.21635088583,-2.2289304592,-0.0133027042357,-0.00253538194748,-2.2929385065,-0.0577469702201,-0.0212402956542,0.0211406278791,0.063968025964,0.0315449306346,-1.12585631727,-0.342893384662,-4.14543900894,NaN,NaN,NaN,-0.058845577572,-0.0362213343354,-3304,-0.00677960537115,-0.00415360843633,-0.0347222222222,0.0277777777778,0.00694444444444,1928,16,187,18461,0.91158392435,0.999134058559,0.00086594144071,0.0884160756501,0.991769547325,0.91158392435,0.949987681695,0.945563211227,0.910717982909,0.904739558893,252,423,0,5,2,5
300,WLNM_dir_neg_kfold,0.866556008249,0.394909318524,00:00:20,10,80,14,14359,threshold_sweep,0.3,0.936507936508,0.557919621749,0.699259259259,236,16,187,830,0.557919621749,0.981087470449,0.0189125295508,0.442080378251,0.936507936508,0.557919621749,0.699259259259,0.840031520883,0.600472813239,0.599605522682,0.636926176529,0.539007092199,2154,1731,423,0,2154,0,1731,0,423,144,2115,0.10270979021,3.28340051934,29.375,15.4379562044,16.5234375,23.125947344,0.787266292563,0.431540583136,18.7178045265,1.27440371245,0.622363409509,10.41950078,0.709412819061,0.401704097715,1.12585631727,0.342893384662,4.14543900894,3.28340051934,1.12585631727,4.14543900894,0.506274862896,0.548025908195,16217,0.0332762894383,0.115809519663,144,144,144,1,0,0.0486111111111,0.840277777778,0.111111111111,144,0.0821678321678,3.15516664001,23.5,12.6268656716,13.3228346457,18.6352549559,0.792989572593,0.435891121618,14.9995337923,1.27655606743,0.623612752824,8.59866634642,0.731801391185,0.412455673759,1.12152124274,0.355455470567,4.07916214432,3.15516664001,1.12152124274,4.07916214432,0.398073563212,0.443482294727,8604,0.0176548803309,0.0925841204852,144,144,144,1,0,0.0694444444444,0.8125,0.118055555556,144,1944,0.0944055944056,1,27,13.6901408451,15.3070866142,20.8970168848,0.773963588327,0.429005201189,16.42486602,1.21665674223,0.601123113855,10.4406414078,0.773380845025,0.433249028349,0,0,0,NaN,NaN,NaN,0.447429285324,0.51180457386,12913,0.0264966840671,0.111655911227,144,144,0,1,2,0.0138888888889,0.868055555556,0.118055555556,-171,-0.0083041958042,-2.28340051934,-2.375,-1.74781535931,-1.21635088583,-2.2289304592,-0.0133027042357,-0.00253538194748,-2.2929385065,-0.0577469702201,-0.0212402956542,0.0211406278791,0.063968025964,0.0315449306346,-1.12585631727,-0.342893384662,-4.14543900894,NaN,NaN,NaN,-0.058845577572,-0.0362213343354,-3304,-0.00677960537115,-0.00415360843633,-0.0347222222222,0.0277777777778,0.00694444444444,1928,16,187,18461,0.91158392435,0.999134058559,0.00086594144071,0.0884160756501,0.991769547325,0.91158392435,0.949987681695,0.945563211227,0.910717982909,0.904739558893,252,423,0,5,2,5
301,WLNM_dir_neg_kfold,0.866556008249,0.394909318524,00:00:20,10,80,14,14359,threshold_sweep,0.4,0.936507936508,0.557919621749,0.699259259259,236,16,187,830,0.557919621749,0.981087470449,0.0189125295508,0.442080378251,0.936507936508,0.557919621749,0.699259259259,0.840031520883,0.600472813239,0.599605522682,0.636926176529,0.539007092199,2154,1731,423,0,2154,0,1731,0,423,144,2115,0.10270979021,3.28340051934,29.375,15.4379562044,16.5234375,23.125947344,0.787266292563,0.431540583136,18.7178045265,1.27440371245,0.622363409509,10.41950078,0.709412819061,0.401704097715,1.12585631727,0.342893384662,4.14543900894,3.28340051934,1.12585631727,4.14543900894,0.506274862896,0.548025908195,16217,0.0332762894383,0.115809519663,144,144,144,1,0,0.0486111111111,0.840277777778,0.111111111111,144,0.0821678321678,3.15516664001,23.5,12.6268656716,13.3228346457,18.6352549559,0.792989572593,0.435891121618,14.9995337923,1.27655606743,0.623612752824,8.59866634642,0.731801391185,0.412455673759,1.12152124274,0.355455470567,4.07916214432,3.15516664001,1.12152124274,4.07916214432,0.398073563212,0.443482294727,8604,0.0176548803309,0.0925841204852,144,144,144,1,0,0.0694444444444,0.8125,0.118055555556,144,1944,0.0944055944056,1,27,13.6901408451,15.3070866142,20.8970168848,0.773963588327,0.429005201189,16.42486602,1.21665674223,0.601123113855,10.4406414078,0.773380845025,0.433249028349,0,0,0,NaN,NaN,NaN,0.447429285324,0.51180457386,12913,0.0264966840671,0.111655911227,144,144,0,1,2,0.0138888888889,0.868055555556,0.118055555556,-171,-0.0083041958042,-2.28340051934,-2.375,-1.74781535931,-1.21635088583,-2.2289304592,-0.0133027042357,-0.00253538194748,-2.2929385065,-0.0577469702201,-0.0212402956542,0.0211406278791,0.063968025964,0.0315449306346,-1.12585631727,-0.342893384662,-4.14543900894,NaN,NaN,NaN,-0.058845577572,-0.0362213343354,-3304,-0.00677960537115,-0.00415360843633,-0.0347222222222,0.0277777777778,0.00694444444444,1928,16,187,18461,0.91158392435,0.999134058559,0.00086594144071,0.0884160756501,0.991769547325,0.91158392435,0.949987681695,0.945563211227,0.910717982909,0.904739558893,252,423,0,5,2,5
302,WLNM_dir_neg_kfold,0.866556008249,0.394909318524,00:00:20,10,80,14,14359,threshold_sweep,0.5,0.936507936508,0.557919621749,0.699259259259,236,16,187,830,0.557919621749,0.981087470449,0.0189125295508,0.442080378251,0.936507936508,0.557919621749,0.699259259259,0.840031520883,0.600472813239,0.599605522682,0.636926176529,0.539007092199,2154,1731,423,0,2154,0,1731,0,423,144,2115,0.10270979021,3.28340051934,29.375,15.4379562044,16.5234375,23.125947344,0.787266292563,0.431540583136,18.7178045265,1.27440371245,0.622363409509,10.41950078,0.709412819061,0.401704097715,1.12585631727,0.342893384662,4.14543900894,3.28340051934,1.12585631727,4.14543900894,0.506274862896,0.548025908195,16217,0.0332762894383,0.115809519663,144,144,144,1,0,0.0486111111111,0.840277777778,0.111111111111,144,0.0821678321678,3.15516664001,23.5,12.6268656716,13.3228346457,18.6352549559,0.792989572593,0.435891121618,14.9995337923,1.27655606743,0.623612752824,8.59866634642,0.731801391185,0.412455673759,1.12152124274,0.355455470567,4.07916214432,3.15516664001,1.12152124274,4.07916214432,0.398073563212,0.443482294727,8604,0.0176548803309,0.0925841204852,144,144,144,1,0,0.0694444444444,0.8125,0.118055555556,144,1944,0.0944055944056,1,27,13.6901408451,15.3070866142,20.8970168848,0.773963588327,0.429005201189,16.42486602,1.21665674223,0.601123113855,10.4406414078,0.773380845025,0.433249028349,0,0,0,NaN,NaN,NaN,0.447429285324,0.51180457386,12913,0.0264966840671,0.111655911227,144,144,0,1,2,0.0138888888889,0.868055555556,0.118055555556,-171,-0.0083041958042,-2.28340051934,-2.375,-1.74781535931,-1.21635088583,-2.2289304592,-0.0133027042357,-0.00253538194748,-2.2929385065,-0.0577469702201,-0.0212402956542,0.0211406278791,0.063968025964,0.0315449306346,-1.12585631727,-0.342893384662,-4.14543900894,NaN,NaN,NaN,-0.058845577572,-0.0362213343354,-3304,-0.00677960537115,-0.00415360843633,-0.0347222222222,0.0277777777778,0.00694444444444,1928,16,187,18461,0.91158392435,0.999134058559,0.00086594144071,0.0884160756501,0.991769547325,0.91158392435,0.949987681695,0.945563211227,0.910717982909,0.904739558893,252,423,0,5,2,5
303,WLNM_dir_neg_kfold,0.866556008249,0.394909318524,00:00:20,10,80,14,14359,threshold_sweep,0.6,0.958506224066,0.54609929078,0.69578313253,231,10,192,836,0.54609929078,0.988179669031,0.0118203309693,0.45390070922,0.958506224066,0.54609929078,0.69578313253,0.840819542947,0.603362227476,0.598675496689,0.642123195627,0.534278959811,2154,1731,423,0,2154,0,1731,0,423,144,2115,0.10270979021,3.28340051934,29.375,15.4379562044,16.5234375,23.125947344,0.787266292563,0.431540583136,18.7178045265,1.27440371245,0.622363409509,10.41950078,0.709412819061,0.401704097715,1.12585631727,0.342893384662,4.14543900894,3.28340051934,1.12585631727,4.14543900894,0.506274862896,0.548025908195,16217,0.0332762894383,0.115809519663,144,144,144,1,0,0.0486111111111,0.840277777778,0.111111111111,144,0.0821678321678,3.15516664001,23.5,12.6268656716,13.3228346457,18.6352549559,0.792989572593,0.435891121618,14.9995337923,1.27655606743,0.623612752824,8.59866634642,0.731801391185,0.412455673759,1.12152124274,0.355455470567,4.07916214432,3.15516664001,1.12152124274,4.07916214432,0.398073563212,0.443482294727,8604,0.0176548803309,0.0925841204852,144,144,144,1,0,0.0694444444444,0.8125,0.118055555556,144,1933,0.0938714063714,1,26.8472222222,14.0072463768,15.2204724409,20.8606161682,0.777012086967,0.430332816003,16.4383058785,1.22458150362,0.60681798586,10.3610215369,0.771850543877,0.432606914985,0,0,0,NaN,NaN,NaN,0.442971481618,0.511582651348,12794,0.0262525033652,0.113017817207,144,144,0,1,2,0.0416666666667,0.840277777778,0.118055555556,-182,-0.00883838383838,-2.28340051934,-2.52777777778,-1.43070982757,-1.30296505906,-2.26533117588,-0.010254205596,-0.00120776713357,-2.27949864803,-0.0498222088212,-0.0155454236492,-0.0584792430479,0.0624377248164,0.0309028172706,-1.12585631727,-0.342893384662,-4.14543900894,NaN,NaN,NaN,-0.0633033812781,-0.0364432568473,-3423,-0.00702378607308,-0.00279170245635,-0.00694444444444,0,0.00694444444444,1923,10,192,18467,0.909219858156,0.9994587866,0.000541213400444,0.090780141844,0.994826694258,0.909219858156,0.950098814229,0.94584751578,0.908678644756,0.904941176471,241,423,0,5,2,5
304,WLNM_dir_neg_kfold,0.866556008249,0.394909318524,00:00:20,10,80,14,14359,threshold_sweep,0.7,0.970464135021,0.543735224586,0.69696969697,230,7,193,839,0.543735224586,0.991725768322,0.00827423167849,0.456264775414,0.970464135021,0.543735224586,0.69696969697,0.842395587076,0.604412923562,0.601593625498,0.647692968871,0.535460992908,2154,1731,423,0,2154,0,1731,0,423,144,2115,0.10270979021,3.28340051934,29.375,15.4379562044,16.5234375,23.125947344,0.787266292563,0.431540583136,18.7178045265,1.27440371245,0.622363409509,10.41950078,0.709412819061,0.401704097715,1.12585631727,0.342893384662,4.14543900894,3.28340051934,1.12585631727,4.14543900894,0.506274862896,0.548025908195,16217,0.0332762894383,0.115809519663,144,144,144,1,0,0.0486111111111,0.840277777778,0.111111111111,144,0.0821678321678,3.15516664001,23.5,12.6268656716,13.3228346457,18.6352549559,0.792989572593,0.435891121618,14.9995337923,1.27655606743,0.623612752824,8.59866634642,0.731801391185,0.412455673759,1.12152124274,0.355455470567,4.07916214432,3.15516664001,1.12152124274,4.07916214432,0.398073563212,0.443482294727,8604,0.0176548803309,0.0925841204852,144,144,144,1,0,0.0694444444444,0.8125,0.118055555556,144,1929,0.0936771561772,4.20767138413,26.7916666667,14.2888888889,15.188976378,20.8678408854,0.778892972393,0.431102759058,16.4598340321,1.22872789042,0.609753902425,10.3188460555,0.770302660438,0.432222366223,1.48167858697,0.352137429877,5,4.20767138413,1.48167858697,5,0.438800599166,0.511979166667,12779,0.0262217242851,0.114999983449,144,144,144,1,0,0.0625,0.819444444444,0.118055555556,-186,-0.00903263403263,0.92427086479,-2.58333333333,-1.14906731549,-1.33446112205,-2.25810645868,-0.00837332017018,-0.00043782407867,-2.25797049446,-0.0456758220255,-0.0126095070838,-0.100654724505,0.0608898413772,0.0305182685084,0.3558222697,0.00924404521575,0.854560991061,0.92427086479,0.3558222697,0.854560991061,-0.0674742637297,-0.0360467415282,-3438,-0.00705456515316,-0.000809536213925,0.0138888888889,-0.0208333333333,0.00694444444444,1922,7,193,18470,0.908747044917,0.99962115062,0.000378849380311,0.0912529550827,0.996371176776,0.908747044917,0.950544015826,0.946402749589,0.908368195537,0.90574929312,237,423,0,5,2,5
305,WLNM_dir_neg_kfold,0.866556008249,0.394909318524,00:00:20,10,80,14,14359,threshold_sweep,0.8,0.974358974359,0.539007092199,0.694063926941,228,6,195,840,0.539007092199,0.992907801418,0.00709219858156,0.460992907801,0.974358974359,0.539007092199,0.694063926941,0.841607565012,0.605200945626,0.59880239521,0.64657575014,0.531914893617,2154,1731,423,0,2154,0,1731,0,423,144,2115,0.10270979021,3.28340051934,29.375,15.4379562044,16.5234375,23.125947344,0.787266292563,0.431540583136,18.7178045265,1.27440371245,0.622363409509,10.41950078,0.709412819061,0.401704097715,1.12585631727,0.342893384662,4.14543900894,3.28340051934,1.12585631727,4.14543900894,0.506274862896,0.548025908195,16217,0.0332762894383,0.115809519663,144,144,144,1,0,0.0486111111111,0.840277777778,0.111111111111,144,0.0821678321678,3.15516664001,23.5,12.6268656716,13.3228346457,18.6352549559,0.792989572593,0.435891121618,14.9995337923,1.27655606743,0.623612752824,8.59866634642,0.731801391185,0.412455673759,1.12152124274,0.355455470567,4.07916214432,3.15516664001,1.12152124274,4.07916214432,0.398073563212,0.443482294727,8604,0.0176548803309,0.0925841204852,144,144,144,1,0,0.0694444444444,0.8125,0.118055555556,144,1926,0.0935314685315,4.20925950801,26.75,14.2666666667,15.1653543307,20.8274630424,0.778596749249,0.431017076266,16.4562887845,1.23037673155,0.61005826699,10.2914690722,0.769455631567,0.432113187954,1.48328807215,0.352386938684,5,4.20925950801,1.48328807215,5,0.438875165306,0.512690491163,12773,0.0262094126531,0.114523547774,144,144,144,1,0,0.0625,0.819444444444,0.118055555556,-189,-0.00917832167832,0.925858988672,-2.625,-1.17128953771,-1.35808316929,-2.29848430163,-0.00866954331395,-0.00052350687003,-2.26151574202,-0.0440269808925,-0.0123051425191,-0.128031707742,0.0600428125066,0.0304090902396,0.357431754877,0.00949355402202,0.854560991061,0.925858988672,0.357431754877,0.854560991061,-0.0673996975902,-0.0353354170321,-3444,-0.00706687678519,-0.0012859718886,0.0138888888889,-0.0208333333333,0.00694444444444,1920,6,195,18471,0.90780141844,0.99967527196,0.000324728040266,0.0921985815603,0.996884735202,0.90780141844,0.950259836674,0.946133939358,0.907476690399,0.905233380481,234,423,0,5,2,5
306,WLNM_dir_neg_kfold,0.866556008249,0.394909318524,00:00:20,10,80,14,14359,threshold_sweep,0.9,0.974358974359,0.539007092199,0.694063926941,228,6,195,840,0.539007092199,0.992907801418,0.00709219858156,0.460992907801,0.974358974359,0.539007092199,0.694063926941,0.841607565012,0.605200945626,0.59880239521,0.64657575014,0.531914893617,2154,1731,423,0,2154,0,1731,0,423,144,2115,0.10270979021,3.28340051934,29.375,15.4379562044,16.5234375,23.125947344,0.787266292563,0.431540583136,18.7178045265,1.27440371245,0.622363409509,10.41950078,0.709412819061,0.401704097715,1.12585631727,0.342893384662,4.14543900894,3.28340051934,1.12585631727,4.14543900894,0.506274862896,0.548025908195,16217,0.0332762894383,0.115809519663,144,144,144,1,0,0.0486111111111,0.840277777778,0.111111111111,144,0.0821678321678,3.15516664001,23.5,12.6268656716,13.3228346457,18.6352549559,0.792989572593,0.435891121618,14.9995337923,1.27655606743,0.623612752824,8.59866634642,0.731801391185,0.412455673759,1.12152124274,0.355455470567,4.07916214432,3.15516664001,1.12152124274,4.07916214432,0.398073563212,0.443482294727,8604,0.0176548803309,0.0925841204852,144,144,144,1,0,0.0694444444444,0.8125,0.118055555556,144,1926,0.0935314685315,4.20925950801,26.75,14.2666666667,15.1653543307,20.8274630424,0.778596749249,0.431017076266,16.4562887845,1.23037673155,0.61005826699,10.2914690722,0.769455631567,0.432113187954,1.48328807215,0.352386938684,5,4.20925950801,1.48328807215,5,0.438875165306,0.512690491163,12773,0.0262094126531,0.114523547774,144,144,144,1,0,0.0625,0.819444444444,0.118055555556,-189,-0.00917832167832,0.925858988672,-2.625,-1.17128953771,-1.35808316929,-2.29848430163,-0.00866954331395,-0.00052350687003,-2.26151574202,-0.0440269808925,-0.0123051425191,-0.128031707742,0.0600428125066,0.0304090902396,0.357431754877,0.00949355402202,0.854560991061,0.925858988672,0.357431754877,0.854560991061,-0.0673996975902,-0.0353354170321,-3444,-0.00706687678519,-0.0012859718886,0.0138888888889,-0.0208333333333,0.00694444444444,1920,6,195,18471,0.90780141844,0.99967527196,0.000324728040266,0.0921985815603,0.996884735202,0.90780141844,0.950259836674,0.946133939358,0.907476690399,0.905233380481,234,423,0,5,2,5
307,WLNM_dir_neg_kfold,0.848592179021,0.469391508654,00:00:20,10,80,15,14360,threshold_sweep,0.1,0.962809917355,0.550827423168,0.700751879699,233,9,190,837,0.550827423168,0.989361702128,0.0106382978723,0.449172576832,0.962809917355,0.550827423168,0.700751879699,0.843183609141,0.603099553454,0.604897418928,0.648198911573,0.540189125296,2154,1731,423,0,2154,0,1731,0,423,144,2115,0.10270979021,3.28340051934,29.375,15.4379562044,16.5234375,23.125947344,0.787266292563,0.431540583136,18.7178045265,1.27440371245,0.622363409509,10.41950078,0.709412819061,0.401704097715,1.12585631727,0.342893384662,4.14543900894,3.28340051934,1.12585631727,4.14543900894,0.506274862896,0.548025908195,16217,0.0332762894383,0.115809519663,144,144,144,1,0,0.0486111111111,0.840277777778,0.111111111111,144,0.0821678321678,3.15516664001,23.5,12.6268656716,13.3228346457,18.6352549559,0.792989572593,0.435891121618,14.9995337923,1.27655606743,0.623612752824,8.59866634642,0.731801391185,0.412455673759,1.12152124274,0.355455470567,4.07916214432,3.15516664001,1.12152124274,4.07916214432,0.398073563212,0.443482294727,8604,0.0176548803309,0.0925841204852,144,144,144,1,0,0.0694444444444,0.8125,0.118055555556,144,1934,0.09391996892,3.96985851296,26.8611111111,13.7163120567,15.2283464567,20.8281718548,0.775402468224,0.429521429392,16.4259954208,1.22303171696,0.604970987016,10.3475633278,0.770449389451,0.432236010571,1.2040493336,0.303297795039,4.78553121719,3.96985851296,1.2040493336,4.78553121719,0.4360379944,0.511924850192,12843,0.0263530483601,0.109396053645,144,144,144,1,0,0.0208333333333,0.861111111111,0.118055555556,-181,-0.00878982128982,0.686457993624,-2.51388888889,-1.72164414764,-1.29509104331,-2.29777548925,-0.0118638243393,-0.00201915374416,-2.29180910576,-0.0513719954898,-0.0173924224928,-0.0719374521926,0.06103657039,0.0305319128563,0.0781930163208,-0.039595589623,0.640092208255,0.686457993624,0.0781930163208,0.640092208255,-0.0702368684962,-0.0361010580029,-3374,-0.00692324107817,-0.00641346601855,-0.0277777777778,0.0208333333333,0.00694444444444,1925,9,190,18468,0.910165484634,0.99951290794,0.000487092060399,0.0898345153664,0.995346432265,0.910165484634,0.950852062238,0.946668693439,0.909678392573,0.906308851224,242,423,0,5,2,5
308,WLNM_dir_neg_kfold,0.848592179021,0.469391508654,00:00:20,10,80,15,14360,threshold_sweep,0.2,0.962809917355,0.550827423168,0.700751879699,233,9,190,837,0.550827423168,0.989361702128,0.0106382978723,0.449172576832,0.962809917355,0.550827423168,0.700751879699,0.843183609141,0.603099553454,0.604897418928,0.648198911573,0.540189125296,2154,1731,423,0,2154,0,1731,0,423,144,2115,0.10270979021,3.28340051934,29.375,15.4379562044,16.5234375,23.125947344,0.787266292563,0.431540583136,18.7178045265,1.27440371245,0.622363409509,10.41950078,0.709412819061,0.401704097715,1.12585631727,0.342893384662,4.14543900894,3.28340051934,1.12585631727,4.14543900894,0.506274862896,0.548025908195,16217,0.0332762894383,0.115809519663,144,144,144,1,0,0.0486111111111,0.840277777778,0.111111111111,144,0.0821678321678,3.15516664001,23.5,12.6268656716,13.3228346457,18.6352549559,0.792989572593,0.435891121618,14.9995337923,1.27655606743,0.623612752824,8.59866634642,0.731801391185,0.412455673759,1.12152124274,0.355455470567,4.07916214432,3.15516664001,1.12152124274,4.07916214432,0.398073563212,0.443482294727,8604,0.0176548803309,0.0925841204852,144,144,144,1,0,0.0694444444444,0.8125,0.118055555556,144,1934,0.09391996892,3.96985851296,26.8611111111,13.7163120567,15.2283464567,20.8281718548,0.775402468224,0.429521429392,16.4259954208,1.22303171696,0.604970987016,10.3475633278,0.770449389451,0.432236010571,1.2040493336,0.303297795039,4.78553121719,3.96985851296,1.2040493336,4.78553121719,0.4360379944,0.511924850192,12843,0.0263530483601,0.109396053645,144,144,144,1,0,0.0208333333333,0.861111111111,0.118055555556,-181,-0.00878982128982,0.686457993624,-2.51388888889,-1.72164414764,-1.29509104331,-2.29777548925,-0.0118638243393,-0.00201915374416,-2.29180910576,-0.0513719954898,-0.0173924224928,-0.0719374521926,0.06103657039,0.0305319128563,0.0781930163208,-0.039595589623,0.640092208255,0.686457993624,0.0781930163208,0.640092208255,-0.0702368684962,-0.0361010580029,-3374,-0.00692324107817,-0.00641346601855,-0.0277777777778,0.0208333333333,0.00694444444444,1925,9,190,18468,0.910165484634,0.99951290794,0.000487092060399,0.0898345153664,0.995346432265,0.910165484634,0.950852062238,0.946668693439,0.909678392573,0.906308851224,242,423,0,5,2,5
309,WLNM_dir_neg_kfold,0.848592179021,0.469391508654,00:00:20,10,80,15,14360,threshold_sweep,0.3,0.962809917355,0.550827423168,0.700751879699,233,9,190,837,0.550827423168,0.989361702128,0.0106382978723,0.449172576832,0.962809917355,0.550827423168,0.700751879699,0.843183609141,0.603099553454,0.604897418928,0.648198911573,0.540189125296,2154,1731,423,0,2154,0,1731,0,423,144,2115,0.10270979021,3.28340051934,29.375,15.4379562044,16.5234375,23.125947344,0.787266292563,0.431540583136,18.7178045265,1.27440371245,0.622363409509,10.41950078,0.709412819061,0.401704097715,1.12585631727,0.342893384662,4.14543900894,3.28340051934,1.12585631727,4.14543900894,0.506274862896,0.548025908195,16217,0.0332762894383,0.115809519663,144,144,144,1,0,0.0486111111111,0.840277777778,0.111111111111,144,0.0821678321678,3.15516664001,23.5,12.6268656716,13.3228346457,18.6352549559,0.792989572593,0.435891121618,14.9995337923,1.27655606743,0.623612752824,8.59866634642,0.731801391185,0.412455673759,1.12152124274,0.355455470567,4.07916214432,3.15516664001,1.12152124274,4.07916214432,0.398073563212,0.443482294727,8604,0.0176548803309,0.0925841204852,144,144,144,1,0,0.0694444444444,0.8125,0.118055555556,144,1934,0.09391996892,3.96985851296,26.8611111111,13.7163120567,15.2283464567,20.8281718548,0.775402468224,0.429521429392,16.4259954208,1.22303171696,0.604970987016,10.3475633278,0.770449389451,0.432236010571,1.2040493336,0.303297795039,4.78553121719,3.96985851296,1.2040493336,4.78553121719,0.4360379944,0.511924850192,12843,0.0263530483601,0.109396053645,144,144,144,1,0,0.0208333333333,0.861111111111,0.118055555556,-181,-0.00878982128982,0.686457993624,-2.51388888889,-1.72164414764,-1.29509104331,-2.29777548925,-0.0118638243393,-0.00201915374416,-2.29180910576,-0.0513719954898,-0.0173924224928,-0.0719374521926,0.06103657039,0.0305319128563,0.0781930163208,-0.039595589623,0.640092208255,0.686457993624,0.0781930163208,0.640092208255,-0.0702368684962,-0.0361010580029,-3374,-0.00692324107817,-0.00641346601855,-0.0277777777778,0.0208333333333,0.00694444444444,1925,9,190,18468,0.910165484634,0.99951290794,0.000487092060399,0.0898345153664,0.995346432265,0.910165484634,0.950852062238,0.946668693439,0.909678392573,0.906308851224,242,423,0,5,2,5
310,WLNM_dir_neg_kfold,0.848592179021,0.469391508654,00:00:20,10,80,15,14360,threshold_sweep,0.4,0.970711297071,0.548463356974,0.700906344411,232,7,191,839,0.548463356974,0.991725768322,0.00827423167849,0.451536643026,0.970711297071,0.548463356974,0.700906344411,0.843971631206,0.603887575519,0.606100795756,0.651303841031,0.540189125296,2154,1731,423,0,2154,0,1731,0,423,144,2115,0.10270979021,3.28340051934,29.375,15.4379562044,16.5234375,23.125947344,0.787266292563,0.431540583136,18.7178045265,1.27440371245,0.622363409509,10.41950078,0.709412819061,0.401704097715,1.12585631727,0.342893384662,4.14543900894,3.28340051934,1.12585631727,4.14543900894,0.506274862896,0.548025908195,16217,0.0332762894383,0.115809519663,144,144,144,1,0,0.0486111111111,0.840277777778,0.111111111111,144,0.0821678321678,3.15516664001,23.5,12.6268656716,13.3228346457,18.6352549559,0.792989572593,0.435891121618,14.9995337923,1.27655606743,0.623612752824,8.59866634642,0.731801391185,0.412455673759,1.12152124274,0.355455470567,4.07916214432,3.15516664001,1.12152124274,4.07916214432,0.398073563212,0.443482294727,8604,0.0176548803309,0.0925841204852,144,144,144,1,0,0.0694444444444,0.8125,0.118055555556,144,1931,0.0937742812743,3.74988818306,26.8194444444,13.8920863309,15.2047244094,20.8328857761,0.776782897917,0.430037689165,16.4420632306,1.22613003895,0.607165976178,10.3203331074,0.769615726286,0.431789084527,1.25174411342,0.333808383695,4.5474517231,3.74988818306,1.25174411342,4.5474517231,0.434388861402,0.512506822508,12833,0.0263325289734,0.110669178687,144,144,144,1,0,0.0347222222222,0.847222222222,0.118055555556,-184,-0.00893550893551,0.466487663727,-2.55555555556,-1.54586987344,-1.31871309055,-2.29306156796,-0.0104833946462,-0.00150289397124,-2.27574129594,-0.0482736734985,-0.0151974333307,-0.0991676726003,0.0602029072257,0.0300849868126,0.12588779615,-0.00908500096674,0.402012714164,0.466487663727,0.12588779615,0.402012714164,-0.0718860014942,-0.0355190856866,-3384,-0.00694376046489,-0.00514034097595,-0.0138888888889,0.00694444444444,0.00694444444444,1924,7,191,18470,0.909692671395,0.99962115062,0.000378849380311,0.0903073286052,0.996374935267,0.909692671395,0.951062778052,0.946947963862,0.909313822014,0.906691800189,239,423,0,5,2,5
311,WLNM_dir_neg_kfold,0.848592179021,0.469391508654,00:00:20,10,80,15,14360,threshold_sweep,0.5,0.982905982906,0.543735224586,0.700152207002,230,4,193,842,0.543735224586,0.995271867612,0.00472813238771,0.456264775414,0.982905982906,0.543735224586,0.700152207002,0.84475965327,0.605200945626,0.606786427146,0.655196760142,0.539007092199,2154,1731,423,0,2154,0,1731,0,423,144,2115,0.10270979021,3.28340051934,29.375,15.4379562044,16.5234375,23.125947344,0.787266292563,0.431540583136,18.7178045265,1.27440371245,0.622363409509,10.41950078,0.709412819061,0.401704097715,1.12585631727,0.342893384662,4.14543900894,3.28340051934,1.12585631727,4.14543900894,0.506274862896,0.548025908195,16217,0.0332762894383,0.115809519663,144,144,144,1,0,0.0486111111111,0.840277777778,0.111111111111,144,0.0821678321678,3.15516664001,23.5,12.6268656716,13.3228346457,18.6352549559,0.792989572593,0.435891121618,14.9995337923,1.27655606743,0.623612752824,8.59866634642,0.731801391185,0.412455673759,1.12152124274,0.355455470567,4.07916214432,3.15516664001,1.12152124274,4.07916214432,0.398073563212,0.443482294727,8604,0.0176548803309,0.0925841204852,144,144,144,1,0,0.0694444444444,0.8125,0.118055555556,144,1926,0.0935314685315,3.15749290641,26.75,14.3731343284,15.1653543307,20.8620175492,0.779888506513,0.43143532941,16.4694567911,1.23136125541,0.611067843544,10.3002987261,0.770115792603,0.431860793816,1.12875577535,0.357484817482,3.98374168309,3.15749290641,1.12875577535,3.98374168309,0.437235709225,0.513630359073,12831,0.026328425096,0.115945994777,144,144,144,1,0,0.0694444444444,0.8125,0.118055555556,-189,-0.00917832167832,-0.125907612921,-2.625,-1.06482187602,-1.35808316929,-2.26392979483,-0.00737778605043,-0.000105253725921,-2.24834773547,-0.0430424570379,-0.0112955659643,-0.119202053892,0.0607029735421,0.0301566961009,0.00289945807646,0.0145914328206,-0.161697325845,-0.125907612921,0.00289945807646,-0.161697325845,-0.069039153671,-0.034395549122,-3386,-0.00694786434223,0.000136475113587,0.0208333333333,-0.0277777777778,0.00694444444444,1922,4,193,18473,0.908747044917,0.99978351464,0.000216485360178,0.0912529550827,0.997923156802,0.908747044917,0.951249690671,0.947232701881,0.908530559557,0.907031618688,234,423,0,5,2,5
312,WLNM_dir_neg_kfold,0.848592179021,0.469391508654,00:00:20,10,80,15,14360,threshold_sweep,0.6,0.982905982906,0.543735224586,0.700152207002,230,4,193,842,0.543735224586,0.995271867612,0.00472813238771,0.456264775414,0.982905982906,0.543735224586,0.700152207002,0.84475965327,0.605200945626,0.606786427146,0.655196760142,0.539007092199,2154,1731,423,0,2154,0,1731,0,423,144,2115,0.10270979021,3.28340051934,29.375,15.4379562044,16.5234375,23.125947344,0.787266292563,0.431540583136,18.7178045265,1.27440371245,0.622363409509,10.41950078,0.709412819061,0.401704097715,1.12585631727,0.342893384662,4.14543900894,3.28340051934,1.12585631727,4.14543900894,0.506274862896,0.548025908195,16217,0.0332762894383,0.115809519663,144,144,144,1,0,0.0486111111111,0.840277777778,0.111111111111,144,0.0821678321678,3.15516664001,23.5,12.6268656716,13.3228346457,18.6352549559,0.792989572593,0.435891121618,14.9995337923,1.27655606743,0.623612752824,8.59866634642,0.731801391185,0.412455673759,1.12152124274,0.355455470567,4.07916214432,3.15516664001,1.12152124274,4.07916214432,0.398073563212,0.443482294727,8604,0.0176548803309,0.0925841204852,144,144,144,1,0,0.0694444444444,0.8125,0.118055555556,144,1926,0.0935314685315,3.15749290641,26.75,14.3731343284,15.1653543307,20.8620175492,0.779888506513,0.43143532941,16.4694567911,1.23136125541,0.611067843544,10.3002987261,0.770115792603,0.431860793816,1.12875577535,0.357484817482,3.98374168309,3.15749290641,1.12875577535,3.98374168309,0.437235709225,0.513630359073,12831,0.026328425096,0.115945994777,144,144,144,1,0,0.0694444444444,0.8125,0.118055555556,-189,-0.00917832167832,-0.125907612921,-2.625,-1.06482187602,-1.35808316929,-2.26392979483,-0.00737778605043,-0.000105253725921,-2.24834773547,-0.0430424570379,-0.0112955659643,-0.119202053892,0.0607029735421,0.0301566961009,0.00289945807646,0.0145914328206,-0.161697325845,-0.125907612921,0.00289945807646,-0.161697325845,-0.069039153671,-0.034395549122,-3386,-0.00694786434223,0.000136475113587,0.0208333333333,-0.0277777777778,0.00694444444444,1922,4,193,18473,0.908747044917,0.99978351464,0.000216485360178,0.0912529550827,0.997923156802,0.908747044917,0.951249690671,0.947232701881,0.908530559557,0.907031618688,234,423,0,5,2,5
313,WLNM_dir_neg_kfold,0.848592179021,0.469391508654,00:00:20,10,80,15,14360,threshold_sweep,0.7,0.982905982906,0.543735224586,0.700152207002,230,4,193,842,0.543735224586,0.995271867612,0.00472813238771,0.456264775414,0.982905982906,0.543735224586,0.700152207002,0.84475965327,0.605200945626,0.606786427146,0.655196760142,0.539007092199,2154,1731,423,0,2154,0,1731,0,423,144,2115,0.10270979021,3.28340051934,29.375,15.4379562044,16.5234375,23.125947344,0.787266292563,0.431540583136,18.7178045265,1.27440371245,0.622363409509,10.41950078,0.709412819061,0.401704097715,1.12585631727,0.342893384662,4.14543900894,3.28340051934,1.12585631727,4.14543900894,0.506274862896,0.548025908195,16217,0.0332762894383,0.115809519663,144,144,144,1,0,0.0486111111111,0.840277777778,0.111111111111,144,0.0821678321678,3.15516664001,23.5,12.6268656716,13.3228346457,18.6352549559,0.792989572593,0.435891121618,14.9995337923,1.27655606743,0.623612752824,8.59866634642,0.731801391185,0.412455673759,1.12152124274,0.355455470567,4.07916214432,3.15516664001,1.12152124274,4.07916214432,0.398073563212,0.443482294727,8604,0.0176548803309,0.0925841204852,144,144,144,1,0,0.0694444444444,0.8125,0.118055555556,144,1926,0.0935314685315,3.15749290641,26.75,14.3731343284,15.1653543307,20.8620175492,0.779888506513,0.43143532941,16.4694567911,1.23136125541,0.611067843544,10.3002987261,0.770115792603,0.431860793816,1.12875577535,0.357484817482,3.98374168309,3.15749290641,1.12875577535,3.98374168309,0.437235709225,0.513630359073,12831,0.026328425096,0.115945994777,144,144,144,1,0,0.0694444444444,0.8125,0.118055555556,-189,-0.00917832167832,-0.125907612921,-2.625,-1.06482187602,-1.35808316929,-2.26392979483,-0.00737778605043,-0.000105253725921,-2.24834773547,-0.0430424570379,-0.0112955659643,-0.119202053892,0.0607029735421,0.0301566961009,0.00289945807646,0.0145914328206,-0.161697325845,-0.125907612921,0.00289945807646,-0.161697325845,-0.069039153671,-0.034395549122,-3386,-0.00694786434223,0.000136475113587,0.0208333333333,-0.0277777777778,0.00694444444444,1922,4,193,18473,0.908747044917,0.99978351464,0.000216485360178,0.0912529550827,0.997923156802,0.908747044917,0.951249690671,0.947232701881,0.908530559557,0.907031618688,234,423,0,5,2,5
314,WLNM_dir_neg_kfold,0.848592179021,0.469391508654,00:00:20,10,80,15,14360,threshold_sweep,0.8,0.982905982906,0.543735224586,0.700152207002,230,4,193,842,0.543735224586,0.995271867612,0.00472813238771,0.456264775414,0.982905982906,0.543735224586,0.700152207002,0.84475965327,0.605200945626,0.606786427146,0.655196760142,0.539007092199,2154,1731,423,0,2154,0,1731,0,423,144,2115,0.10270979021,3.28340051934,29.375,15.4379562044,16.5234375,23.125947344,0.787266292563,0.431540583136,18.7178045265,1.27440371245,0.622363409509,10.41950078,0.709412819061,0.401704097715,1.12585631727,0.342893384662,4.14543900894,3.28340051934,1.12585631727,4.14543900894,0.506274862896,0.548025908195,16217,0.0332762894383,0.115809519663,144,144,144,1,0,0.0486111111111,0.840277777778,0.111111111111,144,0.0821678321678,3.15516664001,23.5,12.6268656716,13.3228346457,18.6352549559,0.792989572593,0.435891121618,14.9995337923,1.27655606743,0.623612752824,8.59866634642,0.731801391185,0.412455673759,1.12152124274,0.355455470567,4.07916214432,3.15516664001,1.12152124274,4.07916214432,0.398073563212,0.443482294727,8604,0.0176548803309,0.0925841204852,144,144,144,1,0,0.0694444444444,0.8125,0.118055555556,144,1926,0.0935314685315,3.15749290641,26.75,14.3731343284,15.1653543307,20.8620175492,0.779888506513,0.43143532941,16.4694567911,1.23136125541,0.611067843544,10.3002987261,0.770115792603,0.431860793816,1.12875577535,0.357484817482,3.98374168309,3.15749290641,1.12875577535,3.98374168309,0.437235709225,0.513630359073,12831,0.026328425096,0.115945994777,144,144,144,1,0,0.0694444444444,0.8125,0.118055555556,-189,-0.00917832167832,-0.125907612921,-2.625,-1.06482187602,-1.35808316929,-2.26392979483,-0.00737778605043,-0.000105253725921,-2.24834773547,-0.0430424570379,-0.0112955659643,-0.119202053892,0.0607029735421,0.0301566961009,0.00289945807646,0.0145914328206,-0.161697325845,-0.125907612921,0.00289945807646,-0.161697325845,-0.069039153671,-0.034395549122,-3386,-0.00694786434223,0.000136475113587,0.0208333333333,-0.0277777777778,0.00694444444444,1922,4,193,18473,0.908747044917,0.99978351464,0.000216485360178,0.0912529550827,0.997923156802,0.908747044917,0.951249690671,0.947232701881,0.908530559557,0.907031618688,234,423,0,5,2,5
315,WLNM_dir_neg_kfold,0.848592179021,0.469391508654,00:00:20,10,80,15,14360,threshold_sweep,0.9,0.982905982906,0.543735224586,0.700152207002,230,4,193,842,0.543735224586,0.995271867612,0.00472813238771,0.456264775414,0.982905982906,0.543735224586,0.700152207002,0.84475965327,0.605200945626,0.606786427146,0.655196760142,0.539007092199,2154,1731,423,0,2154,0,1731,0,423,144,2115,0.10270979021,3.28340051934,29.375,15.4379562044,16.5234375,23.125947344,0.787266292563,0.431540583136,18.7178045265,1.27440371245,0.622363409509,10.41950078,0.709412819061,0.401704097715,1.12585631727,0.342893384662,4.14543900894,3.28340051934,1.12585631727,4.14543900894,0.506274862896,0.548025908195,16217,0.0332762894383,0.115809519663,144,144,144,1,0,0.0486111111111,0.840277777778,0.111111111111,144,0.0821678321678,3.15516664001,23.5,12.6268656716,13.3228346457,18.6352549559,0.792989572593,0.435891121618,14.9995337923,1.27655606743,0.623612752824,8.59866634642,0.731801391185,0.412455673759,1.12152124274,0.355455470567,4.07916214432,3.15516664001,1.12152124274,4.07916214432,0.398073563212,0.443482294727,8604,0.0176548803309,0.0925841204852,144,144,144,1,0,0.0694444444444,0.8125,0.118055555556,144,1926,0.0935314685315,3.15749290641,26.75,14.3731343284,15.1653543307,20.8620175492,0.779888506513,0.43143532941,16.4694567911,1.23136125541,0.611067843544,10.3002987261,0.770115792603,0.431860793816,1.12875577535,0.357484817482,3.98374168309,3.15749290641,1.12875577535,3.98374168309,0.437235709225,0.513630359073,12831,0.026328425096,0.115945994777,144,144,144,1,0,0.0694444444444,0.8125,0.118055555556,-189,-0.00917832167832,-0.125907612921,-2.625,-1.06482187602,-1.35808316929,-2.26392979483,-0.00737778605043,-0.000105253725921,-2.24834773547,-0.0430424570379,-0.0112955659643,-0.119202053892,0.0607029735421,0.0301566961009,0.00289945807646,0.0145914328206,-0.161697325845,-0.125907612921,0.00289945807646,-0.161697325845,-0.069039153671,-0.034395549122,-3386,-0.00694786434223,0.000136475113587,0.0208333333333,-0.0277777777778,0.00694444444444,1922,4,193,18473,0.908747044917,0.99978351464,0.000216485360178,0.0912529550827,0.997923156802,0.908747044917,0.951249690671,0.947232701881,0.908530559557,0.907031618688,234,423,0,5,2,5
316,WLNM_dir_neg_kfold,0.801961951389,0.307513858779,00:00:19,10,80,16,14361,threshold_sweep,0.1,0.954918032787,0.550827423168,0.698650674663,233,11,190,835,0.550827423168,0.986997635934,0.0130023640662,0.449172576832,0.954918032787,0.550827423168,0.698650674663,0.841607565012,0.602574205411,0.601454064772,0.643338516041,0.537825059102,2154,1731,423,0,2154,0,1731,0,423,144,2115,0.10270979021,3.28340051934,29.375,15.4379562044,16.5234375,23.125947344,0.787266292563,0.431540583136,18.7178045265,1.27440371245,0.622363409509,10.41950078,0.709412819061,0.401704097715,1.12585631727,0.342893384662,4.14543900894,3.28340051934,1.12585631727,4.14543900894,0.506274862896,0.548025908195,16217,0.0332762894383,0.115809519663,144,144,144,1,0,0.0486111111111,0.840277777778,0.111111111111,144,0.0821678321678,3.15516664001,23.5,12.6268656716,13.3228346457,18.6352549559,0.792989572593,0.435891121618,14.9995337923,1.27655606743,0.623612752824,8.59866634642,0.731801391185,0.412455673759,1.12152124274,0.355455470567,4.07916214432,3.15516664001,1.12152124274,4.07916214432,0.398073563212,0.443482294727,8604,0.0176548803309,0.0925841204852,144,144,144,1,0,0.0694444444444,0.8125,0.118055555556,144,1936,0.0940170940171,4.3656384305,26.8888888889,13.8285714286,15.2440944882,20.8950461259,0.777088492285,0.430207615932,16.4575222573,1.22411322575,0.605673209366,10.3476478039,0.76965975401,0.431911443985,1.38818039459,0.317978782871,5.55637766958,4.3656384305,1.38818039459,5.55637766958,0.434760110739,0.511353665346,12821,0.0263079057093,0.110489773414,144,144,144,1,0,0.0277777777778,0.854166666667,0.118055555556,-179,-0.0086926961927,1.08223791117,-2.48611111111,-1.60938477581,-1.27934301181,-2.23090121816,-0.0101778002781,-0.00133296720428,-2.26028226922,-0.0502904866944,-0.0166902001424,-0.0718529760432,0.0602469349492,0.0302073462706,0.262324077313,-0.0249146017903,1.41093866065,1.08223791117,0.262324077313,1.41093866065,-0.0715147521563,-0.0366722428488,-3396,-0.00696838372895,-0.00531974624931,-0.0208333333333,0.0138888888889,0.00694444444444,1925,11,190,18466,0.910165484634,0.99940466526,0.000595334740488,0.0898345153664,0.994318181818,0.910165484634,0.950382621575,0.946117709144,0.909570149893,0.90545625588,244,423,0,5,2,5
317,WLNM_dir_neg_kfold,0.801961951389,0.307513858779,00:00:19,10,80,16,14361,threshold_sweep,0.2,0.962809917355,0.550827423168,0.700751879699,233,9,190,837,0.550827423168,0.989361702128,0.0106382978723,0.449172576832,0.962809917355,0.550827423168,0.700751879699,0.843183609141,0.603099553454,0.604897418928,0.648198911573,0.540189125296,2154,1731,423,0,2154,0,1731,0,423,144,2115,0.10270979021,3.28340051934,29.375,15.4379562044,16.5234375,23.125947344,0.787266292563,0.431540583136,18.7178045265,1.27440371245,0.622363409509,10.41950078,0.709412819061,0.401704097715,1.12585631727,0.342893384662,4.14543900894,3.28340051934,1.12585631727,4.14543900894,0.506274862896,0.548025908195,16217,0.0332762894383,0.115809519663,144,144,144,1,0,0.0486111111111,0.840277777778,0.111111111111,144,0.0821678321678,3.15516664001,23.5,12.6268656716,13.3228346457,18.6352549559,0.792989572593,0.435891121618,14.9995337923,1.27655606743,0.623612752824,8.59866634642,0.731801391185,0.412455673759,1.12152124274,0.355455470567,4.07916214432,3.15516664001,1.12152124274,4.07916214432,0.398073563212,0.443482294727,8604,0.0176548803309,0.0925841204852,144,144,144,1,0,0.0694444444444,0.8125,0.118055555556,144,1934,0.09391996892,4.45429039176,26.8611111111,13.8142857143,15.2283464567,20.9045821293,0.778247111329,0.430835631391,16.4642663615,1.22588125959,0.606328277605,10.3448597267,0.770248087204,0.432257554866,1.42305428273,0.319479458583,5.65700125343,4.45429039176,1.42305428273,5.65700125343,0.435032444478,0.511678045275,12816,0.026297646016,0.110757535531,144,144,144,1,0,0.0277777777778,0.854166666667,0.118055555556,-181,-0.00878982128982,1.17088987243,-2.51388888889,-1.62367049009,-1.29509104331,-2.22136521472,-0.00901918123371,-0.000704951744854,-2.25353816505,-0.0485224528514,-0.0160351319034,-0.0746410532062,0.0608352681429,0.0305534571514,0.297197965456,-0.0234139260787,1.51156224449,1.17088987243,0.297197965456,1.51156224449,-0.0712424184173,-0.03634786292,-3401,-0.00697864342231,-0.00505198413216,-0.0208333333333,0.0138888888889,0.00694444444444,1925,9,190,18468,0.910165484634,0.99951290794,0.000487092060399,0.0898345153664,0.995346432265,0.910165484634,0.950852062238,0.946668693439,0.909678392573,0.906308851224,242,423,0,5,2,5
318,WLNM_dir_neg_kfold,0.801961951389,0.307513858779,00:00:19,10,80,16,14361,threshold_sweep,0.3,0.966804979253,0.550827423168,0.701807228916,233,8,190,838,0.550827423168,0.990543735225,0.00945626477541,0.449172576832,0.966804979253,0.550827423168,0.701807228916,0.843971631206,0.603362227476,0.606622516556,0.650646954861,0.541371158392,2154,1731,423,0,2154,0,1731,0,423,144,2115,0.10270979021,3.28340051934,29.375,15.4379562044,16.5234375,23.125947344,0.787266292563,0.431540583136,18.7178045265,1.27440371245,0.622363409509,10.41950078,0.709412819061,0.401704097715,1.12585631727,0.342893384662,4.14543900894,3.28340051934,1.12585631727,4.14543900894,0.506274862896,0.548025908195,16217,0.0332762894383,0.115809519663,144,144,144,1,0,0.0486111111111,0.840277777778,0.111111111111,144,0.0821678321678,3.15516664001,23.5,12.6268656716,13.3228346457,18.6352549559,0.792989572593,0.435891121618,14.9995337923,1.27655606743,0.623612752824,8.59866634642,0.731801391185,0.412455673759,1.12152124274,0.355455470567,4.07916214432,3.15516664001,1.12152124274,4.07916214432,0.398073563212,0.443482294727,8604,0.0176548803309,0.0925841204852,144,144,144,1,0,0.0694444444444,0.8125,0.118055555556,144,1933,0.0938714063714,4.45395295853,26.8472222222,13.8071428571,15.2204724409,20.8880865582,0.778035298598,0.430720813933,16.4582879672,1.22607008137,0.606394062195,10.3488655918,0.770944979418,0.432657211013,1.42261910508,0.319405956535,5.65593913287,4.45395295853,1.42261910508,5.65593913287,0.434694771209,0.510940248388,12781,0.0262258281624,0.11077592278,144,144,144,1,0,0.0277777777778,0.854166666667,0.118055555556,-182,-0.00883838383838,1.17055243919,-2.52777777778,-1.63081334724,-1.30296505906,-2.23786078586,-0.00923099396554,-0.000819769202891,-2.25951655929,-0.0483336310778,-0.0159693473142,-0.0706351881858,0.0615321603571,0.0309531132987,0.296762787806,-0.0234874281265,1.51050012393,1.17055243919,0.296762787806,1.51050012393,-0.0715800916862,-0.0370856598073,-3436,-0.00705046127581,-0.00503359688313,-0.0208333333333,0.0138888888889,0.00694444444444,1925,8,190,18469,0.910165484634,0.99956702928,0.000432970720355,0.0898345153664,0.995861355406,0.910165484634,0.951086956522,0.946944492726,0.909732513913,0.906735751295,241,423,0,5,2,5
319,WLNM_dir_neg_kfold,0.801961951389,0.307513858779,00:00:19,10,80,16,14361,threshold_sweep,0.4,0.966666666667,0.548463356974,0.699849170437,232,8,191,838,0.548463356974,0.990543735225,0.00945626477541,0.451536643026,0.966666666667,0.548463356974,0.699849170437,0.843183609141,0.603624901497,0.604373757455,0.648838387924,0.539007092199,2154,1731,423,0,2154,0,1731,0,423,144,2115,0.10270979021,3.28340051934,29.375,15.4379562044,16.5234375,23.125947344,0.787266292563,0.431540583136,18.7178045265,1.27440371245,0.622363409509,10.41950078,0.709412819061,0.401704097715,1.12585631727,0.342893384662,4.14543900894,3.28340051934,1.12585631727,4.14543900894,0.506274862896,0.548025908195,16217,0.0332762894383,0.115809519663,144,144,144,1,0,0.0486111111111,0.840277777778,0.111111111111,144,0.0821678321678,3.15516664001,23.5,12.6268656716,13.3228346457,18.6352549559,0.792989572593,0.435891121618,14.9995337923,1.27655606743,0.623612752824,8.59866634642,0.731801391185,0.412455673759,1.12152124274,0.355455470567,4.07916214432,3.15516664001,1.12152124274,4.07916214432,0.398073563212,0.443482294727,8604,0.0176548803309,0.0925841204852,144,144,144,1,0,0.0694444444444,0.8125,0.118055555556,144,1932,0.0938228438228,4.31636585709,26.8333333333,13.8992805755,15.2125984252,20.8909924712,0.778546303276,0.430900621118,16.4637767252,1.22711379318,0.607193179204,10.3406996828,0.770735380085,0.432546871406,1.4389530369,0.333371425071,5.60166708317,4.31636585709,1.4389530369,5.60166708317,0.434292362313,0.51108,12777,0.0262176204078,0.111490985936,144,144,144,1,0,0.0347222222222,0.847222222222,0.118055555556,-183,-0.00888694638695,1.03296533775,-2.54166666667,-1.53867562884,-1.3108390748,-2.2349548728,-0.00871998928699,-0.000639962018316,-2.25402780138,-0.0472899192655,-0.0151702303048,-0.0788010971455,0.0613225610244,0.0308427736908,0.31309671963,-0.00952195959062,1.45622807423,1.03296533775,0.31309671963,1.45622807423,-0.0719825005827,-0.0369459081949,-3440,-0.0070586690305,-0.00431853372739,-0.0138888888889,0.00694444444444,0.00694444444444,1924,8,191,18469,0.909692671395,0.99956702928,0.000432970720355,0.0903073286052,0.995859213251,0.909692671395,0.95082777366,0.946671881422,0.909259700674,0.906264719736,240,423,0,5,2,5
320,WLNM_dir_neg_kfold,0.801961951389,0.307513858779,00:00:19,10,80,16,14361,threshold_sweep,0.5,0.982905982906,0.543735224586,0.700152207002,230,4,193,842,0.543735224586,0.995271867612,0.00472813238771,0.456264775414,0.982905982906,0.543735224586,0.700152207002,0.84475965327,0.605200945626,0.606786427146,0.655196760142,0.539007092199,2154,1731,423,0,2154,0,1731,0,423,144,2115,0.10270979021,3.28340051934,29.375,15.4379562044,16.5234375,23.125947344,0.787266292563,0.431540583136,18.7178045265,1.27440371245,0.622363409509,10.41950078,0.709412819061,0.401704097715,1.12585631727,0.342893384662,4.14543900894,3.28340051934,1.12585631727,4.14543900894,0.506274862896,0.548025908195,16217,0.0332762894383,0.115809519663,144,144,144,1,0,0.0486111111111,0.840277777778,0.111111111111,144,0.0821678321678,3.15516664001,23.5,12.6268656716,13.3228346457,18.6352549559,0.792989572593,0.435891121618,14.9995337923,1.27655606743,0.623612752824,8.59866634642,0.731801391185,0.412455673759,1.12152124274,0.355455470567,4.07916214432,3.15516664001,1.12152124274,4.07916214432,0.398073563212,0.443482294727,8604,0.0176548803309,0.0925841204852,144,144,144,1,0,0.0694444444444,0.8125,0.118055555556,144,1926,0.0935314685315,3.15697106809,26.75,14.3731343284,15.1653543307,20.9195929843,0.782040859227,0.432383610246,16.4961851916,1.23335964049,0.611688012,10.303692732,0.770369550058,0.432170878043,1.12862088006,0.357501179365,3.98454546242,3.15697106809,1.12862088006,3.98454546242,0.437004251039,0.512411394944,12771,0.0262053087757,0.116285694362,144,144,144,1,0,0.0694444444444,0.8125,0.118055555556,-189,-0.00917832167832,-0.12642945125,-2.625,-1.06482187602,-1.35808316929,-2.20635435973,-0.00522543333646,0.000843027109432,-2.22161933498,-0.041044071955,-0.0106753975093,-0.115808047926,0.0609567309975,0.0304667803284,0.00276456278804,0.0146077947037,-0.16089354652,-0.12642945125,0.00276456278804,-0.16089354652,-0.0692706118564,-0.0356145132504,-3446,-0.00707098066253,0.000476174698717,0.0208333333333,-0.0277777777778,0.00694444444444,1922,4,193,18473,0.908747044917,0.99978351464,0.000216485360178,0.0912529550827,0.997923156802,0.908747044917,0.951249690671,0.947232701881,0.908530559557,0.907031618688,234,423,0,5,2,5
321,WLNM_dir_neg_kfold,0.801961951389,0.307513858779,00:00:19,10,80,16,14361,threshold_sweep,0.6,0.982905982906,0.543735224586,0.700152207002,230,4,193,842,0.543735224586,0.995271867612,0.00472813238771,0.456264775414,0.982905982906,0.543735224586,0.700152207002,0.84475965327,0.605200945626,0.606786427146,0.655196760142,0.539007092199,2154,1731,423,0,2154,0,1731,0,423,144,2115,0.10270979021,3.28340051934,29.375,15.4379562044,16.5234375,23.125947344,0.787266292563,0.431540583136,18.7178045265,1.27440371245,0.622363409509,10.41950078,0.709412819061,0.401704097715,1.12585631727,0.342893384662,4.14543900894,3.28340051934,1.12585631727,4.14543900894,0.506274862896,0.548025908195,16217,0.0332762894383,0.115809519663,144,144,144,1,0,0.0486111111111,0.840277777778,0.111111111111,144,0.0821678321678,3.15516664001,23.5,12.6268656716,13.3228346457,18.6352549559,0.792989572593,0.435891121618,14.9995337923,1.27655606743,0.623612752824,8.59866634642,0.731801391185,0.412455673759,1.12152124274,0.355455470567,4.07916214432,3.15516664001,1.12152124274,4.07916214432,0.398073563212,0.443482294727,8604,0.0176548803309,0.0925841204852,144,144,144,1,0,0.0694444444444,0.8125,0.118055555556,144,1926,0.0935314685315,3.15697106809,26.75,14.3731343284,15.1653543307,20.9195929843,0.782040859227,0.432383610246,16.4961851916,1.23335964049,0.611688012,10.303692732,0.770369550058,0.432170878043,1.12862088006,0.357501179365,3.98454546242,3.15697106809,1.12862088006,3.98454546242,0.437004251039,0.512411394944,12771,0.0262053087757,0.116285694362,144,144,144,1,0,0.0694444444444,0.8125,0.118055555556,-189,-0.00917832167832,-0.12642945125,-2.625,-1.06482187602,-1.35808316929,-2.20635435973,-0.00522543333646,0.000843027109432,-2.22161933498,-0.041044071955,-0.0106753975093,-0.115808047926,0.0609567309975,0.0304667803284,0.00276456278804,0.0146077947037,-0.16089354652,-0.12642945125,0.00276456278804,-0.16089354652,-0.0692706118564,-0.0356145132504,-3446,-0.00707098066253,0.000476174698717,0.0208333333333,-0.0277777777778,0.00694444444444,1922,4,193,18473,0.908747044917,0.99978351464,0.000216485360178,0.0912529550827,0.997923156802,0.908747044917,0.951249690671,0.947232701881,0.908530559557,0.907031618688,234,423,0,5,2,5
322,WLNM_dir_neg_kfold,0.801961951389,0.307513858779,00:00:19,10,80,16,14361,threshold_sweep,0.7,0.982905982906,0.543735224586,0.700152207002,230,4,193,842,0.543735224586,0.995271867612,0.00472813238771,0.456264775414,0.982905982906,0.543735224586,0.700152207002,0.84475965327,0.605200945626,0.606786427146,0.655196760142,0.539007092199,2154,1731,423,0,2154,0,1731,0,423,144,2115,0.10270979021,3.28340051934,29.375,15.4379562044,16.5234375,23.125947344,0.787266292563,0.431540583136,18.7178045265,1.27440371245,0.622363409509,10.41950078,0.709412819061,0.401704097715,1.12585631727,0.342893384662,4.14543900894,3.28340051934,1.12585631727,4.14543900894,0.506274862896,0.548025908195,16217,0.0332762894383,0.115809519663,144,144,144,1,0,0.0486111111111,0.840277777778,0.111111111111,144,0.0821678321678,3.15516664001,23.5,12.6268656716,13.3228346457,18.6352549559,0.792989572593,0.435891121618,14.9995337923,1.27655606743,0.623612752824,8.59866634642,0.731801391185,0.412455673759,1.12152124274,0.355455470567,4.07916214432,3.15516664001,1.12152124274,4.07916214432,0.398073563212,0.443482294727,8604,0.0176548803309,0.0925841204852,144,144,144,1,0,0.0694444444444,0.8125,0.118055555556,144,1926,0.0935314685315,3.15697106809,26.75,14.3731343284,15.1653543307,20.9195929843,0.782040859227,0.432383610246,16.4961851916,1.23335964049,0.611688012,10.303692732,0.770369550058,0.432170878043,1.12862088006,0.357501179365,3.98454546242,3.15697106809,1.12862088006,3.98454546242,0.437004251039,0.512411394944,12771,0.0262053087757,0.116285694362,144,144,144,1,0,0.0694444444444,0.8125,0.118055555556,-189,-0.00917832167832,-0.12642945125,-2.625,-1.06482187602,-1.35808316929,-2.20635435973,-0.00522543333646,0.000843027109432,-2.22161933498,-0.041044071955,-0.0106753975093,-0.115808047926,0.0609567309975,0.0304667803284,0.00276456278804,0.0146077947037,-0.16089354652,-0.12642945125,0.00276456278804,-0.16089354652,-0.0692706118564,-0.0356145132504,-3446,-0.00707098066253,0.000476174698717,0.0208333333333,-0.0277777777778,0.00694444444444,1922,4,193,18473,0.908747044917,0.99978351464,0.000216485360178,0.0912529550827,0.997923156802,0.908747044917,0.951249690671,0.947232701881,0.908530559557,0.907031618688,234,423,0,5,2,5
323,WLNM_dir_neg_kfold,0.801961951389,0.307513858779,00:00:19,10,80,16,14361,threshold_sweep,0.8,0.982905982906,0.543735224586,0.700152207002,230,4,193,842,0.543735224586,0.995271867612,0.00472813238771,0.456264775414,0.982905982906,0.543735224586,0.700152207002,0.84475965327,0.605200945626,0.606786427146,0.655196760142,0.539007092199,2154,1731,423,0,2154,0,1731,0,423,144,2115,0.10270979021,3.28340051934,29.375,15.4379562044,16.5234375,23.125947344,0.787266292563,0.431540583136,18.7178045265,1.27440371245,0.622363409509,10.41950078,0.709412819061,0.401704097715,1.12585631727,0.342893384662,4.14543900894,3.28340051934,1.12585631727,4.14543900894,0.506274862896,0.548025908195,16217,0.0332762894383,0.115809519663,144,144,144,1,0,0.0486111111111,0.840277777778,0.111111111111,144,0.0821678321678,3.15516664001,23.5,12.6268656716,13.3228346457,18.6352549559,0.792989572593,0.435891121618,14.9995337923,1.27655606743,0.623612752824,8.59866634642,0.731801391185,0.412455673759,1.12152124274,0.355455470567,4.07916214432,3.15516664001,1.12152124274,4.07916214432,0.398073563212,0.443482294727,8604,0.0176548803309,0.0925841204852,144,144,144,1,0,0.0694444444444,0.8125,0.118055555556,144,1926,0.0935314685315,3.15697106809,26.75,14.3731343284,15.1653543307,20.9195929843,0.782040859227,0.432383610246,16.4961851916,1.23335964049,0.611688012,10.303692732,0.770369550058,0.432170878043,1.12862088006,0.357501179365,3.98454546242,3.15697106809,1.12862088006,3.98454546242,0.437004251039,0.512411394944,12771,0.0262053087757,0.116285694362,144,144,144,1,0,0.0694444444444,0.8125,0.118055555556,-189,-0.00917832167832,-0.12642945125,-2.625,-1.06482187602,-1.35808316929,-2.20635435973,-0.00522543333646,0.000843027109432,-2.22161933498,-0.041044071955,-0.0106753975093,-0.115808047926,0.0609567309975,0.0304667803284,0.00276456278804,0.0146077947037,-0.16089354652,-0.12642945125,0.00276456278804,-0.16089354652,-0.0692706118564,-0.0356145132504,-3446,-0.00707098066253,0.000476174698717,0.0208333333333,-0.0277777777778,0.00694444444444,1922,4,193,18473,0.908747044917,0.99978351464,0.000216485360178,0.0912529550827,0.997923156802,0.908747044917,0.951249690671,0.947232701881,0.908530559557,0.907031618688,234,423,0,5,2,5
324,WLNM_dir_neg_kfold,0.801961951389,0.307513858779,00:00:19,10,80,16,14361,threshold_sweep,0.9,0.982905982906,0.543735224586,0.700152207002,230,4,193,842,0.543735224586,0.995271867612,0.00472813238771,0.456264775414,0.982905982906,0.543735224586,0.700152207002,0.84475965327,0.605200945626,0.606786427146,0.655196760142,0.539007092199,2154,1731,423,0,2154,0,1731,0,423,144,2115,0.10270979021,3.28340051934,29.375,15.4379562044,16.5234375,23.125947344,0.787266292563,0.431540583136,18.7178045265,1.27440371245,0.622363409509,10.41950078,0.709412819061,0.401704097715,1.12585631727,0.342893384662,4.14543900894,3.28340051934,1.12585631727,4.14543900894,0.506274862896,0.548025908195,16217,0.0332762894383,0.115809519663,144,144,144,1,0,0.0486111111111,0.840277777778,0.111111111111,144,0.0821678321678,3.15516664001,23.5,12.6268656716,13.3228346457,18.6352549559,0.792989572593,0.435891121618,14.9995337923,1.27655606743,0.623612752824,8.59866634642,0.731801391185,0.412455673759,1.12152124274,0.355455470567,4.07916214432,3.15516664001,1.12152124274,4.07916214432,0.398073563212,0.443482294727,8604,0.0176548803309,0.0925841204852,144,144,144,1,0,0.0694444444444,0.8125,0.118055555556,144,1926,0.0935314685315,3.15697106809,26.75,14.3731343284,15.1653543307,20.9195929843,0.782040859227,0.432383610246,16.4961851916,1.23335964049,0.611688012,10.303692732,0.770369550058,0.432170878043,1.12862088006,0.357501179365,3.98454546242,3.15697106809,1.12862088006,3.98454546242,0.437004251039,0.512411394944,12771,0.0262053087757,0.116285694362,144,144,144,1,0,0.0694444444444,0.8125,0.118055555556,-189,-0.00917832167832,-0.12642945125,-2.625,-1.06482187602,-1.35808316929,-2.20635435973,-0.00522543333646,0.000843027109432,-2.22161933498,-0.041044071955,-0.0106753975093,-0.115808047926,0.0609567309975,0.0304667803284,0.00276456278804,0.0146077947037,-0.16089354652,-0.12642945125,0.00276456278804,-0.16089354652,-0.0692706118564,-0.0356145132504,-3446,-0.00707098066253,0.000476174698717,0.0208333333333,-0.0277777777778,0.00694444444444,1922,4,193,18473,0.908747044917,0.99978351464,0.000216485360178,0.0912529550827,0.997923156802,0.908747044917,0.951249690671,0.947232701881,0.908530559557,0.907031618688,234,423,0,5,2,5
325,WLNM_dir_neg_kfold,0.901958318663,0.429449665106,00:00:19,10,80,17,14362,threshold_sweep,0.1,0.940239043825,0.557919621749,0.700296735905,236,15,187,831,0.557919621749,0.982269503546,0.0177304964539,0.442080378251,0.940239043825,0.557919621749,0.700296735905,0.840819542947,0.60073548726,0.601315789474,0.639279020885,0.540189125296,2154,1731,423,0,2154,0,1731,0,423,144,2115,0.10270979021,3.28340051934,29.375,15.4379562044,16.5234375,23.125947344,0.787266292563,0.431540583136,18.7178045265,1.27440371245,0.622363409509,10.41950078,0.709412819061,0.401704097715,1.12585631727,0.342893384662,4.14543900894,3.28340051934,1.12585631727,4.14543900894,0.506274862896,0.548025908195,16217,0.0332762894383,0.115809519663,144,144,144,1,0,0.0486111111111,0.840277777778,0.111111111111,144,0.0821678321678,3.15516664001,23.5,12.6268656716,13.3228346457,18.6352549559,0.792989572593,0.435891121618,14.9995337923,1.27655606743,0.623612752824,8.59866634642,0.731801391185,0.412455673759,1.12152124274,0.355455470567,4.07916214432,3.15516664001,1.12152124274,4.07916214432,0.398073563212,0.443482294727,8604,0.0176548803309,0.0925841204852,144,144,144,1,0,0.0694444444444,0.8125,0.118055555556,144,1943,0.094357031857,4.07220673205,26.9861111111,13.6830985915,15.2992125984,20.862850884,0.773095863947,0.428218104878,16.4346540437,1.21800832851,0.601657659976,10.4339390598,0.773282153689,0.433010950992,1.2183130177,0.299177595311,5.13305611413,4.07220673205,1.2183130177,5.13305611413,0.444546263614,0.51193619943,12924,0.0265192553925,0.111117590784,144,144,144,1,0,0.0138888888889,0.868055555556,0.118055555556,-172,-0.00835275835276,0.788806212718,-2.38888888889,-1.75485761283,-1.22422490157,-2.26309646003,-0.0141704286162,-0.00332247825842,-2.28315048286,-0.056395383938,-0.0207057495328,0.0144382798906,0.0638693346283,0.0313068532774,0.0924567004297,-0.0437157893508,0.987617105189,0.788806212718,0.0924567004297,0.987617105189,-0.0617285992818,-0.0360897087653,-3293,-0.00675703404577,-0.00469192887906,-0.0347222222222,0.0277777777778,0.00694444444444,1928,15,187,18462,0.91158392435,0.999188179899,0.000811820100666,0.0884160756501,0.992279979413,0.91158392435,0.95022178413,0.945837352109,0.910772104249,0.905164319249,251,423,0,5,2,5
326,WLNM_dir_neg_kfold,0.901958318663,0.429449665106,00:00:19,10,80,17,14362,threshold_sweep,0.2,0.940239043825,0.557919621749,0.700296735905,236,15,187,831,0.557919621749,0.982269503546,0.0177304964539,0.442080378251,0.940239043825,0.557919621749,0.700296735905,0.840819542947,0.60073548726,0.601315789474,0.639279020885,0.540189125296,2154,1731,423,0,2154,0,1731,0,423,144,2115,0.10270979021,3.28340051934,29.375,15.4379562044,16.5234375,23.125947344,0.787266292563,0.431540583136,18.7178045265,1.27440371245,0.622363409509,10.41950078,0.709412819061,0.401704097715,1.12585631727,0.342893384662,4.14543900894,3.28340051934,1.12585631727,4.14543900894,0.506274862896,0.548025908195,16217,0.0332762894383,0.115809519663,144,144,144,1,0,0.0486111111111,0.840277777778,0.111111111111,144,0.0821678321678,3.15516664001,23.5,12.6268656716,13.3228346457,18.6352549559,0.792989572593,0.435891121618,14.9995337923,1.27655606743,0.623612752824,8.59866634642,0.731801391185,0.412455673759,1.12152124274,0.355455470567,4.07916214432,3.15516664001,1.12152124274,4.07916214432,0.398073563212,0.443482294727,8604,0.0176548803309,0.0925841204852,144,144,144,1,0,0.0694444444444,0.8125,0.118055555556,144,1943,0.094357031857,4.07220673205,26.9861111111,13.6830985915,15.2992125984,20.862850884,0.773095863947,0.428218104878,16.4346540437,1.21800832851,0.601657659976,10.4339390598,0.773282153689,0.433010950992,1.2183130177,0.299177595311,5.13305611413,4.07220673205,1.2183130177,5.13305611413,0.444546263614,0.51193619943,12924,0.0265192553925,0.111117590784,144,144,144,1,0,0.0138888888889,0.868055555556,0.118055555556,-172,-0.00835275835276,0.788806212718,-2.38888888889,-1.75485761283,-1.22422490157,-2.26309646003,-0.0141704286162,-0.00332247825842,-2.28315048286,-0.056395383938,-0.0207057495328,0.0144382798906,0.0638693346283,0.0313068532774,0.0924567004297,-0.0437157893508,0.987617105189,0.788806212718,0.0924567004297,0.987617105189,-0.0617285992818,-0.0360897087653,-3293,-0.00675703404577,-0.00469192887906,-0.0347222222222,0.0277777777778,0.00694444444444,1928,15,187,18462,0.91158392435,0.999188179899,0.000811820100666,0.0884160756501,0.992279979413,0.91158392435,0.95022178413,0.945837352109,0.910772104249,0.905164319249,251,423,0,5,2,5
327,WLNM_dir_neg_kfold,0.901958318663,0.429449665106,00:00:19,10,80,17,14362,threshold_sweep,0.3,0.939759036145,0.553191489362,0.696428571429,234,15,189,831,0.553191489362,0.982269503546,0.0177304964539,0.446808510638,0.939759036145,0.553191489362,0.696428571429,0.839243498818,0.601260835303,0.596837944664,0.635599350513,0.535460992908,2154,1731,423,0,2154,0,1731,0,423,144,2115,0.10270979021,3.28340051934,29.375,15.4379562044,16.5234375,23.125947344,0.787266292563,0.431540583136,18.7178045265,1.27440371245,0.622363409509,10.41950078,0.709412819061,0.401704097715,1.12585631727,0.342893384662,4.14543900894,3.28340051934,1.12585631727,4.14543900894,0.506274862896,0.548025908195,16217,0.0332762894383,0.115809519663,144,144,144,1,0,0.0486111111111,0.840277777778,0.111111111111,144,0.0821678321678,3.15516664001,23.5,12.6268656716,13.3228346457,18.6352549559,0.792989572593,0.435891121618,14.9995337923,1.27655606743,0.623612752824,8.59866634642,0.731801391185,0.412455673759,1.12152124274,0.355455470567,4.07916214432,3.15516664001,1.12152124274,4.07916214432,0.398073563212,0.443482294727,8604,0.0176548803309,0.0925841204852,144,144,144,1,0,0.0694444444444,0.8125,0.118055555556,144,1941,0.0942599067599,4.06977896957,26.9583333333,13.6690140845,15.2834645669,20.8349742943,0.772858397317,0.42803680806,16.421020449,1.21825190348,0.601855429618,10.4265454322,0.773530418465,0.433077880817,1.21591639223,0.298767181539,5.12873035162,4.06977896957,1.21591639223,5.12873035162,0.442449590816,0.510865537321,12867,0.0264022948882,0.110835261218,144,144,144,1,0,0.0138888888889,0.868055555556,0.118055555556,-174,-0.00844988344988,0.786378450233,-2.41666666667,-1.76894211987,-1.23997293307,-2.29097304969,-0.0144078952458,-0.00350377507634,-2.29678407751,-0.0561518089624,-0.0205079798906,0.00704465227403,0.0641175994045,0.0313737831027,0.0900600749514,-0.0441262031223,0.98329134268,0.786378450233,0.0900600749514,0.98329134268,-0.0638252720799,-0.0371603708735,-3350,-0.00687399455005,-0.00497425844509,-0.0347222222222,0.0277777777778,0.00694444444444,1926,15,189,18462,0.910638297872,0.999188179899,0.000811820100666,0.0893617021277,0.99227202473,0.910638297872,0.949704142012,0.945291293822,0.909826477772,0.904225352113,249,423,0,5,2,5
328,WLNM_dir_neg_kfold,0.901958318663,0.429449665106,00:00:19,10,80,17,14362,threshold_sweep,0.4,0.951020408163,0.550827423168,0.697604790419,233,12,190,834,0.550827423168,0.985815602837,0.0141843971631,0.449172576832,0.951020408163,0.550827423168,0.697604790419,0.840819542947,0.60231153139,0.599735799207,0.640925918623,0.536643026005,2154,1731,423,0,2154,0,1731,0,423,144,2115,0.10270979021,3.28340051934,29.375,15.4379562044,16.5234375,23.125947344,0.787266292563,0.431540583136,18.7178045265,1.27440371245,0.622363409509,10.41950078,0.709412819061,0.401704097715,1.12585631727,0.342893384662,4.14543900894,3.28340051934,1.12585631727,4.14543900894,0.506274862896,0.548025908195,16217,0.0332762894383,0.115809519663,144,144,144,1,0,0.0486111111111,0.840277777778,0.111111111111,144,0.0821678321678,3.15516664001,23.5,12.6268656716,13.3228346457,18.6352549559,0.792989572593,0.435891121618,14.9995337923,1.27655606743,0.623612752824,8.59866634642,0.731801391185,0.412455673759,1.12152124274,0.355455470567,4.07916214432,3.15516664001,1.12152124274,4.07916214432,0.398073563212,0.443482294727,8604,0.0176548803309,0.0925841204852,144,144,144,1,0,0.0694444444444,0.8125,0.118055555556,144,1937,0.0940656565657,3.81215579536,26.9027777778,13.8357142857,15.2519685039,20.8290811511,0.774235334477,0.42876297826,16.4392630214,1.22212383845,0.604073452647,10.3814182177,0.771772959914,0.432595508518,1.21278786513,0.318137014914,4.90947568265,3.81215579536,1.21278786513,4.90947568265,0.438610965224,0.511615249827,12847,0.0263612561148,0.112268286698,144,144,144,1,0,0.0277777777778,0.854166666667,0.118055555556,-178,-0.00864413364413,0.528755276028,-2.47222222222,-1.60224191867,-1.27146899606,-2.29686619291,-0.0130309580862,-0.00277760487671,-2.27854150514,-0.0522798739929,-0.0182899568615,-0.0380825622291,0.0623601408528,0.0308914108036,0.0869315478514,-0.0247563697471,0.764036673711,0.528755276028,0.0869315478514,0.764036673711,-0.067663897672,-0.0364106583674,-3370,-0.00691503332348,-0.00354123296458,-0.0208333333333,0.0138888888889,0.00694444444444,1925,12,190,18465,0.910165484634,0.999350543919,0.000649456080533,0.0898345153664,0.993804852865,0.910165484634,0.950148075025,0.945842523611,0.909516028553,0.905030559473,245,423,0,5,2,5
329,WLNM_dir_neg_kfold,0.901958318663,0.429449665106,00:00:19,10,80,17,14362,threshold_sweep,0.5,0.991416309013,0.54609929078,0.704268292683,231,2,192,844,0.54609929078,0.997635933806,0.00236406619385,0.45390070922,0.991416309013,0.54609929078,0.704268292683,0.847123719464,0.605463619648,0.612516644474,0.662041167125,0.543735224586,2154,1731,423,0,2154,0,1731,0,423,144,2115,0.10270979021,3.28340051934,29.375,15.4379562044,16.5234375,23.125947344,0.787266292563,0.431540583136,18.7178045265,1.27440371245,0.622363409509,10.41950078,0.709412819061,0.401704097715,1.12585631727,0.342893384662,4.14543900894,3.28340051934,1.12585631727,4.14543900894,0.506274862896,0.548025908195,16217,0.0332762894383,0.115809519663,144,144,144,1,0,0.0486111111111,0.840277777778,0.111111111111,144,0.0821678321678,3.15516664001,23.5,12.6268656716,13.3228346457,18.6352549559,0.792989572593,0.435891121618,14.9995337923,1.27655606743,0.623612752824,8.59866634642,0.731801391185,0.412455673759,1.12152124274,0.355455470567,4.07916214432,3.15516664001,1.12152124274,4.07916214432,0.398073563212,0.443482294727,8604,0.0176548803309,0.0925841204852,144,144,144,1,0,0.0694444444444,0.8125,0.118055555556,144,1925,0.0934829059829,3.15522760686,26.7361111111,14.3656716418,15.157480315,20.8953389627,0.781539950812,0.432153679654,16.499945551,1.23428164122,0.611966089466,10.2927406884,0.769950472273,0.431829004329,1.12641300474,0.356998969675,3.97962192754,3.15522760686,1.12641300474,3.97962192754,0.440302629053,0.513658575663,12824,0.0263140615253,0.115846142952,144,144,144,1,0,0.0694444444444,0.8125,0.118055555556,-190,-0.00922688422688,-0.128172912479,-2.63888888889,-1.07228456259,-1.36595718504,-2.23060838137,-0.00572634175132,0.000613096517352,-2.21785897555,-0.0401220712281,-0.0103973200427,-0.126760091586,0.060537653212,0.0301249066143,0.000556687463723,0.0141055850136,-0.165817081403,-0.128172912479,0.000556687463723,-0.165817081403,-0.0659722338423,-0.034367332532,-3393,-0.00696222791293,3.66232889153e-05,0.0208333333333,-0.0277777777778,0.00694444444444,1923,2,192,18475,0.909219858156,0.99989175732,0.000108242680089,0.090780141844,0.998961038961,0.909219858156,0.95198019802,0.948059274821,0.909111615476,0.908360888049,233,423,0,5,2,5
330,WLNM_dir_neg_kfold,0.901958318663,0.429449665106,00:00:19,10,80,17,14362,threshold_sweep,0.6,0.991379310345,0.543735224586,0.702290076336,230,2,193,844,0.543735224586,0.997635933806,0.00236406619385,0.456264775414,0.991379310345,0.543735224586,0.702290076336,0.8463356974,0.60572629367,0.610259826782,0.660263226057,0.541371158392,2154,1731,423,0,2154,0,1731,0,423,144,2115,0.10270979021,3.28340051934,29.375,15.4379562044,16.5234375,23.125947344,0.787266292563,0.431540583136,18.7178045265,1.27440371245,0.622363409509,10.41950078,0.709412819061,0.401704097715,1.12585631727,0.342893384662,4.14543900894,3.28340051934,1.12585631727,4.14543900894,0.506274862896,0.548025908195,16217,0.0332762894383,0.115809519663,144,144,144,1,0,0.0486111111111,0.840277777778,0.111111111111,144,0.0821678321678,3.15516664001,23.5,12.6268656716,13.3228346457,18.6352549559,0.792989572593,0.435891121618,14.9995337923,1.27655606743,0.623612752824,8.59866634642,0.731801391185,0.412455673759,1.12152124274,0.355455470567,4.07916214432,3.15516664001,1.12152124274,4.07916214432,0.398073563212,0.443482294727,8604,0.0176548803309,0.0925841204852,144,144,144,1,0,0.0694444444444,0.8125,0.118055555556,144,1924,0.0934343434343,3.15505587596,26.7222222222,14.3582089552,15.1496062992,20.8774125759,0.781275314692,0.432010135135,16.4837750747,1.23371289541,0.611796893047,10.2967243831,0.770648810381,0.43223030723,1.12618375355,0.356945739734,3.97904669893,3.15505587596,1.12618375355,3.97904669893,0.439076132609,0.512734127462,12784,0.0262319839785,0.115845166712,144,144,144,1,0,0.0694444444444,0.8125,0.118055555556,-191,-0.00927544677545,-0.128344643372,-2.65277777778,-1.07974724916,-1.37383120079,-2.24853476809,-0.00599097787071,0.000469551998807,-2.23402945179,-0.0406908170379,-0.0105665164619,-0.122776396807,0.0612359913204,0.0305262095156,0.000327436272095,0.0140523550721,-0.166392310012,-0.128344643372,0.000327436272095,-0.166392310012,-0.0671987302872,-0.0352917807333,-3433,-0.0070443054598,3.56470493656e-05,0.0208333333333,-0.0277777777778,0.00694444444444,1922,2,193,18475,0.908747044917,0.99989175732,0.000108242680089,0.0912529550827,0.99896049896,0.908747044917,0.951720722951,0.947787036243,0.908638802237,0.907888521493,232,423,0,5,2,5
331,WLNM_dir_neg_kfold,0.901958318663,0.429449665106,00:00:19,10,80,17,14362,threshold_sweep,0.7,0.991341991342,0.541371158392,0.700305810398,229,2,194,844,0.541371158392,0.997635933806,0.00236406619385,0.458628841608,0.991341991342,0.541371158392,0.700305810398,0.845547675335,0.605988967691,0.608,0.658483926152,0.539007092199,2154,1731,423,0,2154,0,1731,0,423,144,2115,0.10270979021,3.28340051934,29.375,15.4379562044,16.5234375,23.125947344,0.787266292563,0.431540583136,18.7178045265,1.27440371245,0.622363409509,10.41950078,0.709412819061,0.401704097715,1.12585631727,0.342893384662,4.14543900894,3.28340051934,1.12585631727,4.14543900894,0.506274862896,0.548025908195,16217,0.0332762894383,0.115809519663,144,144,144,1,0,0.0486111111111,0.840277777778,0.111111111111,144,0.0821678321678,3.15516664001,23.5,12.6268656716,13.3228346457,18.6352549559,0.792989572593,0.435891121618,14.9995337923,1.27655606743,0.623612752824,8.59866634642,0.731801391185,0.412455673759,1.12152124274,0.355455470567,4.07916214432,3.15516664001,1.12152124274,4.07916214432,0.398073563212,0.443482294727,8604,0.0176548803309,0.0925841204852,144,144,144,1,0,0.0694444444444,0.8125,0.118055555556,144,1923,0.0933857808858,3.15490846725,26.7083333333,14.3507462687,15.1417322835,20.8577851844,0.780946715171,0.431844773791,16.4680104182,1.23317394707,0.611641965679,10.2979859189,0.771144031369,0.432451464725,1.12598965037,0.356900893341,3.97855293973,3.15490846725,1.12598965037,3.97855293973,0.43748126684,0.512149082292,12752,0.026166321941,0.115832236931,144,144,144,1,0,0.0694444444444,0.8125,0.118055555556,-192,-0.00932400932401,-0.128492052082,-2.66666666667,-1.08720993572,-1.38170521654,-2.26816215968,-0.00631957739185,0.000304190654624,-2.24979410837,-0.0412297653749,-0.0107214438302,-0.121514861048,0.0617312123082,0.0307473670105,0.000133333097386,0.0140075086795,-0.166886069205,-0.128492052082,0.000133333097386,-0.166886069205,-0.0687935960552,-0.0358768259024,-3465,-0.00710996749729,2.27172675418e-05,0.0208333333333,-0.0277777777778,0.00694444444444,1921,2,194,18475,0.908274231678,0.99989175732,0.000108242680089,0.0917257683215,0.998959958398,0.908274231678,0.951461119366,0.947514748624,0.908165988998,0.907416154936,231,423,0,5,2,5
332,WLNM_dir_neg_kfold,0.901958318663,0.429449665106,00:00:19,10,80,17,14362,threshold_sweep,0.8,0.991341991342,0.541371158392,0.700305810398,229,2,194,844,0.541371158392,0.997635933806,0.00236406619385,0.458628841608,0.991341991342,0.541371158392,0.700305810398,0.845547675335,0.605988967691,0.608,0.658483926152,0.539007092199,2154,1731,423,0,2154,0,1731,0,423,144,2115,0.10270979021,3.28340051934,29.375,15.4379562044,16.5234375,23.125947344,0.787266292563,0.431540583136,18.7178045265,1.27440371245,0.622363409509,10.41950078,0.709412819061,0.401704097715,1.12585631727,0.342893384662,4.14543900894,3.28340051934,1.12585631727,4.14543900894,0.506274862896,0.548025908195,16217,0.0332762894383,0.115809519663,144,144,144,1,0,0.0486111111111,0.840277777778,0.111111111111,144,0.0821678321678,3.15516664001,23.5,12.6268656716,13.3228346457,18.6352549559,0.792989572593,0.435891121618,14.9995337923,1.27655606743,0.623612752824,8.59866634642,0.731801391185,0.412455673759,1.12152124274,0.355455470567,4.07916214432,3.15516664001,1.12152124274,4.07916214432,0.398073563212,0.443482294727,8604,0.0176548803309,0.0925841204852,144,144,144,1,0,0.0694444444444,0.8125,0.118055555556,144,1923,0.0933857808858,3.15490846725,26.7083333333,14.3507462687,15.1417322835,20.8577851844,0.780946715171,0.431844773791,16.4680104182,1.23317394707,0.611641965679,10.2979859189,0.771144031369,0.432451464725,1.12598965037,0.356900893341,3.97855293973,3.15490846725,1.12598965037,3.97855293973,0.43748126684,0.512149082292,12752,0.026166321941,0.115832236931,144,144,144,1,0,0.0694444444444,0.8125,0.118055555556,-192,-0.00932400932401,-0.128492052082,-2.66666666667,-1.08720993572,-1.38170521654,-2.26816215968,-0.00631957739185,0.000304190654624,-2.24979410837,-0.0412297653749,-0.0107214438302,-0.121514861048,0.0617312123082,0.0307473670105,0.000133333097386,0.0140075086795,-0.166886069205,-0.128492052082,0.000133333097386,-0.166886069205,-0.0687935960552,-0.0358768259024,-3465,-0.00710996749729,2.27172675418e-05,0.0208333333333,-0.0277777777778,0.00694444444444,1921,2,194,18475,0.908274231678,0.99989175732,0.000108242680089,0.0917257683215,0.998959958398,0.908274231678,0.951461119366,0.947514748624,0.908165988998,0.907416154936,231,423,0,5,2,5
333,WLNM_dir_neg_kfold,0.901958318663,0.429449665106,00:00:19,10,80,17,14362,threshold_sweep,0.9,0.991341991342,0.541371158392,0.700305810398,229,2,194,844,0.541371158392,0.997635933806,0.00236406619385,0.458628841608,0.991341991342,0.541371158392,0.700305810398,0.845547675335,0.605988967691,0.608,0.658483926152,0.539007092199,2154,1731,423,0,2154,0,1731,0,423,144,2115,0.10270979021,3.28340051934,29.375,15.4379562044,16.5234375,23.125947344,0.787266292563,0.431540583136,18.7178045265,1.27440371245,0.622363409509,10.41950078,0.709412819061,0.401704097715,1.12585631727,0.342893384662,4.14543900894,3.28340051934,1.12585631727,4.14543900894,0.506274862896,0.548025908195,16217,0.0332762894383,0.115809519663,144,144,144,1,0,0.0486111111111,0.840277777778,0.111111111111,144,0.0821678321678,3.15516664001,23.5,12.6268656716,13.3228346457,18.6352549559,0.792989572593,0.435891121618,14.9995337923,1.27655606743,0.623612752824,8.59866634642,0.731801391185,0.412455673759,1.12152124274,0.355455470567,4.07916214432,3.15516664001,1.12152124274,4.07916214432,0.398073563212,0.443482294727,8604,0.0176548803309,0.0925841204852,144,144,144,1,0,0.0694444444444,0.8125,0.118055555556,144,1923,0.0933857808858,3.15490846725,26.7083333333,14.3507462687,15.1417322835,20.8577851844,0.780946715171,0.431844773791,16.4680104182,1.23317394707,0.611641965679,10.2979859189,0.771144031369,0.432451464725,1.12598965037,0.356900893341,3.97855293973,3.15490846725,1.12598965037,3.97855293973,0.43748126684,0.512149082292,12752,0.026166321941,0.115832236931,144,144,144,1,0,0.0694444444444,0.8125,0.118055555556,-192,-0.00932400932401,-0.128492052082,-2.66666666667,-1.08720993572,-1.38170521654,-2.26816215968,-0.00631957739185,0.000304190654624,-2.24979410837,-0.0412297653749,-0.0107214438302,-0.121514861048,0.0617312123082,0.0307473670105,0.000133333097386,0.0140075086795,-0.166886069205,-0.128492052082,0.000133333097386,-0.166886069205,-0.0687935960552,-0.0358768259024,-3465,-0.00710996749729,2.27172675418e-05,0.0208333333333,-0.0277777777778,0.00694444444444,1921,2,194,18475,0.908274231678,0.99989175732,0.000108242680089,0.0917257683215,0.998959958398,0.908274231678,0.951461119366,0.947514748624,0.908165988998,0.907416154936,231,423,0,5,2,5
334,WLNM_dir_neg_kfold,0.824874670959,0.390982358273,00:00:20,10,80,18,14363,threshold_sweep,0.1,0.955102040816,0.553191489362,0.700598802395,234,11,189,835,0.553191489362,0.986997635934,0.0130023640662,0.446808510638,0.955102040816,0.553191489362,0.700598802395,0.842395587076,0.60231153139,0.603698811096,0.645161111918,0.540189125296,2154,1731,423,0,2154,0,1731,0,423,144,2115,0.10270979021,3.28340051934,29.375,15.4379562044,16.5234375,23.125947344,0.787266292563,0.431540583136,18.7178045265,1.27440371245,0.622363409509,10.41950078,0.709412819061,0.401704097715,1.12585631727,0.342893384662,4.14543900894,3.28340051934,1.12585631727,4.14543900894,0.506274862896,0.548025908195,16217,0.0332762894383,0.115809519663,144,144,144,1,0,0.0486111111111,0.840277777778,0.111111111111,144,0.0821678321678,3.15516664001,23.5,12.6268656716,13.3228346457,18.6352549559,0.792989572593,0.435891121618,14.9995337923,1.27655606743,0.623612752824,8.59866634642,0.731801391185,0.412455673759,1.12152124274,0.355455470567,4.07916214432,3.15516664001,1.12152124274,4.07916214432,0.398073563212,0.443482294727,8604,0.0176548803309,0.0925841204852,144,144,144,1,0,0.0694444444444,0.8125,0.118055555556,144,1937,0.0940656565657,4.00737381662,26.9027777778,13.7375886525,15.2519685039,20.7783236448,0.772348633158,0.428049532496,16.3906974559,1.21851338857,0.602746945448,10.4009345069,0.773223835309,0.433240836345,1.23822524831,0.308986709245,5.07463972827,4.00737381662,1.23822524831,5.07463972827,0.436586058162,0.509297877427,12781,0.0262258281624,0.111922772587,144,144,144,1,0,0.0208333333333,0.861111111111,0.118055555556,-178,-0.00864413364413,0.723973297281,-2.47222222222,-1.7003675519,-1.27146899606,-2.34762369923,-0.0149176594053,-0.00349105064049,-2.32710707059,-0.0558903238769,-0.0196164640605,-0.0185662730501,0.0638110162486,0.0315367386301,0.112368931036,-0.0339066754166,0.929200719329,0.723973297281,0.112368931036,0.929200719329,-0.0696888047339,-0.0387280307675,-3436,-0.00705046127581,-0.00388674707647,-0.0277777777778,0.0208333333333,0.00694444444444,1926,11,189,18466,0.910638297872,0.99940466526,0.000595334740488,0.0893617021277,0.994321115126,0.910638297872,0.95064165844,0.946390504203,0.910042963132,0.905926622766,245,423,0,5,2,5
335,WLNM_dir_neg_kfold,0.824874670959,0.390982358273,00:00:20,10,80,18,14363,threshold_sweep,0.2,0.954918032787,0.550827423168,0.698650674663,233,11,190,835,0.550827423168,0.986997635934,0.0130023640662,0.449172576832,0.954918032787,0.550827423168,0.698650674663,0.841607565012,0.602574205411,0.601454064772,0.643338516041,0.537825059102,2154,1731,423,0,2154,0,1731,0,423,144,2115,0.10270979021,3.28340051934,29.375,15.4379562044,16.5234375,23.125947344,0.787266292563,0.431540583136,18.7178045265,1.27440371245,0.622363409509,10.41950078,0.709412819061,0.401704097715,1.12585631727,0.342893384662,4.14543900894,3.28340051934,1.12585631727,4.14543900894,0.506274862896,0.548025908195,16217,0.0332762894383,0.115809519663,144,144,144,1,0,0.0486111111111,0.840277777778,0.111111111111,144,0.0821678321678,3.15516664001,23.5,12.6268656716,13.3228346457,18.6352549559,0.792989572593,0.435891121618,14.9995337923,1.27655606743,0.623612752824,8.59866634642,0.731801391185,0.412455673759,1.12152124274,0.355455470567,4.07916214432,3.15516664001,1.12152124274,4.07916214432,0.398073563212,0.443482294727,8604,0.0176548803309,0.0925841204852,144,144,144,1,0,0.0694444444444,0.8125,0.118055555556,144,1936,0.0940170940171,4.00292802527,26.8888888889,13.7304964539,15.2440944882,20.7725313214,0.772532156581,0.428087695133,16.3932349077,1.21933152206,0.602911214417,10.3867706187,0.772569715439,0.432958849862,1.23598981672,0.30877143154,5.06697006126,4.00292802527,1.23598981672,5.06697006126,0.436478624184,0.509652201659,12778,0.0262196723464,0.11167952818,144,144,144,1,0,0.0208333333333,0.861111111111,0.118055555556,-179,-0.0086926961927,0.719527505937,-2.48611111111,-1.70745975048,-1.27934301181,-2.35341602265,-0.0147341359826,-0.00345288800318,-2.32456961887,-0.0550721903868,-0.0194521950919,-0.032730161279,0.0631568963779,0.0312547521475,0.110133499442,-0.0341219531211,0.921531052323,0.719527505937,0.110133499442,0.921531052323,-0.0697962387116,-0.0383737065357,-3439,-0.00705661709183,-0.00412999148291,-0.0277777777778,0.0208333333333,0.00694444444444,1925,11,190,18466,0.910165484634,0.99940466526,0.000595334740488,0.0898345153664,0.994318181818,0.910165484634,0.950382621575,0.946117709144,0.909570149893,0.90545625588,244,423,0,5,2,5
336,WLNM_dir_neg_kfold,0.824874670959,0.390982358273,00:00:20,10,80,18,14363,threshold_sweep,0.3,0.954918032787,0.550827423168,0.698650674663,233,11,190,835,0.550827423168,0.986997635934,0.0130023640662,0.449172576832,0.954918032787,0.550827423168,0.698650674663,0.841607565012,0.602574205411,0.601454064772,0.643338516041,0.537825059102,2154,1731,423,0,2154,0,1731,0,423,144,2115,0.10270979021,3.28340051934,29.375,15.4379562044,16.5234375,23.125947344,0.787266292563,0.431540583136,18.7178045265,1.27440371245,0.622363409509,10.41950078,0.709412819061,0.401704097715,1.12585631727,0.342893384662,4.14543900894,3.28340051934,1.12585631727,4.14543900894,0.506274862896,0.548025908195,16217,0.0332762894383,0.115809519663,144,144,144,1,0,0.0486111111111,0.840277777778,0.111111111111,144,0.0821678321678,3.15516664001,23.5,12.6268656716,13.3228346457,18.6352549559,0.792989572593,0.435891121618,14.9995337923,1.27655606743,0.623612752824,8.59866634642,0.731801391185,0.412455673759,1.12152124274,0.355455470567,4.07916214432,3.15516664001,1.12152124274,4.07916214432,0.398073563212,0.443482294727,8604,0.0176548803309,0.0925841204852,144,144,144,1,0,0.0694444444444,0.8125,0.118055555556,144,1936,0.0940170940171,4.00292802527,26.8888888889,13.7304964539,15.2440944882,20.7725313214,0.772532156581,0.428087695133,16.3932349077,1.21933152206,0.602911214417,10.3867706187,0.772569715439,0.432958849862,1.23598981672,0.30877143154,5.06697006126,4.00292802527,1.23598981672,5.06697006126,0.436478624184,0.509652201659,12778,0.0262196723464,0.11167952818,144,144,144,1,0,0.0208333333333,0.861111111111,0.118055555556,-179,-0.0086926961927,0.719527505937,-2.48611111111,-1.70745975048,-1.27934301181,-2.35341602265,-0.0147341359826,-0.00345288800318,-2.32456961887,-0.0550721903868,-0.0194521950919,-0.032730161279,0.0631568963779,0.0312547521475,0.110133499442,-0.0341219531211,0.921531052323,0.719527505937,0.110133499442,0.921531052323,-0.0697962387116,-0.0383737065357,-3439,-0.00705661709183,-0.00412999148291,-0.0277777777778,0.0208333333333,0.00694444444444,1925,11,190,18466,0.910165484634,0.99940466526,0.000595334740488,0.0898345153664,0.994318181818,0.910165484634,0.950382621575,0.946117709144,0.909570149893,0.90545625588,244,423,0,5,2,5
337,WLNM_dir_neg_kfold,0.824874670959,0.390982358273,00:00:20,10,80,18,14363,threshold_sweep,0.4,0.96265560166,0.548463356974,0.698795180723,232,9,191,837,0.548463356974,0.989361702128,0.0106382978723,0.451536643026,0.96265560166,0.548463356974,0.698795180723,0.842395587076,0.603362227476,0.602649006623,0.646385075244,0.537825059102,2154,1731,423,0,2154,0,1731,0,423,144,2115,0.10270979021,3.28340051934,29.375,15.4379562044,16.5234375,23.125947344,0.787266292563,0.431540583136,18.7178045265,1.27440371245,0.622363409509,10.41950078,0.709412819061,0.401704097715,1.12585631727,0.342893384662,4.14543900894,3.28340051934,1.12585631727,4.14543900894,0.506274862896,0.548025908195,16217,0.0332762894383,0.115809519663,144,144,144,1,0,0.0486111111111,0.840277777778,0.111111111111,144,0.0821678321678,3.15516664001,23.5,12.6268656716,13.3228346457,18.6352549559,0.792989572593,0.435891121618,14.9995337923,1.27655606743,0.623612752824,8.59866634642,0.731801391185,0.412455673759,1.12152124274,0.355455470567,4.07916214432,3.15516664001,1.12152124274,4.07916214432,0.398073563212,0.443482294727,8604,0.0176548803309,0.0925841204852,144,144,144,1,0,0.0694444444444,0.8125,0.118055555556,144,1933,0.0938714063714,3.72289221664,26.8472222222,13.8071428571,15.2204724409,20.789090551,0.774347914987,0.428920934644,16.4063691628,1.22220235874,0.604432517101,10.3731632369,0.772755047138,0.433109875266,1.1963497126,0.32134954304,4.75508141929,3.72289221664,1.1963497126,4.75508141929,0.43465423284,0.509832638769,12764,0.026190945205,0.112293825104,144,144,144,1,0,0.0277777777778,0.854166666667,0.118055555556,-182,-0.00883838383838,0.439491697302,-2.52777777778,-1.63081334724,-1.30296505906,-2.33685679308,-0.0129183775763,-0.00261964849242,-2.31143536373,-0.052201353705,-0.0179308924082,-0.0463375430247,0.0633422280773,0.0314057775511,0.0704933953277,-0.021543841622,0.609642410352,0.439491697302,0.0704933953277,0.609642410352,-0.0716206300559,-0.0381932694262,-3453,-0.00708534423323,-0.00351569455906,-0.0208333333333,0.0138888888889,0.00694444444444,1924,9,191,18468,0.909692671395,0.99951290794,0.000487092060399,0.0903073286052,0.995344024832,0.909692671395,0.950592885375,0.946396004253,0.909205579334,0.905838041431,241,423,0,5,2,5
338,WLNM_dir_neg_kfold,0.824874670959,0.390982358273,00:00:20,10,80,18,14363,threshold_sweep,0.5,0.96265560166,0.548463356974,0.698795180723,232,9,191,837,0.548463356974,0.989361702128,0.0106382978723,0.451536643026,0.96265560166,0.548463356974,0.698795180723,0.842395587076,0.603362227476,0.602649006623,0.646385075244,0.537825059102,2154,1731,423,0,2154,0,1731,0,423,144,2115,0.10270979021,3.28340051934,29.375,15.4379562044,16.5234375,23.125947344,0.787266292563,0.431540583136,18.7178045265,1.27440371245,0.622363409509,10.41950078,0.709412819061,0.401704097715,1.12585631727,0.342893384662,4.14543900894,3.28340051934,1.12585631727,4.14543900894,0.506274862896,0.548025908195,16217,0.0332762894383,0.115809519663,144,144,144,1,0,0.0486111111111,0.840277777778,0.111111111111,144,0.0821678321678,3.15516664001,23.5,12.6268656716,13.3228346457,18.6352549559,0.792989572593,0.435891121618,14.9995337923,1.27655606743,0.623612752824,8.59866634642,0.731801391185,0.412455673759,1.12152124274,0.355455470567,4.07916214432,3.15516664001,1.12152124274,4.07916214432,0.398073563212,0.443482294727,8604,0.0176548803309,0.0925841204852,144,144,144,1,0,0.0694444444444,0.8125,0.118055555556,144,1933,0.0938714063714,3.72289221664,26.8472222222,13.8071428571,15.2204724409,20.789090551,0.774347914987,0.428920934644,16.4063691628,1.22220235874,0.604432517101,10.3731632369,0.772755047138,0.433109875266,1.1963497126,0.32134954304,4.75508141929,3.72289221664,1.1963497126,4.75508141929,0.43465423284,0.509832638769,12764,0.026190945205,0.112293825104,144,144,144,1,0,0.0277777777778,0.854166666667,0.118055555556,-182,-0.00883838383838,0.439491697302,-2.52777777778,-1.63081334724,-1.30296505906,-2.33685679308,-0.0129183775763,-0.00261964849242,-2.31143536373,-0.052201353705,-0.0179308924082,-0.0463375430247,0.0633422280773,0.0314057775511,0.0704933953277,-0.021543841622,0.609642410352,0.439491697302,0.0704933953277,0.609642410352,-0.0716206300559,-0.0381932694262,-3453,-0.00708534423323,-0.00351569455906,-0.0208333333333,0.0138888888889,0.00694444444444,1924,9,191,18468,0.909692671395,0.99951290794,0.000487092060399,0.0903073286052,0.995344024832,0.909692671395,0.950592885375,0.946396004253,0.909205579334,0.905838041431,241,423,0,5,2,5
339,WLNM_dir_neg_kfold,0.824874670959,0.390982358273,00:00:20,10,80,18,14363,threshold_sweep,0.6,0.995652173913,0.541371158392,0.701378254211,229,1,194,845,0.541371158392,0.998817966903,0.00118203309693,0.458628841608,0.995652173913,0.541371158392,0.701378254211,0.8463356974,0.606251641713,0.609739826551,0.661042695193,0.540189125296,2154,1731,423,0,2154,0,1731,0,423,144,2115,0.10270979021,3.28340051934,29.375,15.4379562044,16.5234375,23.125947344,0.787266292563,0.431540583136,18.7178045265,1.27440371245,0.622363409509,10.41950078,0.709412819061,0.401704097715,1.12585631727,0.342893384662,4.14543900894,3.28340051934,1.12585631727,4.14543900894,0.506274862896,0.548025908195,16217,0.0332762894383,0.115809519663,144,144,144,1,0,0.0486111111111,0.840277777778,0.111111111111,144,0.0821678321678,3.15516664001,23.5,12.6268656716,13.3228346457,18.6352549559,0.792989572593,0.435891121618,14.9995337923,1.27655606743,0.623612752824,8.59866634642,0.731801391185,0.412455673759,1.12152124274,0.355455470567,4.07916214432,3.15516664001,1.12152124274,4.07916214432,0.398073563212,0.443482294727,8604,0.0176548803309,0.0925841204852,144,144,144,1,0,0.0694444444444,0.8125,0.118055555556,144,1922,0.0933372183372,3.15225455486,26.6944444444,14.3432835821,15.1338582677,20.8230230898,0.780050812937,0.4314407735,16.4513775836,1.23256939232,0.611530234709,10.2938092907,0.771232329789,0.432528326974,1.12390064752,0.356538670326,3.97326399842,3.15225455486,1.12390064752,3.97326399842,0.436385870532,0.510926509011,12711,0.0260821924554,0.115767317255,144,144,144,1,0,0.0694444444444,0.8125,0.118055555556,-193,-0.00937257187257,-0.131145964477,-2.68055555556,-1.09467262229,-1.38957923228,-2.30292425424,-0.00721547962585,-9.98096365012e-05,-2.26642694295,-0.0418343201263,-0.0108331747996,-0.125691489294,0.0618195107286,0.0308242292595,-0.00195566975598,0.0136452856645,-0.172175010516,-0.131145964477,-0.00195566975598,-0.172175010516,-0.0698889923638,-0.0370993991844,-3506,-0.00719409698283,-4.22024078242e-05,0.0208333333333,-0.0277777777778,0.00694444444444,1921,1,194,18476,0.908274231678,0.99994587866,5.41213400444e-05,0.0917257683215,0.999479708637,0.908274231678,0.951696804558,0.947792305642,0.908220110338,0.907844990548,230,423,0,5,2,5
340,WLNM_dir_neg_kfold,0.824874670959,0.390982358273,00:00:20,10,80,18,14363,threshold_sweep,0.7,0.995633187773,0.539007092199,0.699386503067,228,1,195,845,0.539007092199,0.998817966903,0.00118203309693,0.460992907801,0.995633187773,0.539007092199,0.699386503067,0.845547675335,0.606514315734,0.607476635514,0.659267987601,0.537825059102,2154,1731,423,0,2154,0,1731,0,423,144,2115,0.10270979021,3.28340051934,29.375,15.4379562044,16.5234375,23.125947344,0.787266292563,0.431540583136,18.7178045265,1.27440371245,0.622363409509,10.41950078,0.709412819061,0.401704097715,1.12585631727,0.342893384662,4.14543900894,3.28340051934,1.12585631727,4.14543900894,0.506274862896,0.548025908195,16217,0.0332762894383,0.115809519663,144,144,144,1,0,0.0486111111111,0.840277777778,0.111111111111,144,0.0821678321678,3.15516664001,23.5,12.6268656716,13.3228346457,18.6352549559,0.792989572593,0.435891121618,14.9995337923,1.27655606743,0.623612752824,8.59866634642,0.731801391185,0.412455673759,1.12152124274,0.355455470567,4.07916214432,3.15516664001,1.12152124274,4.07916214432,0.398073563212,0.443482294727,8604,0.0176548803309,0.0925841204852,144,144,144,1,0,0.0694444444444,0.8125,0.118055555556,144,1921,0.0932886557887,3.15316156567,26.6805555556,14.3358208955,15.125984252,20.8228131947,0.78044901094,0.431625600093,16.453861406,1.23339721107,0.611693128579,10.2943824687,0.771676770168,0.432699259645,1.1243827164,0.356588995832,3.97619246621,3.15316156567,1.1243827164,3.97619246621,0.436506052705,0.511249363117,12710,0.0260801405168,0.115805585474,144,144,144,1,0,0.0694444444444,0.8125,0.118055555556,-194,-0.00942113442113,-0.130238953666,-2.69444444444,-1.10213530886,-1.39745324803,-2.30313414939,-0.00681728162342,8.50169562165e-05,-2.26394312056,-0.0410065013778,-0.0106702809299,-0.125118311259,0.062263951107,0.0309951619301,-0.00147360087654,0.0136956111704,-0.169246542724,-0.130238953666,-0.00147360087654,-0.169246542724,-0.0697688101903,-0.0367765450778,-3507,-0.0071961489215,-3.93418874274e-06,0.0208333333333,-0.0277777777778,0.00694444444444,1920,1,195,18476,0.90780141844,0.99994587866,5.41213400444e-05,0.0921985815603,0.999479437793,0.90780141844,0.951437066402,0.947520048177,0.9077472971,0.907372400756,229,423,0,5,2,5
341,WLNM_dir_neg_kfold,0.824874670959,0.390982358273,00:00:20,10,80,18,14363,threshold_sweep,0.8,0.995633187773,0.539007092199,0.699386503067,228,1,195,845,0.539007092199,0.998817966903,0.00118203309693,0.460992907801,0.995633187773,0.539007092199,0.699386503067,0.845547675335,0.606514315734,0.607476635514,0.659267987601,0.537825059102,2154,1731,423,0,2154,0,1731,0,423,144,2115,0.10270979021,3.28340051934,29.375,15.4379562044,16.5234375,23.125947344,0.787266292563,0.431540583136,18.7178045265,1.27440371245,0.622363409509,10.41950078,0.709412819061,0.401704097715,1.12585631727,0.342893384662,4.14543900894,3.28340051934,1.12585631727,4.14543900894,0.506274862896,0.548025908195,16217,0.0332762894383,0.115809519663,144,144,144,1,0,0.0486111111111,0.840277777778,0.111111111111,144,0.0821678321678,3.15516664001,23.5,12.6268656716,13.3228346457,18.6352549559,0.792989572593,0.435891121618,14.9995337923,1.27655606743,0.623612752824,8.59866634642,0.731801391185,0.412455673759,1.12152124274,0.355455470567,4.07916214432,3.15516664001,1.12152124274,4.07916214432,0.398073563212,0.443482294727,8604,0.0176548803309,0.0925841204852,144,144,144,1,0,0.0694444444444,0.8125,0.118055555556,144,1921,0.0932886557887,3.15316156567,26.6805555556,14.3358208955,15.125984252,20.8228131947,0.78044901094,0.431625600093,16.453861406,1.23339721107,0.611693128579,10.2943824687,0.771676770168,0.432699259645,1.1243827164,0.356588995832,3.97619246621,3.15316156567,1.1243827164,3.97619246621,0.436506052705,0.511249363117,12710,0.0260801405168,0.115805585474,144,144,144,1,0,0.0694444444444,0.8125,0.118055555556,-194,-0.00942113442113,-0.130238953666,-2.69444444444,-1.10213530886,-1.39745324803,-2.30313414939,-0.00681728162342,8.50169562165e-05,-2.26394312056,-0.0410065013778,-0.0106702809299,-0.125118311259,0.062263951107,0.0309951619301,-0.00147360087654,0.0136956111704,-0.169246542724,-0.130238953666,-0.00147360087654,-0.169246542724,-0.0697688101903,-0.0367765450778,-3507,-0.0071961489215,-3.93418874274e-06,0.0208333333333,-0.0277777777778,0.00694444444444,1920,1,195,18476,0.90780141844,0.99994587866,5.41213400444e-05,0.0921985815603,0.999479437793,0.90780141844,0.951437066402,0.947520048177,0.9077472971,0.907372400756,229,423,0,5,2,5
342,WLNM_dir_neg_kfold,0.824874670959,0.390982358273,00:00:20,10,80,18,14363,threshold_sweep,0.9,0.995633187773,0.539007092199,0.699386503067,228,1,195,845,0.539007092199,0.998817966903,0.00118203309693,0.460992907801,0.995633187773,0.539007092199,0.699386503067,0.845547675335,0.606514315734,0.607476635514,0.659267987601,0.537825059102,2154,1731,423,0,2154,0,1731,0,423,144,2115,0.10270979021,3.28340051934,29.375,15.4379562044,16.5234375,23.125947344,0.787266292563,0.431540583136,18.7178045265,1.27440371245,0.622363409509,10.41950078,0.709412819061,0.401704097715,1.12585631727,0.342893384662,4.14543900894,3.28340051934,1.12585631727,4.14543900894,0.506274862896,0.548025908195,16217,0.0332762894383,0.115809519663,144,144,144,1,0,0.0486111111111,0.840277777778,0.111111111111,144,0.0821678321678,3.15516664001,23.5,12.6268656716,13.3228346457,18.6352549559,0.792989572593,0.435891121618,14.9995337923,1.27655606743,0.623612752824,8.59866634642,0.731801391185,0.412455673759,1.12152124274,0.355455470567,4.07916214432,3.15516664001,1.12152124274,4.07916214432,0.398073563212,0.443482294727,8604,0.0176548803309,0.0925841204852,144,144,144,1,0,0.0694444444444,0.8125,0.118055555556,144,1921,0.0932886557887,3.15316156567,26.6805555556,14.3358208955,15.125984252,20.8228131947,0.78044901094,0.431625600093,16.453861406,1.23339721107,0.611693128579,10.2943824687,0.771676770168,0.432699259645,1.1243827164,0.356588995832,3.97619246621,3.15316156567,1.1243827164,3.97619246621,0.436506052705,0.511249363117,12710,0.0260801405168,0.115805585474,144,144,144,1,0,0.0694444444444,0.8125,0.118055555556,-194,-0.00942113442113,-0.130238953666,-2.69444444444,-1.10213530886,-1.39745324803,-2.30313414939,-0.00681728162342,8.50169562165e-05,-2.26394312056,-0.0410065013778,-0.0106702809299,-0.125118311259,0.062263951107,0.0309951619301,-0.00147360087654,0.0136956111704,-0.169246542724,-0.130238953666,-0.00147360087654,-0.169246542724,-0.0697688101903,-0.0367765450778,-3507,-0.0071961489215,-3.93418874274e-06,0.0208333333333,-0.0277777777778,0.00694444444444,1920,1,195,18476,0.90780141844,0.99994587866,5.41213400444e-05,0.0921985815603,0.999479437793,0.90780141844,0.951437066402,0.947520048177,0.9077472971,0.907372400756,229,423,0,5,2,5
343,WLNM_dir_neg_kfold,0.7740528366,0.328266042058,00:00:19,10,80,19,14364,threshold_sweep,0.1,0.959016393443,0.553191489362,0.701649175412,234,10,189,836,0.553191489362,0.988179669031,0.0118203309693,0.446808510638,0.959016393443,0.553191489362,0.701649175412,0.843183609141,0.602574205411,0.605419695968,0.647580308454,0.541371158392,2154,1731,423,0,2154,0,1731,0,423,144,2115,0.10270979021,3.28340051934,29.375,15.4379562044,16.5234375,23.125947344,0.787266292563,0.431540583136,18.7178045265,1.27440371245,0.622363409509,10.41950078,0.709412819061,0.401704097715,1.12585631727,0.342893384662,4.14543900894,3.28340051934,1.12585631727,4.14543900894,0.506274862896,0.548025908195,16217,0.0332762894383,0.115809519663,144,144,144,1,0,0.0486111111111,0.840277777778,0.111111111111,144,0.0821678321678,3.15516664001,23.5,12.6268656716,13.3228346457,18.6352549559,0.792989572593,0.435891121618,14.9995337923,1.27655606743,0.623612752824,8.59866634642,0.731801391185,0.412455673759,1.12152124274,0.355455470567,4.07916214432,3.15516664001,1.12152124274,4.07916214432,0.398073563212,0.443482294727,8604,0.0176548803309,0.0925841204852,144,144,144,1,0,0.0694444444444,0.8125,0.118055555556,144,1936,0.0940170940171,1,26.8888888889,13.6338028169,15.2440944882,20.829346938,0.774645134056,0.428995207759,16.4217908182,1.2214555154,0.603499483471,10.3699254354,0.771316767921,0.432234274564,0,0,0,NaN,NaN,NaN,0.438914040183,0.512231056131,12864,0.0263961390722,0.109620537104,144,144,0,1,2,0.0138888888889,0.868055555556,0.118055555556,-179,-0.0086926961927,-2.28340051934,-2.48611111111,-1.80415338748,-1.27934301181,-2.29660040609,-0.012621158507,-0.00254537537692,-2.29601370838,-0.0529481970453,-0.0188639260377,-0.0495753445751,0.0619039488601,0.0305301768491,-1.12585631727,-0.342893384662,-4.14543900894,NaN,NaN,NaN,-0.0673608227123,-0.0357948520634,-3353,-0.00688015036607,-0.0061889825594,-0.0347222222222,0.0277777777778,0.00694444444444,1926,10,189,18467,0.910638297872,0.9994587866,0.000541213400444,0.0893617021277,0.994834710744,0.910638297872,0.950876326833,0.946665816551,0.910097084472,0.906352941176,244,423,0,5,2,5
344,WLNM_dir_neg_kfold,0.7740528366,0.328266042058,00:00:19,10,80,19,14364,threshold_sweep,0.2,0.962809917355,0.550827423168,0.700751879699,233,9,190,837,0.550827423168,0.989361702128,0.0106382978723,0.449172576832,0.962809917355,0.550827423168,0.700751879699,0.843183609141,0.603099553454,0.604897418928,0.648198911573,0.540189125296,2154,1731,423,0,2154,0,1731,0,423,144,2115,0.10270979021,3.28340051934,29.375,15.4379562044,16.5234375,23.125947344,0.787266292563,0.431540583136,18.7178045265,1.27440371245,0.622363409509,10.41950078,0.709412819061,0.401704097715,1.12585631727,0.342893384662,4.14543900894,3.28340051934,1.12585631727,4.14543900894,0.506274862896,0.548025908195,16217,0.0332762894383,0.115809519663,144,144,144,1,0,0.0486111111111,0.840277777778,0.111111111111,144,0.0821678321678,3.15516664001,23.5,12.6268656716,13.3228346457,18.6352549559,0.792989572593,0.435891121618,14.9995337923,1.27655606743,0.623612752824,8.59866634642,0.731801391185,0.412455673759,1.12152124274,0.355455470567,4.07916214432,3.15516664001,1.12152124274,4.07916214432,0.398073563212,0.443482294727,8604,0.0176548803309,0.0925841204852,144,144,144,1,0,0.0694444444444,0.8125,0.118055555556,144,1934,0.09391996892,1,26.8611111111,13.6197183099,15.2283464567,20.8167533092,0.774977372422,0.429219809261,16.4110881746,1.22192176688,0.603936860853,10.3779303067,0.772710426148,0.432968516603,0,0,0,NaN,NaN,NaN,0.437320072121,0.511649543455,12832,0.0263304770347,0.109742336592,144,144,0,1,2,0.0138888888889,0.868055555556,0.118055555556,-181,-0.00878982128982,-2.28340051934,-2.51388888889,-1.81823789452,-1.29509104331,-2.30919403482,-0.0122889201411,-0.00232077387515,-2.30671635196,-0.0524819455685,-0.0184265486562,-0.0415704732212,0.0632976070869,0.0312644188887,-1.12585631727,-0.342893384662,-4.14543900894,NaN,NaN,NaN,-0.0689547907749,-0.03637636474,-3385,-0.00694581240356,-0.00606718307112,-0.0347222222222,0.0277777777778,0.00694444444444,1925,9,190,18468,0.910165484634,0.99951290794,0.000487092060399,0.0898345153664,0.995346432265,0.910165484634,0.950852062238,0.946668693439,0.909678392573,0.906308851224,242,423,0,5,2,5
345,WLNM_dir_neg_kfold,0.7740528366,0.328266042058,00:00:19,10,80,19,14364,threshold_sweep,0.3,0.966804979253,0.550827423168,0.701807228916,233,8,190,838,0.550827423168,0.990543735225,0.00945626477541,0.449172576832,0.966804979253,0.550827423168,0.701807228916,0.843971631206,0.603362227476,0.606622516556,0.650646954861,0.541371158392,2154,1731,423,0,2154,0,1731,0,423,144,2115,0.10270979021,3.28340051934,29.375,15.4379562044,16.5234375,23.125947344,0.787266292563,0.431540583136,18.7178045265,1.27440371245,0.622363409509,10.41950078,0.709412819061,0.401704097715,1.12585631727,0.342893384662,4.14543900894,3.28340051934,1.12585631727,4.14543900894,0.506274862896,0.548025908195,16217,0.0332762894383,0.115809519663,144,144,144,1,0,0.0486111111111,0.840277777778,0.111111111111,144,0.0821678321678,3.15516664001,23.5,12.6268656716,13.3228346457,18.6352549559,0.792989572593,0.435891121618,14.9995337923,1.27655606743,0.623612752824,8.59866634642,0.731801391185,0.412455673759,1.12152124274,0.355455470567,4.07916214432,3.15516664001,1.12152124274,4.07916214432,0.398073563212,0.443482294727,8604,0.0176548803309,0.0925841204852,144,144,144,1,0,0.0694444444444,0.8125,0.118055555556,144,1933,0.0938714063714,1,26.8472222222,13.7092198582,15.2204724409,20.8243803606,0.775662382807,0.429535264701,16.4165956715,1.22296418867,0.604748663563,10.3792287606,0.773206901983,0.433181726734,0,0,0,NaN,NaN,NaN,0.437861943684,0.511813745695,12831,0.026328425096,0.111122245529,144,144,0,1,2,0.0208333333333,0.861111111111,0.118055555556,-182,-0.00883838383838,-2.28340051934,-2.52777777778,-1.72873634622,-1.30296505906,-2.3015669834,-0.0116039097559,-0.00200531843552,-2.30120885502,-0.0514395237754,-0.0176147459461,-0.0402720193064,0.0637940829224,0.0314776290198,-1.12585631727,-0.342893384662,-4.14543900894,NaN,NaN,NaN,-0.0684129192118,-0.0362121624995,-3386,-0.00694786434223,-0.00468727413439,-0.0277777777778,0.0208333333333,0.00694444444444,1925,8,190,18469,0.910165484634,0.99956702928,0.000432970720355,0.0898345153664,0.995861355406,0.910165484634,0.951086956522,0.946944492726,0.909732513913,0.906735751295,241,423,0,5,2,5
346,WLNM_dir_neg_kfold,0.7740528366,0.328266042058,00:00:19,10,80,19,14364,threshold_sweep,0.4,0.970588235294,0.54609929078,0.698940998487,231,7,192,839,0.54609929078,0.991725768322,0.00827423167849,0.45390070922,0.970588235294,0.54609929078,0.698940998487,0.843183609141,0.60415024954,0.603848706038,0.649499150908,0.537825059102,2154,1731,423,0,2154,0,1731,0,423,144,2115,0.10270979021,3.28340051934,29.375,15.4379562044,16.5234375,23.125947344,0.787266292563,0.431540583136,18.7178045265,1.27440371245,0.622363409509,10.41950078,0.709412819061,0.401704097715,1.12585631727,0.342893384662,4.14543900894,3.28340051934,1.12585631727,4.14543900894,0.506274862896,0.548025908195,16217,0.0332762894383,0.115809519663,144,144,144,1,0,0.0486111111111,0.840277777778,0.111111111111,144,0.0821678321678,3.15516664001,23.5,12.6268656716,13.3228346457,18.6352549559,0.792989572593,0.435891121618,14.9995337923,1.27655606743,0.623612752824,8.59866634642,0.731801391185,0.412455673759,1.12152124274,0.355455470567,4.07916214432,3.15516664001,1.12152124274,4.07916214432,0.398073563212,0.443482294727,8604,0.0176548803309,0.0925841204852,144,144,144,1,0,0.0694444444444,0.8125,0.118055555556,144,1930,0.0937257187257,4.20865706678,26.8055555556,13.8848920863,15.1968503937,20.8163053955,0.776566833407,0.429868307427,16.416484741,1.22485689259,0.606275187104,10.3662439297,0.77343996159,0.433182210708,1.34706958564,0.320071121088,5.05124172638,4.20865706678,1.34706958564,5.05124172638,0.435285858471,0.511242319636,12786,0.0262360878558,0.112986166361,144,144,144,1,0,0.0347222222222,0.847222222222,0.118055555556,-185,-0.00898407148407,0.925256547441,-2.56944444444,-1.55306411805,-1.3265871063,-2.30964194855,-0.010699459156,-0.00167227570973,-2.30131978555,-0.0495468198536,-0.0160882224046,-0.0532568503053,0.0640271425297,0.0314781129934,0.221213268364,-0.0228222635735,0.905802717444,0.925256547441,0.221213268364,0.905802717444,-0.0709890044246,-0.0367835885585,-3431,-0.00704020158246,-0.00282335330197,-0.0138888888889,0.00694444444444,0.00694444444444,1923,7,192,18470,0.909219858156,0.99962115062,0.000378849380311,0.090780141844,0.996373056995,0.909219858156,0.950803461063,0.946675381366,0.908841008776,0.906220546654,238,423,0,5,2,5
347,WLNM_dir_neg_kfold,0.7740528366,0.328266042058,00:00:19,10,80,19,14364,threshold_sweep,0.5,0.987068965517,0.541371158392,0.699236641221,229,3,194,843,0.541371158392,0.996453900709,0.00354609929078,0.458628841608,0.987068965517,0.541371158392,0.699236641221,0.84475965327,0.60572629367,0.606262491672,0.655938357764,0.537825059102,2154,1731,423,0,2154,0,1731,0,423,144,2115,0.10270979021,3.28340051934,29.375,15.4379562044,16.5234375,23.125947344,0.787266292563,0.431540583136,18.7178045265,1.27440371245,0.622363409509,10.41950078,0.709412819061,0.401704097715,1.12585631727,0.342893384662,4.14543900894,3.28340051934,1.12585631727,4.14543900894,0.506274862896,0.548025908195,16217,0.0332762894383,0.115809519663,144,144,144,1,0,0.0486111111111,0.840277777778,0.111111111111,144,0.0821678321678,3.15516664001,23.5,12.6268656716,13.3228346457,18.6352549559,0.792989572593,0.435891121618,14.9995337923,1.27655606743,0.623612752824,8.59866634642,0.731801391185,0.412455673759,1.12152124274,0.355455470567,4.07916214432,3.15516664001,1.12152124274,4.07916214432,0.398073563212,0.443482294727,8604,0.0176548803309,0.0925841204852,144,144,144,1,0,0.0694444444444,0.8125,0.118055555556,144,1924,0.0934343434343,3.16150144365,26.7222222222,14.3582089552,15.1496062992,20.8398637783,0.779870162183,0.431461509587,16.4489509565,1.23110651649,0.610771829522,10.3075850346,0.771461665794,0.432533495033,1.12870795468,0.357016428679,3.98927483669,3.16150144365,1.12870795468,3.98927483669,0.437276918379,0.512636392811,12779,0.0262217242851,0.116121253718,144,144,144,1,0,0.0694444444444,0.8125,0.118055555556,-191,-0.00927544677545,-0.121899075681,-2.65277777778,-1.07974724916,-1.37383120079,-2.2860835657,-0.00739613037982,-7.90735498184e-05,-2.26885357008,-0.0432971959535,-0.011591579987,-0.111915745317,0.0620488467334,0.0308293973188,0.00285163740133,0.014123044017,-0.15616417225,-0.121899075681,0.00285163740133,-0.15616417225,-0.0689979445165,-0.0353895153836,-3438,-0.00705456515316,0.000311734055338,0.0208333333333,-0.0277777777778,0.00694444444444,1921,3,194,18474,0.908274231678,0.99983763598,0.000162364020133,0.0917257683215,0.998440748441,0.908274231678,0.951225550879,0.94723739896,0.908111867658,0.906987724268,232,423,0,5,2,5
348,WLNM_dir_neg_kfold,0.7740528366,0.328266042058,00:00:19,10,80,19,14364,threshold_sweep,0.6,0.987068965517,0.541371158392,0.699236641221,229,3,194,843,0.541371158392,0.996453900709,0.00354609929078,0.458628841608,0.987068965517,0.541371158392,0.699236641221,0.84475965327,0.60572629367,0.606262491672,0.655938357764,0.537825059102,2154,1731,423,0,2154,0,1731,0,423,144,2115,0.10270979021,3.28340051934,29.375,15.4379562044,16.5234375,23.125947344,0.787266292563,0.431540583136,18.7178045265,1.27440371245,0.622363409509,10.41950078,0.709412819061,0.401704097715,1.12585631727,0.342893384662,4.14543900894,3.28340051934,1.12585631727,4.14543900894,0.506274862896,0.548025908195,16217,0.0332762894383,0.115809519663,144,144,144,1,0,0.0486111111111,0.840277777778,0.111111111111,144,0.0821678321678,3.15516664001,23.5,12.6268656716,13.3228346457,18.6352549559,0.792989572593,0.435891121618,14.9995337923,1.27655606743,0.623612752824,8.59866634642,0.731801391185,0.412455673759,1.12152124274,0.355455470567,4.07916214432,3.15516664001,1.12152124274,4.07916214432,0.398073563212,0.443482294727,8604,0.0176548803309,0.0925841204852,144,144,144,1,0,0.0694444444444,0.8125,0.118055555556,144,1924,0.0934343434343,3.16150144365,26.7222222222,14.3582089552,15.1496062992,20.8398637783,0.779870162183,0.431461509587,16.4489509565,1.23110651649,0.610771829522,10.3075850346,0.771461665794,0.432533495033,1.12870795468,0.357016428679,3.98927483669,3.16150144365,1.12870795468,3.98927483669,0.437276918379,0.512636392811,12779,0.0262217242851,0.116121253718,144,144,144,1,0,0.0694444444444,0.8125,0.118055555556,-191,-0.00927544677545,-0.121899075681,-2.65277777778,-1.07974724916,-1.37383120079,-2.2860835657,-0.00739613037982,-7.90735498184e-05,-2.26885357008,-0.0432971959535,-0.011591579987,-0.111915745317,0.0620488467334,0.0308293973188,0.00285163740133,0.014123044017,-0.15616417225,-0.121899075681,0.00285163740133,-0.15616417225,-0.0689979445165,-0.0353895153836,-3438,-0.00705456515316,0.000311734055338,0.0208333333333,-0.0277777777778,0.00694444444444,1921,3,194,18474,0.908274231678,0.99983763598,0.000162364020133,0.0917257683215,0.998440748441,0.908274231678,0.951225550879,0.94723739896,0.908111867658,0.906987724268,232,423,0,5,2,5
349,WLNM_dir_neg_kfold,0.7740528366,0.328266042058,00:00:19,10,80,19,14364,threshold_sweep,0.7,0.987068965517,0.541371158392,0.699236641221,229,3,194,843,0.541371158392,0.996453900709,0.00354609929078,0.458628841608,0.987068965517,0.541371158392,0.699236641221,0.84475965327,0.60572629367,0.606262491672,0.655938357764,0.537825059102,2154,1731,423,0,2154,0,1731,0,423,144,2115,0.10270979021,3.28340051934,29.375,15.4379562044,16.5234375,23.125947344,0.787266292563,0.431540583136,18.7178045265,1.27440371245,0.622363409509,10.41950078,0.709412819061,0.401704097715,1.12585631727,0.342893384662,4.14543900894,3.28340051934,1.12585631727,4.14543900894,0.506274862896,0.548025908195,16217,0.0332762894383,0.115809519663,144,144,144,1,0,0.0486111111111,0.840277777778,0.111111111111,144,0.0821678321678,3.15516664001,23.5,12.6268656716,13.3228346457,18.6352549559,0.792989572593,0.435891121618,14.9995337923,1.27655606743,0.623612752824,8.59866634642,0.731801391185,0.412455673759,1.12152124274,0.355455470567,4.07916214432,3.15516664001,1.12152124274,4.07916214432,0.398073563212,0.443482294727,8604,0.0176548803309,0.0925841204852,144,144,144,1,0,0.0694444444444,0.8125,0.118055555556,144,1924,0.0934343434343,3.16150144365,26.7222222222,14.3582089552,15.1496062992,20.8398637783,0.779870162183,0.431461509587,16.4489509565,1.23110651649,0.610771829522,10.3075850346,0.771461665794,0.432533495033,1.12870795468,0.357016428679,3.98927483669,3.16150144365,1.12870795468,3.98927483669,0.437276918379,0.512636392811,12779,0.0262217242851,0.116121253718,144,144,144,1,0,0.0694444444444,0.8125,0.118055555556,-191,-0.00927544677545,-0.121899075681,-2.65277777778,-1.07974724916,-1.37383120079,-2.2860835657,-0.00739613037982,-7.90735498184e-05,-2.26885357008,-0.0432971959535,-0.011591579987,-0.111915745317,0.0620488467334,0.0308293973188,0.00285163740133,0.014123044017,-0.15616417225,-0.121899075681,0.00285163740133,-0.15616417225,-0.0689979445165,-0.0353895153836,-3438,-0.00705456515316,0.000311734055338,0.0208333333333,-0.0277777777778,0.00694444444444,1921,3,194,18474,0.908274231678,0.99983763598,0.000162364020133,0.0917257683215,0.998440748441,0.908274231678,0.951225550879,0.94723739896,0.908111867658,0.906987724268,232,423,0,5,2,5
350,WLNM_dir_neg_kfold,0.7740528366,0.328266042058,00:00:19,10,80,19,14364,threshold_sweep,0.8,0.987012987013,0.539007092199,0.697247706422,228,3,195,843,0.539007092199,0.996453900709,0.00354609929078,0.460992907801,0.987012987013,0.539007092199,0.697247706422,0.843971631206,0.605988967691,0.604,0.654151795058,0.535460992908,2154,1731,423,0,2154,0,1731,0,423,144,2115,0.10270979021,3.28340051934,29.375,15.4379562044,16.5234375,23.125947344,0.787266292563,0.431540583136,18.7178045265,1.27440371245,0.622363409509,10.41950078,0.709412819061,0.401704097715,1.12585631727,0.342893384662,4.14543900894,3.28340051934,1.12585631727,4.14543900894,0.506274862896,0.548025908195,16217,0.0332762894383,0.115809519663,144,144,144,1,0,0.0486111111111,0.840277777778,0.111111111111,144,0.0821678321678,3.15516664001,23.5,12.6268656716,13.3228346457,18.6352549559,0.792989572593,0.435891121618,14.9995337923,1.27655606743,0.623612752824,8.59866634642,0.731801391185,0.412455673759,1.12152124274,0.355455470567,4.07916214432,3.15516664001,1.12152124274,4.07916214432,0.398073563212,0.443482294727,8604,0.0176548803309,0.0925841204852,144,144,144,1,0,0.0694444444444,0.8125,0.118055555556,144,1923,0.0933857808858,3.15866480397,26.7083333333,14.3507462687,15.1417322835,20.8366524163,0.780155472684,0.431526983302,16.4527162083,1.23202867082,0.611158057433,10.2993439604,0.771245725581,0.43241535217,1.12588761681,0.356444158111,3.98438887567,3.15866480397,1.12588761681,3.98438887567,0.43744304633,0.512700409518,12770,0.0262032568371,0.11581864217,144,144,144,1,0,0.0694444444444,0.8125,0.118055555556,-192,-0.00932400932401,-0.124735715364,-2.66666666667,-1.08720993572,-1.38170521654,-2.28929492778,-0.00711081987943,-1.35998347737e-05,-2.26508831828,-0.0423750416242,-0.0112053520754,-0.120156819587,0.0618329065206,0.0307112544549,3.12995328482e-05,0.0135507734497,-0.161050133272,-0.124735715364,3.12995328482e-05,-0.161050133272,-0.068831816566,-0.0353254986769,-3447,-0.0070730326012,9.1225072239e-06,0.0208333333333,-0.0277777777778,0.00694444444444,1920,3,195,18474,0.90780141844,0.99983763598,0.000162364020133,0.0921985815603,0.998439937598,0.90780141844,0.950965824666,0.946964983173,0.90763905442,0.906515580737,231,423,0,5,2,5
351,WLNM_dir_neg_kfold,0.7740528366,0.328266042058,00:00:19,10,80,19,14364,threshold_sweep,0.9,0.987012987013,0.539007092199,0.697247706422,228,3,195,843,0.539007092199,0.996453900709,0.00354609929078,0.460992907801,0.987012987013,0.539007092199,0.697247706422,0.843971631206,0.605988967691,0.604,0.654151795058,0.535460992908,2154,1731,423,0,2154,0,1731,0,423,144,2115,0.10270979021,3.28340051934,29.375,15.4379562044,16.5234375,23.125947344,0.787266292563,0.431540583136,18.7178045265,1.27440371245,0.622363409509,10.41950078,0.709412819061,0.401704097715,1.12585631727,0.342893384662,4.14543900894,3.28340051934,1.12585631727,4.14543900894,0.506274862896,0.548025908195,16217,0.0332762894383,0.115809519663,144,144,144,1,0,0.0486111111111,0.840277777778,0.111111111111,144,0.0821678321678,3.15516664001,23.5,12.6268656716,13.3228346457,18.6352549559,0.792989572593,0.435891121618,14.9995337923,1.27655606743,0.623612752824,8.59866634642,0.731801391185,0.412455673759,1.12152124274,0.355455470567,4.07916214432,3.15516664001,1.12152124274,4.07916214432,0.398073563212,0.443482294727,8604,0.0176548803309,0.0925841204852,144,144,144,1,0,0.0694444444444,0.8125,0.118055555556,144,1923,0.0933857808858,3.15866480397,26.7083333333,14.3507462687,15.1417322835,20.8366524163,0.780155472684,0.431526983302,16.4527162083,1.23202867082,0.611158057433,10.2993439604,0.771245725581,0.43241535217,1.12588761681,0.356444158111,3.98438887567,3.15866480397,1.12588761681,3.98438887567,0.43744304633,0.512700409518,12770,0.0262032568371,0.11581864217,144,144,144,1,0,0.0694444444444,0.8125,0.118055555556,-192,-0.00932400932401,-0.124735715364,-2.66666666667,-1.08720993572,-1.38170521654,-2.28929492778,-0.00711081987943,-1.35998347737e-05,-2.26508831828,-0.0423750416242,-0.0112053520754,-0.120156819587,0.0618329065206,0.0307112544549,3.12995328482e-05,0.0135507734497,-0.161050133272,-0.124735715364,3.12995328482e-05,-0.161050133272,-0.068831816566,-0.0353254986769,-3447,-0.0070730326012,9.1225072239e-06,0.0208333333333,-0.0277777777778,0.00694444444444,1920,3,195,18474,0.90780141844,0.99983763598,0.000162364020133,0.0921985815603,0.998439937598,0.90780141844,0.950965824666,0.946964983173,0.90763905442,0.906515580737,231,423,0,5,2,5
352,WLNM_dir_neg_kfold,0.882396090069,0.386206150575,00:00:19,10,80,20,14365,threshold_sweep,0.1,0.951612903226,0.557919621749,0.703427719821,236,12,187,834,0.557919621749,0.985815602837,0.0141843971631,0.442080378251,0.951612903226,0.557919621749,0.703427719821,0.843183609141,0.601523509325,0.606460118655,0.646404129742,0.543735224586,2154,1731,423,0,2154,0,1731,0,423,144,2115,0.10270979021,3.28340051934,29.375,15.4379562044,16.5234375,23.125947344,0.787266292563,0.431540583136,18.7178045265,1.27440371245,0.622363409509,10.41950078,0.709412819061,0.401704097715,1.12585631727,0.342893384662,4.14543900894,3.28340051934,1.12585631727,4.14543900894,0.506274862896,0.548025908195,16217,0.0332762894383,0.115809519663,144,144,144,1,0,0.0486111111111,0.840277777778,0.111111111111,144,0.0821678321678,3.15516664001,23.5,12.6268656716,13.3228346457,18.6352549559,0.792989572593,0.435891121618,14.9995337923,1.27655606743,0.623612752824,8.59866634642,0.731801391185,0.412455673759,1.12152124274,0.355455470567,4.07916214432,3.15516664001,1.12152124274,4.07916214432,0.398073563212,0.443482294727,8604,0.0176548803309,0.0925841204852,144,144,144,1,0,0.0694444444444,0.8125,0.118055555556,144,1940,0.0942113442113,4.45835061599,26.9444444444,13.661971831,15.2755905512,20.8161374254,0.772557677642,0.428558132875,16.4150470134,1.21843647935,0.6015965063,10.4124350379,0.77288177601,0.433741408935,1.1766249784,0.263914859944,5.46200116741,4.45835061599,1.1766249784,5.46200116741,0.436151901904,0.509756710632,12844,0.0263551002988,0.111853974799,144,144,144,1,0,0.0138888888889,0.868055555556,0.118055555556,-175,-0.00849844599845,1.17495009665,-2.43055555556,-1.77598437339,-1.24784694882,-2.30980991868,-0.0147086149208,-0.00298245026118,-2.30275751309,-0.0559672330963,-0.0207669032087,-0.00706574204049,0.0634689569494,0.03203731122,0.0507686611264,-0.0789785247174,1.31656215847,1.17495009665,0.0507686611264,1.31656215847,-0.0701229609913,-0.0382691975624,-3373,-0.0069211891395,-0.00395554486417,-0.0347222222222,0.0277777777778,0.00694444444444,1928,12,187,18465,0.91158392435,0.999350543919,0.000649456080533,0.0884160756501,0.99381443299,0.91158392435,0.950924784217,0.946660992617,0.910934468269,0.906440996709,248,423,0,5,2,5
353,WLNM_dir_neg_kfold,0.882396090069,0.386206150575,00:00:19,10,80,20,14365,threshold_sweep,0.2,0.950819672131,0.548463356974,0.695652173913,232,12,191,834,0.548463356974,0.985815602837,0.0141843971631,0.451536643026,0.950819672131,0.548463356974,0.695652173913,0.840031520883,0.602574205411,0.597488433576,0.639096723627,0.534278959811,2154,1731,423,0,2154,0,1731,0,423,144,2115,0.10270979021,3.28340051934,29.375,15.4379562044,16.5234375,23.125947344,0.787266292563,0.431540583136,18.7178045265,1.27440371245,0.622363409509,10.41950078,0.709412819061,0.401704097715,1.12585631727,0.342893384662,4.14543900894,3.28340051934,1.12585631727,4.14543900894,0.506274862896,0.548025908195,16217,0.0332762894383,0.115809519663,144,144,144,1,0,0.0486111111111,0.840277777778,0.111111111111,144,0.0821678321678,3.15516664001,23.5,12.6268656716,13.3228346457,18.6352549559,0.792989572593,0.435891121618,14.9995337923,1.27655606743,0.623612752824,8.59866634642,0.731801391185,0.412455673759,1.12152124274,0.355455470567,4.07916214432,3.15516664001,1.12152124274,4.07916214432,0.398073563212,0.443482294727,8604,0.0176548803309,0.0925841204852,144,144,144,1,0,0.0694444444444,0.8125,0.118055555556,144,1936,0.0940170940171,4.46595851185,26.8888888889,13.6338028169,15.2440944882,20.7829647532,0.772920176771,0.428614985078,16.3842743033,1.21866503082,0.601878156566,10.3995547093,0.773520598209,0.433862775482,1.18160172468,0.264579646575,5.47018112236,4.46595851185,1.18160172468,5.47018112236,0.436232985,0.51000159388,12799,0.0262627630585,0.111269600053,144,144,144,1,0,0.0138888888889,0.868055555556,0.118055555556,-179,-0.0086926961927,1.18255799252,-2.48611111111,-1.80415338748,-1.27934301181,-2.34298259087,-0.0143461157923,-0.00292559805827,-2.33353022328,-0.0557386816242,-0.0204852529431,-0.019946070703,0.0641077791481,0.0321586777674,0.0557454074095,-0.0783137380866,1.32474211342,1.18255799252,0.0557454074095,1.32474211342,-0.0700418778955,-0.0380243143154,-3418,-0.00701352637972,-0.00453991961013,-0.0347222222222,0.0277777777778,0.00694444444444,1924,12,191,18465,0.909692671395,0.999350543919,0.000649456080533,0.0903073286052,0.993801652893,0.909692671395,0.949888916317,0.945569601737,0.909043215314,0.904560413728,244,423,0,5,2,5
354,WLNM_dir_neg_kfold,0.882396090069,0.386206150575,00:00:19,10,80,20,14365,threshold_sweep,0.3,0.950819672131,0.548463356974,0.695652173913,232,12,191,834,0.548463356974,0.985815602837,0.0141843971631,0.451536643026,0.950819672131,0.548463356974,0.695652173913,0.840031520883,0.602574205411,0.597488433576,0.639096723627,0.534278959811,2154,1731,423,0,2154,0,1731,0,423,144,2115,0.10270979021,3.28340051934,29.375,15.4379562044,16.5234375,23.125947344,0.787266292563,0.431540583136,18.7178045265,1.27440371245,0.622363409509,10.41950078,0.709412819061,0.401704097715,1.12585631727,0.342893384662,4.14543900894,3.28340051934,1.12585631727,4.14543900894,0.506274862896,0.548025908195,16217,0.0332762894383,0.115809519663,144,144,144,1,0,0.0486111111111,0.840277777778,0.111111111111,144,0.0821678321678,3.15516664001,23.5,12.6268656716,13.3228346457,18.6352549559,0.792989572593,0.435891121618,14.9995337923,1.27655606743,0.623612752824,8.59866634642,0.731801391185,0.412455673759,1.12152124274,0.355455470567,4.07916214432,3.15516664001,1.12152124274,4.07916214432,0.398073563212,0.443482294727,8604,0.0176548803309,0.0925841204852,144,144,144,1,0,0.0694444444444,0.8125,0.118055555556,144,1936,0.0940170940171,4.46595851185,26.8888888889,13.6338028169,15.2440944882,20.7829647532,0.772920176771,0.428614985078,16.3842743033,1.21866503082,0.601878156566,10.3995547093,0.773520598209,0.433862775482,1.18160172468,0.264579646575,5.47018112236,4.46595851185,1.18160172468,5.47018112236,0.436232985,0.51000159388,12799,0.0262627630585,0.111269600053,144,144,144,1,0,0.0138888888889,0.868055555556,0.118055555556,-179,-0.0086926961927,1.18255799252,-2.48611111111,-1.80415338748,-1.27934301181,-2.34298259087,-0.0143461157923,-0.00292559805827,-2.33353022328,-0.0557386816242,-0.0204852529431,-0.019946070703,0.0641077791481,0.0321586777674,0.0557454074095,-0.0783137380866,1.32474211342,1.18255799252,0.0557454074095,1.32474211342,-0.0700418778955,-0.0380243143154,-3418,-0.00701352637972,-0.00453991961013,-0.0347222222222,0.0277777777778,0.00694444444444,1924,12,191,18465,0.909692671395,0.999350543919,0.000649456080533,0.0903073286052,0.993801652893,0.909692671395,0.949888916317,0.945569601737,0.909043215314,0.904560413728,244,423,0,5,2,5
355,WLNM_dir_neg_kfold,0.882396090069,0.386206150575,00:00:19,10,80,20,14365,threshold_sweep,0.4,0.950819672131,0.548463356974,0.695652173913,232,12,191,834,0.548463356974,0.985815602837,0.0141843971631,0.451536643026,0.950819672131,0.548463356974,0.695652173913,0.840031520883,0.602574205411,0.597488433576,0.639096723627,0.534278959811,2154,1731,423,0,2154,0,1731,0,423,144,2115,0.10270979021,3.28340051934,29.375,15.4379562044,16.5234375,23.125947344,0.787266292563,0.431540583136,18.7178045265,1.27440371245,0.622363409509,10.41950078,0.709412819061,0.401704097715,1.12585631727,0.342893384662,4.14543900894,3.28340051934,1.12585631727,4.14543900894,0.506274862896,0.548025908195,16217,0.0332762894383,0.115809519663,144,144,144,1,0,0.0486111111111,0.840277777778,0.111111111111,144,0.0821678321678,3.15516664001,23.5,12.6268656716,13.3228346457,18.6352549559,0.792989572593,0.435891121618,14.9995337923,1.27655606743,0.623612752824,8.59866634642,0.731801391185,0.412455673759,1.12152124274,0.355455470567,4.07916214432,3.15516664001,1.12152124274,4.07916214432,0.398073563212,0.443482294727,8604,0.0176548803309,0.0925841204852,144,144,144,1,0,0.0694444444444,0.8125,0.118055555556,144,1936,0.0940170940171,4.46595851185,26.8888888889,13.6338028169,15.2440944882,20.7829647532,0.772920176771,0.428614985078,16.3842743033,1.21866503082,0.601878156566,10.3995547093,0.773520598209,0.433862775482,1.18160172468,0.264579646575,5.47018112236,4.46595851185,1.18160172468,5.47018112236,0.436232985,0.51000159388,12799,0.0262627630585,0.111269600053,144,144,144,1,0,0.0138888888889,0.868055555556,0.118055555556,-179,-0.0086926961927,1.18255799252,-2.48611111111,-1.80415338748,-1.27934301181,-2.34298259087,-0.0143461157923,-0.00292559805827,-2.33353022328,-0.0557386816242,-0.0204852529431,-0.019946070703,0.0641077791481,0.0321586777674,0.0557454074095,-0.0783137380866,1.32474211342,1.18255799252,0.0557454074095,1.32474211342,-0.0700418778955,-0.0380243143154,-3418,-0.00701352637972,-0.00453991961013,-0.0347222222222,0.0277777777778,0.00694444444444,1924,12,191,18465,0.909692671395,0.999350543919,0.000649456080533,0.0903073286052,0.993801652893,0.909692671395,0.949888916317,0.945569601737,0.909043215314,0.904560413728,244,423,0,5,2,5
356,WLNM_dir_neg_kfold,0.882396090069,0.386206150575,00:00:19,10,80,20,14365,threshold_sweep,0.5,0.950617283951,0.54609929078,0.693693693694,231,12,192,834,0.54609929078,0.985815602837,0.0141843971631,0.45390070922,0.950617283951,0.54609929078,0.693693693694,0.839243498818,0.602836879433,0.595238095238,0.637265927418,0.531914893617,2154,1731,423,0,2154,0,1731,0,423,144,2115,0.10270979021,3.28340051934,29.375,15.4379562044,16.5234375,23.125947344,0.787266292563,0.431540583136,18.7178045265,1.27440371245,0.622363409509,10.41950078,0.709412819061,0.401704097715,1.12585631727,0.342893384662,4.14543900894,3.28340051934,1.12585631727,4.14543900894,0.506274862896,0.548025908195,16217,0.0332762894383,0.115809519663,144,144,144,1,0,0.0486111111111,0.840277777778,0.111111111111,144,0.0821678321678,3.15516664001,23.5,12.6268656716,13.3228346457,18.6352549559,0.792989572593,0.435891121618,14.9995337923,1.27655606743,0.623612752824,8.59866634642,0.731801391185,0.412455673759,1.12152124274,0.355455470567,4.07916214432,3.15516664001,1.12152124274,4.07916214432,0.398073563212,0.443482294727,8604,0.0176548803309,0.0925841204852,144,144,144,1,0,0.0694444444444,0.8125,0.118055555556,144,1935,0.0939685314685,4.33692041503,26.875,13.7234042553,15.2362204724,20.7852405273,0.773404298689,0.428786247488,16.3897967365,1.21970580364,0.602688056273,10.3900966498,0.773216494867,0.433702985932,1.22544994826,0.282562240252,5.3722974364,4.33692041503,1.22544994826,5.3722974364,0.435870266717,0.510153903405,12795,0.0262545553039,0.111892632583,144,144,144,1,0,0.0208333333333,0.861111111111,0.118055555556,-180,-0.00874125874126,1.05351989569,-2.5,-1.71455194906,-1.28721702756,-2.34070681678,-0.0138619938743,-0.00275433564853,-2.32800779006,-0.0546979088006,-0.0196753532355,-0.0294041301834,0.063803675806,0.0319988882169,0.099593630989,-0.06033114441,1.22685842746,1.05351989569,0.099593630989,1.22685842746,-0.0704045961788,-0.0378720047899,-3422,-0.00702173413441,-0.00391688708047,-0.0277777777778,0.0208333333333,0.00694444444444,1923,12,192,18465,0.909219858156,0.999350543919,0.000649456080533,0.090780141844,0.993798449612,0.909219858156,0.94962962963,0.945296630348,0.908570402075,0.904090267983,243,423,0,5,2,5
357,WLNM_dir_neg_kfold,0.882396090069,0.386206150575,00:00:19,10,80,20,14365,threshold_sweep,0.6,0.987068965517,0.541371158392,0.699236641221,229,3,194,843,0.541371158392,0.996453900709,0.00354609929078,0.458628841608,0.987068965517,0.541371158392,0.699236641221,0.84475965327,0.60572629367,0.606262491672,0.655938357764,0.537825059102,2154,1731,423,0,2154,0,1731,0,423,144,2115,0.10270979021,3.28340051934,29.375,15.4379562044,16.5234375,23.125947344,0.787266292563,0.431540583136,18.7178045265,1.27440371245,0.622363409509,10.41950078,0.709412819061,0.401704097715,1.12585631727,0.342893384662,4.14543900894,3.28340051934,1.12585631727,4.14543900894,0.506274862896,0.548025908195,16217,0.0332762894383,0.115809519663,144,144,144,1,0,0.0486111111111,0.840277777778,0.111111111111,144,0.0821678321678,3.15516664001,23.5,12.6268656716,13.3228346457,18.6352549559,0.792989572593,0.435891121618,14.9995337923,1.27655606743,0.623612752824,8.59866634642,0.731801391185,0.412455673759,1.12152124274,0.355455470567,4.07916214432,3.15516664001,1.12152124274,4.07916214432,0.398073563212,0.443482294727,8604,0.0176548803309,0.0925841204852,144,144,144,1,0,0.0694444444444,0.8125,0.118055555556,144,1924,0.0934343434343,3.47965369891,26.7222222222,14.2518518519,15.1496062992,20.8338228381,0.77964409789,0.431493993994,16.4446990677,1.23078828781,0.609984984985,10.3123329729,0.771817020842,0.432706745207,1.16772411163,0.335586300441,4.25965611055,3.47965369891,1.16772411163,4.25965611055,0.438936311315,0.512311517485,12775,0.0262135165304,0.115101701636,144,144,144,1,0,0.0625,0.819444444444,0.118055555556,-191,-0.00927544677545,0.196253179578,-2.65277777778,-1.18610435253,-1.37383120079,-2.29212450597,-0.00762219467273,-4.65891423338e-05,-2.27310545881,-0.0436154246319,-0.0123784245238,-0.107167807043,0.0624042017808,0.031002647492,0.0418677943594,-0.00730708422061,0.114217101609,0.196253179578,0.0418677943594,0.114217101609,-0.0673385515805,-0.0357143907101,-3442,-0.00706277290784,-0.000707818027105,0.0138888888889,-0.0208333333333,0.00694444444444,1921,3,194,18474,0.908274231678,0.99983763598,0.000162364020133,0.0917257683215,0.998440748441,0.908274231678,0.951225550879,0.94723739896,0.908111867658,0.906987724268,232,423,0,5,2,5
358,WLNM_dir_neg_kfold,0.882396090069,0.386206150575,00:00:19,10,80,20,14365,threshold_sweep,0.7,0.987068965517,0.541371158392,0.699236641221,229,3,194,843,0.541371158392,0.996453900709,0.00354609929078,0.458628841608,0.987068965517,0.541371158392,0.699236641221,0.84475965327,0.60572629367,0.606262491672,0.655938357764,0.537825059102,2154,1731,423,0,2154,0,1731,0,423,144,2115,0.10270979021,3.28340051934,29.375,15.4379562044,16.5234375,23.125947344,0.787266292563,0.431540583136,18.7178045265,1.27440371245,0.622363409509,10.41950078,0.709412819061,0.401704097715,1.12585631727,0.342893384662,4.14543900894,3.28340051934,1.12585631727,4.14543900894,0.506274862896,0.548025908195,16217,0.0332762894383,0.115809519663,144,144,144,1,0,0.0486111111111,0.840277777778,0.111111111111,144,0.0821678321678,3.15516664001,23.5,12.6268656716,13.3228346457,18.6352549559,0.792989572593,0.435891121618,14.9995337923,1.27655606743,0.623612752824,8.59866634642,0.731801391185,0.412455673759,1.12152124274,0.355455470567,4.07916214432,3.15516664001,1.12152124274,4.07916214432,0.398073563212,0.443482294727,8604,0.0176548803309,0.0925841204852,144,144,144,1,0,0.0694444444444,0.8125,0.118055555556,144,1924,0.0934343434343,3.47965369891,26.7222222222,14.2518518519,15.1496062992,20.8338228381,0.77964409789,0.431493993994,16.4446990677,1.23078828781,0.609984984985,10.3123329729,0.771817020842,0.432706745207,1.16772411163,0.335586300441,4.25965611055,3.47965369891,1.16772411163,4.25965611055,0.438936311315,0.512311517485,12775,0.0262135165304,0.115101701636,144,144,144,1,0,0.0625,0.819444444444,0.118055555556,-191,-0.00927544677545,0.196253179578,-2.65277777778,-1.18610435253,-1.37383120079,-2.29212450597,-0.00762219467273,-4.65891423338e-05,-2.27310545881,-0.0436154246319,-0.0123784245238,-0.107167807043,0.0624042017808,0.031002647492,0.0418677943594,-0.00730708422061,0.114217101609,0.196253179578,0.0418677943594,0.114217101609,-0.0673385515805,-0.0357143907101,-3442,-0.00706277290784,-0.000707818027105,0.0138888888889,-0.0208333333333,0.00694444444444,1921,3,194,18474,0.908274231678,0.99983763598,0.000162364020133,0.0917257683215,0.998440748441,0.908274231678,0.951225550879,0.94723739896,0.908111867658,0.906987724268,232,423,0,5,2,5
359,WLNM_dir_neg_kfold,0.882396090069,0.386206150575,00:00:19,10,80,20,14365,threshold_sweep,0.8,0.987068965517,0.541371158392,0.699236641221,229,3,194,843,0.541371158392,0.996453900709,0.00354609929078,0.458628841608,0.987068965517,0.541371158392,0.699236641221,0.84475965327,0.60572629367,0.606262491672,0.655938357764,0.537825059102,2154,1731,423,0,2154,0,1731,0,423,144,2115,0.10270979021,3.28340051934,29.375,15.4379562044,16.5234375,23.125947344,0.787266292563,0.431540583136,18.7178045265,1.27440371245,0.622363409509,10.41950078,0.709412819061,0.401704097715,1.12585631727,0.342893384662,4.14543900894,3.28340051934,1.12585631727,4.14543900894,0.506274862896,0.548025908195,16217,0.0332762894383,0.115809519663,144,144,144,1,0,0.0486111111111,0.840277777778,0.111111111111,144,0.0821678321678,3.15516664001,23.5,12.6268656716,13.3228346457,18.6352549559,0.792989572593,0.435891121618,14.9995337923,1.27655606743,0.623612752824,8.59866634642,0.731801391185,0.412455673759,1.12152124274,0.355455470567,4.07916214432,3.15516664001,1.12152124274,4.07916214432,0.398073563212,0.443482294727,8604,0.0176548803309,0.0925841204852,144,144,144,1,0,0.0694444444444,0.8125,0.118055555556,144,1924,0.0934343434343,3.47965369891,26.7222222222,14.2518518519,15.1496062992,20.8338228381,0.77964409789,0.431493993994,16.4446990677,1.23078828781,0.609984984985,10.3123329729,0.771817020842,0.432706745207,1.16772411163,0.335586300441,4.25965611055,3.47965369891,1.16772411163,4.25965611055,0.438936311315,0.512311517485,12775,0.0262135165304,0.115101701636,144,144,144,1,0,0.0625,0.819444444444,0.118055555556,-191,-0.00927544677545,0.196253179578,-2.65277777778,-1.18610435253,-1.37383120079,-2.29212450597,-0.00762219467273,-4.65891423338e-05,-2.27310545881,-0.0436154246319,-0.0123784245238,-0.107167807043,0.0624042017808,0.031002647492,0.0418677943594,-0.00730708422061,0.114217101609,0.196253179578,0.0418677943594,0.114217101609,-0.0673385515805,-0.0357143907101,-3442,-0.00706277290784,-0.000707818027105,0.0138888888889,-0.0208333333333,0.00694444444444,1921,3,194,18474,0.908274231678,0.99983763598,0.000162364020133,0.0917257683215,0.998440748441,0.908274231678,0.951225550879,0.94723739896,0.908111867658,0.906987724268,232,423,0,5,2,5
360,WLNM_dir_neg_kfold,0.882396090069,0.386206150575,00:00:19,10,80,20,14365,threshold_sweep,0.9,0.987068965517,0.541371158392,0.699236641221,229,3,194,843,0.541371158392,0.996453900709,0.00354609929078,0.458628841608,0.987068965517,0.541371158392,0.699236641221,0.84475965327,0.60572629367,0.606262491672,0.655938357764,0.537825059102,2154,1731,423,0,2154,0,1731,0,423,144,2115,0.10270979021,3.28340051934,29.375,15.4379562044,16.5234375,23.125947344,0.787266292563,0.431540583136,18.7178045265,1.27440371245,0.622363409509,10.41950078,0.709412819061,0.401704097715,1.12585631727,0.342893384662,4.14543900894,3.28340051934,1.12585631727,4.14543900894,0.506274862896,0.548025908195,16217,0.0332762894383,0.115809519663,144,144,144,1,0,0.0486111111111,0.840277777778,0.111111111111,144,0.0821678321678,3.15516664001,23.5,12.6268656716,13.3228346457,18.6352549559,0.792989572593,0.435891121618,14.9995337923,1.27655606743,0.623612752824,8.59866634642,0.731801391185,0.412455673759,1.12152124274,0.355455470567,4.07916214432,3.15516664001,1.12152124274,4.07916214432,0.398073563212,0.443482294727,8604,0.0176548803309,0.0925841204852,144,144,144,1,0,0.0694444444444,0.8125,0.118055555556,144,1924,0.0934343434343,3.47965369891,26.7222222222,14.2518518519,15.1496062992,20.8338228381,0.77964409789,0.431493993994,16.4446990677,1.23078828781,0.609984984985,10.3123329729,0.771817020842,0.432706745207,1.16772411163,0.335586300441,4.25965611055,3.47965369891,1.16772411163,4.25965611055,0.438936311315,0.512311517485,12775,0.0262135165304,0.115101701636,144,144,144,1,0,0.0625,0.819444444444,0.118055555556,-191,-0.00927544677545,0.196253179578,-2.65277777778,-1.18610435253,-1.37383120079,-2.29212450597,-0.00762219467273,-4.65891423338e-05,-2.27310545881,-0.0436154246319,-0.0123784245238,-0.107167807043,0.0624042017808,0.031002647492,0.0418677943594,-0.00730708422061,0.114217101609,0.196253179578,0.0418677943594,0.114217101609,-0.0673385515805,-0.0357143907101,-3442,-0.00706277290784,-0.000707818027105,0.0138888888889,-0.0208333333333,0.00694444444444,1921,3,194,18474,0.908274231678,0.99983763598,0.000162364020133,0.0917257683215,0.998440748441,0.908274231678,0.951225550879,0.94723739896,0.908111867658,0.906987724268,232,423,0,5,2,5
361,WLNM_dir_neg_kfold,0.806722219428,0.625147188349,00:00:19,10,80,1,15346,threshold_sweep,0.1,0.945098039216,0.569739952719,0.710914454277,241,14,182,832,0.569739952719,0.983451536643,0.016548463357,0.430260047281,0.945098039216,0.569739952719,0.710914454277,0.845547675335,0.599684791174,0.614173228346,0.650791373456,0.553191489362,2154,1731,423,0,2154,0,1731,0,423,144,2115,0.10270979021,3.28340051934,29.375,15.4379562044,16.5234375,23.125947344,0.787266292563,0.431540583136,18.7178045265,1.27440371245,0.622363409509,10.41950078,0.709412819061,0.401704097715,1.12585631727,0.342893384662,4.14543900894,3.28340051934,1.12585631727,4.14543900894,0.506274862896,0.548025908195,16217,0.0332762894383,0.115809519663,144,144,144,1,0,0.0486111111111,0.840277777778,0.111111111111,144,0.0821678321678,3.01044400087,23.5,13.21875,13.21875,18.6712448598,0.794521057865,0.429845514841,15.168747776,1.29095725753,0.629646046756,8.3561459313,0.711161355855,0.401768124507,1.07265513114,0.356311271967,3.84221554451,3.01044400087,1.07265513114,3.84221554451,0.407171413243,0.441124136487,8429,0.0172957910634,0.091437418136,144,144,144,1,0,0.111111111111,0.777777777778,0.111111111111,144,1947,0.0945512820513,9.03090834658,27.0416666667,13.6153846154,15.2109375,21.0347281943,0.777863600407,0.427199252411,16.6014443512,1.22784180101,0.60280417166,10.267723037,0.75940016298,0.425915225703,2.16870429582,0.240142432254,10.4263111925,9.03090834658,2.16870429582,10.4263111925,0.449444156253,0.502914756618,12653,0.0259631800125,0.106585796079,144,144,144,1,0,0.00694444444444,0.881944444444,0.111111111111,-168,-0.00815850815851,5.74750782725,-2.33333333333,-1.82257158899,-1.3125,-2.0912191497,-0.00940269215611,-0.00434133072521,-2.11636017535,-0.0465619114331,-0.0195592378487,-0.151777743,0.049987343919,0.0242111279886,1.04284797854,-0.102750952407,6.2808721836,5.74750782725,1.04284797854,6.2808721836,-0.0568307066425,-0.0451111515771,-3564,-0.00731310942579,-0.00922372358379,-0.0416666666667,0.0416666666667,0,1933,14,182,18463,0.913947990544,0.999242301239,0.000757698760621,0.0860520094563,0.992809450437,0.913947990544,0.951747907435,0.947475593265,0.913190291783,0.907937999061,255,423,0,5,3,5
362,WLNM_dir_neg_kfold,0.806722219428,0.625147188349,00:00:19,10,80,1,15346,threshold_sweep,0.2,0.95256916996,0.569739952719,0.713017751479,241,12,182,834,0.569739952719,0.985815602837,0.0141843971631,0.430260047281,0.95256916996,0.569739952719,0.713017751479,0.847123719464,0.600210139217,0.617608409987,0.655504602786,0.555555555556,2154,1731,423,0,2154,0,1731,0,423,144,2115,0.10270979021,3.28340051934,29.375,15.4379562044,16.5234375,23.125947344,0.787266292563,0.431540583136,18.7178045265,1.27440371245,0.622363409509,10.41950078,0.709412819061,0.401704097715,1.12585631727,0.342893384662,4.14543900894,3.28340051934,1.12585631727,4.14543900894,0.506274862896,0.548025908195,16217,0.0332762894383,0.115809519663,144,144,144,1,0,0.0486111111111,0.840277777778,0.111111111111,144,0.0821678321678,3.01044400087,23.5,13.21875,13.21875,18.6712448598,0.794521057865,0.429845514841,15.168747776,1.29095725753,0.629646046756,8.3561459313,0.711161355855,0.401768124507,1.07265513114,0.356311271967,3.84221554451,3.01044400087,1.07265513114,3.84221554451,0.407171413243,0.441124136487,8429,0.0172957910634,0.091437418136,144,144,144,1,0,0.111111111111,0.777777777778,0.111111111111,144,1945,0.0944541569542,9.62943368668,27.0138888889,13.6013986014,15.1953125,21.0430747411,0.778972432577,0.42784204513,16.6102994958,1.22975996267,0.603809625821,10.2622919834,0.759778943757,0.426067552128,2.32202750353,0.241138532035,11.1151955957,9.62943368668,2.32202750353,11.1151955957,0.44866885986,0.503256097723,12648,0.0259529203191,0.107114100048,144,144,144,1,0,0.00694444444444,0.881944444444,0.111111111111,-170,-0.00825563325563,6.34603316734,-2.36111111111,-1.83655760298,-1.328125,-2.08287260291,-0.00829385998644,-0.00369853800636,-2.10750503076,-0.0446437497755,-0.0185537836876,-0.157208796576,0.0503661246958,0.0243634544132,1.19617118626,-0.101754852626,6.96975658679,6.34603316734,1.19617118626,6.96975658679,-0.0576060030357,-0.0447698104722,-3569,-0.00732336911914,-0.00869541961475,-0.0416666666667,0.0416666666667,0,1933,12,182,18465,0.913947990544,0.999350543919,0.000649456080533,0.0860520094563,0.99383033419,0.913947990544,0.952216748768,0.94802412175,0.913298534463,0.908791725435,253,423,0,5,3,5
363,WLNM_dir_neg_kfold,0.806722219428,0.625147188349,00:00:19,10,80,1,15346,threshold_sweep,0.3,0.979079497908,0.553191489362,0.706948640483,234,5,189,841,0.553191489362,0.994089834515,0.00591016548463,0.446808510638,0.979079497908,0.553191489362,0.706948640483,0.847123719464,0.603887575519,0.614058355438,0.659854876143,0.547281323877,2154,1731,423,0,2154,0,1731,0,423,144,2115,0.10270979021,3.28340051934,29.375,15.4379562044,16.5234375,23.125947344,0.787266292563,0.431540583136,18.7178045265,1.27440371245,0.622363409509,10.41950078,0.709412819061,0.401704097715,1.12585631727,0.342893384662,4.14543900894,3.28340051934,1.12585631727,4.14543900894,0.506274862896,0.548025908195,16217,0.0332762894383,0.115809519663,144,144,144,1,0,0.0486111111111,0.840277777778,0.111111111111,144,0.0821678321678,3.01044400087,23.5,13.21875,13.21875,18.6712448598,0.794521057865,0.429845514841,15.168747776,1.29095725753,0.629646046756,8.3561459313,0.711161355855,0.401768124507,1.07265513114,0.356311271967,3.84221554451,3.01044400087,1.07265513114,3.84221554451,0.407171413243,0.441124136487,8429,0.0172957910634,0.091437418136,144,144,144,1,0,0.111111111111,0.777777777778,0.111111111111,144,1931,0.0937742812743,5.23360801552,26.8194444444,14.5187969925,15.0859375,21.1076669787,0.787028494286,0.431433051384,16.6848254807,1.24423349001,0.614142787272,10.183225748,0.759391252055,0.425891161747,2.0165508889,0.385307971656,7.56796794872,5.23360801552,2.0165508889,7.56796794872,0.454645819413,0.50627905734,12632,0.0259200893004,0.115278057517,144,144,144,1,0,0.0763888888889,0.8125,0.111111111111,-184,-0.00893550893551,1.95020749618,-2.55555555556,-0.919159211898,-1.4375,-2.01828036535,-0.000237798277176,-0.000107531752474,-2.03297904585,-0.0301702224304,-0.0082206222368,-0.236275031914,0.0499784329941,0.0241870640322,0.890694571628,0.0424145869945,3.42252893978,1.95020749618,0.890694571628,3.42252893978,-0.0516290434826,-0.0417468508551,-3585,-0.00735620013789,-0.000531462145843,0.0277777777778,-0.0277777777778,0,1926,5,189,18472,0.910638297872,0.9997293933,0.000270606700222,0.0893617021277,0.997410668048,0.910638297872,0.952051408799,0.948045449932,0.910367691172,0.908490566038,239,423,0,5,3,5
364,WLNM_dir_neg_kfold,0.806722219428,0.625147188349,00:00:19,10,80,1,15346,threshold_sweep,0.4,0.978813559322,0.54609929078,0.701062215478,231,5,192,841,0.54609929078,0.994089834515,0.00591016548463,0.45390070922,0.978813559322,0.54609929078,0.701062215478,0.84475965327,0.604675597583,0.6073089701,0.654477981141,0.540189125296,2154,1731,423,0,2154,0,1731,0,423,144,2115,0.10270979021,3.28340051934,29.375,15.4379562044,16.5234375,23.125947344,0.787266292563,0.431540583136,18.7178045265,1.27440371245,0.622363409509,10.41950078,0.709412819061,0.401704097715,1.12585631727,0.342893384662,4.14543900894,3.28340051934,1.12585631727,4.14543900894,0.506274862896,0.548025908195,16217,0.0332762894383,0.115809519663,144,144,144,1,0,0.0486111111111,0.840277777778,0.111111111111,144,0.0821678321678,3.01044400087,23.5,13.21875,13.21875,18.6712448598,0.794521057865,0.429845514841,15.168747776,1.29095725753,0.629646046756,8.3561459313,0.711161355855,0.401768124507,1.07265513114,0.356311271967,3.84221554451,3.01044400087,1.07265513114,3.84221554451,0.407171413243,0.441124136487,8429,0.0172957910634,0.091437418136,144,144,144,1,0,0.111111111111,0.777777777778,0.111111111111,144,1928,0.0936285936286,5.22292456022,26.7777777778,14.4962406015,15.0625,21.0847256697,0.787396394303,0.431481241355,16.6788300604,1.24572174725,0.61440323882,10.156888951,0.758605813766,0.425952339788,2.01298942917,0.385414226448,7.55474237397,5.22292456022,2.01298942917,7.55474237397,0.453936268145,0.506371347027,12597,0.0258482714469,0.11461591473,144,144,144,1,0,0.0763888888889,0.8125,0.111111111111,-187,-0.0090811965812,1.93952404089,-2.59722222222,-0.941715602876,-1.4609375,-2.04122167436,0.000130101740238,-5.93417808645e-05,-2.03897446615,-0.0286819651961,-0.00796017068907,-0.262611828983,0.0491929947048,0.0242482420732,0.887133111899,0.0425208417862,3.40930336503,1.93952404089,0.887133111899,3.40930336503,-0.0523385947505,-0.0416545611675,-3620,-0.0074280179914,-0.00119360493348,0.0277777777778,-0.0277777777778,0,1923,5,192,18472,0.909219858156,0.9997293933,0.000270606700222,0.090780141844,0.997406639004,0.909219858156,0.951273806579,0.947228319799,0.908949251456,0.907075471698,236,423,0,5,3,5
365,WLNM_dir_neg_kfold,0.806722219428,0.625147188349,00:00:19,10,80,1,15346,threshold_sweep,0.5,0.978813559322,0.54609929078,0.701062215478,231,5,192,841,0.54609929078,0.994089834515,0.00591016548463,0.45390070922,0.978813559322,0.54609929078,0.701062215478,0.84475965327,0.604675597583,0.6073089701,0.654477981141,0.540189125296,2154,1731,423,0,2154,0,1731,0,423,144,2115,0.10270979021,3.28340051934,29.375,15.4379562044,16.5234375,23.125947344,0.787266292563,0.431540583136,18.7178045265,1.27440371245,0.622363409509,10.41950078,0.709412819061,0.401704097715,1.12585631727,0.342893384662,4.14543900894,3.28340051934,1.12585631727,4.14543900894,0.506274862896,0.548025908195,16217,0.0332762894383,0.115809519663,144,144,144,1,0,0.0486111111111,0.840277777778,0.111111111111,144,0.0821678321678,3.01044400087,23.5,13.21875,13.21875,18.6712448598,0.794521057865,0.429845514841,15.168747776,1.29095725753,0.629646046756,8.3561459313,0.711161355855,0.401768124507,1.07265513114,0.356311271967,3.84221554451,3.01044400087,1.07265513114,3.84221554451,0.407171413243,0.441124136487,8429,0.0172957910634,0.091437418136,144,144,144,1,0,0.111111111111,0.777777777778,0.111111111111,144,1928,0.0936285936286,5.22292456022,26.7777777778,14.4962406015,15.0625,21.0847256697,0.787396394303,0.431481241355,16.6788300604,1.24572174725,0.61440323882,10.156888951,0.758605813766,0.425952339788,2.01298942917,0.385414226448,7.55474237397,5.22292456022,2.01298942917,7.55474237397,0.453936268145,0.506371347027,12597,0.0258482714469,0.11461591473,144,144,144,1,0,0.0763888888889,0.8125,0.111111111111,-187,-0.0090811965812,1.93952404089,-2.59722222222,-0.941715602876,-1.4609375,-2.04122167436,0.000130101740238,-5.93417808645e-05,-2.03897446615,-0.0286819651961,-0.00796017068907,-0.262611828983,0.0491929947048,0.0242482420732,0.887133111899,0.0425208417862,3.40930336503,1.93952404089,0.887133111899,3.40930336503,-0.0523385947505,-0.0416545611675,-3620,-0.0074280179914,-0.00119360493348,0.0277777777778,-0.0277777777778,0,1923,5,192,18472,0.909219858156,0.9997293933,0.000270606700222,0.090780141844,0.997406639004,0.909219858156,0.951273806579,0.947228319799,0.908949251456,0.907075471698,236,423,0,5,3,5
366,WLNM_dir_neg_kfold,0.806722219428,0.625147188349,00:00:19,10,80,1,15346,threshold_sweep,0.6,0.978813559322,0.54609929078,0.701062215478,231,5,192,841,0.54609929078,0.994089834515,0.00591016548463,0.45390070922,0.978813559322,0.54609929078,0.701062215478,0.84475965327,0.604675597583,0.6073089701,0.654477981141,0.540189125296,2154,1731,423,0,2154,0,1731,0,423,144,2115,0.10270979021,3.28340051934,29.375,15.4379562044,16.5234375,23.125947344,0.787266292563,0.431540583136,18.7178045265,1.27440371245,0.622363409509,10.41950078,0.709412819061,0.401704097715,1.12585631727,0.342893384662,4.14543900894,3.28340051934,1.12585631727,4.14543900894,0.506274862896,0.548025908195,16217,0.0332762894383,0.115809519663,144,144,144,1,0,0.0486111111111,0.840277777778,0.111111111111,144,0.0821678321678,3.01044400087,23.5,13.21875,13.21875,18.6712448598,0.794521057865,0.429845514841,15.168747776,1.29095725753,0.629646046756,8.3561459313,0.711161355855,0.401768124507,1.07265513114,0.356311271967,3.84221554451,3.01044400087,1.07265513114,3.84221554451,0.407171413243,0.441124136487,8429,0.0172957910634,0.091437418136,144,144,144,1,0,0.111111111111,0.777777777778,0.111111111111,144,1928,0.0936285936286,5.22292456022,26.7777777778,14.4962406015,15.0625,21.0847256697,0.787396394303,0.431481241355,16.6788300604,1.24572174725,0.61440323882,10.156888951,0.758605813766,0.425952339788,2.01298942917,0.385414226448,7.55474237397,5.22292456022,2.01298942917,7.55474237397,0.453936268145,0.506371347027,12597,0.0258482714469,0.11461591473,144,144,144,1,0,0.0763888888889,0.8125,0.111111111111,-187,-0.0090811965812,1.93952404089,-2.59722222222,-0.941715602876,-1.4609375,-2.04122167436,0.000130101740238,-5.93417808645e-05,-2.03897446615,-0.0286819651961,-0.00796017068907,-0.262611828983,0.0491929947048,0.0242482420732,0.887133111899,0.0425208417862,3.40930336503,1.93952404089,0.887133111899,3.40930336503,-0.0523385947505,-0.0416545611675,-3620,-0.0074280179914,-0.00119360493348,0.0277777777778,-0.0277777777778,0,1923,5,192,18472,0.909219858156,0.9997293933,0.000270606700222,0.090780141844,0.997406639004,0.909219858156,0.951273806579,0.947228319799,0.908949251456,0.907075471698,236,423,0,5,3,5
367,WLNM_dir_neg_kfold,0.806722219428,0.625147188349,00:00:19,10,80,1,15346,threshold_sweep,0.7,0.982905982906,0.543735224586,0.700152207002,230,4,193,842,0.543735224586,0.995271867612,0.00472813238771,0.456264775414,0.982905982906,0.543735224586,0.700152207002,0.84475965327,0.605200945626,0.606786427146,0.655196760142,0.539007092199,2154,1731,423,0,2154,0,1731,0,423,144,2115,0.10270979021,3.28340051934,29.375,15.4379562044,16.5234375,23.125947344,0.787266292563,0.431540583136,18.7178045265,1.27440371245,0.622363409509,10.41950078,0.709412819061,0.401704097715,1.12585631727,0.342893384662,4.14543900894,3.28340051934,1.12585631727,4.14543900894,0.506274862896,0.548025908195,16217,0.0332762894383,0.115809519663,144,144,144,1,0,0.0486111111111,0.840277777778,0.111111111111,144,0.0821678321678,3.01044400087,23.5,13.21875,13.21875,18.6712448598,0.794521057865,0.429845514841,15.168747776,1.29095725753,0.629646046756,8.3561459313,0.711161355855,0.401768124507,1.07265513114,0.356311271967,3.84221554451,3.01044400087,1.07265513114,3.84221554451,0.407171413243,0.441124136487,8429,0.0172957910634,0.091437418136,144,144,144,1,0,0.111111111111,0.777777777778,0.111111111111,144,1926,0.0935314685315,3.17300732585,26.75,14.5909090909,15.046875,21.074128241,0.787817878169,0.431662484135,16.6866954247,1.24760339624,0.615315276336,10.1677365787,0.760204604011,0.426870601131,1.09388758382,0.344747891031,4.01630035843,3.17300732585,1.09388758382,4.01630035843,0.453046341279,0.506926546392,12588,0.0258298039988,0.116442759377,144,144,144,1,0,0.0833333333333,0.805555555556,0.111111111111,-189,-0.00917832167832,-0.110393193481,-2.625,-0.84704711347,-1.4765625,-2.05181910302,0.000551585605746,0.000121900998898,-2.03110910187,-0.0268003162079,-0.00704813317327,-0.251764201303,0.0507917849506,0.025166503416,-0.0319687334594,0.00185450636967,-0.129138650509,-0.110393193481,-0.0319687334594,-0.129138650509,-0.0532285216172,-0.0410993618031,-3629,-0.00744648543944,0.000633239713765,0.0347222222222,-0.0347222222222,0,1922,4,193,18473,0.908747044917,0.99978351464,0.000216485360178,0.0912529550827,0.997923156802,0.908747044917,0.951249690671,0.947232701881,0.908530559557,0.907031618688,234,423,0,5,3,5
368,WLNM_dir_neg_kfold,0.806722219428,0.625147188349,00:00:19,10,80,1,15346,threshold_sweep,0.8,0.982832618026,0.541371158392,0.698170731707,229,4,194,842,0.541371158392,0.995271867612,0.00472813238771,0.458628841608,0.982832618026,0.541371158392,0.698170731707,0.843971631206,0.605463619648,0.604527296937,0.653405847554,0.536643026005,2154,1731,423,0,2154,0,1731,0,423,144,2115,0.10270979021,3.28340051934,29.375,15.4379562044,16.5234375,23.125947344,0.787266292563,0.431540583136,18.7178045265,1.27440371245,0.622363409509,10.41950078,0.709412819061,0.401704097715,1.12585631727,0.342893384662,4.14543900894,3.28340051934,1.12585631727,4.14543900894,0.506274862896,0.548025908195,16217,0.0332762894383,0.115809519663,144,144,144,1,0,0.0486111111111,0.840277777778,0.111111111111,144,0.0821678321678,3.01044400087,23.5,13.21875,13.21875,18.6712448598,0.794521057865,0.429845514841,15.168747776,1.29095725753,0.629646046756,8.3561459313,0.711161355855,0.401768124507,1.07265513114,0.356311271967,3.84221554451,3.01044400087,1.07265513114,3.84221554451,0.407171413243,0.441124136487,8429,0.0172957910634,0.091437418136,144,144,144,1,0,0.111111111111,0.777777777778,0.111111111111,144,1925,0.0934829059829,3.1744964111,26.7361111111,14.5833333333,15.0390625,21.0719666329,0.788146284451,0.43174963925,16.6895748741,1.24846689968,0.615508658009,10.1538834954,0.759563232905,0.426590909091,1.09509607236,0.344966864203,4.01888287385,3.1744964111,1.09509607236,4.01888287385,0.453343949444,0.507328344775,12588,0.0258298039988,0.116141910304,144,144,144,1,0,0.0833333333333,0.805555555556,0.111111111111,-190,-0.00922688422688,-0.108904108237,-2.63888888889,-0.854622871046,-1.484375,-2.05398071115,0.000879991887923,0.000209056113311,-2.0282296524,-0.0259368127695,-0.00685475150014,-0.265617284522,0.0501504138444,0.0248868113762,-0.0307602449148,0.00207347954126,-0.126556135092,-0.108904108237,-0.0307602449148,-0.126556135092,-0.0529309134519,-0.0406975634201,-3629,-0.00744648543944,0.00033239064123,0.0347222222222,-0.0347222222222,0,1921,4,194,18473,0.908274231678,0.99978351464,0.000216485360178,0.0917257683215,0.997922077922,0.908274231678,0.95099009901,0.946960256381,0.908057746318,0.906559697971,233,423,0,5,3,5
369,WLNM_dir_neg_kfold,0.806722219428,0.625147188349,00:00:19,10,80,1,15346,threshold_sweep,0.9,0.991228070175,0.534278959811,0.694316436252,226,2,197,844,0.534278959811,0.997635933806,0.00236406619385,0.465721040189,0.991228070175,0.534278959811,0.694316436252,0.843183609141,0.606776989756,0.60120240481,0.653137662602,0.531914893617,2154,1731,423,0,2154,0,1731,0,423,144,2115,0.10270979021,3.28340051934,29.375,15.4379562044,16.5234375,23.125947344,0.787266292563,0.431540583136,18.7178045265,1.27440371245,0.622363409509,10.41950078,0.709412819061,0.401704097715,1.12585631727,0.342893384662,4.14543900894,3.28340051934,1.12585631727,4.14543900894,0.506274862896,0.548025908195,16217,0.0332762894383,0.115809519663,144,144,144,1,0,0.0486111111111,0.840277777778,0.111111111111,144,0.0821678321678,3.01044400087,23.5,13.21875,13.21875,18.6712448598,0.794521057865,0.429845514841,15.168747776,1.29095725753,0.629646046756,8.3561459313,0.711161355855,0.401768124507,1.07265513114,0.356311271967,3.84221554451,3.01044400087,1.07265513114,3.84221554451,0.407171413243,0.441124136487,8429,0.0172957910634,0.091437418136,144,144,144,1,0,0.111111111111,0.777777777778,0.111111111111,144,1920,0.0932400932401,2.99696114754,26.6666666667,15,15,21.0971777518,0.791144165692,0.43310546875,16.7139655186,1.25354741389,0.618655960648,10.1140351143,0.758552633574,0.426186342593,1.06367443099,0.354917657795,3.84296122347,2.99696114754,1.06367443099,3.84296122347,0.457041067339,0.508478000296,12585,0.0258236481828,0.117407756914,144,144,144,1,0,0.111111111111,0.777777777778,0.111111111111,-195,-0.0094696969697,-0.286439371796,-2.70833333333,-0.43795620438,-1.5234375,-2.02876959225,0.00387787312922,0.00156488561367,-2.00383900795,-0.0208562985509,-0.00370744886065,-0.305465665635,0.0491398145132,0.0244822448779,-0.062181886286,0.0120242731338,-0.302477785466,-0.286439371796,-0.062181886286,-0.302477785466,-0.0492337955562,-0.0395479078986,-3632,-0.00745264125546,0.00159823725056,0.0625,-0.0625,0,1918,2,197,18475,0.906855791962,0.99989175732,0.000108242680089,0.0931442080378,0.998958333333,0.906855791962,0.950681536555,0.946697591048,0.906747549282,0.905999055267,228,423,0,5,3,5
370,WLNM_dir_neg_kfold,0.874148405233,0.436971525425,00:00:19,10,80,2,15347,threshold_sweep,0.1,0.937007874016,0.562647754137,0.703101920236,238,16,185,830,0.562647754137,0.981087470449,0.0189125295508,0.437352245863,0.937007874016,0.562647754137,0.703101920236,0.841607565012,0.599947465196,0.604070912672,0.640608879907,0.543735224586,2154,1731,423,0,2154,0,1731,0,423,144,2115,0.10270979021,3.28340051934,29.375,15.4379562044,16.5234375,23.125947344,0.787266292563,0.431540583136,18.7178045265,1.27440371245,0.622363409509,10.41950078,0.709412819061,0.401704097715,1.12585631727,0.342893384662,4.14543900894,3.28340051934,1.12585631727,4.14543900894,0.506274862896,0.548025908195,16217,0.0332762894383,0.115809519663,144,144,144,1,0,0.0486111111111,0.840277777778,0.111111111111,144,0.0821678321678,3.01044400087,23.5,13.21875,13.21875,18.6712448598,0.794521057865,0.429845514841,15.168747776,1.29095725753,0.629646046756,8.3561459313,0.711161355855,0.401768124507,1.07265513114,0.356311271967,3.84221554451,3.01044400087,1.07265513114,3.84221554451,0.407171413243,0.441124136487,8429,0.0172957910634,0.091437418136,144,144,144,1,0,0.111111111111,0.777777777778,0.111111111111,144,1946,0.0945027195027,1,27.0277777778,13.7042253521,15.203125,21.0254406153,0.777919693887,0.427325996346,16.5917605768,1.22775617834,0.602967625899,10.2901855007,0.761452575588,0.427165410529,0,0,0,NaN,NaN,NaN,0.448988064793,0.502171228238,12605,0.0258646869562,0.109120721982,144,144,0,1,2,0.0138888888889,0.875,0.111111111111,-169,-0.00820707070707,-2.28340051934,-2.34722222222,-1.73373085227,-1.3203125,-2.1005067287,-0.009346598676,-0.00421458679055,-2.12604394978,-0.0466475341032,-0.0193957836095,-0.129315279299,0.0520397565273,0.025461312814,-1.12585631727,-0.342893384662,-4.14543900894,NaN,NaN,NaN,-0.0572867981028,-0.045854679957,-3612,-0.00741160248203,-0.00668879768058,-0.0347222222222,0.0347222222222,0,1930,16,185,18461,0.912529550827,0.999134058559,0.00086594144071,0.0874704491726,0.991778006166,0.912529550827,0.950504801773,0.946109224598,0.911663609387,0.905678085406,254,423,0,5,3,5
371,WLNM_dir_neg_kfold,0.874148405233,0.436971525425,00:00:19,10,80,2,15347,threshold_sweep,0.2,0.940711462451,0.562647754137,0.704142011834,238,15,185,831,0.562647754137,0.982269503546,0.0177304964539,0.437352245863,0.940711462451,0.562647754137,0.704142011834,0.842395587076,0.600210139217,0.605781865966,0.642952386988,0.544917257683,2154,1731,423,0,2154,0,1731,0,423,144,2115,0.10270979021,3.28340051934,29.375,15.4379562044,16.5234375,23.125947344,0.787266292563,0.431540583136,18.7178045265,1.27440371245,0.622363409509,10.41950078,0.709412819061,0.401704097715,1.12585631727,0.342893384662,4.14543900894,3.28340051934,1.12585631727,4.14543900894,0.506274862896,0.548025908195,16217,0.0332762894383,0.115809519663,144,144,144,1,0,0.0486111111111,0.840277777778,0.111111111111,144,0.0821678321678,3.01044400087,23.5,13.21875,13.21875,18.6712448598,0.794521057865,0.429845514841,15.168747776,1.29095725753,0.629646046756,8.3561459313,0.711161355855,0.401768124507,1.07265513114,0.356311271967,3.84221554451,3.01044400087,1.07265513114,3.84221554451,0.407171413243,0.441124136487,8429,0.0172957910634,0.091437418136,144,144,144,1,0,0.111111111111,0.777777777778,0.111111111111,144,1945,0.0944541569542,1,27.0138888889,13.6971830986,15.1953125,21.0267848202,0.778369412368,0.427517137961,16.5942936218,1.22857495195,0.603131248215,10.277952864,0.76093841255,0.426924450157,0,0,0,NaN,NaN,NaN,0.448751649221,0.502219151141,12598,0.0258503233855,0.109259898088,144,144,0,1,2,0.0138888888889,0.875,0.111111111111,-170,-0.00825563325563,-2.28340051934,-2.36111111111,-1.74077310579,-1.328125,-2.09916252383,-0.00889688019525,-0.00402344517575,-2.12351090469,-0.0458287604935,-0.019232161294,-0.141547915994,0.0515255934896,0.0252203524424,-1.12585631727,-0.342893384662,-4.14543900894,NaN,NaN,NaN,-0.0575232136742,-0.0458067570534,-3619,-0.00742596605273,-0.00654962157474,-0.0347222222222,0.0347222222222,0,1930,15,185,18462,0.912529550827,0.999188179899,0.000811820100666,0.0874704491726,0.992287917738,0.912529550827,0.950738916256,0.946383212433,0.911717730727,0.906103286385,253,423,0,5,3,5
372,WLNM_dir_neg_kfold,0.874148405233,0.436971525425,00:00:19,10,80,2,15347,threshold_sweep,0.3,0.966527196653,0.54609929078,0.697885196375,231,8,192,838,0.54609929078,0.990543735225,0.00945626477541,0.45390070922,0.966527196653,0.54609929078,0.697885196375,0.842395587076,0.603887575519,0.602122015915,0.647028323475,0.536643026005,2154,1731,423,0,2154,0,1731,0,423,144,2115,0.10270979021,3.28340051934,29.375,15.4379562044,16.5234375,23.125947344,0.787266292563,0.431540583136,18.7178045265,1.27440371245,0.622363409509,10.41950078,0.709412819061,0.401704097715,1.12585631727,0.342893384662,4.14543900894,3.28340051934,1.12585631727,4.14543900894,0.506274862896,0.548025908195,16217,0.0332762894383,0.115809519663,144,144,144,1,0,0.0486111111111,0.840277777778,0.111111111111,144,0.0821678321678,3.01044400087,23.5,13.21875,13.21875,18.6712448598,0.794521057865,0.429845514841,15.168747776,1.29095725753,0.629646046756,8.3561459313,0.711161355855,0.401768124507,1.07265513114,0.356311271967,3.84221554451,3.01044400087,1.07265513114,3.84221554451,0.407171413243,0.441124136487,8429,0.0172957910634,0.091437418136,144,144,144,1,0,0.111111111111,0.777777777778,0.111111111111,144,1931,0.0937742812743,3.69394845346,26.8194444444,14.4104477612,15.0859375,21.0794875197,0.785977784268,0.430969129409,16.6655346352,1.24279491842,0.612711462109,10.1866587606,0.759647261279,0.426488146614,1.14636717451,0.310336537975,4.50249556983,3.69394845346,1.14636717451,4.50249556983,0.453226504557,0.505122333374,12573,0.0257990249187,0.114100869185,144,144,144,1,0,0.0694444444444,0.819444444444,0.111111111111,-184,-0.00893550893551,0.410547934124,-2.55555555556,-1.02750844319,-1.4375,-2.0464598243,-0.00128850829535,-0.000571453727271,-2.05226989132,-0.0316087940242,-0.00965194739936,-0.232842019326,0.0502344422187,0.024784048899,0.0205108572306,-0.0325568466865,0.357056560889,0.410547934124,0.0205108572306,0.357056560889,-0.0530483583386,-0.0429035748214,-3644,-0.00747726451952,-0.00170865047826,0.0208333333333,-0.0208333333333,0,1923,8,192,18469,0.909219858156,0.99956702928,0.000432970720355,0.090780141844,0.995857068876,0.909219858156,0.950568462679,0.946399220827,0.908786887436,0.905793688177,239,423,0,5,3,5
373,WLNM_dir_neg_kfold,0.874148405233,0.436971525425,00:00:19,10,80,2,15347,threshold_sweep,0.4,0.978813559322,0.54609929078,0.701062215478,231,5,192,841,0.54609929078,0.994089834515,0.00591016548463,0.45390070922,0.978813559322,0.54609929078,0.701062215478,0.84475965327,0.604675597583,0.6073089701,0.654477981141,0.540189125296,2154,1731,423,0,2154,0,1731,0,423,144,2115,0.10270979021,3.28340051934,29.375,15.4379562044,16.5234375,23.125947344,0.787266292563,0.431540583136,18.7178045265,1.27440371245,0.622363409509,10.41950078,0.709412819061,0.401704097715,1.12585631727,0.342893384662,4.14543900894,3.28340051934,1.12585631727,4.14543900894,0.506274862896,0.548025908195,16217,0.0332762894383,0.115809519663,144,144,144,1,0,0.0486111111111,0.840277777778,0.111111111111,144,0.0821678321678,3.01044400087,23.5,13.21875,13.21875,18.6712448598,0.794521057865,0.429845514841,15.168747776,1.29095725753,0.629646046756,8.3561459313,0.711161355855,0.401768124507,1.07265513114,0.356311271967,3.84221554451,3.01044400087,1.07265513114,3.84221554451,0.407171413243,0.441124136487,8429,0.0172957910634,0.091437418136,144,144,144,1,0,0.111111111111,0.777777777778,0.111111111111,144,1928,0.0936285936286,3.33318441528,26.7777777778,14.4962406015,15.0625,21.0963306538,0.787829775454,0.431891856846,16.6796685882,1.24578437588,0.614468072845,10.1823315444,0.760506090452,0.426932053942,1.11433335894,0.334314943341,4.14235822124,3.33318441528,1.11433335894,4.14235822124,0.453903620605,0.505646004882,12568,0.0257887652254,0.11566404391,144,144,144,1,0,0.0763888888889,0.8125,0.111111111111,-187,-0.0090811965812,0.0497838959484,-2.59722222222,-0.941715602876,-1.4609375,-2.02961669023,0.000563482890577,0.000351273710145,-2.03813593836,-0.0286193365649,-0.00789533666417,-0.237169235566,0.0510932713915,0.0252279562272,-0.0115229583333,-0.00857844132042,-0.00308078769426,0.0497838959484,-0.0115229583333,-0.00308078769426,-0.052371242291,-0.0423799033133,-3649,-0.00748752421288,-0.000145475753305,0.0277777777778,-0.0277777777778,0,1923,5,192,18472,0.909219858156,0.9997293933,0.000270606700222,0.090780141844,0.997406639004,0.909219858156,0.951273806579,0.947228319799,0.908949251456,0.907075471698,236,423,0,5,3,5
374,WLNM_dir_neg_kfold,0.874148405233,0.436971525425,00:00:19,10,80,2,15347,threshold_sweep,0.5,0.987179487179,0.54609929078,0.703196347032,231,3,192,843,0.54609929078,0.996453900709,0.00354609929078,0.45390070922,0.987179487179,0.54609929078,0.703196347032,0.8463356974,0.605200945626,0.610778443114,0.659507265143,0.542553191489,2154,1731,423,0,2154,0,1731,0,423,144,2115,0.10270979021,3.28340051934,29.375,15.4379562044,16.5234375,23.125947344,0.787266292563,0.431540583136,18.7178045265,1.27440371245,0.622363409509,10.41950078,0.709412819061,0.401704097715,1.12585631727,0.342893384662,4.14543900894,3.28340051934,1.12585631727,4.14543900894,0.506274862896,0.548025908195,16217,0.0332762894383,0.115809519663,144,144,144,1,0,0.0486111111111,0.840277777778,0.111111111111,144,0.0821678321678,3.01044400087,23.5,13.21875,13.21875,18.6712448598,0.794521057865,0.429845514841,15.168747776,1.29095725753,0.629646046756,8.3561459313,0.711161355855,0.401768124507,1.07265513114,0.356311271967,3.84221554451,3.01044400087,1.07265513114,3.84221554451,0.407171413243,0.441124136487,8429,0.0172957910634,0.091437418136,144,144,144,1,0,0.111111111111,0.777777777778,0.111111111111,144,1926,0.0935314685315,3.05049067375,26.75,14.5909090909,15.046875,21.0956861,0.788623779438,0.432221356871,16.6871144962,1.24763472869,0.615351332641,10.1828561534,0.761335039506,0.427288854275,1.04806021891,0.34357102873,3.89785942488,3.05049067375,1.04806021891,3.89785942488,0.453458360833,0.50599642766,12559,0.0257702977773,0.116915613283,144,144,144,1,0,0.0833333333333,0.805555555556,0.111111111111,-189,-0.00917832167832,-0.232909845585,-2.625,-0.84704711347,-1.4765625,-2.03026124408,0.00135748687453,0.000680773734562,-2.03069003032,-0.0267689837562,-0.00701207686775,-0.236644626569,0.0519222204447,0.0255847565601,-0.0777960983627,0.000677644068448,-0.247579584054,-0.232909845585,-0.0777960983627,-0.247579584054,-0.0528165020625,-0.0420294805348,-3658,-0.00750599166092,0.00110609362012,0.0347222222222,-0.0347222222222,0,1923,3,192,18474,0.909219858156,0.99983763598,0.000162364020133,0.090780141844,0.998442367601,0.909219858156,0.951744617669,0.947782083142,0.909057494136,0.907932011331,234,423,0,5,3,5
375,WLNM_dir_neg_kfold,0.874148405233,0.436971525425,00:00:19,10,80,2,15347,threshold_sweep,0.6,0.987124463519,0.543735224586,0.701219512195,230,3,193,843,0.543735224586,0.996453900709,0.00354609929078,0.456264775414,0.987124463519,0.543735224586,0.701219512195,0.845547675335,0.605463619648,0.608521970706,0.657723507339,0.540189125296,2154,1731,423,0,2154,0,1731,0,423,144,2115,0.10270979021,3.28340051934,29.375,15.4379562044,16.5234375,23.125947344,0.787266292563,0.431540583136,18.7178045265,1.27440371245,0.622363409509,10.41950078,0.709412819061,0.401704097715,1.12585631727,0.342893384662,4.14543900894,3.28340051934,1.12585631727,4.14543900894,0.506274862896,0.548025908195,16217,0.0332762894383,0.115809519663,144,144,144,1,0,0.0486111111111,0.840277777778,0.111111111111,144,0.0821678321678,3.01044400087,23.5,13.21875,13.21875,18.6712448598,0.794521057865,0.429845514841,15.168747776,1.29095725753,0.629646046756,8.3561459313,0.711161355855,0.401768124507,1.07265513114,0.356311271967,3.84221554451,3.01044400087,1.07265513114,3.84221554451,0.407171413243,0.441124136487,8429,0.0172957910634,0.091437418136,144,144,144,1,0,0.111111111111,0.777777777778,0.111111111111,144,1925,0.0934829059829,3.04889550058,26.7361111111,14.5833333333,15.0390625,21.0839103176,0.788593009282,0.432175324675,16.6899938734,1.248498243,0.615544733045,10.1587032704,0.759923777113,0.426994949495,1.0471871267,0.343464420639,3.89237177014,3.04889550058,1.0471871267,3.89237177014,0.453637834402,0.506514460893,12557,0.0257661939,0.11637647582,144,144,144,1,0,0.0833333333333,0.805555555556,0.111111111111,-190,-0.00922688422688,-0.234505018753,-2.63888888889,-0.854622871046,-1.484375,-2.04203702643,0.0013267167191,0.000634741538997,-2.02781065316,-0.0259054694496,-0.00681867646407,-0.26079750952,0.0505109580523,0.0252908517802,-0.0786691905791,0.000571035977114,-0.253067238797,-0.234505018753,-0.0786691905791,-0.253067238797,-0.0526370284941,-0.0415114473018,-3660,-0.00751009553826,0.000566956157095,0.0347222222222,-0.0347222222222,0,1922,3,193,18474,0.908747044917,0.99983763598,0.000162364020133,0.0912529550827,0.998441558442,0.908747044917,0.951485148515,0.947509765601,0.908584680897,0.9074598678,233,423,0,5,3,5
376,WLNM_dir_neg_kfold,0.874148405233,0.436971525425,00:00:19,10,80,2,15347,threshold_sweep,0.7,0.987068965517,0.541371158392,0.699236641221,229,3,194,843,0.541371158392,0.996453900709,0.00354609929078,0.458628841608,0.987068965517,0.541371158392,0.699236641221,0.84475965327,0.60572629367,0.606262491672,0.655938357764,0.537825059102,2154,1731,423,0,2154,0,1731,0,423,144,2115,0.10270979021,3.28340051934,29.375,15.4379562044,16.5234375,23.125947344,0.787266292563,0.431540583136,18.7178045265,1.27440371245,0.622363409509,10.41950078,0.709412819061,0.401704097715,1.12585631727,0.342893384662,4.14543900894,3.28340051934,1.12585631727,4.14543900894,0.506274862896,0.548025908195,16217,0.0332762894383,0.115809519663,144,144,144,1,0,0.0486111111111,0.840277777778,0.111111111111,144,0.0821678321678,3.01044400087,23.5,13.21875,13.21875,18.6712448598,0.794521057865,0.429845514841,15.168747776,1.29095725753,0.629646046756,8.3561459313,0.711161355855,0.401768124507,1.07265513114,0.356311271967,3.84221554451,3.01044400087,1.07265513114,3.84221554451,0.407171413243,0.441124136487,8429,0.0172957910634,0.091437418136,144,144,144,1,0,0.111111111111,0.777777777778,0.111111111111,144,1924,0.0934343434343,3.0540265947,26.7222222222,14.5757575758,15.03125,21.0807453473,0.788884441271,0.432237525988,16.6932887612,1.24939375344,0.615767209517,10.148968125,0.759590129935,0.426816239316,1.0502855341,0.343901895263,3.89987167737,3.0540265947,1.0502855341,3.89987167737,0.451965759791,0.505840241145,12530,0.0257107915559,0.11621802631,144,144,144,1,0,0.0833333333333,0.805555555556,0.111111111111,-191,-0.00927544677545,-0.229373924637,-2.65277777778,-0.862198628622,-1.4921875,-2.04520199674,0.00161814870804,0.000696942851198,-2.02451576531,-0.0250099590057,-0.00659619999159,-0.270532654991,0.0501773108742,0.0251121416015,-0.0755707831731,0.00100851060173,-0.245567331566,-0.229373924637,-0.0755707831731,-0.245567331566,-0.0543091031052,-0.0421856670494,-3687,-0.0075654978824,0.000408506646768,0.0347222222222,-0.0347222222222,0,1921,3,194,18474,0.908274231678,0.99983763598,0.000162364020133,0.0917257683215,0.998440748441,0.908274231678,0.951225550879,0.94723739896,0.908111867658,0.906987724268,232,423,0,5,3,5
377,WLNM_dir_neg_kfold,0.874148405233,0.436971525425,00:00:19,10,80,2,15347,threshold_sweep,0.8,0.987068965517,0.541371158392,0.699236641221,229,3,194,843,0.541371158392,0.996453900709,0.00354609929078,0.458628841608,0.987068965517,0.541371158392,0.699236641221,0.84475965327,0.60572629367,0.606262491672,0.655938357764,0.537825059102,2154,1731,423,0,2154,0,1731,0,423,144,2115,0.10270979021,3.28340051934,29.375,15.4379562044,16.5234375,23.125947344,0.787266292563,0.431540583136,18.7178045265,1.27440371245,0.622363409509,10.41950078,0.709412819061,0.401704097715,1.12585631727,0.342893384662,4.14543900894,3.28340051934,1.12585631727,4.14543900894,0.506274862896,0.548025908195,16217,0.0332762894383,0.115809519663,144,144,144,1,0,0.0486111111111,0.840277777778,0.111111111111,144,0.0821678321678,3.01044400087,23.5,13.21875,13.21875,18.6712448598,0.794521057865,0.429845514841,15.168747776,1.29095725753,0.629646046756,8.3561459313,0.711161355855,0.401768124507,1.07265513114,0.356311271967,3.84221554451,3.01044400087,1.07265513114,3.84221554451,0.407171413243,0.441124136487,8429,0.0172957910634,0.091437418136,144,144,144,1,0,0.111111111111,0.777777777778,0.111111111111,144,1924,0.0934343434343,3.0540265947,26.7222222222,14.5757575758,15.03125,21.0807453473,0.788884441271,0.432237525988,16.6932887612,1.24939375344,0.615767209517,10.148968125,0.759590129935,0.426816239316,1.0502855341,0.343901895263,3.89987167737,3.0540265947,1.0502855341,3.89987167737,0.451965759791,0.505840241145,12530,0.0257107915559,0.11621802631,144,144,144,1,0,0.0833333333333,0.805555555556,0.111111111111,-191,-0.00927544677545,-0.229373924637,-2.65277777778,-0.862198628622,-1.4921875,-2.04520199674,0.00161814870804,0.000696942851198,-2.02451576531,-0.0250099590057,-0.00659619999159,-0.270532654991,0.0501773108742,0.0251121416015,-0.0755707831731,0.00100851060173,-0.245567331566,-0.229373924637,-0.0755707831731,-0.245567331566,-0.0543091031052,-0.0421856670494,-3687,-0.0075654978824,0.000408506646768,0.0347222222222,-0.0347222222222,0,1921,3,194,18474,0.908274231678,0.99983763598,0.000162364020133,0.0917257683215,0.998440748441,0.908274231678,0.951225550879,0.94723739896,0.908111867658,0.906987724268,232,423,0,5,3,5
378,WLNM_dir_neg_kfold,0.874148405233,0.436971525425,00:00:19,10,80,2,15347,threshold_sweep,0.9,0.991228070175,0.534278959811,0.694316436252,226,2,197,844,0.534278959811,0.997635933806,0.00236406619385,0.465721040189,0.991228070175,0.534278959811,0.694316436252,0.843183609141,0.606776989756,0.60120240481,0.653137662602,0.531914893617,2154,1731,423,0,2154,0,1731,0,423,144,2115,0.10270979021,3.28340051934,29.375,15.4379562044,16.5234375,23.125947344,0.787266292563,0.431540583136,18.7178045265,1.27440371245,0.622363409509,10.41950078,0.709412819061,0.401704097715,1.12585631727,0.342893384662,4.14543900894,3.28340051934,1.12585631727,4.14543900894,0.506274862896,0.548025908195,16217,0.0332762894383,0.115809519663,144,144,144,1,0,0.0486111111111,0.840277777778,0.111111111111,144,0.0821678321678,3.01044400087,23.5,13.21875,13.21875,18.6712448598,0.794521057865,0.429845514841,15.168747776,1.29095725753,0.629646046756,8.3561459313,0.711161355855,0.401768124507,1.07265513114,0.356311271967,3.84221554451,3.01044400087,1.07265513114,3.84221554451,0.407171413243,0.441124136487,8429,0.0172957910634,0.091437418136,144,144,144,1,0,0.111111111111,0.777777777778,0.111111111111,144,1920,0.0932400932401,3.00716626769,26.6666666667,15,15,21.0941943426,0.791032287849,0.433119936343,16.7148022837,1.25361017128,0.618728298611,10.1029663995,0.757722479964,0.425904224537,1.06938997893,0.355613851625,3.85556046186,3.00716626769,1.06938997893,3.85556046186,0.455854696331,0.506993242788,12530,0.0257107915559,0.117194191536,144,144,144,1,0,0.111111111111,0.777777777778,0.111111111111,-195,-0.0094696969697,-0.276234251644,-2.70833333333,-0.43795620438,-1.5234375,-2.0317530014,0.00376599528581,0.00157935320626,-2.0030022428,-0.0207935411645,-0.00363511089769,-0.316534380431,0.0483096609036,0.0242001268223,-0.0564663383437,0.0127204669635,-0.289878547076,-0.276234251644,-0.0564663383437,-0.289878547076,-0.0504201665645,-0.0410326654073,-3687,-0.0075654978824,0.00138467187337,0.0625,-0.0625,0,1918,2,197,18475,0.906855791962,0.99989175732,0.000108242680089,0.0931442080378,0.998958333333,0.906855791962,0.950681536555,0.946697591048,0.906747549282,0.905999055267,228,423,0,5,3,5
379,WLNM_dir_neg_kfold,0.808185090175,0.353483521652,00:00:19,10,80,3,15348,threshold_sweep,0.1,0.96,0.567375886525,0.713224368499,240,10,183,836,0.567375886525,0.988179669031,0.0118203309693,0.432624113475,0.96,0.567375886525,0.713224368499,0.847911741529,0.600998161282,0.618828176432,0.658454490452,0.555555555556,2154,1731,423,0,2154,0,1731,0,423,144,2115,0.10270979021,3.28340051934,29.375,15.4379562044,16.5234375,23.125947344,0.787266292563,0.431540583136,18.7178045265,1.27440371245,0.622363409509,10.41950078,0.709412819061,0.401704097715,1.12585631727,0.342893384662,4.14543900894,3.28340051934,1.12585631727,4.14543900894,0.506274862896,0.548025908195,16217,0.0332762894383,0.115809519663,144,144,144,1,0,0.0486111111111,0.840277777778,0.111111111111,144,0.0821678321678,3.01044400087,23.5,13.21875,13.21875,18.6712448598,0.794521057865,0.429845514841,15.168747776,1.29095725753,0.629646046756,8.3561459313,0.711161355855,0.401768124507,1.07265513114,0.356311271967,3.84221554451,3.01044400087,1.07265513114,3.84221554451,0.407171413243,0.441124136487,8429,0.0172957910634,0.091437418136,144,144,144,1,0,0.111111111111,0.777777777778,0.111111111111,144,1942,0.0943084693085,4.95551724975,26.9722222222,13.7730496454,15.171875,21.0314265165,0.779743928523,0.428098895755,16.6048211514,1.23125347364,0.604488499828,10.3071610052,0.764279703786,0.428803352786,1.5724241737,0.31730777928,6.06251688689,4.95551724975,1.5724241737,6.06251688689,0.451320196875,0.50274286323,12586,0.0258257001215,0.110714268262,144,144,144,1,0,0.0208333333333,0.868055555556,0.111111111111,-173,-0.00840132090132,1.67211673042,-2.40277777778,-1.66490655899,-1.3515625,-2.0945208275,-0.00752236404032,-0.00344168738166,-2.11298337514,-0.0431502388087,-0.0178749096804,-0.112339774734,0.054866884725,0.0270992550716,0.446567856426,-0.025585605382,1.91707787795,1.67211673042,0.446567856426,1.91707787795,-0.0549546660211,-0.0452830449652,-3631,-0.00745058931679,-0.00509525140101,-0.0277777777778,0.0277777777778,0,1932,10,183,18467,0.913475177305,0.9994587866,0.000541213400444,0.086524822695,0.994850669413,0.913475177305,0.952427902391,0.948301088036,0.912933963905,0.909176470588,250,423,0,5,3,5
380,WLNM_dir_neg_kfold,0.808185090175,0.353483521652,00:00:19,10,80,3,15348,threshold_sweep,0.2,0.967741935484,0.567375886525,0.715350223547,240,8,183,838,0.567375886525,0.990543735225,0.00945626477541,0.432624113475,0.967741935484,0.567375886525,0.715350223547,0.849487785658,0.601523509325,0.622280817403,0.66326684617,0.557919621749,2154,1731,423,0,2154,0,1731,0,423,144,2115,0.10270979021,3.28340051934,29.375,15.4379562044,16.5234375,23.125947344,0.787266292563,0.431540583136,18.7178045265,1.27440371245,0.622363409509,10.41950078,0.709412819061,0.401704097715,1.12585631727,0.342893384662,4.14543900894,3.28340051934,1.12585631727,4.14543900894,0.506274862896,0.548025908195,16217,0.0332762894383,0.115809519663,144,144,144,1,0,0.0486111111111,0.840277777778,0.111111111111,144,0.0821678321678,3.01044400087,23.5,13.21875,13.21875,18.6712448598,0.794521057865,0.429845514841,15.168747776,1.29095725753,0.629646046756,8.3561459313,0.711161355855,0.401768124507,1.07265513114,0.356311271967,3.84221554451,3.01044400087,1.07265513114,3.84221554451,0.407171413243,0.441124136487,8429,0.0172957910634,0.091437418136,144,144,144,1,0,0.111111111111,0.777777777778,0.111111111111,144,1940,0.0942113442113,4.22960134698,26.9444444444,13.7588652482,15.15625,21.0489864141,0.78119949578,0.428851660939,16.6144870833,1.23324027835,0.605634306987,10.2989879633,0.764460962228,0.428772909507,1.31532166092,0.310980055332,5.29642779375,4.22960134698,1.31532166092,5.29642779375,0.451606081504,0.502938002159,12582,0.0258174923668,0.110369677517,144,144,144,1,0,0.0208333333333,0.868055555556,0.111111111111,-175,-0.00849844599845,0.946200827642,-2.43055555556,-1.67909095615,-1.3671875,-2.07696092997,-0.00606679678313,-0.00268892219704,-2.10331744324,-0.041163434097,-0.0167291025214,-0.120512816609,0.055048143167,0.0270688117927,0.189465343641,-0.0319133293295,1.15098878481,0.946200827642,0.189465343641,1.15098878481,-0.0546687813914,-0.0450879060363,-3635,-0.00745879707147,-0.00543984214575,-0.0277777777778,0.0277777777778,0,1932,8,183,18469,0.913475177305,0.99956702928,0.000432970720355,0.086524822695,0.99587628866,0.913475177305,0.952897657213,0.948851395676,0.913042206585,0.910032972209,248,423,0,5,3,5
381,WLNM_dir_neg_kfold,0.808185090175,0.353483521652,00:00:19,10,80,3,15348,threshold_sweep,0.3,0.991631799163,0.560283687943,0.716012084592,237,2,186,844,0.560283687943,0.997635933806,0.00236406619385,0.439716312057,0.991631799163,0.560283687943,0.716012084592,0.851851851852,0.603887575519,0.62599469496,0.672681428811,0.557919621749,2154,1731,423,0,2154,0,1731,0,423,144,2115,0.10270979021,3.28340051934,29.375,15.4379562044,16.5234375,23.125947344,0.787266292563,0.431540583136,18.7178045265,1.27440371245,0.622363409509,10.41950078,0.709412819061,0.401704097715,1.12585631727,0.342893384662,4.14543900894,3.28340051934,1.12585631727,4.14543900894,0.506274862896,0.548025908195,16217,0.0332762894383,0.115809519663,144,144,144,1,0,0.0486111111111,0.840277777778,0.111111111111,144,0.0821678321678,3.01044400087,23.5,13.21875,13.21875,18.6712448598,0.794521057865,0.429845514841,15.168747776,1.29095725753,0.629646046756,8.3561459313,0.711161355855,0.401768124507,1.07265513114,0.356311271967,3.84221554451,3.01044400087,1.07265513114,3.84221554451,0.407171413243,0.441124136487,8429,0.0172957910634,0.091437418136,144,144,144,1,0,0.111111111111,0.777777777778,0.111111111111,144,1931,0.0937742812743,3.20279822033,26.8194444444,14.1985294118,15.0859375,21.0804827302,0.786014892062,0.430882818344,16.661757727,1.24251326395,0.612056936533,10.2263974848,0.762610687627,0.428027360608,1.07066062754,0.334289129032,4.08562531836,3.20279822033,1.07066062754,4.08562531836,0.452512573797,0.504894805212,12567,0.0257867132867,0.113044771671,144,144,144,1,0,0.0555555555556,0.833333333333,0.111111111111,-184,-0.00893550893551,-0.0806022990056,-2.55555555556,-1.23942679261,-1.4375,-2.04546461388,-0.00125140050111,-0.00065776479235,-2.05604679959,-0.0318904484984,-0.0103064729762,-0.193103295176,0.0531978685665,0.0263232628929,-0.0551956897361,-0.00860425562987,-0.0598136905818,-0.0806022990056,-0.0551956897361,-0.0598136905818,-0.0537622890986,-0.0431311029827,-3650,-0.00748957615155,-0.0027647479921,0.00694444444444,-0.00694444444444,0,1929,2,186,18475,0.912056737589,0.99989175732,0.000108242680089,0.0879432624113,0.998964267219,0.912056737589,0.953534354918,0.949691679037,0.911948494909,0.911195087388,239,423,0,5,3,5
382,WLNM_dir_neg_kfold,0.808185090175,0.353483521652,00:00:19,10,80,3,15348,threshold_sweep,0.4,0.991452991453,0.548463356974,0.706240487062,232,2,191,844,0.548463356974,0.997635933806,0.00236406619385,0.451536643026,0.991452991453,0.548463356974,0.706240487062,0.847911741529,0.605200945626,0.614770459082,0.663817770144,0.54609929078,2154,1731,423,0,2154,0,1731,0,423,144,2115,0.10270979021,3.28340051934,29.375,15.4379562044,16.5234375,23.125947344,0.787266292563,0.431540583136,18.7178045265,1.27440371245,0.622363409509,10.41950078,0.709412819061,0.401704097715,1.12585631727,0.342893384662,4.14543900894,3.28340051934,1.12585631727,4.14543900894,0.506274862896,0.548025908195,16217,0.0332762894383,0.115809519663,144,144,144,1,0,0.0486111111111,0.840277777778,0.111111111111,144,0.0821678321678,3.01044400087,23.5,13.21875,13.21875,18.6712448598,0.794521057865,0.429845514841,15.168747776,1.29095725753,0.629646046756,8.3561459313,0.711161355855,0.401768124507,1.07265513114,0.356311271967,3.84221554451,3.01044400087,1.07265513114,3.84221554451,0.407171413243,0.441124136487,8429,0.0172957910634,0.091437418136,144,144,144,1,0,0.111111111111,0.777777777778,0.111111111111,144,1926,0.0935314685315,3.06768382099,26.75,14.5909090909,15.046875,21.1089415317,0.789119309595,0.432387215876,16.6866954247,1.24760339624,0.61534412138,10.1938381223,0.762156121296,0.427772008769,1.04495798022,0.34063418566,3.92151908054,3.06768382099,1.04495798022,3.92151908054,0.456576827505,0.505852820361,12561,0.0257744016547,0.116496321682,144,144,144,1,0,0.0833333333333,0.805555555556,0.111111111111,-189,-0.00917832167832,-0.215716698348,-2.625,-0.84704711347,-1.4765625,-2.01700581237,0.00185301703194,0.000846632739985,-2.03110910187,-0.0268003162079,-0.00701928812885,-0.225662657622,0.0527433022351,0.0260679110542,-0.0808983370507,-0.00225919900181,-0.223919928399,-0.215716698348,-0.0808983370507,-0.223919928399,-0.0496980353911,-0.0421730878335,-3656,-0.00750188778358,0.000686802019062,0.0347222222222,-0.0347222222222,0,1924,2,191,18475,0.909692671395,0.99989175732,0.000108242680089,0.0903073286052,0.998961578401,0.909692671395,0.952239544667,0.948331464404,0.909584428715,0.908833254606,234,423,0,5,3,5
383,WLNM_dir_neg_kfold,0.808185090175,0.353483521652,00:00:19,10,80,3,15348,threshold_sweep,0.5,0.995708154506,0.548463356974,0.707317073171,232,1,191,845,0.548463356974,0.998817966903,0.00118203309693,0.451536643026,0.995708154506,0.548463356974,0.707317073171,0.848699763593,0.605463619648,0.616511318242,0.66635882691,0.547281323877,2154,1731,423,0,2154,0,1731,0,423,144,2115,0.10270979021,3.28340051934,29.375,15.4379562044,16.5234375,23.125947344,0.787266292563,0.431540583136,18.7178045265,1.27440371245,0.622363409509,10.41950078,0.709412819061,0.401704097715,1.12585631727,0.342893384662,4.14543900894,3.28340051934,1.12585631727,4.14543900894,0.506274862896,0.548025908195,16217,0.0332762894383,0.115809519663,144,144,144,1,0,0.0486111111111,0.840277777778,0.111111111111,144,0.0821678321678,3.01044400087,23.5,13.21875,13.21875,18.6712448598,0.794521057865,0.429845514841,15.168747776,1.29095725753,0.629646046756,8.3561459313,0.711161355855,0.401768124507,1.07265513114,0.356311271967,3.84221554451,3.01044400087,1.07265513114,3.84221554451,0.407171413243,0.441124136487,8429,0.0172957910634,0.091437418136,144,144,144,1,0,0.111111111111,0.777777777778,0.111111111111,144,1925,0.0934829059829,3.03614877492,26.7361111111,14.6946564885,15.0390625,21.1147335664,0.789745878849,0.432687590188,16.6920887118,1.24865494779,0.616093073593,10.1848279646,0.761878039948,0.427608225108,1.05151769876,0.346332731598,3.88727908862,3.03614877492,1.05151769876,3.88727908862,0.453828825171,0.505848856418,12555,0.0257620900227,0.117406092246,144,144,144,1,0,0.0902777777778,0.798611111111,0.111111111111,-190,-0.00922688422688,-0.247251744419,-2.63888888889,-0.74329971583,-1.484375,-2.0112137776,0.00247958628571,0.00114700705126,-2.02571581472,-0.0257487646518,-0.00627033591573,-0.234672815369,0.0524652208875,0.0259041273935,-0.0743386185186,0.00343934693676,-0.258159920314,-0.247251744419,-0.0743386185186,-0.258159920314,-0.0524460377251,-0.0421770517772,-3662,-0.00751419941561,0.00159657258289,0.0416666666667,-0.0416666666667,0,1924,1,191,18476,0.909692671395,0.99994587866,5.41213400444e-05,0.0903073286052,0.999480519481,0.909692671395,0.952475247525,0.948608784041,0.909638550055,0.909262759924,233,423,0,5,3,5
384,WLNM_dir_neg_kfold,0.808185090175,0.353483521652,00:00:19,10,80,3,15348,threshold_sweep,0.6,0.995708154506,0.548463356974,0.707317073171,232,1,191,845,0.548463356974,0.998817966903,0.00118203309693,0.451536643026,0.995708154506,0.548463356974,0.707317073171,0.848699763593,0.605463619648,0.616511318242,0.66635882691,0.547281323877,2154,1731,423,0,2154,0,1731,0,423,144,2115,0.10270979021,3.28340051934,29.375,15.4379562044,16.5234375,23.125947344,0.787266292563,0.431540583136,18.7178045265,1.27440371245,0.622363409509,10.41950078,0.709412819061,0.401704097715,1.12585631727,0.342893384662,4.14543900894,3.28340051934,1.12585631727,4.14543900894,0.506274862896,0.548025908195,16217,0.0332762894383,0.115809519663,144,144,144,1,0,0.0486111111111,0.840277777778,0.111111111111,144,0.0821678321678,3.01044400087,23.5,13.21875,13.21875,18.6712448598,0.794521057865,0.429845514841,15.168747776,1.29095725753,0.629646046756,8.3561459313,0.711161355855,0.401768124507,1.07265513114,0.356311271967,3.84221554451,3.01044400087,1.07265513114,3.84221554451,0.407171413243,0.441124136487,8429,0.0172957910634,0.091437418136,144,144,144,1,0,0.111111111111,0.777777777778,0.111111111111,144,1925,0.0934829059829,3.03614877492,26.7361111111,14.6946564885,15.0390625,21.1147335664,0.789745878849,0.432687590188,16.6920887118,1.24865494779,0.616093073593,10.1848279646,0.761878039948,0.427608225108,1.05151769876,0.346332731598,3.88727908862,3.03614877492,1.05151769876,3.88727908862,0.453828825171,0.505848856418,12555,0.0257620900227,0.117406092246,144,144,144,1,0,0.0902777777778,0.798611111111,0.111111111111,-190,-0.00922688422688,-0.247251744419,-2.63888888889,-0.74329971583,-1.484375,-2.0112137776,0.00247958628571,0.00114700705126,-2.02571581472,-0.0257487646518,-0.00627033591573,-0.234672815369,0.0524652208875,0.0259041273935,-0.0743386185186,0.00343934693676,-0.258159920314,-0.247251744419,-0.0743386185186,-0.258159920314,-0.0524460377251,-0.0421770517772,-3662,-0.00751419941561,0.00159657258289,0.0416666666667,-0.0416666666667,0,1924,1,191,18476,0.909692671395,0.99994587866,5.41213400444e-05,0.0903073286052,0.999480519481,0.909692671395,0.952475247525,0.948608784041,0.909638550055,0.909262759924,233,423,0,5,3,5
385,WLNM_dir_neg_kfold,0.808185090175,0.353483521652,00:00:19,10,80,3,15348,threshold_sweep,0.7,0.995708154506,0.548463356974,0.707317073171,232,1,191,845,0.548463356974,0.998817966903,0.00118203309693,0.451536643026,0.995708154506,0.548463356974,0.707317073171,0.848699763593,0.605463619648,0.616511318242,0.66635882691,0.547281323877,2154,1731,423,0,2154,0,1731,0,423,144,2115,0.10270979021,3.28340051934,29.375,15.4379562044,16.5234375,23.125947344,0.787266292563,0.431540583136,18.7178045265,1.27440371245,0.622363409509,10.41950078,0.709412819061,0.401704097715,1.12585631727,0.342893384662,4.14543900894,3.28340051934,1.12585631727,4.14543900894,0.506274862896,0.548025908195,16217,0.0332762894383,0.115809519663,144,144,144,1,0,0.0486111111111,0.840277777778,0.111111111111,144,0.0821678321678,3.01044400087,23.5,13.21875,13.21875,18.6712448598,0.794521057865,0.429845514841,15.168747776,1.29095725753,0.629646046756,8.3561459313,0.711161355855,0.401768124507,1.07265513114,0.356311271967,3.84221554451,3.01044400087,1.07265513114,3.84221554451,0.407171413243,0.441124136487,8429,0.0172957910634,0.091437418136,144,144,144,1,0,0.111111111111,0.777777777778,0.111111111111,144,1925,0.0934829059829,3.03614877492,26.7361111111,14.6946564885,15.0390625,21.1147335664,0.789745878849,0.432687590188,16.6920887118,1.24865494779,0.616093073593,10.1848279646,0.761878039948,0.427608225108,1.05151769876,0.346332731598,3.88727908862,3.03614877492,1.05151769876,3.88727908862,0.453828825171,0.505848856418,12555,0.0257620900227,0.117406092246,144,144,144,1,0,0.0902777777778,0.798611111111,0.111111111111,-190,-0.00922688422688,-0.247251744419,-2.63888888889,-0.74329971583,-1.484375,-2.0112137776,0.00247958628571,0.00114700705126,-2.02571581472,-0.0257487646518,-0.00627033591573,-0.234672815369,0.0524652208875,0.0259041273935,-0.0743386185186,0.00343934693676,-0.258159920314,-0.247251744419,-0.0743386185186,-0.258159920314,-0.0524460377251,-0.0421770517772,-3662,-0.00751419941561,0.00159657258289,0.0416666666667,-0.0416666666667,0,1924,1,191,18476,0.909692671395,0.99994587866,5.41213400444e-05,0.0903073286052,0.999480519481,0.909692671395,0.952475247525,0.948608784041,0.909638550055,0.909262759924,233,423,0,5,3,5
386,WLNM_dir_neg_kfold,0.808185090175,0.353483521652,00:00:19,10,80,3,15348,threshold_sweep,0.8,0.995708154506,0.548463356974,0.707317073171,232,1,191,845,0.548463356974,0.998817966903,0.00118203309693,0.451536643026,0.995708154506,0.548463356974,0.707317073171,0.848699763593,0.605463619648,0.616511318242,0.66635882691,0.547281323877,2154,1731,423,0,2154,0,1731,0,423,144,2115,0.10270979021,3.28340051934,29.375,15.4379562044,16.5234375,23.125947344,0.787266292563,0.431540583136,18.7178045265,1.27440371245,0.622363409509,10.41950078,0.709412819061,0.401704097715,1.12585631727,0.342893384662,4.14543900894,3.28340051934,1.12585631727,4.14543900894,0.506274862896,0.548025908195,16217,0.0332762894383,0.115809519663,144,144,144,1,0,0.0486111111111,0.840277777778,0.111111111111,144,0.0821678321678,3.01044400087,23.5,13.21875,13.21875,18.6712448598,0.794521057865,0.429845514841,15.168747776,1.29095725753,0.629646046756,8.3561459313,0.711161355855,0.401768124507,1.07265513114,0.356311271967,3.84221554451,3.01044400087,1.07265513114,3.84221554451,0.407171413243,0.441124136487,8429,0.0172957910634,0.091437418136,144,144,144,1,0,0.111111111111,0.777777777778,0.111111111111,144,1925,0.0934829059829,3.03614877492,26.7361111111,14.6946564885,15.0390625,21.1147335664,0.789745878849,0.432687590188,16.6920887118,1.24865494779,0.616093073593,10.1848279646,0.761878039948,0.427608225108,1.05151769876,0.346332731598,3.88727908862,3.03614877492,1.05151769876,3.88727908862,0.453828825171,0.505848856418,12555,0.0257620900227,0.117406092246,144,144,144,1,0,0.0902777777778,0.798611111111,0.111111111111,-190,-0.00922688422688,-0.247251744419,-2.63888888889,-0.74329971583,-1.484375,-2.0112137776,0.00247958628571,0.00114700705126,-2.02571581472,-0.0257487646518,-0.00627033591573,-0.234672815369,0.0524652208875,0.0259041273935,-0.0743386185186,0.00343934693676,-0.258159920314,-0.247251744419,-0.0743386185186,-0.258159920314,-0.0524460377251,-0.0421770517772,-3662,-0.00751419941561,0.00159657258289,0.0416666666667,-0.0416666666667,0,1924,1,191,18476,0.909692671395,0.99994587866,5.41213400444e-05,0.0903073286052,0.999480519481,0.909692671395,0.952475247525,0.948608784041,0.909638550055,0.909262759924,233,423,0,5,3,5
387,WLNM_dir_neg_kfold,0.808185090175,0.353483521652,00:00:19,10,80,3,15348,threshold_sweep,0.9,0.995614035088,0.536643026005,0.697388632873,227,1,196,845,0.536643026005,0.998817966903,0.00118203309693,0.463356973995,0.995614035088,0.536643026005,0.697388632873,0.84475965327,0.606776989756,0.605210420842,0.657491913686,0.535460992908,2154,1731,423,0,2154,0,1731,0,423,144,2115,0.10270979021,3.28340051934,29.375,15.4379562044,16.5234375,23.125947344,0.787266292563,0.431540583136,18.7178045265,1.27440371245,0.622363409509,10.41950078,0.709412819061,0.401704097715,1.12585631727,0.342893384662,4.14543900894,3.28340051934,1.12585631727,4.14543900894,0.506274862896,0.548025908195,16217,0.0332762894383,0.115809519663,144,144,144,1,0,0.0486111111111,0.840277777778,0.111111111111,144,0.0821678321678,3.01044400087,23.5,13.21875,13.21875,18.6712448598,0.794521057865,0.429845514841,15.168747776,1.29095725753,0.629646046756,8.3561459313,0.711161355855,0.401768124507,1.07265513114,0.356311271967,3.84221554451,3.01044400087,1.07265513114,3.84221554451,0.407171413243,0.441124136487,8429,0.0172957910634,0.091437418136,144,144,144,1,0,0.111111111111,0.777777777778,0.111111111111,144,1920,0.0932400932401,2.99589401701,26.6666666667,15,15,21.1150693545,0.791815100794,0.433470775463,16.7135471203,1.25351603402,0.618663194444,10.1202559463,0.759019195976,0.426569733796,1.06326400574,0.354907082727,3.84048925571,2.99589401701,1.06326400574,3.84048925571,0.456682692192,0.507466508531,12551,0.025753882268,0.117643187381,144,144,144,1,0,0.111111111111,0.777777777778,0.111111111111,-195,-0.0094696969697,-0.287506502321,-2.70833333333,-0.43795620438,-1.5234375,-2.01087798952,0.00454880823131,0.00193019232664,-2.00425740623,-0.0208876784223,-0.00370021506436,-0.299244833608,0.0496063769152,0.0248656360816,-0.0625923115352,0.0120136980659,-0.304949753228,-0.287506502321,-0.0625923115352,-0.304949753228,-0.0495921707041,-0.0405593996636,-3666,-0.00752240717029,0.00183366771818,0.0625,-0.0625,0,1919,1,196,18476,0.907328605201,0.99994587866,5.41213400444e-05,0.0926713947991,0.999479166667,0.907328605201,0.951177199504,0.947247741635,0.907274483861,0.906899810964,228,423,0,5,3,5
388,WLNM_dir_neg_kfold,0.81852578397,0.358467496375,00:00:19,10,80,4,15349,threshold_sweep,0.1,0.964,0.569739952719,0.716196136701,241,9,182,837,0.569739952719,0.989361702128,0.0106382978723,0.430260047281,0.964,0.569739952719,0.716196136701,0.849487785658,0.600998161282,0.622778143515,0.662657391455,0.559101654846,2154,1731,423,0,2154,0,1731,0,423,144,2115,0.10270979021,3.28340051934,29.375,15.4379562044,16.5234375,23.125947344,0.787266292563,0.431540583136,18.7178045265,1.27440371245,0.622363409509,10.41950078,0.709412819061,0.401704097715,1.12585631727,0.342893384662,4.14543900894,3.28340051934,1.12585631727,4.14543900894,0.506274862896,0.548025908195,16217,0.0332762894383,0.115809519663,144,144,144,1,0,0.0486111111111,0.840277777778,0.111111111111,144,0.0821678321678,3.01044400087,23.5,13.21875,13.21875,18.6712448598,0.794521057865,0.429845514841,15.168747776,1.29095725753,0.629646046756,8.3561459313,0.711161355855,0.401768124507,1.07265513114,0.356311271967,3.84221554451,3.01044400087,1.07265513114,3.84221554451,0.407171413243,0.441124136487,8429,0.0172957910634,0.091437418136,144,144,144,1,0,0.111111111111,0.777777777778,0.111111111111,144,1942,0.0943084693085,10.1121029278,26.9722222222,13.5804195804,15.171875,21.0626585842,0.780901863061,0.428957117519,16.6069267337,1.23140960333,0.604574322005,10.3200437137,0.765234961265,0.428967845291,1.35721996102,0.134217379976,11.1699315285,10.1121029278,1.35721996102,11.1699315285,0.452180989654,0.503377120672,12620,0.0258954660363,0.107936178362,144,144,144,1,0,0.00694444444444,0.881944444444,0.111111111111,-173,-0.00840132090132,6.82870240846,-2.40277777778,-1.85753662396,-1.3515625,-2.06328875982,-0.00636442950233,-0.00258346561716,-2.11087779279,-0.042994109119,-0.017789087504,-0.0994570662255,0.0558221422045,0.0272637475765,0.231363643743,-0.208676004685,7.02449251954,6.82870240846,0.231363643743,7.02449251954,-0.0540938732415,-0.0446487875226,-3597,-0.00738082340195,-0.00787334130071,-0.0416666666667,0.0416666666667,0,1933,9,182,18468,0.913947990544,0.99951290794,0.000487092060399,0.0860520094563,0.995365602472,0.913947990544,0.952920877496,0.948848436097,0.913460898483,0.910075329567,250,423,0,5,3,5
389,WLNM_dir_neg_kfold,0.81852578397,0.358467496375,00:00:19,10,80,4,15349,threshold_sweep,0.2,0.983402489627,0.560283687943,0.713855421687,237,4,186,842,0.560283687943,0.995271867612,0.00472813238771,0.439716312057,0.983402489627,0.560283687943,0.713855421687,0.850275807723,0.603362227476,0.622516556291,0.667694473329,0.555555555556,2154,1731,423,0,2154,0,1731,0,423,144,2115,0.10270979021,3.28340051934,29.375,15.4379562044,16.5234375,23.125947344,0.787266292563,0.431540583136,18.7178045265,1.27440371245,0.622363409509,10.41950078,0.709412819061,0.401704097715,1.12585631727,0.342893384662,4.14543900894,3.28340051934,1.12585631727,4.14543900894,0.506274862896,0.548025908195,16217,0.0332762894383,0.115809519663,144,144,144,1,0,0.0486111111111,0.840277777778,0.111111111111,144,0.0821678321678,3.01044400087,23.5,13.21875,13.21875,18.6712448598,0.794521057865,0.429845514841,15.168747776,1.29095725753,0.629646046756,8.3561459313,0.711161355855,0.401768124507,1.07265513114,0.356311271967,3.84221554451,3.01044400087,1.07265513114,3.84221554451,0.407171413243,0.441124136487,8429,0.0172957910634,0.091437418136,144,144,144,1,0,0.111111111111,0.777777777778,0.111111111111,144,1933,0.0938714063714,3.69580620149,26.8472222222,14.1094890511,15.1015625,21.0820307419,0.785259293024,0.430674110479,16.6517517763,1.24048228442,0.610676409726,10.2504169188,0.763610986189,0.428324567454,1.12337521143,0.303959447598,4.48094844225,3.69580620149,1.12337521143,4.48094844225,0.451436455608,0.504498963834,12578,0.0258092846121,0.11283229433,144,144,144,1,0,0.0486111111111,0.840277777778,0.111111111111,-182,-0.00883838383838,0.412405682151,-2.52777777778,-1.32846715328,-1.421875,-2.04391660215,-0.00200699953878,-0.00086647265751,-2.06605275027,-0.0339214280261,-0.011686999783,-0.169083861189,0.0541981671277,0.0266204697394,-0.0024811058418,-0.0389339370637,0.335509433309,0.412405682151,-0.0024811058418,0.335509433309,-0.0548384072873,-0.0435269443604,-3639,-0.00746700482616,-0.00297722533281,0,0,0,1929,4,186,18473,0.912056737589,0.99978351464,0.000216485360178,0.0879432624113,0.997930677703,0.912056737589,0.953063241107,0.949138446618,0.911840252228,0.910335063709,241,423,0,5,3,5
390,WLNM_dir_neg_kfold,0.81852578397,0.358467496375,00:00:19,10,80,4,15349,threshold_sweep,0.3,0.983122362869,0.550827423168,0.706060606061,233,4,190,842,0.550827423168,0.995271867612,0.00472813238771,0.449172576832,0.983122362869,0.550827423168,0.706060606061,0.847123719464,0.604412923562,0.613545816733,0.6605610411,0.54609929078,2154,1731,423,0,2154,0,1731,0,423,144,2115,0.10270979021,3.28340051934,29.375,15.4379562044,16.5234375,23.125947344,0.787266292563,0.431540583136,18.7178045265,1.27440371245,0.622363409509,10.41950078,0.709412819061,0.401704097715,1.12585631727,0.342893384662,4.14543900894,3.28340051934,1.12585631727,4.14543900894,0.506274862896,0.548025908195,16217,0.0332762894383,0.115809519663,144,144,144,1,0,0.0486111111111,0.840277777778,0.111111111111,144,0.0821678321678,3.01044400087,23.5,13.21875,13.21875,18.6712448598,0.794521057865,0.429845514841,15.168747776,1.29095725753,0.629646046756,8.3561459313,0.711161355855,0.401768124507,1.07265513114,0.356311271967,3.84221554451,3.01044400087,1.07265513114,3.84221554451,0.407171413243,0.441124136487,8429,0.0172957910634,0.091437418136,144,144,144,1,0,0.111111111111,0.777777777778,0.111111111111,144,1929,0.0936771561772,3.56014261582,26.7916666667,14.5037593985,15.0703125,21.1060840332,0.787785407149,0.431891164103,16.6734237468,1.24467237923,0.613757128046,10.2283157976,0.763544569652,0.428255140833,1.12950882792,0.317265050814,4.31661960386,3.56014261582,1.12950882792,4.31661960386,0.455214149314,0.505190404115,12572,0.0257969729801,0.116131102004,144,144,144,1,0,0.0763888888889,0.8125,0.111111111111,-186,-0.00903263403263,0.276742096486,-2.58333333333,-0.934196805883,-1.453125,-2.01986331084,0.00051911458608,0.000350580967122,-2.04438077973,-0.0297313332124,-0.00860628146318,-0.191184982331,0.0541317505908,0.0265510431182,0.00365251064062,-0.0256283338472,0.171180594921,0.276742096486,0.00365251064062,0.171180594921,-0.0510607135816,-0.0428355040801,-3645,-0.00747931645819,0.000321582341305,0.0277777777778,-0.0277777777778,0,1925,4,190,18473,0.910165484634,0.99978351464,0.000216485360178,0.0898345153664,0.997926386729,0.910165484634,0.952027695351,0.948049743627,0.909948999273,0.90844738084,237,423,0,5,3,5
391,WLNM_dir_neg_kfold,0.81852578397,0.358467496375,00:00:19,10,80,4,15349,threshold_sweep,0.4,0.983122362869,0.550827423168,0.706060606061,233,4,190,842,0.550827423168,0.995271867612,0.00472813238771,0.449172576832,0.983122362869,0.550827423168,0.706060606061,0.847123719464,0.604412923562,0.613545816733,0.6605610411,0.54609929078,2154,1731,423,0,2154,0,1731,0,423,144,2115,0.10270979021,3.28340051934,29.375,15.4379562044,16.5234375,23.125947344,0.787266292563,0.431540583136,18.7178045265,1.27440371245,0.622363409509,10.41950078,0.709412819061,0.401704097715,1.12585631727,0.342893384662,4.14543900894,3.28340051934,1.12585631727,4.14543900894,0.506274862896,0.548025908195,16217,0.0332762894383,0.115809519663,144,144,144,1,0,0.0486111111111,0.840277777778,0.111111111111,144,0.0821678321678,3.01044400087,23.5,13.21875,13.21875,18.6712448598,0.794521057865,0.429845514841,15.168747776,1.29095725753,0.629646046756,8.3561459313,0.711161355855,0.401768124507,1.07265513114,0.356311271967,3.84221554451,3.01044400087,1.07265513114,3.84221554451,0.407171413243,0.441124136487,8429,0.0172957910634,0.091437418136,144,144,144,1,0,0.111111111111,0.777777777778,0.111111111111,144,1929,0.0936771561772,3.56014261582,26.7916666667,14.5037593985,15.0703125,21.1060840332,0.787785407149,0.431891164103,16.6734237468,1.24467237923,0.613757128046,10.2283157976,0.763544569652,0.428255140833,1.12950882792,0.317265050814,4.31661960386,3.56014261582,1.12950882792,4.31661960386,0.455214149314,0.505190404115,12572,0.0257969729801,0.116131102004,144,144,144,1,0,0.0763888888889,0.8125,0.111111111111,-186,-0.00903263403263,0.276742096486,-2.58333333333,-0.934196805883,-1.453125,-2.01986331084,0.00051911458608,0.000350580967122,-2.04438077973,-0.0297313332124,-0.00860628146318,-0.191184982331,0.0541317505908,0.0265510431182,0.00365251064062,-0.0256283338472,0.171180594921,0.276742096486,0.00365251064062,0.171180594921,-0.0510607135816,-0.0428355040801,-3645,-0.00747931645819,0.000321582341305,0.0277777777778,-0.0277777777778,0,1925,4,190,18473,0.910165484634,0.99978351464,0.000216485360178,0.0898345153664,0.997926386729,0.910165484634,0.952027695351,0.948049743627,0.909948999273,0.90844738084,237,423,0,5,3,5
392,WLNM_dir_neg_kfold,0.81852578397,0.358467496375,00:00:19,10,80,4,15349,threshold_sweep,0.5,0.995708154506,0.548463356974,0.707317073171,232,1,191,845,0.548463356974,0.998817966903,0.00118203309693,0.451536643026,0.995708154506,0.548463356974,0.707317073171,0.848699763593,0.605463619648,0.616511318242,0.66635882691,0.547281323877,2154,1731,423,0,2154,0,1731,0,423,144,2115,0.10270979021,3.28340051934,29.375,15.4379562044,16.5234375,23.125947344,0.787266292563,0.431540583136,18.7178045265,1.27440371245,0.622363409509,10.41950078,0.709412819061,0.401704097715,1.12585631727,0.342893384662,4.14543900894,3.28340051934,1.12585631727,4.14543900894,0.506274862896,0.548025908195,16217,0.0332762894383,0.115809519663,144,144,144,1,0,0.0486111111111,0.840277777778,0.111111111111,144,0.0821678321678,3.01044400087,23.5,13.21875,13.21875,18.6712448598,0.794521057865,0.429845514841,15.168747776,1.29095725753,0.629646046756,8.3561459313,0.711161355855,0.401768124507,1.07265513114,0.356311271967,3.84221554451,3.01044400087,1.07265513114,3.84221554451,0.407171413243,0.441124136487,8429,0.0172957910634,0.091437418136,144,144,144,1,0,0.111111111111,0.777777777778,0.111111111111,144,1925,0.0934829059829,3.03596529777,26.7361111111,14.6946564885,15.0390625,21.1051268458,0.789386562543,0.432442279942,16.6920887118,1.24865494779,0.616064213564,10.1841413312,0.761826676205,0.427543290043,1.05148465702,0.346342778619,3.88700993527,3.03596529777,1.05148465702,3.88700993527,0.453801522227,0.505950781796,12555,0.0257620900227,0.117310286828,144,144,144,1,0,0.0902777777778,0.798611111111,0.111111111111,-190,-0.00922688422688,-0.247435221568,-2.63888888889,-0.74329971583,-1.484375,-2.02082049826,0.00212026998023,0.000901696805952,-2.02571581472,-0.0257487646518,-0.00629919594459,-0.235359448737,0.0524138571446,0.0258391923286,-0.074371660254,0.00344939395772,-0.258429073667,-0.247435221568,-0.074371660254,-0.258429073667,-0.0524733406691,-0.0420751263992,-3662,-0.00751419941561,0.00150076716461,0.0416666666667,-0.0416666666667,0,1924,1,191,18476,0.909692671395,0.99994587866,5.41213400444e-05,0.0903073286052,0.999480519481,0.909692671395,0.952475247525,0.948608784041,0.909638550055,0.909262759924,233,423,0,5,3,5
393,WLNM_dir_neg_kfold,0.81852578397,0.358467496375,00:00:19,10,80,4,15349,threshold_sweep,0.6,0.995708154506,0.548463356974,0.707317073171,232,1,191,845,0.548463356974,0.998817966903,0.00118203309693,0.451536643026,0.995708154506,0.548463356974,0.707317073171,0.848699763593,0.605463619648,0.616511318242,0.66635882691,0.547281323877,2154,1731,423,0,2154,0,1731,0,423,144,2115,0.10270979021,3.28340051934,29.375,15.4379562044,16.5234375,23.125947344,0.787266292563,0.431540583136,18.7178045265,1.27440371245,0.622363409509,10.41950078,0.709412819061,0.401704097715,1.12585631727,0.342893384662,4.14543900894,3.28340051934,1.12585631727,4.14543900894,0.506274862896,0.548025908195,16217,0.0332762894383,0.115809519663,144,144,144,1,0,0.0486111111111,0.840277777778,0.111111111111,144,0.0821678321678,3.01044400087,23.5,13.21875,13.21875,18.6712448598,0.794521057865,0.429845514841,15.168747776,1.29095725753,0.629646046756,8.3561459313,0.711161355855,0.401768124507,1.07265513114,0.356311271967,3.84221554451,3.01044400087,1.07265513114,3.84221554451,0.407171413243,0.441124136487,8429,0.0172957910634,0.091437418136,144,144,144,1,0,0.111111111111,0.777777777778,0.111111111111,144,1925,0.0934829059829,3.03596529777,26.7361111111,14.6946564885,15.0390625,21.1051268458,0.789386562543,0.432442279942,16.6920887118,1.24865494779,0.616064213564,10.1841413312,0.761826676205,0.427543290043,1.05148465702,0.346342778619,3.88700993527,3.03596529777,1.05148465702,3.88700993527,0.453801522227,0.505950781796,12555,0.0257620900227,0.117310286828,144,144,144,1,0,0.0902777777778,0.798611111111,0.111111111111,-190,-0.00922688422688,-0.247435221568,-2.63888888889,-0.74329971583,-1.484375,-2.02082049826,0.00212026998023,0.000901696805952,-2.02571581472,-0.0257487646518,-0.00629919594459,-0.235359448737,0.0524138571446,0.0258391923286,-0.074371660254,0.00344939395772,-0.258429073667,-0.247435221568,-0.074371660254,-0.258429073667,-0.0524733406691,-0.0420751263992,-3662,-0.00751419941561,0.00150076716461,0.0416666666667,-0.0416666666667,0,1924,1,191,18476,0.909692671395,0.99994587866,5.41213400444e-05,0.0903073286052,0.999480519481,0.909692671395,0.952475247525,0.948608784041,0.909638550055,0.909262759924,233,423,0,5,3,5
394,WLNM_dir_neg_kfold,0.81852578397,0.358467496375,00:00:19,10,80,4,15349,threshold_sweep,0.7,0.995652173913,0.541371158392,0.701378254211,229,1,194,845,0.541371158392,0.998817966903,0.00118203309693,0.458628841608,0.995652173913,0.541371158392,0.701378254211,0.8463356974,0.606251641713,0.609739826551,0.661042695193,0.540189125296,2154,1731,423,0,2154,0,1731,0,423,144,2115,0.10270979021,3.28340051934,29.375,15.4379562044,16.5234375,23.125947344,0.787266292563,0.431540583136,18.7178045265,1.27440371245,0.622363409509,10.41950078,0.709412819061,0.401704097715,1.12585631727,0.342893384662,4.14543900894,3.28340051934,1.12585631727,4.14543900894,0.506274862896,0.548025908195,16217,0.0332762894383,0.115809519663,144,144,144,1,0,0.0486111111111,0.840277777778,0.111111111111,144,0.0821678321678,3.01044400087,23.5,13.21875,13.21875,18.6712448598,0.794521057865,0.429845514841,15.168747776,1.29095725753,0.629646046756,8.3561459313,0.711161355855,0.401768124507,1.07265513114,0.356311271967,3.84221554451,3.01044400087,1.07265513114,3.84221554451,0.407171413243,0.441124136487,8429,0.0172957910634,0.091437418136,144,144,144,1,0,0.111111111111,0.777777777778,0.111111111111,144,1922,0.0933372183372,2.99928471811,26.6944444444,15.015625,15.015625,21.1168172062,0.791056627912,0.433149786102,16.7082406888,1.25181407866,0.618272343624,10.1508340933,0.7605203483,0.426884610938,1.06487494973,0.355042968511,3.84711084401,2.99928471811,1.06487494973,3.84711084401,0.456960106142,0.506781302979,12555,0.0257620900227,0.118257516282,144,144,144,1,0,0.111111111111,0.777777777778,0.111111111111,-193,-0.00937257187257,-0.284115801227,-2.68055555556,-0.42233120438,-1.5078125,-2.00913013785,0.00379033534851,0.00160920296611,-2.00956383773,-0.0225896337828,-0.00409106588526,-0.268666686669,0.0511075292396,0.0251805132229,-0.0609813675465,0.0121495838498,-0.298328164928,-0.284115801227,-0.0609813675465,-0.298328164928,-0.0493147567533,-0.0412446052159,-3662,-0.00751419941561,0.00244799661863,0.0625,-0.0625,0,1921,1,194,18476,0.908274231678,0.99994587866,5.41213400444e-05,0.0917257683215,0.999479708637,0.908274231678,0.951696804558,0.947792305642,0.908220110338,0.907844990548,230,423,0,5,3,5
395,WLNM_dir_neg_kfold,0.81852578397,0.358467496375,00:00:19,10,80,4,15349,threshold_sweep,0.8,0.995652173913,0.541371158392,0.701378254211,229,1,194,845,0.541371158392,0.998817966903,0.00118203309693,0.458628841608,0.995652173913,0.541371158392,0.701378254211,0.8463356974,0.606251641713,0.609739826551,0.661042695193,0.540189125296,2154,1731,423,0,2154,0,1731,0,423,144,2115,0.10270979021,3.28340051934,29.375,15.4379562044,16.5234375,23.125947344,0.787266292563,0.431540583136,18.7178045265,1.27440371245,0.622363409509,10.41950078,0.709412819061,0.401704097715,1.12585631727,0.342893384662,4.14543900894,3.28340051934,1.12585631727,4.14543900894,0.506274862896,0.548025908195,16217,0.0332762894383,0.115809519663,144,144,144,1,0,0.0486111111111,0.840277777778,0.111111111111,144,0.0821678321678,3.01044400087,23.5,13.21875,13.21875,18.6712448598,0.794521057865,0.429845514841,15.168747776,1.29095725753,0.629646046756,8.3561459313,0.711161355855,0.401768124507,1.07265513114,0.356311271967,3.84221554451,3.01044400087,1.07265513114,3.84221554451,0.407171413243,0.441124136487,8429,0.0172957910634,0.091437418136,144,144,144,1,0,0.111111111111,0.777777777778,0.111111111111,144,1922,0.0933372183372,2.99928471811,26.6944444444,15.015625,15.015625,21.1168172062,0.791056627912,0.433149786102,16.7082406888,1.25181407866,0.618272343624,10.1508340933,0.7605203483,0.426884610938,1.06487494973,0.355042968511,3.84711084401,2.99928471811,1.06487494973,3.84711084401,0.456960106142,0.506781302979,12555,0.0257620900227,0.118257516282,144,144,144,1,0,0.111111111111,0.777777777778,0.111111111111,-193,-0.00937257187257,-0.284115801227,-2.68055555556,-0.42233120438,-1.5078125,-2.00913013785,0.00379033534851,0.00160920296611,-2.00956383773,-0.0225896337828,-0.00409106588526,-0.268666686669,0.0511075292396,0.0251805132229,-0.0609813675465,0.0121495838498,-0.298328164928,-0.284115801227,-0.0609813675465,-0.298328164928,-0.0493147567533,-0.0412446052159,-3662,-0.00751419941561,0.00244799661863,0.0625,-0.0625,0,1921,1,194,18476,0.908274231678,0.99994587866,5.41213400444e-05,0.0917257683215,0.999479708637,0.908274231678,0.951696804558,0.947792305642,0.908220110338,0.907844990548,230,423,0,5,3,5
396,WLNM_dir_neg_kfold,0.81852578397,0.358467496375,00:00:19,10,80,4,15349,threshold_sweep,0.9,0.995633187773,0.539007092199,0.699386503067,228,1,195,845,0.539007092199,0.998817966903,0.00118203309693,0.460992907801,0.995633187773,0.539007092199,0.699386503067,0.845547675335,0.606514315734,0.607476635514,0.659267987601,0.537825059102,2154,1731,423,0,2154,0,1731,0,423,144,2115,0.10270979021,3.28340051934,29.375,15.4379562044,16.5234375,23.125947344,0.787266292563,0.431540583136,18.7178045265,1.27440371245,0.622363409509,10.41950078,0.709412819061,0.401704097715,1.12585631727,0.342893384662,4.14543900894,3.28340051934,1.12585631727,4.14543900894,0.506274862896,0.548025908195,16217,0.0332762894383,0.115809519663,144,144,144,1,0,0.0486111111111,0.840277777778,0.111111111111,144,0.0821678321678,3.01044400087,23.5,13.21875,13.21875,18.6712448598,0.794521057865,0.429845514841,15.168747776,1.29095725753,0.629646046756,8.3561459313,0.711161355855,0.401768124507,1.07265513114,0.356311271967,3.84221554451,3.01044400087,1.07265513114,3.84221554451,0.407171413243,0.441124136487,8429,0.0172957910634,0.091437418136,144,144,144,1,0,0.111111111111,0.777777777778,0.111111111111,144,1921,0.0932886557887,2.99983317513,26.6805555556,15.0078125,15.0078125,21.1199215861,0.79158477574,0.433404187634,16.7115232613,1.25271179054,0.618503817456,10.1376285792,0.759926348464,0.426618803864,1.06513632771,0.355065187139,3.8473307617,2.99983317513,1.06513632771,3.8473307617,0.457284995147,0.507074677904,12555,0.0257620900227,0.118058959336,144,144,144,1,0,0.111111111111,0.777777777778,0.111111111111,-194,-0.00942113442113,-0.283567344208,-2.69444444444,-0.43014370438,-1.515625,-2.00602575799,0.00431848317652,0.00186360449743,-2.00628126525,-0.0216919219063,-0.00385959205261,-0.281872200795,0.0505135294031,0.024914706149,-0.0607199895619,0.0121718024775,-0.298108247236,-0.283567344208,-0.0607199895619,-0.298108247236,-0.0489898677489,-0.0409512302913,-3662,-0.00751419941561,0.00224943967334,0.0625,-0.0625,0,1920,1,195,18476,0.90780141844,0.99994587866,5.41213400444e-05,0.0921985815603,0.999479437793,0.90780141844,0.951437066402,0.947520048177,0.9077472971,0.907372400756,229,423,0,5,3,5
397,WLNM_dir_neg_kfold,0.893910433747,0.496743362396,00:00:19,10,80,5,15350,threshold_sweep,0.1,0.946564885496,0.586288416076,0.724087591241,248,14,175,832,0.586288416076,0.983451536643,0.016548463357,0.413711583924,0.946564885496,0.586288416076,0.724087591241,0.851063829787,0.597846073023,0.629653821032,0.663539314031,0.569739952719,2154,1731,423,0,2154,0,1731,0,423,144,2115,0.10270979021,3.28340051934,29.375,15.4379562044,16.5234375,23.125947344,0.787266292563,0.431540583136,18.7178045265,1.27440371245,0.622363409509,10.41950078,0.709412819061,0.401704097715,1.12585631727,0.342893384662,4.14543900894,3.28340051934,1.12585631727,4.14543900894,0.506274862896,0.548025908195,16217,0.0332762894383,0.115809519663,144,144,144,1,0,0.0486111111111,0.840277777778,0.111111111111,144,0.0821678321678,3.01044400087,23.5,13.21875,13.21875,18.6712448598,0.794521057865,0.429845514841,15.168747776,1.29095725753,0.629646046756,8.3561459313,0.711161355855,0.401768124507,1.07265513114,0.356311271967,3.84221554451,3.01044400087,1.07265513114,3.84221554451,0.407171413243,0.441124136487,8429,0.0172957910634,0.091437418136,144,144,144,1,0,0.111111111111,0.777777777778,0.111111111111,144,1954,0.0948912198912,15.269559721,27.1388888889,13.6643356643,15.265625,21.1794236836,0.780408651595,0.428469379052,16.6790571658,1.22916286176,0.60286591607,10.4014877754,0.76653748191,0.429468042761,1.74178150042,0.114068875085,17,15.269559721,1.74178150042,17,0.466305472308,0.505733538243,12834,0.026334580912,0.109316700276,144,144,144,1,0,0.00694444444444,0.881944444444,0.111111111111,-161,-0.00781857031857,11.9861592017,-2.23611111111,-1.77362054004,-1.2578125,-1.94652366048,-0.0068576409681,-0.00307120408481,-2.03874736071,-0.0452408506851,-0.0194974934392,-0.0180130045964,0.057124662849,0.0277639450466,0.615925183143,-0.228824509577,12.8545609911,11.9861592017,0.615925183143,12.8545609911,-0.039969390588,-0.0422923699516,-3383,-0.00694170852622,-0.00649281938717,-0.0416666666667,0.0416666666667,0,1940,14,175,18463,0.917257683215,0.999242301239,0.000757698760621,0.0827423167849,0.992835209826,0.917257683215,0.953551241091,0.949382984668,0.916499984455,0.911225927666,262,423,0,5,3,5
398,WLNM_dir_neg_kfold,0.893910433747,0.496743362396,00:00:19,10,80,5,15350,threshold_sweep,0.2,0.95,0.583924349882,0.723279648609,247,13,176,833,0.583924349882,0.98463356974,0.01536643026,0.416075650118,0.95,0.583924349882,0.723279648609,0.851063829787,0.598371421066,0.629169391759,0.664045474699,0.568557919622,2154,1731,423,0,2154,0,1731,0,423,144,2115,0.10270979021,3.28340051934,29.375,15.4379562044,16.5234375,23.125947344,0.787266292563,0.431540583136,18.7178045265,1.27440371245,0.622363409509,10.41950078,0.709412819061,0.401704097715,1.12585631727,0.342893384662,4.14543900894,3.28340051934,1.12585631727,4.14543900894,0.506274862896,0.548025908195,16217,0.0332762894383,0.115809519663,144,144,144,1,0,0.0486111111111,0.840277777778,0.111111111111,144,0.0821678321678,3.01044400087,23.5,13.21875,13.21875,18.6712448598,0.794521057865,0.429845514841,15.168747776,1.29095725753,0.629646046756,8.3561459313,0.711161355855,0.401768124507,1.07265513114,0.356311271967,3.84221554451,3.01044400087,1.07265513114,3.84221554451,0.407171413243,0.441124136487,8429,0.0172957910634,0.091437418136,144,144,144,1,0,0.111111111111,0.777777777778,0.111111111111,144,1952,0.0947940947941,14.5286888362,27.1111111111,13.6503496503,15.25,21.1541498883,0.780276020471,0.428428107923,16.6686245936,1.22965263396,0.603327071949,10.3928282008,0.766684047598,0.42941712204,1.65901433686,0.114188854587,16,14.5286888362,1.65901433686,16,0.455262268076,0.504245487935,12768,0.0261991529597,0.109240420767,144,144,144,1,0,0.00694444444444,0.881944444444,0.111111111111,-163,-0.0079156954157,11.2452883168,-2.26388888889,-1.78760655403,-1.2734375,-1.97179745571,-0.00699027209186,-0.00311247521283,-2.04917993292,-0.0447510784896,-0.0190363375598,-0.0266725791781,0.0572712285375,0.0277130243253,0.533158019582,-0.228704530074,11.8545609911,11.2452883168,0.533158019582,11.8545609911,-0.05101259482,-0.04378042026,-3449,-0.00707713647854,-0.00656909889592,-0.0416666666667,0.0416666666667,0,1939,13,176,18464,0.916784869976,0.999296422579,0.000703577420577,0.0832151300236,0.993340163934,0.916784869976,0.953528399312,0.949384351418,0.916081292556,0.911184210526,260,423,0,5,3,5
399,WLNM_dir_neg_kfold,0.893910433747,0.496743362396,00:00:19,10,80,5,15350,threshold_sweep,0.3,0.971544715447,0.565011820331,0.714499252616,239,7,184,839,0.565011820331,0.991725768322,0.00827423167849,0.434988179669,0.971544715447,0.565011820331,0.714499252616,0.849487785658,0.602048857368,0.621782178218,0.663896744277,0.556737588652,2154,1731,423,0,2154,0,1731,0,423,144,2115,0.10270979021,3.28340051934,29.375,15.4379562044,16.5234375,23.125947344,0.787266292563,0.431540583136,18.7178045265,1.27440371245,0.622363409509,10.41950078,0.709412819061,0.401704097715,1.12585631727,0.342893384662,4.14543900894,3.28340051934,1.12585631727,4.14543900894,0.506274862896,0.548025908195,16217,0.0332762894383,0.115809519663,144,144,144,1,0,0.0486111111111,0.840277777778,0.111111111111,144,0.0821678321678,3.01044400087,23.5,13.21875,13.21875,18.6712448598,0.794521057865,0.429845514841,15.168747776,1.29095725753,0.629646046756,8.3561459313,0.711161355855,0.401768124507,1.07265513114,0.356311271967,3.84221554451,3.01044400087,1.07265513114,3.84221554451,0.407171413243,0.441124136487,8429,0.0172957910634,0.091437418136,144,144,144,1,0,0.111111111111,0.777777777778,0.111111111111,144,1938,0.0941142191142,3.77181503174,26.9166666667,14.4626865672,15.140625,21.1942398825,0.787402100897,0.431544547644,16.7406690428,1.24388872145,0.612988762757,10.2703831102,0.763124441627,0.428305240225,1.20762780074,0.320171532956,4.4819938874,3.77181503174,1.20762780074,4.4819938874,0.460941442804,0.507201400493,12748,0.0261581141863,0.115800951593,144,144,144,1,0,0.0694444444444,0.819444444444,0.111111111111,-177,-0.00859557109557,0.488414512403,-2.45833333333,-0.975269637215,-1.3828125,-1.93170746157,0.000135808333666,3.9645072909e-06,-1.97713548376,-0.030514991,-0.00937464675223,-0.149117669732,0.0537116225657,0.02660114251,0.0817714834654,-0.0227218517051,0.336554878463,0.488414512403,0.0817714834654,0.336554878463,-0.0453334200919,-0.0408245077015,-3469,-0.00711817525198,-8.56806976163e-06,0.0208333333333,-0.0208333333333,0,1931,7,184,18470,0.913002364066,0.99962115062,0.000378849380311,0.0869976359338,0.996388028896,0.913002364066,0.952874414014,0.948854665417,0.912623514686,0.909990574929,246,423,0,5,3,5
400,WLNM_dir_neg_kfold,0.893910433747,0.496743362396,00:00:19,10,80,5,15350,threshold_sweep,0.4,0.97131147541,0.560283687943,0.710644677661,237,7,186,839,0.560283687943,0.991725768322,0.00827423167849,0.439716312057,0.97131147541,0.560283687943,0.710644677661,0.847911741529,0.602574205411,0.617316589557,0.660305685695,0.552009456265,2154,1731,423,0,2154,0,1731,0,423,144,2115,0.10270979021,3.28340051934,29.375,15.4379562044,16.5234375,23.125947344,0.787266292563,0.431540583136,18.7178045265,1.27440371245,0.622363409509,10.41950078,0.709412819061,0.401704097715,1.12585631727,0.342893384662,4.14543900894,3.28340051934,1.12585631727,4.14543900894,0.506274862896,0.548025908195,16217,0.0332762894383,0.115809519663,144,144,144,1,0,0.0486111111111,0.840277777778,0.111111111111,144,0.0821678321678,3.01044400087,23.5,13.21875,13.21875,18.6712448598,0.794521057865,0.429845514841,15.168747776,1.29095725753,0.629646046756,8.3561459313,0.711161355855,0.401768124507,1.07265513114,0.356311271967,3.84221554451,3.01044400087,1.07265513114,3.84221554451,0.407171413243,0.441124136487,8429,0.0172957910634,0.091437418136,144,144,144,1,0,0.111111111111,0.777777777778,0.111111111111,144,1936,0.0940170940171,3.78409829949,26.8888888889,14.447761194,15.125,21.1875115318,0.787965304902,0.43168546258,16.7443875485,1.24545031353,0.613299185032,10.2457753721,0.762082465695,0.427822256657,1.21289461274,0.320524076476,4.50077881014,3.78409829949,1.21289461274,4.50077881014,0.45966756719,0.506967599665,12721,0.0261027118421,0.115445391327,144,144,144,1,0,0.0694444444444,0.819444444444,0.111111111111,-179,-0.0086926961927,0.500697780151,-2.48611111111,-0.99019501035,-1.3984375,-1.93843581223,0.000699012338921,0.000144879444021,-1.97341697803,-0.02895339892,-0.00906422447666,-0.173725407837,0.052669646634,0.0261181589427,0.0870382954644,-0.0223693081852,0.355339801206,0.500697780151,0.0870382954644,0.355339801206,-0.0466072957057,-0.0410583085296,-3496,-0.00717357759611,-0.000364128336193,0.0208333333333,-0.0208333333333,0,1929,7,186,18470,0.912056737589,0.99962115062,0.000378849380311,0.0879432624113,0.996384297521,0.912056737589,0.952357442607,0.948310138773,0.911677888208,0.909048067861,244,423,0,5,3,5
401,WLNM_dir_neg_kfold,0.893910433747,0.496743362396,00:00:19,10,80,5,15350,threshold_sweep,0.5,0.979338842975,0.560283687943,0.712781954887,237,5,186,841,0.560283687943,0.994089834515,0.00591016548463,0.439716312057,0.979338842975,0.560283687943,0.712781954887,0.849487785658,0.603099553454,0.620780939775,0.665219451921,0.554373522459,2154,1731,423,0,2154,0,1731,0,423,144,2115,0.10270979021,3.28340051934,29.375,15.4379562044,16.5234375,23.125947344,0.787266292563,0.431540583136,18.7178045265,1.27440371245,0.622363409509,10.41950078,0.709412819061,0.401704097715,1.12585631727,0.342893384662,4.14543900894,3.28340051934,1.12585631727,4.14543900894,0.506274862896,0.548025908195,16217,0.0332762894383,0.115809519663,144,144,144,1,0,0.0486111111111,0.840277777778,0.111111111111,144,0.0821678321678,3.01044400087,23.5,13.21875,13.21875,18.6712448598,0.794521057865,0.429845514841,15.168747776,1.29095725753,0.629646046756,8.3561459313,0.711161355855,0.401768124507,1.07265513114,0.356311271967,3.84221554451,3.01044400087,1.07265513114,3.84221554451,0.407171413243,0.441124136487,8429,0.0172957910634,0.091437418136,144,144,144,1,0,0.111111111111,0.777777777778,0.111111111111,144,1934,0.09391996892,3.18123212211,26.8611111111,14.6515151515,15.109375,21.186356314,0.788737153363,0.431941571872,16.7551903148,1.24754260876,0.614809548432,10.2190366561,0.760879668293,0.427280822705,1.10079866199,0.346029028923,3.99856345581,3.18123212211,1.10079866199,3.99856345581,0.458311910102,0.507223818646,12709,0.0260780885781,0.117192884916,144,144,144,1,0,0.0833333333333,0.805555555556,0.111111111111,-181,-0.00878982128982,-0.102168397228,-2.51388888889,-0.786441052864,-1.4140625,-1.93959103009,0.00147086080006,0.00040098873544,-1.9626142117,-0.0268611036879,-0.00755386107722,-0.200464123856,0.051466849232,0.0255767249901,-0.025057655283,0.00313564426148,-0.14687555313,-0.102168397228,-0.025057655283,-0.14687555313,-0.0479629527938,-0.0408020895486,-3508,-0.00719820086017,0.00138336525245,0.0347222222222,-0.0347222222222,0,1929,5,186,18472,0.912056737589,0.9997293933,0.000270606700222,0.0879432624113,0.997414684592,0.912056737589,0.952827858731,0.948862138829,0.911786130888,0.909905660377,242,423,0,5,3,5
402,WLNM_dir_neg_kfold,0.893910433747,0.496743362396,00:00:19,10,80,5,15350,threshold_sweep,0.6,0.979253112033,0.557919621749,0.710843373494,236,5,187,841,0.557919621749,0.994089834515,0.00591016548463,0.442080378251,0.979253112033,0.557919621749,0.710843373494,0.848699763593,0.603362227476,0.618543046358,0.663432593712,0.552009456265,2154,1731,423,0,2154,0,1731,0,423,144,2115,0.10270979021,3.28340051934,29.375,15.4379562044,16.5234375,23.125947344,0.787266292563,0.431540583136,18.7178045265,1.27440371245,0.622363409509,10.41950078,0.709412819061,0.401704097715,1.12585631727,0.342893384662,4.14543900894,3.28340051934,1.12585631727,4.14543900894,0.506274862896,0.548025908195,16217,0.0332762894383,0.115809519663,144,144,144,1,0,0.0486111111111,0.840277777778,0.111111111111,144,0.0821678321678,3.01044400087,23.5,13.21875,13.21875,18.6712448598,0.794521057865,0.429845514841,15.168747776,1.29095725753,0.629646046756,8.3561459313,0.711161355855,0.401768124507,1.07265513114,0.356311271967,3.84221554451,3.01044400087,1.07265513114,3.84221554451,0.407171413243,0.441124136487,8429,0.0172957910634,0.091437418136,144,144,144,1,0,0.111111111111,0.777777777778,0.111111111111,144,1933,0.0938714063714,3.18108406619,26.8472222222,14.6439393939,15.1015625,21.1628119024,0.788268213642,0.431712364201,16.7401280213,1.24706592606,0.614664166236,10.2196710504,0.761320554197,0.427491090418,1.1006071836,0.3459849412,3.99856124348,3.18108406619,1.1006071836,3.99856124348,0.455535311129,0.506108853507,12662,0.0259816474605,0.117180705675,144,144,144,1,0,0.0833333333333,0.805555555556,0.111111111111,-182,-0.00883838383838,-0.102316453144,-2.52777777778,-0.79401681044,-1.421875,-1.96313544168,0.00100192107875,0.000171781064396,-1.97767650524,-0.027337786389,-0.00769924327324,-0.199829729517,0.0519077351364,0.0257869927032,-0.0252491336793,0.00309155653894,-0.146877765459,-0.102316453144,-0.0252491336793,-0.146877765459,-0.050739551767,-0.0419170546874,-3555,-0.00729464197774,0.00137118601227,0.0347222222222,-0.0347222222222,0,1928,5,187,18472,0.91158392435,0.9997293933,0.000270606700222,0.0884160756501,0.997413347129,0.91158392435,0.95256916996,0.948589958145,0.91131331765,0.909433962264,241,423,0,5,3,5
403,WLNM_dir_neg_kfold,0.893910433747,0.496743362396,00:00:19,10,80,5,15350,threshold_sweep,0.7,0.979253112033,0.557919621749,0.710843373494,236,5,187,841,0.557919621749,0.994089834515,0.00591016548463,0.442080378251,0.979253112033,0.557919621749,0.710843373494,0.848699763593,0.603362227476,0.618543046358,0.663432593712,0.552009456265,2154,1731,423,0,2154,0,1731,0,423,144,2115,0.10270979021,3.28340051934,29.375,15.4379562044,16.5234375,23.125947344,0.787266292563,0.431540583136,18.7178045265,1.27440371245,0.622363409509,10.41950078,0.709412819061,0.401704097715,1.12585631727,0.342893384662,4.14543900894,3.28340051934,1.12585631727,4.14543900894,0.506274862896,0.548025908195,16217,0.0332762894383,0.115809519663,144,144,144,1,0,0.0486111111111,0.840277777778,0.111111111111,144,0.0821678321678,3.01044400087,23.5,13.21875,13.21875,18.6712448598,0.794521057865,0.429845514841,15.168747776,1.29095725753,0.629646046756,8.3561459313,0.711161355855,0.401768124507,1.07265513114,0.356311271967,3.84221554451,3.01044400087,1.07265513114,3.84221554451,0.407171413243,0.441124136487,8429,0.0172957910634,0.091437418136,144,144,144,1,0,0.111111111111,0.777777777778,0.111111111111,144,1933,0.0938714063714,3.18108406619,26.8472222222,14.6439393939,15.1015625,21.1628119024,0.788268213642,0.431712364201,16.7401280213,1.24706592606,0.614664166236,10.2196710504,0.761320554197,0.427491090418,1.1006071836,0.3459849412,3.99856124348,3.18108406619,1.1006071836,3.99856124348,0.455535311129,0.506108853507,12662,0.0259816474605,0.117180705675,144,144,144,1,0,0.0833333333333,0.805555555556,0.111111111111,-182,-0.00883838383838,-0.102316453144,-2.52777777778,-0.79401681044,-1.421875,-1.96313544168,0.00100192107875,0.000171781064396,-1.97767650524,-0.027337786389,-0.00769924327324,-0.199829729517,0.0519077351364,0.0257869927032,-0.0252491336793,0.00309155653894,-0.146877765459,-0.102316453144,-0.0252491336793,-0.146877765459,-0.050739551767,-0.0419170546874,-3555,-0.00729464197774,0.00137118601227,0.0347222222222,-0.0347222222222,0,1928,5,187,18472,0.91158392435,0.9997293933,0.000270606700222,0.0884160756501,0.997413347129,0.91158392435,0.95256916996,0.948589958145,0.91131331765,0.909433962264,241,423,0,5,3,5
404,WLNM_dir_neg_kfold,0.893910433747,0.496743362396,00:00:19,10,80,5,15350,threshold_sweep,0.8,0.979253112033,0.557919621749,0.710843373494,236,5,187,841,0.557919621749,0.994089834515,0.00591016548463,0.442080378251,0.979253112033,0.557919621749,0.710843373494,0.848699763593,0.603362227476,0.618543046358,0.663432593712,0.552009456265,2154,1731,423,0,2154,0,1731,0,423,144,2115,0.10270979021,3.28340051934,29.375,15.4379562044,16.5234375,23.125947344,0.787266292563,0.431540583136,18.7178045265,1.27440371245,0.622363409509,10.41950078,0.709412819061,0.401704097715,1.12585631727,0.342893384662,4.14543900894,3.28340051934,1.12585631727,4.14543900894,0.506274862896,0.548025908195,16217,0.0332762894383,0.115809519663,144,144,144,1,0,0.0486111111111,0.840277777778,0.111111111111,144,0.0821678321678,3.01044400087,23.5,13.21875,13.21875,18.6712448598,0.794521057865,0.429845514841,15.168747776,1.29095725753,0.629646046756,8.3561459313,0.711161355855,0.401768124507,1.07265513114,0.356311271967,3.84221554451,3.01044400087,1.07265513114,3.84221554451,0.407171413243,0.441124136487,8429,0.0172957910634,0.091437418136,144,144,144,1,0,0.111111111111,0.777777777778,0.111111111111,144,1933,0.0938714063714,3.18108406619,26.8472222222,14.6439393939,15.1015625,21.1628119024,0.788268213642,0.431712364201,16.7401280213,1.24706592606,0.614664166236,10.2196710504,0.761320554197,0.427491090418,1.1006071836,0.3459849412,3.99856124348,3.18108406619,1.1006071836,3.99856124348,0.455535311129,0.506108853507,12662,0.0259816474605,0.117180705675,144,144,144,1,0,0.0833333333333,0.805555555556,0.111111111111,-182,-0.00883838383838,-0.102316453144,-2.52777777778,-0.79401681044,-1.421875,-1.96313544168,0.00100192107875,0.000171781064396,-1.97767650524,-0.027337786389,-0.00769924327324,-0.199829729517,0.0519077351364,0.0257869927032,-0.0252491336793,0.00309155653894,-0.146877765459,-0.102316453144,-0.0252491336793,-0.146877765459,-0.050739551767,-0.0419170546874,-3555,-0.00729464197774,0.00137118601227,0.0347222222222,-0.0347222222222,0,1928,5,187,18472,0.91158392435,0.9997293933,0.000270606700222,0.0884160756501,0.997413347129,0.91158392435,0.95256916996,0.948589958145,0.91131331765,0.909433962264,241,423,0,5,3,5
405,WLNM_dir_neg_kfold,0.893910433747,0.496743362396,00:00:19,10,80,5,15350,threshold_sweep,0.9,0.982832618026,0.541371158392,0.698170731707,229,4,194,842,0.541371158392,0.995271867612,0.00472813238771,0.458628841608,0.982832618026,0.541371158392,0.698170731707,0.843971631206,0.605463619648,0.604527296937,0.653405847554,0.536643026005,2154,1731,423,0,2154,0,1731,0,423,144,2115,0.10270979021,3.28340051934,29.375,15.4379562044,16.5234375,23.125947344,0.787266292563,0.431540583136,18.7178045265,1.27440371245,0.622363409509,10.41950078,0.709412819061,0.401704097715,1.12585631727,0.342893384662,4.14543900894,3.28340051934,1.12585631727,4.14543900894,0.506274862896,0.548025908195,16217,0.0332762894383,0.115809519663,144,144,144,1,0,0.0486111111111,0.840277777778,0.111111111111,144,0.0821678321678,3.01044400087,23.5,13.21875,13.21875,18.6712448598,0.794521057865,0.429845514841,15.168747776,1.29095725753,0.629646046756,8.3561459313,0.711161355855,0.401768124507,1.07265513114,0.356311271967,3.84221554451,3.01044400087,1.07265513114,3.84221554451,0.407171413243,0.441124136487,8429,0.0172957910634,0.091437418136,144,144,144,1,0,0.111111111111,0.777777777778,0.111111111111,144,1925,0.0934829059829,3.12876201812,26.7361111111,15.0390625,15.0390625,21.1256600381,0.790154557268,0.432398989899,16.737273227,1.25203498425,0.61768037518,10.1387207147,0.75842897814,0.426374458874,1.1201193291,0.358007199847,3.94320172651,3.12876201812,1.1201193291,3.94320172651,0.457534168305,0.507386386507,12605,0.0258646869562,0.117445918921,144,144,144,1,0,0.111111111111,0.777777777778,0.111111111111,-190,-0.00922688422688,-0.154638501214,-2.63888888889,-0.39889370438,-1.484375,-2.00028730599,0.00288826470439,0.000858406762662,-1.98053129958,-0.0223687281949,-0.00468303432842,-0.280780065232,0.0490161590795,0.0246703611597,-0.0057369881789,0.0151138151855,-0.202237282426,-0.154638501214,-0.0057369881789,-0.202237282426,-0.0487406945906,-0.0406395216876,-3612,-0.00741160248203,0.00163639925764,0.0625,-0.0625,0,1921,4,194,18473,0.908274231678,0.99978351464,0.000216485360178,0.0917257683215,0.997922077922,0.908274231678,0.95099009901,0.946960256381,0.908057746318,0.906559697971,233,423,0,5,3,5
406,WLNM_dir_neg_kfold,0.8582999402,0.396480497464,00:00:19,10,80,6,15351,threshold_sweep,0.1,0.933852140078,0.567375886525,0.705882352941,240,17,183,829,0.567375886525,0.979905437352,0.0200945626478,0.432624113475,0.933852140078,0.567375886525,0.705882352941,0.842395587076,0.599159443131,0.606815203145,0.641961783986,0.547281323877,2154,1731,423,0,2154,0,1731,0,423,144,2115,0.10270979021,3.28340051934,29.375,15.4379562044,16.5234375,23.125947344,0.787266292563,0.431540583136,18.7178045265,1.27440371245,0.622363409509,10.41950078,0.709412819061,0.401704097715,1.12585631727,0.342893384662,4.14543900894,3.28340051934,1.12585631727,4.14543900894,0.506274862896,0.548025908195,16217,0.0332762894383,0.115809519663,144,144,144,1,0,0.0486111111111,0.840277777778,0.111111111111,144,0.0821678321678,3.01044400087,23.5,13.21875,13.21875,18.6712448598,0.794521057865,0.429845514841,15.168747776,1.29095725753,0.629646046756,8.3561459313,0.711161355855,0.401768124507,1.07265513114,0.356311271967,3.84221554451,3.01044400087,1.07265513114,3.84221554451,0.407171413243,0.441124136487,8429,0.0172957910634,0.091437418136,144,144,144,1,0,0.111111111111,0.777777777778,0.111111111111,144,1949,0.0946484071484,1,27.0694444444,13.6293706294,15.1085271318,21.0529312205,0.777737838829,0.427263268913,16.5866713676,1.22549034219,0.601337580526,10.3308304924,0.763283525352,0.427637392395,0,0,0,NaN,NaN,NaN,0.453243583732,0.502159095439,12598,0.0258503233855,0.108267423245,144,144,0,1,2,0.00694444444444,0.888888888889,0.104166666667,-166,-0.00806138306138,-2.28340051934,-2.30555555556,-1.80858557501,-1.41491036822,-2.07301612352,-0.00952845373433,-0.0042773142235,-2.13113315899,-0.0489133702556,-0.0210258289832,-0.0886702875142,0.0538707062915,0.0259332946802,-1.12585631727,-0.342893384662,-4.14543900894,NaN,NaN,NaN,-0.0530312791641,-0.0458668127562,-3619,-0.00742596605273,-0.00754209641786,-0.0416666666667,0.0486111111111,-0.00694444444444,1932,17,183,18460,0.913475177305,0.999079937219,0.000920062780754,0.086524822695,0.991277578245,0.913475177305,0.950787401575,0.946381407079,0.912555114524,0.906191369606,257,423,0,5,3,5
407,WLNM_dir_neg_kfold,0.8582999402,0.396480497464,00:00:19,10,80,6,15351,threshold_sweep,0.2,0.944444444444,0.562647754137,0.705185185185,238,14,185,832,0.562647754137,0.983451536643,0.016548463357,0.437352245863,0.944444444444,0.562647754137,0.705185185185,0.843183609141,0.600472813239,0.607495069034,0.645306784115,0.54609929078,2154,1731,423,0,2154,0,1731,0,423,144,2115,0.10270979021,3.28340051934,29.375,15.4379562044,16.5234375,23.125947344,0.787266292563,0.431540583136,18.7178045265,1.27440371245,0.622363409509,10.41950078,0.709412819061,0.401704097715,1.12585631727,0.342893384662,4.14543900894,3.28340051934,1.12585631727,4.14543900894,0.506274862896,0.548025908195,16217,0.0332762894383,0.115809519663,144,144,144,1,0,0.0486111111111,0.840277777778,0.111111111111,144,0.0821678321678,3.01044400087,23.5,13.21875,13.21875,18.6712448598,0.794521057865,0.429845514841,15.168747776,1.29095725753,0.629646046756,8.3561459313,0.711161355855,0.401768124507,1.07265513114,0.356311271967,3.84221554451,3.01044400087,1.07265513114,3.84221554451,0.407171413243,0.441124136487,8429,0.0172957910634,0.091437418136,144,144,144,1,0,0.111111111111,0.777777777778,0.111111111111,144,1944,0.0944055944056,6.95919175978,27,13.7872340426,15.0697674419,21.0214675487,0.778572872175,0.427444130087,16.5955592678,1.22930068651,0.603280749886,10.2684253632,0.760624100981,0.427176211706,2.17305189018,0.312256360393,8.5,6.95919175978,2.17305189018,8.5,0.451080853573,0.503117505995,12588,0.0258298039988,0.108693537604,144,144,144,1,0,0.0208333333333,0.875,0.104166666667,-171,-0.0083041958042,3.67579124044,-2.375,-1.65072216183,-1.45367005814,-2.10447979532,-0.00869342038816,-0.00409645304945,-2.12224525869,-0.0451030259381,-0.0190826596231,-0.151075416709,0.0512112819204,0.0254721139908,1.04719557291,-0.0306370242689,4.35456099106,3.67579124044,1.04719557291,4.35456099106,-0.0551940093225,-0.0449084021997,-3629,-0.00744648543944,-0.00711598205945,-0.0277777777778,0.0347222222222,-0.00694444444444,1930,14,185,18463,0.912529550827,0.999242301239,0.000757698760621,0.0874704491726,0.992798353909,0.912529550827,0.950973146095,0.946657402759,0.911771852067,0.906528886801,252,423,0,5,3,5
408,WLNM_dir_neg_kfold,0.8582999402,0.396480497464,00:00:19,10,80,6,15351,threshold_sweep,0.3,0.974683544304,0.54609929078,0.7,231,6,192,840,0.54609929078,0.992907801418,0.00709219858156,0.45390070922,0.974683544304,0.54609929078,0.7,0.843971631206,0.604412923562,0.605577689243,0.651982326281,0.539007092199,2154,1731,423,0,2154,0,1731,0,423,144,2115,0.10270979021,3.28340051934,29.375,15.4379562044,16.5234375,23.125947344,0.787266292563,0.431540583136,18.7178045265,1.27440371245,0.622363409509,10.41950078,0.709412819061,0.401704097715,1.12585631727,0.342893384662,4.14543900894,3.28340051934,1.12585631727,4.14543900894,0.506274862896,0.548025908195,16217,0.0332762894383,0.115809519663,144,144,144,1,0,0.0486111111111,0.840277777778,0.111111111111,144,0.0821678321678,3.01044400087,23.5,13.21875,13.21875,18.6712448598,0.794521057865,0.429845514841,15.168747776,1.29095725753,0.629646046756,8.3561459313,0.711161355855,0.401768124507,1.07265513114,0.356311271967,3.84221554451,3.01044400087,1.07265513114,3.84221554451,0.407171413243,0.441124136487,8429,0.0172957910634,0.091437418136,144,144,144,1,0,0.111111111111,0.777777777778,0.111111111111,144,1929,0.0936771561772,3.28651406079,26.7916666667,14.6136363636,14.9534883721,21.093158338,0.787302955073,0.431383560855,16.6730043312,1.24464106982,0.613699527677,10.1755354149,0.759604509974,0.42673593111,1.07731731587,0.327799393505,4.12416625224,3.28651406079,1.07731731587,4.12416625224,0.456797190569,0.506195878365,12568,0.0257887652254,0.115200281418,144,144,144,1,0,0.0833333333333,0.8125,0.104166666667,-186,-0.00903263403263,0.00311354145131,-2.58333333333,-0.824319840743,-1.56994912791,-2.03278900606,3.66625093956e-05,-0.000157022281538,-2.04480019539,-0.0297626426237,-0.00866388183182,-0.243965365098,0.050191690913,0.0250318333952,-0.0485390014028,-0.0150939911565,-0.0212727567004,0.00311354145131,-0.0485390014028,-0.0212727567004,-0.0494776723262,-0.0418300298301,-3649,-0.00748752421288,-0.000609238245403,0.0347222222222,-0.0277777777778,-0.00694444444444,1923,6,192,18471,0.909219858156,0.99967527196,0.000324728040266,0.090780141844,0.996889580093,0.909219858156,0.951038575668,0.946951747602,0.908895130116,0.906647807638,237,423,0,5,3,5
409,WLNM_dir_neg_kfold,0.8582999402,0.396480497464,00:00:19,10,80,6,15351,threshold_sweep,0.4,0.978813559322,0.54609929078,0.701062215478,231,5,192,841,0.54609929078,0.994089834515,0.00591016548463,0.45390070922,0.978813559322,0.54609929078,0.701062215478,0.84475965327,0.604675597583,0.6073089701,0.654477981141,0.540189125296,2154,1731,423,0,2154,0,1731,0,423,144,2115,0.10270979021,3.28340051934,29.375,15.4379562044,16.5234375,23.125947344,0.787266292563,0.431540583136,18.7178045265,1.27440371245,0.622363409509,10.41950078,0.709412819061,0.401704097715,1.12585631727,0.342893384662,4.14543900894,3.28340051934,1.12585631727,4.14543900894,0.506274862896,0.548025908195,16217,0.0332762894383,0.115809519663,144,144,144,1,0,0.0486111111111,0.840277777778,0.111111111111,144,0.0821678321678,3.01044400087,23.5,13.21875,13.21875,18.6712448598,0.794521057865,0.429845514841,15.168747776,1.29095725753,0.629646046756,8.3561459313,0.711161355855,0.401768124507,1.07265513114,0.356311271967,3.84221554451,3.01044400087,1.07265513114,3.84221554451,0.407171413243,0.441124136487,8429,0.0172957910634,0.091437418136,144,144,144,1,0,0.111111111111,0.777777777778,0.111111111111,144,1928,0.0936285936286,3.28453165814,26.7777777778,14.6060606061,14.9457364341,21.0867155491,0.787470705154,0.431463231904,16.6758948811,1.24550252224,0.613884566621,10.1651475803,0.759222640856,0.426528642231,1.07635236784,0.327703453602,4.12337135783,3.28453165814,1.07635236784,4.12337135783,0.456706743333,0.506510784116,12564,0.0257805574707,0.115434470208,144,144,144,1,0,0.0833333333333,0.8125,0.104166666667,-187,-0.0090811965812,0.00113113880197,-2.59722222222,-0.831895598319,-1.57770106589,-2.03923179492,0.000204412590765,-7.73512322245e-05,-2.04190964544,-0.0289011902054,-0.00847884288824,-0.254353199609,0.0498098217949,0.0248245445167,-0.0495039494373,-0.0151899310594,-0.0220676511044,0.00113113880197,-0.0495039494373,-0.0220676511044,-0.0495681195626,-0.0415151240788,-3653,-0.00749573196756,-0.000375049454983,0.0347222222222,-0.0277777777778,-0.00694444444444,1923,5,192,18472,0.909219858156,0.9997293933,0.000270606700222,0.090780141844,0.997406639004,0.909219858156,0.951273806579,0.947228319799,0.908949251456,0.907075471698,236,423,0,5,3,5
410,WLNM_dir_neg_kfold,0.8582999402,0.396480497464,00:00:19,10,80,6,15351,threshold_sweep,0.5,0.982978723404,0.54609929078,0.702127659574,231,4,192,842,0.54609929078,0.995271867612,0.00472813238771,0.45390070922,0.982978723404,0.54609929078,0.702127659574,0.845547675335,0.604938271605,0.609042553191,0.656986248954,0.541371158392,2154,1731,423,0,2154,0,1731,0,423,144,2115,0.10270979021,3.28340051934,29.375,15.4379562044,16.5234375,23.125947344,0.787266292563,0.431540583136,18.7178045265,1.27440371245,0.622363409509,10.41950078,0.709412819061,0.401704097715,1.12585631727,0.342893384662,4.14543900894,3.28340051934,1.12585631727,4.14543900894,0.506274862896,0.548025908195,16217,0.0332762894383,0.115809519663,144,144,144,1,0,0.0486111111111,0.840277777778,0.111111111111,144,0.0821678321678,3.01044400087,23.5,13.21875,13.21875,18.6712448598,0.794521057865,0.429845514841,15.168747776,1.29095725753,0.629646046756,8.3561459313,0.711161355855,0.401768124507,1.07265513114,0.356311271967,3.84221554451,3.01044400087,1.07265513114,3.84221554451,0.407171413243,0.441124136487,8429,0.0172957910634,0.091437418136,144,144,144,1,0,0.111111111111,0.777777777778,0.111111111111,144,1927,0.09358003108,3.25767261887,26.7638888889,14.5984848485,14.9379844961,21.0872268073,0.787898458808,0.43162226835,16.6808782649,1.2465212611,0.614502248746,10.1513005318,0.758581876791,0.426249063023,1.07947092412,0.33136261694,4.1052559002,3.25767261887,1.07947092412,4.1052559002,0.456546385682,0.506696788769,12560,0.025772349716,0.114764976584,144,144,144,1,0,0.0833333333333,0.8125,0.104166666667,-188,-0.00912975912976,-0.0257279004689,-2.61111111111,-0.839471355895,-1.58545300388,-2.03872053678,0.000632166244961,8.16852140151e-05,-2.03692626161,-0.0278824513404,-0.00786116076291,-0.268200248181,0.0491690577298,0.0245449653078,-0.046385393153,-0.0115307677215,-0.0401831087353,-0.0257279004689,-0.046385393153,-0.0401831087353,-0.0497284772141,-0.0413291194261,-3657,-0.00750393972225,-0.00104454307887,0.0347222222222,-0.0277777777778,-0.00694444444444,1923,4,192,18473,0.909219858156,0.99978351464,0.000216485360178,0.090780141844,0.997924234561,0.909219858156,0.951509153884,0.947505098224,0.909003372796,0.907503539405,235,423,0,5,3,5
411,WLNM_dir_neg_kfold,0.8582999402,0.396480497464,00:00:19,10,80,6,15351,threshold_sweep,0.6,0.987179487179,0.54609929078,0.703196347032,231,3,192,843,0.54609929078,0.996453900709,0.00354609929078,0.45390070922,0.987179487179,0.54609929078,0.703196347032,0.8463356974,0.605200945626,0.610778443114,0.659507265143,0.542553191489,2154,1731,423,0,2154,0,1731,0,423,144,2115,0.10270979021,3.28340051934,29.375,15.4379562044,16.5234375,23.125947344,0.787266292563,0.431540583136,18.7178045265,1.27440371245,0.622363409509,10.41950078,0.709412819061,0.401704097715,1.12585631727,0.342893384662,4.14543900894,3.28340051934,1.12585631727,4.14543900894,0.506274862896,0.548025908195,16217,0.0332762894383,0.115809519663,144,144,144,1,0,0.0486111111111,0.840277777778,0.111111111111,144,0.0821678321678,3.01044400087,23.5,13.21875,13.21875,18.6712448598,0.794521057865,0.429845514841,15.168747776,1.29095725753,0.629646046756,8.3561459313,0.711161355855,0.401768124507,1.07265513114,0.356311271967,3.84221554451,3.01044400087,1.07265513114,3.84221554451,0.407171413243,0.441124136487,8429,0.0172957910634,0.091437418136,144,144,144,1,0,0.111111111111,0.777777777778,0.111111111111,144,1926,0.0935314685315,3.24981664654,26.75,14.5909090909,14.9302325581,21.0791050884,0.788003928539,0.43162642783,16.6845999091,1.24744672217,0.61488981193,10.1436362634,0.758402711279,0.42614947502,1.0776085119,0.331590556978,4.092922463,3.24981664654,1.0776085119,4.092922463,0.456546385682,0.506696788769,12560,0.025772349716,0.114933714715,144,144,144,1,0,0.0833333333333,0.8125,0.104166666667,-189,-0.00917832167832,-0.0335838727971,-2.625,-0.84704711347,-1.59320494186,-2.04684225562,0.000737635975921,8.58446933709e-05,-2.03320461746,-0.0269569902714,-0.00747359757849,-0.275864516595,0.0489898922185,0.0244453773055,-0.0482478053728,-0.0113028276837,-0.0525165459353,-0.0335838727971,-0.0482478053728,-0.0525165459353,-0.0497284772141,-0.0413291194261,-3657,-0.00750393972225,-0.000875804948511,0.0347222222222,-0.0277777777778,-0.00694444444444,1923,3,192,18474,0.909219858156,0.99983763598,0.000162364020133,0.090780141844,0.998442367601,0.909219858156,0.951744617669,0.947782083142,0.909057494136,0.907932011331,234,423,0,5,3,5
412,WLNM_dir_neg_kfold,0.8582999402,0.396480497464,00:00:19,10,80,6,15351,threshold_sweep,0.7,0.987012987013,0.539007092199,0.697247706422,228,3,195,843,0.539007092199,0.996453900709,0.00354609929078,0.460992907801,0.987012987013,0.539007092199,0.697247706422,0.843971631206,0.605988967691,0.604,0.654151795058,0.535460992908,2154,1731,423,0,2154,0,1731,0,423,144,2115,0.10270979021,3.28340051934,29.375,15.4379562044,16.5234375,23.125947344,0.787266292563,0.431540583136,18.7178045265,1.27440371245,0.622363409509,10.41950078,0.709412819061,0.401704097715,1.12585631727,0.342893384662,4.14543900894,3.28340051934,1.12585631727,4.14543900894,0.506274862896,0.548025908195,16217,0.0332762894383,0.115809519663,144,144,144,1,0,0.0486111111111,0.840277777778,0.111111111111,144,0.0821678321678,3.01044400087,23.5,13.21875,13.21875,18.6712448598,0.794521057865,0.429845514841,15.168747776,1.29095725753,0.629646046756,8.3561459313,0.711161355855,0.401768124507,1.07265513114,0.356311271967,3.84221554451,3.01044400087,1.07265513114,3.84221554451,0.407171413243,0.441124136487,8429,0.0172957910634,0.091437418136,144,144,144,1,0,0.111111111111,0.777777777778,0.111111111111,144,1923,0.0933857808858,3.21313606688,26.7083333333,14.9069767442,14.9069767442,21.0908375029,0.78967254301,0.432332293292,16.7007678522,1.25060352091,0.61711662911,10.1102099955,0.757082807778,0.425488964003,1.09573366736,0.341016889592,4.05302337174,3.21313606688,1.09573366736,4.05302337174,0.459704969597,0.50752943078,12560,0.025772349716,0.115796620327,144,144,144,1,0,0.104166666667,0.791666666667,0.104166666667,-192,-0.00932400932401,-0.070264452456,-2.66666666667,-0.530979460194,-1.61646075581,-2.03510984115,0.00240625044686,0.000791710155404,-2.01703667434,-0.0238001915314,-0.00524678039919,-0.309290784419,0.0476699887173,0.0237848662883,-0.0301226499128,-0.00187649507,-0.0924156371959,-0.070264452456,-0.0301226499128,-0.0924156371959,-0.0465698932983,-0.0404964774145,-3657,-0.00750393972225,-1.28993357837e-05,0.0555555555556,-0.0486111111111,-0.00694444444444,1920,3,195,18474,0.90780141844,0.99983763598,0.000162364020133,0.0921985815603,0.998439937598,0.90780141844,0.950965824666,0.946964983173,0.90763905442,0.906515580737,231,423,0,5,3,5
413,WLNM_dir_neg_kfold,0.8582999402,0.396480497464,00:00:19,10,80,6,15351,threshold_sweep,0.8,0.987012987013,0.539007092199,0.697247706422,228,3,195,843,0.539007092199,0.996453900709,0.00354609929078,0.460992907801,0.987012987013,0.539007092199,0.697247706422,0.843971631206,0.605988967691,0.604,0.654151795058,0.535460992908,2154,1731,423,0,2154,0,1731,0,423,144,2115,0.10270979021,3.28340051934,29.375,15.4379562044,16.5234375,23.125947344,0.787266292563,0.431540583136,18.7178045265,1.27440371245,0.622363409509,10.41950078,0.709412819061,0.401704097715,1.12585631727,0.342893384662,4.14543900894,3.28340051934,1.12585631727,4.14543900894,0.506274862896,0.548025908195,16217,0.0332762894383,0.115809519663,144,144,144,1,0,0.0486111111111,0.840277777778,0.111111111111,144,0.0821678321678,3.01044400087,23.5,13.21875,13.21875,18.6712448598,0.794521057865,0.429845514841,15.168747776,1.29095725753,0.629646046756,8.3561459313,0.711161355855,0.401768124507,1.07265513114,0.356311271967,3.84221554451,3.01044400087,1.07265513114,3.84221554451,0.407171413243,0.441124136487,8429,0.0172957910634,0.091437418136,144,144,144,1,0,0.111111111111,0.777777777778,0.111111111111,144,1923,0.0933857808858,3.21313606688,26.7083333333,14.9069767442,14.9069767442,21.0908375029,0.78967254301,0.432332293292,16.7007678522,1.25060352091,0.61711662911,10.1102099955,0.757082807778,0.425488964003,1.09573366736,0.341016889592,4.05302337174,3.21313606688,1.09573366736,4.05302337174,0.459704969597,0.50752943078,12560,0.025772349716,0.115796620327,144,144,144,1,0,0.104166666667,0.791666666667,0.104166666667,-192,-0.00932400932401,-0.070264452456,-2.66666666667,-0.530979460194,-1.61646075581,-2.03510984115,0.00240625044686,0.000791710155404,-2.01703667434,-0.0238001915314,-0.00524678039919,-0.309290784419,0.0476699887173,0.0237848662883,-0.0301226499128,-0.00187649507,-0.0924156371959,-0.070264452456,-0.0301226499128,-0.0924156371959,-0.0465698932983,-0.0404964774145,-3657,-0.00750393972225,-1.28993357837e-05,0.0555555555556,-0.0486111111111,-0.00694444444444,1920,3,195,18474,0.90780141844,0.99983763598,0.000162364020133,0.0921985815603,0.998439937598,0.90780141844,0.950965824666,0.946964983173,0.90763905442,0.906515580737,231,423,0,5,3,5
414,WLNM_dir_neg_kfold,0.8582999402,0.396480497464,00:00:19,10,80,6,15351,threshold_sweep,0.9,0.991304347826,0.539007092199,0.698315467075,228,2,195,844,0.539007092199,0.997635933806,0.00236406619385,0.460992907801,0.991304347826,0.539007092199,0.698315467075,0.84475965327,0.606251641713,0.605737158105,0.656703246428,0.536643026005,2154,1731,423,0,2154,0,1731,0,423,144,2115,0.10270979021,3.28340051934,29.375,15.4379562044,16.5234375,23.125947344,0.787266292563,0.431540583136,18.7178045265,1.27440371245,0.622363409509,10.41950078,0.709412819061,0.401704097715,1.12585631727,0.342893384662,4.14543900894,3.28340051934,1.12585631727,4.14543900894,0.506274862896,0.548025908195,16217,0.0332762894383,0.115809519663,144,144,144,1,0,0.0486111111111,0.840277777778,0.111111111111,144,0.0821678321678,3.01044400087,23.5,13.21875,13.21875,18.6712448598,0.794521057865,0.429845514841,15.168747776,1.29095725753,0.629646046756,8.3561459313,0.711161355855,0.401768124507,1.07265513114,0.356311271967,3.84221554451,3.01044400087,1.07265513114,3.84221554451,0.407171413243,0.441124136487,8429,0.0172957910634,0.091437418136,144,144,144,1,0,0.111111111111,0.777777777778,0.111111111111,144,1922,0.0933372183372,3.15879013845,26.6944444444,15.015625,14.8992248062,21.0999213792,0.790423693704,0.432716209966,16.7061478757,1.25165728101,0.617845993757,10.1128730844,0.757676235248,0.425807896867,1.1152380637,0.353058612575,4.01580676727,3.15879013845,1.1152380637,4.01580676727,0.456565066081,0.507377016048,12552,0.0257559342066,0.117400876189,144,144,144,1,0,0.111111111111,0.784722222222,0.104166666667,-193,-0.00937257187257,-0.124610380888,-2.68055555556,-0.42233120438,-1.6242126938,-2.02602596488,0.00315740114102,0.00117562683014,-2.01165665082,-0.022746431434,-0.0045174157523,-0.306627695604,0.0482634161872,0.024103799152,-0.0106182535773,0.0101652279138,-0.129632241672,-0.124610380888,-0.0106182535773,-0.129632241672,-0.0497097968144,-0.0406488921473,-3665,-0.00752035523162,0.00159135652597,0.0625,-0.0555555555556,-0.00694444444444,1920,2,195,18475,0.90780141844,0.99989175732,0.000108242680089,0.0921985815603,0.998959417274,0.90780141844,0.951201387169,0.947242411917,0.90769317576,0.90694378838,230,423,0,5,3,5
415,WLNM_dir_neg_kfold,0.841390998664,0.383870780781,00:00:19,10,80,7,15352,threshold_sweep,0.1,0.948818897638,0.569739952719,0.711964549483,241,13,182,833,0.569739952719,0.98463356974,0.01536643026,0.430260047281,0.948818897638,0.569739952719,0.711964549483,0.8463356974,0.599947465196,0.615889691399,0.653142531905,0.554373522459,2154,1731,423,0,2154,0,1731,0,423,144,2115,0.10270979021,3.28340051934,29.375,15.4379562044,16.5234375,23.125947344,0.787266292563,0.431540583136,18.7178045265,1.27440371245,0.622363409509,10.41950078,0.709412819061,0.401704097715,1.12585631727,0.342893384662,4.14543900894,3.28340051934,1.12585631727,4.14543900894,0.506274862896,0.548025908195,16217,0.0332762894383,0.115809519663,144,144,144,1,0,0.0486111111111,0.840277777778,0.111111111111,144,0.0821678321678,3.01044400087,23.5,13.21875,13.21875,18.6712448598,0.794521057865,0.429845514841,15.168747776,1.29095725753,0.629646046756,8.3561459313,0.711161355855,0.401768124507,1.07265513114,0.356311271967,3.84221554451,3.01044400087,1.07265513114,3.84221554451,0.407171413243,0.441124136487,8429,0.0172957910634,0.091437418136,144,144,144,1,0,0.111111111111,0.777777777778,0.111111111111,144,1946,0.0945027195027,6.9357543187,27.0277777778,13.6083916084,15.203125,21.0546888436,0.779001848272,0.427929085303,16.5867021095,1.22738186216,0.602325282631,10.3295259547,0.764363688324,0.428585702866,1.53777209418,0.221716632902,7.65015934011,6.9357543187,1.53777209418,7.65015934011,0.457969084102,0.50302499602,12638,0.0259324009324,0.108511014161,144,144,144,1,0,0.00694444444444,0.881944444444,0.111111111111,-169,-0.00820707070707,3.65235379937,-2.34722222222,-1.82956459599,-1.3203125,-2.07125850046,-0.00826444429097,-0.00361149783314,-2.13110241706,-0.0470218502841,-0.0200381268778,-0.0899748252418,0.0549508692633,0.0268816051515,0.411915776904,-0.12117675176,3.50472033117,3.65235379937,0.411915776904,3.50472033117,-0.0483057787941,-0.0450009121751,-3579,-0.00734388850586,-0.00729850550228,-0.0416666666667,0.0416666666667,0,1933,13,182,18464,0.913947990544,0.999296422579,0.000703577420577,0.0860520094563,0.99331963001,0.913947990544,0.951982270377,0.947749756239,0.913244413123,0.908364661654,254,423,0,5,3,5
416,WLNM_dir_neg_kfold,0.841390998664,0.383870780781,00:00:19,10,80,7,15352,threshold_sweep,0.2,0.956349206349,0.569739952719,0.714074074074,241,11,182,835,0.569739952719,0.986997635934,0.0130023640662,0.430260047281,0.956349206349,0.569739952719,0.714074074074,0.847911741529,0.600472813239,0.61932938856,0.657877695494,0.556737588652,2154,1731,423,0,2154,0,1731,0,423,144,2115,0.10270979021,3.28340051934,29.375,15.4379562044,16.5234375,23.125947344,0.787266292563,0.431540583136,18.7178045265,1.27440371245,0.622363409509,10.41950078,0.709412819061,0.401704097715,1.12585631727,0.342893384662,4.14543900894,3.28340051934,1.12585631727,4.14543900894,0.506274862896,0.548025908195,16217,0.0332762894383,0.115809519663,144,144,144,1,0,0.0486111111111,0.840277777778,0.111111111111,144,0.0821678321678,3.01044400087,23.5,13.21875,13.21875,18.6712448598,0.794521057865,0.429845514841,15.168747776,1.29095725753,0.629646046756,8.3561459313,0.711161355855,0.401768124507,1.07265513114,0.356311271967,3.84221554451,3.01044400087,1.07265513114,3.84221554451,0.407171413243,0.441124136487,8429,0.0172957910634,0.091437418136,144,144,144,1,0,0.111111111111,0.777777777778,0.111111111111,144,1944,0.0944055944056,4.52293366923,27,13.6901408451,15.1875,21.0547072955,0.779803973909,0.428183584819,16.5968233543,1.22939432254,0.603652263374,10.3186978091,0.764347985859,0.428519375857,1.36042874188,0.300784588361,5.38729166556,4.52293366923,1.36042874188,5.38729166556,0.457784453165,0.503252788104,12635,0.0259262451164,0.109023117204,144,144,144,1,0,0.0138888888889,0.875,0.111111111111,-171,-0.0083041958042,1.23953314989,-2.375,-1.74781535931,-1.3359375,-2.07124004851,-0.00746231865442,-0.00335699831694,-2.12098117222,-0.0450093899029,-0.0187111461343,-0.100802970856,0.0549351667984,0.0268152781426,0.234572424609,-0.0421087963004,1.24185265662,1.23953314989,0.234572424609,1.24185265662,-0.0484904097305,-0.0447731200908,-3582,-0.00735004432188,-0.00678640245898,-0.0347222222222,0.0347222222222,0,1933,11,182,18466,0.913947990544,0.99940466526,0.000595334740488,0.0860520094563,0.994341563786,0.913947990544,0.952451342695,0.948298690057,0.913352655803,0.909219190969,252,423,0,5,3,5
417,WLNM_dir_neg_kfold,0.841390998664,0.383870780781,00:00:19,10,80,7,15352,threshold_sweep,0.3,0.967479674797,0.562647754137,0.711509715994,238,8,185,838,0.562647754137,0.990543735225,0.00945626477541,0.437352245863,0.967479674797,0.562647754137,0.711509715994,0.847911741529,0.602048857368,0.617821782178,0.659668102593,0.553191489362,2154,1731,423,0,2154,0,1731,0,423,144,2115,0.10270979021,3.28340051934,29.375,15.4379562044,16.5234375,23.125947344,0.787266292563,0.431540583136,18.7178045265,1.27440371245,0.622363409509,10.41950078,0.709412819061,0.401704097715,1.12585631727,0.342893384662,4.14543900894,3.28340051934,1.12585631727,4.14543900894,0.506274862896,0.548025908195,16217,0.0332762894383,0.115809519663,144,144,144,1,0,0.0486111111111,0.840277777778,0.111111111111,144,0.0821678321678,3.01044400087,23.5,13.21875,13.21875,18.6712448598,0.794521057865,0.429845514841,15.168747776,1.29095725753,0.629646046756,8.3561459313,0.711161355855,0.401768124507,1.07265513114,0.356311271967,3.84221554451,3.01044400087,1.07265513114,3.84221554451,0.407171413243,0.441124136487,8429,0.0172957910634,0.091437418136,144,144,144,1,0,0.111111111111,0.777777777778,0.111111111111,144,1938,0.0941142191142,3.79212607773,26.9166666667,13.9424460432,15.140625,21.0442424397,0.781829440484,0.42889290219,16.6270800266,1.2354486707,0.607692638459,10.2799111585,0.763832408062,0.428656404082,1.14429658909,0.301755945249,4.64195265972,3.79212607773,1.14429658909,4.64195265972,0.457481051316,0.504478208717,12617,0.0258893102203,0.111221025658,144,144,144,1,0,0.0347222222222,0.854166666667,0.111111111111,-177,-0.00859557109557,0.508725558399,-2.45833333333,-1.49551016121,-1.3828125,-2.08170490436,-0.00543685207959,-0.00264768094621,-2.09072449997,-0.0389550417407,-0.0146707710499,-0.13958962146,0.0544195890008,0.0269523063674,0.0184402718151,-0.0411374394127,0.496513650786,0.508725558399,0.0184402718151,0.496513650786,-0.0487938115798,-0.0435476994784,-3600,-0.00738697921797,-0.00458849400545,-0.0138888888889,0.0138888888889,0,1930,8,185,18469,0.912529550827,0.99956702928,0.000432970720355,0.0874704491726,0.995872033024,0.912529550827,0.952380952381,0.948306811537,0.912096580107,0.909090909091,246,423,0,5,3,5
418,WLNM_dir_neg_kfold,0.841390998664,0.383870780781,00:00:19,10,80,7,15352,threshold_sweep,0.4,0.967479674797,0.562647754137,0.711509715994,238,8,185,838,0.562647754137,0.990543735225,0.00945626477541,0.437352245863,0.967479674797,0.562647754137,0.711509715994,0.847911741529,0.602048857368,0.617821782178,0.659668102593,0.553191489362,2154,1731,423,0,2154,0,1731,0,423,144,2115,0.10270979021,3.28340051934,29.375,15.4379562044,16.5234375,23.125947344,0.787266292563,0.431540583136,18.7178045265,1.27440371245,0.622363409509,10.41950078,0.709412819061,0.401704097715,1.12585631727,0.342893384662,4.14543900894,3.28340051934,1.12585631727,4.14543900894,0.506274862896,0.548025908195,16217,0.0332762894383,0.115809519663,144,144,144,1,0,0.0486111111111,0.840277777778,0.111111111111,144,0.0821678321678,3.01044400087,23.5,13.21875,13.21875,18.6712448598,0.794521057865,0.429845514841,15.168747776,1.29095725753,0.629646046756,8.3561459313,0.711161355855,0.401768124507,1.07265513114,0.356311271967,3.84221554451,3.01044400087,1.07265513114,3.84221554451,0.407171413243,0.441124136487,8429,0.0172957910634,0.091437418136,144,144,144,1,0,0.111111111111,0.777777777778,0.111111111111,144,1938,0.0941142191142,3.79212607773,26.9166666667,13.9424460432,15.140625,21.0442424397,0.781829440484,0.42889290219,16.6270800266,1.2354486707,0.607692638459,10.2799111585,0.763832408062,0.428656404082,1.14429658909,0.301755945249,4.64195265972,3.79212607773,1.14429658909,4.64195265972,0.457481051316,0.504478208717,12617,0.0258893102203,0.111221025658,144,144,144,1,0,0.0347222222222,0.854166666667,0.111111111111,-177,-0.00859557109557,0.508725558399,-2.45833333333,-1.49551016121,-1.3828125,-2.08170490436,-0.00543685207959,-0.00264768094621,-2.09072449997,-0.0389550417407,-0.0146707710499,-0.13958962146,0.0544195890008,0.0269523063674,0.0184402718151,-0.0411374394127,0.496513650786,0.508725558399,0.0184402718151,0.496513650786,-0.0487938115798,-0.0435476994784,-3600,-0.00738697921797,-0.00458849400545,-0.0138888888889,0.0138888888889,0,1930,8,185,18469,0.912529550827,0.99956702928,0.000432970720355,0.0874704491726,0.995872033024,0.912529550827,0.952380952381,0.948306811537,0.912096580107,0.909090909091,246,423,0,5,3,5
419,WLNM_dir_neg_kfold,0.841390998664,0.383870780781,00:00:19,10,80,7,15352,threshold_sweep,0.5,0.967346938776,0.560283687943,0.709580838323,237,8,186,838,0.560283687943,0.990543735225,0.00945626477541,0.439716312057,0.967346938776,0.560283687943,0.709580838323,0.847123719464,0.60231153139,0.615587846764,0.657866691803,0.550827423168,2154,1731,423,0,2154,0,1731,0,423,144,2115,0.10270979021,3.28340051934,29.375,15.4379562044,16.5234375,23.125947344,0.787266292563,0.431540583136,18.7178045265,1.27440371245,0.622363409509,10.41950078,0.709412819061,0.401704097715,1.12585631727,0.342893384662,4.14543900894,3.28340051934,1.12585631727,4.14543900894,0.506274862896,0.548025908195,16217,0.0332762894383,0.115809519663,144,144,144,1,0,0.0486111111111,0.840277777778,0.111111111111,144,0.0821678321678,3.01044400087,23.5,13.21875,13.21875,18.6712448598,0.794521057865,0.429845514841,15.168747776,1.29095725753,0.629646046756,8.3561459313,0.711161355855,0.401768124507,1.07265513114,0.356311271967,3.84221554451,3.01044400087,1.07265513114,3.84221554451,0.407171413243,0.441124136487,8429,0.0172957910634,0.091437418136,144,144,144,1,0,0.111111111111,0.777777777778,0.111111111111,144,1937,0.0940656565657,3.79180466941,26.9027777778,13.9352517986,15.1328125,21.0445147395,0.782243191144,0.429017524236,16.63084583,1.23636644271,0.608067314863,10.2703523755,0.763516129105,0.428486921356,1.1440716224,0.301722193558,4.64141500507,3.79180466941,1.1440716224,4.64141500507,0.457829044926,0.504668035957,12613,0.0258811024656,0.110920806633,144,144,144,1,0,0.0347222222222,0.854166666667,0.111111111111,-178,-0.00864413364413,0.508404150077,-2.47222222222,-1.50270440582,-1.390625,-2.08143260453,-0.00502310141965,-0.00252305890068,-2.0869586965,-0.038037269737,-0.0142960946462,-0.149148404422,0.0541033100445,0.0267828236413,0.0182153051256,-0.0411711911031,0.495975996129,0.508404150077,0.0182153051256,0.495975996129,-0.0484458179698,-0.0433578722377,-3604,-0.00739518697265,-0.00488871302995,-0.0138888888889,0.0138888888889,0,1929,8,186,18469,0.912056737589,0.99956702928,0.000432970720355,0.0879432624113,0.99586990191,0.912056737589,0.952122408687,0.948034445979,0.911623766868,0.908619877532,245,423,0,5,3,5
420,WLNM_dir_neg_kfold,0.841390998664,0.383870780781,00:00:19,10,80,7,15352,threshold_sweep,0.6,0.987288135593,0.550827423168,0.707132018209,233,3,190,843,0.550827423168,0.996453900709,0.00354609929078,0.449172576832,0.987288135593,0.550827423168,0.707132018209,0.847911741529,0.604675597583,0.615282392027,0.663070689865,0.547281323877,2154,1731,423,0,2154,0,1731,0,423,144,2115,0.10270979021,3.28340051934,29.375,15.4379562044,16.5234375,23.125947344,0.787266292563,0.431540583136,18.7178045265,1.27440371245,0.622363409509,10.41950078,0.709412819061,0.401704097715,1.12585631727,0.342893384662,4.14543900894,3.28340051934,1.12585631727,4.14543900894,0.506274862896,0.548025908195,16217,0.0332762894383,0.115809519663,144,144,144,1,0,0.0486111111111,0.840277777778,0.111111111111,144,0.0821678321678,3.01044400087,23.5,13.21875,13.21875,18.6712448598,0.794521057865,0.429845514841,15.168747776,1.29095725753,0.629646046756,8.3561459313,0.711161355855,0.401768124507,1.07265513114,0.356311271967,3.84221554451,3.01044400087,1.07265513114,3.84221554451,0.407171413243,0.441124136487,8429,0.0172957910634,0.091437418136,144,144,144,1,0,0.111111111111,0.777777777778,0.111111111111,144,1928,0.0936285936286,3.06198373654,26.7777777778,14.6060606061,15.0625,21.0817404984,0.787284914876,0.431416407331,16.6788300604,1.24572174725,0.614713001383,10.1905695546,0.761121377524,0.427623616874,1.05071068604,0.343147049903,3.90721962218,3.06198373654,1.05071068604,3.90721962218,0.45225798633,0.505548407848,12574,0.0258010768574,0.116018208721,144,144,144,1,0,0.0833333333333,0.805555555556,0.111111111111,-187,-0.0090811965812,-0.221416782799,-2.59722222222,-0.831895598319,-1.4609375,-2.04420684569,1.86223129923e-05,-0.000124175805761,-2.03897446615,-0.0286819651961,-0.00765040812567,-0.228931225328,0.0517085584633,0.0259195191594,-0.0751456312302,0.000253665241718,-0.238219386755,-0.221416782799,-0.0751456312302,-0.238219386755,-0.0540168765655,-0.0424775003467,-3643,-0.00747521258085,0.000208689057492,0.0347222222222,-0.0347222222222,0,1925,3,190,18474,0.910165484634,0.99983763598,0.000162364020133,0.0898345153664,0.998443983402,0.910165484634,0.952263170913,0.948326571115,0.910003120613,0.908876298395,236,423,0,5,3,5
421,WLNM_dir_neg_kfold,0.841390998664,0.383870780781,00:00:19,10,80,7,15352,threshold_sweep,0.7,0.987288135593,0.550827423168,0.707132018209,233,3,190,843,0.550827423168,0.996453900709,0.00354609929078,0.449172576832,0.987288135593,0.550827423168,0.707132018209,0.847911741529,0.604675597583,0.615282392027,0.663070689865,0.547281323877,2154,1731,423,0,2154,0,1731,0,423,144,2115,0.10270979021,3.28340051934,29.375,15.4379562044,16.5234375,23.125947344,0.787266292563,0.431540583136,18.7178045265,1.27440371245,0.622363409509,10.41950078,0.709412819061,0.401704097715,1.12585631727,0.342893384662,4.14543900894,3.28340051934,1.12585631727,4.14543900894,0.506274862896,0.548025908195,16217,0.0332762894383,0.115809519663,144,144,144,1,0,0.0486111111111,0.840277777778,0.111111111111,144,0.0821678321678,3.01044400087,23.5,13.21875,13.21875,18.6712448598,0.794521057865,0.429845514841,15.168747776,1.29095725753,0.629646046756,8.3561459313,0.711161355855,0.401768124507,1.07265513114,0.356311271967,3.84221554451,3.01044400087,1.07265513114,3.84221554451,0.407171413243,0.441124136487,8429,0.0172957910634,0.091437418136,144,144,144,1,0,0.111111111111,0.777777777778,0.111111111111,144,1928,0.0936285936286,3.06198373654,26.7777777778,14.6060606061,15.0625,21.0817404984,0.787284914876,0.431416407331,16.6788300604,1.24572174725,0.614713001383,10.1905695546,0.761121377524,0.427623616874,1.05071068604,0.343147049903,3.90721962218,3.06198373654,1.05071068604,3.90721962218,0.45225798633,0.505548407848,12574,0.0258010768574,0.116018208721,144,144,144,1,0,0.0833333333333,0.805555555556,0.111111111111,-187,-0.0090811965812,-0.221416782799,-2.59722222222,-0.831895598319,-1.4609375,-2.04420684569,1.86223129923e-05,-0.000124175805761,-2.03897446615,-0.0286819651961,-0.00765040812567,-0.228931225328,0.0517085584633,0.0259195191594,-0.0751456312302,0.000253665241718,-0.238219386755,-0.221416782799,-0.0751456312302,-0.238219386755,-0.0540168765655,-0.0424775003467,-3643,-0.00747521258085,0.000208689057492,0.0347222222222,-0.0347222222222,0,1925,3,190,18474,0.910165484634,0.99983763598,0.000162364020133,0.0898345153664,0.998443983402,0.910165484634,0.952263170913,0.948326571115,0.910003120613,0.908876298395,236,423,0,5,3,5
422,WLNM_dir_neg_kfold,0.841390998664,0.383870780781,00:00:19,10,80,7,15352,threshold_sweep,0.8,0.987234042553,0.548463356974,0.705167173252,232,3,191,843,0.548463356974,0.996453900709,0.00354609929078,0.451536643026,0.987234042553,0.548463356974,0.705167173252,0.847123719464,0.604938271605,0.613031914894,0.661289652331,0.544917257683,2154,1731,423,0,2154,0,1731,0,423,144,2115,0.10270979021,3.28340051934,29.375,15.4379562044,16.5234375,23.125947344,0.787266292563,0.431540583136,18.7178045265,1.27440371245,0.622363409509,10.41950078,0.709412819061,0.401704097715,1.12585631727,0.342893384662,4.14543900894,3.28340051934,1.12585631727,4.14543900894,0.506274862896,0.548025908195,16217,0.0332762894383,0.115809519663,144,144,144,1,0,0.0486111111111,0.840277777778,0.111111111111,144,0.0821678321678,3.01044400087,23.5,13.21875,13.21875,18.6712448598,0.794521057865,0.429845514841,15.168747776,1.29095725753,0.629646046756,8.3561459313,0.711161355855,0.401768124507,1.07265513114,0.356311271967,3.84221554451,3.01044400087,1.07265513114,3.84221554451,0.407171413243,0.441124136487,8429,0.0172957910634,0.091437418136,144,144,144,1,0,0.111111111111,0.777777777778,0.111111111111,144,1927,0.09358003108,3.0591634014,26.7638888889,14.5984848485,15.0546875,21.0789346048,0.787588630795,0.431510551808,16.682974248,1.2466778888,0.615215793115,10.1808791903,0.760792217647,0.427445511157,1.04852634935,0.342749376799,3.90250174087,3.0591634014,1.04852634935,3.90250174087,0.452538807941,0.505754064059,12569,0.0257908171641,0.11565858523,144,144,144,1,0,0.0833333333333,0.805555555556,0.111111111111,-188,-0.00912975912976,-0.224237117936,-2.61111111111,-0.839471355895,-1.46875,-2.04701273929,0.000322338231998,-3.00313286821e-05,-2.03483027855,-0.0277258236488,-0.00714761639342,-0.23862158964,0.051379398586,0.0257414134425,-0.0773299679198,-0.000144007862975,-0.242937268073,-0.224237117936,-0.0773299679198,-0.242937268073,-0.0537360549547,-0.0422718441356,-3648,-0.0074854722742,-0.000150934432913,0.0347222222222,-0.0347222222222,0,1924,3,191,18474,0.909692671395,0.99983763598,0.000162364020133,0.0903073286052,0.998443175921,0.909692671395,0.952003958436,0.948054351631,0.909530307375,0.908404154863,235,423,0,5,3,5
423,WLNM_dir_neg_kfold,0.841390998664,0.383870780781,00:00:19,10,80,7,15352,threshold_sweep,0.9,0.991304347826,0.539007092199,0.698315467075,228,2,195,844,0.539007092199,0.997635933806,0.00236406619385,0.460992907801,0.991304347826,0.539007092199,0.698315467075,0.84475965327,0.606251641713,0.605737158105,0.656703246428,0.536643026005,2154,1731,423,0,2154,0,1731,0,423,144,2115,0.10270979021,3.28340051934,29.375,15.4379562044,16.5234375,23.125947344,0.787266292563,0.431540583136,18.7178045265,1.27440371245,0.622363409509,10.41950078,0.709412819061,0.401704097715,1.12585631727,0.342893384662,4.14543900894,3.28340051934,1.12585631727,4.14543900894,0.506274862896,0.548025908195,16217,0.0332762894383,0.115809519663,144,144,144,1,0,0.0486111111111,0.840277777778,0.111111111111,144,0.0821678321678,3.01044400087,23.5,13.21875,13.21875,18.6712448598,0.794521057865,0.429845514841,15.168747776,1.29095725753,0.629646046756,8.3561459313,0.711161355855,0.401768124507,1.07265513114,0.356311271967,3.84221554451,3.01044400087,1.07265513114,3.84221554451,0.407171413243,0.441124136487,8429,0.0172957910634,0.091437418136,144,144,144,1,0,0.111111111111,0.777777777778,0.111111111111,144,1922,0.0933372183372,3.04297277404,26.6944444444,14.8992248062,15.015625,21.0966068852,0.790299529517,0.432643947277,16.7069850324,1.25172000243,0.618243438548,10.1253123543,0.758608209687,0.426349867037,1.07719294767,0.353993619944,3.89847612783,3.04297277404,1.07719294767,3.89847612783,0.456502540036,0.507095108074,12567,0.0257867132867,0.115327454441,144,144,144,1,0,0.104166666667,0.784722222222,0.111111111111,-193,-0.00937257187257,-0.240427745297,-2.68055555556,-0.538731398178,-1.5078125,-2.02934045889,0.00303323695362,0.00110336414081,-2.01081949412,-0.0226837100166,-0.00411997096099,-0.294188425665,0.0491953906259,0.0246457693219,-0.0486633696028,0.011100235282,-0.246962881113,-0.240427745297,-0.0486633696028,-0.246962881113,-0.0497723228593,-0.0409308001206,-3650,-0.00748957615155,-0.000482065221891,0.0555555555556,-0.0555555555556,0,1920,2,195,18475,0.90780141844,0.99989175732,0.000108242680089,0.0921985815603,0.998959417274,0.90780141844,0.951201387169,0.947242411917,0.90769317576,0.90694378838,230,423,0,5,3,5
424,WLNM_dir_neg_kfold,0.823223177909,0.407080073773,00:00:19,10,80,8,15353,threshold_sweep,0.1,0.94140625,0.569739952719,0.709867452135,241,15,182,831,0.569739952719,0.982269503546,0.0177304964539,0.430260047281,0.94140625,0.569739952719,0.709867452135,0.84475965327,0.599422117153,0.612459016393,0.64845101951,0.552009456265,2154,1731,423,0,2154,0,1731,0,423,144,2115,0.10270979021,3.28340051934,29.375,15.4379562044,16.5234375,23.125947344,0.787266292563,0.431540583136,18.7178045265,1.27440371245,0.622363409509,10.41950078,0.709412819061,0.401704097715,1.12585631727,0.342893384662,4.14543900894,3.28340051934,1.12585631727,4.14543900894,0.506274862896,0.548025908195,16217,0.0332762894383,0.115809519663,144,144,144,1,0,0.0486111111111,0.840277777778,0.111111111111,144,0.0821678321678,3.01044400087,23.5,13.21875,13.21875,18.6712448598,0.794521057865,0.429845514841,15.168747776,1.29095725753,0.629646046756,8.3561459313,0.711161355855,0.401768124507,1.07265513114,0.356311271967,3.84221554451,3.01044400087,1.07265513114,3.84221554451,0.407171413243,0.441124136487,8429,0.0172957910634,0.091437418136,144,144,144,1,0,0.111111111111,0.777777777778,0.111111111111,144,1948,0.0945998445998,1,27.0555555556,13.7183098592,15.21875,21.0469929675,0.77791760455,0.427315052475,16.5824679701,1.22580872058,0.60200633128,10.3680145879,0.766424076316,0.428473648186,0,0,0,NaN,NaN,NaN,0.452812982196,0.501609889891,12619,0.0258934140976,0.109794384119,144,144,0,1,2,0.0138888888889,0.875,0.111111111111,-167,-0.00810994560995,-2.28340051934,-2.31944444444,-1.71964634522,-1.3046875,-2.0789543765,-0.00934868801322,-0.00422553066085,-2.13533655647,-0.0485949918654,-0.0203570782289,-0.0514861920161,0.057011257255,0.0267695504714,-1.12585631727,-0.342893384662,-4.14543900894,NaN,NaN,NaN,-0.0534618806994,-0.0464160183034,-3598,-0.00738287534062,-0.00601513554419,-0.0347222222222,0.0347222222222,0,1933,15,182,18462,0.913947990544,0.999188179899,0.000811820100666,0.0860520094563,0.992299794661,0.913947990544,0.951513659857,0.94720163257,0.913136170443,0.907511737089,256,423,0,5,3,5
425,WLNM_dir_neg_kfold,0.823223177909,0.407080073773,00:00:19,10,80,8,15353,threshold_sweep,0.2,0.944881889764,0.567375886525,0.709010339734,240,14,183,832,0.567375886525,0.983451536643,0.016548463357,0.432624113475,0.944881889764,0.567375886525,0.709010339734,0.84475965327,0.599947465196,0.61195009849,0.648964647906,0.550827423168,2154,1731,423,0,2154,0,1731,0,423,144,2115,0.10270979021,3.28340051934,29.375,15.4379562044,16.5234375,23.125947344,0.787266292563,0.431540583136,18.7178045265,1.27440371245,0.622363409509,10.41950078,0.709412819061,0.401704097715,1.12585631727,0.342893384662,4.14543900894,3.28340051934,1.12585631727,4.14543900894,0.506274862896,0.548025908195,16217,0.0332762894383,0.115809519663,144,144,144,1,0,0.0486111111111,0.840277777778,0.111111111111,144,0.0821678321678,3.01044400087,23.5,13.21875,13.21875,18.6712448598,0.794521057865,0.429845514841,15.168747776,1.29095725753,0.629646046756,8.3561459313,0.711161355855,0.401768124507,1.07265513114,0.356311271967,3.84221554451,3.01044400087,1.07265513114,3.84221554451,0.407171413243,0.441124136487,8429,0.0172957910634,0.091437418136,144,144,144,1,0,0.111111111111,0.777777777778,0.111111111111,144,1946,0.0945027195027,1,27.0277777778,13.7042253521,15.203125,21.0437255218,0.778596216635,0.427640030832,16.5900745924,1.22763141896,0.602710688592,10.3329103605,0.764614127399,0.42802186822,0,0,0,NaN,NaN,NaN,0.450489895971,0.501937470142,12608,0.0258708427723,0.108747165046,144,144,0,1,2,0.0138888888889,0.875,0.111111111111,-169,-0.00820707070707,-2.28340051934,-2.34722222222,-1.73373085227,-1.3203125,-2.08222182221,-0.0086700759279,-0.00390055230385,-2.12772993416,-0.0467722934822,-0.0196527209168,-0.0865904194117,0.0552013083381,0.026317770505,-1.12585631727,-0.342893384662,-4.14543900894,NaN,NaN,NaN,-0.0557849669245,-0.0460884380531,-3609,-0.00740544666601,-0.00706235461754,-0.0347222222222,0.0347222222222,0,1932,14,183,18463,0.913475177305,0.999242301239,0.000757698760621,0.086524822695,0.992805755396,0.913475177305,0.951489780842,0.947202912358,0.912717478544,0.907468294974,254,423,0,5,3,5
426,WLNM_dir_neg_kfold,0.823223177909,0.407080073773,00:00:19,10,80,8,15353,threshold_sweep,0.3,0.963414634146,0.560283687943,0.708520179372,237,9,186,837,0.560283687943,0.989361702128,0.0106382978723,0.439716312057,0.963414634146,0.560283687943,0.708520179372,0.8463356974,0.602048857368,0.613861386139,0.65543946091,0.549645390071,2154,1731,423,0,2154,0,1731,0,423,144,2115,0.10270979021,3.28340051934,29.375,15.4379562044,16.5234375,23.125947344,0.787266292563,0.431540583136,18.7178045265,1.27440371245,0.622363409509,10.41950078,0.709412819061,0.401704097715,1.12585631727,0.342893384662,4.14543900894,3.28340051934,1.12585631727,4.14543900894,0.506274862896,0.548025908195,16217,0.0332762894383,0.115809519663,144,144,144,1,0,0.0486111111111,0.840277777778,0.111111111111,144,0.0821678321678,3.01044400087,23.5,13.21875,13.21875,18.6712448598,0.794521057865,0.429845514841,15.168747776,1.29095725753,0.629646046756,8.3561459313,0.711161355855,0.401768124507,1.07265513114,0.356311271967,3.84221554451,3.01044400087,1.07265513114,3.84221554451,0.407171413243,0.441124136487,8429,0.0172957910634,0.091437418136,144,144,144,1,0,0.111111111111,0.777777777778,0.111111111111,144,1938,0.0941142191142,4.41102072668,26.9166666667,14.0434782609,15.140625,21.0562018504,0.782273752955,0.429229732829,16.6321262134,1.23582361957,0.608380632955,10.2396971929,0.760844373463,0.426828918702,1.21921423385,0.276401837443,5.17990685325,4.41102072668,1.21921423385,5.17990685325,0.450043925301,0.503674754238,12587,0.0258277520601,0.110585390627,144,144,144,1,0,0.0416666666667,0.847222222222,0.111111111111,-177,-0.00859557109557,1.12762020734,-2.45833333333,-1.39447794351,-1.3828125,-2.06974549367,-0.00499253960814,-0.00231085030752,-2.08567831316,-0.0385800928755,-0.0139827765539,-0.179803587099,0.0514315544022,0.0251248209872,0.0933579165799,-0.0664915472181,1.03446784431,1.12762020734,0.0933579165799,1.03446784431,-0.0562309375952,-0.0443511539566,-3630,-0.00744853737811,-0.00522412903574,-0.00694444444444,0.00694444444444,0,1929,9,186,18468,0.912056737589,0.99951290794,0.000487092060399,0.0879432624113,0.995356037152,0.912056737589,0.951887490748,0.947758957657,0.911569645528,0.908192090395,246,423,0,5,3,5
427,WLNM_dir_neg_kfold,0.823223177909,0.407080073773,00:00:19,10,80,8,15353,threshold_sweep,0.4,0.970833333333,0.550827423168,0.702865761689,233,7,190,839,0.550827423168,0.991725768322,0.00827423167849,0.449172576832,0.970833333333,0.550827423168,0.702865761689,0.84475965327,0.603624901497,0.608349900596,0.653107061529,0.542553191489,2154,1731,423,0,2154,0,1731,0,423,144,2115,0.10270979021,3.28340051934,29.375,15.4379562044,16.5234375,23.125947344,0.787266292563,0.431540583136,18.7178045265,1.27440371245,0.622363409509,10.41950078,0.709412819061,0.401704097715,1.12585631727,0.342893384662,4.14543900894,3.28340051934,1.12585631727,4.14543900894,0.506274862896,0.548025908195,16217,0.0332762894383,0.115809519663,144,144,144,1,0,0.0486111111111,0.840277777778,0.111111111111,144,0.0821678321678,3.01044400087,23.5,13.21875,13.21875,18.6712448598,0.794521057865,0.429845514841,15.168747776,1.29095725753,0.629646046756,8.3561459313,0.711161355855,0.401768124507,1.07265513114,0.356311271967,3.84221554451,3.01044400087,1.07265513114,3.84221554451,0.407171413243,0.441124136487,8429,0.0172957910634,0.091437418136,144,144,144,1,0,0.111111111111,0.777777777778,0.111111111111,144,1932,0.0938228438228,3.63185729731,26.8333333333,14.5263157895,15.09375,21.0902158073,0.785970775426,0.43100126524,16.6622138574,1.24190413844,0.612419484702,10.2175633787,0.761557518912,0.427191166322,1.1507149673,0.316839256914,4.39192385551,3.63185729731,1.1507149673,4.39192385551,0.453477606904,0.50475540752,12578,0.0258092846121,0.115080049641,144,144,144,1,0,0.0763888888889,0.8125,0.111111111111,-183,-0.00888694638695,0.348456777979,-2.54166666667,-0.911640414906,-1.4296875,-2.03573153677,-0.00129551713696,-0.000539317895932,-2.05559066915,-0.0324995740062,-0.00994392480671,-0.201937401214,0.0521446998516,0.0254870686069,0.0248586500227,-0.026054127748,0.246484846576,0.348456777979,0.0248586500227,0.246484846576,-0.0527972559917,-0.0432705006745,-3639,-0.00746700482616,-0.00072947002245,0.0277777777778,-0.0277777777778,0,1925,7,190,18470,0.910165484634,0.99962115062,0.000378849380311,0.0898345153664,0.996376811594,0.910165484634,0.951321966889,0.947220497124,0.909786635253,0.907163053723,240,423,0,5,3,5
428,WLNM_dir_neg_kfold,0.823223177909,0.407080073773,00:00:19,10,80,8,15353,threshold_sweep,0.5,0.970711297071,0.548463356974,0.700906344411,232,7,191,839,0.548463356974,0.991725768322,0.00827423167849,0.451536643026,0.970711297071,0.548463356974,0.700906344411,0.843971631206,0.603887575519,0.606100795756,0.651303841031,0.540189125296,2154,1731,423,0,2154,0,1731,0,423,144,2115,0.10270979021,3.28340051934,29.375,15.4379562044,16.5234375,23.125947344,0.787266292563,0.431540583136,18.7178045265,1.27440371245,0.622363409509,10.41950078,0.709412819061,0.401704097715,1.12585631727,0.342893384662,4.14543900894,3.28340051934,1.12585631727,4.14543900894,0.506274862896,0.548025908195,16217,0.0332762894383,0.115809519663,144,144,144,1,0,0.0486111111111,0.840277777778,0.111111111111,144,0.0821678321678,3.01044400087,23.5,13.21875,13.21875,18.6712448598,0.794521057865,0.429845514841,15.168747776,1.29095725753,0.629646046756,8.3561459313,0.711161355855,0.401768124507,1.07265513114,0.356311271967,3.84221554451,3.01044400087,1.07265513114,3.84221554451,0.407171413243,0.441124136487,8429,0.0172957910634,0.091437418136,144,144,144,1,0,0.111111111111,0.777777777778,0.111111111111,144,1931,0.0937742812743,3.63506149091,26.8194444444,14.5187969925,15.0859375,21.0987199352,0.786694891423,0.431368318085,16.6642757609,1.24270104069,0.612546032568,10.2202412589,0.762151600873,0.427502301628,1.15194797312,0.316899171032,4.3956653075,3.63506149091,1.15194797312,4.3956653075,0.453644827788,0.504937775994,12578,0.0258092846121,0.1152082435,144,144,144,1,0,0.0763888888889,0.8125,0.111111111111,-184,-0.00893550893551,0.351660971574,-2.55555555556,-0.919159211898,-1.4375,-2.0272274088,-0.00057140114018,-0.000172265051283,-2.05352876563,-0.031702671756,-0.00981737694076,-0.199259521021,0.0527387818126,0.0257982039137,0.0260916558449,-0.0259942136296,0.250226298558,0.351660971574,0.0260916558449,0.250226298558,-0.0526300351072,-0.0430881322013,-3639,-0.00746700482616,-0.000601276163405,0.0277777777778,-0.0277777777778,0,1924,7,191,18470,0.909692671395,0.99962115062,0.000378849380311,0.0903073286052,0.996374935267,0.909692671395,0.951062778052,0.946947963862,0.909313822014,0.906691800189,239,423,0,5,3,5
429,WLNM_dir_neg_kfold,0.823223177909,0.407080073773,00:00:19,10,80,8,15353,threshold_sweep,0.6,0.978902953586,0.548463356974,0.70303030303,232,5,191,841,0.548463356974,0.994089834515,0.00591016548463,0.451536643026,0.978902953586,0.548463356974,0.70303030303,0.845547675335,0.604412923562,0.609561752988,0.656271683691,0.542553191489,2154,1731,423,0,2154,0,1731,0,423,144,2115,0.10270979021,3.28340051934,29.375,15.4379562044,16.5234375,23.125947344,0.787266292563,0.431540583136,18.7178045265,1.27440371245,0.622363409509,10.41950078,0.709412819061,0.401704097715,1.12585631727,0.342893384662,4.14543900894,3.28340051934,1.12585631727,4.14543900894,0.506274862896,0.548025908195,16217,0.0332762894383,0.115809519663,144,144,144,1,0,0.0486111111111,0.840277777778,0.111111111111,144,0.0821678321678,3.01044400087,23.5,13.21875,13.21875,18.6712448598,0.794521057865,0.429845514841,15.168747776,1.29095725753,0.629646046756,8.3561459313,0.711161355855,0.401768124507,1.07265513114,0.356311271967,3.84221554451,3.01044400087,1.07265513114,3.84221554451,0.407171413243,0.441124136487,8429,0.0172957910634,0.091437418136,144,144,144,1,0,0.111111111111,0.777777777778,0.111111111111,144,1929,0.0936771561772,3.04761880126,26.7916666667,14.7251908397,15.0703125,21.0968048487,0.787439061228,0.431613962329,16.6751013039,1.244797609,0.614045129889,10.1920157631,0.760834769249,0.4269375324,1.05439802782,0.345974380846,3.90158039497,3.04761880126,1.05439802782,3.90158039497,0.45212050361,0.505166244522,12565,0.0257826094094,0.116915558958,144,144,144,1,0,0.0902777777778,0.798611111111,0.111111111111,-186,-0.00903263403263,-0.235781718077,-2.58333333333,-0.712765364685,-1.453125,-2.02914249532,0.000172768664513,7.3379193031e-05,-2.0427032226,-0.0296061034422,-0.00831827961997,-0.227485016885,0.0514219501886,0.0252334346855,-0.0714582894545,0.00308099618437,-0.243858613974,-0.235781718077,-0.0714582894545,-0.243858613974,-0.054154359286,-0.0428596636727,-3652,-0.00749368002889,0.00110603929501,0.0416666666667,-0.0416666666667,0,1924,5,191,18472,0.909692671395,0.9997293933,0.000270606700222,0.0903073286052,0.997407983411,0.909692671395,0.951533135509,0.947500745615,0.909422064695,0.907547169811,237,423,0,5,3,5
430,WLNM_dir_neg_kfold,0.823223177909,0.407080073773,00:00:19,10,80,8,15353,threshold_sweep,0.7,0.983050847458,0.548463356974,0.704097116844,232,4,191,842,0.548463356974,0.995271867612,0.00472813238771,0.451536643026,0.983050847458,0.548463356974,0.704097116844,0.8463356974,0.604675597583,0.611295681063,0.658774335503,0.543735224586,2154,1731,423,0,2154,0,1731,0,423,144,2115,0.10270979021,3.28340051934,29.375,15.4379562044,16.5234375,23.125947344,0.787266292563,0.431540583136,18.7178045265,1.27440371245,0.622363409509,10.41950078,0.709412819061,0.401704097715,1.12585631727,0.342893384662,4.14543900894,3.28340051934,1.12585631727,4.14543900894,0.506274862896,0.548025908195,16217,0.0332762894383,0.115809519663,144,144,144,1,0,0.0486111111111,0.840277777778,0.111111111111,144,0.0821678321678,3.01044400087,23.5,13.21875,13.21875,18.6712448598,0.794521057865,0.429845514841,15.168747776,1.29095725753,0.629646046756,8.3561459313,0.711161355855,0.401768124507,1.07265513114,0.356311271967,3.84221554451,3.01044400087,1.07265513114,3.84221554451,0.407171413243,0.441124136487,8429,0.0172957910634,0.091437418136,144,144,144,1,0,0.111111111111,0.777777777778,0.111111111111,144,1928,0.0936285936286,3.03768642732,26.7777777778,14.7175572519,15.0625,21.0906947448,0.787619305822,0.43166853965,16.6788300604,1.24572174725,0.614432053942,10.1857648584,0.760762520541,0.426860016136,1.05234771238,0.346430659505,3.88908059801,3.03768642732,1.05234771238,3.88908059801,0.452035840902,0.505150905433,12553,0.0257579861453,0.117091621884,144,144,144,1,0,0.0902777777778,0.798611111111,0.111111111111,-187,-0.0090811965812,-0.245714092019,-2.59722222222,-0.720398952471,-1.4609375,-2.03525259926,0.000353013258424,0.00012795651328,-2.03897446615,-0.0286819651961,-0.00793135556689,-0.233735921595,0.0513497014806,0.0251559184217,-0.0735086048908,0.00353727484308,-0.256358410928,-0.245714092019,-0.0735086048908,-0.256358410928,-0.0542390219941,-0.0428750027623,-3664,-0.00751830329295,0.0012821022209,0.0416666666667,-0.0416666666667,0,1924,4,191,18473,0.909692671395,0.99978351464,0.000216485360178,0.0903073286052,0.997925311203,0.909692671395,0.951768488746,0.947777445457,0.909476186035,0.907975460123,236,423,0,5,3,5
431,WLNM_dir_neg_kfold,0.823223177909,0.407080073773,00:00:19,10,80,8,15353,threshold_sweep,0.8,0.982832618026,0.541371158392,0.698170731707,229,4,194,842,0.541371158392,0.995271867612,0.00472813238771,0.458628841608,0.982832618026,0.541371158392,0.698170731707,0.843971631206,0.605463619648,0.604527296937,0.653405847554,0.536643026005,2154,1731,423,0,2154,0,1731,0,423,144,2115,0.10270979021,3.28340051934,29.375,15.4379562044,16.5234375,23.125947344,0.787266292563,0.431540583136,18.7178045265,1.27440371245,0.622363409509,10.41950078,0.709412819061,0.401704097715,1.12585631727,0.342893384662,4.14543900894,3.28340051934,1.12585631727,4.14543900894,0.506274862896,0.548025908195,16217,0.0332762894383,0.115809519663,144,144,144,1,0,0.0486111111111,0.840277777778,0.111111111111,144,0.0821678321678,3.01044400087,23.5,13.21875,13.21875,18.6712448598,0.794521057865,0.429845514841,15.168747776,1.29095725753,0.629646046756,8.3561459313,0.711161355855,0.401768124507,1.07265513114,0.356311271967,3.84221554451,3.01044400087,1.07265513114,3.84221554451,0.407171413243,0.441124136487,8429,0.0172957910634,0.091437418136,144,144,144,1,0,0.111111111111,0.777777777778,0.111111111111,144,1925,0.0934829059829,3.00100319176,26.7361111111,15.0390625,15.0390625,21.1024759463,0.789287412018,0.432380952381,16.695021044,1.24887430148,0.616634199134,10.1525059966,0.759460188836,0.426215728716,1.06575786462,0.355133865749,3.84917218864,3.00100319176,1.06575786462,3.84917218864,0.455194424817,0.50597893266,12553,0.0257579861453,0.118028440003,144,144,144,1,0,0.111111111111,0.777777777778,0.111111111111,-190,-0.00922688422688,-0.282397327572,-2.63888888889,-0.39889370438,-1.484375,-2.02347139774,0.00202111945458,0.000840369244624,-2.02278348249,-0.0255294109683,-0.0057292103746,-0.266994783362,0.0500473697753,0.024511631001,-0.060098452658,0.0122404810876,-0.296266820296,-0.282397327572,-0.060098452658,-0.296266820296,-0.0510804380784,-0.0420469755351,-3664,-0.00751830329295,0.00221892033964,0.0625,-0.0625,0,1921,4,194,18473,0.908274231678,0.99978351464,0.000216485360178,0.0917257683215,0.997922077922,0.908274231678,0.95099009901,0.946960256381,0.908057746318,0.906559697971,233,423,0,5,3,5
432,WLNM_dir_neg_kfold,0.823223177909,0.407080073773,00:00:19,10,80,8,15353,threshold_sweep,0.9,0.98275862069,0.539007092199,0.696183206107,228,4,195,842,0.539007092199,0.995271867612,0.00472813238771,0.460992907801,0.98275862069,0.539007092199,0.696183206107,0.843183609141,0.60572629367,0.602265156562,0.651613489471,0.534278959811,2154,1731,423,0,2154,0,1731,0,423,144,2115,0.10270979021,3.28340051934,29.375,15.4379562044,16.5234375,23.125947344,0.787266292563,0.431540583136,18.7178045265,1.27440371245,0.622363409509,10.41950078,0.709412819061,0.401704097715,1.12585631727,0.342893384662,4.14543900894,3.28340051934,1.12585631727,4.14543900894,0.506274862896,0.548025908195,16217,0.0332762894383,0.115809519663,144,144,144,1,0,0.0486111111111,0.840277777778,0.111111111111,144,0.0821678321678,3.01044400087,23.5,13.21875,13.21875,18.6712448598,0.794521057865,0.429845514841,15.168747776,1.29095725753,0.629646046756,8.3561459313,0.711161355855,0.401768124507,1.07265513114,0.356311271967,3.84221554451,3.01044400087,1.07265513114,3.84221554451,0.407171413243,0.441124136487,8429,0.0172957910634,0.091437418136,144,144,144,1,0,0.111111111111,0.777777777778,0.111111111111,144,1924,0.0934343434343,3.00079290252,26.7222222222,15.03125,15.03125,21.0794184062,0.78883478443,0.432194213444,16.6761045539,1.24810761734,0.616452991453,10.1551675578,0.760054120752,0.42652027027,1.06547412584,0.355064198181,3.84909232147,3.00079290252,1.06547412584,3.84909232147,0.455194424817,0.50597893266,12553,0.0257579861453,0.118028882189,144,144,144,1,0,0.111111111111,0.777777777778,0.111111111111,-191,-0.00927544677545,-0.282607616811,-2.65277777778,-0.40670620438,-1.4921875,-2.04652893788,0.00156849186688,0.000653630307885,-2.04169997264,-0.0262960951058,-0.00591041805581,-0.264333222134,0.0506413016909,0.0248161725555,-0.0603821914311,0.0121708135199,-0.296346687472,-0.282607616811,-0.0603821914311,-0.296346687472,-0.0510804380784,-0.0420469755351,-3664,-0.00751830329295,0.0022193625258,0.0625,-0.0625,0,1920,4,195,18473,0.90780141844,0.99978351464,0.000216485360178,0.0921985815603,0.997920997921,0.90780141844,0.950730378807,0.946687761677,0.90758493308,0.906087777253,232,423,0,5,3,5
433,WLNM_dir_neg_kfold,0.837346098173,0.378247208938,00:00:19,10,80,9,15354,threshold_sweep,0.1,0.949019607843,0.572104018913,0.713864306785,242,13,181,833,0.572104018913,0.98463356974,0.01536643026,0.427895981087,0.949019607843,0.572104018913,0.713864306785,0.847123719464,0.599684791174,0.61811023622,0.654963113029,0.556737588652,2154,1731,423,0,2154,0,1731,0,423,144,2115,0.10270979021,3.28340051934,29.375,15.4379562044,16.5234375,23.125947344,0.787266292563,0.431540583136,18.7178045265,1.27440371245,0.622363409509,10.41950078,0.709412819061,0.401704097715,1.12585631727,0.342893384662,4.14543900894,3.28340051934,1.12585631727,4.14543900894,0.506274862896,0.548025908195,16217,0.0332762894383,0.115809519663,144,144,144,1,0,0.0486111111111,0.840277777778,0.111111111111,144,0.0821678321678,3.01044400087,23.5,13.21875,13.21875,18.6712448598,0.794521057865,0.429845514841,15.168747776,1.29095725753,0.629646046756,8.3561459313,0.711161355855,0.401768124507,1.07265513114,0.356311271967,3.84221554451,3.01044400087,1.07265513114,3.84221554451,0.407171413243,0.441124136487,8429,0.0172957910634,0.091437418136,144,144,144,1,0,0.111111111111,0.777777777778,0.111111111111,144,1947,0.0945512820513,9.02889658636,27.0416666667,13.7112676056,15.2109375,21.0197625957,0.777310173031,0.427252753524,16.5769950755,1.22603353409,0.602440364093,10.3118973653,0.762667293582,0.427791331393,2.55336400083,0.282799119073,11.25,9.02889658636,2.55336400083,11.25,0.450858712284,0.501805581371,12599,0.0258523753242,0.1087795414,144,144,144,1,0,0.0138888888889,0.875,0.111111111111,-168,-0.00815850815851,5.74549606703,-2.33333333333,-1.72668859875,-1.3125,-2.10618474832,-0.00995611953192,-0.00428782961239,-2.140809451,-0.0483701783533,-0.0199230454159,-0.107603414644,0.0532544745216,0.0260872336783,1.42750768355,-0.0600942655883,7.10456099106,5.74549606703,1.42750768355,7.10456099106,-0.0554161506118,-0.0462203268242,-3618,-0.00742391411405,-0.00702997826257,-0.0347222222222,0.0347222222222,0,1934,13,181,18464,0.914420803783,0.999296422579,0.000703577420577,0.0855791962175,0.99332306112,0.914420803783,0.952240275726,0.948022311356,0.913717226362,0.908834586466,255,423,0,5,3,5
434,WLNM_dir_neg_kfold,0.837346098173,0.378247208938,00:00:19,10,80,9,15354,threshold_sweep,0.2,0.949019607843,0.572104018913,0.713864306785,242,13,181,833,0.572104018913,0.98463356974,0.01536643026,0.427895981087,0.949019607843,0.572104018913,0.713864306785,0.847123719464,0.599684791174,0.61811023622,0.654963113029,0.556737588652,2154,1731,423,0,2154,0,1731,0,423,144,2115,0.10270979021,3.28340051934,29.375,15.4379562044,16.5234375,23.125947344,0.787266292563,0.431540583136,18.7178045265,1.27440371245,0.622363409509,10.41950078,0.709412819061,0.401704097715,1.12585631727,0.342893384662,4.14543900894,3.28340051934,1.12585631727,4.14543900894,0.506274862896,0.548025908195,16217,0.0332762894383,0.115809519663,144,144,144,1,0,0.0486111111111,0.840277777778,0.111111111111,144,0.0821678321678,3.01044400087,23.5,13.21875,13.21875,18.6712448598,0.794521057865,0.429845514841,15.168747776,1.29095725753,0.629646046756,8.3561459313,0.711161355855,0.401768124507,1.07265513114,0.356311271967,3.84221554451,3.01044400087,1.07265513114,3.84221554451,0.407171413243,0.441124136487,8429,0.0172957910634,0.091437418136,144,144,144,1,0,0.111111111111,0.777777777778,0.111111111111,144,1947,0.0945512820513,9.02889658636,27.0416666667,13.7112676056,15.2109375,21.0197625957,0.777310173031,0.427252753524,16.5769950755,1.22603353409,0.602440364093,10.3118973653,0.762667293582,0.427791331393,2.55336400083,0.282799119073,11.25,9.02889658636,2.55336400083,11.25,0.450858712284,0.501805581371,12599,0.0258523753242,0.1087795414,144,144,144,1,0,0.0138888888889,0.875,0.111111111111,-168,-0.00815850815851,5.74549606703,-2.33333333333,-1.72668859875,-1.3125,-2.10618474832,-0.00995611953192,-0.00428782961239,-2.140809451,-0.0483701783533,-0.0199230454159,-0.107603414644,0.0532544745216,0.0260872336783,1.42750768355,-0.0600942655883,7.10456099106,5.74549606703,1.42750768355,7.10456099106,-0.0554161506118,-0.0462203268242,-3618,-0.00742391411405,-0.00702997826257,-0.0347222222222,0.0347222222222,0,1934,13,181,18464,0.914420803783,0.999296422579,0.000703577420577,0.0855791962175,0.99332306112,0.914420803783,0.952240275726,0.948022311356,0.913717226362,0.908834586466,255,423,0,5,3,5
435,WLNM_dir_neg_kfold,0.837346098173,0.378247208938,00:00:19,10,80,9,15354,threshold_sweep,0.3,0.979079497908,0.553191489362,0.706948640483,234,5,189,841,0.553191489362,0.994089834515,0.00591016548463,0.446808510638,0.979079497908,0.553191489362,0.706948640483,0.847123719464,0.603887575519,0.614058355438,0.659854876143,0.547281323877,2154,1731,423,0,2154,0,1731,0,423,144,2115,0.10270979021,3.28340051934,29.375,15.4379562044,16.5234375,23.125947344,0.787266292563,0.431540583136,18.7178045265,1.27440371245,0.622363409509,10.41950078,0.709412819061,0.401704097715,1.12585631727,0.342893384662,4.14543900894,3.28340051934,1.12585631727,4.14543900894,0.506274862896,0.548025908195,16217,0.0332762894383,0.115809519663,144,144,144,1,0,0.0486111111111,0.840277777778,0.111111111111,144,0.0821678321678,3.01044400087,23.5,13.21875,13.21875,18.6712448598,0.794521057865,0.429845514841,15.168747776,1.29095725753,0.629646046756,8.3561459313,0.711161355855,0.401768124507,1.07265513114,0.356311271967,3.84221554451,3.01044400087,1.07265513114,3.84221554451,0.407171413243,0.441124136487,8429,0.0172957910634,0.091437418136,144,144,144,1,0,0.111111111111,0.777777777778,0.111111111111,144,1931,0.0937742812743,3.67374970511,26.8194444444,14.4104477612,15.0859375,21.0854580777,0.786200404762,0.431199292249,16.65462123,1.24198107567,0.612639536222,10.2236618421,0.762406683199,0.42778281259,1.18785396361,0.323335572362,5.19725182512,3.67374970511,1.18785396361,5.19725182512,0.455568889321,0.50466351751,12571,0.0257949210414,0.115482691304,144,144,144,1,0,0.0694444444444,0.819444444444,0.111111111111,-184,-0.00893550893551,0.390349185772,-2.55555555556,-1.02750844319,-1.4375,-2.04048926634,-0.0010658878016,-0.000341290887061,-2.06318329656,-0.0324226367765,-0.00972387328692,-0.195838937897,0.0529938641377,0.0260787148752,0.0619976463394,-0.0195578123,1.05181281619,0.390349185772,0.0619976463394,1.05181281619,-0.0507059735746,-0.0433623906849,-3646,-0.00748136839686,-0.000326828359069,0.0208333333333,-0.0208333333333,0,1926,5,189,18472,0.910638297872,0.9997293933,0.000270606700222,0.0893617021277,0.997410668048,0.910638297872,0.952051408799,0.948045449932,0.910367691172,0.908490566038,239,423,0,5,3,5
436,WLNM_dir_neg_kfold,0.837346098173,0.378247208938,00:00:19,10,80,9,15354,threshold_sweep,0.4,0.991525423729,0.553191489362,0.710166919575,234,2,189,844,0.553191489362,0.997635933806,0.00236406619385,0.446808510638,0.991525423729,0.553191489362,0.710166919575,0.849487785658,0.604675597583,0.61926910299,0.667367044227,0.550827423168,2154,1731,423,0,2154,0,1731,0,423,144,2115,0.10270979021,3.28340051934,29.375,15.4379562044,16.5234375,23.125947344,0.787266292563,0.431540583136,18.7178045265,1.27440371245,0.622363409509,10.41950078,0.709412819061,0.401704097715,1.12585631727,0.342893384662,4.14543900894,3.28340051934,1.12585631727,4.14543900894,0.506274862896,0.548025908195,16217,0.0332762894383,0.115809519663,144,144,144,1,0,0.0486111111111,0.840277777778,0.111111111111,144,0.0821678321678,3.01044400087,23.5,13.21875,13.21875,18.6712448598,0.794521057865,0.429845514841,15.168747776,1.29095725753,0.629646046756,8.3561459313,0.711161355855,0.401768124507,1.07265513114,0.356311271967,3.84221554451,3.01044400087,1.07265513114,3.84221554451,0.407171413243,0.441124136487,8429,0.0172957910634,0.091437418136,144,144,144,1,0,0.111111111111,0.777777777778,0.111111111111,144,1928,0.0936285936286,3.07938140769,26.7777777778,14.6060606061,15.0625,21.0897000163,0.787582158283,0.431697354772,16.6704424627,1.24509528767,0.614763427847,10.1974294794,0.761633737051,0.427414707238,1.07305945049,0.348465911956,4.64260195584,3.07938140769,1.07305945049,4.64260195584,0.453763736434,0.505282634345,12562,0.0257764535934,0.115779412756,144,144,144,1,0,0.0833333333333,0.805555555556,0.111111111111,-187,-0.0090811965812,-0.204019111641,-2.59722222222,-0.831895598319,-1.4609375,-2.03624732779,0.000315865720064,0.000156771635456,-2.04736206379,-0.0293084247714,-0.00759998166187,-0.222071300544,0.0522209179907,0.0257106095236,-0.0527968667828,0.00557252729417,0.497162946904,-0.204019111641,-0.0527968667828,0.497162946904,-0.0525111264613,-0.0427432738497,-3655,-0.00749983584491,-3.01069070216e-05,0.0347222222222,-0.0347222222222,0,1926,2,189,18475,0.910638297872,0.99989175732,0.000108242680089,0.0893617021277,0.998962655602,0.910638297872,0.952757853079,0.948875696773,0.910530055192,0.909777987718,236,423,0,5,3,5
437,WLNM_dir_neg_kfold,0.837346098173,0.378247208938,00:00:19,10,80,9,15354,threshold_sweep,0.5,0.991525423729,0.553191489362,0.710166919575,234,2,189,844,0.553191489362,0.997635933806,0.00236406619385,0.446808510638,0.991525423729,0.553191489362,0.710166919575,0.849487785658,0.604675597583,0.61926910299,0.667367044227,0.550827423168,2154,1731,423,0,2154,0,1731,0,423,144,2115,0.10270979021,3.28340051934,29.375,15.4379562044,16.5234375,23.125947344,0.787266292563,0.431540583136,18.7178045265,1.27440371245,0.622363409509,10.41950078,0.709412819061,0.401704097715,1.12585631727,0.342893384662,4.14543900894,3.28340051934,1.12585631727,4.14543900894,0.506274862896,0.548025908195,16217,0.0332762894383,0.115809519663,144,144,144,1,0,0.0486111111111,0.840277777778,0.111111111111,144,0.0821678321678,3.01044400087,23.5,13.21875,13.21875,18.6712448598,0.794521057865,0.429845514841,15.168747776,1.29095725753,0.629646046756,8.3561459313,0.711161355855,0.401768124507,1.07265513114,0.356311271967,3.84221554451,3.01044400087,1.07265513114,3.84221554451,0.407171413243,0.441124136487,8429,0.0172957910634,0.091437418136,144,144,144,1,0,0.111111111111,0.777777777778,0.111111111111,144,1928,0.0936285936286,3.07938140769,26.7777777778,14.6060606061,15.0625,21.0897000163,0.787582158283,0.431697354772,16.6704424627,1.24509528767,0.614763427847,10.1974294794,0.761633737051,0.427414707238,1.07305945049,0.348465911956,4.64260195584,3.07938140769,1.07305945049,4.64260195584,0.453763736434,0.505282634345,12562,0.0257764535934,0.115779412756,144,144,144,1,0,0.0833333333333,0.805555555556,0.111111111111,-187,-0.0090811965812,-0.204019111641,-2.59722222222,-0.831895598319,-1.4609375,-2.03624732779,0.000315865720064,0.000156771635456,-2.04736206379,-0.0293084247714,-0.00759998166187,-0.222071300544,0.0522209179907,0.0257106095236,-0.0527968667828,0.00557252729417,0.497162946904,-0.204019111641,-0.0527968667828,0.497162946904,-0.0525111264613,-0.0427432738497,-3655,-0.00749983584491,-3.01069070216e-05,0.0347222222222,-0.0347222222222,0,1926,2,189,18475,0.910638297872,0.99989175732,0.000108242680089,0.0893617021277,0.998962655602,0.910638297872,0.952757853079,0.948875696773,0.910530055192,0.909777987718,236,423,0,5,3,5
438,WLNM_dir_neg_kfold,0.837346098173,0.378247208938,00:00:19,10,80,9,15354,threshold_sweep,0.6,0.991416309013,0.54609929078,0.704268292683,231,2,192,844,0.54609929078,0.997635933806,0.00236406619385,0.45390070922,0.991416309013,0.54609929078,0.704268292683,0.847123719464,0.605463619648,0.612516644474,0.662041167125,0.543735224586,2154,1731,423,0,2154,0,1731,0,423,144,2115,0.10270979021,3.28340051934,29.375,15.4379562044,16.5234375,23.125947344,0.787266292563,0.431540583136,18.7178045265,1.27440371245,0.622363409509,10.41950078,0.709412819061,0.401704097715,1.12585631727,0.342893384662,4.14543900894,3.28340051934,1.12585631727,4.14543900894,0.506274862896,0.548025908195,16217,0.0332762894383,0.115809519663,144,144,144,1,0,0.0486111111111,0.840277777778,0.111111111111,144,0.0821678321678,3.01044400087,23.5,13.21875,13.21875,18.6712448598,0.794521057865,0.429845514841,15.168747776,1.29095725753,0.629646046756,8.3561459313,0.711161355855,0.401768124507,1.07265513114,0.356311271967,3.84221554451,3.01044400087,1.07265513114,3.84221554451,0.407171413243,0.441124136487,8429,0.0172957910634,0.091437418136,144,144,144,1,0,0.111111111111,0.777777777778,0.111111111111,144,1925,0.0934829059829,3.07665443053,26.7361111111,14.5833333333,15.0390625,21.0799298413,0.788444129129,0.432027417027,16.6782579157,1.24762033239,0.615292207792,10.1697113214,0.76074723651,0.42737012987,1.07194321158,0.348411963641,4.6397337179,3.07665443053,1.07194321158,4.6397337179,0.453670566687,0.506391386749,12558,0.0257682458387,0.115184570854,144,144,144,1,0,0.0833333333333,0.805555555556,0.111111111111,-190,-0.00922688422688,-0.206746088809,-2.63888888889,-0.854622871046,-1.484375,-2.04601750276,0.00117783656537,0.000486833891089,-2.03954661086,-0.0267833800518,-0.00707120171659,-0.24978945856,0.0513344174488,0.0256660321554,-0.0539131056902,0.00551857897931,0.494294708963,-0.206746088809,-0.0539131056902,0.494294708963,-0.0526042962085,-0.0416345214454,-3659,-0.00750804359959,-0.000624948809072,0.0347222222222,-0.0347222222222,0,1923,2,192,18475,0.909219858156,0.99989175732,0.000108242680089,0.090780141844,0.998961038961,0.909219858156,0.95198019802,0.948059274821,0.909111615476,0.908360888049,233,423,0,5,3,5
439,WLNM_dir_neg_kfold,0.837346098173,0.378247208938,00:00:19,10,80,9,15354,threshold_sweep,0.7,0.995633187773,0.539007092199,0.699386503067,228,1,195,845,0.539007092199,0.998817966903,0.00118203309693,0.460992907801,0.995633187773,0.539007092199,0.699386503067,0.845547675335,0.606514315734,0.607476635514,0.659267987601,0.537825059102,2154,1731,423,0,2154,0,1731,0,423,144,2115,0.10270979021,3.28340051934,29.375,15.4379562044,16.5234375,23.125947344,0.787266292563,0.431540583136,18.7178045265,1.27440371245,0.622363409509,10.41950078,0.709412819061,0.401704097715,1.12585631727,0.342893384662,4.14543900894,3.28340051934,1.12585631727,4.14543900894,0.506274862896,0.548025908195,16217,0.0332762894383,0.115809519663,144,144,144,1,0,0.0486111111111,0.840277777778,0.111111111111,144,0.0821678321678,3.01044400087,23.5,13.21875,13.21875,18.6712448598,0.794521057865,0.429845514841,15.168747776,1.29095725753,0.629646046756,8.3561459313,0.711161355855,0.401768124507,1.07265513114,0.356311271967,3.84221554451,3.01044400087,1.07265513114,3.84221554451,0.407171413243,0.441124136487,8429,0.0172957910634,0.091437418136,144,144,144,1,0,0.111111111111,0.777777777778,0.111111111111,144,1921,0.0932886557887,2.99857043167,26.6805555556,15.0078125,15.0078125,21.0864530063,0.790330357343,0.432829400197,16.6998024336,1.25183318607,0.618250766383,10.1438349422,0.760391583383,0.427291196715,1.06391110829,0.35480610929,3.84343356814,2.99857043167,1.06391110829,3.84343356814,0.456829150603,0.507223157186,12558,0.0257682458387,0.11789014503,144,144,144,1,0,0.111111111111,0.777777777778,0.111111111111,-194,-0.00942113442113,-0.284830087668,-2.69444444444,-0.43014370438,-1.515625,-2.0394943377,0.00306406478007,0.00128881706033,-2.01800209295,-0.0225705263771,-0.00411264312555,-0.275665837741,0.0509787643222,0.0255870989999,-0.0619452089838,0.011912724628,-0.302005440803,-0.284830087668,-0.0619452089838,-0.302005440803,-0.0494457122928,-0.0408027510087,-3659,-0.00750804359959,0.00208062536655,0.0625,-0.0625,0,1920,1,195,18476,0.90780141844,0.99994587866,5.41213400444e-05,0.0921985815603,0.999479437793,0.90780141844,0.951437066402,0.947520048177,0.9077472971,0.907372400756,229,423,0,5,3,5
440,WLNM_dir_neg_kfold,0.837346098173,0.378247208938,00:00:19,10,80,9,15354,threshold_sweep,0.8,0.995614035088,0.536643026005,0.697388632873,227,1,196,845,0.536643026005,0.998817966903,0.00118203309693,0.463356973995,0.995614035088,0.536643026005,0.697388632873,0.84475965327,0.606776989756,0.605210420842,0.657491913686,0.535460992908,2154,1731,423,0,2154,0,1731,0,423,144,2115,0.10270979021,3.28340051934,29.375,15.4379562044,16.5234375,23.125947344,0.787266292563,0.431540583136,18.7178045265,1.27440371245,0.622363409509,10.41950078,0.709412819061,0.401704097715,1.12585631727,0.342893384662,4.14543900894,3.28340051934,1.12585631727,4.14543900894,0.506274862896,0.548025908195,16217,0.0332762894383,0.115809519663,144,144,144,1,0,0.0486111111111,0.840277777778,0.111111111111,144,0.0821678321678,3.01044400087,23.5,13.21875,13.21875,18.6712448598,0.794521057865,0.429845514841,15.168747776,1.29095725753,0.629646046756,8.3561459313,0.711161355855,0.401768124507,1.07265513114,0.356311271967,3.84221554451,3.01044400087,1.07265513114,3.84221554451,0.407171413243,0.441124136487,8429,0.0172957910634,0.091437418136,144,144,144,1,0,0.111111111111,0.777777777778,0.111111111111,144,1920,0.0932400932401,2.99976690946,26.6666666667,15,15,21.0825881826,0.790597056846,0.432899305556,16.7026650861,1.25269988146,0.618438946759,10.1354463507,0.7601584763,0.427170138889,1.06460730151,0.354896674857,3.84754965273,2.99976690946,1.06460730151,3.84754965273,0.456973869435,0.507539313579,12555,0.0257620900227,0.117755417484,144,144,144,1,0,0.111111111111,0.777777777778,0.111111111111,-195,-0.0094696969697,-0.283633609875,-2.70833333333,-0.43795620438,-1.5234375,-2.04335916148,0.00333076428293,0.00135872241923,-2.01513944042,-0.0217038309863,-0.00392446274954,-0.284054429287,0.0507456572393,0.0254660411742,-0.0612490157606,0.0120032901955,-0.297889356207,-0.283633609875,-0.0612490157606,-0.297889356207,-0.0493009934608,-0.040486594616,-3662,-0.00751419941561,0.00194589782115,0.0625,-0.0625,0,1919,1,196,18476,0.907328605201,0.99994587866,5.41213400444e-05,0.0926713947991,0.999479166667,0.907328605201,0.951177199504,0.947247741635,0.907274483861,0.906899810964,228,423,0,5,3,5
441,WLNM_dir_neg_kfold,0.837346098173,0.378247208938,00:00:19,10,80,9,15354,threshold_sweep,0.9,1,0.534278959811,0.696456086287,226,0,197,846,0.534278959811,1,0,0.465721040189,1,0.534278959811,0.696456086287,0.84475965327,0.607302337799,0.604682274247,0.65830486283,0.534278959811,2154,1731,423,0,2154,0,1731,0,423,144,2115,0.10270979021,3.28340051934,29.375,15.4379562044,16.5234375,23.125947344,0.787266292563,0.431540583136,18.7178045265,1.27440371245,0.622363409509,10.41950078,0.709412819061,0.401704097715,1.12585631727,0.342893384662,4.14543900894,3.28340051934,1.12585631727,4.14543900894,0.506274862896,0.548025908195,16217,0.0332762894383,0.115809519663,144,144,144,1,0,0.0486111111111,0.840277777778,0.111111111111,144,0.0821678321678,3.01044400087,23.5,13.21875,13.21875,18.6712448598,0.794521057865,0.429845514841,15.168747776,1.29095725753,0.629646046756,8.3561459313,0.711161355855,0.401768124507,1.07265513114,0.356311271967,3.84221554451,3.01044400087,1.07265513114,3.84221554451,0.407171413243,0.441124136487,8429,0.0172957910634,0.091437418136,144,144,144,1,0,0.111111111111,0.777777777778,0.111111111111,144,1918,0.093142968143,2.99934332235,26.6388888889,14.984375,14.984375,21.0821274888,0.791404160165,0.433195023752,16.7075431136,1.25437237141,0.618750724134,10.1193249849,0.759740770506,0.426963851234,1.06475979656,0.354997638524,3.84845503618,2.99934332235,1.06475979656,3.84845503618,0.456919551434,0.508022400648,12549,0.0257497783906,0.117591867816,144,144,144,1,0,0.111111111111,0.777777777778,0.111111111111,-197,-0.00956682206682,-0.284057196982,-2.73611111111,-0.45358120438,-1.5390625,-2.04381985519,0.0041378676022,0.00165444061527,-2.01026141296,-0.0200313410401,-0.00361268537486,-0.30017579502,0.0503279514453,0.0252597535192,-0.0610965207165,0.0121042538624,-0.296983972756,-0.284057196982,-0.0610965207165,-0.296983972756,-0.0493553114616,-0.0400035075471,-3668,-0.00752651104764,0.00178234815286,0.0625,-0.0625,0,1918,0,197,18477,0.906855791962,1,0,0.0931442080378,1,0.906855791962,0.95115298785,0.947253389002,0.906855791962,0.906855791962,226,423,0,5,3,5
442,WLNM_dir_neg_kfold,0.76055586294,0.289562490285,00:00:20,10,80,10,15355,threshold_sweep,0.1,0.916030534351,0.567375886525,0.700729927007,240,22,183,824,0.567375886525,0.973995271868,0.0260047281324,0.432624113475,0.916030534351,0.567375886525,0.700729927007,0.838455476753,0.597846073023,0.598301763553,0.630500012088,0.541371158392,2154,1731,423,0,2154,0,1731,0,423,144,2115,0.10270979021,3.28340051934,29.375,15.4379562044,16.5234375,23.125947344,0.787266292563,0.431540583136,18.7178045265,1.27440371245,0.622363409509,10.41950078,0.709412819061,0.401704097715,1.12585631727,0.342893384662,4.14543900894,3.28340051934,1.12585631727,4.14543900894,0.506274862896,0.548025908195,16217,0.0332762894383,0.115809519663,144,144,144,1,0,0.0486111111111,0.840277777778,0.111111111111,144,0.0821678321678,3.01044400087,23.5,13.21875,13.21875,18.6712448598,0.794521057865,0.429845514841,15.168747776,1.29095725753,0.629646046756,8.3561459313,0.711161355855,0.401768124507,1.07265513114,0.356311271967,3.84221554451,3.01044400087,1.07265513114,3.84221554451,0.407171413243,0.441124136487,8429,0.0172957910634,0.091437418136,144,144,144,1,0,0.111111111111,0.777777777778,0.111111111111,144,1954,0.0948912198912,NaN,27.1388888889,13.5694444444,15.265625,21.0512564983,0.775686012218,0.426592886387,16.5671563106,1.22091632995,0.599148470374,10.3543192418,0.763061397556,0.427705276925,NaN,NaN,NaN,NaN,NaN,NaN,0.453430681926,0.503166439705,12686,0.0260308939886,0.1067794577,144,144,0,1,2,0,0.888888888889,0.111111111111,-161,-0.00781857031857,NaN,-2.23611111111,-1.86851175994,-1.2578125,-2.07469084579,-0.0115802803449,-0.00494769674943,-2.15064821591,-0.0534873824913,-0.0232149391346,-0.0651815381162,0.0536485784954,0.0260011792101,NaN,NaN,NaN,NaN,NaN,NaN,-0.0528441809698,-0.0448594684894,-3531,-0.00724539544962,-0.00903006196346,-0.0486111111111,0.0486111111111,0,1932,22,183,18455,0.913475177305,0.998809330519,0.00119066948098,0.086524822695,0.988741044012,0.913475177305,0.949619071025,0.945016261424,0.912284507824,0.904071127749,262,423,0,5,3,5
443,WLNM_dir_neg_kfold,0.76055586294,0.289562490285,00:00:20,10,80,10,15355,threshold_sweep,0.2,0.923076923077,0.567375886525,0.702781844802,240,20,183,826,0.567375886525,0.976359338061,0.0236406619385,0.432624113475,0.923076923077,0.567375886525,0.702781844802,0.840031520883,0.598371421066,0.601700457816,0.635053884327,0.543735224586,2154,1731,423,0,2154,0,1731,0,423,144,2115,0.10270979021,3.28340051934,29.375,15.4379562044,16.5234375,23.125947344,0.787266292563,0.431540583136,18.7178045265,1.27440371245,0.622363409509,10.41950078,0.709412819061,0.401704097715,1.12585631727,0.342893384662,4.14543900894,3.28340051934,1.12585631727,4.14543900894,0.506274862896,0.548025908195,16217,0.0332762894383,0.115809519663,144,144,144,1,0,0.0486111111111,0.840277777778,0.111111111111,144,0.0821678321678,3.01044400087,23.5,13.21875,13.21875,18.6712448598,0.794521057865,0.429845514841,15.168747776,1.29095725753,0.629646046756,8.3561459313,0.711161355855,0.401768124507,1.07265513114,0.356311271967,3.84221554451,3.01044400087,1.07265513114,3.84221554451,0.407171413243,0.441124136487,8429,0.0172957910634,0.091437418136,144,144,144,1,0,0.111111111111,0.777777777778,0.111111111111,144,1952,0.0947940947941,NaN,27.1111111111,13.5555555556,15.25,21.0703487384,0.777184994451,0.427378614526,16.5739612856,1.22266927517,0.599605817395,10.3638544668,0.764546640995,0.428541951275,NaN,NaN,NaN,NaN,NaN,NaN,0.454830917096,0.503294173678,12681,0.0260206342953,0.107097149102,144,144,0,1,2,0,0.888888888889,0.111111111111,-163,-0.0079156954157,NaN,-2.26388888889,-1.88240064882,-1.2734375,-2.0555986056,-0.0100812981124,-0.00416196860992,-2.14384324095,-0.0517344372788,-0.0227575921135,-0.055646313133,0.0551338219343,0.0268378535603,NaN,NaN,NaN,NaN,NaN,NaN,-0.0514439457995,-0.0447317345165,-3536,-0.00725565514298,-0.00871237056155,-0.0486111111111,0.0486111111111,0,1932,20,183,18457,0.913475177305,0.998917573199,0.00108242680089,0.086524822695,0.989754098361,0.913475177305,0.95008605852,0.945561716754,0.912392750504,0.904918032787,260,423,0,5,3,5
444,WLNM_dir_neg_kfold,0.76055586294,0.289562490285,00:00:20,10,80,10,15355,threshold_sweep,0.3,0.963414634146,0.560283687943,0.708520179372,237,9,186,837,0.560283687943,0.989361702128,0.0106382978723,0.439716312057,0.963414634146,0.560283687943,0.708520179372,0.8463356974,0.602048857368,0.613861386139,0.65543946091,0.549645390071,2154,1731,423,0,2154,0,1731,0,423,144,2115,0.10270979021,3.28340051934,29.375,15.4379562044,16.5234375,23.125947344,0.787266292563,0.431540583136,18.7178045265,1.27440371245,0.622363409509,10.41950078,0.709412819061,0.401704097715,1.12585631727,0.342893384662,4.14543900894,3.28340051934,1.12585631727,4.14543900894,0.506274862896,0.548025908195,16217,0.0332762894383,0.115809519663,144,144,144,1,0,0.0486111111111,0.840277777778,0.111111111111,144,0.0821678321678,3.01044400087,23.5,13.21875,13.21875,18.6712448598,0.794521057865,0.429845514841,15.168747776,1.29095725753,0.629646046756,8.3561459313,0.711161355855,0.401768124507,1.07265513114,0.356311271967,3.84221554451,3.01044400087,1.07265513114,3.84221554451,0.407171413243,0.441124136487,8429,0.0172957910634,0.091437418136,144,144,144,1,0,0.111111111111,0.777777777778,0.111111111111,144,1938,0.0941142191142,3.62460163499,26.9166666667,14.0434782609,15.140625,21.0996636039,0.783888431103,0.430035976379,16.6443148487,1.23672927668,0.608731796812,10.2437939595,0.761148777179,0.427287581699,1.14250022013,0.315207113824,4.5054646173,3.62460163499,1.14250022013,4.5054646173,0.453726496498,0.505847212406,12645,0.0259467645031,0.110350002594,144,144,144,1,0,0.0416666666667,0.847222222222,0.111111111111,-177,-0.00859557109557,0.341201115652,-2.45833333333,-1.39447794351,-1.3828125,-2.02628374019,-0.00337786146022,-0.00150460675747,-2.07348967782,-0.0376744357603,-0.0136316126965,-0.175706820425,0.0517359581179,0.0255834839846,0.0166439028506,-0.0276862708378,0.360025608361,0.341201115652,0.0166439028506,0.360025608361,-0.0525483663972,-0.0421786957884,-3572,-0.00732952493516,-0.00545951706951,-0.00694444444444,0.00694444444444,0,1929,9,186,18468,0.912056737589,0.99951290794,0.000487092060399,0.0879432624113,0.995356037152,0.912056737589,0.951887490748,0.947758957657,0.911569645528,0.908192090395,246,423,0,5,3,5
445,WLNM_dir_neg_kfold,0.76055586294,0.289562490285,00:00:20,10,80,10,15355,threshold_sweep,0.4,0.962809917355,0.550827423168,0.700751879699,233,9,190,837,0.550827423168,0.989361702128,0.0106382978723,0.449172576832,0.962809917355,0.550827423168,0.700751879699,0.843183609141,0.603099553454,0.604897418928,0.648198911573,0.540189125296,2154,1731,423,0,2154,0,1731,0,423,144,2115,0.10270979021,3.28340051934,29.375,15.4379562044,16.5234375,23.125947344,0.787266292563,0.431540583136,18.7178045265,1.27440371245,0.622363409509,10.41950078,0.709412819061,0.401704097715,1.12585631727,0.342893384662,4.14543900894,3.28340051934,1.12585631727,4.14543900894,0.506274862896,0.548025908195,16217,0.0332762894383,0.115809519663,144,144,144,1,0,0.0486111111111,0.840277777778,0.111111111111,144,0.0821678321678,3.01044400087,23.5,13.21875,13.21875,18.6712448598,0.794521057865,0.429845514841,15.168747776,1.29095725753,0.629646046756,8.3561459313,0.711161355855,0.401768124507,1.07265513114,0.356311271967,3.84221554451,3.01044400087,1.07265513114,3.84221554451,0.407171413243,0.441124136487,8429,0.0172957910634,0.091437418136,144,144,144,1,0,0.111111111111,0.777777777778,0.111111111111,144,1934,0.09391996892,3.480506513,26.8611111111,14.4328358209,15.109375,21.1245428175,0.78643592702,0.431262926577,16.6660547673,1.24090583583,0.61182925428,10.2231417022,0.761185318052,0.42721618982,1.12764525701,0.323988836912,4.32871253028,3.480506513,1.12764525701,4.32871253028,0.457471630555,0.506525775813,12639,0.0259344528711,0.113492961682,144,144,144,1,0,0.0694444444444,0.819444444444,0.111111111111,-181,-0.00878982128982,0.197105993669,-2.51388888889,-1.00512038348,-1.4140625,-2.00140452659,-0.000830365543277,-0.000277656559285,-2.05174975922,-0.0334978766156,-0.0105341552287,-0.196359077787,0.0517724989911,0.0255120921049,0.00178893973932,-0.0189045477493,0.183273521341,0.197105993669,0.00178893973932,0.183273521341,-0.048803232341,-0.0415001323823,-3578,-0.00734183656719,-0.00231655798092,0.0208333333333,-0.0208333333333,0,1925,9,190,18468,0.910165484634,0.99951290794,0.000487092060399,0.0898345153664,0.995346432265,0.910165484634,0.950852062238,0.946668693439,0.909678392573,0.906308851224,242,423,0,5,3,5
446,WLNM_dir_neg_kfold,0.76055586294,0.289562490285,00:00:20,10,80,10,15355,threshold_sweep,0.5,0.966804979253,0.550827423168,0.701807228916,233,8,190,838,0.550827423168,0.990543735225,0.00945626477541,0.449172576832,0.966804979253,0.550827423168,0.701807228916,0.843971631206,0.603362227476,0.606622516556,0.650646954861,0.541371158392,2154,1731,423,0,2154,0,1731,0,423,144,2115,0.10270979021,3.28340051934,29.375,15.4379562044,16.5234375,23.125947344,0.787266292563,0.431540583136,18.7178045265,1.27440371245,0.622363409509,10.41950078,0.709412819061,0.401704097715,1.12585631727,0.342893384662,4.14543900894,3.28340051934,1.12585631727,4.14543900894,0.506274862896,0.548025908195,16217,0.0332762894383,0.115809519663,144,144,144,1,0,0.0486111111111,0.840277777778,0.111111111111,144,0.0821678321678,3.01044400087,23.5,13.21875,13.21875,18.6712448598,0.794521057865,0.429845514841,15.168747776,1.29095725753,0.629646046756,8.3561459313,0.711161355855,0.401768124507,1.07265513114,0.356311271967,3.84221554451,3.01044400087,1.07265513114,3.84221554451,0.407171413243,0.441124136487,8429,0.0172957910634,0.091437418136,144,144,144,1,0,0.111111111111,0.777777777778,0.111111111111,144,1933,0.0938714063714,3.41392826692,26.8472222222,14.5338345865,15.1015625,21.1297422184,0.787036440623,0.431550698396,16.6714780351,1.24195180396,0.612587658792,10.2141954293,0.760912644498,0.427052796459,1.13668948781,0.332956465085,4.25584036069,3.41392826692,1.13668948781,4.25584036069,0.454710135743,0.506495589415,12632,0.0259200893004,0.114362343385,144,144,144,1,0,0.0763888888889,0.8125,0.111111111111,-182,-0.00883838383838,0.130527747589,-2.52777777778,-0.904121617913,-1.421875,-1.99620512564,-0.000229851939905,1.01152599472e-05,-2.04632649141,-0.0324519084834,-0.00977575071705,-0.205305350687,0.0514998254372,0.0253486987444,0.0108331705348,-0.00993691957644,0.110401351756,0.130527747589,0.0108331705348,0.110401351756,-0.0515647271528,-0.0415303187803,-3585,-0.00735620013789,-0.00144717627773,0.0277777777778,-0.0277777777778,0,1925,8,190,18469,0.910165484634,0.99956702928,0.000432970720355,0.0898345153664,0.995861355406,0.910165484634,0.951086956522,0.946944492726,0.909732513913,0.906735751295,241,423,0,5,3,5
447,WLNM_dir_neg_kfold,0.76055586294,0.289562490285,00:00:20,10,80,10,15355,threshold_sweep,0.6,0.97489539749,0.550827423168,0.703927492447,233,6,190,840,0.550827423168,0.992907801418,0.00709219858156,0.449172576832,0.97489539749,0.550827423168,0.703927492447,0.845547675335,0.603887575519,0.610079575597,0.655579358587,0.543735224586,2154,1731,423,0,2154,0,1731,0,423,144,2115,0.10270979021,3.28340051934,29.375,15.4379562044,16.5234375,23.125947344,0.787266292563,0.431540583136,18.7178045265,1.27440371245,0.622363409509,10.41950078,0.709412819061,0.401704097715,1.12585631727,0.342893384662,4.14543900894,3.28340051934,1.12585631727,4.14543900894,0.506274862896,0.548025908195,16217,0.0332762894383,0.115809519663,144,144,144,1,0,0.0486111111111,0.840277777778,0.111111111111,144,0.0821678321678,3.01044400087,23.5,13.21875,13.21875,18.6712448598,0.794521057865,0.429845514841,15.168747776,1.29095725753,0.629646046756,8.3561459313,0.711161355855,0.401768124507,1.07265513114,0.356311271967,3.84221554451,3.01044400087,1.07265513114,3.84221554451,0.407171413243,0.441124136487,8429,0.0172957910634,0.091437418136,144,144,144,1,0,0.111111111111,0.777777777778,0.111111111111,144,1931,0.0937742812743,3.10848151961,26.8194444444,14.7404580153,15.0859375,21.134816262,0.788040792785,0.431940128891,16.6823105485,1.24404594458,0.614085246562,10.1996936705,0.760619310485,0.42691250935,1.08444173532,0.348865427856,3.99738032747,3.10848151961,1.08444173532,3.99738032747,0.455282180924,0.506945002007,12628,0.0259118815457,0.116351567817,144,144,144,1,0,0.0902777777778,0.798611111111,0.111111111111,-184,-0.00893550893551,-0.174918999727,-2.55555555556,-0.697498189112,-1.4375,-1.991131082,0.000774500221582,0.000399545754863,-2.03549397803,-0.0303577678643,-0.00827816294686,-0.219807109494,0.0512064914241,0.0252084116356,-0.0414145819527,0.00597204319478,-0.148058681473,-0.174918999727,-0.0414145819527,-0.148058681473,-0.0509926819715,-0.0410809061876,-3589,-0.00736440789258,0.000542048153642,0.0416666666667,-0.0416666666667,0,1925,6,190,18471,0.910165484634,0.99967527196,0.000324728040266,0.0898345153664,0.996892801657,0.910165484634,0.951557093426,0.947496706897,0.909840756593,0.907590759076,239,423,0,5,3,5
448,WLNM_dir_neg_kfold,0.76055586294,0.289562490285,00:00:20,10,80,10,15355,threshold_sweep,0.7,0.974576271186,0.543735224586,0.698027314112,230,6,193,840,0.543735224586,0.992907801418,0.00709219858156,0.456264775414,0.974576271186,0.543735224586,0.698027314112,0.843183609141,0.604675597583,0.603322259136,0.650181626779,0.536643026005,2154,1731,423,0,2154,0,1731,0,423,144,2115,0.10270979021,3.28340051934,29.375,15.4379562044,16.5234375,23.125947344,0.787266292563,0.431540583136,18.7178045265,1.27440371245,0.622363409509,10.41950078,0.709412819061,0.401704097715,1.12585631727,0.342893384662,4.14543900894,3.28340051934,1.12585631727,4.14543900894,0.506274862896,0.548025908195,16217,0.0332762894383,0.115809519663,144,144,144,1,0,0.0486111111111,0.840277777778,0.111111111111,144,0.0821678321678,3.01044400087,23.5,13.21875,13.21875,18.6712448598,0.794521057865,0.429845514841,15.168747776,1.29095725753,0.629646046756,8.3561459313,0.711161355855,0.401768124507,1.07265513114,0.356311271967,3.84221554451,3.01044400087,1.07265513114,3.84221554451,0.407171413243,0.441124136487,8429,0.0172957910634,0.091437418136,144,144,144,1,0,0.111111111111,0.777777777778,0.111111111111,144,1928,0.0936285936286,3.07143083848,26.7777777778,15.0625,15.0625,21.1466555555,0.789709128627,0.432648253804,16.6985243312,1.24719268864,0.616283425542,10.1665233663,0.759325396656,0.426262102351,1.09810405191,0.357521985568,3.9568835813,3.07143083848,1.09810405191,3.9568835813,0.45844076484,0.507773965258,12628,0.0259118815457,0.11729005905,144,144,144,1,0,0.111111111111,0.777777777778,0.111111111111,-187,-0.0090811965812,-0.211969680857,-2.59722222222,-0.37545620438,-1.4609375,-1.97929178859,0.00244283606378,0.00110767066727,-2.01928019531,-0.0272110238055,-0.00607998396708,-0.252977413623,0.0499125775948,0.0245580046366,-0.0277522653663,0.0146286009066,-0.188555427641,-0.211969680857,-0.0277522653663,-0.188555427641,-0.0478340980557,-0.0402519429365,-3589,-0.00736440789258,0.00148053938704,0.0625,-0.0625,0,1922,6,193,18471,0.908747044917,0.99967527196,0.000324728040266,0.0912529550827,0.996887966805,0.908747044917,0.950779124413,0.946679194141,0.908422316877,0.906176331919,236,423,0,5,3,5
449,WLNM_dir_neg_kfold,0.76055586294,0.289562490285,00:00:20,10,80,10,15355,threshold_sweep,0.8,0.974576271186,0.543735224586,0.698027314112,230,6,193,840,0.543735224586,0.992907801418,0.00709219858156,0.456264775414,0.974576271186,0.543735224586,0.698027314112,0.843183609141,0.604675597583,0.603322259136,0.650181626779,0.536643026005,2154,1731,423,0,2154,0,1731,0,423,144,2115,0.10270979021,3.28340051934,29.375,15.4379562044,16.5234375,23.125947344,0.787266292563,0.431540583136,18.7178045265,1.27440371245,0.622363409509,10.41950078,0.709412819061,0.401704097715,1.12585631727,0.342893384662,4.14543900894,3.28340051934,1.12585631727,4.14543900894,0.506274862896,0.548025908195,16217,0.0332762894383,0.115809519663,144,144,144,1,0,0.0486111111111,0.840277777778,0.111111111111,144,0.0821678321678,3.01044400087,23.5,13.21875,13.21875,18.6712448598,0.794521057865,0.429845514841,15.168747776,1.29095725753,0.629646046756,8.3561459313,0.711161355855,0.401768124507,1.07265513114,0.356311271967,3.84221554451,3.01044400087,1.07265513114,3.84221554451,0.407171413243,0.441124136487,8429,0.0172957910634,0.091437418136,144,144,144,1,0,0.111111111111,0.777777777778,0.111111111111,144,1928,0.0936285936286,3.07143083848,26.7777777778,15.0625,15.0625,21.1466555555,0.789709128627,0.432648253804,16.6985243312,1.24719268864,0.616283425542,10.1665233663,0.759325396656,0.426262102351,1.09810405191,0.357521985568,3.9568835813,3.07143083848,1.09810405191,3.9568835813,0.45844076484,0.507773965258,12628,0.0259118815457,0.11729005905,144,144,144,1,0,0.111111111111,0.777777777778,0.111111111111,-187,-0.0090811965812,-0.211969680857,-2.59722222222,-0.37545620438,-1.4609375,-1.97929178859,0.00244283606378,0.00110767066727,-2.01928019531,-0.0272110238055,-0.00607998396708,-0.252977413623,0.0499125775948,0.0245580046366,-0.0277522653663,0.0146286009066,-0.188555427641,-0.211969680857,-0.0277522653663,-0.188555427641,-0.0478340980557,-0.0402519429365,-3589,-0.00736440789258,0.00148053938704,0.0625,-0.0625,0,1922,6,193,18471,0.908747044917,0.99967527196,0.000324728040266,0.0912529550827,0.996887966805,0.908747044917,0.950779124413,0.946679194141,0.908422316877,0.906176331919,236,423,0,5,3,5
450,WLNM_dir_neg_kfold,0.76055586294,0.289562490285,00:00:20,10,80,10,15355,threshold_sweep,0.9,0.974248927039,0.536643026005,0.692073170732,227,6,196,840,0.536643026005,0.992907801418,0.00709219858156,0.463356973995,0.974248927039,0.536643026005,0.692073170732,0.840819542947,0.605463619648,0.596537949401,0.644770527982,0.529550827423,2154,1731,423,0,2154,0,1731,0,423,144,2115,0.10270979021,3.28340051934,29.375,15.4379562044,16.5234375,23.125947344,0.787266292563,0.431540583136,18.7178045265,1.27440371245,0.622363409509,10.41950078,0.709412819061,0.401704097715,1.12585631727,0.342893384662,4.14543900894,3.28340051934,1.12585631727,4.14543900894,0.506274862896,0.548025908195,16217,0.0332762894383,0.115809519663,144,144,144,1,0,0.0486111111111,0.840277777778,0.111111111111,144,0.0821678321678,3.01044400087,23.5,13.21875,13.21875,18.6712448598,0.794521057865,0.429845514841,15.168747776,1.29095725753,0.629646046756,8.3561459313,0.711161355855,0.401768124507,1.07265513114,0.356311271967,3.84221554451,3.01044400087,1.07265513114,3.84221554451,0.407171413243,0.441124136487,8429,0.0172957910634,0.091437418136,144,144,144,1,0,0.111111111111,0.777777777778,0.111111111111,144,1925,0.0934829059829,3.07102070741,26.7361111111,15.0390625,15.0390625,21.1531168201,0.791181512232,0.433333333333,16.7067452262,1.24975133121,0.616850649351,10.1628326868,0.760232678912,0.426735209235,1.09727417209,0.357299502878,3.95752128167,3.07102070741,1.09727417209,3.95752128167,0.458838193329,0.508278101269,12628,0.0259118815457,0.117329064285,144,144,144,1,0,0.111111111111,0.777777777778,0.111111111111,-190,-0.00922688422688,-0.212379811926,-2.63888888889,-0.39889370438,-1.484375,-1.97283052395,0.00391521966876,0.00179275019701,-2.01105930035,-0.0246523812392,-0.00551276015815,-0.256668093117,0.0508198598507,0.0250311115205,-0.0285821451881,0.0144061182167,-0.187917727271,-0.212379811926,-0.0285821451881,-0.187917727271,-0.0474366695669,-0.0397478069257,-3589,-0.00736440789258,0.00151954462174,0.0625,-0.0625,0,1919,6,196,18471,0.907328605201,0.99967527196,0.000324728040266,0.0926713947991,0.996883116883,0.907328605201,0.95,0.945861237941,0.907003877161,0.904761904762,233,423,0,5,3,5
451,WLNM_dir_neg_kfold,0.867328661089,0.425182809121,00:00:19,10,80,11,15356,threshold_sweep,0.1,0.945098039216,0.569739952719,0.710914454277,241,14,182,832,0.569739952719,0.983451536643,0.016548463357,0.430260047281,0.945098039216,0.569739952719,0.710914454277,0.845547675335,0.599684791174,0.614173228346,0.650791373456,0.553191489362,2154,1731,423,0,2154,0,1731,0,423,144,2115,0.10270979021,3.28340051934,29.375,15.4379562044,16.5234375,23.125947344,0.787266292563,0.431540583136,18.7178045265,1.27440371245,0.622363409509,10.41950078,0.709412819061,0.401704097715,1.12585631727,0.342893384662,4.14543900894,3.28340051934,1.12585631727,4.14543900894,0.506274862896,0.548025908195,16217,0.0332762894383,0.115809519663,144,144,144,1,0,0.0486111111111,0.840277777778,0.111111111111,144,0.0821678321678,3.01044400087,23.5,13.21875,13.21875,18.6712448598,0.794521057865,0.429845514841,15.168747776,1.29095725753,0.629646046756,8.3561459313,0.711161355855,0.401768124507,1.07265513114,0.356311271967,3.84221554451,3.01044400087,1.07265513114,3.84221554451,0.407171413243,0.441124136487,8429,0.0172957910634,0.091437418136,144,144,144,1,0,0.111111111111,0.777777777778,0.111111111111,144,1947,0.0945512820513,6.55581812643,27.0416666667,13.8085106383,15.0930232558,21.0682789431,0.779104306061,0.428098071107,16.5955460998,1.2274055667,0.603246447526,10.30511364,0.762165569675,0.427035182332,1.73351924681,0.264424548298,8.20884573326,6.55581812643,1.73351924681,8.20884573326,0.462939744975,0.504098034535,12670,0.0259980629699,0.110056437605,144,144,144,1,0,0.0208333333333,0.875,0.104166666667,-168,-0.00815850815851,3.27241760709,-2.33333333333,-1.62944556608,-1.43041424419,-2.05766840099,-0.00816198650257,-0.00344251202978,-2.12225842677,-0.046998145744,-0.0191169619827,-0.114387139977,0.052752750614,0.0253310846171,0.607662929531,-0.0784688363634,4.06340672432,3.27241760709,0.607662929531,4.06340672432,-0.0433351179203,-0.04392787366,-3547,-0.00727822646837,-0.00575308205802,-0.0277777777778,0.0347222222222,-0.00694444444444,1933,14,182,18463,0.913947990544,0.999242301239,0.000757698760621,0.0860520094563,0.992809450437,0.913947990544,0.951747907435,0.947475593265,0.913190291783,0.907937999061,255,423,0,5,3,5
452,WLNM_dir_neg_kfold,0.867328661089,0.425182809121,00:00:19,10,80,11,15356,threshold_sweep,0.2,0.95256916996,0.569739952719,0.713017751479,241,12,182,834,0.569739952719,0.985815602837,0.0141843971631,0.430260047281,0.95256916996,0.569739952719,0.713017751479,0.847123719464,0.600210139217,0.617608409987,0.655504602786,0.555555555556,2154,1731,423,0,2154,0,1731,0,423,144,2115,0.10270979021,3.28340051934,29.375,15.4379562044,16.5234375,23.125947344,0.787266292563,0.431540583136,18.7178045265,1.27440371245,0.622363409509,10.41950078,0.709412819061,0.401704097715,1.12585631727,0.342893384662,4.14543900894,3.28340051934,1.12585631727,4.14543900894,0.506274862896,0.548025908195,16217,0.0332762894383,0.115809519663,144,144,144,1,0,0.0486111111111,0.840277777778,0.111111111111,144,0.0821678321678,3.01044400087,23.5,13.21875,13.21875,18.6712448598,0.794521057865,0.429845514841,15.168747776,1.29095725753,0.629646046756,8.3561459313,0.711161355855,0.401768124507,1.07265513114,0.356311271967,3.84221554451,3.01044400087,1.07265513114,3.84221554451,0.407171413243,0.441124136487,8429,0.0172957910634,0.091437418136,144,144,144,1,0,0.111111111111,0.777777777778,0.111111111111,144,1945,0.0944541569542,6.68828339059,27.0138888889,13.7943262411,15.0775193798,21.0776075496,0.780250767903,0.428631105398,16.6035620611,1.22926115002,0.603988146244,10.303096505,0.7627999469,0.427410025707,1.77175418305,0.2649041734,8.41936248077,6.68828339059,1.77175418305,8.41936248077,0.463730520223,0.504191982171,12669,0.0259960110312,0.109883468336,144,144,144,1,0,0.0208333333333,0.875,0.104166666667,-170,-0.00825563325563,3.40488287126,-2.36111111111,-1.64362996324,-1.44591812016,-2.04833979443,-0.00701552465972,-0.00290947773787,-2.11424246547,-0.0451425624226,-0.0183752632649,-0.116404274958,0.0533871278388,0.0257059279922,0.645897865773,-0.0779892112618,4.27392347183,3.40488287126,0.645897865773,4.27392347183,-0.042544342673,-0.0438339260241,-3548,-0.00728027840704,-0.00592605132749,-0.0277777777778,0.0347222222222,-0.00694444444444,1933,12,182,18465,0.913947990544,0.999350543919,0.000649456080533,0.0860520094563,0.99383033419,0.913947990544,0.952216748768,0.94802412175,0.913298534463,0.908791725435,253,423,0,5,3,5
453,WLNM_dir_neg_kfold,0.867328661089,0.425182809121,00:00:19,10,80,11,15356,threshold_sweep,0.3,0.967479674797,0.562647754137,0.711509715994,238,8,185,838,0.562647754137,0.990543735225,0.00945626477541,0.437352245863,0.967479674797,0.562647754137,0.711509715994,0.847911741529,0.602048857368,0.617821782178,0.659668102593,0.553191489362,2154,1731,423,0,2154,0,1731,0,423,144,2115,0.10270979021,3.28340051934,29.375,15.4379562044,16.5234375,23.125947344,0.787266292563,0.431540583136,18.7178045265,1.27440371245,0.622363409509,10.41950078,0.709412819061,0.401704097715,1.12585631727,0.342893384662,4.14543900894,3.28340051934,1.12585631727,4.14543900894,0.506274862896,0.548025908195,16217,0.0332762894383,0.115809519663,144,144,144,1,0,0.0486111111111,0.840277777778,0.111111111111,144,0.0821678321678,3.01044400087,23.5,13.21875,13.21875,18.6712448598,0.794521057865,0.429845514841,15.168747776,1.29095725753,0.629646046756,8.3561459313,0.711161355855,0.401768124507,1.07265513114,0.356311271967,3.84221554451,3.01044400087,1.07265513114,3.84221554451,0.407171413243,0.441124136487,8429,0.0172957910634,0.091437418136,144,144,144,1,0,0.111111111111,0.777777777778,0.111111111111,144,1938,0.0941142191142,5.68117269512,26.9166666667,14.1459854015,15.023255814,21.0867339731,0.783408073302,0.429849644536,16.6384317947,1.23629214574,0.608617131063,10.2321821938,0.760285983442,0.426484921454,1.93144238291,0.33997248219,7.82968051546,5.68117269512,1.93144238291,7.82968051546,0.465631597259,0.50588345038,12654,0.0259652319511,0.112364629598,144,144,144,1,0,0.0486111111111,0.847222222222,0.104166666667,-177,-0.00859557109557,2.39777217578,-2.45833333333,-1.29197080292,-1.50018168605,-2.03921337099,-0.00385821926084,-0.00169093860015,-2.07937273182,-0.0381115667078,-0.0137462784458,-0.187318586134,0.050873164381,0.0247808237392,0.805586065636,-0.00292090247121,3.68424150652,2.39777217578,0.805586065636,3.68424150652,-0.0406432656367,-0.0421424578144,-3563,-0.00731105748711,-0.00344489006546,0,0.00694444444444,-0.00694444444444,1930,8,185,18469,0.912529550827,0.99956702928,0.000432970720355,0.0874704491726,0.995872033024,0.912529550827,0.952380952381,0.948306811537,0.912096580107,0.909090909091,246,423,0,5,3,5
454,WLNM_dir_neg_kfold,0.867328661089,0.425182809121,00:00:19,10,80,11,15356,threshold_sweep,0.4,0.96694214876,0.553191489362,0.703759398496,234,8,189,838,0.553191489362,0.990543735225,0.00945626477541,0.446808510638,0.96694214876,0.553191489362,0.703759398496,0.84475965327,0.603099553454,0.60886829914,0.65245404666,0.543735224586,2154,1731,423,0,2154,0,1731,0,423,144,2115,0.10270979021,3.28340051934,29.375,15.4379562044,16.5234375,23.125947344,0.787266292563,0.431540583136,18.7178045265,1.27440371245,0.622363409509,10.41950078,0.709412819061,0.401704097715,1.12585631727,0.342893384662,4.14543900894,3.28340051934,1.12585631727,4.14543900894,0.506274862896,0.548025908195,16217,0.0332762894383,0.115809519663,144,144,144,1,0,0.0486111111111,0.840277777778,0.111111111111,144,0.0821678321678,3.01044400087,23.5,13.21875,13.21875,18.6712448598,0.794521057865,0.429845514841,15.168747776,1.29095725753,0.629646046756,8.3561459313,0.711161355855,0.401768124507,1.07265513114,0.356311271967,3.84221554451,3.01044400087,1.07265513114,3.84221554451,0.407171413243,0.441124136487,8429,0.0172957910634,0.091437418136,144,144,144,1,0,0.111111111111,0.777777777778,0.111111111111,144,1934,0.09391996892,5.50367463218,26.8611111111,14.5413533835,14.992248062,21.1122908925,0.785979805718,0.431101344364,16.6601793901,1.24046837238,0.611685625646,10.2128759932,0.760420963301,0.426505228082,1.97694165876,0.359203948431,7.71215646708,5.50367463218,1.97694165876,7.71215646708,0.469567171549,0.506548119668,12648,0.0259529203191,0.115917090835,144,144,144,1,0,0.0763888888889,0.819444444444,0.104166666667,-181,-0.00878982128982,2.22027411284,-2.51388888889,-0.896602820921,-1.53118943798,-2.01365645156,-0.00128648684507,-0.000439238772316,-2.0576251364,-0.0339353400668,-0.0106777838625,-0.206624786738,0.0510081442398,0.0248011303675,0.851085341484,0.0163105637696,3.56671745815,2.22027411284,0.851085341484,3.56671745815,-0.0367076913471,-0.0414777885265,-3569,-0.00732336911914,0.000107571171769,0.0277777777778,-0.0208333333333,-0.00694444444444,1926,8,189,18469,0.910638297872,0.99956702928,0.000432970720355,0.0893617021277,0.995863495346,0.910638297872,0.951346011361,0.947217054786,0.910205327152,0.907206782854,242,423,0,5,3,5
455,WLNM_dir_neg_kfold,0.867328661089,0.425182809121,00:00:19,10,80,11,15356,threshold_sweep,0.5,0.970954356846,0.553191489362,0.704819277108,234,7,189,839,0.553191489362,0.991725768322,0.00827423167849,0.446808510638,0.970954356846,0.553191489362,0.704819277108,0.845547675335,0.603362227476,0.61059602649,0.654908834478,0.544917257683,2154,1731,423,0,2154,0,1731,0,423,144,2115,0.10270979021,3.28340051934,29.375,15.4379562044,16.5234375,23.125947344,0.787266292563,0.431540583136,18.7178045265,1.27440371245,0.622363409509,10.41950078,0.709412819061,0.401704097715,1.12585631727,0.342893384662,4.14543900894,3.28340051934,1.12585631727,4.14543900894,0.506274862896,0.548025908195,16217,0.0332762894383,0.115809519663,144,144,144,1,0,0.0486111111111,0.840277777778,0.111111111111,144,0.0821678321678,3.01044400087,23.5,13.21875,13.21875,18.6712448598,0.794521057865,0.429845514841,15.168747776,1.29095725753,0.629646046756,8.3561459313,0.711161355855,0.401768124507,1.07265513114,0.356311271967,3.84221554451,3.01044400087,1.07265513114,3.84221554451,0.407171413243,0.441124136487,8429,0.0172957910634,0.091437418136,144,144,144,1,0,0.111111111111,0.777777777778,0.111111111111,144,1933,0.0938714063714,8.37463790999,26.8472222222,14.5338345865,14.984496124,21.1088817168,0.786259432805,0.431162700466,16.6651849574,1.24148299735,0.612314623211,10.1984366422,0.75973868416,0.426219319423,3.55850160357,0.424914084861,13.6310777014,8.37463790999,3.55850160357,13.6310777014,0.468271213454,0.506606987775,12639,0.0259344528711,0.115717376966,144,144,144,1,0,0.0763888888889,0.819444444444,0.104166666667,-182,-0.00883838383838,5.09123739065,-2.52777777778,-0.904121617913,-1.53894137597,-2.01706562722,-0.00100685975852,-0.00037788267073,-2.05261956909,-0.0329207150979,-0.0100487862979,-0.221064137724,0.0503258650992,0.0245152217082,2.43264528629,0.0820207001995,9.4856386925,5.09123739065,2.43264528629,9.4856386925,-0.0380036494414,-0.0414189204201,-3578,-0.00734183656719,-9.21426966277e-05,0.0277777777778,-0.0208333333333,-0.00694444444444,1926,7,189,18470,0.910638297872,0.99962115062,0.000378849380311,0.0893617021277,0.99637868598,0.910638297872,0.951581027668,0.947492981199,0.910259448492,0.907634307257,241,423,0,5,3,5
456,WLNM_dir_neg_kfold,0.867328661089,0.425182809121,00:00:19,10,80,11,15356,threshold_sweep,0.6,0.978991596639,0.550827423168,0.704992435703,233,5,190,841,0.550827423168,0.994089834515,0.00591016548463,0.449172576832,0.978991596639,0.550827423168,0.704992435703,0.8463356974,0.60415024954,0.611811546118,0.658063974876,0.544917257683,2154,1731,423,0,2154,0,1731,0,423,144,2115,0.10270979021,3.28340051934,29.375,15.4379562044,16.5234375,23.125947344,0.787266292563,0.431540583136,18.7178045265,1.27440371245,0.622363409509,10.41950078,0.709412819061,0.401704097715,1.12585631727,0.342893384662,4.14543900894,3.28340051934,1.12585631727,4.14543900894,0.506274862896,0.548025908195,16217,0.0332762894383,0.115809519663,144,144,144,1,0,0.0486111111111,0.840277777778,0.111111111111,144,0.0821678321678,3.01044400087,23.5,13.21875,13.21875,18.6712448598,0.794521057865,0.429845514841,15.168747776,1.29095725753,0.629646046756,8.3561459313,0.711161355855,0.401768124507,1.07265513114,0.356311271967,3.84221554451,3.01044400087,1.07265513114,3.84221554451,0.407171413243,0.441124136487,8429,0.0172957910634,0.091437418136,144,144,144,1,0,0.111111111111,0.777777777778,0.111111111111,144,1930,0.0937257187257,4.25400877584,26.8055555556,14.6212121212,14.9612403101,21.1138365721,0.787666442069,0.431735751295,16.6780788434,1.24437479454,0.613860103627,10.180414107,0.759574938556,0.426137017847,1.75895469572,0.413481680083,6.83195236291,4.25400877584,1.75895469572,6.83195236291,0.467067865992,0.507089162944,12637,0.0259303489937,0.115365699425,144,144,144,1,0,0.0833333333333,0.8125,0.104166666667,-185,-0.00898407148407,0.970608256499,-2.56944444444,-0.816744083167,-1.56219718992,-2.01211077193,0.00040014950548,0.000195168159009,-2.03972568309,-0.030028917908,-0.00850330588186,-0.239086672915,0.0501621194956,0.0244329201321,0.633098378447,0.0705882954218,2.68651335397,0.970608256499,0.633098378447,2.68651335397,-0.0392069969037,-0.0409367452511,-3580,-0.00734594044453,-0.000443820237932,0.0347222222222,-0.0277777777778,-0.00694444444444,1925,5,190,18472,0.910165484634,0.9997293933,0.000270606700222,0.0898345153664,0.997409326425,0.910165484634,0.951792336218,0.94777312231,0.909894877933,0.908018867925,238,423,0,5,3,5
457,WLNM_dir_neg_kfold,0.867328661089,0.425182809121,00:00:19,10,80,11,15356,threshold_sweep,0.7,0.978632478632,0.541371158392,0.697108066971,229,5,194,841,0.541371158392,0.994089834515,0.00591016548463,0.458628841608,0.978632478632,0.541371158392,0.697108066971,0.843183609141,0.605200945626,0.602794411178,0.650886255141,0.535460992908,2154,1731,423,0,2154,0,1731,0,423,144,2115,0.10270979021,3.28340051934,29.375,15.4379562044,16.5234375,23.125947344,0.787266292563,0.431540583136,18.7178045265,1.27440371245,0.622363409509,10.41950078,0.709412819061,0.401704097715,1.12585631727,0.342893384662,4.14543900894,3.28340051934,1.12585631727,4.14543900894,0.506274862896,0.548025908195,16217,0.0332762894383,0.115809519663,144,144,144,1,0,0.0486111111111,0.840277777778,0.111111111111,144,0.0821678321678,3.01044400087,23.5,13.21875,13.21875,18.6712448598,0.794521057865,0.429845514841,15.168747776,1.29095725753,0.629646046756,8.3561459313,0.711161355855,0.401768124507,1.07265513114,0.356311271967,3.84221554451,3.01044400087,1.07265513114,3.84221554451,0.407171413243,0.441124136487,8429,0.0172957910634,0.091437418136,144,144,144,1,0,0.111111111111,0.777777777778,0.111111111111,144,1926,0.0935314685315,3.95270732499,26.75,14.9302325581,14.9302325581,21.1274851644,0.789812529509,0.432682877582,16.6975878665,1.24841778441,0.616310430368,10.1332900103,0.757629159651,0.425197588554,1.5943594958,0.403358853745,6.45818779321,3.95270732499,1.5943594958,6.45818779321,0.470425227083,0.508197820171,12636,0.0259282970551,0.116053585184,144,144,144,1,0,0.104166666667,0.791666666667,0.104166666667,-189,-0.00917832167832,0.669306805657,-2.625,-0.50772364624,-1.59320494186,-1.99846217967,0.00254623694596,0.0011422944453,-2.02021666004,-0.0259859280341,-0.00605297914074,-0.28621076962,0.0482163405904,0.0234934908396,0.468503178524,0.0604654690834,2.31274878427,0.669306805657,0.468503178524,2.31274878427,-0.0358496358131,-0.0398280880241,-3581,-0.0073479923832,0.000244065520894,0.0555555555556,-0.0486111111111,-0.00694444444444,1921,5,194,18472,0.908274231678,0.9997293933,0.000270606700222,0.0917257683215,0.997403946002,0.908274231678,0.950754763672,0.946683320619,0.908003624978,0.906132075472,234,423,0,5,3,5
458,WLNM_dir_neg_kfold,0.867328661089,0.425182809121,00:00:19,10,80,11,15356,threshold_sweep,0.8,0.978632478632,0.541371158392,0.697108066971,229,5,194,841,0.541371158392,0.994089834515,0.00591016548463,0.458628841608,0.978632478632,0.541371158392,0.697108066971,0.843183609141,0.605200945626,0.602794411178,0.650886255141,0.535460992908,2154,1731,423,0,2154,0,1731,0,423,144,2115,0.10270979021,3.28340051934,29.375,15.4379562044,16.5234375,23.125947344,0.787266292563,0.431540583136,18.7178045265,1.27440371245,0.622363409509,10.41950078,0.709412819061,0.401704097715,1.12585631727,0.342893384662,4.14543900894,3.28340051934,1.12585631727,4.14543900894,0.506274862896,0.548025908195,16217,0.0332762894383,0.115809519663,144,144,144,1,0,0.0486111111111,0.840277777778,0.111111111111,144,0.0821678321678,3.01044400087,23.5,13.21875,13.21875,18.6712448598,0.794521057865,0.429845514841,15.168747776,1.29095725753,0.629646046756,8.3561459313,0.711161355855,0.401768124507,1.07265513114,0.356311271967,3.84221554451,3.01044400087,1.07265513114,3.84221554451,0.407171413243,0.441124136487,8429,0.0172957910634,0.091437418136,144,144,144,1,0,0.111111111111,0.777777777778,0.111111111111,144,1926,0.0935314685315,3.95270732499,26.75,14.9302325581,14.9302325581,21.1274851644,0.789812529509,0.432682877582,16.6975878665,1.24841778441,0.616310430368,10.1332900103,0.757629159651,0.425197588554,1.5943594958,0.403358853745,6.45818779321,3.95270732499,1.5943594958,6.45818779321,0.470425227083,0.508197820171,12636,0.0259282970551,0.116053585184,144,144,144,1,0,0.104166666667,0.791666666667,0.104166666667,-189,-0.00917832167832,0.669306805657,-2.625,-0.50772364624,-1.59320494186,-1.99846217967,0.00254623694596,0.0011422944453,-2.02021666004,-0.0259859280341,-0.00605297914074,-0.28621076962,0.0482163405904,0.0234934908396,0.468503178524,0.0604654690834,2.31274878427,0.669306805657,0.468503178524,2.31274878427,-0.0358496358131,-0.0398280880241,-3581,-0.0073479923832,0.000244065520894,0.0555555555556,-0.0486111111111,-0.00694444444444,1921,5,194,18472,0.908274231678,0.9997293933,0.000270606700222,0.0917257683215,0.997403946002,0.908274231678,0.950754763672,0.946683320619,0.908003624978,0.906132075472,234,423,0,5,3,5
459,WLNM_dir_neg_kfold,0.867328661089,0.425182809121,00:00:19,10,80,11,15356,threshold_sweep,0.9,0.982832618026,0.541371158392,0.698170731707,229,4,194,842,0.541371158392,0.995271867612,0.00472813238771,0.458628841608,0.982832618026,0.541371158392,0.698170731707,0.843971631206,0.605463619648,0.604527296937,0.653405847554,0.536643026005,2154,1731,423,0,2154,0,1731,0,423,144,2115,0.10270979021,3.28340051934,29.375,15.4379562044,16.5234375,23.125947344,0.787266292563,0.431540583136,18.7178045265,1.27440371245,0.622363409509,10.41950078,0.709412819061,0.401704097715,1.12585631727,0.342893384662,4.14543900894,3.28340051934,1.12585631727,4.14543900894,0.506274862896,0.548025908195,16217,0.0332762894383,0.115809519663,144,144,144,1,0,0.0486111111111,0.840277777778,0.111111111111,144,0.0821678321678,3.01044400087,23.5,13.21875,13.21875,18.6712448598,0.794521057865,0.429845514841,15.168747776,1.29095725753,0.629646046756,8.3561459313,0.711161355855,0.401768124507,1.07265513114,0.356311271967,3.84221554451,3.01044400087,1.07265513114,3.84221554451,0.407171413243,0.441124136487,8429,0.0172957910634,0.091437418136,144,144,144,1,0,0.111111111111,0.777777777778,0.111111111111,144,1925,0.0934829059829,3.91995050972,26.7361111111,14.9224806202,14.9224806202,21.1322793925,0.790402138317,0.4329004329,16.702558963,1.24943817697,0.61693001443,10.1297502215,0.757757938645,0.425212842713,1.58991717545,0.405596236867,6.43769190477,3.91995050972,1.58991717545,6.43769190477,0.461078999494,0.507692307692,12617,0.0258893102203,0.115925679605,144,144,144,1,0,0.104166666667,0.791666666667,0.104166666667,-190,-0.00922688422688,0.636549990388,-2.63888888889,-0.515475584225,-1.60095687984,-1.99366795153,0.00313584575421,0.0013598497641,-2.01524556352,-0.0249655354716,-0.00543339507879,-0.289750558487,0.0483451195841,0.0235087449981,0.464060858175,0.0627028522057,2.29225289583,0.636549990388,0.464060858175,2.29225289583,-0.0451958634013,-0.0403336005026,-3600,-0.00738697921797,0.000116159942407,0.0555555555556,-0.0486111111111,-0.00694444444444,1921,4,194,18473,0.908274231678,0.99978351464,0.000216485360178,0.0917257683215,0.997922077922,0.908274231678,0.95099009901,0.946960256381,0.908057746318,0.906559697971,233,423,0,5,3,5
460,WLNM_dir_neg_kfold,0.848107349843,0.531418727692,00:00:19,10,80,12,15357,threshold_sweep,0.1,0.9375,0.567375886525,0.706921944035,240,16,183,830,0.567375886525,0.981087470449,0.0189125295508,0.432624113475,0.9375,0.567375886525,0.706921944035,0.843183609141,0.599422117153,0.608524590164,0.644285381269,0.548463356974,2154,1731,423,0,2154,0,1731,0,423,144,2115,0.10270979021,3.28340051934,29.375,15.4379562044,16.5234375,23.125947344,0.787266292563,0.431540583136,18.7178045265,1.27440371245,0.622363409509,10.41950078,0.709412819061,0.401704097715,1.12585631727,0.342893384662,4.14543900894,3.28340051934,1.12585631727,4.14543900894,0.506274862896,0.548025908195,16217,0.0332762894383,0.115809519663,144,144,144,1,0,0.0486111111111,0.840277777778,0.111111111111,144,0.0821678321678,3.01044400087,23.5,13.21875,13.21875,18.6712448598,0.794521057865,0.429845514841,15.168747776,1.29095725753,0.629646046756,8.3561459313,0.711161355855,0.401768124507,1.07265513114,0.356311271967,3.84221554451,3.01044400087,1.07265513114,3.84221554451,0.407171413243,0.441124136487,8429,0.0172957910634,0.091437418136,144,144,144,1,0,0.111111111111,0.777777777778,0.111111111111,144,1948,0.0945998445998,1,27.0555555556,13.6223776224,15.21875,21.0396820477,0.777647385747,0.427361396304,16.5896355058,1.22633855895,0.601614191193,10.350463281,0.765126649112,0.428773100616,0,0,0,NaN,NaN,NaN,0.464151769934,0.503454219983,12656,0.0259693358285,0.108639704704,144,144,0,1,2,0.00694444444444,0.881944444444,0.111111111111,-167,-0.00810994560995,-2.28340051934,-2.31944444444,-1.815578582,-1.3046875,-2.08626529634,-0.00961890681663,-0.00417918683243,-2.12816902072,-0.0480651534933,-0.0207492183156,-0.0690374989189,0.0557138300507,0.0270690029013,-1.12585631727,-0.342893384662,-4.14543900894,NaN,NaN,NaN,-0.0421230929618,-0.0445716882121,-3561,-0.00730695360977,-0.00716981495946,-0.0416666666667,0.0416666666667,0,1932,16,183,18461,0.913475177305,0.999134058559,0.00086594144071,0.086524822695,0.991786447639,0.913475177305,0.951021412749,0.946655040167,0.912609235864,0.906616611919,256,423,0,5,3,5
461,WLNM_dir_neg_kfold,0.848107349843,0.531418727692,00:00:19,10,80,12,15357,threshold_sweep,0.2,0.944881889764,0.567375886525,0.709010339734,240,14,183,832,0.567375886525,0.983451536643,0.016548463357,0.432624113475,0.944881889764,0.567375886525,0.709010339734,0.84475965327,0.599947465196,0.61195009849,0.648964647906,0.550827423168,2154,1731,423,0,2154,0,1731,0,423,144,2115,0.10270979021,3.28340051934,29.375,15.4379562044,16.5234375,23.125947344,0.787266292563,0.431540583136,18.7178045265,1.27440371245,0.622363409509,10.41950078,0.709412819061,0.401704097715,1.12585631727,0.342893384662,4.14543900894,3.28340051934,1.12585631727,4.14543900894,0.506274862896,0.548025908195,16217,0.0332762894383,0.115809519663,144,144,144,1,0,0.0486111111111,0.840277777778,0.111111111111,144,0.0821678321678,3.01044400087,23.5,13.21875,13.21875,18.6712448598,0.794521057865,0.429845514841,15.168747776,1.29095725753,0.629646046756,8.3561459313,0.711161355855,0.401768124507,1.07265513114,0.356311271967,3.84221554451,3.01044400087,1.07265513114,3.84221554451,0.407171413243,0.441124136487,8429,0.0172957910634,0.091437418136,144,144,144,1,0,0.111111111111,0.777777777778,0.111111111111,144,1946,0.0945027195027,5.61405328891,27.0277777778,13.7042253521,15.203125,21.0437255218,0.778596216635,0.427722108028,16.5997666641,1.22834861235,0.602953351604,10.3322335681,0.764564046147,0.428500057097,1.60499717154,0.285889194303,6.50824860296,5.61405328891,1.60499717154,6.50824860296,0.455112935492,0.503018322211,12638,0.0259324009324,0.109272654031,144,144,144,1,0,0.0138888888889,0.875,0.111111111111,-169,-0.00820707070707,2.33065276958,-2.34722222222,-1.73373085227,-1.3203125,-2.08222182221,-0.0086700759279,-0.00381847510846,-2.11803786245,-0.0460551000973,-0.0194100579044,-0.0872672118906,0.0551512270858,0.0267959593824,0.479140854268,-0.0570041903584,2.36280959403,2.33065276958,0.479140854268,2.36280959403,-0.0511619274039,-0.045007585984,-3579,-0.00734388850586,-0.00653686563225,-0.0347222222222,0.0347222222222,0,1932,14,183,18463,0.913475177305,0.999242301239,0.000757698760621,0.086524822695,0.992805755396,0.913475177305,0.951489780842,0.947202912358,0.912717478544,0.907468294974,254,423,0,5,3,5
462,WLNM_dir_neg_kfold,0.848107349843,0.531418727692,00:00:19,10,80,12,15357,threshold_sweep,0.3,0.978991596639,0.550827423168,0.704992435703,233,5,190,841,0.550827423168,0.994089834515,0.00591016548463,0.449172576832,0.978991596639,0.550827423168,0.704992435703,0.8463356974,0.60415024954,0.611811546118,0.658063974876,0.544917257683,2154,1731,423,0,2154,0,1731,0,423,144,2115,0.10270979021,3.28340051934,29.375,15.4379562044,16.5234375,23.125947344,0.787266292563,0.431540583136,18.7178045265,1.27440371245,0.622363409509,10.41950078,0.709412819061,0.401704097715,1.12585631727,0.342893384662,4.14543900894,3.28340051934,1.12585631727,4.14543900894,0.506274862896,0.548025908195,16217,0.0332762894383,0.115809519663,144,144,144,1,0,0.0486111111111,0.840277777778,0.111111111111,144,0.0821678321678,3.01044400087,23.5,13.21875,13.21875,18.6712448598,0.794521057865,0.429845514841,15.168747776,1.29095725753,0.629646046756,8.3561459313,0.711161355855,0.401768124507,1.07265513114,0.356311271967,3.84221554451,3.01044400087,1.07265513114,3.84221554451,0.407171413243,0.441124136487,8429,0.0172957910634,0.091437418136,144,144,144,1,0,0.111111111111,0.777777777778,0.111111111111,144,1930,0.0937257187257,3.52633702113,26.8055555556,14.5112781955,15.078125,21.1085366279,0.787468723941,0.431638601036,16.6810136385,1.2445937637,0.613730569948,10.2277009321,0.763103074724,0.427799366724,1.15168312373,0.32659474033,4.37315731648,3.52633702113,1.15168312373,4.37315731648,0.459817938144,0.506309971495,12611,0.0258769985883,0.115680362699,144,144,144,1,0,0.0763888888889,0.8125,0.111111111111,-185,-0.00898407148407,0.242936501791,-2.56944444444,-0.926678008891,-1.4453125,-2.01741071617,0.000202431378272,9.80178999415e-05,-2.03679088809,-0.0298099487472,-0.00863283956061,-0.191799847886,0.0536902556636,0.0260952690095,0.0258268064558,-0.0162986443317,0.227718307541,0.242936501791,0.0258268064558,0.227718307541,-0.0464569247517,-0.0417159367002,-3606,-0.00739929085,-0.000129156963582,0.0277777777778,-0.0277777777778,0,1925,5,190,18472,0.910165484634,0.9997293933,0.000270606700222,0.0898345153664,0.997409326425,0.910165484634,0.951792336218,0.94777312231,0.909894877933,0.908018867925,238,423,0,5,3,5
463,WLNM_dir_neg_kfold,0.848107349843,0.531418727692,00:00:19,10,80,12,15357,threshold_sweep,0.4,0.982905982906,0.543735224586,0.700152207002,230,4,193,842,0.543735224586,0.995271867612,0.00472813238771,0.456264775414,0.982905982906,0.543735224586,0.700152207002,0.84475965327,0.605200945626,0.606786427146,0.655196760142,0.539007092199,2154,1731,423,0,2154,0,1731,0,423,144,2115,0.10270979021,3.28340051934,29.375,15.4379562044,16.5234375,23.125947344,0.787266292563,0.431540583136,18.7178045265,1.27440371245,0.622363409509,10.41950078,0.709412819061,0.401704097715,1.12585631727,0.342893384662,4.14543900894,3.28340051934,1.12585631727,4.14543900894,0.506274862896,0.548025908195,16217,0.0332762894383,0.115809519663,144,144,144,1,0,0.0486111111111,0.840277777778,0.111111111111,144,0.0821678321678,3.01044400087,23.5,13.21875,13.21875,18.6712448598,0.794521057865,0.429845514841,15.168747776,1.29095725753,0.629646046756,8.3561459313,0.711161355855,0.401768124507,1.07265513114,0.356311271967,3.84221554451,3.01044400087,1.07265513114,3.84221554451,0.407171413243,0.441124136487,8429,0.0172957910634,0.091437418136,144,144,144,1,0,0.111111111111,0.777777777778,0.111111111111,144,1926,0.0935314685315,3.17269321958,26.75,14.5909090909,15.046875,21.076119121,0.787892303589,0.431644455982,16.6804080881,1.247133315,0.614738375447,10.1766735879,0.760872791619,0.427570093458,1.09425997019,0.344899394446,4.01444491431,3.17269321958,1.09425997019,4.01444491431,0.454309213849,0.506268391986,12559,0.0257702977773,0.115425590922,144,144,144,1,0,0.0833333333333,0.805555555556,0.111111111111,-189,-0.00917832167832,-0.11070729976,-2.625,-0.84704711347,-1.4765625,-2.04982822304,0.000626011025817,0.000103872846134,-2.03739643842,-0.027270397446,-0.0076250340617,-0.242827192054,0.051459972558,0.0258659957432,-0.0315963470804,0.00200600978428,-0.130994094627,-0.11070729976,-0.0315963470804,-0.130994094627,-0.0519656490463,-0.0417575162087,-3658,-0.00750599166092,-0.000383928740648,0.0347222222222,-0.0347222222222,0,1922,4,193,18473,0.908747044917,0.99978351464,0.000216485360178,0.0912529550827,0.997923156802,0.908747044917,0.951249690671,0.947232701881,0.908530559557,0.907031618688,234,423,0,5,3,5
464,WLNM_dir_neg_kfold,0.848107349843,0.531418727692,00:00:19,10,80,12,15357,threshold_sweep,0.5,0.987068965517,0.541371158392,0.699236641221,229,3,194,843,0.541371158392,0.996453900709,0.00354609929078,0.458628841608,0.987068965517,0.541371158392,0.699236641221,0.84475965327,0.60572629367,0.606262491672,0.655938357764,0.537825059102,2154,1731,423,0,2154,0,1731,0,423,144,2115,0.10270979021,3.28340051934,29.375,15.4379562044,16.5234375,23.125947344,0.787266292563,0.431540583136,18.7178045265,1.27440371245,0.622363409509,10.41950078,0.709412819061,0.401704097715,1.12585631727,0.342893384662,4.14543900894,3.28340051934,1.12585631727,4.14543900894,0.506274862896,0.548025908195,16217,0.0332762894383,0.115809519663,144,144,144,1,0,0.0486111111111,0.840277777778,0.111111111111,144,0.0821678321678,3.01044400087,23.5,13.21875,13.21875,18.6712448598,0.794521057865,0.429845514841,15.168747776,1.29095725753,0.629646046756,8.3561459313,0.711161355855,0.401768124507,1.07265513114,0.356311271967,3.84221554451,3.01044400087,1.07265513114,3.84221554451,0.407171413243,0.441124136487,8429,0.0172957910634,0.091437418136,144,144,144,1,0,0.111111111111,0.777777777778,0.111111111111,144,1924,0.0934343434343,3.03840478485,26.7222222222,14.6870229008,15.03125,21.0830672933,0.788971333223,0.432136463386,16.6890991227,1.24908018382,0.615716678217,10.1641156186,0.760723830086,0.42742983368,1.05354421917,0.34674254873,3.8884900517,3.03840478485,1.05354421917,3.8884900517,0.452025638061,0.505622965374,12529,0.0257087396172,0.116483445326,144,144,144,1,0,0.0902777777778,0.798611111111,0.111111111111,-191,-0.00927544677545,-0.244995734489,-2.65277777778,-0.750933303616,-1.4921875,-2.0428800507,0.00170504065974,0.000595880250136,-2.02870540388,-0.0253235286285,-0.00664673129212,-0.255385161308,0.0513110110251,0.0257257359651,-0.072312098104,0.00384916406822,-0.256948957235,-0.244995734489,-0.072312098104,-0.256948957235,-0.0542492248351,-0.0424029428205,-3688,-0.00756754982107,0.000673925662486,0.0416666666667,-0.0416666666667,0,1921,3,194,18474,0.908274231678,0.99983763598,0.000162364020133,0.0917257683215,0.998440748441,0.908274231678,0.951225550879,0.94723739896,0.908111867658,0.906987724268,232,423,0,5,3,5
465,WLNM_dir_neg_kfold,0.848107349843,0.531418727692,00:00:19,10,80,12,15357,threshold_sweep,0.6,0.987068965517,0.541371158392,0.699236641221,229,3,194,843,0.541371158392,0.996453900709,0.00354609929078,0.458628841608,0.987068965517,0.541371158392,0.699236641221,0.84475965327,0.60572629367,0.606262491672,0.655938357764,0.537825059102,2154,1731,423,0,2154,0,1731,0,423,144,2115,0.10270979021,3.28340051934,29.375,15.4379562044,16.5234375,23.125947344,0.787266292563,0.431540583136,18.7178045265,1.27440371245,0.622363409509,10.41950078,0.709412819061,0.401704097715,1.12585631727,0.342893384662,4.14543900894,3.28340051934,1.12585631727,4.14543900894,0.506274862896,0.548025908195,16217,0.0332762894383,0.115809519663,144,144,144,1,0,0.0486111111111,0.840277777778,0.111111111111,144,0.0821678321678,3.01044400087,23.5,13.21875,13.21875,18.6712448598,0.794521057865,0.429845514841,15.168747776,1.29095725753,0.629646046756,8.3561459313,0.711161355855,0.401768124507,1.07265513114,0.356311271967,3.84221554451,3.01044400087,1.07265513114,3.84221554451,0.407171413243,0.441124136487,8429,0.0172957910634,0.091437418136,144,144,144,1,0,0.111111111111,0.777777777778,0.111111111111,144,1924,0.0934343434343,3.03840478485,26.7222222222,14.6870229008,15.03125,21.0830672933,0.788971333223,0.432136463386,16.6890991227,1.24908018382,0.615716678217,10.1641156186,0.760723830086,0.42742983368,1.05354421917,0.34674254873,3.8884900517,3.03840478485,1.05354421917,3.8884900517,0.452025638061,0.505622965374,12529,0.0257087396172,0.116483445326,144,144,144,1,0,0.0902777777778,0.798611111111,0.111111111111,-191,-0.00927544677545,-0.244995734489,-2.65277777778,-0.750933303616,-1.4921875,-2.0428800507,0.00170504065974,0.000595880250136,-2.02870540388,-0.0253235286285,-0.00664673129212,-0.255385161308,0.0513110110251,0.0257257359651,-0.072312098104,0.00384916406822,-0.256948957235,-0.244995734489,-0.072312098104,-0.256948957235,-0.0542492248351,-0.0424029428205,-3688,-0.00756754982107,0.000673925662486,0.0416666666667,-0.0416666666667,0,1921,3,194,18474,0.908274231678,0.99983763598,0.000162364020133,0.0917257683215,0.998440748441,0.908274231678,0.951225550879,0.94723739896,0.908111867658,0.906987724268,232,423,0,5,3,5
466,WLNM_dir_neg_kfold,0.848107349843,0.531418727692,00:00:19,10,80,12,15357,threshold_sweep,0.7,0.987068965517,0.541371158392,0.699236641221,229,3,194,843,0.541371158392,0.996453900709,0.00354609929078,0.458628841608,0.987068965517,0.541371158392,0.699236641221,0.84475965327,0.60572629367,0.606262491672,0.655938357764,0.537825059102,2154,1731,423,0,2154,0,1731,0,423,144,2115,0.10270979021,3.28340051934,29.375,15.4379562044,16.5234375,23.125947344,0.787266292563,0.431540583136,18.7178045265,1.27440371245,0.622363409509,10.41950078,0.709412819061,0.401704097715,1.12585631727,0.342893384662,4.14543900894,3.28340051934,1.12585631727,4.14543900894,0.506274862896,0.548025908195,16217,0.0332762894383,0.115809519663,144,144,144,1,0,0.0486111111111,0.840277777778,0.111111111111,144,0.0821678321678,3.01044400087,23.5,13.21875,13.21875,18.6712448598,0.794521057865,0.429845514841,15.168747776,1.29095725753,0.629646046756,8.3561459313,0.711161355855,0.401768124507,1.07265513114,0.356311271967,3.84221554451,3.01044400087,1.07265513114,3.84221554451,0.407171413243,0.441124136487,8429,0.0172957910634,0.091437418136,144,144,144,1,0,0.111111111111,0.777777777778,0.111111111111,144,1924,0.0934343434343,3.03840478485,26.7222222222,14.6870229008,15.03125,21.0830672933,0.788971333223,0.432136463386,16.6890991227,1.24908018382,0.615716678217,10.1641156186,0.760723830086,0.42742983368,1.05354421917,0.34674254873,3.8884900517,3.03840478485,1.05354421917,3.8884900517,0.452025638061,0.505622965374,12529,0.0257087396172,0.116483445326,144,144,144,1,0,0.0902777777778,0.798611111111,0.111111111111,-191,-0.00927544677545,-0.244995734489,-2.65277777778,-0.750933303616,-1.4921875,-2.0428800507,0.00170504065974,0.000595880250136,-2.02870540388,-0.0253235286285,-0.00664673129212,-0.255385161308,0.0513110110251,0.0257257359651,-0.072312098104,0.00384916406822,-0.256948957235,-0.244995734489,-0.072312098104,-0.256948957235,-0.0542492248351,-0.0424029428205,-3688,-0.00756754982107,0.000673925662486,0.0416666666667,-0.0416666666667,0,1921,3,194,18474,0.908274231678,0.99983763598,0.000162364020133,0.0917257683215,0.998440748441,0.908274231678,0.951225550879,0.94723739896,0.908111867658,0.906987724268,232,423,0,5,3,5
467,WLNM_dir_neg_kfold,0.848107349843,0.531418727692,00:00:19,10,80,12,15357,threshold_sweep,0.8,0.986899563319,0.534278959811,0.693251533742,226,3,197,843,0.534278959811,0.996453900709,0.00354609929078,0.465721040189,0.986899563319,0.534278959811,0.693251533742,0.842395587076,0.606514315734,0.599465954606,0.650574343809,0.53073286052,2154,1731,423,0,2154,0,1731,0,423,144,2115,0.10270979021,3.28340051934,29.375,15.4379562044,16.5234375,23.125947344,0.787266292563,0.431540583136,18.7178045265,1.27440371245,0.622363409509,10.41950078,0.709412819061,0.401704097715,1.12585631727,0.342893384662,4.14543900894,3.28340051934,1.12585631727,4.14543900894,0.506274862896,0.548025908195,16217,0.0332762894383,0.115809519663,144,144,144,1,0,0.0486111111111,0.840277777778,0.111111111111,144,0.0821678321678,3.01044400087,23.5,13.21875,13.21875,18.6712448598,0.794521057865,0.429845514841,15.168747776,1.29095725753,0.629646046756,8.3561459313,0.711161355855,0.401768124507,1.07265513114,0.356311271967,3.84221554451,3.01044400087,1.07265513114,3.84221554451,0.407171413243,0.441124136487,8429,0.0172957910634,0.091437418136,144,144,144,1,0,0.111111111111,0.777777777778,0.111111111111,144,1921,0.0932886557887,3.00172496092,26.6805555556,15.0078125,15.0078125,21.0947422534,0.790641042294,0.432843860258,16.7052452692,1.25224118624,0.617925415004,10.1307281609,0.759409086498,0.426770634507,1.0669596216,0.355448828755,3.84859361221,3.00172496092,1.0669596216,3.84859361221,0.455184221976,0.506454133879,12529,0.0257087396172,0.117391306219,144,144,144,1,0,0.111111111111,0.777777777778,0.111111111111,-194,-0.00942113442113,-0.281675558418,-2.69444444444,-0.43014370438,-1.515625,-2.03120509062,0.0033747497305,0.00130327712164,-2.01255925738,-0.0221625262095,-0.00443799450504,-0.2887726191,0.0499962674375,0.0250665367928,-0.0588966956719,0.0125554440934,-0.296845396724,-0.281675558418,-0.0588966956719,-0.296845396724,-0.0510906409194,-0.0415717743154,-3688,-0.00756754982107,0.00158178655582,0.0625,-0.0625,0,1918,3,197,18474,0.906855791962,0.99983763598,0.000162364020133,0.0931442080378,0.998438313378,0.906855791962,0.950445986125,0.946420003971,0.906693427942,0.905571293673,229,423,0,5,3,5
468,WLNM_dir_neg_kfold,0.848107349843,0.531418727692,00:00:19,10,80,12,15357,threshold_sweep,0.9,0.991189427313,0.531914893617,0.692307692308,225,2,198,844,0.531914893617,0.997635933806,0.00236406619385,0.468085106383,0.991189427313,0.531914893617,0.692307692308,0.842395587076,0.607039663777,0.598930481283,0.651352715533,0.529550827423,2154,1731,423,0,2154,0,1731,0,423,144,2115,0.10270979021,3.28340051934,29.375,15.4379562044,16.5234375,23.125947344,0.787266292563,0.431540583136,18.7178045265,1.27440371245,0.622363409509,10.41950078,0.709412819061,0.401704097715,1.12585631727,0.342893384662,4.14543900894,3.28340051934,1.12585631727,4.14543900894,0.506274862896,0.548025908195,16217,0.0332762894383,0.115809519663,144,144,144,1,0,0.0486111111111,0.840277777778,0.111111111111,144,0.0821678321678,3.01044400087,23.5,13.21875,13.21875,18.6712448598,0.794521057865,0.429845514841,15.168747776,1.29095725753,0.629646046756,8.3561459313,0.711161355855,0.401768124507,1.07265513114,0.356311271967,3.84221554451,3.01044400087,1.07265513114,3.84221554451,0.407171413243,0.441124136487,8429,0.0172957910634,0.091437418136,144,144,144,1,0,0.111111111111,0.777777777778,0.111111111111,144,1919,0.0931915306915,3.00230534611,26.6527777778,14.9921875,14.9921875,21.0996037627,0.791647457486,0.433226217359,16.7130575229,1.25413250823,0.618728649181,10.1076927438,0.758471993281,0.426332435875,1.06727695631,0.355485812824,3.84882635529,3.00230534611,1.06727695631,3.84882635529,0.455532244043,0.50702857297,12528,0.0257066876785,0.117072754675,144,144,144,1,0,0.111111111111,0.777777777778,0.111111111111,-196,-0.00951825951826,-0.281095173227,-2.72222222222,-0.44576870438,-1.53125,-2.02634358133,0.0043811649225,0.00168563422225,-2.00474700364,-0.0202712042129,-0.00363476032809,-0.311808036161,0.0490591742203,0.0246283381604,-0.0585793609666,0.0125924281627,-0.296612653648,-0.281095173227,-0.0585793609666,-0.296612653648,-0.0507426188529,-0.0409973352245,-3689,-0.00756960175974,0.0012632350122,0.0625,-0.0625,0,1917,2,198,18475,0.906382978723,0.99989175732,0.000108242680089,0.0936170212766,0.998957790516,0.906382978723,0.950421417947,0.946425106793,0.906274736043,0.90552668871,227,423,0,5,3,5
469,WLNM_dir_neg_kfold,0.83328163685,0.367820810085,00:00:19,10,80,13,15358,threshold_sweep,0.1,0.912878787879,0.569739952719,0.701601164483,241,23,182,823,0.569739952719,0.972813238771,0.0271867612293,0.430260047281,0.912878787879,0.569739952719,0.701601164483,0.838455476753,0.59732072498,0.598825831703,0.630104662754,0.542553191489,2154,1731,423,0,2154,0,1731,0,423,144,2115,0.10270979021,3.28340051934,29.375,15.4379562044,16.5234375,23.125947344,0.787266292563,0.431540583136,18.7178045265,1.27440371245,0.622363409509,10.41950078,0.709412819061,0.401704097715,1.12585631727,0.342893384662,4.14543900894,3.28340051934,1.12585631727,4.14543900894,0.506274862896,0.548025908195,16217,0.0332762894383,0.115809519663,144,144,144,1,0,0.0486111111111,0.840277777778,0.111111111111,144,0.0821678321678,3.01044400087,23.5,13.21875,13.21875,18.6712448598,0.794521057865,0.429845514841,15.168747776,1.29095725753,0.629646046756,8.3561459313,0.711161355855,0.401768124507,1.07265513114,0.356311271967,3.84221554451,3.01044400087,1.07265513114,3.84221554451,0.407171413243,0.441124136487,8429,0.0172957910634,0.091437418136,144,144,144,1,0,0.111111111111,0.777777777778,0.111111111111,144,1956,0.0949883449883,NaN,27.1666666667,13.5833333333,15.28125,21.0454054584,0.774677501537,0.425876221313,16.5632924669,1.21938349449,0.598003294706,10.3872568513,0.764706025863,0.427701090661,NaN,NaN,NaN,NaN,NaN,NaN,0.454734194066,0.502252222501,12674,0.0260062707246,0.109115185828,144,144,0,1,2,0,0.888888888889,0.111111111111,-159,-0.00772144522145,NaN,-2.20833333333,-1.85462287105,-1.2421875,-2.08054188563,-0.0125887910264,-0.00566436182299,-2.15451205968,-0.0550202179526,-0.0243601148031,-0.0322439286448,0.0552932068026,0.0259969929465,NaN,NaN,NaN,NaN,NaN,NaN,-0.0515406688296,-0.0457736856938,-3543,-0.00727001871368,-0.00669433383526,-0.0486111111111,0.0486111111111,0,1933,23,182,18454,0.913947990544,0.998755209179,0.00124479082102,0.0860520094563,0.988241308793,0.913947990544,0.949643822157,0.945017198166,0.912703199723,0.904115996258,264,423,0,5,3,5
470,WLNM_dir_neg_kfold,0.83328163685,0.367820810085,00:00:19,10,80,13,15358,threshold_sweep,0.2,0.934108527132,0.569739952719,0.70778267254,241,17,182,829,0.569739952719,0.979905437352,0.0200945626478,0.430260047281,0.934108527132,0.569739952719,0.70778267254,0.843183609141,0.59889676911,0.609037328094,0.643802300594,0.549645390071,2154,1731,423,0,2154,0,1731,0,423,144,2115,0.10270979021,3.28340051934,29.375,15.4379562044,16.5234375,23.125947344,0.787266292563,0.431540583136,18.7178045265,1.27440371245,0.622363409509,10.41950078,0.709412819061,0.401704097715,1.12585631727,0.342893384662,4.14543900894,3.28340051934,1.12585631727,4.14543900894,0.506274862896,0.548025908195,16217,0.0332762894383,0.115809519663,144,144,144,1,0,0.0486111111111,0.840277777778,0.111111111111,144,0.0821678321678,3.01044400087,23.5,13.21875,13.21875,18.6712448598,0.794521057865,0.429845514841,15.168747776,1.29095725753,0.629646046756,8.3561459313,0.711161355855,0.401768124507,1.07265513114,0.356311271967,3.84221554451,3.01044400087,1.07265513114,3.84221554451,0.407171413243,0.441124136487,8429,0.0172957910634,0.091437418136,144,144,144,1,0,0.111111111111,0.777777777778,0.111111111111,144,1950,0.094696969697,6.50644596615,27.0833333333,13.6363636364,15.234375,21.052216135,0.777312595755,0.427126068376,16.5925566765,1.22529649303,0.601623931624,10.3348652899,0.763190052174,0.427884615385,1.81983967467,0.279697961704,8.125,6.50644596615,1.81983967467,8.125,0.450597088416,0.50269432933,12656,0.0259693358285,0.108121280456,144,144,144,1,0,0.00694444444444,0.881944444444,0.111111111111,-165,-0.00801282051282,3.22304544681,-2.29166666667,-1.80159256802,-1.2890625,-2.07373120902,-0.00995369680839,-0.00441451476026,-2.12524785004,-0.0491072194112,-0.0207394778849,-0.0846354901011,0.0537772331131,0.0261805176699,0.693983357394,-0.0631954229577,3.97956099106,3.22304544681,0.693983357394,3.97956099106,-0.05567777448,-0.0453315788644,-3561,-0.00730695360977,-0.0076882392073,-0.0416666666667,0.0416666666667,0,1933,17,182,18460,0.913947990544,0.999079937219,0.000920062780754,0.0860520094563,0.991282051282,0.913947990544,0.951045510455,0.946654316983,0.913027927763,0.906660412758,258,423,0,5,3,5
471,WLNM_dir_neg_kfold,0.83328163685,0.367820810085,00:00:19,10,80,13,15358,threshold_sweep,0.3,0.951020408163,0.550827423168,0.697604790419,233,12,190,834,0.550827423168,0.985815602837,0.0141843971631,0.449172576832,0.951020408163,0.550827423168,0.697604790419,0.840819542947,0.60231153139,0.599735799207,0.640925918623,0.536643026005,2154,1731,423,0,2154,0,1731,0,423,144,2115,0.10270979021,3.28340051934,29.375,15.4379562044,16.5234375,23.125947344,0.787266292563,0.431540583136,18.7178045265,1.27440371245,0.622363409509,10.41950078,0.709412819061,0.401704097715,1.12585631727,0.342893384662,4.14543900894,3.28340051934,1.12585631727,4.14543900894,0.506274862896,0.548025908195,16217,0.0332762894383,0.115809519663,144,144,144,1,0,0.0486111111111,0.840277777778,0.111111111111,144,0.0821678321678,3.01044400087,23.5,13.21875,13.21875,18.6712448598,0.794521057865,0.429845514841,15.168747776,1.29095725753,0.629646046756,8.3561459313,0.711161355855,0.401768124507,1.07265513114,0.356311271967,3.84221554451,3.01044400087,1.07265513114,3.84221554451,0.407171413243,0.441124136487,8429,0.0172957910634,0.091437418136,144,144,144,1,0,0.111111111111,0.777777777778,0.111111111111,144,1937,0.0940656565657,3.67824252726,26.9027777778,14.3481481481,15.1328125,21.0896585682,0.78392122711,0.429924568347,16.6589944462,1.23845906054,0.610519560603,10.2273661828,0.760320459638,0.426723025297,1.12295460309,0.30529650907,4.44113484128,3.67824252726,1.12295460309,4.44113484128,0.455358142036,0.505877016264,12639,0.0259344528711,0.113487304846,144,144,144,1,0,0.0625,0.826388888889,0.111111111111,-178,-0.00864413364413,0.394842007924,-2.47222222222,-1.08980805623,-1.390625,-2.03628877583,-0.00334506545363,-0.00161601478894,-2.05881008031,-0.0359446519096,-0.0118438489053,-0.192134597183,0.0509076405774,0.0250189275821,-0.00290171418871,-0.0375968755914,0.295695832342,0.394842007924,-0.00290171418871,0.295695832342,-0.0509167208592,-0.0421488919313,-3578,-0.00734183656719,-0.00232221481752,0.0138888888889,-0.0138888888889,0,1925,12,190,18465,0.910165484634,0.999350543919,0.000649456080533,0.0898345153664,0.993804852865,0.910165484634,0.950148075025,0.945842523611,0.909516028553,0.905030559473,245,423,0,5,3,5
472,WLNM_dir_neg_kfold,0.83328163685,0.367820810085,00:00:19,10,80,13,15358,threshold_sweep,0.4,0.962809917355,0.550827423168,0.700751879699,233,9,190,837,0.550827423168,0.989361702128,0.0106382978723,0.449172576832,0.962809917355,0.550827423168,0.700751879699,0.843183609141,0.603099553454,0.604897418928,0.648198911573,0.540189125296,2154,1731,423,0,2154,0,1731,0,423,144,2115,0.10270979021,3.28340051934,29.375,15.4379562044,16.5234375,23.125947344,0.787266292563,0.431540583136,18.7178045265,1.27440371245,0.622363409509,10.41950078,0.709412819061,0.401704097715,1.12585631727,0.342893384662,4.14543900894,3.28340051934,1.12585631727,4.14543900894,0.506274862896,0.548025908195,16217,0.0332762894383,0.115809519663,144,144,144,1,0,0.0486111111111,0.840277777778,0.111111111111,144,0.0821678321678,3.01044400087,23.5,13.21875,13.21875,18.6712448598,0.794521057865,0.429845514841,15.168747776,1.29095725753,0.629646046756,8.3561459313,0.711161355855,0.401768124507,1.07265513114,0.356311271967,3.84221554451,3.01044400087,1.07265513114,3.84221554451,0.407171413243,0.441124136487,8429,0.0172957910634,0.091437418136,144,144,144,1,0,0.111111111111,0.777777777778,0.111111111111,144,1934,0.09391996892,3.59347651033,26.8611111111,14.4328358209,15.109375,21.1159340992,0.786115436993,0.431115707227,16.6710891568,1.24128068179,0.6117430771,10.2313468532,0.761796249669,0.427596805699,1.13034500936,0.314554723291,4.35076495509,3.59347651033,1.13034500936,4.35076495509,0.453518786693,0.50597002965,12628,0.0259118815457,0.114765268625,144,144,144,1,0,0.0694444444444,0.819444444444,0.111111111111,-181,-0.00878982128982,0.31007599099,-2.51388888889,-1.00512038348,-1.4140625,-2.01001324482,-0.00115085557042,-0.000424875908935,-2.0467153697,-0.0331230306538,-0.0106203324089,-0.188153926757,0.0523834306086,0.0258927079844,0.00448869208339,-0.0283386613707,0.205325946154,0.31007599099,0.00448869208339,0.205325946154,-0.0527560762029,-0.0420558785451,-3589,-0.00736440789258,-0.00104425103797,0.0208333333333,-0.0208333333333,0,1925,9,190,18468,0.910165484634,0.99951290794,0.000487092060399,0.0898345153664,0.995346432265,0.910165484634,0.950852062238,0.946668693439,0.909678392573,0.906308851224,242,423,0,5,3,5
473,WLNM_dir_neg_kfold,0.83328163685,0.367820810085,00:00:19,10,80,13,15358,threshold_sweep,0.5,0.962809917355,0.550827423168,0.700751879699,233,9,190,837,0.550827423168,0.989361702128,0.0106382978723,0.449172576832,0.962809917355,0.550827423168,0.700751879699,0.843183609141,0.603099553454,0.604897418928,0.648198911573,0.540189125296,2154,1731,423,0,2154,0,1731,0,423,144,2115,0.10270979021,3.28340051934,29.375,15.4379562044,16.5234375,23.125947344,0.787266292563,0.431540583136,18.7178045265,1.27440371245,0.622363409509,10.41950078,0.709412819061,0.401704097715,1.12585631727,0.342893384662,4.14543900894,3.28340051934,1.12585631727,4.14543900894,0.506274862896,0.548025908195,16217,0.0332762894383,0.115809519663,144,144,144,1,0,0.0486111111111,0.840277777778,0.111111111111,144,0.0821678321678,3.01044400087,23.5,13.21875,13.21875,18.6712448598,0.794521057865,0.429845514841,15.168747776,1.29095725753,0.629646046756,8.3561459313,0.711161355855,0.401768124507,1.07265513114,0.356311271967,3.84221554451,3.01044400087,1.07265513114,3.84221554451,0.407171413243,0.441124136487,8429,0.0172957910634,0.091437418136,144,144,144,1,0,0.111111111111,0.777777777778,0.111111111111,144,1934,0.09391996892,3.59347651033,26.8611111111,14.4328358209,15.109375,21.1159340992,0.786115436993,0.431115707227,16.6710891568,1.24128068179,0.6117430771,10.2313468532,0.761796249669,0.427596805699,1.13034500936,0.314554723291,4.35076495509,3.59347651033,1.13034500936,4.35076495509,0.453518786693,0.50597002965,12628,0.0259118815457,0.114765268625,144,144,144,1,0,0.0694444444444,0.819444444444,0.111111111111,-181,-0.00878982128982,0.31007599099,-2.51388888889,-1.00512038348,-1.4140625,-2.01001324482,-0.00115085557042,-0.000424875908935,-2.0467153697,-0.0331230306538,-0.0106203324089,-0.188153926757,0.0523834306086,0.0258927079844,0.00448869208339,-0.0283386613707,0.205325946154,0.31007599099,0.00448869208339,0.205325946154,-0.0527560762029,-0.0420558785451,-3589,-0.00736440789258,-0.00104425103797,0.0208333333333,-0.0208333333333,0,1925,9,190,18468,0.910165484634,0.99951290794,0.000487092060399,0.0898345153664,0.995346432265,0.910165484634,0.950852062238,0.946668693439,0.909678392573,0.906308851224,242,423,0,5,3,5
474,WLNM_dir_neg_kfold,0.83328163685,0.367820810085,00:00:19,10,80,13,15358,threshold_sweep,0.6,0.96265560166,0.548463356974,0.698795180723,232,9,191,837,0.548463356974,0.989361702128,0.0106382978723,0.451536643026,0.96265560166,0.548463356974,0.698795180723,0.842395587076,0.603362227476,0.602649006623,0.646385075244,0.537825059102,2154,1731,423,0,2154,0,1731,0,423,144,2115,0.10270979021,3.28340051934,29.375,15.4379562044,16.5234375,23.125947344,0.787266292563,0.431540583136,18.7178045265,1.27440371245,0.622363409509,10.41950078,0.709412819061,0.401704097715,1.12585631727,0.342893384662,4.14543900894,3.28340051934,1.12585631727,4.14543900894,0.506274862896,0.548025908195,16217,0.0332762894383,0.115809519663,144,144,144,1,0,0.0486111111111,0.840277777778,0.111111111111,144,0.0821678321678,3.01044400087,23.5,13.21875,13.21875,18.6712448598,0.794521057865,0.429845514841,15.168747776,1.29095725753,0.629646046756,8.3561459313,0.711161355855,0.401768124507,1.07265513114,0.356311271967,3.84221554451,3.01044400087,1.07265513114,3.84221554451,0.407171413243,0.441124136487,8429,0.0172957910634,0.091437418136,144,144,144,1,0,0.111111111111,0.777777777778,0.111111111111,144,1933,0.0938714063714,3.59160855139,26.8472222222,14.4253731343,15.1015625,21.1221288675,0.786752860041,0.431389032592,16.6735751999,1.24210803351,0.611912254986,10.2292463347,0.762033870766,0.427663533943,1.12955448148,0.314498215859,4.34919016833,3.59160855139,1.12955448148,4.34919016833,0.453616564052,0.50615980759,12627,0.025909829607,0.114685016908,144,144,144,1,0,0.0694444444444,0.819444444444,0.111111111111,-182,-0.00883838383838,0.308208032057,-2.52777777778,-1.01258307005,-1.421875,-2.00381847657,-0.00051343252261,-0.000151550544502,-2.04422932667,-0.0322956789321,-0.0104511545223,-0.190254445304,0.0526210517047,0.0259594362279,0.00369816420304,-0.0283951688023,0.203751159394,0.308208032057,0.00369816420304,0.203751159394,-0.0526582988441,-0.0418661006054,-3590,-0.00736645983125,-0.00112450275512,0.0208333333333,-0.0208333333333,0,1924,9,191,18468,0.909692671395,0.99951290794,0.000487092060399,0.0903073286052,0.995344024832,0.909692671395,0.950592885375,0.946396004253,0.909205579334,0.905838041431,241,423,0,5,3,5
475,WLNM_dir_neg_kfold,0.83328163685,0.367820810085,00:00:19,10,80,13,15358,threshold_sweep,0.7,0.9625,0.54609929078,0.696832579186,231,9,192,837,0.54609929078,0.989361702128,0.0106382978723,0.45390070922,0.9625,0.54609929078,0.696832579186,0.841607565012,0.603624901497,0.600397614314,0.64456971432,0.535460992908,2154,1731,423,0,2154,0,1731,0,423,144,2115,0.10270979021,3.28340051934,29.375,15.4379562044,16.5234375,23.125947344,0.787266292563,0.431540583136,18.7178045265,1.27440371245,0.622363409509,10.41950078,0.709412819061,0.401704097715,1.12585631727,0.342893384662,4.14543900894,3.28340051934,1.12585631727,4.14543900894,0.506274862896,0.548025908195,16217,0.0332762894383,0.115809519663,144,144,144,1,0,0.0486111111111,0.840277777778,0.111111111111,144,0.0821678321678,3.01044400087,23.5,13.21875,13.21875,18.6712448598,0.794521057865,0.429845514841,15.168747776,1.29095725753,0.629646046756,8.3561459313,0.711161355855,0.401768124507,1.07265513114,0.356311271967,3.84221554451,3.01044400087,1.07265513114,3.84221554451,0.407171413243,0.441124136487,8429,0.0172957910634,0.091437418136,144,144,144,1,0,0.111111111111,0.777777777778,0.111111111111,144,1932,0.0938228438228,3.59138258165,26.8333333333,14.4179104478,15.09375,21.1084446032,0.786650109436,0.431331953071,16.6659906623,1.24218563942,0.611894697493,10.225089122,0.762118443874,0.427658442604,1.12924507056,0.314431850377,4.34843391712,3.59138258165,1.12924507056,4.34843391712,0.45328197445,0.505317654613,12591,0.0258359598148,0.114657817261,144,144,144,1,0,0.0694444444444,0.819444444444,0.111111111111,-183,-0.00888694638695,0.307982062318,-2.54166666667,-1.02004575662,-1.4296875,-2.01750274084,-0.000616183127072,-0.000208630065244,-2.05181386426,-0.0322180730205,-0.0104687120163,-0.194411657975,0.0527056248135,0.0259543448894,0.00338875328602,-0.0284615342847,0.202994908179,0.307982062318,0.00338875328602,0.202994908179,-0.0529928884462,-0.0427082535816,-3626,-0.00744032962343,-0.00115170240201,0.0208333333333,-0.0208333333333,0,1923,9,192,18468,0.909219858156,0.99951290794,0.000487092060399,0.090780141844,0.995341614907,0.909219858156,0.95033358043,0.946123265719,0.908732766096,0.905367231638,240,423,0,5,3,5
476,WLNM_dir_neg_kfold,0.83328163685,0.367820810085,00:00:19,10,80,13,15358,threshold_sweep,0.8,0.98275862069,0.539007092199,0.696183206107,228,4,195,842,0.539007092199,0.995271867612,0.00472813238771,0.460992907801,0.98275862069,0.539007092199,0.696183206107,0.843183609141,0.60572629367,0.602265156562,0.651613489471,0.534278959811,2154,1731,423,0,2154,0,1731,0,423,144,2115,0.10270979021,3.28340051934,29.375,15.4379562044,16.5234375,23.125947344,0.787266292563,0.431540583136,18.7178045265,1.27440371245,0.622363409509,10.41950078,0.709412819061,0.401704097715,1.12585631727,0.342893384662,4.14543900894,3.28340051934,1.12585631727,4.14543900894,0.506274862896,0.548025908195,16217,0.0332762894383,0.115809519663,144,144,144,1,0,0.0486111111111,0.840277777778,0.111111111111,144,0.0821678321678,3.01044400087,23.5,13.21875,13.21875,18.6712448598,0.794521057865,0.429845514841,15.168747776,1.29095725753,0.629646046756,8.3561459313,0.711161355855,0.401768124507,1.07265513114,0.356311271967,3.84221554451,3.01044400087,1.07265513114,3.84221554451,0.407171413243,0.441124136487,8429,0.0172957910634,0.091437418136,144,144,144,1,0,0.111111111111,0.777777777778,0.111111111111,144,1924,0.0934343434343,3.01247690647,26.7222222222,15.03125,15.03125,21.1307764294,0.790756706298,0.432966620467,16.7083627615,1.25052195304,0.617586336336,10.148968125,0.759590129935,0.426426426426,1.0707124397,0.355425941158,3.86044084599,3.01247690647,1.0707124397,3.86044084599,0.456098046137,0.5069894352,12573,0.0257990249187,0.117324091126,144,144,144,1,0,0.111111111111,0.777777777778,0.111111111111,-191,-0.00927544677545,-0.270923612864,-2.65277777778,-0.40670620438,-1.4921875,-1.99517091463,0.00349041373493,0.00142603733029,-2.00944176505,-0.0238817594026,-0.00477707317246,-0.270532654991,0.0501773108742,0.0247223287117,-0.0551438775749,0.0125325564965,-0.284998162948,-0.270923612864,-0.0551438775749,-0.284998162948,-0.050176816759,-0.041036472995,-3644,-0.00747726451952,0.00151457146316,0.0625,-0.0625,0,1920,4,195,18473,0.90780141844,0.99978351464,0.000216485360178,0.0921985815603,0.997920997921,0.90780141844,0.950730378807,0.946687761677,0.90758493308,0.906087777253,232,423,0,5,3,5
477,WLNM_dir_neg_kfold,0.83328163685,0.367820810085,00:00:19,10,80,13,15358,threshold_sweep,0.9,0.98275862069,0.539007092199,0.696183206107,228,4,195,842,0.539007092199,0.995271867612,0.00472813238771,0.460992907801,0.98275862069,0.539007092199,0.696183206107,0.843183609141,0.60572629367,0.602265156562,0.651613489471,0.534278959811,2154,1731,423,0,2154,0,1731,0,423,144,2115,0.10270979021,3.28340051934,29.375,15.4379562044,16.5234375,23.125947344,0.787266292563,0.431540583136,18.7178045265,1.27440371245,0.622363409509,10.41950078,0.709412819061,0.401704097715,1.12585631727,0.342893384662,4.14543900894,3.28340051934,1.12585631727,4.14543900894,0.506274862896,0.548025908195,16217,0.0332762894383,0.115809519663,144,144,144,1,0,0.0486111111111,0.840277777778,0.111111111111,144,0.0821678321678,3.01044400087,23.5,13.21875,13.21875,18.6712448598,0.794521057865,0.429845514841,15.168747776,1.29095725753,0.629646046756,8.3561459313,0.711161355855,0.401768124507,1.07265513114,0.356311271967,3.84221554451,3.01044400087,1.07265513114,3.84221554451,0.407171413243,0.441124136487,8429,0.0172957910634,0.091437418136,144,144,144,1,0,0.111111111111,0.777777777778,0.111111111111,144,1924,0.0934343434343,3.01247690647,26.7222222222,15.03125,15.03125,21.1307764294,0.790756706298,0.432966620467,16.7083627615,1.25052195304,0.617586336336,10.148968125,0.759590129935,0.426426426426,1.0707124397,0.355425941158,3.86044084599,3.01247690647,1.0707124397,3.86044084599,0.456098046137,0.5069894352,12573,0.0257990249187,0.117324091126,144,144,144,1,0,0.111111111111,0.777777777778,0.111111111111,-191,-0.00927544677545,-0.270923612864,-2.65277777778,-0.40670620438,-1.4921875,-1.99517091463,0.00349041373493,0.00142603733029,-2.00944176505,-0.0238817594026,-0.00477707317246,-0.270532654991,0.0501773108742,0.0247223287117,-0.0551438775749,0.0125325564965,-0.284998162948,-0.270923612864,-0.0551438775749,-0.284998162948,-0.050176816759,-0.041036472995,-3644,-0.00747726451952,0.00151457146316,0.0625,-0.0625,0,1920,4,195,18473,0.90780141844,0.99978351464,0.000216485360178,0.0921985815603,0.997920997921,0.90780141844,0.950730378807,0.946687761677,0.90758493308,0.906087777253,232,423,0,5,3,5
478,WLNM_dir_neg_kfold,0.838382822237,0.382173481846,00:00:19,10,80,14,15359,threshold_sweep,0.1,0.941860465116,0.574468085106,0.713656387665,243,15,180,831,0.574468085106,0.982269503546,0.0177304964539,0.425531914894,0.941860465116,0.574468085106,0.713656387665,0.8463356974,0.59889676911,0.616895874263,0.652109427053,0.556737588652,2154,1731,423,0,2154,0,1731,0,423,144,2115,0.10270979021,3.28340051934,29.375,15.4379562044,16.5234375,23.125947344,0.787266292563,0.431540583136,18.7178045265,1.27440371245,0.622363409509,10.41950078,0.709412819061,0.401704097715,1.12585631727,0.342893384662,4.14543900894,3.28340051934,1.12585631727,4.14543900894,0.506274862896,0.548025908195,16217,0.0332762894383,0.115809519663,144,144,144,1,0,0.0486111111111,0.840277777778,0.111111111111,144,0.0821678321678,3.01044400087,23.5,13.21875,13.21875,18.6712448598,0.794521057865,0.429845514841,15.168747776,1.29095725753,0.629646046756,8.3561459313,0.711161355855,0.401768124507,1.07265513114,0.356311271967,3.84221554451,3.01044400087,1.07265513114,3.84221554451,0.407171413243,0.441124136487,8429,0.0172957910634,0.091437418136,144,144,144,1,0,0.111111111111,0.777777777778,0.111111111111,144,1950,0.094696969697,1,27.0833333333,13.6363636364,15.234375,21.0704778058,0.77798687283,0.427738603989,16.604353208,1.22616762151,0.602357549858,10.3483892872,0.764188747361,0.428247863248,0,0,0,NaN,NaN,NaN,0.45389694445,0.503273939442,12682,0.026022686234,0.1077167673,144,144,0,1,2,0.00694444444444,0.881944444444,0.111111111111,-165,-0.00801282051282,-2.28340051934,-2.29166666667,-1.80159256802,-1.2890625,-2.05546953824,-0.00927941973334,-0.00380197914772,-2.11345131858,-0.0482360909346,-0.0200058596512,-0.0711114927689,0.0547759283007,0.0265437655331,-1.12585631727,-0.342893384662,-4.14543900894,NaN,NaN,NaN,-0.0523779184453,-0.0447519687528,-3535,-0.00725360320431,-0.00809275236271,-0.0416666666667,0.0416666666667,0,1935,15,180,18462,0.914893617021,0.999188179899,0.000811820100666,0.0851063829787,0.992307692308,0.914893617021,0.952029520295,0.947746999647,0.914081796921,0.908450704225,258,423,0,5,3,5
479,WLNM_dir_neg_kfold,0.838382822237,0.382173481846,00:00:19,10,80,14,15359,threshold_sweep,0.2,0.948,0.560283687943,0.704309063893,237,13,186,833,0.560283687943,0.98463356974,0.01536643026,0.439716312057,0.948,0.560283687943,0.704309063893,0.843183609141,0.600998161282,0.606978275181,0.645845787443,0.544917257683,2154,1731,423,0,2154,0,1731,0,423,144,2115,0.10270979021,3.28340051934,29.375,15.4379562044,16.5234375,23.125947344,0.787266292563,0.431540583136,18.7178045265,1.27440371245,0.622363409509,10.41950078,0.709412819061,0.401704097715,1.12585631727,0.342893384662,4.14543900894,3.28340051934,1.12585631727,4.14543900894,0.506274862896,0.548025908195,16217,0.0332762894383,0.115809519663,144,144,144,1,0,0.0486111111111,0.840277777778,0.111111111111,144,0.0821678321678,3.01044400087,23.5,13.21875,13.21875,18.6712448598,0.794521057865,0.429845514841,15.168747776,1.29095725753,0.629646046756,8.3561459313,0.711161355855,0.401768124507,1.07265513114,0.356311271967,3.84221554451,3.01044400087,1.07265513114,3.84221554451,0.407171413243,0.441124136487,8429,0.0172957910634,0.091437418136,144,144,144,1,0,0.111111111111,0.777777777778,0.111111111111,144,1942,0.0943084693085,1,26.9722222222,13.8714285714,15.171875,21.0832331368,0.781664668307,0.429261071061,16.6414202725,1.23396731166,0.606991646641,10.2779457766,0.762113384051,0.427544627532,0,0,0,NaN,NaN,NaN,0.458079679618,0.505002192196,12670,0.0259980629699,0.107898167092,144,144,0,1,2,0.0277777777778,0.861111111111,0.111111111111,-173,-0.00840132090132,-2.28340051934,-2.40277777778,-1.56652763295,-1.3515625,-2.04271420719,-0.00560162425569,-0.00227951207557,-2.07638425401,-0.0404364007851,-0.0153717628673,-0.141555003383,0.0527005649899,0.025840529817,-1.12585631727,-0.342893384662,-4.14543900894,NaN,NaN,NaN,-0.0481951832779,-0.0430237159991,-3547,-0.00727822646837,-0.00791135257138,-0.0208333333333,0.0208333333333,0,1929,13,186,18464,0.912056737589,0.999296422579,0.000703577420577,0.0879432624113,0.993305870237,0.912056737589,0.950948977077,0.946659043855,0.911353160168,0.906484962406,250,423,0,5,3,5
480,WLNM_dir_neg_kfold,0.838382822237,0.382173481846,00:00:19,10,80,14,15359,threshold_sweep,0.3,0.96694214876,0.553191489362,0.703759398496,234,8,189,838,0.553191489362,0.990543735225,0.00945626477541,0.446808510638,0.96694214876,0.553191489362,0.703759398496,0.84475965327,0.603099553454,0.60886829914,0.65245404666,0.543735224586,2154,1731,423,0,2154,0,1731,0,423,144,2115,0.10270979021,3.28340051934,29.375,15.4379562044,16.5234375,23.125947344,0.787266292563,0.431540583136,18.7178045265,1.27440371245,0.622363409509,10.41950078,0.709412819061,0.401704097715,1.12585631727,0.342893384662,4.14543900894,3.28340051934,1.12585631727,4.14543900894,0.506274862896,0.548025908195,16217,0.0332762894383,0.115809519663,144,144,144,1,0,0.0486111111111,0.840277777778,0.111111111111,144,0.0821678321678,3.01044400087,23.5,13.21875,13.21875,18.6712448598,0.794521057865,0.429845514841,15.168747776,1.29095725753,0.629646046756,8.3561459313,0.711161355855,0.401768124507,1.07265513114,0.356311271967,3.84221554451,3.01044400087,1.07265513114,3.84221554451,0.407171413243,0.441124136487,8429,0.0172957910634,0.091437418136,144,144,144,1,0,0.111111111111,0.777777777778,0.111111111111,144,1934,0.09391996892,3.33872713218,26.8611111111,14.5413533835,15.109375,21.0983746801,0.785461725422,0.430824859244,16.6845067689,1.24227971806,0.613042916236,10.1998579298,0.759451676259,0.42679248535,1.08033960323,0.323578286114,4.14681626941,3.33872713218,1.08033960323,4.14681626941,0.459069534579,0.506983575911,12656,0.0259693358285,0.114039268393,144,144,144,1,0,0.0763888888889,0.8125,0.111111111111,-181,-0.00878982128982,0.0553266128424,-2.51388888889,-0.896602820921,-1.4140625,-2.02757266395,-0.00180456714103,-0.000715723892389,-2.0332977576,-0.0321239943856,-0.00932049327302,-0.219642850205,0.0500388571978,0.0250883876351,-0.0455167140417,-0.0193150985475,0.00137726046932,0.0553266128424,-0.0455167140417,0.00137726046932,-0.0472053283165,-0.0410423322835,-3561,-0.00730695360977,-0.00177025126982,0.0277777777778,-0.0277777777778,0,1926,8,189,18469,0.910638297872,0.99956702928,0.000432970720355,0.0893617021277,0.995863495346,0.910638297872,0.951346011361,0.947217054786,0.910205327152,0.907206782854,242,423,0,5,3,5
481,WLNM_dir_neg_kfold,0.838382822237,0.382173481846,00:00:19,10,80,14,15359,threshold_sweep,0.4,0.966804979253,0.550827423168,0.701807228916,233,8,190,838,0.550827423168,0.990543735225,0.00945626477541,0.449172576832,0.966804979253,0.550827423168,0.701807228916,0.843971631206,0.603362227476,0.606622516556,0.650646954861,0.541371158392,2154,1731,423,0,2154,0,1731,0,423,144,2115,0.10270979021,3.28340051934,29.375,15.4379562044,16.5234375,23.125947344,0.787266292563,0.431540583136,18.7178045265,1.27440371245,0.622363409509,10.41950078,0.709412819061,0.401704097715,1.12585631727,0.342893384662,4.14543900894,3.28340051934,1.12585631727,4.14543900894,0.506274862896,0.548025908195,16217,0.0332762894383,0.115809519663,144,144,144,1,0,0.0486111111111,0.840277777778,0.111111111111,144,0.0821678321678,3.01044400087,23.5,13.21875,13.21875,18.6712448598,0.794521057865,0.429845514841,15.168747776,1.29095725753,0.629646046756,8.3561459313,0.711161355855,0.401768124507,1.07265513114,0.356311271967,3.84221554451,3.01044400087,1.07265513114,3.84221554451,0.407171413243,0.441124136487,8429,0.0172957910634,0.091437418136,144,144,144,1,0,0.111111111111,0.777777777778,0.111111111111,144,1933,0.0938714063714,3.3385672625,26.8472222222,14.5338345865,15.1015625,21.0797086817,0.785172801387,0.43070644364,16.6698001134,1.24182680617,0.612896620107,10.1977509252,0.759687601254,0.426865982641,1.08016994833,0.323542964213,4.14624156315,3.3385672625,1.08016994833,4.14624156315,0.458310963298,0.506739409499,12632,0.0259200893004,0.114017494915,144,144,144,1,0,0.0763888888889,0.8125,0.111111111111,-182,-0.00883838383838,0.0551667431617,-2.52777777778,-0.904121617913,-1.421875,-2.04623866237,-0.00209349117655,-0.00083413949662,-2.04800441317,-0.0325769062758,-0.00946678940188,-0.221749854795,0.0502747821928,0.0251618849259,-0.045686368942,-0.0193504204487,0.000802554209464,0.0551667431617,-0.045686368942,0.000802554209464,-0.0479638995977,-0.0412864986955,-3585,-0.00735620013789,-0.00179202474854,0.0277777777778,-0.0277777777778,0,1925,8,190,18469,0.910165484634,0.99956702928,0.000432970720355,0.0898345153664,0.995861355406,0.910165484634,0.951086956522,0.946944492726,0.909732513913,0.906735751295,241,423,0,5,3,5
482,WLNM_dir_neg_kfold,0.838382822237,0.382173481846,00:00:19,10,80,14,15359,threshold_sweep,0.5,0.978991596639,0.550827423168,0.704992435703,233,5,190,841,0.550827423168,0.994089834515,0.00591016548463,0.449172576832,0.978991596639,0.550827423168,0.704992435703,0.8463356974,0.60415024954,0.611811546118,0.658063974876,0.544917257683,2154,1731,423,0,2154,0,1731,0,423,144,2115,0.10270979021,3.28340051934,29.375,15.4379562044,16.5234375,23.125947344,0.787266292563,0.431540583136,18.7178045265,1.27440371245,0.622363409509,10.41950078,0.709412819061,0.401704097715,1.12585631727,0.342893384662,4.14543900894,3.28340051934,1.12585631727,4.14543900894,0.506274862896,0.548025908195,16217,0.0332762894383,0.115809519663,144,144,144,1,0,0.0486111111111,0.840277777778,0.111111111111,144,0.0821678321678,3.01044400087,23.5,13.21875,13.21875,18.6712448598,0.794521057865,0.429845514841,15.168747776,1.29095725753,0.629646046756,8.3561459313,0.711161355855,0.401768124507,1.07265513114,0.356311271967,3.84221554451,3.01044400087,1.07265513114,3.84221554451,0.407171413243,0.441124136487,8429,0.0172957910634,0.091437418136,144,144,144,1,0,0.111111111111,0.777777777778,0.111111111111,144,1930,0.0937257187257,3.0677557093,26.8055555556,14.6212121212,15.078125,21.084007056,0.786553631103,0.431267990789,16.6797559324,1.24449992449,0.613953655728,10.2030568876,0.761264348093,0.42766263673,1.02716261779,0.334825427812,3.90707488832,3.0677557093,1.02716261779,3.90707488832,0.458056039854,0.506792604502,12609,0.0258728947109,0.11557277288,144,144,144,1,0,0.0833333333333,0.805555555556,0.111111111111,-185,-0.00898407148407,-0.215644810034,-2.56944444444,-0.816744083167,-1.4453125,-2.04194028809,-0.000712661460358,-0.000272592347612,-2.03804859414,-0.0299037879556,-0.00840975378053,-0.216443892318,0.0518515290324,0.0259585390153,-0.0986936994835,-0.00806795684911,-0.23836412062,-0.215644810034,-0.0986936994835,-0.23836412062,-0.0482188230417,-0.0412333036933,-3608,-0.00740339472734,-0.000236746783433,0.0347222222222,-0.0347222222222,0,1925,5,190,18472,0.910165484634,0.9997293933,0.000270606700222,0.0898345153664,0.997409326425,0.910165484634,0.951792336218,0.94777312231,0.909894877933,0.908018867925,238,423,0,5,3,5
483,WLNM_dir_neg_kfold,0.838382822237,0.382173481846,00:00:19,10,80,14,15359,threshold_sweep,0.6,0.978991596639,0.550827423168,0.704992435703,233,5,190,841,0.550827423168,0.994089834515,0.00591016548463,0.449172576832,0.978991596639,0.550827423168,0.704992435703,0.8463356974,0.60415024954,0.611811546118,0.658063974876,0.544917257683,2154,1731,423,0,2154,0,1731,0,423,144,2115,0.10270979021,3.28340051934,29.375,15.4379562044,16.5234375,23.125947344,0.787266292563,0.431540583136,18.7178045265,1.27440371245,0.622363409509,10.41950078,0.709412819061,0.401704097715,1.12585631727,0.342893384662,4.14543900894,3.28340051934,1.12585631727,4.14543900894,0.506274862896,0.548025908195,16217,0.0332762894383,0.115809519663,144,144,144,1,0,0.0486111111111,0.840277777778,0.111111111111,144,0.0821678321678,3.01044400087,23.5,13.21875,13.21875,18.6712448598,0.794521057865,0.429845514841,15.168747776,1.29095725753,0.629646046756,8.3561459313,0.711161355855,0.401768124507,1.07265513114,0.356311271967,3.84221554451,3.01044400087,1.07265513114,3.84221554451,0.407171413243,0.441124136487,8429,0.0172957910634,0.091437418136,144,144,144,1,0,0.111111111111,0.777777777778,0.111111111111,144,1930,0.0937257187257,3.0677557093,26.8055555556,14.6212121212,15.078125,21.084007056,0.786553631103,0.431267990789,16.6797559324,1.24449992449,0.613953655728,10.2030568876,0.761264348093,0.42766263673,1.02716261779,0.334825427812,3.90707488832,3.0677557093,1.02716261779,3.90707488832,0.458056039854,0.506792604502,12609,0.0258728947109,0.11557277288,144,144,144,1,0,0.0833333333333,0.805555555556,0.111111111111,-185,-0.00898407148407,-0.215644810034,-2.56944444444,-0.816744083167,-1.4453125,-2.04194028809,-0.000712661460358,-0.000272592347612,-2.03804859414,-0.0299037879556,-0.00840975378053,-0.216443892318,0.0518515290324,0.0259585390153,-0.0986936994835,-0.00806795684911,-0.23836412062,-0.215644810034,-0.0986936994835,-0.23836412062,-0.0482188230417,-0.0412333036933,-3608,-0.00740339472734,-0.000236746783433,0.0347222222222,-0.0347222222222,0,1925,5,190,18472,0.910165484634,0.9997293933,0.000270606700222,0.0898345153664,0.997409326425,0.910165484634,0.951792336218,0.94777312231,0.909894877933,0.908018867925,238,423,0,5,3,5
484,WLNM_dir_neg_kfold,0.838382822237,0.382173481846,00:00:19,10,80,14,15359,threshold_sweep,0.7,0.978723404255,0.543735224586,0.699088145897,230,5,193,841,0.543735224586,0.994089834515,0.00591016548463,0.456264775414,0.978723404255,0.543735224586,0.699088145897,0.843971631206,0.604938271605,0.605053191489,0.652682845576,0.537825059102,2154,1731,423,0,2154,0,1731,0,423,144,2115,0.10270979021,3.28340051934,29.375,15.4379562044,16.5234375,23.125947344,0.787266292563,0.431540583136,18.7178045265,1.27440371245,0.622363409509,10.41950078,0.709412819061,0.401704097715,1.12585631727,0.342893384662,4.14543900894,3.28340051934,1.12585631727,4.14543900894,0.506274862896,0.548025908195,16217,0.0332762894383,0.115809519663,144,144,144,1,0,0.0486111111111,0.840277777778,0.111111111111,144,0.0821678321678,3.01044400087,23.5,13.21875,13.21875,18.6712448598,0.794521057865,0.429845514841,15.168747776,1.29095725753,0.629646046756,8.3561459313,0.711161355855,0.401768124507,1.07265513114,0.356311271967,3.84221554451,3.01044400087,1.07265513114,3.84221554451,0.407171413243,0.441124136487,8429,0.0172957910634,0.091437418136,144,144,144,1,0,0.111111111111,0.777777777778,0.111111111111,144,1927,0.09358003108,3.03102444731,26.7638888889,14.9379844961,15.0546875,21.0958472403,0.788220550752,0.431982644295,16.69596347,1.24764854161,0.616174393127,10.1698832276,0.759970516233,0.427020267543,1.04163490971,0.343657706435,3.86720920665,3.03102444731,1.04163490971,3.86720920665,0.46121462377,0.50762231944,12609,0.0258728947109,0.116474518276,144,144,144,1,0,0.104166666667,0.784722222222,0.111111111111,-188,-0.00912975912976,-0.252376072025,-2.61111111111,-0.499971708256,-1.46875,-2.03010010377,0.000954258188983,0.0004420611582,-2.0218410565,-0.0267551708339,-0.00618901638189,-0.249617552306,0.0505576971725,0.0253161698284,-0.0842214075623,0.000764321773788,-0.278229802291,-0.252376072025,-0.0842214075623,-0.278229802291,-0.0450602391259,-0.0404035887553,-3608,-0.00740339472734,0.000664998613186,0.0555555555556,-0.0555555555556,0,1922,5,193,18472,0.908747044917,0.9997293933,0.000270606700222,0.0912529550827,0.997405293202,0.908747044917,0.951014349332,0.946955844816,0.908476438217,0.906603773585,235,423,0,5,3,5
485,WLNM_dir_neg_kfold,0.838382822237,0.382173481846,00:00:19,10,80,14,15359,threshold_sweep,0.8,0.982905982906,0.543735224586,0.700152207002,230,4,193,842,0.543735224586,0.995271867612,0.00472813238771,0.456264775414,0.982905982906,0.543735224586,0.700152207002,0.84475965327,0.605200945626,0.606786427146,0.655196760142,0.539007092199,2154,1731,423,0,2154,0,1731,0,423,144,2115,0.10270979021,3.28340051934,29.375,15.4379562044,16.5234375,23.125947344,0.787266292563,0.431540583136,18.7178045265,1.27440371245,0.622363409509,10.41950078,0.709412819061,0.401704097715,1.12585631727,0.342893384662,4.14543900894,3.28340051934,1.12585631727,4.14543900894,0.506274862896,0.548025908195,16217,0.0332762894383,0.115809519663,144,144,144,1,0,0.0486111111111,0.840277777778,0.111111111111,144,0.0821678321678,3.01044400087,23.5,13.21875,13.21875,18.6712448598,0.794521057865,0.429845514841,15.168747776,1.29095725753,0.629646046756,8.3561459313,0.711161355855,0.401768124507,1.07265513114,0.356311271967,3.84221554451,3.01044400087,1.07265513114,3.84221554451,0.407171413243,0.441124136487,8429,0.0172957910634,0.091437418136,144,144,144,1,0,0.111111111111,0.777777777778,0.111111111111,144,1926,0.0935314685315,3.02970177924,26.75,14.9302325581,15.046875,21.0910447307,0.788450270306,0.43208434291,16.6980066647,1.24844909642,0.616310430368,10.1622329742,0.759793119563,0.42692829122,1.04119603246,0.343662877842,3.86677218332,3.02970177924,1.04119603246,3.86677218332,0.460637331216,0.507756779627,12601,0.0258564792015,0.116627720796,144,144,144,1,0,0.104166666667,0.784722222222,0.111111111111,-189,-0.00917832167832,-0.253698740097,-2.625,-0.50772364624,-1.4765625,-2.03490261335,0.00118397774319,0.00054375977356,-2.01979786187,-0.0259546160211,-0.00605297914074,-0.257267805802,0.0503803005021,0.0252241935048,-0.0846602848169,0.000769493180871,-0.278666825618,-0.253698740097,-0.0846602848169,-0.278666825618,-0.0456375316795,-0.040269128568,-3616,-0.00741981023671,0.000818201132515,0.0555555555556,-0.0555555555556,0,1922,4,193,18473,0.908747044917,0.99978351464,0.000216485360178,0.0912529550827,0.997923156802,0.908747044917,0.951249690671,0.947232701881,0.908530559557,0.907031618688,234,423,0,5,3,5
486,WLNM_dir_neg_kfold,0.838382822237,0.382173481846,00:00:19,10,80,14,15359,threshold_sweep,0.9,0.982905982906,0.543735224586,0.700152207002,230,4,193,842,0.543735224586,0.995271867612,0.00472813238771,0.456264775414,0.982905982906,0.543735224586,0.700152207002,0.84475965327,0.605200945626,0.606786427146,0.655196760142,0.539007092199,2154,1731,423,0,2154,0,1731,0,423,144,2115,0.10270979021,3.28340051934,29.375,15.4379562044,16.5234375,23.125947344,0.787266292563,0.431540583136,18.7178045265,1.27440371245,0.622363409509,10.41950078,0.709412819061,0.401704097715,1.12585631727,0.342893384662,4.14543900894,3.28340051934,1.12585631727,4.14543900894,0.506274862896,0.548025908195,16217,0.0332762894383,0.115809519663,144,144,144,1,0,0.0486111111111,0.840277777778,0.111111111111,144,0.0821678321678,3.01044400087,23.5,13.21875,13.21875,18.6712448598,0.794521057865,0.429845514841,15.168747776,1.29095725753,0.629646046756,8.3561459313,0.711161355855,0.401768124507,1.07265513114,0.356311271967,3.84221554451,3.01044400087,1.07265513114,3.84221554451,0.407171413243,0.441124136487,8429,0.0172957910634,0.091437418136,144,144,144,1,0,0.111111111111,0.777777777778,0.111111111111,144,1926,0.0935314685315,3.02970177924,26.75,14.9302325581,15.046875,21.0910447307,0.788450270306,0.43208434291,16.6980066647,1.24844909642,0.616310430368,10.1622329742,0.759793119563,0.42692829122,1.04119603246,0.343662877842,3.86677218332,3.02970177924,1.04119603246,3.86677218332,0.460637331216,0.507756779627,12601,0.0258564792015,0.116627720796,144,144,144,1,0,0.104166666667,0.784722222222,0.111111111111,-189,-0.00917832167832,-0.253698740097,-2.625,-0.50772364624,-1.4765625,-2.03490261335,0.00118397774319,0.00054375977356,-2.01979786187,-0.0259546160211,-0.00605297914074,-0.257267805802,0.0503803005021,0.0252241935048,-0.0846602848169,0.000769493180871,-0.278666825618,-0.253698740097,-0.0846602848169,-0.278666825618,-0.0456375316795,-0.040269128568,-3616,-0.00741981023671,0.000818201132515,0.0555555555556,-0.0555555555556,0,1922,4,193,18473,0.908747044917,0.99978351464,0.000216485360178,0.0912529550827,0.997923156802,0.908747044917,0.951249690671,0.947232701881,0.908530559557,0.907031618688,234,423,0,5,3,5
487,WLNM_dir_neg_kfold,0.836446299929,0.331529476856,00:00:19,10,80,15,15360,threshold_sweep,0.1,0.952,0.562647754137,0.707280832095,238,12,185,834,0.562647754137,0.985815602837,0.0141843971631,0.437352245863,0.952,0.562647754137,0.707280832095,0.84475965327,0.600998161282,0.610928242265,0.650048688446,0.548463356974,2154,1731,423,0,2154,0,1731,0,423,144,2115,0.10270979021,3.28340051934,29.375,15.4379562044,16.5234375,23.125947344,0.787266292563,0.431540583136,18.7178045265,1.27440371245,0.622363409509,10.41950078,0.709412819061,0.401704097715,1.12585631727,0.342893384662,4.14543900894,3.28340051934,1.12585631727,4.14543900894,0.506274862896,0.548025908195,16217,0.0332762894383,0.115809519663,144,144,144,1,0,0.0486111111111,0.840277777778,0.111111111111,144,0.0821678321678,3.01044400087,23.5,13.21875,13.21875,18.6712448598,0.794521057865,0.429845514841,15.168747776,1.29095725753,0.629646046756,8.3561459313,0.711161355855,0.401768124507,1.07265513114,0.356311271967,3.84221554451,3.01044400087,1.07265513114,3.84221554451,0.407171413243,0.441124136487,8429,0.0172957910634,0.091437418136,144,144,144,1,0,0.111111111111,0.777777777778,0.111111111111,144,1942,0.0943084693085,13.8313555176,26.9722222222,13.5804195804,15.171875,21.047712845,0.780347747086,0.428531582561,16.5892315359,1.23009749803,0.603129648701,10.342380805,0.766891264632,0.42948277835,1.61072705728,0.116454750601,14.9073137615,13.8313555176,1.61072705728,14.9073137615,0.45034216941,0.502835463259,12591,0.0258359598148,0.108439785946,144,144,144,1,0,0.00694444444444,0.881944444444,0.111111111111,-173,-0.00840132090132,10.5479549983,-2.40277777778,-1.85753662396,-1.3515625,-2.07823449903,-0.00691854547712,-0.00300900057539,-2.12857299061,-0.0443062144156,-0.0192337608076,-0.0771199749939,0.0574784455707,0.0277786806352,0.48487074001,-0.22643863406,10.7618747526,10.5479549983,0.48487074001,10.7618747526,-0.055932693486,-0.0451904449361,-3626,-0.00744032962343,-0.00736973371665,-0.0416666666667,0.0416666666667,0,1930,12,185,18465,0.912529550827,0.999350543919,0.000649456080533,0.0874704491726,0.993820803296,0.912529550827,0.951441952181,0.947206391916,0.911880094747,0.907381288199,250,423,0,5,3,5
488,WLNM_dir_neg_kfold,0.836446299929,0.331529476856,00:00:19,10,80,15,15360,threshold_sweep,0.2,0.97510373444,0.555555555556,0.707831325301,235,6,188,840,0.555555555556,0.992907801418,0.00709219858156,0.444444444444,0.97510373444,0.555555555556,0.707831325301,0.847123719464,0.603362227476,0.614569536424,0.659170714095,0.548463356974,2154,1731,423,0,2154,0,1731,0,423,144,2115,0.10270979021,3.28340051934,29.375,15.4379562044,16.5234375,23.125947344,0.787266292563,0.431540583136,18.7178045265,1.27440371245,0.622363409509,10.41950078,0.709412819061,0.401704097715,1.12585631727,0.342893384662,4.14543900894,3.28340051934,1.12585631727,4.14543900894,0.506274862896,0.548025908195,16217,0.0332762894383,0.115809519663,144,144,144,1,0,0.0486111111111,0.840277777778,0.111111111111,144,0.0821678321678,3.01044400087,23.5,13.21875,13.21875,18.6712448598,0.794521057865,0.429845514841,15.168747776,1.29095725753,0.629646046756,8.3561459313,0.711161355855,0.401768124507,1.07265513114,0.356311271967,3.84221554451,3.01044400087,1.07265513114,3.84221554451,0.407171413243,0.441124136487,8429,0.0172957910634,0.091437418136,144,144,144,1,0,0.111111111111,0.777777777778,0.111111111111,144,1933,0.0938714063714,3.41613607619,26.8472222222,14.1094890511,15.1015625,21.0644430608,0.784604190572,0.430368741737,16.6370468151,1.23938682948,0.609807006955,10.2572368184,0.764119038721,0.428813157441,1.11913486048,0.327602541443,4.36057652532,3.41613607619,1.11913486048,4.36057652532,0.450032466483,0.504642140468,12574,0.0258010768574,0.11272129664,144,144,144,1,0,0.0486111111111,0.840277777778,0.111111111111,-182,-0.00883838383838,0.132735556853,-2.52777777778,-1.32846715328,-1.421875,-2.06150428326,-0.00266210199098,-0.00117184139925,-2.08075771141,-0.0350168829683,-0.0125564025536,-0.162263961572,0.05470621966,0.0271090597262,-0.00672145679857,-0.0152908432182,0.215137516386,0.132735556853,-0.00672145679857,0.215137516386,-0.0562423964131,-0.0433837677266,-3643,-0.00747521258085,-0.00308822302258,0,0,0,1927,6,188,18471,0.911111111111,0.99967527196,0.000324728040266,0.0888888888889,0.996896016555,0.911111111111,0.952075098814,0.948041469672,0.910786383071,0.908533710514,241,423,0,5,3,5
489,WLNM_dir_neg_kfold,0.836446299929,0.331529476856,00:00:19,10,80,15,15360,threshold_sweep,0.3,0.974683544304,0.54609929078,0.7,231,6,192,840,0.54609929078,0.992907801418,0.00709219858156,0.45390070922,0.974683544304,0.54609929078,0.7,0.843971631206,0.604412923562,0.605577689243,0.651982326281,0.539007092199,2154,1731,423,0,2154,0,1731,0,423,144,2115,0.10270979021,3.28340051934,29.375,15.4379562044,16.5234375,23.125947344,0.787266292563,0.431540583136,18.7178045265,1.27440371245,0.622363409509,10.41950078,0.709412819061,0.401704097715,1.12585631727,0.342893384662,4.14543900894,3.28340051934,1.12585631727,4.14543900894,0.506274862896,0.548025908195,16217,0.0332762894383,0.115809519663,144,144,144,1,0,0.0486111111111,0.840277777778,0.111111111111,144,0.0821678321678,3.01044400087,23.5,13.21875,13.21875,18.6712448598,0.794521057865,0.429845514841,15.168747776,1.29095725753,0.629646046756,8.3561459313,0.711161355855,0.401768124507,1.07265513114,0.356311271967,3.84221554451,3.01044400087,1.07265513114,3.84221554451,0.407171413243,0.441124136487,8429,0.0172957910634,0.091437418136,144,144,144,1,0,0.111111111111,0.777777777778,0.111111111111,144,1929,0.0936771561772,3.19704225984,26.7916666667,14.5037593985,15.0703125,21.0885164124,0.787129695019,0.43156716203,16.6587379159,1.24357608081,0.61288592247,10.2371999217,0.764207770208,0.428744743966,1.06471327299,0.333030716034,4.11397509491,3.19704225984,1.06471327299,4.11397509491,0.453736435194,0.505334262585,12568,0.0257887652254,0.116035271823,144,144,144,1,0,0.0763888888889,0.8125,0.111111111111,-186,-0.00903263403263,-0.0863582594914,-2.58333333333,-0.934196805883,-1.453125,-2.03743093166,-0.000136597544041,2.6578893509e-05,-2.05906661063,-0.0308276316306,-0.0094774870389,-0.182300858211,0.0547949511472,0.0270406462516,-0.0611430442866,-0.00986266862724,-0.0314639140274,-0.0863582594914,-0.0611430442866,-0.0314639140274,-0.052538427702,-0.0426916456098,-3649,-0.00748752421288,0.000225752159593,0.0277777777778,-0.0277777777778,0,1923,6,192,18471,0.909219858156,0.99967527196,0.000324728040266,0.090780141844,0.996889580093,0.909219858156,0.951038575668,0.946951747602,0.908895130116,0.906647807638,237,423,0,5,3,5
490,WLNM_dir_neg_kfold,0.836446299929,0.331529476856,00:00:19,10,80,15,15360,threshold_sweep,0.4,0.978813559322,0.54609929078,0.701062215478,231,5,192,841,0.54609929078,0.994089834515,0.00591016548463,0.45390070922,0.978813559322,0.54609929078,0.701062215478,0.84475965327,0.604675597583,0.6073089701,0.654477981141,0.540189125296,2154,1731,423,0,2154,0,1731,0,423,144,2115,0.10270979021,3.28340051934,29.375,15.4379562044,16.5234375,23.125947344,0.787266292563,0.431540583136,18.7178045265,1.27440371245,0.622363409509,10.41950078,0.709412819061,0.401704097715,1.12585631727,0.342893384662,4.14543900894,3.28340051934,1.12585631727,4.14543900894,0.506274862896,0.548025908195,16217,0.0332762894383,0.115809519663,144,144,144,1,0,0.0486111111111,0.840277777778,0.111111111111,144,0.0821678321678,3.01044400087,23.5,13.21875,13.21875,18.6712448598,0.794521057865,0.429845514841,15.168747776,1.29095725753,0.629646046756,8.3561459313,0.711161355855,0.401768124507,1.07265513114,0.356311271967,3.84221554451,3.01044400087,1.07265513114,3.84221554451,0.407171413243,0.441124136487,8429,0.0172957910634,0.091437418136,144,144,144,1,0,0.111111111111,0.777777777778,0.111111111111,144,1928,0.0936285936286,3.01585457183,26.7777777778,14.6060606061,15.0625,21.0906947448,0.787619305822,0.431754985016,16.664148994,1.24462523607,0.613639638082,10.2248231548,0.763679737703,0.42849527432,1.03771340993,0.344086024447,3.88017322804,3.01585457183,1.03771340993,3.88017322804,0.453508909521,0.50552530644,12565,0.0257826094094,0.116127798912,144,144,144,1,0,0.0833333333333,0.805555555556,0.111111111111,-187,-0.0090811965812,-0.267545947505,-2.59722222222,-0.831895598319,-1.4609375,-2.03525259926,0.000353013258424,0.000214401879808,-2.05365553255,-0.0297784763796,-0.00872377142673,-0.194677625152,0.0542669186424,0.0267911766052,-0.0881429073441,0.0011926397851,-0.265265780899,-0.267545947505,-0.0881429073441,-0.265265780899,-0.0527659533748,-0.0425006017549,-3652,-0.00749368002889,0.000318279248874,0.0347222222222,-0.0347222222222,0,1923,5,192,18472,0.909219858156,0.9997293933,0.000270606700222,0.090780141844,0.997406639004,0.909219858156,0.951273806579,0.947228319799,0.908949251456,0.907075471698,236,423,0,5,3,5
491,WLNM_dir_neg_kfold,0.836446299929,0.331529476856,00:00:19,10,80,15,15360,threshold_sweep,0.5,0.982978723404,0.54609929078,0.702127659574,231,4,192,842,0.54609929078,0.995271867612,0.00472813238771,0.45390070922,0.982978723404,0.54609929078,0.702127659574,0.845547675335,0.604938271605,0.609042553191,0.656986248954,0.541371158392,2154,1731,423,0,2154,0,1731,0,423,144,2115,0.10270979021,3.28340051934,29.375,15.4379562044,16.5234375,23.125947344,0.787266292563,0.431540583136,18.7178045265,1.27440371245,0.622363409509,10.41950078,0.709412819061,0.401704097715,1.12585631727,0.342893384662,4.14543900894,3.28340051934,1.12585631727,4.14543900894,0.506274862896,0.548025908195,16217,0.0332762894383,0.115809519663,144,144,144,1,0,0.0486111111111,0.840277777778,0.111111111111,144,0.0821678321678,3.01044400087,23.5,13.21875,13.21875,18.6712448598,0.794521057865,0.429845514841,15.168747776,1.29095725753,0.629646046756,8.3561459313,0.711161355855,0.401768124507,1.07265513114,0.356311271967,3.84221554451,3.01044400087,1.07265513114,3.84221554451,0.407171413243,0.441124136487,8429,0.0172957910634,0.091437418136,144,144,144,1,0,0.111111111111,0.777777777778,0.111111111111,144,1927,0.09358003108,3.0056802362,26.7638888889,14.7099236641,15.0546875,21.0981675243,0.788307245329,0.432061927002,16.6695554023,1.24567513126,0.614386928444,10.2240608355,0.76401907645,0.428634751773,1.04312612114,0.347051595368,3.87578009059,3.0056802362,1.04312612114,3.87578009059,0.454247617973,0.50568852635,12564,0.0257805574707,0.117204041266,144,144,144,1,0,0.0902777777778,0.798611111111,0.111111111111,-188,-0.00912975912976,-0.277720283139,-2.61111111111,-0.728032540257,-1.46875,-2.02777981976,0.00104095276549,0.000521343865921,-2.0482491242,-0.028728581186,-0.00797648106505,-0.195439944411,0.0546062573888,0.0269306540583,-0.0827301961374,0.00415821070611,-0.269658918351,-0.277720283139,-0.0827301961374,-0.269658918351,-0.0520272449226,-0.0423373818452,-3653,-0.00749573196756,0.00139452160304,0.0416666666667,-0.0416666666667,0,1923,4,192,18473,0.909219858156,0.99978351464,0.000216485360178,0.090780141844,0.997924234561,0.909219858156,0.951509153884,0.947505098224,0.909003372796,0.907503539405,235,423,0,5,3,5
492,WLNM_dir_neg_kfold,0.836446299929,0.331529476856,00:00:19,10,80,15,15360,threshold_sweep,0.6,0.982978723404,0.54609929078,0.702127659574,231,4,192,842,0.54609929078,0.995271867612,0.00472813238771,0.45390070922,0.982978723404,0.54609929078,0.702127659574,0.845547675335,0.604938271605,0.609042553191,0.656986248954,0.541371158392,2154,1731,423,0,2154,0,1731,0,423,144,2115,0.10270979021,3.28340051934,29.375,15.4379562044,16.5234375,23.125947344,0.787266292563,0.431540583136,18.7178045265,1.27440371245,0.622363409509,10.41950078,0.709412819061,0.401704097715,1.12585631727,0.342893384662,4.14543900894,3.28340051934,1.12585631727,4.14543900894,0.506274862896,0.548025908195,16217,0.0332762894383,0.115809519663,144,144,144,1,0,0.0486111111111,0.840277777778,0.111111111111,144,0.0821678321678,3.01044400087,23.5,13.21875,13.21875,18.6712448598,0.794521057865,0.429845514841,15.168747776,1.29095725753,0.629646046756,8.3561459313,0.711161355855,0.401768124507,1.07265513114,0.356311271967,3.84221554451,3.01044400087,1.07265513114,3.84221554451,0.407171413243,0.441124136487,8429,0.0172957910634,0.091437418136,144,144,144,1,0,0.111111111111,0.777777777778,0.111111111111,144,1927,0.09358003108,3.0056802362,26.7638888889,14.7099236641,15.0546875,21.0981675243,0.788307245329,0.432061927002,16.6695554023,1.24567513126,0.614386928444,10.2240608355,0.76401907645,0.428634751773,1.04312612114,0.347051595368,3.87578009059,3.0056802362,1.04312612114,3.87578009059,0.454247617973,0.50568852635,12564,0.0257805574707,0.117204041266,144,144,144,1,0,0.0902777777778,0.798611111111,0.111111111111,-188,-0.00912975912976,-0.277720283139,-2.61111111111,-0.728032540257,-1.46875,-2.02777981976,0.00104095276549,0.000521343865921,-2.0482491242,-0.028728581186,-0.00797648106505,-0.195439944411,0.0546062573888,0.0269306540583,-0.0827301961374,0.00415821070611,-0.269658918351,-0.277720283139,-0.0827301961374,-0.269658918351,-0.0520272449226,-0.0423373818452,-3653,-0.00749573196756,0.00139452160304,0.0416666666667,-0.0416666666667,0,1923,4,192,18473,0.909219858156,0.99978351464,0.000216485360178,0.090780141844,0.997924234561,0.909219858156,0.951509153884,0.947505098224,0.909003372796,0.907503539405,235,423,0,5,3,5
493,WLNM_dir_neg_kfold,0.836446299929,0.331529476856,00:00:19,10,80,15,15360,threshold_sweep,0.7,0.98275862069,0.539007092199,0.696183206107,228,4,195,842,0.539007092199,0.995271867612,0.00472813238771,0.460992907801,0.98275862069,0.539007092199,0.696183206107,0.843183609141,0.60572629367,0.602265156562,0.651613489471,0.534278959811,2154,1731,423,0,2154,0,1731,0,423,144,2115,0.10270979021,3.28340051934,29.375,15.4379562044,16.5234375,23.125947344,0.787266292563,0.431540583136,18.7178045265,1.27440371245,0.622363409509,10.41950078,0.709412819061,0.401704097715,1.12585631727,0.342893384662,4.14543900894,3.28340051934,1.12585631727,4.14543900894,0.506274862896,0.548025908195,16217,0.0332762894383,0.115809519663,144,144,144,1,0,0.0486111111111,0.840277777778,0.111111111111,144,0.0821678321678,3.01044400087,23.5,13.21875,13.21875,18.6712448598,0.794521057865,0.429845514841,15.168747776,1.29095725753,0.629646046756,8.3561459313,0.711161355855,0.401768124507,1.07265513114,0.356311271967,3.84221554451,3.01044400087,1.07265513114,3.84221554451,0.407171413243,0.441124136487,8429,0.0172957910634,0.091437418136,144,144,144,1,0,0.111111111111,0.777777777778,0.111111111111,144,1924,0.0934343434343,2.96833915165,26.7222222222,15.03125,15.03125,21.1099169498,0.789976102073,0.4327753234,16.6857466544,1.24882927143,0.61659014784,10.1909126605,0.762729429895,0.427992896743,1.05535483618,0.35553714797,3.83491373063,2.96833915165,1.05535483618,3.83491373063,0.457406201889,0.506517590776,12564,0.0257805574707,0.118164666755,144,144,144,1,0,0.111111111111,0.777777777778,0.111111111111,-191,-0.00927544677545,-0.315061367691,-2.65277777778,-0.40670620438,-1.4921875,-2.01603039422,0.00270980950937,0.001234740264,-2.03205787216,-0.0255744410155,-0.00577326166865,-0.228588119418,0.0533166108339,0.0262887990282,-0.0705014810909,0.0126437633084,-0.310525278304,-0.315061367691,-0.0705014810909,-0.310525278304,-0.0488686610069,-0.0415083174189,-3653,-0.00749573196756,0.00235514709148,0.0625,-0.0625,0,1920,4,195,18473,0.90780141844,0.99978351464,0.000216485360178,0.0921985815603,0.997920997921,0.90780141844,0.950730378807,0.946687761677,0.90758493308,0.906087777253,232,423,0,5,3,5
494,WLNM_dir_neg_kfold,0.836446299929,0.331529476856,00:00:19,10,80,15,15360,threshold_sweep,0.8,0.98275862069,0.539007092199,0.696183206107,228,4,195,842,0.539007092199,0.995271867612,0.00472813238771,0.460992907801,0.98275862069,0.539007092199,0.696183206107,0.843183609141,0.60572629367,0.602265156562,0.651613489471,0.534278959811,2154,1731,423,0,2154,0,1731,0,423,144,2115,0.10270979021,3.28340051934,29.375,15.4379562044,16.5234375,23.125947344,0.787266292563,0.431540583136,18.7178045265,1.27440371245,0.622363409509,10.41950078,0.709412819061,0.401704097715,1.12585631727,0.342893384662,4.14543900894,3.28340051934,1.12585631727,4.14543900894,0.506274862896,0.548025908195,16217,0.0332762894383,0.115809519663,144,144,144,1,0,0.0486111111111,0.840277777778,0.111111111111,144,0.0821678321678,3.01044400087,23.5,13.21875,13.21875,18.6712448598,0.794521057865,0.429845514841,15.168747776,1.29095725753,0.629646046756,8.3561459313,0.711161355855,0.401768124507,1.07265513114,0.356311271967,3.84221554451,3.01044400087,1.07265513114,3.84221554451,0.407171413243,0.441124136487,8429,0.0172957910634,0.091437418136,144,144,144,1,0,0.111111111111,0.777777777778,0.111111111111,144,1924,0.0934343434343,2.96833915165,26.7222222222,15.03125,15.03125,21.1099169498,0.789976102073,0.4327753234,16.6857466544,1.24882927143,0.61659014784,10.1909126605,0.762729429895,0.427992896743,1.05535483618,0.35553714797,3.83491373063,2.96833915165,1.05535483618,3.83491373063,0.457406201889,0.506517590776,12564,0.0257805574707,0.118164666755,144,144,144,1,0,0.111111111111,0.777777777778,0.111111111111,-191,-0.00927544677545,-0.315061367691,-2.65277777778,-0.40670620438,-1.4921875,-2.01603039422,0.00270980950937,0.001234740264,-2.03205787216,-0.0255744410155,-0.00577326166865,-0.228588119418,0.0533166108339,0.0262887990282,-0.0705014810909,0.0126437633084,-0.310525278304,-0.315061367691,-0.0705014810909,-0.310525278304,-0.0488686610069,-0.0415083174189,-3653,-0.00749573196756,0.00235514709148,0.0625,-0.0625,0,1920,4,195,18473,0.90780141844,0.99978351464,0.000216485360178,0.0921985815603,0.997920997921,0.90780141844,0.950730378807,0.946687761677,0.90758493308,0.906087777253,232,423,0,5,3,5
495,WLNM_dir_neg_kfold,0.836446299929,0.331529476856,00:00:19,10,80,15,15360,threshold_sweep,0.9,0.98275862069,0.539007092199,0.696183206107,228,4,195,842,0.539007092199,0.995271867612,0.00472813238771,0.460992907801,0.98275862069,0.539007092199,0.696183206107,0.843183609141,0.60572629367,0.602265156562,0.651613489471,0.534278959811,2154,1731,423,0,2154,0,1731,0,423,144,2115,0.10270979021,3.28340051934,29.375,15.4379562044,16.5234375,23.125947344,0.787266292563,0.431540583136,18.7178045265,1.27440371245,0.622363409509,10.41950078,0.709412819061,0.401704097715,1.12585631727,0.342893384662,4.14543900894,3.28340051934,1.12585631727,4.14543900894,0.506274862896,0.548025908195,16217,0.0332762894383,0.115809519663,144,144,144,1,0,0.0486111111111,0.840277777778,0.111111111111,144,0.0821678321678,3.01044400087,23.5,13.21875,13.21875,18.6712448598,0.794521057865,0.429845514841,15.168747776,1.29095725753,0.629646046756,8.3561459313,0.711161355855,0.401768124507,1.07265513114,0.356311271967,3.84221554451,3.01044400087,1.07265513114,3.84221554451,0.407171413243,0.441124136487,8429,0.0172957910634,0.091437418136,144,144,144,1,0,0.111111111111,0.777777777778,0.111111111111,144,1924,0.0934343434343,2.96833915165,26.7222222222,15.03125,15.03125,21.1099169498,0.789976102073,0.4327753234,16.6857466544,1.24882927143,0.61659014784,10.1909126605,0.762729429895,0.427992896743,1.05535483618,0.35553714797,3.83491373063,2.96833915165,1.05535483618,3.83491373063,0.457406201889,0.506517590776,12564,0.0257805574707,0.118164666755,144,144,144,1,0,0.111111111111,0.777777777778,0.111111111111,-191,-0.00927544677545,-0.315061367691,-2.65277777778,-0.40670620438,-1.4921875,-2.01603039422,0.00270980950937,0.001234740264,-2.03205787216,-0.0255744410155,-0.00577326166865,-0.228588119418,0.0533166108339,0.0262887990282,-0.0705014810909,0.0126437633084,-0.310525278304,-0.315061367691,-0.0705014810909,-0.310525278304,-0.0488686610069,-0.0415083174189,-3653,-0.00749573196756,0.00235514709148,0.0625,-0.0625,0,1920,4,195,18473,0.90780141844,0.99978351464,0.000216485360178,0.0921985815603,0.997920997921,0.90780141844,0.950730378807,0.946687761677,0.90758493308,0.906087777253,232,423,0,5,3,5
496,WLNM_dir_neg_kfold,0.878669751689,0.397301262626,00:00:19,10,80,16,15361,threshold_sweep,0.1,0.933333333333,0.562647754137,0.702064896755,238,17,185,829,0.562647754137,0.979905437352,0.0200945626478,0.437352245863,0.933333333333,0.562647754137,0.702064896755,0.840819542947,0.599684791174,0.602362204724,0.638276154736,0.542553191489,2154,1731,423,0,2154,0,1731,0,423,144,2115,0.10270979021,3.28340051934,29.375,15.4379562044,16.5234375,23.125947344,0.787266292563,0.431540583136,18.7178045265,1.27440371245,0.622363409509,10.41950078,0.709412819061,0.401704097715,1.12585631727,0.342893384662,4.14543900894,3.28340051934,1.12585631727,4.14543900894,0.506274862896,0.548025908195,16217,0.0332762894383,0.115809519663,144,144,144,1,0,0.0486111111111,0.840277777778,0.111111111111,144,0.0821678321678,3.01044400087,23.5,13.21875,13.21875,18.6712448598,0.794521057865,0.429845514841,15.168747776,1.29095725753,0.629646046756,8.3561459313,0.711161355855,0.401768124507,1.07265513114,0.356311271967,3.84221554451,3.01044400087,1.07265513114,3.84221554451,0.407171413243,0.441124136487,8429,0.0172957910634,0.091437418136,144,144,144,1,0,0.111111111111,0.777777777778,0.111111111111,144,1947,0.0945512820513,1,27.0416666667,13.6153846154,15.2109375,21.0184318046,0.777260960417,0.42698524796,16.5807912917,1.22631430201,0.601548678879,10.3213870903,0.76336915306,0.427826998802,0,0,0,NaN,NaN,NaN,0.452934528076,0.502269650394,12614,0.0258831544043,0.108685776834,144,144,0,1,2,0.00694444444444,0.881944444444,0.111111111111,-168,-0.00815850815851,-2.28340051934,-2.33333333333,-1.82257158899,-1.3125,-2.10751553945,-0.0100053321466,-0.0045553351765,-2.1370132348,-0.0480894104369,-0.0208147306296,-0.0981136896208,0.0539563339994,0.0261229010868,-1.12585631727,-0.342893384662,-4.14543900894,NaN,NaN,NaN,-0.0533403348193,-0.0457562578007,-3603,-0.00739313503398,-0.00712374282896,-0.0416666666667,0.0416666666667,0,1930,17,185,18460,0.912529550827,0.999079937219,0.000920062780754,0.0874704491726,0.991268618387,0.912529550827,0.95027080256,0.945835438993,0.911609488047,0.905253283302,255,423,0,5,3,5
497,WLNM_dir_neg_kfold,0.878669751689,0.397301262626,00:00:19,10,80,16,15361,threshold_sweep,0.2,0.937007874016,0.562647754137,0.703101920236,238,16,185,830,0.562647754137,0.981087470449,0.0189125295508,0.437352245863,0.937007874016,0.562647754137,0.703101920236,0.841607565012,0.599947465196,0.604070912672,0.640608879907,0.543735224586,2154,1731,423,0,2154,0,1731,0,423,144,2115,0.10270979021,3.28340051934,29.375,15.4379562044,16.5234375,23.125947344,0.787266292563,0.431540583136,18.7178045265,1.27440371245,0.622363409509,10.41950078,0.709412819061,0.401704097715,1.12585631727,0.342893384662,4.14543900894,3.28340051934,1.12585631727,4.14543900894,0.506274862896,0.548025908195,16217,0.0332762894383,0.115809519663,144,144,144,1,0,0.0486111111111,0.840277777778,0.111111111111,144,0.0821678321678,3.01044400087,23.5,13.21875,13.21875,18.6712448598,0.794521057865,0.429845514841,15.168747776,1.29095725753,0.629646046756,8.3561459313,0.711161355855,0.401768124507,1.07265513114,0.356311271967,3.84221554451,3.01044400087,1.07265513114,3.84221554451,0.407171413243,0.441124136487,8429,0.0172957910634,0.091437418136,144,144,144,1,0,0.111111111111,0.777777777778,0.111111111111,144,1946,0.0945027195027,1,27.0277777778,13.6083916084,15.203125,21.0237775625,0.777858162643,0.427240350577,16.5858588816,1.22731946503,0.602175402535,10.3180106712,0.763511581015,0.427864850976,0,0,0,NaN,NaN,NaN,0.448554044873,0.502157891242,12605,0.0258646869562,0.108193612227,144,144,0,1,2,0.00694444444444,0.881944444444,0.111111111111,-169,-0.00820707070707,-2.28340051934,-2.34722222222,-1.82956459599,-1.3203125,-2.1021697815,-0.00940812992031,-0.00430023255965,-2.13194564493,-0.0470842474133,-0.0201880069737,-0.101490108739,0.0540987619542,0.0261607532616,-1.12585631727,-0.342893384662,-4.14543900894,NaN,NaN,NaN,-0.0577208180225,-0.0458680169526,-3612,-0.00741160248203,-0.00761590743604,-0.0416666666667,0.0416666666667,0,1930,16,185,18461,0.912529550827,0.999134058559,0.00086594144071,0.0874704491726,0.991778006166,0.912529550827,0.950504801773,0.946109224598,0.911663609387,0.905678085406,254,423,0,5,3,5
498,WLNM_dir_neg_kfold,0.878669751689,0.397301262626,00:00:19,10,80,16,15361,threshold_sweep,0.3,0.974683544304,0.54609929078,0.7,231,6,192,840,0.54609929078,0.992907801418,0.00709219858156,0.45390070922,0.974683544304,0.54609929078,0.7,0.843971631206,0.604412923562,0.605577689243,0.651982326281,0.539007092199,2154,1731,423,0,2154,0,1731,0,423,144,2115,0.10270979021,3.28340051934,29.375,15.4379562044,16.5234375,23.125947344,0.787266292563,0.431540583136,18.7178045265,1.27440371245,0.622363409509,10.41950078,0.709412819061,0.401704097715,1.12585631727,0.342893384662,4.14543900894,3.28340051934,1.12585631727,4.14543900894,0.506274862896,0.548025908195,16217,0.0332762894383,0.115809519663,144,144,144,1,0,0.0486111111111,0.840277777778,0.111111111111,144,0.0821678321678,3.01044400087,23.5,13.21875,13.21875,18.6712448598,0.794521057865,0.429845514841,15.168747776,1.29095725753,0.629646046756,8.3561459313,0.711161355855,0.401768124507,1.07265513114,0.356311271967,3.84221554451,3.01044400087,1.07265513114,3.84221554451,0.407171413243,0.441124136487,8429,0.0172957910634,0.091437418136,144,144,144,1,0,0.111111111111,0.777777777778,0.111111111111,144,1929,0.0936771561772,3.46797183852,26.7916666667,14.5037593985,15.0703125,21.0858634247,0.787030672149,0.431408761016,16.671326563,1.2445158243,0.613541126663,10.1762226289,0.759655810556,0.427031132999,1.15832783829,0.334007279246,4.25260420701,3.46797183852,1.15832783829,4.25260420701,0.454367730243,0.505979033166,12581,0.0258154404281,0.114181599011,144,144,144,1,0,0.0763888888889,0.8125,0.111111111111,-186,-0.00903263403263,0.184571319189,-2.58333333333,-0.934196805883,-1.453125,-2.04008391938,-0.000235620413912,-0.000131822120257,-2.04647796353,-0.0298878881456,-0.00882228284559,-0.243278151052,0.050242991495,0.0253270352845,0.0324715210118,-0.00888610541585,0.10716519807,0.184571319189,0.0324715210118,0.10716519807,-0.0519071326528,-0.0420468750287,-3636,-0.00746084901014,-0.0016279206516,0.0277777777778,-0.0277777777778,0,1923,6,192,18471,0.909219858156,0.99967527196,0.000324728040266,0.090780141844,0.996889580093,0.909219858156,0.951038575668,0.946951747602,0.908895130116,0.906647807638,237,423,0,5,3,5
499,WLNM_dir_neg_kfold,0.878669751689,0.397301262626,00:00:19,10,80,16,15361,threshold_sweep,0.4,0.982978723404,0.54609929078,0.702127659574,231,4,192,842,0.54609929078,0.995271867612,0.00472813238771,0.45390070922,0.982978723404,0.54609929078,0.702127659574,0.845547675335,0.604938271605,0.609042553191,0.656986248954,0.541371158392,2154,1731,423,0,2154,0,1731,0,423,144,2115,0.10270979021,3.28340051934,29.375,15.4379562044,16.5234375,23.125947344,0.787266292563,0.431540583136,18.7178045265,1.27440371245,0.622363409509,10.41950078,0.709412819061,0.401704097715,1.12585631727,0.342893384662,4.14543900894,3.28340051934,1.12585631727,4.14543900894,0.506274862896,0.548025908195,16217,0.0332762894383,0.115809519663,144,144,144,1,0,0.0486111111111,0.840277777778,0.111111111111,144,0.0821678321678,3.01044400087,23.5,13.21875,13.21875,18.6712448598,0.794521057865,0.429845514841,15.168747776,1.29095725753,0.629646046756,8.3561459313,0.711161355855,0.401768124507,1.07265513114,0.356311271967,3.84221554451,3.01044400087,1.07265513114,3.84221554451,0.407171413243,0.441124136487,8429,0.0172957910634,0.091437418136,144,144,144,1,0,0.111111111111,0.777777777778,0.111111111111,144,1927,0.09358003108,3.44749782434,26.7638888889,14.5984848485,15.0546875,21.0875584275,0.787910849395,0.431762814969,16.6804590367,1.2464899332,0.614682436718,10.1691955852,0.759919130394,0.427049097619,1.1665741732,0.338382859871,4.23525497451,3.44749782434,1.1665741732,4.23525497451,0.454736567159,0.506047385731,12566,0.025784661348,0.115583483652,144,144,144,1,0,0.0833333333333,0.805555555556,0.111111111111,-188,-0.00912975912976,0.164097305,-2.61111111111,-0.839471355895,-1.46875,-2.0383889165,0.000644556831357,0.000222231832247,-2.03734548983,-0.0279137792404,-0.00768097279082,-0.250305194756,0.0505063113329,0.0253449999039,0.0407178559239,-0.0045105247904,0.0898159655695,0.164097305,0.0407178559239,0.0898159655695,-0.051538295737,-0.0419785224643,-3651,-0.00749162809022,-0.000226036010719,0.0347222222222,-0.0347222222222,0,1923,4,192,18473,0.909219858156,0.99978351464,0.000216485360178,0.090780141844,0.997924234561,0.909219858156,0.951509153884,0.947505098224,0.909003372796,0.907503539405,235,423,0,5,3,5
500,WLNM_dir_neg_kfold,0.878669751689,0.397301262626,00:00:19,10,80,16,15361,threshold_sweep,0.5,0.991416309013,0.54609929078,0.704268292683,231,2,192,844,0.54609929078,0.997635933806,0.00236406619385,0.45390070922,0.991416309013,0.54609929078,0.704268292683,0.847123719464,0.605463619648,0.612516644474,0.662041167125,0.543735224586,2154,1731,423,0,2154,0,1731,0,423,144,2115,0.10270979021,3.28340051934,29.375,15.4379562044,16.5234375,23.125947344,0.787266292563,0.431540583136,18.7178045265,1.27440371245,0.622363409509,10.41950078,0.709412819061,0.401704097715,1.12585631727,0.342893384662,4.14543900894,3.28340051934,1.12585631727,4.14543900894,0.506274862896,0.548025908195,16217,0.0332762894383,0.115809519663,144,144,144,1,0,0.0486111111111,0.840277777778,0.111111111111,144,0.0821678321678,3.01044400087,23.5,13.21875,13.21875,18.6712448598,0.794521057865,0.429845514841,15.168747776,1.29095725753,0.629646046756,8.3561459313,0.711161355855,0.401768124507,1.07265513114,0.356311271967,3.84221554451,3.01044400087,1.07265513114,3.84221554451,0.407171413243,0.441124136487,8429,0.0172957910634,0.091437418136,144,144,144,1,0,0.111111111111,0.777777777778,0.111111111111,144,1925,0.0934829059829,3.03334727567,26.7361111111,14.6946564885,15.0390625,21.0888848565,0.788779069958,0.432063492063,16.6908318403,1.24856092727,0.616042568543,10.1545721748,0.759614749698,0.426908369408,1.05063095999,0.34636026294,3.88180844895,3.03334727567,1.05063095999,3.88180844895,0.453232862484,0.50621017824,12553,0.0257579861453,0.116223335093,144,144,144,1,0,0.0902777777778,0.798611111111,0.111111111111,-190,-0.00922688422688,-0.250053243668,-2.63888888889,-0.74329971583,-1.484375,-2.03706248753,0.00151277739455,0.000522908927164,-2.02697268623,-0.0258427851703,-0.00632084096623,-0.264928605175,0.0502019306371,0.0252042716936,-0.0752253572857,0.00346687827846,-0.263630559985,-0.250053243668,-0.0752253572857,-0.263630559985,-0.0530420004114,-0.0418157299547,-3664,-0.00751830329295,0.000413815429722,0.0416666666667,-0.0416666666667,0,1923,2,192,18475,0.909219858156,0.99989175732,0.000108242680089,0.090780141844,0.998961038961,0.909219858156,0.95198019802,0.948059274821,0.909111615476,0.908360888049,233,423,0,5,3,5
501,WLNM_dir_neg_kfold,0.878669751689,0.397301262626,00:00:19,10,80,16,15361,threshold_sweep,0.6,0.991379310345,0.543735224586,0.702290076336,230,2,193,844,0.543735224586,0.997635933806,0.00236406619385,0.456264775414,0.991379310345,0.543735224586,0.702290076336,0.8463356974,0.60572629367,0.610259826782,0.660263226057,0.541371158392,2154,1731,423,0,2154,0,1731,0,423,144,2115,0.10270979021,3.28340051934,29.375,15.4379562044,16.5234375,23.125947344,0.787266292563,0.431540583136,18.7178045265,1.27440371245,0.622363409509,10.41950078,0.709412819061,0.401704097715,1.12585631727,0.342893384662,4.14543900894,3.28340051934,1.12585631727,4.14543900894,0.506274862896,0.548025908195,16217,0.0332762894383,0.115809519663,144,144,144,1,0,0.0486111111111,0.840277777778,0.111111111111,144,0.0821678321678,3.01044400087,23.5,13.21875,13.21875,18.6712448598,0.794521057865,0.429845514841,15.168747776,1.29095725753,0.629646046756,8.3561459313,0.711161355855,0.401768124507,1.07265513114,0.356311271967,3.84221554451,3.01044400087,1.07265513114,3.84221554451,0.407171413243,0.441124136487,8429,0.0172957910634,0.091437418136,144,144,144,1,0,0.111111111111,0.777777777778,0.111111111111,144,1924,0.0934343434343,3.03523134889,26.7222222222,14.6870229008,15.03125,21.0973250697,0.789504888264,0.432425213675,16.6928698447,1.24936240002,0.616171459921,10.1572331946,0.760208721425,0.42722048972,1.05141294423,0.346402900923,3.88399249214,3.03523134889,1.05141294423,3.88399249214,0.453395305629,0.506393965065,12553,0.0257579861453,0.116353215636,144,144,144,1,0,0.0902777777778,0.798611111111,0.111111111111,-191,-0.00927544677545,-0.248169170446,-2.65277777778,-0.750933303616,-1.4921875,-2.02862227433,0.00223859570051,0.000884630538886,-2.02493468184,-0.0250413124265,-0.00619194958734,-0.26226758536,0.0507959023642,0.0255163920058,-0.0744433730474,0.00350951626116,-0.261446516803,-0.248169170446,-0.0744433730474,-0.261446516803,-0.0528795572665,-0.0416319431297,-3664,-0.00751830329295,0.000543695972922,0.0416666666667,-0.0416666666667,0,1922,2,193,18475,0.908747044917,0.99989175732,0.000108242680089,0.0912529550827,0.99896049896,0.908747044917,0.951720722951,0.947787036243,0.908638802237,0.907888521493,232,423,0,5,3,5
502,WLNM_dir_neg_kfold,0.878669751689,0.397301262626,00:00:19,10,80,16,15361,threshold_sweep,0.7,0.991266375546,0.536643026005,0.696319018405,227,2,196,844,0.536643026005,0.997635933806,0.00236406619385,0.463356973995,0.991266375546,0.536643026005,0.696319018405,0.843971631206,0.606514315734,0.60347129506,0.654921165705,0.534278959811,2154,1731,423,0,2154,0,1731,0,423,144,2115,0.10270979021,3.28340051934,29.375,15.4379562044,16.5234375,23.125947344,0.787266292563,0.431540583136,18.7178045265,1.27440371245,0.622363409509,10.41950078,0.709412819061,0.401704097715,1.12585631727,0.342893384662,4.14543900894,3.28340051934,1.12585631727,4.14543900894,0.506274862896,0.548025908195,16217,0.0332762894383,0.115809519663,144,144,144,1,0,0.0486111111111,0.840277777778,0.111111111111,144,0.0821678321678,3.01044400087,23.5,13.21875,13.21875,18.6712448598,0.794521057865,0.429845514841,15.168747776,1.29095725753,0.629646046756,8.3561459313,0.711161355855,0.401768124507,1.07265513114,0.356311271967,3.84221554451,3.01044400087,1.07265513114,3.84221554451,0.407171413243,0.441124136487,8429,0.0172957910634,0.091437418136,144,144,144,1,0,0.111111111111,0.777777777778,0.111111111111,144,1921,0.0932886557887,2.99847137201,26.6805555556,15.0078125,15.0078125,21.1089921441,0.791175135021,0.433133061484,16.7090123475,1.25252357004,0.618380906935,10.1238230392,0.758891471966,0.426568193649,1.06480480232,0.355115880797,3.84410057794,2.99847137201,1.06480480232,3.84410057794,0.456553889545,0.50722607583,12553,0.0257579861453,0.117254875878,144,144,144,1,0,0.111111111111,0.777777777778,0.111111111111,-194,-0.00942113442113,-0.284929147326,-2.69444444444,-0.43014370438,-1.515625,-2.01695519995,0.00390884245766,0.00159247834785,-2.00879217905,-0.0218801424094,-0.00398250257375,-0.295677740743,0.0494786529052,0.0248640959344,-0.0610515149595,0.0122224961352,-0.301338431001,-0.284929147326,-0.0610515149595,-0.301338431001,-0.0497209733508,-0.0407998323649,-3664,-0.00751830329295,0.00144535621543,0.0625,-0.0625,0,1919,2,196,18475,0.907328605201,0.99989175732,0.000108242680089,0.0926713947991,0.998958875586,0.907328605201,0.950941526264,0.946970026074,0.907220362521,0.906471421823,229,423,0,5,3,5
503,WLNM_dir_neg_kfold,0.878669751689,0.397301262626,00:00:19,10,80,16,15361,threshold_sweep,0.8,0.991266375546,0.536643026005,0.696319018405,227,2,196,844,0.536643026005,0.997635933806,0.00236406619385,0.463356973995,0.991266375546,0.536643026005,0.696319018405,0.843971631206,0.606514315734,0.60347129506,0.654921165705,0.534278959811,2154,1731,423,0,2154,0,1731,0,423,144,2115,0.10270979021,3.28340051934,29.375,15.4379562044,16.5234375,23.125947344,0.787266292563,0.431540583136,18.7178045265,1.27440371245,0.622363409509,10.41950078,0.709412819061,0.401704097715,1.12585631727,0.342893384662,4.14543900894,3.28340051934,1.12585631727,4.14543900894,0.506274862896,0.548025908195,16217,0.0332762894383,0.115809519663,144,144,144,1,0,0.0486111111111,0.840277777778,0.111111111111,144,0.0821678321678,3.01044400087,23.5,13.21875,13.21875,18.6712448598,0.794521057865,0.429845514841,15.168747776,1.29095725753,0.629646046756,8.3561459313,0.711161355855,0.401768124507,1.07265513114,0.356311271967,3.84221554451,3.01044400087,1.07265513114,3.84221554451,0.407171413243,0.441124136487,8429,0.0172957910634,0.091437418136,144,144,144,1,0,0.111111111111,0.777777777778,0.111111111111,144,1921,0.0932886557887,2.99847137201,26.6805555556,15.0078125,15.0078125,21.1089921441,0.791175135021,0.433133061484,16.7090123475,1.25252357004,0.618380906935,10.1238230392,0.758891471966,0.426568193649,1.06480480232,0.355115880797,3.84410057794,2.99847137201,1.06480480232,3.84410057794,0.456553889545,0.50722607583,12553,0.0257579861453,0.117254875878,144,144,144,1,0,0.111111111111,0.777777777778,0.111111111111,-194,-0.00942113442113,-0.284929147326,-2.69444444444,-0.43014370438,-1.515625,-2.01695519995,0.00390884245766,0.00159247834785,-2.00879217905,-0.0218801424094,-0.00398250257375,-0.295677740743,0.0494786529052,0.0248640959344,-0.0610515149595,0.0122224961352,-0.301338431001,-0.284929147326,-0.0610515149595,-0.301338431001,-0.0497209733508,-0.0407998323649,-3664,-0.00751830329295,0.00144535621543,0.0625,-0.0625,0,1919,2,196,18475,0.907328605201,0.99989175732,0.000108242680089,0.0926713947991,0.998958875586,0.907328605201,0.950941526264,0.946970026074,0.907220362521,0.906471421823,229,423,0,5,3,5
504,WLNM_dir_neg_kfold,0.878669751689,0.397301262626,00:00:19,10,80,16,15361,threshold_sweep,0.9,0.991266375546,0.536643026005,0.696319018405,227,2,196,844,0.536643026005,0.997635933806,0.00236406619385,0.463356973995,0.991266375546,0.536643026005,0.696319018405,0.843971631206,0.606514315734,0.60347129506,0.654921165705,0.534278959811,2154,1731,423,0,2154,0,1731,0,423,144,2115,0.10270979021,3.28340051934,29.375,15.4379562044,16.5234375,23.125947344,0.787266292563,0.431540583136,18.7178045265,1.27440371245,0.622363409509,10.41950078,0.709412819061,0.401704097715,1.12585631727,0.342893384662,4.14543900894,3.28340051934,1.12585631727,4.14543900894,0.506274862896,0.548025908195,16217,0.0332762894383,0.115809519663,144,144,144,1,0,0.0486111111111,0.840277777778,0.111111111111,144,0.0821678321678,3.01044400087,23.5,13.21875,13.21875,18.6712448598,0.794521057865,0.429845514841,15.168747776,1.29095725753,0.629646046756,8.3561459313,0.711161355855,0.401768124507,1.07265513114,0.356311271967,3.84221554451,3.01044400087,1.07265513114,3.84221554451,0.407171413243,0.441124136487,8429,0.0172957910634,0.091437418136,144,144,144,1,0,0.111111111111,0.777777777778,0.111111111111,144,1921,0.0932886557887,2.99847137201,26.6805555556,15.0078125,15.0078125,21.1089921441,0.791175135021,0.433133061484,16.7090123475,1.25252357004,0.618380906935,10.1238230392,0.758891471966,0.426568193649,1.06480480232,0.355115880797,3.84410057794,2.99847137201,1.06480480232,3.84410057794,0.456553889545,0.50722607583,12553,0.0257579861453,0.117254875878,144,144,144,1,0,0.111111111111,0.777777777778,0.111111111111,-194,-0.00942113442113,-0.284929147326,-2.69444444444,-0.43014370438,-1.515625,-2.01695519995,0.00390884245766,0.00159247834785,-2.00879217905,-0.0218801424094,-0.00398250257375,-0.295677740743,0.0494786529052,0.0248640959344,-0.0610515149595,0.0122224961352,-0.301338431001,-0.284929147326,-0.0610515149595,-0.301338431001,-0.0497209733508,-0.0407998323649,-3664,-0.00751830329295,0.00144535621543,0.0625,-0.0625,0,1919,2,196,18475,0.907328605201,0.99989175732,0.000108242680089,0.0926713947991,0.998958875586,0.907328605201,0.950941526264,0.946970026074,0.907220362521,0.906471421823,229,423,0,5,3,5
505,WLNM_dir_neg_kfold,0.846218332411,0.363667079708,00:00:19,10,80,17,15362,threshold_sweep,0.1,0.934108527132,0.569739952719,0.70778267254,241,17,182,829,0.569739952719,0.979905437352,0.0200945626478,0.430260047281,0.934108527132,0.569739952719,0.70778267254,0.843183609141,0.59889676911,0.609037328094,0.643802300594,0.549645390071,2154,1731,423,0,2154,0,1731,0,423,144,2115,0.10270979021,3.28340051934,29.375,15.4379562044,16.5234375,23.125947344,0.787266292563,0.431540583136,18.7178045265,1.27440371245,0.622363409509,10.41950078,0.709412819061,0.401704097715,1.12585631727,0.342893384662,4.14543900894,3.28340051934,1.12585631727,4.14543900894,0.506274862896,0.548025908195,16217,0.0332762894383,0.115809519663,144,144,144,1,0,0.0486111111111,0.840277777778,0.111111111111,144,0.0821678321678,3.01044400087,23.5,13.21875,13.21875,18.6712448598,0.794521057865,0.429845514841,15.168747776,1.29095725753,0.629646046756,8.3561459313,0.711161355855,0.401768124507,1.07265513114,0.356311271967,3.84221554451,3.01044400087,1.07265513114,3.84221554451,0.407171413243,0.441124136487,8429,0.0172957910634,0.091437418136,144,144,144,1,0,0.111111111111,0.777777777778,0.111111111111,144,1950,0.094696969697,27.3581875362,27.0833333333,13.6363636364,15.234375,21.1139101731,0.779590529468,0.428066239316,16.6131951096,1.22682056194,0.602044159544,10.3558199575,0.764737473788,0.427884615385,3.24251846319,0.118520953148,30.6348659915,27.3581875362,3.24251846319,30.6348659915,0.452688256615,0.503700570945,12704,0.0260678288847,0.108499749839,144,144,144,1,0,0.00694444444444,0.881944444444,0.111111111111,-165,-0.00801282051282,24.0747870168,-2.29166666667,-1.80159256802,-1.2890625,-2.01203717096,-0.00767576309532,-0.00347434382009,-2.10460941698,-0.0475831505086,-0.0203192499646,-0.0636808224145,0.0553246547268,0.0261805176699,2.11666214592,-0.224372431513,26.4894269826,24.0747870168,2.11666214592,26.4894269826,-0.0535866062803,-0.0443253372496,-3513,-0.00720846055353,-0.00730976982399,-0.0416666666667,0.0416666666667,0,1933,17,182,18460,0.913947990544,0.999079937219,0.000920062780754,0.0860520094563,0.991282051282,0.913947990544,0.951045510455,0.946654316983,0.913027927763,0.906660412758,258,423,0,5,3,5
506,WLNM_dir_neg_kfold,0.846218332411,0.363667079708,00:00:19,10,80,17,15362,threshold_sweep,0.2,0.933852140078,0.567375886525,0.705882352941,240,17,183,829,0.567375886525,0.979905437352,0.0200945626478,0.432624113475,0.933852140078,0.567375886525,0.705882352941,0.842395587076,0.599159443131,0.606815203145,0.641961783986,0.547281323877,2154,1731,423,0,2154,0,1731,0,423,144,2115,0.10270979021,3.28340051934,29.375,15.4379562044,16.5234375,23.125947344,0.787266292563,0.431540583136,18.7178045265,1.27440371245,0.622363409509,10.41950078,0.709412819061,0.401704097715,1.12585631727,0.342893384662,4.14543900894,3.28340051934,1.12585631727,4.14543900894,0.506274862896,0.548025908195,16217,0.0332762894383,0.115809519663,144,144,144,1,0,0.0486111111111,0.840277777778,0.111111111111,144,0.0821678321678,3.01044400087,23.5,13.21875,13.21875,18.6712448598,0.794521057865,0.429845514841,15.168747776,1.29095725753,0.629646046756,8.3561459313,0.711161355855,0.401768124507,1.07265513114,0.356311271967,3.84221554451,3.01044400087,1.07265513114,3.84221554451,0.407171413243,0.441124136487,8429,0.0172957910634,0.091437418136,144,144,144,1,0,0.111111111111,0.777777777778,0.111111111111,144,1949,0.0946484071484,27.4750457603,27.0694444444,13.6293706294,15.2265625,21.115285544,0.780041333591,0.42830012542,16.6157365777,1.22763779743,0.602214098398,10.3585464828,0.765331294781,0.428193232997,3.24369723983,0.118059757503,30.7075848961,27.4750457603,3.24369723983,30.7075848961,0.452444428628,0.503987304106,12703,0.0260657769461,0.108575384477,144,144,144,1,0,0.00694444444444,0.881944444444,0.111111111111,-166,-0.00806138306138,24.191645241,-2.30555555556,-1.80858557501,-1.296875,-2.01066180003,-0.00722495897205,-0.00324045771588,-2.10206794882,-0.0467659150148,-0.0201493111108,-0.0609542971239,0.05591847572,0.0264891352822,2.11784092256,-0.224833627159,26.5621458871,24.191645241,2.11784092256,26.5621458871,-0.053830434268,-0.0440386040885,-3514,-0.0072105124922,-0.00723413518582,-0.0416666666667,0.0416666666667,0,1932,17,183,18460,0.913475177305,0.999079937219,0.000920062780754,0.086524822695,0.991277578245,0.913475177305,0.950787401575,0.946381407079,0.912555114524,0.906191369606,257,423,0,5,3,5
507,WLNM_dir_neg_kfold,0.846218332411,0.363667079708,00:00:19,10,80,17,15362,threshold_sweep,0.3,0.974789915966,0.548463356974,0.701966717095,232,6,191,840,0.548463356974,0.992907801418,0.00709219858156,0.451536643026,0.974789915966,0.548463356974,0.701966717095,0.84475965327,0.60415024954,0.607830126078,0.653781562892,0.541371158392,2154,1731,423,0,2154,0,1731,0,423,144,2115,0.10270979021,3.28340051934,29.375,15.4379562044,16.5234375,23.125947344,0.787266292563,0.431540583136,18.7178045265,1.27440371245,0.622363409509,10.41950078,0.709412819061,0.401704097715,1.12585631727,0.342893384662,4.14543900894,3.28340051934,1.12585631727,4.14543900894,0.506274862896,0.548025908195,16217,0.0332762894383,0.115809519663,144,144,144,1,0,0.0486111111111,0.840277777778,0.111111111111,144,0.0821678321678,3.01044400087,23.5,13.21875,13.21875,18.6712448598,0.794521057865,0.429845514841,15.168747776,1.29095725753,0.629646046756,8.3561459313,0.711161355855,0.401768124507,1.07265513114,0.356311271967,3.84221554451,3.01044400087,1.07265513114,3.84221554451,0.407171413243,0.441124136487,8429,0.0172957910634,0.091437418136,144,144,144,1,0,0.111111111111,0.777777777778,0.111111111111,144,1930,0.0937257187257,3.65347741207,26.8055555556,14.5112781955,15.078125,21.1042294431,0.787308041402,0.431627806563,16.6680127662,1.24362375043,0.613442717329,10.2324859371,0.763460090647,0.428382268279,1.22734772729,0.335939596407,4.44082170917,3.65347741207,1.22734772729,4.44082170917,0.453580194422,0.506464335851,12627,0.025909829607,0.115266282756,144,144,144,1,0,0.0763888888889,0.8125,0.111111111111,-185,-0.00898407148407,0.370076892735,-2.56944444444,-0.926678008891,-1.4453125,-2.02171790091,4.17488387805e-05,8.72234267117e-05,-2.04979176039,-0.0307799620172,-0.00892069218007,-0.187014842816,0.0540472715859,0.0266781705639,0.101491410019,-0.00695378825443,0.295382700227,0.370076892735,0.101491410019,0.295382700227,-0.0526946684734,-0.0415615723435,-3590,-0.00736645983125,-0.000543236907532,0.0277777777778,-0.0277777777778,0,1924,6,191,18471,0.909692671395,0.99967527196,0.000324728040266,0.0903073286052,0.99689119171,0.909692671395,0.95129789864,0.947224251838,0.909367943355,0.907119283357,238,423,0,5,3,5
508,WLNM_dir_neg_kfold,0.846218332411,0.363667079708,00:00:19,10,80,17,15362,threshold_sweep,0.4,0.974789915966,0.548463356974,0.701966717095,232,6,191,840,0.548463356974,0.992907801418,0.00709219858156,0.451536643026,0.974789915966,0.548463356974,0.701966717095,0.84475965327,0.60415024954,0.607830126078,0.653781562892,0.541371158392,2154,1731,423,0,2154,0,1731,0,423,144,2115,0.10270979021,3.28340051934,29.375,15.4379562044,16.5234375,23.125947344,0.787266292563,0.431540583136,18.7178045265,1.27440371245,0.622363409509,10.41950078,0.709412819061,0.401704097715,1.12585631727,0.342893384662,4.14543900894,3.28340051934,1.12585631727,4.14543900894,0.506274862896,0.548025908195,16217,0.0332762894383,0.115809519663,144,144,144,1,0,0.0486111111111,0.840277777778,0.111111111111,144,0.0821678321678,3.01044400087,23.5,13.21875,13.21875,18.6712448598,0.794521057865,0.429845514841,15.168747776,1.29095725753,0.629646046756,8.3561459313,0.711161355855,0.401768124507,1.07265513114,0.356311271967,3.84221554451,3.01044400087,1.07265513114,3.84221554451,0.407171413243,0.441124136487,8429,0.0172957910634,0.091437418136,144,144,144,1,0,0.111111111111,0.777777777778,0.111111111111,144,1930,0.0937257187257,3.65347741207,26.8055555556,14.5112781955,15.078125,21.1042294431,0.787308041402,0.431627806563,16.6680127662,1.24362375043,0.613442717329,10.2324859371,0.763460090647,0.428382268279,1.22734772729,0.335939596407,4.44082170917,3.65347741207,1.22734772729,4.44082170917,0.453580194422,0.506464335851,12627,0.025909829607,0.115266282756,144,144,144,1,0,0.0763888888889,0.8125,0.111111111111,-185,-0.00898407148407,0.370076892735,-2.56944444444,-0.926678008891,-1.4453125,-2.02171790091,4.17488387805e-05,8.72234267117e-05,-2.04979176039,-0.0307799620172,-0.00892069218007,-0.187014842816,0.0540472715859,0.0266781705639,0.101491410019,-0.00695378825443,0.295382700227,0.370076892735,0.101491410019,0.295382700227,-0.0526946684734,-0.0415615723435,-3590,-0.00736645983125,-0.000543236907532,0.0277777777778,-0.0277777777778,0,1924,6,191,18471,0.909692671395,0.99967527196,0.000324728040266,0.0903073286052,0.99689119171,0.909692671395,0.95129789864,0.947224251838,0.909367943355,0.907119283357,238,423,0,5,3,5
509,WLNM_dir_neg_kfold,0.846218332411,0.363667079708,00:00:19,10,80,17,15362,threshold_sweep,0.5,0.974683544304,0.54609929078,0.7,231,6,192,840,0.54609929078,0.992907801418,0.00709219858156,0.45390070922,0.974683544304,0.54609929078,0.7,0.843971631206,0.604412923562,0.605577689243,0.651982326281,0.539007092199,2154,1731,423,0,2154,0,1731,0,423,144,2115,0.10270979021,3.28340051934,29.375,15.4379562044,16.5234375,23.125947344,0.787266292563,0.431540583136,18.7178045265,1.27440371245,0.622363409509,10.41950078,0.709412819061,0.401704097715,1.12585631727,0.342893384662,4.14543900894,3.28340051934,1.12585631727,4.14543900894,0.506274862896,0.548025908195,16217,0.0332762894383,0.115809519663,144,144,144,1,0,0.0486111111111,0.840277777778,0.111111111111,144,0.0821678321678,3.01044400087,23.5,13.21875,13.21875,18.6712448598,0.794521057865,0.429845514841,15.168747776,1.29095725753,0.629646046756,8.3561459313,0.711161355855,0.401768124507,1.07265513114,0.356311271967,3.84221554451,3.01044400087,1.07265513114,3.84221554451,0.407171413243,0.441124136487,8429,0.0172957910634,0.091437418136,144,144,144,1,0,0.111111111111,0.777777777778,0.111111111111,144,1929,0.0936771561772,3.65157160629,26.7916666667,14.5037593985,15.0703125,21.1103908396,0.787946158863,0.431894764126,16.6704876156,1.24445319681,0.613605927078,10.2303666649,0.763697667052,0.428449542077,1.22645365465,0.335870081949,4.43562153358,3.65157160629,1.22645365465,4.43562153358,0.453677971781,0.506654539131,12626,0.0259077776683,0.115190215262,144,144,144,1,0,0.0763888888889,0.8125,0.111111111111,-186,-0.00903263403263,0.368171086959,-2.58333333333,-0.934196805883,-1.453125,-2.01555650449,0.000679866300333,0.000354180990163,-2.04731691092,-0.0299505156335,-0.00875748243087,-0.189134115075,0.0542848479909,0.0267454443623,0.100597337374,-0.00702330271275,0.290182524646,0.368171086959,0.100597337374,0.290182524646,-0.0525968911146,-0.0413713690635,-3591,-0.00736851176992,-0.0006193044006,0.0277777777778,-0.0277777777778,0,1923,6,192,18471,0.909219858156,0.99967527196,0.000324728040266,0.090780141844,0.996889580093,0.909219858156,0.951038575668,0.946951747602,0.908895130116,0.906647807638,237,423,0,5,3,5
510,WLNM_dir_neg_kfold,0.846218332411,0.363667079708,00:00:19,10,80,17,15362,threshold_sweep,0.6,0.98275862069,0.539007092199,0.696183206107,228,4,195,842,0.539007092199,0.995271867612,0.00472813238771,0.460992907801,0.98275862069,0.539007092199,0.696183206107,0.843183609141,0.60572629367,0.602265156562,0.651613489471,0.534278959811,2154,1731,423,0,2154,0,1731,0,423,144,2115,0.10270979021,3.28340051934,29.375,15.4379562044,16.5234375,23.125947344,0.787266292563,0.431540583136,18.7178045265,1.27440371245,0.622363409509,10.41950078,0.709412819061,0.401704097715,1.12585631727,0.342893384662,4.14543900894,3.28340051934,1.12585631727,4.14543900894,0.506274862896,0.548025908195,16217,0.0332762894383,0.115809519663,144,144,144,1,0,0.0486111111111,0.840277777778,0.111111111111,144,0.0821678321678,3.01044400087,23.5,13.21875,13.21875,18.6712448598,0.794521057865,0.429845514841,15.168747776,1.29095725753,0.629646046756,8.3561459313,0.711161355855,0.401768124507,1.07265513114,0.356311271967,3.84221554451,3.01044400087,1.07265513114,3.84221554451,0.407171413243,0.441124136487,8429,0.0172957910634,0.091437418136,144,144,144,1,0,0.111111111111,0.777777777778,0.111111111111,144,1924,0.0934343434343,3.0282604129,26.7222222222,15.03125,15.03125,21.1201837128,0.79036030526,0.432847510973,16.6974773486,1.24970724438,0.617312023562,10.1689305439,0.761084198714,0.427227708478,1.07793263186,0.355957706697,3.88875242981,3.0282604129,1.07793263186,3.88875242981,0.456200769159,0.507835981108,12616,0.0258872582816,0.117985636869,144,144,144,1,0,0.111111111111,0.777777777778,0.111111111111,-191,-0.00927544677545,-0.255140106431,-2.65277777778,-0.40670620438,-1.4921875,-2.00576363125,0.00309401269732,0.00130692783618,-2.02032717798,-0.0246964680621,-0.00505138594678,-0.250570236032,0.0516713796528,0.025523610763,-0.0479236854146,0.0130643220358,-0.256686579126,-0.255140106431,-0.0479236854146,-0.256686579126,-0.0500740937364,-0.0401899270871,-3601,-0.00738903115664,0.00217611720596,0.0625,-0.0625,0,1920,4,195,18473,0.90780141844,0.99978351464,0.000216485360178,0.0921985815603,0.997920997921,0.90780141844,0.950730378807,0.946687761677,0.90758493308,0.906087777253,232,423,0,5,3,5
511,WLNM_dir_neg_kfold,0.846218332411,0.363667079708,00:00:19,10,80,17,15362,threshold_sweep,0.7,0.98275862069,0.539007092199,0.696183206107,228,4,195,842,0.539007092199,0.995271867612,0.00472813238771,0.460992907801,0.98275862069,0.539007092199,0.696183206107,0.843183609141,0.60572629367,0.602265156562,0.651613489471,0.534278959811,2154,1731,423,0,2154,0,1731,0,423,144,2115,0.10270979021,3.28340051934,29.375,15.4379562044,16.5234375,23.125947344,0.787266292563,0.431540583136,18.7178045265,1.27440371245,0.622363409509,10.41950078,0.709412819061,0.401704097715,1.12585631727,0.342893384662,4.14543900894,3.28340051934,1.12585631727,4.14543900894,0.506274862896,0.548025908195,16217,0.0332762894383,0.115809519663,144,144,144,1,0,0.0486111111111,0.840277777778,0.111111111111,144,0.0821678321678,3.01044400087,23.5,13.21875,13.21875,18.6712448598,0.794521057865,0.429845514841,15.168747776,1.29095725753,0.629646046756,8.3561459313,0.711161355855,0.401768124507,1.07265513114,0.356311271967,3.84221554451,3.01044400087,1.07265513114,3.84221554451,0.407171413243,0.441124136487,8429,0.0172957910634,0.091437418136,144,144,144,1,0,0.111111111111,0.777777777778,0.111111111111,144,1924,0.0934343434343,3.0282604129,26.7222222222,15.03125,15.03125,21.1201837128,0.79036030526,0.432847510973,16.6974773486,1.24970724438,0.617312023562,10.1689305439,0.761084198714,0.427227708478,1.07793263186,0.355957706697,3.88875242981,3.0282604129,1.07793263186,3.88875242981,0.456200769159,0.507835981108,12616,0.0258872582816,0.117985636869,144,144,144,1,0,0.111111111111,0.777777777778,0.111111111111,-191,-0.00927544677545,-0.255140106431,-2.65277777778,-0.40670620438,-1.4921875,-2.00576363125,0.00309401269732,0.00130692783618,-2.02032717798,-0.0246964680621,-0.00505138594678,-0.250570236032,0.0516713796528,0.025523610763,-0.0479236854146,0.0130643220358,-0.256686579126,-0.255140106431,-0.0479236854146,-0.256686579126,-0.0500740937364,-0.0401899270871,-3601,-0.00738903115664,0.00217611720596,0.0625,-0.0625,0,1920,4,195,18473,0.90780141844,0.99978351464,0.000216485360178,0.0921985815603,0.997920997921,0.90780141844,0.950730378807,0.946687761677,0.90758493308,0.906087777253,232,423,0,5,3,5
512,WLNM_dir_neg_kfold,0.846218332411,0.363667079708,00:00:19,10,80,17,15362,threshold_sweep,0.8,0.982683982684,0.536643026005,0.694189602446,227,4,196,842,0.536643026005,0.995271867612,0.00472813238771,0.463356973995,0.982683982684,0.536643026005,0.694189602446,0.842395587076,0.605988967691,0.6,0.649819663965,0.531914893617,2154,1731,423,0,2154,0,1731,0,423,144,2115,0.10270979021,3.28340051934,29.375,15.4379562044,16.5234375,23.125947344,0.787266292563,0.431540583136,18.7178045265,1.27440371245,0.622363409509,10.41950078,0.709412819061,0.401704097715,1.12585631727,0.342893384662,4.14543900894,3.28340051934,1.12585631727,4.14543900894,0.506274862896,0.548025908195,16217,0.0332762894383,0.115809519663,144,144,144,1,0,0.0486111111111,0.840277777778,0.111111111111,144,0.0821678321678,3.01044400087,23.5,13.21875,13.21875,18.6712448598,0.794521057865,0.429845514841,15.168747776,1.29095725753,0.629646046756,8.3561459313,0.711161355855,0.401768124507,1.07265513114,0.356311271967,3.84221554451,3.01044400087,1.07265513114,3.84221554451,0.407171413243,0.441124136487,8429,0.0172957910634,0.091437418136,144,144,144,1,0,0.111111111111,0.777777777778,0.111111111111,144,1923,0.0933857808858,3.02517444136,26.7083333333,15.0234375,15.0234375,21.1193329387,0.790739454804,0.432982319293,16.7011865706,1.2506348758,0.617694429999,10.1592004187,0.760751357405,0.427056248917,1.07639457648,0.355812399365,3.88527280683,3.02517444136,1.07639457648,3.88527280683,0.456100904702,0.507761097833,12605,0.0258646869562,0.117610990404,144,144,144,1,0,0.111111111111,0.777777777778,0.111111111111,-192,-0.00932400932401,-0.258226077974,-2.66666666667,-0.41451870438,-1.5,-2.00661440533,0.00347316224046,0.00144173615644,-2.0166179559,-0.0237688366411,-0.00466897950938,-0.260300361278,0.051338538344,0.0253521512019,-0.0494617407949,0.0129190147038,-0.260166202109,-0.258226077974,-0.0494617407949,-0.260166202109,-0.0501739581935,-0.0402648103621,-3612,-0.00741160248203,0.00180147074061,0.0625,-0.0625,0,1919,4,196,18473,0.907328605201,0.99978351464,0.000216485360178,0.0926713947991,0.997919916797,0.907328605201,0.950470529965,0.946415217721,0.907112119841,0.905615856536,231,423,0,5,3,5
513,WLNM_dir_neg_kfold,0.846218332411,0.363667079708,00:00:19,10,80,17,15362,threshold_sweep,0.9,0.991266375546,0.536643026005,0.696319018405,227,2,196,844,0.536643026005,0.997635933806,0.00236406619385,0.463356973995,0.991266375546,0.536643026005,0.696319018405,0.843971631206,0.606514315734,0.60347129506,0.654921165705,0.534278959811,2154,1731,423,0,2154,0,1731,0,423,144,2115,0.10270979021,3.28340051934,29.375,15.4379562044,16.5234375,23.125947344,0.787266292563,0.431540583136,18.7178045265,1.27440371245,0.622363409509,10.41950078,0.709412819061,0.401704097715,1.12585631727,0.342893384662,4.14543900894,3.28340051934,1.12585631727,4.14543900894,0.506274862896,0.548025908195,16217,0.0332762894383,0.115809519663,144,144,144,1,0,0.0486111111111,0.840277777778,0.111111111111,144,0.0821678321678,3.01044400087,23.5,13.21875,13.21875,18.6712448598,0.794521057865,0.429845514841,15.168747776,1.29095725753,0.629646046756,8.3561459313,0.711161355855,0.401768124507,1.07265513114,0.356311271967,3.84221554451,3.01044400087,1.07265513114,3.84221554451,0.407171413243,0.441124136487,8429,0.0172957910634,0.091437418136,144,144,144,1,0,0.111111111111,0.777777777778,0.111111111111,144,1921,0.0932886557887,3.00986439485,26.6805555556,15.0078125,15.0078125,21.1275357324,0.79187015759,0.433574093354,16.7094308593,1.25255494208,0.61854719764,10.1576132834,0.761424421034,0.42746471745,1.07183238886,0.356106537788,3.86569875776,3.00986439485,1.07183238886,3.86569875776,0.457568665053,0.508018011963,12598,0.0258503233855,0.117929316911,144,144,144,1,0,0.111111111111,0.777777777778,0.111111111111,-194,-0.00942113442113,-0.273536124485,-2.69444444444,-0.43014370438,-1.515625,-1.99841161167,0.00460386502714,0.00203351021783,-2.00837366721,-0.0218487703614,-0.00381621186868,-0.26188749658,0.0520116019731,0.0257606197357,-0.0540239284143,0.013213153126,-0.279740251181,-0.273536124485,-0.0540239284143,-0.279740251181,-0.0487061978427,-0.0400078962317,-3619,-0.00742596605273,0.00211979724783,0.0625,-0.0625,0,1919,2,196,18475,0.907328605201,0.99989175732,0.000108242680089,0.0926713947991,0.998958875586,0.907328605201,0.950941526264,0.946970026074,0.907220362521,0.906471421823,229,423,0,5,3,5
514,WLNM_dir_neg_kfold,0.868537241029,0.342799038295,00:00:19,10,80,18,15363,threshold_sweep,0.1,0.923664122137,0.572104018913,0.706569343066,242,20,181,826,0.572104018913,0.976359338061,0.0236406619385,0.427895981087,0.923664122137,0.572104018913,0.706569343066,0.841607565012,0.597846073023,0.606139777923,0.638759837574,0.548463356974,2154,1731,423,0,2154,0,1731,0,423,144,2115,0.10270979021,3.28340051934,29.375,15.4379562044,16.5234375,23.125947344,0.787266292563,0.431540583136,18.7178045265,1.27440371245,0.622363409509,10.41950078,0.709412819061,0.401704097715,1.12585631727,0.342893384662,4.14543900894,3.28340051934,1.12585631727,4.14543900894,0.506274862896,0.548025908195,16217,0.0332762894383,0.115809519663,144,144,144,1,0,0.0486111111111,0.840277777778,0.111111111111,144,0.0821678321678,3.01044400087,23.5,13.21875,13.21875,18.6712448598,0.794521057865,0.429845514841,15.168747776,1.29095725753,0.629646046756,8.3561459313,0.711161355855,0.401768124507,1.07265513114,0.356311271967,3.84221554451,3.01044400087,1.07265513114,3.84221554451,0.407171413243,0.441124136487,8429,0.0172957910634,0.091437418136,144,144,144,1,0,0.111111111111,0.777777777778,0.111111111111,144,1954,0.0948912198912,NaN,27.1388888889,13.5694444444,15.1472868217,21.0555745193,0.775845120465,0.426635533947,16.5544884488,1.21998277207,0.598842829523,10.3940897527,0.765992284743,0.428366314113,NaN,NaN,NaN,NaN,NaN,NaN,0.453702247497,0.501035579067,12660,0.0259775435832,0.108836366559,144,144,0,1,2,0,0.895833333333,0.104166666667,-161,-0.00781857031857,NaN,-2.23611111111,-1.86851175994,-1.37615067829,-2.07037282476,-0.0114211720982,-0.00490504918887,-2.16331607775,-0.0544209403747,-0.0235205799853,-0.0254110272596,0.0565794656824,0.0266622163988,NaN,NaN,NaN,NaN,NaN,NaN,-0.0525726153988,-0.0469903291281,-3557,-0.00729874585508,-0.00697315310381,-0.0486111111111,0.0555555555556,-0.00694444444444,1934,20,181,18457,0.914420803783,0.998917573199,0.00108242680089,0.0855791962175,0.989764585466,0.914420803783,0.950602113541,0.946107942235,0.913338376982,0.905854800937,262,423,0,5,3,5
515,WLNM_dir_neg_kfold,0.868537241029,0.342799038295,00:00:19,10,80,18,15363,threshold_sweep,0.2,0.923664122137,0.572104018913,0.706569343066,242,20,181,826,0.572104018913,0.976359338061,0.0236406619385,0.427895981087,0.923664122137,0.572104018913,0.706569343066,0.841607565012,0.597846073023,0.606139777923,0.638759837574,0.548463356974,2154,1731,423,0,2154,0,1731,0,423,144,2115,0.10270979021,3.28340051934,29.375,15.4379562044,16.5234375,23.125947344,0.787266292563,0.431540583136,18.7178045265,1.27440371245,0.622363409509,10.41950078,0.709412819061,0.401704097715,1.12585631727,0.342893384662,4.14543900894,3.28340051934,1.12585631727,4.14543900894,0.506274862896,0.548025908195,16217,0.0332762894383,0.115809519663,144,144,144,1,0,0.0486111111111,0.840277777778,0.111111111111,144,0.0821678321678,3.01044400087,23.5,13.21875,13.21875,18.6712448598,0.794521057865,0.429845514841,15.168747776,1.29095725753,0.629646046756,8.3561459313,0.711161355855,0.401768124507,1.07265513114,0.356311271967,3.84221554451,3.01044400087,1.07265513114,3.84221554451,0.407171413243,0.441124136487,8429,0.0172957910634,0.091437418136,144,144,144,1,0,0.111111111111,0.777777777778,0.111111111111,144,1954,0.0948912198912,NaN,27.1388888889,13.5694444444,15.1472868217,21.0555745193,0.775845120465,0.426635533947,16.5544884488,1.21998277207,0.598842829523,10.3940897527,0.765992284743,0.428366314113,NaN,NaN,NaN,NaN,NaN,NaN,0.453702247497,0.501035579067,12660,0.0259775435832,0.108836366559,144,144,0,1,2,0,0.895833333333,0.104166666667,-161,-0.00781857031857,NaN,-2.23611111111,-1.86851175994,-1.37615067829,-2.07037282476,-0.0114211720982,-0.00490504918887,-2.16331607775,-0.0544209403747,-0.0235205799853,-0.0254110272596,0.0565794656824,0.0266622163988,NaN,NaN,NaN,NaN,NaN,NaN,-0.0525726153988,-0.0469903291281,-3557,-0.00729874585508,-0.00697315310381,-0.0486111111111,0.0555555555556,-0.00694444444444,1934,20,181,18457,0.914420803783,0.998917573199,0.00108242680089,0.0855791962175,0.989764585466,0.914420803783,0.950602113541,0.946107942235,0.913338376982,0.905854800937,262,423,0,5,3,5
516,WLNM_dir_neg_kfold,0.868537241029,0.342799038295,00:00:19,10,80,18,15363,threshold_sweep,0.3,0.963709677419,0.565011820331,0.712369597615,239,9,184,837,0.565011820331,0.989361702128,0.0106382978723,0.434988179669,0.963709677419,0.565011820331,0.712369597615,0.847911741529,0.601523509325,0.618325642716,0.659051167063,0.554373522459,2154,1731,423,0,2154,0,1731,0,423,144,2115,0.10270979021,3.28340051934,29.375,15.4379562044,16.5234375,23.125947344,0.787266292563,0.431540583136,18.7178045265,1.27440371245,0.622363409509,10.41950078,0.709412819061,0.401704097715,1.12585631727,0.342893384662,4.14543900894,3.28340051934,1.12585631727,4.14543900894,0.506274862896,0.548025908195,16217,0.0332762894383,0.115809519663,144,144,144,1,0,0.0486111111111,0.840277777778,0.111111111111,144,0.0821678321678,3.01044400087,23.5,13.21875,13.21875,18.6712448598,0.794521057865,0.429845514841,15.168747776,1.29095725753,0.629646046756,8.3561459313,0.711161355855,0.401768124507,1.07265513114,0.356311271967,3.84221554451,3.01044400087,1.07265513114,3.84221554451,0.407171413243,0.441124136487,8429,0.0172957910634,0.091437418136,144,144,144,1,0,0.111111111111,0.777777777778,0.111111111111,144,1940,0.0942113442113,5.67824170618,26.9444444444,13.9568345324,15.0387596899,21.07355675,0.782111384535,0.429048539519,16.6258474496,1.23408352204,0.608147193585,10.2493011493,0.760772868811,0.426725372279,1.85454125579,0.32660484561,8.0981174796,5.67824170618,1.85454125579,8.0981174796,0.455214992523,0.504263385434,12636,0.0259282970551,0.10892925517,144,144,144,1,0,0.0347222222222,0.861111111111,0.104166666667,-175,-0.00849844599845,2.39484118685,-2.43055555556,-1.48112167201,-1.48467781008,-2.05239059406,-0.00515490802767,-0.00249204361743,-2.0919570769,-0.0403201904098,-0.0142162159235,-0.170199630698,0.0513600497501,0.0250212745648,0.728684938511,-0.0162885390514,3.95267847066,2.39484118685,0.728684938511,3.95267847066,-0.0510598703728,-0.0437625227609,-3581,-0.0073479923832,-0.00688026449276,-0.0138888888889,0.0208333333333,-0.00694444444444,1931,9,184,18468,0.913002364066,0.99951290794,0.000487092060399,0.0869976359338,0.995360824742,0.913002364066,0.952404438964,0.948303794911,0.912515272006,0.909133709981,248,423,0,5,3,5
517,WLNM_dir_neg_kfold,0.868537241029,0.342799038295,00:00:19,10,80,18,15363,threshold_sweep,0.4,0.970833333333,0.550827423168,0.702865761689,233,7,190,839,0.550827423168,0.991725768322,0.00827423167849,0.449172576832,0.970833333333,0.550827423168,0.702865761689,0.84475965327,0.603624901497,0.608349900596,0.653107061529,0.542553191489,2154,1731,423,0,2154,0,1731,0,423,144,2115,0.10270979021,3.28340051934,29.375,15.4379562044,16.5234375,23.125947344,0.787266292563,0.431540583136,18.7178045265,1.27440371245,0.622363409509,10.41950078,0.709412819061,0.401704097715,1.12585631727,0.342893384662,4.14543900894,3.28340051934,1.12585631727,4.14543900894,0.506274862896,0.548025908195,16217,0.0332762894383,0.115809519663,144,144,144,1,0,0.0486111111111,0.840277777778,0.111111111111,144,0.0821678321678,3.01044400087,23.5,13.21875,13.21875,18.6712448598,0.794521057865,0.429845514841,15.168747776,1.29095725753,0.629646046756,8.3561459313,0.711161355855,0.401768124507,1.07265513114,0.356311271967,3.84221554451,3.01044400087,1.07265513114,3.84221554451,0.407171413243,0.441124136487,8429,0.0172957910634,0.091437418136,144,144,144,1,0,0.111111111111,0.777777777778,0.111111111111,144,1932,0.0938228438228,4.39537686569,26.8333333333,14.5263157895,14.976744186,21.0845782637,0.785760680636,0.430595094318,16.663892543,1.24202925786,0.61317431562,10.1688541343,0.757927016225,0.425810904072,1.76437342291,0.401415732216,6.94445122921,4.39537686569,1.76437342291,6.94445122921,0.457477519174,0.505956917646,12613,0.0258811024656,0.113040041996,144,144,144,1,0,0.0763888888889,0.819444444444,0.104166666667,-183,-0.00888694638695,1.11197634635,-2.54166666667,-0.911640414906,-1.54669331395,-2.04136908031,-0.00150561192718,-0.000945488818408,-2.05391198352,-0.0323744545803,-0.00918909388883,-0.25064664561,0.0485141971637,0.024106806357,0.638517105631,0.0585223475545,2.79901222027,1.11197634635,0.638517105631,2.79901222027,-0.0487973437218,-0.0420689905488,-3604,-0.00739518697265,-0.00276947766678,0.0277777777778,-0.0208333333333,-0.00694444444444,1925,7,190,18470,0.910165484634,0.99962115062,0.000378849380311,0.0898345153664,0.996376811594,0.910165484634,0.951321966889,0.947220497124,0.909786635253,0.907163053723,240,423,0,5,3,5
518,WLNM_dir_neg_kfold,0.868537241029,0.342799038295,00:00:19,10,80,18,15363,threshold_sweep,0.5,0.970833333333,0.550827423168,0.702865761689,233,7,190,839,0.550827423168,0.991725768322,0.00827423167849,0.449172576832,0.970833333333,0.550827423168,0.702865761689,0.84475965327,0.603624901497,0.608349900596,0.653107061529,0.542553191489,2154,1731,423,0,2154,0,1731,0,423,144,2115,0.10270979021,3.28340051934,29.375,15.4379562044,16.5234375,23.125947344,0.787266292563,0.431540583136,18.7178045265,1.27440371245,0.622363409509,10.41950078,0.709412819061,0.401704097715,1.12585631727,0.342893384662,4.14543900894,3.28340051934,1.12585631727,4.14543900894,0.506274862896,0.548025908195,16217,0.0332762894383,0.115809519663,144,144,144,1,0,0.0486111111111,0.840277777778,0.111111111111,144,0.0821678321678,3.01044400087,23.5,13.21875,13.21875,18.6712448598,0.794521057865,0.429845514841,15.168747776,1.29095725753,0.629646046756,8.3561459313,0.711161355855,0.401768124507,1.07265513114,0.356311271967,3.84221554451,3.01044400087,1.07265513114,3.84221554451,0.407171413243,0.441124136487,8429,0.0172957910634,0.091437418136,144,144,144,1,0,0.111111111111,0.777777777778,0.111111111111,144,1932,0.0938228438228,4.39537686569,26.8333333333,14.5263157895,14.976744186,21.0845782637,0.785760680636,0.430595094318,16.663892543,1.24202925786,0.61317431562,10.1688541343,0.757927016225,0.425810904072,1.76437342291,0.401415732216,6.94445122921,4.39537686569,1.76437342291,6.94445122921,0.457477519174,0.505956917646,12613,0.0258811024656,0.113040041996,144,144,144,1,0,0.0763888888889,0.819444444444,0.104166666667,-183,-0.00888694638695,1.11197634635,-2.54166666667,-0.911640414906,-1.54669331395,-2.04136908031,-0.00150561192718,-0.000945488818408,-2.05391198352,-0.0323744545803,-0.00918909388883,-0.25064664561,0.0485141971637,0.024106806357,0.638517105631,0.0585223475545,2.79901222027,1.11197634635,0.638517105631,2.79901222027,-0.0487973437218,-0.0420689905488,-3604,-0.00739518697265,-0.00276947766678,0.0277777777778,-0.0208333333333,-0.00694444444444,1925,7,190,18470,0.910165484634,0.99962115062,0.000378849380311,0.0898345153664,0.996376811594,0.910165484634,0.951321966889,0.947220497124,0.909786635253,0.907163053723,240,423,0,5,3,5
519,WLNM_dir_neg_kfold,0.868537241029,0.342799038295,00:00:19,10,80,18,15363,threshold_sweep,0.6,0.97489539749,0.550827423168,0.703927492447,233,6,190,840,0.550827423168,0.992907801418,0.00709219858156,0.449172576832,0.97489539749,0.550827423168,0.703927492447,0.845547675335,0.603887575519,0.610079575597,0.655579358587,0.543735224586,2154,1731,423,0,2154,0,1731,0,423,144,2115,0.10270979021,3.28340051934,29.375,15.4379562044,16.5234375,23.125947344,0.787266292563,0.431540583136,18.7178045265,1.27440371245,0.622363409509,10.41950078,0.709412819061,0.401704097715,1.12585631727,0.342893384662,4.14543900894,3.28340051934,1.12585631727,4.14543900894,0.506274862896,0.548025908195,16217,0.0332762894383,0.115809519663,144,144,144,1,0,0.0486111111111,0.840277777778,0.111111111111,144,0.0821678321678,3.01044400087,23.5,13.21875,13.21875,18.6712448598,0.794521057865,0.429845514841,15.168747776,1.29095725753,0.629646046756,8.3561459313,0.711161355855,0.401768124507,1.07265513114,0.356311271967,3.84221554451,3.01044400087,1.07265513114,3.84221554451,0.407171413243,0.441124136487,8429,0.0172957910634,0.091437418136,144,144,144,1,0,0.111111111111,0.777777777778,0.111111111111,144,1931,0.0937742812743,4.3916537919,26.8194444444,14.5187969925,14.9689922481,21.0801509986,0.786002522992,0.430703003625,16.6667934144,1.24288878906,0.613365987686,10.1598504989,0.757648095206,0.425646613729,1.76426807099,0.401732047787,6.9430204674,4.3916537919,1.76426807099,6.9430204674,0.457413737612,0.506236449774,12609,0.0258728947109,0.113272253978,144,144,144,1,0,0.0763888888889,0.819444444444,0.104166666667,-184,-0.00893550893551,1.10825327257,-2.55555555556,-0.919159211898,-1.55444525194,-2.04579634547,-0.0012637695712,-0.000837579511263,-2.0510111121,-0.0315149233831,-0.00899742182251,-0.259650281053,0.0482352761448,0.0239425160145,0.638411753718,0.0588386631251,2.79758145847,1.10825327257,0.638411753718,2.79758145847,-0.0488611252835,-0.041789458421,-3608,-0.00740339472734,-0.00253726568514,0.0277777777778,-0.0208333333333,-0.00694444444444,1925,6,190,18471,0.910165484634,0.99967527196,0.000324728040266,0.0898345153664,0.996892801657,0.910165484634,0.951557093426,0.947496706897,0.909840756593,0.907590759076,239,423,0,5,3,5
520,WLNM_dir_neg_kfold,0.868537241029,0.342799038295,00:00:19,10,80,18,15363,threshold_sweep,0.7,0.982905982906,0.543735224586,0.700152207002,230,4,193,842,0.543735224586,0.995271867612,0.00472813238771,0.456264775414,0.982905982906,0.543735224586,0.700152207002,0.84475965327,0.605200945626,0.606786427146,0.655196760142,0.539007092199,2154,1731,423,0,2154,0,1731,0,423,144,2115,0.10270979021,3.28340051934,29.375,15.4379562044,16.5234375,23.125947344,0.787266292563,0.431540583136,18.7178045265,1.27440371245,0.622363409509,10.41950078,0.709412819061,0.401704097715,1.12585631727,0.342893384662,4.14543900894,3.28340051934,1.12585631727,4.14543900894,0.506274862896,0.548025908195,16217,0.0332762894383,0.115809519663,144,144,144,1,0,0.0486111111111,0.840277777778,0.111111111111,144,0.0821678321678,3.01044400087,23.5,13.21875,13.21875,18.6712448598,0.794521057865,0.429845514841,15.168747776,1.29095725753,0.629646046756,8.3561459313,0.711161355855,0.401768124507,1.07265513114,0.356311271967,3.84221554451,3.01044400087,1.07265513114,3.84221554451,0.407171413243,0.441124136487,8429,0.0172957910634,0.091437418136,144,144,144,1,0,0.111111111111,0.777777777778,0.111111111111,144,1926,0.0935314685315,3.15794585378,26.75,15.046875,14.9302325581,21.0907131652,0.788437875336,0.431770653052,16.6938182102,1.24813594095,0.617067612784,10.1319097117,0.757525959752,0.425637475482,1.11457015631,0.35294150309,4.01343951605,3.15794585378,1.11457015631,4.01343951605,0.458936173715,0.507349683863,12598,0.0258503233855,0.117135971818,144,144,144,1,0,0.111111111111,0.784722222222,0.104166666667,-189,-0.00917832167832,-0.125454665559,-2.625,-0.39108120438,-1.59320494186,-2.03523417881,0.0011715827727,0.000230069915478,-2.02398631639,-0.0262677714993,-0.00529579672468,-0.287591068278,0.0481131406908,0.023933377767,-0.0112861609646,0.0100481184288,-0.131999492889,-0.125454665559,-0.0112861609646,-0.131999492889,-0.0473386891807,-0.040676224332,-3619,-0.00742596605273,0.00132645215455,0.0625,-0.0555555555556,-0.00694444444444,1922,4,193,18473,0.908747044917,0.99978351464,0.000216485360178,0.0912529550827,0.997923156802,0.908747044917,0.951249690671,0.947232701881,0.908530559557,0.907031618688,234,423,0,5,3,5
521,WLNM_dir_neg_kfold,0.868537241029,0.342799038295,00:00:19,10,80,18,15363,threshold_sweep,0.8,0.987068965517,0.541371158392,0.699236641221,229,3,194,843,0.541371158392,0.996453900709,0.00354609929078,0.458628841608,0.987068965517,0.541371158392,0.699236641221,0.84475965327,0.60572629367,0.606262491672,0.655938357764,0.537825059102,2154,1731,423,0,2154,0,1731,0,423,144,2115,0.10270979021,3.28340051934,29.375,15.4379562044,16.5234375,23.125947344,0.787266292563,0.431540583136,18.7178045265,1.27440371245,0.622363409509,10.41950078,0.709412819061,0.401704097715,1.12585631727,0.342893384662,4.14543900894,3.28340051934,1.12585631727,4.14543900894,0.506274862896,0.548025908195,16217,0.0332762894383,0.115809519663,144,144,144,1,0,0.0486111111111,0.840277777778,0.111111111111,144,0.0821678321678,3.01044400087,23.5,13.21875,13.21875,18.6712448598,0.794521057865,0.429845514841,15.168747776,1.29095725753,0.629646046756,8.3561459313,0.711161355855,0.401768124507,1.07265513114,0.356311271967,3.84221554451,3.01044400087,1.07265513114,3.84221554451,0.407171413243,0.441124136487,8429,0.0172957910634,0.091437418136,144,144,144,1,0,0.111111111111,0.777777777778,0.111111111111,144,1924,0.0934343434343,3.16188143031,26.7222222222,15.03125,14.9147286822,21.083398979,0.788983745578,0.431981260106,16.6995712483,1.24986396037,0.617478054978,10.1144576376,0.757007224434,0.425358050358,1.11696438189,0.353259414214,4.02094301464,3.16188143031,1.11696438189,4.02094301464,0.456466326732,0.506837710275,12564,0.0257805574707,0.117153411795,144,144,144,1,0,0.111111111111,0.784722222222,0.104166666667,-191,-0.00927544677545,-0.121519089023,-2.65277777778,-0.40670620438,-1.60870881783,-2.042548365,0.00171745301451,0.000440676969932,-2.01823327828,-0.0245397520765,-0.00488535453074,-0.305043142383,0.0475944053729,0.0236539526433,-0.00889193538723,0.0103660295527,-0.124495994301,-0.121519089023,-0.00889193538723,-0.124495994301,-0.0498085361637,-0.0411881979202,-3653,-0.00749573196756,0.00134389213148,0.0625,-0.0555555555556,-0.00694444444444,1921,3,194,18474,0.908274231678,0.99983763598,0.000162364020133,0.0917257683215,0.998440748441,0.908274231678,0.951225550879,0.94723739896,0.908111867658,0.906987724268,232,423,0,5,3,5
522,WLNM_dir_neg_kfold,0.868537241029,0.342799038295,00:00:19,10,80,18,15363,threshold_sweep,0.9,0.987068965517,0.541371158392,0.699236641221,229,3,194,843,0.541371158392,0.996453900709,0.00354609929078,0.458628841608,0.987068965517,0.541371158392,0.699236641221,0.84475965327,0.60572629367,0.606262491672,0.655938357764,0.537825059102,2154,1731,423,0,2154,0,1731,0,423,144,2115,0.10270979021,3.28340051934,29.375,15.4379562044,16.5234375,23.125947344,0.787266292563,0.431540583136,18.7178045265,1.27440371245,0.622363409509,10.41950078,0.709412819061,0.401704097715,1.12585631727,0.342893384662,4.14543900894,3.28340051934,1.12585631727,4.14543900894,0.506274862896,0.548025908195,16217,0.0332762894383,0.115809519663,144,144,144,1,0,0.0486111111111,0.840277777778,0.111111111111,144,0.0821678321678,3.01044400087,23.5,13.21875,13.21875,18.6712448598,0.794521057865,0.429845514841,15.168747776,1.29095725753,0.629646046756,8.3561459313,0.711161355855,0.401768124507,1.07265513114,0.356311271967,3.84221554451,3.01044400087,1.07265513114,3.84221554451,0.407171413243,0.441124136487,8429,0.0172957910634,0.091437418136,144,144,144,1,0,0.111111111111,0.777777777778,0.111111111111,144,1924,0.0934343434343,3.16188143031,26.7222222222,15.03125,14.9147286822,21.083398979,0.788983745578,0.431981260106,16.6995712483,1.24986396037,0.617478054978,10.1144576376,0.757007224434,0.425358050358,1.11696438189,0.353259414214,4.02094301464,3.16188143031,1.11696438189,4.02094301464,0.456466326732,0.506837710275,12564,0.0257805574707,0.117153411795,144,144,144,1,0,0.111111111111,0.784722222222,0.104166666667,-191,-0.00927544677545,-0.121519089023,-2.65277777778,-0.40670620438,-1.60870881783,-2.042548365,0.00171745301451,0.000440676969932,-2.01823327828,-0.0245397520765,-0.00488535453074,-0.305043142383,0.0475944053729,0.0236539526433,-0.00889193538723,0.0103660295527,-0.124495994301,-0.121519089023,-0.00889193538723,-0.124495994301,-0.0498085361637,-0.0411881979202,-3653,-0.00749573196756,0.00134389213148,0.0625,-0.0555555555556,-0.00694444444444,1921,3,194,18474,0.908274231678,0.99983763598,0.000162364020133,0.0917257683215,0.998440748441,0.908274231678,0.951225550879,0.94723739896,0.908111867658,0.906987724268,232,423,0,5,3,5
523,WLNM_dir_neg_kfold,0.86699892136,0.365072198488,00:00:19,10,80,19,15364,threshold_sweep,0.1,0.944664031621,0.565011820331,0.707100591716,239,14,184,832,0.565011820331,0.983451536643,0.016548463357,0.434988179669,0.944664031621,0.565011820331,0.707100591716,0.843971631206,0.600210139217,0.609724047306,0.647136458921,0.548463356974,2154,1731,423,0,2154,0,1731,0,423,144,2115,0.10270979021,3.28340051934,29.375,15.4379562044,16.5234375,23.125947344,0.787266292563,0.431540583136,18.7178045265,1.27440371245,0.622363409509,10.41950078,0.709412819061,0.401704097715,1.12585631727,0.342893384662,4.14543900894,3.28340051934,1.12585631727,4.14543900894,0.506274862896,0.548025908195,16217,0.0332762894383,0.115809519663,144,144,144,1,0,0.0486111111111,0.840277777778,0.111111111111,144,0.0821678321678,3.01044400087,23.5,13.21875,13.21875,18.6712448598,0.794521057865,0.429845514841,15.168747776,1.29095725753,0.629646046756,8.3561459313,0.711161355855,0.401768124507,1.07265513114,0.356311271967,3.84221554451,3.01044400087,1.07265513114,3.84221554451,0.407171413243,0.441124136487,8429,0.0172957910634,0.091437418136,144,144,144,1,0,0.111111111111,0.777777777778,0.111111111111,144,1945,0.0944541569542,1,27.0138888889,13.6013986014,15.1953125,21.0689796538,0.7799313805,0.428424021708,16.5926078948,1.22845014748,0.60279562982,10.3633273053,0.767259193809,0.429138103399,0,0,0,NaN,NaN,NaN,0.453093828609,0.503002364694,12621,0.025897517975,0.109313967936,144,144,0,1,2,0.00694444444444,0.881944444444,0.111111111111,-170,-0.00825563325563,-2.28340051934,-2.36111111111,-1.83655760298,-1.328125,-2.05696769025,-0.00733491206289,-0.00311656142824,-2.12519663169,-0.0459535649604,-0.0195677796887,-0.0561734746906,0.057846374748,0.0274340056843,-1.12585631727,-0.342893384662,-4.14543900894,NaN,NaN,NaN,-0.0531810342868,-0.0450235435006,-3596,-0.00737877146328,-0.00649555172709,-0.0416666666667,0.0416666666667,0,1931,14,184,18463,0.913002364066,0.999242301239,0.000757698760621,0.0869976359338,0.992802056555,0.913002364066,0.951231527094,0.946930182205,0.912244665306,0.906998590888,253,423,0,5,3,5
524,WLNM_dir_neg_kfold,0.86699892136,0.365072198488,00:00:19,10,80,19,15364,threshold_sweep,0.2,0.952,0.562647754137,0.707280832095,238,12,185,834,0.562647754137,0.985815602837,0.0141843971631,0.437352245863,0.952,0.562647754137,0.707280832095,0.84475965327,0.600998161282,0.610928242265,0.650048688446,0.548463356974,2154,1731,423,0,2154,0,1731,0,423,144,2115,0.10270979021,3.28340051934,29.375,15.4379562044,16.5234375,23.125947344,0.787266292563,0.431540583136,18.7178045265,1.27440371245,0.622363409509,10.41950078,0.709412819061,0.401704097715,1.12585631727,0.342893384662,4.14543900894,3.28340051934,1.12585631727,4.14543900894,0.506274862896,0.548025908195,16217,0.0332762894383,0.115809519663,144,144,144,1,0,0.0486111111111,0.840277777778,0.111111111111,144,0.0821678321678,3.01044400087,23.5,13.21875,13.21875,18.6712448598,0.794521057865,0.429845514841,15.168747776,1.29095725753,0.629646046756,8.3561459313,0.711161355855,0.401768124507,1.07265513114,0.356311271967,3.84221554451,3.01044400087,1.07265513114,3.84221554451,0.407171413243,0.441124136487,8429,0.0172957910634,0.091437418136,144,144,144,1,0,0.111111111111,0.777777777778,0.111111111111,144,1942,0.0943084693085,1,26.9722222222,13.676056338,15.171875,21.0643185673,0.780963407233,0.428867719419,16.6056634164,1.23131592789,0.604395525804,10.3247859228,0.765586597776,0.428874871267,0,0,0,NaN,NaN,NaN,0.451630044759,0.503505994119,12614,0.0258831544043,0.109013581124,144,144,0,1,2,0.0138888888889,0.875,0.111111111111,-173,-0.00840132090132,-2.28340051934,-2.40277777778,-1.76189986635,-1.3515625,-2.06162877672,-0.0063028853299,-0.00267286371763,-2.11214111016,-0.0430877845572,-0.0179678837049,-0.0947148571772,0.0561737787147,0.027170773552,-1.12585631727,-0.342893384662,-4.14543900894,NaN,NaN,NaN,-0.0546448181368,-0.0445199140759,-3603,-0.00739313503398,-0.00679593853941,-0.0347222222222,0.0347222222222,0,1930,12,185,18465,0.912529550827,0.999350543919,0.000649456080533,0.0874704491726,0.993820803296,0.912529550827,0.951441952181,0.947206391916,0.911880094747,0.907381288199,250,423,0,5,3,5
525,WLNM_dir_neg_kfold,0.86699892136,0.365072198488,00:00:19,10,80,19,15364,threshold_sweep,0.3,0.963114754098,0.555555555556,0.704647676162,235,9,188,837,0.555555555556,0.989361702128,0.0106382978723,0.444444444444,0.963114754098,0.555555555556,0.704647676162,0.84475965327,0.602574205411,0.609385327165,0.651822100868,0.544917257683,2154,1731,423,0,2154,0,1731,0,423,144,2115,0.10270979021,3.28340051934,29.375,15.4379562044,16.5234375,23.125947344,0.787266292563,0.431540583136,18.7178045265,1.27440371245,0.622363409509,10.41950078,0.709412819061,0.401704097715,1.12585631727,0.342893384662,4.14543900894,3.28340051934,1.12585631727,4.14543900894,0.506274862896,0.548025908195,16217,0.0332762894383,0.115809519663,144,144,144,1,0,0.0486111111111,0.840277777778,0.111111111111,144,0.0821678321678,3.01044400087,23.5,13.21875,13.21875,18.6712448598,0.794521057865,0.429845514841,15.168747776,1.29095725753,0.629646046756,8.3561459313,0.711161355855,0.401768124507,1.07265513114,0.356311271967,3.84221554451,3.01044400087,1.07265513114,3.84221554451,0.407171413243,0.441124136487,8429,0.0172957910634,0.091437418136,144,144,144,1,0,0.111111111111,0.777777777778,0.111111111111,144,1936,0.0940170940171,4.14680547295,26.8888888889,13.928057554,15.125,21.0776490214,0.783879509059,0.43003902663,16.6367096741,1.23744121543,0.608549988522,10.2750820716,0.764262302843,0.428568353994,1.28773741845,0.310537213972,4.90674067956,4.14680547295,1.28773741845,4.90674067956,0.453666914442,0.505088141026,12607,0.0258687908336,0.110542288253,144,144,144,1,0,0.0347222222222,0.854166666667,0.111111111111,-179,-0.0086926961927,0.863404953616,-2.48611111111,-1.50989865042,-1.3984375,-2.04829832269,-0.00338678350463,-0.00150155650639,-2.08109485244,-0.0369624970167,-0.0138134209872,-0.144418708395,0.0548494837826,0.0268642562798,0.16188110118,-0.0323561706896,0.76130167062,0.863404953616,0.16188110118,0.76130167062,-0.0526079484542,-0.0429377671692,-3610,-0.00740749860468,-0.00526723141047,-0.0138888888889,0.0138888888889,0,1927,9,188,18468,0.911111111111,0.99951290794,0.000487092060399,0.0888888888889,0.995351239669,0.911111111111,0.951370032091,0.947213923959,0.910624019051,0.90725047081,244,423,0,5,3,5
526,WLNM_dir_neg_kfold,0.86699892136,0.365072198488,00:00:19,10,80,19,15364,threshold_sweep,0.4,0.966527196653,0.54609929078,0.697885196375,231,8,192,838,0.54609929078,0.990543735225,0.00945626477541,0.45390070922,0.966527196653,0.54609929078,0.697885196375,0.842395587076,0.603887575519,0.602122015915,0.647028323475,0.536643026005,2154,1731,423,0,2154,0,1731,0,423,144,2115,0.10270979021,3.28340051934,29.375,15.4379562044,16.5234375,23.125947344,0.787266292563,0.431540583136,18.7178045265,1.27440371245,0.622363409509,10.41950078,0.709412819061,0.401704097715,1.12585631727,0.342893384662,4.14543900894,3.28340051934,1.12585631727,4.14543900894,0.506274862896,0.548025908195,16217,0.0332762894383,0.115809519663,144,144,144,1,0,0.0486111111111,0.840277777778,0.111111111111,144,0.0821678321678,3.01044400087,23.5,13.21875,13.21875,18.6712448598,0.794521057865,0.429845514841,15.168747776,1.29095725753,0.629646046756,8.3561459313,0.711161355855,0.401768124507,1.07265513114,0.356311271967,3.84221554451,3.01044400087,1.07265513114,3.84221554451,0.407171413243,0.441124136487,8429,0.0172957910634,0.091437418136,144,144,144,1,0,0.111111111111,0.777777777778,0.111111111111,144,1931,0.0937742812743,3.72882435224,26.8194444444,14.4104477612,15.0859375,21.10667305,0.786991434285,0.431594884631,16.663856115,1.24266974654,0.612445336325,10.2400647359,0.763629892272,0.428307871569,1.2008048339,0.322033091523,4.47378591724,3.72882435224,1.2008048339,4.47378591724,0.456639983181,0.505916684515,12598,0.0258503233855,0.114402736101,144,144,144,1,0,0.0694444444444,0.819444444444,0.111111111111,-184,-0.00893550893551,0.445423832906,-2.55555555556,-1.02750844319,-1.4375,-2.01927429399,-0.000274858278593,5.43014945484e-05,-2.05394841153,-0.0317339659093,-0.00991807318335,-0.179436044007,0.0542170732109,0.0266037738544,0.0749485166226,-0.020860293139,0.328346908303,0.445423832906,0.0749485166226,0.328346908303,-0.0496348797146,-0.04210922368,-3619,-0.00742596605273,-0.00140678356186,0.0208333333333,-0.0208333333333,0,1923,8,192,18469,0.909219858156,0.99956702928,0.000432970720355,0.090780141844,0.995857068876,0.909219858156,0.950568462679,0.946399220827,0.908786887436,0.905793688177,239,423,0,5,3,5
527,WLNM_dir_neg_kfold,0.86699892136,0.365072198488,00:00:19,10,80,19,15364,threshold_sweep,0.5,0.982978723404,0.54609929078,0.702127659574,231,4,192,842,0.54609929078,0.995271867612,0.00472813238771,0.45390070922,0.982978723404,0.54609929078,0.702127659574,0.845547675335,0.604938271605,0.609042553191,0.656986248954,0.541371158392,2154,1731,423,0,2154,0,1731,0,423,144,2115,0.10270979021,3.28340051934,29.375,15.4379562044,16.5234375,23.125947344,0.787266292563,0.431540583136,18.7178045265,1.27440371245,0.622363409509,10.41950078,0.709412819061,0.401704097715,1.12585631727,0.342893384662,4.14543900894,3.28340051934,1.12585631727,4.14543900894,0.506274862896,0.548025908195,16217,0.0332762894383,0.115809519663,144,144,144,1,0,0.0486111111111,0.840277777778,0.111111111111,144,0.0821678321678,3.01044400087,23.5,13.21875,13.21875,18.6712448598,0.794521057865,0.429845514841,15.168747776,1.29095725753,0.629646046756,8.3561459313,0.711161355855,0.401768124507,1.07265513114,0.356311271967,3.84221554451,3.01044400087,1.07265513114,3.84221554451,0.407171413243,0.441124136487,8429,0.0172957910634,0.091437418136,144,144,144,1,0,0.111111111111,0.777777777778,0.111111111111,144,1927,0.09358003108,3.05835853365,26.7638888889,14.7099236641,15.0546875,21.1071148019,0.788641549422,0.432227699937,16.6825550724,1.24664656483,0.614869832209,10.1891183748,0.761407911765,0.427308568298,1.05549483286,0.345118082543,3.89857774445,3.05835853365,1.05549483286,3.89857774445,0.453396653808,0.506127928049,12568,0.0257887652254,0.117192441184,144,144,144,1,0,0.0902777777778,0.798611111111,0.111111111111,-188,-0.00912975912976,-0.22504198569,-2.61111111111,-0.728032540257,-1.46875,-2.01883254215,0.0013752568589,0.000687116800246,-2.03524945409,-0.0277571476128,-0.00749357729984,-0.230382405158,0.051995092704,0.0256044705837,-0.0703614844132,0.00222469788163,-0.246861264486,-0.22504198569,-0.0703614844132,-0.246861264486,-0.0528782090881,-0.041897980146,-3649,-0.00748752421288,0.00138292152079,0.0416666666667,-0.0416666666667,0,1923,4,192,18473,0.909219858156,0.99978351464,0.000216485360178,0.090780141844,0.997924234561,0.909219858156,0.951509153884,0.947505098224,0.909003372796,0.907503539405,235,423,0,5,3,5
528,WLNM_dir_neg_kfold,0.86699892136,0.365072198488,00:00:19,10,80,19,15364,threshold_sweep,0.6,0.987179487179,0.54609929078,0.703196347032,231,3,192,843,0.54609929078,0.996453900709,0.00354609929078,0.45390070922,0.987179487179,0.54609929078,0.703196347032,0.8463356974,0.605200945626,0.610778443114,0.659507265143,0.542553191489,2154,1731,423,0,2154,0,1731,0,423,144,2115,0.10270979021,3.28340051934,29.375,15.4379562044,16.5234375,23.125947344,0.787266292563,0.431540583136,18.7178045265,1.27440371245,0.622363409509,10.41950078,0.709412819061,0.401704097715,1.12585631727,0.342893384662,4.14543900894,3.28340051934,1.12585631727,4.14543900894,0.506274862896,0.548025908195,16217,0.0332762894383,0.115809519663,144,144,144,1,0,0.0486111111111,0.840277777778,0.111111111111,144,0.0821678321678,3.01044400087,23.5,13.21875,13.21875,18.6712448598,0.794521057865,0.429845514841,15.168747776,1.29095725753,0.629646046756,8.3561459313,0.711161355855,0.401768124507,1.07265513114,0.356311271967,3.84221554451,3.01044400087,1.07265513114,3.84221554451,0.407171413243,0.441124136487,8429,0.0172957910634,0.091437418136,144,144,144,1,0,0.111111111111,0.777777777778,0.111111111111,144,1926,0.0935314685315,3.05835853365,26.75,14.7022900763,15.046875,21.1149037611,0.789342196675,0.432581919926,16.6862763426,1.247572063,0.615264797508,10.1924660233,0.762053534453,0.427642206069,1.05549483286,0.345118082543,3.89857774445,3.05835853365,1.05549483286,3.89857774445,0.454473940982,0.506204173717,12565,0.0257826094094,0.117401934126,144,144,144,1,0,0.0902777777778,0.798611111111,0.111111111111,-189,-0.00917832167832,-0.22504198569,-2.625,-0.735666128044,-1.4765625,-2.01104358297,0.00207590411228,0.00104133678983,-2.03152818393,-0.0268316494466,-0.00709861200101,-0.227034756644,0.0526407153924,0.0259381083543,-0.0703614844132,0.00222469788163,-0.246861264486,-0.22504198569,-0.0703614844132,-0.246861264486,-0.0518009219142,-0.041821734478,-3652,-0.00749368002889,0.0015924144634,0.0416666666667,-0.0416666666667,0,1923,3,192,18474,0.909219858156,0.99983763598,0.000162364020133,0.090780141844,0.998442367601,0.909219858156,0.951744617669,0.947782083142,0.909057494136,0.907932011331,234,423,0,5,3,5
529,WLNM_dir_neg_kfold,0.86699892136,0.365072198488,00:00:19,10,80,19,15364,threshold_sweep,0.7,0.987012987013,0.539007092199,0.697247706422,228,3,195,843,0.539007092199,0.996453900709,0.00354609929078,0.460992907801,0.987012987013,0.539007092199,0.697247706422,0.843971631206,0.605988967691,0.604,0.654151795058,0.535460992908,2154,1731,423,0,2154,0,1731,0,423,144,2115,0.10270979021,3.28340051934,29.375,15.4379562044,16.5234375,23.125947344,0.787266292563,0.431540583136,18.7178045265,1.27440371245,0.622363409509,10.41950078,0.709412819061,0.401704097715,1.12585631727,0.342893384662,4.14543900894,3.28340051934,1.12585631727,4.14543900894,0.506274862896,0.548025908195,16217,0.0332762894383,0.115809519663,144,144,144,1,0,0.0486111111111,0.840277777778,0.111111111111,144,0.0821678321678,3.01044400087,23.5,13.21875,13.21875,18.6712448598,0.794521057865,0.429845514841,15.168747776,1.29095725753,0.629646046756,8.3561459313,0.711161355855,0.401768124507,1.07265513114,0.356311271967,3.84221554451,3.01044400087,1.07265513114,3.84221554451,0.407171413243,0.441124136487,8429,0.0172957910634,0.091437418136,144,144,144,1,0,0.111111111111,0.777777777778,0.111111111111,144,1923,0.0933857808858,3.02153062441,26.7083333333,15.0234375,15.0234375,21.1266162952,0.791012154578,0.433289276015,16.7024426629,1.25072893576,0.617470532155,10.1592004187,0.760751357405,0.426984023805,1.06918964693,0.353856961863,3.85865743889,3.02153062441,1.06918964693,3.85865743889,0.457632524897,0.507034864952,12565,0.0257826094094,0.118380769889,144,144,144,1,0,0.111111111111,0.777777777778,0.111111111111,-192,-0.00932400932401,-0.261869894926,-2.66666666667,-0.41451870438,-1.5,-1.99933104886,0.0037458620147,0.00174869287916,-2.01536186359,-0.0236747766861,-0.00489287735418,-0.260300361278,0.051338538344,0.0252799260907,-0.0566666703448,0.0109635772015,-0.286781570049,-0.261869894926,-0.0566666703448,-0.286781570049,-0.0486423379984,-0.0409910432428,-3652,-0.00749368002889,0.00257125022599,0.0625,-0.0625,0,1920,3,195,18474,0.90780141844,0.99983763598,0.000162364020133,0.0921985815603,0.998439937598,0.90780141844,0.950965824666,0.946964983173,0.90763905442,0.906515580737,231,423,0,5,3,5
530,WLNM_dir_neg_kfold,0.86699892136,0.365072198488,00:00:19,10,80,19,15364,threshold_sweep,0.8,0.987012987013,0.539007092199,0.697247706422,228,3,195,843,0.539007092199,0.996453900709,0.00354609929078,0.460992907801,0.987012987013,0.539007092199,0.697247706422,0.843971631206,0.605988967691,0.604,0.654151795058,0.535460992908,2154,1731,423,0,2154,0,1731,0,423,144,2115,0.10270979021,3.28340051934,29.375,15.4379562044,16.5234375,23.125947344,0.787266292563,0.431540583136,18.7178045265,1.27440371245,0.622363409509,10.41950078,0.709412819061,0.401704097715,1.12585631727,0.342893384662,4.14543900894,3.28340051934,1.12585631727,4.14543900894,0.506274862896,0.548025908195,16217,0.0332762894383,0.115809519663,144,144,144,1,0,0.0486111111111,0.840277777778,0.111111111111,144,0.0821678321678,3.01044400087,23.5,13.21875,13.21875,18.6712448598,0.794521057865,0.429845514841,15.168747776,1.29095725753,0.629646046756,8.3561459313,0.711161355855,0.401768124507,1.07265513114,0.356311271967,3.84221554451,3.01044400087,1.07265513114,3.84221554451,0.407171413243,0.441124136487,8429,0.0172957910634,0.091437418136,144,144,144,1,0,0.111111111111,0.777777777778,0.111111111111,144,1923,0.0933857808858,3.02153062441,26.7083333333,15.0234375,15.0234375,21.1266162952,0.791012154578,0.433289276015,16.7024426629,1.25072893576,0.617470532155,10.1592004187,0.760751357405,0.426984023805,1.06918964693,0.353856961863,3.85865743889,3.02153062441,1.06918964693,3.85865743889,0.457632524897,0.507034864952,12565,0.0257826094094,0.118380769889,144,144,144,1,0,0.111111111111,0.777777777778,0.111111111111,-192,-0.00932400932401,-0.261869894926,-2.66666666667,-0.41451870438,-1.5,-1.99933104886,0.0037458620147,0.00174869287916,-2.01536186359,-0.0236747766861,-0.00489287735418,-0.260300361278,0.051338538344,0.0252799260907,-0.0566666703448,0.0109635772015,-0.286781570049,-0.261869894926,-0.0566666703448,-0.286781570049,-0.0486423379984,-0.0409910432428,-3652,-0.00749368002889,0.00257125022599,0.0625,-0.0625,0,1920,3,195,18474,0.90780141844,0.99983763598,0.000162364020133,0.0921985815603,0.998439937598,0.90780141844,0.950965824666,0.946964983173,0.90763905442,0.906515580737,231,423,0,5,3,5
531,WLNM_dir_neg_kfold,0.86699892136,0.365072198488,00:00:19,10,80,19,15364,threshold_sweep,0.9,0.995614035088,0.536643026005,0.697388632873,227,1,196,845,0.536643026005,0.998817966903,0.00118203309693,0.463356973995,0.995614035088,0.536643026005,0.697388632873,0.84475965327,0.606776989756,0.605210420842,0.657491913686,0.535460992908,2154,1731,423,0,2154,0,1731,0,423,144,2115,0.10270979021,3.28340051934,29.375,15.4379562044,16.5234375,23.125947344,0.787266292563,0.431540583136,18.7178045265,1.27440371245,0.622363409509,10.41950078,0.709412819061,0.401704097715,1.12585631727,0.342893384662,4.14543900894,3.28340051934,1.12585631727,4.14543900894,0.506274862896,0.548025908195,16217,0.0332762894383,0.115809519663,144,144,144,1,0,0.0486111111111,0.840277777778,0.111111111111,144,0.0821678321678,3.01044400087,23.5,13.21875,13.21875,18.6712448598,0.794521057865,0.429845514841,15.168747776,1.29095725753,0.629646046756,8.3561459313,0.711161355855,0.401768124507,1.07265513114,0.356311271967,3.84221554451,3.01044400087,1.07265513114,3.84221554451,0.407171413243,0.441124136487,8429,0.0172957910634,0.091437418136,144,144,144,1,0,0.111111111111,0.777777777778,0.111111111111,144,1920,0.0932400932401,3.00066019709,26.6666666667,15,15,21.1223541811,0.792088281793,0.43369140625,16.7139655186,1.25354741389,0.618670428241,10.1416540492,0.760624053688,0.427018229167,1.06552580636,0.35509712409,3.85017105259,3.00066019709,1.06552580636,3.85017105259,0.457494761668,0.50740256766,12555,0.0257620900227,0.11815253669,144,144,144,1,0,0.111111111111,0.777777777778,0.111111111111,-195,-0.0094696969697,-0.282740322245,-2.70833333333,-0.43795620438,-1.5234375,-2.0035931629,0.00482198922988,0.00215082311367,-2.00383900795,-0.0208562985509,-0.00369298126806,-0.277846730781,0.0512112346273,0.0253141314519,-0.0603305109152,0.0122037394288,-0.295267956352,-0.282740322245,-0.0603305109152,-0.295267956352,-0.0487801012282,-0.0406233405345,-3662,-0.00751419941561,0.00234301702718,0.0625,-0.0625,0,1919,1,196,18476,0.907328605201,0.99994587866,5.41213400444e-05,0.0926713947991,0.999479166667,0.907328605201,0.951177199504,0.947247741635,0.907274483861,0.906899810964,228,423,0,5,3,5
532,WLNM_dir_neg_kfold,0.825338542103,0.583508997979,00:00:19,10,80,20,15365,threshold_sweep,0.1,0.940476190476,0.560283687943,0.702222222222,237,15,186,831,0.560283687943,0.982269503546,0.0177304964539,0.439716312057,0.940476190476,0.560283687943,0.702222222222,0.841607565012,0.600472813239,0.603550295858,0.641116480322,0.542553191489,2154,1731,423,0,2154,0,1731,0,423,144,2115,0.10270979021,3.28340051934,29.375,15.4379562044,16.5234375,23.125947344,0.787266292563,0.431540583136,18.7178045265,1.27440371245,0.622363409509,10.41950078,0.709412819061,0.401704097715,1.12585631727,0.342893384662,4.14543900894,3.28340051934,1.12585631727,4.14543900894,0.506274862896,0.548025908195,16217,0.0332762894383,0.115809519663,144,144,144,1,0,0.0486111111111,0.840277777778,0.111111111111,144,0.0821678321678,3.01044400087,23.5,13.21875,13.21875,18.6712448598,0.794521057865,0.429845514841,15.168747776,1.29095725753,0.629646046756,8.3561459313,0.711161355855,0.401768124507,1.07265513114,0.356311271967,3.84221554451,3.01044400087,1.07265513114,3.84221554451,0.407171413243,0.441124136487,8429,0.0172957910634,0.091437418136,144,144,144,1,0,0.111111111111,0.777777777778,0.111111111111,144,1944,0.0944055944056,5.42855377139,27,13.6901408451,15.1875,21.059024609,0.779963874407,0.427990683585,16.6094589278,1.23033029095,0.604073788294,10.2622943494,0.760169951811,0.425697302241,1.42265429305,0.262068748503,6.45835506777,5.42855377139,1.42265429305,6.45835506777,0.454058518011,0.502563761955,12611,0.0258769985883,0.108454816262,144,144,144,1,0,0.0138888888889,0.875,0.111111111111,-171,-0.0083041958042,2.14515325205,-2.375,-1.74781535931,-1.3359375,-2.06692273504,-0.00730241815571,-0.00354989955151,-2.10834559874,-0.0440734214974,-0.0182896212143,-0.157206430509,0.0507571327501,0.0239932045258,0.296797975777,-0.0808246361581,2.31291605883,2.14515325205,0.296797975777,2.31291605883,-0.0522163448846,-0.0454621462395,-3606,-0.00739929085,-0.00735470340141,-0.0347222222222,0.0347222222222,0,1929,15,186,18462,0.912056737589,0.999188179899,0.000811820100666,0.0879432624113,0.992283950617,0.912056737589,0.950480413895,0.946110306993,0.911244917488,0.905633802817,252,423,0,5,3,5
533,WLNM_dir_neg_kfold,0.825338542103,0.583508997979,00:00:19,10,80,20,15365,threshold_sweep,0.2,0.954356846473,0.543735224586,0.692771084337,230,11,193,835,0.543735224586,0.986997635934,0.0130023640662,0.456264775414,0.954356846473,0.543735224586,0.692771084337,0.839243498818,0.603362227476,0.594701986755,0.63786131601,0.53073286052,2154,1731,423,0,2154,0,1731,0,423,144,2115,0.10270979021,3.28340051934,29.375,15.4379562044,16.5234375,23.125947344,0.787266292563,0.431540583136,18.7178045265,1.27440371245,0.622363409509,10.41950078,0.709412819061,0.401704097715,1.12585631727,0.342893384662,4.14543900894,3.28340051934,1.12585631727,4.14543900894,0.506274862896,0.548025908195,16217,0.0332762894383,0.115809519663,144,144,144,1,0,0.0486111111111,0.840277777778,0.111111111111,144,0.0821678321678,3.01044400087,23.5,13.21875,13.21875,18.6712448598,0.794521057865,0.429845514841,15.168747776,1.29095725753,0.629646046756,8.3561459313,0.711161355855,0.401768124507,1.07265513114,0.356311271967,3.84221554451,3.01044400087,1.07265513114,3.84221554451,0.407171413243,0.441124136487,8429,0.0172957910634,0.091437418136,144,144,144,1,0,0.111111111111,0.777777777778,0.111111111111,144,1933,0.0938714063714,4.30298928651,26.8472222222,14.4253731343,15.1015625,21.1012608394,0.785975571877,0.43072799908,16.6681220227,1.24170179579,0.612221216302,10.174409047,0.757948733974,0.42526369489,1.42071417465,0.33016911734,5.14423474513,4.30298928651,1.42071417465,5.14423474513,0.459152869834,0.504891347927,12593,0.0258400636922,0.114299677444,144,144,144,1,0,0.0694444444444,0.819444444444,0.111111111111,-182,-0.00883838383838,1.01958876718,-2.52777777778,-1.01258307005,-1.421875,-2.02468650462,-0.00129072068619,-0.000812584056027,-2.04968250383,-0.0327019166513,-0.0101421932071,-0.245091732935,0.0485359149128,0.0235595971752,0.294857857378,-0.0127242673212,0.998795736194,1.01958876718,0.294857857378,0.998795736194,-0.0471219930618,-0.0431345602677,-3624,-0.00743622574608,-0.00150984221884,0.0208333333333,-0.0208333333333,0,1922,11,193,18466,0.908747044917,0.99940466526,0.000595334740488,0.0912529550827,0.994309363683,0.908747044917,0.949604743083,0.945299027306,0.908151710177,0.904045155221,241,423,0,5,3,5
534,WLNM_dir_neg_kfold,0.825338542103,0.583508997979,00:00:19,10,80,20,15365,threshold_sweep,0.3,0.958333333333,0.543735224586,0.693815987934,230,10,193,836,0.543735224586,0.988179669031,0.0118203309693,0.456264775414,0.958333333333,0.543735224586,0.693815987934,0.840031520883,0.603624901497,0.596421471173,0.640301040715,0.531914893617,2154,1731,423,0,2154,0,1731,0,423,144,2115,0.10270979021,3.28340051934,29.375,15.4379562044,16.5234375,23.125947344,0.787266292563,0.431540583136,18.7178045265,1.27440371245,0.622363409509,10.41950078,0.709412819061,0.401704097715,1.12585631727,0.342893384662,4.14543900894,3.28340051934,1.12585631727,4.14543900894,0.506274862896,0.548025908195,16217,0.0332762894383,0.115809519663,144,144,144,1,0,0.0486111111111,0.840277777778,0.111111111111,144,0.0821678321678,3.01044400087,23.5,13.21875,13.21875,18.6712448598,0.794521057865,0.429845514841,15.168747776,1.29095725753,0.629646046756,8.3561459313,0.711161355855,0.401768124507,1.07265513114,0.356311271967,3.84221554451,3.01044400087,1.07265513114,3.84221554451,0.407171413243,0.441124136487,8429,0.0172957910634,0.091437418136,144,144,144,1,0,0.111111111111,0.777777777778,0.111111111111,144,1932,0.0938228438228,4.30109802745,26.8333333333,14.4179104478,15.09375,21.1104322469,0.786724183114,0.431091126064,16.6701861086,1.2424983435,0.612354784909,10.1812250077,0.758849068897,0.425803715206,1.42078800987,0.330331464384,5.14284183781,4.30109802745,1.42078800987,5.14284183781,0.458168922171,0.504699135038,12584,0.0258215962441,0.114516163843,144,144,144,1,0,0.0694444444444,0.819444444444,0.111111111111,-183,-0.00888694638695,1.01769750811,-2.54166666667,-1.02004575662,-1.4296875,-2.01551509716,-0.000542109449408,-0.000449457072376,-2.04761841795,-0.0319053689476,-0.0100086245997,-0.238275772259,0.0494362498358,0.0240996174912,0.294931692593,-0.0125619202772,0.997402828874,1.01769750811,0.294931692593,0.997402828874,-0.0481059407242,-0.0433267731566,-3633,-0.00745469319413,-0.00129335581993,0.0208333333333,-0.0208333333333,0,1922,10,193,18467,0.908747044917,0.9994587866,0.000541213400444,0.0912529550827,0.994824016563,0.908747044917,0.9498393872,0.945574650017,0.908205831517,0.904470588235,240,423,0,5,3,5
535,WLNM_dir_neg_kfold,0.825338542103,0.583508997979,00:00:19,10,80,20,15365,threshold_sweep,0.4,0.958333333333,0.543735224586,0.693815987934,230,10,193,836,0.543735224586,0.988179669031,0.0118203309693,0.456264775414,0.958333333333,0.543735224586,0.693815987934,0.840031520883,0.603624901497,0.596421471173,0.640301040715,0.531914893617,2154,1731,423,0,2154,0,1731,0,423,144,2115,0.10270979021,3.28340051934,29.375,15.4379562044,16.5234375,23.125947344,0.787266292563,0.431540583136,18.7178045265,1.27440371245,0.622363409509,10.41950078,0.709412819061,0.401704097715,1.12585631727,0.342893384662,4.14543900894,3.28340051934,1.12585631727,4.14543900894,0.506274862896,0.548025908195,16217,0.0332762894383,0.115809519663,144,144,144,1,0,0.0486111111111,0.840277777778,0.111111111111,144,0.0821678321678,3.01044400087,23.5,13.21875,13.21875,18.6712448598,0.794521057865,0.429845514841,15.168747776,1.29095725753,0.629646046756,8.3561459313,0.711161355855,0.401768124507,1.07265513114,0.356311271967,3.84221554451,3.01044400087,1.07265513114,3.84221554451,0.407171413243,0.441124136487,8429,0.0172957910634,0.091437418136,144,144,144,1,0,0.111111111111,0.777777777778,0.111111111111,144,1932,0.0938228438228,4.30109802745,26.8333333333,14.4179104478,15.09375,21.1104322469,0.786724183114,0.431091126064,16.6701861086,1.2424983435,0.612354784909,10.1812250077,0.758849068897,0.425803715206,1.42078800987,0.330331464384,5.14284183781,4.30109802745,1.42078800987,5.14284183781,0.458168922171,0.504699135038,12584,0.0258215962441,0.114516163843,144,144,144,1,0,0.0694444444444,0.819444444444,0.111111111111,-183,-0.00888694638695,1.01769750811,-2.54166666667,-1.02004575662,-1.4296875,-2.01551509716,-0.000542109449408,-0.000449457072376,-2.04761841795,-0.0319053689476,-0.0100086245997,-0.238275772259,0.0494362498358,0.0240996174912,0.294931692593,-0.0125619202772,0.997402828874,1.01769750811,0.294931692593,0.997402828874,-0.0481059407242,-0.0433267731566,-3633,-0.00745469319413,-0.00129335581993,0.0208333333333,-0.0208333333333,0,1922,10,193,18467,0.908747044917,0.9994587866,0.000541213400444,0.0912529550827,0.994824016563,0.908747044917,0.9498393872,0.945574650017,0.908205831517,0.904470588235,240,423,0,5,3,5
536,WLNM_dir_neg_kfold,0.825338542103,0.583508997979,00:00:19,10,80,20,15365,threshold_sweep,0.5,0.966386554622,0.543735224586,0.695915279879,230,8,193,838,0.543735224586,0.990543735225,0.00945626477541,0.456264775414,0.966386554622,0.543735224586,0.695915279879,0.841607565012,0.60415024954,0.599867285999,0.645216738924,0.534278959811,2154,1731,423,0,2154,0,1731,0,423,144,2115,0.10270979021,3.28340051934,29.375,15.4379562044,16.5234375,23.125947344,0.787266292563,0.431540583136,18.7178045265,1.27440371245,0.622363409509,10.41950078,0.709412819061,0.401704097715,1.12585631727,0.342893384662,4.14543900894,3.28340051934,1.12585631727,4.14543900894,0.506274862896,0.548025908195,16217,0.0332762894383,0.115809519663,144,144,144,1,0,0.0486111111111,0.840277777778,0.111111111111,144,0.0821678321678,3.01044400087,23.5,13.21875,13.21875,18.6712448598,0.794521057865,0.429845514841,15.168747776,1.29095725753,0.629646046756,8.3561459313,0.711161355855,0.401768124507,1.07265513114,0.356311271967,3.84221554451,3.01044400087,1.07265513114,3.84221554451,0.407171413243,0.441124136487,8429,0.0172957910634,0.091437418136,144,144,144,1,0,0.111111111111,0.777777777778,0.111111111111,144,1930,0.0937257187257,5.30103984658,26.8055555556,14.5112781955,15.078125,21.1138365721,0.787666442069,0.431469487622,16.6805944136,1.24456248475,0.613723373633,10.1625388082,0.758241237499,0.425467760507,2.03897745088,0.384637261724,7.62502619324,5.30103984658,2.03897745088,7.62502619324,0.454154712852,0.505019677134,12576,0.0258051807348,0.114764354242,144,144,144,1,0,0.0763888888889,0.8125,0.111111111111,-185,-0.00898407148407,2.01763932724,-2.56944444444,-0.926678008891,-1.4453125,-2.01211077193,0.00040014950548,-7.10955139906e-05,-2.0372101129,-0.0298412276972,-0.0086400358761,-0.256961971804,0.0488284184386,0.0237636627919,0.913121133606,0.0417438770628,3.4795871843,2.01763932724,0.913121133606,3.4795871843,-0.0521201500435,-0.0430062310605,-3641,-0.0074711087035,-0.00104516542127,0.0277777777778,-0.0277777777778,0,1922,8,193,18469,0.908747044917,0.99956702928,0.000432970720355,0.0912529550827,0.99585492228,0.908747044917,0.950309023486,0.946126510894,0.908314074197,0.905322656618,238,423,0,5,3,5
537,WLNM_dir_neg_kfold,0.825338542103,0.583508997979,00:00:19,10,80,20,15365,threshold_sweep,0.6,0.970464135021,0.543735224586,0.69696969697,230,7,193,839,0.543735224586,0.991725768322,0.00827423167849,0.456264775414,0.970464135021,0.543735224586,0.69696969697,0.842395587076,0.604412923562,0.601593625498,0.647692968871,0.535460992908,2154,1731,423,0,2154,0,1731,0,423,144,2115,0.10270979021,3.28340051934,29.375,15.4379562044,16.5234375,23.125947344,0.787266292563,0.431540583136,18.7178045265,1.27440371245,0.622363409509,10.41950078,0.709412819061,0.401704097715,1.12585631727,0.342893384662,4.14543900894,3.28340051934,1.12585631727,4.14543900894,0.506274862896,0.548025908195,16217,0.0332762894383,0.115809519663,144,144,144,1,0,0.0486111111111,0.840277777778,0.111111111111,144,0.0821678321678,3.01044400087,23.5,13.21875,13.21875,18.6712448598,0.794521057865,0.429845514841,15.168747776,1.29095725753,0.629646046756,8.3561459313,0.711161355855,0.401768124507,1.07265513114,0.356311271967,3.84221554451,3.01044400087,1.07265513114,3.84221554451,0.407171413243,0.441124136487,8429,0.0172957910634,0.091437418136,144,144,144,1,0,0.111111111111,0.777777777778,0.111111111111,144,1929,0.0936771561772,5.30069274786,26.7916666667,14.5037593985,15.0703125,21.0987935889,0.787513291034,0.431376360809,16.6738431519,1.24470368786,0.613742727953,10.1700360308,0.759193980524,0.426059126778,2.03873410148,0.384616539471,7.6244387912,5.30069274786,2.03873410148,7.6244387912,0.453961328323,0.504577073086,12549,0.0257497783906,0.114801959271,144,144,144,1,0,0.0763888888889,0.8125,0.111111111111,-186,-0.00903263403263,2.01729222852,-2.58333333333,-0.934196805883,-1.453125,-2.02715375509,0.000246998470721,-0.000164222327619,-2.04396137463,-0.0297000245886,-0.00862068155534,-0.249464749187,0.0497811614631,0.0243550290637,0.912877784204,0.0417231548093,3.47899978226,2.01729222852,0.912877784204,3.47899978226,-0.0523135345725,-0.0434488351091,-3668,-0.00752651104764,-0.00100756039206,0.0277777777778,-0.0277777777778,0,1922,7,193,18470,0.908747044917,0.99962115062,0.000378849380311,0.0912529550827,0.996371176776,0.908747044917,0.950544015826,0.946402749589,0.908368195537,0.90574929312,237,423,0,5,3,5
538,WLNM_dir_neg_kfold,0.825338542103,0.583508997979,00:00:19,10,80,20,15365,threshold_sweep,0.7,0.974576271186,0.543735224586,0.698027314112,230,6,193,840,0.543735224586,0.992907801418,0.00709219858156,0.456264775414,0.974576271186,0.543735224586,0.698027314112,0.843183609141,0.604675597583,0.603322259136,0.650181626779,0.536643026005,2154,1731,423,0,2154,0,1731,0,423,144,2115,0.10270979021,3.28340051934,29.375,15.4379562044,16.5234375,23.125947344,0.787266292563,0.431540583136,18.7178045265,1.27440371245,0.622363409509,10.41950078,0.709412819061,0.401704097715,1.12585631727,0.342893384662,4.14543900894,3.28340051934,1.12585631727,4.14543900894,0.506274862896,0.548025908195,16217,0.0332762894383,0.115809519663,144,144,144,1,0,0.0486111111111,0.840277777778,0.111111111111,144,0.0821678321678,3.01044400087,23.5,13.21875,13.21875,18.6712448598,0.794521057865,0.429845514841,15.168747776,1.29095725753,0.629646046756,8.3561459313,0.711161355855,0.401768124507,1.07265513114,0.356311271967,3.84221554451,3.01044400087,1.07265513114,3.84221554451,0.407171413243,0.441124136487,8429,0.0172957910634,0.091437418136,144,144,144,1,0,0.111111111111,0.777777777778,0.111111111111,144,1928,0.0936285936286,3.21864911378,26.7777777778,14.6060606061,15.0625,21.0863839156,0.787458320499,0.431304748732,16.6792493296,1.24575306196,0.614496887967,10.1768358328,0.760095622368,0.426593476256,1.11562835092,0.34661384683,4.07867536712,3.21864911378,1.11562835092,4.07867536712,0.452861200636,0.504803821588,12540,0.0257313109426,0.116545923819,144,144,144,1,0,0.0833333333333,0.805555555556,0.111111111111,-187,-0.0090811965812,-0.0647514055571,-2.59722222222,-0.831895598319,-1.4609375,-2.03956342845,0.000192027935994,-0.000235834404193,-2.03855519699,-0.0286506504869,-0.00786652154199,-0.242664947145,0.0506828033068,0.0248893785416,-0.0102279663524,0.00372046216824,-0.0667636418221,-0.0647514055571,-0.0102279663524,-0.0667636418221,-0.0534136622592,-0.0432220866072,-3677,-0.00754497849568,0.000736404156256,0.0347222222222,-0.0347222222222,0,1922,6,193,18471,0.908747044917,0.99967527196,0.000324728040266,0.0912529550827,0.996887966805,0.908747044917,0.950779124413,0.946679194141,0.908422316877,0.906176331919,236,423,0,5,3,5
539,WLNM_dir_neg_kfold,0.825338542103,0.583508997979,00:00:19,10,80,20,15365,threshold_sweep,0.8,0.982683982684,0.536643026005,0.694189602446,227,4,196,842,0.536643026005,0.995271867612,0.00472813238771,0.463356973995,0.982683982684,0.536643026005,0.694189602446,0.842395587076,0.605988967691,0.6,0.649819663965,0.531914893617,2154,1731,423,0,2154,0,1731,0,423,144,2115,0.10270979021,3.28340051934,29.375,15.4379562044,16.5234375,23.125947344,0.787266292563,0.431540583136,18.7178045265,1.27440371245,0.622363409509,10.41950078,0.709412819061,0.401704097715,1.12585631727,0.342893384662,4.14543900894,3.28340051934,1.12585631727,4.14543900894,0.506274862896,0.548025908195,16217,0.0332762894383,0.115809519663,144,144,144,1,0,0.0486111111111,0.840277777778,0.111111111111,144,0.0821678321678,3.01044400087,23.5,13.21875,13.21875,18.6712448598,0.794521057865,0.429845514841,15.168747776,1.29095725753,0.629646046756,8.3561459313,0.711161355855,0.401768124507,1.07265513114,0.356311271967,3.84221554451,3.01044400087,1.07265513114,3.84221554451,0.407171413243,0.441124136487,8429,0.0172957910634,0.091437418136,144,144,144,1,0,0.111111111111,0.777777777778,0.111111111111,144,1923,0.0933857808858,3.04196980663,26.7083333333,15.0234375,15.0234375,21.1054213696,0.790218584822,0.43254535737,16.7028613394,1.25076028751,0.617578869821,10.1288680775,0.758479980843,0.425748974403,1.08417995532,0.35640720462,3.90604211437,3.04196980663,1.08417995532,3.90604211437,0.456343644974,0.505954062891,12534,0.0257189993105,0.11771411834,144,144,144,1,0,0.111111111111,0.777777777778,0.111111111111,-192,-0.00932400932401,-0.241430712705,-2.66666666667,-0.41451870438,-1.5,-2.02052597443,0.00295229225845,0.00100477423352,-2.01494318714,-0.0236434249397,-0.00478453968734,-0.290632702452,0.0490671617819,0.0240448766887,-0.0416763619551,0.0135138199583,-0.239396894569,-0.241430712705,-0.0416763619551,-0.239396894569,-0.0499312179215,-0.0420718453038,-3683,-0.00755729012771,0.00190459867676,0.0625,-0.0625,0,1919,4,196,18473,0.907328605201,0.99978351464,0.000216485360178,0.0926713947991,0.997919916797,0.907328605201,0.950470529965,0.946415217721,0.907112119841,0.905615856536,231,423,0,5,3,5
540,WLNM_dir_neg_kfold,0.825338542103,0.583508997979,00:00:19,10,80,20,15365,threshold_sweep,0.9,0.986956521739,0.536643026005,0.695252679939,227,3,196,843,0.536643026005,0.996453900709,0.00354609929078,0.463356973995,0.986956521739,0.536643026005,0.695252679939,0.843183609141,0.606251641713,0.60173448966,0.652363797663,0.533096926714,2154,1731,423,0,2154,0,1731,0,423,144,2115,0.10270979021,3.28340051934,29.375,15.4379562044,16.5234375,23.125947344,0.787266292563,0.431540583136,18.7178045265,1.27440371245,0.622363409509,10.41950078,0.709412819061,0.401704097715,1.12585631727,0.342893384662,4.14543900894,3.28340051934,1.12585631727,4.14543900894,0.506274862896,0.548025908195,16217,0.0332762894383,0.115809519663,144,144,144,1,0,0.0486111111111,0.840277777778,0.111111111111,144,0.0821678321678,3.01044400087,23.5,13.21875,13.21875,18.6712448598,0.794521057865,0.429845514841,15.168747776,1.29095725753,0.629646046756,8.3561459313,0.711161355855,0.401768124507,1.07265513114,0.356311271967,3.84221554451,3.01044400087,1.07265513114,3.84221554451,0.407171413243,0.441124136487,8429,0.0172957910634,0.091437418136,144,144,144,1,0,0.111111111111,0.777777777778,0.111111111111,144,1922,0.0933372183372,3.03956509735,26.6944444444,15.015625,15.015625,21.1078740413,0.790721608206,0.432817377732,16.7065664593,1.25168864211,0.617968840328,10.1190946308,0.758142365675,0.425569429992,1.08462085582,0.356834224991,3.90524695544,3.03956509735,1.08462085582,3.90524695544,0.455509546651,0.50609222484,12530,0.0257107915559,0.117731602517,144,144,144,1,0,0.111111111111,0.777777777778,0.111111111111,-193,-0.00937257187257,-0.243835421981,-2.68055555556,-0.42233120438,-1.5078125,-2.01807330277,0.00345531564279,0.0012767945952,-2.01123806723,-0.0227150703324,-0.00439456918044,-0.300406149206,0.0487295466145,0.0238653322772,-0.0412354614509,0.0139408403293,-0.240192053498,-0.243835421981,-0.0412354614509,-0.240192053498,-0.050765316245,-0.0419336833548,-3687,-0.0075654978824,0.00192208285411,0.0625,-0.0625,0,1919,3,196,18474,0.907328605201,0.99983763598,0.000162364020133,0.0926713947991,0.998439125911,0.907328605201,0.95070596978,0.946692518192,0.907166241181,0.906043437205,230,423,0,5,3,5
541,WLNM_dir_neg_kfold,0.924688004739,0.564144772283,00:00:19,10,80,1,16346,threshold_sweep,0.1,0.95219123506,0.565011820331,0.709198813056,239,12,184,834,0.565011820331,0.985815602837,0.0141843971631,0.434988179669,0.95219123506,0.565011820331,0.709198813056,0.845547675335,0.60073548726,0.613157894737,0.651868760903,0.550827423168,2154,1731,423,0,2154,0,1731,0,423,144,2115,0.10270979021,3.28340051934,29.375,15.4379562044,16.5234375,23.125947344,0.787266292563,0.431540583136,18.7178045265,1.27440371245,0.622363409509,10.41950078,0.709412819061,0.401704097715,1.12585631727,0.342893384662,4.14543900894,3.28340051934,1.12585631727,4.14543900894,0.506274862896,0.548025908195,16217,0.0332762894383,0.115809519663,144,144,144,1,0,0.0486111111111,0.840277777778,0.111111111111,144,0.0821678321678,3.16442097936,23.5,12.7218045113,13.3228346457,18.9009194286,0.804294443768,0.440212930129,15.0818280875,1.28355983724,0.628890858944,8.63518578645,0.734909428634,0.414286183346,1.13795297801,0.359608593621,4.28871048205,3.16442097936,1.13795297801,4.28871048205,0.401839098089,0.456824897614,8812,0.0180816835746,0.0914000825962,144,144,144,1,0,0.0763888888889,0.805555555556,0.118055555556,144,1943,0.094357031857,3.49383949301,26.9861111111,14.0797101449,15.2992125984,21.1187074829,0.782576911359,0.432646394464,16.46993299,1.22062292875,0.603523331618,10.375466307,0.768948609474,0.431995911248,1.1533730119,0.330116198584,4.59951975054,3.49383949301,1.1533730119,4.59951975054,0.447214657618,0.521963583005,13043,0.0267634360944,0.114157418403,144,144,144,1,0,0.0416666666667,0.840277777778,0.118055555556,-172,-0.00835275835276,0.210438973677,-2.38888888889,-1.35824605945,-1.22422490157,-2.00723986111,-0.00468938120373,0.00110581132813,-2.24787153651,-0.0537807836933,-0.018840077891,-0.0440344729504,0.0595357904136,0.0302918135336,0.0275166946232,-0.0127771860771,0.454080741605,0.210438973677,0.0275166946232,0.454080741605,-0.059060205278,-0.0260623251895,-3174,-0.00651285334384,-0.00165210125992,-0.00694444444444,0,0.00694444444444,1931,12,184,18465,0.913002364066,0.999350543919,0.000649456080533,0.0869976359338,0.993823983531,0.913002364066,0.951700344998,0.947479017695,0.912352907986,0.907851433945,251,423,0,5,4,5
542,WLNM_dir_neg_kfold,0.924688004739,0.564144772283,00:00:19,10,80,1,16346,threshold_sweep,0.2,0.959677419355,0.562647754137,0.709388971684,238,10,185,836,0.562647754137,0.988179669031,0.0118203309693,0.437352245863,0.959677419355,0.562647754137,0.709388971684,0.8463356974,0.601523509325,0.614370468029,0.654835487956,0.550827423168,2154,1731,423,0,2154,0,1731,0,423,144,2115,0.10270979021,3.28340051934,29.375,15.4379562044,16.5234375,23.125947344,0.787266292563,0.431540583136,18.7178045265,1.27440371245,0.622363409509,10.41950078,0.709412819061,0.401704097715,1.12585631727,0.342893384662,4.14543900894,3.28340051934,1.12585631727,4.14543900894,0.506274862896,0.548025908195,16217,0.0332762894383,0.115809519663,144,144,144,1,0,0.0486111111111,0.840277777778,0.111111111111,144,0.0821678321678,3.16442097936,23.5,12.7218045113,13.3228346457,18.9009194286,0.804294443768,0.440212930129,15.0818280875,1.28355983724,0.628890858944,8.63518578645,0.734909428634,0.414286183346,1.13795297801,0.359608593621,4.28871048205,3.16442097936,1.13795297801,4.28871048205,0.401839098089,0.456824897614,8812,0.0180816835746,0.0914000825962,144,144,144,1,0,0.0763888888889,0.805555555556,0.118055555556,144,1940,0.0942113442113,3.49498697191,26.9444444444,14.0579710145,15.2755905512,21.0864944607,0.782591546994,0.432599513173,16.4588677586,1.22168915321,0.603887457045,10.3612676037,0.769083780895,0.431994558992,1.1526893219,0.329812194197,4.60348523867,3.49498697191,1.1526893219,4.60348523867,0.446498516792,0.520912700004,12990,0.0266546833448,0.114065489484,144,144,144,1,0,0.0416666666667,0.840277777778,0.118055555556,-175,-0.00849844599845,0.211586452576,-2.43055555556,-1.37998518989,-1.24784694882,-2.03945288336,-0.00467474556889,0.00105893003664,-2.25893676796,-0.0527145592312,-0.0184759524641,-0.0582331762372,0.0596709618338,0.0302904612772,0.0268330046205,-0.0130811904649,0.458046229731,0.211586452576,0.0268330046205,0.458046229731,-0.0597763461033,-0.0271132081909,-3227,-0.00662160609344,-0.00174403017945,-0.00694444444444,0,0.00694444444444,1930,10,185,18467,0.912529550827,0.9994587866,0.000541213400444,0.0874704491726,0.994845360825,0.912529550827,0.951911220715,0.947756194147,0.911988337427,0.908235294118,248,423,0,5,4,5
543,WLNM_dir_neg_kfold,0.924688004739,0.564144772283,00:00:19,10,80,1,16346,threshold_sweep,0.3,0.963265306122,0.557919621749,0.706586826347,236,9,187,837,0.557919621749,0.989361702128,0.0106382978723,0.442080378251,0.963265306122,0.557919621749,0.706586826347,0.845547675335,0.60231153139,0.611624834875,0.653631498508,0.547281323877,2154,1731,423,0,2154,0,1731,0,423,144,2115,0.10270979021,3.28340051934,29.375,15.4379562044,16.5234375,23.125947344,0.787266292563,0.431540583136,18.7178045265,1.27440371245,0.622363409509,10.41950078,0.709412819061,0.401704097715,1.12585631727,0.342893384662,4.14543900894,3.28340051934,1.12585631727,4.14543900894,0.506274862896,0.548025908195,16217,0.0332762894383,0.115809519663,144,144,144,1,0,0.0486111111111,0.840277777778,0.111111111111,144,0.0821678321678,3.16442097936,23.5,12.7218045113,13.3228346457,18.9009194286,0.804294443768,0.440212930129,15.0818280875,1.28355983724,0.628890858944,8.63518578645,0.734909428634,0.414286183346,1.13795297801,0.359608593621,4.28871048205,3.16442097936,1.13795297801,4.28871048205,0.401839098089,0.456824897614,8812,0.0180816835746,0.0914000825962,144,144,144,1,0,0.0763888888889,0.805555555556,0.118055555556,144,1937,0.0940656565657,3.49402963717,26.9027777778,14.0362318841,15.2519685039,21.025565339,0.781538825198,0.432111512648,16.4281993025,1.22130134206,0.603743618425,10.3510614713,0.769516185783,0.432079246257,1.15131917609,0.329510420816,4.60017682835,3.49402963717,1.15131917609,4.60017682835,0.443941340188,0.518526959273,12893,0.0264556452937,0.114017251735,144,144,144,1,0,0.0416666666667,0.840277777778,0.118055555556,-178,-0.00864413364413,0.210629117838,-2.47222222222,-1.40172432032,-1.27146899606,-2.10038200505,-0.00572746736557,0.000570929512097,-2.28960522402,-0.0531023703892,-0.018619791084,-0.0684393086874,0.0601033667227,0.0303751485424,0.0254628588129,-0.0133829638459,0.454737819415,0.210629117838,0.0254628588129,0.454737819415,-0.0623335227072,-0.029498948922,-3324,-0.00682064414459,-0.00179226792781,-0.00694444444444,0,0.00694444444444,1928,9,187,18468,0.91158392435,0.99951290794,0.000487092060399,0.0884160756501,0.995353639649,0.91158392435,0.951628825271,0.947486465387,0.911096832289,0.907721280603,245,423,0,5,4,5
544,WLNM_dir_neg_kfold,0.924688004739,0.564144772283,00:00:19,10,80,1,16346,threshold_sweep,0.4,0.963265306122,0.557919621749,0.706586826347,236,9,187,837,0.557919621749,0.989361702128,0.0106382978723,0.442080378251,0.963265306122,0.557919621749,0.706586826347,0.845547675335,0.60231153139,0.611624834875,0.653631498508,0.547281323877,2154,1731,423,0,2154,0,1731,0,423,144,2115,0.10270979021,3.28340051934,29.375,15.4379562044,16.5234375,23.125947344,0.787266292563,0.431540583136,18.7178045265,1.27440371245,0.622363409509,10.41950078,0.709412819061,0.401704097715,1.12585631727,0.342893384662,4.14543900894,3.28340051934,1.12585631727,4.14543900894,0.506274862896,0.548025908195,16217,0.0332762894383,0.115809519663,144,144,144,1,0,0.0486111111111,0.840277777778,0.111111111111,144,0.0821678321678,3.16442097936,23.5,12.7218045113,13.3228346457,18.9009194286,0.804294443768,0.440212930129,15.0818280875,1.28355983724,0.628890858944,8.63518578645,0.734909428634,0.414286183346,1.13795297801,0.359608593621,4.28871048205,3.16442097936,1.13795297801,4.28871048205,0.401839098089,0.456824897614,8812,0.0180816835746,0.0914000825962,144,144,144,1,0,0.0763888888889,0.805555555556,0.118055555556,144,1937,0.0940656565657,3.49402963717,26.9027777778,14.0362318841,15.2519685039,21.025565339,0.781538825198,0.432111512648,16.4281993025,1.22130134206,0.603743618425,10.3510614713,0.769516185783,0.432079246257,1.15131917609,0.329510420816,4.60017682835,3.49402963717,1.15131917609,4.60017682835,0.443941340188,0.518526959273,12893,0.0264556452937,0.114017251735,144,144,144,1,0,0.0416666666667,0.840277777778,0.118055555556,-178,-0.00864413364413,0.210629117838,-2.47222222222,-1.40172432032,-1.27146899606,-2.10038200505,-0.00572746736557,0.000570929512097,-2.28960522402,-0.0531023703892,-0.018619791084,-0.0684393086874,0.0601033667227,0.0303751485424,0.0254628588129,-0.0133829638459,0.454737819415,0.210629117838,0.0254628588129,0.454737819415,-0.0623335227072,-0.029498948922,-3324,-0.00682064414459,-0.00179226792781,-0.00694444444444,0,0.00694444444444,1928,9,187,18468,0.91158392435,0.99951290794,0.000487092060399,0.0884160756501,0.995353639649,0.91158392435,0.951628825271,0.947486465387,0.911096832289,0.907721280603,245,423,0,5,4,5
545,WLNM_dir_neg_kfold,0.924688004739,0.564144772283,00:00:19,10,80,1,16346,threshold_sweep,0.5,0.987341772152,0.553191489362,0.709090909091,234,3,189,843,0.553191489362,0.996453900709,0.00354609929078,0.446808510638,0.987341772152,0.553191489362,0.709090909091,0.848699763593,0.604412923562,0.617529880478,0.66485039851,0.549645390071,2154,1731,423,0,2154,0,1731,0,423,144,2115,0.10270979021,3.28340051934,29.375,15.4379562044,16.5234375,23.125947344,0.787266292563,0.431540583136,18.7178045265,1.27440371245,0.622363409509,10.41950078,0.709412819061,0.401704097715,1.12585631727,0.342893384662,4.14543900894,3.28340051934,1.12585631727,4.14543900894,0.506274862896,0.548025908195,16217,0.0332762894383,0.115809519663,144,144,144,1,0,0.0486111111111,0.840277777778,0.111111111111,144,0.0821678321678,3.16442097936,23.5,12.7218045113,13.3228346457,18.9009194286,0.804294443768,0.440212930129,15.0818280875,1.28355983724,0.628890858944,8.63518578645,0.734909428634,0.414286183346,1.13795297801,0.359608593621,4.28871048205,3.16442097936,1.13795297801,4.28871048205,0.401839098089,0.456824897614,8812,0.0180816835746,0.0914000825962,144,144,144,1,0,0.0763888888889,0.805555555556,0.118055555556,144,1929,0.0936771561772,3.20466220908,26.7916666667,14.2888888889,15.188976378,21.0500153647,0.785692641916,0.43389997696,16.4674796073,1.2292986332,0.608731495882,10.282865611,0.767616717465,0.431523961753,1.13270768482,0.353456186931,4.20033176176,3.20466220908,1.13270768482,4.20033176176,0.448284085287,0.520512889583,12882,0.0264330739683,0.114721606216,144,144,144,1,0,0.0625,0.819444444444,0.118055555556,-186,-0.00903263403263,-0.078738310258,-2.58333333333,-1.14906731549,-1.33446112205,-2.07593197937,-0.00157365064675,0.00235939382352,-2.25032491928,-0.0451050792441,-0.0136319136272,-0.13663516891,0.0582038984045,0.0298198640386,0.00685136754927,0.0105628022699,0.0548927528164,-0.078738310258,0.00685136754927,0.0548927528164,-0.0579907776089,-0.0275130186116,-3335,-0.00684321546998,-0.00108791344677,0.0138888888889,-0.0208333333333,0.00694444444444,1926,3,189,18474,0.910638297872,0.99983763598,0.000162364020133,0.0893617021277,0.998444790047,0.910638297872,0.952522255193,0.94859874164,0.910475933852,0.909348441926,237,423,0,5,4,5
546,WLNM_dir_neg_kfold,0.924688004739,0.564144772283,00:00:19,10,80,1,16346,threshold_sweep,0.6,0.991489361702,0.550827423168,0.70820668693,233,2,190,844,0.550827423168,0.997635933806,0.00236406619385,0.449172576832,0.991489361702,0.550827423168,0.70820668693,0.848699763593,0.604938271605,0.617021276596,0.665593055708,0.548463356974,2154,1731,423,0,2154,0,1731,0,423,144,2115,0.10270979021,3.28340051934,29.375,15.4379562044,16.5234375,23.125947344,0.787266292563,0.431540583136,18.7178045265,1.27440371245,0.622363409509,10.41950078,0.709412819061,0.401704097715,1.12585631727,0.342893384662,4.14543900894,3.28340051934,1.12585631727,4.14543900894,0.506274862896,0.548025908195,16217,0.0332762894383,0.115809519663,144,144,144,1,0,0.0486111111111,0.840277777778,0.111111111111,144,0.0821678321678,3.16442097936,23.5,12.7218045113,13.3228346457,18.9009194286,0.804294443768,0.440212930129,15.0818280875,1.28355983724,0.628890858944,8.63518578645,0.734909428634,0.414286183346,1.13795297801,0.359608593621,4.28871048205,3.16442097936,1.13795297801,4.28871048205,0.401839098089,0.456824897614,8812,0.0180816835746,0.0914000825962,144,144,144,1,0,0.0763888888889,0.805555555556,0.118055555556,144,1927,0.09358003108,3.17934086443,26.7638888889,14.4887218045,15.1732283465,21.0593520614,0.786856952995,0.434361125526,16.4784226483,1.23139224772,0.610257020123,10.2793135521,0.768147976906,0.431712362336,1.13689422367,0.357588025994,4.1128256773,3.17934086443,1.13689422367,4.1128256773,0.449370933488,0.520972373903,12880,0.0264289700909,0.116440795768,144,144,144,1,0,0.0763888888889,0.805555555556,0.118055555556,-188,-0.00912975912976,-0.104059654902,-2.61111111111,-0.949234399868,-1.35020915354,-2.06659528264,-0.000409339568171,0.00282054238982,-2.23938187824,-0.043011464726,-0.0121063893854,-0.140187227885,0.0587351578454,0.0300082646217,0.0110379063995,0.0146946413322,-0.0326133316341,-0.104059654902,0.0110379063995,-0.0326133316341,-0.0569039294081,-0.027053534292,-3337,-0.00684731934732,0.000631276104502,0.0277777777778,-0.0347222222222,0.00694444444444,1925,2,190,18475,0.910165484634,0.99989175732,0.000108242680089,0.0898345153664,0.998962117281,0.910165484634,0.952498762989,0.948603605039,0.910057241953,0.909305621162,235,423,0,5,4,5
547,WLNM_dir_neg_kfold,0.924688004739,0.564144772283,00:00:19,10,80,1,16346,threshold_sweep,0.7,0.991452991453,0.548463356974,0.706240487062,232,2,191,844,0.548463356974,0.997635933806,0.00236406619385,0.451536643026,0.991452991453,0.548463356974,0.706240487062,0.847911741529,0.605200945626,0.614770459082,0.663817770144,0.54609929078,2154,1731,423,0,2154,0,1731,0,423,144,2115,0.10270979021,3.28340051934,29.375,15.4379562044,16.5234375,23.125947344,0.787266292563,0.431540583136,18.7178045265,1.27440371245,0.622363409509,10.41950078,0.709412819061,0.401704097715,1.12585631727,0.342893384662,4.14543900894,3.28340051934,1.12585631727,4.14543900894,0.506274862896,0.548025908195,16217,0.0332762894383,0.115809519663,144,144,144,1,0,0.0486111111111,0.840277777778,0.111111111111,144,0.0821678321678,3.16442097936,23.5,12.7218045113,13.3228346457,18.9009194286,0.804294443768,0.440212930129,15.0818280875,1.28355983724,0.628890858944,8.63518578645,0.734909428634,0.414286183346,1.13795297801,0.359608593621,4.28871048205,3.16442097936,1.13795297801,4.28871048205,0.401839098089,0.456824897614,8812,0.0180816835746,0.0914000825962,144,144,144,1,0,0.0763888888889,0.805555555556,0.118055555556,144,1926,0.0935314685315,3.17727430751,26.75,14.4812030075,15.1653543307,21.0658308825,0.787507696541,0.43462991808,16.4817657245,1.2322815495,0.610476520134,10.2771897604,0.768388019467,0.431795892466,1.13587920597,0.357501145963,4.11107617515,3.17727430751,1.13587920597,4.11107617515,0.44958899044,0.521163807057,12879,0.0264269181523,0.116399785286,144,144,144,1,0,0.0763888888889,0.805555555556,0.118055555556,-189,-0.00917832167832,-0.106126211826,-2.625,-0.956753196861,-1.35808316929,-2.06011646156,0.000241403978134,0.00308933494375,-2.236038802,-0.0421221629469,-0.011886889375,-0.142311019587,0.058975200406,0.0300917947509,0.0100228887,0.0146077613018,-0.0343628337914,-0.106126211826,0.0100228887,-0.0343628337914,-0.0566858724559,-0.0268621011376,-3338,-0.00684937128599,0.000590265622617,0.0277777777778,-0.0347222222222,0.00694444444444,1924,2,191,18475,0.909692671395,0.99989175732,0.000108242680089,0.0903073286052,0.998961578401,0.909692671395,0.952239544667,0.948331464404,0.909584428715,0.908833254606,234,423,0,5,4,5
548,WLNM_dir_neg_kfold,0.924688004739,0.564144772283,00:00:19,10,80,1,16346,threshold_sweep,0.8,0.991416309013,0.54609929078,0.704268292683,231,2,192,844,0.54609929078,0.997635933806,0.00236406619385,0.45390070922,0.991416309013,0.54609929078,0.704268292683,0.847123719464,0.605463619648,0.612516644474,0.662041167125,0.543735224586,2154,1731,423,0,2154,0,1731,0,423,144,2115,0.10270979021,3.28340051934,29.375,15.4379562044,16.5234375,23.125947344,0.787266292563,0.431540583136,18.7178045265,1.27440371245,0.622363409509,10.41950078,0.709412819061,0.401704097715,1.12585631727,0.342893384662,4.14543900894,3.28340051934,1.12585631727,4.14543900894,0.506274862896,0.548025908195,16217,0.0332762894383,0.115809519663,144,144,144,1,0,0.0486111111111,0.840277777778,0.111111111111,144,0.0821678321678,3.16442097936,23.5,12.7218045113,13.3228346457,18.9009194286,0.804294443768,0.440212930129,15.0818280875,1.28355983724,0.628890858944,8.63518578645,0.734909428634,0.414286183346,1.13795297801,0.359608593621,4.28871048205,3.16442097936,1.13795297801,4.28871048205,0.401839098089,0.456824897614,8812,0.0180816835746,0.0914000825962,144,144,144,1,0,0.0763888888889,0.805555555556,0.118055555556,144,1925,0.0934829059829,3.17683451239,26.7361111111,14.4736842105,15.157480315,21.0407483817,0.786978640771,0.434386724387,16.4744967251,1.23237793684,0.610465367965,10.2655282533,0.767914840764,0.431554834055,1.13535228929,0.357384775587,4.1095563234,3.17683451239,1.13535228929,4.1095563234,0.448529794511,0.51973355312,12822,0.026309957648,0.116349116474,144,144,144,1,0,0.0763888888889,0.805555555556,0.118055555556,-190,-0.00922688422688,-0.106566006945,-2.63888888889,-0.964271993853,-1.36595718504,-2.08519896232,-0.00028765179212,0.0028461412504,-2.2433078014,-0.0420257756038,-0.0118980415434,-0.153972526691,0.0585020217029,0.0298507363401,0.00949597201264,0.0144913909253,-0.0358826855402,-0.106566006945,0.00949597201264,-0.0358826855402,-0.0577450683847,-0.0282923550744,-3395,-0.00696633179028,0.000539596811106,0.0277777777778,-0.0347222222222,0.00694444444444,1923,2,192,18475,0.909219858156,0.99989175732,0.000108242680089,0.090780141844,0.998961038961,0.909219858156,0.95198019802,0.948059274821,0.909111615476,0.908360888049,233,423,0,5,4,5
549,WLNM_dir_neg_kfold,0.924688004739,0.564144772283,00:00:19,10,80,1,16346,threshold_sweep,0.9,0.991341991342,0.541371158392,0.700305810398,229,2,194,844,0.541371158392,0.997635933806,0.00236406619385,0.458628841608,0.991341991342,0.541371158392,0.700305810398,0.845547675335,0.605988967691,0.608,0.658483926152,0.539007092199,2154,1731,423,0,2154,0,1731,0,423,144,2115,0.10270979021,3.28340051934,29.375,15.4379562044,16.5234375,23.125947344,0.787266292563,0.431540583136,18.7178045265,1.27440371245,0.622363409509,10.41950078,0.709412819061,0.401704097715,1.12585631727,0.342893384662,4.14543900894,3.28340051934,1.12585631727,4.14543900894,0.506274862896,0.548025908195,16217,0.0332762894383,0.115809519663,144,144,144,1,0,0.0486111111111,0.840277777778,0.111111111111,144,0.0821678321678,3.16442097936,23.5,12.7218045113,13.3228346457,18.9009194286,0.804294443768,0.440212930129,15.0818280875,1.28355983724,0.628890858944,8.63518578645,0.734909428634,0.414286183346,1.13795297801,0.359608593621,4.28871048205,3.16442097936,1.13795297801,4.28871048205,0.401839098089,0.456824897614,8812,0.0180816835746,0.0914000825962,144,144,144,1,0,0.0763888888889,0.805555555556,0.118055555556,144,1923,0.0933857808858,3.1775419944,26.7083333333,14.4586466165,15.1417322835,21.0284106852,0.78733518946,0.434513491651,16.4709826431,1.23339651618,0.610681371699,10.2612508609,0.768393200194,0.431700323568,1.13526823486,0.357278750954,4.11011476091,3.1775419944,1.13526823486,4.11011476091,0.448023750068,0.518809817114,12775,0.0262135165304,0.116393057608,144,144,144,1,0,0.0763888888889,0.805555555556,0.118055555556,-192,-0.00932400932401,-0.105858524935,-2.66666666667,-0.979309587838,-1.38170521654,-2.09753665888,6.88968970808e-05,0.00297290851445,-2.24682188339,-0.0410071962659,-0.0116820378095,-0.158249919034,0.058980381133,0.0299962258538,0.0094119175882,0.0143853662922,-0.0353242480335,-0.105858524935,0.0094119175882,-0.0353242480335,-0.0582511128276,-0.0292160910813,-3442,-0.00706277290784,0.000583537945139,0.0277777777778,-0.0347222222222,0.00694444444444,1921,2,194,18475,0.908274231678,0.99989175732,0.000108242680089,0.0917257683215,0.998959958398,0.908274231678,0.951461119366,0.947514748624,0.908165988998,0.907416154936,231,423,0,5,4,5
550,WLNM_dir_neg_kfold,0.901666303394,0.407766319665,00:00:19,10,80,2,16347,threshold_sweep,0.1,0.93359375,0.565011820331,0.703976435935,239,17,184,829,0.565011820331,0.979905437352,0.0200945626478,0.434988179669,0.93359375,0.565011820331,0.703976435935,0.841607565012,0.599422117153,0.604590163934,0.640119743028,0.544917257683,2154,1731,423,0,2154,0,1731,0,423,144,2115,0.10270979021,3.28340051934,29.375,15.4379562044,16.5234375,23.125947344,0.787266292563,0.431540583136,18.7178045265,1.27440371245,0.622363409509,10.41950078,0.709412819061,0.401704097715,1.12585631727,0.342893384662,4.14543900894,3.28340051934,1.12585631727,4.14543900894,0.506274862896,0.548025908195,16217,0.0332762894383,0.115809519663,144,144,144,1,0,0.0486111111111,0.840277777778,0.111111111111,144,0.0821678321678,3.16442097936,23.5,12.7218045113,13.3228346457,18.9009194286,0.804294443768,0.440212930129,15.0818280875,1.28355983724,0.628890858944,8.63518578645,0.734909428634,0.414286183346,1.13795297801,0.359608593621,4.28871048205,3.16442097936,1.13795297801,4.28871048205,0.401839098089,0.456824897614,8812,0.0180816835746,0.0914000825962,144,144,144,1,0,0.0763888888889,0.805555555556,0.118055555556,144,1948,0.0945998445998,5.08417033347,27.0555555556,13.8156028369,15.3385826772,21.0466607081,0.777905323913,0.430398699521,16.4239908289,1.21409377791,0.599575062742,10.445961139,0.772186039025,0.433550079854,1.48645185613,0.292368618405,6.15534821272,5.08417033347,1.48645185613,6.15534821272,0.454344847562,0.521378098926,13060,0.0267983190518,0.111965837781,144,144,144,1,0,0.0208333333333,0.861111111111,0.118055555556,-167,-0.00810994560995,1.80076981414,-2.31944444444,-1.6223533675,-1.18485482283,-2.07928663594,-0.00936096864977,-0.00114188361545,-2.29381369765,-0.0603099345395,-0.0227883467664,0.0264603590733,0.0627732199639,0.0318459821392,0.360595538859,-0.0505247662565,2.00990920378,1.80076981414,0.360595538859,2.00990920378,-0.0519300153339,-0.0266478092688,-3157,-0.00647797038642,-0.0038436818822,-0.0277777777778,0.0208333333333,0.00694444444444,1931,17,184,18460,0.913002364066,0.999079937219,0.000920062780754,0.0869976359338,0.991273100616,0.913002364066,0.950529165641,0.946108447765,0.912082301285,0.905722326454,256,423,0,5,4,5
551,WLNM_dir_neg_kfold,0.901666303394,0.407766319665,00:00:19,10,80,2,16347,threshold_sweep,0.2,0.948207171315,0.562647754137,0.706231454006,238,13,185,833,0.562647754137,0.98463356974,0.01536643026,0.437352245863,0.948207171315,0.562647754137,0.706231454006,0.843971631206,0.60073548726,0.609210526316,0.647672180897,0.547281323877,2154,1731,423,0,2154,0,1731,0,423,144,2115,0.10270979021,3.28340051934,29.375,15.4379562044,16.5234375,23.125947344,0.787266292563,0.431540583136,18.7178045265,1.27440371245,0.622363409509,10.41950078,0.709412819061,0.401704097715,1.12585631727,0.342893384662,4.14543900894,3.28340051934,1.12585631727,4.14543900894,0.506274862896,0.548025908195,16217,0.0332762894383,0.115809519663,144,144,144,1,0,0.0486111111111,0.840277777778,0.111111111111,144,0.0821678321678,3.16442097936,23.5,12.7218045113,13.3228346457,18.9009194286,0.804294443768,0.440212930129,15.0818280875,1.28355983724,0.628890858944,8.63518578645,0.734909428634,0.414286183346,1.13795297801,0.359608593621,4.28871048205,3.16442097936,1.13795297801,4.28871048205,0.401839098089,0.456824897614,8812,0.0180816835746,0.0914000825962,144,144,144,1,0,0.0763888888889,0.805555555556,0.118055555556,144,1943,0.094357031857,4.67894944467,26.9861111111,13.8785714286,15.2992125984,21.0543705448,0.780192835421,0.431302539029,16.4465638334,1.2188909892,0.602215217018,10.387591123,0.769847206237,0.432753616973,1.45572639191,0.311122487885,5.75029925389,4.67894944467,1.45572639191,5.75029925389,0.44837992804,0.522381683466,13043,0.0267634360944,0.110480173302,144,144,144,1,0,0.0277777777778,0.854166666667,0.118055555556,-172,-0.00835275835276,1.39554892534,-2.38888888889,-1.55938477581,-1.22422490157,-2.07157679927,-0.0070734571419,-0.000238044107335,-2.27124069311,-0.0555127232463,-0.0201481924904,-0.0319096569113,0.0604343871761,0.0310495192579,0.32987007464,-0.0317708967768,1.60486024495,1.39554892534,0.32987007464,1.60486024495,-0.0578949348562,-0.0256442247292,-3174,-0.00651285334384,-0.00532934636152,-0.0208333333333,0.0138888888889,0.00694444444444,1930,13,185,18464,0.912529550827,0.999296422579,0.000703577420577,0.0874704491726,0.993309315492,0.912529550827,0.951207491375,0.946931795833,0.911825973407,0.906954887218,251,423,0,5,4,5
552,WLNM_dir_neg_kfold,0.901666303394,0.407766319665,00:00:19,10,80,2,16347,threshold_sweep,0.3,0.951417004049,0.555555555556,0.701492537313,235,12,188,834,0.555555555556,0.985815602837,0.0141843971631,0.444444444444,0.951417004049,0.555555555556,0.701492537313,0.842395587076,0.601786183346,0.604221635884,0.644579598565,0.541371158392,2154,1731,423,0,2154,0,1731,0,423,144,2115,0.10270979021,3.28340051934,29.375,15.4379562044,16.5234375,23.125947344,0.787266292563,0.431540583136,18.7178045265,1.27440371245,0.622363409509,10.41950078,0.709412819061,0.401704097715,1.12585631727,0.342893384662,4.14543900894,3.28340051934,1.12585631727,4.14543900894,0.506274862896,0.548025908195,16217,0.0332762894383,0.115809519663,144,144,144,1,0,0.0486111111111,0.840277777778,0.111111111111,144,0.0821678321678,3.16442097936,23.5,12.7218045113,13.3228346457,18.9009194286,0.804294443768,0.440212930129,15.0818280875,1.28355983724,0.628890858944,8.63518578645,0.734909428634,0.414286183346,1.13795297801,0.359608593621,4.28871048205,3.16442097936,1.13795297801,4.28871048205,0.401839098089,0.456824897614,8812,0.0180816835746,0.0914000825962,144,144,144,1,0,0.0763888888889,0.805555555556,0.118055555556,144,1939,0.0941627816628,4.67550928807,26.9305555556,13.85,15.2677165354,21.0156960249,0.780366226813,0.431429430978,16.4265320067,1.2199177973,0.602597988654,10.3646205605,0.769729427906,0.432586241476,1.45364885197,0.310907061115,5.7419863164,4.67550928807,1.45364885197,5.7419863164,0.447010119307,0.520256320884,12936,0.0265438786566,0.11095709432,144,144,144,1,0,0.0277777777778,0.854166666667,0.118055555556,-176,-0.00854700854701,1.39210876874,-2.44444444444,-1.58795620438,-1.25572096457,-2.11025131918,-0.00690006575027,-0.00011115215816,-2.2912725198,-0.0544859151422,-0.0197654208549,-0.0548802194692,0.0603166088454,0.0308821437614,0.327792534698,-0.0319863235461,1.59654730746,1.39210876874,0.327792534698,1.59654730746,-0.0592647435882,-0.0277695873112,-3281,-0.00673241078171,-0.00485242534331,-0.0208333333333,0.0138888888889,0.00694444444444,1927,12,188,18465,0.911111111111,0.999350543919,0.000649456080533,0.0888888888889,0.993811242909,0.911111111111,0.95066600888,0.946388219004,0.910461655031,0.905970850964,247,423,0,5,4,5
553,WLNM_dir_neg_kfold,0.901666303394,0.407766319665,00:00:19,10,80,2,16347,threshold_sweep,0.4,0.951417004049,0.555555555556,0.701492537313,235,12,188,834,0.555555555556,0.985815602837,0.0141843971631,0.444444444444,0.951417004049,0.555555555556,0.701492537313,0.842395587076,0.601786183346,0.604221635884,0.644579598565,0.541371158392,2154,1731,423,0,2154,0,1731,0,423,144,2115,0.10270979021,3.28340051934,29.375,15.4379562044,16.5234375,23.125947344,0.787266292563,0.431540583136,18.7178045265,1.27440371245,0.622363409509,10.41950078,0.709412819061,0.401704097715,1.12585631727,0.342893384662,4.14543900894,3.28340051934,1.12585631727,4.14543900894,0.506274862896,0.548025908195,16217,0.0332762894383,0.115809519663,144,144,144,1,0,0.0486111111111,0.840277777778,0.111111111111,144,0.0821678321678,3.16442097936,23.5,12.7218045113,13.3228346457,18.9009194286,0.804294443768,0.440212930129,15.0818280875,1.28355983724,0.628890858944,8.63518578645,0.734909428634,0.414286183346,1.13795297801,0.359608593621,4.28871048205,3.16442097936,1.13795297801,4.28871048205,0.401839098089,0.456824897614,8812,0.0180816835746,0.0914000825962,144,144,144,1,0,0.0763888888889,0.805555555556,0.118055555556,144,1939,0.0941627816628,4.67550928807,26.9305555556,13.85,15.2677165354,21.0156960249,0.780366226813,0.431429430978,16.4265320067,1.2199177973,0.602597988654,10.3646205605,0.769729427906,0.432586241476,1.45364885197,0.310907061115,5.7419863164,4.67550928807,1.45364885197,5.7419863164,0.447010119307,0.520256320884,12936,0.0265438786566,0.11095709432,144,144,144,1,0,0.0277777777778,0.854166666667,0.118055555556,-176,-0.00854700854701,1.39210876874,-2.44444444444,-1.58795620438,-1.25572096457,-2.11025131918,-0.00690006575027,-0.00011115215816,-2.2912725198,-0.0544859151422,-0.0197654208549,-0.0548802194692,0.0603166088454,0.0308821437614,0.327792534698,-0.0319863235461,1.59654730746,1.39210876874,0.327792534698,1.59654730746,-0.0592647435882,-0.0277695873112,-3281,-0.00673241078171,-0.00485242534331,-0.0208333333333,0.0138888888889,0.00694444444444,1927,12,188,18465,0.911111111111,0.999350543919,0.000649456080533,0.0888888888889,0.993811242909,0.911111111111,0.95066600888,0.946388219004,0.910461655031,0.905970850964,247,423,0,5,4,5
554,WLNM_dir_neg_kfold,0.901666303394,0.407766319665,00:00:19,10,80,2,16347,threshold_sweep,0.5,0.983122362869,0.550827423168,0.706060606061,233,4,190,842,0.550827423168,0.995271867612,0.00472813238771,0.449172576832,0.983122362869,0.550827423168,0.706060606061,0.847123719464,0.604412923562,0.613545816733,0.6605610411,0.54609929078,2154,1731,423,0,2154,0,1731,0,423,144,2115,0.10270979021,3.28340051934,29.375,15.4379562044,16.5234375,23.125947344,0.787266292563,0.431540583136,18.7178045265,1.27440371245,0.622363409509,10.41950078,0.709412819061,0.401704097715,1.12585631727,0.342893384662,4.14543900894,3.28340051934,1.12585631727,4.14543900894,0.506274862896,0.548025908195,16217,0.0332762894383,0.115809519663,144,144,144,1,0,0.0486111111111,0.840277777778,0.111111111111,144,0.0821678321678,3.16442097936,23.5,12.7218045113,13.3228346457,18.9009194286,0.804294443768,0.440212930129,15.0818280875,1.28355983724,0.628890858944,8.63518578645,0.734909428634,0.414286183346,1.13795297801,0.359608593621,4.28871048205,3.16442097936,1.13795297801,4.28871048205,0.401839098089,0.456824897614,8812,0.0180816835746,0.0914000825962,144,144,144,1,0,0.0763888888889,0.805555555556,0.118055555556,144,1929,0.0936771561772,3.17029374993,26.7916666667,14.3955223881,15.188976378,21.0619714974,0.786138905035,0.434000777605,16.4789413189,1.23015425087,0.609581101319,10.282865611,0.767616717465,0.431451961293,1.13042062377,0.356566524409,4.14942578765,3.17029374993,1.13042062377,4.14942578765,0.449996410493,0.522097438798,12924,0.0265192553925,0.11494561803,144,144,144,1,0,0.0694444444444,0.8125,0.118055555556,-186,-0.00903263403263,-0.113106769405,-2.58333333333,-1.04243381632,-1.33446112205,-2.06397584666,-0.00112738752858,0.00246019446865,-2.2388632076,-0.0442494615758,-0.0127823081898,-0.13663516891,0.0582038984045,0.0297478635778,0.0045643064943,0.0136731397476,0.00398677871069,-0.113106769405,0.0045643064943,0.00398677871069,-0.0562784524027,-0.0259284693971,-3293,-0.00675703404577,-0.000863901633231,0.0208333333333,-0.0277777777778,0.00694444444444,1925,4,190,18473,0.910165484634,0.99978351464,0.000216485360178,0.0898345153664,0.997926386729,0.910165484634,0.952027695351,0.948049743627,0.909948999273,0.90844738084,237,423,0,5,4,5
555,WLNM_dir_neg_kfold,0.901666303394,0.407766319665,00:00:19,10,80,2,16347,threshold_sweep,0.6,0.982978723404,0.54609929078,0.702127659574,231,4,192,842,0.54609929078,0.995271867612,0.00472813238771,0.45390070922,0.982978723404,0.54609929078,0.702127659574,0.845547675335,0.604938271605,0.609042553191,0.656986248954,0.541371158392,2154,1731,423,0,2154,0,1731,0,423,144,2115,0.10270979021,3.28340051934,29.375,15.4379562044,16.5234375,23.125947344,0.787266292563,0.431540583136,18.7178045265,1.27440371245,0.622363409509,10.41950078,0.709412819061,0.401704097715,1.12585631727,0.342893384662,4.14543900894,3.28340051934,1.12585631727,4.14543900894,0.506274862896,0.548025908195,16217,0.0332762894383,0.115809519663,144,144,144,1,0,0.0486111111111,0.840277777778,0.111111111111,144,0.0821678321678,3.16442097936,23.5,12.7218045113,13.3228346457,18.9009194286,0.804294443768,0.440212930129,15.0818280875,1.28355983724,0.628890858944,8.63518578645,0.734909428634,0.414286183346,1.13795297801,0.359608593621,4.28871048205,3.16442097936,1.13795297801,4.28871048205,0.401839098089,0.456824897614,8812,0.0180816835746,0.0914000825962,144,144,144,1,0,0.0763888888889,0.805555555556,0.118055555556,144,1927,0.09358003108,3.15636900138,26.7638888889,14.4887218045,15.1732283465,21.0450685588,0.786323267376,0.434022372139,16.4767250666,1.23126539159,0.610329095312,10.2691039966,0.767385041777,0.431294326241,1.13063727306,0.358208204605,4.10130450597,3.15636900138,1.13063727306,4.10130450597,0.449568729651,0.521117828035,12873,0.0264146065202,0.115800863802,144,144,144,1,0,0.0763888888889,0.805555555556,0.118055555556,-188,-0.00912975912976,-0.127031517957,-2.61111111111,-0.949234399868,-1.35020915354,-2.08087878524,-0.000943025186852,0.00248178900229,-2.24107945995,-0.0431383208578,-0.0120343141966,-0.150396783404,0.0579722227158,0.0295902285264,0.00478095578115,0.0153148199438,-0.0441345029684,-0.127031517957,0.00478095578115,-0.0441345029684,-0.0567061332449,-0.0269080801601,-3344,-0.00686168291802,-8.65586121877e-06,0.0277777777778,-0.0347222222222,0.00694444444444,1923,4,192,18473,0.909219858156,0.99978351464,0.000216485360178,0.090780141844,0.997924234561,0.909219858156,0.951509153884,0.947505098224,0.909003372796,0.907503539405,235,423,0,5,4,5
556,WLNM_dir_neg_kfold,0.901666303394,0.407766319665,00:00:19,10,80,2,16347,threshold_sweep,0.7,0.982905982906,0.543735224586,0.700152207002,230,4,193,842,0.543735224586,0.995271867612,0.00472813238771,0.456264775414,0.982905982906,0.543735224586,0.700152207002,0.84475965327,0.605200945626,0.606786427146,0.655196760142,0.539007092199,2154,1731,423,0,2154,0,1731,0,423,144,2115,0.10270979021,3.28340051934,29.375,15.4379562044,16.5234375,23.125947344,0.787266292563,0.431540583136,18.7178045265,1.27440371245,0.622363409509,10.41950078,0.709412819061,0.401704097715,1.12585631727,0.342893384662,4.14543900894,3.28340051934,1.12585631727,4.14543900894,0.506274862896,0.548025908195,16217,0.0332762894383,0.115809519663,144,144,144,1,0,0.0486111111111,0.840277777778,0.111111111111,144,0.0821678321678,3.16442097936,23.5,12.7218045113,13.3228346457,18.9009194286,0.804294443768,0.440212930129,15.0818280875,1.28355983724,0.628890858944,8.63518578645,0.734909428634,0.414286183346,1.13795297801,0.359608593621,4.28871048205,3.16442097936,1.13795297801,4.28871048205,0.401839098089,0.456824897614,8812,0.0180816835746,0.0914000825962,144,144,144,1,0,0.0763888888889,0.805555555556,0.118055555556,144,1926,0.0935314685315,3.15636900138,26.75,14.4812030075,15.1653543307,21.0538769415,0.787060820241,0.434381129572,16.4809171277,1.23221810301,0.610822660667,10.2717448011,0.767980919708,0.431572343371,1.13063727306,0.358208204605,4.10130450597,3.15636900138,1.13063727306,4.10130450597,0.450088428271,0.521300720823,12873,0.0264146065202,0.11591539504,144,144,144,1,0,0.0763888888889,0.805555555556,0.118055555556,-189,-0.00917832167832,-0.127031517957,-2.625,-0.956753196861,-1.35808316929,-2.07207040259,-0.000205472322025,0.00284054643561,-2.23688739882,-0.0421856094384,-0.0115407488419,-0.147755978865,0.0585681006469,0.0298682456567,0.00478095578115,0.0153148199438,-0.0441345029684,-0.127031517957,0.00478095578115,-0.0441345029684,-0.0561864346247,-0.026725187372,-3344,-0.00686168291802,0.00010587537701,0.0277777777778,-0.0347222222222,0.00694444444444,1922,4,193,18473,0.908747044917,0.99978351464,0.000216485360178,0.0912529550827,0.997923156802,0.908747044917,0.951249690671,0.947232701881,0.908530559557,0.907031618688,234,423,0,5,4,5
557,WLNM_dir_neg_kfold,0.901666303394,0.407766319665,00:00:19,10,80,2,16347,threshold_sweep,0.8,0.982905982906,0.543735224586,0.700152207002,230,4,193,842,0.543735224586,0.995271867612,0.00472813238771,0.456264775414,0.982905982906,0.543735224586,0.700152207002,0.84475965327,0.605200945626,0.606786427146,0.655196760142,0.539007092199,2154,1731,423,0,2154,0,1731,0,423,144,2115,0.10270979021,3.28340051934,29.375,15.4379562044,16.5234375,23.125947344,0.787266292563,0.431540583136,18.7178045265,1.27440371245,0.622363409509,10.41950078,0.709412819061,0.401704097715,1.12585631727,0.342893384662,4.14543900894,3.28340051934,1.12585631727,4.14543900894,0.506274862896,0.548025908195,16217,0.0332762894383,0.115809519663,144,144,144,1,0,0.0486111111111,0.840277777778,0.111111111111,144,0.0821678321678,3.16442097936,23.5,12.7218045113,13.3228346457,18.9009194286,0.804294443768,0.440212930129,15.0818280875,1.28355983724,0.628890858944,8.63518578645,0.734909428634,0.414286183346,1.13795297801,0.359608593621,4.28871048205,3.16442097936,1.13795297801,4.28871048205,0.401839098089,0.456824897614,8812,0.0180816835746,0.0914000825962,144,144,144,1,0,0.0763888888889,0.805555555556,0.118055555556,144,1926,0.0935314685315,3.15636900138,26.75,14.4812030075,15.1653543307,21.0538769415,0.787060820241,0.434381129572,16.4809171277,1.23221810301,0.610822660667,10.2717448011,0.767980919708,0.431572343371,1.13063727306,0.358208204605,4.10130450597,3.15636900138,1.13063727306,4.10130450597,0.450088428271,0.521300720823,12873,0.0264146065202,0.11591539504,144,144,144,1,0,0.0763888888889,0.805555555556,0.118055555556,-189,-0.00917832167832,-0.127031517957,-2.625,-0.956753196861,-1.35808316929,-2.07207040259,-0.000205472322025,0.00284054643561,-2.23688739882,-0.0421856094384,-0.0115407488419,-0.147755978865,0.0585681006469,0.0298682456567,0.00478095578115,0.0153148199438,-0.0441345029684,-0.127031517957,0.00478095578115,-0.0441345029684,-0.0561864346247,-0.026725187372,-3344,-0.00686168291802,0.00010587537701,0.0277777777778,-0.0347222222222,0.00694444444444,1922,4,193,18473,0.908747044917,0.99978351464,0.000216485360178,0.0912529550827,0.997923156802,0.908747044917,0.951249690671,0.947232701881,0.908530559557,0.907031618688,234,423,0,5,4,5
558,WLNM_dir_neg_kfold,0.901666303394,0.407766319665,00:00:19,10,80,2,16347,threshold_sweep,0.9,0.982832618026,0.541371158392,0.698170731707,229,4,194,842,0.541371158392,0.995271867612,0.00472813238771,0.458628841608,0.982832618026,0.541371158392,0.698170731707,0.843971631206,0.605463619648,0.604527296937,0.653405847554,0.536643026005,2154,1731,423,0,2154,0,1731,0,423,144,2115,0.10270979021,3.28340051934,29.375,15.4379562044,16.5234375,23.125947344,0.787266292563,0.431540583136,18.7178045265,1.27440371245,0.622363409509,10.41950078,0.709412819061,0.401704097715,1.12585631727,0.342893384662,4.14543900894,3.28340051934,1.12585631727,4.14543900894,0.506274862896,0.548025908195,16217,0.0332762894383,0.115809519663,144,144,144,1,0,0.0486111111111,0.840277777778,0.111111111111,144,0.0821678321678,3.16442097936,23.5,12.7218045113,13.3228346457,18.9009194286,0.804294443768,0.440212930129,15.0818280875,1.28355983724,0.628890858944,8.63518578645,0.734909428634,0.414286183346,1.13795297801,0.359608593621,4.28871048205,3.16442097936,1.13795297801,4.28871048205,0.401839098089,0.456824897614,8812,0.0180816835746,0.0914000825962,144,144,144,1,0,0.0763888888889,0.805555555556,0.118055555556,144,1925,0.0934829059829,3.15724776176,26.7361111111,14.4736842105,15.157480315,21.0537062535,0.787463298832,0.434523809524,16.48468097,1.23313977126,0.611201298701,10.2743802003,0.768577012386,0.431843434343,1.13156557024,0.358402525121,4.10304754357,3.15724776176,1.13156557024,4.10304754357,0.450174688875,0.521430790636,12867,0.0264022948882,0.116014987365,144,144,144,1,0,0.0763888888889,0.805555555556,0.118055555556,-190,-0.00922688422688,-0.12615275758,-2.63888888889,-0.964271993853,-1.36595718504,-2.07224109055,0.000197006268944,0.00298322638748,-2.23312355655,-0.0412639411839,-0.0111621108075,-0.145120579652,0.0591641933255,0.0301393366287,0.00570925297015,0.0155091404591,-0.0423914653666,-0.12615275758,0.00570925297015,-0.0423914653666,-0.0561001740208,-0.0265951175588,-3350,-0.00687399455005,0.00020546770159,0.0277777777778,-0.0347222222222,0.00694444444444,1921,4,194,18473,0.908274231678,0.99978351464,0.000216485360178,0.0917257683215,0.997922077922,0.908274231678,0.95099009901,0.946960256381,0.908057746318,0.906559697971,233,423,0,5,4,5
559,WLNM_dir_neg_kfold,0.805252362669,0.514149294048,00:00:19,10,80,3,16348,threshold_sweep,0.1,0.942084942085,0.5768321513,0.715542521994,244,15,179,831,0.5768321513,0.982269503546,0.0177304964539,0.4231678487,0.942084942085,0.5768321513,0.715542521994,0.847123719464,0.598634095088,0.619109947644,0.653936493124,0.559101654846,2154,1731,423,0,2154,0,1731,0,423,144,2115,0.10270979021,3.28340051934,29.375,15.4379562044,16.5234375,23.125947344,0.787266292563,0.431540583136,18.7178045265,1.27440371245,0.622363409509,10.41950078,0.709412819061,0.401704097715,1.12585631727,0.342893384662,4.14543900894,3.28340051934,1.12585631727,4.14543900894,0.506274862896,0.548025908195,16217,0.0332762894383,0.115809519663,144,144,144,1,0,0.0486111111111,0.840277777778,0.111111111111,144,0.0821678321678,3.16442097936,23.5,12.7218045113,13.3228346457,18.9009194286,0.804294443768,0.440212930129,15.0818280875,1.28355983724,0.628890858944,8.63518578645,0.734909428634,0.414286183346,1.13795297801,0.359608593621,4.28871048205,3.16442097936,1.13795297801,4.28871048205,0.401839098089,0.456824897614,8812,0.0180816835746,0.0914000825962,144,144,144,1,0,0.0763888888889,0.805555555556,0.118055555556,144,1951,0.0947455322455,6.85352522811,27.0972222222,13.7394366197,15.3622047244,21.163472769,0.781020009926,0.431676775443,16.4936223577,1.2173662837,0.599560766558,10.4819724436,0.773656602709,0.434303633464,1.87224862173,0.273180379355,8.375,6.85352522811,1.87224862173,8.375,0.462205481148,0.521536747739,13109,0.0268988640468,0.11229656219,144,144,144,1,0,0.0138888888889,0.868055555556,0.118055555556,-164,-0.00796425796426,3.57012470877,-2.27777777778,-1.69851958466,-1.16123277559,-1.96247457508,-0.00624628263736,0.000136192306465,-2.22418216888,-0.057037428743,-0.0228026429503,0.0624716636852,0.0642437836477,0.0325995357496,0.746392304456,-0.0697130053069,4.22956099106,3.57012470877,0.746392304456,4.22956099106,-0.0440693817476,-0.026489160456,-3108,-0.00637742539151,-0.00351295747286,-0.0347222222222,0.0277777777778,0.00694444444444,1936,15,179,18462,0.91536643026,0.999188179899,0.000811820100666,0.08463356974,0.992311635059,0.91536643026,0.952287260207,0.948019609422,0.914554610159,0.908920187793,259,423,0,5,4,5
560,WLNM_dir_neg_kfold,0.805252362669,0.514149294048,00:00:19,10,80,3,16348,threshold_sweep,0.2,0.964285714286,0.574468085106,0.72,243,9,180,837,0.574468085106,0.989361702128,0.0106382978723,0.425531914894,0.964285714286,0.574468085106,0.72,0.851063829787,0.600472813239,0.627218934911,0.666258303079,0.563829787234,2154,1731,423,0,2154,0,1731,0,423,144,2115,0.10270979021,3.28340051934,29.375,15.4379562044,16.5234375,23.125947344,0.787266292563,0.431540583136,18.7178045265,1.27440371245,0.622363409509,10.41950078,0.709412819061,0.401704097715,1.12585631727,0.342893384662,4.14543900894,3.28340051934,1.12585631727,4.14543900894,0.506274862896,0.548025908195,16217,0.0332762894383,0.115809519663,144,144,144,1,0,0.0486111111111,0.840277777778,0.111111111111,144,0.0821678321678,3.16442097936,23.5,12.7218045113,13.3228346457,18.9009194286,0.804294443768,0.440212930129,15.0818280875,1.28355983724,0.628890858944,8.63518578645,0.734909428634,0.414286183346,1.13795297801,0.359608593621,4.28871048205,3.16442097936,1.13795297801,4.28871048205,0.401839098089,0.456824897614,8812,0.0180816835746,0.0914000825962,144,144,144,1,0,0.0763888888889,0.805555555556,0.118055555556,144,1944,0.0944055944056,5.31671425078,27,13.7872340426,15.3070866142,21.1395628829,0.782946773442,0.43244884545,16.5017481591,1.22235171549,0.602937814358,10.4205284217,0.7718909942,0.433470507545,1.6716906973,0.314421768494,6.46327357702,5.31671425078,1.6716906973,6.46327357702,0.459447291634,0.522372958076,13079,0.0268373058866,0.111661780733,144,144,144,1,0,0.0208333333333,0.861111111111,0.118055555556,-171,-0.0083041958042,2.03331373144,-2.375,-1.65072216183,-1.21635088583,-1.98638446112,-0.00431951912151,0.000908262314061,-2.2160563674,-0.0520519969533,-0.0194255951512,0.00102764174219,0.062478175139,0.0317664098298,0.54583438003,-0.028471616168,2.31783456808,2.03331373144,0.54583438003,2.31783456808,-0.0468275712615,-0.0256529501184,-3138,-0.00643898355166,-0.00414773893029,-0.0277777777778,0.0208333333333,0.00694444444444,1935,9,180,18468,0.914893617021,0.99951290794,0.000487092060399,0.0851063829787,0.99537037037,0.914893617021,0.953436807095,0.949392881588,0.914406524961,0.911016949153,252,423,0,5,4,5
561,WLNM_dir_neg_kfold,0.805252362669,0.514149294048,00:00:19,10,80,3,16348,threshold_sweep,0.3,0.972,0.574468085106,0.722139673105,243,7,180,839,0.574468085106,0.991725768322,0.00827423167849,0.425531914894,0.972,0.574468085106,0.722139673105,0.852639873916,0.600998161282,0.630678077683,0.67106319346,0.566193853428,2154,1731,423,0,2154,0,1731,0,423,144,2115,0.10270979021,3.28340051934,29.375,15.4379562044,16.5234375,23.125947344,0.787266292563,0.431540583136,18.7178045265,1.27440371245,0.622363409509,10.41950078,0.709412819061,0.401704097715,1.12585631727,0.342893384662,4.14543900894,3.28340051934,1.12585631727,4.14543900894,0.506274862896,0.548025908195,16217,0.0332762894383,0.115809519663,144,144,144,1,0,0.0486111111111,0.840277777778,0.111111111111,144,0.0821678321678,3.16442097936,23.5,12.7218045113,13.3228346457,18.9009194286,0.804294443768,0.440212930129,15.0818280875,1.28355983724,0.628890858944,8.63518578645,0.734909428634,0.414286183346,1.13795297801,0.359608593621,4.28871048205,3.16442097936,1.13795297801,4.28871048205,0.401839098089,0.456824897614,8812,0.0180816835746,0.0914000825962,144,144,144,1,0,0.0763888888889,0.805555555556,0.118055555556,144,1942,0.0943084693085,5.53822815355,26.9722222222,13.7730496454,15.2913385827,21.1451673939,0.783960892052,0.432869178396,16.5119097137,1.22436405704,0.604188122211,10.3956594702,0.770841896861,0.432965728344,1.76162659043,0.318084871476,7.75,5.53822815355,1.76162659043,7.75,0.448538857071,0.522552783109,13068,0.0268147345612,0.109936219698,144,144,144,1,0,0.0208333333333,0.861111111111,0.118055555556,-173,-0.00840132090132,2.25482763421,-2.40277777778,-1.66490655899,-1.23209891732,-1.98077995009,-0.00330540051151,0.00132859525937,-2.20589481285,-0.0500396554051,-0.018175287298,-0.0238413097856,0.0614290778004,0.0312616306295,0.635770273152,-0.0248085131856,3.60456099106,2.25482763421,0.635770273152,3.60456099106,-0.0577360058244,-0.0254731250855,-3149,-0.00646155487705,-0.00587329996492,-0.0277777777778,0.0208333333333,0.00694444444444,1935,7,180,18470,0.914893617021,0.99962115062,0.000378849380311,0.0851063829787,0.996395468589,0.914893617021,0.953906827705,0.949943132218,0.914514767641,0.911875589067,250,423,0,5,4,5
562,WLNM_dir_neg_kfold,0.805252362669,0.514149294048,00:00:19,10,80,3,16348,threshold_sweep,0.4,0.971774193548,0.569739952719,0.718330849478,241,7,182,839,0.569739952719,0.991725768322,0.00827423167849,0.430260047281,0.971774193548,0.569739952719,0.718330849478,0.851063829787,0.601523509325,0.62623599209,0.667482525277,0.56146572104,2154,1731,423,0,2154,0,1731,0,423,144,2115,0.10270979021,3.28340051934,29.375,15.4379562044,16.5234375,23.125947344,0.787266292563,0.431540583136,18.7178045265,1.27440371245,0.622363409509,10.41950078,0.709412819061,0.401704097715,1.12585631727,0.342893384662,4.14543900894,3.28340051934,1.12585631727,4.14543900894,0.506274862896,0.548025908195,16217,0.0332762894383,0.115809519663,144,144,144,1,0,0.0486111111111,0.840277777778,0.111111111111,144,0.0821678321678,3.16442097936,23.5,12.7218045113,13.3228346457,18.9009194286,0.804294443768,0.440212930129,15.0818280875,1.28355983724,0.628890858944,8.63518578645,0.734909428634,0.414286183346,1.13795297801,0.359608593621,4.28871048205,3.16442097936,1.13795297801,4.28871048205,0.401839098089,0.456824897614,8812,0.0180816835746,0.0914000825962,144,144,144,1,0,0.0763888888889,0.805555555556,0.118055555556,144,1940,0.0942113442113,5.54004137276,26.9444444444,13.7588652482,15.2755905512,21.1156581207,0.783673909635,0.432774914089,16.4949428336,1.22436689074,0.604202462772,10.3902485513,0.771234944012,0.433161512027,1.76329032112,0.318281074541,7.75,5.54004137276,1.76329032112,7.75,0.448836703108,0.522852797567,13064,0.0268065268065,0.109668202638,144,144,144,1,0,0.0208333333333,0.861111111111,0.118055555556,-175,-0.00849844599845,2.25664085342,-2.43055555556,-1.67909095615,-1.24784694882,-2.01028922333,-0.00359238292829,0.00123433095302,-2.22286169296,-0.0500368217051,-0.0181609467367,-0.029252228681,0.0618221249513,0.0314574143128,0.637434003849,-0.0246123101205,3.60456099106,2.25664085342,0.637434003849,3.60456099106,-0.057438159788,-0.0251731106282,-3153,-0.00646976263173,-0.00614131702521,-0.0277777777778,0.0208333333333,0.00694444444444,1933,7,182,18470,0.913947990544,0.99962115062,0.000378849380311,0.0860520094563,0.996391752577,0.913947990544,0.953390875462,0.949398996441,0.913569141163,0.910933081998,248,423,0,5,4,5
563,WLNM_dir_neg_kfold,0.805252362669,0.514149294048,00:00:19,10,80,3,16348,threshold_sweep,0.5,0.971774193548,0.569739952719,0.718330849478,241,7,182,839,0.569739952719,0.991725768322,0.00827423167849,0.430260047281,0.971774193548,0.569739952719,0.718330849478,0.851063829787,0.601523509325,0.62623599209,0.667482525277,0.56146572104,2154,1731,423,0,2154,0,1731,0,423,144,2115,0.10270979021,3.28340051934,29.375,15.4379562044,16.5234375,23.125947344,0.787266292563,0.431540583136,18.7178045265,1.27440371245,0.622363409509,10.41950078,0.709412819061,0.401704097715,1.12585631727,0.342893384662,4.14543900894,3.28340051934,1.12585631727,4.14543900894,0.506274862896,0.548025908195,16217,0.0332762894383,0.115809519663,144,144,144,1,0,0.0486111111111,0.840277777778,0.111111111111,144,0.0821678321678,3.16442097936,23.5,12.7218045113,13.3228346457,18.9009194286,0.804294443768,0.440212930129,15.0818280875,1.28355983724,0.628890858944,8.63518578645,0.734909428634,0.414286183346,1.13795297801,0.359608593621,4.28871048205,3.16442097936,1.13795297801,4.28871048205,0.401839098089,0.456824897614,8812,0.0180816835746,0.0914000825962,144,144,144,1,0,0.0763888888889,0.805555555556,0.118055555556,144,1940,0.0942113442113,5.54004137276,26.9444444444,13.7588652482,15.2755905512,21.1156581207,0.783673909635,0.432774914089,16.4949428336,1.22436689074,0.604202462772,10.3902485513,0.771234944012,0.433161512027,1.76329032112,0.318281074541,7.75,5.54004137276,1.76329032112,7.75,0.448836703108,0.522852797567,13064,0.0268065268065,0.109668202638,144,144,144,1,0,0.0208333333333,0.861111111111,0.118055555556,-175,-0.00849844599845,2.25664085342,-2.43055555556,-1.67909095615,-1.24784694882,-2.01028922333,-0.00359238292829,0.00123433095302,-2.22286169296,-0.0500368217051,-0.0181609467367,-0.029252228681,0.0618221249513,0.0314574143128,0.637434003849,-0.0246123101205,3.60456099106,2.25664085342,0.637434003849,3.60456099106,-0.057438159788,-0.0251731106282,-3153,-0.00646976263173,-0.00614131702521,-0.0277777777778,0.0208333333333,0.00694444444444,1933,7,182,18470,0.913947990544,0.99962115062,0.000378849380311,0.0860520094563,0.996391752577,0.913947990544,0.953390875462,0.949398996441,0.913569141163,0.910933081998,248,423,0,5,4,5
564,WLNM_dir_neg_kfold,0.805252362669,0.514149294048,00:00:19,10,80,3,16348,threshold_sweep,0.6,0.995798319328,0.560283687943,0.717095310136,237,1,186,845,0.560283687943,0.998817966903,0.00118203309693,0.439716312057,0.995798319328,0.560283687943,0.717095310136,0.852639873916,0.60415024954,0.627737226277,0.675193622812,0.559101654846,2154,1731,423,0,2154,0,1731,0,423,144,2115,0.10270979021,3.28340051934,29.375,15.4379562044,16.5234375,23.125947344,0.787266292563,0.431540583136,18.7178045265,1.27440371245,0.622363409509,10.41950078,0.709412819061,0.401704097715,1.12585631727,0.342893384662,4.14543900894,3.28340051934,1.12585631727,4.14543900894,0.506274862896,0.548025908195,16217,0.0332762894383,0.115809519663,144,144,144,1,0,0.0486111111111,0.840277777778,0.111111111111,144,0.0821678321678,3.16442097936,23.5,12.7218045113,13.3228346457,18.9009194286,0.804294443768,0.440212930129,15.0818280875,1.28355983724,0.628890858944,8.63518578645,0.734909428634,0.414286183346,1.13795297801,0.359608593621,4.28871048205,3.16442097936,1.13795297801,4.28871048205,0.401839098089,0.456824897614,8812,0.0180816835746,0.0914000825962,144,144,144,1,0,0.0763888888889,0.805555555556,0.118055555556,144,1930,0.0937257187257,3.16178481134,26.8055555556,14.5112781955,15.1968503937,21.148915156,0.788975073178,0.435107225101,16.5463195766,1.23454405131,0.611219055843,10.3080655802,0.76909919355,0.432369027058,1.13241094418,0.35815560253,4.10625579043,3.16178481134,1.13241094418,4.10625579043,0.452562970206,0.525164025707,13047,0.0267716438491,0.115935666855,144,144,144,1,0,0.0763888888889,0.805555555556,0.118055555556,-185,-0.00898407148407,-0.121615707993,-2.56944444444,-0.926678008891,-1.3265871063,-1.97703218802,0.00170878061486,0.00356664196442,-2.17148494995,-0.0398596611347,-0.0111443536654,-0.111435199731,0.0596863744896,0.0306649293434,0.00655462690104,0.0152622178681,-0.0391832185072,-0.121615707993,0.00655462690104,-0.0391832185072,-0.0537118926893,-0.0228618824875,-3170,-0.00650464558915,0.000126147191934,0.0277777777778,-0.0347222222222,0.00694444444444,1929,1,186,18476,0.912056737589,0.99994587866,5.41213400444e-05,0.0879432624113,0.999481865285,0.912056737589,0.953770086527,0.949968604197,0.912002616249,0.911625708885,238,423,0,5,4,5
565,WLNM_dir_neg_kfold,0.805252362669,0.514149294048,00:00:19,10,80,3,16348,threshold_sweep,0.7,0.995798319328,0.560283687943,0.717095310136,237,1,186,845,0.560283687943,0.998817966903,0.00118203309693,0.439716312057,0.995798319328,0.560283687943,0.717095310136,0.852639873916,0.60415024954,0.627737226277,0.675193622812,0.559101654846,2154,1731,423,0,2154,0,1731,0,423,144,2115,0.10270979021,3.28340051934,29.375,15.4379562044,16.5234375,23.125947344,0.787266292563,0.431540583136,18.7178045265,1.27440371245,0.622363409509,10.41950078,0.709412819061,0.401704097715,1.12585631727,0.342893384662,4.14543900894,3.28340051934,1.12585631727,4.14543900894,0.506274862896,0.548025908195,16217,0.0332762894383,0.115809519663,144,144,144,1,0,0.0486111111111,0.840277777778,0.111111111111,144,0.0821678321678,3.16442097936,23.5,12.7218045113,13.3228346457,18.9009194286,0.804294443768,0.440212930129,15.0818280875,1.28355983724,0.628890858944,8.63518578645,0.734909428634,0.414286183346,1.13795297801,0.359608593621,4.28871048205,3.16442097936,1.13795297801,4.28871048205,0.401839098089,0.456824897614,8812,0.0180816835746,0.0914000825962,144,144,144,1,0,0.0763888888889,0.805555555556,0.118055555556,144,1930,0.0937257187257,3.16178481134,26.8055555556,14.5112781955,15.1968503937,21.148915156,0.788975073178,0.435107225101,16.5463195766,1.23454405131,0.611219055843,10.3080655802,0.76909919355,0.432369027058,1.13241094418,0.35815560253,4.10625579043,3.16178481134,1.13241094418,4.10625579043,0.452562970206,0.525164025707,13047,0.0267716438491,0.115935666855,144,144,144,1,0,0.0763888888889,0.805555555556,0.118055555556,-185,-0.00898407148407,-0.121615707993,-2.56944444444,-0.926678008891,-1.3265871063,-1.97703218802,0.00170878061486,0.00356664196442,-2.17148494995,-0.0398596611347,-0.0111443536654,-0.111435199731,0.0596863744896,0.0306649293434,0.00655462690104,0.0152622178681,-0.0391832185072,-0.121615707993,0.00655462690104,-0.0391832185072,-0.0537118926893,-0.0228618824875,-3170,-0.00650464558915,0.000126147191934,0.0277777777778,-0.0347222222222,0.00694444444444,1929,1,186,18476,0.912056737589,0.99994587866,5.41213400444e-05,0.0879432624113,0.999481865285,0.912056737589,0.953770086527,0.949968604197,0.912002616249,0.911625708885,238,423,0,5,4,5
566,WLNM_dir_neg_kfold,0.805252362669,0.514149294048,00:00:19,10,80,3,16348,threshold_sweep,0.8,0.995780590717,0.557919621749,0.715151515152,236,1,187,845,0.557919621749,0.998817966903,0.00118203309693,0.442080378251,0.995780590717,0.557919621749,0.715151515152,0.851851851852,0.604412923562,0.625498007968,0.67342911333,0.556737588652,2154,1731,423,0,2154,0,1731,0,423,144,2115,0.10270979021,3.28340051934,29.375,15.4379562044,16.5234375,23.125947344,0.787266292563,0.431540583136,18.7178045265,1.27440371245,0.622363409509,10.41950078,0.709412819061,0.401704097715,1.12585631727,0.342893384662,4.14543900894,3.28340051934,1.12585631727,4.14543900894,0.506274862896,0.548025908195,16217,0.0332762894383,0.115809519663,144,144,144,1,0,0.0486111111111,0.840277777778,0.111111111111,144,0.0821678321678,3.16442097936,23.5,12.7218045113,13.3228346457,18.9009194286,0.804294443768,0.440212930129,15.0818280875,1.28355983724,0.628890858944,8.63518578645,0.734909428634,0.414286183346,1.13795297801,0.359608593621,4.28871048205,3.16442097936,1.13795297801,4.28871048205,0.401839098089,0.456824897614,8812,0.0180816835746,0.0914000825962,144,144,144,1,0,0.0763888888889,0.805555555556,0.118055555556,144,1929,0.0936771561772,3.15938882525,26.7916666667,14.5037593985,15.188976378,21.1547329757,0.789601230819,0.435347186222,16.5483900512,1.23533860413,0.611352312655,10.3059618498,0.769340853487,0.432452767698,1.13161121181,0.358174088219,4.10388488953,3.15938882525,1.13161121181,4.10388488953,0.45264551852,0.525370489691,13046,0.0267695919104,0.115870707937,144,144,144,1,0,0.0763888888889,0.805555555556,0.118055555556,-186,-0.00903263403263,-0.124011694087,-2.58333333333,-0.934196805883,-1.33446112205,-1.97121436835,0.00233493825574,0.00380660308566,-2.16941447534,-0.0390651083119,-0.011011096854,-0.113538930116,0.0599280344264,0.030748669983,0.00575489453819,0.0152807035574,-0.0415541194134,-0.124011694087,0.00575489453819,-0.0415541194134,-0.0536293443753,-0.0226554185042,-3171,-0.00650669752782,6.1188274186e-05,0.0277777777778,-0.0347222222222,0.00694444444444,1928,1,187,18476,0.91158392435,0.99994587866,5.41213400444e-05,0.0884160756501,0.999481596682,0.91158392435,0.953511374876,0.949696737666,0.91152980301,0.911153119093,237,423,0,5,4,5
567,WLNM_dir_neg_kfold,0.805252362669,0.514149294048,00:00:19,10,80,3,16348,threshold_sweep,0.9,0.995780590717,0.557919621749,0.715151515152,236,1,187,845,0.557919621749,0.998817966903,0.00118203309693,0.442080378251,0.995780590717,0.557919621749,0.715151515152,0.851851851852,0.604412923562,0.625498007968,0.67342911333,0.556737588652,2154,1731,423,0,2154,0,1731,0,423,144,2115,0.10270979021,3.28340051934,29.375,15.4379562044,16.5234375,23.125947344,0.787266292563,0.431540583136,18.7178045265,1.27440371245,0.622363409509,10.41950078,0.709412819061,0.401704097715,1.12585631727,0.342893384662,4.14543900894,3.28340051934,1.12585631727,4.14543900894,0.506274862896,0.548025908195,16217,0.0332762894383,0.115809519663,144,144,144,1,0,0.0486111111111,0.840277777778,0.111111111111,144,0.0821678321678,3.16442097936,23.5,12.7218045113,13.3228346457,18.9009194286,0.804294443768,0.440212930129,15.0818280875,1.28355983724,0.628890858944,8.63518578645,0.734909428634,0.414286183346,1.13795297801,0.359608593621,4.28871048205,3.16442097936,1.13795297801,4.28871048205,0.401839098089,0.456824897614,8812,0.0180816835746,0.0914000825962,144,144,144,1,0,0.0763888888889,0.805555555556,0.118055555556,144,1929,0.0936771561772,3.15938882525,26.7916666667,14.5037593985,15.188976378,21.1547329757,0.789601230819,0.435347186222,16.5483900512,1.23533860413,0.611352312655,10.3059618498,0.769340853487,0.432452767698,1.13161121181,0.358174088219,4.10388488953,3.15938882525,1.13161121181,4.10388488953,0.45264551852,0.525370489691,13046,0.0267695919104,0.115870707937,144,144,144,1,0,0.0763888888889,0.805555555556,0.118055555556,-186,-0.00903263403263,-0.124011694087,-2.58333333333,-0.934196805883,-1.33446112205,-1.97121436835,0.00233493825574,0.00380660308566,-2.16941447534,-0.0390651083119,-0.011011096854,-0.113538930116,0.0599280344264,0.030748669983,0.00575489453819,0.0152807035574,-0.0415541194134,-0.124011694087,0.00575489453819,-0.0415541194134,-0.0536293443753,-0.0226554185042,-3171,-0.00650669752782,6.1188274186e-05,0.0277777777778,-0.0347222222222,0.00694444444444,1928,1,187,18476,0.91158392435,0.99994587866,5.41213400444e-05,0.0884160756501,0.999481596682,0.91158392435,0.953511374876,0.949696737666,0.91152980301,0.911153119093,237,423,0,5,4,5
568,WLNM_dir_neg_kfold,0.874585729535,0.37926697933,00:00:19,10,80,4,16349,threshold_sweep,0.1,0.931034482759,0.574468085106,0.710526315789,243,18,180,828,0.574468085106,0.978723404255,0.0212765957447,0.425531914894,0.931034482759,0.574468085106,0.710526315789,0.843971631206,0.598108747045,0.611764705882,0.645179167081,0.553191489362,2154,1731,423,0,2154,0,1731,0,423,144,2115,0.10270979021,3.28340051934,29.375,15.4379562044,16.5234375,23.125947344,0.787266292563,0.431540583136,18.7178045265,1.27440371245,0.622363409509,10.41950078,0.709412819061,0.401704097715,1.12585631727,0.342893384662,4.14543900894,3.28340051934,1.12585631727,4.14543900894,0.506274862896,0.548025908195,16217,0.0332762894383,0.115809519663,144,144,144,1,0,0.0486111111111,0.840277777778,0.111111111111,144,0.0821678321678,3.16442097936,23.5,12.7218045113,13.3228346457,18.9009194286,0.804294443768,0.440212930129,15.0818280875,1.28355983724,0.628890858944,8.63518578645,0.734909428634,0.414286183346,1.13795297801,0.359608593621,4.28871048205,3.16442097936,1.13795297801,4.28871048205,0.401839098089,0.456824897614,8812,0.0180816835746,0.0914000825962,144,144,144,1,0,0.0763888888889,0.805555555556,0.118055555556,144,1953,0.0948426573427,9.34280229598,27.125,13.7535211268,15.3779527559,21.0729253265,0.776882039688,0.429986630255,16.4166548342,1.21044459607,0.597787591739,10.4451405705,0.770148613496,0.432777920009,2.56410058834,0.274446628228,11.2606502389,9.34280229598,2.56410058834,11.2606502389,0.453623581319,0.519420305214,13070,0.0268188384386,0.110059471681,144,144,144,1,0,0.0138888888889,0.868055555556,0.118055555556,-162,-0.00786713286713,6.05940177665,-2.25,-1.68443507762,-1.14548474409,-2.0530220175,-0.0103842528748,-0.00155395288088,-2.30114969238,-0.0639591163778,-0.0245758177696,0.0256397905901,0.0607357944357,0.0310738222944,1.43824427106,-0.0684467564333,7.11521123001,6.05940177665,1.43824427106,7.11521123001,-0.0526512815765,-0.0286056029808,-3147,-0.0064574509997,-0.00575004798231,-0.0347222222222,0.0277777777778,0.00694444444444,1935,18,180,18459,0.914893617021,0.999025815879,0.000974184120799,0.0851063829787,0.990783410138,0.914893617021,0.951327433628,0.946926785227,0.9139194329,0.907172995781,261,423,0,5,4,5
569,WLNM_dir_neg_kfold,0.874585729535,0.37926697933,00:00:19,10,80,4,16349,threshold_sweep,0.2,0.934108527132,0.569739952719,0.70778267254,241,17,182,829,0.569739952719,0.979905437352,0.0200945626478,0.430260047281,0.934108527132,0.569739952719,0.70778267254,0.843183609141,0.59889676911,0.609037328094,0.643802300594,0.549645390071,2154,1731,423,0,2154,0,1731,0,423,144,2115,0.10270979021,3.28340051934,29.375,15.4379562044,16.5234375,23.125947344,0.787266292563,0.431540583136,18.7178045265,1.27440371245,0.622363409509,10.41950078,0.709412819061,0.401704097715,1.12585631727,0.342893384662,4.14543900894,3.28340051934,1.12585631727,4.14543900894,0.506274862896,0.548025908195,16217,0.0332762894383,0.115809519663,144,144,144,1,0,0.0486111111111,0.840277777778,0.111111111111,144,0.0821678321678,3.16442097936,23.5,12.7218045113,13.3228346457,18.9009194286,0.804294443768,0.440212930129,15.0818280875,1.28355983724,0.628890858944,8.63518578645,0.734909428634,0.414286183346,1.13795297801,0.359608593621,4.28871048205,3.16442097936,1.13795297801,4.28871048205,0.401839098089,0.456824897614,8812,0.0180816835746,0.0914000825962,144,144,144,1,0,0.0763888888889,0.805555555556,0.118055555556,144,1950,0.094696969697,9.35487093055,27.0833333333,13.7323943662,15.3543307087,21.0299486747,0.776490412603,0.429896723647,16.3830353157,1.20982414639,0.597927350427,10.4271532297,0.770005161577,0.432592592593,2.57163505754,0.274897973113,11.2746048212,9.35487093055,2.57163505754,11.2746048212,0.452781927341,0.518331915346,12997,0.0266690469155,0.10993011624,144,144,144,1,0,0.0138888888889,0.868055555556,0.118055555556,-165,-0.00801282051282,6.07147041122,-2.29166666667,-1.70556183818,-1.16910679134,-2.09599866939,-0.0107758799604,-0.0016438594896,-2.33476921089,-0.0645795660587,-0.0244360590814,0.00765244973866,0.0605923425166,0.0308884948779,1.44577874027,-0.0679954115487,7.12916581228,6.07147041122,1.44577874027,7.12916581228,-0.0534929355542,-0.0296939928487,-3220,-0.00660724252274,-0.00587940342284,-0.0347222222222,0.0277777777778,0.00694444444444,1933,17,182,18460,0.913947990544,0.999079937219,0.000920062780754,0.0860520094563,0.991282051282,0.913947990544,0.951045510455,0.946654316983,0.913027927763,0.906660412758,258,423,0,5,4,5
570,WLNM_dir_neg_kfold,0.874585729535,0.37926697933,00:00:19,10,80,4,16349,threshold_sweep,0.3,0.937743190661,0.569739952719,0.708823529412,241,16,182,830,0.569739952719,0.981087470449,0.0189125295508,0.430260047281,0.937743190661,0.569739952719,0.708823529412,0.843971631206,0.599159443131,0.610747051114,0.64612136358,0.550827423168,2154,1731,423,0,2154,0,1731,0,423,144,2115,0.10270979021,3.28340051934,29.375,15.4379562044,16.5234375,23.125947344,0.787266292563,0.431540583136,18.7178045265,1.27440371245,0.622363409509,10.41950078,0.709412819061,0.401704097715,1.12585631727,0.342893384662,4.14543900894,3.28340051934,1.12585631727,4.14543900894,0.506274862896,0.548025908195,16217,0.0332762894383,0.115809519663,144,144,144,1,0,0.0486111111111,0.840277777778,0.111111111111,144,0.0821678321678,3.16442097936,23.5,12.7218045113,13.3228346457,18.9009194286,0.804294443768,0.440212930129,15.0818280875,1.28355983724,0.628890858944,8.63518578645,0.734909428634,0.414286183346,1.13795297801,0.359608593621,4.28871048205,3.16442097936,1.13795297801,4.28871048205,0.401839098089,0.456824897614,8812,0.0180816835746,0.0914000825962,144,144,144,1,0,0.0763888888889,0.805555555556,0.118055555556,144,1949,0.0946484071484,9.31740613216,27.0694444444,13.7253521127,15.3464566929,21.0336569375,0.77702580785,0.43025625677,16.3881729461,1.21082447626,0.598572629839,10.414428664,0.769460096264,0.432333532866,2.62990898792,0.282257631643,11.2685907528,9.31740613216,2.62990898792,11.2685907528,0.45229553002,0.51850176904,12994,0.0266628910995,0.110118091944,144,144,144,1,0,0.0138888888889,0.868055555556,0.118055555556,-166,-0.00806138306138,6.03400561283,-2.30555555556,-1.7126040917,-1.17698080709,-2.09229040654,-0.0102404847127,-0.00128432636647,-2.32963158049,-0.0635792361848,-0.0237907796701,-0.00507211594223,0.0600472772029,0.0306294351511,1.50405267065,-0.0606357530183,7.12315174388,6.03400561283,1.50405267065,7.12315174388,-0.0539793328761,-0.0295241391544,-3223,-0.00661339833875,-0.00569142771885,-0.0347222222222,0.0277777777778,0.00694444444444,1933,16,182,18461,0.913947990544,0.999134058559,0.00086594144071,0.0860520094563,0.991790661878,0.913947990544,0.951279527559,0.946927873895,0.913082049103,0.907085875176,257,423,0,5,4,5
571,WLNM_dir_neg_kfold,0.874585729535,0.37926697933,00:00:19,10,80,4,16349,threshold_sweep,0.4,0.944881889764,0.567375886525,0.709010339734,240,14,183,832,0.567375886525,0.983451536643,0.016548463357,0.432624113475,0.944881889764,0.567375886525,0.709010339734,0.84475965327,0.599947465196,0.61195009849,0.648964647906,0.550827423168,2154,1731,423,0,2154,0,1731,0,423,144,2115,0.10270979021,3.28340051934,29.375,15.4379562044,16.5234375,23.125947344,0.787266292563,0.431540583136,18.7178045265,1.27440371245,0.622363409509,10.41950078,0.709412819061,0.401704097715,1.12585631727,0.342893384662,4.14543900894,3.28340051934,1.12585631727,4.14543900894,0.506274862896,0.548025908195,16217,0.0332762894383,0.115809519663,144,144,144,1,0,0.0486111111111,0.840277777778,0.111111111111,144,0.0821678321678,3.16442097936,23.5,12.7218045113,13.3228346457,18.9009194286,0.804294443768,0.440212930129,15.0818280875,1.28355983724,0.628890858944,8.63518578645,0.734909428634,0.414286183346,1.13795297801,0.359608593621,4.28871048205,3.16442097936,1.13795297801,4.28871048205,0.401839098089,0.456824897614,8812,0.0180816835746,0.0914000825962,144,144,144,1,0,0.0763888888889,0.805555555556,0.118055555556,144,1946,0.0945027195027,9.474966261,27.0277777778,13.8014184397,15.3228346457,21.0131309079,0.777464247362,0.430391401165,16.3907641191,1.21288285362,0.599877241064,10.3680426912,0.767213847652,0.431604716227,2.73220791087,0.288360700778,11.731068901,9.474966261,2.73220791087,11.731068901,0.446743383094,0.517502201115,12931,0.0265336189632,0.109931649849,144,144,144,1,0,0.0208333333333,0.861111111111,0.118055555556,-169,-0.00820707070707,6.19156574166,-2.34722222222,-1.63653776466,-1.20060285433,-2.11281643616,-0.00980204520072,-0.00114918197155,-2.32704040746,-0.061520858824,-0.0224861684445,-0.0514580887671,0.0578010285914,0.0299006185123,1.6063515936,-0.0545326838833,7.58562989208,6.19156574166,1.6063515936,7.58562989208,-0.0595314798017,-0.0305237070796,-3286,-0.00674267047506,-0.00587786981423,-0.0277777777778,0.0208333333333,0.00694444444444,1932,14,183,18463,0.913475177305,0.999242301239,0.000757698760621,0.086524822695,0.992805755396,0.913475177305,0.951489780842,0.947202912358,0.912717478544,0.907468294974,254,423,0,5,4,5
572,WLNM_dir_neg_kfold,0.874585729535,0.37926697933,00:00:19,10,80,4,16349,threshold_sweep,0.5,0.944881889764,0.567375886525,0.709010339734,240,14,183,832,0.567375886525,0.983451536643,0.016548463357,0.432624113475,0.944881889764,0.567375886525,0.709010339734,0.84475965327,0.599947465196,0.61195009849,0.648964647906,0.550827423168,2154,1731,423,0,2154,0,1731,0,423,144,2115,0.10270979021,3.28340051934,29.375,15.4379562044,16.5234375,23.125947344,0.787266292563,0.431540583136,18.7178045265,1.27440371245,0.622363409509,10.41950078,0.709412819061,0.401704097715,1.12585631727,0.342893384662,4.14543900894,3.28340051934,1.12585631727,4.14543900894,0.506274862896,0.548025908195,16217,0.0332762894383,0.115809519663,144,144,144,1,0,0.0486111111111,0.840277777778,0.111111111111,144,0.0821678321678,3.16442097936,23.5,12.7218045113,13.3228346457,18.9009194286,0.804294443768,0.440212930129,15.0818280875,1.28355983724,0.628890858944,8.63518578645,0.734909428634,0.414286183346,1.13795297801,0.359608593621,4.28871048205,3.16442097936,1.13795297801,4.28871048205,0.401839098089,0.456824897614,8812,0.0180816835746,0.0914000825962,144,144,144,1,0,0.0763888888889,0.805555555556,0.118055555556,144,1946,0.0945027195027,9.474966261,27.0277777778,13.8014184397,15.3228346457,21.0131309079,0.777464247362,0.430391401165,16.3907641191,1.21288285362,0.599877241064,10.3680426912,0.767213847652,0.431604716227,2.73220791087,0.288360700778,11.731068901,9.474966261,2.73220791087,11.731068901,0.446743383094,0.517502201115,12931,0.0265336189632,0.109931649849,144,144,144,1,0,0.0208333333333,0.861111111111,0.118055555556,-169,-0.00820707070707,6.19156574166,-2.34722222222,-1.63653776466,-1.20060285433,-2.11281643616,-0.00980204520072,-0.00114918197155,-2.32704040746,-0.061520858824,-0.0224861684445,-0.0514580887671,0.0578010285914,0.0299006185123,1.6063515936,-0.0545326838833,7.58562989208,6.19156574166,1.6063515936,7.58562989208,-0.0595314798017,-0.0305237070796,-3286,-0.00674267047506,-0.00587786981423,-0.0277777777778,0.0208333333333,0.00694444444444,1932,14,183,18463,0.913475177305,0.999242301239,0.000757698760621,0.086524822695,0.992805755396,0.913475177305,0.951489780842,0.947202912358,0.912717478544,0.907468294974,254,423,0,5,4,5
573,WLNM_dir_neg_kfold,0.874585729535,0.37926697933,00:00:19,10,80,4,16349,threshold_sweep,0.6,0.979338842975,0.560283687943,0.712781954887,237,5,186,841,0.560283687943,0.994089834515,0.00591016548463,0.439716312057,0.979338842975,0.560283687943,0.712781954887,0.849487785658,0.603099553454,0.620780939775,0.665219451921,0.554373522459,2154,1731,423,0,2154,0,1731,0,423,144,2115,0.10270979021,3.28340051934,29.375,15.4379562044,16.5234375,23.125947344,0.787266292563,0.431540583136,18.7178045265,1.27440371245,0.622363409509,10.41950078,0.709412819061,0.401704097715,1.12585631727,0.342893384662,4.14543900894,3.28340051934,1.12585631727,4.14543900894,0.506274862896,0.548025908195,16217,0.0332762894383,0.115809519663,144,144,144,1,0,0.0486111111111,0.840277777778,0.111111111111,144,0.0821678321678,3.16442097936,23.5,12.7218045113,13.3228346457,18.9009194286,0.804294443768,0.440212930129,15.0818280875,1.28355983724,0.628890858944,8.63518578645,0.734909428634,0.414286183346,1.13795297801,0.359608593621,4.28871048205,3.16442097936,1.13795297801,4.28871048205,0.401839098089,0.456824897614,8812,0.0180816835746,0.0914000825962,144,144,144,1,0,0.0763888888889,0.805555555556,0.118055555556,144,1934,0.09391996892,4.26181994961,26.8611111111,14.4328358209,15.2283464567,21.0582313229,0.783967246768,0.43318755027,16.4549194624,1.22518531675,0.608489888544,10.2858805918,0.765856672814,0.430792542801,1.61977548644,0.380066616046,6.92369650424,4.26181994961,1.61977548644,6.92369650424,0.450673928225,0.520264281686,12914,0.0264987360058,0.11428689441,144,144,144,1,0,0.0694444444444,0.8125,0.118055555556,-181,-0.00878982128982,0.978419430271,-2.51388888889,-1.00512038348,-1.29509104331,-2.06771602113,-0.00329904579512,0.00164696713369,-2.26288506413,-0.0492183956991,-0.0138735209646,-0.133620188128,0.0564438537537,0.0290884450866,0.493919169169,0.0371732313841,2.77825749531,0.978419430271,0.493919169169,2.77825749531,-0.055600934671,-0.0277616265093,-3303,-0.00677755343248,-0.00152262525339,0.0208333333333,-0.0277777777778,0.00694444444444,1929,5,186,18472,0.912056737589,0.9997293933,0.000270606700222,0.0879432624113,0.997414684592,0.912056737589,0.952827858731,0.948862138829,0.911786130888,0.909905660377,242,423,0,5,4,5
574,WLNM_dir_neg_kfold,0.874585729535,0.37926697933,00:00:19,10,80,4,16349,threshold_sweep,0.7,0.983333333333,0.557919621749,0.711915535445,236,4,187,842,0.557919621749,0.995271867612,0.00472813238771,0.442080378251,0.983333333333,0.557919621749,0.711915535445,0.849487785658,0.603624901497,0.62027833002,0.665913082343,0.553191489362,2154,1731,423,0,2154,0,1731,0,423,144,2115,0.10270979021,3.28340051934,29.375,15.4379562044,16.5234375,23.125947344,0.787266292563,0.431540583136,18.7178045265,1.27440371245,0.622363409509,10.41950078,0.709412819061,0.401704097715,1.12585631727,0.342893384662,4.14543900894,3.28340051934,1.12585631727,4.14543900894,0.506274862896,0.548025908195,16217,0.0332762894383,0.115809519663,144,144,144,1,0,0.0486111111111,0.840277777778,0.111111111111,144,0.0821678321678,3.16442097936,23.5,12.7218045113,13.3228346457,18.9009194286,0.804294443768,0.440212930129,15.0818280875,1.28355983724,0.628890858944,8.63518578645,0.734909428634,0.414286183346,1.13795297801,0.359608593621,4.28871048205,3.16442097936,1.13795297801,4.28871048205,0.401839098089,0.456824897614,8812,0.0180816835746,0.0914000825962,144,144,144,1,0,0.0763888888889,0.805555555556,0.118055555556,144,1932,0.0938228438228,4.25529164004,26.8333333333,14.4179104478,15.2125984252,21.0580283845,0.784771244141,0.433470640672,16.4599535215,1.2268288339,0.60882505176,10.279656058,0.766185544698,0.430893432252,1.6167256028,0.379932972769,6.91354258489,4.25529164004,1.6167256028,6.91354258489,0.45058701032,0.520151692419,12893,0.0264556452937,0.11444080152,144,144,144,1,0,0.0694444444444,0.8125,0.118055555556,-183,-0.00888694638695,0.971891120706,-2.54166666667,-1.02004575662,-1.3108390748,-2.06791895959,-0.00249504842194,0.0019300575354,-2.25785100503,-0.0475748785443,-0.013538357749,-0.139844721929,0.0567727256368,0.0291893345374,0.490869285526,0.0370395881075,2.76810357595,0.971891120706,0.490869285526,2.76810357595,-0.055687852576,-0.0278742157755,-3324,-0.00682064414459,-0.00136871814268,0.0208333333333,-0.0277777777778,0.00694444444444,1928,4,187,18473,0.91158392435,0.99978351464,0.000216485360178,0.0884160756501,0.997929606625,0.91158392435,0.952804546578,0.94886634423,0.91136743899,0.909863142992,240,423,0,5,4,5
575,WLNM_dir_neg_kfold,0.874585729535,0.37926697933,00:00:19,10,80,4,16349,threshold_sweep,0.8,0.983263598326,0.555555555556,0.70996978852,235,4,188,842,0.555555555556,0.995271867612,0.00472813238771,0.444444444444,0.983263598326,0.555555555556,0.70996978852,0.848699763593,0.603887575519,0.618037135279,0.664130393699,0.550827423168,2154,1731,423,0,2154,0,1731,0,423,144,2115,0.10270979021,3.28340051934,29.375,15.4379562044,16.5234375,23.125947344,0.787266292563,0.431540583136,18.7178045265,1.27440371245,0.622363409509,10.41950078,0.709412819061,0.401704097715,1.12585631727,0.342893384662,4.14543900894,3.28340051934,1.12585631727,4.14543900894,0.506274862896,0.548025908195,16217,0.0332762894383,0.115809519663,144,144,144,1,0,0.0486111111111,0.840277777778,0.111111111111,144,0.0821678321678,3.16442097936,23.5,12.7218045113,13.3228346457,18.9009194286,0.804294443768,0.440212930129,15.0818280875,1.28355983724,0.628890858944,8.63518578645,0.734909428634,0.414286183346,1.13795297801,0.359608593621,4.28871048205,3.16442097936,1.13795297801,4.28871048205,0.401839098089,0.456824897614,8812,0.0180816835746,0.0914000825962,144,144,144,1,0,0.0763888888889,0.805555555556,0.118055555556,144,1931,0.0937742812743,4.25449984825,26.8194444444,14.4104477612,15.2047244094,21.032991992,0.784244134348,0.433231198573,16.4526925951,1.2269227,0.608813079003,10.2680257289,0.765715020697,0.430652655504,1.61607409869,0.379850547969,6.91187202233,4.25449984825,1.61607409869,6.91187202233,0.449531917371,0.518724069185,12836,0.0263386847894,0.114390915072,144,144,144,1,0,0.0694444444444,0.8125,0.118055555556,-184,-0.00893550893551,0.971099328914,-2.55555555556,-1.02750844319,-1.31871309055,-2.09295535201,-0.00302215821511,0.00169061543666,-2.26511193145,-0.0474810124487,-0.0135503305054,-0.151475051031,0.0563022016358,0.028948557789,0.490217781419,0.0369571633079,2.76643301339,0.971099328914,0.490217781419,2.76643301339,-0.0567429455252,-0.0293018390101,-3381,-0.00693760464887,-0.00141860459148,0.0208333333333,-0.0277777777778,0.00694444444444,1927,4,188,18473,0.911111111111,0.99978351464,0.000216485360178,0.0888888888889,0.997928534438,0.911111111111,0.952545724172,0.948594192967,0.910894625751,0.909391222275,239,423,0,5,4,5
576,WLNM_dir_neg_kfold,0.874585729535,0.37926697933,00:00:19,10,80,4,16349,threshold_sweep,0.9,0.983122362869,0.550827423168,0.706060606061,233,4,190,842,0.550827423168,0.995271867612,0.00472813238771,0.449172576832,0.983122362869,0.550827423168,0.706060606061,0.847123719464,0.604412923562,0.613545816733,0.6605610411,0.54609929078,2154,1731,423,0,2154,0,1731,0,423,144,2115,0.10270979021,3.28340051934,29.375,15.4379562044,16.5234375,23.125947344,0.787266292563,0.431540583136,18.7178045265,1.27440371245,0.622363409509,10.41950078,0.709412819061,0.401704097715,1.12585631727,0.342893384662,4.14543900894,3.28340051934,1.12585631727,4.14543900894,0.506274862896,0.548025908195,16217,0.0332762894383,0.115809519663,144,144,144,1,0,0.0486111111111,0.840277777778,0.111111111111,144,0.0821678321678,3.16442097936,23.5,12.7218045113,13.3228346457,18.9009194286,0.804294443768,0.440212930129,15.0818280875,1.28355983724,0.628890858944,8.63518578645,0.734909428634,0.414286183346,1.13795297801,0.359608593621,4.28871048205,3.16442097936,1.13795297801,4.28871048205,0.401839098089,0.456824897614,8812,0.0180816835746,0.0914000825962,144,144,144,1,0,0.0763888888889,0.805555555556,0.118055555556,144,1929,0.0936771561772,4.2633895217,26.7916666667,14.3955223881,15.188976378,21.0363903814,0.785184088887,0.433622775186,16.4585594243,1.22863274085,0.609206698923,10.2726595858,0.766854836885,0.431192759634,1.62185390014,0.380414196705,6.92668986895,4.2633895217,1.62185390014,6.92668986895,0.44975909819,0.519105488191,12829,0.0263243212187,0.114602037137,144,144,144,1,0,0.0694444444444,0.8125,0.118055555556,-186,-0.00903263403263,0.979989002365,-2.58333333333,-1.04243381632,-1.33446112205,-2.08955696262,-0.00208220367637,0.00208219204943,-2.25924510229,-0.0457709715989,-0.0131567105859,-0.146841194189,0.0574420178238,0.0294886619189,0.495997582864,0.0375208120434,2.78125086001,0.979989002365,0.495997582864,2.78125086001,-0.0565157647056,-0.0289204200035,-3388,-0.00695196821957,-0.0012074825259,0.0208333333333,-0.0277777777778,0.00694444444444,1925,4,190,18473,0.910165484634,0.99978351464,0.000216485360178,0.0898345153664,0.997926386729,0.910165484634,0.952027695351,0.948049743627,0.909948999273,0.90844738084,237,423,0,5,4,5
577,WLNM_dir_neg_kfold,0.917008981216,0.417954726572,00:00:19,10,80,5,16350,threshold_sweep,0.1,0.936802973978,0.595744680851,0.728323699422,252,17,171,829,0.595744680851,0.979905437352,0.0200945626478,0.404255319149,0.936802973978,0.595744680851,0.728323699422,0.851851851852,0.596007354873,0.633289986996,0.663953742734,0.575650118203,2154,1731,423,0,2154,0,1731,0,423,144,2115,0.10270979021,3.28340051934,29.375,15.4379562044,16.5234375,23.125947344,0.787266292563,0.431540583136,18.7178045265,1.27440371245,0.622363409509,10.41950078,0.709412819061,0.401704097715,1.12585631727,0.342893384662,4.14543900894,3.28340051934,1.12585631727,4.14543900894,0.506274862896,0.548025908195,16217,0.0332762894383,0.115809519663,144,144,144,1,0,0.0486111111111,0.840277777778,0.111111111111,144,0.0821678321678,3.16442097936,23.5,12.7218045113,13.3228346457,18.9009194286,0.804294443768,0.440212930129,15.0818280875,1.28355983724,0.628890858944,8.63518578645,0.734909428634,0.414286183346,1.13795297801,0.359608593621,4.28871048205,3.16442097936,1.13795297801,4.28871048205,0.401839098089,0.456824897614,8812,0.0180816835746,0.0914000825962,144,144,144,1,0,0.0763888888889,0.805555555556,0.118055555556,144,1961,0.0952311577312,5.29389097001,27.2361111111,13.9078014184,15.4409448819,21.2678509509,0.780869591264,0.431111536064,16.5938722062,1.21851993763,0.600859113831,10.4967504314,0.770796564061,0.433307127883,1.57563971841,0.297633579409,6.47529686753,5.29389097001,1.57563971841,6.47529686753,0.456279759132,0.525521264436,13333,0.0273584983092,0.111648507179,144,144,144,1,0,0.0208333333333,0.861111111111,0.118055555556,-154,-0.00747863247863,2.01049045068,-2.13888888889,-1.53015478594,-1.08249261811,-1.8580963931,-0.00639670129961,-0.000429047071962,-2.12393232039,-0.0558837748185,-0.021504295678,0.0772496514526,0.0613837449998,0.0316030301679,0.449783401131,-0.0452598052526,2.32985785859,2.01049045068,0.449783401131,2.32985785859,-0.0499951037636,-0.0225046437591,-2884,-0.00591779112906,-0.00416101248366,-0.0277777777778,0.0208333333333,0.00694444444444,1944,17,171,18460,0.91914893617,0.999079937219,0.000920062780754,0.0808510638298,0.991330953595,0.91914893617,0.953876349362,0.949653078405,0.918228873389,0.91181988743,269,423,0,5,4,5
578,WLNM_dir_neg_kfold,0.917008981216,0.417954726572,00:00:19,10,80,5,16350,threshold_sweep,0.2,0.958174904943,0.595744680851,0.734693877551,252,11,171,835,0.595744680851,0.986997635934,0.0130023640662,0.404255319149,0.958174904943,0.595744680851,0.734693877551,0.85657998424,0.597583399002,0.643603133159,0.677727419744,0.582742316785,2154,1731,423,0,2154,0,1731,0,423,144,2115,0.10270979021,3.28340051934,29.375,15.4379562044,16.5234375,23.125947344,0.787266292563,0.431540583136,18.7178045265,1.27440371245,0.622363409509,10.41950078,0.709412819061,0.401704097715,1.12585631727,0.342893384662,4.14543900894,3.28340051934,1.12585631727,4.14543900894,0.506274862896,0.548025908195,16217,0.0332762894383,0.115809519663,144,144,144,1,0,0.0486111111111,0.840277777778,0.111111111111,144,0.0821678321678,3.16442097936,23.5,12.7218045113,13.3228346457,18.9009194286,0.804294443768,0.440212930129,15.0818280875,1.28355983724,0.628890858944,8.63518578645,0.734909428634,0.414286183346,1.13795297801,0.359608593621,4.28871048205,3.16442097936,1.13795297801,4.28871048205,0.401839098089,0.456824897614,8812,0.0180816835746,0.0914000825962,144,144,144,1,0,0.0763888888889,0.805555555556,0.118055555556,144,1955,0.0949397824398,4.24012263085,27.1527777778,13.9642857143,15.3937007874,21.2755217186,0.783548625953,0.432171781756,16.6219081403,1.22432469167,0.604145353794,10.4296376119,0.768218831769,0.432441744814,1.33869099058,0.315719875844,5.38801920311,4.24012263085,1.33869099058,5.38801920311,0.451428478048,0.525957581513,13292,0.0272743688237,0.110260162501,144,144,144,1,0,0.0277777777778,0.854166666667,0.118055555556,-160,-0.00777000777001,0.956722111518,-2.22222222222,-1.47367049009,-1.1297367126,-1.85042562546,-0.00371766661029,0.000631198619853,-2.09589638622,-0.0500790207795,-0.0182180557151,0.0101368319099,0.0588060127083,0.0307376470991,0.212834673302,-0.0271735088175,1.24258019417,0.956722111518,0.212834673302,1.24258019417,-0.0548463848474,-0.0220683266817,-2925,-0.0060019206146,-0.00554935716217,-0.0208333333333,0.0138888888889,0.00694444444444,1944,11,171,18466,0.91914893617,0.99940466526,0.000595334740488,0.0808510638298,0.994373401535,0.91914893617,0.955282555283,0.951292419577,0.91855360143,0.914393226717,263,423,0,5,4,5
579,WLNM_dir_neg_kfold,0.917008981216,0.417954726572,00:00:19,10,80,5,16350,threshold_sweep,0.3,0.958015267176,0.593380614657,0.732846715328,251,11,172,835,0.593380614657,0.986997635934,0.0130023640662,0.406619385343,0.958015267176,0.593380614657,0.732846715328,0.855791962175,0.597846073023,0.641410842587,0.67592905226,0.580378250591,2154,1731,423,0,2154,0,1731,0,423,144,2115,0.10270979021,3.28340051934,29.375,15.4379562044,16.5234375,23.125947344,0.787266292563,0.431540583136,18.7178045265,1.27440371245,0.622363409509,10.41950078,0.709412819061,0.401704097715,1.12585631727,0.342893384662,4.14543900894,3.28340051934,1.12585631727,4.14543900894,0.506274862896,0.548025908195,16217,0.0332762894383,0.115809519663,144,144,144,1,0,0.0486111111111,0.840277777778,0.111111111111,144,0.0821678321678,3.16442097936,23.5,12.7218045113,13.3228346457,18.9009194286,0.804294443768,0.440212930129,15.0818280875,1.28355983724,0.628890858944,8.63518578645,0.734909428634,0.414286183346,1.13795297801,0.359608593621,4.28871048205,3.16442097936,1.13795297801,4.28871048205,0.401839098089,0.456824897614,8812,0.0180816835746,0.0914000825962,144,144,144,1,0,0.0763888888889,0.805555555556,0.118055555556,144,1954,0.0948912198912,4.23965507011,27.1388888889,13.9571428571,15.3858267717,21.2506227341,0.783032158065,0.431934493347,16.6143643209,1.22439532355,0.604131127033,10.418281926,0.767775126587,0.432218810417,1.33820490016,0.315640041001,5.38640340023,4.23965507011,1.33820490016,5.38640340023,0.450405844635,0.524534284582,13234,0.0271553563807,0.110214565599,144,144,144,1,0,0.0277777777778,0.854166666667,0.118055555556,-161,-0.00781857031857,0.956254550779,-2.23611111111,-1.48081334724,-1.13761072835,-1.8753246099,-0.00423413449845,0.000393910210653,-2.10344020565,-0.0500083888999,-0.0182322824759,-0.00121885390862,0.0583623075261,0.0305147127026,0.212348582886,-0.0272533436607,1.24096439129,0.956254550779,0.212348582886,1.24096439129,-0.0558690182608,-0.023491623613,-2983,-0.00612093305755,-0.00559495406372,-0.0208333333333,0.0138888888889,0.00694444444444,1943,11,172,18466,0.918676122931,0.99940466526,0.000595334740488,0.0813238770686,0.994370522006,0.918676122931,0.955025804866,0.951020505885,0.918080788191,0.913922859831,262,423,0,5,4,5
580,WLNM_dir_neg_kfold,0.917008981216,0.417954726572,00:00:19,10,80,5,16350,threshold_sweep,0.4,0.96138996139,0.58865248227,0.730205278592,249,10,174,836,0.58865248227,0.988179669031,0.0118203309693,0.41134751773,0.96138996139,0.58865248227,0.730205278592,0.85500394011,0.598634095088,0.638743455497,0.67467443688,0.5768321513,2154,1731,423,0,2154,0,1731,0,423,144,2115,0.10270979021,3.28340051934,29.375,15.4379562044,16.5234375,23.125947344,0.787266292563,0.431540583136,18.7178045265,1.27440371245,0.622363409509,10.41950078,0.709412819061,0.401704097715,1.12585631727,0.342893384662,4.14543900894,3.28340051934,1.12585631727,4.14543900894,0.506274862896,0.548025908195,16217,0.0332762894383,0.115809519663,144,144,144,1,0,0.0486111111111,0.840277777778,0.111111111111,144,0.0821678321678,3.16442097936,23.5,12.7218045113,13.3228346457,18.9009194286,0.804294443768,0.440212930129,15.0818280875,1.28355983724,0.628890858944,8.63518578645,0.734909428634,0.414286183346,1.13795297801,0.359608593621,4.28871048205,3.16442097936,1.13795297801,4.28871048205,0.401839098089,0.456824897614,8812,0.0180816835746,0.0914000825962,144,144,144,1,0,0.0763888888889,0.805555555556,0.118055555556,144,1951,0.0947455322455,4.24049066929,27.0972222222,13.9357142857,15.3622047244,21.237030413,0.78373459238,0.432431374224,16.6047553477,1.22556882115,0.604679224329,10.4271229571,0.769608255162,0.433164616436,1.33918176026,0.315808208224,5.38810188308,4.24049066929,1.33918176026,5.38810188308,0.448749421868,0.523454468401,13175,0.0270342919991,0.110638895677,144,144,144,1,0,0.0277777777778,0.854166666667,0.118055555556,-164,-0.00796425796426,0.957090149955,-2.27777777778,-1.50224191867,-1.16123277559,-1.88891693107,-0.00353170018288,0.000890791087717,-2.11304917889,-0.048834891296,-0.0176841851794,0.00762217714009,0.0601954361016,0.0314605187213,0.213325442986,-0.0270851764372,1.24266287414,0.957090149955,0.213325442986,1.24266287414,-0.0575254410279,-0.0245714397942,-3042,-0.00624199743918,-0.00517062398618,-0.0208333333333,0.0138888888889,0.00694444444444,1941,10,174,18467,0.917730496454,0.9994587866,0.000541213400444,0.0822695035461,0.994874423373,0.917730496454,0.954746679784,0.950750689163,0.917189283053,0.913411764706,259,423,0,5,4,5
581,WLNM_dir_neg_kfold,0.917008981216,0.417954726572,00:00:19,10,80,5,16350,threshold_sweep,0.5,0.984,0.581560283688,0.731054977712,246,4,177,842,0.581560283688,0.995271867612,0.00472813238771,0.418439716312,0.984,0.581560283688,0.731054977712,0.857368006304,0.600998161282,0.642527978934,0.683671896469,0.5768321513,2154,1731,423,0,2154,0,1731,0,423,144,2115,0.10270979021,3.28340051934,29.375,15.4379562044,16.5234375,23.125947344,0.787266292563,0.431540583136,18.7178045265,1.27440371245,0.622363409509,10.41950078,0.709412819061,0.401704097715,1.12585631727,0.342893384662,4.14543900894,3.28340051934,1.12585631727,4.14543900894,0.506274862896,0.548025908195,16217,0.0332762894383,0.115809519663,144,144,144,1,0,0.0486111111111,0.840277777778,0.111111111111,144,0.0821678321678,3.16442097936,23.5,12.7218045113,13.3228346457,18.9009194286,0.804294443768,0.440212930129,15.0818280875,1.28355983724,0.628890858944,8.63518578645,0.734909428634,0.414286183346,1.13795297801,0.359608593621,4.28871048205,3.16442097936,1.13795297801,4.28871048205,0.401839098089,0.456824897614,8812,0.0180816835746,0.0914000825962,144,144,144,1,0,0.0763888888889,0.805555555556,0.118055555556,144,1942,0.0943084693085,3.1653755381,26.9722222222,14.6015037594,15.2913385827,21.2842712354,0.789118192042,0.434835936606,16.6527622653,1.23480832451,0.61122554068,10.3666936493,0.768694070803,0.43257952855,1.13481111324,0.358507576614,4.11308818076,3.1653755381,1.13481111324,4.11308818076,0.451645895263,0.525341208397,13164,0.0270117206737,0.116356638169,144,144,144,1,0,0.0763888888889,0.805555555556,0.118055555556,-173,-0.00840132090132,-0.118024981236,-2.40277777778,-0.836452444981,-1.23209891732,-1.84167610869,0.00185189947888,0.00329535346969,-2.06504226124,-0.039595387933,-0.0111378688291,-0.0528071306605,0.0592812517417,0.0308754308354,0.00895479596409,0.0156141919528,-0.0323508281748,-0.118024981236,0.00895479596409,-0.0323508281748,-0.0546289676323,-0.0226846997984,-3053,-0.00626456876457,0.0005471185061,0.0277777777778,-0.0347222222222,0.00694444444444,1938,4,177,18473,0.916312056738,0.99978351464,0.000216485360178,0.0836879432624,0.997940267765,0.916312056738,0.955385753019,0.951585176399,0.916095571377,0.914582350165,250,423,0,5,4,5
582,WLNM_dir_neg_kfold,0.917008981216,0.417954726572,00:00:19,10,80,5,16350,threshold_sweep,0.6,0.983935742972,0.579196217494,0.729166666667,245,4,178,842,0.579196217494,0.995271867612,0.00472813238771,0.420803782506,0.983935742972,0.579196217494,0.729166666667,0.85657998424,0.601260835303,0.640316205534,0.681901289955,0.574468085106,2154,1731,423,0,2154,0,1731,0,423,144,2115,0.10270979021,3.28340051934,29.375,15.4379562044,16.5234375,23.125947344,0.787266292563,0.431540583136,18.7178045265,1.27440371245,0.622363409509,10.41950078,0.709412819061,0.401704097715,1.12585631727,0.342893384662,4.14543900894,3.28340051934,1.12585631727,4.14543900894,0.506274862896,0.548025908195,16217,0.0332762894383,0.115809519663,144,144,144,1,0,0.0486111111111,0.840277777778,0.111111111111,144,0.0821678321678,3.16442097936,23.5,12.7218045113,13.3228346457,18.9009194286,0.804294443768,0.440212930129,15.0818280875,1.28355983724,0.628890858944,8.63518578645,0.734909428634,0.414286183346,1.13795297801,0.359608593621,4.28871048205,3.16442097936,1.13795297801,4.28871048205,0.401839098089,0.456824897614,8812,0.0180816835746,0.0914000825962,144,144,144,1,0,0.0763888888889,0.805555555556,0.118055555556,144,1941,0.0942599067599,3.16620948164,26.9583333333,14.5939849624,15.2834645669,21.2885191817,0.789682318951,0.435088585494,16.6552743699,1.23563086515,0.611386599118,10.3687054374,0.769239352388,0.43284174824,1.13515805013,0.358522724638,4.11455529631,3.16620948164,1.13515805013,4.11455529631,0.451806676485,0.525580962015,13163,0.027009668735,0.116428672379,144,144,144,1,0,0.0763888888889,0.805555555556,0.118055555556,-174,-0.00844988344988,-0.117191037699,-2.41666666667,-0.843971241974,-1.23997293307,-1.83742816231,0.00241602638833,0.00354800235798,-2.06253015667,-0.0387728472925,-0.0109768103904,-0.0507953425564,0.0598265333274,0.031137650525,0.00930173285595,0.0156293399763,-0.0308837126272,-0.117191037699,0.00930173285595,-0.0308837126272,-0.0544681864103,-0.0224449461803,-3054,-0.00626662070324,0.000619152716036,0.0277777777778,-0.0347222222222,0.00694444444444,1937,4,178,18473,0.915839243499,0.99978351464,0.000216485360178,0.0841607565012,0.997939206595,0.915839243499,0.955128205128,0.951313511795,0.915622758139,0.914110429448,249,423,0,5,4,5
583,WLNM_dir_neg_kfold,0.917008981216,0.417954726572,00:00:19,10,80,5,16350,threshold_sweep,0.7,0.987854251012,0.5768321513,0.728358208955,244,3,179,843,0.5768321513,0.996453900709,0.00354609929078,0.4231678487,0.987854251012,0.5768321513,0.728358208955,0.85657998424,0.601786183346,0.639841688654,0.682578832541,0.573286052009,2154,1731,423,0,2154,0,1731,0,423,144,2115,0.10270979021,3.28340051934,29.375,15.4379562044,16.5234375,23.125947344,0.787266292563,0.431540583136,18.7178045265,1.27440371245,0.622363409509,10.41950078,0.709412819061,0.401704097715,1.12585631727,0.342893384662,4.14543900894,3.28340051934,1.12585631727,4.14543900894,0.506274862896,0.548025908195,16217,0.0332762894383,0.115809519663,144,144,144,1,0,0.0486111111111,0.840277777778,0.111111111111,144,0.0821678321678,3.16442097936,23.5,12.7218045113,13.3228346457,18.9009194286,0.804294443768,0.440212930129,15.0818280875,1.28355983724,0.628890858944,8.63518578645,0.734909428634,0.414286183346,1.13795297801,0.359608593621,4.28871048205,3.16442097936,1.13795297801,4.28871048205,0.401839098089,0.456824897614,8812,0.0180816835746,0.0914000825962,144,144,144,1,0,0.0763888888889,0.805555555556,0.118055555556,144,1939,0.0941627816628,3.16810128092,26.9305555556,14.5789473684,15.2677165354,21.2838468504,0.790323348752,0.435343963097,16.6422300459,1.23593663054,0.611458512406,10.3585464828,0.769278336012,0.432801128875,1.13657669378,0.358756426324,4.11570963858,3.16810128092,1.13657669378,4.11570963858,0.452020571847,0.5251069729,13131,0.0269440066975,0.116548299042,144,144,144,1,0,0.0763888888889,0.805555555556,0.118055555556,-176,-0.00854700854701,-0.115299238419,-2.44444444444,-0.859008835959,-1.25572096457,-1.84210049362,0.0030570561889,0.00380337996034,-2.07557448062,-0.0384670819075,-0.0109048971026,-0.0609542971239,0.0598655169514,0.0310970311604,0.0107203765011,0.0158630416629,-0.0297293703613,-0.115299238419,0.0107203765011,-0.0297293703613,-0.0542542910486,-0.0229189352947,-3086,-0.00633228274073,0.000738779379035,0.0277777777778,-0.0347222222222,0.00694444444444,1936,3,179,18474,0.91536643026,0.99983763598,0.000162364020133,0.08463356974,0.998452810727,0.91536643026,0.955106068081,0.951317764442,0.91520406624,0.914069877243,247,423,0,5,4,5
584,WLNM_dir_neg_kfold,0.917008981216,0.417954726572,00:00:19,10,80,5,16350,threshold_sweep,0.8,0.987755102041,0.572104018913,0.724550898204,242,3,181,843,0.572104018913,0.996453900709,0.00354609929078,0.427895981087,0.987755102041,0.572104018913,0.724550898204,0.85500394011,0.60231153139,0.635402906209,0.679042658277,0.568557919622,2154,1731,423,0,2154,0,1731,0,423,144,2115,0.10270979021,3.28340051934,29.375,15.4379562044,16.5234375,23.125947344,0.787266292563,0.431540583136,18.7178045265,1.27440371245,0.622363409509,10.41950078,0.709412819061,0.401704097715,1.12585631727,0.342893384662,4.14543900894,3.28340051934,1.12585631727,4.14543900894,0.506274862896,0.548025908195,16217,0.0332762894383,0.115809519663,144,144,144,1,0,0.0486111111111,0.840277777778,0.111111111111,144,0.0821678321678,3.16442097936,23.5,12.7218045113,13.3228346457,18.9009194286,0.804294443768,0.440212930129,15.0818280875,1.28355983724,0.628890858944,8.63518578645,0.734909428634,0.414286183346,1.13795297801,0.359608593621,4.28871048205,3.16442097936,1.13795297801,4.28871048205,0.401839098089,0.456824897614,8812,0.0180816835746,0.0914000825962,144,144,144,1,0,0.0763888888889,0.805555555556,0.118055555556,144,1937,0.0940656565657,3.16582666582,26.9027777778,14.5639097744,15.2519685039,21.2857086053,0.791208580064,0.43565723054,16.6480767537,1.23764741999,0.611967963059,10.3463313055,0.769164536912,0.432681552229,1.13590464217,0.358801906129,4.11357732037,3.16582666582,1.13590464217,4.11357732037,0.452416971856,0.525607656269,13126,0.0269337470042,0.116119973363,144,144,144,1,0,0.0763888888889,0.805555555556,0.118055555556,-178,-0.00864413364413,-0.117573853521,-2.47222222222,-0.874046429943,-1.27146899606,-1.8402387387,0.00394228750106,0.00411664740345,-2.06972777287,-0.0367562924514,-0.0103954464502,-0.0731694744121,0.0597517178511,0.0309774545138,0.0100483248929,0.0159085214671,-0.0318616885638,-0.117573853521,0.0100483248929,-0.0318616885638,-0.0538578910402,-0.0224182519261,-3091,-0.00634254243409,0.000310453699722,0.0277777777778,-0.0347222222222,0.00694444444444,1934,3,181,18474,0.914420803783,0.99983763598,0.000162364020133,0.0855791962175,0.998451213216,0.914420803783,0.954590325765,0.950774348939,0.914258439762,0.913125590179,245,423,0,5,4,5
585,WLNM_dir_neg_kfold,0.917008981216,0.417954726572,00:00:19,10,80,5,16350,threshold_sweep,0.9,0.987704918033,0.569739952719,0.72263868066,241,3,182,843,0.569739952719,0.996453900709,0.00354609929078,0.430260047281,0.987704918033,0.569739952719,0.72263868066,0.854215918046,0.602574205411,0.633179114342,0.677272855348,0.566193853428,2154,1731,423,0,2154,0,1731,0,423,144,2115,0.10270979021,3.28340051934,29.375,15.4379562044,16.5234375,23.125947344,0.787266292563,0.431540583136,18.7178045265,1.27440371245,0.622363409509,10.41950078,0.709412819061,0.401704097715,1.12585631727,0.342893384662,4.14543900894,3.28340051934,1.12585631727,4.14543900894,0.506274862896,0.548025908195,16217,0.0332762894383,0.115809519663,144,144,144,1,0,0.0486111111111,0.840277777778,0.111111111111,144,0.0821678321678,3.16442097936,23.5,12.7218045113,13.3228346457,18.9009194286,0.804294443768,0.440212930129,15.0818280875,1.28355983724,0.628890858944,8.63518578645,0.734909428634,0.414286183346,1.13795297801,0.359608593621,4.28871048205,3.16442097936,1.13795297801,4.28871048205,0.401839098089,0.456824897614,8812,0.0180816835746,0.0914000825962,144,144,144,1,0,0.0763888888889,0.805555555556,0.118055555556,144,1936,0.0940170940171,3.16541709362,26.8888888889,14.5563909774,15.2440944882,21.2695360173,0.791015802298,0.435559429522,16.641752941,1.23781633445,0.612000688705,10.3422399393,0.769257516146,0.432686237374,1.13532949972,0.358666635752,4.11216190964,3.16541709362,1.13532949972,4.11216190964,0.451838563649,0.524498797113,13081,0.0268414097639,0.116102605972,144,144,144,1,0,0.0763888888889,0.805555555556,0.118055555556,-179,-0.0086926961927,-0.117983425714,-2.48611111111,-0.881565226936,-1.27934301181,-1.8564113267,0.00374950973482,0.00401884638617,-2.07605158558,-0.0365873779936,-0.0103627208036,-0.0772608406617,0.059844697085,0.030982139659,0.00947318244602,0.0157732510902,-0.0332770993025,-0.117983425714,0.00947318244602,-0.0332770993025,-0.054436299247,-0.0235271110818,-3136,-0.00643487967432,0.000293086308885,0.0277777777778,-0.0347222222222,0.00694444444444,1933,3,182,18474,0.913947990544,0.99983763598,0.000162364020133,0.0860520094563,0.998450413223,0.913947990544,0.954332263639,0.950502568402,0.913785626524,0.912653446648,244,423,0,5,4,5
586,WLNM_dir_neg_kfold,0.907914591821,0.511186647346,00:00:19,10,80,6,16351,threshold_sweep,0.1,0.951612903226,0.557919621749,0.703427719821,236,12,187,834,0.557919621749,0.985815602837,0.0141843971631,0.442080378251,0.951612903226,0.557919621749,0.703427719821,0.843183609141,0.601523509325,0.606460118655,0.646404129742,0.543735224586,2154,1731,423,0,2154,0,1731,0,423,144,2115,0.10270979021,3.28340051934,29.375,15.4379562044,16.5234375,23.125947344,0.787266292563,0.431540583136,18.7178045265,1.27440371245,0.622363409509,10.41950078,0.709412819061,0.401704097715,1.12585631727,0.342893384662,4.14543900894,3.28340051934,1.12585631727,4.14543900894,0.506274862896,0.548025908195,16217,0.0332762894383,0.115809519663,144,144,144,1,0,0.0486111111111,0.840277777778,0.111111111111,144,0.0821678321678,3.16442097936,23.5,12.7218045113,13.3228346457,18.9009194286,0.804294443768,0.440212930129,15.0818280875,1.28355983724,0.628890858944,8.63518578645,0.734909428634,0.414286183346,1.13795297801,0.359608593621,4.28871048205,3.16442097936,1.13795297801,4.28871048205,0.401839098089,0.456824897614,8812,0.0180816835746,0.0914000825962,144,144,144,1,0,0.0763888888889,0.805555555556,0.118055555556,144,1940,0.0942113442113,4.63060189159,26.9444444444,13.7588652482,15.15625,21.0533049007,0.78135976951,0.43157932417,16.4537684354,1.22131064675,0.60212628866,10.3875560601,0.771035088996,0.432359679267,1.32578787365,0.286310053139,5.70122141982,4.63060189159,1.32578787365,5.70122141982,0.451676323295,0.519047682811,12921,0.0265130995765,0.112184883528,144,144,144,1,0,0.0208333333333,0.868055555556,0.111111111111,-175,-0.00849844599845,1.34720137225,-2.43055555556,-1.67909095615,-1.3671875,-2.07264244335,-0.00590652305281,3.87410332026e-05,-2.26403609112,-0.0530930656922,-0.020237120849,-0.0319447198749,0.0616222699349,0.0306555815522,0.199931556371,-0.0565833315226,1.55578241088,1.34720137225,0.199931556371,1.55578241088,-0.0545985396002,-0.028978225384,-3296,-0.00676318986178,-0.00362463613478,-0.0277777777778,0.0277777777778,0,1928,12,187,18465,0.91158392435,0.999350543919,0.000649456080533,0.0884160756501,0.99381443299,0.91158392435,0.950924784217,0.946660992617,0.910934468269,0.906440996709,248,423,0,5,4,5
587,WLNM_dir_neg_kfold,0.907914591821,0.511186647346,00:00:19,10,80,6,16351,threshold_sweep,0.2,0.955102040816,0.553191489362,0.700598802395,234,11,189,835,0.553191489362,0.986997635934,0.0130023640662,0.446808510638,0.955102040816,0.553191489362,0.700598802395,0.842395587076,0.60231153139,0.603698811096,0.645161111918,0.540189125296,2154,1731,423,0,2154,0,1731,0,423,144,2115,0.10270979021,3.28340051934,29.375,15.4379562044,16.5234375,23.125947344,0.787266292563,0.431540583136,18.7178045265,1.27440371245,0.622363409509,10.41950078,0.709412819061,0.401704097715,1.12585631727,0.342893384662,4.14543900894,3.28340051934,1.12585631727,4.14543900894,0.506274862896,0.548025908195,16217,0.0332762894383,0.115809519663,144,144,144,1,0,0.0486111111111,0.840277777778,0.111111111111,144,0.0821678321678,3.16442097936,23.5,12.7218045113,13.3228346457,18.9009194286,0.804294443768,0.440212930129,15.0818280875,1.28355983724,0.628890858944,8.63518578645,0.734909428634,0.414286183346,1.13795297801,0.359608593621,4.28871048205,3.16442097936,1.13795297801,4.28871048205,0.401839098089,0.456824897614,8812,0.0180816835746,0.0914000825962,144,144,144,1,0,0.0763888888889,0.805555555556,0.118055555556,144,1937,0.0940656565657,4.56828970966,26.9027777778,13.8357142857,15.1328125,21.0362057005,0.781934336826,0.431856966672,16.4418151301,1.22231356672,0.602854500086,10.3652390168,0.770570169551,0.432064905639,1.34204998836,0.293775148613,5.6454762648,4.56828970966,1.34204998836,5.6454762648,0.449100505368,0.518439954353,12872,0.0264125545816,0.112189894484,144,144,144,1,0,0.0277777777778,0.861111111111,0.111111111111,-178,-0.00864413364413,1.28488919032,-2.47222222222,-1.60224191867,-1.390625,-2.08974164359,-0.00533195573666,0.000316383536075,-2.27598939649,-0.05209014573,-0.0195089094228,-0.0542617631418,0.0611573504907,0.030360807924,0.216193671086,-0.0491182360489,1.50003725586,1.28488919032,0.216193671086,1.50003725586,-0.0571743575278,-0.0295859538416,-3345,-0.00686373485669,-0.00361962517949,-0.0208333333333,0.0208333333333,0,1926,11,189,18466,0.910638297872,0.99940466526,0.000595334740488,0.0893617021277,0.994321115126,0.910638297872,0.95064165844,0.946390504203,0.910042963132,0.905926622766,245,423,0,5,4,5
588,WLNM_dir_neg_kfold,0.907914591821,0.511186647346,00:00:19,10,80,6,16351,threshold_sweep,0.3,0.958847736626,0.550827423168,0.6996996997,233,10,190,836,0.550827423168,0.988179669031,0.0118203309693,0.449172576832,0.958847736626,0.550827423168,0.6996996997,0.842395587076,0.602836879433,0.603174603175,0.64576280645,0.539007092199,2154,1731,423,0,2154,0,1731,0,423,144,2115,0.10270979021,3.28340051934,29.375,15.4379562044,16.5234375,23.125947344,0.787266292563,0.431540583136,18.7178045265,1.27440371245,0.622363409509,10.41950078,0.709412819061,0.401704097715,1.12585631727,0.342893384662,4.14543900894,3.28340051934,1.12585631727,4.14543900894,0.506274862896,0.548025908195,16217,0.0332762894383,0.115809519663,144,144,144,1,0,0.0486111111111,0.840277777778,0.111111111111,144,0.0821678321678,3.16442097936,23.5,12.7218045113,13.3228346457,18.9009194286,0.804294443768,0.440212930129,15.0818280875,1.28355983724,0.628890858944,8.63518578645,0.734909428634,0.414286183346,1.13795297801,0.359608593621,4.28871048205,3.16442097936,1.13795297801,4.28871048205,0.401839098089,0.456824897614,8812,0.0180816835746,0.0914000825962,144,144,144,1,0,0.0763888888889,0.805555555556,0.118055555556,144,1935,0.0939685314685,4.55564406217,26.875,13.8214285714,15.2362204724,21.0533371937,0.783379988604,0.432594028137,16.4498469608,1.22417465755,0.603721648005,10.3719085039,0.771862958432,0.432769882285,1.33722091607,0.293530595853,5.63114056877,4.55564406217,1.33722091607,5.63114056877,0.445074388357,0.518695167336,12869,0.0264063987656,0.112267048535,144,144,144,1,0,0.0277777777778,0.854166666667,0.118055555556,-180,-0.00874125874126,1.27224354284,-2.5,-1.61652763295,-1.28721702756,-2.07261015031,-0.00388630395915,0.00105344500034,-2.2679575657,-0.0502290548945,-0.0186417615042,-0.0475922760213,0.0624501393715,0.0310657845707,0.211364598791,-0.0493627888082,1.48570155983,1.27224354284,0.211364598791,1.48570155983,-0.0612004745387,-0.0293307408587,-3348,-0.00686989067271,-0.00354247112847,-0.0208333333333,0.0138888888889,0.00694444444444,1925,10,190,18467,0.910165484634,0.9994587866,0.000541213400444,0.0898345153664,0.994832041344,0.910165484634,0.950617283951,0.946393098999,0.909624271233,0.905882352941,243,423,0,5,4,5
589,WLNM_dir_neg_kfold,0.907914591821,0.511186647346,00:00:19,10,80,6,16351,threshold_sweep,0.4,0.958847736626,0.550827423168,0.6996996997,233,10,190,836,0.550827423168,0.988179669031,0.0118203309693,0.449172576832,0.958847736626,0.550827423168,0.6996996997,0.842395587076,0.602836879433,0.603174603175,0.64576280645,0.539007092199,2154,1731,423,0,2154,0,1731,0,423,144,2115,0.10270979021,3.28340051934,29.375,15.4379562044,16.5234375,23.125947344,0.787266292563,0.431540583136,18.7178045265,1.27440371245,0.622363409509,10.41950078,0.709412819061,0.401704097715,1.12585631727,0.342893384662,4.14543900894,3.28340051934,1.12585631727,4.14543900894,0.506274862896,0.548025908195,16217,0.0332762894383,0.115809519663,144,144,144,1,0,0.0486111111111,0.840277777778,0.111111111111,144,0.0821678321678,3.16442097936,23.5,12.7218045113,13.3228346457,18.9009194286,0.804294443768,0.440212930129,15.0818280875,1.28355983724,0.628890858944,8.63518578645,0.734909428634,0.414286183346,1.13795297801,0.359608593621,4.28871048205,3.16442097936,1.13795297801,4.28871048205,0.401839098089,0.456824897614,8812,0.0180816835746,0.0914000825962,144,144,144,1,0,0.0763888888889,0.805555555556,0.118055555556,144,1935,0.0939685314685,4.55564406217,26.875,13.8214285714,15.2362204724,21.0533371937,0.783379988604,0.432594028137,16.4498469608,1.22417465755,0.603721648005,10.3719085039,0.771862958432,0.432769882285,1.33722091607,0.293530595853,5.63114056877,4.55564406217,1.33722091607,5.63114056877,0.445074388357,0.518695167336,12869,0.0264063987656,0.112267048535,144,144,144,1,0,0.0277777777778,0.854166666667,0.118055555556,-180,-0.00874125874126,1.27224354284,-2.5,-1.61652763295,-1.28721702756,-2.07261015031,-0.00388630395915,0.00105344500034,-2.2679575657,-0.0502290548945,-0.0186417615042,-0.0475922760213,0.0624501393715,0.0310657845707,0.211364598791,-0.0493627888082,1.48570155983,1.27224354284,0.211364598791,1.48570155983,-0.0612004745387,-0.0293307408587,-3348,-0.00686989067271,-0.00354247112847,-0.0208333333333,0.0138888888889,0.00694444444444,1925,10,190,18467,0.910165484634,0.9994587866,0.000541213400444,0.0898345153664,0.994832041344,0.910165484634,0.950617283951,0.946393098999,0.909624271233,0.905882352941,243,423,0,5,4,5
590,WLNM_dir_neg_kfold,0.907914591821,0.511186647346,00:00:19,10,80,6,16351,threshold_sweep,0.5,0.987179487179,0.54609929078,0.703196347032,231,3,192,843,0.54609929078,0.996453900709,0.00354609929078,0.45390070922,0.987179487179,0.54609929078,0.703196347032,0.8463356974,0.605200945626,0.610778443114,0.659507265143,0.542553191489,2154,1731,423,0,2154,0,1731,0,423,144,2115,0.10270979021,3.28340051934,29.375,15.4379562044,16.5234375,23.125947344,0.787266292563,0.431540583136,18.7178045265,1.27440371245,0.622363409509,10.41950078,0.709412819061,0.401704097715,1.12585631727,0.342893384662,4.14543900894,3.28340051934,1.12585631727,4.14543900894,0.506274862896,0.548025908195,16217,0.0332762894383,0.115809519663,144,144,144,1,0,0.0486111111111,0.840277777778,0.111111111111,144,0.0821678321678,3.16442097936,23.5,12.7218045113,13.3228346457,18.9009194286,0.804294443768,0.440212930129,15.0818280875,1.28355983724,0.628890858944,8.63518578645,0.734909428634,0.414286183346,1.13795297801,0.359608593621,4.28871048205,3.16442097936,1.13795297801,4.28871048205,0.401839098089,0.456824897614,8812,0.0180816835746,0.0914000825962,144,144,144,1,0,0.0763888888889,0.805555555556,0.118055555556,144,1926,0.0935314685315,3.18850632769,26.75,14.3731343284,15.1653543307,21.0747918886,0.787842687423,0.434611889927,16.4978807709,1.23348641278,0.61031787239,10.263571946,0.767369865122,0.431377639322,1.13469099816,0.355869137941,4.15691294834,3.18850632769,1.13469099816,4.15691294834,0.448500113563,0.521115344087,12858,0.0263838274402,0.115008763153,144,144,144,1,0,0.0694444444444,0.8125,0.118055555556,-189,-0.00917832167832,-0.0948941916458,-2.625,-1.06482187602,-1.35808316929,-2.05115545547,0.0005763948603,0.00307130679098,-2.21992375566,-0.0409172996693,-0.0120455371193,-0.155928833946,0.0579570460614,0.0296735416068,0.00883468088064,0.0129757532797,0.0114739393968,-0.0948941916458,0.00883468088064,0.0114739393968,-0.0577747493323,-0.026910564108,-3359,-0.0068924619981,-0.000800756510016,0.0208333333333,-0.0277777777778,0.00694444444444,1923,3,192,18474,0.909219858156,0.99983763598,0.000162364020133,0.090780141844,0.998442367601,0.909219858156,0.951744617669,0.947782083142,0.909057494136,0.907932011331,234,423,0,5,4,5
591,WLNM_dir_neg_kfold,0.907914591821,0.511186647346,00:00:19,10,80,6,16351,threshold_sweep,0.6,0.987012987013,0.539007092199,0.697247706422,228,3,195,843,0.539007092199,0.996453900709,0.00354609929078,0.460992907801,0.987012987013,0.539007092199,0.697247706422,0.843971631206,0.605988967691,0.604,0.654151795058,0.535460992908,2154,1731,423,0,2154,0,1731,0,423,144,2115,0.10270979021,3.28340051934,29.375,15.4379562044,16.5234375,23.125947344,0.787266292563,0.431540583136,18.7178045265,1.27440371245,0.622363409509,10.41950078,0.709412819061,0.401704097715,1.12585631727,0.342893384662,4.14543900894,3.28340051934,1.12585631727,4.14543900894,0.506274862896,0.548025908195,16217,0.0332762894383,0.115809519663,144,144,144,1,0,0.0486111111111,0.840277777778,0.111111111111,144,0.0821678321678,3.16442097936,23.5,12.7218045113,13.3228346457,18.9009194286,0.804294443768,0.440212930129,15.0818280875,1.28355983724,0.628890858944,8.63518578645,0.734909428634,0.414286183346,1.13795297801,0.359608593621,4.28871048205,3.16442097936,1.13795297801,4.28871048205,0.401839098089,0.456824897614,8812,0.0180816835746,0.0914000825962,144,144,144,1,0,0.0763888888889,0.805555555556,0.118055555556,144,1923,0.0933857808858,3.17430356058,26.7083333333,14.4586466165,15.1417322835,21.047357524,0.78804458748,0.434643496851,16.4909251374,1.23488986989,0.611165279945,10.2503411166,0.767576245862,0.431360865546,1.1346070708,0.357434961447,4.10783085937,3.17430356058,1.1346070708,4.10783085937,0.447893484794,0.519251880464,12771,0.0262053087757,0.115857951345,144,144,144,1,0,0.0763888888889,0.805555555556,0.118055555556,-192,-0.00932400932401,-0.109096958752,-2.66666666667,-0.979309587838,-1.38170521654,-2.07858982009,0.000778294917281,0.00310291371466,-2.22687938911,-0.0395138425601,-0.0111981295643,-0.169159663339,0.0581634268012,0.029656767831,0.00875075352438,0.0145415767856,-0.0376081495645,-0.109096958752,0.00875075352438,-0.0376081495645,-0.0583813781022,-0.0287740277314,-3446,-0.00707098066253,4.84316823331e-05,0.0277777777778,-0.0347222222222,0.00694444444444,1920,3,195,18474,0.90780141844,0.99983763598,0.000162364020133,0.0921985815603,0.998439937598,0.90780141844,0.950965824666,0.946964983173,0.90763905442,0.906515580737,231,423,0,5,4,5
592,WLNM_dir_neg_kfold,0.907914591821,0.511186647346,00:00:19,10,80,6,16351,threshold_sweep,0.7,0.986956521739,0.536643026005,0.695252679939,227,3,196,843,0.536643026005,0.996453900709,0.00354609929078,0.463356973995,0.986956521739,0.536643026005,0.695252679939,0.843183609141,0.606251641713,0.60173448966,0.652363797663,0.533096926714,2154,1731,423,0,2154,0,1731,0,423,144,2115,0.10270979021,3.28340051934,29.375,15.4379562044,16.5234375,23.125947344,0.787266292563,0.431540583136,18.7178045265,1.27440371245,0.622363409509,10.41950078,0.709412819061,0.401704097715,1.12585631727,0.342893384662,4.14543900894,3.28340051934,1.12585631727,4.14543900894,0.506274862896,0.548025908195,16217,0.0332762894383,0.115809519663,144,144,144,1,0,0.0486111111111,0.840277777778,0.111111111111,144,0.0821678321678,3.16442097936,23.5,12.7218045113,13.3228346457,18.9009194286,0.804294443768,0.440212930129,15.0818280875,1.28355983724,0.628890858944,8.63518578645,0.734909428634,0.414286183346,1.13795297801,0.359608593621,4.28871048205,3.16442097936,1.13795297801,4.28871048205,0.401839098089,0.456824897614,8812,0.0180816835746,0.0914000825962,144,144,144,1,0,0.0763888888889,0.805555555556,0.118055555556,144,1922,0.0933372183372,3.17541666128,26.6944444444,14.4511278195,15.1338582677,21.0504813751,0.788571622792,0.434855185571,16.4938299311,1.23575000524,0.611356804255,10.2495570052,0.767916861994,0.431494970517,1.13508483647,0.357460124936,4.10979107574,3.17541666128,1.13508483647,4.10979107574,0.447978676354,0.519432616419,12768,0.0261991529597,0.115911515021,144,144,144,1,0,0.0763888888889,0.805555555556,0.118055555556,-193,-0.00937257187257,-0.107983858051,-2.68055555556,-0.986828384831,-1.38957923228,-2.07546596896,0.00130533022876,0.00331460243426,-2.22397459543,-0.0386537072006,-0.011006605254,-0.169943774728,0.0585040429334,0.0297908728021,0.00922851919061,0.014566740274,-0.0356479331971,-0.107983858051,0.00922851919061,-0.0356479331971,-0.0582961865417,-0.0285932917755,-3449,-0.00707713647854,0.000101995358081,0.0277777777778,-0.0347222222222,0.00694444444444,1919,3,196,18474,0.907328605201,0.99983763598,0.000162364020133,0.0926713947991,0.998439125911,0.907328605201,0.95070596978,0.946692518192,0.907166241181,0.906043437205,230,423,0,5,4,5
593,WLNM_dir_neg_kfold,0.907914591821,0.511186647346,00:00:19,10,80,6,16351,threshold_sweep,0.8,0.986956521739,0.536643026005,0.695252679939,227,3,196,843,0.536643026005,0.996453900709,0.00354609929078,0.463356973995,0.986956521739,0.536643026005,0.695252679939,0.843183609141,0.606251641713,0.60173448966,0.652363797663,0.533096926714,2154,1731,423,0,2154,0,1731,0,423,144,2115,0.10270979021,3.28340051934,29.375,15.4379562044,16.5234375,23.125947344,0.787266292563,0.431540583136,18.7178045265,1.27440371245,0.622363409509,10.41950078,0.709412819061,0.401704097715,1.12585631727,0.342893384662,4.14543900894,3.28340051934,1.12585631727,4.14543900894,0.506274862896,0.548025908195,16217,0.0332762894383,0.115809519663,144,144,144,1,0,0.0486111111111,0.840277777778,0.111111111111,144,0.0821678321678,3.16442097936,23.5,12.7218045113,13.3228346457,18.9009194286,0.804294443768,0.440212930129,15.0818280875,1.28355983724,0.628890858944,8.63518578645,0.734909428634,0.414286183346,1.13795297801,0.359608593621,4.28871048205,3.16442097936,1.13795297801,4.28871048205,0.401839098089,0.456824897614,8812,0.0180816835746,0.0914000825962,144,144,144,1,0,0.0763888888889,0.805555555556,0.118055555556,144,1922,0.0933372183372,3.17541666128,26.6944444444,14.4511278195,15.1338582677,21.0504813751,0.788571622792,0.434855185571,16.4938299311,1.23575000524,0.611356804255,10.2495570052,0.767916861994,0.431494970517,1.13508483647,0.357460124936,4.10979107574,3.17541666128,1.13508483647,4.10979107574,0.447978676354,0.519432616419,12768,0.0261991529597,0.115911515021,144,144,144,1,0,0.0763888888889,0.805555555556,0.118055555556,-193,-0.00937257187257,-0.107983858051,-2.68055555556,-0.986828384831,-1.38957923228,-2.07546596896,0.00130533022876,0.00331460243426,-2.22397459543,-0.0386537072006,-0.011006605254,-0.169943774728,0.0585040429334,0.0297908728021,0.00922851919061,0.014566740274,-0.0356479331971,-0.107983858051,0.00922851919061,-0.0356479331971,-0.0582961865417,-0.0285932917755,-3449,-0.00707713647854,0.000101995358081,0.0277777777778,-0.0347222222222,0.00694444444444,1919,3,196,18474,0.907328605201,0.99983763598,0.000162364020133,0.0926713947991,0.998439125911,0.907328605201,0.95070596978,0.946692518192,0.907166241181,0.906043437205,230,423,0,5,4,5
594,WLNM_dir_neg_kfold,0.907914591821,0.511186647346,00:00:19,10,80,6,16351,threshold_sweep,0.9,0.991228070175,0.534278959811,0.694316436252,226,2,197,844,0.534278959811,0.997635933806,0.00236406619385,0.465721040189,0.991228070175,0.534278959811,0.694316436252,0.843183609141,0.606776989756,0.60120240481,0.653137662602,0.531914893617,2154,1731,423,0,2154,0,1731,0,423,144,2115,0.10270979021,3.28340051934,29.375,15.4379562044,16.5234375,23.125947344,0.787266292563,0.431540583136,18.7178045265,1.27440371245,0.622363409509,10.41950078,0.709412819061,0.401704097715,1.12585631727,0.342893384662,4.14543900894,3.28340051934,1.12585631727,4.14543900894,0.506274862896,0.548025908195,16217,0.0332762894383,0.115809519663,144,144,144,1,0,0.0486111111111,0.840277777778,0.111111111111,144,0.0821678321678,3.16442097936,23.5,12.7218045113,13.3228346457,18.9009194286,0.804294443768,0.440212930129,15.0818280875,1.28355983724,0.628890858944,8.63518578645,0.734909428634,0.414286183346,1.13795297801,0.359608593621,4.28871048205,3.16442097936,1.13795297801,4.28871048205,0.401839098089,0.456824897614,8812,0.0180816835746,0.0914000825962,144,144,144,1,0,0.0763888888889,0.805555555556,0.118055555556,144,1920,0.0932400932401,3.17672864263,26.6666666667,14.4360902256,15.1181102362,21.0613489497,0.789800585613,0.435394965278,16.4983576212,1.23737682159,0.611639178241,10.2384166171,0.767881246282,0.431416377315,1.13575923392,0.357524787822,4.1103178482,3.17672864263,1.13575923392,4.1103178482,0.448490959118,0.519573774942,12759,0.0261806855117,0.115971455344,144,144,144,1,0,0.0763888888889,0.805555555556,0.118055555556,-195,-0.0094696969697,-0.106671876703,-2.70833333333,-1.00186597882,-1.40532726378,-2.06459839436,0.00253429305005,0.00385438214145,-2.21944690538,-0.0370268908579,-0.0107242312681,-0.181084162862,0.0584684272212,0.0297122796001,0.00990291664973,0.0146314031601,-0.0351211607433,-0.106671876703,0.00990291664973,-0.0351211607433,-0.0577839037781,-0.0284521332526,-3458,-0.00709560392659,0.000161935681055,0.0277777777778,-0.0347222222222,0.00694444444444,1918,2,197,18475,0.906855791962,0.99989175732,0.000108242680089,0.0931442080378,0.998958333333,0.906855791962,0.950681536555,0.946697591048,0.906747549282,0.905999055267,228,423,0,5,4,5
595,WLNM_dir_neg_kfold,0.884796483521,0.411003746671,00:00:19,10,80,7,16352,threshold_sweep,0.1,0.97975708502,0.572104018913,0.722388059701,242,5,181,841,0.572104018913,0.994089834515,0.00591016548463,0.427895981087,0.97975708502,0.572104018913,0.722388059701,0.853427895981,0.601786183346,0.631926121372,0.674134558324,0.566193853428,2154,1731,423,0,2154,0,1731,0,423,144,2115,0.10270979021,3.28340051934,29.375,15.4379562044,16.5234375,23.125947344,0.787266292563,0.431540583136,18.7178045265,1.27440371245,0.622363409509,10.41950078,0.709412819061,0.401704097715,1.12585631727,0.342893384662,4.14543900894,3.28340051934,1.12585631727,4.14543900894,0.506274862896,0.548025908195,16217,0.0332762894383,0.115809519663,144,144,144,1,0,0.0486111111111,0.840277777778,0.111111111111,144,0.0821678321678,3.16442097936,23.5,12.7218045113,13.3228346457,18.9009194286,0.804294443768,0.440212930129,15.0818280875,1.28355983724,0.628890858944,8.63518578645,0.734909428634,0.414286183346,1.13795297801,0.359608593621,4.28871048205,3.16442097936,1.13795297801,4.28871048205,0.401839098089,0.456824897614,8812,0.0180816835746,0.0914000825962,144,144,144,1,0,0.0763888888889,0.805555555556,0.118055555556,144,1939,0.0941627816628,3.25500463401,26.9305555556,14.0507246377,15.2677165354,21.1787770726,0.786421840756,0.433778866541,16.5516412447,1.22920904551,0.606781130021,10.3240592077,0.766717135588,0.431311242909,1.11491551764,0.342523480916,4.28763430289,3.25500463401,1.11491551764,4.28763430289,0.447864933608,0.52300998345,13062,0.0268024229292,0.11291798642,144,144,144,1,0,0.0416666666667,0.840277777778,0.118055555556,-176,-0.00854700854701,-0.0283958853273,-2.44444444444,-1.3872315667,-1.25572096457,-1.94717027145,-0.000844451806734,0.00223828340427,-2.16616328181,-0.0451946669364,-0.0155822794876,-0.0954415722749,0.0573043165277,0.029607145194,-0.0109407996377,-0.000369903745998,0.142195293947,-0.0283958853273,-0.0109407996377,0.142195293947,-0.0584099292874,-0.025015924745,-3155,-0.00647386650908,-0.00289153324341,-0.00694444444444,0,0.00694444444444,1934,5,181,18472,0.914420803783,0.9997293933,0.000270606700222,0.0855791962175,0.997421351212,0.914420803783,0.954119388259,0.9502223099,0.914150197082,0.912264150943,247,423,0,5,4,5
596,WLNM_dir_neg_kfold,0.884796483521,0.411003746671,00:00:19,10,80,7,16352,threshold_sweep,0.2,0.979508196721,0.565011820331,0.71664167916,239,5,184,841,0.565011820331,0.994089834515,0.00591016548463,0.434988179669,0.979508196721,0.565011820331,0.71664167916,0.851063829787,0.602574205411,0.62524785195,0.668789270521,0.559101654846,2154,1731,423,0,2154,0,1731,0,423,144,2115,0.10270979021,3.28340051934,29.375,15.4379562044,16.5234375,23.125947344,0.787266292563,0.431540583136,18.7178045265,1.27440371245,0.622363409509,10.41950078,0.709412819061,0.401704097715,1.12585631727,0.342893384662,4.14543900894,3.28340051934,1.12585631727,4.14543900894,0.506274862896,0.548025908195,16217,0.0332762894383,0.115809519663,144,144,144,1,0,0.0486111111111,0.840277777778,0.111111111111,144,0.0821678321678,3.16442097936,23.5,12.7218045113,13.3228346457,18.9009194286,0.804294443768,0.440212930129,15.0818280875,1.28355983724,0.628890858944,8.63518578645,0.734909428634,0.414286183346,1.13795297801,0.359608593621,4.28871048205,3.16442097936,1.13795297801,4.28871048205,0.401839098089,0.456824897614,8812,0.0180816835746,0.0914000825962,144,144,144,1,0,0.0763888888889,0.805555555556,0.118055555556,144,1936,0.0940170940171,3.25217413607,26.8888888889,14.0289855072,15.2440944882,21.1276874357,0.785740441822,0.43354353191,16.5135154554,1.22827800908,0.606577134986,10.3070196582,0.766637825817,0.431179694674,1.11313379811,0.34227373798,4.28271161749,3.25217413607,1.11313379811,4.28271161749,0.4470940081,0.521415843839,12973,0.0266198003874,0.112875572762,144,144,144,1,0,0.0416666666667,0.840277777778,0.118055555556,-179,-0.0086926961927,-0.0312263832682,-2.48611111111,-1.40897069713,-1.27934301181,-1.99825990838,-0.00152585074089,0.00200294877368,-2.20428907112,-0.0461257033648,-0.0157862745226,-0.112481121749,0.0572250067562,0.0294755969593,-0.0127225191616,-0.000619646681794,0.137272608549,-0.0312263832682,-0.0127225191616,0.137272608549,-0.0591808547962,-0.0266100643557,-3244,-0.00665648905086,-0.00293394690143,-0.00694444444444,0,0.00694444444444,1931,5,184,18472,0.913002364066,0.9997293933,0.000270606700222,0.0869976359338,0.997417355372,0.913002364066,0.953344853123,0.949406353588,0.912731757366,0.910849056604,244,423,0,5,4,5
597,WLNM_dir_neg_kfold,0.884796483521,0.411003746671,00:00:19,10,80,7,16352,threshold_sweep,0.3,0.979508196721,0.565011820331,0.71664167916,239,5,184,841,0.565011820331,0.994089834515,0.00591016548463,0.434988179669,0.979508196721,0.565011820331,0.71664167916,0.851063829787,0.602574205411,0.62524785195,0.668789270521,0.559101654846,2154,1731,423,0,2154,0,1731,0,423,144,2115,0.10270979021,3.28340051934,29.375,15.4379562044,16.5234375,23.125947344,0.787266292563,0.431540583136,18.7178045265,1.27440371245,0.622363409509,10.41950078,0.709412819061,0.401704097715,1.12585631727,0.342893384662,4.14543900894,3.28340051934,1.12585631727,4.14543900894,0.506274862896,0.548025908195,16217,0.0332762894383,0.115809519663,144,144,144,1,0,0.0486111111111,0.840277777778,0.111111111111,144,0.0821678321678,3.16442097936,23.5,12.7218045113,13.3228346457,18.9009194286,0.804294443768,0.440212930129,15.0818280875,1.28355983724,0.628890858944,8.63518578645,0.734909428634,0.414286183346,1.13795297801,0.359608593621,4.28871048205,3.16442097936,1.13795297801,4.28871048205,0.401839098089,0.456824897614,8812,0.0180816835746,0.0914000825962,144,144,144,1,0,0.0763888888889,0.805555555556,0.118055555556,144,1936,0.0940170940171,3.25217413607,26.8888888889,14.0289855072,15.2440944882,21.1276874357,0.785740441822,0.43354353191,16.5135154554,1.22827800908,0.606577134986,10.3070196582,0.766637825817,0.431179694674,1.11313379811,0.34227373798,4.28271161749,3.25217413607,1.11313379811,4.28271161749,0.4470940081,0.521415843839,12973,0.0266198003874,0.112875572762,144,144,144,1,0,0.0416666666667,0.840277777778,0.118055555556,-179,-0.0086926961927,-0.0312263832682,-2.48611111111,-1.40897069713,-1.27934301181,-1.99825990838,-0.00152585074089,0.00200294877368,-2.20428907112,-0.0461257033648,-0.0157862745226,-0.112481121749,0.0572250067562,0.0294755969593,-0.0127225191616,-0.000619646681794,0.137272608549,-0.0312263832682,-0.0127225191616,0.137272608549,-0.0591808547962,-0.0266100643557,-3244,-0.00665648905086,-0.00293394690143,-0.00694444444444,0,0.00694444444444,1931,5,184,18472,0.913002364066,0.9997293933,0.000270606700222,0.0869976359338,0.997417355372,0.913002364066,0.953344853123,0.949406353588,0.912731757366,0.910849056604,244,423,0,5,4,5
598,WLNM_dir_neg_kfold,0.884796483521,0.411003746671,00:00:19,10,80,7,16352,threshold_sweep,0.4,0.979508196721,0.565011820331,0.71664167916,239,5,184,841,0.565011820331,0.994089834515,0.00591016548463,0.434988179669,0.979508196721,0.565011820331,0.71664167916,0.851063829787,0.602574205411,0.62524785195,0.668789270521,0.559101654846,2154,1731,423,0,2154,0,1731,0,423,144,2115,0.10270979021,3.28340051934,29.375,15.4379562044,16.5234375,23.125947344,0.787266292563,0.431540583136,18.7178045265,1.27440371245,0.622363409509,10.41950078,0.709412819061,0.401704097715,1.12585631727,0.342893384662,4.14543900894,3.28340051934,1.12585631727,4.14543900894,0.506274862896,0.548025908195,16217,0.0332762894383,0.115809519663,144,144,144,1,0,0.0486111111111,0.840277777778,0.111111111111,144,0.0821678321678,3.16442097936,23.5,12.7218045113,13.3228346457,18.9009194286,0.804294443768,0.440212930129,15.0818280875,1.28355983724,0.628890858944,8.63518578645,0.734909428634,0.414286183346,1.13795297801,0.359608593621,4.28871048205,3.16442097936,1.13795297801,4.28871048205,0.401839098089,0.456824897614,8812,0.0180816835746,0.0914000825962,144,144,144,1,0,0.0763888888889,0.805555555556,0.118055555556,144,1936,0.0940170940171,3.25217413607,26.8888888889,14.0289855072,15.2440944882,21.1276874357,0.785740441822,0.43354353191,16.5135154554,1.22827800908,0.606577134986,10.3070196582,0.766637825817,0.431179694674,1.11313379811,0.34227373798,4.28271161749,3.25217413607,1.11313379811,4.28271161749,0.4470940081,0.521415843839,12973,0.0266198003874,0.112875572762,144,144,144,1,0,0.0416666666667,0.840277777778,0.118055555556,-179,-0.0086926961927,-0.0312263832682,-2.48611111111,-1.40897069713,-1.27934301181,-1.99825990838,-0.00152585074089,0.00200294877368,-2.20428907112,-0.0461257033648,-0.0157862745226,-0.112481121749,0.0572250067562,0.0294755969593,-0.0127225191616,-0.000619646681794,0.137272608549,-0.0312263832682,-0.0127225191616,0.137272608549,-0.0591808547962,-0.0266100643557,-3244,-0.00665648905086,-0.00293394690143,-0.00694444444444,0,0.00694444444444,1931,5,184,18472,0.913002364066,0.9997293933,0.000270606700222,0.0869976359338,0.997417355372,0.913002364066,0.953344853123,0.949406353588,0.912731757366,0.910849056604,244,423,0,5,4,5
599,WLNM_dir_neg_kfold,0.884796483521,0.411003746671,00:00:19,10,80,7,16352,threshold_sweep,0.5,0.987447698745,0.557919621749,0.712990936556,236,3,187,843,0.557919621749,0.996453900709,0.00354609929078,0.442080378251,0.987447698745,0.557919621749,0.712990936556,0.850275807723,0.603887575519,0.622015915119,0.668405911255,0.554373522459,2154,1731,423,0,2154,0,1731,0,423,144,2115,0.10270979021,3.28340051934,29.375,15.4379562044,16.5234375,23.125947344,0.787266292563,0.431540583136,18.7178045265,1.27440371245,0.622363409509,10.41950078,0.709412819061,0.401704097715,1.12585631727,0.342893384662,4.14543900894,3.28340051934,1.12585631727,4.14543900894,0.506274862896,0.548025908195,16217,0.0332762894383,0.115809519663,144,144,144,1,0,0.0486111111111,0.840277777778,0.111111111111,144,0.0821678321678,3.16442097936,23.5,12.7218045113,13.3228346457,18.9009194286,0.804294443768,0.440212930129,15.0818280875,1.28355983724,0.628890858944,8.63518578645,0.734909428634,0.414286183346,1.13795297801,0.359608593621,4.28871048205,3.16442097936,1.13795297801,4.28871048205,0.401839098089,0.456824897614,8812,0.0180816835746,0.0914000825962,144,144,144,1,0,0.0763888888889,0.805555555556,0.118055555556,144,1931,0.0937742812743,3.20671145855,26.8194444444,14.3037037037,15.2047244094,21.1083295718,0.787053199984,0.434123079579,16.5281760675,1.23255171089,0.60952514529,10.2359664767,0.763324273769,0.429990937338,1.12636125271,0.351251201508,4.18155254476,3.20671145855,1.12636125271,4.18155254476,0.450361808459,0.521367061356,12916,0.0265028398831,0.113480421399,144,144,144,1,0,0.0625,0.819444444444,0.118055555556,-184,-0.00893550893551,-0.0766890607848,-2.55555555556,-1.13425250068,-1.31871309055,-2.01761777225,-0.000213092579034,0.00258249644247,-2.18962845904,-0.04185200156,-0.0128382642185,-0.183534303237,0.053911454708,0.0282868396234,0.000504935432479,0.00835781684692,0.0361135358253,-0.0766890607848,0.000504935432479,0.0361135358253,-0.0559130544368,-0.0266588468386,-3301,-0.00677344955514,-0.00232909826376,0.0138888888889,-0.0208333333333,0.00694444444444,1928,3,187,18474,0.91158392435,0.99983763598,0.000162364020133,0.0884160756501,0.998446400829,0.91158392435,0.953040039545,0.949142936002,0.91142156033,0.91029272899,239,423,0,5,4,5
600,WLNM_dir_neg_kfold,0.884796483521,0.411003746671,00:00:19,10,80,7,16352,threshold_sweep,0.6,0.991525423729,0.553191489362,0.710166919575,234,2,189,844,0.553191489362,0.997635933806,0.00236406619385,0.446808510638,0.991525423729,0.553191489362,0.710166919575,0.849487785658,0.604675597583,0.61926910299,0.667367044227,0.550827423168,2154,1731,423,0,2154,0,1731,0,423,144,2115,0.10270979021,3.28340051934,29.375,15.4379562044,16.5234375,23.125947344,0.787266292563,0.431540583136,18.7178045265,1.27440371245,0.622363409509,10.41950078,0.709412819061,0.401704097715,1.12585631727,0.342893384662,4.14543900894,3.28340051934,1.12585631727,4.14543900894,0.506274862896,0.548025908195,16217,0.0332762894383,0.115809519663,144,144,144,1,0,0.0486111111111,0.840277777778,0.111111111111,144,0.0821678321678,3.16442097936,23.5,12.7218045113,13.3228346457,18.9009194286,0.804294443768,0.440212930129,15.0818280875,1.28355983724,0.628890858944,8.63518578645,0.734909428634,0.414286183346,1.13795297801,0.359608593621,4.28871048205,3.16442097936,1.13795297801,4.28871048205,0.401839098089,0.456824897614,8812,0.0180816835746,0.0914000825962,144,144,144,1,0,0.0763888888889,0.805555555556,0.118055555556,144,1928,0.0936285936286,3.16158604014,26.7777777778,14.4962406015,15.1811023622,21.0956676838,0.787805017239,0.434524838635,16.5191607802,1.23379624085,0.610851775012,10.2350768808,0.764445576163,0.430526740433,1.13363526151,0.358565367861,4.10527114104,3.16158604014,1.13363526151,4.10527114104,0.449977298664,0.521602111728,12910,0.0264905282511,0.115108711976,144,144,144,1,0,0.0763888888889,0.805555555556,0.118055555556,-187,-0.0090811965812,-0.121814479193,-2.59722222222,-0.941715602876,-1.3423351378,-2.0302796602,0.000538724675841,0.00298425549899,-2.19864374632,-0.0406074715991,-0.0115116344973,-0.184423899111,0.0550327571019,0.0288226427186,0.0077789442336,0.0156719831995,-0.0401678679034,-0.121814479193,0.0077789442336,-0.0401678679034,-0.0562975642321,-0.0264237964672,-3307,-0.00678576118717,-0.000700807686575,0.0277777777778,-0.0347222222222,0.00694444444444,1926,2,189,18475,0.910638297872,0.99989175732,0.000108242680089,0.0893617021277,0.998962655602,0.910638297872,0.952757853079,0.948875696773,0.910530055192,0.909777987718,236,423,0,5,4,5
601,WLNM_dir_neg_kfold,0.884796483521,0.411003746671,00:00:19,10,80,7,16352,threshold_sweep,0.7,0.991489361702,0.550827423168,0.70820668693,233,2,190,844,0.550827423168,0.997635933806,0.00236406619385,0.449172576832,0.991489361702,0.550827423168,0.70820668693,0.848699763593,0.604938271605,0.617021276596,0.665593055708,0.548463356974,2154,1731,423,0,2154,0,1731,0,423,144,2115,0.10270979021,3.28340051934,29.375,15.4379562044,16.5234375,23.125947344,0.787266292563,0.431540583136,18.7178045265,1.27440371245,0.622363409509,10.41950078,0.709412819061,0.401704097715,1.12585631727,0.342893384662,4.14543900894,3.28340051934,1.12585631727,4.14543900894,0.506274862896,0.548025908195,16217,0.0332762894383,0.115809519663,144,144,144,1,0,0.0486111111111,0.840277777778,0.111111111111,144,0.0821678321678,3.16442097936,23.5,12.7218045113,13.3228346457,18.9009194286,0.804294443768,0.440212930129,15.0818280875,1.28355983724,0.628890858944,8.63518578645,0.734909428634,0.414286183346,1.13795297801,0.359608593621,4.28871048205,3.16442097936,1.13795297801,4.28871048205,0.401839098089,0.456824897614,8812,0.0180816835746,0.0914000825962,144,144,144,1,0,0.0763888888889,0.805555555556,0.118055555556,144,1927,0.09358003108,3.16139752834,26.7638888889,14.4887218045,15.1732283465,21.0686477411,0.787204274706,0.434296257856,16.4996276829,1.23297684813,0.610653433662,10.2267963715,0.764223496368,0.430386178862,1.13338800163,0.358508536642,4.10462198488,3.16139752834,1.13338800163,4.10462198488,0.449483119249,0.520706307667,12867,0.0264022948882,0.115073274625,144,144,144,1,0,0.0763888888889,0.805555555556,0.118055555556,-188,-0.00912975912976,-0.122002991,-2.61111111111,-0.949234399868,-1.35020915354,-2.05729960296,-6.20178573444e-05,0.00275567471987,-2.21817684361,-0.0414268643178,-0.0117099758468,-0.19270440842,0.0548106773072,0.0286820811471,0.00753168435121,0.01561515198,-0.040817024058,-0.122002991,0.00753168435121,-0.040817024058,-0.056791743647,-0.0273196005275,-3350,-0.00687399455005,-0.000736245038535,0.0277777777778,-0.0347222222222,0.00694444444444,1925,2,190,18475,0.910165484634,0.99989175732,0.000108242680089,0.0898345153664,0.998962117281,0.910165484634,0.952498762989,0.948603605039,0.910057241953,0.909305621162,235,423,0,5,4,5
602,WLNM_dir_neg_kfold,0.884796483521,0.411003746671,00:00:19,10,80,7,16352,threshold_sweep,0.8,0.991416309013,0.54609929078,0.704268292683,231,2,192,844,0.54609929078,0.997635933806,0.00236406619385,0.45390070922,0.991416309013,0.54609929078,0.704268292683,0.847123719464,0.605463619648,0.612516644474,0.662041167125,0.543735224586,2154,1731,423,0,2154,0,1731,0,423,144,2115,0.10270979021,3.28340051934,29.375,15.4379562044,16.5234375,23.125947344,0.787266292563,0.431540583136,18.7178045265,1.27440371245,0.622363409509,10.41950078,0.709412819061,0.401704097715,1.12585631727,0.342893384662,4.14543900894,3.28340051934,1.12585631727,4.14543900894,0.506274862896,0.548025908195,16217,0.0332762894383,0.115809519663,144,144,144,1,0,0.0486111111111,0.840277777778,0.111111111111,144,0.0821678321678,3.16442097936,23.5,12.7218045113,13.3228346457,18.9009194286,0.804294443768,0.440212930129,15.0818280875,1.28355983724,0.628890858944,8.63518578645,0.734909428634,0.414286183346,1.13795297801,0.359608593621,4.28871048205,3.16442097936,1.13795297801,4.28871048205,0.401839098089,0.456824897614,8812,0.0180816835746,0.0914000825962,144,144,144,1,0,0.0763888888889,0.805555555556,0.118055555556,144,1925,0.0934829059829,3.16122175139,26.7361111111,14.4736842105,15.157480315,21.0473944407,0.78722722064,0.434321789322,16.4863777325,1.23326669791,0.610984848485,10.2238898402,0.764800071166,0.430602453102,1.13314519538,0.358451663467,4.1040576049,3.16122175139,1.13314519538,4.1040576049,0.44791769782,0.519612878808,12814,0.0262935421386,0.114908222909,144,144,144,1,0,0.0763888888889,0.805555555556,0.118055555556,-190,-0.00922688422688,-0.122178767944,-2.63888888889,-0.964271993853,-1.36595718504,-2.07855290333,-3.90719236322e-05,0.00278120618546,-2.23142679405,-0.0411370145347,-0.011378561024,-0.195610939713,0.0553872521054,0.0288983553877,0.00728887810093,0.0155582788057,-0.0413814040374,-0.122178767944,0.00728887810093,-0.0413814040374,-0.0583571650754,-0.0284130293865,-3403,-0.00698274729965,-0.000901296753884,0.0277777777778,-0.0347222222222,0.00694444444444,1923,2,192,18475,0.909219858156,0.99989175732,0.000108242680089,0.090780141844,0.998961038961,0.909219858156,0.95198019802,0.948059274821,0.909111615476,0.908360888049,233,423,0,5,4,5
603,WLNM_dir_neg_kfold,0.884796483521,0.411003746671,00:00:19,10,80,7,16352,threshold_sweep,0.9,0.991379310345,0.543735224586,0.702290076336,230,2,193,844,0.543735224586,0.997635933806,0.00236406619385,0.456264775414,0.991379310345,0.543735224586,0.702290076336,0.8463356974,0.60572629367,0.610259826782,0.660263226057,0.541371158392,2154,1731,423,0,2154,0,1731,0,423,144,2115,0.10270979021,3.28340051934,29.375,15.4379562044,16.5234375,23.125947344,0.787266292563,0.431540583136,18.7178045265,1.27440371245,0.622363409509,10.41950078,0.709412819061,0.401704097715,1.12585631727,0.342893384662,4.14543900894,3.28340051934,1.12585631727,4.14543900894,0.506274862896,0.548025908195,16217,0.0332762894383,0.115809519663,144,144,144,1,0,0.0486111111111,0.840277777778,0.111111111111,144,0.0821678321678,3.16442097936,23.5,12.7218045113,13.3228346457,18.9009194286,0.804294443768,0.440212930129,15.0818280875,1.28355983724,0.628890858944,8.63518578645,0.734909428634,0.414286183346,1.13795297801,0.359608593621,4.28871048205,3.16442097936,1.13795297801,4.28871048205,0.401839098089,0.456824897614,8812,0.0180816835746,0.0914000825962,144,144,144,1,0,0.0763888888889,0.805555555556,0.118055555556,144,1924,0.0934343434343,3.160939742,26.7222222222,14.4661654135,15.1496062992,21.0219480525,0.786684126705,0.434139668515,16.467221568,1.23247396351,0.610793485793,10.2224291388,0.765088251554,0.4306999307,1.13277808508,0.358367503825,4.10308648334,3.160939742,1.13277808508,4.10308648334,0.44791769782,0.519612878808,12814,0.0262935421386,0.114894866314,144,144,144,1,0,0.0763888888889,0.805555555556,0.118055555556,-191,-0.00927544677545,-0.122460777336,-2.65277777778,-0.971790790846,-1.37383120079,-2.10399929154,-0.000582165858118,0.00259908537834,-2.25058295855,-0.0419297489363,-0.0115699237153,-0.197071641142,0.0556754324928,0.0289958329852,0.00692176780601,0.0154741191631,-0.042352525597,-0.122460777336,0.00692176780601,-0.042352525597,-0.0583571650754,-0.0284130293865,-3403,-0.00698274729965,-0.00091465334867,0.0277777777778,-0.0347222222222,0.00694444444444,1922,2,193,18475,0.908747044917,0.99989175732,0.000108242680089,0.0912529550827,0.99896049896,0.908747044917,0.951720722951,0.947787036243,0.908638802237,0.907888521493,232,423,0,5,4,5
604,WLNM_dir_neg_kfold,0.870500310179,0.587354377973,00:00:19,10,80,8,16353,threshold_sweep,0.1,0.96062992126,0.5768321513,0.72082717873,244,10,179,836,0.5768321513,0.988179669031,0.0118203309693,0.4231678487,0.96062992126,0.5768321513,0.72082717873,0.851063829787,0.599947465196,0.627708470125,0.665676183903,0.565011820331,2154,1731,423,0,2154,0,1731,0,423,144,2115,0.10270979021,3.28340051934,29.375,15.4379562044,16.5234375,23.125947344,0.787266292563,0.431540583136,18.7178045265,1.27440371245,0.622363409509,10.41950078,0.709412819061,0.401704097715,1.12585631727,0.342893384662,4.14543900894,3.28340051934,1.12585631727,4.14543900894,0.506274862896,0.548025908195,16217,0.0332762894383,0.115809519663,144,144,144,1,0,0.0486111111111,0.840277777778,0.111111111111,144,0.0821678321678,3.16442097936,23.5,12.7218045113,13.3228346457,18.9009194286,0.804294443768,0.440212930129,15.0818280875,1.28355983724,0.628890858944,8.63518578645,0.734909428634,0.414286183346,1.13795297801,0.359608593621,4.28871048205,3.16442097936,1.13795297801,4.28871048205,0.401839098089,0.456824897614,8812,0.0180816835746,0.0914000825962,144,144,144,1,0,0.0763888888889,0.805555555556,0.118055555556,144,1946,0.0945027195027,4.34507646156,27.0277777778,13.9,15.3228346457,21.2540228835,0.786377002885,0.433706606144,16.602715302,1.22856680549,0.605173004454,10.3869108804,0.768610054872,0.432297019527,1.53319947782,0.352859032835,6,4.34507646156,1.53319947782,6,0.462338969827,0.52681664344,13231,0.0271492005647,0.110086671705,144,144,144,1,0,0.0277777777778,0.854166666667,0.118055555556,-169,-0.00820707070707,1.06167594223,-2.34722222222,-1.53795620438,-1.20060285433,-1.87192446052,-0.000889289678297,0.00216602300733,-2.11508922451,-0.0458369069509,-0.0171904050552,-0.0325898995294,0.0591972358114,0.0305929218125,0.407343160547,0.00996564817362,1.85456099106,1.06167594223,0.407343160547,1.85456099106,-0.0439358930686,-0.0212092647547,-2986,-0.00612708887357,-0.00572284795792,-0.0208333333333,0.0138888888889,0.00694444444444,1936,10,179,18467,0.91536643026,0.9994587866,0.000541213400444,0.08463356974,0.994861253854,0.91536643026,0.953459738981,0.94939028788,0.91482521686,0.911058823529,254,423,0,5,4,5
605,WLNM_dir_neg_kfold,0.870500310179,0.587354377973,00:00:19,10,80,8,16353,threshold_sweep,0.2,0.96812749004,0.574468085106,0.721068249258,243,8,180,838,0.574468085106,0.990543735225,0.00945626477541,0.425531914894,0.96812749004,0.574468085106,0.721068249258,0.851851851852,0.60073548726,0.628947368421,0.668655080926,0.565011820331,2154,1731,423,0,2154,0,1731,0,423,144,2115,0.10270979021,3.28340051934,29.375,15.4379562044,16.5234375,23.125947344,0.787266292563,0.431540583136,18.7178045265,1.27440371245,0.622363409509,10.41950078,0.709412819061,0.401704097715,1.12585631727,0.342893384662,4.14543900894,3.28340051934,1.12585631727,4.14543900894,0.506274862896,0.548025908195,16217,0.0332762894383,0.115809519663,144,144,144,1,0,0.0486111111111,0.840277777778,0.111111111111,144,0.0821678321678,3.16442097936,23.5,12.7218045113,13.3228346457,18.9009194286,0.804294443768,0.440212930129,15.0818280875,1.28355983724,0.628890858944,8.63518578645,0.734909428634,0.414286183346,1.13795297801,0.359608593621,4.28871048205,3.16442097936,1.13795297801,4.28871048205,0.401839098089,0.456824897614,8812,0.0180816835746,0.0914000825962,144,144,144,1,0,0.0763888888889,0.805555555556,0.118055555556,144,1943,0.094357031857,4.00468186892,26.9861111111,13.9784172662,15.2992125984,21.2711387615,0.788225419881,0.434519214273,16.6166133598,1.23149373331,0.606790044033,10.3720957872,0.768698812841,0.432210356265,1.36746712741,0.341467105796,5.31565677705,4.00468186892,1.36746712741,5.31565677705,0.461133757974,0.527286743401,13224,0.027134836994,0.110813229635,144,144,144,1,0,0.0347222222222,0.847222222222,0.118055555556,-172,-0.00835275835276,0.72128134958,-2.38888888889,-1.45953893819,-1.22422490157,-1.85480858253,0.000959127317748,0.00297863113713,-2.10119116673,-0.0429099791398,-0.0155733654761,-0.0474049928029,0.0592859937802,0.0305062585499,0.241610810138,-0.0014262788656,1.17021776811,0.72128134958,0.241610810138,1.17021776811,-0.0451411049218,-0.0207391647939,-2993,-0.00614145244427,-0.00499629002773,-0.0138888888889,0.00694444444444,0.00694444444444,1935,8,180,18469,0.914893617021,0.99956702928,0.000432970720355,0.0851063829787,0.995882655687,0.914893617021,0.953671759487,0.949667905143,0.914460646301,0.911446066886,251,423,0,5,4,5
606,WLNM_dir_neg_kfold,0.870500310179,0.587354377973,00:00:19,10,80,8,16353,threshold_sweep,0.3,0.968,0.572104018913,0.719167904903,242,8,181,838,0.572104018913,0.990543735225,0.00945626477541,0.427895981087,0.968,0.572104018913,0.719167904903,0.851063829787,0.600998161282,0.626728110599,0.666860292458,0.562647754137,2154,1731,423,0,2154,0,1731,0,423,144,2115,0.10270979021,3.28340051934,29.375,15.4379562044,16.5234375,23.125947344,0.787266292563,0.431540583136,18.7178045265,1.27440371245,0.622363409509,10.41950078,0.709412819061,0.401704097715,1.12585631727,0.342893384662,4.14543900894,3.28340051934,1.12585631727,4.14543900894,0.506274862896,0.548025908195,16217,0.0332762894383,0.115809519663,144,144,144,1,0,0.0486111111111,0.840277777778,0.111111111111,144,0.0821678321678,3.16442097936,23.5,12.7218045113,13.3228346457,18.9009194286,0.804294443768,0.440212930129,15.0818280875,1.28355983724,0.628890858944,8.63518578645,0.734909428634,0.414286183346,1.13795297801,0.359608593621,4.28871048205,3.16442097936,1.13795297801,4.28871048205,0.401839098089,0.456824897614,8812,0.0180816835746,0.0914000825962,144,144,144,1,0,0.0763888888889,0.805555555556,0.118055555556,144,1942,0.0943084693085,4.00261119949,26.9722222222,13.9712230216,15.2913385827,21.2773705078,0.788862346324,0.434775145898,16.6187130648,1.23228356403,0.606920128161,10.3707402485,0.768994127594,0.432322062021,1.36736218389,0.341617538087,5.31360642583,4.00261119949,1.36736218389,5.31360642583,0.461213141035,0.527485240147,13223,0.0271327850553,0.110779568903,144,144,144,1,0,0.0347222222222,0.847222222222,0.118055555556,-173,-0.00840132090132,0.719210680159,-2.40277777778,-1.4667331828,-1.23209891732,-1.84857683624,0.0015960537613,0.00323456276137,-2.09909146169,-0.0421201484197,-0.0154432813477,-0.0487605314366,0.0595813085328,0.0306179643061,0.241505866614,-0.00127584657503,1.1681674169,0.719210680159,0.241505866614,1.1681674169,-0.0450617218602,-0.0205406680481,-2994,-0.00614350438294,-0.00502995075994,-0.0138888888889,0.00694444444444,0.00694444444444,1934,8,181,18469,0.914420803783,0.99956702928,0.000432970720355,0.0855791962175,0.99588053553,0.914420803783,0.9534138526,0.949395784157,0.913987833062,0.910975035327,250,423,0,5,4,5
607,WLNM_dir_neg_kfold,0.870500310179,0.587354377973,00:00:19,10,80,8,16353,threshold_sweep,0.4,0.983606557377,0.567375886525,0.71964017991,240,4,183,842,0.567375886525,0.995271867612,0.00472813238771,0.432624113475,0.983606557377,0.567375886525,0.71964017991,0.852639873916,0.602574205411,0.629213483146,0.673031062935,0.562647754137,2154,1731,423,0,2154,0,1731,0,423,144,2115,0.10270979021,3.28340051934,29.375,15.4379562044,16.5234375,23.125947344,0.787266292563,0.431540583136,18.7178045265,1.27440371245,0.622363409509,10.41950078,0.709412819061,0.401704097715,1.12585631727,0.342893384662,4.14543900894,3.28340051934,1.12585631727,4.14543900894,0.506274862896,0.548025908195,16217,0.0332762894383,0.115809519663,144,144,144,1,0,0.0486111111111,0.840277777778,0.111111111111,144,0.0821678321678,3.16442097936,23.5,12.7218045113,13.3228346457,18.9009194286,0.804294443768,0.440212930129,15.0818280875,1.28355983724,0.628890858944,8.63518578645,0.734909428634,0.414286183346,1.13795297801,0.359608593621,4.28871048205,3.16442097936,1.13795297801,4.28871048205,0.401839098089,0.456824897614,8812,0.0180816835746,0.0914000825962,144,144,144,1,0,0.0763888888889,0.805555555556,0.118055555556,144,1936,0.0940170940171,3.15528594293,26.8888888889,14.447761194,15.2440944882,21.2935234617,0.791907897336,0.436158459596,16.6484749203,1.23831631639,0.610953282828,10.3131240834,0.767091873975,0.431452307163,1.12866902179,0.357707365419,4.14945892544,3.15528594293,1.12866902179,4.14945892544,0.464530152573,0.528630484065,13214,0.0271143176073,0.114759628674,144,144,144,1,0,0.0694444444444,0.8125,0.118055555556,-179,-0.0086926961927,-0.128114576405,-2.48611111111,-0.99019501035,-1.27934301181,-1.83242388234,0.00464160477294,0.00461787645963,-2.06932960624,-0.0360873960595,-0.0114101266805,-0.106376696511,0.0576790549144,0.0297482094478,0.00281270451378,0.0148139807571,0.00401991649862,-0.128114576405,0.00281270451378,0.00401991649862,-0.0417447103226,-0.0193954241303,-3003,-0.00616197183099,-0.00104989098935,0.0208333333333,-0.0277777777778,0.00694444444444,1932,4,183,18473,0.913475177305,0.99978351464,0.000216485360178,0.086524822695,0.997933884298,0.913475177305,0.953838558381,0.949954460995,0.913258691945,0.911750825861,244,423,0,5,4,5
608,WLNM_dir_neg_kfold,0.870500310179,0.587354377973,00:00:19,10,80,8,16353,threshold_sweep,0.5,0.98755186722,0.562647754137,0.71686746988,238,3,185,843,0.562647754137,0.996453900709,0.00354609929078,0.437352245863,0.98755186722,0.562647754137,0.71686746988,0.851851851852,0.603362227476,0.626490066225,0.671956352946,0.559101654846,2154,1731,423,0,2154,0,1731,0,423,144,2115,0.10270979021,3.28340051934,29.375,15.4379562044,16.5234375,23.125947344,0.787266292563,0.431540583136,18.7178045265,1.27440371245,0.622363409509,10.41950078,0.709412819061,0.401704097715,1.12585631727,0.342893384662,4.14543900894,3.28340051934,1.12585631727,4.14543900894,0.506274862896,0.548025908195,16217,0.0332762894383,0.115809519663,144,144,144,1,0,0.0486111111111,0.840277777778,0.111111111111,144,0.0821678321678,3.16442097936,23.5,12.7218045113,13.3228346457,18.9009194286,0.804294443768,0.440212930129,15.0818280875,1.28355983724,0.628890858944,8.63518578645,0.734909428634,0.414286183346,1.13795297801,0.359608593621,4.28871048205,3.16442097936,1.13795297801,4.28871048205,0.401839098089,0.456824897614,8812,0.0180816835746,0.0914000825962,144,144,144,1,0,0.0763888888889,0.805555555556,0.118055555556,144,1933,0.0938714063714,3.15388003275,26.8472222222,14.4253731343,15.2204724409,21.2564492704,0.791755999727,0.436098896361,16.6366264824,1.23935551654,0.611315887797,10.2885501307,0.766451742793,0.431090848997,1.12752646218,0.357504550099,4.14600617379,3.15388003275,1.12752646218,4.14600617379,0.462300585533,0.525869221916,13098,0.0268762927214,0.115128934225,144,144,144,1,0,0.0694444444444,0.8125,0.118055555556,-182,-0.00883838383838,-0.129520486583,-2.52777777778,-1.01258307005,-1.30296505906,-1.86949807361,0.00448970716339,0.00455831322511,-2.08117804414,-0.0350481959085,-0.0110475217121,-0.130950649264,0.0570389237326,0.0293867512822,0.00167014490179,0.0146111654377,0.000567164848903,-0.129520486583,0.00167014490179,0.000567164848903,-0.0439742773624,-0.022156686279,-3119,-0.0063999967169,-0.000680585438394,0.0208333333333,-0.0277777777778,0.00694444444444,1930,3,185,18474,0.912529550827,0.99983763598,0.000162364020133,0.0874704491726,0.998448008277,0.912529550827,0.953557312253,0.949686935091,0.912367186807,0.911237016053,241,423,0,5,4,5
609,WLNM_dir_neg_kfold,0.870500310179,0.587354377973,00:00:19,10,80,8,16353,threshold_sweep,0.6,0.987447698745,0.557919621749,0.712990936556,236,3,187,843,0.557919621749,0.996453900709,0.00354609929078,0.442080378251,0.987447698745,0.557919621749,0.712990936556,0.850275807723,0.603887575519,0.622015915119,0.668405911255,0.554373522459,2154,1731,423,0,2154,0,1731,0,423,144,2115,0.10270979021,3.28340051934,29.375,15.4379562044,16.5234375,23.125947344,0.787266292563,0.431540583136,18.7178045265,1.27440371245,0.622363409509,10.41950078,0.709412819061,0.401704097715,1.12585631727,0.342893384662,4.14543900894,3.28340051934,1.12585631727,4.14543900894,0.506274862896,0.548025908195,16217,0.0332762894383,0.115809519663,144,144,144,1,0,0.0486111111111,0.840277777778,0.111111111111,144,0.0821678321678,3.16442097936,23.5,12.7218045113,13.3228346457,18.9009194286,0.804294443768,0.440212930129,15.0818280875,1.28355983724,0.628890858944,8.63518578645,0.734909428634,0.414286183346,1.13795297801,0.359608593621,4.28871048205,3.16442097936,1.13795297801,4.28871048205,0.401839098089,0.456824897614,8812,0.0180816835746,0.0914000825962,144,144,144,1,0,0.0763888888889,0.805555555556,0.118055555556,144,1931,0.0937742812743,3.13981207918,26.8194444444,14.5187969925,15.2047244094,21.2440539695,0.792113871468,0.436216122907,16.635715725,1.24057123998,0.612107284654,10.2829978449,0.766831532709,0.431199292249,1.12730100122,0.359034544995,4.09738999385,3.13981207918,1.12730100122,4.09738999385,0.462214885675,0.525006033627,13052,0.0267819035425,0.11603306635,144,144,144,1,0,0.0763888888889,0.805555555556,0.118055555556,-184,-0.00893550893551,-0.143588440154,-2.55555555556,-0.919159211898,-1.31871309055,-1.88189337452,0.00484757890518,0.00467553977063,-2.08208880149,-0.0338324724625,-0.0102561248549,-0.136502935088,0.0574187136481,0.0294951945345,0.0014446839441,0.0161411603334,-0.0480490150861,-0.143588440154,0.0014446839441,-0.0480490150861,-0.0440599772206,-0.0230198745675,-3165,-0.00649438589579,0.000223546686486,0.0277777777778,-0.0347222222222,0.00694444444444,1928,3,187,18474,0.91158392435,0.99983763598,0.000162364020133,0.0884160756501,0.998446400829,0.91158392435,0.953040039545,0.949142936002,0.91142156033,0.91029272899,239,423,0,5,4,5
610,WLNM_dir_neg_kfold,0.870500310179,0.587354377973,00:00:19,10,80,8,16353,threshold_sweep,0.7,0.987394957983,0.555555555556,0.71104387292,235,3,188,843,0.555555555556,0.996453900709,0.00354609929078,0.444444444444,0.987394957983,0.555555555556,0.71104387292,0.849487785658,0.60415024954,0.619774386198,0.666628798844,0.552009456265,2154,1731,423,0,2154,0,1731,0,423,144,2115,0.10270979021,3.28340051934,29.375,15.4379562044,16.5234375,23.125947344,0.787266292563,0.431540583136,18.7178045265,1.27440371245,0.622363409509,10.41950078,0.709412819061,0.401704097715,1.12585631727,0.342893384662,4.14543900894,3.28340051934,1.12585631727,4.14543900894,0.506274862896,0.548025908195,16217,0.0332762894383,0.115809519663,144,144,144,1,0,0.0486111111111,0.840277777778,0.111111111111,144,0.0821678321678,3.16442097936,23.5,12.7218045113,13.3228346457,18.9009194286,0.804294443768,0.440212930129,15.0818280875,1.28355983724,0.628890858944,8.63518578645,0.734909428634,0.414286183346,1.13795297801,0.359608593621,4.28871048205,3.16442097936,1.13795297801,4.28871048205,0.401839098089,0.456824897614,8812,0.0180816835746,0.0914000825962,144,144,144,1,0,0.0763888888889,0.805555555556,0.118055555556,144,1930,0.0937257187257,3.13995680397,26.8055555556,14.5112781955,15.1968503937,21.229112409,0.791966887798,0.436255037421,16.6142240199,1.23961049682,0.61190990213,10.2856539678,0.767427031792,0.431491076569,1.12749498262,0.359079774981,4.09789013793,3.13995680397,1.12749498262,4.09789013793,0.461941148459,0.525235576794,13043,0.0267634360944,0.116032807348,144,144,144,1,0,0.0763888888889,0.805555555556,0.118055555556,-185,-0.00898407148407,-0.143443715363,-2.56944444444,-0.926678008891,-1.3265871063,-1.89683493501,0.00470059523484,0.00471445428451,-2.10358050667,-0.0347932156258,-0.0104535073787,-0.133846812187,0.0580142127313,0.0297869788541,0.00163866534648,0.0161863903195,-0.0475488710099,-0.143443715363,0.00163866534648,-0.0475488710099,-0.0443337144365,-0.0227903314009,-3174,-0.00651285334384,0.000223287685013,0.0277777777778,-0.0347222222222,0.00694444444444,1927,3,188,18474,0.911111111111,0.99983763598,0.000162364020133,0.0888888888889,0.998445595855,0.911111111111,0.952781211372,0.948870863254,0.910948747091,0.909820585458,238,423,0,5,4,5
611,WLNM_dir_neg_kfold,0.870500310179,0.587354377973,00:00:19,10,80,8,16353,threshold_sweep,0.8,0.995744680851,0.553191489362,0.711246200608,234,1,189,845,0.553191489362,0.998817966903,0.00118203309693,0.446808510638,0.995744680851,0.553191489362,0.711246200608,0.850275807723,0.604938271605,0.621010638298,0.669896459086,0.552009456265,2154,1731,423,0,2154,0,1731,0,423,144,2115,0.10270979021,3.28340051934,29.375,15.4379562044,16.5234375,23.125947344,0.787266292563,0.431540583136,18.7178045265,1.27440371245,0.622363409509,10.41950078,0.709412819061,0.401704097715,1.12585631727,0.342893384662,4.14543900894,3.28340051934,1.12585631727,4.14543900894,0.506274862896,0.548025908195,16217,0.0332762894383,0.115809519663,144,144,144,1,0,0.0486111111111,0.840277777778,0.111111111111,144,0.0821678321678,3.16442097936,23.5,12.7218045113,13.3228346457,18.9009194286,0.804294443768,0.440212930129,15.0818280875,1.28355983724,0.628890858944,8.63518578645,0.734909428634,0.414286183346,1.13795297801,0.359608593621,4.28871048205,3.16442097936,1.13795297801,4.28871048205,0.401839098089,0.456824897614,8812,0.0180816835746,0.0914000825962,144,144,144,1,0,0.0763888888889,0.805555555556,0.118055555556,144,1927,0.09358003108,3.13383173983,26.7638888889,14.4887218045,15.1732283465,21.1848296794,0.791545270846,0.436098137577,16.5900789832,1.23973605271,0.612102144958,10.2833945361,0.76845293887,0.432007870611,1.12557769082,0.359169790937,4.08833880423,3.13383173983,1.12557769082,4.08833880423,0.461824935339,0.525348593536,13036,0.0267490725237,0.116061154209,144,144,144,1,0,0.0763888888889,0.805555555556,0.118055555556,-188,-0.00912975912976,-0.14956877951,-2.61111111111,-0.949234399868,-1.35020915354,-1.9411176646,0.00427897828266,0.00455755444079,-2.12772554336,-0.034667659732,-0.0102612645512,-0.136106243826,0.0590401198093,0.0303037728959,-0.000278626449668,0.0162764062754,-0.0571002047037,-0.14956877951,-0.000278626449668,-0.0571002047037,-0.0444499275564,-0.022677314659,-3181,-0.00652721691454,0.000251634545804,0.0277777777778,-0.0347222222222,0.00694444444444,1926,1,189,18476,0.910638297872,0.99994587866,5.41213400444e-05,0.0893617021277,0.99948105864,0.910638297872,0.952993567541,0.949152858446,0.910584176532,0.910207939509,235,423,0,5,4,5
612,WLNM_dir_neg_kfold,0.870500310179,0.587354377973,00:00:19,10,80,8,16353,threshold_sweep,0.9,0.995726495726,0.550827423168,0.709284627093,233,1,190,845,0.550827423168,0.998817966903,0.00118203309693,0.449172576832,0.995726495726,0.550827423168,0.709284627093,0.849487785658,0.605200945626,0.61876247505,0.668128275145,0.549645390071,2154,1731,423,0,2154,0,1731,0,423,144,2115,0.10270979021,3.28340051934,29.375,15.4379562044,16.5234375,23.125947344,0.787266292563,0.431540583136,18.7178045265,1.27440371245,0.622363409509,10.41950078,0.709412819061,0.401704097715,1.12585631727,0.342893384662,4.14543900894,3.28340051934,1.12585631727,4.14543900894,0.506274862896,0.548025908195,16217,0.0332762894383,0.115809519663,144,144,144,1,0,0.0486111111111,0.840277777778,0.111111111111,144,0.0821678321678,3.16442097936,23.5,12.7218045113,13.3228346457,18.9009194286,0.804294443768,0.440212930129,15.0818280875,1.28355983724,0.628890858944,8.63518578645,0.734909428634,0.414286183346,1.13795297801,0.359608593621,4.28871048205,3.16442097936,1.13795297801,4.28871048205,0.401839098089,0.456824897614,8812,0.0180816835746,0.0914000825962,144,144,144,1,0,0.0763888888889,0.805555555556,0.118055555556,144,1926,0.0935314685315,3.13334589465,26.75,14.4812030075,15.1653543307,21.1645236879,0.791197147212,0.435895494404,16.5828603908,1.23984002922,0.612091842621,10.2717448011,0.767980919708,0.43175983616,1.12498327564,0.35903577628,4.08665981494,3.13334589465,1.12498327564,4.08665981494,0.460899455298,0.524169570423,12987,0.0266485275288,0.116007722025,144,144,144,1,0,0.0763888888889,0.805555555556,0.118055555556,-189,-0.00917832167832,-0.150054624683,-2.625,-0.956753196861,-1.35808316929,-1.96142365611,0.00393085464928,0.00435491126773,-2.13494413572,-0.0345636832254,-0.0102715668874,-0.147755978865,0.0585681006469,0.0300557384454,-0.000873041634263,0.0161423916184,-0.0587791939986,-0.150054624683,-0.000873041634263,-0.0587791939986,-0.0453754075978,-0.0238563377715,-3230,-0.00662776190945,0.00019820236185,0.0277777777778,-0.0347222222222,0.00694444444444,1925,1,190,18476,0.910165484634,0.99994587866,5.41213400444e-05,0.0898345153664,0.9994807892,0.910165484634,0.952734471665,0.948880845665,0.910111363294,0.909735349716,234,423,0,5,4,5
613,WLNM_dir_neg_kfold,0.740086850091,0.439589076082,00:00:19,10,80,9,16354,threshold_sweep,0.1,0.959349593496,0.557919621749,0.70553064275,236,10,187,836,0.557919621749,0.988179669031,0.0118203309693,0.442080378251,0.959349593496,0.557919621749,0.70553064275,0.84475965327,0.602048857368,0.609900990099,0.651210819227,0.54609929078,2154,1731,423,0,2154,0,1731,0,423,144,2115,0.10270979021,3.28340051934,29.375,15.4379562044,16.5234375,23.125947344,0.787266292563,0.431540583136,18.7178045265,1.27440371245,0.622363409509,10.41950078,0.709412819061,0.401704097715,1.12585631727,0.342893384662,4.14543900894,3.28340051934,1.12585631727,4.14543900894,0.506274862896,0.548025908195,16217,0.0332762894383,0.115809519663,144,144,144,1,0,0.0486111111111,0.840277777778,0.111111111111,144,0.0821678321678,3.16442097936,23.5,12.7218045113,13.3228346457,18.9009194286,0.804294443768,0.440212930129,15.0818280875,1.28355983724,0.628890858944,8.63518578645,0.734909428634,0.414286183346,1.13795297801,0.359608593621,4.28871048205,3.16442097936,1.13795297801,4.28871048205,0.401839098089,0.456824897614,8812,0.0180816835746,0.0914000825962,144,144,144,1,0,0.0763888888889,0.805555555556,0.118055555556,144,1938,0.0941142191142,4.43167996873,26.9166666667,13.8428571429,15.2598425197,21.001997907,0.780259984159,0.431390465543,16.4243870361,1.22038789122,0.602862343768,10.3179353657,0.766657736148,0.430569888774,1.45572735085,0.32848205672,5.71362125209,4.43167996873,1.45572735085,5.71362125209,0.444247261297,0.518222484921,12859,0.0263858793788,0.110916003925,144,144,144,1,0,0.0277777777778,0.854166666667,0.118055555556,-177,-0.00859557109557,1.14827944939,-2.45833333333,-1.59509906152,-1.26359498031,-2.12394943708,-0.00700630840369,-0.000150117593386,-2.29341749047,-0.0540158212205,-0.0195010657409,-0.101565414303,0.0572449170868,0.0288657910595,0.32987103358,-0.0144113279413,1.56818224315,1.14827944939,0.32987103358,1.56818224315,-0.0620276015989,-0.0298034232739,-3358,-0.00689041005942,-0.00489351573854,-0.0208333333333,0.0138888888889,0.00694444444444,1928,10,187,18467,0.91158392435,0.9994587866,0.000541213400444,0.0884160756501,0.99484004128,0.91158392435,0.951394029114,0.947211103777,0.911042710949,0.907294117647,246,423,0,5,4,5
614,WLNM_dir_neg_kfold,0.740086850091,0.439589076082,00:00:19,10,80,9,16354,threshold_sweep,0.2,0.959183673469,0.555555555556,0.703592814371,235,10,188,836,0.555555555556,0.988179669031,0.0118203309693,0.444444444444,0.959183673469,0.555555555556,0.703592814371,0.843971631206,0.60231153139,0.607661822985,0.649396305213,0.543735224586,2154,1731,423,0,2154,0,1731,0,423,144,2115,0.10270979021,3.28340051934,29.375,15.4379562044,16.5234375,23.125947344,0.787266292563,0.431540583136,18.7178045265,1.27440371245,0.622363409509,10.41950078,0.709412819061,0.401704097715,1.12585631727,0.342893384662,4.14543900894,3.28340051934,1.12585631727,4.14543900894,0.506274862896,0.548025908195,16217,0.0332762894383,0.115809519663,144,144,144,1,0,0.0486111111111,0.840277777778,0.111111111111,144,0.0821678321678,3.16442097936,23.5,12.7218045113,13.3228346457,18.9009194286,0.804294443768,0.440212930129,15.0818280875,1.28355983724,0.628890858944,8.63518578645,0.734909428634,0.414286183346,1.13795297801,0.359608593621,4.28871048205,3.16442097936,1.13795297801,4.28871048205,0.401839098089,0.456824897614,8812,0.0180816835746,0.0914000825962,144,144,144,1,0,0.0763888888889,0.805555555556,0.118055555556,144,1937,0.0940656565657,4.43109581457,26.9027777778,13.8357142857,15.2519685039,21.0056001339,0.780796700899,0.431595250387,16.4264965305,1.22117475498,0.602990735961,10.3090901982,0.766395967239,0.430415734526,1.45542560761,0.328457263962,5.71326031061,4.43109581457,1.45542560761,5.71326031061,0.444322968096,0.518273095068,12853,0.0263735677468,0.110799663543,144,144,144,1,0,0.0277777777778,0.854166666667,0.118055555556,-178,-0.00864413364413,1.14769529524,-2.47222222222,-1.60224191867,-1.27146899606,-2.12034721014,-0.00646959166451,5.46672508688e-05,-2.29130799602,-0.0532289574657,-0.0193726735483,-0.110410581745,0.0569831481784,0.0287116368117,0.329569290335,-0.0144361206992,1.56782130167,1.14769529524,0.329569290335,1.56782130167,-0.0619518948002,-0.0297528131264,-3364,-0.00690272169145,-0.00500985612023,-0.0208333333333,0.0138888888889,0.00694444444444,1927,10,188,18467,0.911111111111,0.9994587866,0.000541213400444,0.0888888888889,0.994837377388,0.911111111111,0.951135241856,0.946938484795,0.910569897711,0.906823529412,245,423,0,5,4,5
615,WLNM_dir_neg_kfold,0.740086850091,0.439589076082,00:00:19,10,80,9,16354,threshold_sweep,0.3,0.963114754098,0.555555555556,0.704647676162,235,9,188,837,0.555555555556,0.989361702128,0.0106382978723,0.444444444444,0.963114754098,0.555555555556,0.704647676162,0.84475965327,0.602574205411,0.609385327165,0.651822100868,0.544917257683,2154,1731,423,0,2154,0,1731,0,423,144,2115,0.10270979021,3.28340051934,29.375,15.4379562044,16.5234375,23.125947344,0.787266292563,0.431540583136,18.7178045265,1.27440371245,0.622363409509,10.41950078,0.709412819061,0.401704097715,1.12585631727,0.342893384662,4.14543900894,3.28340051934,1.12585631727,4.14543900894,0.506274862896,0.548025908195,16217,0.0332762894383,0.115809519663,144,144,144,1,0,0.0486111111111,0.840277777778,0.111111111111,144,0.0821678321678,3.16442097936,23.5,12.7218045113,13.3228346457,18.9009194286,0.804294443768,0.440212930129,15.0818280875,1.28355983724,0.628890858944,8.63518578645,0.734909428634,0.414286183346,1.13795297801,0.359608593621,4.28871048205,3.16442097936,1.13795297801,4.28871048205,0.401839098089,0.456824897614,8812,0.0180816835746,0.0914000825962,144,144,144,1,0,0.0763888888889,0.805555555556,0.118055555556,144,1936,0.0940170940171,5.22149831746,26.8888888889,13.8285714286,15.2440944882,21.0171794902,0.781630642196,0.432062098255,16.4315821514,1.22218379638,0.60362144169,10.3110896766,0.766940554457,0.430677513774,1.81491905609,0.347585873967,6.57451963174,5.22149831746,1.81491905609,6.57451963174,0.444074347876,0.518277517108,12850,0.0263674119308,0.110978716456,144,144,144,1,0,0.0277777777778,0.854166666667,0.118055555556,-179,-0.0086926961927,1.93809779813,-2.48611111111,-1.60938477581,-1.27934301181,-2.10876785388,-0.00563565036692,0.000521515118952,-2.28622237518,-0.052219916063,-0.0187419678192,-0.108411103371,0.0575277353959,0.0289734160594,0.689062738819,0.00469248930586,2.4290806228,1.93809779813,0.689062738819,2.4290806228,-0.0622005150199,-0.029748391087,-3367,-0.00690887750747,-0.0048308032068,-0.0208333333333,0.0138888888889,0.00694444444444,1927,9,188,18468,0.911111111111,0.99951290794,0.000487092060399,0.0888888888889,0.995351239669,0.911111111111,0.951370032091,0.947213923959,0.910624019051,0.90725047081,244,423,0,5,4,5
616,WLNM_dir_neg_kfold,0.740086850091,0.439589076082,00:00:19,10,80,9,16354,threshold_sweep,0.4,0.962809917355,0.550827423168,0.700751879699,233,9,190,837,0.550827423168,0.989361702128,0.0106382978723,0.449172576832,0.962809917355,0.550827423168,0.700751879699,0.843183609141,0.603099553454,0.604897418928,0.648198911573,0.540189125296,2154,1731,423,0,2154,0,1731,0,423,144,2115,0.10270979021,3.28340051934,29.375,15.4379562044,16.5234375,23.125947344,0.787266292563,0.431540583136,18.7178045265,1.27440371245,0.622363409509,10.41950078,0.709412819061,0.401704097715,1.12585631727,0.342893384662,4.14543900894,3.28340051934,1.12585631727,4.14543900894,0.506274862896,0.548025908195,16217,0.0332762894383,0.115809519663,144,144,144,1,0,0.0486111111111,0.840277777778,0.111111111111,144,0.0821678321678,3.16442097936,23.5,12.7218045113,13.3228346457,18.9009194286,0.804294443768,0.440212930129,15.0818280875,1.28355983724,0.628890858944,8.63518578645,0.734909428634,0.414286183346,1.13795297801,0.359608593621,4.28871048205,3.16442097936,1.13795297801,4.28871048205,0.401839098089,0.456824897614,8812,0.0180816835746,0.0914000825962,144,144,144,1,0,0.0763888888889,0.805555555556,0.118055555556,144,1934,0.09391996892,5.21028714095,26.8611111111,13.8142857143,15.2283464567,21.0243319281,0.782705221728,0.432465816385,16.437911484,1.22391895227,0.604030219465,10.3048992203,0.767272744429,0.430778179938,1.81180808783,0.347736706024,6.55762698261,5.21028714095,1.81180808783,6.55762698261,0.444528344312,0.518782723394,12848,0.0263633080534,0.111088494817,144,144,144,1,0,0.0277777777778,0.854166666667,0.118055555556,-181,-0.00878982128982,1.92688662161,-2.51388888889,-1.62367049009,-1.29509104331,-2.10161541595,-0.00456107083486,0.000925233248827,-2.27989304257,-0.0504847601742,-0.0183331900442,-0.114601559636,0.0578599253684,0.0290740822232,0.685951770559,0.00484332136258,2.41218797367,1.92688662161,0.685951770559,2.41218797367,-0.0617465185842,-0.0292431848009,-3369,-0.00691298138481,-0.00472102484598,-0.0208333333333,0.0138888888889,0.00694444444444,1925,9,190,18468,0.910165484634,0.99951290794,0.000487092060399,0.0898345153664,0.995346432265,0.910165484634,0.950852062238,0.946668693439,0.909678392573,0.906308851224,242,423,0,5,4,5
617,WLNM_dir_neg_kfold,0.740086850091,0.439589076082,00:00:19,10,80,9,16354,threshold_sweep,0.5,0.982832618026,0.541371158392,0.698170731707,229,4,194,842,0.541371158392,0.995271867612,0.00472813238771,0.458628841608,0.982832618026,0.541371158392,0.698170731707,0.843971631206,0.605463619648,0.604527296937,0.653405847554,0.536643026005,2154,1731,423,0,2154,0,1731,0,423,144,2115,0.10270979021,3.28340051934,29.375,15.4379562044,16.5234375,23.125947344,0.787266292563,0.431540583136,18.7178045265,1.27440371245,0.622363409509,10.41950078,0.709412819061,0.401704097715,1.12585631727,0.342893384662,4.14543900894,3.28340051934,1.12585631727,4.14543900894,0.506274862896,0.548025908195,16217,0.0332762894383,0.115809519663,144,144,144,1,0,0.0486111111111,0.840277777778,0.111111111111,144,0.0821678321678,3.16442097936,23.5,12.7218045113,13.3228346457,18.9009194286,0.804294443768,0.440212930129,15.0818280875,1.28355983724,0.628890858944,8.63518578645,0.734909428634,0.414286183346,1.13795297801,0.359608593621,4.28871048205,3.16442097936,1.13795297801,4.28871048205,0.401839098089,0.456824897614,8812,0.0180816835746,0.0914000825962,144,144,144,1,0,0.0763888888889,0.805555555556,0.118055555556,144,1925,0.0934829059829,3.43082696004,26.7361111111,14.1544117647,15.157480315,21.0473944407,0.78722722064,0.434325396825,16.4804382995,1.23282239747,0.609455266955,10.2218376735,0.764646558434,0.429787157287,1.23520265293,0.360030589511,4.96152490367,3.43082696004,1.23520265293,4.96152490367,0.448788808887,0.520892494929,12840,0.0263468925441,0.112444797839,144,144,144,1,0,0.0555555555556,0.826388888889,0.118055555556,-190,-0.00922688422688,0.147426440707,-2.63888888889,-1.28354443967,-1.36595718504,-2.07855290333,-3.90719236322e-05,0.00278481368907,-2.23736622708,-0.041581314979,-0.0129081425535,-0.197663106452,0.0552337393727,0.0280830595724,0.109346335659,0.0171372048491,0.816085894735,0.147426440707,0.109346335659,0.816085894735,-0.057486054009,-0.0271334132659,-3377,-0.00692939689419,-0.00336472182379,0.00694444444444,-0.0138888888889,0.00694444444444,1921,4,194,18473,0.908274231678,0.99978351464,0.000216485360178,0.0917257683215,0.997922077922,0.908274231678,0.95099009901,0.946960256381,0.908057746318,0.906559697971,233,423,0,5,4,5
618,WLNM_dir_neg_kfold,0.740086850091,0.439589076082,00:00:19,10,80,9,16354,threshold_sweep,0.6,0.986956521739,0.536643026005,0.695252679939,227,3,196,843,0.536643026005,0.996453900709,0.00354609929078,0.463356973995,0.986956521739,0.536643026005,0.695252679939,0.843183609141,0.606251641713,0.60173448966,0.652363797663,0.533096926714,2154,1731,423,0,2154,0,1731,0,423,144,2115,0.10270979021,3.28340051934,29.375,15.4379562044,16.5234375,23.125947344,0.787266292563,0.431540583136,18.7178045265,1.27440371245,0.622363409509,10.41950078,0.709412819061,0.401704097715,1.12585631727,0.342893384662,4.14543900894,3.28340051934,1.12585631727,4.14543900894,0.506274862896,0.548025908195,16217,0.0332762894383,0.115809519663,144,144,144,1,0,0.0486111111111,0.840277777778,0.111111111111,144,0.0821678321678,3.16442097936,23.5,12.7218045113,13.3228346457,18.9009194286,0.804294443768,0.440212930129,15.0818280875,1.28355983724,0.628890858944,8.63518578645,0.734909428634,0.414286183346,1.13795297801,0.359608593621,4.28871048205,3.16442097936,1.13795297801,4.28871048205,0.401839098089,0.456824897614,8812,0.0180816835746,0.0914000825962,144,144,144,1,0,0.0763888888889,0.805555555556,0.118055555556,144,1922,0.0933372183372,3.21257392896,26.6944444444,14.3432835821,15.1338582677,21.0640972438,0.789081686552,0.435158688866,16.4938299311,1.23575000524,0.611147242456,10.2078534448,0.764792349662,0.429760665973,1.17062645463,0.364388954313,4.73423688083,3.21257392896,1.17062645463,4.73423688083,0.448757041546,0.52111913113,12827,0.0263202173413,0.113972625192,144,144,144,1,0,0.0694444444444,0.8125,0.118055555556,-193,-0.00937257187257,-0.0708265903725,-2.68055555556,-1.09467262229,-1.38957923228,-2.06185010024,0.00181539398912,0.00361810572944,-2.22397459543,-0.0386537072006,-0.011216167053,-0.211647335168,0.0553795306007,0.0280565682582,0.0447701373542,0.0214955696516,0.588797871895,-0.0708265903725,0.0447701373542,0.588797871895,-0.0575178213493,-0.0269067770653,-3390,-0.00695607209692,-0.00183689447144,0.0208333333333,-0.0277777777778,0.00694444444444,1919,3,196,18474,0.907328605201,0.99983763598,0.000162364020133,0.0926713947991,0.998439125911,0.907328605201,0.95070596978,0.946692518192,0.907166241181,0.906043437205,230,423,0,5,4,5
619,WLNM_dir_neg_kfold,0.740086850091,0.439589076082,00:00:19,10,80,9,16354,threshold_sweep,0.7,0.986956521739,0.536643026005,0.695252679939,227,3,196,843,0.536643026005,0.996453900709,0.00354609929078,0.463356973995,0.986956521739,0.536643026005,0.695252679939,0.843183609141,0.606251641713,0.60173448966,0.652363797663,0.533096926714,2154,1731,423,0,2154,0,1731,0,423,144,2115,0.10270979021,3.28340051934,29.375,15.4379562044,16.5234375,23.125947344,0.787266292563,0.431540583136,18.7178045265,1.27440371245,0.622363409509,10.41950078,0.709412819061,0.401704097715,1.12585631727,0.342893384662,4.14543900894,3.28340051934,1.12585631727,4.14543900894,0.506274862896,0.548025908195,16217,0.0332762894383,0.115809519663,144,144,144,1,0,0.0486111111111,0.840277777778,0.111111111111,144,0.0821678321678,3.16442097936,23.5,12.7218045113,13.3228346457,18.9009194286,0.804294443768,0.440212930129,15.0818280875,1.28355983724,0.628890858944,8.63518578645,0.734909428634,0.414286183346,1.13795297801,0.359608593621,4.28871048205,3.16442097936,1.13795297801,4.28871048205,0.401839098089,0.456824897614,8812,0.0180816835746,0.0914000825962,144,144,144,1,0,0.0763888888889,0.805555555556,0.118055555556,144,1922,0.0933372183372,3.21257392896,26.6944444444,14.3432835821,15.1338582677,21.0640972438,0.789081686552,0.435158688866,16.4938299311,1.23575000524,0.611147242456,10.2078534448,0.764792349662,0.429760665973,1.17062645463,0.364388954313,4.73423688083,3.21257392896,1.17062645463,4.73423688083,0.448757041546,0.52111913113,12827,0.0263202173413,0.113972625192,144,144,144,1,0,0.0694444444444,0.8125,0.118055555556,-193,-0.00937257187257,-0.0708265903725,-2.68055555556,-1.09467262229,-1.38957923228,-2.06185010024,0.00181539398912,0.00361810572944,-2.22397459543,-0.0386537072006,-0.011216167053,-0.211647335168,0.0553795306007,0.0280565682582,0.0447701373542,0.0214955696516,0.588797871895,-0.0708265903725,0.0447701373542,0.588797871895,-0.0575178213493,-0.0269067770653,-3390,-0.00695607209692,-0.00183689447144,0.0208333333333,-0.0277777777778,0.00694444444444,1919,3,196,18474,0.907328605201,0.99983763598,0.000162364020133,0.0926713947991,0.998439125911,0.907328605201,0.95070596978,0.946692518192,0.907166241181,0.906043437205,230,423,0,5,4,5
620,WLNM_dir_neg_kfold,0.740086850091,0.439589076082,00:00:19,10,80,9,16354,threshold_sweep,0.8,0.986956521739,0.536643026005,0.695252679939,227,3,196,843,0.536643026005,0.996453900709,0.00354609929078,0.463356973995,0.986956521739,0.536643026005,0.695252679939,0.843183609141,0.606251641713,0.60173448966,0.652363797663,0.533096926714,2154,1731,423,0,2154,0,1731,0,423,144,2115,0.10270979021,3.28340051934,29.375,15.4379562044,16.5234375,23.125947344,0.787266292563,0.431540583136,18.7178045265,1.27440371245,0.622363409509,10.41950078,0.709412819061,0.401704097715,1.12585631727,0.342893384662,4.14543900894,3.28340051934,1.12585631727,4.14543900894,0.506274862896,0.548025908195,16217,0.0332762894383,0.115809519663,144,144,144,1,0,0.0486111111111,0.840277777778,0.111111111111,144,0.0821678321678,3.16442097936,23.5,12.7218045113,13.3228346457,18.9009194286,0.804294443768,0.440212930129,15.0818280875,1.28355983724,0.628890858944,8.63518578645,0.734909428634,0.414286183346,1.13795297801,0.359608593621,4.28871048205,3.16442097936,1.13795297801,4.28871048205,0.401839098089,0.456824897614,8812,0.0180816835746,0.0914000825962,144,144,144,1,0,0.0763888888889,0.805555555556,0.118055555556,144,1922,0.0933372183372,3.21257392896,26.6944444444,14.3432835821,15.1338582677,21.0640972438,0.789081686552,0.435158688866,16.4938299311,1.23575000524,0.611147242456,10.2078534448,0.764792349662,0.429760665973,1.17062645463,0.364388954313,4.73423688083,3.21257392896,1.17062645463,4.73423688083,0.448757041546,0.52111913113,12827,0.0263202173413,0.113972625192,144,144,144,1,0,0.0694444444444,0.8125,0.118055555556,-193,-0.00937257187257,-0.0708265903725,-2.68055555556,-1.09467262229,-1.38957923228,-2.06185010024,0.00181539398912,0.00361810572944,-2.22397459543,-0.0386537072006,-0.011216167053,-0.211647335168,0.0553795306007,0.0280565682582,0.0447701373542,0.0214955696516,0.588797871895,-0.0708265903725,0.0447701373542,0.588797871895,-0.0575178213493,-0.0269067770653,-3390,-0.00695607209692,-0.00183689447144,0.0208333333333,-0.0277777777778,0.00694444444444,1919,3,196,18474,0.907328605201,0.99983763598,0.000162364020133,0.0926713947991,0.998439125911,0.907328605201,0.95070596978,0.946692518192,0.907166241181,0.906043437205,230,423,0,5,4,5
621,WLNM_dir_neg_kfold,0.740086850091,0.439589076082,00:00:19,10,80,9,16354,threshold_sweep,0.9,0.986956521739,0.536643026005,0.695252679939,227,3,196,843,0.536643026005,0.996453900709,0.00354609929078,0.463356973995,0.986956521739,0.536643026005,0.695252679939,0.843183609141,0.606251641713,0.60173448966,0.652363797663,0.533096926714,2154,1731,423,0,2154,0,1731,0,423,144,2115,0.10270979021,3.28340051934,29.375,15.4379562044,16.5234375,23.125947344,0.787266292563,0.431540583136,18.7178045265,1.27440371245,0.622363409509,10.41950078,0.709412819061,0.401704097715,1.12585631727,0.342893384662,4.14543900894,3.28340051934,1.12585631727,4.14543900894,0.506274862896,0.548025908195,16217,0.0332762894383,0.115809519663,144,144,144,1,0,0.0486111111111,0.840277777778,0.111111111111,144,0.0821678321678,3.16442097936,23.5,12.7218045113,13.3228346457,18.9009194286,0.804294443768,0.440212930129,15.0818280875,1.28355983724,0.628890858944,8.63518578645,0.734909428634,0.414286183346,1.13795297801,0.359608593621,4.28871048205,3.16442097936,1.13795297801,4.28871048205,0.401839098089,0.456824897614,8812,0.0180816835746,0.0914000825962,144,144,144,1,0,0.0763888888889,0.805555555556,0.118055555556,144,1922,0.0933372183372,3.21257392896,26.6944444444,14.3432835821,15.1338582677,21.0640972438,0.789081686552,0.435158688866,16.4938299311,1.23575000524,0.611147242456,10.2078534448,0.764792349662,0.429760665973,1.17062645463,0.364388954313,4.73423688083,3.21257392896,1.17062645463,4.73423688083,0.448757041546,0.52111913113,12827,0.0263202173413,0.113972625192,144,144,144,1,0,0.0694444444444,0.8125,0.118055555556,-193,-0.00937257187257,-0.0708265903725,-2.68055555556,-1.09467262229,-1.38957923228,-2.06185010024,0.00181539398912,0.00361810572944,-2.22397459543,-0.0386537072006,-0.011216167053,-0.211647335168,0.0553795306007,0.0280565682582,0.0447701373542,0.0214955696516,0.588797871895,-0.0708265903725,0.0447701373542,0.588797871895,-0.0575178213493,-0.0269067770653,-3390,-0.00695607209692,-0.00183689447144,0.0208333333333,-0.0277777777778,0.00694444444444,1919,3,196,18474,0.907328605201,0.99983763598,0.000162364020133,0.0926713947991,0.998439125911,0.907328605201,0.95070596978,0.946692518192,0.907166241181,0.906043437205,230,423,0,5,4,5
622,WLNM_dir_neg_kfold,0.84178081809,0.416032379961,00:00:19,10,80,10,16355,threshold_sweep,0.1,0.920454545455,0.574468085106,0.707423580786,243,21,180,825,0.574468085106,0.975177304965,0.0248226950355,0.425531914894,0.920454545455,0.574468085106,0.707423580786,0.841607565012,0.59732072498,0.606653620352,0.638341325012,0.549645390071,2154,1731,423,0,2154,0,1731,0,423,144,2115,0.10270979021,3.28340051934,29.375,15.4379562044,16.5234375,23.125947344,0.787266292563,0.431540583136,18.7178045265,1.27440371245,0.622363409509,10.41950078,0.709412819061,0.401704097715,1.12585631727,0.342893384662,4.14543900894,3.28340051934,1.12585631727,4.14543900894,0.506274862896,0.548025908195,16217,0.0332762894383,0.115809519663,144,144,144,1,0,0.0486111111111,0.840277777778,0.111111111111,144,0.0821678321678,3.16442097936,23.5,12.7218045113,13.3228346457,18.9009194286,0.804294443768,0.440212930129,15.0818280875,1.28355983724,0.628890858944,8.63518578645,0.734909428634,0.414286183346,1.13795297801,0.359608593621,4.28871048205,3.16442097936,1.13795297801,4.28871048205,0.401839098089,0.456824897614,8812,0.0180816835746,0.0914000825962,144,144,144,1,0,0.0763888888889,0.805555555556,0.118055555556,144,1956,0.0949883449883,5.174557457,27.1666666667,13.6783216783,15.4015748031,21.0387587711,0.774432838201,0.428950806635,16.3965287133,1.20710640834,0.596781981368,10.4128081432,0.766587102565,0.431712962963,1.17264693944,0.226617821753,6.15060605809,5.174557457,1.17264693944,6.15060605809,0.457207784242,0.518910961992,13043,0.0267634360944,0.109544193509,144,144,144,1,0,0.00694444444444,0.875,0.118055555556,-159,-0.00772144522145,1.89115693766,-2.20833333333,-1.75963452606,-1.12186269685,-2.08718857292,-0.0128334543624,-0.00258977650147,-2.32127581324,-0.0672973041039,-0.0255814281409,-0.00669263678057,0.0571742835042,0.0300088652482,0.0467906221671,-0.116275562908,2.00516704915,1.89115693766,0.0467906221671,2.00516704915,-0.0490670786541,-0.0291149462025,-3174,-0.00651285334384,-0.00626532615398,-0.0416666666667,0.0347222222222,0.00694444444444,1935,21,180,18456,0.914893617021,0.998863451859,0.00113654814093,0.0851063829787,0.989263803681,0.914893617021,0.950626381724,0.946108379263,0.91375706888,0.905898876404,264,423,0,5,4,5
623,WLNM_dir_neg_kfold,0.84178081809,0.416032379961,00:00:19,10,80,10,16355,threshold_sweep,0.2,0.920152091255,0.572104018913,0.705539358601,242,21,181,825,0.572104018913,0.975177304965,0.0248226950355,0.427895981087,0.920152091255,0.572104018913,0.705539358601,0.840819542947,0.597583399002,0.604438642298,0.636486400287,0.547281323877,2154,1731,423,0,2154,0,1731,0,423,144,2115,0.10270979021,3.28340051934,29.375,15.4379562044,16.5234375,23.125947344,0.787266292563,0.431540583136,18.7178045265,1.27440371245,0.622363409509,10.41950078,0.709412819061,0.401704097715,1.12585631727,0.342893384662,4.14543900894,3.28340051934,1.12585631727,4.14543900894,0.506274862896,0.548025908195,16217,0.0332762894383,0.115809519663,144,144,144,1,0,0.0486111111111,0.840277777778,0.111111111111,144,0.0821678321678,3.16442097936,23.5,12.7218045113,13.3228346457,18.9009194286,0.804294443768,0.440212930129,15.0818280875,1.28355983724,0.628890858944,8.63518578645,0.734909428634,0.414286183346,1.13795297801,0.359608593621,4.28871048205,3.16442097936,1.13795297801,4.28871048205,0.401839098089,0.456824897614,8812,0.0180816835746,0.0914000825962,144,144,144,1,0,0.0763888888889,0.805555555556,0.118055555556,144,1955,0.0949397824398,5.17841938928,27.1527777778,13.6713286713,15.3937007874,21.0355408355,0.774710455325,0.42904589372,16.3991215273,1.20791483373,0.596941602728,10.4074877974,0.766587336485,0.431674481387,1.17509468174,0.226921497353,6.16358582828,5.17841938928,1.17509468174,6.16358582828,0.457085347582,0.51914577333,13038,0.0267531764011,0.109483473207,144,144,144,1,0,0.00694444444444,0.875,0.118055555556,-160,-0.00777000777001,1.89501886994,-2.22222222222,-1.76662753305,-1.1297367126,-2.0904065085,-0.0125558372387,-0.00249468941652,-2.31868299919,-0.0664888787173,-0.0254218067808,-0.0120129825426,0.0571745174238,0.029970383672,0.0492383644631,-0.115971887308,2.01814681934,1.89501886994,0.0492383644631,2.01814681934,-0.0491895153134,-0.0288801348649,-3179,-0.0065231130372,-0.00632604645625,-0.0416666666667,0.0347222222222,0.00694444444444,1934,21,181,18456,0.914420803783,0.998863451859,0.00113654814093,0.0855791962175,0.98925831202,0.914420803783,0.950368550369,0.945835265311,0.913284255642,0.90543071161,263,423,0,5,4,5
624,WLNM_dir_neg_kfold,0.84178081809,0.416032379961,00:00:19,10,80,10,16355,threshold_sweep,0.3,0.926923076923,0.569739952719,0.705710102489,241,19,182,827,0.569739952719,0.977541371158,0.0224586288416,0.430260047281,0.926923076923,0.569739952719,0.705710102489,0.841607565012,0.598371421066,0.605624591236,0.639195540095,0.547281323877,2154,1731,423,0,2154,0,1731,0,423,144,2115,0.10270979021,3.28340051934,29.375,15.4379562044,16.5234375,23.125947344,0.787266292563,0.431540583136,18.7178045265,1.27440371245,0.622363409509,10.41950078,0.709412819061,0.401704097715,1.12585631727,0.342893384662,4.14543900894,3.28340051934,1.12585631727,4.14543900894,0.506274862896,0.548025908195,16217,0.0332762894383,0.115809519663,144,144,144,1,0,0.0486111111111,0.840277777778,0.111111111111,144,0.0821678321678,3.16442097936,23.5,12.7218045113,13.3228346457,18.9009194286,0.804294443768,0.440212930129,15.0818280875,1.28355983724,0.628890858944,8.63518578645,0.734909428634,0.414286183346,1.13795297801,0.359608593621,4.28871048205,3.16442097936,1.13795297801,4.28871048205,0.401839098089,0.456824897614,8812,0.0180816835746,0.0914000825962,144,144,144,1,0,0.0763888888889,0.805555555556,0.118055555556,144,1952,0.0947940947941,5.07623322423,27.1111111111,13.7464788732,15.3700787402,21.016181282,0.775187014502,0.429210780965,16.4004851445,1.20987185492,0.59792662796,10.3773406848,0.765541525931,0.431074965847,1.21010010885,0.238385443576,6.06271901772,5.07623322423,1.21010010885,6.06271901772,0.452688967261,0.517629676956,12963,0.0265992810007,0.110230048712,144,144,144,1,0,0.0138888888889,0.868055555556,0.118055555556,-163,-0.0079156954157,1.7928327049,-2.26388888889,-1.69147733114,-1.15335875984,-2.109766062,-0.0120792780614,-0.00232980217094,-2.31731938201,-0.0645318575209,-0.0244367815489,-0.0421600951174,0.0561287068699,0.0293708681323,0.0842437915773,-0.104507941086,1.91728000878,1.7928327049,0.0842437915773,1.91728000878,-0.0535858956343,-0.0303962312392,-3254,-0.00667700843757,-0.00557947095098,-0.0347222222222,0.0277777777778,0.00694444444444,1933,19,182,18458,0.913947990544,0.998971694539,0.00102830546084,0.0860520094563,0.990266393443,0.913947990544,0.95057782149,0.94610780742,0.912919685083,0.905810684161,260,423,0,5,4,5
625,WLNM_dir_neg_kfold,0.84178081809,0.416032379961,00:00:19,10,80,10,16355,threshold_sweep,0.4,0.934108527132,0.569739952719,0.70778267254,241,17,182,829,0.569739952719,0.979905437352,0.0200945626478,0.430260047281,0.934108527132,0.569739952719,0.70778267254,0.843183609141,0.59889676911,0.609037328094,0.643802300594,0.549645390071,2154,1731,423,0,2154,0,1731,0,423,144,2115,0.10270979021,3.28340051934,29.375,15.4379562044,16.5234375,23.125947344,0.787266292563,0.431540583136,18.7178045265,1.27440371245,0.622363409509,10.41950078,0.709412819061,0.401704097715,1.12585631727,0.342893384662,4.14543900894,3.28340051934,1.12585631727,4.14543900894,0.506274862896,0.548025908195,16217,0.0332762894383,0.115809519663,144,144,144,1,0,0.0486111111111,0.840277777778,0.111111111111,144,0.0821678321678,3.16442097936,23.5,12.7218045113,13.3228346457,18.9009194286,0.804294443768,0.440212930129,15.0818280875,1.28355983724,0.628890858944,8.63518578645,0.734909428634,0.414286183346,1.13795297801,0.359608593621,4.28871048205,3.16442097936,1.13795297801,4.28871048205,0.401839098089,0.456824897614,8812,0.0180816835746,0.0914000825962,144,144,144,1,0,0.0763888888889,0.805555555556,0.118055555556,144,1950,0.094696969697,5.0730049163,27.0833333333,13.7323943662,15.3543307087,21.0169761553,0.776011427273,0.429661680912,16.4073474075,1.21161950086,0.59858974359,10.3618956335,0.765186139087,0.430847578348,1.20929651466,0.238378738954,6.06162468637,5.0730049163,1.20929651466,6.06162468637,0.452284932075,0.518020419588,12955,0.0265828654913,0.110466905084,144,144,144,1,0,0.0138888888889,0.868055555556,0.118055555556,-165,-0.00801282051282,1.78960439697,-2.29166666667,-1.70556183818,-1.16910679134,-2.10897118872,-0.0112548652898,-0.00187890222465,-2.31045711902,-0.0627842115822,-0.0237736659191,-0.0576051464878,0.055773320026,0.0291434806328,0.0834401973811,-0.104514645708,1.91618567743,1.78960439697,0.0834401973811,1.91618567743,-0.0539899308203,-0.030005488607,-3262,-0.00669342394695,-0.0053426145794,-0.0347222222222,0.0277777777778,0.00694444444444,1933,17,182,18460,0.913947990544,0.999079937219,0.000920062780754,0.0860520094563,0.991282051282,0.913947990544,0.951045510455,0.946654316983,0.913027927763,0.906660412758,258,423,0,5,4,5
626,WLNM_dir_neg_kfold,0.84178081809,0.416032379961,00:00:19,10,80,10,16355,threshold_sweep,0.5,0.95983935743,0.565011820331,0.71130952381,239,10,184,836,0.565011820331,0.988179669031,0.0118203309693,0.434988179669,0.95983935743,0.565011820331,0.71130952381,0.847123719464,0.601260835303,0.616600790514,0.656645686623,0.553191489362,2154,1731,423,0,2154,0,1731,0,423,144,2115,0.10270979021,3.28340051934,29.375,15.4379562044,16.5234375,23.125947344,0.787266292563,0.431540583136,18.7178045265,1.27440371245,0.622363409509,10.41950078,0.709412819061,0.401704097715,1.12585631727,0.342893384662,4.14543900894,3.28340051934,1.12585631727,4.14543900894,0.506274862896,0.548025908195,16217,0.0332762894383,0.115809519663,144,144,144,1,0,0.0486111111111,0.840277777778,0.111111111111,144,0.0821678321678,3.16442097936,23.5,12.7218045113,13.3228346457,18.9009194286,0.804294443768,0.440212930129,15.0818280875,1.28355983724,0.628890858944,8.63518578645,0.734909428634,0.414286183346,1.13795297801,0.359608593621,4.28871048205,3.16442097936,1.13795297801,4.28871048205,0.401839098089,0.456824897614,8812,0.0180816835746,0.0914000825962,144,144,144,1,0,0.0763888888889,0.805555555556,0.118055555556,144,1941,0.0942599067599,3.91328961345,26.9583333333,14.0652173913,15.2834645669,21.0536693478,0.780970733149,0.431839973668,16.4533537508,1.22065066467,0.604560220963,10.2915327747,0.763514023472,0.429893668785,1.24293152341,0.317618077419,4.93193493099,3.91328961345,1.24293152341,4.93193493099,0.456839688729,0.520271627757,12948,0.0265685019206,0.112282113551,144,144,144,1,0,0.0416666666667,0.840277777778,0.118055555556,-174,-0.00844988344988,0.629889094114,-2.41666666667,-1.37273881308,-1.23997293307,-2.07227799623,-0.00629555941403,0.000299390531312,-2.2644507757,-0.0537530477768,-0.017803188546,-0.127968005235,0.0541012044115,0.02818957107,0.117075206134,-0.0252753072425,0.786495922056,0.629889094114,0.117075206134,0.786495922056,-0.0494351741664,-0.0277542804374,-3269,-0.00670778751765,-0.00352740611198,-0.00694444444444,0,0.00694444444444,1931,10,184,18467,0.913002364066,0.9994587866,0.000541213400444,0.0869976359338,0.994848016486,0.913002364066,0.952169625247,0.948028665628,0.912461150666,0.908705882353,249,423,0,5,4,5
627,WLNM_dir_neg_kfold,0.84178081809,0.416032379961,00:00:19,10,80,10,16355,threshold_sweep,0.6,0.963562753036,0.562647754137,0.710447761194,238,9,185,837,0.562647754137,0.989361702128,0.0106382978723,0.437352245863,0.963562753036,0.562647754137,0.710447761194,0.847123719464,0.601786183346,0.616094986807,0.65724600989,0.552009456265,2154,1731,423,0,2154,0,1731,0,423,144,2115,0.10270979021,3.28340051934,29.375,15.4379562044,16.5234375,23.125947344,0.787266292563,0.431540583136,18.7178045265,1.27440371245,0.622363409509,10.41950078,0.709412819061,0.401704097715,1.12585631727,0.342893384662,4.14543900894,3.28340051934,1.12585631727,4.14543900894,0.506274862896,0.548025908195,16217,0.0332762894383,0.115809519663,144,144,144,1,0,0.0486111111111,0.840277777778,0.111111111111,144,0.0821678321678,3.16442097936,23.5,12.7218045113,13.3228346457,18.9009194286,0.804294443768,0.440212930129,15.0818280875,1.28355983724,0.628890858944,8.63518578645,0.734909428634,0.414286183346,1.13795297801,0.359608593621,4.28871048205,3.16442097936,1.13795297801,4.28871048205,0.401839098089,0.456824897614,8812,0.0180816835746,0.0914000825962,144,144,144,1,0,0.0763888888889,0.805555555556,0.118055555556,144,1939,0.0941627816628,3.91324494845,26.9305555556,14.0507246377,15.2677165354,21.0379785708,0.781193634399,0.431916509083,16.4473787715,1.22146598406,0.604718210991,10.2976086534,0.764752782923,0.430508996619,1.2427427647,0.317573466795,4.93136926572,3.91324494845,1.2427427647,4.93136926572,0.45691630577,0.520413907729,12942,0.0265561902886,0.112429493998,144,144,144,1,0,0.0416666666667,0.840277777778,0.118055555556,-176,-0.00854700854701,0.629844429111,-2.44444444444,-1.3872315667,-1.25572096457,-2.08796877322,-0.00607265816425,0.000375925946246,-2.27042575502,-0.052937728382,-0.017645198518,-0.121892126572,0.055339963862,0.0288048989044,0.116886447423,-0.0253199178662,0.78593025678,0.629844429111,0.116886447423,0.78593025678,-0.0493585571255,-0.0276120004663,-3275,-0.00672009914968,-0.00338002566509,-0.00694444444444,0,0.00694444444444,1930,9,185,18468,0.912529550827,0.99951290794,0.000487092060399,0.0874704491726,0.995358432182,0.912529550827,0.952146028614,0.948031400816,0.912042458767,0.908662900188,247,423,0,5,4,5
628,WLNM_dir_neg_kfold,0.84178081809,0.416032379961,00:00:19,10,80,10,16355,threshold_sweep,0.7,0.971193415638,0.557919621749,0.708708708709,236,7,187,839,0.557919621749,0.991725768322,0.00827423167849,0.442080378251,0.971193415638,0.557919621749,0.708708708709,0.847123719464,0.602836879433,0.615079365079,0.658508124999,0.549645390071,2154,1731,423,0,2154,0,1731,0,423,144,2115,0.10270979021,3.28340051934,29.375,15.4379562044,16.5234375,23.125947344,0.787266292563,0.431540583136,18.7178045265,1.27440371245,0.622363409509,10.41950078,0.709412819061,0.401704097715,1.12585631727,0.342893384662,4.14543900894,3.28340051934,1.12585631727,4.14543900894,0.506274862896,0.548025908195,16217,0.0332762894383,0.115809519663,144,144,144,1,0,0.0486111111111,0.840277777778,0.111111111111,144,0.0821678321678,3.16442097936,23.5,12.7218045113,13.3228346457,18.9009194286,0.804294443768,0.440212930129,15.0818280875,1.28355983724,0.628890858944,8.63518578645,0.734909428634,0.414286183346,1.13795297801,0.359608593621,4.28871048205,3.16442097936,1.13795297801,4.28871048205,0.401839098089,0.456824897614,8812,0.0180816835746,0.0914000825962,144,144,144,1,0,0.0763888888889,0.805555555556,0.118055555556,144,1935,0.0939685314685,3.89042261278,26.875,14.0217391304,15.2362204724,21.0470252703,0.783145126336,0.432845248349,16.4613209498,1.2250285358,0.606133362044,10.3035866863,0.766778544094,0.431420470858,1.23832310738,0.318300408626,4.84507567975,3.89042261278,1.23832310738,4.84507567975,0.458006834567,0.520909383723,12938,0.0265479825339,0.113296346294,144,144,144,1,0,0.0416666666667,0.840277777778,0.118055555556,-180,-0.00874125874126,0.607022093446,-2.5,-1.41621707394,-1.28721702756,-2.07892207378,-0.00412116622763,0.0013046652128,-2.25648357673,-0.0493751766455,-0.0162300474646,-0.11591409369,0.0573657250334,0.0297163731437,0.112466790103,-0.0245929760354,0.699636670811,0.607022093446,0.112466790103,0.699636670811,-0.0482680283287,-0.0271165244714,-3279,-0.00672830690436,-0.00251317336944,-0.00694444444444,0,0.00694444444444,1928,7,187,18470,0.91158392435,0.99962115062,0.000378849380311,0.0884160756501,0.996382428941,0.91158392435,0.952098765432,0.948037801976,0.91120507497,0.908576814326,243,423,0,5,4,5
629,WLNM_dir_neg_kfold,0.84178081809,0.416032379961,00:00:19,10,80,10,16355,threshold_sweep,0.8,0.971074380165,0.555555555556,0.706766917293,235,7,188,839,0.555555555556,0.991725768322,0.00827423167849,0.444444444444,0.971074380165,0.555555555556,0.706766917293,0.8463356974,0.603099553454,0.612839179351,0.656709181747,0.547281323877,2154,1731,423,0,2154,0,1731,0,423,144,2115,0.10270979021,3.28340051934,29.375,15.4379562044,16.5234375,23.125947344,0.787266292563,0.431540583136,18.7178045265,1.27440371245,0.622363409509,10.41950078,0.709412819061,0.401704097715,1.12585631727,0.342893384662,4.14543900894,3.28340051934,1.12585631727,4.14543900894,0.506274862896,0.548025908195,16217,0.0332762894383,0.115809519663,144,144,144,1,0,0.0486111111111,0.840277777778,0.111111111111,144,0.0821678321678,3.16442097936,23.5,12.7218045113,13.3228346457,18.9009194286,0.804294443768,0.440212930129,15.0818280875,1.28355983724,0.628890858944,8.63518578645,0.734909428634,0.414286183346,1.13795297801,0.359608593621,4.28871048205,3.16442097936,1.13795297801,4.28871048205,0.401839098089,0.456824897614,8812,0.0180816835746,0.0914000825962,144,144,144,1,0,0.0763888888889,0.805555555556,0.118055555556,144,1934,0.09391996892,3.88820565765,26.8611111111,14.0144927536,15.2283464567,21.0525852144,0.783757050383,0.433083419511,16.4634168627,1.22581800839,0.60626364472,10.3001478554,0.766918971653,0.431453234517,1.23799240094,0.318396841614,4.84349360798,3.88820565765,1.23799240094,4.84349360798,0.458042979086,0.521080616574,12936,0.0265438786566,0.113207046671,144,144,144,1,0,0.0416666666667,0.840277777778,0.118055555556,-181,-0.00878982128982,0.604805138315,-2.51388888889,-1.42346345076,-1.29509104331,-2.0733621296,-0.00350924218062,0.00154283637419,-2.25438766387,-0.048585704056,-0.0160997647886,-0.119352924558,0.0575061525924,0.0297491368021,0.112136083666,-0.0244965430477,0.698054599046,0.604805138315,0.112136083666,0.698054599046,-0.0482318838101,-0.0269452916204,-3281,-0.00673241078171,-0.00260247299167,-0.00694444444444,0,0.00694444444444,1927,7,188,18470,0.911111111111,0.99962115062,0.000378849380311,0.0888888888889,0.996380558428,0.911111111111,0.951839960484,0.947765416134,0.910732261731,0.908105560792,242,423,0,5,4,5
630,WLNM_dir_neg_kfold,0.84178081809,0.416032379961,00:00:19,10,80,10,16355,threshold_sweep,0.9,0.991489361702,0.550827423168,0.70820668693,233,2,190,844,0.550827423168,0.997635933806,0.00236406619385,0.449172576832,0.991489361702,0.550827423168,0.70820668693,0.848699763593,0.604938271605,0.617021276596,0.665593055708,0.548463356974,2154,1731,423,0,2154,0,1731,0,423,144,2115,0.10270979021,3.28340051934,29.375,15.4379562044,16.5234375,23.125947344,0.787266292563,0.431540583136,18.7178045265,1.27440371245,0.622363409509,10.41950078,0.709412819061,0.401704097715,1.12585631727,0.342893384662,4.14543900894,3.28340051934,1.12585631727,4.14543900894,0.506274862896,0.548025908195,16217,0.0332762894383,0.115809519663,144,144,144,1,0,0.0486111111111,0.840277777778,0.111111111111,144,0.0821678321678,3.16442097936,23.5,12.7218045113,13.3228346457,18.9009194286,0.804294443768,0.440212930129,15.0818280875,1.28355983724,0.628890858944,8.63518578645,0.734909428634,0.414286183346,1.13795297801,0.359608593621,4.28871048205,3.16442097936,1.13795297801,4.28871048205,0.401839098089,0.456824897614,8812,0.0180816835746,0.0914000825962,144,144,144,1,0,0.0763888888889,0.805555555556,0.118055555556,144,1927,0.09358003108,3.18410344949,26.7638888889,14.4887218045,15.1732283465,21.0360948911,0.785987977249,0.433943089431,16.4775738793,1.23132882129,0.610156114859,10.277952864,0.76804629601,0.431770022487,1.13957960106,0.357896537954,4.12082851162,3.18410344949,1.13957960106,4.12082851162,0.457479634597,0.520001080045,12839,0.0263448406054,0.116428460597,144,144,144,1,0,0.0763888888889,0.805555555556,0.118055555556,-188,-0.00912975912976,-0.099297069845,-2.61111111111,-0.949234399868,-1.35020915354,-2.08985245294,-0.00127831531403,0.00240250629457,-2.24023064723,-0.0430748911583,-0.0122072946498,-0.141547915994,0.0586334769488,0.0300659247727,0.0137232837871,0.0150031532929,-0.0246104973228,-0.099297069845,0.0137232837871,-0.0246104973228,-0.0487952282989,-0.0280248281501,-3378,-0.00693144883286,0.000618940934147,0.0277777777778,-0.0347222222222,0.00694444444444,1925,2,190,18475,0.910165484634,0.99989175732,0.000108242680089,0.0898345153664,0.998962117281,0.910165484634,0.952498762989,0.948603605039,0.910057241953,0.909305621162,235,423,0,5,4,5
631,WLNM_dir_neg_kfold,0.899337167256,0.415037349592,00:00:19,10,80,11,16356,threshold_sweep,0.1,0.956,0.565011820331,0.710252600297,239,11,184,835,0.565011820331,0.986997635934,0.0130023640662,0.434988179669,0.956,0.565011820331,0.710252600297,0.8463356974,0.600998161282,0.614878209348,0.654251589449,0.552009456265,2154,1731,423,0,2154,0,1731,0,423,144,2115,0.10270979021,3.28340051934,29.375,15.4379562044,16.5234375,23.125947344,0.787266292563,0.431540583136,18.7178045265,1.27440371245,0.622363409509,10.41950078,0.709412819061,0.401704097715,1.12585631727,0.342893384662,4.14543900894,3.28340051934,1.12585631727,4.14543900894,0.506274862896,0.548025908195,16217,0.0332762894383,0.115809519663,144,144,144,1,0,0.0486111111111,0.840277777778,0.111111111111,144,0.0821678321678,3.16442097936,23.5,12.7218045113,13.3228346457,18.9009194286,0.804294443768,0.440212930129,15.0818280875,1.28355983724,0.628890858944,8.63518578645,0.734909428634,0.414286183346,1.13795297801,0.359608593621,4.28871048205,3.16442097936,1.13795297801,4.28871048205,0.401839098089,0.456824897614,8812,0.0180816835746,0.0914000825962,144,144,144,1,0,0.0763888888889,0.805555555556,0.118055555556,144,1942,0.0943084693085,3.93625615433,26.9722222222,13.8714285714,15.2913385827,21.0656464596,0.781012639079,0.431892951139,16.4282658135,1.21816183169,0.602485982378,10.4070888368,0.771689388518,0.433258954114,1.22144393514,0.310306008362,5.04212784863,3.93625615433,1.22144393514,5.04212784863,0.446751268475,0.520859755691,13005,0.0266854624249,0.112029922118,144,144,144,1,0,0.0277777777778,0.854166666667,0.118055555556,-173,-0.00840132090132,0.652855634998,-2.40277777778,-1.56652763295,-1.23209891732,-2.06030088443,-0.00625365348374,0.000352368002246,-2.28953871307,-0.0562418807566,-0.019877427131,-0.012411943134,0.0622765694574,0.031554856399,0.0955876178673,-0.0325873762995,0.896688839687,0.652855634998,0.0955876178673,0.896688839687,-0.0595235944204,-0.0271661525043,-3212,-0.00659082701336,-0.00377959754507,-0.0208333333333,0.0138888888889,0.00694444444444,1931,11,184,18466,0.913002364066,0.99940466526,0.000595334740488,0.0869976359338,0.994335736354,0.913002364066,0.951934927286,0.947753739976,0.912407029326,0.908278457197,250,423,0,5,4,5
632,WLNM_dir_neg_kfold,0.899337167256,0.415037349592,00:00:19,10,80,11,16356,threshold_sweep,0.2,0.955823293173,0.562647754137,0.708333333333,238,11,185,835,0.562647754137,0.986997635934,0.0130023640662,0.437352245863,0.955823293173,0.562647754137,0.708333333333,0.845547675335,0.601260835303,0.612648221344,0.652436419401,0.549645390071,2154,1731,423,0,2154,0,1731,0,423,144,2115,0.10270979021,3.28340051934,29.375,15.4379562044,16.5234375,23.125947344,0.787266292563,0.431540583136,18.7178045265,1.27440371245,0.622363409509,10.41950078,0.709412819061,0.401704097715,1.12585631727,0.342893384662,4.14543900894,3.28340051934,1.12585631727,4.14543900894,0.506274862896,0.548025908195,16217,0.0332762894383,0.115809519663,144,144,144,1,0,0.0486111111111,0.840277777778,0.111111111111,144,0.0821678321678,3.16442097936,23.5,12.7218045113,13.3228346457,18.9009194286,0.804294443768,0.440212930129,15.0818280875,1.28355983724,0.628890858944,8.63518578645,0.734909428634,0.414286183346,1.13795297801,0.359608593621,4.28871048205,3.16442097936,1.13795297801,4.28871048205,0.401839098089,0.456824897614,8812,0.0180816835746,0.0914000825962,144,144,144,1,0,0.0763888888889,0.805555555556,0.118055555556,144,1941,0.0942599067599,3.93585813344,26.9583333333,13.8642857143,15.2834645669,21.049350936,0.780810544765,0.431786307173,16.421872141,1.21831508929,0.602513738623,10.4030447063,0.771786933387,0.433271080199,1.22090825302,0.310201285622,5.04075235775,3.93585813344,1.22090825302,5.04075235775,0.446170765896,0.519744405529,12960,0.0265931251847,0.112014289898,144,144,144,1,0,0.0277777777778,0.854166666667,0.118055555556,-174,-0.00844988344988,0.652457614109,-2.41666666667,-1.57367049009,-1.23997293307,-2.07659640808,-0.00645574779805,0.000245724036378,-2.29593238554,-0.0560886231592,-0.0198496708861,-0.0164560736767,0.0623741143262,0.0315669824845,0.0950519357472,-0.0326920990392,0.895313348815,0.652457614109,0.0950519357472,0.895313348815,-0.0601040969993,-0.0282815026659,-3257,-0.00668316425359,-0.00379522976521,-0.0208333333333,0.0138888888889,0.00694444444444,1930,11,185,18466,0.912529550827,0.99940466526,0.000595334740488,0.0874704491726,0.994332818135,0.912529550827,0.9516765286,0.947481191267,0.911934216087,0.90780809031,249,423,0,5,4,5
633,WLNM_dir_neg_kfold,0.899337167256,0.415037349592,00:00:19,10,80,11,16356,threshold_sweep,0.3,0.95951417004,0.560283687943,0.707462686567,237,10,186,836,0.560283687943,0.988179669031,0.0118203309693,0.439716312057,0.95951417004,0.560283687943,0.707462686567,0.845547675335,0.601786183346,0.612137203166,0.653023872782,0.548463356974,2154,1731,423,0,2154,0,1731,0,423,144,2115,0.10270979021,3.28340051934,29.375,15.4379562044,16.5234375,23.125947344,0.787266292563,0.431540583136,18.7178045265,1.27440371245,0.622363409509,10.41950078,0.709412819061,0.401704097715,1.12585631727,0.342893384662,4.14543900894,3.28340051934,1.12585631727,4.14543900894,0.506274862896,0.548025908195,16217,0.0332762894383,0.115809519663,144,144,144,1,0,0.0486111111111,0.840277777778,0.111111111111,144,0.0821678321678,3.16442097936,23.5,12.7218045113,13.3228346457,18.9009194286,0.804294443768,0.440212930129,15.0818280875,1.28355983724,0.628890858944,8.63518578645,0.734909428634,0.414286183346,1.13795297801,0.359608593621,4.28871048205,3.16442097936,1.13795297801,4.28871048205,0.401839098089,0.456824897614,8812,0.0180816835746,0.0914000825962,144,144,144,1,0,0.0763888888889,0.805555555556,0.118055555556,144,1939,0.0941627816628,3.93182981243,26.9305555556,13.85,15.2677165354,21.0349867654,0.781082541057,0.431859205776,16.4192932714,1.219380212,0.6027842244,10.4056958545,0.77277988811,0.433796773824,1.21938982661,0.310132911338,5.03409183844,3.93182981243,1.21938982661,5.03409183844,0.446420143988,0.519996254882,12959,0.026591073246,0.112132001881,144,144,144,1,0,0.0277777777778,0.854166666667,0.118055555556,-176,-0.00854700854701,0.648429293095,-2.44444444444,-1.58795620438,-1.25572096457,-2.09096057864,-0.00618375150643,0.000318622639845,-2.29851125519,-0.0550235004417,-0.0195791851091,-0.0138049254726,0.0633670690493,0.0320926761091,0.0935335093403,-0.0327604733235,0.888652829504,0.648429293095,0.0935335093403,0.888652829504,-0.0598547189078,-0.0280296533128,-3258,-0.00668521619226,-0.00367751778245,-0.0208333333333,0.0138888888889,0.00694444444444,1929,10,186,18467,0.912056737589,0.9994587866,0.000541213400444,0.0879432624113,0.994842702424,0.912056737589,0.951652688703,0.947483673545,0.911515524188,0.907764705882,247,423,0,5,4,5
634,WLNM_dir_neg_kfold,0.899337167256,0.415037349592,00:00:19,10,80,11,16356,threshold_sweep,0.4,0.959349593496,0.557919621749,0.70553064275,236,10,187,836,0.557919621749,0.988179669031,0.0118203309693,0.442080378251,0.959349593496,0.557919621749,0.70553064275,0.84475965327,0.602048857368,0.609900990099,0.651210819227,0.54609929078,2154,1731,423,0,2154,0,1731,0,423,144,2115,0.10270979021,3.28340051934,29.375,15.4379562044,16.5234375,23.125947344,0.787266292563,0.431540583136,18.7178045265,1.27440371245,0.622363409509,10.41950078,0.709412819061,0.401704097715,1.12585631727,0.342893384662,4.14543900894,3.28340051934,1.12585631727,4.14543900894,0.506274862896,0.548025908195,16217,0.0332762894383,0.115809519663,144,144,144,1,0,0.0486111111111,0.840277777778,0.111111111111,144,0.0821678321678,3.16442097936,23.5,12.7218045113,13.3228346457,18.9009194286,0.804294443768,0.440212930129,15.0818280875,1.28355983724,0.628890858944,8.63518578645,0.734909428634,0.414286183346,1.13795297801,0.359608593621,4.28871048205,3.16442097936,1.13795297801,4.28871048205,0.401839098089,0.456824897614,8812,0.0180816835746,0.0914000825962,144,144,144,1,0,0.0763888888889,0.805555555556,0.118055555556,144,1938,0.0941142191142,3.92952937911,26.9166666667,13.8428571429,15.2598425197,21.0419162094,0.781743017066,0.432153709437,16.4226838688,1.2202613401,0.602998509345,10.4043260233,0.773076856224,0.433895195505,1.21870164418,0.310139338989,5.03213685434,3.92952937911,1.21870164418,5.03213685434,0.446638649006,0.520178772146,12958,0.0265890213073,0.112137041662,144,144,144,1,0,0.0277777777778,0.854166666667,0.118055555556,-177,-0.00859557109557,0.646128859779,-2.45833333333,-1.59509906152,-1.26359498031,-2.08403113467,-0.0055232754967,0.000613126300663,-2.29512065774,-0.0541423723486,-0.0193649001635,-0.0151747566132,0.0636640371628,0.0321910977904,0.0928453269011,-0.0327540456728,0.886697845399,0.646128859779,0.0928453269011,0.886697845399,-0.0596362138894,-0.0278471360491,-3259,-0.00668726813093,-0.00367247800095,-0.0208333333333,0.0138888888889,0.00694444444444,1928,10,187,18467,0.91158392435,0.9994587866,0.000541213400444,0.0884160756501,0.99484004128,0.91158392435,0.951394029114,0.947211103777,0.911042710949,0.907294117647,246,423,0,5,4,5
635,WLNM_dir_neg_kfold,0.899337167256,0.415037349592,00:00:19,10,80,11,16356,threshold_sweep,0.5,0.987341772152,0.553191489362,0.709090909091,234,3,189,843,0.553191489362,0.996453900709,0.00354609929078,0.446808510638,0.987341772152,0.553191489362,0.709090909091,0.848699763593,0.604412923562,0.617529880478,0.66485039851,0.549645390071,2154,1731,423,0,2154,0,1731,0,423,144,2115,0.10270979021,3.28340051934,29.375,15.4379562044,16.5234375,23.125947344,0.787266292563,0.431540583136,18.7178045265,1.27440371245,0.622363409509,10.41950078,0.709412819061,0.401704097715,1.12585631727,0.342893384662,4.14543900894,3.28340051934,1.12585631727,4.14543900894,0.506274862896,0.548025908195,16217,0.0332762894383,0.115809519663,144,144,144,1,0,0.0486111111111,0.840277777778,0.111111111111,144,0.0821678321678,3.16442097936,23.5,12.7218045113,13.3228346457,18.9009194286,0.804294443768,0.440212930129,15.0818280875,1.28355983724,0.628890858944,8.63518578645,0.734909428634,0.414286183346,1.13795297801,0.359608593621,4.28871048205,3.16442097936,1.13795297801,4.28871048205,0.401839098089,0.456824897614,8812,0.0180816835746,0.0914000825962,144,144,144,1,0,0.0763888888889,0.805555555556,0.118055555556,144,1929,0.0936771561772,3.17318850527,26.7916666667,14.3955223881,15.188976378,21.0646274942,0.786238040218,0.434094378204,16.470451928,1.22952051718,0.609444300444,10.3052832875,0.769290198759,0.432452767698,1.13199770401,0.356738246761,4.14971030561,3.17318850527,1.13199770401,4.14971030561,0.450707691439,0.522576218282,12947,0.0265664499819,0.115199537209,144,144,144,1,0,0.0694444444444,0.8125,0.118055555556,-186,-0.00903263403263,-0.110212014066,-2.58333333333,-1.04243381632,-1.33446112205,-2.06131984986,-0.00102825234496,0.00255379506769,-2.24735259852,-0.0448831952678,-0.0129191090653,-0.11421749242,0.0598773796977,0.030748669983,0.00614138673843,0.0138448620997,0.00427129666929,-0.110212014066,0.00614138673843,0.00427129666929,-0.055567171457,-0.0254496899133,-3270,-0.00670983945632,-0.000609982453681,0.0208333333333,-0.0277777777778,0.00694444444444,1926,3,189,18474,0.910638297872,0.99983763598,0.000162364020133,0.0893617021277,0.998444790047,0.910638297872,0.952522255193,0.94859874164,0.910475933852,0.909348441926,237,423,0,5,4,5
636,WLNM_dir_neg_kfold,0.899337167256,0.415037349592,00:00:19,10,80,11,16356,threshold_sweep,0.6,0.991489361702,0.550827423168,0.70820668693,233,2,190,844,0.550827423168,0.997635933806,0.00236406619385,0.449172576832,0.991489361702,0.550827423168,0.70820668693,0.848699763593,0.604938271605,0.617021276596,0.665593055708,0.548463356974,2154,1731,423,0,2154,0,1731,0,423,144,2115,0.10270979021,3.28340051934,29.375,15.4379562044,16.5234375,23.125947344,0.787266292563,0.431540583136,18.7178045265,1.27440371245,0.622363409509,10.41950078,0.709412819061,0.401704097715,1.12585631727,0.342893384662,4.14543900894,3.28340051934,1.12585631727,4.14543900894,0.506274862896,0.548025908195,16217,0.0332762894383,0.115809519663,144,144,144,1,0,0.0486111111111,0.840277777778,0.111111111111,144,0.0821678321678,3.16442097936,23.5,12.7218045113,13.3228346457,18.9009194286,0.804294443768,0.440212930129,15.0818280875,1.28355983724,0.628890858944,8.63518578645,0.734909428634,0.414286183346,1.13795297801,0.359608593621,4.28871048205,3.16442097936,1.13795297801,4.28871048205,0.401839098089,0.456824897614,8812,0.0180816835746,0.0914000825962,144,144,144,1,0,0.0763888888889,0.805555555556,0.118055555556,144,1927,0.09358003108,3.15847476535,26.7638888889,14.4887218045,15.1732283465,21.0742895462,0.787415073858,0.434598973649,16.4784226483,1.23139224772,0.610357925388,10.2983443084,0.769570098808,0.432512396932,1.13208420829,0.358427498204,4.10284047973,3.15847476535,1.13208420829,4.10284047973,0.450642452032,0.522747474747,12938,0.0265479825339,0.116270162642,144,144,144,1,0,0.0763888888889,0.805555555556,0.118055555556,-188,-0.00912975912976,-0.124925753982,-2.61111111111,-0.949234399868,-1.35020915354,-2.05165779788,0.00014878129466,0.00305839051298,-2.23938187824,-0.043011464726,-0.012005484121,-0.121156471602,0.0601572797471,0.0308082992177,0.00622789101057,0.0155341135421,-0.0425985292042,-0.124925753982,0.00622789101057,-0.0425985292042,-0.0556324108635,-0.0252784334474,-3279,-0.00672830690436,0.000460642979336,0.0277777777778,-0.0347222222222,0.00694444444444,1925,2,190,18475,0.910165484634,0.99989175732,0.000108242680089,0.0898345153664,0.998962117281,0.910165484634,0.952498762989,0.948603605039,0.910057241953,0.909305621162,235,423,0,5,4,5
637,WLNM_dir_neg_kfold,0.899337167256,0.415037349592,00:00:19,10,80,11,16356,threshold_sweep,0.7,0.995689655172,0.54609929078,0.70534351145,231,1,192,845,0.54609929078,0.998817966903,0.00118203309693,0.45390070922,0.995689655172,0.54609929078,0.70534351145,0.847911741529,0.60572629367,0.614257161892,0.66458809435,0.544917257683,2154,1731,423,0,2154,0,1731,0,423,144,2115,0.10270979021,3.28340051934,29.375,15.4379562044,16.5234375,23.125947344,0.787266292563,0.431540583136,18.7178045265,1.27440371245,0.622363409509,10.41950078,0.709412819061,0.401704097715,1.12585631727,0.342893384662,4.14543900894,3.28340051934,1.12585631727,4.14543900894,0.506274862896,0.548025908195,16217,0.0332762894383,0.115809519663,144,144,144,1,0,0.0486111111111,0.840277777778,0.111111111111,144,0.0821678321678,3.16442097936,23.5,12.7218045113,13.3228346457,18.9009194286,0.804294443768,0.440212930129,15.0818280875,1.28355983724,0.628890858944,8.63518578645,0.734909428634,0.414286183346,1.13795297801,0.359608593621,4.28871048205,3.16442097936,1.13795297801,4.28871048205,0.401839098089,0.456824897614,8812,0.0180816835746,0.0914000825962,144,144,144,1,0,0.0763888888889,0.805555555556,0.118055555556,144,1924,0.0934343434343,3.1562195585,26.7222222222,14.4661654135,15.1496062992,21.039903628,0.787356060925,0.434525872026,16.4757126234,1.2331094687,0.610685204435,10.2742880318,0.768969582424,0.432129244629,1.13033278841,0.358128693984,4.09979799611,3.1562195585,1.13033278841,4.09979799611,0.449762778708,0.521566509115,12874,0.0264166584589,0.116070586841,144,144,144,1,0,0.0763888888889,0.805555555556,0.118055555556,-191,-0.00927544677545,-0.127180960836,-2.65277777778,-0.971790790846,-1.37383120079,-2.08604371599,8.97683617114e-05,0.00298528888954,-2.24209190313,-0.0412942437494,-0.0116782050736,-0.145212748126,0.059556763363,0.0304251469145,0.00447647113907,0.0152353093229,-0.045641012827,-0.127180960836,0.00447647113907,-0.045641012827,-0.0565120841875,-0.0264593990794,-3343,-0.00685963097935,0.000261067177945,0.0277777777778,-0.0347222222222,0.00694444444444,1923,1,192,18476,0.909219858156,0.99994587866,5.41213400444e-05,0.090780141844,0.99948024948,0.909219858156,0.952215895024,0.948336673526,0.909165736816,0.908790170132,232,423,0,5,4,5
638,WLNM_dir_neg_kfold,0.899337167256,0.415037349592,00:00:19,10,80,11,16356,threshold_sweep,0.8,0.995670995671,0.543735224586,0.703363914373,230,1,193,845,0.543735224586,0.998817966903,0.00118203309693,0.456264775414,0.995670995671,0.543735224586,0.703363914373,0.847123719464,0.605988967691,0.612,0.662816057245,0.542553191489,2154,1731,423,0,2154,0,1731,0,423,144,2115,0.10270979021,3.28340051934,29.375,15.4379562044,16.5234375,23.125947344,0.787266292563,0.431540583136,18.7178045265,1.27440371245,0.622363409509,10.41950078,0.709412819061,0.401704097715,1.12585631727,0.342893384662,4.14543900894,3.28340051934,1.12585631727,4.14543900894,0.506274862896,0.548025908195,16217,0.0332762894383,0.115809519663,144,144,144,1,0,0.0486111111111,0.840277777778,0.111111111111,144,0.0821678321678,3.16442097936,23.5,12.7218045113,13.3228346457,18.9009194286,0.804294443768,0.440212930129,15.0818280875,1.28355983724,0.628890858944,8.63518578645,0.734909428634,0.414286183346,1.13795297801,0.359608593621,4.28871048205,3.16442097936,1.13795297801,4.28871048205,0.401839098089,0.456824897614,8812,0.0180816835746,0.0914000825962,144,144,144,1,0,0.0763888888889,0.805555555556,0.118055555556,144,1923,0.0933857808858,3.15573171412,26.7083333333,14.4586466165,15.1417322835,21.0190972107,0.786986479027,0.434322095106,16.4684350546,1.23320574512,0.610674149188,10.2619323348,0.768444231002,0.431873663835,1.12974151923,0.357996693503,4.09811209791,3.15573171412,1.12974151923,4.09811209791,0.448833069831,0.520341917334,12824,0.0263140615253,0.116011578931,144,144,144,1,0,0.0763888888889,0.805555555556,0.118055555556,-192,-0.00932400932401,-0.12766880522,-2.66666666667,-0.979309587838,-1.38170521654,-2.10685013335,-0.000279813535754,0.0027815119697,-2.24936947196,-0.0411979673286,-0.0116892603206,-0.15756844512,0.059031411941,0.0301695661207,0.00388520196035,0.0151033088411,-0.0473269110306,-0.12766880522,0.00388520196035,-0.0473269110306,-0.0574417930646,-0.027683990861,-3393,-0.00696222791293,0.00020205926822,0.0277777777778,-0.0347222222222,0.00694444444444,1922,1,193,18476,0.908747044917,0.99994587866,5.41213400444e-05,0.0912529550827,0.999479979199,0.908747044917,0.951956414066,0.948064514076,0.908692923577,0.90831758034,231,423,0,5,4,5
639,WLNM_dir_neg_kfold,0.899337167256,0.415037349592,00:00:19,10,80,11,16356,threshold_sweep,0.9,0.995652173913,0.541371158392,0.701378254211,229,1,194,845,0.541371158392,0.998817966903,0.00118203309693,0.458628841608,0.995652173913,0.541371158392,0.701378254211,0.8463356974,0.606251641713,0.609739826551,0.661042695193,0.540189125296,2154,1731,423,0,2154,0,1731,0,423,144,2115,0.10270979021,3.28340051934,29.375,15.4379562044,16.5234375,23.125947344,0.787266292563,0.431540583136,18.7178045265,1.27440371245,0.622363409509,10.41950078,0.709412819061,0.401704097715,1.12585631727,0.342893384662,4.14543900894,3.28340051934,1.12585631727,4.14543900894,0.506274862896,0.548025908195,16217,0.0332762894383,0.115809519663,144,144,144,1,0,0.0486111111111,0.840277777778,0.111111111111,144,0.0821678321678,3.16442097936,23.5,12.7218045113,13.3228346457,18.9009194286,0.804294443768,0.440212930129,15.0818280875,1.28355983724,0.628890858944,8.63518578645,0.734909428634,0.414286183346,1.13795297801,0.359608593621,4.28871048205,3.16442097936,1.13795297801,4.28871048205,0.401839098089,0.456824897614,8812,0.0180816835746,0.0914000825962,144,144,144,1,0,0.0763888888889,0.805555555556,0.118055555556,144,1922,0.0933372183372,3.15663882519,26.6944444444,14.4511278195,15.1338582677,21.0188985152,0.78738849797,0.434472193317,16.4721929045,1.23412891688,0.61105330096,10.2645560601,0.769040620528,0.43215256099,1.13070164267,0.358197977434,4.09991137492,3.15663882519,1.13070164267,4.09991137492,0.448911647056,0.52047155638,12818,0.0263017498933,0.116116232293,144,144,144,1,0,0.0763888888889,0.805555555556,0.118055555556,-193,-0.00937257187257,-0.126761694149,-2.68055555556,-0.986828384831,-1.38957923228,-2.1070488288,0.000122205406411,0.00293161018082,-2.24561162204,-0.0402747955626,-0.0113101085492,-0.154944719847,0.0596278014676,0.030448463275,0.00484532539688,0.0153045927724,-0.0455276340171,-0.126761694149,0.00484532539688,-0.0455276340171,-0.0573632158394,-0.0275543518152,-3399,-0.00697453954496,0.000306712629957,0.0277777777778,-0.0347222222222,0.00694444444444,1921,1,194,18476,0.908274231678,0.99994587866,5.41213400444e-05,0.0917257683215,0.999479708637,0.908274231678,0.951696804558,0.947792305642,0.908220110338,0.907844990548,230,423,0,5,4,5
640,WLNM_dir_neg_kfold,0.886875520458,0.675870611018,00:00:19,10,80,12,16357,threshold_sweep,0.1,0.960784313725,0.579196217494,0.722713864307,245,10,178,836,0.579196217494,0.988179669031,0.0118203309693,0.420803782506,0.960784313725,0.579196217494,0.722713864307,0.851851851852,0.599684791174,0.629921259843,0.66747833175,0.567375886525,2154,1731,423,0,2154,0,1731,0,423,144,2115,0.10270979021,3.28340051934,29.375,15.4379562044,16.5234375,23.125947344,0.787266292563,0.431540583136,18.7178045265,1.27440371245,0.622363409509,10.41950078,0.709412819061,0.401704097715,1.12585631727,0.342893384662,4.14543900894,3.28340051934,1.12585631727,4.14543900894,0.506274862896,0.548025908195,16217,0.0332762894383,0.115809519663,144,144,144,1,0,0.0486111111111,0.840277777778,0.111111111111,144,0.0821678321678,3.16442097936,23.5,12.7218045113,13.3228346457,18.9009194286,0.804294443768,0.440212930129,15.0818280875,1.28355983724,0.628890858944,8.63518578645,0.734909428634,0.414286183346,1.13795297801,0.359608593621,4.28871048205,3.16442097936,1.13795297801,4.28871048205,0.401839098089,0.456824897614,8812,0.0180816835746,0.0914000825962,144,144,144,1,0,0.0763888888889,0.805555555556,0.118055555556,144,1947,0.0945512820513,5.33644654645,27.0416666667,13.9071428571,15.3307086614,21.2648549476,0.786373680652,0.433726388176,16.5795259829,1.22622071985,0.605329424185,10.359259059,0.766170161529,0.430473520516,1.93497923435,0.362596948645,8.30599305759,5.33644654645,1.93497923435,8.30599305759,0.452457048765,0.525539009259,13187,0.0270589152631,0.10913841906,144,144,144,1,0,0.0277777777778,0.854166666667,0.118055555556,-168,-0.00815850815851,2.05304602712,-2.33333333333,-1.53081334724,-1.19272883858,-1.86109239641,-0.000892611910931,0.00218580503921,-2.13827854362,-0.0481829925993,-0.0170339853234,-0.0602417209424,0.0567573424687,0.0287694228012,0.809122917079,0.0197035639838,4.16055404865,2.05304602712,0.809122917079,4.16055404865,-0.0538178141308,-0.0224868989357,-3030,-0.00621737417512,-0.00667110060348,-0.0208333333333,0.0138888888889,0.00694444444444,1937,10,178,18467,0.915839243499,0.9994587866,0.000541213400444,0.0841607565012,0.994863893169,0.915839243499,0.953717380601,0.949662465627,0.915298030098,0.911529411765,255,423,0,5,4,5
641,WLNM_dir_neg_kfold,0.886875520458,0.675870611018,00:00:19,10,80,12,16357,threshold_sweep,0.2,0.960784313725,0.579196217494,0.722713864307,245,10,178,836,0.579196217494,0.988179669031,0.0118203309693,0.420803782506,0.960784313725,0.579196217494,0.722713864307,0.851851851852,0.599684791174,0.629921259843,0.66747833175,0.567375886525,2154,1731,423,0,2154,0,1731,0,423,144,2115,0.10270979021,3.28340051934,29.375,15.4379562044,16.5234375,23.125947344,0.787266292563,0.431540583136,18.7178045265,1.27440371245,0.622363409509,10.41950078,0.709412819061,0.401704097715,1.12585631727,0.342893384662,4.14543900894,3.28340051934,1.12585631727,4.14543900894,0.506274862896,0.548025908195,16217,0.0332762894383,0.115809519663,144,144,144,1,0,0.0486111111111,0.840277777778,0.111111111111,144,0.0821678321678,3.16442097936,23.5,12.7218045113,13.3228346457,18.9009194286,0.804294443768,0.440212930129,15.0818280875,1.28355983724,0.628890858944,8.63518578645,0.734909428634,0.414286183346,1.13795297801,0.359608593621,4.28871048205,3.16442097936,1.13795297801,4.28871048205,0.401839098089,0.456824897614,8812,0.0180816835746,0.0914000825962,144,144,144,1,0,0.0763888888889,0.805555555556,0.118055555556,144,1947,0.0945512820513,5.33644654645,27.0416666667,13.9071428571,15.3307086614,21.2648549476,0.786373680652,0.433726388176,16.5795259829,1.22622071985,0.605329424185,10.359259059,0.766170161529,0.430473520516,1.93497923435,0.362596948645,8.30599305759,5.33644654645,1.93497923435,8.30599305759,0.452457048765,0.525539009259,13187,0.0270589152631,0.10913841906,144,144,144,1,0,0.0277777777778,0.854166666667,0.118055555556,-168,-0.00815850815851,2.05304602712,-2.33333333333,-1.53081334724,-1.19272883858,-1.86109239641,-0.000892611910931,0.00218580503921,-2.13827854362,-0.0481829925993,-0.0170339853234,-0.0602417209424,0.0567573424687,0.0287694228012,0.809122917079,0.0197035639838,4.16055404865,2.05304602712,0.809122917079,4.16055404865,-0.0538178141308,-0.0224868989357,-3030,-0.00621737417512,-0.00667110060348,-0.0208333333333,0.0138888888889,0.00694444444444,1937,10,178,18467,0.915839243499,0.9994587866,0.000541213400444,0.0841607565012,0.994863893169,0.915839243499,0.953717380601,0.949662465627,0.915298030098,0.911529411765,255,423,0,5,4,5
642,WLNM_dir_neg_kfold,0.886875520458,0.675870611018,00:00:19,10,80,12,16357,threshold_sweep,0.3,0.960317460317,0.572104018913,0.717037037037,242,10,181,836,0.572104018913,0.988179669031,0.0118203309693,0.427895981087,0.960317460317,0.572104018913,0.717037037037,0.849487785658,0.600472813239,0.623274161736,0.662067999286,0.560283687943,2154,1731,423,0,2154,0,1731,0,423,144,2115,0.10270979021,3.28340051934,29.375,15.4379562044,16.5234375,23.125947344,0.787266292563,0.431540583136,18.7178045265,1.27440371245,0.622363409509,10.41950078,0.709412819061,0.401704097715,1.12585631727,0.342893384662,4.14543900894,3.28340051934,1.12585631727,4.14543900894,0.506274862896,0.548025908195,16217,0.0332762894383,0.115809519663,144,144,144,1,0,0.0486111111111,0.840277777778,0.111111111111,144,0.0821678321678,3.16442097936,23.5,12.7218045113,13.3228346457,18.9009194286,0.804294443768,0.440212930129,15.0818280875,1.28355983724,0.628890858944,8.63518578645,0.734909428634,0.414286183346,1.13795297801,0.359608593621,4.28871048205,3.16442097936,1.13795297801,4.28871048205,0.401839098089,0.456824897614,8812,0.0180816835746,0.0914000825962,144,144,144,1,0,0.0763888888889,0.805555555556,0.118055555556,144,1944,0.0944055944056,5.34421535052,27,13.8857142857,15.3070866142,21.2326440846,0.786394225357,0.433709847965,16.5656143991,1.22708254808,0.605731310014,10.344418447,0.766253218298,0.430419810242,1.94159708432,0.363308167238,8.32236784809,5.34421535052,1.94159708432,8.32236784809,0.452337966056,0.525027986566,13132,0.0269460586362,0.108921062236,144,144,144,1,0,0.0277777777778,0.854166666667,0.118055555556,-171,-0.0083041958042,2.06081483118,-2.375,-1.55224191867,-1.21635088583,-1.8933032594,-0.000872067205968,0.00216926482892,-2.15219012744,-0.0473211643639,-0.0166320994951,-0.0750823329383,0.0568403992368,0.0287157125276,0.81574076705,0.0204147825768,4.17692883916,2.06081483118,0.81574076705,4.17692883916,-0.0539368968394,-0.0229979216284,-3085,-0.00633023080206,-0.0068884574275,-0.0208333333333,0.0138888888889,0.00694444444444,1934,10,181,18467,0.914420803783,0.9994587866,0.000541213400444,0.0855791962175,0.994855967078,0.914420803783,0.952944074895,0.948845785823,0.913879590382,0.910117647059,252,423,0,5,4,5
643,WLNM_dir_neg_kfold,0.886875520458,0.675870611018,00:00:19,10,80,12,16357,threshold_sweep,0.4,0.971659919028,0.567375886525,0.716417910448,240,7,183,839,0.567375886525,0.991725768322,0.00827423167849,0.432624113475,0.971659919028,0.567375886525,0.716417910448,0.850275807723,0.601786183346,0.62401055409,0.665690284107,0.559101654846,2154,1731,423,0,2154,0,1731,0,423,144,2115,0.10270979021,3.28340051934,29.375,15.4379562044,16.5234375,23.125947344,0.787266292563,0.431540583136,18.7178045265,1.27440371245,0.622363409509,10.41950078,0.709412819061,0.401704097715,1.12585631727,0.342893384662,4.14543900894,3.28340051934,1.12585631727,4.14543900894,0.506274862896,0.548025908195,16217,0.0332762894383,0.115809519663,144,144,144,1,0,0.0486111111111,0.840277777778,0.111111111111,144,0.0821678321678,3.16442097936,23.5,12.7218045113,13.3228346457,18.9009194286,0.804294443768,0.440212930129,15.0818280875,1.28355983724,0.628890858944,8.63518578645,0.734909428634,0.414286183346,1.13795297801,0.359608593621,4.28871048205,3.16442097936,1.13795297801,4.28871048205,0.401839098089,0.456824897614,8812,0.0180816835746,0.0914000825962,144,144,144,1,0,0.0763888888889,0.805555555556,0.118055555556,144,1939,0.0941627816628,4.27271527755,26.9305555556,14.2573529412,15.2677165354,21.252281746,0.789151256168,0.435061028021,16.5925727737,1.23224882899,0.609488711249,10.292853923,0.764399672467,0.429835682769,1.73050592145,0.405013161197,7.22910653737,4.27271527755,1.73050592145,7.22910653737,0.455469494118,0.526185671714,13125,0.0269316950655,0.111404797764,144,144,144,1,0,0.0555555555556,0.826388888889,0.118055555556,-176,-0.00854700854701,0.989314758214,-2.44444444444,-1.1806032632,-1.25572096457,-1.87366559809,0.00188496360435,0.00352044488499,-2.12523175283,-0.0421548834536,-0.0128746982602,-0.12664685695,0.0549868534059,0.0281315850542,0.60464960418,0.0621197765352,3.08366752843,0.989314758214,0.60464960418,3.08366752843,-0.0508053687779,-0.0218402364813,-3092,-0.00634459437276,-0.00440472189873,0.00694444444444,-0.0138888888889,0.00694444444444,1932,7,183,18470,0.913475177305,0.99962115062,0.000378849380311,0.086524822695,0.996389891697,0.913475177305,0.953132708436,0.949126855358,0.913096327925,0.910461828464,247,423,0,5,4,5
644,WLNM_dir_neg_kfold,0.886875520458,0.675870611018,00:00:19,10,80,12,16357,threshold_sweep,0.5,0.971659919028,0.567375886525,0.716417910448,240,7,183,839,0.567375886525,0.991725768322,0.00827423167849,0.432624113475,0.971659919028,0.567375886525,0.716417910448,0.850275807723,0.601786183346,0.62401055409,0.665690284107,0.559101654846,2154,1731,423,0,2154,0,1731,0,423,144,2115,0.10270979021,3.28340051934,29.375,15.4379562044,16.5234375,23.125947344,0.787266292563,0.431540583136,18.7178045265,1.27440371245,0.622363409509,10.41950078,0.709412819061,0.401704097715,1.12585631727,0.342893384662,4.14543900894,3.28340051934,1.12585631727,4.14543900894,0.506274862896,0.548025908195,16217,0.0332762894383,0.115809519663,144,144,144,1,0,0.0486111111111,0.840277777778,0.111111111111,144,0.0821678321678,3.16442097936,23.5,12.7218045113,13.3228346457,18.9009194286,0.804294443768,0.440212930129,15.0818280875,1.28355983724,0.628890858944,8.63518578645,0.734909428634,0.414286183346,1.13795297801,0.359608593621,4.28871048205,3.16442097936,1.13795297801,4.28871048205,0.401839098089,0.456824897614,8812,0.0180816835746,0.0914000825962,144,144,144,1,0,0.0763888888889,0.805555555556,0.118055555556,144,1939,0.0941627816628,4.27271527755,26.9305555556,14.2573529412,15.2677165354,21.252281746,0.789151256168,0.435061028021,16.5925727737,1.23224882899,0.609488711249,10.292853923,0.764399672467,0.429835682769,1.73050592145,0.405013161197,7.22910653737,4.27271527755,1.73050592145,7.22910653737,0.455469494118,0.526185671714,13125,0.0269316950655,0.111404797764,144,144,144,1,0,0.0555555555556,0.826388888889,0.118055555556,-176,-0.00854700854701,0.989314758214,-2.44444444444,-1.1806032632,-1.25572096457,-1.87366559809,0.00188496360435,0.00352044488499,-2.12523175283,-0.0421548834536,-0.0128746982602,-0.12664685695,0.0549868534059,0.0281315850542,0.60464960418,0.0621197765352,3.08366752843,0.989314758214,0.60464960418,3.08366752843,-0.0508053687779,-0.0218402364813,-3092,-0.00634459437276,-0.00440472189873,0.00694444444444,-0.0138888888889,0.00694444444444,1932,7,183,18470,0.913475177305,0.99962115062,0.000378849380311,0.086524822695,0.996389891697,0.913475177305,0.953132708436,0.949126855358,0.913096327925,0.910461828464,247,423,0,5,4,5
645,WLNM_dir_neg_kfold,0.886875520458,0.675870611018,00:00:19,10,80,12,16357,threshold_sweep,0.6,0.971074380165,0.555555555556,0.706766917293,235,7,188,839,0.555555555556,0.991725768322,0.00827423167849,0.444444444444,0.971074380165,0.555555555556,0.706766917293,0.8463356974,0.603099553454,0.612839179351,0.656709181747,0.547281323877,2154,1731,423,0,2154,0,1731,0,423,144,2115,0.10270979021,3.28340051934,29.375,15.4379562044,16.5234375,23.125947344,0.787266292563,0.431540583136,18.7178045265,1.27440371245,0.622363409509,10.41950078,0.709412819061,0.401704097715,1.12585631727,0.342893384662,4.14543900894,3.28340051934,1.12585631727,4.14543900894,0.506274862896,0.548025908195,16217,0.0332762894383,0.115809519663,144,144,144,1,0,0.0486111111111,0.840277777778,0.111111111111,144,0.0821678321678,3.16442097936,23.5,12.7218045113,13.3228346457,18.9009194286,0.804294443768,0.440212930129,15.0818280875,1.28355983724,0.628890858944,8.63518578645,0.734909428634,0.414286183346,1.13795297801,0.359608593621,4.28871048205,3.16442097936,1.13795297801,4.28871048205,0.401839098089,0.456824897614,8812,0.0180816835746,0.0914000825962,144,144,144,1,0,0.0763888888889,0.805555555556,0.118055555556,144,1934,0.09391996892,4.12301154345,26.8611111111,14.3259259259,15.2283464567,21.1800840318,0.788503645446,0.434857233138,16.5430790793,1.23174942472,0.609918993451,10.2729550414,0.764894274027,0.429923589567,1.62022547828,0.392971366004,6.91465615442,4.12301154345,1.62022547828,6.91465615442,0.453214270075,0.523548387097,12984,0.0266423717128,0.112137672607,144,144,144,1,0,0.0625,0.819444444444,0.118055555556,-181,-0.00878982128982,0.839611024114,-2.51388888889,-1.11203027845,-1.29509104331,-1.9458633122,0.00123735288293,0.00331665000167,-2.17472544725,-0.0426542877208,-0.0124444160583,-0.146545738508,0.0554814549663,0.0282194918521,0.494369161005,0.0500779813424,2.76921714548,0.839611024114,0.494369161005,2.76921714548,-0.0530605928205,-0.0244775210981,-3233,-0.00663391772547,-0.00367184705599,0.0138888888889,-0.0208333333333,0.00694444444444,1927,7,188,18470,0.911111111111,0.99962115062,0.000378849380311,0.0888888888889,0.996380558428,0.911111111111,0.951839960484,0.947765416134,0.910732261731,0.908105560792,242,423,0,5,4,5
646,WLNM_dir_neg_kfold,0.886875520458,0.675870611018,00:00:19,10,80,12,16357,threshold_sweep,0.7,0.971074380165,0.555555555556,0.706766917293,235,7,188,839,0.555555555556,0.991725768322,0.00827423167849,0.444444444444,0.971074380165,0.555555555556,0.706766917293,0.8463356974,0.603099553454,0.612839179351,0.656709181747,0.547281323877,2154,1731,423,0,2154,0,1731,0,423,144,2115,0.10270979021,3.28340051934,29.375,15.4379562044,16.5234375,23.125947344,0.787266292563,0.431540583136,18.7178045265,1.27440371245,0.622363409509,10.41950078,0.709412819061,0.401704097715,1.12585631727,0.342893384662,4.14543900894,3.28340051934,1.12585631727,4.14543900894,0.506274862896,0.548025908195,16217,0.0332762894383,0.115809519663,144,144,144,1,0,0.0486111111111,0.840277777778,0.111111111111,144,0.0821678321678,3.16442097936,23.5,12.7218045113,13.3228346457,18.9009194286,0.804294443768,0.440212930129,15.0818280875,1.28355983724,0.628890858944,8.63518578645,0.734909428634,0.414286183346,1.13795297801,0.359608593621,4.28871048205,3.16442097936,1.13795297801,4.28871048205,0.401839098089,0.456824897614,8812,0.0180816835746,0.0914000825962,144,144,144,1,0,0.0763888888889,0.805555555556,0.118055555556,144,1934,0.09391996892,4.12301154345,26.8611111111,14.3259259259,15.2283464567,21.1800840318,0.788503645446,0.434857233138,16.5430790793,1.23174942472,0.609918993451,10.2729550414,0.764894274027,0.429923589567,1.62022547828,0.392971366004,6.91465615442,4.12301154345,1.62022547828,6.91465615442,0.453214270075,0.523548387097,12984,0.0266423717128,0.112137672607,144,144,144,1,0,0.0625,0.819444444444,0.118055555556,-181,-0.00878982128982,0.839611024114,-2.51388888889,-1.11203027845,-1.29509104331,-1.9458633122,0.00123735288293,0.00331665000167,-2.17472544725,-0.0426542877208,-0.0124444160583,-0.146545738508,0.0554814549663,0.0282194918521,0.494369161005,0.0500779813424,2.76921714548,0.839611024114,0.494369161005,2.76921714548,-0.0530605928205,-0.0244775210981,-3233,-0.00663391772547,-0.00367184705599,0.0138888888889,-0.0208333333333,0.00694444444444,1927,7,188,18470,0.911111111111,0.99962115062,0.000378849380311,0.0888888888889,0.996380558428,0.911111111111,0.951839960484,0.947765416134,0.910732261731,0.908105560792,242,423,0,5,4,5
647,WLNM_dir_neg_kfold,0.886875520458,0.675870611018,00:00:19,10,80,12,16357,threshold_sweep,0.8,0.971074380165,0.555555555556,0.706766917293,235,7,188,839,0.555555555556,0.991725768322,0.00827423167849,0.444444444444,0.971074380165,0.555555555556,0.706766917293,0.8463356974,0.603099553454,0.612839179351,0.656709181747,0.547281323877,2154,1731,423,0,2154,0,1731,0,423,144,2115,0.10270979021,3.28340051934,29.375,15.4379562044,16.5234375,23.125947344,0.787266292563,0.431540583136,18.7178045265,1.27440371245,0.622363409509,10.41950078,0.709412819061,0.401704097715,1.12585631727,0.342893384662,4.14543900894,3.28340051934,1.12585631727,4.14543900894,0.506274862896,0.548025908195,16217,0.0332762894383,0.115809519663,144,144,144,1,0,0.0486111111111,0.840277777778,0.111111111111,144,0.0821678321678,3.16442097936,23.5,12.7218045113,13.3228346457,18.9009194286,0.804294443768,0.440212930129,15.0818280875,1.28355983724,0.628890858944,8.63518578645,0.734909428634,0.414286183346,1.13795297801,0.359608593621,4.28871048205,3.16442097936,1.13795297801,4.28871048205,0.401839098089,0.456824897614,8812,0.0180816835746,0.0914000825962,144,144,144,1,0,0.0763888888889,0.805555555556,0.118055555556,144,1934,0.09391996892,4.12301154345,26.8611111111,14.3259259259,15.2283464567,21.1800840318,0.788503645446,0.434857233138,16.5430790793,1.23174942472,0.609918993451,10.2729550414,0.764894274027,0.429923589567,1.62022547828,0.392971366004,6.91465615442,4.12301154345,1.62022547828,6.91465615442,0.453214270075,0.523548387097,12984,0.0266423717128,0.112137672607,144,144,144,1,0,0.0625,0.819444444444,0.118055555556,-181,-0.00878982128982,0.839611024114,-2.51388888889,-1.11203027845,-1.29509104331,-1.9458633122,0.00123735288293,0.00331665000167,-2.17472544725,-0.0426542877208,-0.0124444160583,-0.146545738508,0.0554814549663,0.0282194918521,0.494369161005,0.0500779813424,2.76921714548,0.839611024114,0.494369161005,2.76921714548,-0.0530605928205,-0.0244775210981,-3233,-0.00663391772547,-0.00367184705599,0.0138888888889,-0.0208333333333,0.00694444444444,1927,7,188,18470,0.911111111111,0.99962115062,0.000378849380311,0.0888888888889,0.996380558428,0.911111111111,0.951839960484,0.947765416134,0.910732261731,0.908105560792,242,423,0,5,4,5
648,WLNM_dir_neg_kfold,0.886875520458,0.675870611018,00:00:19,10,80,12,16357,threshold_sweep,0.9,0.974789915966,0.548463356974,0.701966717095,232,6,191,840,0.548463356974,0.992907801418,0.00709219858156,0.451536643026,0.974789915966,0.548463356974,0.701966717095,0.84475965327,0.60415024954,0.607830126078,0.653781562892,0.541371158392,2154,1731,423,0,2154,0,1731,0,423,144,2115,0.10270979021,3.28340051934,29.375,15.4379562044,16.5234375,23.125947344,0.787266292563,0.431540583136,18.7178045265,1.27440371245,0.622363409509,10.41950078,0.709412819061,0.401704097715,1.12585631727,0.342893384662,4.14543900894,3.28340051934,1.12585631727,4.14543900894,0.506274862896,0.548025908195,16217,0.0332762894383,0.115809519663,144,144,144,1,0,0.0486111111111,0.840277777778,0.111111111111,144,0.0821678321678,3.16442097936,23.5,12.7218045113,13.3228346457,18.9009194286,0.804294443768,0.440212930129,15.0818280875,1.28355983724,0.628890858944,8.63518578645,0.734909428634,0.414286183346,1.13795297801,0.359608593621,4.28871048205,3.16442097936,1.13795297801,4.28871048205,0.401839098089,0.456824897614,8812,0.0180816835746,0.0914000825962,144,144,144,1,0,0.0763888888889,0.805555555556,0.118055555556,144,1930,0.0937257187257,4.11712185277,26.8055555556,14.2962962963,15.1968503937,21.1667630268,0.789640900481,0.435366292458,16.5319438378,1.23347145733,0.610297927461,10.2631934155,0.765751218563,0.430274899252,1.61762362027,0.392901565249,6.90879310899,4.11712185277,1.61762362027,6.90879310899,0.453237213749,0.52405185993,12975,0.0266239042647,0.112454964495,144,144,144,1,0,0.0625,0.819444444444,0.118055555556,-185,-0.00898407148407,0.833721333432,-2.56944444444,-1.14165990808,-1.3265871063,-1.95918431726,0.00237460791775,0.00382570932193,-2.18586068877,-0.0409322551194,-0.0120654820477,-0.156307364496,0.056338399502,0.0285708015368,0.491767302998,0.0500081805873,2.76335410005,0.833721333432,0.491767302998,2.76335410005,-0.0530376491467,-0.0239740482652,-3242,-0.00665238517351,-0.00335455516822,0.0138888888889,-0.0208333333333,0.00694444444444,1924,6,191,18471,0.909692671395,0.99967527196,0.000324728040266,0.0903073286052,0.99689119171,0.909692671395,0.95129789864,0.947224251838,0.909367943355,0.907119283357,238,423,0,5,4,5
649,WLNM_dir_neg_kfold,0.782307507447,0.418884853906,00:00:19,10,80,13,16358,threshold_sweep,0.1,0.97520661157,0.557919621749,0.70977443609,236,6,187,840,0.557919621749,0.992907801418,0.00709219858156,0.442080378251,0.97520661157,0.557919621749,0.70977443609,0.847911741529,0.603099553454,0.616810059563,0.660964316834,0.550827423168,2154,1731,423,0,2154,0,1731,0,423,144,2115,0.10270979021,3.28340051934,29.375,15.4379562044,16.5234375,23.125947344,0.787266292563,0.431540583136,18.7178045265,1.27440371245,0.622363409509,10.41950078,0.709412819061,0.401704097715,1.12585631727,0.342893384662,4.14543900894,3.28340051934,1.12585631727,4.14543900894,0.506274862896,0.548025908195,16217,0.0332762894383,0.115809519663,144,144,144,1,0,0.0486111111111,0.840277777778,0.111111111111,144,0.0821678321678,3.16442097936,23.5,12.7218045113,13.3228346457,18.9009194286,0.804294443768,0.440212930129,15.0818280875,1.28355983724,0.628890858944,8.63518578645,0.734909428634,0.414286183346,1.13795297801,0.359608593621,4.28871048205,3.16442097936,1.13795297801,4.28871048205,0.401839098089,0.456824897614,8812,0.0180816835746,0.0914000825962,144,144,144,1,0,0.0763888888889,0.805555555556,0.118055555556,144,1934,0.09391996892,11.4630050699,26.8611111111,13.9136690647,15.2283464567,20.9793808568,0.781031758888,0.431844622544,16.4166267319,1.22233415171,0.604209755257,10.2947150389,0.766514459977,0.430993622889,3.84003678678,0.334993901108,18.4125854313,11.4630050699,3.84003678678,18.4125854313,0.445404203243,0.516445773396,12781,0.0262258281624,0.111948115933,144,144,144,1,0,0.0347222222222,0.847222222222,0.118055555556,-181,-0.00878982128982,8.17960455054,-2.51388888889,-1.52428713963,-1.29509104331,-2.14656648725,-0.00623453367527,0.000304039407622,-2.30117779461,-0.0520695607397,-0.018153654252,-0.124785741104,0.0571016409157,0.0292895251739,2.7141804695,-0.00789948355385,14.2671464224,8.17960455054,2.7141804695,14.2671464224,-0.0608706596527,-0.031580134799,-3436,-0.00705046127581,-0.00386140372981,-0.0138888888889,0.00694444444444,0.00694444444444,1928,6,187,18471,0.91158392435,0.99967527196,0.000324728040266,0.0884160756501,0.99689762151,0.91158392435,0.952333909607,0.948313777481,0.91125919631,0.909005186233,242,423,0,5,4,5
650,WLNM_dir_neg_kfold,0.782307507447,0.418884853906,00:00:19,10,80,13,16358,threshold_sweep,0.2,0.97510373444,0.555555555556,0.707831325301,235,6,188,840,0.555555555556,0.992907801418,0.00709219858156,0.444444444444,0.97510373444,0.555555555556,0.707831325301,0.847123719464,0.603362227476,0.614569536424,0.659170714095,0.548463356974,2154,1731,423,0,2154,0,1731,0,423,144,2115,0.10270979021,3.28340051934,29.375,15.4379562044,16.5234375,23.125947344,0.787266292563,0.431540583136,18.7178045265,1.27440371245,0.622363409509,10.41950078,0.709412819061,0.401704097715,1.12585631727,0.342893384662,4.14543900894,3.28340051934,1.12585631727,4.14543900894,0.506274862896,0.548025908195,16217,0.0332762894383,0.115809519663,144,144,144,1,0,0.0486111111111,0.840277777778,0.111111111111,144,0.0821678321678,3.16442097936,23.5,12.7218045113,13.3228346457,18.9009194286,0.804294443768,0.440212930129,15.0818280875,1.28355983724,0.628890858944,8.63518578645,0.734909428634,0.414286183346,1.13795297801,0.359608593621,4.28871048205,3.16442097936,1.13795297801,4.28871048205,0.401839098089,0.456824897614,8812,0.0180816835746,0.0914000825962,144,144,144,1,0,0.0763888888889,0.805555555556,0.118055555556,144,1933,0.0938714063714,11.4732608562,26.8472222222,13.9064748201,15.2204724409,20.9789503042,0.781419773359,0.431985399782,16.4204289703,1.22324975257,0.604583405185,10.2973822874,0.767109699633,0.431270477669,3.84378051732,0.335020755258,18.427391654,11.4732608562,3.84378051732,18.427391654,0.445490947248,0.516579053781,12775,0.0262135165304,0.112042079603,144,144,144,1,0,0.0347222222222,0.847222222222,0.118055555556,-182,-0.00883838383838,8.18986033687,-2.52777777778,-1.53148138424,-1.30296505906,-2.14699703984,-0.00584651920421,0.000444816645244,-2.29737555626,-0.0511539598739,-0.017780004324,-0.122118492521,0.0576968805722,0.0295663799538,2.71792420004,-0.00787262940386,14.2819526451,8.18986033687,2.71792420004,14.2819526451,-0.0607839156473,-0.031446854414,-3442,-0.00706277290784,-0.00376744006052,-0.0138888888889,0.00694444444444,0.00694444444444,1927,6,188,18471,0.911111111111,0.99967527196,0.000324728040266,0.0888888888889,0.996896016555,0.911111111111,0.952075098814,0.948041469672,0.910786383071,0.908533710514,241,423,0,5,4,5
651,WLNM_dir_neg_kfold,0.782307507447,0.418884853906,00:00:19,10,80,13,16358,threshold_sweep,0.3,0.975,0.553191489362,0.705882352941,234,6,189,840,0.553191489362,0.992907801418,0.00709219858156,0.446808510638,0.975,0.553191489362,0.705882352941,0.8463356974,0.603624901497,0.612326043738,0.657375735134,0.54609929078,2154,1731,423,0,2154,0,1731,0,423,144,2115,0.10270979021,3.28340051934,29.375,15.4379562044,16.5234375,23.125947344,0.787266292563,0.431540583136,18.7178045265,1.27440371245,0.622363409509,10.41950078,0.709412819061,0.401704097715,1.12585631727,0.342893384662,4.14543900894,3.28340051934,1.12585631727,4.14543900894,0.506274862896,0.548025908195,16217,0.0332762894383,0.115809519663,144,144,144,1,0,0.0486111111111,0.840277777778,0.111111111111,144,0.0821678321678,3.16442097936,23.5,12.7218045113,13.3228346457,18.9009194286,0.804294443768,0.440212930129,15.0818280875,1.28355983724,0.628890858944,8.63518578645,0.734909428634,0.414286183346,1.13795297801,0.359608593621,4.28871048205,3.16442097936,1.13795297801,4.28871048205,0.401839098089,0.456824897614,8812,0.0180816835746,0.0914000825962,144,144,144,1,0,0.0763888888889,0.805555555556,0.118055555556,144,1932,0.0938228438228,11.4731869974,26.8333333333,13.8992805755,15.2125984252,20.9631711689,0.781236192628,0.431881901311,16.4144316513,1.22343589947,0.604626754083,10.2898551438,0.766945725006,0.43115942029,3.84375134852,0.335020369614,18.4272844872,11.4731869974,3.84375134852,18.4272844872,0.444969270802,0.515568692554,12733,0.0261273351062,0.111997462039,144,144,144,1,0,0.0347222222222,0.847222222222,0.118055555556,-183,-0.00888694638695,8.18978647807,-2.54166666667,-1.53867562884,-1.3108390748,-2.16277617519,-0.00603009993517,0.000341318174921,-2.30337287529,-0.0509678129731,-0.0177366554255,-0.12964563612,0.0575329059456,0.0294553225751,2.71789503125,-0.00787301504753,14.2818454782,8.18978647807,2.71789503125,14.2818454782,-0.0613055920935,-0.0324572156411,-3484,-0.00714895433205,-0.00381205762417,-0.0138888888889,0.00694444444444,0.00694444444444,1926,6,189,18471,0.910638297872,0.99967527196,0.000324728040266,0.0893617021277,0.996894409938,0.910638297872,0.951816160119,0.947769112826,0.910313569832,0.908062234795,240,423,0,5,4,5
652,WLNM_dir_neg_kfold,0.782307507447,0.418884853906,00:00:19,10,80,13,16358,threshold_sweep,0.4,0.974789915966,0.548463356974,0.701966717095,232,6,191,840,0.548463356974,0.992907801418,0.00709219858156,0.451536643026,0.974789915966,0.548463356974,0.701966717095,0.84475965327,0.60415024954,0.607830126078,0.653781562892,0.541371158392,2154,1731,423,0,2154,0,1731,0,423,144,2115,0.10270979021,3.28340051934,29.375,15.4379562044,16.5234375,23.125947344,0.787266292563,0.431540583136,18.7178045265,1.27440371245,0.622363409509,10.41950078,0.709412819061,0.401704097715,1.12585631727,0.342893384662,4.14543900894,3.28340051934,1.12585631727,4.14543900894,0.506274862896,0.548025908195,16217,0.0332762894383,0.115809519663,144,144,144,1,0,0.0486111111111,0.840277777778,0.111111111111,144,0.0821678321678,3.16442097936,23.5,12.7218045113,13.3228346457,18.9009194286,0.804294443768,0.440212930129,15.0818280875,1.28355983724,0.628890858944,8.63518578645,0.734909428634,0.414286183346,1.13795297801,0.359608593621,4.28871048205,3.16442097936,1.13795297801,4.28871048205,0.401839098089,0.456824897614,8812,0.0180816835746,0.0914000825962,144,144,144,1,0,0.0763888888889,0.805555555556,0.118055555556,144,1930,0.0937257187257,11.3808461569,26.8055555556,13.8848920863,15.1968503937,20.9726021001,0.7823975913,0.432333045481,16.4215956417,1.22523822404,0.605318077145,10.2842941185,0.767325571539,0.431303972366,3.85261142239,0.338517133899,18.3461371871,11.3808461569,3.85261142239,18.3461371871,0.445619312146,0.516017023576,12731,0.0261232312289,0.111834894995,144,144,144,1,0,0.0347222222222,0.847222222222,0.118055555556,-185,-0.00898407148407,8.09744563759,-2.56944444444,-1.55306411805,-1.3265871063,-2.15334524392,-0.00486870126327,0.000792462344386,-2.29620888486,-0.0491654884028,-0.0170453323643,-0.135206661412,0.0579127524782,0.0295998746514,2.72675510512,-0.00437625076229,14.2006981781,8.09744563759,2.72675510512,14.2006981781,-0.0606555507497,-0.0320088846186,-3486,-0.0071530582094,-0.00397462466799,-0.0138888888889,0.00694444444444,0.00694444444444,1924,6,191,18471,0.909692671395,0.99967527196,0.000324728040266,0.0903073286052,0.99689119171,0.909692671395,0.95129789864,0.947224251838,0.909367943355,0.907119283357,238,423,0,5,4,5
653,WLNM_dir_neg_kfold,0.782307507447,0.418884853906,00:00:19,10,80,13,16358,threshold_sweep,0.5,0.987012987013,0.539007092199,0.697247706422,228,3,195,843,0.539007092199,0.996453900709,0.00354609929078,0.460992907801,0.987012987013,0.539007092199,0.697247706422,0.843971631206,0.605988967691,0.604,0.654151795058,0.535460992908,2154,1731,423,0,2154,0,1731,0,423,144,2115,0.10270979021,3.28340051934,29.375,15.4379562044,16.5234375,23.125947344,0.787266292563,0.431540583136,18.7178045265,1.27440371245,0.622363409509,10.41950078,0.709412819061,0.401704097715,1.12585631727,0.342893384662,4.14543900894,3.28340051934,1.12585631727,4.14543900894,0.506274862896,0.548025908195,16217,0.0332762894383,0.115809519663,144,144,144,1,0,0.0486111111111,0.840277777778,0.111111111111,144,0.0821678321678,3.16442097936,23.5,12.7218045113,13.3228346457,18.9009194286,0.804294443768,0.440212930129,15.0818280875,1.28355983724,0.628890858944,8.63518578645,0.734909428634,0.414286183346,1.13795297801,0.359608593621,4.28871048205,3.16442097936,1.13795297801,4.28871048205,0.401839098089,0.456824897614,8812,0.0180816835746,0.0914000825962,144,144,144,1,0,0.0763888888889,0.805555555556,0.118055555556,144,1923,0.0933857808858,8.16293816986,26.7083333333,14.1397058824,15.1417322835,20.9784688156,0.785465291067,0.433657624083,16.4459142162,1.23151931728,0.60920797943,10.2243838189,0.765632485656,0.430371381522,2.92234679614,0.358001829161,12.9211047931,8.16293816986,2.92234679614,12.9211047931,0.44830052927,0.516218306133,12684,0.0260267901113,0.112566829612,144,144,144,1,0,0.0555555555556,0.826388888889,0.118055555556,-192,-0.00932400932401,4.87953765053,-2.66666666667,-1.29825032203,-1.38170521654,-2.14747852847,-0.0018010014963,0.00211704094641,-2.27189031037,-0.0428843951657,-0.0131554300785,-0.195116961088,0.0562196665954,0.0286672838072,1.79649047886,0.0151084444995,8.77566578415,4.87953765053,1.79649047886,8.77566578415,-0.0579743336257,-0.0318076020616,-3533,-0.00724949932696,-0.00324269005064,0.00694444444444,-0.0138888888889,0.00694444444444,1920,3,195,18474,0.90780141844,0.99983763598,0.000162364020133,0.0921985815603,0.998439937598,0.90780141844,0.950965824666,0.946964983173,0.90763905442,0.906515580737,231,423,0,5,4,5
654,WLNM_dir_neg_kfold,0.782307507447,0.418884853906,00:00:19,10,80,13,16358,threshold_sweep,0.6,0.991266375546,0.536643026005,0.696319018405,227,2,196,844,0.536643026005,0.997635933806,0.00236406619385,0.463356973995,0.991266375546,0.536643026005,0.696319018405,0.843971631206,0.606514315734,0.60347129506,0.654921165705,0.534278959811,2154,1731,423,0,2154,0,1731,0,423,144,2115,0.10270979021,3.28340051934,29.375,15.4379562044,16.5234375,23.125947344,0.787266292563,0.431540583136,18.7178045265,1.27440371245,0.622363409509,10.41950078,0.709412819061,0.401704097715,1.12585631727,0.342893384662,4.14543900894,3.28340051934,1.12585631727,4.14543900894,0.506274862896,0.548025908195,16217,0.0332762894383,0.115809519663,144,144,144,1,0,0.0486111111111,0.840277777778,0.111111111111,144,0.0821678321678,3.16442097936,23.5,12.7218045113,13.3228346457,18.9009194286,0.804294443768,0.440212930129,15.0818280875,1.28355983724,0.628890858944,8.63518578645,0.734909428634,0.414286183346,1.13795297801,0.359608593621,4.28871048205,3.16442097936,1.13795297801,4.28871048205,0.401839098089,0.456824897614,8812,0.0180816835746,0.0914000825962,144,144,144,1,0,0.0763888888889,0.805555555556,0.118055555556,144,1921,0.0932886557887,4.01327880588,26.6805555556,14.3358208955,15.125984252,20.9853937808,0.786542609172,0.434065735439,16.4568361864,1.23362020345,0.610753224594,10.2207544194,0.766157541068,0.430559170571,1.55714987761,0.387999427134,6.68214681048,4.01327880588,1.55714987761,6.68214681048,0.448696695058,0.516603512203,12679,0.0260165304179,0.114221060808,144,144,144,1,0,0.0694444444444,0.8125,0.118055555556,-194,-0.00942113442113,0.729878286545,-2.69444444444,-1.10213530886,-1.39745324803,-2.14055356321,-0.000723683390752,0.00252515230239,-2.26096834017,-0.0407835089902,-0.0116101849151,-0.198746360573,0.0567447220069,0.0288550728561,0.431293560337,0.0451060424727,2.53670780154,0.729878286545,0.431293560337,2.53670780154,-0.0575781678378,-0.0314223959918,-3538,-0.00725975902032,-0.00158845885469,0.0208333333333,-0.0277777777778,0.00694444444444,1919,2,196,18475,0.907328605201,0.99989175732,0.000108242680089,0.0926713947991,0.998958875586,0.907328605201,0.950941526264,0.946970026074,0.907220362521,0.906471421823,229,423,0,5,4,5
655,WLNM_dir_neg_kfold,0.782307507447,0.418884853906,00:00:19,10,80,13,16358,threshold_sweep,0.7,0.991266375546,0.536643026005,0.696319018405,227,2,196,844,0.536643026005,0.997635933806,0.00236406619385,0.463356973995,0.991266375546,0.536643026005,0.696319018405,0.843971631206,0.606514315734,0.60347129506,0.654921165705,0.534278959811,2154,1731,423,0,2154,0,1731,0,423,144,2115,0.10270979021,3.28340051934,29.375,15.4379562044,16.5234375,23.125947344,0.787266292563,0.431540583136,18.7178045265,1.27440371245,0.622363409509,10.41950078,0.709412819061,0.401704097715,1.12585631727,0.342893384662,4.14543900894,3.28340051934,1.12585631727,4.14543900894,0.506274862896,0.548025908195,16217,0.0332762894383,0.115809519663,144,144,144,1,0,0.0486111111111,0.840277777778,0.111111111111,144,0.0821678321678,3.16442097936,23.5,12.7218045113,13.3228346457,18.9009194286,0.804294443768,0.440212930129,15.0818280875,1.28355983724,0.628890858944,8.63518578645,0.734909428634,0.414286183346,1.13795297801,0.359608593621,4.28871048205,3.16442097936,1.13795297801,4.28871048205,0.401839098089,0.456824897614,8812,0.0180816835746,0.0914000825962,144,144,144,1,0,0.0763888888889,0.805555555556,0.118055555556,144,1921,0.0932886557887,4.01327880588,26.6805555556,14.3358208955,15.125984252,20.9853937808,0.786542609172,0.434065735439,16.4568361864,1.23362020345,0.610753224594,10.2207544194,0.766157541068,0.430559170571,1.55714987761,0.387999427134,6.68214681048,4.01327880588,1.55714987761,6.68214681048,0.448696695058,0.516603512203,12679,0.0260165304179,0.114221060808,144,144,144,1,0,0.0694444444444,0.8125,0.118055555556,-194,-0.00942113442113,0.729878286545,-2.69444444444,-1.10213530886,-1.39745324803,-2.14055356321,-0.000723683390752,0.00252515230239,-2.26096834017,-0.0407835089902,-0.0116101849151,-0.198746360573,0.0567447220069,0.0288550728561,0.431293560337,0.0451060424727,2.53670780154,0.729878286545,0.431293560337,2.53670780154,-0.0575781678378,-0.0314223959918,-3538,-0.00725975902032,-0.00158845885469,0.0208333333333,-0.0277777777778,0.00694444444444,1919,2,196,18475,0.907328605201,0.99989175732,0.000108242680089,0.0926713947991,0.998958875586,0.907328605201,0.950941526264,0.946970026074,0.907220362521,0.906471421823,229,423,0,5,4,5
656,WLNM_dir_neg_kfold,0.782307507447,0.418884853906,00:00:19,10,80,13,16358,threshold_sweep,0.8,0.991189427313,0.531914893617,0.692307692308,225,2,198,844,0.531914893617,0.997635933806,0.00236406619385,0.468085106383,0.991189427313,0.531914893617,0.692307692308,0.842395587076,0.607039663777,0.598930481283,0.651352715533,0.529550827423,2154,1731,423,0,2154,0,1731,0,423,144,2115,0.10270979021,3.28340051934,29.375,15.4379562044,16.5234375,23.125947344,0.787266292563,0.431540583136,18.7178045265,1.27440371245,0.622363409509,10.41950078,0.709412819061,0.401704097715,1.12585631727,0.342893384662,4.14543900894,3.28340051934,1.12585631727,4.14543900894,0.506274862896,0.548025908195,16217,0.0332762894383,0.115809519663,144,144,144,1,0,0.0486111111111,0.840277777778,0.111111111111,144,0.0821678321678,3.16442097936,23.5,12.7218045113,13.3228346457,18.9009194286,0.804294443768,0.440212930129,15.0818280875,1.28355983724,0.628890858944,8.63518578645,0.734909428634,0.414286183346,1.13795297801,0.359608593621,4.28871048205,3.16442097936,1.13795297801,4.28871048205,0.401839098089,0.456824897614,8812,0.0180816835746,0.0914000825962,144,144,144,1,0,0.0763888888889,0.805555555556,0.118055555556,144,1919,0.0931915306915,4.01581248093,26.6527777778,14.3208955224,15.1102362205,20.9802835997,0.787170619685,0.434478316253,16.4545697358,1.23473582176,0.611273956343,10.2116277211,0.766271178657,0.430580887036,1.55578300251,0.387414255496,6.68139620572,4.01581248093,1.55578300251,6.68139620572,0.448656702225,0.515725751598,12637,0.0259303489937,0.114394156413,144,144,144,1,0,0.0694444444444,0.8125,0.118055555556,-196,-0.00951825951826,0.732411961594,-2.72222222222,-1.11706068199,-1.41320127953,-2.14566374438,-9.56728780338e-05,0.00293773311635,-2.26323479074,-0.0396678906862,-0.0110894531658,-0.207873058831,0.0568583595958,0.0288767893213,0.429926685235,0.0445208708342,2.53595719678,0.732411961594,0.429926685235,2.53595719678,-0.0576181606705,-0.0323001565965,-3580,-0.00734594044453,-0.00141536325001,0.0208333333333,-0.0277777777778,0.00694444444444,1917,2,198,18475,0.906382978723,0.99989175732,0.000108242680089,0.0936170212766,0.998957790516,0.906382978723,0.950421417947,0.946425106793,0.906274736043,0.90552668871,227,423,0,5,4,5
657,WLNM_dir_neg_kfold,0.782307507447,0.418884853906,00:00:19,10,80,13,16358,threshold_sweep,0.9,0.991111111111,0.527186761229,0.688271604938,223,2,200,844,0.527186761229,0.997635933806,0.00236406619385,0.472813238771,0.991111111111,0.527186761229,0.688271604938,0.840819542947,0.60756501182,0.59437751004,0.647778402108,0.524822695035,2154,1731,423,0,2154,0,1731,0,423,144,2115,0.10270979021,3.28340051934,29.375,15.4379562044,16.5234375,23.125947344,0.787266292563,0.431540583136,18.7178045265,1.27440371245,0.622363409509,10.41950078,0.709412819061,0.401704097715,1.12585631727,0.342893384662,4.14543900894,3.28340051934,1.12585631727,4.14543900894,0.506274862896,0.548025908195,16217,0.0332762894383,0.115809519663,144,144,144,1,0,0.0486111111111,0.840277777778,0.111111111111,144,0.0821678321678,3.16442097936,23.5,12.7218045113,13.3228346457,18.9009194286,0.804294443768,0.440212930129,15.0818280875,1.28355983724,0.628890858944,8.63518578645,0.734909428634,0.414286183346,1.13795297801,0.359608593621,4.28871048205,3.16442097936,1.13795297801,4.28871048205,0.401839098089,0.456824897614,8812,0.0180816835746,0.0914000825962,144,144,144,1,0,0.0763888888889,0.805555555556,0.118055555556,144,1917,0.0930944055944,4.00327699978,26.625,14.3059701493,15.094488189,20.976135291,0.787836067269,0.434707007477,16.4616395576,1.23655508414,0.611955167217,10.202473819,0.76638300988,0.430559178114,1.55071991209,0.387362631208,6.66639594504,4.00327699978,1.55071991209,6.66639594504,0.449057405713,0.516213859444,12629,0.0259139334844,0.114118849147,144,144,144,1,0,0.0694444444444,0.8125,0.118055555556,-198,-0.00961538461538,0.719876480443,-2.75,-1.13198605513,-1.42894931102,-2.149812053,0.000569774706162,0.00316642434063,-2.25616496898,-0.0378486283091,-0.0104082422915,-0.217026960927,0.0569701908193,0.0288550803992,0.424863594813,0.0444692465462,2.5209569361,0.719876480443,0.424863594813,2.5209569361,-0.0572174571831,-0.0318120487513,-3588,-0.00736235595391,-0.00169067051588,0.0208333333333,-0.0277777777778,0.00694444444444,1915,2,200,18475,0.905437352246,0.99989175732,0.000108242680089,0.0945626477541,0.998956703182,0.905437352246,0.949900793651,0.945879990404,0.905329109566,0.904581955598,225,423,0,5,4,5
658,WLNM_dir_neg_kfold,0.888591284811,0.619726608009,00:00:20,10,80,14,16359,threshold_sweep,0.1,0.949612403101,0.579196217494,0.71953010279,245,13,178,833,0.579196217494,0.98463356974,0.01536643026,0.420803782506,0.949612403101,0.579196217494,0.71953010279,0.849487785658,0.59889676911,0.624754420432,0.660416553512,0.563829787234,2154,1731,423,0,2154,0,1731,0,423,144,2115,0.10270979021,3.28340051934,29.375,15.4379562044,16.5234375,23.125947344,0.787266292563,0.431540583136,18.7178045265,1.27440371245,0.622363409509,10.41950078,0.709412819061,0.401704097715,1.12585631727,0.342893384662,4.14543900894,3.28340051934,1.12585631727,4.14543900894,0.506274862896,0.548025908195,16217,0.0332762894383,0.115809519663,144,144,144,1,0,0.0486111111111,0.840277777778,0.111111111111,144,0.0821678321678,3.16442097936,23.5,12.7218045113,13.3228346457,18.9009194286,0.804294443768,0.440212930129,15.0818280875,1.28355983724,0.628890858944,8.63518578645,0.734909428634,0.414286183346,1.13795297801,0.359608593621,4.28871048205,3.16442097936,1.13795297801,4.28871048205,0.401839098089,0.456824897614,8812,0.0180816835746,0.0914000825962,144,144,144,1,0,0.0763888888889,0.805555555556,0.118055555556,144,1950,0.094696969697,7.7939846839,27.0833333333,13.7323943662,15.3543307087,21.1420437514,0.780629307744,0.431257122507,16.5139800915,1.21949391445,0.600484330484,10.4465840772,0.771440054929,0.433461538462,1.77255181884,0.227425622544,9.14335427748,7.7939846839,1.77255181884,9.14335427748,0.447883933979,0.519272930203,13027,0.0267306050757,0.112062607924,144,144,144,1,0,0.0138888888889,0.868055555556,0.118055555556,-165,-0.00801282051282,4.51058416456,-2.29166666667,-1.70556183818,-1.16910679134,-1.98390359265,-0.00663698481924,-0.000283460629205,-2.20382443507,-0.054909797998,-0.0218790790245,0.0270832972018,0.0620272358677,0.0317574407468,0.646695501563,-0.115467762117,4.99791526854,4.51058416456,0.646695501563,4.99791526854,-0.058390928917,-0.028752977992,-3190,-0.00654568436259,-0.00374691173865,-0.0347222222222,0.0277777777778,0.00694444444444,1937,13,178,18464,0.915839243499,0.999296422579,0.000703577420577,0.0841607565012,0.993333333333,0.915839243499,0.953013530135,0.94883968231,0.915135666078,0.910244360902,258,423,0,5,4,5
659,WLNM_dir_neg_kfold,0.888591284811,0.619726608009,00:00:20,10,80,14,16359,threshold_sweep,0.2,0.967871485944,0.569739952719,0.717261904762,241,8,182,838,0.569739952719,0.990543735225,0.00945626477541,0.430260047281,0.967871485944,0.569739952719,0.717261904762,0.850275807723,0.601260835303,0.624505928854,0.665064221067,0.560283687943,2154,1731,423,0,2154,0,1731,0,423,144,2115,0.10270979021,3.28340051934,29.375,15.4379562044,16.5234375,23.125947344,0.787266292563,0.431540583136,18.7178045265,1.27440371245,0.622363409509,10.41950078,0.709412819061,0.401704097715,1.12585631727,0.342893384662,4.14543900894,3.28340051934,1.12585631727,4.14543900894,0.506274862896,0.548025908195,16217,0.0332762894383,0.115809519663,144,144,144,1,0,0.0486111111111,0.840277777778,0.111111111111,144,0.0821678321678,3.16442097936,23.5,12.7218045113,13.3228346457,18.9009194286,0.804294443768,0.440212930129,15.0818280875,1.28355983724,0.628890858944,8.63518578645,0.734909428634,0.414286183346,1.13795297801,0.359608593621,4.28871048205,3.16442097936,1.13795297801,4.28871048205,0.401839098089,0.456824897614,8812,0.0180816835746,0.0914000825962,144,144,144,1,0,0.0763888888889,0.805555555556,0.118055555556,144,1941,0.0942599067599,4.36242186754,26.9583333333,13.8642857143,15.2834645669,21.0852001256,0.782140344689,0.431915106761,16.4830783117,1.22285588711,0.603765956838,10.3808381501,0.770139460906,0.432598460129,1.29873824561,0.297710373972,5.50839925811,4.36242186754,1.29873824561,5.50839925811,0.445681848098,0.518067935437,12903,0.0264761646804,0.111637893343,144,144,144,1,0,0.0277777777778,0.854166666667,0.118055555556,-174,-0.00844988344988,1.07902134821,-2.41666666667,-1.57367049009,-1.23997293307,-2.04074721847,-0.00512594787403,0.000374523624219,-2.23472621485,-0.0515478253336,-0.018597452671,-0.0386626298205,0.0607266418457,0.0308943624146,0.172881928334,-0.0451830106897,1.36296024917,1.07902134821,0.172881928334,1.36296024917,-0.0605930147975,-0.0299579727576,-3314,-0.00680012475787,-0.00417162632046,-0.0208333333333,0.0138888888889,0.00694444444444,1933,8,182,18469,0.913947990544,0.99956702928,0.000432970720355,0.0860520094563,0.995878413189,0.913947990544,0.95315581854,0.94912361435,0.913515019823,0.910504003768,249,423,0,5,4,5
660,WLNM_dir_neg_kfold,0.888591284811,0.619726608009,00:00:20,10,80,14,16359,threshold_sweep,0.3,0.971659919028,0.567375886525,0.716417910448,240,7,183,839,0.567375886525,0.991725768322,0.00827423167849,0.432624113475,0.971659919028,0.567375886525,0.716417910448,0.850275807723,0.601786183346,0.62401055409,0.665690284107,0.559101654846,2154,1731,423,0,2154,0,1731,0,423,144,2115,0.10270979021,3.28340051934,29.375,15.4379562044,16.5234375,23.125947344,0.787266292563,0.431540583136,18.7178045265,1.27440371245,0.622363409509,10.41950078,0.709412819061,0.401704097715,1.12585631727,0.342893384662,4.14543900894,3.28340051934,1.12585631727,4.14543900894,0.506274862896,0.548025908195,16217,0.0332762894383,0.115809519663,144,144,144,1,0,0.0486111111111,0.840277777778,0.111111111111,144,0.0821678321678,3.16442097936,23.5,12.7218045113,13.3228346457,18.9009194286,0.804294443768,0.440212930129,15.0818280875,1.28355983724,0.628890858944,8.63518578645,0.734909428634,0.414286183346,1.13795297801,0.359608593621,4.28871048205,3.16442097936,1.13795297801,4.28871048205,0.401839098089,0.456824897614,8812,0.0180816835746,0.0914000825962,144,144,144,1,0,0.0763888888889,0.805555555556,0.118055555556,144,1939,0.0941627816628,4.35460257045,26.9305555556,13.85,15.2677165354,21.083799759,0.782895091617,0.432281817661,16.487720879,1.22446199411,0.604052060054,10.3821479341,0.771031099803,0.433023179187,1.29405530408,0.297169554084,5.48196594714,4.35460257045,1.29405530408,5.48196594714,0.445394840437,0.518302081518,12890,0.0264494894777,0.111806204862,144,144,144,1,0,0.0277777777778,0.854166666667,0.118055555556,-176,-0.00854700854701,1.07120205112,-2.44444444444,-1.58795620438,-1.25572096457,-2.04214758507,-0.00437120094568,0.000741234524551,-2.23008364758,-0.04994171834,-0.0183113494549,-0.0373528458095,0.0616182807417,0.0313190814727,0.168198986802,-0.0457238305771,1.3365269382,1.07120205112,0.168198986802,1.3365269382,-0.0608800224589,-0.0297238266766,-3327,-0.0068267999606,-0.00400331480058,-0.0208333333333,0.0138888888889,0.00694444444444,1932,7,183,18470,0.913475177305,0.99962115062,0.000378849380311,0.086524822695,0.996389891697,0.913475177305,0.953132708436,0.949126855358,0.913096327925,0.910461828464,247,423,0,5,4,5
661,WLNM_dir_neg_kfold,0.888591284811,0.619726608009,00:00:20,10,80,14,16359,threshold_sweep,0.4,0.971193415638,0.557919621749,0.708708708709,236,7,187,839,0.557919621749,0.991725768322,0.00827423167849,0.442080378251,0.971193415638,0.557919621749,0.708708708709,0.847123719464,0.602836879433,0.615079365079,0.658508124999,0.549645390071,2154,1731,423,0,2154,0,1731,0,423,144,2115,0.10270979021,3.28340051934,29.375,15.4379562044,16.5234375,23.125947344,0.787266292563,0.431540583136,18.7178045265,1.27440371245,0.622363409509,10.41950078,0.709412819061,0.401704097715,1.12585631727,0.342893384662,4.14543900894,3.28340051934,1.12585631727,4.14543900894,0.506274862896,0.548025908195,16217,0.0332762894383,0.115809519663,144,144,144,1,0,0.0486111111111,0.840277777778,0.111111111111,144,0.0821678321678,3.16442097936,23.5,12.7218045113,13.3228346457,18.9009194286,0.804294443768,0.440212930129,15.0818280875,1.28355983724,0.628890858944,8.63518578645,0.734909428634,0.414286183346,1.13795297801,0.359608593621,4.28871048205,3.16442097936,1.13795297801,4.28871048205,0.401839098089,0.456824897614,8812,0.0180816835746,0.0914000825962,144,144,144,1,0,0.0763888888889,0.805555555556,0.118055555556,144,1935,0.0939685314685,4.35405784732,26.875,13.8214285714,15.2362204724,21.0200952803,0.782143080199,0.432095176572,16.4451700776,1.22382661043,0.603843669251,10.3530129732,0.770456779398,0.432633505599,1.29349117949,0.297077169126,5.48057517853,4.35405784732,1.29349117949,5.48057517853,0.44477190534,0.517445847283,12828,0.02632226928,0.111600463534,144,144,144,1,0,0.0277777777778,0.854166666667,0.118055555556,-180,-0.00874125874126,1.07065732798,-2.5,-1.61652763295,-1.28721702756,-2.10585206371,-0.00512321236461,0.000554593435593,-2.27263444894,-0.0505771020193,-0.0185197402582,-0.0664878067977,0.061043960337,0.0309294078839,0.167634862216,-0.0458162155359,1.33513616959,1.07065732798,0.167634862216,1.33513616959,-0.0615029575556,-0.0305800609116,-3389,-0.00695402015825,-0.0042090561292,-0.0208333333333,0.0138888888889,0.00694444444444,1928,7,187,18470,0.91158392435,0.99962115062,0.000378849380311,0.0884160756501,0.996382428941,0.91158392435,0.952098765432,0.948037801976,0.91120507497,0.908576814326,243,423,0,5,4,5
662,WLNM_dir_neg_kfold,0.888591284811,0.619726608009,00:00:20,10,80,14,16359,threshold_sweep,0.5,1,0.553191489362,0.712328767123,234,0,189,846,0.553191489362,1,0,0.446808510638,1,0.553191489362,0.712328767123,0.851063829787,0.605200945626,0.622754491018,0.672438780145,0.553191489362,2154,1731,423,0,2154,0,1731,0,423,144,2115,0.10270979021,3.28340051934,29.375,15.4379562044,16.5234375,23.125947344,0.787266292563,0.431540583136,18.7178045265,1.27440371245,0.622363409509,10.41950078,0.709412819061,0.401704097715,1.12585631727,0.342893384662,4.14543900894,3.28340051934,1.12585631727,4.14543900894,0.506274862896,0.548025908195,16217,0.0332762894383,0.115809519663,144,144,144,1,0,0.0486111111111,0.840277777778,0.111111111111,144,0.0821678321678,3.16442097936,23.5,12.7218045113,13.3228346457,18.9009194286,0.804294443768,0.440212930129,15.0818280875,1.28355983724,0.628890858944,8.63518578645,0.734909428634,0.414286183346,1.13795297801,0.359608593621,4.28871048205,3.16442097936,1.13795297801,4.28871048205,0.401839098089,0.456824897614,8812,0.0180816835746,0.0914000825962,144,144,144,1,0,0.0763888888889,0.805555555556,0.118055555556,144,1926,0.0935314685315,3.17638174584,26.75,14.3731343284,15.1653543307,21.0462361467,0.786775183055,0.434172003,16.4932175083,1.23313775763,0.610418830045,10.2526646715,0.766554367966,0.431053132572,1.13191043107,0.356352139524,4.1555712475,3.17638174584,1.13191043107,4.1555712475,0.447753250937,0.519302463799,12815,0.0262955940773,0.114838758029,144,144,144,1,0,0.0694444444444,0.8125,0.118055555556,-189,-0.00917832167832,-0.1070187735,-2.625,-1.06482187602,-1.35808316929,-2.07971119731,-0.000491109507715,0.00263141986356,-2.22458701823,-0.041265954815,-0.0119445794638,-0.166836108411,0.0571415489051,0.0293490348571,0.00605411379898,0.0134587548624,0.0101322385582,-0.1070187735,0.00605411379898,0.0101322385582,-0.0585216119591,-0.0287234443954,-3402,-0.00698069536098,-0.000970761633666,0.0208333333333,-0.0277777777778,0.00694444444444,1926,0,189,18477,0.910638297872,1,0,0.0893617021277,1,0.910638297872,0.953229398664,0.949430226926,0.910638297872,0.910638297872,234,423,0,5,4,5
663,WLNM_dir_neg_kfold,0.888591284811,0.619726608009,00:00:20,10,80,14,16359,threshold_sweep,0.6,1,0.548463356974,0.708396946565,232,0,191,846,0.548463356974,1,0,0.451536643026,1,0.548463356974,0.708396946565,0.849487785658,0.60572629367,0.618254497002,0.668912962642,0.548463356974,2154,1731,423,0,2154,0,1731,0,423,144,2115,0.10270979021,3.28340051934,29.375,15.4379562044,16.5234375,23.125947344,0.787266292563,0.431540583136,18.7178045265,1.27440371245,0.622363409509,10.41950078,0.709412819061,0.401704097715,1.12585631727,0.342893384662,4.14543900894,3.28340051934,1.12585631727,4.14543900894,0.506274862896,0.548025908195,16217,0.0332762894383,0.115809519663,144,144,144,1,0,0.0486111111111,0.840277777778,0.111111111111,144,0.0821678321678,3.16442097936,23.5,12.7218045113,13.3228346457,18.9009194286,0.804294443768,0.440212930129,15.0818280875,1.28355983724,0.628890858944,8.63518578645,0.734909428634,0.414286183346,1.13795297801,0.359608593621,4.28871048205,3.16442097936,1.13795297801,4.28871048205,0.401839098089,0.456824897614,8812,0.0180816835746,0.0914000825962,144,144,144,1,0,0.0763888888889,0.805555555556,0.118055555556,144,1924,0.0934343434343,3.16249677502,26.7222222222,14.4661654135,15.1496062992,21.0342526,0.787144587941,0.434294871795,16.4922576076,1.23434776273,0.611204954955,10.247709013,0.766980300351,0.431176368676,1.132131051,0.357986468141,4.10758742354,3.16249677502,1.132131051,4.10758742354,0.447659588367,0.518404741928,12769,0.0262012048984,0.115740052363,144,144,144,1,0,0.0763888888889,0.805555555556,0.118055555556,-191,-0.00927544677545,-0.120903744317,-2.65277777778,-0.971790790846,-1.37383120079,-2.09169474406,-0.000121704622105,0.00275428865854,-2.22554691897,-0.0400559497162,-0.0111584545538,-0.171791766935,0.05756748129,0.0294722709616,0.00627473372243,0.0150930834797,-0.0378515853973,-0.120903744317,0.00627473372243,-0.0378515853973,-0.0586152745285,-0.0296211662672,-3448,-0.00707508453987,-6.94673004683e-05,0.0277777777778,-0.0347222222222,0.00694444444444,1924,0,191,18477,0.909692671395,1,0,0.0903073286052,1,0.909692671395,0.952711067096,0.94888631081,0.909692671395,0.909692671395,232,423,0,5,4,5
664,WLNM_dir_neg_kfold,0.888591284811,0.619726608009,00:00:20,10,80,14,16359,threshold_sweep,0.7,1,0.543735224586,0.704441041348,230,0,193,846,0.543735224586,1,0,0.456264775414,1,0.543735224586,0.704441041348,0.847911741529,0.606251641713,0.613742494997,0.665382143958,0.543735224586,2154,1731,423,0,2154,0,1731,0,423,144,2115,0.10270979021,3.28340051934,29.375,15.4379562044,16.5234375,23.125947344,0.787266292563,0.431540583136,18.7178045265,1.27440371245,0.622363409509,10.41950078,0.709412819061,0.401704097715,1.12585631727,0.342893384662,4.14543900894,3.28340051934,1.12585631727,4.14543900894,0.506274862896,0.548025908195,16217,0.0332762894383,0.115809519663,144,144,144,1,0,0.0486111111111,0.840277777778,0.111111111111,144,0.0821678321678,3.16442097936,23.5,12.7218045113,13.3228346457,18.9009194286,0.804294443768,0.440212930129,15.0818280875,1.28355983724,0.628890858944,8.63518578645,0.734909428634,0.414286183346,1.13795297801,0.359608593621,4.28871048205,3.16442097936,1.13795297801,4.28871048205,0.401839098089,0.456824897614,8812,0.0180816835746,0.0914000825962,144,144,144,1,0,0.0763888888889,0.805555555556,0.118055555556,144,1922,0.0933372183372,3.15960547437,26.6944444444,14.4511278195,15.1338582677,21.0172349448,0.787326178993,0.434309602266,16.4874690473,1.23527343539,0.611327899179,10.2338526705,0.766740262515,0.431025263036,1.13075831526,0.357879591119,4.1035718517,3.15960547437,1.13075831526,4.1035718517,0.446690339593,0.517216127151,12713,0.0260862963328,0.115610371262,144,144,144,1,0,0.0763888888889,0.805555555556,0.118055555556,-193,-0.00937257187257,-0.12379504497,-2.68055555556,-0.986828384831,-1.38957923228,-2.10871239926,5.9886429714e-05,0.00276901912983,-2.23033547921,-0.0391302770574,-0.0110355103297,-0.185648109444,0.0573274434541,0.0293211653215,0.00490199798854,0.0149862064573,-0.0418671572374,-0.12379504497,0.00490199798854,-0.0418671572374,-0.0595845233024,-0.0308097810437,-3504,-0.00718999310549,-0.000199148401009,0.0277777777778,-0.0347222222222,0.00694444444444,1922,0,193,18477,0.908747044917,1,0,0.0912529550827,1,0.908747044917,0.952192221947,0.948342199366,0.908747044917,0.908747044917,230,423,0,5,4,5
665,WLNM_dir_neg_kfold,0.888591284811,0.619726608009,00:00:20,10,80,14,16359,threshold_sweep,0.8,1,0.543735224586,0.704441041348,230,0,193,846,0.543735224586,1,0,0.456264775414,1,0.543735224586,0.704441041348,0.847911741529,0.606251641713,0.613742494997,0.665382143958,0.543735224586,2154,1731,423,0,2154,0,1731,0,423,144,2115,0.10270979021,3.28340051934,29.375,15.4379562044,16.5234375,23.125947344,0.787266292563,0.431540583136,18.7178045265,1.27440371245,0.622363409509,10.41950078,0.709412819061,0.401704097715,1.12585631727,0.342893384662,4.14543900894,3.28340051934,1.12585631727,4.14543900894,0.506274862896,0.548025908195,16217,0.0332762894383,0.115809519663,144,144,144,1,0,0.0486111111111,0.840277777778,0.111111111111,144,0.0821678321678,3.16442097936,23.5,12.7218045113,13.3228346457,18.9009194286,0.804294443768,0.440212930129,15.0818280875,1.28355983724,0.628890858944,8.63518578645,0.734909428634,0.414286183346,1.13795297801,0.359608593621,4.28871048205,3.16442097936,1.13795297801,4.28871048205,0.401839098089,0.456824897614,8812,0.0180816835746,0.0914000825962,144,144,144,1,0,0.0763888888889,0.805555555556,0.118055555556,144,1922,0.0933372183372,3.15960547437,26.6944444444,14.4511278195,15.1338582677,21.0172349448,0.787326178993,0.434309602266,16.4874690473,1.23527343539,0.611327899179,10.2338526705,0.766740262515,0.431025263036,1.13075831526,0.357879591119,4.1035718517,3.15960547437,1.13075831526,4.1035718517,0.446690339593,0.517216127151,12713,0.0260862963328,0.115610371262,144,144,144,1,0,0.0763888888889,0.805555555556,0.118055555556,-193,-0.00937257187257,-0.12379504497,-2.68055555556,-0.986828384831,-1.38957923228,-2.10871239926,5.9886429714e-05,0.00276901912983,-2.23033547921,-0.0391302770574,-0.0110355103297,-0.185648109444,0.0573274434541,0.0293211653215,0.00490199798854,0.0149862064573,-0.0418671572374,-0.12379504497,0.00490199798854,-0.0418671572374,-0.0595845233024,-0.0308097810437,-3504,-0.00718999310549,-0.000199148401009,0.0277777777778,-0.0347222222222,0.00694444444444,1922,0,193,18477,0.908747044917,1,0,0.0912529550827,1,0.908747044917,0.952192221947,0.948342199366,0.908747044917,0.908747044917,230,423,0,5,4,5
666,WLNM_dir_neg_kfold,0.888591284811,0.619726608009,00:00:20,10,80,14,16359,threshold_sweep,0.9,1,0.539007092199,0.700460829493,228,0,195,846,0.539007092199,1,0,0.460992907801,1,0.539007092199,0.700460829493,0.8463356974,0.606776989756,0.609218436874,0.66184616477,0.539007092199,2154,1731,423,0,2154,0,1731,0,423,144,2115,0.10270979021,3.28340051934,29.375,15.4379562044,16.5234375,23.125947344,0.787266292563,0.431540583136,18.7178045265,1.27440371245,0.622363409509,10.41950078,0.709412819061,0.401704097715,1.12585631727,0.342893384662,4.14543900894,3.28340051934,1.12585631727,4.14543900894,0.506274862896,0.548025908195,16217,0.0332762894383,0.115809519663,144,144,144,1,0,0.0486111111111,0.840277777778,0.111111111111,144,0.0821678321678,3.16442097936,23.5,12.7218045113,13.3228346457,18.9009194286,0.804294443768,0.440212930129,15.0818280875,1.28355983724,0.628890858944,8.63518578645,0.734909428634,0.414286183346,1.13795297801,0.359608593621,4.28871048205,3.16442097936,1.13795297801,4.28871048205,0.401839098089,0.456824897614,8812,0.0180816835746,0.0914000825962,144,144,144,1,0,0.0763888888889,0.805555555556,0.118055555556,144,1920,0.0932400932401,3.16029482472,26.6666666667,14.4360902256,15.1181102362,21.005160871,0.787693532663,0.434436487269,16.4847884957,1.23635913718,0.611588541667,10.2261149306,0.766958619793,0.4310546875,1.13067019857,0.357773644955,4.10406765108,3.16029482472,1.13067019857,4.10406765108,0.446228718386,0.516324950067,12667,0.0259919071539,0.115623558489,144,144,144,1,0,0.0763888888889,0.805555555556,0.118055555556,-195,-0.0094696969697,-0.123105694613,-2.70833333333,-1.00186597882,-1.40532726378,-2.12078647304,0.000427240099514,0.00289590413219,-2.23301603083,-0.038044575267,-0.0107748678421,-0.193385849376,0.0575458007327,0.0293505897853,0.00481388129835,0.0148802602932,-0.0413713578615,-0.123105694613,0.00481388129835,-0.0413713578615,-0.0600461445095,-0.0317009581276,-3550,-0.00728438228438,-0.000185961173878,0.0277777777778,-0.0347222222222,0.00694444444444,1920,0,195,18477,0.90780141844,1,0,0.0921985815603,1,0.90780141844,0.951672862454,0.947797892222,0.90780141844,0.90780141844,228,423,0,5,4,5
667,WLNM_dir_neg_kfold,0.866254212565,0.540907337516,00:00:19,10,80,15,16360,threshold_sweep,0.1,0.956,0.565011820331,0.710252600297,239,11,184,835,0.565011820331,0.986997635934,0.0130023640662,0.434988179669,0.956,0.565011820331,0.710252600297,0.8463356974,0.600998161282,0.614878209348,0.654251589449,0.552009456265,2154,1731,423,0,2154,0,1731,0,423,144,2115,0.10270979021,3.28340051934,29.375,15.4379562044,16.5234375,23.125947344,0.787266292563,0.431540583136,18.7178045265,1.27440371245,0.622363409509,10.41950078,0.709412819061,0.401704097715,1.12585631727,0.342893384662,4.14543900894,3.28340051934,1.12585631727,4.14543900894,0.506274862896,0.548025908195,16217,0.0332762894383,0.115809519663,144,144,144,1,0,0.0486111111111,0.840277777778,0.111111111111,144,0.0821678321678,3.16442097936,23.5,12.7218045113,13.3228346457,18.9009194286,0.804294443768,0.440212930129,15.0818280875,1.28355983724,0.628890858944,8.63518578645,0.734909428634,0.414286183346,1.13795297801,0.359608593621,4.28871048205,3.16442097936,1.13795297801,4.28871048205,0.401839098089,0.456824897614,8812,0.0180816835746,0.0914000825962,144,144,144,1,0,0.0763888888889,0.805555555556,0.118055555556,144,1942,0.0943084693085,6.80187638899,26.9722222222,13.7730496454,15.2913385827,21.0729483715,0.78128335878,0.43186791967,16.451660962,1.21989659038,0.602714841515,10.3781549158,0.769543927844,0.432629591486,2.0217557208,0.297234998871,8.07330334878,6.80187638899,2.0217557208,8.07330334878,0.449315650389,0.520831385331,12997,0.0266690469155,0.111399481216,144,144,144,1,0,0.0208333333333,0.861111111111,0.118055555556,-173,-0.00840132090132,3.51847586965,-2.40277777778,-1.66490655899,-1.23209891732,-2.05299897251,-0.00598293378348,0.000327336534115,-2.26614356458,-0.0545071220633,-0.0196485679938,-0.0413458641674,0.0601311087834,0.0309254937717,0.895899403524,-0.0456583857909,3.92786433984,3.51847586965,0.895899403524,3.92786433984,-0.0569592125063,-0.0271945228643,-3220,-0.00660724252274,-0.00441003844676,-0.0277777777778,0.0208333333333,0.00694444444444,1931,11,184,18466,0.913002364066,0.99940466526,0.000595334740488,0.0869976359338,0.994335736354,0.913002364066,0.951934927286,0.947753739976,0.912407029326,0.908278457197,250,423,0,5,4,5
668,WLNM_dir_neg_kfold,0.866254212565,0.540907337516,00:00:19,10,80,15,16360,threshold_sweep,0.2,0.955823293173,0.562647754137,0.708333333333,238,11,185,835,0.562647754137,0.986997635934,0.0130023640662,0.437352245863,0.955823293173,0.562647754137,0.708333333333,0.845547675335,0.601260835303,0.612648221344,0.652436419401,0.549645390071,2154,1731,423,0,2154,0,1731,0,423,144,2115,0.10270979021,3.28340051934,29.375,15.4379562044,16.5234375,23.125947344,0.787266292563,0.431540583136,18.7178045265,1.27440371245,0.622363409509,10.41950078,0.709412819061,0.401704097715,1.12585631727,0.342893384662,4.14543900894,3.28340051934,1.12585631727,4.14543900894,0.506274862896,0.548025908195,16217,0.0332762894383,0.115809519663,144,144,144,1,0,0.0486111111111,0.840277777778,0.111111111111,144,0.0821678321678,3.16442097936,23.5,12.7218045113,13.3228346457,18.9009194286,0.804294443768,0.440212930129,15.0818280875,1.28355983724,0.628890858944,8.63518578645,0.734909428634,0.414286183346,1.13795297801,0.359608593621,4.28871048205,3.16442097936,1.13795297801,4.28871048205,0.401839098089,0.456824897614,8812,0.0180816835746,0.0914000825962,144,144,144,1,0,0.0763888888889,0.805555555556,0.118055555556,144,1941,0.0942599067599,6.80143007549,26.9583333333,13.7659574468,15.2834645669,21.0516763447,0.780896804132,0.431661085351,16.4435753815,1.21992522151,0.602699782472,10.3660073505,0.769039185203,0.43238379415,2.02131175277,0.297189227903,8.04359291783,6.80143007549,2.02131175277,8.04359291783,0.448399939534,0.519585808316,12946,0.0265643980433,0.111347363297,144,144,144,1,0,0.0208333333333,0.861111111111,0.118055555556,-174,-0.00844988344988,3.51802955615,-2.41666666667,-1.67199875757,-1.23997293307,-2.07427099932,-0.00636948843115,0.000120502214866,-2.27422914499,-0.0544784909393,-0.019663627037,-0.053493429408,0.0596263661421,0.0306796964349,0.895455435495,-0.0457041567587,3.89815390889,3.51802955615,0.895455435495,3.89815390889,-0.0578749233621,-0.0284400998789,-3271,-0.00671189139499,-0.00446215636644,-0.0277777777778,0.0208333333333,0.00694444444444,1930,11,185,18466,0.912529550827,0.99940466526,0.000595334740488,0.0874704491726,0.994332818135,0.912529550827,0.9516765286,0.947481191267,0.911934216087,0.90780809031,249,423,0,5,4,5
669,WLNM_dir_neg_kfold,0.866254212565,0.540907337516,00:00:19,10,80,15,16360,threshold_sweep,0.3,0.959677419355,0.562647754137,0.709388971684,238,10,185,836,0.562647754137,0.988179669031,0.0118203309693,0.437352245863,0.959677419355,0.562647754137,0.709388971684,0.8463356974,0.601523509325,0.614370468029,0.654835487956,0.550827423168,2154,1731,423,0,2154,0,1731,0,423,144,2115,0.10270979021,3.28340051934,29.375,15.4379562044,16.5234375,23.125947344,0.787266292563,0.431540583136,18.7178045265,1.27440371245,0.622363409509,10.41950078,0.709412819061,0.401704097715,1.12585631727,0.342893384662,4.14543900894,3.28340051934,1.12585631727,4.14543900894,0.506274862896,0.548025908195,16217,0.0332762894383,0.115809519663,144,144,144,1,0,0.0486111111111,0.840277777778,0.111111111111,144,0.0821678321678,3.16442097936,23.5,12.7218045113,13.3228346457,18.9009194286,0.804294443768,0.440212930129,15.0818280875,1.28355983724,0.628890858944,8.63518578645,0.734909428634,0.414286183346,1.13795297801,0.359608593621,4.28871048205,3.16442097936,1.13795297801,4.28871048205,0.401839098089,0.456824897614,8812,0.0180816835746,0.0914000825962,144,144,144,1,0,0.0763888888889,0.805555555556,0.118055555556,144,1940,0.0942113442113,6.55247492414,26.9444444444,13.8571428571,15.2755905512,21.0549656212,0.7814214045,0.431908648339,16.4490926672,1.22096357942,0.603500859107,10.3531654188,0.768482381598,0.432123424971,2.02999655739,0.309806077993,8,6.55247492414,2.02999655739,8,0.446234442653,0.519684090757,12941,0.0265541383499,0.111352067687,144,144,144,1,0,0.0277777777778,0.854166666667,0.118055555556,-175,-0.00849844599845,3.2690744048,-2.43055555556,-1.58081334724,-1.24784694882,-2.0709817228,-0.00584488806355,0.000368065202733,-2.26871185938,-0.0534401330275,-0.0188625504023,-0.066335361204,0.0590695625372,0.0304193272566,0.904140240118,-0.0330873066687,3.85456099106,3.2690744048,0.904140240118,3.85456099106,-0.0600404202426,-0.0283418174379,-3276,-0.00672215108835,-0.00445745197604,-0.0208333333333,0.0138888888889,0.00694444444444,1930,10,185,18467,0.912529550827,0.9994587866,0.000541213400444,0.0874704491726,0.994845360825,0.912529550827,0.951911220715,0.947756194147,0.911988337427,0.908235294118,248,423,0,5,4,5
670,WLNM_dir_neg_kfold,0.866254212565,0.540907337516,00:00:19,10,80,15,16360,threshold_sweep,0.4,0.95951417004,0.560283687943,0.707462686567,237,10,186,836,0.560283687943,0.988179669031,0.0118203309693,0.439716312057,0.95951417004,0.560283687943,0.707462686567,0.845547675335,0.601786183346,0.612137203166,0.653023872782,0.548463356974,2154,1731,423,0,2154,0,1731,0,423,144,2115,0.10270979021,3.28340051934,29.375,15.4379562044,16.5234375,23.125947344,0.787266292563,0.431540583136,18.7178045265,1.27440371245,0.622363409509,10.41950078,0.709412819061,0.401704097715,1.12585631727,0.342893384662,4.14543900894,3.28340051934,1.12585631727,4.14543900894,0.506274862896,0.548025908195,16217,0.0332762894383,0.115809519663,144,144,144,1,0,0.0486111111111,0.840277777778,0.111111111111,144,0.0821678321678,3.16442097936,23.5,12.7218045113,13.3228346457,18.9009194286,0.804294443768,0.440212930129,15.0818280875,1.28355983724,0.628890858944,8.63518578645,0.734909428634,0.414286183346,1.13795297801,0.359608593621,4.28871048205,3.16442097936,1.13795297801,4.28871048205,0.401839098089,0.456824897614,8812,0.0180816835746,0.0914000825962,144,144,144,1,0,0.0763888888889,0.805555555556,0.118055555556,144,1939,0.0941627816628,6.55209289542,26.9305555556,13.85,15.2677165354,21.0393081256,0.781243004147,0.431819809753,16.4427011862,1.22111860279,0.603529167383,10.3490908316,0.768576111271,0.432127815025,2.02964325102,0.309770218984,8,6.55209289542,2.02964325102,8,0.445659467213,0.518597450641,12897,0.0264638530484,0.111337616742,144,144,144,1,0,0.0277777777778,0.854166666667,0.118055555556,-176,-0.00854700854701,3.26869237608,-2.44444444444,-1.58795620438,-1.25572096457,-2.08663921848,-0.00602328841632,0.000279226616695,-2.2751033403,-0.0532851096508,-0.0188342421258,-0.0704099483328,0.0591632922098,0.0304237173102,0.903786933744,-0.0331231656773,3.85456099106,3.26869237608,0.903786933744,3.85456099106,-0.0606153956828,-0.0294284575535,-3320,-0.0068124363899,-0.00447190292121,-0.0208333333333,0.0138888888889,0.00694444444444,1929,10,186,18467,0.912056737589,0.9994587866,0.000541213400444,0.0879432624113,0.994842702424,0.912056737589,0.951652688703,0.947483673545,0.911515524188,0.907764705882,247,423,0,5,4,5
671,WLNM_dir_neg_kfold,0.866254212565,0.540907337516,00:00:19,10,80,15,16360,threshold_sweep,0.5,0.983193277311,0.553191489362,0.708018154312,234,4,189,842,0.553191489362,0.995271867612,0.00472813238771,0.446808510638,0.983193277311,0.553191489362,0.708018154312,0.847911741529,0.60415024954,0.615792966158,0.66234638686,0.548463356974,2154,1731,423,0,2154,0,1731,0,423,144,2115,0.10270979021,3.28340051934,29.375,15.4379562044,16.5234375,23.125947344,0.787266292563,0.431540583136,18.7178045265,1.27440371245,0.622363409509,10.41950078,0.709412819061,0.401704097715,1.12585631727,0.342893384662,4.14543900894,3.28340051934,1.12585631727,4.14543900894,0.506274862896,0.548025908195,16217,0.0332762894383,0.115809519663,144,144,144,1,0,0.0486111111111,0.840277777778,0.111111111111,144,0.0821678321678,3.16442097936,23.5,12.7218045113,13.3228346457,18.9009194286,0.804294443768,0.440212930129,15.0818280875,1.28355983724,0.628890858944,8.63518578645,0.734909428634,0.414286183346,1.13795297801,0.359608593621,4.28871048205,3.16442097936,1.13795297801,4.28871048205,0.401839098089,0.456824897614,8812,0.0180816835746,0.0914000825962,144,144,144,1,0,0.0763888888889,0.805555555556,0.118055555556,144,1930,0.0937257187257,3.17743803202,26.8055555556,14.4029850746,15.1968503937,21.0647612074,0.78583565126,0.433819084629,16.4878931826,1.23018477632,0.609499136442,10.2536498325,0.765039158486,0.430721070812,1.13356234917,0.356753566158,4.15752352213,3.17743803202,1.13356234917,4.15752352213,0.448817558282,0.520812839413,12883,0.026435125907,0.114264455767,144,144,144,1,0,0.0694444444444,0.8125,0.118055555556,-185,-0.00898407148407,-0.105962487317,-2.56944444444,-1.03497112975,-1.3265871063,-2.06118613666,-0.00143064130319,0.00227850149234,-2.22991134394,-0.0442189361273,-0.0128642730667,-0.165850947465,0.0556263394255,0.029016973097,0.00770603189487,0.0138601814966,0.0120845131888,-0.105962487317,0.00770603189487,0.0120845131888,-0.0574573046138,-0.0272130687819,-3334,-0.0068411635313,-0.00154506389614,0.0208333333333,-0.0277777777778,0.00694444444444,1926,4,189,18473,0.910638297872,0.99978351464,0.000216485360178,0.0893617021277,0.99792746114,0.910638297872,0.952286773795,0.948321992782,0.910421812512,0.908919301557,238,423,0,5,4,5
672,WLNM_dir_neg_kfold,0.866254212565,0.540907337516,00:00:19,10,80,15,16360,threshold_sweep,0.6,0.983050847458,0.548463356974,0.704097116844,232,4,191,842,0.548463356974,0.995271867612,0.00472813238771,0.451536643026,0.983050847458,0.548463356974,0.704097116844,0.8463356974,0.604675597583,0.611295681063,0.658774335503,0.543735224586,2154,1731,423,0,2154,0,1731,0,423,144,2115,0.10270979021,3.28340051934,29.375,15.4379562044,16.5234375,23.125947344,0.787266292563,0.431540583136,18.7178045265,1.27440371245,0.622363409509,10.41950078,0.709412819061,0.401704097715,1.12585631727,0.342893384662,4.14543900894,3.28340051934,1.12585631727,4.14543900894,0.506274862896,0.548025908195,16217,0.0332762894383,0.115809519663,144,144,144,1,0,0.0486111111111,0.840277777778,0.111111111111,144,0.0821678321678,3.16442097936,23.5,12.7218045113,13.3228346457,18.9009194286,0.804294443768,0.440212930129,15.0818280875,1.28355983724,0.628890858944,8.63518578645,0.734909428634,0.414286183346,1.13795297801,0.359608593621,4.28871048205,3.16442097936,1.13795297801,4.28871048205,0.401839098089,0.456824897614,8812,0.0180816835746,0.0914000825962,144,144,144,1,0,0.0763888888889,0.805555555556,0.118055555556,144,1928,0.0936285936286,3.16396441187,26.7777777778,14.4962406015,15.1811023622,21.0757688872,0.787061908652,0.434333938451,16.4975569758,1.23218267869,0.610758125864,10.2500971246,0.765567420097,0.430908540802,1.13436550128,0.358526631028,4.11096123568,3.16396441187,1.13436550128,4.11096123568,0.449722494788,0.521237708567,12881,0.0264310220296,0.114990164007,144,144,144,1,0,0.0763888888889,0.805555555556,0.118055555556,-187,-0.0090811965812,-0.119436107468,-2.59722222222,-0.941715602876,-1.3423351378,-2.05017845681,-0.000204383911326,0.00279335531457,-2.22024755075,-0.0422210337556,-0.0116052836443,-0.169403655319,0.0561546010366,0.0292044430875,0.00850918400516,0.0156332463666,-0.0344777732624,-0.119436107468,0.00850918400516,-0.0344777732624,-0.056552368108,-0.0267881996283,-3336,-0.00684526740865,-0.000819355656234,0.0277777777778,-0.0347222222222,0.00694444444444,1924,4,191,18473,0.909692671395,0.99978351464,0.000216485360178,0.0903073286052,0.997925311203,0.909692671395,0.951768488746,0.947777445457,0.909476186035,0.907975460123,236,423,0,5,4,5
673,WLNM_dir_neg_kfold,0.866254212565,0.540907337516,00:00:19,10,80,15,16360,threshold_sweep,0.7,0.983050847458,0.548463356974,0.704097116844,232,4,191,842,0.548463356974,0.995271867612,0.00472813238771,0.451536643026,0.983050847458,0.548463356974,0.704097116844,0.8463356974,0.604675597583,0.611295681063,0.658774335503,0.543735224586,2154,1731,423,0,2154,0,1731,0,423,144,2115,0.10270979021,3.28340051934,29.375,15.4379562044,16.5234375,23.125947344,0.787266292563,0.431540583136,18.7178045265,1.27440371245,0.622363409509,10.41950078,0.709412819061,0.401704097715,1.12585631727,0.342893384662,4.14543900894,3.28340051934,1.12585631727,4.14543900894,0.506274862896,0.548025908195,16217,0.0332762894383,0.115809519663,144,144,144,1,0,0.0486111111111,0.840277777778,0.111111111111,144,0.0821678321678,3.16442097936,23.5,12.7218045113,13.3228346457,18.9009194286,0.804294443768,0.440212930129,15.0818280875,1.28355983724,0.628890858944,8.63518578645,0.734909428634,0.414286183346,1.13795297801,0.359608593621,4.28871048205,3.16442097936,1.13795297801,4.28871048205,0.401839098089,0.456824897614,8812,0.0180816835746,0.0914000825962,144,144,144,1,0,0.0763888888889,0.805555555556,0.118055555556,144,1928,0.0936285936286,3.16396441187,26.7777777778,14.4962406015,15.1811023622,21.0757688872,0.787061908652,0.434333938451,16.4975569758,1.23218267869,0.610758125864,10.2500971246,0.765567420097,0.430908540802,1.13436550128,0.358526631028,4.11096123568,3.16396441187,1.13436550128,4.11096123568,0.449722494788,0.521237708567,12881,0.0264310220296,0.114990164007,144,144,144,1,0,0.0763888888889,0.805555555556,0.118055555556,-187,-0.0090811965812,-0.119436107468,-2.59722222222,-0.941715602876,-1.3423351378,-2.05017845681,-0.000204383911326,0.00279335531457,-2.22024755075,-0.0422210337556,-0.0116052836443,-0.169403655319,0.0561546010366,0.0292044430875,0.00850918400516,0.0156332463666,-0.0344777732624,-0.119436107468,0.00850918400516,-0.0344777732624,-0.056552368108,-0.0267881996283,-3336,-0.00684526740865,-0.000819355656234,0.0277777777778,-0.0347222222222,0.00694444444444,1924,4,191,18473,0.909692671395,0.99978351464,0.000216485360178,0.0903073286052,0.997925311203,0.909692671395,0.951768488746,0.947777445457,0.909476186035,0.907975460123,236,423,0,5,4,5
674,WLNM_dir_neg_kfold,0.866254212565,0.540907337516,00:00:19,10,80,15,16360,threshold_sweep,0.8,0.983050847458,0.548463356974,0.704097116844,232,4,191,842,0.548463356974,0.995271867612,0.00472813238771,0.451536643026,0.983050847458,0.548463356974,0.704097116844,0.8463356974,0.604675597583,0.611295681063,0.658774335503,0.543735224586,2154,1731,423,0,2154,0,1731,0,423,144,2115,0.10270979021,3.28340051934,29.375,15.4379562044,16.5234375,23.125947344,0.787266292563,0.431540583136,18.7178045265,1.27440371245,0.622363409509,10.41950078,0.709412819061,0.401704097715,1.12585631727,0.342893384662,4.14543900894,3.28340051934,1.12585631727,4.14543900894,0.506274862896,0.548025908195,16217,0.0332762894383,0.115809519663,144,144,144,1,0,0.0486111111111,0.840277777778,0.111111111111,144,0.0821678321678,3.16442097936,23.5,12.7218045113,13.3228346457,18.9009194286,0.804294443768,0.440212930129,15.0818280875,1.28355983724,0.628890858944,8.63518578645,0.734909428634,0.414286183346,1.13795297801,0.359608593621,4.28871048205,3.16442097936,1.13795297801,4.28871048205,0.401839098089,0.456824897614,8812,0.0180816835746,0.0914000825962,144,144,144,1,0,0.0763888888889,0.805555555556,0.118055555556,144,1928,0.0936285936286,3.16396441187,26.7777777778,14.4962406015,15.1811023622,21.0757688872,0.787061908652,0.434333938451,16.4975569758,1.23218267869,0.610758125864,10.2500971246,0.765567420097,0.430908540802,1.13436550128,0.358526631028,4.11096123568,3.16396441187,1.13436550128,4.11096123568,0.449722494788,0.521237708567,12881,0.0264310220296,0.114990164007,144,144,144,1,0,0.0763888888889,0.805555555556,0.118055555556,-187,-0.0090811965812,-0.119436107468,-2.59722222222,-0.941715602876,-1.3423351378,-2.05017845681,-0.000204383911326,0.00279335531457,-2.22024755075,-0.0422210337556,-0.0116052836443,-0.169403655319,0.0561546010366,0.0292044430875,0.00850918400516,0.0156332463666,-0.0344777732624,-0.119436107468,0.00850918400516,-0.0344777732624,-0.056552368108,-0.0267881996283,-3336,-0.00684526740865,-0.000819355656234,0.0277777777778,-0.0347222222222,0.00694444444444,1924,4,191,18473,0.909692671395,0.99978351464,0.000216485360178,0.0903073286052,0.997925311203,0.909692671395,0.951768488746,0.947777445457,0.909476186035,0.907975460123,236,423,0,5,4,5
675,WLNM_dir_neg_kfold,0.866254212565,0.540907337516,00:00:19,10,80,15,16360,threshold_sweep,0.9,0.982832618026,0.541371158392,0.698170731707,229,4,194,842,0.541371158392,0.995271867612,0.00472813238771,0.458628841608,0.982832618026,0.541371158392,0.698170731707,0.843971631206,0.605463619648,0.604527296937,0.653405847554,0.536643026005,2154,1731,423,0,2154,0,1731,0,423,144,2115,0.10270979021,3.28340051934,29.375,15.4379562044,16.5234375,23.125947344,0.787266292563,0.431540583136,18.7178045265,1.27440371245,0.622363409509,10.41950078,0.709412819061,0.401704097715,1.12585631727,0.342893384662,4.14543900894,3.28340051934,1.12585631727,4.14543900894,0.506274862896,0.548025908195,16217,0.0332762894383,0.115809519663,144,144,144,1,0,0.0486111111111,0.840277777778,0.111111111111,144,0.0821678321678,3.16442097936,23.5,12.7218045113,13.3228346457,18.9009194286,0.804294443768,0.440212930129,15.0818280875,1.28355983724,0.628890858944,8.63518578645,0.734909428634,0.414286183346,1.13795297801,0.359608593621,4.28871048205,3.16442097936,1.13795297801,4.28871048205,0.401839098089,0.456824897614,8812,0.0180816835746,0.0914000825962,144,144,144,1,0,0.0763888888889,0.805555555556,0.118055555556,144,1925,0.0934829059829,3.16220463453,26.7361111111,14.4736842105,15.157480315,21.0570275003,0.787587522089,0.434498556999,16.4957068065,1.23396456111,0.611150793651,10.2348277801,0.765618285891,0.430862193362,1.13303245341,0.3583045958,4.10785399266,3.16220463453,1.13303245341,4.10785399266,0.448966982894,0.520242942362,12820,0.0263058537706,0.115002343574,144,144,144,1,0,0.0763888888889,0.805555555556,0.118055555556,-190,-0.00922688422688,-0.12119588481,-2.63888888889,-0.964271993853,-1.36595718504,-2.06891984374,0.000321229525998,0.00295797386223,-2.22209772004,-0.0404391513359,-0.011212615858,-0.184672999812,0.0562054668305,0.0291580956475,0.00717613613464,0.015411211138,-0.0375850162748,-0.12119588481,0.00717613613464,-0.0375850162748,-0.0573078800021,-0.0277829658328,-3397,-0.00697043566762,-0.000807176088713,0.0277777777778,-0.0347222222222,0.00694444444444,1921,4,194,18473,0.908274231678,0.99978351464,0.000216485360178,0.0917257683215,0.997922077922,0.908274231678,0.95099009901,0.946960256381,0.908057746318,0.906559697971,233,423,0,5,4,5
676,WLNM_dir_neg_kfold,0.865439643658,0.681220047728,00:00:18,10,80,16,16361,threshold_sweep,0.1,0.94422310757,0.560283687943,0.703264094955,237,14,186,832,0.560283687943,0.983451536643,0.016548463357,0.439716312057,0.94422310757,0.560283687943,0.703264094955,0.842395587076,0.60073548726,0.605263157895,0.643475600891,0.543735224586,2154,1731,423,0,2154,0,1731,0,423,144,2115,0.10270979021,3.28340051934,29.375,15.4379562044,16.5234375,23.125947344,0.787266292563,0.431540583136,18.7178045265,1.27440371245,0.622363409509,10.41950078,0.709412819061,0.401704097715,1.12585631727,0.342893384662,4.14543900894,3.28340051934,1.12585631727,4.14543900894,0.506274862896,0.548025908195,16217,0.0332762894383,0.115809519663,144,144,144,1,0,0.0486111111111,0.840277777778,0.111111111111,144,0.0821678321678,3.16442097936,23.5,12.7218045113,13.3228346457,18.9009194286,0.804294443768,0.440212930129,15.0818280875,1.28355983724,0.628890858944,8.63518578645,0.734909428634,0.414286183346,1.13795297801,0.359608593621,4.28871048205,3.16442097936,1.13795297801,4.28871048205,0.401839098089,0.456824897614,8812,0.0180816835746,0.0914000825962,144,144,144,1,0,0.0763888888889,0.805555555556,0.118055555556,144,1943,0.094357031857,5.3832644804,26.9861111111,13.6830985915,15.2992125984,20.9945001493,0.777974272131,0.430437610797,16.4108085344,1.21624108541,0.600857065248,10.318695456,0.764741196942,0.430730685652,1.53269831241,0.284715402335,6.44316424244,5.3832644804,1.53269831241,6.44316424244,0.441653208826,0.516044716101,12833,0.0263325289734,0.109604111673,144,144,144,1,0,0.0138888888889,0.868055555556,0.118055555556,-172,-0.00835275835276,2.09986396106,-2.38888888889,-1.75485761283,-1.22422490157,-2.13144719474,-0.00929202043257,-0.00110297233974,-2.30699599216,-0.0581626270355,-0.0215063442603,-0.10080532399,0.0553283778816,0.0290265879375,0.406841995139,-0.0581779823265,2.29772523351,2.09986396106,0.406841995139,2.29772523351,-0.0646216540697,-0.0319811920939,-3384,-0.00694376046489,-0.00620540799015,-0.0347222222222,0.0277777777778,0.00694444444444,1929,14,186,18463,0.912056737589,0.999242301239,0.000757698760621,0.0879432624113,0.992794647452,0.912056737589,0.950714637753,0.946384573971,0.911299038828,0.906059182715,251,423,0,5,4,5
677,WLNM_dir_neg_kfold,0.865439643658,0.681220047728,00:00:18,10,80,16,16361,threshold_sweep,0.2,0.94422310757,0.560283687943,0.703264094955,237,14,186,832,0.560283687943,0.983451536643,0.016548463357,0.439716312057,0.94422310757,0.560283687943,0.703264094955,0.842395587076,0.60073548726,0.605263157895,0.643475600891,0.543735224586,2154,1731,423,0,2154,0,1731,0,423,144,2115,0.10270979021,3.28340051934,29.375,15.4379562044,16.5234375,23.125947344,0.787266292563,0.431540583136,18.7178045265,1.27440371245,0.622363409509,10.41950078,0.709412819061,0.401704097715,1.12585631727,0.342893384662,4.14543900894,3.28340051934,1.12585631727,4.14543900894,0.506274862896,0.548025908195,16217,0.0332762894383,0.115809519663,144,144,144,1,0,0.0486111111111,0.840277777778,0.111111111111,144,0.0821678321678,3.16442097936,23.5,12.7218045113,13.3228346457,18.9009194286,0.804294443768,0.440212930129,15.0818280875,1.28355983724,0.628890858944,8.63518578645,0.734909428634,0.414286183346,1.13795297801,0.359608593621,4.28871048205,3.16442097936,1.13795297801,4.28871048205,0.401839098089,0.456824897614,8812,0.0180816835746,0.0914000825962,144,144,144,1,0,0.0763888888889,0.805555555556,0.118055555556,144,1943,0.094357031857,5.3832644804,26.9861111111,13.6830985915,15.2992125984,20.9945001493,0.777974272131,0.430437610797,16.4108085344,1.21624108541,0.600857065248,10.318695456,0.764741196942,0.430730685652,1.53269831241,0.284715402335,6.44316424244,5.3832644804,1.53269831241,6.44316424244,0.441653208826,0.516044716101,12833,0.0263325289734,0.109604111673,144,144,144,1,0,0.0138888888889,0.868055555556,0.118055555556,-172,-0.00835275835276,2.09986396106,-2.38888888889,-1.75485761283,-1.22422490157,-2.13144719474,-0.00929202043257,-0.00110297233974,-2.30699599216,-0.0581626270355,-0.0215063442603,-0.10080532399,0.0553283778816,0.0290265879375,0.406841995139,-0.0581779823265,2.29772523351,2.09986396106,0.406841995139,2.29772523351,-0.0646216540697,-0.0319811920939,-3384,-0.00694376046489,-0.00620540799015,-0.0347222222222,0.0277777777778,0.00694444444444,1929,14,186,18463,0.912056737589,0.999242301239,0.000757698760621,0.0879432624113,0.992794647452,0.912056737589,0.950714637753,0.946384573971,0.911299038828,0.906059182715,251,423,0,5,4,5
678,WLNM_dir_neg_kfold,0.865439643658,0.681220047728,00:00:18,10,80,16,16361,threshold_sweep,0.3,0.94422310757,0.560283687943,0.703264094955,237,14,186,832,0.560283687943,0.983451536643,0.016548463357,0.439716312057,0.94422310757,0.560283687943,0.703264094955,0.842395587076,0.60073548726,0.605263157895,0.643475600891,0.543735224586,2154,1731,423,0,2154,0,1731,0,423,144,2115,0.10270979021,3.28340051934,29.375,15.4379562044,16.5234375,23.125947344,0.787266292563,0.431540583136,18.7178045265,1.27440371245,0.622363409509,10.41950078,0.709412819061,0.401704097715,1.12585631727,0.342893384662,4.14543900894,3.28340051934,1.12585631727,4.14543900894,0.506274862896,0.548025908195,16217,0.0332762894383,0.115809519663,144,144,144,1,0,0.0486111111111,0.840277777778,0.111111111111,144,0.0821678321678,3.16442097936,23.5,12.7218045113,13.3228346457,18.9009194286,0.804294443768,0.440212930129,15.0818280875,1.28355983724,0.628890858944,8.63518578645,0.734909428634,0.414286183346,1.13795297801,0.359608593621,4.28871048205,3.16442097936,1.13795297801,4.28871048205,0.401839098089,0.456824897614,8812,0.0180816835746,0.0914000825962,144,144,144,1,0,0.0763888888889,0.805555555556,0.118055555556,144,1943,0.094357031857,5.3832644804,26.9861111111,13.6830985915,15.2992125984,20.9945001493,0.777974272131,0.430437610797,16.4108085344,1.21624108541,0.600857065248,10.318695456,0.764741196942,0.430730685652,1.53269831241,0.284715402335,6.44316424244,5.3832644804,1.53269831241,6.44316424244,0.441653208826,0.516044716101,12833,0.0263325289734,0.109604111673,144,144,144,1,0,0.0138888888889,0.868055555556,0.118055555556,-172,-0.00835275835276,2.09986396106,-2.38888888889,-1.75485761283,-1.22422490157,-2.13144719474,-0.00929202043257,-0.00110297233974,-2.30699599216,-0.0581626270355,-0.0215063442603,-0.10080532399,0.0553283778816,0.0290265879375,0.406841995139,-0.0581779823265,2.29772523351,2.09986396106,0.406841995139,2.29772523351,-0.0646216540697,-0.0319811920939,-3384,-0.00694376046489,-0.00620540799015,-0.0347222222222,0.0277777777778,0.00694444444444,1929,14,186,18463,0.912056737589,0.999242301239,0.000757698760621,0.0879432624113,0.992794647452,0.912056737589,0.950714637753,0.946384573971,0.911299038828,0.906059182715,251,423,0,5,4,5
679,WLNM_dir_neg_kfold,0.865439643658,0.681220047728,00:00:18,10,80,16,16361,threshold_sweep,0.4,0.947580645161,0.555555555556,0.70044709389,235,13,188,833,0.555555555556,0.98463356974,0.01536643026,0.444444444444,0.947580645161,0.555555555556,0.70044709389,0.841607565012,0.601523509325,0.602504943968,0.642188450635,0.540189125296,2154,1731,423,0,2154,0,1731,0,423,144,2115,0.10270979021,3.28340051934,29.375,15.4379562044,16.5234375,23.125947344,0.787266292563,0.431540583136,18.7178045265,1.27440371245,0.622363409509,10.41950078,0.709412819061,0.401704097715,1.12585631727,0.342893384662,4.14543900894,3.28340051934,1.12585631727,4.14543900894,0.506274862896,0.548025908195,16217,0.0332762894383,0.115809519663,144,144,144,1,0,0.0486111111111,0.840277777778,0.111111111111,144,0.0821678321678,3.16442097936,23.5,12.7218045113,13.3228346457,18.9009194286,0.804294443768,0.440212930129,15.0818280875,1.28355983724,0.628890858944,8.63518578645,0.734909428634,0.414286183346,1.13795297801,0.359608593621,4.28871048205,3.16442097936,1.13795297801,4.28871048205,0.401839098089,0.456824897614,8812,0.0180816835746,0.0914000825962,144,144,144,1,0,0.0763888888889,0.805555555556,0.118055555556,144,1940,0.0942113442113,5.378450813,26.9444444444,13.661971831,15.2755905512,20.9970952962,0.779273639859,0.43098152921,16.4188806738,1.2187210397,0.601338774341,10.3044185271,0.764864055618,0.430756013746,1.53136493979,0.284722310017,6.43925212538,5.378450813,1.53136493979,6.43925212538,0.442115793955,0.516849556096,12827,0.0263202173413,0.10981089992,144,144,144,1,0,0.0138888888889,0.868055555556,0.118055555556,-175,-0.00849844599845,2.09505029367,-2.43055555556,-1.77598437339,-1.24784694882,-2.12885204784,-0.00799265270392,-0.000559053926706,-2.29892385276,-0.0556826727423,-0.0210246351674,-0.115082252885,0.0554512365568,0.029051916031,0.405508622514,-0.0581710746449,2.29381311644,2.09505029367,0.405508622514,2.29381311644,-0.0641590689408,-0.0311763520991,-3390,-0.00695607209692,-0.00599861974314,-0.0347222222222,0.0277777777778,0.00694444444444,1927,13,188,18464,0.911111111111,0.999296422579,0.000703577420577,0.0888888888889,0.993298969072,0.911111111111,0.950431565968,0.946113391852,0.910407533691,0.905545112782,248,423,0,5,4,5
680,WLNM_dir_neg_kfold,0.865439643658,0.681220047728,00:00:18,10,80,16,16361,threshold_sweep,0.5,0.97489539749,0.550827423168,0.703927492447,233,6,190,840,0.550827423168,0.992907801418,0.00709219858156,0.449172576832,0.97489539749,0.550827423168,0.703927492447,0.845547675335,0.603887575519,0.610079575597,0.655579358587,0.543735224586,2154,1731,423,0,2154,0,1731,0,423,144,2115,0.10270979021,3.28340051934,29.375,15.4379562044,16.5234375,23.125947344,0.787266292563,0.431540583136,18.7178045265,1.27440371245,0.622363409509,10.41950078,0.709412819061,0.401704097715,1.12585631727,0.342893384662,4.14543900894,3.28340051934,1.12585631727,4.14543900894,0.506274862896,0.548025908195,16217,0.0332762894383,0.115809519663,144,144,144,1,0,0.0486111111111,0.840277777778,0.111111111111,144,0.0821678321678,3.16442097936,23.5,12.7218045113,13.3228346457,18.9009194286,0.804294443768,0.440212930129,15.0818280875,1.28355983724,0.628890858944,8.63518578645,0.734909428634,0.414286183346,1.13795297801,0.359608593621,4.28871048205,3.16442097936,1.13795297801,4.28871048205,0.401839098089,0.456824897614,8812,0.0180816835746,0.0914000825962,144,144,144,1,0,0.0763888888889,0.805555555556,0.118055555556,144,1931,0.0937742812743,3.40695229564,26.8194444444,14.1985294118,15.2047244094,21.0246783991,0.783934150563,0.43290033949,16.4667128502,1.22796822912,0.607856464699,10.2270812811,0.762661680208,0.429501841303,1.19074798544,0.349505329725,4.3801247581,3.40695229564,1.19074798544,4.3801247581,0.447360612576,0.519301656742,12820,0.0263058537706,0.113155377876,144,144,144,1,0,0.0555555555556,0.826388888889,0.118055555556,-184,-0.00893550893551,0.123551776304,-2.55555555556,-1.23942679261,-1.31871309055,-2.10126894491,-0.00333214199982,0.00135975635386,-2.25109167636,-0.046435483328,-0.01450694481,-0.192419498833,0.0532488611472,0.027797743588,0.0648916681699,0.0066119450633,0.234685749159,0.123551776304,0.0648916681699,0.234685749159,-0.0589142503196,-0.0287242514525,-3397,-0.00697043566762,-0.00265414178689,0.00694444444444,-0.0138888888889,0.00694444444444,1925,6,190,18471,0.910165484634,0.99967527196,0.000324728040266,0.0898345153664,0.996892801657,0.910165484634,0.951557093426,0.947496706897,0.909840756593,0.907590759076,239,423,0,5,4,5
681,WLNM_dir_neg_kfold,0.865439643658,0.681220047728,00:00:18,10,80,16,16361,threshold_sweep,0.6,0.978902953586,0.548463356974,0.70303030303,232,5,191,841,0.548463356974,0.994089834515,0.00591016548463,0.451536643026,0.978902953586,0.548463356974,0.70303030303,0.845547675335,0.604412923562,0.609561752988,0.656271683691,0.542553191489,2154,1731,423,0,2154,0,1731,0,423,144,2115,0.10270979021,3.28340051934,29.375,15.4379562044,16.5234375,23.125947344,0.787266292563,0.431540583136,18.7178045265,1.27440371245,0.622363409509,10.41950078,0.709412819061,0.401704097715,1.12585631727,0.342893384662,4.14543900894,3.28340051934,1.12585631727,4.14543900894,0.506274862896,0.548025908195,16217,0.0332762894383,0.115809519663,144,144,144,1,0,0.0486111111111,0.840277777778,0.111111111111,144,0.0821678321678,3.16442097936,23.5,12.7218045113,13.3228346457,18.9009194286,0.804294443768,0.440212930129,15.0818280875,1.28355983724,0.628890858944,8.63518578645,0.734909428634,0.414286183346,1.13795297801,0.359608593621,4.28871048205,3.16442097936,1.13795297801,4.28871048205,0.401839098089,0.456824897614,8812,0.0180816835746,0.0914000825962,144,144,144,1,0,0.0763888888889,0.805555555556,0.118055555556,144,1929,0.0936771561772,3.40385965042,26.7916666667,14.1838235294,15.188976378,21.0111109468,0.784240533005,0.433003571223,16.4632325038,1.2289815866,0.60809069178,10.2310501959,0.763748692699,0.430083952537,1.18894404685,0.349292911271,4.37662665847,3.40385965042,1.18894404685,4.37662665847,0.447578669528,0.519492624412,12819,0.026303801832,0.1131378954,144,144,144,1,0,0.0555555555556,0.826388888889,0.118055555556,-186,-0.00903263403263,0.120459131081,-2.58333333333,-1.25413267497,-1.33446112205,-2.11483639729,-0.00302575955836,0.00146298808653,-2.2545720227,-0.0454221258443,-0.0142727177284,-0.188450584013,0.0543358736378,0.0283798548226,0.0630877295761,0.0063995266091,0.231187649529,0.120459131081,0.0630877295761,0.231187649529,-0.0586961933675,-0.0285332837825,-3398,-0.00697248760629,-0.00267162426259,0.00694444444444,-0.0138888888889,0.00694444444444,1924,5,191,18472,0.909692671395,0.9997293933,0.000270606700222,0.0903073286052,0.997407983411,0.909692671395,0.951533135509,0.947500745615,0.909422064695,0.907547169811,237,423,0,5,4,5
682,WLNM_dir_neg_kfold,0.865439643658,0.681220047728,00:00:18,10,80,16,16361,threshold_sweep,0.7,0.987179487179,0.54609929078,0.703196347032,231,3,192,843,0.54609929078,0.996453900709,0.00354609929078,0.45390070922,0.987179487179,0.54609929078,0.703196347032,0.8463356974,0.605200945626,0.610778443114,0.659507265143,0.542553191489,2154,1731,423,0,2154,0,1731,0,423,144,2115,0.10270979021,3.28340051934,29.375,15.4379562044,16.5234375,23.125947344,0.787266292563,0.431540583136,18.7178045265,1.27440371245,0.622363409509,10.41950078,0.709412819061,0.401704097715,1.12585631727,0.342893384662,4.14543900894,3.28340051934,1.12585631727,4.14543900894,0.506274862896,0.548025908195,16217,0.0332762894383,0.115809519663,144,144,144,1,0,0.0486111111111,0.840277777778,0.111111111111,144,0.0821678321678,3.16442097936,23.5,12.7218045113,13.3228346457,18.9009194286,0.804294443768,0.440212930129,15.0818280875,1.28355983724,0.628890858944,8.63518578645,0.734909428634,0.414286183346,1.13795297801,0.359608593621,4.28871048205,3.16442097936,1.13795297801,4.28871048205,0.401839098089,0.456824897614,8812,0.0180816835746,0.0914000825962,144,144,144,1,0,0.0763888888889,0.805555555556,0.118055555556,144,1926,0.0935314685315,3.15640421936,26.75,14.4812030075,15.1653543307,21.0326087153,0.786265746366,0.433930425753,16.4796441505,1.23212292714,0.610389985001,10.2226096596,0.764307264266,0.430252682589,1.13093829448,0.358299576317,4.10348390774,3.15640421936,1.13093829448,4.10348390774,0.446816296507,0.519740312437,12809,0.0262832824453,0.115407432822,144,144,144,1,0,0.0763888888889,0.805555555556,0.118055555556,-189,-0.00917832167832,-0.126996299975,-2.625,-0.956753196861,-1.35808316929,-2.09333862875,-0.00100054619706,0.00238984261653,-2.23816037599,-0.0422807853014,-0.0119734245082,-0.196891120395,0.0548944452054,0.0285485848744,0.00508197720909,0.0154061916559,-0.0419551011942,-0.126996299975,0.00508197720909,-0.0419551011942,-0.0594585663888,-0.0282855957583,-3408,-0.00699300699301,-0.000402086841419,0.0277777777778,-0.0347222222222,0.00694444444444,1923,3,192,18474,0.909219858156,0.99983763598,0.000162364020133,0.090780141844,0.998442367601,0.909219858156,0.951744617669,0.947782083142,0.909057494136,0.907932011331,234,423,0,5,4,5
683,WLNM_dir_neg_kfold,0.865439643658,0.681220047728,00:00:18,10,80,16,16361,threshold_sweep,0.8,0.987124463519,0.543735224586,0.701219512195,230,3,193,843,0.543735224586,0.996453900709,0.00354609929078,0.456264775414,0.987124463519,0.543735224586,0.701219512195,0.845547675335,0.605463619648,0.608521970706,0.657723507339,0.540189125296,2154,1731,423,0,2154,0,1731,0,423,144,2115,0.10270979021,3.28340051934,29.375,15.4379562044,16.5234375,23.125947344,0.787266292563,0.431540583136,18.7178045265,1.27440371245,0.622363409509,10.41950078,0.709412819061,0.401704097715,1.12585631727,0.342893384662,4.14543900894,3.28340051934,1.12585631727,4.14543900894,0.506274862896,0.548025908195,16217,0.0332762894383,0.115809519663,144,144,144,1,0,0.0486111111111,0.840277777778,0.111111111111,144,0.0821678321678,3.16442097936,23.5,12.7218045113,13.3228346457,18.9009194286,0.804294443768,0.440212930129,15.0818280875,1.28355983724,0.628890858944,8.63518578645,0.734909428634,0.414286183346,1.13795297801,0.359608593621,4.28871048205,3.16442097936,1.13795297801,4.28871048205,0.401839098089,0.456824897614,8812,0.0180816835746,0.0914000825962,144,144,144,1,0,0.0763888888889,0.805555555556,0.118055555556,144,1925,0.0934829059829,3.15589679165,26.7361111111,14.4736842105,15.157480315,21.0281150827,0.786506122574,0.433993506494,16.4829840328,1.23301283155,0.610616883117,10.2129401859,0.763980980143,0.430054112554,1.13040542492,0.358188337437,4.10247759875,3.15589679165,1.13040542492,4.10247759875,0.447111440786,0.520042236933,12805,0.0262750746906,0.115103416117,144,144,144,1,0,0.0763888888889,0.805555555556,0.118055555556,-190,-0.00922688422688,-0.127503727682,-2.63888888889,-0.964271993853,-1.36595718504,-2.09783226133,-0.000760169989135,0.00245292335718,-2.23482049372,-0.041390880899,-0.0117465263919,-0.206560594013,0.0545681610824,0.0283500148394,0.00454910765006,0.0152949527752,-0.0429614101926,-0.127503727682,0.00454910765006,-0.0429614101926,-0.0591634221095,-0.0279836712619,-3412,-0.00700121474769,-0.000706103545718,0.0277777777778,-0.0347222222222,0.00694444444444,1922,3,193,18474,0.908747044917,0.99983763598,0.000162364020133,0.0912529550827,0.998441558442,0.908747044917,0.951485148515,0.947509765601,0.908584680897,0.9074598678,233,423,0,5,4,5
684,WLNM_dir_neg_kfold,0.865439643658,0.681220047728,00:00:18,10,80,16,16361,threshold_sweep,0.9,0.987012987013,0.539007092199,0.697247706422,228,3,195,843,0.539007092199,0.996453900709,0.00354609929078,0.460992907801,0.987012987013,0.539007092199,0.697247706422,0.843971631206,0.605988967691,0.604,0.654151795058,0.535460992908,2154,1731,423,0,2154,0,1731,0,423,144,2115,0.10270979021,3.28340051934,29.375,15.4379562044,16.5234375,23.125947344,0.787266292563,0.431540583136,18.7178045265,1.27440371245,0.622363409509,10.41950078,0.709412819061,0.401704097715,1.12585631727,0.342893384662,4.14543900894,3.28340051934,1.12585631727,4.14543900894,0.506274862896,0.548025908195,16217,0.0332762894383,0.115809519663,144,144,144,1,0,0.0486111111111,0.840277777778,0.111111111111,144,0.0821678321678,3.16442097936,23.5,12.7218045113,13.3228346457,18.9009194286,0.804294443768,0.440212930129,15.0818280875,1.28355983724,0.628890858944,8.63518578645,0.734909428634,0.414286183346,1.13795297801,0.359608593621,4.28871048205,3.16442097936,1.13795297801,4.28871048205,0.401839098089,0.456824897614,8812,0.0180816835746,0.0914000825962,144,144,144,1,0,0.0763888888889,0.805555555556,0.118055555556,144,1923,0.0933857808858,3.15355694235,26.7083333333,14.4586466165,15.1417322835,21.0353930849,0.787596620965,0.434419599006,16.4892288429,1.23476284627,0.611028052233,10.2100106847,0.764556182318,0.430255821344,1.1293208721,0.358110188825,4.09928163041,3.15355694235,1.1293208721,4.09928163041,0.447442632844,0.520464586778,12801,0.0262668669359,0.115287557615,144,144,144,1,0,0.0763888888889,0.805555555556,0.118055555556,-192,-0.00932400932401,-0.129843576985,-2.66666666667,-0.979309587838,-1.38170521654,-2.09055425911,0.000330328401673,0.00287901586985,-2.22857568368,-0.0396408661781,-0.0113353572756,-0.209490095249,0.0551433632573,0.0285517236292,0.00346455482248,0.0152168041639,-0.0461573785256,-0.129843576985,0.00346455482248,-0.0461573785256,-0.0588322300517,-0.0275613214169,-3416,-0.00700942250238,-0.000521962048005,0.0277777777778,-0.0347222222222,0.00694444444444,1920,3,195,18474,0.90780141844,0.99983763598,0.000162364020133,0.0921985815603,0.998439937598,0.90780141844,0.950965824666,0.946964983173,0.90763905442,0.906515580737,231,423,0,5,4,5
685,WLNM_dir_neg_kfold,0.840225731994,0.395565674426,00:00:19,10,80,17,16362,threshold_sweep,0.1,0.964285714286,0.574468085106,0.72,243,9,180,837,0.574468085106,0.989361702128,0.0106382978723,0.425531914894,0.964285714286,0.574468085106,0.72,0.851063829787,0.600472813239,0.627218934911,0.666258303079,0.563829787234,2154,1731,423,0,2154,0,1731,0,423,144,2115,0.10270979021,3.28340051934,29.375,15.4379562044,16.5234375,23.125947344,0.787266292563,0.431540583136,18.7178045265,1.27440371245,0.622363409509,10.41950078,0.709412819061,0.401704097715,1.12585631727,0.342893384662,4.14543900894,3.28340051934,1.12585631727,4.14543900894,0.506274862896,0.548025908195,16217,0.0332762894383,0.115809519663,144,144,144,1,0,0.0486111111111,0.840277777778,0.111111111111,144,0.0821678321678,3.16442097936,23.5,12.7218045113,13.3228346457,18.9009194286,0.804294443768,0.440212930129,15.0818280875,1.28355983724,0.628890858944,8.63518578645,0.734909428634,0.414286183346,1.13795297801,0.359608593621,4.28871048205,3.16442097936,1.13795297801,4.28871048205,0.401839098089,0.456824897614,8812,0.0180816835746,0.0914000825962,144,144,144,1,0,0.0763888888889,0.805555555556,0.118055555556,144,1944,0.0944055944056,4.35028125214,27,13.7872340426,15.3070866142,21.1911051402,0.784855745933,0.433316901006,16.5360382027,1.22489171872,0.604066643804,10.364679128,0.767754009482,0.431248571102,1.27309453835,0.292646489861,5.92709168402,4.35028125214,1.27309453835,5.92709168402,0.449010075104,0.522542951659,13058,0.0267942151745,0.1098815895,144,144,144,1,0,0.0208333333333,0.861111111111,0.118055555556,-171,-0.0083041958042,1.0668807328,-2.375,-1.65072216183,-1.21635088583,-1.93484220384,-0.00241054662989,0.00177631786962,-2.18176632386,-0.049511993728,-0.0182967657045,-0.0548216519472,0.0583411904213,0.0295444733872,0.147238221074,-0.0502468948002,1.78165267508,1.0668807328,0.147238221074,1.78165267508,-0.0572647877918,-0.0254829565355,-3159,-0.00648207426376,-0.00592793016284,-0.0277777777778,0.0208333333333,0.00694444444444,1935,9,180,18468,0.914893617021,0.99951290794,0.000487092060399,0.0851063829787,0.99537037037,0.914893617021,0.953436807095,0.949392881588,0.914406524961,0.911016949153,252,423,0,5,4,5
686,WLNM_dir_neg_kfold,0.840225731994,0.395565674426,00:00:19,10,80,17,16362,threshold_sweep,0.2,0.964,0.569739952719,0.716196136701,241,9,182,837,0.569739952719,0.989361702128,0.0106382978723,0.430260047281,0.964,0.569739952719,0.716196136701,0.849487785658,0.600998161282,0.622778143515,0.662657391455,0.559101654846,2154,1731,423,0,2154,0,1731,0,423,144,2115,0.10270979021,3.28340051934,29.375,15.4379562044,16.5234375,23.125947344,0.787266292563,0.431540583136,18.7178045265,1.27440371245,0.622363409509,10.41950078,0.709412819061,0.401704097715,1.12585631727,0.342893384662,4.14543900894,3.28340051934,1.12585631727,4.14543900894,0.506274862896,0.548025908195,16217,0.0332762894383,0.115809519663,144,144,144,1,0,0.0486111111111,0.840277777778,0.111111111111,144,0.0821678321678,3.16442097936,23.5,12.7218045113,13.3228346457,18.9009194286,0.804294443768,0.440212930129,15.0818280875,1.28355983724,0.628890858944,8.63518578645,0.734909428634,0.414286183346,1.13795297801,0.359608593621,4.28871048205,3.16442097936,1.13795297801,4.28871048205,0.401839098089,0.456824897614,8812,0.0180816835746,0.0914000825962,144,144,144,1,0,0.0763888888889,0.805555555556,0.118055555556,144,1942,0.0943084693085,4.34654778153,26.9722222222,13.7730496454,15.2913385827,21.1937266231,0.785761234224,0.433645153908,16.5427972669,1.22665438024,0.604502803524,10.3633202763,0.768443933976,0.431535358737,1.27167752712,0.29257185036,5.9230726486,4.34654778153,1.27167752712,5.9230726486,0.449279510287,0.522906371043,13050,0.0267777996651,0.11008049279,144,144,144,1,0,0.0208333333333,0.861111111111,0.118055555556,-173,-0.00840132090132,1.0631472622,-2.40277777778,-1.66490655899,-1.23209891732,-1.93222072096,-0.00150505833963,0.00210457077144,-2.17500725963,-0.0477493322004,-0.0178606059844,-0.0561805036925,0.0590311149154,0.029831261022,0.145821209845,-0.050321534302,1.77763363966,1.0631472622,0.145821209845,1.77763363966,-0.0569953526085,-0.0251195371517,-3167,-0.00649848977314,-0.00572902687299,-0.0277777777778,0.0208333333333,0.00694444444444,1933,9,182,18468,0.913947990544,0.99951290794,0.000487092060399,0.0860520094563,0.995365602472,0.913947990544,0.952920877496,0.948848436097,0.913460898483,0.910075329567,250,423,0,5,4,5
687,WLNM_dir_neg_kfold,0.840225731994,0.395565674426,00:00:19,10,80,17,16362,threshold_sweep,0.3,0.963855421687,0.567375886525,0.714285714286,240,9,183,837,0.567375886525,0.989361702128,0.0106382978723,0.432624113475,0.963855421687,0.567375886525,0.714285714286,0.848699763593,0.601260835303,0.620553359684,0.660854953845,0.556737588652,2154,1731,423,0,2154,0,1731,0,423,144,2115,0.10270979021,3.28340051934,29.375,15.4379562044,16.5234375,23.125947344,0.787266292563,0.431540583136,18.7178045265,1.27440371245,0.622363409509,10.41950078,0.709412819061,0.401704097715,1.12585631727,0.342893384662,4.14543900894,3.28340051934,1.12585631727,4.14543900894,0.506274862896,0.548025908195,16217,0.0332762894383,0.115809519663,144,144,144,1,0,0.0486111111111,0.840277777778,0.111111111111,144,0.0821678321678,3.16442097936,23.5,12.7218045113,13.3228346457,18.9009194286,0.804294443768,0.440212930129,15.0818280875,1.28355983724,0.628890858944,8.63518578645,0.734909428634,0.414286183346,1.13795297801,0.359608593621,4.28871048205,3.16442097936,1.13795297801,4.28871048205,0.401839098089,0.456824897614,8812,0.0180816835746,0.0914000825962,144,144,144,1,0,0.0763888888889,0.805555555556,0.118055555556,144,1941,0.0942599067599,4.34709934313,26.9583333333,13.7659574468,15.2834645669,21.1755483082,0.785491745591,0.433568034805,16.5224867962,1.22577954593,0.604302621787,10.3552079732,0.768237994919,0.431403486176,1.27236592269,0.292693086183,5.92434716552,4.34709934313,1.27236592269,5.92434716552,0.449085972591,0.522560714668,13025,0.0267265011983,0.110048766856,144,144,144,1,0,0.0208333333333,0.861111111111,0.118055555556,-174,-0.00844988344988,1.0636988238,-2.41666666667,-1.67199875757,-1.23997293307,-1.95039903582,-0.00177454697223,0.00202745166818,-2.19531773035,-0.048624166515,-0.0180607877216,-0.0642928067746,0.0588251758583,0.0296993884608,0.146509605413,-0.0502002984782,1.77890815658,1.0636988238,0.146509605413,1.77890815658,-0.0571888903046,-0.0254651935271,-3192,-0.00654978823993,-0.00576075280665,-0.0277777777778,0.0208333333333,0.00694444444444,1932,9,183,18468,0.913475177305,0.99951290794,0.000487092060399,0.086524822695,0.995363214838,0.913475177305,0.952662721893,0.948576139989,0.912988085245,0.909604519774,249,423,0,5,4,5
688,WLNM_dir_neg_kfold,0.840225731994,0.395565674426,00:00:19,10,80,17,16362,threshold_sweep,0.4,0.963709677419,0.565011820331,0.712369597615,239,9,184,837,0.565011820331,0.989361702128,0.0106382978723,0.434988179669,0.963709677419,0.565011820331,0.712369597615,0.847911741529,0.601523509325,0.618325642716,0.659051167063,0.554373522459,2154,1731,423,0,2154,0,1731,0,423,144,2115,0.10270979021,3.28340051934,29.375,15.4379562044,16.5234375,23.125947344,0.787266292563,0.431540583136,18.7178045265,1.27440371245,0.622363409509,10.41950078,0.709412819061,0.401704097715,1.12585631727,0.342893384662,4.14543900894,3.28340051934,1.12585631727,4.14543900894,0.506274862896,0.548025908195,16217,0.0332762894383,0.115809519663,144,144,144,1,0,0.0486111111111,0.840277777778,0.111111111111,144,0.0821678321678,3.16442097936,23.5,12.7218045113,13.3228346457,18.9009194286,0.804294443768,0.440212930129,15.0818280875,1.28355983724,0.628890858944,8.63518578645,0.734909428634,0.414286183346,1.13795297801,0.359608593621,4.28871048205,3.16442097936,1.13795297801,4.28871048205,0.401839098089,0.456824897614,8812,0.0180816835746,0.0914000825962,144,144,144,1,0,0.0763888888889,0.805555555556,0.118055555556,144,1940,0.0942113442113,4.34512531482,26.9444444444,13.7588652482,15.2755905512,21.1811295412,0.786103776786,0.433798682703,16.5245925838,1.22656769695,0.604431557847,10.3518144381,0.768382102619,0.431436139748,1.27241813819,0.292838076235,5.92334499009,4.34512531482,1.27241813819,5.92334499009,0.448986022113,0.522732138079,13023,0.026722397321,0.109974441302,144,144,144,1,0,0.0208333333333,0.861111111111,0.118055555556,-175,-0.00849844599845,1.06172479548,-2.43055555556,-1.67909095615,-1.24784694882,-1.94481780286,-0.0011625157771,0.00225809956699,-2.19321194269,-0.0478360154998,-0.0179318516623,-0.067686341894,0.0589692835582,0.0297320420333,0.146561820917,-0.0500553084266,1.77790598115,1.06172479548,0.146561820917,1.77790598115,-0.0572888407832,-0.0252937701162,-3194,-0.00655389211727,-0.00583507836069,-0.0277777777778,0.0208333333333,0.00694444444444,1931,9,184,18468,0.913002364066,0.99951290794,0.000487092060399,0.0869976359338,0.995360824742,0.913002364066,0.952404438964,0.948303794911,0.912515272006,0.909133709981,248,423,0,5,4,5
689,WLNM_dir_neg_kfold,0.840225731994,0.395565674426,00:00:19,10,80,17,16362,threshold_sweep,0.5,0.983402489627,0.560283687943,0.713855421687,237,4,186,842,0.560283687943,0.995271867612,0.00472813238771,0.439716312057,0.983402489627,0.560283687943,0.713855421687,0.850275807723,0.603362227476,0.622516556291,0.667694473329,0.555555555556,2154,1731,423,0,2154,0,1731,0,423,144,2115,0.10270979021,3.28340051934,29.375,15.4379562044,16.5234375,23.125947344,0.787266292563,0.431540583136,18.7178045265,1.27440371245,0.622363409509,10.41950078,0.709412819061,0.401704097715,1.12585631727,0.342893384662,4.14543900894,3.28340051934,1.12585631727,4.14543900894,0.506274862896,0.548025908195,16217,0.0332762894383,0.115809519663,144,144,144,1,0,0.0486111111111,0.840277777778,0.111111111111,144,0.0821678321678,3.16442097936,23.5,12.7218045113,13.3228346457,18.9009194286,0.804294443768,0.440212930129,15.0818280875,1.28355983724,0.628890858944,8.63518578645,0.734909428634,0.414286183346,1.13795297801,0.359608593621,4.28871048205,3.16442097936,1.13795297801,4.28871048205,0.401839098089,0.456824897614,8812,0.0180816835746,0.0914000825962,144,144,144,1,0,0.0763888888889,0.805555555556,0.118055555556,144,1933,0.0938714063714,3.26173138831,26.8472222222,14.2132352941,15.2204724409,21.2014379524,0.789706949082,0.435434270276,16.562059541,1.2338006073,0.609627378284,10.2831111868,0.766046565389,0.430652555038,1.16726240688,0.357865890203,4.81538152491,3.26173138831,1.16726240688,4.81538152491,0.45175690968,0.524572764402,13015,0.0267059818116,0.113114643008,144,144,144,1,0,0.0555555555556,0.826388888889,0.118055555556,-182,-0.00883838383838,-0.0216691310215,-2.52777777778,-1.22472091026,-1.30296505906,-1.92450939161,0.00244065651876,0.00389368714016,-2.15574498555,-0.0406031051494,-0.0127360312252,-0.136389593166,0.0566337463286,0.0289484573235,0.0414060896066,0.0149725055412,0.669942515966,-0.0216691310215,0.0414060896066,0.669942515966,-0.0545179532159,-0.0234531437925,-3202,-0.00657030762665,-0.00269487665543,0.00694444444444,-0.0138888888889,0.00694444444444,1929,4,186,18473,0.912056737589,0.99978351464,0.000216485360178,0.0879432624113,0.997930677703,0.912056737589,0.953063241107,0.949138446618,0.911840252228,0.910335063709,241,423,0,5,4,5
690,WLNM_dir_neg_kfold,0.840225731994,0.395565674426,00:00:19,10,80,17,16362,threshold_sweep,0.6,0.983402489627,0.560283687943,0.713855421687,237,4,186,842,0.560283687943,0.995271867612,0.00472813238771,0.439716312057,0.983402489627,0.560283687943,0.713855421687,0.850275807723,0.603362227476,0.622516556291,0.667694473329,0.555555555556,2154,1731,423,0,2154,0,1731,0,423,144,2115,0.10270979021,3.28340051934,29.375,15.4379562044,16.5234375,23.125947344,0.787266292563,0.431540583136,18.7178045265,1.27440371245,0.622363409509,10.41950078,0.709412819061,0.401704097715,1.12585631727,0.342893384662,4.14543900894,3.28340051934,1.12585631727,4.14543900894,0.506274862896,0.548025908195,16217,0.0332762894383,0.115809519663,144,144,144,1,0,0.0486111111111,0.840277777778,0.111111111111,144,0.0821678321678,3.16442097936,23.5,12.7218045113,13.3228346457,18.9009194286,0.804294443768,0.440212930129,15.0818280875,1.28355983724,0.628890858944,8.63518578645,0.734909428634,0.414286183346,1.13795297801,0.359608593621,4.28871048205,3.16442097936,1.13795297801,4.28871048205,0.401839098089,0.456824897614,8812,0.0180816835746,0.0914000825962,144,144,144,1,0,0.0763888888889,0.805555555556,0.118055555556,144,1933,0.0938714063714,3.26173138831,26.8472222222,14.2132352941,15.2204724409,21.2014379524,0.789706949082,0.435434270276,16.562059541,1.2338006073,0.609627378284,10.2831111868,0.766046565389,0.430652555038,1.16726240688,0.357865890203,4.81538152491,3.26173138831,1.16726240688,4.81538152491,0.45175690968,0.524572764402,13015,0.0267059818116,0.113114643008,144,144,144,1,0,0.0555555555556,0.826388888889,0.118055555556,-182,-0.00883838383838,-0.0216691310215,-2.52777777778,-1.22472091026,-1.30296505906,-1.92450939161,0.00244065651876,0.00389368714016,-2.15574498555,-0.0406031051494,-0.0127360312252,-0.136389593166,0.0566337463286,0.0289484573235,0.0414060896066,0.0149725055412,0.669942515966,-0.0216691310215,0.0414060896066,0.669942515966,-0.0545179532159,-0.0234531437925,-3202,-0.00657030762665,-0.00269487665543,0.00694444444444,-0.0138888888889,0.00694444444444,1929,4,186,18473,0.912056737589,0.99978351464,0.000216485360178,0.0879432624113,0.997930677703,0.912056737589,0.953063241107,0.949138446618,0.911840252228,0.910335063709,241,423,0,5,4,5
691,WLNM_dir_neg_kfold,0.840225731994,0.395565674426,00:00:19,10,80,17,16362,threshold_sweep,0.7,0.987394957983,0.555555555556,0.71104387292,235,3,188,843,0.555555555556,0.996453900709,0.00354609929078,0.444444444444,0.987394957983,0.555555555556,0.71104387292,0.849487785658,0.60415024954,0.619774386198,0.666628798844,0.552009456265,2154,1731,423,0,2154,0,1731,0,423,144,2115,0.10270979021,3.28340051934,29.375,15.4379562044,16.5234375,23.125947344,0.787266292563,0.431540583136,18.7178045265,1.27440371245,0.622363409509,10.41950078,0.709412819061,0.401704097715,1.12585631727,0.342893384662,4.14543900894,3.28340051934,1.12585631727,4.14543900894,0.506274862896,0.548025908195,16217,0.0332762894383,0.115809519663,144,144,144,1,0,0.0486111111111,0.840277777778,0.111111111111,144,0.0821678321678,3.16442097936,23.5,12.7218045113,13.3228346457,18.9009194286,0.804294443768,0.440212930129,15.0818280875,1.28355983724,0.628890858944,8.63518578645,0.734909428634,0.414286183346,1.13795297801,0.359608593621,4.28871048205,3.16442097936,1.13795297801,4.28871048205,0.401839098089,0.456824897614,8812,0.0180816835746,0.0914000825962,144,144,144,1,0,0.0763888888889,0.805555555556,0.118055555556,144,1930,0.0937257187257,3.21537522501,26.8055555556,14.4029850746,15.1968503937,21.1977956955,0.790798595893,0.435898819804,16.5661713799,1.23602522213,0.611168681635,10.275450712,0.766665752606,0.430843408175,1.17399739477,0.3651198733,4.76050414914,3.21537522501,1.17399739477,4.76050414914,0.450994209027,0.523718475231,12965,0.026603384878,0.114767615479,144,144,144,1,0,0.0694444444444,0.8125,0.118055555556,-185,-0.00898407148407,-0.0680252943232,-2.56944444444,-1.03497112975,-1.3265871063,-1.92815164858,0.00353230332972,0.00435823666793,-2.15163314664,-0.0383784903183,-0.0111947278738,-0.144050067949,0.0572529335449,0.0291393104603,0.0481410774933,0.0222264886382,0.615065140202,-0.0680252943232,0.0481410774933,0.615065140202,-0.055280653869,-0.0243074329636,-3252,-0.00667290456023,-0.00104190418419,0.0208333333333,-0.0277777777778,0.00694444444444,1927,3,188,18474,0.911111111111,0.99983763598,0.000162364020133,0.0888888888889,0.998445595855,0.911111111111,0.952781211372,0.948870863254,0.910948747091,0.909820585458,238,423,0,5,4,5
692,WLNM_dir_neg_kfold,0.840225731994,0.395565674426,00:00:19,10,80,17,16362,threshold_sweep,0.8,0.991561181435,0.555555555556,0.712121212121,235,2,188,844,0.555555555556,0.997635933806,0.00236406619385,0.444444444444,0.991561181435,0.555555555556,0.712121212121,0.850275807723,0.604412923562,0.621513944223,0.66913975592,0.553191489362,2154,1731,423,0,2154,0,1731,0,423,144,2115,0.10270979021,3.28340051934,29.375,15.4379562044,16.5234375,23.125947344,0.787266292563,0.431540583136,18.7178045265,1.27440371245,0.622363409509,10.41950078,0.709412819061,0.401704097715,1.12585631727,0.342893384662,4.14543900894,3.28340051934,1.12585631727,4.14543900894,0.506274862896,0.548025908195,16217,0.0332762894383,0.115809519663,144,144,144,1,0,0.0486111111111,0.840277777778,0.111111111111,144,0.0821678321678,3.16442097936,23.5,12.7218045113,13.3228346457,18.9009194286,0.804294443768,0.440212930129,15.0818280875,1.28355983724,0.628890858944,8.63518578645,0.734909428634,0.414286183346,1.13795297801,0.359608593621,4.28871048205,3.16442097936,1.13795297801,4.28871048205,0.401839098089,0.456824897614,8812,0.0180816835746,0.0914000825962,144,144,144,1,0,0.0763888888889,0.805555555556,0.118055555556,144,1929,0.0936771561772,3.15882484695,26.7916666667,14.5037593985,15.188976378,21.1877636543,0.790834102183,0.435879989632,16.5716156139,1.2370723942,0.611928316341,10.281505393,0.767515177084,0.431336760555,1.1336813136,0.358893376026,4.10849458071,3.15882484695,1.1336813136,4.10849458071,0.450994209027,0.523718475231,12965,0.026603384878,0.116495879836,144,144,144,1,0,0.0763888888889,0.805555555556,0.118055555556,-186,-0.00903263403263,-0.124575672385,-2.58333333333,-0.934196805883,-1.33446112205,-1.93818368972,0.00356780961986,0.00433940649561,-2.14618891261,-0.037331318248,-0.0104350931676,-0.137995386928,0.0581023580237,0.0296326628405,0.00782499632118,0.015999991364,-0.0369444282332,-0.124575672385,0.00782499632118,-0.0369444282332,-0.055280653869,-0.0243074329636,-3252,-0.00667290456023,0.000686360173041,0.0277777777778,-0.0347222222222,0.00694444444444,1927,2,188,18475,0.911111111111,0.99989175732,0.000108242680089,0.0888888888889,0.998963193364,0.911111111111,0.953016815035,0.949147739653,0.911002868431,0.910250354275,237,423,0,5,4,5
693,WLNM_dir_neg_kfold,0.840225731994,0.395565674426,00:00:19,10,80,17,16362,threshold_sweep,0.9,0.991525423729,0.553191489362,0.710166919575,234,2,189,844,0.553191489362,0.997635933806,0.00236406619385,0.446808510638,0.991525423729,0.553191489362,0.710166919575,0.849487785658,0.604675597583,0.61926910299,0.667367044227,0.550827423168,2154,1731,423,0,2154,0,1731,0,423,144,2115,0.10270979021,3.28340051934,29.375,15.4379562044,16.5234375,23.125947344,0.787266292563,0.431540583136,18.7178045265,1.27440371245,0.622363409509,10.41950078,0.709412819061,0.401704097715,1.12585631727,0.342893384662,4.14543900894,3.28340051934,1.12585631727,4.14543900894,0.506274862896,0.548025908195,16217,0.0332762894383,0.115809519663,144,144,144,1,0,0.0486111111111,0.840277777778,0.111111111111,144,0.0821678321678,3.16442097936,23.5,12.7218045113,13.3228346457,18.9009194286,0.804294443768,0.440212930129,15.0818280875,1.28355983724,0.628890858944,8.63518578645,0.734909428634,0.414286183346,1.13795297801,0.359608593621,4.28871048205,3.16442097936,1.13795297801,4.28871048205,0.401839098089,0.456824897614,8812,0.0180816835746,0.0914000825962,144,144,144,1,0,0.0763888888889,0.805555555556,0.118055555556,144,1928,0.0936285936286,3.15917206917,26.7777777778,14.4962406015,15.1811023622,21.1955413059,0.791534737565,0.436289764869,16.5753676503,1.23799426434,0.612306938681,10.2732670334,0.767297952704,0.431196692024,1.13339321289,0.358762735322,4.10849458071,3.15917206917,1.13339321289,4.10849458071,0.450326369241,0.523882647701,12964,0.0266013329394,0.116353338648,144,144,144,1,0,0.0763888888889,0.805555555556,0.118055555556,-187,-0.0090811965812,-0.124228450163,-2.59722222222,-0.941715602876,-1.3423351378,-1.93040603812,0.00426844500233,0.00474918173228,-2.14243687623,-0.036409448107,-0.0100564708274,-0.146233746533,0.057885133643,0.0294925943092,0.00753689561376,0.0158693506601,-0.0369444282332,-0.124228450163,0.00753689561376,-0.0369444282332,-0.0559484936544,-0.0241432604942,-3253,-0.0066749564989,0.000543818984704,0.0277777777778,-0.0347222222222,0.00694444444444,1926,2,189,18475,0.910638297872,0.99989175732,0.000108242680089,0.0893617021277,0.998962655602,0.910638297872,0.952757853079,0.948875696773,0.910530055192,0.909777987718,236,423,0,5,4,5
694,WLNM_dir_neg_kfold,0.860174985609,0.489769439578,00:00:19,10,80,18,16363,threshold_sweep,0.1,0.96,0.567375886525,0.713224368499,240,10,183,836,0.567375886525,0.988179669031,0.0118203309693,0.432624113475,0.96,0.567375886525,0.713224368499,0.847911741529,0.600998161282,0.618828176432,0.658454490452,0.555555555556,2154,1731,423,0,2154,0,1731,0,423,144,2115,0.10270979021,3.28340051934,29.375,15.4379562044,16.5234375,23.125947344,0.787266292563,0.431540583136,18.7178045265,1.27440371245,0.622363409509,10.41950078,0.709412819061,0.401704097715,1.12585631727,0.342893384662,4.14543900894,3.28340051934,1.12585631727,4.14543900894,0.506274862896,0.548025908195,16217,0.0332762894383,0.115809519663,144,144,144,1,0,0.0486111111111,0.840277777778,0.111111111111,144,0.0821678321678,3.16442097936,23.5,12.7218045113,13.3228346457,18.9009194286,0.804294443768,0.440212930129,15.0818280875,1.28355983724,0.628890858944,8.63518578645,0.734909428634,0.414286183346,1.13795297801,0.359608593621,4.28871048205,3.16442097936,1.13795297801,4.28871048205,0.401839098089,0.456824897614,8812,0.0180816835746,0.0914000825962,144,144,144,1,0,0.0763888888889,0.805555555556,0.118055555556,144,1942,0.0943084693085,4.32671217505,26.9722222222,13.9712230216,15.2913385827,21.0437255218,0.780199916361,0.431349410688,16.4406055863,1.21907683029,0.602829271084,10.3518425853,0.767592859054,0.431635484609,1.46236846255,0.337986074271,5.5803682289,4.32671217505,1.46236846255,5.5803682289,0.445863717869,0.521496676875,12999,0.0266731507929,0.111422233285,144,144,144,1,0,0.0347222222222,0.847222222222,0.118055555556,-173,-0.00840132090132,1.04331165571,-2.40277777778,-1.4667331828,-1.23209891732,-2.08222182221,-0.0070663762026,-0.000191172448606,-2.27719894026,-0.0553268821548,-0.0195341384252,-0.0676581946646,0.0581800399927,0.0299313868945,0.336512145271,-0.00490731039057,1.43492921996,1.04331165571,0.336512145271,1.43492921996,-0.0604111450272,-0.0265292313204,-3218,-0.00660313864539,-0.00438728637764,-0.0138888888889,0.00694444444444,0.00694444444444,1932,10,183,18467,0.913475177305,0.9994587866,0.000541213400444,0.086524822695,0.994850669413,0.913475177305,0.952427902391,0.948301088036,0.912933963905,0.909176470588,250,423,0,5,4,5
695,WLNM_dir_neg_kfold,0.860174985609,0.489769439578,00:00:19,10,80,18,16363,threshold_sweep,0.2,0.95983935743,0.565011820331,0.71130952381,239,10,184,836,0.565011820331,0.988179669031,0.0118203309693,0.434988179669,0.95983935743,0.565011820331,0.71130952381,0.847123719464,0.601260835303,0.616600790514,0.656645686623,0.553191489362,2154,1731,423,0,2154,0,1731,0,423,144,2115,0.10270979021,3.28340051934,29.375,15.4379562044,16.5234375,23.125947344,0.787266292563,0.431540583136,18.7178045265,1.27440371245,0.622363409509,10.41950078,0.709412819061,0.401704097715,1.12585631727,0.342893384662,4.14543900894,3.28340051934,1.12585631727,4.14543900894,0.506274862896,0.548025908195,16217,0.0332762894383,0.115809519663,144,144,144,1,0,0.0486111111111,0.840277777778,0.111111111111,144,0.0821678321678,3.16442097936,23.5,12.7218045113,13.3228346457,18.9009194286,0.804294443768,0.440212930129,15.0818280875,1.28355983724,0.628890858944,8.63518578645,0.734909428634,0.414286183346,1.13795297801,0.359608593621,4.28871048205,3.16442097936,1.13795297801,4.28871048205,0.401839098089,0.456824897614,8812,0.0180816835746,0.0914000825962,144,144,144,1,0,0.0763888888889,0.805555555556,0.118055555556,144,1941,0.0942599067599,4.33004929489,26.9583333333,13.964028777,15.2834645669,21.0480220156,0.78076124942,0.431607418856,16.4431501031,1.21989367071,0.602986003778,10.353857259,0.768137787376,0.431897217929,1.46360763935,0.338011773001,5.58624133667,4.33004929489,1.46360763935,5.58624133667,0.44602346914,0.521735640027,12998,0.0266710988542,0.111493642518,144,144,144,1,0,0.0347222222222,0.847222222222,0.118055555556,-174,-0.00844988344988,1.04664877555,-2.41666666667,-1.4739274274,-1.23997293307,-2.07792532844,-0.00650504314364,6.68357199318e-05,-2.27465442339,-0.0545100417324,-0.0193774057307,-0.0656435209502,0.0587249683152,0.0301931202142,0.337751322071,-0.00488161166102,1.44080232773,1.04664877555,0.337751322071,1.44080232773,-0.0602513937561,-0.0262902681676,-3219,-0.00660519058406,-0.0043158771453,-0.0138888888889,0.00694444444444,0.00694444444444,1931,10,184,18467,0.913002364066,0.9994587866,0.000541213400444,0.0869976359338,0.994848016486,0.913002364066,0.952169625247,0.948028665628,0.912461150666,0.908705882353,249,423,0,5,4,5
696,WLNM_dir_neg_kfold,0.860174985609,0.489769439578,00:00:19,10,80,18,16363,threshold_sweep,0.3,0.963709677419,0.565011820331,0.712369597615,239,9,184,837,0.565011820331,0.989361702128,0.0106382978723,0.434988179669,0.963709677419,0.565011820331,0.712369597615,0.847911741529,0.601523509325,0.618325642716,0.659051167063,0.554373522459,2154,1731,423,0,2154,0,1731,0,423,144,2115,0.10270979021,3.28340051934,29.375,15.4379562044,16.5234375,23.125947344,0.787266292563,0.431540583136,18.7178045265,1.27440371245,0.622363409509,10.41950078,0.709412819061,0.401704097715,1.12585631727,0.342893384662,4.14543900894,3.28340051934,1.12585631727,4.14543900894,0.506274862896,0.548025908195,16217,0.0332762894383,0.115809519663,144,144,144,1,0,0.0486111111111,0.840277777778,0.111111111111,144,0.0821678321678,3.16442097936,23.5,12.7218045113,13.3228346457,18.9009194286,0.804294443768,0.440212930129,15.0818280875,1.28355983724,0.628890858944,8.63518578645,0.734909428634,0.414286183346,1.13795297801,0.359608593621,4.28871048205,3.16442097936,1.13795297801,4.28871048205,0.401839098089,0.456824897614,8812,0.0180816835746,0.0914000825962,144,144,144,1,0,0.0763888888889,0.805555555556,0.118055555556,144,1940,0.0942113442113,4.30894438212,26.9444444444,13.9568345324,15.2755905512,21.061275165,0.781655573135,0.432141323024,16.4482423847,1.22090046567,0.603615406644,10.3592426516,0.768933475167,0.432366838488,1.47264468057,0.341764606358,5.57751677886,4.30894438212,1.47264468057,5.57751677886,0.446324916234,0.521705965795,12995,0.0266649430382,0.112066536635,144,144,144,1,0,0.0347222222222,0.847222222222,0.118055555556,-175,-0.00849844599845,1.02554386278,-2.43055555556,-1.48112167201,-1.24784694882,-2.06467217901,-0.00561071942785,0.000600739887727,-2.26956214187,-0.0535032467793,-0.018748002865,-0.0602581283952,0.0595206561066,0.0306627407732,0.346788363298,-0.00112877830346,1.43207776992,1.02554386278,0.346788363298,1.43207776992,-0.0599499466617,-0.0263199423998,-3222,-0.00661134640008,-0.00374298302807,-0.0138888888889,0.00694444444444,0.00694444444444,1931,9,184,18468,0.913002364066,0.99951290794,0.000487092060399,0.0869976359338,0.995360824742,0.913002364066,0.952404438964,0.948303794911,0.912515272006,0.909133709981,248,423,0,5,4,5
697,WLNM_dir_neg_kfold,0.860174985609,0.489769439578,00:00:19,10,80,18,16363,threshold_sweep,0.4,0.963414634146,0.560283687943,0.708520179372,237,9,186,837,0.560283687943,0.989361702128,0.0106382978723,0.439716312057,0.963414634146,0.560283687943,0.708520179372,0.8463356974,0.602048857368,0.613861386139,0.65543946091,0.549645390071,2154,1731,423,0,2154,0,1731,0,423,144,2115,0.10270979021,3.28340051934,29.375,15.4379562044,16.5234375,23.125947344,0.787266292563,0.431540583136,18.7178045265,1.27440371245,0.622363409509,10.41950078,0.709412819061,0.401704097715,1.12585631727,0.342893384662,4.14543900894,3.28340051934,1.12585631727,4.14543900894,0.506274862896,0.548025908195,16217,0.0332762894383,0.115809519663,144,144,144,1,0,0.0486111111111,0.840277777778,0.111111111111,144,0.0821678321678,3.16442097936,23.5,12.7218045113,13.3228346457,18.9009194286,0.804294443768,0.440212930129,15.0818280875,1.28355983724,0.628890858944,8.63518578645,0.734909428634,0.414286183346,1.13795297801,0.359608593621,4.28871048205,3.16442097936,1.13795297801,4.28871048205,0.401839098089,0.456824897614,8812,0.0180816835746,0.0914000825962,144,144,144,1,0,0.0763888888889,0.805555555556,0.118055555556,144,1938,0.0941142191142,4.31122375309,26.9166666667,13.9424460432,15.2598425197,21.0492263532,0.782014601359,0.432472623552,16.4448112845,1.22190548244,0.604087833964,10.3504163627,0.769071184844,0.432411707373,1.47054020142,0.341095773647,5.57614409487,4.31122375309,1.47054020142,5.57614409487,0.445824958455,0.520345368496,12937,0.0265459305952,0.112240684021,144,144,144,1,0,0.0347222222222,0.847222222222,0.118055555556,-177,-0.00859557109557,1.02782323375,-2.45833333333,-1.49551016121,-1.26359498031,-2.0767209908,-0.0052516912044,0.000932040416017,-2.27299324207,-0.0524982300078,-0.0182755755448,-0.0690844172619,0.0596583657833,0.0307076096583,0.34468388415,-0.00179761101451,1.43070508593,1.02782323375,0.34468388415,1.43070508593,-0.060449904441,-0.027680539699,-3280,-0.00673035884303,-0.00356883564197,-0.0138888888889,0.00694444444444,0.00694444444444,1929,9,186,18468,0.912056737589,0.99951290794,0.000487092060399,0.0879432624113,0.995356037152,0.912056737589,0.951887490748,0.947758957657,0.911569645528,0.908192090395,246,423,0,5,4,5
698,WLNM_dir_neg_kfold,0.860174985609,0.489769439578,00:00:19,10,80,18,16363,threshold_sweep,0.5,0.983193277311,0.553191489362,0.708018154312,234,4,189,842,0.553191489362,0.995271867612,0.00472813238771,0.446808510638,0.983193277311,0.553191489362,0.708018154312,0.847911741529,0.60415024954,0.615792966158,0.66234638686,0.548463356974,2154,1731,423,0,2154,0,1731,0,423,144,2115,0.10270979021,3.28340051934,29.375,15.4379562044,16.5234375,23.125947344,0.787266292563,0.431540583136,18.7178045265,1.27440371245,0.622363409509,10.41950078,0.709412819061,0.401704097715,1.12585631727,0.342893384662,4.14543900894,3.28340051934,1.12585631727,4.14543900894,0.506274862896,0.548025908195,16217,0.0332762894383,0.115809519663,144,144,144,1,0,0.0486111111111,0.840277777778,0.111111111111,144,0.0821678321678,3.16442097936,23.5,12.7218045113,13.3228346457,18.9009194286,0.804294443768,0.440212930129,15.0818280875,1.28355983724,0.628890858944,8.63518578645,0.734909428634,0.414286183346,1.13795297801,0.359608593621,4.28871048205,3.16442097936,1.13795297801,4.28871048205,0.401839098089,0.456824897614,8812,0.0180816835746,0.0914000825962,144,144,144,1,0,0.0763888888889,0.805555555556,0.118055555556,144,1930,0.0937257187257,3.27136205109,26.8055555556,14.4029850746,15.1968503937,21.0514779568,0.785340110305,0.4339917962,16.4632752753,1.22834799981,0.60902417962,10.2876934046,0.767579197026,0.431577432355,1.17674072213,0.359709718385,4.24206584484,3.27136205109,1.17674072213,4.24206584484,0.450938462327,0.52184789187,12934,0.0265397747792,0.114612292992,144,144,144,1,0,0.0694444444444,0.8125,0.118055555556,-185,-0.00898407148407,-0.0120384682432,-2.56944444444,-1.03497112975,-1.3265871063,-2.07446938726,-0.00192618225848,0.00245121306402,-2.25452925126,-0.046055712632,-0.0133392298888,-0.131807375376,0.0581663779648,0.0298733346399,0.0508844048598,0.0168163337236,0.0966268358985,-0.0120384682432,0.0508844048598,0.0966268358985,-0.0553364005691,-0.0261780163248,-3283,-0.00673651465905,-0.00119722667095,0.0208333333333,-0.0277777777778,0.00694444444444,1926,4,189,18473,0.910638297872,0.99978351464,0.000216485360178,0.0893617021277,0.99792746114,0.910638297872,0.952286773795,0.948321992782,0.910421812512,0.908919301557,238,423,0,5,4,5
699,WLNM_dir_neg_kfold,0.860174985609,0.489769439578,00:00:19,10,80,18,16363,threshold_sweep,0.6,0.982978723404,0.54609929078,0.702127659574,231,4,192,842,0.54609929078,0.995271867612,0.00472813238771,0.45390070922,0.982978723404,0.54609929078,0.702127659574,0.845547675335,0.604938271605,0.609042553191,0.656986248954,0.541371158392,2154,1731,423,0,2154,0,1731,0,423,144,2115,0.10270979021,3.28340051934,29.375,15.4379562044,16.5234375,23.125947344,0.787266292563,0.431540583136,18.7178045265,1.27440371245,0.622363409509,10.41950078,0.709412819061,0.401704097715,1.12585631727,0.342893384662,4.14543900894,3.28340051934,1.12585631727,4.14543900894,0.506274862896,0.548025908195,16217,0.0332762894383,0.115809519663,144,144,144,1,0,0.0486111111111,0.840277777778,0.111111111111,144,0.0821678321678,3.16442097936,23.5,12.7218045113,13.3228346457,18.9009194286,0.804294443768,0.440212930129,15.0818280875,1.28355983724,0.628890858944,8.63518578645,0.734909428634,0.414286183346,1.13795297801,0.359608593621,4.28871048205,3.16442097936,1.13795297801,4.28871048205,0.401839098089,0.456824897614,8812,0.0180816835746,0.0914000825962,144,144,144,1,0,0.0763888888889,0.805555555556,0.118055555556,144,1927,0.09358003108,3.25806991049,26.7638888889,14.4887218045,15.1732283465,21.0390865389,0.786099756515,0.434278239059,16.4656865194,1.23044050794,0.610040794557,10.2738697184,0.767741172519,0.431532174364,1.17806923622,0.361585008483,4.19476018338,3.25806991049,1.17806923622,4.19476018338,0.450892057156,0.521007496899,12880,0.0264289700909,0.115222504448,144,144,144,1,0,0.0763888888889,0.805555555556,0.118055555556,-188,-0.00912975912976,-0.0253306088429,-2.61111111111,-0.949234399868,-1.35020915354,-2.0868608051,-0.0011665360484,0.00273765592266,-2.2521180071,-0.043963204506,-0.0123226149519,-0.145631061593,0.0583283534583,0.0298280766496,0.0522129189484,0.0186916238212,0.0493211744399,-0.0253306088429,0.0522129189484,0.0493211744399,-0.0553828057393,-0.0270184112961,-3337,-0.00684731934732,-0.000587015215301,0.0277777777778,-0.0347222222222,0.00694444444444,1923,4,192,18473,0.909219858156,0.99978351464,0.000216485360178,0.090780141844,0.997924234561,0.909219858156,0.951509153884,0.947505098224,0.909003372796,0.907503539405,235,423,0,5,4,5
700,WLNM_dir_neg_kfold,0.860174985609,0.489769439578,00:00:19,10,80,18,16363,threshold_sweep,0.7,0.982978723404,0.54609929078,0.702127659574,231,4,192,842,0.54609929078,0.995271867612,0.00472813238771,0.45390070922,0.982978723404,0.54609929078,0.702127659574,0.845547675335,0.604938271605,0.609042553191,0.656986248954,0.541371158392,2154,1731,423,0,2154,0,1731,0,423,144,2115,0.10270979021,3.28340051934,29.375,15.4379562044,16.5234375,23.125947344,0.787266292563,0.431540583136,18.7178045265,1.27440371245,0.622363409509,10.41950078,0.709412819061,0.401704097715,1.12585631727,0.342893384662,4.14543900894,3.28340051934,1.12585631727,4.14543900894,0.506274862896,0.548025908195,16217,0.0332762894383,0.115809519663,144,144,144,1,0,0.0486111111111,0.840277777778,0.111111111111,144,0.0821678321678,3.16442097936,23.5,12.7218045113,13.3228346457,18.9009194286,0.804294443768,0.440212930129,15.0818280875,1.28355983724,0.628890858944,8.63518578645,0.734909428634,0.414286183346,1.13795297801,0.359608593621,4.28871048205,3.16442097936,1.13795297801,4.28871048205,0.401839098089,0.456824897614,8812,0.0180816835746,0.0914000825962,144,144,144,1,0,0.0763888888889,0.805555555556,0.118055555556,144,1927,0.09358003108,3.25806991049,26.7638888889,14.4887218045,15.1732283465,21.0390865389,0.786099756515,0.434278239059,16.4656865194,1.23044050794,0.610040794557,10.2738697184,0.767741172519,0.431532174364,1.17806923622,0.361585008483,4.19476018338,3.25806991049,1.17806923622,4.19476018338,0.450892057156,0.521007496899,12880,0.0264289700909,0.115222504448,144,144,144,1,0,0.0763888888889,0.805555555556,0.118055555556,-188,-0.00912975912976,-0.0253306088429,-2.61111111111,-0.949234399868,-1.35020915354,-2.0868608051,-0.0011665360484,0.00273765592266,-2.2521180071,-0.043963204506,-0.0123226149519,-0.145631061593,0.0583283534583,0.0298280766496,0.0522129189484,0.0186916238212,0.0493211744399,-0.0253306088429,0.0522129189484,0.0493211744399,-0.0553828057393,-0.0270184112961,-3337,-0.00684731934732,-0.000587015215301,0.0277777777778,-0.0347222222222,0.00694444444444,1923,4,192,18473,0.909219858156,0.99978351464,0.000216485360178,0.090780141844,0.997924234561,0.909219858156,0.951509153884,0.947505098224,0.909003372796,0.907503539405,235,423,0,5,4,5
701,WLNM_dir_neg_kfold,0.860174985609,0.489769439578,00:00:19,10,80,18,16363,threshold_sweep,0.8,0.982832618026,0.541371158392,0.698170731707,229,4,194,842,0.541371158392,0.995271867612,0.00472813238771,0.458628841608,0.982832618026,0.541371158392,0.698170731707,0.843971631206,0.605463619648,0.604527296937,0.653405847554,0.536643026005,2154,1731,423,0,2154,0,1731,0,423,144,2115,0.10270979021,3.28340051934,29.375,15.4379562044,16.5234375,23.125947344,0.787266292563,0.431540583136,18.7178045265,1.27440371245,0.622363409509,10.41950078,0.709412819061,0.401704097715,1.12585631727,0.342893384662,4.14543900894,3.28340051934,1.12585631727,4.14543900894,0.506274862896,0.548025908195,16217,0.0332762894383,0.115809519663,144,144,144,1,0,0.0486111111111,0.840277777778,0.111111111111,144,0.0821678321678,3.16442097936,23.5,12.7218045113,13.3228346457,18.9009194286,0.804294443768,0.440212930129,15.0818280875,1.28355983724,0.628890858944,8.63518578645,0.734909428634,0.414286183346,1.13795297801,0.359608593621,4.28871048205,3.16442097936,1.13795297801,4.28871048205,0.401839098089,0.456824897614,8812,0.0180816835746,0.0914000825962,144,144,144,1,0,0.0763888888889,0.805555555556,0.118055555556,144,1925,0.0934829059829,3.25233900769,26.7361111111,14.4736842105,15.157480315,21.0497200656,0.787314205052,0.434772727273,16.4719496801,1.23218740464,0.610458152958,10.2702956343,0.768271465633,0.431706349206,1.17512539126,0.36131700554,4.18799590256,3.25233900769,1.17512539126,4.18799590256,0.451307852991,0.521439850994,12878,0.0264248662136,0.115232719662,144,144,144,1,0,0.0763888888889,0.805555555556,0.118055555556,-190,-0.00922688422688,-0.0310615116465,-2.63888888889,-0.964271993853,-1.36595718504,-2.07622727843,4.79124883791e-05,0.0032321441364,-2.24585484647,-0.0422163078065,-0.0119052565506,-0.149205145629,0.0588586465719,0.0300022514916,0.0492690739838,0.0184236208782,0.0425568936176,-0.0310615116465,0.0492690739838,0.0425568936176,-0.0549670099049,-0.0265860572008,-3339,-0.00685142322466,-0.000576800001439,0.0277777777778,-0.0347222222222,0.00694444444444,1921,4,194,18473,0.908274231678,0.99978351464,0.000216485360178,0.0917257683215,0.997922077922,0.908274231678,0.95099009901,0.946960256381,0.908057746318,0.906559697971,233,423,0,5,4,5
702,WLNM_dir_neg_kfold,0.860174985609,0.489769439578,00:00:19,10,80,18,16363,threshold_sweep,0.9,0.98275862069,0.539007092199,0.696183206107,228,4,195,842,0.539007092199,0.995271867612,0.00472813238771,0.460992907801,0.98275862069,0.539007092199,0.696183206107,0.843183609141,0.60572629367,0.602265156562,0.651613489471,0.534278959811,2154,1731,423,0,2154,0,1731,0,423,144,2115,0.10270979021,3.28340051934,29.375,15.4379562044,16.5234375,23.125947344,0.787266292563,0.431540583136,18.7178045265,1.27440371245,0.622363409509,10.41950078,0.709412819061,0.401704097715,1.12585631727,0.342893384662,4.14543900894,3.28340051934,1.12585631727,4.14543900894,0.506274862896,0.548025908195,16217,0.0332762894383,0.115809519663,144,144,144,1,0,0.0486111111111,0.840277777778,0.111111111111,144,0.0821678321678,3.16442097936,23.5,12.7218045113,13.3228346457,18.9009194286,0.804294443768,0.440212930129,15.0818280875,1.28355983724,0.628890858944,8.63518578645,0.734909428634,0.414286183346,1.13795297801,0.359608593621,4.28871048205,3.16442097936,1.13795297801,4.28871048205,0.401839098089,0.456824897614,8812,0.0180816835746,0.0914000825962,144,144,144,1,0,0.0763888888889,0.805555555556,0.118055555556,144,1924,0.0934343434343,3.25249965092,26.7222222222,14.4661654135,15.1496062992,21.0445562765,0.787530172508,0.434821841072,16.4757126234,1.2331094687,0.610836798337,10.2627107688,0.76810309288,0.431587837838,1.17529564563,0.361351505542,4.18829685784,3.25249965092,1.17529564563,4.18829685784,0.451465600751,0.521587593213,12870,0.0264084507042,0.114946245789,144,144,144,1,0,0.0763888888889,0.805555555556,0.118055555556,-191,-0.00927544677545,-0.0309008684175,-2.65277777778,-0.971790790846,-1.37383120079,-2.08139106758,0.000263879944928,0.00328125793551,-2.24209190313,-0.0412942437494,-0.011526611172,-0.156790011195,0.0586902738194,0.0298837401231,0.0494393283592,0.0184581208803,0.0428578489005,-0.0309008684175,0.0494393283592,0.0428578489005,-0.054809262145,-0.0264383149819,-3347,-0.00686783873404,-0.000863273874537,0.0277777777778,-0.0347222222222,0.00694444444444,1920,4,195,18473,0.90780141844,0.99978351464,0.000216485360178,0.0921985815603,0.997920997921,0.90780141844,0.950730378807,0.946687761677,0.90758493308,0.906087777253,232,423,0,5,4,5
703,WLNM_dir_neg_kfold,0.895916816167,0.625939831214,00:00:19,10,80,19,16364,threshold_sweep,0.1,0.9604743083,0.574468085106,0.718934911243,243,10,180,836,0.574468085106,0.988179669031,0.0118203309693,0.425531914894,0.9604743083,0.574468085106,0.718934911243,0.850275807723,0.600210139217,0.625492772668,0.663872746651,0.562647754137,2154,1731,423,0,2154,0,1731,0,423,144,2115,0.10270979021,3.28340051934,29.375,15.4379562044,16.5234375,23.125947344,0.787266292563,0.431540583136,18.7178045265,1.27440371245,0.622363409509,10.41950078,0.709412819061,0.401704097715,1.12585631727,0.342893384662,4.14543900894,3.28340051934,1.12585631727,4.14543900894,0.506274862896,0.548025908195,16217,0.0332762894383,0.115809519663,144,144,144,1,0,0.0486111111111,0.840277777778,0.111111111111,144,0.0821678321678,3.16442097936,23.5,12.7218045113,13.3228346457,18.9009194286,0.804294443768,0.440212930129,15.0818280875,1.28355983724,0.628890858944,8.63518578645,0.734909428634,0.414286183346,1.13795297801,0.359608593621,4.28871048205,3.16442097936,1.13795297801,4.28871048205,0.401839098089,0.456824897614,8812,0.0180816835746,0.0914000825962,144,144,144,1,0,0.0763888888889,0.805555555556,0.118055555556,144,1945,0.0944541569542,5.04483567622,27.0138888889,13.9928057554,15.3149606299,21.1732732013,0.783792118506,0.432305055698,16.5706778384,1.22682653405,0.604630819766,10.3491471408,0.7662093513,0.431116109683,1.84108513485,0.364944520102,7,5.04483567622,1.84108513485,7,0.446953232362,0.522217187333,13061,0.0268003709905,0.112409565956,144,144,144,1,0,0.0347222222222,0.847222222222,0.118055555556,-170,-0.00825563325563,1.76143515689,-2.36111111111,-1.44515044898,-1.20847687008,-1.95267414273,-0.00347417405692,0.000764472562044,-2.14712668811,-0.0475771783921,-0.017732589743,-0.0703536391355,0.056796532239,0.0294120119682,0.715228817579,0.0220511354407,2.85456099106,1.76143515689,0.715228817579,2.85456099106,-0.0593216305341,-0.0258087208615,-3156,-0.00647591844775,-0.00339995370672,-0.0138888888889,0.00694444444444,0.00694444444444,1935,10,180,18467,0.914893617021,0.9994587866,0.000541213400444,0.0851063829787,0.994858611825,0.914893617021,0.953201970443,0.949118061294,0.914352403621,0.910588235294,253,423,0,5,4,5
704,WLNM_dir_neg_kfold,0.895916816167,0.625939831214,00:00:19,10,80,19,16364,threshold_sweep,0.2,0.963562753036,0.562647754137,0.710447761194,238,9,185,837,0.562647754137,0.989361702128,0.0106382978723,0.437352245863,0.963562753036,0.562647754137,0.710447761194,0.847123719464,0.601786183346,0.616094986807,0.65724600989,0.552009456265,2154,1731,423,0,2154,0,1731,0,423,144,2115,0.10270979021,3.28340051934,29.375,15.4379562044,16.5234375,23.125947344,0.787266292563,0.431540583136,18.7178045265,1.27440371245,0.622363409509,10.41950078,0.709412819061,0.401704097715,1.12585631727,0.342893384662,4.14543900894,3.28340051934,1.12585631727,4.14543900894,0.506274862896,0.548025908195,16217,0.0332762894383,0.115809519663,144,144,144,1,0,0.0486111111111,0.840277777778,0.111111111111,144,0.0821678321678,3.16442097936,23.5,12.7218045113,13.3228346457,18.9009194286,0.804294443768,0.440212930129,15.0818280875,1.28355983724,0.628890858944,8.63518578645,0.734909428634,0.414286183346,1.13795297801,0.359608593621,4.28871048205,3.16442097936,1.13795297801,4.28871048205,0.401839098089,0.456824897614,8812,0.0180816835746,0.0914000825962,144,144,144,1,0,0.0763888888889,0.805555555556,0.118055555556,144,1939,0.0941627816628,5.02587133042,26.9305555556,13.9496402878,15.2677165354,21.1033596165,0.783621398858,0.432349865337,16.5224632827,1.22704214168,0.605241103662,10.3193166647,0.766364930228,0.43101040055,1.84448884794,0.366998820039,7,5.02587133042,1.84448884794,7,0.446033428208,0.520108389451,12924,0.0265192553925,0.11222749368,144,144,144,1,0,0.0347222222222,0.847222222222,0.118055555556,-176,-0.00854700854701,1.74247081109,-2.44444444444,-1.48831591661,-1.25572096457,-2.02258772758,-0.0036448937053,0.000809282200902,-2.1953412438,-0.0473615707671,-0.0171223058471,-0.100184115283,0.0569521111676,0.0293063028354,0.718632530661,0.0241054353778,2.85456099106,1.74247081109,0.718632530661,2.85456099106,-0.0602414346876,-0.0279175187441,-3293,-0.00675703404577,-0.00358202598327,-0.0138888888889,0.00694444444444,0.00694444444444,1930,9,185,18468,0.912529550827,0.99951290794,0.000487092060399,0.0874704491726,0.995358432182,0.912529550827,0.952146028614,0.948031400816,0.912042458767,0.908662900188,247,423,0,5,4,5
705,WLNM_dir_neg_kfold,0.895916816167,0.625939831214,00:00:19,10,80,19,16364,threshold_sweep,0.3,0.963265306122,0.557919621749,0.706586826347,236,9,187,837,0.557919621749,0.989361702128,0.0106382978723,0.442080378251,0.963265306122,0.557919621749,0.706586826347,0.845547675335,0.60231153139,0.611624834875,0.653631498508,0.547281323877,2154,1731,423,0,2154,0,1731,0,423,144,2115,0.10270979021,3.28340051934,29.375,15.4379562044,16.5234375,23.125947344,0.787266292563,0.431540583136,18.7178045265,1.27440371245,0.622363409509,10.41950078,0.709412819061,0.401704097715,1.12585631727,0.342893384662,4.14543900894,3.28340051934,1.12585631727,4.14543900894,0.506274862896,0.548025908195,16217,0.0332762894383,0.115809519663,144,144,144,1,0,0.0486111111111,0.840277777778,0.111111111111,144,0.0821678321678,3.16442097936,23.5,12.7218045113,13.3228346457,18.9009194286,0.804294443768,0.440212930129,15.0818280875,1.28355983724,0.628890858944,8.63518578645,0.734909428634,0.414286183346,1.13795297801,0.359608593621,4.28871048205,3.16442097936,1.13795297801,4.28871048205,0.401839098089,0.456824897614,8812,0.0180816835746,0.0914000825962,144,144,144,1,0,0.0763888888889,0.805555555556,0.118055555556,144,1937,0.0940656565657,5.0207672551,26.9027777778,13.9352517986,15.2519685039,21.0803721535,0.783576042878,0.432323036769,16.5063369315,1.22711023136,0.605263723972,10.3084118418,0.766345537028,0.430931996788,1.84331759243,0.367138626185,7,5.0207672551,1.84331759243,7,0.445786391189,0.519459568461,12880,0.0264289700909,0.112298483618,144,144,144,1,0,0.0347222222222,0.847222222222,0.118055555556,-178,-0.00864413364413,1.73736673576,-2.47222222222,-1.50270440582,-1.27146899606,-2.04557519049,-0.00369024968475,0.000782453633018,-2.21146759502,-0.0472934810884,-0.017099685537,-0.111088938122,0.0569327179676,0.029227899073,0.717461275157,0.0242452415234,2.85456099106,1.73736673576,0.717461275157,2.85456099106,-0.0604884717063,-0.0285663397335,-3337,-0.00684731934732,-0.00351103604515,-0.0138888888889,0.00694444444444,0.00694444444444,1928,9,187,18468,0.91158392435,0.99951290794,0.000487092060399,0.0884160756501,0.995353639649,0.91158392435,0.951628825271,0.947486465387,0.911096832289,0.907721280603,245,423,0,5,4,5
706,WLNM_dir_neg_kfold,0.895916816167,0.625939831214,00:00:19,10,80,19,16364,threshold_sweep,0.4,0.963265306122,0.557919621749,0.706586826347,236,9,187,837,0.557919621749,0.989361702128,0.0106382978723,0.442080378251,0.963265306122,0.557919621749,0.706586826347,0.845547675335,0.60231153139,0.611624834875,0.653631498508,0.547281323877,2154,1731,423,0,2154,0,1731,0,423,144,2115,0.10270979021,3.28340051934,29.375,15.4379562044,16.5234375,23.125947344,0.787266292563,0.431540583136,18.7178045265,1.27440371245,0.622363409509,10.41950078,0.709412819061,0.401704097715,1.12585631727,0.342893384662,4.14543900894,3.28340051934,1.12585631727,4.14543900894,0.506274862896,0.548025908195,16217,0.0332762894383,0.115809519663,144,144,144,1,0,0.0486111111111,0.840277777778,0.111111111111,144,0.0821678321678,3.16442097936,23.5,12.7218045113,13.3228346457,18.9009194286,0.804294443768,0.440212930129,15.0818280875,1.28355983724,0.628890858944,8.63518578645,0.734909428634,0.414286183346,1.13795297801,0.359608593621,4.28871048205,3.16442097936,1.13795297801,4.28871048205,0.401839098089,0.456824897614,8812,0.0180816835746,0.0914000825962,144,144,144,1,0,0.0763888888889,0.805555555556,0.118055555556,144,1937,0.0940656565657,5.0207672551,26.9027777778,13.9352517986,15.2519685039,21.0803721535,0.783576042878,0.432323036769,16.5063369315,1.22711023136,0.605263723972,10.3084118418,0.766345537028,0.430931996788,1.84331759243,0.367138626185,7,5.0207672551,1.84331759243,7,0.445786391189,0.519459568461,12880,0.0264289700909,0.112298483618,144,144,144,1,0,0.0347222222222,0.847222222222,0.118055555556,-178,-0.00864413364413,1.73736673576,-2.47222222222,-1.50270440582,-1.27146899606,-2.04557519049,-0.00369024968475,0.000782453633018,-2.21146759502,-0.0472934810884,-0.017099685537,-0.111088938122,0.0569327179676,0.029227899073,0.717461275157,0.0242452415234,2.85456099106,1.73736673576,0.717461275157,2.85456099106,-0.0604884717063,-0.0285663397335,-3337,-0.00684731934732,-0.00351103604515,-0.0138888888889,0.00694444444444,0.00694444444444,1928,9,187,18468,0.91158392435,0.99951290794,0.000487092060399,0.0884160756501,0.995353639649,0.91158392435,0.951628825271,0.947486465387,0.911096832289,0.907721280603,245,423,0,5,4,5
707,WLNM_dir_neg_kfold,0.895916816167,0.625939831214,00:00:19,10,80,19,16364,threshold_sweep,0.5,0.983122362869,0.550827423168,0.706060606061,233,4,190,842,0.550827423168,0.995271867612,0.00472813238771,0.449172576832,0.983122362869,0.550827423168,0.706060606061,0.847123719464,0.604412923562,0.613545816733,0.6605610411,0.54609929078,2154,1731,423,0,2154,0,1731,0,423,144,2115,0.10270979021,3.28340051934,29.375,15.4379562044,16.5234375,23.125947344,0.787266292563,0.431540583136,18.7178045265,1.27440371245,0.622363409509,10.41950078,0.709412819061,0.401704097715,1.12585631727,0.342893384662,4.14543900894,3.28340051934,1.12585631727,4.14543900894,0.506274862896,0.548025908195,16217,0.0332762894383,0.115809519663,144,144,144,1,0,0.0486111111111,0.840277777778,0.111111111111,144,0.0821678321678,3.16442097936,23.5,12.7218045113,13.3228346457,18.9009194286,0.804294443768,0.440212930129,15.0818280875,1.28355983724,0.628890858944,8.63518578645,0.734909428634,0.414286183346,1.13795297801,0.359608593621,4.28871048205,3.16442097936,1.13795297801,4.28871048205,0.401839098089,0.456824897614,8812,0.0180816835746,0.0914000825962,144,144,144,1,0,0.0763888888889,0.805555555556,0.118055555556,144,1929,0.0936771561772,3.37140947291,26.7916666667,14.2888888889,15.188976378,21.0805564476,0.786832589023,0.433727175854,16.5369764742,1.23448657972,0.610301105927,10.2221607271,0.763085093156,0.429687950003,1.19668534188,0.354951052814,4.34228378676,3.37140947291,1.19668534188,4.34228378676,0.450288136528,0.520102131799,12833,0.0263325289734,0.113290327804,144,144,144,1,0,0.0625,0.819444444444,0.118055555556,-186,-0.00903263403263,0.0880089535771,-2.58333333333,-1.14906731549,-1.33446112205,-2.04539089646,-0.000433703539731,0.0021865927176,-2.18082805231,-0.0399171327207,-0.0120623035817,-0.197340052885,0.0536722740953,0.0279838522881,0.0708290246044,0.0120576681529,0.196844777823,0.0880089535771,0.0708290246044,0.196844777823,-0.0559867263674,-0.0279237763962,-3384,-0.00694376046489,-0.0025191918588,0.0138888888889,-0.0208333333333,0.00694444444444,1925,4,190,18473,0.910165484634,0.99978351464,0.000216485360178,0.0898345153664,0.997926386729,0.910165484634,0.952027695351,0.948049743627,0.909948999273,0.90844738084,237,423,0,5,4,5
708,WLNM_dir_neg_kfold,0.895916816167,0.625939831214,00:00:19,10,80,19,16364,threshold_sweep,0.6,0.987068965517,0.541371158392,0.699236641221,229,3,194,843,0.541371158392,0.996453900709,0.00354609929078,0.458628841608,0.987068965517,0.541371158392,0.699236641221,0.84475965327,0.60572629367,0.606262491672,0.655938357764,0.537825059102,2154,1731,423,0,2154,0,1731,0,423,144,2115,0.10270979021,3.28340051934,29.375,15.4379562044,16.5234375,23.125947344,0.787266292563,0.431540583136,18.7178045265,1.27440371245,0.622363409509,10.41950078,0.709412819061,0.401704097715,1.12585631727,0.342893384662,4.14543900894,3.28340051934,1.12585631727,4.14543900894,0.506274862896,0.548025908195,16217,0.0332762894383,0.115809519663,144,144,144,1,0,0.0486111111111,0.840277777778,0.111111111111,144,0.0821678321678,3.16442097936,23.5,12.7218045113,13.3228346457,18.9009194286,0.804294443768,0.440212930129,15.0818280875,1.28355983724,0.628890858944,8.63518578645,0.734909428634,0.414286183346,1.13795297801,0.359608593621,4.28871048205,3.16442097936,1.13795297801,4.28871048205,0.401839098089,0.456824897614,8812,0.0180816835746,0.0914000825962,144,144,144,1,0,0.0763888888889,0.805555555556,0.118055555556,144,1924,0.0934343434343,3.15484816803,26.7222222222,14.4661654135,15.1496062992,21.0152939461,0.786435116487,0.433793168168,16.4918335846,1.23431602712,0.611277142527,10.2053126923,0.763807186953,0.429898648649,1.12946523423,0.358009379238,4.09741839459,3.15484816803,1.12946523423,4.09741839459,0.448210048221,0.519194001112,12763,0.0261888932664,0.1149009849,144,144,144,1,0,0.0763888888889,0.805555555556,0.118055555556,-191,-0.00927544677545,-0.128552351304,-2.65277777778,-0.971790790846,-1.37383120079,-2.1106533979,-0.000831176075671,0.00225258503184,-2.22597094199,-0.0400876853269,-0.0110862669817,-0.214188087617,0.0543943678918,0.0281945509339,0.0036089169511,0.015115994576,-0.0480206143516,-0.128552351304,0.0036089169511,-0.0480206143516,-0.0580648146743,-0.028831907083,-3454,-0.0070873961719,-0.000908534762602,0.0277777777778,-0.0347222222222,0.00694444444444,1921,3,194,18474,0.908274231678,0.99983763598,0.000162364020133,0.0917257683215,0.998440748441,0.908274231678,0.951225550879,0.94723739896,0.908111867658,0.906987724268,232,423,0,5,4,5
709,WLNM_dir_neg_kfold,0.895916816167,0.625939831214,00:00:19,10,80,19,16364,threshold_sweep,0.7,0.987068965517,0.541371158392,0.699236641221,229,3,194,843,0.541371158392,0.996453900709,0.00354609929078,0.458628841608,0.987068965517,0.541371158392,0.699236641221,0.84475965327,0.60572629367,0.606262491672,0.655938357764,0.537825059102,2154,1731,423,0,2154,0,1731,0,423,144,2115,0.10270979021,3.28340051934,29.375,15.4379562044,16.5234375,23.125947344,0.787266292563,0.431540583136,18.7178045265,1.27440371245,0.622363409509,10.41950078,0.709412819061,0.401704097715,1.12585631727,0.342893384662,4.14543900894,3.28340051934,1.12585631727,4.14543900894,0.506274862896,0.548025908195,16217,0.0332762894383,0.115809519663,144,144,144,1,0,0.0486111111111,0.840277777778,0.111111111111,144,0.0821678321678,3.16442097936,23.5,12.7218045113,13.3228346457,18.9009194286,0.804294443768,0.440212930129,15.0818280875,1.28355983724,0.628890858944,8.63518578645,0.734909428634,0.414286183346,1.13795297801,0.359608593621,4.28871048205,3.16442097936,1.13795297801,4.28871048205,0.401839098089,0.456824897614,8812,0.0180816835746,0.0914000825962,144,144,144,1,0,0.0763888888889,0.805555555556,0.118055555556,144,1924,0.0934343434343,3.15484816803,26.7222222222,14.4661654135,15.1496062992,21.0152939461,0.786435116487,0.433793168168,16.4918335846,1.23431602712,0.611277142527,10.2053126923,0.763807186953,0.429898648649,1.12946523423,0.358009379238,4.09741839459,3.15484816803,1.12946523423,4.09741839459,0.448210048221,0.519194001112,12763,0.0261888932664,0.1149009849,144,144,144,1,0,0.0763888888889,0.805555555556,0.118055555556,-191,-0.00927544677545,-0.128552351304,-2.65277777778,-0.971790790846,-1.37383120079,-2.1106533979,-0.000831176075671,0.00225258503184,-2.22597094199,-0.0400876853269,-0.0110862669817,-0.214188087617,0.0543943678918,0.0281945509339,0.0036089169511,0.015115994576,-0.0480206143516,-0.128552351304,0.0036089169511,-0.0480206143516,-0.0580648146743,-0.028831907083,-3454,-0.0070873961719,-0.000908534762602,0.0277777777778,-0.0347222222222,0.00694444444444,1921,3,194,18474,0.908274231678,0.99983763598,0.000162364020133,0.0917257683215,0.998440748441,0.908274231678,0.951225550879,0.94723739896,0.908111867658,0.906987724268,232,423,0,5,4,5
710,WLNM_dir_neg_kfold,0.895916816167,0.625939831214,00:00:19,10,80,19,16364,threshold_sweep,0.8,0.987012987013,0.539007092199,0.697247706422,228,3,195,843,0.539007092199,0.996453900709,0.00354609929078,0.460992907801,0.987012987013,0.539007092199,0.697247706422,0.843971631206,0.605988967691,0.604,0.654151795058,0.535460992908,2154,1731,423,0,2154,0,1731,0,423,144,2115,0.10270979021,3.28340051934,29.375,15.4379562044,16.5234375,23.125947344,0.787266292563,0.431540583136,18.7178045265,1.27440371245,0.622363409509,10.41950078,0.709412819061,0.401704097715,1.12585631727,0.342893384662,4.14543900894,3.28340051934,1.12585631727,4.14543900894,0.506274862896,0.548025908195,16217,0.0332762894383,0.115809519663,144,144,144,1,0,0.0486111111111,0.840277777778,0.111111111111,144,0.0821678321678,3.16442097936,23.5,12.7218045113,13.3228346457,18.9009194286,0.804294443768,0.440212930129,15.0818280875,1.28355983724,0.628890858944,8.63518578645,0.734909428634,0.414286183346,1.13795297801,0.359608593621,4.28871048205,3.16442097936,1.13795297801,4.28871048205,0.401839098089,0.456824897614,8812,0.0180816835746,0.0914000825962,144,144,144,1,0,0.0763888888889,0.805555555556,0.118055555556,144,1923,0.0933857808858,3.15590951672,26.7083333333,14.4586466165,15.1417322835,21.0154372165,0.786849443362,0.433953747039,16.495589048,1.23523911748,0.611656410701,10.2079557278,0.764402300987,0.430176373722,1.13058435922,0.358243591344,4.09952412494,3.15590951672,1.13058435922,4.09952412494,0.44825392859,0.519316100142,12757,0.0261765816343,0.115000577225,144,144,144,1,0,0.0763888888889,0.805555555556,0.118055555556,-192,-0.00932400932401,-0.127491002618,-2.66666666667,-0.979309587838,-1.38170521654,-2.11051012759,-0.000416849201493,0.00241316390244,-2.22221547849,-0.0391645949629,-0.0107069988079,-0.211545052198,0.0549894819257,0.0284722760069,0.00472804195011,0.0153502066821,-0.045914884,-0.127491002618,0.00472804195011,-0.045914884,-0.0580209343056,-0.0287098080524,-3460,-0.00709970780393,-0.000808942438022,0.0277777777778,-0.0347222222222,0.00694444444444,1920,3,195,18474,0.90780141844,0.99983763598,0.000162364020133,0.0921985815603,0.998439937598,0.90780141844,0.950965824666,0.946964983173,0.90763905442,0.906515580737,231,423,0,5,4,5
711,WLNM_dir_neg_kfold,0.895916816167,0.625939831214,00:00:19,10,80,19,16364,threshold_sweep,0.9,0.987012987013,0.539007092199,0.697247706422,228,3,195,843,0.539007092199,0.996453900709,0.00354609929078,0.460992907801,0.987012987013,0.539007092199,0.697247706422,0.843971631206,0.605988967691,0.604,0.654151795058,0.535460992908,2154,1731,423,0,2154,0,1731,0,423,144,2115,0.10270979021,3.28340051934,29.375,15.4379562044,16.5234375,23.125947344,0.787266292563,0.431540583136,18.7178045265,1.27440371245,0.622363409509,10.41950078,0.709412819061,0.401704097715,1.12585631727,0.342893384662,4.14543900894,3.28340051934,1.12585631727,4.14543900894,0.506274862896,0.548025908195,16217,0.0332762894383,0.115809519663,144,144,144,1,0,0.0486111111111,0.840277777778,0.111111111111,144,0.0821678321678,3.16442097936,23.5,12.7218045113,13.3228346457,18.9009194286,0.804294443768,0.440212930129,15.0818280875,1.28355983724,0.628890858944,8.63518578645,0.734909428634,0.414286183346,1.13795297801,0.359608593621,4.28871048205,3.16442097936,1.13795297801,4.28871048205,0.401839098089,0.456824897614,8812,0.0180816835746,0.0914000825962,144,144,144,1,0,0.0763888888889,0.805555555556,0.118055555556,144,1923,0.0933857808858,3.15590951672,26.7083333333,14.4586466165,15.1417322835,21.0154372165,0.786849443362,0.433953747039,16.495589048,1.23523911748,0.611656410701,10.2079557278,0.764402300987,0.430176373722,1.13058435922,0.358243591344,4.09952412494,3.15590951672,1.13058435922,4.09952412494,0.44825392859,0.519316100142,12757,0.0261765816343,0.115000577225,144,144,144,1,0,0.0763888888889,0.805555555556,0.118055555556,-192,-0.00932400932401,-0.127491002618,-2.66666666667,-0.979309587838,-1.38170521654,-2.11051012759,-0.000416849201493,0.00241316390244,-2.22221547849,-0.0391645949629,-0.0107069988079,-0.211545052198,0.0549894819257,0.0284722760069,0.00472804195011,0.0153502066821,-0.045914884,-0.127491002618,0.00472804195011,-0.045914884,-0.0580209343056,-0.0287098080524,-3460,-0.00709970780393,-0.000808942438022,0.0277777777778,-0.0347222222222,0.00694444444444,1920,3,195,18474,0.90780141844,0.99983763598,0.000162364020133,0.0921985815603,0.998439937598,0.90780141844,0.950965824666,0.946964983173,0.90763905442,0.906515580737,231,423,0,5,4,5
712,WLNM_dir_neg_kfold,0.824930559049,0.42802129477,00:00:19,10,80,20,16365,threshold_sweep,0.1,0.967346938776,0.560283687943,0.709580838323,237,8,186,838,0.560283687943,0.990543735225,0.00945626477541,0.439716312057,0.967346938776,0.560283687943,0.709580838323,0.847123719464,0.60231153139,0.615587846764,0.657866691803,0.550827423168,2154,1731,423,0,2154,0,1731,0,423,144,2115,0.10270979021,3.28340051934,29.375,15.4379562044,16.5234375,23.125947344,0.787266292563,0.431540583136,18.7178045265,1.27440371245,0.622363409509,10.41950078,0.709412819061,0.401704097715,1.12585631727,0.342893384662,4.14543900894,3.28340051934,1.12585631727,4.14543900894,0.506274862896,0.548025908195,16217,0.0332762894383,0.115809519663,144,144,144,1,0,0.0486111111111,0.840277777778,0.111111111111,144,0.0821678321678,3.16442097936,23.5,12.7218045113,13.3228346457,18.9009194286,0.804294443768,0.440212930129,15.0818280875,1.28355983724,0.628890858944,8.63518578645,0.734909428634,0.414286183346,1.13795297801,0.359608593621,4.28871048205,3.16442097936,1.13795297801,4.28871048205,0.401839098089,0.456824897614,8812,0.0180816835746,0.0914000825962,144,144,144,1,0,0.0763888888889,0.805555555556,0.118055555556,144,1937,0.0940656565657,4.67794836958,26.9027777778,13.8357142857,15.2519685039,21.0049343002,0.780771951274,0.431770922962,16.4124419209,1.22012991048,0.603040928125,10.3564647295,0.769917873542,0.431978861929,1.38700516633,0.296498605104,5.83184600924,4.67794836958,1.38700516633,5.83184600924,0.443612674006,0.518013971387,12878,0.0264248662136,0.111879351098,144,144,144,1,0,0.0277777777778,0.854166666667,0.118055555556,-178,-0.00864413364413,1.39454785024,-2.47222222222,-1.60224191867,-1.27146899606,-2.12101304381,-0.00649434128951,0.00023033982587,-2.30536260567,-0.0542738019627,-0.019322481384,-0.0630360504323,0.0605050544815,0.0302747642138,0.261148849054,-0.0463947795576,1.6864070003,1.39454785024,0.261148849054,1.6864070003,-0.0626621888894,-0.0300119368081,-3339,-0.00685142322466,-0.00393016856524,-0.0208333333333,0.0138888888889,0.00694444444444,1929,8,186,18469,0.912056737589,0.99956702928,0.000432970720355,0.0879432624113,0.99586990191,0.912056737589,0.952122408687,0.948034445979,0.911623766868,0.908619877532,245,423,0,5,4,5
713,WLNM_dir_neg_kfold,0.824930559049,0.42802129477,00:00:19,10,80,20,16365,threshold_sweep,0.2,0.967346938776,0.560283687943,0.709580838323,237,8,186,838,0.560283687943,0.990543735225,0.00945626477541,0.439716312057,0.967346938776,0.560283687943,0.709580838323,0.847123719464,0.60231153139,0.615587846764,0.657866691803,0.550827423168,2154,1731,423,0,2154,0,1731,0,423,144,2115,0.10270979021,3.28340051934,29.375,15.4379562044,16.5234375,23.125947344,0.787266292563,0.431540583136,18.7178045265,1.27440371245,0.622363409509,10.41950078,0.709412819061,0.401704097715,1.12585631727,0.342893384662,4.14543900894,3.28340051934,1.12585631727,4.14543900894,0.506274862896,0.548025908195,16217,0.0332762894383,0.115809519663,144,144,144,1,0,0.0486111111111,0.840277777778,0.111111111111,144,0.0821678321678,3.16442097936,23.5,12.7218045113,13.3228346457,18.9009194286,0.804294443768,0.440212930129,15.0818280875,1.28355983724,0.628890858944,8.63518578645,0.734909428634,0.414286183346,1.13795297801,0.359608593621,4.28871048205,3.16442097936,1.13795297801,4.28871048205,0.401839098089,0.456824897614,8812,0.0180816835746,0.0914000825962,144,144,144,1,0,0.0763888888889,0.805555555556,0.118055555556,144,1937,0.0940656565657,4.67794836958,26.9027777778,13.8357142857,15.2519685039,21.0049343002,0.780771951274,0.431770922962,16.4124419209,1.22012991048,0.603040928125,10.3564647295,0.769917873542,0.431978861929,1.38700516633,0.296498605104,5.83184600924,4.67794836958,1.38700516633,5.83184600924,0.443612674006,0.518013971387,12878,0.0264248662136,0.111879351098,144,144,144,1,0,0.0277777777778,0.854166666667,0.118055555556,-178,-0.00864413364413,1.39454785024,-2.47222222222,-1.60224191867,-1.27146899606,-2.12101304381,-0.00649434128951,0.00023033982587,-2.30536260567,-0.0542738019627,-0.019322481384,-0.0630360504323,0.0605050544815,0.0302747642138,0.261148849054,-0.0463947795576,1.6864070003,1.39454785024,0.261148849054,1.6864070003,-0.0626621888894,-0.0300119368081,-3339,-0.00685142322466,-0.00393016856524,-0.0208333333333,0.0138888888889,0.00694444444444,1929,8,186,18469,0.912056737589,0.99956702928,0.000432970720355,0.0879432624113,0.99586990191,0.912056737589,0.952122408687,0.948034445979,0.911623766868,0.908619877532,245,423,0,5,4,5
714,WLNM_dir_neg_kfold,0.824930559049,0.42802129477,00:00:19,10,80,20,16365,threshold_sweep,0.3,0.971193415638,0.557919621749,0.708708708709,236,7,187,839,0.557919621749,0.991725768322,0.00827423167849,0.442080378251,0.971193415638,0.557919621749,0.708708708709,0.847123719464,0.602836879433,0.615079365079,0.658508124999,0.549645390071,2154,1731,423,0,2154,0,1731,0,423,144,2115,0.10270979021,3.28340051934,29.375,15.4379562044,16.5234375,23.125947344,0.787266292563,0.431540583136,18.7178045265,1.27440371245,0.622363409509,10.41950078,0.709412819061,0.401704097715,1.12585631727,0.342893384662,4.14543900894,3.28340051934,1.12585631727,4.14543900894,0.506274862896,0.548025908195,16217,0.0332762894383,0.115809519663,144,144,144,1,0,0.0486111111111,0.840277777778,0.111111111111,144,0.0821678321678,3.16442097936,23.5,12.7218045113,13.3228346457,18.9009194286,0.804294443768,0.440212930129,15.0818280875,1.28355983724,0.628890858944,8.63518578645,0.734909428634,0.414286183346,1.13795297801,0.359608593621,4.28871048205,3.16442097936,1.13795297801,4.28871048205,0.401839098089,0.456824897614,8812,0.0180816835746,0.0914000825962,144,144,144,1,0,0.0763888888889,0.805555555556,0.118055555556,144,1935,0.0939685314685,4.67928433433,26.875,13.8214285714,15.2362204724,21.0144389256,0.781932611184,0.432328452483,16.4192104569,1.22189473168,0.603491960953,10.364489368,0.771310836691,0.432726815963,1.3882790137,0.296686184149,5.83585529892,4.67928433433,1.3882790137,5.83585529892,0.443947605738,0.518186942983,12869,0.0264063987656,0.112187974852,144,144,144,1,0,0.0277777777778,0.854166666667,0.118055555556,-180,-0.00874125874126,1.395883815,-2.5,-1.61652763295,-1.28721702756,-2.11150841847,-0.00533368137904,0.000787869347163,-2.29859406964,-0.0525089807689,-0.0188714485556,-0.0550114119192,0.0618980176303,0.0310227182485,0.262422696428,-0.0462072005124,1.69041628998,1.395883815,0.262422696428,1.69041628998,-0.0623272571578,-0.0298389652119,-3348,-0.00686989067271,-0.00362154481066,-0.0208333333333,0.0138888888889,0.00694444444444,1928,7,187,18470,0.91158392435,0.99962115062,0.000378849380311,0.0884160756501,0.996382428941,0.91158392435,0.952098765432,0.948037801976,0.91120507497,0.908576814326,243,423,0,5,4,5
715,WLNM_dir_neg_kfold,0.824930559049,0.42802129477,00:00:19,10,80,20,16365,threshold_sweep,0.4,0.971074380165,0.555555555556,0.706766917293,235,7,188,839,0.555555555556,0.991725768322,0.00827423167849,0.444444444444,0.971074380165,0.555555555556,0.706766917293,0.8463356974,0.603099553454,0.612839179351,0.656709181747,0.547281323877,2154,1731,423,0,2154,0,1731,0,423,144,2115,0.10270979021,3.28340051934,29.375,15.4379562044,16.5234375,23.125947344,0.787266292563,0.431540583136,18.7178045265,1.27440371245,0.622363409509,10.41950078,0.709412819061,0.401704097715,1.12585631727,0.342893384662,4.14543900894,3.28340051934,1.12585631727,4.14543900894,0.506274862896,0.548025908195,16217,0.0332762894383,0.115809519663,144,144,144,1,0,0.0486111111111,0.840277777778,0.111111111111,144,0.0821678321678,3.16442097936,23.5,12.7218045113,13.3228346457,18.9009194286,0.804294443768,0.440212930129,15.0818280875,1.28355983724,0.628890858944,8.63518578645,0.734909428634,0.414286183346,1.13795297801,0.359608593621,4.28871048205,3.16442097936,1.13795297801,4.28871048205,0.401839098089,0.456824897614,8812,0.0180816835746,0.0914000825962,144,144,144,1,0,0.0763888888889,0.805555555556,0.118055555556,144,1934,0.09391996892,4.67889889519,26.8611111111,13.8142857143,15.2283464567,20.9987049588,0.781751167028,0.432239601287,16.4127925451,1.22204866934,0.603520337815,10.3603957978,0.77140485775,0.432731529358,1.3878031916,0.296608929299,5.83452327963,4.67889889519,1.3878031916,5.83452327963,0.44337135004,0.517095395533,12825,0.026316113464,0.112173420054,144,144,144,1,0,0.0277777777778,0.854166666667,0.118055555556,-181,-0.00878982128982,1.39549837586,-2.51388888889,-1.62367049009,-1.29509104331,-2.12724238527,-0.00551512553541,0.000699018150585,-2.3050119814,-0.052355043107,-0.0188430716943,-0.0591049821205,0.0619920386891,0.031027431643,0.261946874329,-0.0462844553621,1.68908427069,1.39549837586,0.261946874329,1.68908427069,-0.0629035128561,-0.0309305126623,-3392,-0.00696017597426,-0.00363609960916,-0.0208333333333,0.0138888888889,0.00694444444444,1927,7,188,18470,0.911111111111,0.99962115062,0.000378849380311,0.0888888888889,0.996380558428,0.911111111111,0.951839960484,0.947765416134,0.910732261731,0.908105560792,242,423,0,5,4,5
716,WLNM_dir_neg_kfold,0.824930559049,0.42802129477,00:00:19,10,80,20,16365,threshold_sweep,0.5,0.991452991453,0.548463356974,0.706240487062,232,2,191,844,0.548463356974,0.997635933806,0.00236406619385,0.451536643026,0.991452991453,0.548463356974,0.706240487062,0.847911741529,0.605200945626,0.614770459082,0.663817770144,0.54609929078,2154,1731,423,0,2154,0,1731,0,423,144,2115,0.10270979021,3.28340051934,29.375,15.4379562044,16.5234375,23.125947344,0.787266292563,0.431540583136,18.7178045265,1.27440371245,0.622363409509,10.41950078,0.709412819061,0.401704097715,1.12585631727,0.342893384662,4.14543900894,3.28340051934,1.12585631727,4.14543900894,0.506274862896,0.548025908195,16217,0.0332762894383,0.115809519663,144,144,144,1,0,0.0486111111111,0.840277777778,0.111111111111,144,0.0821678321678,3.16442097936,23.5,12.7218045113,13.3228346457,18.9009194286,0.804294443768,0.440212930129,15.0818280875,1.28355983724,0.628890858944,8.63518578645,0.734909428634,0.414286183346,1.13795297801,0.359608593621,4.28871048205,3.16442097936,1.13795297801,4.28871048205,0.401839098089,0.456824897614,8812,0.0180816835746,0.0914000825962,144,144,144,1,0,0.0763888888889,0.805555555556,0.118055555556,144,1926,0.0935314685315,3.54040095438,26.75,14.2666666667,15.1653543307,21.0066589509,0.785295661716,0.433692454136,16.4541639256,1.23021786359,0.609070324218,10.2649345404,0.767471741339,0.431507442021,1.20390129143,0.340046595554,4.48209802437,3.54040095438,1.20390129143,4.48209802437,0.448018817401,0.51949034603,12816,0.026297646016,0.114383428821,144,144,144,1,0,0.0625,0.819444444444,0.118055555556,-189,-0.00917832167832,0.257000435042,-2.625,-1.17128953771,-1.35808316929,-2.11928839314,-0.00197063084701,0.00215187100005,-2.26364060097,-0.0441858488512,-0.0132930852905,-0.154566239547,0.0580589222782,0.0298033443067,0.0780449741576,-0.00284678910755,0.336659015427,0.257000435042,0.0780449741576,0.336659015427,-0.0582560454949,-0.0285355621652,-3401,-0.00697864342231,-0.00142609084191,0.0138888888889,-0.0208333333333,0.00694444444444,1924,2,191,18475,0.909692671395,0.99989175732,0.000108242680089,0.0903073286052,0.998961578401,0.909692671395,0.952239544667,0.948331464404,0.909584428715,0.908833254606,234,423,0,5,4,5
717,WLNM_dir_neg_kfold,0.824930559049,0.42802129477,00:00:19,10,80,20,16365,threshold_sweep,0.6,0.991379310345,0.543735224586,0.702290076336,230,2,193,844,0.543735224586,0.997635933806,0.00236406619385,0.456264775414,0.991379310345,0.543735224586,0.702290076336,0.8463356974,0.60572629367,0.610259826782,0.660263226057,0.541371158392,2154,1731,423,0,2154,0,1731,0,423,144,2115,0.10270979021,3.28340051934,29.375,15.4379562044,16.5234375,23.125947344,0.787266292563,0.431540583136,18.7178045265,1.27440371245,0.622363409509,10.41950078,0.709412819061,0.401704097715,1.12585631727,0.342893384662,4.14543900894,3.28340051934,1.12585631727,4.14543900894,0.506274862896,0.548025908195,16217,0.0332762894383,0.115809519663,144,144,144,1,0,0.0486111111111,0.840277777778,0.111111111111,144,0.0821678321678,3.16442097936,23.5,12.7218045113,13.3228346457,18.9009194286,0.804294443768,0.440212930129,15.0818280875,1.28355983724,0.628890858944,8.63518578645,0.734909428634,0.414286183346,1.13795297801,0.359608593621,4.28871048205,3.16442097936,1.13795297801,4.28871048205,0.401839098089,0.456824897614,8812,0.0180816835746,0.0914000825962,144,144,144,1,0,0.0763888888889,0.805555555556,0.118055555556,144,1924,0.0934343434343,3.54154397882,26.7222222222,14.2518518519,15.1496062992,20.993320431,0.785612822782,0.433775121275,16.4510764887,1.23126559999,0.609313640564,10.255212634,0.767541901924,0.43147955648,1.20396316901,0.339954318289,4.48353282234,3.54154397882,1.20396316901,4.48353282234,0.447622061375,0.518675457241,12771,0.0262053087757,0.114353111889,144,144,144,1,0,0.0625,0.819444444444,0.118055555556,-191,-0.00927544677545,0.258143459483,-2.65277777778,-1.18610435253,-1.37383120079,-2.13262691302,-0.00165346978069,0.00223453813879,-2.26672803781,-0.0431381124574,-0.0130497689452,-0.164288145915,0.0581290828632,0.0297754587648,0.0781068517358,-0.00293906637244,0.338093813402,0.258143459483,0.0781068517358,0.338093813402,-0.0586528015211,-0.0293504509542,-3446,-0.00707098066253,-0.00145640777382,0.0138888888889,-0.0208333333333,0.00694444444444,1922,2,193,18475,0.908747044917,0.99989175732,0.000108242680089,0.0912529550827,0.99896049896,0.908747044917,0.951720722951,0.947787036243,0.908638802237,0.907888521493,232,423,0,5,4,5
718,WLNM_dir_neg_kfold,0.824930559049,0.42802129477,00:00:19,10,80,20,16365,threshold_sweep,0.7,0.995652173913,0.541371158392,0.701378254211,229,1,194,845,0.541371158392,0.998817966903,0.00118203309693,0.458628841608,0.995652173913,0.541371158392,0.701378254211,0.8463356974,0.606251641713,0.609739826551,0.661042695193,0.540189125296,2154,1731,423,0,2154,0,1731,0,423,144,2115,0.10270979021,3.28340051934,29.375,15.4379562044,16.5234375,23.125947344,0.787266292563,0.431540583136,18.7178045265,1.27440371245,0.622363409509,10.41950078,0.709412819061,0.401704097715,1.12585631727,0.342893384662,4.14543900894,3.28340051934,1.12585631727,4.14543900894,0.506274862896,0.548025908195,16217,0.0332762894383,0.115809519663,144,144,144,1,0,0.0486111111111,0.840277777778,0.111111111111,144,0.0821678321678,3.16442097936,23.5,12.7218045113,13.3228346457,18.9009194286,0.804294443768,0.440212930129,15.0818280875,1.28355983724,0.628890858944,8.63518578645,0.734909428634,0.414286183346,1.13795297801,0.359608593621,4.28871048205,3.16442097936,1.13795297801,4.28871048205,0.401839098089,0.456824897614,8812,0.0180816835746,0.0914000825962,144,144,144,1,0,0.0763888888889,0.805555555556,0.118055555556,144,1922,0.0933372183372,3.36294219262,26.6944444444,14.4511278195,15.1338582677,21.0002589987,0.786690243446,0.434208434501,16.4620009339,1.23336531451,0.610843739161,10.2529678081,0.768172406016,0.431704532316,1.2145198582,0.361148003337,4.28112704787,3.36294219262,1.2145198582,4.28112704787,0.447943821657,0.519143976255,12768,0.0261991529597,0.116093641871,144,144,144,1,0,0.0763888888889,0.805555555556,0.118055555556,-193,-0.00937257187257,0.0795416732794,-2.68055555556,-0.986828384831,-1.38957923228,-2.12568834538,-0.00057604911693,0.00266785136477,-2.25580359265,-0.0410383979392,-0.0115196703482,-0.166532971884,0.0587595869549,0.0300004346011,0.0886635409277,0.0182546186759,0.135688038936,0.0795416732794,0.0886635409277,0.135688038936,-0.0583310412387,-0.0288819319402,-3449,-0.00707713647854,0.000284122208122,0.0277777777778,-0.0347222222222,0.00694444444444,1921,1,194,18476,0.908274231678,0.99994587866,5.41213400444e-05,0.0917257683215,0.999479708637,0.908274231678,0.951696804558,0.947792305642,0.908220110338,0.907844990548,230,423,0,5,4,5
719,WLNM_dir_neg_kfold,0.824930559049,0.42802129477,00:00:19,10,80,20,16365,threshold_sweep,0.8,0.995633187773,0.539007092199,0.699386503067,228,1,195,845,0.539007092199,0.998817966903,0.00118203309693,0.460992907801,0.995633187773,0.539007092199,0.699386503067,0.845547675335,0.606514315734,0.607476635514,0.659267987601,0.537825059102,2154,1731,423,0,2154,0,1731,0,423,144,2115,0.10270979021,3.28340051934,29.375,15.4379562044,16.5234375,23.125947344,0.787266292563,0.431540583136,18.7178045265,1.27440371245,0.622363409509,10.41950078,0.709412819061,0.401704097715,1.12585631727,0.342893384662,4.14543900894,3.28340051934,1.12585631727,4.14543900894,0.506274862896,0.548025908195,16217,0.0332762894383,0.115809519663,144,144,144,1,0,0.0486111111111,0.840277777778,0.111111111111,144,0.0821678321678,3.16442097936,23.5,12.7218045113,13.3228346457,18.9009194286,0.804294443768,0.440212930129,15.0818280875,1.28355983724,0.628890858944,8.63518578645,0.734909428634,0.414286183346,1.13795297801,0.359608593621,4.28871048205,3.16442097936,1.13795297801,4.28871048205,0.401839098089,0.456824897614,8812,0.0180816835746,0.0914000825962,144,144,144,1,0,0.0763888888889,0.805555555556,0.118055555556,144,1921,0.0932886557887,3.36388961749,26.6805555556,14.4436090226,15.125984252,21.0027147022,0.787191805602,0.434394701834,16.4640584153,1.23416158865,0.610970125513,10.2426253153,0.767797004372,0.431499074556,1.21503662334,0.361199908887,4.2817060558,3.36388961749,1.21503662334,4.2817060558,0.447862570528,0.519135316933,12760,0.0261827374503,0.115947346256,144,144,144,1,0,0.0763888888889,0.805555555556,0.118055555556,-194,-0.00942113442113,0.0804890981543,-2.69444444444,-0.994347181823,-1.39745324803,-2.12323264179,-7.44869609434e-05,0.00285411869721,-2.25374611123,-0.0402421237911,-0.0113932839955,-0.176875464692,0.0583841853108,0.0297949768413,0.089180306069,0.0183065242255,0.136267046858,0.0804890981543,0.089180306069,0.136267046858,-0.0584122923678,-0.028890591262,-3457,-0.00709355198792,0.000137826592629,0.0277777777778,-0.0347222222222,0.00694444444444,1920,1,195,18476,0.90780141844,0.99994587866,5.41213400444e-05,0.0921985815603,0.999479437793,0.90780141844,0.951437066402,0.947520048177,0.9077472971,0.907372400756,229,423,0,5,4,5
720,WLNM_dir_neg_kfold,0.824930559049,0.42802129477,00:00:19,10,80,20,16365,threshold_sweep,0.9,0.995633187773,0.539007092199,0.699386503067,228,1,195,845,0.539007092199,0.998817966903,0.00118203309693,0.460992907801,0.995633187773,0.539007092199,0.699386503067,0.845547675335,0.606514315734,0.607476635514,0.659267987601,0.537825059102,2154,1731,423,0,2154,0,1731,0,423,144,2115,0.10270979021,3.28340051934,29.375,15.4379562044,16.5234375,23.125947344,0.787266292563,0.431540583136,18.7178045265,1.27440371245,0.622363409509,10.41950078,0.709412819061,0.401704097715,1.12585631727,0.342893384662,4.14543900894,3.28340051934,1.12585631727,4.14543900894,0.506274862896,0.548025908195,16217,0.0332762894383,0.115809519663,144,144,144,1,0,0.0486111111111,0.840277777778,0.111111111111,144,0.0821678321678,3.16442097936,23.5,12.7218045113,13.3228346457,18.9009194286,0.804294443768,0.440212930129,15.0818280875,1.28355983724,0.628890858944,8.63518578645,0.734909428634,0.414286183346,1.13795297801,0.359608593621,4.28871048205,3.16442097936,1.13795297801,4.28871048205,0.401839098089,0.456824897614,8812,0.0180816835746,0.0914000825962,144,144,144,1,0,0.0763888888889,0.805555555556,0.118055555556,144,1921,0.0932886557887,3.36388961749,26.6805555556,14.4436090226,15.125984252,21.0027147022,0.787191805602,0.434394701834,16.4640584153,1.23416158865,0.610970125513,10.2426253153,0.767797004372,0.431499074556,1.21503662334,0.361199908887,4.2817060558,3.36388961749,1.21503662334,4.2817060558,0.447862570528,0.519135316933,12760,0.0261827374503,0.115947346256,144,144,144,1,0,0.0763888888889,0.805555555556,0.118055555556,-194,-0.00942113442113,0.0804890981543,-2.69444444444,-0.994347181823,-1.39745324803,-2.12323264179,-7.44869609434e-05,0.00285411869721,-2.25374611123,-0.0402421237911,-0.0113932839955,-0.176875464692,0.0583841853108,0.0297949768413,0.089180306069,0.0183065242255,0.136267046858,0.0804890981543,0.089180306069,0.136267046858,-0.0584122923678,-0.028890591262,-3457,-0.00709355198792,0.000137826592629,0.0277777777778,-0.0347222222222,0.00694444444444,1920,1,195,18476,0.90780141844,0.99994587866,5.41213400444e-05,0.0921985815603,0.999479437793,0.90780141844,0.951437066402,0.947520048177,0.9077472971,0.907372400756,229,423,0,5,4,5
721,WLNM_dir_neg_kfold,0.923095194183,0.416307362653,00:00:19,10,80,1,17346,threshold_sweep,0.1,0.951557093426,0.65011820331,0.772471910112,275,14,148,832,0.65011820331,0.983451536643,0.016548463357,0.34988179669,0.951557093426,0.65011820331,0.772471910112,0.872340425532,0.590753874442,0.688061617458,0.712176817584,0.633569739953,2154,1731,423,0,2154,0,1731,0,423,144,2115,0.10270979021,3.28340051934,29.375,15.4379562044,16.5234375,23.125947344,0.787266292563,0.431540583136,18.7178045265,1.27440371245,0.622363409509,10.41950078,0.709412819061,0.401704097715,1.12585631727,0.342893384662,4.14543900894,3.28340051934,1.12585631727,4.14543900894,0.506274862896,0.548025908195,16217,0.0332762894383,0.115809519663,144,144,144,1,0,0.0486111111111,0.840277777778,0.111111111111,144,0.0821678321678,3.05355639515,23.5,13.0153846154,13.3228346457,18.5170494108,0.787959549395,0.43367070528,14.9771387559,1.27465010689,0.62686334384,8.53417645893,0.726312890122,0.407538744418,1.14466266563,0.374862133691,3.85198199836,3.06791692938,1.13559421795,3.85198199836,0.419242347611,0.449462182004,8775,0.0180057618438,0.0939936678204,144,143,143,0.993055555556,0,0.0902777777778,0.791666666667,0.111111111111,144,1981,0.0962024087024,10.1254151615,27.5138888889,13.9507042254,15.5984251969,21.3901441624,0.777430782278,0.429570503113,16.9620087739,1.23297792198,0.60640319143,10.4079357349,0.756558680379,0.4261350889,2.01900145511,0.199399375029,12.4202707076,10.1254151615,2.01900145511,12.4202707076,0.463233768572,0.527820063937,13869,0.0284583374372,0.108566267563,144,144,144,1,0,0.0138888888889,0.868055555556,0.118055555556,-134,-0.00650738150738,6.84201464216,-1.86111111111,-1.48725197903,-0.92501230315,-1.73580318164,-0.00983551028511,-0.00197008002342,-1.7557957526,-0.0414257904626,-0.0159602180791,-0.0115650450164,0.0471458613184,0.0244309911854,0.893145137837,-0.143494009633,8.27483169865,6.84201464216,0.893145137837,8.27483169865,-0.0430410943242,-0.0202058442582,-2348,-0.00481795200105,-0.00724325210036,-0.0347222222222,0.0277777777778,0.00694444444444,1967,14,148,18463,0.930023640662,0.999242301239,0.000757698760621,0.0699763593381,0.992932862191,0.930023640662,0.96044921875,0.956717775849,0.929265941901,0.923907937999,289,423,0,5,5,5
722,WLNM_dir_neg_kfold,0.923095194183,0.416307362653,00:00:19,10,80,1,17346,threshold_sweep,0.2,0.954861111111,0.65011820331,0.773558368495,275,13,148,833,0.65011820331,0.98463356974,0.01536643026,0.34988179669,0.954861111111,0.65011820331,0.773558368495,0.873128447597,0.591016548463,0.68978805395,0.714378771061,0.63475177305,2154,1731,423,0,2154,0,1731,0,423,144,2115,0.10270979021,3.28340051934,29.375,15.4379562044,16.5234375,23.125947344,0.787266292563,0.431540583136,18.7178045265,1.27440371245,0.622363409509,10.41950078,0.709412819061,0.401704097715,1.12585631727,0.342893384662,4.14543900894,3.28340051934,1.12585631727,4.14543900894,0.506274862896,0.548025908195,16217,0.0332762894383,0.115809519663,144,144,144,1,0,0.0486111111111,0.840277777778,0.111111111111,144,0.0821678321678,3.05355639515,23.5,13.0153846154,13.3228346457,18.5170494108,0.787959549395,0.43367070528,14.9771387559,1.27465010689,0.62686334384,8.53417645893,0.726312890122,0.407538744418,1.14466266563,0.374862133691,3.85198199836,3.06791692938,1.13559421795,3.85198199836,0.419242347611,0.449462182004,8775,0.0180057618438,0.0939936678204,144,143,143,0.993055555556,0,0.0902777777778,0.791666666667,0.111111111111,144,1980,0.0961538461538,10.1254562043,27.5,13.9436619718,15.5905511811,21.3881870539,0.777752256507,0.429759399551,16.9654111304,1.23384808221,0.606621773288,10.4013850611,0.756464368078,0.426066217733,2.01905119918,0.199403479551,12.4202761256,10.1254562043,2.01905119918,12.4202761256,0.463208175403,0.528094452203,13866,0.0284521816212,0.108724943358,144,144,144,1,0,0.0138888888889,0.868055555556,0.118055555556,-135,-0.00655594405594,6.84205568499,-1.875,-1.49429423255,-0.932886318898,-1.7377602901,-0.00951403605606,-0.00178118358526,-1.75239339609,-0.0405556302307,-0.0157416362204,-0.0181157188779,0.0470515490176,0.0243621200181,0.893194881906,-0.143489905111,8.27483711665,6.84205568499,0.893194881906,8.27483711665,-0.043066687493,-0.0199314559923,-2351,-0.00482410781707,-0.00708457630466,-0.0347222222222,0.0277777777778,0.00694444444444,1967,13,148,18464,0.930023640662,0.999296422579,0.000703577420577,0.0699763593381,0.993434343434,0.930023640662,0.960683760684,0.95698936501,0.929320063241,0.924342105263,288,423,0,5,5,5
723,WLNM_dir_neg_kfold,0.923095194183,0.416307362653,00:00:19,10,80,1,17346,threshold_sweep,0.3,0.975088967972,0.647754137116,0.778409090909,274,7,149,839,0.647754137116,0.991725768322,0.00827423167849,0.352245862884,0.975088967972,0.647754137116,0.778409090909,0.87706855792,0.592855266614,0.698064516129,0.726023427805,0.639479905437,2154,1731,423,0,2154,0,1731,0,423,144,2115,0.10270979021,3.28340051934,29.375,15.4379562044,16.5234375,23.125947344,0.787266292563,0.431540583136,18.7178045265,1.27440371245,0.622363409509,10.41950078,0.709412819061,0.401704097715,1.12585631727,0.342893384662,4.14543900894,3.28340051934,1.12585631727,4.14543900894,0.506274862896,0.548025908195,16217,0.0332762894383,0.115809519663,144,144,144,1,0,0.0486111111111,0.840277777778,0.111111111111,144,0.0821678321678,3.05355639515,23.5,13.0153846154,13.3228346457,18.5170494108,0.787959549395,0.43367070528,14.9771387559,1.27465010689,0.62686334384,8.53417645893,0.726312890122,0.407538744418,1.14466266563,0.374862133691,3.85198199836,3.06791692938,1.13559421795,3.85198199836,0.419242347611,0.449462182004,8775,0.0180057618438,0.0939936678204,144,143,143,0.993055555556,0,0.0902777777778,0.791666666667,0.111111111111,144,1973,0.0958139083139,3.90366352946,27.4027777778,14.2971014493,15.5354330709,21.4069198159,0.781195249239,0.431319338852,16.9994158111,1.24070748951,0.611037196599,10.3363570845,0.754402138958,0.425272427775,1.29379624543,0.331431291572,4.64516381066,3.90366352946,1.29379624543,4.64516381066,0.465906093439,0.529591719672,13849,0.0284172986638,0.112041665173,144,144,144,1,0,0.0416666666667,0.840277777778,0.118055555556,-142,-0.00689588189588,0.620263010126,-1.97222222222,-1.1408547551,-0.988004429134,-1.7190275281,-0.00607104332449,-0.000221244284044,-1.71838871547,-0.0336962229399,-0.0113262129103,-0.0831436954806,0.0449893198973,0.0235683300602,0.167939928158,-0.0114620930894,0.499724801724,0.620263010126,0.167939928158,0.499724801724,-0.0403687694569,-0.0184341885227,-2368,-0.00485899077448,-0.0037678544904,-0.00694444444444,0,0.00694444444444,1966,7,149,18470,0.929550827423,0.99962115062,0.000378849380311,0.0704491725768,0.996452103396,0.929550827423,0.961839530333,0.958352545098,0.929171978043,0.926484448633,281,423,0,5,5,5
724,WLNM_dir_neg_kfold,0.923095194183,0.416307362653,00:00:19,10,80,1,17346,threshold_sweep,0.4,0.975088967972,0.647754137116,0.778409090909,274,7,149,839,0.647754137116,0.991725768322,0.00827423167849,0.352245862884,0.975088967972,0.647754137116,0.778409090909,0.87706855792,0.592855266614,0.698064516129,0.726023427805,0.639479905437,2154,1731,423,0,2154,0,1731,0,423,144,2115,0.10270979021,3.28340051934,29.375,15.4379562044,16.5234375,23.125947344,0.787266292563,0.431540583136,18.7178045265,1.27440371245,0.622363409509,10.41950078,0.709412819061,0.401704097715,1.12585631727,0.342893384662,4.14543900894,3.28340051934,1.12585631727,4.14543900894,0.506274862896,0.548025908195,16217,0.0332762894383,0.115809519663,144,144,144,1,0,0.0486111111111,0.840277777778,0.111111111111,144,0.0821678321678,3.05355639515,23.5,13.0153846154,13.3228346457,18.5170494108,0.787959549395,0.43367070528,14.9771387559,1.27465010689,0.62686334384,8.53417645893,0.726312890122,0.407538744418,1.14466266563,0.374862133691,3.85198199836,3.06791692938,1.13559421795,3.85198199836,0.419242347611,0.449462182004,8775,0.0180057618438,0.0939936678204,144,143,143,0.993055555556,0,0.0902777777778,0.791666666667,0.111111111111,144,1973,0.0958139083139,3.90366352946,27.4027777778,14.2971014493,15.5354330709,21.4069198159,0.781195249239,0.431319338852,16.9994158111,1.24070748951,0.611037196599,10.3363570845,0.754402138958,0.425272427775,1.29379624543,0.331431291572,4.64516381066,3.90366352946,1.29379624543,4.64516381066,0.465906093439,0.529591719672,13849,0.0284172986638,0.112041665173,144,144,144,1,0,0.0416666666667,0.840277777778,0.118055555556,-142,-0.00689588189588,0.620263010126,-1.97222222222,-1.1408547551,-0.988004429134,-1.7190275281,-0.00607104332449,-0.000221244284044,-1.71838871547,-0.0336962229399,-0.0113262129103,-0.0831436954806,0.0449893198973,0.0235683300602,0.167939928158,-0.0114620930894,0.499724801724,0.620263010126,0.167939928158,0.499724801724,-0.0403687694569,-0.0184341885227,-2368,-0.00485899077448,-0.0037678544904,-0.00694444444444,0,0.00694444444444,1966,7,149,18470,0.929550827423,0.99962115062,0.000378849380311,0.0704491725768,0.996452103396,0.929550827423,0.961839530333,0.958352545098,0.929171978043,0.926484448633,281,423,0,5,5,5
725,WLNM_dir_neg_kfold,0.923095194183,0.416307362653,00:00:19,10,80,1,17346,threshold_sweep,0.5,0.975088967972,0.647754137116,0.778409090909,274,7,149,839,0.647754137116,0.991725768322,0.00827423167849,0.352245862884,0.975088967972,0.647754137116,0.778409090909,0.87706855792,0.592855266614,0.698064516129,0.726023427805,0.639479905437,2154,1731,423,0,2154,0,1731,0,423,144,2115,0.10270979021,3.28340051934,29.375,15.4379562044,16.5234375,23.125947344,0.787266292563,0.431540583136,18.7178045265,1.27440371245,0.622363409509,10.41950078,0.709412819061,0.401704097715,1.12585631727,0.342893384662,4.14543900894,3.28340051934,1.12585631727,4.14543900894,0.506274862896,0.548025908195,16217,0.0332762894383,0.115809519663,144,144,144,1,0,0.0486111111111,0.840277777778,0.111111111111,144,0.0821678321678,3.05355639515,23.5,13.0153846154,13.3228346457,18.5170494108,0.787959549395,0.43367070528,14.9771387559,1.27465010689,0.62686334384,8.53417645893,0.726312890122,0.407538744418,1.14466266563,0.374862133691,3.85198199836,3.06791692938,1.13559421795,3.85198199836,0.419242347611,0.449462182004,8775,0.0180057618438,0.0939936678204,144,143,143,0.993055555556,0,0.0902777777778,0.791666666667,0.111111111111,144,1973,0.0958139083139,3.90366352946,27.4027777778,14.2971014493,15.5354330709,21.4069198159,0.781195249239,0.431319338852,16.9994158111,1.24070748951,0.611037196599,10.3363570845,0.754402138958,0.425272427775,1.29379624543,0.331431291572,4.64516381066,3.90366352946,1.29379624543,4.64516381066,0.465906093439,0.529591719672,13849,0.0284172986638,0.112041665173,144,144,144,1,0,0.0416666666667,0.840277777778,0.118055555556,-142,-0.00689588189588,0.620263010126,-1.97222222222,-1.1408547551,-0.988004429134,-1.7190275281,-0.00607104332449,-0.000221244284044,-1.71838871547,-0.0336962229399,-0.0113262129103,-0.0831436954806,0.0449893198973,0.0235683300602,0.167939928158,-0.0114620930894,0.499724801724,0.620263010126,0.167939928158,0.499724801724,-0.0403687694569,-0.0184341885227,-2368,-0.00485899077448,-0.0037678544904,-0.00694444444444,0,0.00694444444444,1966,7,149,18470,0.929550827423,0.99962115062,0.000378849380311,0.0704491725768,0.996452103396,0.929550827423,0.961839530333,0.958352545098,0.929171978043,0.926484448633,281,423,0,5,5,5
726,WLNM_dir_neg_kfold,0.923095194183,0.416307362653,00:00:19,10,80,1,17346,threshold_sweep,0.6,0.978571428571,0.647754137116,0.779516358464,274,6,149,840,0.647754137116,0.992907801418,0.00709219858156,0.352245862884,0.978571428571,0.647754137116,0.779516358464,0.877856579984,0.593117940636,0.699806326662,0.728294662689,0.640661938534,2154,1731,423,0,2154,0,1731,0,423,144,2115,0.10270979021,3.28340051934,29.375,15.4379562044,16.5234375,23.125947344,0.787266292563,0.431540583136,18.7178045265,1.27440371245,0.622363409509,10.41950078,0.709412819061,0.401704097715,1.12585631727,0.342893384662,4.14543900894,3.28340051934,1.12585631727,4.14543900894,0.506274862896,0.548025908195,16217,0.0332762894383,0.115809519663,144,144,144,1,0,0.0486111111111,0.840277777778,0.111111111111,144,0.0821678321678,3.05355639515,23.5,13.0153846154,13.3228346457,18.5170494108,0.787959549395,0.43367070528,14.9771387559,1.27465010689,0.62686334384,8.53417645893,0.726312890122,0.407538744418,1.14466266563,0.374862133691,3.85198199836,3.06791692938,1.13559421795,3.85198199836,0.419242347611,0.449462182004,8775,0.0180057618438,0.0939936678204,144,143,143,0.993055555556,0,0.0902777777778,0.791666666667,0.111111111111,144,1972,0.0957653457653,3.66960307308,27.3888888889,14.2898550725,15.5275590551,21.39639572,0.781207145963,0.431280989407,17.004021646,1.24167298023,0.611547780032,10.3446062279,0.755387067354,0.425857843137,1.17690579986,0.320717466282,4.42764113366,3.66960307308,1.17690579986,4.42764113366,0.464697443925,0.529706760585,13837,0.0283926753997,0.112139803244,144,144,144,1,0,0.0416666666667,0.840277777778,0.118055555556,-143,-0.00694444444444,0.386202553742,-1.98611111111,-1.14810113192,-0.995878444882,-1.72955162407,-0.0060591466006,-0.000259593729071,-1.71378288056,-0.0327307322118,-0.0108156294772,-0.0748945520281,0.0459742482929,0.0241537454225,0.0510494825836,-0.0221759183796,0.282202124725,0.386202553742,0.0510494825836,0.282202124725,-0.0415774189706,-0.0183191476099,-2380,-0.00488361403854,-0.00366971641922,-0.00694444444444,0,0.00694444444444,1966,6,149,18471,0.929550827423,0.99967527196,0.000324728040266,0.0704491725768,0.996957403651,0.929550827423,0.962074871544,0.958625596602,0.929226099383,0.926921263555,280,423,0,5,5,5
727,WLNM_dir_neg_kfold,0.923095194183,0.416307362653,00:00:19,10,80,1,17346,threshold_sweep,0.7,0.981818181818,0.63829787234,0.773638968481,270,5,153,841,0.63829787234,0.994089834515,0.00591016548463,0.36170212766,0.981818181818,0.63829787234,0.773638968481,0.87549251379,0.594431310743,0.693005181347,0.723567822162,0.632387706856,2154,1731,423,0,2154,0,1731,0,423,144,2115,0.10270979021,3.28340051934,29.375,15.4379562044,16.5234375,23.125947344,0.787266292563,0.431540583136,18.7178045265,1.27440371245,0.622363409509,10.41950078,0.709412819061,0.401704097715,1.12585631727,0.342893384662,4.14543900894,3.28340051934,1.12585631727,4.14543900894,0.506274862896,0.548025908195,16217,0.0332762894383,0.115809519663,144,144,144,1,0,0.0486111111111,0.840277777778,0.111111111111,144,0.0821678321678,3.05355639515,23.5,13.0153846154,13.3228346457,18.5170494108,0.787959549395,0.43367070528,14.9771387559,1.27465010689,0.62686334384,8.53417645893,0.726312890122,0.407538744418,1.14466266563,0.374862133691,3.85198199836,3.06791692938,1.13559421795,3.85198199836,0.419242347611,0.449462182004,8775,0.0180057618438,0.0939936678204,144,143,143,0.993055555556,0,0.0902777777778,0.791666666667,0.111111111111,144,1967,0.0955225330225,3.57947697437,27.3194444444,14.6791044776,15.4881889764,21.421397308,0.784108086515,0.432627944416,17.0306852617,1.24678122912,0.615202931706,10.3025308822,0.754226968502,0.425199824888,1.21666655638,0.339900651713,4.33695951338,3.59751527489,1.2014646373,4.33695951338,0.468032177362,0.530892624146,13834,0.0283865195837,0.113011114616,144,143,143,0.993055555556,0,0.0625,0.819444444444,0.111111111111,-148,-0.00718725718726,0.296076455036,-2.05555555556,-0.758851726768,-1.03524852362,-1.70455003606,-0.00315820604845,0.00108736127987,-1.68711926488,-0.0276224833251,-0.00716047780231,-0.116969897709,0.0448141494412,0.0234957271737,0.0908102391076,-0.0029927329481,0.19152050444,0.314114755556,0.0756083200249,0.19152050444,-0.0382426855339,-0.0171332840487,-2383,-0.00488976985456,-0.00279840504682,0.0138888888889,-0.0208333333333,0,1962,5,153,18472,0.927659574468,0.9997293933,0.000270606700222,0.0723404255319,0.997458057956,0.927659574468,0.961293483586,0.957816953406,0.927388967768,0.925471698113,275,423,0,5,5,5
728,WLNM_dir_neg_kfold,0.923095194183,0.416307362653,00:00:19,10,80,1,17346,threshold_sweep,0.8,0.985401459854,0.63829787234,0.77474892396,270,4,153,842,0.63829787234,0.995271867612,0.00472813238771,0.36170212766,0.985401459854,0.63829787234,0.77474892396,0.876280535855,0.594693984765,0.694750486066,0.725876890404,0.633569739953,2154,1731,423,0,2154,0,1731,0,423,144,2115,0.10270979021,3.28340051934,29.375,15.4379562044,16.5234375,23.125947344,0.787266292563,0.431540583136,18.7178045265,1.27440371245,0.622363409509,10.41950078,0.709412819061,0.401704097715,1.12585631727,0.342893384662,4.14543900894,3.28340051934,1.12585631727,4.14543900894,0.506274862896,0.548025908195,16217,0.0332762894383,0.115809519663,144,144,144,1,0,0.0486111111111,0.840277777778,0.111111111111,144,0.0821678321678,3.05355639515,23.5,13.0153846154,13.3228346457,18.5170494108,0.787959549395,0.43367070528,14.9771387559,1.27465010689,0.62686334384,8.53417645893,0.726312890122,0.407538744418,1.14466266563,0.374862133691,3.85198199836,3.06791692938,1.13559421795,3.85198199836,0.419242347611,0.449462182004,8775,0.0180057618438,0.0939936678204,144,143,143,0.993055555556,0,0.0902777777778,0.791666666667,0.111111111111,144,1966,0.095473970474,3.23700055025,27.3055555556,14.7819548872,15.4803149606,21.4193160906,0.78443070118,0.432720837572,17.0360865218,1.24781101686,0.615950322143,10.2890528045,0.753623399722,0.4249321804,1.13646291609,0.35108517853,4.07300954384,3.25264391074,1.12479166321,4.07300954384,0.466389651667,0.531031569245,13827,0.028372156013,0.113829077867,144,143,143,0.993055555556,0,0.0694444444444,0.8125,0.111111111111,-149,-0.00723581973582,-0.046399969085,-2.06944444444,-0.656001317162,-1.04312253937,-1.70663125349,-0.00283559138312,0.00118025443573,-1.68171800474,-0.026592695589,-0.0064130873657,-0.130447975416,0.0442105806613,0.0232280826854,0.0106065988115,0.0081917938683,-0.0724294651033,-0.0307566085937,-0.00106465405986,-0.0724294651033,-0.0398852112287,-0.0169943389499,-2390,-0.00490413342526,-0.00198044179567,0.0208333333333,-0.0277777777778,0,1962,4,153,18473,0.927659574468,0.99978351464,0.000216485360178,0.0723404255319,0.997965412004,0.927659574468,0.961529037001,0.958090708883,0.927443089108,0.925908447381,274,423,0,5,5,5
729,WLNM_dir_neg_kfold,0.923095194183,0.416307362653,00:00:19,10,80,1,17346,threshold_sweep,0.9,0.988970588235,0.635933806147,0.774100719424,269,3,154,843,0.635933806147,0.996453900709,0.00354609929078,0.364066193853,0.988970588235,0.635933806147,0.774100719424,0.876280535855,0.595219332808,0.69435431538,0.726451714389,0.632387706856,2154,1731,423,0,2154,0,1731,0,423,144,2115,0.10270979021,3.28340051934,29.375,15.4379562044,16.5234375,23.125947344,0.787266292563,0.431540583136,18.7178045265,1.27440371245,0.622363409509,10.41950078,0.709412819061,0.401704097715,1.12585631727,0.342893384662,4.14543900894,3.28340051934,1.12585631727,4.14543900894,0.506274862896,0.548025908195,16217,0.0332762894383,0.115809519663,144,144,144,1,0,0.0486111111111,0.840277777778,0.111111111111,144,0.0821678321678,3.05355639515,23.5,13.0153846154,13.3228346457,18.5170494108,0.787959549395,0.43367070528,14.9771387559,1.27465010689,0.62686334384,8.53417645893,0.726312890122,0.407538744418,1.14466266563,0.374862133691,3.85198199836,3.06791692938,1.13559421795,3.85198199836,0.419242347611,0.449462182004,8775,0.0180057618438,0.0939936678204,144,143,143,0.993055555556,0,0.0902777777778,0.791666666667,0.111111111111,144,1964,0.0953768453768,3.09534582431,27.2777777778,14.9923664122,15.4645669291,21.4311205795,0.78566226157,0.433278173795,17.0468753617,1.24987273527,0.617426171079,10.2831324383,0.753956757184,0.425011314777,1.14686126473,0.370511513033,3.94561541238,3.10999859231,1.13728550683,3.94561541238,0.46755710549,0.531399356765,13824,0.028366000197,0.115313406774,144,143,143,0.993055555556,0,0.0833333333333,0.798611111111,0.111111111111,-151,-0.00733294483294,-0.188054695029,-2.09722222222,-0.445589792166,-1.05887057087,-1.69482676455,-0.00160403099301,0.00173759065865,-1.67092916488,-0.0245309771707,-0.00493723842937,-0.136368341695,0.0445439381233,0.0233072170624,0.021004947451,0.0276181283718,-0.19982359656,-0.173401927027,0.0114291895595,-0.19982359656,-0.0387177574058,-0.01662655143,-2393,-0.00491028924128,-0.00049611288879,0.0347222222222,-0.0416666666667,0,1961,3,154,18474,0.927186761229,0.99983763598,0.000162364020133,0.0728132387707,0.998472505092,0.927186761229,0.961510174062,0.958094225959,0.927024397209,0.925873465534,272,423,0,5,5,5
730,WLNM_dir_neg_kfold,0.890891079702,0.356642234898,00:00:19,10,80,2,17347,threshold_sweep,0.1,0.945017182131,0.65011820331,0.770308123249,275,16,148,830,0.65011820331,0.981087470449,0.0189125295508,0.34988179669,0.945017182131,0.65011820331,0.770308123249,0.870764381403,0.590228526399,0.684615384615,0.707799639835,0.631205673759,2154,1731,423,0,2154,0,1731,0,423,144,2115,0.10270979021,3.28340051934,29.375,15.4379562044,16.5234375,23.125947344,0.787266292563,0.431540583136,18.7178045265,1.27440371245,0.622363409509,10.41950078,0.709412819061,0.401704097715,1.12585631727,0.342893384662,4.14543900894,3.28340051934,1.12585631727,4.14543900894,0.506274862896,0.548025908195,16217,0.0332762894383,0.115809519663,144,144,144,1,0,0.0486111111111,0.840277777778,0.111111111111,144,0.0821678321678,3.05355639515,23.5,13.0153846154,13.3228346457,18.5170494108,0.787959549395,0.43367070528,14.9771387559,1.27465010689,0.62686334384,8.53417645893,0.726312890122,0.407538744418,1.14466266563,0.374862133691,3.85198199836,3.06791692938,1.13559421795,3.85198199836,0.419242347611,0.449462182004,8775,0.0180057618438,0.0939936678204,144,143,143,0.993055555556,0,0.0902777777778,0.791666666667,0.111111111111,144,1983,0.0962995337995,27.739731595,27.5416666667,14.0638297872,15.6141732283,21.3786623248,0.776229796966,0.428860592817,16.9811572867,1.23312488618,0.606912226144,10.408924862,0.755867463505,0.42534809772,6.00130599627,0.216343333234,37.9285714286,27.739731595,6.00130599627,37.9285714286,0.47014961301,0.528104425924,13877,0.0284747529466,0.11109189284,144,144,144,1,0,0.0208333333333,0.861111111111,0.118055555556,-132,-0.00641025641026,24.4563310757,-1.83333333333,-1.37412641715,-0.909264271654,-1.74728501926,-0.0110364955967,-0.00267999031961,-1.73664723979,-0.041278826267,-0.0154511833643,-0.0105759179338,0.0464546444446,0.0236440000048,4.875449679,-0.126550051428,33.7831324196,24.4563310757,4.875449679,33.7831324196,-0.0361252498854,-0.0199214822711,-2340,-0.00480153649168,-0.00471762682336,-0.0277777777778,0.0208333333333,0.00694444444444,1967,16,148,18461,0.930023640662,0.999134058559,0.00086594144071,0.0699763593381,0.991931417045,0.930023640662,0.959980478282,0.956175188497,0.929157699221,0.923040825903,291,423,0,5,5,5
731,WLNM_dir_neg_kfold,0.890891079702,0.356642234898,00:00:19,10,80,2,17347,threshold_sweep,0.2,0.944827586207,0.647754137116,0.76858345021,274,16,149,830,0.647754137116,0.981087470449,0.0189125295508,0.352245862884,0.944827586207,0.647754137116,0.76858345021,0.869976359338,0.59049120042,0.682488774856,0.706002582408,0.628841607565,2154,1731,423,0,2154,0,1731,0,423,144,2115,0.10270979021,3.28340051934,29.375,15.4379562044,16.5234375,23.125947344,0.787266292563,0.431540583136,18.7178045265,1.27440371245,0.622363409509,10.41950078,0.709412819061,0.401704097715,1.12585631727,0.342893384662,4.14543900894,3.28340051934,1.12585631727,4.14543900894,0.506274862896,0.548025908195,16217,0.0332762894383,0.115809519663,144,144,144,1,0,0.0486111111111,0.840277777778,0.111111111111,144,0.0821678321678,3.05355639515,23.5,13.0153846154,13.3228346457,18.5170494108,0.787959549395,0.43367070528,14.9771387559,1.27465010689,0.62686334384,8.53417645893,0.726312890122,0.407538744418,1.14466266563,0.374862133691,3.85198199836,3.06791692938,1.13559421795,3.85198199836,0.419242347611,0.449462182004,8775,0.0180057618438,0.0939936678204,144,143,143,0.993055555556,0,0.0902777777778,0.791666666667,0.111111111111,144,1982,0.096250971251,27.7392703039,27.5277777778,14.0567375887,15.6062992126,21.3672334091,0.776206259059,0.428842218859,16.9763249835,1.23339596247,0.606976679,10.405744857,0.756017789814,0.425377004148,6.00125779575,0.216345193295,37.9285714286,27.7392703039,6.00125779575,37.9285714286,0.469756695614,0.527163974398,13837,0.0283926753997,0.111073548114,144,144,144,1,0,0.0208333333333,0.861111111111,0.118055555556,-133,-0.00645881895882,24.4558697845,-1.84722222222,-1.38121861573,-0.917138287402,-1.75871393495,-0.0110600335043,-0.00269836427771,-1.74147954303,-0.0410077499705,-0.0153867305089,-0.0137559229295,0.0466049707534,0.0236729064337,4.87540147847,-0.126548191367,33.7831324196,24.4558697845,4.87540147847,33.7831324196,-0.0365181672818,-0.0208619337968,-2380,-0.00488361403854,-0.00473597154895,-0.0277777777778,0.0208333333333,0.00694444444444,1966,16,149,18461,0.929550827423,0.999134058559,0.00086594144071,0.0704491725768,0.991927346115,0.929550827423,0.959726629241,0.955904005089,0.928684885982,0.922571562647,290,423,0,5,5,5
732,WLNM_dir_neg_kfold,0.890891079702,0.356642234898,00:00:19,10,80,2,17347,threshold_sweep,0.3,0.964664310954,0.645390070922,0.773371104816,273,10,150,836,0.645390070922,0.988179669031,0.0118203309693,0.354609929078,0.964664310954,0.645390070922,0.773371104816,0.873916469661,0.592329918571,0.690721649485,0.717493740569,0.633569739953,2154,1731,423,0,2154,0,1731,0,423,144,2115,0.10270979021,3.28340051934,29.375,15.4379562044,16.5234375,23.125947344,0.787266292563,0.431540583136,18.7178045265,1.27440371245,0.622363409509,10.41950078,0.709412819061,0.401704097715,1.12585631727,0.342893384662,4.14543900894,3.28340051934,1.12585631727,4.14543900894,0.506274862896,0.548025908195,16217,0.0332762894383,0.115809519663,144,144,144,1,0,0.0486111111111,0.840277777778,0.111111111111,144,0.0821678321678,3.05355639515,23.5,13.0153846154,13.3228346457,18.5170494108,0.787959549395,0.43367070528,14.9771387559,1.27465010689,0.62686334384,8.53417645893,0.726312890122,0.407538744418,1.14466266563,0.374862133691,3.85198199836,3.06791692938,1.13559421795,3.85198199836,0.419242347611,0.449462182004,8775,0.0180057618438,0.0939936678204,144,143,143,0.993055555556,0,0.0902777777778,0.791666666667,0.111111111111,144,1975,0.095911033411,3.51277723518,27.4305555556,14.4160583942,15.5511811024,21.3933042194,0.779907799391,0.430492264416,17.0128142549,1.24042797606,0.611817862166,10.3502732604,0.754652835191,0.424827707454,1.22433000312,0.348536192633,4.28189513382,3.51277723518,1.22433000312,4.28189513382,0.471334528385,0.528631160289,13823,0.0283639482583,0.11476107144,144,144,144,1,0,0.0486111111111,0.833333333333,0.118055555556,-140,-0.00679875679876,0.229376715848,-1.94444444444,-1.02189781022,-0.972256397638,-1.73264312465,-0.00735849317266,-0.00104831872001,-1.70499027159,-0.0339757363882,-0.0105455473428,-0.0692275195216,0.0452400161303,0.0231236097396,0.0984736858438,0.00564280797126,0.13645612488,0.229376715848,0.0984736858438,0.13645612488,-0.0349403345104,-0.0193947479063,-2394,-0.00491234117995,-0.00104844822319,0,-0.00694444444444,0.00694444444444,1965,10,150,18467,0.929078014184,0.9994587866,0.000541213400444,0.0709219858156,0.994936708861,0.929078014184,0.960880195599,0.957263801899,0.928536800784,0.924705882353,283,423,0,5,5,5
733,WLNM_dir_neg_kfold,0.890891079702,0.356642234898,00:00:19,10,80,2,17347,threshold_sweep,0.4,0.964664310954,0.645390070922,0.773371104816,273,10,150,836,0.645390070922,0.988179669031,0.0118203309693,0.354609929078,0.964664310954,0.645390070922,0.773371104816,0.873916469661,0.592329918571,0.690721649485,0.717493740569,0.633569739953,2154,1731,423,0,2154,0,1731,0,423,144,2115,0.10270979021,3.28340051934,29.375,15.4379562044,16.5234375,23.125947344,0.787266292563,0.431540583136,18.7178045265,1.27440371245,0.622363409509,10.41950078,0.709412819061,0.401704097715,1.12585631727,0.342893384662,4.14543900894,3.28340051934,1.12585631727,4.14543900894,0.506274862896,0.548025908195,16217,0.0332762894383,0.115809519663,144,144,144,1,0,0.0486111111111,0.840277777778,0.111111111111,144,0.0821678321678,3.05355639515,23.5,13.0153846154,13.3228346457,18.5170494108,0.787959549395,0.43367070528,14.9771387559,1.27465010689,0.62686334384,8.53417645893,0.726312890122,0.407538744418,1.14466266563,0.374862133691,3.85198199836,3.06791692938,1.13559421795,3.85198199836,0.419242347611,0.449462182004,8775,0.0180057618438,0.0939936678204,144,143,143,0.993055555556,0,0.0902777777778,0.791666666667,0.111111111111,144,1975,0.095911033411,3.51277723518,27.4305555556,14.4160583942,15.5511811024,21.3933042194,0.779907799391,0.430492264416,17.0128142549,1.24042797606,0.611817862166,10.3502732604,0.754652835191,0.424827707454,1.22433000312,0.348536192633,4.28189513382,3.51277723518,1.22433000312,4.28189513382,0.471334528385,0.528631160289,13823,0.0283639482583,0.11476107144,144,144,144,1,0,0.0486111111111,0.833333333333,0.118055555556,-140,-0.00679875679876,0.229376715848,-1.94444444444,-1.02189781022,-0.972256397638,-1.73264312465,-0.00735849317266,-0.00104831872001,-1.70499027159,-0.0339757363882,-0.0105455473428,-0.0692275195216,0.0452400161303,0.0231236097396,0.0984736858438,0.00564280797126,0.13645612488,0.229376715848,0.0984736858438,0.13645612488,-0.0349403345104,-0.0193947479063,-2394,-0.00491234117995,-0.00104844822319,0,-0.00694444444444,0.00694444444444,1965,10,150,18467,0.929078014184,0.9994587866,0.000541213400444,0.0709219858156,0.994936708861,0.929078014184,0.960880195599,0.957263801899,0.928536800784,0.924705882353,283,423,0,5,5,5
734,WLNM_dir_neg_kfold,0.890891079702,0.356642234898,00:00:19,10,80,2,17347,threshold_sweep,0.5,0.968085106383,0.645390070922,0.774468085106,273,9,150,837,0.645390070922,0.989361702128,0.0106382978723,0.354609929078,0.968085106383,0.645390070922,0.774468085106,0.874704491726,0.592592592593,0.692456479691,0.719740858177,0.63475177305,2154,1731,423,0,2154,0,1731,0,423,144,2115,0.10270979021,3.28340051934,29.375,15.4379562044,16.5234375,23.125947344,0.787266292563,0.431540583136,18.7178045265,1.27440371245,0.622363409509,10.41950078,0.709412819061,0.401704097715,1.12585631727,0.342893384662,4.14543900894,3.28340051934,1.12585631727,4.14543900894,0.506274862896,0.548025908195,16217,0.0332762894383,0.115809519663,144,144,144,1,0,0.0486111111111,0.840277777778,0.111111111111,144,0.0821678321678,3.05355639515,23.5,13.0153846154,13.3228346457,18.5170494108,0.787959549395,0.43367070528,14.9771387559,1.27465010689,0.62686334384,8.53417645893,0.726312890122,0.407538744418,1.14466266563,0.374862133691,3.85198199836,3.06791692938,1.13559421795,3.85198199836,0.419242347611,0.449462182004,8775,0.0180057618438,0.0939936678204,144,143,143,0.993055555556,0,0.0902777777778,0.791666666667,0.111111111111,144,1974,0.0958624708625,3.51621213963,27.4166666667,14.4087591241,15.5433070866,21.4033851319,0.780670582319,0.430942530677,17.0161893296,1.24130256508,0.612053923224,10.3578455788,0.755587519429,0.425377124845,1.22704638912,0.34896824776,4.28597053615,3.51621213963,1.22704638912,4.28597053615,0.472794471951,0.528786197927,13823,0.0283639482583,0.11492764242,144,144,144,1,0,0.0486111111111,0.833333333333,0.118055555556,-141,-0.00684731934732,0.232811620298,-1.95833333333,-1.02919708029,-0.980130413386,-1.72256221213,-0.00659571024423,-0.000598052459755,-1.70161519694,-0.0331011473682,-0.0103094862847,-0.0616552011219,0.0461747003678,0.0236730271305,0.101190071845,0.00607486309815,0.140531527212,0.232811620298,0.101190071845,0.140531527212,-0.0334803909451,-0.0192397102682,-2394,-0.00491234117995,-0.000881877242601,0,-0.00694444444444,0.00694444444444,1965,9,150,18468,0.929078014184,0.99951290794,0.000487092060399,0.0709219858156,0.995440729483,0.929078014184,0.961115187087,0.957536332733,0.928590922124,0.925141242938,282,423,0,5,5,5
735,WLNM_dir_neg_kfold,0.890891079702,0.356642234898,00:00:19,10,80,2,17347,threshold_sweep,0.6,0.968085106383,0.645390070922,0.774468085106,273,9,150,837,0.645390070922,0.989361702128,0.0106382978723,0.354609929078,0.968085106383,0.645390070922,0.774468085106,0.874704491726,0.592592592593,0.692456479691,0.719740858177,0.63475177305,2154,1731,423,0,2154,0,1731,0,423,144,2115,0.10270979021,3.28340051934,29.375,15.4379562044,16.5234375,23.125947344,0.787266292563,0.431540583136,18.7178045265,1.27440371245,0.622363409509,10.41950078,0.709412819061,0.401704097715,1.12585631727,0.342893384662,4.14543900894,3.28340051934,1.12585631727,4.14543900894,0.506274862896,0.548025908195,16217,0.0332762894383,0.115809519663,144,144,144,1,0,0.0486111111111,0.840277777778,0.111111111111,144,0.0821678321678,3.05355639515,23.5,13.0153846154,13.3228346457,18.5170494108,0.787959549395,0.43367070528,14.9771387559,1.27465010689,0.62686334384,8.53417645893,0.726312890122,0.407538744418,1.14466266563,0.374862133691,3.85198199836,3.06791692938,1.13559421795,3.85198199836,0.419242347611,0.449462182004,8775,0.0180057618438,0.0939936678204,144,143,143,0.993055555556,0,0.0902777777778,0.791666666667,0.111111111111,144,1974,0.0958624708625,3.51621213963,27.4166666667,14.4087591241,15.5433070866,21.4033851319,0.780670582319,0.430942530677,17.0161893296,1.24130256508,0.612053923224,10.3578455788,0.755587519429,0.425377124845,1.22704638912,0.34896824776,4.28597053615,3.51621213963,1.22704638912,4.28597053615,0.472794471951,0.528786197927,13823,0.0283639482583,0.11492764242,144,144,144,1,0,0.0486111111111,0.833333333333,0.118055555556,-141,-0.00684731934732,0.232811620298,-1.95833333333,-1.02919708029,-0.980130413386,-1.72256221213,-0.00659571024423,-0.000598052459755,-1.70161519694,-0.0331011473682,-0.0103094862847,-0.0616552011219,0.0461747003678,0.0236730271305,0.101190071845,0.00607486309815,0.140531527212,0.232811620298,0.101190071845,0.140531527212,-0.0334803909451,-0.0192397102682,-2394,-0.00491234117995,-0.000881877242601,0,-0.00694444444444,0.00694444444444,1965,9,150,18468,0.929078014184,0.99951290794,0.000487092060399,0.0709219858156,0.995440729483,0.929078014184,0.961115187087,0.957536332733,0.928590922124,0.925141242938,282,423,0,5,5,5
736,WLNM_dir_neg_kfold,0.890891079702,0.356642234898,00:00:19,10,80,2,17347,threshold_sweep,0.7,0.968085106383,0.645390070922,0.774468085106,273,9,150,837,0.645390070922,0.989361702128,0.0106382978723,0.354609929078,0.968085106383,0.645390070922,0.774468085106,0.874704491726,0.592592592593,0.692456479691,0.719740858177,0.63475177305,2154,1731,423,0,2154,0,1731,0,423,144,2115,0.10270979021,3.28340051934,29.375,15.4379562044,16.5234375,23.125947344,0.787266292563,0.431540583136,18.7178045265,1.27440371245,0.622363409509,10.41950078,0.709412819061,0.401704097715,1.12585631727,0.342893384662,4.14543900894,3.28340051934,1.12585631727,4.14543900894,0.506274862896,0.548025908195,16217,0.0332762894383,0.115809519663,144,144,144,1,0,0.0486111111111,0.840277777778,0.111111111111,144,0.0821678321678,3.05355639515,23.5,13.0153846154,13.3228346457,18.5170494108,0.787959549395,0.43367070528,14.9771387559,1.27465010689,0.62686334384,8.53417645893,0.726312890122,0.407538744418,1.14466266563,0.374862133691,3.85198199836,3.06791692938,1.13559421795,3.85198199836,0.419242347611,0.449462182004,8775,0.0180057618438,0.0939936678204,144,143,143,0.993055555556,0,0.0902777777778,0.791666666667,0.111111111111,144,1974,0.0958624708625,3.51621213963,27.4166666667,14.4087591241,15.5433070866,21.4033851319,0.780670582319,0.430942530677,17.0161893296,1.24130256508,0.612053923224,10.3578455788,0.755587519429,0.425377124845,1.22704638912,0.34896824776,4.28597053615,3.51621213963,1.22704638912,4.28597053615,0.472794471951,0.528786197927,13823,0.0283639482583,0.11492764242,144,144,144,1,0,0.0486111111111,0.833333333333,0.118055555556,-141,-0.00684731934732,0.232811620298,-1.95833333333,-1.02919708029,-0.980130413386,-1.72256221213,-0.00659571024423,-0.000598052459755,-1.70161519694,-0.0331011473682,-0.0103094862847,-0.0616552011219,0.0461747003678,0.0236730271305,0.101190071845,0.00607486309815,0.140531527212,0.232811620298,0.101190071845,0.140531527212,-0.0334803909451,-0.0192397102682,-2394,-0.00491234117995,-0.000881877242601,0,-0.00694444444444,0.00694444444444,1965,9,150,18468,0.929078014184,0.99951290794,0.000487092060399,0.0709219858156,0.995440729483,0.929078014184,0.961115187087,0.957536332733,0.928590922124,0.925141242938,282,423,0,5,5,5
737,WLNM_dir_neg_kfold,0.890891079702,0.356642234898,00:00:19,10,80,2,17347,threshold_sweep,0.8,0.974545454545,0.633569739953,0.767908309456,268,7,155,839,0.633569739953,0.991725768322,0.00827423167849,0.366430260047,0.974545454545,0.633569739953,0.767908309456,0.872340425532,0.594431310743,0.685233160622,0.715453042848,0.625295508274,2154,1731,423,0,2154,0,1731,0,423,144,2115,0.10270979021,3.28340051934,29.375,15.4379562044,16.5234375,23.125947344,0.787266292563,0.431540583136,18.7178045265,1.27440371245,0.622363409509,10.41950078,0.709412819061,0.401704097715,1.12585631727,0.342893384662,4.14543900894,3.28340051934,1.12585631727,4.14543900894,0.506274862896,0.548025908195,16217,0.0332762894383,0.115809519663,144,144,144,1,0,0.0486111111111,0.840277777778,0.111111111111,144,0.0821678321678,3.05355639515,23.5,13.0153846154,13.3228346457,18.5170494108,0.787959549395,0.43367070528,14.9771387559,1.27465010689,0.62686334384,8.53417645893,0.726312890122,0.407538744418,1.14466266563,0.374862133691,3.85198199836,3.06791692938,1.13559421795,3.85198199836,0.419242347611,0.449462182004,8775,0.0180057618438,0.0939936678204,144,143,143,0.993055555556,0,0.0902777777778,0.791666666667,0.111111111111,144,1967,0.0955225330225,3.11091913871,27.3194444444,15.1307692308,15.4881889764,21.4373873714,0.784693386244,0.43283977292,17.0540740962,1.2484934773,0.617271790092,10.2889466079,0.753232491884,0.42413362142,1.16281493461,0.373785007826,3.92444919164,3.12568081101,1.15328274727,3.92444919164,0.476579326316,0.530549833016,13821,0.028359844381,0.117038462026,144,143,143,0.993055555556,0,0.0902777777778,0.791666666667,0.111111111111,-148,-0.00718725718726,-0.172481380626,-2.05555555556,-0.30718697361,-1.03524852362,-1.68855997264,-0.00257290631964,0.00129918978352,-1.66373043033,-0.0259102351427,-0.00509161941672,-0.13055417207,0.043819672823,0.0224295237054,0.036958617334,0.0308916231644,-0.220989817297,-0.157719708328,0.0274264299928,-0.220989817297,-0.0296955365793,-0.0174760751793,-2396,-0.00491644505729,0.00122894236325,0.0416666666667,-0.0486111111111,0,1960,7,155,18470,0.926713947991,0.99962115062,0.000378849380311,0.0732860520095,0.996441281139,0.926713947991,0.960313571779,0.9567285064,0.92633509861,0.923656927427,275,423,0,5,5,5
738,WLNM_dir_neg_kfold,0.890891079702,0.356642234898,00:00:19,10,80,2,17347,threshold_sweep,0.9,0.978102189781,0.633569739953,0.769010043042,268,6,155,840,0.633569739953,0.992907801418,0.00709219858156,0.366430260047,0.978102189781,0.633569739953,0.769010043042,0.873128447597,0.594693984765,0.686973428386,0.717751402825,0.626477541371,2154,1731,423,0,2154,0,1731,0,423,144,2115,0.10270979021,3.28340051934,29.375,15.4379562044,16.5234375,23.125947344,0.787266292563,0.431540583136,18.7178045265,1.27440371245,0.622363409509,10.41950078,0.709412819061,0.401704097715,1.12585631727,0.342893384662,4.14543900894,3.28340051934,1.12585631727,4.14543900894,0.506274862896,0.548025908195,16217,0.0332762894383,0.115809519663,144,144,144,1,0,0.0486111111111,0.840277777778,0.111111111111,144,0.0821678321678,3.05355639515,23.5,13.0153846154,13.3228346457,18.5170494108,0.787959549395,0.43367070528,14.9771387559,1.27465010689,0.62686334384,8.53417645893,0.726312890122,0.407538744418,1.14466266563,0.374862133691,3.85198199836,3.06791692938,1.13559421795,3.85198199836,0.419242347611,0.449462182004,8775,0.0180057618438,0.0939936678204,144,143,143,0.993055555556,0,0.0902777777778,0.791666666667,0.111111111111,144,1966,0.095473970474,3.11031965173,27.3055555556,15.1230769231,15.4803149606,21.4137651885,0.784227412805,0.432628998531,17.0426529684,1.24829197734,0.617193681474,10.288373127,0.753573616628,0.424282242568,1.16213796423,0.373639398634,3.92243552221,3.12507713181,1.15260315483,3.92243552221,0.476579326316,0.530549833016,13821,0.028359844381,0.117053089478,144,143,143,0.993055555556,0,0.0902777777778,0.791666666667,0.111111111111,-149,-0.00723581973582,-0.173080867611,-2.06944444444,-0.314879281303,-1.04312253937,-1.71218215552,-0.00303887975854,0.00108841539425,-1.67515155812,-0.0261117351041,-0.00516972803485,-0.131127652944,0.0441607975667,0.0225781448534,0.036281646954,0.030746013972,-0.223003486725,-0.158323387529,0.0267468375517,-0.223003486725,-0.0296955365793,-0.0174760751793,-2396,-0.00491644505729,0.0012435698145,0.0416666666667,-0.0486111111111,0,1960,6,155,18471,0.926713947991,0.99967527196,0.000324728040266,0.0732860520095,0.996948118006,0.926713947991,0.960548885077,0.95700201432,0.92638921995,0.924092409241,274,423,0,5,5,5
739,WLNM_dir_neg_kfold,0.88576753908,0.486498797404,00:00:19,10,80,3,17348,threshold_sweep,0.1,0.938566552901,0.65011820331,0.768156424581,275,18,148,828,0.65011820331,0.978723404255,0.0212765957447,0.34988179669,0.938566552901,0.65011820331,0.768156424581,0.869188337273,0.589703178356,0.681177976953,0.703457582884,0.628841607565,2154,1731,423,0,2154,0,1731,0,423,144,2115,0.10270979021,3.28340051934,29.375,15.4379562044,16.5234375,23.125947344,0.787266292563,0.431540583136,18.7178045265,1.27440371245,0.622363409509,10.41950078,0.709412819061,0.401704097715,1.12585631727,0.342893384662,4.14543900894,3.28340051934,1.12585631727,4.14543900894,0.506274862896,0.548025908195,16217,0.0332762894383,0.115809519663,144,144,144,1,0,0.0486111111111,0.840277777778,0.111111111111,144,0.0821678321678,3.05355639515,23.5,13.0153846154,13.3228346457,18.5170494108,0.787959549395,0.43367070528,14.9771387559,1.27465010689,0.62686334384,8.53417645893,0.726312890122,0.407538744418,1.14466266563,0.374862133691,3.85198199836,3.06791692938,1.13559421795,3.85198199836,0.419242347611,0.449462182004,8775,0.0180057618438,0.0939936678204,144,143,143,0.993055555556,0,0.0902777777778,0.791666666667,0.111111111111,144,1985,0.0963966588967,5.88644481504,27.5694444444,14.1785714286,15.6299212598,21.3107716871,0.772985169506,0.427228519451,16.9429991295,1.22911429453,0.605510075567,10.4300287259,0.756636844599,0.425808144416,1.59454330586,0.270883930108,6.77657613001,5.88644481504,1.59454330586,6.77657613001,0.460404361471,0.525317018063,13795,0.0283064939755,0.11131921093,144,144,144,1,0,0.0277777777778,0.854166666667,0.118055555556,-130,-0.00631313131313,2.60304429571,-1.80555555556,-1.25938477581,-0.893516240157,-1.81517565696,-0.0142811230569,-0.00431206368489,-1.77480539702,-0.0452894179111,-0.016853333942,0.0105279459396,0.0472240255381,0.0241040467017,0.46868698859,-0.0720094545533,2.63113712107,2.60304429571,0.46868698859,2.63113712107,-0.045870501425,-0.0227088901321,-2422,-0.00496979546275,-0.00449030873319,-0.0208333333333,0.0138888888889,0.00694444444444,1967,18,148,18459,0.930023640662,0.999025815879,0.000974184120799,0.0699763593381,0.990931989924,0.930023640662,0.959512195122,0.955633387459,0.929049456541,0.922175339897,293,423,0,5,5,5
740,WLNM_dir_neg_kfold,0.88576753908,0.486498797404,00:00:19,10,80,3,17348,threshold_sweep,0.2,0.941780821918,0.65011820331,0.769230769231,275,17,148,829,0.65011820331,0.979905437352,0.0200945626478,0.34988179669,0.941780821918,0.65011820331,0.769230769231,0.869976359338,0.589965852377,0.682895579757,0.705624259665,0.630023640662,2154,1731,423,0,2154,0,1731,0,423,144,2115,0.10270979021,3.28340051934,29.375,15.4379562044,16.5234375,23.125947344,0.787266292563,0.431540583136,18.7178045265,1.27440371245,0.622363409509,10.41950078,0.709412819061,0.401704097715,1.12585631727,0.342893384662,4.14543900894,3.28340051934,1.12585631727,4.14543900894,0.506274862896,0.548025908195,16217,0.0332762894383,0.115809519663,144,144,144,1,0,0.0486111111111,0.840277777778,0.111111111111,144,0.0821678321678,3.05355639515,23.5,13.0153846154,13.3228346457,18.5170494108,0.787959549395,0.43367070528,14.9771387559,1.27465010689,0.62686334384,8.53417645893,0.726312890122,0.407538744418,1.14466266563,0.374862133691,3.85198199836,3.06791692938,1.13559421795,3.85198199836,0.419242347611,0.449462182004,8775,0.0180057618438,0.0939936678204,144,143,143,0.993055555556,0,0.0902777777778,0.791666666667,0.111111111111,144,1984,0.0963480963481,5.8803137461,27.5555555556,14.1714285714,15.6220472441,21.3163904165,0.77357868447,0.427478858647,16.9464167652,1.22998186199,0.605734767025,10.4275351226,0.756837226642,0.425872255824,1.59044926269,0.27047013669,6.76813127643,5.8803137461,1.59044926269,6.76813127643,0.460962721837,0.525297165498,13788,0.0282921304048,0.111457533563,144,144,144,1,0,0.0277777777778,0.854166666667,0.118055555556,-131,-0.00636169386169,2.59691322677,-1.81944444444,-1.26652763295,-0.901390255906,-1.80955692755,-0.0136876080935,-0.00406172448937,-1.7713877613,-0.0444218504523,-0.0166286424837,0.00803434266507,0.047424407581,0.0241681581096,0.464592945412,-0.072423247972,2.62269226749,2.59691322677,0.464592945412,2.62269226749,-0.0453121410587,-0.0227287426966,-2429,-0.00498415903345,-0.00435198610033,-0.0208333333333,0.0138888888889,0.00694444444444,1967,17,148,18460,0.930023640662,0.999079937219,0.000920062780754,0.0699763593381,0.991431451613,0.930023640662,0.95974627958,0.955904189812,0.929103577881,0.922607879925,292,423,0,5,5,5
741,WLNM_dir_neg_kfold,0.88576753908,0.486498797404,00:00:19,10,80,3,17348,threshold_sweep,0.3,0.971631205674,0.647754137116,0.777304964539,274,8,149,838,0.647754137116,0.990543735225,0.00945626477541,0.352245862884,0.971631205674,0.647754137116,0.777304964539,0.876280535855,0.592592592593,0.696324951644,0.723761756826,0.63829787234,2154,1731,423,0,2154,0,1731,0,423,144,2115,0.10270979021,3.28340051934,29.375,15.4379562044,16.5234375,23.125947344,0.787266292563,0.431540583136,18.7178045265,1.27440371245,0.622363409509,10.41950078,0.709412819061,0.401704097715,1.12585631727,0.342893384662,4.14543900894,3.28340051934,1.12585631727,4.14543900894,0.506274862896,0.548025908195,16217,0.0332762894383,0.115809519663,144,144,144,1,0,0.0486111111111,0.840277777778,0.111111111111,144,0.0821678321678,3.05355639515,23.5,13.0153846154,13.3228346457,18.5170494108,0.787959549395,0.43367070528,14.9771387559,1.27465010689,0.62686334384,8.53417645893,0.726312890122,0.407538744418,1.14466266563,0.374862133691,3.85198199836,3.06791692938,1.13559421795,3.85198199836,0.419242347611,0.449462182004,8775,0.0180057618438,0.0939936678204,144,143,143,0.993055555556,0,0.0902777777778,0.791666666667,0.111111111111,144,1974,0.0958624708625,3.51662333453,27.4166666667,14.4087591241,15.5433070866,21.3536652821,0.778857092355,0.42976049758,16.9952173445,1.23977269383,0.611786558595,10.3531185127,0.755242687853,0.425102724305,1.19957976905,0.341116933757,4.36391704045,3.51662333453,1.19957976905,4.36391704045,0.46030309236,0.527196812993,13763,0.028240831938,0.112982683894,144,144,144,1,0,0.0486111111111,0.833333333333,0.118055555556,-141,-0.00684731934732,0.23322281519,-1.95833333333,-1.02919708029,-0.980130413386,-1.77228206196,-0.00840920020773,-0.00178008555668,-1.72258718202,-0.0346310186201,-0.0105768509137,-0.0663822673015,0.0458298687924,0.0233986265901,0.0737234517758,-0.00177645090492,0.218478031515,0.23322281519,0.0737234517758,0.218478031515,-0.0459717705361,-0.0208290952017,-2454,-0.00503545750025,-0.00282683576924,0,-0.00694444444444,0.00694444444444,1966,8,149,18469,0.929550827423,0.99956702928,0.000432970720355,0.0704491725768,0.995947315096,0.929550827423,0.961604304231,0.958079692561,0.929117856703,0.926048045219,282,423,0,5,5,5
742,WLNM_dir_neg_kfold,0.88576753908,0.486498797404,00:00:19,10,80,3,17348,threshold_sweep,0.4,0.978494623656,0.645390070922,0.777777777778,273,6,150,840,0.645390070922,0.992907801418,0.00709219858156,0.354609929078,0.978494623656,0.645390070922,0.777777777778,0.87706855792,0.593380614657,0.697674418605,0.726539219545,0.63829787234,2154,1731,423,0,2154,0,1731,0,423,144,2115,0.10270979021,3.28340051934,29.375,15.4379562044,16.5234375,23.125947344,0.787266292563,0.431540583136,18.7178045265,1.27440371245,0.622363409509,10.41950078,0.709412819061,0.401704097715,1.12585631727,0.342893384662,4.14543900894,3.28340051934,1.12585631727,4.14543900894,0.506274862896,0.548025908195,16217,0.0332762894383,0.115809519663,144,144,144,1,0,0.0486111111111,0.840277777778,0.111111111111,144,0.0821678321678,3.05355639515,23.5,13.0153846154,13.3228346457,18.5170494108,0.787959549395,0.43367070528,14.9771387559,1.27465010689,0.62686334384,8.53417645893,0.726312890122,0.407538744418,1.14466266563,0.374862133691,3.85198199836,3.06791692938,1.13559421795,3.85198199836,0.419242347611,0.449462182004,8775,0.0180057618438,0.0939936678204,144,143,143,0.993055555556,0,0.0902777777778,0.791666666667,0.111111111111,144,1971,0.0957167832168,3.32233145674,27.375,14.4926470588,15.5196850394,21.3848763631,0.781182698194,0.431013585884,17.0106789782,1.24278933174,0.613750070466,10.3528441077,0.756372172254,0.425626444557,1.1519777704,0.346737760936,4.19316901602,3.32233145674,1.1519777704,4.19316901602,0.462615793395,0.527296426928,13754,0.02822236449,0.114860953533,144,144,144,1,0,0.0555555555556,0.826388888889,0.118055555556,-144,-0.00699300699301,0.0389309374082,-2,-0.945309145556,-1.00375246063,-1.74107098099,-0.00608359436955,-0.000526997252118,-1.7071255483,-0.0316143807017,-0.0086133390426,-0.0666566722295,0.0469593531932,0.0239223468425,0.0261214531257,0.00384437627493,0.047730007083,0.0389309374082,0.0261214531257,0.047730007083,-0.043659069501,-0.0207294812665,-2463,-0.00505392494829,-0.000948566129658,0.00694444444444,-0.0138888888889,0.00694444444444,1965,6,150,18471,0.929078014184,0.99967527196,0.000324728040266,0.0709219858156,0.99695585997,0.929078014184,0.961820851689,0.958355117942,0.928753286144,0.926449787836,279,423,0,5,5,5
743,WLNM_dir_neg_kfold,0.88576753908,0.486498797404,00:00:19,10,80,3,17348,threshold_sweep,0.5,0.982014388489,0.645390070922,0.778887303852,273,5,150,841,0.645390070922,0.994089834515,0.00591016548463,0.354609929078,0.982014388489,0.645390070922,0.778887303852,0.877856579984,0.593643288679,0.69941822883,0.728824632102,0.639479905437,2154,1731,423,0,2154,0,1731,0,423,144,2115,0.10270979021,3.28340051934,29.375,15.4379562044,16.5234375,23.125947344,0.787266292563,0.431540583136,18.7178045265,1.27440371245,0.622363409509,10.41950078,0.709412819061,0.401704097715,1.12585631727,0.342893384662,4.14543900894,3.28340051934,1.12585631727,4.14543900894,0.506274862896,0.548025908195,16217,0.0332762894383,0.115809519663,144,144,144,1,0,0.0486111111111,0.840277777778,0.111111111111,144,0.0821678321678,3.05355639515,23.5,13.0153846154,13.3228346457,18.5170494108,0.787959549395,0.43367070528,14.9771387559,1.27465010689,0.62686334384,8.53417645893,0.726312890122,0.407538744418,1.14466266563,0.374862133691,3.85198199836,3.06791692938,1.13559421795,3.85198199836,0.419242347611,0.449462182004,8775,0.0180057618438,0.0939936678204,144,143,143,0.993055555556,0,0.0902777777778,0.791666666667,0.111111111111,144,1970,0.0956682206682,3.32226561823,27.3611111111,14.4852941176,15.5118110236,21.3952517806,0.781958440714,0.431422729836,17.0128099732,1.24357595744,0.613888888889,10.3570203735,0.75706138771,0.426029328821,1.15194504979,0.346734783478,4.19314674153,3.32226561823,1.15194504979,4.19314674153,0.4623977773,0.527252972006,13749,0.0282121047966,0.115032833313,144,144,144,1,0,0.0555555555556,0.826388888889,0.118055555556,-145,-0.00704156954157,0.0388650988937,-2.01388888889,-0.952662086733,-1.01162647638,-1.73069556341,-0.00530785184957,-0.000117853299892,-1.70499455329,-0.0308277550101,-0.00847452061991,-0.0624804064181,0.0476485686495,0.0243252311065,0.0260887325177,0.00384139881616,0.0477077325952,0.0388650988937,0.0260887325177,0.0477077325952,-0.0438770855958,-0.0207729361893,-2468,-0.00506418464165,-0.000776686350467,0.00694444444444,-0.0138888888889,0.00694444444444,1965,5,150,18472,0.929078014184,0.9997293933,0.000270606700222,0.0709219858156,0.997461928934,0.929078014184,0.96205630355,0.95862844475,0.928807407484,0.926886792453,278,423,0,5,5,5
744,WLNM_dir_neg_kfold,0.88576753908,0.486498797404,00:00:19,10,80,3,17348,threshold_sweep,0.6,0.985507246377,0.643026004728,0.778254649499,272,4,151,842,0.643026004728,0.995271867612,0.00472813238771,0.356973995272,0.985507246377,0.643026004728,0.778254649499,0.877856579984,0.594168636722,0.699029126214,0.729372855888,0.63829787234,2154,1731,423,0,2154,0,1731,0,423,144,2115,0.10270979021,3.28340051934,29.375,15.4379562044,16.5234375,23.125947344,0.787266292563,0.431540583136,18.7178045265,1.27440371245,0.622363409509,10.41950078,0.709412819061,0.401704097715,1.12585631727,0.342893384662,4.14543900894,3.28340051934,1.12585631727,4.14543900894,0.506274862896,0.548025908195,16217,0.0332762894383,0.115809519663,144,144,144,1,0,0.0486111111111,0.840277777778,0.111111111111,144,0.0821678321678,3.05355639515,23.5,13.0153846154,13.3228346457,18.5170494108,0.787959549395,0.43367070528,14.9771387559,1.27465010689,0.62686334384,8.53417645893,0.726312890122,0.407538744418,1.14466266563,0.374862133691,3.85198199836,3.06791692938,1.13559421795,3.85198199836,0.419242347611,0.449462182004,8775,0.0180057618438,0.0939936678204,144,143,143,0.993055555556,0,0.0902777777778,0.791666666667,0.111111111111,144,1968,0.0955710955711,3.32322773656,27.3333333333,14.4705882353,15.4960629921,21.3996274721,0.782913200198,0.431921155149,17.0170626014,1.24515092205,0.614166948961,10.3484737566,0.757205396824,0.426215277778,1.15197414265,0.346643153574,4.19467593987,3.32322773656,1.15197414265,4.19467593987,0.463295289305,0.527726941142,13745,0.0282038970419,0.115275001202,144,144,144,1,0,0.0555555555556,0.826388888889,0.118055555556,-147,-0.00713869463869,0.0398272172251,-2.04166666667,-0.967367969085,-1.02737450787,-1.72631987196,-0.00435309236489,0.000380572012724,-1.70074192513,-0.0292527903905,-0.00819646054764,-0.0710270233619,0.0477925777631,0.024511180063,0.0261178253729,0.00374976891288,0.0492369309325,0.0398272172251,0.0261178253729,0.0492369309325,-0.0429795735911,-0.020298967053,-2472,-0.00507239239634,-0.000534518460994,0.00694444444444,-0.0138888888889,0.00694444444444,1964,4,151,18473,0.928605200946,0.99978351464,0.000216485360178,0.0713947990544,0.997967479675,0.928605200946,0.962037717365,0.958631597661,0.928388715585,0.926852288815,276,423,0,5,5,5
745,WLNM_dir_neg_kfold,0.88576753908,0.486498797404,00:00:19,10,80,3,17348,threshold_sweep,0.7,0.992565055762,0.631205673759,0.771676300578,267,2,156,844,0.631205673759,0.997635933806,0.00236406619385,0.368794326241,0.992565055762,0.631205673759,0.771676300578,0.87549251379,0.596007354873,0.691807542263,0.725304704588,0.628841607565,2154,1731,423,0,2154,0,1731,0,423,144,2115,0.10270979021,3.28340051934,29.375,15.4379562044,16.5234375,23.125947344,0.787266292563,0.431540583136,18.7178045265,1.27440371245,0.622363409509,10.41950078,0.709412819061,0.401704097715,1.12585631727,0.342893384662,4.14543900894,3.28340051934,1.12585631727,4.14543900894,0.506274862896,0.548025908195,16217,0.0332762894383,0.115809519663,144,144,144,1,0,0.0486111111111,0.840277777778,0.111111111111,144,0.0821678321678,3.05355639515,23.5,13.0153846154,13.3228346457,18.5170494108,0.787959549395,0.43367070528,14.9771387559,1.27465010689,0.62686334384,8.53417645893,0.726312890122,0.407538744418,1.14466266563,0.374862133691,3.85198199836,3.06791692938,1.13559421795,3.85198199836,0.419242347611,0.449462182004,8775,0.0180057618438,0.0939936678204,144,143,143,0.993055555556,0,0.0902777777778,0.791666666667,0.111111111111,144,1961,0.0952311577312,3.07173477297,27.2361111111,15.0846153846,15.4409448819,21.4254231417,0.786655005711,0.433693127089,17.0515452729,1.25212775079,0.618770893535,10.2833945361,0.755129430496,0.425070117287,1.14518892377,0.372815040494,3.90090579035,3.08622242872,1.13589434709,3.90090579035,0.467680064018,0.52953418463,13740,0.0281936373486,0.117601651863,144,143,143,0.993055555556,0,0.0902777777778,0.791666666667,0.111111111111,-154,-0.00747863247863,-0.21166574637,-2.13888888889,-0.353340819764,-1.08249261811,-1.70052420239,-0.000611286852395,0.00215254395303,-1.66625925367,-0.0222759616583,-0.00359251597376,-0.136106243826,0.0457166114352,0.0233660195724,0.0193326064968,0.0299216558328,-0.244533218593,-0.197178090615,0.0100380298186,-0.244533218593,-0.0385947988778,-0.0184917235645,-2477,-0.00508265208969,0.00179213220005,0.0416666666667,-0.0486111111111,0,1959,2,156,18475,0.926241134752,0.99989175732,0.000108242680089,0.0737588652482,0.998980112188,0.926241134752,0.961236506379,0.957827593377,0.926132892072,0.925366084081,269,423,0,5,5,5
746,WLNM_dir_neg_kfold,0.88576753908,0.486498797404,00:00:19,10,80,3,17348,threshold_sweep,0.8,0.992565055762,0.631205673759,0.771676300578,267,2,156,844,0.631205673759,0.997635933806,0.00236406619385,0.368794326241,0.992565055762,0.631205673759,0.771676300578,0.87549251379,0.596007354873,0.691807542263,0.725304704588,0.628841607565,2154,1731,423,0,2154,0,1731,0,423,144,2115,0.10270979021,3.28340051934,29.375,15.4379562044,16.5234375,23.125947344,0.787266292563,0.431540583136,18.7178045265,1.27440371245,0.622363409509,10.41950078,0.709412819061,0.401704097715,1.12585631727,0.342893384662,4.14543900894,3.28340051934,1.12585631727,4.14543900894,0.506274862896,0.548025908195,16217,0.0332762894383,0.115809519663,144,144,144,1,0,0.0486111111111,0.840277777778,0.111111111111,144,0.0821678321678,3.05355639515,23.5,13.0153846154,13.3228346457,18.5170494108,0.787959549395,0.43367070528,14.9771387559,1.27465010689,0.62686334384,8.53417645893,0.726312890122,0.407538744418,1.14466266563,0.374862133691,3.85198199836,3.06791692938,1.13559421795,3.85198199836,0.419242347611,0.449462182004,8775,0.0180057618438,0.0939936678204,144,143,143,0.993055555556,0,0.0902777777778,0.791666666667,0.111111111111,144,1961,0.0952311577312,3.07173477297,27.2361111111,15.0846153846,15.4409448819,21.4254231417,0.786655005711,0.433693127089,17.0515452729,1.25212775079,0.618770893535,10.2833945361,0.755129430496,0.425070117287,1.14518892377,0.372815040494,3.90090579035,3.08622242872,1.13589434709,3.90090579035,0.467680064018,0.52953418463,13740,0.0281936373486,0.117601651863,144,143,143,0.993055555556,0,0.0902777777778,0.791666666667,0.111111111111,-154,-0.00747863247863,-0.21166574637,-2.13888888889,-0.353340819764,-1.08249261811,-1.70052420239,-0.000611286852395,0.00215254395303,-1.66625925367,-0.0222759616583,-0.00359251597376,-0.136106243826,0.0457166114352,0.0233660195724,0.0193326064968,0.0299216558328,-0.244533218593,-0.197178090615,0.0100380298186,-0.244533218593,-0.0385947988778,-0.0184917235645,-2477,-0.00508265208969,0.00179213220005,0.0416666666667,-0.0486111111111,0,1959,2,156,18475,0.926241134752,0.99989175732,0.000108242680089,0.0737588652482,0.998980112188,0.926241134752,0.961236506379,0.957827593377,0.926132892072,0.925366084081,269,423,0,5,5,5
747,WLNM_dir_neg_kfold,0.88576753908,0.486498797404,00:00:19,10,80,3,17348,threshold_sweep,0.9,0.992565055762,0.631205673759,0.771676300578,267,2,156,844,0.631205673759,0.997635933806,0.00236406619385,0.368794326241,0.992565055762,0.631205673759,0.771676300578,0.87549251379,0.596007354873,0.691807542263,0.725304704588,0.628841607565,2154,1731,423,0,2154,0,1731,0,423,144,2115,0.10270979021,3.28340051934,29.375,15.4379562044,16.5234375,23.125947344,0.787266292563,0.431540583136,18.7178045265,1.27440371245,0.622363409509,10.41950078,0.709412819061,0.401704097715,1.12585631727,0.342893384662,4.14543900894,3.28340051934,1.12585631727,4.14543900894,0.506274862896,0.548025908195,16217,0.0332762894383,0.115809519663,144,144,144,1,0,0.0486111111111,0.840277777778,0.111111111111,144,0.0821678321678,3.05355639515,23.5,13.0153846154,13.3228346457,18.5170494108,0.787959549395,0.43367070528,14.9771387559,1.27465010689,0.62686334384,8.53417645893,0.726312890122,0.407538744418,1.14466266563,0.374862133691,3.85198199836,3.06791692938,1.13559421795,3.85198199836,0.419242347611,0.449462182004,8775,0.0180057618438,0.0939936678204,144,143,143,0.993055555556,0,0.0902777777778,0.791666666667,0.111111111111,144,1961,0.0952311577312,3.07173477297,27.2361111111,15.0846153846,15.4409448819,21.4254231417,0.786655005711,0.433693127089,17.0515452729,1.25212775079,0.618770893535,10.2833945361,0.755129430496,0.425070117287,1.14518892377,0.372815040494,3.90090579035,3.08622242872,1.13589434709,3.90090579035,0.467680064018,0.52953418463,13740,0.0281936373486,0.117601651863,144,143,143,0.993055555556,0,0.0902777777778,0.791666666667,0.111111111111,-154,-0.00747863247863,-0.21166574637,-2.13888888889,-0.353340819764,-1.08249261811,-1.70052420239,-0.000611286852395,0.00215254395303,-1.66625925367,-0.0222759616583,-0.00359251597376,-0.136106243826,0.0457166114352,0.0233660195724,0.0193326064968,0.0299216558328,-0.244533218593,-0.197178090615,0.0100380298186,-0.244533218593,-0.0385947988778,-0.0184917235645,-2477,-0.00508265208969,0.00179213220005,0.0416666666667,-0.0486111111111,0,1959,2,156,18475,0.926241134752,0.99989175732,0.000108242680089,0.0737588652482,0.998980112188,0.926241134752,0.961236506379,0.957827593377,0.926132892072,0.925366084081,269,423,0,5,5,5
748,WLNM_dir_neg_kfold,0.887695678174,0.402518210251,00:00:19,10,80,4,17349,threshold_sweep,0.1,0.961538461538,0.65011820331,0.775740479549,275,11,148,835,0.65011820331,0.986997635934,0.0130023640662,0.34988179669,0.961538461538,0.65011820331,0.775740479549,0.874704491726,0.591541896506,0.693247588424,0.718809803937,0.637115839243,2154,1731,423,0,2154,0,1731,0,423,144,2115,0.10270979021,3.28340051934,29.375,15.4379562044,16.5234375,23.125947344,0.787266292563,0.431540583136,18.7178045265,1.27440371245,0.622363409509,10.41950078,0.709412819061,0.401704097715,1.12585631727,0.342893384662,4.14543900894,3.28340051934,1.12585631727,4.14543900894,0.506274862896,0.548025908195,16217,0.0332762894383,0.115809519663,144,144,144,1,0,0.0486111111111,0.840277777778,0.111111111111,144,0.0821678321678,3.05355639515,23.5,13.0153846154,13.3228346457,18.5170494108,0.787959549395,0.43367070528,14.9771387559,1.27465010689,0.62686334384,8.53417645893,0.726312890122,0.407538744418,1.14466266563,0.374862133691,3.85198199836,3.06791692938,1.13559421795,3.85198199836,0.419242347611,0.449462182004,8775,0.0180057618438,0.0939936678204,144,143,143,0.993055555556,0,0.0902777777778,0.791666666667,0.111111111111,144,1978,0.0960567210567,5.89610414857,27.4722222222,14.1285714286,15.5748031496,21.4012431651,0.779013906921,0.430250112347,16.9903247297,1.23690938376,0.608309459611,10.4191768537,0.758524503001,0.426658521514,1.90491440613,0.3230801828,7.5,5.89610414857,1.90491440613,7.5,0.458655997226,0.52694496429,13797,0.0283105978529,0.112359241017,144,144,144,1,0,0.0277777777778,0.854166666667,0.118055555556,-137,-0.00665306915307,2.61270362924,-1.90277777778,-1.30938477581,-0.948634350394,-1.72470417891,-0.00825238564219,-0.0012904707894,-1.72747979682,-0.0374943286844,-0.0140539498975,-0.000323926228374,0.0491116839406,0.0249544237997,0.779058088856,-0.0198132018613,3.35456099106,2.61270362924,0.779058088856,3.35456099106,-0.04761886567,-0.0210809439051,-2420,-0.00496569158541,-0.00345027864629,-0.0208333333333,0.0138888888889,0.00694444444444,1967,11,148,18466,0.930023640662,0.99940466526,0.000595334740488,0.0699763593381,0.994438827098,0.930023640662,0.96115318837,0.95753313554,0.929428305921,0.925211665099,286,423,0,5,5,5
749,WLNM_dir_neg_kfold,0.887695678174,0.402518210251,00:00:19,10,80,4,17349,threshold_sweep,0.2,0.964912280702,0.65011820331,0.776836158192,275,10,148,836,0.65011820331,0.988179669031,0.0118203309693,0.34988179669,0.964912280702,0.65011820331,0.776836158192,0.87549251379,0.591804570528,0.694980694981,0.721039044876,0.63829787234,2154,1731,423,0,2154,0,1731,0,423,144,2115,0.10270979021,3.28340051934,29.375,15.4379562044,16.5234375,23.125947344,0.787266292563,0.431540583136,18.7178045265,1.27440371245,0.622363409509,10.41950078,0.709412819061,0.401704097715,1.12585631727,0.342893384662,4.14543900894,3.28340051934,1.12585631727,4.14543900894,0.506274862896,0.548025908195,16217,0.0332762894383,0.115809519663,144,144,144,1,0,0.0486111111111,0.840277777778,0.111111111111,144,0.0821678321678,3.05355639515,23.5,13.0153846154,13.3228346457,18.5170494108,0.787959549395,0.43367070528,14.9771387559,1.27465010689,0.62686334384,8.53417645893,0.726312890122,0.407538744418,1.14466266563,0.374862133691,3.85198199836,3.06791692938,1.13559421795,3.85198199836,0.419242347611,0.449462182004,8775,0.0180057618438,0.0939936678204,144,143,143,0.993055555556,0,0.0902777777778,0.791666666667,0.111111111111,144,1977,0.0960081585082,5.89591726899,27.4583333333,14.1214285714,15.5669291339,21.3838953192,0.778776157299,0.430134041477,16.9838338395,1.23706225235,0.608311555106,10.4273837643,0.759505949448,0.427243157421,1.90474377627,0.323061482949,7.5,5.89591726899,1.90474377627,7.5,0.458655997226,0.52694496429,13797,0.0283105978529,0.112394933442,144,144,144,1,0,0.0277777777778,0.854166666667,0.118055555556,-138,-0.00670163170163,2.61251674965,-1.91666666667,-1.31652763295,-0.956508366142,-1.74205202488,-0.00849013526431,-0.00140654165934,-1.73397068703,-0.0373414600984,-0.0140518544029,0.00788298433691,0.0500931303869,0.0255390597067,0.778887458991,-0.0198319017124,3.35456099106,2.61251674965,0.778887458991,3.35456099106,-0.04761886567,-0.0210809439051,-2420,-0.00496569158541,-0.00341458622107,-0.0208333333333,0.0138888888889,0.00694444444444,1967,10,148,18467,0.930023640662,0.9994587866,0.000541213400444,0.0699763593381,0.994941831057,0.930023640662,0.961388074291,0.957805317406,0.929482427261,0.925647058824,285,423,0,5,5,5
750,WLNM_dir_neg_kfold,0.887695678174,0.402518210251,00:00:19,10,80,4,17349,threshold_sweep,0.3,0.989090909091,0.643026004728,0.779369627507,272,3,151,843,0.643026004728,0.996453900709,0.00354609929078,0.356973995272,0.989090909091,0.643026004728,0.779369627507,0.878644602049,0.594431310743,0.700777202073,0.731682601476,0.639479905437,2154,1731,423,0,2154,0,1731,0,423,144,2115,0.10270979021,3.28340051934,29.375,15.4379562044,16.5234375,23.125947344,0.787266292563,0.431540583136,18.7178045265,1.27440371245,0.622363409509,10.41950078,0.709412819061,0.401704097715,1.12585631727,0.342893384662,4.14543900894,3.28340051934,1.12585631727,4.14543900894,0.506274862896,0.548025908195,16217,0.0332762894383,0.115809519663,144,144,144,1,0,0.0486111111111,0.840277777778,0.111111111111,144,0.0821678321678,3.05355639515,23.5,13.0153846154,13.3228346457,18.5170494108,0.787959549395,0.43367070528,14.9771387559,1.27465010689,0.62686334384,8.53417645893,0.726312890122,0.407538744418,1.14466266563,0.374862133691,3.85198199836,3.06791692938,1.13559421795,3.85198199836,0.419242347611,0.449462182004,8775,0.0180057618438,0.0939936678204,144,143,143,0.993055555556,0,0.0902777777778,0.791666666667,0.111111111111,144,1967,0.0955225330225,3.31887355854,27.3194444444,14.4632352941,15.4881889764,21.3965727527,0.783199409353,0.43195362368,17.0212385613,1.24608965573,0.614101423488,10.3526377129,0.757895185896,0.426491978761,1.17021555903,0.352594197515,4.13418358892,3.31887355854,1.17021555903,4.13418358892,0.461685179661,0.52758952021,13727,0.0281669621458,0.115262521749,144,144,144,1,0,0.0555555555556,0.826388888889,0.118055555556,-148,-0.00718725718726,0.0354730392006,-2.05555555556,-0.974720910262,-1.03524852362,-1.7293745913,-0.00406688321017,0.000413040543275,-1.69656596526,-0.0283140567133,-0.00826198602125,-0.0668630670533,0.0484823668354,0.0247878810459,0.0443592417514,0.00970081285346,-0.0112554200193,0.0354730392006,0.0443592417514,-0.0112554200193,-0.0445896832346,-0.0204363879848,-2490,-0.00510932729243,-0.000546997914358,0.00694444444444,-0.0138888888889,0.00694444444444,1964,3,151,18474,0.928605200946,0.99983763598,0.000162364020133,0.0713947990544,0.998474834774,0.928605200946,0.962273395394,0.958905400413,0.928442836925,0.927289896128,275,423,0,5,5,5
751,WLNM_dir_neg_kfold,0.887695678174,0.402518210251,00:00:19,10,80,4,17349,threshold_sweep,0.4,0.989051094891,0.640661938534,0.777618364419,271,3,152,843,0.640661938534,0.996453900709,0.00354609929078,0.359338061466,0.989051094891,0.640661938534,0.777618364419,0.877856579984,0.594693984765,0.698639014906,0.729939634194,0.637115839243,2154,1731,423,0,2154,0,1731,0,423,144,2115,0.10270979021,3.28340051934,29.375,15.4379562044,16.5234375,23.125947344,0.787266292563,0.431540583136,18.7178045265,1.27440371245,0.622363409509,10.41950078,0.709412819061,0.401704097715,1.12585631727,0.342893384662,4.14543900894,3.28340051934,1.12585631727,4.14543900894,0.506274862896,0.548025908195,16217,0.0332762894383,0.115809519663,144,144,144,1,0,0.0486111111111,0.840277777778,0.111111111111,144,0.0821678321678,3.05355639515,23.5,13.0153846154,13.3228346457,18.5170494108,0.787959549395,0.43367070528,14.9771387559,1.27465010689,0.62686334384,8.53417645893,0.726312890122,0.407538744418,1.14466266563,0.374862133691,3.85198199836,3.06791692938,1.13559421795,3.85198199836,0.419242347611,0.449462182004,8775,0.0180057618438,0.0939936678204,144,143,143,0.993055555556,0,0.0902777777778,0.791666666667,0.111111111111,144,1966,0.095473970474,3.31948542209,27.3055555556,14.4558823529,15.4803149606,21.4062528535,0.783952291684,0.432346416864,17.0237676076,1.24690871592,0.614247767605,10.3581456372,0.758684115847,0.426959703854,1.17050095137,0.352615180529,4.13484012165,3.31948542209,1.17050095137,4.13484012165,0.46211131893,0.527713344696,13726,0.0281649102072,0.115423007975,144,144,144,1,0,0.0555555555556,0.826388888889,0.118055555556,-149,-0.00723581973582,0.0360849027541,-2.06944444444,-0.982073851438,-1.04312253937,-1.71969449055,-0.00331400087879,0.000805833728146,-1.69403691891,-0.027494996525,-0.00811564190396,-0.0613551427684,0.0492712967861,0.0252556061397,0.0446446340999,0.00972179586769,-0.0105988872935,0.0360849027541,0.0446446340999,-0.0105988872935,-0.0441635439659,-0.0203125634985,-2491,-0.0051113792311,-0.000386511687578,0.00694444444444,-0.0138888888889,0.00694444444444,1963,3,152,18474,0.928132387707,0.99983763598,0.000162364020133,0.0718676122931,0.998474059003,0.928132387707,0.962019112963,0.958635056164,0.927970023687,0.926817752597,274,423,0,5,5,5
752,WLNM_dir_neg_kfold,0.887695678174,0.402518210251,00:00:19,10,80,4,17349,threshold_sweep,0.5,0.989051094891,0.640661938534,0.777618364419,271,3,152,843,0.640661938534,0.996453900709,0.00354609929078,0.359338061466,0.989051094891,0.640661938534,0.777618364419,0.877856579984,0.594693984765,0.698639014906,0.729939634194,0.637115839243,2154,1731,423,0,2154,0,1731,0,423,144,2115,0.10270979021,3.28340051934,29.375,15.4379562044,16.5234375,23.125947344,0.787266292563,0.431540583136,18.7178045265,1.27440371245,0.622363409509,10.41950078,0.709412819061,0.401704097715,1.12585631727,0.342893384662,4.14543900894,3.28340051934,1.12585631727,4.14543900894,0.506274862896,0.548025908195,16217,0.0332762894383,0.115809519663,144,144,144,1,0,0.0486111111111,0.840277777778,0.111111111111,144,0.0821678321678,3.05355639515,23.5,13.0153846154,13.3228346457,18.5170494108,0.787959549395,0.43367070528,14.9771387559,1.27465010689,0.62686334384,8.53417645893,0.726312890122,0.407538744418,1.14466266563,0.374862133691,3.85198199836,3.06791692938,1.13559421795,3.85198199836,0.419242347611,0.449462182004,8775,0.0180057618438,0.0939936678204,144,143,143,0.993055555556,0,0.0902777777778,0.791666666667,0.111111111111,144,1966,0.095473970474,3.31948542209,27.3055555556,14.4558823529,15.4803149606,21.4062528535,0.783952291684,0.432346416864,17.0237676076,1.24690871592,0.614247767605,10.3581456372,0.758684115847,0.426959703854,1.17050095137,0.352615180529,4.13484012165,3.31948542209,1.17050095137,4.13484012165,0.46211131893,0.527713344696,13726,0.0281649102072,0.115423007975,144,144,144,1,0,0.0555555555556,0.826388888889,0.118055555556,-149,-0.00723581973582,0.0360849027541,-2.06944444444,-0.982073851438,-1.04312253937,-1.71969449055,-0.00331400087879,0.000805833728146,-1.69403691891,-0.027494996525,-0.00811564190396,-0.0613551427684,0.0492712967861,0.0252556061397,0.0446446340999,0.00972179586769,-0.0105988872935,0.0360849027541,0.0446446340999,-0.0105988872935,-0.0441635439659,-0.0203125634985,-2491,-0.0051113792311,-0.000386511687578,0.00694444444444,-0.0138888888889,0.00694444444444,1963,3,152,18474,0.928132387707,0.99983763598,0.000162364020133,0.0718676122931,0.998474059003,0.928132387707,0.962019112963,0.958635056164,0.927970023687,0.926817752597,274,423,0,5,5,5
753,WLNM_dir_neg_kfold,0.887695678174,0.402518210251,00:00:19,10,80,4,17349,threshold_sweep,0.6,0.989051094891,0.640661938534,0.777618364419,271,3,152,843,0.640661938534,0.996453900709,0.00354609929078,0.359338061466,0.989051094891,0.640661938534,0.777618364419,0.877856579984,0.594693984765,0.698639014906,0.729939634194,0.637115839243,2154,1731,423,0,2154,0,1731,0,423,144,2115,0.10270979021,3.28340051934,29.375,15.4379562044,16.5234375,23.125947344,0.787266292563,0.431540583136,18.7178045265,1.27440371245,0.622363409509,10.41950078,0.709412819061,0.401704097715,1.12585631727,0.342893384662,4.14543900894,3.28340051934,1.12585631727,4.14543900894,0.506274862896,0.548025908195,16217,0.0332762894383,0.115809519663,144,144,144,1,0,0.0486111111111,0.840277777778,0.111111111111,144,0.0821678321678,3.05355639515,23.5,13.0153846154,13.3228346457,18.5170494108,0.787959549395,0.43367070528,14.9771387559,1.27465010689,0.62686334384,8.53417645893,0.726312890122,0.407538744418,1.14466266563,0.374862133691,3.85198199836,3.06791692938,1.13559421795,3.85198199836,0.419242347611,0.449462182004,8775,0.0180057618438,0.0939936678204,144,143,143,0.993055555556,0,0.0902777777778,0.791666666667,0.111111111111,144,1966,0.095473970474,3.31948542209,27.3055555556,14.4558823529,15.4803149606,21.4062528535,0.783952291684,0.432346416864,17.0237676076,1.24690871592,0.614247767605,10.3581456372,0.758684115847,0.426959703854,1.17050095137,0.352615180529,4.13484012165,3.31948542209,1.17050095137,4.13484012165,0.46211131893,0.527713344696,13726,0.0281649102072,0.115423007975,144,144,144,1,0,0.0555555555556,0.826388888889,0.118055555556,-149,-0.00723581973582,0.0360849027541,-2.06944444444,-0.982073851438,-1.04312253937,-1.71969449055,-0.00331400087879,0.000805833728146,-1.69403691891,-0.027494996525,-0.00811564190396,-0.0613551427684,0.0492712967861,0.0252556061397,0.0446446340999,0.00972179586769,-0.0105988872935,0.0360849027541,0.0446446340999,-0.0105988872935,-0.0441635439659,-0.0203125634985,-2491,-0.0051113792311,-0.000386511687578,0.00694444444444,-0.0138888888889,0.00694444444444,1963,3,152,18474,0.928132387707,0.99983763598,0.000162364020133,0.0718676122931,0.998474059003,0.928132387707,0.962019112963,0.958635056164,0.927970023687,0.926817752597,274,423,0,5,5,5
754,WLNM_dir_neg_kfold,0.887695678174,0.402518210251,00:00:19,10,80,4,17349,threshold_sweep,0.7,0.992537313433,0.628841607565,0.76989869754,266,2,157,844,0.628841607565,0.997635933806,0.00236406619385,0.371158392435,0.992537313433,0.628841607565,0.76989869754,0.874704491726,0.596270028894,0.689655172414,0.723563142067,0.626477541371,2154,1731,423,0,2154,0,1731,0,423,144,2115,0.10270979021,3.28340051934,29.375,15.4379562044,16.5234375,23.125947344,0.787266292563,0.431540583136,18.7178045265,1.27440371245,0.622363409509,10.41950078,0.709412819061,0.401704097715,1.12585631727,0.342893384662,4.14543900894,3.28340051934,1.12585631727,4.14543900894,0.506274862896,0.548025908195,16217,0.0332762894383,0.115809519663,144,144,144,1,0,0.0486111111111,0.840277777778,0.111111111111,144,0.0821678321678,3.05355639515,23.5,13.0153846154,13.3228346457,18.5170494108,0.787959549395,0.43367070528,14.9771387559,1.27465010689,0.62686334384,8.53417645893,0.726312890122,0.407538744418,1.14466266563,0.374862133691,3.85198199836,3.06791692938,1.13559421795,3.85198199836,0.419242347611,0.449462182004,8775,0.0180057618438,0.0939936678204,144,143,143,0.993055555556,0,0.0902777777778,0.791666666667,0.111111111111,144,1960,0.0951825951826,3.07876023044,27.2222222222,15.0769230769,15.4330708661,21.4412335402,0.787637150457,0.434158871882,17.0561028641,1.25310143491,0.618721655329,10.3018167392,0.756868168592,0.425970804989,1.14613250633,0.372270791014,3.90244679042,3.09329701526,1.13676139205,3.90244679042,0.467706072193,0.529164578434,13726,0.0281649102072,0.11761723492,144,143,143,0.993055555556,0,0.0902777777778,0.791666666667,0.111111111111,-155,-0.0075271950272,-0.2046402889,-2.15277777778,-0.361033127456,-1.09036663386,-1.68471380382,0.000370857894108,0.00261828874576,-1.66170166244,-0.021302277532,-0.00364175418,-0.117684040786,0.0474553495312,0.0242667072739,0.0202761890524,0.0293774063525,-0.242992218518,-0.190103504072,0.0109050747754,-0.242992218518,-0.0385687907029,-0.0188613297609,-2491,-0.0051113792311,0.0018077152567,0.0416666666667,-0.0486111111111,0,1958,2,157,18475,0.925768321513,0.99989175732,0.000108242680089,0.074231678487,0.998979591837,0.925768321513,0.960981595092,0.957557089507,0.925660078833,0.924893717525,268,423,0,5,5,5
755,WLNM_dir_neg_kfold,0.887695678174,0.402518210251,00:00:19,10,80,4,17349,threshold_sweep,0.8,0.992537313433,0.628841607565,0.76989869754,266,2,157,844,0.628841607565,0.997635933806,0.00236406619385,0.371158392435,0.992537313433,0.628841607565,0.76989869754,0.874704491726,0.596270028894,0.689655172414,0.723563142067,0.626477541371,2154,1731,423,0,2154,0,1731,0,423,144,2115,0.10270979021,3.28340051934,29.375,15.4379562044,16.5234375,23.125947344,0.787266292563,0.431540583136,18.7178045265,1.27440371245,0.622363409509,10.41950078,0.709412819061,0.401704097715,1.12585631727,0.342893384662,4.14543900894,3.28340051934,1.12585631727,4.14543900894,0.506274862896,0.548025908195,16217,0.0332762894383,0.115809519663,144,144,144,1,0,0.0486111111111,0.840277777778,0.111111111111,144,0.0821678321678,3.05355639515,23.5,13.0153846154,13.3228346457,18.5170494108,0.787959549395,0.43367070528,14.9771387559,1.27465010689,0.62686334384,8.53417645893,0.726312890122,0.407538744418,1.14466266563,0.374862133691,3.85198199836,3.06791692938,1.13559421795,3.85198199836,0.419242347611,0.449462182004,8775,0.0180057618438,0.0939936678204,144,143,143,0.993055555556,0,0.0902777777778,0.791666666667,0.111111111111,144,1960,0.0951825951826,3.07876023044,27.2222222222,15.0769230769,15.4330708661,21.4412335402,0.787637150457,0.434158871882,17.0561028641,1.25310143491,0.618721655329,10.3018167392,0.756868168592,0.425970804989,1.14613250633,0.372270791014,3.90244679042,3.09329701526,1.13676139205,3.90244679042,0.467706072193,0.529164578434,13726,0.0281649102072,0.11761723492,144,143,143,0.993055555556,0,0.0902777777778,0.791666666667,0.111111111111,-155,-0.0075271950272,-0.2046402889,-2.15277777778,-0.361033127456,-1.09036663386,-1.68471380382,0.000370857894108,0.00261828874576,-1.66170166244,-0.021302277532,-0.00364175418,-0.117684040786,0.0474553495312,0.0242667072739,0.0202761890524,0.0293774063525,-0.242992218518,-0.190103504072,0.0109050747754,-0.242992218518,-0.0385687907029,-0.0188613297609,-2491,-0.0051113792311,0.0018077152567,0.0416666666667,-0.0486111111111,0,1958,2,157,18475,0.925768321513,0.99989175732,0.000108242680089,0.074231678487,0.998979591837,0.925768321513,0.960981595092,0.957557089507,0.925660078833,0.924893717525,268,423,0,5,5,5
756,WLNM_dir_neg_kfold,0.887695678174,0.402518210251,00:00:19,10,80,4,17349,threshold_sweep,0.9,0.992509363296,0.626477541371,0.768115942029,265,2,158,844,0.626477541371,0.997635933806,0.00236406619385,0.373522458629,0.992509363296,0.626477541371,0.768115942029,0.873916469661,0.596532702916,0.6875,0.721820867668,0.624113475177,2154,1731,423,0,2154,0,1731,0,423,144,2115,0.10270979021,3.28340051934,29.375,15.4379562044,16.5234375,23.125947344,0.787266292563,0.431540583136,18.7178045265,1.27440371245,0.622363409509,10.41950078,0.709412819061,0.401704097715,1.12585631727,0.342893384662,4.14543900894,3.28340051934,1.12585631727,4.14543900894,0.506274862896,0.548025908195,16217,0.0332762894383,0.115809519663,144,144,144,1,0,0.0486111111111,0.840277777778,0.111111111111,144,0.0821678321678,3.05355639515,23.5,13.0153846154,13.3228346457,18.5170494108,0.787959549395,0.43367070528,14.9771387559,1.27465010689,0.62686334384,8.53417645893,0.726312890122,0.407538744418,1.14466266563,0.374862133691,3.85198199836,3.06791692938,1.13559421795,3.85198199836,0.419242347611,0.449462182004,8775,0.0180057618438,0.0939936678204,144,143,143,0.993055555556,0,0.0902777777778,0.791666666667,0.111111111111,144,1959,0.095134032634,3.07851693607,27.2083333333,15.0692307692,15.4251968504,21.4247340886,0.787432799583,0.434036640009,17.0475348381,1.25311128978,0.618665277069,10.2937408846,0.756660891974,0.425837303613,1.14580435327,0.372193616948,3.90161949754,3.09305201954,1.13643135846,3.90161949754,0.467372675535,0.528353599691,13687,0.028084884599,0.117573808941,144,143,143,0.993055555556,0,0.0902777777778,0.791666666667,0.111111111111,-156,-0.00757575757576,-0.204883583264,-2.16666666667,-0.368725435149,-1.09824064961,-1.7012132554,0.000166507019577,0.00249605687275,-1.67026968845,-0.021292422662,-0.00369813244,-0.125759895389,0.0472480729135,0.0241332058982,0.0199480359973,0.0293002322863,-0.243819511396,-0.190348499795,0.0105750411861,-0.243819511396,-0.0389021873603,-0.0196723085037,-2530,-0.00519140483929,0.001764289278,0.0416666666667,-0.0486111111111,0,1957,2,158,18475,0.925295508274,0.99989175732,0.000108242680089,0.0747044917258,0.998979070955,0.925295508274,0.960726558665,0.957286538248,0.925187265594,0.924421350968,267,423,0,5,5,5
757,WLNM_dir_neg_kfold,0.852620313085,0.446160621225,00:00:19,10,80,5,17350,threshold_sweep,0.1,0.965034965035,0.652482269504,0.77856135402,276,10,147,836,0.652482269504,0.988179669031,0.0118203309693,0.347517730496,0.965034965035,0.652482269504,0.77856135402,0.876280535855,0.591541896506,0.697106109325,0.722810600619,0.640661938534,2154,1731,423,0,2154,0,1731,0,423,144,2115,0.10270979021,3.28340051934,29.375,15.4379562044,16.5234375,23.125947344,0.787266292563,0.431540583136,18.7178045265,1.27440371245,0.622363409509,10.41950078,0.709412819061,0.401704097715,1.12585631727,0.342893384662,4.14543900894,3.28340051934,1.12585631727,4.14543900894,0.506274862896,0.548025908195,16217,0.0332762894383,0.115809519663,144,144,144,1,0,0.0486111111111,0.840277777778,0.111111111111,144,0.0821678321678,3.05355639515,23.5,13.0153846154,13.3228346457,18.5170494108,0.787959549395,0.43367070528,14.9771387559,1.27465010689,0.62686334384,8.53417645893,0.726312890122,0.407538744418,1.14466266563,0.374862133691,3.85198199836,3.06791692938,1.13559421795,3.85198199836,0.419242347611,0.449462182004,8775,0.0180057618438,0.0939936678204,144,143,143,0.993055555556,0,0.0902777777778,0.791666666667,0.111111111111,144,1978,0.0960567210567,3.7690569546,27.4722222222,14.2302158273,15.5748031496,21.4622597512,0.781234935332,0.431289321425,17.0236306807,1.23933408394,0.610577463206,10.3531935623,0.753720866012,0.423976238625,1.24411143492,0.330085602288,4.65413421997,3.7690569546,1.24411143492,4.65413421997,0.460501378022,0.528122968684,13812,0.0283413769329,0.111311544341,144,144,144,1,0,0.0347222222222,0.847222222222,0.118055555556,-137,-0.00665306915307,0.485656435265,-1.90277777778,-1.20774037704,-0.948634350394,-1.66368759283,-0.00603135723079,-0.000251261711769,-1.69417384581,-0.0350696285091,-0.0117859463024,-0.0663072176476,0.0443080469515,0.0222721409101,0.118255117642,-0.0128077823736,0.508695211033,0.485656435265,0.118255117642,0.508695211033,-0.0457734848735,-0.0199029395106,-2405,-0.00493491250534,-0.00449797532226,-0.0138888888889,0.00694444444444,0.00694444444444,1968,10,147,18467,0.930496453901,0.9994587866,0.000541213400444,0.0695035460993,0.994944388271,0.930496453901,0.96164182751,0.958076004007,0.9299552405,0.926117647059,286,423,0,5,5,5
758,WLNM_dir_neg_kfold,0.852620313085,0.446160621225,00:00:19,10,80,5,17350,threshold_sweep,0.2,0.982142857143,0.65011820331,0.782361308677,275,5,148,841,0.65011820331,0.994089834515,0.00591016548463,0.34988179669,0.982142857143,0.65011820331,0.782361308677,0.879432624113,0.593117940636,0.703679793415,0.732325813958,0.644208037825,2154,1731,423,0,2154,0,1731,0,423,144,2115,0.10270979021,3.28340051934,29.375,15.4379562044,16.5234375,23.125947344,0.787266292563,0.431540583136,18.7178045265,1.27440371245,0.622363409509,10.41950078,0.709412819061,0.401704097715,1.12585631727,0.342893384662,4.14543900894,3.28340051934,1.12585631727,4.14543900894,0.506274862896,0.548025908195,16217,0.0332762894383,0.115809519663,144,144,144,1,0,0.0486111111111,0.840277777778,0.111111111111,144,0.0821678321678,3.05355639515,23.5,13.0153846154,13.3228346457,18.5170494108,0.787959549395,0.43367070528,14.9771387559,1.27465010689,0.62686334384,8.53417645893,0.726312890122,0.407538744418,1.14466266563,0.374862133691,3.85198199836,3.06791692938,1.13559421795,3.85198199836,0.419242347611,0.449462182004,8775,0.0180057618438,0.0939936678204,144,143,143,0.993055555556,0,0.0902777777778,0.791666666667,0.111111111111,144,1972,0.0957653457653,3.13952936397,27.3888888889,14.6074074074,15.5275590551,21.479250391,0.784232265796,0.432566345504,17.0528908928,1.24524152564,0.614400214109,10.3121069302,0.753013893482,0.423836488618,1.1197161512,0.356650956685,3.98076429101,3.13952936397,1.1197161512,3.98076429101,0.463205340483,0.529639719142,13804,0.0283249614236,0.11513892703,144,144,144,1,0,0.0625,0.819444444444,0.118055555556,-143,-0.00694444444444,-0.143871155362,-1.98611111111,-0.830548796972,-0.995878444882,-1.64669695307,-0.00303402676691,0.00102576236739,-1.66491363376,-0.029162186806,-0.00796319540017,-0.107393849772,0.0436010744212,0.0221323909037,-0.00614016607292,0.0137575720234,-0.164674717931,-0.143871155362,-0.00614016607292,-0.164674717931,-0.0430695224125,-0.0183861890528,-2413,-0.00495132801471,-0.000670592633124,0.0138888888889,-0.0208333333333,0.00694444444444,1967,5,148,18472,0.930023640662,0.9997293933,0.000270606700222,0.0699763593381,0.997464503043,0.930023640662,0.96256422804,0.959169202701,0.929753033962,0.927830188679,280,423,0,5,5,5
759,WLNM_dir_neg_kfold,0.852620313085,0.446160621225,00:00:19,10,80,5,17350,threshold_sweep,0.3,0.982078853047,0.647754137116,0.780626780627,274,5,149,841,0.647754137116,0.994089834515,0.00591016548463,0.352245862884,0.982078853047,0.647754137116,0.780626780627,0.878644602049,0.593380614657,0.701550387597,0.730575548542,0.641843971631,2154,1731,423,0,2154,0,1731,0,423,144,2115,0.10270979021,3.28340051934,29.375,15.4379562044,16.5234375,23.125947344,0.787266292563,0.431540583136,18.7178045265,1.27440371245,0.622363409509,10.41950078,0.709412819061,0.401704097715,1.12585631727,0.342893384662,4.14543900894,3.28340051934,1.12585631727,4.14543900894,0.506274862896,0.548025908195,16217,0.0332762894383,0.115809519663,144,144,144,1,0,0.0486111111111,0.840277777778,0.111111111111,144,0.0821678321678,3.05355639515,23.5,13.0153846154,13.3228346457,18.5170494108,0.787959549395,0.43367070528,14.9771387559,1.27465010689,0.62686334384,8.53417645893,0.726312890122,0.407538744418,1.14466266563,0.374862133691,3.85198199836,3.06791692938,1.13559421795,3.85198199836,0.419242347611,0.449462182004,8775,0.0180057618438,0.0939936678204,144,143,143,0.993055555556,0,0.0902777777778,0.791666666667,0.111111111111,144,1971,0.0957167832168,3.14154986825,27.375,14.6,15.5196850394,21.4892638668,0.784995940341,0.432969023057,17.0554294823,1.24605877496,0.614546338576,10.317660025,0.753801645663,0.424301679914,1.12051465807,0.356675750846,3.98249334737,3.14154986825,1.12051465807,3.98249334737,0.463997780118,0.52975718343,13803,0.0283229094849,0.115302247297,144,144,144,1,0,0.0625,0.819444444444,0.118055555556,-144,-0.00699300699301,-0.141850651091,-2,-0.83795620438,-1.00375246063,-1.63668347721,-0.00227035222215,0.00142843992021,-1.66237504425,-0.0283449374838,-0.00781707093278,-0.10184075495,0.0443888266017,0.0225975821996,-0.00534165919954,0.013782366184,-0.162945661569,-0.141850651091,-0.00534165919954,-0.162945661569,-0.0422770827775,-0.0182687247647,-2414,-0.00495337995338,-0.000507272366037,0.0138888888889,-0.0208333333333,0.00694444444444,1966,5,149,18472,0.929550827423,0.9997293933,0.000270606700222,0.0704491725768,0.997463216641,0.929550827423,0.962310327949,0.958898847324,0.929280220723,0.927358490566,279,423,0,5,5,5
760,WLNM_dir_neg_kfold,0.852620313085,0.446160621225,00:00:19,10,80,5,17350,threshold_sweep,0.4,0.982078853047,0.647754137116,0.780626780627,274,5,149,841,0.647754137116,0.994089834515,0.00591016548463,0.352245862884,0.982078853047,0.647754137116,0.780626780627,0.878644602049,0.593380614657,0.701550387597,0.730575548542,0.641843971631,2154,1731,423,0,2154,0,1731,0,423,144,2115,0.10270979021,3.28340051934,29.375,15.4379562044,16.5234375,23.125947344,0.787266292563,0.431540583136,18.7178045265,1.27440371245,0.622363409509,10.41950078,0.709412819061,0.401704097715,1.12585631727,0.342893384662,4.14543900894,3.28340051934,1.12585631727,4.14543900894,0.506274862896,0.548025908195,16217,0.0332762894383,0.115809519663,144,144,144,1,0,0.0486111111111,0.840277777778,0.111111111111,144,0.0821678321678,3.05355639515,23.5,13.0153846154,13.3228346457,18.5170494108,0.787959549395,0.43367070528,14.9771387559,1.27465010689,0.62686334384,8.53417645893,0.726312890122,0.407538744418,1.14466266563,0.374862133691,3.85198199836,3.06791692938,1.13559421795,3.85198199836,0.419242347611,0.449462182004,8775,0.0180057618438,0.0939936678204,144,143,143,0.993055555556,0,0.0902777777778,0.791666666667,0.111111111111,144,1971,0.0957167832168,3.14154986825,27.375,14.6,15.5196850394,21.4892638668,0.784995940341,0.432969023057,17.0554294823,1.24605877496,0.614546338576,10.317660025,0.753801645663,0.424301679914,1.12051465807,0.356675750846,3.98249334737,3.14154986825,1.12051465807,3.98249334737,0.463997780118,0.52975718343,13803,0.0283229094849,0.115302247297,144,144,144,1,0,0.0625,0.819444444444,0.118055555556,-144,-0.00699300699301,-0.141850651091,-2,-0.83795620438,-1.00375246063,-1.63668347721,-0.00227035222215,0.00142843992021,-1.66237504425,-0.0283449374838,-0.00781707093278,-0.10184075495,0.0443888266017,0.0225975821996,-0.00534165919954,0.013782366184,-0.162945661569,-0.141850651091,-0.00534165919954,-0.162945661569,-0.0422770827775,-0.0182687247647,-2414,-0.00495337995338,-0.000507272366037,0.0138888888889,-0.0208333333333,0.00694444444444,1966,5,149,18472,0.929550827423,0.9997293933,0.000270606700222,0.0704491725768,0.997463216641,0.929550827423,0.962310327949,0.958898847324,0.929280220723,0.927358490566,279,423,0,5,5,5
761,WLNM_dir_neg_kfold,0.852620313085,0.446160621225,00:00:19,10,80,5,17350,threshold_sweep,0.5,0.982078853047,0.647754137116,0.780626780627,274,5,149,841,0.647754137116,0.994089834515,0.00591016548463,0.352245862884,0.982078853047,0.647754137116,0.780626780627,0.878644602049,0.593380614657,0.701550387597,0.730575548542,0.641843971631,2154,1731,423,0,2154,0,1731,0,423,144,2115,0.10270979021,3.28340051934,29.375,15.4379562044,16.5234375,23.125947344,0.787266292563,0.431540583136,18.7178045265,1.27440371245,0.622363409509,10.41950078,0.709412819061,0.401704097715,1.12585631727,0.342893384662,4.14543900894,3.28340051934,1.12585631727,4.14543900894,0.506274862896,0.548025908195,16217,0.0332762894383,0.115809519663,144,144,144,1,0,0.0486111111111,0.840277777778,0.111111111111,144,0.0821678321678,3.05355639515,23.5,13.0153846154,13.3228346457,18.5170494108,0.787959549395,0.43367070528,14.9771387559,1.27465010689,0.62686334384,8.53417645893,0.726312890122,0.407538744418,1.14466266563,0.374862133691,3.85198199836,3.06791692938,1.13559421795,3.85198199836,0.419242347611,0.449462182004,8775,0.0180057618438,0.0939936678204,144,143,143,0.993055555556,0,0.0902777777778,0.791666666667,0.111111111111,144,1971,0.0957167832168,3.14154986825,27.375,14.6,15.5196850394,21.4892638668,0.784995940341,0.432969023057,17.0554294823,1.24605877496,0.614546338576,10.317660025,0.753801645663,0.424301679914,1.12051465807,0.356675750846,3.98249334737,3.14154986825,1.12051465807,3.98249334737,0.463997780118,0.52975718343,13803,0.0283229094849,0.115302247297,144,144,144,1,0,0.0625,0.819444444444,0.118055555556,-144,-0.00699300699301,-0.141850651091,-2,-0.83795620438,-1.00375246063,-1.63668347721,-0.00227035222215,0.00142843992021,-1.66237504425,-0.0283449374838,-0.00781707093278,-0.10184075495,0.0443888266017,0.0225975821996,-0.00534165919954,0.013782366184,-0.162945661569,-0.141850651091,-0.00534165919954,-0.162945661569,-0.0422770827775,-0.0182687247647,-2414,-0.00495337995338,-0.000507272366037,0.0138888888889,-0.0208333333333,0.00694444444444,1966,5,149,18472,0.929550827423,0.9997293933,0.000270606700222,0.0704491725768,0.997463216641,0.929550827423,0.962310327949,0.958898847324,0.929280220723,0.927358490566,279,423,0,5,5,5
762,WLNM_dir_neg_kfold,0.852620313085,0.446160621225,00:00:19,10,80,5,17350,threshold_sweep,0.6,0.981818181818,0.63829787234,0.773638968481,270,5,153,841,0.63829787234,0.994089834515,0.00591016548463,0.36170212766,0.981818181818,0.63829787234,0.773638968481,0.87549251379,0.594431310743,0.693005181347,0.723567822162,0.632387706856,2154,1731,423,0,2154,0,1731,0,423,144,2115,0.10270979021,3.28340051934,29.375,15.4379562044,16.5234375,23.125947344,0.787266292563,0.431540583136,18.7178045265,1.27440371245,0.622363409509,10.41950078,0.709412819061,0.401704097715,1.12585631727,0.342893384662,4.14543900894,3.28340051934,1.12585631727,4.14543900894,0.506274862896,0.548025908195,16217,0.0332762894383,0.115809519663,144,144,144,1,0,0.0486111111111,0.840277777778,0.111111111111,144,0.0821678321678,3.05355639515,23.5,13.0153846154,13.3228346457,18.5170494108,0.787959549395,0.43367070528,14.9771387559,1.27465010689,0.62686334384,8.53417645893,0.726312890122,0.407538744418,1.14466266563,0.374862133691,3.85198199836,3.06791692938,1.13559421795,3.85198199836,0.419242347611,0.449462182004,8775,0.0180057618438,0.0939936678204,144,143,143,0.993055555556,0,0.0902777777778,0.791666666667,0.111111111111,144,1967,0.0955225330225,3.09647785027,27.3194444444,15.0152671756,15.4881889764,21.5096832245,0.787339701149,0.434086030616,17.0770214049,1.25017340229,0.617518923346,10.2760249141,0.752286521415,0.423484014009,1.14104198142,0.36849673616,3.94181917552,3.11113853454,1.13136066559,3.94181917552,0.467018552439,0.530789345502,13803,0.0283229094849,0.116586893509,144,143,143,0.993055555556,0,0.0833333333333,0.798611111111,0.111111111111,-148,-0.00718725718726,-0.186922669065,-2.05555555556,-0.422689028807,-1.03524852362,-1.61626411959,7.34085862457e-05,0.00254544747995,-1.64078312168,-0.0242303101573,-0.00484448616247,-0.143475865905,0.0428737023542,0.0217799162942,0.0151856641405,0.025603351498,-0.203619833416,-0.172261984797,0.00550434831947,-0.203619833416,-0.0392563104566,-0.0172365626928,-2414,-0.00495337995338,0.000777373846058,0.0347222222222,-0.0416666666667,0,1962,5,153,18472,0.927659574468,0.9997293933,0.000270606700222,0.0723404255319,0.997458057956,0.927659574468,0.961293483586,0.957816953406,0.927388967768,0.925471698113,275,423,0,5,5,5
763,WLNM_dir_neg_kfold,0.852620313085,0.446160621225,00:00:19,10,80,5,17350,threshold_sweep,0.7,0.981818181818,0.63829787234,0.773638968481,270,5,153,841,0.63829787234,0.994089834515,0.00591016548463,0.36170212766,0.981818181818,0.63829787234,0.773638968481,0.87549251379,0.594431310743,0.693005181347,0.723567822162,0.632387706856,2154,1731,423,0,2154,0,1731,0,423,144,2115,0.10270979021,3.28340051934,29.375,15.4379562044,16.5234375,23.125947344,0.787266292563,0.431540583136,18.7178045265,1.27440371245,0.622363409509,10.41950078,0.709412819061,0.401704097715,1.12585631727,0.342893384662,4.14543900894,3.28340051934,1.12585631727,4.14543900894,0.506274862896,0.548025908195,16217,0.0332762894383,0.115809519663,144,144,144,1,0,0.0486111111111,0.840277777778,0.111111111111,144,0.0821678321678,3.05355639515,23.5,13.0153846154,13.3228346457,18.5170494108,0.787959549395,0.43367070528,14.9771387559,1.27465010689,0.62686334384,8.53417645893,0.726312890122,0.407538744418,1.14466266563,0.374862133691,3.85198199836,3.06791692938,1.13559421795,3.85198199836,0.419242347611,0.449462182004,8775,0.0180057618438,0.0939936678204,144,143,143,0.993055555556,0,0.0902777777778,0.791666666667,0.111111111111,144,1967,0.0955225330225,3.09647785027,27.3194444444,15.0152671756,15.4881889764,21.5096832245,0.787339701149,0.434086030616,17.0770214049,1.25017340229,0.617518923346,10.2760249141,0.752286521415,0.423484014009,1.14104198142,0.36849673616,3.94181917552,3.11113853454,1.13136066559,3.94181917552,0.467018552439,0.530789345502,13803,0.0283229094849,0.116586893509,144,143,143,0.993055555556,0,0.0833333333333,0.798611111111,0.111111111111,-148,-0.00718725718726,-0.186922669065,-2.05555555556,-0.422689028807,-1.03524852362,-1.61626411959,7.34085862457e-05,0.00254544747995,-1.64078312168,-0.0242303101573,-0.00484448616247,-0.143475865905,0.0428737023542,0.0217799162942,0.0151856641405,0.025603351498,-0.203619833416,-0.172261984797,0.00550434831947,-0.203619833416,-0.0392563104566,-0.0172365626928,-2414,-0.00495337995338,0.000777373846058,0.0347222222222,-0.0416666666667,0,1962,5,153,18472,0.927659574468,0.9997293933,0.000270606700222,0.0723404255319,0.997458057956,0.927659574468,0.961293483586,0.957816953406,0.927388967768,0.925471698113,275,423,0,5,5,5
764,WLNM_dir_neg_kfold,0.852620313085,0.446160621225,00:00:19,10,80,5,17350,threshold_sweep,0.8,0.981751824818,0.635933806147,0.771879483501,269,5,154,841,0.635933806147,0.994089834515,0.00591016548463,0.364066193853,0.981751824818,0.635933806147,0.771879483501,0.874704491726,0.594693984765,0.690861957226,0.721814146615,0.630023640662,2154,1731,423,0,2154,0,1731,0,423,144,2115,0.10270979021,3.28340051934,29.375,15.4379562044,16.5234375,23.125947344,0.787266292563,0.431540583136,18.7178045265,1.27440371245,0.622363409509,10.41950078,0.709412819061,0.401704097715,1.12585631727,0.342893384662,4.14543900894,3.28340051934,1.12585631727,4.14543900894,0.506274862896,0.548025908195,16217,0.0332762894383,0.115809519663,144,144,144,1,0,0.0486111111111,0.840277777778,0.111111111111,144,0.0821678321678,3.05355639515,23.5,13.0153846154,13.3228346457,18.5170494108,0.787959549395,0.43367070528,14.9771387559,1.27465010689,0.62686334384,8.53417645893,0.726312890122,0.407538744418,1.14466266563,0.374862133691,3.85198199836,3.06791692938,1.13559421795,3.85198199836,0.419242347611,0.449462182004,8775,0.0180057618438,0.0939936678204,144,143,143,0.993055555556,0,0.0902777777778,0.791666666667,0.111111111111,144,1966,0.095473970474,3.08795152314,27.3055555556,15.1230769231,15.4803149606,21.5186625061,0.788069023622,0.434462247089,17.0824080141,1.25120384233,0.61824629818,10.2734088448,0.752477555267,0.423547530236,1.14869167578,0.371991485997,3.91389281353,3.10255258275,1.13924057072,3.91389281353,0.468425152375,0.530966302508,13803,0.0283229094849,0.117482218821,144,143,143,0.993055555556,0,0.0902777777778,0.791666666667,0.111111111111,-149,-0.00723581973582,-0.195448996193,-2.06944444444,-0.314879281303,-1.04312253937,-1.60728483791,0.000802731059193,0.00292166395308,-1.63539651248,-0.0231998701136,-0.00411711132863,-0.146091935131,0.0430647362061,0.0218434325215,0.0228353585045,0.029098101335,-0.231546195413,-0.180847936591,0.0133842534411,-0.231546195413,-0.0378497105206,-0.0170596056868,-2414,-0.00495337995338,0.00167269915765,0.0416666666667,-0.0486111111111,0,1961,5,154,18472,0.927186761229,0.9997293933,0.000270606700222,0.0728132387707,0.997456765005,0.927186761229,0.961038961039,0.957546361602,0.926916154529,0.925,274,423,0,5,5,5
765,WLNM_dir_neg_kfold,0.852620313085,0.446160621225,00:00:19,10,80,5,17350,threshold_sweep,0.9,0.981684981685,0.633569739953,0.770114942529,268,5,155,841,0.633569739953,0.994089834515,0.00591016548463,0.366430260047,0.981684981685,0.633569739953,0.770114942529,0.873916469661,0.594956658786,0.688715953307,0.720059741994,0.627659574468,2154,1731,423,0,2154,0,1731,0,423,144,2115,0.10270979021,3.28340051934,29.375,15.4379562044,16.5234375,23.125947344,0.787266292563,0.431540583136,18.7178045265,1.27440371245,0.622363409509,10.41950078,0.709412819061,0.401704097715,1.12585631727,0.342893384662,4.14543900894,3.28340051934,1.12585631727,4.14543900894,0.506274862896,0.548025908195,16217,0.0332762894383,0.115809519663,144,144,144,1,0,0.0486111111111,0.840277777778,0.111111111111,144,0.0821678321678,3.05355639515,23.5,13.0153846154,13.3228346457,18.5170494108,0.787959549395,0.43367070528,14.9771387559,1.27465010689,0.62686334384,8.53417645893,0.726312890122,0.407538744418,1.14466266563,0.374862133691,3.85198199836,3.06791692938,1.13559421795,3.85198199836,0.419242347611,0.449462182004,8775,0.0180057618438,0.0939936678204,144,143,143,0.993055555556,0,0.0902777777778,0.791666666667,0.111111111111,144,1965,0.0954254079254,3.08600478241,27.2916666667,15.1153846154,15.4724409449,21.5117060342,0.788215182934,0.434488973707,17.0853344669,1.2520550449,0.618444303082,10.2646577781,0.752219195949,0.423391998869,1.14707789874,0.371703214874,3.91181925475,3.10059222844,1.1376272456,3.91181925475,0.468425152375,0.530966302508,13803,0.0283229094849,0.117321722949,144,143,143,0.993055555556,0,0.0902777777778,0.791666666667,0.111111111111,-150,-0.00728438228438,-0.197395736928,-2.08333333333,-0.322571588995,-1.05099655512,-1.6142413098,0.000948890370773,0.0029483905702,-1.63247005963,-0.0223486675419,-0.00391910642709,-0.154843001895,0.0428063768887,0.0216879011544,0.0212215814644,0.0288098302129,-0.233619754188,-0.182808290897,0.0117709283292,-0.233619754188,-0.0378497105206,-0.0170596056868,-2414,-0.00495337995338,0.00151220328635,0.0416666666667,-0.0486111111111,0,1960,5,155,18472,0.926713947991,0.9997293933,0.000270606700222,0.0732860520095,0.997455470738,0.926713947991,0.960784313725,0.957275722377,0.92644334129,0.924528301887,273,423,0,5,5,5
766,WLNM_dir_neg_kfold,0.913446115498,0.331904348427,00:00:19,10,80,6,17351,threshold_sweep,0.1,0.945017182131,0.65011820331,0.770308123249,275,16,148,830,0.65011820331,0.981087470449,0.0189125295508,0.34988179669,0.945017182131,0.65011820331,0.770308123249,0.870764381403,0.590228526399,0.684615384615,0.707799639835,0.631205673759,2154,1731,423,0,2154,0,1731,0,423,144,2115,0.10270979021,3.28340051934,29.375,15.4379562044,16.5234375,23.125947344,0.787266292563,0.431540583136,18.7178045265,1.27440371245,0.622363409509,10.41950078,0.709412819061,0.401704097715,1.12585631727,0.342893384662,4.14543900894,3.28340051934,1.12585631727,4.14543900894,0.506274862896,0.548025908195,16217,0.0332762894383,0.115809519663,144,144,144,1,0,0.0486111111111,0.840277777778,0.111111111111,144,0.0821678321678,3.05355639515,23.5,13.0153846154,13.3228346457,18.5170494108,0.787959549395,0.43367070528,14.9771387559,1.27465010689,0.62686334384,8.53417645893,0.726312890122,0.407538744418,1.14466266563,0.374862133691,3.85198199836,3.06791692938,1.13559421795,3.85198199836,0.419242347611,0.449462182004,8775,0.0180057618438,0.0939936678204,144,143,143,0.993055555556,0,0.0902777777778,0.791666666667,0.111111111111,144,1983,0.0962995337995,11.6193669657,27.5416666667,13.8671328671,15.6141732283,21.3383908268,0.774767594316,0.428415840197,16.9440538697,1.23043053819,0.604733988906,10.4638697397,0.759857409239,0.427484311089,2.36618836486,0.203641762228,14,11.6193669657,2.36618836486,14,0.466497261963,0.526473539161,13818,0.028353688565,0.110877341823,144,144,144,1,0,0.00694444444444,0.875,0.118055555556,-132,-0.00641025641026,8.33596644633,-1.83333333333,-1.57082333725,-0.909264271654,-1.78755651725,-0.012498698247,-0.0031247429391,-1.77375065686,-0.0439731742539,-0.0176294206031,0.0443689597759,0.0504445901784,0.025780213374,1.24033204758,-0.139251622434,9.85456099106,8.33596644633,1.24033204758,9.85456099106,-0.0397776009325,-0.0215523690338,-2399,-0.00492260087331,-0.0049321778398,-0.0416666666667,0.0347222222222,0.00694444444444,1967,16,148,18461,0.930023640662,0.999134058559,0.00086594144071,0.0699763593381,0.991931417045,0.930023640662,0.959980478282,0.956175188497,0.929157699221,0.923040825903,291,423,0,5,5,5
767,WLNM_dir_neg_kfold,0.913446115498,0.331904348427,00:00:19,10,80,6,17351,threshold_sweep,0.2,0.961403508772,0.647754137116,0.774011299435,274,11,149,835,0.647754137116,0.986997635934,0.0130023640662,0.352245862884,0.961403508772,0.647754137116,0.774011299435,0.873916469661,0.591804570528,0.69111969112,0.717033272405,0.63475177305,2154,1731,423,0,2154,0,1731,0,423,144,2115,0.10270979021,3.28340051934,29.375,15.4379562044,16.5234375,23.125947344,0.787266292563,0.431540583136,18.7178045265,1.27440371245,0.622363409509,10.41950078,0.709412819061,0.401704097715,1.12585631727,0.342893384662,4.14543900894,3.28340051934,1.12585631727,4.14543900894,0.506274862896,0.548025908195,16217,0.0332762894383,0.115809519663,144,144,144,1,0,0.0486111111111,0.840277777778,0.111111111111,144,0.0821678321678,3.05355639515,23.5,13.0153846154,13.3228346457,18.5170494108,0.787959549395,0.43367070528,14.9771387559,1.27465010689,0.62686334384,8.53417645893,0.726312890122,0.407538744418,1.14466266563,0.374862133691,3.85198199836,3.06791692938,1.13559421795,3.85198199836,0.419242347611,0.449462182004,8775,0.0180057618438,0.0939936678204,144,143,143,0.993055555556,0,0.0902777777778,0.791666666667,0.111111111111,144,1977,0.0960081585082,4.92027066675,27.4583333333,14.0212765957,15.5669291339,21.3659015315,0.778120844848,0.429923284438,16.9739490854,1.23634227025,0.608515286911,10.4314068204,0.759798979328,0.427193980779,1.54676439315,0.314365712358,6.6,4.92027066675,1.54676439315,6.6,0.467924932371,0.527680823419,13808,0.0283331691782,0.113364863526,144,144,144,1,0,0.0208333333333,0.861111111111,0.118055555556,-138,-0.00670163170163,1.63687014742,-1.91666666667,-1.41667960863,-0.956508366142,-1.76004581259,-0.0091454477151,-0.00161729869863,-1.74385544118,-0.0380614421912,-0.0138481225982,0.0119060403993,0.050386160267,0.0254898830642,0.420908075876,-0.0285276723031,2.45456099106,1.63687014742,0.420908075876,2.45456099106,-0.038349930525,-0.0203450847764,-2409,-0.00494312026002,-0.002444656137,-0.0277777777778,0.0208333333333,0.00694444444444,1966,11,149,18466,0.929550827423,0.99940466526,0.000595334740488,0.0704491725768,0.994436014163,0.929550827423,0.960899315738,0.957262326245,0.928955492683,0.924741298213,285,423,0,5,5,5
768,WLNM_dir_neg_kfold,0.913446115498,0.331904348427,00:00:19,10,80,6,17351,threshold_sweep,0.3,0.978571428571,0.647754137116,0.779516358464,274,6,149,840,0.647754137116,0.992907801418,0.00709219858156,0.352245862884,0.978571428571,0.647754137116,0.779516358464,0.877856579984,0.593117940636,0.699806326662,0.728294662689,0.640661938534,2154,1731,423,0,2154,0,1731,0,423,144,2115,0.10270979021,3.28340051934,29.375,15.4379562044,16.5234375,23.125947344,0.787266292563,0.431540583136,18.7178045265,1.27440371245,0.622363409509,10.41950078,0.709412819061,0.401704097715,1.12585631727,0.342893384662,4.14543900894,3.28340051934,1.12585631727,4.14543900894,0.506274862896,0.548025908195,16217,0.0332762894383,0.115809519663,144,144,144,1,0,0.0486111111111,0.840277777778,0.111111111111,144,0.0821678321678,3.05355639515,23.5,13.0153846154,13.3228346457,18.5170494108,0.787959549395,0.43367070528,14.9771387559,1.27465010689,0.62686334384,8.53417645893,0.726312890122,0.407538744418,1.14466266563,0.374862133691,3.85198199836,3.06791692938,1.13559421795,3.85198199836,0.419242347611,0.449462182004,8775,0.0180057618438,0.0939936678204,144,143,143,0.993055555556,0,0.0902777777778,0.791666666667,0.111111111111,144,1972,0.0957653457653,3.99866870351,27.3888888889,14.2898550725,15.5275590551,21.3797208376,0.780598326727,0.430985181429,16.997028855,1.24116235047,0.611582995267,10.3884536347,0.758588906387,0.426942472391,1.51146662358,0.377992460904,5,3.99866870351,1.51146662358,5,0.462827666598,0.52811370631,13785,0.0282859745888,0.115996746143,144,144,144,1,0,0.0416666666667,0.840277777778,0.118055555556,-143,-0.00694444444444,0.715268184175,-1.98611111111,-1.14810113192,-0.995878444882,-1.74622650647,-0.00666796583643,-0.000555401707435,-1.7207756715,-0.0332413619759,-0.0107804142417,-0.0310471452721,0.0491760873258,0.0252383746765,0.385610306305,0.0350990762425,0.854560991061,0.715268184175,0.385610306305,0.854560991061,-0.0434471962981,-0.0199122018851,-2432,-0.00499031484947,0.000187226479642,-0.00694444444444,0,0.00694444444444,1966,6,149,18471,0.929550827423,0.99967527196,0.000324728040266,0.0704491725768,0.996957403651,0.929550827423,0.962074871544,0.958625596602,0.929226099383,0.926921263555,280,423,0,5,5,5
769,WLNM_dir_neg_kfold,0.913446115498,0.331904348427,00:00:19,10,80,6,17351,threshold_sweep,0.4,0.978571428571,0.647754137116,0.779516358464,274,6,149,840,0.647754137116,0.992907801418,0.00709219858156,0.352245862884,0.978571428571,0.647754137116,0.779516358464,0.877856579984,0.593117940636,0.699806326662,0.728294662689,0.640661938534,2154,1731,423,0,2154,0,1731,0,423,144,2115,0.10270979021,3.28340051934,29.375,15.4379562044,16.5234375,23.125947344,0.787266292563,0.431540583136,18.7178045265,1.27440371245,0.622363409509,10.41950078,0.709412819061,0.401704097715,1.12585631727,0.342893384662,4.14543900894,3.28340051934,1.12585631727,4.14543900894,0.506274862896,0.548025908195,16217,0.0332762894383,0.115809519663,144,144,144,1,0,0.0486111111111,0.840277777778,0.111111111111,144,0.0821678321678,3.05355639515,23.5,13.0153846154,13.3228346457,18.5170494108,0.787959549395,0.43367070528,14.9771387559,1.27465010689,0.62686334384,8.53417645893,0.726312890122,0.407538744418,1.14466266563,0.374862133691,3.85198199836,3.06791692938,1.13559421795,3.85198199836,0.419242347611,0.449462182004,8775,0.0180057618438,0.0939936678204,144,143,143,0.993055555556,0,0.0902777777778,0.791666666667,0.111111111111,144,1972,0.0957653457653,3.99866870351,27.3888888889,14.2898550725,15.5275590551,21.3797208376,0.780598326727,0.430985181429,16.997028855,1.24116235047,0.611582995267,10.3884536347,0.758588906387,0.426942472391,1.51146662358,0.377992460904,5,3.99866870351,1.51146662358,5,0.462827666598,0.52811370631,13785,0.0282859745888,0.115996746143,144,144,144,1,0,0.0416666666667,0.840277777778,0.118055555556,-143,-0.00694444444444,0.715268184175,-1.98611111111,-1.14810113192,-0.995878444882,-1.74622650647,-0.00666796583643,-0.000555401707435,-1.7207756715,-0.0332413619759,-0.0107804142417,-0.0310471452721,0.0491760873258,0.0252383746765,0.385610306305,0.0350990762425,0.854560991061,0.715268184175,0.385610306305,0.854560991061,-0.0434471962981,-0.0199122018851,-2432,-0.00499031484947,0.000187226479642,-0.00694444444444,0,0.00694444444444,1966,6,149,18471,0.929550827423,0.99967527196,0.000324728040266,0.0704491725768,0.996957403651,0.929550827423,0.962074871544,0.958625596602,0.929226099383,0.926921263555,280,423,0,5,5,5
770,WLNM_dir_neg_kfold,0.913446115498,0.331904348427,00:00:19,10,80,6,17351,threshold_sweep,0.5,0.978571428571,0.647754137116,0.779516358464,274,6,149,840,0.647754137116,0.992907801418,0.00709219858156,0.352245862884,0.978571428571,0.647754137116,0.779516358464,0.877856579984,0.593117940636,0.699806326662,0.728294662689,0.640661938534,2154,1731,423,0,2154,0,1731,0,423,144,2115,0.10270979021,3.28340051934,29.375,15.4379562044,16.5234375,23.125947344,0.787266292563,0.431540583136,18.7178045265,1.27440371245,0.622363409509,10.41950078,0.709412819061,0.401704097715,1.12585631727,0.342893384662,4.14543900894,3.28340051934,1.12585631727,4.14543900894,0.506274862896,0.548025908195,16217,0.0332762894383,0.115809519663,144,144,144,1,0,0.0486111111111,0.840277777778,0.111111111111,144,0.0821678321678,3.05355639515,23.5,13.0153846154,13.3228346457,18.5170494108,0.787959549395,0.43367070528,14.9771387559,1.27465010689,0.62686334384,8.53417645893,0.726312890122,0.407538744418,1.14466266563,0.374862133691,3.85198199836,3.06791692938,1.13559421795,3.85198199836,0.419242347611,0.449462182004,8775,0.0180057618438,0.0939936678204,144,143,143,0.993055555556,0,0.0902777777778,0.791666666667,0.111111111111,144,1972,0.0957653457653,3.99866870351,27.3888888889,14.2898550725,15.5275590551,21.3797208376,0.780598326727,0.430985181429,16.997028855,1.24116235047,0.611582995267,10.3884536347,0.758588906387,0.426942472391,1.51146662358,0.377992460904,5,3.99866870351,1.51146662358,5,0.462827666598,0.52811370631,13785,0.0282859745888,0.115996746143,144,144,144,1,0,0.0416666666667,0.840277777778,0.118055555556,-143,-0.00694444444444,0.715268184175,-1.98611111111,-1.14810113192,-0.995878444882,-1.74622650647,-0.00666796583643,-0.000555401707435,-1.7207756715,-0.0332413619759,-0.0107804142417,-0.0310471452721,0.0491760873258,0.0252383746765,0.385610306305,0.0350990762425,0.854560991061,0.715268184175,0.385610306305,0.854560991061,-0.0434471962981,-0.0199122018851,-2432,-0.00499031484947,0.000187226479642,-0.00694444444444,0,0.00694444444444,1966,6,149,18471,0.929550827423,0.99967527196,0.000324728040266,0.0704491725768,0.996957403651,0.929550827423,0.962074871544,0.958625596602,0.929226099383,0.926921263555,280,423,0,5,5,5
771,WLNM_dir_neg_kfold,0.913446115498,0.331904348427,00:00:19,10,80,6,17351,threshold_sweep,0.6,0.978571428571,0.647754137116,0.779516358464,274,6,149,840,0.647754137116,0.992907801418,0.00709219858156,0.352245862884,0.978571428571,0.647754137116,0.779516358464,0.877856579984,0.593117940636,0.699806326662,0.728294662689,0.640661938534,2154,1731,423,0,2154,0,1731,0,423,144,2115,0.10270979021,3.28340051934,29.375,15.4379562044,16.5234375,23.125947344,0.787266292563,0.431540583136,18.7178045265,1.27440371245,0.622363409509,10.41950078,0.709412819061,0.401704097715,1.12585631727,0.342893384662,4.14543900894,3.28340051934,1.12585631727,4.14543900894,0.506274862896,0.548025908195,16217,0.0332762894383,0.115809519663,144,144,144,1,0,0.0486111111111,0.840277777778,0.111111111111,144,0.0821678321678,3.05355639515,23.5,13.0153846154,13.3228346457,18.5170494108,0.787959549395,0.43367070528,14.9771387559,1.27465010689,0.62686334384,8.53417645893,0.726312890122,0.407538744418,1.14466266563,0.374862133691,3.85198199836,3.06791692938,1.13559421795,3.85198199836,0.419242347611,0.449462182004,8775,0.0180057618438,0.0939936678204,144,143,143,0.993055555556,0,0.0902777777778,0.791666666667,0.111111111111,144,1972,0.0957653457653,3.99866870351,27.3888888889,14.2898550725,15.5275590551,21.3797208376,0.780598326727,0.430985181429,16.997028855,1.24116235047,0.611582995267,10.3884536347,0.758588906387,0.426942472391,1.51146662358,0.377992460904,5,3.99866870351,1.51146662358,5,0.462827666598,0.52811370631,13785,0.0282859745888,0.115996746143,144,144,144,1,0,0.0416666666667,0.840277777778,0.118055555556,-143,-0.00694444444444,0.715268184175,-1.98611111111,-1.14810113192,-0.995878444882,-1.74622650647,-0.00666796583643,-0.000555401707435,-1.7207756715,-0.0332413619759,-0.0107804142417,-0.0310471452721,0.0491760873258,0.0252383746765,0.385610306305,0.0350990762425,0.854560991061,0.715268184175,0.385610306305,0.854560991061,-0.0434471962981,-0.0199122018851,-2432,-0.00499031484947,0.000187226479642,-0.00694444444444,0,0.00694444444444,1966,6,149,18471,0.929550827423,0.99967527196,0.000324728040266,0.0704491725768,0.996957403651,0.929550827423,0.962074871544,0.958625596602,0.929226099383,0.926921263555,280,423,0,5,5,5
772,WLNM_dir_neg_kfold,0.913446115498,0.331904348427,00:00:19,10,80,6,17351,threshold_sweep,0.7,0.982014388489,0.645390070922,0.778887303852,273,5,150,841,0.645390070922,0.994089834515,0.00591016548463,0.354609929078,0.982014388489,0.645390070922,0.778887303852,0.877856579984,0.593643288679,0.69941822883,0.728824632102,0.639479905437,2154,1731,423,0,2154,0,1731,0,423,144,2115,0.10270979021,3.28340051934,29.375,15.4379562044,16.5234375,23.125947344,0.787266292563,0.431540583136,18.7178045265,1.27440371245,0.622363409509,10.41950078,0.709412819061,0.401704097715,1.12585631727,0.342893384662,4.14543900894,3.28340051934,1.12585631727,4.14543900894,0.506274862896,0.548025908195,16217,0.0332762894383,0.115809519663,144,144,144,1,0,0.0486111111111,0.840277777778,0.111111111111,144,0.0821678321678,3.05355639515,23.5,13.0153846154,13.3228346457,18.5170494108,0.787959549395,0.43367070528,14.9771387559,1.27465010689,0.62686334384,8.53417645893,0.726312890122,0.407538744418,1.14466266563,0.374862133691,3.85198199836,3.06791692938,1.13559421795,3.85198199836,0.419242347611,0.449462182004,8775,0.0180057618438,0.0939936678204,144,143,143,0.993055555556,0,0.0902777777778,0.791666666667,0.111111111111,144,1970,0.0956682206682,3.99090868626,27.3611111111,14.3795620438,15.5118110236,21.3903484905,0.781779234172,0.431581359278,17.0045871137,1.24297489562,0.612485899605,10.3732123932,0.758244966809,0.426755499154,1.5219304661,0.381349358191,5,3.99090868626,1.5219304661,5,0.464544966216,0.528543307087,13783,0.0282818707114,0.116950520433,144,144,144,1,0,0.0486111111111,0.833333333333,0.118055555556,-145,-0.00704156954157,0.707508166922,-2.01388888889,-1.05839416058,-1.01162647638,-1.7355988535,-0.00548705839092,4.07761417318e-05,-1.71321741288,-0.0314288168275,-0.00987750990361,-0.0462883867992,0.0488321477486,0.0250514014392,0.396074148829,0.0384559735294,0.854560991061,0.707508166922,0.396074148829,0.854560991061,-0.0417298966794,-0.0194826011083,-2434,-0.00499441872681,0.00114100076982,0,-0.00694444444444,0.00694444444444,1965,5,150,18472,0.929078014184,0.9997293933,0.000270606700222,0.0709219858156,0.997461928934,0.929078014184,0.96205630355,0.95862844475,0.928807407484,0.926886792453,278,423,0,5,5,5
773,WLNM_dir_neg_kfold,0.913446115498,0.331904348427,00:00:19,10,80,6,17351,threshold_sweep,0.8,0.982014388489,0.645390070922,0.778887303852,273,5,150,841,0.645390070922,0.994089834515,0.00591016548463,0.354609929078,0.982014388489,0.645390070922,0.778887303852,0.877856579984,0.593643288679,0.69941822883,0.728824632102,0.639479905437,2154,1731,423,0,2154,0,1731,0,423,144,2115,0.10270979021,3.28340051934,29.375,15.4379562044,16.5234375,23.125947344,0.787266292563,0.431540583136,18.7178045265,1.27440371245,0.622363409509,10.41950078,0.709412819061,0.401704097715,1.12585631727,0.342893384662,4.14543900894,3.28340051934,1.12585631727,4.14543900894,0.506274862896,0.548025908195,16217,0.0332762894383,0.115809519663,144,144,144,1,0,0.0486111111111,0.840277777778,0.111111111111,144,0.0821678321678,3.05355639515,23.5,13.0153846154,13.3228346457,18.5170494108,0.787959549395,0.43367070528,14.9771387559,1.27465010689,0.62686334384,8.53417645893,0.726312890122,0.407538744418,1.14466266563,0.374862133691,3.85198199836,3.06791692938,1.13559421795,3.85198199836,0.419242347611,0.449462182004,8775,0.0180057618438,0.0939936678204,144,143,143,0.993055555556,0,0.0902777777778,0.791666666667,0.111111111111,144,1970,0.0956682206682,3.99090868626,27.3611111111,14.3795620438,15.5118110236,21.3903484905,0.781779234172,0.431581359278,17.0045871137,1.24297489562,0.612485899605,10.3732123932,0.758244966809,0.426755499154,1.5219304661,0.381349358191,5,3.99090868626,1.5219304661,5,0.464544966216,0.528543307087,13783,0.0282818707114,0.116950520433,144,144,144,1,0,0.0486111111111,0.833333333333,0.118055555556,-145,-0.00704156954157,0.707508166922,-2.01388888889,-1.05839416058,-1.01162647638,-1.7355988535,-0.00548705839092,4.07761417318e-05,-1.71321741288,-0.0314288168275,-0.00987750990361,-0.0462883867992,0.0488321477486,0.0250514014392,0.396074148829,0.0384559735294,0.854560991061,0.707508166922,0.396074148829,0.854560991061,-0.0417298966794,-0.0194826011083,-2434,-0.00499441872681,0.00114100076982,0,-0.00694444444444,0.00694444444444,1965,5,150,18472,0.929078014184,0.9997293933,0.000270606700222,0.0709219858156,0.997461928934,0.929078014184,0.96205630355,0.95862844475,0.928807407484,0.926886792453,278,423,0,5,5,5
774,WLNM_dir_neg_kfold,0.913446115498,0.331904348427,00:00:19,10,80,6,17351,threshold_sweep,0.9,0.992619926199,0.635933806147,0.775216138329,269,2,154,844,0.635933806147,0.997635933806,0.00236406619385,0.364066193853,0.992619926199,0.635933806147,0.775216138329,0.87706855792,0.59548200683,0.696103896104,0.728785755912,0.633569739953,2154,1731,423,0,2154,0,1731,0,423,144,2115,0.10270979021,3.28340051934,29.375,15.4379562044,16.5234375,23.125947344,0.787266292563,0.431540583136,18.7178045265,1.27440371245,0.622363409509,10.41950078,0.709412819061,0.401704097715,1.12585631727,0.342893384662,4.14543900894,3.28340051934,1.12585631727,4.14543900894,0.506274862896,0.548025908195,16217,0.0332762894383,0.115809519663,144,144,144,1,0,0.0486111111111,0.840277777778,0.111111111111,144,0.0821678321678,3.05355639515,23.5,13.0153846154,13.3228346457,18.5170494108,0.787959549395,0.43367070528,14.9771387559,1.27465010689,0.62686334384,8.53417645893,0.726312890122,0.407538744418,1.14466266563,0.374862133691,3.85198199836,3.06791692938,1.13559421795,3.85198199836,0.419242347611,0.449462182004,8775,0.0180057618438,0.0939936678204,144,143,143,0.993055555556,0,0.0902777777778,0.791666666667,0.111111111111,144,1963,0.0953282828283,3.55834856322,27.2638888889,15.1,15.4566929134,21.4149761698,0.785470343465,0.433233571065,17.0424178854,1.25018246332,0.617715939322,10.2934200775,0.755095512563,0.425174760854,1.39987891997,0.393406911969,4.33853207906,3.57623911262,1.38818100663,4.33853207906,0.467522086069,0.530500949546,13781,0.0282777668341,0.118212408867,144,143,143,0.993055555556,0,0.0902777777778,0.791666666667,0.111111111111,-152,-0.00738150738151,0.274948043886,-2.11111111111,-0.33795620438,-1.06674458661,-1.71097117429,-0.00179594909785,0.00169298792837,-1.67538664111,-0.024221249123,-0.0046474701869,-0.12608070245,0.045682693502,0.0234706631388,0.274022602691,0.0505135273072,0.193093070122,0.292838593279,0.262324689357,0.193093070122,-0.0387527768265,-0.0175249586491,-2436,-0.00499852260416,0.00240288920429,0.0416666666667,-0.0486111111111,0,1961,2,154,18475,0.927186761229,0.99989175732,0.000108242680089,0.0728132387707,0.998981151299,0.927186761229,0.961745953899,0.958368459126,0.927078518549,0.926310817194,271,423,0,5,5,5
775,WLNM_dir_neg_kfold,0.893929994579,0.42530404801,00:00:19,10,80,7,17352,threshold_sweep,0.1,0.951557093426,0.65011820331,0.772471910112,275,14,148,832,0.65011820331,0.983451536643,0.016548463357,0.34988179669,0.951557093426,0.65011820331,0.772471910112,0.872340425532,0.590753874442,0.688061617458,0.712176817584,0.633569739953,2154,1731,423,0,2154,0,1731,0,423,144,2115,0.10270979021,3.28340051934,29.375,15.4379562044,16.5234375,23.125947344,0.787266292563,0.431540583136,18.7178045265,1.27440371245,0.622363409509,10.41950078,0.709412819061,0.401704097715,1.12585631727,0.342893384662,4.14543900894,3.28340051934,1.12585631727,4.14543900894,0.506274862896,0.548025908195,16217,0.0332762894383,0.115809519663,144,144,144,1,0,0.0486111111111,0.840277777778,0.111111111111,144,0.0821678321678,3.05355639515,23.5,13.0153846154,13.3228346457,18.5170494108,0.787959549395,0.43367070528,14.9771387559,1.27465010689,0.62686334384,8.53417645893,0.726312890122,0.407538744418,1.14466266563,0.374862133691,3.85198199836,3.06791692938,1.13559421795,3.85198199836,0.419242347611,0.449462182004,8775,0.0180057618438,0.0939936678204,144,143,143,0.993055555556,0,0.0902777777778,0.791666666667,0.111111111111,144,1981,0.0962024087024,10.9563057505,27.5138888889,14.15,15.5984251969,21.3587361505,0.776289249285,0.428939508666,16.9644822418,1.23315771974,0.607251528409,10.3709158464,0.753867683939,0.424739890067,3.24697307046,0.2963565589,14,10.9563057505,3.24697307046,14,0.458469440473,0.527016704013,13798,0.0283126497915,0.112531332581,144,144,144,1,0,0.0277777777778,0.854166666667,0.118055555556,-134,-0.00650738150738,7.67290523114,-1.86111111111,-1.28795620438,-0.92501230315,-1.76721119357,-0.0109770432778,-0.00260107447067,-1.75332228477,-0.0412459927005,-0.0151118811,-0.0485849335419,0.0444548648784,0.023035792352,2.12111675319,-0.046536825762,9.85456099106,7.67290523114,2.12111675319,9.85456099106,-0.0478054224228,-0.0210092041818,-2419,-0.00496363964674,-0.00327818708157,-0.0208333333333,0.0138888888889,0.00694444444444,1967,14,148,18463,0.930023640662,0.999242301239,0.000757698760621,0.0699763593381,0.992932862191,0.930023640662,0.96044921875,0.956717775849,0.929265941901,0.923907937999,289,423,0,5,5,5
776,WLNM_dir_neg_kfold,0.893929994579,0.42530404801,00:00:19,10,80,7,17352,threshold_sweep,0.2,0.951388888889,0.647754137116,0.770745428973,274,14,149,832,0.647754137116,0.983451536643,0.016548463357,0.352245862884,0.951388888889,0.647754137116,0.770745428973,0.871552403467,0.591016548463,0.685934489403,0.710387828206,0.631205673759,2154,1731,423,0,2154,0,1731,0,423,144,2115,0.10270979021,3.28340051934,29.375,15.4379562044,16.5234375,23.125947344,0.787266292563,0.431540583136,18.7178045265,1.27440371245,0.622363409509,10.41950078,0.709412819061,0.401704097715,1.12585631727,0.342893384662,4.14543900894,3.28340051934,1.12585631727,4.14543900894,0.506274862896,0.548025908195,16217,0.0332762894383,0.115809519663,144,144,144,1,0,0.0486111111111,0.840277777778,0.111111111111,144,0.0821678321678,3.05355639515,23.5,13.0153846154,13.3228346457,18.5170494108,0.787959549395,0.43367070528,14.9771387559,1.27465010689,0.62686334384,8.53417645893,0.726312890122,0.407538744418,1.14466266563,0.374862133691,3.85198199836,3.06791692938,1.13559421795,3.85198199836,0.419242347611,0.449462182004,8775,0.0180057618438,0.0939936678204,144,143,143,0.993055555556,0,0.0902777777778,0.791666666667,0.111111111111,144,1980,0.0961538461538,10.9556930732,27.5,14.1428571429,15.5905511811,21.3518640381,0.776431419568,0.428966750842,16.9563404813,1.23318839864,0.607189955107,10.3636670347,0.753721238885,0.424649270483,3.24657848049,0.296337115214,14,10.9556930732,3.24657848049,14,0.458460576367,0.526742363421,13778,0.0282716110181,0.112498085346,144,144,144,1,0,0.0277777777778,0.854166666667,0.118055555556,-135,-0.00655594405594,7.67229255388,-1.875,-1.29509906152,-0.932886318898,-1.77408330593,-0.0108348729954,-0.00257383229458,-1.76146404525,-0.0412153138058,-0.0151734544022,-0.0558337452814,0.0443084198246,0.0229451727679,2.12072216321,-0.0465562694475,9.85456099106,7.67229255388,2.12072216321,9.85456099106,-0.0478142865285,-0.021283544774,-2439,-0.00500467842017,-0.00331143431706,-0.0208333333333,0.0138888888889,0.00694444444444,1966,14,149,18463,0.929550827423,0.999242301239,0.000757698760621,0.0704491725768,0.992929292929,0.929550827423,0.960195360195,0.956446741637,0.928793128663,0.923438233913,288,423,0,5,5,5
777,WLNM_dir_neg_kfold,0.893929994579,0.42530404801,00:00:19,10,80,7,17352,threshold_sweep,0.3,0.968085106383,0.645390070922,0.774468085106,273,9,150,837,0.645390070922,0.989361702128,0.0106382978723,0.354609929078,0.968085106383,0.645390070922,0.774468085106,0.874704491726,0.592592592593,0.692456479691,0.719740858177,0.63475177305,2154,1731,423,0,2154,0,1731,0,423,144,2115,0.10270979021,3.28340051934,29.375,15.4379562044,16.5234375,23.125947344,0.787266292563,0.431540583136,18.7178045265,1.27440371245,0.622363409509,10.41950078,0.709412819061,0.401704097715,1.12585631727,0.342893384662,4.14543900894,3.28340051934,1.12585631727,4.14543900894,0.506274862896,0.548025908195,16217,0.0332762894383,0.115809519663,144,144,144,1,0,0.0486111111111,0.840277777778,0.111111111111,144,0.0821678321678,3.05355639515,23.5,13.0153846154,13.3228346457,18.5170494108,0.787959549395,0.43367070528,14.9771387559,1.27465010689,0.62686334384,8.53417645893,0.726312890122,0.407538744418,1.14466266563,0.374862133691,3.85198199836,3.06791692938,1.13559421795,3.85198199836,0.419242347611,0.449462182004,8775,0.0180057618438,0.0939936678204,144,143,143,0.993055555556,0,0.0902777777778,0.791666666667,0.111111111111,144,1974,0.0958624708625,1,27.4166666667,14.3043478261,15.5433070866,21.3785396611,0.779764364539,0.430330406394,16.9865742954,1.23914219784,0.610991500619,10.3335119166,0.753812419451,0.424434312732,0,0,0,NaN,NaN,NaN,0.462820487793,0.52819142817,13774,0.0282634032634,0.114433691725,144,144,0,1,2,0.0416666666667,0.840277777778,0.118055555556,-141,-0.00684731934732,-2.28340051934,-1.95833333333,-1.13360837829,-0.980130413386,-1.74740768293,-0.00750192802393,-0.00121017674209,-1.73123023112,-0.0352615146032,-0.0113719088896,-0.0859888633095,0.0443996003906,0.0227302150174,-1.12585631727,-0.342893384662,-4.14543900894,NaN,NaN,NaN,-0.0434543751029,-0.0198344800252,-2443,-0.00501288617486,-0.00137582793801,-0.00694444444444,0,0.00694444444444,1965,9,150,18468,0.929078014184,0.99951290794,0.000487092060399,0.0709219858156,0.995440729483,0.929078014184,0.961115187087,0.957536332733,0.928590922124,0.925141242938,282,423,0,5,5,5
778,WLNM_dir_neg_kfold,0.893929994579,0.42530404801,00:00:19,10,80,7,17352,threshold_sweep,0.4,0.968085106383,0.645390070922,0.774468085106,273,9,150,837,0.645390070922,0.989361702128,0.0106382978723,0.354609929078,0.968085106383,0.645390070922,0.774468085106,0.874704491726,0.592592592593,0.692456479691,0.719740858177,0.63475177305,2154,1731,423,0,2154,0,1731,0,423,144,2115,0.10270979021,3.28340051934,29.375,15.4379562044,16.5234375,23.125947344,0.787266292563,0.431540583136,18.7178045265,1.27440371245,0.622363409509,10.41950078,0.709412819061,0.401704097715,1.12585631727,0.342893384662,4.14543900894,3.28340051934,1.12585631727,4.14543900894,0.506274862896,0.548025908195,16217,0.0332762894383,0.115809519663,144,144,144,1,0,0.0486111111111,0.840277777778,0.111111111111,144,0.0821678321678,3.05355639515,23.5,13.0153846154,13.3228346457,18.5170494108,0.787959549395,0.43367070528,14.9771387559,1.27465010689,0.62686334384,8.53417645893,0.726312890122,0.407538744418,1.14466266563,0.374862133691,3.85198199836,3.06791692938,1.13559421795,3.85198199836,0.419242347611,0.449462182004,8775,0.0180057618438,0.0939936678204,144,143,143,0.993055555556,0,0.0902777777778,0.791666666667,0.111111111111,144,1974,0.0958624708625,1,27.4166666667,14.3043478261,15.5433070866,21.3785396611,0.779764364539,0.430330406394,16.9865742954,1.23914219784,0.610991500619,10.3335119166,0.753812419451,0.424434312732,0,0,0,NaN,NaN,NaN,0.462820487793,0.52819142817,13774,0.0282634032634,0.114433691725,144,144,0,1,2,0.0416666666667,0.840277777778,0.118055555556,-141,-0.00684731934732,-2.28340051934,-1.95833333333,-1.13360837829,-0.980130413386,-1.74740768293,-0.00750192802393,-0.00121017674209,-1.73123023112,-0.0352615146032,-0.0113719088896,-0.0859888633095,0.0443996003906,0.0227302150174,-1.12585631727,-0.342893384662,-4.14543900894,NaN,NaN,NaN,-0.0434543751029,-0.0198344800252,-2443,-0.00501288617486,-0.00137582793801,-0.00694444444444,0,0.00694444444444,1965,9,150,18468,0.929078014184,0.99951290794,0.000487092060399,0.0709219858156,0.995440729483,0.929078014184,0.961115187087,0.957536332733,0.928590922124,0.925141242938,282,423,0,5,5,5
779,WLNM_dir_neg_kfold,0.893929994579,0.42530404801,00:00:19,10,80,7,17352,threshold_sweep,0.5,0.967971530249,0.643026004728,0.772727272727,272,9,151,837,0.643026004728,0.989361702128,0.0106382978723,0.356973995272,0.967971530249,0.643026004728,0.772727272727,0.873916469661,0.592855266614,0.690322580645,0.71797141197,0.632387706856,2154,1731,423,0,2154,0,1731,0,423,144,2115,0.10270979021,3.28340051934,29.375,15.4379562044,16.5234375,23.125947344,0.787266292563,0.431540583136,18.7178045265,1.27440371245,0.622363409509,10.41950078,0.709412819061,0.401704097715,1.12585631727,0.342893384662,4.14543900894,3.28340051934,1.12585631727,4.14543900894,0.506274862896,0.548025908195,16217,0.0332762894383,0.115809519663,144,144,144,1,0,0.0486111111111,0.840277777778,0.111111111111,144,0.0821678321678,3.05355639515,23.5,13.0153846154,13.3228346457,18.5170494108,0.787959549395,0.43367070528,14.9771387559,1.27465010689,0.62686334384,8.53417645893,0.726312890122,0.407538744418,1.14466266563,0.374862133691,3.85198199836,3.06791692938,1.13559421795,3.85198199836,0.419242347611,0.449462182004,8775,0.0180057618438,0.0939936678204,144,143,143,0.993055555556,0,0.0902777777778,0.791666666667,0.111111111111,144,1973,0.0958139083139,1,27.4027777778,14.2971014493,15.5354330709,21.3716102925,0.779906711131,0.43035493045,16.9895401227,1.23998670941,0.611185025624,10.3248494197,0.753562248576,0.424279861463,0,0,0,NaN,NaN,NaN,0.462820487793,0.52819142817,13774,0.0282634032634,0.114294223205,144,144,0,1,2,0.0416666666667,0.840277777778,0.118055555556,-142,-0.00689588189588,-2.28340051934,-1.97222222222,-1.1408547551,-0.988004429134,-1.75433705151,-0.00735958143185,-0.00118565268636,-1.7282644038,-0.0344170030313,-0.0111783838851,-0.0946513602297,0.0441494295152,0.0225757637483,-1.12585631727,-0.342893384662,-4.14543900894,NaN,NaN,NaN,-0.0434543751029,-0.0198344800252,-2443,-0.00501288617486,-0.00151529645756,-0.00694444444444,0,0.00694444444444,1964,9,151,18468,0.928605200946,0.99951290794,0.000487092060399,0.0713947990544,0.995438418652,0.928605200946,0.960861056751,0.957265579269,0.928118108885,0.924670433145,281,423,0,5,5,5
780,WLNM_dir_neg_kfold,0.893929994579,0.42530404801,00:00:19,10,80,7,17352,threshold_sweep,0.6,0.971428571429,0.643026004728,0.773826458037,272,8,151,838,0.643026004728,0.990543735225,0.00945626477541,0.356973995272,0.971428571429,0.643026004728,0.773826458037,0.874704491726,0.593117940636,0.692059393157,0.72023236015,0.633569739953,2154,1731,423,0,2154,0,1731,0,423,144,2115,0.10270979021,3.28340051934,29.375,15.4379562044,16.5234375,23.125947344,0.787266292563,0.431540583136,18.7178045265,1.27440371245,0.622363409509,10.41950078,0.709412819061,0.401704097715,1.12585631727,0.342893384662,4.14543900894,3.28340051934,1.12585631727,4.14543900894,0.506274862896,0.548025908195,16217,0.0332762894383,0.115809519663,144,144,144,1,0,0.0486111111111,0.840277777778,0.111111111111,144,0.0821678321678,3.05355639515,23.5,13.0153846154,13.3228346457,18.5170494108,0.787959549395,0.43367070528,14.9771387559,1.27465010689,0.62686334384,8.53417645893,0.726312890122,0.407538744418,1.14466266563,0.374862133691,3.85198199836,3.06791692938,1.13559421795,3.85198199836,0.419242347611,0.449462182004,8775,0.0180057618438,0.0939936678204,144,143,143,0.993055555556,0,0.0902777777778,0.791666666667,0.111111111111,144,1972,0.0957653457653,1,27.3888888889,14.2898550725,15.5275590551,21.3669606764,0.780132438489,0.430502732702,16.9945601242,1.24098207803,0.611780200586,10.33310775,0.754547421907,0.424864773496,0,0,0,NaN,NaN,NaN,0.462820487793,0.52819142817,13774,0.0282634032634,0.114422850917,144,144,0,1,2,0.0416666666667,0.840277777778,0.118055555556,-143,-0.00694444444444,-2.28340051934,-1.98611111111,-1.14810113192,-0.995878444882,-1.75898666764,-0.00713385407375,-0.00103785043405,-1.72324440234,-0.0334216344102,-0.0105832089228,-0.0863930299554,0.0451346028459,0.0231606757809,-1.12585631727,-0.342893384662,-4.14543900894,NaN,NaN,NaN,-0.0434543751029,-0.0198344800252,-2443,-0.00501288617486,-0.00138666874635,-0.00694444444444,0,0.00694444444444,1964,8,151,18469,0.928605200946,0.99956702928,0.000432970720355,0.0713947990544,0.995943204868,0.928605200946,0.961096158552,0.957538384404,0.928172230225,0.925105982101,280,423,0,5,5,5
781,WLNM_dir_neg_kfold,0.893929994579,0.42530404801,00:00:19,10,80,7,17352,threshold_sweep,0.7,0.981949458484,0.643026004728,0.777142857143,272,5,151,841,0.643026004728,0.994089834515,0.00591016548463,0.356973995272,0.981949458484,0.643026004728,0.777142857143,0.87706855792,0.5939059627,0.697283311772,0.727073049243,0.637115839243,2154,1731,423,0,2154,0,1731,0,423,144,2115,0.10270979021,3.28340051934,29.375,15.4379562044,16.5234375,23.125947344,0.787266292563,0.431540583136,18.7178045265,1.27440371245,0.622363409509,10.41950078,0.709412819061,0.401704097715,1.12585631727,0.342893384662,4.14543900894,3.28340051934,1.12585631727,4.14543900894,0.506274862896,0.548025908195,16217,0.0332762894383,0.115809519663,144,144,144,1,0,0.0486111111111,0.840277777778,0.111111111111,144,0.0821678321678,3.05355639515,23.5,13.0153846154,13.3228346457,18.5170494108,0.787959549395,0.43367070528,14.9771387559,1.27465010689,0.62686334384,8.53417645893,0.726312890122,0.407538744418,1.14466266563,0.374862133691,3.85198199836,3.06791692938,1.13559421795,3.85198199836,0.419242347611,0.449462182004,8775,0.0180057618438,0.0939936678204,144,143,143,0.993055555556,0,0.0902777777778,0.791666666667,0.111111111111,144,1969,0.0956196581197,1,27.3472222222,14.268115942,15.5039370079,21.3774992632,0.781706423032,0.431334998025,16.9997243339,1.24325053534,0.612158597145,10.3415989763,0.756318056163,0.425847158738,0,0,0,NaN,NaN,NaN,0.462569893969,0.528684274539,13765,0.0282449358154,0.114846190197,144,144,0,1,2,0.0416666666667,0.840277777778,0.118055555556,-146,-0.00709013209013,-2.28340051934,-2.02777777778,-1.16984026235,-1.01950049213,-1.74844808086,-0.00555986953151,-0.000205585111386,-1.71808019265,-0.0311531771076,-0.0102048123642,-0.0779018036769,0.0469052371018,0.0241430610235,-1.12585631727,-0.342893384662,-4.14543900894,NaN,NaN,NaN,-0.0437049689263,-0.0193416336554,-2452,-0.0050313536229,-0.000963329465889,-0.00694444444444,0,0.00694444444444,1964,5,151,18472,0.928605200946,0.9997293933,0.000270606700222,0.0713947990544,0.997460639919,0.928605200946,0.96180215475,0.958357994936,0.928334594245,0.92641509434,277,423,0,5,5,5
782,WLNM_dir_neg_kfold,0.893929994579,0.42530404801,00:00:19,10,80,7,17352,threshold_sweep,0.8,0.988929889299,0.633569739953,0.772334293948,268,3,155,843,0.633569739953,0.996453900709,0.00354609929078,0.366430260047,0.988929889299,0.633569739953,0.772334293948,0.87549251379,0.59548200683,0.692207792208,0.724706731159,0.630023640662,2154,1731,423,0,2154,0,1731,0,423,144,2115,0.10270979021,3.28340051934,29.375,15.4379562044,16.5234375,23.125947344,0.787266292563,0.431540583136,18.7178045265,1.27440371245,0.622363409509,10.41950078,0.709412819061,0.401704097715,1.12585631727,0.342893384662,4.14543900894,3.28340051934,1.12585631727,4.14543900894,0.506274862896,0.548025908195,16217,0.0332762894383,0.115809519663,144,144,144,1,0,0.0486111111111,0.840277777778,0.111111111111,144,0.0821678321678,3.05355639515,23.5,13.0153846154,13.3228346457,18.5170494108,0.787959549395,0.43367070528,14.9771387559,1.27465010689,0.62686334384,8.53417645893,0.726312890122,0.407538744418,1.14466266563,0.374862133691,3.85198199836,3.06791692938,1.13559421795,3.85198199836,0.419242347611,0.449462182004,8775,0.0180057618438,0.0939936678204,144,143,143,0.993055555556,0,0.0902777777778,0.791666666667,0.111111111111,144,1963,0.0953282828283,3.45654019183,27.2638888889,14.8712121212,15.4566929134,21.4022370281,0.785003090179,0.432869191147,17.0321565585,1.24942972207,0.616704165959,10.2750608034,0.75374872934,0.424530905077,1.23609817208,0.357611398531,4.24904409517,3.47371879457,1.22307175971,4.24904409517,0.466406376781,0.530000641725,13765,0.0282449358154,0.116167463923,144,143,143,0.993055555556,0,0.0763888888889,0.805555555556,0.111111111111,-152,-0.00738150738151,0.173139672494,-2.11111111111,-0.566744083167,-1.06674458661,-1.72371031597,-0.00226320238428,0.00132860801101,-1.68564796808,-0.0249739903779,-0.00565924354967,-0.144439976516,0.0443359102796,0.0228268073625,0.110241854804,0.0147180138695,0.103605086231,0.190318275234,0.097215442431,0.103605086231,-0.0398684861151,-0.0180252664699,-2452,-0.0050313536229,0.000357944259761,0.0277777777778,-0.0347222222222,0,1960,3,155,18474,0.926713947991,0.99983763598,0.000162364020133,0.0732860520095,0.998471726949,0.926713947991,0.96125551741,0.957823739914,0.92655158397,0.925401322002,271,423,0,5,5,5
783,WLNM_dir_neg_kfold,0.893929994579,0.42530404801,00:00:19,10,80,7,17352,threshold_sweep,0.9,0.996268656716,0.631205673759,0.772793053546,267,1,156,845,0.631205673759,0.998817966903,0.00118203309693,0.368794326241,0.996268656716,0.631205673759,0.772793053546,0.876280535855,0.596270028894,0.693558880937,0.727658782494,0.630023640662,2154,1731,423,0,2154,0,1731,0,423,144,2115,0.10270979021,3.28340051934,29.375,15.4379562044,16.5234375,23.125947344,0.787266292563,0.431540583136,18.7178045265,1.27440371245,0.622363409509,10.41950078,0.709412819061,0.401704097715,1.12585631727,0.342893384662,4.14543900894,3.28340051934,1.12585631727,4.14543900894,0.506274862896,0.548025908195,16217,0.0332762894383,0.115809519663,144,144,144,1,0,0.0486111111111,0.840277777778,0.111111111111,144,0.0821678321678,3.05355639515,23.5,13.0153846154,13.3228346457,18.5170494108,0.787959549395,0.43367070528,14.9771387559,1.27465010689,0.62686334384,8.53417645893,0.726312890122,0.407538744418,1.14466266563,0.374862133691,3.85198199836,3.06791692938,1.13559421795,3.85198199836,0.419242347611,0.449462182004,8775,0.0180057618438,0.0939936678204,144,143,143,0.993055555556,0,0.0902777777778,0.791666666667,0.111111111111,144,1960,0.0951825951826,3.06831262219,27.2222222222,15.0769230769,15.4330708661,21.4164319779,0.786726072657,0.433595521542,17.0474906839,1.25246870331,0.61868622449,10.265776609,0.754220322295,0.424631519274,1.14360789365,0.372715571869,3.89786468994,3.08277634682,1.13433341614,3.89786468994,0.467573830603,0.530368429166,13762,0.0282387799993,0.117478895534,144,143,143,0.993055555556,0,0.0902777777778,0.791666666667,0.111111111111,-155,-0.0075271950272,-0.215087897142,-2.15277777778,-0.361033127456,-1.09036663386,-1.70951536615,-0.000540219906002,0.00205493840562,-1.67031384266,-0.0219350091398,-0.003677185019,-0.153724170942,0.0448075032341,0.0229274215596,0.0177515763784,0.0298221872072,-0.247574319,-0.200624172512,0.00847709887003,-0.247574319,-0.0387010322922,-0.0176574790289,-2455,-0.00503750943892,0.00166937587046,0.0416666666667,-0.0486111111111,0,1959,1,156,18476,0.926241134752,0.99994587866,5.41213400444e-05,0.0737588652482,0.999489795918,0.926241134752,0.961472392638,0.958102181548,0.926187013412,0.925803402647,268,423,0,5,5,5
784,WLNM_dir_neg_kfold,0.809483091058,0.261385672267,00:00:19,10,80,8,17353,threshold_sweep,0.1,0.941780821918,0.65011820331,0.769230769231,275,17,148,829,0.65011820331,0.979905437352,0.0200945626478,0.34988179669,0.941780821918,0.65011820331,0.769230769231,0.869976359338,0.589965852377,0.682895579757,0.705624259665,0.630023640662,2154,1731,423,0,2154,0,1731,0,423,144,2115,0.10270979021,3.28340051934,29.375,15.4379562044,16.5234375,23.125947344,0.787266292563,0.431540583136,18.7178045265,1.27440371245,0.622363409509,10.41950078,0.709412819061,0.401704097715,1.12585631727,0.342893384662,4.14543900894,3.28340051934,1.12585631727,4.14543900894,0.506274862896,0.548025908195,16217,0.0332762894383,0.115809519663,144,144,144,1,0,0.0486111111111,0.840277777778,0.111111111111,144,0.0821678321678,3.05355639515,23.5,13.0153846154,13.3228346457,18.5170494108,0.787959549395,0.43367070528,14.9771387559,1.27465010689,0.62686334384,8.53417645893,0.726312890122,0.407538744418,1.14466266563,0.374862133691,3.85198199836,3.06791692938,1.13559421795,3.85198199836,0.419242347611,0.449462182004,8775,0.0180057618438,0.0939936678204,144,143,143,0.993055555556,0,0.0902777777778,0.791666666667,0.111111111111,144,1984,0.0963480963481,7.05174170313,27.5555555556,14.0709219858,15.6220472441,21.4100093505,0.776976145784,0.429519489247,16.9666247635,1.23144857155,0.606182795699,10.434239257,0.757323817044,0.425935259857,2.21034678886,0.313446930122,8.61711592922,7.05174170313,2.21034678886,8.61711592922,0.465779551893,0.525904141367,13829,0.0283762598903,0.111899871228,144,144,144,1,0,0.0208333333333,0.861111111111,0.118055555556,-131,-0.00636169386169,3.76834118379,-1.81944444444,-1.36703421856,-0.901390255906,-1.71593799354,-0.0102901467789,-0.00202109388902,-1.75117976301,-0.0429551408988,-0.0161806138099,0.0147384770937,0.0479109979831,0.0242311621419,1.08449047159,-0.0294464545392,4.47167692028,3.76834118379,1.08449047159,4.47167692028,-0.0404953110029,-0.0221217668281,-2388,-0.00490002954792,-0.00390964843457,-0.0277777777778,0.0208333333333,0.00694444444444,1967,17,148,18460,0.930023640662,0.999079937219,0.000920062780754,0.0699763593381,0.991431451613,0.930023640662,0.95974627958,0.955904189812,0.929103577881,0.922607879925,292,423,0,5,5,5
785,WLNM_dir_neg_kfold,0.809483091058,0.261385672267,00:00:19,10,80,8,17353,threshold_sweep,0.2,0.941780821918,0.65011820331,0.769230769231,275,17,148,829,0.65011820331,0.979905437352,0.0200945626478,0.34988179669,0.941780821918,0.65011820331,0.769230769231,0.869976359338,0.589965852377,0.682895579757,0.705624259665,0.630023640662,2154,1731,423,0,2154,0,1731,0,423,144,2115,0.10270979021,3.28340051934,29.375,15.4379562044,16.5234375,23.125947344,0.787266292563,0.431540583136,18.7178045265,1.27440371245,0.622363409509,10.41950078,0.709412819061,0.401704097715,1.12585631727,0.342893384662,4.14543900894,3.28340051934,1.12585631727,4.14543900894,0.506274862896,0.548025908195,16217,0.0332762894383,0.115809519663,144,144,144,1,0,0.0486111111111,0.840277777778,0.111111111111,144,0.0821678321678,3.05355639515,23.5,13.0153846154,13.3228346457,18.5170494108,0.787959549395,0.43367070528,14.9771387559,1.27465010689,0.62686334384,8.53417645893,0.726312890122,0.407538744418,1.14466266563,0.374862133691,3.85198199836,3.06791692938,1.13559421795,3.85198199836,0.419242347611,0.449462182004,8775,0.0180057618438,0.0939936678204,144,143,143,0.993055555556,0,0.0902777777778,0.791666666667,0.111111111111,144,1984,0.0963480963481,7.05174170313,27.5555555556,14.0709219858,15.6220472441,21.4100093505,0.776976145784,0.429519489247,16.9666247635,1.23144857155,0.606182795699,10.434239257,0.757323817044,0.425935259857,2.21034678886,0.313446930122,8.61711592922,7.05174170313,2.21034678886,8.61711592922,0.465779551893,0.525904141367,13829,0.0283762598903,0.111899871228,144,144,144,1,0,0.0208333333333,0.861111111111,0.118055555556,-131,-0.00636169386169,3.76834118379,-1.81944444444,-1.36703421856,-0.901390255906,-1.71593799354,-0.0102901467789,-0.00202109388902,-1.75117976301,-0.0429551408988,-0.0161806138099,0.0147384770937,0.0479109979831,0.0242311621419,1.08449047159,-0.0294464545392,4.47167692028,3.76834118379,1.08449047159,4.47167692028,-0.0404953110029,-0.0221217668281,-2388,-0.00490002954792,-0.00390964843457,-0.0277777777778,0.0208333333333,0.00694444444444,1967,17,148,18460,0.930023640662,0.999079937219,0.000920062780754,0.0699763593381,0.991431451613,0.930023640662,0.95974627958,0.955904189812,0.929103577881,0.922607879925,292,423,0,5,5,5
786,WLNM_dir_neg_kfold,0.809483091058,0.261385672267,00:00:19,10,80,8,17353,threshold_sweep,0.3,0.964788732394,0.647754137116,0.775106082037,274,10,149,836,0.647754137116,0.988179669031,0.0118203309693,0.352245862884,0.964788732394,0.647754137116,0.775106082037,0.874704491726,0.59206724455,0.692852543464,0.719266763587,0.635933806147,2154,1731,423,0,2154,0,1731,0,423,144,2115,0.10270979021,3.28340051934,29.375,15.4379562044,16.5234375,23.125947344,0.787266292563,0.431540583136,18.7178045265,1.27440371245,0.622363409509,10.41950078,0.709412819061,0.401704097715,1.12585631727,0.342893384662,4.14543900894,3.28340051934,1.12585631727,4.14543900894,0.506274862896,0.548025908195,16217,0.0332762894383,0.115809519663,144,144,144,1,0,0.0486111111111,0.840277777778,0.111111111111,144,0.0821678321678,3.05355639515,23.5,13.0153846154,13.3228346457,18.5170494108,0.787959549395,0.43367070528,14.9771387559,1.27465010689,0.62686334384,8.53417645893,0.726312890122,0.407538744418,1.14466266563,0.374862133691,3.85198199836,3.06791692938,1.13559421795,3.85198199836,0.419242347611,0.449462182004,8775,0.0180057618438,0.0939936678204,144,143,143,0.993055555556,0,0.0902777777778,0.791666666667,0.111111111111,144,1976,0.0959595959596,3.93949790647,27.4444444444,14.3188405797,15.5590551181,21.4446034673,0.781382312575,0.431465783851,17.0065575359,1.23934427387,0.6112587157,10.3710492988,0.755784969145,0.425276934323,1.35581119931,0.344158375381,5.35270298708,3.93949790647,1.35581119931,5.35270298708,0.465334673814,0.527309293179,13809,0.0283352211169,0.113866138838,144,144,144,1,0,0.0416666666667,0.840277777778,0.118055555556,-139,-0.00675019425019,0.656097387139,-1.93055555556,-1.11911562467,-0.96438238189,-1.68134387671,-0.00588397998839,-7.47992856756e-05,-1.71124699061,-0.0350594385715,-0.0111046938093,-0.0484514811304,0.0463721500843,0.0235728366083,0.229954882036,0.0012649907198,1.20726397815,0.656097387139,0.229954882036,1.20726397815,-0.0409401890819,-0.0207166150162,-2408,-0.00494106832135,-0.0019433808248,-0.00694444444444,0,0.00694444444444,1966,10,149,18467,0.929550827423,0.9994587866,0.000541213400444,0.0704491725768,0.994939271255,0.929550827423,0.961134197018,0.957534583384,0.929009614023,0.925176470588,284,423,0,5,5,5
787,WLNM_dir_neg_kfold,0.809483091058,0.261385672267,00:00:19,10,80,8,17353,threshold_sweep,0.4,0.964788732394,0.647754137116,0.775106082037,274,10,149,836,0.647754137116,0.988179669031,0.0118203309693,0.352245862884,0.964788732394,0.647754137116,0.775106082037,0.874704491726,0.59206724455,0.692852543464,0.719266763587,0.635933806147,2154,1731,423,0,2154,0,1731,0,423,144,2115,0.10270979021,3.28340051934,29.375,15.4379562044,16.5234375,23.125947344,0.787266292563,0.431540583136,18.7178045265,1.27440371245,0.622363409509,10.41950078,0.709412819061,0.401704097715,1.12585631727,0.342893384662,4.14543900894,3.28340051934,1.12585631727,4.14543900894,0.506274862896,0.548025908195,16217,0.0332762894383,0.115809519663,144,144,144,1,0,0.0486111111111,0.840277777778,0.111111111111,144,0.0821678321678,3.05355639515,23.5,13.0153846154,13.3228346457,18.5170494108,0.787959549395,0.43367070528,14.9771387559,1.27465010689,0.62686334384,8.53417645893,0.726312890122,0.407538744418,1.14466266563,0.374862133691,3.85198199836,3.06791692938,1.13559421795,3.85198199836,0.419242347611,0.449462182004,8775,0.0180057618438,0.0939936678204,144,143,143,0.993055555556,0,0.0902777777778,0.791666666667,0.111111111111,144,1976,0.0959595959596,3.93949790647,27.4444444444,14.3188405797,15.5590551181,21.4446034673,0.781382312575,0.431465783851,17.0065575359,1.23934427387,0.6112587157,10.3710492988,0.755784969145,0.425276934323,1.35581119931,0.344158375381,5.35270298708,3.93949790647,1.35581119931,5.35270298708,0.465334673814,0.527309293179,13809,0.0283352211169,0.113866138838,144,144,144,1,0,0.0416666666667,0.840277777778,0.118055555556,-139,-0.00675019425019,0.656097387139,-1.93055555556,-1.11911562467,-0.96438238189,-1.68134387671,-0.00588397998839,-7.47992856756e-05,-1.71124699061,-0.0350594385715,-0.0111046938093,-0.0484514811304,0.0463721500843,0.0235728366083,0.229954882036,0.0012649907198,1.20726397815,0.656097387139,0.229954882036,1.20726397815,-0.0409401890819,-0.0207166150162,-2408,-0.00494106832135,-0.0019433808248,-0.00694444444444,0,0.00694444444444,1966,10,149,18467,0.929550827423,0.9994587866,0.000541213400444,0.0704491725768,0.994939271255,0.929550827423,0.961134197018,0.957534583384,0.929009614023,0.925176470588,284,423,0,5,5,5
788,WLNM_dir_neg_kfold,0.809483091058,0.261385672267,00:00:19,10,80,8,17353,threshold_sweep,0.5,0.964788732394,0.647754137116,0.775106082037,274,10,149,836,0.647754137116,0.988179669031,0.0118203309693,0.352245862884,0.964788732394,0.647754137116,0.775106082037,0.874704491726,0.59206724455,0.692852543464,0.719266763587,0.635933806147,2154,1731,423,0,2154,0,1731,0,423,144,2115,0.10270979021,3.28340051934,29.375,15.4379562044,16.5234375,23.125947344,0.787266292563,0.431540583136,18.7178045265,1.27440371245,0.622363409509,10.41950078,0.709412819061,0.401704097715,1.12585631727,0.342893384662,4.14543900894,3.28340051934,1.12585631727,4.14543900894,0.506274862896,0.548025908195,16217,0.0332762894383,0.115809519663,144,144,144,1,0,0.0486111111111,0.840277777778,0.111111111111,144,0.0821678321678,3.05355639515,23.5,13.0153846154,13.3228346457,18.5170494108,0.787959549395,0.43367070528,14.9771387559,1.27465010689,0.62686334384,8.53417645893,0.726312890122,0.407538744418,1.14466266563,0.374862133691,3.85198199836,3.06791692938,1.13559421795,3.85198199836,0.419242347611,0.449462182004,8775,0.0180057618438,0.0939936678204,144,143,143,0.993055555556,0,0.0902777777778,0.791666666667,0.111111111111,144,1976,0.0959595959596,3.93949790647,27.4444444444,14.3188405797,15.5590551181,21.4446034673,0.781382312575,0.431465783851,17.0065575359,1.23934427387,0.6112587157,10.3710492988,0.755784969145,0.425276934323,1.35581119931,0.344158375381,5.35270298708,3.93949790647,1.35581119931,5.35270298708,0.465334673814,0.527309293179,13809,0.0283352211169,0.113866138838,144,144,144,1,0,0.0416666666667,0.840277777778,0.118055555556,-139,-0.00675019425019,0.656097387139,-1.93055555556,-1.11911562467,-0.96438238189,-1.68134387671,-0.00588397998839,-7.47992856756e-05,-1.71124699061,-0.0350594385715,-0.0111046938093,-0.0484514811304,0.0463721500843,0.0235728366083,0.229954882036,0.0012649907198,1.20726397815,0.656097387139,0.229954882036,1.20726397815,-0.0409401890819,-0.0207166150162,-2408,-0.00494106832135,-0.0019433808248,-0.00694444444444,0,0.00694444444444,1966,10,149,18467,0.929550827423,0.9994587866,0.000541213400444,0.0704491725768,0.994939271255,0.929550827423,0.961134197018,0.957534583384,0.929009614023,0.925176470588,284,423,0,5,5,5
789,WLNM_dir_neg_kfold,0.809483091058,0.261385672267,00:00:19,10,80,8,17353,threshold_sweep,0.6,0.964788732394,0.647754137116,0.775106082037,274,10,149,836,0.647754137116,0.988179669031,0.0118203309693,0.352245862884,0.964788732394,0.647754137116,0.775106082037,0.874704491726,0.59206724455,0.692852543464,0.719266763587,0.635933806147,2154,1731,423,0,2154,0,1731,0,423,144,2115,0.10270979021,3.28340051934,29.375,15.4379562044,16.5234375,23.125947344,0.787266292563,0.431540583136,18.7178045265,1.27440371245,0.622363409509,10.41950078,0.709412819061,0.401704097715,1.12585631727,0.342893384662,4.14543900894,3.28340051934,1.12585631727,4.14543900894,0.506274862896,0.548025908195,16217,0.0332762894383,0.115809519663,144,144,144,1,0,0.0486111111111,0.840277777778,0.111111111111,144,0.0821678321678,3.05355639515,23.5,13.0153846154,13.3228346457,18.5170494108,0.787959549395,0.43367070528,14.9771387559,1.27465010689,0.62686334384,8.53417645893,0.726312890122,0.407538744418,1.14466266563,0.374862133691,3.85198199836,3.06791692938,1.13559421795,3.85198199836,0.419242347611,0.449462182004,8775,0.0180057618438,0.0939936678204,144,143,143,0.993055555556,0,0.0902777777778,0.791666666667,0.111111111111,144,1976,0.0959595959596,3.93949790647,27.4444444444,14.3188405797,15.5590551181,21.4446034673,0.781382312575,0.431465783851,17.0065575359,1.23934427387,0.6112587157,10.3710492988,0.755784969145,0.425276934323,1.35581119931,0.344158375381,5.35270298708,3.93949790647,1.35581119931,5.35270298708,0.465334673814,0.527309293179,13809,0.0283352211169,0.113866138838,144,144,144,1,0,0.0416666666667,0.840277777778,0.118055555556,-139,-0.00675019425019,0.656097387139,-1.93055555556,-1.11911562467,-0.96438238189,-1.68134387671,-0.00588397998839,-7.47992856756e-05,-1.71124699061,-0.0350594385715,-0.0111046938093,-0.0484514811304,0.0463721500843,0.0235728366083,0.229954882036,0.0012649907198,1.20726397815,0.656097387139,0.229954882036,1.20726397815,-0.0409401890819,-0.0207166150162,-2408,-0.00494106832135,-0.0019433808248,-0.00694444444444,0,0.00694444444444,1966,10,149,18467,0.929550827423,0.9994587866,0.000541213400444,0.0704491725768,0.994939271255,0.929550827423,0.961134197018,0.957534583384,0.929009614023,0.925176470588,284,423,0,5,5,5
790,WLNM_dir_neg_kfold,0.809483091058,0.261385672267,00:00:19,10,80,8,17353,threshold_sweep,0.7,0.968085106383,0.645390070922,0.774468085106,273,9,150,837,0.645390070922,0.989361702128,0.0106382978723,0.354609929078,0.968085106383,0.645390070922,0.774468085106,0.874704491726,0.592592592593,0.692456479691,0.719740858177,0.63475177305,2154,1731,423,0,2154,0,1731,0,423,144,2115,0.10270979021,3.28340051934,29.375,15.4379562044,16.5234375,23.125947344,0.787266292563,0.431540583136,18.7178045265,1.27440371245,0.622363409509,10.41950078,0.709412819061,0.401704097715,1.12585631727,0.342893384662,4.14543900894,3.28340051934,1.12585631727,4.14543900894,0.506274862896,0.548025908195,16217,0.0332762894383,0.115809519663,144,144,144,1,0,0.0486111111111,0.840277777778,0.111111111111,144,0.0821678321678,3.05355639515,23.5,13.0153846154,13.3228346457,18.5170494108,0.787959549395,0.43367070528,14.9771387559,1.27465010689,0.62686334384,8.53417645893,0.726312890122,0.407538744418,1.14466266563,0.374862133691,3.85198199836,3.06791692938,1.13559421795,3.85198199836,0.419242347611,0.449462182004,8775,0.0180057618438,0.0939936678204,144,143,143,0.993055555556,0,0.0902777777778,0.791666666667,0.111111111111,144,1974,0.0958624708625,3.92028218633,27.4166666667,14.4087591241,15.5433070866,21.4425562092,0.78209931462,0.431853681189,17.013723379,1.2411226781,0.612152425982,10.3571704158,0.755538267411,0.425109760216,1.37052883977,0.349599537644,5.31279409777,3.92028218633,1.37052883977,5.31279409777,0.466460593978,0.527609942639,13797,0.0283105978529,0.11478042673,144,144,144,1,0,0.0486111111111,0.833333333333,0.118055555556,-141,-0.00684731934732,0.636881666998,-1.95833333333,-1.02919708029,-0.980130413386,-1.68339113488,-0.00516697794315,0.00031309805246,-1.70408114755,-0.0332810343426,-0.0102109835266,-0.0623303642012,0.0461254483498,0.0234056625014,0.2446725225,0.006706152982,1.16735508883,0.636881666998,0.2446725225,1.16735508883,-0.0398142689175,-0.0204159655563,-2420,-0.00496569158541,-0.0010290929335,0,-0.00694444444444,0.00694444444444,1965,9,150,18468,0.929078014184,0.99951290794,0.000487092060399,0.0709219858156,0.995440729483,0.929078014184,0.961115187087,0.957536332733,0.928590922124,0.925141242938,282,423,0,5,5,5
791,WLNM_dir_neg_kfold,0.809483091058,0.261385672267,00:00:19,10,80,8,17353,threshold_sweep,0.8,0.978181818182,0.635933806147,0.770773638968,269,6,154,840,0.635933806147,0.992907801418,0.00709219858156,0.364066193853,0.978181818182,0.635933806147,0.770773638968,0.873916469661,0.594431310743,0.689119170984,0.719510432505,0.628841607565,2154,1731,423,0,2154,0,1731,0,423,144,2115,0.10270979021,3.28340051934,29.375,15.4379562044,16.5234375,23.125947344,0.787266292563,0.431540583136,18.7178045265,1.27440371245,0.622363409509,10.41950078,0.709412819061,0.401704097715,1.12585631727,0.342893384662,4.14543900894,3.28340051934,1.12585631727,4.14543900894,0.506274862896,0.548025908195,16217,0.0332762894383,0.115809519663,144,144,144,1,0,0.0486111111111,0.840277777778,0.111111111111,144,0.0821678321678,3.05355639515,23.5,13.0153846154,13.3228346457,18.5170494108,0.787959549395,0.43367070528,14.9771387559,1.27465010689,0.62686334384,8.53417645893,0.726312890122,0.407538744418,1.14466266563,0.374862133691,3.85198199836,3.06791692938,1.13559421795,3.85198199836,0.419242347611,0.449462182004,8775,0.0180057618438,0.0939936678204,144,143,143,0.993055555556,0,0.0902777777778,0.791666666667,0.111111111111,144,1967,0.0955225330225,3.3688603702,27.3194444444,15.0152671756,15.4881889764,21.4615130489,0.785576481707,0.433330508953,17.0512035112,1.24828332772,0.617243546292,10.2773858574,0.752386153263,0.42352637971,1.28502630896,0.381442436833,4.78672407626,3.38542582734,1.27402020679,4.78672407626,0.466214717439,0.529296575027,13785,0.0282859745888,0.115912243801,144,143,143,0.993055555556,0,0.0833333333333,0.798611111111,0.111111111111,-148,-0.00718725718726,0.0854598508678,-2.05555555556,-0.422689028807,-1.03524852362,-1.66443429518,-0.0016898108559,0.00178992581696,-1.66660101532,-0.02612038473,-0.00511986321721,-0.142114922542,0.0429733342018,0.0218222819949,0.159169991686,0.0385490521715,0.64128506732,0.102025308002,0.148163889512,0.64128506732,-0.0400601454564,-0.018729333168,-2432,-0.00499031484947,0.000102724137839,0.0347222222222,-0.0416666666667,0,1961,6,154,18471,0.927186761229,0.99967527196,0.000324728040266,0.0728132387707,0.996949669548,0.927186761229,0.960803527683,0.957272729903,0.926862033189,0.92456388496,275,423,0,5,5,5
792,WLNM_dir_neg_kfold,0.809483091058,0.261385672267,00:00:19,10,80,8,17353,threshold_sweep,0.9,0.981751824818,0.635933806147,0.771879483501,269,5,154,841,0.635933806147,0.994089834515,0.00591016548463,0.364066193853,0.981751824818,0.635933806147,0.771879483501,0.874704491726,0.594693984765,0.690861957226,0.721814146615,0.630023640662,2154,1731,423,0,2154,0,1731,0,423,144,2115,0.10270979021,3.28340051934,29.375,15.4379562044,16.5234375,23.125947344,0.787266292563,0.431540583136,18.7178045265,1.27440371245,0.622363409509,10.41950078,0.709412819061,0.401704097715,1.12585631727,0.342893384662,4.14543900894,3.28340051934,1.12585631727,4.14543900894,0.506274862896,0.548025908195,16217,0.0332762894383,0.115809519663,144,144,144,1,0,0.0486111111111,0.840277777778,0.111111111111,144,0.0821678321678,3.05355639515,23.5,13.0153846154,13.3228346457,18.5170494108,0.787959549395,0.43367070528,14.9771387559,1.27465010689,0.62686334384,8.53417645893,0.726312890122,0.407538744418,1.14466266563,0.374862133691,3.85198199836,3.06791692938,1.13559421795,3.85198199836,0.419242347611,0.449462182004,8775,0.0180057618438,0.0939936678204,144,143,143,0.993055555556,0,0.0902777777778,0.791666666667,0.111111111111,144,1966,0.095473970474,3.312096415,27.3055555556,15.1230769231,15.4803149606,21.4503093944,0.785565756052,0.433307194529,17.0565982739,1.24931340358,0.617970781056,10.2815738805,0.753075604678,0.423929015485,1.25418697334,0.378668618358,4.11398379732,3.3282649214,1.24344386851,4.11398379732,0.466214717439,0.529296575027,13785,0.0282859745888,0.117680195885,144,143,143,0.993055555556,0,0.0902777777778,0.791666666667,0.111111111111,-149,-0.00723581973582,0.0286958956656,-2.06944444444,-0.314879281303,-1.04312253937,-1.67563794964,-0.00170053651164,0.00176661139289,-1.66120625263,-0.0250903088628,-0.00439262845307,-0.137926899427,0.0436627856167,0.0222249177707,0.128330656064,0.0357752336969,-0.03145521162,0.0448644020642,0.117587551236,-0.03145521162,-0.0400601454564,-0.018729333168,-2432,-0.00499031484947,0.00187067622163,0.0416666666667,-0.0486111111111,0,1961,5,154,18472,0.927186761229,0.9997293933,0.000270606700222,0.0728132387707,0.997456765005,0.927186761229,0.961038961039,0.957546361602,0.926916154529,0.925,274,423,0,5,5,5
793,WLNM_dir_neg_kfold,0.903503624343,0.755079762731,00:00:19,10,80,9,17354,threshold_sweep,0.1,0.948453608247,0.652482269504,0.773109243697,276,15,147,831,0.652482269504,0.982269503546,0.0177304964539,0.347517730496,0.948453608247,0.652482269504,0.773109243697,0.872340425532,0.590228526399,0.688461538462,0.711776042306,0.63475177305,2154,1731,423,0,2154,0,1731,0,423,144,2115,0.10270979021,3.28340051934,29.375,15.4379562044,16.5234375,23.125947344,0.787266292563,0.431540583136,18.7178045265,1.27440371245,0.622363409509,10.41950078,0.709412819061,0.401704097715,1.12585631727,0.342893384662,4.14543900894,3.28340051934,1.12585631727,4.14543900894,0.506274862896,0.548025908195,16217,0.0332762894383,0.115809519663,144,144,144,1,0,0.0486111111111,0.840277777778,0.111111111111,144,0.0821678321678,3.05355639515,23.5,13.0153846154,13.3228346457,18.5170494108,0.787959549395,0.43367070528,14.9771387559,1.27465010689,0.62686334384,8.53417645893,0.726312890122,0.407538744418,1.14466266563,0.374862133691,3.85198199836,3.06791692938,1.13559421795,3.85198199836,0.419242347611,0.449462182004,8775,0.0180057618438,0.0939936678204,144,143,143,0.993055555556,0,0.0902777777778,0.791666666667,0.111111111111,144,1983,0.0962995337995,5.25823613246,27.5416666667,14.0638297872,15.6141732283,21.4084079294,0.777309818918,0.429319353393,16.9646768975,1.23192812569,0.606393931753,10.4712184622,0.760391053234,0.427148120132,1.73772112484,0.330476053388,6.66666666667,5.25823613246,1.73772112484,6.66666666667,0.463474998856,0.528306918622,13867,0.0284542335599,0.112459240269,144,144,144,1,0,0.0208333333333,0.861111111111,0.118055555556,-132,-0.00641025641026,1.97483561312,-1.83333333333,-1.37412641715,-0.909264271654,-1.71753941468,-0.00995647364536,-0.0022212297436,-1.753127629,-0.0424755867543,-0.0159694777556,0.0517176822824,0.0509782341728,0.0254440224175,0.611864807565,-0.0124173312731,2.52122765773,1.97483561312,0.611864807565,2.52122765773,-0.04279986404,-0.0197189895725,-2350,-0.00482205587839,-0.00335027939439,-0.0277777777778,0.0208333333333,0.00694444444444,1968,15,147,18462,0.930496453901,0.999188179899,0.000811820100666,0.0695035460993,0.99243570348,0.930496453901,0.96046852123,0.956717444963,0.9296846338,0.923943661972,291,423,0,5,5,5
794,WLNM_dir_neg_kfold,0.903503624343,0.755079762731,00:00:19,10,80,9,17354,threshold_sweep,0.2,0.958333333333,0.652482269504,0.776371308017,276,12,147,834,0.652482269504,0.985815602837,0.0141843971631,0.347517730496,0.958333333333,0.652482269504,0.776371308017,0.874704491726,0.591016548463,0.693641618497,0.718369713916,0.63829787234,2154,1731,423,0,2154,0,1731,0,423,144,2115,0.10270979021,3.28340051934,29.375,15.4379562044,16.5234375,23.125947344,0.787266292563,0.431540583136,18.7178045265,1.27440371245,0.622363409509,10.41950078,0.709412819061,0.401704097715,1.12585631727,0.342893384662,4.14543900894,3.28340051934,1.12585631727,4.14543900894,0.506274862896,0.548025908195,16217,0.0332762894383,0.115809519663,144,144,144,1,0,0.0486111111111,0.840277777778,0.111111111111,144,0.0821678321678,3.05355639515,23.5,13.0153846154,13.3228346457,18.5170494108,0.787959549395,0.43367070528,14.9771387559,1.27465010689,0.62686334384,8.53417645893,0.726312890122,0.407538744418,1.14466266563,0.374862133691,3.85198199836,3.06791692938,1.13559421795,3.85198199836,0.419242347611,0.449462182004,8775,0.0180057618438,0.0939936678204,144,143,143,0.993055555556,0,0.0902777777778,0.791666666667,0.111111111111,144,1980,0.0961538461538,5.27418626035,27.5,14.0425531915,15.5905511811,21.3989738987,0.778144505406,0.429608585859,16.9777723876,1.23474708273,0.607744107744,10.4630552171,0.760949470333,0.427469135802,1.75717754766,0.33316562232,7.66666666667,5.27418626035,1.75717754766,7.66666666667,0.46390657606,0.528381780728,13851,0.0284214025411,0.112455543269,144,144,144,1,0,0.0208333333333,0.861111111111,0.118055555556,-135,-0.00655594405594,1.99078574101,-1.875,-1.39540301289,-0.932886318898,-1.72697344537,-0.00912178715687,-0.00193199727774,-1.74003213895,-0.0396566297115,-0.0146193017647,0.0435544371176,0.0515366512718,0.0257650380877,0.631321230386,-0.0097277623417,3.52122765773,1.99078574101,0.631321230386,3.52122765773,-0.0423682868358,-0.019644127467,-2366,-0.00485488689714,-0.00335397639384,-0.0277777777778,0.0208333333333,0.00694444444444,1968,12,147,18465,0.930496453901,0.999350543919,0.000649456080533,0.0695035460993,0.993939393939,0.930496453901,0.961172161172,0.957531988384,0.92984699782,0.925246826516,288,423,0,5,5,5
795,WLNM_dir_neg_kfold,0.903503624343,0.755079762731,00:00:19,10,80,9,17354,threshold_sweep,0.3,0.975177304965,0.65011820331,0.780141843972,275,7,148,839,0.65011820331,0.991725768322,0.00827423167849,0.34988179669,0.975177304965,0.65011820331,0.780141843972,0.877856579984,0.592592592593,0.700193423598,0.727782655475,0.641843971631,2154,1731,423,0,2154,0,1731,0,423,144,2115,0.10270979021,3.28340051934,29.375,15.4379562044,16.5234375,23.125947344,0.787266292563,0.431540583136,18.7178045265,1.27440371245,0.622363409509,10.41950078,0.709412819061,0.401704097715,1.12585631727,0.342893384662,4.14543900894,3.28340051934,1.12585631727,4.14543900894,0.506274862896,0.548025908195,16217,0.0332762894383,0.115809519663,144,144,144,1,0,0.0486111111111,0.840277777778,0.111111111111,144,0.0821678321678,3.05355639515,23.5,13.0153846154,13.3228346457,18.5170494108,0.787959549395,0.43367070528,14.9771387559,1.27465010689,0.62686334384,8.53417645893,0.726312890122,0.407538744418,1.14466266563,0.374862133691,3.85198199836,3.06791692938,1.13559421795,3.85198199836,0.419242347611,0.449462182004,8775,0.0180057618438,0.0939936678204,144,143,143,0.993055555556,0,0.0902777777778,0.791666666667,0.111111111111,144,1974,0.0958624708625,4.30683654224,27.4166666667,14.3043478261,15.5433070866,21.4213474337,0.781325742262,0.431153608015,17.0087904052,1.24076282591,0.611800630418,10.3942392598,0.758242377615,0.426777271192,1.52669471888,0.354481695301,5.00095867346,4.30683654224,1.52669471888,5.00095867346,0.464905520166,0.529596366791,13838,0.0283947273384,0.11462971665,144,144,144,1,0,0.0416666666667,0.840277777778,0.118055555556,-141,-0.00684731934732,1.0234360229,-1.95833333333,-1.13360837829,-0.980130413386,-1.70459991037,-0.00594055030153,-0.000386975121018,-1.70901412131,-0.0336408865319,-0.0105627790911,-0.025261520144,0.0488295585546,0.0250731734774,0.400838401603,0.0115883106399,0.855519664521,1.0234360229,0.400838401603,0.855519664521,-0.0413693427298,-0.018429541404,-2379,-0.00488156209987,-0.00117980301305,-0.00694444444444,0,0.00694444444444,1967,7,148,18470,0.930023640662,0.99962115062,0.000378849380311,0.0699763593381,0.996453900709,0.930023640662,0.962093421374,0.95862305239,0.929644791282,0.926955702168,282,423,0,5,5,5
796,WLNM_dir_neg_kfold,0.903503624343,0.755079762731,00:00:19,10,80,9,17354,threshold_sweep,0.4,0.975177304965,0.65011820331,0.780141843972,275,7,148,839,0.65011820331,0.991725768322,0.00827423167849,0.34988179669,0.975177304965,0.65011820331,0.780141843972,0.877856579984,0.592592592593,0.700193423598,0.727782655475,0.641843971631,2154,1731,423,0,2154,0,1731,0,423,144,2115,0.10270979021,3.28340051934,29.375,15.4379562044,16.5234375,23.125947344,0.787266292563,0.431540583136,18.7178045265,1.27440371245,0.622363409509,10.41950078,0.709412819061,0.401704097715,1.12585631727,0.342893384662,4.14543900894,3.28340051934,1.12585631727,4.14543900894,0.506274862896,0.548025908195,16217,0.0332762894383,0.115809519663,144,144,144,1,0,0.0486111111111,0.840277777778,0.111111111111,144,0.0821678321678,3.05355639515,23.5,13.0153846154,13.3228346457,18.5170494108,0.787959549395,0.43367070528,14.9771387559,1.27465010689,0.62686334384,8.53417645893,0.726312890122,0.407538744418,1.14466266563,0.374862133691,3.85198199836,3.06791692938,1.13559421795,3.85198199836,0.419242347611,0.449462182004,8775,0.0180057618438,0.0939936678204,144,143,143,0.993055555556,0,0.0902777777778,0.791666666667,0.111111111111,144,1974,0.0958624708625,4.30683654224,27.4166666667,14.3043478261,15.5433070866,21.4213474337,0.781325742262,0.431153608015,17.0087904052,1.24076282591,0.611800630418,10.3942392598,0.758242377615,0.426777271192,1.52669471888,0.354481695301,5.00095867346,4.30683654224,1.52669471888,5.00095867346,0.464905520166,0.529596366791,13838,0.0283947273384,0.11462971665,144,144,144,1,0,0.0416666666667,0.840277777778,0.118055555556,-141,-0.00684731934732,1.0234360229,-1.95833333333,-1.13360837829,-0.980130413386,-1.70459991037,-0.00594055030153,-0.000386975121018,-1.70901412131,-0.0336408865319,-0.0105627790911,-0.025261520144,0.0488295585546,0.0250731734774,0.400838401603,0.0115883106399,0.855519664521,1.0234360229,0.400838401603,0.855519664521,-0.0413693427298,-0.018429541404,-2379,-0.00488156209987,-0.00117980301305,-0.00694444444444,0,0.00694444444444,1967,7,148,18470,0.930023640662,0.99962115062,0.000378849380311,0.0699763593381,0.996453900709,0.930023640662,0.962093421374,0.95862305239,0.929644791282,0.926955702168,282,423,0,5,5,5
797,WLNM_dir_neg_kfold,0.903503624343,0.755079762731,00:00:19,10,80,9,17354,threshold_sweep,0.5,0.975088967972,0.647754137116,0.778409090909,274,7,149,839,0.647754137116,0.991725768322,0.00827423167849,0.352245862884,0.975088967972,0.647754137116,0.778409090909,0.87706855792,0.592855266614,0.698064516129,0.726023427805,0.639479905437,2154,1731,423,0,2154,0,1731,0,423,144,2115,0.10270979021,3.28340051934,29.375,15.4379562044,16.5234375,23.125947344,0.787266292563,0.431540583136,18.7178045265,1.27440371245,0.622363409509,10.41950078,0.709412819061,0.401704097715,1.12585631727,0.342893384662,4.14543900894,3.28340051934,1.12585631727,4.14543900894,0.506274862896,0.548025908195,16217,0.0332762894383,0.115809519663,144,144,144,1,0,0.0486111111111,0.840277777778,0.111111111111,144,0.0821678321678,3.05355639515,23.5,13.0153846154,13.3228346457,18.5170494108,0.787959549395,0.43367070528,14.9771387559,1.27465010689,0.62686334384,8.53417645893,0.726312890122,0.407538744418,1.14466266563,0.374862133691,3.85198199836,3.06791692938,1.13559421795,3.85198199836,0.419242347611,0.449462182004,8775,0.0180057618438,0.0939936678204,144,143,143,0.993055555556,0,0.0902777777778,0.791666666667,0.111111111111,144,1973,0.0958139083139,4.30646070418,27.4027777778,14.2971014493,15.5354330709,21.4095330196,0.781290611968,0.43113631244,17.0035289883,1.24100769099,0.611860815453,10.391012699,0.758391195466,0.426792954891,1.52631439874,0.354424318155,5,4.30646070418,1.52631439874,5,0.464513127116,0.528652252206,13798,0.0283126497915,0.114610323159,144,144,144,1,0,0.0416666666667,0.840277777778,0.118055555556,-142,-0.00689588189588,1.02306018484,-1.97222222222,-1.1408547551,-0.988004429134,-1.71641432443,-0.00597568059535,-0.000404270696164,-1.71427553819,-0.033396021456,-0.0105025940557,-0.0284880809621,0.0489783764055,0.0250888571763,0.400458081462,0.011530933493,0.854560991061,1.02306018484,0.400458081462,0.854560991061,-0.0417617357798,-0.0193736559886,-2419,-0.00496363964674,-0.00119919650425,-0.00694444444444,0,0.00694444444444,1966,7,149,18470,0.929550827423,0.99962115062,0.000378849380311,0.0704491725768,0.996452103396,0.929550827423,0.961839530333,0.958352545098,0.929171978043,0.926484448633,281,423,0,5,5,5
798,WLNM_dir_neg_kfold,0.903503624343,0.755079762731,00:00:19,10,80,9,17354,threshold_sweep,0.6,0.975088967972,0.647754137116,0.778409090909,274,7,149,839,0.647754137116,0.991725768322,0.00827423167849,0.352245862884,0.975088967972,0.647754137116,0.778409090909,0.87706855792,0.592855266614,0.698064516129,0.726023427805,0.639479905437,2154,1731,423,0,2154,0,1731,0,423,144,2115,0.10270979021,3.28340051934,29.375,15.4379562044,16.5234375,23.125947344,0.787266292563,0.431540583136,18.7178045265,1.27440371245,0.622363409509,10.41950078,0.709412819061,0.401704097715,1.12585631727,0.342893384662,4.14543900894,3.28340051934,1.12585631727,4.14543900894,0.506274862896,0.548025908195,16217,0.0332762894383,0.115809519663,144,144,144,1,0,0.0486111111111,0.840277777778,0.111111111111,144,0.0821678321678,3.05355639515,23.5,13.0153846154,13.3228346457,18.5170494108,0.787959549395,0.43367070528,14.9771387559,1.27465010689,0.62686334384,8.53417645893,0.726312890122,0.407538744418,1.14466266563,0.374862133691,3.85198199836,3.06791692938,1.13559421795,3.85198199836,0.419242347611,0.449462182004,8775,0.0180057618438,0.0939936678204,144,143,143,0.993055555556,0,0.0902777777778,0.791666666667,0.111111111111,144,1973,0.0958139083139,4.30646070418,27.4027777778,14.2971014493,15.5354330709,21.4095330196,0.781290611968,0.43113631244,17.0035289883,1.24100769099,0.611860815453,10.391012699,0.758391195466,0.426792954891,1.52631439874,0.354424318155,5,4.30646070418,1.52631439874,5,0.464513127116,0.528652252206,13798,0.0283126497915,0.114610323159,144,144,144,1,0,0.0416666666667,0.840277777778,0.118055555556,-142,-0.00689588189588,1.02306018484,-1.97222222222,-1.1408547551,-0.988004429134,-1.71641432443,-0.00597568059535,-0.000404270696164,-1.71427553819,-0.033396021456,-0.0105025940557,-0.0284880809621,0.0489783764055,0.0250888571763,0.400458081462,0.011530933493,0.854560991061,1.02306018484,0.400458081462,0.854560991061,-0.0417617357798,-0.0193736559886,-2419,-0.00496363964674,-0.00119919650425,-0.00694444444444,0,0.00694444444444,1966,7,149,18470,0.929550827423,0.99962115062,0.000378849380311,0.0704491725768,0.996452103396,0.929550827423,0.961839530333,0.958352545098,0.929171978043,0.926484448633,281,423,0,5,5,5
799,WLNM_dir_neg_kfold,0.903503624343,0.755079762731,00:00:19,10,80,9,17354,threshold_sweep,0.7,0.975,0.645390070922,0.77667140825,273,7,150,839,0.645390070922,0.991725768322,0.00827423167849,0.354609929078,0.975,0.645390070922,0.77667140825,0.876280535855,0.593117940636,0.69593285991,0.72426351142,0.637115839243,2154,1731,423,0,2154,0,1731,0,423,144,2115,0.10270979021,3.28340051934,29.375,15.4379562044,16.5234375,23.125947344,0.787266292563,0.431540583136,18.7178045265,1.27440371245,0.622363409509,10.41950078,0.709412819061,0.401704097715,1.12585631727,0.342893384662,4.14543900894,3.28340051934,1.12585631727,4.14543900894,0.506274862896,0.548025908195,16217,0.0332762894383,0.115809519663,144,144,144,1,0,0.0486111111111,0.840277777778,0.111111111111,144,0.0821678321678,3.05355639515,23.5,13.0153846154,13.3228346457,18.5170494108,0.787959549395,0.43367070528,14.9771387559,1.27465010689,0.62686334384,8.53417645893,0.726312890122,0.407538744418,1.14466266563,0.374862133691,3.85198199836,3.06791692938,1.13559421795,3.85198199836,0.419242347611,0.449462182004,8775,0.0180057618438,0.0939936678204,144,143,143,0.993055555556,0,0.0902777777778,0.791666666667,0.111111111111,144,1972,0.0957653457653,4.28963789022,27.3888888889,14.3941605839,15.5275590551,21.418282208,0.782006246946,0.431506366915,17.0089560028,1.24203329838,0.612632409286,10.3884536347,0.758588906387,0.426857955826,1.54467364433,0.360094181341,5,4.28963789022,1.54467364433,5,0.465920629143,0.528834606638,13798,0.0283126497915,0.11542103815,144,144,144,1,0,0.0486111111111,0.833333333333,0.118055555556,-143,-0.00694444444444,1.00623737089,-1.98611111111,-1.04379562044,-0.995878444882,-1.70766513601,-0.00526004561683,-3.42162217459e-05,-1.70884852376,-0.0323704140676,-0.00973100022325,-0.0310471452721,0.0491760873258,0.0251538581113,0.418817327054,0.0172007966793,0.854560991061,1.00623737089,0.418817327054,0.854560991061,-0.0403542337531,-0.0191913015567,-2419,-0.00496363964674,-0.000388481513451,0,-0.00694444444444,0.00694444444444,1965,7,150,18470,0.929078014184,0.99962115062,0.000378849380311,0.0709219858156,0.99645030426,0.929078014184,0.961585515048,0.958081990503,0.928699164804,0.926013195099,280,423,0,5,5,5
800,WLNM_dir_neg_kfold,0.903503624343,0.755079762731,00:00:19,10,80,9,17354,threshold_sweep,0.8,0.985347985348,0.635933806147,0.772988505747,269,4,154,842,0.635933806147,0.995271867612,0.00472813238771,0.364066193853,0.985347985348,0.635933806147,0.772988505747,0.87549251379,0.594956658786,0.692607003891,0.724127876129,0.631205673759,2154,1731,423,0,2154,0,1731,0,423,144,2115,0.10270979021,3.28340051934,29.375,15.4379562044,16.5234375,23.125947344,0.787266292563,0.431540583136,18.7178045265,1.27440371245,0.622363409509,10.41950078,0.709412819061,0.401704097715,1.12585631727,0.342893384662,4.14543900894,3.28340051934,1.12585631727,4.14543900894,0.506274862896,0.548025908195,16217,0.0332762894383,0.115809519663,144,144,144,1,0,0.0486111111111,0.840277777778,0.111111111111,144,0.0821678321678,3.05355639515,23.5,13.0153846154,13.3228346457,18.5170494108,0.787959549395,0.43367070528,14.9771387559,1.27465010689,0.62686334384,8.53417645893,0.726312890122,0.407538744418,1.14466266563,0.374862133691,3.85198199836,3.06791692938,1.13559421795,3.85198199836,0.419242347611,0.449462182004,8775,0.0180057618438,0.0939936678204,144,143,143,0.993055555556,0,0.0902777777778,0.791666666667,0.111111111111,144,1965,0.0954254079254,3.31725041528,27.2916666667,15.1153846154,15.4724409449,21.4436568612,0.78572177812,0.43318490246,17.0468169619,1.24923238805,0.617857647724,10.3088452413,0.755457361197,0.425293327679,1.25811754556,0.379265170867,4.12036147791,3.33345496364,1.24736834518,4.12036147791,0.467913388094,0.530470914127,13788,0.0282921304048,0.117615508908,144,143,143,0.993055555556,0,0.0902777777778,0.791666666667,0.111111111111,-150,-0.00728438228438,0.0338498959487,-2.08333333333,-0.322571588995,-1.05099655512,-1.68229048285,-0.00154451444326,0.00164431932338,-1.67098756467,-0.0251713243998,-0.00450576178474,-0.110655538621,0.0460445421362,0.0235892299641,0.132261228287,0.0363717862056,-0.025077531033,0.0500544443073,0.121512027905,-0.025077531033,-0.0383614748016,-0.0175549940675,-2429,-0.00498415903345,0.00180598924516,0.0416666666667,-0.0486111111111,0,1961,4,154,18473,0.927186761229,0.99978351464,0.000216485360178,0.0728132387707,0.99796437659,0.927186761229,0.961274509804,0.957820193536,0.926970275869,0.925436526664,273,423,0,5,5,5
801,WLNM_dir_neg_kfold,0.903503624343,0.755079762731,00:00:19,10,80,9,17354,threshold_sweep,0.9,0.985185185185,0.628841607565,0.767676767677,266,4,157,842,0.628841607565,0.995271867612,0.00472813238771,0.371158392435,0.985185185185,0.628841607565,0.767676767677,0.873128447597,0.595744680851,0.686159844055,0.718876519381,0.624113475177,2154,1731,423,0,2154,0,1731,0,423,144,2115,0.10270979021,3.28340051934,29.375,15.4379562044,16.5234375,23.125947344,0.787266292563,0.431540583136,18.7178045265,1.27440371245,0.622363409509,10.41950078,0.709412819061,0.401704097715,1.12585631727,0.342893384662,4.14543900894,3.28340051934,1.12585631727,4.14543900894,0.506274862896,0.548025908195,16217,0.0332762894383,0.115809519663,144,144,144,1,0,0.0486111111111,0.840277777778,0.111111111111,144,0.0821678321678,3.05355639515,23.5,13.0153846154,13.3228346457,18.5170494108,0.787959549395,0.43367070528,14.9771387559,1.27465010689,0.62686334384,8.53417645893,0.726312890122,0.407538744418,1.14466266563,0.374862133691,3.85198199836,3.06791692938,1.13559421795,3.85198199836,0.419242347611,0.449462182004,8775,0.0180057618438,0.0939936678204,144,143,143,0.993055555556,0,0.0902777777778,0.791666666667,0.111111111111,144,1962,0.0952797202797,3.32508310545,27.25,15.0923076923,15.4488188976,21.4500558299,0.787158012106,0.433843725224,17.0527257219,1.25157619977,0.618501529052,10.2982617856,0.755835727382,0.425515347151,1.26331120468,0.379933723343,4.13094761856,3.34134242786,1.25254045465,4.13094761856,0.468447098585,0.530878630985,13774,0.0282634032634,0.117375006757,144,143,143,0.993055555556,0,0.0902777777778,0.791666666667,0.111111111111,-153,-0.00743006993007,0.0416825861104,-2.125,-0.345648512072,-1.07461860236,-1.67589151416,-0.000108280457535,0.00230314208737,-1.66507880466,-0.0228275126746,-0.00386188045681,-0.121238994383,0.0464229083207,0.0238112494367,0.137454887401,0.037040338681,-0.014491390378,0.0579419085261,0.126684137378,-0.014491390378,-0.0378277643112,-0.0171472772096,-2443,-0.00501288617486,0.00156548709422,0.0416666666667,-0.0486111111111,0,1958,4,157,18473,0.925768321513,0.99978351464,0.000216485360178,0.074231678487,0.997961264016,0.925768321513,0.960510179053,0.957008363124,0.925551836153,0.924020764512,270,423,0,5,5,5
802,WLNM_dir_neg_kfold,0.834582432138,0.355711428152,00:00:19,10,80,10,17355,threshold_sweep,0.1,0.95818815331,0.65011820331,0.774647887324,275,12,148,834,0.65011820331,0.985815602837,0.0141843971631,0.34988179669,0.95818815331,0.65011820331,0.774647887324,0.873916469661,0.591279222485,0.691516709512,0.716589739749,0.635933806147,2154,1731,423,0,2154,0,1731,0,423,144,2115,0.10270979021,3.28340051934,29.375,15.4379562044,16.5234375,23.125947344,0.787266292563,0.431540583136,18.7178045265,1.27440371245,0.622363409509,10.41950078,0.709412819061,0.401704097715,1.12585631727,0.342893384662,4.14543900894,3.28340051934,1.12585631727,4.14543900894,0.506274862896,0.548025908195,16217,0.0332762894383,0.115809519663,144,144,144,1,0,0.0486111111111,0.840277777778,0.111111111111,144,0.0821678321678,3.05355639515,23.5,13.0153846154,13.3228346457,18.5170494108,0.787959549395,0.43367070528,14.9771387559,1.27465010689,0.62686334384,8.53417645893,0.726312890122,0.407538744418,1.14466266563,0.374862133691,3.85198199836,3.06791692938,1.13559421795,3.85198199836,0.419242347611,0.449462182004,8775,0.0180057618438,0.0939936678204,144,143,143,0.993055555556,0,0.0902777777778,0.791666666667,0.111111111111,144,1979,0.0961052836053,4.433418039,27.4861111111,14.2374100719,15.5826771654,21.3593909551,0.777097599176,0.429208073662,16.9704583006,1.2348388051,0.608616164168,10.3800147727,0.755291625707,0.425379681096,1.58589942949,0.357714841132,6,4.433418039,1.58589942949,6,0.459518345415,0.527130204622,13808,0.0283331691782,0.110721182928,144,144,144,1,0,0.0347222222222,0.847222222222,0.118055555556,-136,-0.00660450660451,1.15001751967,-1.88888888889,-1.20054613244,-0.940760334646,-1.76655638892,-0.0101686933876,-0.00233250947398,-1.74734622589,-0.0395649073451,-0.0137472453406,-0.0394860072202,0.0458788066461,0.0236755833812,0.460043112219,0.0148214564704,1.85456099106,1.15001751967,0.460043112219,1.85456099106,-0.0467565174804,-0.0208957035731,-2409,-0.00494312026002,-0.0050883367348,-0.0138888888889,0.00694444444444,0.00694444444444,1967,12,148,18465,0.930023640662,0.999350543919,0.000649456080533,0.0699763593381,0.993936331481,0.930023640662,0.960918417196,0.957261151492,0.929374184581,0.924776680771,287,423,0,5,5,5
803,WLNM_dir_neg_kfold,0.834582432138,0.355711428152,00:00:19,10,80,10,17355,threshold_sweep,0.2,0.95818815331,0.65011820331,0.774647887324,275,12,148,834,0.65011820331,0.985815602837,0.0141843971631,0.34988179669,0.95818815331,0.65011820331,0.774647887324,0.873916469661,0.591279222485,0.691516709512,0.716589739749,0.635933806147,2154,1731,423,0,2154,0,1731,0,423,144,2115,0.10270979021,3.28340051934,29.375,15.4379562044,16.5234375,23.125947344,0.787266292563,0.431540583136,18.7178045265,1.27440371245,0.622363409509,10.41950078,0.709412819061,0.401704097715,1.12585631727,0.342893384662,4.14543900894,3.28340051934,1.12585631727,4.14543900894,0.506274862896,0.548025908195,16217,0.0332762894383,0.115809519663,144,144,144,1,0,0.0486111111111,0.840277777778,0.111111111111,144,0.0821678321678,3.05355639515,23.5,13.0153846154,13.3228346457,18.5170494108,0.787959549395,0.43367070528,14.9771387559,1.27465010689,0.62686334384,8.53417645893,0.726312890122,0.407538744418,1.14466266563,0.374862133691,3.85198199836,3.06791692938,1.13559421795,3.85198199836,0.419242347611,0.449462182004,8775,0.0180057618438,0.0939936678204,144,143,143,0.993055555556,0,0.0902777777778,0.791666666667,0.111111111111,144,1979,0.0961052836053,4.433418039,27.4861111111,14.2374100719,15.5826771654,21.3593909551,0.777097599176,0.429208073662,16.9704583006,1.2348388051,0.608616164168,10.3800147727,0.755291625707,0.425379681096,1.58589942949,0.357714841132,6,4.433418039,1.58589942949,6,0.459518345415,0.527130204622,13808,0.0283331691782,0.110721182928,144,144,144,1,0,0.0347222222222,0.847222222222,0.118055555556,-136,-0.00660450660451,1.15001751967,-1.88888888889,-1.20054613244,-0.940760334646,-1.76655638892,-0.0101686933876,-0.00233250947398,-1.74734622589,-0.0395649073451,-0.0137472453406,-0.0394860072202,0.0458788066461,0.0236755833812,0.460043112219,0.0148214564704,1.85456099106,1.15001751967,0.460043112219,1.85456099106,-0.0467565174804,-0.0208957035731,-2409,-0.00494312026002,-0.0050883367348,-0.0138888888889,0.00694444444444,0.00694444444444,1967,12,148,18465,0.930023640662,0.999350543919,0.000649456080533,0.0699763593381,0.993936331481,0.930023640662,0.960918417196,0.957261151492,0.929374184581,0.924776680771,287,423,0,5,5,5
804,WLNM_dir_neg_kfold,0.834582432138,0.355711428152,00:00:19,10,80,10,17355,threshold_sweep,0.3,0.975088967972,0.647754137116,0.778409090909,274,7,149,839,0.647754137116,0.991725768322,0.00827423167849,0.352245862884,0.975088967972,0.647754137116,0.778409090909,0.87706855792,0.592855266614,0.698064516129,0.726023427805,0.639479905437,2154,1731,423,0,2154,0,1731,0,423,144,2115,0.10270979021,3.28340051934,29.375,15.4379562044,16.5234375,23.125947344,0.787266292563,0.431540583136,18.7178045265,1.27440371245,0.622363409509,10.41950078,0.709412819061,0.401704097715,1.12585631727,0.342893384662,4.14543900894,3.28340051934,1.12585631727,4.14543900894,0.506274862896,0.548025908195,16217,0.0332762894383,0.115809519663,144,144,144,1,0,0.0486111111111,0.840277777778,0.111111111111,144,0.0821678321678,3.05355639515,23.5,13.0153846154,13.3228346457,18.5170494108,0.787959549395,0.43367070528,14.9771387559,1.27465010689,0.62686334384,8.53417645893,0.726312890122,0.407538744418,1.14466266563,0.374862133691,3.85198199836,3.06791692938,1.13559421795,3.85198199836,0.419242347611,0.449462182004,8775,0.0180057618438,0.0939936678204,144,143,143,0.993055555556,0,0.0902777777778,0.791666666667,0.111111111111,144,1973,0.0958139083139,3.18990859704,27.4027777778,14.6148148148,15.5354330709,21.3899262102,0.78057510752,0.430763220139,17.0010612014,1.24082757881,0.612670355353,10.3377100852,0.754500888124,0.424814861745,1.13655113824,0.356295832204,4.01151654129,3.18990859704,1.13655113824,4.01151654129,0.462084081393,0.528256374914,13797,0.0283105978529,0.114455899416,144,144,144,1,0,0.0625,0.819444444444,0.118055555556,-142,-0.00689588189588,-0.0934919222939,-1.97222222222,-0.823141389565,-0.988004429134,-1.73602113382,-0.00669118504348,-0.000777362997791,-1.71674332514,-0.0335761336307,-0.00969305415598,-0.0817906947506,0.0450880690636,0.0231107640299,0.0106948209617,0.013402447542,-0.133922467647,-0.0934919222939,0.0106948209617,-0.133922467647,-0.0441907815026,-0.019769533281,-2420,-0.00496569158541,-0.00135362024707,0.0138888888889,-0.0208333333333,0.00694444444444,1966,7,149,18470,0.929550827423,0.99962115062,0.000378849380311,0.0704491725768,0.996452103396,0.929550827423,0.961839530333,0.958352545098,0.929171978043,0.926484448633,281,423,0,5,5,5
805,WLNM_dir_neg_kfold,0.834582432138,0.355711428152,00:00:19,10,80,10,17355,threshold_sweep,0.4,0.978571428571,0.647754137116,0.779516358464,274,6,149,840,0.647754137116,0.992907801418,0.00709219858156,0.352245862884,0.978571428571,0.647754137116,0.779516358464,0.877856579984,0.593117940636,0.699806326662,0.728294662689,0.640661938534,2154,1731,423,0,2154,0,1731,0,423,144,2115,0.10270979021,3.28340051934,29.375,15.4379562044,16.5234375,23.125947344,0.787266292563,0.431540583136,18.7178045265,1.27440371245,0.622363409509,10.41950078,0.709412819061,0.401704097715,1.12585631727,0.342893384662,4.14543900894,3.28340051934,1.12585631727,4.14543900894,0.506274862896,0.548025908195,16217,0.0332762894383,0.115809519663,144,144,144,1,0,0.0486111111111,0.840277777778,0.111111111111,144,0.0821678321678,3.05355639515,23.5,13.0153846154,13.3228346457,18.5170494108,0.787959549395,0.43367070528,14.9771387559,1.27465010689,0.62686334384,8.53417645893,0.726312890122,0.407538744418,1.14466266563,0.374862133691,3.85198199836,3.06791692938,1.13559421795,3.85198199836,0.419242347611,0.449462182004,8775,0.0180057618438,0.0939936678204,144,143,143,0.993055555556,0,0.0902777777778,0.791666666667,0.111111111111,144,1972,0.0957653457653,3.19041868133,27.3888888889,14.6074074074,15.5275590551,21.3911657836,0.781016194939,0.430904186387,17.0036103849,1.241642949,0.612822571557,10.3297234088,0.75430028949,0.424688697318,1.13688482871,0.356343459047,4.01226367948,3.19041868133,1.13688482871,4.01226367948,0.462549714175,0.528402125051,13792,0.0283003381595,0.114687651097,144,144,144,1,0,0.0625,0.819444444444,0.118055555556,-143,-0.00694444444444,-0.0929818380055,-1.98611111111,-0.830548796972,-0.995878444882,-1.73478156043,-0.00625009762398,-0.000636396749129,-1.7141941416,-0.0327607634436,-0.00954083795144,-0.0897773711133,0.0448874704287,0.0229845996033,0.0110285114382,0.0134500743852,-0.133175329455,-0.0929818380055,0.0110285114382,-0.133175329455,-0.0437251487205,-0.0196237831438,-2425,-0.00497595127877,-0.00112186856612,0.0138888888889,-0.0208333333333,0.00694444444444,1966,6,149,18471,0.929550827423,0.99967527196,0.000324728040266,0.0704491725768,0.996957403651,0.929550827423,0.962074871544,0.958625596602,0.929226099383,0.926921263555,280,423,0,5,5,5
806,WLNM_dir_neg_kfold,0.834582432138,0.355711428152,00:00:19,10,80,10,17355,threshold_sweep,0.5,0.978571428571,0.647754137116,0.779516358464,274,6,149,840,0.647754137116,0.992907801418,0.00709219858156,0.352245862884,0.978571428571,0.647754137116,0.779516358464,0.877856579984,0.593117940636,0.699806326662,0.728294662689,0.640661938534,2154,1731,423,0,2154,0,1731,0,423,144,2115,0.10270979021,3.28340051934,29.375,15.4379562044,16.5234375,23.125947344,0.787266292563,0.431540583136,18.7178045265,1.27440371245,0.622363409509,10.41950078,0.709412819061,0.401704097715,1.12585631727,0.342893384662,4.14543900894,3.28340051934,1.12585631727,4.14543900894,0.506274862896,0.548025908195,16217,0.0332762894383,0.115809519663,144,144,144,1,0,0.0486111111111,0.840277777778,0.111111111111,144,0.0821678321678,3.05355639515,23.5,13.0153846154,13.3228346457,18.5170494108,0.787959549395,0.43367070528,14.9771387559,1.27465010689,0.62686334384,8.53417645893,0.726312890122,0.407538744418,1.14466266563,0.374862133691,3.85198199836,3.06791692938,1.13559421795,3.85198199836,0.419242347611,0.449462182004,8775,0.0180057618438,0.0939936678204,144,143,143,0.993055555556,0,0.0902777777778,0.791666666667,0.111111111111,144,1972,0.0957653457653,3.19041868133,27.3888888889,14.6074074074,15.5275590551,21.3911657836,0.781016194939,0.430904186387,17.0036103849,1.241642949,0.612822571557,10.3297234088,0.75430028949,0.424688697318,1.13688482871,0.356343459047,4.01226367948,3.19041868133,1.13688482871,4.01226367948,0.462549714175,0.528402125051,13792,0.0283003381595,0.114687651097,144,144,144,1,0,0.0625,0.819444444444,0.118055555556,-143,-0.00694444444444,-0.0929818380055,-1.98611111111,-0.830548796972,-0.995878444882,-1.73478156043,-0.00625009762398,-0.000636396749129,-1.7141941416,-0.0327607634436,-0.00954083795144,-0.0897773711133,0.0448874704287,0.0229845996033,0.0110285114382,0.0134500743852,-0.133175329455,-0.0929818380055,0.0110285114382,-0.133175329455,-0.0437251487205,-0.0196237831438,-2425,-0.00497595127877,-0.00112186856612,0.0138888888889,-0.0208333333333,0.00694444444444,1966,6,149,18471,0.929550827423,0.99967527196,0.000324728040266,0.0704491725768,0.996957403651,0.929550827423,0.962074871544,0.958625596602,0.929226099383,0.926921263555,280,423,0,5,5,5
807,WLNM_dir_neg_kfold,0.834582432138,0.355711428152,00:00:19,10,80,10,17355,threshold_sweep,0.6,0.978571428571,0.647754137116,0.779516358464,274,6,149,840,0.647754137116,0.992907801418,0.00709219858156,0.352245862884,0.978571428571,0.647754137116,0.779516358464,0.877856579984,0.593117940636,0.699806326662,0.728294662689,0.640661938534,2154,1731,423,0,2154,0,1731,0,423,144,2115,0.10270979021,3.28340051934,29.375,15.4379562044,16.5234375,23.125947344,0.787266292563,0.431540583136,18.7178045265,1.27440371245,0.622363409509,10.41950078,0.709412819061,0.401704097715,1.12585631727,0.342893384662,4.14543900894,3.28340051934,1.12585631727,4.14543900894,0.506274862896,0.548025908195,16217,0.0332762894383,0.115809519663,144,144,144,1,0,0.0486111111111,0.840277777778,0.111111111111,144,0.0821678321678,3.05355639515,23.5,13.0153846154,13.3228346457,18.5170494108,0.787959549395,0.43367070528,14.9771387559,1.27465010689,0.62686334384,8.53417645893,0.726312890122,0.407538744418,1.14466266563,0.374862133691,3.85198199836,3.06791692938,1.13559421795,3.85198199836,0.419242347611,0.449462182004,8775,0.0180057618438,0.0939936678204,144,143,143,0.993055555556,0,0.0902777777778,0.791666666667,0.111111111111,144,1972,0.0957653457653,3.19041868133,27.3888888889,14.6074074074,15.5275590551,21.3911657836,0.781016194939,0.430904186387,17.0036103849,1.241642949,0.612822571557,10.3297234088,0.75430028949,0.424688697318,1.13688482871,0.356343459047,4.01226367948,3.19041868133,1.13688482871,4.01226367948,0.462549714175,0.528402125051,13792,0.0283003381595,0.114687651097,144,144,144,1,0,0.0625,0.819444444444,0.118055555556,-143,-0.00694444444444,-0.0929818380055,-1.98611111111,-0.830548796972,-0.995878444882,-1.73478156043,-0.00625009762398,-0.000636396749129,-1.7141941416,-0.0327607634436,-0.00954083795144,-0.0897773711133,0.0448874704287,0.0229845996033,0.0110285114382,0.0134500743852,-0.133175329455,-0.0929818380055,0.0110285114382,-0.133175329455,-0.0437251487205,-0.0196237831438,-2425,-0.00497595127877,-0.00112186856612,0.0138888888889,-0.0208333333333,0.00694444444444,1966,6,149,18471,0.929550827423,0.99967527196,0.000324728040266,0.0704491725768,0.996957403651,0.929550827423,0.962074871544,0.958625596602,0.929226099383,0.926921263555,280,423,0,5,5,5
808,WLNM_dir_neg_kfold,0.834582432138,0.355711428152,00:00:19,10,80,10,17355,threshold_sweep,0.7,0.981684981685,0.633569739953,0.770114942529,268,5,155,841,0.633569739953,0.994089834515,0.00591016548463,0.366430260047,0.981684981685,0.633569739953,0.770114942529,0.873916469661,0.594956658786,0.688715953307,0.720059741994,0.627659574468,2154,1731,423,0,2154,0,1731,0,423,144,2115,0.10270979021,3.28340051934,29.375,15.4379562044,16.5234375,23.125947344,0.787266292563,0.431540583136,18.7178045265,1.27440371245,0.622363409509,10.41950078,0.709412819061,0.401704097715,1.12585631727,0.342893384662,4.14543900894,3.28340051934,1.12585631727,4.14543900894,0.506274862896,0.548025908195,16217,0.0332762894383,0.115809519663,144,144,144,1,0,0.0486111111111,0.840277777778,0.111111111111,144,0.0821678321678,3.05355639515,23.5,13.0153846154,13.3228346457,18.5170494108,0.787959549395,0.43367070528,14.9771387559,1.27465010689,0.62686334384,8.53417645893,0.726312890122,0.407538744418,1.14466266563,0.374862133691,3.85198199836,3.06791692938,1.13559421795,3.85198199836,0.419242347611,0.449462182004,8775,0.0180057618438,0.0939936678204,144,143,143,0.993055555556,0,0.0902777777778,0.791666666667,0.111111111111,144,1965,0.0954254079254,3.13450783848,27.2916666667,15.1153846154,15.4724409449,21.4430046298,0.785697879564,0.433280322307,17.038200088,1.24860092248,0.617278060503,10.2979859189,0.754661563523,0.424939920837,1.16874331146,0.372863419613,3.93121020099,3.14943446672,1.15899552187,3.93121020099,0.467397904375,0.529716854278,13788,0.0282921304048,0.117329332958,144,143,143,0.993055555556,0,0.0902777777778,0.791666666667,0.111111111111,-150,-0.00728438228438,-0.148892680855,-2.08333333333,-0.322571588995,-1.05099655512,-1.68294271427,-0.00156841299897,0.00173973917071,-1.67960443857,-0.0258027899679,-0.00508534900555,-0.121514861048,0.0452487444622,0.0232358231221,0.0428869941845,0.0299700349513,-0.214228807944,-0.133966052614,0.0331392045908,-0.214228807944,-0.0388769585205,-0.018309053917,-2429,-0.00498415903345,0.00151981329472,0.0416666666667,-0.0486111111111,0,1960,5,155,18472,0.926713947991,0.9997293933,0.000270606700222,0.0732860520095,0.997455470738,0.926713947991,0.960784313725,0.957275722377,0.92644334129,0.924528301887,273,423,0,5,5,5
809,WLNM_dir_neg_kfold,0.834582432138,0.355711428152,00:00:19,10,80,10,17355,threshold_sweep,0.8,0.988929889299,0.633569739953,0.772334293948,268,3,155,843,0.633569739953,0.996453900709,0.00354609929078,0.366430260047,0.988929889299,0.633569739953,0.772334293948,0.87549251379,0.59548200683,0.692207792208,0.724706731159,0.630023640662,2154,1731,423,0,2154,0,1731,0,423,144,2115,0.10270979021,3.28340051934,29.375,15.4379562044,16.5234375,23.125947344,0.787266292563,0.431540583136,18.7178045265,1.27440371245,0.622363409509,10.41950078,0.709412819061,0.401704097715,1.12585631727,0.342893384662,4.14543900894,3.28340051934,1.12585631727,4.14543900894,0.506274862896,0.548025908195,16217,0.0332762894383,0.115809519663,144,144,144,1,0,0.0486111111111,0.840277777778,0.111111111111,144,0.0821678321678,3.05355639515,23.5,13.0153846154,13.3228346457,18.5170494108,0.787959549395,0.43367070528,14.9771387559,1.27465010689,0.62686334384,8.53417645893,0.726312890122,0.407538744418,1.14466266563,0.374862133691,3.85198199836,3.06791692938,1.13559421795,3.85198199836,0.419242347611,0.449462182004,8775,0.0180057618438,0.0939936678204,144,143,143,0.993055555556,0,0.0902777777778,0.791666666667,0.111111111111,144,1963,0.0953282828283,3.13113823029,27.2638888889,15.1,15.4566929134,21.439453244,0.786368127135,0.433633327673,17.042007551,1.25015236237,0.617546131205,10.2913817755,0.754945988629,0.424962500708,1.16664738989,0.372595300522,3.93045067174,3.14604129483,1.15691109582,3.93045067174,0.467915981345,0.530298949636,13783,0.0282818707114,0.117648811217,144,143,143,0.993055555556,0,0.0902777777778,0.791666666667,0.111111111111,-152,-0.00738150738151,-0.15226228905,-2.11111111111,-0.33795620438,-1.06674458661,-1.68649410008,-0.000898165428432,0.00209274453673,-1.67579697556,-0.024251350071,-0.00481727830373,-0.12811900441,0.0455331695681,0.0232584029928,0.0407910726156,0.0297019158607,-0.214988337203,-0.137359224502,0.0310547785498,-0.214988337203,-0.0383588815505,-0.0177269585585,-2434,-0.00499441872681,0.00183929155398,0.0416666666667,-0.0486111111111,0,1960,3,155,18474,0.926713947991,0.99983763598,0.000162364020133,0.0732860520095,0.998471726949,0.926713947991,0.96125551741,0.957823739914,0.92655158397,0.925401322002,271,423,0,5,5,5
810,WLNM_dir_neg_kfold,0.834582432138,0.355711428152,00:00:19,10,80,10,17355,threshold_sweep,0.9,0.988929889299,0.633569739953,0.772334293948,268,3,155,843,0.633569739953,0.996453900709,0.00354609929078,0.366430260047,0.988929889299,0.633569739953,0.772334293948,0.87549251379,0.59548200683,0.692207792208,0.724706731159,0.630023640662,2154,1731,423,0,2154,0,1731,0,423,144,2115,0.10270979021,3.28340051934,29.375,15.4379562044,16.5234375,23.125947344,0.787266292563,0.431540583136,18.7178045265,1.27440371245,0.622363409509,10.41950078,0.709412819061,0.401704097715,1.12585631727,0.342893384662,4.14543900894,3.28340051934,1.12585631727,4.14543900894,0.506274862896,0.548025908195,16217,0.0332762894383,0.115809519663,144,144,144,1,0,0.0486111111111,0.840277777778,0.111111111111,144,0.0821678321678,3.05355639515,23.5,13.0153846154,13.3228346457,18.5170494108,0.787959549395,0.43367070528,14.9771387559,1.27465010689,0.62686334384,8.53417645893,0.726312890122,0.407538744418,1.14466266563,0.374862133691,3.85198199836,3.06791692938,1.13559421795,3.85198199836,0.419242347611,0.449462182004,8775,0.0180057618438,0.0939936678204,144,143,143,0.993055555556,0,0.0902777777778,0.791666666667,0.111111111111,144,1963,0.0953282828283,3.13113823029,27.2638888889,15.1,15.4566929134,21.439453244,0.786368127135,0.433633327673,17.042007551,1.25015236237,0.617546131205,10.2913817755,0.754945988629,0.424962500708,1.16664738989,0.372595300522,3.93045067174,3.14604129483,1.15691109582,3.93045067174,0.467915981345,0.530298949636,13783,0.0282818707114,0.117648811217,144,143,143,0.993055555556,0,0.0902777777778,0.791666666667,0.111111111111,-152,-0.00738150738151,-0.15226228905,-2.11111111111,-0.33795620438,-1.06674458661,-1.68649410008,-0.000898165428432,0.00209274453673,-1.67579697556,-0.024251350071,-0.00481727830373,-0.12811900441,0.0455331695681,0.0232584029928,0.0407910726156,0.0297019158607,-0.214988337203,-0.137359224502,0.0310547785498,-0.214988337203,-0.0383588815505,-0.0177269585585,-2434,-0.00499441872681,0.00183929155398,0.0416666666667,-0.0486111111111,0,1960,3,155,18474,0.926713947991,0.99983763598,0.000162364020133,0.0732860520095,0.998471726949,0.926713947991,0.96125551741,0.957823739914,0.92655158397,0.925401322002,271,423,0,5,5,5
811,WLNM_dir_neg_kfold,0.933272415316,0.420376310323,00:00:19,10,80,11,17356,threshold_sweep,0.1,0.968309859155,0.65011820331,0.777934936351,275,9,148,837,0.65011820331,0.989361702128,0.0106382978723,0.34988179669,0.968309859155,0.65011820331,0.777934936351,0.876280535855,0.59206724455,0.696716033484,0.723277544796,0.639479905437,2154,1731,423,0,2154,0,1731,0,423,144,2115,0.10270979021,3.28340051934,29.375,15.4379562044,16.5234375,23.125947344,0.787266292563,0.431540583136,18.7178045265,1.27440371245,0.622363409509,10.41950078,0.709412819061,0.401704097715,1.12585631727,0.342893384662,4.14543900894,3.28340051934,1.12585631727,4.14543900894,0.506274862896,0.548025908195,16217,0.0332762894383,0.115809519663,144,144,144,1,0,0.0486111111111,0.840277777778,0.111111111111,144,0.0821678321678,3.05355639515,23.5,13.0153846154,13.3228346457,18.5170494108,0.787959549395,0.43367070528,14.9771387559,1.27465010689,0.62686334384,8.53417645893,0.726312890122,0.407538744418,1.14466266563,0.374862133691,3.85198199836,3.06791692938,1.13559421795,3.85198199836,0.419242347611,0.449462182004,8775,0.0180057618438,0.0939936678204,144,143,143,0.993055555556,0,0.0902777777778,0.791666666667,0.111111111111,144,1976,0.0959595959596,5.54143340556,27.4444444444,14.1142857143,15.5590551181,21.3943256897,0.779550328775,0.430429037337,16.9802206796,1.2374249888,0.60933985605,10.3494497975,0.754210916417,0.424813034188,1.80976890944,0.326588587642,7.02964197496,5.54143340556,1.80976890944,7.02964197496,0.464783428872,0.528138087297,13830,0.028378311829,0.109395590498,144,144,144,1,0,0.0277777777778,0.854166666667,0.118055555556,-139,-0.00675019425019,2.25803288622,-1.93055555556,-1.32367049009,-0.96438238189,-1.73162165434,-0.00771596378848,-0.0011115457994,-1.73758384694,-0.0369787236485,-0.0130235534584,-0.070050982449,0.0447980973567,0.0231089364733,0.683912592161,-0.0163047970193,2.88420296603,2.25803288622,0.683912592161,2.88420296603,-0.0414914340232,-0.0198878208974,-2387,-0.00489797760925,-0.00641392916502,-0.0208333333333,0.0138888888889,0.00694444444444,1967,9,148,18468,0.930023640662,0.99951290794,0.000487092060399,0.0699763593381,0.99544534413,0.930023640662,0.961623075043,0.958077697336,0.929536548602,0.926082862524,284,423,0,5,5,5
812,WLNM_dir_neg_kfold,0.933272415316,0.420376310323,00:00:19,10,80,11,17356,threshold_sweep,0.2,0.971731448763,0.65011820331,0.779036827195,275,8,148,838,0.65011820331,0.990543735225,0.00945626477541,0.34988179669,0.971731448763,0.65011820331,0.779036827195,0.87706855792,0.592329918571,0.698453608247,0.725525386919,0.640661938534,2154,1731,423,0,2154,0,1731,0,423,144,2115,0.10270979021,3.28340051934,29.375,15.4379562044,16.5234375,23.125947344,0.787266292563,0.431540583136,18.7178045265,1.27440371245,0.622363409509,10.41950078,0.709412819061,0.401704097715,1.12585631727,0.342893384662,4.14543900894,3.28340051934,1.12585631727,4.14543900894,0.506274862896,0.548025908195,16217,0.0332762894383,0.115809519663,144,144,144,1,0,0.0486111111111,0.840277777778,0.111111111111,144,0.0821678321678,3.05355639515,23.5,13.0153846154,13.3228346457,18.5170494108,0.787959549395,0.43367070528,14.9771387559,1.27465010689,0.62686334384,8.53417645893,0.726312890122,0.407538744418,1.14466266563,0.374862133691,3.85198199836,3.06791692938,1.13559421795,3.85198199836,0.419242347611,0.449462182004,8775,0.0180057618438,0.0939936678204,144,143,143,0.993055555556,0,0.0902777777778,0.791666666667,0.111111111111,144,1975,0.095911033411,5.77046882815,27.4305555556,14.1071428571,15.5511811024,21.3926504528,0.779883965874,0.430516877637,16.9852520127,1.2384183746,0.609940225035,10.3414862754,0.754012163876,0.424694092827,2.01543092379,0.349266408643,8.30452248467,5.77046882815,2.01543092379,8.30452248467,0.462046131175,0.528,13816,0.0283495846876,0.108811568797,144,144,144,1,0,0.0277777777778,0.854166666667,0.118055555556,-140,-0.00679875679876,2.48706830882,-1.94444444444,-1.33081334724,-0.972256397638,-1.73329689125,-0.00738232668909,-0.0010237054992,-1.7325525138,-0.0359853378454,-0.0124231844736,-0.0780145045773,0.0445993448149,0.0229899951123,0.889574606519,0.00637302398121,4.15908347574,2.48706830882,0.889574606519,4.15908347574,-0.0442287317205,-0.0200259081949,-2401,-0.00492670475065,-0.00699795086566,-0.0208333333333,0.0138888888889,0.00694444444444,1967,8,148,18469,0.930023640662,0.99956702928,0.000432970720355,0.0699763593381,0.995949367089,0.930023640662,0.961858190709,0.958350275581,0.929590669942,0.926519076778,283,423,0,5,5,5
813,WLNM_dir_neg_kfold,0.933272415316,0.420376310323,00:00:19,10,80,11,17356,threshold_sweep,0.3,0.982014388489,0.645390070922,0.778887303852,273,5,150,841,0.645390070922,0.994089834515,0.00591016548463,0.354609929078,0.982014388489,0.645390070922,0.778887303852,0.877856579984,0.593643288679,0.69941822883,0.728824632102,0.639479905437,2154,1731,423,0,2154,0,1731,0,423,144,2115,0.10270979021,3.28340051934,29.375,15.4379562044,16.5234375,23.125947344,0.787266292563,0.431540583136,18.7178045265,1.27440371245,0.622363409509,10.41950078,0.709412819061,0.401704097715,1.12585631727,0.342893384662,4.14543900894,3.28340051934,1.12585631727,4.14543900894,0.506274862896,0.548025908195,16217,0.0332762894383,0.115809519663,144,144,144,1,0,0.0486111111111,0.840277777778,0.111111111111,144,0.0821678321678,3.05355639515,23.5,13.0153846154,13.3228346457,18.5170494108,0.787959549395,0.43367070528,14.9771387559,1.27465010689,0.62686334384,8.53417645893,0.726312890122,0.407538744418,1.14466266563,0.374862133691,3.85198199836,3.06791692938,1.13559421795,3.85198199836,0.419242347611,0.449462182004,8775,0.0180057618438,0.0939936678204,144,143,143,0.993055555556,0,0.0902777777778,0.791666666667,0.111111111111,144,1970,0.0956682206682,4.19734178559,27.3611111111,14.4852941176,15.5118110236,21.4288907365,0.783187884786,0.432124224478,17.0095213064,1.24333556758,0.613183869148,10.3232054285,0.754589635381,0.424880146644,1.77496705785,0.422878847738,6.78916005403,4.19734178559,1.77496705785,6.78916005403,0.464171403838,0.528720226698,13807,0.0283311172396,0.113178030911,144,144,144,1,0,0.0555555555556,0.826388888889,0.118055555556,-145,-0.00704156954157,0.91394126625,-2.01388888889,-0.952662086733,-1.01162647638,-1.69705660753,-0.00407840777694,0.000583641341958,-1.70828322011,-0.0310681448687,-0.00917954036046,-0.096295351477,0.0451768163204,0.0231760489294,0.649110740576,0.0799854630763,2.64372104509,0.91394126625,0.649110740576,2.64372104509,-0.0421034590576,-0.0193056814966,-2410,-0.00494517219869,-0.00263148875251,0.00694444444444,-0.0138888888889,0.00694444444444,1965,5,150,18472,0.929078014184,0.9997293933,0.000270606700222,0.0709219858156,0.997461928934,0.929078014184,0.96205630355,0.95862844475,0.928807407484,0.926886792453,278,423,0,5,5,5
814,WLNM_dir_neg_kfold,0.933272415316,0.420376310323,00:00:19,10,80,11,17356,threshold_sweep,0.4,0.982014388489,0.645390070922,0.778887303852,273,5,150,841,0.645390070922,0.994089834515,0.00591016548463,0.354609929078,0.982014388489,0.645390070922,0.778887303852,0.877856579984,0.593643288679,0.69941822883,0.728824632102,0.639479905437,2154,1731,423,0,2154,0,1731,0,423,144,2115,0.10270979021,3.28340051934,29.375,15.4379562044,16.5234375,23.125947344,0.787266292563,0.431540583136,18.7178045265,1.27440371245,0.622363409509,10.41950078,0.709412819061,0.401704097715,1.12585631727,0.342893384662,4.14543900894,3.28340051934,1.12585631727,4.14543900894,0.506274862896,0.548025908195,16217,0.0332762894383,0.115809519663,144,144,144,1,0,0.0486111111111,0.840277777778,0.111111111111,144,0.0821678321678,3.05355639515,23.5,13.0153846154,13.3228346457,18.5170494108,0.787959549395,0.43367070528,14.9771387559,1.27465010689,0.62686334384,8.53417645893,0.726312890122,0.407538744418,1.14466266563,0.374862133691,3.85198199836,3.06791692938,1.13559421795,3.85198199836,0.419242347611,0.449462182004,8775,0.0180057618438,0.0939936678204,144,143,143,0.993055555556,0,0.0902777777778,0.791666666667,0.111111111111,144,1970,0.0956682206682,4.19734178559,27.3611111111,14.4852941176,15.5118110236,21.4288907365,0.783187884786,0.432124224478,17.0095213064,1.24333556758,0.613183869148,10.3232054285,0.754589635381,0.424880146644,1.77496705785,0.422878847738,6.78916005403,4.19734178559,1.77496705785,6.78916005403,0.464171403838,0.528720226698,13807,0.0283311172396,0.113178030911,144,144,144,1,0,0.0555555555556,0.826388888889,0.118055555556,-145,-0.00704156954157,0.91394126625,-2.01388888889,-0.952662086733,-1.01162647638,-1.69705660753,-0.00407840777694,0.000583641341958,-1.70828322011,-0.0310681448687,-0.00917954036046,-0.096295351477,0.0451768163204,0.0231760489294,0.649110740576,0.0799854630763,2.64372104509,0.91394126625,0.649110740576,2.64372104509,-0.0421034590576,-0.0193056814966,-2410,-0.00494517219869,-0.00263148875251,0.00694444444444,-0.0138888888889,0.00694444444444,1965,5,150,18472,0.929078014184,0.9997293933,0.000270606700222,0.0709219858156,0.997461928934,0.929078014184,0.96205630355,0.95862844475,0.928807407484,0.926886792453,278,423,0,5,5,5
815,WLNM_dir_neg_kfold,0.933272415316,0.420376310323,00:00:19,10,80,11,17356,threshold_sweep,0.5,0.985559566787,0.645390070922,0.78,273,4,150,842,0.645390070922,0.995271867612,0.00472813238771,0.354609929078,0.985559566787,0.645390070922,0.78,0.878644602049,0.5939059627,0.701164294955,0.731119838014,0.640661938534,2154,1731,423,0,2154,0,1731,0,423,144,2115,0.10270979021,3.28340051934,29.375,15.4379562044,16.5234375,23.125947344,0.787266292563,0.431540583136,18.7178045265,1.27440371245,0.622363409509,10.41950078,0.709412819061,0.401704097715,1.12585631727,0.342893384662,4.14543900894,3.28340051934,1.12585631727,4.14543900894,0.506274862896,0.548025908195,16217,0.0332762894383,0.115809519663,144,144,144,1,0,0.0486111111111,0.840277777778,0.111111111111,144,0.0821678321678,3.05355639515,23.5,13.0153846154,13.3228346457,18.5170494108,0.787959549395,0.43367070528,14.9771387559,1.27465010689,0.62686334384,8.53417645893,0.726312890122,0.407538744418,1.14466266563,0.374862133691,3.85198199836,3.06791692938,1.13559421795,3.85198199836,0.419242347611,0.449462182004,8775,0.0180057618438,0.0939936678204,144,143,143,0.993055555556,0,0.0902777777778,0.791666666667,0.111111111111,144,1969,0.0956196581197,3.15730492775,27.3472222222,14.5851851852,15.5039370079,21.4173707176,0.783164393939,0.432072117826,17.0149378472,1.24436315389,0.61394320298,10.3294201742,0.755427376881,0.425367501834,1.13375397868,0.359089161366,4.03502041341,3.15730492775,1.13375397868,4.03502041341,0.463209101048,0.528956246166,13798,0.0283126497915,0.11485785174,144,144,144,1,0,0.0625,0.819444444444,0.118055555556,-146,-0.00709013209013,-0.12609559159,-2.02777777778,-0.852771019194,-1.01950049213,-1.70857662647,-0.00410189862464,0.00053153468998,-1.70286667929,-0.0300405585583,-0.00842020652928,-0.0900806057919,0.0460145578206,0.0236634041192,0.00789766140787,0.0161957767049,-0.110418595529,-0.12609559159,0.00789766140787,-0.110418595529,-0.0430657618481,-0.0190696620284,-2419,-0.00496363964674,-0.00095166792318,0.0138888888889,-0.0208333333333,0.00694444444444,1965,4,150,18473,0.929078014184,0.99978351464,0.000216485360178,0.0709219858156,0.997968511935,0.929078014184,0.962291870715,0.958901971181,0.928861528824,0.927324209533,277,423,0,5,5,5
816,WLNM_dir_neg_kfold,0.933272415316,0.420376310323,00:00:19,10,80,11,17356,threshold_sweep,0.6,0.985559566787,0.645390070922,0.78,273,4,150,842,0.645390070922,0.995271867612,0.00472813238771,0.354609929078,0.985559566787,0.645390070922,0.78,0.878644602049,0.5939059627,0.701164294955,0.731119838014,0.640661938534,2154,1731,423,0,2154,0,1731,0,423,144,2115,0.10270979021,3.28340051934,29.375,15.4379562044,16.5234375,23.125947344,0.787266292563,0.431540583136,18.7178045265,1.27440371245,0.622363409509,10.41950078,0.709412819061,0.401704097715,1.12585631727,0.342893384662,4.14543900894,3.28340051934,1.12585631727,4.14543900894,0.506274862896,0.548025908195,16217,0.0332762894383,0.115809519663,144,144,144,1,0,0.0486111111111,0.840277777778,0.111111111111,144,0.0821678321678,3.05355639515,23.5,13.0153846154,13.3228346457,18.5170494108,0.787959549395,0.43367070528,14.9771387559,1.27465010689,0.62686334384,8.53417645893,0.726312890122,0.407538744418,1.14466266563,0.374862133691,3.85198199836,3.06791692938,1.13559421795,3.85198199836,0.419242347611,0.449462182004,8775,0.0180057618438,0.0939936678204,144,143,143,0.993055555556,0,0.0902777777778,0.791666666667,0.111111111111,144,1969,0.0956196581197,3.15730492775,27.3472222222,14.5851851852,15.5039370079,21.4173707176,0.783164393939,0.432072117826,17.0149378472,1.24436315389,0.61394320298,10.3294201742,0.755427376881,0.425367501834,1.13375397868,0.359089161366,4.03502041341,3.15730492775,1.13375397868,4.03502041341,0.463209101048,0.528956246166,13798,0.0283126497915,0.11485785174,144,144,144,1,0,0.0625,0.819444444444,0.118055555556,-146,-0.00709013209013,-0.12609559159,-2.02777777778,-0.852771019194,-1.01950049213,-1.70857662647,-0.00410189862464,0.00053153468998,-1.70286667929,-0.0300405585583,-0.00842020652928,-0.0900806057919,0.0460145578206,0.0236634041192,0.00789766140787,0.0161957767049,-0.110418595529,-0.12609559159,0.00789766140787,-0.110418595529,-0.0430657618481,-0.0190696620284,-2419,-0.00496363964674,-0.00095166792318,0.0138888888889,-0.0208333333333,0.00694444444444,1965,4,150,18473,0.929078014184,0.99978351464,0.000216485360178,0.0709219858156,0.997968511935,0.929078014184,0.962291870715,0.958901971181,0.928861528824,0.927324209533,277,423,0,5,5,5
817,WLNM_dir_neg_kfold,0.933272415316,0.420376310323,00:00:19,10,80,11,17356,threshold_sweep,0.7,0.985294117647,0.633569739953,0.771223021583,268,4,155,842,0.633569739953,0.995271867612,0.00472813238771,0.366430260047,0.985294117647,0.633569739953,0.771223021583,0.874704491726,0.595219332808,0.690460739779,0.722378153374,0.628841607565,2154,1731,423,0,2154,0,1731,0,423,144,2115,0.10270979021,3.28340051934,29.375,15.4379562044,16.5234375,23.125947344,0.787266292563,0.431540583136,18.7178045265,1.27440371245,0.622363409509,10.41950078,0.709412819061,0.401704097715,1.12585631727,0.342893384662,4.14543900894,3.28340051934,1.12585631727,4.14543900894,0.506274862896,0.548025908195,16217,0.0332762894383,0.115809519663,144,144,144,1,0,0.0486111111111,0.840277777778,0.111111111111,144,0.0821678321678,3.05355639515,23.5,13.0153846154,13.3228346457,18.5170494108,0.787959549395,0.43367070528,14.9771387559,1.27465010689,0.62686334384,8.53417645893,0.726312890122,0.407538744418,1.14466266563,0.374862133691,3.85198199836,3.06791692938,1.13559421795,3.85198199836,0.419242347611,0.449462182004,8775,0.0180057618438,0.0939936678204,144,143,143,0.993055555556,0,0.0902777777778,0.791666666667,0.111111111111,144,1964,0.0953768453768,3.1033564188,27.2777777778,15.1076923077,15.4645669291,21.4467773328,0.786236236234,0.433575186694,17.0419519841,1.24951175443,0.617645394886,10.2851723751,0.754106324852,0.424615297579,1.16142557995,0.374248208459,3.98618860447,3.11806520495,1.15197012803,3.98618860447,0.467641357677,0.530162145547,13798,0.0283126497915,0.117032659153,144,143,143,0.993055555556,0,0.0902777777778,0.791666666667,0.111111111111,-151,-0.00733294483294,-0.180044100532,-2.09722222222,-0.330263896687,-1.05887057087,-1.67917001121,-0.00103005632884,0.00203460355749,-1.67585254245,-0.0248919580107,-0.00471801462308,-0.134328404892,0.0446935057911,0.0229111998639,0.0355692626737,0.0313548237978,-0.159250404468,-0.165335314386,0.0261138107588,-0.159250404468,-0.0386335052191,-0.0178637626481,-2419,-0.00496363964674,0.00122313948987,0.0416666666667,-0.0486111111111,0,1960,4,155,18473,0.926713947991,0.99978351464,0.000216485360178,0.0732860520095,0.997963340122,0.926713947991,0.961019857808,0.957549630824,0.92649746263,0.924964605946,272,423,0,5,5,5
818,WLNM_dir_neg_kfold,0.933272415316,0.420376310323,00:00:19,10,80,11,17356,threshold_sweep,0.8,0.985294117647,0.633569739953,0.771223021583,268,4,155,842,0.633569739953,0.995271867612,0.00472813238771,0.366430260047,0.985294117647,0.633569739953,0.771223021583,0.874704491726,0.595219332808,0.690460739779,0.722378153374,0.628841607565,2154,1731,423,0,2154,0,1731,0,423,144,2115,0.10270979021,3.28340051934,29.375,15.4379562044,16.5234375,23.125947344,0.787266292563,0.431540583136,18.7178045265,1.27440371245,0.622363409509,10.41950078,0.709412819061,0.401704097715,1.12585631727,0.342893384662,4.14543900894,3.28340051934,1.12585631727,4.14543900894,0.506274862896,0.548025908195,16217,0.0332762894383,0.115809519663,144,144,144,1,0,0.0486111111111,0.840277777778,0.111111111111,144,0.0821678321678,3.05355639515,23.5,13.0153846154,13.3228346457,18.5170494108,0.787959549395,0.43367070528,14.9771387559,1.27465010689,0.62686334384,8.53417645893,0.726312890122,0.407538744418,1.14466266563,0.374862133691,3.85198199836,3.06791692938,1.13559421795,3.85198199836,0.419242347611,0.449462182004,8775,0.0180057618438,0.0939936678204,144,143,143,0.993055555556,0,0.0902777777778,0.791666666667,0.111111111111,144,1964,0.0953768453768,3.1033564188,27.2777777778,15.1076923077,15.4645669291,21.4467773328,0.786236236234,0.433575186694,17.0419519841,1.24951175443,0.617645394886,10.2851723751,0.754106324852,0.424615297579,1.16142557995,0.374248208459,3.98618860447,3.11806520495,1.15197012803,3.98618860447,0.467641357677,0.530162145547,13798,0.0283126497915,0.117032659153,144,143,143,0.993055555556,0,0.0902777777778,0.791666666667,0.111111111111,-151,-0.00733294483294,-0.180044100532,-2.09722222222,-0.330263896687,-1.05887057087,-1.67917001121,-0.00103005632884,0.00203460355749,-1.67585254245,-0.0248919580107,-0.00471801462308,-0.134328404892,0.0446935057911,0.0229111998639,0.0355692626737,0.0313548237978,-0.159250404468,-0.165335314386,0.0261138107588,-0.159250404468,-0.0386335052191,-0.0178637626481,-2419,-0.00496363964674,0.00122313948987,0.0416666666667,-0.0486111111111,0,1960,4,155,18473,0.926713947991,0.99978351464,0.000216485360178,0.0732860520095,0.997963340122,0.926713947991,0.961019857808,0.957549630824,0.92649746263,0.924964605946,272,423,0,5,5,5
819,WLNM_dir_neg_kfold,0.933272415316,0.420376310323,00:00:19,10,80,11,17356,threshold_sweep,0.9,0.988929889299,0.633569739953,0.772334293948,268,3,155,843,0.633569739953,0.996453900709,0.00354609929078,0.366430260047,0.988929889299,0.633569739953,0.772334293948,0.87549251379,0.59548200683,0.692207792208,0.724706731159,0.630023640662,2154,1731,423,0,2154,0,1731,0,423,144,2115,0.10270979021,3.28340051934,29.375,15.4379562044,16.5234375,23.125947344,0.787266292563,0.431540583136,18.7178045265,1.27440371245,0.622363409509,10.41950078,0.709412819061,0.401704097715,1.12585631727,0.342893384662,4.14543900894,3.28340051934,1.12585631727,4.14543900894,0.506274862896,0.548025908195,16217,0.0332762894383,0.115809519663,144,144,144,1,0,0.0486111111111,0.840277777778,0.111111111111,144,0.0821678321678,3.05355639515,23.5,13.0153846154,13.3228346457,18.5170494108,0.787959549395,0.43367070528,14.9771387559,1.27465010689,0.62686334384,8.53417645893,0.726312890122,0.407538744418,1.14466266563,0.374862133691,3.85198199836,3.06791692938,1.13559421795,3.85198199836,0.419242347611,0.449462182004,8775,0.0180057618438,0.0939936678204,144,143,143,0.993055555556,0,0.0902777777778,0.791666666667,0.111111111111,144,1963,0.0953282828283,3.09916026428,27.2638888889,15.1,15.4566929134,21.4547779774,0.786930216184,0.433902190525,17.0457002054,1.25042324482,0.618027254203,10.2879837082,0.754696716241,0.42491297334,1.16100977334,0.374620759927,3.98135490123,3.11383970668,1.15160225153,3.98135490123,0.46834088858,0.530320695973,13797,0.0283105978529,0.117233951793,144,143,143,0.993055555556,0,0.0902777777778,0.791666666667,0.111111111111,-152,-0.00738150738151,-0.18424025506,-2.11111111111,-0.33795620438,-1.06674458661,-1.67116936669,-0.000336076379056,0.00236160738838,-1.67210432111,-0.023980467625,-0.00433615530605,-0.13151707176,0.0452838971798,0.0232088756254,0.0351534560634,0.0317273752652,-0.164084107706,-0.169560812652,0.0257459342573,-0.164084107706,-0.0379339743159,-0.0177052122218,-2420,-0.00496569158541,0.00142443212968,0.0416666666667,-0.0486111111111,0,1960,3,155,18474,0.926713947991,0.99983763598,0.000162364020133,0.0732860520095,0.998471726949,0.926713947991,0.96125551741,0.957823739914,0.92655158397,0.925401322002,271,423,0,5,5,5
820,WLNM_dir_neg_kfold,0.87414002202,0.335581205755,00:00:19,10,80,12,17357,threshold_sweep,0.1,0.951557093426,0.65011820331,0.772471910112,275,14,148,832,0.65011820331,0.983451536643,0.016548463357,0.34988179669,0.951557093426,0.65011820331,0.772471910112,0.872340425532,0.590753874442,0.688061617458,0.712176817584,0.633569739953,2154,1731,423,0,2154,0,1731,0,423,144,2115,0.10270979021,3.28340051934,29.375,15.4379562044,16.5234375,23.125947344,0.787266292563,0.431540583136,18.7178045265,1.27440371245,0.622363409509,10.41950078,0.709412819061,0.401704097715,1.12585631727,0.342893384662,4.14543900894,3.28340051934,1.12585631727,4.14543900894,0.506274862896,0.548025908195,16217,0.0332762894383,0.115809519663,144,144,144,1,0,0.0486111111111,0.840277777778,0.111111111111,144,0.0821678321678,3.05355639515,23.5,13.0153846154,13.3228346457,18.5170494108,0.787959549395,0.43367070528,14.9771387559,1.27465010689,0.62686334384,8.53417645893,0.726312890122,0.407538744418,1.14466266563,0.374862133691,3.85198199836,3.06791692938,1.13559421795,3.85198199836,0.419242347611,0.449462182004,8775,0.0180057618438,0.0939936678204,144,143,143,0.993055555556,0,0.0902777777778,0.791666666667,0.111111111111,144,1981,0.0962024087024,6.28487897191,27.5138888889,14.0496453901,15.5984251969,21.3721556358,0.776776984238,0.429058696506,16.9636577926,1.23309779007,0.606354114084,10.3978524731,0.755825722428,0.42518158618,1.76517163393,0.280860083673,8.42857142857,6.28487897191,1.76517163393,8.42857142857,0.464607969291,0.527485513876,13837,0.0283926753997,0.109634657826,144,144,144,1,0,0.0208333333333,0.861111111111,0.118055555556,-134,-0.00650738150738,3.00147845258,-1.86111111111,-1.38831081431,-0.92501230315,-1.75379170829,-0.0104893083256,-0.00248188663063,-1.75414673398,-0.041305922375,-0.016009295425,-0.0216483068324,0.0464129033671,0.0234774884651,0.639315316651,-0.0620333009887,4.28313241963,3.00147845258,0.639315316651,4.28313241963,-0.0416668936049,-0.0205403943187,-2380,-0.00488361403854,-0.00617486183724,-0.0277777777778,0.0208333333333,0.00694444444444,1967,14,148,18463,0.930023640662,0.999242301239,0.000757698760621,0.0699763593381,0.992932862191,0.930023640662,0.96044921875,0.956717775849,0.929265941901,0.923907937999,289,423,0,5,5,5
821,WLNM_dir_neg_kfold,0.87414002202,0.335581205755,00:00:19,10,80,12,17357,threshold_sweep,0.2,0.968197879859,0.647754137116,0.776203966006,274,9,149,837,0.647754137116,0.989361702128,0.0106382978723,0.352245862884,0.968197879859,0.647754137116,0.776203966006,0.87549251379,0.592329918571,0.694587628866,0.721509563744,0.637115839243,2154,1731,423,0,2154,0,1731,0,423,144,2115,0.10270979021,3.28340051934,29.375,15.4379562044,16.5234375,23.125947344,0.787266292563,0.431540583136,18.7178045265,1.27440371245,0.622363409509,10.41950078,0.709412819061,0.401704097715,1.12585631727,0.342893384662,4.14543900894,3.28340051934,1.12585631727,4.14543900894,0.506274862896,0.548025908195,16217,0.0332762894383,0.115809519663,144,144,144,1,0,0.0486111111111,0.840277777778,0.111111111111,144,0.0821678321678,3.05355639515,23.5,13.0153846154,13.3228346457,18.5170494108,0.787959549395,0.43367070528,14.9771387559,1.27465010689,0.62686334384,8.53417645893,0.726312890122,0.407538744418,1.14466266563,0.374862133691,3.85198199836,3.06791692938,1.13559421795,3.85198199836,0.419242347611,0.449462182004,8775,0.0180057618438,0.0939936678204,144,143,143,0.993055555556,0,0.0902777777778,0.791666666667,0.111111111111,144,1975,0.095911033411,5.05040678685,27.4305555556,14.2086330935,15.5511811024,21.392323562,0.779872048843,0.430530942335,16.9943072305,1.23907860313,0.610270745429,10.3401337688,0.753913550735,0.424462025316,1.45309145878,0.287717706733,5.75202938793,5.05040678685,1.45309145878,5.75202938793,0.467573375387,0.528475807994,13817,0.0283516366263,0.110941587419,144,144,144,1,0,0.0347222222222,0.847222222222,0.118055555556,-140,-0.00679875679876,1.76700626751,-1.94444444444,-1.22932311085,-0.972256397638,-1.73362378204,-0.00739424372045,-0.00100964080159,-1.72349729606,-0.0353251093114,-0.0120926640798,-0.0793670111949,0.0445007316742,0.0227579276017,0.327235141508,-0.0551756779282,1.60659037899,1.76700626751,0.327235141508,1.60659037899,-0.0387014875092,-0.019550100201,-2400,-0.00492465281198,-0.00486793224357,-0.0138888888889,0.00694444444444,0.00694444444444,1966,9,149,18468,0.929550827423,0.99951290794,0.000487092060399,0.0704491725768,0.995443037975,0.929550827423,0.961369193154,0.95780703874,0.929063735363,0.925612052731,283,423,0,5,5,5
822,WLNM_dir_neg_kfold,0.87414002202,0.335581205755,00:00:19,10,80,12,17357,threshold_sweep,0.3,0.971631205674,0.647754137116,0.777304964539,274,8,149,838,0.647754137116,0.990543735225,0.00945626477541,0.352245862884,0.971631205674,0.647754137116,0.777304964539,0.876280535855,0.592592592593,0.696324951644,0.723761756826,0.63829787234,2154,1731,423,0,2154,0,1731,0,423,144,2115,0.10270979021,3.28340051934,29.375,15.4379562044,16.5234375,23.125947344,0.787266292563,0.431540583136,18.7178045265,1.27440371245,0.622363409509,10.41950078,0.709412819061,0.401704097715,1.12585631727,0.342893384662,4.14543900894,3.28340051934,1.12585631727,4.14543900894,0.506274862896,0.548025908195,16217,0.0332762894383,0.115809519663,144,144,144,1,0,0.0486111111111,0.840277777778,0.111111111111,144,0.0821678321678,3.05355639515,23.5,13.0153846154,13.3228346457,18.5170494108,0.787959549395,0.43367070528,14.9771387559,1.27465010689,0.62686334384,8.53417645893,0.726312890122,0.407538744418,1.14466266563,0.374862133691,3.85198199836,3.06791692938,1.13559421795,3.85198199836,0.419242347611,0.449462182004,8775,0.0180057618438,0.0939936678204,144,143,143,0.993055555556,0,0.0902777777778,0.791666666667,0.111111111111,144,1974,0.0958624708625,5.04532644088,27.4166666667,14.2014388489,15.5433070866,21.3873696471,0.780086430895,0.430668130136,16.9980973843,1.23998278791,0.610646740966,10.3477135071,0.754848401734,0.425011257458,1.45267119506,0.287924123856,5.75064991178,5.04532644088,1.45267119506,5.75064991178,0.467573375387,0.528475807994,13817,0.0283516366263,0.111407454895,144,144,144,1,0,0.0347222222222,0.847222222222,0.118055555556,-141,-0.00684731934732,1.76192592154,-1.95833333333,-1.23651735546,-0.980130413386,-1.73857769699,-0.0071798616677,-0.000872453000113,-1.71970714226,-0.0344209245345,-0.0117166685429,-0.0717872728482,0.0454355826735,0.0233071597433,0.326814877785,-0.0549692608051,1.60521090284,1.76192592154,0.326814877785,1.60521090284,-0.0387014875092,-0.019550100201,-2400,-0.00492465281198,-0.00440206476791,-0.0138888888889,0.00694444444444,0.00694444444444,1966,8,149,18469,0.929550827423,0.99956702928,0.000432970720355,0.0704491725768,0.995947315096,0.929550827423,0.961604304231,0.958079692561,0.929117856703,0.926048045219,282,423,0,5,5,5
823,WLNM_dir_neg_kfold,0.87414002202,0.335581205755,00:00:19,10,80,12,17357,threshold_sweep,0.4,0.982078853047,0.647754137116,0.780626780627,274,5,149,841,0.647754137116,0.994089834515,0.00591016548463,0.352245862884,0.982078853047,0.647754137116,0.780626780627,0.878644602049,0.593380614657,0.701550387597,0.730575548542,0.641843971631,2154,1731,423,0,2154,0,1731,0,423,144,2115,0.10270979021,3.28340051934,29.375,15.4379562044,16.5234375,23.125947344,0.787266292563,0.431540583136,18.7178045265,1.27440371245,0.622363409509,10.41950078,0.709412819061,0.401704097715,1.12585631727,0.342893384662,4.14543900894,3.28340051934,1.12585631727,4.14543900894,0.506274862896,0.548025908195,16217,0.0332762894383,0.115809519663,144,144,144,1,0,0.0486111111111,0.840277777778,0.111111111111,144,0.0821678321678,3.05355639515,23.5,13.0153846154,13.3228346457,18.5170494108,0.787959549395,0.43367070528,14.9771387559,1.27465010689,0.62686334384,8.53417645893,0.726312890122,0.407538744418,1.14466266563,0.374862133691,3.85198199836,3.06791692938,1.13559421795,3.85198199836,0.419242347611,0.449462182004,8775,0.0180057618438,0.0939936678204,144,143,143,0.993055555556,0,0.0902777777778,0.791666666667,0.111111111111,144,1971,0.0957167832168,4.66760397228,27.375,14.1798561151,15.5196850394,21.3727736746,0.780740590853,0.430988922713,16.997518844,1.24182786075,0.611347172896,10.360946544,0.756964131065,0.426197220813,1.3616626355,0.291726256895,5.35837523559,4.66760397228,1.3616626355,5.35837523559,0.466512674843,0.528720076604,13804,0.0283249614236,0.112061036595,144,144,144,1,0,0.0347222222222,0.847222222222,0.118055555556,-144,-0.00699300699301,1.38420345294,-2,-1.25810008927,-1.00375246063,-1.75317366945,-0.00652570171038,-0.000551660423661,-1.72028568251,-0.0325758516941,-0.0110162366129,-0.0585542359997,0.0475513120045,0.0244931230982,0.235806318228,-0.0511671277663,1.21293622665,1.38420345294,0.235806318228,1.21293622665,-0.0397621880532,-0.019305831591,-2413,-0.00495132801471,-0.00374848306808,-0.0138888888889,0.00694444444444,0.00694444444444,1966,5,149,18472,0.929550827423,0.9997293933,0.000270606700222,0.0704491725768,0.997463216641,0.929550827423,0.962310327949,0.958898847324,0.929280220723,0.927358490566,279,423,0,5,5,5
824,WLNM_dir_neg_kfold,0.87414002202,0.335581205755,00:00:19,10,80,12,17357,threshold_sweep,0.5,0.982078853047,0.647754137116,0.780626780627,274,5,149,841,0.647754137116,0.994089834515,0.00591016548463,0.352245862884,0.982078853047,0.647754137116,0.780626780627,0.878644602049,0.593380614657,0.701550387597,0.730575548542,0.641843971631,2154,1731,423,0,2154,0,1731,0,423,144,2115,0.10270979021,3.28340051934,29.375,15.4379562044,16.5234375,23.125947344,0.787266292563,0.431540583136,18.7178045265,1.27440371245,0.622363409509,10.41950078,0.709412819061,0.401704097715,1.12585631727,0.342893384662,4.14543900894,3.28340051934,1.12585631727,4.14543900894,0.506274862896,0.548025908195,16217,0.0332762894383,0.115809519663,144,144,144,1,0,0.0486111111111,0.840277777778,0.111111111111,144,0.0821678321678,3.05355639515,23.5,13.0153846154,13.3228346457,18.5170494108,0.787959549395,0.43367070528,14.9771387559,1.27465010689,0.62686334384,8.53417645893,0.726312890122,0.407538744418,1.14466266563,0.374862133691,3.85198199836,3.06791692938,1.13559421795,3.85198199836,0.419242347611,0.449462182004,8775,0.0180057618438,0.0939936678204,144,143,143,0.993055555556,0,0.0902777777778,0.791666666667,0.111111111111,144,1971,0.0957167832168,4.66760397228,27.375,14.1798561151,15.5196850394,21.3727736746,0.780740590853,0.430988922713,16.997518844,1.24182786075,0.611347172896,10.360946544,0.756964131065,0.426197220813,1.3616626355,0.291726256895,5.35837523559,4.66760397228,1.3616626355,5.35837523559,0.466512674843,0.528720076604,13804,0.0283249614236,0.112061036595,144,144,144,1,0,0.0347222222222,0.847222222222,0.118055555556,-144,-0.00699300699301,1.38420345294,-2,-1.25810008927,-1.00375246063,-1.75317366945,-0.00652570171038,-0.000551660423661,-1.72028568251,-0.0325758516941,-0.0110162366129,-0.0585542359997,0.0475513120045,0.0244931230982,0.235806318228,-0.0511671277663,1.21293622665,1.38420345294,0.235806318228,1.21293622665,-0.0397621880532,-0.019305831591,-2413,-0.00495132801471,-0.00374848306808,-0.0138888888889,0.00694444444444,0.00694444444444,1966,5,149,18472,0.929550827423,0.9997293933,0.000270606700222,0.0704491725768,0.997463216641,0.929550827423,0.962310327949,0.958898847324,0.929280220723,0.927358490566,279,423,0,5,5,5
825,WLNM_dir_neg_kfold,0.87414002202,0.335581205755,00:00:19,10,80,12,17357,threshold_sweep,0.6,0.985401459854,0.63829787234,0.77474892396,270,4,153,842,0.63829787234,0.995271867612,0.00472813238771,0.36170212766,0.985401459854,0.63829787234,0.77474892396,0.876280535855,0.594693984765,0.694750486066,0.725876890404,0.633569739953,2154,1731,423,0,2154,0,1731,0,423,144,2115,0.10270979021,3.28340051934,29.375,15.4379562044,16.5234375,23.125947344,0.787266292563,0.431540583136,18.7178045265,1.27440371245,0.622363409509,10.41950078,0.709412819061,0.401704097715,1.12585631727,0.342893384662,4.14543900894,3.28340051934,1.12585631727,4.14543900894,0.506274862896,0.548025908195,16217,0.0332762894383,0.115809519663,144,144,144,1,0,0.0486111111111,0.840277777778,0.111111111111,144,0.0821678321678,3.05355639515,23.5,13.0153846154,13.3228346457,18.5170494108,0.787959549395,0.43367070528,14.9771387559,1.27465010689,0.62686334384,8.53417645893,0.726312890122,0.407538744418,1.14466266563,0.374862133691,3.85198199836,3.06791692938,1.13559421795,3.85198199836,0.419242347611,0.449462182004,8775,0.0180057618438,0.0939936678204,144,143,143,0.993055555556,0,0.0902777777778,0.791666666667,0.111111111111,144,1966,0.095473970474,3.83726904642,27.3055555556,14.671641791,15.4803149606,21.3993914618,0.78370100979,0.432381739573,17.0245891459,1.24696888963,0.615180287103,10.3209471596,0.755959507115,0.425624505482,1.31539202516,0.342793796642,4.5477925531,3.8571100887,1.29821178122,4.5477925531,0.468538842004,0.529716655149,13797,0.0283105978529,0.114768978817,144,143,143,0.993055555556,0,0.0625,0.819444444444,0.111111111111,-149,-0.00723581973582,0.553868527084,-2.06944444444,-0.766314413335,-1.04312253937,-1.72655588228,-0.00356528277311,0.000841156436409,-1.69321538064,-0.0274348228168,-0.00718312240583,-0.098553620322,0.0465466880538,0.0239204077673,0.189535707884,-9.95880196945e-05,0.402353544166,0.573709569367,0.172355463941,0.402353544166,-0.0377360208914,-0.0183092530463,-2420,-0.00496569158541,-0.00104054084627,0.0138888888889,-0.0208333333333,0,1962,4,153,18473,0.927659574468,0.99978351464,0.000216485360178,0.0723404255319,0.997965412004,0.927659574468,0.961529037001,0.958090708883,0.927443089108,0.925908447381,274,423,0,5,5,5
826,WLNM_dir_neg_kfold,0.87414002202,0.335581205755,00:00:19,10,80,12,17357,threshold_sweep,0.7,0.985401459854,0.63829787234,0.77474892396,270,4,153,842,0.63829787234,0.995271867612,0.00472813238771,0.36170212766,0.985401459854,0.63829787234,0.77474892396,0.876280535855,0.594693984765,0.694750486066,0.725876890404,0.633569739953,2154,1731,423,0,2154,0,1731,0,423,144,2115,0.10270979021,3.28340051934,29.375,15.4379562044,16.5234375,23.125947344,0.787266292563,0.431540583136,18.7178045265,1.27440371245,0.622363409509,10.41950078,0.709412819061,0.401704097715,1.12585631727,0.342893384662,4.14543900894,3.28340051934,1.12585631727,4.14543900894,0.506274862896,0.548025908195,16217,0.0332762894383,0.115809519663,144,144,144,1,0,0.0486111111111,0.840277777778,0.111111111111,144,0.0821678321678,3.05355639515,23.5,13.0153846154,13.3228346457,18.5170494108,0.787959549395,0.43367070528,14.9771387559,1.27465010689,0.62686334384,8.53417645893,0.726312890122,0.407538744418,1.14466266563,0.374862133691,3.85198199836,3.06791692938,1.13559421795,3.85198199836,0.419242347611,0.449462182004,8775,0.0180057618438,0.0939936678204,144,143,143,0.993055555556,0,0.0902777777778,0.791666666667,0.111111111111,144,1966,0.095473970474,3.83726904642,27.3055555556,14.671641791,15.4803149606,21.3993914618,0.78370100979,0.432381739573,17.0245891459,1.24696888963,0.615180287103,10.3209471596,0.755959507115,0.425624505482,1.31539202516,0.342793796642,4.5477925531,3.8571100887,1.29821178122,4.5477925531,0.468538842004,0.529716655149,13797,0.0283105978529,0.114768978817,144,143,143,0.993055555556,0,0.0625,0.819444444444,0.111111111111,-149,-0.00723581973582,0.553868527084,-2.06944444444,-0.766314413335,-1.04312253937,-1.72655588228,-0.00356528277311,0.000841156436409,-1.69321538064,-0.0274348228168,-0.00718312240583,-0.098553620322,0.0465466880538,0.0239204077673,0.189535707884,-9.95880196945e-05,0.402353544166,0.573709569367,0.172355463941,0.402353544166,-0.0377360208914,-0.0183092530463,-2420,-0.00496569158541,-0.00104054084627,0.0138888888889,-0.0208333333333,0,1962,4,153,18473,0.927659574468,0.99978351464,0.000216485360178,0.0723404255319,0.997965412004,0.927659574468,0.961529037001,0.958090708883,0.927443089108,0.925908447381,274,423,0,5,5,5
827,WLNM_dir_neg_kfold,0.87414002202,0.335581205755,00:00:19,10,80,12,17357,threshold_sweep,0.8,0.988970588235,0.635933806147,0.774100719424,269,3,154,843,0.635933806147,0.996453900709,0.00354609929078,0.364066193853,0.988970588235,0.635933806147,0.774100719424,0.876280535855,0.595219332808,0.69435431538,0.726451714389,0.632387706856,2154,1731,423,0,2154,0,1731,0,423,144,2115,0.10270979021,3.28340051934,29.375,15.4379562044,16.5234375,23.125947344,0.787266292563,0.431540583136,18.7178045265,1.27440371245,0.622363409509,10.41950078,0.709412819061,0.401704097715,1.12585631727,0.342893384662,4.14543900894,3.28340051934,1.12585631727,4.14543900894,0.506274862896,0.548025908195,16217,0.0332762894383,0.115809519663,144,144,144,1,0,0.0486111111111,0.840277777778,0.111111111111,144,0.0821678321678,3.05355639515,23.5,13.0153846154,13.3228346457,18.5170494108,0.787959549395,0.43367070528,14.9771387559,1.27465010689,0.62686334384,8.53417645893,0.726312890122,0.407538744418,1.14466266563,0.374862133691,3.85198199836,3.06791692938,1.13559421795,3.85198199836,0.419242347611,0.449462182004,8775,0.0180057618438,0.0939936678204,144,143,143,0.993055555556,0,0.0902777777778,0.791666666667,0.111111111111,144,1964,0.0953768453768,3.41007923851,27.2777777778,14.7669172932,15.4645669291,21.3971583122,0.784417209002,0.432645253451,17.0337431925,1.24890988784,0.616301765105,10.2987616277,0.755102685535,0.425202251641,1.18638611393,0.347905732082,4.21784484602,3.42693293948,1.17312966794,4.21784484602,0.466698971096,0.529791733419,13779,0.0282736629568,0.115306811196,144,143,143,0.993055555556,0,0.0694444444444,0.8125,0.111111111111,-151,-0.00733294483294,0.126678719178,-2.09722222222,-0.671038911146,-1.05887057087,-1.72878903182,-0.00284908356105,0.00110467031468,-1.68406133403,-0.0254938246032,-0.00606164440357,-0.120739152241,0.0456898664743,0.0234981539259,0.0605297966568,0.00501234742,0.0724058370829,0.143532420147,0.0472733506703,0.0724058370829,-0.0395758918002,-0.0182341747761,-2438,-0.0050026264815,-0.000502708467204,0.0208333333333,-0.0277777777778,0,1961,3,154,18474,0.927186761229,0.99983763598,0.000162364020133,0.0728132387707,0.998472505092,0.927186761229,0.961510174062,0.958094225959,0.927024397209,0.925873465534,272,423,0,5,5,5
828,WLNM_dir_neg_kfold,0.87414002202,0.335581205755,00:00:19,10,80,12,17357,threshold_sweep,0.9,0.988970588235,0.635933806147,0.774100719424,269,3,154,843,0.635933806147,0.996453900709,0.00354609929078,0.364066193853,0.988970588235,0.635933806147,0.774100719424,0.876280535855,0.595219332808,0.69435431538,0.726451714389,0.632387706856,2154,1731,423,0,2154,0,1731,0,423,144,2115,0.10270979021,3.28340051934,29.375,15.4379562044,16.5234375,23.125947344,0.787266292563,0.431540583136,18.7178045265,1.27440371245,0.622363409509,10.41950078,0.709412819061,0.401704097715,1.12585631727,0.342893384662,4.14543900894,3.28340051934,1.12585631727,4.14543900894,0.506274862896,0.548025908195,16217,0.0332762894383,0.115809519663,144,144,144,1,0,0.0486111111111,0.840277777778,0.111111111111,144,0.0821678321678,3.05355639515,23.5,13.0153846154,13.3228346457,18.5170494108,0.787959549395,0.43367070528,14.9771387559,1.27465010689,0.62686334384,8.53417645893,0.726312890122,0.407538744418,1.14466266563,0.374862133691,3.85198199836,3.06791692938,1.13559421795,3.85198199836,0.419242347611,0.449462182004,8775,0.0180057618438,0.0939936678204,144,143,143,0.993055555556,0,0.0902777777778,0.791666666667,0.111111111111,144,1964,0.0953768453768,3.41007923851,27.2777777778,14.7669172932,15.4645669291,21.3971583122,0.784417209002,0.432645253451,17.0337431925,1.24890988784,0.616301765105,10.2987616277,0.755102685535,0.425202251641,1.18638611393,0.347905732082,4.21784484602,3.42693293948,1.17312966794,4.21784484602,0.466698971096,0.529791733419,13779,0.0282736629568,0.115306811196,144,143,143,0.993055555556,0,0.0694444444444,0.8125,0.111111111111,-151,-0.00733294483294,0.126678719178,-2.09722222222,-0.671038911146,-1.05887057087,-1.72878903182,-0.00284908356105,0.00110467031468,-1.68406133403,-0.0254938246032,-0.00606164440357,-0.120739152241,0.0456898664743,0.0234981539259,0.0605297966568,0.00501234742,0.0724058370829,0.143532420147,0.0472733506703,0.0724058370829,-0.0395758918002,-0.0182341747761,-2438,-0.0050026264815,-0.000502708467204,0.0208333333333,-0.0277777777778,0,1961,3,154,18474,0.927186761229,0.99983763598,0.000162364020133,0.0728132387707,0.998472505092,0.927186761229,0.961510174062,0.958094225959,0.927024397209,0.925873465534,272,423,0,5,5,5
829,WLNM_dir_neg_kfold,0.936576798618,0.402106096424,00:00:19,10,80,13,17358,threshold_sweep,0.1,0.965156794425,0.654846335697,0.780281690141,277,10,146,836,0.654846335697,0.988179669031,0.0118203309693,0.345153664303,0.965156794425,0.654846335697,0.780281690141,0.87706855792,0.591279222485,0.699228791774,0.724581446884,0.643026004728,2154,1731,423,0,2154,0,1731,0,423,144,2115,0.10270979021,3.28340051934,29.375,15.4379562044,16.5234375,23.125947344,0.787266292563,0.431540583136,18.7178045265,1.27440371245,0.622363409509,10.41950078,0.709412819061,0.401704097715,1.12585631727,0.342893384662,4.14543900894,3.28340051934,1.12585631727,4.14543900894,0.506274862896,0.548025908195,16217,0.0332762894383,0.115809519663,144,144,144,1,0,0.0486111111111,0.840277777778,0.111111111111,144,0.0821678321678,3.05355639515,23.5,13.0153846154,13.3228346457,18.5170494108,0.787959549395,0.43367070528,14.9771387559,1.27465010689,0.62686334384,8.53417645893,0.726312890122,0.407538744418,1.14466266563,0.374862133691,3.85198199836,3.06791692938,1.13559421795,3.85198199836,0.419242347611,0.449462182004,8775,0.0180057618438,0.0939936678204,144,143,143,0.993055555556,0,0.0902777777778,0.791666666667,0.111111111111,144,1979,0.0961052836053,3.86793040899,27.4861111111,14.1357142857,15.5826771654,21.4316236218,0.779725568856,0.43046782887,17.0161365323,1.23816253696,0.609725029476,10.4257256646,0.758617734058,0.426853489417,1.21292561323,0.313585169581,4.67708096753,3.86793040899,1.21292561323,4.67708096753,0.464861330185,0.528966007464,13891,0.028503480088,0.111638282952,144,144,144,1,0,0.0277777777778,0.854166666667,0.118055555556,-136,-0.00660450660451,0.584529889657,-1.88888888889,-1.30224191867,-0.940760334646,-1.69432372229,-0.00754072370705,-0.00107275426653,-1.70166799422,-0.0362411754803,-0.0126383800326,0.00622488463267,0.0492049149972,0.0251493917019,0.0870692959553,-0.029308215081,0.531641958587,0.584529889657,0.0870692959553,0.531641958587,-0.0414135327108,-0.0190599007312,-2326,-0.00477280935027,-0.00417123671091,-0.0208333333333,0.0138888888889,0.00694444444444,1969,10,146,18467,0.930969267139,0.9994587866,0.000541213400444,0.0690307328605,0.9949469429,0.930969267139,0.961895456766,0.958346643234,0.930428053739,0.926588235294,287,423,0,5,5,5
830,WLNM_dir_neg_kfold,0.936576798618,0.402106096424,00:00:19,10,80,13,17358,threshold_sweep,0.2,0.965156794425,0.654846335697,0.780281690141,277,10,146,836,0.654846335697,0.988179669031,0.0118203309693,0.345153664303,0.965156794425,0.654846335697,0.780281690141,0.87706855792,0.591279222485,0.699228791774,0.724581446884,0.643026004728,2154,1731,423,0,2154,0,1731,0,423,144,2115,0.10270979021,3.28340051934,29.375,15.4379562044,16.5234375,23.125947344,0.787266292563,0.431540583136,18.7178045265,1.27440371245,0.622363409509,10.41950078,0.709412819061,0.401704097715,1.12585631727,0.342893384662,4.14543900894,3.28340051934,1.12585631727,4.14543900894,0.506274862896,0.548025908195,16217,0.0332762894383,0.115809519663,144,144,144,1,0,0.0486111111111,0.840277777778,0.111111111111,144,0.0821678321678,3.05355639515,23.5,13.0153846154,13.3228346457,18.5170494108,0.787959549395,0.43367070528,14.9771387559,1.27465010689,0.62686334384,8.53417645893,0.726312890122,0.407538744418,1.14466266563,0.374862133691,3.85198199836,3.06791692938,1.13559421795,3.85198199836,0.419242347611,0.449462182004,8775,0.0180057618438,0.0939936678204,144,143,143,0.993055555556,0,0.0902777777778,0.791666666667,0.111111111111,144,1979,0.0961052836053,3.86793040899,27.4861111111,14.1357142857,15.5826771654,21.4316236218,0.779725568856,0.43046782887,17.0161365323,1.23816253696,0.609725029476,10.4257256646,0.758617734058,0.426853489417,1.21292561323,0.313585169581,4.67708096753,3.86793040899,1.21292561323,4.67708096753,0.464861330185,0.528966007464,13891,0.028503480088,0.111638282952,144,144,144,1,0,0.0277777777778,0.854166666667,0.118055555556,-136,-0.00660450660451,0.584529889657,-1.88888888889,-1.30224191867,-0.940760334646,-1.69432372229,-0.00754072370705,-0.00107275426653,-1.70166799422,-0.0362411754803,-0.0126383800326,0.00622488463267,0.0492049149972,0.0251493917019,0.0870692959553,-0.029308215081,0.531641958587,0.584529889657,0.0870692959553,0.531641958587,-0.0414135327108,-0.0190599007312,-2326,-0.00477280935027,-0.00417123671091,-0.0208333333333,0.0138888888889,0.00694444444444,1969,10,146,18467,0.930969267139,0.9994587866,0.000541213400444,0.0690307328605,0.9949469429,0.930969267139,0.961895456766,0.958346643234,0.930428053739,0.926588235294,287,423,0,5,5,5
831,WLNM_dir_neg_kfold,0.936576798618,0.402106096424,00:00:19,10,80,13,17358,threshold_sweep,0.3,0.978723404255,0.652482269504,0.782978723404,276,6,147,840,0.652482269504,0.992907801418,0.00709219858156,0.347517730496,0.978723404255,0.652482269504,0.782978723404,0.879432624113,0.592592592593,0.704061895551,0.731803554124,0.645390070922,2154,1731,423,0,2154,0,1731,0,423,144,2115,0.10270979021,3.28340051934,29.375,15.4379562044,16.5234375,23.125947344,0.787266292563,0.431540583136,18.7178045265,1.27440371245,0.622363409509,10.41950078,0.709412819061,0.401704097715,1.12585631727,0.342893384662,4.14543900894,3.28340051934,1.12585631727,4.14543900894,0.506274862896,0.548025908195,16217,0.0332762894383,0.115809519663,144,144,144,1,0,0.0486111111111,0.840277777778,0.111111111111,144,0.0821678321678,3.05355639515,23.5,13.0153846154,13.3228346457,18.5170494108,0.787959549395,0.43367070528,14.9771387559,1.27465010689,0.62686334384,8.53417645893,0.726312890122,0.407538744418,1.14466266563,0.374862133691,3.85198199836,3.06791692938,1.13559421795,3.85198199836,0.419242347611,0.449462182004,8775,0.0180057618438,0.0939936678204,144,143,143,0.993055555556,0,0.0902777777778,0.791666666667,0.111111111111,144,1974,0.0958624708625,3.50510606409,27.4166666667,14.4087591241,15.5433070866,21.4402731952,0.782016043594,0.431438562423,17.0420602681,1.24318980679,0.613158561297,10.3780800466,0.757063590029,0.426334008781,1.16098840923,0.331227754026,4.32023521061,3.50510606409,1.16098840923,4.32023521061,0.466383756911,0.530297049873,13883,0.0284870645786,0.11387020131,144,144,144,1,0,0.0486111111111,0.833333333333,0.118055555556,-141,-0.00684731934732,0.221705544755,-1.95833333333,-1.02919708029,-0.980130413386,-1.68567414883,-0.00525024896881,-0.000102020713723,-1.67574425843,-0.0312139056531,-0.00920484821194,-0.0414207333119,0.0476507709679,0.0246299110661,0.0351320919584,-0.0116656306352,0.174796201674,0.221705544755,0.0351320919584,0.174796201674,-0.0398911059848,-0.0177288583216,-2334,-0.00478922485965,-0.00193931835316,0,-0.00694444444444,0.00694444444444,1968,6,147,18471,0.930496453901,0.99967527196,0.000324728040266,0.0695035460993,0.996960486322,0.930496453901,0.962582538518,0.959166412218,0.93017172586,0.927864214993,282,423,0,5,5,5
832,WLNM_dir_neg_kfold,0.936576798618,0.402106096424,00:00:19,10,80,13,17358,threshold_sweep,0.4,0.978723404255,0.652482269504,0.782978723404,276,6,147,840,0.652482269504,0.992907801418,0.00709219858156,0.347517730496,0.978723404255,0.652482269504,0.782978723404,0.879432624113,0.592592592593,0.704061895551,0.731803554124,0.645390070922,2154,1731,423,0,2154,0,1731,0,423,144,2115,0.10270979021,3.28340051934,29.375,15.4379562044,16.5234375,23.125947344,0.787266292563,0.431540583136,18.7178045265,1.27440371245,0.622363409509,10.41950078,0.709412819061,0.401704097715,1.12585631727,0.342893384662,4.14543900894,3.28340051934,1.12585631727,4.14543900894,0.506274862896,0.548025908195,16217,0.0332762894383,0.115809519663,144,144,144,1,0,0.0486111111111,0.840277777778,0.111111111111,144,0.0821678321678,3.05355639515,23.5,13.0153846154,13.3228346457,18.5170494108,0.787959549395,0.43367070528,14.9771387559,1.27465010689,0.62686334384,8.53417645893,0.726312890122,0.407538744418,1.14466266563,0.374862133691,3.85198199836,3.06791692938,1.13559421795,3.85198199836,0.419242347611,0.449462182004,8775,0.0180057618438,0.0939936678204,144,143,143,0.993055555556,0,0.0902777777778,0.791666666667,0.111111111111,144,1974,0.0958624708625,3.50510606409,27.4166666667,14.4087591241,15.5433070866,21.4402731952,0.782016043594,0.431438562423,17.0420602681,1.24318980679,0.613158561297,10.3780800466,0.757063590029,0.426334008781,1.16098840923,0.331227754026,4.32023521061,3.50510606409,1.16098840923,4.32023521061,0.466383756911,0.530297049873,13883,0.0284870645786,0.11387020131,144,144,144,1,0,0.0486111111111,0.833333333333,0.118055555556,-141,-0.00684731934732,0.221705544755,-1.95833333333,-1.02919708029,-0.980130413386,-1.68567414883,-0.00525024896881,-0.000102020713723,-1.67574425843,-0.0312139056531,-0.00920484821194,-0.0414207333119,0.0476507709679,0.0246299110661,0.0351320919584,-0.0116656306352,0.174796201674,0.221705544755,0.0351320919584,0.174796201674,-0.0398911059848,-0.0177288583216,-2334,-0.00478922485965,-0.00193931835316,0,-0.00694444444444,0.00694444444444,1968,6,147,18471,0.930496453901,0.99967527196,0.000324728040266,0.0695035460993,0.996960486322,0.930496453901,0.962582538518,0.959166412218,0.93017172586,0.927864214993,282,423,0,5,5,5
833,WLNM_dir_neg_kfold,0.936576798618,0.402106096424,00:00:19,10,80,13,17358,threshold_sweep,0.5,0.978723404255,0.652482269504,0.782978723404,276,6,147,840,0.652482269504,0.992907801418,0.00709219858156,0.347517730496,0.978723404255,0.652482269504,0.782978723404,0.879432624113,0.592592592593,0.704061895551,0.731803554124,0.645390070922,2154,1731,423,0,2154,0,1731,0,423,144,2115,0.10270979021,3.28340051934,29.375,15.4379562044,16.5234375,23.125947344,0.787266292563,0.431540583136,18.7178045265,1.27440371245,0.622363409509,10.41950078,0.709412819061,0.401704097715,1.12585631727,0.342893384662,4.14543900894,3.28340051934,1.12585631727,4.14543900894,0.506274862896,0.548025908195,16217,0.0332762894383,0.115809519663,144,144,144,1,0,0.0486111111111,0.840277777778,0.111111111111,144,0.0821678321678,3.05355639515,23.5,13.0153846154,13.3228346457,18.5170494108,0.787959549395,0.43367070528,14.9771387559,1.27465010689,0.62686334384,8.53417645893,0.726312890122,0.407538744418,1.14466266563,0.374862133691,3.85198199836,3.06791692938,1.13559421795,3.85198199836,0.419242347611,0.449462182004,8775,0.0180057618438,0.0939936678204,144,143,143,0.993055555556,0,0.0902777777778,0.791666666667,0.111111111111,144,1974,0.0958624708625,3.50510606409,27.4166666667,14.4087591241,15.5433070866,21.4402731952,0.782016043594,0.431438562423,17.0420602681,1.24318980679,0.613158561297,10.3780800466,0.757063590029,0.426334008781,1.16098840923,0.331227754026,4.32023521061,3.50510606409,1.16098840923,4.32023521061,0.466383756911,0.530297049873,13883,0.0284870645786,0.11387020131,144,144,144,1,0,0.0486111111111,0.833333333333,0.118055555556,-141,-0.00684731934732,0.221705544755,-1.95833333333,-1.02919708029,-0.980130413386,-1.68567414883,-0.00525024896881,-0.000102020713723,-1.67574425843,-0.0312139056531,-0.00920484821194,-0.0414207333119,0.0476507709679,0.0246299110661,0.0351320919584,-0.0116656306352,0.174796201674,0.221705544755,0.0351320919584,0.174796201674,-0.0398911059848,-0.0177288583216,-2334,-0.00478922485965,-0.00193931835316,0,-0.00694444444444,0.00694444444444,1968,6,147,18471,0.930496453901,0.99967527196,0.000324728040266,0.0695035460993,0.996960486322,0.930496453901,0.962582538518,0.959166412218,0.93017172586,0.927864214993,282,423,0,5,5,5
834,WLNM_dir_neg_kfold,0.936576798618,0.402106096424,00:00:19,10,80,13,17358,threshold_sweep,0.6,0.978417266187,0.643026004728,0.776034236805,272,6,151,840,0.643026004728,0.992907801418,0.00709219858156,0.356973995272,0.978417266187,0.643026004728,0.776034236805,0.876280535855,0.593643288679,0.695539754363,0.724783090704,0.635933806147,2154,1731,423,0,2154,0,1731,0,423,144,2115,0.10270979021,3.28340051934,29.375,15.4379562044,16.5234375,23.125947344,0.787266292563,0.431540583136,18.7178045265,1.27440371245,0.622363409509,10.41950078,0.709412819061,0.401704097715,1.12585631727,0.342893384662,4.14543900894,3.28340051934,1.12585631727,4.14543900894,0.506274862896,0.548025908195,16217,0.0332762894383,0.115809519663,144,144,144,1,0,0.0486111111111,0.840277777778,0.111111111111,144,0.0821678321678,3.05355639515,23.5,13.0153846154,13.3228346457,18.5170494108,0.787959549395,0.43367070528,14.9771387559,1.27465010689,0.62686334384,8.53417645893,0.726312890122,0.407538744418,1.14466266563,0.374862133691,3.85198199836,3.06791692938,1.13559421795,3.85198199836,0.419242347611,0.449462182004,8775,0.0180057618438,0.0939936678204,144,143,143,0.993055555556,0,0.0902777777778,0.791666666667,0.111111111111,144,1970,0.0956682206682,3.41507033535,27.3611111111,14.8120300752,15.5118110236,21.4595443454,0.78430821973,0.432529610829,17.0637032593,1.2472960758,0.616180203046,10.3367446809,0.755579306625,0.425535815003,1.19157739113,0.34891737918,4.22955488613,3.4319589391,1.17834376848,4.22955488613,0.469422479799,0.531352461631,13883,0.0284870645786,0.115156455552,144,143,143,0.993055555556,0,0.0694444444444,0.8125,0.111111111111,-145,-0.00704156954157,0.131669816018,-2.01388888889,-0.625926129192,-1.01162647638,-1.66640299865,-0.00295807283293,0.000989027692775,-1.65410126728,-0.0271076366416,-0.00618320646311,-0.0827560990471,0.046166487564,0.0238317172881,0.0657210738542,0.00602399451892,0.0841158771898,0.148558419762,0.0524874512048,0.0841158771898,-0.0368523830968,-0.0166734465642,-2334,-0.00478922485965,-0.000653064111499,0.0208333333333,-0.0277777777778,0,1964,6,151,18471,0.928605200946,0.99967527196,0.000324728040266,0.0713947990544,0.996954314721,0.928605200946,0.961566707466,0.958084591986,0.928280472905,0.925978312117,278,423,0,5,5,5
835,WLNM_dir_neg_kfold,0.936576798618,0.402106096424,00:00:19,10,80,13,17358,threshold_sweep,0.7,0.978417266187,0.643026004728,0.776034236805,272,6,151,840,0.643026004728,0.992907801418,0.00709219858156,0.356973995272,0.978417266187,0.643026004728,0.776034236805,0.876280535855,0.593643288679,0.695539754363,0.724783090704,0.635933806147,2154,1731,423,0,2154,0,1731,0,423,144,2115,0.10270979021,3.28340051934,29.375,15.4379562044,16.5234375,23.125947344,0.787266292563,0.431540583136,18.7178045265,1.27440371245,0.622363409509,10.41950078,0.709412819061,0.401704097715,1.12585631727,0.342893384662,4.14543900894,3.28340051934,1.12585631727,4.14543900894,0.506274862896,0.548025908195,16217,0.0332762894383,0.115809519663,144,144,144,1,0,0.0486111111111,0.840277777778,0.111111111111,144,0.0821678321678,3.05355639515,23.5,13.0153846154,13.3228346457,18.5170494108,0.787959549395,0.43367070528,14.9771387559,1.27465010689,0.62686334384,8.53417645893,0.726312890122,0.407538744418,1.14466266563,0.374862133691,3.85198199836,3.06791692938,1.13559421795,3.85198199836,0.419242347611,0.449462182004,8775,0.0180057618438,0.0939936678204,144,143,143,0.993055555556,0,0.0902777777778,0.791666666667,0.111111111111,144,1970,0.0956682206682,3.41507033535,27.3611111111,14.8120300752,15.5118110236,21.4595443454,0.78430821973,0.432529610829,17.0637032593,1.2472960758,0.616180203046,10.3367446809,0.755579306625,0.425535815003,1.19157739113,0.34891737918,4.22955488613,3.4319589391,1.17834376848,4.22955488613,0.469422479799,0.531352461631,13883,0.0284870645786,0.115156455552,144,143,143,0.993055555556,0,0.0694444444444,0.8125,0.111111111111,-145,-0.00704156954157,0.131669816018,-2.01388888889,-0.625926129192,-1.01162647638,-1.66640299865,-0.00295807283293,0.000989027692775,-1.65410126728,-0.0271076366416,-0.00618320646311,-0.0827560990471,0.046166487564,0.0238317172881,0.0657210738542,0.00602399451892,0.0841158771898,0.148558419762,0.0524874512048,0.0841158771898,-0.0368523830968,-0.0166734465642,-2334,-0.00478922485965,-0.000653064111499,0.0208333333333,-0.0277777777778,0,1964,6,151,18471,0.928605200946,0.99967527196,0.000324728040266,0.0713947990544,0.996954314721,0.928605200946,0.961566707466,0.958084591986,0.928280472905,0.925978312117,278,423,0,5,5,5
836,WLNM_dir_neg_kfold,0.936576798618,0.402106096424,00:00:19,10,80,13,17358,threshold_sweep,0.8,0.978260869565,0.63829787234,0.772532188841,270,6,153,840,0.63829787234,0.992907801418,0.00709219858156,0.36170212766,0.978260869565,0.63829787234,0.772532188841,0.874704491726,0.594168636722,0.691262135922,0.721268713044,0.631205673759,2154,1731,423,0,2154,0,1731,0,423,144,2115,0.10270979021,3.28340051934,29.375,15.4379562044,16.5234375,23.125947344,0.787266292563,0.431540583136,18.7178045265,1.27440371245,0.622363409509,10.41950078,0.709412819061,0.401704097715,1.12585631727,0.342893384662,4.14543900894,3.28340051934,1.12585631727,4.14543900894,0.506274862896,0.548025908195,16217,0.0332762894383,0.115809519663,144,144,144,1,0,0.0486111111111,0.840277777778,0.111111111111,144,0.0821678321678,3.05355639515,23.5,13.0153846154,13.3228346457,18.5170494108,0.787959549395,0.43367070528,14.9771387559,1.27465010689,0.62686334384,8.53417645893,0.726312890122,0.407538744418,1.14466266563,0.374862133691,3.85198199836,3.06791692938,1.13559421795,3.85198199836,0.419242347611,0.449462182004,8775,0.0180057618438,0.0939936678204,144,143,143,0.993055555556,0,0.0902777777778,0.791666666667,0.111111111111,144,1968,0.0955710955711,3.4144641612,27.3333333333,14.7969924812,15.4960629921,21.4100819333,0.783295680487,0.432090531843,17.0347238951,1.24644321184,0.615910117435,10.3193754893,0.755076255316,0.425248419151,1.19094071805,0.348792859384,4.22744499379,3.43134852597,1.17770422005,4.22744499379,0.46748958689,0.529861253328,13799,0.0283147017302,0.115079411268,144,143,143,0.993055555556,0,0.0694444444444,0.8125,0.111111111111,-147,-0.00713869463869,0.131063641867,-2.04166666667,-0.640963723177,-1.02737450787,-1.71586541072,-0.00397061207573,0.000549948706491,-1.68308063145,-0.0279605006096,-0.00645329207429,-0.100125290639,0.045663436255,0.0235443214361,0.0650844007748,0.00589947472228,0.082005984847,0.14794800663,0.0518479027765,0.082005984847,-0.0387852760061,-0.018164654867,-2418,-0.00496158770807,-0.000730108395084,0.0208333333333,-0.0277777777778,0,1962,6,153,18471,0.927659574468,0.99967527196,0.000324728040266,0.0723404255319,0.996951219512,0.927659574468,0.961058045555,0.957543398012,0.927334846428,0.925035360679,276,423,0,5,5,5
837,WLNM_dir_neg_kfold,0.936576798618,0.402106096424,00:00:19,10,80,13,17358,threshold_sweep,0.9,0.981818181818,0.63829787234,0.773638968481,270,5,153,841,0.63829787234,0.994089834515,0.00591016548463,0.36170212766,0.981818181818,0.63829787234,0.773638968481,0.87549251379,0.594431310743,0.693005181347,0.723567822162,0.632387706856,2154,1731,423,0,2154,0,1731,0,423,144,2115,0.10270979021,3.28340051934,29.375,15.4379562044,16.5234375,23.125947344,0.787266292563,0.431540583136,18.7178045265,1.27440371245,0.622363409509,10.41950078,0.709412819061,0.401704097715,1.12585631727,0.342893384662,4.14543900894,3.28340051934,1.12585631727,4.14543900894,0.506274862896,0.548025908195,16217,0.0332762894383,0.115809519663,144,144,144,1,0,0.0486111111111,0.840277777778,0.111111111111,144,0.0821678321678,3.05355639515,23.5,13.0153846154,13.3228346457,18.5170494108,0.787959549395,0.43367070528,14.9771387559,1.27465010689,0.62686334384,8.53417645893,0.726312890122,0.407538744418,1.14466266563,0.374862133691,3.85198199836,3.06791692938,1.13559421795,3.85198199836,0.419242347611,0.449462182004,8775,0.0180057618438,0.0939936678204,144,143,143,0.993055555556,0,0.0902777777778,0.791666666667,0.111111111111,144,1967,0.0955225330225,3.41486662584,27.3194444444,14.7894736842,15.4881889764,21.4116015797,0.783749524014,0.432313732136,17.0368433312,1.24723204865,0.616043184771,10.3066026732,0.754525055894,0.424987996385,1.19110040788,0.348798514961,4.22753909006,3.43175380504,1.1778609906,4.22753909006,0.467800758435,0.53011693285,13797,0.0283105978529,0.115210171135,144,143,143,0.993055555556,0,0.0694444444444,0.8125,0.111111111111,-148,-0.00718725718726,0.131466106506,-2.05555555556,-0.648482520169,-1.03524852362,-1.71434576437,-0.00351676854867,0.000773148999468,-1.68096119535,-0.0271716637968,-0.00632022473786,-0.112898106739,0.045112236833,0.0232838986701,0.0652440906098,0.00590513029968,0.082100081125,0.148353285708,0.0520046733269,0.082100081125,-0.0384741044606,-0.0179089753448,-2420,-0.00496569158541,-0.000599348528509,0.0208333333333,-0.0277777777778,0,1962,5,153,18472,0.927659574468,0.9997293933,0.000270606700222,0.0723404255319,0.997458057956,0.927659574468,0.961293483586,0.957816953406,0.927388967768,0.925471698113,275,423,0,5,5,5
838,WLNM_dir_neg_kfold,0.898894254145,0.395424666716,00:00:19,10,80,14,17359,threshold_sweep,0.1,0.945205479452,0.652482269504,0.772027972028,276,16,147,830,0.652482269504,0.981087470449,0.0189125295508,0.347517730496,0.945205479452,0.652482269504,0.772027972028,0.871552403467,0.589965852377,0.686739269699,0.709595878387,0.633569739953,2154,1731,423,0,2154,0,1731,0,423,144,2115,0.10270979021,3.28340051934,29.375,15.4379562044,16.5234375,23.125947344,0.787266292563,0.431540583136,18.7178045265,1.27440371245,0.622363409509,10.41950078,0.709412819061,0.401704097715,1.12585631727,0.342893384662,4.14543900894,3.28340051934,1.12585631727,4.14543900894,0.506274862896,0.548025908195,16217,0.0332762894383,0.115809519663,144,144,144,1,0,0.0486111111111,0.840277777778,0.111111111111,144,0.0821678321678,3.05355639515,23.5,13.0153846154,13.3228346457,18.5170494108,0.787959549395,0.43367070528,14.9771387559,1.27465010689,0.62686334384,8.53417645893,0.726312890122,0.407538744418,1.14466266563,0.374862133691,3.85198199836,3.06791692938,1.13559421795,3.85198199836,0.419242347611,0.449462182004,8775,0.0180057618438,0.0939936678204,144,143,143,0.993055555556,0,0.0902777777778,0.791666666667,0.111111111111,144,1984,0.0963480963481,9.47101686433,27.5555555556,14.1714285714,15.6220472441,21.435144587,0.777888311625,0.42961749552,16.9876320475,1.23297329377,0.607498879928,10.4201555929,0.756301615612,0.425445228495,3.06557582615,0.323679692483,12.2727272727,9.47101686433,3.06557582615,12.2727272727,0.46899746583,0.52871784464,13894,0.028509635904,0.1122729987,144,144,144,1,0,0.0277777777778,0.854166666667,0.118055555556,-131,-0.00636169386169,6.18761634499,-1.81944444444,-1.26652763295,-0.901390255906,-1.69080275705,-0.0093779809383,-0.00192308761661,-1.73017247909,-0.0414304186784,-0.0148645295805,0.000654812915432,0.0468887965508,0.0237411307799,1.93971950887,-0.0192136921784,8.12728826379,6.18761634499,1.93971950887,8.12728826379,-0.0372773970659,-0.0193080635554,-2323,-0.00476665353426,-0.0035365209628,-0.0208333333333,0.0138888888889,0.00694444444444,1968,16,147,18461,0.930496453901,0.999134058559,0.00086594144071,0.0695035460993,0.991935483871,0.930496453901,0.960234203464,0.95644632417,0.92963051246,0.92351008916,292,423,0,5,5,5
839,WLNM_dir_neg_kfold,0.898894254145,0.395424666716,00:00:19,10,80,14,17359,threshold_sweep,0.2,0.951724137931,0.652482269504,0.774193548387,276,14,147,832,0.652482269504,0.983451536643,0.016548463357,0.347517730496,0.951724137931,0.652482269504,0.774193548387,0.873128447597,0.59049120042,0.690186016677,0.713965017548,0.635933806147,2154,1731,423,0,2154,0,1731,0,423,144,2115,0.10270979021,3.28340051934,29.375,15.4379562044,16.5234375,23.125947344,0.787266292563,0.431540583136,18.7178045265,1.27440371245,0.622363409509,10.41950078,0.709412819061,0.401704097715,1.12585631727,0.342893384662,4.14543900894,3.28340051934,1.12585631727,4.14543900894,0.506274862896,0.548025908195,16217,0.0332762894383,0.115809519663,144,144,144,1,0,0.0486111111111,0.840277777778,0.111111111111,144,0.0821678321678,3.05355639515,23.5,13.0153846154,13.3228346457,18.5170494108,0.787959549395,0.43367070528,14.9771387559,1.27465010689,0.62686334384,8.53417645893,0.726312890122,0.407538744418,1.14466266563,0.374862133691,3.85198199836,3.06791692938,1.13559421795,3.85198199836,0.419242347611,0.449462182004,8775,0.0180057618438,0.0939936678204,144,143,143,0.993055555556,0,0.0902777777778,0.791666666667,0.111111111111,144,1982,0.096250971251,9.0927656894,27.5277777778,14.2589928058,15.6062992126,21.447918524,0.779137302588,0.430187661173,16.9956745263,1.23480178193,0.608434241507,10.4225321481,0.757237451732,0.425874537504,3.15840656547,0.347353783585,12.2727272727,9.0927656894,3.15840656547,12.2727272727,0.468443900632,0.528674949554,13886,0.0284932203946,0.113994961793,144,144,144,1,0,0.0347222222222,0.847222222222,0.118055555556,-133,-0.00645881895882,5.80936517007,-1.84722222222,-1.17896339862,-0.917138287402,-1.67802882002,-0.00812898997497,-0.00135292196355,-1.72213000027,-0.0396019305163,-0.0139291680019,0.00303136819224,0.0478246326714,0.0241704397895,2.03255024819,0.00446039892381,8.12728826379,5.80936517007,2.03255024819,8.12728826379,-0.0378309622637,-0.019350958641,-2331,-0.00478306904363,-0.00181455786969,-0.0138888888889,0.00694444444444,0.00694444444444,1968,14,147,18463,0.930496453901,0.999242301239,0.000757698760621,0.0695035460993,0.992936427851,0.930496453901,0.960702953381,0.956988762432,0.92973875514,0.924377642085,290,423,0,5,5,5
840,WLNM_dir_neg_kfold,0.898894254145,0.395424666716,00:00:19,10,80,14,17359,threshold_sweep,0.3,0.968309859155,0.65011820331,0.777934936351,275,9,148,837,0.65011820331,0.989361702128,0.0106382978723,0.34988179669,0.968309859155,0.65011820331,0.777934936351,0.876280535855,0.59206724455,0.696716033484,0.723277544796,0.639479905437,2154,1731,423,0,2154,0,1731,0,423,144,2115,0.10270979021,3.28340051934,29.375,15.4379562044,16.5234375,23.125947344,0.787266292563,0.431540583136,18.7178045265,1.27440371245,0.622363409509,10.41950078,0.709412819061,0.401704097715,1.12585631727,0.342893384662,4.14543900894,3.28340051934,1.12585631727,4.14543900894,0.506274862896,0.548025908195,16217,0.0332762894383,0.115809519663,144,144,144,1,0,0.0486111111111,0.840277777778,0.111111111111,144,0.0821678321678,3.05355639515,23.5,13.0153846154,13.3228346457,18.5170494108,0.787959549395,0.43367070528,14.9771387559,1.27465010689,0.62686334384,8.53417645893,0.726312890122,0.407538744418,1.14466266563,0.374862133691,3.85198199836,3.06791692938,1.13559421795,3.85198199836,0.419242347611,0.449462182004,8775,0.0180057618438,0.0939936678204,144,143,143,0.993055555556,0,0.0902777777778,0.791666666667,0.111111111111,144,1976,0.0959595959596,10.0247207807,27.4444444444,14.3188405797,15.5590551181,21.443625156,0.781346665602,0.431335751237,17.0110800767,1.23967385175,0.610977564103,10.376442149,0.756177970369,0.42558620108,3.59784914736,0.358897691624,14,10.0247207807,3.59784914736,14,0.470310857427,0.529656594456,13871,0.0284624413146,0.114793681555,144,144,144,1,0,0.0416666666667,0.840277777778,0.118055555556,-139,-0.00675019425019,6.74132026134,-1.93055555556,-1.11911562467,-0.96438238189,-1.68232218809,-0.0059196269616,-0.000204831899261,-1.70672444981,-0.0347298606998,-0.0113858454062,-0.0430586310035,0.0467651513082,0.0238821033649,2.47199283009,0.0160043069628,9.85456099106,6.74132026134,2.47199283009,9.85456099106,-0.0359640054692,-0.0183693137393,-2346,-0.00481384812371,-0.00101583810824,-0.00694444444444,0,0.00694444444444,1967,9,148,18468,0.930023640662,0.99951290794,0.000487092060399,0.0699763593381,0.99544534413,0.930023640662,0.961623075043,0.958077697336,0.929536548602,0.926082862524,284,423,0,5,5,5
841,WLNM_dir_neg_kfold,0.898894254145,0.395424666716,00:00:19,10,80,14,17359,threshold_sweep,0.4,0.968309859155,0.65011820331,0.777934936351,275,9,148,837,0.65011820331,0.989361702128,0.0106382978723,0.34988179669,0.968309859155,0.65011820331,0.777934936351,0.876280535855,0.59206724455,0.696716033484,0.723277544796,0.639479905437,2154,1731,423,0,2154,0,1731,0,423,144,2115,0.10270979021,3.28340051934,29.375,15.4379562044,16.5234375,23.125947344,0.787266292563,0.431540583136,18.7178045265,1.27440371245,0.622363409509,10.41950078,0.709412819061,0.401704097715,1.12585631727,0.342893384662,4.14543900894,3.28340051934,1.12585631727,4.14543900894,0.506274862896,0.548025908195,16217,0.0332762894383,0.115809519663,144,144,144,1,0,0.0486111111111,0.840277777778,0.111111111111,144,0.0821678321678,3.05355639515,23.5,13.0153846154,13.3228346457,18.5170494108,0.787959549395,0.43367070528,14.9771387559,1.27465010689,0.62686334384,8.53417645893,0.726312890122,0.407538744418,1.14466266563,0.374862133691,3.85198199836,3.06791692938,1.13559421795,3.85198199836,0.419242347611,0.449462182004,8775,0.0180057618438,0.0939936678204,144,143,143,0.993055555556,0,0.0902777777778,0.791666666667,0.111111111111,144,1976,0.0959595959596,10.0247207807,27.4444444444,14.3188405797,15.5590551181,21.443625156,0.781346665602,0.431335751237,17.0110800767,1.23967385175,0.610977564103,10.376442149,0.756177970369,0.42558620108,3.59784914736,0.358897691624,14,10.0247207807,3.59784914736,14,0.470310857427,0.529656594456,13871,0.0284624413146,0.114793681555,144,144,144,1,0,0.0416666666667,0.840277777778,0.118055555556,-139,-0.00675019425019,6.74132026134,-1.93055555556,-1.11911562467,-0.96438238189,-1.68232218809,-0.0059196269616,-0.000204831899261,-1.70672444981,-0.0347298606998,-0.0113858454062,-0.0430586310035,0.0467651513082,0.0238821033649,2.47199283009,0.0160043069628,9.85456099106,6.74132026134,2.47199283009,9.85456099106,-0.0359640054692,-0.0183693137393,-2346,-0.00481384812371,-0.00101583810824,-0.00694444444444,0,0.00694444444444,1967,9,148,18468,0.930023640662,0.99951290794,0.000487092060399,0.0699763593381,0.99544534413,0.930023640662,0.961623075043,0.958077697336,0.929536548602,0.926082862524,284,423,0,5,5,5
842,WLNM_dir_neg_kfold,0.898894254145,0.395424666716,00:00:19,10,80,14,17359,threshold_sweep,0.5,0.971731448763,0.65011820331,0.779036827195,275,8,148,838,0.65011820331,0.990543735225,0.00945626477541,0.34988179669,0.971731448763,0.65011820331,0.779036827195,0.87706855792,0.592329918571,0.698453608247,0.725525386919,0.640661938534,2154,1731,423,0,2154,0,1731,0,423,144,2115,0.10270979021,3.28340051934,29.375,15.4379562044,16.5234375,23.125947344,0.787266292563,0.431540583136,18.7178045265,1.27440371245,0.622363409509,10.41950078,0.709412819061,0.401704097715,1.12585631727,0.342893384662,4.14543900894,3.28340051934,1.12585631727,4.14543900894,0.506274862896,0.548025908195,16217,0.0332762894383,0.115809519663,144,144,144,1,0,0.0486111111111,0.840277777778,0.111111111111,144,0.0821678321678,3.05355639515,23.5,13.0153846154,13.3228346457,18.5170494108,0.787959549395,0.43367070528,14.9771387559,1.27465010689,0.62686334384,8.53417645893,0.726312890122,0.407538744418,1.14466266563,0.374862133691,3.85198199836,3.06791692938,1.13559421795,3.85198199836,0.419242347611,0.449462182004,8775,0.0180057618438,0.0939936678204,144,143,143,0.993055555556,0,0.0902777777778,0.791666666667,0.111111111111,144,1975,0.095911033411,10.0008922443,27.4305555556,14.3115942029,15.5511811024,21.4354300453,0.781443525703,0.431374824191,17.0148693484,1.24057781578,0.611353727145,10.3658012178,0.755785000185,0.425376230661,3.60677426658,0.360645248292,14,10.0008922443,3.60677426658,14,0.470105301399,0.529710791184,13859,0.0284378180505,0.11495537318,144,144,144,1,0,0.0416666666667,0.840277777778,0.118055555556,-140,-0.00679875679876,6.71749172494,-1.94444444444,-1.12636200148,-0.972256397638,-1.69051729873,-0.00582276686048,-0.000165758945048,-1.70293517813,-0.0338258966628,-0.0110096823639,-0.0536995621368,0.0463721811245,0.0236721329463,2.4809179493,0.0177518636306,9.85456099106,6.71749172494,2.4809179493,9.85456099106,-0.0361695614971,-0.0183151170113,-2358,-0.00483847138777,-0.000854146483023,-0.00694444444444,0,0.00694444444444,1967,8,148,18469,0.930023640662,0.99956702928,0.000432970720355,0.0699763593381,0.995949367089,0.930023640662,0.961858190709,0.958350275581,0.929590669942,0.926519076778,283,423,0,5,5,5
843,WLNM_dir_neg_kfold,0.898894254145,0.395424666716,00:00:19,10,80,14,17359,threshold_sweep,0.6,0.978647686833,0.65011820331,0.78125,275,6,148,840,0.65011820331,0.992907801418,0.00709219858156,0.34988179669,0.978647686833,0.65011820331,0.78125,0.878644602049,0.592855266614,0.701935483871,0.730049435722,0.643026004728,2154,1731,423,0,2154,0,1731,0,423,144,2115,0.10270979021,3.28340051934,29.375,15.4379562044,16.5234375,23.125947344,0.787266292563,0.431540583136,18.7178045265,1.27440371245,0.622363409509,10.41950078,0.709412819061,0.401704097715,1.12585631727,0.342893384662,4.14543900894,3.28340051934,1.12585631727,4.14543900894,0.506274862896,0.548025908195,16217,0.0332762894383,0.115809519663,144,144,144,1,0,0.0486111111111,0.840277777778,0.111111111111,144,0.0821678321678,3.05355639515,23.5,13.0153846154,13.3228346457,18.5170494108,0.787959549395,0.43367070528,14.9771387559,1.27465010689,0.62686334384,8.53417645893,0.726312890122,0.407538744418,1.14466266563,0.374862133691,3.85198199836,3.06791692938,1.13559421795,3.85198199836,0.419242347611,0.449462182004,8775,0.0180057618438,0.0939936678204,144,143,143,0.993055555556,0,0.0902777777778,0.791666666667,0.111111111111,144,1973,0.0958139083139,6.50213384515,27.4027777778,14.2971014493,15.5354330709,21.4438017988,0.78254117056,0.43186489835,17.0224368027,1.24238768352,0.612107197162,10.3627087348,0.756325422107,0.425680717464,2.13355174316,0.3281310096,8,6.50213384515,2.13355174316,8,0.467084853302,0.529537802265,13840,0.0283988312157,0.114580831631,144,144,144,1,0,0.0416666666667,0.840277777778,0.118055555556,-142,-0.00689588189588,3.21873332582,-1.97222222222,-1.1408547551,-0.988004429134,-1.68214554523,-0.00472512200345,0.000324315213619,-1.69536772387,-0.0320160289255,-0.0102562123471,-0.0567920451107,0.0469126030465,0.0239766197488,1.00769542589,-0.0147623750614,3.85456099106,3.21873332582,1.00769542589,3.85456099106,-0.0391900095941,-0.0184881059298,-2377,-0.00487745822253,-0.0012286880319,-0.00694444444444,0,0.00694444444444,1967,6,148,18471,0.930023640662,0.99967527196,0.000324728040266,0.0699763593381,0.996958945768,0.930023640662,0.962328767123,0.958896028013,0.929698912622,0.927392739274,281,423,0,5,5,5
844,WLNM_dir_neg_kfold,0.898894254145,0.395424666716,00:00:19,10,80,14,17359,threshold_sweep,0.7,0.978571428571,0.647754137116,0.779516358464,274,6,149,840,0.647754137116,0.992907801418,0.00709219858156,0.352245862884,0.978571428571,0.647754137116,0.779516358464,0.877856579984,0.593117940636,0.699806326662,0.728294662689,0.640661938534,2154,1731,423,0,2154,0,1731,0,423,144,2115,0.10270979021,3.28340051934,29.375,15.4379562044,16.5234375,23.125947344,0.787266292563,0.431540583136,18.7178045265,1.27440371245,0.622363409509,10.41950078,0.709412819061,0.401704097715,1.12585631727,0.342893384662,4.14543900894,3.28340051934,1.12585631727,4.14543900894,0.506274862896,0.548025908195,16217,0.0332762894383,0.115809519663,144,144,144,1,0,0.0486111111111,0.840277777778,0.111111111111,144,0.0821678321678,3.05355639515,23.5,13.0153846154,13.3228346457,18.5170494108,0.787959549395,0.43367070528,14.9771387559,1.27465010689,0.62686334384,8.53417645893,0.726312890122,0.407538744418,1.14466266563,0.374862133691,3.85198199836,3.06791692938,1.13559421795,3.85198199836,0.419242347611,0.449462182004,8775,0.0180057618438,0.0939936678204,144,143,143,0.993055555556,0,0.0902777777778,0.791666666667,0.111111111111,144,1972,0.0957653457653,6.49370631982,27.3888888889,14.3941605839,15.5275590551,21.4528629844,0.783268831072,0.432242365337,17.0278577909,1.24341355066,0.612878915934,10.3601426792,0.756521574949,0.425745154384,2.1491408928,0.330957512852,8,6.49370631982,2.1491408928,8,0.468491453238,0.52971345462,13840,0.0283988312157,0.115444784026,144,144,144,1,0,0.0486111111111,0.833333333333,0.118055555556,-143,-0.00694444444444,3.21030580049,-1.98611111111,-1.04379562044,-0.995878444882,-1.67308435969,-0.00399746149153,0.000701782200611,-1.68994673561,-0.0309901617894,-0.00948449357461,-0.0593581007955,0.047108755888,0.0240410566689,1.02328457552,-0.0119358718099,3.85456099106,3.21030580049,1.02328457552,3.85456099106,-0.0377834096581,-0.0183124535752,-2377,-0.00487745822253,-0.000364735636566,0,-0.00694444444444,0.00694444444444,1966,6,149,18471,0.929550827423,0.99967527196,0.000324728040266,0.0704491725768,0.996957403651,0.929550827423,0.962074871544,0.958625596602,0.929226099383,0.926921263555,280,423,0,5,5,5
845,WLNM_dir_neg_kfold,0.898894254145,0.395424666716,00:00:19,10,80,14,17359,threshold_sweep,0.8,0.989010989011,0.63829787234,0.775862068966,270,3,153,843,0.63829787234,0.996453900709,0.00354609929078,0.36170212766,0.989010989011,0.63829787234,0.775862068966,0.87706855792,0.594956658786,0.696498054475,0.728196010265,0.63475177305,2154,1731,423,0,2154,0,1731,0,423,144,2115,0.10270979021,3.28340051934,29.375,15.4379562044,16.5234375,23.125947344,0.787266292563,0.431540583136,18.7178045265,1.27440371245,0.622363409509,10.41950078,0.709412819061,0.401704097715,1.12585631727,0.342893384662,4.14543900894,3.28340051934,1.12585631727,4.14543900894,0.506274862896,0.548025908195,16217,0.0332762894383,0.115809519663,144,144,144,1,0,0.0486111111111,0.840277777778,0.111111111111,144,0.0821678321678,3.05355639515,23.5,13.0153846154,13.3228346457,18.5170494108,0.787959549395,0.43367070528,14.9771387559,1.27465010689,0.62686334384,8.53417645893,0.726312890122,0.407538744418,1.14466266563,0.374862133691,3.85198199836,3.06791692938,1.13559421795,3.85198199836,0.419242347611,0.449462182004,8775,0.0180057618438,0.0939936678204,144,143,143,0.993055555556,0,0.0902777777778,0.791666666667,0.111111111111,144,1965,0.0954254079254,3.12892766582,27.2916666667,15.1153846154,15.4724409449,21.4729867703,0.786796461814,0.433817500707,17.0656768156,1.2506144842,0.618105032513,10.2803150546,0.753366599423,0.424162425785,1.18815721815,0.379733041172,3.98512335007,3.14381527187,1.17877826938,3.98512335007,0.467843168443,0.531190756776,13823,0.0283639482583,0.117638105278,144,143,143,0.993055555556,0,0.0902777777778,0.791666666667,0.111111111111,-150,-0.00728438228438,-0.154472853519,-2.08333333333,-0.322571588995,-1.05099655512,-1.6529605737,-0.000469830749205,0.00227691757049,-1.65212771093,-0.0237892282479,-0.00425837699537,-0.139185725329,0.0439537803622,0.0224583280698,0.0623009008727,0.0368396565102,-0.160315658871,-0.139585247464,0.0529219521052,-0.160315658871,-0.0384316944523,-0.0168351514187,-2394,-0.00491234117995,0.00182858561455,0.0416666666667,-0.0486111111111,0,1962,3,153,18474,0.927659574468,0.99983763598,0.000162364020133,0.0723404255319,0.998473282443,0.927659574468,0.961764705882,0.958364664695,0.927497210448,0.926345609065,273,423,0,5,5,5
846,WLNM_dir_neg_kfold,0.898894254145,0.395424666716,00:00:19,10,80,14,17359,threshold_sweep,0.9,0.988970588235,0.635933806147,0.774100719424,269,3,154,843,0.635933806147,0.996453900709,0.00354609929078,0.364066193853,0.988970588235,0.635933806147,0.774100719424,0.876280535855,0.595219332808,0.69435431538,0.726451714389,0.632387706856,2154,1731,423,0,2154,0,1731,0,423,144,2115,0.10270979021,3.28340051934,29.375,15.4379562044,16.5234375,23.125947344,0.787266292563,0.431540583136,18.7178045265,1.27440371245,0.622363409509,10.41950078,0.709412819061,0.401704097715,1.12585631727,0.342893384662,4.14543900894,3.28340051934,1.12585631727,4.14543900894,0.506274862896,0.548025908195,16217,0.0332762894383,0.115809519663,144,144,144,1,0,0.0486111111111,0.840277777778,0.111111111111,144,0.0821678321678,3.05355639515,23.5,13.0153846154,13.3228346457,18.5170494108,0.787959549395,0.43367070528,14.9771387559,1.27465010689,0.62686334384,8.53417645893,0.726312890122,0.407538744418,1.14466266563,0.374862133691,3.85198199836,3.06791692938,1.13559421795,3.85198199836,0.419242347611,0.449462182004,8775,0.0180057618438,0.0939936678204,144,143,143,0.993055555556,0,0.0902777777778,0.791666666667,0.111111111111,144,1964,0.0953768453768,3.12852531305,27.2777777778,15.1076923077,15.4645669291,21.4614451655,0.786773957189,0.433801482236,17.0608172158,1.25089494861,0.618175775062,10.2770101983,0.75350787605,0.424176849966,1.18759617329,0.379602545753,3.98376947141,3.14341010545,1.17821393015,3.98376947141,0.467450063093,0.530244546749,13783,0.0282818707114,0.117616447117,144,143,143,0.993055555556,0,0.0902777777778,0.791666666667,0.111111111111,-151,-0.00733294483294,-0.154875206284,-2.09722222222,-0.330263896687,-1.05887057087,-1.6645021785,-0.000492335374194,0.00226089909947,-1.65698731072,-0.0235087638314,-0.00418763444657,-0.142490581608,0.0440950569891,0.0224727522513,0.061739856013,0.0367091610916,-0.161669537529,-0.139990413885,0.0523576128796,-0.161669537529,-0.0388247998025,-0.0177813614463,-2434,-0.00499441872681,0.0018069274543,0.0416666666667,-0.0486111111111,0,1961,3,154,18474,0.927186761229,0.99983763598,0.000162364020133,0.0728132387707,0.998472505092,0.927186761229,0.961510174062,0.958094225959,0.927024397209,0.925873465534,272,423,0,5,5,5
847,WLNM_dir_neg_kfold,0.907554113643,0.345039878258,00:00:19,10,80,15,17360,threshold_sweep,0.1,0.964912280702,0.65011820331,0.776836158192,275,10,148,836,0.65011820331,0.988179669031,0.0118203309693,0.34988179669,0.964912280702,0.65011820331,0.776836158192,0.87549251379,0.591804570528,0.694980694981,0.721039044876,0.63829787234,2154,1731,423,0,2154,0,1731,0,423,144,2115,0.10270979021,3.28340051934,29.375,15.4379562044,16.5234375,23.125947344,0.787266292563,0.431540583136,18.7178045265,1.27440371245,0.622363409509,10.41950078,0.709412819061,0.401704097715,1.12585631727,0.342893384662,4.14543900894,3.28340051934,1.12585631727,4.14543900894,0.506274862896,0.548025908195,16217,0.0332762894383,0.115809519663,144,144,144,1,0,0.0486111111111,0.840277777778,0.111111111111,144,0.0821678321678,3.05355639515,23.5,13.0153846154,13.3228346457,18.5170494108,0.787959549395,0.43367070528,14.9771387559,1.27465010689,0.62686334384,8.53417645893,0.726312890122,0.407538744418,1.14466266563,0.374862133691,3.85198199836,3.06791692938,1.13559421795,3.85198199836,0.419242347611,0.449462182004,8775,0.0180057618438,0.0939936678204,144,143,143,0.993055555556,0,0.0902777777778,0.791666666667,0.111111111111,144,1977,0.0960081585082,4.11048352058,27.4583333333,14.1214285714,15.5669291339,21.4159195084,0.779942440368,0.4307065981,16.9974159904,1.23805154406,0.609456668353,10.4320771789,0.759847806655,0.42687784522,1.20017720276,0.291979568037,4.97062380862,4.11048352058,1.20017720276,4.97062380862,0.467123891956,0.527856997352,13820,0.0283577924423,0.1122983269,144,144,144,1,0,0.0277777777778,0.854166666667,0.118055555556,-138,-0.00670163170163,0.827083001242,-1.91666666667,-1.31652763295,-0.956508366142,-1.71002783561,-0.0073238521954,-0.000833985035951,-1.72038853617,-0.0363521683819,-0.0129067411561,0.0125763989064,0.0504349875938,0.0251737475053,0.0743208854859,-0.0509138166248,0.825184799684,0.827083001242,0.0743208854859,0.825184799684,-0.0391509709393,-0.0201689108431,-2397,-0.00491849699596,-0.00351119276339,-0.0208333333333,0.0138888888889,0.00694444444444,1967,10,148,18467,0.930023640662,0.9994587866,0.000541213400444,0.0699763593381,0.994941831057,0.930023640662,0.961388074291,0.957805317406,0.929482427261,0.925647058824,285,423,0,5,5,5
848,WLNM_dir_neg_kfold,0.907554113643,0.345039878258,00:00:19,10,80,15,17360,threshold_sweep,0.2,0.964912280702,0.65011820331,0.776836158192,275,10,148,836,0.65011820331,0.988179669031,0.0118203309693,0.34988179669,0.964912280702,0.65011820331,0.776836158192,0.87549251379,0.591804570528,0.694980694981,0.721039044876,0.63829787234,2154,1731,423,0,2154,0,1731,0,423,144,2115,0.10270979021,3.28340051934,29.375,15.4379562044,16.5234375,23.125947344,0.787266292563,0.431540583136,18.7178045265,1.27440371245,0.622363409509,10.41950078,0.709412819061,0.401704097715,1.12585631727,0.342893384662,4.14543900894,3.28340051934,1.12585631727,4.14543900894,0.506274862896,0.548025908195,16217,0.0332762894383,0.115809519663,144,144,144,1,0,0.0486111111111,0.840277777778,0.111111111111,144,0.0821678321678,3.05355639515,23.5,13.0153846154,13.3228346457,18.5170494108,0.787959549395,0.43367070528,14.9771387559,1.27465010689,0.62686334384,8.53417645893,0.726312890122,0.407538744418,1.14466266563,0.374862133691,3.85198199836,3.06791692938,1.13559421795,3.85198199836,0.419242347611,0.449462182004,8775,0.0180057618438,0.0939936678204,144,143,143,0.993055555556,0,0.0902777777778,0.791666666667,0.111111111111,144,1977,0.0960081585082,4.11048352058,27.4583333333,14.1214285714,15.5669291339,21.4159195084,0.779942440368,0.4307065981,16.9974159904,1.23805154406,0.609456668353,10.4320771789,0.759847806655,0.42687784522,1.20017720276,0.291979568037,4.97062380862,4.11048352058,1.20017720276,4.97062380862,0.467123891956,0.527856997352,13820,0.0283577924423,0.1122983269,144,144,144,1,0,0.0277777777778,0.854166666667,0.118055555556,-138,-0.00670163170163,0.827083001242,-1.91666666667,-1.31652763295,-0.956508366142,-1.71002783561,-0.0073238521954,-0.000833985035951,-1.72038853617,-0.0363521683819,-0.0129067411561,0.0125763989064,0.0504349875938,0.0251737475053,0.0743208854859,-0.0509138166248,0.825184799684,0.827083001242,0.0743208854859,0.825184799684,-0.0391509709393,-0.0201689108431,-2397,-0.00491849699596,-0.00351119276339,-0.0208333333333,0.0138888888889,0.00694444444444,1967,10,148,18467,0.930023640662,0.9994587866,0.000541213400444,0.0699763593381,0.994941831057,0.930023640662,0.961388074291,0.957805317406,0.929482427261,0.925647058824,285,423,0,5,5,5
849,WLNM_dir_neg_kfold,0.907554113643,0.345039878258,00:00:19,10,80,15,17360,threshold_sweep,0.3,0.978571428571,0.647754137116,0.779516358464,274,6,149,840,0.647754137116,0.992907801418,0.00709219858156,0.352245862884,0.978571428571,0.647754137116,0.779516358464,0.877856579984,0.593117940636,0.699806326662,0.728294662689,0.640661938534,2154,1731,423,0,2154,0,1731,0,423,144,2115,0.10270979021,3.28340051934,29.375,15.4379562044,16.5234375,23.125947344,0.787266292563,0.431540583136,18.7178045265,1.27440371245,0.622363409509,10.41950078,0.709412819061,0.401704097715,1.12585631727,0.342893384662,4.14543900894,3.28340051934,1.12585631727,4.14543900894,0.506274862896,0.548025908195,16217,0.0332762894383,0.115809519663,144,144,144,1,0,0.0486111111111,0.840277777778,0.111111111111,144,0.0821678321678,3.05355639515,23.5,13.0153846154,13.3228346457,18.5170494108,0.787959549395,0.43367070528,14.9771387559,1.27465010689,0.62686334384,8.53417645893,0.726312890122,0.407538744418,1.14466266563,0.374862133691,3.85198199836,3.06791692938,1.13559421795,3.85198199836,0.419242347611,0.449462182004,8775,0.0180057618438,0.0939936678204,144,143,143,0.993055555556,0,0.0902777777778,0.791666666667,0.111111111111,144,1972,0.0957653457653,3.66969551305,27.3888888889,14.3941605839,15.5275590551,21.4261167055,0.782292293508,0.431774002705,17.0233397074,1.24308362975,0.612900045076,10.3675649256,0.757063564546,0.426209995492,1.19497028033,0.325631997554,4.45099453063,3.66969551305,1.19497028033,4.45099453063,0.470444277158,0.529193165275,13813,0.0283434288716,0.113368979432,144,144,144,1,0,0.0486111111111,0.833333333333,0.118055555556,-143,-0.00694444444444,0.386294993712,-1.98611111111,-1.04379562044,-0.995878444882,-1.69983063852,-0.0049739990554,0.000233419568202,-1.69446481912,-0.0313200826947,-0.0094633644333,-0.0519358543619,0.0476507454856,0.0245058977777,0.0691139630534,-0.0172613871077,0.30555552169,0.386294993712,0.0691139630534,0.30555552169,-0.0358305857374,-0.0188327429202,-2404,-0.00493286056666,-0.00244054023068,0,-0.00694444444444,0.00694444444444,1966,6,149,18471,0.929550827423,0.99967527196,0.000324728040266,0.0704491725768,0.996957403651,0.929550827423,0.962074871544,0.958625596602,0.929226099383,0.926921263555,280,423,0,5,5,5
850,WLNM_dir_neg_kfold,0.907554113643,0.345039878258,00:00:19,10,80,15,17360,threshold_sweep,0.4,0.978494623656,0.645390070922,0.777777777778,273,6,150,840,0.645390070922,0.992907801418,0.00709219858156,0.354609929078,0.978494623656,0.645390070922,0.777777777778,0.87706855792,0.593380614657,0.697674418605,0.726539219545,0.63829787234,2154,1731,423,0,2154,0,1731,0,423,144,2115,0.10270979021,3.28340051934,29.375,15.4379562044,16.5234375,23.125947344,0.787266292563,0.431540583136,18.7178045265,1.27440371245,0.622363409509,10.41950078,0.709412819061,0.401704097715,1.12585631727,0.342893384662,4.14543900894,3.28340051934,1.12585631727,4.14543900894,0.506274862896,0.548025908195,16217,0.0332762894383,0.115809519663,144,144,144,1,0,0.0486111111111,0.840277777778,0.111111111111,144,0.0821678321678,3.05355639515,23.5,13.0153846154,13.3228346457,18.5170494108,0.787959549395,0.43367070528,14.9771387559,1.27465010689,0.62686334384,8.53417645893,0.726312890122,0.407538744418,1.14466266563,0.374862133691,3.85198199836,3.06791692938,1.13559421795,3.85198199836,0.419242347611,0.449462182004,8775,0.0180057618438,0.0939936678204,144,143,143,0.993055555556,0,0.0902777777778,0.791666666667,0.111111111111,144,1971,0.0957167832168,3.66928422366,27.375,14.3868613139,15.5196850394,21.4149398867,0.782280909102,0.431760527651,17.018487993,1.24335985337,0.612967895597,10.3649953869,0.757259936943,0.426274733638,1.19442745899,0.325520561009,4.4496105812,3.66928422366,1.19442745899,4.4496105812,0.470062828049,0.528279212478,13774,0.0282634032634,0.113355496677,144,144,144,1,0,0.0486111111111,0.833333333333,0.118055555556,-144,-0.00699300699301,0.385883704326,-2,-1.05109489051,-1.00375246063,-1.71100745737,-0.00498538346109,0.000219944514611,-1.69931653358,-0.0310438590784,-0.00939551391153,-0.0545053930474,0.0478471178823,0.024570635923,0.0685711417141,-0.0173728236524,0.304171572259,0.385883704326,0.0685711417141,0.304171572259,-0.0362120348465,-0.0197466957172,-2443,-0.00501288617486,-0.00245402298605,0,-0.00694444444444,0.00694444444444,1965,6,150,18471,0.929078014184,0.99967527196,0.000324728040266,0.0709219858156,0.99695585997,0.929078014184,0.961820851689,0.958355117942,0.928753286144,0.926449787836,279,423,0,5,5,5
851,WLNM_dir_neg_kfold,0.907554113643,0.345039878258,00:00:19,10,80,15,17360,threshold_sweep,0.5,0.981949458484,0.643026004728,0.777142857143,272,5,151,841,0.643026004728,0.994089834515,0.00591016548463,0.356973995272,0.981949458484,0.643026004728,0.777142857143,0.87706855792,0.5939059627,0.697283311772,0.727073049243,0.637115839243,2154,1731,423,0,2154,0,1731,0,423,144,2115,0.10270979021,3.28340051934,29.375,15.4379562044,16.5234375,23.125947344,0.787266292563,0.431540583136,18.7178045265,1.27440371245,0.622363409509,10.41950078,0.709412819061,0.401704097715,1.12585631727,0.342893384662,4.14543900894,3.28340051934,1.12585631727,4.14543900894,0.506274862896,0.548025908195,16217,0.0332762894383,0.115809519663,144,144,144,1,0,0.0486111111111,0.840277777778,0.111111111111,144,0.0821678321678,3.05355639515,23.5,13.0153846154,13.3228346457,18.5170494108,0.787959549395,0.43367070528,14.9771387559,1.27465010689,0.62686334384,8.53417645893,0.726312890122,0.407538744418,1.14466266563,0.374862133691,3.85198199836,3.06791692938,1.13559421795,3.85198199836,0.419242347611,0.449462182004,8775,0.0180057618438,0.0939936678204,144,143,143,0.993055555556,0,0.0902777777778,0.791666666667,0.111111111111,144,1969,0.0956196581197,3.62269311998,27.3472222222,14.4779411765,15.5039370079,21.4242263512,0.783415082421,0.432244935387,17.0260310209,1.24517443728,0.613865611421,10.3530880236,0.757158291211,0.426242170306,1.21959916083,0.336655388805,4.41965623106,3.62269311998,1.21959916083,4.41965623106,0.465994388643,0.528275809114,13760,0.028234676122,0.114606038317,144,144,144,1,0,0.0555555555556,0.826388888889,0.118055555556,-146,-0.00709013209013,0.339292600641,-2.02777777778,-0.960015027909,-1.01950049213,-1.70172099284,-0.00385121014242,0.000704352251066,-1.69177350568,-0.0292292751655,-0.00849779808732,-0.0664127563787,0.0477454721505,0.0245380725917,0.0937428435543,-0.00623799585606,0.274217222126,0.339292600641,0.0937428435543,0.274217222126,-0.0402804742523,-0.0197500990806,-2457,-0.00504161331626,-0.00120348134589,0.00694444444444,-0.0138888888889,0.00694444444444,1964,5,151,18472,0.928605200946,0.9997293933,0.000270606700222,0.0713947990544,0.997460639919,0.928605200946,0.96180215475,0.958357994936,0.928334594245,0.92641509434,277,423,0,5,5,5
852,WLNM_dir_neg_kfold,0.907554113643,0.345039878258,00:00:19,10,80,15,17360,threshold_sweep,0.6,0.985507246377,0.643026004728,0.778254649499,272,4,151,842,0.643026004728,0.995271867612,0.00472813238771,0.356973995272,0.985507246377,0.643026004728,0.778254649499,0.877856579984,0.594168636722,0.699029126214,0.729372855888,0.63829787234,2154,1731,423,0,2154,0,1731,0,423,144,2115,0.10270979021,3.28340051934,29.375,15.4379562044,16.5234375,23.125947344,0.787266292563,0.431540583136,18.7178045265,1.27440371245,0.622363409509,10.41950078,0.709412819061,0.401704097715,1.12585631727,0.342893384662,4.14543900894,3.28340051934,1.12585631727,4.14543900894,0.506274862896,0.548025908195,16217,0.0332762894383,0.115809519663,144,144,144,1,0,0.0486111111111,0.840277777778,0.111111111111,144,0.0821678321678,3.05355639515,23.5,13.0153846154,13.3228346457,18.5170494108,0.787959549395,0.43367070528,14.9771387559,1.27465010689,0.62686334384,8.53417645893,0.726312890122,0.407538744418,1.14466266563,0.374862133691,3.85198199836,3.06791692938,1.13559421795,3.85198199836,0.419242347611,0.449462182004,8775,0.0180057618438,0.0939936678204,144,143,143,0.993055555556,0,0.0902777777778,0.791666666667,0.111111111111,144,1968,0.0955710955711,3.20730884883,27.3333333333,14.5777777778,15.4960629921,21.4224899795,0.783749633397,0.43233401084,17.0314394597,1.2462028873,0.614625677507,10.3450944423,0.756958129927,0.426116474706,1.14976211088,0.358481881561,4.02209965204,3.20730884883,1.14976211088,4.02209965204,0.463238128496,0.528137086652,13746,0.0282059489806,0.115372750358,144,144,144,1,0,0.0625,0.819444444444,0.118055555556,-147,-0.00713869463869,-0.0760916705026,-2.04166666667,-0.860178426602,-1.02737450787,-1.70345736451,-0.00351665916571,0.00079342770378,-1.68636506682,-0.028200825149,-0.00773773200202,-0.0744063376135,0.0475453108667,0.0244123769917,0.0239057936024,0.0155884968994,-0.123339356897,-0.0760916705026,0.0239057936024,-0.123339356897,-0.0430367344001,-0.0198888215424,-2471,-0.00507034045766,-0.000436769304878,0.0138888888889,-0.0208333333333,0.00694444444444,1964,4,151,18473,0.928605200946,0.99978351464,0.000216485360178,0.0713947990544,0.997967479675,0.928605200946,0.962037717365,0.958631597661,0.928388715585,0.926852288815,276,423,0,5,5,5
853,WLNM_dir_neg_kfold,0.907554113643,0.345039878258,00:00:19,10,80,15,17360,threshold_sweep,0.7,0.985239852399,0.631205673759,0.769452449568,267,4,156,842,0.631205673759,0.995271867612,0.00472813238771,0.368794326241,0.985239852399,0.631205673759,0.769452449568,0.873916469661,0.59548200683,0.688311688312,0.720627706406,0.626477541371,2154,1731,423,0,2154,0,1731,0,423,144,2115,0.10270979021,3.28340051934,29.375,15.4379562044,16.5234375,23.125947344,0.787266292563,0.431540583136,18.7178045265,1.27440371245,0.622363409509,10.41950078,0.709412819061,0.401704097715,1.12585631727,0.342893384662,4.14543900894,3.28340051934,1.12585631727,4.14543900894,0.506274862896,0.548025908195,16217,0.0332762894383,0.115809519663,144,144,144,1,0,0.0486111111111,0.840277777778,0.111111111111,144,0.0821678321678,3.05355639515,23.5,13.0153846154,13.3228346457,18.5170494108,0.787959549395,0.43367070528,14.9771387559,1.27465010689,0.62686334384,8.53417645893,0.726312890122,0.407538744418,1.14466266563,0.374862133691,3.85198199836,3.06791692938,1.13559421795,3.85198199836,0.419242347611,0.449462182004,8775,0.0180057618438,0.0939936678204,144,143,143,0.993055555556,0,0.0902777777778,0.791666666667,0.111111111111,144,1963,0.0953282828283,3.15390515022,27.2638888889,15.1,15.4566929134,21.4518443014,0.786822613195,0.433827899474,17.05841323,1.25135583552,0.618331493745,10.3008904006,0.755643513852,0.425365794985,1.1792667226,0.37390684451,3.97489210624,3.168967424,1.16942883714,3.97489210624,0.467665500752,0.529343807763,13746,0.0282059489806,0.117498710283,144,143,143,0.993055555556,0,0.0902777777778,0.791666666667,0.111111111111,-152,-0.00738150738151,-0.129495369114,-2.11111111111,-0.33795620438,-1.06674458661,-1.67410304264,-0.000443679368562,0.00228731633727,-1.65939129649,-0.0230478769248,-0.0040319157634,-0.118610379323,0.046230694791,0.0236616972703,0.0534104053295,0.0310134598487,-0.1705469027,-0.114433095337,0.0435725198672,-0.1705469027,-0.0386093621433,-0.0186821004315,-2471,-0.00507034045766,0.00168919061958,0.0416666666667,-0.0486111111111,0,1959,4,156,18473,0.926241134752,0.99978351464,0.000216485360178,0.0737588652482,0.997962302598,0.926241134752,0.960765080922,0.957279020701,0.926024649392,0.924492685229,271,423,0,5,5,5
854,WLNM_dir_neg_kfold,0.907554113643,0.345039878258,00:00:19,10,80,15,17360,threshold_sweep,0.8,0.985239852399,0.631205673759,0.769452449568,267,4,156,842,0.631205673759,0.995271867612,0.00472813238771,0.368794326241,0.985239852399,0.631205673759,0.769452449568,0.873916469661,0.59548200683,0.688311688312,0.720627706406,0.626477541371,2154,1731,423,0,2154,0,1731,0,423,144,2115,0.10270979021,3.28340051934,29.375,15.4379562044,16.5234375,23.125947344,0.787266292563,0.431540583136,18.7178045265,1.27440371245,0.622363409509,10.41950078,0.709412819061,0.401704097715,1.12585631727,0.342893384662,4.14543900894,3.28340051934,1.12585631727,4.14543900894,0.506274862896,0.548025908195,16217,0.0332762894383,0.115809519663,144,144,144,1,0,0.0486111111111,0.840277777778,0.111111111111,144,0.0821678321678,3.05355639515,23.5,13.0153846154,13.3228346457,18.5170494108,0.787959549395,0.43367070528,14.9771387559,1.27465010689,0.62686334384,8.53417645893,0.726312890122,0.407538744418,1.14466266563,0.374862133691,3.85198199836,3.06791692938,1.13559421795,3.85198199836,0.419242347611,0.449462182004,8775,0.0180057618438,0.0939936678204,144,143,143,0.993055555556,0,0.0902777777778,0.791666666667,0.111111111111,144,1963,0.0953282828283,3.15390515022,27.2638888889,15.1,15.4566929134,21.4518443014,0.786822613195,0.433827899474,17.05841323,1.25135583552,0.618331493745,10.3008904006,0.755643513852,0.425365794985,1.1792667226,0.37390684451,3.97489210624,3.168967424,1.16942883714,3.97489210624,0.467665500752,0.529343807763,13746,0.0282059489806,0.117498710283,144,143,143,0.993055555556,0,0.0902777777778,0.791666666667,0.111111111111,-152,-0.00738150738151,-0.129495369114,-2.11111111111,-0.33795620438,-1.06674458661,-1.67410304264,-0.000443679368562,0.00228731633727,-1.65939129649,-0.0230478769248,-0.0040319157634,-0.118610379323,0.046230694791,0.0236616972703,0.0534104053295,0.0310134598487,-0.1705469027,-0.114433095337,0.0435725198672,-0.1705469027,-0.0386093621433,-0.0186821004315,-2471,-0.00507034045766,0.00168919061958,0.0416666666667,-0.0486111111111,0,1959,4,156,18473,0.926241134752,0.99978351464,0.000216485360178,0.0737588652482,0.997962302598,0.926241134752,0.960765080922,0.957279020701,0.926024649392,0.924492685229,271,423,0,5,5,5
855,WLNM_dir_neg_kfold,0.907554113643,0.345039878258,00:00:19,10,80,15,17360,threshold_sweep,0.9,0.985239852399,0.631205673759,0.769452449568,267,4,156,842,0.631205673759,0.995271867612,0.00472813238771,0.368794326241,0.985239852399,0.631205673759,0.769452449568,0.873916469661,0.59548200683,0.688311688312,0.720627706406,0.626477541371,2154,1731,423,0,2154,0,1731,0,423,144,2115,0.10270979021,3.28340051934,29.375,15.4379562044,16.5234375,23.125947344,0.787266292563,0.431540583136,18.7178045265,1.27440371245,0.622363409509,10.41950078,0.709412819061,0.401704097715,1.12585631727,0.342893384662,4.14543900894,3.28340051934,1.12585631727,4.14543900894,0.506274862896,0.548025908195,16217,0.0332762894383,0.115809519663,144,144,144,1,0,0.0486111111111,0.840277777778,0.111111111111,144,0.0821678321678,3.05355639515,23.5,13.0153846154,13.3228346457,18.5170494108,0.787959549395,0.43367070528,14.9771387559,1.27465010689,0.62686334384,8.53417645893,0.726312890122,0.407538744418,1.14466266563,0.374862133691,3.85198199836,3.06791692938,1.13559421795,3.85198199836,0.419242347611,0.449462182004,8775,0.0180057618438,0.0939936678204,144,143,143,0.993055555556,0,0.0902777777778,0.791666666667,0.111111111111,144,1963,0.0953282828283,3.15390515022,27.2638888889,15.1,15.4566929134,21.4518443014,0.786822613195,0.433827899474,17.05841323,1.25135583552,0.618331493745,10.3008904006,0.755643513852,0.425365794985,1.1792667226,0.37390684451,3.97489210624,3.168967424,1.16942883714,3.97489210624,0.467665500752,0.529343807763,13746,0.0282059489806,0.117498710283,144,143,143,0.993055555556,0,0.0902777777778,0.791666666667,0.111111111111,-152,-0.00738150738151,-0.129495369114,-2.11111111111,-0.33795620438,-1.06674458661,-1.67410304264,-0.000443679368562,0.00228731633727,-1.65939129649,-0.0230478769248,-0.0040319157634,-0.118610379323,0.046230694791,0.0236616972703,0.0534104053295,0.0310134598487,-0.1705469027,-0.114433095337,0.0435725198672,-0.1705469027,-0.0386093621433,-0.0186821004315,-2471,-0.00507034045766,0.00168919061958,0.0416666666667,-0.0486111111111,0,1959,4,156,18473,0.926241134752,0.99978351464,0.000216485360178,0.0737588652482,0.997962302598,0.926241134752,0.960765080922,0.957279020701,0.926024649392,0.924492685229,271,423,0,5,5,5
856,WLNM_dir_neg_kfold,0.921623940222,0.433098839086,00:00:18,10,80,16,17361,threshold_sweep,0.1,0.951557093426,0.65011820331,0.772471910112,275,14,148,832,0.65011820331,0.983451536643,0.016548463357,0.34988179669,0.951557093426,0.65011820331,0.772471910112,0.872340425532,0.590753874442,0.688061617458,0.712176817584,0.633569739953,2154,1731,423,0,2154,0,1731,0,423,144,2115,0.10270979021,3.28340051934,29.375,15.4379562044,16.5234375,23.125947344,0.787266292563,0.431540583136,18.7178045265,1.27440371245,0.622363409509,10.41950078,0.709412819061,0.401704097715,1.12585631727,0.342893384662,4.14543900894,3.28340051934,1.12585631727,4.14543900894,0.506274862896,0.548025908195,16217,0.0332762894383,0.115809519663,144,144,144,1,0,0.0486111111111,0.840277777778,0.111111111111,144,0.0821678321678,3.05355639515,23.5,13.0153846154,13.3228346457,18.5170494108,0.787959549395,0.43367070528,14.9771387559,1.27465010689,0.62686334384,8.53417645893,0.726312890122,0.407538744418,1.14466266563,0.374862133691,3.85198199836,3.06791692938,1.13559421795,3.85198199836,0.419242347611,0.449462182004,8775,0.0180057618438,0.0939936678204,144,143,143,0.993055555556,0,0.0902777777778,0.791666666667,0.111111111111,144,1981,0.0962024087024,5.62471746877,27.5138888889,14.0496453901,15.5984251969,21.4312973254,0.778926505517,0.430240058332,16.9966045674,1.2354927096,0.608106876437,10.4307550416,0.758217428568,0.426149110999,1.39253594761,0.247574381353,6.38899657112,5.62471746877,1.39253594761,6.38899657112,0.464384590585,0.529653649436,13911,0.0285445188614,0.110783850692,144,144,144,1,0,0.0208333333333,0.861111111111,0.118055555556,-134,-0.00650738150738,2.34131694943,-1.86111111111,-1.38831081431,-0.92501230315,-1.69465001862,-0.00833978704566,-0.0013005248044,-1.72119995909,-0.038911002848,-0.0142565330715,0.0112542616581,0.0488046095068,0.0244450132842,0.26667963034,-0.0953190033089,2.24355756218,2.34131694943,0.26667963034,2.24355756218,-0.0418902723102,-0.018372258759,-2306,-0.00473177057684,-0.00502566897148,-0.0277777777778,0.0208333333333,0.00694444444444,1967,14,148,18463,0.930023640662,0.999242301239,0.000757698760621,0.0699763593381,0.992932862191,0.930023640662,0.96044921875,0.956717775849,0.929265941901,0.923907937999,289,423,0,5,5,5
857,WLNM_dir_neg_kfold,0.921623940222,0.433098839086,00:00:18,10,80,16,17361,threshold_sweep,0.2,0.968197879859,0.647754137116,0.776203966006,274,9,149,837,0.647754137116,0.989361702128,0.0106382978723,0.352245862884,0.968197879859,0.647754137116,0.776203966006,0.87549251379,0.592329918571,0.694587628866,0.721509563744,0.637115839243,2154,1731,423,0,2154,0,1731,0,423,144,2115,0.10270979021,3.28340051934,29.375,15.4379562044,16.5234375,23.125947344,0.787266292563,0.431540583136,18.7178045265,1.27440371245,0.622363409509,10.41950078,0.709412819061,0.401704097715,1.12585631727,0.342893384662,4.14543900894,3.28340051934,1.12585631727,4.14543900894,0.506274862896,0.548025908195,16217,0.0332762894383,0.115809519663,144,144,144,1,0,0.0486111111111,0.840277777778,0.111111111111,144,0.0821678321678,3.05355639515,23.5,13.0153846154,13.3228346457,18.5170494108,0.787959549395,0.43367070528,14.9771387559,1.27465010689,0.62686334384,8.53417645893,0.726312890122,0.407538744418,1.14466266563,0.374862133691,3.85198199836,3.06791692938,1.13559421795,3.85198199836,0.419242347611,0.449462182004,8775,0.0180057618438,0.0939936678204,144,143,143,0.993055555556,0,0.0902777777778,0.791666666667,0.111111111111,144,1975,0.095911033411,3.82064706103,27.4305555556,14.3115942029,15.5511811024,21.4393445188,0.781586230559,0.431308016878,17.026783999,1.24144652955,0.612049929677,10.3583777076,0.755243741719,0.42538326301,1.20136222285,0.314439466316,4.55847098245,3.82064706103,1.20136222285,4.55847098245,0.467454853564,0.531212576757,13899,0.0285198955974,0.111832116587,144,144,144,1,0,0.0416666666667,0.840277777778,0.118055555556,-140,-0.00679875679876,0.537246541697,-1.94444444444,-1.12636200148,-0.972256397638,-1.68660282525,-0.00568006200464,-0.000232566258691,-1.69102052753,-0.0329571828973,-0.0103134798323,-0.0611230723468,0.0458309226585,0.0236791652951,0.0755059055791,-0.0284539183453,0.413031973507,0.537246541697,0.0755059055791,0.413031973507,-0.0388200093321,-0.0168133314374,-2318,-0.0047563938409,-0.00397740307566,-0.00694444444444,0,0.00694444444444,1966,9,149,18468,0.929550827423,0.99951290794,0.000487092060399,0.0704491725768,0.995443037975,0.929550827423,0.961369193154,0.95780703874,0.929063735363,0.925612052731,283,423,0,5,5,5
858,WLNM_dir_neg_kfold,0.921623940222,0.433098839086,00:00:18,10,80,16,17361,threshold_sweep,0.3,0.971631205674,0.647754137116,0.777304964539,274,8,149,838,0.647754137116,0.990543735225,0.00945626477541,0.352245862884,0.971631205674,0.647754137116,0.777304964539,0.876280535855,0.592592592593,0.696324951644,0.723761756826,0.63829787234,2154,1731,423,0,2154,0,1731,0,423,144,2115,0.10270979021,3.28340051934,29.375,15.4379562044,16.5234375,23.125947344,0.787266292563,0.431540583136,18.7178045265,1.27440371245,0.622363409509,10.41950078,0.709412819061,0.401704097715,1.12585631727,0.342893384662,4.14543900894,3.28340051934,1.12585631727,4.14543900894,0.506274862896,0.548025908195,16217,0.0332762894383,0.115809519663,144,144,144,1,0,0.0486111111111,0.840277777778,0.111111111111,144,0.0821678321678,3.05355639515,23.5,13.0153846154,13.3228346457,18.5170494108,0.787959549395,0.43367070528,14.9771387559,1.27465010689,0.62686334384,8.53417645893,0.726312890122,0.407538744418,1.14466266563,0.374862133691,3.85198199836,3.06791692938,1.13559421795,3.85198199836,0.419242347611,0.449462182004,8775,0.0180057618438,0.0939936678204,144,143,143,0.993055555556,0,0.0902777777778,0.791666666667,0.111111111111,144,1974,0.0958624708625,3.67271643382,27.4166666667,14.4087591241,15.5433070866,21.4474475636,0.782277722684,0.431635567939,17.0322093061,1.24247119558,0.612820837555,10.3598708041,0.755735256224,0.42562338174,1.19052452527,0.324153673914,4.40340359623,3.67271643382,1.19052452527,4.40340359623,0.467454853564,0.531212576757,13899,0.0285198955974,0.113385737262,144,144,144,1,0,0.0486111111111,0.833333333333,0.118055555556,-141,-0.00684731934732,0.389315914483,-1.95833333333,-1.02919708029,-0.980130413386,-1.67849978045,-0.00498856987897,9.49848024314e-05,-1.68559522046,-0.0319325168648,-0.00954257195392,-0.0596299758904,0.0463224371628,0.0239192840257,0.0646682079915,-0.0187397107477,0.257964587292,0.389315914483,0.0646682079915,0.257964587292,-0.0388200093321,-0.0168133314374,-2318,-0.0047563938409,-0.00242378240145,0,-0.00694444444444,0.00694444444444,1966,8,149,18469,0.929550827423,0.99956702928,0.000432970720355,0.0704491725768,0.995947315096,0.929550827423,0.961604304231,0.958079692561,0.929117856703,0.926048045219,282,423,0,5,5,5
859,WLNM_dir_neg_kfold,0.921623940222,0.433098839086,00:00:18,10,80,16,17361,threshold_sweep,0.4,0.971631205674,0.647754137116,0.777304964539,274,8,149,838,0.647754137116,0.990543735225,0.00945626477541,0.352245862884,0.971631205674,0.647754137116,0.777304964539,0.876280535855,0.592592592593,0.696324951644,0.723761756826,0.63829787234,2154,1731,423,0,2154,0,1731,0,423,144,2115,0.10270979021,3.28340051934,29.375,15.4379562044,16.5234375,23.125947344,0.787266292563,0.431540583136,18.7178045265,1.27440371245,0.622363409509,10.41950078,0.709412819061,0.401704097715,1.12585631727,0.342893384662,4.14543900894,3.28340051934,1.12585631727,4.14543900894,0.506274862896,0.548025908195,16217,0.0332762894383,0.115809519663,144,144,144,1,0,0.0486111111111,0.840277777778,0.111111111111,144,0.0821678321678,3.05355639515,23.5,13.0153846154,13.3228346457,18.5170494108,0.787959549395,0.43367070528,14.9771387559,1.27465010689,0.62686334384,8.53417645893,0.726312890122,0.407538744418,1.14466266563,0.374862133691,3.85198199836,3.06791692938,1.13559421795,3.85198199836,0.419242347611,0.449462182004,8775,0.0180057618438,0.0939936678204,144,143,143,0.993055555556,0,0.0902777777778,0.791666666667,0.111111111111,144,1974,0.0958624708625,3.67271643382,27.4166666667,14.4087591241,15.5433070866,21.4474475636,0.782277722684,0.431635567939,17.0322093061,1.24247119558,0.612820837555,10.3598708041,0.755735256224,0.42562338174,1.19052452527,0.324153673914,4.40340359623,3.67271643382,1.19052452527,4.40340359623,0.467454853564,0.531212576757,13899,0.0285198955974,0.113385737262,144,144,144,1,0,0.0486111111111,0.833333333333,0.118055555556,-141,-0.00684731934732,0.389315914483,-1.95833333333,-1.02919708029,-0.980130413386,-1.67849978045,-0.00498856987897,9.49848024314e-05,-1.68559522046,-0.0319325168648,-0.00954257195392,-0.0596299758904,0.0463224371628,0.0239192840257,0.0646682079915,-0.0187397107477,0.257964587292,0.389315914483,0.0646682079915,0.257964587292,-0.0388200093321,-0.0168133314374,-2318,-0.0047563938409,-0.00242378240145,0,-0.00694444444444,0.00694444444444,1966,8,149,18469,0.929550827423,0.99956702928,0.000432970720355,0.0704491725768,0.995947315096,0.929550827423,0.961604304231,0.958079692561,0.929117856703,0.926048045219,282,423,0,5,5,5
860,WLNM_dir_neg_kfold,0.921623940222,0.433098839086,00:00:18,10,80,16,17361,threshold_sweep,0.5,0.971631205674,0.647754137116,0.777304964539,274,8,149,838,0.647754137116,0.990543735225,0.00945626477541,0.352245862884,0.971631205674,0.647754137116,0.777304964539,0.876280535855,0.592592592593,0.696324951644,0.723761756826,0.63829787234,2154,1731,423,0,2154,0,1731,0,423,144,2115,0.10270979021,3.28340051934,29.375,15.4379562044,16.5234375,23.125947344,0.787266292563,0.431540583136,18.7178045265,1.27440371245,0.622363409509,10.41950078,0.709412819061,0.401704097715,1.12585631727,0.342893384662,4.14543900894,3.28340051934,1.12585631727,4.14543900894,0.506274862896,0.548025908195,16217,0.0332762894383,0.115809519663,144,144,144,1,0,0.0486111111111,0.840277777778,0.111111111111,144,0.0821678321678,3.05355639515,23.5,13.0153846154,13.3228346457,18.5170494108,0.787959549395,0.43367070528,14.9771387559,1.27465010689,0.62686334384,8.53417645893,0.726312890122,0.407538744418,1.14466266563,0.374862133691,3.85198199836,3.06791692938,1.13559421795,3.85198199836,0.419242347611,0.449462182004,8775,0.0180057618438,0.0939936678204,144,143,143,0.993055555556,0,0.0902777777778,0.791666666667,0.111111111111,144,1974,0.0958624708625,3.67271643382,27.4166666667,14.4087591241,15.5433070866,21.4474475636,0.782277722684,0.431635567939,17.0322093061,1.24247119558,0.612820837555,10.3598708041,0.755735256224,0.42562338174,1.19052452527,0.324153673914,4.40340359623,3.67271643382,1.19052452527,4.40340359623,0.467454853564,0.531212576757,13899,0.0285198955974,0.113385737262,144,144,144,1,0,0.0486111111111,0.833333333333,0.118055555556,-141,-0.00684731934732,0.389315914483,-1.95833333333,-1.02919708029,-0.980130413386,-1.67849978045,-0.00498856987897,9.49848024314e-05,-1.68559522046,-0.0319325168648,-0.00954257195392,-0.0596299758904,0.0463224371628,0.0239192840257,0.0646682079915,-0.0187397107477,0.257964587292,0.389315914483,0.0646682079915,0.257964587292,-0.0388200093321,-0.0168133314374,-2318,-0.0047563938409,-0.00242378240145,0,-0.00694444444444,0.00694444444444,1966,8,149,18469,0.929550827423,0.99956702928,0.000432970720355,0.0704491725768,0.995947315096,0.929550827423,0.961604304231,0.958079692561,0.929117856703,0.926048045219,282,423,0,5,5,5
861,WLNM_dir_neg_kfold,0.921623940222,0.433098839086,00:00:18,10,80,16,17361,threshold_sweep,0.6,0.971223021583,0.63829787234,0.77032810271,270,8,153,838,0.63829787234,0.990543735225,0.00945626477541,0.36170212766,0.971223021583,0.63829787234,0.77032810271,0.873128447597,0.593643288679,0.68778280543,0.716700007908,0.628841607565,2154,1731,423,0,2154,0,1731,0,423,144,2115,0.10270979021,3.28340051934,29.375,15.4379562044,16.5234375,23.125947344,0.787266292563,0.431540583136,18.7178045265,1.27440371245,0.622363409509,10.41950078,0.709412819061,0.401704097715,1.12585631727,0.342893384662,4.14543900894,3.28340051934,1.12585631727,4.14543900894,0.506274862896,0.548025908195,16217,0.0332762894383,0.115809519663,144,144,144,1,0,0.0486111111111,0.840277777778,0.111111111111,144,0.0821678321678,3.05355639515,23.5,13.0153846154,13.3228346457,18.5170494108,0.787959549395,0.43367070528,14.9771387559,1.27465010689,0.62686334384,8.53417645893,0.726312890122,0.407538744418,1.14466266563,0.374862133691,3.85198199836,3.06791692938,1.13559421795,3.85198199836,0.419242347611,0.449462182004,8775,0.0180057618438,0.0939936678204,144,143,143,0.993055555556,0,0.0902777777778,0.791666666667,0.111111111111,144,1970,0.0956682206682,3.5826217623,27.3611111111,14.8120300752,15.5118110236,21.4667122732,0.784570194756,0.432727016356,17.0538647991,1.24657691932,0.61584179357,10.3184624931,0.754242943655,0.42480964467,1.22997743278,0.343317691451,4.31283670636,3.60068205434,1.21498908389,4.31283670636,0.470497977666,0.532270417933,13899,0.0285198955974,0.114642298902,144,143,143,0.993055555556,0,0.0694444444444,0.8125,0.111111111111,-145,-0.00704156954157,0.299221242963,-2.01388888889,-0.625926129192,-1.01162647638,-1.65923507086,-0.00269609780714,0.00118643322013,-1.66393972749,-0.0278267931237,-0.00652161593858,-0.101038286897,0.0448301245943,0.0231055469553,0.104121115501,0.000424306789692,0.167397697418,0.317281535007,0.0891327666159,0.167397697418,-0.03577688523,-0.0157554902623,-2318,-0.0047563938409,-0.00116722076152,0.0208333333333,-0.0277777777778,0,1962,8,153,18469,0.927659574468,0.99956702928,0.000432970720355,0.0723404255319,0.995939086294,0.927659574468,0.9605875153,0.956996886458,0.927226603748,0.924163918983,278,423,0,5,5,5
862,WLNM_dir_neg_kfold,0.921623940222,0.433098839086,00:00:18,10,80,16,17361,threshold_sweep,0.7,0.971223021583,0.63829787234,0.77032810271,270,8,153,838,0.63829787234,0.990543735225,0.00945626477541,0.36170212766,0.971223021583,0.63829787234,0.77032810271,0.873128447597,0.593643288679,0.68778280543,0.716700007908,0.628841607565,2154,1731,423,0,2154,0,1731,0,423,144,2115,0.10270979021,3.28340051934,29.375,15.4379562044,16.5234375,23.125947344,0.787266292563,0.431540583136,18.7178045265,1.27440371245,0.622363409509,10.41950078,0.709412819061,0.401704097715,1.12585631727,0.342893384662,4.14543900894,3.28340051934,1.12585631727,4.14543900894,0.506274862896,0.548025908195,16217,0.0332762894383,0.115809519663,144,144,144,1,0,0.0486111111111,0.840277777778,0.111111111111,144,0.0821678321678,3.05355639515,23.5,13.0153846154,13.3228346457,18.5170494108,0.787959549395,0.43367070528,14.9771387559,1.27465010689,0.62686334384,8.53417645893,0.726312890122,0.407538744418,1.14466266563,0.374862133691,3.85198199836,3.06791692938,1.13559421795,3.85198199836,0.419242347611,0.449462182004,8775,0.0180057618438,0.0939936678204,144,143,143,0.993055555556,0,0.0902777777778,0.791666666667,0.111111111111,144,1970,0.0956682206682,3.5826217623,27.3611111111,14.8120300752,15.5118110236,21.4667122732,0.784570194756,0.432727016356,17.0538647991,1.24657691932,0.61584179357,10.3184624931,0.754242943655,0.42480964467,1.22997743278,0.343317691451,4.31283670636,3.60068205434,1.21498908389,4.31283670636,0.470497977666,0.532270417933,13899,0.0285198955974,0.114642298902,144,143,143,0.993055555556,0,0.0694444444444,0.8125,0.111111111111,-145,-0.00704156954157,0.299221242963,-2.01388888889,-0.625926129192,-1.01162647638,-1.65923507086,-0.00269609780714,0.00118643322013,-1.66393972749,-0.0278267931237,-0.00652161593858,-0.101038286897,0.0448301245943,0.0231055469553,0.104121115501,0.000424306789692,0.167397697418,0.317281535007,0.0891327666159,0.167397697418,-0.03577688523,-0.0157554902623,-2318,-0.0047563938409,-0.00116722076152,0.0208333333333,-0.0277777777778,0,1962,8,153,18469,0.927659574468,0.99956702928,0.000432970720355,0.0723404255319,0.995939086294,0.927659574468,0.9605875153,0.956996886458,0.927226603748,0.924163918983,278,423,0,5,5,5
863,WLNM_dir_neg_kfold,0.921623940222,0.433098839086,00:00:18,10,80,16,17361,threshold_sweep,0.8,0.978260869565,0.63829787234,0.772532188841,270,6,153,840,0.63829787234,0.992907801418,0.00709219858156,0.36170212766,0.978260869565,0.63829787234,0.772532188841,0.874704491726,0.594168636722,0.691262135922,0.721268713044,0.631205673759,2154,1731,423,0,2154,0,1731,0,423,144,2115,0.10270979021,3.28340051934,29.375,15.4379562044,16.5234375,23.125947344,0.787266292563,0.431540583136,18.7178045265,1.27440371245,0.622363409509,10.41950078,0.709412819061,0.401704097715,1.12585631727,0.342893384662,4.14543900894,3.28340051934,1.12585631727,4.14543900894,0.506274862896,0.548025908195,16217,0.0332762894383,0.115809519663,144,144,144,1,0,0.0486111111111,0.840277777778,0.111111111111,144,0.0821678321678,3.05355639515,23.5,13.0153846154,13.3228346457,18.5170494108,0.787959549395,0.43367070528,14.9771387559,1.27465010689,0.62686334384,8.53417645893,0.726312890122,0.407538744418,1.14466266563,0.374862133691,3.85198199836,3.06791692938,1.13559421795,3.85198199836,0.419242347611,0.449462182004,8775,0.0180057618438,0.0939936678204,144,143,143,0.993055555556,0,0.0902777777778,0.791666666667,0.111111111111,144,1968,0.0955710955711,3.21677526195,27.3333333333,14.9090909091,15.4960629921,21.4655358836,0.785324483546,0.433043275745,17.0617963622,1.24842412406,0.616728771454,10.3010624749,0.753736278652,0.424528568202,1.13908675554,0.35410828012,4.03424868425,3.23227718686,1.12774456513,4.03424868425,0.46828596348,0.532450432715,13884,0.0284891165173,0.115678971742,144,143,143,0.993055555556,0,0.0763888888889,0.805555555556,0.111111111111,-147,-0.00713869463869,-0.0666252573852,-2.04166666667,-0.528865295289,-1.02737450787,-1.66041146046,-0.00194180901758,0.00150269260893,-1.65600816435,-0.0259795883824,-0.00563463805442,-0.118438305051,0.0443234595907,0.0228244704876,0.0132304382659,0.011214895458,-0.111190324692,-0.0511233324765,0.00188824785974,-0.111190324692,-0.0379888994162,-0.0155754754798,-2333,-0.00478717292098,-0.000130547921001,0.0277777777778,-0.0347222222222,0,1962,6,153,18471,0.927659574468,0.99967527196,0.000324728040266,0.0723404255319,0.996951219512,0.927659574468,0.961058045555,0.957543398012,0.927334846428,0.925035360679,276,423,0,5,5,5
864,WLNM_dir_neg_kfold,0.921623940222,0.433098839086,00:00:18,10,80,16,17361,threshold_sweep,0.9,0.981684981685,0.633569739953,0.770114942529,268,5,155,841,0.633569739953,0.994089834515,0.00591016548463,0.366430260047,0.981684981685,0.633569739953,0.770114942529,0.873916469661,0.594956658786,0.688715953307,0.720059741994,0.627659574468,2154,1731,423,0,2154,0,1731,0,423,144,2115,0.10270979021,3.28340051934,29.375,15.4379562044,16.5234375,23.125947344,0.787266292563,0.431540583136,18.7178045265,1.27440371245,0.622363409509,10.41950078,0.709412819061,0.401704097715,1.12585631727,0.342893384662,4.14543900894,3.28340051934,1.12585631727,4.14543900894,0.506274862896,0.548025908195,16217,0.0332762894383,0.115809519663,144,144,144,1,0,0.0486111111111,0.840277777778,0.111111111111,144,0.0821678321678,3.05355639515,23.5,13.0153846154,13.3228346457,18.5170494108,0.787959549395,0.43367070528,14.9771387559,1.27465010689,0.62686334384,8.53417645893,0.726312890122,0.407538744418,1.14466266563,0.374862133691,3.85198199836,3.06791692938,1.13559421795,3.85198199836,0.419242347611,0.449462182004,8775,0.0180057618438,0.0939936678204,144,143,143,0.993055555556,0,0.0902777777778,0.791666666667,0.111111111111,144,1965,0.0954254079254,3.07280240883,27.2916666667,15.1153846154,15.4724409449,21.4703812898,0.786700993823,0.433626661012,17.07550847,1.25133497185,0.618387757987,10.2864353276,0.753815107974,0.424459287532,1.14529126601,0.372718812873,3.90370266272,3.08729753057,1.13598444204,3.90370266272,0.469454840381,0.53281897743,13881,0.0284829607013,0.117057905051,144,143,143,0.993055555556,0,0.0902777777778,0.791666666667,0.111111111111,-150,-0.00728438228438,-0.210598110501,-2.08333333333,-0.322571588995,-1.05099655512,-1.65556605429,-0.000565298740237,0.00208607787583,-1.6422960565,-0.0230687405947,-0.0039756515218,-0.133065452387,0.0444022889137,0.0227551898171,0.0194349487404,0.0298254282117,-0.241736346219,-0.196102988761,0.0101281247686,-0.241736346219,-0.036820022515,-0.0152069307651,-2336,-0.00479332873699,0.00124838538797,0.0416666666667,-0.0486111111111,0,1960,5,155,18472,0.926713947991,0.9997293933,0.000270606700222,0.0732860520095,0.997455470738,0.926713947991,0.960784313725,0.957275722377,0.92644334129,0.924528301887,273,423,0,5,5,5
865,WLNM_dir_neg_kfold,0.919381430623,0.403288729639,00:00:19,10,80,17,17362,threshold_sweep,0.1,0.951890034364,0.654846335697,0.775910364146,277,14,146,832,0.654846335697,0.983451536643,0.016548463357,0.345153664303,0.951890034364,0.654846335697,0.775910364146,0.873916469661,0.590228526399,0.692307692308,0.715752444776,0.63829787234,2154,1731,423,0,2154,0,1731,0,423,144,2115,0.10270979021,3.28340051934,29.375,15.4379562044,16.5234375,23.125947344,0.787266292563,0.431540583136,18.7178045265,1.27440371245,0.622363409509,10.41950078,0.709412819061,0.401704097715,1.12585631727,0.342893384662,4.14543900894,3.28340051934,1.12585631727,4.14543900894,0.506274862896,0.548025908195,16217,0.0332762894383,0.115809519663,144,144,144,1,0,0.0486111111111,0.840277777778,0.111111111111,144,0.0821678321678,3.05355639515,23.5,13.0153846154,13.3228346457,18.5170494108,0.787959549395,0.43367070528,14.9771387559,1.27465010689,0.62686334384,8.53417645893,0.726312890122,0.407538744418,1.14466266563,0.374862133691,3.85198199836,3.06791692938,1.13559421795,3.85198199836,0.419242347611,0.449462182004,8775,0.0180057618438,0.0939936678204,144,143,143,0.993055555556,0,0.0902777777778,0.791666666667,0.111111111111,144,1983,0.0962995337995,5.63273467128,27.5416666667,14.0638297872,15.6141732283,21.3789894245,0.776241673505,0.42864697148,16.9873333106,1.23357337203,0.606562027231,10.3914426534,0.754597953653,0.424689723763,1.47035082477,0.261036762883,7,5.63273467128,1.47035082477,7,0.466306949353,0.527175776043,13841,0.0284008831544,0.109087577172,144,144,144,1,0,0.0208333333333,0.861111111111,0.118055555556,-132,-0.00641025641026,2.34933415194,-1.83333333333,-1.37412641715,-0.909264271654,-1.74695791958,-0.0110246190578,-0.00289361165653,-1.73047121589,-0.0408303404164,-0.0158013822773,-0.028058126523,0.0451851345924,0.0229856260484,0.344494507495,-0.0818566217786,2.85456099106,2.34933415194,0.344494507495,2.85456099106,-0.0399679135431,-0.0208501321522,-2376,-0.00487540628386,-0.00672194249088,-0.0277777777778,0.0208333333333,0.00694444444444,1969,14,146,18463,0.930969267139,0.999242301239,0.000757698760621,0.0690307328605,0.992939989914,0.930969267139,0.960956564178,0.957259701429,0.930211568379,0.924847346172,291,423,0,5,5,5
866,WLNM_dir_neg_kfold,0.919381430623,0.403288729639,00:00:19,10,80,17,17362,threshold_sweep,0.2,0.968421052632,0.652482269504,0.779661016949,276,9,147,837,0.652482269504,0.989361702128,0.0106382978723,0.347517730496,0.968421052632,0.652482269504,0.779661016949,0.87706855792,0.591804570528,0.698841698842,0.725044817348,0.641843971631,2154,1731,423,0,2154,0,1731,0,423,144,2115,0.10270979021,3.28340051934,29.375,15.4379562044,16.5234375,23.125947344,0.787266292563,0.431540583136,18.7178045265,1.27440371245,0.622363409509,10.41950078,0.709412819061,0.401704097715,1.12585631727,0.342893384662,4.14543900894,3.28340051934,1.12585631727,4.14543900894,0.506274862896,0.548025908195,16217,0.0332762894383,0.115809519663,144,144,144,1,0,0.0486111111111,0.840277777778,0.111111111111,144,0.0821678321678,3.05355639515,23.5,13.0153846154,13.3228346457,18.5170494108,0.787959549395,0.43367070528,14.9771387559,1.27465010689,0.62686334384,8.53417645893,0.726312890122,0.407538744418,1.14466266563,0.374862133691,3.85198199836,3.06791692938,1.13559421795,3.85198199836,0.419242347611,0.449462182004,8775,0.0180057618438,0.0939936678204,144,143,143,0.993055555556,0,0.0902777777778,0.791666666667,0.111111111111,144,1977,0.0960081585082,3.63504373116,27.4583333333,14.4306569343,15.5669291339,21.4018739785,0.779430918791,0.430084864834,17.018385266,1.23957889646,0.6107844377,10.3432142209,0.753375239156,0.424271483168,1.19008643039,0.327392603338,4.42110865781,3.63504373116,1.19008643039,4.42110865781,0.470367043183,0.52865203602,13835,0.0283885715224,0.113244546217,144,144,144,1,0,0.0486111111111,0.833333333333,0.118055555556,-138,-0.00670163170163,0.351643211822,-1.91666666667,-1.00729927007,-0.956508366142,-1.72407336558,-0.00783537377223,-0.00145571830184,-1.69941926051,-0.0348248159819,-0.0115789718086,-0.0762865590483,0.0439624200948,0.0225673854528,0.0642301131163,-0.0155007813236,0.275669648874,0.351643211822,0.0642301131163,0.275669648874,-0.0359078197132,-0.0193738721744,-2382,-0.00488771791589,-0.00256497344557,0,-0.00694444444444,0.00694444444444,1968,9,147,18468,0.930496453901,0.99951290794,0.000487092060399,0.0695035460993,0.995447647951,0.930496453901,0.961876832845,0.958348308566,0.93000936184,0.926553672316,285,423,0,5,5,5
867,WLNM_dir_neg_kfold,0.919381430623,0.403288729639,00:00:19,10,80,17,17362,threshold_sweep,0.3,0.968421052632,0.652482269504,0.779661016949,276,9,147,837,0.652482269504,0.989361702128,0.0106382978723,0.347517730496,0.968421052632,0.652482269504,0.779661016949,0.87706855792,0.591804570528,0.698841698842,0.725044817348,0.641843971631,2154,1731,423,0,2154,0,1731,0,423,144,2115,0.10270979021,3.28340051934,29.375,15.4379562044,16.5234375,23.125947344,0.787266292563,0.431540583136,18.7178045265,1.27440371245,0.622363409509,10.41950078,0.709412819061,0.401704097715,1.12585631727,0.342893384662,4.14543900894,3.28340051934,1.12585631727,4.14543900894,0.506274862896,0.548025908195,16217,0.0332762894383,0.115809519663,144,144,144,1,0,0.0486111111111,0.840277777778,0.111111111111,144,0.0821678321678,3.05355639515,23.5,13.0153846154,13.3228346457,18.5170494108,0.787959549395,0.43367070528,14.9771387559,1.27465010689,0.62686334384,8.53417645893,0.726312890122,0.407538744418,1.14466266563,0.374862133691,3.85198199836,3.06791692938,1.13559421795,3.85198199836,0.419242347611,0.449462182004,8775,0.0180057618438,0.0939936678204,144,143,143,0.993055555556,0,0.0902777777778,0.791666666667,0.111111111111,144,1977,0.0960081585082,3.63504373116,27.4583333333,14.4306569343,15.5669291339,21.4018739785,0.779430918791,0.430084864834,17.018385266,1.23957889646,0.6107844377,10.3432142209,0.753375239156,0.424271483168,1.19008643039,0.327392603338,4.42110865781,3.63504373116,1.19008643039,4.42110865781,0.470367043183,0.52865203602,13835,0.0283885715224,0.113244546217,144,144,144,1,0,0.0486111111111,0.833333333333,0.118055555556,-138,-0.00670163170163,0.351643211822,-1.91666666667,-1.00729927007,-0.956508366142,-1.72407336558,-0.00783537377223,-0.00145571830184,-1.69941926051,-0.0348248159819,-0.0115789718086,-0.0762865590483,0.0439624200948,0.0225673854528,0.0642301131163,-0.0155007813236,0.275669648874,0.351643211822,0.0642301131163,0.275669648874,-0.0359078197132,-0.0193738721744,-2382,-0.00488771791589,-0.00256497344557,0,-0.00694444444444,0.00694444444444,1968,9,147,18468,0.930496453901,0.99951290794,0.000487092060399,0.0695035460993,0.995447647951,0.930496453901,0.961876832845,0.958348308566,0.93000936184,0.926553672316,285,423,0,5,5,5
868,WLNM_dir_neg_kfold,0.919381430623,0.403288729639,00:00:19,10,80,17,17362,threshold_sweep,0.4,0.975177304965,0.65011820331,0.780141843972,275,7,148,839,0.65011820331,0.991725768322,0.00827423167849,0.34988179669,0.975177304965,0.65011820331,0.780141843972,0.877856579984,0.592592592593,0.700193423598,0.727782655475,0.641843971631,2154,1731,423,0,2154,0,1731,0,423,144,2115,0.10270979021,3.28340051934,29.375,15.4379562044,16.5234375,23.125947344,0.787266292563,0.431540583136,18.7178045265,1.27440371245,0.622363409509,10.41950078,0.709412819061,0.401704097715,1.12585631727,0.342893384662,4.14543900894,3.28340051934,1.12585631727,4.14543900894,0.506274862896,0.548025908195,16217,0.0332762894383,0.115809519663,144,144,144,1,0,0.0486111111111,0.840277777778,0.111111111111,144,0.0821678321678,3.05355639515,23.5,13.0153846154,13.3228346457,18.5170494108,0.787959549395,0.43367070528,14.9771387559,1.27465010689,0.62686334384,8.53417645893,0.726312890122,0.407538744418,1.14466266563,0.374862133691,3.85198199836,3.06791692938,1.13559421795,3.85198199836,0.419242347611,0.449462182004,8775,0.0180057618438,0.0939936678204,144,143,143,0.993055555556,0,0.0902777777778,0.791666666667,0.111111111111,144,1974,0.0958624708625,3.61437804399,27.4166666667,14.4087591241,15.5433070866,21.3798480373,0.779812086467,0.430298744793,17.0112570709,1.24094276505,0.611624732635,10.345685902,0.754700491333,0.424997185635,1.19472283913,0.330547282157,4.41678786459,3.61437804399,1.19472283913,4.41678786459,0.469075953514,0.528815762643,13831,0.0283803637677,0.113700710038,144,144,144,1,0,0.0486111111111,0.833333333333,0.118055555556,-141,-0.00684731934732,0.330977524651,-1.95833333333,-1.02919708029,-0.980130413386,-1.74609930675,-0.00745420609641,-0.0012418383429,-1.70654745562,-0.0334609473934,-0.0107386768734,-0.0738148779375,0.0452876722718,0.0232930879207,0.068866521854,-0.0123461025043,0.27134885565,0.330977524651,0.068866521854,0.27134885565,-0.0371989093814,-0.0192101455521,-2386,-0.00489592567057,-0.00210880962554,0,-0.00694444444444,0.00694444444444,1967,7,148,18470,0.930023640662,0.99962115062,0.000378849380311,0.0699763593381,0.996453900709,0.930023640662,0.962093421374,0.95862305239,0.929644791282,0.926955702168,282,423,0,5,5,5
869,WLNM_dir_neg_kfold,0.919381430623,0.403288729639,00:00:19,10,80,17,17362,threshold_sweep,0.5,0.978494623656,0.645390070922,0.777777777778,273,6,150,840,0.645390070922,0.992907801418,0.00709219858156,0.354609929078,0.978494623656,0.645390070922,0.777777777778,0.87706855792,0.593380614657,0.697674418605,0.726539219545,0.63829787234,2154,1731,423,0,2154,0,1731,0,423,144,2115,0.10270979021,3.28340051934,29.375,15.4379562044,16.5234375,23.125947344,0.787266292563,0.431540583136,18.7178045265,1.27440371245,0.622363409509,10.41950078,0.709412819061,0.401704097715,1.12585631727,0.342893384662,4.14543900894,3.28340051934,1.12585631727,4.14543900894,0.506274862896,0.548025908195,16217,0.0332762894383,0.115809519663,144,144,144,1,0,0.0486111111111,0.840277777778,0.111111111111,144,0.0821678321678,3.05355639515,23.5,13.0153846154,13.3228346457,18.5170494108,0.787959549395,0.43367070528,14.9771387559,1.27465010689,0.62686334384,8.53417645893,0.726312890122,0.407538744418,1.14466266563,0.374862133691,3.85198199836,3.06791692938,1.13559421795,3.85198199836,0.419242347611,0.449462182004,8775,0.0180057618438,0.0939936678204,144,143,143,0.993055555556,0,0.0902777777778,0.791666666667,0.111111111111,144,1971,0.0957167832168,3.71486759968,27.375,14.3868613139,15.5196850394,21.3865113362,0.78124242324,0.431115761881,17.0127343296,1.2429394944,0.612777636845,10.3359436323,0.75513743432,0.425154320988,1.22379906624,0.329432754574,4.51113602952,3.71486759968,1.22379906624,4.51113602952,0.472018998303,0.528183849346,13790,0.0282962342821,0.114146968282,144,144,144,1,0,0.0486111111111,0.833333333333,0.118055555556,-144,-0.00699300699301,0.431467080346,-2,-1.05109489051,-1.00375246063,-1.73943600786,-0.00602386932344,-0.000424821255726,-1.70507019691,-0.0314642180429,-0.00958577266343,-0.0835571476969,0.0457246152595,0.0234502232729,0.0979427489658,-0.0134606300877,0.365697020586,0.431467080346,0.0979427489658,0.365697020586,-0.0342558645931,-0.0198420588492,-2427,-0.00498005515611,-0.00166255138071,0,-0.00694444444444,0.00694444444444,1965,6,150,18471,0.929078014184,0.99967527196,0.000324728040266,0.0709219858156,0.99695585997,0.929078014184,0.961820851689,0.958355117942,0.928753286144,0.926449787836,279,423,0,5,5,5
870,WLNM_dir_neg_kfold,0.919381430623,0.403288729639,00:00:19,10,80,17,17362,threshold_sweep,0.6,0.982014388489,0.645390070922,0.778887303852,273,5,150,841,0.645390070922,0.994089834515,0.00591016548463,0.354609929078,0.982014388489,0.645390070922,0.778887303852,0.877856579984,0.593643288679,0.69941822883,0.728824632102,0.639479905437,2154,1731,423,0,2154,0,1731,0,423,144,2115,0.10270979021,3.28340051934,29.375,15.4379562044,16.5234375,23.125947344,0.787266292563,0.431540583136,18.7178045265,1.27440371245,0.622363409509,10.41950078,0.709412819061,0.401704097715,1.12585631727,0.342893384662,4.14543900894,3.28340051934,1.12585631727,4.14543900894,0.506274862896,0.548025908195,16217,0.0332762894383,0.115809519663,144,144,144,1,0,0.0486111111111,0.840277777778,0.111111111111,144,0.0821678321678,3.05355639515,23.5,13.0153846154,13.3228346457,18.5170494108,0.787959549395,0.43367070528,14.9771387559,1.27465010689,0.62686334384,8.53417645893,0.726312890122,0.407538744418,1.14466266563,0.374862133691,3.85198199836,3.06791692938,1.13559421795,3.85198199836,0.419242347611,0.449462182004,8775,0.0180057618438,0.0939936678204,144,143,143,0.993055555556,0,0.0902777777778,0.791666666667,0.111111111111,144,1970,0.0956682206682,3.71314036155,27.3611111111,14.3795620438,15.5118110236,21.3753047207,0.781229411113,0.431123096447,17.0140430594,1.24366609165,0.612901861252,10.3245601527,0.754688660907,0.424922447829,1.2227615887,0.329306589473,4.50991026144,3.71314036155,1.2227615887,4.50991026144,0.471726329333,0.528272706358,13777,0.0282695590794,0.114231180396,144,144,144,1,0,0.0486111111111,0.833333333333,0.118055555556,-145,-0.00704156954157,0.429739842216,-2.01388888889,-1.05839416058,-1.01162647638,-1.75064262332,-0.00603688145054,-0.000417486689627,-1.70376146712,-0.0307376207924,-0.00946154825668,-0.0949406272643,0.0452758418466,0.0232183501138,0.0969052714215,-0.0135867951889,0.364471252496,0.429739842216,0.0969052714215,0.364471252496,-0.0345485335625,-0.0197532018374,-2440,-0.00500673035884,-0.00157833926667,0,-0.00694444444444,0.00694444444444,1965,5,150,18472,0.929078014184,0.9997293933,0.000270606700222,0.0709219858156,0.997461928934,0.929078014184,0.96205630355,0.95862844475,0.928807407484,0.926886792453,278,423,0,5,5,5
871,WLNM_dir_neg_kfold,0.919381430623,0.403288729639,00:00:19,10,80,17,17362,threshold_sweep,0.7,0.985294117647,0.633569739953,0.771223021583,268,4,155,842,0.633569739953,0.995271867612,0.00472813238771,0.366430260047,0.985294117647,0.633569739953,0.771223021583,0.874704491726,0.595219332808,0.690460739779,0.722378153374,0.628841607565,2154,1731,423,0,2154,0,1731,0,423,144,2115,0.10270979021,3.28340051934,29.375,15.4379562044,16.5234375,23.125947344,0.787266292563,0.431540583136,18.7178045265,1.27440371245,0.622363409509,10.41950078,0.709412819061,0.401704097715,1.12585631727,0.342893384662,4.14543900894,3.28340051934,1.12585631727,4.14543900894,0.506274862896,0.548025908195,16217,0.0332762894383,0.115809519663,144,144,144,1,0,0.0486111111111,0.840277777778,0.111111111111,144,0.0821678321678,3.05355639515,23.5,13.0153846154,13.3228346457,18.5170494108,0.787959549395,0.43367070528,14.9771387559,1.27465010689,0.62686334384,8.53417645893,0.726312890122,0.407538744418,1.14466266563,0.374862133691,3.85198199836,3.06791692938,1.13559421795,3.85198199836,0.419242347611,0.449462182004,8775,0.0180057618438,0.0939936678204,144,143,143,0.993055555556,0,0.0902777777778,0.791666666667,0.111111111111,144,1964,0.0953768453768,3.23411933518,27.2777777778,14.8787878788,15.4645669291,21.4115335381,0.784944203027,0.43302359131,17.0448241272,1.24972233926,0.617044297352,10.2708843091,0.753058727348,0.424042486988,1.14260980855,0.353298592331,4.03809760858,3.24974254732,1.1310859877,4.03809760858,0.475657721767,0.529701257257,13777,0.0282695590794,0.115606781324,144,143,143,0.993055555556,0,0.0763888888889,0.805555555556,0.111111111111,-151,-0.00733294483294,-0.0492811841542,-2.09722222222,-0.559168325592,-1.05887057087,-1.71441380593,-0.00232208953659,0.00148300817392,-1.67298039937,-0.0246813731825,-0.00531911215646,-0.148616470848,0.0436459082872,0.0223383892733,0.0167534912771,0.0104052076699,-0.107341400356,-0.0336579720201,0.00522967042642,-0.107341400356,-0.0306171411284,-0.0183246509378,-2440,-0.00500673035884,-0.00020273833899,0.0277777777778,-0.0347222222222,0,1960,4,155,18473,0.926713947991,0.99978351464,0.000216485360178,0.0732860520095,0.997963340122,0.926713947991,0.961019857808,0.957549630824,0.92649746263,0.924964605946,272,423,0,5,5,5
872,WLNM_dir_neg_kfold,0.919381430623,0.403288729639,00:00:19,10,80,17,17362,threshold_sweep,0.8,0.988847583643,0.628841607565,0.768786127168,266,3,157,843,0.628841607565,0.996453900709,0.00354609929078,0.371158392435,0.988847583643,0.628841607565,0.768786127168,0.873916469661,0.596007354873,0.687906371912,0.721214640465,0.625295508274,2154,1731,423,0,2154,0,1731,0,423,144,2115,0.10270979021,3.28340051934,29.375,15.4379562044,16.5234375,23.125947344,0.787266292563,0.431540583136,18.7178045265,1.27440371245,0.622363409509,10.41950078,0.709412819061,0.401704097715,1.12585631727,0.342893384662,4.14543900894,3.28340051934,1.12585631727,4.14543900894,0.506274862896,0.548025908195,16217,0.0332762894383,0.115809519663,144,144,144,1,0,0.0486111111111,0.840277777778,0.111111111111,144,0.0821678321678,3.05355639515,23.5,13.0153846154,13.3228346457,18.5170494108,0.787959549395,0.43367070528,14.9771387559,1.27465010689,0.62686334384,8.53417645893,0.726312890122,0.407538744418,1.14466266563,0.374862133691,3.85198199836,3.06791692938,1.13559421795,3.85198199836,0.419242347611,0.449462182004,8775,0.0180057618438,0.0939936678204,144,143,143,0.993055555556,0,0.0902777777778,0.791666666667,0.111111111111,144,1961,0.0952311577312,3.09176658164,27.2361111111,15.0846153846,15.4409448819,21.4032172312,0.785839694365,0.433399201088,17.0400583274,1.2512842423,0.618367187943,10.2684229986,0.754030041712,0.42447518273,1.15269977841,0.372828849777,3.90974531275,3.10639431997,1.14326076213,3.90974531275,0.476826598669,0.530068243625,13774,0.0282634032634,0.117142917941,144,143,143,0.993055555556,0,0.0902777777778,0.791666666667,0.111111111111,-154,-0.00747863247863,-0.191633937696,-2.13888888889,-0.353340819764,-1.08249261811,-1.7227301128,-0.00142659819836,0.00185861795155,-1.67774619914,-0.0231194701478,-0.00399622156614,-0.151077781364,0.0446172226512,0.0227710850152,0.0268434611376,0.0299354651156,-0.235693696193,-0.177006199363,0.0174044448563,-0.235693696193,-0.0294482642272,-0.0179576645703,-2443,-0.00501288617486,0.00133339827835,0.0416666666667,-0.0486111111111,0,1958,3,157,18474,0.925768321513,0.99983763598,0.000162364020133,0.074231678487,0.998470168281,0.925768321513,0.960745829244,0.957282625712,0.925605957493,0.924457034939,269,423,0,5,5,5
873,WLNM_dir_neg_kfold,0.919381430623,0.403288729639,00:00:19,10,80,17,17362,threshold_sweep,0.9,0.992537313433,0.628841607565,0.76989869754,266,2,157,844,0.628841607565,0.997635933806,0.00236406619385,0.371158392435,0.992537313433,0.628841607565,0.76989869754,0.874704491726,0.596270028894,0.689655172414,0.723563142067,0.626477541371,2154,1731,423,0,2154,0,1731,0,423,144,2115,0.10270979021,3.28340051934,29.375,15.4379562044,16.5234375,23.125947344,0.787266292563,0.431540583136,18.7178045265,1.27440371245,0.622363409509,10.41950078,0.709412819061,0.401704097715,1.12585631727,0.342893384662,4.14543900894,3.28340051934,1.12585631727,4.14543900894,0.506274862896,0.548025908195,16217,0.0332762894383,0.115809519663,144,144,144,1,0,0.0486111111111,0.840277777778,0.111111111111,144,0.0821678321678,3.05355639515,23.5,13.0153846154,13.3228346457,18.5170494108,0.787959549395,0.43367070528,14.9771387559,1.27465010689,0.62686334384,8.53417645893,0.726312890122,0.407538744418,1.14466266563,0.374862133691,3.85198199836,3.06791692938,1.13559421795,3.85198199836,0.419242347611,0.449462182004,8775,0.0180057618438,0.0939936678204,144,143,143,0.993055555556,0,0.0902777777778,0.791666666667,0.111111111111,144,1960,0.0951825951826,3.09125238219,27.2222222222,15.0769230769,15.4330708661,21.4095738484,0.78647414137,0.433691184807,17.0425674841,1.25210699883,0.61852324263,10.2732670334,0.75477063919,0.424900793651,1.1523524667,0.372778513118,3.90892120491,3.10587652472,1.14291478856,3.90892120491,0.476701816134,0.530107030107,13769,0.02825314357,0.117441096381,144,143,143,0.993055555556,0,0.0902777777778,0.791666666667,0.111111111111,-155,-0.0075271950272,-0.192148137145,-2.15277777778,-0.361033127456,-1.09036663386,-1.71637349565,-0.00079215119357,0.00215060167093,-1.67523704247,-0.0222967136155,-0.00384016687841,-0.146233746533,0.0453578201294,0.0231966959361,0.0264961494303,0.0298851284562,-0.236517804029,-0.177523994612,0.0170584712898,-0.236517804029,-0.0295730467615,-0.0179188780878,-2448,-0.00502314586822,0.00163157671792,0.0416666666667,-0.0486111111111,0,1958,2,157,18475,0.925768321513,0.99989175732,0.000108242680089,0.074231678487,0.998979591837,0.925768321513,0.960981595092,0.957557089507,0.925660078833,0.924893717525,268,423,0,5,5,5
874,WLNM_dir_neg_kfold,0.91931715932,0.391805209931,00:00:19,10,80,18,17363,threshold_sweep,0.1,0.968309859155,0.65011820331,0.777934936351,275,9,148,837,0.65011820331,0.989361702128,0.0106382978723,0.34988179669,0.968309859155,0.65011820331,0.777934936351,0.876280535855,0.59206724455,0.696716033484,0.723277544796,0.639479905437,2154,1731,423,0,2154,0,1731,0,423,144,2115,0.10270979021,3.28340051934,29.375,15.4379562044,16.5234375,23.125947344,0.787266292563,0.431540583136,18.7178045265,1.27440371245,0.622363409509,10.41950078,0.709412819061,0.401704097715,1.12585631727,0.342893384662,4.14543900894,3.28340051934,1.12585631727,4.14543900894,0.506274862896,0.548025908195,16217,0.0332762894383,0.115809519663,144,144,144,1,0,0.0486111111111,0.840277777778,0.111111111111,144,0.0821678321678,3.05355639515,23.5,13.0153846154,13.3228346457,18.5170494108,0.787959549395,0.43367070528,14.9771387559,1.27465010689,0.62686334384,8.53417645893,0.726312890122,0.407538744418,1.14466266563,0.374862133691,3.85198199836,3.06791692938,1.13559421795,3.85198199836,0.419242347611,0.449462182004,8775,0.0180057618438,0.0939936678204,144,143,143,0.993055555556,0,0.0902777777778,0.791666666667,0.111111111111,144,1976,0.0959595959596,9.84215923594,27.4444444444,14.1142857143,15.5590551181,21.342946552,0.777678214445,0.429501237067,16.9818679298,1.23754503132,0.609916216824,10.3798112575,0.756423492446,0.426071187584,3.4951010471,0.355115271285,16,9.84215923594,3.4951010471,16,0.461658292035,0.527903392227,13814,0.0283454808103,0.109875376828,144,144,144,1,0,0.0277777777778,0.854166666667,0.118055555556,-139,-0.00675019425019,6.55875871661,-1.93055555556,-1.32367049009,-0.96438238189,-1.78300079205,-0.00958807811795,-0.0020393460693,-1.73593659678,-0.0368586811266,-0.0124471926847,-0.0396895224962,0.0470106733856,0.0243670898696,2.36924472982,0.0122218866232,11.8545609911,6.55875871661,2.36924472982,11.8545609911,-0.0446165708606,-0.0201225159678,-2403,-0.00493080862799,-0.00593414283543,-0.0208333333333,0.0138888888889,0.00694444444444,1967,9,148,18468,0.930023640662,0.99951290794,0.000487092060399,0.0699763593381,0.99544534413,0.930023640662,0.961623075043,0.958077697336,0.929536548602,0.926082862524,284,423,0,5,5,5
875,WLNM_dir_neg_kfold,0.91931715932,0.391805209931,00:00:19,10,80,18,17363,threshold_sweep,0.2,0.968309859155,0.65011820331,0.777934936351,275,9,148,837,0.65011820331,0.989361702128,0.0106382978723,0.34988179669,0.968309859155,0.65011820331,0.777934936351,0.876280535855,0.59206724455,0.696716033484,0.723277544796,0.639479905437,2154,1731,423,0,2154,0,1731,0,423,144,2115,0.10270979021,3.28340051934,29.375,15.4379562044,16.5234375,23.125947344,0.787266292563,0.431540583136,18.7178045265,1.27440371245,0.622363409509,10.41950078,0.709412819061,0.401704097715,1.12585631727,0.342893384662,4.14543900894,3.28340051934,1.12585631727,4.14543900894,0.506274862896,0.548025908195,16217,0.0332762894383,0.115809519663,144,144,144,1,0,0.0486111111111,0.840277777778,0.111111111111,144,0.0821678321678,3.05355639515,23.5,13.0153846154,13.3228346457,18.5170494108,0.787959549395,0.43367070528,14.9771387559,1.27465010689,0.62686334384,8.53417645893,0.726312890122,0.407538744418,1.14466266563,0.374862133691,3.85198199836,3.06791692938,1.13559421795,3.85198199836,0.419242347611,0.449462182004,8775,0.0180057618438,0.0939936678204,144,143,143,0.993055555556,0,0.0902777777778,0.791666666667,0.111111111111,144,1976,0.0959595959596,9.84215923594,27.4444444444,14.1142857143,15.5590551181,21.342946552,0.777678214445,0.429501237067,16.9818679298,1.23754503132,0.609916216824,10.3798112575,0.756423492446,0.426071187584,3.4951010471,0.355115271285,16,9.84215923594,3.4951010471,16,0.461658292035,0.527903392227,13814,0.0283454808103,0.109875376828,144,144,144,1,0,0.0277777777778,0.854166666667,0.118055555556,-139,-0.00675019425019,6.55875871661,-1.93055555556,-1.32367049009,-0.96438238189,-1.78300079205,-0.00958807811795,-0.0020393460693,-1.73593659678,-0.0368586811266,-0.0124471926847,-0.0396895224962,0.0470106733856,0.0243670898696,2.36924472982,0.0122218866232,11.8545609911,6.55875871661,2.36924472982,11.8545609911,-0.0446165708606,-0.0201225159678,-2403,-0.00493080862799,-0.00593414283543,-0.0208333333333,0.0138888888889,0.00694444444444,1967,9,148,18468,0.930023640662,0.99951290794,0.000487092060399,0.0699763593381,0.99544534413,0.930023640662,0.961623075043,0.958077697336,0.929536548602,0.926082862524,284,423,0,5,5,5
876,WLNM_dir_neg_kfold,0.91931715932,0.391805209931,00:00:19,10,80,18,17363,threshold_sweep,0.3,0.978571428571,0.647754137116,0.779516358464,274,6,149,840,0.647754137116,0.992907801418,0.00709219858156,0.352245862884,0.978571428571,0.647754137116,0.779516358464,0.877856579984,0.593117940636,0.699806326662,0.728294662689,0.640661938534,2154,1731,423,0,2154,0,1731,0,423,144,2115,0.10270979021,3.28340051934,29.375,15.4379562044,16.5234375,23.125947344,0.787266292563,0.431540583136,18.7178045265,1.27440371245,0.622363409509,10.41950078,0.709412819061,0.401704097715,1.12585631727,0.342893384662,4.14543900894,3.28340051934,1.12585631727,4.14543900894,0.506274862896,0.548025908195,16217,0.0332762894383,0.115809519663,144,144,144,1,0,0.0486111111111,0.840277777778,0.111111111111,144,0.0821678321678,3.05355639515,23.5,13.0153846154,13.3228346457,18.5170494108,0.787959549395,0.43367070528,14.9771387559,1.27465010689,0.62686334384,8.53417645893,0.726312890122,0.407538744418,1.14466266563,0.374862133691,3.85198199836,3.06791692938,1.13559421795,3.85198199836,0.419242347611,0.449462182004,8775,0.0180057618438,0.0939936678204,144,143,143,0.993055555556,0,0.0902777777778,0.791666666667,0.111111111111,144,1972,0.0957653457653,3.66440040334,27.3888888889,14.3941605839,15.5275590551,21.3653242072,0.780072689105,0.430608378409,17.003199114,1.24161291704,0.612843700699,10.361492574,0.75662014739,0.425977574938,1.18642104036,0.323769487439,4.391850376,3.66440040334,1.18642104036,4.391850376,0.464706358592,0.528740619736,13810,0.0283372730556,0.113453810924,144,144,144,1,0,0.0486111111111,0.833333333333,0.118055555556,-143,-0.00694444444444,0.380999884001,-1.98611111111,-1.04379562044,-0.995878444882,-1.76062313688,-0.00719360345791,-0.000932204727493,-1.71460541258,-0.0327907954019,-0.00951970881013,-0.0580082059812,0.0472073283288,0.0242734772233,0.0605647230865,-0.0191238972221,0.246411367064,0.380999884001,0.0605647230865,0.246411367064,-0.0415685043042,-0.0192852884593,-2407,-0.00493901638268,-0.00235570873917,0,-0.00694444444444,0.00694444444444,1966,6,149,18471,0.929550827423,0.99967527196,0.000324728040266,0.0704491725768,0.996957403651,0.929550827423,0.962074871544,0.958625596602,0.929226099383,0.926921263555,280,423,0,5,5,5
877,WLNM_dir_neg_kfold,0.91931715932,0.391805209931,00:00:19,10,80,18,17363,threshold_sweep,0.4,0.982078853047,0.647754137116,0.780626780627,274,5,149,841,0.647754137116,0.994089834515,0.00591016548463,0.352245862884,0.982078853047,0.647754137116,0.780626780627,0.878644602049,0.593380614657,0.701550387597,0.730575548542,0.641843971631,2154,1731,423,0,2154,0,1731,0,423,144,2115,0.10270979021,3.28340051934,29.375,15.4379562044,16.5234375,23.125947344,0.787266292563,0.431540583136,18.7178045265,1.27440371245,0.622363409509,10.41950078,0.709412819061,0.401704097715,1.12585631727,0.342893384662,4.14543900894,3.28340051934,1.12585631727,4.14543900894,0.506274862896,0.548025908195,16217,0.0332762894383,0.115809519663,144,144,144,1,0,0.0486111111111,0.840277777778,0.111111111111,144,0.0821678321678,3.05355639515,23.5,13.0153846154,13.3228346457,18.5170494108,0.787959549395,0.43367070528,14.9771387559,1.27465010689,0.62686334384,8.53417645893,0.726312890122,0.407538744418,1.14466266563,0.374862133691,3.85198199836,3.06791692938,1.13559421795,3.85198199836,0.419242347611,0.449462182004,8775,0.0180057618438,0.0939936678204,144,143,143,0.993055555556,0,0.0902777777778,0.791666666667,0.111111111111,144,1971,0.0957167832168,3.66418152593,27.375,14.3868613139,15.5196850394,21.375063898,0.780824251982,0.430988922713,17.0057451214,1.24242886731,0.612996082079,10.3636459483,0.757161347824,0.426246547156,1.18637029807,0.323774979399,4.39177666988,3.66418152593,1.18637029807,4.39177666988,0.465086976974,0.528826022571,13808,0.0283331691782,0.113614304606,144,144,144,1,0,0.0486111111111,0.833333333333,0.118055555556,-144,-0.00699300699301,0.380781006592,-2,-1.05109489051,-1.00375246063,-1.75088344605,-0.00644204058162,-0.000551660423661,-1.71205940517,-0.0319748451308,-0.00936732742976,-0.0558548316102,0.0477485287635,0.0245424494412,0.060513980797,-0.0191184052626,0.246337660945,0.380781006592,0.060513980797,0.246337660945,-0.0411878859215,-0.0191998856243,-2409,-0.00494312026002,-0.00219521505665,0,-0.00694444444444,0.00694444444444,1966,5,149,18472,0.929550827423,0.9997293933,0.000270606700222,0.0704491725768,0.997463216641,0.929550827423,0.962310327949,0.958898847324,0.929280220723,0.927358490566,279,423,0,5,5,5
878,WLNM_dir_neg_kfold,0.91931715932,0.391805209931,00:00:19,10,80,18,17363,threshold_sweep,0.5,0.982078853047,0.647754137116,0.780626780627,274,5,149,841,0.647754137116,0.994089834515,0.00591016548463,0.352245862884,0.982078853047,0.647754137116,0.780626780627,0.878644602049,0.593380614657,0.701550387597,0.730575548542,0.641843971631,2154,1731,423,0,2154,0,1731,0,423,144,2115,0.10270979021,3.28340051934,29.375,15.4379562044,16.5234375,23.125947344,0.787266292563,0.431540583136,18.7178045265,1.27440371245,0.622363409509,10.41950078,0.709412819061,0.401704097715,1.12585631727,0.342893384662,4.14543900894,3.28340051934,1.12585631727,4.14543900894,0.506274862896,0.548025908195,16217,0.0332762894383,0.115809519663,144,144,144,1,0,0.0486111111111,0.840277777778,0.111111111111,144,0.0821678321678,3.05355639515,23.5,13.0153846154,13.3228346457,18.5170494108,0.787959549395,0.43367070528,14.9771387559,1.27465010689,0.62686334384,8.53417645893,0.726312890122,0.407538744418,1.14466266563,0.374862133691,3.85198199836,3.06791692938,1.13559421795,3.85198199836,0.419242347611,0.449462182004,8775,0.0180057618438,0.0939936678204,144,143,143,0.993055555556,0,0.0902777777778,0.791666666667,0.111111111111,144,1971,0.0957167832168,3.66418152593,27.375,14.3868613139,15.5196850394,21.375063898,0.780824251982,0.430988922713,17.0057451214,1.24242886731,0.612996082079,10.3636459483,0.757161347824,0.426246547156,1.18637029807,0.323774979399,4.39177666988,3.66418152593,1.18637029807,4.39177666988,0.465086976974,0.528826022571,13808,0.0283331691782,0.113614304606,144,144,144,1,0,0.0486111111111,0.833333333333,0.118055555556,-144,-0.00699300699301,0.380781006592,-2,-1.05109489051,-1.00375246063,-1.75088344605,-0.00644204058162,-0.000551660423661,-1.71205940517,-0.0319748451308,-0.00936732742976,-0.0558548316102,0.0477485287635,0.0245424494412,0.060513980797,-0.0191184052626,0.246337660945,0.380781006592,0.060513980797,0.246337660945,-0.0411878859215,-0.0191998856243,-2409,-0.00494312026002,-0.00219521505665,0,-0.00694444444444,0.00694444444444,1966,5,149,18472,0.929550827423,0.9997293933,0.000270606700222,0.0704491725768,0.997463216641,0.929550827423,0.962310327949,0.958898847324,0.929280220723,0.927358490566,279,423,0,5,5,5
879,WLNM_dir_neg_kfold,0.91931715932,0.391805209931,00:00:19,10,80,18,17363,threshold_sweep,0.6,0.982078853047,0.647754137116,0.780626780627,274,5,149,841,0.647754137116,0.994089834515,0.00591016548463,0.352245862884,0.982078853047,0.647754137116,0.780626780627,0.878644602049,0.593380614657,0.701550387597,0.730575548542,0.641843971631,2154,1731,423,0,2154,0,1731,0,423,144,2115,0.10270979021,3.28340051934,29.375,15.4379562044,16.5234375,23.125947344,0.787266292563,0.431540583136,18.7178045265,1.27440371245,0.622363409509,10.41950078,0.709412819061,0.401704097715,1.12585631727,0.342893384662,4.14543900894,3.28340051934,1.12585631727,4.14543900894,0.506274862896,0.548025908195,16217,0.0332762894383,0.115809519663,144,144,144,1,0,0.0486111111111,0.840277777778,0.111111111111,144,0.0821678321678,3.05355639515,23.5,13.0153846154,13.3228346457,18.5170494108,0.787959549395,0.43367070528,14.9771387559,1.27465010689,0.62686334384,8.53417645893,0.726312890122,0.407538744418,1.14466266563,0.374862133691,3.85198199836,3.06791692938,1.13559421795,3.85198199836,0.419242347611,0.449462182004,8775,0.0180057618438,0.0939936678204,144,143,143,0.993055555556,0,0.0902777777778,0.791666666667,0.111111111111,144,1971,0.0957167832168,3.66418152593,27.375,14.3868613139,15.5196850394,21.375063898,0.780824251982,0.430988922713,17.0057451214,1.24242886731,0.612996082079,10.3636459483,0.757161347824,0.426246547156,1.18637029807,0.323774979399,4.39177666988,3.66418152593,1.18637029807,4.39177666988,0.465086976974,0.528826022571,13808,0.0283331691782,0.113614304606,144,144,144,1,0,0.0486111111111,0.833333333333,0.118055555556,-144,-0.00699300699301,0.380781006592,-2,-1.05109489051,-1.00375246063,-1.75088344605,-0.00644204058162,-0.000551660423661,-1.71205940517,-0.0319748451308,-0.00936732742976,-0.0558548316102,0.0477485287635,0.0245424494412,0.060513980797,-0.0191184052626,0.246337660945,0.380781006592,0.060513980797,0.246337660945,-0.0411878859215,-0.0191998856243,-2409,-0.00494312026002,-0.00219521505665,0,-0.00694444444444,0.00694444444444,1966,5,149,18472,0.929550827423,0.9997293933,0.000270606700222,0.0704491725768,0.997463216641,0.929550827423,0.962310327949,0.958898847324,0.929280220723,0.927358490566,279,423,0,5,5,5
880,WLNM_dir_neg_kfold,0.91931715932,0.391805209931,00:00:19,10,80,18,17363,threshold_sweep,0.7,0.981818181818,0.63829787234,0.773638968481,270,5,153,841,0.63829787234,0.994089834515,0.00591016548463,0.36170212766,0.981818181818,0.63829787234,0.773638968481,0.87549251379,0.594431310743,0.693005181347,0.723567822162,0.632387706856,2154,1731,423,0,2154,0,1731,0,423,144,2115,0.10270979021,3.28340051934,29.375,15.4379562044,16.5234375,23.125947344,0.787266292563,0.431540583136,18.7178045265,1.27440371245,0.622363409509,10.41950078,0.709412819061,0.401704097715,1.12585631727,0.342893384662,4.14543900894,3.28340051934,1.12585631727,4.14543900894,0.506274862896,0.548025908195,16217,0.0332762894383,0.115809519663,144,144,144,1,0,0.0486111111111,0.840277777778,0.111111111111,144,0.0821678321678,3.05355639515,23.5,13.0153846154,13.3228346457,18.5170494108,0.787959549395,0.43367070528,14.9771387559,1.27465010689,0.62686334384,8.53417645893,0.726312890122,0.407538744418,1.14466266563,0.374862133691,3.85198199836,3.06791692938,1.13559421795,3.85198199836,0.419242347611,0.449462182004,8775,0.0180057618438,0.0939936678204,144,143,143,0.993055555556,0,0.0902777777778,0.791666666667,0.111111111111,144,1967,0.0955225330225,3.57415304311,27.3194444444,14.7894736842,15.4881889764,21.3942848318,0.783115662375,0.432084251257,17.0274000473,1.24654072537,0.616022001921,10.3221963256,0.755666634923,0.425439897193,1.22566059721,0.342923367418,4.30112153454,3.59215411335,1.21071587553,4.30112153454,0.468119986621,0.529881293492,13808,0.0283331691782,0.114862090811,144,143,143,0.993055555556,0,0.0694444444444,0.8125,0.111111111111,-148,-0.00718725718726,0.290752523779,-2.05555555556,-0.648482520169,-1.03524852362,-1.73166251221,-0.00415063018813,0.000543668120521,-1.69040447927,-0.0278629870729,-0.00634140758822,-0.0973044543069,0.0462538158621,0.0237357994778,0.0998042799389,2.99827567758e-05,0.155682525604,0.308753594011,0.0848595582533,0.155682525604,-0.0381548762745,-0.0181446147033,-2409,-0.00494312026002,-0.000947428851731,0.0208333333333,-0.0277777777778,0,1962,5,153,18472,0.927659574468,0.9997293933,0.000270606700222,0.0723404255319,0.997458057956,0.927659574468,0.961293483586,0.957816953406,0.927388967768,0.925471698113,275,423,0,5,5,5
881,WLNM_dir_neg_kfold,0.91931715932,0.391805209931,00:00:19,10,80,18,17363,threshold_sweep,0.8,0.985401459854,0.63829787234,0.77474892396,270,4,153,842,0.63829787234,0.995271867612,0.00472813238771,0.36170212766,0.985401459854,0.63829787234,0.77474892396,0.876280535855,0.594693984765,0.694750486066,0.725876890404,0.633569739953,2154,1731,423,0,2154,0,1731,0,423,144,2115,0.10270979021,3.28340051934,29.375,15.4379562044,16.5234375,23.125947344,0.787266292563,0.431540583136,18.7178045265,1.27440371245,0.622363409509,10.41950078,0.709412819061,0.401704097715,1.12585631727,0.342893384662,4.14543900894,3.28340051934,1.12585631727,4.14543900894,0.506274862896,0.548025908195,16217,0.0332762894383,0.115809519663,144,144,144,1,0,0.0486111111111,0.840277777778,0.111111111111,144,0.0821678321678,3.05355639515,23.5,13.0153846154,13.3228346457,18.5170494108,0.787959549395,0.43367070528,14.9771387559,1.27465010689,0.62686334384,8.53417645893,0.726312890122,0.407538744418,1.14466266563,0.374862133691,3.85198199836,3.06791692938,1.13559421795,3.85198199836,0.419242347611,0.449462182004,8775,0.0180057618438,0.0939936678204,144,143,143,0.993055555556,0,0.0902777777778,0.791666666667,0.111111111111,144,1966,0.095473970474,3.21156344889,27.3055555556,14.8939393939,15.4803149606,21.3922009767,0.783437675646,0.432176867865,17.0328023492,1.24757046708,0.616762744433,10.3087439594,0.755065681664,0.425172374816,1.1359251102,0.353698479972,4.02487729072,3.22702892755,1.1246012803,4.02487729072,0.46651781838,0.530019458242,13801,0.0283188056075,0.115713192059,144,143,143,0.993055555556,0,0.0763888888889,0.805555555556,0.111111111111,-149,-0.00723581973582,-0.0718370704506,-2.06944444444,-0.54401681044,-1.04312253937,-1.73374636737,-0.00382861691704,0.000636284728485,-1.68500217735,-0.0268332453636,-0.00560066507566,-0.110756820568,0.0456528626034,0.0234682771016,0.0100687929285,0.0108050953101,-0.120561718216,-0.0563715917871,-0.00125503697411,-0.120561718216,-0.0397570445156,-0.0180064499533,-2416,-0.00495748383072,-9.6327604458e-05,0.0277777777778,-0.0347222222222,0,1962,4,153,18473,0.927659574468,0.99978351464,0.000216485360178,0.0723404255319,0.997965412004,0.927659574468,0.961529037001,0.958090708883,0.927443089108,0.925908447381,274,423,0,5,5,5
882,WLNM_dir_neg_kfold,0.91931715932,0.391805209931,00:00:19,10,80,18,17363,threshold_sweep,0.9,0.988970588235,0.635933806147,0.774100719424,269,3,154,843,0.635933806147,0.996453900709,0.00354609929078,0.364066193853,0.988970588235,0.635933806147,0.774100719424,0.876280535855,0.595219332808,0.69435431538,0.726451714389,0.632387706856,2154,1731,423,0,2154,0,1731,0,423,144,2115,0.10270979021,3.28340051934,29.375,15.4379562044,16.5234375,23.125947344,0.787266292563,0.431540583136,18.7178045265,1.27440371245,0.622363409509,10.41950078,0.709412819061,0.401704097715,1.12585631727,0.342893384662,4.14543900894,3.28340051934,1.12585631727,4.14543900894,0.506274862896,0.548025908195,16217,0.0332762894383,0.115809519663,144,144,144,1,0,0.0486111111111,0.840277777778,0.111111111111,144,0.0821678321678,3.05355639515,23.5,13.0153846154,13.3228346457,18.5170494108,0.787959549395,0.43367070528,14.9771387559,1.27465010689,0.62686334384,8.53417645893,0.726312890122,0.407538744418,1.14466266563,0.374862133691,3.85198199836,3.06791692938,1.13559421795,3.85198199836,0.419242347611,0.449462182004,8775,0.0180057618438,0.0939936678204,144,143,143,0.993055555556,0,0.0902777777778,0.791666666667,0.111111111111,144,1964,0.0953768453768,3.06951787005,27.2777777778,15.1076923077,15.4645669291,21.4040204198,0.784668773028,0.432737186015,17.043593268,1.24963209297,0.618225277212,10.3028349083,0.755401337475,0.425244682055,1.14383396638,0.372642875788,3.89707970759,3.08399002299,1.13454735593,3.89707970759,0.467685272203,0.530386315587,13798,0.0283126497915,0.117252030018,144,143,143,0.993055555556,0,0.0902777777778,0.791666666667,0.111111111111,-151,-0.00733294483294,-0.213882649287,-2.09722222222,-0.330263896687,-1.05887057087,-1.72192692422,-0.00259751953512,0.00119660287861,-1.67421125857,-0.0247716194778,-0.00413813229676,-0.116665871621,0.0459885184139,0.02354058434,0.017977649103,0.0297494911264,-0.24835930135,-0.199410496349,0.00869103865362,-0.24835930135,-0.0385895906927,-0.0176395926077,-2419,-0.00496363964674,0.00144251035503,0.0416666666667,-0.0486111111111,0,1961,3,154,18474,0.927186761229,0.99983763598,0.000162364020133,0.0728132387707,0.998472505092,0.927186761229,0.961510174062,0.958094225959,0.927024397209,0.925873465534,272,423,0,5,5,5
883,WLNM_dir_neg_kfold,0.905720984301,0.395998015656,00:00:19,10,80,19,17364,threshold_sweep,0.1,0.948453608247,0.652482269504,0.773109243697,276,15,147,831,0.652482269504,0.982269503546,0.0177304964539,0.347517730496,0.948453608247,0.652482269504,0.773109243697,0.872340425532,0.590228526399,0.688461538462,0.711776042306,0.63475177305,2154,1731,423,0,2154,0,1731,0,423,144,2115,0.10270979021,3.28340051934,29.375,15.4379562044,16.5234375,23.125947344,0.787266292563,0.431540583136,18.7178045265,1.27440371245,0.622363409509,10.41950078,0.709412819061,0.401704097715,1.12585631727,0.342893384662,4.14543900894,3.28340051934,1.12585631727,4.14543900894,0.506274862896,0.548025908195,16217,0.0332762894383,0.115809519663,144,144,144,1,0,0.0486111111111,0.840277777778,0.111111111111,144,0.0821678321678,3.05355639515,23.5,13.0153846154,13.3228346457,18.5170494108,0.787959549395,0.43367070528,14.9771387559,1.27465010689,0.62686334384,8.53417645893,0.726312890122,0.407538744418,1.14466266563,0.374862133691,3.85198199836,3.06791692938,1.13559421795,3.85198199836,0.419242347611,0.449462182004,8775,0.0180057618438,0.0939936678204,144,143,143,0.993055555556,0,0.0902777777778,0.791666666667,0.111111111111,144,1983,0.0962995337995,8.67112208575,27.5416666667,14.0638297872,15.6141732283,21.40938785,0.777345398487,0.429494452849,16.9786862482,1.23294544616,0.60668809884,10.4230237013,0.756891282391,0.425432145459,2.45122583325,0.282688423598,10.2509363296,8.67112208575,2.45122583325,10.2509363296,0.462199855354,0.527857451075,13864,0.0284480777439,0.110573197047,144,144,144,1,0,0.0208333333333,0.861111111111,0.118055555556,-132,-0.00641025641026,5.38772156641,-1.83333333333,-1.37412641715,-0.909264271654,-1.71655949404,-0.00992089407588,-0.00204613028711,-1.73911827838,-0.0414582662857,-0.0156753106687,0.00352292129933,0.0474784633299,0.0237280477439,1.32536951597,-0.0602049610632,6.10549732065,5.38772156641,1.32536951597,6.10549732065,-0.0440750075414,-0.0201684571199,-2353,-0.00482821169441,-0.00523632261588,-0.0277777777778,0.0208333333333,0.00694444444444,1968,15,147,18462,0.930496453901,0.999188179899,0.000811820100666,0.0695035460993,0.99243570348,0.930496453901,0.96046852123,0.956717444963,0.9296846338,0.923943661972,291,423,0,5,5,5
884,WLNM_dir_neg_kfold,0.905720984301,0.395998015656,00:00:19,10,80,19,17364,threshold_sweep,0.2,0.951724137931,0.652482269504,0.774193548387,276,14,147,832,0.652482269504,0.983451536643,0.016548463357,0.347517730496,0.951724137931,0.652482269504,0.774193548387,0.873128447597,0.59049120042,0.690186016677,0.713965017548,0.635933806147,2154,1731,423,0,2154,0,1731,0,423,144,2115,0.10270979021,3.28340051934,29.375,15.4379562044,16.5234375,23.125947344,0.787266292563,0.431540583136,18.7178045265,1.27440371245,0.622363409509,10.41950078,0.709412819061,0.401704097715,1.12585631727,0.342893384662,4.14543900894,3.28340051934,1.12585631727,4.14543900894,0.506274862896,0.548025908195,16217,0.0332762894383,0.115809519663,144,144,144,1,0,0.0486111111111,0.840277777778,0.111111111111,144,0.0821678321678,3.05355639515,23.5,13.0153846154,13.3228346457,18.5170494108,0.787959549395,0.43367070528,14.9771387559,1.27465010689,0.62686334384,8.53417645893,0.726312890122,0.407538744418,1.14466266563,0.374862133691,3.85198199836,3.06791692938,1.13559421795,3.85198199836,0.419242347611,0.449462182004,8775,0.0180057618438,0.0939936678204,144,143,143,0.993055555556,0,0.0902777777778,0.791666666667,0.111111111111,144,1982,0.096250971251,8.64780952426,27.5277777778,14.0567375887,15.6062992126,21.4002628715,0.777406118442,0.429486909967,16.9833262991,1.23390463526,0.607200919386,10.4312508627,0.757870900218,0.426014687745,2.45699556983,0.284117678926,10.2509363296,8.64780952426,2.45699556983,10.2509363296,0.462199855354,0.527857451075,13864,0.0284480777439,0.110936037426,144,144,144,1,0,0.0208333333333,0.861111111111,0.118055555556,-133,-0.00645881895882,5.36440900492,-1.84722222222,-1.38121861573,-0.917138287402,-1.7256844725,-0.00986017412155,-0.00205367316884,-1.73447822739,-0.0404990771891,-0.0151624901232,0.0117500827642,0.048458081157,0.0243105900305,1.33113925255,-0.0587757057353,6.10549732065,5.36440900492,1.33113925255,6.10549732065,-0.0440750075414,-0.0201684571199,-2353,-0.00482821169441,-0.00487348223691,-0.0277777777778,0.0208333333333,0.00694444444444,1968,14,147,18463,0.930496453901,0.999242301239,0.000757698760621,0.0695035460993,0.992936427851,0.930496453901,0.960702953381,0.956988762432,0.92973875514,0.924377642085,290,423,0,5,5,5
885,WLNM_dir_neg_kfold,0.905720984301,0.395998015656,00:00:19,10,80,19,17364,threshold_sweep,0.3,0.971731448763,0.65011820331,0.779036827195,275,8,148,838,0.65011820331,0.990543735225,0.00945626477541,0.34988179669,0.971731448763,0.65011820331,0.779036827195,0.87706855792,0.592329918571,0.698453608247,0.725525386919,0.640661938534,2154,1731,423,0,2154,0,1731,0,423,144,2115,0.10270979021,3.28340051934,29.375,15.4379562044,16.5234375,23.125947344,0.787266292563,0.431540583136,18.7178045265,1.27440371245,0.622363409509,10.41950078,0.709412819061,0.401704097715,1.12585631727,0.342893384662,4.14543900894,3.28340051934,1.12585631727,4.14543900894,0.506274862896,0.548025908195,16217,0.0332762894383,0.115809519663,144,144,144,1,0,0.0486111111111,0.840277777778,0.111111111111,144,0.0821678321678,3.05355639515,23.5,13.0153846154,13.3228346457,18.5170494108,0.787959549395,0.43367070528,14.9771387559,1.27465010689,0.62686334384,8.53417645893,0.726312890122,0.407538744418,1.14466266563,0.374862133691,3.85198199836,3.06791692938,1.13559421795,3.85198199836,0.419242347611,0.449462182004,8775,0.0180057618438,0.0939936678204,144,143,143,0.993055555556,0,0.0902777777778,0.791666666667,0.111111111111,144,1975,0.095911033411,3.70137934973,27.4305555556,14.4160583942,15.5511811024,21.4155204087,0.780717706038,0.430938818565,17.0202114301,1.2409673144,0.612134317862,10.35567693,0.75504682426,0.425284810127,1.23967566262,0.334922618163,4.49301078471,3.70137934973,1.23967566262,4.49301078471,0.46435101592,0.529663663128,13853,0.0284255064185,0.113687668096,144,144,144,1,0,0.0486111111111,0.833333333333,0.118055555556,-140,-0.00679875679876,0.417978830393,-1.94444444444,-1.02189781022,-0.972256397638,-1.71042693536,-0.00654858652527,-0.000601764570927,-1.69759309644,-0.0334363980485,-0.0102290916466,-0.0638238500034,0.045634005199,0.0235807124118,0.11381934535,-0.00797076649873,0.34757177577,0.417978830393,0.11381934535,0.34757177577,-0.0419238469754,-0.018362245067,-2364,-0.0048507830198,-0.00212185156681,0,-0.00694444444444,0.00694444444444,1967,8,148,18469,0.930023640662,0.99956702928,0.000432970720355,0.0699763593381,0.995949367089,0.930023640662,0.961858190709,0.958350275581,0.929590669942,0.926519076778,283,423,0,5,5,5
886,WLNM_dir_neg_kfold,0.905720984301,0.395998015656,00:00:19,10,80,19,17364,threshold_sweep,0.4,0.971731448763,0.65011820331,0.779036827195,275,8,148,838,0.65011820331,0.990543735225,0.00945626477541,0.34988179669,0.971731448763,0.65011820331,0.779036827195,0.87706855792,0.592329918571,0.698453608247,0.725525386919,0.640661938534,2154,1731,423,0,2154,0,1731,0,423,144,2115,0.10270979021,3.28340051934,29.375,15.4379562044,16.5234375,23.125947344,0.787266292563,0.431540583136,18.7178045265,1.27440371245,0.622363409509,10.41950078,0.709412819061,0.401704097715,1.12585631727,0.342893384662,4.14543900894,3.28340051934,1.12585631727,4.14543900894,0.506274862896,0.548025908195,16217,0.0332762894383,0.115809519663,144,144,144,1,0,0.0486111111111,0.840277777778,0.111111111111,144,0.0821678321678,3.05355639515,23.5,13.0153846154,13.3228346457,18.5170494108,0.787959549395,0.43367070528,14.9771387559,1.27465010689,0.62686334384,8.53417645893,0.726312890122,0.407538744418,1.14466266563,0.374862133691,3.85198199836,3.06791692938,1.13559421795,3.85198199836,0.419242347611,0.449462182004,8775,0.0180057618438,0.0939936678204,144,143,143,0.993055555556,0,0.0902777777778,0.791666666667,0.111111111111,144,1975,0.095911033411,3.70137934973,27.4305555556,14.4160583942,15.5511811024,21.4155204087,0.780717706038,0.430938818565,17.0202114301,1.2409673144,0.612134317862,10.35567693,0.75504682426,0.425284810127,1.23967566262,0.334922618163,4.49301078471,3.70137934973,1.23967566262,4.49301078471,0.46435101592,0.529663663128,13853,0.0284255064185,0.113687668096,144,144,144,1,0,0.0486111111111,0.833333333333,0.118055555556,-140,-0.00679875679876,0.417978830393,-1.94444444444,-1.02189781022,-0.972256397638,-1.71042693536,-0.00654858652527,-0.000601764570927,-1.69759309644,-0.0334363980485,-0.0102290916466,-0.0638238500034,0.045634005199,0.0235807124118,0.11381934535,-0.00797076649873,0.34757177577,0.417978830393,0.11381934535,0.34757177577,-0.0419238469754,-0.018362245067,-2364,-0.0048507830198,-0.00212185156681,0,-0.00694444444444,0.00694444444444,1967,8,148,18469,0.930023640662,0.99956702928,0.000432970720355,0.0699763593381,0.995949367089,0.930023640662,0.961858190709,0.958350275581,0.929590669942,0.926519076778,283,423,0,5,5,5
887,WLNM_dir_neg_kfold,0.905720984301,0.395998015656,00:00:19,10,80,19,17364,threshold_sweep,0.5,0.971631205674,0.647754137116,0.777304964539,274,8,149,838,0.647754137116,0.990543735225,0.00945626477541,0.352245862884,0.971631205674,0.647754137116,0.777304964539,0.876280535855,0.592592592593,0.696324951644,0.723761756826,0.63829787234,2154,1731,423,0,2154,0,1731,0,423,144,2115,0.10270979021,3.28340051934,29.375,15.4379562044,16.5234375,23.125947344,0.787266292563,0.431540583136,18.7178045265,1.27440371245,0.622363409509,10.41950078,0.709412819061,0.401704097715,1.12585631727,0.342893384662,4.14543900894,3.28340051934,1.12585631727,4.14543900894,0.506274862896,0.548025908195,16217,0.0332762894383,0.115809519663,144,144,144,1,0,0.0486111111111,0.840277777778,0.111111111111,144,0.0821678321678,3.05355639515,23.5,13.0153846154,13.3228346457,18.5170494108,0.787959549395,0.43367070528,14.9771387559,1.27465010689,0.62686334384,8.53417645893,0.726312890122,0.407538744418,1.14466266563,0.374862133691,3.85198199836,3.06791692938,1.13559421795,3.85198199836,0.419242347611,0.449462182004,8775,0.0180057618438,0.0939936678204,144,143,143,0.993055555556,0,0.0902777777778,0.791666666667,0.111111111111,144,1974,0.0958624708625,3.70110895978,27.4166666667,14.4087591241,15.5433070866,21.3991372939,0.780515645978,0.430819402229,17.0116681471,1.24097275237,0.612075030958,10.3477135071,0.754848401734,0.425151975684,1.2393432304,0.334857266801,4.49209133024,3.70110895978,1.2393432304,4.49209133024,0.464019354779,0.528860019653,13814,0.0283454808103,0.113648972486,144,144,144,1,0,0.0486111111111,0.833333333333,0.118055555556,-141,-0.00684731934732,0.417708440445,-1.95833333333,-1.02919708029,-0.980130413386,-1.72681005015,-0.00675064658513,-0.000721180907351,-1.70613637944,-0.0334309600736,-0.0102883785508,-0.0717872728482,0.0454355826735,0.0234478779692,0.113486913129,-0.0080361178609,0.346652321305,0.417708440445,0.113486913129,0.346652321305,-0.0422555081172,-0.0191658885422,-2403,-0.00493080862799,-0.00216054717716,0,-0.00694444444444,0.00694444444444,1966,8,149,18469,0.929550827423,0.99956702928,0.000432970720355,0.0704491725768,0.995947315096,0.929550827423,0.961604304231,0.958079692561,0.929117856703,0.926048045219,282,423,0,5,5,5
888,WLNM_dir_neg_kfold,0.905720984301,0.395998015656,00:00:19,10,80,19,17364,threshold_sweep,0.6,0.97153024911,0.645390070922,0.775568181818,273,8,150,838,0.645390070922,0.990543735225,0.00945626477541,0.354609929078,0.97153024911,0.645390070922,0.775568181818,0.87549251379,0.592855266614,0.694193548387,0.721997419887,0.635933806147,2154,1731,423,0,2154,0,1731,0,423,144,2115,0.10270979021,3.28340051934,29.375,15.4379562044,16.5234375,23.125947344,0.787266292563,0.431540583136,18.7178045265,1.27440371245,0.622363409509,10.41950078,0.709412819061,0.401704097715,1.12585631727,0.342893384662,4.14543900894,3.28340051934,1.12585631727,4.14543900894,0.506274862896,0.548025908195,16217,0.0332762894383,0.115809519663,144,144,144,1,0,0.0486111111111,0.840277777778,0.111111111111,144,0.0821678321678,3.05355639515,23.5,13.0153846154,13.3228346457,18.5170494108,0.787959549395,0.43367070528,14.9771387559,1.27465010689,0.62686334384,8.53417645893,0.726312890122,0.407538744418,1.14466266563,0.374862133691,3.85198199836,3.06791692938,1.13559421795,3.85198199836,0.419242347611,0.449462182004,8775,0.0180057618438,0.0939936678204,144,143,143,0.993055555556,0,0.0902777777778,0.791666666667,0.111111111111,144,1973,0.0958139083139,3.70070135335,27.4027777778,14.401459854,15.5354330709,21.3876375783,0.780491589274,0.430805457003,17.0068188139,1.2412477999,0.612142394549,10.3444724344,0.754994440218,0.425166835614,1.23881976284,0.334752698084,4.49071977302,3.70070135335,1.23881976284,4.49071977302,0.463626396009,0.527914760968,13774,0.0282634032634,0.11362979934,144,144,144,1,0,0.0486111111111,0.833333333333,0.118055555556,-142,-0.00689588189588,0.417300834011,-1.97222222222,-1.03649635036,-0.988004429134,-1.73830976574,-0.00677470328888,-0.000735126133456,-1.71098571262,-0.0331559125445,-0.0102210149602,-0.0750283455775,0.0455816211574,0.0234627378994,0.112963445563,-0.00814068657721,0.345280764085,0.417300834011,0.112963445563,0.345280764085,-0.0426484668865,-0.020111147227,-2443,-0.00501288617486,-0.00217972032328,0,-0.00694444444444,0.00694444444444,1965,8,150,18469,0.929078014184,0.99956702928,0.000432970720355,0.0709219858156,0.995945261024,0.929078014184,0.961350293542,0.957809062184,0.928645043464,0.92557701366,281,423,0,5,5,5
889,WLNM_dir_neg_kfold,0.905720984301,0.395998015656,00:00:19,10,80,19,17364,threshold_sweep,0.7,0.974637681159,0.635933806147,0.769670958512,269,7,154,839,0.635933806147,0.991725768322,0.00827423167849,0.364066193853,0.974637681159,0.635933806147,0.769670958512,0.873128447597,0.594168636722,0.687378640777,0.717216641623,0.627659574468,2154,1731,423,0,2154,0,1731,0,423,144,2115,0.10270979021,3.28340051934,29.375,15.4379562044,16.5234375,23.125947344,0.787266292563,0.431540583136,18.7178045265,1.27440371245,0.622363409509,10.41950078,0.709412819061,0.401704097715,1.12585631727,0.342893384662,4.14543900894,3.28340051934,1.12585631727,4.14543900894,0.506274862896,0.548025908195,16217,0.0332762894383,0.115809519663,144,144,144,1,0,0.0486111111111,0.840277777778,0.111111111111,144,0.0821678321678,3.05355639515,23.5,13.0153846154,13.3228346457,18.5170494108,0.787959549395,0.43367070528,14.9771387559,1.27465010689,0.62686334384,8.53417645893,0.726312890122,0.407538744418,1.14466266563,0.374862133691,3.85198199836,3.06791692938,1.13559421795,3.85198199836,0.419242347611,0.449462182004,8775,0.0180057618438,0.0939936678204,144,143,143,0.993055555556,0,0.0902777777778,0.791666666667,0.111111111111,144,1968,0.0955710955711,3.4114808916,27.3333333333,14.7969924812,15.4960629921,21.4123681663,0.783379323158,0.432171691509,17.0330817566,1.24632305536,0.615677224481,10.3098839127,0.754381749711,0.424895551039,1.18693241608,0.347922926668,4.2213600615,3.42834439434,1.17366561336,4.2213600615,0.46677121039,0.529142813232,13772,0.0282592993861,0.115206572259,144,143,143,0.993055555556,0,0.0694444444444,0.8125,0.111111111111,-147,-0.00713869463869,0.128080372262,-2.04166666667,-0.640963723177,-1.02737450787,-1.71357917774,-0.00388696940556,0.000631108372254,-1.68472276997,-0.0280806570867,-0.00668618502822,-0.109616867238,0.0449689306502,0.0231914533241,0.0610760988024,0.00502954200655,0.0759210525566,0.144943875,0.0478092960883,0.0759210525566,-0.0395036525055,-0.0188830949625,-2445,-0.0050169900522,-0.000602947404521,0.0208333333333,-0.0277777777778,0,1961,7,154,18470,0.927186761229,0.99962115062,0.000378849380311,0.0728132387707,0.996443089431,0.927186761229,0.96056820965,0.956999298187,0.926807911849,0.924128180961,276,423,0,5,5,5
890,WLNM_dir_neg_kfold,0.905720984301,0.395998015656,00:00:19,10,80,19,17364,threshold_sweep,0.8,0.974637681159,0.635933806147,0.769670958512,269,7,154,839,0.635933806147,0.991725768322,0.00827423167849,0.364066193853,0.974637681159,0.635933806147,0.769670958512,0.873128447597,0.594168636722,0.687378640777,0.717216641623,0.627659574468,2154,1731,423,0,2154,0,1731,0,423,144,2115,0.10270979021,3.28340051934,29.375,15.4379562044,16.5234375,23.125947344,0.787266292563,0.431540583136,18.7178045265,1.27440371245,0.622363409509,10.41950078,0.709412819061,0.401704097715,1.12585631727,0.342893384662,4.14543900894,3.28340051934,1.12585631727,4.14543900894,0.506274862896,0.548025908195,16217,0.0332762894383,0.115809519663,144,144,144,1,0,0.0486111111111,0.840277777778,0.111111111111,144,0.0821678321678,3.05355639515,23.5,13.0153846154,13.3228346457,18.5170494108,0.787959549395,0.43367070528,14.9771387559,1.27465010689,0.62686334384,8.53417645893,0.726312890122,0.407538744418,1.14466266563,0.374862133691,3.85198199836,3.06791692938,1.13559421795,3.85198199836,0.419242347611,0.449462182004,8775,0.0180057618438,0.0939936678204,144,143,143,0.993055555556,0,0.0902777777778,0.791666666667,0.111111111111,144,1968,0.0955710955711,3.4114808916,27.3333333333,14.7969924812,15.4960629921,21.4123681663,0.783379323158,0.432171691509,17.0330817566,1.24632305536,0.615677224481,10.3098839127,0.754381749711,0.424895551039,1.18693241608,0.347922926668,4.2213600615,3.42834439434,1.17366561336,4.2213600615,0.46677121039,0.529142813232,13772,0.0282592993861,0.115206572259,144,143,143,0.993055555556,0,0.0694444444444,0.8125,0.111111111111,-147,-0.00713869463869,0.128080372262,-2.04166666667,-0.640963723177,-1.02737450787,-1.71357917774,-0.00388696940556,0.000631108372254,-1.68472276997,-0.0280806570867,-0.00668618502822,-0.109616867238,0.0449689306502,0.0231914533241,0.0610760988024,0.00502954200655,0.0759210525566,0.144943875,0.0478092960883,0.0759210525566,-0.0395036525055,-0.0188830949625,-2445,-0.0050169900522,-0.000602947404521,0.0208333333333,-0.0277777777778,0,1961,7,154,18470,0.927186761229,0.99962115062,0.000378849380311,0.0728132387707,0.996443089431,0.927186761229,0.96056820965,0.956999298187,0.926807911849,0.924128180961,276,423,0,5,5,5
891,WLNM_dir_neg_kfold,0.905720984301,0.395998015656,00:00:19,10,80,19,17364,threshold_sweep,0.9,0.974637681159,0.635933806147,0.769670958512,269,7,154,839,0.635933806147,0.991725768322,0.00827423167849,0.364066193853,0.974637681159,0.635933806147,0.769670958512,0.873128447597,0.594168636722,0.687378640777,0.717216641623,0.627659574468,2154,1731,423,0,2154,0,1731,0,423,144,2115,0.10270979021,3.28340051934,29.375,15.4379562044,16.5234375,23.125947344,0.787266292563,0.431540583136,18.7178045265,1.27440371245,0.622363409509,10.41950078,0.709412819061,0.401704097715,1.12585631727,0.342893384662,4.14543900894,3.28340051934,1.12585631727,4.14543900894,0.506274862896,0.548025908195,16217,0.0332762894383,0.115809519663,144,144,144,1,0,0.0486111111111,0.840277777778,0.111111111111,144,0.0821678321678,3.05355639515,23.5,13.0153846154,13.3228346457,18.5170494108,0.787959549395,0.43367070528,14.9771387559,1.27465010689,0.62686334384,8.53417645893,0.726312890122,0.407538744418,1.14466266563,0.374862133691,3.85198199836,3.06791692938,1.13559421795,3.85198199836,0.419242347611,0.449462182004,8775,0.0180057618438,0.0939936678204,144,143,143,0.993055555556,0,0.0902777777778,0.791666666667,0.111111111111,144,1968,0.0955710955711,3.4114808916,27.3333333333,14.7969924812,15.4960629921,21.4123681663,0.783379323158,0.432171691509,17.0330817566,1.24632305536,0.615677224481,10.3098839127,0.754381749711,0.424895551039,1.18693241608,0.347922926668,4.2213600615,3.42834439434,1.17366561336,4.2213600615,0.46677121039,0.529142813232,13772,0.0282592993861,0.115206572259,144,143,143,0.993055555556,0,0.0694444444444,0.8125,0.111111111111,-147,-0.00713869463869,0.128080372262,-2.04166666667,-0.640963723177,-1.02737450787,-1.71357917774,-0.00388696940556,0.000631108372254,-1.68472276997,-0.0280806570867,-0.00668618502822,-0.109616867238,0.0449689306502,0.0231914533241,0.0610760988024,0.00502954200655,0.0759210525566,0.144943875,0.0478092960883,0.0759210525566,-0.0395036525055,-0.0188830949625,-2445,-0.0050169900522,-0.000602947404521,0.0208333333333,-0.0277777777778,0,1961,7,154,18470,0.927186761229,0.99962115062,0.000378849380311,0.0728132387707,0.996443089431,0.927186761229,0.96056820965,0.956999298187,0.926807911849,0.924128180961,276,423,0,5,5,5
892,WLNM_dir_neg_kfold,0.921146097055,0.449116917901,00:00:19,10,80,20,17365,threshold_sweep,0.1,0.951388888889,0.647754137116,0.770745428973,274,14,149,832,0.647754137116,0.983451536643,0.016548463357,0.352245862884,0.951388888889,0.647754137116,0.770745428973,0.871552403467,0.591016548463,0.685934489403,0.710387828206,0.631205673759,2154,1731,423,0,2154,0,1731,0,423,144,2115,0.10270979021,3.28340051934,29.375,15.4379562044,16.5234375,23.125947344,0.787266292563,0.431540583136,18.7178045265,1.27440371245,0.622363409509,10.41950078,0.709412819061,0.401704097715,1.12585631727,0.342893384662,4.14543900894,3.28340051934,1.12585631727,4.14543900894,0.506274862896,0.548025908195,16217,0.0332762894383,0.115809519663,144,144,144,1,0,0.0486111111111,0.840277777778,0.111111111111,144,0.0821678321678,3.05355639515,23.5,13.0153846154,13.3228346457,18.5170494108,0.787959549395,0.43367070528,14.9771387559,1.27465010689,0.62686334384,8.53417645893,0.726312890122,0.407538744418,1.14466266563,0.374862133691,3.85198199836,3.06791692938,1.13559421795,3.85198199836,0.419242347611,0.449462182004,8775,0.0180057618438,0.0939936678204,144,143,143,0.993055555556,0,0.0902777777778,0.791666666667,0.111111111111,144,1980,0.0961538461538,3.83726295101,27.5,14.2446043165,15.5905511811,21.3587406978,0.77668147992,0.428903619529,16.9567528888,1.23321839191,0.607182940516,10.4677326377,0.761289646375,0.427995230079,1.20061429361,0.312882986895,4.71681733204,3.83726295101,1.20061429361,4.71681733204,0.458561800398,0.526446060698,13825,0.0283680521357,0.113204822896,144,144,144,1,0,0.0347222222222,0.847222222222,0.118055555556,-135,-0.00655594405594,0.553862431678,-1.875,-1.19335188783,-0.932886318898,-1.76720664624,-0.0105848126432,-0.00263696360771,-1.76105163775,-0.0411853205332,-0.0151804689925,0.0482318576993,0.0518768273141,0.0262911323638,0.0747579763388,-0.0300103977669,0.571378323102,0.553862431678,0.0747579763388,0.571378323102,-0.0477130624978,-0.0215798474965,-2392,-0.0049082373026,-0.00260469676719,-0.0138888888889,0.00694444444444,0.00694444444444,1966,14,149,18463,0.929550827423,0.999242301239,0.000757698760621,0.0704491725768,0.992929292929,0.929550827423,0.960195360195,0.956446741637,0.928793128663,0.923438233913,288,423,0,5,5,5
893,WLNM_dir_neg_kfold,0.921146097055,0.449116917901,00:00:19,10,80,20,17365,threshold_sweep,0.2,0.957894736842,0.645390070922,0.771186440678,273,12,150,834,0.645390070922,0.985815602837,0.0141843971631,0.354609929078,0.957894736842,0.645390070922,0.771186440678,0.872340425532,0.591804570528,0.687258687259,0.713027499933,0.631205673759,2154,1731,423,0,2154,0,1731,0,423,144,2115,0.10270979021,3.28340051934,29.375,15.4379562044,16.5234375,23.125947344,0.787266292563,0.431540583136,18.7178045265,1.27440371245,0.622363409509,10.41950078,0.709412819061,0.401704097715,1.12585631727,0.342893384662,4.14543900894,3.28340051934,1.12585631727,4.14543900894,0.506274862896,0.548025908195,16217,0.0332762894383,0.115809519663,144,144,144,1,0,0.0486111111111,0.840277777778,0.111111111111,144,0.0821678321678,3.05355639515,23.5,13.0153846154,13.3228346457,18.5170494108,0.787959549395,0.43367070528,14.9771387559,1.27465010689,0.62686334384,8.53417645893,0.726312890122,0.407538744418,1.14466266563,0.374862133691,3.85198199836,3.06791692938,1.13559421795,3.85198199836,0.419242347611,0.449462182004,8775,0.0180057618438,0.0939936678204,144,143,143,0.993055555556,0,0.0902777777778,0.791666666667,0.111111111111,144,1977,0.0960081585082,4.28442872641,27.4583333333,14.3260869565,15.5669291339,21.3636103258,0.778037401851,0.429621199348,16.9718890369,1.2361922212,0.609084330917,10.426713104,0.759457100142,0.427446889226,1.37259656281,0.320368630325,5.20194966575,4.28442872641,1.37259656281,5.20194966575,0.459565818657,0.527201281856,13819,0.0283557405036,0.113199963011,144,144,144,1,0,0.0416666666667,0.840277777778,0.118055555556,-138,-0.00670163170163,1.00102820707,-1.91666666667,-1.11186924786,-0.956508366142,-1.76233701821,-0.00922889071205,-0.00191938378827,-1.74591548959,-0.038211491241,-0.0132790785921,0.00721232407891,0.0500442810813,0.0257427915114,0.246740245531,-0.0225247543364,1.05651065681,1.00102820707,0.246740245531,1.05651065681,-0.0467090442389,-0.0208246263392,-2398,-0.00492054893463,-0.00260955665235,-0.00694444444444,0,0.00694444444444,1965,12,150,18465,0.929078014184,0.999350543919,0.000649456080533,0.0709219858156,0.993930197269,0.929078014184,0.960410557185,0.956719335085,0.928428558104,0.923836389281,285,423,0,5,5,5
894,WLNM_dir_neg_kfold,0.921146097055,0.449116917901,00:00:19,10,80,20,17365,threshold_sweep,0.3,0.961267605634,0.645390070922,0.772277227723,273,11,150,835,0.645390070922,0.986997635934,0.0130023640662,0.354609929078,0.961267605634,0.645390070922,0.772277227723,0.873128447597,0.59206724455,0.688989053445,0.715255982377,0.632387706856,2154,1731,423,0,2154,0,1731,0,423,144,2115,0.10270979021,3.28340051934,29.375,15.4379562044,16.5234375,23.125947344,0.787266292563,0.431540583136,18.7178045265,1.27440371245,0.622363409509,10.41950078,0.709412819061,0.401704097715,1.12585631727,0.342893384662,4.14543900894,3.28340051934,1.12585631727,4.14543900894,0.506274862896,0.548025908195,16217,0.0332762894383,0.115809519663,144,144,144,1,0,0.0486111111111,0.840277777778,0.111111111111,144,0.0821678321678,3.05355639515,23.5,13.0153846154,13.3228346457,18.5170494108,0.787959549395,0.43367070528,14.9771387559,1.27465010689,0.62686334384,8.53417645893,0.726312890122,0.407538744418,1.14466266563,0.374862133691,3.85198199836,3.06791692938,1.13559421795,3.85198199836,0.419242347611,0.449462182004,8775,0.0180057618438,0.0939936678204,144,143,143,0.993055555556,0,0.0902777777778,0.791666666667,0.111111111111,144,1976,0.0959595959596,4.27330379533,27.4444444444,14.3188405797,15.5590551181,21.3573582668,0.778203337657,0.42965938484,16.9756899175,1.2370948118,0.609459345479,10.4181420867,0.759216832226,0.427294197031,1.3707480776,0.320770098091,5.18575681634,4.27330379533,1.3707480776,5.18575681634,0.459565818657,0.527201281856,13819,0.0283557405036,0.113380563531,144,144,144,1,0,0.0416666666667,0.840277777778,0.118055555556,-139,-0.00675019425019,0.989903275993,-1.93055555556,-1.11911562467,-0.96438238189,-1.76858907724,-0.00906295490622,-0.00188119829602,-1.74211460907,-0.0373089006458,-0.0129040640297,-0.00135869330294,0.0498040131649,0.0255900993163,0.244891760324,-0.0221232865709,1.0403178074,0.989903275993,0.244891760324,1.0403178074,-0.0467090442389,-0.0208246263392,-2398,-0.00492054893463,-0.00242895613203,-0.00694444444444,0,0.00694444444444,1965,11,150,18466,0.929078014184,0.99940466526,0.000595334740488,0.0709219858156,0.994433198381,0.929078014184,0.960645318993,0.956991469433,0.928482679444,0.924270931326,284,423,0,5,5,5
895,WLNM_dir_neg_kfold,0.921146097055,0.449116917901,00:00:19,10,80,20,17365,threshold_sweep,0.4,0.961267605634,0.645390070922,0.772277227723,273,11,150,835,0.645390070922,0.986997635934,0.0130023640662,0.354609929078,0.961267605634,0.645390070922,0.772277227723,0.873128447597,0.59206724455,0.688989053445,0.715255982377,0.632387706856,2154,1731,423,0,2154,0,1731,0,423,144,2115,0.10270979021,3.28340051934,29.375,15.4379562044,16.5234375,23.125947344,0.787266292563,0.431540583136,18.7178045265,1.27440371245,0.622363409509,10.41950078,0.709412819061,0.401704097715,1.12585631727,0.342893384662,4.14543900894,3.28340051934,1.12585631727,4.14543900894,0.506274862896,0.548025908195,16217,0.0332762894383,0.115809519663,144,144,144,1,0,0.0486111111111,0.840277777778,0.111111111111,144,0.0821678321678,3.05355639515,23.5,13.0153846154,13.3228346457,18.5170494108,0.787959549395,0.43367070528,14.9771387559,1.27465010689,0.62686334384,8.53417645893,0.726312890122,0.407538744418,1.14466266563,0.374862133691,3.85198199836,3.06791692938,1.13559421795,3.85198199836,0.419242347611,0.449462182004,8775,0.0180057618438,0.0939936678204,144,143,143,0.993055555556,0,0.0902777777778,0.791666666667,0.111111111111,144,1976,0.0959595959596,4.27330379533,27.4444444444,14.3188405797,15.5590551181,21.3573582668,0.778203337657,0.42965938484,16.9756899175,1.2370948118,0.609459345479,10.4181420867,0.759216832226,0.427294197031,1.3707480776,0.320770098091,5.18575681634,4.27330379533,1.3707480776,5.18575681634,0.459565818657,0.527201281856,13819,0.0283557405036,0.113380563531,144,144,144,1,0,0.0416666666667,0.840277777778,0.118055555556,-139,-0.00675019425019,0.989903275993,-1.93055555556,-1.11911562467,-0.96438238189,-1.76858907724,-0.00906295490622,-0.00188119829602,-1.74211460907,-0.0373089006458,-0.0129040640297,-0.00135869330294,0.0498040131649,0.0255900993163,0.244891760324,-0.0221232865709,1.0403178074,0.989903275993,0.244891760324,1.0403178074,-0.0467090442389,-0.0208246263392,-2398,-0.00492054893463,-0.00242895613203,-0.00694444444444,0,0.00694444444444,1965,11,150,18466,0.929078014184,0.99940466526,0.000595334740488,0.0709219858156,0.994433198381,0.929078014184,0.960645318993,0.956991469433,0.928482679444,0.924270931326,284,423,0,5,5,5
896,WLNM_dir_neg_kfold,0.921146097055,0.449116917901,00:00:19,10,80,20,17365,threshold_sweep,0.5,0.964539007092,0.643026004728,0.771631205674,272,10,151,836,0.643026004728,0.988179669031,0.0118203309693,0.356973995272,0.964539007092,0.643026004728,0.771631205674,0.873128447597,0.592592592593,0.688588007737,0.715719959528,0.631205673759,2154,1731,423,0,2154,0,1731,0,423,144,2115,0.10270979021,3.28340051934,29.375,15.4379562044,16.5234375,23.125947344,0.787266292563,0.431540583136,18.7178045265,1.27440371245,0.622363409509,10.41950078,0.709412819061,0.401704097715,1.12585631727,0.342893384662,4.14543900894,3.28340051934,1.12585631727,4.14543900894,0.506274862896,0.548025908195,16217,0.0332762894383,0.115809519663,144,144,144,1,0,0.0486111111111,0.840277777778,0.111111111111,144,0.0821678321678,3.05355639515,23.5,13.0153846154,13.3228346457,18.5170494108,0.787959549395,0.43367070528,14.9771387559,1.27465010689,0.62686334384,8.53417645893,0.726312890122,0.407538744418,1.14466266563,0.374862133691,3.85198199836,3.06791692938,1.13559421795,3.85198199836,0.419242347611,0.449462182004,8775,0.0180057618438,0.0939936678204,144,143,143,0.993055555556,0,0.0902777777778,0.791666666667,0.111111111111,144,1974,0.0958624708625,5.21297375199,27.4166666667,14.3043478261,15.5433070866,21.3805021954,0.779835946335,0.430601288979,16.9857509185,1.23908213387,0.610681920522,10.4164172464,0.759860224664,0.427586400991,1.72141893603,0.330218224363,6.14624738215,5.21297375199,1.72141893603,6.14624738215,0.4628582985,0.527373121795,13817,0.0283516366263,0.113964623747,144,144,144,1,0,0.0416666666667,0.840277777778,0.118055555556,-141,-0.00684731934732,1.92957323265,-1.95833333333,-1.13360837829,-0.980130413386,-1.74544514868,-0.00743034622777,-0.000939294157379,-1.73205360803,-0.035321578572,-0.0116814889865,-0.00308353352451,0.0504474056029,0.0258823032759,0.595562618757,-0.0126751602986,2.00080837321,1.92957323265,0.595562618757,2.00080837321,-0.0434165643953,-0.0206527863994,-2400,-0.00492465281198,-0.00184489591598,-0.00694444444444,0,0.00694444444444,1964,10,151,18467,0.928605200946,0.9994587866,0.000541213400444,0.0713947990544,0.99493414387,0.928605200946,0.960626069944,0.956992972904,0.928063987545,0.924235294118,282,423,0,5,5,5
897,WLNM_dir_neg_kfold,0.921146097055,0.449116917901,00:00:19,10,80,20,17365,threshold_sweep,0.6,0.971428571429,0.643026004728,0.773826458037,272,8,151,838,0.643026004728,0.990543735225,0.00945626477541,0.356973995272,0.971428571429,0.643026004728,0.773826458037,0.874704491726,0.593117940636,0.692059393157,0.72023236015,0.633569739953,2154,1731,423,0,2154,0,1731,0,423,144,2115,0.10270979021,3.28340051934,29.375,15.4379562044,16.5234375,23.125947344,0.787266292563,0.431540583136,18.7178045265,1.27440371245,0.622363409509,10.41950078,0.709412819061,0.401704097715,1.12585631727,0.342893384662,4.14543900894,3.28340051934,1.12585631727,4.14543900894,0.506274862896,0.548025908195,16217,0.0332762894383,0.115809519663,144,144,144,1,0,0.0486111111111,0.840277777778,0.111111111111,144,0.0821678321678,3.05355639515,23.5,13.0153846154,13.3228346457,18.5170494108,0.787959549395,0.43367070528,14.9771387559,1.27465010689,0.62686334384,8.53417645893,0.726312890122,0.407538744418,1.14466266563,0.374862133691,3.85198199836,3.06791692938,1.13559421795,3.85198199836,0.419242347611,0.449462182004,8775,0.0180057618438,0.0939936678204,144,143,143,0.993055555556,0,0.0902777777778,0.791666666667,0.111111111111,144,1972,0.0957653457653,5.21926384428,27.3888888889,14.2898550725,15.5275590551,21.3862615567,0.780837135945,0.430967573811,16.9916794849,1.24077172709,0.611061809781,10.4012356567,0.759522279189,0.427379141312,1.72501347354,0.330508961609,6.15544688627,5.21926384428,1.72501347354,6.15544688627,0.464447581835,0.52778662319,13812,0.0283413769329,0.114337604513,144,144,144,1,0,0.0416666666667,0.840277777778,0.118055555556,-143,-0.00694444444444,1.93586332495,-1.98611111111,-1.14810113192,-0.995878444882,-1.73968578733,-0.00642915661823,-0.000573009325194,-1.72612504165,-0.0336319853539,-0.0113015997274,-0.0182651232799,0.0501094601285,0.025675043597,0.599157156265,-0.0123844230522,2.01000787733,1.93586332495,0.599157156265,2.01000787733,-0.0418272810606,-0.0202392850052,-2405,-0.00493491250534,-0.00147191514991,-0.00694444444444,0,0.00694444444444,1964,8,151,18469,0.928605200946,0.99956702928,0.000432970720355,0.0713947990544,0.995943204868,0.928605200946,0.961096158552,0.957538384404,0.928172230225,0.925105982101,280,423,0,5,5,5
898,WLNM_dir_neg_kfold,0.921146097055,0.449116917901,00:00:19,10,80,20,17365,threshold_sweep,0.7,0.974729241877,0.63829787234,0.771428571429,270,7,153,839,0.63829787234,0.991725768322,0.00827423167849,0.36170212766,0.974729241877,0.63829787234,0.771428571429,0.873916469661,0.5939059627,0.689521345408,0.7189794717,0.630023640662,2154,1731,423,0,2154,0,1731,0,423,144,2115,0.10270979021,3.28340051934,29.375,15.4379562044,16.5234375,23.125947344,0.787266292563,0.431540583136,18.7178045265,1.27440371245,0.622363409509,10.41950078,0.709412819061,0.401704097715,1.12585631727,0.342893384662,4.14543900894,3.28340051934,1.12585631727,4.14543900894,0.506274862896,0.548025908195,16217,0.0332762894383,0.115809519663,144,144,144,1,0,0.0486111111111,0.840277777778,0.111111111111,144,0.0821678321678,3.05355639515,23.5,13.0153846154,13.3228346457,18.5170494108,0.787959549395,0.43367070528,14.9771387559,1.27465010689,0.62686334384,8.53417645893,0.726312890122,0.407538744418,1.14466266563,0.374862133691,3.85198199836,3.06791692938,1.13559421795,3.85198199836,0.419242347611,0.449462182004,8775,0.0180057618438,0.0939936678204,144,143,143,0.993055555556,0,0.0902777777778,0.791666666667,0.111111111111,144,1969,0.0956196581197,5.20167389113,27.3472222222,14.3722627737,15.5039370079,21.3784806006,0.781742307385,0.431461966029,16.9927297745,1.24273899824,0.612271457593,10.3854590797,0.759525702118,0.427272021895,1.74381717185,0.335241541156,6.1503999077,5.20167389113,1.74381717185,6.1503999077,0.465946375317,0.527519246237,13773,0.0282613513247,0.115408593848,144,144,144,1,0,0.0486111111111,0.833333333333,0.118055555556,-146,-0.00709013209013,1.91827337179,-2.02777777778,-1.06569343066,-1.01950049213,-1.74746674346,-0.00552398517776,-7.86171073228e-05,-1.725074752,-0.031664714206,-0.0100919519161,-0.0340417002972,0.0501128830574,0.0255679241802,0.617960854575,-0.00765184350604,2.00496089876,1.91827337179,0.617960854575,2.00496089876,-0.0403284875788,-0.0205066619579,-2444,-0.00501493811353,-0.000400925814795,0,-0.00694444444444,0.00694444444444,1962,7,153,18470,0.927659574468,0.99962115062,0.000378849380311,0.0723404255319,0.996444895886,0.927659574468,0.960822722821,0.957270042446,0.927280725088,0.924599434496,277,423,0,5,5,5
899,WLNM_dir_neg_kfold,0.921146097055,0.449116917901,00:00:19,10,80,20,17365,threshold_sweep,0.8,0.992509363296,0.626477541371,0.768115942029,265,2,158,844,0.626477541371,0.997635933806,0.00236406619385,0.373522458629,0.992509363296,0.626477541371,0.768115942029,0.873916469661,0.596532702916,0.6875,0.721820867668,0.624113475177,2154,1731,423,0,2154,0,1731,0,423,144,2115,0.10270979021,3.28340051934,29.375,15.4379562044,16.5234375,23.125947344,0.787266292563,0.431540583136,18.7178045265,1.27440371245,0.622363409509,10.41950078,0.709412819061,0.401704097715,1.12585631727,0.342893384662,4.14543900894,3.28340051934,1.12585631727,4.14543900894,0.506274862896,0.548025908195,16217,0.0332762894383,0.115809519663,144,144,144,1,0,0.0486111111111,0.840277777778,0.111111111111,144,0.0821678321678,3.05355639515,23.5,13.0153846154,13.3228346457,18.5170494108,0.787959549395,0.43367070528,14.9771387559,1.27465010689,0.62686334384,8.53417645893,0.726312890122,0.407538744418,1.14466266563,0.374862133691,3.85198199836,3.06791692938,1.13559421795,3.85198199836,0.419242347611,0.449462182004,8775,0.0180057618438,0.0939936678204,144,143,143,0.993055555556,0,0.0902777777778,0.791666666667,0.111111111111,144,1959,0.095134032634,3.0697385996,27.2083333333,15.0692307692,15.4251968504,21.3946843277,0.786328367328,0.433366655323,17.0323504408,1.25199513194,0.618665277069,10.2760627205,0.755361425088,0.425170863819,1.14402080548,0.372676945729,3.89799573224,3.0842122961,1.13473419561,3.89799573224,0.467467873251,0.529296147374,13734,0.0281813257165,0.117320751264,144,143,143,0.993055555556,0,0.0902777777778,0.791666666667,0.111111111111,-156,-0.00757575757576,-0.21366191974,-2.16666666667,-0.368725435149,-1.09824064961,-1.73126301633,-0.000937925235244,0.00182607218668,-1.68545408573,-0.0224085805022,-0.00369813244,-0.143438059489,0.0459486060271,0.0234667661047,0.0181644882085,0.0297835610672,-0.247443276698,-0.19918822324,0.00887787833103,-0.247443276698,-0.0388069896447,-0.0187297608213,-2483,-0.00509496372172,0.00151123160128,0.0416666666667,-0.0486111111111,0,1957,2,158,18475,0.925295508274,0.99989175732,0.000108242680089,0.0747044917258,0.998979070955,0.925295508274,0.960726558665,0.957286538248,0.925187265594,0.924421350968,267,423,0,5,5,5
900,WLNM_dir_neg_kfold,0.921146097055,0.449116917901,00:00:19,10,80,20,17365,threshold_sweep,0.9,0.992509363296,0.626477541371,0.768115942029,265,2,158,844,0.626477541371,0.997635933806,0.00236406619385,0.373522458629,0.992509363296,0.626477541371,0.768115942029,0.873916469661,0.596532702916,0.6875,0.721820867668,0.624113475177,2154,1731,423,0,2154,0,1731,0,423,144,2115,0.10270979021,3.28340051934,29.375,15.4379562044,16.5234375,23.125947344,0.787266292563,0.431540583136,18.7178045265,1.27440371245,0.622363409509,10.41950078,0.709412819061,0.401704097715,1.12585631727,0.342893384662,4.14543900894,3.28340051934,1.12585631727,4.14543900894,0.506274862896,0.548025908195,16217,0.0332762894383,0.115809519663,144,144,144,1,0,0.0486111111111,0.840277777778,0.111111111111,144,0.0821678321678,3.05355639515,23.5,13.0153846154,13.3228346457,18.5170494108,0.787959549395,0.43367070528,14.9771387559,1.27465010689,0.62686334384,8.53417645893,0.726312890122,0.407538744418,1.14466266563,0.374862133691,3.85198199836,3.06791692938,1.13559421795,3.85198199836,0.419242347611,0.449462182004,8775,0.0180057618438,0.0939936678204,144,143,143,0.993055555556,0,0.0902777777778,0.791666666667,0.111111111111,144,1959,0.095134032634,3.0697385996,27.2083333333,15.0692307692,15.4251968504,21.3946843277,0.786328367328,0.433366655323,17.0323504408,1.25199513194,0.618665277069,10.2760627205,0.755361425088,0.425170863819,1.14402080548,0.372676945729,3.89799573224,3.0842122961,1.13473419561,3.89799573224,0.467467873251,0.529296147374,13734,0.0281813257165,0.117320751264,144,143,143,0.993055555556,0,0.0902777777778,0.791666666667,0.111111111111,-156,-0.00757575757576,-0.21366191974,-2.16666666667,-0.368725435149,-1.09824064961,-1.73126301633,-0.000937925235244,0.00182607218668,-1.68545408573,-0.0224085805022,-0.00369813244,-0.143438059489,0.0459486060271,0.0234667661047,0.0181644882085,0.0297835610672,-0.247443276698,-0.19918822324,0.00887787833103,-0.247443276698,-0.0388069896447,-0.0187297608213,-2483,-0.00509496372172,0.00151123160128,0.0416666666667,-0.0486111111111,0,1957,2,158,18475,0.925295508274,0.99989175732,0.000108242680089,0.0747044917258,0.998979070955,0.925295508274,0.960726558665,0.957286538248,0.925187265594,0.924421350968,267,423,0,5,5,5
