Iteration,Version,ROC_AUC,PR_AUC,TimeElapsed,K,TrainRatio,ExperimentID,Seed,ThresholdMode,Threshold,Precision,Recall,F1Score,TestTP,TestFP,TestFN,TestTN,TestTPR,TestTNR,TestFPR,TestFNR,TestPrecision,TestRecall,TestF1Score,TestAccuracy,TestExpectedAccuracy,TestKappa,TestMCC,TestTSS,TotalLinks,TrainLinks,TestLinks,BackboneTotal,NonBackboneTotal,BackboneTrainLinks,NonBackboneTrainLinks,BackboneTestLinks,NonBackboneTestLinks,EmpiricalNumSpecies,EmpiricalLinks,EmpiricalConnectance,EmpiricalMeanTrophicLevel,EmpiricalMeanDegree,EmpiricalMeanGenerality,EmpiricalMeanVulnerability,EmpiricalDegreeStd,EmpiricalDegreeCV,EmpiricalDegreeGini,EmpiricalGeneralityStd,EmpiricalGeneralityCV,EmpiricalGeneralityGini,EmpiricalVulnerabilityStd,EmpiricalVulnerabilityCV,EmpiricalVulnerabilityGini,EmpiricalTrophicLevelStd,EmpiricalTrophicLevelCV,EmpiricalTrophicLevelRange,EmpiricalNetworkXMeanTrophicLevel,EmpiricalNetworkXTrophicLevelStd,EmpiricalNetworkXTrophicLevelRange,EmpiricalMeanLocalClustering,EmpiricalTransitivity,EmpiricalNumTriangles,EmpiricalTriangleDensity,EmpiricalMeanDietOverlap,EmpiricalNetworkXTrophicLevelNumSpeciesFull,EmpiricalNetworkXTrophicLevelNumSpeciesLargest,EmpiricalNetworkXTrophicLevelNumSpeciesWithLevel,EmpiricalNetworkXTrophicLevelLargestFraction,EmpiricalNetworkXTrophicLevelStatusCode,EmpiricalPropBasal,EmpiricalPropIntermediate,EmpiricalPropTop,TrainNumSpecies,TrainConnectance,TrainMeanTrophicLevel,TrainMeanDegree,TrainMeanGenerality,TrainMeanVulnerability,TrainDegreeStd,TrainDegreeCV,TrainDegreeGini,TrainGeneralityStd,TrainGeneralityCV,TrainGeneralityGini,TrainVulnerabilityStd,TrainVulnerabilityCV,TrainVulnerabilityGini,TrainTrophicLevelStd,TrainTrophicLevelCV,TrainTrophicLevelRange,TrainNetworkXMeanTrophicLevel,TrainNetworkXTrophicLevelStd,TrainNetworkXTrophicLevelRange,TrainMeanLocalClustering,TrainTransitivity,TrainNumTriangles,TrainTriangleDensity,TrainMeanDietOverlap,TrainNetworkXTrophicLevelNumSpeciesFull,TrainNetworkXTrophicLevelNumSpeciesLargest,TrainNetworkXTrophicLevelNumSpeciesWithLevel,TrainNetworkXTrophicLevelLargestFraction,TrainNetworkXTrophicLevelStatusCode,TrainPropBasal,TrainPropIntermediate,TrainPropTop,PseudoNumSpecies,PseudoLinks,PseudoConnectance,PseudoMeanTrophicLevel,PseudoMeanDegree,PseudoMeanGenerality,PseudoMeanVulnerability,PseudoDegreeStd,PseudoDegreeCV,PseudoDegreeGini,PseudoGeneralityStd,PseudoGeneralityCV,PseudoGeneralityGini,PseudoVulnerabilityStd,PseudoVulnerabilityCV,PseudoVulnerabilityGini,PseudoTrophicLevelStd,PseudoTrophicLevelCV,PseudoTrophicLevelRange,PseudoNetworkXMeanTrophicLevel,PseudoNetworkXTrophicLevelStd,PseudoNetworkXTrophicLevelRange,PseudoMeanLocalClustering,PseudoTransitivity,PseudoNumTriangles,PseudoTriangleDensity,PseudoMeanDietOverlap,PseudoNetworkXTrophicLevelNumSpeciesFull,PseudoNetworkXTrophicLevelNumSpeciesLargest,PseudoNetworkXTrophicLevelNumSpeciesWithLevel,PseudoNetworkXTrophicLevelLargestFraction,PseudoNetworkXTrophicLevelStatusCode,PseudoPropBasal,PseudoPropIntermediate,PseudoPropTop,DeltaLinks,DeltaConnectance,DeltaMeanTrophicLevel,DeltaMeanDegree,DeltaMeanGenerality,DeltaMeanVulnerability,DeltaDegreeStd,DeltaDegreeCV,DeltaDegreeGini,DeltaGeneralityStd,DeltaGeneralityCV,DeltaGeneralityGini,DeltaVulnerabilityStd,DeltaVulnerabilityCV,DeltaVulnerabilityGini,DeltaTrophicLevelStd,DeltaTrophicLevelCV,DeltaTrophicLevelRange,DeltaNetworkXMeanTrophicLevel,DeltaNetworkXTrophicLevelStd,DeltaNetworkXTrophicLevelRange,DeltaMeanLocalClustering,DeltaTransitivity,DeltaNumTriangles,DeltaTriangleDensity,DeltaMeanDietOverlap,DeltaPropBasal,DeltaPropIntermediate,DeltaPropTop,PseudoTP,PseudoFP,PseudoFN,PseudoTN,PseudoTPR,PseudoTNR,PseudoFPR,PseudoFNR,PseudoPrecision,PseudoRecall,PseudoF1Score,PseudoMCC,PseudoTSS,PseudoJaccardLinks,NumPredictedNovelLinks,NumTrueNovelLinks,EvaluateOnAllUnseen,CvK,FoldID,NumFolds
1,WLNM_dir_neg,1,0.5,00:00:12,10,10,1,1979945674,threshold_sweep,0.1,1,1,1,2,0,0,4,1,1,0,0,1,1,1,1,0.555555555556,1,1,1,37,35,2,0,37,0,35,0,2,17,37,0.136029411765,1.88235294118,4.35294117647,3.36363636364,2.84615384615,1.69341284359,0.389027274878,0.193958664547,2.09866904602,0.964253345467,0.518282988871,1.87867287326,0.863174022847,0.470588235294,0.786197569093,0.41766745858,2.25,1.88235294118,0.786197569093,2.25,0.166339869281,0.0612244897959,3,0.00441176470588,0.185952380952,17,17,17,1,0,0.352941176471,0.411764705882,0.235294117647,17,0.128676470588,1.90196078431,4.11764705882,3.18181818182,2.69230769231,1.57648156274,0.382859808093,0.201680672269,2.01465221053,0.978545359402,0.524369747899,1.74894926439,0.849489642704,0.463865546218,0.814492905316,0.428238537847,2.33333333333,1.90196078431,0.814492905316,2.33333333333,0,0,0,0,0.164242424242,17,17,17,1,0,0.352941176471,0.411764705882,0.235294117647,17,37,0.136029411765,1.88235294118,4.35294117647,3.36363636364,2.84615384615,1.69341284359,0.389027274878,0.193958664547,2.09866904602,0.964253345467,0.518282988871,1.87867287326,0.863174022847,0.470588235294,0.786197569093,0.41766745858,2.25,1.88235294118,0.786197569093,2.25,0.166339869281,0.0612244897959,3,0.00441176470588,0.185952380952,17,17,17,1,0,0.352941176471,0.411764705882,0.235294117647,0,0,0,0,0,0,0,0,0,0,0,0,0,0,0,0,0,0,0,0,0,0,0,0,0,0,0,0,0,37,0,0,235,1,1,0,0,1,1,1,1,1,1,2,2,0,0,0,0
2,WLNM_dir_neg,1,0.5,00:00:12,10,10,1,1979945674,threshold_sweep,0.2,1,1,1,2,0,0,4,1,1,0,0,1,1,1,1,0.555555555556,1,1,1,37,35,2,0,37,0,35,0,2,17,37,0.136029411765,1.88235294118,4.35294117647,3.36363636364,2.84615384615,1.69341284359,0.389027274878,0.193958664547,2.09866904602,0.964253345467,0.518282988871,1.87867287326,0.863174022847,0.470588235294,0.786197569093,0.41766745858,2.25,1.88235294118,0.786197569093,2.25,0.166339869281,0.0612244897959,3,0.00441176470588,0.185952380952,17,17,17,1,0,0.352941176471,0.411764705882,0.235294117647,17,0.128676470588,1.90196078431,4.11764705882,3.18181818182,2.69230769231,1.57648156274,0.382859808093,0.201680672269,2.01465221053,0.978545359402,0.524369747899,1.74894926439,0.849489642704,0.463865546218,0.814492905316,0.428238537847,2.33333333333,1.90196078431,0.814492905316,2.33333333333,0,0,0,0,0.164242424242,17,17,17,1,0,0.352941176471,0.411764705882,0.235294117647,17,37,0.136029411765,1.88235294118,4.35294117647,3.36363636364,2.84615384615,1.69341284359,0.389027274878,0.193958664547,2.09866904602,0.964253345467,0.518282988871,1.87867287326,0.863174022847,0.470588235294,0.786197569093,0.41766745858,2.25,1.88235294118,0.786197569093,2.25,0.166339869281,0.0612244897959,3,0.00441176470588,0.185952380952,17,17,17,1,0,0.352941176471,0.411764705882,0.235294117647,0,0,0,0,0,0,0,0,0,0,0,0,0,0,0,0,0,0,0,0,0,0,0,0,0,0,0,0,0,37,0,0,235,1,1,0,0,1,1,1,1,1,1,2,2,0,0,0,0
3,WLNM_dir_neg,1,0.5,00:00:12,10,10,1,1979945674,threshold_sweep,0.3,1,1,1,2,0,0,4,1,1,0,0,1,1,1,1,0.555555555556,1,1,1,37,35,2,0,37,0,35,0,2,17,37,0.136029411765,1.88235294118,4.35294117647,3.36363636364,2.84615384615,1.69341284359,0.389027274878,0.193958664547,2.09866904602,0.964253345467,0.518282988871,1.87867287326,0.863174022847,0.470588235294,0.786197569093,0.41766745858,2.25,1.88235294118,0.786197569093,2.25,0.166339869281,0.0612244897959,3,0.00441176470588,0.185952380952,17,17,17,1,0,0.352941176471,0.411764705882,0.235294117647,17,0.128676470588,1.90196078431,4.11764705882,3.18181818182,2.69230769231,1.57648156274,0.382859808093,0.201680672269,2.01465221053,0.978545359402,0.524369747899,1.74894926439,0.849489642704,0.463865546218,0.814492905316,0.428238537847,2.33333333333,1.90196078431,0.814492905316,2.33333333333,0,0,0,0,0.164242424242,17,17,17,1,0,0.352941176471,0.411764705882,0.235294117647,17,37,0.136029411765,1.88235294118,4.35294117647,3.36363636364,2.84615384615,1.69341284359,0.389027274878,0.193958664547,2.09866904602,0.964253345467,0.518282988871,1.87867287326,0.863174022847,0.470588235294,0.786197569093,0.41766745858,2.25,1.88235294118,0.786197569093,2.25,0.166339869281,0.0612244897959,3,0.00441176470588,0.185952380952,17,17,17,1,0,0.352941176471,0.411764705882,0.235294117647,0,0,0,0,0,0,0,0,0,0,0,0,0,0,0,0,0,0,0,0,0,0,0,0,0,0,0,0,0,37,0,0,235,1,1,0,0,1,1,1,1,1,1,2,2,0,0,0,0
4,WLNM_dir_neg,1,0.5,00:00:12,10,10,1,1979945674,threshold_sweep,0.4,1,1,1,2,0,0,4,1,1,0,0,1,1,1,1,0.555555555556,1,1,1,37,35,2,0,37,0,35,0,2,17,37,0.136029411765,1.88235294118,4.35294117647,3.36363636364,2.84615384615,1.69341284359,0.389027274878,0.193958664547,2.09866904602,0.964253345467,0.518282988871,1.87867287326,0.863174022847,0.470588235294,0.786197569093,0.41766745858,2.25,1.88235294118,0.786197569093,2.25,0.166339869281,0.0612244897959,3,0.00441176470588,0.185952380952,17,17,17,1,0,0.352941176471,0.411764705882,0.235294117647,17,0.128676470588,1.90196078431,4.11764705882,3.18181818182,2.69230769231,1.57648156274,0.382859808093,0.201680672269,2.01465221053,0.978545359402,0.524369747899,1.74894926439,0.849489642704,0.463865546218,0.814492905316,0.428238537847,2.33333333333,1.90196078431,0.814492905316,2.33333333333,0,0,0,0,0.164242424242,17,17,17,1,0,0.352941176471,0.411764705882,0.235294117647,17,37,0.136029411765,1.88235294118,4.35294117647,3.36363636364,2.84615384615,1.69341284359,0.389027274878,0.193958664547,2.09866904602,0.964253345467,0.518282988871,1.87867287326,0.863174022847,0.470588235294,0.786197569093,0.41766745858,2.25,1.88235294118,0.786197569093,2.25,0.166339869281,0.0612244897959,3,0.00441176470588,0.185952380952,17,17,17,1,0,0.352941176471,0.411764705882,0.235294117647,0,0,0,0,0,0,0,0,0,0,0,0,0,0,0,0,0,0,0,0,0,0,0,0,0,0,0,0,0,37,0,0,235,1,1,0,0,1,1,1,1,1,1,2,2,0,0,0,0
5,WLNM_dir_neg,1,0.5,00:00:12,10,10,1,1979945674,threshold_sweep,0.5,1,1,1,2,0,0,4,1,1,0,0,1,1,1,1,0.555555555556,1,1,1,37,35,2,0,37,0,35,0,2,17,37,0.136029411765,1.88235294118,4.35294117647,3.36363636364,2.84615384615,1.69341284359,0.389027274878,0.193958664547,2.09866904602,0.964253345467,0.518282988871,1.87867287326,0.863174022847,0.470588235294,0.786197569093,0.41766745858,2.25,1.88235294118,0.786197569093,2.25,0.166339869281,0.0612244897959,3,0.00441176470588,0.185952380952,17,17,17,1,0,0.352941176471,0.411764705882,0.235294117647,17,0.128676470588,1.90196078431,4.11764705882,3.18181818182,2.69230769231,1.57648156274,0.382859808093,0.201680672269,2.01465221053,0.978545359402,0.524369747899,1.74894926439,0.849489642704,0.463865546218,0.814492905316,0.428238537847,2.33333333333,1.90196078431,0.814492905316,2.33333333333,0,0,0,0,0.164242424242,17,17,17,1,0,0.352941176471,0.411764705882,0.235294117647,17,37,0.136029411765,1.88235294118,4.35294117647,3.36363636364,2.84615384615,1.69341284359,0.389027274878,0.193958664547,2.09866904602,0.964253345467,0.518282988871,1.87867287326,0.863174022847,0.470588235294,0.786197569093,0.41766745858,2.25,1.88235294118,0.786197569093,2.25,0.166339869281,0.0612244897959,3,0.00441176470588,0.185952380952,17,17,17,1,0,0.352941176471,0.411764705882,0.235294117647,0,0,0,0,0,0,0,0,0,0,0,0,0,0,0,0,0,0,0,0,0,0,0,0,0,0,0,0,0,37,0,0,235,1,1,0,0,1,1,1,1,1,1,2,2,0,0,0,0
6,WLNM_dir_neg,1,0.5,00:00:12,10,10,1,1979945674,threshold_sweep,0.6,1,1,1,2,0,0,4,1,1,0,0,1,1,1,1,0.555555555556,1,1,1,37,35,2,0,37,0,35,0,2,17,37,0.136029411765,1.88235294118,4.35294117647,3.36363636364,2.84615384615,1.69341284359,0.389027274878,0.193958664547,2.09866904602,0.964253345467,0.518282988871,1.87867287326,0.863174022847,0.470588235294,0.786197569093,0.41766745858,2.25,1.88235294118,0.786197569093,2.25,0.166339869281,0.0612244897959,3,0.00441176470588,0.185952380952,17,17,17,1,0,0.352941176471,0.411764705882,0.235294117647,17,0.128676470588,1.90196078431,4.11764705882,3.18181818182,2.69230769231,1.57648156274,0.382859808093,0.201680672269,2.01465221053,0.978545359402,0.524369747899,1.74894926439,0.849489642704,0.463865546218,0.814492905316,0.428238537847,2.33333333333,1.90196078431,0.814492905316,2.33333333333,0,0,0,0,0.164242424242,17,17,17,1,0,0.352941176471,0.411764705882,0.235294117647,17,37,0.136029411765,1.88235294118,4.35294117647,3.36363636364,2.84615384615,1.69341284359,0.389027274878,0.193958664547,2.09866904602,0.964253345467,0.518282988871,1.87867287326,0.863174022847,0.470588235294,0.786197569093,0.41766745858,2.25,1.88235294118,0.786197569093,2.25,0.166339869281,0.0612244897959,3,0.00441176470588,0.185952380952,17,17,17,1,0,0.352941176471,0.411764705882,0.235294117647,0,0,0,0,0,0,0,0,0,0,0,0,0,0,0,0,0,0,0,0,0,0,0,0,0,0,0,0,0,37,0,0,235,1,1,0,0,1,1,1,1,1,1,2,2,0,0,0,0
7,WLNM_dir_neg,1,0.5,00:00:12,10,10,1,1979945674,threshold_sweep,0.7,1,1,1,2,0,0,4,1,1,0,0,1,1,1,1,0.555555555556,1,1,1,37,35,2,0,37,0,35,0,2,17,37,0.136029411765,1.88235294118,4.35294117647,3.36363636364,2.84615384615,1.69341284359,0.389027274878,0.193958664547,2.09866904602,0.964253345467,0.518282988871,1.87867287326,0.863174022847,0.470588235294,0.786197569093,0.41766745858,2.25,1.88235294118,0.786197569093,2.25,0.166339869281,0.0612244897959,3,0.00441176470588,0.185952380952,17,17,17,1,0,0.352941176471,0.411764705882,0.235294117647,17,0.128676470588,1.90196078431,4.11764705882,3.18181818182,2.69230769231,1.57648156274,0.382859808093,0.201680672269,2.01465221053,0.978545359402,0.524369747899,1.74894926439,0.849489642704,0.463865546218,0.814492905316,0.428238537847,2.33333333333,1.90196078431,0.814492905316,2.33333333333,0,0,0,0,0.164242424242,17,17,17,1,0,0.352941176471,0.411764705882,0.235294117647,17,37,0.136029411765,1.88235294118,4.35294117647,3.36363636364,2.84615384615,1.69341284359,0.389027274878,0.193958664547,2.09866904602,0.964253345467,0.518282988871,1.87867287326,0.863174022847,0.470588235294,0.786197569093,0.41766745858,2.25,1.88235294118,0.786197569093,2.25,0.166339869281,0.0612244897959,3,0.00441176470588,0.185952380952,17,17,17,1,0,0.352941176471,0.411764705882,0.235294117647,0,0,0,0,0,0,0,0,0,0,0,0,0,0,0,0,0,0,0,0,0,0,0,0,0,0,0,0,0,37,0,0,235,1,1,0,0,1,1,1,1,1,1,2,2,0,0,0,0
8,WLNM_dir_neg,1,0.5,00:00:12,10,10,1,1979945674,threshold_sweep,0.8,1,1,1,2,0,0,4,1,1,0,0,1,1,1,1,0.555555555556,1,1,1,37,35,2,0,37,0,35,0,2,17,37,0.136029411765,1.88235294118,4.35294117647,3.36363636364,2.84615384615,1.69341284359,0.389027274878,0.193958664547,2.09866904602,0.964253345467,0.518282988871,1.87867287326,0.863174022847,0.470588235294,0.786197569093,0.41766745858,2.25,1.88235294118,0.786197569093,2.25,0.166339869281,0.0612244897959,3,0.00441176470588,0.185952380952,17,17,17,1,0,0.352941176471,0.411764705882,0.235294117647,17,0.128676470588,1.90196078431,4.11764705882,3.18181818182,2.69230769231,1.57648156274,0.382859808093,0.201680672269,2.01465221053,0.978545359402,0.524369747899,1.74894926439,0.849489642704,0.463865546218,0.814492905316,0.428238537847,2.33333333333,1.90196078431,0.814492905316,2.33333333333,0,0,0,0,0.164242424242,17,17,17,1,0,0.352941176471,0.411764705882,0.235294117647,17,37,0.136029411765,1.88235294118,4.35294117647,3.36363636364,2.84615384615,1.69341284359,0.389027274878,0.193958664547,2.09866904602,0.964253345467,0.518282988871,1.87867287326,0.863174022847,0.470588235294,0.786197569093,0.41766745858,2.25,1.88235294118,0.786197569093,2.25,0.166339869281,0.0612244897959,3,0.00441176470588,0.185952380952,17,17,17,1,0,0.352941176471,0.411764705882,0.235294117647,0,0,0,0,0,0,0,0,0,0,0,0,0,0,0,0,0,0,0,0,0,0,0,0,0,0,0,0,0,37,0,0,235,1,1,0,0,1,1,1,1,1,1,2,2,0,0,0,0
9,WLNM_dir_neg,1,0.5,00:00:12,10,10,1,1979945674,threshold_sweep,0.9,1,1,1,2,0,0,4,1,1,0,0,1,1,1,1,0.555555555556,1,1,1,37,35,2,0,37,0,35,0,2,17,37,0.136029411765,1.88235294118,4.35294117647,3.36363636364,2.84615384615,1.69341284359,0.389027274878,0.193958664547,2.09866904602,0.964253345467,0.518282988871,1.87867287326,0.863174022847,0.470588235294,0.786197569093,0.41766745858,2.25,1.88235294118,0.786197569093,2.25,0.166339869281,0.0612244897959,3,0.00441176470588,0.185952380952,17,17,17,1,0,0.352941176471,0.411764705882,0.235294117647,17,0.128676470588,1.90196078431,4.11764705882,3.18181818182,2.69230769231,1.57648156274,0.382859808093,0.201680672269,2.01465221053,0.978545359402,0.524369747899,1.74894926439,0.849489642704,0.463865546218,0.814492905316,0.428238537847,2.33333333333,1.90196078431,0.814492905316,2.33333333333,0,0,0,0,0.164242424242,17,17,17,1,0,0.352941176471,0.411764705882,0.235294117647,17,37,0.136029411765,1.88235294118,4.35294117647,3.36363636364,2.84615384615,1.69341284359,0.389027274878,0.193958664547,2.09866904602,0.964253345467,0.518282988871,1.87867287326,0.863174022847,0.470588235294,0.786197569093,0.41766745858,2.25,1.88235294118,0.786197569093,2.25,0.166339869281,0.0612244897959,3,0.00441176470588,0.185952380952,17,17,17,1,0,0.352941176471,0.411764705882,0.235294117647,0,0,0,0,0,0,0,0,0,0,0,0,0,0,0,0,0,0,0,0,0,0,0,0,0,0,0,0,0,37,0,0,235,1,1,0,0,1,1,1,1,1,1,2,2,0,0,0,0
10,WLNM_dir_neg,1,0.5,00:00:12,10,10,2,1979945675,threshold_sweep,0.1,0.5,1,0.666666666667,2,2,0,2,1,0.5,0.5,0,0.5,1,0.666666666667,0.666666666667,0.444444444444,0.4,0.5,0.5,37,35,2,0,37,0,35,0,2,17,37,0.136029411765,1.88235294118,4.35294117647,3.36363636364,2.84615384615,1.69341284359,0.389027274878,0.193958664547,2.09866904602,0.964253345467,0.518282988871,1.87867287326,0.863174022847,0.470588235294,0.786197569093,0.41766745858,2.25,1.88235294118,0.786197569093,2.25,0.166339869281,0.0612244897959,3,0.00441176470588,0.185952380952,17,17,17,1,0,0.352941176471,0.411764705882,0.235294117647,17,0.128676470588,1.90196078431,4.11764705882,3.18181818182,2.69230769231,1.57648156274,0.382859808093,0.201680672269,2.01465221053,0.978545359402,0.524369747899,1.74894926439,0.849489642704,0.463865546218,0.814492905316,0.428238537847,2.33333333333,1.90196078431,0.814492905316,2.33333333333,0,0,0,0,0.164242424242,17,17,17,1,0,0.352941176471,0.411764705882,0.235294117647,17,39,0.143382352941,2.15382352941,4.58823529412,3.25,2.78571428571,1.76984545686,0.385735548291,0.199095022624,2.08460745353,0.908675043844,0.488687782805,1.89620363761,0.826550303575,0.446455505279,0.901560330434,0.418585978899,2.5,2.15382352941,0.901560330434,2.5,0.223202614379,0.127272727273,7,0.0102941176471,0.161778499278,17,17,17,1,0,0.294117647059,0.529411764706,0.176470588235,2,0.00735294117647,0.271470588235,0.235294117647,-0.113636363636,-0.0604395604396,0.076432613276,-0.00329172658744,0.00513635807753,-0.0140615924905,-0.0555783016224,-0.0295952060658,0.0175307643569,-0.0366237192725,-0.0241327300151,0.115362761341,0.000918520318204,0.25,0.271470588235,0.115362761341,0.25,0.056862745098,0.0660482374768,4,0.00588235294118,-0.0241738816739,-0.0588235294118,0.117647058824,-0.0588235294118,37,2,0,233,1,0.991489361702,0.00851063829787,0,0.948717948718,1,0.973684210526,0.969867905134,0.991489361702,0.948717948718,4,2,0,0,0,0
11,WLNM_dir_neg,1,0.5,00:00:12,10,10,2,1979945675,threshold_sweep,0.2,0.5,1,0.666666666667,2,2,0,2,1,0.5,0.5,0,0.5,1,0.666666666667,0.666666666667,0.444444444444,0.4,0.5,0.5,37,35,2,0,37,0,35,0,2,17,37,0.136029411765,1.88235294118,4.35294117647,3.36363636364,2.84615384615,1.69341284359,0.389027274878,0.193958664547,2.09866904602,0.964253345467,0.518282988871,1.87867287326,0.863174022847,0.470588235294,0.786197569093,0.41766745858,2.25,1.88235294118,0.786197569093,2.25,0.166339869281,0.0612244897959,3,0.00441176470588,0.185952380952,17,17,17,1,0,0.352941176471,0.411764705882,0.235294117647,17,0.128676470588,1.90196078431,4.11764705882,3.18181818182,2.69230769231,1.57648156274,0.382859808093,0.201680672269,2.01465221053,0.978545359402,0.524369747899,1.74894926439,0.849489642704,0.463865546218,0.814492905316,0.428238537847,2.33333333333,1.90196078431,0.814492905316,2.33333333333,0,0,0,0,0.164242424242,17,17,17,1,0,0.352941176471,0.411764705882,0.235294117647,17,39,0.143382352941,2.15382352941,4.58823529412,3.25,2.78571428571,1.76984545686,0.385735548291,0.199095022624,2.08460745353,0.908675043844,0.488687782805,1.89620363761,0.826550303575,0.446455505279,0.901560330434,0.418585978899,2.5,2.15382352941,0.901560330434,2.5,0.223202614379,0.127272727273,7,0.0102941176471,0.161778499278,17,17,17,1,0,0.294117647059,0.529411764706,0.176470588235,2,0.00735294117647,0.271470588235,0.235294117647,-0.113636363636,-0.0604395604396,0.076432613276,-0.00329172658744,0.00513635807753,-0.0140615924905,-0.0555783016224,-0.0295952060658,0.0175307643569,-0.0366237192725,-0.0241327300151,0.115362761341,0.000918520318204,0.25,0.271470588235,0.115362761341,0.25,0.056862745098,0.0660482374768,4,0.00588235294118,-0.0241738816739,-0.0588235294118,0.117647058824,-0.0588235294118,37,2,0,233,1,0.991489361702,0.00851063829787,0,0.948717948718,1,0.973684210526,0.969867905134,0.991489361702,0.948717948718,4,2,0,0,0,0
12,WLNM_dir_neg,1,0.5,00:00:12,10,10,2,1979945675,threshold_sweep,0.3,0.666666666667,1,0.8,2,1,0,3,1,0.75,0.25,0,0.666666666667,1,0.8,0.833333333333,0.5,0.666666666667,0.707106781187,0.75,37,35,2,0,37,0,35,0,2,17,37,0.136029411765,1.88235294118,4.35294117647,3.36363636364,2.84615384615,1.69341284359,0.389027274878,0.193958664547,2.09866904602,0.964253345467,0.518282988871,1.87867287326,0.863174022847,0.470588235294,0.786197569093,0.41766745858,2.25,1.88235294118,0.786197569093,2.25,0.166339869281,0.0612244897959,3,0.00441176470588,0.185952380952,17,17,17,1,0,0.352941176471,0.411764705882,0.235294117647,17,0.128676470588,1.90196078431,4.11764705882,3.18181818182,2.69230769231,1.57648156274,0.382859808093,0.201680672269,2.01465221053,0.978545359402,0.524369747899,1.74894926439,0.849489642704,0.463865546218,0.814492905316,0.428238537847,2.33333333333,1.90196078431,0.814492905316,2.33333333333,0,0,0,0,0.164242424242,17,17,17,1,0,0.352941176471,0.411764705882,0.235294117647,17,38,0.139705882353,2.13617647059,4.47058823529,3.16666666667,2.92307692308,1.73629084037,0.388380845872,0.198142414861,2.04723630062,0.915868871331,0.495356037152,1.95350363977,0.873935838844,0.473684210526,0.898017833571,0.420385602938,2.5,2.13617647059,0.898017833571,2.5,0.17614379085,0.0769230769231,4,0.00588235294118,0.169101731602,17,17,17,1,0,0.294117647059,0.470588235294,0.235294117647,1,0.00367647058824,0.253823529412,0.117647058824,-0.19696969697,0.0769230769231,0.0428779967836,-0.000646429005719,0.00418375031378,-0.0514327453931,-0.0483844741355,-0.0229269517195,0.0748307665129,0.0107618159966,0.0030959752322,0.111820264479,0.002718144358,0.25,0.253823529412,0.111820264479,0.25,0.00980392156863,0.0156985871272,1,0.00147058823529,-0.0168506493506,-0.0588235294118,0.0588235294118,0,37,1,0,234,1,0.995744680851,0.00425531914894,0,0.973684210526,1,0.986666666667,0.984652666406,0.995744680851,0.973684210526,3,2,0,0,0,0
13,WLNM_dir_neg,1,0.5,00:00:12,10,10,2,1979945675,threshold_sweep,0.4,0.666666666667,1,0.8,2,1,0,3,1,0.75,0.25,0,0.666666666667,1,0.8,0.833333333333,0.5,0.666666666667,0.707106781187,0.75,37,35,2,0,37,0,35,0,2,17,37,0.136029411765,1.88235294118,4.35294117647,3.36363636364,2.84615384615,1.69341284359,0.389027274878,0.193958664547,2.09866904602,0.964253345467,0.518282988871,1.87867287326,0.863174022847,0.470588235294,0.786197569093,0.41766745858,2.25,1.88235294118,0.786197569093,2.25,0.166339869281,0.0612244897959,3,0.00441176470588,0.185952380952,17,17,17,1,0,0.352941176471,0.411764705882,0.235294117647,17,0.128676470588,1.90196078431,4.11764705882,3.18181818182,2.69230769231,1.57648156274,0.382859808093,0.201680672269,2.01465221053,0.978545359402,0.524369747899,1.74894926439,0.849489642704,0.463865546218,0.814492905316,0.428238537847,2.33333333333,1.90196078431,0.814492905316,2.33333333333,0,0,0,0,0.164242424242,17,17,17,1,0,0.352941176471,0.411764705882,0.235294117647,17,38,0.139705882353,2.13617647059,4.47058823529,3.16666666667,2.92307692308,1.73629084037,0.388380845872,0.198142414861,2.04723630062,0.915868871331,0.495356037152,1.95350363977,0.873935838844,0.473684210526,0.898017833571,0.420385602938,2.5,2.13617647059,0.898017833571,2.5,0.17614379085,0.0769230769231,4,0.00588235294118,0.169101731602,17,17,17,1,0,0.294117647059,0.470588235294,0.235294117647,1,0.00367647058824,0.253823529412,0.117647058824,-0.19696969697,0.0769230769231,0.0428779967836,-0.000646429005719,0.00418375031378,-0.0514327453931,-0.0483844741355,-0.0229269517195,0.0748307665129,0.0107618159966,0.0030959752322,0.111820264479,0.002718144358,0.25,0.253823529412,0.111820264479,0.25,0.00980392156863,0.0156985871272,1,0.00147058823529,-0.0168506493506,-0.0588235294118,0.0588235294118,0,37,1,0,234,1,0.995744680851,0.00425531914894,0,0.973684210526,1,0.986666666667,0.984652666406,0.995744680851,0.973684210526,3,2,0,0,0,0
14,WLNM_dir_neg,1,0.5,00:00:12,10,10,2,1979945675,threshold_sweep,0.5,0.666666666667,1,0.8,2,1,0,3,1,0.75,0.25,0,0.666666666667,1,0.8,0.833333333333,0.5,0.666666666667,0.707106781187,0.75,37,35,2,0,37,0,35,0,2,17,37,0.136029411765,1.88235294118,4.35294117647,3.36363636364,2.84615384615,1.69341284359,0.389027274878,0.193958664547,2.09866904602,0.964253345467,0.518282988871,1.87867287326,0.863174022847,0.470588235294,0.786197569093,0.41766745858,2.25,1.88235294118,0.786197569093,2.25,0.166339869281,0.0612244897959,3,0.00441176470588,0.185952380952,17,17,17,1,0,0.352941176471,0.411764705882,0.235294117647,17,0.128676470588,1.90196078431,4.11764705882,3.18181818182,2.69230769231,1.57648156274,0.382859808093,0.201680672269,2.01465221053,0.978545359402,0.524369747899,1.74894926439,0.849489642704,0.463865546218,0.814492905316,0.428238537847,2.33333333333,1.90196078431,0.814492905316,2.33333333333,0,0,0,0,0.164242424242,17,17,17,1,0,0.352941176471,0.411764705882,0.235294117647,17,38,0.139705882353,2.13617647059,4.47058823529,3.16666666667,2.92307692308,1.73629084037,0.388380845872,0.198142414861,2.04723630062,0.915868871331,0.495356037152,1.95350363977,0.873935838844,0.473684210526,0.898017833571,0.420385602938,2.5,2.13617647059,0.898017833571,2.5,0.17614379085,0.0769230769231,4,0.00588235294118,0.169101731602,17,17,17,1,0,0.294117647059,0.470588235294,0.235294117647,1,0.00367647058824,0.253823529412,0.117647058824,-0.19696969697,0.0769230769231,0.0428779967836,-0.000646429005719,0.00418375031378,-0.0514327453931,-0.0483844741355,-0.0229269517195,0.0748307665129,0.0107618159966,0.0030959752322,0.111820264479,0.002718144358,0.25,0.253823529412,0.111820264479,0.25,0.00980392156863,0.0156985871272,1,0.00147058823529,-0.0168506493506,-0.0588235294118,0.0588235294118,0,37,1,0,234,1,0.995744680851,0.00425531914894,0,0.973684210526,1,0.986666666667,0.984652666406,0.995744680851,0.973684210526,3,2,0,0,0,0
15,WLNM_dir_neg,1,0.5,00:00:12,10,10,2,1979945675,threshold_sweep,0.6,0.666666666667,1,0.8,2,1,0,3,1,0.75,0.25,0,0.666666666667,1,0.8,0.833333333333,0.5,0.666666666667,0.707106781187,0.75,37,35,2,0,37,0,35,0,2,17,37,0.136029411765,1.88235294118,4.35294117647,3.36363636364,2.84615384615,1.69341284359,0.389027274878,0.193958664547,2.09866904602,0.964253345467,0.518282988871,1.87867287326,0.863174022847,0.470588235294,0.786197569093,0.41766745858,2.25,1.88235294118,0.786197569093,2.25,0.166339869281,0.0612244897959,3,0.00441176470588,0.185952380952,17,17,17,1,0,0.352941176471,0.411764705882,0.235294117647,17,0.128676470588,1.90196078431,4.11764705882,3.18181818182,2.69230769231,1.57648156274,0.382859808093,0.201680672269,2.01465221053,0.978545359402,0.524369747899,1.74894926439,0.849489642704,0.463865546218,0.814492905316,0.428238537847,2.33333333333,1.90196078431,0.814492905316,2.33333333333,0,0,0,0,0.164242424242,17,17,17,1,0,0.352941176471,0.411764705882,0.235294117647,17,38,0.139705882353,2.13617647059,4.47058823529,3.16666666667,2.92307692308,1.73629084037,0.388380845872,0.198142414861,2.04723630062,0.915868871331,0.495356037152,1.95350363977,0.873935838844,0.473684210526,0.898017833571,0.420385602938,2.5,2.13617647059,0.898017833571,2.5,0.17614379085,0.0769230769231,4,0.00588235294118,0.169101731602,17,17,17,1,0,0.294117647059,0.470588235294,0.235294117647,1,0.00367647058824,0.253823529412,0.117647058824,-0.19696969697,0.0769230769231,0.0428779967836,-0.000646429005719,0.00418375031378,-0.0514327453931,-0.0483844741355,-0.0229269517195,0.0748307665129,0.0107618159966,0.0030959752322,0.111820264479,0.002718144358,0.25,0.253823529412,0.111820264479,0.25,0.00980392156863,0.0156985871272,1,0.00147058823529,-0.0168506493506,-0.0588235294118,0.0588235294118,0,37,1,0,234,1,0.995744680851,0.00425531914894,0,0.973684210526,1,0.986666666667,0.984652666406,0.995744680851,0.973684210526,3,2,0,0,0,0
16,WLNM_dir_neg,1,0.5,00:00:12,10,10,2,1979945675,threshold_sweep,0.7,0.666666666667,1,0.8,2,1,0,3,1,0.75,0.25,0,0.666666666667,1,0.8,0.833333333333,0.5,0.666666666667,0.707106781187,0.75,37,35,2,0,37,0,35,0,2,17,37,0.136029411765,1.88235294118,4.35294117647,3.36363636364,2.84615384615,1.69341284359,0.389027274878,0.193958664547,2.09866904602,0.964253345467,0.518282988871,1.87867287326,0.863174022847,0.470588235294,0.786197569093,0.41766745858,2.25,1.88235294118,0.786197569093,2.25,0.166339869281,0.0612244897959,3,0.00441176470588,0.185952380952,17,17,17,1,0,0.352941176471,0.411764705882,0.235294117647,17,0.128676470588,1.90196078431,4.11764705882,3.18181818182,2.69230769231,1.57648156274,0.382859808093,0.201680672269,2.01465221053,0.978545359402,0.524369747899,1.74894926439,0.849489642704,0.463865546218,0.814492905316,0.428238537847,2.33333333333,1.90196078431,0.814492905316,2.33333333333,0,0,0,0,0.164242424242,17,17,17,1,0,0.352941176471,0.411764705882,0.235294117647,17,38,0.139705882353,2.13617647059,4.47058823529,3.16666666667,2.92307692308,1.73629084037,0.388380845872,0.198142414861,2.04723630062,0.915868871331,0.495356037152,1.95350363977,0.873935838844,0.473684210526,0.898017833571,0.420385602938,2.5,2.13617647059,0.898017833571,2.5,0.17614379085,0.0769230769231,4,0.00588235294118,0.169101731602,17,17,17,1,0,0.294117647059,0.470588235294,0.235294117647,1,0.00367647058824,0.253823529412,0.117647058824,-0.19696969697,0.0769230769231,0.0428779967836,-0.000646429005719,0.00418375031378,-0.0514327453931,-0.0483844741355,-0.0229269517195,0.0748307665129,0.0107618159966,0.0030959752322,0.111820264479,0.002718144358,0.25,0.253823529412,0.111820264479,0.25,0.00980392156863,0.0156985871272,1,0.00147058823529,-0.0168506493506,-0.0588235294118,0.0588235294118,0,37,1,0,234,1,0.995744680851,0.00425531914894,0,0.973684210526,1,0.986666666667,0.984652666406,0.995744680851,0.973684210526,3,2,0,0,0,0
17,WLNM_dir_neg,1,0.5,00:00:12,10,10,2,1979945675,threshold_sweep,0.8,1,1,1,2,0,0,4,1,1,0,0,1,1,1,1,0.555555555556,1,1,1,37,35,2,0,37,0,35,0,2,17,37,0.136029411765,1.88235294118,4.35294117647,3.36363636364,2.84615384615,1.69341284359,0.389027274878,0.193958664547,2.09866904602,0.964253345467,0.518282988871,1.87867287326,0.863174022847,0.470588235294,0.786197569093,0.41766745858,2.25,1.88235294118,0.786197569093,2.25,0.166339869281,0.0612244897959,3,0.00441176470588,0.185952380952,17,17,17,1,0,0.352941176471,0.411764705882,0.235294117647,17,0.128676470588,1.90196078431,4.11764705882,3.18181818182,2.69230769231,1.57648156274,0.382859808093,0.201680672269,2.01465221053,0.978545359402,0.524369747899,1.74894926439,0.849489642704,0.463865546218,0.814492905316,0.428238537847,2.33333333333,1.90196078431,0.814492905316,2.33333333333,0,0,0,0,0.164242424242,17,17,17,1,0,0.352941176471,0.411764705882,0.235294117647,17,37,0.136029411765,1.88235294118,4.35294117647,3.36363636364,2.84615384615,1.69341284359,0.389027274878,0.193958664547,2.09866904602,0.964253345467,0.518282988871,1.87867287326,0.863174022847,0.470588235294,0.786197569093,0.41766745858,2.25,1.88235294118,0.786197569093,2.25,0.166339869281,0.0612244897959,3,0.00441176470588,0.185952380952,17,17,17,1,0,0.352941176471,0.411764705882,0.235294117647,0,0,0,0,0,0,0,0,0,0,0,0,0,0,0,0,0,0,0,0,0,0,0,0,0,0,0,0,0,37,0,0,235,1,1,0,0,1,1,1,1,1,1,2,2,0,0,0,0
18,WLNM_dir_neg,1,0.5,00:00:12,10,10,2,1979945675,threshold_sweep,0.9,1,0.5,0.666666666667,1,0,1,4,0.5,1,0,0.5,1,0.5,0.666666666667,0.833333333333,0.611111111111,0.571428571429,0.632455532034,0.5,37,35,2,0,37,0,35,0,2,17,37,0.136029411765,1.88235294118,4.35294117647,3.36363636364,2.84615384615,1.69341284359,0.389027274878,0.193958664547,2.09866904602,0.964253345467,0.518282988871,1.87867287326,0.863174022847,0.470588235294,0.786197569093,0.41766745858,2.25,1.88235294118,0.786197569093,2.25,0.166339869281,0.0612244897959,3,0.00441176470588,0.185952380952,17,17,17,1,0,0.352941176471,0.411764705882,0.235294117647,17,0.128676470588,1.90196078431,4.11764705882,3.18181818182,2.69230769231,1.57648156274,0.382859808093,0.201680672269,2.01465221053,0.978545359402,0.524369747899,1.74894926439,0.849489642704,0.463865546218,0.814492905316,0.428238537847,2.33333333333,1.90196078431,0.814492905316,2.33333333333,0,0,0,0,0.164242424242,17,17,17,1,0,0.352941176471,0.411764705882,0.235294117647,17,36,0.132352941176,1.89705882353,4.23529411765,3.27272727273,2.76923076923,1.71498585143,0.40492721492,0.204248366013,2.05798302171,0.971825315808,0.522875816993,1.79869233546,0.849382491746,0.464052287582,0.805541469338,0.424626510969,2.25,1.89705882353,0.805541469338,2.25,0.0702614379085,0.0214285714286,1,0.00147058823529,0.175454545455,17,17,17,1,0,0.352941176471,0.411764705882,0.235294117647,-1,-0.00367647058824,0.0147058823529,-0.117647058824,-0.0909090909091,-0.0769230769231,0.0215730078386,0.0158999400418,0.0102897014662,-0.0406860243059,0.00757197034072,0.00459282812224,-0.0799805377942,-0.0137915311015,-0.00653594771242,0.0193439002456,0.00695905238854,0,0.0147058823529,0.0193439002456,0,-0.0960784313725,-0.0397959183673,-2,-0.00294117647059,-0.0104978354978,0,0,0,36,0,1,235,0.972972972973,1,0,0.027027027027,1,0.972972972973,0.986301369863,0.984301887704,0.972972972973,0.972972972973,1,2,0,0,0,0
19,WLNM_dir_neg,1,0.5,00:00:12,10,10,3,1979945676,threshold_sweep,0.1,1,1,1,2,0,0,4,1,1,0,0,1,1,1,1,0.555555555556,1,1,1,37,35,2,0,37,0,35,0,2,17,37,0.136029411765,1.88235294118,4.35294117647,3.36363636364,2.84615384615,1.69341284359,0.389027274878,0.193958664547,2.09866904602,0.964253345467,0.518282988871,1.87867287326,0.863174022847,0.470588235294,0.786197569093,0.41766745858,2.25,1.88235294118,0.786197569093,2.25,0.166339869281,0.0612244897959,3,0.00441176470588,0.185952380952,17,17,17,1,0,0.352941176471,0.411764705882,0.235294117647,17,0.128676470588,1.90196078431,4.11764705882,3.18181818182,2.69230769231,1.57648156274,0.382859808093,0.201680672269,2.01465221053,0.978545359402,0.524369747899,1.74894926439,0.849489642704,0.463865546218,0.814492905316,0.428238537847,2.33333333333,1.90196078431,0.814492905316,2.33333333333,0,0,0,0,0.164242424242,17,17,17,1,0,0.352941176471,0.411764705882,0.235294117647,17,37,0.136029411765,1.88235294118,4.35294117647,3.36363636364,2.84615384615,1.69341284359,0.389027274878,0.193958664547,2.09866904602,0.964253345467,0.518282988871,1.87867287326,0.863174022847,0.470588235294,0.786197569093,0.41766745858,2.25,1.88235294118,0.786197569093,2.25,0.166339869281,0.0612244897959,3,0.00441176470588,0.185952380952,17,17,17,1,0,0.352941176471,0.411764705882,0.235294117647,0,0,0,0,0,0,0,0,0,0,0,0,0,0,0,0,0,0,0,0,0,0,0,0,0,0,0,0,0,37,0,0,235,1,1,0,0,1,1,1,1,1,1,2,2,0,0,0,0
20,WLNM_dir_neg,1,0.5,00:00:12,10,10,3,1979945676,threshold_sweep,0.2,1,1,1,2,0,0,4,1,1,0,0,1,1,1,1,0.555555555556,1,1,1,37,35,2,0,37,0,35,0,2,17,37,0.136029411765,1.88235294118,4.35294117647,3.36363636364,2.84615384615,1.69341284359,0.389027274878,0.193958664547,2.09866904602,0.964253345467,0.518282988871,1.87867287326,0.863174022847,0.470588235294,0.786197569093,0.41766745858,2.25,1.88235294118,0.786197569093,2.25,0.166339869281,0.0612244897959,3,0.00441176470588,0.185952380952,17,17,17,1,0,0.352941176471,0.411764705882,0.235294117647,17,0.128676470588,1.90196078431,4.11764705882,3.18181818182,2.69230769231,1.57648156274,0.382859808093,0.201680672269,2.01465221053,0.978545359402,0.524369747899,1.74894926439,0.849489642704,0.463865546218,0.814492905316,0.428238537847,2.33333333333,1.90196078431,0.814492905316,2.33333333333,0,0,0,0,0.164242424242,17,17,17,1,0,0.352941176471,0.411764705882,0.235294117647,17,37,0.136029411765,1.88235294118,4.35294117647,3.36363636364,2.84615384615,1.69341284359,0.389027274878,0.193958664547,2.09866904602,0.964253345467,0.518282988871,1.87867287326,0.863174022847,0.470588235294,0.786197569093,0.41766745858,2.25,1.88235294118,0.786197569093,2.25,0.166339869281,0.0612244897959,3,0.00441176470588,0.185952380952,17,17,17,1,0,0.352941176471,0.411764705882,0.235294117647,0,0,0,0,0,0,0,0,0,0,0,0,0,0,0,0,0,0,0,0,0,0,0,0,0,0,0,0,0,37,0,0,235,1,1,0,0,1,1,1,1,1,1,2,2,0,0,0,0
21,WLNM_dir_neg,1,0.5,00:00:12,10,10,3,1979945676,threshold_sweep,0.3,1,1,1,2,0,0,4,1,1,0,0,1,1,1,1,0.555555555556,1,1,1,37,35,2,0,37,0,35,0,2,17,37,0.136029411765,1.88235294118,4.35294117647,3.36363636364,2.84615384615,1.69341284359,0.389027274878,0.193958664547,2.09866904602,0.964253345467,0.518282988871,1.87867287326,0.863174022847,0.470588235294,0.786197569093,0.41766745858,2.25,1.88235294118,0.786197569093,2.25,0.166339869281,0.0612244897959,3,0.00441176470588,0.185952380952,17,17,17,1,0,0.352941176471,0.411764705882,0.235294117647,17,0.128676470588,1.90196078431,4.11764705882,3.18181818182,2.69230769231,1.57648156274,0.382859808093,0.201680672269,2.01465221053,0.978545359402,0.524369747899,1.74894926439,0.849489642704,0.463865546218,0.814492905316,0.428238537847,2.33333333333,1.90196078431,0.814492905316,2.33333333333,0,0,0,0,0.164242424242,17,17,17,1,0,0.352941176471,0.411764705882,0.235294117647,17,37,0.136029411765,1.88235294118,4.35294117647,3.36363636364,2.84615384615,1.69341284359,0.389027274878,0.193958664547,2.09866904602,0.964253345467,0.518282988871,1.87867287326,0.863174022847,0.470588235294,0.786197569093,0.41766745858,2.25,1.88235294118,0.786197569093,2.25,0.166339869281,0.0612244897959,3,0.00441176470588,0.185952380952,17,17,17,1,0,0.352941176471,0.411764705882,0.235294117647,0,0,0,0,0,0,0,0,0,0,0,0,0,0,0,0,0,0,0,0,0,0,0,0,0,0,0,0,0,37,0,0,235,1,1,0,0,1,1,1,1,1,1,2,2,0,0,0,0
22,WLNM_dir_neg,1,0.5,00:00:12,10,10,3,1979945676,threshold_sweep,0.4,1,1,1,2,0,0,4,1,1,0,0,1,1,1,1,0.555555555556,1,1,1,37,35,2,0,37,0,35,0,2,17,37,0.136029411765,1.88235294118,4.35294117647,3.36363636364,2.84615384615,1.69341284359,0.389027274878,0.193958664547,2.09866904602,0.964253345467,0.518282988871,1.87867287326,0.863174022847,0.470588235294,0.786197569093,0.41766745858,2.25,1.88235294118,0.786197569093,2.25,0.166339869281,0.0612244897959,3,0.00441176470588,0.185952380952,17,17,17,1,0,0.352941176471,0.411764705882,0.235294117647,17,0.128676470588,1.90196078431,4.11764705882,3.18181818182,2.69230769231,1.57648156274,0.382859808093,0.201680672269,2.01465221053,0.978545359402,0.524369747899,1.74894926439,0.849489642704,0.463865546218,0.814492905316,0.428238537847,2.33333333333,1.90196078431,0.814492905316,2.33333333333,0,0,0,0,0.164242424242,17,17,17,1,0,0.352941176471,0.411764705882,0.235294117647,17,37,0.136029411765,1.88235294118,4.35294117647,3.36363636364,2.84615384615,1.69341284359,0.389027274878,0.193958664547,2.09866904602,0.964253345467,0.518282988871,1.87867287326,0.863174022847,0.470588235294,0.786197569093,0.41766745858,2.25,1.88235294118,0.786197569093,2.25,0.166339869281,0.0612244897959,3,0.00441176470588,0.185952380952,17,17,17,1,0,0.352941176471,0.411764705882,0.235294117647,0,0,0,0,0,0,0,0,0,0,0,0,0,0,0,0,0,0,0,0,0,0,0,0,0,0,0,0,0,37,0,0,235,1,1,0,0,1,1,1,1,1,1,2,2,0,0,0,0
23,WLNM_dir_neg,1,0.5,00:00:12,10,10,3,1979945676,threshold_sweep,0.5,1,1,1,2,0,0,4,1,1,0,0,1,1,1,1,0.555555555556,1,1,1,37,35,2,0,37,0,35,0,2,17,37,0.136029411765,1.88235294118,4.35294117647,3.36363636364,2.84615384615,1.69341284359,0.389027274878,0.193958664547,2.09866904602,0.964253345467,0.518282988871,1.87867287326,0.863174022847,0.470588235294,0.786197569093,0.41766745858,2.25,1.88235294118,0.786197569093,2.25,0.166339869281,0.0612244897959,3,0.00441176470588,0.185952380952,17,17,17,1,0,0.352941176471,0.411764705882,0.235294117647,17,0.128676470588,1.90196078431,4.11764705882,3.18181818182,2.69230769231,1.57648156274,0.382859808093,0.201680672269,2.01465221053,0.978545359402,0.524369747899,1.74894926439,0.849489642704,0.463865546218,0.814492905316,0.428238537847,2.33333333333,1.90196078431,0.814492905316,2.33333333333,0,0,0,0,0.164242424242,17,17,17,1,0,0.352941176471,0.411764705882,0.235294117647,17,37,0.136029411765,1.88235294118,4.35294117647,3.36363636364,2.84615384615,1.69341284359,0.389027274878,0.193958664547,2.09866904602,0.964253345467,0.518282988871,1.87867287326,0.863174022847,0.470588235294,0.786197569093,0.41766745858,2.25,1.88235294118,0.786197569093,2.25,0.166339869281,0.0612244897959,3,0.00441176470588,0.185952380952,17,17,17,1,0,0.352941176471,0.411764705882,0.235294117647,0,0,0,0,0,0,0,0,0,0,0,0,0,0,0,0,0,0,0,0,0,0,0,0,0,0,0,0,0,37,0,0,235,1,1,0,0,1,1,1,1,1,1,2,2,0,0,0,0
24,WLNM_dir_neg,1,0.5,00:00:12,10,10,3,1979945676,threshold_sweep,0.6,1,1,1,2,0,0,4,1,1,0,0,1,1,1,1,0.555555555556,1,1,1,37,35,2,0,37,0,35,0,2,17,37,0.136029411765,1.88235294118,4.35294117647,3.36363636364,2.84615384615,1.69341284359,0.389027274878,0.193958664547,2.09866904602,0.964253345467,0.518282988871,1.87867287326,0.863174022847,0.470588235294,0.786197569093,0.41766745858,2.25,1.88235294118,0.786197569093,2.25,0.166339869281,0.0612244897959,3,0.00441176470588,0.185952380952,17,17,17,1,0,0.352941176471,0.411764705882,0.235294117647,17,0.128676470588,1.90196078431,4.11764705882,3.18181818182,2.69230769231,1.57648156274,0.382859808093,0.201680672269,2.01465221053,0.978545359402,0.524369747899,1.74894926439,0.849489642704,0.463865546218,0.814492905316,0.428238537847,2.33333333333,1.90196078431,0.814492905316,2.33333333333,0,0,0,0,0.164242424242,17,17,17,1,0,0.352941176471,0.411764705882,0.235294117647,17,37,0.136029411765,1.88235294118,4.35294117647,3.36363636364,2.84615384615,1.69341284359,0.389027274878,0.193958664547,2.09866904602,0.964253345467,0.518282988871,1.87867287326,0.863174022847,0.470588235294,0.786197569093,0.41766745858,2.25,1.88235294118,0.786197569093,2.25,0.166339869281,0.0612244897959,3,0.00441176470588,0.185952380952,17,17,17,1,0,0.352941176471,0.411764705882,0.235294117647,0,0,0,0,0,0,0,0,0,0,0,0,0,0,0,0,0,0,0,0,0,0,0,0,0,0,0,0,0,37,0,0,235,1,1,0,0,1,1,1,1,1,1,2,2,0,0,0,0
25,WLNM_dir_neg,1,0.5,00:00:12,10,10,3,1979945676,threshold_sweep,0.7,1,1,1,2,0,0,4,1,1,0,0,1,1,1,1,0.555555555556,1,1,1,37,35,2,0,37,0,35,0,2,17,37,0.136029411765,1.88235294118,4.35294117647,3.36363636364,2.84615384615,1.69341284359,0.389027274878,0.193958664547,2.09866904602,0.964253345467,0.518282988871,1.87867287326,0.863174022847,0.470588235294,0.786197569093,0.41766745858,2.25,1.88235294118,0.786197569093,2.25,0.166339869281,0.0612244897959,3,0.00441176470588,0.185952380952,17,17,17,1,0,0.352941176471,0.411764705882,0.235294117647,17,0.128676470588,1.90196078431,4.11764705882,3.18181818182,2.69230769231,1.57648156274,0.382859808093,0.201680672269,2.01465221053,0.978545359402,0.524369747899,1.74894926439,0.849489642704,0.463865546218,0.814492905316,0.428238537847,2.33333333333,1.90196078431,0.814492905316,2.33333333333,0,0,0,0,0.164242424242,17,17,17,1,0,0.352941176471,0.411764705882,0.235294117647,17,37,0.136029411765,1.88235294118,4.35294117647,3.36363636364,2.84615384615,1.69341284359,0.389027274878,0.193958664547,2.09866904602,0.964253345467,0.518282988871,1.87867287326,0.863174022847,0.470588235294,0.786197569093,0.41766745858,2.25,1.88235294118,0.786197569093,2.25,0.166339869281,0.0612244897959,3,0.00441176470588,0.185952380952,17,17,17,1,0,0.352941176471,0.411764705882,0.235294117647,0,0,0,0,0,0,0,0,0,0,0,0,0,0,0,0,0,0,0,0,0,0,0,0,0,0,0,0,0,37,0,0,235,1,1,0,0,1,1,1,1,1,1,2,2,0,0,0,0
26,WLNM_dir_neg,1,0.5,00:00:12,10,10,3,1979945676,threshold_sweep,0.8,1,1,1,2,0,0,4,1,1,0,0,1,1,1,1,0.555555555556,1,1,1,37,35,2,0,37,0,35,0,2,17,37,0.136029411765,1.88235294118,4.35294117647,3.36363636364,2.84615384615,1.69341284359,0.389027274878,0.193958664547,2.09866904602,0.964253345467,0.518282988871,1.87867287326,0.863174022847,0.470588235294,0.786197569093,0.41766745858,2.25,1.88235294118,0.786197569093,2.25,0.166339869281,0.0612244897959,3,0.00441176470588,0.185952380952,17,17,17,1,0,0.352941176471,0.411764705882,0.235294117647,17,0.128676470588,1.90196078431,4.11764705882,3.18181818182,2.69230769231,1.57648156274,0.382859808093,0.201680672269,2.01465221053,0.978545359402,0.524369747899,1.74894926439,0.849489642704,0.463865546218,0.814492905316,0.428238537847,2.33333333333,1.90196078431,0.814492905316,2.33333333333,0,0,0,0,0.164242424242,17,17,17,1,0,0.352941176471,0.411764705882,0.235294117647,17,37,0.136029411765,1.88235294118,4.35294117647,3.36363636364,2.84615384615,1.69341284359,0.389027274878,0.193958664547,2.09866904602,0.964253345467,0.518282988871,1.87867287326,0.863174022847,0.470588235294,0.786197569093,0.41766745858,2.25,1.88235294118,0.786197569093,2.25,0.166339869281,0.0612244897959,3,0.00441176470588,0.185952380952,17,17,17,1,0,0.352941176471,0.411764705882,0.235294117647,0,0,0,0,0,0,0,0,0,0,0,0,0,0,0,0,0,0,0,0,0,0,0,0,0,0,0,0,0,37,0,0,235,1,1,0,0,1,1,1,1,1,1,2,2,0,0,0,0
27,WLNM_dir_neg,1,0.5,00:00:12,10,10,3,1979945676,threshold_sweep,0.9,1,1,1,2,0,0,4,1,1,0,0,1,1,1,1,0.555555555556,1,1,1,37,35,2,0,37,0,35,0,2,17,37,0.136029411765,1.88235294118,4.35294117647,3.36363636364,2.84615384615,1.69341284359,0.389027274878,0.193958664547,2.09866904602,0.964253345467,0.518282988871,1.87867287326,0.863174022847,0.470588235294,0.786197569093,0.41766745858,2.25,1.88235294118,0.786197569093,2.25,0.166339869281,0.0612244897959,3,0.00441176470588,0.185952380952,17,17,17,1,0,0.352941176471,0.411764705882,0.235294117647,17,0.128676470588,1.90196078431,4.11764705882,3.18181818182,2.69230769231,1.57648156274,0.382859808093,0.201680672269,2.01465221053,0.978545359402,0.524369747899,1.74894926439,0.849489642704,0.463865546218,0.814492905316,0.428238537847,2.33333333333,1.90196078431,0.814492905316,2.33333333333,0,0,0,0,0.164242424242,17,17,17,1,0,0.352941176471,0.411764705882,0.235294117647,17,37,0.136029411765,1.88235294118,4.35294117647,3.36363636364,2.84615384615,1.69341284359,0.389027274878,0.193958664547,2.09866904602,0.964253345467,0.518282988871,1.87867287326,0.863174022847,0.470588235294,0.786197569093,0.41766745858,2.25,1.88235294118,0.786197569093,2.25,0.166339869281,0.0612244897959,3,0.00441176470588,0.185952380952,17,17,17,1,0,0.352941176471,0.411764705882,0.235294117647,0,0,0,0,0,0,0,0,0,0,0,0,0,0,0,0,0,0,0,0,0,0,0,0,0,0,0,0,0,37,0,0,235,1,1,0,0,1,1,1,1,1,1,2,2,0,0,0,0
28,WLNM_dir_neg,1,0.5,00:00:12,10,10,4,1979945677,threshold_sweep,0.1,1,1,1,2,0,0,4,1,1,0,0,1,1,1,1,0.555555555556,1,1,1,37,35,2,0,37,0,35,0,2,17,37,0.136029411765,1.88235294118,4.35294117647,3.36363636364,2.84615384615,1.69341284359,0.389027274878,0.193958664547,2.09866904602,0.964253345467,0.518282988871,1.87867287326,0.863174022847,0.470588235294,0.786197569093,0.41766745858,2.25,1.88235294118,0.786197569093,2.25,0.166339869281,0.0612244897959,3,0.00441176470588,0.185952380952,17,17,17,1,0,0.352941176471,0.411764705882,0.235294117647,17,0.128676470588,1.90196078431,4.11764705882,3.18181818182,2.69230769231,1.57648156274,0.382859808093,0.201680672269,2.01465221053,0.978545359402,0.524369747899,1.74894926439,0.849489642704,0.463865546218,0.814492905316,0.428238537847,2.33333333333,1.90196078431,0.814492905316,2.33333333333,0,0,0,0,0.164242424242,17,17,17,1,0,0.352941176471,0.411764705882,0.235294117647,17,37,0.136029411765,1.88235294118,4.35294117647,3.36363636364,2.84615384615,1.69341284359,0.389027274878,0.193958664547,2.09866904602,0.964253345467,0.518282988871,1.87867287326,0.863174022847,0.470588235294,0.786197569093,0.41766745858,2.25,1.88235294118,0.786197569093,2.25,0.166339869281,0.0612244897959,3,0.00441176470588,0.185952380952,17,17,17,1,0,0.352941176471,0.411764705882,0.235294117647,0,0,0,0,0,0,0,0,0,0,0,0,0,0,0,0,0,0,0,0,0,0,0,0,0,0,0,0,0,37,0,0,235,1,1,0,0,1,1,1,1,1,1,2,2,0,0,0,0
29,WLNM_dir_neg,1,0.5,00:00:12,10,10,4,1979945677,threshold_sweep,0.2,1,1,1,2,0,0,4,1,1,0,0,1,1,1,1,0.555555555556,1,1,1,37,35,2,0,37,0,35,0,2,17,37,0.136029411765,1.88235294118,4.35294117647,3.36363636364,2.84615384615,1.69341284359,0.389027274878,0.193958664547,2.09866904602,0.964253345467,0.518282988871,1.87867287326,0.863174022847,0.470588235294,0.786197569093,0.41766745858,2.25,1.88235294118,0.786197569093,2.25,0.166339869281,0.0612244897959,3,0.00441176470588,0.185952380952,17,17,17,1,0,0.352941176471,0.411764705882,0.235294117647,17,0.128676470588,1.90196078431,4.11764705882,3.18181818182,2.69230769231,1.57648156274,0.382859808093,0.201680672269,2.01465221053,0.978545359402,0.524369747899,1.74894926439,0.849489642704,0.463865546218,0.814492905316,0.428238537847,2.33333333333,1.90196078431,0.814492905316,2.33333333333,0,0,0,0,0.164242424242,17,17,17,1,0,0.352941176471,0.411764705882,0.235294117647,17,37,0.136029411765,1.88235294118,4.35294117647,3.36363636364,2.84615384615,1.69341284359,0.389027274878,0.193958664547,2.09866904602,0.964253345467,0.518282988871,1.87867287326,0.863174022847,0.470588235294,0.786197569093,0.41766745858,2.25,1.88235294118,0.786197569093,2.25,0.166339869281,0.0612244897959,3,0.00441176470588,0.185952380952,17,17,17,1,0,0.352941176471,0.411764705882,0.235294117647,0,0,0,0,0,0,0,0,0,0,0,0,0,0,0,0,0,0,0,0,0,0,0,0,0,0,0,0,0,37,0,0,235,1,1,0,0,1,1,1,1,1,1,2,2,0,0,0,0
30,WLNM_dir_neg,1,0.5,00:00:12,10,10,4,1979945677,threshold_sweep,0.3,1,1,1,2,0,0,4,1,1,0,0,1,1,1,1,0.555555555556,1,1,1,37,35,2,0,37,0,35,0,2,17,37,0.136029411765,1.88235294118,4.35294117647,3.36363636364,2.84615384615,1.69341284359,0.389027274878,0.193958664547,2.09866904602,0.964253345467,0.518282988871,1.87867287326,0.863174022847,0.470588235294,0.786197569093,0.41766745858,2.25,1.88235294118,0.786197569093,2.25,0.166339869281,0.0612244897959,3,0.00441176470588,0.185952380952,17,17,17,1,0,0.352941176471,0.411764705882,0.235294117647,17,0.128676470588,1.90196078431,4.11764705882,3.18181818182,2.69230769231,1.57648156274,0.382859808093,0.201680672269,2.01465221053,0.978545359402,0.524369747899,1.74894926439,0.849489642704,0.463865546218,0.814492905316,0.428238537847,2.33333333333,1.90196078431,0.814492905316,2.33333333333,0,0,0,0,0.164242424242,17,17,17,1,0,0.352941176471,0.411764705882,0.235294117647,17,37,0.136029411765,1.88235294118,4.35294117647,3.36363636364,2.84615384615,1.69341284359,0.389027274878,0.193958664547,2.09866904602,0.964253345467,0.518282988871,1.87867287326,0.863174022847,0.470588235294,0.786197569093,0.41766745858,2.25,1.88235294118,0.786197569093,2.25,0.166339869281,0.0612244897959,3,0.00441176470588,0.185952380952,17,17,17,1,0,0.352941176471,0.411764705882,0.235294117647,0,0,0,0,0,0,0,0,0,0,0,0,0,0,0,0,0,0,0,0,0,0,0,0,0,0,0,0,0,37,0,0,235,1,1,0,0,1,1,1,1,1,1,2,2,0,0,0,0
31,WLNM_dir_neg,1,0.5,00:00:12,10,10,4,1979945677,threshold_sweep,0.4,1,1,1,2,0,0,4,1,1,0,0,1,1,1,1,0.555555555556,1,1,1,37,35,2,0,37,0,35,0,2,17,37,0.136029411765,1.88235294118,4.35294117647,3.36363636364,2.84615384615,1.69341284359,0.389027274878,0.193958664547,2.09866904602,0.964253345467,0.518282988871,1.87867287326,0.863174022847,0.470588235294,0.786197569093,0.41766745858,2.25,1.88235294118,0.786197569093,2.25,0.166339869281,0.0612244897959,3,0.00441176470588,0.185952380952,17,17,17,1,0,0.352941176471,0.411764705882,0.235294117647,17,0.128676470588,1.90196078431,4.11764705882,3.18181818182,2.69230769231,1.57648156274,0.382859808093,0.201680672269,2.01465221053,0.978545359402,0.524369747899,1.74894926439,0.849489642704,0.463865546218,0.814492905316,0.428238537847,2.33333333333,1.90196078431,0.814492905316,2.33333333333,0,0,0,0,0.164242424242,17,17,17,1,0,0.352941176471,0.411764705882,0.235294117647,17,37,0.136029411765,1.88235294118,4.35294117647,3.36363636364,2.84615384615,1.69341284359,0.389027274878,0.193958664547,2.09866904602,0.964253345467,0.518282988871,1.87867287326,0.863174022847,0.470588235294,0.786197569093,0.41766745858,2.25,1.88235294118,0.786197569093,2.25,0.166339869281,0.0612244897959,3,0.00441176470588,0.185952380952,17,17,17,1,0,0.352941176471,0.411764705882,0.235294117647,0,0,0,0,0,0,0,0,0,0,0,0,0,0,0,0,0,0,0,0,0,0,0,0,0,0,0,0,0,37,0,0,235,1,1,0,0,1,1,1,1,1,1,2,2,0,0,0,0
32,WLNM_dir_neg,1,0.5,00:00:12,10,10,4,1979945677,threshold_sweep,0.5,1,1,1,2,0,0,4,1,1,0,0,1,1,1,1,0.555555555556,1,1,1,37,35,2,0,37,0,35,0,2,17,37,0.136029411765,1.88235294118,4.35294117647,3.36363636364,2.84615384615,1.69341284359,0.389027274878,0.193958664547,2.09866904602,0.964253345467,0.518282988871,1.87867287326,0.863174022847,0.470588235294,0.786197569093,0.41766745858,2.25,1.88235294118,0.786197569093,2.25,0.166339869281,0.0612244897959,3,0.00441176470588,0.185952380952,17,17,17,1,0,0.352941176471,0.411764705882,0.235294117647,17,0.128676470588,1.90196078431,4.11764705882,3.18181818182,2.69230769231,1.57648156274,0.382859808093,0.201680672269,2.01465221053,0.978545359402,0.524369747899,1.74894926439,0.849489642704,0.463865546218,0.814492905316,0.428238537847,2.33333333333,1.90196078431,0.814492905316,2.33333333333,0,0,0,0,0.164242424242,17,17,17,1,0,0.352941176471,0.411764705882,0.235294117647,17,37,0.136029411765,1.88235294118,4.35294117647,3.36363636364,2.84615384615,1.69341284359,0.389027274878,0.193958664547,2.09866904602,0.964253345467,0.518282988871,1.87867287326,0.863174022847,0.470588235294,0.786197569093,0.41766745858,2.25,1.88235294118,0.786197569093,2.25,0.166339869281,0.0612244897959,3,0.00441176470588,0.185952380952,17,17,17,1,0,0.352941176471,0.411764705882,0.235294117647,0,0,0,0,0,0,0,0,0,0,0,0,0,0,0,0,0,0,0,0,0,0,0,0,0,0,0,0,0,37,0,0,235,1,1,0,0,1,1,1,1,1,1,2,2,0,0,0,0
33,WLNM_dir_neg,1,0.5,00:00:12,10,10,4,1979945677,threshold_sweep,0.6,1,1,1,2,0,0,4,1,1,0,0,1,1,1,1,0.555555555556,1,1,1,37,35,2,0,37,0,35,0,2,17,37,0.136029411765,1.88235294118,4.35294117647,3.36363636364,2.84615384615,1.69341284359,0.389027274878,0.193958664547,2.09866904602,0.964253345467,0.518282988871,1.87867287326,0.863174022847,0.470588235294,0.786197569093,0.41766745858,2.25,1.88235294118,0.786197569093,2.25,0.166339869281,0.0612244897959,3,0.00441176470588,0.185952380952,17,17,17,1,0,0.352941176471,0.411764705882,0.235294117647,17,0.128676470588,1.90196078431,4.11764705882,3.18181818182,2.69230769231,1.57648156274,0.382859808093,0.201680672269,2.01465221053,0.978545359402,0.524369747899,1.74894926439,0.849489642704,0.463865546218,0.814492905316,0.428238537847,2.33333333333,1.90196078431,0.814492905316,2.33333333333,0,0,0,0,0.164242424242,17,17,17,1,0,0.352941176471,0.411764705882,0.235294117647,17,37,0.136029411765,1.88235294118,4.35294117647,3.36363636364,2.84615384615,1.69341284359,0.389027274878,0.193958664547,2.09866904602,0.964253345467,0.518282988871,1.87867287326,0.863174022847,0.470588235294,0.786197569093,0.41766745858,2.25,1.88235294118,0.786197569093,2.25,0.166339869281,0.0612244897959,3,0.00441176470588,0.185952380952,17,17,17,1,0,0.352941176471,0.411764705882,0.235294117647,0,0,0,0,0,0,0,0,0,0,0,0,0,0,0,0,0,0,0,0,0,0,0,0,0,0,0,0,0,37,0,0,235,1,1,0,0,1,1,1,1,1,1,2,2,0,0,0,0
34,WLNM_dir_neg,1,0.5,00:00:12,10,10,4,1979945677,threshold_sweep,0.7,1,1,1,2,0,0,4,1,1,0,0,1,1,1,1,0.555555555556,1,1,1,37,35,2,0,37,0,35,0,2,17,37,0.136029411765,1.88235294118,4.35294117647,3.36363636364,2.84615384615,1.69341284359,0.389027274878,0.193958664547,2.09866904602,0.964253345467,0.518282988871,1.87867287326,0.863174022847,0.470588235294,0.786197569093,0.41766745858,2.25,1.88235294118,0.786197569093,2.25,0.166339869281,0.0612244897959,3,0.00441176470588,0.185952380952,17,17,17,1,0,0.352941176471,0.411764705882,0.235294117647,17,0.128676470588,1.90196078431,4.11764705882,3.18181818182,2.69230769231,1.57648156274,0.382859808093,0.201680672269,2.01465221053,0.978545359402,0.524369747899,1.74894926439,0.849489642704,0.463865546218,0.814492905316,0.428238537847,2.33333333333,1.90196078431,0.814492905316,2.33333333333,0,0,0,0,0.164242424242,17,17,17,1,0,0.352941176471,0.411764705882,0.235294117647,17,37,0.136029411765,1.88235294118,4.35294117647,3.36363636364,2.84615384615,1.69341284359,0.389027274878,0.193958664547,2.09866904602,0.964253345467,0.518282988871,1.87867287326,0.863174022847,0.470588235294,0.786197569093,0.41766745858,2.25,1.88235294118,0.786197569093,2.25,0.166339869281,0.0612244897959,3,0.00441176470588,0.185952380952,17,17,17,1,0,0.352941176471,0.411764705882,0.235294117647,0,0,0,0,0,0,0,0,0,0,0,0,0,0,0,0,0,0,0,0,0,0,0,0,0,0,0,0,0,37,0,0,235,1,1,0,0,1,1,1,1,1,1,2,2,0,0,0,0
35,WLNM_dir_neg,1,0.5,00:00:12,10,10,4,1979945677,threshold_sweep,0.8,1,1,1,2,0,0,4,1,1,0,0,1,1,1,1,0.555555555556,1,1,1,37,35,2,0,37,0,35,0,2,17,37,0.136029411765,1.88235294118,4.35294117647,3.36363636364,2.84615384615,1.69341284359,0.389027274878,0.193958664547,2.09866904602,0.964253345467,0.518282988871,1.87867287326,0.863174022847,0.470588235294,0.786197569093,0.41766745858,2.25,1.88235294118,0.786197569093,2.25,0.166339869281,0.0612244897959,3,0.00441176470588,0.185952380952,17,17,17,1,0,0.352941176471,0.411764705882,0.235294117647,17,0.128676470588,1.90196078431,4.11764705882,3.18181818182,2.69230769231,1.57648156274,0.382859808093,0.201680672269,2.01465221053,0.978545359402,0.524369747899,1.74894926439,0.849489642704,0.463865546218,0.814492905316,0.428238537847,2.33333333333,1.90196078431,0.814492905316,2.33333333333,0,0,0,0,0.164242424242,17,17,17,1,0,0.352941176471,0.411764705882,0.235294117647,17,37,0.136029411765,1.88235294118,4.35294117647,3.36363636364,2.84615384615,1.69341284359,0.389027274878,0.193958664547,2.09866904602,0.964253345467,0.518282988871,1.87867287326,0.863174022847,0.470588235294,0.786197569093,0.41766745858,2.25,1.88235294118,0.786197569093,2.25,0.166339869281,0.0612244897959,3,0.00441176470588,0.185952380952,17,17,17,1,0,0.352941176471,0.411764705882,0.235294117647,0,0,0,0,0,0,0,0,0,0,0,0,0,0,0,0,0,0,0,0,0,0,0,0,0,0,0,0,0,37,0,0,235,1,1,0,0,1,1,1,1,1,1,2,2,0,0,0,0
36,WLNM_dir_neg,1,0.5,00:00:12,10,10,4,1979945677,threshold_sweep,0.9,1,1,1,2,0,0,4,1,1,0,0,1,1,1,1,0.555555555556,1,1,1,37,35,2,0,37,0,35,0,2,17,37,0.136029411765,1.88235294118,4.35294117647,3.36363636364,2.84615384615,1.69341284359,0.389027274878,0.193958664547,2.09866904602,0.964253345467,0.518282988871,1.87867287326,0.863174022847,0.470588235294,0.786197569093,0.41766745858,2.25,1.88235294118,0.786197569093,2.25,0.166339869281,0.0612244897959,3,0.00441176470588,0.185952380952,17,17,17,1,0,0.352941176471,0.411764705882,0.235294117647,17,0.128676470588,1.90196078431,4.11764705882,3.18181818182,2.69230769231,1.57648156274,0.382859808093,0.201680672269,2.01465221053,0.978545359402,0.524369747899,1.74894926439,0.849489642704,0.463865546218,0.814492905316,0.428238537847,2.33333333333,1.90196078431,0.814492905316,2.33333333333,0,0,0,0,0.164242424242,17,17,17,1,0,0.352941176471,0.411764705882,0.235294117647,17,37,0.136029411765,1.88235294118,4.35294117647,3.36363636364,2.84615384615,1.69341284359,0.389027274878,0.193958664547,2.09866904602,0.964253345467,0.518282988871,1.87867287326,0.863174022847,0.470588235294,0.786197569093,0.41766745858,2.25,1.88235294118,0.786197569093,2.25,0.166339869281,0.0612244897959,3,0.00441176470588,0.185952380952,17,17,17,1,0,0.352941176471,0.411764705882,0.235294117647,0,0,0,0,0,0,0,0,0,0,0,0,0,0,0,0,0,0,0,0,0,0,0,0,0,0,0,0,0,37,0,0,235,1,1,0,0,1,1,1,1,1,1,2,2,0,0,0,0
37,WLNM_dir_neg,1,0.5,00:00:12,10,10,5,1979945678,threshold_sweep,0.1,1,1,1,2,0,0,4,1,1,0,0,1,1,1,1,0.555555555556,1,1,1,37,35,2,0,37,0,35,0,2,17,37,0.136029411765,1.88235294118,4.35294117647,3.36363636364,2.84615384615,1.69341284359,0.389027274878,0.193958664547,2.09866904602,0.964253345467,0.518282988871,1.87867287326,0.863174022847,0.470588235294,0.786197569093,0.41766745858,2.25,1.88235294118,0.786197569093,2.25,0.166339869281,0.0612244897959,3,0.00441176470588,0.185952380952,17,17,17,1,0,0.352941176471,0.411764705882,0.235294117647,17,0.128676470588,1.90196078431,4.11764705882,3.18181818182,2.69230769231,1.57648156274,0.382859808093,0.201680672269,2.01465221053,0.978545359402,0.524369747899,1.74894926439,0.849489642704,0.463865546218,0.814492905316,0.428238537847,2.33333333333,1.90196078431,0.814492905316,2.33333333333,0,0,0,0,0.164242424242,17,17,17,1,0,0.352941176471,0.411764705882,0.235294117647,17,37,0.136029411765,1.88235294118,4.35294117647,3.36363636364,2.84615384615,1.69341284359,0.389027274878,0.193958664547,2.09866904602,0.964253345467,0.518282988871,1.87867287326,0.863174022847,0.470588235294,0.786197569093,0.41766745858,2.25,1.88235294118,0.786197569093,2.25,0.166339869281,0.0612244897959,3,0.00441176470588,0.185952380952,17,17,17,1,0,0.352941176471,0.411764705882,0.235294117647,0,0,0,0,0,0,0,0,0,0,0,0,0,0,0,0,0,0,0,0,0,0,0,0,0,0,0,0,0,37,0,0,235,1,1,0,0,1,1,1,1,1,1,2,2,0,0,0,0
38,WLNM_dir_neg,1,0.5,00:00:12,10,10,5,1979945678,threshold_sweep,0.2,1,1,1,2,0,0,4,1,1,0,0,1,1,1,1,0.555555555556,1,1,1,37,35,2,0,37,0,35,0,2,17,37,0.136029411765,1.88235294118,4.35294117647,3.36363636364,2.84615384615,1.69341284359,0.389027274878,0.193958664547,2.09866904602,0.964253345467,0.518282988871,1.87867287326,0.863174022847,0.470588235294,0.786197569093,0.41766745858,2.25,1.88235294118,0.786197569093,2.25,0.166339869281,0.0612244897959,3,0.00441176470588,0.185952380952,17,17,17,1,0,0.352941176471,0.411764705882,0.235294117647,17,0.128676470588,1.90196078431,4.11764705882,3.18181818182,2.69230769231,1.57648156274,0.382859808093,0.201680672269,2.01465221053,0.978545359402,0.524369747899,1.74894926439,0.849489642704,0.463865546218,0.814492905316,0.428238537847,2.33333333333,1.90196078431,0.814492905316,2.33333333333,0,0,0,0,0.164242424242,17,17,17,1,0,0.352941176471,0.411764705882,0.235294117647,17,37,0.136029411765,1.88235294118,4.35294117647,3.36363636364,2.84615384615,1.69341284359,0.389027274878,0.193958664547,2.09866904602,0.964253345467,0.518282988871,1.87867287326,0.863174022847,0.470588235294,0.786197569093,0.41766745858,2.25,1.88235294118,0.786197569093,2.25,0.166339869281,0.0612244897959,3,0.00441176470588,0.185952380952,17,17,17,1,0,0.352941176471,0.411764705882,0.235294117647,0,0,0,0,0,0,0,0,0,0,0,0,0,0,0,0,0,0,0,0,0,0,0,0,0,0,0,0,0,37,0,0,235,1,1,0,0,1,1,1,1,1,1,2,2,0,0,0,0
39,WLNM_dir_neg,1,0.5,00:00:12,10,10,5,1979945678,threshold_sweep,0.3,1,1,1,2,0,0,4,1,1,0,0,1,1,1,1,0.555555555556,1,1,1,37,35,2,0,37,0,35,0,2,17,37,0.136029411765,1.88235294118,4.35294117647,3.36363636364,2.84615384615,1.69341284359,0.389027274878,0.193958664547,2.09866904602,0.964253345467,0.518282988871,1.87867287326,0.863174022847,0.470588235294,0.786197569093,0.41766745858,2.25,1.88235294118,0.786197569093,2.25,0.166339869281,0.0612244897959,3,0.00441176470588,0.185952380952,17,17,17,1,0,0.352941176471,0.411764705882,0.235294117647,17,0.128676470588,1.90196078431,4.11764705882,3.18181818182,2.69230769231,1.57648156274,0.382859808093,0.201680672269,2.01465221053,0.978545359402,0.524369747899,1.74894926439,0.849489642704,0.463865546218,0.814492905316,0.428238537847,2.33333333333,1.90196078431,0.814492905316,2.33333333333,0,0,0,0,0.164242424242,17,17,17,1,0,0.352941176471,0.411764705882,0.235294117647,17,37,0.136029411765,1.88235294118,4.35294117647,3.36363636364,2.84615384615,1.69341284359,0.389027274878,0.193958664547,2.09866904602,0.964253345467,0.518282988871,1.87867287326,0.863174022847,0.470588235294,0.786197569093,0.41766745858,2.25,1.88235294118,0.786197569093,2.25,0.166339869281,0.0612244897959,3,0.00441176470588,0.185952380952,17,17,17,1,0,0.352941176471,0.411764705882,0.235294117647,0,0,0,0,0,0,0,0,0,0,0,0,0,0,0,0,0,0,0,0,0,0,0,0,0,0,0,0,0,37,0,0,235,1,1,0,0,1,1,1,1,1,1,2,2,0,0,0,0
40,WLNM_dir_neg,1,0.5,00:00:12,10,10,5,1979945678,threshold_sweep,0.4,1,1,1,2,0,0,4,1,1,0,0,1,1,1,1,0.555555555556,1,1,1,37,35,2,0,37,0,35,0,2,17,37,0.136029411765,1.88235294118,4.35294117647,3.36363636364,2.84615384615,1.69341284359,0.389027274878,0.193958664547,2.09866904602,0.964253345467,0.518282988871,1.87867287326,0.863174022847,0.470588235294,0.786197569093,0.41766745858,2.25,1.88235294118,0.786197569093,2.25,0.166339869281,0.0612244897959,3,0.00441176470588,0.185952380952,17,17,17,1,0,0.352941176471,0.411764705882,0.235294117647,17,0.128676470588,1.90196078431,4.11764705882,3.18181818182,2.69230769231,1.57648156274,0.382859808093,0.201680672269,2.01465221053,0.978545359402,0.524369747899,1.74894926439,0.849489642704,0.463865546218,0.814492905316,0.428238537847,2.33333333333,1.90196078431,0.814492905316,2.33333333333,0,0,0,0,0.164242424242,17,17,17,1,0,0.352941176471,0.411764705882,0.235294117647,17,37,0.136029411765,1.88235294118,4.35294117647,3.36363636364,2.84615384615,1.69341284359,0.389027274878,0.193958664547,2.09866904602,0.964253345467,0.518282988871,1.87867287326,0.863174022847,0.470588235294,0.786197569093,0.41766745858,2.25,1.88235294118,0.786197569093,2.25,0.166339869281,0.0612244897959,3,0.00441176470588,0.185952380952,17,17,17,1,0,0.352941176471,0.411764705882,0.235294117647,0,0,0,0,0,0,0,0,0,0,0,0,0,0,0,0,0,0,0,0,0,0,0,0,0,0,0,0,0,37,0,0,235,1,1,0,0,1,1,1,1,1,1,2,2,0,0,0,0
41,WLNM_dir_neg,1,0.5,00:00:12,10,10,5,1979945678,threshold_sweep,0.5,1,1,1,2,0,0,4,1,1,0,0,1,1,1,1,0.555555555556,1,1,1,37,35,2,0,37,0,35,0,2,17,37,0.136029411765,1.88235294118,4.35294117647,3.36363636364,2.84615384615,1.69341284359,0.389027274878,0.193958664547,2.09866904602,0.964253345467,0.518282988871,1.87867287326,0.863174022847,0.470588235294,0.786197569093,0.41766745858,2.25,1.88235294118,0.786197569093,2.25,0.166339869281,0.0612244897959,3,0.00441176470588,0.185952380952,17,17,17,1,0,0.352941176471,0.411764705882,0.235294117647,17,0.128676470588,1.90196078431,4.11764705882,3.18181818182,2.69230769231,1.57648156274,0.382859808093,0.201680672269,2.01465221053,0.978545359402,0.524369747899,1.74894926439,0.849489642704,0.463865546218,0.814492905316,0.428238537847,2.33333333333,1.90196078431,0.814492905316,2.33333333333,0,0,0,0,0.164242424242,17,17,17,1,0,0.352941176471,0.411764705882,0.235294117647,17,37,0.136029411765,1.88235294118,4.35294117647,3.36363636364,2.84615384615,1.69341284359,0.389027274878,0.193958664547,2.09866904602,0.964253345467,0.518282988871,1.87867287326,0.863174022847,0.470588235294,0.786197569093,0.41766745858,2.25,1.88235294118,0.786197569093,2.25,0.166339869281,0.0612244897959,3,0.00441176470588,0.185952380952,17,17,17,1,0,0.352941176471,0.411764705882,0.235294117647,0,0,0,0,0,0,0,0,0,0,0,0,0,0,0,0,0,0,0,0,0,0,0,0,0,0,0,0,0,37,0,0,235,1,1,0,0,1,1,1,1,1,1,2,2,0,0,0,0
42,WLNM_dir_neg,1,0.5,00:00:12,10,10,5,1979945678,threshold_sweep,0.6,1,1,1,2,0,0,4,1,1,0,0,1,1,1,1,0.555555555556,1,1,1,37,35,2,0,37,0,35,0,2,17,37,0.136029411765,1.88235294118,4.35294117647,3.36363636364,2.84615384615,1.69341284359,0.389027274878,0.193958664547,2.09866904602,0.964253345467,0.518282988871,1.87867287326,0.863174022847,0.470588235294,0.786197569093,0.41766745858,2.25,1.88235294118,0.786197569093,2.25,0.166339869281,0.0612244897959,3,0.00441176470588,0.185952380952,17,17,17,1,0,0.352941176471,0.411764705882,0.235294117647,17,0.128676470588,1.90196078431,4.11764705882,3.18181818182,2.69230769231,1.57648156274,0.382859808093,0.201680672269,2.01465221053,0.978545359402,0.524369747899,1.74894926439,0.849489642704,0.463865546218,0.814492905316,0.428238537847,2.33333333333,1.90196078431,0.814492905316,2.33333333333,0,0,0,0,0.164242424242,17,17,17,1,0,0.352941176471,0.411764705882,0.235294117647,17,37,0.136029411765,1.88235294118,4.35294117647,3.36363636364,2.84615384615,1.69341284359,0.389027274878,0.193958664547,2.09866904602,0.964253345467,0.518282988871,1.87867287326,0.863174022847,0.470588235294,0.786197569093,0.41766745858,2.25,1.88235294118,0.786197569093,2.25,0.166339869281,0.0612244897959,3,0.00441176470588,0.185952380952,17,17,17,1,0,0.352941176471,0.411764705882,0.235294117647,0,0,0,0,0,0,0,0,0,0,0,0,0,0,0,0,0,0,0,0,0,0,0,0,0,0,0,0,0,37,0,0,235,1,1,0,0,1,1,1,1,1,1,2,2,0,0,0,0
43,WLNM_dir_neg,1,0.5,00:00:12,10,10,5,1979945678,threshold_sweep,0.7,1,1,1,2,0,0,4,1,1,0,0,1,1,1,1,0.555555555556,1,1,1,37,35,2,0,37,0,35,0,2,17,37,0.136029411765,1.88235294118,4.35294117647,3.36363636364,2.84615384615,1.69341284359,0.389027274878,0.193958664547,2.09866904602,0.964253345467,0.518282988871,1.87867287326,0.863174022847,0.470588235294,0.786197569093,0.41766745858,2.25,1.88235294118,0.786197569093,2.25,0.166339869281,0.0612244897959,3,0.00441176470588,0.185952380952,17,17,17,1,0,0.352941176471,0.411764705882,0.235294117647,17,0.128676470588,1.90196078431,4.11764705882,3.18181818182,2.69230769231,1.57648156274,0.382859808093,0.201680672269,2.01465221053,0.978545359402,0.524369747899,1.74894926439,0.849489642704,0.463865546218,0.814492905316,0.428238537847,2.33333333333,1.90196078431,0.814492905316,2.33333333333,0,0,0,0,0.164242424242,17,17,17,1,0,0.352941176471,0.411764705882,0.235294117647,17,37,0.136029411765,1.88235294118,4.35294117647,3.36363636364,2.84615384615,1.69341284359,0.389027274878,0.193958664547,2.09866904602,0.964253345467,0.518282988871,1.87867287326,0.863174022847,0.470588235294,0.786197569093,0.41766745858,2.25,1.88235294118,0.786197569093,2.25,0.166339869281,0.0612244897959,3,0.00441176470588,0.185952380952,17,17,17,1,0,0.352941176471,0.411764705882,0.235294117647,0,0,0,0,0,0,0,0,0,0,0,0,0,0,0,0,0,0,0,0,0,0,0,0,0,0,0,0,0,37,0,0,235,1,1,0,0,1,1,1,1,1,1,2,2,0,0,0,0
44,WLNM_dir_neg,1,0.5,00:00:12,10,10,5,1979945678,threshold_sweep,0.8,1,1,1,2,0,0,4,1,1,0,0,1,1,1,1,0.555555555556,1,1,1,37,35,2,0,37,0,35,0,2,17,37,0.136029411765,1.88235294118,4.35294117647,3.36363636364,2.84615384615,1.69341284359,0.389027274878,0.193958664547,2.09866904602,0.964253345467,0.518282988871,1.87867287326,0.863174022847,0.470588235294,0.786197569093,0.41766745858,2.25,1.88235294118,0.786197569093,2.25,0.166339869281,0.0612244897959,3,0.00441176470588,0.185952380952,17,17,17,1,0,0.352941176471,0.411764705882,0.235294117647,17,0.128676470588,1.90196078431,4.11764705882,3.18181818182,2.69230769231,1.57648156274,0.382859808093,0.201680672269,2.01465221053,0.978545359402,0.524369747899,1.74894926439,0.849489642704,0.463865546218,0.814492905316,0.428238537847,2.33333333333,1.90196078431,0.814492905316,2.33333333333,0,0,0,0,0.164242424242,17,17,17,1,0,0.352941176471,0.411764705882,0.235294117647,17,37,0.136029411765,1.88235294118,4.35294117647,3.36363636364,2.84615384615,1.69341284359,0.389027274878,0.193958664547,2.09866904602,0.964253345467,0.518282988871,1.87867287326,0.863174022847,0.470588235294,0.786197569093,0.41766745858,2.25,1.88235294118,0.786197569093,2.25,0.166339869281,0.0612244897959,3,0.00441176470588,0.185952380952,17,17,17,1,0,0.352941176471,0.411764705882,0.235294117647,0,0,0,0,0,0,0,0,0,0,0,0,0,0,0,0,0,0,0,0,0,0,0,0,0,0,0,0,0,37,0,0,235,1,1,0,0,1,1,1,1,1,1,2,2,0,0,0,0
45,WLNM_dir_neg,1,0.5,00:00:12,10,10,5,1979945678,threshold_sweep,0.9,1,1,1,2,0,0,4,1,1,0,0,1,1,1,1,0.555555555556,1,1,1,37,35,2,0,37,0,35,0,2,17,37,0.136029411765,1.88235294118,4.35294117647,3.36363636364,2.84615384615,1.69341284359,0.389027274878,0.193958664547,2.09866904602,0.964253345467,0.518282988871,1.87867287326,0.863174022847,0.470588235294,0.786197569093,0.41766745858,2.25,1.88235294118,0.786197569093,2.25,0.166339869281,0.0612244897959,3,0.00441176470588,0.185952380952,17,17,17,1,0,0.352941176471,0.411764705882,0.235294117647,17,0.128676470588,1.90196078431,4.11764705882,3.18181818182,2.69230769231,1.57648156274,0.382859808093,0.201680672269,2.01465221053,0.978545359402,0.524369747899,1.74894926439,0.849489642704,0.463865546218,0.814492905316,0.428238537847,2.33333333333,1.90196078431,0.814492905316,2.33333333333,0,0,0,0,0.164242424242,17,17,17,1,0,0.352941176471,0.411764705882,0.235294117647,17,37,0.136029411765,1.88235294118,4.35294117647,3.36363636364,2.84615384615,1.69341284359,0.389027274878,0.193958664547,2.09866904602,0.964253345467,0.518282988871,1.87867287326,0.863174022847,0.470588235294,0.786197569093,0.41766745858,2.25,1.88235294118,0.786197569093,2.25,0.166339869281,0.0612244897959,3,0.00441176470588,0.185952380952,17,17,17,1,0,0.352941176471,0.411764705882,0.235294117647,0,0,0,0,0,0,0,0,0,0,0,0,0,0,0,0,0,0,0,0,0,0,0,0,0,0,0,0,0,37,0,0,235,1,1,0,0,1,1,1,1,1,1,2,2,0,0,0,0
46,WLNM_dir_neg,1,0.5,00:00:12,10,10,6,1979945679,threshold_sweep,0.1,1,1,1,2,0,0,4,1,1,0,0,1,1,1,1,0.555555555556,1,1,1,37,35,2,0,37,0,35,0,2,17,37,0.136029411765,1.88235294118,4.35294117647,3.36363636364,2.84615384615,1.69341284359,0.389027274878,0.193958664547,2.09866904602,0.964253345467,0.518282988871,1.87867287326,0.863174022847,0.470588235294,0.786197569093,0.41766745858,2.25,1.88235294118,0.786197569093,2.25,0.166339869281,0.0612244897959,3,0.00441176470588,0.185952380952,17,17,17,1,0,0.352941176471,0.411764705882,0.235294117647,17,0.128676470588,1.90196078431,4.11764705882,3.18181818182,2.69230769231,1.57648156274,0.382859808093,0.201680672269,2.01465221053,0.978545359402,0.524369747899,1.74894926439,0.849489642704,0.463865546218,0.814492905316,0.428238537847,2.33333333333,1.90196078431,0.814492905316,2.33333333333,0,0,0,0,0.164242424242,17,17,17,1,0,0.352941176471,0.411764705882,0.235294117647,17,37,0.136029411765,1.88235294118,4.35294117647,3.36363636364,2.84615384615,1.69341284359,0.389027274878,0.193958664547,2.09866904602,0.964253345467,0.518282988871,1.87867287326,0.863174022847,0.470588235294,0.786197569093,0.41766745858,2.25,1.88235294118,0.786197569093,2.25,0.166339869281,0.0612244897959,3,0.00441176470588,0.185952380952,17,17,17,1,0,0.352941176471,0.411764705882,0.235294117647,0,0,0,0,0,0,0,0,0,0,0,0,0,0,0,0,0,0,0,0,0,0,0,0,0,0,0,0,0,37,0,0,235,1,1,0,0,1,1,1,1,1,1,2,2,0,0,0,0
47,WLNM_dir_neg,1,0.5,00:00:12,10,10,6,1979945679,threshold_sweep,0.2,1,1,1,2,0,0,4,1,1,0,0,1,1,1,1,0.555555555556,1,1,1,37,35,2,0,37,0,35,0,2,17,37,0.136029411765,1.88235294118,4.35294117647,3.36363636364,2.84615384615,1.69341284359,0.389027274878,0.193958664547,2.09866904602,0.964253345467,0.518282988871,1.87867287326,0.863174022847,0.470588235294,0.786197569093,0.41766745858,2.25,1.88235294118,0.786197569093,2.25,0.166339869281,0.0612244897959,3,0.00441176470588,0.185952380952,17,17,17,1,0,0.352941176471,0.411764705882,0.235294117647,17,0.128676470588,1.90196078431,4.11764705882,3.18181818182,2.69230769231,1.57648156274,0.382859808093,0.201680672269,2.01465221053,0.978545359402,0.524369747899,1.74894926439,0.849489642704,0.463865546218,0.814492905316,0.428238537847,2.33333333333,1.90196078431,0.814492905316,2.33333333333,0,0,0,0,0.164242424242,17,17,17,1,0,0.352941176471,0.411764705882,0.235294117647,17,37,0.136029411765,1.88235294118,4.35294117647,3.36363636364,2.84615384615,1.69341284359,0.389027274878,0.193958664547,2.09866904602,0.964253345467,0.518282988871,1.87867287326,0.863174022847,0.470588235294,0.786197569093,0.41766745858,2.25,1.88235294118,0.786197569093,2.25,0.166339869281,0.0612244897959,3,0.00441176470588,0.185952380952,17,17,17,1,0,0.352941176471,0.411764705882,0.235294117647,0,0,0,0,0,0,0,0,0,0,0,0,0,0,0,0,0,0,0,0,0,0,0,0,0,0,0,0,0,37,0,0,235,1,1,0,0,1,1,1,1,1,1,2,2,0,0,0,0
48,WLNM_dir_neg,1,0.5,00:00:12,10,10,6,1979945679,threshold_sweep,0.3,1,1,1,2,0,0,4,1,1,0,0,1,1,1,1,0.555555555556,1,1,1,37,35,2,0,37,0,35,0,2,17,37,0.136029411765,1.88235294118,4.35294117647,3.36363636364,2.84615384615,1.69341284359,0.389027274878,0.193958664547,2.09866904602,0.964253345467,0.518282988871,1.87867287326,0.863174022847,0.470588235294,0.786197569093,0.41766745858,2.25,1.88235294118,0.786197569093,2.25,0.166339869281,0.0612244897959,3,0.00441176470588,0.185952380952,17,17,17,1,0,0.352941176471,0.411764705882,0.235294117647,17,0.128676470588,1.90196078431,4.11764705882,3.18181818182,2.69230769231,1.57648156274,0.382859808093,0.201680672269,2.01465221053,0.978545359402,0.524369747899,1.74894926439,0.849489642704,0.463865546218,0.814492905316,0.428238537847,2.33333333333,1.90196078431,0.814492905316,2.33333333333,0,0,0,0,0.164242424242,17,17,17,1,0,0.352941176471,0.411764705882,0.235294117647,17,37,0.136029411765,1.88235294118,4.35294117647,3.36363636364,2.84615384615,1.69341284359,0.389027274878,0.193958664547,2.09866904602,0.964253345467,0.518282988871,1.87867287326,0.863174022847,0.470588235294,0.786197569093,0.41766745858,2.25,1.88235294118,0.786197569093,2.25,0.166339869281,0.0612244897959,3,0.00441176470588,0.185952380952,17,17,17,1,0,0.352941176471,0.411764705882,0.235294117647,0,0,0,0,0,0,0,0,0,0,0,0,0,0,0,0,0,0,0,0,0,0,0,0,0,0,0,0,0,37,0,0,235,1,1,0,0,1,1,1,1,1,1,2,2,0,0,0,0
49,WLNM_dir_neg,1,0.5,00:00:12,10,10,6,1979945679,threshold_sweep,0.4,1,1,1,2,0,0,4,1,1,0,0,1,1,1,1,0.555555555556,1,1,1,37,35,2,0,37,0,35,0,2,17,37,0.136029411765,1.88235294118,4.35294117647,3.36363636364,2.84615384615,1.69341284359,0.389027274878,0.193958664547,2.09866904602,0.964253345467,0.518282988871,1.87867287326,0.863174022847,0.470588235294,0.786197569093,0.41766745858,2.25,1.88235294118,0.786197569093,2.25,0.166339869281,0.0612244897959,3,0.00441176470588,0.185952380952,17,17,17,1,0,0.352941176471,0.411764705882,0.235294117647,17,0.128676470588,1.90196078431,4.11764705882,3.18181818182,2.69230769231,1.57648156274,0.382859808093,0.201680672269,2.01465221053,0.978545359402,0.524369747899,1.74894926439,0.849489642704,0.463865546218,0.814492905316,0.428238537847,2.33333333333,1.90196078431,0.814492905316,2.33333333333,0,0,0,0,0.164242424242,17,17,17,1,0,0.352941176471,0.411764705882,0.235294117647,17,37,0.136029411765,1.88235294118,4.35294117647,3.36363636364,2.84615384615,1.69341284359,0.389027274878,0.193958664547,2.09866904602,0.964253345467,0.518282988871,1.87867287326,0.863174022847,0.470588235294,0.786197569093,0.41766745858,2.25,1.88235294118,0.786197569093,2.25,0.166339869281,0.0612244897959,3,0.00441176470588,0.185952380952,17,17,17,1,0,0.352941176471,0.411764705882,0.235294117647,0,0,0,0,0,0,0,0,0,0,0,0,0,0,0,0,0,0,0,0,0,0,0,0,0,0,0,0,0,37,0,0,235,1,1,0,0,1,1,1,1,1,1,2,2,0,0,0,0
50,WLNM_dir_neg,1,0.5,00:00:12,10,10,6,1979945679,threshold_sweep,0.5,1,1,1,2,0,0,4,1,1,0,0,1,1,1,1,0.555555555556,1,1,1,37,35,2,0,37,0,35,0,2,17,37,0.136029411765,1.88235294118,4.35294117647,3.36363636364,2.84615384615,1.69341284359,0.389027274878,0.193958664547,2.09866904602,0.964253345467,0.518282988871,1.87867287326,0.863174022847,0.470588235294,0.786197569093,0.41766745858,2.25,1.88235294118,0.786197569093,2.25,0.166339869281,0.0612244897959,3,0.00441176470588,0.185952380952,17,17,17,1,0,0.352941176471,0.411764705882,0.235294117647,17,0.128676470588,1.90196078431,4.11764705882,3.18181818182,2.69230769231,1.57648156274,0.382859808093,0.201680672269,2.01465221053,0.978545359402,0.524369747899,1.74894926439,0.849489642704,0.463865546218,0.814492905316,0.428238537847,2.33333333333,1.90196078431,0.814492905316,2.33333333333,0,0,0,0,0.164242424242,17,17,17,1,0,0.352941176471,0.411764705882,0.235294117647,17,37,0.136029411765,1.88235294118,4.35294117647,3.36363636364,2.84615384615,1.69341284359,0.389027274878,0.193958664547,2.09866904602,0.964253345467,0.518282988871,1.87867287326,0.863174022847,0.470588235294,0.786197569093,0.41766745858,2.25,1.88235294118,0.786197569093,2.25,0.166339869281,0.0612244897959,3,0.00441176470588,0.185952380952,17,17,17,1,0,0.352941176471,0.411764705882,0.235294117647,0,0,0,0,0,0,0,0,0,0,0,0,0,0,0,0,0,0,0,0,0,0,0,0,0,0,0,0,0,37,0,0,235,1,1,0,0,1,1,1,1,1,1,2,2,0,0,0,0
51,WLNM_dir_neg,1,0.5,00:00:12,10,10,6,1979945679,threshold_sweep,0.6,1,1,1,2,0,0,4,1,1,0,0,1,1,1,1,0.555555555556,1,1,1,37,35,2,0,37,0,35,0,2,17,37,0.136029411765,1.88235294118,4.35294117647,3.36363636364,2.84615384615,1.69341284359,0.389027274878,0.193958664547,2.09866904602,0.964253345467,0.518282988871,1.87867287326,0.863174022847,0.470588235294,0.786197569093,0.41766745858,2.25,1.88235294118,0.786197569093,2.25,0.166339869281,0.0612244897959,3,0.00441176470588,0.185952380952,17,17,17,1,0,0.352941176471,0.411764705882,0.235294117647,17,0.128676470588,1.90196078431,4.11764705882,3.18181818182,2.69230769231,1.57648156274,0.382859808093,0.201680672269,2.01465221053,0.978545359402,0.524369747899,1.74894926439,0.849489642704,0.463865546218,0.814492905316,0.428238537847,2.33333333333,1.90196078431,0.814492905316,2.33333333333,0,0,0,0,0.164242424242,17,17,17,1,0,0.352941176471,0.411764705882,0.235294117647,17,37,0.136029411765,1.88235294118,4.35294117647,3.36363636364,2.84615384615,1.69341284359,0.389027274878,0.193958664547,2.09866904602,0.964253345467,0.518282988871,1.87867287326,0.863174022847,0.470588235294,0.786197569093,0.41766745858,2.25,1.88235294118,0.786197569093,2.25,0.166339869281,0.0612244897959,3,0.00441176470588,0.185952380952,17,17,17,1,0,0.352941176471,0.411764705882,0.235294117647,0,0,0,0,0,0,0,0,0,0,0,0,0,0,0,0,0,0,0,0,0,0,0,0,0,0,0,0,0,37,0,0,235,1,1,0,0,1,1,1,1,1,1,2,2,0,0,0,0
52,WLNM_dir_neg,1,0.5,00:00:12,10,10,6,1979945679,threshold_sweep,0.7,1,0.5,0.666666666667,1,0,1,4,0.5,1,0,0.5,1,0.5,0.666666666667,0.833333333333,0.611111111111,0.571428571429,0.632455532034,0.5,37,35,2,0,37,0,35,0,2,17,37,0.136029411765,1.88235294118,4.35294117647,3.36363636364,2.84615384615,1.69341284359,0.389027274878,0.193958664547,2.09866904602,0.964253345467,0.518282988871,1.87867287326,0.863174022847,0.470588235294,0.786197569093,0.41766745858,2.25,1.88235294118,0.786197569093,2.25,0.166339869281,0.0612244897959,3,0.00441176470588,0.185952380952,17,17,17,1,0,0.352941176471,0.411764705882,0.235294117647,17,0.128676470588,1.90196078431,4.11764705882,3.18181818182,2.69230769231,1.57648156274,0.382859808093,0.201680672269,2.01465221053,0.978545359402,0.524369747899,1.74894926439,0.849489642704,0.463865546218,0.814492905316,0.428238537847,2.33333333333,1.90196078431,0.814492905316,2.33333333333,0,0,0,0,0.164242424242,17,17,17,1,0,0.352941176471,0.411764705882,0.235294117647,17,36,0.132352941176,1.89705882353,4.23529411765,3.27272727273,2.76923076923,1.71498585143,0.40492721492,0.204248366013,2.05798302171,0.971825315808,0.522875816993,1.79869233546,0.849382491746,0.464052287582,0.805541469338,0.424626510969,2.25,1.89705882353,0.805541469338,2.25,0.0702614379085,0.0214285714286,1,0.00147058823529,0.175454545455,17,17,17,1,0,0.352941176471,0.411764705882,0.235294117647,-1,-0.00367647058824,0.0147058823529,-0.117647058824,-0.0909090909091,-0.0769230769231,0.0215730078386,0.0158999400418,0.0102897014662,-0.0406860243059,0.00757197034072,0.00459282812224,-0.0799805377942,-0.0137915311015,-0.00653594771242,0.0193439002456,0.00695905238854,0,0.0147058823529,0.0193439002456,0,-0.0960784313725,-0.0397959183673,-2,-0.00294117647059,-0.0104978354978,0,0,0,36,0,1,235,0.972972972973,1,0,0.027027027027,1,0.972972972973,0.986301369863,0.984301887704,0.972972972973,0.972972972973,1,2,0,0,0,0
53,WLNM_dir_neg,1,0.5,00:00:12,10,10,6,1979945679,threshold_sweep,0.8,1,0.5,0.666666666667,1,0,1,4,0.5,1,0,0.5,1,0.5,0.666666666667,0.833333333333,0.611111111111,0.571428571429,0.632455532034,0.5,37,35,2,0,37,0,35,0,2,17,37,0.136029411765,1.88235294118,4.35294117647,3.36363636364,2.84615384615,1.69341284359,0.389027274878,0.193958664547,2.09866904602,0.964253345467,0.518282988871,1.87867287326,0.863174022847,0.470588235294,0.786197569093,0.41766745858,2.25,1.88235294118,0.786197569093,2.25,0.166339869281,0.0612244897959,3,0.00441176470588,0.185952380952,17,17,17,1,0,0.352941176471,0.411764705882,0.235294117647,17,0.128676470588,1.90196078431,4.11764705882,3.18181818182,2.69230769231,1.57648156274,0.382859808093,0.201680672269,2.01465221053,0.978545359402,0.524369747899,1.74894926439,0.849489642704,0.463865546218,0.814492905316,0.428238537847,2.33333333333,1.90196078431,0.814492905316,2.33333333333,0,0,0,0,0.164242424242,17,17,17,1,0,0.352941176471,0.411764705882,0.235294117647,17,36,0.132352941176,1.89705882353,4.23529411765,3.27272727273,2.76923076923,1.71498585143,0.40492721492,0.204248366013,2.05798302171,0.971825315808,0.522875816993,1.79869233546,0.849382491746,0.464052287582,0.805541469338,0.424626510969,2.25,1.89705882353,0.805541469338,2.25,0.0702614379085,0.0214285714286,1,0.00147058823529,0.175454545455,17,17,17,1,0,0.352941176471,0.411764705882,0.235294117647,-1,-0.00367647058824,0.0147058823529,-0.117647058824,-0.0909090909091,-0.0769230769231,0.0215730078386,0.0158999400418,0.0102897014662,-0.0406860243059,0.00757197034072,0.00459282812224,-0.0799805377942,-0.0137915311015,-0.00653594771242,0.0193439002456,0.00695905238854,0,0.0147058823529,0.0193439002456,0,-0.0960784313725,-0.0397959183673,-2,-0.00294117647059,-0.0104978354978,0,0,0,36,0,1,235,0.972972972973,1,0,0.027027027027,1,0.972972972973,0.986301369863,0.984301887704,0.972972972973,0.972972972973,1,2,0,0,0,0
54,WLNM_dir_neg,1,0.5,00:00:12,10,10,6,1979945679,threshold_sweep,0.9,1,0.5,0.666666666667,1,0,1,4,0.5,1,0,0.5,1,0.5,0.666666666667,0.833333333333,0.611111111111,0.571428571429,0.632455532034,0.5,37,35,2,0,37,0,35,0,2,17,37,0.136029411765,1.88235294118,4.35294117647,3.36363636364,2.84615384615,1.69341284359,0.389027274878,0.193958664547,2.09866904602,0.964253345467,0.518282988871,1.87867287326,0.863174022847,0.470588235294,0.786197569093,0.41766745858,2.25,1.88235294118,0.786197569093,2.25,0.166339869281,0.0612244897959,3,0.00441176470588,0.185952380952,17,17,17,1,0,0.352941176471,0.411764705882,0.235294117647,17,0.128676470588,1.90196078431,4.11764705882,3.18181818182,2.69230769231,1.57648156274,0.382859808093,0.201680672269,2.01465221053,0.978545359402,0.524369747899,1.74894926439,0.849489642704,0.463865546218,0.814492905316,0.428238537847,2.33333333333,1.90196078431,0.814492905316,2.33333333333,0,0,0,0,0.164242424242,17,17,17,1,0,0.352941176471,0.411764705882,0.235294117647,17,36,0.132352941176,1.89705882353,4.23529411765,3.27272727273,2.76923076923,1.71498585143,0.40492721492,0.204248366013,2.05798302171,0.971825315808,0.522875816993,1.79869233546,0.849382491746,0.464052287582,0.805541469338,0.424626510969,2.25,1.89705882353,0.805541469338,2.25,0.0702614379085,0.0214285714286,1,0.00147058823529,0.175454545455,17,17,17,1,0,0.352941176471,0.411764705882,0.235294117647,-1,-0.00367647058824,0.0147058823529,-0.117647058824,-0.0909090909091,-0.0769230769231,0.0215730078386,0.0158999400418,0.0102897014662,-0.0406860243059,0.00757197034072,0.00459282812224,-0.0799805377942,-0.0137915311015,-0.00653594771242,0.0193439002456,0.00695905238854,0,0.0147058823529,0.0193439002456,0,-0.0960784313725,-0.0397959183673,-2,-0.00294117647059,-0.0104978354978,0,0,0,36,0,1,235,0.972972972973,1,0,0.027027027027,1,0.972972972973,0.986301369863,0.984301887704,0.972972972973,0.972972972973,1,2,0,0,0,0
55,WLNM_dir_neg,0.875,0.291666666667,00:00:12,10,10,7,1979945680,threshold_sweep,0.1,0.666666666667,1,0.8,2,1,0,3,1,0.75,0.25,0,0.666666666667,1,0.8,0.833333333333,0.5,0.666666666667,0.707106781187,0.75,37,35,2,0,37,0,35,0,2,17,37,0.136029411765,1.88235294118,4.35294117647,3.36363636364,2.84615384615,1.69341284359,0.389027274878,0.193958664547,2.09866904602,0.964253345467,0.518282988871,1.87867287326,0.863174022847,0.470588235294,0.786197569093,0.41766745858,2.25,1.88235294118,0.786197569093,2.25,0.166339869281,0.0612244897959,3,0.00441176470588,0.185952380952,17,17,17,1,0,0.352941176471,0.411764705882,0.235294117647,17,0.128676470588,1.90196078431,4.11764705882,3.18181818182,2.69230769231,1.57648156274,0.382859808093,0.201680672269,2.01465221053,0.978545359402,0.524369747899,1.74894926439,0.849489642704,0.463865546218,0.814492905316,0.428238537847,2.33333333333,1.90196078431,0.814492905316,2.33333333333,0,0,0,0,0.164242424242,17,17,17,1,0,0.352941176471,0.411764705882,0.235294117647,17,38,0.139705882353,1.9,4.47058823529,3.45454545455,2.71428571429,1.73629084037,0.388380845872,0.198142414861,2.1368613597,0.955964292498,0.510835913313,1.82103719638,0.814674535221,0.442724458204,0.795298686029,0.418578255805,2.25,1.9,0.795298686029,2.25,0.217320261438,0.115384615385,6,0.00882352941176,0.17867965368,17,17,17,1,0,0.352941176471,0.470588235294,0.176470588235,1,0.00367647058824,0.0176470588235,0.117647058824,0.0909090909091,-0.131868131868,0.0428779967836,-0.000646429005719,0.00418375031378,0.0381923136861,-0.00828905296849,-0.00744707555853,-0.0576356768785,-0.0484994876259,-0.0278637770898,0.00910111693678,0.000910797224492,0,0.0176470588235,0.00910111693678,0,0.0509803921569,0.0541601255887,3,0.00441176470588,-0.00727272727273,0,0.0588235294118,-0.0588235294118,37,1,0,234,1,0.995744680851,0.00425531914894,0,0.973684210526,1,0.986666666667,0.984652666406,0.995744680851,0.973684210526,3,2,0,0,0,0
56,WLNM_dir_neg,0.875,0.291666666667,00:00:12,10,10,7,1979945680,threshold_sweep,0.2,0.666666666667,1,0.8,2,1,0,3,1,0.75,0.25,0,0.666666666667,1,0.8,0.833333333333,0.5,0.666666666667,0.707106781187,0.75,37,35,2,0,37,0,35,0,2,17,37,0.136029411765,1.88235294118,4.35294117647,3.36363636364,2.84615384615,1.69341284359,0.389027274878,0.193958664547,2.09866904602,0.964253345467,0.518282988871,1.87867287326,0.863174022847,0.470588235294,0.786197569093,0.41766745858,2.25,1.88235294118,0.786197569093,2.25,0.166339869281,0.0612244897959,3,0.00441176470588,0.185952380952,17,17,17,1,0,0.352941176471,0.411764705882,0.235294117647,17,0.128676470588,1.90196078431,4.11764705882,3.18181818182,2.69230769231,1.57648156274,0.382859808093,0.201680672269,2.01465221053,0.978545359402,0.524369747899,1.74894926439,0.849489642704,0.463865546218,0.814492905316,0.428238537847,2.33333333333,1.90196078431,0.814492905316,2.33333333333,0,0,0,0,0.164242424242,17,17,17,1,0,0.352941176471,0.411764705882,0.235294117647,17,38,0.139705882353,1.9,4.47058823529,3.45454545455,2.71428571429,1.73629084037,0.388380845872,0.198142414861,2.1368613597,0.955964292498,0.510835913313,1.82103719638,0.814674535221,0.442724458204,0.795298686029,0.418578255805,2.25,1.9,0.795298686029,2.25,0.217320261438,0.115384615385,6,0.00882352941176,0.17867965368,17,17,17,1,0,0.352941176471,0.470588235294,0.176470588235,1,0.00367647058824,0.0176470588235,0.117647058824,0.0909090909091,-0.131868131868,0.0428779967836,-0.000646429005719,0.00418375031378,0.0381923136861,-0.00828905296849,-0.00744707555853,-0.0576356768785,-0.0484994876259,-0.0278637770898,0.00910111693678,0.000910797224492,0,0.0176470588235,0.00910111693678,0,0.0509803921569,0.0541601255887,3,0.00441176470588,-0.00727272727273,0,0.0588235294118,-0.0588235294118,37,1,0,234,1,0.995744680851,0.00425531914894,0,0.973684210526,1,0.986666666667,0.984652666406,0.995744680851,0.973684210526,3,2,0,0,0,0
57,WLNM_dir_neg,0.875,0.291666666667,00:00:12,10,10,7,1979945680,threshold_sweep,0.3,0.666666666667,1,0.8,2,1,0,3,1,0.75,0.25,0,0.666666666667,1,0.8,0.833333333333,0.5,0.666666666667,0.707106781187,0.75,37,35,2,0,37,0,35,0,2,17,37,0.136029411765,1.88235294118,4.35294117647,3.36363636364,2.84615384615,1.69341284359,0.389027274878,0.193958664547,2.09866904602,0.964253345467,0.518282988871,1.87867287326,0.863174022847,0.470588235294,0.786197569093,0.41766745858,2.25,1.88235294118,0.786197569093,2.25,0.166339869281,0.0612244897959,3,0.00441176470588,0.185952380952,17,17,17,1,0,0.352941176471,0.411764705882,0.235294117647,17,0.128676470588,1.90196078431,4.11764705882,3.18181818182,2.69230769231,1.57648156274,0.382859808093,0.201680672269,2.01465221053,0.978545359402,0.524369747899,1.74894926439,0.849489642704,0.463865546218,0.814492905316,0.428238537847,2.33333333333,1.90196078431,0.814492905316,2.33333333333,0,0,0,0,0.164242424242,17,17,17,1,0,0.352941176471,0.411764705882,0.235294117647,17,38,0.139705882353,1.9,4.47058823529,3.45454545455,2.71428571429,1.73629084037,0.388380845872,0.198142414861,2.1368613597,0.955964292498,0.510835913313,1.82103719638,0.814674535221,0.442724458204,0.795298686029,0.418578255805,2.25,1.9,0.795298686029,2.25,0.217320261438,0.115384615385,6,0.00882352941176,0.17867965368,17,17,17,1,0,0.352941176471,0.470588235294,0.176470588235,1,0.00367647058824,0.0176470588235,0.117647058824,0.0909090909091,-0.131868131868,0.0428779967836,-0.000646429005719,0.00418375031378,0.0381923136861,-0.00828905296849,-0.00744707555853,-0.0576356768785,-0.0484994876259,-0.0278637770898,0.00910111693678,0.000910797224492,0,0.0176470588235,0.00910111693678,0,0.0509803921569,0.0541601255887,3,0.00441176470588,-0.00727272727273,0,0.0588235294118,-0.0588235294118,37,1,0,234,1,0.995744680851,0.00425531914894,0,0.973684210526,1,0.986666666667,0.984652666406,0.995744680851,0.973684210526,3,2,0,0,0,0
58,WLNM_dir_neg,0.875,0.291666666667,00:00:12,10,10,7,1979945680,threshold_sweep,0.4,0.666666666667,1,0.8,2,1,0,3,1,0.75,0.25,0,0.666666666667,1,0.8,0.833333333333,0.5,0.666666666667,0.707106781187,0.75,37,35,2,0,37,0,35,0,2,17,37,0.136029411765,1.88235294118,4.35294117647,3.36363636364,2.84615384615,1.69341284359,0.389027274878,0.193958664547,2.09866904602,0.964253345467,0.518282988871,1.87867287326,0.863174022847,0.470588235294,0.786197569093,0.41766745858,2.25,1.88235294118,0.786197569093,2.25,0.166339869281,0.0612244897959,3,0.00441176470588,0.185952380952,17,17,17,1,0,0.352941176471,0.411764705882,0.235294117647,17,0.128676470588,1.90196078431,4.11764705882,3.18181818182,2.69230769231,1.57648156274,0.382859808093,0.201680672269,2.01465221053,0.978545359402,0.524369747899,1.74894926439,0.849489642704,0.463865546218,0.814492905316,0.428238537847,2.33333333333,1.90196078431,0.814492905316,2.33333333333,0,0,0,0,0.164242424242,17,17,17,1,0,0.352941176471,0.411764705882,0.235294117647,17,38,0.139705882353,1.9,4.47058823529,3.45454545455,2.71428571429,1.73629084037,0.388380845872,0.198142414861,2.1368613597,0.955964292498,0.510835913313,1.82103719638,0.814674535221,0.442724458204,0.795298686029,0.418578255805,2.25,1.9,0.795298686029,2.25,0.217320261438,0.115384615385,6,0.00882352941176,0.17867965368,17,17,17,1,0,0.352941176471,0.470588235294,0.176470588235,1,0.00367647058824,0.0176470588235,0.117647058824,0.0909090909091,-0.131868131868,0.0428779967836,-0.000646429005719,0.00418375031378,0.0381923136861,-0.00828905296849,-0.00744707555853,-0.0576356768785,-0.0484994876259,-0.0278637770898,0.00910111693678,0.000910797224492,0,0.0176470588235,0.00910111693678,0,0.0509803921569,0.0541601255887,3,0.00441176470588,-0.00727272727273,0,0.0588235294118,-0.0588235294118,37,1,0,234,1,0.995744680851,0.00425531914894,0,0.973684210526,1,0.986666666667,0.984652666406,0.995744680851,0.973684210526,3,2,0,0,0,0
59,WLNM_dir_neg,0.875,0.291666666667,00:00:12,10,10,7,1979945680,threshold_sweep,0.5,0.666666666667,1,0.8,2,1,0,3,1,0.75,0.25,0,0.666666666667,1,0.8,0.833333333333,0.5,0.666666666667,0.707106781187,0.75,37,35,2,0,37,0,35,0,2,17,37,0.136029411765,1.88235294118,4.35294117647,3.36363636364,2.84615384615,1.69341284359,0.389027274878,0.193958664547,2.09866904602,0.964253345467,0.518282988871,1.87867287326,0.863174022847,0.470588235294,0.786197569093,0.41766745858,2.25,1.88235294118,0.786197569093,2.25,0.166339869281,0.0612244897959,3,0.00441176470588,0.185952380952,17,17,17,1,0,0.352941176471,0.411764705882,0.235294117647,17,0.128676470588,1.90196078431,4.11764705882,3.18181818182,2.69230769231,1.57648156274,0.382859808093,0.201680672269,2.01465221053,0.978545359402,0.524369747899,1.74894926439,0.849489642704,0.463865546218,0.814492905316,0.428238537847,2.33333333333,1.90196078431,0.814492905316,2.33333333333,0,0,0,0,0.164242424242,17,17,17,1,0,0.352941176471,0.411764705882,0.235294117647,17,38,0.139705882353,1.9,4.47058823529,3.45454545455,2.71428571429,1.73629084037,0.388380845872,0.198142414861,2.1368613597,0.955964292498,0.510835913313,1.82103719638,0.814674535221,0.442724458204,0.795298686029,0.418578255805,2.25,1.9,0.795298686029,2.25,0.217320261438,0.115384615385,6,0.00882352941176,0.17867965368,17,17,17,1,0,0.352941176471,0.470588235294,0.176470588235,1,0.00367647058824,0.0176470588235,0.117647058824,0.0909090909091,-0.131868131868,0.0428779967836,-0.000646429005719,0.00418375031378,0.0381923136861,-0.00828905296849,-0.00744707555853,-0.0576356768785,-0.0484994876259,-0.0278637770898,0.00910111693678,0.000910797224492,0,0.0176470588235,0.00910111693678,0,0.0509803921569,0.0541601255887,3,0.00441176470588,-0.00727272727273,0,0.0588235294118,-0.0588235294118,37,1,0,234,1,0.995744680851,0.00425531914894,0,0.973684210526,1,0.986666666667,0.984652666406,0.995744680851,0.973684210526,3,2,0,0,0,0
60,WLNM_dir_neg,0.875,0.291666666667,00:00:12,10,10,7,1979945680,threshold_sweep,0.6,0.666666666667,1,0.8,2,1,0,3,1,0.75,0.25,0,0.666666666667,1,0.8,0.833333333333,0.5,0.666666666667,0.707106781187,0.75,37,35,2,0,37,0,35,0,2,17,37,0.136029411765,1.88235294118,4.35294117647,3.36363636364,2.84615384615,1.69341284359,0.389027274878,0.193958664547,2.09866904602,0.964253345467,0.518282988871,1.87867287326,0.863174022847,0.470588235294,0.786197569093,0.41766745858,2.25,1.88235294118,0.786197569093,2.25,0.166339869281,0.0612244897959,3,0.00441176470588,0.185952380952,17,17,17,1,0,0.352941176471,0.411764705882,0.235294117647,17,0.128676470588,1.90196078431,4.11764705882,3.18181818182,2.69230769231,1.57648156274,0.382859808093,0.201680672269,2.01465221053,0.978545359402,0.524369747899,1.74894926439,0.849489642704,0.463865546218,0.814492905316,0.428238537847,2.33333333333,1.90196078431,0.814492905316,2.33333333333,0,0,0,0,0.164242424242,17,17,17,1,0,0.352941176471,0.411764705882,0.235294117647,17,38,0.139705882353,1.9,4.47058823529,3.45454545455,2.71428571429,1.73629084037,0.388380845872,0.198142414861,2.1368613597,0.955964292498,0.510835913313,1.82103719638,0.814674535221,0.442724458204,0.795298686029,0.418578255805,2.25,1.9,0.795298686029,2.25,0.217320261438,0.115384615385,6,0.00882352941176,0.17867965368,17,17,17,1,0,0.352941176471,0.470588235294,0.176470588235,1,0.00367647058824,0.0176470588235,0.117647058824,0.0909090909091,-0.131868131868,0.0428779967836,-0.000646429005719,0.00418375031378,0.0381923136861,-0.00828905296849,-0.00744707555853,-0.0576356768785,-0.0484994876259,-0.0278637770898,0.00910111693678,0.000910797224492,0,0.0176470588235,0.00910111693678,0,0.0509803921569,0.0541601255887,3,0.00441176470588,-0.00727272727273,0,0.0588235294118,-0.0588235294118,37,1,0,234,1,0.995744680851,0.00425531914894,0,0.973684210526,1,0.986666666667,0.984652666406,0.995744680851,0.973684210526,3,2,0,0,0,0
61,WLNM_dir_neg,0.875,0.291666666667,00:00:12,10,10,7,1979945680,threshold_sweep,0.7,0.666666666667,1,0.8,2,1,0,3,1,0.75,0.25,0,0.666666666667,1,0.8,0.833333333333,0.5,0.666666666667,0.707106781187,0.75,37,35,2,0,37,0,35,0,2,17,37,0.136029411765,1.88235294118,4.35294117647,3.36363636364,2.84615384615,1.69341284359,0.389027274878,0.193958664547,2.09866904602,0.964253345467,0.518282988871,1.87867287326,0.863174022847,0.470588235294,0.786197569093,0.41766745858,2.25,1.88235294118,0.786197569093,2.25,0.166339869281,0.0612244897959,3,0.00441176470588,0.185952380952,17,17,17,1,0,0.352941176471,0.411764705882,0.235294117647,17,0.128676470588,1.90196078431,4.11764705882,3.18181818182,2.69230769231,1.57648156274,0.382859808093,0.201680672269,2.01465221053,0.978545359402,0.524369747899,1.74894926439,0.849489642704,0.463865546218,0.814492905316,0.428238537847,2.33333333333,1.90196078431,0.814492905316,2.33333333333,0,0,0,0,0.164242424242,17,17,17,1,0,0.352941176471,0.411764705882,0.235294117647,17,38,0.139705882353,1.9,4.47058823529,3.45454545455,2.71428571429,1.73629084037,0.388380845872,0.198142414861,2.1368613597,0.955964292498,0.510835913313,1.82103719638,0.814674535221,0.442724458204,0.795298686029,0.418578255805,2.25,1.9,0.795298686029,2.25,0.217320261438,0.115384615385,6,0.00882352941176,0.17867965368,17,17,17,1,0,0.352941176471,0.470588235294,0.176470588235,1,0.00367647058824,0.0176470588235,0.117647058824,0.0909090909091,-0.131868131868,0.0428779967836,-0.000646429005719,0.00418375031378,0.0381923136861,-0.00828905296849,-0.00744707555853,-0.0576356768785,-0.0484994876259,-0.0278637770898,0.00910111693678,0.000910797224492,0,0.0176470588235,0.00910111693678,0,0.0509803921569,0.0541601255887,3,0.00441176470588,-0.00727272727273,0,0.0588235294118,-0.0588235294118,37,1,0,234,1,0.995744680851,0.00425531914894,0,0.973684210526,1,0.986666666667,0.984652666406,0.995744680851,0.973684210526,3,2,0,0,0,0
62,WLNM_dir_neg,0.875,0.291666666667,00:00:12,10,10,7,1979945680,threshold_sweep,0.8,0.666666666667,1,0.8,2,1,0,3,1,0.75,0.25,0,0.666666666667,1,0.8,0.833333333333,0.5,0.666666666667,0.707106781187,0.75,37,35,2,0,37,0,35,0,2,17,37,0.136029411765,1.88235294118,4.35294117647,3.36363636364,2.84615384615,1.69341284359,0.389027274878,0.193958664547,2.09866904602,0.964253345467,0.518282988871,1.87867287326,0.863174022847,0.470588235294,0.786197569093,0.41766745858,2.25,1.88235294118,0.786197569093,2.25,0.166339869281,0.0612244897959,3,0.00441176470588,0.185952380952,17,17,17,1,0,0.352941176471,0.411764705882,0.235294117647,17,0.128676470588,1.90196078431,4.11764705882,3.18181818182,2.69230769231,1.57648156274,0.382859808093,0.201680672269,2.01465221053,0.978545359402,0.524369747899,1.74894926439,0.849489642704,0.463865546218,0.814492905316,0.428238537847,2.33333333333,1.90196078431,0.814492905316,2.33333333333,0,0,0,0,0.164242424242,17,17,17,1,0,0.352941176471,0.411764705882,0.235294117647,17,38,0.139705882353,1.9,4.47058823529,3.45454545455,2.71428571429,1.73629084037,0.388380845872,0.198142414861,2.1368613597,0.955964292498,0.510835913313,1.82103719638,0.814674535221,0.442724458204,0.795298686029,0.418578255805,2.25,1.9,0.795298686029,2.25,0.217320261438,0.115384615385,6,0.00882352941176,0.17867965368,17,17,17,1,0,0.352941176471,0.470588235294,0.176470588235,1,0.00367647058824,0.0176470588235,0.117647058824,0.0909090909091,-0.131868131868,0.0428779967836,-0.000646429005719,0.00418375031378,0.0381923136861,-0.00828905296849,-0.00744707555853,-0.0576356768785,-0.0484994876259,-0.0278637770898,0.00910111693678,0.000910797224492,0,0.0176470588235,0.00910111693678,0,0.0509803921569,0.0541601255887,3,0.00441176470588,-0.00727272727273,0,0.0588235294118,-0.0588235294118,37,1,0,234,1,0.995744680851,0.00425531914894,0,0.973684210526,1,0.986666666667,0.984652666406,0.995744680851,0.973684210526,3,2,0,0,0,0
63,WLNM_dir_neg,0.875,0.291666666667,00:00:12,10,10,7,1979945680,threshold_sweep,0.9,0.666666666667,1,0.8,2,1,0,3,1,0.75,0.25,0,0.666666666667,1,0.8,0.833333333333,0.5,0.666666666667,0.707106781187,0.75,37,35,2,0,37,0,35,0,2,17,37,0.136029411765,1.88235294118,4.35294117647,3.36363636364,2.84615384615,1.69341284359,0.389027274878,0.193958664547,2.09866904602,0.964253345467,0.518282988871,1.87867287326,0.863174022847,0.470588235294,0.786197569093,0.41766745858,2.25,1.88235294118,0.786197569093,2.25,0.166339869281,0.0612244897959,3,0.00441176470588,0.185952380952,17,17,17,1,0,0.352941176471,0.411764705882,0.235294117647,17,0.128676470588,1.90196078431,4.11764705882,3.18181818182,2.69230769231,1.57648156274,0.382859808093,0.201680672269,2.01465221053,0.978545359402,0.524369747899,1.74894926439,0.849489642704,0.463865546218,0.814492905316,0.428238537847,2.33333333333,1.90196078431,0.814492905316,2.33333333333,0,0,0,0,0.164242424242,17,17,17,1,0,0.352941176471,0.411764705882,0.235294117647,17,38,0.139705882353,1.9,4.47058823529,3.45454545455,2.71428571429,1.73629084037,0.388380845872,0.198142414861,2.1368613597,0.955964292498,0.510835913313,1.82103719638,0.814674535221,0.442724458204,0.795298686029,0.418578255805,2.25,1.9,0.795298686029,2.25,0.217320261438,0.115384615385,6,0.00882352941176,0.17867965368,17,17,17,1,0,0.352941176471,0.470588235294,0.176470588235,1,0.00367647058824,0.0176470588235,0.117647058824,0.0909090909091,-0.131868131868,0.0428779967836,-0.000646429005719,0.00418375031378,0.0381923136861,-0.00828905296849,-0.00744707555853,-0.0576356768785,-0.0484994876259,-0.0278637770898,0.00910111693678,0.000910797224492,0,0.0176470588235,0.00910111693678,0,0.0509803921569,0.0541601255887,3,0.00441176470588,-0.00727272727273,0,0.0588235294118,-0.0588235294118,37,1,0,234,1,0.995744680851,0.00425531914894,0,0.973684210526,1,0.986666666667,0.984652666406,0.995744680851,0.973684210526,3,2,0,0,0,0
64,WLNM_dir_neg,1,0.5,00:00:12,10,10,8,1979945681,threshold_sweep,0.1,1,1,1,2,0,0,4,1,1,0,0,1,1,1,1,0.555555555556,1,1,1,37,35,2,0,37,0,35,0,2,17,37,0.136029411765,1.88235294118,4.35294117647,3.36363636364,2.84615384615,1.69341284359,0.389027274878,0.193958664547,2.09866904602,0.964253345467,0.518282988871,1.87867287326,0.863174022847,0.470588235294,0.786197569093,0.41766745858,2.25,1.88235294118,0.786197569093,2.25,0.166339869281,0.0612244897959,3,0.00441176470588,0.185952380952,17,17,17,1,0,0.352941176471,0.411764705882,0.235294117647,17,0.128676470588,1.90196078431,4.11764705882,3.18181818182,2.69230769231,1.57648156274,0.382859808093,0.201680672269,2.01465221053,0.978545359402,0.524369747899,1.74894926439,0.849489642704,0.463865546218,0.814492905316,0.428238537847,2.33333333333,1.90196078431,0.814492905316,2.33333333333,0,0,0,0,0.164242424242,17,17,17,1,0,0.352941176471,0.411764705882,0.235294117647,17,37,0.136029411765,1.88235294118,4.35294117647,3.36363636364,2.84615384615,1.69341284359,0.389027274878,0.193958664547,2.09866904602,0.964253345467,0.518282988871,1.87867287326,0.863174022847,0.470588235294,0.786197569093,0.41766745858,2.25,1.88235294118,0.786197569093,2.25,0.166339869281,0.0612244897959,3,0.00441176470588,0.185952380952,17,17,17,1,0,0.352941176471,0.411764705882,0.235294117647,0,0,0,0,0,0,0,0,0,0,0,0,0,0,0,0,0,0,0,0,0,0,0,0,0,0,0,0,0,37,0,0,235,1,1,0,0,1,1,1,1,1,1,2,2,0,0,0,0
65,WLNM_dir_neg,1,0.5,00:00:12,10,10,8,1979945681,threshold_sweep,0.2,1,1,1,2,0,0,4,1,1,0,0,1,1,1,1,0.555555555556,1,1,1,37,35,2,0,37,0,35,0,2,17,37,0.136029411765,1.88235294118,4.35294117647,3.36363636364,2.84615384615,1.69341284359,0.389027274878,0.193958664547,2.09866904602,0.964253345467,0.518282988871,1.87867287326,0.863174022847,0.470588235294,0.786197569093,0.41766745858,2.25,1.88235294118,0.786197569093,2.25,0.166339869281,0.0612244897959,3,0.00441176470588,0.185952380952,17,17,17,1,0,0.352941176471,0.411764705882,0.235294117647,17,0.128676470588,1.90196078431,4.11764705882,3.18181818182,2.69230769231,1.57648156274,0.382859808093,0.201680672269,2.01465221053,0.978545359402,0.524369747899,1.74894926439,0.849489642704,0.463865546218,0.814492905316,0.428238537847,2.33333333333,1.90196078431,0.814492905316,2.33333333333,0,0,0,0,0.164242424242,17,17,17,1,0,0.352941176471,0.411764705882,0.235294117647,17,37,0.136029411765,1.88235294118,4.35294117647,3.36363636364,2.84615384615,1.69341284359,0.389027274878,0.193958664547,2.09866904602,0.964253345467,0.518282988871,1.87867287326,0.863174022847,0.470588235294,0.786197569093,0.41766745858,2.25,1.88235294118,0.786197569093,2.25,0.166339869281,0.0612244897959,3,0.00441176470588,0.185952380952,17,17,17,1,0,0.352941176471,0.411764705882,0.235294117647,0,0,0,0,0,0,0,0,0,0,0,0,0,0,0,0,0,0,0,0,0,0,0,0,0,0,0,0,0,37,0,0,235,1,1,0,0,1,1,1,1,1,1,2,2,0,0,0,0
66,WLNM_dir_neg,1,0.5,00:00:12,10,10,8,1979945681,threshold_sweep,0.3,1,1,1,2,0,0,4,1,1,0,0,1,1,1,1,0.555555555556,1,1,1,37,35,2,0,37,0,35,0,2,17,37,0.136029411765,1.88235294118,4.35294117647,3.36363636364,2.84615384615,1.69341284359,0.389027274878,0.193958664547,2.09866904602,0.964253345467,0.518282988871,1.87867287326,0.863174022847,0.470588235294,0.786197569093,0.41766745858,2.25,1.88235294118,0.786197569093,2.25,0.166339869281,0.0612244897959,3,0.00441176470588,0.185952380952,17,17,17,1,0,0.352941176471,0.411764705882,0.235294117647,17,0.128676470588,1.90196078431,4.11764705882,3.18181818182,2.69230769231,1.57648156274,0.382859808093,0.201680672269,2.01465221053,0.978545359402,0.524369747899,1.74894926439,0.849489642704,0.463865546218,0.814492905316,0.428238537847,2.33333333333,1.90196078431,0.814492905316,2.33333333333,0,0,0,0,0.164242424242,17,17,17,1,0,0.352941176471,0.411764705882,0.235294117647,17,37,0.136029411765,1.88235294118,4.35294117647,3.36363636364,2.84615384615,1.69341284359,0.389027274878,0.193958664547,2.09866904602,0.964253345467,0.518282988871,1.87867287326,0.863174022847,0.470588235294,0.786197569093,0.41766745858,2.25,1.88235294118,0.786197569093,2.25,0.166339869281,0.0612244897959,3,0.00441176470588,0.185952380952,17,17,17,1,0,0.352941176471,0.411764705882,0.235294117647,0,0,0,0,0,0,0,0,0,0,0,0,0,0,0,0,0,0,0,0,0,0,0,0,0,0,0,0,0,37,0,0,235,1,1,0,0,1,1,1,1,1,1,2,2,0,0,0,0
67,WLNM_dir_neg,1,0.5,00:00:12,10,10,8,1979945681,threshold_sweep,0.4,1,1,1,2,0,0,4,1,1,0,0,1,1,1,1,0.555555555556,1,1,1,37,35,2,0,37,0,35,0,2,17,37,0.136029411765,1.88235294118,4.35294117647,3.36363636364,2.84615384615,1.69341284359,0.389027274878,0.193958664547,2.09866904602,0.964253345467,0.518282988871,1.87867287326,0.863174022847,0.470588235294,0.786197569093,0.41766745858,2.25,1.88235294118,0.786197569093,2.25,0.166339869281,0.0612244897959,3,0.00441176470588,0.185952380952,17,17,17,1,0,0.352941176471,0.411764705882,0.235294117647,17,0.128676470588,1.90196078431,4.11764705882,3.18181818182,2.69230769231,1.57648156274,0.382859808093,0.201680672269,2.01465221053,0.978545359402,0.524369747899,1.74894926439,0.849489642704,0.463865546218,0.814492905316,0.428238537847,2.33333333333,1.90196078431,0.814492905316,2.33333333333,0,0,0,0,0.164242424242,17,17,17,1,0,0.352941176471,0.411764705882,0.235294117647,17,37,0.136029411765,1.88235294118,4.35294117647,3.36363636364,2.84615384615,1.69341284359,0.389027274878,0.193958664547,2.09866904602,0.964253345467,0.518282988871,1.87867287326,0.863174022847,0.470588235294,0.786197569093,0.41766745858,2.25,1.88235294118,0.786197569093,2.25,0.166339869281,0.0612244897959,3,0.00441176470588,0.185952380952,17,17,17,1,0,0.352941176471,0.411764705882,0.235294117647,0,0,0,0,0,0,0,0,0,0,0,0,0,0,0,0,0,0,0,0,0,0,0,0,0,0,0,0,0,37,0,0,235,1,1,0,0,1,1,1,1,1,1,2,2,0,0,0,0
68,WLNM_dir_neg,1,0.5,00:00:12,10,10,8,1979945681,threshold_sweep,0.5,1,1,1,2,0,0,4,1,1,0,0,1,1,1,1,0.555555555556,1,1,1,37,35,2,0,37,0,35,0,2,17,37,0.136029411765,1.88235294118,4.35294117647,3.36363636364,2.84615384615,1.69341284359,0.389027274878,0.193958664547,2.09866904602,0.964253345467,0.518282988871,1.87867287326,0.863174022847,0.470588235294,0.786197569093,0.41766745858,2.25,1.88235294118,0.786197569093,2.25,0.166339869281,0.0612244897959,3,0.00441176470588,0.185952380952,17,17,17,1,0,0.352941176471,0.411764705882,0.235294117647,17,0.128676470588,1.90196078431,4.11764705882,3.18181818182,2.69230769231,1.57648156274,0.382859808093,0.201680672269,2.01465221053,0.978545359402,0.524369747899,1.74894926439,0.849489642704,0.463865546218,0.814492905316,0.428238537847,2.33333333333,1.90196078431,0.814492905316,2.33333333333,0,0,0,0,0.164242424242,17,17,17,1,0,0.352941176471,0.411764705882,0.235294117647,17,37,0.136029411765,1.88235294118,4.35294117647,3.36363636364,2.84615384615,1.69341284359,0.389027274878,0.193958664547,2.09866904602,0.964253345467,0.518282988871,1.87867287326,0.863174022847,0.470588235294,0.786197569093,0.41766745858,2.25,1.88235294118,0.786197569093,2.25,0.166339869281,0.0612244897959,3,0.00441176470588,0.185952380952,17,17,17,1,0,0.352941176471,0.411764705882,0.235294117647,0,0,0,0,0,0,0,0,0,0,0,0,0,0,0,0,0,0,0,0,0,0,0,0,0,0,0,0,0,37,0,0,235,1,1,0,0,1,1,1,1,1,1,2,2,0,0,0,0
69,WLNM_dir_neg,1,0.5,00:00:12,10,10,8,1979945681,threshold_sweep,0.6,1,1,1,2,0,0,4,1,1,0,0,1,1,1,1,0.555555555556,1,1,1,37,35,2,0,37,0,35,0,2,17,37,0.136029411765,1.88235294118,4.35294117647,3.36363636364,2.84615384615,1.69341284359,0.389027274878,0.193958664547,2.09866904602,0.964253345467,0.518282988871,1.87867287326,0.863174022847,0.470588235294,0.786197569093,0.41766745858,2.25,1.88235294118,0.786197569093,2.25,0.166339869281,0.0612244897959,3,0.00441176470588,0.185952380952,17,17,17,1,0,0.352941176471,0.411764705882,0.235294117647,17,0.128676470588,1.90196078431,4.11764705882,3.18181818182,2.69230769231,1.57648156274,0.382859808093,0.201680672269,2.01465221053,0.978545359402,0.524369747899,1.74894926439,0.849489642704,0.463865546218,0.814492905316,0.428238537847,2.33333333333,1.90196078431,0.814492905316,2.33333333333,0,0,0,0,0.164242424242,17,17,17,1,0,0.352941176471,0.411764705882,0.235294117647,17,37,0.136029411765,1.88235294118,4.35294117647,3.36363636364,2.84615384615,1.69341284359,0.389027274878,0.193958664547,2.09866904602,0.964253345467,0.518282988871,1.87867287326,0.863174022847,0.470588235294,0.786197569093,0.41766745858,2.25,1.88235294118,0.786197569093,2.25,0.166339869281,0.0612244897959,3,0.00441176470588,0.185952380952,17,17,17,1,0,0.352941176471,0.411764705882,0.235294117647,0,0,0,0,0,0,0,0,0,0,0,0,0,0,0,0,0,0,0,0,0,0,0,0,0,0,0,0,0,37,0,0,235,1,1,0,0,1,1,1,1,1,1,2,2,0,0,0,0
70,WLNM_dir_neg,1,0.5,00:00:12,10,10,8,1979945681,threshold_sweep,0.7,1,1,1,2,0,0,4,1,1,0,0,1,1,1,1,0.555555555556,1,1,1,37,35,2,0,37,0,35,0,2,17,37,0.136029411765,1.88235294118,4.35294117647,3.36363636364,2.84615384615,1.69341284359,0.389027274878,0.193958664547,2.09866904602,0.964253345467,0.518282988871,1.87867287326,0.863174022847,0.470588235294,0.786197569093,0.41766745858,2.25,1.88235294118,0.786197569093,2.25,0.166339869281,0.0612244897959,3,0.00441176470588,0.185952380952,17,17,17,1,0,0.352941176471,0.411764705882,0.235294117647,17,0.128676470588,1.90196078431,4.11764705882,3.18181818182,2.69230769231,1.57648156274,0.382859808093,0.201680672269,2.01465221053,0.978545359402,0.524369747899,1.74894926439,0.849489642704,0.463865546218,0.814492905316,0.428238537847,2.33333333333,1.90196078431,0.814492905316,2.33333333333,0,0,0,0,0.164242424242,17,17,17,1,0,0.352941176471,0.411764705882,0.235294117647,17,37,0.136029411765,1.88235294118,4.35294117647,3.36363636364,2.84615384615,1.69341284359,0.389027274878,0.193958664547,2.09866904602,0.964253345467,0.518282988871,1.87867287326,0.863174022847,0.470588235294,0.786197569093,0.41766745858,2.25,1.88235294118,0.786197569093,2.25,0.166339869281,0.0612244897959,3,0.00441176470588,0.185952380952,17,17,17,1,0,0.352941176471,0.411764705882,0.235294117647,0,0,0,0,0,0,0,0,0,0,0,0,0,0,0,0,0,0,0,0,0,0,0,0,0,0,0,0,0,37,0,0,235,1,1,0,0,1,1,1,1,1,1,2,2,0,0,0,0
71,WLNM_dir_neg,1,0.5,00:00:12,10,10,8,1979945681,threshold_sweep,0.8,1,1,1,2,0,0,4,1,1,0,0,1,1,1,1,0.555555555556,1,1,1,37,35,2,0,37,0,35,0,2,17,37,0.136029411765,1.88235294118,4.35294117647,3.36363636364,2.84615384615,1.69341284359,0.389027274878,0.193958664547,2.09866904602,0.964253345467,0.518282988871,1.87867287326,0.863174022847,0.470588235294,0.786197569093,0.41766745858,2.25,1.88235294118,0.786197569093,2.25,0.166339869281,0.0612244897959,3,0.00441176470588,0.185952380952,17,17,17,1,0,0.352941176471,0.411764705882,0.235294117647,17,0.128676470588,1.90196078431,4.11764705882,3.18181818182,2.69230769231,1.57648156274,0.382859808093,0.201680672269,2.01465221053,0.978545359402,0.524369747899,1.74894926439,0.849489642704,0.463865546218,0.814492905316,0.428238537847,2.33333333333,1.90196078431,0.814492905316,2.33333333333,0,0,0,0,0.164242424242,17,17,17,1,0,0.352941176471,0.411764705882,0.235294117647,17,37,0.136029411765,1.88235294118,4.35294117647,3.36363636364,2.84615384615,1.69341284359,0.389027274878,0.193958664547,2.09866904602,0.964253345467,0.518282988871,1.87867287326,0.863174022847,0.470588235294,0.786197569093,0.41766745858,2.25,1.88235294118,0.786197569093,2.25,0.166339869281,0.0612244897959,3,0.00441176470588,0.185952380952,17,17,17,1,0,0.352941176471,0.411764705882,0.235294117647,0,0,0,0,0,0,0,0,0,0,0,0,0,0,0,0,0,0,0,0,0,0,0,0,0,0,0,0,0,37,0,0,235,1,1,0,0,1,1,1,1,1,1,2,2,0,0,0,0
72,WLNM_dir_neg,1,0.5,00:00:12,10,10,8,1979945681,threshold_sweep,0.9,1,1,1,2,0,0,4,1,1,0,0,1,1,1,1,0.555555555556,1,1,1,37,35,2,0,37,0,35,0,2,17,37,0.136029411765,1.88235294118,4.35294117647,3.36363636364,2.84615384615,1.69341284359,0.389027274878,0.193958664547,2.09866904602,0.964253345467,0.518282988871,1.87867287326,0.863174022847,0.470588235294,0.786197569093,0.41766745858,2.25,1.88235294118,0.786197569093,2.25,0.166339869281,0.0612244897959,3,0.00441176470588,0.185952380952,17,17,17,1,0,0.352941176471,0.411764705882,0.235294117647,17,0.128676470588,1.90196078431,4.11764705882,3.18181818182,2.69230769231,1.57648156274,0.382859808093,0.201680672269,2.01465221053,0.978545359402,0.524369747899,1.74894926439,0.849489642704,0.463865546218,0.814492905316,0.428238537847,2.33333333333,1.90196078431,0.814492905316,2.33333333333,0,0,0,0,0.164242424242,17,17,17,1,0,0.352941176471,0.411764705882,0.235294117647,17,37,0.136029411765,1.88235294118,4.35294117647,3.36363636364,2.84615384615,1.69341284359,0.389027274878,0.193958664547,2.09866904602,0.964253345467,0.518282988871,1.87867287326,0.863174022847,0.470588235294,0.786197569093,0.41766745858,2.25,1.88235294118,0.786197569093,2.25,0.166339869281,0.0612244897959,3,0.00441176470588,0.185952380952,17,17,17,1,0,0.352941176471,0.411764705882,0.235294117647,0,0,0,0,0,0,0,0,0,0,0,0,0,0,0,0,0,0,0,0,0,0,0,0,0,0,0,0,0,37,0,0,235,1,1,0,0,1,1,1,1,1,1,2,2,0,0,0,0
73,WLNM_dir_neg,1,0.5,00:00:12,10,10,9,1979945682,threshold_sweep,0.1,0.5,1,0.666666666667,2,2,0,2,1,0.5,0.5,0,0.5,1,0.666666666667,0.666666666667,0.444444444444,0.4,0.5,0.5,37,35,2,0,37,0,35,0,2,17,37,0.136029411765,1.88235294118,4.35294117647,3.36363636364,2.84615384615,1.69341284359,0.389027274878,0.193958664547,2.09866904602,0.964253345467,0.518282988871,1.87867287326,0.863174022847,0.470588235294,0.786197569093,0.41766745858,2.25,1.88235294118,0.786197569093,2.25,0.166339869281,0.0612244897959,3,0.00441176470588,0.185952380952,17,17,17,1,0,0.352941176471,0.411764705882,0.235294117647,17,0.128676470588,1.90196078431,4.11764705882,3.18181818182,2.69230769231,1.57648156274,0.382859808093,0.201680672269,2.01465221053,0.978545359402,0.524369747899,1.74894926439,0.849489642704,0.463865546218,0.814492905316,0.428238537847,2.33333333333,1.90196078431,0.814492905316,2.33333333333,0,0,0,0,0.164242424242,17,17,17,1,0,0.352941176471,0.411764705882,0.235294117647,17,39,0.143382352941,2.05548128342,4.58823529412,3.25,2.78571428571,1.8391174354,0.400833287202,0.196078431373,2.14373231428,0.934447419046,0.506787330317,1.92888263907,0.840794996516,0.455505279035,0.877229692635,0.426775811441,2.59090909091,2.05548128342,0.877229692635,2.59090909091,0.162418300654,0.0584415584416,3,0.00441176470588,0.185876623377,17,17,17,1,0,0.294117647059,0.529411764706,0.176470588235,2,0.00735294117647,0.173128342246,0.235294117647,-0.113636363636,-0.0604395604396,0.145704591809,0.0118060123237,0.00211976682565,0.0450632682653,-0.0298059264211,-0.0114956585545,0.0502097658116,-0.0223790263307,-0.0150829562594,0.0910321235429,0.00910835286106,0.340909090909,0.173128342246,0.0910321235429,0.340909090909,-0.00392156862745,-0.00278293135436,0,0,-7.57575757576e-05,-0.0588235294118,0.117647058824,-0.0588235294118,37,2,0,233,1,0.991489361702,0.00851063829787,0,0.948717948718,1,0.973684210526,0.969867905134,0.991489361702,0.948717948718,4,2,0,0,0,0
74,WLNM_dir_neg,1,0.5,00:00:12,10,10,9,1979945682,threshold_sweep,0.2,0.666666666667,1,0.8,2,1,0,3,1,0.75,0.25,0,0.666666666667,1,0.8,0.833333333333,0.5,0.666666666667,0.707106781187,0.75,37,35,2,0,37,0,35,0,2,17,37,0.136029411765,1.88235294118,4.35294117647,3.36363636364,2.84615384615,1.69341284359,0.389027274878,0.193958664547,2.09866904602,0.964253345467,0.518282988871,1.87867287326,0.863174022847,0.470588235294,0.786197569093,0.41766745858,2.25,1.88235294118,0.786197569093,2.25,0.166339869281,0.0612244897959,3,0.00441176470588,0.185952380952,17,17,17,1,0,0.352941176471,0.411764705882,0.235294117647,17,0.128676470588,1.90196078431,4.11764705882,3.18181818182,2.69230769231,1.57648156274,0.382859808093,0.201680672269,2.01465221053,0.978545359402,0.524369747899,1.74894926439,0.849489642704,0.463865546218,0.814492905316,0.428238537847,2.33333333333,1.90196078431,0.814492905316,2.33333333333,0,0,0,0,0.164242424242,17,17,17,1,0,0.352941176471,0.411764705882,0.235294117647,17,38,0.139705882353,1.95334224599,4.47058823529,3.45454545455,2.71428571429,1.87475488594,0.419353066592,0.201238390093,2.19457888229,0.981785289445,0.529411764706,1.82103719638,0.814674535221,0.442724458204,0.870642232038,0.445719245476,2.45454545455,1.95334224599,0.870642232038,2.45454545455,0.166339869281,0.0612244897959,3,0.00441176470588,0.178506493506,17,17,17,1,0,0.352941176471,0.470588235294,0.176470588235,1,0.00367647058824,0.0709893048128,0.117647058824,0.0909090909091,-0.131868131868,0.181342042353,0.0303257917137,0.00727972554598,0.0959098362728,0.0175319439782,0.0111287758347,-0.0576356768785,-0.0484994876259,-0.0278637770898,0.0844446629454,0.0280517868952,0.204545454545,0.0709893048128,0.0844446629454,0.204545454545,0,0,0,0,-0.00744588744589,0,0.0588235294118,-0.0588235294118,37,1,0,234,1,0.995744680851,0.00425531914894,0,0.973684210526,1,0.986666666667,0.984652666406,0.995744680851,0.973684210526,3,2,0,0,0,0
75,WLNM_dir_neg,1,0.5,00:00:12,10,10,9,1979945682,threshold_sweep,0.3,0.666666666667,1,0.8,2,1,0,3,1,0.75,0.25,0,0.666666666667,1,0.8,0.833333333333,0.5,0.666666666667,0.707106781187,0.75,37,35,2,0,37,0,35,0,2,17,37,0.136029411765,1.88235294118,4.35294117647,3.36363636364,2.84615384615,1.69341284359,0.389027274878,0.193958664547,2.09866904602,0.964253345467,0.518282988871,1.87867287326,0.863174022847,0.470588235294,0.786197569093,0.41766745858,2.25,1.88235294118,0.786197569093,2.25,0.166339869281,0.0612244897959,3,0.00441176470588,0.185952380952,17,17,17,1,0,0.352941176471,0.411764705882,0.235294117647,17,0.128676470588,1.90196078431,4.11764705882,3.18181818182,2.69230769231,1.57648156274,0.382859808093,0.201680672269,2.01465221053,0.978545359402,0.524369747899,1.74894926439,0.849489642704,0.463865546218,0.814492905316,0.428238537847,2.33333333333,1.90196078431,0.814492905316,2.33333333333,0,0,0,0,0.164242424242,17,17,17,1,0,0.352941176471,0.411764705882,0.235294117647,17,38,0.139705882353,1.95334224599,4.47058823529,3.45454545455,2.71428571429,1.87475488594,0.419353066592,0.201238390093,2.19457888229,0.981785289445,0.529411764706,1.82103719638,0.814674535221,0.442724458204,0.870642232038,0.445719245476,2.45454545455,1.95334224599,0.870642232038,2.45454545455,0.166339869281,0.0612244897959,3,0.00441176470588,0.178506493506,17,17,17,1,0,0.352941176471,0.470588235294,0.176470588235,1,0.00367647058824,0.0709893048128,0.117647058824,0.0909090909091,-0.131868131868,0.181342042353,0.0303257917137,0.00727972554598,0.0959098362728,0.0175319439782,0.0111287758347,-0.0576356768785,-0.0484994876259,-0.0278637770898,0.0844446629454,0.0280517868952,0.204545454545,0.0709893048128,0.0844446629454,0.204545454545,0,0,0,0,-0.00744588744589,0,0.0588235294118,-0.0588235294118,37,1,0,234,1,0.995744680851,0.00425531914894,0,0.973684210526,1,0.986666666667,0.984652666406,0.995744680851,0.973684210526,3,2,0,0,0,0
76,WLNM_dir_neg,1,0.5,00:00:12,10,10,9,1979945682,threshold_sweep,0.4,0.666666666667,1,0.8,2,1,0,3,1,0.75,0.25,0,0.666666666667,1,0.8,0.833333333333,0.5,0.666666666667,0.707106781187,0.75,37,35,2,0,37,0,35,0,2,17,37,0.136029411765,1.88235294118,4.35294117647,3.36363636364,2.84615384615,1.69341284359,0.389027274878,0.193958664547,2.09866904602,0.964253345467,0.518282988871,1.87867287326,0.863174022847,0.470588235294,0.786197569093,0.41766745858,2.25,1.88235294118,0.786197569093,2.25,0.166339869281,0.0612244897959,3,0.00441176470588,0.185952380952,17,17,17,1,0,0.352941176471,0.411764705882,0.235294117647,17,0.128676470588,1.90196078431,4.11764705882,3.18181818182,2.69230769231,1.57648156274,0.382859808093,0.201680672269,2.01465221053,0.978545359402,0.524369747899,1.74894926439,0.849489642704,0.463865546218,0.814492905316,0.428238537847,2.33333333333,1.90196078431,0.814492905316,2.33333333333,0,0,0,0,0.164242424242,17,17,17,1,0,0.352941176471,0.411764705882,0.235294117647,17,38,0.139705882353,1.95334224599,4.47058823529,3.45454545455,2.71428571429,1.87475488594,0.419353066592,0.201238390093,2.19457888229,0.981785289445,0.529411764706,1.82103719638,0.814674535221,0.442724458204,0.870642232038,0.445719245476,2.45454545455,1.95334224599,0.870642232038,2.45454545455,0.166339869281,0.0612244897959,3,0.00441176470588,0.178506493506,17,17,17,1,0,0.352941176471,0.470588235294,0.176470588235,1,0.00367647058824,0.0709893048128,0.117647058824,0.0909090909091,-0.131868131868,0.181342042353,0.0303257917137,0.00727972554598,0.0959098362728,0.0175319439782,0.0111287758347,-0.0576356768785,-0.0484994876259,-0.0278637770898,0.0844446629454,0.0280517868952,0.204545454545,0.0709893048128,0.0844446629454,0.204545454545,0,0,0,0,-0.00744588744589,0,0.0588235294118,-0.0588235294118,37,1,0,234,1,0.995744680851,0.00425531914894,0,0.973684210526,1,0.986666666667,0.984652666406,0.995744680851,0.973684210526,3,2,0,0,0,0
77,WLNM_dir_neg,1,0.5,00:00:12,10,10,9,1979945682,threshold_sweep,0.5,0.666666666667,1,0.8,2,1,0,3,1,0.75,0.25,0,0.666666666667,1,0.8,0.833333333333,0.5,0.666666666667,0.707106781187,0.75,37,35,2,0,37,0,35,0,2,17,37,0.136029411765,1.88235294118,4.35294117647,3.36363636364,2.84615384615,1.69341284359,0.389027274878,0.193958664547,2.09866904602,0.964253345467,0.518282988871,1.87867287326,0.863174022847,0.470588235294,0.786197569093,0.41766745858,2.25,1.88235294118,0.786197569093,2.25,0.166339869281,0.0612244897959,3,0.00441176470588,0.185952380952,17,17,17,1,0,0.352941176471,0.411764705882,0.235294117647,17,0.128676470588,1.90196078431,4.11764705882,3.18181818182,2.69230769231,1.57648156274,0.382859808093,0.201680672269,2.01465221053,0.978545359402,0.524369747899,1.74894926439,0.849489642704,0.463865546218,0.814492905316,0.428238537847,2.33333333333,1.90196078431,0.814492905316,2.33333333333,0,0,0,0,0.164242424242,17,17,17,1,0,0.352941176471,0.411764705882,0.235294117647,17,38,0.139705882353,1.95334224599,4.47058823529,3.45454545455,2.71428571429,1.87475488594,0.419353066592,0.201238390093,2.19457888229,0.981785289445,0.529411764706,1.82103719638,0.814674535221,0.442724458204,0.870642232038,0.445719245476,2.45454545455,1.95334224599,0.870642232038,2.45454545455,0.166339869281,0.0612244897959,3,0.00441176470588,0.178506493506,17,17,17,1,0,0.352941176471,0.470588235294,0.176470588235,1,0.00367647058824,0.0709893048128,0.117647058824,0.0909090909091,-0.131868131868,0.181342042353,0.0303257917137,0.00727972554598,0.0959098362728,0.0175319439782,0.0111287758347,-0.0576356768785,-0.0484994876259,-0.0278637770898,0.0844446629454,0.0280517868952,0.204545454545,0.0709893048128,0.0844446629454,0.204545454545,0,0,0,0,-0.00744588744589,0,0.0588235294118,-0.0588235294118,37,1,0,234,1,0.995744680851,0.00425531914894,0,0.973684210526,1,0.986666666667,0.984652666406,0.995744680851,0.973684210526,3,2,0,0,0,0
78,WLNM_dir_neg,1,0.5,00:00:12,10,10,9,1979945682,threshold_sweep,0.6,0.666666666667,1,0.8,2,1,0,3,1,0.75,0.25,0,0.666666666667,1,0.8,0.833333333333,0.5,0.666666666667,0.707106781187,0.75,37,35,2,0,37,0,35,0,2,17,37,0.136029411765,1.88235294118,4.35294117647,3.36363636364,2.84615384615,1.69341284359,0.389027274878,0.193958664547,2.09866904602,0.964253345467,0.518282988871,1.87867287326,0.863174022847,0.470588235294,0.786197569093,0.41766745858,2.25,1.88235294118,0.786197569093,2.25,0.166339869281,0.0612244897959,3,0.00441176470588,0.185952380952,17,17,17,1,0,0.352941176471,0.411764705882,0.235294117647,17,0.128676470588,1.90196078431,4.11764705882,3.18181818182,2.69230769231,1.57648156274,0.382859808093,0.201680672269,2.01465221053,0.978545359402,0.524369747899,1.74894926439,0.849489642704,0.463865546218,0.814492905316,0.428238537847,2.33333333333,1.90196078431,0.814492905316,2.33333333333,0,0,0,0,0.164242424242,17,17,17,1,0,0.352941176471,0.411764705882,0.235294117647,17,38,0.139705882353,1.95334224599,4.47058823529,3.45454545455,2.71428571429,1.87475488594,0.419353066592,0.201238390093,2.19457888229,0.981785289445,0.529411764706,1.82103719638,0.814674535221,0.442724458204,0.870642232038,0.445719245476,2.45454545455,1.95334224599,0.870642232038,2.45454545455,0.166339869281,0.0612244897959,3,0.00441176470588,0.178506493506,17,17,17,1,0,0.352941176471,0.470588235294,0.176470588235,1,0.00367647058824,0.0709893048128,0.117647058824,0.0909090909091,-0.131868131868,0.181342042353,0.0303257917137,0.00727972554598,0.0959098362728,0.0175319439782,0.0111287758347,-0.0576356768785,-0.0484994876259,-0.0278637770898,0.0844446629454,0.0280517868952,0.204545454545,0.0709893048128,0.0844446629454,0.204545454545,0,0,0,0,-0.00744588744589,0,0.0588235294118,-0.0588235294118,37,1,0,234,1,0.995744680851,0.00425531914894,0,0.973684210526,1,0.986666666667,0.984652666406,0.995744680851,0.973684210526,3,2,0,0,0,0
79,WLNM_dir_neg,1,0.5,00:00:12,10,10,9,1979945682,threshold_sweep,0.7,0.666666666667,1,0.8,2,1,0,3,1,0.75,0.25,0,0.666666666667,1,0.8,0.833333333333,0.5,0.666666666667,0.707106781187,0.75,37,35,2,0,37,0,35,0,2,17,37,0.136029411765,1.88235294118,4.35294117647,3.36363636364,2.84615384615,1.69341284359,0.389027274878,0.193958664547,2.09866904602,0.964253345467,0.518282988871,1.87867287326,0.863174022847,0.470588235294,0.786197569093,0.41766745858,2.25,1.88235294118,0.786197569093,2.25,0.166339869281,0.0612244897959,3,0.00441176470588,0.185952380952,17,17,17,1,0,0.352941176471,0.411764705882,0.235294117647,17,0.128676470588,1.90196078431,4.11764705882,3.18181818182,2.69230769231,1.57648156274,0.382859808093,0.201680672269,2.01465221053,0.978545359402,0.524369747899,1.74894926439,0.849489642704,0.463865546218,0.814492905316,0.428238537847,2.33333333333,1.90196078431,0.814492905316,2.33333333333,0,0,0,0,0.164242424242,17,17,17,1,0,0.352941176471,0.411764705882,0.235294117647,17,38,0.139705882353,1.95334224599,4.47058823529,3.45454545455,2.71428571429,1.87475488594,0.419353066592,0.201238390093,2.19457888229,0.981785289445,0.529411764706,1.82103719638,0.814674535221,0.442724458204,0.870642232038,0.445719245476,2.45454545455,1.95334224599,0.870642232038,2.45454545455,0.166339869281,0.0612244897959,3,0.00441176470588,0.178506493506,17,17,17,1,0,0.352941176471,0.470588235294,0.176470588235,1,0.00367647058824,0.0709893048128,0.117647058824,0.0909090909091,-0.131868131868,0.181342042353,0.0303257917137,0.00727972554598,0.0959098362728,0.0175319439782,0.0111287758347,-0.0576356768785,-0.0484994876259,-0.0278637770898,0.0844446629454,0.0280517868952,0.204545454545,0.0709893048128,0.0844446629454,0.204545454545,0,0,0,0,-0.00744588744589,0,0.0588235294118,-0.0588235294118,37,1,0,234,1,0.995744680851,0.00425531914894,0,0.973684210526,1,0.986666666667,0.984652666406,0.995744680851,0.973684210526,3,2,0,0,0,0
80,WLNM_dir_neg,1,0.5,00:00:12,10,10,9,1979945682,threshold_sweep,0.8,0.666666666667,1,0.8,2,1,0,3,1,0.75,0.25,0,0.666666666667,1,0.8,0.833333333333,0.5,0.666666666667,0.707106781187,0.75,37,35,2,0,37,0,35,0,2,17,37,0.136029411765,1.88235294118,4.35294117647,3.36363636364,2.84615384615,1.69341284359,0.389027274878,0.193958664547,2.09866904602,0.964253345467,0.518282988871,1.87867287326,0.863174022847,0.470588235294,0.786197569093,0.41766745858,2.25,1.88235294118,0.786197569093,2.25,0.166339869281,0.0612244897959,3,0.00441176470588,0.185952380952,17,17,17,1,0,0.352941176471,0.411764705882,0.235294117647,17,0.128676470588,1.90196078431,4.11764705882,3.18181818182,2.69230769231,1.57648156274,0.382859808093,0.201680672269,2.01465221053,0.978545359402,0.524369747899,1.74894926439,0.849489642704,0.463865546218,0.814492905316,0.428238537847,2.33333333333,1.90196078431,0.814492905316,2.33333333333,0,0,0,0,0.164242424242,17,17,17,1,0,0.352941176471,0.411764705882,0.235294117647,17,38,0.139705882353,1.95334224599,4.47058823529,3.45454545455,2.71428571429,1.87475488594,0.419353066592,0.201238390093,2.19457888229,0.981785289445,0.529411764706,1.82103719638,0.814674535221,0.442724458204,0.870642232038,0.445719245476,2.45454545455,1.95334224599,0.870642232038,2.45454545455,0.166339869281,0.0612244897959,3,0.00441176470588,0.178506493506,17,17,17,1,0,0.352941176471,0.470588235294,0.176470588235,1,0.00367647058824,0.0709893048128,0.117647058824,0.0909090909091,-0.131868131868,0.181342042353,0.0303257917137,0.00727972554598,0.0959098362728,0.0175319439782,0.0111287758347,-0.0576356768785,-0.0484994876259,-0.0278637770898,0.0844446629454,0.0280517868952,0.204545454545,0.0709893048128,0.0844446629454,0.204545454545,0,0,0,0,-0.00744588744589,0,0.0588235294118,-0.0588235294118,37,1,0,234,1,0.995744680851,0.00425531914894,0,0.973684210526,1,0.986666666667,0.984652666406,0.995744680851,0.973684210526,3,2,0,0,0,0
81,WLNM_dir_neg,1,0.5,00:00:12,10,10,9,1979945682,threshold_sweep,0.9,0.666666666667,1,0.8,2,1,0,3,1,0.75,0.25,0,0.666666666667,1,0.8,0.833333333333,0.5,0.666666666667,0.707106781187,0.75,37,35,2,0,37,0,35,0,2,17,37,0.136029411765,1.88235294118,4.35294117647,3.36363636364,2.84615384615,1.69341284359,0.389027274878,0.193958664547,2.09866904602,0.964253345467,0.518282988871,1.87867287326,0.863174022847,0.470588235294,0.786197569093,0.41766745858,2.25,1.88235294118,0.786197569093,2.25,0.166339869281,0.0612244897959,3,0.00441176470588,0.185952380952,17,17,17,1,0,0.352941176471,0.411764705882,0.235294117647,17,0.128676470588,1.90196078431,4.11764705882,3.18181818182,2.69230769231,1.57648156274,0.382859808093,0.201680672269,2.01465221053,0.978545359402,0.524369747899,1.74894926439,0.849489642704,0.463865546218,0.814492905316,0.428238537847,2.33333333333,1.90196078431,0.814492905316,2.33333333333,0,0,0,0,0.164242424242,17,17,17,1,0,0.352941176471,0.411764705882,0.235294117647,17,38,0.139705882353,1.95334224599,4.47058823529,3.45454545455,2.71428571429,1.87475488594,0.419353066592,0.201238390093,2.19457888229,0.981785289445,0.529411764706,1.82103719638,0.814674535221,0.442724458204,0.870642232038,0.445719245476,2.45454545455,1.95334224599,0.870642232038,2.45454545455,0.166339869281,0.0612244897959,3,0.00441176470588,0.178506493506,17,17,17,1,0,0.352941176471,0.470588235294,0.176470588235,1,0.00367647058824,0.0709893048128,0.117647058824,0.0909090909091,-0.131868131868,0.181342042353,0.0303257917137,0.00727972554598,0.0959098362728,0.0175319439782,0.0111287758347,-0.0576356768785,-0.0484994876259,-0.0278637770898,0.0844446629454,0.0280517868952,0.204545454545,0.0709893048128,0.0844446629454,0.204545454545,0,0,0,0,-0.00744588744589,0,0.0588235294118,-0.0588235294118,37,1,0,234,1,0.995744680851,0.00425531914894,0,0.973684210526,1,0.986666666667,0.984652666406,0.995744680851,0.973684210526,3,2,0,0,0,0
82,WLNM_dir_neg,1,0.5,00:00:12,10,10,10,1979945683,threshold_sweep,0.1,1,1,1,2,0,0,4,1,1,0,0,1,1,1,1,0.555555555556,1,1,1,37,35,2,0,37,0,35,0,2,17,37,0.136029411765,1.88235294118,4.35294117647,3.36363636364,2.84615384615,1.69341284359,0.389027274878,0.193958664547,2.09866904602,0.964253345467,0.518282988871,1.87867287326,0.863174022847,0.470588235294,0.786197569093,0.41766745858,2.25,1.88235294118,0.786197569093,2.25,0.166339869281,0.0612244897959,3,0.00441176470588,0.185952380952,17,17,17,1,0,0.352941176471,0.411764705882,0.235294117647,17,0.128676470588,1.90196078431,4.11764705882,3.18181818182,2.69230769231,1.57648156274,0.382859808093,0.201680672269,2.01465221053,0.978545359402,0.524369747899,1.74894926439,0.849489642704,0.463865546218,0.814492905316,0.428238537847,2.33333333333,1.90196078431,0.814492905316,2.33333333333,0,0,0,0,0.164242424242,17,17,17,1,0,0.352941176471,0.411764705882,0.235294117647,17,37,0.136029411765,1.88235294118,4.35294117647,3.36363636364,2.84615384615,1.69341284359,0.389027274878,0.193958664547,2.09866904602,0.964253345467,0.518282988871,1.87867287326,0.863174022847,0.470588235294,0.786197569093,0.41766745858,2.25,1.88235294118,0.786197569093,2.25,0.166339869281,0.0612244897959,3,0.00441176470588,0.185952380952,17,17,17,1,0,0.352941176471,0.411764705882,0.235294117647,0,0,0,0,0,0,0,0,0,0,0,0,0,0,0,0,0,0,0,0,0,0,0,0,0,0,0,0,0,37,0,0,235,1,1,0,0,1,1,1,1,1,1,2,2,0,0,0,0
83,WLNM_dir_neg,1,0.5,00:00:12,10,10,10,1979945683,threshold_sweep,0.2,1,1,1,2,0,0,4,1,1,0,0,1,1,1,1,0.555555555556,1,1,1,37,35,2,0,37,0,35,0,2,17,37,0.136029411765,1.88235294118,4.35294117647,3.36363636364,2.84615384615,1.69341284359,0.389027274878,0.193958664547,2.09866904602,0.964253345467,0.518282988871,1.87867287326,0.863174022847,0.470588235294,0.786197569093,0.41766745858,2.25,1.88235294118,0.786197569093,2.25,0.166339869281,0.0612244897959,3,0.00441176470588,0.185952380952,17,17,17,1,0,0.352941176471,0.411764705882,0.235294117647,17,0.128676470588,1.90196078431,4.11764705882,3.18181818182,2.69230769231,1.57648156274,0.382859808093,0.201680672269,2.01465221053,0.978545359402,0.524369747899,1.74894926439,0.849489642704,0.463865546218,0.814492905316,0.428238537847,2.33333333333,1.90196078431,0.814492905316,2.33333333333,0,0,0,0,0.164242424242,17,17,17,1,0,0.352941176471,0.411764705882,0.235294117647,17,37,0.136029411765,1.88235294118,4.35294117647,3.36363636364,2.84615384615,1.69341284359,0.389027274878,0.193958664547,2.09866904602,0.964253345467,0.518282988871,1.87867287326,0.863174022847,0.470588235294,0.786197569093,0.41766745858,2.25,1.88235294118,0.786197569093,2.25,0.166339869281,0.0612244897959,3,0.00441176470588,0.185952380952,17,17,17,1,0,0.352941176471,0.411764705882,0.235294117647,0,0,0,0,0,0,0,0,0,0,0,0,0,0,0,0,0,0,0,0,0,0,0,0,0,0,0,0,0,37,0,0,235,1,1,0,0,1,1,1,1,1,1,2,2,0,0,0,0
84,WLNM_dir_neg,1,0.5,00:00:12,10,10,10,1979945683,threshold_sweep,0.3,1,1,1,2,0,0,4,1,1,0,0,1,1,1,1,0.555555555556,1,1,1,37,35,2,0,37,0,35,0,2,17,37,0.136029411765,1.88235294118,4.35294117647,3.36363636364,2.84615384615,1.69341284359,0.389027274878,0.193958664547,2.09866904602,0.964253345467,0.518282988871,1.87867287326,0.863174022847,0.470588235294,0.786197569093,0.41766745858,2.25,1.88235294118,0.786197569093,2.25,0.166339869281,0.0612244897959,3,0.00441176470588,0.185952380952,17,17,17,1,0,0.352941176471,0.411764705882,0.235294117647,17,0.128676470588,1.90196078431,4.11764705882,3.18181818182,2.69230769231,1.57648156274,0.382859808093,0.201680672269,2.01465221053,0.978545359402,0.524369747899,1.74894926439,0.849489642704,0.463865546218,0.814492905316,0.428238537847,2.33333333333,1.90196078431,0.814492905316,2.33333333333,0,0,0,0,0.164242424242,17,17,17,1,0,0.352941176471,0.411764705882,0.235294117647,17,37,0.136029411765,1.88235294118,4.35294117647,3.36363636364,2.84615384615,1.69341284359,0.389027274878,0.193958664547,2.09866904602,0.964253345467,0.518282988871,1.87867287326,0.863174022847,0.470588235294,0.786197569093,0.41766745858,2.25,1.88235294118,0.786197569093,2.25,0.166339869281,0.0612244897959,3,0.00441176470588,0.185952380952,17,17,17,1,0,0.352941176471,0.411764705882,0.235294117647,0,0,0,0,0,0,0,0,0,0,0,0,0,0,0,0,0,0,0,0,0,0,0,0,0,0,0,0,0,37,0,0,235,1,1,0,0,1,1,1,1,1,1,2,2,0,0,0,0
85,WLNM_dir_neg,1,0.5,00:00:12,10,10,10,1979945683,threshold_sweep,0.4,1,1,1,2,0,0,4,1,1,0,0,1,1,1,1,0.555555555556,1,1,1,37,35,2,0,37,0,35,0,2,17,37,0.136029411765,1.88235294118,4.35294117647,3.36363636364,2.84615384615,1.69341284359,0.389027274878,0.193958664547,2.09866904602,0.964253345467,0.518282988871,1.87867287326,0.863174022847,0.470588235294,0.786197569093,0.41766745858,2.25,1.88235294118,0.786197569093,2.25,0.166339869281,0.0612244897959,3,0.00441176470588,0.185952380952,17,17,17,1,0,0.352941176471,0.411764705882,0.235294117647,17,0.128676470588,1.90196078431,4.11764705882,3.18181818182,2.69230769231,1.57648156274,0.382859808093,0.201680672269,2.01465221053,0.978545359402,0.524369747899,1.74894926439,0.849489642704,0.463865546218,0.814492905316,0.428238537847,2.33333333333,1.90196078431,0.814492905316,2.33333333333,0,0,0,0,0.164242424242,17,17,17,1,0,0.352941176471,0.411764705882,0.235294117647,17,37,0.136029411765,1.88235294118,4.35294117647,3.36363636364,2.84615384615,1.69341284359,0.389027274878,0.193958664547,2.09866904602,0.964253345467,0.518282988871,1.87867287326,0.863174022847,0.470588235294,0.786197569093,0.41766745858,2.25,1.88235294118,0.786197569093,2.25,0.166339869281,0.0612244897959,3,0.00441176470588,0.185952380952,17,17,17,1,0,0.352941176471,0.411764705882,0.235294117647,0,0,0,0,0,0,0,0,0,0,0,0,0,0,0,0,0,0,0,0,0,0,0,0,0,0,0,0,0,37,0,0,235,1,1,0,0,1,1,1,1,1,1,2,2,0,0,0,0
86,WLNM_dir_neg,1,0.5,00:00:12,10,10,10,1979945683,threshold_sweep,0.5,1,1,1,2,0,0,4,1,1,0,0,1,1,1,1,0.555555555556,1,1,1,37,35,2,0,37,0,35,0,2,17,37,0.136029411765,1.88235294118,4.35294117647,3.36363636364,2.84615384615,1.69341284359,0.389027274878,0.193958664547,2.09866904602,0.964253345467,0.518282988871,1.87867287326,0.863174022847,0.470588235294,0.786197569093,0.41766745858,2.25,1.88235294118,0.786197569093,2.25,0.166339869281,0.0612244897959,3,0.00441176470588,0.185952380952,17,17,17,1,0,0.352941176471,0.411764705882,0.235294117647,17,0.128676470588,1.90196078431,4.11764705882,3.18181818182,2.69230769231,1.57648156274,0.382859808093,0.201680672269,2.01465221053,0.978545359402,0.524369747899,1.74894926439,0.849489642704,0.463865546218,0.814492905316,0.428238537847,2.33333333333,1.90196078431,0.814492905316,2.33333333333,0,0,0,0,0.164242424242,17,17,17,1,0,0.352941176471,0.411764705882,0.235294117647,17,37,0.136029411765,1.88235294118,4.35294117647,3.36363636364,2.84615384615,1.69341284359,0.389027274878,0.193958664547,2.09866904602,0.964253345467,0.518282988871,1.87867287326,0.863174022847,0.470588235294,0.786197569093,0.41766745858,2.25,1.88235294118,0.786197569093,2.25,0.166339869281,0.0612244897959,3,0.00441176470588,0.185952380952,17,17,17,1,0,0.352941176471,0.411764705882,0.235294117647,0,0,0,0,0,0,0,0,0,0,0,0,0,0,0,0,0,0,0,0,0,0,0,0,0,0,0,0,0,37,0,0,235,1,1,0,0,1,1,1,1,1,1,2,2,0,0,0,0
87,WLNM_dir_neg,1,0.5,00:00:12,10,10,10,1979945683,threshold_sweep,0.6,1,1,1,2,0,0,4,1,1,0,0,1,1,1,1,0.555555555556,1,1,1,37,35,2,0,37,0,35,0,2,17,37,0.136029411765,1.88235294118,4.35294117647,3.36363636364,2.84615384615,1.69341284359,0.389027274878,0.193958664547,2.09866904602,0.964253345467,0.518282988871,1.87867287326,0.863174022847,0.470588235294,0.786197569093,0.41766745858,2.25,1.88235294118,0.786197569093,2.25,0.166339869281,0.0612244897959,3,0.00441176470588,0.185952380952,17,17,17,1,0,0.352941176471,0.411764705882,0.235294117647,17,0.128676470588,1.90196078431,4.11764705882,3.18181818182,2.69230769231,1.57648156274,0.382859808093,0.201680672269,2.01465221053,0.978545359402,0.524369747899,1.74894926439,0.849489642704,0.463865546218,0.814492905316,0.428238537847,2.33333333333,1.90196078431,0.814492905316,2.33333333333,0,0,0,0,0.164242424242,17,17,17,1,0,0.352941176471,0.411764705882,0.235294117647,17,37,0.136029411765,1.88235294118,4.35294117647,3.36363636364,2.84615384615,1.69341284359,0.389027274878,0.193958664547,2.09866904602,0.964253345467,0.518282988871,1.87867287326,0.863174022847,0.470588235294,0.786197569093,0.41766745858,2.25,1.88235294118,0.786197569093,2.25,0.166339869281,0.0612244897959,3,0.00441176470588,0.185952380952,17,17,17,1,0,0.352941176471,0.411764705882,0.235294117647,0,0,0,0,0,0,0,0,0,0,0,0,0,0,0,0,0,0,0,0,0,0,0,0,0,0,0,0,0,37,0,0,235,1,1,0,0,1,1,1,1,1,1,2,2,0,0,0,0
88,WLNM_dir_neg,1,0.5,00:00:12,10,10,10,1979945683,threshold_sweep,0.7,1,1,1,2,0,0,4,1,1,0,0,1,1,1,1,0.555555555556,1,1,1,37,35,2,0,37,0,35,0,2,17,37,0.136029411765,1.88235294118,4.35294117647,3.36363636364,2.84615384615,1.69341284359,0.389027274878,0.193958664547,2.09866904602,0.964253345467,0.518282988871,1.87867287326,0.863174022847,0.470588235294,0.786197569093,0.41766745858,2.25,1.88235294118,0.786197569093,2.25,0.166339869281,0.0612244897959,3,0.00441176470588,0.185952380952,17,17,17,1,0,0.352941176471,0.411764705882,0.235294117647,17,0.128676470588,1.90196078431,4.11764705882,3.18181818182,2.69230769231,1.57648156274,0.382859808093,0.201680672269,2.01465221053,0.978545359402,0.524369747899,1.74894926439,0.849489642704,0.463865546218,0.814492905316,0.428238537847,2.33333333333,1.90196078431,0.814492905316,2.33333333333,0,0,0,0,0.164242424242,17,17,17,1,0,0.352941176471,0.411764705882,0.235294117647,17,37,0.136029411765,1.88235294118,4.35294117647,3.36363636364,2.84615384615,1.69341284359,0.389027274878,0.193958664547,2.09866904602,0.964253345467,0.518282988871,1.87867287326,0.863174022847,0.470588235294,0.786197569093,0.41766745858,2.25,1.88235294118,0.786197569093,2.25,0.166339869281,0.0612244897959,3,0.00441176470588,0.185952380952,17,17,17,1,0,0.352941176471,0.411764705882,0.235294117647,0,0,0,0,0,0,0,0,0,0,0,0,0,0,0,0,0,0,0,0,0,0,0,0,0,0,0,0,0,37,0,0,235,1,1,0,0,1,1,1,1,1,1,2,2,0,0,0,0
89,WLNM_dir_neg,1,0.5,00:00:12,10,10,10,1979945683,threshold_sweep,0.8,1,1,1,2,0,0,4,1,1,0,0,1,1,1,1,0.555555555556,1,1,1,37,35,2,0,37,0,35,0,2,17,37,0.136029411765,1.88235294118,4.35294117647,3.36363636364,2.84615384615,1.69341284359,0.389027274878,0.193958664547,2.09866904602,0.964253345467,0.518282988871,1.87867287326,0.863174022847,0.470588235294,0.786197569093,0.41766745858,2.25,1.88235294118,0.786197569093,2.25,0.166339869281,0.0612244897959,3,0.00441176470588,0.185952380952,17,17,17,1,0,0.352941176471,0.411764705882,0.235294117647,17,0.128676470588,1.90196078431,4.11764705882,3.18181818182,2.69230769231,1.57648156274,0.382859808093,0.201680672269,2.01465221053,0.978545359402,0.524369747899,1.74894926439,0.849489642704,0.463865546218,0.814492905316,0.428238537847,2.33333333333,1.90196078431,0.814492905316,2.33333333333,0,0,0,0,0.164242424242,17,17,17,1,0,0.352941176471,0.411764705882,0.235294117647,17,37,0.136029411765,1.88235294118,4.35294117647,3.36363636364,2.84615384615,1.69341284359,0.389027274878,0.193958664547,2.09866904602,0.964253345467,0.518282988871,1.87867287326,0.863174022847,0.470588235294,0.786197569093,0.41766745858,2.25,1.88235294118,0.786197569093,2.25,0.166339869281,0.0612244897959,3,0.00441176470588,0.185952380952,17,17,17,1,0,0.352941176471,0.411764705882,0.235294117647,0,0,0,0,0,0,0,0,0,0,0,0,0,0,0,0,0,0,0,0,0,0,0,0,0,0,0,0,0,37,0,0,235,1,1,0,0,1,1,1,1,1,1,2,2,0,0,0,0
90,WLNM_dir_neg,1,0.5,00:00:12,10,10,10,1979945683,threshold_sweep,0.9,1,1,1,2,0,0,4,1,1,0,0,1,1,1,1,0.555555555556,1,1,1,37,35,2,0,37,0,35,0,2,17,37,0.136029411765,1.88235294118,4.35294117647,3.36363636364,2.84615384615,1.69341284359,0.389027274878,0.193958664547,2.09866904602,0.964253345467,0.518282988871,1.87867287326,0.863174022847,0.470588235294,0.786197569093,0.41766745858,2.25,1.88235294118,0.786197569093,2.25,0.166339869281,0.0612244897959,3,0.00441176470588,0.185952380952,17,17,17,1,0,0.352941176471,0.411764705882,0.235294117647,17,0.128676470588,1.90196078431,4.11764705882,3.18181818182,2.69230769231,1.57648156274,0.382859808093,0.201680672269,2.01465221053,0.978545359402,0.524369747899,1.74894926439,0.849489642704,0.463865546218,0.814492905316,0.428238537847,2.33333333333,1.90196078431,0.814492905316,2.33333333333,0,0,0,0,0.164242424242,17,17,17,1,0,0.352941176471,0.411764705882,0.235294117647,17,37,0.136029411765,1.88235294118,4.35294117647,3.36363636364,2.84615384615,1.69341284359,0.389027274878,0.193958664547,2.09866904602,0.964253345467,0.518282988871,1.87867287326,0.863174022847,0.470588235294,0.786197569093,0.41766745858,2.25,1.88235294118,0.786197569093,2.25,0.166339869281,0.0612244897959,3,0.00441176470588,0.185952380952,17,17,17,1,0,0.352941176471,0.411764705882,0.235294117647,0,0,0,0,0,0,0,0,0,0,0,0,0,0,0,0,0,0,0,0,0,0,0,0,0,0,0,0,0,37,0,0,235,1,1,0,0,1,1,1,1,1,1,2,2,0,0,0,0
91,WLNM_dir_neg,1,0.5,00:00:12,10,10,11,1979945684,threshold_sweep,0.1,1,1,1,2,0,0,4,1,1,0,0,1,1,1,1,0.555555555556,1,1,1,37,35,2,0,37,0,35,0,2,17,37,0.136029411765,1.88235294118,4.35294117647,3.36363636364,2.84615384615,1.69341284359,0.389027274878,0.193958664547,2.09866904602,0.964253345467,0.518282988871,1.87867287326,0.863174022847,0.470588235294,0.786197569093,0.41766745858,2.25,1.88235294118,0.786197569093,2.25,0.166339869281,0.0612244897959,3,0.00441176470588,0.185952380952,17,17,17,1,0,0.352941176471,0.411764705882,0.235294117647,17,0.128676470588,1.90196078431,4.11764705882,3.18181818182,2.69230769231,1.57648156274,0.382859808093,0.201680672269,2.01465221053,0.978545359402,0.524369747899,1.74894926439,0.849489642704,0.463865546218,0.814492905316,0.428238537847,2.33333333333,1.90196078431,0.814492905316,2.33333333333,0,0,0,0,0.164242424242,17,17,17,1,0,0.352941176471,0.411764705882,0.235294117647,17,37,0.136029411765,1.88235294118,4.35294117647,3.36363636364,2.84615384615,1.69341284359,0.389027274878,0.193958664547,2.09866904602,0.964253345467,0.518282988871,1.87867287326,0.863174022847,0.470588235294,0.786197569093,0.41766745858,2.25,1.88235294118,0.786197569093,2.25,0.166339869281,0.0612244897959,3,0.00441176470588,0.185952380952,17,17,17,1,0,0.352941176471,0.411764705882,0.235294117647,0,0,0,0,0,0,0,0,0,0,0,0,0,0,0,0,0,0,0,0,0,0,0,0,0,0,0,0,0,37,0,0,235,1,1,0,0,1,1,1,1,1,1,2,2,0,0,0,0
92,WLNM_dir_neg,1,0.5,00:00:12,10,10,11,1979945684,threshold_sweep,0.2,1,1,1,2,0,0,4,1,1,0,0,1,1,1,1,0.555555555556,1,1,1,37,35,2,0,37,0,35,0,2,17,37,0.136029411765,1.88235294118,4.35294117647,3.36363636364,2.84615384615,1.69341284359,0.389027274878,0.193958664547,2.09866904602,0.964253345467,0.518282988871,1.87867287326,0.863174022847,0.470588235294,0.786197569093,0.41766745858,2.25,1.88235294118,0.786197569093,2.25,0.166339869281,0.0612244897959,3,0.00441176470588,0.185952380952,17,17,17,1,0,0.352941176471,0.411764705882,0.235294117647,17,0.128676470588,1.90196078431,4.11764705882,3.18181818182,2.69230769231,1.57648156274,0.382859808093,0.201680672269,2.01465221053,0.978545359402,0.524369747899,1.74894926439,0.849489642704,0.463865546218,0.814492905316,0.428238537847,2.33333333333,1.90196078431,0.814492905316,2.33333333333,0,0,0,0,0.164242424242,17,17,17,1,0,0.352941176471,0.411764705882,0.235294117647,17,37,0.136029411765,1.88235294118,4.35294117647,3.36363636364,2.84615384615,1.69341284359,0.389027274878,0.193958664547,2.09866904602,0.964253345467,0.518282988871,1.87867287326,0.863174022847,0.470588235294,0.786197569093,0.41766745858,2.25,1.88235294118,0.786197569093,2.25,0.166339869281,0.0612244897959,3,0.00441176470588,0.185952380952,17,17,17,1,0,0.352941176471,0.411764705882,0.235294117647,0,0,0,0,0,0,0,0,0,0,0,0,0,0,0,0,0,0,0,0,0,0,0,0,0,0,0,0,0,37,0,0,235,1,1,0,0,1,1,1,1,1,1,2,2,0,0,0,0
93,WLNM_dir_neg,1,0.5,00:00:12,10,10,11,1979945684,threshold_sweep,0.3,1,1,1,2,0,0,4,1,1,0,0,1,1,1,1,0.555555555556,1,1,1,37,35,2,0,37,0,35,0,2,17,37,0.136029411765,1.88235294118,4.35294117647,3.36363636364,2.84615384615,1.69341284359,0.389027274878,0.193958664547,2.09866904602,0.964253345467,0.518282988871,1.87867287326,0.863174022847,0.470588235294,0.786197569093,0.41766745858,2.25,1.88235294118,0.786197569093,2.25,0.166339869281,0.0612244897959,3,0.00441176470588,0.185952380952,17,17,17,1,0,0.352941176471,0.411764705882,0.235294117647,17,0.128676470588,1.90196078431,4.11764705882,3.18181818182,2.69230769231,1.57648156274,0.382859808093,0.201680672269,2.01465221053,0.978545359402,0.524369747899,1.74894926439,0.849489642704,0.463865546218,0.814492905316,0.428238537847,2.33333333333,1.90196078431,0.814492905316,2.33333333333,0,0,0,0,0.164242424242,17,17,17,1,0,0.352941176471,0.411764705882,0.235294117647,17,37,0.136029411765,1.88235294118,4.35294117647,3.36363636364,2.84615384615,1.69341284359,0.389027274878,0.193958664547,2.09866904602,0.964253345467,0.518282988871,1.87867287326,0.863174022847,0.470588235294,0.786197569093,0.41766745858,2.25,1.88235294118,0.786197569093,2.25,0.166339869281,0.0612244897959,3,0.00441176470588,0.185952380952,17,17,17,1,0,0.352941176471,0.411764705882,0.235294117647,0,0,0,0,0,0,0,0,0,0,0,0,0,0,0,0,0,0,0,0,0,0,0,0,0,0,0,0,0,37,0,0,235,1,1,0,0,1,1,1,1,1,1,2,2,0,0,0,0
94,WLNM_dir_neg,1,0.5,00:00:12,10,10,11,1979945684,threshold_sweep,0.4,1,1,1,2,0,0,4,1,1,0,0,1,1,1,1,0.555555555556,1,1,1,37,35,2,0,37,0,35,0,2,17,37,0.136029411765,1.88235294118,4.35294117647,3.36363636364,2.84615384615,1.69341284359,0.389027274878,0.193958664547,2.09866904602,0.964253345467,0.518282988871,1.87867287326,0.863174022847,0.470588235294,0.786197569093,0.41766745858,2.25,1.88235294118,0.786197569093,2.25,0.166339869281,0.0612244897959,3,0.00441176470588,0.185952380952,17,17,17,1,0,0.352941176471,0.411764705882,0.235294117647,17,0.128676470588,1.90196078431,4.11764705882,3.18181818182,2.69230769231,1.57648156274,0.382859808093,0.201680672269,2.01465221053,0.978545359402,0.524369747899,1.74894926439,0.849489642704,0.463865546218,0.814492905316,0.428238537847,2.33333333333,1.90196078431,0.814492905316,2.33333333333,0,0,0,0,0.164242424242,17,17,17,1,0,0.352941176471,0.411764705882,0.235294117647,17,37,0.136029411765,1.88235294118,4.35294117647,3.36363636364,2.84615384615,1.69341284359,0.389027274878,0.193958664547,2.09866904602,0.964253345467,0.518282988871,1.87867287326,0.863174022847,0.470588235294,0.786197569093,0.41766745858,2.25,1.88235294118,0.786197569093,2.25,0.166339869281,0.0612244897959,3,0.00441176470588,0.185952380952,17,17,17,1,0,0.352941176471,0.411764705882,0.235294117647,0,0,0,0,0,0,0,0,0,0,0,0,0,0,0,0,0,0,0,0,0,0,0,0,0,0,0,0,0,37,0,0,235,1,1,0,0,1,1,1,1,1,1,2,2,0,0,0,0
95,WLNM_dir_neg,1,0.5,00:00:12,10,10,11,1979945684,threshold_sweep,0.5,1,1,1,2,0,0,4,1,1,0,0,1,1,1,1,0.555555555556,1,1,1,37,35,2,0,37,0,35,0,2,17,37,0.136029411765,1.88235294118,4.35294117647,3.36363636364,2.84615384615,1.69341284359,0.389027274878,0.193958664547,2.09866904602,0.964253345467,0.518282988871,1.87867287326,0.863174022847,0.470588235294,0.786197569093,0.41766745858,2.25,1.88235294118,0.786197569093,2.25,0.166339869281,0.0612244897959,3,0.00441176470588,0.185952380952,17,17,17,1,0,0.352941176471,0.411764705882,0.235294117647,17,0.128676470588,1.90196078431,4.11764705882,3.18181818182,2.69230769231,1.57648156274,0.382859808093,0.201680672269,2.01465221053,0.978545359402,0.524369747899,1.74894926439,0.849489642704,0.463865546218,0.814492905316,0.428238537847,2.33333333333,1.90196078431,0.814492905316,2.33333333333,0,0,0,0,0.164242424242,17,17,17,1,0,0.352941176471,0.411764705882,0.235294117647,17,37,0.136029411765,1.88235294118,4.35294117647,3.36363636364,2.84615384615,1.69341284359,0.389027274878,0.193958664547,2.09866904602,0.964253345467,0.518282988871,1.87867287326,0.863174022847,0.470588235294,0.786197569093,0.41766745858,2.25,1.88235294118,0.786197569093,2.25,0.166339869281,0.0612244897959,3,0.00441176470588,0.185952380952,17,17,17,1,0,0.352941176471,0.411764705882,0.235294117647,0,0,0,0,0,0,0,0,0,0,0,0,0,0,0,0,0,0,0,0,0,0,0,0,0,0,0,0,0,37,0,0,235,1,1,0,0,1,1,1,1,1,1,2,2,0,0,0,0
96,WLNM_dir_neg,1,0.5,00:00:12,10,10,11,1979945684,threshold_sweep,0.6,1,1,1,2,0,0,4,1,1,0,0,1,1,1,1,0.555555555556,1,1,1,37,35,2,0,37,0,35,0,2,17,37,0.136029411765,1.88235294118,4.35294117647,3.36363636364,2.84615384615,1.69341284359,0.389027274878,0.193958664547,2.09866904602,0.964253345467,0.518282988871,1.87867287326,0.863174022847,0.470588235294,0.786197569093,0.41766745858,2.25,1.88235294118,0.786197569093,2.25,0.166339869281,0.0612244897959,3,0.00441176470588,0.185952380952,17,17,17,1,0,0.352941176471,0.411764705882,0.235294117647,17,0.128676470588,1.90196078431,4.11764705882,3.18181818182,2.69230769231,1.57648156274,0.382859808093,0.201680672269,2.01465221053,0.978545359402,0.524369747899,1.74894926439,0.849489642704,0.463865546218,0.814492905316,0.428238537847,2.33333333333,1.90196078431,0.814492905316,2.33333333333,0,0,0,0,0.164242424242,17,17,17,1,0,0.352941176471,0.411764705882,0.235294117647,17,37,0.136029411765,1.88235294118,4.35294117647,3.36363636364,2.84615384615,1.69341284359,0.389027274878,0.193958664547,2.09866904602,0.964253345467,0.518282988871,1.87867287326,0.863174022847,0.470588235294,0.786197569093,0.41766745858,2.25,1.88235294118,0.786197569093,2.25,0.166339869281,0.0612244897959,3,0.00441176470588,0.185952380952,17,17,17,1,0,0.352941176471,0.411764705882,0.235294117647,0,0,0,0,0,0,0,0,0,0,0,0,0,0,0,0,0,0,0,0,0,0,0,0,0,0,0,0,0,37,0,0,235,1,1,0,0,1,1,1,1,1,1,2,2,0,0,0,0
97,WLNM_dir_neg,1,0.5,00:00:12,10,10,11,1979945684,threshold_sweep,0.7,1,1,1,2,0,0,4,1,1,0,0,1,1,1,1,0.555555555556,1,1,1,37,35,2,0,37,0,35,0,2,17,37,0.136029411765,1.88235294118,4.35294117647,3.36363636364,2.84615384615,1.69341284359,0.389027274878,0.193958664547,2.09866904602,0.964253345467,0.518282988871,1.87867287326,0.863174022847,0.470588235294,0.786197569093,0.41766745858,2.25,1.88235294118,0.786197569093,2.25,0.166339869281,0.0612244897959,3,0.00441176470588,0.185952380952,17,17,17,1,0,0.352941176471,0.411764705882,0.235294117647,17,0.128676470588,1.90196078431,4.11764705882,3.18181818182,2.69230769231,1.57648156274,0.382859808093,0.201680672269,2.01465221053,0.978545359402,0.524369747899,1.74894926439,0.849489642704,0.463865546218,0.814492905316,0.428238537847,2.33333333333,1.90196078431,0.814492905316,2.33333333333,0,0,0,0,0.164242424242,17,17,17,1,0,0.352941176471,0.411764705882,0.235294117647,17,37,0.136029411765,1.88235294118,4.35294117647,3.36363636364,2.84615384615,1.69341284359,0.389027274878,0.193958664547,2.09866904602,0.964253345467,0.518282988871,1.87867287326,0.863174022847,0.470588235294,0.786197569093,0.41766745858,2.25,1.88235294118,0.786197569093,2.25,0.166339869281,0.0612244897959,3,0.00441176470588,0.185952380952,17,17,17,1,0,0.352941176471,0.411764705882,0.235294117647,0,0,0,0,0,0,0,0,0,0,0,0,0,0,0,0,0,0,0,0,0,0,0,0,0,0,0,0,0,37,0,0,235,1,1,0,0,1,1,1,1,1,1,2,2,0,0,0,0
98,WLNM_dir_neg,1,0.5,00:00:12,10,10,11,1979945684,threshold_sweep,0.8,1,1,1,2,0,0,4,1,1,0,0,1,1,1,1,0.555555555556,1,1,1,37,35,2,0,37,0,35,0,2,17,37,0.136029411765,1.88235294118,4.35294117647,3.36363636364,2.84615384615,1.69341284359,0.389027274878,0.193958664547,2.09866904602,0.964253345467,0.518282988871,1.87867287326,0.863174022847,0.470588235294,0.786197569093,0.41766745858,2.25,1.88235294118,0.786197569093,2.25,0.166339869281,0.0612244897959,3,0.00441176470588,0.185952380952,17,17,17,1,0,0.352941176471,0.411764705882,0.235294117647,17,0.128676470588,1.90196078431,4.11764705882,3.18181818182,2.69230769231,1.57648156274,0.382859808093,0.201680672269,2.01465221053,0.978545359402,0.524369747899,1.74894926439,0.849489642704,0.463865546218,0.814492905316,0.428238537847,2.33333333333,1.90196078431,0.814492905316,2.33333333333,0,0,0,0,0.164242424242,17,17,17,1,0,0.352941176471,0.411764705882,0.235294117647,17,37,0.136029411765,1.88235294118,4.35294117647,3.36363636364,2.84615384615,1.69341284359,0.389027274878,0.193958664547,2.09866904602,0.964253345467,0.518282988871,1.87867287326,0.863174022847,0.470588235294,0.786197569093,0.41766745858,2.25,1.88235294118,0.786197569093,2.25,0.166339869281,0.0612244897959,3,0.00441176470588,0.185952380952,17,17,17,1,0,0.352941176471,0.411764705882,0.235294117647,0,0,0,0,0,0,0,0,0,0,0,0,0,0,0,0,0,0,0,0,0,0,0,0,0,0,0,0,0,37,0,0,235,1,1,0,0,1,1,1,1,1,1,2,2,0,0,0,0
99,WLNM_dir_neg,1,0.5,00:00:12,10,10,11,1979945684,threshold_sweep,0.9,1,1,1,2,0,0,4,1,1,0,0,1,1,1,1,0.555555555556,1,1,1,37,35,2,0,37,0,35,0,2,17,37,0.136029411765,1.88235294118,4.35294117647,3.36363636364,2.84615384615,1.69341284359,0.389027274878,0.193958664547,2.09866904602,0.964253345467,0.518282988871,1.87867287326,0.863174022847,0.470588235294,0.786197569093,0.41766745858,2.25,1.88235294118,0.786197569093,2.25,0.166339869281,0.0612244897959,3,0.00441176470588,0.185952380952,17,17,17,1,0,0.352941176471,0.411764705882,0.235294117647,17,0.128676470588,1.90196078431,4.11764705882,3.18181818182,2.69230769231,1.57648156274,0.382859808093,0.201680672269,2.01465221053,0.978545359402,0.524369747899,1.74894926439,0.849489642704,0.463865546218,0.814492905316,0.428238537847,2.33333333333,1.90196078431,0.814492905316,2.33333333333,0,0,0,0,0.164242424242,17,17,17,1,0,0.352941176471,0.411764705882,0.235294117647,17,37,0.136029411765,1.88235294118,4.35294117647,3.36363636364,2.84615384615,1.69341284359,0.389027274878,0.193958664547,2.09866904602,0.964253345467,0.518282988871,1.87867287326,0.863174022847,0.470588235294,0.786197569093,0.41766745858,2.25,1.88235294118,0.786197569093,2.25,0.166339869281,0.0612244897959,3,0.00441176470588,0.185952380952,17,17,17,1,0,0.352941176471,0.411764705882,0.235294117647,0,0,0,0,0,0,0,0,0,0,0,0,0,0,0,0,0,0,0,0,0,0,0,0,0,0,0,0,0,37,0,0,235,1,1,0,0,1,1,1,1,1,1,2,2,0,0,0,0
100,WLNM_dir_neg,1,0.5,00:00:12,10,10,12,1979945685,threshold_sweep,0.1,1,1,1,2,0,0,4,1,1,0,0,1,1,1,1,0.555555555556,1,1,1,37,35,2,0,37,0,35,0,2,17,37,0.136029411765,1.88235294118,4.35294117647,3.36363636364,2.84615384615,1.69341284359,0.389027274878,0.193958664547,2.09866904602,0.964253345467,0.518282988871,1.87867287326,0.863174022847,0.470588235294,0.786197569093,0.41766745858,2.25,1.88235294118,0.786197569093,2.25,0.166339869281,0.0612244897959,3,0.00441176470588,0.185952380952,17,17,17,1,0,0.352941176471,0.411764705882,0.235294117647,17,0.128676470588,1.90196078431,4.11764705882,3.18181818182,2.69230769231,1.57648156274,0.382859808093,0.201680672269,2.01465221053,0.978545359402,0.524369747899,1.74894926439,0.849489642704,0.463865546218,0.814492905316,0.428238537847,2.33333333333,1.90196078431,0.814492905316,2.33333333333,0,0,0,0,0.164242424242,17,17,17,1,0,0.352941176471,0.411764705882,0.235294117647,17,37,0.136029411765,1.88235294118,4.35294117647,3.36363636364,2.84615384615,1.69341284359,0.389027274878,0.193958664547,2.09866904602,0.964253345467,0.518282988871,1.87867287326,0.863174022847,0.470588235294,0.786197569093,0.41766745858,2.25,1.88235294118,0.786197569093,2.25,0.166339869281,0.0612244897959,3,0.00441176470588,0.185952380952,17,17,17,1,0,0.352941176471,0.411764705882,0.235294117647,0,0,0,0,0,0,0,0,0,0,0,0,0,0,0,0,0,0,0,0,0,0,0,0,0,0,0,0,0,37,0,0,235,1,1,0,0,1,1,1,1,1,1,2,2,0,0,0,0
101,WLNM_dir_neg,1,0.5,00:00:12,10,10,12,1979945685,threshold_sweep,0.2,1,1,1,2,0,0,4,1,1,0,0,1,1,1,1,0.555555555556,1,1,1,37,35,2,0,37,0,35,0,2,17,37,0.136029411765,1.88235294118,4.35294117647,3.36363636364,2.84615384615,1.69341284359,0.389027274878,0.193958664547,2.09866904602,0.964253345467,0.518282988871,1.87867287326,0.863174022847,0.470588235294,0.786197569093,0.41766745858,2.25,1.88235294118,0.786197569093,2.25,0.166339869281,0.0612244897959,3,0.00441176470588,0.185952380952,17,17,17,1,0,0.352941176471,0.411764705882,0.235294117647,17,0.128676470588,1.90196078431,4.11764705882,3.18181818182,2.69230769231,1.57648156274,0.382859808093,0.201680672269,2.01465221053,0.978545359402,0.524369747899,1.74894926439,0.849489642704,0.463865546218,0.814492905316,0.428238537847,2.33333333333,1.90196078431,0.814492905316,2.33333333333,0,0,0,0,0.164242424242,17,17,17,1,0,0.352941176471,0.411764705882,0.235294117647,17,37,0.136029411765,1.88235294118,4.35294117647,3.36363636364,2.84615384615,1.69341284359,0.389027274878,0.193958664547,2.09866904602,0.964253345467,0.518282988871,1.87867287326,0.863174022847,0.470588235294,0.786197569093,0.41766745858,2.25,1.88235294118,0.786197569093,2.25,0.166339869281,0.0612244897959,3,0.00441176470588,0.185952380952,17,17,17,1,0,0.352941176471,0.411764705882,0.235294117647,0,0,0,0,0,0,0,0,0,0,0,0,0,0,0,0,0,0,0,0,0,0,0,0,0,0,0,0,0,37,0,0,235,1,1,0,0,1,1,1,1,1,1,2,2,0,0,0,0
102,WLNM_dir_neg,1,0.5,00:00:12,10,10,12,1979945685,threshold_sweep,0.3,1,1,1,2,0,0,4,1,1,0,0,1,1,1,1,0.555555555556,1,1,1,37,35,2,0,37,0,35,0,2,17,37,0.136029411765,1.88235294118,4.35294117647,3.36363636364,2.84615384615,1.69341284359,0.389027274878,0.193958664547,2.09866904602,0.964253345467,0.518282988871,1.87867287326,0.863174022847,0.470588235294,0.786197569093,0.41766745858,2.25,1.88235294118,0.786197569093,2.25,0.166339869281,0.0612244897959,3,0.00441176470588,0.185952380952,17,17,17,1,0,0.352941176471,0.411764705882,0.235294117647,17,0.128676470588,1.90196078431,4.11764705882,3.18181818182,2.69230769231,1.57648156274,0.382859808093,0.201680672269,2.01465221053,0.978545359402,0.524369747899,1.74894926439,0.849489642704,0.463865546218,0.814492905316,0.428238537847,2.33333333333,1.90196078431,0.814492905316,2.33333333333,0,0,0,0,0.164242424242,17,17,17,1,0,0.352941176471,0.411764705882,0.235294117647,17,37,0.136029411765,1.88235294118,4.35294117647,3.36363636364,2.84615384615,1.69341284359,0.389027274878,0.193958664547,2.09866904602,0.964253345467,0.518282988871,1.87867287326,0.863174022847,0.470588235294,0.786197569093,0.41766745858,2.25,1.88235294118,0.786197569093,2.25,0.166339869281,0.0612244897959,3,0.00441176470588,0.185952380952,17,17,17,1,0,0.352941176471,0.411764705882,0.235294117647,0,0,0,0,0,0,0,0,0,0,0,0,0,0,0,0,0,0,0,0,0,0,0,0,0,0,0,0,0,37,0,0,235,1,1,0,0,1,1,1,1,1,1,2,2,0,0,0,0
103,WLNM_dir_neg,1,0.5,00:00:12,10,10,12,1979945685,threshold_sweep,0.4,1,1,1,2,0,0,4,1,1,0,0,1,1,1,1,0.555555555556,1,1,1,37,35,2,0,37,0,35,0,2,17,37,0.136029411765,1.88235294118,4.35294117647,3.36363636364,2.84615384615,1.69341284359,0.389027274878,0.193958664547,2.09866904602,0.964253345467,0.518282988871,1.87867287326,0.863174022847,0.470588235294,0.786197569093,0.41766745858,2.25,1.88235294118,0.786197569093,2.25,0.166339869281,0.0612244897959,3,0.00441176470588,0.185952380952,17,17,17,1,0,0.352941176471,0.411764705882,0.235294117647,17,0.128676470588,1.90196078431,4.11764705882,3.18181818182,2.69230769231,1.57648156274,0.382859808093,0.201680672269,2.01465221053,0.978545359402,0.524369747899,1.74894926439,0.849489642704,0.463865546218,0.814492905316,0.428238537847,2.33333333333,1.90196078431,0.814492905316,2.33333333333,0,0,0,0,0.164242424242,17,17,17,1,0,0.352941176471,0.411764705882,0.235294117647,17,37,0.136029411765,1.88235294118,4.35294117647,3.36363636364,2.84615384615,1.69341284359,0.389027274878,0.193958664547,2.09866904602,0.964253345467,0.518282988871,1.87867287326,0.863174022847,0.470588235294,0.786197569093,0.41766745858,2.25,1.88235294118,0.786197569093,2.25,0.166339869281,0.0612244897959,3,0.00441176470588,0.185952380952,17,17,17,1,0,0.352941176471,0.411764705882,0.235294117647,0,0,0,0,0,0,0,0,0,0,0,0,0,0,0,0,0,0,0,0,0,0,0,0,0,0,0,0,0,37,0,0,235,1,1,0,0,1,1,1,1,1,1,2,2,0,0,0,0
104,WLNM_dir_neg,1,0.5,00:00:12,10,10,12,1979945685,threshold_sweep,0.5,1,1,1,2,0,0,4,1,1,0,0,1,1,1,1,0.555555555556,1,1,1,37,35,2,0,37,0,35,0,2,17,37,0.136029411765,1.88235294118,4.35294117647,3.36363636364,2.84615384615,1.69341284359,0.389027274878,0.193958664547,2.09866904602,0.964253345467,0.518282988871,1.87867287326,0.863174022847,0.470588235294,0.786197569093,0.41766745858,2.25,1.88235294118,0.786197569093,2.25,0.166339869281,0.0612244897959,3,0.00441176470588,0.185952380952,17,17,17,1,0,0.352941176471,0.411764705882,0.235294117647,17,0.128676470588,1.90196078431,4.11764705882,3.18181818182,2.69230769231,1.57648156274,0.382859808093,0.201680672269,2.01465221053,0.978545359402,0.524369747899,1.74894926439,0.849489642704,0.463865546218,0.814492905316,0.428238537847,2.33333333333,1.90196078431,0.814492905316,2.33333333333,0,0,0,0,0.164242424242,17,17,17,1,0,0.352941176471,0.411764705882,0.235294117647,17,37,0.136029411765,1.88235294118,4.35294117647,3.36363636364,2.84615384615,1.69341284359,0.389027274878,0.193958664547,2.09866904602,0.964253345467,0.518282988871,1.87867287326,0.863174022847,0.470588235294,0.786197569093,0.41766745858,2.25,1.88235294118,0.786197569093,2.25,0.166339869281,0.0612244897959,3,0.00441176470588,0.185952380952,17,17,17,1,0,0.352941176471,0.411764705882,0.235294117647,0,0,0,0,0,0,0,0,0,0,0,0,0,0,0,0,0,0,0,0,0,0,0,0,0,0,0,0,0,37,0,0,235,1,1,0,0,1,1,1,1,1,1,2,2,0,0,0,0
105,WLNM_dir_neg,1,0.5,00:00:12,10,10,12,1979945685,threshold_sweep,0.6,1,1,1,2,0,0,4,1,1,0,0,1,1,1,1,0.555555555556,1,1,1,37,35,2,0,37,0,35,0,2,17,37,0.136029411765,1.88235294118,4.35294117647,3.36363636364,2.84615384615,1.69341284359,0.389027274878,0.193958664547,2.09866904602,0.964253345467,0.518282988871,1.87867287326,0.863174022847,0.470588235294,0.786197569093,0.41766745858,2.25,1.88235294118,0.786197569093,2.25,0.166339869281,0.0612244897959,3,0.00441176470588,0.185952380952,17,17,17,1,0,0.352941176471,0.411764705882,0.235294117647,17,0.128676470588,1.90196078431,4.11764705882,3.18181818182,2.69230769231,1.57648156274,0.382859808093,0.201680672269,2.01465221053,0.978545359402,0.524369747899,1.74894926439,0.849489642704,0.463865546218,0.814492905316,0.428238537847,2.33333333333,1.90196078431,0.814492905316,2.33333333333,0,0,0,0,0.164242424242,17,17,17,1,0,0.352941176471,0.411764705882,0.235294117647,17,37,0.136029411765,1.88235294118,4.35294117647,3.36363636364,2.84615384615,1.69341284359,0.389027274878,0.193958664547,2.09866904602,0.964253345467,0.518282988871,1.87867287326,0.863174022847,0.470588235294,0.786197569093,0.41766745858,2.25,1.88235294118,0.786197569093,2.25,0.166339869281,0.0612244897959,3,0.00441176470588,0.185952380952,17,17,17,1,0,0.352941176471,0.411764705882,0.235294117647,0,0,0,0,0,0,0,0,0,0,0,0,0,0,0,0,0,0,0,0,0,0,0,0,0,0,0,0,0,37,0,0,235,1,1,0,0,1,1,1,1,1,1,2,2,0,0,0,0
106,WLNM_dir_neg,1,0.5,00:00:12,10,10,12,1979945685,threshold_sweep,0.7,1,1,1,2,0,0,4,1,1,0,0,1,1,1,1,0.555555555556,1,1,1,37,35,2,0,37,0,35,0,2,17,37,0.136029411765,1.88235294118,4.35294117647,3.36363636364,2.84615384615,1.69341284359,0.389027274878,0.193958664547,2.09866904602,0.964253345467,0.518282988871,1.87867287326,0.863174022847,0.470588235294,0.786197569093,0.41766745858,2.25,1.88235294118,0.786197569093,2.25,0.166339869281,0.0612244897959,3,0.00441176470588,0.185952380952,17,17,17,1,0,0.352941176471,0.411764705882,0.235294117647,17,0.128676470588,1.90196078431,4.11764705882,3.18181818182,2.69230769231,1.57648156274,0.382859808093,0.201680672269,2.01465221053,0.978545359402,0.524369747899,1.74894926439,0.849489642704,0.463865546218,0.814492905316,0.428238537847,2.33333333333,1.90196078431,0.814492905316,2.33333333333,0,0,0,0,0.164242424242,17,17,17,1,0,0.352941176471,0.411764705882,0.235294117647,17,37,0.136029411765,1.88235294118,4.35294117647,3.36363636364,2.84615384615,1.69341284359,0.389027274878,0.193958664547,2.09866904602,0.964253345467,0.518282988871,1.87867287326,0.863174022847,0.470588235294,0.786197569093,0.41766745858,2.25,1.88235294118,0.786197569093,2.25,0.166339869281,0.0612244897959,3,0.00441176470588,0.185952380952,17,17,17,1,0,0.352941176471,0.411764705882,0.235294117647,0,0,0,0,0,0,0,0,0,0,0,0,0,0,0,0,0,0,0,0,0,0,0,0,0,0,0,0,0,37,0,0,235,1,1,0,0,1,1,1,1,1,1,2,2,0,0,0,0
107,WLNM_dir_neg,1,0.5,00:00:12,10,10,12,1979945685,threshold_sweep,0.8,1,1,1,2,0,0,4,1,1,0,0,1,1,1,1,0.555555555556,1,1,1,37,35,2,0,37,0,35,0,2,17,37,0.136029411765,1.88235294118,4.35294117647,3.36363636364,2.84615384615,1.69341284359,0.389027274878,0.193958664547,2.09866904602,0.964253345467,0.518282988871,1.87867287326,0.863174022847,0.470588235294,0.786197569093,0.41766745858,2.25,1.88235294118,0.786197569093,2.25,0.166339869281,0.0612244897959,3,0.00441176470588,0.185952380952,17,17,17,1,0,0.352941176471,0.411764705882,0.235294117647,17,0.128676470588,1.90196078431,4.11764705882,3.18181818182,2.69230769231,1.57648156274,0.382859808093,0.201680672269,2.01465221053,0.978545359402,0.524369747899,1.74894926439,0.849489642704,0.463865546218,0.814492905316,0.428238537847,2.33333333333,1.90196078431,0.814492905316,2.33333333333,0,0,0,0,0.164242424242,17,17,17,1,0,0.352941176471,0.411764705882,0.235294117647,17,37,0.136029411765,1.88235294118,4.35294117647,3.36363636364,2.84615384615,1.69341284359,0.389027274878,0.193958664547,2.09866904602,0.964253345467,0.518282988871,1.87867287326,0.863174022847,0.470588235294,0.786197569093,0.41766745858,2.25,1.88235294118,0.786197569093,2.25,0.166339869281,0.0612244897959,3,0.00441176470588,0.185952380952,17,17,17,1,0,0.352941176471,0.411764705882,0.235294117647,0,0,0,0,0,0,0,0,0,0,0,0,0,0,0,0,0,0,0,0,0,0,0,0,0,0,0,0,0,37,0,0,235,1,1,0,0,1,1,1,1,1,1,2,2,0,0,0,0
108,WLNM_dir_neg,1,0.5,00:00:12,10,10,12,1979945685,threshold_sweep,0.9,1,1,1,2,0,0,4,1,1,0,0,1,1,1,1,0.555555555556,1,1,1,37,35,2,0,37,0,35,0,2,17,37,0.136029411765,1.88235294118,4.35294117647,3.36363636364,2.84615384615,1.69341284359,0.389027274878,0.193958664547,2.09866904602,0.964253345467,0.518282988871,1.87867287326,0.863174022847,0.470588235294,0.786197569093,0.41766745858,2.25,1.88235294118,0.786197569093,2.25,0.166339869281,0.0612244897959,3,0.00441176470588,0.185952380952,17,17,17,1,0,0.352941176471,0.411764705882,0.235294117647,17,0.128676470588,1.90196078431,4.11764705882,3.18181818182,2.69230769231,1.57648156274,0.382859808093,0.201680672269,2.01465221053,0.978545359402,0.524369747899,1.74894926439,0.849489642704,0.463865546218,0.814492905316,0.428238537847,2.33333333333,1.90196078431,0.814492905316,2.33333333333,0,0,0,0,0.164242424242,17,17,17,1,0,0.352941176471,0.411764705882,0.235294117647,17,37,0.136029411765,1.88235294118,4.35294117647,3.36363636364,2.84615384615,1.69341284359,0.389027274878,0.193958664547,2.09866904602,0.964253345467,0.518282988871,1.87867287326,0.863174022847,0.470588235294,0.786197569093,0.41766745858,2.25,1.88235294118,0.786197569093,2.25,0.166339869281,0.0612244897959,3,0.00441176470588,0.185952380952,17,17,17,1,0,0.352941176471,0.411764705882,0.235294117647,0,0,0,0,0,0,0,0,0,0,0,0,0,0,0,0,0,0,0,0,0,0,0,0,0,0,0,0,0,37,0,0,235,1,1,0,0,1,1,1,1,1,1,2,2,0,0,0,0
109,WLNM_dir_neg,1,0.5,00:00:12,10,10,13,1979945686,threshold_sweep,0.1,0.666666666667,1,0.8,2,1,0,3,1,0.75,0.25,0,0.666666666667,1,0.8,0.833333333333,0.5,0.666666666667,0.707106781187,0.75,37,35,2,0,37,0,35,0,2,17,37,0.136029411765,1.88235294118,4.35294117647,3.36363636364,2.84615384615,1.69341284359,0.389027274878,0.193958664547,2.09866904602,0.964253345467,0.518282988871,1.87867287326,0.863174022847,0.470588235294,0.786197569093,0.41766745858,2.25,1.88235294118,0.786197569093,2.25,0.166339869281,0.0612244897959,3,0.00441176470588,0.185952380952,17,17,17,1,0,0.352941176471,0.411764705882,0.235294117647,17,0.128676470588,1.90196078431,4.11764705882,3.18181818182,2.69230769231,1.57648156274,0.382859808093,0.201680672269,2.01465221053,0.978545359402,0.524369747899,1.74894926439,0.849489642704,0.463865546218,0.814492905316,0.428238537847,2.33333333333,1.90196078431,0.814492905316,2.33333333333,0,0,0,0,0.164242424242,17,17,17,1,0,0.352941176471,0.411764705882,0.235294117647,17,38,0.139705882353,2.13617647059,4.47058823529,3.16666666667,2.92307692308,1.69991349261,0.380243807557,0.19040247678,2.04723630062,0.915868871331,0.495356037152,1.92124346989,0.859503657582,0.467492260062,0.898017833571,0.420385602938,2.5,2.13617647059,0.898017833571,2.5,0.180065359477,0.0774193548387,4,0.00588235294118,0.164051226551,17,17,17,1,0,0.294117647059,0.470588235294,0.235294117647,1,0.00367647058824,0.253823529412,0.117647058824,-0.19696969697,0.0769230769231,0.00650064902221,-0.00878346732077,-0.00355618776671,-0.0514327453931,-0.0483844741355,-0.0229269517195,0.0425705966328,-0.00367036526551,-0.0030959752322,0.111820264479,0.002718144358,0.25,0.253823529412,0.111820264479,0.25,0.0137254901961,0.0161948650428,1,0.00147058823529,-0.0219011544012,-0.0588235294118,0.0588235294118,0,37,1,0,234,1,0.995744680851,0.00425531914894,0,0.973684210526,1,0.986666666667,0.984652666406,0.995744680851,0.973684210526,3,2,0,0,0,0
110,WLNM_dir_neg,1,0.5,00:00:12,10,10,13,1979945686,threshold_sweep,0.2,0.666666666667,1,0.8,2,1,0,3,1,0.75,0.25,0,0.666666666667,1,0.8,0.833333333333,0.5,0.666666666667,0.707106781187,0.75,37,35,2,0,37,0,35,0,2,17,37,0.136029411765,1.88235294118,4.35294117647,3.36363636364,2.84615384615,1.69341284359,0.389027274878,0.193958664547,2.09866904602,0.964253345467,0.518282988871,1.87867287326,0.863174022847,0.470588235294,0.786197569093,0.41766745858,2.25,1.88235294118,0.786197569093,2.25,0.166339869281,0.0612244897959,3,0.00441176470588,0.185952380952,17,17,17,1,0,0.352941176471,0.411764705882,0.235294117647,17,0.128676470588,1.90196078431,4.11764705882,3.18181818182,2.69230769231,1.57648156274,0.382859808093,0.201680672269,2.01465221053,0.978545359402,0.524369747899,1.74894926439,0.849489642704,0.463865546218,0.814492905316,0.428238537847,2.33333333333,1.90196078431,0.814492905316,2.33333333333,0,0,0,0,0.164242424242,17,17,17,1,0,0.352941176471,0.411764705882,0.235294117647,17,38,0.139705882353,2.13617647059,4.47058823529,3.16666666667,2.92307692308,1.69991349261,0.380243807557,0.19040247678,2.04723630062,0.915868871331,0.495356037152,1.92124346989,0.859503657582,0.467492260062,0.898017833571,0.420385602938,2.5,2.13617647059,0.898017833571,2.5,0.180065359477,0.0774193548387,4,0.00588235294118,0.164051226551,17,17,17,1,0,0.294117647059,0.470588235294,0.235294117647,1,0.00367647058824,0.253823529412,0.117647058824,-0.19696969697,0.0769230769231,0.00650064902221,-0.00878346732077,-0.00355618776671,-0.0514327453931,-0.0483844741355,-0.0229269517195,0.0425705966328,-0.00367036526551,-0.0030959752322,0.111820264479,0.002718144358,0.25,0.253823529412,0.111820264479,0.25,0.0137254901961,0.0161948650428,1,0.00147058823529,-0.0219011544012,-0.0588235294118,0.0588235294118,0,37,1,0,234,1,0.995744680851,0.00425531914894,0,0.973684210526,1,0.986666666667,0.984652666406,0.995744680851,0.973684210526,3,2,0,0,0,0
111,WLNM_dir_neg,1,0.5,00:00:12,10,10,13,1979945686,threshold_sweep,0.3,0.666666666667,1,0.8,2,1,0,3,1,0.75,0.25,0,0.666666666667,1,0.8,0.833333333333,0.5,0.666666666667,0.707106781187,0.75,37,35,2,0,37,0,35,0,2,17,37,0.136029411765,1.88235294118,4.35294117647,3.36363636364,2.84615384615,1.69341284359,0.389027274878,0.193958664547,2.09866904602,0.964253345467,0.518282988871,1.87867287326,0.863174022847,0.470588235294,0.786197569093,0.41766745858,2.25,1.88235294118,0.786197569093,2.25,0.166339869281,0.0612244897959,3,0.00441176470588,0.185952380952,17,17,17,1,0,0.352941176471,0.411764705882,0.235294117647,17,0.128676470588,1.90196078431,4.11764705882,3.18181818182,2.69230769231,1.57648156274,0.382859808093,0.201680672269,2.01465221053,0.978545359402,0.524369747899,1.74894926439,0.849489642704,0.463865546218,0.814492905316,0.428238537847,2.33333333333,1.90196078431,0.814492905316,2.33333333333,0,0,0,0,0.164242424242,17,17,17,1,0,0.352941176471,0.411764705882,0.235294117647,17,38,0.139705882353,2.13617647059,4.47058823529,3.16666666667,2.92307692308,1.69991349261,0.380243807557,0.19040247678,2.04723630062,0.915868871331,0.495356037152,1.92124346989,0.859503657582,0.467492260062,0.898017833571,0.420385602938,2.5,2.13617647059,0.898017833571,2.5,0.180065359477,0.0774193548387,4,0.00588235294118,0.164051226551,17,17,17,1,0,0.294117647059,0.470588235294,0.235294117647,1,0.00367647058824,0.253823529412,0.117647058824,-0.19696969697,0.0769230769231,0.00650064902221,-0.00878346732077,-0.00355618776671,-0.0514327453931,-0.0483844741355,-0.0229269517195,0.0425705966328,-0.00367036526551,-0.0030959752322,0.111820264479,0.002718144358,0.25,0.253823529412,0.111820264479,0.25,0.0137254901961,0.0161948650428,1,0.00147058823529,-0.0219011544012,-0.0588235294118,0.0588235294118,0,37,1,0,234,1,0.995744680851,0.00425531914894,0,0.973684210526,1,0.986666666667,0.984652666406,0.995744680851,0.973684210526,3,2,0,0,0,0
112,WLNM_dir_neg,1,0.5,00:00:12,10,10,13,1979945686,threshold_sweep,0.4,0.666666666667,1,0.8,2,1,0,3,1,0.75,0.25,0,0.666666666667,1,0.8,0.833333333333,0.5,0.666666666667,0.707106781187,0.75,37,35,2,0,37,0,35,0,2,17,37,0.136029411765,1.88235294118,4.35294117647,3.36363636364,2.84615384615,1.69341284359,0.389027274878,0.193958664547,2.09866904602,0.964253345467,0.518282988871,1.87867287326,0.863174022847,0.470588235294,0.786197569093,0.41766745858,2.25,1.88235294118,0.786197569093,2.25,0.166339869281,0.0612244897959,3,0.00441176470588,0.185952380952,17,17,17,1,0,0.352941176471,0.411764705882,0.235294117647,17,0.128676470588,1.90196078431,4.11764705882,3.18181818182,2.69230769231,1.57648156274,0.382859808093,0.201680672269,2.01465221053,0.978545359402,0.524369747899,1.74894926439,0.849489642704,0.463865546218,0.814492905316,0.428238537847,2.33333333333,1.90196078431,0.814492905316,2.33333333333,0,0,0,0,0.164242424242,17,17,17,1,0,0.352941176471,0.411764705882,0.235294117647,17,38,0.139705882353,2.13617647059,4.47058823529,3.16666666667,2.92307692308,1.69991349261,0.380243807557,0.19040247678,2.04723630062,0.915868871331,0.495356037152,1.92124346989,0.859503657582,0.467492260062,0.898017833571,0.420385602938,2.5,2.13617647059,0.898017833571,2.5,0.180065359477,0.0774193548387,4,0.00588235294118,0.164051226551,17,17,17,1,0,0.294117647059,0.470588235294,0.235294117647,1,0.00367647058824,0.253823529412,0.117647058824,-0.19696969697,0.0769230769231,0.00650064902221,-0.00878346732077,-0.00355618776671,-0.0514327453931,-0.0483844741355,-0.0229269517195,0.0425705966328,-0.00367036526551,-0.0030959752322,0.111820264479,0.002718144358,0.25,0.253823529412,0.111820264479,0.25,0.0137254901961,0.0161948650428,1,0.00147058823529,-0.0219011544012,-0.0588235294118,0.0588235294118,0,37,1,0,234,1,0.995744680851,0.00425531914894,0,0.973684210526,1,0.986666666667,0.984652666406,0.995744680851,0.973684210526,3,2,0,0,0,0
113,WLNM_dir_neg,1,0.5,00:00:12,10,10,13,1979945686,threshold_sweep,0.5,0.666666666667,1,0.8,2,1,0,3,1,0.75,0.25,0,0.666666666667,1,0.8,0.833333333333,0.5,0.666666666667,0.707106781187,0.75,37,35,2,0,37,0,35,0,2,17,37,0.136029411765,1.88235294118,4.35294117647,3.36363636364,2.84615384615,1.69341284359,0.389027274878,0.193958664547,2.09866904602,0.964253345467,0.518282988871,1.87867287326,0.863174022847,0.470588235294,0.786197569093,0.41766745858,2.25,1.88235294118,0.786197569093,2.25,0.166339869281,0.0612244897959,3,0.00441176470588,0.185952380952,17,17,17,1,0,0.352941176471,0.411764705882,0.235294117647,17,0.128676470588,1.90196078431,4.11764705882,3.18181818182,2.69230769231,1.57648156274,0.382859808093,0.201680672269,2.01465221053,0.978545359402,0.524369747899,1.74894926439,0.849489642704,0.463865546218,0.814492905316,0.428238537847,2.33333333333,1.90196078431,0.814492905316,2.33333333333,0,0,0,0,0.164242424242,17,17,17,1,0,0.352941176471,0.411764705882,0.235294117647,17,38,0.139705882353,2.13617647059,4.47058823529,3.16666666667,2.92307692308,1.69991349261,0.380243807557,0.19040247678,2.04723630062,0.915868871331,0.495356037152,1.92124346989,0.859503657582,0.467492260062,0.898017833571,0.420385602938,2.5,2.13617647059,0.898017833571,2.5,0.180065359477,0.0774193548387,4,0.00588235294118,0.164051226551,17,17,17,1,0,0.294117647059,0.470588235294,0.235294117647,1,0.00367647058824,0.253823529412,0.117647058824,-0.19696969697,0.0769230769231,0.00650064902221,-0.00878346732077,-0.00355618776671,-0.0514327453931,-0.0483844741355,-0.0229269517195,0.0425705966328,-0.00367036526551,-0.0030959752322,0.111820264479,0.002718144358,0.25,0.253823529412,0.111820264479,0.25,0.0137254901961,0.0161948650428,1,0.00147058823529,-0.0219011544012,-0.0588235294118,0.0588235294118,0,37,1,0,234,1,0.995744680851,0.00425531914894,0,0.973684210526,1,0.986666666667,0.984652666406,0.995744680851,0.973684210526,3,2,0,0,0,0
114,WLNM_dir_neg,1,0.5,00:00:12,10,10,13,1979945686,threshold_sweep,0.6,0.666666666667,1,0.8,2,1,0,3,1,0.75,0.25,0,0.666666666667,1,0.8,0.833333333333,0.5,0.666666666667,0.707106781187,0.75,37,35,2,0,37,0,35,0,2,17,37,0.136029411765,1.88235294118,4.35294117647,3.36363636364,2.84615384615,1.69341284359,0.389027274878,0.193958664547,2.09866904602,0.964253345467,0.518282988871,1.87867287326,0.863174022847,0.470588235294,0.786197569093,0.41766745858,2.25,1.88235294118,0.786197569093,2.25,0.166339869281,0.0612244897959,3,0.00441176470588,0.185952380952,17,17,17,1,0,0.352941176471,0.411764705882,0.235294117647,17,0.128676470588,1.90196078431,4.11764705882,3.18181818182,2.69230769231,1.57648156274,0.382859808093,0.201680672269,2.01465221053,0.978545359402,0.524369747899,1.74894926439,0.849489642704,0.463865546218,0.814492905316,0.428238537847,2.33333333333,1.90196078431,0.814492905316,2.33333333333,0,0,0,0,0.164242424242,17,17,17,1,0,0.352941176471,0.411764705882,0.235294117647,17,38,0.139705882353,2.13617647059,4.47058823529,3.16666666667,2.92307692308,1.69991349261,0.380243807557,0.19040247678,2.04723630062,0.915868871331,0.495356037152,1.92124346989,0.859503657582,0.467492260062,0.898017833571,0.420385602938,2.5,2.13617647059,0.898017833571,2.5,0.180065359477,0.0774193548387,4,0.00588235294118,0.164051226551,17,17,17,1,0,0.294117647059,0.470588235294,0.235294117647,1,0.00367647058824,0.253823529412,0.117647058824,-0.19696969697,0.0769230769231,0.00650064902221,-0.00878346732077,-0.00355618776671,-0.0514327453931,-0.0483844741355,-0.0229269517195,0.0425705966328,-0.00367036526551,-0.0030959752322,0.111820264479,0.002718144358,0.25,0.253823529412,0.111820264479,0.25,0.0137254901961,0.0161948650428,1,0.00147058823529,-0.0219011544012,-0.0588235294118,0.0588235294118,0,37,1,0,234,1,0.995744680851,0.00425531914894,0,0.973684210526,1,0.986666666667,0.984652666406,0.995744680851,0.973684210526,3,2,0,0,0,0
115,WLNM_dir_neg,1,0.5,00:00:12,10,10,13,1979945686,threshold_sweep,0.7,0.666666666667,1,0.8,2,1,0,3,1,0.75,0.25,0,0.666666666667,1,0.8,0.833333333333,0.5,0.666666666667,0.707106781187,0.75,37,35,2,0,37,0,35,0,2,17,37,0.136029411765,1.88235294118,4.35294117647,3.36363636364,2.84615384615,1.69341284359,0.389027274878,0.193958664547,2.09866904602,0.964253345467,0.518282988871,1.87867287326,0.863174022847,0.470588235294,0.786197569093,0.41766745858,2.25,1.88235294118,0.786197569093,2.25,0.166339869281,0.0612244897959,3,0.00441176470588,0.185952380952,17,17,17,1,0,0.352941176471,0.411764705882,0.235294117647,17,0.128676470588,1.90196078431,4.11764705882,3.18181818182,2.69230769231,1.57648156274,0.382859808093,0.201680672269,2.01465221053,0.978545359402,0.524369747899,1.74894926439,0.849489642704,0.463865546218,0.814492905316,0.428238537847,2.33333333333,1.90196078431,0.814492905316,2.33333333333,0,0,0,0,0.164242424242,17,17,17,1,0,0.352941176471,0.411764705882,0.235294117647,17,38,0.139705882353,2.13617647059,4.47058823529,3.16666666667,2.92307692308,1.69991349261,0.380243807557,0.19040247678,2.04723630062,0.915868871331,0.495356037152,1.92124346989,0.859503657582,0.467492260062,0.898017833571,0.420385602938,2.5,2.13617647059,0.898017833571,2.5,0.180065359477,0.0774193548387,4,0.00588235294118,0.164051226551,17,17,17,1,0,0.294117647059,0.470588235294,0.235294117647,1,0.00367647058824,0.253823529412,0.117647058824,-0.19696969697,0.0769230769231,0.00650064902221,-0.00878346732077,-0.00355618776671,-0.0514327453931,-0.0483844741355,-0.0229269517195,0.0425705966328,-0.00367036526551,-0.0030959752322,0.111820264479,0.002718144358,0.25,0.253823529412,0.111820264479,0.25,0.0137254901961,0.0161948650428,1,0.00147058823529,-0.0219011544012,-0.0588235294118,0.0588235294118,0,37,1,0,234,1,0.995744680851,0.00425531914894,0,0.973684210526,1,0.986666666667,0.984652666406,0.995744680851,0.973684210526,3,2,0,0,0,0
116,WLNM_dir_neg,1,0.5,00:00:12,10,10,13,1979945686,threshold_sweep,0.8,0.666666666667,1,0.8,2,1,0,3,1,0.75,0.25,0,0.666666666667,1,0.8,0.833333333333,0.5,0.666666666667,0.707106781187,0.75,37,35,2,0,37,0,35,0,2,17,37,0.136029411765,1.88235294118,4.35294117647,3.36363636364,2.84615384615,1.69341284359,0.389027274878,0.193958664547,2.09866904602,0.964253345467,0.518282988871,1.87867287326,0.863174022847,0.470588235294,0.786197569093,0.41766745858,2.25,1.88235294118,0.786197569093,2.25,0.166339869281,0.0612244897959,3,0.00441176470588,0.185952380952,17,17,17,1,0,0.352941176471,0.411764705882,0.235294117647,17,0.128676470588,1.90196078431,4.11764705882,3.18181818182,2.69230769231,1.57648156274,0.382859808093,0.201680672269,2.01465221053,0.978545359402,0.524369747899,1.74894926439,0.849489642704,0.463865546218,0.814492905316,0.428238537847,2.33333333333,1.90196078431,0.814492905316,2.33333333333,0,0,0,0,0.164242424242,17,17,17,1,0,0.352941176471,0.411764705882,0.235294117647,17,38,0.139705882353,2.13617647059,4.47058823529,3.16666666667,2.92307692308,1.69991349261,0.380243807557,0.19040247678,2.04723630062,0.915868871331,0.495356037152,1.92124346989,0.859503657582,0.467492260062,0.898017833571,0.420385602938,2.5,2.13617647059,0.898017833571,2.5,0.180065359477,0.0774193548387,4,0.00588235294118,0.164051226551,17,17,17,1,0,0.294117647059,0.470588235294,0.235294117647,1,0.00367647058824,0.253823529412,0.117647058824,-0.19696969697,0.0769230769231,0.00650064902221,-0.00878346732077,-0.00355618776671,-0.0514327453931,-0.0483844741355,-0.0229269517195,0.0425705966328,-0.00367036526551,-0.0030959752322,0.111820264479,0.002718144358,0.25,0.253823529412,0.111820264479,0.25,0.0137254901961,0.0161948650428,1,0.00147058823529,-0.0219011544012,-0.0588235294118,0.0588235294118,0,37,1,0,234,1,0.995744680851,0.00425531914894,0,0.973684210526,1,0.986666666667,0.984652666406,0.995744680851,0.973684210526,3,2,0,0,0,0
117,WLNM_dir_neg,1,0.5,00:00:12,10,10,13,1979945686,threshold_sweep,0.9,0.666666666667,1,0.8,2,1,0,3,1,0.75,0.25,0,0.666666666667,1,0.8,0.833333333333,0.5,0.666666666667,0.707106781187,0.75,37,35,2,0,37,0,35,0,2,17,37,0.136029411765,1.88235294118,4.35294117647,3.36363636364,2.84615384615,1.69341284359,0.389027274878,0.193958664547,2.09866904602,0.964253345467,0.518282988871,1.87867287326,0.863174022847,0.470588235294,0.786197569093,0.41766745858,2.25,1.88235294118,0.786197569093,2.25,0.166339869281,0.0612244897959,3,0.00441176470588,0.185952380952,17,17,17,1,0,0.352941176471,0.411764705882,0.235294117647,17,0.128676470588,1.90196078431,4.11764705882,3.18181818182,2.69230769231,1.57648156274,0.382859808093,0.201680672269,2.01465221053,0.978545359402,0.524369747899,1.74894926439,0.849489642704,0.463865546218,0.814492905316,0.428238537847,2.33333333333,1.90196078431,0.814492905316,2.33333333333,0,0,0,0,0.164242424242,17,17,17,1,0,0.352941176471,0.411764705882,0.235294117647,17,38,0.139705882353,2.13617647059,4.47058823529,3.16666666667,2.92307692308,1.69991349261,0.380243807557,0.19040247678,2.04723630062,0.915868871331,0.495356037152,1.92124346989,0.859503657582,0.467492260062,0.898017833571,0.420385602938,2.5,2.13617647059,0.898017833571,2.5,0.180065359477,0.0774193548387,4,0.00588235294118,0.164051226551,17,17,17,1,0,0.294117647059,0.470588235294,0.235294117647,1,0.00367647058824,0.253823529412,0.117647058824,-0.19696969697,0.0769230769231,0.00650064902221,-0.00878346732077,-0.00355618776671,-0.0514327453931,-0.0483844741355,-0.0229269517195,0.0425705966328,-0.00367036526551,-0.0030959752322,0.111820264479,0.002718144358,0.25,0.253823529412,0.111820264479,0.25,0.0137254901961,0.0161948650428,1,0.00147058823529,-0.0219011544012,-0.0588235294118,0.0588235294118,0,37,1,0,234,1,0.995744680851,0.00425531914894,0,0.973684210526,1,0.986666666667,0.984652666406,0.995744680851,0.973684210526,3,2,0,0,0,0
118,WLNM_dir_neg,1,0.5,00:00:12,10,10,14,1979945687,threshold_sweep,0.1,1,1,1,2,0,0,4,1,1,0,0,1,1,1,1,0.555555555556,1,1,1,37,35,2,0,37,0,35,0,2,17,37,0.136029411765,1.88235294118,4.35294117647,3.36363636364,2.84615384615,1.69341284359,0.389027274878,0.193958664547,2.09866904602,0.964253345467,0.518282988871,1.87867287326,0.863174022847,0.470588235294,0.786197569093,0.41766745858,2.25,1.88235294118,0.786197569093,2.25,0.166339869281,0.0612244897959,3,0.00441176470588,0.185952380952,17,17,17,1,0,0.352941176471,0.411764705882,0.235294117647,17,0.128676470588,1.90196078431,4.11764705882,3.18181818182,2.69230769231,1.57648156274,0.382859808093,0.201680672269,2.01465221053,0.978545359402,0.524369747899,1.74894926439,0.849489642704,0.463865546218,0.814492905316,0.428238537847,2.33333333333,1.90196078431,0.814492905316,2.33333333333,0,0,0,0,0.164242424242,17,17,17,1,0,0.352941176471,0.411764705882,0.235294117647,17,37,0.136029411765,1.88235294118,4.35294117647,3.36363636364,2.84615384615,1.69341284359,0.389027274878,0.193958664547,2.09866904602,0.964253345467,0.518282988871,1.87867287326,0.863174022847,0.470588235294,0.786197569093,0.41766745858,2.25,1.88235294118,0.786197569093,2.25,0.166339869281,0.0612244897959,3,0.00441176470588,0.185952380952,17,17,17,1,0,0.352941176471,0.411764705882,0.235294117647,0,0,0,0,0,0,0,0,0,0,0,0,0,0,0,0,0,0,0,0,0,0,0,0,0,0,0,0,0,37,0,0,235,1,1,0,0,1,1,1,1,1,1,2,2,0,0,0,0
119,WLNM_dir_neg,1,0.5,00:00:12,10,10,14,1979945687,threshold_sweep,0.2,1,1,1,2,0,0,4,1,1,0,0,1,1,1,1,0.555555555556,1,1,1,37,35,2,0,37,0,35,0,2,17,37,0.136029411765,1.88235294118,4.35294117647,3.36363636364,2.84615384615,1.69341284359,0.389027274878,0.193958664547,2.09866904602,0.964253345467,0.518282988871,1.87867287326,0.863174022847,0.470588235294,0.786197569093,0.41766745858,2.25,1.88235294118,0.786197569093,2.25,0.166339869281,0.0612244897959,3,0.00441176470588,0.185952380952,17,17,17,1,0,0.352941176471,0.411764705882,0.235294117647,17,0.128676470588,1.90196078431,4.11764705882,3.18181818182,2.69230769231,1.57648156274,0.382859808093,0.201680672269,2.01465221053,0.978545359402,0.524369747899,1.74894926439,0.849489642704,0.463865546218,0.814492905316,0.428238537847,2.33333333333,1.90196078431,0.814492905316,2.33333333333,0,0,0,0,0.164242424242,17,17,17,1,0,0.352941176471,0.411764705882,0.235294117647,17,37,0.136029411765,1.88235294118,4.35294117647,3.36363636364,2.84615384615,1.69341284359,0.389027274878,0.193958664547,2.09866904602,0.964253345467,0.518282988871,1.87867287326,0.863174022847,0.470588235294,0.786197569093,0.41766745858,2.25,1.88235294118,0.786197569093,2.25,0.166339869281,0.0612244897959,3,0.00441176470588,0.185952380952,17,17,17,1,0,0.352941176471,0.411764705882,0.235294117647,0,0,0,0,0,0,0,0,0,0,0,0,0,0,0,0,0,0,0,0,0,0,0,0,0,0,0,0,0,37,0,0,235,1,1,0,0,1,1,1,1,1,1,2,2,0,0,0,0
120,WLNM_dir_neg,1,0.5,00:00:12,10,10,14,1979945687,threshold_sweep,0.3,1,1,1,2,0,0,4,1,1,0,0,1,1,1,1,0.555555555556,1,1,1,37,35,2,0,37,0,35,0,2,17,37,0.136029411765,1.88235294118,4.35294117647,3.36363636364,2.84615384615,1.69341284359,0.389027274878,0.193958664547,2.09866904602,0.964253345467,0.518282988871,1.87867287326,0.863174022847,0.470588235294,0.786197569093,0.41766745858,2.25,1.88235294118,0.786197569093,2.25,0.166339869281,0.0612244897959,3,0.00441176470588,0.185952380952,17,17,17,1,0,0.352941176471,0.411764705882,0.235294117647,17,0.128676470588,1.90196078431,4.11764705882,3.18181818182,2.69230769231,1.57648156274,0.382859808093,0.201680672269,2.01465221053,0.978545359402,0.524369747899,1.74894926439,0.849489642704,0.463865546218,0.814492905316,0.428238537847,2.33333333333,1.90196078431,0.814492905316,2.33333333333,0,0,0,0,0.164242424242,17,17,17,1,0,0.352941176471,0.411764705882,0.235294117647,17,37,0.136029411765,1.88235294118,4.35294117647,3.36363636364,2.84615384615,1.69341284359,0.389027274878,0.193958664547,2.09866904602,0.964253345467,0.518282988871,1.87867287326,0.863174022847,0.470588235294,0.786197569093,0.41766745858,2.25,1.88235294118,0.786197569093,2.25,0.166339869281,0.0612244897959,3,0.00441176470588,0.185952380952,17,17,17,1,0,0.352941176471,0.411764705882,0.235294117647,0,0,0,0,0,0,0,0,0,0,0,0,0,0,0,0,0,0,0,0,0,0,0,0,0,0,0,0,0,37,0,0,235,1,1,0,0,1,1,1,1,1,1,2,2,0,0,0,0
121,WLNM_dir_neg,1,0.5,00:00:12,10,10,14,1979945687,threshold_sweep,0.4,1,1,1,2,0,0,4,1,1,0,0,1,1,1,1,0.555555555556,1,1,1,37,35,2,0,37,0,35,0,2,17,37,0.136029411765,1.88235294118,4.35294117647,3.36363636364,2.84615384615,1.69341284359,0.389027274878,0.193958664547,2.09866904602,0.964253345467,0.518282988871,1.87867287326,0.863174022847,0.470588235294,0.786197569093,0.41766745858,2.25,1.88235294118,0.786197569093,2.25,0.166339869281,0.0612244897959,3,0.00441176470588,0.185952380952,17,17,17,1,0,0.352941176471,0.411764705882,0.235294117647,17,0.128676470588,1.90196078431,4.11764705882,3.18181818182,2.69230769231,1.57648156274,0.382859808093,0.201680672269,2.01465221053,0.978545359402,0.524369747899,1.74894926439,0.849489642704,0.463865546218,0.814492905316,0.428238537847,2.33333333333,1.90196078431,0.814492905316,2.33333333333,0,0,0,0,0.164242424242,17,17,17,1,0,0.352941176471,0.411764705882,0.235294117647,17,37,0.136029411765,1.88235294118,4.35294117647,3.36363636364,2.84615384615,1.69341284359,0.389027274878,0.193958664547,2.09866904602,0.964253345467,0.518282988871,1.87867287326,0.863174022847,0.470588235294,0.786197569093,0.41766745858,2.25,1.88235294118,0.786197569093,2.25,0.166339869281,0.0612244897959,3,0.00441176470588,0.185952380952,17,17,17,1,0,0.352941176471,0.411764705882,0.235294117647,0,0,0,0,0,0,0,0,0,0,0,0,0,0,0,0,0,0,0,0,0,0,0,0,0,0,0,0,0,37,0,0,235,1,1,0,0,1,1,1,1,1,1,2,2,0,0,0,0
122,WLNM_dir_neg,1,0.5,00:00:12,10,10,14,1979945687,threshold_sweep,0.5,1,1,1,2,0,0,4,1,1,0,0,1,1,1,1,0.555555555556,1,1,1,37,35,2,0,37,0,35,0,2,17,37,0.136029411765,1.88235294118,4.35294117647,3.36363636364,2.84615384615,1.69341284359,0.389027274878,0.193958664547,2.09866904602,0.964253345467,0.518282988871,1.87867287326,0.863174022847,0.470588235294,0.786197569093,0.41766745858,2.25,1.88235294118,0.786197569093,2.25,0.166339869281,0.0612244897959,3,0.00441176470588,0.185952380952,17,17,17,1,0,0.352941176471,0.411764705882,0.235294117647,17,0.128676470588,1.90196078431,4.11764705882,3.18181818182,2.69230769231,1.57648156274,0.382859808093,0.201680672269,2.01465221053,0.978545359402,0.524369747899,1.74894926439,0.849489642704,0.463865546218,0.814492905316,0.428238537847,2.33333333333,1.90196078431,0.814492905316,2.33333333333,0,0,0,0,0.164242424242,17,17,17,1,0,0.352941176471,0.411764705882,0.235294117647,17,37,0.136029411765,1.88235294118,4.35294117647,3.36363636364,2.84615384615,1.69341284359,0.389027274878,0.193958664547,2.09866904602,0.964253345467,0.518282988871,1.87867287326,0.863174022847,0.470588235294,0.786197569093,0.41766745858,2.25,1.88235294118,0.786197569093,2.25,0.166339869281,0.0612244897959,3,0.00441176470588,0.185952380952,17,17,17,1,0,0.352941176471,0.411764705882,0.235294117647,0,0,0,0,0,0,0,0,0,0,0,0,0,0,0,0,0,0,0,0,0,0,0,0,0,0,0,0,0,37,0,0,235,1,1,0,0,1,1,1,1,1,1,2,2,0,0,0,0
123,WLNM_dir_neg,1,0.5,00:00:12,10,10,14,1979945687,threshold_sweep,0.6,1,1,1,2,0,0,4,1,1,0,0,1,1,1,1,0.555555555556,1,1,1,37,35,2,0,37,0,35,0,2,17,37,0.136029411765,1.88235294118,4.35294117647,3.36363636364,2.84615384615,1.69341284359,0.389027274878,0.193958664547,2.09866904602,0.964253345467,0.518282988871,1.87867287326,0.863174022847,0.470588235294,0.786197569093,0.41766745858,2.25,1.88235294118,0.786197569093,2.25,0.166339869281,0.0612244897959,3,0.00441176470588,0.185952380952,17,17,17,1,0,0.352941176471,0.411764705882,0.235294117647,17,0.128676470588,1.90196078431,4.11764705882,3.18181818182,2.69230769231,1.57648156274,0.382859808093,0.201680672269,2.01465221053,0.978545359402,0.524369747899,1.74894926439,0.849489642704,0.463865546218,0.814492905316,0.428238537847,2.33333333333,1.90196078431,0.814492905316,2.33333333333,0,0,0,0,0.164242424242,17,17,17,1,0,0.352941176471,0.411764705882,0.235294117647,17,37,0.136029411765,1.88235294118,4.35294117647,3.36363636364,2.84615384615,1.69341284359,0.389027274878,0.193958664547,2.09866904602,0.964253345467,0.518282988871,1.87867287326,0.863174022847,0.470588235294,0.786197569093,0.41766745858,2.25,1.88235294118,0.786197569093,2.25,0.166339869281,0.0612244897959,3,0.00441176470588,0.185952380952,17,17,17,1,0,0.352941176471,0.411764705882,0.235294117647,0,0,0,0,0,0,0,0,0,0,0,0,0,0,0,0,0,0,0,0,0,0,0,0,0,0,0,0,0,37,0,0,235,1,1,0,0,1,1,1,1,1,1,2,2,0,0,0,0
124,WLNM_dir_neg,1,0.5,00:00:12,10,10,14,1979945687,threshold_sweep,0.7,1,0.5,0.666666666667,1,0,1,4,0.5,1,0,0.5,1,0.5,0.666666666667,0.833333333333,0.611111111111,0.571428571429,0.632455532034,0.5,37,35,2,0,37,0,35,0,2,17,37,0.136029411765,1.88235294118,4.35294117647,3.36363636364,2.84615384615,1.69341284359,0.389027274878,0.193958664547,2.09866904602,0.964253345467,0.518282988871,1.87867287326,0.863174022847,0.470588235294,0.786197569093,0.41766745858,2.25,1.88235294118,0.786197569093,2.25,0.166339869281,0.0612244897959,3,0.00441176470588,0.185952380952,17,17,17,1,0,0.352941176471,0.411764705882,0.235294117647,17,0.128676470588,1.90196078431,4.11764705882,3.18181818182,2.69230769231,1.57648156274,0.382859808093,0.201680672269,2.01465221053,0.978545359402,0.524369747899,1.74894926439,0.849489642704,0.463865546218,0.814492905316,0.428238537847,2.33333333333,1.90196078431,0.814492905316,2.33333333333,0,0,0,0,0.164242424242,17,17,17,1,0,0.352941176471,0.411764705882,0.235294117647,17,36,0.132352941176,1.89705882353,4.23529411765,3.27272727273,2.76923076923,1.71498585143,0.40492721492,0.204248366013,2.05798302171,0.971825315808,0.522875816993,1.79869233546,0.849382491746,0.464052287582,0.805541469338,0.424626510969,2.25,1.89705882353,0.805541469338,2.25,0.0702614379085,0.0214285714286,1,0.00147058823529,0.175454545455,17,17,17,1,0,0.352941176471,0.411764705882,0.235294117647,-1,-0.00367647058824,0.0147058823529,-0.117647058824,-0.0909090909091,-0.0769230769231,0.0215730078386,0.0158999400418,0.0102897014662,-0.0406860243059,0.00757197034072,0.00459282812224,-0.0799805377942,-0.0137915311015,-0.00653594771242,0.0193439002456,0.00695905238854,0,0.0147058823529,0.0193439002456,0,-0.0960784313725,-0.0397959183673,-2,-0.00294117647059,-0.0104978354978,0,0,0,36,0,1,235,0.972972972973,1,0,0.027027027027,1,0.972972972973,0.986301369863,0.984301887704,0.972972972973,0.972972972973,1,2,0,0,0,0
125,WLNM_dir_neg,1,0.5,00:00:12,10,10,14,1979945687,threshold_sweep,0.8,1,0.5,0.666666666667,1,0,1,4,0.5,1,0,0.5,1,0.5,0.666666666667,0.833333333333,0.611111111111,0.571428571429,0.632455532034,0.5,37,35,2,0,37,0,35,0,2,17,37,0.136029411765,1.88235294118,4.35294117647,3.36363636364,2.84615384615,1.69341284359,0.389027274878,0.193958664547,2.09866904602,0.964253345467,0.518282988871,1.87867287326,0.863174022847,0.470588235294,0.786197569093,0.41766745858,2.25,1.88235294118,0.786197569093,2.25,0.166339869281,0.0612244897959,3,0.00441176470588,0.185952380952,17,17,17,1,0,0.352941176471,0.411764705882,0.235294117647,17,0.128676470588,1.90196078431,4.11764705882,3.18181818182,2.69230769231,1.57648156274,0.382859808093,0.201680672269,2.01465221053,0.978545359402,0.524369747899,1.74894926439,0.849489642704,0.463865546218,0.814492905316,0.428238537847,2.33333333333,1.90196078431,0.814492905316,2.33333333333,0,0,0,0,0.164242424242,17,17,17,1,0,0.352941176471,0.411764705882,0.235294117647,17,36,0.132352941176,1.89705882353,4.23529411765,3.27272727273,2.76923076923,1.71498585143,0.40492721492,0.204248366013,2.05798302171,0.971825315808,0.522875816993,1.79869233546,0.849382491746,0.464052287582,0.805541469338,0.424626510969,2.25,1.89705882353,0.805541469338,2.25,0.0702614379085,0.0214285714286,1,0.00147058823529,0.175454545455,17,17,17,1,0,0.352941176471,0.411764705882,0.235294117647,-1,-0.00367647058824,0.0147058823529,-0.117647058824,-0.0909090909091,-0.0769230769231,0.0215730078386,0.0158999400418,0.0102897014662,-0.0406860243059,0.00757197034072,0.00459282812224,-0.0799805377942,-0.0137915311015,-0.00653594771242,0.0193439002456,0.00695905238854,0,0.0147058823529,0.0193439002456,0,-0.0960784313725,-0.0397959183673,-2,-0.00294117647059,-0.0104978354978,0,0,0,36,0,1,235,0.972972972973,1,0,0.027027027027,1,0.972972972973,0.986301369863,0.984301887704,0.972972972973,0.972972972973,1,2,0,0,0,0
126,WLNM_dir_neg,1,0.5,00:00:12,10,10,14,1979945687,threshold_sweep,0.9,1,0.5,0.666666666667,1,0,1,4,0.5,1,0,0.5,1,0.5,0.666666666667,0.833333333333,0.611111111111,0.571428571429,0.632455532034,0.5,37,35,2,0,37,0,35,0,2,17,37,0.136029411765,1.88235294118,4.35294117647,3.36363636364,2.84615384615,1.69341284359,0.389027274878,0.193958664547,2.09866904602,0.964253345467,0.518282988871,1.87867287326,0.863174022847,0.470588235294,0.786197569093,0.41766745858,2.25,1.88235294118,0.786197569093,2.25,0.166339869281,0.0612244897959,3,0.00441176470588,0.185952380952,17,17,17,1,0,0.352941176471,0.411764705882,0.235294117647,17,0.128676470588,1.90196078431,4.11764705882,3.18181818182,2.69230769231,1.57648156274,0.382859808093,0.201680672269,2.01465221053,0.978545359402,0.524369747899,1.74894926439,0.849489642704,0.463865546218,0.814492905316,0.428238537847,2.33333333333,1.90196078431,0.814492905316,2.33333333333,0,0,0,0,0.164242424242,17,17,17,1,0,0.352941176471,0.411764705882,0.235294117647,17,36,0.132352941176,1.89705882353,4.23529411765,3.27272727273,2.76923076923,1.71498585143,0.40492721492,0.204248366013,2.05798302171,0.971825315808,0.522875816993,1.79869233546,0.849382491746,0.464052287582,0.805541469338,0.424626510969,2.25,1.89705882353,0.805541469338,2.25,0.0702614379085,0.0214285714286,1,0.00147058823529,0.175454545455,17,17,17,1,0,0.352941176471,0.411764705882,0.235294117647,-1,-0.00367647058824,0.0147058823529,-0.117647058824,-0.0909090909091,-0.0769230769231,0.0215730078386,0.0158999400418,0.0102897014662,-0.0406860243059,0.00757197034072,0.00459282812224,-0.0799805377942,-0.0137915311015,-0.00653594771242,0.0193439002456,0.00695905238854,0,0.0147058823529,0.0193439002456,0,-0.0960784313725,-0.0397959183673,-2,-0.00294117647059,-0.0104978354978,0,0,0,36,0,1,235,0.972972972973,1,0,0.027027027027,1,0.972972972973,0.986301369863,0.984301887704,0.972972972973,0.972972972973,1,2,0,0,0,0
127,WLNM_dir_neg,1,0.5,00:00:12,10,10,15,1979945688,threshold_sweep,0.1,0.666666666667,1,0.8,2,1,0,3,1,0.75,0.25,0,0.666666666667,1,0.8,0.833333333333,0.5,0.666666666667,0.707106781187,0.75,37,35,2,0,37,0,35,0,2,17,37,0.136029411765,1.88235294118,4.35294117647,3.36363636364,2.84615384615,1.69341284359,0.389027274878,0.193958664547,2.09866904602,0.964253345467,0.518282988871,1.87867287326,0.863174022847,0.470588235294,0.786197569093,0.41766745858,2.25,1.88235294118,0.786197569093,2.25,0.166339869281,0.0612244897959,3,0.00441176470588,0.185952380952,17,17,17,1,0,0.352941176471,0.411764705882,0.235294117647,17,0.128676470588,1.90196078431,4.11764705882,3.18181818182,2.69230769231,1.57648156274,0.382859808093,0.201680672269,2.01465221053,0.978545359402,0.524369747899,1.74894926439,0.849489642704,0.463865546218,0.814492905316,0.428238537847,2.33333333333,1.90196078431,0.814492905316,2.33333333333,0,0,0,0,0.164242424242,17,17,17,1,0,0.352941176471,0.411764705882,0.235294117647,17,38,0.139705882353,1.89460784314,4.47058823529,3.45454545455,2.71428571429,1.73629084037,0.388380845872,0.198142414861,2.19457888229,0.981785289445,0.529411764706,1.82103719638,0.814674535221,0.442724458204,0.806080091789,0.425460126067,2.25,1.89460784314,0.806080091789,2.25,0.209150326797,0.115384615385,6,0.00882352941176,0.183398268398,17,17,17,1,0,0.352941176471,0.470588235294,0.176470588235,1,0.00367647058824,0.0122549019608,0.117647058824,0.0909090909091,-0.131868131868,0.0428779967836,-0.000646429005719,0.00418375031378,0.0959098362728,0.0175319439782,0.0111287758347,-0.0576356768785,-0.0484994876259,-0.0278637770898,0.0198825226968,0.0077926674869,0,0.0122549019608,0.0198825226968,0,0.0428104575163,0.0541601255887,3,0.00441176470588,-0.00255411255411,0,0.0588235294118,-0.0588235294118,37,1,0,234,1,0.995744680851,0.00425531914894,0,0.973684210526,1,0.986666666667,0.984652666406,0.995744680851,0.973684210526,3,2,0,0,0,0
128,WLNM_dir_neg,1,0.5,00:00:12,10,10,15,1979945688,threshold_sweep,0.2,0.666666666667,1,0.8,2,1,0,3,1,0.75,0.25,0,0.666666666667,1,0.8,0.833333333333,0.5,0.666666666667,0.707106781187,0.75,37,35,2,0,37,0,35,0,2,17,37,0.136029411765,1.88235294118,4.35294117647,3.36363636364,2.84615384615,1.69341284359,0.389027274878,0.193958664547,2.09866904602,0.964253345467,0.518282988871,1.87867287326,0.863174022847,0.470588235294,0.786197569093,0.41766745858,2.25,1.88235294118,0.786197569093,2.25,0.166339869281,0.0612244897959,3,0.00441176470588,0.185952380952,17,17,17,1,0,0.352941176471,0.411764705882,0.235294117647,17,0.128676470588,1.90196078431,4.11764705882,3.18181818182,2.69230769231,1.57648156274,0.382859808093,0.201680672269,2.01465221053,0.978545359402,0.524369747899,1.74894926439,0.849489642704,0.463865546218,0.814492905316,0.428238537847,2.33333333333,1.90196078431,0.814492905316,2.33333333333,0,0,0,0,0.164242424242,17,17,17,1,0,0.352941176471,0.411764705882,0.235294117647,17,38,0.139705882353,1.89460784314,4.47058823529,3.45454545455,2.71428571429,1.73629084037,0.388380845872,0.198142414861,2.19457888229,0.981785289445,0.529411764706,1.82103719638,0.814674535221,0.442724458204,0.806080091789,0.425460126067,2.25,1.89460784314,0.806080091789,2.25,0.209150326797,0.115384615385,6,0.00882352941176,0.183398268398,17,17,17,1,0,0.352941176471,0.470588235294,0.176470588235,1,0.00367647058824,0.0122549019608,0.117647058824,0.0909090909091,-0.131868131868,0.0428779967836,-0.000646429005719,0.00418375031378,0.0959098362728,0.0175319439782,0.0111287758347,-0.0576356768785,-0.0484994876259,-0.0278637770898,0.0198825226968,0.0077926674869,0,0.0122549019608,0.0198825226968,0,0.0428104575163,0.0541601255887,3,0.00441176470588,-0.00255411255411,0,0.0588235294118,-0.0588235294118,37,1,0,234,1,0.995744680851,0.00425531914894,0,0.973684210526,1,0.986666666667,0.984652666406,0.995744680851,0.973684210526,3,2,0,0,0,0
129,WLNM_dir_neg,1,0.5,00:00:12,10,10,15,1979945688,threshold_sweep,0.3,0.666666666667,1,0.8,2,1,0,3,1,0.75,0.25,0,0.666666666667,1,0.8,0.833333333333,0.5,0.666666666667,0.707106781187,0.75,37,35,2,0,37,0,35,0,2,17,37,0.136029411765,1.88235294118,4.35294117647,3.36363636364,2.84615384615,1.69341284359,0.389027274878,0.193958664547,2.09866904602,0.964253345467,0.518282988871,1.87867287326,0.863174022847,0.470588235294,0.786197569093,0.41766745858,2.25,1.88235294118,0.786197569093,2.25,0.166339869281,0.0612244897959,3,0.00441176470588,0.185952380952,17,17,17,1,0,0.352941176471,0.411764705882,0.235294117647,17,0.128676470588,1.90196078431,4.11764705882,3.18181818182,2.69230769231,1.57648156274,0.382859808093,0.201680672269,2.01465221053,0.978545359402,0.524369747899,1.74894926439,0.849489642704,0.463865546218,0.814492905316,0.428238537847,2.33333333333,1.90196078431,0.814492905316,2.33333333333,0,0,0,0,0.164242424242,17,17,17,1,0,0.352941176471,0.411764705882,0.235294117647,17,38,0.139705882353,1.89460784314,4.47058823529,3.45454545455,2.71428571429,1.73629084037,0.388380845872,0.198142414861,2.19457888229,0.981785289445,0.529411764706,1.82103719638,0.814674535221,0.442724458204,0.806080091789,0.425460126067,2.25,1.89460784314,0.806080091789,2.25,0.209150326797,0.115384615385,6,0.00882352941176,0.183398268398,17,17,17,1,0,0.352941176471,0.470588235294,0.176470588235,1,0.00367647058824,0.0122549019608,0.117647058824,0.0909090909091,-0.131868131868,0.0428779967836,-0.000646429005719,0.00418375031378,0.0959098362728,0.0175319439782,0.0111287758347,-0.0576356768785,-0.0484994876259,-0.0278637770898,0.0198825226968,0.0077926674869,0,0.0122549019608,0.0198825226968,0,0.0428104575163,0.0541601255887,3,0.00441176470588,-0.00255411255411,0,0.0588235294118,-0.0588235294118,37,1,0,234,1,0.995744680851,0.00425531914894,0,0.973684210526,1,0.986666666667,0.984652666406,0.995744680851,0.973684210526,3,2,0,0,0,0
130,WLNM_dir_neg,1,0.5,00:00:12,10,10,15,1979945688,threshold_sweep,0.4,0.666666666667,1,0.8,2,1,0,3,1,0.75,0.25,0,0.666666666667,1,0.8,0.833333333333,0.5,0.666666666667,0.707106781187,0.75,37,35,2,0,37,0,35,0,2,17,37,0.136029411765,1.88235294118,4.35294117647,3.36363636364,2.84615384615,1.69341284359,0.389027274878,0.193958664547,2.09866904602,0.964253345467,0.518282988871,1.87867287326,0.863174022847,0.470588235294,0.786197569093,0.41766745858,2.25,1.88235294118,0.786197569093,2.25,0.166339869281,0.0612244897959,3,0.00441176470588,0.185952380952,17,17,17,1,0,0.352941176471,0.411764705882,0.235294117647,17,0.128676470588,1.90196078431,4.11764705882,3.18181818182,2.69230769231,1.57648156274,0.382859808093,0.201680672269,2.01465221053,0.978545359402,0.524369747899,1.74894926439,0.849489642704,0.463865546218,0.814492905316,0.428238537847,2.33333333333,1.90196078431,0.814492905316,2.33333333333,0,0,0,0,0.164242424242,17,17,17,1,0,0.352941176471,0.411764705882,0.235294117647,17,38,0.139705882353,1.89460784314,4.47058823529,3.45454545455,2.71428571429,1.73629084037,0.388380845872,0.198142414861,2.19457888229,0.981785289445,0.529411764706,1.82103719638,0.814674535221,0.442724458204,0.806080091789,0.425460126067,2.25,1.89460784314,0.806080091789,2.25,0.209150326797,0.115384615385,6,0.00882352941176,0.183398268398,17,17,17,1,0,0.352941176471,0.470588235294,0.176470588235,1,0.00367647058824,0.0122549019608,0.117647058824,0.0909090909091,-0.131868131868,0.0428779967836,-0.000646429005719,0.00418375031378,0.0959098362728,0.0175319439782,0.0111287758347,-0.0576356768785,-0.0484994876259,-0.0278637770898,0.0198825226968,0.0077926674869,0,0.0122549019608,0.0198825226968,0,0.0428104575163,0.0541601255887,3,0.00441176470588,-0.00255411255411,0,0.0588235294118,-0.0588235294118,37,1,0,234,1,0.995744680851,0.00425531914894,0,0.973684210526,1,0.986666666667,0.984652666406,0.995744680851,0.973684210526,3,2,0,0,0,0
131,WLNM_dir_neg,1,0.5,00:00:12,10,10,15,1979945688,threshold_sweep,0.5,0.666666666667,1,0.8,2,1,0,3,1,0.75,0.25,0,0.666666666667,1,0.8,0.833333333333,0.5,0.666666666667,0.707106781187,0.75,37,35,2,0,37,0,35,0,2,17,37,0.136029411765,1.88235294118,4.35294117647,3.36363636364,2.84615384615,1.69341284359,0.389027274878,0.193958664547,2.09866904602,0.964253345467,0.518282988871,1.87867287326,0.863174022847,0.470588235294,0.786197569093,0.41766745858,2.25,1.88235294118,0.786197569093,2.25,0.166339869281,0.0612244897959,3,0.00441176470588,0.185952380952,17,17,17,1,0,0.352941176471,0.411764705882,0.235294117647,17,0.128676470588,1.90196078431,4.11764705882,3.18181818182,2.69230769231,1.57648156274,0.382859808093,0.201680672269,2.01465221053,0.978545359402,0.524369747899,1.74894926439,0.849489642704,0.463865546218,0.814492905316,0.428238537847,2.33333333333,1.90196078431,0.814492905316,2.33333333333,0,0,0,0,0.164242424242,17,17,17,1,0,0.352941176471,0.411764705882,0.235294117647,17,38,0.139705882353,1.89460784314,4.47058823529,3.45454545455,2.71428571429,1.73629084037,0.388380845872,0.198142414861,2.19457888229,0.981785289445,0.529411764706,1.82103719638,0.814674535221,0.442724458204,0.806080091789,0.425460126067,2.25,1.89460784314,0.806080091789,2.25,0.209150326797,0.115384615385,6,0.00882352941176,0.183398268398,17,17,17,1,0,0.352941176471,0.470588235294,0.176470588235,1,0.00367647058824,0.0122549019608,0.117647058824,0.0909090909091,-0.131868131868,0.0428779967836,-0.000646429005719,0.00418375031378,0.0959098362728,0.0175319439782,0.0111287758347,-0.0576356768785,-0.0484994876259,-0.0278637770898,0.0198825226968,0.0077926674869,0,0.0122549019608,0.0198825226968,0,0.0428104575163,0.0541601255887,3,0.00441176470588,-0.00255411255411,0,0.0588235294118,-0.0588235294118,37,1,0,234,1,0.995744680851,0.00425531914894,0,0.973684210526,1,0.986666666667,0.984652666406,0.995744680851,0.973684210526,3,2,0,0,0,0
132,WLNM_dir_neg,1,0.5,00:00:12,10,10,15,1979945688,threshold_sweep,0.6,0.666666666667,1,0.8,2,1,0,3,1,0.75,0.25,0,0.666666666667,1,0.8,0.833333333333,0.5,0.666666666667,0.707106781187,0.75,37,35,2,0,37,0,35,0,2,17,37,0.136029411765,1.88235294118,4.35294117647,3.36363636364,2.84615384615,1.69341284359,0.389027274878,0.193958664547,2.09866904602,0.964253345467,0.518282988871,1.87867287326,0.863174022847,0.470588235294,0.786197569093,0.41766745858,2.25,1.88235294118,0.786197569093,2.25,0.166339869281,0.0612244897959,3,0.00441176470588,0.185952380952,17,17,17,1,0,0.352941176471,0.411764705882,0.235294117647,17,0.128676470588,1.90196078431,4.11764705882,3.18181818182,2.69230769231,1.57648156274,0.382859808093,0.201680672269,2.01465221053,0.978545359402,0.524369747899,1.74894926439,0.849489642704,0.463865546218,0.814492905316,0.428238537847,2.33333333333,1.90196078431,0.814492905316,2.33333333333,0,0,0,0,0.164242424242,17,17,17,1,0,0.352941176471,0.411764705882,0.235294117647,17,38,0.139705882353,1.89460784314,4.47058823529,3.45454545455,2.71428571429,1.73629084037,0.388380845872,0.198142414861,2.19457888229,0.981785289445,0.529411764706,1.82103719638,0.814674535221,0.442724458204,0.806080091789,0.425460126067,2.25,1.89460784314,0.806080091789,2.25,0.209150326797,0.115384615385,6,0.00882352941176,0.183398268398,17,17,17,1,0,0.352941176471,0.470588235294,0.176470588235,1,0.00367647058824,0.0122549019608,0.117647058824,0.0909090909091,-0.131868131868,0.0428779967836,-0.000646429005719,0.00418375031378,0.0959098362728,0.0175319439782,0.0111287758347,-0.0576356768785,-0.0484994876259,-0.0278637770898,0.0198825226968,0.0077926674869,0,0.0122549019608,0.0198825226968,0,0.0428104575163,0.0541601255887,3,0.00441176470588,-0.00255411255411,0,0.0588235294118,-0.0588235294118,37,1,0,234,1,0.995744680851,0.00425531914894,0,0.973684210526,1,0.986666666667,0.984652666406,0.995744680851,0.973684210526,3,2,0,0,0,0
133,WLNM_dir_neg,1,0.5,00:00:12,10,10,15,1979945688,threshold_sweep,0.7,0.666666666667,1,0.8,2,1,0,3,1,0.75,0.25,0,0.666666666667,1,0.8,0.833333333333,0.5,0.666666666667,0.707106781187,0.75,37,35,2,0,37,0,35,0,2,17,37,0.136029411765,1.88235294118,4.35294117647,3.36363636364,2.84615384615,1.69341284359,0.389027274878,0.193958664547,2.09866904602,0.964253345467,0.518282988871,1.87867287326,0.863174022847,0.470588235294,0.786197569093,0.41766745858,2.25,1.88235294118,0.786197569093,2.25,0.166339869281,0.0612244897959,3,0.00441176470588,0.185952380952,17,17,17,1,0,0.352941176471,0.411764705882,0.235294117647,17,0.128676470588,1.90196078431,4.11764705882,3.18181818182,2.69230769231,1.57648156274,0.382859808093,0.201680672269,2.01465221053,0.978545359402,0.524369747899,1.74894926439,0.849489642704,0.463865546218,0.814492905316,0.428238537847,2.33333333333,1.90196078431,0.814492905316,2.33333333333,0,0,0,0,0.164242424242,17,17,17,1,0,0.352941176471,0.411764705882,0.235294117647,17,38,0.139705882353,1.89460784314,4.47058823529,3.45454545455,2.71428571429,1.73629084037,0.388380845872,0.198142414861,2.19457888229,0.981785289445,0.529411764706,1.82103719638,0.814674535221,0.442724458204,0.806080091789,0.425460126067,2.25,1.89460784314,0.806080091789,2.25,0.209150326797,0.115384615385,6,0.00882352941176,0.183398268398,17,17,17,1,0,0.352941176471,0.470588235294,0.176470588235,1,0.00367647058824,0.0122549019608,0.117647058824,0.0909090909091,-0.131868131868,0.0428779967836,-0.000646429005719,0.00418375031378,0.0959098362728,0.0175319439782,0.0111287758347,-0.0576356768785,-0.0484994876259,-0.0278637770898,0.0198825226968,0.0077926674869,0,0.0122549019608,0.0198825226968,0,0.0428104575163,0.0541601255887,3,0.00441176470588,-0.00255411255411,0,0.0588235294118,-0.0588235294118,37,1,0,234,1,0.995744680851,0.00425531914894,0,0.973684210526,1,0.986666666667,0.984652666406,0.995744680851,0.973684210526,3,2,0,0,0,0
134,WLNM_dir_neg,1,0.5,00:00:12,10,10,15,1979945688,threshold_sweep,0.8,0.666666666667,1,0.8,2,1,0,3,1,0.75,0.25,0,0.666666666667,1,0.8,0.833333333333,0.5,0.666666666667,0.707106781187,0.75,37,35,2,0,37,0,35,0,2,17,37,0.136029411765,1.88235294118,4.35294117647,3.36363636364,2.84615384615,1.69341284359,0.389027274878,0.193958664547,2.09866904602,0.964253345467,0.518282988871,1.87867287326,0.863174022847,0.470588235294,0.786197569093,0.41766745858,2.25,1.88235294118,0.786197569093,2.25,0.166339869281,0.0612244897959,3,0.00441176470588,0.185952380952,17,17,17,1,0,0.352941176471,0.411764705882,0.235294117647,17,0.128676470588,1.90196078431,4.11764705882,3.18181818182,2.69230769231,1.57648156274,0.382859808093,0.201680672269,2.01465221053,0.978545359402,0.524369747899,1.74894926439,0.849489642704,0.463865546218,0.814492905316,0.428238537847,2.33333333333,1.90196078431,0.814492905316,2.33333333333,0,0,0,0,0.164242424242,17,17,17,1,0,0.352941176471,0.411764705882,0.235294117647,17,38,0.139705882353,1.89460784314,4.47058823529,3.45454545455,2.71428571429,1.73629084037,0.388380845872,0.198142414861,2.19457888229,0.981785289445,0.529411764706,1.82103719638,0.814674535221,0.442724458204,0.806080091789,0.425460126067,2.25,1.89460784314,0.806080091789,2.25,0.209150326797,0.115384615385,6,0.00882352941176,0.183398268398,17,17,17,1,0,0.352941176471,0.470588235294,0.176470588235,1,0.00367647058824,0.0122549019608,0.117647058824,0.0909090909091,-0.131868131868,0.0428779967836,-0.000646429005719,0.00418375031378,0.0959098362728,0.0175319439782,0.0111287758347,-0.0576356768785,-0.0484994876259,-0.0278637770898,0.0198825226968,0.0077926674869,0,0.0122549019608,0.0198825226968,0,0.0428104575163,0.0541601255887,3,0.00441176470588,-0.00255411255411,0,0.0588235294118,-0.0588235294118,37,1,0,234,1,0.995744680851,0.00425531914894,0,0.973684210526,1,0.986666666667,0.984652666406,0.995744680851,0.973684210526,3,2,0,0,0,0
135,WLNM_dir_neg,1,0.5,00:00:12,10,10,15,1979945688,threshold_sweep,0.9,0.666666666667,1,0.8,2,1,0,3,1,0.75,0.25,0,0.666666666667,1,0.8,0.833333333333,0.5,0.666666666667,0.707106781187,0.75,37,35,2,0,37,0,35,0,2,17,37,0.136029411765,1.88235294118,4.35294117647,3.36363636364,2.84615384615,1.69341284359,0.389027274878,0.193958664547,2.09866904602,0.964253345467,0.518282988871,1.87867287326,0.863174022847,0.470588235294,0.786197569093,0.41766745858,2.25,1.88235294118,0.786197569093,2.25,0.166339869281,0.0612244897959,3,0.00441176470588,0.185952380952,17,17,17,1,0,0.352941176471,0.411764705882,0.235294117647,17,0.128676470588,1.90196078431,4.11764705882,3.18181818182,2.69230769231,1.57648156274,0.382859808093,0.201680672269,2.01465221053,0.978545359402,0.524369747899,1.74894926439,0.849489642704,0.463865546218,0.814492905316,0.428238537847,2.33333333333,1.90196078431,0.814492905316,2.33333333333,0,0,0,0,0.164242424242,17,17,17,1,0,0.352941176471,0.411764705882,0.235294117647,17,38,0.139705882353,1.89460784314,4.47058823529,3.45454545455,2.71428571429,1.73629084037,0.388380845872,0.198142414861,2.19457888229,0.981785289445,0.529411764706,1.82103719638,0.814674535221,0.442724458204,0.806080091789,0.425460126067,2.25,1.89460784314,0.806080091789,2.25,0.209150326797,0.115384615385,6,0.00882352941176,0.183398268398,17,17,17,1,0,0.352941176471,0.470588235294,0.176470588235,1,0.00367647058824,0.0122549019608,0.117647058824,0.0909090909091,-0.131868131868,0.0428779967836,-0.000646429005719,0.00418375031378,0.0959098362728,0.0175319439782,0.0111287758347,-0.0576356768785,-0.0484994876259,-0.0278637770898,0.0198825226968,0.0077926674869,0,0.0122549019608,0.0198825226968,0,0.0428104575163,0.0541601255887,3,0.00441176470588,-0.00255411255411,0,0.0588235294118,-0.0588235294118,37,1,0,234,1,0.995744680851,0.00425531914894,0,0.973684210526,1,0.986666666667,0.984652666406,0.995744680851,0.973684210526,3,2,0,0,0,0
136,WLNM_dir_neg,1,0.5,00:00:12,10,10,16,1979945689,threshold_sweep,0.1,0.666666666667,1,0.8,2,1,0,3,1,0.75,0.25,0,0.666666666667,1,0.8,0.833333333333,0.5,0.666666666667,0.707106781187,0.75,37,35,2,0,37,0,35,0,2,17,37,0.136029411765,1.88235294118,4.35294117647,3.36363636364,2.84615384615,1.69341284359,0.389027274878,0.193958664547,2.09866904602,0.964253345467,0.518282988871,1.87867287326,0.863174022847,0.470588235294,0.786197569093,0.41766745858,2.25,1.88235294118,0.786197569093,2.25,0.166339869281,0.0612244897959,3,0.00441176470588,0.185952380952,17,17,17,1,0,0.352941176471,0.411764705882,0.235294117647,17,0.128676470588,1.90196078431,4.11764705882,3.18181818182,2.69230769231,1.57648156274,0.382859808093,0.201680672269,2.01465221053,0.978545359402,0.524369747899,1.74894926439,0.849489642704,0.463865546218,0.814492905316,0.428238537847,2.33333333333,1.90196078431,0.814492905316,2.33333333333,0,0,0,0,0.164242424242,17,17,17,1,0,0.352941176471,0.411764705882,0.235294117647,17,38,0.139705882353,1.90992647059,4.47058823529,3.45454545455,2.71428571429,1.62471716996,0.36342357749,0.179566563467,2.07754096725,0.929426222189,0.501547987616,1.82103719638,0.814674535221,0.442724458204,0.833698985343,0.43650841966,2.375,1.90992647059,0.833698985343,2.375,0.146405228758,0.078431372549,4,0.00588235294118,0.183528138528,17,17,17,1,0,0.352941176471,0.470588235294,0.176470588235,1,0.00367647058824,0.0275735294118,0.117647058824,0.0909090909091,-0.131868131868,-0.0686956736295,-0.0256036973876,-0.0143921010794,-0.0211280787694,-0.0348271232775,-0.0167350012551,-0.0576356768785,-0.0484994876259,-0.0278637770898,0.0475014162503,0.0188409610794,0.125,0.0275735294118,0.0475014162503,0.125,-0.0199346405229,0.0172068827531,1,0.00147058823529,-0.00242424242424,0,0.0588235294118,-0.0588235294118,37,1,0,234,1,0.995744680851,0.00425531914894,0,0.973684210526,1,0.986666666667,0.984652666406,0.995744680851,0.973684210526,3,2,0,0,0,0
137,WLNM_dir_neg,1,0.5,00:00:12,10,10,16,1979945689,threshold_sweep,0.2,0.666666666667,1,0.8,2,1,0,3,1,0.75,0.25,0,0.666666666667,1,0.8,0.833333333333,0.5,0.666666666667,0.707106781187,0.75,37,35,2,0,37,0,35,0,2,17,37,0.136029411765,1.88235294118,4.35294117647,3.36363636364,2.84615384615,1.69341284359,0.389027274878,0.193958664547,2.09866904602,0.964253345467,0.518282988871,1.87867287326,0.863174022847,0.470588235294,0.786197569093,0.41766745858,2.25,1.88235294118,0.786197569093,2.25,0.166339869281,0.0612244897959,3,0.00441176470588,0.185952380952,17,17,17,1,0,0.352941176471,0.411764705882,0.235294117647,17,0.128676470588,1.90196078431,4.11764705882,3.18181818182,2.69230769231,1.57648156274,0.382859808093,0.201680672269,2.01465221053,0.978545359402,0.524369747899,1.74894926439,0.849489642704,0.463865546218,0.814492905316,0.428238537847,2.33333333333,1.90196078431,0.814492905316,2.33333333333,0,0,0,0,0.164242424242,17,17,17,1,0,0.352941176471,0.411764705882,0.235294117647,17,38,0.139705882353,1.90992647059,4.47058823529,3.45454545455,2.71428571429,1.62471716996,0.36342357749,0.179566563467,2.07754096725,0.929426222189,0.501547987616,1.82103719638,0.814674535221,0.442724458204,0.833698985343,0.43650841966,2.375,1.90992647059,0.833698985343,2.375,0.146405228758,0.078431372549,4,0.00588235294118,0.183528138528,17,17,17,1,0,0.352941176471,0.470588235294,0.176470588235,1,0.00367647058824,0.0275735294118,0.117647058824,0.0909090909091,-0.131868131868,-0.0686956736295,-0.0256036973876,-0.0143921010794,-0.0211280787694,-0.0348271232775,-0.0167350012551,-0.0576356768785,-0.0484994876259,-0.0278637770898,0.0475014162503,0.0188409610794,0.125,0.0275735294118,0.0475014162503,0.125,-0.0199346405229,0.0172068827531,1,0.00147058823529,-0.00242424242424,0,0.0588235294118,-0.0588235294118,37,1,0,234,1,0.995744680851,0.00425531914894,0,0.973684210526,1,0.986666666667,0.984652666406,0.995744680851,0.973684210526,3,2,0,0,0,0
138,WLNM_dir_neg,1,0.5,00:00:12,10,10,16,1979945689,threshold_sweep,0.3,0.666666666667,1,0.8,2,1,0,3,1,0.75,0.25,0,0.666666666667,1,0.8,0.833333333333,0.5,0.666666666667,0.707106781187,0.75,37,35,2,0,37,0,35,0,2,17,37,0.136029411765,1.88235294118,4.35294117647,3.36363636364,2.84615384615,1.69341284359,0.389027274878,0.193958664547,2.09866904602,0.964253345467,0.518282988871,1.87867287326,0.863174022847,0.470588235294,0.786197569093,0.41766745858,2.25,1.88235294118,0.786197569093,2.25,0.166339869281,0.0612244897959,3,0.00441176470588,0.185952380952,17,17,17,1,0,0.352941176471,0.411764705882,0.235294117647,17,0.128676470588,1.90196078431,4.11764705882,3.18181818182,2.69230769231,1.57648156274,0.382859808093,0.201680672269,2.01465221053,0.978545359402,0.524369747899,1.74894926439,0.849489642704,0.463865546218,0.814492905316,0.428238537847,2.33333333333,1.90196078431,0.814492905316,2.33333333333,0,0,0,0,0.164242424242,17,17,17,1,0,0.352941176471,0.411764705882,0.235294117647,17,38,0.139705882353,1.90992647059,4.47058823529,3.45454545455,2.71428571429,1.62471716996,0.36342357749,0.179566563467,2.07754096725,0.929426222189,0.501547987616,1.82103719638,0.814674535221,0.442724458204,0.833698985343,0.43650841966,2.375,1.90992647059,0.833698985343,2.375,0.146405228758,0.078431372549,4,0.00588235294118,0.183528138528,17,17,17,1,0,0.352941176471,0.470588235294,0.176470588235,1,0.00367647058824,0.0275735294118,0.117647058824,0.0909090909091,-0.131868131868,-0.0686956736295,-0.0256036973876,-0.0143921010794,-0.0211280787694,-0.0348271232775,-0.0167350012551,-0.0576356768785,-0.0484994876259,-0.0278637770898,0.0475014162503,0.0188409610794,0.125,0.0275735294118,0.0475014162503,0.125,-0.0199346405229,0.0172068827531,1,0.00147058823529,-0.00242424242424,0,0.0588235294118,-0.0588235294118,37,1,0,234,1,0.995744680851,0.00425531914894,0,0.973684210526,1,0.986666666667,0.984652666406,0.995744680851,0.973684210526,3,2,0,0,0,0
139,WLNM_dir_neg,1,0.5,00:00:12,10,10,16,1979945689,threshold_sweep,0.4,0.666666666667,1,0.8,2,1,0,3,1,0.75,0.25,0,0.666666666667,1,0.8,0.833333333333,0.5,0.666666666667,0.707106781187,0.75,37,35,2,0,37,0,35,0,2,17,37,0.136029411765,1.88235294118,4.35294117647,3.36363636364,2.84615384615,1.69341284359,0.389027274878,0.193958664547,2.09866904602,0.964253345467,0.518282988871,1.87867287326,0.863174022847,0.470588235294,0.786197569093,0.41766745858,2.25,1.88235294118,0.786197569093,2.25,0.166339869281,0.0612244897959,3,0.00441176470588,0.185952380952,17,17,17,1,0,0.352941176471,0.411764705882,0.235294117647,17,0.128676470588,1.90196078431,4.11764705882,3.18181818182,2.69230769231,1.57648156274,0.382859808093,0.201680672269,2.01465221053,0.978545359402,0.524369747899,1.74894926439,0.849489642704,0.463865546218,0.814492905316,0.428238537847,2.33333333333,1.90196078431,0.814492905316,2.33333333333,0,0,0,0,0.164242424242,17,17,17,1,0,0.352941176471,0.411764705882,0.235294117647,17,38,0.139705882353,1.90992647059,4.47058823529,3.45454545455,2.71428571429,1.62471716996,0.36342357749,0.179566563467,2.07754096725,0.929426222189,0.501547987616,1.82103719638,0.814674535221,0.442724458204,0.833698985343,0.43650841966,2.375,1.90992647059,0.833698985343,2.375,0.146405228758,0.078431372549,4,0.00588235294118,0.183528138528,17,17,17,1,0,0.352941176471,0.470588235294,0.176470588235,1,0.00367647058824,0.0275735294118,0.117647058824,0.0909090909091,-0.131868131868,-0.0686956736295,-0.0256036973876,-0.0143921010794,-0.0211280787694,-0.0348271232775,-0.0167350012551,-0.0576356768785,-0.0484994876259,-0.0278637770898,0.0475014162503,0.0188409610794,0.125,0.0275735294118,0.0475014162503,0.125,-0.0199346405229,0.0172068827531,1,0.00147058823529,-0.00242424242424,0,0.0588235294118,-0.0588235294118,37,1,0,234,1,0.995744680851,0.00425531914894,0,0.973684210526,1,0.986666666667,0.984652666406,0.995744680851,0.973684210526,3,2,0,0,0,0
140,WLNM_dir_neg,1,0.5,00:00:12,10,10,16,1979945689,threshold_sweep,0.5,0.666666666667,1,0.8,2,1,0,3,1,0.75,0.25,0,0.666666666667,1,0.8,0.833333333333,0.5,0.666666666667,0.707106781187,0.75,37,35,2,0,37,0,35,0,2,17,37,0.136029411765,1.88235294118,4.35294117647,3.36363636364,2.84615384615,1.69341284359,0.389027274878,0.193958664547,2.09866904602,0.964253345467,0.518282988871,1.87867287326,0.863174022847,0.470588235294,0.786197569093,0.41766745858,2.25,1.88235294118,0.786197569093,2.25,0.166339869281,0.0612244897959,3,0.00441176470588,0.185952380952,17,17,17,1,0,0.352941176471,0.411764705882,0.235294117647,17,0.128676470588,1.90196078431,4.11764705882,3.18181818182,2.69230769231,1.57648156274,0.382859808093,0.201680672269,2.01465221053,0.978545359402,0.524369747899,1.74894926439,0.849489642704,0.463865546218,0.814492905316,0.428238537847,2.33333333333,1.90196078431,0.814492905316,2.33333333333,0,0,0,0,0.164242424242,17,17,17,1,0,0.352941176471,0.411764705882,0.235294117647,17,38,0.139705882353,1.90992647059,4.47058823529,3.45454545455,2.71428571429,1.62471716996,0.36342357749,0.179566563467,2.07754096725,0.929426222189,0.501547987616,1.82103719638,0.814674535221,0.442724458204,0.833698985343,0.43650841966,2.375,1.90992647059,0.833698985343,2.375,0.146405228758,0.078431372549,4,0.00588235294118,0.183528138528,17,17,17,1,0,0.352941176471,0.470588235294,0.176470588235,1,0.00367647058824,0.0275735294118,0.117647058824,0.0909090909091,-0.131868131868,-0.0686956736295,-0.0256036973876,-0.0143921010794,-0.0211280787694,-0.0348271232775,-0.0167350012551,-0.0576356768785,-0.0484994876259,-0.0278637770898,0.0475014162503,0.0188409610794,0.125,0.0275735294118,0.0475014162503,0.125,-0.0199346405229,0.0172068827531,1,0.00147058823529,-0.00242424242424,0,0.0588235294118,-0.0588235294118,37,1,0,234,1,0.995744680851,0.00425531914894,0,0.973684210526,1,0.986666666667,0.984652666406,0.995744680851,0.973684210526,3,2,0,0,0,0
141,WLNM_dir_neg,1,0.5,00:00:12,10,10,16,1979945689,threshold_sweep,0.6,1,1,1,2,0,0,4,1,1,0,0,1,1,1,1,0.555555555556,1,1,1,37,35,2,0,37,0,35,0,2,17,37,0.136029411765,1.88235294118,4.35294117647,3.36363636364,2.84615384615,1.69341284359,0.389027274878,0.193958664547,2.09866904602,0.964253345467,0.518282988871,1.87867287326,0.863174022847,0.470588235294,0.786197569093,0.41766745858,2.25,1.88235294118,0.786197569093,2.25,0.166339869281,0.0612244897959,3,0.00441176470588,0.185952380952,17,17,17,1,0,0.352941176471,0.411764705882,0.235294117647,17,0.128676470588,1.90196078431,4.11764705882,3.18181818182,2.69230769231,1.57648156274,0.382859808093,0.201680672269,2.01465221053,0.978545359402,0.524369747899,1.74894926439,0.849489642704,0.463865546218,0.814492905316,0.428238537847,2.33333333333,1.90196078431,0.814492905316,2.33333333333,0,0,0,0,0.164242424242,17,17,17,1,0,0.352941176471,0.411764705882,0.235294117647,17,37,0.136029411765,1.88235294118,4.35294117647,3.36363636364,2.84615384615,1.69341284359,0.389027274878,0.193958664547,2.09866904602,0.964253345467,0.518282988871,1.87867287326,0.863174022847,0.470588235294,0.786197569093,0.41766745858,2.25,1.88235294118,0.786197569093,2.25,0.166339869281,0.0612244897959,3,0.00441176470588,0.185952380952,17,17,17,1,0,0.352941176471,0.411764705882,0.235294117647,0,0,0,0,0,0,0,0,0,0,0,0,0,0,0,0,0,0,0,0,0,0,0,0,0,0,0,0,0,37,0,0,235,1,1,0,0,1,1,1,1,1,1,2,2,0,0,0,0
142,WLNM_dir_neg,1,0.5,00:00:12,10,10,16,1979945689,threshold_sweep,0.7,1,1,1,2,0,0,4,1,1,0,0,1,1,1,1,0.555555555556,1,1,1,37,35,2,0,37,0,35,0,2,17,37,0.136029411765,1.88235294118,4.35294117647,3.36363636364,2.84615384615,1.69341284359,0.389027274878,0.193958664547,2.09866904602,0.964253345467,0.518282988871,1.87867287326,0.863174022847,0.470588235294,0.786197569093,0.41766745858,2.25,1.88235294118,0.786197569093,2.25,0.166339869281,0.0612244897959,3,0.00441176470588,0.185952380952,17,17,17,1,0,0.352941176471,0.411764705882,0.235294117647,17,0.128676470588,1.90196078431,4.11764705882,3.18181818182,2.69230769231,1.57648156274,0.382859808093,0.201680672269,2.01465221053,0.978545359402,0.524369747899,1.74894926439,0.849489642704,0.463865546218,0.814492905316,0.428238537847,2.33333333333,1.90196078431,0.814492905316,2.33333333333,0,0,0,0,0.164242424242,17,17,17,1,0,0.352941176471,0.411764705882,0.235294117647,17,37,0.136029411765,1.88235294118,4.35294117647,3.36363636364,2.84615384615,1.69341284359,0.389027274878,0.193958664547,2.09866904602,0.964253345467,0.518282988871,1.87867287326,0.863174022847,0.470588235294,0.786197569093,0.41766745858,2.25,1.88235294118,0.786197569093,2.25,0.166339869281,0.0612244897959,3,0.00441176470588,0.185952380952,17,17,17,1,0,0.352941176471,0.411764705882,0.235294117647,0,0,0,0,0,0,0,0,0,0,0,0,0,0,0,0,0,0,0,0,0,0,0,0,0,0,0,0,0,37,0,0,235,1,1,0,0,1,1,1,1,1,1,2,2,0,0,0,0
143,WLNM_dir_neg,1,0.5,00:00:12,10,10,16,1979945689,threshold_sweep,0.8,1,1,1,2,0,0,4,1,1,0,0,1,1,1,1,0.555555555556,1,1,1,37,35,2,0,37,0,35,0,2,17,37,0.136029411765,1.88235294118,4.35294117647,3.36363636364,2.84615384615,1.69341284359,0.389027274878,0.193958664547,2.09866904602,0.964253345467,0.518282988871,1.87867287326,0.863174022847,0.470588235294,0.786197569093,0.41766745858,2.25,1.88235294118,0.786197569093,2.25,0.166339869281,0.0612244897959,3,0.00441176470588,0.185952380952,17,17,17,1,0,0.352941176471,0.411764705882,0.235294117647,17,0.128676470588,1.90196078431,4.11764705882,3.18181818182,2.69230769231,1.57648156274,0.382859808093,0.201680672269,2.01465221053,0.978545359402,0.524369747899,1.74894926439,0.849489642704,0.463865546218,0.814492905316,0.428238537847,2.33333333333,1.90196078431,0.814492905316,2.33333333333,0,0,0,0,0.164242424242,17,17,17,1,0,0.352941176471,0.411764705882,0.235294117647,17,37,0.136029411765,1.88235294118,4.35294117647,3.36363636364,2.84615384615,1.69341284359,0.389027274878,0.193958664547,2.09866904602,0.964253345467,0.518282988871,1.87867287326,0.863174022847,0.470588235294,0.786197569093,0.41766745858,2.25,1.88235294118,0.786197569093,2.25,0.166339869281,0.0612244897959,3,0.00441176470588,0.185952380952,17,17,17,1,0,0.352941176471,0.411764705882,0.235294117647,0,0,0,0,0,0,0,0,0,0,0,0,0,0,0,0,0,0,0,0,0,0,0,0,0,0,0,0,0,37,0,0,235,1,1,0,0,1,1,1,1,1,1,2,2,0,0,0,0
144,WLNM_dir_neg,1,0.5,00:00:12,10,10,16,1979945689,threshold_sweep,0.9,1,1,1,2,0,0,4,1,1,0,0,1,1,1,1,0.555555555556,1,1,1,37,35,2,0,37,0,35,0,2,17,37,0.136029411765,1.88235294118,4.35294117647,3.36363636364,2.84615384615,1.69341284359,0.389027274878,0.193958664547,2.09866904602,0.964253345467,0.518282988871,1.87867287326,0.863174022847,0.470588235294,0.786197569093,0.41766745858,2.25,1.88235294118,0.786197569093,2.25,0.166339869281,0.0612244897959,3,0.00441176470588,0.185952380952,17,17,17,1,0,0.352941176471,0.411764705882,0.235294117647,17,0.128676470588,1.90196078431,4.11764705882,3.18181818182,2.69230769231,1.57648156274,0.382859808093,0.201680672269,2.01465221053,0.978545359402,0.524369747899,1.74894926439,0.849489642704,0.463865546218,0.814492905316,0.428238537847,2.33333333333,1.90196078431,0.814492905316,2.33333333333,0,0,0,0,0.164242424242,17,17,17,1,0,0.352941176471,0.411764705882,0.235294117647,17,37,0.136029411765,1.88235294118,4.35294117647,3.36363636364,2.84615384615,1.69341284359,0.389027274878,0.193958664547,2.09866904602,0.964253345467,0.518282988871,1.87867287326,0.863174022847,0.470588235294,0.786197569093,0.41766745858,2.25,1.88235294118,0.786197569093,2.25,0.166339869281,0.0612244897959,3,0.00441176470588,0.185952380952,17,17,17,1,0,0.352941176471,0.411764705882,0.235294117647,0,0,0,0,0,0,0,0,0,0,0,0,0,0,0,0,0,0,0,0,0,0,0,0,0,0,0,0,0,37,0,0,235,1,1,0,0,1,1,1,1,1,1,2,2,0,0,0,0
145,WLNM_dir_neg,1,0.5,00:00:12,10,10,17,1979945690,threshold_sweep,0.1,0.666666666667,1,0.8,2,1,0,3,1,0.75,0.25,0,0.666666666667,1,0.8,0.833333333333,0.5,0.666666666667,0.707106781187,0.75,37,35,2,0,37,0,35,0,2,17,37,0.136029411765,1.88235294118,4.35294117647,3.36363636364,2.84615384615,1.69341284359,0.389027274878,0.193958664547,2.09866904602,0.964253345467,0.518282988871,1.87867287326,0.863174022847,0.470588235294,0.786197569093,0.41766745858,2.25,1.88235294118,0.786197569093,2.25,0.166339869281,0.0612244897959,3,0.00441176470588,0.185952380952,17,17,17,1,0,0.352941176471,0.411764705882,0.235294117647,17,0.128676470588,1.90196078431,4.11764705882,3.18181818182,2.69230769231,1.57648156274,0.382859808093,0.201680672269,2.01465221053,0.978545359402,0.524369747899,1.74894926439,0.849489642704,0.463865546218,0.814492905316,0.428238537847,2.33333333333,1.90196078431,0.814492905316,2.33333333333,0,0,0,0,0.164242424242,17,17,17,1,0,0.352941176471,0.411764705882,0.235294117647,17,38,0.139705882353,1.87941176471,4.47058823529,3.45454545455,2.71428571429,1.73629084037,0.388380845872,0.198142414861,2.16591238756,0.968960804961,0.517027863777,1.82103719638,0.814674535221,0.442724458204,0.780836655359,0.415468642914,2.2,1.87941176471,0.780836655359,2.2,0.162418300654,0.0576923076923,3,0.00441176470588,0.182878787879,17,17,17,1,0,0.352941176471,0.470588235294,0.176470588235,1,0.00367647058824,-0.00294117647059,0.117647058824,0.0909090909091,-0.131868131868,0.0428779967836,-0.000646429005719,0.00418375031378,0.0672433415445,0.00470745949447,-0.00125512509413,-0.0576356768785,-0.0484994876259,-0.0278637770898,-0.00536091373311,-0.00219881566616,-0.05,-0.00294117647059,-0.00536091373311,-0.05,-0.00392156862745,-0.00353218210361,0,0,-0.00307359307359,0,0.0588235294118,-0.0588235294118,37,1,0,234,1,0.995744680851,0.00425531914894,0,0.973684210526,1,0.986666666667,0.984652666406,0.995744680851,0.973684210526,3,2,0,0,0,0
146,WLNM_dir_neg,1,0.5,00:00:12,10,10,17,1979945690,threshold_sweep,0.2,0.666666666667,1,0.8,2,1,0,3,1,0.75,0.25,0,0.666666666667,1,0.8,0.833333333333,0.5,0.666666666667,0.707106781187,0.75,37,35,2,0,37,0,35,0,2,17,37,0.136029411765,1.88235294118,4.35294117647,3.36363636364,2.84615384615,1.69341284359,0.389027274878,0.193958664547,2.09866904602,0.964253345467,0.518282988871,1.87867287326,0.863174022847,0.470588235294,0.786197569093,0.41766745858,2.25,1.88235294118,0.786197569093,2.25,0.166339869281,0.0612244897959,3,0.00441176470588,0.185952380952,17,17,17,1,0,0.352941176471,0.411764705882,0.235294117647,17,0.128676470588,1.90196078431,4.11764705882,3.18181818182,2.69230769231,1.57648156274,0.382859808093,0.201680672269,2.01465221053,0.978545359402,0.524369747899,1.74894926439,0.849489642704,0.463865546218,0.814492905316,0.428238537847,2.33333333333,1.90196078431,0.814492905316,2.33333333333,0,0,0,0,0.164242424242,17,17,17,1,0,0.352941176471,0.411764705882,0.235294117647,17,38,0.139705882353,1.87941176471,4.47058823529,3.45454545455,2.71428571429,1.73629084037,0.388380845872,0.198142414861,2.16591238756,0.968960804961,0.517027863777,1.82103719638,0.814674535221,0.442724458204,0.780836655359,0.415468642914,2.2,1.87941176471,0.780836655359,2.2,0.162418300654,0.0576923076923,3,0.00441176470588,0.182878787879,17,17,17,1,0,0.352941176471,0.470588235294,0.176470588235,1,0.00367647058824,-0.00294117647059,0.117647058824,0.0909090909091,-0.131868131868,0.0428779967836,-0.000646429005719,0.00418375031378,0.0672433415445,0.00470745949447,-0.00125512509413,-0.0576356768785,-0.0484994876259,-0.0278637770898,-0.00536091373311,-0.00219881566616,-0.05,-0.00294117647059,-0.00536091373311,-0.05,-0.00392156862745,-0.00353218210361,0,0,-0.00307359307359,0,0.0588235294118,-0.0588235294118,37,1,0,234,1,0.995744680851,0.00425531914894,0,0.973684210526,1,0.986666666667,0.984652666406,0.995744680851,0.973684210526,3,2,0,0,0,0
147,WLNM_dir_neg,1,0.5,00:00:12,10,10,17,1979945690,threshold_sweep,0.3,0.666666666667,1,0.8,2,1,0,3,1,0.75,0.25,0,0.666666666667,1,0.8,0.833333333333,0.5,0.666666666667,0.707106781187,0.75,37,35,2,0,37,0,35,0,2,17,37,0.136029411765,1.88235294118,4.35294117647,3.36363636364,2.84615384615,1.69341284359,0.389027274878,0.193958664547,2.09866904602,0.964253345467,0.518282988871,1.87867287326,0.863174022847,0.470588235294,0.786197569093,0.41766745858,2.25,1.88235294118,0.786197569093,2.25,0.166339869281,0.0612244897959,3,0.00441176470588,0.185952380952,17,17,17,1,0,0.352941176471,0.411764705882,0.235294117647,17,0.128676470588,1.90196078431,4.11764705882,3.18181818182,2.69230769231,1.57648156274,0.382859808093,0.201680672269,2.01465221053,0.978545359402,0.524369747899,1.74894926439,0.849489642704,0.463865546218,0.814492905316,0.428238537847,2.33333333333,1.90196078431,0.814492905316,2.33333333333,0,0,0,0,0.164242424242,17,17,17,1,0,0.352941176471,0.411764705882,0.235294117647,17,38,0.139705882353,1.87941176471,4.47058823529,3.45454545455,2.71428571429,1.73629084037,0.388380845872,0.198142414861,2.16591238756,0.968960804961,0.517027863777,1.82103719638,0.814674535221,0.442724458204,0.780836655359,0.415468642914,2.2,1.87941176471,0.780836655359,2.2,0.162418300654,0.0576923076923,3,0.00441176470588,0.182878787879,17,17,17,1,0,0.352941176471,0.470588235294,0.176470588235,1,0.00367647058824,-0.00294117647059,0.117647058824,0.0909090909091,-0.131868131868,0.0428779967836,-0.000646429005719,0.00418375031378,0.0672433415445,0.00470745949447,-0.00125512509413,-0.0576356768785,-0.0484994876259,-0.0278637770898,-0.00536091373311,-0.00219881566616,-0.05,-0.00294117647059,-0.00536091373311,-0.05,-0.00392156862745,-0.00353218210361,0,0,-0.00307359307359,0,0.0588235294118,-0.0588235294118,37,1,0,234,1,0.995744680851,0.00425531914894,0,0.973684210526,1,0.986666666667,0.984652666406,0.995744680851,0.973684210526,3,2,0,0,0,0
148,WLNM_dir_neg,1,0.5,00:00:12,10,10,17,1979945690,threshold_sweep,0.4,0.666666666667,1,0.8,2,1,0,3,1,0.75,0.25,0,0.666666666667,1,0.8,0.833333333333,0.5,0.666666666667,0.707106781187,0.75,37,35,2,0,37,0,35,0,2,17,37,0.136029411765,1.88235294118,4.35294117647,3.36363636364,2.84615384615,1.69341284359,0.389027274878,0.193958664547,2.09866904602,0.964253345467,0.518282988871,1.87867287326,0.863174022847,0.470588235294,0.786197569093,0.41766745858,2.25,1.88235294118,0.786197569093,2.25,0.166339869281,0.0612244897959,3,0.00441176470588,0.185952380952,17,17,17,1,0,0.352941176471,0.411764705882,0.235294117647,17,0.128676470588,1.90196078431,4.11764705882,3.18181818182,2.69230769231,1.57648156274,0.382859808093,0.201680672269,2.01465221053,0.978545359402,0.524369747899,1.74894926439,0.849489642704,0.463865546218,0.814492905316,0.428238537847,2.33333333333,1.90196078431,0.814492905316,2.33333333333,0,0,0,0,0.164242424242,17,17,17,1,0,0.352941176471,0.411764705882,0.235294117647,17,38,0.139705882353,1.87941176471,4.47058823529,3.45454545455,2.71428571429,1.73629084037,0.388380845872,0.198142414861,2.16591238756,0.968960804961,0.517027863777,1.82103719638,0.814674535221,0.442724458204,0.780836655359,0.415468642914,2.2,1.87941176471,0.780836655359,2.2,0.162418300654,0.0576923076923,3,0.00441176470588,0.182878787879,17,17,17,1,0,0.352941176471,0.470588235294,0.176470588235,1,0.00367647058824,-0.00294117647059,0.117647058824,0.0909090909091,-0.131868131868,0.0428779967836,-0.000646429005719,0.00418375031378,0.0672433415445,0.00470745949447,-0.00125512509413,-0.0576356768785,-0.0484994876259,-0.0278637770898,-0.00536091373311,-0.00219881566616,-0.05,-0.00294117647059,-0.00536091373311,-0.05,-0.00392156862745,-0.00353218210361,0,0,-0.00307359307359,0,0.0588235294118,-0.0588235294118,37,1,0,234,1,0.995744680851,0.00425531914894,0,0.973684210526,1,0.986666666667,0.984652666406,0.995744680851,0.973684210526,3,2,0,0,0,0
149,WLNM_dir_neg,1,0.5,00:00:12,10,10,17,1979945690,threshold_sweep,0.5,0.666666666667,1,0.8,2,1,0,3,1,0.75,0.25,0,0.666666666667,1,0.8,0.833333333333,0.5,0.666666666667,0.707106781187,0.75,37,35,2,0,37,0,35,0,2,17,37,0.136029411765,1.88235294118,4.35294117647,3.36363636364,2.84615384615,1.69341284359,0.389027274878,0.193958664547,2.09866904602,0.964253345467,0.518282988871,1.87867287326,0.863174022847,0.470588235294,0.786197569093,0.41766745858,2.25,1.88235294118,0.786197569093,2.25,0.166339869281,0.0612244897959,3,0.00441176470588,0.185952380952,17,17,17,1,0,0.352941176471,0.411764705882,0.235294117647,17,0.128676470588,1.90196078431,4.11764705882,3.18181818182,2.69230769231,1.57648156274,0.382859808093,0.201680672269,2.01465221053,0.978545359402,0.524369747899,1.74894926439,0.849489642704,0.463865546218,0.814492905316,0.428238537847,2.33333333333,1.90196078431,0.814492905316,2.33333333333,0,0,0,0,0.164242424242,17,17,17,1,0,0.352941176471,0.411764705882,0.235294117647,17,38,0.139705882353,1.87941176471,4.47058823529,3.45454545455,2.71428571429,1.73629084037,0.388380845872,0.198142414861,2.16591238756,0.968960804961,0.517027863777,1.82103719638,0.814674535221,0.442724458204,0.780836655359,0.415468642914,2.2,1.87941176471,0.780836655359,2.2,0.162418300654,0.0576923076923,3,0.00441176470588,0.182878787879,17,17,17,1,0,0.352941176471,0.470588235294,0.176470588235,1,0.00367647058824,-0.00294117647059,0.117647058824,0.0909090909091,-0.131868131868,0.0428779967836,-0.000646429005719,0.00418375031378,0.0672433415445,0.00470745949447,-0.00125512509413,-0.0576356768785,-0.0484994876259,-0.0278637770898,-0.00536091373311,-0.00219881566616,-0.05,-0.00294117647059,-0.00536091373311,-0.05,-0.00392156862745,-0.00353218210361,0,0,-0.00307359307359,0,0.0588235294118,-0.0588235294118,37,1,0,234,1,0.995744680851,0.00425531914894,0,0.973684210526,1,0.986666666667,0.984652666406,0.995744680851,0.973684210526,3,2,0,0,0,0
150,WLNM_dir_neg,1,0.5,00:00:12,10,10,17,1979945690,threshold_sweep,0.6,0.666666666667,1,0.8,2,1,0,3,1,0.75,0.25,0,0.666666666667,1,0.8,0.833333333333,0.5,0.666666666667,0.707106781187,0.75,37,35,2,0,37,0,35,0,2,17,37,0.136029411765,1.88235294118,4.35294117647,3.36363636364,2.84615384615,1.69341284359,0.389027274878,0.193958664547,2.09866904602,0.964253345467,0.518282988871,1.87867287326,0.863174022847,0.470588235294,0.786197569093,0.41766745858,2.25,1.88235294118,0.786197569093,2.25,0.166339869281,0.0612244897959,3,0.00441176470588,0.185952380952,17,17,17,1,0,0.352941176471,0.411764705882,0.235294117647,17,0.128676470588,1.90196078431,4.11764705882,3.18181818182,2.69230769231,1.57648156274,0.382859808093,0.201680672269,2.01465221053,0.978545359402,0.524369747899,1.74894926439,0.849489642704,0.463865546218,0.814492905316,0.428238537847,2.33333333333,1.90196078431,0.814492905316,2.33333333333,0,0,0,0,0.164242424242,17,17,17,1,0,0.352941176471,0.411764705882,0.235294117647,17,38,0.139705882353,1.87941176471,4.47058823529,3.45454545455,2.71428571429,1.73629084037,0.388380845872,0.198142414861,2.16591238756,0.968960804961,0.517027863777,1.82103719638,0.814674535221,0.442724458204,0.780836655359,0.415468642914,2.2,1.87941176471,0.780836655359,2.2,0.162418300654,0.0576923076923,3,0.00441176470588,0.182878787879,17,17,17,1,0,0.352941176471,0.470588235294,0.176470588235,1,0.00367647058824,-0.00294117647059,0.117647058824,0.0909090909091,-0.131868131868,0.0428779967836,-0.000646429005719,0.00418375031378,0.0672433415445,0.00470745949447,-0.00125512509413,-0.0576356768785,-0.0484994876259,-0.0278637770898,-0.00536091373311,-0.00219881566616,-0.05,-0.00294117647059,-0.00536091373311,-0.05,-0.00392156862745,-0.00353218210361,0,0,-0.00307359307359,0,0.0588235294118,-0.0588235294118,37,1,0,234,1,0.995744680851,0.00425531914894,0,0.973684210526,1,0.986666666667,0.984652666406,0.995744680851,0.973684210526,3,2,0,0,0,0
151,WLNM_dir_neg,1,0.5,00:00:12,10,10,17,1979945690,threshold_sweep,0.7,0.666666666667,1,0.8,2,1,0,3,1,0.75,0.25,0,0.666666666667,1,0.8,0.833333333333,0.5,0.666666666667,0.707106781187,0.75,37,35,2,0,37,0,35,0,2,17,37,0.136029411765,1.88235294118,4.35294117647,3.36363636364,2.84615384615,1.69341284359,0.389027274878,0.193958664547,2.09866904602,0.964253345467,0.518282988871,1.87867287326,0.863174022847,0.470588235294,0.786197569093,0.41766745858,2.25,1.88235294118,0.786197569093,2.25,0.166339869281,0.0612244897959,3,0.00441176470588,0.185952380952,17,17,17,1,0,0.352941176471,0.411764705882,0.235294117647,17,0.128676470588,1.90196078431,4.11764705882,3.18181818182,2.69230769231,1.57648156274,0.382859808093,0.201680672269,2.01465221053,0.978545359402,0.524369747899,1.74894926439,0.849489642704,0.463865546218,0.814492905316,0.428238537847,2.33333333333,1.90196078431,0.814492905316,2.33333333333,0,0,0,0,0.164242424242,17,17,17,1,0,0.352941176471,0.411764705882,0.235294117647,17,38,0.139705882353,1.87941176471,4.47058823529,3.45454545455,2.71428571429,1.73629084037,0.388380845872,0.198142414861,2.16591238756,0.968960804961,0.517027863777,1.82103719638,0.814674535221,0.442724458204,0.780836655359,0.415468642914,2.2,1.87941176471,0.780836655359,2.2,0.162418300654,0.0576923076923,3,0.00441176470588,0.182878787879,17,17,17,1,0,0.352941176471,0.470588235294,0.176470588235,1,0.00367647058824,-0.00294117647059,0.117647058824,0.0909090909091,-0.131868131868,0.0428779967836,-0.000646429005719,0.00418375031378,0.0672433415445,0.00470745949447,-0.00125512509413,-0.0576356768785,-0.0484994876259,-0.0278637770898,-0.00536091373311,-0.00219881566616,-0.05,-0.00294117647059,-0.00536091373311,-0.05,-0.00392156862745,-0.00353218210361,0,0,-0.00307359307359,0,0.0588235294118,-0.0588235294118,37,1,0,234,1,0.995744680851,0.00425531914894,0,0.973684210526,1,0.986666666667,0.984652666406,0.995744680851,0.973684210526,3,2,0,0,0,0
152,WLNM_dir_neg,1,0.5,00:00:12,10,10,17,1979945690,threshold_sweep,0.8,0.666666666667,1,0.8,2,1,0,3,1,0.75,0.25,0,0.666666666667,1,0.8,0.833333333333,0.5,0.666666666667,0.707106781187,0.75,37,35,2,0,37,0,35,0,2,17,37,0.136029411765,1.88235294118,4.35294117647,3.36363636364,2.84615384615,1.69341284359,0.389027274878,0.193958664547,2.09866904602,0.964253345467,0.518282988871,1.87867287326,0.863174022847,0.470588235294,0.786197569093,0.41766745858,2.25,1.88235294118,0.786197569093,2.25,0.166339869281,0.0612244897959,3,0.00441176470588,0.185952380952,17,17,17,1,0,0.352941176471,0.411764705882,0.235294117647,17,0.128676470588,1.90196078431,4.11764705882,3.18181818182,2.69230769231,1.57648156274,0.382859808093,0.201680672269,2.01465221053,0.978545359402,0.524369747899,1.74894926439,0.849489642704,0.463865546218,0.814492905316,0.428238537847,2.33333333333,1.90196078431,0.814492905316,2.33333333333,0,0,0,0,0.164242424242,17,17,17,1,0,0.352941176471,0.411764705882,0.235294117647,17,38,0.139705882353,1.87941176471,4.47058823529,3.45454545455,2.71428571429,1.73629084037,0.388380845872,0.198142414861,2.16591238756,0.968960804961,0.517027863777,1.82103719638,0.814674535221,0.442724458204,0.780836655359,0.415468642914,2.2,1.87941176471,0.780836655359,2.2,0.162418300654,0.0576923076923,3,0.00441176470588,0.182878787879,17,17,17,1,0,0.352941176471,0.470588235294,0.176470588235,1,0.00367647058824,-0.00294117647059,0.117647058824,0.0909090909091,-0.131868131868,0.0428779967836,-0.000646429005719,0.00418375031378,0.0672433415445,0.00470745949447,-0.00125512509413,-0.0576356768785,-0.0484994876259,-0.0278637770898,-0.00536091373311,-0.00219881566616,-0.05,-0.00294117647059,-0.00536091373311,-0.05,-0.00392156862745,-0.00353218210361,0,0,-0.00307359307359,0,0.0588235294118,-0.0588235294118,37,1,0,234,1,0.995744680851,0.00425531914894,0,0.973684210526,1,0.986666666667,0.984652666406,0.995744680851,0.973684210526,3,2,0,0,0,0
153,WLNM_dir_neg,1,0.5,00:00:12,10,10,17,1979945690,threshold_sweep,0.9,0.666666666667,1,0.8,2,1,0,3,1,0.75,0.25,0,0.666666666667,1,0.8,0.833333333333,0.5,0.666666666667,0.707106781187,0.75,37,35,2,0,37,0,35,0,2,17,37,0.136029411765,1.88235294118,4.35294117647,3.36363636364,2.84615384615,1.69341284359,0.389027274878,0.193958664547,2.09866904602,0.964253345467,0.518282988871,1.87867287326,0.863174022847,0.470588235294,0.786197569093,0.41766745858,2.25,1.88235294118,0.786197569093,2.25,0.166339869281,0.0612244897959,3,0.00441176470588,0.185952380952,17,17,17,1,0,0.352941176471,0.411764705882,0.235294117647,17,0.128676470588,1.90196078431,4.11764705882,3.18181818182,2.69230769231,1.57648156274,0.382859808093,0.201680672269,2.01465221053,0.978545359402,0.524369747899,1.74894926439,0.849489642704,0.463865546218,0.814492905316,0.428238537847,2.33333333333,1.90196078431,0.814492905316,2.33333333333,0,0,0,0,0.164242424242,17,17,17,1,0,0.352941176471,0.411764705882,0.235294117647,17,38,0.139705882353,1.87941176471,4.47058823529,3.45454545455,2.71428571429,1.73629084037,0.388380845872,0.198142414861,2.16591238756,0.968960804961,0.517027863777,1.82103719638,0.814674535221,0.442724458204,0.780836655359,0.415468642914,2.2,1.87941176471,0.780836655359,2.2,0.162418300654,0.0576923076923,3,0.00441176470588,0.182878787879,17,17,17,1,0,0.352941176471,0.470588235294,0.176470588235,1,0.00367647058824,-0.00294117647059,0.117647058824,0.0909090909091,-0.131868131868,0.0428779967836,-0.000646429005719,0.00418375031378,0.0672433415445,0.00470745949447,-0.00125512509413,-0.0576356768785,-0.0484994876259,-0.0278637770898,-0.00536091373311,-0.00219881566616,-0.05,-0.00294117647059,-0.00536091373311,-0.05,-0.00392156862745,-0.00353218210361,0,0,-0.00307359307359,0,0.0588235294118,-0.0588235294118,37,1,0,234,1,0.995744680851,0.00425531914894,0,0.973684210526,1,0.986666666667,0.984652666406,0.995744680851,0.973684210526,3,2,0,0,0,0
154,WLNM_dir_neg,1,0.5,00:00:12,10,10,18,1979945691,threshold_sweep,0.1,1,1,1,2,0,0,4,1,1,0,0,1,1,1,1,0.555555555556,1,1,1,37,35,2,0,37,0,35,0,2,17,37,0.136029411765,1.88235294118,4.35294117647,3.36363636364,2.84615384615,1.69341284359,0.389027274878,0.193958664547,2.09866904602,0.964253345467,0.518282988871,1.87867287326,0.863174022847,0.470588235294,0.786197569093,0.41766745858,2.25,1.88235294118,0.786197569093,2.25,0.166339869281,0.0612244897959,3,0.00441176470588,0.185952380952,17,17,17,1,0,0.352941176471,0.411764705882,0.235294117647,17,0.128676470588,1.90196078431,4.11764705882,3.18181818182,2.69230769231,1.57648156274,0.382859808093,0.201680672269,2.01465221053,0.978545359402,0.524369747899,1.74894926439,0.849489642704,0.463865546218,0.814492905316,0.428238537847,2.33333333333,1.90196078431,0.814492905316,2.33333333333,0,0,0,0,0.164242424242,17,17,17,1,0,0.352941176471,0.411764705882,0.235294117647,17,37,0.136029411765,1.88235294118,4.35294117647,3.36363636364,2.84615384615,1.69341284359,0.389027274878,0.193958664547,2.09866904602,0.964253345467,0.518282988871,1.87867287326,0.863174022847,0.470588235294,0.786197569093,0.41766745858,2.25,1.88235294118,0.786197569093,2.25,0.166339869281,0.0612244897959,3,0.00441176470588,0.185952380952,17,17,17,1,0,0.352941176471,0.411764705882,0.235294117647,0,0,0,0,0,0,0,0,0,0,0,0,0,0,0,0,0,0,0,0,0,0,0,0,0,0,0,0,0,37,0,0,235,1,1,0,0,1,1,1,1,1,1,2,2,0,0,0,0
155,WLNM_dir_neg,1,0.5,00:00:12,10,10,18,1979945691,threshold_sweep,0.2,1,1,1,2,0,0,4,1,1,0,0,1,1,1,1,0.555555555556,1,1,1,37,35,2,0,37,0,35,0,2,17,37,0.136029411765,1.88235294118,4.35294117647,3.36363636364,2.84615384615,1.69341284359,0.389027274878,0.193958664547,2.09866904602,0.964253345467,0.518282988871,1.87867287326,0.863174022847,0.470588235294,0.786197569093,0.41766745858,2.25,1.88235294118,0.786197569093,2.25,0.166339869281,0.0612244897959,3,0.00441176470588,0.185952380952,17,17,17,1,0,0.352941176471,0.411764705882,0.235294117647,17,0.128676470588,1.90196078431,4.11764705882,3.18181818182,2.69230769231,1.57648156274,0.382859808093,0.201680672269,2.01465221053,0.978545359402,0.524369747899,1.74894926439,0.849489642704,0.463865546218,0.814492905316,0.428238537847,2.33333333333,1.90196078431,0.814492905316,2.33333333333,0,0,0,0,0.164242424242,17,17,17,1,0,0.352941176471,0.411764705882,0.235294117647,17,37,0.136029411765,1.88235294118,4.35294117647,3.36363636364,2.84615384615,1.69341284359,0.389027274878,0.193958664547,2.09866904602,0.964253345467,0.518282988871,1.87867287326,0.863174022847,0.470588235294,0.786197569093,0.41766745858,2.25,1.88235294118,0.786197569093,2.25,0.166339869281,0.0612244897959,3,0.00441176470588,0.185952380952,17,17,17,1,0,0.352941176471,0.411764705882,0.235294117647,0,0,0,0,0,0,0,0,0,0,0,0,0,0,0,0,0,0,0,0,0,0,0,0,0,0,0,0,0,37,0,0,235,1,1,0,0,1,1,1,1,1,1,2,2,0,0,0,0
156,WLNM_dir_neg,1,0.5,00:00:12,10,10,18,1979945691,threshold_sweep,0.3,1,1,1,2,0,0,4,1,1,0,0,1,1,1,1,0.555555555556,1,1,1,37,35,2,0,37,0,35,0,2,17,37,0.136029411765,1.88235294118,4.35294117647,3.36363636364,2.84615384615,1.69341284359,0.389027274878,0.193958664547,2.09866904602,0.964253345467,0.518282988871,1.87867287326,0.863174022847,0.470588235294,0.786197569093,0.41766745858,2.25,1.88235294118,0.786197569093,2.25,0.166339869281,0.0612244897959,3,0.00441176470588,0.185952380952,17,17,17,1,0,0.352941176471,0.411764705882,0.235294117647,17,0.128676470588,1.90196078431,4.11764705882,3.18181818182,2.69230769231,1.57648156274,0.382859808093,0.201680672269,2.01465221053,0.978545359402,0.524369747899,1.74894926439,0.849489642704,0.463865546218,0.814492905316,0.428238537847,2.33333333333,1.90196078431,0.814492905316,2.33333333333,0,0,0,0,0.164242424242,17,17,17,1,0,0.352941176471,0.411764705882,0.235294117647,17,37,0.136029411765,1.88235294118,4.35294117647,3.36363636364,2.84615384615,1.69341284359,0.389027274878,0.193958664547,2.09866904602,0.964253345467,0.518282988871,1.87867287326,0.863174022847,0.470588235294,0.786197569093,0.41766745858,2.25,1.88235294118,0.786197569093,2.25,0.166339869281,0.0612244897959,3,0.00441176470588,0.185952380952,17,17,17,1,0,0.352941176471,0.411764705882,0.235294117647,0,0,0,0,0,0,0,0,0,0,0,0,0,0,0,0,0,0,0,0,0,0,0,0,0,0,0,0,0,37,0,0,235,1,1,0,0,1,1,1,1,1,1,2,2,0,0,0,0
157,WLNM_dir_neg,1,0.5,00:00:12,10,10,18,1979945691,threshold_sweep,0.4,1,1,1,2,0,0,4,1,1,0,0,1,1,1,1,0.555555555556,1,1,1,37,35,2,0,37,0,35,0,2,17,37,0.136029411765,1.88235294118,4.35294117647,3.36363636364,2.84615384615,1.69341284359,0.389027274878,0.193958664547,2.09866904602,0.964253345467,0.518282988871,1.87867287326,0.863174022847,0.470588235294,0.786197569093,0.41766745858,2.25,1.88235294118,0.786197569093,2.25,0.166339869281,0.0612244897959,3,0.00441176470588,0.185952380952,17,17,17,1,0,0.352941176471,0.411764705882,0.235294117647,17,0.128676470588,1.90196078431,4.11764705882,3.18181818182,2.69230769231,1.57648156274,0.382859808093,0.201680672269,2.01465221053,0.978545359402,0.524369747899,1.74894926439,0.849489642704,0.463865546218,0.814492905316,0.428238537847,2.33333333333,1.90196078431,0.814492905316,2.33333333333,0,0,0,0,0.164242424242,17,17,17,1,0,0.352941176471,0.411764705882,0.235294117647,17,37,0.136029411765,1.88235294118,4.35294117647,3.36363636364,2.84615384615,1.69341284359,0.389027274878,0.193958664547,2.09866904602,0.964253345467,0.518282988871,1.87867287326,0.863174022847,0.470588235294,0.786197569093,0.41766745858,2.25,1.88235294118,0.786197569093,2.25,0.166339869281,0.0612244897959,3,0.00441176470588,0.185952380952,17,17,17,1,0,0.352941176471,0.411764705882,0.235294117647,0,0,0,0,0,0,0,0,0,0,0,0,0,0,0,0,0,0,0,0,0,0,0,0,0,0,0,0,0,37,0,0,235,1,1,0,0,1,1,1,1,1,1,2,2,0,0,0,0
158,WLNM_dir_neg,1,0.5,00:00:12,10,10,18,1979945691,threshold_sweep,0.5,1,1,1,2,0,0,4,1,1,0,0,1,1,1,1,0.555555555556,1,1,1,37,35,2,0,37,0,35,0,2,17,37,0.136029411765,1.88235294118,4.35294117647,3.36363636364,2.84615384615,1.69341284359,0.389027274878,0.193958664547,2.09866904602,0.964253345467,0.518282988871,1.87867287326,0.863174022847,0.470588235294,0.786197569093,0.41766745858,2.25,1.88235294118,0.786197569093,2.25,0.166339869281,0.0612244897959,3,0.00441176470588,0.185952380952,17,17,17,1,0,0.352941176471,0.411764705882,0.235294117647,17,0.128676470588,1.90196078431,4.11764705882,3.18181818182,2.69230769231,1.57648156274,0.382859808093,0.201680672269,2.01465221053,0.978545359402,0.524369747899,1.74894926439,0.849489642704,0.463865546218,0.814492905316,0.428238537847,2.33333333333,1.90196078431,0.814492905316,2.33333333333,0,0,0,0,0.164242424242,17,17,17,1,0,0.352941176471,0.411764705882,0.235294117647,17,37,0.136029411765,1.88235294118,4.35294117647,3.36363636364,2.84615384615,1.69341284359,0.389027274878,0.193958664547,2.09866904602,0.964253345467,0.518282988871,1.87867287326,0.863174022847,0.470588235294,0.786197569093,0.41766745858,2.25,1.88235294118,0.786197569093,2.25,0.166339869281,0.0612244897959,3,0.00441176470588,0.185952380952,17,17,17,1,0,0.352941176471,0.411764705882,0.235294117647,0,0,0,0,0,0,0,0,0,0,0,0,0,0,0,0,0,0,0,0,0,0,0,0,0,0,0,0,0,37,0,0,235,1,1,0,0,1,1,1,1,1,1,2,2,0,0,0,0
159,WLNM_dir_neg,1,0.5,00:00:12,10,10,18,1979945691,threshold_sweep,0.6,1,1,1,2,0,0,4,1,1,0,0,1,1,1,1,0.555555555556,1,1,1,37,35,2,0,37,0,35,0,2,17,37,0.136029411765,1.88235294118,4.35294117647,3.36363636364,2.84615384615,1.69341284359,0.389027274878,0.193958664547,2.09866904602,0.964253345467,0.518282988871,1.87867287326,0.863174022847,0.470588235294,0.786197569093,0.41766745858,2.25,1.88235294118,0.786197569093,2.25,0.166339869281,0.0612244897959,3,0.00441176470588,0.185952380952,17,17,17,1,0,0.352941176471,0.411764705882,0.235294117647,17,0.128676470588,1.90196078431,4.11764705882,3.18181818182,2.69230769231,1.57648156274,0.382859808093,0.201680672269,2.01465221053,0.978545359402,0.524369747899,1.74894926439,0.849489642704,0.463865546218,0.814492905316,0.428238537847,2.33333333333,1.90196078431,0.814492905316,2.33333333333,0,0,0,0,0.164242424242,17,17,17,1,0,0.352941176471,0.411764705882,0.235294117647,17,37,0.136029411765,1.88235294118,4.35294117647,3.36363636364,2.84615384615,1.69341284359,0.389027274878,0.193958664547,2.09866904602,0.964253345467,0.518282988871,1.87867287326,0.863174022847,0.470588235294,0.786197569093,0.41766745858,2.25,1.88235294118,0.786197569093,2.25,0.166339869281,0.0612244897959,3,0.00441176470588,0.185952380952,17,17,17,1,0,0.352941176471,0.411764705882,0.235294117647,0,0,0,0,0,0,0,0,0,0,0,0,0,0,0,0,0,0,0,0,0,0,0,0,0,0,0,0,0,37,0,0,235,1,1,0,0,1,1,1,1,1,1,2,2,0,0,0,0
160,WLNM_dir_neg,1,0.5,00:00:12,10,10,18,1979945691,threshold_sweep,0.7,1,1,1,2,0,0,4,1,1,0,0,1,1,1,1,0.555555555556,1,1,1,37,35,2,0,37,0,35,0,2,17,37,0.136029411765,1.88235294118,4.35294117647,3.36363636364,2.84615384615,1.69341284359,0.389027274878,0.193958664547,2.09866904602,0.964253345467,0.518282988871,1.87867287326,0.863174022847,0.470588235294,0.786197569093,0.41766745858,2.25,1.88235294118,0.786197569093,2.25,0.166339869281,0.0612244897959,3,0.00441176470588,0.185952380952,17,17,17,1,0,0.352941176471,0.411764705882,0.235294117647,17,0.128676470588,1.90196078431,4.11764705882,3.18181818182,2.69230769231,1.57648156274,0.382859808093,0.201680672269,2.01465221053,0.978545359402,0.524369747899,1.74894926439,0.849489642704,0.463865546218,0.814492905316,0.428238537847,2.33333333333,1.90196078431,0.814492905316,2.33333333333,0,0,0,0,0.164242424242,17,17,17,1,0,0.352941176471,0.411764705882,0.235294117647,17,37,0.136029411765,1.88235294118,4.35294117647,3.36363636364,2.84615384615,1.69341284359,0.389027274878,0.193958664547,2.09866904602,0.964253345467,0.518282988871,1.87867287326,0.863174022847,0.470588235294,0.786197569093,0.41766745858,2.25,1.88235294118,0.786197569093,2.25,0.166339869281,0.0612244897959,3,0.00441176470588,0.185952380952,17,17,17,1,0,0.352941176471,0.411764705882,0.235294117647,0,0,0,0,0,0,0,0,0,0,0,0,0,0,0,0,0,0,0,0,0,0,0,0,0,0,0,0,0,37,0,0,235,1,1,0,0,1,1,1,1,1,1,2,2,0,0,0,0
161,WLNM_dir_neg,1,0.5,00:00:12,10,10,18,1979945691,threshold_sweep,0.8,1,1,1,2,0,0,4,1,1,0,0,1,1,1,1,0.555555555556,1,1,1,37,35,2,0,37,0,35,0,2,17,37,0.136029411765,1.88235294118,4.35294117647,3.36363636364,2.84615384615,1.69341284359,0.389027274878,0.193958664547,2.09866904602,0.964253345467,0.518282988871,1.87867287326,0.863174022847,0.470588235294,0.786197569093,0.41766745858,2.25,1.88235294118,0.786197569093,2.25,0.166339869281,0.0612244897959,3,0.00441176470588,0.185952380952,17,17,17,1,0,0.352941176471,0.411764705882,0.235294117647,17,0.128676470588,1.90196078431,4.11764705882,3.18181818182,2.69230769231,1.57648156274,0.382859808093,0.201680672269,2.01465221053,0.978545359402,0.524369747899,1.74894926439,0.849489642704,0.463865546218,0.814492905316,0.428238537847,2.33333333333,1.90196078431,0.814492905316,2.33333333333,0,0,0,0,0.164242424242,17,17,17,1,0,0.352941176471,0.411764705882,0.235294117647,17,37,0.136029411765,1.88235294118,4.35294117647,3.36363636364,2.84615384615,1.69341284359,0.389027274878,0.193958664547,2.09866904602,0.964253345467,0.518282988871,1.87867287326,0.863174022847,0.470588235294,0.786197569093,0.41766745858,2.25,1.88235294118,0.786197569093,2.25,0.166339869281,0.0612244897959,3,0.00441176470588,0.185952380952,17,17,17,1,0,0.352941176471,0.411764705882,0.235294117647,0,0,0,0,0,0,0,0,0,0,0,0,0,0,0,0,0,0,0,0,0,0,0,0,0,0,0,0,0,37,0,0,235,1,1,0,0,1,1,1,1,1,1,2,2,0,0,0,0
162,WLNM_dir_neg,1,0.5,00:00:12,10,10,18,1979945691,threshold_sweep,0.9,1,1,1,2,0,0,4,1,1,0,0,1,1,1,1,0.555555555556,1,1,1,37,35,2,0,37,0,35,0,2,17,37,0.136029411765,1.88235294118,4.35294117647,3.36363636364,2.84615384615,1.69341284359,0.389027274878,0.193958664547,2.09866904602,0.964253345467,0.518282988871,1.87867287326,0.863174022847,0.470588235294,0.786197569093,0.41766745858,2.25,1.88235294118,0.786197569093,2.25,0.166339869281,0.0612244897959,3,0.00441176470588,0.185952380952,17,17,17,1,0,0.352941176471,0.411764705882,0.235294117647,17,0.128676470588,1.90196078431,4.11764705882,3.18181818182,2.69230769231,1.57648156274,0.382859808093,0.201680672269,2.01465221053,0.978545359402,0.524369747899,1.74894926439,0.849489642704,0.463865546218,0.814492905316,0.428238537847,2.33333333333,1.90196078431,0.814492905316,2.33333333333,0,0,0,0,0.164242424242,17,17,17,1,0,0.352941176471,0.411764705882,0.235294117647,17,37,0.136029411765,1.88235294118,4.35294117647,3.36363636364,2.84615384615,1.69341284359,0.389027274878,0.193958664547,2.09866904602,0.964253345467,0.518282988871,1.87867287326,0.863174022847,0.470588235294,0.786197569093,0.41766745858,2.25,1.88235294118,0.786197569093,2.25,0.166339869281,0.0612244897959,3,0.00441176470588,0.185952380952,17,17,17,1,0,0.352941176471,0.411764705882,0.235294117647,0,0,0,0,0,0,0,0,0,0,0,0,0,0,0,0,0,0,0,0,0,0,0,0,0,0,0,0,0,37,0,0,235,1,1,0,0,1,1,1,1,1,1,2,2,0,0,0,0
163,WLNM_dir_neg,1,0.5,00:00:12,10,10,19,1979945692,threshold_sweep,0.1,1,1,1,2,0,0,4,1,1,0,0,1,1,1,1,0.555555555556,1,1,1,37,35,2,0,37,0,35,0,2,17,37,0.136029411765,1.88235294118,4.35294117647,3.36363636364,2.84615384615,1.69341284359,0.389027274878,0.193958664547,2.09866904602,0.964253345467,0.518282988871,1.87867287326,0.863174022847,0.470588235294,0.786197569093,0.41766745858,2.25,1.88235294118,0.786197569093,2.25,0.166339869281,0.0612244897959,3,0.00441176470588,0.185952380952,17,17,17,1,0,0.352941176471,0.411764705882,0.235294117647,17,0.128676470588,1.90196078431,4.11764705882,3.18181818182,2.69230769231,1.57648156274,0.382859808093,0.201680672269,2.01465221053,0.978545359402,0.524369747899,1.74894926439,0.849489642704,0.463865546218,0.814492905316,0.428238537847,2.33333333333,1.90196078431,0.814492905316,2.33333333333,0,0,0,0,0.164242424242,17,17,17,1,0,0.352941176471,0.411764705882,0.235294117647,17,37,0.136029411765,1.88235294118,4.35294117647,3.36363636364,2.84615384615,1.69341284359,0.389027274878,0.193958664547,2.09866904602,0.964253345467,0.518282988871,1.87867287326,0.863174022847,0.470588235294,0.786197569093,0.41766745858,2.25,1.88235294118,0.786197569093,2.25,0.166339869281,0.0612244897959,3,0.00441176470588,0.185952380952,17,17,17,1,0,0.352941176471,0.411764705882,0.235294117647,0,0,0,0,0,0,0,0,0,0,0,0,0,0,0,0,0,0,0,0,0,0,0,0,0,0,0,0,0,37,0,0,235,1,1,0,0,1,1,1,1,1,1,2,2,0,0,0,0
164,WLNM_dir_neg,1,0.5,00:00:12,10,10,19,1979945692,threshold_sweep,0.2,1,1,1,2,0,0,4,1,1,0,0,1,1,1,1,0.555555555556,1,1,1,37,35,2,0,37,0,35,0,2,17,37,0.136029411765,1.88235294118,4.35294117647,3.36363636364,2.84615384615,1.69341284359,0.389027274878,0.193958664547,2.09866904602,0.964253345467,0.518282988871,1.87867287326,0.863174022847,0.470588235294,0.786197569093,0.41766745858,2.25,1.88235294118,0.786197569093,2.25,0.166339869281,0.0612244897959,3,0.00441176470588,0.185952380952,17,17,17,1,0,0.352941176471,0.411764705882,0.235294117647,17,0.128676470588,1.90196078431,4.11764705882,3.18181818182,2.69230769231,1.57648156274,0.382859808093,0.201680672269,2.01465221053,0.978545359402,0.524369747899,1.74894926439,0.849489642704,0.463865546218,0.814492905316,0.428238537847,2.33333333333,1.90196078431,0.814492905316,2.33333333333,0,0,0,0,0.164242424242,17,17,17,1,0,0.352941176471,0.411764705882,0.235294117647,17,37,0.136029411765,1.88235294118,4.35294117647,3.36363636364,2.84615384615,1.69341284359,0.389027274878,0.193958664547,2.09866904602,0.964253345467,0.518282988871,1.87867287326,0.863174022847,0.470588235294,0.786197569093,0.41766745858,2.25,1.88235294118,0.786197569093,2.25,0.166339869281,0.0612244897959,3,0.00441176470588,0.185952380952,17,17,17,1,0,0.352941176471,0.411764705882,0.235294117647,0,0,0,0,0,0,0,0,0,0,0,0,0,0,0,0,0,0,0,0,0,0,0,0,0,0,0,0,0,37,0,0,235,1,1,0,0,1,1,1,1,1,1,2,2,0,0,0,0
165,WLNM_dir_neg,1,0.5,00:00:12,10,10,19,1979945692,threshold_sweep,0.3,1,1,1,2,0,0,4,1,1,0,0,1,1,1,1,0.555555555556,1,1,1,37,35,2,0,37,0,35,0,2,17,37,0.136029411765,1.88235294118,4.35294117647,3.36363636364,2.84615384615,1.69341284359,0.389027274878,0.193958664547,2.09866904602,0.964253345467,0.518282988871,1.87867287326,0.863174022847,0.470588235294,0.786197569093,0.41766745858,2.25,1.88235294118,0.786197569093,2.25,0.166339869281,0.0612244897959,3,0.00441176470588,0.185952380952,17,17,17,1,0,0.352941176471,0.411764705882,0.235294117647,17,0.128676470588,1.90196078431,4.11764705882,3.18181818182,2.69230769231,1.57648156274,0.382859808093,0.201680672269,2.01465221053,0.978545359402,0.524369747899,1.74894926439,0.849489642704,0.463865546218,0.814492905316,0.428238537847,2.33333333333,1.90196078431,0.814492905316,2.33333333333,0,0,0,0,0.164242424242,17,17,17,1,0,0.352941176471,0.411764705882,0.235294117647,17,37,0.136029411765,1.88235294118,4.35294117647,3.36363636364,2.84615384615,1.69341284359,0.389027274878,0.193958664547,2.09866904602,0.964253345467,0.518282988871,1.87867287326,0.863174022847,0.470588235294,0.786197569093,0.41766745858,2.25,1.88235294118,0.786197569093,2.25,0.166339869281,0.0612244897959,3,0.00441176470588,0.185952380952,17,17,17,1,0,0.352941176471,0.411764705882,0.235294117647,0,0,0,0,0,0,0,0,0,0,0,0,0,0,0,0,0,0,0,0,0,0,0,0,0,0,0,0,0,37,0,0,235,1,1,0,0,1,1,1,1,1,1,2,2,0,0,0,0
166,WLNM_dir_neg,1,0.5,00:00:12,10,10,19,1979945692,threshold_sweep,0.4,1,1,1,2,0,0,4,1,1,0,0,1,1,1,1,0.555555555556,1,1,1,37,35,2,0,37,0,35,0,2,17,37,0.136029411765,1.88235294118,4.35294117647,3.36363636364,2.84615384615,1.69341284359,0.389027274878,0.193958664547,2.09866904602,0.964253345467,0.518282988871,1.87867287326,0.863174022847,0.470588235294,0.786197569093,0.41766745858,2.25,1.88235294118,0.786197569093,2.25,0.166339869281,0.0612244897959,3,0.00441176470588,0.185952380952,17,17,17,1,0,0.352941176471,0.411764705882,0.235294117647,17,0.128676470588,1.90196078431,4.11764705882,3.18181818182,2.69230769231,1.57648156274,0.382859808093,0.201680672269,2.01465221053,0.978545359402,0.524369747899,1.74894926439,0.849489642704,0.463865546218,0.814492905316,0.428238537847,2.33333333333,1.90196078431,0.814492905316,2.33333333333,0,0,0,0,0.164242424242,17,17,17,1,0,0.352941176471,0.411764705882,0.235294117647,17,37,0.136029411765,1.88235294118,4.35294117647,3.36363636364,2.84615384615,1.69341284359,0.389027274878,0.193958664547,2.09866904602,0.964253345467,0.518282988871,1.87867287326,0.863174022847,0.470588235294,0.786197569093,0.41766745858,2.25,1.88235294118,0.786197569093,2.25,0.166339869281,0.0612244897959,3,0.00441176470588,0.185952380952,17,17,17,1,0,0.352941176471,0.411764705882,0.235294117647,0,0,0,0,0,0,0,0,0,0,0,0,0,0,0,0,0,0,0,0,0,0,0,0,0,0,0,0,0,37,0,0,235,1,1,0,0,1,1,1,1,1,1,2,2,0,0,0,0
167,WLNM_dir_neg,1,0.5,00:00:12,10,10,19,1979945692,threshold_sweep,0.5,1,1,1,2,0,0,4,1,1,0,0,1,1,1,1,0.555555555556,1,1,1,37,35,2,0,37,0,35,0,2,17,37,0.136029411765,1.88235294118,4.35294117647,3.36363636364,2.84615384615,1.69341284359,0.389027274878,0.193958664547,2.09866904602,0.964253345467,0.518282988871,1.87867287326,0.863174022847,0.470588235294,0.786197569093,0.41766745858,2.25,1.88235294118,0.786197569093,2.25,0.166339869281,0.0612244897959,3,0.00441176470588,0.185952380952,17,17,17,1,0,0.352941176471,0.411764705882,0.235294117647,17,0.128676470588,1.90196078431,4.11764705882,3.18181818182,2.69230769231,1.57648156274,0.382859808093,0.201680672269,2.01465221053,0.978545359402,0.524369747899,1.74894926439,0.849489642704,0.463865546218,0.814492905316,0.428238537847,2.33333333333,1.90196078431,0.814492905316,2.33333333333,0,0,0,0,0.164242424242,17,17,17,1,0,0.352941176471,0.411764705882,0.235294117647,17,37,0.136029411765,1.88235294118,4.35294117647,3.36363636364,2.84615384615,1.69341284359,0.389027274878,0.193958664547,2.09866904602,0.964253345467,0.518282988871,1.87867287326,0.863174022847,0.470588235294,0.786197569093,0.41766745858,2.25,1.88235294118,0.786197569093,2.25,0.166339869281,0.0612244897959,3,0.00441176470588,0.185952380952,17,17,17,1,0,0.352941176471,0.411764705882,0.235294117647,0,0,0,0,0,0,0,0,0,0,0,0,0,0,0,0,0,0,0,0,0,0,0,0,0,0,0,0,0,37,0,0,235,1,1,0,0,1,1,1,1,1,1,2,2,0,0,0,0
168,WLNM_dir_neg,1,0.5,00:00:12,10,10,19,1979945692,threshold_sweep,0.6,1,1,1,2,0,0,4,1,1,0,0,1,1,1,1,0.555555555556,1,1,1,37,35,2,0,37,0,35,0,2,17,37,0.136029411765,1.88235294118,4.35294117647,3.36363636364,2.84615384615,1.69341284359,0.389027274878,0.193958664547,2.09866904602,0.964253345467,0.518282988871,1.87867287326,0.863174022847,0.470588235294,0.786197569093,0.41766745858,2.25,1.88235294118,0.786197569093,2.25,0.166339869281,0.0612244897959,3,0.00441176470588,0.185952380952,17,17,17,1,0,0.352941176471,0.411764705882,0.235294117647,17,0.128676470588,1.90196078431,4.11764705882,3.18181818182,2.69230769231,1.57648156274,0.382859808093,0.201680672269,2.01465221053,0.978545359402,0.524369747899,1.74894926439,0.849489642704,0.463865546218,0.814492905316,0.428238537847,2.33333333333,1.90196078431,0.814492905316,2.33333333333,0,0,0,0,0.164242424242,17,17,17,1,0,0.352941176471,0.411764705882,0.235294117647,17,37,0.136029411765,1.88235294118,4.35294117647,3.36363636364,2.84615384615,1.69341284359,0.389027274878,0.193958664547,2.09866904602,0.964253345467,0.518282988871,1.87867287326,0.863174022847,0.470588235294,0.786197569093,0.41766745858,2.25,1.88235294118,0.786197569093,2.25,0.166339869281,0.0612244897959,3,0.00441176470588,0.185952380952,17,17,17,1,0,0.352941176471,0.411764705882,0.235294117647,0,0,0,0,0,0,0,0,0,0,0,0,0,0,0,0,0,0,0,0,0,0,0,0,0,0,0,0,0,37,0,0,235,1,1,0,0,1,1,1,1,1,1,2,2,0,0,0,0
169,WLNM_dir_neg,1,0.5,00:00:12,10,10,19,1979945692,threshold_sweep,0.7,1,1,1,2,0,0,4,1,1,0,0,1,1,1,1,0.555555555556,1,1,1,37,35,2,0,37,0,35,0,2,17,37,0.136029411765,1.88235294118,4.35294117647,3.36363636364,2.84615384615,1.69341284359,0.389027274878,0.193958664547,2.09866904602,0.964253345467,0.518282988871,1.87867287326,0.863174022847,0.470588235294,0.786197569093,0.41766745858,2.25,1.88235294118,0.786197569093,2.25,0.166339869281,0.0612244897959,3,0.00441176470588,0.185952380952,17,17,17,1,0,0.352941176471,0.411764705882,0.235294117647,17,0.128676470588,1.90196078431,4.11764705882,3.18181818182,2.69230769231,1.57648156274,0.382859808093,0.201680672269,2.01465221053,0.978545359402,0.524369747899,1.74894926439,0.849489642704,0.463865546218,0.814492905316,0.428238537847,2.33333333333,1.90196078431,0.814492905316,2.33333333333,0,0,0,0,0.164242424242,17,17,17,1,0,0.352941176471,0.411764705882,0.235294117647,17,37,0.136029411765,1.88235294118,4.35294117647,3.36363636364,2.84615384615,1.69341284359,0.389027274878,0.193958664547,2.09866904602,0.964253345467,0.518282988871,1.87867287326,0.863174022847,0.470588235294,0.786197569093,0.41766745858,2.25,1.88235294118,0.786197569093,2.25,0.166339869281,0.0612244897959,3,0.00441176470588,0.185952380952,17,17,17,1,0,0.352941176471,0.411764705882,0.235294117647,0,0,0,0,0,0,0,0,0,0,0,0,0,0,0,0,0,0,0,0,0,0,0,0,0,0,0,0,0,37,0,0,235,1,1,0,0,1,1,1,1,1,1,2,2,0,0,0,0
170,WLNM_dir_neg,1,0.5,00:00:12,10,10,19,1979945692,threshold_sweep,0.8,1,0.5,0.666666666667,1,0,1,4,0.5,1,0,0.5,1,0.5,0.666666666667,0.833333333333,0.611111111111,0.571428571429,0.632455532034,0.5,37,35,2,0,37,0,35,0,2,17,37,0.136029411765,1.88235294118,4.35294117647,3.36363636364,2.84615384615,1.69341284359,0.389027274878,0.193958664547,2.09866904602,0.964253345467,0.518282988871,1.87867287326,0.863174022847,0.470588235294,0.786197569093,0.41766745858,2.25,1.88235294118,0.786197569093,2.25,0.166339869281,0.0612244897959,3,0.00441176470588,0.185952380952,17,17,17,1,0,0.352941176471,0.411764705882,0.235294117647,17,0.128676470588,1.90196078431,4.11764705882,3.18181818182,2.69230769231,1.57648156274,0.382859808093,0.201680672269,2.01465221053,0.978545359402,0.524369747899,1.74894926439,0.849489642704,0.463865546218,0.814492905316,0.428238537847,2.33333333333,1.90196078431,0.814492905316,2.33333333333,0,0,0,0,0.164242424242,17,17,17,1,0,0.352941176471,0.411764705882,0.235294117647,17,36,0.132352941176,1.89705882353,4.23529411765,3.27272727273,2.76923076923,1.71498585143,0.40492721492,0.204248366013,2.05798302171,0.971825315808,0.522875816993,1.79869233546,0.849382491746,0.464052287582,0.805541469338,0.424626510969,2.25,1.89705882353,0.805541469338,2.25,0.0702614379085,0.0214285714286,1,0.00147058823529,0.175454545455,17,17,17,1,0,0.352941176471,0.411764705882,0.235294117647,-1,-0.00367647058824,0.0147058823529,-0.117647058824,-0.0909090909091,-0.0769230769231,0.0215730078386,0.0158999400418,0.0102897014662,-0.0406860243059,0.00757197034072,0.00459282812224,-0.0799805377942,-0.0137915311015,-0.00653594771242,0.0193439002456,0.00695905238854,0,0.0147058823529,0.0193439002456,0,-0.0960784313725,-0.0397959183673,-2,-0.00294117647059,-0.0104978354978,0,0,0,36,0,1,235,0.972972972973,1,0,0.027027027027,1,0.972972972973,0.986301369863,0.984301887704,0.972972972973,0.972972972973,1,2,0,0,0,0
171,WLNM_dir_neg,1,0.5,00:00:12,10,10,19,1979945692,threshold_sweep,0.9,1,0.5,0.666666666667,1,0,1,4,0.5,1,0,0.5,1,0.5,0.666666666667,0.833333333333,0.611111111111,0.571428571429,0.632455532034,0.5,37,35,2,0,37,0,35,0,2,17,37,0.136029411765,1.88235294118,4.35294117647,3.36363636364,2.84615384615,1.69341284359,0.389027274878,0.193958664547,2.09866904602,0.964253345467,0.518282988871,1.87867287326,0.863174022847,0.470588235294,0.786197569093,0.41766745858,2.25,1.88235294118,0.786197569093,2.25,0.166339869281,0.0612244897959,3,0.00441176470588,0.185952380952,17,17,17,1,0,0.352941176471,0.411764705882,0.235294117647,17,0.128676470588,1.90196078431,4.11764705882,3.18181818182,2.69230769231,1.57648156274,0.382859808093,0.201680672269,2.01465221053,0.978545359402,0.524369747899,1.74894926439,0.849489642704,0.463865546218,0.814492905316,0.428238537847,2.33333333333,1.90196078431,0.814492905316,2.33333333333,0,0,0,0,0.164242424242,17,17,17,1,0,0.352941176471,0.411764705882,0.235294117647,17,36,0.132352941176,1.89705882353,4.23529411765,3.27272727273,2.76923076923,1.71498585143,0.40492721492,0.204248366013,2.05798302171,0.971825315808,0.522875816993,1.79869233546,0.849382491746,0.464052287582,0.805541469338,0.424626510969,2.25,1.89705882353,0.805541469338,2.25,0.0702614379085,0.0214285714286,1,0.00147058823529,0.175454545455,17,17,17,1,0,0.352941176471,0.411764705882,0.235294117647,-1,-0.00367647058824,0.0147058823529,-0.117647058824,-0.0909090909091,-0.0769230769231,0.0215730078386,0.0158999400418,0.0102897014662,-0.0406860243059,0.00757197034072,0.00459282812224,-0.0799805377942,-0.0137915311015,-0.00653594771242,0.0193439002456,0.00695905238854,0,0.0147058823529,0.0193439002456,0,-0.0960784313725,-0.0397959183673,-2,-0.00294117647059,-0.0104978354978,0,0,0,36,0,1,235,0.972972972973,1,0,0.027027027027,1,0.972972972973,0.986301369863,0.984301887704,0.972972972973,0.972972972973,1,2,0,0,0,0
172,WLNM_dir_neg,0.875,0.291666666667,00:00:12,10,10,20,1979945693,threshold_sweep,0.1,0.5,1,0.666666666667,2,2,0,2,1,0.5,0.5,0,0.5,1,0.666666666667,0.666666666667,0.444444444444,0.4,0.5,0.5,37,35,2,0,37,0,35,0,2,17,37,0.136029411765,1.88235294118,4.35294117647,3.36363636364,2.84615384615,1.69341284359,0.389027274878,0.193958664547,2.09866904602,0.964253345467,0.518282988871,1.87867287326,0.863174022847,0.470588235294,0.786197569093,0.41766745858,2.25,1.88235294118,0.786197569093,2.25,0.166339869281,0.0612244897959,3,0.00441176470588,0.185952380952,17,17,17,1,0,0.352941176471,0.411764705882,0.235294117647,17,0.128676470588,1.90196078431,4.11764705882,3.18181818182,2.69230769231,1.57648156274,0.382859808093,0.201680672269,2.01465221053,0.978545359402,0.524369747899,1.74894926439,0.849489642704,0.463865546218,0.814492905316,0.428238537847,2.33333333333,1.90196078431,0.814492905316,2.33333333333,0,0,0,0,0.164242424242,17,17,17,1,0,0.352941176471,0.411764705882,0.235294117647,17,39,0.143382352941,2.18672794118,4.58823529412,3.25,2.78571428571,1.62245275468,0.353611497815,0.176470588235,2.02375597227,0.882150039194,0.47963800905,1.86295148495,0.812055775493,0.440422322775,0.968836375419,0.44305300041,2.6875,2.18672794118,0.968836375419,2.6875,0.160130718954,0.0931677018634,5,0.00735294117647,0.162031024531,17,17,17,1,0,0.294117647059,0.529411764706,0.176470588235,2,0.00735294117647,0.304375,0.235294117647,-0.113636363636,-0.0604395604396,-0.0709600889041,-0.0354157770626,-0.0174880763116,-0.0749130737471,-0.0821033062727,-0.0386449798215,-0.015721388301,-0.0511182473541,-0.0301659125189,0.182638806326,0.0253855418296,0.4375,0.304375,0.182638806326,0.4375,-0.0062091503268,0.0319432120674,2,0.00294117647059,-0.0239213564214,-0.0588235294118,0.117647058824,-0.0588235294118,37,2,0,233,1,0.991489361702,0.00851063829787,0,0.948717948718,1,0.973684210526,0.969867905134,0.991489361702,0.948717948718,4,2,0,0,0,0
173,WLNM_dir_neg,0.875,0.291666666667,00:00:12,10,10,20,1979945693,threshold_sweep,0.2,0.5,1,0.666666666667,2,2,0,2,1,0.5,0.5,0,0.5,1,0.666666666667,0.666666666667,0.444444444444,0.4,0.5,0.5,37,35,2,0,37,0,35,0,2,17,37,0.136029411765,1.88235294118,4.35294117647,3.36363636364,2.84615384615,1.69341284359,0.389027274878,0.193958664547,2.09866904602,0.964253345467,0.518282988871,1.87867287326,0.863174022847,0.470588235294,0.786197569093,0.41766745858,2.25,1.88235294118,0.786197569093,2.25,0.166339869281,0.0612244897959,3,0.00441176470588,0.185952380952,17,17,17,1,0,0.352941176471,0.411764705882,0.235294117647,17,0.128676470588,1.90196078431,4.11764705882,3.18181818182,2.69230769231,1.57648156274,0.382859808093,0.201680672269,2.01465221053,0.978545359402,0.524369747899,1.74894926439,0.849489642704,0.463865546218,0.814492905316,0.428238537847,2.33333333333,1.90196078431,0.814492905316,2.33333333333,0,0,0,0,0.164242424242,17,17,17,1,0,0.352941176471,0.411764705882,0.235294117647,17,39,0.143382352941,2.18672794118,4.58823529412,3.25,2.78571428571,1.62245275468,0.353611497815,0.176470588235,2.02375597227,0.882150039194,0.47963800905,1.86295148495,0.812055775493,0.440422322775,0.968836375419,0.44305300041,2.6875,2.18672794118,0.968836375419,2.6875,0.160130718954,0.0931677018634,5,0.00735294117647,0.162031024531,17,17,17,1,0,0.294117647059,0.529411764706,0.176470588235,2,0.00735294117647,0.304375,0.235294117647,-0.113636363636,-0.0604395604396,-0.0709600889041,-0.0354157770626,-0.0174880763116,-0.0749130737471,-0.0821033062727,-0.0386449798215,-0.015721388301,-0.0511182473541,-0.0301659125189,0.182638806326,0.0253855418296,0.4375,0.304375,0.182638806326,0.4375,-0.0062091503268,0.0319432120674,2,0.00294117647059,-0.0239213564214,-0.0588235294118,0.117647058824,-0.0588235294118,37,2,0,233,1,0.991489361702,0.00851063829787,0,0.948717948718,1,0.973684210526,0.969867905134,0.991489361702,0.948717948718,4,2,0,0,0,0
174,WLNM_dir_neg,0.875,0.291666666667,00:00:12,10,10,20,1979945693,threshold_sweep,0.3,0.5,1,0.666666666667,2,2,0,2,1,0.5,0.5,0,0.5,1,0.666666666667,0.666666666667,0.444444444444,0.4,0.5,0.5,37,35,2,0,37,0,35,0,2,17,37,0.136029411765,1.88235294118,4.35294117647,3.36363636364,2.84615384615,1.69341284359,0.389027274878,0.193958664547,2.09866904602,0.964253345467,0.518282988871,1.87867287326,0.863174022847,0.470588235294,0.786197569093,0.41766745858,2.25,1.88235294118,0.786197569093,2.25,0.166339869281,0.0612244897959,3,0.00441176470588,0.185952380952,17,17,17,1,0,0.352941176471,0.411764705882,0.235294117647,17,0.128676470588,1.90196078431,4.11764705882,3.18181818182,2.69230769231,1.57648156274,0.382859808093,0.201680672269,2.01465221053,0.978545359402,0.524369747899,1.74894926439,0.849489642704,0.463865546218,0.814492905316,0.428238537847,2.33333333333,1.90196078431,0.814492905316,2.33333333333,0,0,0,0,0.164242424242,17,17,17,1,0,0.352941176471,0.411764705882,0.235294117647,17,39,0.143382352941,2.18672794118,4.58823529412,3.25,2.78571428571,1.62245275468,0.353611497815,0.176470588235,2.02375597227,0.882150039194,0.47963800905,1.86295148495,0.812055775493,0.440422322775,0.968836375419,0.44305300041,2.6875,2.18672794118,0.968836375419,2.6875,0.160130718954,0.0931677018634,5,0.00735294117647,0.162031024531,17,17,17,1,0,0.294117647059,0.529411764706,0.176470588235,2,0.00735294117647,0.304375,0.235294117647,-0.113636363636,-0.0604395604396,-0.0709600889041,-0.0354157770626,-0.0174880763116,-0.0749130737471,-0.0821033062727,-0.0386449798215,-0.015721388301,-0.0511182473541,-0.0301659125189,0.182638806326,0.0253855418296,0.4375,0.304375,0.182638806326,0.4375,-0.0062091503268,0.0319432120674,2,0.00294117647059,-0.0239213564214,-0.0588235294118,0.117647058824,-0.0588235294118,37,2,0,233,1,0.991489361702,0.00851063829787,0,0.948717948718,1,0.973684210526,0.969867905134,0.991489361702,0.948717948718,4,2,0,0,0,0
175,WLNM_dir_neg,0.875,0.291666666667,00:00:12,10,10,20,1979945693,threshold_sweep,0.4,0.5,1,0.666666666667,2,2,0,2,1,0.5,0.5,0,0.5,1,0.666666666667,0.666666666667,0.444444444444,0.4,0.5,0.5,37,35,2,0,37,0,35,0,2,17,37,0.136029411765,1.88235294118,4.35294117647,3.36363636364,2.84615384615,1.69341284359,0.389027274878,0.193958664547,2.09866904602,0.964253345467,0.518282988871,1.87867287326,0.863174022847,0.470588235294,0.786197569093,0.41766745858,2.25,1.88235294118,0.786197569093,2.25,0.166339869281,0.0612244897959,3,0.00441176470588,0.185952380952,17,17,17,1,0,0.352941176471,0.411764705882,0.235294117647,17,0.128676470588,1.90196078431,4.11764705882,3.18181818182,2.69230769231,1.57648156274,0.382859808093,0.201680672269,2.01465221053,0.978545359402,0.524369747899,1.74894926439,0.849489642704,0.463865546218,0.814492905316,0.428238537847,2.33333333333,1.90196078431,0.814492905316,2.33333333333,0,0,0,0,0.164242424242,17,17,17,1,0,0.352941176471,0.411764705882,0.235294117647,17,39,0.143382352941,2.18672794118,4.58823529412,3.25,2.78571428571,1.62245275468,0.353611497815,0.176470588235,2.02375597227,0.882150039194,0.47963800905,1.86295148495,0.812055775493,0.440422322775,0.968836375419,0.44305300041,2.6875,2.18672794118,0.968836375419,2.6875,0.160130718954,0.0931677018634,5,0.00735294117647,0.162031024531,17,17,17,1,0,0.294117647059,0.529411764706,0.176470588235,2,0.00735294117647,0.304375,0.235294117647,-0.113636363636,-0.0604395604396,-0.0709600889041,-0.0354157770626,-0.0174880763116,-0.0749130737471,-0.0821033062727,-0.0386449798215,-0.015721388301,-0.0511182473541,-0.0301659125189,0.182638806326,0.0253855418296,0.4375,0.304375,0.182638806326,0.4375,-0.0062091503268,0.0319432120674,2,0.00294117647059,-0.0239213564214,-0.0588235294118,0.117647058824,-0.0588235294118,37,2,0,233,1,0.991489361702,0.00851063829787,0,0.948717948718,1,0.973684210526,0.969867905134,0.991489361702,0.948717948718,4,2,0,0,0,0
176,WLNM_dir_neg,0.875,0.291666666667,00:00:12,10,10,20,1979945693,threshold_sweep,0.5,0.5,1,0.666666666667,2,2,0,2,1,0.5,0.5,0,0.5,1,0.666666666667,0.666666666667,0.444444444444,0.4,0.5,0.5,37,35,2,0,37,0,35,0,2,17,37,0.136029411765,1.88235294118,4.35294117647,3.36363636364,2.84615384615,1.69341284359,0.389027274878,0.193958664547,2.09866904602,0.964253345467,0.518282988871,1.87867287326,0.863174022847,0.470588235294,0.786197569093,0.41766745858,2.25,1.88235294118,0.786197569093,2.25,0.166339869281,0.0612244897959,3,0.00441176470588,0.185952380952,17,17,17,1,0,0.352941176471,0.411764705882,0.235294117647,17,0.128676470588,1.90196078431,4.11764705882,3.18181818182,2.69230769231,1.57648156274,0.382859808093,0.201680672269,2.01465221053,0.978545359402,0.524369747899,1.74894926439,0.849489642704,0.463865546218,0.814492905316,0.428238537847,2.33333333333,1.90196078431,0.814492905316,2.33333333333,0,0,0,0,0.164242424242,17,17,17,1,0,0.352941176471,0.411764705882,0.235294117647,17,39,0.143382352941,2.18672794118,4.58823529412,3.25,2.78571428571,1.62245275468,0.353611497815,0.176470588235,2.02375597227,0.882150039194,0.47963800905,1.86295148495,0.812055775493,0.440422322775,0.968836375419,0.44305300041,2.6875,2.18672794118,0.968836375419,2.6875,0.160130718954,0.0931677018634,5,0.00735294117647,0.162031024531,17,17,17,1,0,0.294117647059,0.529411764706,0.176470588235,2,0.00735294117647,0.304375,0.235294117647,-0.113636363636,-0.0604395604396,-0.0709600889041,-0.0354157770626,-0.0174880763116,-0.0749130737471,-0.0821033062727,-0.0386449798215,-0.015721388301,-0.0511182473541,-0.0301659125189,0.182638806326,0.0253855418296,0.4375,0.304375,0.182638806326,0.4375,-0.0062091503268,0.0319432120674,2,0.00294117647059,-0.0239213564214,-0.0588235294118,0.117647058824,-0.0588235294118,37,2,0,233,1,0.991489361702,0.00851063829787,0,0.948717948718,1,0.973684210526,0.969867905134,0.991489361702,0.948717948718,4,2,0,0,0,0
177,WLNM_dir_neg,0.875,0.291666666667,00:00:12,10,10,20,1979945693,threshold_sweep,0.6,0.5,1,0.666666666667,2,2,0,2,1,0.5,0.5,0,0.5,1,0.666666666667,0.666666666667,0.444444444444,0.4,0.5,0.5,37,35,2,0,37,0,35,0,2,17,37,0.136029411765,1.88235294118,4.35294117647,3.36363636364,2.84615384615,1.69341284359,0.389027274878,0.193958664547,2.09866904602,0.964253345467,0.518282988871,1.87867287326,0.863174022847,0.470588235294,0.786197569093,0.41766745858,2.25,1.88235294118,0.786197569093,2.25,0.166339869281,0.0612244897959,3,0.00441176470588,0.185952380952,17,17,17,1,0,0.352941176471,0.411764705882,0.235294117647,17,0.128676470588,1.90196078431,4.11764705882,3.18181818182,2.69230769231,1.57648156274,0.382859808093,0.201680672269,2.01465221053,0.978545359402,0.524369747899,1.74894926439,0.849489642704,0.463865546218,0.814492905316,0.428238537847,2.33333333333,1.90196078431,0.814492905316,2.33333333333,0,0,0,0,0.164242424242,17,17,17,1,0,0.352941176471,0.411764705882,0.235294117647,17,39,0.143382352941,2.18672794118,4.58823529412,3.25,2.78571428571,1.62245275468,0.353611497815,0.176470588235,2.02375597227,0.882150039194,0.47963800905,1.86295148495,0.812055775493,0.440422322775,0.968836375419,0.44305300041,2.6875,2.18672794118,0.968836375419,2.6875,0.160130718954,0.0931677018634,5,0.00735294117647,0.162031024531,17,17,17,1,0,0.294117647059,0.529411764706,0.176470588235,2,0.00735294117647,0.304375,0.235294117647,-0.113636363636,-0.0604395604396,-0.0709600889041,-0.0354157770626,-0.0174880763116,-0.0749130737471,-0.0821033062727,-0.0386449798215,-0.015721388301,-0.0511182473541,-0.0301659125189,0.182638806326,0.0253855418296,0.4375,0.304375,0.182638806326,0.4375,-0.0062091503268,0.0319432120674,2,0.00294117647059,-0.0239213564214,-0.0588235294118,0.117647058824,-0.0588235294118,37,2,0,233,1,0.991489361702,0.00851063829787,0,0.948717948718,1,0.973684210526,0.969867905134,0.991489361702,0.948717948718,4,2,0,0,0,0
178,WLNM_dir_neg,0.875,0.291666666667,00:00:12,10,10,20,1979945693,threshold_sweep,0.7,0.5,1,0.666666666667,2,2,0,2,1,0.5,0.5,0,0.5,1,0.666666666667,0.666666666667,0.444444444444,0.4,0.5,0.5,37,35,2,0,37,0,35,0,2,17,37,0.136029411765,1.88235294118,4.35294117647,3.36363636364,2.84615384615,1.69341284359,0.389027274878,0.193958664547,2.09866904602,0.964253345467,0.518282988871,1.87867287326,0.863174022847,0.470588235294,0.786197569093,0.41766745858,2.25,1.88235294118,0.786197569093,2.25,0.166339869281,0.0612244897959,3,0.00441176470588,0.185952380952,17,17,17,1,0,0.352941176471,0.411764705882,0.235294117647,17,0.128676470588,1.90196078431,4.11764705882,3.18181818182,2.69230769231,1.57648156274,0.382859808093,0.201680672269,2.01465221053,0.978545359402,0.524369747899,1.74894926439,0.849489642704,0.463865546218,0.814492905316,0.428238537847,2.33333333333,1.90196078431,0.814492905316,2.33333333333,0,0,0,0,0.164242424242,17,17,17,1,0,0.352941176471,0.411764705882,0.235294117647,17,39,0.143382352941,2.18672794118,4.58823529412,3.25,2.78571428571,1.62245275468,0.353611497815,0.176470588235,2.02375597227,0.882150039194,0.47963800905,1.86295148495,0.812055775493,0.440422322775,0.968836375419,0.44305300041,2.6875,2.18672794118,0.968836375419,2.6875,0.160130718954,0.0931677018634,5,0.00735294117647,0.162031024531,17,17,17,1,0,0.294117647059,0.529411764706,0.176470588235,2,0.00735294117647,0.304375,0.235294117647,-0.113636363636,-0.0604395604396,-0.0709600889041,-0.0354157770626,-0.0174880763116,-0.0749130737471,-0.0821033062727,-0.0386449798215,-0.015721388301,-0.0511182473541,-0.0301659125189,0.182638806326,0.0253855418296,0.4375,0.304375,0.182638806326,0.4375,-0.0062091503268,0.0319432120674,2,0.00294117647059,-0.0239213564214,-0.0588235294118,0.117647058824,-0.0588235294118,37,2,0,233,1,0.991489361702,0.00851063829787,0,0.948717948718,1,0.973684210526,0.969867905134,0.991489361702,0.948717948718,4,2,0,0,0,0
179,WLNM_dir_neg,0.875,0.291666666667,00:00:12,10,10,20,1979945693,threshold_sweep,0.8,0.5,1,0.666666666667,2,2,0,2,1,0.5,0.5,0,0.5,1,0.666666666667,0.666666666667,0.444444444444,0.4,0.5,0.5,37,35,2,0,37,0,35,0,2,17,37,0.136029411765,1.88235294118,4.35294117647,3.36363636364,2.84615384615,1.69341284359,0.389027274878,0.193958664547,2.09866904602,0.964253345467,0.518282988871,1.87867287326,0.863174022847,0.470588235294,0.786197569093,0.41766745858,2.25,1.88235294118,0.786197569093,2.25,0.166339869281,0.0612244897959,3,0.00441176470588,0.185952380952,17,17,17,1,0,0.352941176471,0.411764705882,0.235294117647,17,0.128676470588,1.90196078431,4.11764705882,3.18181818182,2.69230769231,1.57648156274,0.382859808093,0.201680672269,2.01465221053,0.978545359402,0.524369747899,1.74894926439,0.849489642704,0.463865546218,0.814492905316,0.428238537847,2.33333333333,1.90196078431,0.814492905316,2.33333333333,0,0,0,0,0.164242424242,17,17,17,1,0,0.352941176471,0.411764705882,0.235294117647,17,39,0.143382352941,2.18672794118,4.58823529412,3.25,2.78571428571,1.62245275468,0.353611497815,0.176470588235,2.02375597227,0.882150039194,0.47963800905,1.86295148495,0.812055775493,0.440422322775,0.968836375419,0.44305300041,2.6875,2.18672794118,0.968836375419,2.6875,0.160130718954,0.0931677018634,5,0.00735294117647,0.162031024531,17,17,17,1,0,0.294117647059,0.529411764706,0.176470588235,2,0.00735294117647,0.304375,0.235294117647,-0.113636363636,-0.0604395604396,-0.0709600889041,-0.0354157770626,-0.0174880763116,-0.0749130737471,-0.0821033062727,-0.0386449798215,-0.015721388301,-0.0511182473541,-0.0301659125189,0.182638806326,0.0253855418296,0.4375,0.304375,0.182638806326,0.4375,-0.0062091503268,0.0319432120674,2,0.00294117647059,-0.0239213564214,-0.0588235294118,0.117647058824,-0.0588235294118,37,2,0,233,1,0.991489361702,0.00851063829787,0,0.948717948718,1,0.973684210526,0.969867905134,0.991489361702,0.948717948718,4,2,0,0,0,0
180,WLNM_dir_neg,0.875,0.291666666667,00:00:12,10,10,20,1979945693,threshold_sweep,0.9,0.5,1,0.666666666667,2,2,0,2,1,0.5,0.5,0,0.5,1,0.666666666667,0.666666666667,0.444444444444,0.4,0.5,0.5,37,35,2,0,37,0,35,0,2,17,37,0.136029411765,1.88235294118,4.35294117647,3.36363636364,2.84615384615,1.69341284359,0.389027274878,0.193958664547,2.09866904602,0.964253345467,0.518282988871,1.87867287326,0.863174022847,0.470588235294,0.786197569093,0.41766745858,2.25,1.88235294118,0.786197569093,2.25,0.166339869281,0.0612244897959,3,0.00441176470588,0.185952380952,17,17,17,1,0,0.352941176471,0.411764705882,0.235294117647,17,0.128676470588,1.90196078431,4.11764705882,3.18181818182,2.69230769231,1.57648156274,0.382859808093,0.201680672269,2.01465221053,0.978545359402,0.524369747899,1.74894926439,0.849489642704,0.463865546218,0.814492905316,0.428238537847,2.33333333333,1.90196078431,0.814492905316,2.33333333333,0,0,0,0,0.164242424242,17,17,17,1,0,0.352941176471,0.411764705882,0.235294117647,17,39,0.143382352941,2.18672794118,4.58823529412,3.25,2.78571428571,1.62245275468,0.353611497815,0.176470588235,2.02375597227,0.882150039194,0.47963800905,1.86295148495,0.812055775493,0.440422322775,0.968836375419,0.44305300041,2.6875,2.18672794118,0.968836375419,2.6875,0.160130718954,0.0931677018634,5,0.00735294117647,0.162031024531,17,17,17,1,0,0.294117647059,0.529411764706,0.176470588235,2,0.00735294117647,0.304375,0.235294117647,-0.113636363636,-0.0604395604396,-0.0709600889041,-0.0354157770626,-0.0174880763116,-0.0749130737471,-0.0821033062727,-0.0386449798215,-0.015721388301,-0.0511182473541,-0.0301659125189,0.182638806326,0.0253855418296,0.4375,0.304375,0.182638806326,0.4375,-0.0062091503268,0.0319432120674,2,0.00294117647059,-0.0239213564214,-0.0588235294118,0.117647058824,-0.0588235294118,37,2,0,233,1,0.991489361702,0.00851063829787,0,0.948717948718,1,0.973684210526,0.969867905134,0.991489361702,0.948717948718,4,2,0,0,0,0
181,WLNM_dir_neg,1,0.5,00:00:12,10,10,21,1979945694,threshold_sweep,0.1,1,1,1,2,0,0,4,1,1,0,0,1,1,1,1,0.555555555556,1,1,1,37,35,2,0,37,0,35,0,2,17,37,0.136029411765,1.88235294118,4.35294117647,3.36363636364,2.84615384615,1.69341284359,0.389027274878,0.193958664547,2.09866904602,0.964253345467,0.518282988871,1.87867287326,0.863174022847,0.470588235294,0.786197569093,0.41766745858,2.25,1.88235294118,0.786197569093,2.25,0.166339869281,0.0612244897959,3,0.00441176470588,0.185952380952,17,17,17,1,0,0.352941176471,0.411764705882,0.235294117647,17,0.128676470588,1.90196078431,4.11764705882,3.18181818182,2.69230769231,1.57648156274,0.382859808093,0.201680672269,2.01465221053,0.978545359402,0.524369747899,1.74894926439,0.849489642704,0.463865546218,0.814492905316,0.428238537847,2.33333333333,1.90196078431,0.814492905316,2.33333333333,0,0,0,0,0.164242424242,17,17,17,1,0,0.352941176471,0.411764705882,0.235294117647,17,37,0.136029411765,1.88235294118,4.35294117647,3.36363636364,2.84615384615,1.69341284359,0.389027274878,0.193958664547,2.09866904602,0.964253345467,0.518282988871,1.87867287326,0.863174022847,0.470588235294,0.786197569093,0.41766745858,2.25,1.88235294118,0.786197569093,2.25,0.166339869281,0.0612244897959,3,0.00441176470588,0.185952380952,17,17,17,1,0,0.352941176471,0.411764705882,0.235294117647,0,0,0,0,0,0,0,0,0,0,0,0,0,0,0,0,0,0,0,0,0,0,0,0,0,0,0,0,0,37,0,0,235,1,1,0,0,1,1,1,1,1,1,2,2,0,0,0,0
182,WLNM_dir_neg,1,0.5,00:00:12,10,10,21,1979945694,threshold_sweep,0.2,1,1,1,2,0,0,4,1,1,0,0,1,1,1,1,0.555555555556,1,1,1,37,35,2,0,37,0,35,0,2,17,37,0.136029411765,1.88235294118,4.35294117647,3.36363636364,2.84615384615,1.69341284359,0.389027274878,0.193958664547,2.09866904602,0.964253345467,0.518282988871,1.87867287326,0.863174022847,0.470588235294,0.786197569093,0.41766745858,2.25,1.88235294118,0.786197569093,2.25,0.166339869281,0.0612244897959,3,0.00441176470588,0.185952380952,17,17,17,1,0,0.352941176471,0.411764705882,0.235294117647,17,0.128676470588,1.90196078431,4.11764705882,3.18181818182,2.69230769231,1.57648156274,0.382859808093,0.201680672269,2.01465221053,0.978545359402,0.524369747899,1.74894926439,0.849489642704,0.463865546218,0.814492905316,0.428238537847,2.33333333333,1.90196078431,0.814492905316,2.33333333333,0,0,0,0,0.164242424242,17,17,17,1,0,0.352941176471,0.411764705882,0.235294117647,17,37,0.136029411765,1.88235294118,4.35294117647,3.36363636364,2.84615384615,1.69341284359,0.389027274878,0.193958664547,2.09866904602,0.964253345467,0.518282988871,1.87867287326,0.863174022847,0.470588235294,0.786197569093,0.41766745858,2.25,1.88235294118,0.786197569093,2.25,0.166339869281,0.0612244897959,3,0.00441176470588,0.185952380952,17,17,17,1,0,0.352941176471,0.411764705882,0.235294117647,0,0,0,0,0,0,0,0,0,0,0,0,0,0,0,0,0,0,0,0,0,0,0,0,0,0,0,0,0,37,0,0,235,1,1,0,0,1,1,1,1,1,1,2,2,0,0,0,0
183,WLNM_dir_neg,1,0.5,00:00:12,10,10,21,1979945694,threshold_sweep,0.3,1,1,1,2,0,0,4,1,1,0,0,1,1,1,1,0.555555555556,1,1,1,37,35,2,0,37,0,35,0,2,17,37,0.136029411765,1.88235294118,4.35294117647,3.36363636364,2.84615384615,1.69341284359,0.389027274878,0.193958664547,2.09866904602,0.964253345467,0.518282988871,1.87867287326,0.863174022847,0.470588235294,0.786197569093,0.41766745858,2.25,1.88235294118,0.786197569093,2.25,0.166339869281,0.0612244897959,3,0.00441176470588,0.185952380952,17,17,17,1,0,0.352941176471,0.411764705882,0.235294117647,17,0.128676470588,1.90196078431,4.11764705882,3.18181818182,2.69230769231,1.57648156274,0.382859808093,0.201680672269,2.01465221053,0.978545359402,0.524369747899,1.74894926439,0.849489642704,0.463865546218,0.814492905316,0.428238537847,2.33333333333,1.90196078431,0.814492905316,2.33333333333,0,0,0,0,0.164242424242,17,17,17,1,0,0.352941176471,0.411764705882,0.235294117647,17,37,0.136029411765,1.88235294118,4.35294117647,3.36363636364,2.84615384615,1.69341284359,0.389027274878,0.193958664547,2.09866904602,0.964253345467,0.518282988871,1.87867287326,0.863174022847,0.470588235294,0.786197569093,0.41766745858,2.25,1.88235294118,0.786197569093,2.25,0.166339869281,0.0612244897959,3,0.00441176470588,0.185952380952,17,17,17,1,0,0.352941176471,0.411764705882,0.235294117647,0,0,0,0,0,0,0,0,0,0,0,0,0,0,0,0,0,0,0,0,0,0,0,0,0,0,0,0,0,37,0,0,235,1,1,0,0,1,1,1,1,1,1,2,2,0,0,0,0
184,WLNM_dir_neg,1,0.5,00:00:12,10,10,21,1979945694,threshold_sweep,0.4,1,1,1,2,0,0,4,1,1,0,0,1,1,1,1,0.555555555556,1,1,1,37,35,2,0,37,0,35,0,2,17,37,0.136029411765,1.88235294118,4.35294117647,3.36363636364,2.84615384615,1.69341284359,0.389027274878,0.193958664547,2.09866904602,0.964253345467,0.518282988871,1.87867287326,0.863174022847,0.470588235294,0.786197569093,0.41766745858,2.25,1.88235294118,0.786197569093,2.25,0.166339869281,0.0612244897959,3,0.00441176470588,0.185952380952,17,17,17,1,0,0.352941176471,0.411764705882,0.235294117647,17,0.128676470588,1.90196078431,4.11764705882,3.18181818182,2.69230769231,1.57648156274,0.382859808093,0.201680672269,2.01465221053,0.978545359402,0.524369747899,1.74894926439,0.849489642704,0.463865546218,0.814492905316,0.428238537847,2.33333333333,1.90196078431,0.814492905316,2.33333333333,0,0,0,0,0.164242424242,17,17,17,1,0,0.352941176471,0.411764705882,0.235294117647,17,37,0.136029411765,1.88235294118,4.35294117647,3.36363636364,2.84615384615,1.69341284359,0.389027274878,0.193958664547,2.09866904602,0.964253345467,0.518282988871,1.87867287326,0.863174022847,0.470588235294,0.786197569093,0.41766745858,2.25,1.88235294118,0.786197569093,2.25,0.166339869281,0.0612244897959,3,0.00441176470588,0.185952380952,17,17,17,1,0,0.352941176471,0.411764705882,0.235294117647,0,0,0,0,0,0,0,0,0,0,0,0,0,0,0,0,0,0,0,0,0,0,0,0,0,0,0,0,0,37,0,0,235,1,1,0,0,1,1,1,1,1,1,2,2,0,0,0,0
185,WLNM_dir_neg,1,0.5,00:00:12,10,10,21,1979945694,threshold_sweep,0.5,1,1,1,2,0,0,4,1,1,0,0,1,1,1,1,0.555555555556,1,1,1,37,35,2,0,37,0,35,0,2,17,37,0.136029411765,1.88235294118,4.35294117647,3.36363636364,2.84615384615,1.69341284359,0.389027274878,0.193958664547,2.09866904602,0.964253345467,0.518282988871,1.87867287326,0.863174022847,0.470588235294,0.786197569093,0.41766745858,2.25,1.88235294118,0.786197569093,2.25,0.166339869281,0.0612244897959,3,0.00441176470588,0.185952380952,17,17,17,1,0,0.352941176471,0.411764705882,0.235294117647,17,0.128676470588,1.90196078431,4.11764705882,3.18181818182,2.69230769231,1.57648156274,0.382859808093,0.201680672269,2.01465221053,0.978545359402,0.524369747899,1.74894926439,0.849489642704,0.463865546218,0.814492905316,0.428238537847,2.33333333333,1.90196078431,0.814492905316,2.33333333333,0,0,0,0,0.164242424242,17,17,17,1,0,0.352941176471,0.411764705882,0.235294117647,17,37,0.136029411765,1.88235294118,4.35294117647,3.36363636364,2.84615384615,1.69341284359,0.389027274878,0.193958664547,2.09866904602,0.964253345467,0.518282988871,1.87867287326,0.863174022847,0.470588235294,0.786197569093,0.41766745858,2.25,1.88235294118,0.786197569093,2.25,0.166339869281,0.0612244897959,3,0.00441176470588,0.185952380952,17,17,17,1,0,0.352941176471,0.411764705882,0.235294117647,0,0,0,0,0,0,0,0,0,0,0,0,0,0,0,0,0,0,0,0,0,0,0,0,0,0,0,0,0,37,0,0,235,1,1,0,0,1,1,1,1,1,1,2,2,0,0,0,0
186,WLNM_dir_neg,1,0.5,00:00:12,10,10,21,1979945694,threshold_sweep,0.6,1,1,1,2,0,0,4,1,1,0,0,1,1,1,1,0.555555555556,1,1,1,37,35,2,0,37,0,35,0,2,17,37,0.136029411765,1.88235294118,4.35294117647,3.36363636364,2.84615384615,1.69341284359,0.389027274878,0.193958664547,2.09866904602,0.964253345467,0.518282988871,1.87867287326,0.863174022847,0.470588235294,0.786197569093,0.41766745858,2.25,1.88235294118,0.786197569093,2.25,0.166339869281,0.0612244897959,3,0.00441176470588,0.185952380952,17,17,17,1,0,0.352941176471,0.411764705882,0.235294117647,17,0.128676470588,1.90196078431,4.11764705882,3.18181818182,2.69230769231,1.57648156274,0.382859808093,0.201680672269,2.01465221053,0.978545359402,0.524369747899,1.74894926439,0.849489642704,0.463865546218,0.814492905316,0.428238537847,2.33333333333,1.90196078431,0.814492905316,2.33333333333,0,0,0,0,0.164242424242,17,17,17,1,0,0.352941176471,0.411764705882,0.235294117647,17,37,0.136029411765,1.88235294118,4.35294117647,3.36363636364,2.84615384615,1.69341284359,0.389027274878,0.193958664547,2.09866904602,0.964253345467,0.518282988871,1.87867287326,0.863174022847,0.470588235294,0.786197569093,0.41766745858,2.25,1.88235294118,0.786197569093,2.25,0.166339869281,0.0612244897959,3,0.00441176470588,0.185952380952,17,17,17,1,0,0.352941176471,0.411764705882,0.235294117647,0,0,0,0,0,0,0,0,0,0,0,0,0,0,0,0,0,0,0,0,0,0,0,0,0,0,0,0,0,37,0,0,235,1,1,0,0,1,1,1,1,1,1,2,2,0,0,0,0
187,WLNM_dir_neg,1,0.5,00:00:12,10,10,21,1979945694,threshold_sweep,0.7,1,1,1,2,0,0,4,1,1,0,0,1,1,1,1,0.555555555556,1,1,1,37,35,2,0,37,0,35,0,2,17,37,0.136029411765,1.88235294118,4.35294117647,3.36363636364,2.84615384615,1.69341284359,0.389027274878,0.193958664547,2.09866904602,0.964253345467,0.518282988871,1.87867287326,0.863174022847,0.470588235294,0.786197569093,0.41766745858,2.25,1.88235294118,0.786197569093,2.25,0.166339869281,0.0612244897959,3,0.00441176470588,0.185952380952,17,17,17,1,0,0.352941176471,0.411764705882,0.235294117647,17,0.128676470588,1.90196078431,4.11764705882,3.18181818182,2.69230769231,1.57648156274,0.382859808093,0.201680672269,2.01465221053,0.978545359402,0.524369747899,1.74894926439,0.849489642704,0.463865546218,0.814492905316,0.428238537847,2.33333333333,1.90196078431,0.814492905316,2.33333333333,0,0,0,0,0.164242424242,17,17,17,1,0,0.352941176471,0.411764705882,0.235294117647,17,37,0.136029411765,1.88235294118,4.35294117647,3.36363636364,2.84615384615,1.69341284359,0.389027274878,0.193958664547,2.09866904602,0.964253345467,0.518282988871,1.87867287326,0.863174022847,0.470588235294,0.786197569093,0.41766745858,2.25,1.88235294118,0.786197569093,2.25,0.166339869281,0.0612244897959,3,0.00441176470588,0.185952380952,17,17,17,1,0,0.352941176471,0.411764705882,0.235294117647,0,0,0,0,0,0,0,0,0,0,0,0,0,0,0,0,0,0,0,0,0,0,0,0,0,0,0,0,0,37,0,0,235,1,1,0,0,1,1,1,1,1,1,2,2,0,0,0,0
188,WLNM_dir_neg,1,0.5,00:00:12,10,10,21,1979945694,threshold_sweep,0.8,1,1,1,2,0,0,4,1,1,0,0,1,1,1,1,0.555555555556,1,1,1,37,35,2,0,37,0,35,0,2,17,37,0.136029411765,1.88235294118,4.35294117647,3.36363636364,2.84615384615,1.69341284359,0.389027274878,0.193958664547,2.09866904602,0.964253345467,0.518282988871,1.87867287326,0.863174022847,0.470588235294,0.786197569093,0.41766745858,2.25,1.88235294118,0.786197569093,2.25,0.166339869281,0.0612244897959,3,0.00441176470588,0.185952380952,17,17,17,1,0,0.352941176471,0.411764705882,0.235294117647,17,0.128676470588,1.90196078431,4.11764705882,3.18181818182,2.69230769231,1.57648156274,0.382859808093,0.201680672269,2.01465221053,0.978545359402,0.524369747899,1.74894926439,0.849489642704,0.463865546218,0.814492905316,0.428238537847,2.33333333333,1.90196078431,0.814492905316,2.33333333333,0,0,0,0,0.164242424242,17,17,17,1,0,0.352941176471,0.411764705882,0.235294117647,17,37,0.136029411765,1.88235294118,4.35294117647,3.36363636364,2.84615384615,1.69341284359,0.389027274878,0.193958664547,2.09866904602,0.964253345467,0.518282988871,1.87867287326,0.863174022847,0.470588235294,0.786197569093,0.41766745858,2.25,1.88235294118,0.786197569093,2.25,0.166339869281,0.0612244897959,3,0.00441176470588,0.185952380952,17,17,17,1,0,0.352941176471,0.411764705882,0.235294117647,0,0,0,0,0,0,0,0,0,0,0,0,0,0,0,0,0,0,0,0,0,0,0,0,0,0,0,0,0,37,0,0,235,1,1,0,0,1,1,1,1,1,1,2,2,0,0,0,0
189,WLNM_dir_neg,1,0.5,00:00:12,10,10,21,1979945694,threshold_sweep,0.9,1,1,1,2,0,0,4,1,1,0,0,1,1,1,1,0.555555555556,1,1,1,37,35,2,0,37,0,35,0,2,17,37,0.136029411765,1.88235294118,4.35294117647,3.36363636364,2.84615384615,1.69341284359,0.389027274878,0.193958664547,2.09866904602,0.964253345467,0.518282988871,1.87867287326,0.863174022847,0.470588235294,0.786197569093,0.41766745858,2.25,1.88235294118,0.786197569093,2.25,0.166339869281,0.0612244897959,3,0.00441176470588,0.185952380952,17,17,17,1,0,0.352941176471,0.411764705882,0.235294117647,17,0.128676470588,1.90196078431,4.11764705882,3.18181818182,2.69230769231,1.57648156274,0.382859808093,0.201680672269,2.01465221053,0.978545359402,0.524369747899,1.74894926439,0.849489642704,0.463865546218,0.814492905316,0.428238537847,2.33333333333,1.90196078431,0.814492905316,2.33333333333,0,0,0,0,0.164242424242,17,17,17,1,0,0.352941176471,0.411764705882,0.235294117647,17,37,0.136029411765,1.88235294118,4.35294117647,3.36363636364,2.84615384615,1.69341284359,0.389027274878,0.193958664547,2.09866904602,0.964253345467,0.518282988871,1.87867287326,0.863174022847,0.470588235294,0.786197569093,0.41766745858,2.25,1.88235294118,0.786197569093,2.25,0.166339869281,0.0612244897959,3,0.00441176470588,0.185952380952,17,17,17,1,0,0.352941176471,0.411764705882,0.235294117647,0,0,0,0,0,0,0,0,0,0,0,0,0,0,0,0,0,0,0,0,0,0,0,0,0,0,0,0,0,37,0,0,235,1,1,0,0,1,1,1,1,1,1,2,2,0,0,0,0
190,WLNM_dir_neg,1,0.5,00:00:12,10,10,22,1979945695,threshold_sweep,0.1,1,1,1,2,0,0,4,1,1,0,0,1,1,1,1,0.555555555556,1,1,1,37,35,2,0,37,0,35,0,2,17,37,0.136029411765,1.88235294118,4.35294117647,3.36363636364,2.84615384615,1.69341284359,0.389027274878,0.193958664547,2.09866904602,0.964253345467,0.518282988871,1.87867287326,0.863174022847,0.470588235294,0.786197569093,0.41766745858,2.25,1.88235294118,0.786197569093,2.25,0.166339869281,0.0612244897959,3,0.00441176470588,0.185952380952,17,17,17,1,0,0.352941176471,0.411764705882,0.235294117647,17,0.128676470588,1.90196078431,4.11764705882,3.18181818182,2.69230769231,1.57648156274,0.382859808093,0.201680672269,2.01465221053,0.978545359402,0.524369747899,1.74894926439,0.849489642704,0.463865546218,0.814492905316,0.428238537847,2.33333333333,1.90196078431,0.814492905316,2.33333333333,0,0,0,0,0.164242424242,17,17,17,1,0,0.352941176471,0.411764705882,0.235294117647,17,37,0.136029411765,1.88235294118,4.35294117647,3.36363636364,2.84615384615,1.69341284359,0.389027274878,0.193958664547,2.09866904602,0.964253345467,0.518282988871,1.87867287326,0.863174022847,0.470588235294,0.786197569093,0.41766745858,2.25,1.88235294118,0.786197569093,2.25,0.166339869281,0.0612244897959,3,0.00441176470588,0.185952380952,17,17,17,1,0,0.352941176471,0.411764705882,0.235294117647,0,0,0,0,0,0,0,0,0,0,0,0,0,0,0,0,0,0,0,0,0,0,0,0,0,0,0,0,0,37,0,0,235,1,1,0,0,1,1,1,1,1,1,2,2,0,0,0,0
191,WLNM_dir_neg,1,0.5,00:00:12,10,10,22,1979945695,threshold_sweep,0.2,1,1,1,2,0,0,4,1,1,0,0,1,1,1,1,0.555555555556,1,1,1,37,35,2,0,37,0,35,0,2,17,37,0.136029411765,1.88235294118,4.35294117647,3.36363636364,2.84615384615,1.69341284359,0.389027274878,0.193958664547,2.09866904602,0.964253345467,0.518282988871,1.87867287326,0.863174022847,0.470588235294,0.786197569093,0.41766745858,2.25,1.88235294118,0.786197569093,2.25,0.166339869281,0.0612244897959,3,0.00441176470588,0.185952380952,17,17,17,1,0,0.352941176471,0.411764705882,0.235294117647,17,0.128676470588,1.90196078431,4.11764705882,3.18181818182,2.69230769231,1.57648156274,0.382859808093,0.201680672269,2.01465221053,0.978545359402,0.524369747899,1.74894926439,0.849489642704,0.463865546218,0.814492905316,0.428238537847,2.33333333333,1.90196078431,0.814492905316,2.33333333333,0,0,0,0,0.164242424242,17,17,17,1,0,0.352941176471,0.411764705882,0.235294117647,17,37,0.136029411765,1.88235294118,4.35294117647,3.36363636364,2.84615384615,1.69341284359,0.389027274878,0.193958664547,2.09866904602,0.964253345467,0.518282988871,1.87867287326,0.863174022847,0.470588235294,0.786197569093,0.41766745858,2.25,1.88235294118,0.786197569093,2.25,0.166339869281,0.0612244897959,3,0.00441176470588,0.185952380952,17,17,17,1,0,0.352941176471,0.411764705882,0.235294117647,0,0,0,0,0,0,0,0,0,0,0,0,0,0,0,0,0,0,0,0,0,0,0,0,0,0,0,0,0,37,0,0,235,1,1,0,0,1,1,1,1,1,1,2,2,0,0,0,0
192,WLNM_dir_neg,1,0.5,00:00:12,10,10,22,1979945695,threshold_sweep,0.3,1,1,1,2,0,0,4,1,1,0,0,1,1,1,1,0.555555555556,1,1,1,37,35,2,0,37,0,35,0,2,17,37,0.136029411765,1.88235294118,4.35294117647,3.36363636364,2.84615384615,1.69341284359,0.389027274878,0.193958664547,2.09866904602,0.964253345467,0.518282988871,1.87867287326,0.863174022847,0.470588235294,0.786197569093,0.41766745858,2.25,1.88235294118,0.786197569093,2.25,0.166339869281,0.0612244897959,3,0.00441176470588,0.185952380952,17,17,17,1,0,0.352941176471,0.411764705882,0.235294117647,17,0.128676470588,1.90196078431,4.11764705882,3.18181818182,2.69230769231,1.57648156274,0.382859808093,0.201680672269,2.01465221053,0.978545359402,0.524369747899,1.74894926439,0.849489642704,0.463865546218,0.814492905316,0.428238537847,2.33333333333,1.90196078431,0.814492905316,2.33333333333,0,0,0,0,0.164242424242,17,17,17,1,0,0.352941176471,0.411764705882,0.235294117647,17,37,0.136029411765,1.88235294118,4.35294117647,3.36363636364,2.84615384615,1.69341284359,0.389027274878,0.193958664547,2.09866904602,0.964253345467,0.518282988871,1.87867287326,0.863174022847,0.470588235294,0.786197569093,0.41766745858,2.25,1.88235294118,0.786197569093,2.25,0.166339869281,0.0612244897959,3,0.00441176470588,0.185952380952,17,17,17,1,0,0.352941176471,0.411764705882,0.235294117647,0,0,0,0,0,0,0,0,0,0,0,0,0,0,0,0,0,0,0,0,0,0,0,0,0,0,0,0,0,37,0,0,235,1,1,0,0,1,1,1,1,1,1,2,2,0,0,0,0
193,WLNM_dir_neg,1,0.5,00:00:12,10,10,22,1979945695,threshold_sweep,0.4,1,1,1,2,0,0,4,1,1,0,0,1,1,1,1,0.555555555556,1,1,1,37,35,2,0,37,0,35,0,2,17,37,0.136029411765,1.88235294118,4.35294117647,3.36363636364,2.84615384615,1.69341284359,0.389027274878,0.193958664547,2.09866904602,0.964253345467,0.518282988871,1.87867287326,0.863174022847,0.470588235294,0.786197569093,0.41766745858,2.25,1.88235294118,0.786197569093,2.25,0.166339869281,0.0612244897959,3,0.00441176470588,0.185952380952,17,17,17,1,0,0.352941176471,0.411764705882,0.235294117647,17,0.128676470588,1.90196078431,4.11764705882,3.18181818182,2.69230769231,1.57648156274,0.382859808093,0.201680672269,2.01465221053,0.978545359402,0.524369747899,1.74894926439,0.849489642704,0.463865546218,0.814492905316,0.428238537847,2.33333333333,1.90196078431,0.814492905316,2.33333333333,0,0,0,0,0.164242424242,17,17,17,1,0,0.352941176471,0.411764705882,0.235294117647,17,37,0.136029411765,1.88235294118,4.35294117647,3.36363636364,2.84615384615,1.69341284359,0.389027274878,0.193958664547,2.09866904602,0.964253345467,0.518282988871,1.87867287326,0.863174022847,0.470588235294,0.786197569093,0.41766745858,2.25,1.88235294118,0.786197569093,2.25,0.166339869281,0.0612244897959,3,0.00441176470588,0.185952380952,17,17,17,1,0,0.352941176471,0.411764705882,0.235294117647,0,0,0,0,0,0,0,0,0,0,0,0,0,0,0,0,0,0,0,0,0,0,0,0,0,0,0,0,0,37,0,0,235,1,1,0,0,1,1,1,1,1,1,2,2,0,0,0,0
194,WLNM_dir_neg,1,0.5,00:00:12,10,10,22,1979945695,threshold_sweep,0.5,1,1,1,2,0,0,4,1,1,0,0,1,1,1,1,0.555555555556,1,1,1,37,35,2,0,37,0,35,0,2,17,37,0.136029411765,1.88235294118,4.35294117647,3.36363636364,2.84615384615,1.69341284359,0.389027274878,0.193958664547,2.09866904602,0.964253345467,0.518282988871,1.87867287326,0.863174022847,0.470588235294,0.786197569093,0.41766745858,2.25,1.88235294118,0.786197569093,2.25,0.166339869281,0.0612244897959,3,0.00441176470588,0.185952380952,17,17,17,1,0,0.352941176471,0.411764705882,0.235294117647,17,0.128676470588,1.90196078431,4.11764705882,3.18181818182,2.69230769231,1.57648156274,0.382859808093,0.201680672269,2.01465221053,0.978545359402,0.524369747899,1.74894926439,0.849489642704,0.463865546218,0.814492905316,0.428238537847,2.33333333333,1.90196078431,0.814492905316,2.33333333333,0,0,0,0,0.164242424242,17,17,17,1,0,0.352941176471,0.411764705882,0.235294117647,17,37,0.136029411765,1.88235294118,4.35294117647,3.36363636364,2.84615384615,1.69341284359,0.389027274878,0.193958664547,2.09866904602,0.964253345467,0.518282988871,1.87867287326,0.863174022847,0.470588235294,0.786197569093,0.41766745858,2.25,1.88235294118,0.786197569093,2.25,0.166339869281,0.0612244897959,3,0.00441176470588,0.185952380952,17,17,17,1,0,0.352941176471,0.411764705882,0.235294117647,0,0,0,0,0,0,0,0,0,0,0,0,0,0,0,0,0,0,0,0,0,0,0,0,0,0,0,0,0,37,0,0,235,1,1,0,0,1,1,1,1,1,1,2,2,0,0,0,0
195,WLNM_dir_neg,1,0.5,00:00:12,10,10,22,1979945695,threshold_sweep,0.6,1,1,1,2,0,0,4,1,1,0,0,1,1,1,1,0.555555555556,1,1,1,37,35,2,0,37,0,35,0,2,17,37,0.136029411765,1.88235294118,4.35294117647,3.36363636364,2.84615384615,1.69341284359,0.389027274878,0.193958664547,2.09866904602,0.964253345467,0.518282988871,1.87867287326,0.863174022847,0.470588235294,0.786197569093,0.41766745858,2.25,1.88235294118,0.786197569093,2.25,0.166339869281,0.0612244897959,3,0.00441176470588,0.185952380952,17,17,17,1,0,0.352941176471,0.411764705882,0.235294117647,17,0.128676470588,1.90196078431,4.11764705882,3.18181818182,2.69230769231,1.57648156274,0.382859808093,0.201680672269,2.01465221053,0.978545359402,0.524369747899,1.74894926439,0.849489642704,0.463865546218,0.814492905316,0.428238537847,2.33333333333,1.90196078431,0.814492905316,2.33333333333,0,0,0,0,0.164242424242,17,17,17,1,0,0.352941176471,0.411764705882,0.235294117647,17,37,0.136029411765,1.88235294118,4.35294117647,3.36363636364,2.84615384615,1.69341284359,0.389027274878,0.193958664547,2.09866904602,0.964253345467,0.518282988871,1.87867287326,0.863174022847,0.470588235294,0.786197569093,0.41766745858,2.25,1.88235294118,0.786197569093,2.25,0.166339869281,0.0612244897959,3,0.00441176470588,0.185952380952,17,17,17,1,0,0.352941176471,0.411764705882,0.235294117647,0,0,0,0,0,0,0,0,0,0,0,0,0,0,0,0,0,0,0,0,0,0,0,0,0,0,0,0,0,37,0,0,235,1,1,0,0,1,1,1,1,1,1,2,2,0,0,0,0
196,WLNM_dir_neg,1,0.5,00:00:12,10,10,22,1979945695,threshold_sweep,0.7,1,1,1,2,0,0,4,1,1,0,0,1,1,1,1,0.555555555556,1,1,1,37,35,2,0,37,0,35,0,2,17,37,0.136029411765,1.88235294118,4.35294117647,3.36363636364,2.84615384615,1.69341284359,0.389027274878,0.193958664547,2.09866904602,0.964253345467,0.518282988871,1.87867287326,0.863174022847,0.470588235294,0.786197569093,0.41766745858,2.25,1.88235294118,0.786197569093,2.25,0.166339869281,0.0612244897959,3,0.00441176470588,0.185952380952,17,17,17,1,0,0.352941176471,0.411764705882,0.235294117647,17,0.128676470588,1.90196078431,4.11764705882,3.18181818182,2.69230769231,1.57648156274,0.382859808093,0.201680672269,2.01465221053,0.978545359402,0.524369747899,1.74894926439,0.849489642704,0.463865546218,0.814492905316,0.428238537847,2.33333333333,1.90196078431,0.814492905316,2.33333333333,0,0,0,0,0.164242424242,17,17,17,1,0,0.352941176471,0.411764705882,0.235294117647,17,37,0.136029411765,1.88235294118,4.35294117647,3.36363636364,2.84615384615,1.69341284359,0.389027274878,0.193958664547,2.09866904602,0.964253345467,0.518282988871,1.87867287326,0.863174022847,0.470588235294,0.786197569093,0.41766745858,2.25,1.88235294118,0.786197569093,2.25,0.166339869281,0.0612244897959,3,0.00441176470588,0.185952380952,17,17,17,1,0,0.352941176471,0.411764705882,0.235294117647,0,0,0,0,0,0,0,0,0,0,0,0,0,0,0,0,0,0,0,0,0,0,0,0,0,0,0,0,0,37,0,0,235,1,1,0,0,1,1,1,1,1,1,2,2,0,0,0,0
197,WLNM_dir_neg,1,0.5,00:00:12,10,10,22,1979945695,threshold_sweep,0.8,1,1,1,2,0,0,4,1,1,0,0,1,1,1,1,0.555555555556,1,1,1,37,35,2,0,37,0,35,0,2,17,37,0.136029411765,1.88235294118,4.35294117647,3.36363636364,2.84615384615,1.69341284359,0.389027274878,0.193958664547,2.09866904602,0.964253345467,0.518282988871,1.87867287326,0.863174022847,0.470588235294,0.786197569093,0.41766745858,2.25,1.88235294118,0.786197569093,2.25,0.166339869281,0.0612244897959,3,0.00441176470588,0.185952380952,17,17,17,1,0,0.352941176471,0.411764705882,0.235294117647,17,0.128676470588,1.90196078431,4.11764705882,3.18181818182,2.69230769231,1.57648156274,0.382859808093,0.201680672269,2.01465221053,0.978545359402,0.524369747899,1.74894926439,0.849489642704,0.463865546218,0.814492905316,0.428238537847,2.33333333333,1.90196078431,0.814492905316,2.33333333333,0,0,0,0,0.164242424242,17,17,17,1,0,0.352941176471,0.411764705882,0.235294117647,17,37,0.136029411765,1.88235294118,4.35294117647,3.36363636364,2.84615384615,1.69341284359,0.389027274878,0.193958664547,2.09866904602,0.964253345467,0.518282988871,1.87867287326,0.863174022847,0.470588235294,0.786197569093,0.41766745858,2.25,1.88235294118,0.786197569093,2.25,0.166339869281,0.0612244897959,3,0.00441176470588,0.185952380952,17,17,17,1,0,0.352941176471,0.411764705882,0.235294117647,0,0,0,0,0,0,0,0,0,0,0,0,0,0,0,0,0,0,0,0,0,0,0,0,0,0,0,0,0,37,0,0,235,1,1,0,0,1,1,1,1,1,1,2,2,0,0,0,0
198,WLNM_dir_neg,1,0.5,00:00:12,10,10,22,1979945695,threshold_sweep,0.9,1,1,1,2,0,0,4,1,1,0,0,1,1,1,1,0.555555555556,1,1,1,37,35,2,0,37,0,35,0,2,17,37,0.136029411765,1.88235294118,4.35294117647,3.36363636364,2.84615384615,1.69341284359,0.389027274878,0.193958664547,2.09866904602,0.964253345467,0.518282988871,1.87867287326,0.863174022847,0.470588235294,0.786197569093,0.41766745858,2.25,1.88235294118,0.786197569093,2.25,0.166339869281,0.0612244897959,3,0.00441176470588,0.185952380952,17,17,17,1,0,0.352941176471,0.411764705882,0.235294117647,17,0.128676470588,1.90196078431,4.11764705882,3.18181818182,2.69230769231,1.57648156274,0.382859808093,0.201680672269,2.01465221053,0.978545359402,0.524369747899,1.74894926439,0.849489642704,0.463865546218,0.814492905316,0.428238537847,2.33333333333,1.90196078431,0.814492905316,2.33333333333,0,0,0,0,0.164242424242,17,17,17,1,0,0.352941176471,0.411764705882,0.235294117647,17,37,0.136029411765,1.88235294118,4.35294117647,3.36363636364,2.84615384615,1.69341284359,0.389027274878,0.193958664547,2.09866904602,0.964253345467,0.518282988871,1.87867287326,0.863174022847,0.470588235294,0.786197569093,0.41766745858,2.25,1.88235294118,0.786197569093,2.25,0.166339869281,0.0612244897959,3,0.00441176470588,0.185952380952,17,17,17,1,0,0.352941176471,0.411764705882,0.235294117647,0,0,0,0,0,0,0,0,0,0,0,0,0,0,0,0,0,0,0,0,0,0,0,0,0,0,0,0,0,37,0,0,235,1,1,0,0,1,1,1,1,1,1,2,2,0,0,0,0
199,WLNM_dir_neg,0.875,0.291666666667,00:00:12,10,10,23,1979945696,threshold_sweep,0.1,0.5,1,0.666666666667,2,2,0,2,1,0.5,0.5,0,0.5,1,0.666666666667,0.666666666667,0.444444444444,0.4,0.5,0.5,37,35,2,0,37,0,35,0,2,17,37,0.136029411765,1.88235294118,4.35294117647,3.36363636364,2.84615384615,1.69341284359,0.389027274878,0.193958664547,2.09866904602,0.964253345467,0.518282988871,1.87867287326,0.863174022847,0.470588235294,0.786197569093,0.41766745858,2.25,1.88235294118,0.786197569093,2.25,0.166339869281,0.0612244897959,3,0.00441176470588,0.185952380952,17,17,17,1,0,0.352941176471,0.411764705882,0.235294117647,17,0.128676470588,1.90196078431,4.11764705882,3.18181818182,2.69230769231,1.57648156274,0.382859808093,0.201680672269,2.01465221053,0.978545359402,0.524369747899,1.74894926439,0.849489642704,0.463865546218,0.814492905316,0.428238537847,2.33333333333,1.90196078431,0.814492905316,2.33333333333,0,0,0,0,0.164242424242,17,17,17,1,0,0.352941176471,0.411764705882,0.235294117647,17,39,0.143382352941,2.33117647059,4.58823529412,3,3,1.62245275468,0.353611497815,0.176470588235,1.99263349247,0.868583830049,0.470588235294,1.92888263907,0.840794996516,0.458521870287,0.945428100545,0.405558357539,2.725,2.33117647059,0.945428100545,2.725,0.218954248366,0.111801242236,6,0.00882352941176,0.144581807082,17,17,17,1,0,0.235294117647,0.529411764706,0.235294117647,2,0.00735294117647,0.448823529412,0.235294117647,-0.363636363636,0.153846153846,-0.0709600889041,-0.0354157770626,-0.0174880763116,-0.106035553551,-0.0956695154179,-0.0476947535771,0.0502097658116,-0.0223790263307,-0.0120663650075,0.159230531453,-0.0121091010414,0.475,0.448823529412,0.159230531453,0.475,0.052614379085,0.0505767524401,3,0.00441176470588,-0.0413705738706,-0.117647058824,0.117647058824,0,37,2,0,233,1,0.991489361702,0.00851063829787,0,0.948717948718,1,0.973684210526,0.969867905134,0.991489361702,0.948717948718,4,2,0,0,0,0
200,WLNM_dir_neg,0.875,0.291666666667,00:00:12,10,10,23,1979945696,threshold_sweep,0.2,0.666666666667,1,0.8,2,1,0,3,1,0.75,0.25,0,0.666666666667,1,0.8,0.833333333333,0.5,0.666666666667,0.707106781187,0.75,37,35,2,0,37,0,35,0,2,17,37,0.136029411765,1.88235294118,4.35294117647,3.36363636364,2.84615384615,1.69341284359,0.389027274878,0.193958664547,2.09866904602,0.964253345467,0.518282988871,1.87867287326,0.863174022847,0.470588235294,0.786197569093,0.41766745858,2.25,1.88235294118,0.786197569093,2.25,0.166339869281,0.0612244897959,3,0.00441176470588,0.185952380952,17,17,17,1,0,0.352941176471,0.411764705882,0.235294117647,17,0.128676470588,1.90196078431,4.11764705882,3.18181818182,2.69230769231,1.57648156274,0.382859808093,0.201680672269,2.01465221053,0.978545359402,0.524369747899,1.74894926439,0.849489642704,0.463865546218,0.814492905316,0.428238537847,2.33333333333,1.90196078431,0.814492905316,2.33333333333,0,0,0,0,0.164242424242,17,17,17,1,0,0.352941176471,0.411764705882,0.235294117647,17,38,0.139705882353,2.09294117647,4.47058823529,3.16666666667,2.92307692308,1.62471716996,0.36342357749,0.179566563467,2.04723630062,0.915868871331,0.495356037152,1.88843227853,0.84482496671,0.461300309598,0.8705082187,0.415925793083,2.45,2.09294117647,0.8705082187,2.45,0.166339869281,0.0588235294118,3,0.00441176470588,0.161778499278,17,17,17,1,0,0.294117647059,0.470588235294,0.235294117647,1,0.00367647058824,0.210588235294,0.117647058824,-0.19696969697,0.0769230769231,-0.0686956736295,-0.0256036973876,-0.0143921010794,-0.0514327453931,-0.0483844741355,-0.0229269517195,0.00975940527302,-0.018349056137,-0.00928792569659,0.084310649607,-0.00174166549743,0.2,0.210588235294,0.084310649607,0.2,0,-0.00240096038415,0,0,-0.0241738816739,-0.0588235294118,0.0588235294118,0,37,1,0,234,1,0.995744680851,0.00425531914894,0,0.973684210526,1,0.986666666667,0.984652666406,0.995744680851,0.973684210526,3,2,0,0,0,0
201,WLNM_dir_neg,0.875,0.291666666667,00:00:12,10,10,23,1979945696,threshold_sweep,0.3,0.666666666667,1,0.8,2,1,0,3,1,0.75,0.25,0,0.666666666667,1,0.8,0.833333333333,0.5,0.666666666667,0.707106781187,0.75,37,35,2,0,37,0,35,0,2,17,37,0.136029411765,1.88235294118,4.35294117647,3.36363636364,2.84615384615,1.69341284359,0.389027274878,0.193958664547,2.09866904602,0.964253345467,0.518282988871,1.87867287326,0.863174022847,0.470588235294,0.786197569093,0.41766745858,2.25,1.88235294118,0.786197569093,2.25,0.166339869281,0.0612244897959,3,0.00441176470588,0.185952380952,17,17,17,1,0,0.352941176471,0.411764705882,0.235294117647,17,0.128676470588,1.90196078431,4.11764705882,3.18181818182,2.69230769231,1.57648156274,0.382859808093,0.201680672269,2.01465221053,0.978545359402,0.524369747899,1.74894926439,0.849489642704,0.463865546218,0.814492905316,0.428238537847,2.33333333333,1.90196078431,0.814492905316,2.33333333333,0,0,0,0,0.164242424242,17,17,17,1,0,0.352941176471,0.411764705882,0.235294117647,17,38,0.139705882353,2.09294117647,4.47058823529,3.16666666667,2.92307692308,1.62471716996,0.36342357749,0.179566563467,2.04723630062,0.915868871331,0.495356037152,1.88843227853,0.84482496671,0.461300309598,0.8705082187,0.415925793083,2.45,2.09294117647,0.8705082187,2.45,0.166339869281,0.0588235294118,3,0.00441176470588,0.161778499278,17,17,17,1,0,0.294117647059,0.470588235294,0.235294117647,1,0.00367647058824,0.210588235294,0.117647058824,-0.19696969697,0.0769230769231,-0.0686956736295,-0.0256036973876,-0.0143921010794,-0.0514327453931,-0.0483844741355,-0.0229269517195,0.00975940527302,-0.018349056137,-0.00928792569659,0.084310649607,-0.00174166549743,0.2,0.210588235294,0.084310649607,0.2,0,-0.00240096038415,0,0,-0.0241738816739,-0.0588235294118,0.0588235294118,0,37,1,0,234,1,0.995744680851,0.00425531914894,0,0.973684210526,1,0.986666666667,0.984652666406,0.995744680851,0.973684210526,3,2,0,0,0,0
202,WLNM_dir_neg,0.875,0.291666666667,00:00:12,10,10,23,1979945696,threshold_sweep,0.4,0.666666666667,1,0.8,2,1,0,3,1,0.75,0.25,0,0.666666666667,1,0.8,0.833333333333,0.5,0.666666666667,0.707106781187,0.75,37,35,2,0,37,0,35,0,2,17,37,0.136029411765,1.88235294118,4.35294117647,3.36363636364,2.84615384615,1.69341284359,0.389027274878,0.193958664547,2.09866904602,0.964253345467,0.518282988871,1.87867287326,0.863174022847,0.470588235294,0.786197569093,0.41766745858,2.25,1.88235294118,0.786197569093,2.25,0.166339869281,0.0612244897959,3,0.00441176470588,0.185952380952,17,17,17,1,0,0.352941176471,0.411764705882,0.235294117647,17,0.128676470588,1.90196078431,4.11764705882,3.18181818182,2.69230769231,1.57648156274,0.382859808093,0.201680672269,2.01465221053,0.978545359402,0.524369747899,1.74894926439,0.849489642704,0.463865546218,0.814492905316,0.428238537847,2.33333333333,1.90196078431,0.814492905316,2.33333333333,0,0,0,0,0.164242424242,17,17,17,1,0,0.352941176471,0.411764705882,0.235294117647,17,38,0.139705882353,2.09294117647,4.47058823529,3.16666666667,2.92307692308,1.62471716996,0.36342357749,0.179566563467,2.04723630062,0.915868871331,0.495356037152,1.88843227853,0.84482496671,0.461300309598,0.8705082187,0.415925793083,2.45,2.09294117647,0.8705082187,2.45,0.166339869281,0.0588235294118,3,0.00441176470588,0.161778499278,17,17,17,1,0,0.294117647059,0.470588235294,0.235294117647,1,0.00367647058824,0.210588235294,0.117647058824,-0.19696969697,0.0769230769231,-0.0686956736295,-0.0256036973876,-0.0143921010794,-0.0514327453931,-0.0483844741355,-0.0229269517195,0.00975940527302,-0.018349056137,-0.00928792569659,0.084310649607,-0.00174166549743,0.2,0.210588235294,0.084310649607,0.2,0,-0.00240096038415,0,0,-0.0241738816739,-0.0588235294118,0.0588235294118,0,37,1,0,234,1,0.995744680851,0.00425531914894,0,0.973684210526,1,0.986666666667,0.984652666406,0.995744680851,0.973684210526,3,2,0,0,0,0
203,WLNM_dir_neg,0.875,0.291666666667,00:00:12,10,10,23,1979945696,threshold_sweep,0.5,0.666666666667,1,0.8,2,1,0,3,1,0.75,0.25,0,0.666666666667,1,0.8,0.833333333333,0.5,0.666666666667,0.707106781187,0.75,37,35,2,0,37,0,35,0,2,17,37,0.136029411765,1.88235294118,4.35294117647,3.36363636364,2.84615384615,1.69341284359,0.389027274878,0.193958664547,2.09866904602,0.964253345467,0.518282988871,1.87867287326,0.863174022847,0.470588235294,0.786197569093,0.41766745858,2.25,1.88235294118,0.786197569093,2.25,0.166339869281,0.0612244897959,3,0.00441176470588,0.185952380952,17,17,17,1,0,0.352941176471,0.411764705882,0.235294117647,17,0.128676470588,1.90196078431,4.11764705882,3.18181818182,2.69230769231,1.57648156274,0.382859808093,0.201680672269,2.01465221053,0.978545359402,0.524369747899,1.74894926439,0.849489642704,0.463865546218,0.814492905316,0.428238537847,2.33333333333,1.90196078431,0.814492905316,2.33333333333,0,0,0,0,0.164242424242,17,17,17,1,0,0.352941176471,0.411764705882,0.235294117647,17,38,0.139705882353,2.09294117647,4.47058823529,3.16666666667,2.92307692308,1.62471716996,0.36342357749,0.179566563467,2.04723630062,0.915868871331,0.495356037152,1.88843227853,0.84482496671,0.461300309598,0.8705082187,0.415925793083,2.45,2.09294117647,0.8705082187,2.45,0.166339869281,0.0588235294118,3,0.00441176470588,0.161778499278,17,17,17,1,0,0.294117647059,0.470588235294,0.235294117647,1,0.00367647058824,0.210588235294,0.117647058824,-0.19696969697,0.0769230769231,-0.0686956736295,-0.0256036973876,-0.0143921010794,-0.0514327453931,-0.0483844741355,-0.0229269517195,0.00975940527302,-0.018349056137,-0.00928792569659,0.084310649607,-0.00174166549743,0.2,0.210588235294,0.084310649607,0.2,0,-0.00240096038415,0,0,-0.0241738816739,-0.0588235294118,0.0588235294118,0,37,1,0,234,1,0.995744680851,0.00425531914894,0,0.973684210526,1,0.986666666667,0.984652666406,0.995744680851,0.973684210526,3,2,0,0,0,0
204,WLNM_dir_neg,0.875,0.291666666667,00:00:12,10,10,23,1979945696,threshold_sweep,0.6,0.666666666667,1,0.8,2,1,0,3,1,0.75,0.25,0,0.666666666667,1,0.8,0.833333333333,0.5,0.666666666667,0.707106781187,0.75,37,35,2,0,37,0,35,0,2,17,37,0.136029411765,1.88235294118,4.35294117647,3.36363636364,2.84615384615,1.69341284359,0.389027274878,0.193958664547,2.09866904602,0.964253345467,0.518282988871,1.87867287326,0.863174022847,0.470588235294,0.786197569093,0.41766745858,2.25,1.88235294118,0.786197569093,2.25,0.166339869281,0.0612244897959,3,0.00441176470588,0.185952380952,17,17,17,1,0,0.352941176471,0.411764705882,0.235294117647,17,0.128676470588,1.90196078431,4.11764705882,3.18181818182,2.69230769231,1.57648156274,0.382859808093,0.201680672269,2.01465221053,0.978545359402,0.524369747899,1.74894926439,0.849489642704,0.463865546218,0.814492905316,0.428238537847,2.33333333333,1.90196078431,0.814492905316,2.33333333333,0,0,0,0,0.164242424242,17,17,17,1,0,0.352941176471,0.411764705882,0.235294117647,17,38,0.139705882353,2.09294117647,4.47058823529,3.16666666667,2.92307692308,1.62471716996,0.36342357749,0.179566563467,2.04723630062,0.915868871331,0.495356037152,1.88843227853,0.84482496671,0.461300309598,0.8705082187,0.415925793083,2.45,2.09294117647,0.8705082187,2.45,0.166339869281,0.0588235294118,3,0.00441176470588,0.161778499278,17,17,17,1,0,0.294117647059,0.470588235294,0.235294117647,1,0.00367647058824,0.210588235294,0.117647058824,-0.19696969697,0.0769230769231,-0.0686956736295,-0.0256036973876,-0.0143921010794,-0.0514327453931,-0.0483844741355,-0.0229269517195,0.00975940527302,-0.018349056137,-0.00928792569659,0.084310649607,-0.00174166549743,0.2,0.210588235294,0.084310649607,0.2,0,-0.00240096038415,0,0,-0.0241738816739,-0.0588235294118,0.0588235294118,0,37,1,0,234,1,0.995744680851,0.00425531914894,0,0.973684210526,1,0.986666666667,0.984652666406,0.995744680851,0.973684210526,3,2,0,0,0,0
205,WLNM_dir_neg,0.875,0.291666666667,00:00:12,10,10,23,1979945696,threshold_sweep,0.7,0.666666666667,1,0.8,2,1,0,3,1,0.75,0.25,0,0.666666666667,1,0.8,0.833333333333,0.5,0.666666666667,0.707106781187,0.75,37,35,2,0,37,0,35,0,2,17,37,0.136029411765,1.88235294118,4.35294117647,3.36363636364,2.84615384615,1.69341284359,0.389027274878,0.193958664547,2.09866904602,0.964253345467,0.518282988871,1.87867287326,0.863174022847,0.470588235294,0.786197569093,0.41766745858,2.25,1.88235294118,0.786197569093,2.25,0.166339869281,0.0612244897959,3,0.00441176470588,0.185952380952,17,17,17,1,0,0.352941176471,0.411764705882,0.235294117647,17,0.128676470588,1.90196078431,4.11764705882,3.18181818182,2.69230769231,1.57648156274,0.382859808093,0.201680672269,2.01465221053,0.978545359402,0.524369747899,1.74894926439,0.849489642704,0.463865546218,0.814492905316,0.428238537847,2.33333333333,1.90196078431,0.814492905316,2.33333333333,0,0,0,0,0.164242424242,17,17,17,1,0,0.352941176471,0.411764705882,0.235294117647,17,38,0.139705882353,2.09294117647,4.47058823529,3.16666666667,2.92307692308,1.62471716996,0.36342357749,0.179566563467,2.04723630062,0.915868871331,0.495356037152,1.88843227853,0.84482496671,0.461300309598,0.8705082187,0.415925793083,2.45,2.09294117647,0.8705082187,2.45,0.166339869281,0.0588235294118,3,0.00441176470588,0.161778499278,17,17,17,1,0,0.294117647059,0.470588235294,0.235294117647,1,0.00367647058824,0.210588235294,0.117647058824,-0.19696969697,0.0769230769231,-0.0686956736295,-0.0256036973876,-0.0143921010794,-0.0514327453931,-0.0483844741355,-0.0229269517195,0.00975940527302,-0.018349056137,-0.00928792569659,0.084310649607,-0.00174166549743,0.2,0.210588235294,0.084310649607,0.2,0,-0.00240096038415,0,0,-0.0241738816739,-0.0588235294118,0.0588235294118,0,37,1,0,234,1,0.995744680851,0.00425531914894,0,0.973684210526,1,0.986666666667,0.984652666406,0.995744680851,0.973684210526,3,2,0,0,0,0
206,WLNM_dir_neg,0.875,0.291666666667,00:00:12,10,10,23,1979945696,threshold_sweep,0.8,0.666666666667,1,0.8,2,1,0,3,1,0.75,0.25,0,0.666666666667,1,0.8,0.833333333333,0.5,0.666666666667,0.707106781187,0.75,37,35,2,0,37,0,35,0,2,17,37,0.136029411765,1.88235294118,4.35294117647,3.36363636364,2.84615384615,1.69341284359,0.389027274878,0.193958664547,2.09866904602,0.964253345467,0.518282988871,1.87867287326,0.863174022847,0.470588235294,0.786197569093,0.41766745858,2.25,1.88235294118,0.786197569093,2.25,0.166339869281,0.0612244897959,3,0.00441176470588,0.185952380952,17,17,17,1,0,0.352941176471,0.411764705882,0.235294117647,17,0.128676470588,1.90196078431,4.11764705882,3.18181818182,2.69230769231,1.57648156274,0.382859808093,0.201680672269,2.01465221053,0.978545359402,0.524369747899,1.74894926439,0.849489642704,0.463865546218,0.814492905316,0.428238537847,2.33333333333,1.90196078431,0.814492905316,2.33333333333,0,0,0,0,0.164242424242,17,17,17,1,0,0.352941176471,0.411764705882,0.235294117647,17,38,0.139705882353,2.09294117647,4.47058823529,3.16666666667,2.92307692308,1.62471716996,0.36342357749,0.179566563467,2.04723630062,0.915868871331,0.495356037152,1.88843227853,0.84482496671,0.461300309598,0.8705082187,0.415925793083,2.45,2.09294117647,0.8705082187,2.45,0.166339869281,0.0588235294118,3,0.00441176470588,0.161778499278,17,17,17,1,0,0.294117647059,0.470588235294,0.235294117647,1,0.00367647058824,0.210588235294,0.117647058824,-0.19696969697,0.0769230769231,-0.0686956736295,-0.0256036973876,-0.0143921010794,-0.0514327453931,-0.0483844741355,-0.0229269517195,0.00975940527302,-0.018349056137,-0.00928792569659,0.084310649607,-0.00174166549743,0.2,0.210588235294,0.084310649607,0.2,0,-0.00240096038415,0,0,-0.0241738816739,-0.0588235294118,0.0588235294118,0,37,1,0,234,1,0.995744680851,0.00425531914894,0,0.973684210526,1,0.986666666667,0.984652666406,0.995744680851,0.973684210526,3,2,0,0,0,0
207,WLNM_dir_neg,0.875,0.291666666667,00:00:12,10,10,23,1979945696,threshold_sweep,0.9,0.666666666667,1,0.8,2,1,0,3,1,0.75,0.25,0,0.666666666667,1,0.8,0.833333333333,0.5,0.666666666667,0.707106781187,0.75,37,35,2,0,37,0,35,0,2,17,37,0.136029411765,1.88235294118,4.35294117647,3.36363636364,2.84615384615,1.69341284359,0.389027274878,0.193958664547,2.09866904602,0.964253345467,0.518282988871,1.87867287326,0.863174022847,0.470588235294,0.786197569093,0.41766745858,2.25,1.88235294118,0.786197569093,2.25,0.166339869281,0.0612244897959,3,0.00441176470588,0.185952380952,17,17,17,1,0,0.352941176471,0.411764705882,0.235294117647,17,0.128676470588,1.90196078431,4.11764705882,3.18181818182,2.69230769231,1.57648156274,0.382859808093,0.201680672269,2.01465221053,0.978545359402,0.524369747899,1.74894926439,0.849489642704,0.463865546218,0.814492905316,0.428238537847,2.33333333333,1.90196078431,0.814492905316,2.33333333333,0,0,0,0,0.164242424242,17,17,17,1,0,0.352941176471,0.411764705882,0.235294117647,17,38,0.139705882353,2.09294117647,4.47058823529,3.16666666667,2.92307692308,1.62471716996,0.36342357749,0.179566563467,2.04723630062,0.915868871331,0.495356037152,1.88843227853,0.84482496671,0.461300309598,0.8705082187,0.415925793083,2.45,2.09294117647,0.8705082187,2.45,0.166339869281,0.0588235294118,3,0.00441176470588,0.161778499278,17,17,17,1,0,0.294117647059,0.470588235294,0.235294117647,1,0.00367647058824,0.210588235294,0.117647058824,-0.19696969697,0.0769230769231,-0.0686956736295,-0.0256036973876,-0.0143921010794,-0.0514327453931,-0.0483844741355,-0.0229269517195,0.00975940527302,-0.018349056137,-0.00928792569659,0.084310649607,-0.00174166549743,0.2,0.210588235294,0.084310649607,0.2,0,-0.00240096038415,0,0,-0.0241738816739,-0.0588235294118,0.0588235294118,0,37,1,0,234,1,0.995744680851,0.00425531914894,0,0.973684210526,1,0.986666666667,0.984652666406,0.995744680851,0.973684210526,3,2,0,0,0,0
208,WLNM_dir_neg,1,0.5,00:00:12,10,10,24,1979945697,threshold_sweep,0.1,1,1,1,2,0,0,4,1,1,0,0,1,1,1,1,0.555555555556,1,1,1,37,35,2,0,37,0,35,0,2,17,37,0.136029411765,1.88235294118,4.35294117647,3.36363636364,2.84615384615,1.69341284359,0.389027274878,0.193958664547,2.09866904602,0.964253345467,0.518282988871,1.87867287326,0.863174022847,0.470588235294,0.786197569093,0.41766745858,2.25,1.88235294118,0.786197569093,2.25,0.166339869281,0.0612244897959,3,0.00441176470588,0.185952380952,17,17,17,1,0,0.352941176471,0.411764705882,0.235294117647,17,0.128676470588,1.90196078431,4.11764705882,3.18181818182,2.69230769231,1.57648156274,0.382859808093,0.201680672269,2.01465221053,0.978545359402,0.524369747899,1.74894926439,0.849489642704,0.463865546218,0.814492905316,0.428238537847,2.33333333333,1.90196078431,0.814492905316,2.33333333333,0,0,0,0,0.164242424242,17,17,17,1,0,0.352941176471,0.411764705882,0.235294117647,17,37,0.136029411765,1.88235294118,4.35294117647,3.36363636364,2.84615384615,1.69341284359,0.389027274878,0.193958664547,2.09866904602,0.964253345467,0.518282988871,1.87867287326,0.863174022847,0.470588235294,0.786197569093,0.41766745858,2.25,1.88235294118,0.786197569093,2.25,0.166339869281,0.0612244897959,3,0.00441176470588,0.185952380952,17,17,17,1,0,0.352941176471,0.411764705882,0.235294117647,0,0,0,0,0,0,0,0,0,0,0,0,0,0,0,0,0,0,0,0,0,0,0,0,0,0,0,0,0,37,0,0,235,1,1,0,0,1,1,1,1,1,1,2,2,0,0,0,0
209,WLNM_dir_neg,1,0.5,00:00:12,10,10,24,1979945697,threshold_sweep,0.2,1,1,1,2,0,0,4,1,1,0,0,1,1,1,1,0.555555555556,1,1,1,37,35,2,0,37,0,35,0,2,17,37,0.136029411765,1.88235294118,4.35294117647,3.36363636364,2.84615384615,1.69341284359,0.389027274878,0.193958664547,2.09866904602,0.964253345467,0.518282988871,1.87867287326,0.863174022847,0.470588235294,0.786197569093,0.41766745858,2.25,1.88235294118,0.786197569093,2.25,0.166339869281,0.0612244897959,3,0.00441176470588,0.185952380952,17,17,17,1,0,0.352941176471,0.411764705882,0.235294117647,17,0.128676470588,1.90196078431,4.11764705882,3.18181818182,2.69230769231,1.57648156274,0.382859808093,0.201680672269,2.01465221053,0.978545359402,0.524369747899,1.74894926439,0.849489642704,0.463865546218,0.814492905316,0.428238537847,2.33333333333,1.90196078431,0.814492905316,2.33333333333,0,0,0,0,0.164242424242,17,17,17,1,0,0.352941176471,0.411764705882,0.235294117647,17,37,0.136029411765,1.88235294118,4.35294117647,3.36363636364,2.84615384615,1.69341284359,0.389027274878,0.193958664547,2.09866904602,0.964253345467,0.518282988871,1.87867287326,0.863174022847,0.470588235294,0.786197569093,0.41766745858,2.25,1.88235294118,0.786197569093,2.25,0.166339869281,0.0612244897959,3,0.00441176470588,0.185952380952,17,17,17,1,0,0.352941176471,0.411764705882,0.235294117647,0,0,0,0,0,0,0,0,0,0,0,0,0,0,0,0,0,0,0,0,0,0,0,0,0,0,0,0,0,37,0,0,235,1,1,0,0,1,1,1,1,1,1,2,2,0,0,0,0
210,WLNM_dir_neg,1,0.5,00:00:12,10,10,24,1979945697,threshold_sweep,0.3,1,1,1,2,0,0,4,1,1,0,0,1,1,1,1,0.555555555556,1,1,1,37,35,2,0,37,0,35,0,2,17,37,0.136029411765,1.88235294118,4.35294117647,3.36363636364,2.84615384615,1.69341284359,0.389027274878,0.193958664547,2.09866904602,0.964253345467,0.518282988871,1.87867287326,0.863174022847,0.470588235294,0.786197569093,0.41766745858,2.25,1.88235294118,0.786197569093,2.25,0.166339869281,0.0612244897959,3,0.00441176470588,0.185952380952,17,17,17,1,0,0.352941176471,0.411764705882,0.235294117647,17,0.128676470588,1.90196078431,4.11764705882,3.18181818182,2.69230769231,1.57648156274,0.382859808093,0.201680672269,2.01465221053,0.978545359402,0.524369747899,1.74894926439,0.849489642704,0.463865546218,0.814492905316,0.428238537847,2.33333333333,1.90196078431,0.814492905316,2.33333333333,0,0,0,0,0.164242424242,17,17,17,1,0,0.352941176471,0.411764705882,0.235294117647,17,37,0.136029411765,1.88235294118,4.35294117647,3.36363636364,2.84615384615,1.69341284359,0.389027274878,0.193958664547,2.09866904602,0.964253345467,0.518282988871,1.87867287326,0.863174022847,0.470588235294,0.786197569093,0.41766745858,2.25,1.88235294118,0.786197569093,2.25,0.166339869281,0.0612244897959,3,0.00441176470588,0.185952380952,17,17,17,1,0,0.352941176471,0.411764705882,0.235294117647,0,0,0,0,0,0,0,0,0,0,0,0,0,0,0,0,0,0,0,0,0,0,0,0,0,0,0,0,0,37,0,0,235,1,1,0,0,1,1,1,1,1,1,2,2,0,0,0,0
211,WLNM_dir_neg,1,0.5,00:00:12,10,10,24,1979945697,threshold_sweep,0.4,1,1,1,2,0,0,4,1,1,0,0,1,1,1,1,0.555555555556,1,1,1,37,35,2,0,37,0,35,0,2,17,37,0.136029411765,1.88235294118,4.35294117647,3.36363636364,2.84615384615,1.69341284359,0.389027274878,0.193958664547,2.09866904602,0.964253345467,0.518282988871,1.87867287326,0.863174022847,0.470588235294,0.786197569093,0.41766745858,2.25,1.88235294118,0.786197569093,2.25,0.166339869281,0.0612244897959,3,0.00441176470588,0.185952380952,17,17,17,1,0,0.352941176471,0.411764705882,0.235294117647,17,0.128676470588,1.90196078431,4.11764705882,3.18181818182,2.69230769231,1.57648156274,0.382859808093,0.201680672269,2.01465221053,0.978545359402,0.524369747899,1.74894926439,0.849489642704,0.463865546218,0.814492905316,0.428238537847,2.33333333333,1.90196078431,0.814492905316,2.33333333333,0,0,0,0,0.164242424242,17,17,17,1,0,0.352941176471,0.411764705882,0.235294117647,17,37,0.136029411765,1.88235294118,4.35294117647,3.36363636364,2.84615384615,1.69341284359,0.389027274878,0.193958664547,2.09866904602,0.964253345467,0.518282988871,1.87867287326,0.863174022847,0.470588235294,0.786197569093,0.41766745858,2.25,1.88235294118,0.786197569093,2.25,0.166339869281,0.0612244897959,3,0.00441176470588,0.185952380952,17,17,17,1,0,0.352941176471,0.411764705882,0.235294117647,0,0,0,0,0,0,0,0,0,0,0,0,0,0,0,0,0,0,0,0,0,0,0,0,0,0,0,0,0,37,0,0,235,1,1,0,0,1,1,1,1,1,1,2,2,0,0,0,0
212,WLNM_dir_neg,1,0.5,00:00:12,10,10,24,1979945697,threshold_sweep,0.5,1,1,1,2,0,0,4,1,1,0,0,1,1,1,1,0.555555555556,1,1,1,37,35,2,0,37,0,35,0,2,17,37,0.136029411765,1.88235294118,4.35294117647,3.36363636364,2.84615384615,1.69341284359,0.389027274878,0.193958664547,2.09866904602,0.964253345467,0.518282988871,1.87867287326,0.863174022847,0.470588235294,0.786197569093,0.41766745858,2.25,1.88235294118,0.786197569093,2.25,0.166339869281,0.0612244897959,3,0.00441176470588,0.185952380952,17,17,17,1,0,0.352941176471,0.411764705882,0.235294117647,17,0.128676470588,1.90196078431,4.11764705882,3.18181818182,2.69230769231,1.57648156274,0.382859808093,0.201680672269,2.01465221053,0.978545359402,0.524369747899,1.74894926439,0.849489642704,0.463865546218,0.814492905316,0.428238537847,2.33333333333,1.90196078431,0.814492905316,2.33333333333,0,0,0,0,0.164242424242,17,17,17,1,0,0.352941176471,0.411764705882,0.235294117647,17,37,0.136029411765,1.88235294118,4.35294117647,3.36363636364,2.84615384615,1.69341284359,0.389027274878,0.193958664547,2.09866904602,0.964253345467,0.518282988871,1.87867287326,0.863174022847,0.470588235294,0.786197569093,0.41766745858,2.25,1.88235294118,0.786197569093,2.25,0.166339869281,0.0612244897959,3,0.00441176470588,0.185952380952,17,17,17,1,0,0.352941176471,0.411764705882,0.235294117647,0,0,0,0,0,0,0,0,0,0,0,0,0,0,0,0,0,0,0,0,0,0,0,0,0,0,0,0,0,37,0,0,235,1,1,0,0,1,1,1,1,1,1,2,2,0,0,0,0
213,WLNM_dir_neg,1,0.5,00:00:12,10,10,24,1979945697,threshold_sweep,0.6,1,1,1,2,0,0,4,1,1,0,0,1,1,1,1,0.555555555556,1,1,1,37,35,2,0,37,0,35,0,2,17,37,0.136029411765,1.88235294118,4.35294117647,3.36363636364,2.84615384615,1.69341284359,0.389027274878,0.193958664547,2.09866904602,0.964253345467,0.518282988871,1.87867287326,0.863174022847,0.470588235294,0.786197569093,0.41766745858,2.25,1.88235294118,0.786197569093,2.25,0.166339869281,0.0612244897959,3,0.00441176470588,0.185952380952,17,17,17,1,0,0.352941176471,0.411764705882,0.235294117647,17,0.128676470588,1.90196078431,4.11764705882,3.18181818182,2.69230769231,1.57648156274,0.382859808093,0.201680672269,2.01465221053,0.978545359402,0.524369747899,1.74894926439,0.849489642704,0.463865546218,0.814492905316,0.428238537847,2.33333333333,1.90196078431,0.814492905316,2.33333333333,0,0,0,0,0.164242424242,17,17,17,1,0,0.352941176471,0.411764705882,0.235294117647,17,37,0.136029411765,1.88235294118,4.35294117647,3.36363636364,2.84615384615,1.69341284359,0.389027274878,0.193958664547,2.09866904602,0.964253345467,0.518282988871,1.87867287326,0.863174022847,0.470588235294,0.786197569093,0.41766745858,2.25,1.88235294118,0.786197569093,2.25,0.166339869281,0.0612244897959,3,0.00441176470588,0.185952380952,17,17,17,1,0,0.352941176471,0.411764705882,0.235294117647,0,0,0,0,0,0,0,0,0,0,0,0,0,0,0,0,0,0,0,0,0,0,0,0,0,0,0,0,0,37,0,0,235,1,1,0,0,1,1,1,1,1,1,2,2,0,0,0,0
214,WLNM_dir_neg,1,0.5,00:00:12,10,10,24,1979945697,threshold_sweep,0.7,1,1,1,2,0,0,4,1,1,0,0,1,1,1,1,0.555555555556,1,1,1,37,35,2,0,37,0,35,0,2,17,37,0.136029411765,1.88235294118,4.35294117647,3.36363636364,2.84615384615,1.69341284359,0.389027274878,0.193958664547,2.09866904602,0.964253345467,0.518282988871,1.87867287326,0.863174022847,0.470588235294,0.786197569093,0.41766745858,2.25,1.88235294118,0.786197569093,2.25,0.166339869281,0.0612244897959,3,0.00441176470588,0.185952380952,17,17,17,1,0,0.352941176471,0.411764705882,0.235294117647,17,0.128676470588,1.90196078431,4.11764705882,3.18181818182,2.69230769231,1.57648156274,0.382859808093,0.201680672269,2.01465221053,0.978545359402,0.524369747899,1.74894926439,0.849489642704,0.463865546218,0.814492905316,0.428238537847,2.33333333333,1.90196078431,0.814492905316,2.33333333333,0,0,0,0,0.164242424242,17,17,17,1,0,0.352941176471,0.411764705882,0.235294117647,17,37,0.136029411765,1.88235294118,4.35294117647,3.36363636364,2.84615384615,1.69341284359,0.389027274878,0.193958664547,2.09866904602,0.964253345467,0.518282988871,1.87867287326,0.863174022847,0.470588235294,0.786197569093,0.41766745858,2.25,1.88235294118,0.786197569093,2.25,0.166339869281,0.0612244897959,3,0.00441176470588,0.185952380952,17,17,17,1,0,0.352941176471,0.411764705882,0.235294117647,0,0,0,0,0,0,0,0,0,0,0,0,0,0,0,0,0,0,0,0,0,0,0,0,0,0,0,0,0,37,0,0,235,1,1,0,0,1,1,1,1,1,1,2,2,0,0,0,0
215,WLNM_dir_neg,1,0.5,00:00:12,10,10,24,1979945697,threshold_sweep,0.8,1,1,1,2,0,0,4,1,1,0,0,1,1,1,1,0.555555555556,1,1,1,37,35,2,0,37,0,35,0,2,17,37,0.136029411765,1.88235294118,4.35294117647,3.36363636364,2.84615384615,1.69341284359,0.389027274878,0.193958664547,2.09866904602,0.964253345467,0.518282988871,1.87867287326,0.863174022847,0.470588235294,0.786197569093,0.41766745858,2.25,1.88235294118,0.786197569093,2.25,0.166339869281,0.0612244897959,3,0.00441176470588,0.185952380952,17,17,17,1,0,0.352941176471,0.411764705882,0.235294117647,17,0.128676470588,1.90196078431,4.11764705882,3.18181818182,2.69230769231,1.57648156274,0.382859808093,0.201680672269,2.01465221053,0.978545359402,0.524369747899,1.74894926439,0.849489642704,0.463865546218,0.814492905316,0.428238537847,2.33333333333,1.90196078431,0.814492905316,2.33333333333,0,0,0,0,0.164242424242,17,17,17,1,0,0.352941176471,0.411764705882,0.235294117647,17,37,0.136029411765,1.88235294118,4.35294117647,3.36363636364,2.84615384615,1.69341284359,0.389027274878,0.193958664547,2.09866904602,0.964253345467,0.518282988871,1.87867287326,0.863174022847,0.470588235294,0.786197569093,0.41766745858,2.25,1.88235294118,0.786197569093,2.25,0.166339869281,0.0612244897959,3,0.00441176470588,0.185952380952,17,17,17,1,0,0.352941176471,0.411764705882,0.235294117647,0,0,0,0,0,0,0,0,0,0,0,0,0,0,0,0,0,0,0,0,0,0,0,0,0,0,0,0,0,37,0,0,235,1,1,0,0,1,1,1,1,1,1,2,2,0,0,0,0
216,WLNM_dir_neg,1,0.5,00:00:12,10,10,24,1979945697,threshold_sweep,0.9,1,1,1,2,0,0,4,1,1,0,0,1,1,1,1,0.555555555556,1,1,1,37,35,2,0,37,0,35,0,2,17,37,0.136029411765,1.88235294118,4.35294117647,3.36363636364,2.84615384615,1.69341284359,0.389027274878,0.193958664547,2.09866904602,0.964253345467,0.518282988871,1.87867287326,0.863174022847,0.470588235294,0.786197569093,0.41766745858,2.25,1.88235294118,0.786197569093,2.25,0.166339869281,0.0612244897959,3,0.00441176470588,0.185952380952,17,17,17,1,0,0.352941176471,0.411764705882,0.235294117647,17,0.128676470588,1.90196078431,4.11764705882,3.18181818182,2.69230769231,1.57648156274,0.382859808093,0.201680672269,2.01465221053,0.978545359402,0.524369747899,1.74894926439,0.849489642704,0.463865546218,0.814492905316,0.428238537847,2.33333333333,1.90196078431,0.814492905316,2.33333333333,0,0,0,0,0.164242424242,17,17,17,1,0,0.352941176471,0.411764705882,0.235294117647,17,37,0.136029411765,1.88235294118,4.35294117647,3.36363636364,2.84615384615,1.69341284359,0.389027274878,0.193958664547,2.09866904602,0.964253345467,0.518282988871,1.87867287326,0.863174022847,0.470588235294,0.786197569093,0.41766745858,2.25,1.88235294118,0.786197569093,2.25,0.166339869281,0.0612244897959,3,0.00441176470588,0.185952380952,17,17,17,1,0,0.352941176471,0.411764705882,0.235294117647,0,0,0,0,0,0,0,0,0,0,0,0,0,0,0,0,0,0,0,0,0,0,0,0,0,0,0,0,0,37,0,0,235,1,1,0,0,1,1,1,1,1,1,2,2,0,0,0,0
217,WLNM_dir_neg,1,0.5,00:00:12,10,10,25,1979945698,threshold_sweep,0.1,0.5,1,0.666666666667,2,2,0,2,1,0.5,0.5,0,0.5,1,0.666666666667,0.666666666667,0.444444444444,0.4,0.5,0.5,37,35,2,0,37,0,35,0,2,17,37,0.136029411765,1.88235294118,4.35294117647,3.36363636364,2.84615384615,1.69341284359,0.389027274878,0.193958664547,2.09866904602,0.964253345467,0.518282988871,1.87867287326,0.863174022847,0.470588235294,0.786197569093,0.41766745858,2.25,1.88235294118,0.786197569093,2.25,0.166339869281,0.0612244897959,3,0.00441176470588,0.185952380952,17,17,17,1,0,0.352941176471,0.411764705882,0.235294117647,17,0.128676470588,1.90196078431,4.11764705882,3.18181818182,2.69230769231,1.57648156274,0.382859808093,0.201680672269,2.01465221053,0.978545359402,0.524369747899,1.74894926439,0.849489642704,0.463865546218,0.814492905316,0.428238537847,2.33333333333,1.90196078431,0.814492905316,2.33333333333,0,0,0,0,0.164242424242,17,17,17,1,0,0.352941176471,0.411764705882,0.235294117647,17,39,0.143382352941,2.00588235294,4.58823529412,3.25,2.78571428571,1.66052791039,0.361909929187,0.182503770739,2.11437655948,0.921651320801,0.494720965309,1.92888263907,0.840794996516,0.455505279035,0.816073363917,0.406840093448,2.35,2.00588235294,0.816073363917,2.35,0.181699346405,0.0925925925926,5,0.00735294117647,0.187325637326,17,17,17,1,0,0.294117647059,0.529411764706,0.176470588235,2,0.00735294117647,0.123529411765,0.235294117647,-0.113636363636,-0.0604395604396,-0.0328849331988,-0.0271173456909,-0.0114548938078,0.0157075134677,-0.0426020246662,-0.023562023562,0.0502097658116,-0.0223790263307,-0.0150829562594,0.029875794824,-0.0108273651323,0.1,0.123529411765,0.029875794824,0.1,0.0153594771242,0.0313681027967,2,0.00294117647059,0.00137325637326,-0.0588235294118,0.117647058824,-0.0588235294118,37,2,0,233,1,0.991489361702,0.00851063829787,0,0.948717948718,1,0.973684210526,0.969867905134,0.991489361702,0.948717948718,4,2,0,0,0,0
218,WLNM_dir_neg,1,0.5,00:00:12,10,10,25,1979945698,threshold_sweep,0.2,0.5,1,0.666666666667,2,2,0,2,1,0.5,0.5,0,0.5,1,0.666666666667,0.666666666667,0.444444444444,0.4,0.5,0.5,37,35,2,0,37,0,35,0,2,17,37,0.136029411765,1.88235294118,4.35294117647,3.36363636364,2.84615384615,1.69341284359,0.389027274878,0.193958664547,2.09866904602,0.964253345467,0.518282988871,1.87867287326,0.863174022847,0.470588235294,0.786197569093,0.41766745858,2.25,1.88235294118,0.786197569093,2.25,0.166339869281,0.0612244897959,3,0.00441176470588,0.185952380952,17,17,17,1,0,0.352941176471,0.411764705882,0.235294117647,17,0.128676470588,1.90196078431,4.11764705882,3.18181818182,2.69230769231,1.57648156274,0.382859808093,0.201680672269,2.01465221053,0.978545359402,0.524369747899,1.74894926439,0.849489642704,0.463865546218,0.814492905316,0.428238537847,2.33333333333,1.90196078431,0.814492905316,2.33333333333,0,0,0,0,0.164242424242,17,17,17,1,0,0.352941176471,0.411764705882,0.235294117647,17,39,0.143382352941,2.00588235294,4.58823529412,3.25,2.78571428571,1.66052791039,0.361909929187,0.182503770739,2.11437655948,0.921651320801,0.494720965309,1.92888263907,0.840794996516,0.455505279035,0.816073363917,0.406840093448,2.35,2.00588235294,0.816073363917,2.35,0.181699346405,0.0925925925926,5,0.00735294117647,0.187325637326,17,17,17,1,0,0.294117647059,0.529411764706,0.176470588235,2,0.00735294117647,0.123529411765,0.235294117647,-0.113636363636,-0.0604395604396,-0.0328849331988,-0.0271173456909,-0.0114548938078,0.0157075134677,-0.0426020246662,-0.023562023562,0.0502097658116,-0.0223790263307,-0.0150829562594,0.029875794824,-0.0108273651323,0.1,0.123529411765,0.029875794824,0.1,0.0153594771242,0.0313681027967,2,0.00294117647059,0.00137325637326,-0.0588235294118,0.117647058824,-0.0588235294118,37,2,0,233,1,0.991489361702,0.00851063829787,0,0.948717948718,1,0.973684210526,0.969867905134,0.991489361702,0.948717948718,4,2,0,0,0,0
219,WLNM_dir_neg,1,0.5,00:00:12,10,10,25,1979945698,threshold_sweep,0.3,0.5,1,0.666666666667,2,2,0,2,1,0.5,0.5,0,0.5,1,0.666666666667,0.666666666667,0.444444444444,0.4,0.5,0.5,37,35,2,0,37,0,35,0,2,17,37,0.136029411765,1.88235294118,4.35294117647,3.36363636364,2.84615384615,1.69341284359,0.389027274878,0.193958664547,2.09866904602,0.964253345467,0.518282988871,1.87867287326,0.863174022847,0.470588235294,0.786197569093,0.41766745858,2.25,1.88235294118,0.786197569093,2.25,0.166339869281,0.0612244897959,3,0.00441176470588,0.185952380952,17,17,17,1,0,0.352941176471,0.411764705882,0.235294117647,17,0.128676470588,1.90196078431,4.11764705882,3.18181818182,2.69230769231,1.57648156274,0.382859808093,0.201680672269,2.01465221053,0.978545359402,0.524369747899,1.74894926439,0.849489642704,0.463865546218,0.814492905316,0.428238537847,2.33333333333,1.90196078431,0.814492905316,2.33333333333,0,0,0,0,0.164242424242,17,17,17,1,0,0.352941176471,0.411764705882,0.235294117647,17,39,0.143382352941,2.00588235294,4.58823529412,3.25,2.78571428571,1.66052791039,0.361909929187,0.182503770739,2.11437655948,0.921651320801,0.494720965309,1.92888263907,0.840794996516,0.455505279035,0.816073363917,0.406840093448,2.35,2.00588235294,0.816073363917,2.35,0.181699346405,0.0925925925926,5,0.00735294117647,0.187325637326,17,17,17,1,0,0.294117647059,0.529411764706,0.176470588235,2,0.00735294117647,0.123529411765,0.235294117647,-0.113636363636,-0.0604395604396,-0.0328849331988,-0.0271173456909,-0.0114548938078,0.0157075134677,-0.0426020246662,-0.023562023562,0.0502097658116,-0.0223790263307,-0.0150829562594,0.029875794824,-0.0108273651323,0.1,0.123529411765,0.029875794824,0.1,0.0153594771242,0.0313681027967,2,0.00294117647059,0.00137325637326,-0.0588235294118,0.117647058824,-0.0588235294118,37,2,0,233,1,0.991489361702,0.00851063829787,0,0.948717948718,1,0.973684210526,0.969867905134,0.991489361702,0.948717948718,4,2,0,0,0,0
220,WLNM_dir_neg,1,0.5,00:00:12,10,10,25,1979945698,threshold_sweep,0.4,0.666666666667,1,0.8,2,1,0,3,1,0.75,0.25,0,0.666666666667,1,0.8,0.833333333333,0.5,0.666666666667,0.707106781187,0.75,37,35,2,0,37,0,35,0,2,17,37,0.136029411765,1.88235294118,4.35294117647,3.36363636364,2.84615384615,1.69341284359,0.389027274878,0.193958664547,2.09866904602,0.964253345467,0.518282988871,1.87867287326,0.863174022847,0.470588235294,0.786197569093,0.41766745858,2.25,1.88235294118,0.786197569093,2.25,0.166339869281,0.0612244897959,3,0.00441176470588,0.185952380952,17,17,17,1,0,0.352941176471,0.411764705882,0.235294117647,17,0.128676470588,1.90196078431,4.11764705882,3.18181818182,2.69230769231,1.57648156274,0.382859808093,0.201680672269,2.01465221053,0.978545359402,0.524369747899,1.74894926439,0.849489642704,0.463865546218,0.814492905316,0.428238537847,2.33333333333,1.90196078431,0.814492905316,2.33333333333,0,0,0,0,0.164242424242,17,17,17,1,0,0.352941176471,0.411764705882,0.235294117647,17,38,0.139705882353,1.9,4.47058823529,3.45454545455,2.71428571429,1.69991349261,0.380243807557,0.187306501548,2.16591238756,0.968960804961,0.517027863777,1.82103719638,0.814674535221,0.442724458204,0.809899685146,0.426262992182,2.25,1.9,0.809899685146,2.25,0.185620915033,0.0967741935484,5,0.00735294117647,0.181154401154,17,17,17,1,0,0.352941176471,0.470588235294,0.176470588235,1,0.00367647058824,0.0176470588235,0.117647058824,0.0909090909091,-0.131868131868,0.00650064902221,-0.00878346732077,-0.00665216299891,0.0672433415445,0.00470745949447,-0.00125512509413,-0.0576356768785,-0.0484994876259,-0.0278637770898,0.0237021160537,0.00859553360181,0,0.0176470588235,0.0237021160537,0,0.0192810457516,0.0355497037525,2,0.00294117647059,-0.00479797979798,0,0.0588235294118,-0.0588235294118,37,1,0,234,1,0.995744680851,0.00425531914894,0,0.973684210526,1,0.986666666667,0.984652666406,0.995744680851,0.973684210526,3,2,0,0,0,0
221,WLNM_dir_neg,1,0.5,00:00:12,10,10,25,1979945698,threshold_sweep,0.5,1,1,1,2,0,0,4,1,1,0,0,1,1,1,1,0.555555555556,1,1,1,37,35,2,0,37,0,35,0,2,17,37,0.136029411765,1.88235294118,4.35294117647,3.36363636364,2.84615384615,1.69341284359,0.389027274878,0.193958664547,2.09866904602,0.964253345467,0.518282988871,1.87867287326,0.863174022847,0.470588235294,0.786197569093,0.41766745858,2.25,1.88235294118,0.786197569093,2.25,0.166339869281,0.0612244897959,3,0.00441176470588,0.185952380952,17,17,17,1,0,0.352941176471,0.411764705882,0.235294117647,17,0.128676470588,1.90196078431,4.11764705882,3.18181818182,2.69230769231,1.57648156274,0.382859808093,0.201680672269,2.01465221053,0.978545359402,0.524369747899,1.74894926439,0.849489642704,0.463865546218,0.814492905316,0.428238537847,2.33333333333,1.90196078431,0.814492905316,2.33333333333,0,0,0,0,0.164242424242,17,17,17,1,0,0.352941176471,0.411764705882,0.235294117647,17,37,0.136029411765,1.88235294118,4.35294117647,3.36363636364,2.84615384615,1.69341284359,0.389027274878,0.193958664547,2.09866904602,0.964253345467,0.518282988871,1.87867287326,0.863174022847,0.470588235294,0.786197569093,0.41766745858,2.25,1.88235294118,0.786197569093,2.25,0.166339869281,0.0612244897959,3,0.00441176470588,0.185952380952,17,17,17,1,0,0.352941176471,0.411764705882,0.235294117647,0,0,0,0,0,0,0,0,0,0,0,0,0,0,0,0,0,0,0,0,0,0,0,0,0,0,0,0,0,37,0,0,235,1,1,0,0,1,1,1,1,1,1,2,2,0,0,0,0
222,WLNM_dir_neg,1,0.5,00:00:12,10,10,25,1979945698,threshold_sweep,0.6,1,1,1,2,0,0,4,1,1,0,0,1,1,1,1,0.555555555556,1,1,1,37,35,2,0,37,0,35,0,2,17,37,0.136029411765,1.88235294118,4.35294117647,3.36363636364,2.84615384615,1.69341284359,0.389027274878,0.193958664547,2.09866904602,0.964253345467,0.518282988871,1.87867287326,0.863174022847,0.470588235294,0.786197569093,0.41766745858,2.25,1.88235294118,0.786197569093,2.25,0.166339869281,0.0612244897959,3,0.00441176470588,0.185952380952,17,17,17,1,0,0.352941176471,0.411764705882,0.235294117647,17,0.128676470588,1.90196078431,4.11764705882,3.18181818182,2.69230769231,1.57648156274,0.382859808093,0.201680672269,2.01465221053,0.978545359402,0.524369747899,1.74894926439,0.849489642704,0.463865546218,0.814492905316,0.428238537847,2.33333333333,1.90196078431,0.814492905316,2.33333333333,0,0,0,0,0.164242424242,17,17,17,1,0,0.352941176471,0.411764705882,0.235294117647,17,37,0.136029411765,1.88235294118,4.35294117647,3.36363636364,2.84615384615,1.69341284359,0.389027274878,0.193958664547,2.09866904602,0.964253345467,0.518282988871,1.87867287326,0.863174022847,0.470588235294,0.786197569093,0.41766745858,2.25,1.88235294118,0.786197569093,2.25,0.166339869281,0.0612244897959,3,0.00441176470588,0.185952380952,17,17,17,1,0,0.352941176471,0.411764705882,0.235294117647,0,0,0,0,0,0,0,0,0,0,0,0,0,0,0,0,0,0,0,0,0,0,0,0,0,0,0,0,0,37,0,0,235,1,1,0,0,1,1,1,1,1,1,2,2,0,0,0,0
223,WLNM_dir_neg,1,0.5,00:00:12,10,10,25,1979945698,threshold_sweep,0.7,1,1,1,2,0,0,4,1,1,0,0,1,1,1,1,0.555555555556,1,1,1,37,35,2,0,37,0,35,0,2,17,37,0.136029411765,1.88235294118,4.35294117647,3.36363636364,2.84615384615,1.69341284359,0.389027274878,0.193958664547,2.09866904602,0.964253345467,0.518282988871,1.87867287326,0.863174022847,0.470588235294,0.786197569093,0.41766745858,2.25,1.88235294118,0.786197569093,2.25,0.166339869281,0.0612244897959,3,0.00441176470588,0.185952380952,17,17,17,1,0,0.352941176471,0.411764705882,0.235294117647,17,0.128676470588,1.90196078431,4.11764705882,3.18181818182,2.69230769231,1.57648156274,0.382859808093,0.201680672269,2.01465221053,0.978545359402,0.524369747899,1.74894926439,0.849489642704,0.463865546218,0.814492905316,0.428238537847,2.33333333333,1.90196078431,0.814492905316,2.33333333333,0,0,0,0,0.164242424242,17,17,17,1,0,0.352941176471,0.411764705882,0.235294117647,17,37,0.136029411765,1.88235294118,4.35294117647,3.36363636364,2.84615384615,1.69341284359,0.389027274878,0.193958664547,2.09866904602,0.964253345467,0.518282988871,1.87867287326,0.863174022847,0.470588235294,0.786197569093,0.41766745858,2.25,1.88235294118,0.786197569093,2.25,0.166339869281,0.0612244897959,3,0.00441176470588,0.185952380952,17,17,17,1,0,0.352941176471,0.411764705882,0.235294117647,0,0,0,0,0,0,0,0,0,0,0,0,0,0,0,0,0,0,0,0,0,0,0,0,0,0,0,0,0,37,0,0,235,1,1,0,0,1,1,1,1,1,1,2,2,0,0,0,0
224,WLNM_dir_neg,1,0.5,00:00:12,10,10,25,1979945698,threshold_sweep,0.8,1,1,1,2,0,0,4,1,1,0,0,1,1,1,1,0.555555555556,1,1,1,37,35,2,0,37,0,35,0,2,17,37,0.136029411765,1.88235294118,4.35294117647,3.36363636364,2.84615384615,1.69341284359,0.389027274878,0.193958664547,2.09866904602,0.964253345467,0.518282988871,1.87867287326,0.863174022847,0.470588235294,0.786197569093,0.41766745858,2.25,1.88235294118,0.786197569093,2.25,0.166339869281,0.0612244897959,3,0.00441176470588,0.185952380952,17,17,17,1,0,0.352941176471,0.411764705882,0.235294117647,17,0.128676470588,1.90196078431,4.11764705882,3.18181818182,2.69230769231,1.57648156274,0.382859808093,0.201680672269,2.01465221053,0.978545359402,0.524369747899,1.74894926439,0.849489642704,0.463865546218,0.814492905316,0.428238537847,2.33333333333,1.90196078431,0.814492905316,2.33333333333,0,0,0,0,0.164242424242,17,17,17,1,0,0.352941176471,0.411764705882,0.235294117647,17,37,0.136029411765,1.88235294118,4.35294117647,3.36363636364,2.84615384615,1.69341284359,0.389027274878,0.193958664547,2.09866904602,0.964253345467,0.518282988871,1.87867287326,0.863174022847,0.470588235294,0.786197569093,0.41766745858,2.25,1.88235294118,0.786197569093,2.25,0.166339869281,0.0612244897959,3,0.00441176470588,0.185952380952,17,17,17,1,0,0.352941176471,0.411764705882,0.235294117647,0,0,0,0,0,0,0,0,0,0,0,0,0,0,0,0,0,0,0,0,0,0,0,0,0,0,0,0,0,37,0,0,235,1,1,0,0,1,1,1,1,1,1,2,2,0,0,0,0
225,WLNM_dir_neg,1,0.5,00:00:12,10,10,25,1979945698,threshold_sweep,0.9,1,1,1,2,0,0,4,1,1,0,0,1,1,1,1,0.555555555556,1,1,1,37,35,2,0,37,0,35,0,2,17,37,0.136029411765,1.88235294118,4.35294117647,3.36363636364,2.84615384615,1.69341284359,0.389027274878,0.193958664547,2.09866904602,0.964253345467,0.518282988871,1.87867287326,0.863174022847,0.470588235294,0.786197569093,0.41766745858,2.25,1.88235294118,0.786197569093,2.25,0.166339869281,0.0612244897959,3,0.00441176470588,0.185952380952,17,17,17,1,0,0.352941176471,0.411764705882,0.235294117647,17,0.128676470588,1.90196078431,4.11764705882,3.18181818182,2.69230769231,1.57648156274,0.382859808093,0.201680672269,2.01465221053,0.978545359402,0.524369747899,1.74894926439,0.849489642704,0.463865546218,0.814492905316,0.428238537847,2.33333333333,1.90196078431,0.814492905316,2.33333333333,0,0,0,0,0.164242424242,17,17,17,1,0,0.352941176471,0.411764705882,0.235294117647,17,37,0.136029411765,1.88235294118,4.35294117647,3.36363636364,2.84615384615,1.69341284359,0.389027274878,0.193958664547,2.09866904602,0.964253345467,0.518282988871,1.87867287326,0.863174022847,0.470588235294,0.786197569093,0.41766745858,2.25,1.88235294118,0.786197569093,2.25,0.166339869281,0.0612244897959,3,0.00441176470588,0.185952380952,17,17,17,1,0,0.352941176471,0.411764705882,0.235294117647,0,0,0,0,0,0,0,0,0,0,0,0,0,0,0,0,0,0,0,0,0,0,0,0,0,0,0,0,0,37,0,0,235,1,1,0,0,1,1,1,1,1,1,2,2,0,0,0,0
226,WLNM_dir_neg,1,0.5,00:00:12,10,10,26,1979945699,threshold_sweep,0.1,1,1,1,2,0,0,4,1,1,0,0,1,1,1,1,0.555555555556,1,1,1,37,35,2,0,37,0,35,0,2,17,37,0.136029411765,1.88235294118,4.35294117647,3.36363636364,2.84615384615,1.69341284359,0.389027274878,0.193958664547,2.09866904602,0.964253345467,0.518282988871,1.87867287326,0.863174022847,0.470588235294,0.786197569093,0.41766745858,2.25,1.88235294118,0.786197569093,2.25,0.166339869281,0.0612244897959,3,0.00441176470588,0.185952380952,17,17,17,1,0,0.352941176471,0.411764705882,0.235294117647,17,0.128676470588,1.90196078431,4.11764705882,3.18181818182,2.69230769231,1.57648156274,0.382859808093,0.201680672269,2.01465221053,0.978545359402,0.524369747899,1.74894926439,0.849489642704,0.463865546218,0.814492905316,0.428238537847,2.33333333333,1.90196078431,0.814492905316,2.33333333333,0,0,0,0,0.164242424242,17,17,17,1,0,0.352941176471,0.411764705882,0.235294117647,17,37,0.136029411765,1.88235294118,4.35294117647,3.36363636364,2.84615384615,1.69341284359,0.389027274878,0.193958664547,2.09866904602,0.964253345467,0.518282988871,1.87867287326,0.863174022847,0.470588235294,0.786197569093,0.41766745858,2.25,1.88235294118,0.786197569093,2.25,0.166339869281,0.0612244897959,3,0.00441176470588,0.185952380952,17,17,17,1,0,0.352941176471,0.411764705882,0.235294117647,0,0,0,0,0,0,0,0,0,0,0,0,0,0,0,0,0,0,0,0,0,0,0,0,0,0,0,0,0,37,0,0,235,1,1,0,0,1,1,1,1,1,1,2,2,0,0,0,0
227,WLNM_dir_neg,1,0.5,00:00:12,10,10,26,1979945699,threshold_sweep,0.2,1,1,1,2,0,0,4,1,1,0,0,1,1,1,1,0.555555555556,1,1,1,37,35,2,0,37,0,35,0,2,17,37,0.136029411765,1.88235294118,4.35294117647,3.36363636364,2.84615384615,1.69341284359,0.389027274878,0.193958664547,2.09866904602,0.964253345467,0.518282988871,1.87867287326,0.863174022847,0.470588235294,0.786197569093,0.41766745858,2.25,1.88235294118,0.786197569093,2.25,0.166339869281,0.0612244897959,3,0.00441176470588,0.185952380952,17,17,17,1,0,0.352941176471,0.411764705882,0.235294117647,17,0.128676470588,1.90196078431,4.11764705882,3.18181818182,2.69230769231,1.57648156274,0.382859808093,0.201680672269,2.01465221053,0.978545359402,0.524369747899,1.74894926439,0.849489642704,0.463865546218,0.814492905316,0.428238537847,2.33333333333,1.90196078431,0.814492905316,2.33333333333,0,0,0,0,0.164242424242,17,17,17,1,0,0.352941176471,0.411764705882,0.235294117647,17,37,0.136029411765,1.88235294118,4.35294117647,3.36363636364,2.84615384615,1.69341284359,0.389027274878,0.193958664547,2.09866904602,0.964253345467,0.518282988871,1.87867287326,0.863174022847,0.470588235294,0.786197569093,0.41766745858,2.25,1.88235294118,0.786197569093,2.25,0.166339869281,0.0612244897959,3,0.00441176470588,0.185952380952,17,17,17,1,0,0.352941176471,0.411764705882,0.235294117647,0,0,0,0,0,0,0,0,0,0,0,0,0,0,0,0,0,0,0,0,0,0,0,0,0,0,0,0,0,37,0,0,235,1,1,0,0,1,1,1,1,1,1,2,2,0,0,0,0
228,WLNM_dir_neg,1,0.5,00:00:12,10,10,26,1979945699,threshold_sweep,0.3,1,1,1,2,0,0,4,1,1,0,0,1,1,1,1,0.555555555556,1,1,1,37,35,2,0,37,0,35,0,2,17,37,0.136029411765,1.88235294118,4.35294117647,3.36363636364,2.84615384615,1.69341284359,0.389027274878,0.193958664547,2.09866904602,0.964253345467,0.518282988871,1.87867287326,0.863174022847,0.470588235294,0.786197569093,0.41766745858,2.25,1.88235294118,0.786197569093,2.25,0.166339869281,0.0612244897959,3,0.00441176470588,0.185952380952,17,17,17,1,0,0.352941176471,0.411764705882,0.235294117647,17,0.128676470588,1.90196078431,4.11764705882,3.18181818182,2.69230769231,1.57648156274,0.382859808093,0.201680672269,2.01465221053,0.978545359402,0.524369747899,1.74894926439,0.849489642704,0.463865546218,0.814492905316,0.428238537847,2.33333333333,1.90196078431,0.814492905316,2.33333333333,0,0,0,0,0.164242424242,17,17,17,1,0,0.352941176471,0.411764705882,0.235294117647,17,37,0.136029411765,1.88235294118,4.35294117647,3.36363636364,2.84615384615,1.69341284359,0.389027274878,0.193958664547,2.09866904602,0.964253345467,0.518282988871,1.87867287326,0.863174022847,0.470588235294,0.786197569093,0.41766745858,2.25,1.88235294118,0.786197569093,2.25,0.166339869281,0.0612244897959,3,0.00441176470588,0.185952380952,17,17,17,1,0,0.352941176471,0.411764705882,0.235294117647,0,0,0,0,0,0,0,0,0,0,0,0,0,0,0,0,0,0,0,0,0,0,0,0,0,0,0,0,0,37,0,0,235,1,1,0,0,1,1,1,1,1,1,2,2,0,0,0,0
229,WLNM_dir_neg,1,0.5,00:00:12,10,10,26,1979945699,threshold_sweep,0.4,1,1,1,2,0,0,4,1,1,0,0,1,1,1,1,0.555555555556,1,1,1,37,35,2,0,37,0,35,0,2,17,37,0.136029411765,1.88235294118,4.35294117647,3.36363636364,2.84615384615,1.69341284359,0.389027274878,0.193958664547,2.09866904602,0.964253345467,0.518282988871,1.87867287326,0.863174022847,0.470588235294,0.786197569093,0.41766745858,2.25,1.88235294118,0.786197569093,2.25,0.166339869281,0.0612244897959,3,0.00441176470588,0.185952380952,17,17,17,1,0,0.352941176471,0.411764705882,0.235294117647,17,0.128676470588,1.90196078431,4.11764705882,3.18181818182,2.69230769231,1.57648156274,0.382859808093,0.201680672269,2.01465221053,0.978545359402,0.524369747899,1.74894926439,0.849489642704,0.463865546218,0.814492905316,0.428238537847,2.33333333333,1.90196078431,0.814492905316,2.33333333333,0,0,0,0,0.164242424242,17,17,17,1,0,0.352941176471,0.411764705882,0.235294117647,17,37,0.136029411765,1.88235294118,4.35294117647,3.36363636364,2.84615384615,1.69341284359,0.389027274878,0.193958664547,2.09866904602,0.964253345467,0.518282988871,1.87867287326,0.863174022847,0.470588235294,0.786197569093,0.41766745858,2.25,1.88235294118,0.786197569093,2.25,0.166339869281,0.0612244897959,3,0.00441176470588,0.185952380952,17,17,17,1,0,0.352941176471,0.411764705882,0.235294117647,0,0,0,0,0,0,0,0,0,0,0,0,0,0,0,0,0,0,0,0,0,0,0,0,0,0,0,0,0,37,0,0,235,1,1,0,0,1,1,1,1,1,1,2,2,0,0,0,0
230,WLNM_dir_neg,1,0.5,00:00:12,10,10,26,1979945699,threshold_sweep,0.5,1,1,1,2,0,0,4,1,1,0,0,1,1,1,1,0.555555555556,1,1,1,37,35,2,0,37,0,35,0,2,17,37,0.136029411765,1.88235294118,4.35294117647,3.36363636364,2.84615384615,1.69341284359,0.389027274878,0.193958664547,2.09866904602,0.964253345467,0.518282988871,1.87867287326,0.863174022847,0.470588235294,0.786197569093,0.41766745858,2.25,1.88235294118,0.786197569093,2.25,0.166339869281,0.0612244897959,3,0.00441176470588,0.185952380952,17,17,17,1,0,0.352941176471,0.411764705882,0.235294117647,17,0.128676470588,1.90196078431,4.11764705882,3.18181818182,2.69230769231,1.57648156274,0.382859808093,0.201680672269,2.01465221053,0.978545359402,0.524369747899,1.74894926439,0.849489642704,0.463865546218,0.814492905316,0.428238537847,2.33333333333,1.90196078431,0.814492905316,2.33333333333,0,0,0,0,0.164242424242,17,17,17,1,0,0.352941176471,0.411764705882,0.235294117647,17,37,0.136029411765,1.88235294118,4.35294117647,3.36363636364,2.84615384615,1.69341284359,0.389027274878,0.193958664547,2.09866904602,0.964253345467,0.518282988871,1.87867287326,0.863174022847,0.470588235294,0.786197569093,0.41766745858,2.25,1.88235294118,0.786197569093,2.25,0.166339869281,0.0612244897959,3,0.00441176470588,0.185952380952,17,17,17,1,0,0.352941176471,0.411764705882,0.235294117647,0,0,0,0,0,0,0,0,0,0,0,0,0,0,0,0,0,0,0,0,0,0,0,0,0,0,0,0,0,37,0,0,235,1,1,0,0,1,1,1,1,1,1,2,2,0,0,0,0
231,WLNM_dir_neg,1,0.5,00:00:12,10,10,26,1979945699,threshold_sweep,0.6,1,1,1,2,0,0,4,1,1,0,0,1,1,1,1,0.555555555556,1,1,1,37,35,2,0,37,0,35,0,2,17,37,0.136029411765,1.88235294118,4.35294117647,3.36363636364,2.84615384615,1.69341284359,0.389027274878,0.193958664547,2.09866904602,0.964253345467,0.518282988871,1.87867287326,0.863174022847,0.470588235294,0.786197569093,0.41766745858,2.25,1.88235294118,0.786197569093,2.25,0.166339869281,0.0612244897959,3,0.00441176470588,0.185952380952,17,17,17,1,0,0.352941176471,0.411764705882,0.235294117647,17,0.128676470588,1.90196078431,4.11764705882,3.18181818182,2.69230769231,1.57648156274,0.382859808093,0.201680672269,2.01465221053,0.978545359402,0.524369747899,1.74894926439,0.849489642704,0.463865546218,0.814492905316,0.428238537847,2.33333333333,1.90196078431,0.814492905316,2.33333333333,0,0,0,0,0.164242424242,17,17,17,1,0,0.352941176471,0.411764705882,0.235294117647,17,37,0.136029411765,1.88235294118,4.35294117647,3.36363636364,2.84615384615,1.69341284359,0.389027274878,0.193958664547,2.09866904602,0.964253345467,0.518282988871,1.87867287326,0.863174022847,0.470588235294,0.786197569093,0.41766745858,2.25,1.88235294118,0.786197569093,2.25,0.166339869281,0.0612244897959,3,0.00441176470588,0.185952380952,17,17,17,1,0,0.352941176471,0.411764705882,0.235294117647,0,0,0,0,0,0,0,0,0,0,0,0,0,0,0,0,0,0,0,0,0,0,0,0,0,0,0,0,0,37,0,0,235,1,1,0,0,1,1,1,1,1,1,2,2,0,0,0,0
232,WLNM_dir_neg,1,0.5,00:00:12,10,10,26,1979945699,threshold_sweep,0.7,1,1,1,2,0,0,4,1,1,0,0,1,1,1,1,0.555555555556,1,1,1,37,35,2,0,37,0,35,0,2,17,37,0.136029411765,1.88235294118,4.35294117647,3.36363636364,2.84615384615,1.69341284359,0.389027274878,0.193958664547,2.09866904602,0.964253345467,0.518282988871,1.87867287326,0.863174022847,0.470588235294,0.786197569093,0.41766745858,2.25,1.88235294118,0.786197569093,2.25,0.166339869281,0.0612244897959,3,0.00441176470588,0.185952380952,17,17,17,1,0,0.352941176471,0.411764705882,0.235294117647,17,0.128676470588,1.90196078431,4.11764705882,3.18181818182,2.69230769231,1.57648156274,0.382859808093,0.201680672269,2.01465221053,0.978545359402,0.524369747899,1.74894926439,0.849489642704,0.463865546218,0.814492905316,0.428238537847,2.33333333333,1.90196078431,0.814492905316,2.33333333333,0,0,0,0,0.164242424242,17,17,17,1,0,0.352941176471,0.411764705882,0.235294117647,17,37,0.136029411765,1.88235294118,4.35294117647,3.36363636364,2.84615384615,1.69341284359,0.389027274878,0.193958664547,2.09866904602,0.964253345467,0.518282988871,1.87867287326,0.863174022847,0.470588235294,0.786197569093,0.41766745858,2.25,1.88235294118,0.786197569093,2.25,0.166339869281,0.0612244897959,3,0.00441176470588,0.185952380952,17,17,17,1,0,0.352941176471,0.411764705882,0.235294117647,0,0,0,0,0,0,0,0,0,0,0,0,0,0,0,0,0,0,0,0,0,0,0,0,0,0,0,0,0,37,0,0,235,1,1,0,0,1,1,1,1,1,1,2,2,0,0,0,0
233,WLNM_dir_neg,1,0.5,00:00:12,10,10,26,1979945699,threshold_sweep,0.8,1,1,1,2,0,0,4,1,1,0,0,1,1,1,1,0.555555555556,1,1,1,37,35,2,0,37,0,35,0,2,17,37,0.136029411765,1.88235294118,4.35294117647,3.36363636364,2.84615384615,1.69341284359,0.389027274878,0.193958664547,2.09866904602,0.964253345467,0.518282988871,1.87867287326,0.863174022847,0.470588235294,0.786197569093,0.41766745858,2.25,1.88235294118,0.786197569093,2.25,0.166339869281,0.0612244897959,3,0.00441176470588,0.185952380952,17,17,17,1,0,0.352941176471,0.411764705882,0.235294117647,17,0.128676470588,1.90196078431,4.11764705882,3.18181818182,2.69230769231,1.57648156274,0.382859808093,0.201680672269,2.01465221053,0.978545359402,0.524369747899,1.74894926439,0.849489642704,0.463865546218,0.814492905316,0.428238537847,2.33333333333,1.90196078431,0.814492905316,2.33333333333,0,0,0,0,0.164242424242,17,17,17,1,0,0.352941176471,0.411764705882,0.235294117647,17,37,0.136029411765,1.88235294118,4.35294117647,3.36363636364,2.84615384615,1.69341284359,0.389027274878,0.193958664547,2.09866904602,0.964253345467,0.518282988871,1.87867287326,0.863174022847,0.470588235294,0.786197569093,0.41766745858,2.25,1.88235294118,0.786197569093,2.25,0.166339869281,0.0612244897959,3,0.00441176470588,0.185952380952,17,17,17,1,0,0.352941176471,0.411764705882,0.235294117647,0,0,0,0,0,0,0,0,0,0,0,0,0,0,0,0,0,0,0,0,0,0,0,0,0,0,0,0,0,37,0,0,235,1,1,0,0,1,1,1,1,1,1,2,2,0,0,0,0
234,WLNM_dir_neg,1,0.5,00:00:12,10,10,26,1979945699,threshold_sweep,0.9,1,1,1,2,0,0,4,1,1,0,0,1,1,1,1,0.555555555556,1,1,1,37,35,2,0,37,0,35,0,2,17,37,0.136029411765,1.88235294118,4.35294117647,3.36363636364,2.84615384615,1.69341284359,0.389027274878,0.193958664547,2.09866904602,0.964253345467,0.518282988871,1.87867287326,0.863174022847,0.470588235294,0.786197569093,0.41766745858,2.25,1.88235294118,0.786197569093,2.25,0.166339869281,0.0612244897959,3,0.00441176470588,0.185952380952,17,17,17,1,0,0.352941176471,0.411764705882,0.235294117647,17,0.128676470588,1.90196078431,4.11764705882,3.18181818182,2.69230769231,1.57648156274,0.382859808093,0.201680672269,2.01465221053,0.978545359402,0.524369747899,1.74894926439,0.849489642704,0.463865546218,0.814492905316,0.428238537847,2.33333333333,1.90196078431,0.814492905316,2.33333333333,0,0,0,0,0.164242424242,17,17,17,1,0,0.352941176471,0.411764705882,0.235294117647,17,37,0.136029411765,1.88235294118,4.35294117647,3.36363636364,2.84615384615,1.69341284359,0.389027274878,0.193958664547,2.09866904602,0.964253345467,0.518282988871,1.87867287326,0.863174022847,0.470588235294,0.786197569093,0.41766745858,2.25,1.88235294118,0.786197569093,2.25,0.166339869281,0.0612244897959,3,0.00441176470588,0.185952380952,17,17,17,1,0,0.352941176471,0.411764705882,0.235294117647,0,0,0,0,0,0,0,0,0,0,0,0,0,0,0,0,0,0,0,0,0,0,0,0,0,0,0,0,0,37,0,0,235,1,1,0,0,1,1,1,1,1,1,2,2,0,0,0,0
235,WLNM_dir_neg,0.75,0.416666666667,00:00:12,10,10,27,1979945700,threshold_sweep,0.1,0.666666666667,1,0.8,2,1,0,3,1,0.75,0.25,0,0.666666666667,1,0.8,0.833333333333,0.5,0.666666666667,0.707106781187,0.75,37,35,2,0,37,0,35,0,2,17,37,0.136029411765,1.88235294118,4.35294117647,3.36363636364,2.84615384615,1.69341284359,0.389027274878,0.193958664547,2.09866904602,0.964253345467,0.518282988871,1.87867287326,0.863174022847,0.470588235294,0.786197569093,0.41766745858,2.25,1.88235294118,0.786197569093,2.25,0.166339869281,0.0612244897959,3,0.00441176470588,0.185952380952,17,17,17,1,0,0.352941176471,0.411764705882,0.235294117647,17,0.128676470588,1.90196078431,4.11764705882,3.18181818182,2.69230769231,1.57648156274,0.382859808093,0.201680672269,2.01465221053,0.978545359402,0.524369747899,1.74894926439,0.849489642704,0.463865546218,0.814492905316,0.428238537847,2.33333333333,1.90196078431,0.814492905316,2.33333333333,0,0,0,0,0.164242424242,17,17,17,1,0,0.352941176471,0.411764705882,0.235294117647,17,38,0.139705882353,1.9,4.47058823529,3.45454545455,2.71428571429,1.73629084037,0.388380845872,0.198142414861,2.1368613597,0.955964292498,0.510835913313,1.82103719638,0.814674535221,0.442724458204,0.795298686029,0.418578255805,2.25,1.9,0.795298686029,2.25,0.217320261438,0.115384615385,6,0.00882352941176,0.17867965368,17,17,17,1,0,0.352941176471,0.470588235294,0.176470588235,1,0.00367647058824,0.0176470588235,0.117647058824,0.0909090909091,-0.131868131868,0.0428779967836,-0.000646429005719,0.00418375031378,0.0381923136861,-0.00828905296849,-0.00744707555853,-0.0576356768785,-0.0484994876259,-0.0278637770898,0.00910111693678,0.000910797224492,0,0.0176470588235,0.00910111693678,0,0.0509803921569,0.0541601255887,3,0.00441176470588,-0.00727272727273,0,0.0588235294118,-0.0588235294118,37,1,0,234,1,0.995744680851,0.00425531914894,0,0.973684210526,1,0.986666666667,0.984652666406,0.995744680851,0.973684210526,3,2,0,0,0,0
236,WLNM_dir_neg,0.75,0.416666666667,00:00:12,10,10,27,1979945700,threshold_sweep,0.2,0.666666666667,1,0.8,2,1,0,3,1,0.75,0.25,0,0.666666666667,1,0.8,0.833333333333,0.5,0.666666666667,0.707106781187,0.75,37,35,2,0,37,0,35,0,2,17,37,0.136029411765,1.88235294118,4.35294117647,3.36363636364,2.84615384615,1.69341284359,0.389027274878,0.193958664547,2.09866904602,0.964253345467,0.518282988871,1.87867287326,0.863174022847,0.470588235294,0.786197569093,0.41766745858,2.25,1.88235294118,0.786197569093,2.25,0.166339869281,0.0612244897959,3,0.00441176470588,0.185952380952,17,17,17,1,0,0.352941176471,0.411764705882,0.235294117647,17,0.128676470588,1.90196078431,4.11764705882,3.18181818182,2.69230769231,1.57648156274,0.382859808093,0.201680672269,2.01465221053,0.978545359402,0.524369747899,1.74894926439,0.849489642704,0.463865546218,0.814492905316,0.428238537847,2.33333333333,1.90196078431,0.814492905316,2.33333333333,0,0,0,0,0.164242424242,17,17,17,1,0,0.352941176471,0.411764705882,0.235294117647,17,38,0.139705882353,1.9,4.47058823529,3.45454545455,2.71428571429,1.73629084037,0.388380845872,0.198142414861,2.1368613597,0.955964292498,0.510835913313,1.82103719638,0.814674535221,0.442724458204,0.795298686029,0.418578255805,2.25,1.9,0.795298686029,2.25,0.217320261438,0.115384615385,6,0.00882352941176,0.17867965368,17,17,17,1,0,0.352941176471,0.470588235294,0.176470588235,1,0.00367647058824,0.0176470588235,0.117647058824,0.0909090909091,-0.131868131868,0.0428779967836,-0.000646429005719,0.00418375031378,0.0381923136861,-0.00828905296849,-0.00744707555853,-0.0576356768785,-0.0484994876259,-0.0278637770898,0.00910111693678,0.000910797224492,0,0.0176470588235,0.00910111693678,0,0.0509803921569,0.0541601255887,3,0.00441176470588,-0.00727272727273,0,0.0588235294118,-0.0588235294118,37,1,0,234,1,0.995744680851,0.00425531914894,0,0.973684210526,1,0.986666666667,0.984652666406,0.995744680851,0.973684210526,3,2,0,0,0,0
237,WLNM_dir_neg,0.75,0.416666666667,00:00:12,10,10,27,1979945700,threshold_sweep,0.3,0.666666666667,1,0.8,2,1,0,3,1,0.75,0.25,0,0.666666666667,1,0.8,0.833333333333,0.5,0.666666666667,0.707106781187,0.75,37,35,2,0,37,0,35,0,2,17,37,0.136029411765,1.88235294118,4.35294117647,3.36363636364,2.84615384615,1.69341284359,0.389027274878,0.193958664547,2.09866904602,0.964253345467,0.518282988871,1.87867287326,0.863174022847,0.470588235294,0.786197569093,0.41766745858,2.25,1.88235294118,0.786197569093,2.25,0.166339869281,0.0612244897959,3,0.00441176470588,0.185952380952,17,17,17,1,0,0.352941176471,0.411764705882,0.235294117647,17,0.128676470588,1.90196078431,4.11764705882,3.18181818182,2.69230769231,1.57648156274,0.382859808093,0.201680672269,2.01465221053,0.978545359402,0.524369747899,1.74894926439,0.849489642704,0.463865546218,0.814492905316,0.428238537847,2.33333333333,1.90196078431,0.814492905316,2.33333333333,0,0,0,0,0.164242424242,17,17,17,1,0,0.352941176471,0.411764705882,0.235294117647,17,38,0.139705882353,1.9,4.47058823529,3.45454545455,2.71428571429,1.73629084037,0.388380845872,0.198142414861,2.1368613597,0.955964292498,0.510835913313,1.82103719638,0.814674535221,0.442724458204,0.795298686029,0.418578255805,2.25,1.9,0.795298686029,2.25,0.217320261438,0.115384615385,6,0.00882352941176,0.17867965368,17,17,17,1,0,0.352941176471,0.470588235294,0.176470588235,1,0.00367647058824,0.0176470588235,0.117647058824,0.0909090909091,-0.131868131868,0.0428779967836,-0.000646429005719,0.00418375031378,0.0381923136861,-0.00828905296849,-0.00744707555853,-0.0576356768785,-0.0484994876259,-0.0278637770898,0.00910111693678,0.000910797224492,0,0.0176470588235,0.00910111693678,0,0.0509803921569,0.0541601255887,3,0.00441176470588,-0.00727272727273,0,0.0588235294118,-0.0588235294118,37,1,0,234,1,0.995744680851,0.00425531914894,0,0.973684210526,1,0.986666666667,0.984652666406,0.995744680851,0.973684210526,3,2,0,0,0,0
238,WLNM_dir_neg,0.75,0.416666666667,00:00:12,10,10,27,1979945700,threshold_sweep,0.4,0.666666666667,1,0.8,2,1,0,3,1,0.75,0.25,0,0.666666666667,1,0.8,0.833333333333,0.5,0.666666666667,0.707106781187,0.75,37,35,2,0,37,0,35,0,2,17,37,0.136029411765,1.88235294118,4.35294117647,3.36363636364,2.84615384615,1.69341284359,0.389027274878,0.193958664547,2.09866904602,0.964253345467,0.518282988871,1.87867287326,0.863174022847,0.470588235294,0.786197569093,0.41766745858,2.25,1.88235294118,0.786197569093,2.25,0.166339869281,0.0612244897959,3,0.00441176470588,0.185952380952,17,17,17,1,0,0.352941176471,0.411764705882,0.235294117647,17,0.128676470588,1.90196078431,4.11764705882,3.18181818182,2.69230769231,1.57648156274,0.382859808093,0.201680672269,2.01465221053,0.978545359402,0.524369747899,1.74894926439,0.849489642704,0.463865546218,0.814492905316,0.428238537847,2.33333333333,1.90196078431,0.814492905316,2.33333333333,0,0,0,0,0.164242424242,17,17,17,1,0,0.352941176471,0.411764705882,0.235294117647,17,38,0.139705882353,1.9,4.47058823529,3.45454545455,2.71428571429,1.73629084037,0.388380845872,0.198142414861,2.1368613597,0.955964292498,0.510835913313,1.82103719638,0.814674535221,0.442724458204,0.795298686029,0.418578255805,2.25,1.9,0.795298686029,2.25,0.217320261438,0.115384615385,6,0.00882352941176,0.17867965368,17,17,17,1,0,0.352941176471,0.470588235294,0.176470588235,1,0.00367647058824,0.0176470588235,0.117647058824,0.0909090909091,-0.131868131868,0.0428779967836,-0.000646429005719,0.00418375031378,0.0381923136861,-0.00828905296849,-0.00744707555853,-0.0576356768785,-0.0484994876259,-0.0278637770898,0.00910111693678,0.000910797224492,0,0.0176470588235,0.00910111693678,0,0.0509803921569,0.0541601255887,3,0.00441176470588,-0.00727272727273,0,0.0588235294118,-0.0588235294118,37,1,0,234,1,0.995744680851,0.00425531914894,0,0.973684210526,1,0.986666666667,0.984652666406,0.995744680851,0.973684210526,3,2,0,0,0,0
239,WLNM_dir_neg,0.75,0.416666666667,00:00:12,10,10,27,1979945700,threshold_sweep,0.5,0.666666666667,1,0.8,2,1,0,3,1,0.75,0.25,0,0.666666666667,1,0.8,0.833333333333,0.5,0.666666666667,0.707106781187,0.75,37,35,2,0,37,0,35,0,2,17,37,0.136029411765,1.88235294118,4.35294117647,3.36363636364,2.84615384615,1.69341284359,0.389027274878,0.193958664547,2.09866904602,0.964253345467,0.518282988871,1.87867287326,0.863174022847,0.470588235294,0.786197569093,0.41766745858,2.25,1.88235294118,0.786197569093,2.25,0.166339869281,0.0612244897959,3,0.00441176470588,0.185952380952,17,17,17,1,0,0.352941176471,0.411764705882,0.235294117647,17,0.128676470588,1.90196078431,4.11764705882,3.18181818182,2.69230769231,1.57648156274,0.382859808093,0.201680672269,2.01465221053,0.978545359402,0.524369747899,1.74894926439,0.849489642704,0.463865546218,0.814492905316,0.428238537847,2.33333333333,1.90196078431,0.814492905316,2.33333333333,0,0,0,0,0.164242424242,17,17,17,1,0,0.352941176471,0.411764705882,0.235294117647,17,38,0.139705882353,1.9,4.47058823529,3.45454545455,2.71428571429,1.73629084037,0.388380845872,0.198142414861,2.1368613597,0.955964292498,0.510835913313,1.82103719638,0.814674535221,0.442724458204,0.795298686029,0.418578255805,2.25,1.9,0.795298686029,2.25,0.217320261438,0.115384615385,6,0.00882352941176,0.17867965368,17,17,17,1,0,0.352941176471,0.470588235294,0.176470588235,1,0.00367647058824,0.0176470588235,0.117647058824,0.0909090909091,-0.131868131868,0.0428779967836,-0.000646429005719,0.00418375031378,0.0381923136861,-0.00828905296849,-0.00744707555853,-0.0576356768785,-0.0484994876259,-0.0278637770898,0.00910111693678,0.000910797224492,0,0.0176470588235,0.00910111693678,0,0.0509803921569,0.0541601255887,3,0.00441176470588,-0.00727272727273,0,0.0588235294118,-0.0588235294118,37,1,0,234,1,0.995744680851,0.00425531914894,0,0.973684210526,1,0.986666666667,0.984652666406,0.995744680851,0.973684210526,3,2,0,0,0,0
240,WLNM_dir_neg,0.75,0.416666666667,00:00:12,10,10,27,1979945700,threshold_sweep,0.6,0.666666666667,1,0.8,2,1,0,3,1,0.75,0.25,0,0.666666666667,1,0.8,0.833333333333,0.5,0.666666666667,0.707106781187,0.75,37,35,2,0,37,0,35,0,2,17,37,0.136029411765,1.88235294118,4.35294117647,3.36363636364,2.84615384615,1.69341284359,0.389027274878,0.193958664547,2.09866904602,0.964253345467,0.518282988871,1.87867287326,0.863174022847,0.470588235294,0.786197569093,0.41766745858,2.25,1.88235294118,0.786197569093,2.25,0.166339869281,0.0612244897959,3,0.00441176470588,0.185952380952,17,17,17,1,0,0.352941176471,0.411764705882,0.235294117647,17,0.128676470588,1.90196078431,4.11764705882,3.18181818182,2.69230769231,1.57648156274,0.382859808093,0.201680672269,2.01465221053,0.978545359402,0.524369747899,1.74894926439,0.849489642704,0.463865546218,0.814492905316,0.428238537847,2.33333333333,1.90196078431,0.814492905316,2.33333333333,0,0,0,0,0.164242424242,17,17,17,1,0,0.352941176471,0.411764705882,0.235294117647,17,38,0.139705882353,1.9,4.47058823529,3.45454545455,2.71428571429,1.73629084037,0.388380845872,0.198142414861,2.1368613597,0.955964292498,0.510835913313,1.82103719638,0.814674535221,0.442724458204,0.795298686029,0.418578255805,2.25,1.9,0.795298686029,2.25,0.217320261438,0.115384615385,6,0.00882352941176,0.17867965368,17,17,17,1,0,0.352941176471,0.470588235294,0.176470588235,1,0.00367647058824,0.0176470588235,0.117647058824,0.0909090909091,-0.131868131868,0.0428779967836,-0.000646429005719,0.00418375031378,0.0381923136861,-0.00828905296849,-0.00744707555853,-0.0576356768785,-0.0484994876259,-0.0278637770898,0.00910111693678,0.000910797224492,0,0.0176470588235,0.00910111693678,0,0.0509803921569,0.0541601255887,3,0.00441176470588,-0.00727272727273,0,0.0588235294118,-0.0588235294118,37,1,0,234,1,0.995744680851,0.00425531914894,0,0.973684210526,1,0.986666666667,0.984652666406,0.995744680851,0.973684210526,3,2,0,0,0,0
241,WLNM_dir_neg,0.75,0.416666666667,00:00:12,10,10,27,1979945700,threshold_sweep,0.7,0.666666666667,1,0.8,2,1,0,3,1,0.75,0.25,0,0.666666666667,1,0.8,0.833333333333,0.5,0.666666666667,0.707106781187,0.75,37,35,2,0,37,0,35,0,2,17,37,0.136029411765,1.88235294118,4.35294117647,3.36363636364,2.84615384615,1.69341284359,0.389027274878,0.193958664547,2.09866904602,0.964253345467,0.518282988871,1.87867287326,0.863174022847,0.470588235294,0.786197569093,0.41766745858,2.25,1.88235294118,0.786197569093,2.25,0.166339869281,0.0612244897959,3,0.00441176470588,0.185952380952,17,17,17,1,0,0.352941176471,0.411764705882,0.235294117647,17,0.128676470588,1.90196078431,4.11764705882,3.18181818182,2.69230769231,1.57648156274,0.382859808093,0.201680672269,2.01465221053,0.978545359402,0.524369747899,1.74894926439,0.849489642704,0.463865546218,0.814492905316,0.428238537847,2.33333333333,1.90196078431,0.814492905316,2.33333333333,0,0,0,0,0.164242424242,17,17,17,1,0,0.352941176471,0.411764705882,0.235294117647,17,38,0.139705882353,1.9,4.47058823529,3.45454545455,2.71428571429,1.73629084037,0.388380845872,0.198142414861,2.1368613597,0.955964292498,0.510835913313,1.82103719638,0.814674535221,0.442724458204,0.795298686029,0.418578255805,2.25,1.9,0.795298686029,2.25,0.217320261438,0.115384615385,6,0.00882352941176,0.17867965368,17,17,17,1,0,0.352941176471,0.470588235294,0.176470588235,1,0.00367647058824,0.0176470588235,0.117647058824,0.0909090909091,-0.131868131868,0.0428779967836,-0.000646429005719,0.00418375031378,0.0381923136861,-0.00828905296849,-0.00744707555853,-0.0576356768785,-0.0484994876259,-0.0278637770898,0.00910111693678,0.000910797224492,0,0.0176470588235,0.00910111693678,0,0.0509803921569,0.0541601255887,3,0.00441176470588,-0.00727272727273,0,0.0588235294118,-0.0588235294118,37,1,0,234,1,0.995744680851,0.00425531914894,0,0.973684210526,1,0.986666666667,0.984652666406,0.995744680851,0.973684210526,3,2,0,0,0,0
242,WLNM_dir_neg,0.75,0.416666666667,00:00:12,10,10,27,1979945700,threshold_sweep,0.8,0.666666666667,1,0.8,2,1,0,3,1,0.75,0.25,0,0.666666666667,1,0.8,0.833333333333,0.5,0.666666666667,0.707106781187,0.75,37,35,2,0,37,0,35,0,2,17,37,0.136029411765,1.88235294118,4.35294117647,3.36363636364,2.84615384615,1.69341284359,0.389027274878,0.193958664547,2.09866904602,0.964253345467,0.518282988871,1.87867287326,0.863174022847,0.470588235294,0.786197569093,0.41766745858,2.25,1.88235294118,0.786197569093,2.25,0.166339869281,0.0612244897959,3,0.00441176470588,0.185952380952,17,17,17,1,0,0.352941176471,0.411764705882,0.235294117647,17,0.128676470588,1.90196078431,4.11764705882,3.18181818182,2.69230769231,1.57648156274,0.382859808093,0.201680672269,2.01465221053,0.978545359402,0.524369747899,1.74894926439,0.849489642704,0.463865546218,0.814492905316,0.428238537847,2.33333333333,1.90196078431,0.814492905316,2.33333333333,0,0,0,0,0.164242424242,17,17,17,1,0,0.352941176471,0.411764705882,0.235294117647,17,38,0.139705882353,1.9,4.47058823529,3.45454545455,2.71428571429,1.73629084037,0.388380845872,0.198142414861,2.1368613597,0.955964292498,0.510835913313,1.82103719638,0.814674535221,0.442724458204,0.795298686029,0.418578255805,2.25,1.9,0.795298686029,2.25,0.217320261438,0.115384615385,6,0.00882352941176,0.17867965368,17,17,17,1,0,0.352941176471,0.470588235294,0.176470588235,1,0.00367647058824,0.0176470588235,0.117647058824,0.0909090909091,-0.131868131868,0.0428779967836,-0.000646429005719,0.00418375031378,0.0381923136861,-0.00828905296849,-0.00744707555853,-0.0576356768785,-0.0484994876259,-0.0278637770898,0.00910111693678,0.000910797224492,0,0.0176470588235,0.00910111693678,0,0.0509803921569,0.0541601255887,3,0.00441176470588,-0.00727272727273,0,0.0588235294118,-0.0588235294118,37,1,0,234,1,0.995744680851,0.00425531914894,0,0.973684210526,1,0.986666666667,0.984652666406,0.995744680851,0.973684210526,3,2,0,0,0,0
243,WLNM_dir_neg,0.75,0.416666666667,00:00:12,10,10,27,1979945700,threshold_sweep,0.9,0.666666666667,1,0.8,2,1,0,3,1,0.75,0.25,0,0.666666666667,1,0.8,0.833333333333,0.5,0.666666666667,0.707106781187,0.75,37,35,2,0,37,0,35,0,2,17,37,0.136029411765,1.88235294118,4.35294117647,3.36363636364,2.84615384615,1.69341284359,0.389027274878,0.193958664547,2.09866904602,0.964253345467,0.518282988871,1.87867287326,0.863174022847,0.470588235294,0.786197569093,0.41766745858,2.25,1.88235294118,0.786197569093,2.25,0.166339869281,0.0612244897959,3,0.00441176470588,0.185952380952,17,17,17,1,0,0.352941176471,0.411764705882,0.235294117647,17,0.128676470588,1.90196078431,4.11764705882,3.18181818182,2.69230769231,1.57648156274,0.382859808093,0.201680672269,2.01465221053,0.978545359402,0.524369747899,1.74894926439,0.849489642704,0.463865546218,0.814492905316,0.428238537847,2.33333333333,1.90196078431,0.814492905316,2.33333333333,0,0,0,0,0.164242424242,17,17,17,1,0,0.352941176471,0.411764705882,0.235294117647,17,38,0.139705882353,1.9,4.47058823529,3.45454545455,2.71428571429,1.73629084037,0.388380845872,0.198142414861,2.1368613597,0.955964292498,0.510835913313,1.82103719638,0.814674535221,0.442724458204,0.795298686029,0.418578255805,2.25,1.9,0.795298686029,2.25,0.217320261438,0.115384615385,6,0.00882352941176,0.17867965368,17,17,17,1,0,0.352941176471,0.470588235294,0.176470588235,1,0.00367647058824,0.0176470588235,0.117647058824,0.0909090909091,-0.131868131868,0.0428779967836,-0.000646429005719,0.00418375031378,0.0381923136861,-0.00828905296849,-0.00744707555853,-0.0576356768785,-0.0484994876259,-0.0278637770898,0.00910111693678,0.000910797224492,0,0.0176470588235,0.00910111693678,0,0.0509803921569,0.0541601255887,3,0.00441176470588,-0.00727272727273,0,0.0588235294118,-0.0588235294118,37,1,0,234,1,0.995744680851,0.00425531914894,0,0.973684210526,1,0.986666666667,0.984652666406,0.995744680851,0.973684210526,3,2,0,0,0,0
244,WLNM_dir_neg,1,0.5,00:00:12,10,10,28,1979945701,threshold_sweep,0.1,1,1,1,2,0,0,4,1,1,0,0,1,1,1,1,0.555555555556,1,1,1,37,35,2,0,37,0,35,0,2,17,37,0.136029411765,1.88235294118,4.35294117647,3.36363636364,2.84615384615,1.69341284359,0.389027274878,0.193958664547,2.09866904602,0.964253345467,0.518282988871,1.87867287326,0.863174022847,0.470588235294,0.786197569093,0.41766745858,2.25,1.88235294118,0.786197569093,2.25,0.166339869281,0.0612244897959,3,0.00441176470588,0.185952380952,17,17,17,1,0,0.352941176471,0.411764705882,0.235294117647,17,0.128676470588,1.90196078431,4.11764705882,3.18181818182,2.69230769231,1.57648156274,0.382859808093,0.201680672269,2.01465221053,0.978545359402,0.524369747899,1.74894926439,0.849489642704,0.463865546218,0.814492905316,0.428238537847,2.33333333333,1.90196078431,0.814492905316,2.33333333333,0,0,0,0,0.164242424242,17,17,17,1,0,0.352941176471,0.411764705882,0.235294117647,17,37,0.136029411765,1.88235294118,4.35294117647,3.36363636364,2.84615384615,1.69341284359,0.389027274878,0.193958664547,2.09866904602,0.964253345467,0.518282988871,1.87867287326,0.863174022847,0.470588235294,0.786197569093,0.41766745858,2.25,1.88235294118,0.786197569093,2.25,0.166339869281,0.0612244897959,3,0.00441176470588,0.185952380952,17,17,17,1,0,0.352941176471,0.411764705882,0.235294117647,0,0,0,0,0,0,0,0,0,0,0,0,0,0,0,0,0,0,0,0,0,0,0,0,0,0,0,0,0,37,0,0,235,1,1,0,0,1,1,1,1,1,1,2,2,0,0,0,0
245,WLNM_dir_neg,1,0.5,00:00:12,10,10,28,1979945701,threshold_sweep,0.2,1,1,1,2,0,0,4,1,1,0,0,1,1,1,1,0.555555555556,1,1,1,37,35,2,0,37,0,35,0,2,17,37,0.136029411765,1.88235294118,4.35294117647,3.36363636364,2.84615384615,1.69341284359,0.389027274878,0.193958664547,2.09866904602,0.964253345467,0.518282988871,1.87867287326,0.863174022847,0.470588235294,0.786197569093,0.41766745858,2.25,1.88235294118,0.786197569093,2.25,0.166339869281,0.0612244897959,3,0.00441176470588,0.185952380952,17,17,17,1,0,0.352941176471,0.411764705882,0.235294117647,17,0.128676470588,1.90196078431,4.11764705882,3.18181818182,2.69230769231,1.57648156274,0.382859808093,0.201680672269,2.01465221053,0.978545359402,0.524369747899,1.74894926439,0.849489642704,0.463865546218,0.814492905316,0.428238537847,2.33333333333,1.90196078431,0.814492905316,2.33333333333,0,0,0,0,0.164242424242,17,17,17,1,0,0.352941176471,0.411764705882,0.235294117647,17,37,0.136029411765,1.88235294118,4.35294117647,3.36363636364,2.84615384615,1.69341284359,0.389027274878,0.193958664547,2.09866904602,0.964253345467,0.518282988871,1.87867287326,0.863174022847,0.470588235294,0.786197569093,0.41766745858,2.25,1.88235294118,0.786197569093,2.25,0.166339869281,0.0612244897959,3,0.00441176470588,0.185952380952,17,17,17,1,0,0.352941176471,0.411764705882,0.235294117647,0,0,0,0,0,0,0,0,0,0,0,0,0,0,0,0,0,0,0,0,0,0,0,0,0,0,0,0,0,37,0,0,235,1,1,0,0,1,1,1,1,1,1,2,2,0,0,0,0
246,WLNM_dir_neg,1,0.5,00:00:12,10,10,28,1979945701,threshold_sweep,0.3,1,1,1,2,0,0,4,1,1,0,0,1,1,1,1,0.555555555556,1,1,1,37,35,2,0,37,0,35,0,2,17,37,0.136029411765,1.88235294118,4.35294117647,3.36363636364,2.84615384615,1.69341284359,0.389027274878,0.193958664547,2.09866904602,0.964253345467,0.518282988871,1.87867287326,0.863174022847,0.470588235294,0.786197569093,0.41766745858,2.25,1.88235294118,0.786197569093,2.25,0.166339869281,0.0612244897959,3,0.00441176470588,0.185952380952,17,17,17,1,0,0.352941176471,0.411764705882,0.235294117647,17,0.128676470588,1.90196078431,4.11764705882,3.18181818182,2.69230769231,1.57648156274,0.382859808093,0.201680672269,2.01465221053,0.978545359402,0.524369747899,1.74894926439,0.849489642704,0.463865546218,0.814492905316,0.428238537847,2.33333333333,1.90196078431,0.814492905316,2.33333333333,0,0,0,0,0.164242424242,17,17,17,1,0,0.352941176471,0.411764705882,0.235294117647,17,37,0.136029411765,1.88235294118,4.35294117647,3.36363636364,2.84615384615,1.69341284359,0.389027274878,0.193958664547,2.09866904602,0.964253345467,0.518282988871,1.87867287326,0.863174022847,0.470588235294,0.786197569093,0.41766745858,2.25,1.88235294118,0.786197569093,2.25,0.166339869281,0.0612244897959,3,0.00441176470588,0.185952380952,17,17,17,1,0,0.352941176471,0.411764705882,0.235294117647,0,0,0,0,0,0,0,0,0,0,0,0,0,0,0,0,0,0,0,0,0,0,0,0,0,0,0,0,0,37,0,0,235,1,1,0,0,1,1,1,1,1,1,2,2,0,0,0,0
247,WLNM_dir_neg,1,0.5,00:00:12,10,10,28,1979945701,threshold_sweep,0.4,1,1,1,2,0,0,4,1,1,0,0,1,1,1,1,0.555555555556,1,1,1,37,35,2,0,37,0,35,0,2,17,37,0.136029411765,1.88235294118,4.35294117647,3.36363636364,2.84615384615,1.69341284359,0.389027274878,0.193958664547,2.09866904602,0.964253345467,0.518282988871,1.87867287326,0.863174022847,0.470588235294,0.786197569093,0.41766745858,2.25,1.88235294118,0.786197569093,2.25,0.166339869281,0.0612244897959,3,0.00441176470588,0.185952380952,17,17,17,1,0,0.352941176471,0.411764705882,0.235294117647,17,0.128676470588,1.90196078431,4.11764705882,3.18181818182,2.69230769231,1.57648156274,0.382859808093,0.201680672269,2.01465221053,0.978545359402,0.524369747899,1.74894926439,0.849489642704,0.463865546218,0.814492905316,0.428238537847,2.33333333333,1.90196078431,0.814492905316,2.33333333333,0,0,0,0,0.164242424242,17,17,17,1,0,0.352941176471,0.411764705882,0.235294117647,17,37,0.136029411765,1.88235294118,4.35294117647,3.36363636364,2.84615384615,1.69341284359,0.389027274878,0.193958664547,2.09866904602,0.964253345467,0.518282988871,1.87867287326,0.863174022847,0.470588235294,0.786197569093,0.41766745858,2.25,1.88235294118,0.786197569093,2.25,0.166339869281,0.0612244897959,3,0.00441176470588,0.185952380952,17,17,17,1,0,0.352941176471,0.411764705882,0.235294117647,0,0,0,0,0,0,0,0,0,0,0,0,0,0,0,0,0,0,0,0,0,0,0,0,0,0,0,0,0,37,0,0,235,1,1,0,0,1,1,1,1,1,1,2,2,0,0,0,0
248,WLNM_dir_neg,1,0.5,00:00:12,10,10,28,1979945701,threshold_sweep,0.5,1,1,1,2,0,0,4,1,1,0,0,1,1,1,1,0.555555555556,1,1,1,37,35,2,0,37,0,35,0,2,17,37,0.136029411765,1.88235294118,4.35294117647,3.36363636364,2.84615384615,1.69341284359,0.389027274878,0.193958664547,2.09866904602,0.964253345467,0.518282988871,1.87867287326,0.863174022847,0.470588235294,0.786197569093,0.41766745858,2.25,1.88235294118,0.786197569093,2.25,0.166339869281,0.0612244897959,3,0.00441176470588,0.185952380952,17,17,17,1,0,0.352941176471,0.411764705882,0.235294117647,17,0.128676470588,1.90196078431,4.11764705882,3.18181818182,2.69230769231,1.57648156274,0.382859808093,0.201680672269,2.01465221053,0.978545359402,0.524369747899,1.74894926439,0.849489642704,0.463865546218,0.814492905316,0.428238537847,2.33333333333,1.90196078431,0.814492905316,2.33333333333,0,0,0,0,0.164242424242,17,17,17,1,0,0.352941176471,0.411764705882,0.235294117647,17,37,0.136029411765,1.88235294118,4.35294117647,3.36363636364,2.84615384615,1.69341284359,0.389027274878,0.193958664547,2.09866904602,0.964253345467,0.518282988871,1.87867287326,0.863174022847,0.470588235294,0.786197569093,0.41766745858,2.25,1.88235294118,0.786197569093,2.25,0.166339869281,0.0612244897959,3,0.00441176470588,0.185952380952,17,17,17,1,0,0.352941176471,0.411764705882,0.235294117647,0,0,0,0,0,0,0,0,0,0,0,0,0,0,0,0,0,0,0,0,0,0,0,0,0,0,0,0,0,37,0,0,235,1,1,0,0,1,1,1,1,1,1,2,2,0,0,0,0
249,WLNM_dir_neg,1,0.5,00:00:12,10,10,28,1979945701,threshold_sweep,0.6,1,1,1,2,0,0,4,1,1,0,0,1,1,1,1,0.555555555556,1,1,1,37,35,2,0,37,0,35,0,2,17,37,0.136029411765,1.88235294118,4.35294117647,3.36363636364,2.84615384615,1.69341284359,0.389027274878,0.193958664547,2.09866904602,0.964253345467,0.518282988871,1.87867287326,0.863174022847,0.470588235294,0.786197569093,0.41766745858,2.25,1.88235294118,0.786197569093,2.25,0.166339869281,0.0612244897959,3,0.00441176470588,0.185952380952,17,17,17,1,0,0.352941176471,0.411764705882,0.235294117647,17,0.128676470588,1.90196078431,4.11764705882,3.18181818182,2.69230769231,1.57648156274,0.382859808093,0.201680672269,2.01465221053,0.978545359402,0.524369747899,1.74894926439,0.849489642704,0.463865546218,0.814492905316,0.428238537847,2.33333333333,1.90196078431,0.814492905316,2.33333333333,0,0,0,0,0.164242424242,17,17,17,1,0,0.352941176471,0.411764705882,0.235294117647,17,37,0.136029411765,1.88235294118,4.35294117647,3.36363636364,2.84615384615,1.69341284359,0.389027274878,0.193958664547,2.09866904602,0.964253345467,0.518282988871,1.87867287326,0.863174022847,0.470588235294,0.786197569093,0.41766745858,2.25,1.88235294118,0.786197569093,2.25,0.166339869281,0.0612244897959,3,0.00441176470588,0.185952380952,17,17,17,1,0,0.352941176471,0.411764705882,0.235294117647,0,0,0,0,0,0,0,0,0,0,0,0,0,0,0,0,0,0,0,0,0,0,0,0,0,0,0,0,0,37,0,0,235,1,1,0,0,1,1,1,1,1,1,2,2,0,0,0,0
250,WLNM_dir_neg,1,0.5,00:00:12,10,10,28,1979945701,threshold_sweep,0.7,1,1,1,2,0,0,4,1,1,0,0,1,1,1,1,0.555555555556,1,1,1,37,35,2,0,37,0,35,0,2,17,37,0.136029411765,1.88235294118,4.35294117647,3.36363636364,2.84615384615,1.69341284359,0.389027274878,0.193958664547,2.09866904602,0.964253345467,0.518282988871,1.87867287326,0.863174022847,0.470588235294,0.786197569093,0.41766745858,2.25,1.88235294118,0.786197569093,2.25,0.166339869281,0.0612244897959,3,0.00441176470588,0.185952380952,17,17,17,1,0,0.352941176471,0.411764705882,0.235294117647,17,0.128676470588,1.90196078431,4.11764705882,3.18181818182,2.69230769231,1.57648156274,0.382859808093,0.201680672269,2.01465221053,0.978545359402,0.524369747899,1.74894926439,0.849489642704,0.463865546218,0.814492905316,0.428238537847,2.33333333333,1.90196078431,0.814492905316,2.33333333333,0,0,0,0,0.164242424242,17,17,17,1,0,0.352941176471,0.411764705882,0.235294117647,17,37,0.136029411765,1.88235294118,4.35294117647,3.36363636364,2.84615384615,1.69341284359,0.389027274878,0.193958664547,2.09866904602,0.964253345467,0.518282988871,1.87867287326,0.863174022847,0.470588235294,0.786197569093,0.41766745858,2.25,1.88235294118,0.786197569093,2.25,0.166339869281,0.0612244897959,3,0.00441176470588,0.185952380952,17,17,17,1,0,0.352941176471,0.411764705882,0.235294117647,0,0,0,0,0,0,0,0,0,0,0,0,0,0,0,0,0,0,0,0,0,0,0,0,0,0,0,0,0,37,0,0,235,1,1,0,0,1,1,1,1,1,1,2,2,0,0,0,0
251,WLNM_dir_neg,1,0.5,00:00:12,10,10,28,1979945701,threshold_sweep,0.8,1,1,1,2,0,0,4,1,1,0,0,1,1,1,1,0.555555555556,1,1,1,37,35,2,0,37,0,35,0,2,17,37,0.136029411765,1.88235294118,4.35294117647,3.36363636364,2.84615384615,1.69341284359,0.389027274878,0.193958664547,2.09866904602,0.964253345467,0.518282988871,1.87867287326,0.863174022847,0.470588235294,0.786197569093,0.41766745858,2.25,1.88235294118,0.786197569093,2.25,0.166339869281,0.0612244897959,3,0.00441176470588,0.185952380952,17,17,17,1,0,0.352941176471,0.411764705882,0.235294117647,17,0.128676470588,1.90196078431,4.11764705882,3.18181818182,2.69230769231,1.57648156274,0.382859808093,0.201680672269,2.01465221053,0.978545359402,0.524369747899,1.74894926439,0.849489642704,0.463865546218,0.814492905316,0.428238537847,2.33333333333,1.90196078431,0.814492905316,2.33333333333,0,0,0,0,0.164242424242,17,17,17,1,0,0.352941176471,0.411764705882,0.235294117647,17,37,0.136029411765,1.88235294118,4.35294117647,3.36363636364,2.84615384615,1.69341284359,0.389027274878,0.193958664547,2.09866904602,0.964253345467,0.518282988871,1.87867287326,0.863174022847,0.470588235294,0.786197569093,0.41766745858,2.25,1.88235294118,0.786197569093,2.25,0.166339869281,0.0612244897959,3,0.00441176470588,0.185952380952,17,17,17,1,0,0.352941176471,0.411764705882,0.235294117647,0,0,0,0,0,0,0,0,0,0,0,0,0,0,0,0,0,0,0,0,0,0,0,0,0,0,0,0,0,37,0,0,235,1,1,0,0,1,1,1,1,1,1,2,2,0,0,0,0
252,WLNM_dir_neg,1,0.5,00:00:12,10,10,28,1979945701,threshold_sweep,0.9,1,1,1,2,0,0,4,1,1,0,0,1,1,1,1,0.555555555556,1,1,1,37,35,2,0,37,0,35,0,2,17,37,0.136029411765,1.88235294118,4.35294117647,3.36363636364,2.84615384615,1.69341284359,0.389027274878,0.193958664547,2.09866904602,0.964253345467,0.518282988871,1.87867287326,0.863174022847,0.470588235294,0.786197569093,0.41766745858,2.25,1.88235294118,0.786197569093,2.25,0.166339869281,0.0612244897959,3,0.00441176470588,0.185952380952,17,17,17,1,0,0.352941176471,0.411764705882,0.235294117647,17,0.128676470588,1.90196078431,4.11764705882,3.18181818182,2.69230769231,1.57648156274,0.382859808093,0.201680672269,2.01465221053,0.978545359402,0.524369747899,1.74894926439,0.849489642704,0.463865546218,0.814492905316,0.428238537847,2.33333333333,1.90196078431,0.814492905316,2.33333333333,0,0,0,0,0.164242424242,17,17,17,1,0,0.352941176471,0.411764705882,0.235294117647,17,37,0.136029411765,1.88235294118,4.35294117647,3.36363636364,2.84615384615,1.69341284359,0.389027274878,0.193958664547,2.09866904602,0.964253345467,0.518282988871,1.87867287326,0.863174022847,0.470588235294,0.786197569093,0.41766745858,2.25,1.88235294118,0.786197569093,2.25,0.166339869281,0.0612244897959,3,0.00441176470588,0.185952380952,17,17,17,1,0,0.352941176471,0.411764705882,0.235294117647,0,0,0,0,0,0,0,0,0,0,0,0,0,0,0,0,0,0,0,0,0,0,0,0,0,0,0,0,0,37,0,0,235,1,1,0,0,1,1,1,1,1,1,2,2,0,0,0,0
253,WLNM_dir_neg,1,0.5,00:00:12,10,10,29,1979945702,threshold_sweep,0.1,1,1,1,2,0,0,4,1,1,0,0,1,1,1,1,0.555555555556,1,1,1,37,35,2,0,37,0,35,0,2,17,37,0.136029411765,1.88235294118,4.35294117647,3.36363636364,2.84615384615,1.69341284359,0.389027274878,0.193958664547,2.09866904602,0.964253345467,0.518282988871,1.87867287326,0.863174022847,0.470588235294,0.786197569093,0.41766745858,2.25,1.88235294118,0.786197569093,2.25,0.166339869281,0.0612244897959,3,0.00441176470588,0.185952380952,17,17,17,1,0,0.352941176471,0.411764705882,0.235294117647,17,0.128676470588,1.90196078431,4.11764705882,3.18181818182,2.69230769231,1.57648156274,0.382859808093,0.201680672269,2.01465221053,0.978545359402,0.524369747899,1.74894926439,0.849489642704,0.463865546218,0.814492905316,0.428238537847,2.33333333333,1.90196078431,0.814492905316,2.33333333333,0,0,0,0,0.164242424242,17,17,17,1,0,0.352941176471,0.411764705882,0.235294117647,17,37,0.136029411765,1.88235294118,4.35294117647,3.36363636364,2.84615384615,1.69341284359,0.389027274878,0.193958664547,2.09866904602,0.964253345467,0.518282988871,1.87867287326,0.863174022847,0.470588235294,0.786197569093,0.41766745858,2.25,1.88235294118,0.786197569093,2.25,0.166339869281,0.0612244897959,3,0.00441176470588,0.185952380952,17,17,17,1,0,0.352941176471,0.411764705882,0.235294117647,0,0,0,0,0,0,0,0,0,0,0,0,0,0,0,0,0,0,0,0,0,0,0,0,0,0,0,0,0,37,0,0,235,1,1,0,0,1,1,1,1,1,1,2,2,0,0,0,0
254,WLNM_dir_neg,1,0.5,00:00:12,10,10,29,1979945702,threshold_sweep,0.2,1,1,1,2,0,0,4,1,1,0,0,1,1,1,1,0.555555555556,1,1,1,37,35,2,0,37,0,35,0,2,17,37,0.136029411765,1.88235294118,4.35294117647,3.36363636364,2.84615384615,1.69341284359,0.389027274878,0.193958664547,2.09866904602,0.964253345467,0.518282988871,1.87867287326,0.863174022847,0.470588235294,0.786197569093,0.41766745858,2.25,1.88235294118,0.786197569093,2.25,0.166339869281,0.0612244897959,3,0.00441176470588,0.185952380952,17,17,17,1,0,0.352941176471,0.411764705882,0.235294117647,17,0.128676470588,1.90196078431,4.11764705882,3.18181818182,2.69230769231,1.57648156274,0.382859808093,0.201680672269,2.01465221053,0.978545359402,0.524369747899,1.74894926439,0.849489642704,0.463865546218,0.814492905316,0.428238537847,2.33333333333,1.90196078431,0.814492905316,2.33333333333,0,0,0,0,0.164242424242,17,17,17,1,0,0.352941176471,0.411764705882,0.235294117647,17,37,0.136029411765,1.88235294118,4.35294117647,3.36363636364,2.84615384615,1.69341284359,0.389027274878,0.193958664547,2.09866904602,0.964253345467,0.518282988871,1.87867287326,0.863174022847,0.470588235294,0.786197569093,0.41766745858,2.25,1.88235294118,0.786197569093,2.25,0.166339869281,0.0612244897959,3,0.00441176470588,0.185952380952,17,17,17,1,0,0.352941176471,0.411764705882,0.235294117647,0,0,0,0,0,0,0,0,0,0,0,0,0,0,0,0,0,0,0,0,0,0,0,0,0,0,0,0,0,37,0,0,235,1,1,0,0,1,1,1,1,1,1,2,2,0,0,0,0
255,WLNM_dir_neg,1,0.5,00:00:12,10,10,29,1979945702,threshold_sweep,0.3,1,1,1,2,0,0,4,1,1,0,0,1,1,1,1,0.555555555556,1,1,1,37,35,2,0,37,0,35,0,2,17,37,0.136029411765,1.88235294118,4.35294117647,3.36363636364,2.84615384615,1.69341284359,0.389027274878,0.193958664547,2.09866904602,0.964253345467,0.518282988871,1.87867287326,0.863174022847,0.470588235294,0.786197569093,0.41766745858,2.25,1.88235294118,0.786197569093,2.25,0.166339869281,0.0612244897959,3,0.00441176470588,0.185952380952,17,17,17,1,0,0.352941176471,0.411764705882,0.235294117647,17,0.128676470588,1.90196078431,4.11764705882,3.18181818182,2.69230769231,1.57648156274,0.382859808093,0.201680672269,2.01465221053,0.978545359402,0.524369747899,1.74894926439,0.849489642704,0.463865546218,0.814492905316,0.428238537847,2.33333333333,1.90196078431,0.814492905316,2.33333333333,0,0,0,0,0.164242424242,17,17,17,1,0,0.352941176471,0.411764705882,0.235294117647,17,37,0.136029411765,1.88235294118,4.35294117647,3.36363636364,2.84615384615,1.69341284359,0.389027274878,0.193958664547,2.09866904602,0.964253345467,0.518282988871,1.87867287326,0.863174022847,0.470588235294,0.786197569093,0.41766745858,2.25,1.88235294118,0.786197569093,2.25,0.166339869281,0.0612244897959,3,0.00441176470588,0.185952380952,17,17,17,1,0,0.352941176471,0.411764705882,0.235294117647,0,0,0,0,0,0,0,0,0,0,0,0,0,0,0,0,0,0,0,0,0,0,0,0,0,0,0,0,0,37,0,0,235,1,1,0,0,1,1,1,1,1,1,2,2,0,0,0,0
256,WLNM_dir_neg,1,0.5,00:00:12,10,10,29,1979945702,threshold_sweep,0.4,1,1,1,2,0,0,4,1,1,0,0,1,1,1,1,0.555555555556,1,1,1,37,35,2,0,37,0,35,0,2,17,37,0.136029411765,1.88235294118,4.35294117647,3.36363636364,2.84615384615,1.69341284359,0.389027274878,0.193958664547,2.09866904602,0.964253345467,0.518282988871,1.87867287326,0.863174022847,0.470588235294,0.786197569093,0.41766745858,2.25,1.88235294118,0.786197569093,2.25,0.166339869281,0.0612244897959,3,0.00441176470588,0.185952380952,17,17,17,1,0,0.352941176471,0.411764705882,0.235294117647,17,0.128676470588,1.90196078431,4.11764705882,3.18181818182,2.69230769231,1.57648156274,0.382859808093,0.201680672269,2.01465221053,0.978545359402,0.524369747899,1.74894926439,0.849489642704,0.463865546218,0.814492905316,0.428238537847,2.33333333333,1.90196078431,0.814492905316,2.33333333333,0,0,0,0,0.164242424242,17,17,17,1,0,0.352941176471,0.411764705882,0.235294117647,17,37,0.136029411765,1.88235294118,4.35294117647,3.36363636364,2.84615384615,1.69341284359,0.389027274878,0.193958664547,2.09866904602,0.964253345467,0.518282988871,1.87867287326,0.863174022847,0.470588235294,0.786197569093,0.41766745858,2.25,1.88235294118,0.786197569093,2.25,0.166339869281,0.0612244897959,3,0.00441176470588,0.185952380952,17,17,17,1,0,0.352941176471,0.411764705882,0.235294117647,0,0,0,0,0,0,0,0,0,0,0,0,0,0,0,0,0,0,0,0,0,0,0,0,0,0,0,0,0,37,0,0,235,1,1,0,0,1,1,1,1,1,1,2,2,0,0,0,0
257,WLNM_dir_neg,1,0.5,00:00:12,10,10,29,1979945702,threshold_sweep,0.5,1,1,1,2,0,0,4,1,1,0,0,1,1,1,1,0.555555555556,1,1,1,37,35,2,0,37,0,35,0,2,17,37,0.136029411765,1.88235294118,4.35294117647,3.36363636364,2.84615384615,1.69341284359,0.389027274878,0.193958664547,2.09866904602,0.964253345467,0.518282988871,1.87867287326,0.863174022847,0.470588235294,0.786197569093,0.41766745858,2.25,1.88235294118,0.786197569093,2.25,0.166339869281,0.0612244897959,3,0.00441176470588,0.185952380952,17,17,17,1,0,0.352941176471,0.411764705882,0.235294117647,17,0.128676470588,1.90196078431,4.11764705882,3.18181818182,2.69230769231,1.57648156274,0.382859808093,0.201680672269,2.01465221053,0.978545359402,0.524369747899,1.74894926439,0.849489642704,0.463865546218,0.814492905316,0.428238537847,2.33333333333,1.90196078431,0.814492905316,2.33333333333,0,0,0,0,0.164242424242,17,17,17,1,0,0.352941176471,0.411764705882,0.235294117647,17,37,0.136029411765,1.88235294118,4.35294117647,3.36363636364,2.84615384615,1.69341284359,0.389027274878,0.193958664547,2.09866904602,0.964253345467,0.518282988871,1.87867287326,0.863174022847,0.470588235294,0.786197569093,0.41766745858,2.25,1.88235294118,0.786197569093,2.25,0.166339869281,0.0612244897959,3,0.00441176470588,0.185952380952,17,17,17,1,0,0.352941176471,0.411764705882,0.235294117647,0,0,0,0,0,0,0,0,0,0,0,0,0,0,0,0,0,0,0,0,0,0,0,0,0,0,0,0,0,37,0,0,235,1,1,0,0,1,1,1,1,1,1,2,2,0,0,0,0
258,WLNM_dir_neg,1,0.5,00:00:12,10,10,29,1979945702,threshold_sweep,0.6,1,1,1,2,0,0,4,1,1,0,0,1,1,1,1,0.555555555556,1,1,1,37,35,2,0,37,0,35,0,2,17,37,0.136029411765,1.88235294118,4.35294117647,3.36363636364,2.84615384615,1.69341284359,0.389027274878,0.193958664547,2.09866904602,0.964253345467,0.518282988871,1.87867287326,0.863174022847,0.470588235294,0.786197569093,0.41766745858,2.25,1.88235294118,0.786197569093,2.25,0.166339869281,0.0612244897959,3,0.00441176470588,0.185952380952,17,17,17,1,0,0.352941176471,0.411764705882,0.235294117647,17,0.128676470588,1.90196078431,4.11764705882,3.18181818182,2.69230769231,1.57648156274,0.382859808093,0.201680672269,2.01465221053,0.978545359402,0.524369747899,1.74894926439,0.849489642704,0.463865546218,0.814492905316,0.428238537847,2.33333333333,1.90196078431,0.814492905316,2.33333333333,0,0,0,0,0.164242424242,17,17,17,1,0,0.352941176471,0.411764705882,0.235294117647,17,37,0.136029411765,1.88235294118,4.35294117647,3.36363636364,2.84615384615,1.69341284359,0.389027274878,0.193958664547,2.09866904602,0.964253345467,0.518282988871,1.87867287326,0.863174022847,0.470588235294,0.786197569093,0.41766745858,2.25,1.88235294118,0.786197569093,2.25,0.166339869281,0.0612244897959,3,0.00441176470588,0.185952380952,17,17,17,1,0,0.352941176471,0.411764705882,0.235294117647,0,0,0,0,0,0,0,0,0,0,0,0,0,0,0,0,0,0,0,0,0,0,0,0,0,0,0,0,0,37,0,0,235,1,1,0,0,1,1,1,1,1,1,2,2,0,0,0,0
259,WLNM_dir_neg,1,0.5,00:00:12,10,10,29,1979945702,threshold_sweep,0.7,1,1,1,2,0,0,4,1,1,0,0,1,1,1,1,0.555555555556,1,1,1,37,35,2,0,37,0,35,0,2,17,37,0.136029411765,1.88235294118,4.35294117647,3.36363636364,2.84615384615,1.69341284359,0.389027274878,0.193958664547,2.09866904602,0.964253345467,0.518282988871,1.87867287326,0.863174022847,0.470588235294,0.786197569093,0.41766745858,2.25,1.88235294118,0.786197569093,2.25,0.166339869281,0.0612244897959,3,0.00441176470588,0.185952380952,17,17,17,1,0,0.352941176471,0.411764705882,0.235294117647,17,0.128676470588,1.90196078431,4.11764705882,3.18181818182,2.69230769231,1.57648156274,0.382859808093,0.201680672269,2.01465221053,0.978545359402,0.524369747899,1.74894926439,0.849489642704,0.463865546218,0.814492905316,0.428238537847,2.33333333333,1.90196078431,0.814492905316,2.33333333333,0,0,0,0,0.164242424242,17,17,17,1,0,0.352941176471,0.411764705882,0.235294117647,17,37,0.136029411765,1.88235294118,4.35294117647,3.36363636364,2.84615384615,1.69341284359,0.389027274878,0.193958664547,2.09866904602,0.964253345467,0.518282988871,1.87867287326,0.863174022847,0.470588235294,0.786197569093,0.41766745858,2.25,1.88235294118,0.786197569093,2.25,0.166339869281,0.0612244897959,3,0.00441176470588,0.185952380952,17,17,17,1,0,0.352941176471,0.411764705882,0.235294117647,0,0,0,0,0,0,0,0,0,0,0,0,0,0,0,0,0,0,0,0,0,0,0,0,0,0,0,0,0,37,0,0,235,1,1,0,0,1,1,1,1,1,1,2,2,0,0,0,0
260,WLNM_dir_neg,1,0.5,00:00:12,10,10,29,1979945702,threshold_sweep,0.8,1,1,1,2,0,0,4,1,1,0,0,1,1,1,1,0.555555555556,1,1,1,37,35,2,0,37,0,35,0,2,17,37,0.136029411765,1.88235294118,4.35294117647,3.36363636364,2.84615384615,1.69341284359,0.389027274878,0.193958664547,2.09866904602,0.964253345467,0.518282988871,1.87867287326,0.863174022847,0.470588235294,0.786197569093,0.41766745858,2.25,1.88235294118,0.786197569093,2.25,0.166339869281,0.0612244897959,3,0.00441176470588,0.185952380952,17,17,17,1,0,0.352941176471,0.411764705882,0.235294117647,17,0.128676470588,1.90196078431,4.11764705882,3.18181818182,2.69230769231,1.57648156274,0.382859808093,0.201680672269,2.01465221053,0.978545359402,0.524369747899,1.74894926439,0.849489642704,0.463865546218,0.814492905316,0.428238537847,2.33333333333,1.90196078431,0.814492905316,2.33333333333,0,0,0,0,0.164242424242,17,17,17,1,0,0.352941176471,0.411764705882,0.235294117647,17,37,0.136029411765,1.88235294118,4.35294117647,3.36363636364,2.84615384615,1.69341284359,0.389027274878,0.193958664547,2.09866904602,0.964253345467,0.518282988871,1.87867287326,0.863174022847,0.470588235294,0.786197569093,0.41766745858,2.25,1.88235294118,0.786197569093,2.25,0.166339869281,0.0612244897959,3,0.00441176470588,0.185952380952,17,17,17,1,0,0.352941176471,0.411764705882,0.235294117647,0,0,0,0,0,0,0,0,0,0,0,0,0,0,0,0,0,0,0,0,0,0,0,0,0,0,0,0,0,37,0,0,235,1,1,0,0,1,1,1,1,1,1,2,2,0,0,0,0
261,WLNM_dir_neg,1,0.5,00:00:12,10,10,29,1979945702,threshold_sweep,0.9,1,1,1,2,0,0,4,1,1,0,0,1,1,1,1,0.555555555556,1,1,1,37,35,2,0,37,0,35,0,2,17,37,0.136029411765,1.88235294118,4.35294117647,3.36363636364,2.84615384615,1.69341284359,0.389027274878,0.193958664547,2.09866904602,0.964253345467,0.518282988871,1.87867287326,0.863174022847,0.470588235294,0.786197569093,0.41766745858,2.25,1.88235294118,0.786197569093,2.25,0.166339869281,0.0612244897959,3,0.00441176470588,0.185952380952,17,17,17,1,0,0.352941176471,0.411764705882,0.235294117647,17,0.128676470588,1.90196078431,4.11764705882,3.18181818182,2.69230769231,1.57648156274,0.382859808093,0.201680672269,2.01465221053,0.978545359402,0.524369747899,1.74894926439,0.849489642704,0.463865546218,0.814492905316,0.428238537847,2.33333333333,1.90196078431,0.814492905316,2.33333333333,0,0,0,0,0.164242424242,17,17,17,1,0,0.352941176471,0.411764705882,0.235294117647,17,37,0.136029411765,1.88235294118,4.35294117647,3.36363636364,2.84615384615,1.69341284359,0.389027274878,0.193958664547,2.09866904602,0.964253345467,0.518282988871,1.87867287326,0.863174022847,0.470588235294,0.786197569093,0.41766745858,2.25,1.88235294118,0.786197569093,2.25,0.166339869281,0.0612244897959,3,0.00441176470588,0.185952380952,17,17,17,1,0,0.352941176471,0.411764705882,0.235294117647,0,0,0,0,0,0,0,0,0,0,0,0,0,0,0,0,0,0,0,0,0,0,0,0,0,0,0,0,0,37,0,0,235,1,1,0,0,1,1,1,1,1,1,2,2,0,0,0,0
262,WLNM_dir_neg,1,0.5,00:00:12,10,10,30,1979945703,threshold_sweep,0.1,1,1,1,2,0,0,4,1,1,0,0,1,1,1,1,0.555555555556,1,1,1,37,35,2,0,37,0,35,0,2,17,37,0.136029411765,1.88235294118,4.35294117647,3.36363636364,2.84615384615,1.69341284359,0.389027274878,0.193958664547,2.09866904602,0.964253345467,0.518282988871,1.87867287326,0.863174022847,0.470588235294,0.786197569093,0.41766745858,2.25,1.88235294118,0.786197569093,2.25,0.166339869281,0.0612244897959,3,0.00441176470588,0.185952380952,17,17,17,1,0,0.352941176471,0.411764705882,0.235294117647,17,0.128676470588,1.90196078431,4.11764705882,3.18181818182,2.69230769231,1.57648156274,0.382859808093,0.201680672269,2.01465221053,0.978545359402,0.524369747899,1.74894926439,0.849489642704,0.463865546218,0.814492905316,0.428238537847,2.33333333333,1.90196078431,0.814492905316,2.33333333333,0,0,0,0,0.164242424242,17,17,17,1,0,0.352941176471,0.411764705882,0.235294117647,17,37,0.136029411765,1.88235294118,4.35294117647,3.36363636364,2.84615384615,1.69341284359,0.389027274878,0.193958664547,2.09866904602,0.964253345467,0.518282988871,1.87867287326,0.863174022847,0.470588235294,0.786197569093,0.41766745858,2.25,1.88235294118,0.786197569093,2.25,0.166339869281,0.0612244897959,3,0.00441176470588,0.185952380952,17,17,17,1,0,0.352941176471,0.411764705882,0.235294117647,0,0,0,0,0,0,0,0,0,0,0,0,0,0,0,0,0,0,0,0,0,0,0,0,0,0,0,0,0,37,0,0,235,1,1,0,0,1,1,1,1,1,1,2,2,0,0,0,0
263,WLNM_dir_neg,1,0.5,00:00:12,10,10,30,1979945703,threshold_sweep,0.2,1,1,1,2,0,0,4,1,1,0,0,1,1,1,1,0.555555555556,1,1,1,37,35,2,0,37,0,35,0,2,17,37,0.136029411765,1.88235294118,4.35294117647,3.36363636364,2.84615384615,1.69341284359,0.389027274878,0.193958664547,2.09866904602,0.964253345467,0.518282988871,1.87867287326,0.863174022847,0.470588235294,0.786197569093,0.41766745858,2.25,1.88235294118,0.786197569093,2.25,0.166339869281,0.0612244897959,3,0.00441176470588,0.185952380952,17,17,17,1,0,0.352941176471,0.411764705882,0.235294117647,17,0.128676470588,1.90196078431,4.11764705882,3.18181818182,2.69230769231,1.57648156274,0.382859808093,0.201680672269,2.01465221053,0.978545359402,0.524369747899,1.74894926439,0.849489642704,0.463865546218,0.814492905316,0.428238537847,2.33333333333,1.90196078431,0.814492905316,2.33333333333,0,0,0,0,0.164242424242,17,17,17,1,0,0.352941176471,0.411764705882,0.235294117647,17,37,0.136029411765,1.88235294118,4.35294117647,3.36363636364,2.84615384615,1.69341284359,0.389027274878,0.193958664547,2.09866904602,0.964253345467,0.518282988871,1.87867287326,0.863174022847,0.470588235294,0.786197569093,0.41766745858,2.25,1.88235294118,0.786197569093,2.25,0.166339869281,0.0612244897959,3,0.00441176470588,0.185952380952,17,17,17,1,0,0.352941176471,0.411764705882,0.235294117647,0,0,0,0,0,0,0,0,0,0,0,0,0,0,0,0,0,0,0,0,0,0,0,0,0,0,0,0,0,37,0,0,235,1,1,0,0,1,1,1,1,1,1,2,2,0,0,0,0
264,WLNM_dir_neg,1,0.5,00:00:12,10,10,30,1979945703,threshold_sweep,0.3,1,1,1,2,0,0,4,1,1,0,0,1,1,1,1,0.555555555556,1,1,1,37,35,2,0,37,0,35,0,2,17,37,0.136029411765,1.88235294118,4.35294117647,3.36363636364,2.84615384615,1.69341284359,0.389027274878,0.193958664547,2.09866904602,0.964253345467,0.518282988871,1.87867287326,0.863174022847,0.470588235294,0.786197569093,0.41766745858,2.25,1.88235294118,0.786197569093,2.25,0.166339869281,0.0612244897959,3,0.00441176470588,0.185952380952,17,17,17,1,0,0.352941176471,0.411764705882,0.235294117647,17,0.128676470588,1.90196078431,4.11764705882,3.18181818182,2.69230769231,1.57648156274,0.382859808093,0.201680672269,2.01465221053,0.978545359402,0.524369747899,1.74894926439,0.849489642704,0.463865546218,0.814492905316,0.428238537847,2.33333333333,1.90196078431,0.814492905316,2.33333333333,0,0,0,0,0.164242424242,17,17,17,1,0,0.352941176471,0.411764705882,0.235294117647,17,37,0.136029411765,1.88235294118,4.35294117647,3.36363636364,2.84615384615,1.69341284359,0.389027274878,0.193958664547,2.09866904602,0.964253345467,0.518282988871,1.87867287326,0.863174022847,0.470588235294,0.786197569093,0.41766745858,2.25,1.88235294118,0.786197569093,2.25,0.166339869281,0.0612244897959,3,0.00441176470588,0.185952380952,17,17,17,1,0,0.352941176471,0.411764705882,0.235294117647,0,0,0,0,0,0,0,0,0,0,0,0,0,0,0,0,0,0,0,0,0,0,0,0,0,0,0,0,0,37,0,0,235,1,1,0,0,1,1,1,1,1,1,2,2,0,0,0,0
265,WLNM_dir_neg,1,0.5,00:00:12,10,10,30,1979945703,threshold_sweep,0.4,1,1,1,2,0,0,4,1,1,0,0,1,1,1,1,0.555555555556,1,1,1,37,35,2,0,37,0,35,0,2,17,37,0.136029411765,1.88235294118,4.35294117647,3.36363636364,2.84615384615,1.69341284359,0.389027274878,0.193958664547,2.09866904602,0.964253345467,0.518282988871,1.87867287326,0.863174022847,0.470588235294,0.786197569093,0.41766745858,2.25,1.88235294118,0.786197569093,2.25,0.166339869281,0.0612244897959,3,0.00441176470588,0.185952380952,17,17,17,1,0,0.352941176471,0.411764705882,0.235294117647,17,0.128676470588,1.90196078431,4.11764705882,3.18181818182,2.69230769231,1.57648156274,0.382859808093,0.201680672269,2.01465221053,0.978545359402,0.524369747899,1.74894926439,0.849489642704,0.463865546218,0.814492905316,0.428238537847,2.33333333333,1.90196078431,0.814492905316,2.33333333333,0,0,0,0,0.164242424242,17,17,17,1,0,0.352941176471,0.411764705882,0.235294117647,17,37,0.136029411765,1.88235294118,4.35294117647,3.36363636364,2.84615384615,1.69341284359,0.389027274878,0.193958664547,2.09866904602,0.964253345467,0.518282988871,1.87867287326,0.863174022847,0.470588235294,0.786197569093,0.41766745858,2.25,1.88235294118,0.786197569093,2.25,0.166339869281,0.0612244897959,3,0.00441176470588,0.185952380952,17,17,17,1,0,0.352941176471,0.411764705882,0.235294117647,0,0,0,0,0,0,0,0,0,0,0,0,0,0,0,0,0,0,0,0,0,0,0,0,0,0,0,0,0,37,0,0,235,1,1,0,0,1,1,1,1,1,1,2,2,0,0,0,0
266,WLNM_dir_neg,1,0.5,00:00:12,10,10,30,1979945703,threshold_sweep,0.5,1,1,1,2,0,0,4,1,1,0,0,1,1,1,1,0.555555555556,1,1,1,37,35,2,0,37,0,35,0,2,17,37,0.136029411765,1.88235294118,4.35294117647,3.36363636364,2.84615384615,1.69341284359,0.389027274878,0.193958664547,2.09866904602,0.964253345467,0.518282988871,1.87867287326,0.863174022847,0.470588235294,0.786197569093,0.41766745858,2.25,1.88235294118,0.786197569093,2.25,0.166339869281,0.0612244897959,3,0.00441176470588,0.185952380952,17,17,17,1,0,0.352941176471,0.411764705882,0.235294117647,17,0.128676470588,1.90196078431,4.11764705882,3.18181818182,2.69230769231,1.57648156274,0.382859808093,0.201680672269,2.01465221053,0.978545359402,0.524369747899,1.74894926439,0.849489642704,0.463865546218,0.814492905316,0.428238537847,2.33333333333,1.90196078431,0.814492905316,2.33333333333,0,0,0,0,0.164242424242,17,17,17,1,0,0.352941176471,0.411764705882,0.235294117647,17,37,0.136029411765,1.88235294118,4.35294117647,3.36363636364,2.84615384615,1.69341284359,0.389027274878,0.193958664547,2.09866904602,0.964253345467,0.518282988871,1.87867287326,0.863174022847,0.470588235294,0.786197569093,0.41766745858,2.25,1.88235294118,0.786197569093,2.25,0.166339869281,0.0612244897959,3,0.00441176470588,0.185952380952,17,17,17,1,0,0.352941176471,0.411764705882,0.235294117647,0,0,0,0,0,0,0,0,0,0,0,0,0,0,0,0,0,0,0,0,0,0,0,0,0,0,0,0,0,37,0,0,235,1,1,0,0,1,1,1,1,1,1,2,2,0,0,0,0
267,WLNM_dir_neg,1,0.5,00:00:12,10,10,30,1979945703,threshold_sweep,0.6,1,1,1,2,0,0,4,1,1,0,0,1,1,1,1,0.555555555556,1,1,1,37,35,2,0,37,0,35,0,2,17,37,0.136029411765,1.88235294118,4.35294117647,3.36363636364,2.84615384615,1.69341284359,0.389027274878,0.193958664547,2.09866904602,0.964253345467,0.518282988871,1.87867287326,0.863174022847,0.470588235294,0.786197569093,0.41766745858,2.25,1.88235294118,0.786197569093,2.25,0.166339869281,0.0612244897959,3,0.00441176470588,0.185952380952,17,17,17,1,0,0.352941176471,0.411764705882,0.235294117647,17,0.128676470588,1.90196078431,4.11764705882,3.18181818182,2.69230769231,1.57648156274,0.382859808093,0.201680672269,2.01465221053,0.978545359402,0.524369747899,1.74894926439,0.849489642704,0.463865546218,0.814492905316,0.428238537847,2.33333333333,1.90196078431,0.814492905316,2.33333333333,0,0,0,0,0.164242424242,17,17,17,1,0,0.352941176471,0.411764705882,0.235294117647,17,37,0.136029411765,1.88235294118,4.35294117647,3.36363636364,2.84615384615,1.69341284359,0.389027274878,0.193958664547,2.09866904602,0.964253345467,0.518282988871,1.87867287326,0.863174022847,0.470588235294,0.786197569093,0.41766745858,2.25,1.88235294118,0.786197569093,2.25,0.166339869281,0.0612244897959,3,0.00441176470588,0.185952380952,17,17,17,1,0,0.352941176471,0.411764705882,0.235294117647,0,0,0,0,0,0,0,0,0,0,0,0,0,0,0,0,0,0,0,0,0,0,0,0,0,0,0,0,0,37,0,0,235,1,1,0,0,1,1,1,1,1,1,2,2,0,0,0,0
268,WLNM_dir_neg,1,0.5,00:00:12,10,10,30,1979945703,threshold_sweep,0.7,1,1,1,2,0,0,4,1,1,0,0,1,1,1,1,0.555555555556,1,1,1,37,35,2,0,37,0,35,0,2,17,37,0.136029411765,1.88235294118,4.35294117647,3.36363636364,2.84615384615,1.69341284359,0.389027274878,0.193958664547,2.09866904602,0.964253345467,0.518282988871,1.87867287326,0.863174022847,0.470588235294,0.786197569093,0.41766745858,2.25,1.88235294118,0.786197569093,2.25,0.166339869281,0.0612244897959,3,0.00441176470588,0.185952380952,17,17,17,1,0,0.352941176471,0.411764705882,0.235294117647,17,0.128676470588,1.90196078431,4.11764705882,3.18181818182,2.69230769231,1.57648156274,0.382859808093,0.201680672269,2.01465221053,0.978545359402,0.524369747899,1.74894926439,0.849489642704,0.463865546218,0.814492905316,0.428238537847,2.33333333333,1.90196078431,0.814492905316,2.33333333333,0,0,0,0,0.164242424242,17,17,17,1,0,0.352941176471,0.411764705882,0.235294117647,17,37,0.136029411765,1.88235294118,4.35294117647,3.36363636364,2.84615384615,1.69341284359,0.389027274878,0.193958664547,2.09866904602,0.964253345467,0.518282988871,1.87867287326,0.863174022847,0.470588235294,0.786197569093,0.41766745858,2.25,1.88235294118,0.786197569093,2.25,0.166339869281,0.0612244897959,3,0.00441176470588,0.185952380952,17,17,17,1,0,0.352941176471,0.411764705882,0.235294117647,0,0,0,0,0,0,0,0,0,0,0,0,0,0,0,0,0,0,0,0,0,0,0,0,0,0,0,0,0,37,0,0,235,1,1,0,0,1,1,1,1,1,1,2,2,0,0,0,0
269,WLNM_dir_neg,1,0.5,00:00:12,10,10,30,1979945703,threshold_sweep,0.8,1,1,1,2,0,0,4,1,1,0,0,1,1,1,1,0.555555555556,1,1,1,37,35,2,0,37,0,35,0,2,17,37,0.136029411765,1.88235294118,4.35294117647,3.36363636364,2.84615384615,1.69341284359,0.389027274878,0.193958664547,2.09866904602,0.964253345467,0.518282988871,1.87867287326,0.863174022847,0.470588235294,0.786197569093,0.41766745858,2.25,1.88235294118,0.786197569093,2.25,0.166339869281,0.0612244897959,3,0.00441176470588,0.185952380952,17,17,17,1,0,0.352941176471,0.411764705882,0.235294117647,17,0.128676470588,1.90196078431,4.11764705882,3.18181818182,2.69230769231,1.57648156274,0.382859808093,0.201680672269,2.01465221053,0.978545359402,0.524369747899,1.74894926439,0.849489642704,0.463865546218,0.814492905316,0.428238537847,2.33333333333,1.90196078431,0.814492905316,2.33333333333,0,0,0,0,0.164242424242,17,17,17,1,0,0.352941176471,0.411764705882,0.235294117647,17,37,0.136029411765,1.88235294118,4.35294117647,3.36363636364,2.84615384615,1.69341284359,0.389027274878,0.193958664547,2.09866904602,0.964253345467,0.518282988871,1.87867287326,0.863174022847,0.470588235294,0.786197569093,0.41766745858,2.25,1.88235294118,0.786197569093,2.25,0.166339869281,0.0612244897959,3,0.00441176470588,0.185952380952,17,17,17,1,0,0.352941176471,0.411764705882,0.235294117647,0,0,0,0,0,0,0,0,0,0,0,0,0,0,0,0,0,0,0,0,0,0,0,0,0,0,0,0,0,37,0,0,235,1,1,0,0,1,1,1,1,1,1,2,2,0,0,0,0
270,WLNM_dir_neg,1,0.5,00:00:12,10,10,30,1979945703,threshold_sweep,0.9,1,1,1,2,0,0,4,1,1,0,0,1,1,1,1,0.555555555556,1,1,1,37,35,2,0,37,0,35,0,2,17,37,0.136029411765,1.88235294118,4.35294117647,3.36363636364,2.84615384615,1.69341284359,0.389027274878,0.193958664547,2.09866904602,0.964253345467,0.518282988871,1.87867287326,0.863174022847,0.470588235294,0.786197569093,0.41766745858,2.25,1.88235294118,0.786197569093,2.25,0.166339869281,0.0612244897959,3,0.00441176470588,0.185952380952,17,17,17,1,0,0.352941176471,0.411764705882,0.235294117647,17,0.128676470588,1.90196078431,4.11764705882,3.18181818182,2.69230769231,1.57648156274,0.382859808093,0.201680672269,2.01465221053,0.978545359402,0.524369747899,1.74894926439,0.849489642704,0.463865546218,0.814492905316,0.428238537847,2.33333333333,1.90196078431,0.814492905316,2.33333333333,0,0,0,0,0.164242424242,17,17,17,1,0,0.352941176471,0.411764705882,0.235294117647,17,37,0.136029411765,1.88235294118,4.35294117647,3.36363636364,2.84615384615,1.69341284359,0.389027274878,0.193958664547,2.09866904602,0.964253345467,0.518282988871,1.87867287326,0.863174022847,0.470588235294,0.786197569093,0.41766745858,2.25,1.88235294118,0.786197569093,2.25,0.166339869281,0.0612244897959,3,0.00441176470588,0.185952380952,17,17,17,1,0,0.352941176471,0.411764705882,0.235294117647,0,0,0,0,0,0,0,0,0,0,0,0,0,0,0,0,0,0,0,0,0,0,0,0,0,0,0,0,0,37,0,0,235,1,1,0,0,1,1,1,1,1,1,2,2,0,0,0,0
271,WLNM_dir_neg,1,0.5,00:00:12,10,10,31,1979945704,threshold_sweep,0.1,1,1,1,2,0,0,4,1,1,0,0,1,1,1,1,0.555555555556,1,1,1,37,35,2,0,37,0,35,0,2,17,37,0.136029411765,1.88235294118,4.35294117647,3.36363636364,2.84615384615,1.69341284359,0.389027274878,0.193958664547,2.09866904602,0.964253345467,0.518282988871,1.87867287326,0.863174022847,0.470588235294,0.786197569093,0.41766745858,2.25,1.88235294118,0.786197569093,2.25,0.166339869281,0.0612244897959,3,0.00441176470588,0.185952380952,17,17,17,1,0,0.352941176471,0.411764705882,0.235294117647,17,0.128676470588,1.90196078431,4.11764705882,3.18181818182,2.69230769231,1.57648156274,0.382859808093,0.201680672269,2.01465221053,0.978545359402,0.524369747899,1.74894926439,0.849489642704,0.463865546218,0.814492905316,0.428238537847,2.33333333333,1.90196078431,0.814492905316,2.33333333333,0,0,0,0,0.164242424242,17,17,17,1,0,0.352941176471,0.411764705882,0.235294117647,17,37,0.136029411765,1.88235294118,4.35294117647,3.36363636364,2.84615384615,1.69341284359,0.389027274878,0.193958664547,2.09866904602,0.964253345467,0.518282988871,1.87867287326,0.863174022847,0.470588235294,0.786197569093,0.41766745858,2.25,1.88235294118,0.786197569093,2.25,0.166339869281,0.0612244897959,3,0.00441176470588,0.185952380952,17,17,17,1,0,0.352941176471,0.411764705882,0.235294117647,0,0,0,0,0,0,0,0,0,0,0,0,0,0,0,0,0,0,0,0,0,0,0,0,0,0,0,0,0,37,0,0,235,1,1,0,0,1,1,1,1,1,1,2,2,0,0,0,0
272,WLNM_dir_neg,1,0.5,00:00:12,10,10,31,1979945704,threshold_sweep,0.2,1,1,1,2,0,0,4,1,1,0,0,1,1,1,1,0.555555555556,1,1,1,37,35,2,0,37,0,35,0,2,17,37,0.136029411765,1.88235294118,4.35294117647,3.36363636364,2.84615384615,1.69341284359,0.389027274878,0.193958664547,2.09866904602,0.964253345467,0.518282988871,1.87867287326,0.863174022847,0.470588235294,0.786197569093,0.41766745858,2.25,1.88235294118,0.786197569093,2.25,0.166339869281,0.0612244897959,3,0.00441176470588,0.185952380952,17,17,17,1,0,0.352941176471,0.411764705882,0.235294117647,17,0.128676470588,1.90196078431,4.11764705882,3.18181818182,2.69230769231,1.57648156274,0.382859808093,0.201680672269,2.01465221053,0.978545359402,0.524369747899,1.74894926439,0.849489642704,0.463865546218,0.814492905316,0.428238537847,2.33333333333,1.90196078431,0.814492905316,2.33333333333,0,0,0,0,0.164242424242,17,17,17,1,0,0.352941176471,0.411764705882,0.235294117647,17,37,0.136029411765,1.88235294118,4.35294117647,3.36363636364,2.84615384615,1.69341284359,0.389027274878,0.193958664547,2.09866904602,0.964253345467,0.518282988871,1.87867287326,0.863174022847,0.470588235294,0.786197569093,0.41766745858,2.25,1.88235294118,0.786197569093,2.25,0.166339869281,0.0612244897959,3,0.00441176470588,0.185952380952,17,17,17,1,0,0.352941176471,0.411764705882,0.235294117647,0,0,0,0,0,0,0,0,0,0,0,0,0,0,0,0,0,0,0,0,0,0,0,0,0,0,0,0,0,37,0,0,235,1,1,0,0,1,1,1,1,1,1,2,2,0,0,0,0
273,WLNM_dir_neg,1,0.5,00:00:12,10,10,31,1979945704,threshold_sweep,0.3,1,1,1,2,0,0,4,1,1,0,0,1,1,1,1,0.555555555556,1,1,1,37,35,2,0,37,0,35,0,2,17,37,0.136029411765,1.88235294118,4.35294117647,3.36363636364,2.84615384615,1.69341284359,0.389027274878,0.193958664547,2.09866904602,0.964253345467,0.518282988871,1.87867287326,0.863174022847,0.470588235294,0.786197569093,0.41766745858,2.25,1.88235294118,0.786197569093,2.25,0.166339869281,0.0612244897959,3,0.00441176470588,0.185952380952,17,17,17,1,0,0.352941176471,0.411764705882,0.235294117647,17,0.128676470588,1.90196078431,4.11764705882,3.18181818182,2.69230769231,1.57648156274,0.382859808093,0.201680672269,2.01465221053,0.978545359402,0.524369747899,1.74894926439,0.849489642704,0.463865546218,0.814492905316,0.428238537847,2.33333333333,1.90196078431,0.814492905316,2.33333333333,0,0,0,0,0.164242424242,17,17,17,1,0,0.352941176471,0.411764705882,0.235294117647,17,37,0.136029411765,1.88235294118,4.35294117647,3.36363636364,2.84615384615,1.69341284359,0.389027274878,0.193958664547,2.09866904602,0.964253345467,0.518282988871,1.87867287326,0.863174022847,0.470588235294,0.786197569093,0.41766745858,2.25,1.88235294118,0.786197569093,2.25,0.166339869281,0.0612244897959,3,0.00441176470588,0.185952380952,17,17,17,1,0,0.352941176471,0.411764705882,0.235294117647,0,0,0,0,0,0,0,0,0,0,0,0,0,0,0,0,0,0,0,0,0,0,0,0,0,0,0,0,0,37,0,0,235,1,1,0,0,1,1,1,1,1,1,2,2,0,0,0,0
274,WLNM_dir_neg,1,0.5,00:00:12,10,10,31,1979945704,threshold_sweep,0.4,1,1,1,2,0,0,4,1,1,0,0,1,1,1,1,0.555555555556,1,1,1,37,35,2,0,37,0,35,0,2,17,37,0.136029411765,1.88235294118,4.35294117647,3.36363636364,2.84615384615,1.69341284359,0.389027274878,0.193958664547,2.09866904602,0.964253345467,0.518282988871,1.87867287326,0.863174022847,0.470588235294,0.786197569093,0.41766745858,2.25,1.88235294118,0.786197569093,2.25,0.166339869281,0.0612244897959,3,0.00441176470588,0.185952380952,17,17,17,1,0,0.352941176471,0.411764705882,0.235294117647,17,0.128676470588,1.90196078431,4.11764705882,3.18181818182,2.69230769231,1.57648156274,0.382859808093,0.201680672269,2.01465221053,0.978545359402,0.524369747899,1.74894926439,0.849489642704,0.463865546218,0.814492905316,0.428238537847,2.33333333333,1.90196078431,0.814492905316,2.33333333333,0,0,0,0,0.164242424242,17,17,17,1,0,0.352941176471,0.411764705882,0.235294117647,17,37,0.136029411765,1.88235294118,4.35294117647,3.36363636364,2.84615384615,1.69341284359,0.389027274878,0.193958664547,2.09866904602,0.964253345467,0.518282988871,1.87867287326,0.863174022847,0.470588235294,0.786197569093,0.41766745858,2.25,1.88235294118,0.786197569093,2.25,0.166339869281,0.0612244897959,3,0.00441176470588,0.185952380952,17,17,17,1,0,0.352941176471,0.411764705882,0.235294117647,0,0,0,0,0,0,0,0,0,0,0,0,0,0,0,0,0,0,0,0,0,0,0,0,0,0,0,0,0,37,0,0,235,1,1,0,0,1,1,1,1,1,1,2,2,0,0,0,0
275,WLNM_dir_neg,1,0.5,00:00:12,10,10,31,1979945704,threshold_sweep,0.5,1,1,1,2,0,0,4,1,1,0,0,1,1,1,1,0.555555555556,1,1,1,37,35,2,0,37,0,35,0,2,17,37,0.136029411765,1.88235294118,4.35294117647,3.36363636364,2.84615384615,1.69341284359,0.389027274878,0.193958664547,2.09866904602,0.964253345467,0.518282988871,1.87867287326,0.863174022847,0.470588235294,0.786197569093,0.41766745858,2.25,1.88235294118,0.786197569093,2.25,0.166339869281,0.0612244897959,3,0.00441176470588,0.185952380952,17,17,17,1,0,0.352941176471,0.411764705882,0.235294117647,17,0.128676470588,1.90196078431,4.11764705882,3.18181818182,2.69230769231,1.57648156274,0.382859808093,0.201680672269,2.01465221053,0.978545359402,0.524369747899,1.74894926439,0.849489642704,0.463865546218,0.814492905316,0.428238537847,2.33333333333,1.90196078431,0.814492905316,2.33333333333,0,0,0,0,0.164242424242,17,17,17,1,0,0.352941176471,0.411764705882,0.235294117647,17,37,0.136029411765,1.88235294118,4.35294117647,3.36363636364,2.84615384615,1.69341284359,0.389027274878,0.193958664547,2.09866904602,0.964253345467,0.518282988871,1.87867287326,0.863174022847,0.470588235294,0.786197569093,0.41766745858,2.25,1.88235294118,0.786197569093,2.25,0.166339869281,0.0612244897959,3,0.00441176470588,0.185952380952,17,17,17,1,0,0.352941176471,0.411764705882,0.235294117647,0,0,0,0,0,0,0,0,0,0,0,0,0,0,0,0,0,0,0,0,0,0,0,0,0,0,0,0,0,37,0,0,235,1,1,0,0,1,1,1,1,1,1,2,2,0,0,0,0
276,WLNM_dir_neg,1,0.5,00:00:12,10,10,31,1979945704,threshold_sweep,0.6,1,1,1,2,0,0,4,1,1,0,0,1,1,1,1,0.555555555556,1,1,1,37,35,2,0,37,0,35,0,2,17,37,0.136029411765,1.88235294118,4.35294117647,3.36363636364,2.84615384615,1.69341284359,0.389027274878,0.193958664547,2.09866904602,0.964253345467,0.518282988871,1.87867287326,0.863174022847,0.470588235294,0.786197569093,0.41766745858,2.25,1.88235294118,0.786197569093,2.25,0.166339869281,0.0612244897959,3,0.00441176470588,0.185952380952,17,17,17,1,0,0.352941176471,0.411764705882,0.235294117647,17,0.128676470588,1.90196078431,4.11764705882,3.18181818182,2.69230769231,1.57648156274,0.382859808093,0.201680672269,2.01465221053,0.978545359402,0.524369747899,1.74894926439,0.849489642704,0.463865546218,0.814492905316,0.428238537847,2.33333333333,1.90196078431,0.814492905316,2.33333333333,0,0,0,0,0.164242424242,17,17,17,1,0,0.352941176471,0.411764705882,0.235294117647,17,37,0.136029411765,1.88235294118,4.35294117647,3.36363636364,2.84615384615,1.69341284359,0.389027274878,0.193958664547,2.09866904602,0.964253345467,0.518282988871,1.87867287326,0.863174022847,0.470588235294,0.786197569093,0.41766745858,2.25,1.88235294118,0.786197569093,2.25,0.166339869281,0.0612244897959,3,0.00441176470588,0.185952380952,17,17,17,1,0,0.352941176471,0.411764705882,0.235294117647,0,0,0,0,0,0,0,0,0,0,0,0,0,0,0,0,0,0,0,0,0,0,0,0,0,0,0,0,0,37,0,0,235,1,1,0,0,1,1,1,1,1,1,2,2,0,0,0,0
277,WLNM_dir_neg,1,0.5,00:00:12,10,10,31,1979945704,threshold_sweep,0.7,1,1,1,2,0,0,4,1,1,0,0,1,1,1,1,0.555555555556,1,1,1,37,35,2,0,37,0,35,0,2,17,37,0.136029411765,1.88235294118,4.35294117647,3.36363636364,2.84615384615,1.69341284359,0.389027274878,0.193958664547,2.09866904602,0.964253345467,0.518282988871,1.87867287326,0.863174022847,0.470588235294,0.786197569093,0.41766745858,2.25,1.88235294118,0.786197569093,2.25,0.166339869281,0.0612244897959,3,0.00441176470588,0.185952380952,17,17,17,1,0,0.352941176471,0.411764705882,0.235294117647,17,0.128676470588,1.90196078431,4.11764705882,3.18181818182,2.69230769231,1.57648156274,0.382859808093,0.201680672269,2.01465221053,0.978545359402,0.524369747899,1.74894926439,0.849489642704,0.463865546218,0.814492905316,0.428238537847,2.33333333333,1.90196078431,0.814492905316,2.33333333333,0,0,0,0,0.164242424242,17,17,17,1,0,0.352941176471,0.411764705882,0.235294117647,17,37,0.136029411765,1.88235294118,4.35294117647,3.36363636364,2.84615384615,1.69341284359,0.389027274878,0.193958664547,2.09866904602,0.964253345467,0.518282988871,1.87867287326,0.863174022847,0.470588235294,0.786197569093,0.41766745858,2.25,1.88235294118,0.786197569093,2.25,0.166339869281,0.0612244897959,3,0.00441176470588,0.185952380952,17,17,17,1,0,0.352941176471,0.411764705882,0.235294117647,0,0,0,0,0,0,0,0,0,0,0,0,0,0,0,0,0,0,0,0,0,0,0,0,0,0,0,0,0,37,0,0,235,1,1,0,0,1,1,1,1,1,1,2,2,0,0,0,0
278,WLNM_dir_neg,1,0.5,00:00:12,10,10,31,1979945704,threshold_sweep,0.8,1,1,1,2,0,0,4,1,1,0,0,1,1,1,1,0.555555555556,1,1,1,37,35,2,0,37,0,35,0,2,17,37,0.136029411765,1.88235294118,4.35294117647,3.36363636364,2.84615384615,1.69341284359,0.389027274878,0.193958664547,2.09866904602,0.964253345467,0.518282988871,1.87867287326,0.863174022847,0.470588235294,0.786197569093,0.41766745858,2.25,1.88235294118,0.786197569093,2.25,0.166339869281,0.0612244897959,3,0.00441176470588,0.185952380952,17,17,17,1,0,0.352941176471,0.411764705882,0.235294117647,17,0.128676470588,1.90196078431,4.11764705882,3.18181818182,2.69230769231,1.57648156274,0.382859808093,0.201680672269,2.01465221053,0.978545359402,0.524369747899,1.74894926439,0.849489642704,0.463865546218,0.814492905316,0.428238537847,2.33333333333,1.90196078431,0.814492905316,2.33333333333,0,0,0,0,0.164242424242,17,17,17,1,0,0.352941176471,0.411764705882,0.235294117647,17,37,0.136029411765,1.88235294118,4.35294117647,3.36363636364,2.84615384615,1.69341284359,0.389027274878,0.193958664547,2.09866904602,0.964253345467,0.518282988871,1.87867287326,0.863174022847,0.470588235294,0.786197569093,0.41766745858,2.25,1.88235294118,0.786197569093,2.25,0.166339869281,0.0612244897959,3,0.00441176470588,0.185952380952,17,17,17,1,0,0.352941176471,0.411764705882,0.235294117647,0,0,0,0,0,0,0,0,0,0,0,0,0,0,0,0,0,0,0,0,0,0,0,0,0,0,0,0,0,37,0,0,235,1,1,0,0,1,1,1,1,1,1,2,2,0,0,0,0
279,WLNM_dir_neg,1,0.5,00:00:12,10,10,31,1979945704,threshold_sweep,0.9,1,0.5,0.666666666667,1,0,1,4,0.5,1,0,0.5,1,0.5,0.666666666667,0.833333333333,0.611111111111,0.571428571429,0.632455532034,0.5,37,35,2,0,37,0,35,0,2,17,37,0.136029411765,1.88235294118,4.35294117647,3.36363636364,2.84615384615,1.69341284359,0.389027274878,0.193958664547,2.09866904602,0.964253345467,0.518282988871,1.87867287326,0.863174022847,0.470588235294,0.786197569093,0.41766745858,2.25,1.88235294118,0.786197569093,2.25,0.166339869281,0.0612244897959,3,0.00441176470588,0.185952380952,17,17,17,1,0,0.352941176471,0.411764705882,0.235294117647,17,0.128676470588,1.90196078431,4.11764705882,3.18181818182,2.69230769231,1.57648156274,0.382859808093,0.201680672269,2.01465221053,0.978545359402,0.524369747899,1.74894926439,0.849489642704,0.463865546218,0.814492905316,0.428238537847,2.33333333333,1.90196078431,0.814492905316,2.33333333333,0,0,0,0,0.164242424242,17,17,17,1,0,0.352941176471,0.411764705882,0.235294117647,17,36,0.132352941176,1.89705882353,4.23529411765,3.27272727273,2.76923076923,1.71498585143,0.40492721492,0.204248366013,2.05798302171,0.971825315808,0.522875816993,1.79869233546,0.849382491746,0.464052287582,0.805541469338,0.424626510969,2.25,1.89705882353,0.805541469338,2.25,0.0702614379085,0.0214285714286,1,0.00147058823529,0.175454545455,17,17,17,1,0,0.352941176471,0.411764705882,0.235294117647,-1,-0.00367647058824,0.0147058823529,-0.117647058824,-0.0909090909091,-0.0769230769231,0.0215730078386,0.0158999400418,0.0102897014662,-0.0406860243059,0.00757197034072,0.00459282812224,-0.0799805377942,-0.0137915311015,-0.00653594771242,0.0193439002456,0.00695905238854,0,0.0147058823529,0.0193439002456,0,-0.0960784313725,-0.0397959183673,-2,-0.00294117647059,-0.0104978354978,0,0,0,36,0,1,235,0.972972972973,1,0,0.027027027027,1,0.972972972973,0.986301369863,0.984301887704,0.972972972973,0.972972972973,1,2,0,0,0,0
280,WLNM_dir_neg,1,0.5,00:00:12,10,10,32,1979945705,threshold_sweep,0.1,1,1,1,2,0,0,4,1,1,0,0,1,1,1,1,0.555555555556,1,1,1,37,35,2,0,37,0,35,0,2,17,37,0.136029411765,1.88235294118,4.35294117647,3.36363636364,2.84615384615,1.69341284359,0.389027274878,0.193958664547,2.09866904602,0.964253345467,0.518282988871,1.87867287326,0.863174022847,0.470588235294,0.786197569093,0.41766745858,2.25,1.88235294118,0.786197569093,2.25,0.166339869281,0.0612244897959,3,0.00441176470588,0.185952380952,17,17,17,1,0,0.352941176471,0.411764705882,0.235294117647,17,0.128676470588,1.90196078431,4.11764705882,3.18181818182,2.69230769231,1.57648156274,0.382859808093,0.201680672269,2.01465221053,0.978545359402,0.524369747899,1.74894926439,0.849489642704,0.463865546218,0.814492905316,0.428238537847,2.33333333333,1.90196078431,0.814492905316,2.33333333333,0,0,0,0,0.164242424242,17,17,17,1,0,0.352941176471,0.411764705882,0.235294117647,17,37,0.136029411765,1.88235294118,4.35294117647,3.36363636364,2.84615384615,1.69341284359,0.389027274878,0.193958664547,2.09866904602,0.964253345467,0.518282988871,1.87867287326,0.863174022847,0.470588235294,0.786197569093,0.41766745858,2.25,1.88235294118,0.786197569093,2.25,0.166339869281,0.0612244897959,3,0.00441176470588,0.185952380952,17,17,17,1,0,0.352941176471,0.411764705882,0.235294117647,0,0,0,0,0,0,0,0,0,0,0,0,0,0,0,0,0,0,0,0,0,0,0,0,0,0,0,0,0,37,0,0,235,1,1,0,0,1,1,1,1,1,1,2,2,0,0,0,0
281,WLNM_dir_neg,1,0.5,00:00:12,10,10,32,1979945705,threshold_sweep,0.2,1,1,1,2,0,0,4,1,1,0,0,1,1,1,1,0.555555555556,1,1,1,37,35,2,0,37,0,35,0,2,17,37,0.136029411765,1.88235294118,4.35294117647,3.36363636364,2.84615384615,1.69341284359,0.389027274878,0.193958664547,2.09866904602,0.964253345467,0.518282988871,1.87867287326,0.863174022847,0.470588235294,0.786197569093,0.41766745858,2.25,1.88235294118,0.786197569093,2.25,0.166339869281,0.0612244897959,3,0.00441176470588,0.185952380952,17,17,17,1,0,0.352941176471,0.411764705882,0.235294117647,17,0.128676470588,1.90196078431,4.11764705882,3.18181818182,2.69230769231,1.57648156274,0.382859808093,0.201680672269,2.01465221053,0.978545359402,0.524369747899,1.74894926439,0.849489642704,0.463865546218,0.814492905316,0.428238537847,2.33333333333,1.90196078431,0.814492905316,2.33333333333,0,0,0,0,0.164242424242,17,17,17,1,0,0.352941176471,0.411764705882,0.235294117647,17,37,0.136029411765,1.88235294118,4.35294117647,3.36363636364,2.84615384615,1.69341284359,0.389027274878,0.193958664547,2.09866904602,0.964253345467,0.518282988871,1.87867287326,0.863174022847,0.470588235294,0.786197569093,0.41766745858,2.25,1.88235294118,0.786197569093,2.25,0.166339869281,0.0612244897959,3,0.00441176470588,0.185952380952,17,17,17,1,0,0.352941176471,0.411764705882,0.235294117647,0,0,0,0,0,0,0,0,0,0,0,0,0,0,0,0,0,0,0,0,0,0,0,0,0,0,0,0,0,37,0,0,235,1,1,0,0,1,1,1,1,1,1,2,2,0,0,0,0
282,WLNM_dir_neg,1,0.5,00:00:12,10,10,32,1979945705,threshold_sweep,0.3,1,1,1,2,0,0,4,1,1,0,0,1,1,1,1,0.555555555556,1,1,1,37,35,2,0,37,0,35,0,2,17,37,0.136029411765,1.88235294118,4.35294117647,3.36363636364,2.84615384615,1.69341284359,0.389027274878,0.193958664547,2.09866904602,0.964253345467,0.518282988871,1.87867287326,0.863174022847,0.470588235294,0.786197569093,0.41766745858,2.25,1.88235294118,0.786197569093,2.25,0.166339869281,0.0612244897959,3,0.00441176470588,0.185952380952,17,17,17,1,0,0.352941176471,0.411764705882,0.235294117647,17,0.128676470588,1.90196078431,4.11764705882,3.18181818182,2.69230769231,1.57648156274,0.382859808093,0.201680672269,2.01465221053,0.978545359402,0.524369747899,1.74894926439,0.849489642704,0.463865546218,0.814492905316,0.428238537847,2.33333333333,1.90196078431,0.814492905316,2.33333333333,0,0,0,0,0.164242424242,17,17,17,1,0,0.352941176471,0.411764705882,0.235294117647,17,37,0.136029411765,1.88235294118,4.35294117647,3.36363636364,2.84615384615,1.69341284359,0.389027274878,0.193958664547,2.09866904602,0.964253345467,0.518282988871,1.87867287326,0.863174022847,0.470588235294,0.786197569093,0.41766745858,2.25,1.88235294118,0.786197569093,2.25,0.166339869281,0.0612244897959,3,0.00441176470588,0.185952380952,17,17,17,1,0,0.352941176471,0.411764705882,0.235294117647,0,0,0,0,0,0,0,0,0,0,0,0,0,0,0,0,0,0,0,0,0,0,0,0,0,0,0,0,0,37,0,0,235,1,1,0,0,1,1,1,1,1,1,2,2,0,0,0,0
283,WLNM_dir_neg,1,0.5,00:00:12,10,10,32,1979945705,threshold_sweep,0.4,1,1,1,2,0,0,4,1,1,0,0,1,1,1,1,0.555555555556,1,1,1,37,35,2,0,37,0,35,0,2,17,37,0.136029411765,1.88235294118,4.35294117647,3.36363636364,2.84615384615,1.69341284359,0.389027274878,0.193958664547,2.09866904602,0.964253345467,0.518282988871,1.87867287326,0.863174022847,0.470588235294,0.786197569093,0.41766745858,2.25,1.88235294118,0.786197569093,2.25,0.166339869281,0.0612244897959,3,0.00441176470588,0.185952380952,17,17,17,1,0,0.352941176471,0.411764705882,0.235294117647,17,0.128676470588,1.90196078431,4.11764705882,3.18181818182,2.69230769231,1.57648156274,0.382859808093,0.201680672269,2.01465221053,0.978545359402,0.524369747899,1.74894926439,0.849489642704,0.463865546218,0.814492905316,0.428238537847,2.33333333333,1.90196078431,0.814492905316,2.33333333333,0,0,0,0,0.164242424242,17,17,17,1,0,0.352941176471,0.411764705882,0.235294117647,17,37,0.136029411765,1.88235294118,4.35294117647,3.36363636364,2.84615384615,1.69341284359,0.389027274878,0.193958664547,2.09866904602,0.964253345467,0.518282988871,1.87867287326,0.863174022847,0.470588235294,0.786197569093,0.41766745858,2.25,1.88235294118,0.786197569093,2.25,0.166339869281,0.0612244897959,3,0.00441176470588,0.185952380952,17,17,17,1,0,0.352941176471,0.411764705882,0.235294117647,0,0,0,0,0,0,0,0,0,0,0,0,0,0,0,0,0,0,0,0,0,0,0,0,0,0,0,0,0,37,0,0,235,1,1,0,0,1,1,1,1,1,1,2,2,0,0,0,0
284,WLNM_dir_neg,1,0.5,00:00:12,10,10,32,1979945705,threshold_sweep,0.5,1,1,1,2,0,0,4,1,1,0,0,1,1,1,1,0.555555555556,1,1,1,37,35,2,0,37,0,35,0,2,17,37,0.136029411765,1.88235294118,4.35294117647,3.36363636364,2.84615384615,1.69341284359,0.389027274878,0.193958664547,2.09866904602,0.964253345467,0.518282988871,1.87867287326,0.863174022847,0.470588235294,0.786197569093,0.41766745858,2.25,1.88235294118,0.786197569093,2.25,0.166339869281,0.0612244897959,3,0.00441176470588,0.185952380952,17,17,17,1,0,0.352941176471,0.411764705882,0.235294117647,17,0.128676470588,1.90196078431,4.11764705882,3.18181818182,2.69230769231,1.57648156274,0.382859808093,0.201680672269,2.01465221053,0.978545359402,0.524369747899,1.74894926439,0.849489642704,0.463865546218,0.814492905316,0.428238537847,2.33333333333,1.90196078431,0.814492905316,2.33333333333,0,0,0,0,0.164242424242,17,17,17,1,0,0.352941176471,0.411764705882,0.235294117647,17,37,0.136029411765,1.88235294118,4.35294117647,3.36363636364,2.84615384615,1.69341284359,0.389027274878,0.193958664547,2.09866904602,0.964253345467,0.518282988871,1.87867287326,0.863174022847,0.470588235294,0.786197569093,0.41766745858,2.25,1.88235294118,0.786197569093,2.25,0.166339869281,0.0612244897959,3,0.00441176470588,0.185952380952,17,17,17,1,0,0.352941176471,0.411764705882,0.235294117647,0,0,0,0,0,0,0,0,0,0,0,0,0,0,0,0,0,0,0,0,0,0,0,0,0,0,0,0,0,37,0,0,235,1,1,0,0,1,1,1,1,1,1,2,2,0,0,0,0
285,WLNM_dir_neg,1,0.5,00:00:12,10,10,32,1979945705,threshold_sweep,0.6,1,1,1,2,0,0,4,1,1,0,0,1,1,1,1,0.555555555556,1,1,1,37,35,2,0,37,0,35,0,2,17,37,0.136029411765,1.88235294118,4.35294117647,3.36363636364,2.84615384615,1.69341284359,0.389027274878,0.193958664547,2.09866904602,0.964253345467,0.518282988871,1.87867287326,0.863174022847,0.470588235294,0.786197569093,0.41766745858,2.25,1.88235294118,0.786197569093,2.25,0.166339869281,0.0612244897959,3,0.00441176470588,0.185952380952,17,17,17,1,0,0.352941176471,0.411764705882,0.235294117647,17,0.128676470588,1.90196078431,4.11764705882,3.18181818182,2.69230769231,1.57648156274,0.382859808093,0.201680672269,2.01465221053,0.978545359402,0.524369747899,1.74894926439,0.849489642704,0.463865546218,0.814492905316,0.428238537847,2.33333333333,1.90196078431,0.814492905316,2.33333333333,0,0,0,0,0.164242424242,17,17,17,1,0,0.352941176471,0.411764705882,0.235294117647,17,37,0.136029411765,1.88235294118,4.35294117647,3.36363636364,2.84615384615,1.69341284359,0.389027274878,0.193958664547,2.09866904602,0.964253345467,0.518282988871,1.87867287326,0.863174022847,0.470588235294,0.786197569093,0.41766745858,2.25,1.88235294118,0.786197569093,2.25,0.166339869281,0.0612244897959,3,0.00441176470588,0.185952380952,17,17,17,1,0,0.352941176471,0.411764705882,0.235294117647,0,0,0,0,0,0,0,0,0,0,0,0,0,0,0,0,0,0,0,0,0,0,0,0,0,0,0,0,0,37,0,0,235,1,1,0,0,1,1,1,1,1,1,2,2,0,0,0,0
286,WLNM_dir_neg,1,0.5,00:00:12,10,10,32,1979945705,threshold_sweep,0.7,1,1,1,2,0,0,4,1,1,0,0,1,1,1,1,0.555555555556,1,1,1,37,35,2,0,37,0,35,0,2,17,37,0.136029411765,1.88235294118,4.35294117647,3.36363636364,2.84615384615,1.69341284359,0.389027274878,0.193958664547,2.09866904602,0.964253345467,0.518282988871,1.87867287326,0.863174022847,0.470588235294,0.786197569093,0.41766745858,2.25,1.88235294118,0.786197569093,2.25,0.166339869281,0.0612244897959,3,0.00441176470588,0.185952380952,17,17,17,1,0,0.352941176471,0.411764705882,0.235294117647,17,0.128676470588,1.90196078431,4.11764705882,3.18181818182,2.69230769231,1.57648156274,0.382859808093,0.201680672269,2.01465221053,0.978545359402,0.524369747899,1.74894926439,0.849489642704,0.463865546218,0.814492905316,0.428238537847,2.33333333333,1.90196078431,0.814492905316,2.33333333333,0,0,0,0,0.164242424242,17,17,17,1,0,0.352941176471,0.411764705882,0.235294117647,17,37,0.136029411765,1.88235294118,4.35294117647,3.36363636364,2.84615384615,1.69341284359,0.389027274878,0.193958664547,2.09866904602,0.964253345467,0.518282988871,1.87867287326,0.863174022847,0.470588235294,0.786197569093,0.41766745858,2.25,1.88235294118,0.786197569093,2.25,0.166339869281,0.0612244897959,3,0.00441176470588,0.185952380952,17,17,17,1,0,0.352941176471,0.411764705882,0.235294117647,0,0,0,0,0,0,0,0,0,0,0,0,0,0,0,0,0,0,0,0,0,0,0,0,0,0,0,0,0,37,0,0,235,1,1,0,0,1,1,1,1,1,1,2,2,0,0,0,0
287,WLNM_dir_neg,1,0.5,00:00:12,10,10,32,1979945705,threshold_sweep,0.8,1,1,1,2,0,0,4,1,1,0,0,1,1,1,1,0.555555555556,1,1,1,37,35,2,0,37,0,35,0,2,17,37,0.136029411765,1.88235294118,4.35294117647,3.36363636364,2.84615384615,1.69341284359,0.389027274878,0.193958664547,2.09866904602,0.964253345467,0.518282988871,1.87867287326,0.863174022847,0.470588235294,0.786197569093,0.41766745858,2.25,1.88235294118,0.786197569093,2.25,0.166339869281,0.0612244897959,3,0.00441176470588,0.185952380952,17,17,17,1,0,0.352941176471,0.411764705882,0.235294117647,17,0.128676470588,1.90196078431,4.11764705882,3.18181818182,2.69230769231,1.57648156274,0.382859808093,0.201680672269,2.01465221053,0.978545359402,0.524369747899,1.74894926439,0.849489642704,0.463865546218,0.814492905316,0.428238537847,2.33333333333,1.90196078431,0.814492905316,2.33333333333,0,0,0,0,0.164242424242,17,17,17,1,0,0.352941176471,0.411764705882,0.235294117647,17,37,0.136029411765,1.88235294118,4.35294117647,3.36363636364,2.84615384615,1.69341284359,0.389027274878,0.193958664547,2.09866904602,0.964253345467,0.518282988871,1.87867287326,0.863174022847,0.470588235294,0.786197569093,0.41766745858,2.25,1.88235294118,0.786197569093,2.25,0.166339869281,0.0612244897959,3,0.00441176470588,0.185952380952,17,17,17,1,0,0.352941176471,0.411764705882,0.235294117647,0,0,0,0,0,0,0,0,0,0,0,0,0,0,0,0,0,0,0,0,0,0,0,0,0,0,0,0,0,37,0,0,235,1,1,0,0,1,1,1,1,1,1,2,2,0,0,0,0
288,WLNM_dir_neg,1,0.5,00:00:12,10,10,32,1979945705,threshold_sweep,0.9,1,0.5,0.666666666667,1,0,1,4,0.5,1,0,0.5,1,0.5,0.666666666667,0.833333333333,0.611111111111,0.571428571429,0.632455532034,0.5,37,35,2,0,37,0,35,0,2,17,37,0.136029411765,1.88235294118,4.35294117647,3.36363636364,2.84615384615,1.69341284359,0.389027274878,0.193958664547,2.09866904602,0.964253345467,0.518282988871,1.87867287326,0.863174022847,0.470588235294,0.786197569093,0.41766745858,2.25,1.88235294118,0.786197569093,2.25,0.166339869281,0.0612244897959,3,0.00441176470588,0.185952380952,17,17,17,1,0,0.352941176471,0.411764705882,0.235294117647,17,0.128676470588,1.90196078431,4.11764705882,3.18181818182,2.69230769231,1.57648156274,0.382859808093,0.201680672269,2.01465221053,0.978545359402,0.524369747899,1.74894926439,0.849489642704,0.463865546218,0.814492905316,0.428238537847,2.33333333333,1.90196078431,0.814492905316,2.33333333333,0,0,0,0,0.164242424242,17,17,17,1,0,0.352941176471,0.411764705882,0.235294117647,17,36,0.132352941176,1.89705882353,4.23529411765,3.27272727273,2.76923076923,1.71498585143,0.40492721492,0.204248366013,2.05798302171,0.971825315808,0.522875816993,1.79869233546,0.849382491746,0.464052287582,0.805541469338,0.424626510969,2.25,1.89705882353,0.805541469338,2.25,0.0702614379085,0.0214285714286,1,0.00147058823529,0.175454545455,17,17,17,1,0,0.352941176471,0.411764705882,0.235294117647,-1,-0.00367647058824,0.0147058823529,-0.117647058824,-0.0909090909091,-0.0769230769231,0.0215730078386,0.0158999400418,0.0102897014662,-0.0406860243059,0.00757197034072,0.00459282812224,-0.0799805377942,-0.0137915311015,-0.00653594771242,0.0193439002456,0.00695905238854,0,0.0147058823529,0.0193439002456,0,-0.0960784313725,-0.0397959183673,-2,-0.00294117647059,-0.0104978354978,0,0,0,36,0,1,235,0.972972972973,1,0,0.027027027027,1,0.972972972973,0.986301369863,0.984301887704,0.972972972973,0.972972972973,1,2,0,0,0,0
289,WLNM_dir_neg,1,0.5,00:00:12,10,10,33,1979945706,threshold_sweep,0.1,0.666666666667,1,0.8,2,1,0,3,1,0.75,0.25,0,0.666666666667,1,0.8,0.833333333333,0.5,0.666666666667,0.707106781187,0.75,37,35,2,0,37,0,35,0,2,17,37,0.136029411765,1.88235294118,4.35294117647,3.36363636364,2.84615384615,1.69341284359,0.389027274878,0.193958664547,2.09866904602,0.964253345467,0.518282988871,1.87867287326,0.863174022847,0.470588235294,0.786197569093,0.41766745858,2.25,1.88235294118,0.786197569093,2.25,0.166339869281,0.0612244897959,3,0.00441176470588,0.185952380952,17,17,17,1,0,0.352941176471,0.411764705882,0.235294117647,17,0.128676470588,1.90196078431,4.11764705882,3.18181818182,2.69230769231,1.57648156274,0.382859808093,0.201680672269,2.01465221053,0.978545359402,0.524369747899,1.74894926439,0.849489642704,0.463865546218,0.814492905316,0.428238537847,2.33333333333,1.90196078431,0.814492905316,2.33333333333,0,0,0,0,0.164242424242,17,17,17,1,0,0.352941176471,0.411764705882,0.235294117647,17,38,0.139705882353,2.89764705882,4.47058823529,3.16666666667,2.92307692308,1.77192152263,0.396350866904,0.205882352941,2.04723630062,0.915868871331,0.495356037152,1.92124346989,0.859503657582,0.467492260062,1.68464584339,0.581384071003,5,2.89764705882,1.68464584339,5,0.166339869281,0.0612244897959,3,0.00441176470588,0.165566378066,17,17,17,1,0,0.294117647059,0.470588235294,0.235294117647,1,0.00367647058824,1.01529411765,0.117647058824,-0.19696969697,0.0769230769231,0.0785086790417,0.0073235920257,0.0119236883943,-0.0514327453931,-0.0483844741355,-0.0229269517195,0.0425705966328,-0.00367036526551,-0.0030959752322,0.898448274296,0.163716612423,2.75,1.01529411765,0.898448274296,2.75,0,0,0,0,-0.020386002886,-0.0588235294118,0.0588235294118,0,37,1,0,234,1,0.995744680851,0.00425531914894,0,0.973684210526,1,0.986666666667,0.984652666406,0.995744680851,0.973684210526,3,2,0,0,0,0
290,WLNM_dir_neg,1,0.5,00:00:12,10,10,33,1979945706,threshold_sweep,0.2,0.666666666667,1,0.8,2,1,0,3,1,0.75,0.25,0,0.666666666667,1,0.8,0.833333333333,0.5,0.666666666667,0.707106781187,0.75,37,35,2,0,37,0,35,0,2,17,37,0.136029411765,1.88235294118,4.35294117647,3.36363636364,2.84615384615,1.69341284359,0.389027274878,0.193958664547,2.09866904602,0.964253345467,0.518282988871,1.87867287326,0.863174022847,0.470588235294,0.786197569093,0.41766745858,2.25,1.88235294118,0.786197569093,2.25,0.166339869281,0.0612244897959,3,0.00441176470588,0.185952380952,17,17,17,1,0,0.352941176471,0.411764705882,0.235294117647,17,0.128676470588,1.90196078431,4.11764705882,3.18181818182,2.69230769231,1.57648156274,0.382859808093,0.201680672269,2.01465221053,0.978545359402,0.524369747899,1.74894926439,0.849489642704,0.463865546218,0.814492905316,0.428238537847,2.33333333333,1.90196078431,0.814492905316,2.33333333333,0,0,0,0,0.164242424242,17,17,17,1,0,0.352941176471,0.411764705882,0.235294117647,17,38,0.139705882353,2.89764705882,4.47058823529,3.16666666667,2.92307692308,1.77192152263,0.396350866904,0.205882352941,2.04723630062,0.915868871331,0.495356037152,1.92124346989,0.859503657582,0.467492260062,1.68464584339,0.581384071003,5,2.89764705882,1.68464584339,5,0.166339869281,0.0612244897959,3,0.00441176470588,0.165566378066,17,17,17,1,0,0.294117647059,0.470588235294,0.235294117647,1,0.00367647058824,1.01529411765,0.117647058824,-0.19696969697,0.0769230769231,0.0785086790417,0.0073235920257,0.0119236883943,-0.0514327453931,-0.0483844741355,-0.0229269517195,0.0425705966328,-0.00367036526551,-0.0030959752322,0.898448274296,0.163716612423,2.75,1.01529411765,0.898448274296,2.75,0,0,0,0,-0.020386002886,-0.0588235294118,0.0588235294118,0,37,1,0,234,1,0.995744680851,0.00425531914894,0,0.973684210526,1,0.986666666667,0.984652666406,0.995744680851,0.973684210526,3,2,0,0,0,0
291,WLNM_dir_neg,1,0.5,00:00:12,10,10,33,1979945706,threshold_sweep,0.3,0.666666666667,1,0.8,2,1,0,3,1,0.75,0.25,0,0.666666666667,1,0.8,0.833333333333,0.5,0.666666666667,0.707106781187,0.75,37,35,2,0,37,0,35,0,2,17,37,0.136029411765,1.88235294118,4.35294117647,3.36363636364,2.84615384615,1.69341284359,0.389027274878,0.193958664547,2.09866904602,0.964253345467,0.518282988871,1.87867287326,0.863174022847,0.470588235294,0.786197569093,0.41766745858,2.25,1.88235294118,0.786197569093,2.25,0.166339869281,0.0612244897959,3,0.00441176470588,0.185952380952,17,17,17,1,0,0.352941176471,0.411764705882,0.235294117647,17,0.128676470588,1.90196078431,4.11764705882,3.18181818182,2.69230769231,1.57648156274,0.382859808093,0.201680672269,2.01465221053,0.978545359402,0.524369747899,1.74894926439,0.849489642704,0.463865546218,0.814492905316,0.428238537847,2.33333333333,1.90196078431,0.814492905316,2.33333333333,0,0,0,0,0.164242424242,17,17,17,1,0,0.352941176471,0.411764705882,0.235294117647,17,38,0.139705882353,2.89764705882,4.47058823529,3.16666666667,2.92307692308,1.77192152263,0.396350866904,0.205882352941,2.04723630062,0.915868871331,0.495356037152,1.92124346989,0.859503657582,0.467492260062,1.68464584339,0.581384071003,5,2.89764705882,1.68464584339,5,0.166339869281,0.0612244897959,3,0.00441176470588,0.165566378066,17,17,17,1,0,0.294117647059,0.470588235294,0.235294117647,1,0.00367647058824,1.01529411765,0.117647058824,-0.19696969697,0.0769230769231,0.0785086790417,0.0073235920257,0.0119236883943,-0.0514327453931,-0.0483844741355,-0.0229269517195,0.0425705966328,-0.00367036526551,-0.0030959752322,0.898448274296,0.163716612423,2.75,1.01529411765,0.898448274296,2.75,0,0,0,0,-0.020386002886,-0.0588235294118,0.0588235294118,0,37,1,0,234,1,0.995744680851,0.00425531914894,0,0.973684210526,1,0.986666666667,0.984652666406,0.995744680851,0.973684210526,3,2,0,0,0,0
292,WLNM_dir_neg,1,0.5,00:00:12,10,10,33,1979945706,threshold_sweep,0.4,0.666666666667,1,0.8,2,1,0,3,1,0.75,0.25,0,0.666666666667,1,0.8,0.833333333333,0.5,0.666666666667,0.707106781187,0.75,37,35,2,0,37,0,35,0,2,17,37,0.136029411765,1.88235294118,4.35294117647,3.36363636364,2.84615384615,1.69341284359,0.389027274878,0.193958664547,2.09866904602,0.964253345467,0.518282988871,1.87867287326,0.863174022847,0.470588235294,0.786197569093,0.41766745858,2.25,1.88235294118,0.786197569093,2.25,0.166339869281,0.0612244897959,3,0.00441176470588,0.185952380952,17,17,17,1,0,0.352941176471,0.411764705882,0.235294117647,17,0.128676470588,1.90196078431,4.11764705882,3.18181818182,2.69230769231,1.57648156274,0.382859808093,0.201680672269,2.01465221053,0.978545359402,0.524369747899,1.74894926439,0.849489642704,0.463865546218,0.814492905316,0.428238537847,2.33333333333,1.90196078431,0.814492905316,2.33333333333,0,0,0,0,0.164242424242,17,17,17,1,0,0.352941176471,0.411764705882,0.235294117647,17,38,0.139705882353,2.89764705882,4.47058823529,3.16666666667,2.92307692308,1.77192152263,0.396350866904,0.205882352941,2.04723630062,0.915868871331,0.495356037152,1.92124346989,0.859503657582,0.467492260062,1.68464584339,0.581384071003,5,2.89764705882,1.68464584339,5,0.166339869281,0.0612244897959,3,0.00441176470588,0.165566378066,17,17,17,1,0,0.294117647059,0.470588235294,0.235294117647,1,0.00367647058824,1.01529411765,0.117647058824,-0.19696969697,0.0769230769231,0.0785086790417,0.0073235920257,0.0119236883943,-0.0514327453931,-0.0483844741355,-0.0229269517195,0.0425705966328,-0.00367036526551,-0.0030959752322,0.898448274296,0.163716612423,2.75,1.01529411765,0.898448274296,2.75,0,0,0,0,-0.020386002886,-0.0588235294118,0.0588235294118,0,37,1,0,234,1,0.995744680851,0.00425531914894,0,0.973684210526,1,0.986666666667,0.984652666406,0.995744680851,0.973684210526,3,2,0,0,0,0
293,WLNM_dir_neg,1,0.5,00:00:12,10,10,33,1979945706,threshold_sweep,0.5,0.666666666667,1,0.8,2,1,0,3,1,0.75,0.25,0,0.666666666667,1,0.8,0.833333333333,0.5,0.666666666667,0.707106781187,0.75,37,35,2,0,37,0,35,0,2,17,37,0.136029411765,1.88235294118,4.35294117647,3.36363636364,2.84615384615,1.69341284359,0.389027274878,0.193958664547,2.09866904602,0.964253345467,0.518282988871,1.87867287326,0.863174022847,0.470588235294,0.786197569093,0.41766745858,2.25,1.88235294118,0.786197569093,2.25,0.166339869281,0.0612244897959,3,0.00441176470588,0.185952380952,17,17,17,1,0,0.352941176471,0.411764705882,0.235294117647,17,0.128676470588,1.90196078431,4.11764705882,3.18181818182,2.69230769231,1.57648156274,0.382859808093,0.201680672269,2.01465221053,0.978545359402,0.524369747899,1.74894926439,0.849489642704,0.463865546218,0.814492905316,0.428238537847,2.33333333333,1.90196078431,0.814492905316,2.33333333333,0,0,0,0,0.164242424242,17,17,17,1,0,0.352941176471,0.411764705882,0.235294117647,17,38,0.139705882353,2.89764705882,4.47058823529,3.16666666667,2.92307692308,1.77192152263,0.396350866904,0.205882352941,2.04723630062,0.915868871331,0.495356037152,1.92124346989,0.859503657582,0.467492260062,1.68464584339,0.581384071003,5,2.89764705882,1.68464584339,5,0.166339869281,0.0612244897959,3,0.00441176470588,0.165566378066,17,17,17,1,0,0.294117647059,0.470588235294,0.235294117647,1,0.00367647058824,1.01529411765,0.117647058824,-0.19696969697,0.0769230769231,0.0785086790417,0.0073235920257,0.0119236883943,-0.0514327453931,-0.0483844741355,-0.0229269517195,0.0425705966328,-0.00367036526551,-0.0030959752322,0.898448274296,0.163716612423,2.75,1.01529411765,0.898448274296,2.75,0,0,0,0,-0.020386002886,-0.0588235294118,0.0588235294118,0,37,1,0,234,1,0.995744680851,0.00425531914894,0,0.973684210526,1,0.986666666667,0.984652666406,0.995744680851,0.973684210526,3,2,0,0,0,0
294,WLNM_dir_neg,1,0.5,00:00:12,10,10,33,1979945706,threshold_sweep,0.6,0.666666666667,1,0.8,2,1,0,3,1,0.75,0.25,0,0.666666666667,1,0.8,0.833333333333,0.5,0.666666666667,0.707106781187,0.75,37,35,2,0,37,0,35,0,2,17,37,0.136029411765,1.88235294118,4.35294117647,3.36363636364,2.84615384615,1.69341284359,0.389027274878,0.193958664547,2.09866904602,0.964253345467,0.518282988871,1.87867287326,0.863174022847,0.470588235294,0.786197569093,0.41766745858,2.25,1.88235294118,0.786197569093,2.25,0.166339869281,0.0612244897959,3,0.00441176470588,0.185952380952,17,17,17,1,0,0.352941176471,0.411764705882,0.235294117647,17,0.128676470588,1.90196078431,4.11764705882,3.18181818182,2.69230769231,1.57648156274,0.382859808093,0.201680672269,2.01465221053,0.978545359402,0.524369747899,1.74894926439,0.849489642704,0.463865546218,0.814492905316,0.428238537847,2.33333333333,1.90196078431,0.814492905316,2.33333333333,0,0,0,0,0.164242424242,17,17,17,1,0,0.352941176471,0.411764705882,0.235294117647,17,38,0.139705882353,2.89764705882,4.47058823529,3.16666666667,2.92307692308,1.77192152263,0.396350866904,0.205882352941,2.04723630062,0.915868871331,0.495356037152,1.92124346989,0.859503657582,0.467492260062,1.68464584339,0.581384071003,5,2.89764705882,1.68464584339,5,0.166339869281,0.0612244897959,3,0.00441176470588,0.165566378066,17,17,17,1,0,0.294117647059,0.470588235294,0.235294117647,1,0.00367647058824,1.01529411765,0.117647058824,-0.19696969697,0.0769230769231,0.0785086790417,0.0073235920257,0.0119236883943,-0.0514327453931,-0.0483844741355,-0.0229269517195,0.0425705966328,-0.00367036526551,-0.0030959752322,0.898448274296,0.163716612423,2.75,1.01529411765,0.898448274296,2.75,0,0,0,0,-0.020386002886,-0.0588235294118,0.0588235294118,0,37,1,0,234,1,0.995744680851,0.00425531914894,0,0.973684210526,1,0.986666666667,0.984652666406,0.995744680851,0.973684210526,3,2,0,0,0,0
295,WLNM_dir_neg,1,0.5,00:00:12,10,10,33,1979945706,threshold_sweep,0.7,0.666666666667,1,0.8,2,1,0,3,1,0.75,0.25,0,0.666666666667,1,0.8,0.833333333333,0.5,0.666666666667,0.707106781187,0.75,37,35,2,0,37,0,35,0,2,17,37,0.136029411765,1.88235294118,4.35294117647,3.36363636364,2.84615384615,1.69341284359,0.389027274878,0.193958664547,2.09866904602,0.964253345467,0.518282988871,1.87867287326,0.863174022847,0.470588235294,0.786197569093,0.41766745858,2.25,1.88235294118,0.786197569093,2.25,0.166339869281,0.0612244897959,3,0.00441176470588,0.185952380952,17,17,17,1,0,0.352941176471,0.411764705882,0.235294117647,17,0.128676470588,1.90196078431,4.11764705882,3.18181818182,2.69230769231,1.57648156274,0.382859808093,0.201680672269,2.01465221053,0.978545359402,0.524369747899,1.74894926439,0.849489642704,0.463865546218,0.814492905316,0.428238537847,2.33333333333,1.90196078431,0.814492905316,2.33333333333,0,0,0,0,0.164242424242,17,17,17,1,0,0.352941176471,0.411764705882,0.235294117647,17,38,0.139705882353,2.89764705882,4.47058823529,3.16666666667,2.92307692308,1.77192152263,0.396350866904,0.205882352941,2.04723630062,0.915868871331,0.495356037152,1.92124346989,0.859503657582,0.467492260062,1.68464584339,0.581384071003,5,2.89764705882,1.68464584339,5,0.166339869281,0.0612244897959,3,0.00441176470588,0.165566378066,17,17,17,1,0,0.294117647059,0.470588235294,0.235294117647,1,0.00367647058824,1.01529411765,0.117647058824,-0.19696969697,0.0769230769231,0.0785086790417,0.0073235920257,0.0119236883943,-0.0514327453931,-0.0483844741355,-0.0229269517195,0.0425705966328,-0.00367036526551,-0.0030959752322,0.898448274296,0.163716612423,2.75,1.01529411765,0.898448274296,2.75,0,0,0,0,-0.020386002886,-0.0588235294118,0.0588235294118,0,37,1,0,234,1,0.995744680851,0.00425531914894,0,0.973684210526,1,0.986666666667,0.984652666406,0.995744680851,0.973684210526,3,2,0,0,0,0
296,WLNM_dir_neg,1,0.5,00:00:12,10,10,33,1979945706,threshold_sweep,0.8,1,1,1,2,0,0,4,1,1,0,0,1,1,1,1,0.555555555556,1,1,1,37,35,2,0,37,0,35,0,2,17,37,0.136029411765,1.88235294118,4.35294117647,3.36363636364,2.84615384615,1.69341284359,0.389027274878,0.193958664547,2.09866904602,0.964253345467,0.518282988871,1.87867287326,0.863174022847,0.470588235294,0.786197569093,0.41766745858,2.25,1.88235294118,0.786197569093,2.25,0.166339869281,0.0612244897959,3,0.00441176470588,0.185952380952,17,17,17,1,0,0.352941176471,0.411764705882,0.235294117647,17,0.128676470588,1.90196078431,4.11764705882,3.18181818182,2.69230769231,1.57648156274,0.382859808093,0.201680672269,2.01465221053,0.978545359402,0.524369747899,1.74894926439,0.849489642704,0.463865546218,0.814492905316,0.428238537847,2.33333333333,1.90196078431,0.814492905316,2.33333333333,0,0,0,0,0.164242424242,17,17,17,1,0,0.352941176471,0.411764705882,0.235294117647,17,37,0.136029411765,1.88235294118,4.35294117647,3.36363636364,2.84615384615,1.69341284359,0.389027274878,0.193958664547,2.09866904602,0.964253345467,0.518282988871,1.87867287326,0.863174022847,0.470588235294,0.786197569093,0.41766745858,2.25,1.88235294118,0.786197569093,2.25,0.166339869281,0.0612244897959,3,0.00441176470588,0.185952380952,17,17,17,1,0,0.352941176471,0.411764705882,0.235294117647,0,0,0,0,0,0,0,0,0,0,0,0,0,0,0,0,0,0,0,0,0,0,0,0,0,0,0,0,0,37,0,0,235,1,1,0,0,1,1,1,1,1,1,2,2,0,0,0,0
297,WLNM_dir_neg,1,0.5,00:00:12,10,10,33,1979945706,threshold_sweep,0.9,1,1,1,2,0,0,4,1,1,0,0,1,1,1,1,0.555555555556,1,1,1,37,35,2,0,37,0,35,0,2,17,37,0.136029411765,1.88235294118,4.35294117647,3.36363636364,2.84615384615,1.69341284359,0.389027274878,0.193958664547,2.09866904602,0.964253345467,0.518282988871,1.87867287326,0.863174022847,0.470588235294,0.786197569093,0.41766745858,2.25,1.88235294118,0.786197569093,2.25,0.166339869281,0.0612244897959,3,0.00441176470588,0.185952380952,17,17,17,1,0,0.352941176471,0.411764705882,0.235294117647,17,0.128676470588,1.90196078431,4.11764705882,3.18181818182,2.69230769231,1.57648156274,0.382859808093,0.201680672269,2.01465221053,0.978545359402,0.524369747899,1.74894926439,0.849489642704,0.463865546218,0.814492905316,0.428238537847,2.33333333333,1.90196078431,0.814492905316,2.33333333333,0,0,0,0,0.164242424242,17,17,17,1,0,0.352941176471,0.411764705882,0.235294117647,17,37,0.136029411765,1.88235294118,4.35294117647,3.36363636364,2.84615384615,1.69341284359,0.389027274878,0.193958664547,2.09866904602,0.964253345467,0.518282988871,1.87867287326,0.863174022847,0.470588235294,0.786197569093,0.41766745858,2.25,1.88235294118,0.786197569093,2.25,0.166339869281,0.0612244897959,3,0.00441176470588,0.185952380952,17,17,17,1,0,0.352941176471,0.411764705882,0.235294117647,0,0,0,0,0,0,0,0,0,0,0,0,0,0,0,0,0,0,0,0,0,0,0,0,0,0,0,0,0,37,0,0,235,1,1,0,0,1,1,1,1,1,1,2,2,0,0,0,0
298,WLNM_dir_neg,1,0.5,00:00:12,10,10,34,1979945707,threshold_sweep,0.1,1,1,1,2,0,0,4,1,1,0,0,1,1,1,1,0.555555555556,1,1,1,37,35,2,0,37,0,35,0,2,17,37,0.136029411765,1.88235294118,4.35294117647,3.36363636364,2.84615384615,1.69341284359,0.389027274878,0.193958664547,2.09866904602,0.964253345467,0.518282988871,1.87867287326,0.863174022847,0.470588235294,0.786197569093,0.41766745858,2.25,1.88235294118,0.786197569093,2.25,0.166339869281,0.0612244897959,3,0.00441176470588,0.185952380952,17,17,17,1,0,0.352941176471,0.411764705882,0.235294117647,17,0.128676470588,1.90196078431,4.11764705882,3.18181818182,2.69230769231,1.57648156274,0.382859808093,0.201680672269,2.01465221053,0.978545359402,0.524369747899,1.74894926439,0.849489642704,0.463865546218,0.814492905316,0.428238537847,2.33333333333,1.90196078431,0.814492905316,2.33333333333,0,0,0,0,0.164242424242,17,17,17,1,0,0.352941176471,0.411764705882,0.235294117647,17,37,0.136029411765,1.88235294118,4.35294117647,3.36363636364,2.84615384615,1.69341284359,0.389027274878,0.193958664547,2.09866904602,0.964253345467,0.518282988871,1.87867287326,0.863174022847,0.470588235294,0.786197569093,0.41766745858,2.25,1.88235294118,0.786197569093,2.25,0.166339869281,0.0612244897959,3,0.00441176470588,0.185952380952,17,17,17,1,0,0.352941176471,0.411764705882,0.235294117647,0,0,0,0,0,0,0,0,0,0,0,0,0,0,0,0,0,0,0,0,0,0,0,0,0,0,0,0,0,37,0,0,235,1,1,0,0,1,1,1,1,1,1,2,2,0,0,0,0
299,WLNM_dir_neg,1,0.5,00:00:12,10,10,34,1979945707,threshold_sweep,0.2,1,1,1,2,0,0,4,1,1,0,0,1,1,1,1,0.555555555556,1,1,1,37,35,2,0,37,0,35,0,2,17,37,0.136029411765,1.88235294118,4.35294117647,3.36363636364,2.84615384615,1.69341284359,0.389027274878,0.193958664547,2.09866904602,0.964253345467,0.518282988871,1.87867287326,0.863174022847,0.470588235294,0.786197569093,0.41766745858,2.25,1.88235294118,0.786197569093,2.25,0.166339869281,0.0612244897959,3,0.00441176470588,0.185952380952,17,17,17,1,0,0.352941176471,0.411764705882,0.235294117647,17,0.128676470588,1.90196078431,4.11764705882,3.18181818182,2.69230769231,1.57648156274,0.382859808093,0.201680672269,2.01465221053,0.978545359402,0.524369747899,1.74894926439,0.849489642704,0.463865546218,0.814492905316,0.428238537847,2.33333333333,1.90196078431,0.814492905316,2.33333333333,0,0,0,0,0.164242424242,17,17,17,1,0,0.352941176471,0.411764705882,0.235294117647,17,37,0.136029411765,1.88235294118,4.35294117647,3.36363636364,2.84615384615,1.69341284359,0.389027274878,0.193958664547,2.09866904602,0.964253345467,0.518282988871,1.87867287326,0.863174022847,0.470588235294,0.786197569093,0.41766745858,2.25,1.88235294118,0.786197569093,2.25,0.166339869281,0.0612244897959,3,0.00441176470588,0.185952380952,17,17,17,1,0,0.352941176471,0.411764705882,0.235294117647,0,0,0,0,0,0,0,0,0,0,0,0,0,0,0,0,0,0,0,0,0,0,0,0,0,0,0,0,0,37,0,0,235,1,1,0,0,1,1,1,1,1,1,2,2,0,0,0,0
300,WLNM_dir_neg,1,0.5,00:00:12,10,10,34,1979945707,threshold_sweep,0.3,1,1,1,2,0,0,4,1,1,0,0,1,1,1,1,0.555555555556,1,1,1,37,35,2,0,37,0,35,0,2,17,37,0.136029411765,1.88235294118,4.35294117647,3.36363636364,2.84615384615,1.69341284359,0.389027274878,0.193958664547,2.09866904602,0.964253345467,0.518282988871,1.87867287326,0.863174022847,0.470588235294,0.786197569093,0.41766745858,2.25,1.88235294118,0.786197569093,2.25,0.166339869281,0.0612244897959,3,0.00441176470588,0.185952380952,17,17,17,1,0,0.352941176471,0.411764705882,0.235294117647,17,0.128676470588,1.90196078431,4.11764705882,3.18181818182,2.69230769231,1.57648156274,0.382859808093,0.201680672269,2.01465221053,0.978545359402,0.524369747899,1.74894926439,0.849489642704,0.463865546218,0.814492905316,0.428238537847,2.33333333333,1.90196078431,0.814492905316,2.33333333333,0,0,0,0,0.164242424242,17,17,17,1,0,0.352941176471,0.411764705882,0.235294117647,17,37,0.136029411765,1.88235294118,4.35294117647,3.36363636364,2.84615384615,1.69341284359,0.389027274878,0.193958664547,2.09866904602,0.964253345467,0.518282988871,1.87867287326,0.863174022847,0.470588235294,0.786197569093,0.41766745858,2.25,1.88235294118,0.786197569093,2.25,0.166339869281,0.0612244897959,3,0.00441176470588,0.185952380952,17,17,17,1,0,0.352941176471,0.411764705882,0.235294117647,0,0,0,0,0,0,0,0,0,0,0,0,0,0,0,0,0,0,0,0,0,0,0,0,0,0,0,0,0,37,0,0,235,1,1,0,0,1,1,1,1,1,1,2,2,0,0,0,0
301,WLNM_dir_neg,1,0.5,00:00:12,10,10,34,1979945707,threshold_sweep,0.4,1,1,1,2,0,0,4,1,1,0,0,1,1,1,1,0.555555555556,1,1,1,37,35,2,0,37,0,35,0,2,17,37,0.136029411765,1.88235294118,4.35294117647,3.36363636364,2.84615384615,1.69341284359,0.389027274878,0.193958664547,2.09866904602,0.964253345467,0.518282988871,1.87867287326,0.863174022847,0.470588235294,0.786197569093,0.41766745858,2.25,1.88235294118,0.786197569093,2.25,0.166339869281,0.0612244897959,3,0.00441176470588,0.185952380952,17,17,17,1,0,0.352941176471,0.411764705882,0.235294117647,17,0.128676470588,1.90196078431,4.11764705882,3.18181818182,2.69230769231,1.57648156274,0.382859808093,0.201680672269,2.01465221053,0.978545359402,0.524369747899,1.74894926439,0.849489642704,0.463865546218,0.814492905316,0.428238537847,2.33333333333,1.90196078431,0.814492905316,2.33333333333,0,0,0,0,0.164242424242,17,17,17,1,0,0.352941176471,0.411764705882,0.235294117647,17,37,0.136029411765,1.88235294118,4.35294117647,3.36363636364,2.84615384615,1.69341284359,0.389027274878,0.193958664547,2.09866904602,0.964253345467,0.518282988871,1.87867287326,0.863174022847,0.470588235294,0.786197569093,0.41766745858,2.25,1.88235294118,0.786197569093,2.25,0.166339869281,0.0612244897959,3,0.00441176470588,0.185952380952,17,17,17,1,0,0.352941176471,0.411764705882,0.235294117647,0,0,0,0,0,0,0,0,0,0,0,0,0,0,0,0,0,0,0,0,0,0,0,0,0,0,0,0,0,37,0,0,235,1,1,0,0,1,1,1,1,1,1,2,2,0,0,0,0
302,WLNM_dir_neg,1,0.5,00:00:12,10,10,34,1979945707,threshold_sweep,0.5,1,1,1,2,0,0,4,1,1,0,0,1,1,1,1,0.555555555556,1,1,1,37,35,2,0,37,0,35,0,2,17,37,0.136029411765,1.88235294118,4.35294117647,3.36363636364,2.84615384615,1.69341284359,0.389027274878,0.193958664547,2.09866904602,0.964253345467,0.518282988871,1.87867287326,0.863174022847,0.470588235294,0.786197569093,0.41766745858,2.25,1.88235294118,0.786197569093,2.25,0.166339869281,0.0612244897959,3,0.00441176470588,0.185952380952,17,17,17,1,0,0.352941176471,0.411764705882,0.235294117647,17,0.128676470588,1.90196078431,4.11764705882,3.18181818182,2.69230769231,1.57648156274,0.382859808093,0.201680672269,2.01465221053,0.978545359402,0.524369747899,1.74894926439,0.849489642704,0.463865546218,0.814492905316,0.428238537847,2.33333333333,1.90196078431,0.814492905316,2.33333333333,0,0,0,0,0.164242424242,17,17,17,1,0,0.352941176471,0.411764705882,0.235294117647,17,37,0.136029411765,1.88235294118,4.35294117647,3.36363636364,2.84615384615,1.69341284359,0.389027274878,0.193958664547,2.09866904602,0.964253345467,0.518282988871,1.87867287326,0.863174022847,0.470588235294,0.786197569093,0.41766745858,2.25,1.88235294118,0.786197569093,2.25,0.166339869281,0.0612244897959,3,0.00441176470588,0.185952380952,17,17,17,1,0,0.352941176471,0.411764705882,0.235294117647,0,0,0,0,0,0,0,0,0,0,0,0,0,0,0,0,0,0,0,0,0,0,0,0,0,0,0,0,0,37,0,0,235,1,1,0,0,1,1,1,1,1,1,2,2,0,0,0,0
303,WLNM_dir_neg,1,0.5,00:00:12,10,10,34,1979945707,threshold_sweep,0.6,1,1,1,2,0,0,4,1,1,0,0,1,1,1,1,0.555555555556,1,1,1,37,35,2,0,37,0,35,0,2,17,37,0.136029411765,1.88235294118,4.35294117647,3.36363636364,2.84615384615,1.69341284359,0.389027274878,0.193958664547,2.09866904602,0.964253345467,0.518282988871,1.87867287326,0.863174022847,0.470588235294,0.786197569093,0.41766745858,2.25,1.88235294118,0.786197569093,2.25,0.166339869281,0.0612244897959,3,0.00441176470588,0.185952380952,17,17,17,1,0,0.352941176471,0.411764705882,0.235294117647,17,0.128676470588,1.90196078431,4.11764705882,3.18181818182,2.69230769231,1.57648156274,0.382859808093,0.201680672269,2.01465221053,0.978545359402,0.524369747899,1.74894926439,0.849489642704,0.463865546218,0.814492905316,0.428238537847,2.33333333333,1.90196078431,0.814492905316,2.33333333333,0,0,0,0,0.164242424242,17,17,17,1,0,0.352941176471,0.411764705882,0.235294117647,17,37,0.136029411765,1.88235294118,4.35294117647,3.36363636364,2.84615384615,1.69341284359,0.389027274878,0.193958664547,2.09866904602,0.964253345467,0.518282988871,1.87867287326,0.863174022847,0.470588235294,0.786197569093,0.41766745858,2.25,1.88235294118,0.786197569093,2.25,0.166339869281,0.0612244897959,3,0.00441176470588,0.185952380952,17,17,17,1,0,0.352941176471,0.411764705882,0.235294117647,0,0,0,0,0,0,0,0,0,0,0,0,0,0,0,0,0,0,0,0,0,0,0,0,0,0,0,0,0,37,0,0,235,1,1,0,0,1,1,1,1,1,1,2,2,0,0,0,0
304,WLNM_dir_neg,1,0.5,00:00:12,10,10,34,1979945707,threshold_sweep,0.7,1,1,1,2,0,0,4,1,1,0,0,1,1,1,1,0.555555555556,1,1,1,37,35,2,0,37,0,35,0,2,17,37,0.136029411765,1.88235294118,4.35294117647,3.36363636364,2.84615384615,1.69341284359,0.389027274878,0.193958664547,2.09866904602,0.964253345467,0.518282988871,1.87867287326,0.863174022847,0.470588235294,0.786197569093,0.41766745858,2.25,1.88235294118,0.786197569093,2.25,0.166339869281,0.0612244897959,3,0.00441176470588,0.185952380952,17,17,17,1,0,0.352941176471,0.411764705882,0.235294117647,17,0.128676470588,1.90196078431,4.11764705882,3.18181818182,2.69230769231,1.57648156274,0.382859808093,0.201680672269,2.01465221053,0.978545359402,0.524369747899,1.74894926439,0.849489642704,0.463865546218,0.814492905316,0.428238537847,2.33333333333,1.90196078431,0.814492905316,2.33333333333,0,0,0,0,0.164242424242,17,17,17,1,0,0.352941176471,0.411764705882,0.235294117647,17,37,0.136029411765,1.88235294118,4.35294117647,3.36363636364,2.84615384615,1.69341284359,0.389027274878,0.193958664547,2.09866904602,0.964253345467,0.518282988871,1.87867287326,0.863174022847,0.470588235294,0.786197569093,0.41766745858,2.25,1.88235294118,0.786197569093,2.25,0.166339869281,0.0612244897959,3,0.00441176470588,0.185952380952,17,17,17,1,0,0.352941176471,0.411764705882,0.235294117647,0,0,0,0,0,0,0,0,0,0,0,0,0,0,0,0,0,0,0,0,0,0,0,0,0,0,0,0,0,37,0,0,235,1,1,0,0,1,1,1,1,1,1,2,2,0,0,0,0
305,WLNM_dir_neg,1,0.5,00:00:12,10,10,34,1979945707,threshold_sweep,0.8,1,1,1,2,0,0,4,1,1,0,0,1,1,1,1,0.555555555556,1,1,1,37,35,2,0,37,0,35,0,2,17,37,0.136029411765,1.88235294118,4.35294117647,3.36363636364,2.84615384615,1.69341284359,0.389027274878,0.193958664547,2.09866904602,0.964253345467,0.518282988871,1.87867287326,0.863174022847,0.470588235294,0.786197569093,0.41766745858,2.25,1.88235294118,0.786197569093,2.25,0.166339869281,0.0612244897959,3,0.00441176470588,0.185952380952,17,17,17,1,0,0.352941176471,0.411764705882,0.235294117647,17,0.128676470588,1.90196078431,4.11764705882,3.18181818182,2.69230769231,1.57648156274,0.382859808093,0.201680672269,2.01465221053,0.978545359402,0.524369747899,1.74894926439,0.849489642704,0.463865546218,0.814492905316,0.428238537847,2.33333333333,1.90196078431,0.814492905316,2.33333333333,0,0,0,0,0.164242424242,17,17,17,1,0,0.352941176471,0.411764705882,0.235294117647,17,37,0.136029411765,1.88235294118,4.35294117647,3.36363636364,2.84615384615,1.69341284359,0.389027274878,0.193958664547,2.09866904602,0.964253345467,0.518282988871,1.87867287326,0.863174022847,0.470588235294,0.786197569093,0.41766745858,2.25,1.88235294118,0.786197569093,2.25,0.166339869281,0.0612244897959,3,0.00441176470588,0.185952380952,17,17,17,1,0,0.352941176471,0.411764705882,0.235294117647,0,0,0,0,0,0,0,0,0,0,0,0,0,0,0,0,0,0,0,0,0,0,0,0,0,0,0,0,0,37,0,0,235,1,1,0,0,1,1,1,1,1,1,2,2,0,0,0,0
306,WLNM_dir_neg,1,0.5,00:00:12,10,10,34,1979945707,threshold_sweep,0.9,1,1,1,2,0,0,4,1,1,0,0,1,1,1,1,0.555555555556,1,1,1,37,35,2,0,37,0,35,0,2,17,37,0.136029411765,1.88235294118,4.35294117647,3.36363636364,2.84615384615,1.69341284359,0.389027274878,0.193958664547,2.09866904602,0.964253345467,0.518282988871,1.87867287326,0.863174022847,0.470588235294,0.786197569093,0.41766745858,2.25,1.88235294118,0.786197569093,2.25,0.166339869281,0.0612244897959,3,0.00441176470588,0.185952380952,17,17,17,1,0,0.352941176471,0.411764705882,0.235294117647,17,0.128676470588,1.90196078431,4.11764705882,3.18181818182,2.69230769231,1.57648156274,0.382859808093,0.201680672269,2.01465221053,0.978545359402,0.524369747899,1.74894926439,0.849489642704,0.463865546218,0.814492905316,0.428238537847,2.33333333333,1.90196078431,0.814492905316,2.33333333333,0,0,0,0,0.164242424242,17,17,17,1,0,0.352941176471,0.411764705882,0.235294117647,17,37,0.136029411765,1.88235294118,4.35294117647,3.36363636364,2.84615384615,1.69341284359,0.389027274878,0.193958664547,2.09866904602,0.964253345467,0.518282988871,1.87867287326,0.863174022847,0.470588235294,0.786197569093,0.41766745858,2.25,1.88235294118,0.786197569093,2.25,0.166339869281,0.0612244897959,3,0.00441176470588,0.185952380952,17,17,17,1,0,0.352941176471,0.411764705882,0.235294117647,0,0,0,0,0,0,0,0,0,0,0,0,0,0,0,0,0,0,0,0,0,0,0,0,0,0,0,0,0,37,0,0,235,1,1,0,0,1,1,1,1,1,1,2,2,0,0,0,0
307,WLNM_dir_neg,1,0.5,00:00:12,10,10,35,1979945708,threshold_sweep,0.1,1,1,1,2,0,0,4,1,1,0,0,1,1,1,1,0.555555555556,1,1,1,37,35,2,0,37,0,35,0,2,17,37,0.136029411765,1.88235294118,4.35294117647,3.36363636364,2.84615384615,1.69341284359,0.389027274878,0.193958664547,2.09866904602,0.964253345467,0.518282988871,1.87867287326,0.863174022847,0.470588235294,0.786197569093,0.41766745858,2.25,1.88235294118,0.786197569093,2.25,0.166339869281,0.0612244897959,3,0.00441176470588,0.185952380952,17,17,17,1,0,0.352941176471,0.411764705882,0.235294117647,17,0.128676470588,1.90196078431,4.11764705882,3.18181818182,2.69230769231,1.57648156274,0.382859808093,0.201680672269,2.01465221053,0.978545359402,0.524369747899,1.74894926439,0.849489642704,0.463865546218,0.814492905316,0.428238537847,2.33333333333,1.90196078431,0.814492905316,2.33333333333,0,0,0,0,0.164242424242,17,17,17,1,0,0.352941176471,0.411764705882,0.235294117647,17,37,0.136029411765,1.88235294118,4.35294117647,3.36363636364,2.84615384615,1.69341284359,0.389027274878,0.193958664547,2.09866904602,0.964253345467,0.518282988871,1.87867287326,0.863174022847,0.470588235294,0.786197569093,0.41766745858,2.25,1.88235294118,0.786197569093,2.25,0.166339869281,0.0612244897959,3,0.00441176470588,0.185952380952,17,17,17,1,0,0.352941176471,0.411764705882,0.235294117647,0,0,0,0,0,0,0,0,0,0,0,0,0,0,0,0,0,0,0,0,0,0,0,0,0,0,0,0,0,37,0,0,235,1,1,0,0,1,1,1,1,1,1,2,2,0,0,0,0
308,WLNM_dir_neg,1,0.5,00:00:12,10,10,35,1979945708,threshold_sweep,0.2,1,1,1,2,0,0,4,1,1,0,0,1,1,1,1,0.555555555556,1,1,1,37,35,2,0,37,0,35,0,2,17,37,0.136029411765,1.88235294118,4.35294117647,3.36363636364,2.84615384615,1.69341284359,0.389027274878,0.193958664547,2.09866904602,0.964253345467,0.518282988871,1.87867287326,0.863174022847,0.470588235294,0.786197569093,0.41766745858,2.25,1.88235294118,0.786197569093,2.25,0.166339869281,0.0612244897959,3,0.00441176470588,0.185952380952,17,17,17,1,0,0.352941176471,0.411764705882,0.235294117647,17,0.128676470588,1.90196078431,4.11764705882,3.18181818182,2.69230769231,1.57648156274,0.382859808093,0.201680672269,2.01465221053,0.978545359402,0.524369747899,1.74894926439,0.849489642704,0.463865546218,0.814492905316,0.428238537847,2.33333333333,1.90196078431,0.814492905316,2.33333333333,0,0,0,0,0.164242424242,17,17,17,1,0,0.352941176471,0.411764705882,0.235294117647,17,37,0.136029411765,1.88235294118,4.35294117647,3.36363636364,2.84615384615,1.69341284359,0.389027274878,0.193958664547,2.09866904602,0.964253345467,0.518282988871,1.87867287326,0.863174022847,0.470588235294,0.786197569093,0.41766745858,2.25,1.88235294118,0.786197569093,2.25,0.166339869281,0.0612244897959,3,0.00441176470588,0.185952380952,17,17,17,1,0,0.352941176471,0.411764705882,0.235294117647,0,0,0,0,0,0,0,0,0,0,0,0,0,0,0,0,0,0,0,0,0,0,0,0,0,0,0,0,0,37,0,0,235,1,1,0,0,1,1,1,1,1,1,2,2,0,0,0,0
309,WLNM_dir_neg,1,0.5,00:00:12,10,10,35,1979945708,threshold_sweep,0.3,1,1,1,2,0,0,4,1,1,0,0,1,1,1,1,0.555555555556,1,1,1,37,35,2,0,37,0,35,0,2,17,37,0.136029411765,1.88235294118,4.35294117647,3.36363636364,2.84615384615,1.69341284359,0.389027274878,0.193958664547,2.09866904602,0.964253345467,0.518282988871,1.87867287326,0.863174022847,0.470588235294,0.786197569093,0.41766745858,2.25,1.88235294118,0.786197569093,2.25,0.166339869281,0.0612244897959,3,0.00441176470588,0.185952380952,17,17,17,1,0,0.352941176471,0.411764705882,0.235294117647,17,0.128676470588,1.90196078431,4.11764705882,3.18181818182,2.69230769231,1.57648156274,0.382859808093,0.201680672269,2.01465221053,0.978545359402,0.524369747899,1.74894926439,0.849489642704,0.463865546218,0.814492905316,0.428238537847,2.33333333333,1.90196078431,0.814492905316,2.33333333333,0,0,0,0,0.164242424242,17,17,17,1,0,0.352941176471,0.411764705882,0.235294117647,17,37,0.136029411765,1.88235294118,4.35294117647,3.36363636364,2.84615384615,1.69341284359,0.389027274878,0.193958664547,2.09866904602,0.964253345467,0.518282988871,1.87867287326,0.863174022847,0.470588235294,0.786197569093,0.41766745858,2.25,1.88235294118,0.786197569093,2.25,0.166339869281,0.0612244897959,3,0.00441176470588,0.185952380952,17,17,17,1,0,0.352941176471,0.411764705882,0.235294117647,0,0,0,0,0,0,0,0,0,0,0,0,0,0,0,0,0,0,0,0,0,0,0,0,0,0,0,0,0,37,0,0,235,1,1,0,0,1,1,1,1,1,1,2,2,0,0,0,0
310,WLNM_dir_neg,1,0.5,00:00:12,10,10,35,1979945708,threshold_sweep,0.4,1,1,1,2,0,0,4,1,1,0,0,1,1,1,1,0.555555555556,1,1,1,37,35,2,0,37,0,35,0,2,17,37,0.136029411765,1.88235294118,4.35294117647,3.36363636364,2.84615384615,1.69341284359,0.389027274878,0.193958664547,2.09866904602,0.964253345467,0.518282988871,1.87867287326,0.863174022847,0.470588235294,0.786197569093,0.41766745858,2.25,1.88235294118,0.786197569093,2.25,0.166339869281,0.0612244897959,3,0.00441176470588,0.185952380952,17,17,17,1,0,0.352941176471,0.411764705882,0.235294117647,17,0.128676470588,1.90196078431,4.11764705882,3.18181818182,2.69230769231,1.57648156274,0.382859808093,0.201680672269,2.01465221053,0.978545359402,0.524369747899,1.74894926439,0.849489642704,0.463865546218,0.814492905316,0.428238537847,2.33333333333,1.90196078431,0.814492905316,2.33333333333,0,0,0,0,0.164242424242,17,17,17,1,0,0.352941176471,0.411764705882,0.235294117647,17,37,0.136029411765,1.88235294118,4.35294117647,3.36363636364,2.84615384615,1.69341284359,0.389027274878,0.193958664547,2.09866904602,0.964253345467,0.518282988871,1.87867287326,0.863174022847,0.470588235294,0.786197569093,0.41766745858,2.25,1.88235294118,0.786197569093,2.25,0.166339869281,0.0612244897959,3,0.00441176470588,0.185952380952,17,17,17,1,0,0.352941176471,0.411764705882,0.235294117647,0,0,0,0,0,0,0,0,0,0,0,0,0,0,0,0,0,0,0,0,0,0,0,0,0,0,0,0,0,37,0,0,235,1,1,0,0,1,1,1,1,1,1,2,2,0,0,0,0
311,WLNM_dir_neg,1,0.5,00:00:12,10,10,35,1979945708,threshold_sweep,0.5,1,1,1,2,0,0,4,1,1,0,0,1,1,1,1,0.555555555556,1,1,1,37,35,2,0,37,0,35,0,2,17,37,0.136029411765,1.88235294118,4.35294117647,3.36363636364,2.84615384615,1.69341284359,0.389027274878,0.193958664547,2.09866904602,0.964253345467,0.518282988871,1.87867287326,0.863174022847,0.470588235294,0.786197569093,0.41766745858,2.25,1.88235294118,0.786197569093,2.25,0.166339869281,0.0612244897959,3,0.00441176470588,0.185952380952,17,17,17,1,0,0.352941176471,0.411764705882,0.235294117647,17,0.128676470588,1.90196078431,4.11764705882,3.18181818182,2.69230769231,1.57648156274,0.382859808093,0.201680672269,2.01465221053,0.978545359402,0.524369747899,1.74894926439,0.849489642704,0.463865546218,0.814492905316,0.428238537847,2.33333333333,1.90196078431,0.814492905316,2.33333333333,0,0,0,0,0.164242424242,17,17,17,1,0,0.352941176471,0.411764705882,0.235294117647,17,37,0.136029411765,1.88235294118,4.35294117647,3.36363636364,2.84615384615,1.69341284359,0.389027274878,0.193958664547,2.09866904602,0.964253345467,0.518282988871,1.87867287326,0.863174022847,0.470588235294,0.786197569093,0.41766745858,2.25,1.88235294118,0.786197569093,2.25,0.166339869281,0.0612244897959,3,0.00441176470588,0.185952380952,17,17,17,1,0,0.352941176471,0.411764705882,0.235294117647,0,0,0,0,0,0,0,0,0,0,0,0,0,0,0,0,0,0,0,0,0,0,0,0,0,0,0,0,0,37,0,0,235,1,1,0,0,1,1,1,1,1,1,2,2,0,0,0,0
312,WLNM_dir_neg,1,0.5,00:00:12,10,10,35,1979945708,threshold_sweep,0.6,1,1,1,2,0,0,4,1,1,0,0,1,1,1,1,0.555555555556,1,1,1,37,35,2,0,37,0,35,0,2,17,37,0.136029411765,1.88235294118,4.35294117647,3.36363636364,2.84615384615,1.69341284359,0.389027274878,0.193958664547,2.09866904602,0.964253345467,0.518282988871,1.87867287326,0.863174022847,0.470588235294,0.786197569093,0.41766745858,2.25,1.88235294118,0.786197569093,2.25,0.166339869281,0.0612244897959,3,0.00441176470588,0.185952380952,17,17,17,1,0,0.352941176471,0.411764705882,0.235294117647,17,0.128676470588,1.90196078431,4.11764705882,3.18181818182,2.69230769231,1.57648156274,0.382859808093,0.201680672269,2.01465221053,0.978545359402,0.524369747899,1.74894926439,0.849489642704,0.463865546218,0.814492905316,0.428238537847,2.33333333333,1.90196078431,0.814492905316,2.33333333333,0,0,0,0,0.164242424242,17,17,17,1,0,0.352941176471,0.411764705882,0.235294117647,17,37,0.136029411765,1.88235294118,4.35294117647,3.36363636364,2.84615384615,1.69341284359,0.389027274878,0.193958664547,2.09866904602,0.964253345467,0.518282988871,1.87867287326,0.863174022847,0.470588235294,0.786197569093,0.41766745858,2.25,1.88235294118,0.786197569093,2.25,0.166339869281,0.0612244897959,3,0.00441176470588,0.185952380952,17,17,17,1,0,0.352941176471,0.411764705882,0.235294117647,0,0,0,0,0,0,0,0,0,0,0,0,0,0,0,0,0,0,0,0,0,0,0,0,0,0,0,0,0,37,0,0,235,1,1,0,0,1,1,1,1,1,1,2,2,0,0,0,0
313,WLNM_dir_neg,1,0.5,00:00:12,10,10,35,1979945708,threshold_sweep,0.7,1,1,1,2,0,0,4,1,1,0,0,1,1,1,1,0.555555555556,1,1,1,37,35,2,0,37,0,35,0,2,17,37,0.136029411765,1.88235294118,4.35294117647,3.36363636364,2.84615384615,1.69341284359,0.389027274878,0.193958664547,2.09866904602,0.964253345467,0.518282988871,1.87867287326,0.863174022847,0.470588235294,0.786197569093,0.41766745858,2.25,1.88235294118,0.786197569093,2.25,0.166339869281,0.0612244897959,3,0.00441176470588,0.185952380952,17,17,17,1,0,0.352941176471,0.411764705882,0.235294117647,17,0.128676470588,1.90196078431,4.11764705882,3.18181818182,2.69230769231,1.57648156274,0.382859808093,0.201680672269,2.01465221053,0.978545359402,0.524369747899,1.74894926439,0.849489642704,0.463865546218,0.814492905316,0.428238537847,2.33333333333,1.90196078431,0.814492905316,2.33333333333,0,0,0,0,0.164242424242,17,17,17,1,0,0.352941176471,0.411764705882,0.235294117647,17,37,0.136029411765,1.88235294118,4.35294117647,3.36363636364,2.84615384615,1.69341284359,0.389027274878,0.193958664547,2.09866904602,0.964253345467,0.518282988871,1.87867287326,0.863174022847,0.470588235294,0.786197569093,0.41766745858,2.25,1.88235294118,0.786197569093,2.25,0.166339869281,0.0612244897959,3,0.00441176470588,0.185952380952,17,17,17,1,0,0.352941176471,0.411764705882,0.235294117647,0,0,0,0,0,0,0,0,0,0,0,0,0,0,0,0,0,0,0,0,0,0,0,0,0,0,0,0,0,37,0,0,235,1,1,0,0,1,1,1,1,1,1,2,2,0,0,0,0
314,WLNM_dir_neg,1,0.5,00:00:12,10,10,35,1979945708,threshold_sweep,0.8,1,1,1,2,0,0,4,1,1,0,0,1,1,1,1,0.555555555556,1,1,1,37,35,2,0,37,0,35,0,2,17,37,0.136029411765,1.88235294118,4.35294117647,3.36363636364,2.84615384615,1.69341284359,0.389027274878,0.193958664547,2.09866904602,0.964253345467,0.518282988871,1.87867287326,0.863174022847,0.470588235294,0.786197569093,0.41766745858,2.25,1.88235294118,0.786197569093,2.25,0.166339869281,0.0612244897959,3,0.00441176470588,0.185952380952,17,17,17,1,0,0.352941176471,0.411764705882,0.235294117647,17,0.128676470588,1.90196078431,4.11764705882,3.18181818182,2.69230769231,1.57648156274,0.382859808093,0.201680672269,2.01465221053,0.978545359402,0.524369747899,1.74894926439,0.849489642704,0.463865546218,0.814492905316,0.428238537847,2.33333333333,1.90196078431,0.814492905316,2.33333333333,0,0,0,0,0.164242424242,17,17,17,1,0,0.352941176471,0.411764705882,0.235294117647,17,37,0.136029411765,1.88235294118,4.35294117647,3.36363636364,2.84615384615,1.69341284359,0.389027274878,0.193958664547,2.09866904602,0.964253345467,0.518282988871,1.87867287326,0.863174022847,0.470588235294,0.786197569093,0.41766745858,2.25,1.88235294118,0.786197569093,2.25,0.166339869281,0.0612244897959,3,0.00441176470588,0.185952380952,17,17,17,1,0,0.352941176471,0.411764705882,0.235294117647,0,0,0,0,0,0,0,0,0,0,0,0,0,0,0,0,0,0,0,0,0,0,0,0,0,0,0,0,0,37,0,0,235,1,1,0,0,1,1,1,1,1,1,2,2,0,0,0,0
315,WLNM_dir_neg,1,0.5,00:00:12,10,10,35,1979945708,threshold_sweep,0.9,1,1,1,2,0,0,4,1,1,0,0,1,1,1,1,0.555555555556,1,1,1,37,35,2,0,37,0,35,0,2,17,37,0.136029411765,1.88235294118,4.35294117647,3.36363636364,2.84615384615,1.69341284359,0.389027274878,0.193958664547,2.09866904602,0.964253345467,0.518282988871,1.87867287326,0.863174022847,0.470588235294,0.786197569093,0.41766745858,2.25,1.88235294118,0.786197569093,2.25,0.166339869281,0.0612244897959,3,0.00441176470588,0.185952380952,17,17,17,1,0,0.352941176471,0.411764705882,0.235294117647,17,0.128676470588,1.90196078431,4.11764705882,3.18181818182,2.69230769231,1.57648156274,0.382859808093,0.201680672269,2.01465221053,0.978545359402,0.524369747899,1.74894926439,0.849489642704,0.463865546218,0.814492905316,0.428238537847,2.33333333333,1.90196078431,0.814492905316,2.33333333333,0,0,0,0,0.164242424242,17,17,17,1,0,0.352941176471,0.411764705882,0.235294117647,17,37,0.136029411765,1.88235294118,4.35294117647,3.36363636364,2.84615384615,1.69341284359,0.389027274878,0.193958664547,2.09866904602,0.964253345467,0.518282988871,1.87867287326,0.863174022847,0.470588235294,0.786197569093,0.41766745858,2.25,1.88235294118,0.786197569093,2.25,0.166339869281,0.0612244897959,3,0.00441176470588,0.185952380952,17,17,17,1,0,0.352941176471,0.411764705882,0.235294117647,0,0,0,0,0,0,0,0,0,0,0,0,0,0,0,0,0,0,0,0,0,0,0,0,0,0,0,0,0,37,0,0,235,1,1,0,0,1,1,1,1,1,1,2,2,0,0,0,0
316,WLNM_dir_neg,1,0.5,00:00:12,10,10,36,1979945709,threshold_sweep,0.1,1,1,1,2,0,0,4,1,1,0,0,1,1,1,1,0.555555555556,1,1,1,37,35,2,0,37,0,35,0,2,17,37,0.136029411765,1.88235294118,4.35294117647,3.36363636364,2.84615384615,1.69341284359,0.389027274878,0.193958664547,2.09866904602,0.964253345467,0.518282988871,1.87867287326,0.863174022847,0.470588235294,0.786197569093,0.41766745858,2.25,1.88235294118,0.786197569093,2.25,0.166339869281,0.0612244897959,3,0.00441176470588,0.185952380952,17,17,17,1,0,0.352941176471,0.411764705882,0.235294117647,17,0.128676470588,1.90196078431,4.11764705882,3.18181818182,2.69230769231,1.57648156274,0.382859808093,0.201680672269,2.01465221053,0.978545359402,0.524369747899,1.74894926439,0.849489642704,0.463865546218,0.814492905316,0.428238537847,2.33333333333,1.90196078431,0.814492905316,2.33333333333,0,0,0,0,0.164242424242,17,17,17,1,0,0.352941176471,0.411764705882,0.235294117647,17,37,0.136029411765,1.88235294118,4.35294117647,3.36363636364,2.84615384615,1.69341284359,0.389027274878,0.193958664547,2.09866904602,0.964253345467,0.518282988871,1.87867287326,0.863174022847,0.470588235294,0.786197569093,0.41766745858,2.25,1.88235294118,0.786197569093,2.25,0.166339869281,0.0612244897959,3,0.00441176470588,0.185952380952,17,17,17,1,0,0.352941176471,0.411764705882,0.235294117647,0,0,0,0,0,0,0,0,0,0,0,0,0,0,0,0,0,0,0,0,0,0,0,0,0,0,0,0,0,37,0,0,235,1,1,0,0,1,1,1,1,1,1,2,2,0,0,0,0
317,WLNM_dir_neg,1,0.5,00:00:12,10,10,36,1979945709,threshold_sweep,0.2,1,1,1,2,0,0,4,1,1,0,0,1,1,1,1,0.555555555556,1,1,1,37,35,2,0,37,0,35,0,2,17,37,0.136029411765,1.88235294118,4.35294117647,3.36363636364,2.84615384615,1.69341284359,0.389027274878,0.193958664547,2.09866904602,0.964253345467,0.518282988871,1.87867287326,0.863174022847,0.470588235294,0.786197569093,0.41766745858,2.25,1.88235294118,0.786197569093,2.25,0.166339869281,0.0612244897959,3,0.00441176470588,0.185952380952,17,17,17,1,0,0.352941176471,0.411764705882,0.235294117647,17,0.128676470588,1.90196078431,4.11764705882,3.18181818182,2.69230769231,1.57648156274,0.382859808093,0.201680672269,2.01465221053,0.978545359402,0.524369747899,1.74894926439,0.849489642704,0.463865546218,0.814492905316,0.428238537847,2.33333333333,1.90196078431,0.814492905316,2.33333333333,0,0,0,0,0.164242424242,17,17,17,1,0,0.352941176471,0.411764705882,0.235294117647,17,37,0.136029411765,1.88235294118,4.35294117647,3.36363636364,2.84615384615,1.69341284359,0.389027274878,0.193958664547,2.09866904602,0.964253345467,0.518282988871,1.87867287326,0.863174022847,0.470588235294,0.786197569093,0.41766745858,2.25,1.88235294118,0.786197569093,2.25,0.166339869281,0.0612244897959,3,0.00441176470588,0.185952380952,17,17,17,1,0,0.352941176471,0.411764705882,0.235294117647,0,0,0,0,0,0,0,0,0,0,0,0,0,0,0,0,0,0,0,0,0,0,0,0,0,0,0,0,0,37,0,0,235,1,1,0,0,1,1,1,1,1,1,2,2,0,0,0,0
318,WLNM_dir_neg,1,0.5,00:00:12,10,10,36,1979945709,threshold_sweep,0.3,1,1,1,2,0,0,4,1,1,0,0,1,1,1,1,0.555555555556,1,1,1,37,35,2,0,37,0,35,0,2,17,37,0.136029411765,1.88235294118,4.35294117647,3.36363636364,2.84615384615,1.69341284359,0.389027274878,0.193958664547,2.09866904602,0.964253345467,0.518282988871,1.87867287326,0.863174022847,0.470588235294,0.786197569093,0.41766745858,2.25,1.88235294118,0.786197569093,2.25,0.166339869281,0.0612244897959,3,0.00441176470588,0.185952380952,17,17,17,1,0,0.352941176471,0.411764705882,0.235294117647,17,0.128676470588,1.90196078431,4.11764705882,3.18181818182,2.69230769231,1.57648156274,0.382859808093,0.201680672269,2.01465221053,0.978545359402,0.524369747899,1.74894926439,0.849489642704,0.463865546218,0.814492905316,0.428238537847,2.33333333333,1.90196078431,0.814492905316,2.33333333333,0,0,0,0,0.164242424242,17,17,17,1,0,0.352941176471,0.411764705882,0.235294117647,17,37,0.136029411765,1.88235294118,4.35294117647,3.36363636364,2.84615384615,1.69341284359,0.389027274878,0.193958664547,2.09866904602,0.964253345467,0.518282988871,1.87867287326,0.863174022847,0.470588235294,0.786197569093,0.41766745858,2.25,1.88235294118,0.786197569093,2.25,0.166339869281,0.0612244897959,3,0.00441176470588,0.185952380952,17,17,17,1,0,0.352941176471,0.411764705882,0.235294117647,0,0,0,0,0,0,0,0,0,0,0,0,0,0,0,0,0,0,0,0,0,0,0,0,0,0,0,0,0,37,0,0,235,1,1,0,0,1,1,1,1,1,1,2,2,0,0,0,0
319,WLNM_dir_neg,1,0.5,00:00:12,10,10,36,1979945709,threshold_sweep,0.4,1,1,1,2,0,0,4,1,1,0,0,1,1,1,1,0.555555555556,1,1,1,37,35,2,0,37,0,35,0,2,17,37,0.136029411765,1.88235294118,4.35294117647,3.36363636364,2.84615384615,1.69341284359,0.389027274878,0.193958664547,2.09866904602,0.964253345467,0.518282988871,1.87867287326,0.863174022847,0.470588235294,0.786197569093,0.41766745858,2.25,1.88235294118,0.786197569093,2.25,0.166339869281,0.0612244897959,3,0.00441176470588,0.185952380952,17,17,17,1,0,0.352941176471,0.411764705882,0.235294117647,17,0.128676470588,1.90196078431,4.11764705882,3.18181818182,2.69230769231,1.57648156274,0.382859808093,0.201680672269,2.01465221053,0.978545359402,0.524369747899,1.74894926439,0.849489642704,0.463865546218,0.814492905316,0.428238537847,2.33333333333,1.90196078431,0.814492905316,2.33333333333,0,0,0,0,0.164242424242,17,17,17,1,0,0.352941176471,0.411764705882,0.235294117647,17,37,0.136029411765,1.88235294118,4.35294117647,3.36363636364,2.84615384615,1.69341284359,0.389027274878,0.193958664547,2.09866904602,0.964253345467,0.518282988871,1.87867287326,0.863174022847,0.470588235294,0.786197569093,0.41766745858,2.25,1.88235294118,0.786197569093,2.25,0.166339869281,0.0612244897959,3,0.00441176470588,0.185952380952,17,17,17,1,0,0.352941176471,0.411764705882,0.235294117647,0,0,0,0,0,0,0,0,0,0,0,0,0,0,0,0,0,0,0,0,0,0,0,0,0,0,0,0,0,37,0,0,235,1,1,0,0,1,1,1,1,1,1,2,2,0,0,0,0
320,WLNM_dir_neg,1,0.5,00:00:12,10,10,36,1979945709,threshold_sweep,0.5,1,1,1,2,0,0,4,1,1,0,0,1,1,1,1,0.555555555556,1,1,1,37,35,2,0,37,0,35,0,2,17,37,0.136029411765,1.88235294118,4.35294117647,3.36363636364,2.84615384615,1.69341284359,0.389027274878,0.193958664547,2.09866904602,0.964253345467,0.518282988871,1.87867287326,0.863174022847,0.470588235294,0.786197569093,0.41766745858,2.25,1.88235294118,0.786197569093,2.25,0.166339869281,0.0612244897959,3,0.00441176470588,0.185952380952,17,17,17,1,0,0.352941176471,0.411764705882,0.235294117647,17,0.128676470588,1.90196078431,4.11764705882,3.18181818182,2.69230769231,1.57648156274,0.382859808093,0.201680672269,2.01465221053,0.978545359402,0.524369747899,1.74894926439,0.849489642704,0.463865546218,0.814492905316,0.428238537847,2.33333333333,1.90196078431,0.814492905316,2.33333333333,0,0,0,0,0.164242424242,17,17,17,1,0,0.352941176471,0.411764705882,0.235294117647,17,37,0.136029411765,1.88235294118,4.35294117647,3.36363636364,2.84615384615,1.69341284359,0.389027274878,0.193958664547,2.09866904602,0.964253345467,0.518282988871,1.87867287326,0.863174022847,0.470588235294,0.786197569093,0.41766745858,2.25,1.88235294118,0.786197569093,2.25,0.166339869281,0.0612244897959,3,0.00441176470588,0.185952380952,17,17,17,1,0,0.352941176471,0.411764705882,0.235294117647,0,0,0,0,0,0,0,0,0,0,0,0,0,0,0,0,0,0,0,0,0,0,0,0,0,0,0,0,0,37,0,0,235,1,1,0,0,1,1,1,1,1,1,2,2,0,0,0,0
321,WLNM_dir_neg,1,0.5,00:00:12,10,10,36,1979945709,threshold_sweep,0.6,1,1,1,2,0,0,4,1,1,0,0,1,1,1,1,0.555555555556,1,1,1,37,35,2,0,37,0,35,0,2,17,37,0.136029411765,1.88235294118,4.35294117647,3.36363636364,2.84615384615,1.69341284359,0.389027274878,0.193958664547,2.09866904602,0.964253345467,0.518282988871,1.87867287326,0.863174022847,0.470588235294,0.786197569093,0.41766745858,2.25,1.88235294118,0.786197569093,2.25,0.166339869281,0.0612244897959,3,0.00441176470588,0.185952380952,17,17,17,1,0,0.352941176471,0.411764705882,0.235294117647,17,0.128676470588,1.90196078431,4.11764705882,3.18181818182,2.69230769231,1.57648156274,0.382859808093,0.201680672269,2.01465221053,0.978545359402,0.524369747899,1.74894926439,0.849489642704,0.463865546218,0.814492905316,0.428238537847,2.33333333333,1.90196078431,0.814492905316,2.33333333333,0,0,0,0,0.164242424242,17,17,17,1,0,0.352941176471,0.411764705882,0.235294117647,17,37,0.136029411765,1.88235294118,4.35294117647,3.36363636364,2.84615384615,1.69341284359,0.389027274878,0.193958664547,2.09866904602,0.964253345467,0.518282988871,1.87867287326,0.863174022847,0.470588235294,0.786197569093,0.41766745858,2.25,1.88235294118,0.786197569093,2.25,0.166339869281,0.0612244897959,3,0.00441176470588,0.185952380952,17,17,17,1,0,0.352941176471,0.411764705882,0.235294117647,0,0,0,0,0,0,0,0,0,0,0,0,0,0,0,0,0,0,0,0,0,0,0,0,0,0,0,0,0,37,0,0,235,1,1,0,0,1,1,1,1,1,1,2,2,0,0,0,0
322,WLNM_dir_neg,1,0.5,00:00:12,10,10,36,1979945709,threshold_sweep,0.7,1,1,1,2,0,0,4,1,1,0,0,1,1,1,1,0.555555555556,1,1,1,37,35,2,0,37,0,35,0,2,17,37,0.136029411765,1.88235294118,4.35294117647,3.36363636364,2.84615384615,1.69341284359,0.389027274878,0.193958664547,2.09866904602,0.964253345467,0.518282988871,1.87867287326,0.863174022847,0.470588235294,0.786197569093,0.41766745858,2.25,1.88235294118,0.786197569093,2.25,0.166339869281,0.0612244897959,3,0.00441176470588,0.185952380952,17,17,17,1,0,0.352941176471,0.411764705882,0.235294117647,17,0.128676470588,1.90196078431,4.11764705882,3.18181818182,2.69230769231,1.57648156274,0.382859808093,0.201680672269,2.01465221053,0.978545359402,0.524369747899,1.74894926439,0.849489642704,0.463865546218,0.814492905316,0.428238537847,2.33333333333,1.90196078431,0.814492905316,2.33333333333,0,0,0,0,0.164242424242,17,17,17,1,0,0.352941176471,0.411764705882,0.235294117647,17,37,0.136029411765,1.88235294118,4.35294117647,3.36363636364,2.84615384615,1.69341284359,0.389027274878,0.193958664547,2.09866904602,0.964253345467,0.518282988871,1.87867287326,0.863174022847,0.470588235294,0.786197569093,0.41766745858,2.25,1.88235294118,0.786197569093,2.25,0.166339869281,0.0612244897959,3,0.00441176470588,0.185952380952,17,17,17,1,0,0.352941176471,0.411764705882,0.235294117647,0,0,0,0,0,0,0,0,0,0,0,0,0,0,0,0,0,0,0,0,0,0,0,0,0,0,0,0,0,37,0,0,235,1,1,0,0,1,1,1,1,1,1,2,2,0,0,0,0
323,WLNM_dir_neg,1,0.5,00:00:12,10,10,36,1979945709,threshold_sweep,0.8,1,1,1,2,0,0,4,1,1,0,0,1,1,1,1,0.555555555556,1,1,1,37,35,2,0,37,0,35,0,2,17,37,0.136029411765,1.88235294118,4.35294117647,3.36363636364,2.84615384615,1.69341284359,0.389027274878,0.193958664547,2.09866904602,0.964253345467,0.518282988871,1.87867287326,0.863174022847,0.470588235294,0.786197569093,0.41766745858,2.25,1.88235294118,0.786197569093,2.25,0.166339869281,0.0612244897959,3,0.00441176470588,0.185952380952,17,17,17,1,0,0.352941176471,0.411764705882,0.235294117647,17,0.128676470588,1.90196078431,4.11764705882,3.18181818182,2.69230769231,1.57648156274,0.382859808093,0.201680672269,2.01465221053,0.978545359402,0.524369747899,1.74894926439,0.849489642704,0.463865546218,0.814492905316,0.428238537847,2.33333333333,1.90196078431,0.814492905316,2.33333333333,0,0,0,0,0.164242424242,17,17,17,1,0,0.352941176471,0.411764705882,0.235294117647,17,37,0.136029411765,1.88235294118,4.35294117647,3.36363636364,2.84615384615,1.69341284359,0.389027274878,0.193958664547,2.09866904602,0.964253345467,0.518282988871,1.87867287326,0.863174022847,0.470588235294,0.786197569093,0.41766745858,2.25,1.88235294118,0.786197569093,2.25,0.166339869281,0.0612244897959,3,0.00441176470588,0.185952380952,17,17,17,1,0,0.352941176471,0.411764705882,0.235294117647,0,0,0,0,0,0,0,0,0,0,0,0,0,0,0,0,0,0,0,0,0,0,0,0,0,0,0,0,0,37,0,0,235,1,1,0,0,1,1,1,1,1,1,2,2,0,0,0,0
324,WLNM_dir_neg,1,0.5,00:00:12,10,10,36,1979945709,threshold_sweep,0.9,1,1,1,2,0,0,4,1,1,0,0,1,1,1,1,0.555555555556,1,1,1,37,35,2,0,37,0,35,0,2,17,37,0.136029411765,1.88235294118,4.35294117647,3.36363636364,2.84615384615,1.69341284359,0.389027274878,0.193958664547,2.09866904602,0.964253345467,0.518282988871,1.87867287326,0.863174022847,0.470588235294,0.786197569093,0.41766745858,2.25,1.88235294118,0.786197569093,2.25,0.166339869281,0.0612244897959,3,0.00441176470588,0.185952380952,17,17,17,1,0,0.352941176471,0.411764705882,0.235294117647,17,0.128676470588,1.90196078431,4.11764705882,3.18181818182,2.69230769231,1.57648156274,0.382859808093,0.201680672269,2.01465221053,0.978545359402,0.524369747899,1.74894926439,0.849489642704,0.463865546218,0.814492905316,0.428238537847,2.33333333333,1.90196078431,0.814492905316,2.33333333333,0,0,0,0,0.164242424242,17,17,17,1,0,0.352941176471,0.411764705882,0.235294117647,17,37,0.136029411765,1.88235294118,4.35294117647,3.36363636364,2.84615384615,1.69341284359,0.389027274878,0.193958664547,2.09866904602,0.964253345467,0.518282988871,1.87867287326,0.863174022847,0.470588235294,0.786197569093,0.41766745858,2.25,1.88235294118,0.786197569093,2.25,0.166339869281,0.0612244897959,3,0.00441176470588,0.185952380952,17,17,17,1,0,0.352941176471,0.411764705882,0.235294117647,0,0,0,0,0,0,0,0,0,0,0,0,0,0,0,0,0,0,0,0,0,0,0,0,0,0,0,0,0,37,0,0,235,1,1,0,0,1,1,1,1,1,1,2,2,0,0,0,0
325,WLNM_dir_neg,1,0.5,00:00:12,10,10,37,1979945710,threshold_sweep,0.1,1,1,1,2,0,0,4,1,1,0,0,1,1,1,1,0.555555555556,1,1,1,37,35,2,0,37,0,35,0,2,17,37,0.136029411765,1.88235294118,4.35294117647,3.36363636364,2.84615384615,1.69341284359,0.389027274878,0.193958664547,2.09866904602,0.964253345467,0.518282988871,1.87867287326,0.863174022847,0.470588235294,0.786197569093,0.41766745858,2.25,1.88235294118,0.786197569093,2.25,0.166339869281,0.0612244897959,3,0.00441176470588,0.185952380952,17,17,17,1,0,0.352941176471,0.411764705882,0.235294117647,17,0.128676470588,1.90196078431,4.11764705882,3.18181818182,2.69230769231,1.57648156274,0.382859808093,0.201680672269,2.01465221053,0.978545359402,0.524369747899,1.74894926439,0.849489642704,0.463865546218,0.814492905316,0.428238537847,2.33333333333,1.90196078431,0.814492905316,2.33333333333,0,0,0,0,0.164242424242,17,17,17,1,0,0.352941176471,0.411764705882,0.235294117647,17,37,0.136029411765,1.88235294118,4.35294117647,3.36363636364,2.84615384615,1.69341284359,0.389027274878,0.193958664547,2.09866904602,0.964253345467,0.518282988871,1.87867287326,0.863174022847,0.470588235294,0.786197569093,0.41766745858,2.25,1.88235294118,0.786197569093,2.25,0.166339869281,0.0612244897959,3,0.00441176470588,0.185952380952,17,17,17,1,0,0.352941176471,0.411764705882,0.235294117647,0,0,0,0,0,0,0,0,0,0,0,0,0,0,0,0,0,0,0,0,0,0,0,0,0,0,0,0,0,37,0,0,235,1,1,0,0,1,1,1,1,1,1,2,2,0,0,0,0
326,WLNM_dir_neg,1,0.5,00:00:12,10,10,37,1979945710,threshold_sweep,0.2,1,1,1,2,0,0,4,1,1,0,0,1,1,1,1,0.555555555556,1,1,1,37,35,2,0,37,0,35,0,2,17,37,0.136029411765,1.88235294118,4.35294117647,3.36363636364,2.84615384615,1.69341284359,0.389027274878,0.193958664547,2.09866904602,0.964253345467,0.518282988871,1.87867287326,0.863174022847,0.470588235294,0.786197569093,0.41766745858,2.25,1.88235294118,0.786197569093,2.25,0.166339869281,0.0612244897959,3,0.00441176470588,0.185952380952,17,17,17,1,0,0.352941176471,0.411764705882,0.235294117647,17,0.128676470588,1.90196078431,4.11764705882,3.18181818182,2.69230769231,1.57648156274,0.382859808093,0.201680672269,2.01465221053,0.978545359402,0.524369747899,1.74894926439,0.849489642704,0.463865546218,0.814492905316,0.428238537847,2.33333333333,1.90196078431,0.814492905316,2.33333333333,0,0,0,0,0.164242424242,17,17,17,1,0,0.352941176471,0.411764705882,0.235294117647,17,37,0.136029411765,1.88235294118,4.35294117647,3.36363636364,2.84615384615,1.69341284359,0.389027274878,0.193958664547,2.09866904602,0.964253345467,0.518282988871,1.87867287326,0.863174022847,0.470588235294,0.786197569093,0.41766745858,2.25,1.88235294118,0.786197569093,2.25,0.166339869281,0.0612244897959,3,0.00441176470588,0.185952380952,17,17,17,1,0,0.352941176471,0.411764705882,0.235294117647,0,0,0,0,0,0,0,0,0,0,0,0,0,0,0,0,0,0,0,0,0,0,0,0,0,0,0,0,0,37,0,0,235,1,1,0,0,1,1,1,1,1,1,2,2,0,0,0,0
327,WLNM_dir_neg,1,0.5,00:00:12,10,10,37,1979945710,threshold_sweep,0.3,1,1,1,2,0,0,4,1,1,0,0,1,1,1,1,0.555555555556,1,1,1,37,35,2,0,37,0,35,0,2,17,37,0.136029411765,1.88235294118,4.35294117647,3.36363636364,2.84615384615,1.69341284359,0.389027274878,0.193958664547,2.09866904602,0.964253345467,0.518282988871,1.87867287326,0.863174022847,0.470588235294,0.786197569093,0.41766745858,2.25,1.88235294118,0.786197569093,2.25,0.166339869281,0.0612244897959,3,0.00441176470588,0.185952380952,17,17,17,1,0,0.352941176471,0.411764705882,0.235294117647,17,0.128676470588,1.90196078431,4.11764705882,3.18181818182,2.69230769231,1.57648156274,0.382859808093,0.201680672269,2.01465221053,0.978545359402,0.524369747899,1.74894926439,0.849489642704,0.463865546218,0.814492905316,0.428238537847,2.33333333333,1.90196078431,0.814492905316,2.33333333333,0,0,0,0,0.164242424242,17,17,17,1,0,0.352941176471,0.411764705882,0.235294117647,17,37,0.136029411765,1.88235294118,4.35294117647,3.36363636364,2.84615384615,1.69341284359,0.389027274878,0.193958664547,2.09866904602,0.964253345467,0.518282988871,1.87867287326,0.863174022847,0.470588235294,0.786197569093,0.41766745858,2.25,1.88235294118,0.786197569093,2.25,0.166339869281,0.0612244897959,3,0.00441176470588,0.185952380952,17,17,17,1,0,0.352941176471,0.411764705882,0.235294117647,0,0,0,0,0,0,0,0,0,0,0,0,0,0,0,0,0,0,0,0,0,0,0,0,0,0,0,0,0,37,0,0,235,1,1,0,0,1,1,1,1,1,1,2,2,0,0,0,0
328,WLNM_dir_neg,1,0.5,00:00:12,10,10,37,1979945710,threshold_sweep,0.4,1,1,1,2,0,0,4,1,1,0,0,1,1,1,1,0.555555555556,1,1,1,37,35,2,0,37,0,35,0,2,17,37,0.136029411765,1.88235294118,4.35294117647,3.36363636364,2.84615384615,1.69341284359,0.389027274878,0.193958664547,2.09866904602,0.964253345467,0.518282988871,1.87867287326,0.863174022847,0.470588235294,0.786197569093,0.41766745858,2.25,1.88235294118,0.786197569093,2.25,0.166339869281,0.0612244897959,3,0.00441176470588,0.185952380952,17,17,17,1,0,0.352941176471,0.411764705882,0.235294117647,17,0.128676470588,1.90196078431,4.11764705882,3.18181818182,2.69230769231,1.57648156274,0.382859808093,0.201680672269,2.01465221053,0.978545359402,0.524369747899,1.74894926439,0.849489642704,0.463865546218,0.814492905316,0.428238537847,2.33333333333,1.90196078431,0.814492905316,2.33333333333,0,0,0,0,0.164242424242,17,17,17,1,0,0.352941176471,0.411764705882,0.235294117647,17,37,0.136029411765,1.88235294118,4.35294117647,3.36363636364,2.84615384615,1.69341284359,0.389027274878,0.193958664547,2.09866904602,0.964253345467,0.518282988871,1.87867287326,0.863174022847,0.470588235294,0.786197569093,0.41766745858,2.25,1.88235294118,0.786197569093,2.25,0.166339869281,0.0612244897959,3,0.00441176470588,0.185952380952,17,17,17,1,0,0.352941176471,0.411764705882,0.235294117647,0,0,0,0,0,0,0,0,0,0,0,0,0,0,0,0,0,0,0,0,0,0,0,0,0,0,0,0,0,37,0,0,235,1,1,0,0,1,1,1,1,1,1,2,2,0,0,0,0
329,WLNM_dir_neg,1,0.5,00:00:12,10,10,37,1979945710,threshold_sweep,0.5,1,1,1,2,0,0,4,1,1,0,0,1,1,1,1,0.555555555556,1,1,1,37,35,2,0,37,0,35,0,2,17,37,0.136029411765,1.88235294118,4.35294117647,3.36363636364,2.84615384615,1.69341284359,0.389027274878,0.193958664547,2.09866904602,0.964253345467,0.518282988871,1.87867287326,0.863174022847,0.470588235294,0.786197569093,0.41766745858,2.25,1.88235294118,0.786197569093,2.25,0.166339869281,0.0612244897959,3,0.00441176470588,0.185952380952,17,17,17,1,0,0.352941176471,0.411764705882,0.235294117647,17,0.128676470588,1.90196078431,4.11764705882,3.18181818182,2.69230769231,1.57648156274,0.382859808093,0.201680672269,2.01465221053,0.978545359402,0.524369747899,1.74894926439,0.849489642704,0.463865546218,0.814492905316,0.428238537847,2.33333333333,1.90196078431,0.814492905316,2.33333333333,0,0,0,0,0.164242424242,17,17,17,1,0,0.352941176471,0.411764705882,0.235294117647,17,37,0.136029411765,1.88235294118,4.35294117647,3.36363636364,2.84615384615,1.69341284359,0.389027274878,0.193958664547,2.09866904602,0.964253345467,0.518282988871,1.87867287326,0.863174022847,0.470588235294,0.786197569093,0.41766745858,2.25,1.88235294118,0.786197569093,2.25,0.166339869281,0.0612244897959,3,0.00441176470588,0.185952380952,17,17,17,1,0,0.352941176471,0.411764705882,0.235294117647,0,0,0,0,0,0,0,0,0,0,0,0,0,0,0,0,0,0,0,0,0,0,0,0,0,0,0,0,0,37,0,0,235,1,1,0,0,1,1,1,1,1,1,2,2,0,0,0,0
330,WLNM_dir_neg,1,0.5,00:00:12,10,10,37,1979945710,threshold_sweep,0.6,1,1,1,2,0,0,4,1,1,0,0,1,1,1,1,0.555555555556,1,1,1,37,35,2,0,37,0,35,0,2,17,37,0.136029411765,1.88235294118,4.35294117647,3.36363636364,2.84615384615,1.69341284359,0.389027274878,0.193958664547,2.09866904602,0.964253345467,0.518282988871,1.87867287326,0.863174022847,0.470588235294,0.786197569093,0.41766745858,2.25,1.88235294118,0.786197569093,2.25,0.166339869281,0.0612244897959,3,0.00441176470588,0.185952380952,17,17,17,1,0,0.352941176471,0.411764705882,0.235294117647,17,0.128676470588,1.90196078431,4.11764705882,3.18181818182,2.69230769231,1.57648156274,0.382859808093,0.201680672269,2.01465221053,0.978545359402,0.524369747899,1.74894926439,0.849489642704,0.463865546218,0.814492905316,0.428238537847,2.33333333333,1.90196078431,0.814492905316,2.33333333333,0,0,0,0,0.164242424242,17,17,17,1,0,0.352941176471,0.411764705882,0.235294117647,17,37,0.136029411765,1.88235294118,4.35294117647,3.36363636364,2.84615384615,1.69341284359,0.389027274878,0.193958664547,2.09866904602,0.964253345467,0.518282988871,1.87867287326,0.863174022847,0.470588235294,0.786197569093,0.41766745858,2.25,1.88235294118,0.786197569093,2.25,0.166339869281,0.0612244897959,3,0.00441176470588,0.185952380952,17,17,17,1,0,0.352941176471,0.411764705882,0.235294117647,0,0,0,0,0,0,0,0,0,0,0,0,0,0,0,0,0,0,0,0,0,0,0,0,0,0,0,0,0,37,0,0,235,1,1,0,0,1,1,1,1,1,1,2,2,0,0,0,0
331,WLNM_dir_neg,1,0.5,00:00:12,10,10,37,1979945710,threshold_sweep,0.7,1,1,1,2,0,0,4,1,1,0,0,1,1,1,1,0.555555555556,1,1,1,37,35,2,0,37,0,35,0,2,17,37,0.136029411765,1.88235294118,4.35294117647,3.36363636364,2.84615384615,1.69341284359,0.389027274878,0.193958664547,2.09866904602,0.964253345467,0.518282988871,1.87867287326,0.863174022847,0.470588235294,0.786197569093,0.41766745858,2.25,1.88235294118,0.786197569093,2.25,0.166339869281,0.0612244897959,3,0.00441176470588,0.185952380952,17,17,17,1,0,0.352941176471,0.411764705882,0.235294117647,17,0.128676470588,1.90196078431,4.11764705882,3.18181818182,2.69230769231,1.57648156274,0.382859808093,0.201680672269,2.01465221053,0.978545359402,0.524369747899,1.74894926439,0.849489642704,0.463865546218,0.814492905316,0.428238537847,2.33333333333,1.90196078431,0.814492905316,2.33333333333,0,0,0,0,0.164242424242,17,17,17,1,0,0.352941176471,0.411764705882,0.235294117647,17,37,0.136029411765,1.88235294118,4.35294117647,3.36363636364,2.84615384615,1.69341284359,0.389027274878,0.193958664547,2.09866904602,0.964253345467,0.518282988871,1.87867287326,0.863174022847,0.470588235294,0.786197569093,0.41766745858,2.25,1.88235294118,0.786197569093,2.25,0.166339869281,0.0612244897959,3,0.00441176470588,0.185952380952,17,17,17,1,0,0.352941176471,0.411764705882,0.235294117647,0,0,0,0,0,0,0,0,0,0,0,0,0,0,0,0,0,0,0,0,0,0,0,0,0,0,0,0,0,37,0,0,235,1,1,0,0,1,1,1,1,1,1,2,2,0,0,0,0
332,WLNM_dir_neg,1,0.5,00:00:12,10,10,37,1979945710,threshold_sweep,0.8,1,1,1,2,0,0,4,1,1,0,0,1,1,1,1,0.555555555556,1,1,1,37,35,2,0,37,0,35,0,2,17,37,0.136029411765,1.88235294118,4.35294117647,3.36363636364,2.84615384615,1.69341284359,0.389027274878,0.193958664547,2.09866904602,0.964253345467,0.518282988871,1.87867287326,0.863174022847,0.470588235294,0.786197569093,0.41766745858,2.25,1.88235294118,0.786197569093,2.25,0.166339869281,0.0612244897959,3,0.00441176470588,0.185952380952,17,17,17,1,0,0.352941176471,0.411764705882,0.235294117647,17,0.128676470588,1.90196078431,4.11764705882,3.18181818182,2.69230769231,1.57648156274,0.382859808093,0.201680672269,2.01465221053,0.978545359402,0.524369747899,1.74894926439,0.849489642704,0.463865546218,0.814492905316,0.428238537847,2.33333333333,1.90196078431,0.814492905316,2.33333333333,0,0,0,0,0.164242424242,17,17,17,1,0,0.352941176471,0.411764705882,0.235294117647,17,37,0.136029411765,1.88235294118,4.35294117647,3.36363636364,2.84615384615,1.69341284359,0.389027274878,0.193958664547,2.09866904602,0.964253345467,0.518282988871,1.87867287326,0.863174022847,0.470588235294,0.786197569093,0.41766745858,2.25,1.88235294118,0.786197569093,2.25,0.166339869281,0.0612244897959,3,0.00441176470588,0.185952380952,17,17,17,1,0,0.352941176471,0.411764705882,0.235294117647,0,0,0,0,0,0,0,0,0,0,0,0,0,0,0,0,0,0,0,0,0,0,0,0,0,0,0,0,0,37,0,0,235,1,1,0,0,1,1,1,1,1,1,2,2,0,0,0,0
333,WLNM_dir_neg,1,0.5,00:00:12,10,10,37,1979945710,threshold_sweep,0.9,1,1,1,2,0,0,4,1,1,0,0,1,1,1,1,0.555555555556,1,1,1,37,35,2,0,37,0,35,0,2,17,37,0.136029411765,1.88235294118,4.35294117647,3.36363636364,2.84615384615,1.69341284359,0.389027274878,0.193958664547,2.09866904602,0.964253345467,0.518282988871,1.87867287326,0.863174022847,0.470588235294,0.786197569093,0.41766745858,2.25,1.88235294118,0.786197569093,2.25,0.166339869281,0.0612244897959,3,0.00441176470588,0.185952380952,17,17,17,1,0,0.352941176471,0.411764705882,0.235294117647,17,0.128676470588,1.90196078431,4.11764705882,3.18181818182,2.69230769231,1.57648156274,0.382859808093,0.201680672269,2.01465221053,0.978545359402,0.524369747899,1.74894926439,0.849489642704,0.463865546218,0.814492905316,0.428238537847,2.33333333333,1.90196078431,0.814492905316,2.33333333333,0,0,0,0,0.164242424242,17,17,17,1,0,0.352941176471,0.411764705882,0.235294117647,17,37,0.136029411765,1.88235294118,4.35294117647,3.36363636364,2.84615384615,1.69341284359,0.389027274878,0.193958664547,2.09866904602,0.964253345467,0.518282988871,1.87867287326,0.863174022847,0.470588235294,0.786197569093,0.41766745858,2.25,1.88235294118,0.786197569093,2.25,0.166339869281,0.0612244897959,3,0.00441176470588,0.185952380952,17,17,17,1,0,0.352941176471,0.411764705882,0.235294117647,0,0,0,0,0,0,0,0,0,0,0,0,0,0,0,0,0,0,0,0,0,0,0,0,0,0,0,0,0,37,0,0,235,1,1,0,0,1,1,1,1,1,1,2,2,0,0,0,0
334,WLNM_dir_neg,1,0.5,00:00:12,10,10,38,1979945711,threshold_sweep,0.1,1,1,1,2,0,0,4,1,1,0,0,1,1,1,1,0.555555555556,1,1,1,37,35,2,0,37,0,35,0,2,17,37,0.136029411765,1.88235294118,4.35294117647,3.36363636364,2.84615384615,1.69341284359,0.389027274878,0.193958664547,2.09866904602,0.964253345467,0.518282988871,1.87867287326,0.863174022847,0.470588235294,0.786197569093,0.41766745858,2.25,1.88235294118,0.786197569093,2.25,0.166339869281,0.0612244897959,3,0.00441176470588,0.185952380952,17,17,17,1,0,0.352941176471,0.411764705882,0.235294117647,17,0.128676470588,1.90196078431,4.11764705882,3.18181818182,2.69230769231,1.57648156274,0.382859808093,0.201680672269,2.01465221053,0.978545359402,0.524369747899,1.74894926439,0.849489642704,0.463865546218,0.814492905316,0.428238537847,2.33333333333,1.90196078431,0.814492905316,2.33333333333,0,0,0,0,0.164242424242,17,17,17,1,0,0.352941176471,0.411764705882,0.235294117647,17,37,0.136029411765,1.88235294118,4.35294117647,3.36363636364,2.84615384615,1.69341284359,0.389027274878,0.193958664547,2.09866904602,0.964253345467,0.518282988871,1.87867287326,0.863174022847,0.470588235294,0.786197569093,0.41766745858,2.25,1.88235294118,0.786197569093,2.25,0.166339869281,0.0612244897959,3,0.00441176470588,0.185952380952,17,17,17,1,0,0.352941176471,0.411764705882,0.235294117647,0,0,0,0,0,0,0,0,0,0,0,0,0,0,0,0,0,0,0,0,0,0,0,0,0,0,0,0,0,37,0,0,235,1,1,0,0,1,1,1,1,1,1,2,2,0,0,0,0
335,WLNM_dir_neg,1,0.5,00:00:12,10,10,38,1979945711,threshold_sweep,0.2,1,1,1,2,0,0,4,1,1,0,0,1,1,1,1,0.555555555556,1,1,1,37,35,2,0,37,0,35,0,2,17,37,0.136029411765,1.88235294118,4.35294117647,3.36363636364,2.84615384615,1.69341284359,0.389027274878,0.193958664547,2.09866904602,0.964253345467,0.518282988871,1.87867287326,0.863174022847,0.470588235294,0.786197569093,0.41766745858,2.25,1.88235294118,0.786197569093,2.25,0.166339869281,0.0612244897959,3,0.00441176470588,0.185952380952,17,17,17,1,0,0.352941176471,0.411764705882,0.235294117647,17,0.128676470588,1.90196078431,4.11764705882,3.18181818182,2.69230769231,1.57648156274,0.382859808093,0.201680672269,2.01465221053,0.978545359402,0.524369747899,1.74894926439,0.849489642704,0.463865546218,0.814492905316,0.428238537847,2.33333333333,1.90196078431,0.814492905316,2.33333333333,0,0,0,0,0.164242424242,17,17,17,1,0,0.352941176471,0.411764705882,0.235294117647,17,37,0.136029411765,1.88235294118,4.35294117647,3.36363636364,2.84615384615,1.69341284359,0.389027274878,0.193958664547,2.09866904602,0.964253345467,0.518282988871,1.87867287326,0.863174022847,0.470588235294,0.786197569093,0.41766745858,2.25,1.88235294118,0.786197569093,2.25,0.166339869281,0.0612244897959,3,0.00441176470588,0.185952380952,17,17,17,1,0,0.352941176471,0.411764705882,0.235294117647,0,0,0,0,0,0,0,0,0,0,0,0,0,0,0,0,0,0,0,0,0,0,0,0,0,0,0,0,0,37,0,0,235,1,1,0,0,1,1,1,1,1,1,2,2,0,0,0,0
336,WLNM_dir_neg,1,0.5,00:00:12,10,10,38,1979945711,threshold_sweep,0.3,1,0.5,0.666666666667,1,0,1,4,0.5,1,0,0.5,1,0.5,0.666666666667,0.833333333333,0.611111111111,0.571428571429,0.632455532034,0.5,37,35,2,0,37,0,35,0,2,17,37,0.136029411765,1.88235294118,4.35294117647,3.36363636364,2.84615384615,1.69341284359,0.389027274878,0.193958664547,2.09866904602,0.964253345467,0.518282988871,1.87867287326,0.863174022847,0.470588235294,0.786197569093,0.41766745858,2.25,1.88235294118,0.786197569093,2.25,0.166339869281,0.0612244897959,3,0.00441176470588,0.185952380952,17,17,17,1,0,0.352941176471,0.411764705882,0.235294117647,17,0.128676470588,1.90196078431,4.11764705882,3.18181818182,2.69230769231,1.57648156274,0.382859808093,0.201680672269,2.01465221053,0.978545359402,0.524369747899,1.74894926439,0.849489642704,0.463865546218,0.814492905316,0.428238537847,2.33333333333,1.90196078431,0.814492905316,2.33333333333,0,0,0,0,0.164242424242,17,17,17,1,0,0.352941176471,0.411764705882,0.235294117647,17,36,0.132352941176,1.89705882353,4.23529411765,3.27272727273,2.76923076923,1.71498585143,0.40492721492,0.204248366013,2.05798302171,0.971825315808,0.522875816993,1.79869233546,0.849382491746,0.464052287582,0.805541469338,0.424626510969,2.25,1.89705882353,0.805541469338,2.25,0.0702614379085,0.0214285714286,1,0.00147058823529,0.175454545455,17,17,17,1,0,0.352941176471,0.411764705882,0.235294117647,-1,-0.00367647058824,0.0147058823529,-0.117647058824,-0.0909090909091,-0.0769230769231,0.0215730078386,0.0158999400418,0.0102897014662,-0.0406860243059,0.00757197034072,0.00459282812224,-0.0799805377942,-0.0137915311015,-0.00653594771242,0.0193439002456,0.00695905238854,0,0.0147058823529,0.0193439002456,0,-0.0960784313725,-0.0397959183673,-2,-0.00294117647059,-0.0104978354978,0,0,0,36,0,1,235,0.972972972973,1,0,0.027027027027,1,0.972972972973,0.986301369863,0.984301887704,0.972972972973,0.972972972973,1,2,0,0,0,0
337,WLNM_dir_neg,1,0.5,00:00:12,10,10,38,1979945711,threshold_sweep,0.4,1,0.5,0.666666666667,1,0,1,4,0.5,1,0,0.5,1,0.5,0.666666666667,0.833333333333,0.611111111111,0.571428571429,0.632455532034,0.5,37,35,2,0,37,0,35,0,2,17,37,0.136029411765,1.88235294118,4.35294117647,3.36363636364,2.84615384615,1.69341284359,0.389027274878,0.193958664547,2.09866904602,0.964253345467,0.518282988871,1.87867287326,0.863174022847,0.470588235294,0.786197569093,0.41766745858,2.25,1.88235294118,0.786197569093,2.25,0.166339869281,0.0612244897959,3,0.00441176470588,0.185952380952,17,17,17,1,0,0.352941176471,0.411764705882,0.235294117647,17,0.128676470588,1.90196078431,4.11764705882,3.18181818182,2.69230769231,1.57648156274,0.382859808093,0.201680672269,2.01465221053,0.978545359402,0.524369747899,1.74894926439,0.849489642704,0.463865546218,0.814492905316,0.428238537847,2.33333333333,1.90196078431,0.814492905316,2.33333333333,0,0,0,0,0.164242424242,17,17,17,1,0,0.352941176471,0.411764705882,0.235294117647,17,36,0.132352941176,1.89705882353,4.23529411765,3.27272727273,2.76923076923,1.71498585143,0.40492721492,0.204248366013,2.05798302171,0.971825315808,0.522875816993,1.79869233546,0.849382491746,0.464052287582,0.805541469338,0.424626510969,2.25,1.89705882353,0.805541469338,2.25,0.0702614379085,0.0214285714286,1,0.00147058823529,0.175454545455,17,17,17,1,0,0.352941176471,0.411764705882,0.235294117647,-1,-0.00367647058824,0.0147058823529,-0.117647058824,-0.0909090909091,-0.0769230769231,0.0215730078386,0.0158999400418,0.0102897014662,-0.0406860243059,0.00757197034072,0.00459282812224,-0.0799805377942,-0.0137915311015,-0.00653594771242,0.0193439002456,0.00695905238854,0,0.0147058823529,0.0193439002456,0,-0.0960784313725,-0.0397959183673,-2,-0.00294117647059,-0.0104978354978,0,0,0,36,0,1,235,0.972972972973,1,0,0.027027027027,1,0.972972972973,0.986301369863,0.984301887704,0.972972972973,0.972972972973,1,2,0,0,0,0
338,WLNM_dir_neg,1,0.5,00:00:12,10,10,38,1979945711,threshold_sweep,0.5,1,0.5,0.666666666667,1,0,1,4,0.5,1,0,0.5,1,0.5,0.666666666667,0.833333333333,0.611111111111,0.571428571429,0.632455532034,0.5,37,35,2,0,37,0,35,0,2,17,37,0.136029411765,1.88235294118,4.35294117647,3.36363636364,2.84615384615,1.69341284359,0.389027274878,0.193958664547,2.09866904602,0.964253345467,0.518282988871,1.87867287326,0.863174022847,0.470588235294,0.786197569093,0.41766745858,2.25,1.88235294118,0.786197569093,2.25,0.166339869281,0.0612244897959,3,0.00441176470588,0.185952380952,17,17,17,1,0,0.352941176471,0.411764705882,0.235294117647,17,0.128676470588,1.90196078431,4.11764705882,3.18181818182,2.69230769231,1.57648156274,0.382859808093,0.201680672269,2.01465221053,0.978545359402,0.524369747899,1.74894926439,0.849489642704,0.463865546218,0.814492905316,0.428238537847,2.33333333333,1.90196078431,0.814492905316,2.33333333333,0,0,0,0,0.164242424242,17,17,17,1,0,0.352941176471,0.411764705882,0.235294117647,17,36,0.132352941176,1.89705882353,4.23529411765,3.27272727273,2.76923076923,1.71498585143,0.40492721492,0.204248366013,2.05798302171,0.971825315808,0.522875816993,1.79869233546,0.849382491746,0.464052287582,0.805541469338,0.424626510969,2.25,1.89705882353,0.805541469338,2.25,0.0702614379085,0.0214285714286,1,0.00147058823529,0.175454545455,17,17,17,1,0,0.352941176471,0.411764705882,0.235294117647,-1,-0.00367647058824,0.0147058823529,-0.117647058824,-0.0909090909091,-0.0769230769231,0.0215730078386,0.0158999400418,0.0102897014662,-0.0406860243059,0.00757197034072,0.00459282812224,-0.0799805377942,-0.0137915311015,-0.00653594771242,0.0193439002456,0.00695905238854,0,0.0147058823529,0.0193439002456,0,-0.0960784313725,-0.0397959183673,-2,-0.00294117647059,-0.0104978354978,0,0,0,36,0,1,235,0.972972972973,1,0,0.027027027027,1,0.972972972973,0.986301369863,0.984301887704,0.972972972973,0.972972972973,1,2,0,0,0,0
339,WLNM_dir_neg,1,0.5,00:00:12,10,10,38,1979945711,threshold_sweep,0.6,1,0.5,0.666666666667,1,0,1,4,0.5,1,0,0.5,1,0.5,0.666666666667,0.833333333333,0.611111111111,0.571428571429,0.632455532034,0.5,37,35,2,0,37,0,35,0,2,17,37,0.136029411765,1.88235294118,4.35294117647,3.36363636364,2.84615384615,1.69341284359,0.389027274878,0.193958664547,2.09866904602,0.964253345467,0.518282988871,1.87867287326,0.863174022847,0.470588235294,0.786197569093,0.41766745858,2.25,1.88235294118,0.786197569093,2.25,0.166339869281,0.0612244897959,3,0.00441176470588,0.185952380952,17,17,17,1,0,0.352941176471,0.411764705882,0.235294117647,17,0.128676470588,1.90196078431,4.11764705882,3.18181818182,2.69230769231,1.57648156274,0.382859808093,0.201680672269,2.01465221053,0.978545359402,0.524369747899,1.74894926439,0.849489642704,0.463865546218,0.814492905316,0.428238537847,2.33333333333,1.90196078431,0.814492905316,2.33333333333,0,0,0,0,0.164242424242,17,17,17,1,0,0.352941176471,0.411764705882,0.235294117647,17,36,0.132352941176,1.89705882353,4.23529411765,3.27272727273,2.76923076923,1.71498585143,0.40492721492,0.204248366013,2.05798302171,0.971825315808,0.522875816993,1.79869233546,0.849382491746,0.464052287582,0.805541469338,0.424626510969,2.25,1.89705882353,0.805541469338,2.25,0.0702614379085,0.0214285714286,1,0.00147058823529,0.175454545455,17,17,17,1,0,0.352941176471,0.411764705882,0.235294117647,-1,-0.00367647058824,0.0147058823529,-0.117647058824,-0.0909090909091,-0.0769230769231,0.0215730078386,0.0158999400418,0.0102897014662,-0.0406860243059,0.00757197034072,0.00459282812224,-0.0799805377942,-0.0137915311015,-0.00653594771242,0.0193439002456,0.00695905238854,0,0.0147058823529,0.0193439002456,0,-0.0960784313725,-0.0397959183673,-2,-0.00294117647059,-0.0104978354978,0,0,0,36,0,1,235,0.972972972973,1,0,0.027027027027,1,0.972972972973,0.986301369863,0.984301887704,0.972972972973,0.972972972973,1,2,0,0,0,0
340,WLNM_dir_neg,1,0.5,00:00:12,10,10,38,1979945711,threshold_sweep,0.7,1,0.5,0.666666666667,1,0,1,4,0.5,1,0,0.5,1,0.5,0.666666666667,0.833333333333,0.611111111111,0.571428571429,0.632455532034,0.5,37,35,2,0,37,0,35,0,2,17,37,0.136029411765,1.88235294118,4.35294117647,3.36363636364,2.84615384615,1.69341284359,0.389027274878,0.193958664547,2.09866904602,0.964253345467,0.518282988871,1.87867287326,0.863174022847,0.470588235294,0.786197569093,0.41766745858,2.25,1.88235294118,0.786197569093,2.25,0.166339869281,0.0612244897959,3,0.00441176470588,0.185952380952,17,17,17,1,0,0.352941176471,0.411764705882,0.235294117647,17,0.128676470588,1.90196078431,4.11764705882,3.18181818182,2.69230769231,1.57648156274,0.382859808093,0.201680672269,2.01465221053,0.978545359402,0.524369747899,1.74894926439,0.849489642704,0.463865546218,0.814492905316,0.428238537847,2.33333333333,1.90196078431,0.814492905316,2.33333333333,0,0,0,0,0.164242424242,17,17,17,1,0,0.352941176471,0.411764705882,0.235294117647,17,36,0.132352941176,1.89705882353,4.23529411765,3.27272727273,2.76923076923,1.71498585143,0.40492721492,0.204248366013,2.05798302171,0.971825315808,0.522875816993,1.79869233546,0.849382491746,0.464052287582,0.805541469338,0.424626510969,2.25,1.89705882353,0.805541469338,2.25,0.0702614379085,0.0214285714286,1,0.00147058823529,0.175454545455,17,17,17,1,0,0.352941176471,0.411764705882,0.235294117647,-1,-0.00367647058824,0.0147058823529,-0.117647058824,-0.0909090909091,-0.0769230769231,0.0215730078386,0.0158999400418,0.0102897014662,-0.0406860243059,0.00757197034072,0.00459282812224,-0.0799805377942,-0.0137915311015,-0.00653594771242,0.0193439002456,0.00695905238854,0,0.0147058823529,0.0193439002456,0,-0.0960784313725,-0.0397959183673,-2,-0.00294117647059,-0.0104978354978,0,0,0,36,0,1,235,0.972972972973,1,0,0.027027027027,1,0.972972972973,0.986301369863,0.984301887704,0.972972972973,0.972972972973,1,2,0,0,0,0
341,WLNM_dir_neg,1,0.5,00:00:12,10,10,38,1979945711,threshold_sweep,0.8,1,0.5,0.666666666667,1,0,1,4,0.5,1,0,0.5,1,0.5,0.666666666667,0.833333333333,0.611111111111,0.571428571429,0.632455532034,0.5,37,35,2,0,37,0,35,0,2,17,37,0.136029411765,1.88235294118,4.35294117647,3.36363636364,2.84615384615,1.69341284359,0.389027274878,0.193958664547,2.09866904602,0.964253345467,0.518282988871,1.87867287326,0.863174022847,0.470588235294,0.786197569093,0.41766745858,2.25,1.88235294118,0.786197569093,2.25,0.166339869281,0.0612244897959,3,0.00441176470588,0.185952380952,17,17,17,1,0,0.352941176471,0.411764705882,0.235294117647,17,0.128676470588,1.90196078431,4.11764705882,3.18181818182,2.69230769231,1.57648156274,0.382859808093,0.201680672269,2.01465221053,0.978545359402,0.524369747899,1.74894926439,0.849489642704,0.463865546218,0.814492905316,0.428238537847,2.33333333333,1.90196078431,0.814492905316,2.33333333333,0,0,0,0,0.164242424242,17,17,17,1,0,0.352941176471,0.411764705882,0.235294117647,17,36,0.132352941176,1.89705882353,4.23529411765,3.27272727273,2.76923076923,1.71498585143,0.40492721492,0.204248366013,2.05798302171,0.971825315808,0.522875816993,1.79869233546,0.849382491746,0.464052287582,0.805541469338,0.424626510969,2.25,1.89705882353,0.805541469338,2.25,0.0702614379085,0.0214285714286,1,0.00147058823529,0.175454545455,17,17,17,1,0,0.352941176471,0.411764705882,0.235294117647,-1,-0.00367647058824,0.0147058823529,-0.117647058824,-0.0909090909091,-0.0769230769231,0.0215730078386,0.0158999400418,0.0102897014662,-0.0406860243059,0.00757197034072,0.00459282812224,-0.0799805377942,-0.0137915311015,-0.00653594771242,0.0193439002456,0.00695905238854,0,0.0147058823529,0.0193439002456,0,-0.0960784313725,-0.0397959183673,-2,-0.00294117647059,-0.0104978354978,0,0,0,36,0,1,235,0.972972972973,1,0,0.027027027027,1,0.972972972973,0.986301369863,0.984301887704,0.972972972973,0.972972972973,1,2,0,0,0,0
342,WLNM_dir_neg,1,0.5,00:00:12,10,10,38,1979945711,threshold_sweep,0.9,1,0.5,0.666666666667,1,0,1,4,0.5,1,0,0.5,1,0.5,0.666666666667,0.833333333333,0.611111111111,0.571428571429,0.632455532034,0.5,37,35,2,0,37,0,35,0,2,17,37,0.136029411765,1.88235294118,4.35294117647,3.36363636364,2.84615384615,1.69341284359,0.389027274878,0.193958664547,2.09866904602,0.964253345467,0.518282988871,1.87867287326,0.863174022847,0.470588235294,0.786197569093,0.41766745858,2.25,1.88235294118,0.786197569093,2.25,0.166339869281,0.0612244897959,3,0.00441176470588,0.185952380952,17,17,17,1,0,0.352941176471,0.411764705882,0.235294117647,17,0.128676470588,1.90196078431,4.11764705882,3.18181818182,2.69230769231,1.57648156274,0.382859808093,0.201680672269,2.01465221053,0.978545359402,0.524369747899,1.74894926439,0.849489642704,0.463865546218,0.814492905316,0.428238537847,2.33333333333,1.90196078431,0.814492905316,2.33333333333,0,0,0,0,0.164242424242,17,17,17,1,0,0.352941176471,0.411764705882,0.235294117647,17,36,0.132352941176,1.89705882353,4.23529411765,3.27272727273,2.76923076923,1.71498585143,0.40492721492,0.204248366013,2.05798302171,0.971825315808,0.522875816993,1.79869233546,0.849382491746,0.464052287582,0.805541469338,0.424626510969,2.25,1.89705882353,0.805541469338,2.25,0.0702614379085,0.0214285714286,1,0.00147058823529,0.175454545455,17,17,17,1,0,0.352941176471,0.411764705882,0.235294117647,-1,-0.00367647058824,0.0147058823529,-0.117647058824,-0.0909090909091,-0.0769230769231,0.0215730078386,0.0158999400418,0.0102897014662,-0.0406860243059,0.00757197034072,0.00459282812224,-0.0799805377942,-0.0137915311015,-0.00653594771242,0.0193439002456,0.00695905238854,0,0.0147058823529,0.0193439002456,0,-0.0960784313725,-0.0397959183673,-2,-0.00294117647059,-0.0104978354978,0,0,0,36,0,1,235,0.972972972973,1,0,0.027027027027,1,0.972972972973,0.986301369863,0.984301887704,0.972972972973,0.972972972973,1,2,0,0,0,0
343,WLNM_dir_neg,1,0.5,00:00:12,10,10,39,1979945712,threshold_sweep,0.1,1,1,1,2,0,0,4,1,1,0,0,1,1,1,1,0.555555555556,1,1,1,37,35,2,0,37,0,35,0,2,17,37,0.136029411765,1.88235294118,4.35294117647,3.36363636364,2.84615384615,1.69341284359,0.389027274878,0.193958664547,2.09866904602,0.964253345467,0.518282988871,1.87867287326,0.863174022847,0.470588235294,0.786197569093,0.41766745858,2.25,1.88235294118,0.786197569093,2.25,0.166339869281,0.0612244897959,3,0.00441176470588,0.185952380952,17,17,17,1,0,0.352941176471,0.411764705882,0.235294117647,17,0.128676470588,1.90196078431,4.11764705882,3.18181818182,2.69230769231,1.57648156274,0.382859808093,0.201680672269,2.01465221053,0.978545359402,0.524369747899,1.74894926439,0.849489642704,0.463865546218,0.814492905316,0.428238537847,2.33333333333,1.90196078431,0.814492905316,2.33333333333,0,0,0,0,0.164242424242,17,17,17,1,0,0.352941176471,0.411764705882,0.235294117647,17,37,0.136029411765,1.88235294118,4.35294117647,3.36363636364,2.84615384615,1.69341284359,0.389027274878,0.193958664547,2.09866904602,0.964253345467,0.518282988871,1.87867287326,0.863174022847,0.470588235294,0.786197569093,0.41766745858,2.25,1.88235294118,0.786197569093,2.25,0.166339869281,0.0612244897959,3,0.00441176470588,0.185952380952,17,17,17,1,0,0.352941176471,0.411764705882,0.235294117647,0,0,0,0,0,0,0,0,0,0,0,0,0,0,0,0,0,0,0,0,0,0,0,0,0,0,0,0,0,37,0,0,235,1,1,0,0,1,1,1,1,1,1,2,2,0,0,0,0
344,WLNM_dir_neg,1,0.5,00:00:12,10,10,39,1979945712,threshold_sweep,0.2,1,1,1,2,0,0,4,1,1,0,0,1,1,1,1,0.555555555556,1,1,1,37,35,2,0,37,0,35,0,2,17,37,0.136029411765,1.88235294118,4.35294117647,3.36363636364,2.84615384615,1.69341284359,0.389027274878,0.193958664547,2.09866904602,0.964253345467,0.518282988871,1.87867287326,0.863174022847,0.470588235294,0.786197569093,0.41766745858,2.25,1.88235294118,0.786197569093,2.25,0.166339869281,0.0612244897959,3,0.00441176470588,0.185952380952,17,17,17,1,0,0.352941176471,0.411764705882,0.235294117647,17,0.128676470588,1.90196078431,4.11764705882,3.18181818182,2.69230769231,1.57648156274,0.382859808093,0.201680672269,2.01465221053,0.978545359402,0.524369747899,1.74894926439,0.849489642704,0.463865546218,0.814492905316,0.428238537847,2.33333333333,1.90196078431,0.814492905316,2.33333333333,0,0,0,0,0.164242424242,17,17,17,1,0,0.352941176471,0.411764705882,0.235294117647,17,37,0.136029411765,1.88235294118,4.35294117647,3.36363636364,2.84615384615,1.69341284359,0.389027274878,0.193958664547,2.09866904602,0.964253345467,0.518282988871,1.87867287326,0.863174022847,0.470588235294,0.786197569093,0.41766745858,2.25,1.88235294118,0.786197569093,2.25,0.166339869281,0.0612244897959,3,0.00441176470588,0.185952380952,17,17,17,1,0,0.352941176471,0.411764705882,0.235294117647,0,0,0,0,0,0,0,0,0,0,0,0,0,0,0,0,0,0,0,0,0,0,0,0,0,0,0,0,0,37,0,0,235,1,1,0,0,1,1,1,1,1,1,2,2,0,0,0,0
345,WLNM_dir_neg,1,0.5,00:00:12,10,10,39,1979945712,threshold_sweep,0.3,1,1,1,2,0,0,4,1,1,0,0,1,1,1,1,0.555555555556,1,1,1,37,35,2,0,37,0,35,0,2,17,37,0.136029411765,1.88235294118,4.35294117647,3.36363636364,2.84615384615,1.69341284359,0.389027274878,0.193958664547,2.09866904602,0.964253345467,0.518282988871,1.87867287326,0.863174022847,0.470588235294,0.786197569093,0.41766745858,2.25,1.88235294118,0.786197569093,2.25,0.166339869281,0.0612244897959,3,0.00441176470588,0.185952380952,17,17,17,1,0,0.352941176471,0.411764705882,0.235294117647,17,0.128676470588,1.90196078431,4.11764705882,3.18181818182,2.69230769231,1.57648156274,0.382859808093,0.201680672269,2.01465221053,0.978545359402,0.524369747899,1.74894926439,0.849489642704,0.463865546218,0.814492905316,0.428238537847,2.33333333333,1.90196078431,0.814492905316,2.33333333333,0,0,0,0,0.164242424242,17,17,17,1,0,0.352941176471,0.411764705882,0.235294117647,17,37,0.136029411765,1.88235294118,4.35294117647,3.36363636364,2.84615384615,1.69341284359,0.389027274878,0.193958664547,2.09866904602,0.964253345467,0.518282988871,1.87867287326,0.863174022847,0.470588235294,0.786197569093,0.41766745858,2.25,1.88235294118,0.786197569093,2.25,0.166339869281,0.0612244897959,3,0.00441176470588,0.185952380952,17,17,17,1,0,0.352941176471,0.411764705882,0.235294117647,0,0,0,0,0,0,0,0,0,0,0,0,0,0,0,0,0,0,0,0,0,0,0,0,0,0,0,0,0,37,0,0,235,1,1,0,0,1,1,1,1,1,1,2,2,0,0,0,0
346,WLNM_dir_neg,1,0.5,00:00:12,10,10,39,1979945712,threshold_sweep,0.4,1,1,1,2,0,0,4,1,1,0,0,1,1,1,1,0.555555555556,1,1,1,37,35,2,0,37,0,35,0,2,17,37,0.136029411765,1.88235294118,4.35294117647,3.36363636364,2.84615384615,1.69341284359,0.389027274878,0.193958664547,2.09866904602,0.964253345467,0.518282988871,1.87867287326,0.863174022847,0.470588235294,0.786197569093,0.41766745858,2.25,1.88235294118,0.786197569093,2.25,0.166339869281,0.0612244897959,3,0.00441176470588,0.185952380952,17,17,17,1,0,0.352941176471,0.411764705882,0.235294117647,17,0.128676470588,1.90196078431,4.11764705882,3.18181818182,2.69230769231,1.57648156274,0.382859808093,0.201680672269,2.01465221053,0.978545359402,0.524369747899,1.74894926439,0.849489642704,0.463865546218,0.814492905316,0.428238537847,2.33333333333,1.90196078431,0.814492905316,2.33333333333,0,0,0,0,0.164242424242,17,17,17,1,0,0.352941176471,0.411764705882,0.235294117647,17,37,0.136029411765,1.88235294118,4.35294117647,3.36363636364,2.84615384615,1.69341284359,0.389027274878,0.193958664547,2.09866904602,0.964253345467,0.518282988871,1.87867287326,0.863174022847,0.470588235294,0.786197569093,0.41766745858,2.25,1.88235294118,0.786197569093,2.25,0.166339869281,0.0612244897959,3,0.00441176470588,0.185952380952,17,17,17,1,0,0.352941176471,0.411764705882,0.235294117647,0,0,0,0,0,0,0,0,0,0,0,0,0,0,0,0,0,0,0,0,0,0,0,0,0,0,0,0,0,37,0,0,235,1,1,0,0,1,1,1,1,1,1,2,2,0,0,0,0
347,WLNM_dir_neg,1,0.5,00:00:12,10,10,39,1979945712,threshold_sweep,0.5,1,1,1,2,0,0,4,1,1,0,0,1,1,1,1,0.555555555556,1,1,1,37,35,2,0,37,0,35,0,2,17,37,0.136029411765,1.88235294118,4.35294117647,3.36363636364,2.84615384615,1.69341284359,0.389027274878,0.193958664547,2.09866904602,0.964253345467,0.518282988871,1.87867287326,0.863174022847,0.470588235294,0.786197569093,0.41766745858,2.25,1.88235294118,0.786197569093,2.25,0.166339869281,0.0612244897959,3,0.00441176470588,0.185952380952,17,17,17,1,0,0.352941176471,0.411764705882,0.235294117647,17,0.128676470588,1.90196078431,4.11764705882,3.18181818182,2.69230769231,1.57648156274,0.382859808093,0.201680672269,2.01465221053,0.978545359402,0.524369747899,1.74894926439,0.849489642704,0.463865546218,0.814492905316,0.428238537847,2.33333333333,1.90196078431,0.814492905316,2.33333333333,0,0,0,0,0.164242424242,17,17,17,1,0,0.352941176471,0.411764705882,0.235294117647,17,37,0.136029411765,1.88235294118,4.35294117647,3.36363636364,2.84615384615,1.69341284359,0.389027274878,0.193958664547,2.09866904602,0.964253345467,0.518282988871,1.87867287326,0.863174022847,0.470588235294,0.786197569093,0.41766745858,2.25,1.88235294118,0.786197569093,2.25,0.166339869281,0.0612244897959,3,0.00441176470588,0.185952380952,17,17,17,1,0,0.352941176471,0.411764705882,0.235294117647,0,0,0,0,0,0,0,0,0,0,0,0,0,0,0,0,0,0,0,0,0,0,0,0,0,0,0,0,0,37,0,0,235,1,1,0,0,1,1,1,1,1,1,2,2,0,0,0,0
348,WLNM_dir_neg,1,0.5,00:00:12,10,10,39,1979945712,threshold_sweep,0.6,1,1,1,2,0,0,4,1,1,0,0,1,1,1,1,0.555555555556,1,1,1,37,35,2,0,37,0,35,0,2,17,37,0.136029411765,1.88235294118,4.35294117647,3.36363636364,2.84615384615,1.69341284359,0.389027274878,0.193958664547,2.09866904602,0.964253345467,0.518282988871,1.87867287326,0.863174022847,0.470588235294,0.786197569093,0.41766745858,2.25,1.88235294118,0.786197569093,2.25,0.166339869281,0.0612244897959,3,0.00441176470588,0.185952380952,17,17,17,1,0,0.352941176471,0.411764705882,0.235294117647,17,0.128676470588,1.90196078431,4.11764705882,3.18181818182,2.69230769231,1.57648156274,0.382859808093,0.201680672269,2.01465221053,0.978545359402,0.524369747899,1.74894926439,0.849489642704,0.463865546218,0.814492905316,0.428238537847,2.33333333333,1.90196078431,0.814492905316,2.33333333333,0,0,0,0,0.164242424242,17,17,17,1,0,0.352941176471,0.411764705882,0.235294117647,17,37,0.136029411765,1.88235294118,4.35294117647,3.36363636364,2.84615384615,1.69341284359,0.389027274878,0.193958664547,2.09866904602,0.964253345467,0.518282988871,1.87867287326,0.863174022847,0.470588235294,0.786197569093,0.41766745858,2.25,1.88235294118,0.786197569093,2.25,0.166339869281,0.0612244897959,3,0.00441176470588,0.185952380952,17,17,17,1,0,0.352941176471,0.411764705882,0.235294117647,0,0,0,0,0,0,0,0,0,0,0,0,0,0,0,0,0,0,0,0,0,0,0,0,0,0,0,0,0,37,0,0,235,1,1,0,0,1,1,1,1,1,1,2,2,0,0,0,0
349,WLNM_dir_neg,1,0.5,00:00:12,10,10,39,1979945712,threshold_sweep,0.7,1,1,1,2,0,0,4,1,1,0,0,1,1,1,1,0.555555555556,1,1,1,37,35,2,0,37,0,35,0,2,17,37,0.136029411765,1.88235294118,4.35294117647,3.36363636364,2.84615384615,1.69341284359,0.389027274878,0.193958664547,2.09866904602,0.964253345467,0.518282988871,1.87867287326,0.863174022847,0.470588235294,0.786197569093,0.41766745858,2.25,1.88235294118,0.786197569093,2.25,0.166339869281,0.0612244897959,3,0.00441176470588,0.185952380952,17,17,17,1,0,0.352941176471,0.411764705882,0.235294117647,17,0.128676470588,1.90196078431,4.11764705882,3.18181818182,2.69230769231,1.57648156274,0.382859808093,0.201680672269,2.01465221053,0.978545359402,0.524369747899,1.74894926439,0.849489642704,0.463865546218,0.814492905316,0.428238537847,2.33333333333,1.90196078431,0.814492905316,2.33333333333,0,0,0,0,0.164242424242,17,17,17,1,0,0.352941176471,0.411764705882,0.235294117647,17,37,0.136029411765,1.88235294118,4.35294117647,3.36363636364,2.84615384615,1.69341284359,0.389027274878,0.193958664547,2.09866904602,0.964253345467,0.518282988871,1.87867287326,0.863174022847,0.470588235294,0.786197569093,0.41766745858,2.25,1.88235294118,0.786197569093,2.25,0.166339869281,0.0612244897959,3,0.00441176470588,0.185952380952,17,17,17,1,0,0.352941176471,0.411764705882,0.235294117647,0,0,0,0,0,0,0,0,0,0,0,0,0,0,0,0,0,0,0,0,0,0,0,0,0,0,0,0,0,37,0,0,235,1,1,0,0,1,1,1,1,1,1,2,2,0,0,0,0
350,WLNM_dir_neg,1,0.5,00:00:12,10,10,39,1979945712,threshold_sweep,0.8,1,1,1,2,0,0,4,1,1,0,0,1,1,1,1,0.555555555556,1,1,1,37,35,2,0,37,0,35,0,2,17,37,0.136029411765,1.88235294118,4.35294117647,3.36363636364,2.84615384615,1.69341284359,0.389027274878,0.193958664547,2.09866904602,0.964253345467,0.518282988871,1.87867287326,0.863174022847,0.470588235294,0.786197569093,0.41766745858,2.25,1.88235294118,0.786197569093,2.25,0.166339869281,0.0612244897959,3,0.00441176470588,0.185952380952,17,17,17,1,0,0.352941176471,0.411764705882,0.235294117647,17,0.128676470588,1.90196078431,4.11764705882,3.18181818182,2.69230769231,1.57648156274,0.382859808093,0.201680672269,2.01465221053,0.978545359402,0.524369747899,1.74894926439,0.849489642704,0.463865546218,0.814492905316,0.428238537847,2.33333333333,1.90196078431,0.814492905316,2.33333333333,0,0,0,0,0.164242424242,17,17,17,1,0,0.352941176471,0.411764705882,0.235294117647,17,37,0.136029411765,1.88235294118,4.35294117647,3.36363636364,2.84615384615,1.69341284359,0.389027274878,0.193958664547,2.09866904602,0.964253345467,0.518282988871,1.87867287326,0.863174022847,0.470588235294,0.786197569093,0.41766745858,2.25,1.88235294118,0.786197569093,2.25,0.166339869281,0.0612244897959,3,0.00441176470588,0.185952380952,17,17,17,1,0,0.352941176471,0.411764705882,0.235294117647,0,0,0,0,0,0,0,0,0,0,0,0,0,0,0,0,0,0,0,0,0,0,0,0,0,0,0,0,0,37,0,0,235,1,1,0,0,1,1,1,1,1,1,2,2,0,0,0,0
351,WLNM_dir_neg,1,0.5,00:00:12,10,10,39,1979945712,threshold_sweep,0.9,1,1,1,2,0,0,4,1,1,0,0,1,1,1,1,0.555555555556,1,1,1,37,35,2,0,37,0,35,0,2,17,37,0.136029411765,1.88235294118,4.35294117647,3.36363636364,2.84615384615,1.69341284359,0.389027274878,0.193958664547,2.09866904602,0.964253345467,0.518282988871,1.87867287326,0.863174022847,0.470588235294,0.786197569093,0.41766745858,2.25,1.88235294118,0.786197569093,2.25,0.166339869281,0.0612244897959,3,0.00441176470588,0.185952380952,17,17,17,1,0,0.352941176471,0.411764705882,0.235294117647,17,0.128676470588,1.90196078431,4.11764705882,3.18181818182,2.69230769231,1.57648156274,0.382859808093,0.201680672269,2.01465221053,0.978545359402,0.524369747899,1.74894926439,0.849489642704,0.463865546218,0.814492905316,0.428238537847,2.33333333333,1.90196078431,0.814492905316,2.33333333333,0,0,0,0,0.164242424242,17,17,17,1,0,0.352941176471,0.411764705882,0.235294117647,17,37,0.136029411765,1.88235294118,4.35294117647,3.36363636364,2.84615384615,1.69341284359,0.389027274878,0.193958664547,2.09866904602,0.964253345467,0.518282988871,1.87867287326,0.863174022847,0.470588235294,0.786197569093,0.41766745858,2.25,1.88235294118,0.786197569093,2.25,0.166339869281,0.0612244897959,3,0.00441176470588,0.185952380952,17,17,17,1,0,0.352941176471,0.411764705882,0.235294117647,0,0,0,0,0,0,0,0,0,0,0,0,0,0,0,0,0,0,0,0,0,0,0,0,0,0,0,0,0,37,0,0,235,1,1,0,0,1,1,1,1,1,1,2,2,0,0,0,0
352,WLNM_dir_neg,0.875,0.291666666667,00:00:12,10,10,40,1979945713,threshold_sweep,0.1,0.666666666667,1,0.8,2,1,0,3,1,0.75,0.25,0,0.666666666667,1,0.8,0.833333333333,0.5,0.666666666667,0.707106781187,0.75,37,35,2,0,37,0,35,0,2,17,37,0.136029411765,1.88235294118,4.35294117647,3.36363636364,2.84615384615,1.69341284359,0.389027274878,0.193958664547,2.09866904602,0.964253345467,0.518282988871,1.87867287326,0.863174022847,0.470588235294,0.786197569093,0.41766745858,2.25,1.88235294118,0.786197569093,2.25,0.166339869281,0.0612244897959,3,0.00441176470588,0.185952380952,17,17,17,1,0,0.352941176471,0.411764705882,0.235294117647,17,0.128676470588,1.90196078431,4.11764705882,3.18181818182,2.69230769231,1.57648156274,0.382859808093,0.201680672269,2.01465221053,0.978545359402,0.524369747899,1.74894926439,0.849489642704,0.463865546218,0.814492905316,0.428238537847,2.33333333333,1.90196078431,0.814492905316,2.33333333333,0,0,0,0,0.164242424242,17,17,17,1,0,0.352941176471,0.411764705882,0.235294117647,17,38,0.139705882353,2.09294117647,4.47058823529,3.16666666667,2.92307692308,1.62471716996,0.36342357749,0.179566563467,2.04723630062,0.915868871331,0.495356037152,1.88843227853,0.84482496671,0.461300309598,0.8705082187,0.415925793083,2.45,2.09294117647,0.8705082187,2.45,0.166339869281,0.0588235294118,3,0.00441176470588,0.161778499278,17,17,17,1,0,0.294117647059,0.470588235294,0.235294117647,1,0.00367647058824,0.210588235294,0.117647058824,-0.19696969697,0.0769230769231,-0.0686956736295,-0.0256036973876,-0.0143921010794,-0.0514327453931,-0.0483844741355,-0.0229269517195,0.00975940527302,-0.018349056137,-0.00928792569659,0.084310649607,-0.00174166549743,0.2,0.210588235294,0.084310649607,0.2,0,-0.00240096038415,0,0,-0.0241738816739,-0.0588235294118,0.0588235294118,0,37,1,0,234,1,0.995744680851,0.00425531914894,0,0.973684210526,1,0.986666666667,0.984652666406,0.995744680851,0.973684210526,3,2,0,0,0,0
353,WLNM_dir_neg,0.875,0.291666666667,00:00:12,10,10,40,1979945713,threshold_sweep,0.2,0.666666666667,1,0.8,2,1,0,3,1,0.75,0.25,0,0.666666666667,1,0.8,0.833333333333,0.5,0.666666666667,0.707106781187,0.75,37,35,2,0,37,0,35,0,2,17,37,0.136029411765,1.88235294118,4.35294117647,3.36363636364,2.84615384615,1.69341284359,0.389027274878,0.193958664547,2.09866904602,0.964253345467,0.518282988871,1.87867287326,0.863174022847,0.470588235294,0.786197569093,0.41766745858,2.25,1.88235294118,0.786197569093,2.25,0.166339869281,0.0612244897959,3,0.00441176470588,0.185952380952,17,17,17,1,0,0.352941176471,0.411764705882,0.235294117647,17,0.128676470588,1.90196078431,4.11764705882,3.18181818182,2.69230769231,1.57648156274,0.382859808093,0.201680672269,2.01465221053,0.978545359402,0.524369747899,1.74894926439,0.849489642704,0.463865546218,0.814492905316,0.428238537847,2.33333333333,1.90196078431,0.814492905316,2.33333333333,0,0,0,0,0.164242424242,17,17,17,1,0,0.352941176471,0.411764705882,0.235294117647,17,38,0.139705882353,2.09294117647,4.47058823529,3.16666666667,2.92307692308,1.62471716996,0.36342357749,0.179566563467,2.04723630062,0.915868871331,0.495356037152,1.88843227853,0.84482496671,0.461300309598,0.8705082187,0.415925793083,2.45,2.09294117647,0.8705082187,2.45,0.166339869281,0.0588235294118,3,0.00441176470588,0.161778499278,17,17,17,1,0,0.294117647059,0.470588235294,0.235294117647,1,0.00367647058824,0.210588235294,0.117647058824,-0.19696969697,0.0769230769231,-0.0686956736295,-0.0256036973876,-0.0143921010794,-0.0514327453931,-0.0483844741355,-0.0229269517195,0.00975940527302,-0.018349056137,-0.00928792569659,0.084310649607,-0.00174166549743,0.2,0.210588235294,0.084310649607,0.2,0,-0.00240096038415,0,0,-0.0241738816739,-0.0588235294118,0.0588235294118,0,37,1,0,234,1,0.995744680851,0.00425531914894,0,0.973684210526,1,0.986666666667,0.984652666406,0.995744680851,0.973684210526,3,2,0,0,0,0
354,WLNM_dir_neg,0.875,0.291666666667,00:00:12,10,10,40,1979945713,threshold_sweep,0.3,0.5,0.5,0.5,1,1,1,3,0.5,0.75,0.25,0.5,0.5,0.5,0.5,0.666666666667,0.555555555556,0.25,0.25,0.25,37,35,2,0,37,0,35,0,2,17,37,0.136029411765,1.88235294118,4.35294117647,3.36363636364,2.84615384615,1.69341284359,0.389027274878,0.193958664547,2.09866904602,0.964253345467,0.518282988871,1.87867287326,0.863174022847,0.470588235294,0.786197569093,0.41766745858,2.25,1.88235294118,0.786197569093,2.25,0.166339869281,0.0612244897959,3,0.00441176470588,0.185952380952,17,17,17,1,0,0.352941176471,0.411764705882,0.235294117647,17,0.128676470588,1.90196078431,4.11764705882,3.18181818182,2.69230769231,1.57648156274,0.382859808093,0.201680672269,2.01465221053,0.978545359402,0.524369747899,1.74894926439,0.849489642704,0.463865546218,0.814492905316,0.428238537847,2.33333333333,1.90196078431,0.814492905316,2.33333333333,0,0,0,0,0.164242424242,17,17,17,1,0,0.352941176471,0.411764705882,0.235294117647,17,37,0.136029411765,2.10960784314,4.35294117647,3.08333333333,2.84615384615,1.65609391606,0.380454007744,0.190779014308,2.00733947421,0.92229110977,0.49920508744,1.81091462104,0.832041852911,0.454689984102,0.888436424876,0.421138188202,2.45,2.10960784314,0.888436424876,2.45,0.0702614379085,0.0205479452055,1,0.00147058823529,0.15303030303,17,17,17,1,0,0.294117647059,0.470588235294,0.235294117647,0,0,0.227254901961,0,-0.280303030303,0,-0.0373189275226,-0.00857326713358,-0.00317965023847,-0.09132957181,-0.0419622356965,-0.0190779014308,-0.0677582522128,-0.0311321699356,-0.0158982511924,0.102238855783,0.0034707296216,0.2,0.227254901961,0.102238855783,0.2,-0.0960784313725,-0.0406765445904,-2,-0.00294117647059,-0.0329220779221,-0.0588235294118,0.0588235294118,0,36,1,1,234,0.972972972973,0.995744680851,0.00425531914894,0.027027027027,0.972972972973,0.972972972973,0.972972972973,0.968717653824,0.968717653824,0.947368421053,2,2,0,0,0,0
355,WLNM_dir_neg,0.875,0.291666666667,00:00:12,10,10,40,1979945713,threshold_sweep,0.4,0.5,0.5,0.5,1,1,1,3,0.5,0.75,0.25,0.5,0.5,0.5,0.5,0.666666666667,0.555555555556,0.25,0.25,0.25,37,35,2,0,37,0,35,0,2,17,37,0.136029411765,1.88235294118,4.35294117647,3.36363636364,2.84615384615,1.69341284359,0.389027274878,0.193958664547,2.09866904602,0.964253345467,0.518282988871,1.87867287326,0.863174022847,0.470588235294,0.786197569093,0.41766745858,2.25,1.88235294118,0.786197569093,2.25,0.166339869281,0.0612244897959,3,0.00441176470588,0.185952380952,17,17,17,1,0,0.352941176471,0.411764705882,0.235294117647,17,0.128676470588,1.90196078431,4.11764705882,3.18181818182,2.69230769231,1.57648156274,0.382859808093,0.201680672269,2.01465221053,0.978545359402,0.524369747899,1.74894926439,0.849489642704,0.463865546218,0.814492905316,0.428238537847,2.33333333333,1.90196078431,0.814492905316,2.33333333333,0,0,0,0,0.164242424242,17,17,17,1,0,0.352941176471,0.411764705882,0.235294117647,17,37,0.136029411765,2.10960784314,4.35294117647,3.08333333333,2.84615384615,1.65609391606,0.380454007744,0.190779014308,2.00733947421,0.92229110977,0.49920508744,1.81091462104,0.832041852911,0.454689984102,0.888436424876,0.421138188202,2.45,2.10960784314,0.888436424876,2.45,0.0702614379085,0.0205479452055,1,0.00147058823529,0.15303030303,17,17,17,1,0,0.294117647059,0.470588235294,0.235294117647,0,0,0.227254901961,0,-0.280303030303,0,-0.0373189275226,-0.00857326713358,-0.00317965023847,-0.09132957181,-0.0419622356965,-0.0190779014308,-0.0677582522128,-0.0311321699356,-0.0158982511924,0.102238855783,0.0034707296216,0.2,0.227254901961,0.102238855783,0.2,-0.0960784313725,-0.0406765445904,-2,-0.00294117647059,-0.0329220779221,-0.0588235294118,0.0588235294118,0,36,1,1,234,0.972972972973,0.995744680851,0.00425531914894,0.027027027027,0.972972972973,0.972972972973,0.972972972973,0.968717653824,0.968717653824,0.947368421053,2,2,0,0,0,0
356,WLNM_dir_neg,0.875,0.291666666667,00:00:12,10,10,40,1979945713,threshold_sweep,0.5,1,0.5,0.666666666667,1,0,1,4,0.5,1,0,0.5,1,0.5,0.666666666667,0.833333333333,0.611111111111,0.571428571429,0.632455532034,0.5,37,35,2,0,37,0,35,0,2,17,37,0.136029411765,1.88235294118,4.35294117647,3.36363636364,2.84615384615,1.69341284359,0.389027274878,0.193958664547,2.09866904602,0.964253345467,0.518282988871,1.87867287326,0.863174022847,0.470588235294,0.786197569093,0.41766745858,2.25,1.88235294118,0.786197569093,2.25,0.166339869281,0.0612244897959,3,0.00441176470588,0.185952380952,17,17,17,1,0,0.352941176471,0.411764705882,0.235294117647,17,0.128676470588,1.90196078431,4.11764705882,3.18181818182,2.69230769231,1.57648156274,0.382859808093,0.201680672269,2.01465221053,0.978545359402,0.524369747899,1.74894926439,0.849489642704,0.463865546218,0.814492905316,0.428238537847,2.33333333333,1.90196078431,0.814492905316,2.33333333333,0,0,0,0,0.164242424242,17,17,17,1,0,0.352941176471,0.411764705882,0.235294117647,17,36,0.132352941176,1.89705882353,4.23529411765,3.27272727273,2.76923076923,1.71498585143,0.40492721492,0.204248366013,2.05798302171,0.971825315808,0.522875816993,1.79869233546,0.849382491746,0.464052287582,0.805541469338,0.424626510969,2.25,1.89705882353,0.805541469338,2.25,0.0702614379085,0.0214285714286,1,0.00147058823529,0.175454545455,17,17,17,1,0,0.352941176471,0.411764705882,0.235294117647,-1,-0.00367647058824,0.0147058823529,-0.117647058824,-0.0909090909091,-0.0769230769231,0.0215730078386,0.0158999400418,0.0102897014662,-0.0406860243059,0.00757197034072,0.00459282812224,-0.0799805377942,-0.0137915311015,-0.00653594771242,0.0193439002456,0.00695905238854,0,0.0147058823529,0.0193439002456,0,-0.0960784313725,-0.0397959183673,-2,-0.00294117647059,-0.0104978354978,0,0,0,36,0,1,235,0.972972972973,1,0,0.027027027027,1,0.972972972973,0.986301369863,0.984301887704,0.972972972973,0.972972972973,1,2,0,0,0,0
357,WLNM_dir_neg,0.875,0.291666666667,00:00:12,10,10,40,1979945713,threshold_sweep,0.6,1,0.5,0.666666666667,1,0,1,4,0.5,1,0,0.5,1,0.5,0.666666666667,0.833333333333,0.611111111111,0.571428571429,0.632455532034,0.5,37,35,2,0,37,0,35,0,2,17,37,0.136029411765,1.88235294118,4.35294117647,3.36363636364,2.84615384615,1.69341284359,0.389027274878,0.193958664547,2.09866904602,0.964253345467,0.518282988871,1.87867287326,0.863174022847,0.470588235294,0.786197569093,0.41766745858,2.25,1.88235294118,0.786197569093,2.25,0.166339869281,0.0612244897959,3,0.00441176470588,0.185952380952,17,17,17,1,0,0.352941176471,0.411764705882,0.235294117647,17,0.128676470588,1.90196078431,4.11764705882,3.18181818182,2.69230769231,1.57648156274,0.382859808093,0.201680672269,2.01465221053,0.978545359402,0.524369747899,1.74894926439,0.849489642704,0.463865546218,0.814492905316,0.428238537847,2.33333333333,1.90196078431,0.814492905316,2.33333333333,0,0,0,0,0.164242424242,17,17,17,1,0,0.352941176471,0.411764705882,0.235294117647,17,36,0.132352941176,1.89705882353,4.23529411765,3.27272727273,2.76923076923,1.71498585143,0.40492721492,0.204248366013,2.05798302171,0.971825315808,0.522875816993,1.79869233546,0.849382491746,0.464052287582,0.805541469338,0.424626510969,2.25,1.89705882353,0.805541469338,2.25,0.0702614379085,0.0214285714286,1,0.00147058823529,0.175454545455,17,17,17,1,0,0.352941176471,0.411764705882,0.235294117647,-1,-0.00367647058824,0.0147058823529,-0.117647058824,-0.0909090909091,-0.0769230769231,0.0215730078386,0.0158999400418,0.0102897014662,-0.0406860243059,0.00757197034072,0.00459282812224,-0.0799805377942,-0.0137915311015,-0.00653594771242,0.0193439002456,0.00695905238854,0,0.0147058823529,0.0193439002456,0,-0.0960784313725,-0.0397959183673,-2,-0.00294117647059,-0.0104978354978,0,0,0,36,0,1,235,0.972972972973,1,0,0.027027027027,1,0.972972972973,0.986301369863,0.984301887704,0.972972972973,0.972972972973,1,2,0,0,0,0
358,WLNM_dir_neg,0.875,0.291666666667,00:00:12,10,10,40,1979945713,threshold_sweep,0.7,1,0.5,0.666666666667,1,0,1,4,0.5,1,0,0.5,1,0.5,0.666666666667,0.833333333333,0.611111111111,0.571428571429,0.632455532034,0.5,37,35,2,0,37,0,35,0,2,17,37,0.136029411765,1.88235294118,4.35294117647,3.36363636364,2.84615384615,1.69341284359,0.389027274878,0.193958664547,2.09866904602,0.964253345467,0.518282988871,1.87867287326,0.863174022847,0.470588235294,0.786197569093,0.41766745858,2.25,1.88235294118,0.786197569093,2.25,0.166339869281,0.0612244897959,3,0.00441176470588,0.185952380952,17,17,17,1,0,0.352941176471,0.411764705882,0.235294117647,17,0.128676470588,1.90196078431,4.11764705882,3.18181818182,2.69230769231,1.57648156274,0.382859808093,0.201680672269,2.01465221053,0.978545359402,0.524369747899,1.74894926439,0.849489642704,0.463865546218,0.814492905316,0.428238537847,2.33333333333,1.90196078431,0.814492905316,2.33333333333,0,0,0,0,0.164242424242,17,17,17,1,0,0.352941176471,0.411764705882,0.235294117647,17,36,0.132352941176,1.89705882353,4.23529411765,3.27272727273,2.76923076923,1.71498585143,0.40492721492,0.204248366013,2.05798302171,0.971825315808,0.522875816993,1.79869233546,0.849382491746,0.464052287582,0.805541469338,0.424626510969,2.25,1.89705882353,0.805541469338,2.25,0.0702614379085,0.0214285714286,1,0.00147058823529,0.175454545455,17,17,17,1,0,0.352941176471,0.411764705882,0.235294117647,-1,-0.00367647058824,0.0147058823529,-0.117647058824,-0.0909090909091,-0.0769230769231,0.0215730078386,0.0158999400418,0.0102897014662,-0.0406860243059,0.00757197034072,0.00459282812224,-0.0799805377942,-0.0137915311015,-0.00653594771242,0.0193439002456,0.00695905238854,0,0.0147058823529,0.0193439002456,0,-0.0960784313725,-0.0397959183673,-2,-0.00294117647059,-0.0104978354978,0,0,0,36,0,1,235,0.972972972973,1,0,0.027027027027,1,0.972972972973,0.986301369863,0.984301887704,0.972972972973,0.972972972973,1,2,0,0,0,0
359,WLNM_dir_neg,0.875,0.291666666667,00:00:12,10,10,40,1979945713,threshold_sweep,0.8,1,0.5,0.666666666667,1,0,1,4,0.5,1,0,0.5,1,0.5,0.666666666667,0.833333333333,0.611111111111,0.571428571429,0.632455532034,0.5,37,35,2,0,37,0,35,0,2,17,37,0.136029411765,1.88235294118,4.35294117647,3.36363636364,2.84615384615,1.69341284359,0.389027274878,0.193958664547,2.09866904602,0.964253345467,0.518282988871,1.87867287326,0.863174022847,0.470588235294,0.786197569093,0.41766745858,2.25,1.88235294118,0.786197569093,2.25,0.166339869281,0.0612244897959,3,0.00441176470588,0.185952380952,17,17,17,1,0,0.352941176471,0.411764705882,0.235294117647,17,0.128676470588,1.90196078431,4.11764705882,3.18181818182,2.69230769231,1.57648156274,0.382859808093,0.201680672269,2.01465221053,0.978545359402,0.524369747899,1.74894926439,0.849489642704,0.463865546218,0.814492905316,0.428238537847,2.33333333333,1.90196078431,0.814492905316,2.33333333333,0,0,0,0,0.164242424242,17,17,17,1,0,0.352941176471,0.411764705882,0.235294117647,17,36,0.132352941176,1.89705882353,4.23529411765,3.27272727273,2.76923076923,1.71498585143,0.40492721492,0.204248366013,2.05798302171,0.971825315808,0.522875816993,1.79869233546,0.849382491746,0.464052287582,0.805541469338,0.424626510969,2.25,1.89705882353,0.805541469338,2.25,0.0702614379085,0.0214285714286,1,0.00147058823529,0.175454545455,17,17,17,1,0,0.352941176471,0.411764705882,0.235294117647,-1,-0.00367647058824,0.0147058823529,-0.117647058824,-0.0909090909091,-0.0769230769231,0.0215730078386,0.0158999400418,0.0102897014662,-0.0406860243059,0.00757197034072,0.00459282812224,-0.0799805377942,-0.0137915311015,-0.00653594771242,0.0193439002456,0.00695905238854,0,0.0147058823529,0.0193439002456,0,-0.0960784313725,-0.0397959183673,-2,-0.00294117647059,-0.0104978354978,0,0,0,36,0,1,235,0.972972972973,1,0,0.027027027027,1,0.972972972973,0.986301369863,0.984301887704,0.972972972973,0.972972972973,1,2,0,0,0,0
360,WLNM_dir_neg,0.875,0.291666666667,00:00:12,10,10,40,1979945713,threshold_sweep,0.9,1,0.5,0.666666666667,1,0,1,4,0.5,1,0,0.5,1,0.5,0.666666666667,0.833333333333,0.611111111111,0.571428571429,0.632455532034,0.5,37,35,2,0,37,0,35,0,2,17,37,0.136029411765,1.88235294118,4.35294117647,3.36363636364,2.84615384615,1.69341284359,0.389027274878,0.193958664547,2.09866904602,0.964253345467,0.518282988871,1.87867287326,0.863174022847,0.470588235294,0.786197569093,0.41766745858,2.25,1.88235294118,0.786197569093,2.25,0.166339869281,0.0612244897959,3,0.00441176470588,0.185952380952,17,17,17,1,0,0.352941176471,0.411764705882,0.235294117647,17,0.128676470588,1.90196078431,4.11764705882,3.18181818182,2.69230769231,1.57648156274,0.382859808093,0.201680672269,2.01465221053,0.978545359402,0.524369747899,1.74894926439,0.849489642704,0.463865546218,0.814492905316,0.428238537847,2.33333333333,1.90196078431,0.814492905316,2.33333333333,0,0,0,0,0.164242424242,17,17,17,1,0,0.352941176471,0.411764705882,0.235294117647,17,36,0.132352941176,1.89705882353,4.23529411765,3.27272727273,2.76923076923,1.71498585143,0.40492721492,0.204248366013,2.05798302171,0.971825315808,0.522875816993,1.79869233546,0.849382491746,0.464052287582,0.805541469338,0.424626510969,2.25,1.89705882353,0.805541469338,2.25,0.0702614379085,0.0214285714286,1,0.00147058823529,0.175454545455,17,17,17,1,0,0.352941176471,0.411764705882,0.235294117647,-1,-0.00367647058824,0.0147058823529,-0.117647058824,-0.0909090909091,-0.0769230769231,0.0215730078386,0.0158999400418,0.0102897014662,-0.0406860243059,0.00757197034072,0.00459282812224,-0.0799805377942,-0.0137915311015,-0.00653594771242,0.0193439002456,0.00695905238854,0,0.0147058823529,0.0193439002456,0,-0.0960784313725,-0.0397959183673,-2,-0.00294117647059,-0.0104978354978,0,0,0,36,0,1,235,0.972972972973,1,0,0.027027027027,1,0.972972972973,0.986301369863,0.984301887704,0.972972972973,0.972972972973,1,2,0,0,0,0
361,WLNM_dir_neg,0.875,0.291666666667,00:00:12,10,10,41,1979945714,threshold_sweep,0.1,0.666666666667,1,0.8,2,1,0,3,1,0.75,0.25,0,0.666666666667,1,0.8,0.833333333333,0.5,0.666666666667,0.707106781187,0.75,37,35,2,0,37,0,35,0,2,17,37,0.136029411765,1.88235294118,4.35294117647,3.36363636364,2.84615384615,1.69341284359,0.389027274878,0.193958664547,2.09866904602,0.964253345467,0.518282988871,1.87867287326,0.863174022847,0.470588235294,0.786197569093,0.41766745858,2.25,1.88235294118,0.786197569093,2.25,0.166339869281,0.0612244897959,3,0.00441176470588,0.185952380952,17,17,17,1,0,0.352941176471,0.411764705882,0.235294117647,17,0.128676470588,1.90196078431,4.11764705882,3.18181818182,2.69230769231,1.57648156274,0.382859808093,0.201680672269,2.01465221053,0.978545359402,0.524369747899,1.74894926439,0.849489642704,0.463865546218,0.814492905316,0.428238537847,2.33333333333,1.90196078431,0.814492905316,2.33333333333,0,0,0,0,0.164242424242,17,17,17,1,0,0.352941176471,0.411764705882,0.235294117647,17,38,0.139705882353,1.98764705882,4.47058823529,3.16666666667,2.92307692308,1.66274047354,0.371928790134,0.188854489164,2.04723630062,0.915868871331,0.495356037152,1.98523965067,0.888133527931,0.482972136223,0.792996921587,0.398962641817,2.35,1.98764705882,0.792996921587,2.35,0.162418300654,0.0584415584416,3,0.00441176470588,0.192081529582,17,17,17,1,0,0.294117647059,0.470588235294,0.235294117647,1,0.00367647058824,0.105294117647,0.117647058824,-0.19696969697,0.0769230769231,-0.030672370045,-0.0170984847437,-0.00510417538281,-0.0514327453931,-0.0483844741355,-0.0229269517195,0.106566777414,0.0249595050838,0.0123839009288,0.00679935249481,-0.0187048167638,0.1,0.105294117647,0.00679935249481,0.1,-0.00392156862745,-0.00278293135436,0,0,0.00612914862915,-0.0588235294118,0.0588235294118,0,37,1,0,234,1,0.995744680851,0.00425531914894,0,0.973684210526,1,0.986666666667,0.984652666406,0.995744680851,0.973684210526,3,2,0,0,0,0
362,WLNM_dir_neg,0.875,0.291666666667,00:00:12,10,10,41,1979945714,threshold_sweep,0.2,0.666666666667,1,0.8,2,1,0,3,1,0.75,0.25,0,0.666666666667,1,0.8,0.833333333333,0.5,0.666666666667,0.707106781187,0.75,37,35,2,0,37,0,35,0,2,17,37,0.136029411765,1.88235294118,4.35294117647,3.36363636364,2.84615384615,1.69341284359,0.389027274878,0.193958664547,2.09866904602,0.964253345467,0.518282988871,1.87867287326,0.863174022847,0.470588235294,0.786197569093,0.41766745858,2.25,1.88235294118,0.786197569093,2.25,0.166339869281,0.0612244897959,3,0.00441176470588,0.185952380952,17,17,17,1,0,0.352941176471,0.411764705882,0.235294117647,17,0.128676470588,1.90196078431,4.11764705882,3.18181818182,2.69230769231,1.57648156274,0.382859808093,0.201680672269,2.01465221053,0.978545359402,0.524369747899,1.74894926439,0.849489642704,0.463865546218,0.814492905316,0.428238537847,2.33333333333,1.90196078431,0.814492905316,2.33333333333,0,0,0,0,0.164242424242,17,17,17,1,0,0.352941176471,0.411764705882,0.235294117647,17,38,0.139705882353,1.98764705882,4.47058823529,3.16666666667,2.92307692308,1.66274047354,0.371928790134,0.188854489164,2.04723630062,0.915868871331,0.495356037152,1.98523965067,0.888133527931,0.482972136223,0.792996921587,0.398962641817,2.35,1.98764705882,0.792996921587,2.35,0.162418300654,0.0584415584416,3,0.00441176470588,0.192081529582,17,17,17,1,0,0.294117647059,0.470588235294,0.235294117647,1,0.00367647058824,0.105294117647,0.117647058824,-0.19696969697,0.0769230769231,-0.030672370045,-0.0170984847437,-0.00510417538281,-0.0514327453931,-0.0483844741355,-0.0229269517195,0.106566777414,0.0249595050838,0.0123839009288,0.00679935249481,-0.0187048167638,0.1,0.105294117647,0.00679935249481,0.1,-0.00392156862745,-0.00278293135436,0,0,0.00612914862915,-0.0588235294118,0.0588235294118,0,37,1,0,234,1,0.995744680851,0.00425531914894,0,0.973684210526,1,0.986666666667,0.984652666406,0.995744680851,0.973684210526,3,2,0,0,0,0
363,WLNM_dir_neg,0.875,0.291666666667,00:00:12,10,10,41,1979945714,threshold_sweep,0.3,0.666666666667,1,0.8,2,1,0,3,1,0.75,0.25,0,0.666666666667,1,0.8,0.833333333333,0.5,0.666666666667,0.707106781187,0.75,37,35,2,0,37,0,35,0,2,17,37,0.136029411765,1.88235294118,4.35294117647,3.36363636364,2.84615384615,1.69341284359,0.389027274878,0.193958664547,2.09866904602,0.964253345467,0.518282988871,1.87867287326,0.863174022847,0.470588235294,0.786197569093,0.41766745858,2.25,1.88235294118,0.786197569093,2.25,0.166339869281,0.0612244897959,3,0.00441176470588,0.185952380952,17,17,17,1,0,0.352941176471,0.411764705882,0.235294117647,17,0.128676470588,1.90196078431,4.11764705882,3.18181818182,2.69230769231,1.57648156274,0.382859808093,0.201680672269,2.01465221053,0.978545359402,0.524369747899,1.74894926439,0.849489642704,0.463865546218,0.814492905316,0.428238537847,2.33333333333,1.90196078431,0.814492905316,2.33333333333,0,0,0,0,0.164242424242,17,17,17,1,0,0.352941176471,0.411764705882,0.235294117647,17,38,0.139705882353,1.98764705882,4.47058823529,3.16666666667,2.92307692308,1.66274047354,0.371928790134,0.188854489164,2.04723630062,0.915868871331,0.495356037152,1.98523965067,0.888133527931,0.482972136223,0.792996921587,0.398962641817,2.35,1.98764705882,0.792996921587,2.35,0.162418300654,0.0584415584416,3,0.00441176470588,0.192081529582,17,17,17,1,0,0.294117647059,0.470588235294,0.235294117647,1,0.00367647058824,0.105294117647,0.117647058824,-0.19696969697,0.0769230769231,-0.030672370045,-0.0170984847437,-0.00510417538281,-0.0514327453931,-0.0483844741355,-0.0229269517195,0.106566777414,0.0249595050838,0.0123839009288,0.00679935249481,-0.0187048167638,0.1,0.105294117647,0.00679935249481,0.1,-0.00392156862745,-0.00278293135436,0,0,0.00612914862915,-0.0588235294118,0.0588235294118,0,37,1,0,234,1,0.995744680851,0.00425531914894,0,0.973684210526,1,0.986666666667,0.984652666406,0.995744680851,0.973684210526,3,2,0,0,0,0
364,WLNM_dir_neg,0.875,0.291666666667,00:00:12,10,10,41,1979945714,threshold_sweep,0.4,0.666666666667,1,0.8,2,1,0,3,1,0.75,0.25,0,0.666666666667,1,0.8,0.833333333333,0.5,0.666666666667,0.707106781187,0.75,37,35,2,0,37,0,35,0,2,17,37,0.136029411765,1.88235294118,4.35294117647,3.36363636364,2.84615384615,1.69341284359,0.389027274878,0.193958664547,2.09866904602,0.964253345467,0.518282988871,1.87867287326,0.863174022847,0.470588235294,0.786197569093,0.41766745858,2.25,1.88235294118,0.786197569093,2.25,0.166339869281,0.0612244897959,3,0.00441176470588,0.185952380952,17,17,17,1,0,0.352941176471,0.411764705882,0.235294117647,17,0.128676470588,1.90196078431,4.11764705882,3.18181818182,2.69230769231,1.57648156274,0.382859808093,0.201680672269,2.01465221053,0.978545359402,0.524369747899,1.74894926439,0.849489642704,0.463865546218,0.814492905316,0.428238537847,2.33333333333,1.90196078431,0.814492905316,2.33333333333,0,0,0,0,0.164242424242,17,17,17,1,0,0.352941176471,0.411764705882,0.235294117647,17,38,0.139705882353,1.98764705882,4.47058823529,3.16666666667,2.92307692308,1.66274047354,0.371928790134,0.188854489164,2.04723630062,0.915868871331,0.495356037152,1.98523965067,0.888133527931,0.482972136223,0.792996921587,0.398962641817,2.35,1.98764705882,0.792996921587,2.35,0.162418300654,0.0584415584416,3,0.00441176470588,0.192081529582,17,17,17,1,0,0.294117647059,0.470588235294,0.235294117647,1,0.00367647058824,0.105294117647,0.117647058824,-0.19696969697,0.0769230769231,-0.030672370045,-0.0170984847437,-0.00510417538281,-0.0514327453931,-0.0483844741355,-0.0229269517195,0.106566777414,0.0249595050838,0.0123839009288,0.00679935249481,-0.0187048167638,0.1,0.105294117647,0.00679935249481,0.1,-0.00392156862745,-0.00278293135436,0,0,0.00612914862915,-0.0588235294118,0.0588235294118,0,37,1,0,234,1,0.995744680851,0.00425531914894,0,0.973684210526,1,0.986666666667,0.984652666406,0.995744680851,0.973684210526,3,2,0,0,0,0
365,WLNM_dir_neg,0.875,0.291666666667,00:00:12,10,10,41,1979945714,threshold_sweep,0.5,0.666666666667,1,0.8,2,1,0,3,1,0.75,0.25,0,0.666666666667,1,0.8,0.833333333333,0.5,0.666666666667,0.707106781187,0.75,37,35,2,0,37,0,35,0,2,17,37,0.136029411765,1.88235294118,4.35294117647,3.36363636364,2.84615384615,1.69341284359,0.389027274878,0.193958664547,2.09866904602,0.964253345467,0.518282988871,1.87867287326,0.863174022847,0.470588235294,0.786197569093,0.41766745858,2.25,1.88235294118,0.786197569093,2.25,0.166339869281,0.0612244897959,3,0.00441176470588,0.185952380952,17,17,17,1,0,0.352941176471,0.411764705882,0.235294117647,17,0.128676470588,1.90196078431,4.11764705882,3.18181818182,2.69230769231,1.57648156274,0.382859808093,0.201680672269,2.01465221053,0.978545359402,0.524369747899,1.74894926439,0.849489642704,0.463865546218,0.814492905316,0.428238537847,2.33333333333,1.90196078431,0.814492905316,2.33333333333,0,0,0,0,0.164242424242,17,17,17,1,0,0.352941176471,0.411764705882,0.235294117647,17,38,0.139705882353,1.98764705882,4.47058823529,3.16666666667,2.92307692308,1.66274047354,0.371928790134,0.188854489164,2.04723630062,0.915868871331,0.495356037152,1.98523965067,0.888133527931,0.482972136223,0.792996921587,0.398962641817,2.35,1.98764705882,0.792996921587,2.35,0.162418300654,0.0584415584416,3,0.00441176470588,0.192081529582,17,17,17,1,0,0.294117647059,0.470588235294,0.235294117647,1,0.00367647058824,0.105294117647,0.117647058824,-0.19696969697,0.0769230769231,-0.030672370045,-0.0170984847437,-0.00510417538281,-0.0514327453931,-0.0483844741355,-0.0229269517195,0.106566777414,0.0249595050838,0.0123839009288,0.00679935249481,-0.0187048167638,0.1,0.105294117647,0.00679935249481,0.1,-0.00392156862745,-0.00278293135436,0,0,0.00612914862915,-0.0588235294118,0.0588235294118,0,37,1,0,234,1,0.995744680851,0.00425531914894,0,0.973684210526,1,0.986666666667,0.984652666406,0.995744680851,0.973684210526,3,2,0,0,0,0
366,WLNM_dir_neg,0.875,0.291666666667,00:00:12,10,10,41,1979945714,threshold_sweep,0.6,0.666666666667,1,0.8,2,1,0,3,1,0.75,0.25,0,0.666666666667,1,0.8,0.833333333333,0.5,0.666666666667,0.707106781187,0.75,37,35,2,0,37,0,35,0,2,17,37,0.136029411765,1.88235294118,4.35294117647,3.36363636364,2.84615384615,1.69341284359,0.389027274878,0.193958664547,2.09866904602,0.964253345467,0.518282988871,1.87867287326,0.863174022847,0.470588235294,0.786197569093,0.41766745858,2.25,1.88235294118,0.786197569093,2.25,0.166339869281,0.0612244897959,3,0.00441176470588,0.185952380952,17,17,17,1,0,0.352941176471,0.411764705882,0.235294117647,17,0.128676470588,1.90196078431,4.11764705882,3.18181818182,2.69230769231,1.57648156274,0.382859808093,0.201680672269,2.01465221053,0.978545359402,0.524369747899,1.74894926439,0.849489642704,0.463865546218,0.814492905316,0.428238537847,2.33333333333,1.90196078431,0.814492905316,2.33333333333,0,0,0,0,0.164242424242,17,17,17,1,0,0.352941176471,0.411764705882,0.235294117647,17,38,0.139705882353,1.98764705882,4.47058823529,3.16666666667,2.92307692308,1.66274047354,0.371928790134,0.188854489164,2.04723630062,0.915868871331,0.495356037152,1.98523965067,0.888133527931,0.482972136223,0.792996921587,0.398962641817,2.35,1.98764705882,0.792996921587,2.35,0.162418300654,0.0584415584416,3,0.00441176470588,0.192081529582,17,17,17,1,0,0.294117647059,0.470588235294,0.235294117647,1,0.00367647058824,0.105294117647,0.117647058824,-0.19696969697,0.0769230769231,-0.030672370045,-0.0170984847437,-0.00510417538281,-0.0514327453931,-0.0483844741355,-0.0229269517195,0.106566777414,0.0249595050838,0.0123839009288,0.00679935249481,-0.0187048167638,0.1,0.105294117647,0.00679935249481,0.1,-0.00392156862745,-0.00278293135436,0,0,0.00612914862915,-0.0588235294118,0.0588235294118,0,37,1,0,234,1,0.995744680851,0.00425531914894,0,0.973684210526,1,0.986666666667,0.984652666406,0.995744680851,0.973684210526,3,2,0,0,0,0
367,WLNM_dir_neg,0.875,0.291666666667,00:00:12,10,10,41,1979945714,threshold_sweep,0.7,0.666666666667,1,0.8,2,1,0,3,1,0.75,0.25,0,0.666666666667,1,0.8,0.833333333333,0.5,0.666666666667,0.707106781187,0.75,37,35,2,0,37,0,35,0,2,17,37,0.136029411765,1.88235294118,4.35294117647,3.36363636364,2.84615384615,1.69341284359,0.389027274878,0.193958664547,2.09866904602,0.964253345467,0.518282988871,1.87867287326,0.863174022847,0.470588235294,0.786197569093,0.41766745858,2.25,1.88235294118,0.786197569093,2.25,0.166339869281,0.0612244897959,3,0.00441176470588,0.185952380952,17,17,17,1,0,0.352941176471,0.411764705882,0.235294117647,17,0.128676470588,1.90196078431,4.11764705882,3.18181818182,2.69230769231,1.57648156274,0.382859808093,0.201680672269,2.01465221053,0.978545359402,0.524369747899,1.74894926439,0.849489642704,0.463865546218,0.814492905316,0.428238537847,2.33333333333,1.90196078431,0.814492905316,2.33333333333,0,0,0,0,0.164242424242,17,17,17,1,0,0.352941176471,0.411764705882,0.235294117647,17,38,0.139705882353,1.98764705882,4.47058823529,3.16666666667,2.92307692308,1.66274047354,0.371928790134,0.188854489164,2.04723630062,0.915868871331,0.495356037152,1.98523965067,0.888133527931,0.482972136223,0.792996921587,0.398962641817,2.35,1.98764705882,0.792996921587,2.35,0.162418300654,0.0584415584416,3,0.00441176470588,0.192081529582,17,17,17,1,0,0.294117647059,0.470588235294,0.235294117647,1,0.00367647058824,0.105294117647,0.117647058824,-0.19696969697,0.0769230769231,-0.030672370045,-0.0170984847437,-0.00510417538281,-0.0514327453931,-0.0483844741355,-0.0229269517195,0.106566777414,0.0249595050838,0.0123839009288,0.00679935249481,-0.0187048167638,0.1,0.105294117647,0.00679935249481,0.1,-0.00392156862745,-0.00278293135436,0,0,0.00612914862915,-0.0588235294118,0.0588235294118,0,37,1,0,234,1,0.995744680851,0.00425531914894,0,0.973684210526,1,0.986666666667,0.984652666406,0.995744680851,0.973684210526,3,2,0,0,0,0
368,WLNM_dir_neg,0.875,0.291666666667,00:00:12,10,10,41,1979945714,threshold_sweep,0.8,0.666666666667,1,0.8,2,1,0,3,1,0.75,0.25,0,0.666666666667,1,0.8,0.833333333333,0.5,0.666666666667,0.707106781187,0.75,37,35,2,0,37,0,35,0,2,17,37,0.136029411765,1.88235294118,4.35294117647,3.36363636364,2.84615384615,1.69341284359,0.389027274878,0.193958664547,2.09866904602,0.964253345467,0.518282988871,1.87867287326,0.863174022847,0.470588235294,0.786197569093,0.41766745858,2.25,1.88235294118,0.786197569093,2.25,0.166339869281,0.0612244897959,3,0.00441176470588,0.185952380952,17,17,17,1,0,0.352941176471,0.411764705882,0.235294117647,17,0.128676470588,1.90196078431,4.11764705882,3.18181818182,2.69230769231,1.57648156274,0.382859808093,0.201680672269,2.01465221053,0.978545359402,0.524369747899,1.74894926439,0.849489642704,0.463865546218,0.814492905316,0.428238537847,2.33333333333,1.90196078431,0.814492905316,2.33333333333,0,0,0,0,0.164242424242,17,17,17,1,0,0.352941176471,0.411764705882,0.235294117647,17,38,0.139705882353,1.98764705882,4.47058823529,3.16666666667,2.92307692308,1.66274047354,0.371928790134,0.188854489164,2.04723630062,0.915868871331,0.495356037152,1.98523965067,0.888133527931,0.482972136223,0.792996921587,0.398962641817,2.35,1.98764705882,0.792996921587,2.35,0.162418300654,0.0584415584416,3,0.00441176470588,0.192081529582,17,17,17,1,0,0.294117647059,0.470588235294,0.235294117647,1,0.00367647058824,0.105294117647,0.117647058824,-0.19696969697,0.0769230769231,-0.030672370045,-0.0170984847437,-0.00510417538281,-0.0514327453931,-0.0483844741355,-0.0229269517195,0.106566777414,0.0249595050838,0.0123839009288,0.00679935249481,-0.0187048167638,0.1,0.105294117647,0.00679935249481,0.1,-0.00392156862745,-0.00278293135436,0,0,0.00612914862915,-0.0588235294118,0.0588235294118,0,37,1,0,234,1,0.995744680851,0.00425531914894,0,0.973684210526,1,0.986666666667,0.984652666406,0.995744680851,0.973684210526,3,2,0,0,0,0
369,WLNM_dir_neg,0.875,0.291666666667,00:00:12,10,10,41,1979945714,threshold_sweep,0.9,0.666666666667,1,0.8,2,1,0,3,1,0.75,0.25,0,0.666666666667,1,0.8,0.833333333333,0.5,0.666666666667,0.707106781187,0.75,37,35,2,0,37,0,35,0,2,17,37,0.136029411765,1.88235294118,4.35294117647,3.36363636364,2.84615384615,1.69341284359,0.389027274878,0.193958664547,2.09866904602,0.964253345467,0.518282988871,1.87867287326,0.863174022847,0.470588235294,0.786197569093,0.41766745858,2.25,1.88235294118,0.786197569093,2.25,0.166339869281,0.0612244897959,3,0.00441176470588,0.185952380952,17,17,17,1,0,0.352941176471,0.411764705882,0.235294117647,17,0.128676470588,1.90196078431,4.11764705882,3.18181818182,2.69230769231,1.57648156274,0.382859808093,0.201680672269,2.01465221053,0.978545359402,0.524369747899,1.74894926439,0.849489642704,0.463865546218,0.814492905316,0.428238537847,2.33333333333,1.90196078431,0.814492905316,2.33333333333,0,0,0,0,0.164242424242,17,17,17,1,0,0.352941176471,0.411764705882,0.235294117647,17,38,0.139705882353,1.98764705882,4.47058823529,3.16666666667,2.92307692308,1.66274047354,0.371928790134,0.188854489164,2.04723630062,0.915868871331,0.495356037152,1.98523965067,0.888133527931,0.482972136223,0.792996921587,0.398962641817,2.35,1.98764705882,0.792996921587,2.35,0.162418300654,0.0584415584416,3,0.00441176470588,0.192081529582,17,17,17,1,0,0.294117647059,0.470588235294,0.235294117647,1,0.00367647058824,0.105294117647,0.117647058824,-0.19696969697,0.0769230769231,-0.030672370045,-0.0170984847437,-0.00510417538281,-0.0514327453931,-0.0483844741355,-0.0229269517195,0.106566777414,0.0249595050838,0.0123839009288,0.00679935249481,-0.0187048167638,0.1,0.105294117647,0.00679935249481,0.1,-0.00392156862745,-0.00278293135436,0,0,0.00612914862915,-0.0588235294118,0.0588235294118,0,37,1,0,234,1,0.995744680851,0.00425531914894,0,0.973684210526,1,0.986666666667,0.984652666406,0.995744680851,0.973684210526,3,2,0,0,0,0
370,WLNM_dir_neg,1,0.5,00:00:12,10,10,42,1979945715,threshold_sweep,0.1,1,1,1,2,0,0,4,1,1,0,0,1,1,1,1,0.555555555556,1,1,1,37,35,2,0,37,0,35,0,2,17,37,0.136029411765,1.88235294118,4.35294117647,3.36363636364,2.84615384615,1.69341284359,0.389027274878,0.193958664547,2.09866904602,0.964253345467,0.518282988871,1.87867287326,0.863174022847,0.470588235294,0.786197569093,0.41766745858,2.25,1.88235294118,0.786197569093,2.25,0.166339869281,0.0612244897959,3,0.00441176470588,0.185952380952,17,17,17,1,0,0.352941176471,0.411764705882,0.235294117647,17,0.128676470588,1.90196078431,4.11764705882,3.18181818182,2.69230769231,1.57648156274,0.382859808093,0.201680672269,2.01465221053,0.978545359402,0.524369747899,1.74894926439,0.849489642704,0.463865546218,0.814492905316,0.428238537847,2.33333333333,1.90196078431,0.814492905316,2.33333333333,0,0,0,0,0.164242424242,17,17,17,1,0,0.352941176471,0.411764705882,0.235294117647,17,37,0.136029411765,1.88235294118,4.35294117647,3.36363636364,2.84615384615,1.69341284359,0.389027274878,0.193958664547,2.09866904602,0.964253345467,0.518282988871,1.87867287326,0.863174022847,0.470588235294,0.786197569093,0.41766745858,2.25,1.88235294118,0.786197569093,2.25,0.166339869281,0.0612244897959,3,0.00441176470588,0.185952380952,17,17,17,1,0,0.352941176471,0.411764705882,0.235294117647,0,0,0,0,0,0,0,0,0,0,0,0,0,0,0,0,0,0,0,0,0,0,0,0,0,0,0,0,0,37,0,0,235,1,1,0,0,1,1,1,1,1,1,2,2,0,0,0,0
371,WLNM_dir_neg,1,0.5,00:00:12,10,10,42,1979945715,threshold_sweep,0.2,1,1,1,2,0,0,4,1,1,0,0,1,1,1,1,0.555555555556,1,1,1,37,35,2,0,37,0,35,0,2,17,37,0.136029411765,1.88235294118,4.35294117647,3.36363636364,2.84615384615,1.69341284359,0.389027274878,0.193958664547,2.09866904602,0.964253345467,0.518282988871,1.87867287326,0.863174022847,0.470588235294,0.786197569093,0.41766745858,2.25,1.88235294118,0.786197569093,2.25,0.166339869281,0.0612244897959,3,0.00441176470588,0.185952380952,17,17,17,1,0,0.352941176471,0.411764705882,0.235294117647,17,0.128676470588,1.90196078431,4.11764705882,3.18181818182,2.69230769231,1.57648156274,0.382859808093,0.201680672269,2.01465221053,0.978545359402,0.524369747899,1.74894926439,0.849489642704,0.463865546218,0.814492905316,0.428238537847,2.33333333333,1.90196078431,0.814492905316,2.33333333333,0,0,0,0,0.164242424242,17,17,17,1,0,0.352941176471,0.411764705882,0.235294117647,17,37,0.136029411765,1.88235294118,4.35294117647,3.36363636364,2.84615384615,1.69341284359,0.389027274878,0.193958664547,2.09866904602,0.964253345467,0.518282988871,1.87867287326,0.863174022847,0.470588235294,0.786197569093,0.41766745858,2.25,1.88235294118,0.786197569093,2.25,0.166339869281,0.0612244897959,3,0.00441176470588,0.185952380952,17,17,17,1,0,0.352941176471,0.411764705882,0.235294117647,0,0,0,0,0,0,0,0,0,0,0,0,0,0,0,0,0,0,0,0,0,0,0,0,0,0,0,0,0,37,0,0,235,1,1,0,0,1,1,1,1,1,1,2,2,0,0,0,0
372,WLNM_dir_neg,1,0.5,00:00:12,10,10,42,1979945715,threshold_sweep,0.3,1,1,1,2,0,0,4,1,1,0,0,1,1,1,1,0.555555555556,1,1,1,37,35,2,0,37,0,35,0,2,17,37,0.136029411765,1.88235294118,4.35294117647,3.36363636364,2.84615384615,1.69341284359,0.389027274878,0.193958664547,2.09866904602,0.964253345467,0.518282988871,1.87867287326,0.863174022847,0.470588235294,0.786197569093,0.41766745858,2.25,1.88235294118,0.786197569093,2.25,0.166339869281,0.0612244897959,3,0.00441176470588,0.185952380952,17,17,17,1,0,0.352941176471,0.411764705882,0.235294117647,17,0.128676470588,1.90196078431,4.11764705882,3.18181818182,2.69230769231,1.57648156274,0.382859808093,0.201680672269,2.01465221053,0.978545359402,0.524369747899,1.74894926439,0.849489642704,0.463865546218,0.814492905316,0.428238537847,2.33333333333,1.90196078431,0.814492905316,2.33333333333,0,0,0,0,0.164242424242,17,17,17,1,0,0.352941176471,0.411764705882,0.235294117647,17,37,0.136029411765,1.88235294118,4.35294117647,3.36363636364,2.84615384615,1.69341284359,0.389027274878,0.193958664547,2.09866904602,0.964253345467,0.518282988871,1.87867287326,0.863174022847,0.470588235294,0.786197569093,0.41766745858,2.25,1.88235294118,0.786197569093,2.25,0.166339869281,0.0612244897959,3,0.00441176470588,0.185952380952,17,17,17,1,0,0.352941176471,0.411764705882,0.235294117647,0,0,0,0,0,0,0,0,0,0,0,0,0,0,0,0,0,0,0,0,0,0,0,0,0,0,0,0,0,37,0,0,235,1,1,0,0,1,1,1,1,1,1,2,2,0,0,0,0
373,WLNM_dir_neg,1,0.5,00:00:12,10,10,42,1979945715,threshold_sweep,0.4,1,1,1,2,0,0,4,1,1,0,0,1,1,1,1,0.555555555556,1,1,1,37,35,2,0,37,0,35,0,2,17,37,0.136029411765,1.88235294118,4.35294117647,3.36363636364,2.84615384615,1.69341284359,0.389027274878,0.193958664547,2.09866904602,0.964253345467,0.518282988871,1.87867287326,0.863174022847,0.470588235294,0.786197569093,0.41766745858,2.25,1.88235294118,0.786197569093,2.25,0.166339869281,0.0612244897959,3,0.00441176470588,0.185952380952,17,17,17,1,0,0.352941176471,0.411764705882,0.235294117647,17,0.128676470588,1.90196078431,4.11764705882,3.18181818182,2.69230769231,1.57648156274,0.382859808093,0.201680672269,2.01465221053,0.978545359402,0.524369747899,1.74894926439,0.849489642704,0.463865546218,0.814492905316,0.428238537847,2.33333333333,1.90196078431,0.814492905316,2.33333333333,0,0,0,0,0.164242424242,17,17,17,1,0,0.352941176471,0.411764705882,0.235294117647,17,37,0.136029411765,1.88235294118,4.35294117647,3.36363636364,2.84615384615,1.69341284359,0.389027274878,0.193958664547,2.09866904602,0.964253345467,0.518282988871,1.87867287326,0.863174022847,0.470588235294,0.786197569093,0.41766745858,2.25,1.88235294118,0.786197569093,2.25,0.166339869281,0.0612244897959,3,0.00441176470588,0.185952380952,17,17,17,1,0,0.352941176471,0.411764705882,0.235294117647,0,0,0,0,0,0,0,0,0,0,0,0,0,0,0,0,0,0,0,0,0,0,0,0,0,0,0,0,0,37,0,0,235,1,1,0,0,1,1,1,1,1,1,2,2,0,0,0,0
374,WLNM_dir_neg,1,0.5,00:00:12,10,10,42,1979945715,threshold_sweep,0.5,1,1,1,2,0,0,4,1,1,0,0,1,1,1,1,0.555555555556,1,1,1,37,35,2,0,37,0,35,0,2,17,37,0.136029411765,1.88235294118,4.35294117647,3.36363636364,2.84615384615,1.69341284359,0.389027274878,0.193958664547,2.09866904602,0.964253345467,0.518282988871,1.87867287326,0.863174022847,0.470588235294,0.786197569093,0.41766745858,2.25,1.88235294118,0.786197569093,2.25,0.166339869281,0.0612244897959,3,0.00441176470588,0.185952380952,17,17,17,1,0,0.352941176471,0.411764705882,0.235294117647,17,0.128676470588,1.90196078431,4.11764705882,3.18181818182,2.69230769231,1.57648156274,0.382859808093,0.201680672269,2.01465221053,0.978545359402,0.524369747899,1.74894926439,0.849489642704,0.463865546218,0.814492905316,0.428238537847,2.33333333333,1.90196078431,0.814492905316,2.33333333333,0,0,0,0,0.164242424242,17,17,17,1,0,0.352941176471,0.411764705882,0.235294117647,17,37,0.136029411765,1.88235294118,4.35294117647,3.36363636364,2.84615384615,1.69341284359,0.389027274878,0.193958664547,2.09866904602,0.964253345467,0.518282988871,1.87867287326,0.863174022847,0.470588235294,0.786197569093,0.41766745858,2.25,1.88235294118,0.786197569093,2.25,0.166339869281,0.0612244897959,3,0.00441176470588,0.185952380952,17,17,17,1,0,0.352941176471,0.411764705882,0.235294117647,0,0,0,0,0,0,0,0,0,0,0,0,0,0,0,0,0,0,0,0,0,0,0,0,0,0,0,0,0,37,0,0,235,1,1,0,0,1,1,1,1,1,1,2,2,0,0,0,0
375,WLNM_dir_neg,1,0.5,00:00:12,10,10,42,1979945715,threshold_sweep,0.6,1,1,1,2,0,0,4,1,1,0,0,1,1,1,1,0.555555555556,1,1,1,37,35,2,0,37,0,35,0,2,17,37,0.136029411765,1.88235294118,4.35294117647,3.36363636364,2.84615384615,1.69341284359,0.389027274878,0.193958664547,2.09866904602,0.964253345467,0.518282988871,1.87867287326,0.863174022847,0.470588235294,0.786197569093,0.41766745858,2.25,1.88235294118,0.786197569093,2.25,0.166339869281,0.0612244897959,3,0.00441176470588,0.185952380952,17,17,17,1,0,0.352941176471,0.411764705882,0.235294117647,17,0.128676470588,1.90196078431,4.11764705882,3.18181818182,2.69230769231,1.57648156274,0.382859808093,0.201680672269,2.01465221053,0.978545359402,0.524369747899,1.74894926439,0.849489642704,0.463865546218,0.814492905316,0.428238537847,2.33333333333,1.90196078431,0.814492905316,2.33333333333,0,0,0,0,0.164242424242,17,17,17,1,0,0.352941176471,0.411764705882,0.235294117647,17,37,0.136029411765,1.88235294118,4.35294117647,3.36363636364,2.84615384615,1.69341284359,0.389027274878,0.193958664547,2.09866904602,0.964253345467,0.518282988871,1.87867287326,0.863174022847,0.470588235294,0.786197569093,0.41766745858,2.25,1.88235294118,0.786197569093,2.25,0.166339869281,0.0612244897959,3,0.00441176470588,0.185952380952,17,17,17,1,0,0.352941176471,0.411764705882,0.235294117647,0,0,0,0,0,0,0,0,0,0,0,0,0,0,0,0,0,0,0,0,0,0,0,0,0,0,0,0,0,37,0,0,235,1,1,0,0,1,1,1,1,1,1,2,2,0,0,0,0
376,WLNM_dir_neg,1,0.5,00:00:12,10,10,42,1979945715,threshold_sweep,0.7,1,1,1,2,0,0,4,1,1,0,0,1,1,1,1,0.555555555556,1,1,1,37,35,2,0,37,0,35,0,2,17,37,0.136029411765,1.88235294118,4.35294117647,3.36363636364,2.84615384615,1.69341284359,0.389027274878,0.193958664547,2.09866904602,0.964253345467,0.518282988871,1.87867287326,0.863174022847,0.470588235294,0.786197569093,0.41766745858,2.25,1.88235294118,0.786197569093,2.25,0.166339869281,0.0612244897959,3,0.00441176470588,0.185952380952,17,17,17,1,0,0.352941176471,0.411764705882,0.235294117647,17,0.128676470588,1.90196078431,4.11764705882,3.18181818182,2.69230769231,1.57648156274,0.382859808093,0.201680672269,2.01465221053,0.978545359402,0.524369747899,1.74894926439,0.849489642704,0.463865546218,0.814492905316,0.428238537847,2.33333333333,1.90196078431,0.814492905316,2.33333333333,0,0,0,0,0.164242424242,17,17,17,1,0,0.352941176471,0.411764705882,0.235294117647,17,37,0.136029411765,1.88235294118,4.35294117647,3.36363636364,2.84615384615,1.69341284359,0.389027274878,0.193958664547,2.09866904602,0.964253345467,0.518282988871,1.87867287326,0.863174022847,0.470588235294,0.786197569093,0.41766745858,2.25,1.88235294118,0.786197569093,2.25,0.166339869281,0.0612244897959,3,0.00441176470588,0.185952380952,17,17,17,1,0,0.352941176471,0.411764705882,0.235294117647,0,0,0,0,0,0,0,0,0,0,0,0,0,0,0,0,0,0,0,0,0,0,0,0,0,0,0,0,0,37,0,0,235,1,1,0,0,1,1,1,1,1,1,2,2,0,0,0,0
377,WLNM_dir_neg,1,0.5,00:00:12,10,10,42,1979945715,threshold_sweep,0.8,1,1,1,2,0,0,4,1,1,0,0,1,1,1,1,0.555555555556,1,1,1,37,35,2,0,37,0,35,0,2,17,37,0.136029411765,1.88235294118,4.35294117647,3.36363636364,2.84615384615,1.69341284359,0.389027274878,0.193958664547,2.09866904602,0.964253345467,0.518282988871,1.87867287326,0.863174022847,0.470588235294,0.786197569093,0.41766745858,2.25,1.88235294118,0.786197569093,2.25,0.166339869281,0.0612244897959,3,0.00441176470588,0.185952380952,17,17,17,1,0,0.352941176471,0.411764705882,0.235294117647,17,0.128676470588,1.90196078431,4.11764705882,3.18181818182,2.69230769231,1.57648156274,0.382859808093,0.201680672269,2.01465221053,0.978545359402,0.524369747899,1.74894926439,0.849489642704,0.463865546218,0.814492905316,0.428238537847,2.33333333333,1.90196078431,0.814492905316,2.33333333333,0,0,0,0,0.164242424242,17,17,17,1,0,0.352941176471,0.411764705882,0.235294117647,17,37,0.136029411765,1.88235294118,4.35294117647,3.36363636364,2.84615384615,1.69341284359,0.389027274878,0.193958664547,2.09866904602,0.964253345467,0.518282988871,1.87867287326,0.863174022847,0.470588235294,0.786197569093,0.41766745858,2.25,1.88235294118,0.786197569093,2.25,0.166339869281,0.0612244897959,3,0.00441176470588,0.185952380952,17,17,17,1,0,0.352941176471,0.411764705882,0.235294117647,0,0,0,0,0,0,0,0,0,0,0,0,0,0,0,0,0,0,0,0,0,0,0,0,0,0,0,0,0,37,0,0,235,1,1,0,0,1,1,1,1,1,1,2,2,0,0,0,0
378,WLNM_dir_neg,1,0.5,00:00:12,10,10,42,1979945715,threshold_sweep,0.9,1,1,1,2,0,0,4,1,1,0,0,1,1,1,1,0.555555555556,1,1,1,37,35,2,0,37,0,35,0,2,17,37,0.136029411765,1.88235294118,4.35294117647,3.36363636364,2.84615384615,1.69341284359,0.389027274878,0.193958664547,2.09866904602,0.964253345467,0.518282988871,1.87867287326,0.863174022847,0.470588235294,0.786197569093,0.41766745858,2.25,1.88235294118,0.786197569093,2.25,0.166339869281,0.0612244897959,3,0.00441176470588,0.185952380952,17,17,17,1,0,0.352941176471,0.411764705882,0.235294117647,17,0.128676470588,1.90196078431,4.11764705882,3.18181818182,2.69230769231,1.57648156274,0.382859808093,0.201680672269,2.01465221053,0.978545359402,0.524369747899,1.74894926439,0.849489642704,0.463865546218,0.814492905316,0.428238537847,2.33333333333,1.90196078431,0.814492905316,2.33333333333,0,0,0,0,0.164242424242,17,17,17,1,0,0.352941176471,0.411764705882,0.235294117647,17,37,0.136029411765,1.88235294118,4.35294117647,3.36363636364,2.84615384615,1.69341284359,0.389027274878,0.193958664547,2.09866904602,0.964253345467,0.518282988871,1.87867287326,0.863174022847,0.470588235294,0.786197569093,0.41766745858,2.25,1.88235294118,0.786197569093,2.25,0.166339869281,0.0612244897959,3,0.00441176470588,0.185952380952,17,17,17,1,0,0.352941176471,0.411764705882,0.235294117647,0,0,0,0,0,0,0,0,0,0,0,0,0,0,0,0,0,0,0,0,0,0,0,0,0,0,0,0,0,37,0,0,235,1,1,0,0,1,1,1,1,1,1,2,2,0,0,0,0
379,WLNM_dir_neg,1,0.5,00:00:12,10,10,43,1979945716,threshold_sweep,0.1,1,1,1,2,0,0,4,1,1,0,0,1,1,1,1,0.555555555556,1,1,1,37,35,2,0,37,0,35,0,2,17,37,0.136029411765,1.88235294118,4.35294117647,3.36363636364,2.84615384615,1.69341284359,0.389027274878,0.193958664547,2.09866904602,0.964253345467,0.518282988871,1.87867287326,0.863174022847,0.470588235294,0.786197569093,0.41766745858,2.25,1.88235294118,0.786197569093,2.25,0.166339869281,0.0612244897959,3,0.00441176470588,0.185952380952,17,17,17,1,0,0.352941176471,0.411764705882,0.235294117647,17,0.128676470588,1.90196078431,4.11764705882,3.18181818182,2.69230769231,1.57648156274,0.382859808093,0.201680672269,2.01465221053,0.978545359402,0.524369747899,1.74894926439,0.849489642704,0.463865546218,0.814492905316,0.428238537847,2.33333333333,1.90196078431,0.814492905316,2.33333333333,0,0,0,0,0.164242424242,17,17,17,1,0,0.352941176471,0.411764705882,0.235294117647,17,37,0.136029411765,1.88235294118,4.35294117647,3.36363636364,2.84615384615,1.69341284359,0.389027274878,0.193958664547,2.09866904602,0.964253345467,0.518282988871,1.87867287326,0.863174022847,0.470588235294,0.786197569093,0.41766745858,2.25,1.88235294118,0.786197569093,2.25,0.166339869281,0.0612244897959,3,0.00441176470588,0.185952380952,17,17,17,1,0,0.352941176471,0.411764705882,0.235294117647,0,0,0,0,0,0,0,0,0,0,0,0,0,0,0,0,0,0,0,0,0,0,0,0,0,0,0,0,0,37,0,0,235,1,1,0,0,1,1,1,1,1,1,2,2,0,0,0,0
380,WLNM_dir_neg,1,0.5,00:00:12,10,10,43,1979945716,threshold_sweep,0.2,1,1,1,2,0,0,4,1,1,0,0,1,1,1,1,0.555555555556,1,1,1,37,35,2,0,37,0,35,0,2,17,37,0.136029411765,1.88235294118,4.35294117647,3.36363636364,2.84615384615,1.69341284359,0.389027274878,0.193958664547,2.09866904602,0.964253345467,0.518282988871,1.87867287326,0.863174022847,0.470588235294,0.786197569093,0.41766745858,2.25,1.88235294118,0.786197569093,2.25,0.166339869281,0.0612244897959,3,0.00441176470588,0.185952380952,17,17,17,1,0,0.352941176471,0.411764705882,0.235294117647,17,0.128676470588,1.90196078431,4.11764705882,3.18181818182,2.69230769231,1.57648156274,0.382859808093,0.201680672269,2.01465221053,0.978545359402,0.524369747899,1.74894926439,0.849489642704,0.463865546218,0.814492905316,0.428238537847,2.33333333333,1.90196078431,0.814492905316,2.33333333333,0,0,0,0,0.164242424242,17,17,17,1,0,0.352941176471,0.411764705882,0.235294117647,17,37,0.136029411765,1.88235294118,4.35294117647,3.36363636364,2.84615384615,1.69341284359,0.389027274878,0.193958664547,2.09866904602,0.964253345467,0.518282988871,1.87867287326,0.863174022847,0.470588235294,0.786197569093,0.41766745858,2.25,1.88235294118,0.786197569093,2.25,0.166339869281,0.0612244897959,3,0.00441176470588,0.185952380952,17,17,17,1,0,0.352941176471,0.411764705882,0.235294117647,0,0,0,0,0,0,0,0,0,0,0,0,0,0,0,0,0,0,0,0,0,0,0,0,0,0,0,0,0,37,0,0,235,1,1,0,0,1,1,1,1,1,1,2,2,0,0,0,0
381,WLNM_dir_neg,1,0.5,00:00:12,10,10,43,1979945716,threshold_sweep,0.3,1,1,1,2,0,0,4,1,1,0,0,1,1,1,1,0.555555555556,1,1,1,37,35,2,0,37,0,35,0,2,17,37,0.136029411765,1.88235294118,4.35294117647,3.36363636364,2.84615384615,1.69341284359,0.389027274878,0.193958664547,2.09866904602,0.964253345467,0.518282988871,1.87867287326,0.863174022847,0.470588235294,0.786197569093,0.41766745858,2.25,1.88235294118,0.786197569093,2.25,0.166339869281,0.0612244897959,3,0.00441176470588,0.185952380952,17,17,17,1,0,0.352941176471,0.411764705882,0.235294117647,17,0.128676470588,1.90196078431,4.11764705882,3.18181818182,2.69230769231,1.57648156274,0.382859808093,0.201680672269,2.01465221053,0.978545359402,0.524369747899,1.74894926439,0.849489642704,0.463865546218,0.814492905316,0.428238537847,2.33333333333,1.90196078431,0.814492905316,2.33333333333,0,0,0,0,0.164242424242,17,17,17,1,0,0.352941176471,0.411764705882,0.235294117647,17,37,0.136029411765,1.88235294118,4.35294117647,3.36363636364,2.84615384615,1.69341284359,0.389027274878,0.193958664547,2.09866904602,0.964253345467,0.518282988871,1.87867287326,0.863174022847,0.470588235294,0.786197569093,0.41766745858,2.25,1.88235294118,0.786197569093,2.25,0.166339869281,0.0612244897959,3,0.00441176470588,0.185952380952,17,17,17,1,0,0.352941176471,0.411764705882,0.235294117647,0,0,0,0,0,0,0,0,0,0,0,0,0,0,0,0,0,0,0,0,0,0,0,0,0,0,0,0,0,37,0,0,235,1,1,0,0,1,1,1,1,1,1,2,2,0,0,0,0
382,WLNM_dir_neg,1,0.5,00:00:12,10,10,43,1979945716,threshold_sweep,0.4,1,1,1,2,0,0,4,1,1,0,0,1,1,1,1,0.555555555556,1,1,1,37,35,2,0,37,0,35,0,2,17,37,0.136029411765,1.88235294118,4.35294117647,3.36363636364,2.84615384615,1.69341284359,0.389027274878,0.193958664547,2.09866904602,0.964253345467,0.518282988871,1.87867287326,0.863174022847,0.470588235294,0.786197569093,0.41766745858,2.25,1.88235294118,0.786197569093,2.25,0.166339869281,0.0612244897959,3,0.00441176470588,0.185952380952,17,17,17,1,0,0.352941176471,0.411764705882,0.235294117647,17,0.128676470588,1.90196078431,4.11764705882,3.18181818182,2.69230769231,1.57648156274,0.382859808093,0.201680672269,2.01465221053,0.978545359402,0.524369747899,1.74894926439,0.849489642704,0.463865546218,0.814492905316,0.428238537847,2.33333333333,1.90196078431,0.814492905316,2.33333333333,0,0,0,0,0.164242424242,17,17,17,1,0,0.352941176471,0.411764705882,0.235294117647,17,37,0.136029411765,1.88235294118,4.35294117647,3.36363636364,2.84615384615,1.69341284359,0.389027274878,0.193958664547,2.09866904602,0.964253345467,0.518282988871,1.87867287326,0.863174022847,0.470588235294,0.786197569093,0.41766745858,2.25,1.88235294118,0.786197569093,2.25,0.166339869281,0.0612244897959,3,0.00441176470588,0.185952380952,17,17,17,1,0,0.352941176471,0.411764705882,0.235294117647,0,0,0,0,0,0,0,0,0,0,0,0,0,0,0,0,0,0,0,0,0,0,0,0,0,0,0,0,0,37,0,0,235,1,1,0,0,1,1,1,1,1,1,2,2,0,0,0,0
383,WLNM_dir_neg,1,0.5,00:00:12,10,10,43,1979945716,threshold_sweep,0.5,1,1,1,2,0,0,4,1,1,0,0,1,1,1,1,0.555555555556,1,1,1,37,35,2,0,37,0,35,0,2,17,37,0.136029411765,1.88235294118,4.35294117647,3.36363636364,2.84615384615,1.69341284359,0.389027274878,0.193958664547,2.09866904602,0.964253345467,0.518282988871,1.87867287326,0.863174022847,0.470588235294,0.786197569093,0.41766745858,2.25,1.88235294118,0.786197569093,2.25,0.166339869281,0.0612244897959,3,0.00441176470588,0.185952380952,17,17,17,1,0,0.352941176471,0.411764705882,0.235294117647,17,0.128676470588,1.90196078431,4.11764705882,3.18181818182,2.69230769231,1.57648156274,0.382859808093,0.201680672269,2.01465221053,0.978545359402,0.524369747899,1.74894926439,0.849489642704,0.463865546218,0.814492905316,0.428238537847,2.33333333333,1.90196078431,0.814492905316,2.33333333333,0,0,0,0,0.164242424242,17,17,17,1,0,0.352941176471,0.411764705882,0.235294117647,17,37,0.136029411765,1.88235294118,4.35294117647,3.36363636364,2.84615384615,1.69341284359,0.389027274878,0.193958664547,2.09866904602,0.964253345467,0.518282988871,1.87867287326,0.863174022847,0.470588235294,0.786197569093,0.41766745858,2.25,1.88235294118,0.786197569093,2.25,0.166339869281,0.0612244897959,3,0.00441176470588,0.185952380952,17,17,17,1,0,0.352941176471,0.411764705882,0.235294117647,0,0,0,0,0,0,0,0,0,0,0,0,0,0,0,0,0,0,0,0,0,0,0,0,0,0,0,0,0,37,0,0,235,1,1,0,0,1,1,1,1,1,1,2,2,0,0,0,0
384,WLNM_dir_neg,1,0.5,00:00:12,10,10,43,1979945716,threshold_sweep,0.6,1,1,1,2,0,0,4,1,1,0,0,1,1,1,1,0.555555555556,1,1,1,37,35,2,0,37,0,35,0,2,17,37,0.136029411765,1.88235294118,4.35294117647,3.36363636364,2.84615384615,1.69341284359,0.389027274878,0.193958664547,2.09866904602,0.964253345467,0.518282988871,1.87867287326,0.863174022847,0.470588235294,0.786197569093,0.41766745858,2.25,1.88235294118,0.786197569093,2.25,0.166339869281,0.0612244897959,3,0.00441176470588,0.185952380952,17,17,17,1,0,0.352941176471,0.411764705882,0.235294117647,17,0.128676470588,1.90196078431,4.11764705882,3.18181818182,2.69230769231,1.57648156274,0.382859808093,0.201680672269,2.01465221053,0.978545359402,0.524369747899,1.74894926439,0.849489642704,0.463865546218,0.814492905316,0.428238537847,2.33333333333,1.90196078431,0.814492905316,2.33333333333,0,0,0,0,0.164242424242,17,17,17,1,0,0.352941176471,0.411764705882,0.235294117647,17,37,0.136029411765,1.88235294118,4.35294117647,3.36363636364,2.84615384615,1.69341284359,0.389027274878,0.193958664547,2.09866904602,0.964253345467,0.518282988871,1.87867287326,0.863174022847,0.470588235294,0.786197569093,0.41766745858,2.25,1.88235294118,0.786197569093,2.25,0.166339869281,0.0612244897959,3,0.00441176470588,0.185952380952,17,17,17,1,0,0.352941176471,0.411764705882,0.235294117647,0,0,0,0,0,0,0,0,0,0,0,0,0,0,0,0,0,0,0,0,0,0,0,0,0,0,0,0,0,37,0,0,235,1,1,0,0,1,1,1,1,1,1,2,2,0,0,0,0
385,WLNM_dir_neg,1,0.5,00:00:12,10,10,43,1979945716,threshold_sweep,0.7,1,1,1,2,0,0,4,1,1,0,0,1,1,1,1,0.555555555556,1,1,1,37,35,2,0,37,0,35,0,2,17,37,0.136029411765,1.88235294118,4.35294117647,3.36363636364,2.84615384615,1.69341284359,0.389027274878,0.193958664547,2.09866904602,0.964253345467,0.518282988871,1.87867287326,0.863174022847,0.470588235294,0.786197569093,0.41766745858,2.25,1.88235294118,0.786197569093,2.25,0.166339869281,0.0612244897959,3,0.00441176470588,0.185952380952,17,17,17,1,0,0.352941176471,0.411764705882,0.235294117647,17,0.128676470588,1.90196078431,4.11764705882,3.18181818182,2.69230769231,1.57648156274,0.382859808093,0.201680672269,2.01465221053,0.978545359402,0.524369747899,1.74894926439,0.849489642704,0.463865546218,0.814492905316,0.428238537847,2.33333333333,1.90196078431,0.814492905316,2.33333333333,0,0,0,0,0.164242424242,17,17,17,1,0,0.352941176471,0.411764705882,0.235294117647,17,37,0.136029411765,1.88235294118,4.35294117647,3.36363636364,2.84615384615,1.69341284359,0.389027274878,0.193958664547,2.09866904602,0.964253345467,0.518282988871,1.87867287326,0.863174022847,0.470588235294,0.786197569093,0.41766745858,2.25,1.88235294118,0.786197569093,2.25,0.166339869281,0.0612244897959,3,0.00441176470588,0.185952380952,17,17,17,1,0,0.352941176471,0.411764705882,0.235294117647,0,0,0,0,0,0,0,0,0,0,0,0,0,0,0,0,0,0,0,0,0,0,0,0,0,0,0,0,0,37,0,0,235,1,1,0,0,1,1,1,1,1,1,2,2,0,0,0,0
386,WLNM_dir_neg,1,0.5,00:00:12,10,10,43,1979945716,threshold_sweep,0.8,1,1,1,2,0,0,4,1,1,0,0,1,1,1,1,0.555555555556,1,1,1,37,35,2,0,37,0,35,0,2,17,37,0.136029411765,1.88235294118,4.35294117647,3.36363636364,2.84615384615,1.69341284359,0.389027274878,0.193958664547,2.09866904602,0.964253345467,0.518282988871,1.87867287326,0.863174022847,0.470588235294,0.786197569093,0.41766745858,2.25,1.88235294118,0.786197569093,2.25,0.166339869281,0.0612244897959,3,0.00441176470588,0.185952380952,17,17,17,1,0,0.352941176471,0.411764705882,0.235294117647,17,0.128676470588,1.90196078431,4.11764705882,3.18181818182,2.69230769231,1.57648156274,0.382859808093,0.201680672269,2.01465221053,0.978545359402,0.524369747899,1.74894926439,0.849489642704,0.463865546218,0.814492905316,0.428238537847,2.33333333333,1.90196078431,0.814492905316,2.33333333333,0,0,0,0,0.164242424242,17,17,17,1,0,0.352941176471,0.411764705882,0.235294117647,17,37,0.136029411765,1.88235294118,4.35294117647,3.36363636364,2.84615384615,1.69341284359,0.389027274878,0.193958664547,2.09866904602,0.964253345467,0.518282988871,1.87867287326,0.863174022847,0.470588235294,0.786197569093,0.41766745858,2.25,1.88235294118,0.786197569093,2.25,0.166339869281,0.0612244897959,3,0.00441176470588,0.185952380952,17,17,17,1,0,0.352941176471,0.411764705882,0.235294117647,0,0,0,0,0,0,0,0,0,0,0,0,0,0,0,0,0,0,0,0,0,0,0,0,0,0,0,0,0,37,0,0,235,1,1,0,0,1,1,1,1,1,1,2,2,0,0,0,0
387,WLNM_dir_neg,1,0.5,00:00:12,10,10,43,1979945716,threshold_sweep,0.9,1,1,1,2,0,0,4,1,1,0,0,1,1,1,1,0.555555555556,1,1,1,37,35,2,0,37,0,35,0,2,17,37,0.136029411765,1.88235294118,4.35294117647,3.36363636364,2.84615384615,1.69341284359,0.389027274878,0.193958664547,2.09866904602,0.964253345467,0.518282988871,1.87867287326,0.863174022847,0.470588235294,0.786197569093,0.41766745858,2.25,1.88235294118,0.786197569093,2.25,0.166339869281,0.0612244897959,3,0.00441176470588,0.185952380952,17,17,17,1,0,0.352941176471,0.411764705882,0.235294117647,17,0.128676470588,1.90196078431,4.11764705882,3.18181818182,2.69230769231,1.57648156274,0.382859808093,0.201680672269,2.01465221053,0.978545359402,0.524369747899,1.74894926439,0.849489642704,0.463865546218,0.814492905316,0.428238537847,2.33333333333,1.90196078431,0.814492905316,2.33333333333,0,0,0,0,0.164242424242,17,17,17,1,0,0.352941176471,0.411764705882,0.235294117647,17,37,0.136029411765,1.88235294118,4.35294117647,3.36363636364,2.84615384615,1.69341284359,0.389027274878,0.193958664547,2.09866904602,0.964253345467,0.518282988871,1.87867287326,0.863174022847,0.470588235294,0.786197569093,0.41766745858,2.25,1.88235294118,0.786197569093,2.25,0.166339869281,0.0612244897959,3,0.00441176470588,0.185952380952,17,17,17,1,0,0.352941176471,0.411764705882,0.235294117647,0,0,0,0,0,0,0,0,0,0,0,0,0,0,0,0,0,0,0,0,0,0,0,0,0,0,0,0,0,37,0,0,235,1,1,0,0,1,1,1,1,1,1,2,2,0,0,0,0
388,WLNM_dir_neg,1,0.5,00:00:12,10,10,44,1979945717,threshold_sweep,0.1,1,1,1,2,0,0,4,1,1,0,0,1,1,1,1,0.555555555556,1,1,1,37,35,2,0,37,0,35,0,2,17,37,0.136029411765,1.88235294118,4.35294117647,3.36363636364,2.84615384615,1.69341284359,0.389027274878,0.193958664547,2.09866904602,0.964253345467,0.518282988871,1.87867287326,0.863174022847,0.470588235294,0.786197569093,0.41766745858,2.25,1.88235294118,0.786197569093,2.25,0.166339869281,0.0612244897959,3,0.00441176470588,0.185952380952,17,17,17,1,0,0.352941176471,0.411764705882,0.235294117647,17,0.128676470588,1.90196078431,4.11764705882,3.18181818182,2.69230769231,1.57648156274,0.382859808093,0.201680672269,2.01465221053,0.978545359402,0.524369747899,1.74894926439,0.849489642704,0.463865546218,0.814492905316,0.428238537847,2.33333333333,1.90196078431,0.814492905316,2.33333333333,0,0,0,0,0.164242424242,17,17,17,1,0,0.352941176471,0.411764705882,0.235294117647,17,37,0.136029411765,1.88235294118,4.35294117647,3.36363636364,2.84615384615,1.69341284359,0.389027274878,0.193958664547,2.09866904602,0.964253345467,0.518282988871,1.87867287326,0.863174022847,0.470588235294,0.786197569093,0.41766745858,2.25,1.88235294118,0.786197569093,2.25,0.166339869281,0.0612244897959,3,0.00441176470588,0.185952380952,17,17,17,1,0,0.352941176471,0.411764705882,0.235294117647,0,0,0,0,0,0,0,0,0,0,0,0,0,0,0,0,0,0,0,0,0,0,0,0,0,0,0,0,0,37,0,0,235,1,1,0,0,1,1,1,1,1,1,2,2,0,0,0,0
389,WLNM_dir_neg,1,0.5,00:00:12,10,10,44,1979945717,threshold_sweep,0.2,1,1,1,2,0,0,4,1,1,0,0,1,1,1,1,0.555555555556,1,1,1,37,35,2,0,37,0,35,0,2,17,37,0.136029411765,1.88235294118,4.35294117647,3.36363636364,2.84615384615,1.69341284359,0.389027274878,0.193958664547,2.09866904602,0.964253345467,0.518282988871,1.87867287326,0.863174022847,0.470588235294,0.786197569093,0.41766745858,2.25,1.88235294118,0.786197569093,2.25,0.166339869281,0.0612244897959,3,0.00441176470588,0.185952380952,17,17,17,1,0,0.352941176471,0.411764705882,0.235294117647,17,0.128676470588,1.90196078431,4.11764705882,3.18181818182,2.69230769231,1.57648156274,0.382859808093,0.201680672269,2.01465221053,0.978545359402,0.524369747899,1.74894926439,0.849489642704,0.463865546218,0.814492905316,0.428238537847,2.33333333333,1.90196078431,0.814492905316,2.33333333333,0,0,0,0,0.164242424242,17,17,17,1,0,0.352941176471,0.411764705882,0.235294117647,17,37,0.136029411765,1.88235294118,4.35294117647,3.36363636364,2.84615384615,1.69341284359,0.389027274878,0.193958664547,2.09866904602,0.964253345467,0.518282988871,1.87867287326,0.863174022847,0.470588235294,0.786197569093,0.41766745858,2.25,1.88235294118,0.786197569093,2.25,0.166339869281,0.0612244897959,3,0.00441176470588,0.185952380952,17,17,17,1,0,0.352941176471,0.411764705882,0.235294117647,0,0,0,0,0,0,0,0,0,0,0,0,0,0,0,0,0,0,0,0,0,0,0,0,0,0,0,0,0,37,0,0,235,1,1,0,0,1,1,1,1,1,1,2,2,0,0,0,0
390,WLNM_dir_neg,1,0.5,00:00:12,10,10,44,1979945717,threshold_sweep,0.3,1,1,1,2,0,0,4,1,1,0,0,1,1,1,1,0.555555555556,1,1,1,37,35,2,0,37,0,35,0,2,17,37,0.136029411765,1.88235294118,4.35294117647,3.36363636364,2.84615384615,1.69341284359,0.389027274878,0.193958664547,2.09866904602,0.964253345467,0.518282988871,1.87867287326,0.863174022847,0.470588235294,0.786197569093,0.41766745858,2.25,1.88235294118,0.786197569093,2.25,0.166339869281,0.0612244897959,3,0.00441176470588,0.185952380952,17,17,17,1,0,0.352941176471,0.411764705882,0.235294117647,17,0.128676470588,1.90196078431,4.11764705882,3.18181818182,2.69230769231,1.57648156274,0.382859808093,0.201680672269,2.01465221053,0.978545359402,0.524369747899,1.74894926439,0.849489642704,0.463865546218,0.814492905316,0.428238537847,2.33333333333,1.90196078431,0.814492905316,2.33333333333,0,0,0,0,0.164242424242,17,17,17,1,0,0.352941176471,0.411764705882,0.235294117647,17,37,0.136029411765,1.88235294118,4.35294117647,3.36363636364,2.84615384615,1.69341284359,0.389027274878,0.193958664547,2.09866904602,0.964253345467,0.518282988871,1.87867287326,0.863174022847,0.470588235294,0.786197569093,0.41766745858,2.25,1.88235294118,0.786197569093,2.25,0.166339869281,0.0612244897959,3,0.00441176470588,0.185952380952,17,17,17,1,0,0.352941176471,0.411764705882,0.235294117647,0,0,0,0,0,0,0,0,0,0,0,0,0,0,0,0,0,0,0,0,0,0,0,0,0,0,0,0,0,37,0,0,235,1,1,0,0,1,1,1,1,1,1,2,2,0,0,0,0
391,WLNM_dir_neg,1,0.5,00:00:12,10,10,44,1979945717,threshold_sweep,0.4,1,1,1,2,0,0,4,1,1,0,0,1,1,1,1,0.555555555556,1,1,1,37,35,2,0,37,0,35,0,2,17,37,0.136029411765,1.88235294118,4.35294117647,3.36363636364,2.84615384615,1.69341284359,0.389027274878,0.193958664547,2.09866904602,0.964253345467,0.518282988871,1.87867287326,0.863174022847,0.470588235294,0.786197569093,0.41766745858,2.25,1.88235294118,0.786197569093,2.25,0.166339869281,0.0612244897959,3,0.00441176470588,0.185952380952,17,17,17,1,0,0.352941176471,0.411764705882,0.235294117647,17,0.128676470588,1.90196078431,4.11764705882,3.18181818182,2.69230769231,1.57648156274,0.382859808093,0.201680672269,2.01465221053,0.978545359402,0.524369747899,1.74894926439,0.849489642704,0.463865546218,0.814492905316,0.428238537847,2.33333333333,1.90196078431,0.814492905316,2.33333333333,0,0,0,0,0.164242424242,17,17,17,1,0,0.352941176471,0.411764705882,0.235294117647,17,37,0.136029411765,1.88235294118,4.35294117647,3.36363636364,2.84615384615,1.69341284359,0.389027274878,0.193958664547,2.09866904602,0.964253345467,0.518282988871,1.87867287326,0.863174022847,0.470588235294,0.786197569093,0.41766745858,2.25,1.88235294118,0.786197569093,2.25,0.166339869281,0.0612244897959,3,0.00441176470588,0.185952380952,17,17,17,1,0,0.352941176471,0.411764705882,0.235294117647,0,0,0,0,0,0,0,0,0,0,0,0,0,0,0,0,0,0,0,0,0,0,0,0,0,0,0,0,0,37,0,0,235,1,1,0,0,1,1,1,1,1,1,2,2,0,0,0,0
392,WLNM_dir_neg,1,0.5,00:00:12,10,10,44,1979945717,threshold_sweep,0.5,1,1,1,2,0,0,4,1,1,0,0,1,1,1,1,0.555555555556,1,1,1,37,35,2,0,37,0,35,0,2,17,37,0.136029411765,1.88235294118,4.35294117647,3.36363636364,2.84615384615,1.69341284359,0.389027274878,0.193958664547,2.09866904602,0.964253345467,0.518282988871,1.87867287326,0.863174022847,0.470588235294,0.786197569093,0.41766745858,2.25,1.88235294118,0.786197569093,2.25,0.166339869281,0.0612244897959,3,0.00441176470588,0.185952380952,17,17,17,1,0,0.352941176471,0.411764705882,0.235294117647,17,0.128676470588,1.90196078431,4.11764705882,3.18181818182,2.69230769231,1.57648156274,0.382859808093,0.201680672269,2.01465221053,0.978545359402,0.524369747899,1.74894926439,0.849489642704,0.463865546218,0.814492905316,0.428238537847,2.33333333333,1.90196078431,0.814492905316,2.33333333333,0,0,0,0,0.164242424242,17,17,17,1,0,0.352941176471,0.411764705882,0.235294117647,17,37,0.136029411765,1.88235294118,4.35294117647,3.36363636364,2.84615384615,1.69341284359,0.389027274878,0.193958664547,2.09866904602,0.964253345467,0.518282988871,1.87867287326,0.863174022847,0.470588235294,0.786197569093,0.41766745858,2.25,1.88235294118,0.786197569093,2.25,0.166339869281,0.0612244897959,3,0.00441176470588,0.185952380952,17,17,17,1,0,0.352941176471,0.411764705882,0.235294117647,0,0,0,0,0,0,0,0,0,0,0,0,0,0,0,0,0,0,0,0,0,0,0,0,0,0,0,0,0,37,0,0,235,1,1,0,0,1,1,1,1,1,1,2,2,0,0,0,0
393,WLNM_dir_neg,1,0.5,00:00:12,10,10,44,1979945717,threshold_sweep,0.6,1,1,1,2,0,0,4,1,1,0,0,1,1,1,1,0.555555555556,1,1,1,37,35,2,0,37,0,35,0,2,17,37,0.136029411765,1.88235294118,4.35294117647,3.36363636364,2.84615384615,1.69341284359,0.389027274878,0.193958664547,2.09866904602,0.964253345467,0.518282988871,1.87867287326,0.863174022847,0.470588235294,0.786197569093,0.41766745858,2.25,1.88235294118,0.786197569093,2.25,0.166339869281,0.0612244897959,3,0.00441176470588,0.185952380952,17,17,17,1,0,0.352941176471,0.411764705882,0.235294117647,17,0.128676470588,1.90196078431,4.11764705882,3.18181818182,2.69230769231,1.57648156274,0.382859808093,0.201680672269,2.01465221053,0.978545359402,0.524369747899,1.74894926439,0.849489642704,0.463865546218,0.814492905316,0.428238537847,2.33333333333,1.90196078431,0.814492905316,2.33333333333,0,0,0,0,0.164242424242,17,17,17,1,0,0.352941176471,0.411764705882,0.235294117647,17,37,0.136029411765,1.88235294118,4.35294117647,3.36363636364,2.84615384615,1.69341284359,0.389027274878,0.193958664547,2.09866904602,0.964253345467,0.518282988871,1.87867287326,0.863174022847,0.470588235294,0.786197569093,0.41766745858,2.25,1.88235294118,0.786197569093,2.25,0.166339869281,0.0612244897959,3,0.00441176470588,0.185952380952,17,17,17,1,0,0.352941176471,0.411764705882,0.235294117647,0,0,0,0,0,0,0,0,0,0,0,0,0,0,0,0,0,0,0,0,0,0,0,0,0,0,0,0,0,37,0,0,235,1,1,0,0,1,1,1,1,1,1,2,2,0,0,0,0
394,WLNM_dir_neg,1,0.5,00:00:12,10,10,44,1979945717,threshold_sweep,0.7,1,1,1,2,0,0,4,1,1,0,0,1,1,1,1,0.555555555556,1,1,1,37,35,2,0,37,0,35,0,2,17,37,0.136029411765,1.88235294118,4.35294117647,3.36363636364,2.84615384615,1.69341284359,0.389027274878,0.193958664547,2.09866904602,0.964253345467,0.518282988871,1.87867287326,0.863174022847,0.470588235294,0.786197569093,0.41766745858,2.25,1.88235294118,0.786197569093,2.25,0.166339869281,0.0612244897959,3,0.00441176470588,0.185952380952,17,17,17,1,0,0.352941176471,0.411764705882,0.235294117647,17,0.128676470588,1.90196078431,4.11764705882,3.18181818182,2.69230769231,1.57648156274,0.382859808093,0.201680672269,2.01465221053,0.978545359402,0.524369747899,1.74894926439,0.849489642704,0.463865546218,0.814492905316,0.428238537847,2.33333333333,1.90196078431,0.814492905316,2.33333333333,0,0,0,0,0.164242424242,17,17,17,1,0,0.352941176471,0.411764705882,0.235294117647,17,37,0.136029411765,1.88235294118,4.35294117647,3.36363636364,2.84615384615,1.69341284359,0.389027274878,0.193958664547,2.09866904602,0.964253345467,0.518282988871,1.87867287326,0.863174022847,0.470588235294,0.786197569093,0.41766745858,2.25,1.88235294118,0.786197569093,2.25,0.166339869281,0.0612244897959,3,0.00441176470588,0.185952380952,17,17,17,1,0,0.352941176471,0.411764705882,0.235294117647,0,0,0,0,0,0,0,0,0,0,0,0,0,0,0,0,0,0,0,0,0,0,0,0,0,0,0,0,0,37,0,0,235,1,1,0,0,1,1,1,1,1,1,2,2,0,0,0,0
395,WLNM_dir_neg,1,0.5,00:00:12,10,10,44,1979945717,threshold_sweep,0.8,1,1,1,2,0,0,4,1,1,0,0,1,1,1,1,0.555555555556,1,1,1,37,35,2,0,37,0,35,0,2,17,37,0.136029411765,1.88235294118,4.35294117647,3.36363636364,2.84615384615,1.69341284359,0.389027274878,0.193958664547,2.09866904602,0.964253345467,0.518282988871,1.87867287326,0.863174022847,0.470588235294,0.786197569093,0.41766745858,2.25,1.88235294118,0.786197569093,2.25,0.166339869281,0.0612244897959,3,0.00441176470588,0.185952380952,17,17,17,1,0,0.352941176471,0.411764705882,0.235294117647,17,0.128676470588,1.90196078431,4.11764705882,3.18181818182,2.69230769231,1.57648156274,0.382859808093,0.201680672269,2.01465221053,0.978545359402,0.524369747899,1.74894926439,0.849489642704,0.463865546218,0.814492905316,0.428238537847,2.33333333333,1.90196078431,0.814492905316,2.33333333333,0,0,0,0,0.164242424242,17,17,17,1,0,0.352941176471,0.411764705882,0.235294117647,17,37,0.136029411765,1.88235294118,4.35294117647,3.36363636364,2.84615384615,1.69341284359,0.389027274878,0.193958664547,2.09866904602,0.964253345467,0.518282988871,1.87867287326,0.863174022847,0.470588235294,0.786197569093,0.41766745858,2.25,1.88235294118,0.786197569093,2.25,0.166339869281,0.0612244897959,3,0.00441176470588,0.185952380952,17,17,17,1,0,0.352941176471,0.411764705882,0.235294117647,0,0,0,0,0,0,0,0,0,0,0,0,0,0,0,0,0,0,0,0,0,0,0,0,0,0,0,0,0,37,0,0,235,1,1,0,0,1,1,1,1,1,1,2,2,0,0,0,0
396,WLNM_dir_neg,1,0.5,00:00:12,10,10,44,1979945717,threshold_sweep,0.9,1,1,1,2,0,0,4,1,1,0,0,1,1,1,1,0.555555555556,1,1,1,37,35,2,0,37,0,35,0,2,17,37,0.136029411765,1.88235294118,4.35294117647,3.36363636364,2.84615384615,1.69341284359,0.389027274878,0.193958664547,2.09866904602,0.964253345467,0.518282988871,1.87867287326,0.863174022847,0.470588235294,0.786197569093,0.41766745858,2.25,1.88235294118,0.786197569093,2.25,0.166339869281,0.0612244897959,3,0.00441176470588,0.185952380952,17,17,17,1,0,0.352941176471,0.411764705882,0.235294117647,17,0.128676470588,1.90196078431,4.11764705882,3.18181818182,2.69230769231,1.57648156274,0.382859808093,0.201680672269,2.01465221053,0.978545359402,0.524369747899,1.74894926439,0.849489642704,0.463865546218,0.814492905316,0.428238537847,2.33333333333,1.90196078431,0.814492905316,2.33333333333,0,0,0,0,0.164242424242,17,17,17,1,0,0.352941176471,0.411764705882,0.235294117647,17,37,0.136029411765,1.88235294118,4.35294117647,3.36363636364,2.84615384615,1.69341284359,0.389027274878,0.193958664547,2.09866904602,0.964253345467,0.518282988871,1.87867287326,0.863174022847,0.470588235294,0.786197569093,0.41766745858,2.25,1.88235294118,0.786197569093,2.25,0.166339869281,0.0612244897959,3,0.00441176470588,0.185952380952,17,17,17,1,0,0.352941176471,0.411764705882,0.235294117647,0,0,0,0,0,0,0,0,0,0,0,0,0,0,0,0,0,0,0,0,0,0,0,0,0,0,0,0,0,37,0,0,235,1,1,0,0,1,1,1,1,1,1,2,2,0,0,0,0
397,WLNM_dir_neg,1,0.5,00:00:12,10,10,45,1979945718,threshold_sweep,0.1,1,1,1,2,0,0,4,1,1,0,0,1,1,1,1,0.555555555556,1,1,1,37,35,2,0,37,0,35,0,2,17,37,0.136029411765,1.88235294118,4.35294117647,3.36363636364,2.84615384615,1.69341284359,0.389027274878,0.193958664547,2.09866904602,0.964253345467,0.518282988871,1.87867287326,0.863174022847,0.470588235294,0.786197569093,0.41766745858,2.25,1.88235294118,0.786197569093,2.25,0.166339869281,0.0612244897959,3,0.00441176470588,0.185952380952,17,17,17,1,0,0.352941176471,0.411764705882,0.235294117647,17,0.128676470588,1.90196078431,4.11764705882,3.18181818182,2.69230769231,1.57648156274,0.382859808093,0.201680672269,2.01465221053,0.978545359402,0.524369747899,1.74894926439,0.849489642704,0.463865546218,0.814492905316,0.428238537847,2.33333333333,1.90196078431,0.814492905316,2.33333333333,0,0,0,0,0.164242424242,17,17,17,1,0,0.352941176471,0.411764705882,0.235294117647,17,37,0.136029411765,1.88235294118,4.35294117647,3.36363636364,2.84615384615,1.69341284359,0.389027274878,0.193958664547,2.09866904602,0.964253345467,0.518282988871,1.87867287326,0.863174022847,0.470588235294,0.786197569093,0.41766745858,2.25,1.88235294118,0.786197569093,2.25,0.166339869281,0.0612244897959,3,0.00441176470588,0.185952380952,17,17,17,1,0,0.352941176471,0.411764705882,0.235294117647,0,0,0,0,0,0,0,0,0,0,0,0,0,0,0,0,0,0,0,0,0,0,0,0,0,0,0,0,0,37,0,0,235,1,1,0,0,1,1,1,1,1,1,2,2,0,0,0,0
398,WLNM_dir_neg,1,0.5,00:00:12,10,10,45,1979945718,threshold_sweep,0.2,1,1,1,2,0,0,4,1,1,0,0,1,1,1,1,0.555555555556,1,1,1,37,35,2,0,37,0,35,0,2,17,37,0.136029411765,1.88235294118,4.35294117647,3.36363636364,2.84615384615,1.69341284359,0.389027274878,0.193958664547,2.09866904602,0.964253345467,0.518282988871,1.87867287326,0.863174022847,0.470588235294,0.786197569093,0.41766745858,2.25,1.88235294118,0.786197569093,2.25,0.166339869281,0.0612244897959,3,0.00441176470588,0.185952380952,17,17,17,1,0,0.352941176471,0.411764705882,0.235294117647,17,0.128676470588,1.90196078431,4.11764705882,3.18181818182,2.69230769231,1.57648156274,0.382859808093,0.201680672269,2.01465221053,0.978545359402,0.524369747899,1.74894926439,0.849489642704,0.463865546218,0.814492905316,0.428238537847,2.33333333333,1.90196078431,0.814492905316,2.33333333333,0,0,0,0,0.164242424242,17,17,17,1,0,0.352941176471,0.411764705882,0.235294117647,17,37,0.136029411765,1.88235294118,4.35294117647,3.36363636364,2.84615384615,1.69341284359,0.389027274878,0.193958664547,2.09866904602,0.964253345467,0.518282988871,1.87867287326,0.863174022847,0.470588235294,0.786197569093,0.41766745858,2.25,1.88235294118,0.786197569093,2.25,0.166339869281,0.0612244897959,3,0.00441176470588,0.185952380952,17,17,17,1,0,0.352941176471,0.411764705882,0.235294117647,0,0,0,0,0,0,0,0,0,0,0,0,0,0,0,0,0,0,0,0,0,0,0,0,0,0,0,0,0,37,0,0,235,1,1,0,0,1,1,1,1,1,1,2,2,0,0,0,0
399,WLNM_dir_neg,1,0.5,00:00:12,10,10,45,1979945718,threshold_sweep,0.3,1,1,1,2,0,0,4,1,1,0,0,1,1,1,1,0.555555555556,1,1,1,37,35,2,0,37,0,35,0,2,17,37,0.136029411765,1.88235294118,4.35294117647,3.36363636364,2.84615384615,1.69341284359,0.389027274878,0.193958664547,2.09866904602,0.964253345467,0.518282988871,1.87867287326,0.863174022847,0.470588235294,0.786197569093,0.41766745858,2.25,1.88235294118,0.786197569093,2.25,0.166339869281,0.0612244897959,3,0.00441176470588,0.185952380952,17,17,17,1,0,0.352941176471,0.411764705882,0.235294117647,17,0.128676470588,1.90196078431,4.11764705882,3.18181818182,2.69230769231,1.57648156274,0.382859808093,0.201680672269,2.01465221053,0.978545359402,0.524369747899,1.74894926439,0.849489642704,0.463865546218,0.814492905316,0.428238537847,2.33333333333,1.90196078431,0.814492905316,2.33333333333,0,0,0,0,0.164242424242,17,17,17,1,0,0.352941176471,0.411764705882,0.235294117647,17,37,0.136029411765,1.88235294118,4.35294117647,3.36363636364,2.84615384615,1.69341284359,0.389027274878,0.193958664547,2.09866904602,0.964253345467,0.518282988871,1.87867287326,0.863174022847,0.470588235294,0.786197569093,0.41766745858,2.25,1.88235294118,0.786197569093,2.25,0.166339869281,0.0612244897959,3,0.00441176470588,0.185952380952,17,17,17,1,0,0.352941176471,0.411764705882,0.235294117647,0,0,0,0,0,0,0,0,0,0,0,0,0,0,0,0,0,0,0,0,0,0,0,0,0,0,0,0,0,37,0,0,235,1,1,0,0,1,1,1,1,1,1,2,2,0,0,0,0
400,WLNM_dir_neg,1,0.5,00:00:12,10,10,45,1979945718,threshold_sweep,0.4,1,1,1,2,0,0,4,1,1,0,0,1,1,1,1,0.555555555556,1,1,1,37,35,2,0,37,0,35,0,2,17,37,0.136029411765,1.88235294118,4.35294117647,3.36363636364,2.84615384615,1.69341284359,0.389027274878,0.193958664547,2.09866904602,0.964253345467,0.518282988871,1.87867287326,0.863174022847,0.470588235294,0.786197569093,0.41766745858,2.25,1.88235294118,0.786197569093,2.25,0.166339869281,0.0612244897959,3,0.00441176470588,0.185952380952,17,17,17,1,0,0.352941176471,0.411764705882,0.235294117647,17,0.128676470588,1.90196078431,4.11764705882,3.18181818182,2.69230769231,1.57648156274,0.382859808093,0.201680672269,2.01465221053,0.978545359402,0.524369747899,1.74894926439,0.849489642704,0.463865546218,0.814492905316,0.428238537847,2.33333333333,1.90196078431,0.814492905316,2.33333333333,0,0,0,0,0.164242424242,17,17,17,1,0,0.352941176471,0.411764705882,0.235294117647,17,37,0.136029411765,1.88235294118,4.35294117647,3.36363636364,2.84615384615,1.69341284359,0.389027274878,0.193958664547,2.09866904602,0.964253345467,0.518282988871,1.87867287326,0.863174022847,0.470588235294,0.786197569093,0.41766745858,2.25,1.88235294118,0.786197569093,2.25,0.166339869281,0.0612244897959,3,0.00441176470588,0.185952380952,17,17,17,1,0,0.352941176471,0.411764705882,0.235294117647,0,0,0,0,0,0,0,0,0,0,0,0,0,0,0,0,0,0,0,0,0,0,0,0,0,0,0,0,0,37,0,0,235,1,1,0,0,1,1,1,1,1,1,2,2,0,0,0,0
401,WLNM_dir_neg,1,0.5,00:00:12,10,10,45,1979945718,threshold_sweep,0.5,1,1,1,2,0,0,4,1,1,0,0,1,1,1,1,0.555555555556,1,1,1,37,35,2,0,37,0,35,0,2,17,37,0.136029411765,1.88235294118,4.35294117647,3.36363636364,2.84615384615,1.69341284359,0.389027274878,0.193958664547,2.09866904602,0.964253345467,0.518282988871,1.87867287326,0.863174022847,0.470588235294,0.786197569093,0.41766745858,2.25,1.88235294118,0.786197569093,2.25,0.166339869281,0.0612244897959,3,0.00441176470588,0.185952380952,17,17,17,1,0,0.352941176471,0.411764705882,0.235294117647,17,0.128676470588,1.90196078431,4.11764705882,3.18181818182,2.69230769231,1.57648156274,0.382859808093,0.201680672269,2.01465221053,0.978545359402,0.524369747899,1.74894926439,0.849489642704,0.463865546218,0.814492905316,0.428238537847,2.33333333333,1.90196078431,0.814492905316,2.33333333333,0,0,0,0,0.164242424242,17,17,17,1,0,0.352941176471,0.411764705882,0.235294117647,17,37,0.136029411765,1.88235294118,4.35294117647,3.36363636364,2.84615384615,1.69341284359,0.389027274878,0.193958664547,2.09866904602,0.964253345467,0.518282988871,1.87867287326,0.863174022847,0.470588235294,0.786197569093,0.41766745858,2.25,1.88235294118,0.786197569093,2.25,0.166339869281,0.0612244897959,3,0.00441176470588,0.185952380952,17,17,17,1,0,0.352941176471,0.411764705882,0.235294117647,0,0,0,0,0,0,0,0,0,0,0,0,0,0,0,0,0,0,0,0,0,0,0,0,0,0,0,0,0,37,0,0,235,1,1,0,0,1,1,1,1,1,1,2,2,0,0,0,0
402,WLNM_dir_neg,1,0.5,00:00:12,10,10,45,1979945718,threshold_sweep,0.6,1,1,1,2,0,0,4,1,1,0,0,1,1,1,1,0.555555555556,1,1,1,37,35,2,0,37,0,35,0,2,17,37,0.136029411765,1.88235294118,4.35294117647,3.36363636364,2.84615384615,1.69341284359,0.389027274878,0.193958664547,2.09866904602,0.964253345467,0.518282988871,1.87867287326,0.863174022847,0.470588235294,0.786197569093,0.41766745858,2.25,1.88235294118,0.786197569093,2.25,0.166339869281,0.0612244897959,3,0.00441176470588,0.185952380952,17,17,17,1,0,0.352941176471,0.411764705882,0.235294117647,17,0.128676470588,1.90196078431,4.11764705882,3.18181818182,2.69230769231,1.57648156274,0.382859808093,0.201680672269,2.01465221053,0.978545359402,0.524369747899,1.74894926439,0.849489642704,0.463865546218,0.814492905316,0.428238537847,2.33333333333,1.90196078431,0.814492905316,2.33333333333,0,0,0,0,0.164242424242,17,17,17,1,0,0.352941176471,0.411764705882,0.235294117647,17,37,0.136029411765,1.88235294118,4.35294117647,3.36363636364,2.84615384615,1.69341284359,0.389027274878,0.193958664547,2.09866904602,0.964253345467,0.518282988871,1.87867287326,0.863174022847,0.470588235294,0.786197569093,0.41766745858,2.25,1.88235294118,0.786197569093,2.25,0.166339869281,0.0612244897959,3,0.00441176470588,0.185952380952,17,17,17,1,0,0.352941176471,0.411764705882,0.235294117647,0,0,0,0,0,0,0,0,0,0,0,0,0,0,0,0,0,0,0,0,0,0,0,0,0,0,0,0,0,37,0,0,235,1,1,0,0,1,1,1,1,1,1,2,2,0,0,0,0
403,WLNM_dir_neg,1,0.5,00:00:12,10,10,45,1979945718,threshold_sweep,0.7,1,1,1,2,0,0,4,1,1,0,0,1,1,1,1,0.555555555556,1,1,1,37,35,2,0,37,0,35,0,2,17,37,0.136029411765,1.88235294118,4.35294117647,3.36363636364,2.84615384615,1.69341284359,0.389027274878,0.193958664547,2.09866904602,0.964253345467,0.518282988871,1.87867287326,0.863174022847,0.470588235294,0.786197569093,0.41766745858,2.25,1.88235294118,0.786197569093,2.25,0.166339869281,0.0612244897959,3,0.00441176470588,0.185952380952,17,17,17,1,0,0.352941176471,0.411764705882,0.235294117647,17,0.128676470588,1.90196078431,4.11764705882,3.18181818182,2.69230769231,1.57648156274,0.382859808093,0.201680672269,2.01465221053,0.978545359402,0.524369747899,1.74894926439,0.849489642704,0.463865546218,0.814492905316,0.428238537847,2.33333333333,1.90196078431,0.814492905316,2.33333333333,0,0,0,0,0.164242424242,17,17,17,1,0,0.352941176471,0.411764705882,0.235294117647,17,37,0.136029411765,1.88235294118,4.35294117647,3.36363636364,2.84615384615,1.69341284359,0.389027274878,0.193958664547,2.09866904602,0.964253345467,0.518282988871,1.87867287326,0.863174022847,0.470588235294,0.786197569093,0.41766745858,2.25,1.88235294118,0.786197569093,2.25,0.166339869281,0.0612244897959,3,0.00441176470588,0.185952380952,17,17,17,1,0,0.352941176471,0.411764705882,0.235294117647,0,0,0,0,0,0,0,0,0,0,0,0,0,0,0,0,0,0,0,0,0,0,0,0,0,0,0,0,0,37,0,0,235,1,1,0,0,1,1,1,1,1,1,2,2,0,0,0,0
404,WLNM_dir_neg,1,0.5,00:00:12,10,10,45,1979945718,threshold_sweep,0.8,1,1,1,2,0,0,4,1,1,0,0,1,1,1,1,0.555555555556,1,1,1,37,35,2,0,37,0,35,0,2,17,37,0.136029411765,1.88235294118,4.35294117647,3.36363636364,2.84615384615,1.69341284359,0.389027274878,0.193958664547,2.09866904602,0.964253345467,0.518282988871,1.87867287326,0.863174022847,0.470588235294,0.786197569093,0.41766745858,2.25,1.88235294118,0.786197569093,2.25,0.166339869281,0.0612244897959,3,0.00441176470588,0.185952380952,17,17,17,1,0,0.352941176471,0.411764705882,0.235294117647,17,0.128676470588,1.90196078431,4.11764705882,3.18181818182,2.69230769231,1.57648156274,0.382859808093,0.201680672269,2.01465221053,0.978545359402,0.524369747899,1.74894926439,0.849489642704,0.463865546218,0.814492905316,0.428238537847,2.33333333333,1.90196078431,0.814492905316,2.33333333333,0,0,0,0,0.164242424242,17,17,17,1,0,0.352941176471,0.411764705882,0.235294117647,17,37,0.136029411765,1.88235294118,4.35294117647,3.36363636364,2.84615384615,1.69341284359,0.389027274878,0.193958664547,2.09866904602,0.964253345467,0.518282988871,1.87867287326,0.863174022847,0.470588235294,0.786197569093,0.41766745858,2.25,1.88235294118,0.786197569093,2.25,0.166339869281,0.0612244897959,3,0.00441176470588,0.185952380952,17,17,17,1,0,0.352941176471,0.411764705882,0.235294117647,0,0,0,0,0,0,0,0,0,0,0,0,0,0,0,0,0,0,0,0,0,0,0,0,0,0,0,0,0,37,0,0,235,1,1,0,0,1,1,1,1,1,1,2,2,0,0,0,0
405,WLNM_dir_neg,1,0.5,00:00:12,10,10,45,1979945718,threshold_sweep,0.9,1,1,1,2,0,0,4,1,1,0,0,1,1,1,1,0.555555555556,1,1,1,37,35,2,0,37,0,35,0,2,17,37,0.136029411765,1.88235294118,4.35294117647,3.36363636364,2.84615384615,1.69341284359,0.389027274878,0.193958664547,2.09866904602,0.964253345467,0.518282988871,1.87867287326,0.863174022847,0.470588235294,0.786197569093,0.41766745858,2.25,1.88235294118,0.786197569093,2.25,0.166339869281,0.0612244897959,3,0.00441176470588,0.185952380952,17,17,17,1,0,0.352941176471,0.411764705882,0.235294117647,17,0.128676470588,1.90196078431,4.11764705882,3.18181818182,2.69230769231,1.57648156274,0.382859808093,0.201680672269,2.01465221053,0.978545359402,0.524369747899,1.74894926439,0.849489642704,0.463865546218,0.814492905316,0.428238537847,2.33333333333,1.90196078431,0.814492905316,2.33333333333,0,0,0,0,0.164242424242,17,17,17,1,0,0.352941176471,0.411764705882,0.235294117647,17,37,0.136029411765,1.88235294118,4.35294117647,3.36363636364,2.84615384615,1.69341284359,0.389027274878,0.193958664547,2.09866904602,0.964253345467,0.518282988871,1.87867287326,0.863174022847,0.470588235294,0.786197569093,0.41766745858,2.25,1.88235294118,0.786197569093,2.25,0.166339869281,0.0612244897959,3,0.00441176470588,0.185952380952,17,17,17,1,0,0.352941176471,0.411764705882,0.235294117647,0,0,0,0,0,0,0,0,0,0,0,0,0,0,0,0,0,0,0,0,0,0,0,0,0,0,0,0,0,37,0,0,235,1,1,0,0,1,1,1,1,1,1,2,2,0,0,0,0
406,WLNM_dir_neg,0.875,0.291666666667,00:00:12,10,10,46,1979945719,threshold_sweep,0.1,0.666666666667,1,0.8,2,1,0,3,1,0.75,0.25,0,0.666666666667,1,0.8,0.833333333333,0.5,0.666666666667,0.707106781187,0.75,37,35,2,0,37,0,35,0,2,17,37,0.136029411765,1.88235294118,4.35294117647,3.36363636364,2.84615384615,1.69341284359,0.389027274878,0.193958664547,2.09866904602,0.964253345467,0.518282988871,1.87867287326,0.863174022847,0.470588235294,0.786197569093,0.41766745858,2.25,1.88235294118,0.786197569093,2.25,0.166339869281,0.0612244897959,3,0.00441176470588,0.185952380952,17,17,17,1,0,0.352941176471,0.411764705882,0.235294117647,17,0.128676470588,1.90196078431,4.11764705882,3.18181818182,2.69230769231,1.57648156274,0.382859808093,0.201680672269,2.01465221053,0.978545359402,0.524369747899,1.74894926439,0.849489642704,0.463865546218,0.814492905316,0.428238537847,2.33333333333,1.90196078431,0.814492905316,2.33333333333,0,0,0,0,0.164242424242,17,17,17,1,0,0.352941176471,0.411764705882,0.235294117647,17,38,0.139705882353,1.98764705882,4.47058823529,3.16666666667,2.92307692308,1.66274047354,0.371928790134,0.188854489164,2.04723630062,0.915868871331,0.495356037152,1.98523965067,0.888133527931,0.482972136223,0.792996921587,0.398962641817,2.35,1.98764705882,0.792996921587,2.35,0.162418300654,0.0584415584416,3,0.00441176470588,0.192081529582,17,17,17,1,0,0.294117647059,0.470588235294,0.235294117647,1,0.00367647058824,0.105294117647,0.117647058824,-0.19696969697,0.0769230769231,-0.030672370045,-0.0170984847437,-0.00510417538281,-0.0514327453931,-0.0483844741355,-0.0229269517195,0.106566777414,0.0249595050838,0.0123839009288,0.00679935249481,-0.0187048167638,0.1,0.105294117647,0.00679935249481,0.1,-0.00392156862745,-0.00278293135436,0,0,0.00612914862915,-0.0588235294118,0.0588235294118,0,37,1,0,234,1,0.995744680851,0.00425531914894,0,0.973684210526,1,0.986666666667,0.984652666406,0.995744680851,0.973684210526,3,2,0,0,0,0
407,WLNM_dir_neg,0.875,0.291666666667,00:00:12,10,10,46,1979945719,threshold_sweep,0.2,0.666666666667,1,0.8,2,1,0,3,1,0.75,0.25,0,0.666666666667,1,0.8,0.833333333333,0.5,0.666666666667,0.707106781187,0.75,37,35,2,0,37,0,35,0,2,17,37,0.136029411765,1.88235294118,4.35294117647,3.36363636364,2.84615384615,1.69341284359,0.389027274878,0.193958664547,2.09866904602,0.964253345467,0.518282988871,1.87867287326,0.863174022847,0.470588235294,0.786197569093,0.41766745858,2.25,1.88235294118,0.786197569093,2.25,0.166339869281,0.0612244897959,3,0.00441176470588,0.185952380952,17,17,17,1,0,0.352941176471,0.411764705882,0.235294117647,17,0.128676470588,1.90196078431,4.11764705882,3.18181818182,2.69230769231,1.57648156274,0.382859808093,0.201680672269,2.01465221053,0.978545359402,0.524369747899,1.74894926439,0.849489642704,0.463865546218,0.814492905316,0.428238537847,2.33333333333,1.90196078431,0.814492905316,2.33333333333,0,0,0,0,0.164242424242,17,17,17,1,0,0.352941176471,0.411764705882,0.235294117647,17,38,0.139705882353,1.98764705882,4.47058823529,3.16666666667,2.92307692308,1.66274047354,0.371928790134,0.188854489164,2.04723630062,0.915868871331,0.495356037152,1.98523965067,0.888133527931,0.482972136223,0.792996921587,0.398962641817,2.35,1.98764705882,0.792996921587,2.35,0.162418300654,0.0584415584416,3,0.00441176470588,0.192081529582,17,17,17,1,0,0.294117647059,0.470588235294,0.235294117647,1,0.00367647058824,0.105294117647,0.117647058824,-0.19696969697,0.0769230769231,-0.030672370045,-0.0170984847437,-0.00510417538281,-0.0514327453931,-0.0483844741355,-0.0229269517195,0.106566777414,0.0249595050838,0.0123839009288,0.00679935249481,-0.0187048167638,0.1,0.105294117647,0.00679935249481,0.1,-0.00392156862745,-0.00278293135436,0,0,0.00612914862915,-0.0588235294118,0.0588235294118,0,37,1,0,234,1,0.995744680851,0.00425531914894,0,0.973684210526,1,0.986666666667,0.984652666406,0.995744680851,0.973684210526,3,2,0,0,0,0
408,WLNM_dir_neg,0.875,0.291666666667,00:00:12,10,10,46,1979945719,threshold_sweep,0.3,0.666666666667,1,0.8,2,1,0,3,1,0.75,0.25,0,0.666666666667,1,0.8,0.833333333333,0.5,0.666666666667,0.707106781187,0.75,37,35,2,0,37,0,35,0,2,17,37,0.136029411765,1.88235294118,4.35294117647,3.36363636364,2.84615384615,1.69341284359,0.389027274878,0.193958664547,2.09866904602,0.964253345467,0.518282988871,1.87867287326,0.863174022847,0.470588235294,0.786197569093,0.41766745858,2.25,1.88235294118,0.786197569093,2.25,0.166339869281,0.0612244897959,3,0.00441176470588,0.185952380952,17,17,17,1,0,0.352941176471,0.411764705882,0.235294117647,17,0.128676470588,1.90196078431,4.11764705882,3.18181818182,2.69230769231,1.57648156274,0.382859808093,0.201680672269,2.01465221053,0.978545359402,0.524369747899,1.74894926439,0.849489642704,0.463865546218,0.814492905316,0.428238537847,2.33333333333,1.90196078431,0.814492905316,2.33333333333,0,0,0,0,0.164242424242,17,17,17,1,0,0.352941176471,0.411764705882,0.235294117647,17,38,0.139705882353,1.98764705882,4.47058823529,3.16666666667,2.92307692308,1.66274047354,0.371928790134,0.188854489164,2.04723630062,0.915868871331,0.495356037152,1.98523965067,0.888133527931,0.482972136223,0.792996921587,0.398962641817,2.35,1.98764705882,0.792996921587,2.35,0.162418300654,0.0584415584416,3,0.00441176470588,0.192081529582,17,17,17,1,0,0.294117647059,0.470588235294,0.235294117647,1,0.00367647058824,0.105294117647,0.117647058824,-0.19696969697,0.0769230769231,-0.030672370045,-0.0170984847437,-0.00510417538281,-0.0514327453931,-0.0483844741355,-0.0229269517195,0.106566777414,0.0249595050838,0.0123839009288,0.00679935249481,-0.0187048167638,0.1,0.105294117647,0.00679935249481,0.1,-0.00392156862745,-0.00278293135436,0,0,0.00612914862915,-0.0588235294118,0.0588235294118,0,37,1,0,234,1,0.995744680851,0.00425531914894,0,0.973684210526,1,0.986666666667,0.984652666406,0.995744680851,0.973684210526,3,2,0,0,0,0
409,WLNM_dir_neg,0.875,0.291666666667,00:00:12,10,10,46,1979945719,threshold_sweep,0.4,0.666666666667,1,0.8,2,1,0,3,1,0.75,0.25,0,0.666666666667,1,0.8,0.833333333333,0.5,0.666666666667,0.707106781187,0.75,37,35,2,0,37,0,35,0,2,17,37,0.136029411765,1.88235294118,4.35294117647,3.36363636364,2.84615384615,1.69341284359,0.389027274878,0.193958664547,2.09866904602,0.964253345467,0.518282988871,1.87867287326,0.863174022847,0.470588235294,0.786197569093,0.41766745858,2.25,1.88235294118,0.786197569093,2.25,0.166339869281,0.0612244897959,3,0.00441176470588,0.185952380952,17,17,17,1,0,0.352941176471,0.411764705882,0.235294117647,17,0.128676470588,1.90196078431,4.11764705882,3.18181818182,2.69230769231,1.57648156274,0.382859808093,0.201680672269,2.01465221053,0.978545359402,0.524369747899,1.74894926439,0.849489642704,0.463865546218,0.814492905316,0.428238537847,2.33333333333,1.90196078431,0.814492905316,2.33333333333,0,0,0,0,0.164242424242,17,17,17,1,0,0.352941176471,0.411764705882,0.235294117647,17,38,0.139705882353,1.98764705882,4.47058823529,3.16666666667,2.92307692308,1.66274047354,0.371928790134,0.188854489164,2.04723630062,0.915868871331,0.495356037152,1.98523965067,0.888133527931,0.482972136223,0.792996921587,0.398962641817,2.35,1.98764705882,0.792996921587,2.35,0.162418300654,0.0584415584416,3,0.00441176470588,0.192081529582,17,17,17,1,0,0.294117647059,0.470588235294,0.235294117647,1,0.00367647058824,0.105294117647,0.117647058824,-0.19696969697,0.0769230769231,-0.030672370045,-0.0170984847437,-0.00510417538281,-0.0514327453931,-0.0483844741355,-0.0229269517195,0.106566777414,0.0249595050838,0.0123839009288,0.00679935249481,-0.0187048167638,0.1,0.105294117647,0.00679935249481,0.1,-0.00392156862745,-0.00278293135436,0,0,0.00612914862915,-0.0588235294118,0.0588235294118,0,37,1,0,234,1,0.995744680851,0.00425531914894,0,0.973684210526,1,0.986666666667,0.984652666406,0.995744680851,0.973684210526,3,2,0,0,0,0
410,WLNM_dir_neg,0.875,0.291666666667,00:00:12,10,10,46,1979945719,threshold_sweep,0.5,0.666666666667,1,0.8,2,1,0,3,1,0.75,0.25,0,0.666666666667,1,0.8,0.833333333333,0.5,0.666666666667,0.707106781187,0.75,37,35,2,0,37,0,35,0,2,17,37,0.136029411765,1.88235294118,4.35294117647,3.36363636364,2.84615384615,1.69341284359,0.389027274878,0.193958664547,2.09866904602,0.964253345467,0.518282988871,1.87867287326,0.863174022847,0.470588235294,0.786197569093,0.41766745858,2.25,1.88235294118,0.786197569093,2.25,0.166339869281,0.0612244897959,3,0.00441176470588,0.185952380952,17,17,17,1,0,0.352941176471,0.411764705882,0.235294117647,17,0.128676470588,1.90196078431,4.11764705882,3.18181818182,2.69230769231,1.57648156274,0.382859808093,0.201680672269,2.01465221053,0.978545359402,0.524369747899,1.74894926439,0.849489642704,0.463865546218,0.814492905316,0.428238537847,2.33333333333,1.90196078431,0.814492905316,2.33333333333,0,0,0,0,0.164242424242,17,17,17,1,0,0.352941176471,0.411764705882,0.235294117647,17,38,0.139705882353,1.98764705882,4.47058823529,3.16666666667,2.92307692308,1.66274047354,0.371928790134,0.188854489164,2.04723630062,0.915868871331,0.495356037152,1.98523965067,0.888133527931,0.482972136223,0.792996921587,0.398962641817,2.35,1.98764705882,0.792996921587,2.35,0.162418300654,0.0584415584416,3,0.00441176470588,0.192081529582,17,17,17,1,0,0.294117647059,0.470588235294,0.235294117647,1,0.00367647058824,0.105294117647,0.117647058824,-0.19696969697,0.0769230769231,-0.030672370045,-0.0170984847437,-0.00510417538281,-0.0514327453931,-0.0483844741355,-0.0229269517195,0.106566777414,0.0249595050838,0.0123839009288,0.00679935249481,-0.0187048167638,0.1,0.105294117647,0.00679935249481,0.1,-0.00392156862745,-0.00278293135436,0,0,0.00612914862915,-0.0588235294118,0.0588235294118,0,37,1,0,234,1,0.995744680851,0.00425531914894,0,0.973684210526,1,0.986666666667,0.984652666406,0.995744680851,0.973684210526,3,2,0,0,0,0
411,WLNM_dir_neg,0.875,0.291666666667,00:00:12,10,10,46,1979945719,threshold_sweep,0.6,0.666666666667,1,0.8,2,1,0,3,1,0.75,0.25,0,0.666666666667,1,0.8,0.833333333333,0.5,0.666666666667,0.707106781187,0.75,37,35,2,0,37,0,35,0,2,17,37,0.136029411765,1.88235294118,4.35294117647,3.36363636364,2.84615384615,1.69341284359,0.389027274878,0.193958664547,2.09866904602,0.964253345467,0.518282988871,1.87867287326,0.863174022847,0.470588235294,0.786197569093,0.41766745858,2.25,1.88235294118,0.786197569093,2.25,0.166339869281,0.0612244897959,3,0.00441176470588,0.185952380952,17,17,17,1,0,0.352941176471,0.411764705882,0.235294117647,17,0.128676470588,1.90196078431,4.11764705882,3.18181818182,2.69230769231,1.57648156274,0.382859808093,0.201680672269,2.01465221053,0.978545359402,0.524369747899,1.74894926439,0.849489642704,0.463865546218,0.814492905316,0.428238537847,2.33333333333,1.90196078431,0.814492905316,2.33333333333,0,0,0,0,0.164242424242,17,17,17,1,0,0.352941176471,0.411764705882,0.235294117647,17,38,0.139705882353,1.98764705882,4.47058823529,3.16666666667,2.92307692308,1.66274047354,0.371928790134,0.188854489164,2.04723630062,0.915868871331,0.495356037152,1.98523965067,0.888133527931,0.482972136223,0.792996921587,0.398962641817,2.35,1.98764705882,0.792996921587,2.35,0.162418300654,0.0584415584416,3,0.00441176470588,0.192081529582,17,17,17,1,0,0.294117647059,0.470588235294,0.235294117647,1,0.00367647058824,0.105294117647,0.117647058824,-0.19696969697,0.0769230769231,-0.030672370045,-0.0170984847437,-0.00510417538281,-0.0514327453931,-0.0483844741355,-0.0229269517195,0.106566777414,0.0249595050838,0.0123839009288,0.00679935249481,-0.0187048167638,0.1,0.105294117647,0.00679935249481,0.1,-0.00392156862745,-0.00278293135436,0,0,0.00612914862915,-0.0588235294118,0.0588235294118,0,37,1,0,234,1,0.995744680851,0.00425531914894,0,0.973684210526,1,0.986666666667,0.984652666406,0.995744680851,0.973684210526,3,2,0,0,0,0
412,WLNM_dir_neg,0.875,0.291666666667,00:00:12,10,10,46,1979945719,threshold_sweep,0.7,0.666666666667,1,0.8,2,1,0,3,1,0.75,0.25,0,0.666666666667,1,0.8,0.833333333333,0.5,0.666666666667,0.707106781187,0.75,37,35,2,0,37,0,35,0,2,17,37,0.136029411765,1.88235294118,4.35294117647,3.36363636364,2.84615384615,1.69341284359,0.389027274878,0.193958664547,2.09866904602,0.964253345467,0.518282988871,1.87867287326,0.863174022847,0.470588235294,0.786197569093,0.41766745858,2.25,1.88235294118,0.786197569093,2.25,0.166339869281,0.0612244897959,3,0.00441176470588,0.185952380952,17,17,17,1,0,0.352941176471,0.411764705882,0.235294117647,17,0.128676470588,1.90196078431,4.11764705882,3.18181818182,2.69230769231,1.57648156274,0.382859808093,0.201680672269,2.01465221053,0.978545359402,0.524369747899,1.74894926439,0.849489642704,0.463865546218,0.814492905316,0.428238537847,2.33333333333,1.90196078431,0.814492905316,2.33333333333,0,0,0,0,0.164242424242,17,17,17,1,0,0.352941176471,0.411764705882,0.235294117647,17,38,0.139705882353,1.98764705882,4.47058823529,3.16666666667,2.92307692308,1.66274047354,0.371928790134,0.188854489164,2.04723630062,0.915868871331,0.495356037152,1.98523965067,0.888133527931,0.482972136223,0.792996921587,0.398962641817,2.35,1.98764705882,0.792996921587,2.35,0.162418300654,0.0584415584416,3,0.00441176470588,0.192081529582,17,17,17,1,0,0.294117647059,0.470588235294,0.235294117647,1,0.00367647058824,0.105294117647,0.117647058824,-0.19696969697,0.0769230769231,-0.030672370045,-0.0170984847437,-0.00510417538281,-0.0514327453931,-0.0483844741355,-0.0229269517195,0.106566777414,0.0249595050838,0.0123839009288,0.00679935249481,-0.0187048167638,0.1,0.105294117647,0.00679935249481,0.1,-0.00392156862745,-0.00278293135436,0,0,0.00612914862915,-0.0588235294118,0.0588235294118,0,37,1,0,234,1,0.995744680851,0.00425531914894,0,0.973684210526,1,0.986666666667,0.984652666406,0.995744680851,0.973684210526,3,2,0,0,0,0
413,WLNM_dir_neg,0.875,0.291666666667,00:00:12,10,10,46,1979945719,threshold_sweep,0.8,0.666666666667,1,0.8,2,1,0,3,1,0.75,0.25,0,0.666666666667,1,0.8,0.833333333333,0.5,0.666666666667,0.707106781187,0.75,37,35,2,0,37,0,35,0,2,17,37,0.136029411765,1.88235294118,4.35294117647,3.36363636364,2.84615384615,1.69341284359,0.389027274878,0.193958664547,2.09866904602,0.964253345467,0.518282988871,1.87867287326,0.863174022847,0.470588235294,0.786197569093,0.41766745858,2.25,1.88235294118,0.786197569093,2.25,0.166339869281,0.0612244897959,3,0.00441176470588,0.185952380952,17,17,17,1,0,0.352941176471,0.411764705882,0.235294117647,17,0.128676470588,1.90196078431,4.11764705882,3.18181818182,2.69230769231,1.57648156274,0.382859808093,0.201680672269,2.01465221053,0.978545359402,0.524369747899,1.74894926439,0.849489642704,0.463865546218,0.814492905316,0.428238537847,2.33333333333,1.90196078431,0.814492905316,2.33333333333,0,0,0,0,0.164242424242,17,17,17,1,0,0.352941176471,0.411764705882,0.235294117647,17,38,0.139705882353,1.98764705882,4.47058823529,3.16666666667,2.92307692308,1.66274047354,0.371928790134,0.188854489164,2.04723630062,0.915868871331,0.495356037152,1.98523965067,0.888133527931,0.482972136223,0.792996921587,0.398962641817,2.35,1.98764705882,0.792996921587,2.35,0.162418300654,0.0584415584416,3,0.00441176470588,0.192081529582,17,17,17,1,0,0.294117647059,0.470588235294,0.235294117647,1,0.00367647058824,0.105294117647,0.117647058824,-0.19696969697,0.0769230769231,-0.030672370045,-0.0170984847437,-0.00510417538281,-0.0514327453931,-0.0483844741355,-0.0229269517195,0.106566777414,0.0249595050838,0.0123839009288,0.00679935249481,-0.0187048167638,0.1,0.105294117647,0.00679935249481,0.1,-0.00392156862745,-0.00278293135436,0,0,0.00612914862915,-0.0588235294118,0.0588235294118,0,37,1,0,234,1,0.995744680851,0.00425531914894,0,0.973684210526,1,0.986666666667,0.984652666406,0.995744680851,0.973684210526,3,2,0,0,0,0
414,WLNM_dir_neg,0.875,0.291666666667,00:00:12,10,10,46,1979945719,threshold_sweep,0.9,0.666666666667,1,0.8,2,1,0,3,1,0.75,0.25,0,0.666666666667,1,0.8,0.833333333333,0.5,0.666666666667,0.707106781187,0.75,37,35,2,0,37,0,35,0,2,17,37,0.136029411765,1.88235294118,4.35294117647,3.36363636364,2.84615384615,1.69341284359,0.389027274878,0.193958664547,2.09866904602,0.964253345467,0.518282988871,1.87867287326,0.863174022847,0.470588235294,0.786197569093,0.41766745858,2.25,1.88235294118,0.786197569093,2.25,0.166339869281,0.0612244897959,3,0.00441176470588,0.185952380952,17,17,17,1,0,0.352941176471,0.411764705882,0.235294117647,17,0.128676470588,1.90196078431,4.11764705882,3.18181818182,2.69230769231,1.57648156274,0.382859808093,0.201680672269,2.01465221053,0.978545359402,0.524369747899,1.74894926439,0.849489642704,0.463865546218,0.814492905316,0.428238537847,2.33333333333,1.90196078431,0.814492905316,2.33333333333,0,0,0,0,0.164242424242,17,17,17,1,0,0.352941176471,0.411764705882,0.235294117647,17,38,0.139705882353,1.98764705882,4.47058823529,3.16666666667,2.92307692308,1.66274047354,0.371928790134,0.188854489164,2.04723630062,0.915868871331,0.495356037152,1.98523965067,0.888133527931,0.482972136223,0.792996921587,0.398962641817,2.35,1.98764705882,0.792996921587,2.35,0.162418300654,0.0584415584416,3,0.00441176470588,0.192081529582,17,17,17,1,0,0.294117647059,0.470588235294,0.235294117647,1,0.00367647058824,0.105294117647,0.117647058824,-0.19696969697,0.0769230769231,-0.030672370045,-0.0170984847437,-0.00510417538281,-0.0514327453931,-0.0483844741355,-0.0229269517195,0.106566777414,0.0249595050838,0.0123839009288,0.00679935249481,-0.0187048167638,0.1,0.105294117647,0.00679935249481,0.1,-0.00392156862745,-0.00278293135436,0,0,0.00612914862915,-0.0588235294118,0.0588235294118,0,37,1,0,234,1,0.995744680851,0.00425531914894,0,0.973684210526,1,0.986666666667,0.984652666406,0.995744680851,0.973684210526,3,2,0,0,0,0
415,WLNM_dir_neg,1,0.5,00:00:12,10,10,47,1979945720,threshold_sweep,0.1,1,1,1,2,0,0,4,1,1,0,0,1,1,1,1,0.555555555556,1,1,1,37,35,2,0,37,0,35,0,2,17,37,0.136029411765,1.88235294118,4.35294117647,3.36363636364,2.84615384615,1.69341284359,0.389027274878,0.193958664547,2.09866904602,0.964253345467,0.518282988871,1.87867287326,0.863174022847,0.470588235294,0.786197569093,0.41766745858,2.25,1.88235294118,0.786197569093,2.25,0.166339869281,0.0612244897959,3,0.00441176470588,0.185952380952,17,17,17,1,0,0.352941176471,0.411764705882,0.235294117647,17,0.128676470588,1.90196078431,4.11764705882,3.18181818182,2.69230769231,1.57648156274,0.382859808093,0.201680672269,2.01465221053,0.978545359402,0.524369747899,1.74894926439,0.849489642704,0.463865546218,0.814492905316,0.428238537847,2.33333333333,1.90196078431,0.814492905316,2.33333333333,0,0,0,0,0.164242424242,17,17,17,1,0,0.352941176471,0.411764705882,0.235294117647,17,37,0.136029411765,1.88235294118,4.35294117647,3.36363636364,2.84615384615,1.69341284359,0.389027274878,0.193958664547,2.09866904602,0.964253345467,0.518282988871,1.87867287326,0.863174022847,0.470588235294,0.786197569093,0.41766745858,2.25,1.88235294118,0.786197569093,2.25,0.166339869281,0.0612244897959,3,0.00441176470588,0.185952380952,17,17,17,1,0,0.352941176471,0.411764705882,0.235294117647,0,0,0,0,0,0,0,0,0,0,0,0,0,0,0,0,0,0,0,0,0,0,0,0,0,0,0,0,0,37,0,0,235,1,1,0,0,1,1,1,1,1,1,2,2,0,0,0,0
416,WLNM_dir_neg,1,0.5,00:00:12,10,10,47,1979945720,threshold_sweep,0.2,1,1,1,2,0,0,4,1,1,0,0,1,1,1,1,0.555555555556,1,1,1,37,35,2,0,37,0,35,0,2,17,37,0.136029411765,1.88235294118,4.35294117647,3.36363636364,2.84615384615,1.69341284359,0.389027274878,0.193958664547,2.09866904602,0.964253345467,0.518282988871,1.87867287326,0.863174022847,0.470588235294,0.786197569093,0.41766745858,2.25,1.88235294118,0.786197569093,2.25,0.166339869281,0.0612244897959,3,0.00441176470588,0.185952380952,17,17,17,1,0,0.352941176471,0.411764705882,0.235294117647,17,0.128676470588,1.90196078431,4.11764705882,3.18181818182,2.69230769231,1.57648156274,0.382859808093,0.201680672269,2.01465221053,0.978545359402,0.524369747899,1.74894926439,0.849489642704,0.463865546218,0.814492905316,0.428238537847,2.33333333333,1.90196078431,0.814492905316,2.33333333333,0,0,0,0,0.164242424242,17,17,17,1,0,0.352941176471,0.411764705882,0.235294117647,17,37,0.136029411765,1.88235294118,4.35294117647,3.36363636364,2.84615384615,1.69341284359,0.389027274878,0.193958664547,2.09866904602,0.964253345467,0.518282988871,1.87867287326,0.863174022847,0.470588235294,0.786197569093,0.41766745858,2.25,1.88235294118,0.786197569093,2.25,0.166339869281,0.0612244897959,3,0.00441176470588,0.185952380952,17,17,17,1,0,0.352941176471,0.411764705882,0.235294117647,0,0,0,0,0,0,0,0,0,0,0,0,0,0,0,0,0,0,0,0,0,0,0,0,0,0,0,0,0,37,0,0,235,1,1,0,0,1,1,1,1,1,1,2,2,0,0,0,0
417,WLNM_dir_neg,1,0.5,00:00:12,10,10,47,1979945720,threshold_sweep,0.3,1,1,1,2,0,0,4,1,1,0,0,1,1,1,1,0.555555555556,1,1,1,37,35,2,0,37,0,35,0,2,17,37,0.136029411765,1.88235294118,4.35294117647,3.36363636364,2.84615384615,1.69341284359,0.389027274878,0.193958664547,2.09866904602,0.964253345467,0.518282988871,1.87867287326,0.863174022847,0.470588235294,0.786197569093,0.41766745858,2.25,1.88235294118,0.786197569093,2.25,0.166339869281,0.0612244897959,3,0.00441176470588,0.185952380952,17,17,17,1,0,0.352941176471,0.411764705882,0.235294117647,17,0.128676470588,1.90196078431,4.11764705882,3.18181818182,2.69230769231,1.57648156274,0.382859808093,0.201680672269,2.01465221053,0.978545359402,0.524369747899,1.74894926439,0.849489642704,0.463865546218,0.814492905316,0.428238537847,2.33333333333,1.90196078431,0.814492905316,2.33333333333,0,0,0,0,0.164242424242,17,17,17,1,0,0.352941176471,0.411764705882,0.235294117647,17,37,0.136029411765,1.88235294118,4.35294117647,3.36363636364,2.84615384615,1.69341284359,0.389027274878,0.193958664547,2.09866904602,0.964253345467,0.518282988871,1.87867287326,0.863174022847,0.470588235294,0.786197569093,0.41766745858,2.25,1.88235294118,0.786197569093,2.25,0.166339869281,0.0612244897959,3,0.00441176470588,0.185952380952,17,17,17,1,0,0.352941176471,0.411764705882,0.235294117647,0,0,0,0,0,0,0,0,0,0,0,0,0,0,0,0,0,0,0,0,0,0,0,0,0,0,0,0,0,37,0,0,235,1,1,0,0,1,1,1,1,1,1,2,2,0,0,0,0
418,WLNM_dir_neg,1,0.5,00:00:12,10,10,47,1979945720,threshold_sweep,0.4,1,1,1,2,0,0,4,1,1,0,0,1,1,1,1,0.555555555556,1,1,1,37,35,2,0,37,0,35,0,2,17,37,0.136029411765,1.88235294118,4.35294117647,3.36363636364,2.84615384615,1.69341284359,0.389027274878,0.193958664547,2.09866904602,0.964253345467,0.518282988871,1.87867287326,0.863174022847,0.470588235294,0.786197569093,0.41766745858,2.25,1.88235294118,0.786197569093,2.25,0.166339869281,0.0612244897959,3,0.00441176470588,0.185952380952,17,17,17,1,0,0.352941176471,0.411764705882,0.235294117647,17,0.128676470588,1.90196078431,4.11764705882,3.18181818182,2.69230769231,1.57648156274,0.382859808093,0.201680672269,2.01465221053,0.978545359402,0.524369747899,1.74894926439,0.849489642704,0.463865546218,0.814492905316,0.428238537847,2.33333333333,1.90196078431,0.814492905316,2.33333333333,0,0,0,0,0.164242424242,17,17,17,1,0,0.352941176471,0.411764705882,0.235294117647,17,37,0.136029411765,1.88235294118,4.35294117647,3.36363636364,2.84615384615,1.69341284359,0.389027274878,0.193958664547,2.09866904602,0.964253345467,0.518282988871,1.87867287326,0.863174022847,0.470588235294,0.786197569093,0.41766745858,2.25,1.88235294118,0.786197569093,2.25,0.166339869281,0.0612244897959,3,0.00441176470588,0.185952380952,17,17,17,1,0,0.352941176471,0.411764705882,0.235294117647,0,0,0,0,0,0,0,0,0,0,0,0,0,0,0,0,0,0,0,0,0,0,0,0,0,0,0,0,0,37,0,0,235,1,1,0,0,1,1,1,1,1,1,2,2,0,0,0,0
419,WLNM_dir_neg,1,0.5,00:00:12,10,10,47,1979945720,threshold_sweep,0.5,1,1,1,2,0,0,4,1,1,0,0,1,1,1,1,0.555555555556,1,1,1,37,35,2,0,37,0,35,0,2,17,37,0.136029411765,1.88235294118,4.35294117647,3.36363636364,2.84615384615,1.69341284359,0.389027274878,0.193958664547,2.09866904602,0.964253345467,0.518282988871,1.87867287326,0.863174022847,0.470588235294,0.786197569093,0.41766745858,2.25,1.88235294118,0.786197569093,2.25,0.166339869281,0.0612244897959,3,0.00441176470588,0.185952380952,17,17,17,1,0,0.352941176471,0.411764705882,0.235294117647,17,0.128676470588,1.90196078431,4.11764705882,3.18181818182,2.69230769231,1.57648156274,0.382859808093,0.201680672269,2.01465221053,0.978545359402,0.524369747899,1.74894926439,0.849489642704,0.463865546218,0.814492905316,0.428238537847,2.33333333333,1.90196078431,0.814492905316,2.33333333333,0,0,0,0,0.164242424242,17,17,17,1,0,0.352941176471,0.411764705882,0.235294117647,17,37,0.136029411765,1.88235294118,4.35294117647,3.36363636364,2.84615384615,1.69341284359,0.389027274878,0.193958664547,2.09866904602,0.964253345467,0.518282988871,1.87867287326,0.863174022847,0.470588235294,0.786197569093,0.41766745858,2.25,1.88235294118,0.786197569093,2.25,0.166339869281,0.0612244897959,3,0.00441176470588,0.185952380952,17,17,17,1,0,0.352941176471,0.411764705882,0.235294117647,0,0,0,0,0,0,0,0,0,0,0,0,0,0,0,0,0,0,0,0,0,0,0,0,0,0,0,0,0,37,0,0,235,1,1,0,0,1,1,1,1,1,1,2,2,0,0,0,0
420,WLNM_dir_neg,1,0.5,00:00:12,10,10,47,1979945720,threshold_sweep,0.6,1,1,1,2,0,0,4,1,1,0,0,1,1,1,1,0.555555555556,1,1,1,37,35,2,0,37,0,35,0,2,17,37,0.136029411765,1.88235294118,4.35294117647,3.36363636364,2.84615384615,1.69341284359,0.389027274878,0.193958664547,2.09866904602,0.964253345467,0.518282988871,1.87867287326,0.863174022847,0.470588235294,0.786197569093,0.41766745858,2.25,1.88235294118,0.786197569093,2.25,0.166339869281,0.0612244897959,3,0.00441176470588,0.185952380952,17,17,17,1,0,0.352941176471,0.411764705882,0.235294117647,17,0.128676470588,1.90196078431,4.11764705882,3.18181818182,2.69230769231,1.57648156274,0.382859808093,0.201680672269,2.01465221053,0.978545359402,0.524369747899,1.74894926439,0.849489642704,0.463865546218,0.814492905316,0.428238537847,2.33333333333,1.90196078431,0.814492905316,2.33333333333,0,0,0,0,0.164242424242,17,17,17,1,0,0.352941176471,0.411764705882,0.235294117647,17,37,0.136029411765,1.88235294118,4.35294117647,3.36363636364,2.84615384615,1.69341284359,0.389027274878,0.193958664547,2.09866904602,0.964253345467,0.518282988871,1.87867287326,0.863174022847,0.470588235294,0.786197569093,0.41766745858,2.25,1.88235294118,0.786197569093,2.25,0.166339869281,0.0612244897959,3,0.00441176470588,0.185952380952,17,17,17,1,0,0.352941176471,0.411764705882,0.235294117647,0,0,0,0,0,0,0,0,0,0,0,0,0,0,0,0,0,0,0,0,0,0,0,0,0,0,0,0,0,37,0,0,235,1,1,0,0,1,1,1,1,1,1,2,2,0,0,0,0
421,WLNM_dir_neg,1,0.5,00:00:12,10,10,47,1979945720,threshold_sweep,0.7,1,1,1,2,0,0,4,1,1,0,0,1,1,1,1,0.555555555556,1,1,1,37,35,2,0,37,0,35,0,2,17,37,0.136029411765,1.88235294118,4.35294117647,3.36363636364,2.84615384615,1.69341284359,0.389027274878,0.193958664547,2.09866904602,0.964253345467,0.518282988871,1.87867287326,0.863174022847,0.470588235294,0.786197569093,0.41766745858,2.25,1.88235294118,0.786197569093,2.25,0.166339869281,0.0612244897959,3,0.00441176470588,0.185952380952,17,17,17,1,0,0.352941176471,0.411764705882,0.235294117647,17,0.128676470588,1.90196078431,4.11764705882,3.18181818182,2.69230769231,1.57648156274,0.382859808093,0.201680672269,2.01465221053,0.978545359402,0.524369747899,1.74894926439,0.849489642704,0.463865546218,0.814492905316,0.428238537847,2.33333333333,1.90196078431,0.814492905316,2.33333333333,0,0,0,0,0.164242424242,17,17,17,1,0,0.352941176471,0.411764705882,0.235294117647,17,37,0.136029411765,1.88235294118,4.35294117647,3.36363636364,2.84615384615,1.69341284359,0.389027274878,0.193958664547,2.09866904602,0.964253345467,0.518282988871,1.87867287326,0.863174022847,0.470588235294,0.786197569093,0.41766745858,2.25,1.88235294118,0.786197569093,2.25,0.166339869281,0.0612244897959,3,0.00441176470588,0.185952380952,17,17,17,1,0,0.352941176471,0.411764705882,0.235294117647,0,0,0,0,0,0,0,0,0,0,0,0,0,0,0,0,0,0,0,0,0,0,0,0,0,0,0,0,0,37,0,0,235,1,1,0,0,1,1,1,1,1,1,2,2,0,0,0,0
422,WLNM_dir_neg,1,0.5,00:00:12,10,10,47,1979945720,threshold_sweep,0.8,1,0.5,0.666666666667,1,0,1,4,0.5,1,0,0.5,1,0.5,0.666666666667,0.833333333333,0.611111111111,0.571428571429,0.632455532034,0.5,37,35,2,0,37,0,35,0,2,17,37,0.136029411765,1.88235294118,4.35294117647,3.36363636364,2.84615384615,1.69341284359,0.389027274878,0.193958664547,2.09866904602,0.964253345467,0.518282988871,1.87867287326,0.863174022847,0.470588235294,0.786197569093,0.41766745858,2.25,1.88235294118,0.786197569093,2.25,0.166339869281,0.0612244897959,3,0.00441176470588,0.185952380952,17,17,17,1,0,0.352941176471,0.411764705882,0.235294117647,17,0.128676470588,1.90196078431,4.11764705882,3.18181818182,2.69230769231,1.57648156274,0.382859808093,0.201680672269,2.01465221053,0.978545359402,0.524369747899,1.74894926439,0.849489642704,0.463865546218,0.814492905316,0.428238537847,2.33333333333,1.90196078431,0.814492905316,2.33333333333,0,0,0,0,0.164242424242,17,17,17,1,0,0.352941176471,0.411764705882,0.235294117647,17,36,0.132352941176,1.89705882353,4.23529411765,3.27272727273,2.76923076923,1.71498585143,0.40492721492,0.204248366013,2.05798302171,0.971825315808,0.522875816993,1.79869233546,0.849382491746,0.464052287582,0.805541469338,0.424626510969,2.25,1.89705882353,0.805541469338,2.25,0.0702614379085,0.0214285714286,1,0.00147058823529,0.175454545455,17,17,17,1,0,0.352941176471,0.411764705882,0.235294117647,-1,-0.00367647058824,0.0147058823529,-0.117647058824,-0.0909090909091,-0.0769230769231,0.0215730078386,0.0158999400418,0.0102897014662,-0.0406860243059,0.00757197034072,0.00459282812224,-0.0799805377942,-0.0137915311015,-0.00653594771242,0.0193439002456,0.00695905238854,0,0.0147058823529,0.0193439002456,0,-0.0960784313725,-0.0397959183673,-2,-0.00294117647059,-0.0104978354978,0,0,0,36,0,1,235,0.972972972973,1,0,0.027027027027,1,0.972972972973,0.986301369863,0.984301887704,0.972972972973,0.972972972973,1,2,0,0,0,0
423,WLNM_dir_neg,1,0.5,00:00:12,10,10,47,1979945720,threshold_sweep,0.9,1,0.5,0.666666666667,1,0,1,4,0.5,1,0,0.5,1,0.5,0.666666666667,0.833333333333,0.611111111111,0.571428571429,0.632455532034,0.5,37,35,2,0,37,0,35,0,2,17,37,0.136029411765,1.88235294118,4.35294117647,3.36363636364,2.84615384615,1.69341284359,0.389027274878,0.193958664547,2.09866904602,0.964253345467,0.518282988871,1.87867287326,0.863174022847,0.470588235294,0.786197569093,0.41766745858,2.25,1.88235294118,0.786197569093,2.25,0.166339869281,0.0612244897959,3,0.00441176470588,0.185952380952,17,17,17,1,0,0.352941176471,0.411764705882,0.235294117647,17,0.128676470588,1.90196078431,4.11764705882,3.18181818182,2.69230769231,1.57648156274,0.382859808093,0.201680672269,2.01465221053,0.978545359402,0.524369747899,1.74894926439,0.849489642704,0.463865546218,0.814492905316,0.428238537847,2.33333333333,1.90196078431,0.814492905316,2.33333333333,0,0,0,0,0.164242424242,17,17,17,1,0,0.352941176471,0.411764705882,0.235294117647,17,36,0.132352941176,1.89705882353,4.23529411765,3.27272727273,2.76923076923,1.71498585143,0.40492721492,0.204248366013,2.05798302171,0.971825315808,0.522875816993,1.79869233546,0.849382491746,0.464052287582,0.805541469338,0.424626510969,2.25,1.89705882353,0.805541469338,2.25,0.0702614379085,0.0214285714286,1,0.00147058823529,0.175454545455,17,17,17,1,0,0.352941176471,0.411764705882,0.235294117647,-1,-0.00367647058824,0.0147058823529,-0.117647058824,-0.0909090909091,-0.0769230769231,0.0215730078386,0.0158999400418,0.0102897014662,-0.0406860243059,0.00757197034072,0.00459282812224,-0.0799805377942,-0.0137915311015,-0.00653594771242,0.0193439002456,0.00695905238854,0,0.0147058823529,0.0193439002456,0,-0.0960784313725,-0.0397959183673,-2,-0.00294117647059,-0.0104978354978,0,0,0,36,0,1,235,0.972972972973,1,0,0.027027027027,1,0.972972972973,0.986301369863,0.984301887704,0.972972972973,0.972972972973,1,2,0,0,0,0
424,WLNM_dir_neg,1,0.5,00:00:12,10,10,48,1979945721,threshold_sweep,0.1,1,1,1,2,0,0,4,1,1,0,0,1,1,1,1,0.555555555556,1,1,1,37,35,2,0,37,0,35,0,2,17,37,0.136029411765,1.88235294118,4.35294117647,3.36363636364,2.84615384615,1.69341284359,0.389027274878,0.193958664547,2.09866904602,0.964253345467,0.518282988871,1.87867287326,0.863174022847,0.470588235294,0.786197569093,0.41766745858,2.25,1.88235294118,0.786197569093,2.25,0.166339869281,0.0612244897959,3,0.00441176470588,0.185952380952,17,17,17,1,0,0.352941176471,0.411764705882,0.235294117647,17,0.128676470588,1.90196078431,4.11764705882,3.18181818182,2.69230769231,1.57648156274,0.382859808093,0.201680672269,2.01465221053,0.978545359402,0.524369747899,1.74894926439,0.849489642704,0.463865546218,0.814492905316,0.428238537847,2.33333333333,1.90196078431,0.814492905316,2.33333333333,0,0,0,0,0.164242424242,17,17,17,1,0,0.352941176471,0.411764705882,0.235294117647,17,37,0.136029411765,1.88235294118,4.35294117647,3.36363636364,2.84615384615,1.69341284359,0.389027274878,0.193958664547,2.09866904602,0.964253345467,0.518282988871,1.87867287326,0.863174022847,0.470588235294,0.786197569093,0.41766745858,2.25,1.88235294118,0.786197569093,2.25,0.166339869281,0.0612244897959,3,0.00441176470588,0.185952380952,17,17,17,1,0,0.352941176471,0.411764705882,0.235294117647,0,0,0,0,0,0,0,0,0,0,0,0,0,0,0,0,0,0,0,0,0,0,0,0,0,0,0,0,0,37,0,0,235,1,1,0,0,1,1,1,1,1,1,2,2,0,0,0,0
425,WLNM_dir_neg,1,0.5,00:00:12,10,10,48,1979945721,threshold_sweep,0.2,1,1,1,2,0,0,4,1,1,0,0,1,1,1,1,0.555555555556,1,1,1,37,35,2,0,37,0,35,0,2,17,37,0.136029411765,1.88235294118,4.35294117647,3.36363636364,2.84615384615,1.69341284359,0.389027274878,0.193958664547,2.09866904602,0.964253345467,0.518282988871,1.87867287326,0.863174022847,0.470588235294,0.786197569093,0.41766745858,2.25,1.88235294118,0.786197569093,2.25,0.166339869281,0.0612244897959,3,0.00441176470588,0.185952380952,17,17,17,1,0,0.352941176471,0.411764705882,0.235294117647,17,0.128676470588,1.90196078431,4.11764705882,3.18181818182,2.69230769231,1.57648156274,0.382859808093,0.201680672269,2.01465221053,0.978545359402,0.524369747899,1.74894926439,0.849489642704,0.463865546218,0.814492905316,0.428238537847,2.33333333333,1.90196078431,0.814492905316,2.33333333333,0,0,0,0,0.164242424242,17,17,17,1,0,0.352941176471,0.411764705882,0.235294117647,17,37,0.136029411765,1.88235294118,4.35294117647,3.36363636364,2.84615384615,1.69341284359,0.389027274878,0.193958664547,2.09866904602,0.964253345467,0.518282988871,1.87867287326,0.863174022847,0.470588235294,0.786197569093,0.41766745858,2.25,1.88235294118,0.786197569093,2.25,0.166339869281,0.0612244897959,3,0.00441176470588,0.185952380952,17,17,17,1,0,0.352941176471,0.411764705882,0.235294117647,0,0,0,0,0,0,0,0,0,0,0,0,0,0,0,0,0,0,0,0,0,0,0,0,0,0,0,0,0,37,0,0,235,1,1,0,0,1,1,1,1,1,1,2,2,0,0,0,0
426,WLNM_dir_neg,1,0.5,00:00:12,10,10,48,1979945721,threshold_sweep,0.3,1,1,1,2,0,0,4,1,1,0,0,1,1,1,1,0.555555555556,1,1,1,37,35,2,0,37,0,35,0,2,17,37,0.136029411765,1.88235294118,4.35294117647,3.36363636364,2.84615384615,1.69341284359,0.389027274878,0.193958664547,2.09866904602,0.964253345467,0.518282988871,1.87867287326,0.863174022847,0.470588235294,0.786197569093,0.41766745858,2.25,1.88235294118,0.786197569093,2.25,0.166339869281,0.0612244897959,3,0.00441176470588,0.185952380952,17,17,17,1,0,0.352941176471,0.411764705882,0.235294117647,17,0.128676470588,1.90196078431,4.11764705882,3.18181818182,2.69230769231,1.57648156274,0.382859808093,0.201680672269,2.01465221053,0.978545359402,0.524369747899,1.74894926439,0.849489642704,0.463865546218,0.814492905316,0.428238537847,2.33333333333,1.90196078431,0.814492905316,2.33333333333,0,0,0,0,0.164242424242,17,17,17,1,0,0.352941176471,0.411764705882,0.235294117647,17,37,0.136029411765,1.88235294118,4.35294117647,3.36363636364,2.84615384615,1.69341284359,0.389027274878,0.193958664547,2.09866904602,0.964253345467,0.518282988871,1.87867287326,0.863174022847,0.470588235294,0.786197569093,0.41766745858,2.25,1.88235294118,0.786197569093,2.25,0.166339869281,0.0612244897959,3,0.00441176470588,0.185952380952,17,17,17,1,0,0.352941176471,0.411764705882,0.235294117647,0,0,0,0,0,0,0,0,0,0,0,0,0,0,0,0,0,0,0,0,0,0,0,0,0,0,0,0,0,37,0,0,235,1,1,0,0,1,1,1,1,1,1,2,2,0,0,0,0
427,WLNM_dir_neg,1,0.5,00:00:12,10,10,48,1979945721,threshold_sweep,0.4,1,1,1,2,0,0,4,1,1,0,0,1,1,1,1,0.555555555556,1,1,1,37,35,2,0,37,0,35,0,2,17,37,0.136029411765,1.88235294118,4.35294117647,3.36363636364,2.84615384615,1.69341284359,0.389027274878,0.193958664547,2.09866904602,0.964253345467,0.518282988871,1.87867287326,0.863174022847,0.470588235294,0.786197569093,0.41766745858,2.25,1.88235294118,0.786197569093,2.25,0.166339869281,0.0612244897959,3,0.00441176470588,0.185952380952,17,17,17,1,0,0.352941176471,0.411764705882,0.235294117647,17,0.128676470588,1.90196078431,4.11764705882,3.18181818182,2.69230769231,1.57648156274,0.382859808093,0.201680672269,2.01465221053,0.978545359402,0.524369747899,1.74894926439,0.849489642704,0.463865546218,0.814492905316,0.428238537847,2.33333333333,1.90196078431,0.814492905316,2.33333333333,0,0,0,0,0.164242424242,17,17,17,1,0,0.352941176471,0.411764705882,0.235294117647,17,37,0.136029411765,1.88235294118,4.35294117647,3.36363636364,2.84615384615,1.69341284359,0.389027274878,0.193958664547,2.09866904602,0.964253345467,0.518282988871,1.87867287326,0.863174022847,0.470588235294,0.786197569093,0.41766745858,2.25,1.88235294118,0.786197569093,2.25,0.166339869281,0.0612244897959,3,0.00441176470588,0.185952380952,17,17,17,1,0,0.352941176471,0.411764705882,0.235294117647,0,0,0,0,0,0,0,0,0,0,0,0,0,0,0,0,0,0,0,0,0,0,0,0,0,0,0,0,0,37,0,0,235,1,1,0,0,1,1,1,1,1,1,2,2,0,0,0,0
428,WLNM_dir_neg,1,0.5,00:00:12,10,10,48,1979945721,threshold_sweep,0.5,1,1,1,2,0,0,4,1,1,0,0,1,1,1,1,0.555555555556,1,1,1,37,35,2,0,37,0,35,0,2,17,37,0.136029411765,1.88235294118,4.35294117647,3.36363636364,2.84615384615,1.69341284359,0.389027274878,0.193958664547,2.09866904602,0.964253345467,0.518282988871,1.87867287326,0.863174022847,0.470588235294,0.786197569093,0.41766745858,2.25,1.88235294118,0.786197569093,2.25,0.166339869281,0.0612244897959,3,0.00441176470588,0.185952380952,17,17,17,1,0,0.352941176471,0.411764705882,0.235294117647,17,0.128676470588,1.90196078431,4.11764705882,3.18181818182,2.69230769231,1.57648156274,0.382859808093,0.201680672269,2.01465221053,0.978545359402,0.524369747899,1.74894926439,0.849489642704,0.463865546218,0.814492905316,0.428238537847,2.33333333333,1.90196078431,0.814492905316,2.33333333333,0,0,0,0,0.164242424242,17,17,17,1,0,0.352941176471,0.411764705882,0.235294117647,17,37,0.136029411765,1.88235294118,4.35294117647,3.36363636364,2.84615384615,1.69341284359,0.389027274878,0.193958664547,2.09866904602,0.964253345467,0.518282988871,1.87867287326,0.863174022847,0.470588235294,0.786197569093,0.41766745858,2.25,1.88235294118,0.786197569093,2.25,0.166339869281,0.0612244897959,3,0.00441176470588,0.185952380952,17,17,17,1,0,0.352941176471,0.411764705882,0.235294117647,0,0,0,0,0,0,0,0,0,0,0,0,0,0,0,0,0,0,0,0,0,0,0,0,0,0,0,0,0,37,0,0,235,1,1,0,0,1,1,1,1,1,1,2,2,0,0,0,0
429,WLNM_dir_neg,1,0.5,00:00:12,10,10,48,1979945721,threshold_sweep,0.6,1,1,1,2,0,0,4,1,1,0,0,1,1,1,1,0.555555555556,1,1,1,37,35,2,0,37,0,35,0,2,17,37,0.136029411765,1.88235294118,4.35294117647,3.36363636364,2.84615384615,1.69341284359,0.389027274878,0.193958664547,2.09866904602,0.964253345467,0.518282988871,1.87867287326,0.863174022847,0.470588235294,0.786197569093,0.41766745858,2.25,1.88235294118,0.786197569093,2.25,0.166339869281,0.0612244897959,3,0.00441176470588,0.185952380952,17,17,17,1,0,0.352941176471,0.411764705882,0.235294117647,17,0.128676470588,1.90196078431,4.11764705882,3.18181818182,2.69230769231,1.57648156274,0.382859808093,0.201680672269,2.01465221053,0.978545359402,0.524369747899,1.74894926439,0.849489642704,0.463865546218,0.814492905316,0.428238537847,2.33333333333,1.90196078431,0.814492905316,2.33333333333,0,0,0,0,0.164242424242,17,17,17,1,0,0.352941176471,0.411764705882,0.235294117647,17,37,0.136029411765,1.88235294118,4.35294117647,3.36363636364,2.84615384615,1.69341284359,0.389027274878,0.193958664547,2.09866904602,0.964253345467,0.518282988871,1.87867287326,0.863174022847,0.470588235294,0.786197569093,0.41766745858,2.25,1.88235294118,0.786197569093,2.25,0.166339869281,0.0612244897959,3,0.00441176470588,0.185952380952,17,17,17,1,0,0.352941176471,0.411764705882,0.235294117647,0,0,0,0,0,0,0,0,0,0,0,0,0,0,0,0,0,0,0,0,0,0,0,0,0,0,0,0,0,37,0,0,235,1,1,0,0,1,1,1,1,1,1,2,2,0,0,0,0
430,WLNM_dir_neg,1,0.5,00:00:12,10,10,48,1979945721,threshold_sweep,0.7,1,1,1,2,0,0,4,1,1,0,0,1,1,1,1,0.555555555556,1,1,1,37,35,2,0,37,0,35,0,2,17,37,0.136029411765,1.88235294118,4.35294117647,3.36363636364,2.84615384615,1.69341284359,0.389027274878,0.193958664547,2.09866904602,0.964253345467,0.518282988871,1.87867287326,0.863174022847,0.470588235294,0.786197569093,0.41766745858,2.25,1.88235294118,0.786197569093,2.25,0.166339869281,0.0612244897959,3,0.00441176470588,0.185952380952,17,17,17,1,0,0.352941176471,0.411764705882,0.235294117647,17,0.128676470588,1.90196078431,4.11764705882,3.18181818182,2.69230769231,1.57648156274,0.382859808093,0.201680672269,2.01465221053,0.978545359402,0.524369747899,1.74894926439,0.849489642704,0.463865546218,0.814492905316,0.428238537847,2.33333333333,1.90196078431,0.814492905316,2.33333333333,0,0,0,0,0.164242424242,17,17,17,1,0,0.352941176471,0.411764705882,0.235294117647,17,37,0.136029411765,1.88235294118,4.35294117647,3.36363636364,2.84615384615,1.69341284359,0.389027274878,0.193958664547,2.09866904602,0.964253345467,0.518282988871,1.87867287326,0.863174022847,0.470588235294,0.786197569093,0.41766745858,2.25,1.88235294118,0.786197569093,2.25,0.166339869281,0.0612244897959,3,0.00441176470588,0.185952380952,17,17,17,1,0,0.352941176471,0.411764705882,0.235294117647,0,0,0,0,0,0,0,0,0,0,0,0,0,0,0,0,0,0,0,0,0,0,0,0,0,0,0,0,0,37,0,0,235,1,1,0,0,1,1,1,1,1,1,2,2,0,0,0,0
431,WLNM_dir_neg,1,0.5,00:00:12,10,10,48,1979945721,threshold_sweep,0.8,1,1,1,2,0,0,4,1,1,0,0,1,1,1,1,0.555555555556,1,1,1,37,35,2,0,37,0,35,0,2,17,37,0.136029411765,1.88235294118,4.35294117647,3.36363636364,2.84615384615,1.69341284359,0.389027274878,0.193958664547,2.09866904602,0.964253345467,0.518282988871,1.87867287326,0.863174022847,0.470588235294,0.786197569093,0.41766745858,2.25,1.88235294118,0.786197569093,2.25,0.166339869281,0.0612244897959,3,0.00441176470588,0.185952380952,17,17,17,1,0,0.352941176471,0.411764705882,0.235294117647,17,0.128676470588,1.90196078431,4.11764705882,3.18181818182,2.69230769231,1.57648156274,0.382859808093,0.201680672269,2.01465221053,0.978545359402,0.524369747899,1.74894926439,0.849489642704,0.463865546218,0.814492905316,0.428238537847,2.33333333333,1.90196078431,0.814492905316,2.33333333333,0,0,0,0,0.164242424242,17,17,17,1,0,0.352941176471,0.411764705882,0.235294117647,17,37,0.136029411765,1.88235294118,4.35294117647,3.36363636364,2.84615384615,1.69341284359,0.389027274878,0.193958664547,2.09866904602,0.964253345467,0.518282988871,1.87867287326,0.863174022847,0.470588235294,0.786197569093,0.41766745858,2.25,1.88235294118,0.786197569093,2.25,0.166339869281,0.0612244897959,3,0.00441176470588,0.185952380952,17,17,17,1,0,0.352941176471,0.411764705882,0.235294117647,0,0,0,0,0,0,0,0,0,0,0,0,0,0,0,0,0,0,0,0,0,0,0,0,0,0,0,0,0,37,0,0,235,1,1,0,0,1,1,1,1,1,1,2,2,0,0,0,0
432,WLNM_dir_neg,1,0.5,00:00:12,10,10,48,1979945721,threshold_sweep,0.9,1,1,1,2,0,0,4,1,1,0,0,1,1,1,1,0.555555555556,1,1,1,37,35,2,0,37,0,35,0,2,17,37,0.136029411765,1.88235294118,4.35294117647,3.36363636364,2.84615384615,1.69341284359,0.389027274878,0.193958664547,2.09866904602,0.964253345467,0.518282988871,1.87867287326,0.863174022847,0.470588235294,0.786197569093,0.41766745858,2.25,1.88235294118,0.786197569093,2.25,0.166339869281,0.0612244897959,3,0.00441176470588,0.185952380952,17,17,17,1,0,0.352941176471,0.411764705882,0.235294117647,17,0.128676470588,1.90196078431,4.11764705882,3.18181818182,2.69230769231,1.57648156274,0.382859808093,0.201680672269,2.01465221053,0.978545359402,0.524369747899,1.74894926439,0.849489642704,0.463865546218,0.814492905316,0.428238537847,2.33333333333,1.90196078431,0.814492905316,2.33333333333,0,0,0,0,0.164242424242,17,17,17,1,0,0.352941176471,0.411764705882,0.235294117647,17,37,0.136029411765,1.88235294118,4.35294117647,3.36363636364,2.84615384615,1.69341284359,0.389027274878,0.193958664547,2.09866904602,0.964253345467,0.518282988871,1.87867287326,0.863174022847,0.470588235294,0.786197569093,0.41766745858,2.25,1.88235294118,0.786197569093,2.25,0.166339869281,0.0612244897959,3,0.00441176470588,0.185952380952,17,17,17,1,0,0.352941176471,0.411764705882,0.235294117647,0,0,0,0,0,0,0,0,0,0,0,0,0,0,0,0,0,0,0,0,0,0,0,0,0,0,0,0,0,37,0,0,235,1,1,0,0,1,1,1,1,1,1,2,2,0,0,0,0
433,WLNM_dir_neg,1,0.5,00:00:12,10,10,49,1979945722,threshold_sweep,0.1,0.5,1,0.666666666667,2,2,0,2,1,0.5,0.5,0,0.5,1,0.666666666667,0.666666666667,0.444444444444,0.4,0.5,0.5,37,35,2,0,37,0,35,0,2,17,37,0.136029411765,1.88235294118,4.35294117647,3.36363636364,2.84615384615,1.69341284359,0.389027274878,0.193958664547,2.09866904602,0.964253345467,0.518282988871,1.87867287326,0.863174022847,0.470588235294,0.786197569093,0.41766745858,2.25,1.88235294118,0.786197569093,2.25,0.166339869281,0.0612244897959,3,0.00441176470588,0.185952380952,17,17,17,1,0,0.352941176471,0.411764705882,0.235294117647,17,0.128676470588,1.90196078431,4.11764705882,3.18181818182,2.69230769231,1.57648156274,0.382859808093,0.201680672269,2.01465221053,0.978545359402,0.524369747899,1.74894926439,0.849489642704,0.463865546218,0.814492905316,0.428238537847,2.33333333333,1.90196078431,0.814492905316,2.33333333333,0,0,0,0,0.164242424242,17,17,17,1,0,0.352941176471,0.411764705882,0.235294117647,17,39,0.143382352941,2.10049019608,4.58823529412,3.25,2.78571428571,1.66052791039,0.361909929187,0.182503770739,2.14373231428,0.934447419046,0.506787330317,1.82909492244,0.797297786704,0.434389140271,0.880106481229,0.419000518485,2.45,2.10049019608,0.880106481229,2.45,0.185620915033,0.0925925925926,5,0.00735294117647,0.159145021645,17,17,17,1,0,0.294117647059,0.529411764706,0.176470588235,2,0.00735294117647,0.218137254902,0.235294117647,-0.113636363636,-0.0604395604396,-0.0328849331988,-0.0271173456909,-0.0114548938078,0.0450632682653,-0.0298059264211,-0.0114956585545,-0.0495779508159,-0.0658762361427,-0.0361990950226,0.0939089121361,0.00133305990415,0.2,0.218137254902,0.0939089121361,0.2,0.0192810457516,0.0313681027967,2,0.00294117647059,-0.0268073593074,-0.0588235294118,0.117647058824,-0.0588235294118,37,2,0,233,1,0.991489361702,0.00851063829787,0,0.948717948718,1,0.973684210526,0.969867905134,0.991489361702,0.948717948718,4,2,0,0,0,0
434,WLNM_dir_neg,1,0.5,00:00:12,10,10,49,1979945722,threshold_sweep,0.2,0.5,1,0.666666666667,2,2,0,2,1,0.5,0.5,0,0.5,1,0.666666666667,0.666666666667,0.444444444444,0.4,0.5,0.5,37,35,2,0,37,0,35,0,2,17,37,0.136029411765,1.88235294118,4.35294117647,3.36363636364,2.84615384615,1.69341284359,0.389027274878,0.193958664547,2.09866904602,0.964253345467,0.518282988871,1.87867287326,0.863174022847,0.470588235294,0.786197569093,0.41766745858,2.25,1.88235294118,0.786197569093,2.25,0.166339869281,0.0612244897959,3,0.00441176470588,0.185952380952,17,17,17,1,0,0.352941176471,0.411764705882,0.235294117647,17,0.128676470588,1.90196078431,4.11764705882,3.18181818182,2.69230769231,1.57648156274,0.382859808093,0.201680672269,2.01465221053,0.978545359402,0.524369747899,1.74894926439,0.849489642704,0.463865546218,0.814492905316,0.428238537847,2.33333333333,1.90196078431,0.814492905316,2.33333333333,0,0,0,0,0.164242424242,17,17,17,1,0,0.352941176471,0.411764705882,0.235294117647,17,39,0.143382352941,2.10049019608,4.58823529412,3.25,2.78571428571,1.66052791039,0.361909929187,0.182503770739,2.14373231428,0.934447419046,0.506787330317,1.82909492244,0.797297786704,0.434389140271,0.880106481229,0.419000518485,2.45,2.10049019608,0.880106481229,2.45,0.185620915033,0.0925925925926,5,0.00735294117647,0.159145021645,17,17,17,1,0,0.294117647059,0.529411764706,0.176470588235,2,0.00735294117647,0.218137254902,0.235294117647,-0.113636363636,-0.0604395604396,-0.0328849331988,-0.0271173456909,-0.0114548938078,0.0450632682653,-0.0298059264211,-0.0114956585545,-0.0495779508159,-0.0658762361427,-0.0361990950226,0.0939089121361,0.00133305990415,0.2,0.218137254902,0.0939089121361,0.2,0.0192810457516,0.0313681027967,2,0.00294117647059,-0.0268073593074,-0.0588235294118,0.117647058824,-0.0588235294118,37,2,0,233,1,0.991489361702,0.00851063829787,0,0.948717948718,1,0.973684210526,0.969867905134,0.991489361702,0.948717948718,4,2,0,0,0,0
435,WLNM_dir_neg,1,0.5,00:00:12,10,10,49,1979945722,threshold_sweep,0.3,0.5,1,0.666666666667,2,2,0,2,1,0.5,0.5,0,0.5,1,0.666666666667,0.666666666667,0.444444444444,0.4,0.5,0.5,37,35,2,0,37,0,35,0,2,17,37,0.136029411765,1.88235294118,4.35294117647,3.36363636364,2.84615384615,1.69341284359,0.389027274878,0.193958664547,2.09866904602,0.964253345467,0.518282988871,1.87867287326,0.863174022847,0.470588235294,0.786197569093,0.41766745858,2.25,1.88235294118,0.786197569093,2.25,0.166339869281,0.0612244897959,3,0.00441176470588,0.185952380952,17,17,17,1,0,0.352941176471,0.411764705882,0.235294117647,17,0.128676470588,1.90196078431,4.11764705882,3.18181818182,2.69230769231,1.57648156274,0.382859808093,0.201680672269,2.01465221053,0.978545359402,0.524369747899,1.74894926439,0.849489642704,0.463865546218,0.814492905316,0.428238537847,2.33333333333,1.90196078431,0.814492905316,2.33333333333,0,0,0,0,0.164242424242,17,17,17,1,0,0.352941176471,0.411764705882,0.235294117647,17,39,0.143382352941,2.10049019608,4.58823529412,3.25,2.78571428571,1.66052791039,0.361909929187,0.182503770739,2.14373231428,0.934447419046,0.506787330317,1.82909492244,0.797297786704,0.434389140271,0.880106481229,0.419000518485,2.45,2.10049019608,0.880106481229,2.45,0.185620915033,0.0925925925926,5,0.00735294117647,0.159145021645,17,17,17,1,0,0.294117647059,0.529411764706,0.176470588235,2,0.00735294117647,0.218137254902,0.235294117647,-0.113636363636,-0.0604395604396,-0.0328849331988,-0.0271173456909,-0.0114548938078,0.0450632682653,-0.0298059264211,-0.0114956585545,-0.0495779508159,-0.0658762361427,-0.0361990950226,0.0939089121361,0.00133305990415,0.2,0.218137254902,0.0939089121361,0.2,0.0192810457516,0.0313681027967,2,0.00294117647059,-0.0268073593074,-0.0588235294118,0.117647058824,-0.0588235294118,37,2,0,233,1,0.991489361702,0.00851063829787,0,0.948717948718,1,0.973684210526,0.969867905134,0.991489361702,0.948717948718,4,2,0,0,0,0
436,WLNM_dir_neg,1,0.5,00:00:12,10,10,49,1979945722,threshold_sweep,0.4,0.5,1,0.666666666667,2,2,0,2,1,0.5,0.5,0,0.5,1,0.666666666667,0.666666666667,0.444444444444,0.4,0.5,0.5,37,35,2,0,37,0,35,0,2,17,37,0.136029411765,1.88235294118,4.35294117647,3.36363636364,2.84615384615,1.69341284359,0.389027274878,0.193958664547,2.09866904602,0.964253345467,0.518282988871,1.87867287326,0.863174022847,0.470588235294,0.786197569093,0.41766745858,2.25,1.88235294118,0.786197569093,2.25,0.166339869281,0.0612244897959,3,0.00441176470588,0.185952380952,17,17,17,1,0,0.352941176471,0.411764705882,0.235294117647,17,0.128676470588,1.90196078431,4.11764705882,3.18181818182,2.69230769231,1.57648156274,0.382859808093,0.201680672269,2.01465221053,0.978545359402,0.524369747899,1.74894926439,0.849489642704,0.463865546218,0.814492905316,0.428238537847,2.33333333333,1.90196078431,0.814492905316,2.33333333333,0,0,0,0,0.164242424242,17,17,17,1,0,0.352941176471,0.411764705882,0.235294117647,17,39,0.143382352941,2.10049019608,4.58823529412,3.25,2.78571428571,1.66052791039,0.361909929187,0.182503770739,2.14373231428,0.934447419046,0.506787330317,1.82909492244,0.797297786704,0.434389140271,0.880106481229,0.419000518485,2.45,2.10049019608,0.880106481229,2.45,0.185620915033,0.0925925925926,5,0.00735294117647,0.159145021645,17,17,17,1,0,0.294117647059,0.529411764706,0.176470588235,2,0.00735294117647,0.218137254902,0.235294117647,-0.113636363636,-0.0604395604396,-0.0328849331988,-0.0271173456909,-0.0114548938078,0.0450632682653,-0.0298059264211,-0.0114956585545,-0.0495779508159,-0.0658762361427,-0.0361990950226,0.0939089121361,0.00133305990415,0.2,0.218137254902,0.0939089121361,0.2,0.0192810457516,0.0313681027967,2,0.00294117647059,-0.0268073593074,-0.0588235294118,0.117647058824,-0.0588235294118,37,2,0,233,1,0.991489361702,0.00851063829787,0,0.948717948718,1,0.973684210526,0.969867905134,0.991489361702,0.948717948718,4,2,0,0,0,0
437,WLNM_dir_neg,1,0.5,00:00:12,10,10,49,1979945722,threshold_sweep,0.5,0.5,1,0.666666666667,2,2,0,2,1,0.5,0.5,0,0.5,1,0.666666666667,0.666666666667,0.444444444444,0.4,0.5,0.5,37,35,2,0,37,0,35,0,2,17,37,0.136029411765,1.88235294118,4.35294117647,3.36363636364,2.84615384615,1.69341284359,0.389027274878,0.193958664547,2.09866904602,0.964253345467,0.518282988871,1.87867287326,0.863174022847,0.470588235294,0.786197569093,0.41766745858,2.25,1.88235294118,0.786197569093,2.25,0.166339869281,0.0612244897959,3,0.00441176470588,0.185952380952,17,17,17,1,0,0.352941176471,0.411764705882,0.235294117647,17,0.128676470588,1.90196078431,4.11764705882,3.18181818182,2.69230769231,1.57648156274,0.382859808093,0.201680672269,2.01465221053,0.978545359402,0.524369747899,1.74894926439,0.849489642704,0.463865546218,0.814492905316,0.428238537847,2.33333333333,1.90196078431,0.814492905316,2.33333333333,0,0,0,0,0.164242424242,17,17,17,1,0,0.352941176471,0.411764705882,0.235294117647,17,39,0.143382352941,2.10049019608,4.58823529412,3.25,2.78571428571,1.66052791039,0.361909929187,0.182503770739,2.14373231428,0.934447419046,0.506787330317,1.82909492244,0.797297786704,0.434389140271,0.880106481229,0.419000518485,2.45,2.10049019608,0.880106481229,2.45,0.185620915033,0.0925925925926,5,0.00735294117647,0.159145021645,17,17,17,1,0,0.294117647059,0.529411764706,0.176470588235,2,0.00735294117647,0.218137254902,0.235294117647,-0.113636363636,-0.0604395604396,-0.0328849331988,-0.0271173456909,-0.0114548938078,0.0450632682653,-0.0298059264211,-0.0114956585545,-0.0495779508159,-0.0658762361427,-0.0361990950226,0.0939089121361,0.00133305990415,0.2,0.218137254902,0.0939089121361,0.2,0.0192810457516,0.0313681027967,2,0.00294117647059,-0.0268073593074,-0.0588235294118,0.117647058824,-0.0588235294118,37,2,0,233,1,0.991489361702,0.00851063829787,0,0.948717948718,1,0.973684210526,0.969867905134,0.991489361702,0.948717948718,4,2,0,0,0,0
438,WLNM_dir_neg,1,0.5,00:00:12,10,10,49,1979945722,threshold_sweep,0.6,0.5,1,0.666666666667,2,2,0,2,1,0.5,0.5,0,0.5,1,0.666666666667,0.666666666667,0.444444444444,0.4,0.5,0.5,37,35,2,0,37,0,35,0,2,17,37,0.136029411765,1.88235294118,4.35294117647,3.36363636364,2.84615384615,1.69341284359,0.389027274878,0.193958664547,2.09866904602,0.964253345467,0.518282988871,1.87867287326,0.863174022847,0.470588235294,0.786197569093,0.41766745858,2.25,1.88235294118,0.786197569093,2.25,0.166339869281,0.0612244897959,3,0.00441176470588,0.185952380952,17,17,17,1,0,0.352941176471,0.411764705882,0.235294117647,17,0.128676470588,1.90196078431,4.11764705882,3.18181818182,2.69230769231,1.57648156274,0.382859808093,0.201680672269,2.01465221053,0.978545359402,0.524369747899,1.74894926439,0.849489642704,0.463865546218,0.814492905316,0.428238537847,2.33333333333,1.90196078431,0.814492905316,2.33333333333,0,0,0,0,0.164242424242,17,17,17,1,0,0.352941176471,0.411764705882,0.235294117647,17,39,0.143382352941,2.10049019608,4.58823529412,3.25,2.78571428571,1.66052791039,0.361909929187,0.182503770739,2.14373231428,0.934447419046,0.506787330317,1.82909492244,0.797297786704,0.434389140271,0.880106481229,0.419000518485,2.45,2.10049019608,0.880106481229,2.45,0.185620915033,0.0925925925926,5,0.00735294117647,0.159145021645,17,17,17,1,0,0.294117647059,0.529411764706,0.176470588235,2,0.00735294117647,0.218137254902,0.235294117647,-0.113636363636,-0.0604395604396,-0.0328849331988,-0.0271173456909,-0.0114548938078,0.0450632682653,-0.0298059264211,-0.0114956585545,-0.0495779508159,-0.0658762361427,-0.0361990950226,0.0939089121361,0.00133305990415,0.2,0.218137254902,0.0939089121361,0.2,0.0192810457516,0.0313681027967,2,0.00294117647059,-0.0268073593074,-0.0588235294118,0.117647058824,-0.0588235294118,37,2,0,233,1,0.991489361702,0.00851063829787,0,0.948717948718,1,0.973684210526,0.969867905134,0.991489361702,0.948717948718,4,2,0,0,0,0
439,WLNM_dir_neg,1,0.5,00:00:12,10,10,49,1979945722,threshold_sweep,0.7,0.5,1,0.666666666667,2,2,0,2,1,0.5,0.5,0,0.5,1,0.666666666667,0.666666666667,0.444444444444,0.4,0.5,0.5,37,35,2,0,37,0,35,0,2,17,37,0.136029411765,1.88235294118,4.35294117647,3.36363636364,2.84615384615,1.69341284359,0.389027274878,0.193958664547,2.09866904602,0.964253345467,0.518282988871,1.87867287326,0.863174022847,0.470588235294,0.786197569093,0.41766745858,2.25,1.88235294118,0.786197569093,2.25,0.166339869281,0.0612244897959,3,0.00441176470588,0.185952380952,17,17,17,1,0,0.352941176471,0.411764705882,0.235294117647,17,0.128676470588,1.90196078431,4.11764705882,3.18181818182,2.69230769231,1.57648156274,0.382859808093,0.201680672269,2.01465221053,0.978545359402,0.524369747899,1.74894926439,0.849489642704,0.463865546218,0.814492905316,0.428238537847,2.33333333333,1.90196078431,0.814492905316,2.33333333333,0,0,0,0,0.164242424242,17,17,17,1,0,0.352941176471,0.411764705882,0.235294117647,17,39,0.143382352941,2.10049019608,4.58823529412,3.25,2.78571428571,1.66052791039,0.361909929187,0.182503770739,2.14373231428,0.934447419046,0.506787330317,1.82909492244,0.797297786704,0.434389140271,0.880106481229,0.419000518485,2.45,2.10049019608,0.880106481229,2.45,0.185620915033,0.0925925925926,5,0.00735294117647,0.159145021645,17,17,17,1,0,0.294117647059,0.529411764706,0.176470588235,2,0.00735294117647,0.218137254902,0.235294117647,-0.113636363636,-0.0604395604396,-0.0328849331988,-0.0271173456909,-0.0114548938078,0.0450632682653,-0.0298059264211,-0.0114956585545,-0.0495779508159,-0.0658762361427,-0.0361990950226,0.0939089121361,0.00133305990415,0.2,0.218137254902,0.0939089121361,0.2,0.0192810457516,0.0313681027967,2,0.00294117647059,-0.0268073593074,-0.0588235294118,0.117647058824,-0.0588235294118,37,2,0,233,1,0.991489361702,0.00851063829787,0,0.948717948718,1,0.973684210526,0.969867905134,0.991489361702,0.948717948718,4,2,0,0,0,0
440,WLNM_dir_neg,1,0.5,00:00:12,10,10,49,1979945722,threshold_sweep,0.8,0.5,1,0.666666666667,2,2,0,2,1,0.5,0.5,0,0.5,1,0.666666666667,0.666666666667,0.444444444444,0.4,0.5,0.5,37,35,2,0,37,0,35,0,2,17,37,0.136029411765,1.88235294118,4.35294117647,3.36363636364,2.84615384615,1.69341284359,0.389027274878,0.193958664547,2.09866904602,0.964253345467,0.518282988871,1.87867287326,0.863174022847,0.470588235294,0.786197569093,0.41766745858,2.25,1.88235294118,0.786197569093,2.25,0.166339869281,0.0612244897959,3,0.00441176470588,0.185952380952,17,17,17,1,0,0.352941176471,0.411764705882,0.235294117647,17,0.128676470588,1.90196078431,4.11764705882,3.18181818182,2.69230769231,1.57648156274,0.382859808093,0.201680672269,2.01465221053,0.978545359402,0.524369747899,1.74894926439,0.849489642704,0.463865546218,0.814492905316,0.428238537847,2.33333333333,1.90196078431,0.814492905316,2.33333333333,0,0,0,0,0.164242424242,17,17,17,1,0,0.352941176471,0.411764705882,0.235294117647,17,39,0.143382352941,2.10049019608,4.58823529412,3.25,2.78571428571,1.66052791039,0.361909929187,0.182503770739,2.14373231428,0.934447419046,0.506787330317,1.82909492244,0.797297786704,0.434389140271,0.880106481229,0.419000518485,2.45,2.10049019608,0.880106481229,2.45,0.185620915033,0.0925925925926,5,0.00735294117647,0.159145021645,17,17,17,1,0,0.294117647059,0.529411764706,0.176470588235,2,0.00735294117647,0.218137254902,0.235294117647,-0.113636363636,-0.0604395604396,-0.0328849331988,-0.0271173456909,-0.0114548938078,0.0450632682653,-0.0298059264211,-0.0114956585545,-0.0495779508159,-0.0658762361427,-0.0361990950226,0.0939089121361,0.00133305990415,0.2,0.218137254902,0.0939089121361,0.2,0.0192810457516,0.0313681027967,2,0.00294117647059,-0.0268073593074,-0.0588235294118,0.117647058824,-0.0588235294118,37,2,0,233,1,0.991489361702,0.00851063829787,0,0.948717948718,1,0.973684210526,0.969867905134,0.991489361702,0.948717948718,4,2,0,0,0,0
441,WLNM_dir_neg,1,0.5,00:00:12,10,10,49,1979945722,threshold_sweep,0.9,0.666666666667,1,0.8,2,1,0,3,1,0.75,0.25,0,0.666666666667,1,0.8,0.833333333333,0.5,0.666666666667,0.707106781187,0.75,37,35,2,0,37,0,35,0,2,17,37,0.136029411765,1.88235294118,4.35294117647,3.36363636364,2.84615384615,1.69341284359,0.389027274878,0.193958664547,2.09866904602,0.964253345467,0.518282988871,1.87867287326,0.863174022847,0.470588235294,0.786197569093,0.41766745858,2.25,1.88235294118,0.786197569093,2.25,0.166339869281,0.0612244897959,3,0.00441176470588,0.185952380952,17,17,17,1,0,0.352941176471,0.411764705882,0.235294117647,17,0.128676470588,1.90196078431,4.11764705882,3.18181818182,2.69230769231,1.57648156274,0.382859808093,0.201680672269,2.01465221053,0.978545359402,0.524369747899,1.74894926439,0.849489642704,0.463865546218,0.814492905316,0.428238537847,2.33333333333,1.90196078431,0.814492905316,2.33333333333,0,0,0,0,0.164242424242,17,17,17,1,0,0.352941176471,0.411764705882,0.235294117647,17,38,0.139705882353,2.09294117647,4.47058823529,3.16666666667,2.92307692308,1.62471716996,0.36342357749,0.179566563467,2.04723630062,0.915868871331,0.495356037152,1.88843227853,0.84482496671,0.461300309598,0.8705082187,0.415925793083,2.45,2.09294117647,0.8705082187,2.45,0.166339869281,0.0588235294118,3,0.00441176470588,0.161778499278,17,17,17,1,0,0.294117647059,0.470588235294,0.235294117647,1,0.00367647058824,0.210588235294,0.117647058824,-0.19696969697,0.0769230769231,-0.0686956736295,-0.0256036973876,-0.0143921010794,-0.0514327453931,-0.0483844741355,-0.0229269517195,0.00975940527302,-0.018349056137,-0.00928792569659,0.084310649607,-0.00174166549743,0.2,0.210588235294,0.084310649607,0.2,0,-0.00240096038415,0,0,-0.0241738816739,-0.0588235294118,0.0588235294118,0,37,1,0,234,1,0.995744680851,0.00425531914894,0,0.973684210526,1,0.986666666667,0.984652666406,0.995744680851,0.973684210526,3,2,0,0,0,0
442,WLNM_dir_neg,1,0.5,00:00:12,10,10,50,1979945723,threshold_sweep,0.1,1,1,1,2,0,0,4,1,1,0,0,1,1,1,1,0.555555555556,1,1,1,37,35,2,0,37,0,35,0,2,17,37,0.136029411765,1.88235294118,4.35294117647,3.36363636364,2.84615384615,1.69341284359,0.389027274878,0.193958664547,2.09866904602,0.964253345467,0.518282988871,1.87867287326,0.863174022847,0.470588235294,0.786197569093,0.41766745858,2.25,1.88235294118,0.786197569093,2.25,0.166339869281,0.0612244897959,3,0.00441176470588,0.185952380952,17,17,17,1,0,0.352941176471,0.411764705882,0.235294117647,17,0.128676470588,1.90196078431,4.11764705882,3.18181818182,2.69230769231,1.57648156274,0.382859808093,0.201680672269,2.01465221053,0.978545359402,0.524369747899,1.74894926439,0.849489642704,0.463865546218,0.814492905316,0.428238537847,2.33333333333,1.90196078431,0.814492905316,2.33333333333,0,0,0,0,0.164242424242,17,17,17,1,0,0.352941176471,0.411764705882,0.235294117647,17,37,0.136029411765,1.88235294118,4.35294117647,3.36363636364,2.84615384615,1.69341284359,0.389027274878,0.193958664547,2.09866904602,0.964253345467,0.518282988871,1.87867287326,0.863174022847,0.470588235294,0.786197569093,0.41766745858,2.25,1.88235294118,0.786197569093,2.25,0.166339869281,0.0612244897959,3,0.00441176470588,0.185952380952,17,17,17,1,0,0.352941176471,0.411764705882,0.235294117647,0,0,0,0,0,0,0,0,0,0,0,0,0,0,0,0,0,0,0,0,0,0,0,0,0,0,0,0,0,37,0,0,235,1,1,0,0,1,1,1,1,1,1,2,2,0,0,0,0
443,WLNM_dir_neg,1,0.5,00:00:12,10,10,50,1979945723,threshold_sweep,0.2,1,1,1,2,0,0,4,1,1,0,0,1,1,1,1,0.555555555556,1,1,1,37,35,2,0,37,0,35,0,2,17,37,0.136029411765,1.88235294118,4.35294117647,3.36363636364,2.84615384615,1.69341284359,0.389027274878,0.193958664547,2.09866904602,0.964253345467,0.518282988871,1.87867287326,0.863174022847,0.470588235294,0.786197569093,0.41766745858,2.25,1.88235294118,0.786197569093,2.25,0.166339869281,0.0612244897959,3,0.00441176470588,0.185952380952,17,17,17,1,0,0.352941176471,0.411764705882,0.235294117647,17,0.128676470588,1.90196078431,4.11764705882,3.18181818182,2.69230769231,1.57648156274,0.382859808093,0.201680672269,2.01465221053,0.978545359402,0.524369747899,1.74894926439,0.849489642704,0.463865546218,0.814492905316,0.428238537847,2.33333333333,1.90196078431,0.814492905316,2.33333333333,0,0,0,0,0.164242424242,17,17,17,1,0,0.352941176471,0.411764705882,0.235294117647,17,37,0.136029411765,1.88235294118,4.35294117647,3.36363636364,2.84615384615,1.69341284359,0.389027274878,0.193958664547,2.09866904602,0.964253345467,0.518282988871,1.87867287326,0.863174022847,0.470588235294,0.786197569093,0.41766745858,2.25,1.88235294118,0.786197569093,2.25,0.166339869281,0.0612244897959,3,0.00441176470588,0.185952380952,17,17,17,1,0,0.352941176471,0.411764705882,0.235294117647,0,0,0,0,0,0,0,0,0,0,0,0,0,0,0,0,0,0,0,0,0,0,0,0,0,0,0,0,0,37,0,0,235,1,1,0,0,1,1,1,1,1,1,2,2,0,0,0,0
444,WLNM_dir_neg,1,0.5,00:00:12,10,10,50,1979945723,threshold_sweep,0.3,1,1,1,2,0,0,4,1,1,0,0,1,1,1,1,0.555555555556,1,1,1,37,35,2,0,37,0,35,0,2,17,37,0.136029411765,1.88235294118,4.35294117647,3.36363636364,2.84615384615,1.69341284359,0.389027274878,0.193958664547,2.09866904602,0.964253345467,0.518282988871,1.87867287326,0.863174022847,0.470588235294,0.786197569093,0.41766745858,2.25,1.88235294118,0.786197569093,2.25,0.166339869281,0.0612244897959,3,0.00441176470588,0.185952380952,17,17,17,1,0,0.352941176471,0.411764705882,0.235294117647,17,0.128676470588,1.90196078431,4.11764705882,3.18181818182,2.69230769231,1.57648156274,0.382859808093,0.201680672269,2.01465221053,0.978545359402,0.524369747899,1.74894926439,0.849489642704,0.463865546218,0.814492905316,0.428238537847,2.33333333333,1.90196078431,0.814492905316,2.33333333333,0,0,0,0,0.164242424242,17,17,17,1,0,0.352941176471,0.411764705882,0.235294117647,17,37,0.136029411765,1.88235294118,4.35294117647,3.36363636364,2.84615384615,1.69341284359,0.389027274878,0.193958664547,2.09866904602,0.964253345467,0.518282988871,1.87867287326,0.863174022847,0.470588235294,0.786197569093,0.41766745858,2.25,1.88235294118,0.786197569093,2.25,0.166339869281,0.0612244897959,3,0.00441176470588,0.185952380952,17,17,17,1,0,0.352941176471,0.411764705882,0.235294117647,0,0,0,0,0,0,0,0,0,0,0,0,0,0,0,0,0,0,0,0,0,0,0,0,0,0,0,0,0,37,0,0,235,1,1,0,0,1,1,1,1,1,1,2,2,0,0,0,0
445,WLNM_dir_neg,1,0.5,00:00:12,10,10,50,1979945723,threshold_sweep,0.4,1,1,1,2,0,0,4,1,1,0,0,1,1,1,1,0.555555555556,1,1,1,37,35,2,0,37,0,35,0,2,17,37,0.136029411765,1.88235294118,4.35294117647,3.36363636364,2.84615384615,1.69341284359,0.389027274878,0.193958664547,2.09866904602,0.964253345467,0.518282988871,1.87867287326,0.863174022847,0.470588235294,0.786197569093,0.41766745858,2.25,1.88235294118,0.786197569093,2.25,0.166339869281,0.0612244897959,3,0.00441176470588,0.185952380952,17,17,17,1,0,0.352941176471,0.411764705882,0.235294117647,17,0.128676470588,1.90196078431,4.11764705882,3.18181818182,2.69230769231,1.57648156274,0.382859808093,0.201680672269,2.01465221053,0.978545359402,0.524369747899,1.74894926439,0.849489642704,0.463865546218,0.814492905316,0.428238537847,2.33333333333,1.90196078431,0.814492905316,2.33333333333,0,0,0,0,0.164242424242,17,17,17,1,0,0.352941176471,0.411764705882,0.235294117647,17,37,0.136029411765,1.88235294118,4.35294117647,3.36363636364,2.84615384615,1.69341284359,0.389027274878,0.193958664547,2.09866904602,0.964253345467,0.518282988871,1.87867287326,0.863174022847,0.470588235294,0.786197569093,0.41766745858,2.25,1.88235294118,0.786197569093,2.25,0.166339869281,0.0612244897959,3,0.00441176470588,0.185952380952,17,17,17,1,0,0.352941176471,0.411764705882,0.235294117647,0,0,0,0,0,0,0,0,0,0,0,0,0,0,0,0,0,0,0,0,0,0,0,0,0,0,0,0,0,37,0,0,235,1,1,0,0,1,1,1,1,1,1,2,2,0,0,0,0
446,WLNM_dir_neg,1,0.5,00:00:12,10,10,50,1979945723,threshold_sweep,0.5,1,1,1,2,0,0,4,1,1,0,0,1,1,1,1,0.555555555556,1,1,1,37,35,2,0,37,0,35,0,2,17,37,0.136029411765,1.88235294118,4.35294117647,3.36363636364,2.84615384615,1.69341284359,0.389027274878,0.193958664547,2.09866904602,0.964253345467,0.518282988871,1.87867287326,0.863174022847,0.470588235294,0.786197569093,0.41766745858,2.25,1.88235294118,0.786197569093,2.25,0.166339869281,0.0612244897959,3,0.00441176470588,0.185952380952,17,17,17,1,0,0.352941176471,0.411764705882,0.235294117647,17,0.128676470588,1.90196078431,4.11764705882,3.18181818182,2.69230769231,1.57648156274,0.382859808093,0.201680672269,2.01465221053,0.978545359402,0.524369747899,1.74894926439,0.849489642704,0.463865546218,0.814492905316,0.428238537847,2.33333333333,1.90196078431,0.814492905316,2.33333333333,0,0,0,0,0.164242424242,17,17,17,1,0,0.352941176471,0.411764705882,0.235294117647,17,37,0.136029411765,1.88235294118,4.35294117647,3.36363636364,2.84615384615,1.69341284359,0.389027274878,0.193958664547,2.09866904602,0.964253345467,0.518282988871,1.87867287326,0.863174022847,0.470588235294,0.786197569093,0.41766745858,2.25,1.88235294118,0.786197569093,2.25,0.166339869281,0.0612244897959,3,0.00441176470588,0.185952380952,17,17,17,1,0,0.352941176471,0.411764705882,0.235294117647,0,0,0,0,0,0,0,0,0,0,0,0,0,0,0,0,0,0,0,0,0,0,0,0,0,0,0,0,0,37,0,0,235,1,1,0,0,1,1,1,1,1,1,2,2,0,0,0,0
447,WLNM_dir_neg,1,0.5,00:00:12,10,10,50,1979945723,threshold_sweep,0.6,1,1,1,2,0,0,4,1,1,0,0,1,1,1,1,0.555555555556,1,1,1,37,35,2,0,37,0,35,0,2,17,37,0.136029411765,1.88235294118,4.35294117647,3.36363636364,2.84615384615,1.69341284359,0.389027274878,0.193958664547,2.09866904602,0.964253345467,0.518282988871,1.87867287326,0.863174022847,0.470588235294,0.786197569093,0.41766745858,2.25,1.88235294118,0.786197569093,2.25,0.166339869281,0.0612244897959,3,0.00441176470588,0.185952380952,17,17,17,1,0,0.352941176471,0.411764705882,0.235294117647,17,0.128676470588,1.90196078431,4.11764705882,3.18181818182,2.69230769231,1.57648156274,0.382859808093,0.201680672269,2.01465221053,0.978545359402,0.524369747899,1.74894926439,0.849489642704,0.463865546218,0.814492905316,0.428238537847,2.33333333333,1.90196078431,0.814492905316,2.33333333333,0,0,0,0,0.164242424242,17,17,17,1,0,0.352941176471,0.411764705882,0.235294117647,17,37,0.136029411765,1.88235294118,4.35294117647,3.36363636364,2.84615384615,1.69341284359,0.389027274878,0.193958664547,2.09866904602,0.964253345467,0.518282988871,1.87867287326,0.863174022847,0.470588235294,0.786197569093,0.41766745858,2.25,1.88235294118,0.786197569093,2.25,0.166339869281,0.0612244897959,3,0.00441176470588,0.185952380952,17,17,17,1,0,0.352941176471,0.411764705882,0.235294117647,0,0,0,0,0,0,0,0,0,0,0,0,0,0,0,0,0,0,0,0,0,0,0,0,0,0,0,0,0,37,0,0,235,1,1,0,0,1,1,1,1,1,1,2,2,0,0,0,0
448,WLNM_dir_neg,1,0.5,00:00:12,10,10,50,1979945723,threshold_sweep,0.7,1,1,1,2,0,0,4,1,1,0,0,1,1,1,1,0.555555555556,1,1,1,37,35,2,0,37,0,35,0,2,17,37,0.136029411765,1.88235294118,4.35294117647,3.36363636364,2.84615384615,1.69341284359,0.389027274878,0.193958664547,2.09866904602,0.964253345467,0.518282988871,1.87867287326,0.863174022847,0.470588235294,0.786197569093,0.41766745858,2.25,1.88235294118,0.786197569093,2.25,0.166339869281,0.0612244897959,3,0.00441176470588,0.185952380952,17,17,17,1,0,0.352941176471,0.411764705882,0.235294117647,17,0.128676470588,1.90196078431,4.11764705882,3.18181818182,2.69230769231,1.57648156274,0.382859808093,0.201680672269,2.01465221053,0.978545359402,0.524369747899,1.74894926439,0.849489642704,0.463865546218,0.814492905316,0.428238537847,2.33333333333,1.90196078431,0.814492905316,2.33333333333,0,0,0,0,0.164242424242,17,17,17,1,0,0.352941176471,0.411764705882,0.235294117647,17,37,0.136029411765,1.88235294118,4.35294117647,3.36363636364,2.84615384615,1.69341284359,0.389027274878,0.193958664547,2.09866904602,0.964253345467,0.518282988871,1.87867287326,0.863174022847,0.470588235294,0.786197569093,0.41766745858,2.25,1.88235294118,0.786197569093,2.25,0.166339869281,0.0612244897959,3,0.00441176470588,0.185952380952,17,17,17,1,0,0.352941176471,0.411764705882,0.235294117647,0,0,0,0,0,0,0,0,0,0,0,0,0,0,0,0,0,0,0,0,0,0,0,0,0,0,0,0,0,37,0,0,235,1,1,0,0,1,1,1,1,1,1,2,2,0,0,0,0
449,WLNM_dir_neg,1,0.5,00:00:12,10,10,50,1979945723,threshold_sweep,0.8,1,1,1,2,0,0,4,1,1,0,0,1,1,1,1,0.555555555556,1,1,1,37,35,2,0,37,0,35,0,2,17,37,0.136029411765,1.88235294118,4.35294117647,3.36363636364,2.84615384615,1.69341284359,0.389027274878,0.193958664547,2.09866904602,0.964253345467,0.518282988871,1.87867287326,0.863174022847,0.470588235294,0.786197569093,0.41766745858,2.25,1.88235294118,0.786197569093,2.25,0.166339869281,0.0612244897959,3,0.00441176470588,0.185952380952,17,17,17,1,0,0.352941176471,0.411764705882,0.235294117647,17,0.128676470588,1.90196078431,4.11764705882,3.18181818182,2.69230769231,1.57648156274,0.382859808093,0.201680672269,2.01465221053,0.978545359402,0.524369747899,1.74894926439,0.849489642704,0.463865546218,0.814492905316,0.428238537847,2.33333333333,1.90196078431,0.814492905316,2.33333333333,0,0,0,0,0.164242424242,17,17,17,1,0,0.352941176471,0.411764705882,0.235294117647,17,37,0.136029411765,1.88235294118,4.35294117647,3.36363636364,2.84615384615,1.69341284359,0.389027274878,0.193958664547,2.09866904602,0.964253345467,0.518282988871,1.87867287326,0.863174022847,0.470588235294,0.786197569093,0.41766745858,2.25,1.88235294118,0.786197569093,2.25,0.166339869281,0.0612244897959,3,0.00441176470588,0.185952380952,17,17,17,1,0,0.352941176471,0.411764705882,0.235294117647,0,0,0,0,0,0,0,0,0,0,0,0,0,0,0,0,0,0,0,0,0,0,0,0,0,0,0,0,0,37,0,0,235,1,1,0,0,1,1,1,1,1,1,2,2,0,0,0,0
450,WLNM_dir_neg,1,0.5,00:00:12,10,10,50,1979945723,threshold_sweep,0.9,1,1,1,2,0,0,4,1,1,0,0,1,1,1,1,0.555555555556,1,1,1,37,35,2,0,37,0,35,0,2,17,37,0.136029411765,1.88235294118,4.35294117647,3.36363636364,2.84615384615,1.69341284359,0.389027274878,0.193958664547,2.09866904602,0.964253345467,0.518282988871,1.87867287326,0.863174022847,0.470588235294,0.786197569093,0.41766745858,2.25,1.88235294118,0.786197569093,2.25,0.166339869281,0.0612244897959,3,0.00441176470588,0.185952380952,17,17,17,1,0,0.352941176471,0.411764705882,0.235294117647,17,0.128676470588,1.90196078431,4.11764705882,3.18181818182,2.69230769231,1.57648156274,0.382859808093,0.201680672269,2.01465221053,0.978545359402,0.524369747899,1.74894926439,0.849489642704,0.463865546218,0.814492905316,0.428238537847,2.33333333333,1.90196078431,0.814492905316,2.33333333333,0,0,0,0,0.164242424242,17,17,17,1,0,0.352941176471,0.411764705882,0.235294117647,17,37,0.136029411765,1.88235294118,4.35294117647,3.36363636364,2.84615384615,1.69341284359,0.389027274878,0.193958664547,2.09866904602,0.964253345467,0.518282988871,1.87867287326,0.863174022847,0.470588235294,0.786197569093,0.41766745858,2.25,1.88235294118,0.786197569093,2.25,0.166339869281,0.0612244897959,3,0.00441176470588,0.185952380952,17,17,17,1,0,0.352941176471,0.411764705882,0.235294117647,0,0,0,0,0,0,0,0,0,0,0,0,0,0,0,0,0,0,0,0,0,0,0,0,0,0,0,0,0,37,0,0,235,1,1,0,0,1,1,1,1,1,1,2,2,0,0,0,0
451,WLNM_dir_neg,1,0.5,00:00:01,10,20,1,1980862974,threshold_sweep,0.1,1,1,1,2,0,0,4,1,1,0,0,1,1,1,1,0.555555555556,1,1,1,37,35,2,0,37,0,35,0,2,17,37,0.136029411765,1.88235294118,4.35294117647,3.36363636364,2.84615384615,1.69341284359,0.389027274878,0.193958664547,2.09866904602,0.964253345467,0.518282988871,1.87867287326,0.863174022847,0.470588235294,0.786197569093,0.41766745858,2.25,1.88235294118,0.786197569093,2.25,0.166339869281,0.0612244897959,3,0.00441176470588,0.185952380952,17,17,17,1,0,0.352941176471,0.411764705882,0.235294117647,17,0.128676470588,1.90196078431,4.11764705882,3.18181818182,2.69230769231,1.57648156274,0.382859808093,0.201680672269,2.01465221053,0.978545359402,0.524369747899,1.74894926439,0.849489642704,0.463865546218,0.814492905316,0.428238537847,2.33333333333,1.90196078431,0.814492905316,2.33333333333,0,0,0,0,0.164242424242,17,17,17,1,0,0.352941176471,0.411764705882,0.235294117647,17,37,0.136029411765,1.88235294118,4.35294117647,3.36363636364,2.84615384615,1.69341284359,0.389027274878,0.193958664547,2.09866904602,0.964253345467,0.518282988871,1.87867287326,0.863174022847,0.470588235294,0.786197569093,0.41766745858,2.25,1.88235294118,0.786197569093,2.25,0.166339869281,0.0612244897959,3,0.00441176470588,0.185952380952,17,17,17,1,0,0.352941176471,0.411764705882,0.235294117647,0,0,0,0,0,0,0,0,0,0,0,0,0,0,0,0,0,0,0,0,0,0,0,0,0,0,0,0,0,37,0,0,235,1,1,0,0,1,1,1,1,1,1,2,2,0,0,0,0
452,WLNM_dir_neg,1,0.5,00:00:01,10,20,1,1980862974,threshold_sweep,0.2,1,1,1,2,0,0,4,1,1,0,0,1,1,1,1,0.555555555556,1,1,1,37,35,2,0,37,0,35,0,2,17,37,0.136029411765,1.88235294118,4.35294117647,3.36363636364,2.84615384615,1.69341284359,0.389027274878,0.193958664547,2.09866904602,0.964253345467,0.518282988871,1.87867287326,0.863174022847,0.470588235294,0.786197569093,0.41766745858,2.25,1.88235294118,0.786197569093,2.25,0.166339869281,0.0612244897959,3,0.00441176470588,0.185952380952,17,17,17,1,0,0.352941176471,0.411764705882,0.235294117647,17,0.128676470588,1.90196078431,4.11764705882,3.18181818182,2.69230769231,1.57648156274,0.382859808093,0.201680672269,2.01465221053,0.978545359402,0.524369747899,1.74894926439,0.849489642704,0.463865546218,0.814492905316,0.428238537847,2.33333333333,1.90196078431,0.814492905316,2.33333333333,0,0,0,0,0.164242424242,17,17,17,1,0,0.352941176471,0.411764705882,0.235294117647,17,37,0.136029411765,1.88235294118,4.35294117647,3.36363636364,2.84615384615,1.69341284359,0.389027274878,0.193958664547,2.09866904602,0.964253345467,0.518282988871,1.87867287326,0.863174022847,0.470588235294,0.786197569093,0.41766745858,2.25,1.88235294118,0.786197569093,2.25,0.166339869281,0.0612244897959,3,0.00441176470588,0.185952380952,17,17,17,1,0,0.352941176471,0.411764705882,0.235294117647,0,0,0,0,0,0,0,0,0,0,0,0,0,0,0,0,0,0,0,0,0,0,0,0,0,0,0,0,0,37,0,0,235,1,1,0,0,1,1,1,1,1,1,2,2,0,0,0,0
453,WLNM_dir_neg,1,0.5,00:00:01,10,20,1,1980862974,threshold_sweep,0.3,1,1,1,2,0,0,4,1,1,0,0,1,1,1,1,0.555555555556,1,1,1,37,35,2,0,37,0,35,0,2,17,37,0.136029411765,1.88235294118,4.35294117647,3.36363636364,2.84615384615,1.69341284359,0.389027274878,0.193958664547,2.09866904602,0.964253345467,0.518282988871,1.87867287326,0.863174022847,0.470588235294,0.786197569093,0.41766745858,2.25,1.88235294118,0.786197569093,2.25,0.166339869281,0.0612244897959,3,0.00441176470588,0.185952380952,17,17,17,1,0,0.352941176471,0.411764705882,0.235294117647,17,0.128676470588,1.90196078431,4.11764705882,3.18181818182,2.69230769231,1.57648156274,0.382859808093,0.201680672269,2.01465221053,0.978545359402,0.524369747899,1.74894926439,0.849489642704,0.463865546218,0.814492905316,0.428238537847,2.33333333333,1.90196078431,0.814492905316,2.33333333333,0,0,0,0,0.164242424242,17,17,17,1,0,0.352941176471,0.411764705882,0.235294117647,17,37,0.136029411765,1.88235294118,4.35294117647,3.36363636364,2.84615384615,1.69341284359,0.389027274878,0.193958664547,2.09866904602,0.964253345467,0.518282988871,1.87867287326,0.863174022847,0.470588235294,0.786197569093,0.41766745858,2.25,1.88235294118,0.786197569093,2.25,0.166339869281,0.0612244897959,3,0.00441176470588,0.185952380952,17,17,17,1,0,0.352941176471,0.411764705882,0.235294117647,0,0,0,0,0,0,0,0,0,0,0,0,0,0,0,0,0,0,0,0,0,0,0,0,0,0,0,0,0,37,0,0,235,1,1,0,0,1,1,1,1,1,1,2,2,0,0,0,0
454,WLNM_dir_neg,1,0.5,00:00:01,10,20,1,1980862974,threshold_sweep,0.4,1,1,1,2,0,0,4,1,1,0,0,1,1,1,1,0.555555555556,1,1,1,37,35,2,0,37,0,35,0,2,17,37,0.136029411765,1.88235294118,4.35294117647,3.36363636364,2.84615384615,1.69341284359,0.389027274878,0.193958664547,2.09866904602,0.964253345467,0.518282988871,1.87867287326,0.863174022847,0.470588235294,0.786197569093,0.41766745858,2.25,1.88235294118,0.786197569093,2.25,0.166339869281,0.0612244897959,3,0.00441176470588,0.185952380952,17,17,17,1,0,0.352941176471,0.411764705882,0.235294117647,17,0.128676470588,1.90196078431,4.11764705882,3.18181818182,2.69230769231,1.57648156274,0.382859808093,0.201680672269,2.01465221053,0.978545359402,0.524369747899,1.74894926439,0.849489642704,0.463865546218,0.814492905316,0.428238537847,2.33333333333,1.90196078431,0.814492905316,2.33333333333,0,0,0,0,0.164242424242,17,17,17,1,0,0.352941176471,0.411764705882,0.235294117647,17,37,0.136029411765,1.88235294118,4.35294117647,3.36363636364,2.84615384615,1.69341284359,0.389027274878,0.193958664547,2.09866904602,0.964253345467,0.518282988871,1.87867287326,0.863174022847,0.470588235294,0.786197569093,0.41766745858,2.25,1.88235294118,0.786197569093,2.25,0.166339869281,0.0612244897959,3,0.00441176470588,0.185952380952,17,17,17,1,0,0.352941176471,0.411764705882,0.235294117647,0,0,0,0,0,0,0,0,0,0,0,0,0,0,0,0,0,0,0,0,0,0,0,0,0,0,0,0,0,37,0,0,235,1,1,0,0,1,1,1,1,1,1,2,2,0,0,0,0
455,WLNM_dir_neg,1,0.5,00:00:01,10,20,1,1980862974,threshold_sweep,0.5,1,1,1,2,0,0,4,1,1,0,0,1,1,1,1,0.555555555556,1,1,1,37,35,2,0,37,0,35,0,2,17,37,0.136029411765,1.88235294118,4.35294117647,3.36363636364,2.84615384615,1.69341284359,0.389027274878,0.193958664547,2.09866904602,0.964253345467,0.518282988871,1.87867287326,0.863174022847,0.470588235294,0.786197569093,0.41766745858,2.25,1.88235294118,0.786197569093,2.25,0.166339869281,0.0612244897959,3,0.00441176470588,0.185952380952,17,17,17,1,0,0.352941176471,0.411764705882,0.235294117647,17,0.128676470588,1.90196078431,4.11764705882,3.18181818182,2.69230769231,1.57648156274,0.382859808093,0.201680672269,2.01465221053,0.978545359402,0.524369747899,1.74894926439,0.849489642704,0.463865546218,0.814492905316,0.428238537847,2.33333333333,1.90196078431,0.814492905316,2.33333333333,0,0,0,0,0.164242424242,17,17,17,1,0,0.352941176471,0.411764705882,0.235294117647,17,37,0.136029411765,1.88235294118,4.35294117647,3.36363636364,2.84615384615,1.69341284359,0.389027274878,0.193958664547,2.09866904602,0.964253345467,0.518282988871,1.87867287326,0.863174022847,0.470588235294,0.786197569093,0.41766745858,2.25,1.88235294118,0.786197569093,2.25,0.166339869281,0.0612244897959,3,0.00441176470588,0.185952380952,17,17,17,1,0,0.352941176471,0.411764705882,0.235294117647,0,0,0,0,0,0,0,0,0,0,0,0,0,0,0,0,0,0,0,0,0,0,0,0,0,0,0,0,0,37,0,0,235,1,1,0,0,1,1,1,1,1,1,2,2,0,0,0,0
456,WLNM_dir_neg,1,0.5,00:00:01,10,20,1,1980862974,threshold_sweep,0.6,1,1,1,2,0,0,4,1,1,0,0,1,1,1,1,0.555555555556,1,1,1,37,35,2,0,37,0,35,0,2,17,37,0.136029411765,1.88235294118,4.35294117647,3.36363636364,2.84615384615,1.69341284359,0.389027274878,0.193958664547,2.09866904602,0.964253345467,0.518282988871,1.87867287326,0.863174022847,0.470588235294,0.786197569093,0.41766745858,2.25,1.88235294118,0.786197569093,2.25,0.166339869281,0.0612244897959,3,0.00441176470588,0.185952380952,17,17,17,1,0,0.352941176471,0.411764705882,0.235294117647,17,0.128676470588,1.90196078431,4.11764705882,3.18181818182,2.69230769231,1.57648156274,0.382859808093,0.201680672269,2.01465221053,0.978545359402,0.524369747899,1.74894926439,0.849489642704,0.463865546218,0.814492905316,0.428238537847,2.33333333333,1.90196078431,0.814492905316,2.33333333333,0,0,0,0,0.164242424242,17,17,17,1,0,0.352941176471,0.411764705882,0.235294117647,17,37,0.136029411765,1.88235294118,4.35294117647,3.36363636364,2.84615384615,1.69341284359,0.389027274878,0.193958664547,2.09866904602,0.964253345467,0.518282988871,1.87867287326,0.863174022847,0.470588235294,0.786197569093,0.41766745858,2.25,1.88235294118,0.786197569093,2.25,0.166339869281,0.0612244897959,3,0.00441176470588,0.185952380952,17,17,17,1,0,0.352941176471,0.411764705882,0.235294117647,0,0,0,0,0,0,0,0,0,0,0,0,0,0,0,0,0,0,0,0,0,0,0,0,0,0,0,0,0,37,0,0,235,1,1,0,0,1,1,1,1,1,1,2,2,0,0,0,0
457,WLNM_dir_neg,1,0.5,00:00:01,10,20,1,1980862974,threshold_sweep,0.7,1,1,1,2,0,0,4,1,1,0,0,1,1,1,1,0.555555555556,1,1,1,37,35,2,0,37,0,35,0,2,17,37,0.136029411765,1.88235294118,4.35294117647,3.36363636364,2.84615384615,1.69341284359,0.389027274878,0.193958664547,2.09866904602,0.964253345467,0.518282988871,1.87867287326,0.863174022847,0.470588235294,0.786197569093,0.41766745858,2.25,1.88235294118,0.786197569093,2.25,0.166339869281,0.0612244897959,3,0.00441176470588,0.185952380952,17,17,17,1,0,0.352941176471,0.411764705882,0.235294117647,17,0.128676470588,1.90196078431,4.11764705882,3.18181818182,2.69230769231,1.57648156274,0.382859808093,0.201680672269,2.01465221053,0.978545359402,0.524369747899,1.74894926439,0.849489642704,0.463865546218,0.814492905316,0.428238537847,2.33333333333,1.90196078431,0.814492905316,2.33333333333,0,0,0,0,0.164242424242,17,17,17,1,0,0.352941176471,0.411764705882,0.235294117647,17,37,0.136029411765,1.88235294118,4.35294117647,3.36363636364,2.84615384615,1.69341284359,0.389027274878,0.193958664547,2.09866904602,0.964253345467,0.518282988871,1.87867287326,0.863174022847,0.470588235294,0.786197569093,0.41766745858,2.25,1.88235294118,0.786197569093,2.25,0.166339869281,0.0612244897959,3,0.00441176470588,0.185952380952,17,17,17,1,0,0.352941176471,0.411764705882,0.235294117647,0,0,0,0,0,0,0,0,0,0,0,0,0,0,0,0,0,0,0,0,0,0,0,0,0,0,0,0,0,37,0,0,235,1,1,0,0,1,1,1,1,1,1,2,2,0,0,0,0
458,WLNM_dir_neg,1,0.5,00:00:01,10,20,1,1980862974,threshold_sweep,0.8,1,1,1,2,0,0,4,1,1,0,0,1,1,1,1,0.555555555556,1,1,1,37,35,2,0,37,0,35,0,2,17,37,0.136029411765,1.88235294118,4.35294117647,3.36363636364,2.84615384615,1.69341284359,0.389027274878,0.193958664547,2.09866904602,0.964253345467,0.518282988871,1.87867287326,0.863174022847,0.470588235294,0.786197569093,0.41766745858,2.25,1.88235294118,0.786197569093,2.25,0.166339869281,0.0612244897959,3,0.00441176470588,0.185952380952,17,17,17,1,0,0.352941176471,0.411764705882,0.235294117647,17,0.128676470588,1.90196078431,4.11764705882,3.18181818182,2.69230769231,1.57648156274,0.382859808093,0.201680672269,2.01465221053,0.978545359402,0.524369747899,1.74894926439,0.849489642704,0.463865546218,0.814492905316,0.428238537847,2.33333333333,1.90196078431,0.814492905316,2.33333333333,0,0,0,0,0.164242424242,17,17,17,1,0,0.352941176471,0.411764705882,0.235294117647,17,37,0.136029411765,1.88235294118,4.35294117647,3.36363636364,2.84615384615,1.69341284359,0.389027274878,0.193958664547,2.09866904602,0.964253345467,0.518282988871,1.87867287326,0.863174022847,0.470588235294,0.786197569093,0.41766745858,2.25,1.88235294118,0.786197569093,2.25,0.166339869281,0.0612244897959,3,0.00441176470588,0.185952380952,17,17,17,1,0,0.352941176471,0.411764705882,0.235294117647,0,0,0,0,0,0,0,0,0,0,0,0,0,0,0,0,0,0,0,0,0,0,0,0,0,0,0,0,0,37,0,0,235,1,1,0,0,1,1,1,1,1,1,2,2,0,0,0,0
459,WLNM_dir_neg,1,0.5,00:00:01,10,20,1,1980862974,threshold_sweep,0.9,1,1,1,2,0,0,4,1,1,0,0,1,1,1,1,0.555555555556,1,1,1,37,35,2,0,37,0,35,0,2,17,37,0.136029411765,1.88235294118,4.35294117647,3.36363636364,2.84615384615,1.69341284359,0.389027274878,0.193958664547,2.09866904602,0.964253345467,0.518282988871,1.87867287326,0.863174022847,0.470588235294,0.786197569093,0.41766745858,2.25,1.88235294118,0.786197569093,2.25,0.166339869281,0.0612244897959,3,0.00441176470588,0.185952380952,17,17,17,1,0,0.352941176471,0.411764705882,0.235294117647,17,0.128676470588,1.90196078431,4.11764705882,3.18181818182,2.69230769231,1.57648156274,0.382859808093,0.201680672269,2.01465221053,0.978545359402,0.524369747899,1.74894926439,0.849489642704,0.463865546218,0.814492905316,0.428238537847,2.33333333333,1.90196078431,0.814492905316,2.33333333333,0,0,0,0,0.164242424242,17,17,17,1,0,0.352941176471,0.411764705882,0.235294117647,17,37,0.136029411765,1.88235294118,4.35294117647,3.36363636364,2.84615384615,1.69341284359,0.389027274878,0.193958664547,2.09866904602,0.964253345467,0.518282988871,1.87867287326,0.863174022847,0.470588235294,0.786197569093,0.41766745858,2.25,1.88235294118,0.786197569093,2.25,0.166339869281,0.0612244897959,3,0.00441176470588,0.185952380952,17,17,17,1,0,0.352941176471,0.411764705882,0.235294117647,0,0,0,0,0,0,0,0,0,0,0,0,0,0,0,0,0,0,0,0,0,0,0,0,0,0,0,0,0,37,0,0,235,1,1,0,0,1,1,1,1,1,1,2,2,0,0,0,0
460,WLNM_dir_neg,1,0.5,00:00:02,10,20,2,1980862975,threshold_sweep,0.1,1,1,1,2,0,0,4,1,1,0,0,1,1,1,1,0.555555555556,1,1,1,37,35,2,0,37,0,35,0,2,17,37,0.136029411765,1.88235294118,4.35294117647,3.36363636364,2.84615384615,1.69341284359,0.389027274878,0.193958664547,2.09866904602,0.964253345467,0.518282988871,1.87867287326,0.863174022847,0.470588235294,0.786197569093,0.41766745858,2.25,1.88235294118,0.786197569093,2.25,0.166339869281,0.0612244897959,3,0.00441176470588,0.185952380952,17,17,17,1,0,0.352941176471,0.411764705882,0.235294117647,17,0.128676470588,1.90196078431,4.11764705882,3.18181818182,2.69230769231,1.57648156274,0.382859808093,0.201680672269,2.01465221053,0.978545359402,0.524369747899,1.74894926439,0.849489642704,0.463865546218,0.814492905316,0.428238537847,2.33333333333,1.90196078431,0.814492905316,2.33333333333,0,0,0,0,0.164242424242,17,17,17,1,0,0.352941176471,0.411764705882,0.235294117647,17,37,0.136029411765,1.88235294118,4.35294117647,3.36363636364,2.84615384615,1.69341284359,0.389027274878,0.193958664547,2.09866904602,0.964253345467,0.518282988871,1.87867287326,0.863174022847,0.470588235294,0.786197569093,0.41766745858,2.25,1.88235294118,0.786197569093,2.25,0.166339869281,0.0612244897959,3,0.00441176470588,0.185952380952,17,17,17,1,0,0.352941176471,0.411764705882,0.235294117647,0,0,0,0,0,0,0,0,0,0,0,0,0,0,0,0,0,0,0,0,0,0,0,0,0,0,0,0,0,37,0,0,235,1,1,0,0,1,1,1,1,1,1,2,2,0,0,0,0
461,WLNM_dir_neg,1,0.5,00:00:02,10,20,2,1980862975,threshold_sweep,0.2,1,1,1,2,0,0,4,1,1,0,0,1,1,1,1,0.555555555556,1,1,1,37,35,2,0,37,0,35,0,2,17,37,0.136029411765,1.88235294118,4.35294117647,3.36363636364,2.84615384615,1.69341284359,0.389027274878,0.193958664547,2.09866904602,0.964253345467,0.518282988871,1.87867287326,0.863174022847,0.470588235294,0.786197569093,0.41766745858,2.25,1.88235294118,0.786197569093,2.25,0.166339869281,0.0612244897959,3,0.00441176470588,0.185952380952,17,17,17,1,0,0.352941176471,0.411764705882,0.235294117647,17,0.128676470588,1.90196078431,4.11764705882,3.18181818182,2.69230769231,1.57648156274,0.382859808093,0.201680672269,2.01465221053,0.978545359402,0.524369747899,1.74894926439,0.849489642704,0.463865546218,0.814492905316,0.428238537847,2.33333333333,1.90196078431,0.814492905316,2.33333333333,0,0,0,0,0.164242424242,17,17,17,1,0,0.352941176471,0.411764705882,0.235294117647,17,37,0.136029411765,1.88235294118,4.35294117647,3.36363636364,2.84615384615,1.69341284359,0.389027274878,0.193958664547,2.09866904602,0.964253345467,0.518282988871,1.87867287326,0.863174022847,0.470588235294,0.786197569093,0.41766745858,2.25,1.88235294118,0.786197569093,2.25,0.166339869281,0.0612244897959,3,0.00441176470588,0.185952380952,17,17,17,1,0,0.352941176471,0.411764705882,0.235294117647,0,0,0,0,0,0,0,0,0,0,0,0,0,0,0,0,0,0,0,0,0,0,0,0,0,0,0,0,0,37,0,0,235,1,1,0,0,1,1,1,1,1,1,2,2,0,0,0,0
462,WLNM_dir_neg,1,0.5,00:00:02,10,20,2,1980862975,threshold_sweep,0.3,1,1,1,2,0,0,4,1,1,0,0,1,1,1,1,0.555555555556,1,1,1,37,35,2,0,37,0,35,0,2,17,37,0.136029411765,1.88235294118,4.35294117647,3.36363636364,2.84615384615,1.69341284359,0.389027274878,0.193958664547,2.09866904602,0.964253345467,0.518282988871,1.87867287326,0.863174022847,0.470588235294,0.786197569093,0.41766745858,2.25,1.88235294118,0.786197569093,2.25,0.166339869281,0.0612244897959,3,0.00441176470588,0.185952380952,17,17,17,1,0,0.352941176471,0.411764705882,0.235294117647,17,0.128676470588,1.90196078431,4.11764705882,3.18181818182,2.69230769231,1.57648156274,0.382859808093,0.201680672269,2.01465221053,0.978545359402,0.524369747899,1.74894926439,0.849489642704,0.463865546218,0.814492905316,0.428238537847,2.33333333333,1.90196078431,0.814492905316,2.33333333333,0,0,0,0,0.164242424242,17,17,17,1,0,0.352941176471,0.411764705882,0.235294117647,17,37,0.136029411765,1.88235294118,4.35294117647,3.36363636364,2.84615384615,1.69341284359,0.389027274878,0.193958664547,2.09866904602,0.964253345467,0.518282988871,1.87867287326,0.863174022847,0.470588235294,0.786197569093,0.41766745858,2.25,1.88235294118,0.786197569093,2.25,0.166339869281,0.0612244897959,3,0.00441176470588,0.185952380952,17,17,17,1,0,0.352941176471,0.411764705882,0.235294117647,0,0,0,0,0,0,0,0,0,0,0,0,0,0,0,0,0,0,0,0,0,0,0,0,0,0,0,0,0,37,0,0,235,1,1,0,0,1,1,1,1,1,1,2,2,0,0,0,0
463,WLNM_dir_neg,1,0.5,00:00:02,10,20,2,1980862975,threshold_sweep,0.4,1,1,1,2,0,0,4,1,1,0,0,1,1,1,1,0.555555555556,1,1,1,37,35,2,0,37,0,35,0,2,17,37,0.136029411765,1.88235294118,4.35294117647,3.36363636364,2.84615384615,1.69341284359,0.389027274878,0.193958664547,2.09866904602,0.964253345467,0.518282988871,1.87867287326,0.863174022847,0.470588235294,0.786197569093,0.41766745858,2.25,1.88235294118,0.786197569093,2.25,0.166339869281,0.0612244897959,3,0.00441176470588,0.185952380952,17,17,17,1,0,0.352941176471,0.411764705882,0.235294117647,17,0.128676470588,1.90196078431,4.11764705882,3.18181818182,2.69230769231,1.57648156274,0.382859808093,0.201680672269,2.01465221053,0.978545359402,0.524369747899,1.74894926439,0.849489642704,0.463865546218,0.814492905316,0.428238537847,2.33333333333,1.90196078431,0.814492905316,2.33333333333,0,0,0,0,0.164242424242,17,17,17,1,0,0.352941176471,0.411764705882,0.235294117647,17,37,0.136029411765,1.88235294118,4.35294117647,3.36363636364,2.84615384615,1.69341284359,0.389027274878,0.193958664547,2.09866904602,0.964253345467,0.518282988871,1.87867287326,0.863174022847,0.470588235294,0.786197569093,0.41766745858,2.25,1.88235294118,0.786197569093,2.25,0.166339869281,0.0612244897959,3,0.00441176470588,0.185952380952,17,17,17,1,0,0.352941176471,0.411764705882,0.235294117647,0,0,0,0,0,0,0,0,0,0,0,0,0,0,0,0,0,0,0,0,0,0,0,0,0,0,0,0,0,37,0,0,235,1,1,0,0,1,1,1,1,1,1,2,2,0,0,0,0
464,WLNM_dir_neg,1,0.5,00:00:02,10,20,2,1980862975,threshold_sweep,0.5,1,1,1,2,0,0,4,1,1,0,0,1,1,1,1,0.555555555556,1,1,1,37,35,2,0,37,0,35,0,2,17,37,0.136029411765,1.88235294118,4.35294117647,3.36363636364,2.84615384615,1.69341284359,0.389027274878,0.193958664547,2.09866904602,0.964253345467,0.518282988871,1.87867287326,0.863174022847,0.470588235294,0.786197569093,0.41766745858,2.25,1.88235294118,0.786197569093,2.25,0.166339869281,0.0612244897959,3,0.00441176470588,0.185952380952,17,17,17,1,0,0.352941176471,0.411764705882,0.235294117647,17,0.128676470588,1.90196078431,4.11764705882,3.18181818182,2.69230769231,1.57648156274,0.382859808093,0.201680672269,2.01465221053,0.978545359402,0.524369747899,1.74894926439,0.849489642704,0.463865546218,0.814492905316,0.428238537847,2.33333333333,1.90196078431,0.814492905316,2.33333333333,0,0,0,0,0.164242424242,17,17,17,1,0,0.352941176471,0.411764705882,0.235294117647,17,37,0.136029411765,1.88235294118,4.35294117647,3.36363636364,2.84615384615,1.69341284359,0.389027274878,0.193958664547,2.09866904602,0.964253345467,0.518282988871,1.87867287326,0.863174022847,0.470588235294,0.786197569093,0.41766745858,2.25,1.88235294118,0.786197569093,2.25,0.166339869281,0.0612244897959,3,0.00441176470588,0.185952380952,17,17,17,1,0,0.352941176471,0.411764705882,0.235294117647,0,0,0,0,0,0,0,0,0,0,0,0,0,0,0,0,0,0,0,0,0,0,0,0,0,0,0,0,0,37,0,0,235,1,1,0,0,1,1,1,1,1,1,2,2,0,0,0,0
465,WLNM_dir_neg,1,0.5,00:00:02,10,20,2,1980862975,threshold_sweep,0.6,1,1,1,2,0,0,4,1,1,0,0,1,1,1,1,0.555555555556,1,1,1,37,35,2,0,37,0,35,0,2,17,37,0.136029411765,1.88235294118,4.35294117647,3.36363636364,2.84615384615,1.69341284359,0.389027274878,0.193958664547,2.09866904602,0.964253345467,0.518282988871,1.87867287326,0.863174022847,0.470588235294,0.786197569093,0.41766745858,2.25,1.88235294118,0.786197569093,2.25,0.166339869281,0.0612244897959,3,0.00441176470588,0.185952380952,17,17,17,1,0,0.352941176471,0.411764705882,0.235294117647,17,0.128676470588,1.90196078431,4.11764705882,3.18181818182,2.69230769231,1.57648156274,0.382859808093,0.201680672269,2.01465221053,0.978545359402,0.524369747899,1.74894926439,0.849489642704,0.463865546218,0.814492905316,0.428238537847,2.33333333333,1.90196078431,0.814492905316,2.33333333333,0,0,0,0,0.164242424242,17,17,17,1,0,0.352941176471,0.411764705882,0.235294117647,17,37,0.136029411765,1.88235294118,4.35294117647,3.36363636364,2.84615384615,1.69341284359,0.389027274878,0.193958664547,2.09866904602,0.964253345467,0.518282988871,1.87867287326,0.863174022847,0.470588235294,0.786197569093,0.41766745858,2.25,1.88235294118,0.786197569093,2.25,0.166339869281,0.0612244897959,3,0.00441176470588,0.185952380952,17,17,17,1,0,0.352941176471,0.411764705882,0.235294117647,0,0,0,0,0,0,0,0,0,0,0,0,0,0,0,0,0,0,0,0,0,0,0,0,0,0,0,0,0,37,0,0,235,1,1,0,0,1,1,1,1,1,1,2,2,0,0,0,0
466,WLNM_dir_neg,1,0.5,00:00:02,10,20,2,1980862975,threshold_sweep,0.7,1,1,1,2,0,0,4,1,1,0,0,1,1,1,1,0.555555555556,1,1,1,37,35,2,0,37,0,35,0,2,17,37,0.136029411765,1.88235294118,4.35294117647,3.36363636364,2.84615384615,1.69341284359,0.389027274878,0.193958664547,2.09866904602,0.964253345467,0.518282988871,1.87867287326,0.863174022847,0.470588235294,0.786197569093,0.41766745858,2.25,1.88235294118,0.786197569093,2.25,0.166339869281,0.0612244897959,3,0.00441176470588,0.185952380952,17,17,17,1,0,0.352941176471,0.411764705882,0.235294117647,17,0.128676470588,1.90196078431,4.11764705882,3.18181818182,2.69230769231,1.57648156274,0.382859808093,0.201680672269,2.01465221053,0.978545359402,0.524369747899,1.74894926439,0.849489642704,0.463865546218,0.814492905316,0.428238537847,2.33333333333,1.90196078431,0.814492905316,2.33333333333,0,0,0,0,0.164242424242,17,17,17,1,0,0.352941176471,0.411764705882,0.235294117647,17,37,0.136029411765,1.88235294118,4.35294117647,3.36363636364,2.84615384615,1.69341284359,0.389027274878,0.193958664547,2.09866904602,0.964253345467,0.518282988871,1.87867287326,0.863174022847,0.470588235294,0.786197569093,0.41766745858,2.25,1.88235294118,0.786197569093,2.25,0.166339869281,0.0612244897959,3,0.00441176470588,0.185952380952,17,17,17,1,0,0.352941176471,0.411764705882,0.235294117647,0,0,0,0,0,0,0,0,0,0,0,0,0,0,0,0,0,0,0,0,0,0,0,0,0,0,0,0,0,37,0,0,235,1,1,0,0,1,1,1,1,1,1,2,2,0,0,0,0
467,WLNM_dir_neg,1,0.5,00:00:02,10,20,2,1980862975,threshold_sweep,0.8,1,1,1,2,0,0,4,1,1,0,0,1,1,1,1,0.555555555556,1,1,1,37,35,2,0,37,0,35,0,2,17,37,0.136029411765,1.88235294118,4.35294117647,3.36363636364,2.84615384615,1.69341284359,0.389027274878,0.193958664547,2.09866904602,0.964253345467,0.518282988871,1.87867287326,0.863174022847,0.470588235294,0.786197569093,0.41766745858,2.25,1.88235294118,0.786197569093,2.25,0.166339869281,0.0612244897959,3,0.00441176470588,0.185952380952,17,17,17,1,0,0.352941176471,0.411764705882,0.235294117647,17,0.128676470588,1.90196078431,4.11764705882,3.18181818182,2.69230769231,1.57648156274,0.382859808093,0.201680672269,2.01465221053,0.978545359402,0.524369747899,1.74894926439,0.849489642704,0.463865546218,0.814492905316,0.428238537847,2.33333333333,1.90196078431,0.814492905316,2.33333333333,0,0,0,0,0.164242424242,17,17,17,1,0,0.352941176471,0.411764705882,0.235294117647,17,37,0.136029411765,1.88235294118,4.35294117647,3.36363636364,2.84615384615,1.69341284359,0.389027274878,0.193958664547,2.09866904602,0.964253345467,0.518282988871,1.87867287326,0.863174022847,0.470588235294,0.786197569093,0.41766745858,2.25,1.88235294118,0.786197569093,2.25,0.166339869281,0.0612244897959,3,0.00441176470588,0.185952380952,17,17,17,1,0,0.352941176471,0.411764705882,0.235294117647,0,0,0,0,0,0,0,0,0,0,0,0,0,0,0,0,0,0,0,0,0,0,0,0,0,0,0,0,0,37,0,0,235,1,1,0,0,1,1,1,1,1,1,2,2,0,0,0,0
468,WLNM_dir_neg,1,0.5,00:00:02,10,20,2,1980862975,threshold_sweep,0.9,1,1,1,2,0,0,4,1,1,0,0,1,1,1,1,0.555555555556,1,1,1,37,35,2,0,37,0,35,0,2,17,37,0.136029411765,1.88235294118,4.35294117647,3.36363636364,2.84615384615,1.69341284359,0.389027274878,0.193958664547,2.09866904602,0.964253345467,0.518282988871,1.87867287326,0.863174022847,0.470588235294,0.786197569093,0.41766745858,2.25,1.88235294118,0.786197569093,2.25,0.166339869281,0.0612244897959,3,0.00441176470588,0.185952380952,17,17,17,1,0,0.352941176471,0.411764705882,0.235294117647,17,0.128676470588,1.90196078431,4.11764705882,3.18181818182,2.69230769231,1.57648156274,0.382859808093,0.201680672269,2.01465221053,0.978545359402,0.524369747899,1.74894926439,0.849489642704,0.463865546218,0.814492905316,0.428238537847,2.33333333333,1.90196078431,0.814492905316,2.33333333333,0,0,0,0,0.164242424242,17,17,17,1,0,0.352941176471,0.411764705882,0.235294117647,17,37,0.136029411765,1.88235294118,4.35294117647,3.36363636364,2.84615384615,1.69341284359,0.389027274878,0.193958664547,2.09866904602,0.964253345467,0.518282988871,1.87867287326,0.863174022847,0.470588235294,0.786197569093,0.41766745858,2.25,1.88235294118,0.786197569093,2.25,0.166339869281,0.0612244897959,3,0.00441176470588,0.185952380952,17,17,17,1,0,0.352941176471,0.411764705882,0.235294117647,0,0,0,0,0,0,0,0,0,0,0,0,0,0,0,0,0,0,0,0,0,0,0,0,0,0,0,0,0,37,0,0,235,1,1,0,0,1,1,1,1,1,1,2,2,0,0,0,0
469,WLNM_dir_neg,1,0.5,00:00:01,10,20,3,1980862976,threshold_sweep,0.1,0.666666666667,1,0.8,2,1,0,3,1,0.75,0.25,0,0.666666666667,1,0.8,0.833333333333,0.5,0.666666666667,0.707106781187,0.75,37,35,2,0,37,0,35,0,2,17,37,0.136029411765,1.88235294118,4.35294117647,3.36363636364,2.84615384615,1.69341284359,0.389027274878,0.193958664547,2.09866904602,0.964253345467,0.518282988871,1.87867287326,0.863174022847,0.470588235294,0.786197569093,0.41766745858,2.25,1.88235294118,0.786197569093,2.25,0.166339869281,0.0612244897959,3,0.00441176470588,0.185952380952,17,17,17,1,0,0.352941176471,0.411764705882,0.235294117647,17,0.128676470588,1.90196078431,4.11764705882,3.18181818182,2.69230769231,1.57648156274,0.382859808093,0.201680672269,2.01465221053,0.978545359402,0.524369747899,1.74894926439,0.849489642704,0.463865546218,0.814492905316,0.428238537847,2.33333333333,1.90196078431,0.814492905316,2.33333333333,0,0,0,0,0.164242424242,17,17,17,1,0,0.352941176471,0.411764705882,0.235294117647,17,38,0.139705882353,1.87941176471,4.47058823529,3.45454545455,2.71428571429,1.73629084037,0.388380845872,0.198142414861,2.16591238756,0.968960804961,0.517027863777,1.82103719638,0.814674535221,0.442724458204,0.780836655359,0.415468642914,2.2,1.87941176471,0.780836655359,2.2,0.162418300654,0.0576923076923,3,0.00441176470588,0.182878787879,17,17,17,1,0,0.352941176471,0.470588235294,0.176470588235,1,0.00367647058824,-0.00294117647059,0.117647058824,0.0909090909091,-0.131868131868,0.0428779967836,-0.000646429005719,0.00418375031378,0.0672433415445,0.00470745949447,-0.00125512509413,-0.0576356768785,-0.0484994876259,-0.0278637770898,-0.00536091373311,-0.00219881566616,-0.05,-0.00294117647059,-0.00536091373311,-0.05,-0.00392156862745,-0.00353218210361,0,0,-0.00307359307359,0,0.0588235294118,-0.0588235294118,37,1,0,234,1,0.995744680851,0.00425531914894,0,0.973684210526,1,0.986666666667,0.984652666406,0.995744680851,0.973684210526,3,2,0,0,0,0
470,WLNM_dir_neg,1,0.5,00:00:01,10,20,3,1980862976,threshold_sweep,0.2,0.666666666667,1,0.8,2,1,0,3,1,0.75,0.25,0,0.666666666667,1,0.8,0.833333333333,0.5,0.666666666667,0.707106781187,0.75,37,35,2,0,37,0,35,0,2,17,37,0.136029411765,1.88235294118,4.35294117647,3.36363636364,2.84615384615,1.69341284359,0.389027274878,0.193958664547,2.09866904602,0.964253345467,0.518282988871,1.87867287326,0.863174022847,0.470588235294,0.786197569093,0.41766745858,2.25,1.88235294118,0.786197569093,2.25,0.166339869281,0.0612244897959,3,0.00441176470588,0.185952380952,17,17,17,1,0,0.352941176471,0.411764705882,0.235294117647,17,0.128676470588,1.90196078431,4.11764705882,3.18181818182,2.69230769231,1.57648156274,0.382859808093,0.201680672269,2.01465221053,0.978545359402,0.524369747899,1.74894926439,0.849489642704,0.463865546218,0.814492905316,0.428238537847,2.33333333333,1.90196078431,0.814492905316,2.33333333333,0,0,0,0,0.164242424242,17,17,17,1,0,0.352941176471,0.411764705882,0.235294117647,17,38,0.139705882353,1.87941176471,4.47058823529,3.45454545455,2.71428571429,1.73629084037,0.388380845872,0.198142414861,2.16591238756,0.968960804961,0.517027863777,1.82103719638,0.814674535221,0.442724458204,0.780836655359,0.415468642914,2.2,1.87941176471,0.780836655359,2.2,0.162418300654,0.0576923076923,3,0.00441176470588,0.182878787879,17,17,17,1,0,0.352941176471,0.470588235294,0.176470588235,1,0.00367647058824,-0.00294117647059,0.117647058824,0.0909090909091,-0.131868131868,0.0428779967836,-0.000646429005719,0.00418375031378,0.0672433415445,0.00470745949447,-0.00125512509413,-0.0576356768785,-0.0484994876259,-0.0278637770898,-0.00536091373311,-0.00219881566616,-0.05,-0.00294117647059,-0.00536091373311,-0.05,-0.00392156862745,-0.00353218210361,0,0,-0.00307359307359,0,0.0588235294118,-0.0588235294118,37,1,0,234,1,0.995744680851,0.00425531914894,0,0.973684210526,1,0.986666666667,0.984652666406,0.995744680851,0.973684210526,3,2,0,0,0,0
471,WLNM_dir_neg,1,0.5,00:00:01,10,20,3,1980862976,threshold_sweep,0.3,1,1,1,2,0,0,4,1,1,0,0,1,1,1,1,0.555555555556,1,1,1,37,35,2,0,37,0,35,0,2,17,37,0.136029411765,1.88235294118,4.35294117647,3.36363636364,2.84615384615,1.69341284359,0.389027274878,0.193958664547,2.09866904602,0.964253345467,0.518282988871,1.87867287326,0.863174022847,0.470588235294,0.786197569093,0.41766745858,2.25,1.88235294118,0.786197569093,2.25,0.166339869281,0.0612244897959,3,0.00441176470588,0.185952380952,17,17,17,1,0,0.352941176471,0.411764705882,0.235294117647,17,0.128676470588,1.90196078431,4.11764705882,3.18181818182,2.69230769231,1.57648156274,0.382859808093,0.201680672269,2.01465221053,0.978545359402,0.524369747899,1.74894926439,0.849489642704,0.463865546218,0.814492905316,0.428238537847,2.33333333333,1.90196078431,0.814492905316,2.33333333333,0,0,0,0,0.164242424242,17,17,17,1,0,0.352941176471,0.411764705882,0.235294117647,17,37,0.136029411765,1.88235294118,4.35294117647,3.36363636364,2.84615384615,1.69341284359,0.389027274878,0.193958664547,2.09866904602,0.964253345467,0.518282988871,1.87867287326,0.863174022847,0.470588235294,0.786197569093,0.41766745858,2.25,1.88235294118,0.786197569093,2.25,0.166339869281,0.0612244897959,3,0.00441176470588,0.185952380952,17,17,17,1,0,0.352941176471,0.411764705882,0.235294117647,0,0,0,0,0,0,0,0,0,0,0,0,0,0,0,0,0,0,0,0,0,0,0,0,0,0,0,0,0,37,0,0,235,1,1,0,0,1,1,1,1,1,1,2,2,0,0,0,0
472,WLNM_dir_neg,1,0.5,00:00:01,10,20,3,1980862976,threshold_sweep,0.4,1,1,1,2,0,0,4,1,1,0,0,1,1,1,1,0.555555555556,1,1,1,37,35,2,0,37,0,35,0,2,17,37,0.136029411765,1.88235294118,4.35294117647,3.36363636364,2.84615384615,1.69341284359,0.389027274878,0.193958664547,2.09866904602,0.964253345467,0.518282988871,1.87867287326,0.863174022847,0.470588235294,0.786197569093,0.41766745858,2.25,1.88235294118,0.786197569093,2.25,0.166339869281,0.0612244897959,3,0.00441176470588,0.185952380952,17,17,17,1,0,0.352941176471,0.411764705882,0.235294117647,17,0.128676470588,1.90196078431,4.11764705882,3.18181818182,2.69230769231,1.57648156274,0.382859808093,0.201680672269,2.01465221053,0.978545359402,0.524369747899,1.74894926439,0.849489642704,0.463865546218,0.814492905316,0.428238537847,2.33333333333,1.90196078431,0.814492905316,2.33333333333,0,0,0,0,0.164242424242,17,17,17,1,0,0.352941176471,0.411764705882,0.235294117647,17,37,0.136029411765,1.88235294118,4.35294117647,3.36363636364,2.84615384615,1.69341284359,0.389027274878,0.193958664547,2.09866904602,0.964253345467,0.518282988871,1.87867287326,0.863174022847,0.470588235294,0.786197569093,0.41766745858,2.25,1.88235294118,0.786197569093,2.25,0.166339869281,0.0612244897959,3,0.00441176470588,0.185952380952,17,17,17,1,0,0.352941176471,0.411764705882,0.235294117647,0,0,0,0,0,0,0,0,0,0,0,0,0,0,0,0,0,0,0,0,0,0,0,0,0,0,0,0,0,37,0,0,235,1,1,0,0,1,1,1,1,1,1,2,2,0,0,0,0
473,WLNM_dir_neg,1,0.5,00:00:01,10,20,3,1980862976,threshold_sweep,0.5,1,0.5,0.666666666667,1,0,1,4,0.5,1,0,0.5,1,0.5,0.666666666667,0.833333333333,0.611111111111,0.571428571429,0.632455532034,0.5,37,35,2,0,37,0,35,0,2,17,37,0.136029411765,1.88235294118,4.35294117647,3.36363636364,2.84615384615,1.69341284359,0.389027274878,0.193958664547,2.09866904602,0.964253345467,0.518282988871,1.87867287326,0.863174022847,0.470588235294,0.786197569093,0.41766745858,2.25,1.88235294118,0.786197569093,2.25,0.166339869281,0.0612244897959,3,0.00441176470588,0.185952380952,17,17,17,1,0,0.352941176471,0.411764705882,0.235294117647,17,0.128676470588,1.90196078431,4.11764705882,3.18181818182,2.69230769231,1.57648156274,0.382859808093,0.201680672269,2.01465221053,0.978545359402,0.524369747899,1.74894926439,0.849489642704,0.463865546218,0.814492905316,0.428238537847,2.33333333333,1.90196078431,0.814492905316,2.33333333333,0,0,0,0,0.164242424242,17,17,17,1,0,0.352941176471,0.411764705882,0.235294117647,17,36,0.132352941176,1.89705882353,4.23529411765,3.27272727273,2.76923076923,1.71498585143,0.40492721492,0.204248366013,2.05798302171,0.971825315808,0.522875816993,1.79869233546,0.849382491746,0.464052287582,0.805541469338,0.424626510969,2.25,1.89705882353,0.805541469338,2.25,0.0702614379085,0.0214285714286,1,0.00147058823529,0.175454545455,17,17,17,1,0,0.352941176471,0.411764705882,0.235294117647,-1,-0.00367647058824,0.0147058823529,-0.117647058824,-0.0909090909091,-0.0769230769231,0.0215730078386,0.0158999400418,0.0102897014662,-0.0406860243059,0.00757197034072,0.00459282812224,-0.0799805377942,-0.0137915311015,-0.00653594771242,0.0193439002456,0.00695905238854,0,0.0147058823529,0.0193439002456,0,-0.0960784313725,-0.0397959183673,-2,-0.00294117647059,-0.0104978354978,0,0,0,36,0,1,235,0.972972972973,1,0,0.027027027027,1,0.972972972973,0.986301369863,0.984301887704,0.972972972973,0.972972972973,1,2,0,0,0,0
474,WLNM_dir_neg,1,0.5,00:00:01,10,20,3,1980862976,threshold_sweep,0.6,1,0.5,0.666666666667,1,0,1,4,0.5,1,0,0.5,1,0.5,0.666666666667,0.833333333333,0.611111111111,0.571428571429,0.632455532034,0.5,37,35,2,0,37,0,35,0,2,17,37,0.136029411765,1.88235294118,4.35294117647,3.36363636364,2.84615384615,1.69341284359,0.389027274878,0.193958664547,2.09866904602,0.964253345467,0.518282988871,1.87867287326,0.863174022847,0.470588235294,0.786197569093,0.41766745858,2.25,1.88235294118,0.786197569093,2.25,0.166339869281,0.0612244897959,3,0.00441176470588,0.185952380952,17,17,17,1,0,0.352941176471,0.411764705882,0.235294117647,17,0.128676470588,1.90196078431,4.11764705882,3.18181818182,2.69230769231,1.57648156274,0.382859808093,0.201680672269,2.01465221053,0.978545359402,0.524369747899,1.74894926439,0.849489642704,0.463865546218,0.814492905316,0.428238537847,2.33333333333,1.90196078431,0.814492905316,2.33333333333,0,0,0,0,0.164242424242,17,17,17,1,0,0.352941176471,0.411764705882,0.235294117647,17,36,0.132352941176,1.89705882353,4.23529411765,3.27272727273,2.76923076923,1.71498585143,0.40492721492,0.204248366013,2.05798302171,0.971825315808,0.522875816993,1.79869233546,0.849382491746,0.464052287582,0.805541469338,0.424626510969,2.25,1.89705882353,0.805541469338,2.25,0.0702614379085,0.0214285714286,1,0.00147058823529,0.175454545455,17,17,17,1,0,0.352941176471,0.411764705882,0.235294117647,-1,-0.00367647058824,0.0147058823529,-0.117647058824,-0.0909090909091,-0.0769230769231,0.0215730078386,0.0158999400418,0.0102897014662,-0.0406860243059,0.00757197034072,0.00459282812224,-0.0799805377942,-0.0137915311015,-0.00653594771242,0.0193439002456,0.00695905238854,0,0.0147058823529,0.0193439002456,0,-0.0960784313725,-0.0397959183673,-2,-0.00294117647059,-0.0104978354978,0,0,0,36,0,1,235,0.972972972973,1,0,0.027027027027,1,0.972972972973,0.986301369863,0.984301887704,0.972972972973,0.972972972973,1,2,0,0,0,0
475,WLNM_dir_neg,1,0.5,00:00:01,10,20,3,1980862976,threshold_sweep,0.7,1,0.5,0.666666666667,1,0,1,4,0.5,1,0,0.5,1,0.5,0.666666666667,0.833333333333,0.611111111111,0.571428571429,0.632455532034,0.5,37,35,2,0,37,0,35,0,2,17,37,0.136029411765,1.88235294118,4.35294117647,3.36363636364,2.84615384615,1.69341284359,0.389027274878,0.193958664547,2.09866904602,0.964253345467,0.518282988871,1.87867287326,0.863174022847,0.470588235294,0.786197569093,0.41766745858,2.25,1.88235294118,0.786197569093,2.25,0.166339869281,0.0612244897959,3,0.00441176470588,0.185952380952,17,17,17,1,0,0.352941176471,0.411764705882,0.235294117647,17,0.128676470588,1.90196078431,4.11764705882,3.18181818182,2.69230769231,1.57648156274,0.382859808093,0.201680672269,2.01465221053,0.978545359402,0.524369747899,1.74894926439,0.849489642704,0.463865546218,0.814492905316,0.428238537847,2.33333333333,1.90196078431,0.814492905316,2.33333333333,0,0,0,0,0.164242424242,17,17,17,1,0,0.352941176471,0.411764705882,0.235294117647,17,36,0.132352941176,1.89705882353,4.23529411765,3.27272727273,2.76923076923,1.71498585143,0.40492721492,0.204248366013,2.05798302171,0.971825315808,0.522875816993,1.79869233546,0.849382491746,0.464052287582,0.805541469338,0.424626510969,2.25,1.89705882353,0.805541469338,2.25,0.0702614379085,0.0214285714286,1,0.00147058823529,0.175454545455,17,17,17,1,0,0.352941176471,0.411764705882,0.235294117647,-1,-0.00367647058824,0.0147058823529,-0.117647058824,-0.0909090909091,-0.0769230769231,0.0215730078386,0.0158999400418,0.0102897014662,-0.0406860243059,0.00757197034072,0.00459282812224,-0.0799805377942,-0.0137915311015,-0.00653594771242,0.0193439002456,0.00695905238854,0,0.0147058823529,0.0193439002456,0,-0.0960784313725,-0.0397959183673,-2,-0.00294117647059,-0.0104978354978,0,0,0,36,0,1,235,0.972972972973,1,0,0.027027027027,1,0.972972972973,0.986301369863,0.984301887704,0.972972972973,0.972972972973,1,2,0,0,0,0
476,WLNM_dir_neg,1,0.5,00:00:01,10,20,3,1980862976,threshold_sweep,0.8,1,0.5,0.666666666667,1,0,1,4,0.5,1,0,0.5,1,0.5,0.666666666667,0.833333333333,0.611111111111,0.571428571429,0.632455532034,0.5,37,35,2,0,37,0,35,0,2,17,37,0.136029411765,1.88235294118,4.35294117647,3.36363636364,2.84615384615,1.69341284359,0.389027274878,0.193958664547,2.09866904602,0.964253345467,0.518282988871,1.87867287326,0.863174022847,0.470588235294,0.786197569093,0.41766745858,2.25,1.88235294118,0.786197569093,2.25,0.166339869281,0.0612244897959,3,0.00441176470588,0.185952380952,17,17,17,1,0,0.352941176471,0.411764705882,0.235294117647,17,0.128676470588,1.90196078431,4.11764705882,3.18181818182,2.69230769231,1.57648156274,0.382859808093,0.201680672269,2.01465221053,0.978545359402,0.524369747899,1.74894926439,0.849489642704,0.463865546218,0.814492905316,0.428238537847,2.33333333333,1.90196078431,0.814492905316,2.33333333333,0,0,0,0,0.164242424242,17,17,17,1,0,0.352941176471,0.411764705882,0.235294117647,17,36,0.132352941176,1.89705882353,4.23529411765,3.27272727273,2.76923076923,1.71498585143,0.40492721492,0.204248366013,2.05798302171,0.971825315808,0.522875816993,1.79869233546,0.849382491746,0.464052287582,0.805541469338,0.424626510969,2.25,1.89705882353,0.805541469338,2.25,0.0702614379085,0.0214285714286,1,0.00147058823529,0.175454545455,17,17,17,1,0,0.352941176471,0.411764705882,0.235294117647,-1,-0.00367647058824,0.0147058823529,-0.117647058824,-0.0909090909091,-0.0769230769231,0.0215730078386,0.0158999400418,0.0102897014662,-0.0406860243059,0.00757197034072,0.00459282812224,-0.0799805377942,-0.0137915311015,-0.00653594771242,0.0193439002456,0.00695905238854,0,0.0147058823529,0.0193439002456,0,-0.0960784313725,-0.0397959183673,-2,-0.00294117647059,-0.0104978354978,0,0,0,36,0,1,235,0.972972972973,1,0,0.027027027027,1,0.972972972973,0.986301369863,0.984301887704,0.972972972973,0.972972972973,1,2,0,0,0,0
477,WLNM_dir_neg,1,0.5,00:00:01,10,20,3,1980862976,threshold_sweep,0.9,1,0.5,0.666666666667,1,0,1,4,0.5,1,0,0.5,1,0.5,0.666666666667,0.833333333333,0.611111111111,0.571428571429,0.632455532034,0.5,37,35,2,0,37,0,35,0,2,17,37,0.136029411765,1.88235294118,4.35294117647,3.36363636364,2.84615384615,1.69341284359,0.389027274878,0.193958664547,2.09866904602,0.964253345467,0.518282988871,1.87867287326,0.863174022847,0.470588235294,0.786197569093,0.41766745858,2.25,1.88235294118,0.786197569093,2.25,0.166339869281,0.0612244897959,3,0.00441176470588,0.185952380952,17,17,17,1,0,0.352941176471,0.411764705882,0.235294117647,17,0.128676470588,1.90196078431,4.11764705882,3.18181818182,2.69230769231,1.57648156274,0.382859808093,0.201680672269,2.01465221053,0.978545359402,0.524369747899,1.74894926439,0.849489642704,0.463865546218,0.814492905316,0.428238537847,2.33333333333,1.90196078431,0.814492905316,2.33333333333,0,0,0,0,0.164242424242,17,17,17,1,0,0.352941176471,0.411764705882,0.235294117647,17,36,0.132352941176,1.89705882353,4.23529411765,3.27272727273,2.76923076923,1.71498585143,0.40492721492,0.204248366013,2.05798302171,0.971825315808,0.522875816993,1.79869233546,0.849382491746,0.464052287582,0.805541469338,0.424626510969,2.25,1.89705882353,0.805541469338,2.25,0.0702614379085,0.0214285714286,1,0.00147058823529,0.175454545455,17,17,17,1,0,0.352941176471,0.411764705882,0.235294117647,-1,-0.00367647058824,0.0147058823529,-0.117647058824,-0.0909090909091,-0.0769230769231,0.0215730078386,0.0158999400418,0.0102897014662,-0.0406860243059,0.00757197034072,0.00459282812224,-0.0799805377942,-0.0137915311015,-0.00653594771242,0.0193439002456,0.00695905238854,0,0.0147058823529,0.0193439002456,0,-0.0960784313725,-0.0397959183673,-2,-0.00294117647059,-0.0104978354978,0,0,0,36,0,1,235,0.972972972973,1,0,0.027027027027,1,0.972972972973,0.986301369863,0.984301887704,0.972972972973,0.972972972973,1,2,0,0,0,0
478,WLNM_dir_neg,0.875,0.291666666667,00:00:02,10,20,4,1980862977,threshold_sweep,0.1,0.666666666667,1,0.8,2,1,0,3,1,0.75,0.25,0,0.666666666667,1,0.8,0.833333333333,0.5,0.666666666667,0.707106781187,0.75,37,35,2,0,37,0,35,0,2,17,37,0.136029411765,1.88235294118,4.35294117647,3.36363636364,2.84615384615,1.69341284359,0.389027274878,0.193958664547,2.09866904602,0.964253345467,0.518282988871,1.87867287326,0.863174022847,0.470588235294,0.786197569093,0.41766745858,2.25,1.88235294118,0.786197569093,2.25,0.166339869281,0.0612244897959,3,0.00441176470588,0.185952380952,17,17,17,1,0,0.352941176471,0.411764705882,0.235294117647,17,0.128676470588,1.90196078431,4.11764705882,3.18181818182,2.69230769231,1.57648156274,0.382859808093,0.201680672269,2.01465221053,0.978545359402,0.524369747899,1.74894926439,0.849489642704,0.463865546218,0.814492905316,0.428238537847,2.33333333333,1.90196078431,0.814492905316,2.33333333333,0,0,0,0,0.164242424242,17,17,17,1,0,0.352941176471,0.411764705882,0.235294117647,17,38,0.139705882353,2.13617647059,4.47058823529,3.16666666667,2.92307692308,1.69991349261,0.380243807557,0.19040247678,2.04723630062,0.915868871331,0.495356037152,1.92124346989,0.859503657582,0.467492260062,0.898017833571,0.420385602938,2.5,2.13617647059,0.898017833571,2.5,0.180065359477,0.0774193548387,4,0.00588235294118,0.164051226551,17,17,17,1,0,0.294117647059,0.470588235294,0.235294117647,1,0.00367647058824,0.253823529412,0.117647058824,-0.19696969697,0.0769230769231,0.00650064902221,-0.00878346732077,-0.00355618776671,-0.0514327453931,-0.0483844741355,-0.0229269517195,0.0425705966328,-0.00367036526551,-0.0030959752322,0.111820264479,0.002718144358,0.25,0.253823529412,0.111820264479,0.25,0.0137254901961,0.0161948650428,1,0.00147058823529,-0.0219011544012,-0.0588235294118,0.0588235294118,0,37,1,0,234,1,0.995744680851,0.00425531914894,0,0.973684210526,1,0.986666666667,0.984652666406,0.995744680851,0.973684210526,3,2,0,0,0,0
479,WLNM_dir_neg,0.875,0.291666666667,00:00:02,10,20,4,1980862977,threshold_sweep,0.2,0.666666666667,1,0.8,2,1,0,3,1,0.75,0.25,0,0.666666666667,1,0.8,0.833333333333,0.5,0.666666666667,0.707106781187,0.75,37,35,2,0,37,0,35,0,2,17,37,0.136029411765,1.88235294118,4.35294117647,3.36363636364,2.84615384615,1.69341284359,0.389027274878,0.193958664547,2.09866904602,0.964253345467,0.518282988871,1.87867287326,0.863174022847,0.470588235294,0.786197569093,0.41766745858,2.25,1.88235294118,0.786197569093,2.25,0.166339869281,0.0612244897959,3,0.00441176470588,0.185952380952,17,17,17,1,0,0.352941176471,0.411764705882,0.235294117647,17,0.128676470588,1.90196078431,4.11764705882,3.18181818182,2.69230769231,1.57648156274,0.382859808093,0.201680672269,2.01465221053,0.978545359402,0.524369747899,1.74894926439,0.849489642704,0.463865546218,0.814492905316,0.428238537847,2.33333333333,1.90196078431,0.814492905316,2.33333333333,0,0,0,0,0.164242424242,17,17,17,1,0,0.352941176471,0.411764705882,0.235294117647,17,38,0.139705882353,2.13617647059,4.47058823529,3.16666666667,2.92307692308,1.69991349261,0.380243807557,0.19040247678,2.04723630062,0.915868871331,0.495356037152,1.92124346989,0.859503657582,0.467492260062,0.898017833571,0.420385602938,2.5,2.13617647059,0.898017833571,2.5,0.180065359477,0.0774193548387,4,0.00588235294118,0.164051226551,17,17,17,1,0,0.294117647059,0.470588235294,0.235294117647,1,0.00367647058824,0.253823529412,0.117647058824,-0.19696969697,0.0769230769231,0.00650064902221,-0.00878346732077,-0.00355618776671,-0.0514327453931,-0.0483844741355,-0.0229269517195,0.0425705966328,-0.00367036526551,-0.0030959752322,0.111820264479,0.002718144358,0.25,0.253823529412,0.111820264479,0.25,0.0137254901961,0.0161948650428,1,0.00147058823529,-0.0219011544012,-0.0588235294118,0.0588235294118,0,37,1,0,234,1,0.995744680851,0.00425531914894,0,0.973684210526,1,0.986666666667,0.984652666406,0.995744680851,0.973684210526,3,2,0,0,0,0
480,WLNM_dir_neg,0.875,0.291666666667,00:00:02,10,20,4,1980862977,threshold_sweep,0.3,0.666666666667,1,0.8,2,1,0,3,1,0.75,0.25,0,0.666666666667,1,0.8,0.833333333333,0.5,0.666666666667,0.707106781187,0.75,37,35,2,0,37,0,35,0,2,17,37,0.136029411765,1.88235294118,4.35294117647,3.36363636364,2.84615384615,1.69341284359,0.389027274878,0.193958664547,2.09866904602,0.964253345467,0.518282988871,1.87867287326,0.863174022847,0.470588235294,0.786197569093,0.41766745858,2.25,1.88235294118,0.786197569093,2.25,0.166339869281,0.0612244897959,3,0.00441176470588,0.185952380952,17,17,17,1,0,0.352941176471,0.411764705882,0.235294117647,17,0.128676470588,1.90196078431,4.11764705882,3.18181818182,2.69230769231,1.57648156274,0.382859808093,0.201680672269,2.01465221053,0.978545359402,0.524369747899,1.74894926439,0.849489642704,0.463865546218,0.814492905316,0.428238537847,2.33333333333,1.90196078431,0.814492905316,2.33333333333,0,0,0,0,0.164242424242,17,17,17,1,0,0.352941176471,0.411764705882,0.235294117647,17,38,0.139705882353,2.13617647059,4.47058823529,3.16666666667,2.92307692308,1.69991349261,0.380243807557,0.19040247678,2.04723630062,0.915868871331,0.495356037152,1.92124346989,0.859503657582,0.467492260062,0.898017833571,0.420385602938,2.5,2.13617647059,0.898017833571,2.5,0.180065359477,0.0774193548387,4,0.00588235294118,0.164051226551,17,17,17,1,0,0.294117647059,0.470588235294,0.235294117647,1,0.00367647058824,0.253823529412,0.117647058824,-0.19696969697,0.0769230769231,0.00650064902221,-0.00878346732077,-0.00355618776671,-0.0514327453931,-0.0483844741355,-0.0229269517195,0.0425705966328,-0.00367036526551,-0.0030959752322,0.111820264479,0.002718144358,0.25,0.253823529412,0.111820264479,0.25,0.0137254901961,0.0161948650428,1,0.00147058823529,-0.0219011544012,-0.0588235294118,0.0588235294118,0,37,1,0,234,1,0.995744680851,0.00425531914894,0,0.973684210526,1,0.986666666667,0.984652666406,0.995744680851,0.973684210526,3,2,0,0,0,0
481,WLNM_dir_neg,0.875,0.291666666667,00:00:02,10,20,4,1980862977,threshold_sweep,0.4,0.5,0.5,0.5,1,1,1,3,0.5,0.75,0.25,0.5,0.5,0.5,0.5,0.666666666667,0.555555555556,0.25,0.25,0.25,37,35,2,0,37,0,35,0,2,17,37,0.136029411765,1.88235294118,4.35294117647,3.36363636364,2.84615384615,1.69341284359,0.389027274878,0.193958664547,2.09866904602,0.964253345467,0.518282988871,1.87867287326,0.863174022847,0.470588235294,0.786197569093,0.41766745858,2.25,1.88235294118,0.786197569093,2.25,0.166339869281,0.0612244897959,3,0.00441176470588,0.185952380952,17,17,17,1,0,0.352941176471,0.411764705882,0.235294117647,17,0.128676470588,1.90196078431,4.11764705882,3.18181818182,2.69230769231,1.57648156274,0.382859808093,0.201680672269,2.01465221053,0.978545359402,0.524369747899,1.74894926439,0.849489642704,0.463865546218,0.814492905316,0.428238537847,2.33333333333,1.90196078431,0.814492905316,2.33333333333,0,0,0,0,0.164242424242,17,17,17,1,0,0.352941176471,0.411764705882,0.235294117647,17,37,0.136029411765,2.14352941176,4.35294117647,3.08333333333,2.84615384615,1.69341284359,0.389027274878,0.193958664547,2.00733947421,0.92229110977,0.49920508744,1.84510481131,0.847750859249,0.461049284579,0.909236913409,0.424177484302,2.5,2.14352941176,0.909236913409,2.5,0.0898692810458,0.0408163265306,2,0.00294117647059,0.155303030303,17,17,17,1,0,0.294117647059,0.470588235294,0.235294117647,0,0,0.261176470588,0,-0.280303030303,0,0,0,0,-0.09132957181,-0.0419622356965,-0.0190779014308,-0.0335680619491,-0.0154231635982,-0.00953895071542,0.123039344317,0.00651002572134,0.25,0.261176470588,0.123039344317,0.25,-0.0764705882353,-0.0204081632653,-1,-0.00147058823529,-0.0306493506494,-0.0588235294118,0.0588235294118,0,36,1,1,234,0.972972972973,0.995744680851,0.00425531914894,0.027027027027,0.972972972973,0.972972972973,0.972972972973,0.968717653824,0.968717653824,0.947368421053,2,2,0,0,0,0
482,WLNM_dir_neg,0.875,0.291666666667,00:00:02,10,20,4,1980862977,threshold_sweep,0.5,0.5,0.5,0.5,1,1,1,3,0.5,0.75,0.25,0.5,0.5,0.5,0.5,0.666666666667,0.555555555556,0.25,0.25,0.25,37,35,2,0,37,0,35,0,2,17,37,0.136029411765,1.88235294118,4.35294117647,3.36363636364,2.84615384615,1.69341284359,0.389027274878,0.193958664547,2.09866904602,0.964253345467,0.518282988871,1.87867287326,0.863174022847,0.470588235294,0.786197569093,0.41766745858,2.25,1.88235294118,0.786197569093,2.25,0.166339869281,0.0612244897959,3,0.00441176470588,0.185952380952,17,17,17,1,0,0.352941176471,0.411764705882,0.235294117647,17,0.128676470588,1.90196078431,4.11764705882,3.18181818182,2.69230769231,1.57648156274,0.382859808093,0.201680672269,2.01465221053,0.978545359402,0.524369747899,1.74894926439,0.849489642704,0.463865546218,0.814492905316,0.428238537847,2.33333333333,1.90196078431,0.814492905316,2.33333333333,0,0,0,0,0.164242424242,17,17,17,1,0,0.352941176471,0.411764705882,0.235294117647,17,37,0.136029411765,2.14352941176,4.35294117647,3.08333333333,2.84615384615,1.69341284359,0.389027274878,0.193958664547,2.00733947421,0.92229110977,0.49920508744,1.84510481131,0.847750859249,0.461049284579,0.909236913409,0.424177484302,2.5,2.14352941176,0.909236913409,2.5,0.0898692810458,0.0408163265306,2,0.00294117647059,0.155303030303,17,17,17,1,0,0.294117647059,0.470588235294,0.235294117647,0,0,0.261176470588,0,-0.280303030303,0,0,0,0,-0.09132957181,-0.0419622356965,-0.0190779014308,-0.0335680619491,-0.0154231635982,-0.00953895071542,0.123039344317,0.00651002572134,0.25,0.261176470588,0.123039344317,0.25,-0.0764705882353,-0.0204081632653,-1,-0.00147058823529,-0.0306493506494,-0.0588235294118,0.0588235294118,0,36,1,1,234,0.972972972973,0.995744680851,0.00425531914894,0.027027027027,0.972972972973,0.972972972973,0.972972972973,0.968717653824,0.968717653824,0.947368421053,2,2,0,0,0,0
483,WLNM_dir_neg,0.875,0.291666666667,00:00:02,10,20,4,1980862977,threshold_sweep,0.6,0.5,0.5,0.5,1,1,1,3,0.5,0.75,0.25,0.5,0.5,0.5,0.5,0.666666666667,0.555555555556,0.25,0.25,0.25,37,35,2,0,37,0,35,0,2,17,37,0.136029411765,1.88235294118,4.35294117647,3.36363636364,2.84615384615,1.69341284359,0.389027274878,0.193958664547,2.09866904602,0.964253345467,0.518282988871,1.87867287326,0.863174022847,0.470588235294,0.786197569093,0.41766745858,2.25,1.88235294118,0.786197569093,2.25,0.166339869281,0.0612244897959,3,0.00441176470588,0.185952380952,17,17,17,1,0,0.352941176471,0.411764705882,0.235294117647,17,0.128676470588,1.90196078431,4.11764705882,3.18181818182,2.69230769231,1.57648156274,0.382859808093,0.201680672269,2.01465221053,0.978545359402,0.524369747899,1.74894926439,0.849489642704,0.463865546218,0.814492905316,0.428238537847,2.33333333333,1.90196078431,0.814492905316,2.33333333333,0,0,0,0,0.164242424242,17,17,17,1,0,0.352941176471,0.411764705882,0.235294117647,17,37,0.136029411765,2.14352941176,4.35294117647,3.08333333333,2.84615384615,1.69341284359,0.389027274878,0.193958664547,2.00733947421,0.92229110977,0.49920508744,1.84510481131,0.847750859249,0.461049284579,0.909236913409,0.424177484302,2.5,2.14352941176,0.909236913409,2.5,0.0898692810458,0.0408163265306,2,0.00294117647059,0.155303030303,17,17,17,1,0,0.294117647059,0.470588235294,0.235294117647,0,0,0.261176470588,0,-0.280303030303,0,0,0,0,-0.09132957181,-0.0419622356965,-0.0190779014308,-0.0335680619491,-0.0154231635982,-0.00953895071542,0.123039344317,0.00651002572134,0.25,0.261176470588,0.123039344317,0.25,-0.0764705882353,-0.0204081632653,-1,-0.00147058823529,-0.0306493506494,-0.0588235294118,0.0588235294118,0,36,1,1,234,0.972972972973,0.995744680851,0.00425531914894,0.027027027027,0.972972972973,0.972972972973,0.972972972973,0.968717653824,0.968717653824,0.947368421053,2,2,0,0,0,0
484,WLNM_dir_neg,0.875,0.291666666667,00:00:02,10,20,4,1980862977,threshold_sweep,0.7,0.5,0.5,0.5,1,1,1,3,0.5,0.75,0.25,0.5,0.5,0.5,0.5,0.666666666667,0.555555555556,0.25,0.25,0.25,37,35,2,0,37,0,35,0,2,17,37,0.136029411765,1.88235294118,4.35294117647,3.36363636364,2.84615384615,1.69341284359,0.389027274878,0.193958664547,2.09866904602,0.964253345467,0.518282988871,1.87867287326,0.863174022847,0.470588235294,0.786197569093,0.41766745858,2.25,1.88235294118,0.786197569093,2.25,0.166339869281,0.0612244897959,3,0.00441176470588,0.185952380952,17,17,17,1,0,0.352941176471,0.411764705882,0.235294117647,17,0.128676470588,1.90196078431,4.11764705882,3.18181818182,2.69230769231,1.57648156274,0.382859808093,0.201680672269,2.01465221053,0.978545359402,0.524369747899,1.74894926439,0.849489642704,0.463865546218,0.814492905316,0.428238537847,2.33333333333,1.90196078431,0.814492905316,2.33333333333,0,0,0,0,0.164242424242,17,17,17,1,0,0.352941176471,0.411764705882,0.235294117647,17,37,0.136029411765,2.14352941176,4.35294117647,3.08333333333,2.84615384615,1.69341284359,0.389027274878,0.193958664547,2.00733947421,0.92229110977,0.49920508744,1.84510481131,0.847750859249,0.461049284579,0.909236913409,0.424177484302,2.5,2.14352941176,0.909236913409,2.5,0.0898692810458,0.0408163265306,2,0.00294117647059,0.155303030303,17,17,17,1,0,0.294117647059,0.470588235294,0.235294117647,0,0,0.261176470588,0,-0.280303030303,0,0,0,0,-0.09132957181,-0.0419622356965,-0.0190779014308,-0.0335680619491,-0.0154231635982,-0.00953895071542,0.123039344317,0.00651002572134,0.25,0.261176470588,0.123039344317,0.25,-0.0764705882353,-0.0204081632653,-1,-0.00147058823529,-0.0306493506494,-0.0588235294118,0.0588235294118,0,36,1,1,234,0.972972972973,0.995744680851,0.00425531914894,0.027027027027,0.972972972973,0.972972972973,0.972972972973,0.968717653824,0.968717653824,0.947368421053,2,2,0,0,0,0
485,WLNM_dir_neg,0.875,0.291666666667,00:00:02,10,20,4,1980862977,threshold_sweep,0.8,0.5,0.5,0.5,1,1,1,3,0.5,0.75,0.25,0.5,0.5,0.5,0.5,0.666666666667,0.555555555556,0.25,0.25,0.25,37,35,2,0,37,0,35,0,2,17,37,0.136029411765,1.88235294118,4.35294117647,3.36363636364,2.84615384615,1.69341284359,0.389027274878,0.193958664547,2.09866904602,0.964253345467,0.518282988871,1.87867287326,0.863174022847,0.470588235294,0.786197569093,0.41766745858,2.25,1.88235294118,0.786197569093,2.25,0.166339869281,0.0612244897959,3,0.00441176470588,0.185952380952,17,17,17,1,0,0.352941176471,0.411764705882,0.235294117647,17,0.128676470588,1.90196078431,4.11764705882,3.18181818182,2.69230769231,1.57648156274,0.382859808093,0.201680672269,2.01465221053,0.978545359402,0.524369747899,1.74894926439,0.849489642704,0.463865546218,0.814492905316,0.428238537847,2.33333333333,1.90196078431,0.814492905316,2.33333333333,0,0,0,0,0.164242424242,17,17,17,1,0,0.352941176471,0.411764705882,0.235294117647,17,37,0.136029411765,2.14352941176,4.35294117647,3.08333333333,2.84615384615,1.69341284359,0.389027274878,0.193958664547,2.00733947421,0.92229110977,0.49920508744,1.84510481131,0.847750859249,0.461049284579,0.909236913409,0.424177484302,2.5,2.14352941176,0.909236913409,2.5,0.0898692810458,0.0408163265306,2,0.00294117647059,0.155303030303,17,17,17,1,0,0.294117647059,0.470588235294,0.235294117647,0,0,0.261176470588,0,-0.280303030303,0,0,0,0,-0.09132957181,-0.0419622356965,-0.0190779014308,-0.0335680619491,-0.0154231635982,-0.00953895071542,0.123039344317,0.00651002572134,0.25,0.261176470588,0.123039344317,0.25,-0.0764705882353,-0.0204081632653,-1,-0.00147058823529,-0.0306493506494,-0.0588235294118,0.0588235294118,0,36,1,1,234,0.972972972973,0.995744680851,0.00425531914894,0.027027027027,0.972972972973,0.972972972973,0.972972972973,0.968717653824,0.968717653824,0.947368421053,2,2,0,0,0,0
486,WLNM_dir_neg,0.875,0.291666666667,00:00:02,10,20,4,1980862977,threshold_sweep,0.9,0.5,0.5,0.5,1,1,1,3,0.5,0.75,0.25,0.5,0.5,0.5,0.5,0.666666666667,0.555555555556,0.25,0.25,0.25,37,35,2,0,37,0,35,0,2,17,37,0.136029411765,1.88235294118,4.35294117647,3.36363636364,2.84615384615,1.69341284359,0.389027274878,0.193958664547,2.09866904602,0.964253345467,0.518282988871,1.87867287326,0.863174022847,0.470588235294,0.786197569093,0.41766745858,2.25,1.88235294118,0.786197569093,2.25,0.166339869281,0.0612244897959,3,0.00441176470588,0.185952380952,17,17,17,1,0,0.352941176471,0.411764705882,0.235294117647,17,0.128676470588,1.90196078431,4.11764705882,3.18181818182,2.69230769231,1.57648156274,0.382859808093,0.201680672269,2.01465221053,0.978545359402,0.524369747899,1.74894926439,0.849489642704,0.463865546218,0.814492905316,0.428238537847,2.33333333333,1.90196078431,0.814492905316,2.33333333333,0,0,0,0,0.164242424242,17,17,17,1,0,0.352941176471,0.411764705882,0.235294117647,17,37,0.136029411765,2.14352941176,4.35294117647,3.08333333333,2.84615384615,1.69341284359,0.389027274878,0.193958664547,2.00733947421,0.92229110977,0.49920508744,1.84510481131,0.847750859249,0.461049284579,0.909236913409,0.424177484302,2.5,2.14352941176,0.909236913409,2.5,0.0898692810458,0.0408163265306,2,0.00294117647059,0.155303030303,17,17,17,1,0,0.294117647059,0.470588235294,0.235294117647,0,0,0.261176470588,0,-0.280303030303,0,0,0,0,-0.09132957181,-0.0419622356965,-0.0190779014308,-0.0335680619491,-0.0154231635982,-0.00953895071542,0.123039344317,0.00651002572134,0.25,0.261176470588,0.123039344317,0.25,-0.0764705882353,-0.0204081632653,-1,-0.00147058823529,-0.0306493506494,-0.0588235294118,0.0588235294118,0,36,1,1,234,0.972972972973,0.995744680851,0.00425531914894,0.027027027027,0.972972972973,0.972972972973,0.972972972973,0.968717653824,0.968717653824,0.947368421053,2,2,0,0,0,0
487,WLNM_dir_neg,1,0.5,00:00:02,10,20,5,1980862978,threshold_sweep,0.1,1,1,1,2,0,0,4,1,1,0,0,1,1,1,1,0.555555555556,1,1,1,37,35,2,0,37,0,35,0,2,17,37,0.136029411765,1.88235294118,4.35294117647,3.36363636364,2.84615384615,1.69341284359,0.389027274878,0.193958664547,2.09866904602,0.964253345467,0.518282988871,1.87867287326,0.863174022847,0.470588235294,0.786197569093,0.41766745858,2.25,1.88235294118,0.786197569093,2.25,0.166339869281,0.0612244897959,3,0.00441176470588,0.185952380952,17,17,17,1,0,0.352941176471,0.411764705882,0.235294117647,17,0.128676470588,1.90196078431,4.11764705882,3.18181818182,2.69230769231,1.57648156274,0.382859808093,0.201680672269,2.01465221053,0.978545359402,0.524369747899,1.74894926439,0.849489642704,0.463865546218,0.814492905316,0.428238537847,2.33333333333,1.90196078431,0.814492905316,2.33333333333,0,0,0,0,0.164242424242,17,17,17,1,0,0.352941176471,0.411764705882,0.235294117647,17,37,0.136029411765,1.88235294118,4.35294117647,3.36363636364,2.84615384615,1.69341284359,0.389027274878,0.193958664547,2.09866904602,0.964253345467,0.518282988871,1.87867287326,0.863174022847,0.470588235294,0.786197569093,0.41766745858,2.25,1.88235294118,0.786197569093,2.25,0.166339869281,0.0612244897959,3,0.00441176470588,0.185952380952,17,17,17,1,0,0.352941176471,0.411764705882,0.235294117647,0,0,0,0,0,0,0,0,0,0,0,0,0,0,0,0,0,0,0,0,0,0,0,0,0,0,0,0,0,37,0,0,235,1,1,0,0,1,1,1,1,1,1,2,2,0,0,0,0
488,WLNM_dir_neg,1,0.5,00:00:02,10,20,5,1980862978,threshold_sweep,0.2,1,1,1,2,0,0,4,1,1,0,0,1,1,1,1,0.555555555556,1,1,1,37,35,2,0,37,0,35,0,2,17,37,0.136029411765,1.88235294118,4.35294117647,3.36363636364,2.84615384615,1.69341284359,0.389027274878,0.193958664547,2.09866904602,0.964253345467,0.518282988871,1.87867287326,0.863174022847,0.470588235294,0.786197569093,0.41766745858,2.25,1.88235294118,0.786197569093,2.25,0.166339869281,0.0612244897959,3,0.00441176470588,0.185952380952,17,17,17,1,0,0.352941176471,0.411764705882,0.235294117647,17,0.128676470588,1.90196078431,4.11764705882,3.18181818182,2.69230769231,1.57648156274,0.382859808093,0.201680672269,2.01465221053,0.978545359402,0.524369747899,1.74894926439,0.849489642704,0.463865546218,0.814492905316,0.428238537847,2.33333333333,1.90196078431,0.814492905316,2.33333333333,0,0,0,0,0.164242424242,17,17,17,1,0,0.352941176471,0.411764705882,0.235294117647,17,37,0.136029411765,1.88235294118,4.35294117647,3.36363636364,2.84615384615,1.69341284359,0.389027274878,0.193958664547,2.09866904602,0.964253345467,0.518282988871,1.87867287326,0.863174022847,0.470588235294,0.786197569093,0.41766745858,2.25,1.88235294118,0.786197569093,2.25,0.166339869281,0.0612244897959,3,0.00441176470588,0.185952380952,17,17,17,1,0,0.352941176471,0.411764705882,0.235294117647,0,0,0,0,0,0,0,0,0,0,0,0,0,0,0,0,0,0,0,0,0,0,0,0,0,0,0,0,0,37,0,0,235,1,1,0,0,1,1,1,1,1,1,2,2,0,0,0,0
489,WLNM_dir_neg,1,0.5,00:00:02,10,20,5,1980862978,threshold_sweep,0.3,1,1,1,2,0,0,4,1,1,0,0,1,1,1,1,0.555555555556,1,1,1,37,35,2,0,37,0,35,0,2,17,37,0.136029411765,1.88235294118,4.35294117647,3.36363636364,2.84615384615,1.69341284359,0.389027274878,0.193958664547,2.09866904602,0.964253345467,0.518282988871,1.87867287326,0.863174022847,0.470588235294,0.786197569093,0.41766745858,2.25,1.88235294118,0.786197569093,2.25,0.166339869281,0.0612244897959,3,0.00441176470588,0.185952380952,17,17,17,1,0,0.352941176471,0.411764705882,0.235294117647,17,0.128676470588,1.90196078431,4.11764705882,3.18181818182,2.69230769231,1.57648156274,0.382859808093,0.201680672269,2.01465221053,0.978545359402,0.524369747899,1.74894926439,0.849489642704,0.463865546218,0.814492905316,0.428238537847,2.33333333333,1.90196078431,0.814492905316,2.33333333333,0,0,0,0,0.164242424242,17,17,17,1,0,0.352941176471,0.411764705882,0.235294117647,17,37,0.136029411765,1.88235294118,4.35294117647,3.36363636364,2.84615384615,1.69341284359,0.389027274878,0.193958664547,2.09866904602,0.964253345467,0.518282988871,1.87867287326,0.863174022847,0.470588235294,0.786197569093,0.41766745858,2.25,1.88235294118,0.786197569093,2.25,0.166339869281,0.0612244897959,3,0.00441176470588,0.185952380952,17,17,17,1,0,0.352941176471,0.411764705882,0.235294117647,0,0,0,0,0,0,0,0,0,0,0,0,0,0,0,0,0,0,0,0,0,0,0,0,0,0,0,0,0,37,0,0,235,1,1,0,0,1,1,1,1,1,1,2,2,0,0,0,0
490,WLNM_dir_neg,1,0.5,00:00:02,10,20,5,1980862978,threshold_sweep,0.4,1,1,1,2,0,0,4,1,1,0,0,1,1,1,1,0.555555555556,1,1,1,37,35,2,0,37,0,35,0,2,17,37,0.136029411765,1.88235294118,4.35294117647,3.36363636364,2.84615384615,1.69341284359,0.389027274878,0.193958664547,2.09866904602,0.964253345467,0.518282988871,1.87867287326,0.863174022847,0.470588235294,0.786197569093,0.41766745858,2.25,1.88235294118,0.786197569093,2.25,0.166339869281,0.0612244897959,3,0.00441176470588,0.185952380952,17,17,17,1,0,0.352941176471,0.411764705882,0.235294117647,17,0.128676470588,1.90196078431,4.11764705882,3.18181818182,2.69230769231,1.57648156274,0.382859808093,0.201680672269,2.01465221053,0.978545359402,0.524369747899,1.74894926439,0.849489642704,0.463865546218,0.814492905316,0.428238537847,2.33333333333,1.90196078431,0.814492905316,2.33333333333,0,0,0,0,0.164242424242,17,17,17,1,0,0.352941176471,0.411764705882,0.235294117647,17,37,0.136029411765,1.88235294118,4.35294117647,3.36363636364,2.84615384615,1.69341284359,0.389027274878,0.193958664547,2.09866904602,0.964253345467,0.518282988871,1.87867287326,0.863174022847,0.470588235294,0.786197569093,0.41766745858,2.25,1.88235294118,0.786197569093,2.25,0.166339869281,0.0612244897959,3,0.00441176470588,0.185952380952,17,17,17,1,0,0.352941176471,0.411764705882,0.235294117647,0,0,0,0,0,0,0,0,0,0,0,0,0,0,0,0,0,0,0,0,0,0,0,0,0,0,0,0,0,37,0,0,235,1,1,0,0,1,1,1,1,1,1,2,2,0,0,0,0
491,WLNM_dir_neg,1,0.5,00:00:02,10,20,5,1980862978,threshold_sweep,0.5,1,1,1,2,0,0,4,1,1,0,0,1,1,1,1,0.555555555556,1,1,1,37,35,2,0,37,0,35,0,2,17,37,0.136029411765,1.88235294118,4.35294117647,3.36363636364,2.84615384615,1.69341284359,0.389027274878,0.193958664547,2.09866904602,0.964253345467,0.518282988871,1.87867287326,0.863174022847,0.470588235294,0.786197569093,0.41766745858,2.25,1.88235294118,0.786197569093,2.25,0.166339869281,0.0612244897959,3,0.00441176470588,0.185952380952,17,17,17,1,0,0.352941176471,0.411764705882,0.235294117647,17,0.128676470588,1.90196078431,4.11764705882,3.18181818182,2.69230769231,1.57648156274,0.382859808093,0.201680672269,2.01465221053,0.978545359402,0.524369747899,1.74894926439,0.849489642704,0.463865546218,0.814492905316,0.428238537847,2.33333333333,1.90196078431,0.814492905316,2.33333333333,0,0,0,0,0.164242424242,17,17,17,1,0,0.352941176471,0.411764705882,0.235294117647,17,37,0.136029411765,1.88235294118,4.35294117647,3.36363636364,2.84615384615,1.69341284359,0.389027274878,0.193958664547,2.09866904602,0.964253345467,0.518282988871,1.87867287326,0.863174022847,0.470588235294,0.786197569093,0.41766745858,2.25,1.88235294118,0.786197569093,2.25,0.166339869281,0.0612244897959,3,0.00441176470588,0.185952380952,17,17,17,1,0,0.352941176471,0.411764705882,0.235294117647,0,0,0,0,0,0,0,0,0,0,0,0,0,0,0,0,0,0,0,0,0,0,0,0,0,0,0,0,0,37,0,0,235,1,1,0,0,1,1,1,1,1,1,2,2,0,0,0,0
492,WLNM_dir_neg,1,0.5,00:00:02,10,20,5,1980862978,threshold_sweep,0.6,1,1,1,2,0,0,4,1,1,0,0,1,1,1,1,0.555555555556,1,1,1,37,35,2,0,37,0,35,0,2,17,37,0.136029411765,1.88235294118,4.35294117647,3.36363636364,2.84615384615,1.69341284359,0.389027274878,0.193958664547,2.09866904602,0.964253345467,0.518282988871,1.87867287326,0.863174022847,0.470588235294,0.786197569093,0.41766745858,2.25,1.88235294118,0.786197569093,2.25,0.166339869281,0.0612244897959,3,0.00441176470588,0.185952380952,17,17,17,1,0,0.352941176471,0.411764705882,0.235294117647,17,0.128676470588,1.90196078431,4.11764705882,3.18181818182,2.69230769231,1.57648156274,0.382859808093,0.201680672269,2.01465221053,0.978545359402,0.524369747899,1.74894926439,0.849489642704,0.463865546218,0.814492905316,0.428238537847,2.33333333333,1.90196078431,0.814492905316,2.33333333333,0,0,0,0,0.164242424242,17,17,17,1,0,0.352941176471,0.411764705882,0.235294117647,17,37,0.136029411765,1.88235294118,4.35294117647,3.36363636364,2.84615384615,1.69341284359,0.389027274878,0.193958664547,2.09866904602,0.964253345467,0.518282988871,1.87867287326,0.863174022847,0.470588235294,0.786197569093,0.41766745858,2.25,1.88235294118,0.786197569093,2.25,0.166339869281,0.0612244897959,3,0.00441176470588,0.185952380952,17,17,17,1,0,0.352941176471,0.411764705882,0.235294117647,0,0,0,0,0,0,0,0,0,0,0,0,0,0,0,0,0,0,0,0,0,0,0,0,0,0,0,0,0,37,0,0,235,1,1,0,0,1,1,1,1,1,1,2,2,0,0,0,0
493,WLNM_dir_neg,1,0.5,00:00:02,10,20,5,1980862978,threshold_sweep,0.7,1,1,1,2,0,0,4,1,1,0,0,1,1,1,1,0.555555555556,1,1,1,37,35,2,0,37,0,35,0,2,17,37,0.136029411765,1.88235294118,4.35294117647,3.36363636364,2.84615384615,1.69341284359,0.389027274878,0.193958664547,2.09866904602,0.964253345467,0.518282988871,1.87867287326,0.863174022847,0.470588235294,0.786197569093,0.41766745858,2.25,1.88235294118,0.786197569093,2.25,0.166339869281,0.0612244897959,3,0.00441176470588,0.185952380952,17,17,17,1,0,0.352941176471,0.411764705882,0.235294117647,17,0.128676470588,1.90196078431,4.11764705882,3.18181818182,2.69230769231,1.57648156274,0.382859808093,0.201680672269,2.01465221053,0.978545359402,0.524369747899,1.74894926439,0.849489642704,0.463865546218,0.814492905316,0.428238537847,2.33333333333,1.90196078431,0.814492905316,2.33333333333,0,0,0,0,0.164242424242,17,17,17,1,0,0.352941176471,0.411764705882,0.235294117647,17,37,0.136029411765,1.88235294118,4.35294117647,3.36363636364,2.84615384615,1.69341284359,0.389027274878,0.193958664547,2.09866904602,0.964253345467,0.518282988871,1.87867287326,0.863174022847,0.470588235294,0.786197569093,0.41766745858,2.25,1.88235294118,0.786197569093,2.25,0.166339869281,0.0612244897959,3,0.00441176470588,0.185952380952,17,17,17,1,0,0.352941176471,0.411764705882,0.235294117647,0,0,0,0,0,0,0,0,0,0,0,0,0,0,0,0,0,0,0,0,0,0,0,0,0,0,0,0,0,37,0,0,235,1,1,0,0,1,1,1,1,1,1,2,2,0,0,0,0
494,WLNM_dir_neg,1,0.5,00:00:02,10,20,5,1980862978,threshold_sweep,0.8,1,1,1,2,0,0,4,1,1,0,0,1,1,1,1,0.555555555556,1,1,1,37,35,2,0,37,0,35,0,2,17,37,0.136029411765,1.88235294118,4.35294117647,3.36363636364,2.84615384615,1.69341284359,0.389027274878,0.193958664547,2.09866904602,0.964253345467,0.518282988871,1.87867287326,0.863174022847,0.470588235294,0.786197569093,0.41766745858,2.25,1.88235294118,0.786197569093,2.25,0.166339869281,0.0612244897959,3,0.00441176470588,0.185952380952,17,17,17,1,0,0.352941176471,0.411764705882,0.235294117647,17,0.128676470588,1.90196078431,4.11764705882,3.18181818182,2.69230769231,1.57648156274,0.382859808093,0.201680672269,2.01465221053,0.978545359402,0.524369747899,1.74894926439,0.849489642704,0.463865546218,0.814492905316,0.428238537847,2.33333333333,1.90196078431,0.814492905316,2.33333333333,0,0,0,0,0.164242424242,17,17,17,1,0,0.352941176471,0.411764705882,0.235294117647,17,37,0.136029411765,1.88235294118,4.35294117647,3.36363636364,2.84615384615,1.69341284359,0.389027274878,0.193958664547,2.09866904602,0.964253345467,0.518282988871,1.87867287326,0.863174022847,0.470588235294,0.786197569093,0.41766745858,2.25,1.88235294118,0.786197569093,2.25,0.166339869281,0.0612244897959,3,0.00441176470588,0.185952380952,17,17,17,1,0,0.352941176471,0.411764705882,0.235294117647,0,0,0,0,0,0,0,0,0,0,0,0,0,0,0,0,0,0,0,0,0,0,0,0,0,0,0,0,0,37,0,0,235,1,1,0,0,1,1,1,1,1,1,2,2,0,0,0,0
495,WLNM_dir_neg,1,0.5,00:00:02,10,20,5,1980862978,threshold_sweep,0.9,1,1,1,2,0,0,4,1,1,0,0,1,1,1,1,0.555555555556,1,1,1,37,35,2,0,37,0,35,0,2,17,37,0.136029411765,1.88235294118,4.35294117647,3.36363636364,2.84615384615,1.69341284359,0.389027274878,0.193958664547,2.09866904602,0.964253345467,0.518282988871,1.87867287326,0.863174022847,0.470588235294,0.786197569093,0.41766745858,2.25,1.88235294118,0.786197569093,2.25,0.166339869281,0.0612244897959,3,0.00441176470588,0.185952380952,17,17,17,1,0,0.352941176471,0.411764705882,0.235294117647,17,0.128676470588,1.90196078431,4.11764705882,3.18181818182,2.69230769231,1.57648156274,0.382859808093,0.201680672269,2.01465221053,0.978545359402,0.524369747899,1.74894926439,0.849489642704,0.463865546218,0.814492905316,0.428238537847,2.33333333333,1.90196078431,0.814492905316,2.33333333333,0,0,0,0,0.164242424242,17,17,17,1,0,0.352941176471,0.411764705882,0.235294117647,17,37,0.136029411765,1.88235294118,4.35294117647,3.36363636364,2.84615384615,1.69341284359,0.389027274878,0.193958664547,2.09866904602,0.964253345467,0.518282988871,1.87867287326,0.863174022847,0.470588235294,0.786197569093,0.41766745858,2.25,1.88235294118,0.786197569093,2.25,0.166339869281,0.0612244897959,3,0.00441176470588,0.185952380952,17,17,17,1,0,0.352941176471,0.411764705882,0.235294117647,0,0,0,0,0,0,0,0,0,0,0,0,0,0,0,0,0,0,0,0,0,0,0,0,0,0,0,0,0,37,0,0,235,1,1,0,0,1,1,1,1,1,1,2,2,0,0,0,0
496,WLNM_dir_neg,1,0.5,00:00:02,10,20,6,1980862979,threshold_sweep,0.1,1,1,1,2,0,0,4,1,1,0,0,1,1,1,1,0.555555555556,1,1,1,37,35,2,0,37,0,35,0,2,17,37,0.136029411765,1.88235294118,4.35294117647,3.36363636364,2.84615384615,1.69341284359,0.389027274878,0.193958664547,2.09866904602,0.964253345467,0.518282988871,1.87867287326,0.863174022847,0.470588235294,0.786197569093,0.41766745858,2.25,1.88235294118,0.786197569093,2.25,0.166339869281,0.0612244897959,3,0.00441176470588,0.185952380952,17,17,17,1,0,0.352941176471,0.411764705882,0.235294117647,17,0.128676470588,1.90196078431,4.11764705882,3.18181818182,2.69230769231,1.57648156274,0.382859808093,0.201680672269,2.01465221053,0.978545359402,0.524369747899,1.74894926439,0.849489642704,0.463865546218,0.814492905316,0.428238537847,2.33333333333,1.90196078431,0.814492905316,2.33333333333,0,0,0,0,0.164242424242,17,17,17,1,0,0.352941176471,0.411764705882,0.235294117647,17,37,0.136029411765,1.88235294118,4.35294117647,3.36363636364,2.84615384615,1.69341284359,0.389027274878,0.193958664547,2.09866904602,0.964253345467,0.518282988871,1.87867287326,0.863174022847,0.470588235294,0.786197569093,0.41766745858,2.25,1.88235294118,0.786197569093,2.25,0.166339869281,0.0612244897959,3,0.00441176470588,0.185952380952,17,17,17,1,0,0.352941176471,0.411764705882,0.235294117647,0,0,0,0,0,0,0,0,0,0,0,0,0,0,0,0,0,0,0,0,0,0,0,0,0,0,0,0,0,37,0,0,235,1,1,0,0,1,1,1,1,1,1,2,2,0,0,0,0
497,WLNM_dir_neg,1,0.5,00:00:02,10,20,6,1980862979,threshold_sweep,0.2,1,1,1,2,0,0,4,1,1,0,0,1,1,1,1,0.555555555556,1,1,1,37,35,2,0,37,0,35,0,2,17,37,0.136029411765,1.88235294118,4.35294117647,3.36363636364,2.84615384615,1.69341284359,0.389027274878,0.193958664547,2.09866904602,0.964253345467,0.518282988871,1.87867287326,0.863174022847,0.470588235294,0.786197569093,0.41766745858,2.25,1.88235294118,0.786197569093,2.25,0.166339869281,0.0612244897959,3,0.00441176470588,0.185952380952,17,17,17,1,0,0.352941176471,0.411764705882,0.235294117647,17,0.128676470588,1.90196078431,4.11764705882,3.18181818182,2.69230769231,1.57648156274,0.382859808093,0.201680672269,2.01465221053,0.978545359402,0.524369747899,1.74894926439,0.849489642704,0.463865546218,0.814492905316,0.428238537847,2.33333333333,1.90196078431,0.814492905316,2.33333333333,0,0,0,0,0.164242424242,17,17,17,1,0,0.352941176471,0.411764705882,0.235294117647,17,37,0.136029411765,1.88235294118,4.35294117647,3.36363636364,2.84615384615,1.69341284359,0.389027274878,0.193958664547,2.09866904602,0.964253345467,0.518282988871,1.87867287326,0.863174022847,0.470588235294,0.786197569093,0.41766745858,2.25,1.88235294118,0.786197569093,2.25,0.166339869281,0.0612244897959,3,0.00441176470588,0.185952380952,17,17,17,1,0,0.352941176471,0.411764705882,0.235294117647,0,0,0,0,0,0,0,0,0,0,0,0,0,0,0,0,0,0,0,0,0,0,0,0,0,0,0,0,0,37,0,0,235,1,1,0,0,1,1,1,1,1,1,2,2,0,0,0,0
498,WLNM_dir_neg,1,0.5,00:00:02,10,20,6,1980862979,threshold_sweep,0.3,1,1,1,2,0,0,4,1,1,0,0,1,1,1,1,0.555555555556,1,1,1,37,35,2,0,37,0,35,0,2,17,37,0.136029411765,1.88235294118,4.35294117647,3.36363636364,2.84615384615,1.69341284359,0.389027274878,0.193958664547,2.09866904602,0.964253345467,0.518282988871,1.87867287326,0.863174022847,0.470588235294,0.786197569093,0.41766745858,2.25,1.88235294118,0.786197569093,2.25,0.166339869281,0.0612244897959,3,0.00441176470588,0.185952380952,17,17,17,1,0,0.352941176471,0.411764705882,0.235294117647,17,0.128676470588,1.90196078431,4.11764705882,3.18181818182,2.69230769231,1.57648156274,0.382859808093,0.201680672269,2.01465221053,0.978545359402,0.524369747899,1.74894926439,0.849489642704,0.463865546218,0.814492905316,0.428238537847,2.33333333333,1.90196078431,0.814492905316,2.33333333333,0,0,0,0,0.164242424242,17,17,17,1,0,0.352941176471,0.411764705882,0.235294117647,17,37,0.136029411765,1.88235294118,4.35294117647,3.36363636364,2.84615384615,1.69341284359,0.389027274878,0.193958664547,2.09866904602,0.964253345467,0.518282988871,1.87867287326,0.863174022847,0.470588235294,0.786197569093,0.41766745858,2.25,1.88235294118,0.786197569093,2.25,0.166339869281,0.0612244897959,3,0.00441176470588,0.185952380952,17,17,17,1,0,0.352941176471,0.411764705882,0.235294117647,0,0,0,0,0,0,0,0,0,0,0,0,0,0,0,0,0,0,0,0,0,0,0,0,0,0,0,0,0,37,0,0,235,1,1,0,0,1,1,1,1,1,1,2,2,0,0,0,0
499,WLNM_dir_neg,1,0.5,00:00:02,10,20,6,1980862979,threshold_sweep,0.4,1,1,1,2,0,0,4,1,1,0,0,1,1,1,1,0.555555555556,1,1,1,37,35,2,0,37,0,35,0,2,17,37,0.136029411765,1.88235294118,4.35294117647,3.36363636364,2.84615384615,1.69341284359,0.389027274878,0.193958664547,2.09866904602,0.964253345467,0.518282988871,1.87867287326,0.863174022847,0.470588235294,0.786197569093,0.41766745858,2.25,1.88235294118,0.786197569093,2.25,0.166339869281,0.0612244897959,3,0.00441176470588,0.185952380952,17,17,17,1,0,0.352941176471,0.411764705882,0.235294117647,17,0.128676470588,1.90196078431,4.11764705882,3.18181818182,2.69230769231,1.57648156274,0.382859808093,0.201680672269,2.01465221053,0.978545359402,0.524369747899,1.74894926439,0.849489642704,0.463865546218,0.814492905316,0.428238537847,2.33333333333,1.90196078431,0.814492905316,2.33333333333,0,0,0,0,0.164242424242,17,17,17,1,0,0.352941176471,0.411764705882,0.235294117647,17,37,0.136029411765,1.88235294118,4.35294117647,3.36363636364,2.84615384615,1.69341284359,0.389027274878,0.193958664547,2.09866904602,0.964253345467,0.518282988871,1.87867287326,0.863174022847,0.470588235294,0.786197569093,0.41766745858,2.25,1.88235294118,0.786197569093,2.25,0.166339869281,0.0612244897959,3,0.00441176470588,0.185952380952,17,17,17,1,0,0.352941176471,0.411764705882,0.235294117647,0,0,0,0,0,0,0,0,0,0,0,0,0,0,0,0,0,0,0,0,0,0,0,0,0,0,0,0,0,37,0,0,235,1,1,0,0,1,1,1,1,1,1,2,2,0,0,0,0
500,WLNM_dir_neg,1,0.5,00:00:02,10,20,6,1980862979,threshold_sweep,0.5,1,1,1,2,0,0,4,1,1,0,0,1,1,1,1,0.555555555556,1,1,1,37,35,2,0,37,0,35,0,2,17,37,0.136029411765,1.88235294118,4.35294117647,3.36363636364,2.84615384615,1.69341284359,0.389027274878,0.193958664547,2.09866904602,0.964253345467,0.518282988871,1.87867287326,0.863174022847,0.470588235294,0.786197569093,0.41766745858,2.25,1.88235294118,0.786197569093,2.25,0.166339869281,0.0612244897959,3,0.00441176470588,0.185952380952,17,17,17,1,0,0.352941176471,0.411764705882,0.235294117647,17,0.128676470588,1.90196078431,4.11764705882,3.18181818182,2.69230769231,1.57648156274,0.382859808093,0.201680672269,2.01465221053,0.978545359402,0.524369747899,1.74894926439,0.849489642704,0.463865546218,0.814492905316,0.428238537847,2.33333333333,1.90196078431,0.814492905316,2.33333333333,0,0,0,0,0.164242424242,17,17,17,1,0,0.352941176471,0.411764705882,0.235294117647,17,37,0.136029411765,1.88235294118,4.35294117647,3.36363636364,2.84615384615,1.69341284359,0.389027274878,0.193958664547,2.09866904602,0.964253345467,0.518282988871,1.87867287326,0.863174022847,0.470588235294,0.786197569093,0.41766745858,2.25,1.88235294118,0.786197569093,2.25,0.166339869281,0.0612244897959,3,0.00441176470588,0.185952380952,17,17,17,1,0,0.352941176471,0.411764705882,0.235294117647,0,0,0,0,0,0,0,0,0,0,0,0,0,0,0,0,0,0,0,0,0,0,0,0,0,0,0,0,0,37,0,0,235,1,1,0,0,1,1,1,1,1,1,2,2,0,0,0,0
501,WLNM_dir_neg,1,0.5,00:00:02,10,20,6,1980862979,threshold_sweep,0.6,1,1,1,2,0,0,4,1,1,0,0,1,1,1,1,0.555555555556,1,1,1,37,35,2,0,37,0,35,0,2,17,37,0.136029411765,1.88235294118,4.35294117647,3.36363636364,2.84615384615,1.69341284359,0.389027274878,0.193958664547,2.09866904602,0.964253345467,0.518282988871,1.87867287326,0.863174022847,0.470588235294,0.786197569093,0.41766745858,2.25,1.88235294118,0.786197569093,2.25,0.166339869281,0.0612244897959,3,0.00441176470588,0.185952380952,17,17,17,1,0,0.352941176471,0.411764705882,0.235294117647,17,0.128676470588,1.90196078431,4.11764705882,3.18181818182,2.69230769231,1.57648156274,0.382859808093,0.201680672269,2.01465221053,0.978545359402,0.524369747899,1.74894926439,0.849489642704,0.463865546218,0.814492905316,0.428238537847,2.33333333333,1.90196078431,0.814492905316,2.33333333333,0,0,0,0,0.164242424242,17,17,17,1,0,0.352941176471,0.411764705882,0.235294117647,17,37,0.136029411765,1.88235294118,4.35294117647,3.36363636364,2.84615384615,1.69341284359,0.389027274878,0.193958664547,2.09866904602,0.964253345467,0.518282988871,1.87867287326,0.863174022847,0.470588235294,0.786197569093,0.41766745858,2.25,1.88235294118,0.786197569093,2.25,0.166339869281,0.0612244897959,3,0.00441176470588,0.185952380952,17,17,17,1,0,0.352941176471,0.411764705882,0.235294117647,0,0,0,0,0,0,0,0,0,0,0,0,0,0,0,0,0,0,0,0,0,0,0,0,0,0,0,0,0,37,0,0,235,1,1,0,0,1,1,1,1,1,1,2,2,0,0,0,0
502,WLNM_dir_neg,1,0.5,00:00:02,10,20,6,1980862979,threshold_sweep,0.7,1,1,1,2,0,0,4,1,1,0,0,1,1,1,1,0.555555555556,1,1,1,37,35,2,0,37,0,35,0,2,17,37,0.136029411765,1.88235294118,4.35294117647,3.36363636364,2.84615384615,1.69341284359,0.389027274878,0.193958664547,2.09866904602,0.964253345467,0.518282988871,1.87867287326,0.863174022847,0.470588235294,0.786197569093,0.41766745858,2.25,1.88235294118,0.786197569093,2.25,0.166339869281,0.0612244897959,3,0.00441176470588,0.185952380952,17,17,17,1,0,0.352941176471,0.411764705882,0.235294117647,17,0.128676470588,1.90196078431,4.11764705882,3.18181818182,2.69230769231,1.57648156274,0.382859808093,0.201680672269,2.01465221053,0.978545359402,0.524369747899,1.74894926439,0.849489642704,0.463865546218,0.814492905316,0.428238537847,2.33333333333,1.90196078431,0.814492905316,2.33333333333,0,0,0,0,0.164242424242,17,17,17,1,0,0.352941176471,0.411764705882,0.235294117647,17,37,0.136029411765,1.88235294118,4.35294117647,3.36363636364,2.84615384615,1.69341284359,0.389027274878,0.193958664547,2.09866904602,0.964253345467,0.518282988871,1.87867287326,0.863174022847,0.470588235294,0.786197569093,0.41766745858,2.25,1.88235294118,0.786197569093,2.25,0.166339869281,0.0612244897959,3,0.00441176470588,0.185952380952,17,17,17,1,0,0.352941176471,0.411764705882,0.235294117647,0,0,0,0,0,0,0,0,0,0,0,0,0,0,0,0,0,0,0,0,0,0,0,0,0,0,0,0,0,37,0,0,235,1,1,0,0,1,1,1,1,1,1,2,2,0,0,0,0
503,WLNM_dir_neg,1,0.5,00:00:02,10,20,6,1980862979,threshold_sweep,0.8,1,1,1,2,0,0,4,1,1,0,0,1,1,1,1,0.555555555556,1,1,1,37,35,2,0,37,0,35,0,2,17,37,0.136029411765,1.88235294118,4.35294117647,3.36363636364,2.84615384615,1.69341284359,0.389027274878,0.193958664547,2.09866904602,0.964253345467,0.518282988871,1.87867287326,0.863174022847,0.470588235294,0.786197569093,0.41766745858,2.25,1.88235294118,0.786197569093,2.25,0.166339869281,0.0612244897959,3,0.00441176470588,0.185952380952,17,17,17,1,0,0.352941176471,0.411764705882,0.235294117647,17,0.128676470588,1.90196078431,4.11764705882,3.18181818182,2.69230769231,1.57648156274,0.382859808093,0.201680672269,2.01465221053,0.978545359402,0.524369747899,1.74894926439,0.849489642704,0.463865546218,0.814492905316,0.428238537847,2.33333333333,1.90196078431,0.814492905316,2.33333333333,0,0,0,0,0.164242424242,17,17,17,1,0,0.352941176471,0.411764705882,0.235294117647,17,37,0.136029411765,1.88235294118,4.35294117647,3.36363636364,2.84615384615,1.69341284359,0.389027274878,0.193958664547,2.09866904602,0.964253345467,0.518282988871,1.87867287326,0.863174022847,0.470588235294,0.786197569093,0.41766745858,2.25,1.88235294118,0.786197569093,2.25,0.166339869281,0.0612244897959,3,0.00441176470588,0.185952380952,17,17,17,1,0,0.352941176471,0.411764705882,0.235294117647,0,0,0,0,0,0,0,0,0,0,0,0,0,0,0,0,0,0,0,0,0,0,0,0,0,0,0,0,0,37,0,0,235,1,1,0,0,1,1,1,1,1,1,2,2,0,0,0,0
504,WLNM_dir_neg,1,0.5,00:00:02,10,20,6,1980862979,threshold_sweep,0.9,1,1,1,2,0,0,4,1,1,0,0,1,1,1,1,0.555555555556,1,1,1,37,35,2,0,37,0,35,0,2,17,37,0.136029411765,1.88235294118,4.35294117647,3.36363636364,2.84615384615,1.69341284359,0.389027274878,0.193958664547,2.09866904602,0.964253345467,0.518282988871,1.87867287326,0.863174022847,0.470588235294,0.786197569093,0.41766745858,2.25,1.88235294118,0.786197569093,2.25,0.166339869281,0.0612244897959,3,0.00441176470588,0.185952380952,17,17,17,1,0,0.352941176471,0.411764705882,0.235294117647,17,0.128676470588,1.90196078431,4.11764705882,3.18181818182,2.69230769231,1.57648156274,0.382859808093,0.201680672269,2.01465221053,0.978545359402,0.524369747899,1.74894926439,0.849489642704,0.463865546218,0.814492905316,0.428238537847,2.33333333333,1.90196078431,0.814492905316,2.33333333333,0,0,0,0,0.164242424242,17,17,17,1,0,0.352941176471,0.411764705882,0.235294117647,17,37,0.136029411765,1.88235294118,4.35294117647,3.36363636364,2.84615384615,1.69341284359,0.389027274878,0.193958664547,2.09866904602,0.964253345467,0.518282988871,1.87867287326,0.863174022847,0.470588235294,0.786197569093,0.41766745858,2.25,1.88235294118,0.786197569093,2.25,0.166339869281,0.0612244897959,3,0.00441176470588,0.185952380952,17,17,17,1,0,0.352941176471,0.411764705882,0.235294117647,0,0,0,0,0,0,0,0,0,0,0,0,0,0,0,0,0,0,0,0,0,0,0,0,0,0,0,0,0,37,0,0,235,1,1,0,0,1,1,1,1,1,1,2,2,0,0,0,0
505,WLNM_dir_neg,1,0.5,00:00:02,10,20,7,1980862980,threshold_sweep,0.1,1,1,1,2,0,0,4,1,1,0,0,1,1,1,1,0.555555555556,1,1,1,37,35,2,0,37,0,35,0,2,17,37,0.136029411765,1.88235294118,4.35294117647,3.36363636364,2.84615384615,1.69341284359,0.389027274878,0.193958664547,2.09866904602,0.964253345467,0.518282988871,1.87867287326,0.863174022847,0.470588235294,0.786197569093,0.41766745858,2.25,1.88235294118,0.786197569093,2.25,0.166339869281,0.0612244897959,3,0.00441176470588,0.185952380952,17,17,17,1,0,0.352941176471,0.411764705882,0.235294117647,17,0.128676470588,1.90196078431,4.11764705882,3.18181818182,2.69230769231,1.57648156274,0.382859808093,0.201680672269,2.01465221053,0.978545359402,0.524369747899,1.74894926439,0.849489642704,0.463865546218,0.814492905316,0.428238537847,2.33333333333,1.90196078431,0.814492905316,2.33333333333,0,0,0,0,0.164242424242,17,17,17,1,0,0.352941176471,0.411764705882,0.235294117647,17,37,0.136029411765,1.88235294118,4.35294117647,3.36363636364,2.84615384615,1.69341284359,0.389027274878,0.193958664547,2.09866904602,0.964253345467,0.518282988871,1.87867287326,0.863174022847,0.470588235294,0.786197569093,0.41766745858,2.25,1.88235294118,0.786197569093,2.25,0.166339869281,0.0612244897959,3,0.00441176470588,0.185952380952,17,17,17,1,0,0.352941176471,0.411764705882,0.235294117647,0,0,0,0,0,0,0,0,0,0,0,0,0,0,0,0,0,0,0,0,0,0,0,0,0,0,0,0,0,37,0,0,235,1,1,0,0,1,1,1,1,1,1,2,2,0,0,0,0
506,WLNM_dir_neg,1,0.5,00:00:02,10,20,7,1980862980,threshold_sweep,0.2,1,1,1,2,0,0,4,1,1,0,0,1,1,1,1,0.555555555556,1,1,1,37,35,2,0,37,0,35,0,2,17,37,0.136029411765,1.88235294118,4.35294117647,3.36363636364,2.84615384615,1.69341284359,0.389027274878,0.193958664547,2.09866904602,0.964253345467,0.518282988871,1.87867287326,0.863174022847,0.470588235294,0.786197569093,0.41766745858,2.25,1.88235294118,0.786197569093,2.25,0.166339869281,0.0612244897959,3,0.00441176470588,0.185952380952,17,17,17,1,0,0.352941176471,0.411764705882,0.235294117647,17,0.128676470588,1.90196078431,4.11764705882,3.18181818182,2.69230769231,1.57648156274,0.382859808093,0.201680672269,2.01465221053,0.978545359402,0.524369747899,1.74894926439,0.849489642704,0.463865546218,0.814492905316,0.428238537847,2.33333333333,1.90196078431,0.814492905316,2.33333333333,0,0,0,0,0.164242424242,17,17,17,1,0,0.352941176471,0.411764705882,0.235294117647,17,37,0.136029411765,1.88235294118,4.35294117647,3.36363636364,2.84615384615,1.69341284359,0.389027274878,0.193958664547,2.09866904602,0.964253345467,0.518282988871,1.87867287326,0.863174022847,0.470588235294,0.786197569093,0.41766745858,2.25,1.88235294118,0.786197569093,2.25,0.166339869281,0.0612244897959,3,0.00441176470588,0.185952380952,17,17,17,1,0,0.352941176471,0.411764705882,0.235294117647,0,0,0,0,0,0,0,0,0,0,0,0,0,0,0,0,0,0,0,0,0,0,0,0,0,0,0,0,0,37,0,0,235,1,1,0,0,1,1,1,1,1,1,2,2,0,0,0,0
507,WLNM_dir_neg,1,0.5,00:00:02,10,20,7,1980862980,threshold_sweep,0.3,1,1,1,2,0,0,4,1,1,0,0,1,1,1,1,0.555555555556,1,1,1,37,35,2,0,37,0,35,0,2,17,37,0.136029411765,1.88235294118,4.35294117647,3.36363636364,2.84615384615,1.69341284359,0.389027274878,0.193958664547,2.09866904602,0.964253345467,0.518282988871,1.87867287326,0.863174022847,0.470588235294,0.786197569093,0.41766745858,2.25,1.88235294118,0.786197569093,2.25,0.166339869281,0.0612244897959,3,0.00441176470588,0.185952380952,17,17,17,1,0,0.352941176471,0.411764705882,0.235294117647,17,0.128676470588,1.90196078431,4.11764705882,3.18181818182,2.69230769231,1.57648156274,0.382859808093,0.201680672269,2.01465221053,0.978545359402,0.524369747899,1.74894926439,0.849489642704,0.463865546218,0.814492905316,0.428238537847,2.33333333333,1.90196078431,0.814492905316,2.33333333333,0,0,0,0,0.164242424242,17,17,17,1,0,0.352941176471,0.411764705882,0.235294117647,17,37,0.136029411765,1.88235294118,4.35294117647,3.36363636364,2.84615384615,1.69341284359,0.389027274878,0.193958664547,2.09866904602,0.964253345467,0.518282988871,1.87867287326,0.863174022847,0.470588235294,0.786197569093,0.41766745858,2.25,1.88235294118,0.786197569093,2.25,0.166339869281,0.0612244897959,3,0.00441176470588,0.185952380952,17,17,17,1,0,0.352941176471,0.411764705882,0.235294117647,0,0,0,0,0,0,0,0,0,0,0,0,0,0,0,0,0,0,0,0,0,0,0,0,0,0,0,0,0,37,0,0,235,1,1,0,0,1,1,1,1,1,1,2,2,0,0,0,0
508,WLNM_dir_neg,1,0.5,00:00:02,10,20,7,1980862980,threshold_sweep,0.4,1,1,1,2,0,0,4,1,1,0,0,1,1,1,1,0.555555555556,1,1,1,37,35,2,0,37,0,35,0,2,17,37,0.136029411765,1.88235294118,4.35294117647,3.36363636364,2.84615384615,1.69341284359,0.389027274878,0.193958664547,2.09866904602,0.964253345467,0.518282988871,1.87867287326,0.863174022847,0.470588235294,0.786197569093,0.41766745858,2.25,1.88235294118,0.786197569093,2.25,0.166339869281,0.0612244897959,3,0.00441176470588,0.185952380952,17,17,17,1,0,0.352941176471,0.411764705882,0.235294117647,17,0.128676470588,1.90196078431,4.11764705882,3.18181818182,2.69230769231,1.57648156274,0.382859808093,0.201680672269,2.01465221053,0.978545359402,0.524369747899,1.74894926439,0.849489642704,0.463865546218,0.814492905316,0.428238537847,2.33333333333,1.90196078431,0.814492905316,2.33333333333,0,0,0,0,0.164242424242,17,17,17,1,0,0.352941176471,0.411764705882,0.235294117647,17,37,0.136029411765,1.88235294118,4.35294117647,3.36363636364,2.84615384615,1.69341284359,0.389027274878,0.193958664547,2.09866904602,0.964253345467,0.518282988871,1.87867287326,0.863174022847,0.470588235294,0.786197569093,0.41766745858,2.25,1.88235294118,0.786197569093,2.25,0.166339869281,0.0612244897959,3,0.00441176470588,0.185952380952,17,17,17,1,0,0.352941176471,0.411764705882,0.235294117647,0,0,0,0,0,0,0,0,0,0,0,0,0,0,0,0,0,0,0,0,0,0,0,0,0,0,0,0,0,37,0,0,235,1,1,0,0,1,1,1,1,1,1,2,2,0,0,0,0
509,WLNM_dir_neg,1,0.5,00:00:02,10,20,7,1980862980,threshold_sweep,0.5,1,1,1,2,0,0,4,1,1,0,0,1,1,1,1,0.555555555556,1,1,1,37,35,2,0,37,0,35,0,2,17,37,0.136029411765,1.88235294118,4.35294117647,3.36363636364,2.84615384615,1.69341284359,0.389027274878,0.193958664547,2.09866904602,0.964253345467,0.518282988871,1.87867287326,0.863174022847,0.470588235294,0.786197569093,0.41766745858,2.25,1.88235294118,0.786197569093,2.25,0.166339869281,0.0612244897959,3,0.00441176470588,0.185952380952,17,17,17,1,0,0.352941176471,0.411764705882,0.235294117647,17,0.128676470588,1.90196078431,4.11764705882,3.18181818182,2.69230769231,1.57648156274,0.382859808093,0.201680672269,2.01465221053,0.978545359402,0.524369747899,1.74894926439,0.849489642704,0.463865546218,0.814492905316,0.428238537847,2.33333333333,1.90196078431,0.814492905316,2.33333333333,0,0,0,0,0.164242424242,17,17,17,1,0,0.352941176471,0.411764705882,0.235294117647,17,37,0.136029411765,1.88235294118,4.35294117647,3.36363636364,2.84615384615,1.69341284359,0.389027274878,0.193958664547,2.09866904602,0.964253345467,0.518282988871,1.87867287326,0.863174022847,0.470588235294,0.786197569093,0.41766745858,2.25,1.88235294118,0.786197569093,2.25,0.166339869281,0.0612244897959,3,0.00441176470588,0.185952380952,17,17,17,1,0,0.352941176471,0.411764705882,0.235294117647,0,0,0,0,0,0,0,0,0,0,0,0,0,0,0,0,0,0,0,0,0,0,0,0,0,0,0,0,0,37,0,0,235,1,1,0,0,1,1,1,1,1,1,2,2,0,0,0,0
510,WLNM_dir_neg,1,0.5,00:00:02,10,20,7,1980862980,threshold_sweep,0.6,1,1,1,2,0,0,4,1,1,0,0,1,1,1,1,0.555555555556,1,1,1,37,35,2,0,37,0,35,0,2,17,37,0.136029411765,1.88235294118,4.35294117647,3.36363636364,2.84615384615,1.69341284359,0.389027274878,0.193958664547,2.09866904602,0.964253345467,0.518282988871,1.87867287326,0.863174022847,0.470588235294,0.786197569093,0.41766745858,2.25,1.88235294118,0.786197569093,2.25,0.166339869281,0.0612244897959,3,0.00441176470588,0.185952380952,17,17,17,1,0,0.352941176471,0.411764705882,0.235294117647,17,0.128676470588,1.90196078431,4.11764705882,3.18181818182,2.69230769231,1.57648156274,0.382859808093,0.201680672269,2.01465221053,0.978545359402,0.524369747899,1.74894926439,0.849489642704,0.463865546218,0.814492905316,0.428238537847,2.33333333333,1.90196078431,0.814492905316,2.33333333333,0,0,0,0,0.164242424242,17,17,17,1,0,0.352941176471,0.411764705882,0.235294117647,17,37,0.136029411765,1.88235294118,4.35294117647,3.36363636364,2.84615384615,1.69341284359,0.389027274878,0.193958664547,2.09866904602,0.964253345467,0.518282988871,1.87867287326,0.863174022847,0.470588235294,0.786197569093,0.41766745858,2.25,1.88235294118,0.786197569093,2.25,0.166339869281,0.0612244897959,3,0.00441176470588,0.185952380952,17,17,17,1,0,0.352941176471,0.411764705882,0.235294117647,0,0,0,0,0,0,0,0,0,0,0,0,0,0,0,0,0,0,0,0,0,0,0,0,0,0,0,0,0,37,0,0,235,1,1,0,0,1,1,1,1,1,1,2,2,0,0,0,0
511,WLNM_dir_neg,1,0.5,00:00:02,10,20,7,1980862980,threshold_sweep,0.7,1,1,1,2,0,0,4,1,1,0,0,1,1,1,1,0.555555555556,1,1,1,37,35,2,0,37,0,35,0,2,17,37,0.136029411765,1.88235294118,4.35294117647,3.36363636364,2.84615384615,1.69341284359,0.389027274878,0.193958664547,2.09866904602,0.964253345467,0.518282988871,1.87867287326,0.863174022847,0.470588235294,0.786197569093,0.41766745858,2.25,1.88235294118,0.786197569093,2.25,0.166339869281,0.0612244897959,3,0.00441176470588,0.185952380952,17,17,17,1,0,0.352941176471,0.411764705882,0.235294117647,17,0.128676470588,1.90196078431,4.11764705882,3.18181818182,2.69230769231,1.57648156274,0.382859808093,0.201680672269,2.01465221053,0.978545359402,0.524369747899,1.74894926439,0.849489642704,0.463865546218,0.814492905316,0.428238537847,2.33333333333,1.90196078431,0.814492905316,2.33333333333,0,0,0,0,0.164242424242,17,17,17,1,0,0.352941176471,0.411764705882,0.235294117647,17,37,0.136029411765,1.88235294118,4.35294117647,3.36363636364,2.84615384615,1.69341284359,0.389027274878,0.193958664547,2.09866904602,0.964253345467,0.518282988871,1.87867287326,0.863174022847,0.470588235294,0.786197569093,0.41766745858,2.25,1.88235294118,0.786197569093,2.25,0.166339869281,0.0612244897959,3,0.00441176470588,0.185952380952,17,17,17,1,0,0.352941176471,0.411764705882,0.235294117647,0,0,0,0,0,0,0,0,0,0,0,0,0,0,0,0,0,0,0,0,0,0,0,0,0,0,0,0,0,37,0,0,235,1,1,0,0,1,1,1,1,1,1,2,2,0,0,0,0
512,WLNM_dir_neg,1,0.5,00:00:02,10,20,7,1980862980,threshold_sweep,0.8,1,1,1,2,0,0,4,1,1,0,0,1,1,1,1,0.555555555556,1,1,1,37,35,2,0,37,0,35,0,2,17,37,0.136029411765,1.88235294118,4.35294117647,3.36363636364,2.84615384615,1.69341284359,0.389027274878,0.193958664547,2.09866904602,0.964253345467,0.518282988871,1.87867287326,0.863174022847,0.470588235294,0.786197569093,0.41766745858,2.25,1.88235294118,0.786197569093,2.25,0.166339869281,0.0612244897959,3,0.00441176470588,0.185952380952,17,17,17,1,0,0.352941176471,0.411764705882,0.235294117647,17,0.128676470588,1.90196078431,4.11764705882,3.18181818182,2.69230769231,1.57648156274,0.382859808093,0.201680672269,2.01465221053,0.978545359402,0.524369747899,1.74894926439,0.849489642704,0.463865546218,0.814492905316,0.428238537847,2.33333333333,1.90196078431,0.814492905316,2.33333333333,0,0,0,0,0.164242424242,17,17,17,1,0,0.352941176471,0.411764705882,0.235294117647,17,37,0.136029411765,1.88235294118,4.35294117647,3.36363636364,2.84615384615,1.69341284359,0.389027274878,0.193958664547,2.09866904602,0.964253345467,0.518282988871,1.87867287326,0.863174022847,0.470588235294,0.786197569093,0.41766745858,2.25,1.88235294118,0.786197569093,2.25,0.166339869281,0.0612244897959,3,0.00441176470588,0.185952380952,17,17,17,1,0,0.352941176471,0.411764705882,0.235294117647,0,0,0,0,0,0,0,0,0,0,0,0,0,0,0,0,0,0,0,0,0,0,0,0,0,0,0,0,0,37,0,0,235,1,1,0,0,1,1,1,1,1,1,2,2,0,0,0,0
513,WLNM_dir_neg,1,0.5,00:00:02,10,20,7,1980862980,threshold_sweep,0.9,1,1,1,2,0,0,4,1,1,0,0,1,1,1,1,0.555555555556,1,1,1,37,35,2,0,37,0,35,0,2,17,37,0.136029411765,1.88235294118,4.35294117647,3.36363636364,2.84615384615,1.69341284359,0.389027274878,0.193958664547,2.09866904602,0.964253345467,0.518282988871,1.87867287326,0.863174022847,0.470588235294,0.786197569093,0.41766745858,2.25,1.88235294118,0.786197569093,2.25,0.166339869281,0.0612244897959,3,0.00441176470588,0.185952380952,17,17,17,1,0,0.352941176471,0.411764705882,0.235294117647,17,0.128676470588,1.90196078431,4.11764705882,3.18181818182,2.69230769231,1.57648156274,0.382859808093,0.201680672269,2.01465221053,0.978545359402,0.524369747899,1.74894926439,0.849489642704,0.463865546218,0.814492905316,0.428238537847,2.33333333333,1.90196078431,0.814492905316,2.33333333333,0,0,0,0,0.164242424242,17,17,17,1,0,0.352941176471,0.411764705882,0.235294117647,17,37,0.136029411765,1.88235294118,4.35294117647,3.36363636364,2.84615384615,1.69341284359,0.389027274878,0.193958664547,2.09866904602,0.964253345467,0.518282988871,1.87867287326,0.863174022847,0.470588235294,0.786197569093,0.41766745858,2.25,1.88235294118,0.786197569093,2.25,0.166339869281,0.0612244897959,3,0.00441176470588,0.185952380952,17,17,17,1,0,0.352941176471,0.411764705882,0.235294117647,0,0,0,0,0,0,0,0,0,0,0,0,0,0,0,0,0,0,0,0,0,0,0,0,0,0,0,0,0,37,0,0,235,1,1,0,0,1,1,1,1,1,1,2,2,0,0,0,0
514,WLNM_dir_neg,1,0.5,00:00:02,10,20,8,1980862981,threshold_sweep,0.1,0.666666666667,1,0.8,2,1,0,3,1,0.75,0.25,0,0.666666666667,1,0.8,0.833333333333,0.5,0.666666666667,0.707106781187,0.75,37,35,2,0,37,0,35,0,2,17,37,0.136029411765,1.88235294118,4.35294117647,3.36363636364,2.84615384615,1.69341284359,0.389027274878,0.193958664547,2.09866904602,0.964253345467,0.518282988871,1.87867287326,0.863174022847,0.470588235294,0.786197569093,0.41766745858,2.25,1.88235294118,0.786197569093,2.25,0.166339869281,0.0612244897959,3,0.00441176470588,0.185952380952,17,17,17,1,0,0.352941176471,0.411764705882,0.235294117647,17,0.128676470588,1.90196078431,4.11764705882,3.18181818182,2.69230769231,1.57648156274,0.382859808093,0.201680672269,2.01465221053,0.978545359402,0.524369747899,1.74894926439,0.849489642704,0.463865546218,0.814492905316,0.428238537847,2.33333333333,1.90196078431,0.814492905316,2.33333333333,0,0,0,0,0.164242424242,17,17,17,1,0,0.352941176471,0.411764705882,0.235294117647,17,38,0.139705882353,1.89460784314,4.47058823529,3.45454545455,2.71428571429,1.73629084037,0.388380845872,0.198142414861,2.19457888229,0.981785289445,0.529411764706,1.82103719638,0.814674535221,0.442724458204,0.806080091789,0.425460126067,2.25,1.89460784314,0.806080091789,2.25,0.209150326797,0.115384615385,6,0.00882352941176,0.183398268398,17,17,17,1,0,0.352941176471,0.470588235294,0.176470588235,1,0.00367647058824,0.0122549019608,0.117647058824,0.0909090909091,-0.131868131868,0.0428779967836,-0.000646429005719,0.00418375031378,0.0959098362728,0.0175319439782,0.0111287758347,-0.0576356768785,-0.0484994876259,-0.0278637770898,0.0198825226968,0.0077926674869,0,0.0122549019608,0.0198825226968,0,0.0428104575163,0.0541601255887,3,0.00441176470588,-0.00255411255411,0,0.0588235294118,-0.0588235294118,37,1,0,234,1,0.995744680851,0.00425531914894,0,0.973684210526,1,0.986666666667,0.984652666406,0.995744680851,0.973684210526,3,2,0,0,0,0
515,WLNM_dir_neg,1,0.5,00:00:02,10,20,8,1980862981,threshold_sweep,0.2,0.666666666667,1,0.8,2,1,0,3,1,0.75,0.25,0,0.666666666667,1,0.8,0.833333333333,0.5,0.666666666667,0.707106781187,0.75,37,35,2,0,37,0,35,0,2,17,37,0.136029411765,1.88235294118,4.35294117647,3.36363636364,2.84615384615,1.69341284359,0.389027274878,0.193958664547,2.09866904602,0.964253345467,0.518282988871,1.87867287326,0.863174022847,0.470588235294,0.786197569093,0.41766745858,2.25,1.88235294118,0.786197569093,2.25,0.166339869281,0.0612244897959,3,0.00441176470588,0.185952380952,17,17,17,1,0,0.352941176471,0.411764705882,0.235294117647,17,0.128676470588,1.90196078431,4.11764705882,3.18181818182,2.69230769231,1.57648156274,0.382859808093,0.201680672269,2.01465221053,0.978545359402,0.524369747899,1.74894926439,0.849489642704,0.463865546218,0.814492905316,0.428238537847,2.33333333333,1.90196078431,0.814492905316,2.33333333333,0,0,0,0,0.164242424242,17,17,17,1,0,0.352941176471,0.411764705882,0.235294117647,17,38,0.139705882353,1.89460784314,4.47058823529,3.45454545455,2.71428571429,1.73629084037,0.388380845872,0.198142414861,2.19457888229,0.981785289445,0.529411764706,1.82103719638,0.814674535221,0.442724458204,0.806080091789,0.425460126067,2.25,1.89460784314,0.806080091789,2.25,0.209150326797,0.115384615385,6,0.00882352941176,0.183398268398,17,17,17,1,0,0.352941176471,0.470588235294,0.176470588235,1,0.00367647058824,0.0122549019608,0.117647058824,0.0909090909091,-0.131868131868,0.0428779967836,-0.000646429005719,0.00418375031378,0.0959098362728,0.0175319439782,0.0111287758347,-0.0576356768785,-0.0484994876259,-0.0278637770898,0.0198825226968,0.0077926674869,0,0.0122549019608,0.0198825226968,0,0.0428104575163,0.0541601255887,3,0.00441176470588,-0.00255411255411,0,0.0588235294118,-0.0588235294118,37,1,0,234,1,0.995744680851,0.00425531914894,0,0.973684210526,1,0.986666666667,0.984652666406,0.995744680851,0.973684210526,3,2,0,0,0,0
516,WLNM_dir_neg,1,0.5,00:00:02,10,20,8,1980862981,threshold_sweep,0.3,0.666666666667,1,0.8,2,1,0,3,1,0.75,0.25,0,0.666666666667,1,0.8,0.833333333333,0.5,0.666666666667,0.707106781187,0.75,37,35,2,0,37,0,35,0,2,17,37,0.136029411765,1.88235294118,4.35294117647,3.36363636364,2.84615384615,1.69341284359,0.389027274878,0.193958664547,2.09866904602,0.964253345467,0.518282988871,1.87867287326,0.863174022847,0.470588235294,0.786197569093,0.41766745858,2.25,1.88235294118,0.786197569093,2.25,0.166339869281,0.0612244897959,3,0.00441176470588,0.185952380952,17,17,17,1,0,0.352941176471,0.411764705882,0.235294117647,17,0.128676470588,1.90196078431,4.11764705882,3.18181818182,2.69230769231,1.57648156274,0.382859808093,0.201680672269,2.01465221053,0.978545359402,0.524369747899,1.74894926439,0.849489642704,0.463865546218,0.814492905316,0.428238537847,2.33333333333,1.90196078431,0.814492905316,2.33333333333,0,0,0,0,0.164242424242,17,17,17,1,0,0.352941176471,0.411764705882,0.235294117647,17,38,0.139705882353,1.89460784314,4.47058823529,3.45454545455,2.71428571429,1.73629084037,0.388380845872,0.198142414861,2.19457888229,0.981785289445,0.529411764706,1.82103719638,0.814674535221,0.442724458204,0.806080091789,0.425460126067,2.25,1.89460784314,0.806080091789,2.25,0.209150326797,0.115384615385,6,0.00882352941176,0.183398268398,17,17,17,1,0,0.352941176471,0.470588235294,0.176470588235,1,0.00367647058824,0.0122549019608,0.117647058824,0.0909090909091,-0.131868131868,0.0428779967836,-0.000646429005719,0.00418375031378,0.0959098362728,0.0175319439782,0.0111287758347,-0.0576356768785,-0.0484994876259,-0.0278637770898,0.0198825226968,0.0077926674869,0,0.0122549019608,0.0198825226968,0,0.0428104575163,0.0541601255887,3,0.00441176470588,-0.00255411255411,0,0.0588235294118,-0.0588235294118,37,1,0,234,1,0.995744680851,0.00425531914894,0,0.973684210526,1,0.986666666667,0.984652666406,0.995744680851,0.973684210526,3,2,0,0,0,0
517,WLNM_dir_neg,1,0.5,00:00:02,10,20,8,1980862981,threshold_sweep,0.4,0.666666666667,1,0.8,2,1,0,3,1,0.75,0.25,0,0.666666666667,1,0.8,0.833333333333,0.5,0.666666666667,0.707106781187,0.75,37,35,2,0,37,0,35,0,2,17,37,0.136029411765,1.88235294118,4.35294117647,3.36363636364,2.84615384615,1.69341284359,0.389027274878,0.193958664547,2.09866904602,0.964253345467,0.518282988871,1.87867287326,0.863174022847,0.470588235294,0.786197569093,0.41766745858,2.25,1.88235294118,0.786197569093,2.25,0.166339869281,0.0612244897959,3,0.00441176470588,0.185952380952,17,17,17,1,0,0.352941176471,0.411764705882,0.235294117647,17,0.128676470588,1.90196078431,4.11764705882,3.18181818182,2.69230769231,1.57648156274,0.382859808093,0.201680672269,2.01465221053,0.978545359402,0.524369747899,1.74894926439,0.849489642704,0.463865546218,0.814492905316,0.428238537847,2.33333333333,1.90196078431,0.814492905316,2.33333333333,0,0,0,0,0.164242424242,17,17,17,1,0,0.352941176471,0.411764705882,0.235294117647,17,38,0.139705882353,1.89460784314,4.47058823529,3.45454545455,2.71428571429,1.73629084037,0.388380845872,0.198142414861,2.19457888229,0.981785289445,0.529411764706,1.82103719638,0.814674535221,0.442724458204,0.806080091789,0.425460126067,2.25,1.89460784314,0.806080091789,2.25,0.209150326797,0.115384615385,6,0.00882352941176,0.183398268398,17,17,17,1,0,0.352941176471,0.470588235294,0.176470588235,1,0.00367647058824,0.0122549019608,0.117647058824,0.0909090909091,-0.131868131868,0.0428779967836,-0.000646429005719,0.00418375031378,0.0959098362728,0.0175319439782,0.0111287758347,-0.0576356768785,-0.0484994876259,-0.0278637770898,0.0198825226968,0.0077926674869,0,0.0122549019608,0.0198825226968,0,0.0428104575163,0.0541601255887,3,0.00441176470588,-0.00255411255411,0,0.0588235294118,-0.0588235294118,37,1,0,234,1,0.995744680851,0.00425531914894,0,0.973684210526,1,0.986666666667,0.984652666406,0.995744680851,0.973684210526,3,2,0,0,0,0
518,WLNM_dir_neg,1,0.5,00:00:02,10,20,8,1980862981,threshold_sweep,0.5,0.666666666667,1,0.8,2,1,0,3,1,0.75,0.25,0,0.666666666667,1,0.8,0.833333333333,0.5,0.666666666667,0.707106781187,0.75,37,35,2,0,37,0,35,0,2,17,37,0.136029411765,1.88235294118,4.35294117647,3.36363636364,2.84615384615,1.69341284359,0.389027274878,0.193958664547,2.09866904602,0.964253345467,0.518282988871,1.87867287326,0.863174022847,0.470588235294,0.786197569093,0.41766745858,2.25,1.88235294118,0.786197569093,2.25,0.166339869281,0.0612244897959,3,0.00441176470588,0.185952380952,17,17,17,1,0,0.352941176471,0.411764705882,0.235294117647,17,0.128676470588,1.90196078431,4.11764705882,3.18181818182,2.69230769231,1.57648156274,0.382859808093,0.201680672269,2.01465221053,0.978545359402,0.524369747899,1.74894926439,0.849489642704,0.463865546218,0.814492905316,0.428238537847,2.33333333333,1.90196078431,0.814492905316,2.33333333333,0,0,0,0,0.164242424242,17,17,17,1,0,0.352941176471,0.411764705882,0.235294117647,17,38,0.139705882353,1.89460784314,4.47058823529,3.45454545455,2.71428571429,1.73629084037,0.388380845872,0.198142414861,2.19457888229,0.981785289445,0.529411764706,1.82103719638,0.814674535221,0.442724458204,0.806080091789,0.425460126067,2.25,1.89460784314,0.806080091789,2.25,0.209150326797,0.115384615385,6,0.00882352941176,0.183398268398,17,17,17,1,0,0.352941176471,0.470588235294,0.176470588235,1,0.00367647058824,0.0122549019608,0.117647058824,0.0909090909091,-0.131868131868,0.0428779967836,-0.000646429005719,0.00418375031378,0.0959098362728,0.0175319439782,0.0111287758347,-0.0576356768785,-0.0484994876259,-0.0278637770898,0.0198825226968,0.0077926674869,0,0.0122549019608,0.0198825226968,0,0.0428104575163,0.0541601255887,3,0.00441176470588,-0.00255411255411,0,0.0588235294118,-0.0588235294118,37,1,0,234,1,0.995744680851,0.00425531914894,0,0.973684210526,1,0.986666666667,0.984652666406,0.995744680851,0.973684210526,3,2,0,0,0,0
519,WLNM_dir_neg,1,0.5,00:00:02,10,20,8,1980862981,threshold_sweep,0.6,0.666666666667,1,0.8,2,1,0,3,1,0.75,0.25,0,0.666666666667,1,0.8,0.833333333333,0.5,0.666666666667,0.707106781187,0.75,37,35,2,0,37,0,35,0,2,17,37,0.136029411765,1.88235294118,4.35294117647,3.36363636364,2.84615384615,1.69341284359,0.389027274878,0.193958664547,2.09866904602,0.964253345467,0.518282988871,1.87867287326,0.863174022847,0.470588235294,0.786197569093,0.41766745858,2.25,1.88235294118,0.786197569093,2.25,0.166339869281,0.0612244897959,3,0.00441176470588,0.185952380952,17,17,17,1,0,0.352941176471,0.411764705882,0.235294117647,17,0.128676470588,1.90196078431,4.11764705882,3.18181818182,2.69230769231,1.57648156274,0.382859808093,0.201680672269,2.01465221053,0.978545359402,0.524369747899,1.74894926439,0.849489642704,0.463865546218,0.814492905316,0.428238537847,2.33333333333,1.90196078431,0.814492905316,2.33333333333,0,0,0,0,0.164242424242,17,17,17,1,0,0.352941176471,0.411764705882,0.235294117647,17,38,0.139705882353,1.89460784314,4.47058823529,3.45454545455,2.71428571429,1.73629084037,0.388380845872,0.198142414861,2.19457888229,0.981785289445,0.529411764706,1.82103719638,0.814674535221,0.442724458204,0.806080091789,0.425460126067,2.25,1.89460784314,0.806080091789,2.25,0.209150326797,0.115384615385,6,0.00882352941176,0.183398268398,17,17,17,1,0,0.352941176471,0.470588235294,0.176470588235,1,0.00367647058824,0.0122549019608,0.117647058824,0.0909090909091,-0.131868131868,0.0428779967836,-0.000646429005719,0.00418375031378,0.0959098362728,0.0175319439782,0.0111287758347,-0.0576356768785,-0.0484994876259,-0.0278637770898,0.0198825226968,0.0077926674869,0,0.0122549019608,0.0198825226968,0,0.0428104575163,0.0541601255887,3,0.00441176470588,-0.00255411255411,0,0.0588235294118,-0.0588235294118,37,1,0,234,1,0.995744680851,0.00425531914894,0,0.973684210526,1,0.986666666667,0.984652666406,0.995744680851,0.973684210526,3,2,0,0,0,0
520,WLNM_dir_neg,1,0.5,00:00:02,10,20,8,1980862981,threshold_sweep,0.7,0.666666666667,1,0.8,2,1,0,3,1,0.75,0.25,0,0.666666666667,1,0.8,0.833333333333,0.5,0.666666666667,0.707106781187,0.75,37,35,2,0,37,0,35,0,2,17,37,0.136029411765,1.88235294118,4.35294117647,3.36363636364,2.84615384615,1.69341284359,0.389027274878,0.193958664547,2.09866904602,0.964253345467,0.518282988871,1.87867287326,0.863174022847,0.470588235294,0.786197569093,0.41766745858,2.25,1.88235294118,0.786197569093,2.25,0.166339869281,0.0612244897959,3,0.00441176470588,0.185952380952,17,17,17,1,0,0.352941176471,0.411764705882,0.235294117647,17,0.128676470588,1.90196078431,4.11764705882,3.18181818182,2.69230769231,1.57648156274,0.382859808093,0.201680672269,2.01465221053,0.978545359402,0.524369747899,1.74894926439,0.849489642704,0.463865546218,0.814492905316,0.428238537847,2.33333333333,1.90196078431,0.814492905316,2.33333333333,0,0,0,0,0.164242424242,17,17,17,1,0,0.352941176471,0.411764705882,0.235294117647,17,38,0.139705882353,1.89460784314,4.47058823529,3.45454545455,2.71428571429,1.73629084037,0.388380845872,0.198142414861,2.19457888229,0.981785289445,0.529411764706,1.82103719638,0.814674535221,0.442724458204,0.806080091789,0.425460126067,2.25,1.89460784314,0.806080091789,2.25,0.209150326797,0.115384615385,6,0.00882352941176,0.183398268398,17,17,17,1,0,0.352941176471,0.470588235294,0.176470588235,1,0.00367647058824,0.0122549019608,0.117647058824,0.0909090909091,-0.131868131868,0.0428779967836,-0.000646429005719,0.00418375031378,0.0959098362728,0.0175319439782,0.0111287758347,-0.0576356768785,-0.0484994876259,-0.0278637770898,0.0198825226968,0.0077926674869,0,0.0122549019608,0.0198825226968,0,0.0428104575163,0.0541601255887,3,0.00441176470588,-0.00255411255411,0,0.0588235294118,-0.0588235294118,37,1,0,234,1,0.995744680851,0.00425531914894,0,0.973684210526,1,0.986666666667,0.984652666406,0.995744680851,0.973684210526,3,2,0,0,0,0
521,WLNM_dir_neg,1,0.5,00:00:02,10,20,8,1980862981,threshold_sweep,0.8,0.666666666667,1,0.8,2,1,0,3,1,0.75,0.25,0,0.666666666667,1,0.8,0.833333333333,0.5,0.666666666667,0.707106781187,0.75,37,35,2,0,37,0,35,0,2,17,37,0.136029411765,1.88235294118,4.35294117647,3.36363636364,2.84615384615,1.69341284359,0.389027274878,0.193958664547,2.09866904602,0.964253345467,0.518282988871,1.87867287326,0.863174022847,0.470588235294,0.786197569093,0.41766745858,2.25,1.88235294118,0.786197569093,2.25,0.166339869281,0.0612244897959,3,0.00441176470588,0.185952380952,17,17,17,1,0,0.352941176471,0.411764705882,0.235294117647,17,0.128676470588,1.90196078431,4.11764705882,3.18181818182,2.69230769231,1.57648156274,0.382859808093,0.201680672269,2.01465221053,0.978545359402,0.524369747899,1.74894926439,0.849489642704,0.463865546218,0.814492905316,0.428238537847,2.33333333333,1.90196078431,0.814492905316,2.33333333333,0,0,0,0,0.164242424242,17,17,17,1,0,0.352941176471,0.411764705882,0.235294117647,17,38,0.139705882353,1.89460784314,4.47058823529,3.45454545455,2.71428571429,1.73629084037,0.388380845872,0.198142414861,2.19457888229,0.981785289445,0.529411764706,1.82103719638,0.814674535221,0.442724458204,0.806080091789,0.425460126067,2.25,1.89460784314,0.806080091789,2.25,0.209150326797,0.115384615385,6,0.00882352941176,0.183398268398,17,17,17,1,0,0.352941176471,0.470588235294,0.176470588235,1,0.00367647058824,0.0122549019608,0.117647058824,0.0909090909091,-0.131868131868,0.0428779967836,-0.000646429005719,0.00418375031378,0.0959098362728,0.0175319439782,0.0111287758347,-0.0576356768785,-0.0484994876259,-0.0278637770898,0.0198825226968,0.0077926674869,0,0.0122549019608,0.0198825226968,0,0.0428104575163,0.0541601255887,3,0.00441176470588,-0.00255411255411,0,0.0588235294118,-0.0588235294118,37,1,0,234,1,0.995744680851,0.00425531914894,0,0.973684210526,1,0.986666666667,0.984652666406,0.995744680851,0.973684210526,3,2,0,0,0,0
522,WLNM_dir_neg,1,0.5,00:00:02,10,20,8,1980862981,threshold_sweep,0.9,0.666666666667,1,0.8,2,1,0,3,1,0.75,0.25,0,0.666666666667,1,0.8,0.833333333333,0.5,0.666666666667,0.707106781187,0.75,37,35,2,0,37,0,35,0,2,17,37,0.136029411765,1.88235294118,4.35294117647,3.36363636364,2.84615384615,1.69341284359,0.389027274878,0.193958664547,2.09866904602,0.964253345467,0.518282988871,1.87867287326,0.863174022847,0.470588235294,0.786197569093,0.41766745858,2.25,1.88235294118,0.786197569093,2.25,0.166339869281,0.0612244897959,3,0.00441176470588,0.185952380952,17,17,17,1,0,0.352941176471,0.411764705882,0.235294117647,17,0.128676470588,1.90196078431,4.11764705882,3.18181818182,2.69230769231,1.57648156274,0.382859808093,0.201680672269,2.01465221053,0.978545359402,0.524369747899,1.74894926439,0.849489642704,0.463865546218,0.814492905316,0.428238537847,2.33333333333,1.90196078431,0.814492905316,2.33333333333,0,0,0,0,0.164242424242,17,17,17,1,0,0.352941176471,0.411764705882,0.235294117647,17,38,0.139705882353,1.89460784314,4.47058823529,3.45454545455,2.71428571429,1.73629084037,0.388380845872,0.198142414861,2.19457888229,0.981785289445,0.529411764706,1.82103719638,0.814674535221,0.442724458204,0.806080091789,0.425460126067,2.25,1.89460784314,0.806080091789,2.25,0.209150326797,0.115384615385,6,0.00882352941176,0.183398268398,17,17,17,1,0,0.352941176471,0.470588235294,0.176470588235,1,0.00367647058824,0.0122549019608,0.117647058824,0.0909090909091,-0.131868131868,0.0428779967836,-0.000646429005719,0.00418375031378,0.0959098362728,0.0175319439782,0.0111287758347,-0.0576356768785,-0.0484994876259,-0.0278637770898,0.0198825226968,0.0077926674869,0,0.0122549019608,0.0198825226968,0,0.0428104575163,0.0541601255887,3,0.00441176470588,-0.00255411255411,0,0.0588235294118,-0.0588235294118,37,1,0,234,1,0.995744680851,0.00425531914894,0,0.973684210526,1,0.986666666667,0.984652666406,0.995744680851,0.973684210526,3,2,0,0,0,0
523,WLNM_dir_neg,1,0.5,00:00:03,10,20,9,1980862982,threshold_sweep,0.1,1,1,1,2,0,0,4,1,1,0,0,1,1,1,1,0.555555555556,1,1,1,37,35,2,0,37,0,35,0,2,17,37,0.136029411765,1.88235294118,4.35294117647,3.36363636364,2.84615384615,1.69341284359,0.389027274878,0.193958664547,2.09866904602,0.964253345467,0.518282988871,1.87867287326,0.863174022847,0.470588235294,0.786197569093,0.41766745858,2.25,1.88235294118,0.786197569093,2.25,0.166339869281,0.0612244897959,3,0.00441176470588,0.185952380952,17,17,17,1,0,0.352941176471,0.411764705882,0.235294117647,17,0.128676470588,1.90196078431,4.11764705882,3.18181818182,2.69230769231,1.57648156274,0.382859808093,0.201680672269,2.01465221053,0.978545359402,0.524369747899,1.74894926439,0.849489642704,0.463865546218,0.814492905316,0.428238537847,2.33333333333,1.90196078431,0.814492905316,2.33333333333,0,0,0,0,0.164242424242,17,17,17,1,0,0.352941176471,0.411764705882,0.235294117647,17,37,0.136029411765,1.88235294118,4.35294117647,3.36363636364,2.84615384615,1.69341284359,0.389027274878,0.193958664547,2.09866904602,0.964253345467,0.518282988871,1.87867287326,0.863174022847,0.470588235294,0.786197569093,0.41766745858,2.25,1.88235294118,0.786197569093,2.25,0.166339869281,0.0612244897959,3,0.00441176470588,0.185952380952,17,17,17,1,0,0.352941176471,0.411764705882,0.235294117647,0,0,0,0,0,0,0,0,0,0,0,0,0,0,0,0,0,0,0,0,0,0,0,0,0,0,0,0,0,37,0,0,235,1,1,0,0,1,1,1,1,1,1,2,2,0,0,0,0
524,WLNM_dir_neg,1,0.5,00:00:03,10,20,9,1980862982,threshold_sweep,0.2,1,1,1,2,0,0,4,1,1,0,0,1,1,1,1,0.555555555556,1,1,1,37,35,2,0,37,0,35,0,2,17,37,0.136029411765,1.88235294118,4.35294117647,3.36363636364,2.84615384615,1.69341284359,0.389027274878,0.193958664547,2.09866904602,0.964253345467,0.518282988871,1.87867287326,0.863174022847,0.470588235294,0.786197569093,0.41766745858,2.25,1.88235294118,0.786197569093,2.25,0.166339869281,0.0612244897959,3,0.00441176470588,0.185952380952,17,17,17,1,0,0.352941176471,0.411764705882,0.235294117647,17,0.128676470588,1.90196078431,4.11764705882,3.18181818182,2.69230769231,1.57648156274,0.382859808093,0.201680672269,2.01465221053,0.978545359402,0.524369747899,1.74894926439,0.849489642704,0.463865546218,0.814492905316,0.428238537847,2.33333333333,1.90196078431,0.814492905316,2.33333333333,0,0,0,0,0.164242424242,17,17,17,1,0,0.352941176471,0.411764705882,0.235294117647,17,37,0.136029411765,1.88235294118,4.35294117647,3.36363636364,2.84615384615,1.69341284359,0.389027274878,0.193958664547,2.09866904602,0.964253345467,0.518282988871,1.87867287326,0.863174022847,0.470588235294,0.786197569093,0.41766745858,2.25,1.88235294118,0.786197569093,2.25,0.166339869281,0.0612244897959,3,0.00441176470588,0.185952380952,17,17,17,1,0,0.352941176471,0.411764705882,0.235294117647,0,0,0,0,0,0,0,0,0,0,0,0,0,0,0,0,0,0,0,0,0,0,0,0,0,0,0,0,0,37,0,0,235,1,1,0,0,1,1,1,1,1,1,2,2,0,0,0,0
525,WLNM_dir_neg,1,0.5,00:00:03,10,20,9,1980862982,threshold_sweep,0.3,1,1,1,2,0,0,4,1,1,0,0,1,1,1,1,0.555555555556,1,1,1,37,35,2,0,37,0,35,0,2,17,37,0.136029411765,1.88235294118,4.35294117647,3.36363636364,2.84615384615,1.69341284359,0.389027274878,0.193958664547,2.09866904602,0.964253345467,0.518282988871,1.87867287326,0.863174022847,0.470588235294,0.786197569093,0.41766745858,2.25,1.88235294118,0.786197569093,2.25,0.166339869281,0.0612244897959,3,0.00441176470588,0.185952380952,17,17,17,1,0,0.352941176471,0.411764705882,0.235294117647,17,0.128676470588,1.90196078431,4.11764705882,3.18181818182,2.69230769231,1.57648156274,0.382859808093,0.201680672269,2.01465221053,0.978545359402,0.524369747899,1.74894926439,0.849489642704,0.463865546218,0.814492905316,0.428238537847,2.33333333333,1.90196078431,0.814492905316,2.33333333333,0,0,0,0,0.164242424242,17,17,17,1,0,0.352941176471,0.411764705882,0.235294117647,17,37,0.136029411765,1.88235294118,4.35294117647,3.36363636364,2.84615384615,1.69341284359,0.389027274878,0.193958664547,2.09866904602,0.964253345467,0.518282988871,1.87867287326,0.863174022847,0.470588235294,0.786197569093,0.41766745858,2.25,1.88235294118,0.786197569093,2.25,0.166339869281,0.0612244897959,3,0.00441176470588,0.185952380952,17,17,17,1,0,0.352941176471,0.411764705882,0.235294117647,0,0,0,0,0,0,0,0,0,0,0,0,0,0,0,0,0,0,0,0,0,0,0,0,0,0,0,0,0,37,0,0,235,1,1,0,0,1,1,1,1,1,1,2,2,0,0,0,0
526,WLNM_dir_neg,1,0.5,00:00:03,10,20,9,1980862982,threshold_sweep,0.4,1,1,1,2,0,0,4,1,1,0,0,1,1,1,1,0.555555555556,1,1,1,37,35,2,0,37,0,35,0,2,17,37,0.136029411765,1.88235294118,4.35294117647,3.36363636364,2.84615384615,1.69341284359,0.389027274878,0.193958664547,2.09866904602,0.964253345467,0.518282988871,1.87867287326,0.863174022847,0.470588235294,0.786197569093,0.41766745858,2.25,1.88235294118,0.786197569093,2.25,0.166339869281,0.0612244897959,3,0.00441176470588,0.185952380952,17,17,17,1,0,0.352941176471,0.411764705882,0.235294117647,17,0.128676470588,1.90196078431,4.11764705882,3.18181818182,2.69230769231,1.57648156274,0.382859808093,0.201680672269,2.01465221053,0.978545359402,0.524369747899,1.74894926439,0.849489642704,0.463865546218,0.814492905316,0.428238537847,2.33333333333,1.90196078431,0.814492905316,2.33333333333,0,0,0,0,0.164242424242,17,17,17,1,0,0.352941176471,0.411764705882,0.235294117647,17,37,0.136029411765,1.88235294118,4.35294117647,3.36363636364,2.84615384615,1.69341284359,0.389027274878,0.193958664547,2.09866904602,0.964253345467,0.518282988871,1.87867287326,0.863174022847,0.470588235294,0.786197569093,0.41766745858,2.25,1.88235294118,0.786197569093,2.25,0.166339869281,0.0612244897959,3,0.00441176470588,0.185952380952,17,17,17,1,0,0.352941176471,0.411764705882,0.235294117647,0,0,0,0,0,0,0,0,0,0,0,0,0,0,0,0,0,0,0,0,0,0,0,0,0,0,0,0,0,37,0,0,235,1,1,0,0,1,1,1,1,1,1,2,2,0,0,0,0
527,WLNM_dir_neg,1,0.5,00:00:03,10,20,9,1980862982,threshold_sweep,0.5,1,1,1,2,0,0,4,1,1,0,0,1,1,1,1,0.555555555556,1,1,1,37,35,2,0,37,0,35,0,2,17,37,0.136029411765,1.88235294118,4.35294117647,3.36363636364,2.84615384615,1.69341284359,0.389027274878,0.193958664547,2.09866904602,0.964253345467,0.518282988871,1.87867287326,0.863174022847,0.470588235294,0.786197569093,0.41766745858,2.25,1.88235294118,0.786197569093,2.25,0.166339869281,0.0612244897959,3,0.00441176470588,0.185952380952,17,17,17,1,0,0.352941176471,0.411764705882,0.235294117647,17,0.128676470588,1.90196078431,4.11764705882,3.18181818182,2.69230769231,1.57648156274,0.382859808093,0.201680672269,2.01465221053,0.978545359402,0.524369747899,1.74894926439,0.849489642704,0.463865546218,0.814492905316,0.428238537847,2.33333333333,1.90196078431,0.814492905316,2.33333333333,0,0,0,0,0.164242424242,17,17,17,1,0,0.352941176471,0.411764705882,0.235294117647,17,37,0.136029411765,1.88235294118,4.35294117647,3.36363636364,2.84615384615,1.69341284359,0.389027274878,0.193958664547,2.09866904602,0.964253345467,0.518282988871,1.87867287326,0.863174022847,0.470588235294,0.786197569093,0.41766745858,2.25,1.88235294118,0.786197569093,2.25,0.166339869281,0.0612244897959,3,0.00441176470588,0.185952380952,17,17,17,1,0,0.352941176471,0.411764705882,0.235294117647,0,0,0,0,0,0,0,0,0,0,0,0,0,0,0,0,0,0,0,0,0,0,0,0,0,0,0,0,0,37,0,0,235,1,1,0,0,1,1,1,1,1,1,2,2,0,0,0,0
528,WLNM_dir_neg,1,0.5,00:00:03,10,20,9,1980862982,threshold_sweep,0.6,1,1,1,2,0,0,4,1,1,0,0,1,1,1,1,0.555555555556,1,1,1,37,35,2,0,37,0,35,0,2,17,37,0.136029411765,1.88235294118,4.35294117647,3.36363636364,2.84615384615,1.69341284359,0.389027274878,0.193958664547,2.09866904602,0.964253345467,0.518282988871,1.87867287326,0.863174022847,0.470588235294,0.786197569093,0.41766745858,2.25,1.88235294118,0.786197569093,2.25,0.166339869281,0.0612244897959,3,0.00441176470588,0.185952380952,17,17,17,1,0,0.352941176471,0.411764705882,0.235294117647,17,0.128676470588,1.90196078431,4.11764705882,3.18181818182,2.69230769231,1.57648156274,0.382859808093,0.201680672269,2.01465221053,0.978545359402,0.524369747899,1.74894926439,0.849489642704,0.463865546218,0.814492905316,0.428238537847,2.33333333333,1.90196078431,0.814492905316,2.33333333333,0,0,0,0,0.164242424242,17,17,17,1,0,0.352941176471,0.411764705882,0.235294117647,17,37,0.136029411765,1.88235294118,4.35294117647,3.36363636364,2.84615384615,1.69341284359,0.389027274878,0.193958664547,2.09866904602,0.964253345467,0.518282988871,1.87867287326,0.863174022847,0.470588235294,0.786197569093,0.41766745858,2.25,1.88235294118,0.786197569093,2.25,0.166339869281,0.0612244897959,3,0.00441176470588,0.185952380952,17,17,17,1,0,0.352941176471,0.411764705882,0.235294117647,0,0,0,0,0,0,0,0,0,0,0,0,0,0,0,0,0,0,0,0,0,0,0,0,0,0,0,0,0,37,0,0,235,1,1,0,0,1,1,1,1,1,1,2,2,0,0,0,0
529,WLNM_dir_neg,1,0.5,00:00:03,10,20,9,1980862982,threshold_sweep,0.7,1,1,1,2,0,0,4,1,1,0,0,1,1,1,1,0.555555555556,1,1,1,37,35,2,0,37,0,35,0,2,17,37,0.136029411765,1.88235294118,4.35294117647,3.36363636364,2.84615384615,1.69341284359,0.389027274878,0.193958664547,2.09866904602,0.964253345467,0.518282988871,1.87867287326,0.863174022847,0.470588235294,0.786197569093,0.41766745858,2.25,1.88235294118,0.786197569093,2.25,0.166339869281,0.0612244897959,3,0.00441176470588,0.185952380952,17,17,17,1,0,0.352941176471,0.411764705882,0.235294117647,17,0.128676470588,1.90196078431,4.11764705882,3.18181818182,2.69230769231,1.57648156274,0.382859808093,0.201680672269,2.01465221053,0.978545359402,0.524369747899,1.74894926439,0.849489642704,0.463865546218,0.814492905316,0.428238537847,2.33333333333,1.90196078431,0.814492905316,2.33333333333,0,0,0,0,0.164242424242,17,17,17,1,0,0.352941176471,0.411764705882,0.235294117647,17,37,0.136029411765,1.88235294118,4.35294117647,3.36363636364,2.84615384615,1.69341284359,0.389027274878,0.193958664547,2.09866904602,0.964253345467,0.518282988871,1.87867287326,0.863174022847,0.470588235294,0.786197569093,0.41766745858,2.25,1.88235294118,0.786197569093,2.25,0.166339869281,0.0612244897959,3,0.00441176470588,0.185952380952,17,17,17,1,0,0.352941176471,0.411764705882,0.235294117647,0,0,0,0,0,0,0,0,0,0,0,0,0,0,0,0,0,0,0,0,0,0,0,0,0,0,0,0,0,37,0,0,235,1,1,0,0,1,1,1,1,1,1,2,2,0,0,0,0
530,WLNM_dir_neg,1,0.5,00:00:03,10,20,9,1980862982,threshold_sweep,0.8,1,1,1,2,0,0,4,1,1,0,0,1,1,1,1,0.555555555556,1,1,1,37,35,2,0,37,0,35,0,2,17,37,0.136029411765,1.88235294118,4.35294117647,3.36363636364,2.84615384615,1.69341284359,0.389027274878,0.193958664547,2.09866904602,0.964253345467,0.518282988871,1.87867287326,0.863174022847,0.470588235294,0.786197569093,0.41766745858,2.25,1.88235294118,0.786197569093,2.25,0.166339869281,0.0612244897959,3,0.00441176470588,0.185952380952,17,17,17,1,0,0.352941176471,0.411764705882,0.235294117647,17,0.128676470588,1.90196078431,4.11764705882,3.18181818182,2.69230769231,1.57648156274,0.382859808093,0.201680672269,2.01465221053,0.978545359402,0.524369747899,1.74894926439,0.849489642704,0.463865546218,0.814492905316,0.428238537847,2.33333333333,1.90196078431,0.814492905316,2.33333333333,0,0,0,0,0.164242424242,17,17,17,1,0,0.352941176471,0.411764705882,0.235294117647,17,37,0.136029411765,1.88235294118,4.35294117647,3.36363636364,2.84615384615,1.69341284359,0.389027274878,0.193958664547,2.09866904602,0.964253345467,0.518282988871,1.87867287326,0.863174022847,0.470588235294,0.786197569093,0.41766745858,2.25,1.88235294118,0.786197569093,2.25,0.166339869281,0.0612244897959,3,0.00441176470588,0.185952380952,17,17,17,1,0,0.352941176471,0.411764705882,0.235294117647,0,0,0,0,0,0,0,0,0,0,0,0,0,0,0,0,0,0,0,0,0,0,0,0,0,0,0,0,0,37,0,0,235,1,1,0,0,1,1,1,1,1,1,2,2,0,0,0,0
531,WLNM_dir_neg,1,0.5,00:00:03,10,20,9,1980862982,threshold_sweep,0.9,1,1,1,2,0,0,4,1,1,0,0,1,1,1,1,0.555555555556,1,1,1,37,35,2,0,37,0,35,0,2,17,37,0.136029411765,1.88235294118,4.35294117647,3.36363636364,2.84615384615,1.69341284359,0.389027274878,0.193958664547,2.09866904602,0.964253345467,0.518282988871,1.87867287326,0.863174022847,0.470588235294,0.786197569093,0.41766745858,2.25,1.88235294118,0.786197569093,2.25,0.166339869281,0.0612244897959,3,0.00441176470588,0.185952380952,17,17,17,1,0,0.352941176471,0.411764705882,0.235294117647,17,0.128676470588,1.90196078431,4.11764705882,3.18181818182,2.69230769231,1.57648156274,0.382859808093,0.201680672269,2.01465221053,0.978545359402,0.524369747899,1.74894926439,0.849489642704,0.463865546218,0.814492905316,0.428238537847,2.33333333333,1.90196078431,0.814492905316,2.33333333333,0,0,0,0,0.164242424242,17,17,17,1,0,0.352941176471,0.411764705882,0.235294117647,17,37,0.136029411765,1.88235294118,4.35294117647,3.36363636364,2.84615384615,1.69341284359,0.389027274878,0.193958664547,2.09866904602,0.964253345467,0.518282988871,1.87867287326,0.863174022847,0.470588235294,0.786197569093,0.41766745858,2.25,1.88235294118,0.786197569093,2.25,0.166339869281,0.0612244897959,3,0.00441176470588,0.185952380952,17,17,17,1,0,0.352941176471,0.411764705882,0.235294117647,0,0,0,0,0,0,0,0,0,0,0,0,0,0,0,0,0,0,0,0,0,0,0,0,0,0,0,0,0,37,0,0,235,1,1,0,0,1,1,1,1,1,1,2,2,0,0,0,0
532,WLNM_dir_neg,1,0.5,00:00:02,10,20,10,1980862983,threshold_sweep,0.1,0.5,1,0.666666666667,2,2,0,2,1,0.5,0.5,0,0.5,1,0.666666666667,0.666666666667,0.444444444444,0.4,0.5,0.5,37,35,2,0,37,0,35,0,2,17,37,0.136029411765,1.88235294118,4.35294117647,3.36363636364,2.84615384615,1.69341284359,0.389027274878,0.193958664547,2.09866904602,0.964253345467,0.518282988871,1.87867287326,0.863174022847,0.470588235294,0.786197569093,0.41766745858,2.25,1.88235294118,0.786197569093,2.25,0.166339869281,0.0612244897959,3,0.00441176470588,0.185952380952,17,17,17,1,0,0.352941176471,0.411764705882,0.235294117647,17,0.128676470588,1.90196078431,4.11764705882,3.18181818182,2.69230769231,1.57648156274,0.382859808093,0.201680672269,2.01465221053,0.978545359402,0.524369747899,1.74894926439,0.849489642704,0.463865546218,0.814492905316,0.428238537847,2.33333333333,1.90196078431,0.814492905316,2.33333333333,0,0,0,0,0.164242424242,17,17,17,1,0,0.352941176471,0.411764705882,0.235294117647,17,39,0.143382352941,1.96680035651,4.58823529412,3.54545454545,2.78571428571,1.93838926462,0.422469455108,0.212669683258,2.28486065993,0.995964903046,0.536953242836,1.79459974236,0.782261426159,0.428355957768,0.890713001319,0.452874130499,2.45454545455,1.96680035651,0.890713001319,2.45454545455,0.209150326797,0.115384615385,6,0.00882352941176,0.177605273514,17,17,17,1,0,0.352941176471,0.470588235294,0.176470588235,2,0.00735294117647,0.0844474153298,0.235294117647,0.181818181818,-0.0604395604396,0.244976421029,0.0334421802305,0.018711018711,0.186191613914,0.0317115575794,0.0186702539644,-0.0840731308911,-0.0809125966883,-0.0422322775264,0.104515432226,0.0352066719191,0.204545454545,0.0844474153298,0.104515432226,0.204545454545,0.0428104575163,0.0541601255887,3,0.00441176470588,-0.00834710743802,0,0.0588235294118,-0.0588235294118,37,2,0,233,1,0.991489361702,0.00851063829787,0,0.948717948718,1,0.973684210526,0.969867905134,0.991489361702,0.948717948718,4,2,0,0,0,0
533,WLNM_dir_neg,1,0.5,00:00:02,10,20,10,1980862983,threshold_sweep,0.2,0.5,1,0.666666666667,2,2,0,2,1,0.5,0.5,0,0.5,1,0.666666666667,0.666666666667,0.444444444444,0.4,0.5,0.5,37,35,2,0,37,0,35,0,2,17,37,0.136029411765,1.88235294118,4.35294117647,3.36363636364,2.84615384615,1.69341284359,0.389027274878,0.193958664547,2.09866904602,0.964253345467,0.518282988871,1.87867287326,0.863174022847,0.470588235294,0.786197569093,0.41766745858,2.25,1.88235294118,0.786197569093,2.25,0.166339869281,0.0612244897959,3,0.00441176470588,0.185952380952,17,17,17,1,0,0.352941176471,0.411764705882,0.235294117647,17,0.128676470588,1.90196078431,4.11764705882,3.18181818182,2.69230769231,1.57648156274,0.382859808093,0.201680672269,2.01465221053,0.978545359402,0.524369747899,1.74894926439,0.849489642704,0.463865546218,0.814492905316,0.428238537847,2.33333333333,1.90196078431,0.814492905316,2.33333333333,0,0,0,0,0.164242424242,17,17,17,1,0,0.352941176471,0.411764705882,0.235294117647,17,39,0.143382352941,1.96680035651,4.58823529412,3.54545454545,2.78571428571,1.93838926462,0.422469455108,0.212669683258,2.28486065993,0.995964903046,0.536953242836,1.79459974236,0.782261426159,0.428355957768,0.890713001319,0.452874130499,2.45454545455,1.96680035651,0.890713001319,2.45454545455,0.209150326797,0.115384615385,6,0.00882352941176,0.177605273514,17,17,17,1,0,0.352941176471,0.470588235294,0.176470588235,2,0.00735294117647,0.0844474153298,0.235294117647,0.181818181818,-0.0604395604396,0.244976421029,0.0334421802305,0.018711018711,0.186191613914,0.0317115575794,0.0186702539644,-0.0840731308911,-0.0809125966883,-0.0422322775264,0.104515432226,0.0352066719191,0.204545454545,0.0844474153298,0.104515432226,0.204545454545,0.0428104575163,0.0541601255887,3,0.00441176470588,-0.00834710743802,0,0.0588235294118,-0.0588235294118,37,2,0,233,1,0.991489361702,0.00851063829787,0,0.948717948718,1,0.973684210526,0.969867905134,0.991489361702,0.948717948718,4,2,0,0,0,0
534,WLNM_dir_neg,1,0.5,00:00:02,10,20,10,1980862983,threshold_sweep,0.3,0.5,1,0.666666666667,2,2,0,2,1,0.5,0.5,0,0.5,1,0.666666666667,0.666666666667,0.444444444444,0.4,0.5,0.5,37,35,2,0,37,0,35,0,2,17,37,0.136029411765,1.88235294118,4.35294117647,3.36363636364,2.84615384615,1.69341284359,0.389027274878,0.193958664547,2.09866904602,0.964253345467,0.518282988871,1.87867287326,0.863174022847,0.470588235294,0.786197569093,0.41766745858,2.25,1.88235294118,0.786197569093,2.25,0.166339869281,0.0612244897959,3,0.00441176470588,0.185952380952,17,17,17,1,0,0.352941176471,0.411764705882,0.235294117647,17,0.128676470588,1.90196078431,4.11764705882,3.18181818182,2.69230769231,1.57648156274,0.382859808093,0.201680672269,2.01465221053,0.978545359402,0.524369747899,1.74894926439,0.849489642704,0.463865546218,0.814492905316,0.428238537847,2.33333333333,1.90196078431,0.814492905316,2.33333333333,0,0,0,0,0.164242424242,17,17,17,1,0,0.352941176471,0.411764705882,0.235294117647,17,39,0.143382352941,1.96680035651,4.58823529412,3.54545454545,2.78571428571,1.93838926462,0.422469455108,0.212669683258,2.28486065993,0.995964903046,0.536953242836,1.79459974236,0.782261426159,0.428355957768,0.890713001319,0.452874130499,2.45454545455,1.96680035651,0.890713001319,2.45454545455,0.209150326797,0.115384615385,6,0.00882352941176,0.177605273514,17,17,17,1,0,0.352941176471,0.470588235294,0.176470588235,2,0.00735294117647,0.0844474153298,0.235294117647,0.181818181818,-0.0604395604396,0.244976421029,0.0334421802305,0.018711018711,0.186191613914,0.0317115575794,0.0186702539644,-0.0840731308911,-0.0809125966883,-0.0422322775264,0.104515432226,0.0352066719191,0.204545454545,0.0844474153298,0.104515432226,0.204545454545,0.0428104575163,0.0541601255887,3,0.00441176470588,-0.00834710743802,0,0.0588235294118,-0.0588235294118,37,2,0,233,1,0.991489361702,0.00851063829787,0,0.948717948718,1,0.973684210526,0.969867905134,0.991489361702,0.948717948718,4,2,0,0,0,0
535,WLNM_dir_neg,1,0.5,00:00:02,10,20,10,1980862983,threshold_sweep,0.4,0.5,1,0.666666666667,2,2,0,2,1,0.5,0.5,0,0.5,1,0.666666666667,0.666666666667,0.444444444444,0.4,0.5,0.5,37,35,2,0,37,0,35,0,2,17,37,0.136029411765,1.88235294118,4.35294117647,3.36363636364,2.84615384615,1.69341284359,0.389027274878,0.193958664547,2.09866904602,0.964253345467,0.518282988871,1.87867287326,0.863174022847,0.470588235294,0.786197569093,0.41766745858,2.25,1.88235294118,0.786197569093,2.25,0.166339869281,0.0612244897959,3,0.00441176470588,0.185952380952,17,17,17,1,0,0.352941176471,0.411764705882,0.235294117647,17,0.128676470588,1.90196078431,4.11764705882,3.18181818182,2.69230769231,1.57648156274,0.382859808093,0.201680672269,2.01465221053,0.978545359402,0.524369747899,1.74894926439,0.849489642704,0.463865546218,0.814492905316,0.428238537847,2.33333333333,1.90196078431,0.814492905316,2.33333333333,0,0,0,0,0.164242424242,17,17,17,1,0,0.352941176471,0.411764705882,0.235294117647,17,39,0.143382352941,1.96680035651,4.58823529412,3.54545454545,2.78571428571,1.93838926462,0.422469455108,0.212669683258,2.28486065993,0.995964903046,0.536953242836,1.79459974236,0.782261426159,0.428355957768,0.890713001319,0.452874130499,2.45454545455,1.96680035651,0.890713001319,2.45454545455,0.209150326797,0.115384615385,6,0.00882352941176,0.177605273514,17,17,17,1,0,0.352941176471,0.470588235294,0.176470588235,2,0.00735294117647,0.0844474153298,0.235294117647,0.181818181818,-0.0604395604396,0.244976421029,0.0334421802305,0.018711018711,0.186191613914,0.0317115575794,0.0186702539644,-0.0840731308911,-0.0809125966883,-0.0422322775264,0.104515432226,0.0352066719191,0.204545454545,0.0844474153298,0.104515432226,0.204545454545,0.0428104575163,0.0541601255887,3,0.00441176470588,-0.00834710743802,0,0.0588235294118,-0.0588235294118,37,2,0,233,1,0.991489361702,0.00851063829787,0,0.948717948718,1,0.973684210526,0.969867905134,0.991489361702,0.948717948718,4,2,0,0,0,0
536,WLNM_dir_neg,1,0.5,00:00:02,10,20,10,1980862983,threshold_sweep,0.5,0.5,1,0.666666666667,2,2,0,2,1,0.5,0.5,0,0.5,1,0.666666666667,0.666666666667,0.444444444444,0.4,0.5,0.5,37,35,2,0,37,0,35,0,2,17,37,0.136029411765,1.88235294118,4.35294117647,3.36363636364,2.84615384615,1.69341284359,0.389027274878,0.193958664547,2.09866904602,0.964253345467,0.518282988871,1.87867287326,0.863174022847,0.470588235294,0.786197569093,0.41766745858,2.25,1.88235294118,0.786197569093,2.25,0.166339869281,0.0612244897959,3,0.00441176470588,0.185952380952,17,17,17,1,0,0.352941176471,0.411764705882,0.235294117647,17,0.128676470588,1.90196078431,4.11764705882,3.18181818182,2.69230769231,1.57648156274,0.382859808093,0.201680672269,2.01465221053,0.978545359402,0.524369747899,1.74894926439,0.849489642704,0.463865546218,0.814492905316,0.428238537847,2.33333333333,1.90196078431,0.814492905316,2.33333333333,0,0,0,0,0.164242424242,17,17,17,1,0,0.352941176471,0.411764705882,0.235294117647,17,39,0.143382352941,1.96680035651,4.58823529412,3.54545454545,2.78571428571,1.93838926462,0.422469455108,0.212669683258,2.28486065993,0.995964903046,0.536953242836,1.79459974236,0.782261426159,0.428355957768,0.890713001319,0.452874130499,2.45454545455,1.96680035651,0.890713001319,2.45454545455,0.209150326797,0.115384615385,6,0.00882352941176,0.177605273514,17,17,17,1,0,0.352941176471,0.470588235294,0.176470588235,2,0.00735294117647,0.0844474153298,0.235294117647,0.181818181818,-0.0604395604396,0.244976421029,0.0334421802305,0.018711018711,0.186191613914,0.0317115575794,0.0186702539644,-0.0840731308911,-0.0809125966883,-0.0422322775264,0.104515432226,0.0352066719191,0.204545454545,0.0844474153298,0.104515432226,0.204545454545,0.0428104575163,0.0541601255887,3,0.00441176470588,-0.00834710743802,0,0.0588235294118,-0.0588235294118,37,2,0,233,1,0.991489361702,0.00851063829787,0,0.948717948718,1,0.973684210526,0.969867905134,0.991489361702,0.948717948718,4,2,0,0,0,0
537,WLNM_dir_neg,1,0.5,00:00:02,10,20,10,1980862983,threshold_sweep,0.6,0.5,1,0.666666666667,2,2,0,2,1,0.5,0.5,0,0.5,1,0.666666666667,0.666666666667,0.444444444444,0.4,0.5,0.5,37,35,2,0,37,0,35,0,2,17,37,0.136029411765,1.88235294118,4.35294117647,3.36363636364,2.84615384615,1.69341284359,0.389027274878,0.193958664547,2.09866904602,0.964253345467,0.518282988871,1.87867287326,0.863174022847,0.470588235294,0.786197569093,0.41766745858,2.25,1.88235294118,0.786197569093,2.25,0.166339869281,0.0612244897959,3,0.00441176470588,0.185952380952,17,17,17,1,0,0.352941176471,0.411764705882,0.235294117647,17,0.128676470588,1.90196078431,4.11764705882,3.18181818182,2.69230769231,1.57648156274,0.382859808093,0.201680672269,2.01465221053,0.978545359402,0.524369747899,1.74894926439,0.849489642704,0.463865546218,0.814492905316,0.428238537847,2.33333333333,1.90196078431,0.814492905316,2.33333333333,0,0,0,0,0.164242424242,17,17,17,1,0,0.352941176471,0.411764705882,0.235294117647,17,39,0.143382352941,1.96680035651,4.58823529412,3.54545454545,2.78571428571,1.93838926462,0.422469455108,0.212669683258,2.28486065993,0.995964903046,0.536953242836,1.79459974236,0.782261426159,0.428355957768,0.890713001319,0.452874130499,2.45454545455,1.96680035651,0.890713001319,2.45454545455,0.209150326797,0.115384615385,6,0.00882352941176,0.177605273514,17,17,17,1,0,0.352941176471,0.470588235294,0.176470588235,2,0.00735294117647,0.0844474153298,0.235294117647,0.181818181818,-0.0604395604396,0.244976421029,0.0334421802305,0.018711018711,0.186191613914,0.0317115575794,0.0186702539644,-0.0840731308911,-0.0809125966883,-0.0422322775264,0.104515432226,0.0352066719191,0.204545454545,0.0844474153298,0.104515432226,0.204545454545,0.0428104575163,0.0541601255887,3,0.00441176470588,-0.00834710743802,0,0.0588235294118,-0.0588235294118,37,2,0,233,1,0.991489361702,0.00851063829787,0,0.948717948718,1,0.973684210526,0.969867905134,0.991489361702,0.948717948718,4,2,0,0,0,0
538,WLNM_dir_neg,1,0.5,00:00:02,10,20,10,1980862983,threshold_sweep,0.7,0.5,1,0.666666666667,2,2,0,2,1,0.5,0.5,0,0.5,1,0.666666666667,0.666666666667,0.444444444444,0.4,0.5,0.5,37,35,2,0,37,0,35,0,2,17,37,0.136029411765,1.88235294118,4.35294117647,3.36363636364,2.84615384615,1.69341284359,0.389027274878,0.193958664547,2.09866904602,0.964253345467,0.518282988871,1.87867287326,0.863174022847,0.470588235294,0.786197569093,0.41766745858,2.25,1.88235294118,0.786197569093,2.25,0.166339869281,0.0612244897959,3,0.00441176470588,0.185952380952,17,17,17,1,0,0.352941176471,0.411764705882,0.235294117647,17,0.128676470588,1.90196078431,4.11764705882,3.18181818182,2.69230769231,1.57648156274,0.382859808093,0.201680672269,2.01465221053,0.978545359402,0.524369747899,1.74894926439,0.849489642704,0.463865546218,0.814492905316,0.428238537847,2.33333333333,1.90196078431,0.814492905316,2.33333333333,0,0,0,0,0.164242424242,17,17,17,1,0,0.352941176471,0.411764705882,0.235294117647,17,39,0.143382352941,1.96680035651,4.58823529412,3.54545454545,2.78571428571,1.93838926462,0.422469455108,0.212669683258,2.28486065993,0.995964903046,0.536953242836,1.79459974236,0.782261426159,0.428355957768,0.890713001319,0.452874130499,2.45454545455,1.96680035651,0.890713001319,2.45454545455,0.209150326797,0.115384615385,6,0.00882352941176,0.177605273514,17,17,17,1,0,0.352941176471,0.470588235294,0.176470588235,2,0.00735294117647,0.0844474153298,0.235294117647,0.181818181818,-0.0604395604396,0.244976421029,0.0334421802305,0.018711018711,0.186191613914,0.0317115575794,0.0186702539644,-0.0840731308911,-0.0809125966883,-0.0422322775264,0.104515432226,0.0352066719191,0.204545454545,0.0844474153298,0.104515432226,0.204545454545,0.0428104575163,0.0541601255887,3,0.00441176470588,-0.00834710743802,0,0.0588235294118,-0.0588235294118,37,2,0,233,1,0.991489361702,0.00851063829787,0,0.948717948718,1,0.973684210526,0.969867905134,0.991489361702,0.948717948718,4,2,0,0,0,0
539,WLNM_dir_neg,1,0.5,00:00:02,10,20,10,1980862983,threshold_sweep,0.8,0.666666666667,1,0.8,2,1,0,3,1,0.75,0.25,0,0.666666666667,1,0.8,0.833333333333,0.5,0.666666666667,0.707106781187,0.75,37,35,2,0,37,0,35,0,2,17,37,0.136029411765,1.88235294118,4.35294117647,3.36363636364,2.84615384615,1.69341284359,0.389027274878,0.193958664547,2.09866904602,0.964253345467,0.518282988871,1.87867287326,0.863174022847,0.470588235294,0.786197569093,0.41766745858,2.25,1.88235294118,0.786197569093,2.25,0.166339869281,0.0612244897959,3,0.00441176470588,0.185952380952,17,17,17,1,0,0.352941176471,0.411764705882,0.235294117647,17,0.128676470588,1.90196078431,4.11764705882,3.18181818182,2.69230769231,1.57648156274,0.382859808093,0.201680672269,2.01465221053,0.978545359402,0.524369747899,1.74894926439,0.849489642704,0.463865546218,0.814492905316,0.428238537847,2.33333333333,1.90196078431,0.814492905316,2.33333333333,0,0,0,0,0.164242424242,17,17,17,1,0,0.352941176471,0.411764705882,0.235294117647,17,38,0.139705882353,1.95334224599,4.47058823529,3.45454545455,2.71428571429,1.87475488594,0.419353066592,0.201238390093,2.19457888229,0.981785289445,0.529411764706,1.82103719638,0.814674535221,0.442724458204,0.870642232038,0.445719245476,2.45454545455,1.95334224599,0.870642232038,2.45454545455,0.166339869281,0.0612244897959,3,0.00441176470588,0.178506493506,17,17,17,1,0,0.352941176471,0.470588235294,0.176470588235,1,0.00367647058824,0.0709893048128,0.117647058824,0.0909090909091,-0.131868131868,0.181342042353,0.0303257917137,0.00727972554598,0.0959098362728,0.0175319439782,0.0111287758347,-0.0576356768785,-0.0484994876259,-0.0278637770898,0.0844446629454,0.0280517868952,0.204545454545,0.0709893048128,0.0844446629454,0.204545454545,0,0,0,0,-0.00744588744589,0,0.0588235294118,-0.0588235294118,37,1,0,234,1,0.995744680851,0.00425531914894,0,0.973684210526,1,0.986666666667,0.984652666406,0.995744680851,0.973684210526,3,2,0,0,0,0
540,WLNM_dir_neg,1,0.5,00:00:02,10,20,10,1980862983,threshold_sweep,0.9,0.666666666667,1,0.8,2,1,0,3,1,0.75,0.25,0,0.666666666667,1,0.8,0.833333333333,0.5,0.666666666667,0.707106781187,0.75,37,35,2,0,37,0,35,0,2,17,37,0.136029411765,1.88235294118,4.35294117647,3.36363636364,2.84615384615,1.69341284359,0.389027274878,0.193958664547,2.09866904602,0.964253345467,0.518282988871,1.87867287326,0.863174022847,0.470588235294,0.786197569093,0.41766745858,2.25,1.88235294118,0.786197569093,2.25,0.166339869281,0.0612244897959,3,0.00441176470588,0.185952380952,17,17,17,1,0,0.352941176471,0.411764705882,0.235294117647,17,0.128676470588,1.90196078431,4.11764705882,3.18181818182,2.69230769231,1.57648156274,0.382859808093,0.201680672269,2.01465221053,0.978545359402,0.524369747899,1.74894926439,0.849489642704,0.463865546218,0.814492905316,0.428238537847,2.33333333333,1.90196078431,0.814492905316,2.33333333333,0,0,0,0,0.164242424242,17,17,17,1,0,0.352941176471,0.411764705882,0.235294117647,17,38,0.139705882353,1.95334224599,4.47058823529,3.45454545455,2.71428571429,1.87475488594,0.419353066592,0.201238390093,2.19457888229,0.981785289445,0.529411764706,1.82103719638,0.814674535221,0.442724458204,0.870642232038,0.445719245476,2.45454545455,1.95334224599,0.870642232038,2.45454545455,0.166339869281,0.0612244897959,3,0.00441176470588,0.178506493506,17,17,17,1,0,0.352941176471,0.470588235294,0.176470588235,1,0.00367647058824,0.0709893048128,0.117647058824,0.0909090909091,-0.131868131868,0.181342042353,0.0303257917137,0.00727972554598,0.0959098362728,0.0175319439782,0.0111287758347,-0.0576356768785,-0.0484994876259,-0.0278637770898,0.0844446629454,0.0280517868952,0.204545454545,0.0709893048128,0.0844446629454,0.204545454545,0,0,0,0,-0.00744588744589,0,0.0588235294118,-0.0588235294118,37,1,0,234,1,0.995744680851,0.00425531914894,0,0.973684210526,1,0.986666666667,0.984652666406,0.995744680851,0.973684210526,3,2,0,0,0,0
541,WLNM_dir_neg,1,0.5,00:00:02,10,20,11,1980862984,threshold_sweep,0.1,0.666666666667,1,0.8,2,1,0,3,1,0.75,0.25,0,0.666666666667,1,0.8,0.833333333333,0.5,0.666666666667,0.707106781187,0.75,37,35,2,0,37,0,35,0,2,17,37,0.136029411765,1.88235294118,4.35294117647,3.36363636364,2.84615384615,1.69341284359,0.389027274878,0.193958664547,2.09866904602,0.964253345467,0.518282988871,1.87867287326,0.863174022847,0.470588235294,0.786197569093,0.41766745858,2.25,1.88235294118,0.786197569093,2.25,0.166339869281,0.0612244897959,3,0.00441176470588,0.185952380952,17,17,17,1,0,0.352941176471,0.411764705882,0.235294117647,17,0.128676470588,1.90196078431,4.11764705882,3.18181818182,2.69230769231,1.57648156274,0.382859808093,0.201680672269,2.01465221053,0.978545359402,0.524369747899,1.74894926439,0.849489642704,0.463865546218,0.814492905316,0.428238537847,2.33333333333,1.90196078431,0.814492905316,2.33333333333,0,0,0,0,0.164242424242,17,17,17,1,0,0.352941176471,0.411764705882,0.235294117647,17,38,0.139705882353,1.88970588235,4.47058823529,3.45454545455,2.71428571429,1.73629084037,0.388380845872,0.198142414861,2.19457888229,0.981785289445,0.529411764706,1.82103719638,0.814674535221,0.442724458204,0.797802588732,0.42218347108,2.25,1.88970588235,0.797802588732,2.25,0.185620915033,0.0961538461538,5,0.00735294117647,0.183398268398,17,17,17,1,0,0.352941176471,0.470588235294,0.176470588235,1,0.00367647058824,0.00735294117647,0.117647058824,0.0909090909091,-0.131868131868,0.0428779967836,-0.000646429005719,0.00418375031378,0.0959098362728,0.0175319439782,0.0111287758347,-0.0576356768785,-0.0484994876259,-0.0278637770898,0.0116050196399,0.00451601249979,0,0.00735294117647,0.0116050196399,0,0.0192810457516,0.0349293563579,2,0.00294117647059,-0.00255411255411,0,0.0588235294118,-0.0588235294118,37,1,0,234,1,0.995744680851,0.00425531914894,0,0.973684210526,1,0.986666666667,0.984652666406,0.995744680851,0.973684210526,3,2,0,0,0,0
542,WLNM_dir_neg,1,0.5,00:00:02,10,20,11,1980862984,threshold_sweep,0.2,0.666666666667,1,0.8,2,1,0,3,1,0.75,0.25,0,0.666666666667,1,0.8,0.833333333333,0.5,0.666666666667,0.707106781187,0.75,37,35,2,0,37,0,35,0,2,17,37,0.136029411765,1.88235294118,4.35294117647,3.36363636364,2.84615384615,1.69341284359,0.389027274878,0.193958664547,2.09866904602,0.964253345467,0.518282988871,1.87867287326,0.863174022847,0.470588235294,0.786197569093,0.41766745858,2.25,1.88235294118,0.786197569093,2.25,0.166339869281,0.0612244897959,3,0.00441176470588,0.185952380952,17,17,17,1,0,0.352941176471,0.411764705882,0.235294117647,17,0.128676470588,1.90196078431,4.11764705882,3.18181818182,2.69230769231,1.57648156274,0.382859808093,0.201680672269,2.01465221053,0.978545359402,0.524369747899,1.74894926439,0.849489642704,0.463865546218,0.814492905316,0.428238537847,2.33333333333,1.90196078431,0.814492905316,2.33333333333,0,0,0,0,0.164242424242,17,17,17,1,0,0.352941176471,0.411764705882,0.235294117647,17,38,0.139705882353,1.88970588235,4.47058823529,3.45454545455,2.71428571429,1.73629084037,0.388380845872,0.198142414861,2.19457888229,0.981785289445,0.529411764706,1.82103719638,0.814674535221,0.442724458204,0.797802588732,0.42218347108,2.25,1.88970588235,0.797802588732,2.25,0.185620915033,0.0961538461538,5,0.00735294117647,0.183398268398,17,17,17,1,0,0.352941176471,0.470588235294,0.176470588235,1,0.00367647058824,0.00735294117647,0.117647058824,0.0909090909091,-0.131868131868,0.0428779967836,-0.000646429005719,0.00418375031378,0.0959098362728,0.0175319439782,0.0111287758347,-0.0576356768785,-0.0484994876259,-0.0278637770898,0.0116050196399,0.00451601249979,0,0.00735294117647,0.0116050196399,0,0.0192810457516,0.0349293563579,2,0.00294117647059,-0.00255411255411,0,0.0588235294118,-0.0588235294118,37,1,0,234,1,0.995744680851,0.00425531914894,0,0.973684210526,1,0.986666666667,0.984652666406,0.995744680851,0.973684210526,3,2,0,0,0,0
543,WLNM_dir_neg,1,0.5,00:00:02,10,20,11,1980862984,threshold_sweep,0.3,1,1,1,2,0,0,4,1,1,0,0,1,1,1,1,0.555555555556,1,1,1,37,35,2,0,37,0,35,0,2,17,37,0.136029411765,1.88235294118,4.35294117647,3.36363636364,2.84615384615,1.69341284359,0.389027274878,0.193958664547,2.09866904602,0.964253345467,0.518282988871,1.87867287326,0.863174022847,0.470588235294,0.786197569093,0.41766745858,2.25,1.88235294118,0.786197569093,2.25,0.166339869281,0.0612244897959,3,0.00441176470588,0.185952380952,17,17,17,1,0,0.352941176471,0.411764705882,0.235294117647,17,0.128676470588,1.90196078431,4.11764705882,3.18181818182,2.69230769231,1.57648156274,0.382859808093,0.201680672269,2.01465221053,0.978545359402,0.524369747899,1.74894926439,0.849489642704,0.463865546218,0.814492905316,0.428238537847,2.33333333333,1.90196078431,0.814492905316,2.33333333333,0,0,0,0,0.164242424242,17,17,17,1,0,0.352941176471,0.411764705882,0.235294117647,17,37,0.136029411765,1.88235294118,4.35294117647,3.36363636364,2.84615384615,1.69341284359,0.389027274878,0.193958664547,2.09866904602,0.964253345467,0.518282988871,1.87867287326,0.863174022847,0.470588235294,0.786197569093,0.41766745858,2.25,1.88235294118,0.786197569093,2.25,0.166339869281,0.0612244897959,3,0.00441176470588,0.185952380952,17,17,17,1,0,0.352941176471,0.411764705882,0.235294117647,0,0,0,0,0,0,0,0,0,0,0,0,0,0,0,0,0,0,0,0,0,0,0,0,0,0,0,0,0,37,0,0,235,1,1,0,0,1,1,1,1,1,1,2,2,0,0,0,0
544,WLNM_dir_neg,1,0.5,00:00:02,10,20,11,1980862984,threshold_sweep,0.4,1,1,1,2,0,0,4,1,1,0,0,1,1,1,1,0.555555555556,1,1,1,37,35,2,0,37,0,35,0,2,17,37,0.136029411765,1.88235294118,4.35294117647,3.36363636364,2.84615384615,1.69341284359,0.389027274878,0.193958664547,2.09866904602,0.964253345467,0.518282988871,1.87867287326,0.863174022847,0.470588235294,0.786197569093,0.41766745858,2.25,1.88235294118,0.786197569093,2.25,0.166339869281,0.0612244897959,3,0.00441176470588,0.185952380952,17,17,17,1,0,0.352941176471,0.411764705882,0.235294117647,17,0.128676470588,1.90196078431,4.11764705882,3.18181818182,2.69230769231,1.57648156274,0.382859808093,0.201680672269,2.01465221053,0.978545359402,0.524369747899,1.74894926439,0.849489642704,0.463865546218,0.814492905316,0.428238537847,2.33333333333,1.90196078431,0.814492905316,2.33333333333,0,0,0,0,0.164242424242,17,17,17,1,0,0.352941176471,0.411764705882,0.235294117647,17,37,0.136029411765,1.88235294118,4.35294117647,3.36363636364,2.84615384615,1.69341284359,0.389027274878,0.193958664547,2.09866904602,0.964253345467,0.518282988871,1.87867287326,0.863174022847,0.470588235294,0.786197569093,0.41766745858,2.25,1.88235294118,0.786197569093,2.25,0.166339869281,0.0612244897959,3,0.00441176470588,0.185952380952,17,17,17,1,0,0.352941176471,0.411764705882,0.235294117647,0,0,0,0,0,0,0,0,0,0,0,0,0,0,0,0,0,0,0,0,0,0,0,0,0,0,0,0,0,37,0,0,235,1,1,0,0,1,1,1,1,1,1,2,2,0,0,0,0
545,WLNM_dir_neg,1,0.5,00:00:02,10,20,11,1980862984,threshold_sweep,0.5,1,1,1,2,0,0,4,1,1,0,0,1,1,1,1,0.555555555556,1,1,1,37,35,2,0,37,0,35,0,2,17,37,0.136029411765,1.88235294118,4.35294117647,3.36363636364,2.84615384615,1.69341284359,0.389027274878,0.193958664547,2.09866904602,0.964253345467,0.518282988871,1.87867287326,0.863174022847,0.470588235294,0.786197569093,0.41766745858,2.25,1.88235294118,0.786197569093,2.25,0.166339869281,0.0612244897959,3,0.00441176470588,0.185952380952,17,17,17,1,0,0.352941176471,0.411764705882,0.235294117647,17,0.128676470588,1.90196078431,4.11764705882,3.18181818182,2.69230769231,1.57648156274,0.382859808093,0.201680672269,2.01465221053,0.978545359402,0.524369747899,1.74894926439,0.849489642704,0.463865546218,0.814492905316,0.428238537847,2.33333333333,1.90196078431,0.814492905316,2.33333333333,0,0,0,0,0.164242424242,17,17,17,1,0,0.352941176471,0.411764705882,0.235294117647,17,37,0.136029411765,1.88235294118,4.35294117647,3.36363636364,2.84615384615,1.69341284359,0.389027274878,0.193958664547,2.09866904602,0.964253345467,0.518282988871,1.87867287326,0.863174022847,0.470588235294,0.786197569093,0.41766745858,2.25,1.88235294118,0.786197569093,2.25,0.166339869281,0.0612244897959,3,0.00441176470588,0.185952380952,17,17,17,1,0,0.352941176471,0.411764705882,0.235294117647,0,0,0,0,0,0,0,0,0,0,0,0,0,0,0,0,0,0,0,0,0,0,0,0,0,0,0,0,0,37,0,0,235,1,1,0,0,1,1,1,1,1,1,2,2,0,0,0,0
546,WLNM_dir_neg,1,0.5,00:00:02,10,20,11,1980862984,threshold_sweep,0.6,1,0.5,0.666666666667,1,0,1,4,0.5,1,0,0.5,1,0.5,0.666666666667,0.833333333333,0.611111111111,0.571428571429,0.632455532034,0.5,37,35,2,0,37,0,35,0,2,17,37,0.136029411765,1.88235294118,4.35294117647,3.36363636364,2.84615384615,1.69341284359,0.389027274878,0.193958664547,2.09866904602,0.964253345467,0.518282988871,1.87867287326,0.863174022847,0.470588235294,0.786197569093,0.41766745858,2.25,1.88235294118,0.786197569093,2.25,0.166339869281,0.0612244897959,3,0.00441176470588,0.185952380952,17,17,17,1,0,0.352941176471,0.411764705882,0.235294117647,17,0.128676470588,1.90196078431,4.11764705882,3.18181818182,2.69230769231,1.57648156274,0.382859808093,0.201680672269,2.01465221053,0.978545359402,0.524369747899,1.74894926439,0.849489642704,0.463865546218,0.814492905316,0.428238537847,2.33333333333,1.90196078431,0.814492905316,2.33333333333,0,0,0,0,0.164242424242,17,17,17,1,0,0.352941176471,0.411764705882,0.235294117647,17,36,0.132352941176,1.89705882353,4.23529411765,3.27272727273,2.76923076923,1.71498585143,0.40492721492,0.204248366013,2.05798302171,0.971825315808,0.522875816993,1.79869233546,0.849382491746,0.464052287582,0.805541469338,0.424626510969,2.25,1.89705882353,0.805541469338,2.25,0.0702614379085,0.0214285714286,1,0.00147058823529,0.175454545455,17,17,17,1,0,0.352941176471,0.411764705882,0.235294117647,-1,-0.00367647058824,0.0147058823529,-0.117647058824,-0.0909090909091,-0.0769230769231,0.0215730078386,0.0158999400418,0.0102897014662,-0.0406860243059,0.00757197034072,0.00459282812224,-0.0799805377942,-0.0137915311015,-0.00653594771242,0.0193439002456,0.00695905238854,0,0.0147058823529,0.0193439002456,0,-0.0960784313725,-0.0397959183673,-2,-0.00294117647059,-0.0104978354978,0,0,0,36,0,1,235,0.972972972973,1,0,0.027027027027,1,0.972972972973,0.986301369863,0.984301887704,0.972972972973,0.972972972973,1,2,0,0,0,0
547,WLNM_dir_neg,1,0.5,00:00:02,10,20,11,1980862984,threshold_sweep,0.7,1,0.5,0.666666666667,1,0,1,4,0.5,1,0,0.5,1,0.5,0.666666666667,0.833333333333,0.611111111111,0.571428571429,0.632455532034,0.5,37,35,2,0,37,0,35,0,2,17,37,0.136029411765,1.88235294118,4.35294117647,3.36363636364,2.84615384615,1.69341284359,0.389027274878,0.193958664547,2.09866904602,0.964253345467,0.518282988871,1.87867287326,0.863174022847,0.470588235294,0.786197569093,0.41766745858,2.25,1.88235294118,0.786197569093,2.25,0.166339869281,0.0612244897959,3,0.00441176470588,0.185952380952,17,17,17,1,0,0.352941176471,0.411764705882,0.235294117647,17,0.128676470588,1.90196078431,4.11764705882,3.18181818182,2.69230769231,1.57648156274,0.382859808093,0.201680672269,2.01465221053,0.978545359402,0.524369747899,1.74894926439,0.849489642704,0.463865546218,0.814492905316,0.428238537847,2.33333333333,1.90196078431,0.814492905316,2.33333333333,0,0,0,0,0.164242424242,17,17,17,1,0,0.352941176471,0.411764705882,0.235294117647,17,36,0.132352941176,1.89705882353,4.23529411765,3.27272727273,2.76923076923,1.71498585143,0.40492721492,0.204248366013,2.05798302171,0.971825315808,0.522875816993,1.79869233546,0.849382491746,0.464052287582,0.805541469338,0.424626510969,2.25,1.89705882353,0.805541469338,2.25,0.0702614379085,0.0214285714286,1,0.00147058823529,0.175454545455,17,17,17,1,0,0.352941176471,0.411764705882,0.235294117647,-1,-0.00367647058824,0.0147058823529,-0.117647058824,-0.0909090909091,-0.0769230769231,0.0215730078386,0.0158999400418,0.0102897014662,-0.0406860243059,0.00757197034072,0.00459282812224,-0.0799805377942,-0.0137915311015,-0.00653594771242,0.0193439002456,0.00695905238854,0,0.0147058823529,0.0193439002456,0,-0.0960784313725,-0.0397959183673,-2,-0.00294117647059,-0.0104978354978,0,0,0,36,0,1,235,0.972972972973,1,0,0.027027027027,1,0.972972972973,0.986301369863,0.984301887704,0.972972972973,0.972972972973,1,2,0,0,0,0
548,WLNM_dir_neg,1,0.5,00:00:02,10,20,11,1980862984,threshold_sweep,0.8,1,0.5,0.666666666667,1,0,1,4,0.5,1,0,0.5,1,0.5,0.666666666667,0.833333333333,0.611111111111,0.571428571429,0.632455532034,0.5,37,35,2,0,37,0,35,0,2,17,37,0.136029411765,1.88235294118,4.35294117647,3.36363636364,2.84615384615,1.69341284359,0.389027274878,0.193958664547,2.09866904602,0.964253345467,0.518282988871,1.87867287326,0.863174022847,0.470588235294,0.786197569093,0.41766745858,2.25,1.88235294118,0.786197569093,2.25,0.166339869281,0.0612244897959,3,0.00441176470588,0.185952380952,17,17,17,1,0,0.352941176471,0.411764705882,0.235294117647,17,0.128676470588,1.90196078431,4.11764705882,3.18181818182,2.69230769231,1.57648156274,0.382859808093,0.201680672269,2.01465221053,0.978545359402,0.524369747899,1.74894926439,0.849489642704,0.463865546218,0.814492905316,0.428238537847,2.33333333333,1.90196078431,0.814492905316,2.33333333333,0,0,0,0,0.164242424242,17,17,17,1,0,0.352941176471,0.411764705882,0.235294117647,17,36,0.132352941176,1.89705882353,4.23529411765,3.27272727273,2.76923076923,1.71498585143,0.40492721492,0.204248366013,2.05798302171,0.971825315808,0.522875816993,1.79869233546,0.849382491746,0.464052287582,0.805541469338,0.424626510969,2.25,1.89705882353,0.805541469338,2.25,0.0702614379085,0.0214285714286,1,0.00147058823529,0.175454545455,17,17,17,1,0,0.352941176471,0.411764705882,0.235294117647,-1,-0.00367647058824,0.0147058823529,-0.117647058824,-0.0909090909091,-0.0769230769231,0.0215730078386,0.0158999400418,0.0102897014662,-0.0406860243059,0.00757197034072,0.00459282812224,-0.0799805377942,-0.0137915311015,-0.00653594771242,0.0193439002456,0.00695905238854,0,0.0147058823529,0.0193439002456,0,-0.0960784313725,-0.0397959183673,-2,-0.00294117647059,-0.0104978354978,0,0,0,36,0,1,235,0.972972972973,1,0,0.027027027027,1,0.972972972973,0.986301369863,0.984301887704,0.972972972973,0.972972972973,1,2,0,0,0,0
549,WLNM_dir_neg,1,0.5,00:00:02,10,20,11,1980862984,threshold_sweep,0.9,1,0.5,0.666666666667,1,0,1,4,0.5,1,0,0.5,1,0.5,0.666666666667,0.833333333333,0.611111111111,0.571428571429,0.632455532034,0.5,37,35,2,0,37,0,35,0,2,17,37,0.136029411765,1.88235294118,4.35294117647,3.36363636364,2.84615384615,1.69341284359,0.389027274878,0.193958664547,2.09866904602,0.964253345467,0.518282988871,1.87867287326,0.863174022847,0.470588235294,0.786197569093,0.41766745858,2.25,1.88235294118,0.786197569093,2.25,0.166339869281,0.0612244897959,3,0.00441176470588,0.185952380952,17,17,17,1,0,0.352941176471,0.411764705882,0.235294117647,17,0.128676470588,1.90196078431,4.11764705882,3.18181818182,2.69230769231,1.57648156274,0.382859808093,0.201680672269,2.01465221053,0.978545359402,0.524369747899,1.74894926439,0.849489642704,0.463865546218,0.814492905316,0.428238537847,2.33333333333,1.90196078431,0.814492905316,2.33333333333,0,0,0,0,0.164242424242,17,17,17,1,0,0.352941176471,0.411764705882,0.235294117647,17,36,0.132352941176,1.89705882353,4.23529411765,3.27272727273,2.76923076923,1.71498585143,0.40492721492,0.204248366013,2.05798302171,0.971825315808,0.522875816993,1.79869233546,0.849382491746,0.464052287582,0.805541469338,0.424626510969,2.25,1.89705882353,0.805541469338,2.25,0.0702614379085,0.0214285714286,1,0.00147058823529,0.175454545455,17,17,17,1,0,0.352941176471,0.411764705882,0.235294117647,-1,-0.00367647058824,0.0147058823529,-0.117647058824,-0.0909090909091,-0.0769230769231,0.0215730078386,0.0158999400418,0.0102897014662,-0.0406860243059,0.00757197034072,0.00459282812224,-0.0799805377942,-0.0137915311015,-0.00653594771242,0.0193439002456,0.00695905238854,0,0.0147058823529,0.0193439002456,0,-0.0960784313725,-0.0397959183673,-2,-0.00294117647059,-0.0104978354978,0,0,0,36,0,1,235,0.972972972973,1,0,0.027027027027,1,0.972972972973,0.986301369863,0.984301887704,0.972972972973,0.972972972973,1,2,0,0,0,0
550,WLNM_dir_neg,1,0.5,00:00:02,10,20,12,1980862985,threshold_sweep,0.1,1,1,1,2,0,0,4,1,1,0,0,1,1,1,1,0.555555555556,1,1,1,37,35,2,0,37,0,35,0,2,17,37,0.136029411765,1.88235294118,4.35294117647,3.36363636364,2.84615384615,1.69341284359,0.389027274878,0.193958664547,2.09866904602,0.964253345467,0.518282988871,1.87867287326,0.863174022847,0.470588235294,0.786197569093,0.41766745858,2.25,1.88235294118,0.786197569093,2.25,0.166339869281,0.0612244897959,3,0.00441176470588,0.185952380952,17,17,17,1,0,0.352941176471,0.411764705882,0.235294117647,17,0.128676470588,1.90196078431,4.11764705882,3.18181818182,2.69230769231,1.57648156274,0.382859808093,0.201680672269,2.01465221053,0.978545359402,0.524369747899,1.74894926439,0.849489642704,0.463865546218,0.814492905316,0.428238537847,2.33333333333,1.90196078431,0.814492905316,2.33333333333,0,0,0,0,0.164242424242,17,17,17,1,0,0.352941176471,0.411764705882,0.235294117647,17,37,0.136029411765,1.88235294118,4.35294117647,3.36363636364,2.84615384615,1.69341284359,0.389027274878,0.193958664547,2.09866904602,0.964253345467,0.518282988871,1.87867287326,0.863174022847,0.470588235294,0.786197569093,0.41766745858,2.25,1.88235294118,0.786197569093,2.25,0.166339869281,0.0612244897959,3,0.00441176470588,0.185952380952,17,17,17,1,0,0.352941176471,0.411764705882,0.235294117647,0,0,0,0,0,0,0,0,0,0,0,0,0,0,0,0,0,0,0,0,0,0,0,0,0,0,0,0,0,37,0,0,235,1,1,0,0,1,1,1,1,1,1,2,2,0,0,0,0
551,WLNM_dir_neg,1,0.5,00:00:02,10,20,12,1980862985,threshold_sweep,0.2,1,1,1,2,0,0,4,1,1,0,0,1,1,1,1,0.555555555556,1,1,1,37,35,2,0,37,0,35,0,2,17,37,0.136029411765,1.88235294118,4.35294117647,3.36363636364,2.84615384615,1.69341284359,0.389027274878,0.193958664547,2.09866904602,0.964253345467,0.518282988871,1.87867287326,0.863174022847,0.470588235294,0.786197569093,0.41766745858,2.25,1.88235294118,0.786197569093,2.25,0.166339869281,0.0612244897959,3,0.00441176470588,0.185952380952,17,17,17,1,0,0.352941176471,0.411764705882,0.235294117647,17,0.128676470588,1.90196078431,4.11764705882,3.18181818182,2.69230769231,1.57648156274,0.382859808093,0.201680672269,2.01465221053,0.978545359402,0.524369747899,1.74894926439,0.849489642704,0.463865546218,0.814492905316,0.428238537847,2.33333333333,1.90196078431,0.814492905316,2.33333333333,0,0,0,0,0.164242424242,17,17,17,1,0,0.352941176471,0.411764705882,0.235294117647,17,37,0.136029411765,1.88235294118,4.35294117647,3.36363636364,2.84615384615,1.69341284359,0.389027274878,0.193958664547,2.09866904602,0.964253345467,0.518282988871,1.87867287326,0.863174022847,0.470588235294,0.786197569093,0.41766745858,2.25,1.88235294118,0.786197569093,2.25,0.166339869281,0.0612244897959,3,0.00441176470588,0.185952380952,17,17,17,1,0,0.352941176471,0.411764705882,0.235294117647,0,0,0,0,0,0,0,0,0,0,0,0,0,0,0,0,0,0,0,0,0,0,0,0,0,0,0,0,0,37,0,0,235,1,1,0,0,1,1,1,1,1,1,2,2,0,0,0,0
552,WLNM_dir_neg,1,0.5,00:00:02,10,20,12,1980862985,threshold_sweep,0.3,1,1,1,2,0,0,4,1,1,0,0,1,1,1,1,0.555555555556,1,1,1,37,35,2,0,37,0,35,0,2,17,37,0.136029411765,1.88235294118,4.35294117647,3.36363636364,2.84615384615,1.69341284359,0.389027274878,0.193958664547,2.09866904602,0.964253345467,0.518282988871,1.87867287326,0.863174022847,0.470588235294,0.786197569093,0.41766745858,2.25,1.88235294118,0.786197569093,2.25,0.166339869281,0.0612244897959,3,0.00441176470588,0.185952380952,17,17,17,1,0,0.352941176471,0.411764705882,0.235294117647,17,0.128676470588,1.90196078431,4.11764705882,3.18181818182,2.69230769231,1.57648156274,0.382859808093,0.201680672269,2.01465221053,0.978545359402,0.524369747899,1.74894926439,0.849489642704,0.463865546218,0.814492905316,0.428238537847,2.33333333333,1.90196078431,0.814492905316,2.33333333333,0,0,0,0,0.164242424242,17,17,17,1,0,0.352941176471,0.411764705882,0.235294117647,17,37,0.136029411765,1.88235294118,4.35294117647,3.36363636364,2.84615384615,1.69341284359,0.389027274878,0.193958664547,2.09866904602,0.964253345467,0.518282988871,1.87867287326,0.863174022847,0.470588235294,0.786197569093,0.41766745858,2.25,1.88235294118,0.786197569093,2.25,0.166339869281,0.0612244897959,3,0.00441176470588,0.185952380952,17,17,17,1,0,0.352941176471,0.411764705882,0.235294117647,0,0,0,0,0,0,0,0,0,0,0,0,0,0,0,0,0,0,0,0,0,0,0,0,0,0,0,0,0,37,0,0,235,1,1,0,0,1,1,1,1,1,1,2,2,0,0,0,0
553,WLNM_dir_neg,1,0.5,00:00:02,10,20,12,1980862985,threshold_sweep,0.4,1,1,1,2,0,0,4,1,1,0,0,1,1,1,1,0.555555555556,1,1,1,37,35,2,0,37,0,35,0,2,17,37,0.136029411765,1.88235294118,4.35294117647,3.36363636364,2.84615384615,1.69341284359,0.389027274878,0.193958664547,2.09866904602,0.964253345467,0.518282988871,1.87867287326,0.863174022847,0.470588235294,0.786197569093,0.41766745858,2.25,1.88235294118,0.786197569093,2.25,0.166339869281,0.0612244897959,3,0.00441176470588,0.185952380952,17,17,17,1,0,0.352941176471,0.411764705882,0.235294117647,17,0.128676470588,1.90196078431,4.11764705882,3.18181818182,2.69230769231,1.57648156274,0.382859808093,0.201680672269,2.01465221053,0.978545359402,0.524369747899,1.74894926439,0.849489642704,0.463865546218,0.814492905316,0.428238537847,2.33333333333,1.90196078431,0.814492905316,2.33333333333,0,0,0,0,0.164242424242,17,17,17,1,0,0.352941176471,0.411764705882,0.235294117647,17,37,0.136029411765,1.88235294118,4.35294117647,3.36363636364,2.84615384615,1.69341284359,0.389027274878,0.193958664547,2.09866904602,0.964253345467,0.518282988871,1.87867287326,0.863174022847,0.470588235294,0.786197569093,0.41766745858,2.25,1.88235294118,0.786197569093,2.25,0.166339869281,0.0612244897959,3,0.00441176470588,0.185952380952,17,17,17,1,0,0.352941176471,0.411764705882,0.235294117647,0,0,0,0,0,0,0,0,0,0,0,0,0,0,0,0,0,0,0,0,0,0,0,0,0,0,0,0,0,37,0,0,235,1,1,0,0,1,1,1,1,1,1,2,2,0,0,0,0
554,WLNM_dir_neg,1,0.5,00:00:02,10,20,12,1980862985,threshold_sweep,0.5,1,1,1,2,0,0,4,1,1,0,0,1,1,1,1,0.555555555556,1,1,1,37,35,2,0,37,0,35,0,2,17,37,0.136029411765,1.88235294118,4.35294117647,3.36363636364,2.84615384615,1.69341284359,0.389027274878,0.193958664547,2.09866904602,0.964253345467,0.518282988871,1.87867287326,0.863174022847,0.470588235294,0.786197569093,0.41766745858,2.25,1.88235294118,0.786197569093,2.25,0.166339869281,0.0612244897959,3,0.00441176470588,0.185952380952,17,17,17,1,0,0.352941176471,0.411764705882,0.235294117647,17,0.128676470588,1.90196078431,4.11764705882,3.18181818182,2.69230769231,1.57648156274,0.382859808093,0.201680672269,2.01465221053,0.978545359402,0.524369747899,1.74894926439,0.849489642704,0.463865546218,0.814492905316,0.428238537847,2.33333333333,1.90196078431,0.814492905316,2.33333333333,0,0,0,0,0.164242424242,17,17,17,1,0,0.352941176471,0.411764705882,0.235294117647,17,37,0.136029411765,1.88235294118,4.35294117647,3.36363636364,2.84615384615,1.69341284359,0.389027274878,0.193958664547,2.09866904602,0.964253345467,0.518282988871,1.87867287326,0.863174022847,0.470588235294,0.786197569093,0.41766745858,2.25,1.88235294118,0.786197569093,2.25,0.166339869281,0.0612244897959,3,0.00441176470588,0.185952380952,17,17,17,1,0,0.352941176471,0.411764705882,0.235294117647,0,0,0,0,0,0,0,0,0,0,0,0,0,0,0,0,0,0,0,0,0,0,0,0,0,0,0,0,0,37,0,0,235,1,1,0,0,1,1,1,1,1,1,2,2,0,0,0,0
555,WLNM_dir_neg,1,0.5,00:00:02,10,20,12,1980862985,threshold_sweep,0.6,1,1,1,2,0,0,4,1,1,0,0,1,1,1,1,0.555555555556,1,1,1,37,35,2,0,37,0,35,0,2,17,37,0.136029411765,1.88235294118,4.35294117647,3.36363636364,2.84615384615,1.69341284359,0.389027274878,0.193958664547,2.09866904602,0.964253345467,0.518282988871,1.87867287326,0.863174022847,0.470588235294,0.786197569093,0.41766745858,2.25,1.88235294118,0.786197569093,2.25,0.166339869281,0.0612244897959,3,0.00441176470588,0.185952380952,17,17,17,1,0,0.352941176471,0.411764705882,0.235294117647,17,0.128676470588,1.90196078431,4.11764705882,3.18181818182,2.69230769231,1.57648156274,0.382859808093,0.201680672269,2.01465221053,0.978545359402,0.524369747899,1.74894926439,0.849489642704,0.463865546218,0.814492905316,0.428238537847,2.33333333333,1.90196078431,0.814492905316,2.33333333333,0,0,0,0,0.164242424242,17,17,17,1,0,0.352941176471,0.411764705882,0.235294117647,17,37,0.136029411765,1.88235294118,4.35294117647,3.36363636364,2.84615384615,1.69341284359,0.389027274878,0.193958664547,2.09866904602,0.964253345467,0.518282988871,1.87867287326,0.863174022847,0.470588235294,0.786197569093,0.41766745858,2.25,1.88235294118,0.786197569093,2.25,0.166339869281,0.0612244897959,3,0.00441176470588,0.185952380952,17,17,17,1,0,0.352941176471,0.411764705882,0.235294117647,0,0,0,0,0,0,0,0,0,0,0,0,0,0,0,0,0,0,0,0,0,0,0,0,0,0,0,0,0,37,0,0,235,1,1,0,0,1,1,1,1,1,1,2,2,0,0,0,0
556,WLNM_dir_neg,1,0.5,00:00:02,10,20,12,1980862985,threshold_sweep,0.7,1,1,1,2,0,0,4,1,1,0,0,1,1,1,1,0.555555555556,1,1,1,37,35,2,0,37,0,35,0,2,17,37,0.136029411765,1.88235294118,4.35294117647,3.36363636364,2.84615384615,1.69341284359,0.389027274878,0.193958664547,2.09866904602,0.964253345467,0.518282988871,1.87867287326,0.863174022847,0.470588235294,0.786197569093,0.41766745858,2.25,1.88235294118,0.786197569093,2.25,0.166339869281,0.0612244897959,3,0.00441176470588,0.185952380952,17,17,17,1,0,0.352941176471,0.411764705882,0.235294117647,17,0.128676470588,1.90196078431,4.11764705882,3.18181818182,2.69230769231,1.57648156274,0.382859808093,0.201680672269,2.01465221053,0.978545359402,0.524369747899,1.74894926439,0.849489642704,0.463865546218,0.814492905316,0.428238537847,2.33333333333,1.90196078431,0.814492905316,2.33333333333,0,0,0,0,0.164242424242,17,17,17,1,0,0.352941176471,0.411764705882,0.235294117647,17,37,0.136029411765,1.88235294118,4.35294117647,3.36363636364,2.84615384615,1.69341284359,0.389027274878,0.193958664547,2.09866904602,0.964253345467,0.518282988871,1.87867287326,0.863174022847,0.470588235294,0.786197569093,0.41766745858,2.25,1.88235294118,0.786197569093,2.25,0.166339869281,0.0612244897959,3,0.00441176470588,0.185952380952,17,17,17,1,0,0.352941176471,0.411764705882,0.235294117647,0,0,0,0,0,0,0,0,0,0,0,0,0,0,0,0,0,0,0,0,0,0,0,0,0,0,0,0,0,37,0,0,235,1,1,0,0,1,1,1,1,1,1,2,2,0,0,0,0
557,WLNM_dir_neg,1,0.5,00:00:02,10,20,12,1980862985,threshold_sweep,0.8,1,1,1,2,0,0,4,1,1,0,0,1,1,1,1,0.555555555556,1,1,1,37,35,2,0,37,0,35,0,2,17,37,0.136029411765,1.88235294118,4.35294117647,3.36363636364,2.84615384615,1.69341284359,0.389027274878,0.193958664547,2.09866904602,0.964253345467,0.518282988871,1.87867287326,0.863174022847,0.470588235294,0.786197569093,0.41766745858,2.25,1.88235294118,0.786197569093,2.25,0.166339869281,0.0612244897959,3,0.00441176470588,0.185952380952,17,17,17,1,0,0.352941176471,0.411764705882,0.235294117647,17,0.128676470588,1.90196078431,4.11764705882,3.18181818182,2.69230769231,1.57648156274,0.382859808093,0.201680672269,2.01465221053,0.978545359402,0.524369747899,1.74894926439,0.849489642704,0.463865546218,0.814492905316,0.428238537847,2.33333333333,1.90196078431,0.814492905316,2.33333333333,0,0,0,0,0.164242424242,17,17,17,1,0,0.352941176471,0.411764705882,0.235294117647,17,37,0.136029411765,1.88235294118,4.35294117647,3.36363636364,2.84615384615,1.69341284359,0.389027274878,0.193958664547,2.09866904602,0.964253345467,0.518282988871,1.87867287326,0.863174022847,0.470588235294,0.786197569093,0.41766745858,2.25,1.88235294118,0.786197569093,2.25,0.166339869281,0.0612244897959,3,0.00441176470588,0.185952380952,17,17,17,1,0,0.352941176471,0.411764705882,0.235294117647,0,0,0,0,0,0,0,0,0,0,0,0,0,0,0,0,0,0,0,0,0,0,0,0,0,0,0,0,0,37,0,0,235,1,1,0,0,1,1,1,1,1,1,2,2,0,0,0,0
558,WLNM_dir_neg,1,0.5,00:00:02,10,20,12,1980862985,threshold_sweep,0.9,1,1,1,2,0,0,4,1,1,0,0,1,1,1,1,0.555555555556,1,1,1,37,35,2,0,37,0,35,0,2,17,37,0.136029411765,1.88235294118,4.35294117647,3.36363636364,2.84615384615,1.69341284359,0.389027274878,0.193958664547,2.09866904602,0.964253345467,0.518282988871,1.87867287326,0.863174022847,0.470588235294,0.786197569093,0.41766745858,2.25,1.88235294118,0.786197569093,2.25,0.166339869281,0.0612244897959,3,0.00441176470588,0.185952380952,17,17,17,1,0,0.352941176471,0.411764705882,0.235294117647,17,0.128676470588,1.90196078431,4.11764705882,3.18181818182,2.69230769231,1.57648156274,0.382859808093,0.201680672269,2.01465221053,0.978545359402,0.524369747899,1.74894926439,0.849489642704,0.463865546218,0.814492905316,0.428238537847,2.33333333333,1.90196078431,0.814492905316,2.33333333333,0,0,0,0,0.164242424242,17,17,17,1,0,0.352941176471,0.411764705882,0.235294117647,17,37,0.136029411765,1.88235294118,4.35294117647,3.36363636364,2.84615384615,1.69341284359,0.389027274878,0.193958664547,2.09866904602,0.964253345467,0.518282988871,1.87867287326,0.863174022847,0.470588235294,0.786197569093,0.41766745858,2.25,1.88235294118,0.786197569093,2.25,0.166339869281,0.0612244897959,3,0.00441176470588,0.185952380952,17,17,17,1,0,0.352941176471,0.411764705882,0.235294117647,0,0,0,0,0,0,0,0,0,0,0,0,0,0,0,0,0,0,0,0,0,0,0,0,0,0,0,0,0,37,0,0,235,1,1,0,0,1,1,1,1,1,1,2,2,0,0,0,0
559,WLNM_dir_neg,1,0.5,00:00:01,10,20,13,1980862986,threshold_sweep,0.1,0.666666666667,1,0.8,2,1,0,3,1,0.75,0.25,0,0.666666666667,1,0.8,0.833333333333,0.5,0.666666666667,0.707106781187,0.75,37,35,2,0,37,0,35,0,2,17,37,0.136029411765,1.88235294118,4.35294117647,3.36363636364,2.84615384615,1.69341284359,0.389027274878,0.193958664547,2.09866904602,0.964253345467,0.518282988871,1.87867287326,0.863174022847,0.470588235294,0.786197569093,0.41766745858,2.25,1.88235294118,0.786197569093,2.25,0.166339869281,0.0612244897959,3,0.00441176470588,0.185952380952,17,17,17,1,0,0.352941176471,0.411764705882,0.235294117647,17,0.128676470588,1.90196078431,4.11764705882,3.18181818182,2.69230769231,1.57648156274,0.382859808093,0.201680672269,2.01465221053,0.978545359402,0.524369747899,1.74894926439,0.849489642704,0.463865546218,0.814492905316,0.428238537847,2.33333333333,1.90196078431,0.814492905316,2.33333333333,0,0,0,0,0.164242424242,17,17,17,1,0,0.352941176471,0.411764705882,0.235294117647,17,38,0.139705882353,1.87941176471,4.47058823529,3.45454545455,2.71428571429,1.73629084037,0.388380845872,0.198142414861,2.16591238756,0.968960804961,0.517027863777,1.82103719638,0.814674535221,0.442724458204,0.780836655359,0.415468642914,2.2,1.87941176471,0.780836655359,2.2,0.162418300654,0.0576923076923,3,0.00441176470588,0.182878787879,17,17,17,1,0,0.352941176471,0.470588235294,0.176470588235,1,0.00367647058824,-0.00294117647059,0.117647058824,0.0909090909091,-0.131868131868,0.0428779967836,-0.000646429005719,0.00418375031378,0.0672433415445,0.00470745949447,-0.00125512509413,-0.0576356768785,-0.0484994876259,-0.0278637770898,-0.00536091373311,-0.00219881566616,-0.05,-0.00294117647059,-0.00536091373311,-0.05,-0.00392156862745,-0.00353218210361,0,0,-0.00307359307359,0,0.0588235294118,-0.0588235294118,37,1,0,234,1,0.995744680851,0.00425531914894,0,0.973684210526,1,0.986666666667,0.984652666406,0.995744680851,0.973684210526,3,2,0,0,0,0
560,WLNM_dir_neg,1,0.5,00:00:01,10,20,13,1980862986,threshold_sweep,0.2,0.666666666667,1,0.8,2,1,0,3,1,0.75,0.25,0,0.666666666667,1,0.8,0.833333333333,0.5,0.666666666667,0.707106781187,0.75,37,35,2,0,37,0,35,0,2,17,37,0.136029411765,1.88235294118,4.35294117647,3.36363636364,2.84615384615,1.69341284359,0.389027274878,0.193958664547,2.09866904602,0.964253345467,0.518282988871,1.87867287326,0.863174022847,0.470588235294,0.786197569093,0.41766745858,2.25,1.88235294118,0.786197569093,2.25,0.166339869281,0.0612244897959,3,0.00441176470588,0.185952380952,17,17,17,1,0,0.352941176471,0.411764705882,0.235294117647,17,0.128676470588,1.90196078431,4.11764705882,3.18181818182,2.69230769231,1.57648156274,0.382859808093,0.201680672269,2.01465221053,0.978545359402,0.524369747899,1.74894926439,0.849489642704,0.463865546218,0.814492905316,0.428238537847,2.33333333333,1.90196078431,0.814492905316,2.33333333333,0,0,0,0,0.164242424242,17,17,17,1,0,0.352941176471,0.411764705882,0.235294117647,17,38,0.139705882353,1.87941176471,4.47058823529,3.45454545455,2.71428571429,1.73629084037,0.388380845872,0.198142414861,2.16591238756,0.968960804961,0.517027863777,1.82103719638,0.814674535221,0.442724458204,0.780836655359,0.415468642914,2.2,1.87941176471,0.780836655359,2.2,0.162418300654,0.0576923076923,3,0.00441176470588,0.182878787879,17,17,17,1,0,0.352941176471,0.470588235294,0.176470588235,1,0.00367647058824,-0.00294117647059,0.117647058824,0.0909090909091,-0.131868131868,0.0428779967836,-0.000646429005719,0.00418375031378,0.0672433415445,0.00470745949447,-0.00125512509413,-0.0576356768785,-0.0484994876259,-0.0278637770898,-0.00536091373311,-0.00219881566616,-0.05,-0.00294117647059,-0.00536091373311,-0.05,-0.00392156862745,-0.00353218210361,0,0,-0.00307359307359,0,0.0588235294118,-0.0588235294118,37,1,0,234,1,0.995744680851,0.00425531914894,0,0.973684210526,1,0.986666666667,0.984652666406,0.995744680851,0.973684210526,3,2,0,0,0,0
561,WLNM_dir_neg,1,0.5,00:00:01,10,20,13,1980862986,threshold_sweep,0.3,0.666666666667,1,0.8,2,1,0,3,1,0.75,0.25,0,0.666666666667,1,0.8,0.833333333333,0.5,0.666666666667,0.707106781187,0.75,37,35,2,0,37,0,35,0,2,17,37,0.136029411765,1.88235294118,4.35294117647,3.36363636364,2.84615384615,1.69341284359,0.389027274878,0.193958664547,2.09866904602,0.964253345467,0.518282988871,1.87867287326,0.863174022847,0.470588235294,0.786197569093,0.41766745858,2.25,1.88235294118,0.786197569093,2.25,0.166339869281,0.0612244897959,3,0.00441176470588,0.185952380952,17,17,17,1,0,0.352941176471,0.411764705882,0.235294117647,17,0.128676470588,1.90196078431,4.11764705882,3.18181818182,2.69230769231,1.57648156274,0.382859808093,0.201680672269,2.01465221053,0.978545359402,0.524369747899,1.74894926439,0.849489642704,0.463865546218,0.814492905316,0.428238537847,2.33333333333,1.90196078431,0.814492905316,2.33333333333,0,0,0,0,0.164242424242,17,17,17,1,0,0.352941176471,0.411764705882,0.235294117647,17,38,0.139705882353,1.87941176471,4.47058823529,3.45454545455,2.71428571429,1.73629084037,0.388380845872,0.198142414861,2.16591238756,0.968960804961,0.517027863777,1.82103719638,0.814674535221,0.442724458204,0.780836655359,0.415468642914,2.2,1.87941176471,0.780836655359,2.2,0.162418300654,0.0576923076923,3,0.00441176470588,0.182878787879,17,17,17,1,0,0.352941176471,0.470588235294,0.176470588235,1,0.00367647058824,-0.00294117647059,0.117647058824,0.0909090909091,-0.131868131868,0.0428779967836,-0.000646429005719,0.00418375031378,0.0672433415445,0.00470745949447,-0.00125512509413,-0.0576356768785,-0.0484994876259,-0.0278637770898,-0.00536091373311,-0.00219881566616,-0.05,-0.00294117647059,-0.00536091373311,-0.05,-0.00392156862745,-0.00353218210361,0,0,-0.00307359307359,0,0.0588235294118,-0.0588235294118,37,1,0,234,1,0.995744680851,0.00425531914894,0,0.973684210526,1,0.986666666667,0.984652666406,0.995744680851,0.973684210526,3,2,0,0,0,0
562,WLNM_dir_neg,1,0.5,00:00:01,10,20,13,1980862986,threshold_sweep,0.4,0.666666666667,1,0.8,2,1,0,3,1,0.75,0.25,0,0.666666666667,1,0.8,0.833333333333,0.5,0.666666666667,0.707106781187,0.75,37,35,2,0,37,0,35,0,2,17,37,0.136029411765,1.88235294118,4.35294117647,3.36363636364,2.84615384615,1.69341284359,0.389027274878,0.193958664547,2.09866904602,0.964253345467,0.518282988871,1.87867287326,0.863174022847,0.470588235294,0.786197569093,0.41766745858,2.25,1.88235294118,0.786197569093,2.25,0.166339869281,0.0612244897959,3,0.00441176470588,0.185952380952,17,17,17,1,0,0.352941176471,0.411764705882,0.235294117647,17,0.128676470588,1.90196078431,4.11764705882,3.18181818182,2.69230769231,1.57648156274,0.382859808093,0.201680672269,2.01465221053,0.978545359402,0.524369747899,1.74894926439,0.849489642704,0.463865546218,0.814492905316,0.428238537847,2.33333333333,1.90196078431,0.814492905316,2.33333333333,0,0,0,0,0.164242424242,17,17,17,1,0,0.352941176471,0.411764705882,0.235294117647,17,38,0.139705882353,1.87941176471,4.47058823529,3.45454545455,2.71428571429,1.73629084037,0.388380845872,0.198142414861,2.16591238756,0.968960804961,0.517027863777,1.82103719638,0.814674535221,0.442724458204,0.780836655359,0.415468642914,2.2,1.87941176471,0.780836655359,2.2,0.162418300654,0.0576923076923,3,0.00441176470588,0.182878787879,17,17,17,1,0,0.352941176471,0.470588235294,0.176470588235,1,0.00367647058824,-0.00294117647059,0.117647058824,0.0909090909091,-0.131868131868,0.0428779967836,-0.000646429005719,0.00418375031378,0.0672433415445,0.00470745949447,-0.00125512509413,-0.0576356768785,-0.0484994876259,-0.0278637770898,-0.00536091373311,-0.00219881566616,-0.05,-0.00294117647059,-0.00536091373311,-0.05,-0.00392156862745,-0.00353218210361,0,0,-0.00307359307359,0,0.0588235294118,-0.0588235294118,37,1,0,234,1,0.995744680851,0.00425531914894,0,0.973684210526,1,0.986666666667,0.984652666406,0.995744680851,0.973684210526,3,2,0,0,0,0
563,WLNM_dir_neg,1,0.5,00:00:01,10,20,13,1980862986,threshold_sweep,0.5,0.666666666667,1,0.8,2,1,0,3,1,0.75,0.25,0,0.666666666667,1,0.8,0.833333333333,0.5,0.666666666667,0.707106781187,0.75,37,35,2,0,37,0,35,0,2,17,37,0.136029411765,1.88235294118,4.35294117647,3.36363636364,2.84615384615,1.69341284359,0.389027274878,0.193958664547,2.09866904602,0.964253345467,0.518282988871,1.87867287326,0.863174022847,0.470588235294,0.786197569093,0.41766745858,2.25,1.88235294118,0.786197569093,2.25,0.166339869281,0.0612244897959,3,0.00441176470588,0.185952380952,17,17,17,1,0,0.352941176471,0.411764705882,0.235294117647,17,0.128676470588,1.90196078431,4.11764705882,3.18181818182,2.69230769231,1.57648156274,0.382859808093,0.201680672269,2.01465221053,0.978545359402,0.524369747899,1.74894926439,0.849489642704,0.463865546218,0.814492905316,0.428238537847,2.33333333333,1.90196078431,0.814492905316,2.33333333333,0,0,0,0,0.164242424242,17,17,17,1,0,0.352941176471,0.411764705882,0.235294117647,17,38,0.139705882353,1.87941176471,4.47058823529,3.45454545455,2.71428571429,1.73629084037,0.388380845872,0.198142414861,2.16591238756,0.968960804961,0.517027863777,1.82103719638,0.814674535221,0.442724458204,0.780836655359,0.415468642914,2.2,1.87941176471,0.780836655359,2.2,0.162418300654,0.0576923076923,3,0.00441176470588,0.182878787879,17,17,17,1,0,0.352941176471,0.470588235294,0.176470588235,1,0.00367647058824,-0.00294117647059,0.117647058824,0.0909090909091,-0.131868131868,0.0428779967836,-0.000646429005719,0.00418375031378,0.0672433415445,0.00470745949447,-0.00125512509413,-0.0576356768785,-0.0484994876259,-0.0278637770898,-0.00536091373311,-0.00219881566616,-0.05,-0.00294117647059,-0.00536091373311,-0.05,-0.00392156862745,-0.00353218210361,0,0,-0.00307359307359,0,0.0588235294118,-0.0588235294118,37,1,0,234,1,0.995744680851,0.00425531914894,0,0.973684210526,1,0.986666666667,0.984652666406,0.995744680851,0.973684210526,3,2,0,0,0,0
564,WLNM_dir_neg,1,0.5,00:00:01,10,20,13,1980862986,threshold_sweep,0.6,0.666666666667,1,0.8,2,1,0,3,1,0.75,0.25,0,0.666666666667,1,0.8,0.833333333333,0.5,0.666666666667,0.707106781187,0.75,37,35,2,0,37,0,35,0,2,17,37,0.136029411765,1.88235294118,4.35294117647,3.36363636364,2.84615384615,1.69341284359,0.389027274878,0.193958664547,2.09866904602,0.964253345467,0.518282988871,1.87867287326,0.863174022847,0.470588235294,0.786197569093,0.41766745858,2.25,1.88235294118,0.786197569093,2.25,0.166339869281,0.0612244897959,3,0.00441176470588,0.185952380952,17,17,17,1,0,0.352941176471,0.411764705882,0.235294117647,17,0.128676470588,1.90196078431,4.11764705882,3.18181818182,2.69230769231,1.57648156274,0.382859808093,0.201680672269,2.01465221053,0.978545359402,0.524369747899,1.74894926439,0.849489642704,0.463865546218,0.814492905316,0.428238537847,2.33333333333,1.90196078431,0.814492905316,2.33333333333,0,0,0,0,0.164242424242,17,17,17,1,0,0.352941176471,0.411764705882,0.235294117647,17,38,0.139705882353,1.87941176471,4.47058823529,3.45454545455,2.71428571429,1.73629084037,0.388380845872,0.198142414861,2.16591238756,0.968960804961,0.517027863777,1.82103719638,0.814674535221,0.442724458204,0.780836655359,0.415468642914,2.2,1.87941176471,0.780836655359,2.2,0.162418300654,0.0576923076923,3,0.00441176470588,0.182878787879,17,17,17,1,0,0.352941176471,0.470588235294,0.176470588235,1,0.00367647058824,-0.00294117647059,0.117647058824,0.0909090909091,-0.131868131868,0.0428779967836,-0.000646429005719,0.00418375031378,0.0672433415445,0.00470745949447,-0.00125512509413,-0.0576356768785,-0.0484994876259,-0.0278637770898,-0.00536091373311,-0.00219881566616,-0.05,-0.00294117647059,-0.00536091373311,-0.05,-0.00392156862745,-0.00353218210361,0,0,-0.00307359307359,0,0.0588235294118,-0.0588235294118,37,1,0,234,1,0.995744680851,0.00425531914894,0,0.973684210526,1,0.986666666667,0.984652666406,0.995744680851,0.973684210526,3,2,0,0,0,0
565,WLNM_dir_neg,1,0.5,00:00:01,10,20,13,1980862986,threshold_sweep,0.7,0.666666666667,1,0.8,2,1,0,3,1,0.75,0.25,0,0.666666666667,1,0.8,0.833333333333,0.5,0.666666666667,0.707106781187,0.75,37,35,2,0,37,0,35,0,2,17,37,0.136029411765,1.88235294118,4.35294117647,3.36363636364,2.84615384615,1.69341284359,0.389027274878,0.193958664547,2.09866904602,0.964253345467,0.518282988871,1.87867287326,0.863174022847,0.470588235294,0.786197569093,0.41766745858,2.25,1.88235294118,0.786197569093,2.25,0.166339869281,0.0612244897959,3,0.00441176470588,0.185952380952,17,17,17,1,0,0.352941176471,0.411764705882,0.235294117647,17,0.128676470588,1.90196078431,4.11764705882,3.18181818182,2.69230769231,1.57648156274,0.382859808093,0.201680672269,2.01465221053,0.978545359402,0.524369747899,1.74894926439,0.849489642704,0.463865546218,0.814492905316,0.428238537847,2.33333333333,1.90196078431,0.814492905316,2.33333333333,0,0,0,0,0.164242424242,17,17,17,1,0,0.352941176471,0.411764705882,0.235294117647,17,38,0.139705882353,1.87941176471,4.47058823529,3.45454545455,2.71428571429,1.73629084037,0.388380845872,0.198142414861,2.16591238756,0.968960804961,0.517027863777,1.82103719638,0.814674535221,0.442724458204,0.780836655359,0.415468642914,2.2,1.87941176471,0.780836655359,2.2,0.162418300654,0.0576923076923,3,0.00441176470588,0.182878787879,17,17,17,1,0,0.352941176471,0.470588235294,0.176470588235,1,0.00367647058824,-0.00294117647059,0.117647058824,0.0909090909091,-0.131868131868,0.0428779967836,-0.000646429005719,0.00418375031378,0.0672433415445,0.00470745949447,-0.00125512509413,-0.0576356768785,-0.0484994876259,-0.0278637770898,-0.00536091373311,-0.00219881566616,-0.05,-0.00294117647059,-0.00536091373311,-0.05,-0.00392156862745,-0.00353218210361,0,0,-0.00307359307359,0,0.0588235294118,-0.0588235294118,37,1,0,234,1,0.995744680851,0.00425531914894,0,0.973684210526,1,0.986666666667,0.984652666406,0.995744680851,0.973684210526,3,2,0,0,0,0
566,WLNM_dir_neg,1,0.5,00:00:01,10,20,13,1980862986,threshold_sweep,0.8,0.666666666667,1,0.8,2,1,0,3,1,0.75,0.25,0,0.666666666667,1,0.8,0.833333333333,0.5,0.666666666667,0.707106781187,0.75,37,35,2,0,37,0,35,0,2,17,37,0.136029411765,1.88235294118,4.35294117647,3.36363636364,2.84615384615,1.69341284359,0.389027274878,0.193958664547,2.09866904602,0.964253345467,0.518282988871,1.87867287326,0.863174022847,0.470588235294,0.786197569093,0.41766745858,2.25,1.88235294118,0.786197569093,2.25,0.166339869281,0.0612244897959,3,0.00441176470588,0.185952380952,17,17,17,1,0,0.352941176471,0.411764705882,0.235294117647,17,0.128676470588,1.90196078431,4.11764705882,3.18181818182,2.69230769231,1.57648156274,0.382859808093,0.201680672269,2.01465221053,0.978545359402,0.524369747899,1.74894926439,0.849489642704,0.463865546218,0.814492905316,0.428238537847,2.33333333333,1.90196078431,0.814492905316,2.33333333333,0,0,0,0,0.164242424242,17,17,17,1,0,0.352941176471,0.411764705882,0.235294117647,17,38,0.139705882353,1.87941176471,4.47058823529,3.45454545455,2.71428571429,1.73629084037,0.388380845872,0.198142414861,2.16591238756,0.968960804961,0.517027863777,1.82103719638,0.814674535221,0.442724458204,0.780836655359,0.415468642914,2.2,1.87941176471,0.780836655359,2.2,0.162418300654,0.0576923076923,3,0.00441176470588,0.182878787879,17,17,17,1,0,0.352941176471,0.470588235294,0.176470588235,1,0.00367647058824,-0.00294117647059,0.117647058824,0.0909090909091,-0.131868131868,0.0428779967836,-0.000646429005719,0.00418375031378,0.0672433415445,0.00470745949447,-0.00125512509413,-0.0576356768785,-0.0484994876259,-0.0278637770898,-0.00536091373311,-0.00219881566616,-0.05,-0.00294117647059,-0.00536091373311,-0.05,-0.00392156862745,-0.00353218210361,0,0,-0.00307359307359,0,0.0588235294118,-0.0588235294118,37,1,0,234,1,0.995744680851,0.00425531914894,0,0.973684210526,1,0.986666666667,0.984652666406,0.995744680851,0.973684210526,3,2,0,0,0,0
567,WLNM_dir_neg,1,0.5,00:00:01,10,20,13,1980862986,threshold_sweep,0.9,0.666666666667,1,0.8,2,1,0,3,1,0.75,0.25,0,0.666666666667,1,0.8,0.833333333333,0.5,0.666666666667,0.707106781187,0.75,37,35,2,0,37,0,35,0,2,17,37,0.136029411765,1.88235294118,4.35294117647,3.36363636364,2.84615384615,1.69341284359,0.389027274878,0.193958664547,2.09866904602,0.964253345467,0.518282988871,1.87867287326,0.863174022847,0.470588235294,0.786197569093,0.41766745858,2.25,1.88235294118,0.786197569093,2.25,0.166339869281,0.0612244897959,3,0.00441176470588,0.185952380952,17,17,17,1,0,0.352941176471,0.411764705882,0.235294117647,17,0.128676470588,1.90196078431,4.11764705882,3.18181818182,2.69230769231,1.57648156274,0.382859808093,0.201680672269,2.01465221053,0.978545359402,0.524369747899,1.74894926439,0.849489642704,0.463865546218,0.814492905316,0.428238537847,2.33333333333,1.90196078431,0.814492905316,2.33333333333,0,0,0,0,0.164242424242,17,17,17,1,0,0.352941176471,0.411764705882,0.235294117647,17,38,0.139705882353,1.87941176471,4.47058823529,3.45454545455,2.71428571429,1.73629084037,0.388380845872,0.198142414861,2.16591238756,0.968960804961,0.517027863777,1.82103719638,0.814674535221,0.442724458204,0.780836655359,0.415468642914,2.2,1.87941176471,0.780836655359,2.2,0.162418300654,0.0576923076923,3,0.00441176470588,0.182878787879,17,17,17,1,0,0.352941176471,0.470588235294,0.176470588235,1,0.00367647058824,-0.00294117647059,0.117647058824,0.0909090909091,-0.131868131868,0.0428779967836,-0.000646429005719,0.00418375031378,0.0672433415445,0.00470745949447,-0.00125512509413,-0.0576356768785,-0.0484994876259,-0.0278637770898,-0.00536091373311,-0.00219881566616,-0.05,-0.00294117647059,-0.00536091373311,-0.05,-0.00392156862745,-0.00353218210361,0,0,-0.00307359307359,0,0.0588235294118,-0.0588235294118,37,1,0,234,1,0.995744680851,0.00425531914894,0,0.973684210526,1,0.986666666667,0.984652666406,0.995744680851,0.973684210526,3,2,0,0,0,0
568,WLNM_dir_neg,0.875,0.291666666667,00:00:02,10,20,14,1980862987,threshold_sweep,0.1,0.666666666667,1,0.8,2,1,0,3,1,0.75,0.25,0,0.666666666667,1,0.8,0.833333333333,0.5,0.666666666667,0.707106781187,0.75,37,35,2,0,37,0,35,0,2,17,37,0.136029411765,1.88235294118,4.35294117647,3.36363636364,2.84615384615,1.69341284359,0.389027274878,0.193958664547,2.09866904602,0.964253345467,0.518282988871,1.87867287326,0.863174022847,0.470588235294,0.786197569093,0.41766745858,2.25,1.88235294118,0.786197569093,2.25,0.166339869281,0.0612244897959,3,0.00441176470588,0.185952380952,17,17,17,1,0,0.352941176471,0.411764705882,0.235294117647,17,0.128676470588,1.90196078431,4.11764705882,3.18181818182,2.69230769231,1.57648156274,0.382859808093,0.201680672269,2.01465221053,0.978545359402,0.524369747899,1.74894926439,0.849489642704,0.463865546218,0.814492905316,0.428238537847,2.33333333333,1.90196078431,0.814492905316,2.33333333333,0,0,0,0,0.164242424242,17,17,17,1,0,0.352941176471,0.411764705882,0.235294117647,17,38,0.139705882353,1.95378151261,4.47058823529,3.45454545455,2.71428571429,1.77192152263,0.396350866904,0.205882352941,2.1074098962,0.942788637772,0.50773993808,1.82103719638,0.814674535221,0.442724458204,0.854512771602,0.43736352611,2.42857142857,1.95378151261,0.854512771602,2.42857142857,0.166339869281,0.0612244897959,3,0.00441176470588,0.177813852814,17,17,17,1,0,0.352941176471,0.470588235294,0.176470588235,1,0.00367647058824,0.0714285714286,0.117647058824,0.0909090909091,-0.131868131868,0.0785086790417,0.0073235920257,0.0119236883943,0.00874085018076,-0.0214647076946,-0.0105430507907,-0.0576356768785,-0.0484994876259,-0.0278637770898,0.0683152025093,0.0196960675298,0.178571428571,0.0714285714286,0.0683152025093,0.178571428571,0,0,0,0,-0.00813852813853,0,0.0588235294118,-0.0588235294118,37,1,0,234,1,0.995744680851,0.00425531914894,0,0.973684210526,1,0.986666666667,0.984652666406,0.995744680851,0.973684210526,3,2,0,0,0,0
569,WLNM_dir_neg,0.875,0.291666666667,00:00:02,10,20,14,1980862987,threshold_sweep,0.2,0.666666666667,1,0.8,2,1,0,3,1,0.75,0.25,0,0.666666666667,1,0.8,0.833333333333,0.5,0.666666666667,0.707106781187,0.75,37,35,2,0,37,0,35,0,2,17,37,0.136029411765,1.88235294118,4.35294117647,3.36363636364,2.84615384615,1.69341284359,0.389027274878,0.193958664547,2.09866904602,0.964253345467,0.518282988871,1.87867287326,0.863174022847,0.470588235294,0.786197569093,0.41766745858,2.25,1.88235294118,0.786197569093,2.25,0.166339869281,0.0612244897959,3,0.00441176470588,0.185952380952,17,17,17,1,0,0.352941176471,0.411764705882,0.235294117647,17,0.128676470588,1.90196078431,4.11764705882,3.18181818182,2.69230769231,1.57648156274,0.382859808093,0.201680672269,2.01465221053,0.978545359402,0.524369747899,1.74894926439,0.849489642704,0.463865546218,0.814492905316,0.428238537847,2.33333333333,1.90196078431,0.814492905316,2.33333333333,0,0,0,0,0.164242424242,17,17,17,1,0,0.352941176471,0.411764705882,0.235294117647,17,38,0.139705882353,1.95378151261,4.47058823529,3.45454545455,2.71428571429,1.77192152263,0.396350866904,0.205882352941,2.1074098962,0.942788637772,0.50773993808,1.82103719638,0.814674535221,0.442724458204,0.854512771602,0.43736352611,2.42857142857,1.95378151261,0.854512771602,2.42857142857,0.166339869281,0.0612244897959,3,0.00441176470588,0.177813852814,17,17,17,1,0,0.352941176471,0.470588235294,0.176470588235,1,0.00367647058824,0.0714285714286,0.117647058824,0.0909090909091,-0.131868131868,0.0785086790417,0.0073235920257,0.0119236883943,0.00874085018076,-0.0214647076946,-0.0105430507907,-0.0576356768785,-0.0484994876259,-0.0278637770898,0.0683152025093,0.0196960675298,0.178571428571,0.0714285714286,0.0683152025093,0.178571428571,0,0,0,0,-0.00813852813853,0,0.0588235294118,-0.0588235294118,37,1,0,234,1,0.995744680851,0.00425531914894,0,0.973684210526,1,0.986666666667,0.984652666406,0.995744680851,0.973684210526,3,2,0,0,0,0
570,WLNM_dir_neg,0.875,0.291666666667,00:00:02,10,20,14,1980862987,threshold_sweep,0.3,0.666666666667,1,0.8,2,1,0,3,1,0.75,0.25,0,0.666666666667,1,0.8,0.833333333333,0.5,0.666666666667,0.707106781187,0.75,37,35,2,0,37,0,35,0,2,17,37,0.136029411765,1.88235294118,4.35294117647,3.36363636364,2.84615384615,1.69341284359,0.389027274878,0.193958664547,2.09866904602,0.964253345467,0.518282988871,1.87867287326,0.863174022847,0.470588235294,0.786197569093,0.41766745858,2.25,1.88235294118,0.786197569093,2.25,0.166339869281,0.0612244897959,3,0.00441176470588,0.185952380952,17,17,17,1,0,0.352941176471,0.411764705882,0.235294117647,17,0.128676470588,1.90196078431,4.11764705882,3.18181818182,2.69230769231,1.57648156274,0.382859808093,0.201680672269,2.01465221053,0.978545359402,0.524369747899,1.74894926439,0.849489642704,0.463865546218,0.814492905316,0.428238537847,2.33333333333,1.90196078431,0.814492905316,2.33333333333,0,0,0,0,0.164242424242,17,17,17,1,0,0.352941176471,0.411764705882,0.235294117647,17,38,0.139705882353,1.95378151261,4.47058823529,3.45454545455,2.71428571429,1.77192152263,0.396350866904,0.205882352941,2.1074098962,0.942788637772,0.50773993808,1.82103719638,0.814674535221,0.442724458204,0.854512771602,0.43736352611,2.42857142857,1.95378151261,0.854512771602,2.42857142857,0.166339869281,0.0612244897959,3,0.00441176470588,0.177813852814,17,17,17,1,0,0.352941176471,0.470588235294,0.176470588235,1,0.00367647058824,0.0714285714286,0.117647058824,0.0909090909091,-0.131868131868,0.0785086790417,0.0073235920257,0.0119236883943,0.00874085018076,-0.0214647076946,-0.0105430507907,-0.0576356768785,-0.0484994876259,-0.0278637770898,0.0683152025093,0.0196960675298,0.178571428571,0.0714285714286,0.0683152025093,0.178571428571,0,0,0,0,-0.00813852813853,0,0.0588235294118,-0.0588235294118,37,1,0,234,1,0.995744680851,0.00425531914894,0,0.973684210526,1,0.986666666667,0.984652666406,0.995744680851,0.973684210526,3,2,0,0,0,0
571,WLNM_dir_neg,0.875,0.291666666667,00:00:02,10,20,14,1980862987,threshold_sweep,0.4,0.666666666667,1,0.8,2,1,0,3,1,0.75,0.25,0,0.666666666667,1,0.8,0.833333333333,0.5,0.666666666667,0.707106781187,0.75,37,35,2,0,37,0,35,0,2,17,37,0.136029411765,1.88235294118,4.35294117647,3.36363636364,2.84615384615,1.69341284359,0.389027274878,0.193958664547,2.09866904602,0.964253345467,0.518282988871,1.87867287326,0.863174022847,0.470588235294,0.786197569093,0.41766745858,2.25,1.88235294118,0.786197569093,2.25,0.166339869281,0.0612244897959,3,0.00441176470588,0.185952380952,17,17,17,1,0,0.352941176471,0.411764705882,0.235294117647,17,0.128676470588,1.90196078431,4.11764705882,3.18181818182,2.69230769231,1.57648156274,0.382859808093,0.201680672269,2.01465221053,0.978545359402,0.524369747899,1.74894926439,0.849489642704,0.463865546218,0.814492905316,0.428238537847,2.33333333333,1.90196078431,0.814492905316,2.33333333333,0,0,0,0,0.164242424242,17,17,17,1,0,0.352941176471,0.411764705882,0.235294117647,17,38,0.139705882353,1.95378151261,4.47058823529,3.45454545455,2.71428571429,1.77192152263,0.396350866904,0.205882352941,2.1074098962,0.942788637772,0.50773993808,1.82103719638,0.814674535221,0.442724458204,0.854512771602,0.43736352611,2.42857142857,1.95378151261,0.854512771602,2.42857142857,0.166339869281,0.0612244897959,3,0.00441176470588,0.177813852814,17,17,17,1,0,0.352941176471,0.470588235294,0.176470588235,1,0.00367647058824,0.0714285714286,0.117647058824,0.0909090909091,-0.131868131868,0.0785086790417,0.0073235920257,0.0119236883943,0.00874085018076,-0.0214647076946,-0.0105430507907,-0.0576356768785,-0.0484994876259,-0.0278637770898,0.0683152025093,0.0196960675298,0.178571428571,0.0714285714286,0.0683152025093,0.178571428571,0,0,0,0,-0.00813852813853,0,0.0588235294118,-0.0588235294118,37,1,0,234,1,0.995744680851,0.00425531914894,0,0.973684210526,1,0.986666666667,0.984652666406,0.995744680851,0.973684210526,3,2,0,0,0,0
572,WLNM_dir_neg,0.875,0.291666666667,00:00:02,10,20,14,1980862987,threshold_sweep,0.5,0.666666666667,1,0.8,2,1,0,3,1,0.75,0.25,0,0.666666666667,1,0.8,0.833333333333,0.5,0.666666666667,0.707106781187,0.75,37,35,2,0,37,0,35,0,2,17,37,0.136029411765,1.88235294118,4.35294117647,3.36363636364,2.84615384615,1.69341284359,0.389027274878,0.193958664547,2.09866904602,0.964253345467,0.518282988871,1.87867287326,0.863174022847,0.470588235294,0.786197569093,0.41766745858,2.25,1.88235294118,0.786197569093,2.25,0.166339869281,0.0612244897959,3,0.00441176470588,0.185952380952,17,17,17,1,0,0.352941176471,0.411764705882,0.235294117647,17,0.128676470588,1.90196078431,4.11764705882,3.18181818182,2.69230769231,1.57648156274,0.382859808093,0.201680672269,2.01465221053,0.978545359402,0.524369747899,1.74894926439,0.849489642704,0.463865546218,0.814492905316,0.428238537847,2.33333333333,1.90196078431,0.814492905316,2.33333333333,0,0,0,0,0.164242424242,17,17,17,1,0,0.352941176471,0.411764705882,0.235294117647,17,38,0.139705882353,1.95378151261,4.47058823529,3.45454545455,2.71428571429,1.77192152263,0.396350866904,0.205882352941,2.1074098962,0.942788637772,0.50773993808,1.82103719638,0.814674535221,0.442724458204,0.854512771602,0.43736352611,2.42857142857,1.95378151261,0.854512771602,2.42857142857,0.166339869281,0.0612244897959,3,0.00441176470588,0.177813852814,17,17,17,1,0,0.352941176471,0.470588235294,0.176470588235,1,0.00367647058824,0.0714285714286,0.117647058824,0.0909090909091,-0.131868131868,0.0785086790417,0.0073235920257,0.0119236883943,0.00874085018076,-0.0214647076946,-0.0105430507907,-0.0576356768785,-0.0484994876259,-0.0278637770898,0.0683152025093,0.0196960675298,0.178571428571,0.0714285714286,0.0683152025093,0.178571428571,0,0,0,0,-0.00813852813853,0,0.0588235294118,-0.0588235294118,37,1,0,234,1,0.995744680851,0.00425531914894,0,0.973684210526,1,0.986666666667,0.984652666406,0.995744680851,0.973684210526,3,2,0,0,0,0
573,WLNM_dir_neg,0.875,0.291666666667,00:00:02,10,20,14,1980862987,threshold_sweep,0.6,0.666666666667,1,0.8,2,1,0,3,1,0.75,0.25,0,0.666666666667,1,0.8,0.833333333333,0.5,0.666666666667,0.707106781187,0.75,37,35,2,0,37,0,35,0,2,17,37,0.136029411765,1.88235294118,4.35294117647,3.36363636364,2.84615384615,1.69341284359,0.389027274878,0.193958664547,2.09866904602,0.964253345467,0.518282988871,1.87867287326,0.863174022847,0.470588235294,0.786197569093,0.41766745858,2.25,1.88235294118,0.786197569093,2.25,0.166339869281,0.0612244897959,3,0.00441176470588,0.185952380952,17,17,17,1,0,0.352941176471,0.411764705882,0.235294117647,17,0.128676470588,1.90196078431,4.11764705882,3.18181818182,2.69230769231,1.57648156274,0.382859808093,0.201680672269,2.01465221053,0.978545359402,0.524369747899,1.74894926439,0.849489642704,0.463865546218,0.814492905316,0.428238537847,2.33333333333,1.90196078431,0.814492905316,2.33333333333,0,0,0,0,0.164242424242,17,17,17,1,0,0.352941176471,0.411764705882,0.235294117647,17,38,0.139705882353,1.95378151261,4.47058823529,3.45454545455,2.71428571429,1.77192152263,0.396350866904,0.205882352941,2.1074098962,0.942788637772,0.50773993808,1.82103719638,0.814674535221,0.442724458204,0.854512771602,0.43736352611,2.42857142857,1.95378151261,0.854512771602,2.42857142857,0.166339869281,0.0612244897959,3,0.00441176470588,0.177813852814,17,17,17,1,0,0.352941176471,0.470588235294,0.176470588235,1,0.00367647058824,0.0714285714286,0.117647058824,0.0909090909091,-0.131868131868,0.0785086790417,0.0073235920257,0.0119236883943,0.00874085018076,-0.0214647076946,-0.0105430507907,-0.0576356768785,-0.0484994876259,-0.0278637770898,0.0683152025093,0.0196960675298,0.178571428571,0.0714285714286,0.0683152025093,0.178571428571,0,0,0,0,-0.00813852813853,0,0.0588235294118,-0.0588235294118,37,1,0,234,1,0.995744680851,0.00425531914894,0,0.973684210526,1,0.986666666667,0.984652666406,0.995744680851,0.973684210526,3,2,0,0,0,0
574,WLNM_dir_neg,0.875,0.291666666667,00:00:02,10,20,14,1980862987,threshold_sweep,0.7,0.666666666667,1,0.8,2,1,0,3,1,0.75,0.25,0,0.666666666667,1,0.8,0.833333333333,0.5,0.666666666667,0.707106781187,0.75,37,35,2,0,37,0,35,0,2,17,37,0.136029411765,1.88235294118,4.35294117647,3.36363636364,2.84615384615,1.69341284359,0.389027274878,0.193958664547,2.09866904602,0.964253345467,0.518282988871,1.87867287326,0.863174022847,0.470588235294,0.786197569093,0.41766745858,2.25,1.88235294118,0.786197569093,2.25,0.166339869281,0.0612244897959,3,0.00441176470588,0.185952380952,17,17,17,1,0,0.352941176471,0.411764705882,0.235294117647,17,0.128676470588,1.90196078431,4.11764705882,3.18181818182,2.69230769231,1.57648156274,0.382859808093,0.201680672269,2.01465221053,0.978545359402,0.524369747899,1.74894926439,0.849489642704,0.463865546218,0.814492905316,0.428238537847,2.33333333333,1.90196078431,0.814492905316,2.33333333333,0,0,0,0,0.164242424242,17,17,17,1,0,0.352941176471,0.411764705882,0.235294117647,17,38,0.139705882353,1.95378151261,4.47058823529,3.45454545455,2.71428571429,1.77192152263,0.396350866904,0.205882352941,2.1074098962,0.942788637772,0.50773993808,1.82103719638,0.814674535221,0.442724458204,0.854512771602,0.43736352611,2.42857142857,1.95378151261,0.854512771602,2.42857142857,0.166339869281,0.0612244897959,3,0.00441176470588,0.177813852814,17,17,17,1,0,0.352941176471,0.470588235294,0.176470588235,1,0.00367647058824,0.0714285714286,0.117647058824,0.0909090909091,-0.131868131868,0.0785086790417,0.0073235920257,0.0119236883943,0.00874085018076,-0.0214647076946,-0.0105430507907,-0.0576356768785,-0.0484994876259,-0.0278637770898,0.0683152025093,0.0196960675298,0.178571428571,0.0714285714286,0.0683152025093,0.178571428571,0,0,0,0,-0.00813852813853,0,0.0588235294118,-0.0588235294118,37,1,0,234,1,0.995744680851,0.00425531914894,0,0.973684210526,1,0.986666666667,0.984652666406,0.995744680851,0.973684210526,3,2,0,0,0,0
575,WLNM_dir_neg,0.875,0.291666666667,00:00:02,10,20,14,1980862987,threshold_sweep,0.8,0.666666666667,1,0.8,2,1,0,3,1,0.75,0.25,0,0.666666666667,1,0.8,0.833333333333,0.5,0.666666666667,0.707106781187,0.75,37,35,2,0,37,0,35,0,2,17,37,0.136029411765,1.88235294118,4.35294117647,3.36363636364,2.84615384615,1.69341284359,0.389027274878,0.193958664547,2.09866904602,0.964253345467,0.518282988871,1.87867287326,0.863174022847,0.470588235294,0.786197569093,0.41766745858,2.25,1.88235294118,0.786197569093,2.25,0.166339869281,0.0612244897959,3,0.00441176470588,0.185952380952,17,17,17,1,0,0.352941176471,0.411764705882,0.235294117647,17,0.128676470588,1.90196078431,4.11764705882,3.18181818182,2.69230769231,1.57648156274,0.382859808093,0.201680672269,2.01465221053,0.978545359402,0.524369747899,1.74894926439,0.849489642704,0.463865546218,0.814492905316,0.428238537847,2.33333333333,1.90196078431,0.814492905316,2.33333333333,0,0,0,0,0.164242424242,17,17,17,1,0,0.352941176471,0.411764705882,0.235294117647,17,38,0.139705882353,1.95378151261,4.47058823529,3.45454545455,2.71428571429,1.77192152263,0.396350866904,0.205882352941,2.1074098962,0.942788637772,0.50773993808,1.82103719638,0.814674535221,0.442724458204,0.854512771602,0.43736352611,2.42857142857,1.95378151261,0.854512771602,2.42857142857,0.166339869281,0.0612244897959,3,0.00441176470588,0.177813852814,17,17,17,1,0,0.352941176471,0.470588235294,0.176470588235,1,0.00367647058824,0.0714285714286,0.117647058824,0.0909090909091,-0.131868131868,0.0785086790417,0.0073235920257,0.0119236883943,0.00874085018076,-0.0214647076946,-0.0105430507907,-0.0576356768785,-0.0484994876259,-0.0278637770898,0.0683152025093,0.0196960675298,0.178571428571,0.0714285714286,0.0683152025093,0.178571428571,0,0,0,0,-0.00813852813853,0,0.0588235294118,-0.0588235294118,37,1,0,234,1,0.995744680851,0.00425531914894,0,0.973684210526,1,0.986666666667,0.984652666406,0.995744680851,0.973684210526,3,2,0,0,0,0
576,WLNM_dir_neg,0.875,0.291666666667,00:00:02,10,20,14,1980862987,threshold_sweep,0.9,0.666666666667,1,0.8,2,1,0,3,1,0.75,0.25,0,0.666666666667,1,0.8,0.833333333333,0.5,0.666666666667,0.707106781187,0.75,37,35,2,0,37,0,35,0,2,17,37,0.136029411765,1.88235294118,4.35294117647,3.36363636364,2.84615384615,1.69341284359,0.389027274878,0.193958664547,2.09866904602,0.964253345467,0.518282988871,1.87867287326,0.863174022847,0.470588235294,0.786197569093,0.41766745858,2.25,1.88235294118,0.786197569093,2.25,0.166339869281,0.0612244897959,3,0.00441176470588,0.185952380952,17,17,17,1,0,0.352941176471,0.411764705882,0.235294117647,17,0.128676470588,1.90196078431,4.11764705882,3.18181818182,2.69230769231,1.57648156274,0.382859808093,0.201680672269,2.01465221053,0.978545359402,0.524369747899,1.74894926439,0.849489642704,0.463865546218,0.814492905316,0.428238537847,2.33333333333,1.90196078431,0.814492905316,2.33333333333,0,0,0,0,0.164242424242,17,17,17,1,0,0.352941176471,0.411764705882,0.235294117647,17,38,0.139705882353,1.95378151261,4.47058823529,3.45454545455,2.71428571429,1.77192152263,0.396350866904,0.205882352941,2.1074098962,0.942788637772,0.50773993808,1.82103719638,0.814674535221,0.442724458204,0.854512771602,0.43736352611,2.42857142857,1.95378151261,0.854512771602,2.42857142857,0.166339869281,0.0612244897959,3,0.00441176470588,0.177813852814,17,17,17,1,0,0.352941176471,0.470588235294,0.176470588235,1,0.00367647058824,0.0714285714286,0.117647058824,0.0909090909091,-0.131868131868,0.0785086790417,0.0073235920257,0.0119236883943,0.00874085018076,-0.0214647076946,-0.0105430507907,-0.0576356768785,-0.0484994876259,-0.0278637770898,0.0683152025093,0.0196960675298,0.178571428571,0.0714285714286,0.0683152025093,0.178571428571,0,0,0,0,-0.00813852813853,0,0.0588235294118,-0.0588235294118,37,1,0,234,1,0.995744680851,0.00425531914894,0,0.973684210526,1,0.986666666667,0.984652666406,0.995744680851,0.973684210526,3,2,0,0,0,0
577,WLNM_dir_neg,1,0.5,00:00:02,10,20,15,1980862988,threshold_sweep,0.1,1,1,1,2,0,0,4,1,1,0,0,1,1,1,1,0.555555555556,1,1,1,37,35,2,0,37,0,35,0,2,17,37,0.136029411765,1.88235294118,4.35294117647,3.36363636364,2.84615384615,1.69341284359,0.389027274878,0.193958664547,2.09866904602,0.964253345467,0.518282988871,1.87867287326,0.863174022847,0.470588235294,0.786197569093,0.41766745858,2.25,1.88235294118,0.786197569093,2.25,0.166339869281,0.0612244897959,3,0.00441176470588,0.185952380952,17,17,17,1,0,0.352941176471,0.411764705882,0.235294117647,17,0.128676470588,1.90196078431,4.11764705882,3.18181818182,2.69230769231,1.57648156274,0.382859808093,0.201680672269,2.01465221053,0.978545359402,0.524369747899,1.74894926439,0.849489642704,0.463865546218,0.814492905316,0.428238537847,2.33333333333,1.90196078431,0.814492905316,2.33333333333,0,0,0,0,0.164242424242,17,17,17,1,0,0.352941176471,0.411764705882,0.235294117647,17,37,0.136029411765,1.88235294118,4.35294117647,3.36363636364,2.84615384615,1.69341284359,0.389027274878,0.193958664547,2.09866904602,0.964253345467,0.518282988871,1.87867287326,0.863174022847,0.470588235294,0.786197569093,0.41766745858,2.25,1.88235294118,0.786197569093,2.25,0.166339869281,0.0612244897959,3,0.00441176470588,0.185952380952,17,17,17,1,0,0.352941176471,0.411764705882,0.235294117647,0,0,0,0,0,0,0,0,0,0,0,0,0,0,0,0,0,0,0,0,0,0,0,0,0,0,0,0,0,37,0,0,235,1,1,0,0,1,1,1,1,1,1,2,2,0,0,0,0
578,WLNM_dir_neg,1,0.5,00:00:02,10,20,15,1980862988,threshold_sweep,0.2,1,1,1,2,0,0,4,1,1,0,0,1,1,1,1,0.555555555556,1,1,1,37,35,2,0,37,0,35,0,2,17,37,0.136029411765,1.88235294118,4.35294117647,3.36363636364,2.84615384615,1.69341284359,0.389027274878,0.193958664547,2.09866904602,0.964253345467,0.518282988871,1.87867287326,0.863174022847,0.470588235294,0.786197569093,0.41766745858,2.25,1.88235294118,0.786197569093,2.25,0.166339869281,0.0612244897959,3,0.00441176470588,0.185952380952,17,17,17,1,0,0.352941176471,0.411764705882,0.235294117647,17,0.128676470588,1.90196078431,4.11764705882,3.18181818182,2.69230769231,1.57648156274,0.382859808093,0.201680672269,2.01465221053,0.978545359402,0.524369747899,1.74894926439,0.849489642704,0.463865546218,0.814492905316,0.428238537847,2.33333333333,1.90196078431,0.814492905316,2.33333333333,0,0,0,0,0.164242424242,17,17,17,1,0,0.352941176471,0.411764705882,0.235294117647,17,37,0.136029411765,1.88235294118,4.35294117647,3.36363636364,2.84615384615,1.69341284359,0.389027274878,0.193958664547,2.09866904602,0.964253345467,0.518282988871,1.87867287326,0.863174022847,0.470588235294,0.786197569093,0.41766745858,2.25,1.88235294118,0.786197569093,2.25,0.166339869281,0.0612244897959,3,0.00441176470588,0.185952380952,17,17,17,1,0,0.352941176471,0.411764705882,0.235294117647,0,0,0,0,0,0,0,0,0,0,0,0,0,0,0,0,0,0,0,0,0,0,0,0,0,0,0,0,0,37,0,0,235,1,1,0,0,1,1,1,1,1,1,2,2,0,0,0,0
579,WLNM_dir_neg,1,0.5,00:00:02,10,20,15,1980862988,threshold_sweep,0.3,1,1,1,2,0,0,4,1,1,0,0,1,1,1,1,0.555555555556,1,1,1,37,35,2,0,37,0,35,0,2,17,37,0.136029411765,1.88235294118,4.35294117647,3.36363636364,2.84615384615,1.69341284359,0.389027274878,0.193958664547,2.09866904602,0.964253345467,0.518282988871,1.87867287326,0.863174022847,0.470588235294,0.786197569093,0.41766745858,2.25,1.88235294118,0.786197569093,2.25,0.166339869281,0.0612244897959,3,0.00441176470588,0.185952380952,17,17,17,1,0,0.352941176471,0.411764705882,0.235294117647,17,0.128676470588,1.90196078431,4.11764705882,3.18181818182,2.69230769231,1.57648156274,0.382859808093,0.201680672269,2.01465221053,0.978545359402,0.524369747899,1.74894926439,0.849489642704,0.463865546218,0.814492905316,0.428238537847,2.33333333333,1.90196078431,0.814492905316,2.33333333333,0,0,0,0,0.164242424242,17,17,17,1,0,0.352941176471,0.411764705882,0.235294117647,17,37,0.136029411765,1.88235294118,4.35294117647,3.36363636364,2.84615384615,1.69341284359,0.389027274878,0.193958664547,2.09866904602,0.964253345467,0.518282988871,1.87867287326,0.863174022847,0.470588235294,0.786197569093,0.41766745858,2.25,1.88235294118,0.786197569093,2.25,0.166339869281,0.0612244897959,3,0.00441176470588,0.185952380952,17,17,17,1,0,0.352941176471,0.411764705882,0.235294117647,0,0,0,0,0,0,0,0,0,0,0,0,0,0,0,0,0,0,0,0,0,0,0,0,0,0,0,0,0,37,0,0,235,1,1,0,0,1,1,1,1,1,1,2,2,0,0,0,0
580,WLNM_dir_neg,1,0.5,00:00:02,10,20,15,1980862988,threshold_sweep,0.4,1,1,1,2,0,0,4,1,1,0,0,1,1,1,1,0.555555555556,1,1,1,37,35,2,0,37,0,35,0,2,17,37,0.136029411765,1.88235294118,4.35294117647,3.36363636364,2.84615384615,1.69341284359,0.389027274878,0.193958664547,2.09866904602,0.964253345467,0.518282988871,1.87867287326,0.863174022847,0.470588235294,0.786197569093,0.41766745858,2.25,1.88235294118,0.786197569093,2.25,0.166339869281,0.0612244897959,3,0.00441176470588,0.185952380952,17,17,17,1,0,0.352941176471,0.411764705882,0.235294117647,17,0.128676470588,1.90196078431,4.11764705882,3.18181818182,2.69230769231,1.57648156274,0.382859808093,0.201680672269,2.01465221053,0.978545359402,0.524369747899,1.74894926439,0.849489642704,0.463865546218,0.814492905316,0.428238537847,2.33333333333,1.90196078431,0.814492905316,2.33333333333,0,0,0,0,0.164242424242,17,17,17,1,0,0.352941176471,0.411764705882,0.235294117647,17,37,0.136029411765,1.88235294118,4.35294117647,3.36363636364,2.84615384615,1.69341284359,0.389027274878,0.193958664547,2.09866904602,0.964253345467,0.518282988871,1.87867287326,0.863174022847,0.470588235294,0.786197569093,0.41766745858,2.25,1.88235294118,0.786197569093,2.25,0.166339869281,0.0612244897959,3,0.00441176470588,0.185952380952,17,17,17,1,0,0.352941176471,0.411764705882,0.235294117647,0,0,0,0,0,0,0,0,0,0,0,0,0,0,0,0,0,0,0,0,0,0,0,0,0,0,0,0,0,37,0,0,235,1,1,0,0,1,1,1,1,1,1,2,2,0,0,0,0
581,WLNM_dir_neg,1,0.5,00:00:02,10,20,15,1980862988,threshold_sweep,0.5,1,1,1,2,0,0,4,1,1,0,0,1,1,1,1,0.555555555556,1,1,1,37,35,2,0,37,0,35,0,2,17,37,0.136029411765,1.88235294118,4.35294117647,3.36363636364,2.84615384615,1.69341284359,0.389027274878,0.193958664547,2.09866904602,0.964253345467,0.518282988871,1.87867287326,0.863174022847,0.470588235294,0.786197569093,0.41766745858,2.25,1.88235294118,0.786197569093,2.25,0.166339869281,0.0612244897959,3,0.00441176470588,0.185952380952,17,17,17,1,0,0.352941176471,0.411764705882,0.235294117647,17,0.128676470588,1.90196078431,4.11764705882,3.18181818182,2.69230769231,1.57648156274,0.382859808093,0.201680672269,2.01465221053,0.978545359402,0.524369747899,1.74894926439,0.849489642704,0.463865546218,0.814492905316,0.428238537847,2.33333333333,1.90196078431,0.814492905316,2.33333333333,0,0,0,0,0.164242424242,17,17,17,1,0,0.352941176471,0.411764705882,0.235294117647,17,37,0.136029411765,1.88235294118,4.35294117647,3.36363636364,2.84615384615,1.69341284359,0.389027274878,0.193958664547,2.09866904602,0.964253345467,0.518282988871,1.87867287326,0.863174022847,0.470588235294,0.786197569093,0.41766745858,2.25,1.88235294118,0.786197569093,2.25,0.166339869281,0.0612244897959,3,0.00441176470588,0.185952380952,17,17,17,1,0,0.352941176471,0.411764705882,0.235294117647,0,0,0,0,0,0,0,0,0,0,0,0,0,0,0,0,0,0,0,0,0,0,0,0,0,0,0,0,0,37,0,0,235,1,1,0,0,1,1,1,1,1,1,2,2,0,0,0,0
582,WLNM_dir_neg,1,0.5,00:00:02,10,20,15,1980862988,threshold_sweep,0.6,1,1,1,2,0,0,4,1,1,0,0,1,1,1,1,0.555555555556,1,1,1,37,35,2,0,37,0,35,0,2,17,37,0.136029411765,1.88235294118,4.35294117647,3.36363636364,2.84615384615,1.69341284359,0.389027274878,0.193958664547,2.09866904602,0.964253345467,0.518282988871,1.87867287326,0.863174022847,0.470588235294,0.786197569093,0.41766745858,2.25,1.88235294118,0.786197569093,2.25,0.166339869281,0.0612244897959,3,0.00441176470588,0.185952380952,17,17,17,1,0,0.352941176471,0.411764705882,0.235294117647,17,0.128676470588,1.90196078431,4.11764705882,3.18181818182,2.69230769231,1.57648156274,0.382859808093,0.201680672269,2.01465221053,0.978545359402,0.524369747899,1.74894926439,0.849489642704,0.463865546218,0.814492905316,0.428238537847,2.33333333333,1.90196078431,0.814492905316,2.33333333333,0,0,0,0,0.164242424242,17,17,17,1,0,0.352941176471,0.411764705882,0.235294117647,17,37,0.136029411765,1.88235294118,4.35294117647,3.36363636364,2.84615384615,1.69341284359,0.389027274878,0.193958664547,2.09866904602,0.964253345467,0.518282988871,1.87867287326,0.863174022847,0.470588235294,0.786197569093,0.41766745858,2.25,1.88235294118,0.786197569093,2.25,0.166339869281,0.0612244897959,3,0.00441176470588,0.185952380952,17,17,17,1,0,0.352941176471,0.411764705882,0.235294117647,0,0,0,0,0,0,0,0,0,0,0,0,0,0,0,0,0,0,0,0,0,0,0,0,0,0,0,0,0,37,0,0,235,1,1,0,0,1,1,1,1,1,1,2,2,0,0,0,0
583,WLNM_dir_neg,1,0.5,00:00:02,10,20,15,1980862988,threshold_sweep,0.7,1,1,1,2,0,0,4,1,1,0,0,1,1,1,1,0.555555555556,1,1,1,37,35,2,0,37,0,35,0,2,17,37,0.136029411765,1.88235294118,4.35294117647,3.36363636364,2.84615384615,1.69341284359,0.389027274878,0.193958664547,2.09866904602,0.964253345467,0.518282988871,1.87867287326,0.863174022847,0.470588235294,0.786197569093,0.41766745858,2.25,1.88235294118,0.786197569093,2.25,0.166339869281,0.0612244897959,3,0.00441176470588,0.185952380952,17,17,17,1,0,0.352941176471,0.411764705882,0.235294117647,17,0.128676470588,1.90196078431,4.11764705882,3.18181818182,2.69230769231,1.57648156274,0.382859808093,0.201680672269,2.01465221053,0.978545359402,0.524369747899,1.74894926439,0.849489642704,0.463865546218,0.814492905316,0.428238537847,2.33333333333,1.90196078431,0.814492905316,2.33333333333,0,0,0,0,0.164242424242,17,17,17,1,0,0.352941176471,0.411764705882,0.235294117647,17,37,0.136029411765,1.88235294118,4.35294117647,3.36363636364,2.84615384615,1.69341284359,0.389027274878,0.193958664547,2.09866904602,0.964253345467,0.518282988871,1.87867287326,0.863174022847,0.470588235294,0.786197569093,0.41766745858,2.25,1.88235294118,0.786197569093,2.25,0.166339869281,0.0612244897959,3,0.00441176470588,0.185952380952,17,17,17,1,0,0.352941176471,0.411764705882,0.235294117647,0,0,0,0,0,0,0,0,0,0,0,0,0,0,0,0,0,0,0,0,0,0,0,0,0,0,0,0,0,37,0,0,235,1,1,0,0,1,1,1,1,1,1,2,2,0,0,0,0
584,WLNM_dir_neg,1,0.5,00:00:02,10,20,15,1980862988,threshold_sweep,0.8,1,1,1,2,0,0,4,1,1,0,0,1,1,1,1,0.555555555556,1,1,1,37,35,2,0,37,0,35,0,2,17,37,0.136029411765,1.88235294118,4.35294117647,3.36363636364,2.84615384615,1.69341284359,0.389027274878,0.193958664547,2.09866904602,0.964253345467,0.518282988871,1.87867287326,0.863174022847,0.470588235294,0.786197569093,0.41766745858,2.25,1.88235294118,0.786197569093,2.25,0.166339869281,0.0612244897959,3,0.00441176470588,0.185952380952,17,17,17,1,0,0.352941176471,0.411764705882,0.235294117647,17,0.128676470588,1.90196078431,4.11764705882,3.18181818182,2.69230769231,1.57648156274,0.382859808093,0.201680672269,2.01465221053,0.978545359402,0.524369747899,1.74894926439,0.849489642704,0.463865546218,0.814492905316,0.428238537847,2.33333333333,1.90196078431,0.814492905316,2.33333333333,0,0,0,0,0.164242424242,17,17,17,1,0,0.352941176471,0.411764705882,0.235294117647,17,37,0.136029411765,1.88235294118,4.35294117647,3.36363636364,2.84615384615,1.69341284359,0.389027274878,0.193958664547,2.09866904602,0.964253345467,0.518282988871,1.87867287326,0.863174022847,0.470588235294,0.786197569093,0.41766745858,2.25,1.88235294118,0.786197569093,2.25,0.166339869281,0.0612244897959,3,0.00441176470588,0.185952380952,17,17,17,1,0,0.352941176471,0.411764705882,0.235294117647,0,0,0,0,0,0,0,0,0,0,0,0,0,0,0,0,0,0,0,0,0,0,0,0,0,0,0,0,0,37,0,0,235,1,1,0,0,1,1,1,1,1,1,2,2,0,0,0,0
585,WLNM_dir_neg,1,0.5,00:00:02,10,20,15,1980862988,threshold_sweep,0.9,1,1,1,2,0,0,4,1,1,0,0,1,1,1,1,0.555555555556,1,1,1,37,35,2,0,37,0,35,0,2,17,37,0.136029411765,1.88235294118,4.35294117647,3.36363636364,2.84615384615,1.69341284359,0.389027274878,0.193958664547,2.09866904602,0.964253345467,0.518282988871,1.87867287326,0.863174022847,0.470588235294,0.786197569093,0.41766745858,2.25,1.88235294118,0.786197569093,2.25,0.166339869281,0.0612244897959,3,0.00441176470588,0.185952380952,17,17,17,1,0,0.352941176471,0.411764705882,0.235294117647,17,0.128676470588,1.90196078431,4.11764705882,3.18181818182,2.69230769231,1.57648156274,0.382859808093,0.201680672269,2.01465221053,0.978545359402,0.524369747899,1.74894926439,0.849489642704,0.463865546218,0.814492905316,0.428238537847,2.33333333333,1.90196078431,0.814492905316,2.33333333333,0,0,0,0,0.164242424242,17,17,17,1,0,0.352941176471,0.411764705882,0.235294117647,17,37,0.136029411765,1.88235294118,4.35294117647,3.36363636364,2.84615384615,1.69341284359,0.389027274878,0.193958664547,2.09866904602,0.964253345467,0.518282988871,1.87867287326,0.863174022847,0.470588235294,0.786197569093,0.41766745858,2.25,1.88235294118,0.786197569093,2.25,0.166339869281,0.0612244897959,3,0.00441176470588,0.185952380952,17,17,17,1,0,0.352941176471,0.411764705882,0.235294117647,0,0,0,0,0,0,0,0,0,0,0,0,0,0,0,0,0,0,0,0,0,0,0,0,0,0,0,0,0,37,0,0,235,1,1,0,0,1,1,1,1,1,1,2,2,0,0,0,0
586,WLNM_dir_neg,1,0.5,00:00:02,10,20,16,1980862989,threshold_sweep,0.1,1,1,1,2,0,0,4,1,1,0,0,1,1,1,1,0.555555555556,1,1,1,37,35,2,0,37,0,35,0,2,17,37,0.136029411765,1.88235294118,4.35294117647,3.36363636364,2.84615384615,1.69341284359,0.389027274878,0.193958664547,2.09866904602,0.964253345467,0.518282988871,1.87867287326,0.863174022847,0.470588235294,0.786197569093,0.41766745858,2.25,1.88235294118,0.786197569093,2.25,0.166339869281,0.0612244897959,3,0.00441176470588,0.185952380952,17,17,17,1,0,0.352941176471,0.411764705882,0.235294117647,17,0.128676470588,1.90196078431,4.11764705882,3.18181818182,2.69230769231,1.57648156274,0.382859808093,0.201680672269,2.01465221053,0.978545359402,0.524369747899,1.74894926439,0.849489642704,0.463865546218,0.814492905316,0.428238537847,2.33333333333,1.90196078431,0.814492905316,2.33333333333,0,0,0,0,0.164242424242,17,17,17,1,0,0.352941176471,0.411764705882,0.235294117647,17,37,0.136029411765,1.88235294118,4.35294117647,3.36363636364,2.84615384615,1.69341284359,0.389027274878,0.193958664547,2.09866904602,0.964253345467,0.518282988871,1.87867287326,0.863174022847,0.470588235294,0.786197569093,0.41766745858,2.25,1.88235294118,0.786197569093,2.25,0.166339869281,0.0612244897959,3,0.00441176470588,0.185952380952,17,17,17,1,0,0.352941176471,0.411764705882,0.235294117647,0,0,0,0,0,0,0,0,0,0,0,0,0,0,0,0,0,0,0,0,0,0,0,0,0,0,0,0,0,37,0,0,235,1,1,0,0,1,1,1,1,1,1,2,2,0,0,0,0
587,WLNM_dir_neg,1,0.5,00:00:02,10,20,16,1980862989,threshold_sweep,0.2,1,1,1,2,0,0,4,1,1,0,0,1,1,1,1,0.555555555556,1,1,1,37,35,2,0,37,0,35,0,2,17,37,0.136029411765,1.88235294118,4.35294117647,3.36363636364,2.84615384615,1.69341284359,0.389027274878,0.193958664547,2.09866904602,0.964253345467,0.518282988871,1.87867287326,0.863174022847,0.470588235294,0.786197569093,0.41766745858,2.25,1.88235294118,0.786197569093,2.25,0.166339869281,0.0612244897959,3,0.00441176470588,0.185952380952,17,17,17,1,0,0.352941176471,0.411764705882,0.235294117647,17,0.128676470588,1.90196078431,4.11764705882,3.18181818182,2.69230769231,1.57648156274,0.382859808093,0.201680672269,2.01465221053,0.978545359402,0.524369747899,1.74894926439,0.849489642704,0.463865546218,0.814492905316,0.428238537847,2.33333333333,1.90196078431,0.814492905316,2.33333333333,0,0,0,0,0.164242424242,17,17,17,1,0,0.352941176471,0.411764705882,0.235294117647,17,37,0.136029411765,1.88235294118,4.35294117647,3.36363636364,2.84615384615,1.69341284359,0.389027274878,0.193958664547,2.09866904602,0.964253345467,0.518282988871,1.87867287326,0.863174022847,0.470588235294,0.786197569093,0.41766745858,2.25,1.88235294118,0.786197569093,2.25,0.166339869281,0.0612244897959,3,0.00441176470588,0.185952380952,17,17,17,1,0,0.352941176471,0.411764705882,0.235294117647,0,0,0,0,0,0,0,0,0,0,0,0,0,0,0,0,0,0,0,0,0,0,0,0,0,0,0,0,0,37,0,0,235,1,1,0,0,1,1,1,1,1,1,2,2,0,0,0,0
588,WLNM_dir_neg,1,0.5,00:00:02,10,20,16,1980862989,threshold_sweep,0.3,1,1,1,2,0,0,4,1,1,0,0,1,1,1,1,0.555555555556,1,1,1,37,35,2,0,37,0,35,0,2,17,37,0.136029411765,1.88235294118,4.35294117647,3.36363636364,2.84615384615,1.69341284359,0.389027274878,0.193958664547,2.09866904602,0.964253345467,0.518282988871,1.87867287326,0.863174022847,0.470588235294,0.786197569093,0.41766745858,2.25,1.88235294118,0.786197569093,2.25,0.166339869281,0.0612244897959,3,0.00441176470588,0.185952380952,17,17,17,1,0,0.352941176471,0.411764705882,0.235294117647,17,0.128676470588,1.90196078431,4.11764705882,3.18181818182,2.69230769231,1.57648156274,0.382859808093,0.201680672269,2.01465221053,0.978545359402,0.524369747899,1.74894926439,0.849489642704,0.463865546218,0.814492905316,0.428238537847,2.33333333333,1.90196078431,0.814492905316,2.33333333333,0,0,0,0,0.164242424242,17,17,17,1,0,0.352941176471,0.411764705882,0.235294117647,17,37,0.136029411765,1.88235294118,4.35294117647,3.36363636364,2.84615384615,1.69341284359,0.389027274878,0.193958664547,2.09866904602,0.964253345467,0.518282988871,1.87867287326,0.863174022847,0.470588235294,0.786197569093,0.41766745858,2.25,1.88235294118,0.786197569093,2.25,0.166339869281,0.0612244897959,3,0.00441176470588,0.185952380952,17,17,17,1,0,0.352941176471,0.411764705882,0.235294117647,0,0,0,0,0,0,0,0,0,0,0,0,0,0,0,0,0,0,0,0,0,0,0,0,0,0,0,0,0,37,0,0,235,1,1,0,0,1,1,1,1,1,1,2,2,0,0,0,0
589,WLNM_dir_neg,1,0.5,00:00:02,10,20,16,1980862989,threshold_sweep,0.4,1,1,1,2,0,0,4,1,1,0,0,1,1,1,1,0.555555555556,1,1,1,37,35,2,0,37,0,35,0,2,17,37,0.136029411765,1.88235294118,4.35294117647,3.36363636364,2.84615384615,1.69341284359,0.389027274878,0.193958664547,2.09866904602,0.964253345467,0.518282988871,1.87867287326,0.863174022847,0.470588235294,0.786197569093,0.41766745858,2.25,1.88235294118,0.786197569093,2.25,0.166339869281,0.0612244897959,3,0.00441176470588,0.185952380952,17,17,17,1,0,0.352941176471,0.411764705882,0.235294117647,17,0.128676470588,1.90196078431,4.11764705882,3.18181818182,2.69230769231,1.57648156274,0.382859808093,0.201680672269,2.01465221053,0.978545359402,0.524369747899,1.74894926439,0.849489642704,0.463865546218,0.814492905316,0.428238537847,2.33333333333,1.90196078431,0.814492905316,2.33333333333,0,0,0,0,0.164242424242,17,17,17,1,0,0.352941176471,0.411764705882,0.235294117647,17,37,0.136029411765,1.88235294118,4.35294117647,3.36363636364,2.84615384615,1.69341284359,0.389027274878,0.193958664547,2.09866904602,0.964253345467,0.518282988871,1.87867287326,0.863174022847,0.470588235294,0.786197569093,0.41766745858,2.25,1.88235294118,0.786197569093,2.25,0.166339869281,0.0612244897959,3,0.00441176470588,0.185952380952,17,17,17,1,0,0.352941176471,0.411764705882,0.235294117647,0,0,0,0,0,0,0,0,0,0,0,0,0,0,0,0,0,0,0,0,0,0,0,0,0,0,0,0,0,37,0,0,235,1,1,0,0,1,1,1,1,1,1,2,2,0,0,0,0
590,WLNM_dir_neg,1,0.5,00:00:02,10,20,16,1980862989,threshold_sweep,0.5,1,1,1,2,0,0,4,1,1,0,0,1,1,1,1,0.555555555556,1,1,1,37,35,2,0,37,0,35,0,2,17,37,0.136029411765,1.88235294118,4.35294117647,3.36363636364,2.84615384615,1.69341284359,0.389027274878,0.193958664547,2.09866904602,0.964253345467,0.518282988871,1.87867287326,0.863174022847,0.470588235294,0.786197569093,0.41766745858,2.25,1.88235294118,0.786197569093,2.25,0.166339869281,0.0612244897959,3,0.00441176470588,0.185952380952,17,17,17,1,0,0.352941176471,0.411764705882,0.235294117647,17,0.128676470588,1.90196078431,4.11764705882,3.18181818182,2.69230769231,1.57648156274,0.382859808093,0.201680672269,2.01465221053,0.978545359402,0.524369747899,1.74894926439,0.849489642704,0.463865546218,0.814492905316,0.428238537847,2.33333333333,1.90196078431,0.814492905316,2.33333333333,0,0,0,0,0.164242424242,17,17,17,1,0,0.352941176471,0.411764705882,0.235294117647,17,37,0.136029411765,1.88235294118,4.35294117647,3.36363636364,2.84615384615,1.69341284359,0.389027274878,0.193958664547,2.09866904602,0.964253345467,0.518282988871,1.87867287326,0.863174022847,0.470588235294,0.786197569093,0.41766745858,2.25,1.88235294118,0.786197569093,2.25,0.166339869281,0.0612244897959,3,0.00441176470588,0.185952380952,17,17,17,1,0,0.352941176471,0.411764705882,0.235294117647,0,0,0,0,0,0,0,0,0,0,0,0,0,0,0,0,0,0,0,0,0,0,0,0,0,0,0,0,0,37,0,0,235,1,1,0,0,1,1,1,1,1,1,2,2,0,0,0,0
591,WLNM_dir_neg,1,0.5,00:00:02,10,20,16,1980862989,threshold_sweep,0.6,1,1,1,2,0,0,4,1,1,0,0,1,1,1,1,0.555555555556,1,1,1,37,35,2,0,37,0,35,0,2,17,37,0.136029411765,1.88235294118,4.35294117647,3.36363636364,2.84615384615,1.69341284359,0.389027274878,0.193958664547,2.09866904602,0.964253345467,0.518282988871,1.87867287326,0.863174022847,0.470588235294,0.786197569093,0.41766745858,2.25,1.88235294118,0.786197569093,2.25,0.166339869281,0.0612244897959,3,0.00441176470588,0.185952380952,17,17,17,1,0,0.352941176471,0.411764705882,0.235294117647,17,0.128676470588,1.90196078431,4.11764705882,3.18181818182,2.69230769231,1.57648156274,0.382859808093,0.201680672269,2.01465221053,0.978545359402,0.524369747899,1.74894926439,0.849489642704,0.463865546218,0.814492905316,0.428238537847,2.33333333333,1.90196078431,0.814492905316,2.33333333333,0,0,0,0,0.164242424242,17,17,17,1,0,0.352941176471,0.411764705882,0.235294117647,17,37,0.136029411765,1.88235294118,4.35294117647,3.36363636364,2.84615384615,1.69341284359,0.389027274878,0.193958664547,2.09866904602,0.964253345467,0.518282988871,1.87867287326,0.863174022847,0.470588235294,0.786197569093,0.41766745858,2.25,1.88235294118,0.786197569093,2.25,0.166339869281,0.0612244897959,3,0.00441176470588,0.185952380952,17,17,17,1,0,0.352941176471,0.411764705882,0.235294117647,0,0,0,0,0,0,0,0,0,0,0,0,0,0,0,0,0,0,0,0,0,0,0,0,0,0,0,0,0,37,0,0,235,1,1,0,0,1,1,1,1,1,1,2,2,0,0,0,0
592,WLNM_dir_neg,1,0.5,00:00:02,10,20,16,1980862989,threshold_sweep,0.7,1,1,1,2,0,0,4,1,1,0,0,1,1,1,1,0.555555555556,1,1,1,37,35,2,0,37,0,35,0,2,17,37,0.136029411765,1.88235294118,4.35294117647,3.36363636364,2.84615384615,1.69341284359,0.389027274878,0.193958664547,2.09866904602,0.964253345467,0.518282988871,1.87867287326,0.863174022847,0.470588235294,0.786197569093,0.41766745858,2.25,1.88235294118,0.786197569093,2.25,0.166339869281,0.0612244897959,3,0.00441176470588,0.185952380952,17,17,17,1,0,0.352941176471,0.411764705882,0.235294117647,17,0.128676470588,1.90196078431,4.11764705882,3.18181818182,2.69230769231,1.57648156274,0.382859808093,0.201680672269,2.01465221053,0.978545359402,0.524369747899,1.74894926439,0.849489642704,0.463865546218,0.814492905316,0.428238537847,2.33333333333,1.90196078431,0.814492905316,2.33333333333,0,0,0,0,0.164242424242,17,17,17,1,0,0.352941176471,0.411764705882,0.235294117647,17,37,0.136029411765,1.88235294118,4.35294117647,3.36363636364,2.84615384615,1.69341284359,0.389027274878,0.193958664547,2.09866904602,0.964253345467,0.518282988871,1.87867287326,0.863174022847,0.470588235294,0.786197569093,0.41766745858,2.25,1.88235294118,0.786197569093,2.25,0.166339869281,0.0612244897959,3,0.00441176470588,0.185952380952,17,17,17,1,0,0.352941176471,0.411764705882,0.235294117647,0,0,0,0,0,0,0,0,0,0,0,0,0,0,0,0,0,0,0,0,0,0,0,0,0,0,0,0,0,37,0,0,235,1,1,0,0,1,1,1,1,1,1,2,2,0,0,0,0
593,WLNM_dir_neg,1,0.5,00:00:02,10,20,16,1980862989,threshold_sweep,0.8,1,1,1,2,0,0,4,1,1,0,0,1,1,1,1,0.555555555556,1,1,1,37,35,2,0,37,0,35,0,2,17,37,0.136029411765,1.88235294118,4.35294117647,3.36363636364,2.84615384615,1.69341284359,0.389027274878,0.193958664547,2.09866904602,0.964253345467,0.518282988871,1.87867287326,0.863174022847,0.470588235294,0.786197569093,0.41766745858,2.25,1.88235294118,0.786197569093,2.25,0.166339869281,0.0612244897959,3,0.00441176470588,0.185952380952,17,17,17,1,0,0.352941176471,0.411764705882,0.235294117647,17,0.128676470588,1.90196078431,4.11764705882,3.18181818182,2.69230769231,1.57648156274,0.382859808093,0.201680672269,2.01465221053,0.978545359402,0.524369747899,1.74894926439,0.849489642704,0.463865546218,0.814492905316,0.428238537847,2.33333333333,1.90196078431,0.814492905316,2.33333333333,0,0,0,0,0.164242424242,17,17,17,1,0,0.352941176471,0.411764705882,0.235294117647,17,37,0.136029411765,1.88235294118,4.35294117647,3.36363636364,2.84615384615,1.69341284359,0.389027274878,0.193958664547,2.09866904602,0.964253345467,0.518282988871,1.87867287326,0.863174022847,0.470588235294,0.786197569093,0.41766745858,2.25,1.88235294118,0.786197569093,2.25,0.166339869281,0.0612244897959,3,0.00441176470588,0.185952380952,17,17,17,1,0,0.352941176471,0.411764705882,0.235294117647,0,0,0,0,0,0,0,0,0,0,0,0,0,0,0,0,0,0,0,0,0,0,0,0,0,0,0,0,0,37,0,0,235,1,1,0,0,1,1,1,1,1,1,2,2,0,0,0,0
594,WLNM_dir_neg,1,0.5,00:00:02,10,20,16,1980862989,threshold_sweep,0.9,1,1,1,2,0,0,4,1,1,0,0,1,1,1,1,0.555555555556,1,1,1,37,35,2,0,37,0,35,0,2,17,37,0.136029411765,1.88235294118,4.35294117647,3.36363636364,2.84615384615,1.69341284359,0.389027274878,0.193958664547,2.09866904602,0.964253345467,0.518282988871,1.87867287326,0.863174022847,0.470588235294,0.786197569093,0.41766745858,2.25,1.88235294118,0.786197569093,2.25,0.166339869281,0.0612244897959,3,0.00441176470588,0.185952380952,17,17,17,1,0,0.352941176471,0.411764705882,0.235294117647,17,0.128676470588,1.90196078431,4.11764705882,3.18181818182,2.69230769231,1.57648156274,0.382859808093,0.201680672269,2.01465221053,0.978545359402,0.524369747899,1.74894926439,0.849489642704,0.463865546218,0.814492905316,0.428238537847,2.33333333333,1.90196078431,0.814492905316,2.33333333333,0,0,0,0,0.164242424242,17,17,17,1,0,0.352941176471,0.411764705882,0.235294117647,17,37,0.136029411765,1.88235294118,4.35294117647,3.36363636364,2.84615384615,1.69341284359,0.389027274878,0.193958664547,2.09866904602,0.964253345467,0.518282988871,1.87867287326,0.863174022847,0.470588235294,0.786197569093,0.41766745858,2.25,1.88235294118,0.786197569093,2.25,0.166339869281,0.0612244897959,3,0.00441176470588,0.185952380952,17,17,17,1,0,0.352941176471,0.411764705882,0.235294117647,0,0,0,0,0,0,0,0,0,0,0,0,0,0,0,0,0,0,0,0,0,0,0,0,0,0,0,0,0,37,0,0,235,1,1,0,0,1,1,1,1,1,1,2,2,0,0,0,0
595,WLNM_dir_neg,1,0.5,00:00:03,10,20,17,1980862990,threshold_sweep,0.1,1,1,1,2,0,0,4,1,1,0,0,1,1,1,1,0.555555555556,1,1,1,37,35,2,0,37,0,35,0,2,17,37,0.136029411765,1.88235294118,4.35294117647,3.36363636364,2.84615384615,1.69341284359,0.389027274878,0.193958664547,2.09866904602,0.964253345467,0.518282988871,1.87867287326,0.863174022847,0.470588235294,0.786197569093,0.41766745858,2.25,1.88235294118,0.786197569093,2.25,0.166339869281,0.0612244897959,3,0.00441176470588,0.185952380952,17,17,17,1,0,0.352941176471,0.411764705882,0.235294117647,17,0.128676470588,1.90196078431,4.11764705882,3.18181818182,2.69230769231,1.57648156274,0.382859808093,0.201680672269,2.01465221053,0.978545359402,0.524369747899,1.74894926439,0.849489642704,0.463865546218,0.814492905316,0.428238537847,2.33333333333,1.90196078431,0.814492905316,2.33333333333,0,0,0,0,0.164242424242,17,17,17,1,0,0.352941176471,0.411764705882,0.235294117647,17,37,0.136029411765,1.88235294118,4.35294117647,3.36363636364,2.84615384615,1.69341284359,0.389027274878,0.193958664547,2.09866904602,0.964253345467,0.518282988871,1.87867287326,0.863174022847,0.470588235294,0.786197569093,0.41766745858,2.25,1.88235294118,0.786197569093,2.25,0.166339869281,0.0612244897959,3,0.00441176470588,0.185952380952,17,17,17,1,0,0.352941176471,0.411764705882,0.235294117647,0,0,0,0,0,0,0,0,0,0,0,0,0,0,0,0,0,0,0,0,0,0,0,0,0,0,0,0,0,37,0,0,235,1,1,0,0,1,1,1,1,1,1,2,2,0,0,0,0
596,WLNM_dir_neg,1,0.5,00:00:03,10,20,17,1980862990,threshold_sweep,0.2,1,1,1,2,0,0,4,1,1,0,0,1,1,1,1,0.555555555556,1,1,1,37,35,2,0,37,0,35,0,2,17,37,0.136029411765,1.88235294118,4.35294117647,3.36363636364,2.84615384615,1.69341284359,0.389027274878,0.193958664547,2.09866904602,0.964253345467,0.518282988871,1.87867287326,0.863174022847,0.470588235294,0.786197569093,0.41766745858,2.25,1.88235294118,0.786197569093,2.25,0.166339869281,0.0612244897959,3,0.00441176470588,0.185952380952,17,17,17,1,0,0.352941176471,0.411764705882,0.235294117647,17,0.128676470588,1.90196078431,4.11764705882,3.18181818182,2.69230769231,1.57648156274,0.382859808093,0.201680672269,2.01465221053,0.978545359402,0.524369747899,1.74894926439,0.849489642704,0.463865546218,0.814492905316,0.428238537847,2.33333333333,1.90196078431,0.814492905316,2.33333333333,0,0,0,0,0.164242424242,17,17,17,1,0,0.352941176471,0.411764705882,0.235294117647,17,37,0.136029411765,1.88235294118,4.35294117647,3.36363636364,2.84615384615,1.69341284359,0.389027274878,0.193958664547,2.09866904602,0.964253345467,0.518282988871,1.87867287326,0.863174022847,0.470588235294,0.786197569093,0.41766745858,2.25,1.88235294118,0.786197569093,2.25,0.166339869281,0.0612244897959,3,0.00441176470588,0.185952380952,17,17,17,1,0,0.352941176471,0.411764705882,0.235294117647,0,0,0,0,0,0,0,0,0,0,0,0,0,0,0,0,0,0,0,0,0,0,0,0,0,0,0,0,0,37,0,0,235,1,1,0,0,1,1,1,1,1,1,2,2,0,0,0,0
597,WLNM_dir_neg,1,0.5,00:00:03,10,20,17,1980862990,threshold_sweep,0.3,1,1,1,2,0,0,4,1,1,0,0,1,1,1,1,0.555555555556,1,1,1,37,35,2,0,37,0,35,0,2,17,37,0.136029411765,1.88235294118,4.35294117647,3.36363636364,2.84615384615,1.69341284359,0.389027274878,0.193958664547,2.09866904602,0.964253345467,0.518282988871,1.87867287326,0.863174022847,0.470588235294,0.786197569093,0.41766745858,2.25,1.88235294118,0.786197569093,2.25,0.166339869281,0.0612244897959,3,0.00441176470588,0.185952380952,17,17,17,1,0,0.352941176471,0.411764705882,0.235294117647,17,0.128676470588,1.90196078431,4.11764705882,3.18181818182,2.69230769231,1.57648156274,0.382859808093,0.201680672269,2.01465221053,0.978545359402,0.524369747899,1.74894926439,0.849489642704,0.463865546218,0.814492905316,0.428238537847,2.33333333333,1.90196078431,0.814492905316,2.33333333333,0,0,0,0,0.164242424242,17,17,17,1,0,0.352941176471,0.411764705882,0.235294117647,17,37,0.136029411765,1.88235294118,4.35294117647,3.36363636364,2.84615384615,1.69341284359,0.389027274878,0.193958664547,2.09866904602,0.964253345467,0.518282988871,1.87867287326,0.863174022847,0.470588235294,0.786197569093,0.41766745858,2.25,1.88235294118,0.786197569093,2.25,0.166339869281,0.0612244897959,3,0.00441176470588,0.185952380952,17,17,17,1,0,0.352941176471,0.411764705882,0.235294117647,0,0,0,0,0,0,0,0,0,0,0,0,0,0,0,0,0,0,0,0,0,0,0,0,0,0,0,0,0,37,0,0,235,1,1,0,0,1,1,1,1,1,1,2,2,0,0,0,0
598,WLNM_dir_neg,1,0.5,00:00:03,10,20,17,1980862990,threshold_sweep,0.4,1,1,1,2,0,0,4,1,1,0,0,1,1,1,1,0.555555555556,1,1,1,37,35,2,0,37,0,35,0,2,17,37,0.136029411765,1.88235294118,4.35294117647,3.36363636364,2.84615384615,1.69341284359,0.389027274878,0.193958664547,2.09866904602,0.964253345467,0.518282988871,1.87867287326,0.863174022847,0.470588235294,0.786197569093,0.41766745858,2.25,1.88235294118,0.786197569093,2.25,0.166339869281,0.0612244897959,3,0.00441176470588,0.185952380952,17,17,17,1,0,0.352941176471,0.411764705882,0.235294117647,17,0.128676470588,1.90196078431,4.11764705882,3.18181818182,2.69230769231,1.57648156274,0.382859808093,0.201680672269,2.01465221053,0.978545359402,0.524369747899,1.74894926439,0.849489642704,0.463865546218,0.814492905316,0.428238537847,2.33333333333,1.90196078431,0.814492905316,2.33333333333,0,0,0,0,0.164242424242,17,17,17,1,0,0.352941176471,0.411764705882,0.235294117647,17,37,0.136029411765,1.88235294118,4.35294117647,3.36363636364,2.84615384615,1.69341284359,0.389027274878,0.193958664547,2.09866904602,0.964253345467,0.518282988871,1.87867287326,0.863174022847,0.470588235294,0.786197569093,0.41766745858,2.25,1.88235294118,0.786197569093,2.25,0.166339869281,0.0612244897959,3,0.00441176470588,0.185952380952,17,17,17,1,0,0.352941176471,0.411764705882,0.235294117647,0,0,0,0,0,0,0,0,0,0,0,0,0,0,0,0,0,0,0,0,0,0,0,0,0,0,0,0,0,37,0,0,235,1,1,0,0,1,1,1,1,1,1,2,2,0,0,0,0
599,WLNM_dir_neg,1,0.5,00:00:03,10,20,17,1980862990,threshold_sweep,0.5,1,1,1,2,0,0,4,1,1,0,0,1,1,1,1,0.555555555556,1,1,1,37,35,2,0,37,0,35,0,2,17,37,0.136029411765,1.88235294118,4.35294117647,3.36363636364,2.84615384615,1.69341284359,0.389027274878,0.193958664547,2.09866904602,0.964253345467,0.518282988871,1.87867287326,0.863174022847,0.470588235294,0.786197569093,0.41766745858,2.25,1.88235294118,0.786197569093,2.25,0.166339869281,0.0612244897959,3,0.00441176470588,0.185952380952,17,17,17,1,0,0.352941176471,0.411764705882,0.235294117647,17,0.128676470588,1.90196078431,4.11764705882,3.18181818182,2.69230769231,1.57648156274,0.382859808093,0.201680672269,2.01465221053,0.978545359402,0.524369747899,1.74894926439,0.849489642704,0.463865546218,0.814492905316,0.428238537847,2.33333333333,1.90196078431,0.814492905316,2.33333333333,0,0,0,0,0.164242424242,17,17,17,1,0,0.352941176471,0.411764705882,0.235294117647,17,37,0.136029411765,1.88235294118,4.35294117647,3.36363636364,2.84615384615,1.69341284359,0.389027274878,0.193958664547,2.09866904602,0.964253345467,0.518282988871,1.87867287326,0.863174022847,0.470588235294,0.786197569093,0.41766745858,2.25,1.88235294118,0.786197569093,2.25,0.166339869281,0.0612244897959,3,0.00441176470588,0.185952380952,17,17,17,1,0,0.352941176471,0.411764705882,0.235294117647,0,0,0,0,0,0,0,0,0,0,0,0,0,0,0,0,0,0,0,0,0,0,0,0,0,0,0,0,0,37,0,0,235,1,1,0,0,1,1,1,1,1,1,2,2,0,0,0,0
600,WLNM_dir_neg,1,0.5,00:00:03,10,20,17,1980862990,threshold_sweep,0.6,1,1,1,2,0,0,4,1,1,0,0,1,1,1,1,0.555555555556,1,1,1,37,35,2,0,37,0,35,0,2,17,37,0.136029411765,1.88235294118,4.35294117647,3.36363636364,2.84615384615,1.69341284359,0.389027274878,0.193958664547,2.09866904602,0.964253345467,0.518282988871,1.87867287326,0.863174022847,0.470588235294,0.786197569093,0.41766745858,2.25,1.88235294118,0.786197569093,2.25,0.166339869281,0.0612244897959,3,0.00441176470588,0.185952380952,17,17,17,1,0,0.352941176471,0.411764705882,0.235294117647,17,0.128676470588,1.90196078431,4.11764705882,3.18181818182,2.69230769231,1.57648156274,0.382859808093,0.201680672269,2.01465221053,0.978545359402,0.524369747899,1.74894926439,0.849489642704,0.463865546218,0.814492905316,0.428238537847,2.33333333333,1.90196078431,0.814492905316,2.33333333333,0,0,0,0,0.164242424242,17,17,17,1,0,0.352941176471,0.411764705882,0.235294117647,17,37,0.136029411765,1.88235294118,4.35294117647,3.36363636364,2.84615384615,1.69341284359,0.389027274878,0.193958664547,2.09866904602,0.964253345467,0.518282988871,1.87867287326,0.863174022847,0.470588235294,0.786197569093,0.41766745858,2.25,1.88235294118,0.786197569093,2.25,0.166339869281,0.0612244897959,3,0.00441176470588,0.185952380952,17,17,17,1,0,0.352941176471,0.411764705882,0.235294117647,0,0,0,0,0,0,0,0,0,0,0,0,0,0,0,0,0,0,0,0,0,0,0,0,0,0,0,0,0,37,0,0,235,1,1,0,0,1,1,1,1,1,1,2,2,0,0,0,0
601,WLNM_dir_neg,1,0.5,00:00:03,10,20,17,1980862990,threshold_sweep,0.7,1,1,1,2,0,0,4,1,1,0,0,1,1,1,1,0.555555555556,1,1,1,37,35,2,0,37,0,35,0,2,17,37,0.136029411765,1.88235294118,4.35294117647,3.36363636364,2.84615384615,1.69341284359,0.389027274878,0.193958664547,2.09866904602,0.964253345467,0.518282988871,1.87867287326,0.863174022847,0.470588235294,0.786197569093,0.41766745858,2.25,1.88235294118,0.786197569093,2.25,0.166339869281,0.0612244897959,3,0.00441176470588,0.185952380952,17,17,17,1,0,0.352941176471,0.411764705882,0.235294117647,17,0.128676470588,1.90196078431,4.11764705882,3.18181818182,2.69230769231,1.57648156274,0.382859808093,0.201680672269,2.01465221053,0.978545359402,0.524369747899,1.74894926439,0.849489642704,0.463865546218,0.814492905316,0.428238537847,2.33333333333,1.90196078431,0.814492905316,2.33333333333,0,0,0,0,0.164242424242,17,17,17,1,0,0.352941176471,0.411764705882,0.235294117647,17,37,0.136029411765,1.88235294118,4.35294117647,3.36363636364,2.84615384615,1.69341284359,0.389027274878,0.193958664547,2.09866904602,0.964253345467,0.518282988871,1.87867287326,0.863174022847,0.470588235294,0.786197569093,0.41766745858,2.25,1.88235294118,0.786197569093,2.25,0.166339869281,0.0612244897959,3,0.00441176470588,0.185952380952,17,17,17,1,0,0.352941176471,0.411764705882,0.235294117647,0,0,0,0,0,0,0,0,0,0,0,0,0,0,0,0,0,0,0,0,0,0,0,0,0,0,0,0,0,37,0,0,235,1,1,0,0,1,1,1,1,1,1,2,2,0,0,0,0
602,WLNM_dir_neg,1,0.5,00:00:03,10,20,17,1980862990,threshold_sweep,0.8,1,1,1,2,0,0,4,1,1,0,0,1,1,1,1,0.555555555556,1,1,1,37,35,2,0,37,0,35,0,2,17,37,0.136029411765,1.88235294118,4.35294117647,3.36363636364,2.84615384615,1.69341284359,0.389027274878,0.193958664547,2.09866904602,0.964253345467,0.518282988871,1.87867287326,0.863174022847,0.470588235294,0.786197569093,0.41766745858,2.25,1.88235294118,0.786197569093,2.25,0.166339869281,0.0612244897959,3,0.00441176470588,0.185952380952,17,17,17,1,0,0.352941176471,0.411764705882,0.235294117647,17,0.128676470588,1.90196078431,4.11764705882,3.18181818182,2.69230769231,1.57648156274,0.382859808093,0.201680672269,2.01465221053,0.978545359402,0.524369747899,1.74894926439,0.849489642704,0.463865546218,0.814492905316,0.428238537847,2.33333333333,1.90196078431,0.814492905316,2.33333333333,0,0,0,0,0.164242424242,17,17,17,1,0,0.352941176471,0.411764705882,0.235294117647,17,37,0.136029411765,1.88235294118,4.35294117647,3.36363636364,2.84615384615,1.69341284359,0.389027274878,0.193958664547,2.09866904602,0.964253345467,0.518282988871,1.87867287326,0.863174022847,0.470588235294,0.786197569093,0.41766745858,2.25,1.88235294118,0.786197569093,2.25,0.166339869281,0.0612244897959,3,0.00441176470588,0.185952380952,17,17,17,1,0,0.352941176471,0.411764705882,0.235294117647,0,0,0,0,0,0,0,0,0,0,0,0,0,0,0,0,0,0,0,0,0,0,0,0,0,0,0,0,0,37,0,0,235,1,1,0,0,1,1,1,1,1,1,2,2,0,0,0,0
603,WLNM_dir_neg,1,0.5,00:00:03,10,20,17,1980862990,threshold_sweep,0.9,1,1,1,2,0,0,4,1,1,0,0,1,1,1,1,0.555555555556,1,1,1,37,35,2,0,37,0,35,0,2,17,37,0.136029411765,1.88235294118,4.35294117647,3.36363636364,2.84615384615,1.69341284359,0.389027274878,0.193958664547,2.09866904602,0.964253345467,0.518282988871,1.87867287326,0.863174022847,0.470588235294,0.786197569093,0.41766745858,2.25,1.88235294118,0.786197569093,2.25,0.166339869281,0.0612244897959,3,0.00441176470588,0.185952380952,17,17,17,1,0,0.352941176471,0.411764705882,0.235294117647,17,0.128676470588,1.90196078431,4.11764705882,3.18181818182,2.69230769231,1.57648156274,0.382859808093,0.201680672269,2.01465221053,0.978545359402,0.524369747899,1.74894926439,0.849489642704,0.463865546218,0.814492905316,0.428238537847,2.33333333333,1.90196078431,0.814492905316,2.33333333333,0,0,0,0,0.164242424242,17,17,17,1,0,0.352941176471,0.411764705882,0.235294117647,17,37,0.136029411765,1.88235294118,4.35294117647,3.36363636364,2.84615384615,1.69341284359,0.389027274878,0.193958664547,2.09866904602,0.964253345467,0.518282988871,1.87867287326,0.863174022847,0.470588235294,0.786197569093,0.41766745858,2.25,1.88235294118,0.786197569093,2.25,0.166339869281,0.0612244897959,3,0.00441176470588,0.185952380952,17,17,17,1,0,0.352941176471,0.411764705882,0.235294117647,0,0,0,0,0,0,0,0,0,0,0,0,0,0,0,0,0,0,0,0,0,0,0,0,0,0,0,0,0,37,0,0,235,1,1,0,0,1,1,1,1,1,1,2,2,0,0,0,0
604,WLNM_dir_neg,1,0.5,00:00:02,10,20,18,1980862991,threshold_sweep,0.1,0.666666666667,1,0.8,2,1,0,3,1,0.75,0.25,0,0.666666666667,1,0.8,0.833333333333,0.5,0.666666666667,0.707106781187,0.75,37,35,2,0,37,0,35,0,2,17,37,0.136029411765,1.88235294118,4.35294117647,3.36363636364,2.84615384615,1.69341284359,0.389027274878,0.193958664547,2.09866904602,0.964253345467,0.518282988871,1.87867287326,0.863174022847,0.470588235294,0.786197569093,0.41766745858,2.25,1.88235294118,0.786197569093,2.25,0.166339869281,0.0612244897959,3,0.00441176470588,0.185952380952,17,17,17,1,0,0.352941176471,0.411764705882,0.235294117647,17,0.128676470588,1.90196078431,4.11764705882,3.18181818182,2.69230769231,1.57648156274,0.382859808093,0.201680672269,2.01465221053,0.978545359402,0.524369747899,1.74894926439,0.849489642704,0.463865546218,0.814492905316,0.428238537847,2.33333333333,1.90196078431,0.814492905316,2.33333333333,0,0,0,0,0.164242424242,17,17,17,1,0,0.352941176471,0.411764705882,0.235294117647,17,38,0.139705882353,1.87941176471,4.47058823529,3.45454545455,2.71428571429,1.73629084037,0.388380845872,0.198142414861,2.16591238756,0.968960804961,0.517027863777,1.82103719638,0.814674535221,0.442724458204,0.780836655359,0.415468642914,2.2,1.87941176471,0.780836655359,2.2,0.162418300654,0.0576923076923,3,0.00441176470588,0.182878787879,17,17,17,1,0,0.352941176471,0.470588235294,0.176470588235,1,0.00367647058824,-0.00294117647059,0.117647058824,0.0909090909091,-0.131868131868,0.0428779967836,-0.000646429005719,0.00418375031378,0.0672433415445,0.00470745949447,-0.00125512509413,-0.0576356768785,-0.0484994876259,-0.0278637770898,-0.00536091373311,-0.00219881566616,-0.05,-0.00294117647059,-0.00536091373311,-0.05,-0.00392156862745,-0.00353218210361,0,0,-0.00307359307359,0,0.0588235294118,-0.0588235294118,37,1,0,234,1,0.995744680851,0.00425531914894,0,0.973684210526,1,0.986666666667,0.984652666406,0.995744680851,0.973684210526,3,2,0,0,0,0
605,WLNM_dir_neg,1,0.5,00:00:02,10,20,18,1980862991,threshold_sweep,0.2,0.666666666667,1,0.8,2,1,0,3,1,0.75,0.25,0,0.666666666667,1,0.8,0.833333333333,0.5,0.666666666667,0.707106781187,0.75,37,35,2,0,37,0,35,0,2,17,37,0.136029411765,1.88235294118,4.35294117647,3.36363636364,2.84615384615,1.69341284359,0.389027274878,0.193958664547,2.09866904602,0.964253345467,0.518282988871,1.87867287326,0.863174022847,0.470588235294,0.786197569093,0.41766745858,2.25,1.88235294118,0.786197569093,2.25,0.166339869281,0.0612244897959,3,0.00441176470588,0.185952380952,17,17,17,1,0,0.352941176471,0.411764705882,0.235294117647,17,0.128676470588,1.90196078431,4.11764705882,3.18181818182,2.69230769231,1.57648156274,0.382859808093,0.201680672269,2.01465221053,0.978545359402,0.524369747899,1.74894926439,0.849489642704,0.463865546218,0.814492905316,0.428238537847,2.33333333333,1.90196078431,0.814492905316,2.33333333333,0,0,0,0,0.164242424242,17,17,17,1,0,0.352941176471,0.411764705882,0.235294117647,17,38,0.139705882353,1.87941176471,4.47058823529,3.45454545455,2.71428571429,1.73629084037,0.388380845872,0.198142414861,2.16591238756,0.968960804961,0.517027863777,1.82103719638,0.814674535221,0.442724458204,0.780836655359,0.415468642914,2.2,1.87941176471,0.780836655359,2.2,0.162418300654,0.0576923076923,3,0.00441176470588,0.182878787879,17,17,17,1,0,0.352941176471,0.470588235294,0.176470588235,1,0.00367647058824,-0.00294117647059,0.117647058824,0.0909090909091,-0.131868131868,0.0428779967836,-0.000646429005719,0.00418375031378,0.0672433415445,0.00470745949447,-0.00125512509413,-0.0576356768785,-0.0484994876259,-0.0278637770898,-0.00536091373311,-0.00219881566616,-0.05,-0.00294117647059,-0.00536091373311,-0.05,-0.00392156862745,-0.00353218210361,0,0,-0.00307359307359,0,0.0588235294118,-0.0588235294118,37,1,0,234,1,0.995744680851,0.00425531914894,0,0.973684210526,1,0.986666666667,0.984652666406,0.995744680851,0.973684210526,3,2,0,0,0,0
606,WLNM_dir_neg,1,0.5,00:00:02,10,20,18,1980862991,threshold_sweep,0.3,0.666666666667,1,0.8,2,1,0,3,1,0.75,0.25,0,0.666666666667,1,0.8,0.833333333333,0.5,0.666666666667,0.707106781187,0.75,37,35,2,0,37,0,35,0,2,17,37,0.136029411765,1.88235294118,4.35294117647,3.36363636364,2.84615384615,1.69341284359,0.389027274878,0.193958664547,2.09866904602,0.964253345467,0.518282988871,1.87867287326,0.863174022847,0.470588235294,0.786197569093,0.41766745858,2.25,1.88235294118,0.786197569093,2.25,0.166339869281,0.0612244897959,3,0.00441176470588,0.185952380952,17,17,17,1,0,0.352941176471,0.411764705882,0.235294117647,17,0.128676470588,1.90196078431,4.11764705882,3.18181818182,2.69230769231,1.57648156274,0.382859808093,0.201680672269,2.01465221053,0.978545359402,0.524369747899,1.74894926439,0.849489642704,0.463865546218,0.814492905316,0.428238537847,2.33333333333,1.90196078431,0.814492905316,2.33333333333,0,0,0,0,0.164242424242,17,17,17,1,0,0.352941176471,0.411764705882,0.235294117647,17,38,0.139705882353,1.87941176471,4.47058823529,3.45454545455,2.71428571429,1.73629084037,0.388380845872,0.198142414861,2.16591238756,0.968960804961,0.517027863777,1.82103719638,0.814674535221,0.442724458204,0.780836655359,0.415468642914,2.2,1.87941176471,0.780836655359,2.2,0.162418300654,0.0576923076923,3,0.00441176470588,0.182878787879,17,17,17,1,0,0.352941176471,0.470588235294,0.176470588235,1,0.00367647058824,-0.00294117647059,0.117647058824,0.0909090909091,-0.131868131868,0.0428779967836,-0.000646429005719,0.00418375031378,0.0672433415445,0.00470745949447,-0.00125512509413,-0.0576356768785,-0.0484994876259,-0.0278637770898,-0.00536091373311,-0.00219881566616,-0.05,-0.00294117647059,-0.00536091373311,-0.05,-0.00392156862745,-0.00353218210361,0,0,-0.00307359307359,0,0.0588235294118,-0.0588235294118,37,1,0,234,1,0.995744680851,0.00425531914894,0,0.973684210526,1,0.986666666667,0.984652666406,0.995744680851,0.973684210526,3,2,0,0,0,0
607,WLNM_dir_neg,1,0.5,00:00:02,10,20,18,1980862991,threshold_sweep,0.4,0.666666666667,1,0.8,2,1,0,3,1,0.75,0.25,0,0.666666666667,1,0.8,0.833333333333,0.5,0.666666666667,0.707106781187,0.75,37,35,2,0,37,0,35,0,2,17,37,0.136029411765,1.88235294118,4.35294117647,3.36363636364,2.84615384615,1.69341284359,0.389027274878,0.193958664547,2.09866904602,0.964253345467,0.518282988871,1.87867287326,0.863174022847,0.470588235294,0.786197569093,0.41766745858,2.25,1.88235294118,0.786197569093,2.25,0.166339869281,0.0612244897959,3,0.00441176470588,0.185952380952,17,17,17,1,0,0.352941176471,0.411764705882,0.235294117647,17,0.128676470588,1.90196078431,4.11764705882,3.18181818182,2.69230769231,1.57648156274,0.382859808093,0.201680672269,2.01465221053,0.978545359402,0.524369747899,1.74894926439,0.849489642704,0.463865546218,0.814492905316,0.428238537847,2.33333333333,1.90196078431,0.814492905316,2.33333333333,0,0,0,0,0.164242424242,17,17,17,1,0,0.352941176471,0.411764705882,0.235294117647,17,38,0.139705882353,1.87941176471,4.47058823529,3.45454545455,2.71428571429,1.73629084037,0.388380845872,0.198142414861,2.16591238756,0.968960804961,0.517027863777,1.82103719638,0.814674535221,0.442724458204,0.780836655359,0.415468642914,2.2,1.87941176471,0.780836655359,2.2,0.162418300654,0.0576923076923,3,0.00441176470588,0.182878787879,17,17,17,1,0,0.352941176471,0.470588235294,0.176470588235,1,0.00367647058824,-0.00294117647059,0.117647058824,0.0909090909091,-0.131868131868,0.0428779967836,-0.000646429005719,0.00418375031378,0.0672433415445,0.00470745949447,-0.00125512509413,-0.0576356768785,-0.0484994876259,-0.0278637770898,-0.00536091373311,-0.00219881566616,-0.05,-0.00294117647059,-0.00536091373311,-0.05,-0.00392156862745,-0.00353218210361,0,0,-0.00307359307359,0,0.0588235294118,-0.0588235294118,37,1,0,234,1,0.995744680851,0.00425531914894,0,0.973684210526,1,0.986666666667,0.984652666406,0.995744680851,0.973684210526,3,2,0,0,0,0
608,WLNM_dir_neg,1,0.5,00:00:02,10,20,18,1980862991,threshold_sweep,0.5,0.666666666667,1,0.8,2,1,0,3,1,0.75,0.25,0,0.666666666667,1,0.8,0.833333333333,0.5,0.666666666667,0.707106781187,0.75,37,35,2,0,37,0,35,0,2,17,37,0.136029411765,1.88235294118,4.35294117647,3.36363636364,2.84615384615,1.69341284359,0.389027274878,0.193958664547,2.09866904602,0.964253345467,0.518282988871,1.87867287326,0.863174022847,0.470588235294,0.786197569093,0.41766745858,2.25,1.88235294118,0.786197569093,2.25,0.166339869281,0.0612244897959,3,0.00441176470588,0.185952380952,17,17,17,1,0,0.352941176471,0.411764705882,0.235294117647,17,0.128676470588,1.90196078431,4.11764705882,3.18181818182,2.69230769231,1.57648156274,0.382859808093,0.201680672269,2.01465221053,0.978545359402,0.524369747899,1.74894926439,0.849489642704,0.463865546218,0.814492905316,0.428238537847,2.33333333333,1.90196078431,0.814492905316,2.33333333333,0,0,0,0,0.164242424242,17,17,17,1,0,0.352941176471,0.411764705882,0.235294117647,17,38,0.139705882353,1.87941176471,4.47058823529,3.45454545455,2.71428571429,1.73629084037,0.388380845872,0.198142414861,2.16591238756,0.968960804961,0.517027863777,1.82103719638,0.814674535221,0.442724458204,0.780836655359,0.415468642914,2.2,1.87941176471,0.780836655359,2.2,0.162418300654,0.0576923076923,3,0.00441176470588,0.182878787879,17,17,17,1,0,0.352941176471,0.470588235294,0.176470588235,1,0.00367647058824,-0.00294117647059,0.117647058824,0.0909090909091,-0.131868131868,0.0428779967836,-0.000646429005719,0.00418375031378,0.0672433415445,0.00470745949447,-0.00125512509413,-0.0576356768785,-0.0484994876259,-0.0278637770898,-0.00536091373311,-0.00219881566616,-0.05,-0.00294117647059,-0.00536091373311,-0.05,-0.00392156862745,-0.00353218210361,0,0,-0.00307359307359,0,0.0588235294118,-0.0588235294118,37,1,0,234,1,0.995744680851,0.00425531914894,0,0.973684210526,1,0.986666666667,0.984652666406,0.995744680851,0.973684210526,3,2,0,0,0,0
609,WLNM_dir_neg,1,0.5,00:00:02,10,20,18,1980862991,threshold_sweep,0.6,0.666666666667,1,0.8,2,1,0,3,1,0.75,0.25,0,0.666666666667,1,0.8,0.833333333333,0.5,0.666666666667,0.707106781187,0.75,37,35,2,0,37,0,35,0,2,17,37,0.136029411765,1.88235294118,4.35294117647,3.36363636364,2.84615384615,1.69341284359,0.389027274878,0.193958664547,2.09866904602,0.964253345467,0.518282988871,1.87867287326,0.863174022847,0.470588235294,0.786197569093,0.41766745858,2.25,1.88235294118,0.786197569093,2.25,0.166339869281,0.0612244897959,3,0.00441176470588,0.185952380952,17,17,17,1,0,0.352941176471,0.411764705882,0.235294117647,17,0.128676470588,1.90196078431,4.11764705882,3.18181818182,2.69230769231,1.57648156274,0.382859808093,0.201680672269,2.01465221053,0.978545359402,0.524369747899,1.74894926439,0.849489642704,0.463865546218,0.814492905316,0.428238537847,2.33333333333,1.90196078431,0.814492905316,2.33333333333,0,0,0,0,0.164242424242,17,17,17,1,0,0.352941176471,0.411764705882,0.235294117647,17,38,0.139705882353,1.87941176471,4.47058823529,3.45454545455,2.71428571429,1.73629084037,0.388380845872,0.198142414861,2.16591238756,0.968960804961,0.517027863777,1.82103719638,0.814674535221,0.442724458204,0.780836655359,0.415468642914,2.2,1.87941176471,0.780836655359,2.2,0.162418300654,0.0576923076923,3,0.00441176470588,0.182878787879,17,17,17,1,0,0.352941176471,0.470588235294,0.176470588235,1,0.00367647058824,-0.00294117647059,0.117647058824,0.0909090909091,-0.131868131868,0.0428779967836,-0.000646429005719,0.00418375031378,0.0672433415445,0.00470745949447,-0.00125512509413,-0.0576356768785,-0.0484994876259,-0.0278637770898,-0.00536091373311,-0.00219881566616,-0.05,-0.00294117647059,-0.00536091373311,-0.05,-0.00392156862745,-0.00353218210361,0,0,-0.00307359307359,0,0.0588235294118,-0.0588235294118,37,1,0,234,1,0.995744680851,0.00425531914894,0,0.973684210526,1,0.986666666667,0.984652666406,0.995744680851,0.973684210526,3,2,0,0,0,0
610,WLNM_dir_neg,1,0.5,00:00:02,10,20,18,1980862991,threshold_sweep,0.7,0.666666666667,1,0.8,2,1,0,3,1,0.75,0.25,0,0.666666666667,1,0.8,0.833333333333,0.5,0.666666666667,0.707106781187,0.75,37,35,2,0,37,0,35,0,2,17,37,0.136029411765,1.88235294118,4.35294117647,3.36363636364,2.84615384615,1.69341284359,0.389027274878,0.193958664547,2.09866904602,0.964253345467,0.518282988871,1.87867287326,0.863174022847,0.470588235294,0.786197569093,0.41766745858,2.25,1.88235294118,0.786197569093,2.25,0.166339869281,0.0612244897959,3,0.00441176470588,0.185952380952,17,17,17,1,0,0.352941176471,0.411764705882,0.235294117647,17,0.128676470588,1.90196078431,4.11764705882,3.18181818182,2.69230769231,1.57648156274,0.382859808093,0.201680672269,2.01465221053,0.978545359402,0.524369747899,1.74894926439,0.849489642704,0.463865546218,0.814492905316,0.428238537847,2.33333333333,1.90196078431,0.814492905316,2.33333333333,0,0,0,0,0.164242424242,17,17,17,1,0,0.352941176471,0.411764705882,0.235294117647,17,38,0.139705882353,1.87941176471,4.47058823529,3.45454545455,2.71428571429,1.73629084037,0.388380845872,0.198142414861,2.16591238756,0.968960804961,0.517027863777,1.82103719638,0.814674535221,0.442724458204,0.780836655359,0.415468642914,2.2,1.87941176471,0.780836655359,2.2,0.162418300654,0.0576923076923,3,0.00441176470588,0.182878787879,17,17,17,1,0,0.352941176471,0.470588235294,0.176470588235,1,0.00367647058824,-0.00294117647059,0.117647058824,0.0909090909091,-0.131868131868,0.0428779967836,-0.000646429005719,0.00418375031378,0.0672433415445,0.00470745949447,-0.00125512509413,-0.0576356768785,-0.0484994876259,-0.0278637770898,-0.00536091373311,-0.00219881566616,-0.05,-0.00294117647059,-0.00536091373311,-0.05,-0.00392156862745,-0.00353218210361,0,0,-0.00307359307359,0,0.0588235294118,-0.0588235294118,37,1,0,234,1,0.995744680851,0.00425531914894,0,0.973684210526,1,0.986666666667,0.984652666406,0.995744680851,0.973684210526,3,2,0,0,0,0
611,WLNM_dir_neg,1,0.5,00:00:02,10,20,18,1980862991,threshold_sweep,0.8,0.666666666667,1,0.8,2,1,0,3,1,0.75,0.25,0,0.666666666667,1,0.8,0.833333333333,0.5,0.666666666667,0.707106781187,0.75,37,35,2,0,37,0,35,0,2,17,37,0.136029411765,1.88235294118,4.35294117647,3.36363636364,2.84615384615,1.69341284359,0.389027274878,0.193958664547,2.09866904602,0.964253345467,0.518282988871,1.87867287326,0.863174022847,0.470588235294,0.786197569093,0.41766745858,2.25,1.88235294118,0.786197569093,2.25,0.166339869281,0.0612244897959,3,0.00441176470588,0.185952380952,17,17,17,1,0,0.352941176471,0.411764705882,0.235294117647,17,0.128676470588,1.90196078431,4.11764705882,3.18181818182,2.69230769231,1.57648156274,0.382859808093,0.201680672269,2.01465221053,0.978545359402,0.524369747899,1.74894926439,0.849489642704,0.463865546218,0.814492905316,0.428238537847,2.33333333333,1.90196078431,0.814492905316,2.33333333333,0,0,0,0,0.164242424242,17,17,17,1,0,0.352941176471,0.411764705882,0.235294117647,17,38,0.139705882353,1.87941176471,4.47058823529,3.45454545455,2.71428571429,1.73629084037,0.388380845872,0.198142414861,2.16591238756,0.968960804961,0.517027863777,1.82103719638,0.814674535221,0.442724458204,0.780836655359,0.415468642914,2.2,1.87941176471,0.780836655359,2.2,0.162418300654,0.0576923076923,3,0.00441176470588,0.182878787879,17,17,17,1,0,0.352941176471,0.470588235294,0.176470588235,1,0.00367647058824,-0.00294117647059,0.117647058824,0.0909090909091,-0.131868131868,0.0428779967836,-0.000646429005719,0.00418375031378,0.0672433415445,0.00470745949447,-0.00125512509413,-0.0576356768785,-0.0484994876259,-0.0278637770898,-0.00536091373311,-0.00219881566616,-0.05,-0.00294117647059,-0.00536091373311,-0.05,-0.00392156862745,-0.00353218210361,0,0,-0.00307359307359,0,0.0588235294118,-0.0588235294118,37,1,0,234,1,0.995744680851,0.00425531914894,0,0.973684210526,1,0.986666666667,0.984652666406,0.995744680851,0.973684210526,3,2,0,0,0,0
612,WLNM_dir_neg,1,0.5,00:00:02,10,20,18,1980862991,threshold_sweep,0.9,0.666666666667,1,0.8,2,1,0,3,1,0.75,0.25,0,0.666666666667,1,0.8,0.833333333333,0.5,0.666666666667,0.707106781187,0.75,37,35,2,0,37,0,35,0,2,17,37,0.136029411765,1.88235294118,4.35294117647,3.36363636364,2.84615384615,1.69341284359,0.389027274878,0.193958664547,2.09866904602,0.964253345467,0.518282988871,1.87867287326,0.863174022847,0.470588235294,0.786197569093,0.41766745858,2.25,1.88235294118,0.786197569093,2.25,0.166339869281,0.0612244897959,3,0.00441176470588,0.185952380952,17,17,17,1,0,0.352941176471,0.411764705882,0.235294117647,17,0.128676470588,1.90196078431,4.11764705882,3.18181818182,2.69230769231,1.57648156274,0.382859808093,0.201680672269,2.01465221053,0.978545359402,0.524369747899,1.74894926439,0.849489642704,0.463865546218,0.814492905316,0.428238537847,2.33333333333,1.90196078431,0.814492905316,2.33333333333,0,0,0,0,0.164242424242,17,17,17,1,0,0.352941176471,0.411764705882,0.235294117647,17,38,0.139705882353,1.87941176471,4.47058823529,3.45454545455,2.71428571429,1.73629084037,0.388380845872,0.198142414861,2.16591238756,0.968960804961,0.517027863777,1.82103719638,0.814674535221,0.442724458204,0.780836655359,0.415468642914,2.2,1.87941176471,0.780836655359,2.2,0.162418300654,0.0576923076923,3,0.00441176470588,0.182878787879,17,17,17,1,0,0.352941176471,0.470588235294,0.176470588235,1,0.00367647058824,-0.00294117647059,0.117647058824,0.0909090909091,-0.131868131868,0.0428779967836,-0.000646429005719,0.00418375031378,0.0672433415445,0.00470745949447,-0.00125512509413,-0.0576356768785,-0.0484994876259,-0.0278637770898,-0.00536091373311,-0.00219881566616,-0.05,-0.00294117647059,-0.00536091373311,-0.05,-0.00392156862745,-0.00353218210361,0,0,-0.00307359307359,0,0.0588235294118,-0.0588235294118,37,1,0,234,1,0.995744680851,0.00425531914894,0,0.973684210526,1,0.986666666667,0.984652666406,0.995744680851,0.973684210526,3,2,0,0,0,0
613,WLNM_dir_neg,1,0.5,00:00:02,10,20,19,1980862992,threshold_sweep,0.1,1,1,1,2,0,0,4,1,1,0,0,1,1,1,1,0.555555555556,1,1,1,37,35,2,0,37,0,35,0,2,17,37,0.136029411765,1.88235294118,4.35294117647,3.36363636364,2.84615384615,1.69341284359,0.389027274878,0.193958664547,2.09866904602,0.964253345467,0.518282988871,1.87867287326,0.863174022847,0.470588235294,0.786197569093,0.41766745858,2.25,1.88235294118,0.786197569093,2.25,0.166339869281,0.0612244897959,3,0.00441176470588,0.185952380952,17,17,17,1,0,0.352941176471,0.411764705882,0.235294117647,17,0.128676470588,1.90196078431,4.11764705882,3.18181818182,2.69230769231,1.57648156274,0.382859808093,0.201680672269,2.01465221053,0.978545359402,0.524369747899,1.74894926439,0.849489642704,0.463865546218,0.814492905316,0.428238537847,2.33333333333,1.90196078431,0.814492905316,2.33333333333,0,0,0,0,0.164242424242,17,17,17,1,0,0.352941176471,0.411764705882,0.235294117647,17,37,0.136029411765,1.88235294118,4.35294117647,3.36363636364,2.84615384615,1.69341284359,0.389027274878,0.193958664547,2.09866904602,0.964253345467,0.518282988871,1.87867287326,0.863174022847,0.470588235294,0.786197569093,0.41766745858,2.25,1.88235294118,0.786197569093,2.25,0.166339869281,0.0612244897959,3,0.00441176470588,0.185952380952,17,17,17,1,0,0.352941176471,0.411764705882,0.235294117647,0,0,0,0,0,0,0,0,0,0,0,0,0,0,0,0,0,0,0,0,0,0,0,0,0,0,0,0,0,37,0,0,235,1,1,0,0,1,1,1,1,1,1,2,2,0,0,0,0
614,WLNM_dir_neg,1,0.5,00:00:02,10,20,19,1980862992,threshold_sweep,0.2,1,1,1,2,0,0,4,1,1,0,0,1,1,1,1,0.555555555556,1,1,1,37,35,2,0,37,0,35,0,2,17,37,0.136029411765,1.88235294118,4.35294117647,3.36363636364,2.84615384615,1.69341284359,0.389027274878,0.193958664547,2.09866904602,0.964253345467,0.518282988871,1.87867287326,0.863174022847,0.470588235294,0.786197569093,0.41766745858,2.25,1.88235294118,0.786197569093,2.25,0.166339869281,0.0612244897959,3,0.00441176470588,0.185952380952,17,17,17,1,0,0.352941176471,0.411764705882,0.235294117647,17,0.128676470588,1.90196078431,4.11764705882,3.18181818182,2.69230769231,1.57648156274,0.382859808093,0.201680672269,2.01465221053,0.978545359402,0.524369747899,1.74894926439,0.849489642704,0.463865546218,0.814492905316,0.428238537847,2.33333333333,1.90196078431,0.814492905316,2.33333333333,0,0,0,0,0.164242424242,17,17,17,1,0,0.352941176471,0.411764705882,0.235294117647,17,37,0.136029411765,1.88235294118,4.35294117647,3.36363636364,2.84615384615,1.69341284359,0.389027274878,0.193958664547,2.09866904602,0.964253345467,0.518282988871,1.87867287326,0.863174022847,0.470588235294,0.786197569093,0.41766745858,2.25,1.88235294118,0.786197569093,2.25,0.166339869281,0.0612244897959,3,0.00441176470588,0.185952380952,17,17,17,1,0,0.352941176471,0.411764705882,0.235294117647,0,0,0,0,0,0,0,0,0,0,0,0,0,0,0,0,0,0,0,0,0,0,0,0,0,0,0,0,0,37,0,0,235,1,1,0,0,1,1,1,1,1,1,2,2,0,0,0,0
615,WLNM_dir_neg,1,0.5,00:00:02,10,20,19,1980862992,threshold_sweep,0.3,1,1,1,2,0,0,4,1,1,0,0,1,1,1,1,0.555555555556,1,1,1,37,35,2,0,37,0,35,0,2,17,37,0.136029411765,1.88235294118,4.35294117647,3.36363636364,2.84615384615,1.69341284359,0.389027274878,0.193958664547,2.09866904602,0.964253345467,0.518282988871,1.87867287326,0.863174022847,0.470588235294,0.786197569093,0.41766745858,2.25,1.88235294118,0.786197569093,2.25,0.166339869281,0.0612244897959,3,0.00441176470588,0.185952380952,17,17,17,1,0,0.352941176471,0.411764705882,0.235294117647,17,0.128676470588,1.90196078431,4.11764705882,3.18181818182,2.69230769231,1.57648156274,0.382859808093,0.201680672269,2.01465221053,0.978545359402,0.524369747899,1.74894926439,0.849489642704,0.463865546218,0.814492905316,0.428238537847,2.33333333333,1.90196078431,0.814492905316,2.33333333333,0,0,0,0,0.164242424242,17,17,17,1,0,0.352941176471,0.411764705882,0.235294117647,17,37,0.136029411765,1.88235294118,4.35294117647,3.36363636364,2.84615384615,1.69341284359,0.389027274878,0.193958664547,2.09866904602,0.964253345467,0.518282988871,1.87867287326,0.863174022847,0.470588235294,0.786197569093,0.41766745858,2.25,1.88235294118,0.786197569093,2.25,0.166339869281,0.0612244897959,3,0.00441176470588,0.185952380952,17,17,17,1,0,0.352941176471,0.411764705882,0.235294117647,0,0,0,0,0,0,0,0,0,0,0,0,0,0,0,0,0,0,0,0,0,0,0,0,0,0,0,0,0,37,0,0,235,1,1,0,0,1,1,1,1,1,1,2,2,0,0,0,0
616,WLNM_dir_neg,1,0.5,00:00:02,10,20,19,1980862992,threshold_sweep,0.4,1,1,1,2,0,0,4,1,1,0,0,1,1,1,1,0.555555555556,1,1,1,37,35,2,0,37,0,35,0,2,17,37,0.136029411765,1.88235294118,4.35294117647,3.36363636364,2.84615384615,1.69341284359,0.389027274878,0.193958664547,2.09866904602,0.964253345467,0.518282988871,1.87867287326,0.863174022847,0.470588235294,0.786197569093,0.41766745858,2.25,1.88235294118,0.786197569093,2.25,0.166339869281,0.0612244897959,3,0.00441176470588,0.185952380952,17,17,17,1,0,0.352941176471,0.411764705882,0.235294117647,17,0.128676470588,1.90196078431,4.11764705882,3.18181818182,2.69230769231,1.57648156274,0.382859808093,0.201680672269,2.01465221053,0.978545359402,0.524369747899,1.74894926439,0.849489642704,0.463865546218,0.814492905316,0.428238537847,2.33333333333,1.90196078431,0.814492905316,2.33333333333,0,0,0,0,0.164242424242,17,17,17,1,0,0.352941176471,0.411764705882,0.235294117647,17,37,0.136029411765,1.88235294118,4.35294117647,3.36363636364,2.84615384615,1.69341284359,0.389027274878,0.193958664547,2.09866904602,0.964253345467,0.518282988871,1.87867287326,0.863174022847,0.470588235294,0.786197569093,0.41766745858,2.25,1.88235294118,0.786197569093,2.25,0.166339869281,0.0612244897959,3,0.00441176470588,0.185952380952,17,17,17,1,0,0.352941176471,0.411764705882,0.235294117647,0,0,0,0,0,0,0,0,0,0,0,0,0,0,0,0,0,0,0,0,0,0,0,0,0,0,0,0,0,37,0,0,235,1,1,0,0,1,1,1,1,1,1,2,2,0,0,0,0
617,WLNM_dir_neg,1,0.5,00:00:02,10,20,19,1980862992,threshold_sweep,0.5,1,1,1,2,0,0,4,1,1,0,0,1,1,1,1,0.555555555556,1,1,1,37,35,2,0,37,0,35,0,2,17,37,0.136029411765,1.88235294118,4.35294117647,3.36363636364,2.84615384615,1.69341284359,0.389027274878,0.193958664547,2.09866904602,0.964253345467,0.518282988871,1.87867287326,0.863174022847,0.470588235294,0.786197569093,0.41766745858,2.25,1.88235294118,0.786197569093,2.25,0.166339869281,0.0612244897959,3,0.00441176470588,0.185952380952,17,17,17,1,0,0.352941176471,0.411764705882,0.235294117647,17,0.128676470588,1.90196078431,4.11764705882,3.18181818182,2.69230769231,1.57648156274,0.382859808093,0.201680672269,2.01465221053,0.978545359402,0.524369747899,1.74894926439,0.849489642704,0.463865546218,0.814492905316,0.428238537847,2.33333333333,1.90196078431,0.814492905316,2.33333333333,0,0,0,0,0.164242424242,17,17,17,1,0,0.352941176471,0.411764705882,0.235294117647,17,37,0.136029411765,1.88235294118,4.35294117647,3.36363636364,2.84615384615,1.69341284359,0.389027274878,0.193958664547,2.09866904602,0.964253345467,0.518282988871,1.87867287326,0.863174022847,0.470588235294,0.786197569093,0.41766745858,2.25,1.88235294118,0.786197569093,2.25,0.166339869281,0.0612244897959,3,0.00441176470588,0.185952380952,17,17,17,1,0,0.352941176471,0.411764705882,0.235294117647,0,0,0,0,0,0,0,0,0,0,0,0,0,0,0,0,0,0,0,0,0,0,0,0,0,0,0,0,0,37,0,0,235,1,1,0,0,1,1,1,1,1,1,2,2,0,0,0,0
618,WLNM_dir_neg,1,0.5,00:00:02,10,20,19,1980862992,threshold_sweep,0.6,1,1,1,2,0,0,4,1,1,0,0,1,1,1,1,0.555555555556,1,1,1,37,35,2,0,37,0,35,0,2,17,37,0.136029411765,1.88235294118,4.35294117647,3.36363636364,2.84615384615,1.69341284359,0.389027274878,0.193958664547,2.09866904602,0.964253345467,0.518282988871,1.87867287326,0.863174022847,0.470588235294,0.786197569093,0.41766745858,2.25,1.88235294118,0.786197569093,2.25,0.166339869281,0.0612244897959,3,0.00441176470588,0.185952380952,17,17,17,1,0,0.352941176471,0.411764705882,0.235294117647,17,0.128676470588,1.90196078431,4.11764705882,3.18181818182,2.69230769231,1.57648156274,0.382859808093,0.201680672269,2.01465221053,0.978545359402,0.524369747899,1.74894926439,0.849489642704,0.463865546218,0.814492905316,0.428238537847,2.33333333333,1.90196078431,0.814492905316,2.33333333333,0,0,0,0,0.164242424242,17,17,17,1,0,0.352941176471,0.411764705882,0.235294117647,17,37,0.136029411765,1.88235294118,4.35294117647,3.36363636364,2.84615384615,1.69341284359,0.389027274878,0.193958664547,2.09866904602,0.964253345467,0.518282988871,1.87867287326,0.863174022847,0.470588235294,0.786197569093,0.41766745858,2.25,1.88235294118,0.786197569093,2.25,0.166339869281,0.0612244897959,3,0.00441176470588,0.185952380952,17,17,17,1,0,0.352941176471,0.411764705882,0.235294117647,0,0,0,0,0,0,0,0,0,0,0,0,0,0,0,0,0,0,0,0,0,0,0,0,0,0,0,0,0,37,0,0,235,1,1,0,0,1,1,1,1,1,1,2,2,0,0,0,0
619,WLNM_dir_neg,1,0.5,00:00:02,10,20,19,1980862992,threshold_sweep,0.7,1,1,1,2,0,0,4,1,1,0,0,1,1,1,1,0.555555555556,1,1,1,37,35,2,0,37,0,35,0,2,17,37,0.136029411765,1.88235294118,4.35294117647,3.36363636364,2.84615384615,1.69341284359,0.389027274878,0.193958664547,2.09866904602,0.964253345467,0.518282988871,1.87867287326,0.863174022847,0.470588235294,0.786197569093,0.41766745858,2.25,1.88235294118,0.786197569093,2.25,0.166339869281,0.0612244897959,3,0.00441176470588,0.185952380952,17,17,17,1,0,0.352941176471,0.411764705882,0.235294117647,17,0.128676470588,1.90196078431,4.11764705882,3.18181818182,2.69230769231,1.57648156274,0.382859808093,0.201680672269,2.01465221053,0.978545359402,0.524369747899,1.74894926439,0.849489642704,0.463865546218,0.814492905316,0.428238537847,2.33333333333,1.90196078431,0.814492905316,2.33333333333,0,0,0,0,0.164242424242,17,17,17,1,0,0.352941176471,0.411764705882,0.235294117647,17,37,0.136029411765,1.88235294118,4.35294117647,3.36363636364,2.84615384615,1.69341284359,0.389027274878,0.193958664547,2.09866904602,0.964253345467,0.518282988871,1.87867287326,0.863174022847,0.470588235294,0.786197569093,0.41766745858,2.25,1.88235294118,0.786197569093,2.25,0.166339869281,0.0612244897959,3,0.00441176470588,0.185952380952,17,17,17,1,0,0.352941176471,0.411764705882,0.235294117647,0,0,0,0,0,0,0,0,0,0,0,0,0,0,0,0,0,0,0,0,0,0,0,0,0,0,0,0,0,37,0,0,235,1,1,0,0,1,1,1,1,1,1,2,2,0,0,0,0
620,WLNM_dir_neg,1,0.5,00:00:02,10,20,19,1980862992,threshold_sweep,0.8,1,1,1,2,0,0,4,1,1,0,0,1,1,1,1,0.555555555556,1,1,1,37,35,2,0,37,0,35,0,2,17,37,0.136029411765,1.88235294118,4.35294117647,3.36363636364,2.84615384615,1.69341284359,0.389027274878,0.193958664547,2.09866904602,0.964253345467,0.518282988871,1.87867287326,0.863174022847,0.470588235294,0.786197569093,0.41766745858,2.25,1.88235294118,0.786197569093,2.25,0.166339869281,0.0612244897959,3,0.00441176470588,0.185952380952,17,17,17,1,0,0.352941176471,0.411764705882,0.235294117647,17,0.128676470588,1.90196078431,4.11764705882,3.18181818182,2.69230769231,1.57648156274,0.382859808093,0.201680672269,2.01465221053,0.978545359402,0.524369747899,1.74894926439,0.849489642704,0.463865546218,0.814492905316,0.428238537847,2.33333333333,1.90196078431,0.814492905316,2.33333333333,0,0,0,0,0.164242424242,17,17,17,1,0,0.352941176471,0.411764705882,0.235294117647,17,37,0.136029411765,1.88235294118,4.35294117647,3.36363636364,2.84615384615,1.69341284359,0.389027274878,0.193958664547,2.09866904602,0.964253345467,0.518282988871,1.87867287326,0.863174022847,0.470588235294,0.786197569093,0.41766745858,2.25,1.88235294118,0.786197569093,2.25,0.166339869281,0.0612244897959,3,0.00441176470588,0.185952380952,17,17,17,1,0,0.352941176471,0.411764705882,0.235294117647,0,0,0,0,0,0,0,0,0,0,0,0,0,0,0,0,0,0,0,0,0,0,0,0,0,0,0,0,0,37,0,0,235,1,1,0,0,1,1,1,1,1,1,2,2,0,0,0,0
621,WLNM_dir_neg,1,0.5,00:00:02,10,20,19,1980862992,threshold_sweep,0.9,1,1,1,2,0,0,4,1,1,0,0,1,1,1,1,0.555555555556,1,1,1,37,35,2,0,37,0,35,0,2,17,37,0.136029411765,1.88235294118,4.35294117647,3.36363636364,2.84615384615,1.69341284359,0.389027274878,0.193958664547,2.09866904602,0.964253345467,0.518282988871,1.87867287326,0.863174022847,0.470588235294,0.786197569093,0.41766745858,2.25,1.88235294118,0.786197569093,2.25,0.166339869281,0.0612244897959,3,0.00441176470588,0.185952380952,17,17,17,1,0,0.352941176471,0.411764705882,0.235294117647,17,0.128676470588,1.90196078431,4.11764705882,3.18181818182,2.69230769231,1.57648156274,0.382859808093,0.201680672269,2.01465221053,0.978545359402,0.524369747899,1.74894926439,0.849489642704,0.463865546218,0.814492905316,0.428238537847,2.33333333333,1.90196078431,0.814492905316,2.33333333333,0,0,0,0,0.164242424242,17,17,17,1,0,0.352941176471,0.411764705882,0.235294117647,17,37,0.136029411765,1.88235294118,4.35294117647,3.36363636364,2.84615384615,1.69341284359,0.389027274878,0.193958664547,2.09866904602,0.964253345467,0.518282988871,1.87867287326,0.863174022847,0.470588235294,0.786197569093,0.41766745858,2.25,1.88235294118,0.786197569093,2.25,0.166339869281,0.0612244897959,3,0.00441176470588,0.185952380952,17,17,17,1,0,0.352941176471,0.411764705882,0.235294117647,0,0,0,0,0,0,0,0,0,0,0,0,0,0,0,0,0,0,0,0,0,0,0,0,0,0,0,0,0,37,0,0,235,1,1,0,0,1,1,1,1,1,1,2,2,0,0,0,0
622,WLNM_dir_neg,1,0.5,00:00:02,10,20,20,1980862993,threshold_sweep,0.1,1,1,1,2,0,0,4,1,1,0,0,1,1,1,1,0.555555555556,1,1,1,37,35,2,0,37,0,35,0,2,17,37,0.136029411765,1.88235294118,4.35294117647,3.36363636364,2.84615384615,1.69341284359,0.389027274878,0.193958664547,2.09866904602,0.964253345467,0.518282988871,1.87867287326,0.863174022847,0.470588235294,0.786197569093,0.41766745858,2.25,1.88235294118,0.786197569093,2.25,0.166339869281,0.0612244897959,3,0.00441176470588,0.185952380952,17,17,17,1,0,0.352941176471,0.411764705882,0.235294117647,17,0.128676470588,1.90196078431,4.11764705882,3.18181818182,2.69230769231,1.57648156274,0.382859808093,0.201680672269,2.01465221053,0.978545359402,0.524369747899,1.74894926439,0.849489642704,0.463865546218,0.814492905316,0.428238537847,2.33333333333,1.90196078431,0.814492905316,2.33333333333,0,0,0,0,0.164242424242,17,17,17,1,0,0.352941176471,0.411764705882,0.235294117647,17,37,0.136029411765,1.88235294118,4.35294117647,3.36363636364,2.84615384615,1.69341284359,0.389027274878,0.193958664547,2.09866904602,0.964253345467,0.518282988871,1.87867287326,0.863174022847,0.470588235294,0.786197569093,0.41766745858,2.25,1.88235294118,0.786197569093,2.25,0.166339869281,0.0612244897959,3,0.00441176470588,0.185952380952,17,17,17,1,0,0.352941176471,0.411764705882,0.235294117647,0,0,0,0,0,0,0,0,0,0,0,0,0,0,0,0,0,0,0,0,0,0,0,0,0,0,0,0,0,37,0,0,235,1,1,0,0,1,1,1,1,1,1,2,2,0,0,0,0
623,WLNM_dir_neg,1,0.5,00:00:02,10,20,20,1980862993,threshold_sweep,0.2,1,1,1,2,0,0,4,1,1,0,0,1,1,1,1,0.555555555556,1,1,1,37,35,2,0,37,0,35,0,2,17,37,0.136029411765,1.88235294118,4.35294117647,3.36363636364,2.84615384615,1.69341284359,0.389027274878,0.193958664547,2.09866904602,0.964253345467,0.518282988871,1.87867287326,0.863174022847,0.470588235294,0.786197569093,0.41766745858,2.25,1.88235294118,0.786197569093,2.25,0.166339869281,0.0612244897959,3,0.00441176470588,0.185952380952,17,17,17,1,0,0.352941176471,0.411764705882,0.235294117647,17,0.128676470588,1.90196078431,4.11764705882,3.18181818182,2.69230769231,1.57648156274,0.382859808093,0.201680672269,2.01465221053,0.978545359402,0.524369747899,1.74894926439,0.849489642704,0.463865546218,0.814492905316,0.428238537847,2.33333333333,1.90196078431,0.814492905316,2.33333333333,0,0,0,0,0.164242424242,17,17,17,1,0,0.352941176471,0.411764705882,0.235294117647,17,37,0.136029411765,1.88235294118,4.35294117647,3.36363636364,2.84615384615,1.69341284359,0.389027274878,0.193958664547,2.09866904602,0.964253345467,0.518282988871,1.87867287326,0.863174022847,0.470588235294,0.786197569093,0.41766745858,2.25,1.88235294118,0.786197569093,2.25,0.166339869281,0.0612244897959,3,0.00441176470588,0.185952380952,17,17,17,1,0,0.352941176471,0.411764705882,0.235294117647,0,0,0,0,0,0,0,0,0,0,0,0,0,0,0,0,0,0,0,0,0,0,0,0,0,0,0,0,0,37,0,0,235,1,1,0,0,1,1,1,1,1,1,2,2,0,0,0,0
624,WLNM_dir_neg,1,0.5,00:00:02,10,20,20,1980862993,threshold_sweep,0.3,1,1,1,2,0,0,4,1,1,0,0,1,1,1,1,0.555555555556,1,1,1,37,35,2,0,37,0,35,0,2,17,37,0.136029411765,1.88235294118,4.35294117647,3.36363636364,2.84615384615,1.69341284359,0.389027274878,0.193958664547,2.09866904602,0.964253345467,0.518282988871,1.87867287326,0.863174022847,0.470588235294,0.786197569093,0.41766745858,2.25,1.88235294118,0.786197569093,2.25,0.166339869281,0.0612244897959,3,0.00441176470588,0.185952380952,17,17,17,1,0,0.352941176471,0.411764705882,0.235294117647,17,0.128676470588,1.90196078431,4.11764705882,3.18181818182,2.69230769231,1.57648156274,0.382859808093,0.201680672269,2.01465221053,0.978545359402,0.524369747899,1.74894926439,0.849489642704,0.463865546218,0.814492905316,0.428238537847,2.33333333333,1.90196078431,0.814492905316,2.33333333333,0,0,0,0,0.164242424242,17,17,17,1,0,0.352941176471,0.411764705882,0.235294117647,17,37,0.136029411765,1.88235294118,4.35294117647,3.36363636364,2.84615384615,1.69341284359,0.389027274878,0.193958664547,2.09866904602,0.964253345467,0.518282988871,1.87867287326,0.863174022847,0.470588235294,0.786197569093,0.41766745858,2.25,1.88235294118,0.786197569093,2.25,0.166339869281,0.0612244897959,3,0.00441176470588,0.185952380952,17,17,17,1,0,0.352941176471,0.411764705882,0.235294117647,0,0,0,0,0,0,0,0,0,0,0,0,0,0,0,0,0,0,0,0,0,0,0,0,0,0,0,0,0,37,0,0,235,1,1,0,0,1,1,1,1,1,1,2,2,0,0,0,0
625,WLNM_dir_neg,1,0.5,00:00:02,10,20,20,1980862993,threshold_sweep,0.4,1,1,1,2,0,0,4,1,1,0,0,1,1,1,1,0.555555555556,1,1,1,37,35,2,0,37,0,35,0,2,17,37,0.136029411765,1.88235294118,4.35294117647,3.36363636364,2.84615384615,1.69341284359,0.389027274878,0.193958664547,2.09866904602,0.964253345467,0.518282988871,1.87867287326,0.863174022847,0.470588235294,0.786197569093,0.41766745858,2.25,1.88235294118,0.786197569093,2.25,0.166339869281,0.0612244897959,3,0.00441176470588,0.185952380952,17,17,17,1,0,0.352941176471,0.411764705882,0.235294117647,17,0.128676470588,1.90196078431,4.11764705882,3.18181818182,2.69230769231,1.57648156274,0.382859808093,0.201680672269,2.01465221053,0.978545359402,0.524369747899,1.74894926439,0.849489642704,0.463865546218,0.814492905316,0.428238537847,2.33333333333,1.90196078431,0.814492905316,2.33333333333,0,0,0,0,0.164242424242,17,17,17,1,0,0.352941176471,0.411764705882,0.235294117647,17,37,0.136029411765,1.88235294118,4.35294117647,3.36363636364,2.84615384615,1.69341284359,0.389027274878,0.193958664547,2.09866904602,0.964253345467,0.518282988871,1.87867287326,0.863174022847,0.470588235294,0.786197569093,0.41766745858,2.25,1.88235294118,0.786197569093,2.25,0.166339869281,0.0612244897959,3,0.00441176470588,0.185952380952,17,17,17,1,0,0.352941176471,0.411764705882,0.235294117647,0,0,0,0,0,0,0,0,0,0,0,0,0,0,0,0,0,0,0,0,0,0,0,0,0,0,0,0,0,37,0,0,235,1,1,0,0,1,1,1,1,1,1,2,2,0,0,0,0
626,WLNM_dir_neg,1,0.5,00:00:02,10,20,20,1980862993,threshold_sweep,0.5,1,1,1,2,0,0,4,1,1,0,0,1,1,1,1,0.555555555556,1,1,1,37,35,2,0,37,0,35,0,2,17,37,0.136029411765,1.88235294118,4.35294117647,3.36363636364,2.84615384615,1.69341284359,0.389027274878,0.193958664547,2.09866904602,0.964253345467,0.518282988871,1.87867287326,0.863174022847,0.470588235294,0.786197569093,0.41766745858,2.25,1.88235294118,0.786197569093,2.25,0.166339869281,0.0612244897959,3,0.00441176470588,0.185952380952,17,17,17,1,0,0.352941176471,0.411764705882,0.235294117647,17,0.128676470588,1.90196078431,4.11764705882,3.18181818182,2.69230769231,1.57648156274,0.382859808093,0.201680672269,2.01465221053,0.978545359402,0.524369747899,1.74894926439,0.849489642704,0.463865546218,0.814492905316,0.428238537847,2.33333333333,1.90196078431,0.814492905316,2.33333333333,0,0,0,0,0.164242424242,17,17,17,1,0,0.352941176471,0.411764705882,0.235294117647,17,37,0.136029411765,1.88235294118,4.35294117647,3.36363636364,2.84615384615,1.69341284359,0.389027274878,0.193958664547,2.09866904602,0.964253345467,0.518282988871,1.87867287326,0.863174022847,0.470588235294,0.786197569093,0.41766745858,2.25,1.88235294118,0.786197569093,2.25,0.166339869281,0.0612244897959,3,0.00441176470588,0.185952380952,17,17,17,1,0,0.352941176471,0.411764705882,0.235294117647,0,0,0,0,0,0,0,0,0,0,0,0,0,0,0,0,0,0,0,0,0,0,0,0,0,0,0,0,0,37,0,0,235,1,1,0,0,1,1,1,1,1,1,2,2,0,0,0,0
627,WLNM_dir_neg,1,0.5,00:00:02,10,20,20,1980862993,threshold_sweep,0.6,1,1,1,2,0,0,4,1,1,0,0,1,1,1,1,0.555555555556,1,1,1,37,35,2,0,37,0,35,0,2,17,37,0.136029411765,1.88235294118,4.35294117647,3.36363636364,2.84615384615,1.69341284359,0.389027274878,0.193958664547,2.09866904602,0.964253345467,0.518282988871,1.87867287326,0.863174022847,0.470588235294,0.786197569093,0.41766745858,2.25,1.88235294118,0.786197569093,2.25,0.166339869281,0.0612244897959,3,0.00441176470588,0.185952380952,17,17,17,1,0,0.352941176471,0.411764705882,0.235294117647,17,0.128676470588,1.90196078431,4.11764705882,3.18181818182,2.69230769231,1.57648156274,0.382859808093,0.201680672269,2.01465221053,0.978545359402,0.524369747899,1.74894926439,0.849489642704,0.463865546218,0.814492905316,0.428238537847,2.33333333333,1.90196078431,0.814492905316,2.33333333333,0,0,0,0,0.164242424242,17,17,17,1,0,0.352941176471,0.411764705882,0.235294117647,17,37,0.136029411765,1.88235294118,4.35294117647,3.36363636364,2.84615384615,1.69341284359,0.389027274878,0.193958664547,2.09866904602,0.964253345467,0.518282988871,1.87867287326,0.863174022847,0.470588235294,0.786197569093,0.41766745858,2.25,1.88235294118,0.786197569093,2.25,0.166339869281,0.0612244897959,3,0.00441176470588,0.185952380952,17,17,17,1,0,0.352941176471,0.411764705882,0.235294117647,0,0,0,0,0,0,0,0,0,0,0,0,0,0,0,0,0,0,0,0,0,0,0,0,0,0,0,0,0,37,0,0,235,1,1,0,0,1,1,1,1,1,1,2,2,0,0,0,0
628,WLNM_dir_neg,1,0.5,00:00:02,10,20,20,1980862993,threshold_sweep,0.7,1,1,1,2,0,0,4,1,1,0,0,1,1,1,1,0.555555555556,1,1,1,37,35,2,0,37,0,35,0,2,17,37,0.136029411765,1.88235294118,4.35294117647,3.36363636364,2.84615384615,1.69341284359,0.389027274878,0.193958664547,2.09866904602,0.964253345467,0.518282988871,1.87867287326,0.863174022847,0.470588235294,0.786197569093,0.41766745858,2.25,1.88235294118,0.786197569093,2.25,0.166339869281,0.0612244897959,3,0.00441176470588,0.185952380952,17,17,17,1,0,0.352941176471,0.411764705882,0.235294117647,17,0.128676470588,1.90196078431,4.11764705882,3.18181818182,2.69230769231,1.57648156274,0.382859808093,0.201680672269,2.01465221053,0.978545359402,0.524369747899,1.74894926439,0.849489642704,0.463865546218,0.814492905316,0.428238537847,2.33333333333,1.90196078431,0.814492905316,2.33333333333,0,0,0,0,0.164242424242,17,17,17,1,0,0.352941176471,0.411764705882,0.235294117647,17,37,0.136029411765,1.88235294118,4.35294117647,3.36363636364,2.84615384615,1.69341284359,0.389027274878,0.193958664547,2.09866904602,0.964253345467,0.518282988871,1.87867287326,0.863174022847,0.470588235294,0.786197569093,0.41766745858,2.25,1.88235294118,0.786197569093,2.25,0.166339869281,0.0612244897959,3,0.00441176470588,0.185952380952,17,17,17,1,0,0.352941176471,0.411764705882,0.235294117647,0,0,0,0,0,0,0,0,0,0,0,0,0,0,0,0,0,0,0,0,0,0,0,0,0,0,0,0,0,37,0,0,235,1,1,0,0,1,1,1,1,1,1,2,2,0,0,0,0
629,WLNM_dir_neg,1,0.5,00:00:02,10,20,20,1980862993,threshold_sweep,0.8,1,1,1,2,0,0,4,1,1,0,0,1,1,1,1,0.555555555556,1,1,1,37,35,2,0,37,0,35,0,2,17,37,0.136029411765,1.88235294118,4.35294117647,3.36363636364,2.84615384615,1.69341284359,0.389027274878,0.193958664547,2.09866904602,0.964253345467,0.518282988871,1.87867287326,0.863174022847,0.470588235294,0.786197569093,0.41766745858,2.25,1.88235294118,0.786197569093,2.25,0.166339869281,0.0612244897959,3,0.00441176470588,0.185952380952,17,17,17,1,0,0.352941176471,0.411764705882,0.235294117647,17,0.128676470588,1.90196078431,4.11764705882,3.18181818182,2.69230769231,1.57648156274,0.382859808093,0.201680672269,2.01465221053,0.978545359402,0.524369747899,1.74894926439,0.849489642704,0.463865546218,0.814492905316,0.428238537847,2.33333333333,1.90196078431,0.814492905316,2.33333333333,0,0,0,0,0.164242424242,17,17,17,1,0,0.352941176471,0.411764705882,0.235294117647,17,37,0.136029411765,1.88235294118,4.35294117647,3.36363636364,2.84615384615,1.69341284359,0.389027274878,0.193958664547,2.09866904602,0.964253345467,0.518282988871,1.87867287326,0.863174022847,0.470588235294,0.786197569093,0.41766745858,2.25,1.88235294118,0.786197569093,2.25,0.166339869281,0.0612244897959,3,0.00441176470588,0.185952380952,17,17,17,1,0,0.352941176471,0.411764705882,0.235294117647,0,0,0,0,0,0,0,0,0,0,0,0,0,0,0,0,0,0,0,0,0,0,0,0,0,0,0,0,0,37,0,0,235,1,1,0,0,1,1,1,1,1,1,2,2,0,0,0,0
630,WLNM_dir_neg,1,0.5,00:00:02,10,20,20,1980862993,threshold_sweep,0.9,1,1,1,2,0,0,4,1,1,0,0,1,1,1,1,0.555555555556,1,1,1,37,35,2,0,37,0,35,0,2,17,37,0.136029411765,1.88235294118,4.35294117647,3.36363636364,2.84615384615,1.69341284359,0.389027274878,0.193958664547,2.09866904602,0.964253345467,0.518282988871,1.87867287326,0.863174022847,0.470588235294,0.786197569093,0.41766745858,2.25,1.88235294118,0.786197569093,2.25,0.166339869281,0.0612244897959,3,0.00441176470588,0.185952380952,17,17,17,1,0,0.352941176471,0.411764705882,0.235294117647,17,0.128676470588,1.90196078431,4.11764705882,3.18181818182,2.69230769231,1.57648156274,0.382859808093,0.201680672269,2.01465221053,0.978545359402,0.524369747899,1.74894926439,0.849489642704,0.463865546218,0.814492905316,0.428238537847,2.33333333333,1.90196078431,0.814492905316,2.33333333333,0,0,0,0,0.164242424242,17,17,17,1,0,0.352941176471,0.411764705882,0.235294117647,17,37,0.136029411765,1.88235294118,4.35294117647,3.36363636364,2.84615384615,1.69341284359,0.389027274878,0.193958664547,2.09866904602,0.964253345467,0.518282988871,1.87867287326,0.863174022847,0.470588235294,0.786197569093,0.41766745858,2.25,1.88235294118,0.786197569093,2.25,0.166339869281,0.0612244897959,3,0.00441176470588,0.185952380952,17,17,17,1,0,0.352941176471,0.411764705882,0.235294117647,0,0,0,0,0,0,0,0,0,0,0,0,0,0,0,0,0,0,0,0,0,0,0,0,0,0,0,0,0,37,0,0,235,1,1,0,0,1,1,1,1,1,1,2,2,0,0,0,0
631,WLNM_dir_neg,1,0.5,00:00:03,10,20,21,1980862994,threshold_sweep,0.1,1,1,1,2,0,0,4,1,1,0,0,1,1,1,1,0.555555555556,1,1,1,37,35,2,0,37,0,35,0,2,17,37,0.136029411765,1.88235294118,4.35294117647,3.36363636364,2.84615384615,1.69341284359,0.389027274878,0.193958664547,2.09866904602,0.964253345467,0.518282988871,1.87867287326,0.863174022847,0.470588235294,0.786197569093,0.41766745858,2.25,1.88235294118,0.786197569093,2.25,0.166339869281,0.0612244897959,3,0.00441176470588,0.185952380952,17,17,17,1,0,0.352941176471,0.411764705882,0.235294117647,17,0.128676470588,1.90196078431,4.11764705882,3.18181818182,2.69230769231,1.57648156274,0.382859808093,0.201680672269,2.01465221053,0.978545359402,0.524369747899,1.74894926439,0.849489642704,0.463865546218,0.814492905316,0.428238537847,2.33333333333,1.90196078431,0.814492905316,2.33333333333,0,0,0,0,0.164242424242,17,17,17,1,0,0.352941176471,0.411764705882,0.235294117647,17,37,0.136029411765,1.88235294118,4.35294117647,3.36363636364,2.84615384615,1.69341284359,0.389027274878,0.193958664547,2.09866904602,0.964253345467,0.518282988871,1.87867287326,0.863174022847,0.470588235294,0.786197569093,0.41766745858,2.25,1.88235294118,0.786197569093,2.25,0.166339869281,0.0612244897959,3,0.00441176470588,0.185952380952,17,17,17,1,0,0.352941176471,0.411764705882,0.235294117647,0,0,0,0,0,0,0,0,0,0,0,0,0,0,0,0,0,0,0,0,0,0,0,0,0,0,0,0,0,37,0,0,235,1,1,0,0,1,1,1,1,1,1,2,2,0,0,0,0
632,WLNM_dir_neg,1,0.5,00:00:03,10,20,21,1980862994,threshold_sweep,0.2,1,1,1,2,0,0,4,1,1,0,0,1,1,1,1,0.555555555556,1,1,1,37,35,2,0,37,0,35,0,2,17,37,0.136029411765,1.88235294118,4.35294117647,3.36363636364,2.84615384615,1.69341284359,0.389027274878,0.193958664547,2.09866904602,0.964253345467,0.518282988871,1.87867287326,0.863174022847,0.470588235294,0.786197569093,0.41766745858,2.25,1.88235294118,0.786197569093,2.25,0.166339869281,0.0612244897959,3,0.00441176470588,0.185952380952,17,17,17,1,0,0.352941176471,0.411764705882,0.235294117647,17,0.128676470588,1.90196078431,4.11764705882,3.18181818182,2.69230769231,1.57648156274,0.382859808093,0.201680672269,2.01465221053,0.978545359402,0.524369747899,1.74894926439,0.849489642704,0.463865546218,0.814492905316,0.428238537847,2.33333333333,1.90196078431,0.814492905316,2.33333333333,0,0,0,0,0.164242424242,17,17,17,1,0,0.352941176471,0.411764705882,0.235294117647,17,37,0.136029411765,1.88235294118,4.35294117647,3.36363636364,2.84615384615,1.69341284359,0.389027274878,0.193958664547,2.09866904602,0.964253345467,0.518282988871,1.87867287326,0.863174022847,0.470588235294,0.786197569093,0.41766745858,2.25,1.88235294118,0.786197569093,2.25,0.166339869281,0.0612244897959,3,0.00441176470588,0.185952380952,17,17,17,1,0,0.352941176471,0.411764705882,0.235294117647,0,0,0,0,0,0,0,0,0,0,0,0,0,0,0,0,0,0,0,0,0,0,0,0,0,0,0,0,0,37,0,0,235,1,1,0,0,1,1,1,1,1,1,2,2,0,0,0,0
633,WLNM_dir_neg,1,0.5,00:00:03,10,20,21,1980862994,threshold_sweep,0.3,1,1,1,2,0,0,4,1,1,0,0,1,1,1,1,0.555555555556,1,1,1,37,35,2,0,37,0,35,0,2,17,37,0.136029411765,1.88235294118,4.35294117647,3.36363636364,2.84615384615,1.69341284359,0.389027274878,0.193958664547,2.09866904602,0.964253345467,0.518282988871,1.87867287326,0.863174022847,0.470588235294,0.786197569093,0.41766745858,2.25,1.88235294118,0.786197569093,2.25,0.166339869281,0.0612244897959,3,0.00441176470588,0.185952380952,17,17,17,1,0,0.352941176471,0.411764705882,0.235294117647,17,0.128676470588,1.90196078431,4.11764705882,3.18181818182,2.69230769231,1.57648156274,0.382859808093,0.201680672269,2.01465221053,0.978545359402,0.524369747899,1.74894926439,0.849489642704,0.463865546218,0.814492905316,0.428238537847,2.33333333333,1.90196078431,0.814492905316,2.33333333333,0,0,0,0,0.164242424242,17,17,17,1,0,0.352941176471,0.411764705882,0.235294117647,17,37,0.136029411765,1.88235294118,4.35294117647,3.36363636364,2.84615384615,1.69341284359,0.389027274878,0.193958664547,2.09866904602,0.964253345467,0.518282988871,1.87867287326,0.863174022847,0.470588235294,0.786197569093,0.41766745858,2.25,1.88235294118,0.786197569093,2.25,0.166339869281,0.0612244897959,3,0.00441176470588,0.185952380952,17,17,17,1,0,0.352941176471,0.411764705882,0.235294117647,0,0,0,0,0,0,0,0,0,0,0,0,0,0,0,0,0,0,0,0,0,0,0,0,0,0,0,0,0,37,0,0,235,1,1,0,0,1,1,1,1,1,1,2,2,0,0,0,0
634,WLNM_dir_neg,1,0.5,00:00:03,10,20,21,1980862994,threshold_sweep,0.4,1,1,1,2,0,0,4,1,1,0,0,1,1,1,1,0.555555555556,1,1,1,37,35,2,0,37,0,35,0,2,17,37,0.136029411765,1.88235294118,4.35294117647,3.36363636364,2.84615384615,1.69341284359,0.389027274878,0.193958664547,2.09866904602,0.964253345467,0.518282988871,1.87867287326,0.863174022847,0.470588235294,0.786197569093,0.41766745858,2.25,1.88235294118,0.786197569093,2.25,0.166339869281,0.0612244897959,3,0.00441176470588,0.185952380952,17,17,17,1,0,0.352941176471,0.411764705882,0.235294117647,17,0.128676470588,1.90196078431,4.11764705882,3.18181818182,2.69230769231,1.57648156274,0.382859808093,0.201680672269,2.01465221053,0.978545359402,0.524369747899,1.74894926439,0.849489642704,0.463865546218,0.814492905316,0.428238537847,2.33333333333,1.90196078431,0.814492905316,2.33333333333,0,0,0,0,0.164242424242,17,17,17,1,0,0.352941176471,0.411764705882,0.235294117647,17,37,0.136029411765,1.88235294118,4.35294117647,3.36363636364,2.84615384615,1.69341284359,0.389027274878,0.193958664547,2.09866904602,0.964253345467,0.518282988871,1.87867287326,0.863174022847,0.470588235294,0.786197569093,0.41766745858,2.25,1.88235294118,0.786197569093,2.25,0.166339869281,0.0612244897959,3,0.00441176470588,0.185952380952,17,17,17,1,0,0.352941176471,0.411764705882,0.235294117647,0,0,0,0,0,0,0,0,0,0,0,0,0,0,0,0,0,0,0,0,0,0,0,0,0,0,0,0,0,37,0,0,235,1,1,0,0,1,1,1,1,1,1,2,2,0,0,0,0
635,WLNM_dir_neg,1,0.5,00:00:03,10,20,21,1980862994,threshold_sweep,0.5,1,1,1,2,0,0,4,1,1,0,0,1,1,1,1,0.555555555556,1,1,1,37,35,2,0,37,0,35,0,2,17,37,0.136029411765,1.88235294118,4.35294117647,3.36363636364,2.84615384615,1.69341284359,0.389027274878,0.193958664547,2.09866904602,0.964253345467,0.518282988871,1.87867287326,0.863174022847,0.470588235294,0.786197569093,0.41766745858,2.25,1.88235294118,0.786197569093,2.25,0.166339869281,0.0612244897959,3,0.00441176470588,0.185952380952,17,17,17,1,0,0.352941176471,0.411764705882,0.235294117647,17,0.128676470588,1.90196078431,4.11764705882,3.18181818182,2.69230769231,1.57648156274,0.382859808093,0.201680672269,2.01465221053,0.978545359402,0.524369747899,1.74894926439,0.849489642704,0.463865546218,0.814492905316,0.428238537847,2.33333333333,1.90196078431,0.814492905316,2.33333333333,0,0,0,0,0.164242424242,17,17,17,1,0,0.352941176471,0.411764705882,0.235294117647,17,37,0.136029411765,1.88235294118,4.35294117647,3.36363636364,2.84615384615,1.69341284359,0.389027274878,0.193958664547,2.09866904602,0.964253345467,0.518282988871,1.87867287326,0.863174022847,0.470588235294,0.786197569093,0.41766745858,2.25,1.88235294118,0.786197569093,2.25,0.166339869281,0.0612244897959,3,0.00441176470588,0.185952380952,17,17,17,1,0,0.352941176471,0.411764705882,0.235294117647,0,0,0,0,0,0,0,0,0,0,0,0,0,0,0,0,0,0,0,0,0,0,0,0,0,0,0,0,0,37,0,0,235,1,1,0,0,1,1,1,1,1,1,2,2,0,0,0,0
636,WLNM_dir_neg,1,0.5,00:00:03,10,20,21,1980862994,threshold_sweep,0.6,1,1,1,2,0,0,4,1,1,0,0,1,1,1,1,0.555555555556,1,1,1,37,35,2,0,37,0,35,0,2,17,37,0.136029411765,1.88235294118,4.35294117647,3.36363636364,2.84615384615,1.69341284359,0.389027274878,0.193958664547,2.09866904602,0.964253345467,0.518282988871,1.87867287326,0.863174022847,0.470588235294,0.786197569093,0.41766745858,2.25,1.88235294118,0.786197569093,2.25,0.166339869281,0.0612244897959,3,0.00441176470588,0.185952380952,17,17,17,1,0,0.352941176471,0.411764705882,0.235294117647,17,0.128676470588,1.90196078431,4.11764705882,3.18181818182,2.69230769231,1.57648156274,0.382859808093,0.201680672269,2.01465221053,0.978545359402,0.524369747899,1.74894926439,0.849489642704,0.463865546218,0.814492905316,0.428238537847,2.33333333333,1.90196078431,0.814492905316,2.33333333333,0,0,0,0,0.164242424242,17,17,17,1,0,0.352941176471,0.411764705882,0.235294117647,17,37,0.136029411765,1.88235294118,4.35294117647,3.36363636364,2.84615384615,1.69341284359,0.389027274878,0.193958664547,2.09866904602,0.964253345467,0.518282988871,1.87867287326,0.863174022847,0.470588235294,0.786197569093,0.41766745858,2.25,1.88235294118,0.786197569093,2.25,0.166339869281,0.0612244897959,3,0.00441176470588,0.185952380952,17,17,17,1,0,0.352941176471,0.411764705882,0.235294117647,0,0,0,0,0,0,0,0,0,0,0,0,0,0,0,0,0,0,0,0,0,0,0,0,0,0,0,0,0,37,0,0,235,1,1,0,0,1,1,1,1,1,1,2,2,0,0,0,0
637,WLNM_dir_neg,1,0.5,00:00:03,10,20,21,1980862994,threshold_sweep,0.7,1,1,1,2,0,0,4,1,1,0,0,1,1,1,1,0.555555555556,1,1,1,37,35,2,0,37,0,35,0,2,17,37,0.136029411765,1.88235294118,4.35294117647,3.36363636364,2.84615384615,1.69341284359,0.389027274878,0.193958664547,2.09866904602,0.964253345467,0.518282988871,1.87867287326,0.863174022847,0.470588235294,0.786197569093,0.41766745858,2.25,1.88235294118,0.786197569093,2.25,0.166339869281,0.0612244897959,3,0.00441176470588,0.185952380952,17,17,17,1,0,0.352941176471,0.411764705882,0.235294117647,17,0.128676470588,1.90196078431,4.11764705882,3.18181818182,2.69230769231,1.57648156274,0.382859808093,0.201680672269,2.01465221053,0.978545359402,0.524369747899,1.74894926439,0.849489642704,0.463865546218,0.814492905316,0.428238537847,2.33333333333,1.90196078431,0.814492905316,2.33333333333,0,0,0,0,0.164242424242,17,17,17,1,0,0.352941176471,0.411764705882,0.235294117647,17,37,0.136029411765,1.88235294118,4.35294117647,3.36363636364,2.84615384615,1.69341284359,0.389027274878,0.193958664547,2.09866904602,0.964253345467,0.518282988871,1.87867287326,0.863174022847,0.470588235294,0.786197569093,0.41766745858,2.25,1.88235294118,0.786197569093,2.25,0.166339869281,0.0612244897959,3,0.00441176470588,0.185952380952,17,17,17,1,0,0.352941176471,0.411764705882,0.235294117647,0,0,0,0,0,0,0,0,0,0,0,0,0,0,0,0,0,0,0,0,0,0,0,0,0,0,0,0,0,37,0,0,235,1,1,0,0,1,1,1,1,1,1,2,2,0,0,0,0
638,WLNM_dir_neg,1,0.5,00:00:03,10,20,21,1980862994,threshold_sweep,0.8,1,1,1,2,0,0,4,1,1,0,0,1,1,1,1,0.555555555556,1,1,1,37,35,2,0,37,0,35,0,2,17,37,0.136029411765,1.88235294118,4.35294117647,3.36363636364,2.84615384615,1.69341284359,0.389027274878,0.193958664547,2.09866904602,0.964253345467,0.518282988871,1.87867287326,0.863174022847,0.470588235294,0.786197569093,0.41766745858,2.25,1.88235294118,0.786197569093,2.25,0.166339869281,0.0612244897959,3,0.00441176470588,0.185952380952,17,17,17,1,0,0.352941176471,0.411764705882,0.235294117647,17,0.128676470588,1.90196078431,4.11764705882,3.18181818182,2.69230769231,1.57648156274,0.382859808093,0.201680672269,2.01465221053,0.978545359402,0.524369747899,1.74894926439,0.849489642704,0.463865546218,0.814492905316,0.428238537847,2.33333333333,1.90196078431,0.814492905316,2.33333333333,0,0,0,0,0.164242424242,17,17,17,1,0,0.352941176471,0.411764705882,0.235294117647,17,37,0.136029411765,1.88235294118,4.35294117647,3.36363636364,2.84615384615,1.69341284359,0.389027274878,0.193958664547,2.09866904602,0.964253345467,0.518282988871,1.87867287326,0.863174022847,0.470588235294,0.786197569093,0.41766745858,2.25,1.88235294118,0.786197569093,2.25,0.166339869281,0.0612244897959,3,0.00441176470588,0.185952380952,17,17,17,1,0,0.352941176471,0.411764705882,0.235294117647,0,0,0,0,0,0,0,0,0,0,0,0,0,0,0,0,0,0,0,0,0,0,0,0,0,0,0,0,0,37,0,0,235,1,1,0,0,1,1,1,1,1,1,2,2,0,0,0,0
639,WLNM_dir_neg,1,0.5,00:00:03,10,20,21,1980862994,threshold_sweep,0.9,1,1,1,2,0,0,4,1,1,0,0,1,1,1,1,0.555555555556,1,1,1,37,35,2,0,37,0,35,0,2,17,37,0.136029411765,1.88235294118,4.35294117647,3.36363636364,2.84615384615,1.69341284359,0.389027274878,0.193958664547,2.09866904602,0.964253345467,0.518282988871,1.87867287326,0.863174022847,0.470588235294,0.786197569093,0.41766745858,2.25,1.88235294118,0.786197569093,2.25,0.166339869281,0.0612244897959,3,0.00441176470588,0.185952380952,17,17,17,1,0,0.352941176471,0.411764705882,0.235294117647,17,0.128676470588,1.90196078431,4.11764705882,3.18181818182,2.69230769231,1.57648156274,0.382859808093,0.201680672269,2.01465221053,0.978545359402,0.524369747899,1.74894926439,0.849489642704,0.463865546218,0.814492905316,0.428238537847,2.33333333333,1.90196078431,0.814492905316,2.33333333333,0,0,0,0,0.164242424242,17,17,17,1,0,0.352941176471,0.411764705882,0.235294117647,17,37,0.136029411765,1.88235294118,4.35294117647,3.36363636364,2.84615384615,1.69341284359,0.389027274878,0.193958664547,2.09866904602,0.964253345467,0.518282988871,1.87867287326,0.863174022847,0.470588235294,0.786197569093,0.41766745858,2.25,1.88235294118,0.786197569093,2.25,0.166339869281,0.0612244897959,3,0.00441176470588,0.185952380952,17,17,17,1,0,0.352941176471,0.411764705882,0.235294117647,0,0,0,0,0,0,0,0,0,0,0,0,0,0,0,0,0,0,0,0,0,0,0,0,0,0,0,0,0,37,0,0,235,1,1,0,0,1,1,1,1,1,1,2,2,0,0,0,0
640,WLNM_dir_neg,1,0.5,00:00:02,10,20,22,1980862995,threshold_sweep,0.1,1,1,1,2,0,0,4,1,1,0,0,1,1,1,1,0.555555555556,1,1,1,37,35,2,0,37,0,35,0,2,17,37,0.136029411765,1.88235294118,4.35294117647,3.36363636364,2.84615384615,1.69341284359,0.389027274878,0.193958664547,2.09866904602,0.964253345467,0.518282988871,1.87867287326,0.863174022847,0.470588235294,0.786197569093,0.41766745858,2.25,1.88235294118,0.786197569093,2.25,0.166339869281,0.0612244897959,3,0.00441176470588,0.185952380952,17,17,17,1,0,0.352941176471,0.411764705882,0.235294117647,17,0.128676470588,1.90196078431,4.11764705882,3.18181818182,2.69230769231,1.57648156274,0.382859808093,0.201680672269,2.01465221053,0.978545359402,0.524369747899,1.74894926439,0.849489642704,0.463865546218,0.814492905316,0.428238537847,2.33333333333,1.90196078431,0.814492905316,2.33333333333,0,0,0,0,0.164242424242,17,17,17,1,0,0.352941176471,0.411764705882,0.235294117647,17,37,0.136029411765,1.88235294118,4.35294117647,3.36363636364,2.84615384615,1.69341284359,0.389027274878,0.193958664547,2.09866904602,0.964253345467,0.518282988871,1.87867287326,0.863174022847,0.470588235294,0.786197569093,0.41766745858,2.25,1.88235294118,0.786197569093,2.25,0.166339869281,0.0612244897959,3,0.00441176470588,0.185952380952,17,17,17,1,0,0.352941176471,0.411764705882,0.235294117647,0,0,0,0,0,0,0,0,0,0,0,0,0,0,0,0,0,0,0,0,0,0,0,0,0,0,0,0,0,37,0,0,235,1,1,0,0,1,1,1,1,1,1,2,2,0,0,0,0
641,WLNM_dir_neg,1,0.5,00:00:02,10,20,22,1980862995,threshold_sweep,0.2,1,1,1,2,0,0,4,1,1,0,0,1,1,1,1,0.555555555556,1,1,1,37,35,2,0,37,0,35,0,2,17,37,0.136029411765,1.88235294118,4.35294117647,3.36363636364,2.84615384615,1.69341284359,0.389027274878,0.193958664547,2.09866904602,0.964253345467,0.518282988871,1.87867287326,0.863174022847,0.470588235294,0.786197569093,0.41766745858,2.25,1.88235294118,0.786197569093,2.25,0.166339869281,0.0612244897959,3,0.00441176470588,0.185952380952,17,17,17,1,0,0.352941176471,0.411764705882,0.235294117647,17,0.128676470588,1.90196078431,4.11764705882,3.18181818182,2.69230769231,1.57648156274,0.382859808093,0.201680672269,2.01465221053,0.978545359402,0.524369747899,1.74894926439,0.849489642704,0.463865546218,0.814492905316,0.428238537847,2.33333333333,1.90196078431,0.814492905316,2.33333333333,0,0,0,0,0.164242424242,17,17,17,1,0,0.352941176471,0.411764705882,0.235294117647,17,37,0.136029411765,1.88235294118,4.35294117647,3.36363636364,2.84615384615,1.69341284359,0.389027274878,0.193958664547,2.09866904602,0.964253345467,0.518282988871,1.87867287326,0.863174022847,0.470588235294,0.786197569093,0.41766745858,2.25,1.88235294118,0.786197569093,2.25,0.166339869281,0.0612244897959,3,0.00441176470588,0.185952380952,17,17,17,1,0,0.352941176471,0.411764705882,0.235294117647,0,0,0,0,0,0,0,0,0,0,0,0,0,0,0,0,0,0,0,0,0,0,0,0,0,0,0,0,0,37,0,0,235,1,1,0,0,1,1,1,1,1,1,2,2,0,0,0,0
642,WLNM_dir_neg,1,0.5,00:00:02,10,20,22,1980862995,threshold_sweep,0.3,1,1,1,2,0,0,4,1,1,0,0,1,1,1,1,0.555555555556,1,1,1,37,35,2,0,37,0,35,0,2,17,37,0.136029411765,1.88235294118,4.35294117647,3.36363636364,2.84615384615,1.69341284359,0.389027274878,0.193958664547,2.09866904602,0.964253345467,0.518282988871,1.87867287326,0.863174022847,0.470588235294,0.786197569093,0.41766745858,2.25,1.88235294118,0.786197569093,2.25,0.166339869281,0.0612244897959,3,0.00441176470588,0.185952380952,17,17,17,1,0,0.352941176471,0.411764705882,0.235294117647,17,0.128676470588,1.90196078431,4.11764705882,3.18181818182,2.69230769231,1.57648156274,0.382859808093,0.201680672269,2.01465221053,0.978545359402,0.524369747899,1.74894926439,0.849489642704,0.463865546218,0.814492905316,0.428238537847,2.33333333333,1.90196078431,0.814492905316,2.33333333333,0,0,0,0,0.164242424242,17,17,17,1,0,0.352941176471,0.411764705882,0.235294117647,17,37,0.136029411765,1.88235294118,4.35294117647,3.36363636364,2.84615384615,1.69341284359,0.389027274878,0.193958664547,2.09866904602,0.964253345467,0.518282988871,1.87867287326,0.863174022847,0.470588235294,0.786197569093,0.41766745858,2.25,1.88235294118,0.786197569093,2.25,0.166339869281,0.0612244897959,3,0.00441176470588,0.185952380952,17,17,17,1,0,0.352941176471,0.411764705882,0.235294117647,0,0,0,0,0,0,0,0,0,0,0,0,0,0,0,0,0,0,0,0,0,0,0,0,0,0,0,0,0,37,0,0,235,1,1,0,0,1,1,1,1,1,1,2,2,0,0,0,0
643,WLNM_dir_neg,1,0.5,00:00:02,10,20,22,1980862995,threshold_sweep,0.4,1,1,1,2,0,0,4,1,1,0,0,1,1,1,1,0.555555555556,1,1,1,37,35,2,0,37,0,35,0,2,17,37,0.136029411765,1.88235294118,4.35294117647,3.36363636364,2.84615384615,1.69341284359,0.389027274878,0.193958664547,2.09866904602,0.964253345467,0.518282988871,1.87867287326,0.863174022847,0.470588235294,0.786197569093,0.41766745858,2.25,1.88235294118,0.786197569093,2.25,0.166339869281,0.0612244897959,3,0.00441176470588,0.185952380952,17,17,17,1,0,0.352941176471,0.411764705882,0.235294117647,17,0.128676470588,1.90196078431,4.11764705882,3.18181818182,2.69230769231,1.57648156274,0.382859808093,0.201680672269,2.01465221053,0.978545359402,0.524369747899,1.74894926439,0.849489642704,0.463865546218,0.814492905316,0.428238537847,2.33333333333,1.90196078431,0.814492905316,2.33333333333,0,0,0,0,0.164242424242,17,17,17,1,0,0.352941176471,0.411764705882,0.235294117647,17,37,0.136029411765,1.88235294118,4.35294117647,3.36363636364,2.84615384615,1.69341284359,0.389027274878,0.193958664547,2.09866904602,0.964253345467,0.518282988871,1.87867287326,0.863174022847,0.470588235294,0.786197569093,0.41766745858,2.25,1.88235294118,0.786197569093,2.25,0.166339869281,0.0612244897959,3,0.00441176470588,0.185952380952,17,17,17,1,0,0.352941176471,0.411764705882,0.235294117647,0,0,0,0,0,0,0,0,0,0,0,0,0,0,0,0,0,0,0,0,0,0,0,0,0,0,0,0,0,37,0,0,235,1,1,0,0,1,1,1,1,1,1,2,2,0,0,0,0
644,WLNM_dir_neg,1,0.5,00:00:02,10,20,22,1980862995,threshold_sweep,0.5,1,1,1,2,0,0,4,1,1,0,0,1,1,1,1,0.555555555556,1,1,1,37,35,2,0,37,0,35,0,2,17,37,0.136029411765,1.88235294118,4.35294117647,3.36363636364,2.84615384615,1.69341284359,0.389027274878,0.193958664547,2.09866904602,0.964253345467,0.518282988871,1.87867287326,0.863174022847,0.470588235294,0.786197569093,0.41766745858,2.25,1.88235294118,0.786197569093,2.25,0.166339869281,0.0612244897959,3,0.00441176470588,0.185952380952,17,17,17,1,0,0.352941176471,0.411764705882,0.235294117647,17,0.128676470588,1.90196078431,4.11764705882,3.18181818182,2.69230769231,1.57648156274,0.382859808093,0.201680672269,2.01465221053,0.978545359402,0.524369747899,1.74894926439,0.849489642704,0.463865546218,0.814492905316,0.428238537847,2.33333333333,1.90196078431,0.814492905316,2.33333333333,0,0,0,0,0.164242424242,17,17,17,1,0,0.352941176471,0.411764705882,0.235294117647,17,37,0.136029411765,1.88235294118,4.35294117647,3.36363636364,2.84615384615,1.69341284359,0.389027274878,0.193958664547,2.09866904602,0.964253345467,0.518282988871,1.87867287326,0.863174022847,0.470588235294,0.786197569093,0.41766745858,2.25,1.88235294118,0.786197569093,2.25,0.166339869281,0.0612244897959,3,0.00441176470588,0.185952380952,17,17,17,1,0,0.352941176471,0.411764705882,0.235294117647,0,0,0,0,0,0,0,0,0,0,0,0,0,0,0,0,0,0,0,0,0,0,0,0,0,0,0,0,0,37,0,0,235,1,1,0,0,1,1,1,1,1,1,2,2,0,0,0,0
645,WLNM_dir_neg,1,0.5,00:00:02,10,20,22,1980862995,threshold_sweep,0.6,1,1,1,2,0,0,4,1,1,0,0,1,1,1,1,0.555555555556,1,1,1,37,35,2,0,37,0,35,0,2,17,37,0.136029411765,1.88235294118,4.35294117647,3.36363636364,2.84615384615,1.69341284359,0.389027274878,0.193958664547,2.09866904602,0.964253345467,0.518282988871,1.87867287326,0.863174022847,0.470588235294,0.786197569093,0.41766745858,2.25,1.88235294118,0.786197569093,2.25,0.166339869281,0.0612244897959,3,0.00441176470588,0.185952380952,17,17,17,1,0,0.352941176471,0.411764705882,0.235294117647,17,0.128676470588,1.90196078431,4.11764705882,3.18181818182,2.69230769231,1.57648156274,0.382859808093,0.201680672269,2.01465221053,0.978545359402,0.524369747899,1.74894926439,0.849489642704,0.463865546218,0.814492905316,0.428238537847,2.33333333333,1.90196078431,0.814492905316,2.33333333333,0,0,0,0,0.164242424242,17,17,17,1,0,0.352941176471,0.411764705882,0.235294117647,17,37,0.136029411765,1.88235294118,4.35294117647,3.36363636364,2.84615384615,1.69341284359,0.389027274878,0.193958664547,2.09866904602,0.964253345467,0.518282988871,1.87867287326,0.863174022847,0.470588235294,0.786197569093,0.41766745858,2.25,1.88235294118,0.786197569093,2.25,0.166339869281,0.0612244897959,3,0.00441176470588,0.185952380952,17,17,17,1,0,0.352941176471,0.411764705882,0.235294117647,0,0,0,0,0,0,0,0,0,0,0,0,0,0,0,0,0,0,0,0,0,0,0,0,0,0,0,0,0,37,0,0,235,1,1,0,0,1,1,1,1,1,1,2,2,0,0,0,0
646,WLNM_dir_neg,1,0.5,00:00:02,10,20,22,1980862995,threshold_sweep,0.7,1,1,1,2,0,0,4,1,1,0,0,1,1,1,1,0.555555555556,1,1,1,37,35,2,0,37,0,35,0,2,17,37,0.136029411765,1.88235294118,4.35294117647,3.36363636364,2.84615384615,1.69341284359,0.389027274878,0.193958664547,2.09866904602,0.964253345467,0.518282988871,1.87867287326,0.863174022847,0.470588235294,0.786197569093,0.41766745858,2.25,1.88235294118,0.786197569093,2.25,0.166339869281,0.0612244897959,3,0.00441176470588,0.185952380952,17,17,17,1,0,0.352941176471,0.411764705882,0.235294117647,17,0.128676470588,1.90196078431,4.11764705882,3.18181818182,2.69230769231,1.57648156274,0.382859808093,0.201680672269,2.01465221053,0.978545359402,0.524369747899,1.74894926439,0.849489642704,0.463865546218,0.814492905316,0.428238537847,2.33333333333,1.90196078431,0.814492905316,2.33333333333,0,0,0,0,0.164242424242,17,17,17,1,0,0.352941176471,0.411764705882,0.235294117647,17,37,0.136029411765,1.88235294118,4.35294117647,3.36363636364,2.84615384615,1.69341284359,0.389027274878,0.193958664547,2.09866904602,0.964253345467,0.518282988871,1.87867287326,0.863174022847,0.470588235294,0.786197569093,0.41766745858,2.25,1.88235294118,0.786197569093,2.25,0.166339869281,0.0612244897959,3,0.00441176470588,0.185952380952,17,17,17,1,0,0.352941176471,0.411764705882,0.235294117647,0,0,0,0,0,0,0,0,0,0,0,0,0,0,0,0,0,0,0,0,0,0,0,0,0,0,0,0,0,37,0,0,235,1,1,0,0,1,1,1,1,1,1,2,2,0,0,0,0
647,WLNM_dir_neg,1,0.5,00:00:02,10,20,22,1980862995,threshold_sweep,0.8,1,1,1,2,0,0,4,1,1,0,0,1,1,1,1,0.555555555556,1,1,1,37,35,2,0,37,0,35,0,2,17,37,0.136029411765,1.88235294118,4.35294117647,3.36363636364,2.84615384615,1.69341284359,0.389027274878,0.193958664547,2.09866904602,0.964253345467,0.518282988871,1.87867287326,0.863174022847,0.470588235294,0.786197569093,0.41766745858,2.25,1.88235294118,0.786197569093,2.25,0.166339869281,0.0612244897959,3,0.00441176470588,0.185952380952,17,17,17,1,0,0.352941176471,0.411764705882,0.235294117647,17,0.128676470588,1.90196078431,4.11764705882,3.18181818182,2.69230769231,1.57648156274,0.382859808093,0.201680672269,2.01465221053,0.978545359402,0.524369747899,1.74894926439,0.849489642704,0.463865546218,0.814492905316,0.428238537847,2.33333333333,1.90196078431,0.814492905316,2.33333333333,0,0,0,0,0.164242424242,17,17,17,1,0,0.352941176471,0.411764705882,0.235294117647,17,37,0.136029411765,1.88235294118,4.35294117647,3.36363636364,2.84615384615,1.69341284359,0.389027274878,0.193958664547,2.09866904602,0.964253345467,0.518282988871,1.87867287326,0.863174022847,0.470588235294,0.786197569093,0.41766745858,2.25,1.88235294118,0.786197569093,2.25,0.166339869281,0.0612244897959,3,0.00441176470588,0.185952380952,17,17,17,1,0,0.352941176471,0.411764705882,0.235294117647,0,0,0,0,0,0,0,0,0,0,0,0,0,0,0,0,0,0,0,0,0,0,0,0,0,0,0,0,0,37,0,0,235,1,1,0,0,1,1,1,1,1,1,2,2,0,0,0,0
648,WLNM_dir_neg,1,0.5,00:00:02,10,20,22,1980862995,threshold_sweep,0.9,1,1,1,2,0,0,4,1,1,0,0,1,1,1,1,0.555555555556,1,1,1,37,35,2,0,37,0,35,0,2,17,37,0.136029411765,1.88235294118,4.35294117647,3.36363636364,2.84615384615,1.69341284359,0.389027274878,0.193958664547,2.09866904602,0.964253345467,0.518282988871,1.87867287326,0.863174022847,0.470588235294,0.786197569093,0.41766745858,2.25,1.88235294118,0.786197569093,2.25,0.166339869281,0.0612244897959,3,0.00441176470588,0.185952380952,17,17,17,1,0,0.352941176471,0.411764705882,0.235294117647,17,0.128676470588,1.90196078431,4.11764705882,3.18181818182,2.69230769231,1.57648156274,0.382859808093,0.201680672269,2.01465221053,0.978545359402,0.524369747899,1.74894926439,0.849489642704,0.463865546218,0.814492905316,0.428238537847,2.33333333333,1.90196078431,0.814492905316,2.33333333333,0,0,0,0,0.164242424242,17,17,17,1,0,0.352941176471,0.411764705882,0.235294117647,17,37,0.136029411765,1.88235294118,4.35294117647,3.36363636364,2.84615384615,1.69341284359,0.389027274878,0.193958664547,2.09866904602,0.964253345467,0.518282988871,1.87867287326,0.863174022847,0.470588235294,0.786197569093,0.41766745858,2.25,1.88235294118,0.786197569093,2.25,0.166339869281,0.0612244897959,3,0.00441176470588,0.185952380952,17,17,17,1,0,0.352941176471,0.411764705882,0.235294117647,0,0,0,0,0,0,0,0,0,0,0,0,0,0,0,0,0,0,0,0,0,0,0,0,0,0,0,0,0,37,0,0,235,1,1,0,0,1,1,1,1,1,1,2,2,0,0,0,0
649,WLNM_dir_neg,1,0.5,00:00:04,10,20,23,1980862996,threshold_sweep,0.1,0.666666666667,1,0.8,2,1,0,3,1,0.75,0.25,0,0.666666666667,1,0.8,0.833333333333,0.5,0.666666666667,0.707106781187,0.75,37,35,2,0,37,0,35,0,2,17,37,0.136029411765,1.88235294118,4.35294117647,3.36363636364,2.84615384615,1.69341284359,0.389027274878,0.193958664547,2.09866904602,0.964253345467,0.518282988871,1.87867287326,0.863174022847,0.470588235294,0.786197569093,0.41766745858,2.25,1.88235294118,0.786197569093,2.25,0.166339869281,0.0612244897959,3,0.00441176470588,0.185952380952,17,17,17,1,0,0.352941176471,0.411764705882,0.235294117647,17,0.128676470588,1.90196078431,4.11764705882,3.18181818182,2.69230769231,1.57648156274,0.382859808093,0.201680672269,2.01465221053,0.978545359402,0.524369747899,1.74894926439,0.849489642704,0.463865546218,0.814492905316,0.428238537847,2.33333333333,1.90196078431,0.814492905316,2.33333333333,0,0,0,0,0.164242424242,17,17,17,1,0,0.352941176471,0.411764705882,0.235294117647,17,38,0.139705882353,1.98764705882,4.47058823529,3.16666666667,2.92307692308,1.66274047354,0.371928790134,0.188854489164,2.04723630062,0.915868871331,0.495356037152,1.98523965067,0.888133527931,0.482972136223,0.792996921587,0.398962641817,2.35,1.98764705882,0.792996921587,2.35,0.162418300654,0.0584415584416,3,0.00441176470588,0.192081529582,17,17,17,1,0,0.294117647059,0.470588235294,0.235294117647,1,0.00367647058824,0.105294117647,0.117647058824,-0.19696969697,0.0769230769231,-0.030672370045,-0.0170984847437,-0.00510417538281,-0.0514327453931,-0.0483844741355,-0.0229269517195,0.106566777414,0.0249595050838,0.0123839009288,0.00679935249481,-0.0187048167638,0.1,0.105294117647,0.00679935249481,0.1,-0.00392156862745,-0.00278293135436,0,0,0.00612914862915,-0.0588235294118,0.0588235294118,0,37,1,0,234,1,0.995744680851,0.00425531914894,0,0.973684210526,1,0.986666666667,0.984652666406,0.995744680851,0.973684210526,3,2,0,0,0,0
650,WLNM_dir_neg,1,0.5,00:00:04,10,20,23,1980862996,threshold_sweep,0.2,0.666666666667,1,0.8,2,1,0,3,1,0.75,0.25,0,0.666666666667,1,0.8,0.833333333333,0.5,0.666666666667,0.707106781187,0.75,37,35,2,0,37,0,35,0,2,17,37,0.136029411765,1.88235294118,4.35294117647,3.36363636364,2.84615384615,1.69341284359,0.389027274878,0.193958664547,2.09866904602,0.964253345467,0.518282988871,1.87867287326,0.863174022847,0.470588235294,0.786197569093,0.41766745858,2.25,1.88235294118,0.786197569093,2.25,0.166339869281,0.0612244897959,3,0.00441176470588,0.185952380952,17,17,17,1,0,0.352941176471,0.411764705882,0.235294117647,17,0.128676470588,1.90196078431,4.11764705882,3.18181818182,2.69230769231,1.57648156274,0.382859808093,0.201680672269,2.01465221053,0.978545359402,0.524369747899,1.74894926439,0.849489642704,0.463865546218,0.814492905316,0.428238537847,2.33333333333,1.90196078431,0.814492905316,2.33333333333,0,0,0,0,0.164242424242,17,17,17,1,0,0.352941176471,0.411764705882,0.235294117647,17,38,0.139705882353,1.98764705882,4.47058823529,3.16666666667,2.92307692308,1.66274047354,0.371928790134,0.188854489164,2.04723630062,0.915868871331,0.495356037152,1.98523965067,0.888133527931,0.482972136223,0.792996921587,0.398962641817,2.35,1.98764705882,0.792996921587,2.35,0.162418300654,0.0584415584416,3,0.00441176470588,0.192081529582,17,17,17,1,0,0.294117647059,0.470588235294,0.235294117647,1,0.00367647058824,0.105294117647,0.117647058824,-0.19696969697,0.0769230769231,-0.030672370045,-0.0170984847437,-0.00510417538281,-0.0514327453931,-0.0483844741355,-0.0229269517195,0.106566777414,0.0249595050838,0.0123839009288,0.00679935249481,-0.0187048167638,0.1,0.105294117647,0.00679935249481,0.1,-0.00392156862745,-0.00278293135436,0,0,0.00612914862915,-0.0588235294118,0.0588235294118,0,37,1,0,234,1,0.995744680851,0.00425531914894,0,0.973684210526,1,0.986666666667,0.984652666406,0.995744680851,0.973684210526,3,2,0,0,0,0
651,WLNM_dir_neg,1,0.5,00:00:04,10,20,23,1980862996,threshold_sweep,0.3,0.666666666667,1,0.8,2,1,0,3,1,0.75,0.25,0,0.666666666667,1,0.8,0.833333333333,0.5,0.666666666667,0.707106781187,0.75,37,35,2,0,37,0,35,0,2,17,37,0.136029411765,1.88235294118,4.35294117647,3.36363636364,2.84615384615,1.69341284359,0.389027274878,0.193958664547,2.09866904602,0.964253345467,0.518282988871,1.87867287326,0.863174022847,0.470588235294,0.786197569093,0.41766745858,2.25,1.88235294118,0.786197569093,2.25,0.166339869281,0.0612244897959,3,0.00441176470588,0.185952380952,17,17,17,1,0,0.352941176471,0.411764705882,0.235294117647,17,0.128676470588,1.90196078431,4.11764705882,3.18181818182,2.69230769231,1.57648156274,0.382859808093,0.201680672269,2.01465221053,0.978545359402,0.524369747899,1.74894926439,0.849489642704,0.463865546218,0.814492905316,0.428238537847,2.33333333333,1.90196078431,0.814492905316,2.33333333333,0,0,0,0,0.164242424242,17,17,17,1,0,0.352941176471,0.411764705882,0.235294117647,17,38,0.139705882353,1.98764705882,4.47058823529,3.16666666667,2.92307692308,1.66274047354,0.371928790134,0.188854489164,2.04723630062,0.915868871331,0.495356037152,1.98523965067,0.888133527931,0.482972136223,0.792996921587,0.398962641817,2.35,1.98764705882,0.792996921587,2.35,0.162418300654,0.0584415584416,3,0.00441176470588,0.192081529582,17,17,17,1,0,0.294117647059,0.470588235294,0.235294117647,1,0.00367647058824,0.105294117647,0.117647058824,-0.19696969697,0.0769230769231,-0.030672370045,-0.0170984847437,-0.00510417538281,-0.0514327453931,-0.0483844741355,-0.0229269517195,0.106566777414,0.0249595050838,0.0123839009288,0.00679935249481,-0.0187048167638,0.1,0.105294117647,0.00679935249481,0.1,-0.00392156862745,-0.00278293135436,0,0,0.00612914862915,-0.0588235294118,0.0588235294118,0,37,1,0,234,1,0.995744680851,0.00425531914894,0,0.973684210526,1,0.986666666667,0.984652666406,0.995744680851,0.973684210526,3,2,0,0,0,0
652,WLNM_dir_neg,1,0.5,00:00:04,10,20,23,1980862996,threshold_sweep,0.4,0.666666666667,1,0.8,2,1,0,3,1,0.75,0.25,0,0.666666666667,1,0.8,0.833333333333,0.5,0.666666666667,0.707106781187,0.75,37,35,2,0,37,0,35,0,2,17,37,0.136029411765,1.88235294118,4.35294117647,3.36363636364,2.84615384615,1.69341284359,0.389027274878,0.193958664547,2.09866904602,0.964253345467,0.518282988871,1.87867287326,0.863174022847,0.470588235294,0.786197569093,0.41766745858,2.25,1.88235294118,0.786197569093,2.25,0.166339869281,0.0612244897959,3,0.00441176470588,0.185952380952,17,17,17,1,0,0.352941176471,0.411764705882,0.235294117647,17,0.128676470588,1.90196078431,4.11764705882,3.18181818182,2.69230769231,1.57648156274,0.382859808093,0.201680672269,2.01465221053,0.978545359402,0.524369747899,1.74894926439,0.849489642704,0.463865546218,0.814492905316,0.428238537847,2.33333333333,1.90196078431,0.814492905316,2.33333333333,0,0,0,0,0.164242424242,17,17,17,1,0,0.352941176471,0.411764705882,0.235294117647,17,38,0.139705882353,1.98764705882,4.47058823529,3.16666666667,2.92307692308,1.66274047354,0.371928790134,0.188854489164,2.04723630062,0.915868871331,0.495356037152,1.98523965067,0.888133527931,0.482972136223,0.792996921587,0.398962641817,2.35,1.98764705882,0.792996921587,2.35,0.162418300654,0.0584415584416,3,0.00441176470588,0.192081529582,17,17,17,1,0,0.294117647059,0.470588235294,0.235294117647,1,0.00367647058824,0.105294117647,0.117647058824,-0.19696969697,0.0769230769231,-0.030672370045,-0.0170984847437,-0.00510417538281,-0.0514327453931,-0.0483844741355,-0.0229269517195,0.106566777414,0.0249595050838,0.0123839009288,0.00679935249481,-0.0187048167638,0.1,0.105294117647,0.00679935249481,0.1,-0.00392156862745,-0.00278293135436,0,0,0.00612914862915,-0.0588235294118,0.0588235294118,0,37,1,0,234,1,0.995744680851,0.00425531914894,0,0.973684210526,1,0.986666666667,0.984652666406,0.995744680851,0.973684210526,3,2,0,0,0,0
653,WLNM_dir_neg,1,0.5,00:00:04,10,20,23,1980862996,threshold_sweep,0.5,0.666666666667,1,0.8,2,1,0,3,1,0.75,0.25,0,0.666666666667,1,0.8,0.833333333333,0.5,0.666666666667,0.707106781187,0.75,37,35,2,0,37,0,35,0,2,17,37,0.136029411765,1.88235294118,4.35294117647,3.36363636364,2.84615384615,1.69341284359,0.389027274878,0.193958664547,2.09866904602,0.964253345467,0.518282988871,1.87867287326,0.863174022847,0.470588235294,0.786197569093,0.41766745858,2.25,1.88235294118,0.786197569093,2.25,0.166339869281,0.0612244897959,3,0.00441176470588,0.185952380952,17,17,17,1,0,0.352941176471,0.411764705882,0.235294117647,17,0.128676470588,1.90196078431,4.11764705882,3.18181818182,2.69230769231,1.57648156274,0.382859808093,0.201680672269,2.01465221053,0.978545359402,0.524369747899,1.74894926439,0.849489642704,0.463865546218,0.814492905316,0.428238537847,2.33333333333,1.90196078431,0.814492905316,2.33333333333,0,0,0,0,0.164242424242,17,17,17,1,0,0.352941176471,0.411764705882,0.235294117647,17,38,0.139705882353,1.98764705882,4.47058823529,3.16666666667,2.92307692308,1.66274047354,0.371928790134,0.188854489164,2.04723630062,0.915868871331,0.495356037152,1.98523965067,0.888133527931,0.482972136223,0.792996921587,0.398962641817,2.35,1.98764705882,0.792996921587,2.35,0.162418300654,0.0584415584416,3,0.00441176470588,0.192081529582,17,17,17,1,0,0.294117647059,0.470588235294,0.235294117647,1,0.00367647058824,0.105294117647,0.117647058824,-0.19696969697,0.0769230769231,-0.030672370045,-0.0170984847437,-0.00510417538281,-0.0514327453931,-0.0483844741355,-0.0229269517195,0.106566777414,0.0249595050838,0.0123839009288,0.00679935249481,-0.0187048167638,0.1,0.105294117647,0.00679935249481,0.1,-0.00392156862745,-0.00278293135436,0,0,0.00612914862915,-0.0588235294118,0.0588235294118,0,37,1,0,234,1,0.995744680851,0.00425531914894,0,0.973684210526,1,0.986666666667,0.984652666406,0.995744680851,0.973684210526,3,2,0,0,0,0
654,WLNM_dir_neg,1,0.5,00:00:04,10,20,23,1980862996,threshold_sweep,0.6,0.666666666667,1,0.8,2,1,0,3,1,0.75,0.25,0,0.666666666667,1,0.8,0.833333333333,0.5,0.666666666667,0.707106781187,0.75,37,35,2,0,37,0,35,0,2,17,37,0.136029411765,1.88235294118,4.35294117647,3.36363636364,2.84615384615,1.69341284359,0.389027274878,0.193958664547,2.09866904602,0.964253345467,0.518282988871,1.87867287326,0.863174022847,0.470588235294,0.786197569093,0.41766745858,2.25,1.88235294118,0.786197569093,2.25,0.166339869281,0.0612244897959,3,0.00441176470588,0.185952380952,17,17,17,1,0,0.352941176471,0.411764705882,0.235294117647,17,0.128676470588,1.90196078431,4.11764705882,3.18181818182,2.69230769231,1.57648156274,0.382859808093,0.201680672269,2.01465221053,0.978545359402,0.524369747899,1.74894926439,0.849489642704,0.463865546218,0.814492905316,0.428238537847,2.33333333333,1.90196078431,0.814492905316,2.33333333333,0,0,0,0,0.164242424242,17,17,17,1,0,0.352941176471,0.411764705882,0.235294117647,17,38,0.139705882353,1.98764705882,4.47058823529,3.16666666667,2.92307692308,1.66274047354,0.371928790134,0.188854489164,2.04723630062,0.915868871331,0.495356037152,1.98523965067,0.888133527931,0.482972136223,0.792996921587,0.398962641817,2.35,1.98764705882,0.792996921587,2.35,0.162418300654,0.0584415584416,3,0.00441176470588,0.192081529582,17,17,17,1,0,0.294117647059,0.470588235294,0.235294117647,1,0.00367647058824,0.105294117647,0.117647058824,-0.19696969697,0.0769230769231,-0.030672370045,-0.0170984847437,-0.00510417538281,-0.0514327453931,-0.0483844741355,-0.0229269517195,0.106566777414,0.0249595050838,0.0123839009288,0.00679935249481,-0.0187048167638,0.1,0.105294117647,0.00679935249481,0.1,-0.00392156862745,-0.00278293135436,0,0,0.00612914862915,-0.0588235294118,0.0588235294118,0,37,1,0,234,1,0.995744680851,0.00425531914894,0,0.973684210526,1,0.986666666667,0.984652666406,0.995744680851,0.973684210526,3,2,0,0,0,0
655,WLNM_dir_neg,1,0.5,00:00:04,10,20,23,1980862996,threshold_sweep,0.7,0.666666666667,1,0.8,2,1,0,3,1,0.75,0.25,0,0.666666666667,1,0.8,0.833333333333,0.5,0.666666666667,0.707106781187,0.75,37,35,2,0,37,0,35,0,2,17,37,0.136029411765,1.88235294118,4.35294117647,3.36363636364,2.84615384615,1.69341284359,0.389027274878,0.193958664547,2.09866904602,0.964253345467,0.518282988871,1.87867287326,0.863174022847,0.470588235294,0.786197569093,0.41766745858,2.25,1.88235294118,0.786197569093,2.25,0.166339869281,0.0612244897959,3,0.00441176470588,0.185952380952,17,17,17,1,0,0.352941176471,0.411764705882,0.235294117647,17,0.128676470588,1.90196078431,4.11764705882,3.18181818182,2.69230769231,1.57648156274,0.382859808093,0.201680672269,2.01465221053,0.978545359402,0.524369747899,1.74894926439,0.849489642704,0.463865546218,0.814492905316,0.428238537847,2.33333333333,1.90196078431,0.814492905316,2.33333333333,0,0,0,0,0.164242424242,17,17,17,1,0,0.352941176471,0.411764705882,0.235294117647,17,38,0.139705882353,1.98764705882,4.47058823529,3.16666666667,2.92307692308,1.66274047354,0.371928790134,0.188854489164,2.04723630062,0.915868871331,0.495356037152,1.98523965067,0.888133527931,0.482972136223,0.792996921587,0.398962641817,2.35,1.98764705882,0.792996921587,2.35,0.162418300654,0.0584415584416,3,0.00441176470588,0.192081529582,17,17,17,1,0,0.294117647059,0.470588235294,0.235294117647,1,0.00367647058824,0.105294117647,0.117647058824,-0.19696969697,0.0769230769231,-0.030672370045,-0.0170984847437,-0.00510417538281,-0.0514327453931,-0.0483844741355,-0.0229269517195,0.106566777414,0.0249595050838,0.0123839009288,0.00679935249481,-0.0187048167638,0.1,0.105294117647,0.00679935249481,0.1,-0.00392156862745,-0.00278293135436,0,0,0.00612914862915,-0.0588235294118,0.0588235294118,0,37,1,0,234,1,0.995744680851,0.00425531914894,0,0.973684210526,1,0.986666666667,0.984652666406,0.995744680851,0.973684210526,3,2,0,0,0,0
656,WLNM_dir_neg,1,0.5,00:00:04,10,20,23,1980862996,threshold_sweep,0.8,0.666666666667,1,0.8,2,1,0,3,1,0.75,0.25,0,0.666666666667,1,0.8,0.833333333333,0.5,0.666666666667,0.707106781187,0.75,37,35,2,0,37,0,35,0,2,17,37,0.136029411765,1.88235294118,4.35294117647,3.36363636364,2.84615384615,1.69341284359,0.389027274878,0.193958664547,2.09866904602,0.964253345467,0.518282988871,1.87867287326,0.863174022847,0.470588235294,0.786197569093,0.41766745858,2.25,1.88235294118,0.786197569093,2.25,0.166339869281,0.0612244897959,3,0.00441176470588,0.185952380952,17,17,17,1,0,0.352941176471,0.411764705882,0.235294117647,17,0.128676470588,1.90196078431,4.11764705882,3.18181818182,2.69230769231,1.57648156274,0.382859808093,0.201680672269,2.01465221053,0.978545359402,0.524369747899,1.74894926439,0.849489642704,0.463865546218,0.814492905316,0.428238537847,2.33333333333,1.90196078431,0.814492905316,2.33333333333,0,0,0,0,0.164242424242,17,17,17,1,0,0.352941176471,0.411764705882,0.235294117647,17,38,0.139705882353,1.98764705882,4.47058823529,3.16666666667,2.92307692308,1.66274047354,0.371928790134,0.188854489164,2.04723630062,0.915868871331,0.495356037152,1.98523965067,0.888133527931,0.482972136223,0.792996921587,0.398962641817,2.35,1.98764705882,0.792996921587,2.35,0.162418300654,0.0584415584416,3,0.00441176470588,0.192081529582,17,17,17,1,0,0.294117647059,0.470588235294,0.235294117647,1,0.00367647058824,0.105294117647,0.117647058824,-0.19696969697,0.0769230769231,-0.030672370045,-0.0170984847437,-0.00510417538281,-0.0514327453931,-0.0483844741355,-0.0229269517195,0.106566777414,0.0249595050838,0.0123839009288,0.00679935249481,-0.0187048167638,0.1,0.105294117647,0.00679935249481,0.1,-0.00392156862745,-0.00278293135436,0,0,0.00612914862915,-0.0588235294118,0.0588235294118,0,37,1,0,234,1,0.995744680851,0.00425531914894,0,0.973684210526,1,0.986666666667,0.984652666406,0.995744680851,0.973684210526,3,2,0,0,0,0
657,WLNM_dir_neg,1,0.5,00:00:04,10,20,23,1980862996,threshold_sweep,0.9,0.666666666667,1,0.8,2,1,0,3,1,0.75,0.25,0,0.666666666667,1,0.8,0.833333333333,0.5,0.666666666667,0.707106781187,0.75,37,35,2,0,37,0,35,0,2,17,37,0.136029411765,1.88235294118,4.35294117647,3.36363636364,2.84615384615,1.69341284359,0.389027274878,0.193958664547,2.09866904602,0.964253345467,0.518282988871,1.87867287326,0.863174022847,0.470588235294,0.786197569093,0.41766745858,2.25,1.88235294118,0.786197569093,2.25,0.166339869281,0.0612244897959,3,0.00441176470588,0.185952380952,17,17,17,1,0,0.352941176471,0.411764705882,0.235294117647,17,0.128676470588,1.90196078431,4.11764705882,3.18181818182,2.69230769231,1.57648156274,0.382859808093,0.201680672269,2.01465221053,0.978545359402,0.524369747899,1.74894926439,0.849489642704,0.463865546218,0.814492905316,0.428238537847,2.33333333333,1.90196078431,0.814492905316,2.33333333333,0,0,0,0,0.164242424242,17,17,17,1,0,0.352941176471,0.411764705882,0.235294117647,17,38,0.139705882353,1.98764705882,4.47058823529,3.16666666667,2.92307692308,1.66274047354,0.371928790134,0.188854489164,2.04723630062,0.915868871331,0.495356037152,1.98523965067,0.888133527931,0.482972136223,0.792996921587,0.398962641817,2.35,1.98764705882,0.792996921587,2.35,0.162418300654,0.0584415584416,3,0.00441176470588,0.192081529582,17,17,17,1,0,0.294117647059,0.470588235294,0.235294117647,1,0.00367647058824,0.105294117647,0.117647058824,-0.19696969697,0.0769230769231,-0.030672370045,-0.0170984847437,-0.00510417538281,-0.0514327453931,-0.0483844741355,-0.0229269517195,0.106566777414,0.0249595050838,0.0123839009288,0.00679935249481,-0.0187048167638,0.1,0.105294117647,0.00679935249481,0.1,-0.00392156862745,-0.00278293135436,0,0,0.00612914862915,-0.0588235294118,0.0588235294118,0,37,1,0,234,1,0.995744680851,0.00425531914894,0,0.973684210526,1,0.986666666667,0.984652666406,0.995744680851,0.973684210526,3,2,0,0,0,0
658,WLNM_dir_neg,1,0.5,00:00:02,10,20,24,1980862997,threshold_sweep,0.1,1,1,1,2,0,0,4,1,1,0,0,1,1,1,1,0.555555555556,1,1,1,37,35,2,0,37,0,35,0,2,17,37,0.136029411765,1.88235294118,4.35294117647,3.36363636364,2.84615384615,1.69341284359,0.389027274878,0.193958664547,2.09866904602,0.964253345467,0.518282988871,1.87867287326,0.863174022847,0.470588235294,0.786197569093,0.41766745858,2.25,1.88235294118,0.786197569093,2.25,0.166339869281,0.0612244897959,3,0.00441176470588,0.185952380952,17,17,17,1,0,0.352941176471,0.411764705882,0.235294117647,17,0.128676470588,1.90196078431,4.11764705882,3.18181818182,2.69230769231,1.57648156274,0.382859808093,0.201680672269,2.01465221053,0.978545359402,0.524369747899,1.74894926439,0.849489642704,0.463865546218,0.814492905316,0.428238537847,2.33333333333,1.90196078431,0.814492905316,2.33333333333,0,0,0,0,0.164242424242,17,17,17,1,0,0.352941176471,0.411764705882,0.235294117647,17,37,0.136029411765,1.88235294118,4.35294117647,3.36363636364,2.84615384615,1.69341284359,0.389027274878,0.193958664547,2.09866904602,0.964253345467,0.518282988871,1.87867287326,0.863174022847,0.470588235294,0.786197569093,0.41766745858,2.25,1.88235294118,0.786197569093,2.25,0.166339869281,0.0612244897959,3,0.00441176470588,0.185952380952,17,17,17,1,0,0.352941176471,0.411764705882,0.235294117647,0,0,0,0,0,0,0,0,0,0,0,0,0,0,0,0,0,0,0,0,0,0,0,0,0,0,0,0,0,37,0,0,235,1,1,0,0,1,1,1,1,1,1,2,2,0,0,0,0
659,WLNM_dir_neg,1,0.5,00:00:02,10,20,24,1980862997,threshold_sweep,0.2,1,1,1,2,0,0,4,1,1,0,0,1,1,1,1,0.555555555556,1,1,1,37,35,2,0,37,0,35,0,2,17,37,0.136029411765,1.88235294118,4.35294117647,3.36363636364,2.84615384615,1.69341284359,0.389027274878,0.193958664547,2.09866904602,0.964253345467,0.518282988871,1.87867287326,0.863174022847,0.470588235294,0.786197569093,0.41766745858,2.25,1.88235294118,0.786197569093,2.25,0.166339869281,0.0612244897959,3,0.00441176470588,0.185952380952,17,17,17,1,0,0.352941176471,0.411764705882,0.235294117647,17,0.128676470588,1.90196078431,4.11764705882,3.18181818182,2.69230769231,1.57648156274,0.382859808093,0.201680672269,2.01465221053,0.978545359402,0.524369747899,1.74894926439,0.849489642704,0.463865546218,0.814492905316,0.428238537847,2.33333333333,1.90196078431,0.814492905316,2.33333333333,0,0,0,0,0.164242424242,17,17,17,1,0,0.352941176471,0.411764705882,0.235294117647,17,37,0.136029411765,1.88235294118,4.35294117647,3.36363636364,2.84615384615,1.69341284359,0.389027274878,0.193958664547,2.09866904602,0.964253345467,0.518282988871,1.87867287326,0.863174022847,0.470588235294,0.786197569093,0.41766745858,2.25,1.88235294118,0.786197569093,2.25,0.166339869281,0.0612244897959,3,0.00441176470588,0.185952380952,17,17,17,1,0,0.352941176471,0.411764705882,0.235294117647,0,0,0,0,0,0,0,0,0,0,0,0,0,0,0,0,0,0,0,0,0,0,0,0,0,0,0,0,0,37,0,0,235,1,1,0,0,1,1,1,1,1,1,2,2,0,0,0,0
660,WLNM_dir_neg,1,0.5,00:00:02,10,20,24,1980862997,threshold_sweep,0.3,1,1,1,2,0,0,4,1,1,0,0,1,1,1,1,0.555555555556,1,1,1,37,35,2,0,37,0,35,0,2,17,37,0.136029411765,1.88235294118,4.35294117647,3.36363636364,2.84615384615,1.69341284359,0.389027274878,0.193958664547,2.09866904602,0.964253345467,0.518282988871,1.87867287326,0.863174022847,0.470588235294,0.786197569093,0.41766745858,2.25,1.88235294118,0.786197569093,2.25,0.166339869281,0.0612244897959,3,0.00441176470588,0.185952380952,17,17,17,1,0,0.352941176471,0.411764705882,0.235294117647,17,0.128676470588,1.90196078431,4.11764705882,3.18181818182,2.69230769231,1.57648156274,0.382859808093,0.201680672269,2.01465221053,0.978545359402,0.524369747899,1.74894926439,0.849489642704,0.463865546218,0.814492905316,0.428238537847,2.33333333333,1.90196078431,0.814492905316,2.33333333333,0,0,0,0,0.164242424242,17,17,17,1,0,0.352941176471,0.411764705882,0.235294117647,17,37,0.136029411765,1.88235294118,4.35294117647,3.36363636364,2.84615384615,1.69341284359,0.389027274878,0.193958664547,2.09866904602,0.964253345467,0.518282988871,1.87867287326,0.863174022847,0.470588235294,0.786197569093,0.41766745858,2.25,1.88235294118,0.786197569093,2.25,0.166339869281,0.0612244897959,3,0.00441176470588,0.185952380952,17,17,17,1,0,0.352941176471,0.411764705882,0.235294117647,0,0,0,0,0,0,0,0,0,0,0,0,0,0,0,0,0,0,0,0,0,0,0,0,0,0,0,0,0,37,0,0,235,1,1,0,0,1,1,1,1,1,1,2,2,0,0,0,0
661,WLNM_dir_neg,1,0.5,00:00:02,10,20,24,1980862997,threshold_sweep,0.4,1,1,1,2,0,0,4,1,1,0,0,1,1,1,1,0.555555555556,1,1,1,37,35,2,0,37,0,35,0,2,17,37,0.136029411765,1.88235294118,4.35294117647,3.36363636364,2.84615384615,1.69341284359,0.389027274878,0.193958664547,2.09866904602,0.964253345467,0.518282988871,1.87867287326,0.863174022847,0.470588235294,0.786197569093,0.41766745858,2.25,1.88235294118,0.786197569093,2.25,0.166339869281,0.0612244897959,3,0.00441176470588,0.185952380952,17,17,17,1,0,0.352941176471,0.411764705882,0.235294117647,17,0.128676470588,1.90196078431,4.11764705882,3.18181818182,2.69230769231,1.57648156274,0.382859808093,0.201680672269,2.01465221053,0.978545359402,0.524369747899,1.74894926439,0.849489642704,0.463865546218,0.814492905316,0.428238537847,2.33333333333,1.90196078431,0.814492905316,2.33333333333,0,0,0,0,0.164242424242,17,17,17,1,0,0.352941176471,0.411764705882,0.235294117647,17,37,0.136029411765,1.88235294118,4.35294117647,3.36363636364,2.84615384615,1.69341284359,0.389027274878,0.193958664547,2.09866904602,0.964253345467,0.518282988871,1.87867287326,0.863174022847,0.470588235294,0.786197569093,0.41766745858,2.25,1.88235294118,0.786197569093,2.25,0.166339869281,0.0612244897959,3,0.00441176470588,0.185952380952,17,17,17,1,0,0.352941176471,0.411764705882,0.235294117647,0,0,0,0,0,0,0,0,0,0,0,0,0,0,0,0,0,0,0,0,0,0,0,0,0,0,0,0,0,37,0,0,235,1,1,0,0,1,1,1,1,1,1,2,2,0,0,0,0
662,WLNM_dir_neg,1,0.5,00:00:02,10,20,24,1980862997,threshold_sweep,0.5,1,1,1,2,0,0,4,1,1,0,0,1,1,1,1,0.555555555556,1,1,1,37,35,2,0,37,0,35,0,2,17,37,0.136029411765,1.88235294118,4.35294117647,3.36363636364,2.84615384615,1.69341284359,0.389027274878,0.193958664547,2.09866904602,0.964253345467,0.518282988871,1.87867287326,0.863174022847,0.470588235294,0.786197569093,0.41766745858,2.25,1.88235294118,0.786197569093,2.25,0.166339869281,0.0612244897959,3,0.00441176470588,0.185952380952,17,17,17,1,0,0.352941176471,0.411764705882,0.235294117647,17,0.128676470588,1.90196078431,4.11764705882,3.18181818182,2.69230769231,1.57648156274,0.382859808093,0.201680672269,2.01465221053,0.978545359402,0.524369747899,1.74894926439,0.849489642704,0.463865546218,0.814492905316,0.428238537847,2.33333333333,1.90196078431,0.814492905316,2.33333333333,0,0,0,0,0.164242424242,17,17,17,1,0,0.352941176471,0.411764705882,0.235294117647,17,37,0.136029411765,1.88235294118,4.35294117647,3.36363636364,2.84615384615,1.69341284359,0.389027274878,0.193958664547,2.09866904602,0.964253345467,0.518282988871,1.87867287326,0.863174022847,0.470588235294,0.786197569093,0.41766745858,2.25,1.88235294118,0.786197569093,2.25,0.166339869281,0.0612244897959,3,0.00441176470588,0.185952380952,17,17,17,1,0,0.352941176471,0.411764705882,0.235294117647,0,0,0,0,0,0,0,0,0,0,0,0,0,0,0,0,0,0,0,0,0,0,0,0,0,0,0,0,0,37,0,0,235,1,1,0,0,1,1,1,1,1,1,2,2,0,0,0,0
663,WLNM_dir_neg,1,0.5,00:00:02,10,20,24,1980862997,threshold_sweep,0.6,1,1,1,2,0,0,4,1,1,0,0,1,1,1,1,0.555555555556,1,1,1,37,35,2,0,37,0,35,0,2,17,37,0.136029411765,1.88235294118,4.35294117647,3.36363636364,2.84615384615,1.69341284359,0.389027274878,0.193958664547,2.09866904602,0.964253345467,0.518282988871,1.87867287326,0.863174022847,0.470588235294,0.786197569093,0.41766745858,2.25,1.88235294118,0.786197569093,2.25,0.166339869281,0.0612244897959,3,0.00441176470588,0.185952380952,17,17,17,1,0,0.352941176471,0.411764705882,0.235294117647,17,0.128676470588,1.90196078431,4.11764705882,3.18181818182,2.69230769231,1.57648156274,0.382859808093,0.201680672269,2.01465221053,0.978545359402,0.524369747899,1.74894926439,0.849489642704,0.463865546218,0.814492905316,0.428238537847,2.33333333333,1.90196078431,0.814492905316,2.33333333333,0,0,0,0,0.164242424242,17,17,17,1,0,0.352941176471,0.411764705882,0.235294117647,17,37,0.136029411765,1.88235294118,4.35294117647,3.36363636364,2.84615384615,1.69341284359,0.389027274878,0.193958664547,2.09866904602,0.964253345467,0.518282988871,1.87867287326,0.863174022847,0.470588235294,0.786197569093,0.41766745858,2.25,1.88235294118,0.786197569093,2.25,0.166339869281,0.0612244897959,3,0.00441176470588,0.185952380952,17,17,17,1,0,0.352941176471,0.411764705882,0.235294117647,0,0,0,0,0,0,0,0,0,0,0,0,0,0,0,0,0,0,0,0,0,0,0,0,0,0,0,0,0,37,0,0,235,1,1,0,0,1,1,1,1,1,1,2,2,0,0,0,0
664,WLNM_dir_neg,1,0.5,00:00:02,10,20,24,1980862997,threshold_sweep,0.7,1,1,1,2,0,0,4,1,1,0,0,1,1,1,1,0.555555555556,1,1,1,37,35,2,0,37,0,35,0,2,17,37,0.136029411765,1.88235294118,4.35294117647,3.36363636364,2.84615384615,1.69341284359,0.389027274878,0.193958664547,2.09866904602,0.964253345467,0.518282988871,1.87867287326,0.863174022847,0.470588235294,0.786197569093,0.41766745858,2.25,1.88235294118,0.786197569093,2.25,0.166339869281,0.0612244897959,3,0.00441176470588,0.185952380952,17,17,17,1,0,0.352941176471,0.411764705882,0.235294117647,17,0.128676470588,1.90196078431,4.11764705882,3.18181818182,2.69230769231,1.57648156274,0.382859808093,0.201680672269,2.01465221053,0.978545359402,0.524369747899,1.74894926439,0.849489642704,0.463865546218,0.814492905316,0.428238537847,2.33333333333,1.90196078431,0.814492905316,2.33333333333,0,0,0,0,0.164242424242,17,17,17,1,0,0.352941176471,0.411764705882,0.235294117647,17,37,0.136029411765,1.88235294118,4.35294117647,3.36363636364,2.84615384615,1.69341284359,0.389027274878,0.193958664547,2.09866904602,0.964253345467,0.518282988871,1.87867287326,0.863174022847,0.470588235294,0.786197569093,0.41766745858,2.25,1.88235294118,0.786197569093,2.25,0.166339869281,0.0612244897959,3,0.00441176470588,0.185952380952,17,17,17,1,0,0.352941176471,0.411764705882,0.235294117647,0,0,0,0,0,0,0,0,0,0,0,0,0,0,0,0,0,0,0,0,0,0,0,0,0,0,0,0,0,37,0,0,235,1,1,0,0,1,1,1,1,1,1,2,2,0,0,0,0
665,WLNM_dir_neg,1,0.5,00:00:02,10,20,24,1980862997,threshold_sweep,0.8,1,1,1,2,0,0,4,1,1,0,0,1,1,1,1,0.555555555556,1,1,1,37,35,2,0,37,0,35,0,2,17,37,0.136029411765,1.88235294118,4.35294117647,3.36363636364,2.84615384615,1.69341284359,0.389027274878,0.193958664547,2.09866904602,0.964253345467,0.518282988871,1.87867287326,0.863174022847,0.470588235294,0.786197569093,0.41766745858,2.25,1.88235294118,0.786197569093,2.25,0.166339869281,0.0612244897959,3,0.00441176470588,0.185952380952,17,17,17,1,0,0.352941176471,0.411764705882,0.235294117647,17,0.128676470588,1.90196078431,4.11764705882,3.18181818182,2.69230769231,1.57648156274,0.382859808093,0.201680672269,2.01465221053,0.978545359402,0.524369747899,1.74894926439,0.849489642704,0.463865546218,0.814492905316,0.428238537847,2.33333333333,1.90196078431,0.814492905316,2.33333333333,0,0,0,0,0.164242424242,17,17,17,1,0,0.352941176471,0.411764705882,0.235294117647,17,37,0.136029411765,1.88235294118,4.35294117647,3.36363636364,2.84615384615,1.69341284359,0.389027274878,0.193958664547,2.09866904602,0.964253345467,0.518282988871,1.87867287326,0.863174022847,0.470588235294,0.786197569093,0.41766745858,2.25,1.88235294118,0.786197569093,2.25,0.166339869281,0.0612244897959,3,0.00441176470588,0.185952380952,17,17,17,1,0,0.352941176471,0.411764705882,0.235294117647,0,0,0,0,0,0,0,0,0,0,0,0,0,0,0,0,0,0,0,0,0,0,0,0,0,0,0,0,0,37,0,0,235,1,1,0,0,1,1,1,1,1,1,2,2,0,0,0,0
666,WLNM_dir_neg,1,0.5,00:00:02,10,20,24,1980862997,threshold_sweep,0.9,1,1,1,2,0,0,4,1,1,0,0,1,1,1,1,0.555555555556,1,1,1,37,35,2,0,37,0,35,0,2,17,37,0.136029411765,1.88235294118,4.35294117647,3.36363636364,2.84615384615,1.69341284359,0.389027274878,0.193958664547,2.09866904602,0.964253345467,0.518282988871,1.87867287326,0.863174022847,0.470588235294,0.786197569093,0.41766745858,2.25,1.88235294118,0.786197569093,2.25,0.166339869281,0.0612244897959,3,0.00441176470588,0.185952380952,17,17,17,1,0,0.352941176471,0.411764705882,0.235294117647,17,0.128676470588,1.90196078431,4.11764705882,3.18181818182,2.69230769231,1.57648156274,0.382859808093,0.201680672269,2.01465221053,0.978545359402,0.524369747899,1.74894926439,0.849489642704,0.463865546218,0.814492905316,0.428238537847,2.33333333333,1.90196078431,0.814492905316,2.33333333333,0,0,0,0,0.164242424242,17,17,17,1,0,0.352941176471,0.411764705882,0.235294117647,17,37,0.136029411765,1.88235294118,4.35294117647,3.36363636364,2.84615384615,1.69341284359,0.389027274878,0.193958664547,2.09866904602,0.964253345467,0.518282988871,1.87867287326,0.863174022847,0.470588235294,0.786197569093,0.41766745858,2.25,1.88235294118,0.786197569093,2.25,0.166339869281,0.0612244897959,3,0.00441176470588,0.185952380952,17,17,17,1,0,0.352941176471,0.411764705882,0.235294117647,0,0,0,0,0,0,0,0,0,0,0,0,0,0,0,0,0,0,0,0,0,0,0,0,0,0,0,0,0,37,0,0,235,1,1,0,0,1,1,1,1,1,1,2,2,0,0,0,0
667,WLNM_dir_neg,1,0.5,00:00:02,10,20,25,1980862998,threshold_sweep,0.1,1,1,1,2,0,0,4,1,1,0,0,1,1,1,1,0.555555555556,1,1,1,37,35,2,0,37,0,35,0,2,17,37,0.136029411765,1.88235294118,4.35294117647,3.36363636364,2.84615384615,1.69341284359,0.389027274878,0.193958664547,2.09866904602,0.964253345467,0.518282988871,1.87867287326,0.863174022847,0.470588235294,0.786197569093,0.41766745858,2.25,1.88235294118,0.786197569093,2.25,0.166339869281,0.0612244897959,3,0.00441176470588,0.185952380952,17,17,17,1,0,0.352941176471,0.411764705882,0.235294117647,17,0.128676470588,1.90196078431,4.11764705882,3.18181818182,2.69230769231,1.57648156274,0.382859808093,0.201680672269,2.01465221053,0.978545359402,0.524369747899,1.74894926439,0.849489642704,0.463865546218,0.814492905316,0.428238537847,2.33333333333,1.90196078431,0.814492905316,2.33333333333,0,0,0,0,0.164242424242,17,17,17,1,0,0.352941176471,0.411764705882,0.235294117647,17,37,0.136029411765,1.88235294118,4.35294117647,3.36363636364,2.84615384615,1.69341284359,0.389027274878,0.193958664547,2.09866904602,0.964253345467,0.518282988871,1.87867287326,0.863174022847,0.470588235294,0.786197569093,0.41766745858,2.25,1.88235294118,0.786197569093,2.25,0.166339869281,0.0612244897959,3,0.00441176470588,0.185952380952,17,17,17,1,0,0.352941176471,0.411764705882,0.235294117647,0,0,0,0,0,0,0,0,0,0,0,0,0,0,0,0,0,0,0,0,0,0,0,0,0,0,0,0,0,37,0,0,235,1,1,0,0,1,1,1,1,1,1,2,2,0,0,0,0
668,WLNM_dir_neg,1,0.5,00:00:02,10,20,25,1980862998,threshold_sweep,0.2,1,1,1,2,0,0,4,1,1,0,0,1,1,1,1,0.555555555556,1,1,1,37,35,2,0,37,0,35,0,2,17,37,0.136029411765,1.88235294118,4.35294117647,3.36363636364,2.84615384615,1.69341284359,0.389027274878,0.193958664547,2.09866904602,0.964253345467,0.518282988871,1.87867287326,0.863174022847,0.470588235294,0.786197569093,0.41766745858,2.25,1.88235294118,0.786197569093,2.25,0.166339869281,0.0612244897959,3,0.00441176470588,0.185952380952,17,17,17,1,0,0.352941176471,0.411764705882,0.235294117647,17,0.128676470588,1.90196078431,4.11764705882,3.18181818182,2.69230769231,1.57648156274,0.382859808093,0.201680672269,2.01465221053,0.978545359402,0.524369747899,1.74894926439,0.849489642704,0.463865546218,0.814492905316,0.428238537847,2.33333333333,1.90196078431,0.814492905316,2.33333333333,0,0,0,0,0.164242424242,17,17,17,1,0,0.352941176471,0.411764705882,0.235294117647,17,37,0.136029411765,1.88235294118,4.35294117647,3.36363636364,2.84615384615,1.69341284359,0.389027274878,0.193958664547,2.09866904602,0.964253345467,0.518282988871,1.87867287326,0.863174022847,0.470588235294,0.786197569093,0.41766745858,2.25,1.88235294118,0.786197569093,2.25,0.166339869281,0.0612244897959,3,0.00441176470588,0.185952380952,17,17,17,1,0,0.352941176471,0.411764705882,0.235294117647,0,0,0,0,0,0,0,0,0,0,0,0,0,0,0,0,0,0,0,0,0,0,0,0,0,0,0,0,0,37,0,0,235,1,1,0,0,1,1,1,1,1,1,2,2,0,0,0,0
669,WLNM_dir_neg,1,0.5,00:00:02,10,20,25,1980862998,threshold_sweep,0.3,1,1,1,2,0,0,4,1,1,0,0,1,1,1,1,0.555555555556,1,1,1,37,35,2,0,37,0,35,0,2,17,37,0.136029411765,1.88235294118,4.35294117647,3.36363636364,2.84615384615,1.69341284359,0.389027274878,0.193958664547,2.09866904602,0.964253345467,0.518282988871,1.87867287326,0.863174022847,0.470588235294,0.786197569093,0.41766745858,2.25,1.88235294118,0.786197569093,2.25,0.166339869281,0.0612244897959,3,0.00441176470588,0.185952380952,17,17,17,1,0,0.352941176471,0.411764705882,0.235294117647,17,0.128676470588,1.90196078431,4.11764705882,3.18181818182,2.69230769231,1.57648156274,0.382859808093,0.201680672269,2.01465221053,0.978545359402,0.524369747899,1.74894926439,0.849489642704,0.463865546218,0.814492905316,0.428238537847,2.33333333333,1.90196078431,0.814492905316,2.33333333333,0,0,0,0,0.164242424242,17,17,17,1,0,0.352941176471,0.411764705882,0.235294117647,17,37,0.136029411765,1.88235294118,4.35294117647,3.36363636364,2.84615384615,1.69341284359,0.389027274878,0.193958664547,2.09866904602,0.964253345467,0.518282988871,1.87867287326,0.863174022847,0.470588235294,0.786197569093,0.41766745858,2.25,1.88235294118,0.786197569093,2.25,0.166339869281,0.0612244897959,3,0.00441176470588,0.185952380952,17,17,17,1,0,0.352941176471,0.411764705882,0.235294117647,0,0,0,0,0,0,0,0,0,0,0,0,0,0,0,0,0,0,0,0,0,0,0,0,0,0,0,0,0,37,0,0,235,1,1,0,0,1,1,1,1,1,1,2,2,0,0,0,0
670,WLNM_dir_neg,1,0.5,00:00:02,10,20,25,1980862998,threshold_sweep,0.4,1,1,1,2,0,0,4,1,1,0,0,1,1,1,1,0.555555555556,1,1,1,37,35,2,0,37,0,35,0,2,17,37,0.136029411765,1.88235294118,4.35294117647,3.36363636364,2.84615384615,1.69341284359,0.389027274878,0.193958664547,2.09866904602,0.964253345467,0.518282988871,1.87867287326,0.863174022847,0.470588235294,0.786197569093,0.41766745858,2.25,1.88235294118,0.786197569093,2.25,0.166339869281,0.0612244897959,3,0.00441176470588,0.185952380952,17,17,17,1,0,0.352941176471,0.411764705882,0.235294117647,17,0.128676470588,1.90196078431,4.11764705882,3.18181818182,2.69230769231,1.57648156274,0.382859808093,0.201680672269,2.01465221053,0.978545359402,0.524369747899,1.74894926439,0.849489642704,0.463865546218,0.814492905316,0.428238537847,2.33333333333,1.90196078431,0.814492905316,2.33333333333,0,0,0,0,0.164242424242,17,17,17,1,0,0.352941176471,0.411764705882,0.235294117647,17,37,0.136029411765,1.88235294118,4.35294117647,3.36363636364,2.84615384615,1.69341284359,0.389027274878,0.193958664547,2.09866904602,0.964253345467,0.518282988871,1.87867287326,0.863174022847,0.470588235294,0.786197569093,0.41766745858,2.25,1.88235294118,0.786197569093,2.25,0.166339869281,0.0612244897959,3,0.00441176470588,0.185952380952,17,17,17,1,0,0.352941176471,0.411764705882,0.235294117647,0,0,0,0,0,0,0,0,0,0,0,0,0,0,0,0,0,0,0,0,0,0,0,0,0,0,0,0,0,37,0,0,235,1,1,0,0,1,1,1,1,1,1,2,2,0,0,0,0
671,WLNM_dir_neg,1,0.5,00:00:02,10,20,25,1980862998,threshold_sweep,0.5,1,1,1,2,0,0,4,1,1,0,0,1,1,1,1,0.555555555556,1,1,1,37,35,2,0,37,0,35,0,2,17,37,0.136029411765,1.88235294118,4.35294117647,3.36363636364,2.84615384615,1.69341284359,0.389027274878,0.193958664547,2.09866904602,0.964253345467,0.518282988871,1.87867287326,0.863174022847,0.470588235294,0.786197569093,0.41766745858,2.25,1.88235294118,0.786197569093,2.25,0.166339869281,0.0612244897959,3,0.00441176470588,0.185952380952,17,17,17,1,0,0.352941176471,0.411764705882,0.235294117647,17,0.128676470588,1.90196078431,4.11764705882,3.18181818182,2.69230769231,1.57648156274,0.382859808093,0.201680672269,2.01465221053,0.978545359402,0.524369747899,1.74894926439,0.849489642704,0.463865546218,0.814492905316,0.428238537847,2.33333333333,1.90196078431,0.814492905316,2.33333333333,0,0,0,0,0.164242424242,17,17,17,1,0,0.352941176471,0.411764705882,0.235294117647,17,37,0.136029411765,1.88235294118,4.35294117647,3.36363636364,2.84615384615,1.69341284359,0.389027274878,0.193958664547,2.09866904602,0.964253345467,0.518282988871,1.87867287326,0.863174022847,0.470588235294,0.786197569093,0.41766745858,2.25,1.88235294118,0.786197569093,2.25,0.166339869281,0.0612244897959,3,0.00441176470588,0.185952380952,17,17,17,1,0,0.352941176471,0.411764705882,0.235294117647,0,0,0,0,0,0,0,0,0,0,0,0,0,0,0,0,0,0,0,0,0,0,0,0,0,0,0,0,0,37,0,0,235,1,1,0,0,1,1,1,1,1,1,2,2,0,0,0,0
672,WLNM_dir_neg,1,0.5,00:00:02,10,20,25,1980862998,threshold_sweep,0.6,1,1,1,2,0,0,4,1,1,0,0,1,1,1,1,0.555555555556,1,1,1,37,35,2,0,37,0,35,0,2,17,37,0.136029411765,1.88235294118,4.35294117647,3.36363636364,2.84615384615,1.69341284359,0.389027274878,0.193958664547,2.09866904602,0.964253345467,0.518282988871,1.87867287326,0.863174022847,0.470588235294,0.786197569093,0.41766745858,2.25,1.88235294118,0.786197569093,2.25,0.166339869281,0.0612244897959,3,0.00441176470588,0.185952380952,17,17,17,1,0,0.352941176471,0.411764705882,0.235294117647,17,0.128676470588,1.90196078431,4.11764705882,3.18181818182,2.69230769231,1.57648156274,0.382859808093,0.201680672269,2.01465221053,0.978545359402,0.524369747899,1.74894926439,0.849489642704,0.463865546218,0.814492905316,0.428238537847,2.33333333333,1.90196078431,0.814492905316,2.33333333333,0,0,0,0,0.164242424242,17,17,17,1,0,0.352941176471,0.411764705882,0.235294117647,17,37,0.136029411765,1.88235294118,4.35294117647,3.36363636364,2.84615384615,1.69341284359,0.389027274878,0.193958664547,2.09866904602,0.964253345467,0.518282988871,1.87867287326,0.863174022847,0.470588235294,0.786197569093,0.41766745858,2.25,1.88235294118,0.786197569093,2.25,0.166339869281,0.0612244897959,3,0.00441176470588,0.185952380952,17,17,17,1,0,0.352941176471,0.411764705882,0.235294117647,0,0,0,0,0,0,0,0,0,0,0,0,0,0,0,0,0,0,0,0,0,0,0,0,0,0,0,0,0,37,0,0,235,1,1,0,0,1,1,1,1,1,1,2,2,0,0,0,0
673,WLNM_dir_neg,1,0.5,00:00:02,10,20,25,1980862998,threshold_sweep,0.7,1,1,1,2,0,0,4,1,1,0,0,1,1,1,1,0.555555555556,1,1,1,37,35,2,0,37,0,35,0,2,17,37,0.136029411765,1.88235294118,4.35294117647,3.36363636364,2.84615384615,1.69341284359,0.389027274878,0.193958664547,2.09866904602,0.964253345467,0.518282988871,1.87867287326,0.863174022847,0.470588235294,0.786197569093,0.41766745858,2.25,1.88235294118,0.786197569093,2.25,0.166339869281,0.0612244897959,3,0.00441176470588,0.185952380952,17,17,17,1,0,0.352941176471,0.411764705882,0.235294117647,17,0.128676470588,1.90196078431,4.11764705882,3.18181818182,2.69230769231,1.57648156274,0.382859808093,0.201680672269,2.01465221053,0.978545359402,0.524369747899,1.74894926439,0.849489642704,0.463865546218,0.814492905316,0.428238537847,2.33333333333,1.90196078431,0.814492905316,2.33333333333,0,0,0,0,0.164242424242,17,17,17,1,0,0.352941176471,0.411764705882,0.235294117647,17,37,0.136029411765,1.88235294118,4.35294117647,3.36363636364,2.84615384615,1.69341284359,0.389027274878,0.193958664547,2.09866904602,0.964253345467,0.518282988871,1.87867287326,0.863174022847,0.470588235294,0.786197569093,0.41766745858,2.25,1.88235294118,0.786197569093,2.25,0.166339869281,0.0612244897959,3,0.00441176470588,0.185952380952,17,17,17,1,0,0.352941176471,0.411764705882,0.235294117647,0,0,0,0,0,0,0,0,0,0,0,0,0,0,0,0,0,0,0,0,0,0,0,0,0,0,0,0,0,37,0,0,235,1,1,0,0,1,1,1,1,1,1,2,2,0,0,0,0
674,WLNM_dir_neg,1,0.5,00:00:02,10,20,25,1980862998,threshold_sweep,0.8,1,1,1,2,0,0,4,1,1,0,0,1,1,1,1,0.555555555556,1,1,1,37,35,2,0,37,0,35,0,2,17,37,0.136029411765,1.88235294118,4.35294117647,3.36363636364,2.84615384615,1.69341284359,0.389027274878,0.193958664547,2.09866904602,0.964253345467,0.518282988871,1.87867287326,0.863174022847,0.470588235294,0.786197569093,0.41766745858,2.25,1.88235294118,0.786197569093,2.25,0.166339869281,0.0612244897959,3,0.00441176470588,0.185952380952,17,17,17,1,0,0.352941176471,0.411764705882,0.235294117647,17,0.128676470588,1.90196078431,4.11764705882,3.18181818182,2.69230769231,1.57648156274,0.382859808093,0.201680672269,2.01465221053,0.978545359402,0.524369747899,1.74894926439,0.849489642704,0.463865546218,0.814492905316,0.428238537847,2.33333333333,1.90196078431,0.814492905316,2.33333333333,0,0,0,0,0.164242424242,17,17,17,1,0,0.352941176471,0.411764705882,0.235294117647,17,37,0.136029411765,1.88235294118,4.35294117647,3.36363636364,2.84615384615,1.69341284359,0.389027274878,0.193958664547,2.09866904602,0.964253345467,0.518282988871,1.87867287326,0.863174022847,0.470588235294,0.786197569093,0.41766745858,2.25,1.88235294118,0.786197569093,2.25,0.166339869281,0.0612244897959,3,0.00441176470588,0.185952380952,17,17,17,1,0,0.352941176471,0.411764705882,0.235294117647,0,0,0,0,0,0,0,0,0,0,0,0,0,0,0,0,0,0,0,0,0,0,0,0,0,0,0,0,0,37,0,0,235,1,1,0,0,1,1,1,1,1,1,2,2,0,0,0,0
675,WLNM_dir_neg,1,0.5,00:00:02,10,20,25,1980862998,threshold_sweep,0.9,1,1,1,2,0,0,4,1,1,0,0,1,1,1,1,0.555555555556,1,1,1,37,35,2,0,37,0,35,0,2,17,37,0.136029411765,1.88235294118,4.35294117647,3.36363636364,2.84615384615,1.69341284359,0.389027274878,0.193958664547,2.09866904602,0.964253345467,0.518282988871,1.87867287326,0.863174022847,0.470588235294,0.786197569093,0.41766745858,2.25,1.88235294118,0.786197569093,2.25,0.166339869281,0.0612244897959,3,0.00441176470588,0.185952380952,17,17,17,1,0,0.352941176471,0.411764705882,0.235294117647,17,0.128676470588,1.90196078431,4.11764705882,3.18181818182,2.69230769231,1.57648156274,0.382859808093,0.201680672269,2.01465221053,0.978545359402,0.524369747899,1.74894926439,0.849489642704,0.463865546218,0.814492905316,0.428238537847,2.33333333333,1.90196078431,0.814492905316,2.33333333333,0,0,0,0,0.164242424242,17,17,17,1,0,0.352941176471,0.411764705882,0.235294117647,17,37,0.136029411765,1.88235294118,4.35294117647,3.36363636364,2.84615384615,1.69341284359,0.389027274878,0.193958664547,2.09866904602,0.964253345467,0.518282988871,1.87867287326,0.863174022847,0.470588235294,0.786197569093,0.41766745858,2.25,1.88235294118,0.786197569093,2.25,0.166339869281,0.0612244897959,3,0.00441176470588,0.185952380952,17,17,17,1,0,0.352941176471,0.411764705882,0.235294117647,0,0,0,0,0,0,0,0,0,0,0,0,0,0,0,0,0,0,0,0,0,0,0,0,0,0,0,0,0,37,0,0,235,1,1,0,0,1,1,1,1,1,1,2,2,0,0,0,0
676,WLNM_dir_neg,1,0.5,00:00:02,10,20,26,1980862999,threshold_sweep,0.1,1,1,1,2,0,0,4,1,1,0,0,1,1,1,1,0.555555555556,1,1,1,37,35,2,0,37,0,35,0,2,17,37,0.136029411765,1.88235294118,4.35294117647,3.36363636364,2.84615384615,1.69341284359,0.389027274878,0.193958664547,2.09866904602,0.964253345467,0.518282988871,1.87867287326,0.863174022847,0.470588235294,0.786197569093,0.41766745858,2.25,1.88235294118,0.786197569093,2.25,0.166339869281,0.0612244897959,3,0.00441176470588,0.185952380952,17,17,17,1,0,0.352941176471,0.411764705882,0.235294117647,17,0.128676470588,1.90196078431,4.11764705882,3.18181818182,2.69230769231,1.57648156274,0.382859808093,0.201680672269,2.01465221053,0.978545359402,0.524369747899,1.74894926439,0.849489642704,0.463865546218,0.814492905316,0.428238537847,2.33333333333,1.90196078431,0.814492905316,2.33333333333,0,0,0,0,0.164242424242,17,17,17,1,0,0.352941176471,0.411764705882,0.235294117647,17,37,0.136029411765,1.88235294118,4.35294117647,3.36363636364,2.84615384615,1.69341284359,0.389027274878,0.193958664547,2.09866904602,0.964253345467,0.518282988871,1.87867287326,0.863174022847,0.470588235294,0.786197569093,0.41766745858,2.25,1.88235294118,0.786197569093,2.25,0.166339869281,0.0612244897959,3,0.00441176470588,0.185952380952,17,17,17,1,0,0.352941176471,0.411764705882,0.235294117647,0,0,0,0,0,0,0,0,0,0,0,0,0,0,0,0,0,0,0,0,0,0,0,0,0,0,0,0,0,37,0,0,235,1,1,0,0,1,1,1,1,1,1,2,2,0,0,0,0
677,WLNM_dir_neg,1,0.5,00:00:02,10,20,26,1980862999,threshold_sweep,0.2,1,1,1,2,0,0,4,1,1,0,0,1,1,1,1,0.555555555556,1,1,1,37,35,2,0,37,0,35,0,2,17,37,0.136029411765,1.88235294118,4.35294117647,3.36363636364,2.84615384615,1.69341284359,0.389027274878,0.193958664547,2.09866904602,0.964253345467,0.518282988871,1.87867287326,0.863174022847,0.470588235294,0.786197569093,0.41766745858,2.25,1.88235294118,0.786197569093,2.25,0.166339869281,0.0612244897959,3,0.00441176470588,0.185952380952,17,17,17,1,0,0.352941176471,0.411764705882,0.235294117647,17,0.128676470588,1.90196078431,4.11764705882,3.18181818182,2.69230769231,1.57648156274,0.382859808093,0.201680672269,2.01465221053,0.978545359402,0.524369747899,1.74894926439,0.849489642704,0.463865546218,0.814492905316,0.428238537847,2.33333333333,1.90196078431,0.814492905316,2.33333333333,0,0,0,0,0.164242424242,17,17,17,1,0,0.352941176471,0.411764705882,0.235294117647,17,37,0.136029411765,1.88235294118,4.35294117647,3.36363636364,2.84615384615,1.69341284359,0.389027274878,0.193958664547,2.09866904602,0.964253345467,0.518282988871,1.87867287326,0.863174022847,0.470588235294,0.786197569093,0.41766745858,2.25,1.88235294118,0.786197569093,2.25,0.166339869281,0.0612244897959,3,0.00441176470588,0.185952380952,17,17,17,1,0,0.352941176471,0.411764705882,0.235294117647,0,0,0,0,0,0,0,0,0,0,0,0,0,0,0,0,0,0,0,0,0,0,0,0,0,0,0,0,0,37,0,0,235,1,1,0,0,1,1,1,1,1,1,2,2,0,0,0,0
678,WLNM_dir_neg,1,0.5,00:00:02,10,20,26,1980862999,threshold_sweep,0.3,1,1,1,2,0,0,4,1,1,0,0,1,1,1,1,0.555555555556,1,1,1,37,35,2,0,37,0,35,0,2,17,37,0.136029411765,1.88235294118,4.35294117647,3.36363636364,2.84615384615,1.69341284359,0.389027274878,0.193958664547,2.09866904602,0.964253345467,0.518282988871,1.87867287326,0.863174022847,0.470588235294,0.786197569093,0.41766745858,2.25,1.88235294118,0.786197569093,2.25,0.166339869281,0.0612244897959,3,0.00441176470588,0.185952380952,17,17,17,1,0,0.352941176471,0.411764705882,0.235294117647,17,0.128676470588,1.90196078431,4.11764705882,3.18181818182,2.69230769231,1.57648156274,0.382859808093,0.201680672269,2.01465221053,0.978545359402,0.524369747899,1.74894926439,0.849489642704,0.463865546218,0.814492905316,0.428238537847,2.33333333333,1.90196078431,0.814492905316,2.33333333333,0,0,0,0,0.164242424242,17,17,17,1,0,0.352941176471,0.411764705882,0.235294117647,17,37,0.136029411765,1.88235294118,4.35294117647,3.36363636364,2.84615384615,1.69341284359,0.389027274878,0.193958664547,2.09866904602,0.964253345467,0.518282988871,1.87867287326,0.863174022847,0.470588235294,0.786197569093,0.41766745858,2.25,1.88235294118,0.786197569093,2.25,0.166339869281,0.0612244897959,3,0.00441176470588,0.185952380952,17,17,17,1,0,0.352941176471,0.411764705882,0.235294117647,0,0,0,0,0,0,0,0,0,0,0,0,0,0,0,0,0,0,0,0,0,0,0,0,0,0,0,0,0,37,0,0,235,1,1,0,0,1,1,1,1,1,1,2,2,0,0,0,0
679,WLNM_dir_neg,1,0.5,00:00:02,10,20,26,1980862999,threshold_sweep,0.4,1,1,1,2,0,0,4,1,1,0,0,1,1,1,1,0.555555555556,1,1,1,37,35,2,0,37,0,35,0,2,17,37,0.136029411765,1.88235294118,4.35294117647,3.36363636364,2.84615384615,1.69341284359,0.389027274878,0.193958664547,2.09866904602,0.964253345467,0.518282988871,1.87867287326,0.863174022847,0.470588235294,0.786197569093,0.41766745858,2.25,1.88235294118,0.786197569093,2.25,0.166339869281,0.0612244897959,3,0.00441176470588,0.185952380952,17,17,17,1,0,0.352941176471,0.411764705882,0.235294117647,17,0.128676470588,1.90196078431,4.11764705882,3.18181818182,2.69230769231,1.57648156274,0.382859808093,0.201680672269,2.01465221053,0.978545359402,0.524369747899,1.74894926439,0.849489642704,0.463865546218,0.814492905316,0.428238537847,2.33333333333,1.90196078431,0.814492905316,2.33333333333,0,0,0,0,0.164242424242,17,17,17,1,0,0.352941176471,0.411764705882,0.235294117647,17,37,0.136029411765,1.88235294118,4.35294117647,3.36363636364,2.84615384615,1.69341284359,0.389027274878,0.193958664547,2.09866904602,0.964253345467,0.518282988871,1.87867287326,0.863174022847,0.470588235294,0.786197569093,0.41766745858,2.25,1.88235294118,0.786197569093,2.25,0.166339869281,0.0612244897959,3,0.00441176470588,0.185952380952,17,17,17,1,0,0.352941176471,0.411764705882,0.235294117647,0,0,0,0,0,0,0,0,0,0,0,0,0,0,0,0,0,0,0,0,0,0,0,0,0,0,0,0,0,37,0,0,235,1,1,0,0,1,1,1,1,1,1,2,2,0,0,0,0
680,WLNM_dir_neg,1,0.5,00:00:02,10,20,26,1980862999,threshold_sweep,0.5,1,1,1,2,0,0,4,1,1,0,0,1,1,1,1,0.555555555556,1,1,1,37,35,2,0,37,0,35,0,2,17,37,0.136029411765,1.88235294118,4.35294117647,3.36363636364,2.84615384615,1.69341284359,0.389027274878,0.193958664547,2.09866904602,0.964253345467,0.518282988871,1.87867287326,0.863174022847,0.470588235294,0.786197569093,0.41766745858,2.25,1.88235294118,0.786197569093,2.25,0.166339869281,0.0612244897959,3,0.00441176470588,0.185952380952,17,17,17,1,0,0.352941176471,0.411764705882,0.235294117647,17,0.128676470588,1.90196078431,4.11764705882,3.18181818182,2.69230769231,1.57648156274,0.382859808093,0.201680672269,2.01465221053,0.978545359402,0.524369747899,1.74894926439,0.849489642704,0.463865546218,0.814492905316,0.428238537847,2.33333333333,1.90196078431,0.814492905316,2.33333333333,0,0,0,0,0.164242424242,17,17,17,1,0,0.352941176471,0.411764705882,0.235294117647,17,37,0.136029411765,1.88235294118,4.35294117647,3.36363636364,2.84615384615,1.69341284359,0.389027274878,0.193958664547,2.09866904602,0.964253345467,0.518282988871,1.87867287326,0.863174022847,0.470588235294,0.786197569093,0.41766745858,2.25,1.88235294118,0.786197569093,2.25,0.166339869281,0.0612244897959,3,0.00441176470588,0.185952380952,17,17,17,1,0,0.352941176471,0.411764705882,0.235294117647,0,0,0,0,0,0,0,0,0,0,0,0,0,0,0,0,0,0,0,0,0,0,0,0,0,0,0,0,0,37,0,0,235,1,1,0,0,1,1,1,1,1,1,2,2,0,0,0,0
681,WLNM_dir_neg,1,0.5,00:00:02,10,20,26,1980862999,threshold_sweep,0.6,1,1,1,2,0,0,4,1,1,0,0,1,1,1,1,0.555555555556,1,1,1,37,35,2,0,37,0,35,0,2,17,37,0.136029411765,1.88235294118,4.35294117647,3.36363636364,2.84615384615,1.69341284359,0.389027274878,0.193958664547,2.09866904602,0.964253345467,0.518282988871,1.87867287326,0.863174022847,0.470588235294,0.786197569093,0.41766745858,2.25,1.88235294118,0.786197569093,2.25,0.166339869281,0.0612244897959,3,0.00441176470588,0.185952380952,17,17,17,1,0,0.352941176471,0.411764705882,0.235294117647,17,0.128676470588,1.90196078431,4.11764705882,3.18181818182,2.69230769231,1.57648156274,0.382859808093,0.201680672269,2.01465221053,0.978545359402,0.524369747899,1.74894926439,0.849489642704,0.463865546218,0.814492905316,0.428238537847,2.33333333333,1.90196078431,0.814492905316,2.33333333333,0,0,0,0,0.164242424242,17,17,17,1,0,0.352941176471,0.411764705882,0.235294117647,17,37,0.136029411765,1.88235294118,4.35294117647,3.36363636364,2.84615384615,1.69341284359,0.389027274878,0.193958664547,2.09866904602,0.964253345467,0.518282988871,1.87867287326,0.863174022847,0.470588235294,0.786197569093,0.41766745858,2.25,1.88235294118,0.786197569093,2.25,0.166339869281,0.0612244897959,3,0.00441176470588,0.185952380952,17,17,17,1,0,0.352941176471,0.411764705882,0.235294117647,0,0,0,0,0,0,0,0,0,0,0,0,0,0,0,0,0,0,0,0,0,0,0,0,0,0,0,0,0,37,0,0,235,1,1,0,0,1,1,1,1,1,1,2,2,0,0,0,0
682,WLNM_dir_neg,1,0.5,00:00:02,10,20,26,1980862999,threshold_sweep,0.7,1,1,1,2,0,0,4,1,1,0,0,1,1,1,1,0.555555555556,1,1,1,37,35,2,0,37,0,35,0,2,17,37,0.136029411765,1.88235294118,4.35294117647,3.36363636364,2.84615384615,1.69341284359,0.389027274878,0.193958664547,2.09866904602,0.964253345467,0.518282988871,1.87867287326,0.863174022847,0.470588235294,0.786197569093,0.41766745858,2.25,1.88235294118,0.786197569093,2.25,0.166339869281,0.0612244897959,3,0.00441176470588,0.185952380952,17,17,17,1,0,0.352941176471,0.411764705882,0.235294117647,17,0.128676470588,1.90196078431,4.11764705882,3.18181818182,2.69230769231,1.57648156274,0.382859808093,0.201680672269,2.01465221053,0.978545359402,0.524369747899,1.74894926439,0.849489642704,0.463865546218,0.814492905316,0.428238537847,2.33333333333,1.90196078431,0.814492905316,2.33333333333,0,0,0,0,0.164242424242,17,17,17,1,0,0.352941176471,0.411764705882,0.235294117647,17,37,0.136029411765,1.88235294118,4.35294117647,3.36363636364,2.84615384615,1.69341284359,0.389027274878,0.193958664547,2.09866904602,0.964253345467,0.518282988871,1.87867287326,0.863174022847,0.470588235294,0.786197569093,0.41766745858,2.25,1.88235294118,0.786197569093,2.25,0.166339869281,0.0612244897959,3,0.00441176470588,0.185952380952,17,17,17,1,0,0.352941176471,0.411764705882,0.235294117647,0,0,0,0,0,0,0,0,0,0,0,0,0,0,0,0,0,0,0,0,0,0,0,0,0,0,0,0,0,37,0,0,235,1,1,0,0,1,1,1,1,1,1,2,2,0,0,0,0
683,WLNM_dir_neg,1,0.5,00:00:02,10,20,26,1980862999,threshold_sweep,0.8,1,1,1,2,0,0,4,1,1,0,0,1,1,1,1,0.555555555556,1,1,1,37,35,2,0,37,0,35,0,2,17,37,0.136029411765,1.88235294118,4.35294117647,3.36363636364,2.84615384615,1.69341284359,0.389027274878,0.193958664547,2.09866904602,0.964253345467,0.518282988871,1.87867287326,0.863174022847,0.470588235294,0.786197569093,0.41766745858,2.25,1.88235294118,0.786197569093,2.25,0.166339869281,0.0612244897959,3,0.00441176470588,0.185952380952,17,17,17,1,0,0.352941176471,0.411764705882,0.235294117647,17,0.128676470588,1.90196078431,4.11764705882,3.18181818182,2.69230769231,1.57648156274,0.382859808093,0.201680672269,2.01465221053,0.978545359402,0.524369747899,1.74894926439,0.849489642704,0.463865546218,0.814492905316,0.428238537847,2.33333333333,1.90196078431,0.814492905316,2.33333333333,0,0,0,0,0.164242424242,17,17,17,1,0,0.352941176471,0.411764705882,0.235294117647,17,37,0.136029411765,1.88235294118,4.35294117647,3.36363636364,2.84615384615,1.69341284359,0.389027274878,0.193958664547,2.09866904602,0.964253345467,0.518282988871,1.87867287326,0.863174022847,0.470588235294,0.786197569093,0.41766745858,2.25,1.88235294118,0.786197569093,2.25,0.166339869281,0.0612244897959,3,0.00441176470588,0.185952380952,17,17,17,1,0,0.352941176471,0.411764705882,0.235294117647,0,0,0,0,0,0,0,0,0,0,0,0,0,0,0,0,0,0,0,0,0,0,0,0,0,0,0,0,0,37,0,0,235,1,1,0,0,1,1,1,1,1,1,2,2,0,0,0,0
684,WLNM_dir_neg,1,0.5,00:00:02,10,20,26,1980862999,threshold_sweep,0.9,1,0.5,0.666666666667,1,0,1,4,0.5,1,0,0.5,1,0.5,0.666666666667,0.833333333333,0.611111111111,0.571428571429,0.632455532034,0.5,37,35,2,0,37,0,35,0,2,17,37,0.136029411765,1.88235294118,4.35294117647,3.36363636364,2.84615384615,1.69341284359,0.389027274878,0.193958664547,2.09866904602,0.964253345467,0.518282988871,1.87867287326,0.863174022847,0.470588235294,0.786197569093,0.41766745858,2.25,1.88235294118,0.786197569093,2.25,0.166339869281,0.0612244897959,3,0.00441176470588,0.185952380952,17,17,17,1,0,0.352941176471,0.411764705882,0.235294117647,17,0.128676470588,1.90196078431,4.11764705882,3.18181818182,2.69230769231,1.57648156274,0.382859808093,0.201680672269,2.01465221053,0.978545359402,0.524369747899,1.74894926439,0.849489642704,0.463865546218,0.814492905316,0.428238537847,2.33333333333,1.90196078431,0.814492905316,2.33333333333,0,0,0,0,0.164242424242,17,17,17,1,0,0.352941176471,0.411764705882,0.235294117647,17,36,0.132352941176,1.89705882353,4.23529411765,3.27272727273,2.76923076923,1.71498585143,0.40492721492,0.204248366013,2.05798302171,0.971825315808,0.522875816993,1.79869233546,0.849382491746,0.464052287582,0.805541469338,0.424626510969,2.25,1.89705882353,0.805541469338,2.25,0.0702614379085,0.0214285714286,1,0.00147058823529,0.175454545455,17,17,17,1,0,0.352941176471,0.411764705882,0.235294117647,-1,-0.00367647058824,0.0147058823529,-0.117647058824,-0.0909090909091,-0.0769230769231,0.0215730078386,0.0158999400418,0.0102897014662,-0.0406860243059,0.00757197034072,0.00459282812224,-0.0799805377942,-0.0137915311015,-0.00653594771242,0.0193439002456,0.00695905238854,0,0.0147058823529,0.0193439002456,0,-0.0960784313725,-0.0397959183673,-2,-0.00294117647059,-0.0104978354978,0,0,0,36,0,1,235,0.972972972973,1,0,0.027027027027,1,0.972972972973,0.986301369863,0.984301887704,0.972972972973,0.972972972973,1,2,0,0,0,0
685,WLNM_dir_neg,1,0.5,00:00:01,10,20,27,1980863000,threshold_sweep,0.1,1,1,1,2,0,0,4,1,1,0,0,1,1,1,1,0.555555555556,1,1,1,37,35,2,0,37,0,35,0,2,17,37,0.136029411765,1.88235294118,4.35294117647,3.36363636364,2.84615384615,1.69341284359,0.389027274878,0.193958664547,2.09866904602,0.964253345467,0.518282988871,1.87867287326,0.863174022847,0.470588235294,0.786197569093,0.41766745858,2.25,1.88235294118,0.786197569093,2.25,0.166339869281,0.0612244897959,3,0.00441176470588,0.185952380952,17,17,17,1,0,0.352941176471,0.411764705882,0.235294117647,17,0.128676470588,1.90196078431,4.11764705882,3.18181818182,2.69230769231,1.57648156274,0.382859808093,0.201680672269,2.01465221053,0.978545359402,0.524369747899,1.74894926439,0.849489642704,0.463865546218,0.814492905316,0.428238537847,2.33333333333,1.90196078431,0.814492905316,2.33333333333,0,0,0,0,0.164242424242,17,17,17,1,0,0.352941176471,0.411764705882,0.235294117647,17,37,0.136029411765,1.88235294118,4.35294117647,3.36363636364,2.84615384615,1.69341284359,0.389027274878,0.193958664547,2.09866904602,0.964253345467,0.518282988871,1.87867287326,0.863174022847,0.470588235294,0.786197569093,0.41766745858,2.25,1.88235294118,0.786197569093,2.25,0.166339869281,0.0612244897959,3,0.00441176470588,0.185952380952,17,17,17,1,0,0.352941176471,0.411764705882,0.235294117647,0,0,0,0,0,0,0,0,0,0,0,0,0,0,0,0,0,0,0,0,0,0,0,0,0,0,0,0,0,37,0,0,235,1,1,0,0,1,1,1,1,1,1,2,2,0,0,0,0
686,WLNM_dir_neg,1,0.5,00:00:01,10,20,27,1980863000,threshold_sweep,0.2,1,1,1,2,0,0,4,1,1,0,0,1,1,1,1,0.555555555556,1,1,1,37,35,2,0,37,0,35,0,2,17,37,0.136029411765,1.88235294118,4.35294117647,3.36363636364,2.84615384615,1.69341284359,0.389027274878,0.193958664547,2.09866904602,0.964253345467,0.518282988871,1.87867287326,0.863174022847,0.470588235294,0.786197569093,0.41766745858,2.25,1.88235294118,0.786197569093,2.25,0.166339869281,0.0612244897959,3,0.00441176470588,0.185952380952,17,17,17,1,0,0.352941176471,0.411764705882,0.235294117647,17,0.128676470588,1.90196078431,4.11764705882,3.18181818182,2.69230769231,1.57648156274,0.382859808093,0.201680672269,2.01465221053,0.978545359402,0.524369747899,1.74894926439,0.849489642704,0.463865546218,0.814492905316,0.428238537847,2.33333333333,1.90196078431,0.814492905316,2.33333333333,0,0,0,0,0.164242424242,17,17,17,1,0,0.352941176471,0.411764705882,0.235294117647,17,37,0.136029411765,1.88235294118,4.35294117647,3.36363636364,2.84615384615,1.69341284359,0.389027274878,0.193958664547,2.09866904602,0.964253345467,0.518282988871,1.87867287326,0.863174022847,0.470588235294,0.786197569093,0.41766745858,2.25,1.88235294118,0.786197569093,2.25,0.166339869281,0.0612244897959,3,0.00441176470588,0.185952380952,17,17,17,1,0,0.352941176471,0.411764705882,0.235294117647,0,0,0,0,0,0,0,0,0,0,0,0,0,0,0,0,0,0,0,0,0,0,0,0,0,0,0,0,0,37,0,0,235,1,1,0,0,1,1,1,1,1,1,2,2,0,0,0,0
687,WLNM_dir_neg,1,0.5,00:00:01,10,20,27,1980863000,threshold_sweep,0.3,1,1,1,2,0,0,4,1,1,0,0,1,1,1,1,0.555555555556,1,1,1,37,35,2,0,37,0,35,0,2,17,37,0.136029411765,1.88235294118,4.35294117647,3.36363636364,2.84615384615,1.69341284359,0.389027274878,0.193958664547,2.09866904602,0.964253345467,0.518282988871,1.87867287326,0.863174022847,0.470588235294,0.786197569093,0.41766745858,2.25,1.88235294118,0.786197569093,2.25,0.166339869281,0.0612244897959,3,0.00441176470588,0.185952380952,17,17,17,1,0,0.352941176471,0.411764705882,0.235294117647,17,0.128676470588,1.90196078431,4.11764705882,3.18181818182,2.69230769231,1.57648156274,0.382859808093,0.201680672269,2.01465221053,0.978545359402,0.524369747899,1.74894926439,0.849489642704,0.463865546218,0.814492905316,0.428238537847,2.33333333333,1.90196078431,0.814492905316,2.33333333333,0,0,0,0,0.164242424242,17,17,17,1,0,0.352941176471,0.411764705882,0.235294117647,17,37,0.136029411765,1.88235294118,4.35294117647,3.36363636364,2.84615384615,1.69341284359,0.389027274878,0.193958664547,2.09866904602,0.964253345467,0.518282988871,1.87867287326,0.863174022847,0.470588235294,0.786197569093,0.41766745858,2.25,1.88235294118,0.786197569093,2.25,0.166339869281,0.0612244897959,3,0.00441176470588,0.185952380952,17,17,17,1,0,0.352941176471,0.411764705882,0.235294117647,0,0,0,0,0,0,0,0,0,0,0,0,0,0,0,0,0,0,0,0,0,0,0,0,0,0,0,0,0,37,0,0,235,1,1,0,0,1,1,1,1,1,1,2,2,0,0,0,0
688,WLNM_dir_neg,1,0.5,00:00:01,10,20,27,1980863000,threshold_sweep,0.4,1,1,1,2,0,0,4,1,1,0,0,1,1,1,1,0.555555555556,1,1,1,37,35,2,0,37,0,35,0,2,17,37,0.136029411765,1.88235294118,4.35294117647,3.36363636364,2.84615384615,1.69341284359,0.389027274878,0.193958664547,2.09866904602,0.964253345467,0.518282988871,1.87867287326,0.863174022847,0.470588235294,0.786197569093,0.41766745858,2.25,1.88235294118,0.786197569093,2.25,0.166339869281,0.0612244897959,3,0.00441176470588,0.185952380952,17,17,17,1,0,0.352941176471,0.411764705882,0.235294117647,17,0.128676470588,1.90196078431,4.11764705882,3.18181818182,2.69230769231,1.57648156274,0.382859808093,0.201680672269,2.01465221053,0.978545359402,0.524369747899,1.74894926439,0.849489642704,0.463865546218,0.814492905316,0.428238537847,2.33333333333,1.90196078431,0.814492905316,2.33333333333,0,0,0,0,0.164242424242,17,17,17,1,0,0.352941176471,0.411764705882,0.235294117647,17,37,0.136029411765,1.88235294118,4.35294117647,3.36363636364,2.84615384615,1.69341284359,0.389027274878,0.193958664547,2.09866904602,0.964253345467,0.518282988871,1.87867287326,0.863174022847,0.470588235294,0.786197569093,0.41766745858,2.25,1.88235294118,0.786197569093,2.25,0.166339869281,0.0612244897959,3,0.00441176470588,0.185952380952,17,17,17,1,0,0.352941176471,0.411764705882,0.235294117647,0,0,0,0,0,0,0,0,0,0,0,0,0,0,0,0,0,0,0,0,0,0,0,0,0,0,0,0,0,37,0,0,235,1,1,0,0,1,1,1,1,1,1,2,2,0,0,0,0
689,WLNM_dir_neg,1,0.5,00:00:01,10,20,27,1980863000,threshold_sweep,0.5,1,1,1,2,0,0,4,1,1,0,0,1,1,1,1,0.555555555556,1,1,1,37,35,2,0,37,0,35,0,2,17,37,0.136029411765,1.88235294118,4.35294117647,3.36363636364,2.84615384615,1.69341284359,0.389027274878,0.193958664547,2.09866904602,0.964253345467,0.518282988871,1.87867287326,0.863174022847,0.470588235294,0.786197569093,0.41766745858,2.25,1.88235294118,0.786197569093,2.25,0.166339869281,0.0612244897959,3,0.00441176470588,0.185952380952,17,17,17,1,0,0.352941176471,0.411764705882,0.235294117647,17,0.128676470588,1.90196078431,4.11764705882,3.18181818182,2.69230769231,1.57648156274,0.382859808093,0.201680672269,2.01465221053,0.978545359402,0.524369747899,1.74894926439,0.849489642704,0.463865546218,0.814492905316,0.428238537847,2.33333333333,1.90196078431,0.814492905316,2.33333333333,0,0,0,0,0.164242424242,17,17,17,1,0,0.352941176471,0.411764705882,0.235294117647,17,37,0.136029411765,1.88235294118,4.35294117647,3.36363636364,2.84615384615,1.69341284359,0.389027274878,0.193958664547,2.09866904602,0.964253345467,0.518282988871,1.87867287326,0.863174022847,0.470588235294,0.786197569093,0.41766745858,2.25,1.88235294118,0.786197569093,2.25,0.166339869281,0.0612244897959,3,0.00441176470588,0.185952380952,17,17,17,1,0,0.352941176471,0.411764705882,0.235294117647,0,0,0,0,0,0,0,0,0,0,0,0,0,0,0,0,0,0,0,0,0,0,0,0,0,0,0,0,0,37,0,0,235,1,1,0,0,1,1,1,1,1,1,2,2,0,0,0,0
690,WLNM_dir_neg,1,0.5,00:00:01,10,20,27,1980863000,threshold_sweep,0.6,1,1,1,2,0,0,4,1,1,0,0,1,1,1,1,0.555555555556,1,1,1,37,35,2,0,37,0,35,0,2,17,37,0.136029411765,1.88235294118,4.35294117647,3.36363636364,2.84615384615,1.69341284359,0.389027274878,0.193958664547,2.09866904602,0.964253345467,0.518282988871,1.87867287326,0.863174022847,0.470588235294,0.786197569093,0.41766745858,2.25,1.88235294118,0.786197569093,2.25,0.166339869281,0.0612244897959,3,0.00441176470588,0.185952380952,17,17,17,1,0,0.352941176471,0.411764705882,0.235294117647,17,0.128676470588,1.90196078431,4.11764705882,3.18181818182,2.69230769231,1.57648156274,0.382859808093,0.201680672269,2.01465221053,0.978545359402,0.524369747899,1.74894926439,0.849489642704,0.463865546218,0.814492905316,0.428238537847,2.33333333333,1.90196078431,0.814492905316,2.33333333333,0,0,0,0,0.164242424242,17,17,17,1,0,0.352941176471,0.411764705882,0.235294117647,17,37,0.136029411765,1.88235294118,4.35294117647,3.36363636364,2.84615384615,1.69341284359,0.389027274878,0.193958664547,2.09866904602,0.964253345467,0.518282988871,1.87867287326,0.863174022847,0.470588235294,0.786197569093,0.41766745858,2.25,1.88235294118,0.786197569093,2.25,0.166339869281,0.0612244897959,3,0.00441176470588,0.185952380952,17,17,17,1,0,0.352941176471,0.411764705882,0.235294117647,0,0,0,0,0,0,0,0,0,0,0,0,0,0,0,0,0,0,0,0,0,0,0,0,0,0,0,0,0,37,0,0,235,1,1,0,0,1,1,1,1,1,1,2,2,0,0,0,0
691,WLNM_dir_neg,1,0.5,00:00:01,10,20,27,1980863000,threshold_sweep,0.7,1,1,1,2,0,0,4,1,1,0,0,1,1,1,1,0.555555555556,1,1,1,37,35,2,0,37,0,35,0,2,17,37,0.136029411765,1.88235294118,4.35294117647,3.36363636364,2.84615384615,1.69341284359,0.389027274878,0.193958664547,2.09866904602,0.964253345467,0.518282988871,1.87867287326,0.863174022847,0.470588235294,0.786197569093,0.41766745858,2.25,1.88235294118,0.786197569093,2.25,0.166339869281,0.0612244897959,3,0.00441176470588,0.185952380952,17,17,17,1,0,0.352941176471,0.411764705882,0.235294117647,17,0.128676470588,1.90196078431,4.11764705882,3.18181818182,2.69230769231,1.57648156274,0.382859808093,0.201680672269,2.01465221053,0.978545359402,0.524369747899,1.74894926439,0.849489642704,0.463865546218,0.814492905316,0.428238537847,2.33333333333,1.90196078431,0.814492905316,2.33333333333,0,0,0,0,0.164242424242,17,17,17,1,0,0.352941176471,0.411764705882,0.235294117647,17,37,0.136029411765,1.88235294118,4.35294117647,3.36363636364,2.84615384615,1.69341284359,0.389027274878,0.193958664547,2.09866904602,0.964253345467,0.518282988871,1.87867287326,0.863174022847,0.470588235294,0.786197569093,0.41766745858,2.25,1.88235294118,0.786197569093,2.25,0.166339869281,0.0612244897959,3,0.00441176470588,0.185952380952,17,17,17,1,0,0.352941176471,0.411764705882,0.235294117647,0,0,0,0,0,0,0,0,0,0,0,0,0,0,0,0,0,0,0,0,0,0,0,0,0,0,0,0,0,37,0,0,235,1,1,0,0,1,1,1,1,1,1,2,2,0,0,0,0
692,WLNM_dir_neg,1,0.5,00:00:01,10,20,27,1980863000,threshold_sweep,0.8,1,1,1,2,0,0,4,1,1,0,0,1,1,1,1,0.555555555556,1,1,1,37,35,2,0,37,0,35,0,2,17,37,0.136029411765,1.88235294118,4.35294117647,3.36363636364,2.84615384615,1.69341284359,0.389027274878,0.193958664547,2.09866904602,0.964253345467,0.518282988871,1.87867287326,0.863174022847,0.470588235294,0.786197569093,0.41766745858,2.25,1.88235294118,0.786197569093,2.25,0.166339869281,0.0612244897959,3,0.00441176470588,0.185952380952,17,17,17,1,0,0.352941176471,0.411764705882,0.235294117647,17,0.128676470588,1.90196078431,4.11764705882,3.18181818182,2.69230769231,1.57648156274,0.382859808093,0.201680672269,2.01465221053,0.978545359402,0.524369747899,1.74894926439,0.849489642704,0.463865546218,0.814492905316,0.428238537847,2.33333333333,1.90196078431,0.814492905316,2.33333333333,0,0,0,0,0.164242424242,17,17,17,1,0,0.352941176471,0.411764705882,0.235294117647,17,37,0.136029411765,1.88235294118,4.35294117647,3.36363636364,2.84615384615,1.69341284359,0.389027274878,0.193958664547,2.09866904602,0.964253345467,0.518282988871,1.87867287326,0.863174022847,0.470588235294,0.786197569093,0.41766745858,2.25,1.88235294118,0.786197569093,2.25,0.166339869281,0.0612244897959,3,0.00441176470588,0.185952380952,17,17,17,1,0,0.352941176471,0.411764705882,0.235294117647,0,0,0,0,0,0,0,0,0,0,0,0,0,0,0,0,0,0,0,0,0,0,0,0,0,0,0,0,0,37,0,0,235,1,1,0,0,1,1,1,1,1,1,2,2,0,0,0,0
693,WLNM_dir_neg,1,0.5,00:00:01,10,20,27,1980863000,threshold_sweep,0.9,1,1,1,2,0,0,4,1,1,0,0,1,1,1,1,0.555555555556,1,1,1,37,35,2,0,37,0,35,0,2,17,37,0.136029411765,1.88235294118,4.35294117647,3.36363636364,2.84615384615,1.69341284359,0.389027274878,0.193958664547,2.09866904602,0.964253345467,0.518282988871,1.87867287326,0.863174022847,0.470588235294,0.786197569093,0.41766745858,2.25,1.88235294118,0.786197569093,2.25,0.166339869281,0.0612244897959,3,0.00441176470588,0.185952380952,17,17,17,1,0,0.352941176471,0.411764705882,0.235294117647,17,0.128676470588,1.90196078431,4.11764705882,3.18181818182,2.69230769231,1.57648156274,0.382859808093,0.201680672269,2.01465221053,0.978545359402,0.524369747899,1.74894926439,0.849489642704,0.463865546218,0.814492905316,0.428238537847,2.33333333333,1.90196078431,0.814492905316,2.33333333333,0,0,0,0,0.164242424242,17,17,17,1,0,0.352941176471,0.411764705882,0.235294117647,17,37,0.136029411765,1.88235294118,4.35294117647,3.36363636364,2.84615384615,1.69341284359,0.389027274878,0.193958664547,2.09866904602,0.964253345467,0.518282988871,1.87867287326,0.863174022847,0.470588235294,0.786197569093,0.41766745858,2.25,1.88235294118,0.786197569093,2.25,0.166339869281,0.0612244897959,3,0.00441176470588,0.185952380952,17,17,17,1,0,0.352941176471,0.411764705882,0.235294117647,0,0,0,0,0,0,0,0,0,0,0,0,0,0,0,0,0,0,0,0,0,0,0,0,0,0,0,0,0,37,0,0,235,1,1,0,0,1,1,1,1,1,1,2,2,0,0,0,0
694,WLNM_dir_neg,0.875,0.291666666667,00:00:02,10,20,28,1980863001,threshold_sweep,0.1,0.666666666667,1,0.8,2,1,0,3,1,0.75,0.25,0,0.666666666667,1,0.8,0.833333333333,0.5,0.666666666667,0.707106781187,0.75,37,35,2,0,37,0,35,0,2,17,37,0.136029411765,1.88235294118,4.35294117647,3.36363636364,2.84615384615,1.69341284359,0.389027274878,0.193958664547,2.09866904602,0.964253345467,0.518282988871,1.87867287326,0.863174022847,0.470588235294,0.786197569093,0.41766745858,2.25,1.88235294118,0.786197569093,2.25,0.166339869281,0.0612244897959,3,0.00441176470588,0.185952380952,17,17,17,1,0,0.352941176471,0.411764705882,0.235294117647,17,0.128676470588,1.90196078431,4.11764705882,3.18181818182,2.69230769231,1.57648156274,0.382859808093,0.201680672269,2.01465221053,0.978545359402,0.524369747899,1.74894926439,0.849489642704,0.463865546218,0.814492905316,0.428238537847,2.33333333333,1.90196078431,0.814492905316,2.33333333333,0,0,0,0,0.164242424242,17,17,17,1,0,0.352941176471,0.411764705882,0.235294117647,17,38,0.139705882353,1.89460784314,4.47058823529,3.45454545455,2.71428571429,1.73629084037,0.388380845872,0.198142414861,2.19457888229,0.981785289445,0.529411764706,1.82103719638,0.814674535221,0.442724458204,0.806080091789,0.425460126067,2.25,1.89460784314,0.806080091789,2.25,0.209150326797,0.115384615385,6,0.00882352941176,0.183398268398,17,17,17,1,0,0.352941176471,0.470588235294,0.176470588235,1,0.00367647058824,0.0122549019608,0.117647058824,0.0909090909091,-0.131868131868,0.0428779967836,-0.000646429005719,0.00418375031378,0.0959098362728,0.0175319439782,0.0111287758347,-0.0576356768785,-0.0484994876259,-0.0278637770898,0.0198825226968,0.0077926674869,0,0.0122549019608,0.0198825226968,0,0.0428104575163,0.0541601255887,3,0.00441176470588,-0.00255411255411,0,0.0588235294118,-0.0588235294118,37,1,0,234,1,0.995744680851,0.00425531914894,0,0.973684210526,1,0.986666666667,0.984652666406,0.995744680851,0.973684210526,3,2,0,0,0,0
695,WLNM_dir_neg,0.875,0.291666666667,00:00:02,10,20,28,1980863001,threshold_sweep,0.2,0.666666666667,1,0.8,2,1,0,3,1,0.75,0.25,0,0.666666666667,1,0.8,0.833333333333,0.5,0.666666666667,0.707106781187,0.75,37,35,2,0,37,0,35,0,2,17,37,0.136029411765,1.88235294118,4.35294117647,3.36363636364,2.84615384615,1.69341284359,0.389027274878,0.193958664547,2.09866904602,0.964253345467,0.518282988871,1.87867287326,0.863174022847,0.470588235294,0.786197569093,0.41766745858,2.25,1.88235294118,0.786197569093,2.25,0.166339869281,0.0612244897959,3,0.00441176470588,0.185952380952,17,17,17,1,0,0.352941176471,0.411764705882,0.235294117647,17,0.128676470588,1.90196078431,4.11764705882,3.18181818182,2.69230769231,1.57648156274,0.382859808093,0.201680672269,2.01465221053,0.978545359402,0.524369747899,1.74894926439,0.849489642704,0.463865546218,0.814492905316,0.428238537847,2.33333333333,1.90196078431,0.814492905316,2.33333333333,0,0,0,0,0.164242424242,17,17,17,1,0,0.352941176471,0.411764705882,0.235294117647,17,38,0.139705882353,1.89460784314,4.47058823529,3.45454545455,2.71428571429,1.73629084037,0.388380845872,0.198142414861,2.19457888229,0.981785289445,0.529411764706,1.82103719638,0.814674535221,0.442724458204,0.806080091789,0.425460126067,2.25,1.89460784314,0.806080091789,2.25,0.209150326797,0.115384615385,6,0.00882352941176,0.183398268398,17,17,17,1,0,0.352941176471,0.470588235294,0.176470588235,1,0.00367647058824,0.0122549019608,0.117647058824,0.0909090909091,-0.131868131868,0.0428779967836,-0.000646429005719,0.00418375031378,0.0959098362728,0.0175319439782,0.0111287758347,-0.0576356768785,-0.0484994876259,-0.0278637770898,0.0198825226968,0.0077926674869,0,0.0122549019608,0.0198825226968,0,0.0428104575163,0.0541601255887,3,0.00441176470588,-0.00255411255411,0,0.0588235294118,-0.0588235294118,37,1,0,234,1,0.995744680851,0.00425531914894,0,0.973684210526,1,0.986666666667,0.984652666406,0.995744680851,0.973684210526,3,2,0,0,0,0
696,WLNM_dir_neg,0.875,0.291666666667,00:00:02,10,20,28,1980863001,threshold_sweep,0.3,0.666666666667,1,0.8,2,1,0,3,1,0.75,0.25,0,0.666666666667,1,0.8,0.833333333333,0.5,0.666666666667,0.707106781187,0.75,37,35,2,0,37,0,35,0,2,17,37,0.136029411765,1.88235294118,4.35294117647,3.36363636364,2.84615384615,1.69341284359,0.389027274878,0.193958664547,2.09866904602,0.964253345467,0.518282988871,1.87867287326,0.863174022847,0.470588235294,0.786197569093,0.41766745858,2.25,1.88235294118,0.786197569093,2.25,0.166339869281,0.0612244897959,3,0.00441176470588,0.185952380952,17,17,17,1,0,0.352941176471,0.411764705882,0.235294117647,17,0.128676470588,1.90196078431,4.11764705882,3.18181818182,2.69230769231,1.57648156274,0.382859808093,0.201680672269,2.01465221053,0.978545359402,0.524369747899,1.74894926439,0.849489642704,0.463865546218,0.814492905316,0.428238537847,2.33333333333,1.90196078431,0.814492905316,2.33333333333,0,0,0,0,0.164242424242,17,17,17,1,0,0.352941176471,0.411764705882,0.235294117647,17,38,0.139705882353,1.89460784314,4.47058823529,3.45454545455,2.71428571429,1.73629084037,0.388380845872,0.198142414861,2.19457888229,0.981785289445,0.529411764706,1.82103719638,0.814674535221,0.442724458204,0.806080091789,0.425460126067,2.25,1.89460784314,0.806080091789,2.25,0.209150326797,0.115384615385,6,0.00882352941176,0.183398268398,17,17,17,1,0,0.352941176471,0.470588235294,0.176470588235,1,0.00367647058824,0.0122549019608,0.117647058824,0.0909090909091,-0.131868131868,0.0428779967836,-0.000646429005719,0.00418375031378,0.0959098362728,0.0175319439782,0.0111287758347,-0.0576356768785,-0.0484994876259,-0.0278637770898,0.0198825226968,0.0077926674869,0,0.0122549019608,0.0198825226968,0,0.0428104575163,0.0541601255887,3,0.00441176470588,-0.00255411255411,0,0.0588235294118,-0.0588235294118,37,1,0,234,1,0.995744680851,0.00425531914894,0,0.973684210526,1,0.986666666667,0.984652666406,0.995744680851,0.973684210526,3,2,0,0,0,0
697,WLNM_dir_neg,0.875,0.291666666667,00:00:02,10,20,28,1980863001,threshold_sweep,0.4,0.666666666667,1,0.8,2,1,0,3,1,0.75,0.25,0,0.666666666667,1,0.8,0.833333333333,0.5,0.666666666667,0.707106781187,0.75,37,35,2,0,37,0,35,0,2,17,37,0.136029411765,1.88235294118,4.35294117647,3.36363636364,2.84615384615,1.69341284359,0.389027274878,0.193958664547,2.09866904602,0.964253345467,0.518282988871,1.87867287326,0.863174022847,0.470588235294,0.786197569093,0.41766745858,2.25,1.88235294118,0.786197569093,2.25,0.166339869281,0.0612244897959,3,0.00441176470588,0.185952380952,17,17,17,1,0,0.352941176471,0.411764705882,0.235294117647,17,0.128676470588,1.90196078431,4.11764705882,3.18181818182,2.69230769231,1.57648156274,0.382859808093,0.201680672269,2.01465221053,0.978545359402,0.524369747899,1.74894926439,0.849489642704,0.463865546218,0.814492905316,0.428238537847,2.33333333333,1.90196078431,0.814492905316,2.33333333333,0,0,0,0,0.164242424242,17,17,17,1,0,0.352941176471,0.411764705882,0.235294117647,17,38,0.139705882353,1.89460784314,4.47058823529,3.45454545455,2.71428571429,1.73629084037,0.388380845872,0.198142414861,2.19457888229,0.981785289445,0.529411764706,1.82103719638,0.814674535221,0.442724458204,0.806080091789,0.425460126067,2.25,1.89460784314,0.806080091789,2.25,0.209150326797,0.115384615385,6,0.00882352941176,0.183398268398,17,17,17,1,0,0.352941176471,0.470588235294,0.176470588235,1,0.00367647058824,0.0122549019608,0.117647058824,0.0909090909091,-0.131868131868,0.0428779967836,-0.000646429005719,0.00418375031378,0.0959098362728,0.0175319439782,0.0111287758347,-0.0576356768785,-0.0484994876259,-0.0278637770898,0.0198825226968,0.0077926674869,0,0.0122549019608,0.0198825226968,0,0.0428104575163,0.0541601255887,3,0.00441176470588,-0.00255411255411,0,0.0588235294118,-0.0588235294118,37,1,0,234,1,0.995744680851,0.00425531914894,0,0.973684210526,1,0.986666666667,0.984652666406,0.995744680851,0.973684210526,3,2,0,0,0,0
698,WLNM_dir_neg,0.875,0.291666666667,00:00:02,10,20,28,1980863001,threshold_sweep,0.5,0.5,0.5,0.5,1,1,1,3,0.5,0.75,0.25,0.5,0.5,0.5,0.5,0.666666666667,0.555555555556,0.25,0.25,0.25,37,35,2,0,37,0,35,0,2,17,37,0.136029411765,1.88235294118,4.35294117647,3.36363636364,2.84615384615,1.69341284359,0.389027274878,0.193958664547,2.09866904602,0.964253345467,0.518282988871,1.87867287326,0.863174022847,0.470588235294,0.786197569093,0.41766745858,2.25,1.88235294118,0.786197569093,2.25,0.166339869281,0.0612244897959,3,0.00441176470588,0.185952380952,17,17,17,1,0,0.352941176471,0.411764705882,0.235294117647,17,0.128676470588,1.90196078431,4.11764705882,3.18181818182,2.69230769231,1.57648156274,0.382859808093,0.201680672269,2.01465221053,0.978545359402,0.524369747899,1.74894926439,0.849489642704,0.463865546218,0.814492905316,0.428238537847,2.33333333333,1.90196078431,0.814492905316,2.33333333333,0,0,0,0,0.164242424242,17,17,17,1,0,0.352941176471,0.411764705882,0.235294117647,17,37,0.136029411765,1.90931372549,4.35294117647,3.36363636364,2.64285714286,1.76568600233,0.405630568103,0.209856915739,2.15740857621,0.991241778259,0.534181240064,1.74052054418,0.799698628406,0.435612082671,0.824725766464,0.431948796813,2.25,1.90931372549,0.824725766464,2.25,0.113071895425,0.0805369127517,4,0.00588235294118,0.172683982684,17,17,17,1,0,0.352941176471,0.470588235294,0.176470588235,0,0,0.0269607843137,0,0,-0.203296703297,0.0722731587434,0.0166032932248,0.0158982511924,0.0587395301943,0.026988432792,0.0158982511924,-0.138152329077,-0.063475394441,-0.0349761526232,0.0385281973712,0.0142813382324,0,0.0269607843137,0.0385281973712,0,-0.0532679738562,0.0193124229558,1,0.00147058823529,-0.0132683982684,0,0.0588235294118,-0.0588235294118,36,1,1,234,0.972972972973,0.995744680851,0.00425531914894,0.027027027027,0.972972972973,0.972972972973,0.972972972973,0.968717653824,0.968717653824,0.947368421053,2,2,0,0,0,0
699,WLNM_dir_neg,0.875,0.291666666667,00:00:02,10,20,28,1980863001,threshold_sweep,0.6,0.5,0.5,0.5,1,1,1,3,0.5,0.75,0.25,0.5,0.5,0.5,0.5,0.666666666667,0.555555555556,0.25,0.25,0.25,37,35,2,0,37,0,35,0,2,17,37,0.136029411765,1.88235294118,4.35294117647,3.36363636364,2.84615384615,1.69341284359,0.389027274878,0.193958664547,2.09866904602,0.964253345467,0.518282988871,1.87867287326,0.863174022847,0.470588235294,0.786197569093,0.41766745858,2.25,1.88235294118,0.786197569093,2.25,0.166339869281,0.0612244897959,3,0.00441176470588,0.185952380952,17,17,17,1,0,0.352941176471,0.411764705882,0.235294117647,17,0.128676470588,1.90196078431,4.11764705882,3.18181818182,2.69230769231,1.57648156274,0.382859808093,0.201680672269,2.01465221053,0.978545359402,0.524369747899,1.74894926439,0.849489642704,0.463865546218,0.814492905316,0.428238537847,2.33333333333,1.90196078431,0.814492905316,2.33333333333,0,0,0,0,0.164242424242,17,17,17,1,0,0.352941176471,0.411764705882,0.235294117647,17,37,0.136029411765,1.90931372549,4.35294117647,3.36363636364,2.64285714286,1.76568600233,0.405630568103,0.209856915739,2.15740857621,0.991241778259,0.534181240064,1.74052054418,0.799698628406,0.435612082671,0.824725766464,0.431948796813,2.25,1.90931372549,0.824725766464,2.25,0.113071895425,0.0805369127517,4,0.00588235294118,0.172683982684,17,17,17,1,0,0.352941176471,0.470588235294,0.176470588235,0,0,0.0269607843137,0,0,-0.203296703297,0.0722731587434,0.0166032932248,0.0158982511924,0.0587395301943,0.026988432792,0.0158982511924,-0.138152329077,-0.063475394441,-0.0349761526232,0.0385281973712,0.0142813382324,0,0.0269607843137,0.0385281973712,0,-0.0532679738562,0.0193124229558,1,0.00147058823529,-0.0132683982684,0,0.0588235294118,-0.0588235294118,36,1,1,234,0.972972972973,0.995744680851,0.00425531914894,0.027027027027,0.972972972973,0.972972972973,0.972972972973,0.968717653824,0.968717653824,0.947368421053,2,2,0,0,0,0
700,WLNM_dir_neg,0.875,0.291666666667,00:00:02,10,20,28,1980863001,threshold_sweep,0.7,0.5,0.5,0.5,1,1,1,3,0.5,0.75,0.25,0.5,0.5,0.5,0.5,0.666666666667,0.555555555556,0.25,0.25,0.25,37,35,2,0,37,0,35,0,2,17,37,0.136029411765,1.88235294118,4.35294117647,3.36363636364,2.84615384615,1.69341284359,0.389027274878,0.193958664547,2.09866904602,0.964253345467,0.518282988871,1.87867287326,0.863174022847,0.470588235294,0.786197569093,0.41766745858,2.25,1.88235294118,0.786197569093,2.25,0.166339869281,0.0612244897959,3,0.00441176470588,0.185952380952,17,17,17,1,0,0.352941176471,0.411764705882,0.235294117647,17,0.128676470588,1.90196078431,4.11764705882,3.18181818182,2.69230769231,1.57648156274,0.382859808093,0.201680672269,2.01465221053,0.978545359402,0.524369747899,1.74894926439,0.849489642704,0.463865546218,0.814492905316,0.428238537847,2.33333333333,1.90196078431,0.814492905316,2.33333333333,0,0,0,0,0.164242424242,17,17,17,1,0,0.352941176471,0.411764705882,0.235294117647,17,37,0.136029411765,1.90931372549,4.35294117647,3.36363636364,2.64285714286,1.76568600233,0.405630568103,0.209856915739,2.15740857621,0.991241778259,0.534181240064,1.74052054418,0.799698628406,0.435612082671,0.824725766464,0.431948796813,2.25,1.90931372549,0.824725766464,2.25,0.113071895425,0.0805369127517,4,0.00588235294118,0.172683982684,17,17,17,1,0,0.352941176471,0.470588235294,0.176470588235,0,0,0.0269607843137,0,0,-0.203296703297,0.0722731587434,0.0166032932248,0.0158982511924,0.0587395301943,0.026988432792,0.0158982511924,-0.138152329077,-0.063475394441,-0.0349761526232,0.0385281973712,0.0142813382324,0,0.0269607843137,0.0385281973712,0,-0.0532679738562,0.0193124229558,1,0.00147058823529,-0.0132683982684,0,0.0588235294118,-0.0588235294118,36,1,1,234,0.972972972973,0.995744680851,0.00425531914894,0.027027027027,0.972972972973,0.972972972973,0.972972972973,0.968717653824,0.968717653824,0.947368421053,2,2,0,0,0,0
701,WLNM_dir_neg,0.875,0.291666666667,00:00:02,10,20,28,1980863001,threshold_sweep,0.8,0.5,0.5,0.5,1,1,1,3,0.5,0.75,0.25,0.5,0.5,0.5,0.5,0.666666666667,0.555555555556,0.25,0.25,0.25,37,35,2,0,37,0,35,0,2,17,37,0.136029411765,1.88235294118,4.35294117647,3.36363636364,2.84615384615,1.69341284359,0.389027274878,0.193958664547,2.09866904602,0.964253345467,0.518282988871,1.87867287326,0.863174022847,0.470588235294,0.786197569093,0.41766745858,2.25,1.88235294118,0.786197569093,2.25,0.166339869281,0.0612244897959,3,0.00441176470588,0.185952380952,17,17,17,1,0,0.352941176471,0.411764705882,0.235294117647,17,0.128676470588,1.90196078431,4.11764705882,3.18181818182,2.69230769231,1.57648156274,0.382859808093,0.201680672269,2.01465221053,0.978545359402,0.524369747899,1.74894926439,0.849489642704,0.463865546218,0.814492905316,0.428238537847,2.33333333333,1.90196078431,0.814492905316,2.33333333333,0,0,0,0,0.164242424242,17,17,17,1,0,0.352941176471,0.411764705882,0.235294117647,17,37,0.136029411765,1.90931372549,4.35294117647,3.36363636364,2.64285714286,1.76568600233,0.405630568103,0.209856915739,2.15740857621,0.991241778259,0.534181240064,1.74052054418,0.799698628406,0.435612082671,0.824725766464,0.431948796813,2.25,1.90931372549,0.824725766464,2.25,0.113071895425,0.0805369127517,4,0.00588235294118,0.172683982684,17,17,17,1,0,0.352941176471,0.470588235294,0.176470588235,0,0,0.0269607843137,0,0,-0.203296703297,0.0722731587434,0.0166032932248,0.0158982511924,0.0587395301943,0.026988432792,0.0158982511924,-0.138152329077,-0.063475394441,-0.0349761526232,0.0385281973712,0.0142813382324,0,0.0269607843137,0.0385281973712,0,-0.0532679738562,0.0193124229558,1,0.00147058823529,-0.0132683982684,0,0.0588235294118,-0.0588235294118,36,1,1,234,0.972972972973,0.995744680851,0.00425531914894,0.027027027027,0.972972972973,0.972972972973,0.972972972973,0.968717653824,0.968717653824,0.947368421053,2,2,0,0,0,0
702,WLNM_dir_neg,0.875,0.291666666667,00:00:02,10,20,28,1980863001,threshold_sweep,0.9,0.5,0.5,0.5,1,1,1,3,0.5,0.75,0.25,0.5,0.5,0.5,0.5,0.666666666667,0.555555555556,0.25,0.25,0.25,37,35,2,0,37,0,35,0,2,17,37,0.136029411765,1.88235294118,4.35294117647,3.36363636364,2.84615384615,1.69341284359,0.389027274878,0.193958664547,2.09866904602,0.964253345467,0.518282988871,1.87867287326,0.863174022847,0.470588235294,0.786197569093,0.41766745858,2.25,1.88235294118,0.786197569093,2.25,0.166339869281,0.0612244897959,3,0.00441176470588,0.185952380952,17,17,17,1,0,0.352941176471,0.411764705882,0.235294117647,17,0.128676470588,1.90196078431,4.11764705882,3.18181818182,2.69230769231,1.57648156274,0.382859808093,0.201680672269,2.01465221053,0.978545359402,0.524369747899,1.74894926439,0.849489642704,0.463865546218,0.814492905316,0.428238537847,2.33333333333,1.90196078431,0.814492905316,2.33333333333,0,0,0,0,0.164242424242,17,17,17,1,0,0.352941176471,0.411764705882,0.235294117647,17,37,0.136029411765,1.90931372549,4.35294117647,3.36363636364,2.64285714286,1.76568600233,0.405630568103,0.209856915739,2.15740857621,0.991241778259,0.534181240064,1.74052054418,0.799698628406,0.435612082671,0.824725766464,0.431948796813,2.25,1.90931372549,0.824725766464,2.25,0.113071895425,0.0805369127517,4,0.00588235294118,0.172683982684,17,17,17,1,0,0.352941176471,0.470588235294,0.176470588235,0,0,0.0269607843137,0,0,-0.203296703297,0.0722731587434,0.0166032932248,0.0158982511924,0.0587395301943,0.026988432792,0.0158982511924,-0.138152329077,-0.063475394441,-0.0349761526232,0.0385281973712,0.0142813382324,0,0.0269607843137,0.0385281973712,0,-0.0532679738562,0.0193124229558,1,0.00147058823529,-0.0132683982684,0,0.0588235294118,-0.0588235294118,36,1,1,234,0.972972972973,0.995744680851,0.00425531914894,0.027027027027,0.972972972973,0.972972972973,0.972972972973,0.968717653824,0.968717653824,0.947368421053,2,2,0,0,0,0
703,WLNM_dir_neg,1,0.5,00:00:02,10,20,29,1980863002,threshold_sweep,0.1,1,1,1,2,0,0,4,1,1,0,0,1,1,1,1,0.555555555556,1,1,1,37,35,2,0,37,0,35,0,2,17,37,0.136029411765,1.88235294118,4.35294117647,3.36363636364,2.84615384615,1.69341284359,0.389027274878,0.193958664547,2.09866904602,0.964253345467,0.518282988871,1.87867287326,0.863174022847,0.470588235294,0.786197569093,0.41766745858,2.25,1.88235294118,0.786197569093,2.25,0.166339869281,0.0612244897959,3,0.00441176470588,0.185952380952,17,17,17,1,0,0.352941176471,0.411764705882,0.235294117647,17,0.128676470588,1.90196078431,4.11764705882,3.18181818182,2.69230769231,1.57648156274,0.382859808093,0.201680672269,2.01465221053,0.978545359402,0.524369747899,1.74894926439,0.849489642704,0.463865546218,0.814492905316,0.428238537847,2.33333333333,1.90196078431,0.814492905316,2.33333333333,0,0,0,0,0.164242424242,17,17,17,1,0,0.352941176471,0.411764705882,0.235294117647,17,37,0.136029411765,1.88235294118,4.35294117647,3.36363636364,2.84615384615,1.69341284359,0.389027274878,0.193958664547,2.09866904602,0.964253345467,0.518282988871,1.87867287326,0.863174022847,0.470588235294,0.786197569093,0.41766745858,2.25,1.88235294118,0.786197569093,2.25,0.166339869281,0.0612244897959,3,0.00441176470588,0.185952380952,17,17,17,1,0,0.352941176471,0.411764705882,0.235294117647,0,0,0,0,0,0,0,0,0,0,0,0,0,0,0,0,0,0,0,0,0,0,0,0,0,0,0,0,0,37,0,0,235,1,1,0,0,1,1,1,1,1,1,2,2,0,0,0,0
704,WLNM_dir_neg,1,0.5,00:00:02,10,20,29,1980863002,threshold_sweep,0.2,1,1,1,2,0,0,4,1,1,0,0,1,1,1,1,0.555555555556,1,1,1,37,35,2,0,37,0,35,0,2,17,37,0.136029411765,1.88235294118,4.35294117647,3.36363636364,2.84615384615,1.69341284359,0.389027274878,0.193958664547,2.09866904602,0.964253345467,0.518282988871,1.87867287326,0.863174022847,0.470588235294,0.786197569093,0.41766745858,2.25,1.88235294118,0.786197569093,2.25,0.166339869281,0.0612244897959,3,0.00441176470588,0.185952380952,17,17,17,1,0,0.352941176471,0.411764705882,0.235294117647,17,0.128676470588,1.90196078431,4.11764705882,3.18181818182,2.69230769231,1.57648156274,0.382859808093,0.201680672269,2.01465221053,0.978545359402,0.524369747899,1.74894926439,0.849489642704,0.463865546218,0.814492905316,0.428238537847,2.33333333333,1.90196078431,0.814492905316,2.33333333333,0,0,0,0,0.164242424242,17,17,17,1,0,0.352941176471,0.411764705882,0.235294117647,17,37,0.136029411765,1.88235294118,4.35294117647,3.36363636364,2.84615384615,1.69341284359,0.389027274878,0.193958664547,2.09866904602,0.964253345467,0.518282988871,1.87867287326,0.863174022847,0.470588235294,0.786197569093,0.41766745858,2.25,1.88235294118,0.786197569093,2.25,0.166339869281,0.0612244897959,3,0.00441176470588,0.185952380952,17,17,17,1,0,0.352941176471,0.411764705882,0.235294117647,0,0,0,0,0,0,0,0,0,0,0,0,0,0,0,0,0,0,0,0,0,0,0,0,0,0,0,0,0,37,0,0,235,1,1,0,0,1,1,1,1,1,1,2,2,0,0,0,0
705,WLNM_dir_neg,1,0.5,00:00:02,10,20,29,1980863002,threshold_sweep,0.3,1,1,1,2,0,0,4,1,1,0,0,1,1,1,1,0.555555555556,1,1,1,37,35,2,0,37,0,35,0,2,17,37,0.136029411765,1.88235294118,4.35294117647,3.36363636364,2.84615384615,1.69341284359,0.389027274878,0.193958664547,2.09866904602,0.964253345467,0.518282988871,1.87867287326,0.863174022847,0.470588235294,0.786197569093,0.41766745858,2.25,1.88235294118,0.786197569093,2.25,0.166339869281,0.0612244897959,3,0.00441176470588,0.185952380952,17,17,17,1,0,0.352941176471,0.411764705882,0.235294117647,17,0.128676470588,1.90196078431,4.11764705882,3.18181818182,2.69230769231,1.57648156274,0.382859808093,0.201680672269,2.01465221053,0.978545359402,0.524369747899,1.74894926439,0.849489642704,0.463865546218,0.814492905316,0.428238537847,2.33333333333,1.90196078431,0.814492905316,2.33333333333,0,0,0,0,0.164242424242,17,17,17,1,0,0.352941176471,0.411764705882,0.235294117647,17,37,0.136029411765,1.88235294118,4.35294117647,3.36363636364,2.84615384615,1.69341284359,0.389027274878,0.193958664547,2.09866904602,0.964253345467,0.518282988871,1.87867287326,0.863174022847,0.470588235294,0.786197569093,0.41766745858,2.25,1.88235294118,0.786197569093,2.25,0.166339869281,0.0612244897959,3,0.00441176470588,0.185952380952,17,17,17,1,0,0.352941176471,0.411764705882,0.235294117647,0,0,0,0,0,0,0,0,0,0,0,0,0,0,0,0,0,0,0,0,0,0,0,0,0,0,0,0,0,37,0,0,235,1,1,0,0,1,1,1,1,1,1,2,2,0,0,0,0
706,WLNM_dir_neg,1,0.5,00:00:02,10,20,29,1980863002,threshold_sweep,0.4,1,1,1,2,0,0,4,1,1,0,0,1,1,1,1,0.555555555556,1,1,1,37,35,2,0,37,0,35,0,2,17,37,0.136029411765,1.88235294118,4.35294117647,3.36363636364,2.84615384615,1.69341284359,0.389027274878,0.193958664547,2.09866904602,0.964253345467,0.518282988871,1.87867287326,0.863174022847,0.470588235294,0.786197569093,0.41766745858,2.25,1.88235294118,0.786197569093,2.25,0.166339869281,0.0612244897959,3,0.00441176470588,0.185952380952,17,17,17,1,0,0.352941176471,0.411764705882,0.235294117647,17,0.128676470588,1.90196078431,4.11764705882,3.18181818182,2.69230769231,1.57648156274,0.382859808093,0.201680672269,2.01465221053,0.978545359402,0.524369747899,1.74894926439,0.849489642704,0.463865546218,0.814492905316,0.428238537847,2.33333333333,1.90196078431,0.814492905316,2.33333333333,0,0,0,0,0.164242424242,17,17,17,1,0,0.352941176471,0.411764705882,0.235294117647,17,37,0.136029411765,1.88235294118,4.35294117647,3.36363636364,2.84615384615,1.69341284359,0.389027274878,0.193958664547,2.09866904602,0.964253345467,0.518282988871,1.87867287326,0.863174022847,0.470588235294,0.786197569093,0.41766745858,2.25,1.88235294118,0.786197569093,2.25,0.166339869281,0.0612244897959,3,0.00441176470588,0.185952380952,17,17,17,1,0,0.352941176471,0.411764705882,0.235294117647,0,0,0,0,0,0,0,0,0,0,0,0,0,0,0,0,0,0,0,0,0,0,0,0,0,0,0,0,0,37,0,0,235,1,1,0,0,1,1,1,1,1,1,2,2,0,0,0,0
707,WLNM_dir_neg,1,0.5,00:00:02,10,20,29,1980863002,threshold_sweep,0.5,1,1,1,2,0,0,4,1,1,0,0,1,1,1,1,0.555555555556,1,1,1,37,35,2,0,37,0,35,0,2,17,37,0.136029411765,1.88235294118,4.35294117647,3.36363636364,2.84615384615,1.69341284359,0.389027274878,0.193958664547,2.09866904602,0.964253345467,0.518282988871,1.87867287326,0.863174022847,0.470588235294,0.786197569093,0.41766745858,2.25,1.88235294118,0.786197569093,2.25,0.166339869281,0.0612244897959,3,0.00441176470588,0.185952380952,17,17,17,1,0,0.352941176471,0.411764705882,0.235294117647,17,0.128676470588,1.90196078431,4.11764705882,3.18181818182,2.69230769231,1.57648156274,0.382859808093,0.201680672269,2.01465221053,0.978545359402,0.524369747899,1.74894926439,0.849489642704,0.463865546218,0.814492905316,0.428238537847,2.33333333333,1.90196078431,0.814492905316,2.33333333333,0,0,0,0,0.164242424242,17,17,17,1,0,0.352941176471,0.411764705882,0.235294117647,17,37,0.136029411765,1.88235294118,4.35294117647,3.36363636364,2.84615384615,1.69341284359,0.389027274878,0.193958664547,2.09866904602,0.964253345467,0.518282988871,1.87867287326,0.863174022847,0.470588235294,0.786197569093,0.41766745858,2.25,1.88235294118,0.786197569093,2.25,0.166339869281,0.0612244897959,3,0.00441176470588,0.185952380952,17,17,17,1,0,0.352941176471,0.411764705882,0.235294117647,0,0,0,0,0,0,0,0,0,0,0,0,0,0,0,0,0,0,0,0,0,0,0,0,0,0,0,0,0,37,0,0,235,1,1,0,0,1,1,1,1,1,1,2,2,0,0,0,0
708,WLNM_dir_neg,1,0.5,00:00:02,10,20,29,1980863002,threshold_sweep,0.6,1,1,1,2,0,0,4,1,1,0,0,1,1,1,1,0.555555555556,1,1,1,37,35,2,0,37,0,35,0,2,17,37,0.136029411765,1.88235294118,4.35294117647,3.36363636364,2.84615384615,1.69341284359,0.389027274878,0.193958664547,2.09866904602,0.964253345467,0.518282988871,1.87867287326,0.863174022847,0.470588235294,0.786197569093,0.41766745858,2.25,1.88235294118,0.786197569093,2.25,0.166339869281,0.0612244897959,3,0.00441176470588,0.185952380952,17,17,17,1,0,0.352941176471,0.411764705882,0.235294117647,17,0.128676470588,1.90196078431,4.11764705882,3.18181818182,2.69230769231,1.57648156274,0.382859808093,0.201680672269,2.01465221053,0.978545359402,0.524369747899,1.74894926439,0.849489642704,0.463865546218,0.814492905316,0.428238537847,2.33333333333,1.90196078431,0.814492905316,2.33333333333,0,0,0,0,0.164242424242,17,17,17,1,0,0.352941176471,0.411764705882,0.235294117647,17,37,0.136029411765,1.88235294118,4.35294117647,3.36363636364,2.84615384615,1.69341284359,0.389027274878,0.193958664547,2.09866904602,0.964253345467,0.518282988871,1.87867287326,0.863174022847,0.470588235294,0.786197569093,0.41766745858,2.25,1.88235294118,0.786197569093,2.25,0.166339869281,0.0612244897959,3,0.00441176470588,0.185952380952,17,17,17,1,0,0.352941176471,0.411764705882,0.235294117647,0,0,0,0,0,0,0,0,0,0,0,0,0,0,0,0,0,0,0,0,0,0,0,0,0,0,0,0,0,37,0,0,235,1,1,0,0,1,1,1,1,1,1,2,2,0,0,0,0
709,WLNM_dir_neg,1,0.5,00:00:02,10,20,29,1980863002,threshold_sweep,0.7,1,1,1,2,0,0,4,1,1,0,0,1,1,1,1,0.555555555556,1,1,1,37,35,2,0,37,0,35,0,2,17,37,0.136029411765,1.88235294118,4.35294117647,3.36363636364,2.84615384615,1.69341284359,0.389027274878,0.193958664547,2.09866904602,0.964253345467,0.518282988871,1.87867287326,0.863174022847,0.470588235294,0.786197569093,0.41766745858,2.25,1.88235294118,0.786197569093,2.25,0.166339869281,0.0612244897959,3,0.00441176470588,0.185952380952,17,17,17,1,0,0.352941176471,0.411764705882,0.235294117647,17,0.128676470588,1.90196078431,4.11764705882,3.18181818182,2.69230769231,1.57648156274,0.382859808093,0.201680672269,2.01465221053,0.978545359402,0.524369747899,1.74894926439,0.849489642704,0.463865546218,0.814492905316,0.428238537847,2.33333333333,1.90196078431,0.814492905316,2.33333333333,0,0,0,0,0.164242424242,17,17,17,1,0,0.352941176471,0.411764705882,0.235294117647,17,37,0.136029411765,1.88235294118,4.35294117647,3.36363636364,2.84615384615,1.69341284359,0.389027274878,0.193958664547,2.09866904602,0.964253345467,0.518282988871,1.87867287326,0.863174022847,0.470588235294,0.786197569093,0.41766745858,2.25,1.88235294118,0.786197569093,2.25,0.166339869281,0.0612244897959,3,0.00441176470588,0.185952380952,17,17,17,1,0,0.352941176471,0.411764705882,0.235294117647,0,0,0,0,0,0,0,0,0,0,0,0,0,0,0,0,0,0,0,0,0,0,0,0,0,0,0,0,0,37,0,0,235,1,1,0,0,1,1,1,1,1,1,2,2,0,0,0,0
710,WLNM_dir_neg,1,0.5,00:00:02,10,20,29,1980863002,threshold_sweep,0.8,1,1,1,2,0,0,4,1,1,0,0,1,1,1,1,0.555555555556,1,1,1,37,35,2,0,37,0,35,0,2,17,37,0.136029411765,1.88235294118,4.35294117647,3.36363636364,2.84615384615,1.69341284359,0.389027274878,0.193958664547,2.09866904602,0.964253345467,0.518282988871,1.87867287326,0.863174022847,0.470588235294,0.786197569093,0.41766745858,2.25,1.88235294118,0.786197569093,2.25,0.166339869281,0.0612244897959,3,0.00441176470588,0.185952380952,17,17,17,1,0,0.352941176471,0.411764705882,0.235294117647,17,0.128676470588,1.90196078431,4.11764705882,3.18181818182,2.69230769231,1.57648156274,0.382859808093,0.201680672269,2.01465221053,0.978545359402,0.524369747899,1.74894926439,0.849489642704,0.463865546218,0.814492905316,0.428238537847,2.33333333333,1.90196078431,0.814492905316,2.33333333333,0,0,0,0,0.164242424242,17,17,17,1,0,0.352941176471,0.411764705882,0.235294117647,17,37,0.136029411765,1.88235294118,4.35294117647,3.36363636364,2.84615384615,1.69341284359,0.389027274878,0.193958664547,2.09866904602,0.964253345467,0.518282988871,1.87867287326,0.863174022847,0.470588235294,0.786197569093,0.41766745858,2.25,1.88235294118,0.786197569093,2.25,0.166339869281,0.0612244897959,3,0.00441176470588,0.185952380952,17,17,17,1,0,0.352941176471,0.411764705882,0.235294117647,0,0,0,0,0,0,0,0,0,0,0,0,0,0,0,0,0,0,0,0,0,0,0,0,0,0,0,0,0,37,0,0,235,1,1,0,0,1,1,1,1,1,1,2,2,0,0,0,0
711,WLNM_dir_neg,1,0.5,00:00:02,10,20,29,1980863002,threshold_sweep,0.9,1,1,1,2,0,0,4,1,1,0,0,1,1,1,1,0.555555555556,1,1,1,37,35,2,0,37,0,35,0,2,17,37,0.136029411765,1.88235294118,4.35294117647,3.36363636364,2.84615384615,1.69341284359,0.389027274878,0.193958664547,2.09866904602,0.964253345467,0.518282988871,1.87867287326,0.863174022847,0.470588235294,0.786197569093,0.41766745858,2.25,1.88235294118,0.786197569093,2.25,0.166339869281,0.0612244897959,3,0.00441176470588,0.185952380952,17,17,17,1,0,0.352941176471,0.411764705882,0.235294117647,17,0.128676470588,1.90196078431,4.11764705882,3.18181818182,2.69230769231,1.57648156274,0.382859808093,0.201680672269,2.01465221053,0.978545359402,0.524369747899,1.74894926439,0.849489642704,0.463865546218,0.814492905316,0.428238537847,2.33333333333,1.90196078431,0.814492905316,2.33333333333,0,0,0,0,0.164242424242,17,17,17,1,0,0.352941176471,0.411764705882,0.235294117647,17,37,0.136029411765,1.88235294118,4.35294117647,3.36363636364,2.84615384615,1.69341284359,0.389027274878,0.193958664547,2.09866904602,0.964253345467,0.518282988871,1.87867287326,0.863174022847,0.470588235294,0.786197569093,0.41766745858,2.25,1.88235294118,0.786197569093,2.25,0.166339869281,0.0612244897959,3,0.00441176470588,0.185952380952,17,17,17,1,0,0.352941176471,0.411764705882,0.235294117647,0,0,0,0,0,0,0,0,0,0,0,0,0,0,0,0,0,0,0,0,0,0,0,0,0,0,0,0,0,37,0,0,235,1,1,0,0,1,1,1,1,1,1,2,2,0,0,0,0
712,WLNM_dir_neg,1,0.5,00:00:02,10,20,30,1980863003,threshold_sweep,0.1,0.666666666667,1,0.8,2,1,0,3,1,0.75,0.25,0,0.666666666667,1,0.8,0.833333333333,0.5,0.666666666667,0.707106781187,0.75,37,35,2,0,37,0,35,0,2,17,37,0.136029411765,1.88235294118,4.35294117647,3.36363636364,2.84615384615,1.69341284359,0.389027274878,0.193958664547,2.09866904602,0.964253345467,0.518282988871,1.87867287326,0.863174022847,0.470588235294,0.786197569093,0.41766745858,2.25,1.88235294118,0.786197569093,2.25,0.166339869281,0.0612244897959,3,0.00441176470588,0.185952380952,17,17,17,1,0,0.352941176471,0.411764705882,0.235294117647,17,0.128676470588,1.90196078431,4.11764705882,3.18181818182,2.69230769231,1.57648156274,0.382859808093,0.201680672269,2.01465221053,0.978545359402,0.524369747899,1.74894926439,0.849489642704,0.463865546218,0.814492905316,0.428238537847,2.33333333333,1.90196078431,0.814492905316,2.33333333333,0,0,0,0,0.164242424242,17,17,17,1,0,0.352941176471,0.411764705882,0.235294117647,17,38,0.139705882353,2.23970588235,4.47058823529,3.16666666667,2.92307692308,1.87475488594,0.419353066592,0.201238390093,2.04723630062,0.915868871331,0.495356037152,1.95350363977,0.873935838844,0.473684210526,0.963426364325,0.430157536271,2.5,2.23970588235,0.963426364325,2.5,0.166339869281,0.0612244897959,3,0.00441176470588,0.180717893218,17,17,17,1,0,0.294117647059,0.470588235294,0.235294117647,1,0.00367647058824,0.357352941176,0.117647058824,-0.19696969697,0.0769230769231,0.181342042353,0.0303257917137,0.00727972554598,-0.0514327453931,-0.0483844741355,-0.0229269517195,0.0748307665129,0.0107618159966,0.0030959752322,0.177228795233,0.0124900776909,0.25,0.357352941176,0.177228795233,0.25,0,0,0,0,-0.00523448773449,-0.0588235294118,0.0588235294118,0,37,1,0,234,1,0.995744680851,0.00425531914894,0,0.973684210526,1,0.986666666667,0.984652666406,0.995744680851,0.973684210526,3,2,0,0,0,0
713,WLNM_dir_neg,1,0.5,00:00:02,10,20,30,1980863003,threshold_sweep,0.2,0.666666666667,1,0.8,2,1,0,3,1,0.75,0.25,0,0.666666666667,1,0.8,0.833333333333,0.5,0.666666666667,0.707106781187,0.75,37,35,2,0,37,0,35,0,2,17,37,0.136029411765,1.88235294118,4.35294117647,3.36363636364,2.84615384615,1.69341284359,0.389027274878,0.193958664547,2.09866904602,0.964253345467,0.518282988871,1.87867287326,0.863174022847,0.470588235294,0.786197569093,0.41766745858,2.25,1.88235294118,0.786197569093,2.25,0.166339869281,0.0612244897959,3,0.00441176470588,0.185952380952,17,17,17,1,0,0.352941176471,0.411764705882,0.235294117647,17,0.128676470588,1.90196078431,4.11764705882,3.18181818182,2.69230769231,1.57648156274,0.382859808093,0.201680672269,2.01465221053,0.978545359402,0.524369747899,1.74894926439,0.849489642704,0.463865546218,0.814492905316,0.428238537847,2.33333333333,1.90196078431,0.814492905316,2.33333333333,0,0,0,0,0.164242424242,17,17,17,1,0,0.352941176471,0.411764705882,0.235294117647,17,38,0.139705882353,2.23970588235,4.47058823529,3.16666666667,2.92307692308,1.87475488594,0.419353066592,0.201238390093,2.04723630062,0.915868871331,0.495356037152,1.95350363977,0.873935838844,0.473684210526,0.963426364325,0.430157536271,2.5,2.23970588235,0.963426364325,2.5,0.166339869281,0.0612244897959,3,0.00441176470588,0.180717893218,17,17,17,1,0,0.294117647059,0.470588235294,0.235294117647,1,0.00367647058824,0.357352941176,0.117647058824,-0.19696969697,0.0769230769231,0.181342042353,0.0303257917137,0.00727972554598,-0.0514327453931,-0.0483844741355,-0.0229269517195,0.0748307665129,0.0107618159966,0.0030959752322,0.177228795233,0.0124900776909,0.25,0.357352941176,0.177228795233,0.25,0,0,0,0,-0.00523448773449,-0.0588235294118,0.0588235294118,0,37,1,0,234,1,0.995744680851,0.00425531914894,0,0.973684210526,1,0.986666666667,0.984652666406,0.995744680851,0.973684210526,3,2,0,0,0,0
714,WLNM_dir_neg,1,0.5,00:00:02,10,20,30,1980863003,threshold_sweep,0.3,1,1,1,2,0,0,4,1,1,0,0,1,1,1,1,0.555555555556,1,1,1,37,35,2,0,37,0,35,0,2,17,37,0.136029411765,1.88235294118,4.35294117647,3.36363636364,2.84615384615,1.69341284359,0.389027274878,0.193958664547,2.09866904602,0.964253345467,0.518282988871,1.87867287326,0.863174022847,0.470588235294,0.786197569093,0.41766745858,2.25,1.88235294118,0.786197569093,2.25,0.166339869281,0.0612244897959,3,0.00441176470588,0.185952380952,17,17,17,1,0,0.352941176471,0.411764705882,0.235294117647,17,0.128676470588,1.90196078431,4.11764705882,3.18181818182,2.69230769231,1.57648156274,0.382859808093,0.201680672269,2.01465221053,0.978545359402,0.524369747899,1.74894926439,0.849489642704,0.463865546218,0.814492905316,0.428238537847,2.33333333333,1.90196078431,0.814492905316,2.33333333333,0,0,0,0,0.164242424242,17,17,17,1,0,0.352941176471,0.411764705882,0.235294117647,17,37,0.136029411765,1.88235294118,4.35294117647,3.36363636364,2.84615384615,1.69341284359,0.389027274878,0.193958664547,2.09866904602,0.964253345467,0.518282988871,1.87867287326,0.863174022847,0.470588235294,0.786197569093,0.41766745858,2.25,1.88235294118,0.786197569093,2.25,0.166339869281,0.0612244897959,3,0.00441176470588,0.185952380952,17,17,17,1,0,0.352941176471,0.411764705882,0.235294117647,0,0,0,0,0,0,0,0,0,0,0,0,0,0,0,0,0,0,0,0,0,0,0,0,0,0,0,0,0,37,0,0,235,1,1,0,0,1,1,1,1,1,1,2,2,0,0,0,0
715,WLNM_dir_neg,1,0.5,00:00:02,10,20,30,1980863003,threshold_sweep,0.4,1,1,1,2,0,0,4,1,1,0,0,1,1,1,1,0.555555555556,1,1,1,37,35,2,0,37,0,35,0,2,17,37,0.136029411765,1.88235294118,4.35294117647,3.36363636364,2.84615384615,1.69341284359,0.389027274878,0.193958664547,2.09866904602,0.964253345467,0.518282988871,1.87867287326,0.863174022847,0.470588235294,0.786197569093,0.41766745858,2.25,1.88235294118,0.786197569093,2.25,0.166339869281,0.0612244897959,3,0.00441176470588,0.185952380952,17,17,17,1,0,0.352941176471,0.411764705882,0.235294117647,17,0.128676470588,1.90196078431,4.11764705882,3.18181818182,2.69230769231,1.57648156274,0.382859808093,0.201680672269,2.01465221053,0.978545359402,0.524369747899,1.74894926439,0.849489642704,0.463865546218,0.814492905316,0.428238537847,2.33333333333,1.90196078431,0.814492905316,2.33333333333,0,0,0,0,0.164242424242,17,17,17,1,0,0.352941176471,0.411764705882,0.235294117647,17,37,0.136029411765,1.88235294118,4.35294117647,3.36363636364,2.84615384615,1.69341284359,0.389027274878,0.193958664547,2.09866904602,0.964253345467,0.518282988871,1.87867287326,0.863174022847,0.470588235294,0.786197569093,0.41766745858,2.25,1.88235294118,0.786197569093,2.25,0.166339869281,0.0612244897959,3,0.00441176470588,0.185952380952,17,17,17,1,0,0.352941176471,0.411764705882,0.235294117647,0,0,0,0,0,0,0,0,0,0,0,0,0,0,0,0,0,0,0,0,0,0,0,0,0,0,0,0,0,37,0,0,235,1,1,0,0,1,1,1,1,1,1,2,2,0,0,0,0
716,WLNM_dir_neg,1,0.5,00:00:02,10,20,30,1980863003,threshold_sweep,0.5,1,1,1,2,0,0,4,1,1,0,0,1,1,1,1,0.555555555556,1,1,1,37,35,2,0,37,0,35,0,2,17,37,0.136029411765,1.88235294118,4.35294117647,3.36363636364,2.84615384615,1.69341284359,0.389027274878,0.193958664547,2.09866904602,0.964253345467,0.518282988871,1.87867287326,0.863174022847,0.470588235294,0.786197569093,0.41766745858,2.25,1.88235294118,0.786197569093,2.25,0.166339869281,0.0612244897959,3,0.00441176470588,0.185952380952,17,17,17,1,0,0.352941176471,0.411764705882,0.235294117647,17,0.128676470588,1.90196078431,4.11764705882,3.18181818182,2.69230769231,1.57648156274,0.382859808093,0.201680672269,2.01465221053,0.978545359402,0.524369747899,1.74894926439,0.849489642704,0.463865546218,0.814492905316,0.428238537847,2.33333333333,1.90196078431,0.814492905316,2.33333333333,0,0,0,0,0.164242424242,17,17,17,1,0,0.352941176471,0.411764705882,0.235294117647,17,37,0.136029411765,1.88235294118,4.35294117647,3.36363636364,2.84615384615,1.69341284359,0.389027274878,0.193958664547,2.09866904602,0.964253345467,0.518282988871,1.87867287326,0.863174022847,0.470588235294,0.786197569093,0.41766745858,2.25,1.88235294118,0.786197569093,2.25,0.166339869281,0.0612244897959,3,0.00441176470588,0.185952380952,17,17,17,1,0,0.352941176471,0.411764705882,0.235294117647,0,0,0,0,0,0,0,0,0,0,0,0,0,0,0,0,0,0,0,0,0,0,0,0,0,0,0,0,0,37,0,0,235,1,1,0,0,1,1,1,1,1,1,2,2,0,0,0,0
717,WLNM_dir_neg,1,0.5,00:00:02,10,20,30,1980863003,threshold_sweep,0.6,1,1,1,2,0,0,4,1,1,0,0,1,1,1,1,0.555555555556,1,1,1,37,35,2,0,37,0,35,0,2,17,37,0.136029411765,1.88235294118,4.35294117647,3.36363636364,2.84615384615,1.69341284359,0.389027274878,0.193958664547,2.09866904602,0.964253345467,0.518282988871,1.87867287326,0.863174022847,0.470588235294,0.786197569093,0.41766745858,2.25,1.88235294118,0.786197569093,2.25,0.166339869281,0.0612244897959,3,0.00441176470588,0.185952380952,17,17,17,1,0,0.352941176471,0.411764705882,0.235294117647,17,0.128676470588,1.90196078431,4.11764705882,3.18181818182,2.69230769231,1.57648156274,0.382859808093,0.201680672269,2.01465221053,0.978545359402,0.524369747899,1.74894926439,0.849489642704,0.463865546218,0.814492905316,0.428238537847,2.33333333333,1.90196078431,0.814492905316,2.33333333333,0,0,0,0,0.164242424242,17,17,17,1,0,0.352941176471,0.411764705882,0.235294117647,17,37,0.136029411765,1.88235294118,4.35294117647,3.36363636364,2.84615384615,1.69341284359,0.389027274878,0.193958664547,2.09866904602,0.964253345467,0.518282988871,1.87867287326,0.863174022847,0.470588235294,0.786197569093,0.41766745858,2.25,1.88235294118,0.786197569093,2.25,0.166339869281,0.0612244897959,3,0.00441176470588,0.185952380952,17,17,17,1,0,0.352941176471,0.411764705882,0.235294117647,0,0,0,0,0,0,0,0,0,0,0,0,0,0,0,0,0,0,0,0,0,0,0,0,0,0,0,0,0,37,0,0,235,1,1,0,0,1,1,1,1,1,1,2,2,0,0,0,0
718,WLNM_dir_neg,1,0.5,00:00:02,10,20,30,1980863003,threshold_sweep,0.7,1,1,1,2,0,0,4,1,1,0,0,1,1,1,1,0.555555555556,1,1,1,37,35,2,0,37,0,35,0,2,17,37,0.136029411765,1.88235294118,4.35294117647,3.36363636364,2.84615384615,1.69341284359,0.389027274878,0.193958664547,2.09866904602,0.964253345467,0.518282988871,1.87867287326,0.863174022847,0.470588235294,0.786197569093,0.41766745858,2.25,1.88235294118,0.786197569093,2.25,0.166339869281,0.0612244897959,3,0.00441176470588,0.185952380952,17,17,17,1,0,0.352941176471,0.411764705882,0.235294117647,17,0.128676470588,1.90196078431,4.11764705882,3.18181818182,2.69230769231,1.57648156274,0.382859808093,0.201680672269,2.01465221053,0.978545359402,0.524369747899,1.74894926439,0.849489642704,0.463865546218,0.814492905316,0.428238537847,2.33333333333,1.90196078431,0.814492905316,2.33333333333,0,0,0,0,0.164242424242,17,17,17,1,0,0.352941176471,0.411764705882,0.235294117647,17,37,0.136029411765,1.88235294118,4.35294117647,3.36363636364,2.84615384615,1.69341284359,0.389027274878,0.193958664547,2.09866904602,0.964253345467,0.518282988871,1.87867287326,0.863174022847,0.470588235294,0.786197569093,0.41766745858,2.25,1.88235294118,0.786197569093,2.25,0.166339869281,0.0612244897959,3,0.00441176470588,0.185952380952,17,17,17,1,0,0.352941176471,0.411764705882,0.235294117647,0,0,0,0,0,0,0,0,0,0,0,0,0,0,0,0,0,0,0,0,0,0,0,0,0,0,0,0,0,37,0,0,235,1,1,0,0,1,1,1,1,1,1,2,2,0,0,0,0
719,WLNM_dir_neg,1,0.5,00:00:02,10,20,30,1980863003,threshold_sweep,0.8,1,1,1,2,0,0,4,1,1,0,0,1,1,1,1,0.555555555556,1,1,1,37,35,2,0,37,0,35,0,2,17,37,0.136029411765,1.88235294118,4.35294117647,3.36363636364,2.84615384615,1.69341284359,0.389027274878,0.193958664547,2.09866904602,0.964253345467,0.518282988871,1.87867287326,0.863174022847,0.470588235294,0.786197569093,0.41766745858,2.25,1.88235294118,0.786197569093,2.25,0.166339869281,0.0612244897959,3,0.00441176470588,0.185952380952,17,17,17,1,0,0.352941176471,0.411764705882,0.235294117647,17,0.128676470588,1.90196078431,4.11764705882,3.18181818182,2.69230769231,1.57648156274,0.382859808093,0.201680672269,2.01465221053,0.978545359402,0.524369747899,1.74894926439,0.849489642704,0.463865546218,0.814492905316,0.428238537847,2.33333333333,1.90196078431,0.814492905316,2.33333333333,0,0,0,0,0.164242424242,17,17,17,1,0,0.352941176471,0.411764705882,0.235294117647,17,37,0.136029411765,1.88235294118,4.35294117647,3.36363636364,2.84615384615,1.69341284359,0.389027274878,0.193958664547,2.09866904602,0.964253345467,0.518282988871,1.87867287326,0.863174022847,0.470588235294,0.786197569093,0.41766745858,2.25,1.88235294118,0.786197569093,2.25,0.166339869281,0.0612244897959,3,0.00441176470588,0.185952380952,17,17,17,1,0,0.352941176471,0.411764705882,0.235294117647,0,0,0,0,0,0,0,0,0,0,0,0,0,0,0,0,0,0,0,0,0,0,0,0,0,0,0,0,0,37,0,0,235,1,1,0,0,1,1,1,1,1,1,2,2,0,0,0,0
720,WLNM_dir_neg,1,0.5,00:00:02,10,20,30,1980863003,threshold_sweep,0.9,1,1,1,2,0,0,4,1,1,0,0,1,1,1,1,0.555555555556,1,1,1,37,35,2,0,37,0,35,0,2,17,37,0.136029411765,1.88235294118,4.35294117647,3.36363636364,2.84615384615,1.69341284359,0.389027274878,0.193958664547,2.09866904602,0.964253345467,0.518282988871,1.87867287326,0.863174022847,0.470588235294,0.786197569093,0.41766745858,2.25,1.88235294118,0.786197569093,2.25,0.166339869281,0.0612244897959,3,0.00441176470588,0.185952380952,17,17,17,1,0,0.352941176471,0.411764705882,0.235294117647,17,0.128676470588,1.90196078431,4.11764705882,3.18181818182,2.69230769231,1.57648156274,0.382859808093,0.201680672269,2.01465221053,0.978545359402,0.524369747899,1.74894926439,0.849489642704,0.463865546218,0.814492905316,0.428238537847,2.33333333333,1.90196078431,0.814492905316,2.33333333333,0,0,0,0,0.164242424242,17,17,17,1,0,0.352941176471,0.411764705882,0.235294117647,17,37,0.136029411765,1.88235294118,4.35294117647,3.36363636364,2.84615384615,1.69341284359,0.389027274878,0.193958664547,2.09866904602,0.964253345467,0.518282988871,1.87867287326,0.863174022847,0.470588235294,0.786197569093,0.41766745858,2.25,1.88235294118,0.786197569093,2.25,0.166339869281,0.0612244897959,3,0.00441176470588,0.185952380952,17,17,17,1,0,0.352941176471,0.411764705882,0.235294117647,0,0,0,0,0,0,0,0,0,0,0,0,0,0,0,0,0,0,0,0,0,0,0,0,0,0,0,0,0,37,0,0,235,1,1,0,0,1,1,1,1,1,1,2,2,0,0,0,0
721,WLNM_dir_neg,1,0.5,00:00:01,10,20,31,1980863004,threshold_sweep,0.1,1,1,1,2,0,0,4,1,1,0,0,1,1,1,1,0.555555555556,1,1,1,37,35,2,0,37,0,35,0,2,17,37,0.136029411765,1.88235294118,4.35294117647,3.36363636364,2.84615384615,1.69341284359,0.389027274878,0.193958664547,2.09866904602,0.964253345467,0.518282988871,1.87867287326,0.863174022847,0.470588235294,0.786197569093,0.41766745858,2.25,1.88235294118,0.786197569093,2.25,0.166339869281,0.0612244897959,3,0.00441176470588,0.185952380952,17,17,17,1,0,0.352941176471,0.411764705882,0.235294117647,17,0.128676470588,1.90196078431,4.11764705882,3.18181818182,2.69230769231,1.57648156274,0.382859808093,0.201680672269,2.01465221053,0.978545359402,0.524369747899,1.74894926439,0.849489642704,0.463865546218,0.814492905316,0.428238537847,2.33333333333,1.90196078431,0.814492905316,2.33333333333,0,0,0,0,0.164242424242,17,17,17,1,0,0.352941176471,0.411764705882,0.235294117647,17,37,0.136029411765,1.88235294118,4.35294117647,3.36363636364,2.84615384615,1.69341284359,0.389027274878,0.193958664547,2.09866904602,0.964253345467,0.518282988871,1.87867287326,0.863174022847,0.470588235294,0.786197569093,0.41766745858,2.25,1.88235294118,0.786197569093,2.25,0.166339869281,0.0612244897959,3,0.00441176470588,0.185952380952,17,17,17,1,0,0.352941176471,0.411764705882,0.235294117647,0,0,0,0,0,0,0,0,0,0,0,0,0,0,0,0,0,0,0,0,0,0,0,0,0,0,0,0,0,37,0,0,235,1,1,0,0,1,1,1,1,1,1,2,2,0,0,0,0
722,WLNM_dir_neg,1,0.5,00:00:01,10,20,31,1980863004,threshold_sweep,0.2,1,1,1,2,0,0,4,1,1,0,0,1,1,1,1,0.555555555556,1,1,1,37,35,2,0,37,0,35,0,2,17,37,0.136029411765,1.88235294118,4.35294117647,3.36363636364,2.84615384615,1.69341284359,0.389027274878,0.193958664547,2.09866904602,0.964253345467,0.518282988871,1.87867287326,0.863174022847,0.470588235294,0.786197569093,0.41766745858,2.25,1.88235294118,0.786197569093,2.25,0.166339869281,0.0612244897959,3,0.00441176470588,0.185952380952,17,17,17,1,0,0.352941176471,0.411764705882,0.235294117647,17,0.128676470588,1.90196078431,4.11764705882,3.18181818182,2.69230769231,1.57648156274,0.382859808093,0.201680672269,2.01465221053,0.978545359402,0.524369747899,1.74894926439,0.849489642704,0.463865546218,0.814492905316,0.428238537847,2.33333333333,1.90196078431,0.814492905316,2.33333333333,0,0,0,0,0.164242424242,17,17,17,1,0,0.352941176471,0.411764705882,0.235294117647,17,37,0.136029411765,1.88235294118,4.35294117647,3.36363636364,2.84615384615,1.69341284359,0.389027274878,0.193958664547,2.09866904602,0.964253345467,0.518282988871,1.87867287326,0.863174022847,0.470588235294,0.786197569093,0.41766745858,2.25,1.88235294118,0.786197569093,2.25,0.166339869281,0.0612244897959,3,0.00441176470588,0.185952380952,17,17,17,1,0,0.352941176471,0.411764705882,0.235294117647,0,0,0,0,0,0,0,0,0,0,0,0,0,0,0,0,0,0,0,0,0,0,0,0,0,0,0,0,0,37,0,0,235,1,1,0,0,1,1,1,1,1,1,2,2,0,0,0,0
723,WLNM_dir_neg,1,0.5,00:00:01,10,20,31,1980863004,threshold_sweep,0.3,1,1,1,2,0,0,4,1,1,0,0,1,1,1,1,0.555555555556,1,1,1,37,35,2,0,37,0,35,0,2,17,37,0.136029411765,1.88235294118,4.35294117647,3.36363636364,2.84615384615,1.69341284359,0.389027274878,0.193958664547,2.09866904602,0.964253345467,0.518282988871,1.87867287326,0.863174022847,0.470588235294,0.786197569093,0.41766745858,2.25,1.88235294118,0.786197569093,2.25,0.166339869281,0.0612244897959,3,0.00441176470588,0.185952380952,17,17,17,1,0,0.352941176471,0.411764705882,0.235294117647,17,0.128676470588,1.90196078431,4.11764705882,3.18181818182,2.69230769231,1.57648156274,0.382859808093,0.201680672269,2.01465221053,0.978545359402,0.524369747899,1.74894926439,0.849489642704,0.463865546218,0.814492905316,0.428238537847,2.33333333333,1.90196078431,0.814492905316,2.33333333333,0,0,0,0,0.164242424242,17,17,17,1,0,0.352941176471,0.411764705882,0.235294117647,17,37,0.136029411765,1.88235294118,4.35294117647,3.36363636364,2.84615384615,1.69341284359,0.389027274878,0.193958664547,2.09866904602,0.964253345467,0.518282988871,1.87867287326,0.863174022847,0.470588235294,0.786197569093,0.41766745858,2.25,1.88235294118,0.786197569093,2.25,0.166339869281,0.0612244897959,3,0.00441176470588,0.185952380952,17,17,17,1,0,0.352941176471,0.411764705882,0.235294117647,0,0,0,0,0,0,0,0,0,0,0,0,0,0,0,0,0,0,0,0,0,0,0,0,0,0,0,0,0,37,0,0,235,1,1,0,0,1,1,1,1,1,1,2,2,0,0,0,0
724,WLNM_dir_neg,1,0.5,00:00:01,10,20,31,1980863004,threshold_sweep,0.4,1,1,1,2,0,0,4,1,1,0,0,1,1,1,1,0.555555555556,1,1,1,37,35,2,0,37,0,35,0,2,17,37,0.136029411765,1.88235294118,4.35294117647,3.36363636364,2.84615384615,1.69341284359,0.389027274878,0.193958664547,2.09866904602,0.964253345467,0.518282988871,1.87867287326,0.863174022847,0.470588235294,0.786197569093,0.41766745858,2.25,1.88235294118,0.786197569093,2.25,0.166339869281,0.0612244897959,3,0.00441176470588,0.185952380952,17,17,17,1,0,0.352941176471,0.411764705882,0.235294117647,17,0.128676470588,1.90196078431,4.11764705882,3.18181818182,2.69230769231,1.57648156274,0.382859808093,0.201680672269,2.01465221053,0.978545359402,0.524369747899,1.74894926439,0.849489642704,0.463865546218,0.814492905316,0.428238537847,2.33333333333,1.90196078431,0.814492905316,2.33333333333,0,0,0,0,0.164242424242,17,17,17,1,0,0.352941176471,0.411764705882,0.235294117647,17,37,0.136029411765,1.88235294118,4.35294117647,3.36363636364,2.84615384615,1.69341284359,0.389027274878,0.193958664547,2.09866904602,0.964253345467,0.518282988871,1.87867287326,0.863174022847,0.470588235294,0.786197569093,0.41766745858,2.25,1.88235294118,0.786197569093,2.25,0.166339869281,0.0612244897959,3,0.00441176470588,0.185952380952,17,17,17,1,0,0.352941176471,0.411764705882,0.235294117647,0,0,0,0,0,0,0,0,0,0,0,0,0,0,0,0,0,0,0,0,0,0,0,0,0,0,0,0,0,37,0,0,235,1,1,0,0,1,1,1,1,1,1,2,2,0,0,0,0
725,WLNM_dir_neg,1,0.5,00:00:01,10,20,31,1980863004,threshold_sweep,0.5,1,1,1,2,0,0,4,1,1,0,0,1,1,1,1,0.555555555556,1,1,1,37,35,2,0,37,0,35,0,2,17,37,0.136029411765,1.88235294118,4.35294117647,3.36363636364,2.84615384615,1.69341284359,0.389027274878,0.193958664547,2.09866904602,0.964253345467,0.518282988871,1.87867287326,0.863174022847,0.470588235294,0.786197569093,0.41766745858,2.25,1.88235294118,0.786197569093,2.25,0.166339869281,0.0612244897959,3,0.00441176470588,0.185952380952,17,17,17,1,0,0.352941176471,0.411764705882,0.235294117647,17,0.128676470588,1.90196078431,4.11764705882,3.18181818182,2.69230769231,1.57648156274,0.382859808093,0.201680672269,2.01465221053,0.978545359402,0.524369747899,1.74894926439,0.849489642704,0.463865546218,0.814492905316,0.428238537847,2.33333333333,1.90196078431,0.814492905316,2.33333333333,0,0,0,0,0.164242424242,17,17,17,1,0,0.352941176471,0.411764705882,0.235294117647,17,37,0.136029411765,1.88235294118,4.35294117647,3.36363636364,2.84615384615,1.69341284359,0.389027274878,0.193958664547,2.09866904602,0.964253345467,0.518282988871,1.87867287326,0.863174022847,0.470588235294,0.786197569093,0.41766745858,2.25,1.88235294118,0.786197569093,2.25,0.166339869281,0.0612244897959,3,0.00441176470588,0.185952380952,17,17,17,1,0,0.352941176471,0.411764705882,0.235294117647,0,0,0,0,0,0,0,0,0,0,0,0,0,0,0,0,0,0,0,0,0,0,0,0,0,0,0,0,0,37,0,0,235,1,1,0,0,1,1,1,1,1,1,2,2,0,0,0,0
726,WLNM_dir_neg,1,0.5,00:00:01,10,20,31,1980863004,threshold_sweep,0.6,1,1,1,2,0,0,4,1,1,0,0,1,1,1,1,0.555555555556,1,1,1,37,35,2,0,37,0,35,0,2,17,37,0.136029411765,1.88235294118,4.35294117647,3.36363636364,2.84615384615,1.69341284359,0.389027274878,0.193958664547,2.09866904602,0.964253345467,0.518282988871,1.87867287326,0.863174022847,0.470588235294,0.786197569093,0.41766745858,2.25,1.88235294118,0.786197569093,2.25,0.166339869281,0.0612244897959,3,0.00441176470588,0.185952380952,17,17,17,1,0,0.352941176471,0.411764705882,0.235294117647,17,0.128676470588,1.90196078431,4.11764705882,3.18181818182,2.69230769231,1.57648156274,0.382859808093,0.201680672269,2.01465221053,0.978545359402,0.524369747899,1.74894926439,0.849489642704,0.463865546218,0.814492905316,0.428238537847,2.33333333333,1.90196078431,0.814492905316,2.33333333333,0,0,0,0,0.164242424242,17,17,17,1,0,0.352941176471,0.411764705882,0.235294117647,17,37,0.136029411765,1.88235294118,4.35294117647,3.36363636364,2.84615384615,1.69341284359,0.389027274878,0.193958664547,2.09866904602,0.964253345467,0.518282988871,1.87867287326,0.863174022847,0.470588235294,0.786197569093,0.41766745858,2.25,1.88235294118,0.786197569093,2.25,0.166339869281,0.0612244897959,3,0.00441176470588,0.185952380952,17,17,17,1,0,0.352941176471,0.411764705882,0.235294117647,0,0,0,0,0,0,0,0,0,0,0,0,0,0,0,0,0,0,0,0,0,0,0,0,0,0,0,0,0,37,0,0,235,1,1,0,0,1,1,1,1,1,1,2,2,0,0,0,0
727,WLNM_dir_neg,1,0.5,00:00:01,10,20,31,1980863004,threshold_sweep,0.7,1,1,1,2,0,0,4,1,1,0,0,1,1,1,1,0.555555555556,1,1,1,37,35,2,0,37,0,35,0,2,17,37,0.136029411765,1.88235294118,4.35294117647,3.36363636364,2.84615384615,1.69341284359,0.389027274878,0.193958664547,2.09866904602,0.964253345467,0.518282988871,1.87867287326,0.863174022847,0.470588235294,0.786197569093,0.41766745858,2.25,1.88235294118,0.786197569093,2.25,0.166339869281,0.0612244897959,3,0.00441176470588,0.185952380952,17,17,17,1,0,0.352941176471,0.411764705882,0.235294117647,17,0.128676470588,1.90196078431,4.11764705882,3.18181818182,2.69230769231,1.57648156274,0.382859808093,0.201680672269,2.01465221053,0.978545359402,0.524369747899,1.74894926439,0.849489642704,0.463865546218,0.814492905316,0.428238537847,2.33333333333,1.90196078431,0.814492905316,2.33333333333,0,0,0,0,0.164242424242,17,17,17,1,0,0.352941176471,0.411764705882,0.235294117647,17,37,0.136029411765,1.88235294118,4.35294117647,3.36363636364,2.84615384615,1.69341284359,0.389027274878,0.193958664547,2.09866904602,0.964253345467,0.518282988871,1.87867287326,0.863174022847,0.470588235294,0.786197569093,0.41766745858,2.25,1.88235294118,0.786197569093,2.25,0.166339869281,0.0612244897959,3,0.00441176470588,0.185952380952,17,17,17,1,0,0.352941176471,0.411764705882,0.235294117647,0,0,0,0,0,0,0,0,0,0,0,0,0,0,0,0,0,0,0,0,0,0,0,0,0,0,0,0,0,37,0,0,235,1,1,0,0,1,1,1,1,1,1,2,2,0,0,0,0
728,WLNM_dir_neg,1,0.5,00:00:01,10,20,31,1980863004,threshold_sweep,0.8,1,1,1,2,0,0,4,1,1,0,0,1,1,1,1,0.555555555556,1,1,1,37,35,2,0,37,0,35,0,2,17,37,0.136029411765,1.88235294118,4.35294117647,3.36363636364,2.84615384615,1.69341284359,0.389027274878,0.193958664547,2.09866904602,0.964253345467,0.518282988871,1.87867287326,0.863174022847,0.470588235294,0.786197569093,0.41766745858,2.25,1.88235294118,0.786197569093,2.25,0.166339869281,0.0612244897959,3,0.00441176470588,0.185952380952,17,17,17,1,0,0.352941176471,0.411764705882,0.235294117647,17,0.128676470588,1.90196078431,4.11764705882,3.18181818182,2.69230769231,1.57648156274,0.382859808093,0.201680672269,2.01465221053,0.978545359402,0.524369747899,1.74894926439,0.849489642704,0.463865546218,0.814492905316,0.428238537847,2.33333333333,1.90196078431,0.814492905316,2.33333333333,0,0,0,0,0.164242424242,17,17,17,1,0,0.352941176471,0.411764705882,0.235294117647,17,37,0.136029411765,1.88235294118,4.35294117647,3.36363636364,2.84615384615,1.69341284359,0.389027274878,0.193958664547,2.09866904602,0.964253345467,0.518282988871,1.87867287326,0.863174022847,0.470588235294,0.786197569093,0.41766745858,2.25,1.88235294118,0.786197569093,2.25,0.166339869281,0.0612244897959,3,0.00441176470588,0.185952380952,17,17,17,1,0,0.352941176471,0.411764705882,0.235294117647,0,0,0,0,0,0,0,0,0,0,0,0,0,0,0,0,0,0,0,0,0,0,0,0,0,0,0,0,0,37,0,0,235,1,1,0,0,1,1,1,1,1,1,2,2,0,0,0,0
729,WLNM_dir_neg,1,0.5,00:00:01,10,20,31,1980863004,threshold_sweep,0.9,1,1,1,2,0,0,4,1,1,0,0,1,1,1,1,0.555555555556,1,1,1,37,35,2,0,37,0,35,0,2,17,37,0.136029411765,1.88235294118,4.35294117647,3.36363636364,2.84615384615,1.69341284359,0.389027274878,0.193958664547,2.09866904602,0.964253345467,0.518282988871,1.87867287326,0.863174022847,0.470588235294,0.786197569093,0.41766745858,2.25,1.88235294118,0.786197569093,2.25,0.166339869281,0.0612244897959,3,0.00441176470588,0.185952380952,17,17,17,1,0,0.352941176471,0.411764705882,0.235294117647,17,0.128676470588,1.90196078431,4.11764705882,3.18181818182,2.69230769231,1.57648156274,0.382859808093,0.201680672269,2.01465221053,0.978545359402,0.524369747899,1.74894926439,0.849489642704,0.463865546218,0.814492905316,0.428238537847,2.33333333333,1.90196078431,0.814492905316,2.33333333333,0,0,0,0,0.164242424242,17,17,17,1,0,0.352941176471,0.411764705882,0.235294117647,17,37,0.136029411765,1.88235294118,4.35294117647,3.36363636364,2.84615384615,1.69341284359,0.389027274878,0.193958664547,2.09866904602,0.964253345467,0.518282988871,1.87867287326,0.863174022847,0.470588235294,0.786197569093,0.41766745858,2.25,1.88235294118,0.786197569093,2.25,0.166339869281,0.0612244897959,3,0.00441176470588,0.185952380952,17,17,17,1,0,0.352941176471,0.411764705882,0.235294117647,0,0,0,0,0,0,0,0,0,0,0,0,0,0,0,0,0,0,0,0,0,0,0,0,0,0,0,0,0,37,0,0,235,1,1,0,0,1,1,1,1,1,1,2,2,0,0,0,0
730,WLNM_dir_neg,0.875,0.291666666667,00:00:02,10,20,32,1980863005,threshold_sweep,0.1,0.666666666667,1,0.8,2,1,0,3,1,0.75,0.25,0,0.666666666667,1,0.8,0.833333333333,0.5,0.666666666667,0.707106781187,0.75,37,35,2,0,37,0,35,0,2,17,37,0.136029411765,1.88235294118,4.35294117647,3.36363636364,2.84615384615,1.69341284359,0.389027274878,0.193958664547,2.09866904602,0.964253345467,0.518282988871,1.87867287326,0.863174022847,0.470588235294,0.786197569093,0.41766745858,2.25,1.88235294118,0.786197569093,2.25,0.166339869281,0.0612244897959,3,0.00441176470588,0.185952380952,17,17,17,1,0,0.352941176471,0.411764705882,0.235294117647,17,0.128676470588,1.90196078431,4.11764705882,3.18181818182,2.69230769231,1.57648156274,0.382859808093,0.201680672269,2.01465221053,0.978545359402,0.524369747899,1.74894926439,0.849489642704,0.463865546218,0.814492905316,0.428238537847,2.33333333333,1.90196078431,0.814492905316,2.33333333333,0,0,0,0,0.164242424242,17,17,17,1,0,0.352941176471,0.411764705882,0.235294117647,17,38,0.139705882353,1.89705882353,4.47058823529,3.45454545455,2.71428571429,1.73629084037,0.388380845872,0.198142414861,2.16591238756,0.968960804961,0.517027863777,1.82103719638,0.814674535221,0.442724458204,0.805541469338,0.424626510969,2.25,1.89705882353,0.805541469338,2.25,0.185620915033,0.0961538461538,5,0.00735294117647,0.181154401154,17,17,17,1,0,0.352941176471,0.470588235294,0.176470588235,1,0.00367647058824,0.0147058823529,0.117647058824,0.0909090909091,-0.131868131868,0.0428779967836,-0.000646429005719,0.00418375031378,0.0672433415445,0.00470745949447,-0.00125512509413,-0.0576356768785,-0.0484994876259,-0.0278637770898,0.0193439002456,0.00695905238854,0,0.0147058823529,0.0193439002456,0,0.0192810457516,0.0349293563579,2,0.00294117647059,-0.00479797979798,0,0.0588235294118,-0.0588235294118,37,1,0,234,1,0.995744680851,0.00425531914894,0,0.973684210526,1,0.986666666667,0.984652666406,0.995744680851,0.973684210526,3,2,0,0,0,0
731,WLNM_dir_neg,0.875,0.291666666667,00:00:02,10,20,32,1980863005,threshold_sweep,0.2,0.666666666667,1,0.8,2,1,0,3,1,0.75,0.25,0,0.666666666667,1,0.8,0.833333333333,0.5,0.666666666667,0.707106781187,0.75,37,35,2,0,37,0,35,0,2,17,37,0.136029411765,1.88235294118,4.35294117647,3.36363636364,2.84615384615,1.69341284359,0.389027274878,0.193958664547,2.09866904602,0.964253345467,0.518282988871,1.87867287326,0.863174022847,0.470588235294,0.786197569093,0.41766745858,2.25,1.88235294118,0.786197569093,2.25,0.166339869281,0.0612244897959,3,0.00441176470588,0.185952380952,17,17,17,1,0,0.352941176471,0.411764705882,0.235294117647,17,0.128676470588,1.90196078431,4.11764705882,3.18181818182,2.69230769231,1.57648156274,0.382859808093,0.201680672269,2.01465221053,0.978545359402,0.524369747899,1.74894926439,0.849489642704,0.463865546218,0.814492905316,0.428238537847,2.33333333333,1.90196078431,0.814492905316,2.33333333333,0,0,0,0,0.164242424242,17,17,17,1,0,0.352941176471,0.411764705882,0.235294117647,17,38,0.139705882353,1.89705882353,4.47058823529,3.45454545455,2.71428571429,1.73629084037,0.388380845872,0.198142414861,2.16591238756,0.968960804961,0.517027863777,1.82103719638,0.814674535221,0.442724458204,0.805541469338,0.424626510969,2.25,1.89705882353,0.805541469338,2.25,0.185620915033,0.0961538461538,5,0.00735294117647,0.181154401154,17,17,17,1,0,0.352941176471,0.470588235294,0.176470588235,1,0.00367647058824,0.0147058823529,0.117647058824,0.0909090909091,-0.131868131868,0.0428779967836,-0.000646429005719,0.00418375031378,0.0672433415445,0.00470745949447,-0.00125512509413,-0.0576356768785,-0.0484994876259,-0.0278637770898,0.0193439002456,0.00695905238854,0,0.0147058823529,0.0193439002456,0,0.0192810457516,0.0349293563579,2,0.00294117647059,-0.00479797979798,0,0.0588235294118,-0.0588235294118,37,1,0,234,1,0.995744680851,0.00425531914894,0,0.973684210526,1,0.986666666667,0.984652666406,0.995744680851,0.973684210526,3,2,0,0,0,0
732,WLNM_dir_neg,0.875,0.291666666667,00:00:02,10,20,32,1980863005,threshold_sweep,0.3,0.666666666667,1,0.8,2,1,0,3,1,0.75,0.25,0,0.666666666667,1,0.8,0.833333333333,0.5,0.666666666667,0.707106781187,0.75,37,35,2,0,37,0,35,0,2,17,37,0.136029411765,1.88235294118,4.35294117647,3.36363636364,2.84615384615,1.69341284359,0.389027274878,0.193958664547,2.09866904602,0.964253345467,0.518282988871,1.87867287326,0.863174022847,0.470588235294,0.786197569093,0.41766745858,2.25,1.88235294118,0.786197569093,2.25,0.166339869281,0.0612244897959,3,0.00441176470588,0.185952380952,17,17,17,1,0,0.352941176471,0.411764705882,0.235294117647,17,0.128676470588,1.90196078431,4.11764705882,3.18181818182,2.69230769231,1.57648156274,0.382859808093,0.201680672269,2.01465221053,0.978545359402,0.524369747899,1.74894926439,0.849489642704,0.463865546218,0.814492905316,0.428238537847,2.33333333333,1.90196078431,0.814492905316,2.33333333333,0,0,0,0,0.164242424242,17,17,17,1,0,0.352941176471,0.411764705882,0.235294117647,17,38,0.139705882353,1.89705882353,4.47058823529,3.45454545455,2.71428571429,1.73629084037,0.388380845872,0.198142414861,2.16591238756,0.968960804961,0.517027863777,1.82103719638,0.814674535221,0.442724458204,0.805541469338,0.424626510969,2.25,1.89705882353,0.805541469338,2.25,0.185620915033,0.0961538461538,5,0.00735294117647,0.181154401154,17,17,17,1,0,0.352941176471,0.470588235294,0.176470588235,1,0.00367647058824,0.0147058823529,0.117647058824,0.0909090909091,-0.131868131868,0.0428779967836,-0.000646429005719,0.00418375031378,0.0672433415445,0.00470745949447,-0.00125512509413,-0.0576356768785,-0.0484994876259,-0.0278637770898,0.0193439002456,0.00695905238854,0,0.0147058823529,0.0193439002456,0,0.0192810457516,0.0349293563579,2,0.00294117647059,-0.00479797979798,0,0.0588235294118,-0.0588235294118,37,1,0,234,1,0.995744680851,0.00425531914894,0,0.973684210526,1,0.986666666667,0.984652666406,0.995744680851,0.973684210526,3,2,0,0,0,0
733,WLNM_dir_neg,0.875,0.291666666667,00:00:02,10,20,32,1980863005,threshold_sweep,0.4,0.666666666667,1,0.8,2,1,0,3,1,0.75,0.25,0,0.666666666667,1,0.8,0.833333333333,0.5,0.666666666667,0.707106781187,0.75,37,35,2,0,37,0,35,0,2,17,37,0.136029411765,1.88235294118,4.35294117647,3.36363636364,2.84615384615,1.69341284359,0.389027274878,0.193958664547,2.09866904602,0.964253345467,0.518282988871,1.87867287326,0.863174022847,0.470588235294,0.786197569093,0.41766745858,2.25,1.88235294118,0.786197569093,2.25,0.166339869281,0.0612244897959,3,0.00441176470588,0.185952380952,17,17,17,1,0,0.352941176471,0.411764705882,0.235294117647,17,0.128676470588,1.90196078431,4.11764705882,3.18181818182,2.69230769231,1.57648156274,0.382859808093,0.201680672269,2.01465221053,0.978545359402,0.524369747899,1.74894926439,0.849489642704,0.463865546218,0.814492905316,0.428238537847,2.33333333333,1.90196078431,0.814492905316,2.33333333333,0,0,0,0,0.164242424242,17,17,17,1,0,0.352941176471,0.411764705882,0.235294117647,17,38,0.139705882353,1.89705882353,4.47058823529,3.45454545455,2.71428571429,1.73629084037,0.388380845872,0.198142414861,2.16591238756,0.968960804961,0.517027863777,1.82103719638,0.814674535221,0.442724458204,0.805541469338,0.424626510969,2.25,1.89705882353,0.805541469338,2.25,0.185620915033,0.0961538461538,5,0.00735294117647,0.181154401154,17,17,17,1,0,0.352941176471,0.470588235294,0.176470588235,1,0.00367647058824,0.0147058823529,0.117647058824,0.0909090909091,-0.131868131868,0.0428779967836,-0.000646429005719,0.00418375031378,0.0672433415445,0.00470745949447,-0.00125512509413,-0.0576356768785,-0.0484994876259,-0.0278637770898,0.0193439002456,0.00695905238854,0,0.0147058823529,0.0193439002456,0,0.0192810457516,0.0349293563579,2,0.00294117647059,-0.00479797979798,0,0.0588235294118,-0.0588235294118,37,1,0,234,1,0.995744680851,0.00425531914894,0,0.973684210526,1,0.986666666667,0.984652666406,0.995744680851,0.973684210526,3,2,0,0,0,0
734,WLNM_dir_neg,0.875,0.291666666667,00:00:02,10,20,32,1980863005,threshold_sweep,0.5,0.666666666667,1,0.8,2,1,0,3,1,0.75,0.25,0,0.666666666667,1,0.8,0.833333333333,0.5,0.666666666667,0.707106781187,0.75,37,35,2,0,37,0,35,0,2,17,37,0.136029411765,1.88235294118,4.35294117647,3.36363636364,2.84615384615,1.69341284359,0.389027274878,0.193958664547,2.09866904602,0.964253345467,0.518282988871,1.87867287326,0.863174022847,0.470588235294,0.786197569093,0.41766745858,2.25,1.88235294118,0.786197569093,2.25,0.166339869281,0.0612244897959,3,0.00441176470588,0.185952380952,17,17,17,1,0,0.352941176471,0.411764705882,0.235294117647,17,0.128676470588,1.90196078431,4.11764705882,3.18181818182,2.69230769231,1.57648156274,0.382859808093,0.201680672269,2.01465221053,0.978545359402,0.524369747899,1.74894926439,0.849489642704,0.463865546218,0.814492905316,0.428238537847,2.33333333333,1.90196078431,0.814492905316,2.33333333333,0,0,0,0,0.164242424242,17,17,17,1,0,0.352941176471,0.411764705882,0.235294117647,17,38,0.139705882353,1.89705882353,4.47058823529,3.45454545455,2.71428571429,1.73629084037,0.388380845872,0.198142414861,2.16591238756,0.968960804961,0.517027863777,1.82103719638,0.814674535221,0.442724458204,0.805541469338,0.424626510969,2.25,1.89705882353,0.805541469338,2.25,0.185620915033,0.0961538461538,5,0.00735294117647,0.181154401154,17,17,17,1,0,0.352941176471,0.470588235294,0.176470588235,1,0.00367647058824,0.0147058823529,0.117647058824,0.0909090909091,-0.131868131868,0.0428779967836,-0.000646429005719,0.00418375031378,0.0672433415445,0.00470745949447,-0.00125512509413,-0.0576356768785,-0.0484994876259,-0.0278637770898,0.0193439002456,0.00695905238854,0,0.0147058823529,0.0193439002456,0,0.0192810457516,0.0349293563579,2,0.00294117647059,-0.00479797979798,0,0.0588235294118,-0.0588235294118,37,1,0,234,1,0.995744680851,0.00425531914894,0,0.973684210526,1,0.986666666667,0.984652666406,0.995744680851,0.973684210526,3,2,0,0,0,0
735,WLNM_dir_neg,0.875,0.291666666667,00:00:02,10,20,32,1980863005,threshold_sweep,0.6,0.666666666667,1,0.8,2,1,0,3,1,0.75,0.25,0,0.666666666667,1,0.8,0.833333333333,0.5,0.666666666667,0.707106781187,0.75,37,35,2,0,37,0,35,0,2,17,37,0.136029411765,1.88235294118,4.35294117647,3.36363636364,2.84615384615,1.69341284359,0.389027274878,0.193958664547,2.09866904602,0.964253345467,0.518282988871,1.87867287326,0.863174022847,0.470588235294,0.786197569093,0.41766745858,2.25,1.88235294118,0.786197569093,2.25,0.166339869281,0.0612244897959,3,0.00441176470588,0.185952380952,17,17,17,1,0,0.352941176471,0.411764705882,0.235294117647,17,0.128676470588,1.90196078431,4.11764705882,3.18181818182,2.69230769231,1.57648156274,0.382859808093,0.201680672269,2.01465221053,0.978545359402,0.524369747899,1.74894926439,0.849489642704,0.463865546218,0.814492905316,0.428238537847,2.33333333333,1.90196078431,0.814492905316,2.33333333333,0,0,0,0,0.164242424242,17,17,17,1,0,0.352941176471,0.411764705882,0.235294117647,17,38,0.139705882353,1.89705882353,4.47058823529,3.45454545455,2.71428571429,1.73629084037,0.388380845872,0.198142414861,2.16591238756,0.968960804961,0.517027863777,1.82103719638,0.814674535221,0.442724458204,0.805541469338,0.424626510969,2.25,1.89705882353,0.805541469338,2.25,0.185620915033,0.0961538461538,5,0.00735294117647,0.181154401154,17,17,17,1,0,0.352941176471,0.470588235294,0.176470588235,1,0.00367647058824,0.0147058823529,0.117647058824,0.0909090909091,-0.131868131868,0.0428779967836,-0.000646429005719,0.00418375031378,0.0672433415445,0.00470745949447,-0.00125512509413,-0.0576356768785,-0.0484994876259,-0.0278637770898,0.0193439002456,0.00695905238854,0,0.0147058823529,0.0193439002456,0,0.0192810457516,0.0349293563579,2,0.00294117647059,-0.00479797979798,0,0.0588235294118,-0.0588235294118,37,1,0,234,1,0.995744680851,0.00425531914894,0,0.973684210526,1,0.986666666667,0.984652666406,0.995744680851,0.973684210526,3,2,0,0,0,0
736,WLNM_dir_neg,0.875,0.291666666667,00:00:02,10,20,32,1980863005,threshold_sweep,0.7,0.666666666667,1,0.8,2,1,0,3,1,0.75,0.25,0,0.666666666667,1,0.8,0.833333333333,0.5,0.666666666667,0.707106781187,0.75,37,35,2,0,37,0,35,0,2,17,37,0.136029411765,1.88235294118,4.35294117647,3.36363636364,2.84615384615,1.69341284359,0.389027274878,0.193958664547,2.09866904602,0.964253345467,0.518282988871,1.87867287326,0.863174022847,0.470588235294,0.786197569093,0.41766745858,2.25,1.88235294118,0.786197569093,2.25,0.166339869281,0.0612244897959,3,0.00441176470588,0.185952380952,17,17,17,1,0,0.352941176471,0.411764705882,0.235294117647,17,0.128676470588,1.90196078431,4.11764705882,3.18181818182,2.69230769231,1.57648156274,0.382859808093,0.201680672269,2.01465221053,0.978545359402,0.524369747899,1.74894926439,0.849489642704,0.463865546218,0.814492905316,0.428238537847,2.33333333333,1.90196078431,0.814492905316,2.33333333333,0,0,0,0,0.164242424242,17,17,17,1,0,0.352941176471,0.411764705882,0.235294117647,17,38,0.139705882353,1.89705882353,4.47058823529,3.45454545455,2.71428571429,1.73629084037,0.388380845872,0.198142414861,2.16591238756,0.968960804961,0.517027863777,1.82103719638,0.814674535221,0.442724458204,0.805541469338,0.424626510969,2.25,1.89705882353,0.805541469338,2.25,0.185620915033,0.0961538461538,5,0.00735294117647,0.181154401154,17,17,17,1,0,0.352941176471,0.470588235294,0.176470588235,1,0.00367647058824,0.0147058823529,0.117647058824,0.0909090909091,-0.131868131868,0.0428779967836,-0.000646429005719,0.00418375031378,0.0672433415445,0.00470745949447,-0.00125512509413,-0.0576356768785,-0.0484994876259,-0.0278637770898,0.0193439002456,0.00695905238854,0,0.0147058823529,0.0193439002456,0,0.0192810457516,0.0349293563579,2,0.00294117647059,-0.00479797979798,0,0.0588235294118,-0.0588235294118,37,1,0,234,1,0.995744680851,0.00425531914894,0,0.973684210526,1,0.986666666667,0.984652666406,0.995744680851,0.973684210526,3,2,0,0,0,0
737,WLNM_dir_neg,0.875,0.291666666667,00:00:02,10,20,32,1980863005,threshold_sweep,0.8,0.666666666667,1,0.8,2,1,0,3,1,0.75,0.25,0,0.666666666667,1,0.8,0.833333333333,0.5,0.666666666667,0.707106781187,0.75,37,35,2,0,37,0,35,0,2,17,37,0.136029411765,1.88235294118,4.35294117647,3.36363636364,2.84615384615,1.69341284359,0.389027274878,0.193958664547,2.09866904602,0.964253345467,0.518282988871,1.87867287326,0.863174022847,0.470588235294,0.786197569093,0.41766745858,2.25,1.88235294118,0.786197569093,2.25,0.166339869281,0.0612244897959,3,0.00441176470588,0.185952380952,17,17,17,1,0,0.352941176471,0.411764705882,0.235294117647,17,0.128676470588,1.90196078431,4.11764705882,3.18181818182,2.69230769231,1.57648156274,0.382859808093,0.201680672269,2.01465221053,0.978545359402,0.524369747899,1.74894926439,0.849489642704,0.463865546218,0.814492905316,0.428238537847,2.33333333333,1.90196078431,0.814492905316,2.33333333333,0,0,0,0,0.164242424242,17,17,17,1,0,0.352941176471,0.411764705882,0.235294117647,17,38,0.139705882353,1.89705882353,4.47058823529,3.45454545455,2.71428571429,1.73629084037,0.388380845872,0.198142414861,2.16591238756,0.968960804961,0.517027863777,1.82103719638,0.814674535221,0.442724458204,0.805541469338,0.424626510969,2.25,1.89705882353,0.805541469338,2.25,0.185620915033,0.0961538461538,5,0.00735294117647,0.181154401154,17,17,17,1,0,0.352941176471,0.470588235294,0.176470588235,1,0.00367647058824,0.0147058823529,0.117647058824,0.0909090909091,-0.131868131868,0.0428779967836,-0.000646429005719,0.00418375031378,0.0672433415445,0.00470745949447,-0.00125512509413,-0.0576356768785,-0.0484994876259,-0.0278637770898,0.0193439002456,0.00695905238854,0,0.0147058823529,0.0193439002456,0,0.0192810457516,0.0349293563579,2,0.00294117647059,-0.00479797979798,0,0.0588235294118,-0.0588235294118,37,1,0,234,1,0.995744680851,0.00425531914894,0,0.973684210526,1,0.986666666667,0.984652666406,0.995744680851,0.973684210526,3,2,0,0,0,0
738,WLNM_dir_neg,0.875,0.291666666667,00:00:02,10,20,32,1980863005,threshold_sweep,0.9,0.666666666667,1,0.8,2,1,0,3,1,0.75,0.25,0,0.666666666667,1,0.8,0.833333333333,0.5,0.666666666667,0.707106781187,0.75,37,35,2,0,37,0,35,0,2,17,37,0.136029411765,1.88235294118,4.35294117647,3.36363636364,2.84615384615,1.69341284359,0.389027274878,0.193958664547,2.09866904602,0.964253345467,0.518282988871,1.87867287326,0.863174022847,0.470588235294,0.786197569093,0.41766745858,2.25,1.88235294118,0.786197569093,2.25,0.166339869281,0.0612244897959,3,0.00441176470588,0.185952380952,17,17,17,1,0,0.352941176471,0.411764705882,0.235294117647,17,0.128676470588,1.90196078431,4.11764705882,3.18181818182,2.69230769231,1.57648156274,0.382859808093,0.201680672269,2.01465221053,0.978545359402,0.524369747899,1.74894926439,0.849489642704,0.463865546218,0.814492905316,0.428238537847,2.33333333333,1.90196078431,0.814492905316,2.33333333333,0,0,0,0,0.164242424242,17,17,17,1,0,0.352941176471,0.411764705882,0.235294117647,17,38,0.139705882353,1.89705882353,4.47058823529,3.45454545455,2.71428571429,1.73629084037,0.388380845872,0.198142414861,2.16591238756,0.968960804961,0.517027863777,1.82103719638,0.814674535221,0.442724458204,0.805541469338,0.424626510969,2.25,1.89705882353,0.805541469338,2.25,0.185620915033,0.0961538461538,5,0.00735294117647,0.181154401154,17,17,17,1,0,0.352941176471,0.470588235294,0.176470588235,1,0.00367647058824,0.0147058823529,0.117647058824,0.0909090909091,-0.131868131868,0.0428779967836,-0.000646429005719,0.00418375031378,0.0672433415445,0.00470745949447,-0.00125512509413,-0.0576356768785,-0.0484994876259,-0.0278637770898,0.0193439002456,0.00695905238854,0,0.0147058823529,0.0193439002456,0,0.0192810457516,0.0349293563579,2,0.00294117647059,-0.00479797979798,0,0.0588235294118,-0.0588235294118,37,1,0,234,1,0.995744680851,0.00425531914894,0,0.973684210526,1,0.986666666667,0.984652666406,0.995744680851,0.973684210526,3,2,0,0,0,0
739,WLNM_dir_neg,1,0.5,00:00:02,10,20,33,1980863006,threshold_sweep,0.1,1,1,1,2,0,0,4,1,1,0,0,1,1,1,1,0.555555555556,1,1,1,37,35,2,0,37,0,35,0,2,17,37,0.136029411765,1.88235294118,4.35294117647,3.36363636364,2.84615384615,1.69341284359,0.389027274878,0.193958664547,2.09866904602,0.964253345467,0.518282988871,1.87867287326,0.863174022847,0.470588235294,0.786197569093,0.41766745858,2.25,1.88235294118,0.786197569093,2.25,0.166339869281,0.0612244897959,3,0.00441176470588,0.185952380952,17,17,17,1,0,0.352941176471,0.411764705882,0.235294117647,17,0.128676470588,1.90196078431,4.11764705882,3.18181818182,2.69230769231,1.57648156274,0.382859808093,0.201680672269,2.01465221053,0.978545359402,0.524369747899,1.74894926439,0.849489642704,0.463865546218,0.814492905316,0.428238537847,2.33333333333,1.90196078431,0.814492905316,2.33333333333,0,0,0,0,0.164242424242,17,17,17,1,0,0.352941176471,0.411764705882,0.235294117647,17,37,0.136029411765,1.88235294118,4.35294117647,3.36363636364,2.84615384615,1.69341284359,0.389027274878,0.193958664547,2.09866904602,0.964253345467,0.518282988871,1.87867287326,0.863174022847,0.470588235294,0.786197569093,0.41766745858,2.25,1.88235294118,0.786197569093,2.25,0.166339869281,0.0612244897959,3,0.00441176470588,0.185952380952,17,17,17,1,0,0.352941176471,0.411764705882,0.235294117647,0,0,0,0,0,0,0,0,0,0,0,0,0,0,0,0,0,0,0,0,0,0,0,0,0,0,0,0,0,37,0,0,235,1,1,0,0,1,1,1,1,1,1,2,2,0,0,0,0
740,WLNM_dir_neg,1,0.5,00:00:02,10,20,33,1980863006,threshold_sweep,0.2,1,1,1,2,0,0,4,1,1,0,0,1,1,1,1,0.555555555556,1,1,1,37,35,2,0,37,0,35,0,2,17,37,0.136029411765,1.88235294118,4.35294117647,3.36363636364,2.84615384615,1.69341284359,0.389027274878,0.193958664547,2.09866904602,0.964253345467,0.518282988871,1.87867287326,0.863174022847,0.470588235294,0.786197569093,0.41766745858,2.25,1.88235294118,0.786197569093,2.25,0.166339869281,0.0612244897959,3,0.00441176470588,0.185952380952,17,17,17,1,0,0.352941176471,0.411764705882,0.235294117647,17,0.128676470588,1.90196078431,4.11764705882,3.18181818182,2.69230769231,1.57648156274,0.382859808093,0.201680672269,2.01465221053,0.978545359402,0.524369747899,1.74894926439,0.849489642704,0.463865546218,0.814492905316,0.428238537847,2.33333333333,1.90196078431,0.814492905316,2.33333333333,0,0,0,0,0.164242424242,17,17,17,1,0,0.352941176471,0.411764705882,0.235294117647,17,37,0.136029411765,1.88235294118,4.35294117647,3.36363636364,2.84615384615,1.69341284359,0.389027274878,0.193958664547,2.09866904602,0.964253345467,0.518282988871,1.87867287326,0.863174022847,0.470588235294,0.786197569093,0.41766745858,2.25,1.88235294118,0.786197569093,2.25,0.166339869281,0.0612244897959,3,0.00441176470588,0.185952380952,17,17,17,1,0,0.352941176471,0.411764705882,0.235294117647,0,0,0,0,0,0,0,0,0,0,0,0,0,0,0,0,0,0,0,0,0,0,0,0,0,0,0,0,0,37,0,0,235,1,1,0,0,1,1,1,1,1,1,2,2,0,0,0,0
741,WLNM_dir_neg,1,0.5,00:00:02,10,20,33,1980863006,threshold_sweep,0.3,1,1,1,2,0,0,4,1,1,0,0,1,1,1,1,0.555555555556,1,1,1,37,35,2,0,37,0,35,0,2,17,37,0.136029411765,1.88235294118,4.35294117647,3.36363636364,2.84615384615,1.69341284359,0.389027274878,0.193958664547,2.09866904602,0.964253345467,0.518282988871,1.87867287326,0.863174022847,0.470588235294,0.786197569093,0.41766745858,2.25,1.88235294118,0.786197569093,2.25,0.166339869281,0.0612244897959,3,0.00441176470588,0.185952380952,17,17,17,1,0,0.352941176471,0.411764705882,0.235294117647,17,0.128676470588,1.90196078431,4.11764705882,3.18181818182,2.69230769231,1.57648156274,0.382859808093,0.201680672269,2.01465221053,0.978545359402,0.524369747899,1.74894926439,0.849489642704,0.463865546218,0.814492905316,0.428238537847,2.33333333333,1.90196078431,0.814492905316,2.33333333333,0,0,0,0,0.164242424242,17,17,17,1,0,0.352941176471,0.411764705882,0.235294117647,17,37,0.136029411765,1.88235294118,4.35294117647,3.36363636364,2.84615384615,1.69341284359,0.389027274878,0.193958664547,2.09866904602,0.964253345467,0.518282988871,1.87867287326,0.863174022847,0.470588235294,0.786197569093,0.41766745858,2.25,1.88235294118,0.786197569093,2.25,0.166339869281,0.0612244897959,3,0.00441176470588,0.185952380952,17,17,17,1,0,0.352941176471,0.411764705882,0.235294117647,0,0,0,0,0,0,0,0,0,0,0,0,0,0,0,0,0,0,0,0,0,0,0,0,0,0,0,0,0,37,0,0,235,1,1,0,0,1,1,1,1,1,1,2,2,0,0,0,0
742,WLNM_dir_neg,1,0.5,00:00:02,10,20,33,1980863006,threshold_sweep,0.4,1,1,1,2,0,0,4,1,1,0,0,1,1,1,1,0.555555555556,1,1,1,37,35,2,0,37,0,35,0,2,17,37,0.136029411765,1.88235294118,4.35294117647,3.36363636364,2.84615384615,1.69341284359,0.389027274878,0.193958664547,2.09866904602,0.964253345467,0.518282988871,1.87867287326,0.863174022847,0.470588235294,0.786197569093,0.41766745858,2.25,1.88235294118,0.786197569093,2.25,0.166339869281,0.0612244897959,3,0.00441176470588,0.185952380952,17,17,17,1,0,0.352941176471,0.411764705882,0.235294117647,17,0.128676470588,1.90196078431,4.11764705882,3.18181818182,2.69230769231,1.57648156274,0.382859808093,0.201680672269,2.01465221053,0.978545359402,0.524369747899,1.74894926439,0.849489642704,0.463865546218,0.814492905316,0.428238537847,2.33333333333,1.90196078431,0.814492905316,2.33333333333,0,0,0,0,0.164242424242,17,17,17,1,0,0.352941176471,0.411764705882,0.235294117647,17,37,0.136029411765,1.88235294118,4.35294117647,3.36363636364,2.84615384615,1.69341284359,0.389027274878,0.193958664547,2.09866904602,0.964253345467,0.518282988871,1.87867287326,0.863174022847,0.470588235294,0.786197569093,0.41766745858,2.25,1.88235294118,0.786197569093,2.25,0.166339869281,0.0612244897959,3,0.00441176470588,0.185952380952,17,17,17,1,0,0.352941176471,0.411764705882,0.235294117647,0,0,0,0,0,0,0,0,0,0,0,0,0,0,0,0,0,0,0,0,0,0,0,0,0,0,0,0,0,37,0,0,235,1,1,0,0,1,1,1,1,1,1,2,2,0,0,0,0
743,WLNM_dir_neg,1,0.5,00:00:02,10,20,33,1980863006,threshold_sweep,0.5,1,1,1,2,0,0,4,1,1,0,0,1,1,1,1,0.555555555556,1,1,1,37,35,2,0,37,0,35,0,2,17,37,0.136029411765,1.88235294118,4.35294117647,3.36363636364,2.84615384615,1.69341284359,0.389027274878,0.193958664547,2.09866904602,0.964253345467,0.518282988871,1.87867287326,0.863174022847,0.470588235294,0.786197569093,0.41766745858,2.25,1.88235294118,0.786197569093,2.25,0.166339869281,0.0612244897959,3,0.00441176470588,0.185952380952,17,17,17,1,0,0.352941176471,0.411764705882,0.235294117647,17,0.128676470588,1.90196078431,4.11764705882,3.18181818182,2.69230769231,1.57648156274,0.382859808093,0.201680672269,2.01465221053,0.978545359402,0.524369747899,1.74894926439,0.849489642704,0.463865546218,0.814492905316,0.428238537847,2.33333333333,1.90196078431,0.814492905316,2.33333333333,0,0,0,0,0.164242424242,17,17,17,1,0,0.352941176471,0.411764705882,0.235294117647,17,37,0.136029411765,1.88235294118,4.35294117647,3.36363636364,2.84615384615,1.69341284359,0.389027274878,0.193958664547,2.09866904602,0.964253345467,0.518282988871,1.87867287326,0.863174022847,0.470588235294,0.786197569093,0.41766745858,2.25,1.88235294118,0.786197569093,2.25,0.166339869281,0.0612244897959,3,0.00441176470588,0.185952380952,17,17,17,1,0,0.352941176471,0.411764705882,0.235294117647,0,0,0,0,0,0,0,0,0,0,0,0,0,0,0,0,0,0,0,0,0,0,0,0,0,0,0,0,0,37,0,0,235,1,1,0,0,1,1,1,1,1,1,2,2,0,0,0,0
744,WLNM_dir_neg,1,0.5,00:00:02,10,20,33,1980863006,threshold_sweep,0.6,1,1,1,2,0,0,4,1,1,0,0,1,1,1,1,0.555555555556,1,1,1,37,35,2,0,37,0,35,0,2,17,37,0.136029411765,1.88235294118,4.35294117647,3.36363636364,2.84615384615,1.69341284359,0.389027274878,0.193958664547,2.09866904602,0.964253345467,0.518282988871,1.87867287326,0.863174022847,0.470588235294,0.786197569093,0.41766745858,2.25,1.88235294118,0.786197569093,2.25,0.166339869281,0.0612244897959,3,0.00441176470588,0.185952380952,17,17,17,1,0,0.352941176471,0.411764705882,0.235294117647,17,0.128676470588,1.90196078431,4.11764705882,3.18181818182,2.69230769231,1.57648156274,0.382859808093,0.201680672269,2.01465221053,0.978545359402,0.524369747899,1.74894926439,0.849489642704,0.463865546218,0.814492905316,0.428238537847,2.33333333333,1.90196078431,0.814492905316,2.33333333333,0,0,0,0,0.164242424242,17,17,17,1,0,0.352941176471,0.411764705882,0.235294117647,17,37,0.136029411765,1.88235294118,4.35294117647,3.36363636364,2.84615384615,1.69341284359,0.389027274878,0.193958664547,2.09866904602,0.964253345467,0.518282988871,1.87867287326,0.863174022847,0.470588235294,0.786197569093,0.41766745858,2.25,1.88235294118,0.786197569093,2.25,0.166339869281,0.0612244897959,3,0.00441176470588,0.185952380952,17,17,17,1,0,0.352941176471,0.411764705882,0.235294117647,0,0,0,0,0,0,0,0,0,0,0,0,0,0,0,0,0,0,0,0,0,0,0,0,0,0,0,0,0,37,0,0,235,1,1,0,0,1,1,1,1,1,1,2,2,0,0,0,0
745,WLNM_dir_neg,1,0.5,00:00:02,10,20,33,1980863006,threshold_sweep,0.7,1,1,1,2,0,0,4,1,1,0,0,1,1,1,1,0.555555555556,1,1,1,37,35,2,0,37,0,35,0,2,17,37,0.136029411765,1.88235294118,4.35294117647,3.36363636364,2.84615384615,1.69341284359,0.389027274878,0.193958664547,2.09866904602,0.964253345467,0.518282988871,1.87867287326,0.863174022847,0.470588235294,0.786197569093,0.41766745858,2.25,1.88235294118,0.786197569093,2.25,0.166339869281,0.0612244897959,3,0.00441176470588,0.185952380952,17,17,17,1,0,0.352941176471,0.411764705882,0.235294117647,17,0.128676470588,1.90196078431,4.11764705882,3.18181818182,2.69230769231,1.57648156274,0.382859808093,0.201680672269,2.01465221053,0.978545359402,0.524369747899,1.74894926439,0.849489642704,0.463865546218,0.814492905316,0.428238537847,2.33333333333,1.90196078431,0.814492905316,2.33333333333,0,0,0,0,0.164242424242,17,17,17,1,0,0.352941176471,0.411764705882,0.235294117647,17,37,0.136029411765,1.88235294118,4.35294117647,3.36363636364,2.84615384615,1.69341284359,0.389027274878,0.193958664547,2.09866904602,0.964253345467,0.518282988871,1.87867287326,0.863174022847,0.470588235294,0.786197569093,0.41766745858,2.25,1.88235294118,0.786197569093,2.25,0.166339869281,0.0612244897959,3,0.00441176470588,0.185952380952,17,17,17,1,0,0.352941176471,0.411764705882,0.235294117647,0,0,0,0,0,0,0,0,0,0,0,0,0,0,0,0,0,0,0,0,0,0,0,0,0,0,0,0,0,37,0,0,235,1,1,0,0,1,1,1,1,1,1,2,2,0,0,0,0
746,WLNM_dir_neg,1,0.5,00:00:02,10,20,33,1980863006,threshold_sweep,0.8,1,0.5,0.666666666667,1,0,1,4,0.5,1,0,0.5,1,0.5,0.666666666667,0.833333333333,0.611111111111,0.571428571429,0.632455532034,0.5,37,35,2,0,37,0,35,0,2,17,37,0.136029411765,1.88235294118,4.35294117647,3.36363636364,2.84615384615,1.69341284359,0.389027274878,0.193958664547,2.09866904602,0.964253345467,0.518282988871,1.87867287326,0.863174022847,0.470588235294,0.786197569093,0.41766745858,2.25,1.88235294118,0.786197569093,2.25,0.166339869281,0.0612244897959,3,0.00441176470588,0.185952380952,17,17,17,1,0,0.352941176471,0.411764705882,0.235294117647,17,0.128676470588,1.90196078431,4.11764705882,3.18181818182,2.69230769231,1.57648156274,0.382859808093,0.201680672269,2.01465221053,0.978545359402,0.524369747899,1.74894926439,0.849489642704,0.463865546218,0.814492905316,0.428238537847,2.33333333333,1.90196078431,0.814492905316,2.33333333333,0,0,0,0,0.164242424242,17,17,17,1,0,0.352941176471,0.411764705882,0.235294117647,17,36,0.132352941176,1.89705882353,4.23529411765,3.27272727273,2.76923076923,1.71498585143,0.40492721492,0.204248366013,2.05798302171,0.971825315808,0.522875816993,1.79869233546,0.849382491746,0.464052287582,0.805541469338,0.424626510969,2.25,1.89705882353,0.805541469338,2.25,0.0702614379085,0.0214285714286,1,0.00147058823529,0.175454545455,17,17,17,1,0,0.352941176471,0.411764705882,0.235294117647,-1,-0.00367647058824,0.0147058823529,-0.117647058824,-0.0909090909091,-0.0769230769231,0.0215730078386,0.0158999400418,0.0102897014662,-0.0406860243059,0.00757197034072,0.00459282812224,-0.0799805377942,-0.0137915311015,-0.00653594771242,0.0193439002456,0.00695905238854,0,0.0147058823529,0.0193439002456,0,-0.0960784313725,-0.0397959183673,-2,-0.00294117647059,-0.0104978354978,0,0,0,36,0,1,235,0.972972972973,1,0,0.027027027027,1,0.972972972973,0.986301369863,0.984301887704,0.972972972973,0.972972972973,1,2,0,0,0,0
747,WLNM_dir_neg,1,0.5,00:00:02,10,20,33,1980863006,threshold_sweep,0.9,1,0.5,0.666666666667,1,0,1,4,0.5,1,0,0.5,1,0.5,0.666666666667,0.833333333333,0.611111111111,0.571428571429,0.632455532034,0.5,37,35,2,0,37,0,35,0,2,17,37,0.136029411765,1.88235294118,4.35294117647,3.36363636364,2.84615384615,1.69341284359,0.389027274878,0.193958664547,2.09866904602,0.964253345467,0.518282988871,1.87867287326,0.863174022847,0.470588235294,0.786197569093,0.41766745858,2.25,1.88235294118,0.786197569093,2.25,0.166339869281,0.0612244897959,3,0.00441176470588,0.185952380952,17,17,17,1,0,0.352941176471,0.411764705882,0.235294117647,17,0.128676470588,1.90196078431,4.11764705882,3.18181818182,2.69230769231,1.57648156274,0.382859808093,0.201680672269,2.01465221053,0.978545359402,0.524369747899,1.74894926439,0.849489642704,0.463865546218,0.814492905316,0.428238537847,2.33333333333,1.90196078431,0.814492905316,2.33333333333,0,0,0,0,0.164242424242,17,17,17,1,0,0.352941176471,0.411764705882,0.235294117647,17,36,0.132352941176,1.89705882353,4.23529411765,3.27272727273,2.76923076923,1.71498585143,0.40492721492,0.204248366013,2.05798302171,0.971825315808,0.522875816993,1.79869233546,0.849382491746,0.464052287582,0.805541469338,0.424626510969,2.25,1.89705882353,0.805541469338,2.25,0.0702614379085,0.0214285714286,1,0.00147058823529,0.175454545455,17,17,17,1,0,0.352941176471,0.411764705882,0.235294117647,-1,-0.00367647058824,0.0147058823529,-0.117647058824,-0.0909090909091,-0.0769230769231,0.0215730078386,0.0158999400418,0.0102897014662,-0.0406860243059,0.00757197034072,0.00459282812224,-0.0799805377942,-0.0137915311015,-0.00653594771242,0.0193439002456,0.00695905238854,0,0.0147058823529,0.0193439002456,0,-0.0960784313725,-0.0397959183673,-2,-0.00294117647059,-0.0104978354978,0,0,0,36,0,1,235,0.972972972973,1,0,0.027027027027,1,0.972972972973,0.986301369863,0.984301887704,0.972972972973,0.972972972973,1,2,0,0,0,0
748,WLNM_dir_neg,1,0.5,00:00:02,10,20,34,1980863007,threshold_sweep,0.1,1,1,1,2,0,0,4,1,1,0,0,1,1,1,1,0.555555555556,1,1,1,37,35,2,0,37,0,35,0,2,17,37,0.136029411765,1.88235294118,4.35294117647,3.36363636364,2.84615384615,1.69341284359,0.389027274878,0.193958664547,2.09866904602,0.964253345467,0.518282988871,1.87867287326,0.863174022847,0.470588235294,0.786197569093,0.41766745858,2.25,1.88235294118,0.786197569093,2.25,0.166339869281,0.0612244897959,3,0.00441176470588,0.185952380952,17,17,17,1,0,0.352941176471,0.411764705882,0.235294117647,17,0.128676470588,1.90196078431,4.11764705882,3.18181818182,2.69230769231,1.57648156274,0.382859808093,0.201680672269,2.01465221053,0.978545359402,0.524369747899,1.74894926439,0.849489642704,0.463865546218,0.814492905316,0.428238537847,2.33333333333,1.90196078431,0.814492905316,2.33333333333,0,0,0,0,0.164242424242,17,17,17,1,0,0.352941176471,0.411764705882,0.235294117647,17,37,0.136029411765,1.88235294118,4.35294117647,3.36363636364,2.84615384615,1.69341284359,0.389027274878,0.193958664547,2.09866904602,0.964253345467,0.518282988871,1.87867287326,0.863174022847,0.470588235294,0.786197569093,0.41766745858,2.25,1.88235294118,0.786197569093,2.25,0.166339869281,0.0612244897959,3,0.00441176470588,0.185952380952,17,17,17,1,0,0.352941176471,0.411764705882,0.235294117647,0,0,0,0,0,0,0,0,0,0,0,0,0,0,0,0,0,0,0,0,0,0,0,0,0,0,0,0,0,37,0,0,235,1,1,0,0,1,1,1,1,1,1,2,2,0,0,0,0
749,WLNM_dir_neg,1,0.5,00:00:02,10,20,34,1980863007,threshold_sweep,0.2,1,1,1,2,0,0,4,1,1,0,0,1,1,1,1,0.555555555556,1,1,1,37,35,2,0,37,0,35,0,2,17,37,0.136029411765,1.88235294118,4.35294117647,3.36363636364,2.84615384615,1.69341284359,0.389027274878,0.193958664547,2.09866904602,0.964253345467,0.518282988871,1.87867287326,0.863174022847,0.470588235294,0.786197569093,0.41766745858,2.25,1.88235294118,0.786197569093,2.25,0.166339869281,0.0612244897959,3,0.00441176470588,0.185952380952,17,17,17,1,0,0.352941176471,0.411764705882,0.235294117647,17,0.128676470588,1.90196078431,4.11764705882,3.18181818182,2.69230769231,1.57648156274,0.382859808093,0.201680672269,2.01465221053,0.978545359402,0.524369747899,1.74894926439,0.849489642704,0.463865546218,0.814492905316,0.428238537847,2.33333333333,1.90196078431,0.814492905316,2.33333333333,0,0,0,0,0.164242424242,17,17,17,1,0,0.352941176471,0.411764705882,0.235294117647,17,37,0.136029411765,1.88235294118,4.35294117647,3.36363636364,2.84615384615,1.69341284359,0.389027274878,0.193958664547,2.09866904602,0.964253345467,0.518282988871,1.87867287326,0.863174022847,0.470588235294,0.786197569093,0.41766745858,2.25,1.88235294118,0.786197569093,2.25,0.166339869281,0.0612244897959,3,0.00441176470588,0.185952380952,17,17,17,1,0,0.352941176471,0.411764705882,0.235294117647,0,0,0,0,0,0,0,0,0,0,0,0,0,0,0,0,0,0,0,0,0,0,0,0,0,0,0,0,0,37,0,0,235,1,1,0,0,1,1,1,1,1,1,2,2,0,0,0,0
750,WLNM_dir_neg,1,0.5,00:00:02,10,20,34,1980863007,threshold_sweep,0.3,1,1,1,2,0,0,4,1,1,0,0,1,1,1,1,0.555555555556,1,1,1,37,35,2,0,37,0,35,0,2,17,37,0.136029411765,1.88235294118,4.35294117647,3.36363636364,2.84615384615,1.69341284359,0.389027274878,0.193958664547,2.09866904602,0.964253345467,0.518282988871,1.87867287326,0.863174022847,0.470588235294,0.786197569093,0.41766745858,2.25,1.88235294118,0.786197569093,2.25,0.166339869281,0.0612244897959,3,0.00441176470588,0.185952380952,17,17,17,1,0,0.352941176471,0.411764705882,0.235294117647,17,0.128676470588,1.90196078431,4.11764705882,3.18181818182,2.69230769231,1.57648156274,0.382859808093,0.201680672269,2.01465221053,0.978545359402,0.524369747899,1.74894926439,0.849489642704,0.463865546218,0.814492905316,0.428238537847,2.33333333333,1.90196078431,0.814492905316,2.33333333333,0,0,0,0,0.164242424242,17,17,17,1,0,0.352941176471,0.411764705882,0.235294117647,17,37,0.136029411765,1.88235294118,4.35294117647,3.36363636364,2.84615384615,1.69341284359,0.389027274878,0.193958664547,2.09866904602,0.964253345467,0.518282988871,1.87867287326,0.863174022847,0.470588235294,0.786197569093,0.41766745858,2.25,1.88235294118,0.786197569093,2.25,0.166339869281,0.0612244897959,3,0.00441176470588,0.185952380952,17,17,17,1,0,0.352941176471,0.411764705882,0.235294117647,0,0,0,0,0,0,0,0,0,0,0,0,0,0,0,0,0,0,0,0,0,0,0,0,0,0,0,0,0,37,0,0,235,1,1,0,0,1,1,1,1,1,1,2,2,0,0,0,0
751,WLNM_dir_neg,1,0.5,00:00:02,10,20,34,1980863007,threshold_sweep,0.4,1,1,1,2,0,0,4,1,1,0,0,1,1,1,1,0.555555555556,1,1,1,37,35,2,0,37,0,35,0,2,17,37,0.136029411765,1.88235294118,4.35294117647,3.36363636364,2.84615384615,1.69341284359,0.389027274878,0.193958664547,2.09866904602,0.964253345467,0.518282988871,1.87867287326,0.863174022847,0.470588235294,0.786197569093,0.41766745858,2.25,1.88235294118,0.786197569093,2.25,0.166339869281,0.0612244897959,3,0.00441176470588,0.185952380952,17,17,17,1,0,0.352941176471,0.411764705882,0.235294117647,17,0.128676470588,1.90196078431,4.11764705882,3.18181818182,2.69230769231,1.57648156274,0.382859808093,0.201680672269,2.01465221053,0.978545359402,0.524369747899,1.74894926439,0.849489642704,0.463865546218,0.814492905316,0.428238537847,2.33333333333,1.90196078431,0.814492905316,2.33333333333,0,0,0,0,0.164242424242,17,17,17,1,0,0.352941176471,0.411764705882,0.235294117647,17,37,0.136029411765,1.88235294118,4.35294117647,3.36363636364,2.84615384615,1.69341284359,0.389027274878,0.193958664547,2.09866904602,0.964253345467,0.518282988871,1.87867287326,0.863174022847,0.470588235294,0.786197569093,0.41766745858,2.25,1.88235294118,0.786197569093,2.25,0.166339869281,0.0612244897959,3,0.00441176470588,0.185952380952,17,17,17,1,0,0.352941176471,0.411764705882,0.235294117647,0,0,0,0,0,0,0,0,0,0,0,0,0,0,0,0,0,0,0,0,0,0,0,0,0,0,0,0,0,37,0,0,235,1,1,0,0,1,1,1,1,1,1,2,2,0,0,0,0
752,WLNM_dir_neg,1,0.5,00:00:02,10,20,34,1980863007,threshold_sweep,0.5,1,1,1,2,0,0,4,1,1,0,0,1,1,1,1,0.555555555556,1,1,1,37,35,2,0,37,0,35,0,2,17,37,0.136029411765,1.88235294118,4.35294117647,3.36363636364,2.84615384615,1.69341284359,0.389027274878,0.193958664547,2.09866904602,0.964253345467,0.518282988871,1.87867287326,0.863174022847,0.470588235294,0.786197569093,0.41766745858,2.25,1.88235294118,0.786197569093,2.25,0.166339869281,0.0612244897959,3,0.00441176470588,0.185952380952,17,17,17,1,0,0.352941176471,0.411764705882,0.235294117647,17,0.128676470588,1.90196078431,4.11764705882,3.18181818182,2.69230769231,1.57648156274,0.382859808093,0.201680672269,2.01465221053,0.978545359402,0.524369747899,1.74894926439,0.849489642704,0.463865546218,0.814492905316,0.428238537847,2.33333333333,1.90196078431,0.814492905316,2.33333333333,0,0,0,0,0.164242424242,17,17,17,1,0,0.352941176471,0.411764705882,0.235294117647,17,37,0.136029411765,1.88235294118,4.35294117647,3.36363636364,2.84615384615,1.69341284359,0.389027274878,0.193958664547,2.09866904602,0.964253345467,0.518282988871,1.87867287326,0.863174022847,0.470588235294,0.786197569093,0.41766745858,2.25,1.88235294118,0.786197569093,2.25,0.166339869281,0.0612244897959,3,0.00441176470588,0.185952380952,17,17,17,1,0,0.352941176471,0.411764705882,0.235294117647,0,0,0,0,0,0,0,0,0,0,0,0,0,0,0,0,0,0,0,0,0,0,0,0,0,0,0,0,0,37,0,0,235,1,1,0,0,1,1,1,1,1,1,2,2,0,0,0,0
753,WLNM_dir_neg,1,0.5,00:00:02,10,20,34,1980863007,threshold_sweep,0.6,1,1,1,2,0,0,4,1,1,0,0,1,1,1,1,0.555555555556,1,1,1,37,35,2,0,37,0,35,0,2,17,37,0.136029411765,1.88235294118,4.35294117647,3.36363636364,2.84615384615,1.69341284359,0.389027274878,0.193958664547,2.09866904602,0.964253345467,0.518282988871,1.87867287326,0.863174022847,0.470588235294,0.786197569093,0.41766745858,2.25,1.88235294118,0.786197569093,2.25,0.166339869281,0.0612244897959,3,0.00441176470588,0.185952380952,17,17,17,1,0,0.352941176471,0.411764705882,0.235294117647,17,0.128676470588,1.90196078431,4.11764705882,3.18181818182,2.69230769231,1.57648156274,0.382859808093,0.201680672269,2.01465221053,0.978545359402,0.524369747899,1.74894926439,0.849489642704,0.463865546218,0.814492905316,0.428238537847,2.33333333333,1.90196078431,0.814492905316,2.33333333333,0,0,0,0,0.164242424242,17,17,17,1,0,0.352941176471,0.411764705882,0.235294117647,17,37,0.136029411765,1.88235294118,4.35294117647,3.36363636364,2.84615384615,1.69341284359,0.389027274878,0.193958664547,2.09866904602,0.964253345467,0.518282988871,1.87867287326,0.863174022847,0.470588235294,0.786197569093,0.41766745858,2.25,1.88235294118,0.786197569093,2.25,0.166339869281,0.0612244897959,3,0.00441176470588,0.185952380952,17,17,17,1,0,0.352941176471,0.411764705882,0.235294117647,0,0,0,0,0,0,0,0,0,0,0,0,0,0,0,0,0,0,0,0,0,0,0,0,0,0,0,0,0,37,0,0,235,1,1,0,0,1,1,1,1,1,1,2,2,0,0,0,0
754,WLNM_dir_neg,1,0.5,00:00:02,10,20,34,1980863007,threshold_sweep,0.7,1,1,1,2,0,0,4,1,1,0,0,1,1,1,1,0.555555555556,1,1,1,37,35,2,0,37,0,35,0,2,17,37,0.136029411765,1.88235294118,4.35294117647,3.36363636364,2.84615384615,1.69341284359,0.389027274878,0.193958664547,2.09866904602,0.964253345467,0.518282988871,1.87867287326,0.863174022847,0.470588235294,0.786197569093,0.41766745858,2.25,1.88235294118,0.786197569093,2.25,0.166339869281,0.0612244897959,3,0.00441176470588,0.185952380952,17,17,17,1,0,0.352941176471,0.411764705882,0.235294117647,17,0.128676470588,1.90196078431,4.11764705882,3.18181818182,2.69230769231,1.57648156274,0.382859808093,0.201680672269,2.01465221053,0.978545359402,0.524369747899,1.74894926439,0.849489642704,0.463865546218,0.814492905316,0.428238537847,2.33333333333,1.90196078431,0.814492905316,2.33333333333,0,0,0,0,0.164242424242,17,17,17,1,0,0.352941176471,0.411764705882,0.235294117647,17,37,0.136029411765,1.88235294118,4.35294117647,3.36363636364,2.84615384615,1.69341284359,0.389027274878,0.193958664547,2.09866904602,0.964253345467,0.518282988871,1.87867287326,0.863174022847,0.470588235294,0.786197569093,0.41766745858,2.25,1.88235294118,0.786197569093,2.25,0.166339869281,0.0612244897959,3,0.00441176470588,0.185952380952,17,17,17,1,0,0.352941176471,0.411764705882,0.235294117647,0,0,0,0,0,0,0,0,0,0,0,0,0,0,0,0,0,0,0,0,0,0,0,0,0,0,0,0,0,37,0,0,235,1,1,0,0,1,1,1,1,1,1,2,2,0,0,0,0
755,WLNM_dir_neg,1,0.5,00:00:02,10,20,34,1980863007,threshold_sweep,0.8,1,1,1,2,0,0,4,1,1,0,0,1,1,1,1,0.555555555556,1,1,1,37,35,2,0,37,0,35,0,2,17,37,0.136029411765,1.88235294118,4.35294117647,3.36363636364,2.84615384615,1.69341284359,0.389027274878,0.193958664547,2.09866904602,0.964253345467,0.518282988871,1.87867287326,0.863174022847,0.470588235294,0.786197569093,0.41766745858,2.25,1.88235294118,0.786197569093,2.25,0.166339869281,0.0612244897959,3,0.00441176470588,0.185952380952,17,17,17,1,0,0.352941176471,0.411764705882,0.235294117647,17,0.128676470588,1.90196078431,4.11764705882,3.18181818182,2.69230769231,1.57648156274,0.382859808093,0.201680672269,2.01465221053,0.978545359402,0.524369747899,1.74894926439,0.849489642704,0.463865546218,0.814492905316,0.428238537847,2.33333333333,1.90196078431,0.814492905316,2.33333333333,0,0,0,0,0.164242424242,17,17,17,1,0,0.352941176471,0.411764705882,0.235294117647,17,37,0.136029411765,1.88235294118,4.35294117647,3.36363636364,2.84615384615,1.69341284359,0.389027274878,0.193958664547,2.09866904602,0.964253345467,0.518282988871,1.87867287326,0.863174022847,0.470588235294,0.786197569093,0.41766745858,2.25,1.88235294118,0.786197569093,2.25,0.166339869281,0.0612244897959,3,0.00441176470588,0.185952380952,17,17,17,1,0,0.352941176471,0.411764705882,0.235294117647,0,0,0,0,0,0,0,0,0,0,0,0,0,0,0,0,0,0,0,0,0,0,0,0,0,0,0,0,0,37,0,0,235,1,1,0,0,1,1,1,1,1,1,2,2,0,0,0,0
756,WLNM_dir_neg,1,0.5,00:00:02,10,20,34,1980863007,threshold_sweep,0.9,1,0.5,0.666666666667,1,0,1,4,0.5,1,0,0.5,1,0.5,0.666666666667,0.833333333333,0.611111111111,0.571428571429,0.632455532034,0.5,37,35,2,0,37,0,35,0,2,17,37,0.136029411765,1.88235294118,4.35294117647,3.36363636364,2.84615384615,1.69341284359,0.389027274878,0.193958664547,2.09866904602,0.964253345467,0.518282988871,1.87867287326,0.863174022847,0.470588235294,0.786197569093,0.41766745858,2.25,1.88235294118,0.786197569093,2.25,0.166339869281,0.0612244897959,3,0.00441176470588,0.185952380952,17,17,17,1,0,0.352941176471,0.411764705882,0.235294117647,17,0.128676470588,1.90196078431,4.11764705882,3.18181818182,2.69230769231,1.57648156274,0.382859808093,0.201680672269,2.01465221053,0.978545359402,0.524369747899,1.74894926439,0.849489642704,0.463865546218,0.814492905316,0.428238537847,2.33333333333,1.90196078431,0.814492905316,2.33333333333,0,0,0,0,0.164242424242,17,17,17,1,0,0.352941176471,0.411764705882,0.235294117647,17,36,0.132352941176,1.89705882353,4.23529411765,3.27272727273,2.76923076923,1.71498585143,0.40492721492,0.204248366013,2.05798302171,0.971825315808,0.522875816993,1.79869233546,0.849382491746,0.464052287582,0.805541469338,0.424626510969,2.25,1.89705882353,0.805541469338,2.25,0.0702614379085,0.0214285714286,1,0.00147058823529,0.175454545455,17,17,17,1,0,0.352941176471,0.411764705882,0.235294117647,-1,-0.00367647058824,0.0147058823529,-0.117647058824,-0.0909090909091,-0.0769230769231,0.0215730078386,0.0158999400418,0.0102897014662,-0.0406860243059,0.00757197034072,0.00459282812224,-0.0799805377942,-0.0137915311015,-0.00653594771242,0.0193439002456,0.00695905238854,0,0.0147058823529,0.0193439002456,0,-0.0960784313725,-0.0397959183673,-2,-0.00294117647059,-0.0104978354978,0,0,0,36,0,1,235,0.972972972973,1,0,0.027027027027,1,0.972972972973,0.986301369863,0.984301887704,0.972972972973,0.972972972973,1,2,0,0,0,0
757,WLNM_dir_neg,1,0.5,00:00:02,10,20,35,1980863008,threshold_sweep,0.1,1,1,1,2,0,0,4,1,1,0,0,1,1,1,1,0.555555555556,1,1,1,37,35,2,0,37,0,35,0,2,17,37,0.136029411765,1.88235294118,4.35294117647,3.36363636364,2.84615384615,1.69341284359,0.389027274878,0.193958664547,2.09866904602,0.964253345467,0.518282988871,1.87867287326,0.863174022847,0.470588235294,0.786197569093,0.41766745858,2.25,1.88235294118,0.786197569093,2.25,0.166339869281,0.0612244897959,3,0.00441176470588,0.185952380952,17,17,17,1,0,0.352941176471,0.411764705882,0.235294117647,17,0.128676470588,1.90196078431,4.11764705882,3.18181818182,2.69230769231,1.57648156274,0.382859808093,0.201680672269,2.01465221053,0.978545359402,0.524369747899,1.74894926439,0.849489642704,0.463865546218,0.814492905316,0.428238537847,2.33333333333,1.90196078431,0.814492905316,2.33333333333,0,0,0,0,0.164242424242,17,17,17,1,0,0.352941176471,0.411764705882,0.235294117647,17,37,0.136029411765,1.88235294118,4.35294117647,3.36363636364,2.84615384615,1.69341284359,0.389027274878,0.193958664547,2.09866904602,0.964253345467,0.518282988871,1.87867287326,0.863174022847,0.470588235294,0.786197569093,0.41766745858,2.25,1.88235294118,0.786197569093,2.25,0.166339869281,0.0612244897959,3,0.00441176470588,0.185952380952,17,17,17,1,0,0.352941176471,0.411764705882,0.235294117647,0,0,0,0,0,0,0,0,0,0,0,0,0,0,0,0,0,0,0,0,0,0,0,0,0,0,0,0,0,37,0,0,235,1,1,0,0,1,1,1,1,1,1,2,2,0,0,0,0
758,WLNM_dir_neg,1,0.5,00:00:02,10,20,35,1980863008,threshold_sweep,0.2,1,1,1,2,0,0,4,1,1,0,0,1,1,1,1,0.555555555556,1,1,1,37,35,2,0,37,0,35,0,2,17,37,0.136029411765,1.88235294118,4.35294117647,3.36363636364,2.84615384615,1.69341284359,0.389027274878,0.193958664547,2.09866904602,0.964253345467,0.518282988871,1.87867287326,0.863174022847,0.470588235294,0.786197569093,0.41766745858,2.25,1.88235294118,0.786197569093,2.25,0.166339869281,0.0612244897959,3,0.00441176470588,0.185952380952,17,17,17,1,0,0.352941176471,0.411764705882,0.235294117647,17,0.128676470588,1.90196078431,4.11764705882,3.18181818182,2.69230769231,1.57648156274,0.382859808093,0.201680672269,2.01465221053,0.978545359402,0.524369747899,1.74894926439,0.849489642704,0.463865546218,0.814492905316,0.428238537847,2.33333333333,1.90196078431,0.814492905316,2.33333333333,0,0,0,0,0.164242424242,17,17,17,1,0,0.352941176471,0.411764705882,0.235294117647,17,37,0.136029411765,1.88235294118,4.35294117647,3.36363636364,2.84615384615,1.69341284359,0.389027274878,0.193958664547,2.09866904602,0.964253345467,0.518282988871,1.87867287326,0.863174022847,0.470588235294,0.786197569093,0.41766745858,2.25,1.88235294118,0.786197569093,2.25,0.166339869281,0.0612244897959,3,0.00441176470588,0.185952380952,17,17,17,1,0,0.352941176471,0.411764705882,0.235294117647,0,0,0,0,0,0,0,0,0,0,0,0,0,0,0,0,0,0,0,0,0,0,0,0,0,0,0,0,0,37,0,0,235,1,1,0,0,1,1,1,1,1,1,2,2,0,0,0,0
759,WLNM_dir_neg,1,0.5,00:00:02,10,20,35,1980863008,threshold_sweep,0.3,1,1,1,2,0,0,4,1,1,0,0,1,1,1,1,0.555555555556,1,1,1,37,35,2,0,37,0,35,0,2,17,37,0.136029411765,1.88235294118,4.35294117647,3.36363636364,2.84615384615,1.69341284359,0.389027274878,0.193958664547,2.09866904602,0.964253345467,0.518282988871,1.87867287326,0.863174022847,0.470588235294,0.786197569093,0.41766745858,2.25,1.88235294118,0.786197569093,2.25,0.166339869281,0.0612244897959,3,0.00441176470588,0.185952380952,17,17,17,1,0,0.352941176471,0.411764705882,0.235294117647,17,0.128676470588,1.90196078431,4.11764705882,3.18181818182,2.69230769231,1.57648156274,0.382859808093,0.201680672269,2.01465221053,0.978545359402,0.524369747899,1.74894926439,0.849489642704,0.463865546218,0.814492905316,0.428238537847,2.33333333333,1.90196078431,0.814492905316,2.33333333333,0,0,0,0,0.164242424242,17,17,17,1,0,0.352941176471,0.411764705882,0.235294117647,17,37,0.136029411765,1.88235294118,4.35294117647,3.36363636364,2.84615384615,1.69341284359,0.389027274878,0.193958664547,2.09866904602,0.964253345467,0.518282988871,1.87867287326,0.863174022847,0.470588235294,0.786197569093,0.41766745858,2.25,1.88235294118,0.786197569093,2.25,0.166339869281,0.0612244897959,3,0.00441176470588,0.185952380952,17,17,17,1,0,0.352941176471,0.411764705882,0.235294117647,0,0,0,0,0,0,0,0,0,0,0,0,0,0,0,0,0,0,0,0,0,0,0,0,0,0,0,0,0,37,0,0,235,1,1,0,0,1,1,1,1,1,1,2,2,0,0,0,0
760,WLNM_dir_neg,1,0.5,00:00:02,10,20,35,1980863008,threshold_sweep,0.4,1,1,1,2,0,0,4,1,1,0,0,1,1,1,1,0.555555555556,1,1,1,37,35,2,0,37,0,35,0,2,17,37,0.136029411765,1.88235294118,4.35294117647,3.36363636364,2.84615384615,1.69341284359,0.389027274878,0.193958664547,2.09866904602,0.964253345467,0.518282988871,1.87867287326,0.863174022847,0.470588235294,0.786197569093,0.41766745858,2.25,1.88235294118,0.786197569093,2.25,0.166339869281,0.0612244897959,3,0.00441176470588,0.185952380952,17,17,17,1,0,0.352941176471,0.411764705882,0.235294117647,17,0.128676470588,1.90196078431,4.11764705882,3.18181818182,2.69230769231,1.57648156274,0.382859808093,0.201680672269,2.01465221053,0.978545359402,0.524369747899,1.74894926439,0.849489642704,0.463865546218,0.814492905316,0.428238537847,2.33333333333,1.90196078431,0.814492905316,2.33333333333,0,0,0,0,0.164242424242,17,17,17,1,0,0.352941176471,0.411764705882,0.235294117647,17,37,0.136029411765,1.88235294118,4.35294117647,3.36363636364,2.84615384615,1.69341284359,0.389027274878,0.193958664547,2.09866904602,0.964253345467,0.518282988871,1.87867287326,0.863174022847,0.470588235294,0.786197569093,0.41766745858,2.25,1.88235294118,0.786197569093,2.25,0.166339869281,0.0612244897959,3,0.00441176470588,0.185952380952,17,17,17,1,0,0.352941176471,0.411764705882,0.235294117647,0,0,0,0,0,0,0,0,0,0,0,0,0,0,0,0,0,0,0,0,0,0,0,0,0,0,0,0,0,37,0,0,235,1,1,0,0,1,1,1,1,1,1,2,2,0,0,0,0
761,WLNM_dir_neg,1,0.5,00:00:02,10,20,35,1980863008,threshold_sweep,0.5,1,1,1,2,0,0,4,1,1,0,0,1,1,1,1,0.555555555556,1,1,1,37,35,2,0,37,0,35,0,2,17,37,0.136029411765,1.88235294118,4.35294117647,3.36363636364,2.84615384615,1.69341284359,0.389027274878,0.193958664547,2.09866904602,0.964253345467,0.518282988871,1.87867287326,0.863174022847,0.470588235294,0.786197569093,0.41766745858,2.25,1.88235294118,0.786197569093,2.25,0.166339869281,0.0612244897959,3,0.00441176470588,0.185952380952,17,17,17,1,0,0.352941176471,0.411764705882,0.235294117647,17,0.128676470588,1.90196078431,4.11764705882,3.18181818182,2.69230769231,1.57648156274,0.382859808093,0.201680672269,2.01465221053,0.978545359402,0.524369747899,1.74894926439,0.849489642704,0.463865546218,0.814492905316,0.428238537847,2.33333333333,1.90196078431,0.814492905316,2.33333333333,0,0,0,0,0.164242424242,17,17,17,1,0,0.352941176471,0.411764705882,0.235294117647,17,37,0.136029411765,1.88235294118,4.35294117647,3.36363636364,2.84615384615,1.69341284359,0.389027274878,0.193958664547,2.09866904602,0.964253345467,0.518282988871,1.87867287326,0.863174022847,0.470588235294,0.786197569093,0.41766745858,2.25,1.88235294118,0.786197569093,2.25,0.166339869281,0.0612244897959,3,0.00441176470588,0.185952380952,17,17,17,1,0,0.352941176471,0.411764705882,0.235294117647,0,0,0,0,0,0,0,0,0,0,0,0,0,0,0,0,0,0,0,0,0,0,0,0,0,0,0,0,0,37,0,0,235,1,1,0,0,1,1,1,1,1,1,2,2,0,0,0,0
762,WLNM_dir_neg,1,0.5,00:00:02,10,20,35,1980863008,threshold_sweep,0.6,1,1,1,2,0,0,4,1,1,0,0,1,1,1,1,0.555555555556,1,1,1,37,35,2,0,37,0,35,0,2,17,37,0.136029411765,1.88235294118,4.35294117647,3.36363636364,2.84615384615,1.69341284359,0.389027274878,0.193958664547,2.09866904602,0.964253345467,0.518282988871,1.87867287326,0.863174022847,0.470588235294,0.786197569093,0.41766745858,2.25,1.88235294118,0.786197569093,2.25,0.166339869281,0.0612244897959,3,0.00441176470588,0.185952380952,17,17,17,1,0,0.352941176471,0.411764705882,0.235294117647,17,0.128676470588,1.90196078431,4.11764705882,3.18181818182,2.69230769231,1.57648156274,0.382859808093,0.201680672269,2.01465221053,0.978545359402,0.524369747899,1.74894926439,0.849489642704,0.463865546218,0.814492905316,0.428238537847,2.33333333333,1.90196078431,0.814492905316,2.33333333333,0,0,0,0,0.164242424242,17,17,17,1,0,0.352941176471,0.411764705882,0.235294117647,17,37,0.136029411765,1.88235294118,4.35294117647,3.36363636364,2.84615384615,1.69341284359,0.389027274878,0.193958664547,2.09866904602,0.964253345467,0.518282988871,1.87867287326,0.863174022847,0.470588235294,0.786197569093,0.41766745858,2.25,1.88235294118,0.786197569093,2.25,0.166339869281,0.0612244897959,3,0.00441176470588,0.185952380952,17,17,17,1,0,0.352941176471,0.411764705882,0.235294117647,0,0,0,0,0,0,0,0,0,0,0,0,0,0,0,0,0,0,0,0,0,0,0,0,0,0,0,0,0,37,0,0,235,1,1,0,0,1,1,1,1,1,1,2,2,0,0,0,0
763,WLNM_dir_neg,1,0.5,00:00:02,10,20,35,1980863008,threshold_sweep,0.7,1,1,1,2,0,0,4,1,1,0,0,1,1,1,1,0.555555555556,1,1,1,37,35,2,0,37,0,35,0,2,17,37,0.136029411765,1.88235294118,4.35294117647,3.36363636364,2.84615384615,1.69341284359,0.389027274878,0.193958664547,2.09866904602,0.964253345467,0.518282988871,1.87867287326,0.863174022847,0.470588235294,0.786197569093,0.41766745858,2.25,1.88235294118,0.786197569093,2.25,0.166339869281,0.0612244897959,3,0.00441176470588,0.185952380952,17,17,17,1,0,0.352941176471,0.411764705882,0.235294117647,17,0.128676470588,1.90196078431,4.11764705882,3.18181818182,2.69230769231,1.57648156274,0.382859808093,0.201680672269,2.01465221053,0.978545359402,0.524369747899,1.74894926439,0.849489642704,0.463865546218,0.814492905316,0.428238537847,2.33333333333,1.90196078431,0.814492905316,2.33333333333,0,0,0,0,0.164242424242,17,17,17,1,0,0.352941176471,0.411764705882,0.235294117647,17,37,0.136029411765,1.88235294118,4.35294117647,3.36363636364,2.84615384615,1.69341284359,0.389027274878,0.193958664547,2.09866904602,0.964253345467,0.518282988871,1.87867287326,0.863174022847,0.470588235294,0.786197569093,0.41766745858,2.25,1.88235294118,0.786197569093,2.25,0.166339869281,0.0612244897959,3,0.00441176470588,0.185952380952,17,17,17,1,0,0.352941176471,0.411764705882,0.235294117647,0,0,0,0,0,0,0,0,0,0,0,0,0,0,0,0,0,0,0,0,0,0,0,0,0,0,0,0,0,37,0,0,235,1,1,0,0,1,1,1,1,1,1,2,2,0,0,0,0
764,WLNM_dir_neg,1,0.5,00:00:02,10,20,35,1980863008,threshold_sweep,0.8,1,1,1,2,0,0,4,1,1,0,0,1,1,1,1,0.555555555556,1,1,1,37,35,2,0,37,0,35,0,2,17,37,0.136029411765,1.88235294118,4.35294117647,3.36363636364,2.84615384615,1.69341284359,0.389027274878,0.193958664547,2.09866904602,0.964253345467,0.518282988871,1.87867287326,0.863174022847,0.470588235294,0.786197569093,0.41766745858,2.25,1.88235294118,0.786197569093,2.25,0.166339869281,0.0612244897959,3,0.00441176470588,0.185952380952,17,17,17,1,0,0.352941176471,0.411764705882,0.235294117647,17,0.128676470588,1.90196078431,4.11764705882,3.18181818182,2.69230769231,1.57648156274,0.382859808093,0.201680672269,2.01465221053,0.978545359402,0.524369747899,1.74894926439,0.849489642704,0.463865546218,0.814492905316,0.428238537847,2.33333333333,1.90196078431,0.814492905316,2.33333333333,0,0,0,0,0.164242424242,17,17,17,1,0,0.352941176471,0.411764705882,0.235294117647,17,37,0.136029411765,1.88235294118,4.35294117647,3.36363636364,2.84615384615,1.69341284359,0.389027274878,0.193958664547,2.09866904602,0.964253345467,0.518282988871,1.87867287326,0.863174022847,0.470588235294,0.786197569093,0.41766745858,2.25,1.88235294118,0.786197569093,2.25,0.166339869281,0.0612244897959,3,0.00441176470588,0.185952380952,17,17,17,1,0,0.352941176471,0.411764705882,0.235294117647,0,0,0,0,0,0,0,0,0,0,0,0,0,0,0,0,0,0,0,0,0,0,0,0,0,0,0,0,0,37,0,0,235,1,1,0,0,1,1,1,1,1,1,2,2,0,0,0,0
765,WLNM_dir_neg,1,0.5,00:00:02,10,20,35,1980863008,threshold_sweep,0.9,1,1,1,2,0,0,4,1,1,0,0,1,1,1,1,0.555555555556,1,1,1,37,35,2,0,37,0,35,0,2,17,37,0.136029411765,1.88235294118,4.35294117647,3.36363636364,2.84615384615,1.69341284359,0.389027274878,0.193958664547,2.09866904602,0.964253345467,0.518282988871,1.87867287326,0.863174022847,0.470588235294,0.786197569093,0.41766745858,2.25,1.88235294118,0.786197569093,2.25,0.166339869281,0.0612244897959,3,0.00441176470588,0.185952380952,17,17,17,1,0,0.352941176471,0.411764705882,0.235294117647,17,0.128676470588,1.90196078431,4.11764705882,3.18181818182,2.69230769231,1.57648156274,0.382859808093,0.201680672269,2.01465221053,0.978545359402,0.524369747899,1.74894926439,0.849489642704,0.463865546218,0.814492905316,0.428238537847,2.33333333333,1.90196078431,0.814492905316,2.33333333333,0,0,0,0,0.164242424242,17,17,17,1,0,0.352941176471,0.411764705882,0.235294117647,17,37,0.136029411765,1.88235294118,4.35294117647,3.36363636364,2.84615384615,1.69341284359,0.389027274878,0.193958664547,2.09866904602,0.964253345467,0.518282988871,1.87867287326,0.863174022847,0.470588235294,0.786197569093,0.41766745858,2.25,1.88235294118,0.786197569093,2.25,0.166339869281,0.0612244897959,3,0.00441176470588,0.185952380952,17,17,17,1,0,0.352941176471,0.411764705882,0.235294117647,0,0,0,0,0,0,0,0,0,0,0,0,0,0,0,0,0,0,0,0,0,0,0,0,0,0,0,0,0,37,0,0,235,1,1,0,0,1,1,1,1,1,1,2,2,0,0,0,0
766,WLNM_dir_neg,1,0.5,00:00:02,10,20,36,1980863009,threshold_sweep,0.1,1,1,1,2,0,0,4,1,1,0,0,1,1,1,1,0.555555555556,1,1,1,37,35,2,0,37,0,35,0,2,17,37,0.136029411765,1.88235294118,4.35294117647,3.36363636364,2.84615384615,1.69341284359,0.389027274878,0.193958664547,2.09866904602,0.964253345467,0.518282988871,1.87867287326,0.863174022847,0.470588235294,0.786197569093,0.41766745858,2.25,1.88235294118,0.786197569093,2.25,0.166339869281,0.0612244897959,3,0.00441176470588,0.185952380952,17,17,17,1,0,0.352941176471,0.411764705882,0.235294117647,17,0.128676470588,1.90196078431,4.11764705882,3.18181818182,2.69230769231,1.57648156274,0.382859808093,0.201680672269,2.01465221053,0.978545359402,0.524369747899,1.74894926439,0.849489642704,0.463865546218,0.814492905316,0.428238537847,2.33333333333,1.90196078431,0.814492905316,2.33333333333,0,0,0,0,0.164242424242,17,17,17,1,0,0.352941176471,0.411764705882,0.235294117647,17,37,0.136029411765,1.88235294118,4.35294117647,3.36363636364,2.84615384615,1.69341284359,0.389027274878,0.193958664547,2.09866904602,0.964253345467,0.518282988871,1.87867287326,0.863174022847,0.470588235294,0.786197569093,0.41766745858,2.25,1.88235294118,0.786197569093,2.25,0.166339869281,0.0612244897959,3,0.00441176470588,0.185952380952,17,17,17,1,0,0.352941176471,0.411764705882,0.235294117647,0,0,0,0,0,0,0,0,0,0,0,0,0,0,0,0,0,0,0,0,0,0,0,0,0,0,0,0,0,37,0,0,235,1,1,0,0,1,1,1,1,1,1,2,2,0,0,0,0
767,WLNM_dir_neg,1,0.5,00:00:02,10,20,36,1980863009,threshold_sweep,0.2,1,1,1,2,0,0,4,1,1,0,0,1,1,1,1,0.555555555556,1,1,1,37,35,2,0,37,0,35,0,2,17,37,0.136029411765,1.88235294118,4.35294117647,3.36363636364,2.84615384615,1.69341284359,0.389027274878,0.193958664547,2.09866904602,0.964253345467,0.518282988871,1.87867287326,0.863174022847,0.470588235294,0.786197569093,0.41766745858,2.25,1.88235294118,0.786197569093,2.25,0.166339869281,0.0612244897959,3,0.00441176470588,0.185952380952,17,17,17,1,0,0.352941176471,0.411764705882,0.235294117647,17,0.128676470588,1.90196078431,4.11764705882,3.18181818182,2.69230769231,1.57648156274,0.382859808093,0.201680672269,2.01465221053,0.978545359402,0.524369747899,1.74894926439,0.849489642704,0.463865546218,0.814492905316,0.428238537847,2.33333333333,1.90196078431,0.814492905316,2.33333333333,0,0,0,0,0.164242424242,17,17,17,1,0,0.352941176471,0.411764705882,0.235294117647,17,37,0.136029411765,1.88235294118,4.35294117647,3.36363636364,2.84615384615,1.69341284359,0.389027274878,0.193958664547,2.09866904602,0.964253345467,0.518282988871,1.87867287326,0.863174022847,0.470588235294,0.786197569093,0.41766745858,2.25,1.88235294118,0.786197569093,2.25,0.166339869281,0.0612244897959,3,0.00441176470588,0.185952380952,17,17,17,1,0,0.352941176471,0.411764705882,0.235294117647,0,0,0,0,0,0,0,0,0,0,0,0,0,0,0,0,0,0,0,0,0,0,0,0,0,0,0,0,0,37,0,0,235,1,1,0,0,1,1,1,1,1,1,2,2,0,0,0,0
768,WLNM_dir_neg,1,0.5,00:00:02,10,20,36,1980863009,threshold_sweep,0.3,1,1,1,2,0,0,4,1,1,0,0,1,1,1,1,0.555555555556,1,1,1,37,35,2,0,37,0,35,0,2,17,37,0.136029411765,1.88235294118,4.35294117647,3.36363636364,2.84615384615,1.69341284359,0.389027274878,0.193958664547,2.09866904602,0.964253345467,0.518282988871,1.87867287326,0.863174022847,0.470588235294,0.786197569093,0.41766745858,2.25,1.88235294118,0.786197569093,2.25,0.166339869281,0.0612244897959,3,0.00441176470588,0.185952380952,17,17,17,1,0,0.352941176471,0.411764705882,0.235294117647,17,0.128676470588,1.90196078431,4.11764705882,3.18181818182,2.69230769231,1.57648156274,0.382859808093,0.201680672269,2.01465221053,0.978545359402,0.524369747899,1.74894926439,0.849489642704,0.463865546218,0.814492905316,0.428238537847,2.33333333333,1.90196078431,0.814492905316,2.33333333333,0,0,0,0,0.164242424242,17,17,17,1,0,0.352941176471,0.411764705882,0.235294117647,17,37,0.136029411765,1.88235294118,4.35294117647,3.36363636364,2.84615384615,1.69341284359,0.389027274878,0.193958664547,2.09866904602,0.964253345467,0.518282988871,1.87867287326,0.863174022847,0.470588235294,0.786197569093,0.41766745858,2.25,1.88235294118,0.786197569093,2.25,0.166339869281,0.0612244897959,3,0.00441176470588,0.185952380952,17,17,17,1,0,0.352941176471,0.411764705882,0.235294117647,0,0,0,0,0,0,0,0,0,0,0,0,0,0,0,0,0,0,0,0,0,0,0,0,0,0,0,0,0,37,0,0,235,1,1,0,0,1,1,1,1,1,1,2,2,0,0,0,0
769,WLNM_dir_neg,1,0.5,00:00:02,10,20,36,1980863009,threshold_sweep,0.4,1,1,1,2,0,0,4,1,1,0,0,1,1,1,1,0.555555555556,1,1,1,37,35,2,0,37,0,35,0,2,17,37,0.136029411765,1.88235294118,4.35294117647,3.36363636364,2.84615384615,1.69341284359,0.389027274878,0.193958664547,2.09866904602,0.964253345467,0.518282988871,1.87867287326,0.863174022847,0.470588235294,0.786197569093,0.41766745858,2.25,1.88235294118,0.786197569093,2.25,0.166339869281,0.0612244897959,3,0.00441176470588,0.185952380952,17,17,17,1,0,0.352941176471,0.411764705882,0.235294117647,17,0.128676470588,1.90196078431,4.11764705882,3.18181818182,2.69230769231,1.57648156274,0.382859808093,0.201680672269,2.01465221053,0.978545359402,0.524369747899,1.74894926439,0.849489642704,0.463865546218,0.814492905316,0.428238537847,2.33333333333,1.90196078431,0.814492905316,2.33333333333,0,0,0,0,0.164242424242,17,17,17,1,0,0.352941176471,0.411764705882,0.235294117647,17,37,0.136029411765,1.88235294118,4.35294117647,3.36363636364,2.84615384615,1.69341284359,0.389027274878,0.193958664547,2.09866904602,0.964253345467,0.518282988871,1.87867287326,0.863174022847,0.470588235294,0.786197569093,0.41766745858,2.25,1.88235294118,0.786197569093,2.25,0.166339869281,0.0612244897959,3,0.00441176470588,0.185952380952,17,17,17,1,0,0.352941176471,0.411764705882,0.235294117647,0,0,0,0,0,0,0,0,0,0,0,0,0,0,0,0,0,0,0,0,0,0,0,0,0,0,0,0,0,37,0,0,235,1,1,0,0,1,1,1,1,1,1,2,2,0,0,0,0
770,WLNM_dir_neg,1,0.5,00:00:02,10,20,36,1980863009,threshold_sweep,0.5,1,1,1,2,0,0,4,1,1,0,0,1,1,1,1,0.555555555556,1,1,1,37,35,2,0,37,0,35,0,2,17,37,0.136029411765,1.88235294118,4.35294117647,3.36363636364,2.84615384615,1.69341284359,0.389027274878,0.193958664547,2.09866904602,0.964253345467,0.518282988871,1.87867287326,0.863174022847,0.470588235294,0.786197569093,0.41766745858,2.25,1.88235294118,0.786197569093,2.25,0.166339869281,0.0612244897959,3,0.00441176470588,0.185952380952,17,17,17,1,0,0.352941176471,0.411764705882,0.235294117647,17,0.128676470588,1.90196078431,4.11764705882,3.18181818182,2.69230769231,1.57648156274,0.382859808093,0.201680672269,2.01465221053,0.978545359402,0.524369747899,1.74894926439,0.849489642704,0.463865546218,0.814492905316,0.428238537847,2.33333333333,1.90196078431,0.814492905316,2.33333333333,0,0,0,0,0.164242424242,17,17,17,1,0,0.352941176471,0.411764705882,0.235294117647,17,37,0.136029411765,1.88235294118,4.35294117647,3.36363636364,2.84615384615,1.69341284359,0.389027274878,0.193958664547,2.09866904602,0.964253345467,0.518282988871,1.87867287326,0.863174022847,0.470588235294,0.786197569093,0.41766745858,2.25,1.88235294118,0.786197569093,2.25,0.166339869281,0.0612244897959,3,0.00441176470588,0.185952380952,17,17,17,1,0,0.352941176471,0.411764705882,0.235294117647,0,0,0,0,0,0,0,0,0,0,0,0,0,0,0,0,0,0,0,0,0,0,0,0,0,0,0,0,0,37,0,0,235,1,1,0,0,1,1,1,1,1,1,2,2,0,0,0,0
771,WLNM_dir_neg,1,0.5,00:00:02,10,20,36,1980863009,threshold_sweep,0.6,1,1,1,2,0,0,4,1,1,0,0,1,1,1,1,0.555555555556,1,1,1,37,35,2,0,37,0,35,0,2,17,37,0.136029411765,1.88235294118,4.35294117647,3.36363636364,2.84615384615,1.69341284359,0.389027274878,0.193958664547,2.09866904602,0.964253345467,0.518282988871,1.87867287326,0.863174022847,0.470588235294,0.786197569093,0.41766745858,2.25,1.88235294118,0.786197569093,2.25,0.166339869281,0.0612244897959,3,0.00441176470588,0.185952380952,17,17,17,1,0,0.352941176471,0.411764705882,0.235294117647,17,0.128676470588,1.90196078431,4.11764705882,3.18181818182,2.69230769231,1.57648156274,0.382859808093,0.201680672269,2.01465221053,0.978545359402,0.524369747899,1.74894926439,0.849489642704,0.463865546218,0.814492905316,0.428238537847,2.33333333333,1.90196078431,0.814492905316,2.33333333333,0,0,0,0,0.164242424242,17,17,17,1,0,0.352941176471,0.411764705882,0.235294117647,17,37,0.136029411765,1.88235294118,4.35294117647,3.36363636364,2.84615384615,1.69341284359,0.389027274878,0.193958664547,2.09866904602,0.964253345467,0.518282988871,1.87867287326,0.863174022847,0.470588235294,0.786197569093,0.41766745858,2.25,1.88235294118,0.786197569093,2.25,0.166339869281,0.0612244897959,3,0.00441176470588,0.185952380952,17,17,17,1,0,0.352941176471,0.411764705882,0.235294117647,0,0,0,0,0,0,0,0,0,0,0,0,0,0,0,0,0,0,0,0,0,0,0,0,0,0,0,0,0,37,0,0,235,1,1,0,0,1,1,1,1,1,1,2,2,0,0,0,0
772,WLNM_dir_neg,1,0.5,00:00:02,10,20,36,1980863009,threshold_sweep,0.7,1,1,1,2,0,0,4,1,1,0,0,1,1,1,1,0.555555555556,1,1,1,37,35,2,0,37,0,35,0,2,17,37,0.136029411765,1.88235294118,4.35294117647,3.36363636364,2.84615384615,1.69341284359,0.389027274878,0.193958664547,2.09866904602,0.964253345467,0.518282988871,1.87867287326,0.863174022847,0.470588235294,0.786197569093,0.41766745858,2.25,1.88235294118,0.786197569093,2.25,0.166339869281,0.0612244897959,3,0.00441176470588,0.185952380952,17,17,17,1,0,0.352941176471,0.411764705882,0.235294117647,17,0.128676470588,1.90196078431,4.11764705882,3.18181818182,2.69230769231,1.57648156274,0.382859808093,0.201680672269,2.01465221053,0.978545359402,0.524369747899,1.74894926439,0.849489642704,0.463865546218,0.814492905316,0.428238537847,2.33333333333,1.90196078431,0.814492905316,2.33333333333,0,0,0,0,0.164242424242,17,17,17,1,0,0.352941176471,0.411764705882,0.235294117647,17,37,0.136029411765,1.88235294118,4.35294117647,3.36363636364,2.84615384615,1.69341284359,0.389027274878,0.193958664547,2.09866904602,0.964253345467,0.518282988871,1.87867287326,0.863174022847,0.470588235294,0.786197569093,0.41766745858,2.25,1.88235294118,0.786197569093,2.25,0.166339869281,0.0612244897959,3,0.00441176470588,0.185952380952,17,17,17,1,0,0.352941176471,0.411764705882,0.235294117647,0,0,0,0,0,0,0,0,0,0,0,0,0,0,0,0,0,0,0,0,0,0,0,0,0,0,0,0,0,37,0,0,235,1,1,0,0,1,1,1,1,1,1,2,2,0,0,0,0
773,WLNM_dir_neg,1,0.5,00:00:02,10,20,36,1980863009,threshold_sweep,0.8,1,1,1,2,0,0,4,1,1,0,0,1,1,1,1,0.555555555556,1,1,1,37,35,2,0,37,0,35,0,2,17,37,0.136029411765,1.88235294118,4.35294117647,3.36363636364,2.84615384615,1.69341284359,0.389027274878,0.193958664547,2.09866904602,0.964253345467,0.518282988871,1.87867287326,0.863174022847,0.470588235294,0.786197569093,0.41766745858,2.25,1.88235294118,0.786197569093,2.25,0.166339869281,0.0612244897959,3,0.00441176470588,0.185952380952,17,17,17,1,0,0.352941176471,0.411764705882,0.235294117647,17,0.128676470588,1.90196078431,4.11764705882,3.18181818182,2.69230769231,1.57648156274,0.382859808093,0.201680672269,2.01465221053,0.978545359402,0.524369747899,1.74894926439,0.849489642704,0.463865546218,0.814492905316,0.428238537847,2.33333333333,1.90196078431,0.814492905316,2.33333333333,0,0,0,0,0.164242424242,17,17,17,1,0,0.352941176471,0.411764705882,0.235294117647,17,37,0.136029411765,1.88235294118,4.35294117647,3.36363636364,2.84615384615,1.69341284359,0.389027274878,0.193958664547,2.09866904602,0.964253345467,0.518282988871,1.87867287326,0.863174022847,0.470588235294,0.786197569093,0.41766745858,2.25,1.88235294118,0.786197569093,2.25,0.166339869281,0.0612244897959,3,0.00441176470588,0.185952380952,17,17,17,1,0,0.352941176471,0.411764705882,0.235294117647,0,0,0,0,0,0,0,0,0,0,0,0,0,0,0,0,0,0,0,0,0,0,0,0,0,0,0,0,0,37,0,0,235,1,1,0,0,1,1,1,1,1,1,2,2,0,0,0,0
774,WLNM_dir_neg,1,0.5,00:00:02,10,20,36,1980863009,threshold_sweep,0.9,1,1,1,2,0,0,4,1,1,0,0,1,1,1,1,0.555555555556,1,1,1,37,35,2,0,37,0,35,0,2,17,37,0.136029411765,1.88235294118,4.35294117647,3.36363636364,2.84615384615,1.69341284359,0.389027274878,0.193958664547,2.09866904602,0.964253345467,0.518282988871,1.87867287326,0.863174022847,0.470588235294,0.786197569093,0.41766745858,2.25,1.88235294118,0.786197569093,2.25,0.166339869281,0.0612244897959,3,0.00441176470588,0.185952380952,17,17,17,1,0,0.352941176471,0.411764705882,0.235294117647,17,0.128676470588,1.90196078431,4.11764705882,3.18181818182,2.69230769231,1.57648156274,0.382859808093,0.201680672269,2.01465221053,0.978545359402,0.524369747899,1.74894926439,0.849489642704,0.463865546218,0.814492905316,0.428238537847,2.33333333333,1.90196078431,0.814492905316,2.33333333333,0,0,0,0,0.164242424242,17,17,17,1,0,0.352941176471,0.411764705882,0.235294117647,17,37,0.136029411765,1.88235294118,4.35294117647,3.36363636364,2.84615384615,1.69341284359,0.389027274878,0.193958664547,2.09866904602,0.964253345467,0.518282988871,1.87867287326,0.863174022847,0.470588235294,0.786197569093,0.41766745858,2.25,1.88235294118,0.786197569093,2.25,0.166339869281,0.0612244897959,3,0.00441176470588,0.185952380952,17,17,17,1,0,0.352941176471,0.411764705882,0.235294117647,0,0,0,0,0,0,0,0,0,0,0,0,0,0,0,0,0,0,0,0,0,0,0,0,0,0,0,0,0,37,0,0,235,1,1,0,0,1,1,1,1,1,1,2,2,0,0,0,0
775,WLNM_dir_neg,1,0.5,00:00:02,10,20,37,1980863010,threshold_sweep,0.1,1,1,1,2,0,0,4,1,1,0,0,1,1,1,1,0.555555555556,1,1,1,37,35,2,0,37,0,35,0,2,17,37,0.136029411765,1.88235294118,4.35294117647,3.36363636364,2.84615384615,1.69341284359,0.389027274878,0.193958664547,2.09866904602,0.964253345467,0.518282988871,1.87867287326,0.863174022847,0.470588235294,0.786197569093,0.41766745858,2.25,1.88235294118,0.786197569093,2.25,0.166339869281,0.0612244897959,3,0.00441176470588,0.185952380952,17,17,17,1,0,0.352941176471,0.411764705882,0.235294117647,17,0.128676470588,1.90196078431,4.11764705882,3.18181818182,2.69230769231,1.57648156274,0.382859808093,0.201680672269,2.01465221053,0.978545359402,0.524369747899,1.74894926439,0.849489642704,0.463865546218,0.814492905316,0.428238537847,2.33333333333,1.90196078431,0.814492905316,2.33333333333,0,0,0,0,0.164242424242,17,17,17,1,0,0.352941176471,0.411764705882,0.235294117647,17,37,0.136029411765,1.88235294118,4.35294117647,3.36363636364,2.84615384615,1.69341284359,0.389027274878,0.193958664547,2.09866904602,0.964253345467,0.518282988871,1.87867287326,0.863174022847,0.470588235294,0.786197569093,0.41766745858,2.25,1.88235294118,0.786197569093,2.25,0.166339869281,0.0612244897959,3,0.00441176470588,0.185952380952,17,17,17,1,0,0.352941176471,0.411764705882,0.235294117647,0,0,0,0,0,0,0,0,0,0,0,0,0,0,0,0,0,0,0,0,0,0,0,0,0,0,0,0,0,37,0,0,235,1,1,0,0,1,1,1,1,1,1,2,2,0,0,0,0
776,WLNM_dir_neg,1,0.5,00:00:02,10,20,37,1980863010,threshold_sweep,0.2,1,1,1,2,0,0,4,1,1,0,0,1,1,1,1,0.555555555556,1,1,1,37,35,2,0,37,0,35,0,2,17,37,0.136029411765,1.88235294118,4.35294117647,3.36363636364,2.84615384615,1.69341284359,0.389027274878,0.193958664547,2.09866904602,0.964253345467,0.518282988871,1.87867287326,0.863174022847,0.470588235294,0.786197569093,0.41766745858,2.25,1.88235294118,0.786197569093,2.25,0.166339869281,0.0612244897959,3,0.00441176470588,0.185952380952,17,17,17,1,0,0.352941176471,0.411764705882,0.235294117647,17,0.128676470588,1.90196078431,4.11764705882,3.18181818182,2.69230769231,1.57648156274,0.382859808093,0.201680672269,2.01465221053,0.978545359402,0.524369747899,1.74894926439,0.849489642704,0.463865546218,0.814492905316,0.428238537847,2.33333333333,1.90196078431,0.814492905316,2.33333333333,0,0,0,0,0.164242424242,17,17,17,1,0,0.352941176471,0.411764705882,0.235294117647,17,37,0.136029411765,1.88235294118,4.35294117647,3.36363636364,2.84615384615,1.69341284359,0.389027274878,0.193958664547,2.09866904602,0.964253345467,0.518282988871,1.87867287326,0.863174022847,0.470588235294,0.786197569093,0.41766745858,2.25,1.88235294118,0.786197569093,2.25,0.166339869281,0.0612244897959,3,0.00441176470588,0.185952380952,17,17,17,1,0,0.352941176471,0.411764705882,0.235294117647,0,0,0,0,0,0,0,0,0,0,0,0,0,0,0,0,0,0,0,0,0,0,0,0,0,0,0,0,0,37,0,0,235,1,1,0,0,1,1,1,1,1,1,2,2,0,0,0,0
777,WLNM_dir_neg,1,0.5,00:00:02,10,20,37,1980863010,threshold_sweep,0.3,1,1,1,2,0,0,4,1,1,0,0,1,1,1,1,0.555555555556,1,1,1,37,35,2,0,37,0,35,0,2,17,37,0.136029411765,1.88235294118,4.35294117647,3.36363636364,2.84615384615,1.69341284359,0.389027274878,0.193958664547,2.09866904602,0.964253345467,0.518282988871,1.87867287326,0.863174022847,0.470588235294,0.786197569093,0.41766745858,2.25,1.88235294118,0.786197569093,2.25,0.166339869281,0.0612244897959,3,0.00441176470588,0.185952380952,17,17,17,1,0,0.352941176471,0.411764705882,0.235294117647,17,0.128676470588,1.90196078431,4.11764705882,3.18181818182,2.69230769231,1.57648156274,0.382859808093,0.201680672269,2.01465221053,0.978545359402,0.524369747899,1.74894926439,0.849489642704,0.463865546218,0.814492905316,0.428238537847,2.33333333333,1.90196078431,0.814492905316,2.33333333333,0,0,0,0,0.164242424242,17,17,17,1,0,0.352941176471,0.411764705882,0.235294117647,17,37,0.136029411765,1.88235294118,4.35294117647,3.36363636364,2.84615384615,1.69341284359,0.389027274878,0.193958664547,2.09866904602,0.964253345467,0.518282988871,1.87867287326,0.863174022847,0.470588235294,0.786197569093,0.41766745858,2.25,1.88235294118,0.786197569093,2.25,0.166339869281,0.0612244897959,3,0.00441176470588,0.185952380952,17,17,17,1,0,0.352941176471,0.411764705882,0.235294117647,0,0,0,0,0,0,0,0,0,0,0,0,0,0,0,0,0,0,0,0,0,0,0,0,0,0,0,0,0,37,0,0,235,1,1,0,0,1,1,1,1,1,1,2,2,0,0,0,0
778,WLNM_dir_neg,1,0.5,00:00:02,10,20,37,1980863010,threshold_sweep,0.4,1,1,1,2,0,0,4,1,1,0,0,1,1,1,1,0.555555555556,1,1,1,37,35,2,0,37,0,35,0,2,17,37,0.136029411765,1.88235294118,4.35294117647,3.36363636364,2.84615384615,1.69341284359,0.389027274878,0.193958664547,2.09866904602,0.964253345467,0.518282988871,1.87867287326,0.863174022847,0.470588235294,0.786197569093,0.41766745858,2.25,1.88235294118,0.786197569093,2.25,0.166339869281,0.0612244897959,3,0.00441176470588,0.185952380952,17,17,17,1,0,0.352941176471,0.411764705882,0.235294117647,17,0.128676470588,1.90196078431,4.11764705882,3.18181818182,2.69230769231,1.57648156274,0.382859808093,0.201680672269,2.01465221053,0.978545359402,0.524369747899,1.74894926439,0.849489642704,0.463865546218,0.814492905316,0.428238537847,2.33333333333,1.90196078431,0.814492905316,2.33333333333,0,0,0,0,0.164242424242,17,17,17,1,0,0.352941176471,0.411764705882,0.235294117647,17,37,0.136029411765,1.88235294118,4.35294117647,3.36363636364,2.84615384615,1.69341284359,0.389027274878,0.193958664547,2.09866904602,0.964253345467,0.518282988871,1.87867287326,0.863174022847,0.470588235294,0.786197569093,0.41766745858,2.25,1.88235294118,0.786197569093,2.25,0.166339869281,0.0612244897959,3,0.00441176470588,0.185952380952,17,17,17,1,0,0.352941176471,0.411764705882,0.235294117647,0,0,0,0,0,0,0,0,0,0,0,0,0,0,0,0,0,0,0,0,0,0,0,0,0,0,0,0,0,37,0,0,235,1,1,0,0,1,1,1,1,1,1,2,2,0,0,0,0
779,WLNM_dir_neg,1,0.5,00:00:02,10,20,37,1980863010,threshold_sweep,0.5,1,1,1,2,0,0,4,1,1,0,0,1,1,1,1,0.555555555556,1,1,1,37,35,2,0,37,0,35,0,2,17,37,0.136029411765,1.88235294118,4.35294117647,3.36363636364,2.84615384615,1.69341284359,0.389027274878,0.193958664547,2.09866904602,0.964253345467,0.518282988871,1.87867287326,0.863174022847,0.470588235294,0.786197569093,0.41766745858,2.25,1.88235294118,0.786197569093,2.25,0.166339869281,0.0612244897959,3,0.00441176470588,0.185952380952,17,17,17,1,0,0.352941176471,0.411764705882,0.235294117647,17,0.128676470588,1.90196078431,4.11764705882,3.18181818182,2.69230769231,1.57648156274,0.382859808093,0.201680672269,2.01465221053,0.978545359402,0.524369747899,1.74894926439,0.849489642704,0.463865546218,0.814492905316,0.428238537847,2.33333333333,1.90196078431,0.814492905316,2.33333333333,0,0,0,0,0.164242424242,17,17,17,1,0,0.352941176471,0.411764705882,0.235294117647,17,37,0.136029411765,1.88235294118,4.35294117647,3.36363636364,2.84615384615,1.69341284359,0.389027274878,0.193958664547,2.09866904602,0.964253345467,0.518282988871,1.87867287326,0.863174022847,0.470588235294,0.786197569093,0.41766745858,2.25,1.88235294118,0.786197569093,2.25,0.166339869281,0.0612244897959,3,0.00441176470588,0.185952380952,17,17,17,1,0,0.352941176471,0.411764705882,0.235294117647,0,0,0,0,0,0,0,0,0,0,0,0,0,0,0,0,0,0,0,0,0,0,0,0,0,0,0,0,0,37,0,0,235,1,1,0,0,1,1,1,1,1,1,2,2,0,0,0,0
780,WLNM_dir_neg,1,0.5,00:00:02,10,20,37,1980863010,threshold_sweep,0.6,1,1,1,2,0,0,4,1,1,0,0,1,1,1,1,0.555555555556,1,1,1,37,35,2,0,37,0,35,0,2,17,37,0.136029411765,1.88235294118,4.35294117647,3.36363636364,2.84615384615,1.69341284359,0.389027274878,0.193958664547,2.09866904602,0.964253345467,0.518282988871,1.87867287326,0.863174022847,0.470588235294,0.786197569093,0.41766745858,2.25,1.88235294118,0.786197569093,2.25,0.166339869281,0.0612244897959,3,0.00441176470588,0.185952380952,17,17,17,1,0,0.352941176471,0.411764705882,0.235294117647,17,0.128676470588,1.90196078431,4.11764705882,3.18181818182,2.69230769231,1.57648156274,0.382859808093,0.201680672269,2.01465221053,0.978545359402,0.524369747899,1.74894926439,0.849489642704,0.463865546218,0.814492905316,0.428238537847,2.33333333333,1.90196078431,0.814492905316,2.33333333333,0,0,0,0,0.164242424242,17,17,17,1,0,0.352941176471,0.411764705882,0.235294117647,17,37,0.136029411765,1.88235294118,4.35294117647,3.36363636364,2.84615384615,1.69341284359,0.389027274878,0.193958664547,2.09866904602,0.964253345467,0.518282988871,1.87867287326,0.863174022847,0.470588235294,0.786197569093,0.41766745858,2.25,1.88235294118,0.786197569093,2.25,0.166339869281,0.0612244897959,3,0.00441176470588,0.185952380952,17,17,17,1,0,0.352941176471,0.411764705882,0.235294117647,0,0,0,0,0,0,0,0,0,0,0,0,0,0,0,0,0,0,0,0,0,0,0,0,0,0,0,0,0,37,0,0,235,1,1,0,0,1,1,1,1,1,1,2,2,0,0,0,0
781,WLNM_dir_neg,1,0.5,00:00:02,10,20,37,1980863010,threshold_sweep,0.7,1,0.5,0.666666666667,1,0,1,4,0.5,1,0,0.5,1,0.5,0.666666666667,0.833333333333,0.611111111111,0.571428571429,0.632455532034,0.5,37,35,2,0,37,0,35,0,2,17,37,0.136029411765,1.88235294118,4.35294117647,3.36363636364,2.84615384615,1.69341284359,0.389027274878,0.193958664547,2.09866904602,0.964253345467,0.518282988871,1.87867287326,0.863174022847,0.470588235294,0.786197569093,0.41766745858,2.25,1.88235294118,0.786197569093,2.25,0.166339869281,0.0612244897959,3,0.00441176470588,0.185952380952,17,17,17,1,0,0.352941176471,0.411764705882,0.235294117647,17,0.128676470588,1.90196078431,4.11764705882,3.18181818182,2.69230769231,1.57648156274,0.382859808093,0.201680672269,2.01465221053,0.978545359402,0.524369747899,1.74894926439,0.849489642704,0.463865546218,0.814492905316,0.428238537847,2.33333333333,1.90196078431,0.814492905316,2.33333333333,0,0,0,0,0.164242424242,17,17,17,1,0,0.352941176471,0.411764705882,0.235294117647,17,36,0.132352941176,1.89705882353,4.23529411765,3.27272727273,2.76923076923,1.71498585143,0.40492721492,0.204248366013,2.05798302171,0.971825315808,0.522875816993,1.79869233546,0.849382491746,0.464052287582,0.805541469338,0.424626510969,2.25,1.89705882353,0.805541469338,2.25,0.0702614379085,0.0214285714286,1,0.00147058823529,0.175454545455,17,17,17,1,0,0.352941176471,0.411764705882,0.235294117647,-1,-0.00367647058824,0.0147058823529,-0.117647058824,-0.0909090909091,-0.0769230769231,0.0215730078386,0.0158999400418,0.0102897014662,-0.0406860243059,0.00757197034072,0.00459282812224,-0.0799805377942,-0.0137915311015,-0.00653594771242,0.0193439002456,0.00695905238854,0,0.0147058823529,0.0193439002456,0,-0.0960784313725,-0.0397959183673,-2,-0.00294117647059,-0.0104978354978,0,0,0,36,0,1,235,0.972972972973,1,0,0.027027027027,1,0.972972972973,0.986301369863,0.984301887704,0.972972972973,0.972972972973,1,2,0,0,0,0
782,WLNM_dir_neg,1,0.5,00:00:02,10,20,37,1980863010,threshold_sweep,0.8,1,0.5,0.666666666667,1,0,1,4,0.5,1,0,0.5,1,0.5,0.666666666667,0.833333333333,0.611111111111,0.571428571429,0.632455532034,0.5,37,35,2,0,37,0,35,0,2,17,37,0.136029411765,1.88235294118,4.35294117647,3.36363636364,2.84615384615,1.69341284359,0.389027274878,0.193958664547,2.09866904602,0.964253345467,0.518282988871,1.87867287326,0.863174022847,0.470588235294,0.786197569093,0.41766745858,2.25,1.88235294118,0.786197569093,2.25,0.166339869281,0.0612244897959,3,0.00441176470588,0.185952380952,17,17,17,1,0,0.352941176471,0.411764705882,0.235294117647,17,0.128676470588,1.90196078431,4.11764705882,3.18181818182,2.69230769231,1.57648156274,0.382859808093,0.201680672269,2.01465221053,0.978545359402,0.524369747899,1.74894926439,0.849489642704,0.463865546218,0.814492905316,0.428238537847,2.33333333333,1.90196078431,0.814492905316,2.33333333333,0,0,0,0,0.164242424242,17,17,17,1,0,0.352941176471,0.411764705882,0.235294117647,17,36,0.132352941176,1.89705882353,4.23529411765,3.27272727273,2.76923076923,1.71498585143,0.40492721492,0.204248366013,2.05798302171,0.971825315808,0.522875816993,1.79869233546,0.849382491746,0.464052287582,0.805541469338,0.424626510969,2.25,1.89705882353,0.805541469338,2.25,0.0702614379085,0.0214285714286,1,0.00147058823529,0.175454545455,17,17,17,1,0,0.352941176471,0.411764705882,0.235294117647,-1,-0.00367647058824,0.0147058823529,-0.117647058824,-0.0909090909091,-0.0769230769231,0.0215730078386,0.0158999400418,0.0102897014662,-0.0406860243059,0.00757197034072,0.00459282812224,-0.0799805377942,-0.0137915311015,-0.00653594771242,0.0193439002456,0.00695905238854,0,0.0147058823529,0.0193439002456,0,-0.0960784313725,-0.0397959183673,-2,-0.00294117647059,-0.0104978354978,0,0,0,36,0,1,235,0.972972972973,1,0,0.027027027027,1,0.972972972973,0.986301369863,0.984301887704,0.972972972973,0.972972972973,1,2,0,0,0,0
783,WLNM_dir_neg,1,0.5,00:00:02,10,20,37,1980863010,threshold_sweep,0.9,1,0.5,0.666666666667,1,0,1,4,0.5,1,0,0.5,1,0.5,0.666666666667,0.833333333333,0.611111111111,0.571428571429,0.632455532034,0.5,37,35,2,0,37,0,35,0,2,17,37,0.136029411765,1.88235294118,4.35294117647,3.36363636364,2.84615384615,1.69341284359,0.389027274878,0.193958664547,2.09866904602,0.964253345467,0.518282988871,1.87867287326,0.863174022847,0.470588235294,0.786197569093,0.41766745858,2.25,1.88235294118,0.786197569093,2.25,0.166339869281,0.0612244897959,3,0.00441176470588,0.185952380952,17,17,17,1,0,0.352941176471,0.411764705882,0.235294117647,17,0.128676470588,1.90196078431,4.11764705882,3.18181818182,2.69230769231,1.57648156274,0.382859808093,0.201680672269,2.01465221053,0.978545359402,0.524369747899,1.74894926439,0.849489642704,0.463865546218,0.814492905316,0.428238537847,2.33333333333,1.90196078431,0.814492905316,2.33333333333,0,0,0,0,0.164242424242,17,17,17,1,0,0.352941176471,0.411764705882,0.235294117647,17,36,0.132352941176,1.89705882353,4.23529411765,3.27272727273,2.76923076923,1.71498585143,0.40492721492,0.204248366013,2.05798302171,0.971825315808,0.522875816993,1.79869233546,0.849382491746,0.464052287582,0.805541469338,0.424626510969,2.25,1.89705882353,0.805541469338,2.25,0.0702614379085,0.0214285714286,1,0.00147058823529,0.175454545455,17,17,17,1,0,0.352941176471,0.411764705882,0.235294117647,-1,-0.00367647058824,0.0147058823529,-0.117647058824,-0.0909090909091,-0.0769230769231,0.0215730078386,0.0158999400418,0.0102897014662,-0.0406860243059,0.00757197034072,0.00459282812224,-0.0799805377942,-0.0137915311015,-0.00653594771242,0.0193439002456,0.00695905238854,0,0.0147058823529,0.0193439002456,0,-0.0960784313725,-0.0397959183673,-2,-0.00294117647059,-0.0104978354978,0,0,0,36,0,1,235,0.972972972973,1,0,0.027027027027,1,0.972972972973,0.986301369863,0.984301887704,0.972972972973,0.972972972973,1,2,0,0,0,0
784,WLNM_dir_neg,1,0.5,00:00:01,10,20,38,1980863011,threshold_sweep,0.1,1,1,1,2,0,0,4,1,1,0,0,1,1,1,1,0.555555555556,1,1,1,37,35,2,0,37,0,35,0,2,17,37,0.136029411765,1.88235294118,4.35294117647,3.36363636364,2.84615384615,1.69341284359,0.389027274878,0.193958664547,2.09866904602,0.964253345467,0.518282988871,1.87867287326,0.863174022847,0.470588235294,0.786197569093,0.41766745858,2.25,1.88235294118,0.786197569093,2.25,0.166339869281,0.0612244897959,3,0.00441176470588,0.185952380952,17,17,17,1,0,0.352941176471,0.411764705882,0.235294117647,17,0.128676470588,1.90196078431,4.11764705882,3.18181818182,2.69230769231,1.57648156274,0.382859808093,0.201680672269,2.01465221053,0.978545359402,0.524369747899,1.74894926439,0.849489642704,0.463865546218,0.814492905316,0.428238537847,2.33333333333,1.90196078431,0.814492905316,2.33333333333,0,0,0,0,0.164242424242,17,17,17,1,0,0.352941176471,0.411764705882,0.235294117647,17,37,0.136029411765,1.88235294118,4.35294117647,3.36363636364,2.84615384615,1.69341284359,0.389027274878,0.193958664547,2.09866904602,0.964253345467,0.518282988871,1.87867287326,0.863174022847,0.470588235294,0.786197569093,0.41766745858,2.25,1.88235294118,0.786197569093,2.25,0.166339869281,0.0612244897959,3,0.00441176470588,0.185952380952,17,17,17,1,0,0.352941176471,0.411764705882,0.235294117647,0,0,0,0,0,0,0,0,0,0,0,0,0,0,0,0,0,0,0,0,0,0,0,0,0,0,0,0,0,37,0,0,235,1,1,0,0,1,1,1,1,1,1,2,2,0,0,0,0
785,WLNM_dir_neg,1,0.5,00:00:01,10,20,38,1980863011,threshold_sweep,0.2,1,1,1,2,0,0,4,1,1,0,0,1,1,1,1,0.555555555556,1,1,1,37,35,2,0,37,0,35,0,2,17,37,0.136029411765,1.88235294118,4.35294117647,3.36363636364,2.84615384615,1.69341284359,0.389027274878,0.193958664547,2.09866904602,0.964253345467,0.518282988871,1.87867287326,0.863174022847,0.470588235294,0.786197569093,0.41766745858,2.25,1.88235294118,0.786197569093,2.25,0.166339869281,0.0612244897959,3,0.00441176470588,0.185952380952,17,17,17,1,0,0.352941176471,0.411764705882,0.235294117647,17,0.128676470588,1.90196078431,4.11764705882,3.18181818182,2.69230769231,1.57648156274,0.382859808093,0.201680672269,2.01465221053,0.978545359402,0.524369747899,1.74894926439,0.849489642704,0.463865546218,0.814492905316,0.428238537847,2.33333333333,1.90196078431,0.814492905316,2.33333333333,0,0,0,0,0.164242424242,17,17,17,1,0,0.352941176471,0.411764705882,0.235294117647,17,37,0.136029411765,1.88235294118,4.35294117647,3.36363636364,2.84615384615,1.69341284359,0.389027274878,0.193958664547,2.09866904602,0.964253345467,0.518282988871,1.87867287326,0.863174022847,0.470588235294,0.786197569093,0.41766745858,2.25,1.88235294118,0.786197569093,2.25,0.166339869281,0.0612244897959,3,0.00441176470588,0.185952380952,17,17,17,1,0,0.352941176471,0.411764705882,0.235294117647,0,0,0,0,0,0,0,0,0,0,0,0,0,0,0,0,0,0,0,0,0,0,0,0,0,0,0,0,0,37,0,0,235,1,1,0,0,1,1,1,1,1,1,2,2,0,0,0,0
786,WLNM_dir_neg,1,0.5,00:00:01,10,20,38,1980863011,threshold_sweep,0.3,1,1,1,2,0,0,4,1,1,0,0,1,1,1,1,0.555555555556,1,1,1,37,35,2,0,37,0,35,0,2,17,37,0.136029411765,1.88235294118,4.35294117647,3.36363636364,2.84615384615,1.69341284359,0.389027274878,0.193958664547,2.09866904602,0.964253345467,0.518282988871,1.87867287326,0.863174022847,0.470588235294,0.786197569093,0.41766745858,2.25,1.88235294118,0.786197569093,2.25,0.166339869281,0.0612244897959,3,0.00441176470588,0.185952380952,17,17,17,1,0,0.352941176471,0.411764705882,0.235294117647,17,0.128676470588,1.90196078431,4.11764705882,3.18181818182,2.69230769231,1.57648156274,0.382859808093,0.201680672269,2.01465221053,0.978545359402,0.524369747899,1.74894926439,0.849489642704,0.463865546218,0.814492905316,0.428238537847,2.33333333333,1.90196078431,0.814492905316,2.33333333333,0,0,0,0,0.164242424242,17,17,17,1,0,0.352941176471,0.411764705882,0.235294117647,17,37,0.136029411765,1.88235294118,4.35294117647,3.36363636364,2.84615384615,1.69341284359,0.389027274878,0.193958664547,2.09866904602,0.964253345467,0.518282988871,1.87867287326,0.863174022847,0.470588235294,0.786197569093,0.41766745858,2.25,1.88235294118,0.786197569093,2.25,0.166339869281,0.0612244897959,3,0.00441176470588,0.185952380952,17,17,17,1,0,0.352941176471,0.411764705882,0.235294117647,0,0,0,0,0,0,0,0,0,0,0,0,0,0,0,0,0,0,0,0,0,0,0,0,0,0,0,0,0,37,0,0,235,1,1,0,0,1,1,1,1,1,1,2,2,0,0,0,0
787,WLNM_dir_neg,1,0.5,00:00:01,10,20,38,1980863011,threshold_sweep,0.4,1,1,1,2,0,0,4,1,1,0,0,1,1,1,1,0.555555555556,1,1,1,37,35,2,0,37,0,35,0,2,17,37,0.136029411765,1.88235294118,4.35294117647,3.36363636364,2.84615384615,1.69341284359,0.389027274878,0.193958664547,2.09866904602,0.964253345467,0.518282988871,1.87867287326,0.863174022847,0.470588235294,0.786197569093,0.41766745858,2.25,1.88235294118,0.786197569093,2.25,0.166339869281,0.0612244897959,3,0.00441176470588,0.185952380952,17,17,17,1,0,0.352941176471,0.411764705882,0.235294117647,17,0.128676470588,1.90196078431,4.11764705882,3.18181818182,2.69230769231,1.57648156274,0.382859808093,0.201680672269,2.01465221053,0.978545359402,0.524369747899,1.74894926439,0.849489642704,0.463865546218,0.814492905316,0.428238537847,2.33333333333,1.90196078431,0.814492905316,2.33333333333,0,0,0,0,0.164242424242,17,17,17,1,0,0.352941176471,0.411764705882,0.235294117647,17,37,0.136029411765,1.88235294118,4.35294117647,3.36363636364,2.84615384615,1.69341284359,0.389027274878,0.193958664547,2.09866904602,0.964253345467,0.518282988871,1.87867287326,0.863174022847,0.470588235294,0.786197569093,0.41766745858,2.25,1.88235294118,0.786197569093,2.25,0.166339869281,0.0612244897959,3,0.00441176470588,0.185952380952,17,17,17,1,0,0.352941176471,0.411764705882,0.235294117647,0,0,0,0,0,0,0,0,0,0,0,0,0,0,0,0,0,0,0,0,0,0,0,0,0,0,0,0,0,37,0,0,235,1,1,0,0,1,1,1,1,1,1,2,2,0,0,0,0
788,WLNM_dir_neg,1,0.5,00:00:01,10,20,38,1980863011,threshold_sweep,0.5,1,1,1,2,0,0,4,1,1,0,0,1,1,1,1,0.555555555556,1,1,1,37,35,2,0,37,0,35,0,2,17,37,0.136029411765,1.88235294118,4.35294117647,3.36363636364,2.84615384615,1.69341284359,0.389027274878,0.193958664547,2.09866904602,0.964253345467,0.518282988871,1.87867287326,0.863174022847,0.470588235294,0.786197569093,0.41766745858,2.25,1.88235294118,0.786197569093,2.25,0.166339869281,0.0612244897959,3,0.00441176470588,0.185952380952,17,17,17,1,0,0.352941176471,0.411764705882,0.235294117647,17,0.128676470588,1.90196078431,4.11764705882,3.18181818182,2.69230769231,1.57648156274,0.382859808093,0.201680672269,2.01465221053,0.978545359402,0.524369747899,1.74894926439,0.849489642704,0.463865546218,0.814492905316,0.428238537847,2.33333333333,1.90196078431,0.814492905316,2.33333333333,0,0,0,0,0.164242424242,17,17,17,1,0,0.352941176471,0.411764705882,0.235294117647,17,37,0.136029411765,1.88235294118,4.35294117647,3.36363636364,2.84615384615,1.69341284359,0.389027274878,0.193958664547,2.09866904602,0.964253345467,0.518282988871,1.87867287326,0.863174022847,0.470588235294,0.786197569093,0.41766745858,2.25,1.88235294118,0.786197569093,2.25,0.166339869281,0.0612244897959,3,0.00441176470588,0.185952380952,17,17,17,1,0,0.352941176471,0.411764705882,0.235294117647,0,0,0,0,0,0,0,0,0,0,0,0,0,0,0,0,0,0,0,0,0,0,0,0,0,0,0,0,0,37,0,0,235,1,1,0,0,1,1,1,1,1,1,2,2,0,0,0,0
789,WLNM_dir_neg,1,0.5,00:00:01,10,20,38,1980863011,threshold_sweep,0.6,1,1,1,2,0,0,4,1,1,0,0,1,1,1,1,0.555555555556,1,1,1,37,35,2,0,37,0,35,0,2,17,37,0.136029411765,1.88235294118,4.35294117647,3.36363636364,2.84615384615,1.69341284359,0.389027274878,0.193958664547,2.09866904602,0.964253345467,0.518282988871,1.87867287326,0.863174022847,0.470588235294,0.786197569093,0.41766745858,2.25,1.88235294118,0.786197569093,2.25,0.166339869281,0.0612244897959,3,0.00441176470588,0.185952380952,17,17,17,1,0,0.352941176471,0.411764705882,0.235294117647,17,0.128676470588,1.90196078431,4.11764705882,3.18181818182,2.69230769231,1.57648156274,0.382859808093,0.201680672269,2.01465221053,0.978545359402,0.524369747899,1.74894926439,0.849489642704,0.463865546218,0.814492905316,0.428238537847,2.33333333333,1.90196078431,0.814492905316,2.33333333333,0,0,0,0,0.164242424242,17,17,17,1,0,0.352941176471,0.411764705882,0.235294117647,17,37,0.136029411765,1.88235294118,4.35294117647,3.36363636364,2.84615384615,1.69341284359,0.389027274878,0.193958664547,2.09866904602,0.964253345467,0.518282988871,1.87867287326,0.863174022847,0.470588235294,0.786197569093,0.41766745858,2.25,1.88235294118,0.786197569093,2.25,0.166339869281,0.0612244897959,3,0.00441176470588,0.185952380952,17,17,17,1,0,0.352941176471,0.411764705882,0.235294117647,0,0,0,0,0,0,0,0,0,0,0,0,0,0,0,0,0,0,0,0,0,0,0,0,0,0,0,0,0,37,0,0,235,1,1,0,0,1,1,1,1,1,1,2,2,0,0,0,0
790,WLNM_dir_neg,1,0.5,00:00:01,10,20,38,1980863011,threshold_sweep,0.7,1,1,1,2,0,0,4,1,1,0,0,1,1,1,1,0.555555555556,1,1,1,37,35,2,0,37,0,35,0,2,17,37,0.136029411765,1.88235294118,4.35294117647,3.36363636364,2.84615384615,1.69341284359,0.389027274878,0.193958664547,2.09866904602,0.964253345467,0.518282988871,1.87867287326,0.863174022847,0.470588235294,0.786197569093,0.41766745858,2.25,1.88235294118,0.786197569093,2.25,0.166339869281,0.0612244897959,3,0.00441176470588,0.185952380952,17,17,17,1,0,0.352941176471,0.411764705882,0.235294117647,17,0.128676470588,1.90196078431,4.11764705882,3.18181818182,2.69230769231,1.57648156274,0.382859808093,0.201680672269,2.01465221053,0.978545359402,0.524369747899,1.74894926439,0.849489642704,0.463865546218,0.814492905316,0.428238537847,2.33333333333,1.90196078431,0.814492905316,2.33333333333,0,0,0,0,0.164242424242,17,17,17,1,0,0.352941176471,0.411764705882,0.235294117647,17,37,0.136029411765,1.88235294118,4.35294117647,3.36363636364,2.84615384615,1.69341284359,0.389027274878,0.193958664547,2.09866904602,0.964253345467,0.518282988871,1.87867287326,0.863174022847,0.470588235294,0.786197569093,0.41766745858,2.25,1.88235294118,0.786197569093,2.25,0.166339869281,0.0612244897959,3,0.00441176470588,0.185952380952,17,17,17,1,0,0.352941176471,0.411764705882,0.235294117647,0,0,0,0,0,0,0,0,0,0,0,0,0,0,0,0,0,0,0,0,0,0,0,0,0,0,0,0,0,37,0,0,235,1,1,0,0,1,1,1,1,1,1,2,2,0,0,0,0
791,WLNM_dir_neg,1,0.5,00:00:01,10,20,38,1980863011,threshold_sweep,0.8,1,1,1,2,0,0,4,1,1,0,0,1,1,1,1,0.555555555556,1,1,1,37,35,2,0,37,0,35,0,2,17,37,0.136029411765,1.88235294118,4.35294117647,3.36363636364,2.84615384615,1.69341284359,0.389027274878,0.193958664547,2.09866904602,0.964253345467,0.518282988871,1.87867287326,0.863174022847,0.470588235294,0.786197569093,0.41766745858,2.25,1.88235294118,0.786197569093,2.25,0.166339869281,0.0612244897959,3,0.00441176470588,0.185952380952,17,17,17,1,0,0.352941176471,0.411764705882,0.235294117647,17,0.128676470588,1.90196078431,4.11764705882,3.18181818182,2.69230769231,1.57648156274,0.382859808093,0.201680672269,2.01465221053,0.978545359402,0.524369747899,1.74894926439,0.849489642704,0.463865546218,0.814492905316,0.428238537847,2.33333333333,1.90196078431,0.814492905316,2.33333333333,0,0,0,0,0.164242424242,17,17,17,1,0,0.352941176471,0.411764705882,0.235294117647,17,37,0.136029411765,1.88235294118,4.35294117647,3.36363636364,2.84615384615,1.69341284359,0.389027274878,0.193958664547,2.09866904602,0.964253345467,0.518282988871,1.87867287326,0.863174022847,0.470588235294,0.786197569093,0.41766745858,2.25,1.88235294118,0.786197569093,2.25,0.166339869281,0.0612244897959,3,0.00441176470588,0.185952380952,17,17,17,1,0,0.352941176471,0.411764705882,0.235294117647,0,0,0,0,0,0,0,0,0,0,0,0,0,0,0,0,0,0,0,0,0,0,0,0,0,0,0,0,0,37,0,0,235,1,1,0,0,1,1,1,1,1,1,2,2,0,0,0,0
792,WLNM_dir_neg,1,0.5,00:00:01,10,20,38,1980863011,threshold_sweep,0.9,1,1,1,2,0,0,4,1,1,0,0,1,1,1,1,0.555555555556,1,1,1,37,35,2,0,37,0,35,0,2,17,37,0.136029411765,1.88235294118,4.35294117647,3.36363636364,2.84615384615,1.69341284359,0.389027274878,0.193958664547,2.09866904602,0.964253345467,0.518282988871,1.87867287326,0.863174022847,0.470588235294,0.786197569093,0.41766745858,2.25,1.88235294118,0.786197569093,2.25,0.166339869281,0.0612244897959,3,0.00441176470588,0.185952380952,17,17,17,1,0,0.352941176471,0.411764705882,0.235294117647,17,0.128676470588,1.90196078431,4.11764705882,3.18181818182,2.69230769231,1.57648156274,0.382859808093,0.201680672269,2.01465221053,0.978545359402,0.524369747899,1.74894926439,0.849489642704,0.463865546218,0.814492905316,0.428238537847,2.33333333333,1.90196078431,0.814492905316,2.33333333333,0,0,0,0,0.164242424242,17,17,17,1,0,0.352941176471,0.411764705882,0.235294117647,17,37,0.136029411765,1.88235294118,4.35294117647,3.36363636364,2.84615384615,1.69341284359,0.389027274878,0.193958664547,2.09866904602,0.964253345467,0.518282988871,1.87867287326,0.863174022847,0.470588235294,0.786197569093,0.41766745858,2.25,1.88235294118,0.786197569093,2.25,0.166339869281,0.0612244897959,3,0.00441176470588,0.185952380952,17,17,17,1,0,0.352941176471,0.411764705882,0.235294117647,0,0,0,0,0,0,0,0,0,0,0,0,0,0,0,0,0,0,0,0,0,0,0,0,0,0,0,0,0,37,0,0,235,1,1,0,0,1,1,1,1,1,1,2,2,0,0,0,0
793,WLNM_dir_neg,1,0.5,00:00:02,10,20,39,1980863012,threshold_sweep,0.1,1,1,1,2,0,0,4,1,1,0,0,1,1,1,1,0.555555555556,1,1,1,37,35,2,0,37,0,35,0,2,17,37,0.136029411765,1.88235294118,4.35294117647,3.36363636364,2.84615384615,1.69341284359,0.389027274878,0.193958664547,2.09866904602,0.964253345467,0.518282988871,1.87867287326,0.863174022847,0.470588235294,0.786197569093,0.41766745858,2.25,1.88235294118,0.786197569093,2.25,0.166339869281,0.0612244897959,3,0.00441176470588,0.185952380952,17,17,17,1,0,0.352941176471,0.411764705882,0.235294117647,17,0.128676470588,1.90196078431,4.11764705882,3.18181818182,2.69230769231,1.57648156274,0.382859808093,0.201680672269,2.01465221053,0.978545359402,0.524369747899,1.74894926439,0.849489642704,0.463865546218,0.814492905316,0.428238537847,2.33333333333,1.90196078431,0.814492905316,2.33333333333,0,0,0,0,0.164242424242,17,17,17,1,0,0.352941176471,0.411764705882,0.235294117647,17,37,0.136029411765,1.88235294118,4.35294117647,3.36363636364,2.84615384615,1.69341284359,0.389027274878,0.193958664547,2.09866904602,0.964253345467,0.518282988871,1.87867287326,0.863174022847,0.470588235294,0.786197569093,0.41766745858,2.25,1.88235294118,0.786197569093,2.25,0.166339869281,0.0612244897959,3,0.00441176470588,0.185952380952,17,17,17,1,0,0.352941176471,0.411764705882,0.235294117647,0,0,0,0,0,0,0,0,0,0,0,0,0,0,0,0,0,0,0,0,0,0,0,0,0,0,0,0,0,37,0,0,235,1,1,0,0,1,1,1,1,1,1,2,2,0,0,0,0
794,WLNM_dir_neg,1,0.5,00:00:02,10,20,39,1980863012,threshold_sweep,0.2,1,1,1,2,0,0,4,1,1,0,0,1,1,1,1,0.555555555556,1,1,1,37,35,2,0,37,0,35,0,2,17,37,0.136029411765,1.88235294118,4.35294117647,3.36363636364,2.84615384615,1.69341284359,0.389027274878,0.193958664547,2.09866904602,0.964253345467,0.518282988871,1.87867287326,0.863174022847,0.470588235294,0.786197569093,0.41766745858,2.25,1.88235294118,0.786197569093,2.25,0.166339869281,0.0612244897959,3,0.00441176470588,0.185952380952,17,17,17,1,0,0.352941176471,0.411764705882,0.235294117647,17,0.128676470588,1.90196078431,4.11764705882,3.18181818182,2.69230769231,1.57648156274,0.382859808093,0.201680672269,2.01465221053,0.978545359402,0.524369747899,1.74894926439,0.849489642704,0.463865546218,0.814492905316,0.428238537847,2.33333333333,1.90196078431,0.814492905316,2.33333333333,0,0,0,0,0.164242424242,17,17,17,1,0,0.352941176471,0.411764705882,0.235294117647,17,37,0.136029411765,1.88235294118,4.35294117647,3.36363636364,2.84615384615,1.69341284359,0.389027274878,0.193958664547,2.09866904602,0.964253345467,0.518282988871,1.87867287326,0.863174022847,0.470588235294,0.786197569093,0.41766745858,2.25,1.88235294118,0.786197569093,2.25,0.166339869281,0.0612244897959,3,0.00441176470588,0.185952380952,17,17,17,1,0,0.352941176471,0.411764705882,0.235294117647,0,0,0,0,0,0,0,0,0,0,0,0,0,0,0,0,0,0,0,0,0,0,0,0,0,0,0,0,0,37,0,0,235,1,1,0,0,1,1,1,1,1,1,2,2,0,0,0,0
795,WLNM_dir_neg,1,0.5,00:00:02,10,20,39,1980863012,threshold_sweep,0.3,1,1,1,2,0,0,4,1,1,0,0,1,1,1,1,0.555555555556,1,1,1,37,35,2,0,37,0,35,0,2,17,37,0.136029411765,1.88235294118,4.35294117647,3.36363636364,2.84615384615,1.69341284359,0.389027274878,0.193958664547,2.09866904602,0.964253345467,0.518282988871,1.87867287326,0.863174022847,0.470588235294,0.786197569093,0.41766745858,2.25,1.88235294118,0.786197569093,2.25,0.166339869281,0.0612244897959,3,0.00441176470588,0.185952380952,17,17,17,1,0,0.352941176471,0.411764705882,0.235294117647,17,0.128676470588,1.90196078431,4.11764705882,3.18181818182,2.69230769231,1.57648156274,0.382859808093,0.201680672269,2.01465221053,0.978545359402,0.524369747899,1.74894926439,0.849489642704,0.463865546218,0.814492905316,0.428238537847,2.33333333333,1.90196078431,0.814492905316,2.33333333333,0,0,0,0,0.164242424242,17,17,17,1,0,0.352941176471,0.411764705882,0.235294117647,17,37,0.136029411765,1.88235294118,4.35294117647,3.36363636364,2.84615384615,1.69341284359,0.389027274878,0.193958664547,2.09866904602,0.964253345467,0.518282988871,1.87867287326,0.863174022847,0.470588235294,0.786197569093,0.41766745858,2.25,1.88235294118,0.786197569093,2.25,0.166339869281,0.0612244897959,3,0.00441176470588,0.185952380952,17,17,17,1,0,0.352941176471,0.411764705882,0.235294117647,0,0,0,0,0,0,0,0,0,0,0,0,0,0,0,0,0,0,0,0,0,0,0,0,0,0,0,0,0,37,0,0,235,1,1,0,0,1,1,1,1,1,1,2,2,0,0,0,0
796,WLNM_dir_neg,1,0.5,00:00:02,10,20,39,1980863012,threshold_sweep,0.4,1,1,1,2,0,0,4,1,1,0,0,1,1,1,1,0.555555555556,1,1,1,37,35,2,0,37,0,35,0,2,17,37,0.136029411765,1.88235294118,4.35294117647,3.36363636364,2.84615384615,1.69341284359,0.389027274878,0.193958664547,2.09866904602,0.964253345467,0.518282988871,1.87867287326,0.863174022847,0.470588235294,0.786197569093,0.41766745858,2.25,1.88235294118,0.786197569093,2.25,0.166339869281,0.0612244897959,3,0.00441176470588,0.185952380952,17,17,17,1,0,0.352941176471,0.411764705882,0.235294117647,17,0.128676470588,1.90196078431,4.11764705882,3.18181818182,2.69230769231,1.57648156274,0.382859808093,0.201680672269,2.01465221053,0.978545359402,0.524369747899,1.74894926439,0.849489642704,0.463865546218,0.814492905316,0.428238537847,2.33333333333,1.90196078431,0.814492905316,2.33333333333,0,0,0,0,0.164242424242,17,17,17,1,0,0.352941176471,0.411764705882,0.235294117647,17,37,0.136029411765,1.88235294118,4.35294117647,3.36363636364,2.84615384615,1.69341284359,0.389027274878,0.193958664547,2.09866904602,0.964253345467,0.518282988871,1.87867287326,0.863174022847,0.470588235294,0.786197569093,0.41766745858,2.25,1.88235294118,0.786197569093,2.25,0.166339869281,0.0612244897959,3,0.00441176470588,0.185952380952,17,17,17,1,0,0.352941176471,0.411764705882,0.235294117647,0,0,0,0,0,0,0,0,0,0,0,0,0,0,0,0,0,0,0,0,0,0,0,0,0,0,0,0,0,37,0,0,235,1,1,0,0,1,1,1,1,1,1,2,2,0,0,0,0
797,WLNM_dir_neg,1,0.5,00:00:02,10,20,39,1980863012,threshold_sweep,0.5,1,1,1,2,0,0,4,1,1,0,0,1,1,1,1,0.555555555556,1,1,1,37,35,2,0,37,0,35,0,2,17,37,0.136029411765,1.88235294118,4.35294117647,3.36363636364,2.84615384615,1.69341284359,0.389027274878,0.193958664547,2.09866904602,0.964253345467,0.518282988871,1.87867287326,0.863174022847,0.470588235294,0.786197569093,0.41766745858,2.25,1.88235294118,0.786197569093,2.25,0.166339869281,0.0612244897959,3,0.00441176470588,0.185952380952,17,17,17,1,0,0.352941176471,0.411764705882,0.235294117647,17,0.128676470588,1.90196078431,4.11764705882,3.18181818182,2.69230769231,1.57648156274,0.382859808093,0.201680672269,2.01465221053,0.978545359402,0.524369747899,1.74894926439,0.849489642704,0.463865546218,0.814492905316,0.428238537847,2.33333333333,1.90196078431,0.814492905316,2.33333333333,0,0,0,0,0.164242424242,17,17,17,1,0,0.352941176471,0.411764705882,0.235294117647,17,37,0.136029411765,1.88235294118,4.35294117647,3.36363636364,2.84615384615,1.69341284359,0.389027274878,0.193958664547,2.09866904602,0.964253345467,0.518282988871,1.87867287326,0.863174022847,0.470588235294,0.786197569093,0.41766745858,2.25,1.88235294118,0.786197569093,2.25,0.166339869281,0.0612244897959,3,0.00441176470588,0.185952380952,17,17,17,1,0,0.352941176471,0.411764705882,0.235294117647,0,0,0,0,0,0,0,0,0,0,0,0,0,0,0,0,0,0,0,0,0,0,0,0,0,0,0,0,0,37,0,0,235,1,1,0,0,1,1,1,1,1,1,2,2,0,0,0,0
798,WLNM_dir_neg,1,0.5,00:00:02,10,20,39,1980863012,threshold_sweep,0.6,1,1,1,2,0,0,4,1,1,0,0,1,1,1,1,0.555555555556,1,1,1,37,35,2,0,37,0,35,0,2,17,37,0.136029411765,1.88235294118,4.35294117647,3.36363636364,2.84615384615,1.69341284359,0.389027274878,0.193958664547,2.09866904602,0.964253345467,0.518282988871,1.87867287326,0.863174022847,0.470588235294,0.786197569093,0.41766745858,2.25,1.88235294118,0.786197569093,2.25,0.166339869281,0.0612244897959,3,0.00441176470588,0.185952380952,17,17,17,1,0,0.352941176471,0.411764705882,0.235294117647,17,0.128676470588,1.90196078431,4.11764705882,3.18181818182,2.69230769231,1.57648156274,0.382859808093,0.201680672269,2.01465221053,0.978545359402,0.524369747899,1.74894926439,0.849489642704,0.463865546218,0.814492905316,0.428238537847,2.33333333333,1.90196078431,0.814492905316,2.33333333333,0,0,0,0,0.164242424242,17,17,17,1,0,0.352941176471,0.411764705882,0.235294117647,17,37,0.136029411765,1.88235294118,4.35294117647,3.36363636364,2.84615384615,1.69341284359,0.389027274878,0.193958664547,2.09866904602,0.964253345467,0.518282988871,1.87867287326,0.863174022847,0.470588235294,0.786197569093,0.41766745858,2.25,1.88235294118,0.786197569093,2.25,0.166339869281,0.0612244897959,3,0.00441176470588,0.185952380952,17,17,17,1,0,0.352941176471,0.411764705882,0.235294117647,0,0,0,0,0,0,0,0,0,0,0,0,0,0,0,0,0,0,0,0,0,0,0,0,0,0,0,0,0,37,0,0,235,1,1,0,0,1,1,1,1,1,1,2,2,0,0,0,0
799,WLNM_dir_neg,1,0.5,00:00:02,10,20,39,1980863012,threshold_sweep,0.7,1,1,1,2,0,0,4,1,1,0,0,1,1,1,1,0.555555555556,1,1,1,37,35,2,0,37,0,35,0,2,17,37,0.136029411765,1.88235294118,4.35294117647,3.36363636364,2.84615384615,1.69341284359,0.389027274878,0.193958664547,2.09866904602,0.964253345467,0.518282988871,1.87867287326,0.863174022847,0.470588235294,0.786197569093,0.41766745858,2.25,1.88235294118,0.786197569093,2.25,0.166339869281,0.0612244897959,3,0.00441176470588,0.185952380952,17,17,17,1,0,0.352941176471,0.411764705882,0.235294117647,17,0.128676470588,1.90196078431,4.11764705882,3.18181818182,2.69230769231,1.57648156274,0.382859808093,0.201680672269,2.01465221053,0.978545359402,0.524369747899,1.74894926439,0.849489642704,0.463865546218,0.814492905316,0.428238537847,2.33333333333,1.90196078431,0.814492905316,2.33333333333,0,0,0,0,0.164242424242,17,17,17,1,0,0.352941176471,0.411764705882,0.235294117647,17,37,0.136029411765,1.88235294118,4.35294117647,3.36363636364,2.84615384615,1.69341284359,0.389027274878,0.193958664547,2.09866904602,0.964253345467,0.518282988871,1.87867287326,0.863174022847,0.470588235294,0.786197569093,0.41766745858,2.25,1.88235294118,0.786197569093,2.25,0.166339869281,0.0612244897959,3,0.00441176470588,0.185952380952,17,17,17,1,0,0.352941176471,0.411764705882,0.235294117647,0,0,0,0,0,0,0,0,0,0,0,0,0,0,0,0,0,0,0,0,0,0,0,0,0,0,0,0,0,37,0,0,235,1,1,0,0,1,1,1,1,1,1,2,2,0,0,0,0
800,WLNM_dir_neg,1,0.5,00:00:02,10,20,39,1980863012,threshold_sweep,0.8,1,1,1,2,0,0,4,1,1,0,0,1,1,1,1,0.555555555556,1,1,1,37,35,2,0,37,0,35,0,2,17,37,0.136029411765,1.88235294118,4.35294117647,3.36363636364,2.84615384615,1.69341284359,0.389027274878,0.193958664547,2.09866904602,0.964253345467,0.518282988871,1.87867287326,0.863174022847,0.470588235294,0.786197569093,0.41766745858,2.25,1.88235294118,0.786197569093,2.25,0.166339869281,0.0612244897959,3,0.00441176470588,0.185952380952,17,17,17,1,0,0.352941176471,0.411764705882,0.235294117647,17,0.128676470588,1.90196078431,4.11764705882,3.18181818182,2.69230769231,1.57648156274,0.382859808093,0.201680672269,2.01465221053,0.978545359402,0.524369747899,1.74894926439,0.849489642704,0.463865546218,0.814492905316,0.428238537847,2.33333333333,1.90196078431,0.814492905316,2.33333333333,0,0,0,0,0.164242424242,17,17,17,1,0,0.352941176471,0.411764705882,0.235294117647,17,37,0.136029411765,1.88235294118,4.35294117647,3.36363636364,2.84615384615,1.69341284359,0.389027274878,0.193958664547,2.09866904602,0.964253345467,0.518282988871,1.87867287326,0.863174022847,0.470588235294,0.786197569093,0.41766745858,2.25,1.88235294118,0.786197569093,2.25,0.166339869281,0.0612244897959,3,0.00441176470588,0.185952380952,17,17,17,1,0,0.352941176471,0.411764705882,0.235294117647,0,0,0,0,0,0,0,0,0,0,0,0,0,0,0,0,0,0,0,0,0,0,0,0,0,0,0,0,0,37,0,0,235,1,1,0,0,1,1,1,1,1,1,2,2,0,0,0,0
801,WLNM_dir_neg,1,0.5,00:00:02,10,20,39,1980863012,threshold_sweep,0.9,1,1,1,2,0,0,4,1,1,0,0,1,1,1,1,0.555555555556,1,1,1,37,35,2,0,37,0,35,0,2,17,37,0.136029411765,1.88235294118,4.35294117647,3.36363636364,2.84615384615,1.69341284359,0.389027274878,0.193958664547,2.09866904602,0.964253345467,0.518282988871,1.87867287326,0.863174022847,0.470588235294,0.786197569093,0.41766745858,2.25,1.88235294118,0.786197569093,2.25,0.166339869281,0.0612244897959,3,0.00441176470588,0.185952380952,17,17,17,1,0,0.352941176471,0.411764705882,0.235294117647,17,0.128676470588,1.90196078431,4.11764705882,3.18181818182,2.69230769231,1.57648156274,0.382859808093,0.201680672269,2.01465221053,0.978545359402,0.524369747899,1.74894926439,0.849489642704,0.463865546218,0.814492905316,0.428238537847,2.33333333333,1.90196078431,0.814492905316,2.33333333333,0,0,0,0,0.164242424242,17,17,17,1,0,0.352941176471,0.411764705882,0.235294117647,17,37,0.136029411765,1.88235294118,4.35294117647,3.36363636364,2.84615384615,1.69341284359,0.389027274878,0.193958664547,2.09866904602,0.964253345467,0.518282988871,1.87867287326,0.863174022847,0.470588235294,0.786197569093,0.41766745858,2.25,1.88235294118,0.786197569093,2.25,0.166339869281,0.0612244897959,3,0.00441176470588,0.185952380952,17,17,17,1,0,0.352941176471,0.411764705882,0.235294117647,0,0,0,0,0,0,0,0,0,0,0,0,0,0,0,0,0,0,0,0,0,0,0,0,0,0,0,0,0,37,0,0,235,1,1,0,0,1,1,1,1,1,1,2,2,0,0,0,0
802,WLNM_dir_neg,1,0.5,00:00:02,10,20,40,1980863013,threshold_sweep,0.1,0.666666666667,1,0.8,2,1,0,3,1,0.75,0.25,0,0.666666666667,1,0.8,0.833333333333,0.5,0.666666666667,0.707106781187,0.75,37,35,2,0,37,0,35,0,2,17,37,0.136029411765,1.88235294118,4.35294117647,3.36363636364,2.84615384615,1.69341284359,0.389027274878,0.193958664547,2.09866904602,0.964253345467,0.518282988871,1.87867287326,0.863174022847,0.470588235294,0.786197569093,0.41766745858,2.25,1.88235294118,0.786197569093,2.25,0.166339869281,0.0612244897959,3,0.00441176470588,0.185952380952,17,17,17,1,0,0.352941176471,0.411764705882,0.235294117647,17,0.128676470588,1.90196078431,4.11764705882,3.18181818182,2.69230769231,1.57648156274,0.382859808093,0.201680672269,2.01465221053,0.978545359402,0.524369747899,1.74894926439,0.849489642704,0.463865546218,0.814492905316,0.428238537847,2.33333333333,1.90196078431,0.814492905316,2.33333333333,0,0,0,0,0.164242424242,17,17,17,1,0,0.352941176471,0.411764705882,0.235294117647,17,38,0.139705882353,1.87941176471,4.47058823529,3.45454545455,2.71428571429,1.73629084037,0.388380845872,0.198142414861,2.16591238756,0.968960804961,0.517027863777,1.82103719638,0.814674535221,0.442724458204,0.780836655359,0.415468642914,2.2,1.87941176471,0.780836655359,2.2,0.162418300654,0.0576923076923,3,0.00441176470588,0.182878787879,17,17,17,1,0,0.352941176471,0.470588235294,0.176470588235,1,0.00367647058824,-0.00294117647059,0.117647058824,0.0909090909091,-0.131868131868,0.0428779967836,-0.000646429005719,0.00418375031378,0.0672433415445,0.00470745949447,-0.00125512509413,-0.0576356768785,-0.0484994876259,-0.0278637770898,-0.00536091373311,-0.00219881566616,-0.05,-0.00294117647059,-0.00536091373311,-0.05,-0.00392156862745,-0.00353218210361,0,0,-0.00307359307359,0,0.0588235294118,-0.0588235294118,37,1,0,234,1,0.995744680851,0.00425531914894,0,0.973684210526,1,0.986666666667,0.984652666406,0.995744680851,0.973684210526,3,2,0,0,0,0
803,WLNM_dir_neg,1,0.5,00:00:02,10,20,40,1980863013,threshold_sweep,0.2,0.666666666667,1,0.8,2,1,0,3,1,0.75,0.25,0,0.666666666667,1,0.8,0.833333333333,0.5,0.666666666667,0.707106781187,0.75,37,35,2,0,37,0,35,0,2,17,37,0.136029411765,1.88235294118,4.35294117647,3.36363636364,2.84615384615,1.69341284359,0.389027274878,0.193958664547,2.09866904602,0.964253345467,0.518282988871,1.87867287326,0.863174022847,0.470588235294,0.786197569093,0.41766745858,2.25,1.88235294118,0.786197569093,2.25,0.166339869281,0.0612244897959,3,0.00441176470588,0.185952380952,17,17,17,1,0,0.352941176471,0.411764705882,0.235294117647,17,0.128676470588,1.90196078431,4.11764705882,3.18181818182,2.69230769231,1.57648156274,0.382859808093,0.201680672269,2.01465221053,0.978545359402,0.524369747899,1.74894926439,0.849489642704,0.463865546218,0.814492905316,0.428238537847,2.33333333333,1.90196078431,0.814492905316,2.33333333333,0,0,0,0,0.164242424242,17,17,17,1,0,0.352941176471,0.411764705882,0.235294117647,17,38,0.139705882353,1.87941176471,4.47058823529,3.45454545455,2.71428571429,1.73629084037,0.388380845872,0.198142414861,2.16591238756,0.968960804961,0.517027863777,1.82103719638,0.814674535221,0.442724458204,0.780836655359,0.415468642914,2.2,1.87941176471,0.780836655359,2.2,0.162418300654,0.0576923076923,3,0.00441176470588,0.182878787879,17,17,17,1,0,0.352941176471,0.470588235294,0.176470588235,1,0.00367647058824,-0.00294117647059,0.117647058824,0.0909090909091,-0.131868131868,0.0428779967836,-0.000646429005719,0.00418375031378,0.0672433415445,0.00470745949447,-0.00125512509413,-0.0576356768785,-0.0484994876259,-0.0278637770898,-0.00536091373311,-0.00219881566616,-0.05,-0.00294117647059,-0.00536091373311,-0.05,-0.00392156862745,-0.00353218210361,0,0,-0.00307359307359,0,0.0588235294118,-0.0588235294118,37,1,0,234,1,0.995744680851,0.00425531914894,0,0.973684210526,1,0.986666666667,0.984652666406,0.995744680851,0.973684210526,3,2,0,0,0,0
804,WLNM_dir_neg,1,0.5,00:00:02,10,20,40,1980863013,threshold_sweep,0.3,1,1,1,2,0,0,4,1,1,0,0,1,1,1,1,0.555555555556,1,1,1,37,35,2,0,37,0,35,0,2,17,37,0.136029411765,1.88235294118,4.35294117647,3.36363636364,2.84615384615,1.69341284359,0.389027274878,0.193958664547,2.09866904602,0.964253345467,0.518282988871,1.87867287326,0.863174022847,0.470588235294,0.786197569093,0.41766745858,2.25,1.88235294118,0.786197569093,2.25,0.166339869281,0.0612244897959,3,0.00441176470588,0.185952380952,17,17,17,1,0,0.352941176471,0.411764705882,0.235294117647,17,0.128676470588,1.90196078431,4.11764705882,3.18181818182,2.69230769231,1.57648156274,0.382859808093,0.201680672269,2.01465221053,0.978545359402,0.524369747899,1.74894926439,0.849489642704,0.463865546218,0.814492905316,0.428238537847,2.33333333333,1.90196078431,0.814492905316,2.33333333333,0,0,0,0,0.164242424242,17,17,17,1,0,0.352941176471,0.411764705882,0.235294117647,17,37,0.136029411765,1.88235294118,4.35294117647,3.36363636364,2.84615384615,1.69341284359,0.389027274878,0.193958664547,2.09866904602,0.964253345467,0.518282988871,1.87867287326,0.863174022847,0.470588235294,0.786197569093,0.41766745858,2.25,1.88235294118,0.786197569093,2.25,0.166339869281,0.0612244897959,3,0.00441176470588,0.185952380952,17,17,17,1,0,0.352941176471,0.411764705882,0.235294117647,0,0,0,0,0,0,0,0,0,0,0,0,0,0,0,0,0,0,0,0,0,0,0,0,0,0,0,0,0,37,0,0,235,1,1,0,0,1,1,1,1,1,1,2,2,0,0,0,0
805,WLNM_dir_neg,1,0.5,00:00:02,10,20,40,1980863013,threshold_sweep,0.4,1,1,1,2,0,0,4,1,1,0,0,1,1,1,1,0.555555555556,1,1,1,37,35,2,0,37,0,35,0,2,17,37,0.136029411765,1.88235294118,4.35294117647,3.36363636364,2.84615384615,1.69341284359,0.389027274878,0.193958664547,2.09866904602,0.964253345467,0.518282988871,1.87867287326,0.863174022847,0.470588235294,0.786197569093,0.41766745858,2.25,1.88235294118,0.786197569093,2.25,0.166339869281,0.0612244897959,3,0.00441176470588,0.185952380952,17,17,17,1,0,0.352941176471,0.411764705882,0.235294117647,17,0.128676470588,1.90196078431,4.11764705882,3.18181818182,2.69230769231,1.57648156274,0.382859808093,0.201680672269,2.01465221053,0.978545359402,0.524369747899,1.74894926439,0.849489642704,0.463865546218,0.814492905316,0.428238537847,2.33333333333,1.90196078431,0.814492905316,2.33333333333,0,0,0,0,0.164242424242,17,17,17,1,0,0.352941176471,0.411764705882,0.235294117647,17,37,0.136029411765,1.88235294118,4.35294117647,3.36363636364,2.84615384615,1.69341284359,0.389027274878,0.193958664547,2.09866904602,0.964253345467,0.518282988871,1.87867287326,0.863174022847,0.470588235294,0.786197569093,0.41766745858,2.25,1.88235294118,0.786197569093,2.25,0.166339869281,0.0612244897959,3,0.00441176470588,0.185952380952,17,17,17,1,0,0.352941176471,0.411764705882,0.235294117647,0,0,0,0,0,0,0,0,0,0,0,0,0,0,0,0,0,0,0,0,0,0,0,0,0,0,0,0,0,37,0,0,235,1,1,0,0,1,1,1,1,1,1,2,2,0,0,0,0
806,WLNM_dir_neg,1,0.5,00:00:02,10,20,40,1980863013,threshold_sweep,0.5,1,1,1,2,0,0,4,1,1,0,0,1,1,1,1,0.555555555556,1,1,1,37,35,2,0,37,0,35,0,2,17,37,0.136029411765,1.88235294118,4.35294117647,3.36363636364,2.84615384615,1.69341284359,0.389027274878,0.193958664547,2.09866904602,0.964253345467,0.518282988871,1.87867287326,0.863174022847,0.470588235294,0.786197569093,0.41766745858,2.25,1.88235294118,0.786197569093,2.25,0.166339869281,0.0612244897959,3,0.00441176470588,0.185952380952,17,17,17,1,0,0.352941176471,0.411764705882,0.235294117647,17,0.128676470588,1.90196078431,4.11764705882,3.18181818182,2.69230769231,1.57648156274,0.382859808093,0.201680672269,2.01465221053,0.978545359402,0.524369747899,1.74894926439,0.849489642704,0.463865546218,0.814492905316,0.428238537847,2.33333333333,1.90196078431,0.814492905316,2.33333333333,0,0,0,0,0.164242424242,17,17,17,1,0,0.352941176471,0.411764705882,0.235294117647,17,37,0.136029411765,1.88235294118,4.35294117647,3.36363636364,2.84615384615,1.69341284359,0.389027274878,0.193958664547,2.09866904602,0.964253345467,0.518282988871,1.87867287326,0.863174022847,0.470588235294,0.786197569093,0.41766745858,2.25,1.88235294118,0.786197569093,2.25,0.166339869281,0.0612244897959,3,0.00441176470588,0.185952380952,17,17,17,1,0,0.352941176471,0.411764705882,0.235294117647,0,0,0,0,0,0,0,0,0,0,0,0,0,0,0,0,0,0,0,0,0,0,0,0,0,0,0,0,0,37,0,0,235,1,1,0,0,1,1,1,1,1,1,2,2,0,0,0,0
807,WLNM_dir_neg,1,0.5,00:00:02,10,20,40,1980863013,threshold_sweep,0.6,1,1,1,2,0,0,4,1,1,0,0,1,1,1,1,0.555555555556,1,1,1,37,35,2,0,37,0,35,0,2,17,37,0.136029411765,1.88235294118,4.35294117647,3.36363636364,2.84615384615,1.69341284359,0.389027274878,0.193958664547,2.09866904602,0.964253345467,0.518282988871,1.87867287326,0.863174022847,0.470588235294,0.786197569093,0.41766745858,2.25,1.88235294118,0.786197569093,2.25,0.166339869281,0.0612244897959,3,0.00441176470588,0.185952380952,17,17,17,1,0,0.352941176471,0.411764705882,0.235294117647,17,0.128676470588,1.90196078431,4.11764705882,3.18181818182,2.69230769231,1.57648156274,0.382859808093,0.201680672269,2.01465221053,0.978545359402,0.524369747899,1.74894926439,0.849489642704,0.463865546218,0.814492905316,0.428238537847,2.33333333333,1.90196078431,0.814492905316,2.33333333333,0,0,0,0,0.164242424242,17,17,17,1,0,0.352941176471,0.411764705882,0.235294117647,17,37,0.136029411765,1.88235294118,4.35294117647,3.36363636364,2.84615384615,1.69341284359,0.389027274878,0.193958664547,2.09866904602,0.964253345467,0.518282988871,1.87867287326,0.863174022847,0.470588235294,0.786197569093,0.41766745858,2.25,1.88235294118,0.786197569093,2.25,0.166339869281,0.0612244897959,3,0.00441176470588,0.185952380952,17,17,17,1,0,0.352941176471,0.411764705882,0.235294117647,0,0,0,0,0,0,0,0,0,0,0,0,0,0,0,0,0,0,0,0,0,0,0,0,0,0,0,0,0,37,0,0,235,1,1,0,0,1,1,1,1,1,1,2,2,0,0,0,0
808,WLNM_dir_neg,1,0.5,00:00:02,10,20,40,1980863013,threshold_sweep,0.7,1,1,1,2,0,0,4,1,1,0,0,1,1,1,1,0.555555555556,1,1,1,37,35,2,0,37,0,35,0,2,17,37,0.136029411765,1.88235294118,4.35294117647,3.36363636364,2.84615384615,1.69341284359,0.389027274878,0.193958664547,2.09866904602,0.964253345467,0.518282988871,1.87867287326,0.863174022847,0.470588235294,0.786197569093,0.41766745858,2.25,1.88235294118,0.786197569093,2.25,0.166339869281,0.0612244897959,3,0.00441176470588,0.185952380952,17,17,17,1,0,0.352941176471,0.411764705882,0.235294117647,17,0.128676470588,1.90196078431,4.11764705882,3.18181818182,2.69230769231,1.57648156274,0.382859808093,0.201680672269,2.01465221053,0.978545359402,0.524369747899,1.74894926439,0.849489642704,0.463865546218,0.814492905316,0.428238537847,2.33333333333,1.90196078431,0.814492905316,2.33333333333,0,0,0,0,0.164242424242,17,17,17,1,0,0.352941176471,0.411764705882,0.235294117647,17,37,0.136029411765,1.88235294118,4.35294117647,3.36363636364,2.84615384615,1.69341284359,0.389027274878,0.193958664547,2.09866904602,0.964253345467,0.518282988871,1.87867287326,0.863174022847,0.470588235294,0.786197569093,0.41766745858,2.25,1.88235294118,0.786197569093,2.25,0.166339869281,0.0612244897959,3,0.00441176470588,0.185952380952,17,17,17,1,0,0.352941176471,0.411764705882,0.235294117647,0,0,0,0,0,0,0,0,0,0,0,0,0,0,0,0,0,0,0,0,0,0,0,0,0,0,0,0,0,37,0,0,235,1,1,0,0,1,1,1,1,1,1,2,2,0,0,0,0
809,WLNM_dir_neg,1,0.5,00:00:02,10,20,40,1980863013,threshold_sweep,0.8,1,1,1,2,0,0,4,1,1,0,0,1,1,1,1,0.555555555556,1,1,1,37,35,2,0,37,0,35,0,2,17,37,0.136029411765,1.88235294118,4.35294117647,3.36363636364,2.84615384615,1.69341284359,0.389027274878,0.193958664547,2.09866904602,0.964253345467,0.518282988871,1.87867287326,0.863174022847,0.470588235294,0.786197569093,0.41766745858,2.25,1.88235294118,0.786197569093,2.25,0.166339869281,0.0612244897959,3,0.00441176470588,0.185952380952,17,17,17,1,0,0.352941176471,0.411764705882,0.235294117647,17,0.128676470588,1.90196078431,4.11764705882,3.18181818182,2.69230769231,1.57648156274,0.382859808093,0.201680672269,2.01465221053,0.978545359402,0.524369747899,1.74894926439,0.849489642704,0.463865546218,0.814492905316,0.428238537847,2.33333333333,1.90196078431,0.814492905316,2.33333333333,0,0,0,0,0.164242424242,17,17,17,1,0,0.352941176471,0.411764705882,0.235294117647,17,37,0.136029411765,1.88235294118,4.35294117647,3.36363636364,2.84615384615,1.69341284359,0.389027274878,0.193958664547,2.09866904602,0.964253345467,0.518282988871,1.87867287326,0.863174022847,0.470588235294,0.786197569093,0.41766745858,2.25,1.88235294118,0.786197569093,2.25,0.166339869281,0.0612244897959,3,0.00441176470588,0.185952380952,17,17,17,1,0,0.352941176471,0.411764705882,0.235294117647,0,0,0,0,0,0,0,0,0,0,0,0,0,0,0,0,0,0,0,0,0,0,0,0,0,0,0,0,0,37,0,0,235,1,1,0,0,1,1,1,1,1,1,2,2,0,0,0,0
810,WLNM_dir_neg,1,0.5,00:00:02,10,20,40,1980863013,threshold_sweep,0.9,1,1,1,2,0,0,4,1,1,0,0,1,1,1,1,0.555555555556,1,1,1,37,35,2,0,37,0,35,0,2,17,37,0.136029411765,1.88235294118,4.35294117647,3.36363636364,2.84615384615,1.69341284359,0.389027274878,0.193958664547,2.09866904602,0.964253345467,0.518282988871,1.87867287326,0.863174022847,0.470588235294,0.786197569093,0.41766745858,2.25,1.88235294118,0.786197569093,2.25,0.166339869281,0.0612244897959,3,0.00441176470588,0.185952380952,17,17,17,1,0,0.352941176471,0.411764705882,0.235294117647,17,0.128676470588,1.90196078431,4.11764705882,3.18181818182,2.69230769231,1.57648156274,0.382859808093,0.201680672269,2.01465221053,0.978545359402,0.524369747899,1.74894926439,0.849489642704,0.463865546218,0.814492905316,0.428238537847,2.33333333333,1.90196078431,0.814492905316,2.33333333333,0,0,0,0,0.164242424242,17,17,17,1,0,0.352941176471,0.411764705882,0.235294117647,17,37,0.136029411765,1.88235294118,4.35294117647,3.36363636364,2.84615384615,1.69341284359,0.389027274878,0.193958664547,2.09866904602,0.964253345467,0.518282988871,1.87867287326,0.863174022847,0.470588235294,0.786197569093,0.41766745858,2.25,1.88235294118,0.786197569093,2.25,0.166339869281,0.0612244897959,3,0.00441176470588,0.185952380952,17,17,17,1,0,0.352941176471,0.411764705882,0.235294117647,0,0,0,0,0,0,0,0,0,0,0,0,0,0,0,0,0,0,0,0,0,0,0,0,0,0,0,0,0,37,0,0,235,1,1,0,0,1,1,1,1,1,1,2,2,0,0,0,0
811,WLNM_dir_neg,1,0.5,00:00:01,10,20,41,1980863014,threshold_sweep,0.1,1,1,1,2,0,0,4,1,1,0,0,1,1,1,1,0.555555555556,1,1,1,37,35,2,0,37,0,35,0,2,17,37,0.136029411765,1.88235294118,4.35294117647,3.36363636364,2.84615384615,1.69341284359,0.389027274878,0.193958664547,2.09866904602,0.964253345467,0.518282988871,1.87867287326,0.863174022847,0.470588235294,0.786197569093,0.41766745858,2.25,1.88235294118,0.786197569093,2.25,0.166339869281,0.0612244897959,3,0.00441176470588,0.185952380952,17,17,17,1,0,0.352941176471,0.411764705882,0.235294117647,17,0.128676470588,1.90196078431,4.11764705882,3.18181818182,2.69230769231,1.57648156274,0.382859808093,0.201680672269,2.01465221053,0.978545359402,0.524369747899,1.74894926439,0.849489642704,0.463865546218,0.814492905316,0.428238537847,2.33333333333,1.90196078431,0.814492905316,2.33333333333,0,0,0,0,0.164242424242,17,17,17,1,0,0.352941176471,0.411764705882,0.235294117647,17,37,0.136029411765,1.88235294118,4.35294117647,3.36363636364,2.84615384615,1.69341284359,0.389027274878,0.193958664547,2.09866904602,0.964253345467,0.518282988871,1.87867287326,0.863174022847,0.470588235294,0.786197569093,0.41766745858,2.25,1.88235294118,0.786197569093,2.25,0.166339869281,0.0612244897959,3,0.00441176470588,0.185952380952,17,17,17,1,0,0.352941176471,0.411764705882,0.235294117647,0,0,0,0,0,0,0,0,0,0,0,0,0,0,0,0,0,0,0,0,0,0,0,0,0,0,0,0,0,37,0,0,235,1,1,0,0,1,1,1,1,1,1,2,2,0,0,0,0
812,WLNM_dir_neg,1,0.5,00:00:01,10,20,41,1980863014,threshold_sweep,0.2,1,1,1,2,0,0,4,1,1,0,0,1,1,1,1,0.555555555556,1,1,1,37,35,2,0,37,0,35,0,2,17,37,0.136029411765,1.88235294118,4.35294117647,3.36363636364,2.84615384615,1.69341284359,0.389027274878,0.193958664547,2.09866904602,0.964253345467,0.518282988871,1.87867287326,0.863174022847,0.470588235294,0.786197569093,0.41766745858,2.25,1.88235294118,0.786197569093,2.25,0.166339869281,0.0612244897959,3,0.00441176470588,0.185952380952,17,17,17,1,0,0.352941176471,0.411764705882,0.235294117647,17,0.128676470588,1.90196078431,4.11764705882,3.18181818182,2.69230769231,1.57648156274,0.382859808093,0.201680672269,2.01465221053,0.978545359402,0.524369747899,1.74894926439,0.849489642704,0.463865546218,0.814492905316,0.428238537847,2.33333333333,1.90196078431,0.814492905316,2.33333333333,0,0,0,0,0.164242424242,17,17,17,1,0,0.352941176471,0.411764705882,0.235294117647,17,37,0.136029411765,1.88235294118,4.35294117647,3.36363636364,2.84615384615,1.69341284359,0.389027274878,0.193958664547,2.09866904602,0.964253345467,0.518282988871,1.87867287326,0.863174022847,0.470588235294,0.786197569093,0.41766745858,2.25,1.88235294118,0.786197569093,2.25,0.166339869281,0.0612244897959,3,0.00441176470588,0.185952380952,17,17,17,1,0,0.352941176471,0.411764705882,0.235294117647,0,0,0,0,0,0,0,0,0,0,0,0,0,0,0,0,0,0,0,0,0,0,0,0,0,0,0,0,0,37,0,0,235,1,1,0,0,1,1,1,1,1,1,2,2,0,0,0,0
813,WLNM_dir_neg,1,0.5,00:00:01,10,20,41,1980863014,threshold_sweep,0.3,1,1,1,2,0,0,4,1,1,0,0,1,1,1,1,0.555555555556,1,1,1,37,35,2,0,37,0,35,0,2,17,37,0.136029411765,1.88235294118,4.35294117647,3.36363636364,2.84615384615,1.69341284359,0.389027274878,0.193958664547,2.09866904602,0.964253345467,0.518282988871,1.87867287326,0.863174022847,0.470588235294,0.786197569093,0.41766745858,2.25,1.88235294118,0.786197569093,2.25,0.166339869281,0.0612244897959,3,0.00441176470588,0.185952380952,17,17,17,1,0,0.352941176471,0.411764705882,0.235294117647,17,0.128676470588,1.90196078431,4.11764705882,3.18181818182,2.69230769231,1.57648156274,0.382859808093,0.201680672269,2.01465221053,0.978545359402,0.524369747899,1.74894926439,0.849489642704,0.463865546218,0.814492905316,0.428238537847,2.33333333333,1.90196078431,0.814492905316,2.33333333333,0,0,0,0,0.164242424242,17,17,17,1,0,0.352941176471,0.411764705882,0.235294117647,17,37,0.136029411765,1.88235294118,4.35294117647,3.36363636364,2.84615384615,1.69341284359,0.389027274878,0.193958664547,2.09866904602,0.964253345467,0.518282988871,1.87867287326,0.863174022847,0.470588235294,0.786197569093,0.41766745858,2.25,1.88235294118,0.786197569093,2.25,0.166339869281,0.0612244897959,3,0.00441176470588,0.185952380952,17,17,17,1,0,0.352941176471,0.411764705882,0.235294117647,0,0,0,0,0,0,0,0,0,0,0,0,0,0,0,0,0,0,0,0,0,0,0,0,0,0,0,0,0,37,0,0,235,1,1,0,0,1,1,1,1,1,1,2,2,0,0,0,0
814,WLNM_dir_neg,1,0.5,00:00:01,10,20,41,1980863014,threshold_sweep,0.4,1,1,1,2,0,0,4,1,1,0,0,1,1,1,1,0.555555555556,1,1,1,37,35,2,0,37,0,35,0,2,17,37,0.136029411765,1.88235294118,4.35294117647,3.36363636364,2.84615384615,1.69341284359,0.389027274878,0.193958664547,2.09866904602,0.964253345467,0.518282988871,1.87867287326,0.863174022847,0.470588235294,0.786197569093,0.41766745858,2.25,1.88235294118,0.786197569093,2.25,0.166339869281,0.0612244897959,3,0.00441176470588,0.185952380952,17,17,17,1,0,0.352941176471,0.411764705882,0.235294117647,17,0.128676470588,1.90196078431,4.11764705882,3.18181818182,2.69230769231,1.57648156274,0.382859808093,0.201680672269,2.01465221053,0.978545359402,0.524369747899,1.74894926439,0.849489642704,0.463865546218,0.814492905316,0.428238537847,2.33333333333,1.90196078431,0.814492905316,2.33333333333,0,0,0,0,0.164242424242,17,17,17,1,0,0.352941176471,0.411764705882,0.235294117647,17,37,0.136029411765,1.88235294118,4.35294117647,3.36363636364,2.84615384615,1.69341284359,0.389027274878,0.193958664547,2.09866904602,0.964253345467,0.518282988871,1.87867287326,0.863174022847,0.470588235294,0.786197569093,0.41766745858,2.25,1.88235294118,0.786197569093,2.25,0.166339869281,0.0612244897959,3,0.00441176470588,0.185952380952,17,17,17,1,0,0.352941176471,0.411764705882,0.235294117647,0,0,0,0,0,0,0,0,0,0,0,0,0,0,0,0,0,0,0,0,0,0,0,0,0,0,0,0,0,37,0,0,235,1,1,0,0,1,1,1,1,1,1,2,2,0,0,0,0
815,WLNM_dir_neg,1,0.5,00:00:01,10,20,41,1980863014,threshold_sweep,0.5,1,1,1,2,0,0,4,1,1,0,0,1,1,1,1,0.555555555556,1,1,1,37,35,2,0,37,0,35,0,2,17,37,0.136029411765,1.88235294118,4.35294117647,3.36363636364,2.84615384615,1.69341284359,0.389027274878,0.193958664547,2.09866904602,0.964253345467,0.518282988871,1.87867287326,0.863174022847,0.470588235294,0.786197569093,0.41766745858,2.25,1.88235294118,0.786197569093,2.25,0.166339869281,0.0612244897959,3,0.00441176470588,0.185952380952,17,17,17,1,0,0.352941176471,0.411764705882,0.235294117647,17,0.128676470588,1.90196078431,4.11764705882,3.18181818182,2.69230769231,1.57648156274,0.382859808093,0.201680672269,2.01465221053,0.978545359402,0.524369747899,1.74894926439,0.849489642704,0.463865546218,0.814492905316,0.428238537847,2.33333333333,1.90196078431,0.814492905316,2.33333333333,0,0,0,0,0.164242424242,17,17,17,1,0,0.352941176471,0.411764705882,0.235294117647,17,37,0.136029411765,1.88235294118,4.35294117647,3.36363636364,2.84615384615,1.69341284359,0.389027274878,0.193958664547,2.09866904602,0.964253345467,0.518282988871,1.87867287326,0.863174022847,0.470588235294,0.786197569093,0.41766745858,2.25,1.88235294118,0.786197569093,2.25,0.166339869281,0.0612244897959,3,0.00441176470588,0.185952380952,17,17,17,1,0,0.352941176471,0.411764705882,0.235294117647,0,0,0,0,0,0,0,0,0,0,0,0,0,0,0,0,0,0,0,0,0,0,0,0,0,0,0,0,0,37,0,0,235,1,1,0,0,1,1,1,1,1,1,2,2,0,0,0,0
816,WLNM_dir_neg,1,0.5,00:00:01,10,20,41,1980863014,threshold_sweep,0.6,1,1,1,2,0,0,4,1,1,0,0,1,1,1,1,0.555555555556,1,1,1,37,35,2,0,37,0,35,0,2,17,37,0.136029411765,1.88235294118,4.35294117647,3.36363636364,2.84615384615,1.69341284359,0.389027274878,0.193958664547,2.09866904602,0.964253345467,0.518282988871,1.87867287326,0.863174022847,0.470588235294,0.786197569093,0.41766745858,2.25,1.88235294118,0.786197569093,2.25,0.166339869281,0.0612244897959,3,0.00441176470588,0.185952380952,17,17,17,1,0,0.352941176471,0.411764705882,0.235294117647,17,0.128676470588,1.90196078431,4.11764705882,3.18181818182,2.69230769231,1.57648156274,0.382859808093,0.201680672269,2.01465221053,0.978545359402,0.524369747899,1.74894926439,0.849489642704,0.463865546218,0.814492905316,0.428238537847,2.33333333333,1.90196078431,0.814492905316,2.33333333333,0,0,0,0,0.164242424242,17,17,17,1,0,0.352941176471,0.411764705882,0.235294117647,17,37,0.136029411765,1.88235294118,4.35294117647,3.36363636364,2.84615384615,1.69341284359,0.389027274878,0.193958664547,2.09866904602,0.964253345467,0.518282988871,1.87867287326,0.863174022847,0.470588235294,0.786197569093,0.41766745858,2.25,1.88235294118,0.786197569093,2.25,0.166339869281,0.0612244897959,3,0.00441176470588,0.185952380952,17,17,17,1,0,0.352941176471,0.411764705882,0.235294117647,0,0,0,0,0,0,0,0,0,0,0,0,0,0,0,0,0,0,0,0,0,0,0,0,0,0,0,0,0,37,0,0,235,1,1,0,0,1,1,1,1,1,1,2,2,0,0,0,0
817,WLNM_dir_neg,1,0.5,00:00:01,10,20,41,1980863014,threshold_sweep,0.7,1,1,1,2,0,0,4,1,1,0,0,1,1,1,1,0.555555555556,1,1,1,37,35,2,0,37,0,35,0,2,17,37,0.136029411765,1.88235294118,4.35294117647,3.36363636364,2.84615384615,1.69341284359,0.389027274878,0.193958664547,2.09866904602,0.964253345467,0.518282988871,1.87867287326,0.863174022847,0.470588235294,0.786197569093,0.41766745858,2.25,1.88235294118,0.786197569093,2.25,0.166339869281,0.0612244897959,3,0.00441176470588,0.185952380952,17,17,17,1,0,0.352941176471,0.411764705882,0.235294117647,17,0.128676470588,1.90196078431,4.11764705882,3.18181818182,2.69230769231,1.57648156274,0.382859808093,0.201680672269,2.01465221053,0.978545359402,0.524369747899,1.74894926439,0.849489642704,0.463865546218,0.814492905316,0.428238537847,2.33333333333,1.90196078431,0.814492905316,2.33333333333,0,0,0,0,0.164242424242,17,17,17,1,0,0.352941176471,0.411764705882,0.235294117647,17,37,0.136029411765,1.88235294118,4.35294117647,3.36363636364,2.84615384615,1.69341284359,0.389027274878,0.193958664547,2.09866904602,0.964253345467,0.518282988871,1.87867287326,0.863174022847,0.470588235294,0.786197569093,0.41766745858,2.25,1.88235294118,0.786197569093,2.25,0.166339869281,0.0612244897959,3,0.00441176470588,0.185952380952,17,17,17,1,0,0.352941176471,0.411764705882,0.235294117647,0,0,0,0,0,0,0,0,0,0,0,0,0,0,0,0,0,0,0,0,0,0,0,0,0,0,0,0,0,37,0,0,235,1,1,0,0,1,1,1,1,1,1,2,2,0,0,0,0
818,WLNM_dir_neg,1,0.5,00:00:01,10,20,41,1980863014,threshold_sweep,0.8,1,1,1,2,0,0,4,1,1,0,0,1,1,1,1,0.555555555556,1,1,1,37,35,2,0,37,0,35,0,2,17,37,0.136029411765,1.88235294118,4.35294117647,3.36363636364,2.84615384615,1.69341284359,0.389027274878,0.193958664547,2.09866904602,0.964253345467,0.518282988871,1.87867287326,0.863174022847,0.470588235294,0.786197569093,0.41766745858,2.25,1.88235294118,0.786197569093,2.25,0.166339869281,0.0612244897959,3,0.00441176470588,0.185952380952,17,17,17,1,0,0.352941176471,0.411764705882,0.235294117647,17,0.128676470588,1.90196078431,4.11764705882,3.18181818182,2.69230769231,1.57648156274,0.382859808093,0.201680672269,2.01465221053,0.978545359402,0.524369747899,1.74894926439,0.849489642704,0.463865546218,0.814492905316,0.428238537847,2.33333333333,1.90196078431,0.814492905316,2.33333333333,0,0,0,0,0.164242424242,17,17,17,1,0,0.352941176471,0.411764705882,0.235294117647,17,37,0.136029411765,1.88235294118,4.35294117647,3.36363636364,2.84615384615,1.69341284359,0.389027274878,0.193958664547,2.09866904602,0.964253345467,0.518282988871,1.87867287326,0.863174022847,0.470588235294,0.786197569093,0.41766745858,2.25,1.88235294118,0.786197569093,2.25,0.166339869281,0.0612244897959,3,0.00441176470588,0.185952380952,17,17,17,1,0,0.352941176471,0.411764705882,0.235294117647,0,0,0,0,0,0,0,0,0,0,0,0,0,0,0,0,0,0,0,0,0,0,0,0,0,0,0,0,0,37,0,0,235,1,1,0,0,1,1,1,1,1,1,2,2,0,0,0,0
819,WLNM_dir_neg,1,0.5,00:00:01,10,20,41,1980863014,threshold_sweep,0.9,1,1,1,2,0,0,4,1,1,0,0,1,1,1,1,0.555555555556,1,1,1,37,35,2,0,37,0,35,0,2,17,37,0.136029411765,1.88235294118,4.35294117647,3.36363636364,2.84615384615,1.69341284359,0.389027274878,0.193958664547,2.09866904602,0.964253345467,0.518282988871,1.87867287326,0.863174022847,0.470588235294,0.786197569093,0.41766745858,2.25,1.88235294118,0.786197569093,2.25,0.166339869281,0.0612244897959,3,0.00441176470588,0.185952380952,17,17,17,1,0,0.352941176471,0.411764705882,0.235294117647,17,0.128676470588,1.90196078431,4.11764705882,3.18181818182,2.69230769231,1.57648156274,0.382859808093,0.201680672269,2.01465221053,0.978545359402,0.524369747899,1.74894926439,0.849489642704,0.463865546218,0.814492905316,0.428238537847,2.33333333333,1.90196078431,0.814492905316,2.33333333333,0,0,0,0,0.164242424242,17,17,17,1,0,0.352941176471,0.411764705882,0.235294117647,17,37,0.136029411765,1.88235294118,4.35294117647,3.36363636364,2.84615384615,1.69341284359,0.389027274878,0.193958664547,2.09866904602,0.964253345467,0.518282988871,1.87867287326,0.863174022847,0.470588235294,0.786197569093,0.41766745858,2.25,1.88235294118,0.786197569093,2.25,0.166339869281,0.0612244897959,3,0.00441176470588,0.185952380952,17,17,17,1,0,0.352941176471,0.411764705882,0.235294117647,0,0,0,0,0,0,0,0,0,0,0,0,0,0,0,0,0,0,0,0,0,0,0,0,0,0,0,0,0,37,0,0,235,1,1,0,0,1,1,1,1,1,1,2,2,0,0,0,0
820,WLNM_dir_neg,1,0.5,00:00:02,10,20,42,1980863015,threshold_sweep,0.1,1,1,1,2,0,0,4,1,1,0,0,1,1,1,1,0.555555555556,1,1,1,37,35,2,0,37,0,35,0,2,17,37,0.136029411765,1.88235294118,4.35294117647,3.36363636364,2.84615384615,1.69341284359,0.389027274878,0.193958664547,2.09866904602,0.964253345467,0.518282988871,1.87867287326,0.863174022847,0.470588235294,0.786197569093,0.41766745858,2.25,1.88235294118,0.786197569093,2.25,0.166339869281,0.0612244897959,3,0.00441176470588,0.185952380952,17,17,17,1,0,0.352941176471,0.411764705882,0.235294117647,17,0.128676470588,1.90196078431,4.11764705882,3.18181818182,2.69230769231,1.57648156274,0.382859808093,0.201680672269,2.01465221053,0.978545359402,0.524369747899,1.74894926439,0.849489642704,0.463865546218,0.814492905316,0.428238537847,2.33333333333,1.90196078431,0.814492905316,2.33333333333,0,0,0,0,0.164242424242,17,17,17,1,0,0.352941176471,0.411764705882,0.235294117647,17,37,0.136029411765,1.88235294118,4.35294117647,3.36363636364,2.84615384615,1.69341284359,0.389027274878,0.193958664547,2.09866904602,0.964253345467,0.518282988871,1.87867287326,0.863174022847,0.470588235294,0.786197569093,0.41766745858,2.25,1.88235294118,0.786197569093,2.25,0.166339869281,0.0612244897959,3,0.00441176470588,0.185952380952,17,17,17,1,0,0.352941176471,0.411764705882,0.235294117647,0,0,0,0,0,0,0,0,0,0,0,0,0,0,0,0,0,0,0,0,0,0,0,0,0,0,0,0,0,37,0,0,235,1,1,0,0,1,1,1,1,1,1,2,2,0,0,0,0
821,WLNM_dir_neg,1,0.5,00:00:02,10,20,42,1980863015,threshold_sweep,0.2,1,1,1,2,0,0,4,1,1,0,0,1,1,1,1,0.555555555556,1,1,1,37,35,2,0,37,0,35,0,2,17,37,0.136029411765,1.88235294118,4.35294117647,3.36363636364,2.84615384615,1.69341284359,0.389027274878,0.193958664547,2.09866904602,0.964253345467,0.518282988871,1.87867287326,0.863174022847,0.470588235294,0.786197569093,0.41766745858,2.25,1.88235294118,0.786197569093,2.25,0.166339869281,0.0612244897959,3,0.00441176470588,0.185952380952,17,17,17,1,0,0.352941176471,0.411764705882,0.235294117647,17,0.128676470588,1.90196078431,4.11764705882,3.18181818182,2.69230769231,1.57648156274,0.382859808093,0.201680672269,2.01465221053,0.978545359402,0.524369747899,1.74894926439,0.849489642704,0.463865546218,0.814492905316,0.428238537847,2.33333333333,1.90196078431,0.814492905316,2.33333333333,0,0,0,0,0.164242424242,17,17,17,1,0,0.352941176471,0.411764705882,0.235294117647,17,37,0.136029411765,1.88235294118,4.35294117647,3.36363636364,2.84615384615,1.69341284359,0.389027274878,0.193958664547,2.09866904602,0.964253345467,0.518282988871,1.87867287326,0.863174022847,0.470588235294,0.786197569093,0.41766745858,2.25,1.88235294118,0.786197569093,2.25,0.166339869281,0.0612244897959,3,0.00441176470588,0.185952380952,17,17,17,1,0,0.352941176471,0.411764705882,0.235294117647,0,0,0,0,0,0,0,0,0,0,0,0,0,0,0,0,0,0,0,0,0,0,0,0,0,0,0,0,0,37,0,0,235,1,1,0,0,1,1,1,1,1,1,2,2,0,0,0,0
822,WLNM_dir_neg,1,0.5,00:00:02,10,20,42,1980863015,threshold_sweep,0.3,1,1,1,2,0,0,4,1,1,0,0,1,1,1,1,0.555555555556,1,1,1,37,35,2,0,37,0,35,0,2,17,37,0.136029411765,1.88235294118,4.35294117647,3.36363636364,2.84615384615,1.69341284359,0.389027274878,0.193958664547,2.09866904602,0.964253345467,0.518282988871,1.87867287326,0.863174022847,0.470588235294,0.786197569093,0.41766745858,2.25,1.88235294118,0.786197569093,2.25,0.166339869281,0.0612244897959,3,0.00441176470588,0.185952380952,17,17,17,1,0,0.352941176471,0.411764705882,0.235294117647,17,0.128676470588,1.90196078431,4.11764705882,3.18181818182,2.69230769231,1.57648156274,0.382859808093,0.201680672269,2.01465221053,0.978545359402,0.524369747899,1.74894926439,0.849489642704,0.463865546218,0.814492905316,0.428238537847,2.33333333333,1.90196078431,0.814492905316,2.33333333333,0,0,0,0,0.164242424242,17,17,17,1,0,0.352941176471,0.411764705882,0.235294117647,17,37,0.136029411765,1.88235294118,4.35294117647,3.36363636364,2.84615384615,1.69341284359,0.389027274878,0.193958664547,2.09866904602,0.964253345467,0.518282988871,1.87867287326,0.863174022847,0.470588235294,0.786197569093,0.41766745858,2.25,1.88235294118,0.786197569093,2.25,0.166339869281,0.0612244897959,3,0.00441176470588,0.185952380952,17,17,17,1,0,0.352941176471,0.411764705882,0.235294117647,0,0,0,0,0,0,0,0,0,0,0,0,0,0,0,0,0,0,0,0,0,0,0,0,0,0,0,0,0,37,0,0,235,1,1,0,0,1,1,1,1,1,1,2,2,0,0,0,0
823,WLNM_dir_neg,1,0.5,00:00:02,10,20,42,1980863015,threshold_sweep,0.4,1,1,1,2,0,0,4,1,1,0,0,1,1,1,1,0.555555555556,1,1,1,37,35,2,0,37,0,35,0,2,17,37,0.136029411765,1.88235294118,4.35294117647,3.36363636364,2.84615384615,1.69341284359,0.389027274878,0.193958664547,2.09866904602,0.964253345467,0.518282988871,1.87867287326,0.863174022847,0.470588235294,0.786197569093,0.41766745858,2.25,1.88235294118,0.786197569093,2.25,0.166339869281,0.0612244897959,3,0.00441176470588,0.185952380952,17,17,17,1,0,0.352941176471,0.411764705882,0.235294117647,17,0.128676470588,1.90196078431,4.11764705882,3.18181818182,2.69230769231,1.57648156274,0.382859808093,0.201680672269,2.01465221053,0.978545359402,0.524369747899,1.74894926439,0.849489642704,0.463865546218,0.814492905316,0.428238537847,2.33333333333,1.90196078431,0.814492905316,2.33333333333,0,0,0,0,0.164242424242,17,17,17,1,0,0.352941176471,0.411764705882,0.235294117647,17,37,0.136029411765,1.88235294118,4.35294117647,3.36363636364,2.84615384615,1.69341284359,0.389027274878,0.193958664547,2.09866904602,0.964253345467,0.518282988871,1.87867287326,0.863174022847,0.470588235294,0.786197569093,0.41766745858,2.25,1.88235294118,0.786197569093,2.25,0.166339869281,0.0612244897959,3,0.00441176470588,0.185952380952,17,17,17,1,0,0.352941176471,0.411764705882,0.235294117647,0,0,0,0,0,0,0,0,0,0,0,0,0,0,0,0,0,0,0,0,0,0,0,0,0,0,0,0,0,37,0,0,235,1,1,0,0,1,1,1,1,1,1,2,2,0,0,0,0
824,WLNM_dir_neg,1,0.5,00:00:02,10,20,42,1980863015,threshold_sweep,0.5,1,1,1,2,0,0,4,1,1,0,0,1,1,1,1,0.555555555556,1,1,1,37,35,2,0,37,0,35,0,2,17,37,0.136029411765,1.88235294118,4.35294117647,3.36363636364,2.84615384615,1.69341284359,0.389027274878,0.193958664547,2.09866904602,0.964253345467,0.518282988871,1.87867287326,0.863174022847,0.470588235294,0.786197569093,0.41766745858,2.25,1.88235294118,0.786197569093,2.25,0.166339869281,0.0612244897959,3,0.00441176470588,0.185952380952,17,17,17,1,0,0.352941176471,0.411764705882,0.235294117647,17,0.128676470588,1.90196078431,4.11764705882,3.18181818182,2.69230769231,1.57648156274,0.382859808093,0.201680672269,2.01465221053,0.978545359402,0.524369747899,1.74894926439,0.849489642704,0.463865546218,0.814492905316,0.428238537847,2.33333333333,1.90196078431,0.814492905316,2.33333333333,0,0,0,0,0.164242424242,17,17,17,1,0,0.352941176471,0.411764705882,0.235294117647,17,37,0.136029411765,1.88235294118,4.35294117647,3.36363636364,2.84615384615,1.69341284359,0.389027274878,0.193958664547,2.09866904602,0.964253345467,0.518282988871,1.87867287326,0.863174022847,0.470588235294,0.786197569093,0.41766745858,2.25,1.88235294118,0.786197569093,2.25,0.166339869281,0.0612244897959,3,0.00441176470588,0.185952380952,17,17,17,1,0,0.352941176471,0.411764705882,0.235294117647,0,0,0,0,0,0,0,0,0,0,0,0,0,0,0,0,0,0,0,0,0,0,0,0,0,0,0,0,0,37,0,0,235,1,1,0,0,1,1,1,1,1,1,2,2,0,0,0,0
825,WLNM_dir_neg,1,0.5,00:00:02,10,20,42,1980863015,threshold_sweep,0.6,1,1,1,2,0,0,4,1,1,0,0,1,1,1,1,0.555555555556,1,1,1,37,35,2,0,37,0,35,0,2,17,37,0.136029411765,1.88235294118,4.35294117647,3.36363636364,2.84615384615,1.69341284359,0.389027274878,0.193958664547,2.09866904602,0.964253345467,0.518282988871,1.87867287326,0.863174022847,0.470588235294,0.786197569093,0.41766745858,2.25,1.88235294118,0.786197569093,2.25,0.166339869281,0.0612244897959,3,0.00441176470588,0.185952380952,17,17,17,1,0,0.352941176471,0.411764705882,0.235294117647,17,0.128676470588,1.90196078431,4.11764705882,3.18181818182,2.69230769231,1.57648156274,0.382859808093,0.201680672269,2.01465221053,0.978545359402,0.524369747899,1.74894926439,0.849489642704,0.463865546218,0.814492905316,0.428238537847,2.33333333333,1.90196078431,0.814492905316,2.33333333333,0,0,0,0,0.164242424242,17,17,17,1,0,0.352941176471,0.411764705882,0.235294117647,17,37,0.136029411765,1.88235294118,4.35294117647,3.36363636364,2.84615384615,1.69341284359,0.389027274878,0.193958664547,2.09866904602,0.964253345467,0.518282988871,1.87867287326,0.863174022847,0.470588235294,0.786197569093,0.41766745858,2.25,1.88235294118,0.786197569093,2.25,0.166339869281,0.0612244897959,3,0.00441176470588,0.185952380952,17,17,17,1,0,0.352941176471,0.411764705882,0.235294117647,0,0,0,0,0,0,0,0,0,0,0,0,0,0,0,0,0,0,0,0,0,0,0,0,0,0,0,0,0,37,0,0,235,1,1,0,0,1,1,1,1,1,1,2,2,0,0,0,0
826,WLNM_dir_neg,1,0.5,00:00:02,10,20,42,1980863015,threshold_sweep,0.7,1,1,1,2,0,0,4,1,1,0,0,1,1,1,1,0.555555555556,1,1,1,37,35,2,0,37,0,35,0,2,17,37,0.136029411765,1.88235294118,4.35294117647,3.36363636364,2.84615384615,1.69341284359,0.389027274878,0.193958664547,2.09866904602,0.964253345467,0.518282988871,1.87867287326,0.863174022847,0.470588235294,0.786197569093,0.41766745858,2.25,1.88235294118,0.786197569093,2.25,0.166339869281,0.0612244897959,3,0.00441176470588,0.185952380952,17,17,17,1,0,0.352941176471,0.411764705882,0.235294117647,17,0.128676470588,1.90196078431,4.11764705882,3.18181818182,2.69230769231,1.57648156274,0.382859808093,0.201680672269,2.01465221053,0.978545359402,0.524369747899,1.74894926439,0.849489642704,0.463865546218,0.814492905316,0.428238537847,2.33333333333,1.90196078431,0.814492905316,2.33333333333,0,0,0,0,0.164242424242,17,17,17,1,0,0.352941176471,0.411764705882,0.235294117647,17,37,0.136029411765,1.88235294118,4.35294117647,3.36363636364,2.84615384615,1.69341284359,0.389027274878,0.193958664547,2.09866904602,0.964253345467,0.518282988871,1.87867287326,0.863174022847,0.470588235294,0.786197569093,0.41766745858,2.25,1.88235294118,0.786197569093,2.25,0.166339869281,0.0612244897959,3,0.00441176470588,0.185952380952,17,17,17,1,0,0.352941176471,0.411764705882,0.235294117647,0,0,0,0,0,0,0,0,0,0,0,0,0,0,0,0,0,0,0,0,0,0,0,0,0,0,0,0,0,37,0,0,235,1,1,0,0,1,1,1,1,1,1,2,2,0,0,0,0
827,WLNM_dir_neg,1,0.5,00:00:02,10,20,42,1980863015,threshold_sweep,0.8,1,1,1,2,0,0,4,1,1,0,0,1,1,1,1,0.555555555556,1,1,1,37,35,2,0,37,0,35,0,2,17,37,0.136029411765,1.88235294118,4.35294117647,3.36363636364,2.84615384615,1.69341284359,0.389027274878,0.193958664547,2.09866904602,0.964253345467,0.518282988871,1.87867287326,0.863174022847,0.470588235294,0.786197569093,0.41766745858,2.25,1.88235294118,0.786197569093,2.25,0.166339869281,0.0612244897959,3,0.00441176470588,0.185952380952,17,17,17,1,0,0.352941176471,0.411764705882,0.235294117647,17,0.128676470588,1.90196078431,4.11764705882,3.18181818182,2.69230769231,1.57648156274,0.382859808093,0.201680672269,2.01465221053,0.978545359402,0.524369747899,1.74894926439,0.849489642704,0.463865546218,0.814492905316,0.428238537847,2.33333333333,1.90196078431,0.814492905316,2.33333333333,0,0,0,0,0.164242424242,17,17,17,1,0,0.352941176471,0.411764705882,0.235294117647,17,37,0.136029411765,1.88235294118,4.35294117647,3.36363636364,2.84615384615,1.69341284359,0.389027274878,0.193958664547,2.09866904602,0.964253345467,0.518282988871,1.87867287326,0.863174022847,0.470588235294,0.786197569093,0.41766745858,2.25,1.88235294118,0.786197569093,2.25,0.166339869281,0.0612244897959,3,0.00441176470588,0.185952380952,17,17,17,1,0,0.352941176471,0.411764705882,0.235294117647,0,0,0,0,0,0,0,0,0,0,0,0,0,0,0,0,0,0,0,0,0,0,0,0,0,0,0,0,0,37,0,0,235,1,1,0,0,1,1,1,1,1,1,2,2,0,0,0,0
828,WLNM_dir_neg,1,0.5,00:00:02,10,20,42,1980863015,threshold_sweep,0.9,1,1,1,2,0,0,4,1,1,0,0,1,1,1,1,0.555555555556,1,1,1,37,35,2,0,37,0,35,0,2,17,37,0.136029411765,1.88235294118,4.35294117647,3.36363636364,2.84615384615,1.69341284359,0.389027274878,0.193958664547,2.09866904602,0.964253345467,0.518282988871,1.87867287326,0.863174022847,0.470588235294,0.786197569093,0.41766745858,2.25,1.88235294118,0.786197569093,2.25,0.166339869281,0.0612244897959,3,0.00441176470588,0.185952380952,17,17,17,1,0,0.352941176471,0.411764705882,0.235294117647,17,0.128676470588,1.90196078431,4.11764705882,3.18181818182,2.69230769231,1.57648156274,0.382859808093,0.201680672269,2.01465221053,0.978545359402,0.524369747899,1.74894926439,0.849489642704,0.463865546218,0.814492905316,0.428238537847,2.33333333333,1.90196078431,0.814492905316,2.33333333333,0,0,0,0,0.164242424242,17,17,17,1,0,0.352941176471,0.411764705882,0.235294117647,17,37,0.136029411765,1.88235294118,4.35294117647,3.36363636364,2.84615384615,1.69341284359,0.389027274878,0.193958664547,2.09866904602,0.964253345467,0.518282988871,1.87867287326,0.863174022847,0.470588235294,0.786197569093,0.41766745858,2.25,1.88235294118,0.786197569093,2.25,0.166339869281,0.0612244897959,3,0.00441176470588,0.185952380952,17,17,17,1,0,0.352941176471,0.411764705882,0.235294117647,0,0,0,0,0,0,0,0,0,0,0,0,0,0,0,0,0,0,0,0,0,0,0,0,0,0,0,0,0,37,0,0,235,1,1,0,0,1,1,1,1,1,1,2,2,0,0,0,0
829,WLNM_dir_neg,1,0.5,00:00:02,10,20,43,1980863016,threshold_sweep,0.1,0.666666666667,1,0.8,2,1,0,3,1,0.75,0.25,0,0.666666666667,1,0.8,0.833333333333,0.5,0.666666666667,0.707106781187,0.75,37,35,2,0,37,0,35,0,2,17,37,0.136029411765,1.88235294118,4.35294117647,3.36363636364,2.84615384615,1.69341284359,0.389027274878,0.193958664547,2.09866904602,0.964253345467,0.518282988871,1.87867287326,0.863174022847,0.470588235294,0.786197569093,0.41766745858,2.25,1.88235294118,0.786197569093,2.25,0.166339869281,0.0612244897959,3,0.00441176470588,0.185952380952,17,17,17,1,0,0.352941176471,0.411764705882,0.235294117647,17,0.128676470588,1.90196078431,4.11764705882,3.18181818182,2.69230769231,1.57648156274,0.382859808093,0.201680672269,2.01465221053,0.978545359402,0.524369747899,1.74894926439,0.849489642704,0.463865546218,0.814492905316,0.428238537847,2.33333333333,1.90196078431,0.814492905316,2.33333333333,0,0,0,0,0.164242424242,17,17,17,1,0,0.352941176471,0.411764705882,0.235294117647,17,38,0.139705882353,1.90992647059,4.47058823529,3.45454545455,2.71428571429,1.62471716996,0.36342357749,0.179566563467,2.07754096725,0.929426222189,0.501547987616,1.82103719638,0.814674535221,0.442724458204,0.833698985343,0.43650841966,2.375,1.90992647059,0.833698985343,2.375,0.146405228758,0.078431372549,4,0.00588235294118,0.183528138528,17,17,17,1,0,0.352941176471,0.470588235294,0.176470588235,1,0.00367647058824,0.0275735294118,0.117647058824,0.0909090909091,-0.131868131868,-0.0686956736295,-0.0256036973876,-0.0143921010794,-0.0211280787694,-0.0348271232775,-0.0167350012551,-0.0576356768785,-0.0484994876259,-0.0278637770898,0.0475014162503,0.0188409610794,0.125,0.0275735294118,0.0475014162503,0.125,-0.0199346405229,0.0172068827531,1,0.00147058823529,-0.00242424242424,0,0.0588235294118,-0.0588235294118,37,1,0,234,1,0.995744680851,0.00425531914894,0,0.973684210526,1,0.986666666667,0.984652666406,0.995744680851,0.973684210526,3,2,0,0,0,0
830,WLNM_dir_neg,1,0.5,00:00:02,10,20,43,1980863016,threshold_sweep,0.2,0.666666666667,1,0.8,2,1,0,3,1,0.75,0.25,0,0.666666666667,1,0.8,0.833333333333,0.5,0.666666666667,0.707106781187,0.75,37,35,2,0,37,0,35,0,2,17,37,0.136029411765,1.88235294118,4.35294117647,3.36363636364,2.84615384615,1.69341284359,0.389027274878,0.193958664547,2.09866904602,0.964253345467,0.518282988871,1.87867287326,0.863174022847,0.470588235294,0.786197569093,0.41766745858,2.25,1.88235294118,0.786197569093,2.25,0.166339869281,0.0612244897959,3,0.00441176470588,0.185952380952,17,17,17,1,0,0.352941176471,0.411764705882,0.235294117647,17,0.128676470588,1.90196078431,4.11764705882,3.18181818182,2.69230769231,1.57648156274,0.382859808093,0.201680672269,2.01465221053,0.978545359402,0.524369747899,1.74894926439,0.849489642704,0.463865546218,0.814492905316,0.428238537847,2.33333333333,1.90196078431,0.814492905316,2.33333333333,0,0,0,0,0.164242424242,17,17,17,1,0,0.352941176471,0.411764705882,0.235294117647,17,38,0.139705882353,1.90992647059,4.47058823529,3.45454545455,2.71428571429,1.62471716996,0.36342357749,0.179566563467,2.07754096725,0.929426222189,0.501547987616,1.82103719638,0.814674535221,0.442724458204,0.833698985343,0.43650841966,2.375,1.90992647059,0.833698985343,2.375,0.146405228758,0.078431372549,4,0.00588235294118,0.183528138528,17,17,17,1,0,0.352941176471,0.470588235294,0.176470588235,1,0.00367647058824,0.0275735294118,0.117647058824,0.0909090909091,-0.131868131868,-0.0686956736295,-0.0256036973876,-0.0143921010794,-0.0211280787694,-0.0348271232775,-0.0167350012551,-0.0576356768785,-0.0484994876259,-0.0278637770898,0.0475014162503,0.0188409610794,0.125,0.0275735294118,0.0475014162503,0.125,-0.0199346405229,0.0172068827531,1,0.00147058823529,-0.00242424242424,0,0.0588235294118,-0.0588235294118,37,1,0,234,1,0.995744680851,0.00425531914894,0,0.973684210526,1,0.986666666667,0.984652666406,0.995744680851,0.973684210526,3,2,0,0,0,0
831,WLNM_dir_neg,1,0.5,00:00:02,10,20,43,1980863016,threshold_sweep,0.3,0.666666666667,1,0.8,2,1,0,3,1,0.75,0.25,0,0.666666666667,1,0.8,0.833333333333,0.5,0.666666666667,0.707106781187,0.75,37,35,2,0,37,0,35,0,2,17,37,0.136029411765,1.88235294118,4.35294117647,3.36363636364,2.84615384615,1.69341284359,0.389027274878,0.193958664547,2.09866904602,0.964253345467,0.518282988871,1.87867287326,0.863174022847,0.470588235294,0.786197569093,0.41766745858,2.25,1.88235294118,0.786197569093,2.25,0.166339869281,0.0612244897959,3,0.00441176470588,0.185952380952,17,17,17,1,0,0.352941176471,0.411764705882,0.235294117647,17,0.128676470588,1.90196078431,4.11764705882,3.18181818182,2.69230769231,1.57648156274,0.382859808093,0.201680672269,2.01465221053,0.978545359402,0.524369747899,1.74894926439,0.849489642704,0.463865546218,0.814492905316,0.428238537847,2.33333333333,1.90196078431,0.814492905316,2.33333333333,0,0,0,0,0.164242424242,17,17,17,1,0,0.352941176471,0.411764705882,0.235294117647,17,38,0.139705882353,1.90992647059,4.47058823529,3.45454545455,2.71428571429,1.62471716996,0.36342357749,0.179566563467,2.07754096725,0.929426222189,0.501547987616,1.82103719638,0.814674535221,0.442724458204,0.833698985343,0.43650841966,2.375,1.90992647059,0.833698985343,2.375,0.146405228758,0.078431372549,4,0.00588235294118,0.183528138528,17,17,17,1,0,0.352941176471,0.470588235294,0.176470588235,1,0.00367647058824,0.0275735294118,0.117647058824,0.0909090909091,-0.131868131868,-0.0686956736295,-0.0256036973876,-0.0143921010794,-0.0211280787694,-0.0348271232775,-0.0167350012551,-0.0576356768785,-0.0484994876259,-0.0278637770898,0.0475014162503,0.0188409610794,0.125,0.0275735294118,0.0475014162503,0.125,-0.0199346405229,0.0172068827531,1,0.00147058823529,-0.00242424242424,0,0.0588235294118,-0.0588235294118,37,1,0,234,1,0.995744680851,0.00425531914894,0,0.973684210526,1,0.986666666667,0.984652666406,0.995744680851,0.973684210526,3,2,0,0,0,0
832,WLNM_dir_neg,1,0.5,00:00:02,10,20,43,1980863016,threshold_sweep,0.4,0.666666666667,1,0.8,2,1,0,3,1,0.75,0.25,0,0.666666666667,1,0.8,0.833333333333,0.5,0.666666666667,0.707106781187,0.75,37,35,2,0,37,0,35,0,2,17,37,0.136029411765,1.88235294118,4.35294117647,3.36363636364,2.84615384615,1.69341284359,0.389027274878,0.193958664547,2.09866904602,0.964253345467,0.518282988871,1.87867287326,0.863174022847,0.470588235294,0.786197569093,0.41766745858,2.25,1.88235294118,0.786197569093,2.25,0.166339869281,0.0612244897959,3,0.00441176470588,0.185952380952,17,17,17,1,0,0.352941176471,0.411764705882,0.235294117647,17,0.128676470588,1.90196078431,4.11764705882,3.18181818182,2.69230769231,1.57648156274,0.382859808093,0.201680672269,2.01465221053,0.978545359402,0.524369747899,1.74894926439,0.849489642704,0.463865546218,0.814492905316,0.428238537847,2.33333333333,1.90196078431,0.814492905316,2.33333333333,0,0,0,0,0.164242424242,17,17,17,1,0,0.352941176471,0.411764705882,0.235294117647,17,38,0.139705882353,1.90992647059,4.47058823529,3.45454545455,2.71428571429,1.62471716996,0.36342357749,0.179566563467,2.07754096725,0.929426222189,0.501547987616,1.82103719638,0.814674535221,0.442724458204,0.833698985343,0.43650841966,2.375,1.90992647059,0.833698985343,2.375,0.146405228758,0.078431372549,4,0.00588235294118,0.183528138528,17,17,17,1,0,0.352941176471,0.470588235294,0.176470588235,1,0.00367647058824,0.0275735294118,0.117647058824,0.0909090909091,-0.131868131868,-0.0686956736295,-0.0256036973876,-0.0143921010794,-0.0211280787694,-0.0348271232775,-0.0167350012551,-0.0576356768785,-0.0484994876259,-0.0278637770898,0.0475014162503,0.0188409610794,0.125,0.0275735294118,0.0475014162503,0.125,-0.0199346405229,0.0172068827531,1,0.00147058823529,-0.00242424242424,0,0.0588235294118,-0.0588235294118,37,1,0,234,1,0.995744680851,0.00425531914894,0,0.973684210526,1,0.986666666667,0.984652666406,0.995744680851,0.973684210526,3,2,0,0,0,0
833,WLNM_dir_neg,1,0.5,00:00:02,10,20,43,1980863016,threshold_sweep,0.5,0.666666666667,1,0.8,2,1,0,3,1,0.75,0.25,0,0.666666666667,1,0.8,0.833333333333,0.5,0.666666666667,0.707106781187,0.75,37,35,2,0,37,0,35,0,2,17,37,0.136029411765,1.88235294118,4.35294117647,3.36363636364,2.84615384615,1.69341284359,0.389027274878,0.193958664547,2.09866904602,0.964253345467,0.518282988871,1.87867287326,0.863174022847,0.470588235294,0.786197569093,0.41766745858,2.25,1.88235294118,0.786197569093,2.25,0.166339869281,0.0612244897959,3,0.00441176470588,0.185952380952,17,17,17,1,0,0.352941176471,0.411764705882,0.235294117647,17,0.128676470588,1.90196078431,4.11764705882,3.18181818182,2.69230769231,1.57648156274,0.382859808093,0.201680672269,2.01465221053,0.978545359402,0.524369747899,1.74894926439,0.849489642704,0.463865546218,0.814492905316,0.428238537847,2.33333333333,1.90196078431,0.814492905316,2.33333333333,0,0,0,0,0.164242424242,17,17,17,1,0,0.352941176471,0.411764705882,0.235294117647,17,38,0.139705882353,1.90992647059,4.47058823529,3.45454545455,2.71428571429,1.62471716996,0.36342357749,0.179566563467,2.07754096725,0.929426222189,0.501547987616,1.82103719638,0.814674535221,0.442724458204,0.833698985343,0.43650841966,2.375,1.90992647059,0.833698985343,2.375,0.146405228758,0.078431372549,4,0.00588235294118,0.183528138528,17,17,17,1,0,0.352941176471,0.470588235294,0.176470588235,1,0.00367647058824,0.0275735294118,0.117647058824,0.0909090909091,-0.131868131868,-0.0686956736295,-0.0256036973876,-0.0143921010794,-0.0211280787694,-0.0348271232775,-0.0167350012551,-0.0576356768785,-0.0484994876259,-0.0278637770898,0.0475014162503,0.0188409610794,0.125,0.0275735294118,0.0475014162503,0.125,-0.0199346405229,0.0172068827531,1,0.00147058823529,-0.00242424242424,0,0.0588235294118,-0.0588235294118,37,1,0,234,1,0.995744680851,0.00425531914894,0,0.973684210526,1,0.986666666667,0.984652666406,0.995744680851,0.973684210526,3,2,0,0,0,0
834,WLNM_dir_neg,1,0.5,00:00:02,10,20,43,1980863016,threshold_sweep,0.6,0.666666666667,1,0.8,2,1,0,3,1,0.75,0.25,0,0.666666666667,1,0.8,0.833333333333,0.5,0.666666666667,0.707106781187,0.75,37,35,2,0,37,0,35,0,2,17,37,0.136029411765,1.88235294118,4.35294117647,3.36363636364,2.84615384615,1.69341284359,0.389027274878,0.193958664547,2.09866904602,0.964253345467,0.518282988871,1.87867287326,0.863174022847,0.470588235294,0.786197569093,0.41766745858,2.25,1.88235294118,0.786197569093,2.25,0.166339869281,0.0612244897959,3,0.00441176470588,0.185952380952,17,17,17,1,0,0.352941176471,0.411764705882,0.235294117647,17,0.128676470588,1.90196078431,4.11764705882,3.18181818182,2.69230769231,1.57648156274,0.382859808093,0.201680672269,2.01465221053,0.978545359402,0.524369747899,1.74894926439,0.849489642704,0.463865546218,0.814492905316,0.428238537847,2.33333333333,1.90196078431,0.814492905316,2.33333333333,0,0,0,0,0.164242424242,17,17,17,1,0,0.352941176471,0.411764705882,0.235294117647,17,38,0.139705882353,1.90992647059,4.47058823529,3.45454545455,2.71428571429,1.62471716996,0.36342357749,0.179566563467,2.07754096725,0.929426222189,0.501547987616,1.82103719638,0.814674535221,0.442724458204,0.833698985343,0.43650841966,2.375,1.90992647059,0.833698985343,2.375,0.146405228758,0.078431372549,4,0.00588235294118,0.183528138528,17,17,17,1,0,0.352941176471,0.470588235294,0.176470588235,1,0.00367647058824,0.0275735294118,0.117647058824,0.0909090909091,-0.131868131868,-0.0686956736295,-0.0256036973876,-0.0143921010794,-0.0211280787694,-0.0348271232775,-0.0167350012551,-0.0576356768785,-0.0484994876259,-0.0278637770898,0.0475014162503,0.0188409610794,0.125,0.0275735294118,0.0475014162503,0.125,-0.0199346405229,0.0172068827531,1,0.00147058823529,-0.00242424242424,0,0.0588235294118,-0.0588235294118,37,1,0,234,1,0.995744680851,0.00425531914894,0,0.973684210526,1,0.986666666667,0.984652666406,0.995744680851,0.973684210526,3,2,0,0,0,0
835,WLNM_dir_neg,1,0.5,00:00:02,10,20,43,1980863016,threshold_sweep,0.7,0.666666666667,1,0.8,2,1,0,3,1,0.75,0.25,0,0.666666666667,1,0.8,0.833333333333,0.5,0.666666666667,0.707106781187,0.75,37,35,2,0,37,0,35,0,2,17,37,0.136029411765,1.88235294118,4.35294117647,3.36363636364,2.84615384615,1.69341284359,0.389027274878,0.193958664547,2.09866904602,0.964253345467,0.518282988871,1.87867287326,0.863174022847,0.470588235294,0.786197569093,0.41766745858,2.25,1.88235294118,0.786197569093,2.25,0.166339869281,0.0612244897959,3,0.00441176470588,0.185952380952,17,17,17,1,0,0.352941176471,0.411764705882,0.235294117647,17,0.128676470588,1.90196078431,4.11764705882,3.18181818182,2.69230769231,1.57648156274,0.382859808093,0.201680672269,2.01465221053,0.978545359402,0.524369747899,1.74894926439,0.849489642704,0.463865546218,0.814492905316,0.428238537847,2.33333333333,1.90196078431,0.814492905316,2.33333333333,0,0,0,0,0.164242424242,17,17,17,1,0,0.352941176471,0.411764705882,0.235294117647,17,38,0.139705882353,1.90992647059,4.47058823529,3.45454545455,2.71428571429,1.62471716996,0.36342357749,0.179566563467,2.07754096725,0.929426222189,0.501547987616,1.82103719638,0.814674535221,0.442724458204,0.833698985343,0.43650841966,2.375,1.90992647059,0.833698985343,2.375,0.146405228758,0.078431372549,4,0.00588235294118,0.183528138528,17,17,17,1,0,0.352941176471,0.470588235294,0.176470588235,1,0.00367647058824,0.0275735294118,0.117647058824,0.0909090909091,-0.131868131868,-0.0686956736295,-0.0256036973876,-0.0143921010794,-0.0211280787694,-0.0348271232775,-0.0167350012551,-0.0576356768785,-0.0484994876259,-0.0278637770898,0.0475014162503,0.0188409610794,0.125,0.0275735294118,0.0475014162503,0.125,-0.0199346405229,0.0172068827531,1,0.00147058823529,-0.00242424242424,0,0.0588235294118,-0.0588235294118,37,1,0,234,1,0.995744680851,0.00425531914894,0,0.973684210526,1,0.986666666667,0.984652666406,0.995744680851,0.973684210526,3,2,0,0,0,0
836,WLNM_dir_neg,1,0.5,00:00:02,10,20,43,1980863016,threshold_sweep,0.8,0.666666666667,1,0.8,2,1,0,3,1,0.75,0.25,0,0.666666666667,1,0.8,0.833333333333,0.5,0.666666666667,0.707106781187,0.75,37,35,2,0,37,0,35,0,2,17,37,0.136029411765,1.88235294118,4.35294117647,3.36363636364,2.84615384615,1.69341284359,0.389027274878,0.193958664547,2.09866904602,0.964253345467,0.518282988871,1.87867287326,0.863174022847,0.470588235294,0.786197569093,0.41766745858,2.25,1.88235294118,0.786197569093,2.25,0.166339869281,0.0612244897959,3,0.00441176470588,0.185952380952,17,17,17,1,0,0.352941176471,0.411764705882,0.235294117647,17,0.128676470588,1.90196078431,4.11764705882,3.18181818182,2.69230769231,1.57648156274,0.382859808093,0.201680672269,2.01465221053,0.978545359402,0.524369747899,1.74894926439,0.849489642704,0.463865546218,0.814492905316,0.428238537847,2.33333333333,1.90196078431,0.814492905316,2.33333333333,0,0,0,0,0.164242424242,17,17,17,1,0,0.352941176471,0.411764705882,0.235294117647,17,38,0.139705882353,1.90992647059,4.47058823529,3.45454545455,2.71428571429,1.62471716996,0.36342357749,0.179566563467,2.07754096725,0.929426222189,0.501547987616,1.82103719638,0.814674535221,0.442724458204,0.833698985343,0.43650841966,2.375,1.90992647059,0.833698985343,2.375,0.146405228758,0.078431372549,4,0.00588235294118,0.183528138528,17,17,17,1,0,0.352941176471,0.470588235294,0.176470588235,1,0.00367647058824,0.0275735294118,0.117647058824,0.0909090909091,-0.131868131868,-0.0686956736295,-0.0256036973876,-0.0143921010794,-0.0211280787694,-0.0348271232775,-0.0167350012551,-0.0576356768785,-0.0484994876259,-0.0278637770898,0.0475014162503,0.0188409610794,0.125,0.0275735294118,0.0475014162503,0.125,-0.0199346405229,0.0172068827531,1,0.00147058823529,-0.00242424242424,0,0.0588235294118,-0.0588235294118,37,1,0,234,1,0.995744680851,0.00425531914894,0,0.973684210526,1,0.986666666667,0.984652666406,0.995744680851,0.973684210526,3,2,0,0,0,0
837,WLNM_dir_neg,1,0.5,00:00:02,10,20,43,1980863016,threshold_sweep,0.9,0.666666666667,1,0.8,2,1,0,3,1,0.75,0.25,0,0.666666666667,1,0.8,0.833333333333,0.5,0.666666666667,0.707106781187,0.75,37,35,2,0,37,0,35,0,2,17,37,0.136029411765,1.88235294118,4.35294117647,3.36363636364,2.84615384615,1.69341284359,0.389027274878,0.193958664547,2.09866904602,0.964253345467,0.518282988871,1.87867287326,0.863174022847,0.470588235294,0.786197569093,0.41766745858,2.25,1.88235294118,0.786197569093,2.25,0.166339869281,0.0612244897959,3,0.00441176470588,0.185952380952,17,17,17,1,0,0.352941176471,0.411764705882,0.235294117647,17,0.128676470588,1.90196078431,4.11764705882,3.18181818182,2.69230769231,1.57648156274,0.382859808093,0.201680672269,2.01465221053,0.978545359402,0.524369747899,1.74894926439,0.849489642704,0.463865546218,0.814492905316,0.428238537847,2.33333333333,1.90196078431,0.814492905316,2.33333333333,0,0,0,0,0.164242424242,17,17,17,1,0,0.352941176471,0.411764705882,0.235294117647,17,38,0.139705882353,1.90992647059,4.47058823529,3.45454545455,2.71428571429,1.62471716996,0.36342357749,0.179566563467,2.07754096725,0.929426222189,0.501547987616,1.82103719638,0.814674535221,0.442724458204,0.833698985343,0.43650841966,2.375,1.90992647059,0.833698985343,2.375,0.146405228758,0.078431372549,4,0.00588235294118,0.183528138528,17,17,17,1,0,0.352941176471,0.470588235294,0.176470588235,1,0.00367647058824,0.0275735294118,0.117647058824,0.0909090909091,-0.131868131868,-0.0686956736295,-0.0256036973876,-0.0143921010794,-0.0211280787694,-0.0348271232775,-0.0167350012551,-0.0576356768785,-0.0484994876259,-0.0278637770898,0.0475014162503,0.0188409610794,0.125,0.0275735294118,0.0475014162503,0.125,-0.0199346405229,0.0172068827531,1,0.00147058823529,-0.00242424242424,0,0.0588235294118,-0.0588235294118,37,1,0,234,1,0.995744680851,0.00425531914894,0,0.973684210526,1,0.986666666667,0.984652666406,0.995744680851,0.973684210526,3,2,0,0,0,0
838,WLNM_dir_neg,1,0.5,00:00:02,10,20,44,1980863017,threshold_sweep,0.1,1,1,1,2,0,0,4,1,1,0,0,1,1,1,1,0.555555555556,1,1,1,37,35,2,0,37,0,35,0,2,17,37,0.136029411765,1.88235294118,4.35294117647,3.36363636364,2.84615384615,1.69341284359,0.389027274878,0.193958664547,2.09866904602,0.964253345467,0.518282988871,1.87867287326,0.863174022847,0.470588235294,0.786197569093,0.41766745858,2.25,1.88235294118,0.786197569093,2.25,0.166339869281,0.0612244897959,3,0.00441176470588,0.185952380952,17,17,17,1,0,0.352941176471,0.411764705882,0.235294117647,17,0.128676470588,1.90196078431,4.11764705882,3.18181818182,2.69230769231,1.57648156274,0.382859808093,0.201680672269,2.01465221053,0.978545359402,0.524369747899,1.74894926439,0.849489642704,0.463865546218,0.814492905316,0.428238537847,2.33333333333,1.90196078431,0.814492905316,2.33333333333,0,0,0,0,0.164242424242,17,17,17,1,0,0.352941176471,0.411764705882,0.235294117647,17,37,0.136029411765,1.88235294118,4.35294117647,3.36363636364,2.84615384615,1.69341284359,0.389027274878,0.193958664547,2.09866904602,0.964253345467,0.518282988871,1.87867287326,0.863174022847,0.470588235294,0.786197569093,0.41766745858,2.25,1.88235294118,0.786197569093,2.25,0.166339869281,0.0612244897959,3,0.00441176470588,0.185952380952,17,17,17,1,0,0.352941176471,0.411764705882,0.235294117647,0,0,0,0,0,0,0,0,0,0,0,0,0,0,0,0,0,0,0,0,0,0,0,0,0,0,0,0,0,37,0,0,235,1,1,0,0,1,1,1,1,1,1,2,2,0,0,0,0
839,WLNM_dir_neg,1,0.5,00:00:02,10,20,44,1980863017,threshold_sweep,0.2,1,1,1,2,0,0,4,1,1,0,0,1,1,1,1,0.555555555556,1,1,1,37,35,2,0,37,0,35,0,2,17,37,0.136029411765,1.88235294118,4.35294117647,3.36363636364,2.84615384615,1.69341284359,0.389027274878,0.193958664547,2.09866904602,0.964253345467,0.518282988871,1.87867287326,0.863174022847,0.470588235294,0.786197569093,0.41766745858,2.25,1.88235294118,0.786197569093,2.25,0.166339869281,0.0612244897959,3,0.00441176470588,0.185952380952,17,17,17,1,0,0.352941176471,0.411764705882,0.235294117647,17,0.128676470588,1.90196078431,4.11764705882,3.18181818182,2.69230769231,1.57648156274,0.382859808093,0.201680672269,2.01465221053,0.978545359402,0.524369747899,1.74894926439,0.849489642704,0.463865546218,0.814492905316,0.428238537847,2.33333333333,1.90196078431,0.814492905316,2.33333333333,0,0,0,0,0.164242424242,17,17,17,1,0,0.352941176471,0.411764705882,0.235294117647,17,37,0.136029411765,1.88235294118,4.35294117647,3.36363636364,2.84615384615,1.69341284359,0.389027274878,0.193958664547,2.09866904602,0.964253345467,0.518282988871,1.87867287326,0.863174022847,0.470588235294,0.786197569093,0.41766745858,2.25,1.88235294118,0.786197569093,2.25,0.166339869281,0.0612244897959,3,0.00441176470588,0.185952380952,17,17,17,1,0,0.352941176471,0.411764705882,0.235294117647,0,0,0,0,0,0,0,0,0,0,0,0,0,0,0,0,0,0,0,0,0,0,0,0,0,0,0,0,0,37,0,0,235,1,1,0,0,1,1,1,1,1,1,2,2,0,0,0,0
840,WLNM_dir_neg,1,0.5,00:00:02,10,20,44,1980863017,threshold_sweep,0.3,1,1,1,2,0,0,4,1,1,0,0,1,1,1,1,0.555555555556,1,1,1,37,35,2,0,37,0,35,0,2,17,37,0.136029411765,1.88235294118,4.35294117647,3.36363636364,2.84615384615,1.69341284359,0.389027274878,0.193958664547,2.09866904602,0.964253345467,0.518282988871,1.87867287326,0.863174022847,0.470588235294,0.786197569093,0.41766745858,2.25,1.88235294118,0.786197569093,2.25,0.166339869281,0.0612244897959,3,0.00441176470588,0.185952380952,17,17,17,1,0,0.352941176471,0.411764705882,0.235294117647,17,0.128676470588,1.90196078431,4.11764705882,3.18181818182,2.69230769231,1.57648156274,0.382859808093,0.201680672269,2.01465221053,0.978545359402,0.524369747899,1.74894926439,0.849489642704,0.463865546218,0.814492905316,0.428238537847,2.33333333333,1.90196078431,0.814492905316,2.33333333333,0,0,0,0,0.164242424242,17,17,17,1,0,0.352941176471,0.411764705882,0.235294117647,17,37,0.136029411765,1.88235294118,4.35294117647,3.36363636364,2.84615384615,1.69341284359,0.389027274878,0.193958664547,2.09866904602,0.964253345467,0.518282988871,1.87867287326,0.863174022847,0.470588235294,0.786197569093,0.41766745858,2.25,1.88235294118,0.786197569093,2.25,0.166339869281,0.0612244897959,3,0.00441176470588,0.185952380952,17,17,17,1,0,0.352941176471,0.411764705882,0.235294117647,0,0,0,0,0,0,0,0,0,0,0,0,0,0,0,0,0,0,0,0,0,0,0,0,0,0,0,0,0,37,0,0,235,1,1,0,0,1,1,1,1,1,1,2,2,0,0,0,0
841,WLNM_dir_neg,1,0.5,00:00:02,10,20,44,1980863017,threshold_sweep,0.4,1,1,1,2,0,0,4,1,1,0,0,1,1,1,1,0.555555555556,1,1,1,37,35,2,0,37,0,35,0,2,17,37,0.136029411765,1.88235294118,4.35294117647,3.36363636364,2.84615384615,1.69341284359,0.389027274878,0.193958664547,2.09866904602,0.964253345467,0.518282988871,1.87867287326,0.863174022847,0.470588235294,0.786197569093,0.41766745858,2.25,1.88235294118,0.786197569093,2.25,0.166339869281,0.0612244897959,3,0.00441176470588,0.185952380952,17,17,17,1,0,0.352941176471,0.411764705882,0.235294117647,17,0.128676470588,1.90196078431,4.11764705882,3.18181818182,2.69230769231,1.57648156274,0.382859808093,0.201680672269,2.01465221053,0.978545359402,0.524369747899,1.74894926439,0.849489642704,0.463865546218,0.814492905316,0.428238537847,2.33333333333,1.90196078431,0.814492905316,2.33333333333,0,0,0,0,0.164242424242,17,17,17,1,0,0.352941176471,0.411764705882,0.235294117647,17,37,0.136029411765,1.88235294118,4.35294117647,3.36363636364,2.84615384615,1.69341284359,0.389027274878,0.193958664547,2.09866904602,0.964253345467,0.518282988871,1.87867287326,0.863174022847,0.470588235294,0.786197569093,0.41766745858,2.25,1.88235294118,0.786197569093,2.25,0.166339869281,0.0612244897959,3,0.00441176470588,0.185952380952,17,17,17,1,0,0.352941176471,0.411764705882,0.235294117647,0,0,0,0,0,0,0,0,0,0,0,0,0,0,0,0,0,0,0,0,0,0,0,0,0,0,0,0,0,37,0,0,235,1,1,0,0,1,1,1,1,1,1,2,2,0,0,0,0
842,WLNM_dir_neg,1,0.5,00:00:02,10,20,44,1980863017,threshold_sweep,0.5,1,1,1,2,0,0,4,1,1,0,0,1,1,1,1,0.555555555556,1,1,1,37,35,2,0,37,0,35,0,2,17,37,0.136029411765,1.88235294118,4.35294117647,3.36363636364,2.84615384615,1.69341284359,0.389027274878,0.193958664547,2.09866904602,0.964253345467,0.518282988871,1.87867287326,0.863174022847,0.470588235294,0.786197569093,0.41766745858,2.25,1.88235294118,0.786197569093,2.25,0.166339869281,0.0612244897959,3,0.00441176470588,0.185952380952,17,17,17,1,0,0.352941176471,0.411764705882,0.235294117647,17,0.128676470588,1.90196078431,4.11764705882,3.18181818182,2.69230769231,1.57648156274,0.382859808093,0.201680672269,2.01465221053,0.978545359402,0.524369747899,1.74894926439,0.849489642704,0.463865546218,0.814492905316,0.428238537847,2.33333333333,1.90196078431,0.814492905316,2.33333333333,0,0,0,0,0.164242424242,17,17,17,1,0,0.352941176471,0.411764705882,0.235294117647,17,37,0.136029411765,1.88235294118,4.35294117647,3.36363636364,2.84615384615,1.69341284359,0.389027274878,0.193958664547,2.09866904602,0.964253345467,0.518282988871,1.87867287326,0.863174022847,0.470588235294,0.786197569093,0.41766745858,2.25,1.88235294118,0.786197569093,2.25,0.166339869281,0.0612244897959,3,0.00441176470588,0.185952380952,17,17,17,1,0,0.352941176471,0.411764705882,0.235294117647,0,0,0,0,0,0,0,0,0,0,0,0,0,0,0,0,0,0,0,0,0,0,0,0,0,0,0,0,0,37,0,0,235,1,1,0,0,1,1,1,1,1,1,2,2,0,0,0,0
843,WLNM_dir_neg,1,0.5,00:00:02,10,20,44,1980863017,threshold_sweep,0.6,1,1,1,2,0,0,4,1,1,0,0,1,1,1,1,0.555555555556,1,1,1,37,35,2,0,37,0,35,0,2,17,37,0.136029411765,1.88235294118,4.35294117647,3.36363636364,2.84615384615,1.69341284359,0.389027274878,0.193958664547,2.09866904602,0.964253345467,0.518282988871,1.87867287326,0.863174022847,0.470588235294,0.786197569093,0.41766745858,2.25,1.88235294118,0.786197569093,2.25,0.166339869281,0.0612244897959,3,0.00441176470588,0.185952380952,17,17,17,1,0,0.352941176471,0.411764705882,0.235294117647,17,0.128676470588,1.90196078431,4.11764705882,3.18181818182,2.69230769231,1.57648156274,0.382859808093,0.201680672269,2.01465221053,0.978545359402,0.524369747899,1.74894926439,0.849489642704,0.463865546218,0.814492905316,0.428238537847,2.33333333333,1.90196078431,0.814492905316,2.33333333333,0,0,0,0,0.164242424242,17,17,17,1,0,0.352941176471,0.411764705882,0.235294117647,17,37,0.136029411765,1.88235294118,4.35294117647,3.36363636364,2.84615384615,1.69341284359,0.389027274878,0.193958664547,2.09866904602,0.964253345467,0.518282988871,1.87867287326,0.863174022847,0.470588235294,0.786197569093,0.41766745858,2.25,1.88235294118,0.786197569093,2.25,0.166339869281,0.0612244897959,3,0.00441176470588,0.185952380952,17,17,17,1,0,0.352941176471,0.411764705882,0.235294117647,0,0,0,0,0,0,0,0,0,0,0,0,0,0,0,0,0,0,0,0,0,0,0,0,0,0,0,0,0,37,0,0,235,1,1,0,0,1,1,1,1,1,1,2,2,0,0,0,0
844,WLNM_dir_neg,1,0.5,00:00:02,10,20,44,1980863017,threshold_sweep,0.7,1,1,1,2,0,0,4,1,1,0,0,1,1,1,1,0.555555555556,1,1,1,37,35,2,0,37,0,35,0,2,17,37,0.136029411765,1.88235294118,4.35294117647,3.36363636364,2.84615384615,1.69341284359,0.389027274878,0.193958664547,2.09866904602,0.964253345467,0.518282988871,1.87867287326,0.863174022847,0.470588235294,0.786197569093,0.41766745858,2.25,1.88235294118,0.786197569093,2.25,0.166339869281,0.0612244897959,3,0.00441176470588,0.185952380952,17,17,17,1,0,0.352941176471,0.411764705882,0.235294117647,17,0.128676470588,1.90196078431,4.11764705882,3.18181818182,2.69230769231,1.57648156274,0.382859808093,0.201680672269,2.01465221053,0.978545359402,0.524369747899,1.74894926439,0.849489642704,0.463865546218,0.814492905316,0.428238537847,2.33333333333,1.90196078431,0.814492905316,2.33333333333,0,0,0,0,0.164242424242,17,17,17,1,0,0.352941176471,0.411764705882,0.235294117647,17,37,0.136029411765,1.88235294118,4.35294117647,3.36363636364,2.84615384615,1.69341284359,0.389027274878,0.193958664547,2.09866904602,0.964253345467,0.518282988871,1.87867287326,0.863174022847,0.470588235294,0.786197569093,0.41766745858,2.25,1.88235294118,0.786197569093,2.25,0.166339869281,0.0612244897959,3,0.00441176470588,0.185952380952,17,17,17,1,0,0.352941176471,0.411764705882,0.235294117647,0,0,0,0,0,0,0,0,0,0,0,0,0,0,0,0,0,0,0,0,0,0,0,0,0,0,0,0,0,37,0,0,235,1,1,0,0,1,1,1,1,1,1,2,2,0,0,0,0
845,WLNM_dir_neg,1,0.5,00:00:02,10,20,44,1980863017,threshold_sweep,0.8,1,1,1,2,0,0,4,1,1,0,0,1,1,1,1,0.555555555556,1,1,1,37,35,2,0,37,0,35,0,2,17,37,0.136029411765,1.88235294118,4.35294117647,3.36363636364,2.84615384615,1.69341284359,0.389027274878,0.193958664547,2.09866904602,0.964253345467,0.518282988871,1.87867287326,0.863174022847,0.470588235294,0.786197569093,0.41766745858,2.25,1.88235294118,0.786197569093,2.25,0.166339869281,0.0612244897959,3,0.00441176470588,0.185952380952,17,17,17,1,0,0.352941176471,0.411764705882,0.235294117647,17,0.128676470588,1.90196078431,4.11764705882,3.18181818182,2.69230769231,1.57648156274,0.382859808093,0.201680672269,2.01465221053,0.978545359402,0.524369747899,1.74894926439,0.849489642704,0.463865546218,0.814492905316,0.428238537847,2.33333333333,1.90196078431,0.814492905316,2.33333333333,0,0,0,0,0.164242424242,17,17,17,1,0,0.352941176471,0.411764705882,0.235294117647,17,37,0.136029411765,1.88235294118,4.35294117647,3.36363636364,2.84615384615,1.69341284359,0.389027274878,0.193958664547,2.09866904602,0.964253345467,0.518282988871,1.87867287326,0.863174022847,0.470588235294,0.786197569093,0.41766745858,2.25,1.88235294118,0.786197569093,2.25,0.166339869281,0.0612244897959,3,0.00441176470588,0.185952380952,17,17,17,1,0,0.352941176471,0.411764705882,0.235294117647,0,0,0,0,0,0,0,0,0,0,0,0,0,0,0,0,0,0,0,0,0,0,0,0,0,0,0,0,0,37,0,0,235,1,1,0,0,1,1,1,1,1,1,2,2,0,0,0,0
846,WLNM_dir_neg,1,0.5,00:00:02,10,20,44,1980863017,threshold_sweep,0.9,1,1,1,2,0,0,4,1,1,0,0,1,1,1,1,0.555555555556,1,1,1,37,35,2,0,37,0,35,0,2,17,37,0.136029411765,1.88235294118,4.35294117647,3.36363636364,2.84615384615,1.69341284359,0.389027274878,0.193958664547,2.09866904602,0.964253345467,0.518282988871,1.87867287326,0.863174022847,0.470588235294,0.786197569093,0.41766745858,2.25,1.88235294118,0.786197569093,2.25,0.166339869281,0.0612244897959,3,0.00441176470588,0.185952380952,17,17,17,1,0,0.352941176471,0.411764705882,0.235294117647,17,0.128676470588,1.90196078431,4.11764705882,3.18181818182,2.69230769231,1.57648156274,0.382859808093,0.201680672269,2.01465221053,0.978545359402,0.524369747899,1.74894926439,0.849489642704,0.463865546218,0.814492905316,0.428238537847,2.33333333333,1.90196078431,0.814492905316,2.33333333333,0,0,0,0,0.164242424242,17,17,17,1,0,0.352941176471,0.411764705882,0.235294117647,17,37,0.136029411765,1.88235294118,4.35294117647,3.36363636364,2.84615384615,1.69341284359,0.389027274878,0.193958664547,2.09866904602,0.964253345467,0.518282988871,1.87867287326,0.863174022847,0.470588235294,0.786197569093,0.41766745858,2.25,1.88235294118,0.786197569093,2.25,0.166339869281,0.0612244897959,3,0.00441176470588,0.185952380952,17,17,17,1,0,0.352941176471,0.411764705882,0.235294117647,0,0,0,0,0,0,0,0,0,0,0,0,0,0,0,0,0,0,0,0,0,0,0,0,0,0,0,0,0,37,0,0,235,1,1,0,0,1,1,1,1,1,1,2,2,0,0,0,0
847,WLNM_dir_neg,1,0.5,00:00:02,10,20,45,1980863018,threshold_sweep,0.1,1,1,1,2,0,0,4,1,1,0,0,1,1,1,1,0.555555555556,1,1,1,37,35,2,0,37,0,35,0,2,17,37,0.136029411765,1.88235294118,4.35294117647,3.36363636364,2.84615384615,1.69341284359,0.389027274878,0.193958664547,2.09866904602,0.964253345467,0.518282988871,1.87867287326,0.863174022847,0.470588235294,0.786197569093,0.41766745858,2.25,1.88235294118,0.786197569093,2.25,0.166339869281,0.0612244897959,3,0.00441176470588,0.185952380952,17,17,17,1,0,0.352941176471,0.411764705882,0.235294117647,17,0.128676470588,1.90196078431,4.11764705882,3.18181818182,2.69230769231,1.57648156274,0.382859808093,0.201680672269,2.01465221053,0.978545359402,0.524369747899,1.74894926439,0.849489642704,0.463865546218,0.814492905316,0.428238537847,2.33333333333,1.90196078431,0.814492905316,2.33333333333,0,0,0,0,0.164242424242,17,17,17,1,0,0.352941176471,0.411764705882,0.235294117647,17,37,0.136029411765,1.88235294118,4.35294117647,3.36363636364,2.84615384615,1.69341284359,0.389027274878,0.193958664547,2.09866904602,0.964253345467,0.518282988871,1.87867287326,0.863174022847,0.470588235294,0.786197569093,0.41766745858,2.25,1.88235294118,0.786197569093,2.25,0.166339869281,0.0612244897959,3,0.00441176470588,0.185952380952,17,17,17,1,0,0.352941176471,0.411764705882,0.235294117647,0,0,0,0,0,0,0,0,0,0,0,0,0,0,0,0,0,0,0,0,0,0,0,0,0,0,0,0,0,37,0,0,235,1,1,0,0,1,1,1,1,1,1,2,2,0,0,0,0
848,WLNM_dir_neg,1,0.5,00:00:02,10,20,45,1980863018,threshold_sweep,0.2,1,1,1,2,0,0,4,1,1,0,0,1,1,1,1,0.555555555556,1,1,1,37,35,2,0,37,0,35,0,2,17,37,0.136029411765,1.88235294118,4.35294117647,3.36363636364,2.84615384615,1.69341284359,0.389027274878,0.193958664547,2.09866904602,0.964253345467,0.518282988871,1.87867287326,0.863174022847,0.470588235294,0.786197569093,0.41766745858,2.25,1.88235294118,0.786197569093,2.25,0.166339869281,0.0612244897959,3,0.00441176470588,0.185952380952,17,17,17,1,0,0.352941176471,0.411764705882,0.235294117647,17,0.128676470588,1.90196078431,4.11764705882,3.18181818182,2.69230769231,1.57648156274,0.382859808093,0.201680672269,2.01465221053,0.978545359402,0.524369747899,1.74894926439,0.849489642704,0.463865546218,0.814492905316,0.428238537847,2.33333333333,1.90196078431,0.814492905316,2.33333333333,0,0,0,0,0.164242424242,17,17,17,1,0,0.352941176471,0.411764705882,0.235294117647,17,37,0.136029411765,1.88235294118,4.35294117647,3.36363636364,2.84615384615,1.69341284359,0.389027274878,0.193958664547,2.09866904602,0.964253345467,0.518282988871,1.87867287326,0.863174022847,0.470588235294,0.786197569093,0.41766745858,2.25,1.88235294118,0.786197569093,2.25,0.166339869281,0.0612244897959,3,0.00441176470588,0.185952380952,17,17,17,1,0,0.352941176471,0.411764705882,0.235294117647,0,0,0,0,0,0,0,0,0,0,0,0,0,0,0,0,0,0,0,0,0,0,0,0,0,0,0,0,0,37,0,0,235,1,1,0,0,1,1,1,1,1,1,2,2,0,0,0,0
849,WLNM_dir_neg,1,0.5,00:00:02,10,20,45,1980863018,threshold_sweep,0.3,1,1,1,2,0,0,4,1,1,0,0,1,1,1,1,0.555555555556,1,1,1,37,35,2,0,37,0,35,0,2,17,37,0.136029411765,1.88235294118,4.35294117647,3.36363636364,2.84615384615,1.69341284359,0.389027274878,0.193958664547,2.09866904602,0.964253345467,0.518282988871,1.87867287326,0.863174022847,0.470588235294,0.786197569093,0.41766745858,2.25,1.88235294118,0.786197569093,2.25,0.166339869281,0.0612244897959,3,0.00441176470588,0.185952380952,17,17,17,1,0,0.352941176471,0.411764705882,0.235294117647,17,0.128676470588,1.90196078431,4.11764705882,3.18181818182,2.69230769231,1.57648156274,0.382859808093,0.201680672269,2.01465221053,0.978545359402,0.524369747899,1.74894926439,0.849489642704,0.463865546218,0.814492905316,0.428238537847,2.33333333333,1.90196078431,0.814492905316,2.33333333333,0,0,0,0,0.164242424242,17,17,17,1,0,0.352941176471,0.411764705882,0.235294117647,17,37,0.136029411765,1.88235294118,4.35294117647,3.36363636364,2.84615384615,1.69341284359,0.389027274878,0.193958664547,2.09866904602,0.964253345467,0.518282988871,1.87867287326,0.863174022847,0.470588235294,0.786197569093,0.41766745858,2.25,1.88235294118,0.786197569093,2.25,0.166339869281,0.0612244897959,3,0.00441176470588,0.185952380952,17,17,17,1,0,0.352941176471,0.411764705882,0.235294117647,0,0,0,0,0,0,0,0,0,0,0,0,0,0,0,0,0,0,0,0,0,0,0,0,0,0,0,0,0,37,0,0,235,1,1,0,0,1,1,1,1,1,1,2,2,0,0,0,0
850,WLNM_dir_neg,1,0.5,00:00:02,10,20,45,1980863018,threshold_sweep,0.4,1,1,1,2,0,0,4,1,1,0,0,1,1,1,1,0.555555555556,1,1,1,37,35,2,0,37,0,35,0,2,17,37,0.136029411765,1.88235294118,4.35294117647,3.36363636364,2.84615384615,1.69341284359,0.389027274878,0.193958664547,2.09866904602,0.964253345467,0.518282988871,1.87867287326,0.863174022847,0.470588235294,0.786197569093,0.41766745858,2.25,1.88235294118,0.786197569093,2.25,0.166339869281,0.0612244897959,3,0.00441176470588,0.185952380952,17,17,17,1,0,0.352941176471,0.411764705882,0.235294117647,17,0.128676470588,1.90196078431,4.11764705882,3.18181818182,2.69230769231,1.57648156274,0.382859808093,0.201680672269,2.01465221053,0.978545359402,0.524369747899,1.74894926439,0.849489642704,0.463865546218,0.814492905316,0.428238537847,2.33333333333,1.90196078431,0.814492905316,2.33333333333,0,0,0,0,0.164242424242,17,17,17,1,0,0.352941176471,0.411764705882,0.235294117647,17,37,0.136029411765,1.88235294118,4.35294117647,3.36363636364,2.84615384615,1.69341284359,0.389027274878,0.193958664547,2.09866904602,0.964253345467,0.518282988871,1.87867287326,0.863174022847,0.470588235294,0.786197569093,0.41766745858,2.25,1.88235294118,0.786197569093,2.25,0.166339869281,0.0612244897959,3,0.00441176470588,0.185952380952,17,17,17,1,0,0.352941176471,0.411764705882,0.235294117647,0,0,0,0,0,0,0,0,0,0,0,0,0,0,0,0,0,0,0,0,0,0,0,0,0,0,0,0,0,37,0,0,235,1,1,0,0,1,1,1,1,1,1,2,2,0,0,0,0
851,WLNM_dir_neg,1,0.5,00:00:02,10,20,45,1980863018,threshold_sweep,0.5,1,1,1,2,0,0,4,1,1,0,0,1,1,1,1,0.555555555556,1,1,1,37,35,2,0,37,0,35,0,2,17,37,0.136029411765,1.88235294118,4.35294117647,3.36363636364,2.84615384615,1.69341284359,0.389027274878,0.193958664547,2.09866904602,0.964253345467,0.518282988871,1.87867287326,0.863174022847,0.470588235294,0.786197569093,0.41766745858,2.25,1.88235294118,0.786197569093,2.25,0.166339869281,0.0612244897959,3,0.00441176470588,0.185952380952,17,17,17,1,0,0.352941176471,0.411764705882,0.235294117647,17,0.128676470588,1.90196078431,4.11764705882,3.18181818182,2.69230769231,1.57648156274,0.382859808093,0.201680672269,2.01465221053,0.978545359402,0.524369747899,1.74894926439,0.849489642704,0.463865546218,0.814492905316,0.428238537847,2.33333333333,1.90196078431,0.814492905316,2.33333333333,0,0,0,0,0.164242424242,17,17,17,1,0,0.352941176471,0.411764705882,0.235294117647,17,37,0.136029411765,1.88235294118,4.35294117647,3.36363636364,2.84615384615,1.69341284359,0.389027274878,0.193958664547,2.09866904602,0.964253345467,0.518282988871,1.87867287326,0.863174022847,0.470588235294,0.786197569093,0.41766745858,2.25,1.88235294118,0.786197569093,2.25,0.166339869281,0.0612244897959,3,0.00441176470588,0.185952380952,17,17,17,1,0,0.352941176471,0.411764705882,0.235294117647,0,0,0,0,0,0,0,0,0,0,0,0,0,0,0,0,0,0,0,0,0,0,0,0,0,0,0,0,0,37,0,0,235,1,1,0,0,1,1,1,1,1,1,2,2,0,0,0,0
852,WLNM_dir_neg,1,0.5,00:00:02,10,20,45,1980863018,threshold_sweep,0.6,1,1,1,2,0,0,4,1,1,0,0,1,1,1,1,0.555555555556,1,1,1,37,35,2,0,37,0,35,0,2,17,37,0.136029411765,1.88235294118,4.35294117647,3.36363636364,2.84615384615,1.69341284359,0.389027274878,0.193958664547,2.09866904602,0.964253345467,0.518282988871,1.87867287326,0.863174022847,0.470588235294,0.786197569093,0.41766745858,2.25,1.88235294118,0.786197569093,2.25,0.166339869281,0.0612244897959,3,0.00441176470588,0.185952380952,17,17,17,1,0,0.352941176471,0.411764705882,0.235294117647,17,0.128676470588,1.90196078431,4.11764705882,3.18181818182,2.69230769231,1.57648156274,0.382859808093,0.201680672269,2.01465221053,0.978545359402,0.524369747899,1.74894926439,0.849489642704,0.463865546218,0.814492905316,0.428238537847,2.33333333333,1.90196078431,0.814492905316,2.33333333333,0,0,0,0,0.164242424242,17,17,17,1,0,0.352941176471,0.411764705882,0.235294117647,17,37,0.136029411765,1.88235294118,4.35294117647,3.36363636364,2.84615384615,1.69341284359,0.389027274878,0.193958664547,2.09866904602,0.964253345467,0.518282988871,1.87867287326,0.863174022847,0.470588235294,0.786197569093,0.41766745858,2.25,1.88235294118,0.786197569093,2.25,0.166339869281,0.0612244897959,3,0.00441176470588,0.185952380952,17,17,17,1,0,0.352941176471,0.411764705882,0.235294117647,0,0,0,0,0,0,0,0,0,0,0,0,0,0,0,0,0,0,0,0,0,0,0,0,0,0,0,0,0,37,0,0,235,1,1,0,0,1,1,1,1,1,1,2,2,0,0,0,0
853,WLNM_dir_neg,1,0.5,00:00:02,10,20,45,1980863018,threshold_sweep,0.7,1,1,1,2,0,0,4,1,1,0,0,1,1,1,1,0.555555555556,1,1,1,37,35,2,0,37,0,35,0,2,17,37,0.136029411765,1.88235294118,4.35294117647,3.36363636364,2.84615384615,1.69341284359,0.389027274878,0.193958664547,2.09866904602,0.964253345467,0.518282988871,1.87867287326,0.863174022847,0.470588235294,0.786197569093,0.41766745858,2.25,1.88235294118,0.786197569093,2.25,0.166339869281,0.0612244897959,3,0.00441176470588,0.185952380952,17,17,17,1,0,0.352941176471,0.411764705882,0.235294117647,17,0.128676470588,1.90196078431,4.11764705882,3.18181818182,2.69230769231,1.57648156274,0.382859808093,0.201680672269,2.01465221053,0.978545359402,0.524369747899,1.74894926439,0.849489642704,0.463865546218,0.814492905316,0.428238537847,2.33333333333,1.90196078431,0.814492905316,2.33333333333,0,0,0,0,0.164242424242,17,17,17,1,0,0.352941176471,0.411764705882,0.235294117647,17,37,0.136029411765,1.88235294118,4.35294117647,3.36363636364,2.84615384615,1.69341284359,0.389027274878,0.193958664547,2.09866904602,0.964253345467,0.518282988871,1.87867287326,0.863174022847,0.470588235294,0.786197569093,0.41766745858,2.25,1.88235294118,0.786197569093,2.25,0.166339869281,0.0612244897959,3,0.00441176470588,0.185952380952,17,17,17,1,0,0.352941176471,0.411764705882,0.235294117647,0,0,0,0,0,0,0,0,0,0,0,0,0,0,0,0,0,0,0,0,0,0,0,0,0,0,0,0,0,37,0,0,235,1,1,0,0,1,1,1,1,1,1,2,2,0,0,0,0
854,WLNM_dir_neg,1,0.5,00:00:02,10,20,45,1980863018,threshold_sweep,0.8,1,1,1,2,0,0,4,1,1,0,0,1,1,1,1,0.555555555556,1,1,1,37,35,2,0,37,0,35,0,2,17,37,0.136029411765,1.88235294118,4.35294117647,3.36363636364,2.84615384615,1.69341284359,0.389027274878,0.193958664547,2.09866904602,0.964253345467,0.518282988871,1.87867287326,0.863174022847,0.470588235294,0.786197569093,0.41766745858,2.25,1.88235294118,0.786197569093,2.25,0.166339869281,0.0612244897959,3,0.00441176470588,0.185952380952,17,17,17,1,0,0.352941176471,0.411764705882,0.235294117647,17,0.128676470588,1.90196078431,4.11764705882,3.18181818182,2.69230769231,1.57648156274,0.382859808093,0.201680672269,2.01465221053,0.978545359402,0.524369747899,1.74894926439,0.849489642704,0.463865546218,0.814492905316,0.428238537847,2.33333333333,1.90196078431,0.814492905316,2.33333333333,0,0,0,0,0.164242424242,17,17,17,1,0,0.352941176471,0.411764705882,0.235294117647,17,37,0.136029411765,1.88235294118,4.35294117647,3.36363636364,2.84615384615,1.69341284359,0.389027274878,0.193958664547,2.09866904602,0.964253345467,0.518282988871,1.87867287326,0.863174022847,0.470588235294,0.786197569093,0.41766745858,2.25,1.88235294118,0.786197569093,2.25,0.166339869281,0.0612244897959,3,0.00441176470588,0.185952380952,17,17,17,1,0,0.352941176471,0.411764705882,0.235294117647,0,0,0,0,0,0,0,0,0,0,0,0,0,0,0,0,0,0,0,0,0,0,0,0,0,0,0,0,0,37,0,0,235,1,1,0,0,1,1,1,1,1,1,2,2,0,0,0,0
855,WLNM_dir_neg,1,0.5,00:00:02,10,20,45,1980863018,threshold_sweep,0.9,1,1,1,2,0,0,4,1,1,0,0,1,1,1,1,0.555555555556,1,1,1,37,35,2,0,37,0,35,0,2,17,37,0.136029411765,1.88235294118,4.35294117647,3.36363636364,2.84615384615,1.69341284359,0.389027274878,0.193958664547,2.09866904602,0.964253345467,0.518282988871,1.87867287326,0.863174022847,0.470588235294,0.786197569093,0.41766745858,2.25,1.88235294118,0.786197569093,2.25,0.166339869281,0.0612244897959,3,0.00441176470588,0.185952380952,17,17,17,1,0,0.352941176471,0.411764705882,0.235294117647,17,0.128676470588,1.90196078431,4.11764705882,3.18181818182,2.69230769231,1.57648156274,0.382859808093,0.201680672269,2.01465221053,0.978545359402,0.524369747899,1.74894926439,0.849489642704,0.463865546218,0.814492905316,0.428238537847,2.33333333333,1.90196078431,0.814492905316,2.33333333333,0,0,0,0,0.164242424242,17,17,17,1,0,0.352941176471,0.411764705882,0.235294117647,17,37,0.136029411765,1.88235294118,4.35294117647,3.36363636364,2.84615384615,1.69341284359,0.389027274878,0.193958664547,2.09866904602,0.964253345467,0.518282988871,1.87867287326,0.863174022847,0.470588235294,0.786197569093,0.41766745858,2.25,1.88235294118,0.786197569093,2.25,0.166339869281,0.0612244897959,3,0.00441176470588,0.185952380952,17,17,17,1,0,0.352941176471,0.411764705882,0.235294117647,0,0,0,0,0,0,0,0,0,0,0,0,0,0,0,0,0,0,0,0,0,0,0,0,0,0,0,0,0,37,0,0,235,1,1,0,0,1,1,1,1,1,1,2,2,0,0,0,0
856,WLNM_dir_neg,1,0.5,00:00:03,10,20,46,1980863019,threshold_sweep,0.1,1,1,1,2,0,0,4,1,1,0,0,1,1,1,1,0.555555555556,1,1,1,37,35,2,0,37,0,35,0,2,17,37,0.136029411765,1.88235294118,4.35294117647,3.36363636364,2.84615384615,1.69341284359,0.389027274878,0.193958664547,2.09866904602,0.964253345467,0.518282988871,1.87867287326,0.863174022847,0.470588235294,0.786197569093,0.41766745858,2.25,1.88235294118,0.786197569093,2.25,0.166339869281,0.0612244897959,3,0.00441176470588,0.185952380952,17,17,17,1,0,0.352941176471,0.411764705882,0.235294117647,17,0.128676470588,1.90196078431,4.11764705882,3.18181818182,2.69230769231,1.57648156274,0.382859808093,0.201680672269,2.01465221053,0.978545359402,0.524369747899,1.74894926439,0.849489642704,0.463865546218,0.814492905316,0.428238537847,2.33333333333,1.90196078431,0.814492905316,2.33333333333,0,0,0,0,0.164242424242,17,17,17,1,0,0.352941176471,0.411764705882,0.235294117647,17,37,0.136029411765,1.88235294118,4.35294117647,3.36363636364,2.84615384615,1.69341284359,0.389027274878,0.193958664547,2.09866904602,0.964253345467,0.518282988871,1.87867287326,0.863174022847,0.470588235294,0.786197569093,0.41766745858,2.25,1.88235294118,0.786197569093,2.25,0.166339869281,0.0612244897959,3,0.00441176470588,0.185952380952,17,17,17,1,0,0.352941176471,0.411764705882,0.235294117647,0,0,0,0,0,0,0,0,0,0,0,0,0,0,0,0,0,0,0,0,0,0,0,0,0,0,0,0,0,37,0,0,235,1,1,0,0,1,1,1,1,1,1,2,2,0,0,0,0
857,WLNM_dir_neg,1,0.5,00:00:03,10,20,46,1980863019,threshold_sweep,0.2,1,1,1,2,0,0,4,1,1,0,0,1,1,1,1,0.555555555556,1,1,1,37,35,2,0,37,0,35,0,2,17,37,0.136029411765,1.88235294118,4.35294117647,3.36363636364,2.84615384615,1.69341284359,0.389027274878,0.193958664547,2.09866904602,0.964253345467,0.518282988871,1.87867287326,0.863174022847,0.470588235294,0.786197569093,0.41766745858,2.25,1.88235294118,0.786197569093,2.25,0.166339869281,0.0612244897959,3,0.00441176470588,0.185952380952,17,17,17,1,0,0.352941176471,0.411764705882,0.235294117647,17,0.128676470588,1.90196078431,4.11764705882,3.18181818182,2.69230769231,1.57648156274,0.382859808093,0.201680672269,2.01465221053,0.978545359402,0.524369747899,1.74894926439,0.849489642704,0.463865546218,0.814492905316,0.428238537847,2.33333333333,1.90196078431,0.814492905316,2.33333333333,0,0,0,0,0.164242424242,17,17,17,1,0,0.352941176471,0.411764705882,0.235294117647,17,37,0.136029411765,1.88235294118,4.35294117647,3.36363636364,2.84615384615,1.69341284359,0.389027274878,0.193958664547,2.09866904602,0.964253345467,0.518282988871,1.87867287326,0.863174022847,0.470588235294,0.786197569093,0.41766745858,2.25,1.88235294118,0.786197569093,2.25,0.166339869281,0.0612244897959,3,0.00441176470588,0.185952380952,17,17,17,1,0,0.352941176471,0.411764705882,0.235294117647,0,0,0,0,0,0,0,0,0,0,0,0,0,0,0,0,0,0,0,0,0,0,0,0,0,0,0,0,0,37,0,0,235,1,1,0,0,1,1,1,1,1,1,2,2,0,0,0,0
858,WLNM_dir_neg,1,0.5,00:00:03,10,20,46,1980863019,threshold_sweep,0.3,1,1,1,2,0,0,4,1,1,0,0,1,1,1,1,0.555555555556,1,1,1,37,35,2,0,37,0,35,0,2,17,37,0.136029411765,1.88235294118,4.35294117647,3.36363636364,2.84615384615,1.69341284359,0.389027274878,0.193958664547,2.09866904602,0.964253345467,0.518282988871,1.87867287326,0.863174022847,0.470588235294,0.786197569093,0.41766745858,2.25,1.88235294118,0.786197569093,2.25,0.166339869281,0.0612244897959,3,0.00441176470588,0.185952380952,17,17,17,1,0,0.352941176471,0.411764705882,0.235294117647,17,0.128676470588,1.90196078431,4.11764705882,3.18181818182,2.69230769231,1.57648156274,0.382859808093,0.201680672269,2.01465221053,0.978545359402,0.524369747899,1.74894926439,0.849489642704,0.463865546218,0.814492905316,0.428238537847,2.33333333333,1.90196078431,0.814492905316,2.33333333333,0,0,0,0,0.164242424242,17,17,17,1,0,0.352941176471,0.411764705882,0.235294117647,17,37,0.136029411765,1.88235294118,4.35294117647,3.36363636364,2.84615384615,1.69341284359,0.389027274878,0.193958664547,2.09866904602,0.964253345467,0.518282988871,1.87867287326,0.863174022847,0.470588235294,0.786197569093,0.41766745858,2.25,1.88235294118,0.786197569093,2.25,0.166339869281,0.0612244897959,3,0.00441176470588,0.185952380952,17,17,17,1,0,0.352941176471,0.411764705882,0.235294117647,0,0,0,0,0,0,0,0,0,0,0,0,0,0,0,0,0,0,0,0,0,0,0,0,0,0,0,0,0,37,0,0,235,1,1,0,0,1,1,1,1,1,1,2,2,0,0,0,0
859,WLNM_dir_neg,1,0.5,00:00:03,10,20,46,1980863019,threshold_sweep,0.4,1,1,1,2,0,0,4,1,1,0,0,1,1,1,1,0.555555555556,1,1,1,37,35,2,0,37,0,35,0,2,17,37,0.136029411765,1.88235294118,4.35294117647,3.36363636364,2.84615384615,1.69341284359,0.389027274878,0.193958664547,2.09866904602,0.964253345467,0.518282988871,1.87867287326,0.863174022847,0.470588235294,0.786197569093,0.41766745858,2.25,1.88235294118,0.786197569093,2.25,0.166339869281,0.0612244897959,3,0.00441176470588,0.185952380952,17,17,17,1,0,0.352941176471,0.411764705882,0.235294117647,17,0.128676470588,1.90196078431,4.11764705882,3.18181818182,2.69230769231,1.57648156274,0.382859808093,0.201680672269,2.01465221053,0.978545359402,0.524369747899,1.74894926439,0.849489642704,0.463865546218,0.814492905316,0.428238537847,2.33333333333,1.90196078431,0.814492905316,2.33333333333,0,0,0,0,0.164242424242,17,17,17,1,0,0.352941176471,0.411764705882,0.235294117647,17,37,0.136029411765,1.88235294118,4.35294117647,3.36363636364,2.84615384615,1.69341284359,0.389027274878,0.193958664547,2.09866904602,0.964253345467,0.518282988871,1.87867287326,0.863174022847,0.470588235294,0.786197569093,0.41766745858,2.25,1.88235294118,0.786197569093,2.25,0.166339869281,0.0612244897959,3,0.00441176470588,0.185952380952,17,17,17,1,0,0.352941176471,0.411764705882,0.235294117647,0,0,0,0,0,0,0,0,0,0,0,0,0,0,0,0,0,0,0,0,0,0,0,0,0,0,0,0,0,37,0,0,235,1,1,0,0,1,1,1,1,1,1,2,2,0,0,0,0
860,WLNM_dir_neg,1,0.5,00:00:03,10,20,46,1980863019,threshold_sweep,0.5,1,1,1,2,0,0,4,1,1,0,0,1,1,1,1,0.555555555556,1,1,1,37,35,2,0,37,0,35,0,2,17,37,0.136029411765,1.88235294118,4.35294117647,3.36363636364,2.84615384615,1.69341284359,0.389027274878,0.193958664547,2.09866904602,0.964253345467,0.518282988871,1.87867287326,0.863174022847,0.470588235294,0.786197569093,0.41766745858,2.25,1.88235294118,0.786197569093,2.25,0.166339869281,0.0612244897959,3,0.00441176470588,0.185952380952,17,17,17,1,0,0.352941176471,0.411764705882,0.235294117647,17,0.128676470588,1.90196078431,4.11764705882,3.18181818182,2.69230769231,1.57648156274,0.382859808093,0.201680672269,2.01465221053,0.978545359402,0.524369747899,1.74894926439,0.849489642704,0.463865546218,0.814492905316,0.428238537847,2.33333333333,1.90196078431,0.814492905316,2.33333333333,0,0,0,0,0.164242424242,17,17,17,1,0,0.352941176471,0.411764705882,0.235294117647,17,37,0.136029411765,1.88235294118,4.35294117647,3.36363636364,2.84615384615,1.69341284359,0.389027274878,0.193958664547,2.09866904602,0.964253345467,0.518282988871,1.87867287326,0.863174022847,0.470588235294,0.786197569093,0.41766745858,2.25,1.88235294118,0.786197569093,2.25,0.166339869281,0.0612244897959,3,0.00441176470588,0.185952380952,17,17,17,1,0,0.352941176471,0.411764705882,0.235294117647,0,0,0,0,0,0,0,0,0,0,0,0,0,0,0,0,0,0,0,0,0,0,0,0,0,0,0,0,0,37,0,0,235,1,1,0,0,1,1,1,1,1,1,2,2,0,0,0,0
861,WLNM_dir_neg,1,0.5,00:00:03,10,20,46,1980863019,threshold_sweep,0.6,1,1,1,2,0,0,4,1,1,0,0,1,1,1,1,0.555555555556,1,1,1,37,35,2,0,37,0,35,0,2,17,37,0.136029411765,1.88235294118,4.35294117647,3.36363636364,2.84615384615,1.69341284359,0.389027274878,0.193958664547,2.09866904602,0.964253345467,0.518282988871,1.87867287326,0.863174022847,0.470588235294,0.786197569093,0.41766745858,2.25,1.88235294118,0.786197569093,2.25,0.166339869281,0.0612244897959,3,0.00441176470588,0.185952380952,17,17,17,1,0,0.352941176471,0.411764705882,0.235294117647,17,0.128676470588,1.90196078431,4.11764705882,3.18181818182,2.69230769231,1.57648156274,0.382859808093,0.201680672269,2.01465221053,0.978545359402,0.524369747899,1.74894926439,0.849489642704,0.463865546218,0.814492905316,0.428238537847,2.33333333333,1.90196078431,0.814492905316,2.33333333333,0,0,0,0,0.164242424242,17,17,17,1,0,0.352941176471,0.411764705882,0.235294117647,17,37,0.136029411765,1.88235294118,4.35294117647,3.36363636364,2.84615384615,1.69341284359,0.389027274878,0.193958664547,2.09866904602,0.964253345467,0.518282988871,1.87867287326,0.863174022847,0.470588235294,0.786197569093,0.41766745858,2.25,1.88235294118,0.786197569093,2.25,0.166339869281,0.0612244897959,3,0.00441176470588,0.185952380952,17,17,17,1,0,0.352941176471,0.411764705882,0.235294117647,0,0,0,0,0,0,0,0,0,0,0,0,0,0,0,0,0,0,0,0,0,0,0,0,0,0,0,0,0,37,0,0,235,1,1,0,0,1,1,1,1,1,1,2,2,0,0,0,0
862,WLNM_dir_neg,1,0.5,00:00:03,10,20,46,1980863019,threshold_sweep,0.7,1,1,1,2,0,0,4,1,1,0,0,1,1,1,1,0.555555555556,1,1,1,37,35,2,0,37,0,35,0,2,17,37,0.136029411765,1.88235294118,4.35294117647,3.36363636364,2.84615384615,1.69341284359,0.389027274878,0.193958664547,2.09866904602,0.964253345467,0.518282988871,1.87867287326,0.863174022847,0.470588235294,0.786197569093,0.41766745858,2.25,1.88235294118,0.786197569093,2.25,0.166339869281,0.0612244897959,3,0.00441176470588,0.185952380952,17,17,17,1,0,0.352941176471,0.411764705882,0.235294117647,17,0.128676470588,1.90196078431,4.11764705882,3.18181818182,2.69230769231,1.57648156274,0.382859808093,0.201680672269,2.01465221053,0.978545359402,0.524369747899,1.74894926439,0.849489642704,0.463865546218,0.814492905316,0.428238537847,2.33333333333,1.90196078431,0.814492905316,2.33333333333,0,0,0,0,0.164242424242,17,17,17,1,0,0.352941176471,0.411764705882,0.235294117647,17,37,0.136029411765,1.88235294118,4.35294117647,3.36363636364,2.84615384615,1.69341284359,0.389027274878,0.193958664547,2.09866904602,0.964253345467,0.518282988871,1.87867287326,0.863174022847,0.470588235294,0.786197569093,0.41766745858,2.25,1.88235294118,0.786197569093,2.25,0.166339869281,0.0612244897959,3,0.00441176470588,0.185952380952,17,17,17,1,0,0.352941176471,0.411764705882,0.235294117647,0,0,0,0,0,0,0,0,0,0,0,0,0,0,0,0,0,0,0,0,0,0,0,0,0,0,0,0,0,37,0,0,235,1,1,0,0,1,1,1,1,1,1,2,2,0,0,0,0
863,WLNM_dir_neg,1,0.5,00:00:03,10,20,46,1980863019,threshold_sweep,0.8,1,1,1,2,0,0,4,1,1,0,0,1,1,1,1,0.555555555556,1,1,1,37,35,2,0,37,0,35,0,2,17,37,0.136029411765,1.88235294118,4.35294117647,3.36363636364,2.84615384615,1.69341284359,0.389027274878,0.193958664547,2.09866904602,0.964253345467,0.518282988871,1.87867287326,0.863174022847,0.470588235294,0.786197569093,0.41766745858,2.25,1.88235294118,0.786197569093,2.25,0.166339869281,0.0612244897959,3,0.00441176470588,0.185952380952,17,17,17,1,0,0.352941176471,0.411764705882,0.235294117647,17,0.128676470588,1.90196078431,4.11764705882,3.18181818182,2.69230769231,1.57648156274,0.382859808093,0.201680672269,2.01465221053,0.978545359402,0.524369747899,1.74894926439,0.849489642704,0.463865546218,0.814492905316,0.428238537847,2.33333333333,1.90196078431,0.814492905316,2.33333333333,0,0,0,0,0.164242424242,17,17,17,1,0,0.352941176471,0.411764705882,0.235294117647,17,37,0.136029411765,1.88235294118,4.35294117647,3.36363636364,2.84615384615,1.69341284359,0.389027274878,0.193958664547,2.09866904602,0.964253345467,0.518282988871,1.87867287326,0.863174022847,0.470588235294,0.786197569093,0.41766745858,2.25,1.88235294118,0.786197569093,2.25,0.166339869281,0.0612244897959,3,0.00441176470588,0.185952380952,17,17,17,1,0,0.352941176471,0.411764705882,0.235294117647,0,0,0,0,0,0,0,0,0,0,0,0,0,0,0,0,0,0,0,0,0,0,0,0,0,0,0,0,0,37,0,0,235,1,1,0,0,1,1,1,1,1,1,2,2,0,0,0,0
864,WLNM_dir_neg,1,0.5,00:00:03,10,20,46,1980863019,threshold_sweep,0.9,1,1,1,2,0,0,4,1,1,0,0,1,1,1,1,0.555555555556,1,1,1,37,35,2,0,37,0,35,0,2,17,37,0.136029411765,1.88235294118,4.35294117647,3.36363636364,2.84615384615,1.69341284359,0.389027274878,0.193958664547,2.09866904602,0.964253345467,0.518282988871,1.87867287326,0.863174022847,0.470588235294,0.786197569093,0.41766745858,2.25,1.88235294118,0.786197569093,2.25,0.166339869281,0.0612244897959,3,0.00441176470588,0.185952380952,17,17,17,1,0,0.352941176471,0.411764705882,0.235294117647,17,0.128676470588,1.90196078431,4.11764705882,3.18181818182,2.69230769231,1.57648156274,0.382859808093,0.201680672269,2.01465221053,0.978545359402,0.524369747899,1.74894926439,0.849489642704,0.463865546218,0.814492905316,0.428238537847,2.33333333333,1.90196078431,0.814492905316,2.33333333333,0,0,0,0,0.164242424242,17,17,17,1,0,0.352941176471,0.411764705882,0.235294117647,17,37,0.136029411765,1.88235294118,4.35294117647,3.36363636364,2.84615384615,1.69341284359,0.389027274878,0.193958664547,2.09866904602,0.964253345467,0.518282988871,1.87867287326,0.863174022847,0.470588235294,0.786197569093,0.41766745858,2.25,1.88235294118,0.786197569093,2.25,0.166339869281,0.0612244897959,3,0.00441176470588,0.185952380952,17,17,17,1,0,0.352941176471,0.411764705882,0.235294117647,0,0,0,0,0,0,0,0,0,0,0,0,0,0,0,0,0,0,0,0,0,0,0,0,0,0,0,0,0,37,0,0,235,1,1,0,0,1,1,1,1,1,1,2,2,0,0,0,0
865,WLNM_dir_neg,1,0.5,00:00:02,10,20,47,1980863020,threshold_sweep,0.1,0.5,1,0.666666666667,2,2,0,2,1,0.5,0.5,0,0.5,1,0.666666666667,0.666666666667,0.444444444444,0.4,0.5,0.5,37,35,2,0,37,0,35,0,2,17,37,0.136029411765,1.88235294118,4.35294117647,3.36363636364,2.84615384615,1.69341284359,0.389027274878,0.193958664547,2.09866904602,0.964253345467,0.518282988871,1.87867287326,0.863174022847,0.470588235294,0.786197569093,0.41766745858,2.25,1.88235294118,0.786197569093,2.25,0.166339869281,0.0612244897959,3,0.00441176470588,0.185952380952,17,17,17,1,0,0.352941176471,0.411764705882,0.235294117647,17,0.128676470588,1.90196078431,4.11764705882,3.18181818182,2.69230769231,1.57648156274,0.382859808093,0.201680672269,2.01465221053,0.978545359402,0.524369747899,1.74894926439,0.849489642704,0.463865546218,0.814492905316,0.428238537847,2.33333333333,1.90196078431,0.814492905316,2.33333333333,0,0,0,0,0.164242424242,17,17,17,1,0,0.352941176471,0.411764705882,0.235294117647,17,39,0.143382352941,2.00049019608,4.58823529412,3.25,2.78571428571,1.69774937525,0.370022299735,0.191553544495,2.14373231428,0.934447419046,0.506787330317,1.92888263907,0.840794996516,0.455505279035,0.812630708441,0.406215791526,2.35,2.00049019608,0.812630708441,2.35,0.20522875817,0.110429447853,6,0.00882352941176,0.189953102453,17,17,17,1,0,0.294117647059,0.529411764706,0.176470588235,2,0.00735294117647,0.118137254902,0.235294117647,-0.113636363636,-0.0604395604396,0.00433653166789,-0.019004975143,-0.00240512005218,0.0450632682653,-0.0298059264211,-0.0114956585545,0.0502097658116,-0.0223790263307,-0.0150829562594,0.026433139348,-0.0114516670541,0.1,0.118137254902,0.026433139348,0.1,0.0388888888889,0.0492049580568,3,0.00441176470588,0.00400072150072,-0.0588235294118,0.117647058824,-0.0588235294118,37,2,0,233,1,0.991489361702,0.00851063829787,0,0.948717948718,1,0.973684210526,0.969867905134,0.991489361702,0.948717948718,4,2,0,0,0,0
866,WLNM_dir_neg,1,0.5,00:00:02,10,20,47,1980863020,threshold_sweep,0.2,0.5,1,0.666666666667,2,2,0,2,1,0.5,0.5,0,0.5,1,0.666666666667,0.666666666667,0.444444444444,0.4,0.5,0.5,37,35,2,0,37,0,35,0,2,17,37,0.136029411765,1.88235294118,4.35294117647,3.36363636364,2.84615384615,1.69341284359,0.389027274878,0.193958664547,2.09866904602,0.964253345467,0.518282988871,1.87867287326,0.863174022847,0.470588235294,0.786197569093,0.41766745858,2.25,1.88235294118,0.786197569093,2.25,0.166339869281,0.0612244897959,3,0.00441176470588,0.185952380952,17,17,17,1,0,0.352941176471,0.411764705882,0.235294117647,17,0.128676470588,1.90196078431,4.11764705882,3.18181818182,2.69230769231,1.57648156274,0.382859808093,0.201680672269,2.01465221053,0.978545359402,0.524369747899,1.74894926439,0.849489642704,0.463865546218,0.814492905316,0.428238537847,2.33333333333,1.90196078431,0.814492905316,2.33333333333,0,0,0,0,0.164242424242,17,17,17,1,0,0.352941176471,0.411764705882,0.235294117647,17,39,0.143382352941,2.00049019608,4.58823529412,3.25,2.78571428571,1.69774937525,0.370022299735,0.191553544495,2.14373231428,0.934447419046,0.506787330317,1.92888263907,0.840794996516,0.455505279035,0.812630708441,0.406215791526,2.35,2.00049019608,0.812630708441,2.35,0.20522875817,0.110429447853,6,0.00882352941176,0.189953102453,17,17,17,1,0,0.294117647059,0.529411764706,0.176470588235,2,0.00735294117647,0.118137254902,0.235294117647,-0.113636363636,-0.0604395604396,0.00433653166789,-0.019004975143,-0.00240512005218,0.0450632682653,-0.0298059264211,-0.0114956585545,0.0502097658116,-0.0223790263307,-0.0150829562594,0.026433139348,-0.0114516670541,0.1,0.118137254902,0.026433139348,0.1,0.0388888888889,0.0492049580568,3,0.00441176470588,0.00400072150072,-0.0588235294118,0.117647058824,-0.0588235294118,37,2,0,233,1,0.991489361702,0.00851063829787,0,0.948717948718,1,0.973684210526,0.969867905134,0.991489361702,0.948717948718,4,2,0,0,0,0
867,WLNM_dir_neg,1,0.5,00:00:02,10,20,47,1980863020,threshold_sweep,0.3,0.5,1,0.666666666667,2,2,0,2,1,0.5,0.5,0,0.5,1,0.666666666667,0.666666666667,0.444444444444,0.4,0.5,0.5,37,35,2,0,37,0,35,0,2,17,37,0.136029411765,1.88235294118,4.35294117647,3.36363636364,2.84615384615,1.69341284359,0.389027274878,0.193958664547,2.09866904602,0.964253345467,0.518282988871,1.87867287326,0.863174022847,0.470588235294,0.786197569093,0.41766745858,2.25,1.88235294118,0.786197569093,2.25,0.166339869281,0.0612244897959,3,0.00441176470588,0.185952380952,17,17,17,1,0,0.352941176471,0.411764705882,0.235294117647,17,0.128676470588,1.90196078431,4.11764705882,3.18181818182,2.69230769231,1.57648156274,0.382859808093,0.201680672269,2.01465221053,0.978545359402,0.524369747899,1.74894926439,0.849489642704,0.463865546218,0.814492905316,0.428238537847,2.33333333333,1.90196078431,0.814492905316,2.33333333333,0,0,0,0,0.164242424242,17,17,17,1,0,0.352941176471,0.411764705882,0.235294117647,17,39,0.143382352941,2.00049019608,4.58823529412,3.25,2.78571428571,1.69774937525,0.370022299735,0.191553544495,2.14373231428,0.934447419046,0.506787330317,1.92888263907,0.840794996516,0.455505279035,0.812630708441,0.406215791526,2.35,2.00049019608,0.812630708441,2.35,0.20522875817,0.110429447853,6,0.00882352941176,0.189953102453,17,17,17,1,0,0.294117647059,0.529411764706,0.176470588235,2,0.00735294117647,0.118137254902,0.235294117647,-0.113636363636,-0.0604395604396,0.00433653166789,-0.019004975143,-0.00240512005218,0.0450632682653,-0.0298059264211,-0.0114956585545,0.0502097658116,-0.0223790263307,-0.0150829562594,0.026433139348,-0.0114516670541,0.1,0.118137254902,0.026433139348,0.1,0.0388888888889,0.0492049580568,3,0.00441176470588,0.00400072150072,-0.0588235294118,0.117647058824,-0.0588235294118,37,2,0,233,1,0.991489361702,0.00851063829787,0,0.948717948718,1,0.973684210526,0.969867905134,0.991489361702,0.948717948718,4,2,0,0,0,0
868,WLNM_dir_neg,1,0.5,00:00:02,10,20,47,1980863020,threshold_sweep,0.4,0.5,1,0.666666666667,2,2,0,2,1,0.5,0.5,0,0.5,1,0.666666666667,0.666666666667,0.444444444444,0.4,0.5,0.5,37,35,2,0,37,0,35,0,2,17,37,0.136029411765,1.88235294118,4.35294117647,3.36363636364,2.84615384615,1.69341284359,0.389027274878,0.193958664547,2.09866904602,0.964253345467,0.518282988871,1.87867287326,0.863174022847,0.470588235294,0.786197569093,0.41766745858,2.25,1.88235294118,0.786197569093,2.25,0.166339869281,0.0612244897959,3,0.00441176470588,0.185952380952,17,17,17,1,0,0.352941176471,0.411764705882,0.235294117647,17,0.128676470588,1.90196078431,4.11764705882,3.18181818182,2.69230769231,1.57648156274,0.382859808093,0.201680672269,2.01465221053,0.978545359402,0.524369747899,1.74894926439,0.849489642704,0.463865546218,0.814492905316,0.428238537847,2.33333333333,1.90196078431,0.814492905316,2.33333333333,0,0,0,0,0.164242424242,17,17,17,1,0,0.352941176471,0.411764705882,0.235294117647,17,39,0.143382352941,2.00049019608,4.58823529412,3.25,2.78571428571,1.69774937525,0.370022299735,0.191553544495,2.14373231428,0.934447419046,0.506787330317,1.92888263907,0.840794996516,0.455505279035,0.812630708441,0.406215791526,2.35,2.00049019608,0.812630708441,2.35,0.20522875817,0.110429447853,6,0.00882352941176,0.189953102453,17,17,17,1,0,0.294117647059,0.529411764706,0.176470588235,2,0.00735294117647,0.118137254902,0.235294117647,-0.113636363636,-0.0604395604396,0.00433653166789,-0.019004975143,-0.00240512005218,0.0450632682653,-0.0298059264211,-0.0114956585545,0.0502097658116,-0.0223790263307,-0.0150829562594,0.026433139348,-0.0114516670541,0.1,0.118137254902,0.026433139348,0.1,0.0388888888889,0.0492049580568,3,0.00441176470588,0.00400072150072,-0.0588235294118,0.117647058824,-0.0588235294118,37,2,0,233,1,0.991489361702,0.00851063829787,0,0.948717948718,1,0.973684210526,0.969867905134,0.991489361702,0.948717948718,4,2,0,0,0,0
869,WLNM_dir_neg,1,0.5,00:00:02,10,20,47,1980863020,threshold_sweep,0.5,0.5,1,0.666666666667,2,2,0,2,1,0.5,0.5,0,0.5,1,0.666666666667,0.666666666667,0.444444444444,0.4,0.5,0.5,37,35,2,0,37,0,35,0,2,17,37,0.136029411765,1.88235294118,4.35294117647,3.36363636364,2.84615384615,1.69341284359,0.389027274878,0.193958664547,2.09866904602,0.964253345467,0.518282988871,1.87867287326,0.863174022847,0.470588235294,0.786197569093,0.41766745858,2.25,1.88235294118,0.786197569093,2.25,0.166339869281,0.0612244897959,3,0.00441176470588,0.185952380952,17,17,17,1,0,0.352941176471,0.411764705882,0.235294117647,17,0.128676470588,1.90196078431,4.11764705882,3.18181818182,2.69230769231,1.57648156274,0.382859808093,0.201680672269,2.01465221053,0.978545359402,0.524369747899,1.74894926439,0.849489642704,0.463865546218,0.814492905316,0.428238537847,2.33333333333,1.90196078431,0.814492905316,2.33333333333,0,0,0,0,0.164242424242,17,17,17,1,0,0.352941176471,0.411764705882,0.235294117647,17,39,0.143382352941,2.00049019608,4.58823529412,3.25,2.78571428571,1.69774937525,0.370022299735,0.191553544495,2.14373231428,0.934447419046,0.506787330317,1.92888263907,0.840794996516,0.455505279035,0.812630708441,0.406215791526,2.35,2.00049019608,0.812630708441,2.35,0.20522875817,0.110429447853,6,0.00882352941176,0.189953102453,17,17,17,1,0,0.294117647059,0.529411764706,0.176470588235,2,0.00735294117647,0.118137254902,0.235294117647,-0.113636363636,-0.0604395604396,0.00433653166789,-0.019004975143,-0.00240512005218,0.0450632682653,-0.0298059264211,-0.0114956585545,0.0502097658116,-0.0223790263307,-0.0150829562594,0.026433139348,-0.0114516670541,0.1,0.118137254902,0.026433139348,0.1,0.0388888888889,0.0492049580568,3,0.00441176470588,0.00400072150072,-0.0588235294118,0.117647058824,-0.0588235294118,37,2,0,233,1,0.991489361702,0.00851063829787,0,0.948717948718,1,0.973684210526,0.969867905134,0.991489361702,0.948717948718,4,2,0,0,0,0
870,WLNM_dir_neg,1,0.5,00:00:02,10,20,47,1980863020,threshold_sweep,0.6,0.5,1,0.666666666667,2,2,0,2,1,0.5,0.5,0,0.5,1,0.666666666667,0.666666666667,0.444444444444,0.4,0.5,0.5,37,35,2,0,37,0,35,0,2,17,37,0.136029411765,1.88235294118,4.35294117647,3.36363636364,2.84615384615,1.69341284359,0.389027274878,0.193958664547,2.09866904602,0.964253345467,0.518282988871,1.87867287326,0.863174022847,0.470588235294,0.786197569093,0.41766745858,2.25,1.88235294118,0.786197569093,2.25,0.166339869281,0.0612244897959,3,0.00441176470588,0.185952380952,17,17,17,1,0,0.352941176471,0.411764705882,0.235294117647,17,0.128676470588,1.90196078431,4.11764705882,3.18181818182,2.69230769231,1.57648156274,0.382859808093,0.201680672269,2.01465221053,0.978545359402,0.524369747899,1.74894926439,0.849489642704,0.463865546218,0.814492905316,0.428238537847,2.33333333333,1.90196078431,0.814492905316,2.33333333333,0,0,0,0,0.164242424242,17,17,17,1,0,0.352941176471,0.411764705882,0.235294117647,17,39,0.143382352941,2.00049019608,4.58823529412,3.25,2.78571428571,1.69774937525,0.370022299735,0.191553544495,2.14373231428,0.934447419046,0.506787330317,1.92888263907,0.840794996516,0.455505279035,0.812630708441,0.406215791526,2.35,2.00049019608,0.812630708441,2.35,0.20522875817,0.110429447853,6,0.00882352941176,0.189953102453,17,17,17,1,0,0.294117647059,0.529411764706,0.176470588235,2,0.00735294117647,0.118137254902,0.235294117647,-0.113636363636,-0.0604395604396,0.00433653166789,-0.019004975143,-0.00240512005218,0.0450632682653,-0.0298059264211,-0.0114956585545,0.0502097658116,-0.0223790263307,-0.0150829562594,0.026433139348,-0.0114516670541,0.1,0.118137254902,0.026433139348,0.1,0.0388888888889,0.0492049580568,3,0.00441176470588,0.00400072150072,-0.0588235294118,0.117647058824,-0.0588235294118,37,2,0,233,1,0.991489361702,0.00851063829787,0,0.948717948718,1,0.973684210526,0.969867905134,0.991489361702,0.948717948718,4,2,0,0,0,0
871,WLNM_dir_neg,1,0.5,00:00:02,10,20,47,1980863020,threshold_sweep,0.7,0.5,1,0.666666666667,2,2,0,2,1,0.5,0.5,0,0.5,1,0.666666666667,0.666666666667,0.444444444444,0.4,0.5,0.5,37,35,2,0,37,0,35,0,2,17,37,0.136029411765,1.88235294118,4.35294117647,3.36363636364,2.84615384615,1.69341284359,0.389027274878,0.193958664547,2.09866904602,0.964253345467,0.518282988871,1.87867287326,0.863174022847,0.470588235294,0.786197569093,0.41766745858,2.25,1.88235294118,0.786197569093,2.25,0.166339869281,0.0612244897959,3,0.00441176470588,0.185952380952,17,17,17,1,0,0.352941176471,0.411764705882,0.235294117647,17,0.128676470588,1.90196078431,4.11764705882,3.18181818182,2.69230769231,1.57648156274,0.382859808093,0.201680672269,2.01465221053,0.978545359402,0.524369747899,1.74894926439,0.849489642704,0.463865546218,0.814492905316,0.428238537847,2.33333333333,1.90196078431,0.814492905316,2.33333333333,0,0,0,0,0.164242424242,17,17,17,1,0,0.352941176471,0.411764705882,0.235294117647,17,39,0.143382352941,2.00049019608,4.58823529412,3.25,2.78571428571,1.69774937525,0.370022299735,0.191553544495,2.14373231428,0.934447419046,0.506787330317,1.92888263907,0.840794996516,0.455505279035,0.812630708441,0.406215791526,2.35,2.00049019608,0.812630708441,2.35,0.20522875817,0.110429447853,6,0.00882352941176,0.189953102453,17,17,17,1,0,0.294117647059,0.529411764706,0.176470588235,2,0.00735294117647,0.118137254902,0.235294117647,-0.113636363636,-0.0604395604396,0.00433653166789,-0.019004975143,-0.00240512005218,0.0450632682653,-0.0298059264211,-0.0114956585545,0.0502097658116,-0.0223790263307,-0.0150829562594,0.026433139348,-0.0114516670541,0.1,0.118137254902,0.026433139348,0.1,0.0388888888889,0.0492049580568,3,0.00441176470588,0.00400072150072,-0.0588235294118,0.117647058824,-0.0588235294118,37,2,0,233,1,0.991489361702,0.00851063829787,0,0.948717948718,1,0.973684210526,0.969867905134,0.991489361702,0.948717948718,4,2,0,0,0,0
872,WLNM_dir_neg,1,0.5,00:00:02,10,20,47,1980863020,threshold_sweep,0.8,0.5,1,0.666666666667,2,2,0,2,1,0.5,0.5,0,0.5,1,0.666666666667,0.666666666667,0.444444444444,0.4,0.5,0.5,37,35,2,0,37,0,35,0,2,17,37,0.136029411765,1.88235294118,4.35294117647,3.36363636364,2.84615384615,1.69341284359,0.389027274878,0.193958664547,2.09866904602,0.964253345467,0.518282988871,1.87867287326,0.863174022847,0.470588235294,0.786197569093,0.41766745858,2.25,1.88235294118,0.786197569093,2.25,0.166339869281,0.0612244897959,3,0.00441176470588,0.185952380952,17,17,17,1,0,0.352941176471,0.411764705882,0.235294117647,17,0.128676470588,1.90196078431,4.11764705882,3.18181818182,2.69230769231,1.57648156274,0.382859808093,0.201680672269,2.01465221053,0.978545359402,0.524369747899,1.74894926439,0.849489642704,0.463865546218,0.814492905316,0.428238537847,2.33333333333,1.90196078431,0.814492905316,2.33333333333,0,0,0,0,0.164242424242,17,17,17,1,0,0.352941176471,0.411764705882,0.235294117647,17,39,0.143382352941,2.00049019608,4.58823529412,3.25,2.78571428571,1.69774937525,0.370022299735,0.191553544495,2.14373231428,0.934447419046,0.506787330317,1.92888263907,0.840794996516,0.455505279035,0.812630708441,0.406215791526,2.35,2.00049019608,0.812630708441,2.35,0.20522875817,0.110429447853,6,0.00882352941176,0.189953102453,17,17,17,1,0,0.294117647059,0.529411764706,0.176470588235,2,0.00735294117647,0.118137254902,0.235294117647,-0.113636363636,-0.0604395604396,0.00433653166789,-0.019004975143,-0.00240512005218,0.0450632682653,-0.0298059264211,-0.0114956585545,0.0502097658116,-0.0223790263307,-0.0150829562594,0.026433139348,-0.0114516670541,0.1,0.118137254902,0.026433139348,0.1,0.0388888888889,0.0492049580568,3,0.00441176470588,0.00400072150072,-0.0588235294118,0.117647058824,-0.0588235294118,37,2,0,233,1,0.991489361702,0.00851063829787,0,0.948717948718,1,0.973684210526,0.969867905134,0.991489361702,0.948717948718,4,2,0,0,0,0
873,WLNM_dir_neg,1,0.5,00:00:02,10,20,47,1980863020,threshold_sweep,0.9,0.5,1,0.666666666667,2,2,0,2,1,0.5,0.5,0,0.5,1,0.666666666667,0.666666666667,0.444444444444,0.4,0.5,0.5,37,35,2,0,37,0,35,0,2,17,37,0.136029411765,1.88235294118,4.35294117647,3.36363636364,2.84615384615,1.69341284359,0.389027274878,0.193958664547,2.09866904602,0.964253345467,0.518282988871,1.87867287326,0.863174022847,0.470588235294,0.786197569093,0.41766745858,2.25,1.88235294118,0.786197569093,2.25,0.166339869281,0.0612244897959,3,0.00441176470588,0.185952380952,17,17,17,1,0,0.352941176471,0.411764705882,0.235294117647,17,0.128676470588,1.90196078431,4.11764705882,3.18181818182,2.69230769231,1.57648156274,0.382859808093,0.201680672269,2.01465221053,0.978545359402,0.524369747899,1.74894926439,0.849489642704,0.463865546218,0.814492905316,0.428238537847,2.33333333333,1.90196078431,0.814492905316,2.33333333333,0,0,0,0,0.164242424242,17,17,17,1,0,0.352941176471,0.411764705882,0.235294117647,17,39,0.143382352941,2.00049019608,4.58823529412,3.25,2.78571428571,1.69774937525,0.370022299735,0.191553544495,2.14373231428,0.934447419046,0.506787330317,1.92888263907,0.840794996516,0.455505279035,0.812630708441,0.406215791526,2.35,2.00049019608,0.812630708441,2.35,0.20522875817,0.110429447853,6,0.00882352941176,0.189953102453,17,17,17,1,0,0.294117647059,0.529411764706,0.176470588235,2,0.00735294117647,0.118137254902,0.235294117647,-0.113636363636,-0.0604395604396,0.00433653166789,-0.019004975143,-0.00240512005218,0.0450632682653,-0.0298059264211,-0.0114956585545,0.0502097658116,-0.0223790263307,-0.0150829562594,0.026433139348,-0.0114516670541,0.1,0.118137254902,0.026433139348,0.1,0.0388888888889,0.0492049580568,3,0.00441176470588,0.00400072150072,-0.0588235294118,0.117647058824,-0.0588235294118,37,2,0,233,1,0.991489361702,0.00851063829787,0,0.948717948718,1,0.973684210526,0.969867905134,0.991489361702,0.948717948718,4,2,0,0,0,0
874,WLNM_dir_neg,1,0.5,00:00:01,10,20,48,1980863021,threshold_sweep,0.1,1,1,1,2,0,0,4,1,1,0,0,1,1,1,1,0.555555555556,1,1,1,37,35,2,0,37,0,35,0,2,17,37,0.136029411765,1.88235294118,4.35294117647,3.36363636364,2.84615384615,1.69341284359,0.389027274878,0.193958664547,2.09866904602,0.964253345467,0.518282988871,1.87867287326,0.863174022847,0.470588235294,0.786197569093,0.41766745858,2.25,1.88235294118,0.786197569093,2.25,0.166339869281,0.0612244897959,3,0.00441176470588,0.185952380952,17,17,17,1,0,0.352941176471,0.411764705882,0.235294117647,17,0.128676470588,1.90196078431,4.11764705882,3.18181818182,2.69230769231,1.57648156274,0.382859808093,0.201680672269,2.01465221053,0.978545359402,0.524369747899,1.74894926439,0.849489642704,0.463865546218,0.814492905316,0.428238537847,2.33333333333,1.90196078431,0.814492905316,2.33333333333,0,0,0,0,0.164242424242,17,17,17,1,0,0.352941176471,0.411764705882,0.235294117647,17,37,0.136029411765,1.88235294118,4.35294117647,3.36363636364,2.84615384615,1.69341284359,0.389027274878,0.193958664547,2.09866904602,0.964253345467,0.518282988871,1.87867287326,0.863174022847,0.470588235294,0.786197569093,0.41766745858,2.25,1.88235294118,0.786197569093,2.25,0.166339869281,0.0612244897959,3,0.00441176470588,0.185952380952,17,17,17,1,0,0.352941176471,0.411764705882,0.235294117647,0,0,0,0,0,0,0,0,0,0,0,0,0,0,0,0,0,0,0,0,0,0,0,0,0,0,0,0,0,37,0,0,235,1,1,0,0,1,1,1,1,1,1,2,2,0,0,0,0
875,WLNM_dir_neg,1,0.5,00:00:01,10,20,48,1980863021,threshold_sweep,0.2,1,1,1,2,0,0,4,1,1,0,0,1,1,1,1,0.555555555556,1,1,1,37,35,2,0,37,0,35,0,2,17,37,0.136029411765,1.88235294118,4.35294117647,3.36363636364,2.84615384615,1.69341284359,0.389027274878,0.193958664547,2.09866904602,0.964253345467,0.518282988871,1.87867287326,0.863174022847,0.470588235294,0.786197569093,0.41766745858,2.25,1.88235294118,0.786197569093,2.25,0.166339869281,0.0612244897959,3,0.00441176470588,0.185952380952,17,17,17,1,0,0.352941176471,0.411764705882,0.235294117647,17,0.128676470588,1.90196078431,4.11764705882,3.18181818182,2.69230769231,1.57648156274,0.382859808093,0.201680672269,2.01465221053,0.978545359402,0.524369747899,1.74894926439,0.849489642704,0.463865546218,0.814492905316,0.428238537847,2.33333333333,1.90196078431,0.814492905316,2.33333333333,0,0,0,0,0.164242424242,17,17,17,1,0,0.352941176471,0.411764705882,0.235294117647,17,37,0.136029411765,1.88235294118,4.35294117647,3.36363636364,2.84615384615,1.69341284359,0.389027274878,0.193958664547,2.09866904602,0.964253345467,0.518282988871,1.87867287326,0.863174022847,0.470588235294,0.786197569093,0.41766745858,2.25,1.88235294118,0.786197569093,2.25,0.166339869281,0.0612244897959,3,0.00441176470588,0.185952380952,17,17,17,1,0,0.352941176471,0.411764705882,0.235294117647,0,0,0,0,0,0,0,0,0,0,0,0,0,0,0,0,0,0,0,0,0,0,0,0,0,0,0,0,0,37,0,0,235,1,1,0,0,1,1,1,1,1,1,2,2,0,0,0,0
876,WLNM_dir_neg,1,0.5,00:00:01,10,20,48,1980863021,threshold_sweep,0.3,1,1,1,2,0,0,4,1,1,0,0,1,1,1,1,0.555555555556,1,1,1,37,35,2,0,37,0,35,0,2,17,37,0.136029411765,1.88235294118,4.35294117647,3.36363636364,2.84615384615,1.69341284359,0.389027274878,0.193958664547,2.09866904602,0.964253345467,0.518282988871,1.87867287326,0.863174022847,0.470588235294,0.786197569093,0.41766745858,2.25,1.88235294118,0.786197569093,2.25,0.166339869281,0.0612244897959,3,0.00441176470588,0.185952380952,17,17,17,1,0,0.352941176471,0.411764705882,0.235294117647,17,0.128676470588,1.90196078431,4.11764705882,3.18181818182,2.69230769231,1.57648156274,0.382859808093,0.201680672269,2.01465221053,0.978545359402,0.524369747899,1.74894926439,0.849489642704,0.463865546218,0.814492905316,0.428238537847,2.33333333333,1.90196078431,0.814492905316,2.33333333333,0,0,0,0,0.164242424242,17,17,17,1,0,0.352941176471,0.411764705882,0.235294117647,17,37,0.136029411765,1.88235294118,4.35294117647,3.36363636364,2.84615384615,1.69341284359,0.389027274878,0.193958664547,2.09866904602,0.964253345467,0.518282988871,1.87867287326,0.863174022847,0.470588235294,0.786197569093,0.41766745858,2.25,1.88235294118,0.786197569093,2.25,0.166339869281,0.0612244897959,3,0.00441176470588,0.185952380952,17,17,17,1,0,0.352941176471,0.411764705882,0.235294117647,0,0,0,0,0,0,0,0,0,0,0,0,0,0,0,0,0,0,0,0,0,0,0,0,0,0,0,0,0,37,0,0,235,1,1,0,0,1,1,1,1,1,1,2,2,0,0,0,0
877,WLNM_dir_neg,1,0.5,00:00:01,10,20,48,1980863021,threshold_sweep,0.4,1,1,1,2,0,0,4,1,1,0,0,1,1,1,1,0.555555555556,1,1,1,37,35,2,0,37,0,35,0,2,17,37,0.136029411765,1.88235294118,4.35294117647,3.36363636364,2.84615384615,1.69341284359,0.389027274878,0.193958664547,2.09866904602,0.964253345467,0.518282988871,1.87867287326,0.863174022847,0.470588235294,0.786197569093,0.41766745858,2.25,1.88235294118,0.786197569093,2.25,0.166339869281,0.0612244897959,3,0.00441176470588,0.185952380952,17,17,17,1,0,0.352941176471,0.411764705882,0.235294117647,17,0.128676470588,1.90196078431,4.11764705882,3.18181818182,2.69230769231,1.57648156274,0.382859808093,0.201680672269,2.01465221053,0.978545359402,0.524369747899,1.74894926439,0.849489642704,0.463865546218,0.814492905316,0.428238537847,2.33333333333,1.90196078431,0.814492905316,2.33333333333,0,0,0,0,0.164242424242,17,17,17,1,0,0.352941176471,0.411764705882,0.235294117647,17,37,0.136029411765,1.88235294118,4.35294117647,3.36363636364,2.84615384615,1.69341284359,0.389027274878,0.193958664547,2.09866904602,0.964253345467,0.518282988871,1.87867287326,0.863174022847,0.470588235294,0.786197569093,0.41766745858,2.25,1.88235294118,0.786197569093,2.25,0.166339869281,0.0612244897959,3,0.00441176470588,0.185952380952,17,17,17,1,0,0.352941176471,0.411764705882,0.235294117647,0,0,0,0,0,0,0,0,0,0,0,0,0,0,0,0,0,0,0,0,0,0,0,0,0,0,0,0,0,37,0,0,235,1,1,0,0,1,1,1,1,1,1,2,2,0,0,0,0
878,WLNM_dir_neg,1,0.5,00:00:01,10,20,48,1980863021,threshold_sweep,0.5,1,1,1,2,0,0,4,1,1,0,0,1,1,1,1,0.555555555556,1,1,1,37,35,2,0,37,0,35,0,2,17,37,0.136029411765,1.88235294118,4.35294117647,3.36363636364,2.84615384615,1.69341284359,0.389027274878,0.193958664547,2.09866904602,0.964253345467,0.518282988871,1.87867287326,0.863174022847,0.470588235294,0.786197569093,0.41766745858,2.25,1.88235294118,0.786197569093,2.25,0.166339869281,0.0612244897959,3,0.00441176470588,0.185952380952,17,17,17,1,0,0.352941176471,0.411764705882,0.235294117647,17,0.128676470588,1.90196078431,4.11764705882,3.18181818182,2.69230769231,1.57648156274,0.382859808093,0.201680672269,2.01465221053,0.978545359402,0.524369747899,1.74894926439,0.849489642704,0.463865546218,0.814492905316,0.428238537847,2.33333333333,1.90196078431,0.814492905316,2.33333333333,0,0,0,0,0.164242424242,17,17,17,1,0,0.352941176471,0.411764705882,0.235294117647,17,37,0.136029411765,1.88235294118,4.35294117647,3.36363636364,2.84615384615,1.69341284359,0.389027274878,0.193958664547,2.09866904602,0.964253345467,0.518282988871,1.87867287326,0.863174022847,0.470588235294,0.786197569093,0.41766745858,2.25,1.88235294118,0.786197569093,2.25,0.166339869281,0.0612244897959,3,0.00441176470588,0.185952380952,17,17,17,1,0,0.352941176471,0.411764705882,0.235294117647,0,0,0,0,0,0,0,0,0,0,0,0,0,0,0,0,0,0,0,0,0,0,0,0,0,0,0,0,0,37,0,0,235,1,1,0,0,1,1,1,1,1,1,2,2,0,0,0,0
879,WLNM_dir_neg,1,0.5,00:00:01,10,20,48,1980863021,threshold_sweep,0.6,1,1,1,2,0,0,4,1,1,0,0,1,1,1,1,0.555555555556,1,1,1,37,35,2,0,37,0,35,0,2,17,37,0.136029411765,1.88235294118,4.35294117647,3.36363636364,2.84615384615,1.69341284359,0.389027274878,0.193958664547,2.09866904602,0.964253345467,0.518282988871,1.87867287326,0.863174022847,0.470588235294,0.786197569093,0.41766745858,2.25,1.88235294118,0.786197569093,2.25,0.166339869281,0.0612244897959,3,0.00441176470588,0.185952380952,17,17,17,1,0,0.352941176471,0.411764705882,0.235294117647,17,0.128676470588,1.90196078431,4.11764705882,3.18181818182,2.69230769231,1.57648156274,0.382859808093,0.201680672269,2.01465221053,0.978545359402,0.524369747899,1.74894926439,0.849489642704,0.463865546218,0.814492905316,0.428238537847,2.33333333333,1.90196078431,0.814492905316,2.33333333333,0,0,0,0,0.164242424242,17,17,17,1,0,0.352941176471,0.411764705882,0.235294117647,17,37,0.136029411765,1.88235294118,4.35294117647,3.36363636364,2.84615384615,1.69341284359,0.389027274878,0.193958664547,2.09866904602,0.964253345467,0.518282988871,1.87867287326,0.863174022847,0.470588235294,0.786197569093,0.41766745858,2.25,1.88235294118,0.786197569093,2.25,0.166339869281,0.0612244897959,3,0.00441176470588,0.185952380952,17,17,17,1,0,0.352941176471,0.411764705882,0.235294117647,0,0,0,0,0,0,0,0,0,0,0,0,0,0,0,0,0,0,0,0,0,0,0,0,0,0,0,0,0,37,0,0,235,1,1,0,0,1,1,1,1,1,1,2,2,0,0,0,0
880,WLNM_dir_neg,1,0.5,00:00:01,10,20,48,1980863021,threshold_sweep,0.7,1,1,1,2,0,0,4,1,1,0,0,1,1,1,1,0.555555555556,1,1,1,37,35,2,0,37,0,35,0,2,17,37,0.136029411765,1.88235294118,4.35294117647,3.36363636364,2.84615384615,1.69341284359,0.389027274878,0.193958664547,2.09866904602,0.964253345467,0.518282988871,1.87867287326,0.863174022847,0.470588235294,0.786197569093,0.41766745858,2.25,1.88235294118,0.786197569093,2.25,0.166339869281,0.0612244897959,3,0.00441176470588,0.185952380952,17,17,17,1,0,0.352941176471,0.411764705882,0.235294117647,17,0.128676470588,1.90196078431,4.11764705882,3.18181818182,2.69230769231,1.57648156274,0.382859808093,0.201680672269,2.01465221053,0.978545359402,0.524369747899,1.74894926439,0.849489642704,0.463865546218,0.814492905316,0.428238537847,2.33333333333,1.90196078431,0.814492905316,2.33333333333,0,0,0,0,0.164242424242,17,17,17,1,0,0.352941176471,0.411764705882,0.235294117647,17,37,0.136029411765,1.88235294118,4.35294117647,3.36363636364,2.84615384615,1.69341284359,0.389027274878,0.193958664547,2.09866904602,0.964253345467,0.518282988871,1.87867287326,0.863174022847,0.470588235294,0.786197569093,0.41766745858,2.25,1.88235294118,0.786197569093,2.25,0.166339869281,0.0612244897959,3,0.00441176470588,0.185952380952,17,17,17,1,0,0.352941176471,0.411764705882,0.235294117647,0,0,0,0,0,0,0,0,0,0,0,0,0,0,0,0,0,0,0,0,0,0,0,0,0,0,0,0,0,37,0,0,235,1,1,0,0,1,1,1,1,1,1,2,2,0,0,0,0
881,WLNM_dir_neg,1,0.5,00:00:01,10,20,48,1980863021,threshold_sweep,0.8,1,1,1,2,0,0,4,1,1,0,0,1,1,1,1,0.555555555556,1,1,1,37,35,2,0,37,0,35,0,2,17,37,0.136029411765,1.88235294118,4.35294117647,3.36363636364,2.84615384615,1.69341284359,0.389027274878,0.193958664547,2.09866904602,0.964253345467,0.518282988871,1.87867287326,0.863174022847,0.470588235294,0.786197569093,0.41766745858,2.25,1.88235294118,0.786197569093,2.25,0.166339869281,0.0612244897959,3,0.00441176470588,0.185952380952,17,17,17,1,0,0.352941176471,0.411764705882,0.235294117647,17,0.128676470588,1.90196078431,4.11764705882,3.18181818182,2.69230769231,1.57648156274,0.382859808093,0.201680672269,2.01465221053,0.978545359402,0.524369747899,1.74894926439,0.849489642704,0.463865546218,0.814492905316,0.428238537847,2.33333333333,1.90196078431,0.814492905316,2.33333333333,0,0,0,0,0.164242424242,17,17,17,1,0,0.352941176471,0.411764705882,0.235294117647,17,37,0.136029411765,1.88235294118,4.35294117647,3.36363636364,2.84615384615,1.69341284359,0.389027274878,0.193958664547,2.09866904602,0.964253345467,0.518282988871,1.87867287326,0.863174022847,0.470588235294,0.786197569093,0.41766745858,2.25,1.88235294118,0.786197569093,2.25,0.166339869281,0.0612244897959,3,0.00441176470588,0.185952380952,17,17,17,1,0,0.352941176471,0.411764705882,0.235294117647,0,0,0,0,0,0,0,0,0,0,0,0,0,0,0,0,0,0,0,0,0,0,0,0,0,0,0,0,0,37,0,0,235,1,1,0,0,1,1,1,1,1,1,2,2,0,0,0,0
882,WLNM_dir_neg,1,0.5,00:00:01,10,20,48,1980863021,threshold_sweep,0.9,1,1,1,2,0,0,4,1,1,0,0,1,1,1,1,0.555555555556,1,1,1,37,35,2,0,37,0,35,0,2,17,37,0.136029411765,1.88235294118,4.35294117647,3.36363636364,2.84615384615,1.69341284359,0.389027274878,0.193958664547,2.09866904602,0.964253345467,0.518282988871,1.87867287326,0.863174022847,0.470588235294,0.786197569093,0.41766745858,2.25,1.88235294118,0.786197569093,2.25,0.166339869281,0.0612244897959,3,0.00441176470588,0.185952380952,17,17,17,1,0,0.352941176471,0.411764705882,0.235294117647,17,0.128676470588,1.90196078431,4.11764705882,3.18181818182,2.69230769231,1.57648156274,0.382859808093,0.201680672269,2.01465221053,0.978545359402,0.524369747899,1.74894926439,0.849489642704,0.463865546218,0.814492905316,0.428238537847,2.33333333333,1.90196078431,0.814492905316,2.33333333333,0,0,0,0,0.164242424242,17,17,17,1,0,0.352941176471,0.411764705882,0.235294117647,17,37,0.136029411765,1.88235294118,4.35294117647,3.36363636364,2.84615384615,1.69341284359,0.389027274878,0.193958664547,2.09866904602,0.964253345467,0.518282988871,1.87867287326,0.863174022847,0.470588235294,0.786197569093,0.41766745858,2.25,1.88235294118,0.786197569093,2.25,0.166339869281,0.0612244897959,3,0.00441176470588,0.185952380952,17,17,17,1,0,0.352941176471,0.411764705882,0.235294117647,0,0,0,0,0,0,0,0,0,0,0,0,0,0,0,0,0,0,0,0,0,0,0,0,0,0,0,0,0,37,0,0,235,1,1,0,0,1,1,1,1,1,1,2,2,0,0,0,0
883,WLNM_dir_neg,1,0.5,00:00:02,10,20,49,1980863022,threshold_sweep,0.1,0.666666666667,1,0.8,2,1,0,3,1,0.75,0.25,0,0.666666666667,1,0.8,0.833333333333,0.5,0.666666666667,0.707106781187,0.75,37,35,2,0,37,0,35,0,2,17,37,0.136029411765,1.88235294118,4.35294117647,3.36363636364,2.84615384615,1.69341284359,0.389027274878,0.193958664547,2.09866904602,0.964253345467,0.518282988871,1.87867287326,0.863174022847,0.470588235294,0.786197569093,0.41766745858,2.25,1.88235294118,0.786197569093,2.25,0.166339869281,0.0612244897959,3,0.00441176470588,0.185952380952,17,17,17,1,0,0.352941176471,0.411764705882,0.235294117647,17,0.128676470588,1.90196078431,4.11764705882,3.18181818182,2.69230769231,1.57648156274,0.382859808093,0.201680672269,2.01465221053,0.978545359402,0.524369747899,1.74894926439,0.849489642704,0.463865546218,0.814492905316,0.428238537847,2.33333333333,1.90196078431,0.814492905316,2.33333333333,0,0,0,0,0.164242424242,17,17,17,1,0,0.352941176471,0.411764705882,0.235294117647,17,38,0.139705882353,1.95378151261,4.47058823529,3.45454545455,2.71428571429,1.77192152263,0.396350866904,0.205882352941,2.1074098962,0.942788637772,0.50773993808,1.82103719638,0.814674535221,0.442724458204,0.854512771602,0.43736352611,2.42857142857,1.95378151261,0.854512771602,2.42857142857,0.166339869281,0.0612244897959,3,0.00441176470588,0.177813852814,17,17,17,1,0,0.352941176471,0.470588235294,0.176470588235,1,0.00367647058824,0.0714285714286,0.117647058824,0.0909090909091,-0.131868131868,0.0785086790417,0.0073235920257,0.0119236883943,0.00874085018076,-0.0214647076946,-0.0105430507907,-0.0576356768785,-0.0484994876259,-0.0278637770898,0.0683152025093,0.0196960675298,0.178571428571,0.0714285714286,0.0683152025093,0.178571428571,0,0,0,0,-0.00813852813853,0,0.0588235294118,-0.0588235294118,37,1,0,234,1,0.995744680851,0.00425531914894,0,0.973684210526,1,0.986666666667,0.984652666406,0.995744680851,0.973684210526,3,2,0,0,0,0
884,WLNM_dir_neg,1,0.5,00:00:02,10,20,49,1980863022,threshold_sweep,0.2,0.666666666667,1,0.8,2,1,0,3,1,0.75,0.25,0,0.666666666667,1,0.8,0.833333333333,0.5,0.666666666667,0.707106781187,0.75,37,35,2,0,37,0,35,0,2,17,37,0.136029411765,1.88235294118,4.35294117647,3.36363636364,2.84615384615,1.69341284359,0.389027274878,0.193958664547,2.09866904602,0.964253345467,0.518282988871,1.87867287326,0.863174022847,0.470588235294,0.786197569093,0.41766745858,2.25,1.88235294118,0.786197569093,2.25,0.166339869281,0.0612244897959,3,0.00441176470588,0.185952380952,17,17,17,1,0,0.352941176471,0.411764705882,0.235294117647,17,0.128676470588,1.90196078431,4.11764705882,3.18181818182,2.69230769231,1.57648156274,0.382859808093,0.201680672269,2.01465221053,0.978545359402,0.524369747899,1.74894926439,0.849489642704,0.463865546218,0.814492905316,0.428238537847,2.33333333333,1.90196078431,0.814492905316,2.33333333333,0,0,0,0,0.164242424242,17,17,17,1,0,0.352941176471,0.411764705882,0.235294117647,17,38,0.139705882353,1.95378151261,4.47058823529,3.45454545455,2.71428571429,1.77192152263,0.396350866904,0.205882352941,2.1074098962,0.942788637772,0.50773993808,1.82103719638,0.814674535221,0.442724458204,0.854512771602,0.43736352611,2.42857142857,1.95378151261,0.854512771602,2.42857142857,0.166339869281,0.0612244897959,3,0.00441176470588,0.177813852814,17,17,17,1,0,0.352941176471,0.470588235294,0.176470588235,1,0.00367647058824,0.0714285714286,0.117647058824,0.0909090909091,-0.131868131868,0.0785086790417,0.0073235920257,0.0119236883943,0.00874085018076,-0.0214647076946,-0.0105430507907,-0.0576356768785,-0.0484994876259,-0.0278637770898,0.0683152025093,0.0196960675298,0.178571428571,0.0714285714286,0.0683152025093,0.178571428571,0,0,0,0,-0.00813852813853,0,0.0588235294118,-0.0588235294118,37,1,0,234,1,0.995744680851,0.00425531914894,0,0.973684210526,1,0.986666666667,0.984652666406,0.995744680851,0.973684210526,3,2,0,0,0,0
885,WLNM_dir_neg,1,0.5,00:00:02,10,20,49,1980863022,threshold_sweep,0.3,1,1,1,2,0,0,4,1,1,0,0,1,1,1,1,0.555555555556,1,1,1,37,35,2,0,37,0,35,0,2,17,37,0.136029411765,1.88235294118,4.35294117647,3.36363636364,2.84615384615,1.69341284359,0.389027274878,0.193958664547,2.09866904602,0.964253345467,0.518282988871,1.87867287326,0.863174022847,0.470588235294,0.786197569093,0.41766745858,2.25,1.88235294118,0.786197569093,2.25,0.166339869281,0.0612244897959,3,0.00441176470588,0.185952380952,17,17,17,1,0,0.352941176471,0.411764705882,0.235294117647,17,0.128676470588,1.90196078431,4.11764705882,3.18181818182,2.69230769231,1.57648156274,0.382859808093,0.201680672269,2.01465221053,0.978545359402,0.524369747899,1.74894926439,0.849489642704,0.463865546218,0.814492905316,0.428238537847,2.33333333333,1.90196078431,0.814492905316,2.33333333333,0,0,0,0,0.164242424242,17,17,17,1,0,0.352941176471,0.411764705882,0.235294117647,17,37,0.136029411765,1.88235294118,4.35294117647,3.36363636364,2.84615384615,1.69341284359,0.389027274878,0.193958664547,2.09866904602,0.964253345467,0.518282988871,1.87867287326,0.863174022847,0.470588235294,0.786197569093,0.41766745858,2.25,1.88235294118,0.786197569093,2.25,0.166339869281,0.0612244897959,3,0.00441176470588,0.185952380952,17,17,17,1,0,0.352941176471,0.411764705882,0.235294117647,0,0,0,0,0,0,0,0,0,0,0,0,0,0,0,0,0,0,0,0,0,0,0,0,0,0,0,0,0,37,0,0,235,1,1,0,0,1,1,1,1,1,1,2,2,0,0,0,0
886,WLNM_dir_neg,1,0.5,00:00:02,10,20,49,1980863022,threshold_sweep,0.4,1,1,1,2,0,0,4,1,1,0,0,1,1,1,1,0.555555555556,1,1,1,37,35,2,0,37,0,35,0,2,17,37,0.136029411765,1.88235294118,4.35294117647,3.36363636364,2.84615384615,1.69341284359,0.389027274878,0.193958664547,2.09866904602,0.964253345467,0.518282988871,1.87867287326,0.863174022847,0.470588235294,0.786197569093,0.41766745858,2.25,1.88235294118,0.786197569093,2.25,0.166339869281,0.0612244897959,3,0.00441176470588,0.185952380952,17,17,17,1,0,0.352941176471,0.411764705882,0.235294117647,17,0.128676470588,1.90196078431,4.11764705882,3.18181818182,2.69230769231,1.57648156274,0.382859808093,0.201680672269,2.01465221053,0.978545359402,0.524369747899,1.74894926439,0.849489642704,0.463865546218,0.814492905316,0.428238537847,2.33333333333,1.90196078431,0.814492905316,2.33333333333,0,0,0,0,0.164242424242,17,17,17,1,0,0.352941176471,0.411764705882,0.235294117647,17,37,0.136029411765,1.88235294118,4.35294117647,3.36363636364,2.84615384615,1.69341284359,0.389027274878,0.193958664547,2.09866904602,0.964253345467,0.518282988871,1.87867287326,0.863174022847,0.470588235294,0.786197569093,0.41766745858,2.25,1.88235294118,0.786197569093,2.25,0.166339869281,0.0612244897959,3,0.00441176470588,0.185952380952,17,17,17,1,0,0.352941176471,0.411764705882,0.235294117647,0,0,0,0,0,0,0,0,0,0,0,0,0,0,0,0,0,0,0,0,0,0,0,0,0,0,0,0,0,37,0,0,235,1,1,0,0,1,1,1,1,1,1,2,2,0,0,0,0
887,WLNM_dir_neg,1,0.5,00:00:02,10,20,49,1980863022,threshold_sweep,0.5,1,1,1,2,0,0,4,1,1,0,0,1,1,1,1,0.555555555556,1,1,1,37,35,2,0,37,0,35,0,2,17,37,0.136029411765,1.88235294118,4.35294117647,3.36363636364,2.84615384615,1.69341284359,0.389027274878,0.193958664547,2.09866904602,0.964253345467,0.518282988871,1.87867287326,0.863174022847,0.470588235294,0.786197569093,0.41766745858,2.25,1.88235294118,0.786197569093,2.25,0.166339869281,0.0612244897959,3,0.00441176470588,0.185952380952,17,17,17,1,0,0.352941176471,0.411764705882,0.235294117647,17,0.128676470588,1.90196078431,4.11764705882,3.18181818182,2.69230769231,1.57648156274,0.382859808093,0.201680672269,2.01465221053,0.978545359402,0.524369747899,1.74894926439,0.849489642704,0.463865546218,0.814492905316,0.428238537847,2.33333333333,1.90196078431,0.814492905316,2.33333333333,0,0,0,0,0.164242424242,17,17,17,1,0,0.352941176471,0.411764705882,0.235294117647,17,37,0.136029411765,1.88235294118,4.35294117647,3.36363636364,2.84615384615,1.69341284359,0.389027274878,0.193958664547,2.09866904602,0.964253345467,0.518282988871,1.87867287326,0.863174022847,0.470588235294,0.786197569093,0.41766745858,2.25,1.88235294118,0.786197569093,2.25,0.166339869281,0.0612244897959,3,0.00441176470588,0.185952380952,17,17,17,1,0,0.352941176471,0.411764705882,0.235294117647,0,0,0,0,0,0,0,0,0,0,0,0,0,0,0,0,0,0,0,0,0,0,0,0,0,0,0,0,0,37,0,0,235,1,1,0,0,1,1,1,1,1,1,2,2,0,0,0,0
888,WLNM_dir_neg,1,0.5,00:00:02,10,20,49,1980863022,threshold_sweep,0.6,1,1,1,2,0,0,4,1,1,0,0,1,1,1,1,0.555555555556,1,1,1,37,35,2,0,37,0,35,0,2,17,37,0.136029411765,1.88235294118,4.35294117647,3.36363636364,2.84615384615,1.69341284359,0.389027274878,0.193958664547,2.09866904602,0.964253345467,0.518282988871,1.87867287326,0.863174022847,0.470588235294,0.786197569093,0.41766745858,2.25,1.88235294118,0.786197569093,2.25,0.166339869281,0.0612244897959,3,0.00441176470588,0.185952380952,17,17,17,1,0,0.352941176471,0.411764705882,0.235294117647,17,0.128676470588,1.90196078431,4.11764705882,3.18181818182,2.69230769231,1.57648156274,0.382859808093,0.201680672269,2.01465221053,0.978545359402,0.524369747899,1.74894926439,0.849489642704,0.463865546218,0.814492905316,0.428238537847,2.33333333333,1.90196078431,0.814492905316,2.33333333333,0,0,0,0,0.164242424242,17,17,17,1,0,0.352941176471,0.411764705882,0.235294117647,17,37,0.136029411765,1.88235294118,4.35294117647,3.36363636364,2.84615384615,1.69341284359,0.389027274878,0.193958664547,2.09866904602,0.964253345467,0.518282988871,1.87867287326,0.863174022847,0.470588235294,0.786197569093,0.41766745858,2.25,1.88235294118,0.786197569093,2.25,0.166339869281,0.0612244897959,3,0.00441176470588,0.185952380952,17,17,17,1,0,0.352941176471,0.411764705882,0.235294117647,0,0,0,0,0,0,0,0,0,0,0,0,0,0,0,0,0,0,0,0,0,0,0,0,0,0,0,0,0,37,0,0,235,1,1,0,0,1,1,1,1,1,1,2,2,0,0,0,0
889,WLNM_dir_neg,1,0.5,00:00:02,10,20,49,1980863022,threshold_sweep,0.7,1,1,1,2,0,0,4,1,1,0,0,1,1,1,1,0.555555555556,1,1,1,37,35,2,0,37,0,35,0,2,17,37,0.136029411765,1.88235294118,4.35294117647,3.36363636364,2.84615384615,1.69341284359,0.389027274878,0.193958664547,2.09866904602,0.964253345467,0.518282988871,1.87867287326,0.863174022847,0.470588235294,0.786197569093,0.41766745858,2.25,1.88235294118,0.786197569093,2.25,0.166339869281,0.0612244897959,3,0.00441176470588,0.185952380952,17,17,17,1,0,0.352941176471,0.411764705882,0.235294117647,17,0.128676470588,1.90196078431,4.11764705882,3.18181818182,2.69230769231,1.57648156274,0.382859808093,0.201680672269,2.01465221053,0.978545359402,0.524369747899,1.74894926439,0.849489642704,0.463865546218,0.814492905316,0.428238537847,2.33333333333,1.90196078431,0.814492905316,2.33333333333,0,0,0,0,0.164242424242,17,17,17,1,0,0.352941176471,0.411764705882,0.235294117647,17,37,0.136029411765,1.88235294118,4.35294117647,3.36363636364,2.84615384615,1.69341284359,0.389027274878,0.193958664547,2.09866904602,0.964253345467,0.518282988871,1.87867287326,0.863174022847,0.470588235294,0.786197569093,0.41766745858,2.25,1.88235294118,0.786197569093,2.25,0.166339869281,0.0612244897959,3,0.00441176470588,0.185952380952,17,17,17,1,0,0.352941176471,0.411764705882,0.235294117647,0,0,0,0,0,0,0,0,0,0,0,0,0,0,0,0,0,0,0,0,0,0,0,0,0,0,0,0,0,37,0,0,235,1,1,0,0,1,1,1,1,1,1,2,2,0,0,0,0
890,WLNM_dir_neg,1,0.5,00:00:02,10,20,49,1980863022,threshold_sweep,0.8,1,1,1,2,0,0,4,1,1,0,0,1,1,1,1,0.555555555556,1,1,1,37,35,2,0,37,0,35,0,2,17,37,0.136029411765,1.88235294118,4.35294117647,3.36363636364,2.84615384615,1.69341284359,0.389027274878,0.193958664547,2.09866904602,0.964253345467,0.518282988871,1.87867287326,0.863174022847,0.470588235294,0.786197569093,0.41766745858,2.25,1.88235294118,0.786197569093,2.25,0.166339869281,0.0612244897959,3,0.00441176470588,0.185952380952,17,17,17,1,0,0.352941176471,0.411764705882,0.235294117647,17,0.128676470588,1.90196078431,4.11764705882,3.18181818182,2.69230769231,1.57648156274,0.382859808093,0.201680672269,2.01465221053,0.978545359402,0.524369747899,1.74894926439,0.849489642704,0.463865546218,0.814492905316,0.428238537847,2.33333333333,1.90196078431,0.814492905316,2.33333333333,0,0,0,0,0.164242424242,17,17,17,1,0,0.352941176471,0.411764705882,0.235294117647,17,37,0.136029411765,1.88235294118,4.35294117647,3.36363636364,2.84615384615,1.69341284359,0.389027274878,0.193958664547,2.09866904602,0.964253345467,0.518282988871,1.87867287326,0.863174022847,0.470588235294,0.786197569093,0.41766745858,2.25,1.88235294118,0.786197569093,2.25,0.166339869281,0.0612244897959,3,0.00441176470588,0.185952380952,17,17,17,1,0,0.352941176471,0.411764705882,0.235294117647,0,0,0,0,0,0,0,0,0,0,0,0,0,0,0,0,0,0,0,0,0,0,0,0,0,0,0,0,0,37,0,0,235,1,1,0,0,1,1,1,1,1,1,2,2,0,0,0,0
891,WLNM_dir_neg,1,0.5,00:00:02,10,20,49,1980863022,threshold_sweep,0.9,1,1,1,2,0,0,4,1,1,0,0,1,1,1,1,0.555555555556,1,1,1,37,35,2,0,37,0,35,0,2,17,37,0.136029411765,1.88235294118,4.35294117647,3.36363636364,2.84615384615,1.69341284359,0.389027274878,0.193958664547,2.09866904602,0.964253345467,0.518282988871,1.87867287326,0.863174022847,0.470588235294,0.786197569093,0.41766745858,2.25,1.88235294118,0.786197569093,2.25,0.166339869281,0.0612244897959,3,0.00441176470588,0.185952380952,17,17,17,1,0,0.352941176471,0.411764705882,0.235294117647,17,0.128676470588,1.90196078431,4.11764705882,3.18181818182,2.69230769231,1.57648156274,0.382859808093,0.201680672269,2.01465221053,0.978545359402,0.524369747899,1.74894926439,0.849489642704,0.463865546218,0.814492905316,0.428238537847,2.33333333333,1.90196078431,0.814492905316,2.33333333333,0,0,0,0,0.164242424242,17,17,17,1,0,0.352941176471,0.411764705882,0.235294117647,17,37,0.136029411765,1.88235294118,4.35294117647,3.36363636364,2.84615384615,1.69341284359,0.389027274878,0.193958664547,2.09866904602,0.964253345467,0.518282988871,1.87867287326,0.863174022847,0.470588235294,0.786197569093,0.41766745858,2.25,1.88235294118,0.786197569093,2.25,0.166339869281,0.0612244897959,3,0.00441176470588,0.185952380952,17,17,17,1,0,0.352941176471,0.411764705882,0.235294117647,0,0,0,0,0,0,0,0,0,0,0,0,0,0,0,0,0,0,0,0,0,0,0,0,0,0,0,0,0,37,0,0,235,1,1,0,0,1,1,1,1,1,1,2,2,0,0,0,0
892,WLNM_dir_neg,1,0.5,00:00:02,10,20,50,1980863023,threshold_sweep,0.1,1,1,1,2,0,0,4,1,1,0,0,1,1,1,1,0.555555555556,1,1,1,37,35,2,0,37,0,35,0,2,17,37,0.136029411765,1.88235294118,4.35294117647,3.36363636364,2.84615384615,1.69341284359,0.389027274878,0.193958664547,2.09866904602,0.964253345467,0.518282988871,1.87867287326,0.863174022847,0.470588235294,0.786197569093,0.41766745858,2.25,1.88235294118,0.786197569093,2.25,0.166339869281,0.0612244897959,3,0.00441176470588,0.185952380952,17,17,17,1,0,0.352941176471,0.411764705882,0.235294117647,17,0.128676470588,1.90196078431,4.11764705882,3.18181818182,2.69230769231,1.57648156274,0.382859808093,0.201680672269,2.01465221053,0.978545359402,0.524369747899,1.74894926439,0.849489642704,0.463865546218,0.814492905316,0.428238537847,2.33333333333,1.90196078431,0.814492905316,2.33333333333,0,0,0,0,0.164242424242,17,17,17,1,0,0.352941176471,0.411764705882,0.235294117647,17,37,0.136029411765,1.88235294118,4.35294117647,3.36363636364,2.84615384615,1.69341284359,0.389027274878,0.193958664547,2.09866904602,0.964253345467,0.518282988871,1.87867287326,0.863174022847,0.470588235294,0.786197569093,0.41766745858,2.25,1.88235294118,0.786197569093,2.25,0.166339869281,0.0612244897959,3,0.00441176470588,0.185952380952,17,17,17,1,0,0.352941176471,0.411764705882,0.235294117647,0,0,0,0,0,0,0,0,0,0,0,0,0,0,0,0,0,0,0,0,0,0,0,0,0,0,0,0,0,37,0,0,235,1,1,0,0,1,1,1,1,1,1,2,2,0,0,0,0
893,WLNM_dir_neg,1,0.5,00:00:02,10,20,50,1980863023,threshold_sweep,0.2,1,1,1,2,0,0,4,1,1,0,0,1,1,1,1,0.555555555556,1,1,1,37,35,2,0,37,0,35,0,2,17,37,0.136029411765,1.88235294118,4.35294117647,3.36363636364,2.84615384615,1.69341284359,0.389027274878,0.193958664547,2.09866904602,0.964253345467,0.518282988871,1.87867287326,0.863174022847,0.470588235294,0.786197569093,0.41766745858,2.25,1.88235294118,0.786197569093,2.25,0.166339869281,0.0612244897959,3,0.00441176470588,0.185952380952,17,17,17,1,0,0.352941176471,0.411764705882,0.235294117647,17,0.128676470588,1.90196078431,4.11764705882,3.18181818182,2.69230769231,1.57648156274,0.382859808093,0.201680672269,2.01465221053,0.978545359402,0.524369747899,1.74894926439,0.849489642704,0.463865546218,0.814492905316,0.428238537847,2.33333333333,1.90196078431,0.814492905316,2.33333333333,0,0,0,0,0.164242424242,17,17,17,1,0,0.352941176471,0.411764705882,0.235294117647,17,37,0.136029411765,1.88235294118,4.35294117647,3.36363636364,2.84615384615,1.69341284359,0.389027274878,0.193958664547,2.09866904602,0.964253345467,0.518282988871,1.87867287326,0.863174022847,0.470588235294,0.786197569093,0.41766745858,2.25,1.88235294118,0.786197569093,2.25,0.166339869281,0.0612244897959,3,0.00441176470588,0.185952380952,17,17,17,1,0,0.352941176471,0.411764705882,0.235294117647,0,0,0,0,0,0,0,0,0,0,0,0,0,0,0,0,0,0,0,0,0,0,0,0,0,0,0,0,0,37,0,0,235,1,1,0,0,1,1,1,1,1,1,2,2,0,0,0,0
894,WLNM_dir_neg,1,0.5,00:00:02,10,20,50,1980863023,threshold_sweep,0.3,1,1,1,2,0,0,4,1,1,0,0,1,1,1,1,0.555555555556,1,1,1,37,35,2,0,37,0,35,0,2,17,37,0.136029411765,1.88235294118,4.35294117647,3.36363636364,2.84615384615,1.69341284359,0.389027274878,0.193958664547,2.09866904602,0.964253345467,0.518282988871,1.87867287326,0.863174022847,0.470588235294,0.786197569093,0.41766745858,2.25,1.88235294118,0.786197569093,2.25,0.166339869281,0.0612244897959,3,0.00441176470588,0.185952380952,17,17,17,1,0,0.352941176471,0.411764705882,0.235294117647,17,0.128676470588,1.90196078431,4.11764705882,3.18181818182,2.69230769231,1.57648156274,0.382859808093,0.201680672269,2.01465221053,0.978545359402,0.524369747899,1.74894926439,0.849489642704,0.463865546218,0.814492905316,0.428238537847,2.33333333333,1.90196078431,0.814492905316,2.33333333333,0,0,0,0,0.164242424242,17,17,17,1,0,0.352941176471,0.411764705882,0.235294117647,17,37,0.136029411765,1.88235294118,4.35294117647,3.36363636364,2.84615384615,1.69341284359,0.389027274878,0.193958664547,2.09866904602,0.964253345467,0.518282988871,1.87867287326,0.863174022847,0.470588235294,0.786197569093,0.41766745858,2.25,1.88235294118,0.786197569093,2.25,0.166339869281,0.0612244897959,3,0.00441176470588,0.185952380952,17,17,17,1,0,0.352941176471,0.411764705882,0.235294117647,0,0,0,0,0,0,0,0,0,0,0,0,0,0,0,0,0,0,0,0,0,0,0,0,0,0,0,0,0,37,0,0,235,1,1,0,0,1,1,1,1,1,1,2,2,0,0,0,0
895,WLNM_dir_neg,1,0.5,00:00:02,10,20,50,1980863023,threshold_sweep,0.4,1,1,1,2,0,0,4,1,1,0,0,1,1,1,1,0.555555555556,1,1,1,37,35,2,0,37,0,35,0,2,17,37,0.136029411765,1.88235294118,4.35294117647,3.36363636364,2.84615384615,1.69341284359,0.389027274878,0.193958664547,2.09866904602,0.964253345467,0.518282988871,1.87867287326,0.863174022847,0.470588235294,0.786197569093,0.41766745858,2.25,1.88235294118,0.786197569093,2.25,0.166339869281,0.0612244897959,3,0.00441176470588,0.185952380952,17,17,17,1,0,0.352941176471,0.411764705882,0.235294117647,17,0.128676470588,1.90196078431,4.11764705882,3.18181818182,2.69230769231,1.57648156274,0.382859808093,0.201680672269,2.01465221053,0.978545359402,0.524369747899,1.74894926439,0.849489642704,0.463865546218,0.814492905316,0.428238537847,2.33333333333,1.90196078431,0.814492905316,2.33333333333,0,0,0,0,0.164242424242,17,17,17,1,0,0.352941176471,0.411764705882,0.235294117647,17,37,0.136029411765,1.88235294118,4.35294117647,3.36363636364,2.84615384615,1.69341284359,0.389027274878,0.193958664547,2.09866904602,0.964253345467,0.518282988871,1.87867287326,0.863174022847,0.470588235294,0.786197569093,0.41766745858,2.25,1.88235294118,0.786197569093,2.25,0.166339869281,0.0612244897959,3,0.00441176470588,0.185952380952,17,17,17,1,0,0.352941176471,0.411764705882,0.235294117647,0,0,0,0,0,0,0,0,0,0,0,0,0,0,0,0,0,0,0,0,0,0,0,0,0,0,0,0,0,37,0,0,235,1,1,0,0,1,1,1,1,1,1,2,2,0,0,0,0
896,WLNM_dir_neg,1,0.5,00:00:02,10,20,50,1980863023,threshold_sweep,0.5,1,1,1,2,0,0,4,1,1,0,0,1,1,1,1,0.555555555556,1,1,1,37,35,2,0,37,0,35,0,2,17,37,0.136029411765,1.88235294118,4.35294117647,3.36363636364,2.84615384615,1.69341284359,0.389027274878,0.193958664547,2.09866904602,0.964253345467,0.518282988871,1.87867287326,0.863174022847,0.470588235294,0.786197569093,0.41766745858,2.25,1.88235294118,0.786197569093,2.25,0.166339869281,0.0612244897959,3,0.00441176470588,0.185952380952,17,17,17,1,0,0.352941176471,0.411764705882,0.235294117647,17,0.128676470588,1.90196078431,4.11764705882,3.18181818182,2.69230769231,1.57648156274,0.382859808093,0.201680672269,2.01465221053,0.978545359402,0.524369747899,1.74894926439,0.849489642704,0.463865546218,0.814492905316,0.428238537847,2.33333333333,1.90196078431,0.814492905316,2.33333333333,0,0,0,0,0.164242424242,17,17,17,1,0,0.352941176471,0.411764705882,0.235294117647,17,37,0.136029411765,1.88235294118,4.35294117647,3.36363636364,2.84615384615,1.69341284359,0.389027274878,0.193958664547,2.09866904602,0.964253345467,0.518282988871,1.87867287326,0.863174022847,0.470588235294,0.786197569093,0.41766745858,2.25,1.88235294118,0.786197569093,2.25,0.166339869281,0.0612244897959,3,0.00441176470588,0.185952380952,17,17,17,1,0,0.352941176471,0.411764705882,0.235294117647,0,0,0,0,0,0,0,0,0,0,0,0,0,0,0,0,0,0,0,0,0,0,0,0,0,0,0,0,0,37,0,0,235,1,1,0,0,1,1,1,1,1,1,2,2,0,0,0,0
897,WLNM_dir_neg,1,0.5,00:00:02,10,20,50,1980863023,threshold_sweep,0.6,1,1,1,2,0,0,4,1,1,0,0,1,1,1,1,0.555555555556,1,1,1,37,35,2,0,37,0,35,0,2,17,37,0.136029411765,1.88235294118,4.35294117647,3.36363636364,2.84615384615,1.69341284359,0.389027274878,0.193958664547,2.09866904602,0.964253345467,0.518282988871,1.87867287326,0.863174022847,0.470588235294,0.786197569093,0.41766745858,2.25,1.88235294118,0.786197569093,2.25,0.166339869281,0.0612244897959,3,0.00441176470588,0.185952380952,17,17,17,1,0,0.352941176471,0.411764705882,0.235294117647,17,0.128676470588,1.90196078431,4.11764705882,3.18181818182,2.69230769231,1.57648156274,0.382859808093,0.201680672269,2.01465221053,0.978545359402,0.524369747899,1.74894926439,0.849489642704,0.463865546218,0.814492905316,0.428238537847,2.33333333333,1.90196078431,0.814492905316,2.33333333333,0,0,0,0,0.164242424242,17,17,17,1,0,0.352941176471,0.411764705882,0.235294117647,17,37,0.136029411765,1.88235294118,4.35294117647,3.36363636364,2.84615384615,1.69341284359,0.389027274878,0.193958664547,2.09866904602,0.964253345467,0.518282988871,1.87867287326,0.863174022847,0.470588235294,0.786197569093,0.41766745858,2.25,1.88235294118,0.786197569093,2.25,0.166339869281,0.0612244897959,3,0.00441176470588,0.185952380952,17,17,17,1,0,0.352941176471,0.411764705882,0.235294117647,0,0,0,0,0,0,0,0,0,0,0,0,0,0,0,0,0,0,0,0,0,0,0,0,0,0,0,0,0,37,0,0,235,1,1,0,0,1,1,1,1,1,1,2,2,0,0,0,0
898,WLNM_dir_neg,1,0.5,00:00:02,10,20,50,1980863023,threshold_sweep,0.7,1,1,1,2,0,0,4,1,1,0,0,1,1,1,1,0.555555555556,1,1,1,37,35,2,0,37,0,35,0,2,17,37,0.136029411765,1.88235294118,4.35294117647,3.36363636364,2.84615384615,1.69341284359,0.389027274878,0.193958664547,2.09866904602,0.964253345467,0.518282988871,1.87867287326,0.863174022847,0.470588235294,0.786197569093,0.41766745858,2.25,1.88235294118,0.786197569093,2.25,0.166339869281,0.0612244897959,3,0.00441176470588,0.185952380952,17,17,17,1,0,0.352941176471,0.411764705882,0.235294117647,17,0.128676470588,1.90196078431,4.11764705882,3.18181818182,2.69230769231,1.57648156274,0.382859808093,0.201680672269,2.01465221053,0.978545359402,0.524369747899,1.74894926439,0.849489642704,0.463865546218,0.814492905316,0.428238537847,2.33333333333,1.90196078431,0.814492905316,2.33333333333,0,0,0,0,0.164242424242,17,17,17,1,0,0.352941176471,0.411764705882,0.235294117647,17,37,0.136029411765,1.88235294118,4.35294117647,3.36363636364,2.84615384615,1.69341284359,0.389027274878,0.193958664547,2.09866904602,0.964253345467,0.518282988871,1.87867287326,0.863174022847,0.470588235294,0.786197569093,0.41766745858,2.25,1.88235294118,0.786197569093,2.25,0.166339869281,0.0612244897959,3,0.00441176470588,0.185952380952,17,17,17,1,0,0.352941176471,0.411764705882,0.235294117647,0,0,0,0,0,0,0,0,0,0,0,0,0,0,0,0,0,0,0,0,0,0,0,0,0,0,0,0,0,37,0,0,235,1,1,0,0,1,1,1,1,1,1,2,2,0,0,0,0
899,WLNM_dir_neg,1,0.5,00:00:02,10,20,50,1980863023,threshold_sweep,0.8,1,1,1,2,0,0,4,1,1,0,0,1,1,1,1,0.555555555556,1,1,1,37,35,2,0,37,0,35,0,2,17,37,0.136029411765,1.88235294118,4.35294117647,3.36363636364,2.84615384615,1.69341284359,0.389027274878,0.193958664547,2.09866904602,0.964253345467,0.518282988871,1.87867287326,0.863174022847,0.470588235294,0.786197569093,0.41766745858,2.25,1.88235294118,0.786197569093,2.25,0.166339869281,0.0612244897959,3,0.00441176470588,0.185952380952,17,17,17,1,0,0.352941176471,0.411764705882,0.235294117647,17,0.128676470588,1.90196078431,4.11764705882,3.18181818182,2.69230769231,1.57648156274,0.382859808093,0.201680672269,2.01465221053,0.978545359402,0.524369747899,1.74894926439,0.849489642704,0.463865546218,0.814492905316,0.428238537847,2.33333333333,1.90196078431,0.814492905316,2.33333333333,0,0,0,0,0.164242424242,17,17,17,1,0,0.352941176471,0.411764705882,0.235294117647,17,37,0.136029411765,1.88235294118,4.35294117647,3.36363636364,2.84615384615,1.69341284359,0.389027274878,0.193958664547,2.09866904602,0.964253345467,0.518282988871,1.87867287326,0.863174022847,0.470588235294,0.786197569093,0.41766745858,2.25,1.88235294118,0.786197569093,2.25,0.166339869281,0.0612244897959,3,0.00441176470588,0.185952380952,17,17,17,1,0,0.352941176471,0.411764705882,0.235294117647,0,0,0,0,0,0,0,0,0,0,0,0,0,0,0,0,0,0,0,0,0,0,0,0,0,0,0,0,0,37,0,0,235,1,1,0,0,1,1,1,1,1,1,2,2,0,0,0,0
900,WLNM_dir_neg,1,0.5,00:00:02,10,20,50,1980863023,threshold_sweep,0.9,1,1,1,2,0,0,4,1,1,0,0,1,1,1,1,0.555555555556,1,1,1,37,35,2,0,37,0,35,0,2,17,37,0.136029411765,1.88235294118,4.35294117647,3.36363636364,2.84615384615,1.69341284359,0.389027274878,0.193958664547,2.09866904602,0.964253345467,0.518282988871,1.87867287326,0.863174022847,0.470588235294,0.786197569093,0.41766745858,2.25,1.88235294118,0.786197569093,2.25,0.166339869281,0.0612244897959,3,0.00441176470588,0.185952380952,17,17,17,1,0,0.352941176471,0.411764705882,0.235294117647,17,0.128676470588,1.90196078431,4.11764705882,3.18181818182,2.69230769231,1.57648156274,0.382859808093,0.201680672269,2.01465221053,0.978545359402,0.524369747899,1.74894926439,0.849489642704,0.463865546218,0.814492905316,0.428238537847,2.33333333333,1.90196078431,0.814492905316,2.33333333333,0,0,0,0,0.164242424242,17,17,17,1,0,0.352941176471,0.411764705882,0.235294117647,17,37,0.136029411765,1.88235294118,4.35294117647,3.36363636364,2.84615384615,1.69341284359,0.389027274878,0.193958664547,2.09866904602,0.964253345467,0.518282988871,1.87867287326,0.863174022847,0.470588235294,0.786197569093,0.41766745858,2.25,1.88235294118,0.786197569093,2.25,0.166339869281,0.0612244897959,3,0.00441176470588,0.185952380952,17,17,17,1,0,0.352941176471,0.411764705882,0.235294117647,0,0,0,0,0,0,0,0,0,0,0,0,0,0,0,0,0,0,0,0,0,0,0,0,0,0,0,0,0,37,0,0,235,1,1,0,0,1,1,1,1,1,1,2,2,0,0,0,0
901,WLNM_dir_neg,1,0.5,00:00:01,10,30,1,1981780274,threshold_sweep,0.1,1,1,1,2,0,0,4,1,1,0,0,1,1,1,1,0.555555555556,1,1,1,37,35,2,0,37,0,35,0,2,17,37,0.136029411765,1.88235294118,4.35294117647,3.36363636364,2.84615384615,1.69341284359,0.389027274878,0.193958664547,2.09866904602,0.964253345467,0.518282988871,1.87867287326,0.863174022847,0.470588235294,0.786197569093,0.41766745858,2.25,1.88235294118,0.786197569093,2.25,0.166339869281,0.0612244897959,3,0.00441176470588,0.185952380952,17,17,17,1,0,0.352941176471,0.411764705882,0.235294117647,17,0.128676470588,1.90196078431,4.11764705882,3.18181818182,2.69230769231,1.57648156274,0.382859808093,0.201680672269,2.01465221053,0.978545359402,0.524369747899,1.74894926439,0.849489642704,0.463865546218,0.814492905316,0.428238537847,2.33333333333,1.90196078431,0.814492905316,2.33333333333,0,0,0,0,0.164242424242,17,17,17,1,0,0.352941176471,0.411764705882,0.235294117647,17,37,0.136029411765,1.88235294118,4.35294117647,3.36363636364,2.84615384615,1.69341284359,0.389027274878,0.193958664547,2.09866904602,0.964253345467,0.518282988871,1.87867287326,0.863174022847,0.470588235294,0.786197569093,0.41766745858,2.25,1.88235294118,0.786197569093,2.25,0.166339869281,0.0612244897959,3,0.00441176470588,0.185952380952,17,17,17,1,0,0.352941176471,0.411764705882,0.235294117647,0,0,0,0,0,0,0,0,0,0,0,0,0,0,0,0,0,0,0,0,0,0,0,0,0,0,0,0,0,37,0,0,235,1,1,0,0,1,1,1,1,1,1,2,2,0,0,0,0
902,WLNM_dir_neg,1,0.5,00:00:01,10,30,1,1981780274,threshold_sweep,0.2,1,1,1,2,0,0,4,1,1,0,0,1,1,1,1,0.555555555556,1,1,1,37,35,2,0,37,0,35,0,2,17,37,0.136029411765,1.88235294118,4.35294117647,3.36363636364,2.84615384615,1.69341284359,0.389027274878,0.193958664547,2.09866904602,0.964253345467,0.518282988871,1.87867287326,0.863174022847,0.470588235294,0.786197569093,0.41766745858,2.25,1.88235294118,0.786197569093,2.25,0.166339869281,0.0612244897959,3,0.00441176470588,0.185952380952,17,17,17,1,0,0.352941176471,0.411764705882,0.235294117647,17,0.128676470588,1.90196078431,4.11764705882,3.18181818182,2.69230769231,1.57648156274,0.382859808093,0.201680672269,2.01465221053,0.978545359402,0.524369747899,1.74894926439,0.849489642704,0.463865546218,0.814492905316,0.428238537847,2.33333333333,1.90196078431,0.814492905316,2.33333333333,0,0,0,0,0.164242424242,17,17,17,1,0,0.352941176471,0.411764705882,0.235294117647,17,37,0.136029411765,1.88235294118,4.35294117647,3.36363636364,2.84615384615,1.69341284359,0.389027274878,0.193958664547,2.09866904602,0.964253345467,0.518282988871,1.87867287326,0.863174022847,0.470588235294,0.786197569093,0.41766745858,2.25,1.88235294118,0.786197569093,2.25,0.166339869281,0.0612244897959,3,0.00441176470588,0.185952380952,17,17,17,1,0,0.352941176471,0.411764705882,0.235294117647,0,0,0,0,0,0,0,0,0,0,0,0,0,0,0,0,0,0,0,0,0,0,0,0,0,0,0,0,0,37,0,0,235,1,1,0,0,1,1,1,1,1,1,2,2,0,0,0,0
903,WLNM_dir_neg,1,0.5,00:00:01,10,30,1,1981780274,threshold_sweep,0.3,1,1,1,2,0,0,4,1,1,0,0,1,1,1,1,0.555555555556,1,1,1,37,35,2,0,37,0,35,0,2,17,37,0.136029411765,1.88235294118,4.35294117647,3.36363636364,2.84615384615,1.69341284359,0.389027274878,0.193958664547,2.09866904602,0.964253345467,0.518282988871,1.87867287326,0.863174022847,0.470588235294,0.786197569093,0.41766745858,2.25,1.88235294118,0.786197569093,2.25,0.166339869281,0.0612244897959,3,0.00441176470588,0.185952380952,17,17,17,1,0,0.352941176471,0.411764705882,0.235294117647,17,0.128676470588,1.90196078431,4.11764705882,3.18181818182,2.69230769231,1.57648156274,0.382859808093,0.201680672269,2.01465221053,0.978545359402,0.524369747899,1.74894926439,0.849489642704,0.463865546218,0.814492905316,0.428238537847,2.33333333333,1.90196078431,0.814492905316,2.33333333333,0,0,0,0,0.164242424242,17,17,17,1,0,0.352941176471,0.411764705882,0.235294117647,17,37,0.136029411765,1.88235294118,4.35294117647,3.36363636364,2.84615384615,1.69341284359,0.389027274878,0.193958664547,2.09866904602,0.964253345467,0.518282988871,1.87867287326,0.863174022847,0.470588235294,0.786197569093,0.41766745858,2.25,1.88235294118,0.786197569093,2.25,0.166339869281,0.0612244897959,3,0.00441176470588,0.185952380952,17,17,17,1,0,0.352941176471,0.411764705882,0.235294117647,0,0,0,0,0,0,0,0,0,0,0,0,0,0,0,0,0,0,0,0,0,0,0,0,0,0,0,0,0,37,0,0,235,1,1,0,0,1,1,1,1,1,1,2,2,0,0,0,0
904,WLNM_dir_neg,1,0.5,00:00:01,10,30,1,1981780274,threshold_sweep,0.4,1,1,1,2,0,0,4,1,1,0,0,1,1,1,1,0.555555555556,1,1,1,37,35,2,0,37,0,35,0,2,17,37,0.136029411765,1.88235294118,4.35294117647,3.36363636364,2.84615384615,1.69341284359,0.389027274878,0.193958664547,2.09866904602,0.964253345467,0.518282988871,1.87867287326,0.863174022847,0.470588235294,0.786197569093,0.41766745858,2.25,1.88235294118,0.786197569093,2.25,0.166339869281,0.0612244897959,3,0.00441176470588,0.185952380952,17,17,17,1,0,0.352941176471,0.411764705882,0.235294117647,17,0.128676470588,1.90196078431,4.11764705882,3.18181818182,2.69230769231,1.57648156274,0.382859808093,0.201680672269,2.01465221053,0.978545359402,0.524369747899,1.74894926439,0.849489642704,0.463865546218,0.814492905316,0.428238537847,2.33333333333,1.90196078431,0.814492905316,2.33333333333,0,0,0,0,0.164242424242,17,17,17,1,0,0.352941176471,0.411764705882,0.235294117647,17,37,0.136029411765,1.88235294118,4.35294117647,3.36363636364,2.84615384615,1.69341284359,0.389027274878,0.193958664547,2.09866904602,0.964253345467,0.518282988871,1.87867287326,0.863174022847,0.470588235294,0.786197569093,0.41766745858,2.25,1.88235294118,0.786197569093,2.25,0.166339869281,0.0612244897959,3,0.00441176470588,0.185952380952,17,17,17,1,0,0.352941176471,0.411764705882,0.235294117647,0,0,0,0,0,0,0,0,0,0,0,0,0,0,0,0,0,0,0,0,0,0,0,0,0,0,0,0,0,37,0,0,235,1,1,0,0,1,1,1,1,1,1,2,2,0,0,0,0
905,WLNM_dir_neg,1,0.5,00:00:01,10,30,1,1981780274,threshold_sweep,0.5,1,1,1,2,0,0,4,1,1,0,0,1,1,1,1,0.555555555556,1,1,1,37,35,2,0,37,0,35,0,2,17,37,0.136029411765,1.88235294118,4.35294117647,3.36363636364,2.84615384615,1.69341284359,0.389027274878,0.193958664547,2.09866904602,0.964253345467,0.518282988871,1.87867287326,0.863174022847,0.470588235294,0.786197569093,0.41766745858,2.25,1.88235294118,0.786197569093,2.25,0.166339869281,0.0612244897959,3,0.00441176470588,0.185952380952,17,17,17,1,0,0.352941176471,0.411764705882,0.235294117647,17,0.128676470588,1.90196078431,4.11764705882,3.18181818182,2.69230769231,1.57648156274,0.382859808093,0.201680672269,2.01465221053,0.978545359402,0.524369747899,1.74894926439,0.849489642704,0.463865546218,0.814492905316,0.428238537847,2.33333333333,1.90196078431,0.814492905316,2.33333333333,0,0,0,0,0.164242424242,17,17,17,1,0,0.352941176471,0.411764705882,0.235294117647,17,37,0.136029411765,1.88235294118,4.35294117647,3.36363636364,2.84615384615,1.69341284359,0.389027274878,0.193958664547,2.09866904602,0.964253345467,0.518282988871,1.87867287326,0.863174022847,0.470588235294,0.786197569093,0.41766745858,2.25,1.88235294118,0.786197569093,2.25,0.166339869281,0.0612244897959,3,0.00441176470588,0.185952380952,17,17,17,1,0,0.352941176471,0.411764705882,0.235294117647,0,0,0,0,0,0,0,0,0,0,0,0,0,0,0,0,0,0,0,0,0,0,0,0,0,0,0,0,0,37,0,0,235,1,1,0,0,1,1,1,1,1,1,2,2,0,0,0,0
906,WLNM_dir_neg,1,0.5,00:00:01,10,30,1,1981780274,threshold_sweep,0.6,1,1,1,2,0,0,4,1,1,0,0,1,1,1,1,0.555555555556,1,1,1,37,35,2,0,37,0,35,0,2,17,37,0.136029411765,1.88235294118,4.35294117647,3.36363636364,2.84615384615,1.69341284359,0.389027274878,0.193958664547,2.09866904602,0.964253345467,0.518282988871,1.87867287326,0.863174022847,0.470588235294,0.786197569093,0.41766745858,2.25,1.88235294118,0.786197569093,2.25,0.166339869281,0.0612244897959,3,0.00441176470588,0.185952380952,17,17,17,1,0,0.352941176471,0.411764705882,0.235294117647,17,0.128676470588,1.90196078431,4.11764705882,3.18181818182,2.69230769231,1.57648156274,0.382859808093,0.201680672269,2.01465221053,0.978545359402,0.524369747899,1.74894926439,0.849489642704,0.463865546218,0.814492905316,0.428238537847,2.33333333333,1.90196078431,0.814492905316,2.33333333333,0,0,0,0,0.164242424242,17,17,17,1,0,0.352941176471,0.411764705882,0.235294117647,17,37,0.136029411765,1.88235294118,4.35294117647,3.36363636364,2.84615384615,1.69341284359,0.389027274878,0.193958664547,2.09866904602,0.964253345467,0.518282988871,1.87867287326,0.863174022847,0.470588235294,0.786197569093,0.41766745858,2.25,1.88235294118,0.786197569093,2.25,0.166339869281,0.0612244897959,3,0.00441176470588,0.185952380952,17,17,17,1,0,0.352941176471,0.411764705882,0.235294117647,0,0,0,0,0,0,0,0,0,0,0,0,0,0,0,0,0,0,0,0,0,0,0,0,0,0,0,0,0,37,0,0,235,1,1,0,0,1,1,1,1,1,1,2,2,0,0,0,0
907,WLNM_dir_neg,1,0.5,00:00:01,10,30,1,1981780274,threshold_sweep,0.7,1,1,1,2,0,0,4,1,1,0,0,1,1,1,1,0.555555555556,1,1,1,37,35,2,0,37,0,35,0,2,17,37,0.136029411765,1.88235294118,4.35294117647,3.36363636364,2.84615384615,1.69341284359,0.389027274878,0.193958664547,2.09866904602,0.964253345467,0.518282988871,1.87867287326,0.863174022847,0.470588235294,0.786197569093,0.41766745858,2.25,1.88235294118,0.786197569093,2.25,0.166339869281,0.0612244897959,3,0.00441176470588,0.185952380952,17,17,17,1,0,0.352941176471,0.411764705882,0.235294117647,17,0.128676470588,1.90196078431,4.11764705882,3.18181818182,2.69230769231,1.57648156274,0.382859808093,0.201680672269,2.01465221053,0.978545359402,0.524369747899,1.74894926439,0.849489642704,0.463865546218,0.814492905316,0.428238537847,2.33333333333,1.90196078431,0.814492905316,2.33333333333,0,0,0,0,0.164242424242,17,17,17,1,0,0.352941176471,0.411764705882,0.235294117647,17,37,0.136029411765,1.88235294118,4.35294117647,3.36363636364,2.84615384615,1.69341284359,0.389027274878,0.193958664547,2.09866904602,0.964253345467,0.518282988871,1.87867287326,0.863174022847,0.470588235294,0.786197569093,0.41766745858,2.25,1.88235294118,0.786197569093,2.25,0.166339869281,0.0612244897959,3,0.00441176470588,0.185952380952,17,17,17,1,0,0.352941176471,0.411764705882,0.235294117647,0,0,0,0,0,0,0,0,0,0,0,0,0,0,0,0,0,0,0,0,0,0,0,0,0,0,0,0,0,37,0,0,235,1,1,0,0,1,1,1,1,1,1,2,2,0,0,0,0
908,WLNM_dir_neg,1,0.5,00:00:01,10,30,1,1981780274,threshold_sweep,0.8,1,1,1,2,0,0,4,1,1,0,0,1,1,1,1,0.555555555556,1,1,1,37,35,2,0,37,0,35,0,2,17,37,0.136029411765,1.88235294118,4.35294117647,3.36363636364,2.84615384615,1.69341284359,0.389027274878,0.193958664547,2.09866904602,0.964253345467,0.518282988871,1.87867287326,0.863174022847,0.470588235294,0.786197569093,0.41766745858,2.25,1.88235294118,0.786197569093,2.25,0.166339869281,0.0612244897959,3,0.00441176470588,0.185952380952,17,17,17,1,0,0.352941176471,0.411764705882,0.235294117647,17,0.128676470588,1.90196078431,4.11764705882,3.18181818182,2.69230769231,1.57648156274,0.382859808093,0.201680672269,2.01465221053,0.978545359402,0.524369747899,1.74894926439,0.849489642704,0.463865546218,0.814492905316,0.428238537847,2.33333333333,1.90196078431,0.814492905316,2.33333333333,0,0,0,0,0.164242424242,17,17,17,1,0,0.352941176471,0.411764705882,0.235294117647,17,37,0.136029411765,1.88235294118,4.35294117647,3.36363636364,2.84615384615,1.69341284359,0.389027274878,0.193958664547,2.09866904602,0.964253345467,0.518282988871,1.87867287326,0.863174022847,0.470588235294,0.786197569093,0.41766745858,2.25,1.88235294118,0.786197569093,2.25,0.166339869281,0.0612244897959,3,0.00441176470588,0.185952380952,17,17,17,1,0,0.352941176471,0.411764705882,0.235294117647,0,0,0,0,0,0,0,0,0,0,0,0,0,0,0,0,0,0,0,0,0,0,0,0,0,0,0,0,0,37,0,0,235,1,1,0,0,1,1,1,1,1,1,2,2,0,0,0,0
909,WLNM_dir_neg,1,0.5,00:00:01,10,30,1,1981780274,threshold_sweep,0.9,1,1,1,2,0,0,4,1,1,0,0,1,1,1,1,0.555555555556,1,1,1,37,35,2,0,37,0,35,0,2,17,37,0.136029411765,1.88235294118,4.35294117647,3.36363636364,2.84615384615,1.69341284359,0.389027274878,0.193958664547,2.09866904602,0.964253345467,0.518282988871,1.87867287326,0.863174022847,0.470588235294,0.786197569093,0.41766745858,2.25,1.88235294118,0.786197569093,2.25,0.166339869281,0.0612244897959,3,0.00441176470588,0.185952380952,17,17,17,1,0,0.352941176471,0.411764705882,0.235294117647,17,0.128676470588,1.90196078431,4.11764705882,3.18181818182,2.69230769231,1.57648156274,0.382859808093,0.201680672269,2.01465221053,0.978545359402,0.524369747899,1.74894926439,0.849489642704,0.463865546218,0.814492905316,0.428238537847,2.33333333333,1.90196078431,0.814492905316,2.33333333333,0,0,0,0,0.164242424242,17,17,17,1,0,0.352941176471,0.411764705882,0.235294117647,17,37,0.136029411765,1.88235294118,4.35294117647,3.36363636364,2.84615384615,1.69341284359,0.389027274878,0.193958664547,2.09866904602,0.964253345467,0.518282988871,1.87867287326,0.863174022847,0.470588235294,0.786197569093,0.41766745858,2.25,1.88235294118,0.786197569093,2.25,0.166339869281,0.0612244897959,3,0.00441176470588,0.185952380952,17,17,17,1,0,0.352941176471,0.411764705882,0.235294117647,0,0,0,0,0,0,0,0,0,0,0,0,0,0,0,0,0,0,0,0,0,0,0,0,0,0,0,0,0,37,0,0,235,1,1,0,0,1,1,1,1,1,1,2,2,0,0,0,0
910,WLNM_dir_neg,1,0.5,00:00:01,10,30,2,1981780275,threshold_sweep,0.1,0.666666666667,1,0.8,2,1,0,3,1,0.75,0.25,0,0.666666666667,1,0.8,0.833333333333,0.5,0.666666666667,0.707106781187,0.75,37,35,2,0,37,0,35,0,2,17,37,0.136029411765,1.88235294118,4.35294117647,3.36363636364,2.84615384615,1.69341284359,0.389027274878,0.193958664547,2.09866904602,0.964253345467,0.518282988871,1.87867287326,0.863174022847,0.470588235294,0.786197569093,0.41766745858,2.25,1.88235294118,0.786197569093,2.25,0.166339869281,0.0612244897959,3,0.00441176470588,0.185952380952,17,17,17,1,0,0.352941176471,0.411764705882,0.235294117647,17,0.128676470588,1.90196078431,4.11764705882,3.18181818182,2.69230769231,1.57648156274,0.382859808093,0.201680672269,2.01465221053,0.978545359402,0.524369747899,1.74894926439,0.849489642704,0.463865546218,0.814492905316,0.428238537847,2.33333333333,1.90196078431,0.814492905316,2.33333333333,0,0,0,0,0.164242424242,17,17,17,1,0,0.352941176471,0.411764705882,0.235294117647,17,38,0.139705882353,1.87941176471,4.47058823529,3.45454545455,2.71428571429,1.73629084037,0.388380845872,0.198142414861,2.16591238756,0.968960804961,0.517027863777,1.82103719638,0.814674535221,0.442724458204,0.780836655359,0.415468642914,2.2,1.87941176471,0.780836655359,2.2,0.162418300654,0.0576923076923,3,0.00441176470588,0.182878787879,17,17,17,1,0,0.352941176471,0.470588235294,0.176470588235,1,0.00367647058824,-0.00294117647059,0.117647058824,0.0909090909091,-0.131868131868,0.0428779967836,-0.000646429005719,0.00418375031378,0.0672433415445,0.00470745949447,-0.00125512509413,-0.0576356768785,-0.0484994876259,-0.0278637770898,-0.00536091373311,-0.00219881566616,-0.05,-0.00294117647059,-0.00536091373311,-0.05,-0.00392156862745,-0.00353218210361,0,0,-0.00307359307359,0,0.0588235294118,-0.0588235294118,37,1,0,234,1,0.995744680851,0.00425531914894,0,0.973684210526,1,0.986666666667,0.984652666406,0.995744680851,0.973684210526,3,2,0,0,0,0
911,WLNM_dir_neg,1,0.5,00:00:01,10,30,2,1981780275,threshold_sweep,0.2,0.666666666667,1,0.8,2,1,0,3,1,0.75,0.25,0,0.666666666667,1,0.8,0.833333333333,0.5,0.666666666667,0.707106781187,0.75,37,35,2,0,37,0,35,0,2,17,37,0.136029411765,1.88235294118,4.35294117647,3.36363636364,2.84615384615,1.69341284359,0.389027274878,0.193958664547,2.09866904602,0.964253345467,0.518282988871,1.87867287326,0.863174022847,0.470588235294,0.786197569093,0.41766745858,2.25,1.88235294118,0.786197569093,2.25,0.166339869281,0.0612244897959,3,0.00441176470588,0.185952380952,17,17,17,1,0,0.352941176471,0.411764705882,0.235294117647,17,0.128676470588,1.90196078431,4.11764705882,3.18181818182,2.69230769231,1.57648156274,0.382859808093,0.201680672269,2.01465221053,0.978545359402,0.524369747899,1.74894926439,0.849489642704,0.463865546218,0.814492905316,0.428238537847,2.33333333333,1.90196078431,0.814492905316,2.33333333333,0,0,0,0,0.164242424242,17,17,17,1,0,0.352941176471,0.411764705882,0.235294117647,17,38,0.139705882353,1.87941176471,4.47058823529,3.45454545455,2.71428571429,1.73629084037,0.388380845872,0.198142414861,2.16591238756,0.968960804961,0.517027863777,1.82103719638,0.814674535221,0.442724458204,0.780836655359,0.415468642914,2.2,1.87941176471,0.780836655359,2.2,0.162418300654,0.0576923076923,3,0.00441176470588,0.182878787879,17,17,17,1,0,0.352941176471,0.470588235294,0.176470588235,1,0.00367647058824,-0.00294117647059,0.117647058824,0.0909090909091,-0.131868131868,0.0428779967836,-0.000646429005719,0.00418375031378,0.0672433415445,0.00470745949447,-0.00125512509413,-0.0576356768785,-0.0484994876259,-0.0278637770898,-0.00536091373311,-0.00219881566616,-0.05,-0.00294117647059,-0.00536091373311,-0.05,-0.00392156862745,-0.00353218210361,0,0,-0.00307359307359,0,0.0588235294118,-0.0588235294118,37,1,0,234,1,0.995744680851,0.00425531914894,0,0.973684210526,1,0.986666666667,0.984652666406,0.995744680851,0.973684210526,3,2,0,0,0,0
912,WLNM_dir_neg,1,0.5,00:00:01,10,30,2,1981780275,threshold_sweep,0.3,0.666666666667,1,0.8,2,1,0,3,1,0.75,0.25,0,0.666666666667,1,0.8,0.833333333333,0.5,0.666666666667,0.707106781187,0.75,37,35,2,0,37,0,35,0,2,17,37,0.136029411765,1.88235294118,4.35294117647,3.36363636364,2.84615384615,1.69341284359,0.389027274878,0.193958664547,2.09866904602,0.964253345467,0.518282988871,1.87867287326,0.863174022847,0.470588235294,0.786197569093,0.41766745858,2.25,1.88235294118,0.786197569093,2.25,0.166339869281,0.0612244897959,3,0.00441176470588,0.185952380952,17,17,17,1,0,0.352941176471,0.411764705882,0.235294117647,17,0.128676470588,1.90196078431,4.11764705882,3.18181818182,2.69230769231,1.57648156274,0.382859808093,0.201680672269,2.01465221053,0.978545359402,0.524369747899,1.74894926439,0.849489642704,0.463865546218,0.814492905316,0.428238537847,2.33333333333,1.90196078431,0.814492905316,2.33333333333,0,0,0,0,0.164242424242,17,17,17,1,0,0.352941176471,0.411764705882,0.235294117647,17,38,0.139705882353,1.87941176471,4.47058823529,3.45454545455,2.71428571429,1.73629084037,0.388380845872,0.198142414861,2.16591238756,0.968960804961,0.517027863777,1.82103719638,0.814674535221,0.442724458204,0.780836655359,0.415468642914,2.2,1.87941176471,0.780836655359,2.2,0.162418300654,0.0576923076923,3,0.00441176470588,0.182878787879,17,17,17,1,0,0.352941176471,0.470588235294,0.176470588235,1,0.00367647058824,-0.00294117647059,0.117647058824,0.0909090909091,-0.131868131868,0.0428779967836,-0.000646429005719,0.00418375031378,0.0672433415445,0.00470745949447,-0.00125512509413,-0.0576356768785,-0.0484994876259,-0.0278637770898,-0.00536091373311,-0.00219881566616,-0.05,-0.00294117647059,-0.00536091373311,-0.05,-0.00392156862745,-0.00353218210361,0,0,-0.00307359307359,0,0.0588235294118,-0.0588235294118,37,1,0,234,1,0.995744680851,0.00425531914894,0,0.973684210526,1,0.986666666667,0.984652666406,0.995744680851,0.973684210526,3,2,0,0,0,0
913,WLNM_dir_neg,1,0.5,00:00:01,10,30,2,1981780275,threshold_sweep,0.4,0.666666666667,1,0.8,2,1,0,3,1,0.75,0.25,0,0.666666666667,1,0.8,0.833333333333,0.5,0.666666666667,0.707106781187,0.75,37,35,2,0,37,0,35,0,2,17,37,0.136029411765,1.88235294118,4.35294117647,3.36363636364,2.84615384615,1.69341284359,0.389027274878,0.193958664547,2.09866904602,0.964253345467,0.518282988871,1.87867287326,0.863174022847,0.470588235294,0.786197569093,0.41766745858,2.25,1.88235294118,0.786197569093,2.25,0.166339869281,0.0612244897959,3,0.00441176470588,0.185952380952,17,17,17,1,0,0.352941176471,0.411764705882,0.235294117647,17,0.128676470588,1.90196078431,4.11764705882,3.18181818182,2.69230769231,1.57648156274,0.382859808093,0.201680672269,2.01465221053,0.978545359402,0.524369747899,1.74894926439,0.849489642704,0.463865546218,0.814492905316,0.428238537847,2.33333333333,1.90196078431,0.814492905316,2.33333333333,0,0,0,0,0.164242424242,17,17,17,1,0,0.352941176471,0.411764705882,0.235294117647,17,38,0.139705882353,1.87941176471,4.47058823529,3.45454545455,2.71428571429,1.73629084037,0.388380845872,0.198142414861,2.16591238756,0.968960804961,0.517027863777,1.82103719638,0.814674535221,0.442724458204,0.780836655359,0.415468642914,2.2,1.87941176471,0.780836655359,2.2,0.162418300654,0.0576923076923,3,0.00441176470588,0.182878787879,17,17,17,1,0,0.352941176471,0.470588235294,0.176470588235,1,0.00367647058824,-0.00294117647059,0.117647058824,0.0909090909091,-0.131868131868,0.0428779967836,-0.000646429005719,0.00418375031378,0.0672433415445,0.00470745949447,-0.00125512509413,-0.0576356768785,-0.0484994876259,-0.0278637770898,-0.00536091373311,-0.00219881566616,-0.05,-0.00294117647059,-0.00536091373311,-0.05,-0.00392156862745,-0.00353218210361,0,0,-0.00307359307359,0,0.0588235294118,-0.0588235294118,37,1,0,234,1,0.995744680851,0.00425531914894,0,0.973684210526,1,0.986666666667,0.984652666406,0.995744680851,0.973684210526,3,2,0,0,0,0
914,WLNM_dir_neg,1,0.5,00:00:01,10,30,2,1981780275,threshold_sweep,0.5,0.666666666667,1,0.8,2,1,0,3,1,0.75,0.25,0,0.666666666667,1,0.8,0.833333333333,0.5,0.666666666667,0.707106781187,0.75,37,35,2,0,37,0,35,0,2,17,37,0.136029411765,1.88235294118,4.35294117647,3.36363636364,2.84615384615,1.69341284359,0.389027274878,0.193958664547,2.09866904602,0.964253345467,0.518282988871,1.87867287326,0.863174022847,0.470588235294,0.786197569093,0.41766745858,2.25,1.88235294118,0.786197569093,2.25,0.166339869281,0.0612244897959,3,0.00441176470588,0.185952380952,17,17,17,1,0,0.352941176471,0.411764705882,0.235294117647,17,0.128676470588,1.90196078431,4.11764705882,3.18181818182,2.69230769231,1.57648156274,0.382859808093,0.201680672269,2.01465221053,0.978545359402,0.524369747899,1.74894926439,0.849489642704,0.463865546218,0.814492905316,0.428238537847,2.33333333333,1.90196078431,0.814492905316,2.33333333333,0,0,0,0,0.164242424242,17,17,17,1,0,0.352941176471,0.411764705882,0.235294117647,17,38,0.139705882353,1.87941176471,4.47058823529,3.45454545455,2.71428571429,1.73629084037,0.388380845872,0.198142414861,2.16591238756,0.968960804961,0.517027863777,1.82103719638,0.814674535221,0.442724458204,0.780836655359,0.415468642914,2.2,1.87941176471,0.780836655359,2.2,0.162418300654,0.0576923076923,3,0.00441176470588,0.182878787879,17,17,17,1,0,0.352941176471,0.470588235294,0.176470588235,1,0.00367647058824,-0.00294117647059,0.117647058824,0.0909090909091,-0.131868131868,0.0428779967836,-0.000646429005719,0.00418375031378,0.0672433415445,0.00470745949447,-0.00125512509413,-0.0576356768785,-0.0484994876259,-0.0278637770898,-0.00536091373311,-0.00219881566616,-0.05,-0.00294117647059,-0.00536091373311,-0.05,-0.00392156862745,-0.00353218210361,0,0,-0.00307359307359,0,0.0588235294118,-0.0588235294118,37,1,0,234,1,0.995744680851,0.00425531914894,0,0.973684210526,1,0.986666666667,0.984652666406,0.995744680851,0.973684210526,3,2,0,0,0,0
915,WLNM_dir_neg,1,0.5,00:00:01,10,30,2,1981780275,threshold_sweep,0.6,0.666666666667,1,0.8,2,1,0,3,1,0.75,0.25,0,0.666666666667,1,0.8,0.833333333333,0.5,0.666666666667,0.707106781187,0.75,37,35,2,0,37,0,35,0,2,17,37,0.136029411765,1.88235294118,4.35294117647,3.36363636364,2.84615384615,1.69341284359,0.389027274878,0.193958664547,2.09866904602,0.964253345467,0.518282988871,1.87867287326,0.863174022847,0.470588235294,0.786197569093,0.41766745858,2.25,1.88235294118,0.786197569093,2.25,0.166339869281,0.0612244897959,3,0.00441176470588,0.185952380952,17,17,17,1,0,0.352941176471,0.411764705882,0.235294117647,17,0.128676470588,1.90196078431,4.11764705882,3.18181818182,2.69230769231,1.57648156274,0.382859808093,0.201680672269,2.01465221053,0.978545359402,0.524369747899,1.74894926439,0.849489642704,0.463865546218,0.814492905316,0.428238537847,2.33333333333,1.90196078431,0.814492905316,2.33333333333,0,0,0,0,0.164242424242,17,17,17,1,0,0.352941176471,0.411764705882,0.235294117647,17,38,0.139705882353,1.87941176471,4.47058823529,3.45454545455,2.71428571429,1.73629084037,0.388380845872,0.198142414861,2.16591238756,0.968960804961,0.517027863777,1.82103719638,0.814674535221,0.442724458204,0.780836655359,0.415468642914,2.2,1.87941176471,0.780836655359,2.2,0.162418300654,0.0576923076923,3,0.00441176470588,0.182878787879,17,17,17,1,0,0.352941176471,0.470588235294,0.176470588235,1,0.00367647058824,-0.00294117647059,0.117647058824,0.0909090909091,-0.131868131868,0.0428779967836,-0.000646429005719,0.00418375031378,0.0672433415445,0.00470745949447,-0.00125512509413,-0.0576356768785,-0.0484994876259,-0.0278637770898,-0.00536091373311,-0.00219881566616,-0.05,-0.00294117647059,-0.00536091373311,-0.05,-0.00392156862745,-0.00353218210361,0,0,-0.00307359307359,0,0.0588235294118,-0.0588235294118,37,1,0,234,1,0.995744680851,0.00425531914894,0,0.973684210526,1,0.986666666667,0.984652666406,0.995744680851,0.973684210526,3,2,0,0,0,0
916,WLNM_dir_neg,1,0.5,00:00:01,10,30,2,1981780275,threshold_sweep,0.7,0.666666666667,1,0.8,2,1,0,3,1,0.75,0.25,0,0.666666666667,1,0.8,0.833333333333,0.5,0.666666666667,0.707106781187,0.75,37,35,2,0,37,0,35,0,2,17,37,0.136029411765,1.88235294118,4.35294117647,3.36363636364,2.84615384615,1.69341284359,0.389027274878,0.193958664547,2.09866904602,0.964253345467,0.518282988871,1.87867287326,0.863174022847,0.470588235294,0.786197569093,0.41766745858,2.25,1.88235294118,0.786197569093,2.25,0.166339869281,0.0612244897959,3,0.00441176470588,0.185952380952,17,17,17,1,0,0.352941176471,0.411764705882,0.235294117647,17,0.128676470588,1.90196078431,4.11764705882,3.18181818182,2.69230769231,1.57648156274,0.382859808093,0.201680672269,2.01465221053,0.978545359402,0.524369747899,1.74894926439,0.849489642704,0.463865546218,0.814492905316,0.428238537847,2.33333333333,1.90196078431,0.814492905316,2.33333333333,0,0,0,0,0.164242424242,17,17,17,1,0,0.352941176471,0.411764705882,0.235294117647,17,38,0.139705882353,1.87941176471,4.47058823529,3.45454545455,2.71428571429,1.73629084037,0.388380845872,0.198142414861,2.16591238756,0.968960804961,0.517027863777,1.82103719638,0.814674535221,0.442724458204,0.780836655359,0.415468642914,2.2,1.87941176471,0.780836655359,2.2,0.162418300654,0.0576923076923,3,0.00441176470588,0.182878787879,17,17,17,1,0,0.352941176471,0.470588235294,0.176470588235,1,0.00367647058824,-0.00294117647059,0.117647058824,0.0909090909091,-0.131868131868,0.0428779967836,-0.000646429005719,0.00418375031378,0.0672433415445,0.00470745949447,-0.00125512509413,-0.0576356768785,-0.0484994876259,-0.0278637770898,-0.00536091373311,-0.00219881566616,-0.05,-0.00294117647059,-0.00536091373311,-0.05,-0.00392156862745,-0.00353218210361,0,0,-0.00307359307359,0,0.0588235294118,-0.0588235294118,37,1,0,234,1,0.995744680851,0.00425531914894,0,0.973684210526,1,0.986666666667,0.984652666406,0.995744680851,0.973684210526,3,2,0,0,0,0
917,WLNM_dir_neg,1,0.5,00:00:01,10,30,2,1981780275,threshold_sweep,0.8,0.666666666667,1,0.8,2,1,0,3,1,0.75,0.25,0,0.666666666667,1,0.8,0.833333333333,0.5,0.666666666667,0.707106781187,0.75,37,35,2,0,37,0,35,0,2,17,37,0.136029411765,1.88235294118,4.35294117647,3.36363636364,2.84615384615,1.69341284359,0.389027274878,0.193958664547,2.09866904602,0.964253345467,0.518282988871,1.87867287326,0.863174022847,0.470588235294,0.786197569093,0.41766745858,2.25,1.88235294118,0.786197569093,2.25,0.166339869281,0.0612244897959,3,0.00441176470588,0.185952380952,17,17,17,1,0,0.352941176471,0.411764705882,0.235294117647,17,0.128676470588,1.90196078431,4.11764705882,3.18181818182,2.69230769231,1.57648156274,0.382859808093,0.201680672269,2.01465221053,0.978545359402,0.524369747899,1.74894926439,0.849489642704,0.463865546218,0.814492905316,0.428238537847,2.33333333333,1.90196078431,0.814492905316,2.33333333333,0,0,0,0,0.164242424242,17,17,17,1,0,0.352941176471,0.411764705882,0.235294117647,17,38,0.139705882353,1.87941176471,4.47058823529,3.45454545455,2.71428571429,1.73629084037,0.388380845872,0.198142414861,2.16591238756,0.968960804961,0.517027863777,1.82103719638,0.814674535221,0.442724458204,0.780836655359,0.415468642914,2.2,1.87941176471,0.780836655359,2.2,0.162418300654,0.0576923076923,3,0.00441176470588,0.182878787879,17,17,17,1,0,0.352941176471,0.470588235294,0.176470588235,1,0.00367647058824,-0.00294117647059,0.117647058824,0.0909090909091,-0.131868131868,0.0428779967836,-0.000646429005719,0.00418375031378,0.0672433415445,0.00470745949447,-0.00125512509413,-0.0576356768785,-0.0484994876259,-0.0278637770898,-0.00536091373311,-0.00219881566616,-0.05,-0.00294117647059,-0.00536091373311,-0.05,-0.00392156862745,-0.00353218210361,0,0,-0.00307359307359,0,0.0588235294118,-0.0588235294118,37,1,0,234,1,0.995744680851,0.00425531914894,0,0.973684210526,1,0.986666666667,0.984652666406,0.995744680851,0.973684210526,3,2,0,0,0,0
918,WLNM_dir_neg,1,0.5,00:00:01,10,30,2,1981780275,threshold_sweep,0.9,0.666666666667,1,0.8,2,1,0,3,1,0.75,0.25,0,0.666666666667,1,0.8,0.833333333333,0.5,0.666666666667,0.707106781187,0.75,37,35,2,0,37,0,35,0,2,17,37,0.136029411765,1.88235294118,4.35294117647,3.36363636364,2.84615384615,1.69341284359,0.389027274878,0.193958664547,2.09866904602,0.964253345467,0.518282988871,1.87867287326,0.863174022847,0.470588235294,0.786197569093,0.41766745858,2.25,1.88235294118,0.786197569093,2.25,0.166339869281,0.0612244897959,3,0.00441176470588,0.185952380952,17,17,17,1,0,0.352941176471,0.411764705882,0.235294117647,17,0.128676470588,1.90196078431,4.11764705882,3.18181818182,2.69230769231,1.57648156274,0.382859808093,0.201680672269,2.01465221053,0.978545359402,0.524369747899,1.74894926439,0.849489642704,0.463865546218,0.814492905316,0.428238537847,2.33333333333,1.90196078431,0.814492905316,2.33333333333,0,0,0,0,0.164242424242,17,17,17,1,0,0.352941176471,0.411764705882,0.235294117647,17,38,0.139705882353,1.87941176471,4.47058823529,3.45454545455,2.71428571429,1.73629084037,0.388380845872,0.198142414861,2.16591238756,0.968960804961,0.517027863777,1.82103719638,0.814674535221,0.442724458204,0.780836655359,0.415468642914,2.2,1.87941176471,0.780836655359,2.2,0.162418300654,0.0576923076923,3,0.00441176470588,0.182878787879,17,17,17,1,0,0.352941176471,0.470588235294,0.176470588235,1,0.00367647058824,-0.00294117647059,0.117647058824,0.0909090909091,-0.131868131868,0.0428779967836,-0.000646429005719,0.00418375031378,0.0672433415445,0.00470745949447,-0.00125512509413,-0.0576356768785,-0.0484994876259,-0.0278637770898,-0.00536091373311,-0.00219881566616,-0.05,-0.00294117647059,-0.00536091373311,-0.05,-0.00392156862745,-0.00353218210361,0,0,-0.00307359307359,0,0.0588235294118,-0.0588235294118,37,1,0,234,1,0.995744680851,0.00425531914894,0,0.973684210526,1,0.986666666667,0.984652666406,0.995744680851,0.973684210526,3,2,0,0,0,0
919,WLNM_dir_neg,1,0.5,00:00:01,10,30,3,1981780276,threshold_sweep,0.1,1,1,1,2,0,0,4,1,1,0,0,1,1,1,1,0.555555555556,1,1,1,37,35,2,0,37,0,35,0,2,17,37,0.136029411765,1.88235294118,4.35294117647,3.36363636364,2.84615384615,1.69341284359,0.389027274878,0.193958664547,2.09866904602,0.964253345467,0.518282988871,1.87867287326,0.863174022847,0.470588235294,0.786197569093,0.41766745858,2.25,1.88235294118,0.786197569093,2.25,0.166339869281,0.0612244897959,3,0.00441176470588,0.185952380952,17,17,17,1,0,0.352941176471,0.411764705882,0.235294117647,17,0.128676470588,1.90196078431,4.11764705882,3.18181818182,2.69230769231,1.57648156274,0.382859808093,0.201680672269,2.01465221053,0.978545359402,0.524369747899,1.74894926439,0.849489642704,0.463865546218,0.814492905316,0.428238537847,2.33333333333,1.90196078431,0.814492905316,2.33333333333,0,0,0,0,0.164242424242,17,17,17,1,0,0.352941176471,0.411764705882,0.235294117647,17,37,0.136029411765,1.88235294118,4.35294117647,3.36363636364,2.84615384615,1.69341284359,0.389027274878,0.193958664547,2.09866904602,0.964253345467,0.518282988871,1.87867287326,0.863174022847,0.470588235294,0.786197569093,0.41766745858,2.25,1.88235294118,0.786197569093,2.25,0.166339869281,0.0612244897959,3,0.00441176470588,0.185952380952,17,17,17,1,0,0.352941176471,0.411764705882,0.235294117647,0,0,0,0,0,0,0,0,0,0,0,0,0,0,0,0,0,0,0,0,0,0,0,0,0,0,0,0,0,37,0,0,235,1,1,0,0,1,1,1,1,1,1,2,2,0,0,0,0
920,WLNM_dir_neg,1,0.5,00:00:01,10,30,3,1981780276,threshold_sweep,0.2,1,1,1,2,0,0,4,1,1,0,0,1,1,1,1,0.555555555556,1,1,1,37,35,2,0,37,0,35,0,2,17,37,0.136029411765,1.88235294118,4.35294117647,3.36363636364,2.84615384615,1.69341284359,0.389027274878,0.193958664547,2.09866904602,0.964253345467,0.518282988871,1.87867287326,0.863174022847,0.470588235294,0.786197569093,0.41766745858,2.25,1.88235294118,0.786197569093,2.25,0.166339869281,0.0612244897959,3,0.00441176470588,0.185952380952,17,17,17,1,0,0.352941176471,0.411764705882,0.235294117647,17,0.128676470588,1.90196078431,4.11764705882,3.18181818182,2.69230769231,1.57648156274,0.382859808093,0.201680672269,2.01465221053,0.978545359402,0.524369747899,1.74894926439,0.849489642704,0.463865546218,0.814492905316,0.428238537847,2.33333333333,1.90196078431,0.814492905316,2.33333333333,0,0,0,0,0.164242424242,17,17,17,1,0,0.352941176471,0.411764705882,0.235294117647,17,37,0.136029411765,1.88235294118,4.35294117647,3.36363636364,2.84615384615,1.69341284359,0.389027274878,0.193958664547,2.09866904602,0.964253345467,0.518282988871,1.87867287326,0.863174022847,0.470588235294,0.786197569093,0.41766745858,2.25,1.88235294118,0.786197569093,2.25,0.166339869281,0.0612244897959,3,0.00441176470588,0.185952380952,17,17,17,1,0,0.352941176471,0.411764705882,0.235294117647,0,0,0,0,0,0,0,0,0,0,0,0,0,0,0,0,0,0,0,0,0,0,0,0,0,0,0,0,0,37,0,0,235,1,1,0,0,1,1,1,1,1,1,2,2,0,0,0,0
921,WLNM_dir_neg,1,0.5,00:00:01,10,30,3,1981780276,threshold_sweep,0.3,1,1,1,2,0,0,4,1,1,0,0,1,1,1,1,0.555555555556,1,1,1,37,35,2,0,37,0,35,0,2,17,37,0.136029411765,1.88235294118,4.35294117647,3.36363636364,2.84615384615,1.69341284359,0.389027274878,0.193958664547,2.09866904602,0.964253345467,0.518282988871,1.87867287326,0.863174022847,0.470588235294,0.786197569093,0.41766745858,2.25,1.88235294118,0.786197569093,2.25,0.166339869281,0.0612244897959,3,0.00441176470588,0.185952380952,17,17,17,1,0,0.352941176471,0.411764705882,0.235294117647,17,0.128676470588,1.90196078431,4.11764705882,3.18181818182,2.69230769231,1.57648156274,0.382859808093,0.201680672269,2.01465221053,0.978545359402,0.524369747899,1.74894926439,0.849489642704,0.463865546218,0.814492905316,0.428238537847,2.33333333333,1.90196078431,0.814492905316,2.33333333333,0,0,0,0,0.164242424242,17,17,17,1,0,0.352941176471,0.411764705882,0.235294117647,17,37,0.136029411765,1.88235294118,4.35294117647,3.36363636364,2.84615384615,1.69341284359,0.389027274878,0.193958664547,2.09866904602,0.964253345467,0.518282988871,1.87867287326,0.863174022847,0.470588235294,0.786197569093,0.41766745858,2.25,1.88235294118,0.786197569093,2.25,0.166339869281,0.0612244897959,3,0.00441176470588,0.185952380952,17,17,17,1,0,0.352941176471,0.411764705882,0.235294117647,0,0,0,0,0,0,0,0,0,0,0,0,0,0,0,0,0,0,0,0,0,0,0,0,0,0,0,0,0,37,0,0,235,1,1,0,0,1,1,1,1,1,1,2,2,0,0,0,0
922,WLNM_dir_neg,1,0.5,00:00:01,10,30,3,1981780276,threshold_sweep,0.4,1,1,1,2,0,0,4,1,1,0,0,1,1,1,1,0.555555555556,1,1,1,37,35,2,0,37,0,35,0,2,17,37,0.136029411765,1.88235294118,4.35294117647,3.36363636364,2.84615384615,1.69341284359,0.389027274878,0.193958664547,2.09866904602,0.964253345467,0.518282988871,1.87867287326,0.863174022847,0.470588235294,0.786197569093,0.41766745858,2.25,1.88235294118,0.786197569093,2.25,0.166339869281,0.0612244897959,3,0.00441176470588,0.185952380952,17,17,17,1,0,0.352941176471,0.411764705882,0.235294117647,17,0.128676470588,1.90196078431,4.11764705882,3.18181818182,2.69230769231,1.57648156274,0.382859808093,0.201680672269,2.01465221053,0.978545359402,0.524369747899,1.74894926439,0.849489642704,0.463865546218,0.814492905316,0.428238537847,2.33333333333,1.90196078431,0.814492905316,2.33333333333,0,0,0,0,0.164242424242,17,17,17,1,0,0.352941176471,0.411764705882,0.235294117647,17,37,0.136029411765,1.88235294118,4.35294117647,3.36363636364,2.84615384615,1.69341284359,0.389027274878,0.193958664547,2.09866904602,0.964253345467,0.518282988871,1.87867287326,0.863174022847,0.470588235294,0.786197569093,0.41766745858,2.25,1.88235294118,0.786197569093,2.25,0.166339869281,0.0612244897959,3,0.00441176470588,0.185952380952,17,17,17,1,0,0.352941176471,0.411764705882,0.235294117647,0,0,0,0,0,0,0,0,0,0,0,0,0,0,0,0,0,0,0,0,0,0,0,0,0,0,0,0,0,37,0,0,235,1,1,0,0,1,1,1,1,1,1,2,2,0,0,0,0
923,WLNM_dir_neg,1,0.5,00:00:01,10,30,3,1981780276,threshold_sweep,0.5,1,1,1,2,0,0,4,1,1,0,0,1,1,1,1,0.555555555556,1,1,1,37,35,2,0,37,0,35,0,2,17,37,0.136029411765,1.88235294118,4.35294117647,3.36363636364,2.84615384615,1.69341284359,0.389027274878,0.193958664547,2.09866904602,0.964253345467,0.518282988871,1.87867287326,0.863174022847,0.470588235294,0.786197569093,0.41766745858,2.25,1.88235294118,0.786197569093,2.25,0.166339869281,0.0612244897959,3,0.00441176470588,0.185952380952,17,17,17,1,0,0.352941176471,0.411764705882,0.235294117647,17,0.128676470588,1.90196078431,4.11764705882,3.18181818182,2.69230769231,1.57648156274,0.382859808093,0.201680672269,2.01465221053,0.978545359402,0.524369747899,1.74894926439,0.849489642704,0.463865546218,0.814492905316,0.428238537847,2.33333333333,1.90196078431,0.814492905316,2.33333333333,0,0,0,0,0.164242424242,17,17,17,1,0,0.352941176471,0.411764705882,0.235294117647,17,37,0.136029411765,1.88235294118,4.35294117647,3.36363636364,2.84615384615,1.69341284359,0.389027274878,0.193958664547,2.09866904602,0.964253345467,0.518282988871,1.87867287326,0.863174022847,0.470588235294,0.786197569093,0.41766745858,2.25,1.88235294118,0.786197569093,2.25,0.166339869281,0.0612244897959,3,0.00441176470588,0.185952380952,17,17,17,1,0,0.352941176471,0.411764705882,0.235294117647,0,0,0,0,0,0,0,0,0,0,0,0,0,0,0,0,0,0,0,0,0,0,0,0,0,0,0,0,0,37,0,0,235,1,1,0,0,1,1,1,1,1,1,2,2,0,0,0,0
924,WLNM_dir_neg,1,0.5,00:00:01,10,30,3,1981780276,threshold_sweep,0.6,1,1,1,2,0,0,4,1,1,0,0,1,1,1,1,0.555555555556,1,1,1,37,35,2,0,37,0,35,0,2,17,37,0.136029411765,1.88235294118,4.35294117647,3.36363636364,2.84615384615,1.69341284359,0.389027274878,0.193958664547,2.09866904602,0.964253345467,0.518282988871,1.87867287326,0.863174022847,0.470588235294,0.786197569093,0.41766745858,2.25,1.88235294118,0.786197569093,2.25,0.166339869281,0.0612244897959,3,0.00441176470588,0.185952380952,17,17,17,1,0,0.352941176471,0.411764705882,0.235294117647,17,0.128676470588,1.90196078431,4.11764705882,3.18181818182,2.69230769231,1.57648156274,0.382859808093,0.201680672269,2.01465221053,0.978545359402,0.524369747899,1.74894926439,0.849489642704,0.463865546218,0.814492905316,0.428238537847,2.33333333333,1.90196078431,0.814492905316,2.33333333333,0,0,0,0,0.164242424242,17,17,17,1,0,0.352941176471,0.411764705882,0.235294117647,17,37,0.136029411765,1.88235294118,4.35294117647,3.36363636364,2.84615384615,1.69341284359,0.389027274878,0.193958664547,2.09866904602,0.964253345467,0.518282988871,1.87867287326,0.863174022847,0.470588235294,0.786197569093,0.41766745858,2.25,1.88235294118,0.786197569093,2.25,0.166339869281,0.0612244897959,3,0.00441176470588,0.185952380952,17,17,17,1,0,0.352941176471,0.411764705882,0.235294117647,0,0,0,0,0,0,0,0,0,0,0,0,0,0,0,0,0,0,0,0,0,0,0,0,0,0,0,0,0,37,0,0,235,1,1,0,0,1,1,1,1,1,1,2,2,0,0,0,0
925,WLNM_dir_neg,1,0.5,00:00:01,10,30,3,1981780276,threshold_sweep,0.7,1,1,1,2,0,0,4,1,1,0,0,1,1,1,1,0.555555555556,1,1,1,37,35,2,0,37,0,35,0,2,17,37,0.136029411765,1.88235294118,4.35294117647,3.36363636364,2.84615384615,1.69341284359,0.389027274878,0.193958664547,2.09866904602,0.964253345467,0.518282988871,1.87867287326,0.863174022847,0.470588235294,0.786197569093,0.41766745858,2.25,1.88235294118,0.786197569093,2.25,0.166339869281,0.0612244897959,3,0.00441176470588,0.185952380952,17,17,17,1,0,0.352941176471,0.411764705882,0.235294117647,17,0.128676470588,1.90196078431,4.11764705882,3.18181818182,2.69230769231,1.57648156274,0.382859808093,0.201680672269,2.01465221053,0.978545359402,0.524369747899,1.74894926439,0.849489642704,0.463865546218,0.814492905316,0.428238537847,2.33333333333,1.90196078431,0.814492905316,2.33333333333,0,0,0,0,0.164242424242,17,17,17,1,0,0.352941176471,0.411764705882,0.235294117647,17,37,0.136029411765,1.88235294118,4.35294117647,3.36363636364,2.84615384615,1.69341284359,0.389027274878,0.193958664547,2.09866904602,0.964253345467,0.518282988871,1.87867287326,0.863174022847,0.470588235294,0.786197569093,0.41766745858,2.25,1.88235294118,0.786197569093,2.25,0.166339869281,0.0612244897959,3,0.00441176470588,0.185952380952,17,17,17,1,0,0.352941176471,0.411764705882,0.235294117647,0,0,0,0,0,0,0,0,0,0,0,0,0,0,0,0,0,0,0,0,0,0,0,0,0,0,0,0,0,37,0,0,235,1,1,0,0,1,1,1,1,1,1,2,2,0,0,0,0
926,WLNM_dir_neg,1,0.5,00:00:01,10,30,3,1981780276,threshold_sweep,0.8,1,1,1,2,0,0,4,1,1,0,0,1,1,1,1,0.555555555556,1,1,1,37,35,2,0,37,0,35,0,2,17,37,0.136029411765,1.88235294118,4.35294117647,3.36363636364,2.84615384615,1.69341284359,0.389027274878,0.193958664547,2.09866904602,0.964253345467,0.518282988871,1.87867287326,0.863174022847,0.470588235294,0.786197569093,0.41766745858,2.25,1.88235294118,0.786197569093,2.25,0.166339869281,0.0612244897959,3,0.00441176470588,0.185952380952,17,17,17,1,0,0.352941176471,0.411764705882,0.235294117647,17,0.128676470588,1.90196078431,4.11764705882,3.18181818182,2.69230769231,1.57648156274,0.382859808093,0.201680672269,2.01465221053,0.978545359402,0.524369747899,1.74894926439,0.849489642704,0.463865546218,0.814492905316,0.428238537847,2.33333333333,1.90196078431,0.814492905316,2.33333333333,0,0,0,0,0.164242424242,17,17,17,1,0,0.352941176471,0.411764705882,0.235294117647,17,37,0.136029411765,1.88235294118,4.35294117647,3.36363636364,2.84615384615,1.69341284359,0.389027274878,0.193958664547,2.09866904602,0.964253345467,0.518282988871,1.87867287326,0.863174022847,0.470588235294,0.786197569093,0.41766745858,2.25,1.88235294118,0.786197569093,2.25,0.166339869281,0.0612244897959,3,0.00441176470588,0.185952380952,17,17,17,1,0,0.352941176471,0.411764705882,0.235294117647,0,0,0,0,0,0,0,0,0,0,0,0,0,0,0,0,0,0,0,0,0,0,0,0,0,0,0,0,0,37,0,0,235,1,1,0,0,1,1,1,1,1,1,2,2,0,0,0,0
927,WLNM_dir_neg,1,0.5,00:00:01,10,30,3,1981780276,threshold_sweep,0.9,1,1,1,2,0,0,4,1,1,0,0,1,1,1,1,0.555555555556,1,1,1,37,35,2,0,37,0,35,0,2,17,37,0.136029411765,1.88235294118,4.35294117647,3.36363636364,2.84615384615,1.69341284359,0.389027274878,0.193958664547,2.09866904602,0.964253345467,0.518282988871,1.87867287326,0.863174022847,0.470588235294,0.786197569093,0.41766745858,2.25,1.88235294118,0.786197569093,2.25,0.166339869281,0.0612244897959,3,0.00441176470588,0.185952380952,17,17,17,1,0,0.352941176471,0.411764705882,0.235294117647,17,0.128676470588,1.90196078431,4.11764705882,3.18181818182,2.69230769231,1.57648156274,0.382859808093,0.201680672269,2.01465221053,0.978545359402,0.524369747899,1.74894926439,0.849489642704,0.463865546218,0.814492905316,0.428238537847,2.33333333333,1.90196078431,0.814492905316,2.33333333333,0,0,0,0,0.164242424242,17,17,17,1,0,0.352941176471,0.411764705882,0.235294117647,17,37,0.136029411765,1.88235294118,4.35294117647,3.36363636364,2.84615384615,1.69341284359,0.389027274878,0.193958664547,2.09866904602,0.964253345467,0.518282988871,1.87867287326,0.863174022847,0.470588235294,0.786197569093,0.41766745858,2.25,1.88235294118,0.786197569093,2.25,0.166339869281,0.0612244897959,3,0.00441176470588,0.185952380952,17,17,17,1,0,0.352941176471,0.411764705882,0.235294117647,0,0,0,0,0,0,0,0,0,0,0,0,0,0,0,0,0,0,0,0,0,0,0,0,0,0,0,0,0,37,0,0,235,1,1,0,0,1,1,1,1,1,1,2,2,0,0,0,0
928,WLNM_dir_neg,1,0.5,00:00:01,10,30,4,1981780277,threshold_sweep,0.1,1,1,1,2,0,0,4,1,1,0,0,1,1,1,1,0.555555555556,1,1,1,37,35,2,0,37,0,35,0,2,17,37,0.136029411765,1.88235294118,4.35294117647,3.36363636364,2.84615384615,1.69341284359,0.389027274878,0.193958664547,2.09866904602,0.964253345467,0.518282988871,1.87867287326,0.863174022847,0.470588235294,0.786197569093,0.41766745858,2.25,1.88235294118,0.786197569093,2.25,0.166339869281,0.0612244897959,3,0.00441176470588,0.185952380952,17,17,17,1,0,0.352941176471,0.411764705882,0.235294117647,17,0.128676470588,1.90196078431,4.11764705882,3.18181818182,2.69230769231,1.57648156274,0.382859808093,0.201680672269,2.01465221053,0.978545359402,0.524369747899,1.74894926439,0.849489642704,0.463865546218,0.814492905316,0.428238537847,2.33333333333,1.90196078431,0.814492905316,2.33333333333,0,0,0,0,0.164242424242,17,17,17,1,0,0.352941176471,0.411764705882,0.235294117647,17,37,0.136029411765,1.88235294118,4.35294117647,3.36363636364,2.84615384615,1.69341284359,0.389027274878,0.193958664547,2.09866904602,0.964253345467,0.518282988871,1.87867287326,0.863174022847,0.470588235294,0.786197569093,0.41766745858,2.25,1.88235294118,0.786197569093,2.25,0.166339869281,0.0612244897959,3,0.00441176470588,0.185952380952,17,17,17,1,0,0.352941176471,0.411764705882,0.235294117647,0,0,0,0,0,0,0,0,0,0,0,0,0,0,0,0,0,0,0,0,0,0,0,0,0,0,0,0,0,37,0,0,235,1,1,0,0,1,1,1,1,1,1,2,2,0,0,0,0
929,WLNM_dir_neg,1,0.5,00:00:01,10,30,4,1981780277,threshold_sweep,0.2,1,1,1,2,0,0,4,1,1,0,0,1,1,1,1,0.555555555556,1,1,1,37,35,2,0,37,0,35,0,2,17,37,0.136029411765,1.88235294118,4.35294117647,3.36363636364,2.84615384615,1.69341284359,0.389027274878,0.193958664547,2.09866904602,0.964253345467,0.518282988871,1.87867287326,0.863174022847,0.470588235294,0.786197569093,0.41766745858,2.25,1.88235294118,0.786197569093,2.25,0.166339869281,0.0612244897959,3,0.00441176470588,0.185952380952,17,17,17,1,0,0.352941176471,0.411764705882,0.235294117647,17,0.128676470588,1.90196078431,4.11764705882,3.18181818182,2.69230769231,1.57648156274,0.382859808093,0.201680672269,2.01465221053,0.978545359402,0.524369747899,1.74894926439,0.849489642704,0.463865546218,0.814492905316,0.428238537847,2.33333333333,1.90196078431,0.814492905316,2.33333333333,0,0,0,0,0.164242424242,17,17,17,1,0,0.352941176471,0.411764705882,0.235294117647,17,37,0.136029411765,1.88235294118,4.35294117647,3.36363636364,2.84615384615,1.69341284359,0.389027274878,0.193958664547,2.09866904602,0.964253345467,0.518282988871,1.87867287326,0.863174022847,0.470588235294,0.786197569093,0.41766745858,2.25,1.88235294118,0.786197569093,2.25,0.166339869281,0.0612244897959,3,0.00441176470588,0.185952380952,17,17,17,1,0,0.352941176471,0.411764705882,0.235294117647,0,0,0,0,0,0,0,0,0,0,0,0,0,0,0,0,0,0,0,0,0,0,0,0,0,0,0,0,0,37,0,0,235,1,1,0,0,1,1,1,1,1,1,2,2,0,0,0,0
930,WLNM_dir_neg,1,0.5,00:00:01,10,30,4,1981780277,threshold_sweep,0.3,1,1,1,2,0,0,4,1,1,0,0,1,1,1,1,0.555555555556,1,1,1,37,35,2,0,37,0,35,0,2,17,37,0.136029411765,1.88235294118,4.35294117647,3.36363636364,2.84615384615,1.69341284359,0.389027274878,0.193958664547,2.09866904602,0.964253345467,0.518282988871,1.87867287326,0.863174022847,0.470588235294,0.786197569093,0.41766745858,2.25,1.88235294118,0.786197569093,2.25,0.166339869281,0.0612244897959,3,0.00441176470588,0.185952380952,17,17,17,1,0,0.352941176471,0.411764705882,0.235294117647,17,0.128676470588,1.90196078431,4.11764705882,3.18181818182,2.69230769231,1.57648156274,0.382859808093,0.201680672269,2.01465221053,0.978545359402,0.524369747899,1.74894926439,0.849489642704,0.463865546218,0.814492905316,0.428238537847,2.33333333333,1.90196078431,0.814492905316,2.33333333333,0,0,0,0,0.164242424242,17,17,17,1,0,0.352941176471,0.411764705882,0.235294117647,17,37,0.136029411765,1.88235294118,4.35294117647,3.36363636364,2.84615384615,1.69341284359,0.389027274878,0.193958664547,2.09866904602,0.964253345467,0.518282988871,1.87867287326,0.863174022847,0.470588235294,0.786197569093,0.41766745858,2.25,1.88235294118,0.786197569093,2.25,0.166339869281,0.0612244897959,3,0.00441176470588,0.185952380952,17,17,17,1,0,0.352941176471,0.411764705882,0.235294117647,0,0,0,0,0,0,0,0,0,0,0,0,0,0,0,0,0,0,0,0,0,0,0,0,0,0,0,0,0,37,0,0,235,1,1,0,0,1,1,1,1,1,1,2,2,0,0,0,0
931,WLNM_dir_neg,1,0.5,00:00:01,10,30,4,1981780277,threshold_sweep,0.4,1,1,1,2,0,0,4,1,1,0,0,1,1,1,1,0.555555555556,1,1,1,37,35,2,0,37,0,35,0,2,17,37,0.136029411765,1.88235294118,4.35294117647,3.36363636364,2.84615384615,1.69341284359,0.389027274878,0.193958664547,2.09866904602,0.964253345467,0.518282988871,1.87867287326,0.863174022847,0.470588235294,0.786197569093,0.41766745858,2.25,1.88235294118,0.786197569093,2.25,0.166339869281,0.0612244897959,3,0.00441176470588,0.185952380952,17,17,17,1,0,0.352941176471,0.411764705882,0.235294117647,17,0.128676470588,1.90196078431,4.11764705882,3.18181818182,2.69230769231,1.57648156274,0.382859808093,0.201680672269,2.01465221053,0.978545359402,0.524369747899,1.74894926439,0.849489642704,0.463865546218,0.814492905316,0.428238537847,2.33333333333,1.90196078431,0.814492905316,2.33333333333,0,0,0,0,0.164242424242,17,17,17,1,0,0.352941176471,0.411764705882,0.235294117647,17,37,0.136029411765,1.88235294118,4.35294117647,3.36363636364,2.84615384615,1.69341284359,0.389027274878,0.193958664547,2.09866904602,0.964253345467,0.518282988871,1.87867287326,0.863174022847,0.470588235294,0.786197569093,0.41766745858,2.25,1.88235294118,0.786197569093,2.25,0.166339869281,0.0612244897959,3,0.00441176470588,0.185952380952,17,17,17,1,0,0.352941176471,0.411764705882,0.235294117647,0,0,0,0,0,0,0,0,0,0,0,0,0,0,0,0,0,0,0,0,0,0,0,0,0,0,0,0,0,37,0,0,235,1,1,0,0,1,1,1,1,1,1,2,2,0,0,0,0
932,WLNM_dir_neg,1,0.5,00:00:01,10,30,4,1981780277,threshold_sweep,0.5,1,1,1,2,0,0,4,1,1,0,0,1,1,1,1,0.555555555556,1,1,1,37,35,2,0,37,0,35,0,2,17,37,0.136029411765,1.88235294118,4.35294117647,3.36363636364,2.84615384615,1.69341284359,0.389027274878,0.193958664547,2.09866904602,0.964253345467,0.518282988871,1.87867287326,0.863174022847,0.470588235294,0.786197569093,0.41766745858,2.25,1.88235294118,0.786197569093,2.25,0.166339869281,0.0612244897959,3,0.00441176470588,0.185952380952,17,17,17,1,0,0.352941176471,0.411764705882,0.235294117647,17,0.128676470588,1.90196078431,4.11764705882,3.18181818182,2.69230769231,1.57648156274,0.382859808093,0.201680672269,2.01465221053,0.978545359402,0.524369747899,1.74894926439,0.849489642704,0.463865546218,0.814492905316,0.428238537847,2.33333333333,1.90196078431,0.814492905316,2.33333333333,0,0,0,0,0.164242424242,17,17,17,1,0,0.352941176471,0.411764705882,0.235294117647,17,37,0.136029411765,1.88235294118,4.35294117647,3.36363636364,2.84615384615,1.69341284359,0.389027274878,0.193958664547,2.09866904602,0.964253345467,0.518282988871,1.87867287326,0.863174022847,0.470588235294,0.786197569093,0.41766745858,2.25,1.88235294118,0.786197569093,2.25,0.166339869281,0.0612244897959,3,0.00441176470588,0.185952380952,17,17,17,1,0,0.352941176471,0.411764705882,0.235294117647,0,0,0,0,0,0,0,0,0,0,0,0,0,0,0,0,0,0,0,0,0,0,0,0,0,0,0,0,0,37,0,0,235,1,1,0,0,1,1,1,1,1,1,2,2,0,0,0,0
933,WLNM_dir_neg,1,0.5,00:00:01,10,30,4,1981780277,threshold_sweep,0.6,1,1,1,2,0,0,4,1,1,0,0,1,1,1,1,0.555555555556,1,1,1,37,35,2,0,37,0,35,0,2,17,37,0.136029411765,1.88235294118,4.35294117647,3.36363636364,2.84615384615,1.69341284359,0.389027274878,0.193958664547,2.09866904602,0.964253345467,0.518282988871,1.87867287326,0.863174022847,0.470588235294,0.786197569093,0.41766745858,2.25,1.88235294118,0.786197569093,2.25,0.166339869281,0.0612244897959,3,0.00441176470588,0.185952380952,17,17,17,1,0,0.352941176471,0.411764705882,0.235294117647,17,0.128676470588,1.90196078431,4.11764705882,3.18181818182,2.69230769231,1.57648156274,0.382859808093,0.201680672269,2.01465221053,0.978545359402,0.524369747899,1.74894926439,0.849489642704,0.463865546218,0.814492905316,0.428238537847,2.33333333333,1.90196078431,0.814492905316,2.33333333333,0,0,0,0,0.164242424242,17,17,17,1,0,0.352941176471,0.411764705882,0.235294117647,17,37,0.136029411765,1.88235294118,4.35294117647,3.36363636364,2.84615384615,1.69341284359,0.389027274878,0.193958664547,2.09866904602,0.964253345467,0.518282988871,1.87867287326,0.863174022847,0.470588235294,0.786197569093,0.41766745858,2.25,1.88235294118,0.786197569093,2.25,0.166339869281,0.0612244897959,3,0.00441176470588,0.185952380952,17,17,17,1,0,0.352941176471,0.411764705882,0.235294117647,0,0,0,0,0,0,0,0,0,0,0,0,0,0,0,0,0,0,0,0,0,0,0,0,0,0,0,0,0,37,0,0,235,1,1,0,0,1,1,1,1,1,1,2,2,0,0,0,0
934,WLNM_dir_neg,1,0.5,00:00:01,10,30,4,1981780277,threshold_sweep,0.7,1,1,1,2,0,0,4,1,1,0,0,1,1,1,1,0.555555555556,1,1,1,37,35,2,0,37,0,35,0,2,17,37,0.136029411765,1.88235294118,4.35294117647,3.36363636364,2.84615384615,1.69341284359,0.389027274878,0.193958664547,2.09866904602,0.964253345467,0.518282988871,1.87867287326,0.863174022847,0.470588235294,0.786197569093,0.41766745858,2.25,1.88235294118,0.786197569093,2.25,0.166339869281,0.0612244897959,3,0.00441176470588,0.185952380952,17,17,17,1,0,0.352941176471,0.411764705882,0.235294117647,17,0.128676470588,1.90196078431,4.11764705882,3.18181818182,2.69230769231,1.57648156274,0.382859808093,0.201680672269,2.01465221053,0.978545359402,0.524369747899,1.74894926439,0.849489642704,0.463865546218,0.814492905316,0.428238537847,2.33333333333,1.90196078431,0.814492905316,2.33333333333,0,0,0,0,0.164242424242,17,17,17,1,0,0.352941176471,0.411764705882,0.235294117647,17,37,0.136029411765,1.88235294118,4.35294117647,3.36363636364,2.84615384615,1.69341284359,0.389027274878,0.193958664547,2.09866904602,0.964253345467,0.518282988871,1.87867287326,0.863174022847,0.470588235294,0.786197569093,0.41766745858,2.25,1.88235294118,0.786197569093,2.25,0.166339869281,0.0612244897959,3,0.00441176470588,0.185952380952,17,17,17,1,0,0.352941176471,0.411764705882,0.235294117647,0,0,0,0,0,0,0,0,0,0,0,0,0,0,0,0,0,0,0,0,0,0,0,0,0,0,0,0,0,37,0,0,235,1,1,0,0,1,1,1,1,1,1,2,2,0,0,0,0
935,WLNM_dir_neg,1,0.5,00:00:01,10,30,4,1981780277,threshold_sweep,0.8,1,1,1,2,0,0,4,1,1,0,0,1,1,1,1,0.555555555556,1,1,1,37,35,2,0,37,0,35,0,2,17,37,0.136029411765,1.88235294118,4.35294117647,3.36363636364,2.84615384615,1.69341284359,0.389027274878,0.193958664547,2.09866904602,0.964253345467,0.518282988871,1.87867287326,0.863174022847,0.470588235294,0.786197569093,0.41766745858,2.25,1.88235294118,0.786197569093,2.25,0.166339869281,0.0612244897959,3,0.00441176470588,0.185952380952,17,17,17,1,0,0.352941176471,0.411764705882,0.235294117647,17,0.128676470588,1.90196078431,4.11764705882,3.18181818182,2.69230769231,1.57648156274,0.382859808093,0.201680672269,2.01465221053,0.978545359402,0.524369747899,1.74894926439,0.849489642704,0.463865546218,0.814492905316,0.428238537847,2.33333333333,1.90196078431,0.814492905316,2.33333333333,0,0,0,0,0.164242424242,17,17,17,1,0,0.352941176471,0.411764705882,0.235294117647,17,37,0.136029411765,1.88235294118,4.35294117647,3.36363636364,2.84615384615,1.69341284359,0.389027274878,0.193958664547,2.09866904602,0.964253345467,0.518282988871,1.87867287326,0.863174022847,0.470588235294,0.786197569093,0.41766745858,2.25,1.88235294118,0.786197569093,2.25,0.166339869281,0.0612244897959,3,0.00441176470588,0.185952380952,17,17,17,1,0,0.352941176471,0.411764705882,0.235294117647,0,0,0,0,0,0,0,0,0,0,0,0,0,0,0,0,0,0,0,0,0,0,0,0,0,0,0,0,0,37,0,0,235,1,1,0,0,1,1,1,1,1,1,2,2,0,0,0,0
936,WLNM_dir_neg,1,0.5,00:00:01,10,30,4,1981780277,threshold_sweep,0.9,1,1,1,2,0,0,4,1,1,0,0,1,1,1,1,0.555555555556,1,1,1,37,35,2,0,37,0,35,0,2,17,37,0.136029411765,1.88235294118,4.35294117647,3.36363636364,2.84615384615,1.69341284359,0.389027274878,0.193958664547,2.09866904602,0.964253345467,0.518282988871,1.87867287326,0.863174022847,0.470588235294,0.786197569093,0.41766745858,2.25,1.88235294118,0.786197569093,2.25,0.166339869281,0.0612244897959,3,0.00441176470588,0.185952380952,17,17,17,1,0,0.352941176471,0.411764705882,0.235294117647,17,0.128676470588,1.90196078431,4.11764705882,3.18181818182,2.69230769231,1.57648156274,0.382859808093,0.201680672269,2.01465221053,0.978545359402,0.524369747899,1.74894926439,0.849489642704,0.463865546218,0.814492905316,0.428238537847,2.33333333333,1.90196078431,0.814492905316,2.33333333333,0,0,0,0,0.164242424242,17,17,17,1,0,0.352941176471,0.411764705882,0.235294117647,17,37,0.136029411765,1.88235294118,4.35294117647,3.36363636364,2.84615384615,1.69341284359,0.389027274878,0.193958664547,2.09866904602,0.964253345467,0.518282988871,1.87867287326,0.863174022847,0.470588235294,0.786197569093,0.41766745858,2.25,1.88235294118,0.786197569093,2.25,0.166339869281,0.0612244897959,3,0.00441176470588,0.185952380952,17,17,17,1,0,0.352941176471,0.411764705882,0.235294117647,0,0,0,0,0,0,0,0,0,0,0,0,0,0,0,0,0,0,0,0,0,0,0,0,0,0,0,0,0,37,0,0,235,1,1,0,0,1,1,1,1,1,1,2,2,0,0,0,0
937,WLNM_dir_neg,1,0.5,00:00:01,10,30,5,1981780278,threshold_sweep,0.1,1,1,1,2,0,0,4,1,1,0,0,1,1,1,1,0.555555555556,1,1,1,37,35,2,0,37,0,35,0,2,17,37,0.136029411765,1.88235294118,4.35294117647,3.36363636364,2.84615384615,1.69341284359,0.389027274878,0.193958664547,2.09866904602,0.964253345467,0.518282988871,1.87867287326,0.863174022847,0.470588235294,0.786197569093,0.41766745858,2.25,1.88235294118,0.786197569093,2.25,0.166339869281,0.0612244897959,3,0.00441176470588,0.185952380952,17,17,17,1,0,0.352941176471,0.411764705882,0.235294117647,17,0.128676470588,1.90196078431,4.11764705882,3.18181818182,2.69230769231,1.57648156274,0.382859808093,0.201680672269,2.01465221053,0.978545359402,0.524369747899,1.74894926439,0.849489642704,0.463865546218,0.814492905316,0.428238537847,2.33333333333,1.90196078431,0.814492905316,2.33333333333,0,0,0,0,0.164242424242,17,17,17,1,0,0.352941176471,0.411764705882,0.235294117647,17,37,0.136029411765,1.88235294118,4.35294117647,3.36363636364,2.84615384615,1.69341284359,0.389027274878,0.193958664547,2.09866904602,0.964253345467,0.518282988871,1.87867287326,0.863174022847,0.470588235294,0.786197569093,0.41766745858,2.25,1.88235294118,0.786197569093,2.25,0.166339869281,0.0612244897959,3,0.00441176470588,0.185952380952,17,17,17,1,0,0.352941176471,0.411764705882,0.235294117647,0,0,0,0,0,0,0,0,0,0,0,0,0,0,0,0,0,0,0,0,0,0,0,0,0,0,0,0,0,37,0,0,235,1,1,0,0,1,1,1,1,1,1,2,2,0,0,0,0
938,WLNM_dir_neg,1,0.5,00:00:01,10,30,5,1981780278,threshold_sweep,0.2,1,1,1,2,0,0,4,1,1,0,0,1,1,1,1,0.555555555556,1,1,1,37,35,2,0,37,0,35,0,2,17,37,0.136029411765,1.88235294118,4.35294117647,3.36363636364,2.84615384615,1.69341284359,0.389027274878,0.193958664547,2.09866904602,0.964253345467,0.518282988871,1.87867287326,0.863174022847,0.470588235294,0.786197569093,0.41766745858,2.25,1.88235294118,0.786197569093,2.25,0.166339869281,0.0612244897959,3,0.00441176470588,0.185952380952,17,17,17,1,0,0.352941176471,0.411764705882,0.235294117647,17,0.128676470588,1.90196078431,4.11764705882,3.18181818182,2.69230769231,1.57648156274,0.382859808093,0.201680672269,2.01465221053,0.978545359402,0.524369747899,1.74894926439,0.849489642704,0.463865546218,0.814492905316,0.428238537847,2.33333333333,1.90196078431,0.814492905316,2.33333333333,0,0,0,0,0.164242424242,17,17,17,1,0,0.352941176471,0.411764705882,0.235294117647,17,37,0.136029411765,1.88235294118,4.35294117647,3.36363636364,2.84615384615,1.69341284359,0.389027274878,0.193958664547,2.09866904602,0.964253345467,0.518282988871,1.87867287326,0.863174022847,0.470588235294,0.786197569093,0.41766745858,2.25,1.88235294118,0.786197569093,2.25,0.166339869281,0.0612244897959,3,0.00441176470588,0.185952380952,17,17,17,1,0,0.352941176471,0.411764705882,0.235294117647,0,0,0,0,0,0,0,0,0,0,0,0,0,0,0,0,0,0,0,0,0,0,0,0,0,0,0,0,0,37,0,0,235,1,1,0,0,1,1,1,1,1,1,2,2,0,0,0,0
939,WLNM_dir_neg,1,0.5,00:00:01,10,30,5,1981780278,threshold_sweep,0.3,1,1,1,2,0,0,4,1,1,0,0,1,1,1,1,0.555555555556,1,1,1,37,35,2,0,37,0,35,0,2,17,37,0.136029411765,1.88235294118,4.35294117647,3.36363636364,2.84615384615,1.69341284359,0.389027274878,0.193958664547,2.09866904602,0.964253345467,0.518282988871,1.87867287326,0.863174022847,0.470588235294,0.786197569093,0.41766745858,2.25,1.88235294118,0.786197569093,2.25,0.166339869281,0.0612244897959,3,0.00441176470588,0.185952380952,17,17,17,1,0,0.352941176471,0.411764705882,0.235294117647,17,0.128676470588,1.90196078431,4.11764705882,3.18181818182,2.69230769231,1.57648156274,0.382859808093,0.201680672269,2.01465221053,0.978545359402,0.524369747899,1.74894926439,0.849489642704,0.463865546218,0.814492905316,0.428238537847,2.33333333333,1.90196078431,0.814492905316,2.33333333333,0,0,0,0,0.164242424242,17,17,17,1,0,0.352941176471,0.411764705882,0.235294117647,17,37,0.136029411765,1.88235294118,4.35294117647,3.36363636364,2.84615384615,1.69341284359,0.389027274878,0.193958664547,2.09866904602,0.964253345467,0.518282988871,1.87867287326,0.863174022847,0.470588235294,0.786197569093,0.41766745858,2.25,1.88235294118,0.786197569093,2.25,0.166339869281,0.0612244897959,3,0.00441176470588,0.185952380952,17,17,17,1,0,0.352941176471,0.411764705882,0.235294117647,0,0,0,0,0,0,0,0,0,0,0,0,0,0,0,0,0,0,0,0,0,0,0,0,0,0,0,0,0,37,0,0,235,1,1,0,0,1,1,1,1,1,1,2,2,0,0,0,0
940,WLNM_dir_neg,1,0.5,00:00:01,10,30,5,1981780278,threshold_sweep,0.4,1,1,1,2,0,0,4,1,1,0,0,1,1,1,1,0.555555555556,1,1,1,37,35,2,0,37,0,35,0,2,17,37,0.136029411765,1.88235294118,4.35294117647,3.36363636364,2.84615384615,1.69341284359,0.389027274878,0.193958664547,2.09866904602,0.964253345467,0.518282988871,1.87867287326,0.863174022847,0.470588235294,0.786197569093,0.41766745858,2.25,1.88235294118,0.786197569093,2.25,0.166339869281,0.0612244897959,3,0.00441176470588,0.185952380952,17,17,17,1,0,0.352941176471,0.411764705882,0.235294117647,17,0.128676470588,1.90196078431,4.11764705882,3.18181818182,2.69230769231,1.57648156274,0.382859808093,0.201680672269,2.01465221053,0.978545359402,0.524369747899,1.74894926439,0.849489642704,0.463865546218,0.814492905316,0.428238537847,2.33333333333,1.90196078431,0.814492905316,2.33333333333,0,0,0,0,0.164242424242,17,17,17,1,0,0.352941176471,0.411764705882,0.235294117647,17,37,0.136029411765,1.88235294118,4.35294117647,3.36363636364,2.84615384615,1.69341284359,0.389027274878,0.193958664547,2.09866904602,0.964253345467,0.518282988871,1.87867287326,0.863174022847,0.470588235294,0.786197569093,0.41766745858,2.25,1.88235294118,0.786197569093,2.25,0.166339869281,0.0612244897959,3,0.00441176470588,0.185952380952,17,17,17,1,0,0.352941176471,0.411764705882,0.235294117647,0,0,0,0,0,0,0,0,0,0,0,0,0,0,0,0,0,0,0,0,0,0,0,0,0,0,0,0,0,37,0,0,235,1,1,0,0,1,1,1,1,1,1,2,2,0,0,0,0
941,WLNM_dir_neg,1,0.5,00:00:01,10,30,5,1981780278,threshold_sweep,0.5,1,1,1,2,0,0,4,1,1,0,0,1,1,1,1,0.555555555556,1,1,1,37,35,2,0,37,0,35,0,2,17,37,0.136029411765,1.88235294118,4.35294117647,3.36363636364,2.84615384615,1.69341284359,0.389027274878,0.193958664547,2.09866904602,0.964253345467,0.518282988871,1.87867287326,0.863174022847,0.470588235294,0.786197569093,0.41766745858,2.25,1.88235294118,0.786197569093,2.25,0.166339869281,0.0612244897959,3,0.00441176470588,0.185952380952,17,17,17,1,0,0.352941176471,0.411764705882,0.235294117647,17,0.128676470588,1.90196078431,4.11764705882,3.18181818182,2.69230769231,1.57648156274,0.382859808093,0.201680672269,2.01465221053,0.978545359402,0.524369747899,1.74894926439,0.849489642704,0.463865546218,0.814492905316,0.428238537847,2.33333333333,1.90196078431,0.814492905316,2.33333333333,0,0,0,0,0.164242424242,17,17,17,1,0,0.352941176471,0.411764705882,0.235294117647,17,37,0.136029411765,1.88235294118,4.35294117647,3.36363636364,2.84615384615,1.69341284359,0.389027274878,0.193958664547,2.09866904602,0.964253345467,0.518282988871,1.87867287326,0.863174022847,0.470588235294,0.786197569093,0.41766745858,2.25,1.88235294118,0.786197569093,2.25,0.166339869281,0.0612244897959,3,0.00441176470588,0.185952380952,17,17,17,1,0,0.352941176471,0.411764705882,0.235294117647,0,0,0,0,0,0,0,0,0,0,0,0,0,0,0,0,0,0,0,0,0,0,0,0,0,0,0,0,0,37,0,0,235,1,1,0,0,1,1,1,1,1,1,2,2,0,0,0,0
942,WLNM_dir_neg,1,0.5,00:00:01,10,30,5,1981780278,threshold_sweep,0.6,1,1,1,2,0,0,4,1,1,0,0,1,1,1,1,0.555555555556,1,1,1,37,35,2,0,37,0,35,0,2,17,37,0.136029411765,1.88235294118,4.35294117647,3.36363636364,2.84615384615,1.69341284359,0.389027274878,0.193958664547,2.09866904602,0.964253345467,0.518282988871,1.87867287326,0.863174022847,0.470588235294,0.786197569093,0.41766745858,2.25,1.88235294118,0.786197569093,2.25,0.166339869281,0.0612244897959,3,0.00441176470588,0.185952380952,17,17,17,1,0,0.352941176471,0.411764705882,0.235294117647,17,0.128676470588,1.90196078431,4.11764705882,3.18181818182,2.69230769231,1.57648156274,0.382859808093,0.201680672269,2.01465221053,0.978545359402,0.524369747899,1.74894926439,0.849489642704,0.463865546218,0.814492905316,0.428238537847,2.33333333333,1.90196078431,0.814492905316,2.33333333333,0,0,0,0,0.164242424242,17,17,17,1,0,0.352941176471,0.411764705882,0.235294117647,17,37,0.136029411765,1.88235294118,4.35294117647,3.36363636364,2.84615384615,1.69341284359,0.389027274878,0.193958664547,2.09866904602,0.964253345467,0.518282988871,1.87867287326,0.863174022847,0.470588235294,0.786197569093,0.41766745858,2.25,1.88235294118,0.786197569093,2.25,0.166339869281,0.0612244897959,3,0.00441176470588,0.185952380952,17,17,17,1,0,0.352941176471,0.411764705882,0.235294117647,0,0,0,0,0,0,0,0,0,0,0,0,0,0,0,0,0,0,0,0,0,0,0,0,0,0,0,0,0,37,0,0,235,1,1,0,0,1,1,1,1,1,1,2,2,0,0,0,0
943,WLNM_dir_neg,1,0.5,00:00:01,10,30,5,1981780278,threshold_sweep,0.7,1,1,1,2,0,0,4,1,1,0,0,1,1,1,1,0.555555555556,1,1,1,37,35,2,0,37,0,35,0,2,17,37,0.136029411765,1.88235294118,4.35294117647,3.36363636364,2.84615384615,1.69341284359,0.389027274878,0.193958664547,2.09866904602,0.964253345467,0.518282988871,1.87867287326,0.863174022847,0.470588235294,0.786197569093,0.41766745858,2.25,1.88235294118,0.786197569093,2.25,0.166339869281,0.0612244897959,3,0.00441176470588,0.185952380952,17,17,17,1,0,0.352941176471,0.411764705882,0.235294117647,17,0.128676470588,1.90196078431,4.11764705882,3.18181818182,2.69230769231,1.57648156274,0.382859808093,0.201680672269,2.01465221053,0.978545359402,0.524369747899,1.74894926439,0.849489642704,0.463865546218,0.814492905316,0.428238537847,2.33333333333,1.90196078431,0.814492905316,2.33333333333,0,0,0,0,0.164242424242,17,17,17,1,0,0.352941176471,0.411764705882,0.235294117647,17,37,0.136029411765,1.88235294118,4.35294117647,3.36363636364,2.84615384615,1.69341284359,0.389027274878,0.193958664547,2.09866904602,0.964253345467,0.518282988871,1.87867287326,0.863174022847,0.470588235294,0.786197569093,0.41766745858,2.25,1.88235294118,0.786197569093,2.25,0.166339869281,0.0612244897959,3,0.00441176470588,0.185952380952,17,17,17,1,0,0.352941176471,0.411764705882,0.235294117647,0,0,0,0,0,0,0,0,0,0,0,0,0,0,0,0,0,0,0,0,0,0,0,0,0,0,0,0,0,37,0,0,235,1,1,0,0,1,1,1,1,1,1,2,2,0,0,0,0
944,WLNM_dir_neg,1,0.5,00:00:01,10,30,5,1981780278,threshold_sweep,0.8,1,1,1,2,0,0,4,1,1,0,0,1,1,1,1,0.555555555556,1,1,1,37,35,2,0,37,0,35,0,2,17,37,0.136029411765,1.88235294118,4.35294117647,3.36363636364,2.84615384615,1.69341284359,0.389027274878,0.193958664547,2.09866904602,0.964253345467,0.518282988871,1.87867287326,0.863174022847,0.470588235294,0.786197569093,0.41766745858,2.25,1.88235294118,0.786197569093,2.25,0.166339869281,0.0612244897959,3,0.00441176470588,0.185952380952,17,17,17,1,0,0.352941176471,0.411764705882,0.235294117647,17,0.128676470588,1.90196078431,4.11764705882,3.18181818182,2.69230769231,1.57648156274,0.382859808093,0.201680672269,2.01465221053,0.978545359402,0.524369747899,1.74894926439,0.849489642704,0.463865546218,0.814492905316,0.428238537847,2.33333333333,1.90196078431,0.814492905316,2.33333333333,0,0,0,0,0.164242424242,17,17,17,1,0,0.352941176471,0.411764705882,0.235294117647,17,37,0.136029411765,1.88235294118,4.35294117647,3.36363636364,2.84615384615,1.69341284359,0.389027274878,0.193958664547,2.09866904602,0.964253345467,0.518282988871,1.87867287326,0.863174022847,0.470588235294,0.786197569093,0.41766745858,2.25,1.88235294118,0.786197569093,2.25,0.166339869281,0.0612244897959,3,0.00441176470588,0.185952380952,17,17,17,1,0,0.352941176471,0.411764705882,0.235294117647,0,0,0,0,0,0,0,0,0,0,0,0,0,0,0,0,0,0,0,0,0,0,0,0,0,0,0,0,0,37,0,0,235,1,1,0,0,1,1,1,1,1,1,2,2,0,0,0,0
945,WLNM_dir_neg,1,0.5,00:00:01,10,30,5,1981780278,threshold_sweep,0.9,1,1,1,2,0,0,4,1,1,0,0,1,1,1,1,0.555555555556,1,1,1,37,35,2,0,37,0,35,0,2,17,37,0.136029411765,1.88235294118,4.35294117647,3.36363636364,2.84615384615,1.69341284359,0.389027274878,0.193958664547,2.09866904602,0.964253345467,0.518282988871,1.87867287326,0.863174022847,0.470588235294,0.786197569093,0.41766745858,2.25,1.88235294118,0.786197569093,2.25,0.166339869281,0.0612244897959,3,0.00441176470588,0.185952380952,17,17,17,1,0,0.352941176471,0.411764705882,0.235294117647,17,0.128676470588,1.90196078431,4.11764705882,3.18181818182,2.69230769231,1.57648156274,0.382859808093,0.201680672269,2.01465221053,0.978545359402,0.524369747899,1.74894926439,0.849489642704,0.463865546218,0.814492905316,0.428238537847,2.33333333333,1.90196078431,0.814492905316,2.33333333333,0,0,0,0,0.164242424242,17,17,17,1,0,0.352941176471,0.411764705882,0.235294117647,17,37,0.136029411765,1.88235294118,4.35294117647,3.36363636364,2.84615384615,1.69341284359,0.389027274878,0.193958664547,2.09866904602,0.964253345467,0.518282988871,1.87867287326,0.863174022847,0.470588235294,0.786197569093,0.41766745858,2.25,1.88235294118,0.786197569093,2.25,0.166339869281,0.0612244897959,3,0.00441176470588,0.185952380952,17,17,17,1,0,0.352941176471,0.411764705882,0.235294117647,0,0,0,0,0,0,0,0,0,0,0,0,0,0,0,0,0,0,0,0,0,0,0,0,0,0,0,0,0,37,0,0,235,1,1,0,0,1,1,1,1,1,1,2,2,0,0,0,0
946,WLNM_dir_neg,1,0.5,00:00:01,10,30,6,1981780279,threshold_sweep,0.1,1,1,1,2,0,0,4,1,1,0,0,1,1,1,1,0.555555555556,1,1,1,37,35,2,0,37,0,35,0,2,17,37,0.136029411765,1.88235294118,4.35294117647,3.36363636364,2.84615384615,1.69341284359,0.389027274878,0.193958664547,2.09866904602,0.964253345467,0.518282988871,1.87867287326,0.863174022847,0.470588235294,0.786197569093,0.41766745858,2.25,1.88235294118,0.786197569093,2.25,0.166339869281,0.0612244897959,3,0.00441176470588,0.185952380952,17,17,17,1,0,0.352941176471,0.411764705882,0.235294117647,17,0.128676470588,1.90196078431,4.11764705882,3.18181818182,2.69230769231,1.57648156274,0.382859808093,0.201680672269,2.01465221053,0.978545359402,0.524369747899,1.74894926439,0.849489642704,0.463865546218,0.814492905316,0.428238537847,2.33333333333,1.90196078431,0.814492905316,2.33333333333,0,0,0,0,0.164242424242,17,17,17,1,0,0.352941176471,0.411764705882,0.235294117647,17,37,0.136029411765,1.88235294118,4.35294117647,3.36363636364,2.84615384615,1.69341284359,0.389027274878,0.193958664547,2.09866904602,0.964253345467,0.518282988871,1.87867287326,0.863174022847,0.470588235294,0.786197569093,0.41766745858,2.25,1.88235294118,0.786197569093,2.25,0.166339869281,0.0612244897959,3,0.00441176470588,0.185952380952,17,17,17,1,0,0.352941176471,0.411764705882,0.235294117647,0,0,0,0,0,0,0,0,0,0,0,0,0,0,0,0,0,0,0,0,0,0,0,0,0,0,0,0,0,37,0,0,235,1,1,0,0,1,1,1,1,1,1,2,2,0,0,0,0
947,WLNM_dir_neg,1,0.5,00:00:01,10,30,6,1981780279,threshold_sweep,0.2,1,1,1,2,0,0,4,1,1,0,0,1,1,1,1,0.555555555556,1,1,1,37,35,2,0,37,0,35,0,2,17,37,0.136029411765,1.88235294118,4.35294117647,3.36363636364,2.84615384615,1.69341284359,0.389027274878,0.193958664547,2.09866904602,0.964253345467,0.518282988871,1.87867287326,0.863174022847,0.470588235294,0.786197569093,0.41766745858,2.25,1.88235294118,0.786197569093,2.25,0.166339869281,0.0612244897959,3,0.00441176470588,0.185952380952,17,17,17,1,0,0.352941176471,0.411764705882,0.235294117647,17,0.128676470588,1.90196078431,4.11764705882,3.18181818182,2.69230769231,1.57648156274,0.382859808093,0.201680672269,2.01465221053,0.978545359402,0.524369747899,1.74894926439,0.849489642704,0.463865546218,0.814492905316,0.428238537847,2.33333333333,1.90196078431,0.814492905316,2.33333333333,0,0,0,0,0.164242424242,17,17,17,1,0,0.352941176471,0.411764705882,0.235294117647,17,37,0.136029411765,1.88235294118,4.35294117647,3.36363636364,2.84615384615,1.69341284359,0.389027274878,0.193958664547,2.09866904602,0.964253345467,0.518282988871,1.87867287326,0.863174022847,0.470588235294,0.786197569093,0.41766745858,2.25,1.88235294118,0.786197569093,2.25,0.166339869281,0.0612244897959,3,0.00441176470588,0.185952380952,17,17,17,1,0,0.352941176471,0.411764705882,0.235294117647,0,0,0,0,0,0,0,0,0,0,0,0,0,0,0,0,0,0,0,0,0,0,0,0,0,0,0,0,0,37,0,0,235,1,1,0,0,1,1,1,1,1,1,2,2,0,0,0,0
948,WLNM_dir_neg,1,0.5,00:00:01,10,30,6,1981780279,threshold_sweep,0.3,1,1,1,2,0,0,4,1,1,0,0,1,1,1,1,0.555555555556,1,1,1,37,35,2,0,37,0,35,0,2,17,37,0.136029411765,1.88235294118,4.35294117647,3.36363636364,2.84615384615,1.69341284359,0.389027274878,0.193958664547,2.09866904602,0.964253345467,0.518282988871,1.87867287326,0.863174022847,0.470588235294,0.786197569093,0.41766745858,2.25,1.88235294118,0.786197569093,2.25,0.166339869281,0.0612244897959,3,0.00441176470588,0.185952380952,17,17,17,1,0,0.352941176471,0.411764705882,0.235294117647,17,0.128676470588,1.90196078431,4.11764705882,3.18181818182,2.69230769231,1.57648156274,0.382859808093,0.201680672269,2.01465221053,0.978545359402,0.524369747899,1.74894926439,0.849489642704,0.463865546218,0.814492905316,0.428238537847,2.33333333333,1.90196078431,0.814492905316,2.33333333333,0,0,0,0,0.164242424242,17,17,17,1,0,0.352941176471,0.411764705882,0.235294117647,17,37,0.136029411765,1.88235294118,4.35294117647,3.36363636364,2.84615384615,1.69341284359,0.389027274878,0.193958664547,2.09866904602,0.964253345467,0.518282988871,1.87867287326,0.863174022847,0.470588235294,0.786197569093,0.41766745858,2.25,1.88235294118,0.786197569093,2.25,0.166339869281,0.0612244897959,3,0.00441176470588,0.185952380952,17,17,17,1,0,0.352941176471,0.411764705882,0.235294117647,0,0,0,0,0,0,0,0,0,0,0,0,0,0,0,0,0,0,0,0,0,0,0,0,0,0,0,0,0,37,0,0,235,1,1,0,0,1,1,1,1,1,1,2,2,0,0,0,0
949,WLNM_dir_neg,1,0.5,00:00:01,10,30,6,1981780279,threshold_sweep,0.4,1,1,1,2,0,0,4,1,1,0,0,1,1,1,1,0.555555555556,1,1,1,37,35,2,0,37,0,35,0,2,17,37,0.136029411765,1.88235294118,4.35294117647,3.36363636364,2.84615384615,1.69341284359,0.389027274878,0.193958664547,2.09866904602,0.964253345467,0.518282988871,1.87867287326,0.863174022847,0.470588235294,0.786197569093,0.41766745858,2.25,1.88235294118,0.786197569093,2.25,0.166339869281,0.0612244897959,3,0.00441176470588,0.185952380952,17,17,17,1,0,0.352941176471,0.411764705882,0.235294117647,17,0.128676470588,1.90196078431,4.11764705882,3.18181818182,2.69230769231,1.57648156274,0.382859808093,0.201680672269,2.01465221053,0.978545359402,0.524369747899,1.74894926439,0.849489642704,0.463865546218,0.814492905316,0.428238537847,2.33333333333,1.90196078431,0.814492905316,2.33333333333,0,0,0,0,0.164242424242,17,17,17,1,0,0.352941176471,0.411764705882,0.235294117647,17,37,0.136029411765,1.88235294118,4.35294117647,3.36363636364,2.84615384615,1.69341284359,0.389027274878,0.193958664547,2.09866904602,0.964253345467,0.518282988871,1.87867287326,0.863174022847,0.470588235294,0.786197569093,0.41766745858,2.25,1.88235294118,0.786197569093,2.25,0.166339869281,0.0612244897959,3,0.00441176470588,0.185952380952,17,17,17,1,0,0.352941176471,0.411764705882,0.235294117647,0,0,0,0,0,0,0,0,0,0,0,0,0,0,0,0,0,0,0,0,0,0,0,0,0,0,0,0,0,37,0,0,235,1,1,0,0,1,1,1,1,1,1,2,2,0,0,0,0
950,WLNM_dir_neg,1,0.5,00:00:01,10,30,6,1981780279,threshold_sweep,0.5,1,1,1,2,0,0,4,1,1,0,0,1,1,1,1,0.555555555556,1,1,1,37,35,2,0,37,0,35,0,2,17,37,0.136029411765,1.88235294118,4.35294117647,3.36363636364,2.84615384615,1.69341284359,0.389027274878,0.193958664547,2.09866904602,0.964253345467,0.518282988871,1.87867287326,0.863174022847,0.470588235294,0.786197569093,0.41766745858,2.25,1.88235294118,0.786197569093,2.25,0.166339869281,0.0612244897959,3,0.00441176470588,0.185952380952,17,17,17,1,0,0.352941176471,0.411764705882,0.235294117647,17,0.128676470588,1.90196078431,4.11764705882,3.18181818182,2.69230769231,1.57648156274,0.382859808093,0.201680672269,2.01465221053,0.978545359402,0.524369747899,1.74894926439,0.849489642704,0.463865546218,0.814492905316,0.428238537847,2.33333333333,1.90196078431,0.814492905316,2.33333333333,0,0,0,0,0.164242424242,17,17,17,1,0,0.352941176471,0.411764705882,0.235294117647,17,37,0.136029411765,1.88235294118,4.35294117647,3.36363636364,2.84615384615,1.69341284359,0.389027274878,0.193958664547,2.09866904602,0.964253345467,0.518282988871,1.87867287326,0.863174022847,0.470588235294,0.786197569093,0.41766745858,2.25,1.88235294118,0.786197569093,2.25,0.166339869281,0.0612244897959,3,0.00441176470588,0.185952380952,17,17,17,1,0,0.352941176471,0.411764705882,0.235294117647,0,0,0,0,0,0,0,0,0,0,0,0,0,0,0,0,0,0,0,0,0,0,0,0,0,0,0,0,0,37,0,0,235,1,1,0,0,1,1,1,1,1,1,2,2,0,0,0,0
951,WLNM_dir_neg,1,0.5,00:00:01,10,30,6,1981780279,threshold_sweep,0.6,1,1,1,2,0,0,4,1,1,0,0,1,1,1,1,0.555555555556,1,1,1,37,35,2,0,37,0,35,0,2,17,37,0.136029411765,1.88235294118,4.35294117647,3.36363636364,2.84615384615,1.69341284359,0.389027274878,0.193958664547,2.09866904602,0.964253345467,0.518282988871,1.87867287326,0.863174022847,0.470588235294,0.786197569093,0.41766745858,2.25,1.88235294118,0.786197569093,2.25,0.166339869281,0.0612244897959,3,0.00441176470588,0.185952380952,17,17,17,1,0,0.352941176471,0.411764705882,0.235294117647,17,0.128676470588,1.90196078431,4.11764705882,3.18181818182,2.69230769231,1.57648156274,0.382859808093,0.201680672269,2.01465221053,0.978545359402,0.524369747899,1.74894926439,0.849489642704,0.463865546218,0.814492905316,0.428238537847,2.33333333333,1.90196078431,0.814492905316,2.33333333333,0,0,0,0,0.164242424242,17,17,17,1,0,0.352941176471,0.411764705882,0.235294117647,17,37,0.136029411765,1.88235294118,4.35294117647,3.36363636364,2.84615384615,1.69341284359,0.389027274878,0.193958664547,2.09866904602,0.964253345467,0.518282988871,1.87867287326,0.863174022847,0.470588235294,0.786197569093,0.41766745858,2.25,1.88235294118,0.786197569093,2.25,0.166339869281,0.0612244897959,3,0.00441176470588,0.185952380952,17,17,17,1,0,0.352941176471,0.411764705882,0.235294117647,0,0,0,0,0,0,0,0,0,0,0,0,0,0,0,0,0,0,0,0,0,0,0,0,0,0,0,0,0,37,0,0,235,1,1,0,0,1,1,1,1,1,1,2,2,0,0,0,0
952,WLNM_dir_neg,1,0.5,00:00:01,10,30,6,1981780279,threshold_sweep,0.7,1,1,1,2,0,0,4,1,1,0,0,1,1,1,1,0.555555555556,1,1,1,37,35,2,0,37,0,35,0,2,17,37,0.136029411765,1.88235294118,4.35294117647,3.36363636364,2.84615384615,1.69341284359,0.389027274878,0.193958664547,2.09866904602,0.964253345467,0.518282988871,1.87867287326,0.863174022847,0.470588235294,0.786197569093,0.41766745858,2.25,1.88235294118,0.786197569093,2.25,0.166339869281,0.0612244897959,3,0.00441176470588,0.185952380952,17,17,17,1,0,0.352941176471,0.411764705882,0.235294117647,17,0.128676470588,1.90196078431,4.11764705882,3.18181818182,2.69230769231,1.57648156274,0.382859808093,0.201680672269,2.01465221053,0.978545359402,0.524369747899,1.74894926439,0.849489642704,0.463865546218,0.814492905316,0.428238537847,2.33333333333,1.90196078431,0.814492905316,2.33333333333,0,0,0,0,0.164242424242,17,17,17,1,0,0.352941176471,0.411764705882,0.235294117647,17,37,0.136029411765,1.88235294118,4.35294117647,3.36363636364,2.84615384615,1.69341284359,0.389027274878,0.193958664547,2.09866904602,0.964253345467,0.518282988871,1.87867287326,0.863174022847,0.470588235294,0.786197569093,0.41766745858,2.25,1.88235294118,0.786197569093,2.25,0.166339869281,0.0612244897959,3,0.00441176470588,0.185952380952,17,17,17,1,0,0.352941176471,0.411764705882,0.235294117647,0,0,0,0,0,0,0,0,0,0,0,0,0,0,0,0,0,0,0,0,0,0,0,0,0,0,0,0,0,37,0,0,235,1,1,0,0,1,1,1,1,1,1,2,2,0,0,0,0
953,WLNM_dir_neg,1,0.5,00:00:01,10,30,6,1981780279,threshold_sweep,0.8,1,1,1,2,0,0,4,1,1,0,0,1,1,1,1,0.555555555556,1,1,1,37,35,2,0,37,0,35,0,2,17,37,0.136029411765,1.88235294118,4.35294117647,3.36363636364,2.84615384615,1.69341284359,0.389027274878,0.193958664547,2.09866904602,0.964253345467,0.518282988871,1.87867287326,0.863174022847,0.470588235294,0.786197569093,0.41766745858,2.25,1.88235294118,0.786197569093,2.25,0.166339869281,0.0612244897959,3,0.00441176470588,0.185952380952,17,17,17,1,0,0.352941176471,0.411764705882,0.235294117647,17,0.128676470588,1.90196078431,4.11764705882,3.18181818182,2.69230769231,1.57648156274,0.382859808093,0.201680672269,2.01465221053,0.978545359402,0.524369747899,1.74894926439,0.849489642704,0.463865546218,0.814492905316,0.428238537847,2.33333333333,1.90196078431,0.814492905316,2.33333333333,0,0,0,0,0.164242424242,17,17,17,1,0,0.352941176471,0.411764705882,0.235294117647,17,37,0.136029411765,1.88235294118,4.35294117647,3.36363636364,2.84615384615,1.69341284359,0.389027274878,0.193958664547,2.09866904602,0.964253345467,0.518282988871,1.87867287326,0.863174022847,0.470588235294,0.786197569093,0.41766745858,2.25,1.88235294118,0.786197569093,2.25,0.166339869281,0.0612244897959,3,0.00441176470588,0.185952380952,17,17,17,1,0,0.352941176471,0.411764705882,0.235294117647,0,0,0,0,0,0,0,0,0,0,0,0,0,0,0,0,0,0,0,0,0,0,0,0,0,0,0,0,0,37,0,0,235,1,1,0,0,1,1,1,1,1,1,2,2,0,0,0,0
954,WLNM_dir_neg,1,0.5,00:00:01,10,30,6,1981780279,threshold_sweep,0.9,1,0.5,0.666666666667,1,0,1,4,0.5,1,0,0.5,1,0.5,0.666666666667,0.833333333333,0.611111111111,0.571428571429,0.632455532034,0.5,37,35,2,0,37,0,35,0,2,17,37,0.136029411765,1.88235294118,4.35294117647,3.36363636364,2.84615384615,1.69341284359,0.389027274878,0.193958664547,2.09866904602,0.964253345467,0.518282988871,1.87867287326,0.863174022847,0.470588235294,0.786197569093,0.41766745858,2.25,1.88235294118,0.786197569093,2.25,0.166339869281,0.0612244897959,3,0.00441176470588,0.185952380952,17,17,17,1,0,0.352941176471,0.411764705882,0.235294117647,17,0.128676470588,1.90196078431,4.11764705882,3.18181818182,2.69230769231,1.57648156274,0.382859808093,0.201680672269,2.01465221053,0.978545359402,0.524369747899,1.74894926439,0.849489642704,0.463865546218,0.814492905316,0.428238537847,2.33333333333,1.90196078431,0.814492905316,2.33333333333,0,0,0,0,0.164242424242,17,17,17,1,0,0.352941176471,0.411764705882,0.235294117647,17,36,0.132352941176,1.89705882353,4.23529411765,3.27272727273,2.76923076923,1.71498585143,0.40492721492,0.204248366013,2.05798302171,0.971825315808,0.522875816993,1.79869233546,0.849382491746,0.464052287582,0.805541469338,0.424626510969,2.25,1.89705882353,0.805541469338,2.25,0.0702614379085,0.0214285714286,1,0.00147058823529,0.175454545455,17,17,17,1,0,0.352941176471,0.411764705882,0.235294117647,-1,-0.00367647058824,0.0147058823529,-0.117647058824,-0.0909090909091,-0.0769230769231,0.0215730078386,0.0158999400418,0.0102897014662,-0.0406860243059,0.00757197034072,0.00459282812224,-0.0799805377942,-0.0137915311015,-0.00653594771242,0.0193439002456,0.00695905238854,0,0.0147058823529,0.0193439002456,0,-0.0960784313725,-0.0397959183673,-2,-0.00294117647059,-0.0104978354978,0,0,0,36,0,1,235,0.972972972973,1,0,0.027027027027,1,0.972972972973,0.986301369863,0.984301887704,0.972972972973,0.972972972973,1,2,0,0,0,0
955,WLNM_dir_neg,1,0.5,00:00:01,10,30,7,1981780280,threshold_sweep,0.1,1,1,1,2,0,0,4,1,1,0,0,1,1,1,1,0.555555555556,1,1,1,37,35,2,0,37,0,35,0,2,17,37,0.136029411765,1.88235294118,4.35294117647,3.36363636364,2.84615384615,1.69341284359,0.389027274878,0.193958664547,2.09866904602,0.964253345467,0.518282988871,1.87867287326,0.863174022847,0.470588235294,0.786197569093,0.41766745858,2.25,1.88235294118,0.786197569093,2.25,0.166339869281,0.0612244897959,3,0.00441176470588,0.185952380952,17,17,17,1,0,0.352941176471,0.411764705882,0.235294117647,17,0.128676470588,1.90196078431,4.11764705882,3.18181818182,2.69230769231,1.57648156274,0.382859808093,0.201680672269,2.01465221053,0.978545359402,0.524369747899,1.74894926439,0.849489642704,0.463865546218,0.814492905316,0.428238537847,2.33333333333,1.90196078431,0.814492905316,2.33333333333,0,0,0,0,0.164242424242,17,17,17,1,0,0.352941176471,0.411764705882,0.235294117647,17,37,0.136029411765,1.88235294118,4.35294117647,3.36363636364,2.84615384615,1.69341284359,0.389027274878,0.193958664547,2.09866904602,0.964253345467,0.518282988871,1.87867287326,0.863174022847,0.470588235294,0.786197569093,0.41766745858,2.25,1.88235294118,0.786197569093,2.25,0.166339869281,0.0612244897959,3,0.00441176470588,0.185952380952,17,17,17,1,0,0.352941176471,0.411764705882,0.235294117647,0,0,0,0,0,0,0,0,0,0,0,0,0,0,0,0,0,0,0,0,0,0,0,0,0,0,0,0,0,37,0,0,235,1,1,0,0,1,1,1,1,1,1,2,2,0,0,0,0
956,WLNM_dir_neg,1,0.5,00:00:01,10,30,7,1981780280,threshold_sweep,0.2,1,1,1,2,0,0,4,1,1,0,0,1,1,1,1,0.555555555556,1,1,1,37,35,2,0,37,0,35,0,2,17,37,0.136029411765,1.88235294118,4.35294117647,3.36363636364,2.84615384615,1.69341284359,0.389027274878,0.193958664547,2.09866904602,0.964253345467,0.518282988871,1.87867287326,0.863174022847,0.470588235294,0.786197569093,0.41766745858,2.25,1.88235294118,0.786197569093,2.25,0.166339869281,0.0612244897959,3,0.00441176470588,0.185952380952,17,17,17,1,0,0.352941176471,0.411764705882,0.235294117647,17,0.128676470588,1.90196078431,4.11764705882,3.18181818182,2.69230769231,1.57648156274,0.382859808093,0.201680672269,2.01465221053,0.978545359402,0.524369747899,1.74894926439,0.849489642704,0.463865546218,0.814492905316,0.428238537847,2.33333333333,1.90196078431,0.814492905316,2.33333333333,0,0,0,0,0.164242424242,17,17,17,1,0,0.352941176471,0.411764705882,0.235294117647,17,37,0.136029411765,1.88235294118,4.35294117647,3.36363636364,2.84615384615,1.69341284359,0.389027274878,0.193958664547,2.09866904602,0.964253345467,0.518282988871,1.87867287326,0.863174022847,0.470588235294,0.786197569093,0.41766745858,2.25,1.88235294118,0.786197569093,2.25,0.166339869281,0.0612244897959,3,0.00441176470588,0.185952380952,17,17,17,1,0,0.352941176471,0.411764705882,0.235294117647,0,0,0,0,0,0,0,0,0,0,0,0,0,0,0,0,0,0,0,0,0,0,0,0,0,0,0,0,0,37,0,0,235,1,1,0,0,1,1,1,1,1,1,2,2,0,0,0,0
957,WLNM_dir_neg,1,0.5,00:00:01,10,30,7,1981780280,threshold_sweep,0.3,1,1,1,2,0,0,4,1,1,0,0,1,1,1,1,0.555555555556,1,1,1,37,35,2,0,37,0,35,0,2,17,37,0.136029411765,1.88235294118,4.35294117647,3.36363636364,2.84615384615,1.69341284359,0.389027274878,0.193958664547,2.09866904602,0.964253345467,0.518282988871,1.87867287326,0.863174022847,0.470588235294,0.786197569093,0.41766745858,2.25,1.88235294118,0.786197569093,2.25,0.166339869281,0.0612244897959,3,0.00441176470588,0.185952380952,17,17,17,1,0,0.352941176471,0.411764705882,0.235294117647,17,0.128676470588,1.90196078431,4.11764705882,3.18181818182,2.69230769231,1.57648156274,0.382859808093,0.201680672269,2.01465221053,0.978545359402,0.524369747899,1.74894926439,0.849489642704,0.463865546218,0.814492905316,0.428238537847,2.33333333333,1.90196078431,0.814492905316,2.33333333333,0,0,0,0,0.164242424242,17,17,17,1,0,0.352941176471,0.411764705882,0.235294117647,17,37,0.136029411765,1.88235294118,4.35294117647,3.36363636364,2.84615384615,1.69341284359,0.389027274878,0.193958664547,2.09866904602,0.964253345467,0.518282988871,1.87867287326,0.863174022847,0.470588235294,0.786197569093,0.41766745858,2.25,1.88235294118,0.786197569093,2.25,0.166339869281,0.0612244897959,3,0.00441176470588,0.185952380952,17,17,17,1,0,0.352941176471,0.411764705882,0.235294117647,0,0,0,0,0,0,0,0,0,0,0,0,0,0,0,0,0,0,0,0,0,0,0,0,0,0,0,0,0,37,0,0,235,1,1,0,0,1,1,1,1,1,1,2,2,0,0,0,0
958,WLNM_dir_neg,1,0.5,00:00:01,10,30,7,1981780280,threshold_sweep,0.4,1,1,1,2,0,0,4,1,1,0,0,1,1,1,1,0.555555555556,1,1,1,37,35,2,0,37,0,35,0,2,17,37,0.136029411765,1.88235294118,4.35294117647,3.36363636364,2.84615384615,1.69341284359,0.389027274878,0.193958664547,2.09866904602,0.964253345467,0.518282988871,1.87867287326,0.863174022847,0.470588235294,0.786197569093,0.41766745858,2.25,1.88235294118,0.786197569093,2.25,0.166339869281,0.0612244897959,3,0.00441176470588,0.185952380952,17,17,17,1,0,0.352941176471,0.411764705882,0.235294117647,17,0.128676470588,1.90196078431,4.11764705882,3.18181818182,2.69230769231,1.57648156274,0.382859808093,0.201680672269,2.01465221053,0.978545359402,0.524369747899,1.74894926439,0.849489642704,0.463865546218,0.814492905316,0.428238537847,2.33333333333,1.90196078431,0.814492905316,2.33333333333,0,0,0,0,0.164242424242,17,17,17,1,0,0.352941176471,0.411764705882,0.235294117647,17,37,0.136029411765,1.88235294118,4.35294117647,3.36363636364,2.84615384615,1.69341284359,0.389027274878,0.193958664547,2.09866904602,0.964253345467,0.518282988871,1.87867287326,0.863174022847,0.470588235294,0.786197569093,0.41766745858,2.25,1.88235294118,0.786197569093,2.25,0.166339869281,0.0612244897959,3,0.00441176470588,0.185952380952,17,17,17,1,0,0.352941176471,0.411764705882,0.235294117647,0,0,0,0,0,0,0,0,0,0,0,0,0,0,0,0,0,0,0,0,0,0,0,0,0,0,0,0,0,37,0,0,235,1,1,0,0,1,1,1,1,1,1,2,2,0,0,0,0
959,WLNM_dir_neg,1,0.5,00:00:01,10,30,7,1981780280,threshold_sweep,0.5,1,1,1,2,0,0,4,1,1,0,0,1,1,1,1,0.555555555556,1,1,1,37,35,2,0,37,0,35,0,2,17,37,0.136029411765,1.88235294118,4.35294117647,3.36363636364,2.84615384615,1.69341284359,0.389027274878,0.193958664547,2.09866904602,0.964253345467,0.518282988871,1.87867287326,0.863174022847,0.470588235294,0.786197569093,0.41766745858,2.25,1.88235294118,0.786197569093,2.25,0.166339869281,0.0612244897959,3,0.00441176470588,0.185952380952,17,17,17,1,0,0.352941176471,0.411764705882,0.235294117647,17,0.128676470588,1.90196078431,4.11764705882,3.18181818182,2.69230769231,1.57648156274,0.382859808093,0.201680672269,2.01465221053,0.978545359402,0.524369747899,1.74894926439,0.849489642704,0.463865546218,0.814492905316,0.428238537847,2.33333333333,1.90196078431,0.814492905316,2.33333333333,0,0,0,0,0.164242424242,17,17,17,1,0,0.352941176471,0.411764705882,0.235294117647,17,37,0.136029411765,1.88235294118,4.35294117647,3.36363636364,2.84615384615,1.69341284359,0.389027274878,0.193958664547,2.09866904602,0.964253345467,0.518282988871,1.87867287326,0.863174022847,0.470588235294,0.786197569093,0.41766745858,2.25,1.88235294118,0.786197569093,2.25,0.166339869281,0.0612244897959,3,0.00441176470588,0.185952380952,17,17,17,1,0,0.352941176471,0.411764705882,0.235294117647,0,0,0,0,0,0,0,0,0,0,0,0,0,0,0,0,0,0,0,0,0,0,0,0,0,0,0,0,0,37,0,0,235,1,1,0,0,1,1,1,1,1,1,2,2,0,0,0,0
960,WLNM_dir_neg,1,0.5,00:00:01,10,30,7,1981780280,threshold_sweep,0.6,1,1,1,2,0,0,4,1,1,0,0,1,1,1,1,0.555555555556,1,1,1,37,35,2,0,37,0,35,0,2,17,37,0.136029411765,1.88235294118,4.35294117647,3.36363636364,2.84615384615,1.69341284359,0.389027274878,0.193958664547,2.09866904602,0.964253345467,0.518282988871,1.87867287326,0.863174022847,0.470588235294,0.786197569093,0.41766745858,2.25,1.88235294118,0.786197569093,2.25,0.166339869281,0.0612244897959,3,0.00441176470588,0.185952380952,17,17,17,1,0,0.352941176471,0.411764705882,0.235294117647,17,0.128676470588,1.90196078431,4.11764705882,3.18181818182,2.69230769231,1.57648156274,0.382859808093,0.201680672269,2.01465221053,0.978545359402,0.524369747899,1.74894926439,0.849489642704,0.463865546218,0.814492905316,0.428238537847,2.33333333333,1.90196078431,0.814492905316,2.33333333333,0,0,0,0,0.164242424242,17,17,17,1,0,0.352941176471,0.411764705882,0.235294117647,17,37,0.136029411765,1.88235294118,4.35294117647,3.36363636364,2.84615384615,1.69341284359,0.389027274878,0.193958664547,2.09866904602,0.964253345467,0.518282988871,1.87867287326,0.863174022847,0.470588235294,0.786197569093,0.41766745858,2.25,1.88235294118,0.786197569093,2.25,0.166339869281,0.0612244897959,3,0.00441176470588,0.185952380952,17,17,17,1,0,0.352941176471,0.411764705882,0.235294117647,0,0,0,0,0,0,0,0,0,0,0,0,0,0,0,0,0,0,0,0,0,0,0,0,0,0,0,0,0,37,0,0,235,1,1,0,0,1,1,1,1,1,1,2,2,0,0,0,0
961,WLNM_dir_neg,1,0.5,00:00:01,10,30,7,1981780280,threshold_sweep,0.7,1,1,1,2,0,0,4,1,1,0,0,1,1,1,1,0.555555555556,1,1,1,37,35,2,0,37,0,35,0,2,17,37,0.136029411765,1.88235294118,4.35294117647,3.36363636364,2.84615384615,1.69341284359,0.389027274878,0.193958664547,2.09866904602,0.964253345467,0.518282988871,1.87867287326,0.863174022847,0.470588235294,0.786197569093,0.41766745858,2.25,1.88235294118,0.786197569093,2.25,0.166339869281,0.0612244897959,3,0.00441176470588,0.185952380952,17,17,17,1,0,0.352941176471,0.411764705882,0.235294117647,17,0.128676470588,1.90196078431,4.11764705882,3.18181818182,2.69230769231,1.57648156274,0.382859808093,0.201680672269,2.01465221053,0.978545359402,0.524369747899,1.74894926439,0.849489642704,0.463865546218,0.814492905316,0.428238537847,2.33333333333,1.90196078431,0.814492905316,2.33333333333,0,0,0,0,0.164242424242,17,17,17,1,0,0.352941176471,0.411764705882,0.235294117647,17,37,0.136029411765,1.88235294118,4.35294117647,3.36363636364,2.84615384615,1.69341284359,0.389027274878,0.193958664547,2.09866904602,0.964253345467,0.518282988871,1.87867287326,0.863174022847,0.470588235294,0.786197569093,0.41766745858,2.25,1.88235294118,0.786197569093,2.25,0.166339869281,0.0612244897959,3,0.00441176470588,0.185952380952,17,17,17,1,0,0.352941176471,0.411764705882,0.235294117647,0,0,0,0,0,0,0,0,0,0,0,0,0,0,0,0,0,0,0,0,0,0,0,0,0,0,0,0,0,37,0,0,235,1,1,0,0,1,1,1,1,1,1,2,2,0,0,0,0
962,WLNM_dir_neg,1,0.5,00:00:01,10,30,7,1981780280,threshold_sweep,0.8,1,1,1,2,0,0,4,1,1,0,0,1,1,1,1,0.555555555556,1,1,1,37,35,2,0,37,0,35,0,2,17,37,0.136029411765,1.88235294118,4.35294117647,3.36363636364,2.84615384615,1.69341284359,0.389027274878,0.193958664547,2.09866904602,0.964253345467,0.518282988871,1.87867287326,0.863174022847,0.470588235294,0.786197569093,0.41766745858,2.25,1.88235294118,0.786197569093,2.25,0.166339869281,0.0612244897959,3,0.00441176470588,0.185952380952,17,17,17,1,0,0.352941176471,0.411764705882,0.235294117647,17,0.128676470588,1.90196078431,4.11764705882,3.18181818182,2.69230769231,1.57648156274,0.382859808093,0.201680672269,2.01465221053,0.978545359402,0.524369747899,1.74894926439,0.849489642704,0.463865546218,0.814492905316,0.428238537847,2.33333333333,1.90196078431,0.814492905316,2.33333333333,0,0,0,0,0.164242424242,17,17,17,1,0,0.352941176471,0.411764705882,0.235294117647,17,37,0.136029411765,1.88235294118,4.35294117647,3.36363636364,2.84615384615,1.69341284359,0.389027274878,0.193958664547,2.09866904602,0.964253345467,0.518282988871,1.87867287326,0.863174022847,0.470588235294,0.786197569093,0.41766745858,2.25,1.88235294118,0.786197569093,2.25,0.166339869281,0.0612244897959,3,0.00441176470588,0.185952380952,17,17,17,1,0,0.352941176471,0.411764705882,0.235294117647,0,0,0,0,0,0,0,0,0,0,0,0,0,0,0,0,0,0,0,0,0,0,0,0,0,0,0,0,0,37,0,0,235,1,1,0,0,1,1,1,1,1,1,2,2,0,0,0,0
963,WLNM_dir_neg,1,0.5,00:00:01,10,30,7,1981780280,threshold_sweep,0.9,1,1,1,2,0,0,4,1,1,0,0,1,1,1,1,0.555555555556,1,1,1,37,35,2,0,37,0,35,0,2,17,37,0.136029411765,1.88235294118,4.35294117647,3.36363636364,2.84615384615,1.69341284359,0.389027274878,0.193958664547,2.09866904602,0.964253345467,0.518282988871,1.87867287326,0.863174022847,0.470588235294,0.786197569093,0.41766745858,2.25,1.88235294118,0.786197569093,2.25,0.166339869281,0.0612244897959,3,0.00441176470588,0.185952380952,17,17,17,1,0,0.352941176471,0.411764705882,0.235294117647,17,0.128676470588,1.90196078431,4.11764705882,3.18181818182,2.69230769231,1.57648156274,0.382859808093,0.201680672269,2.01465221053,0.978545359402,0.524369747899,1.74894926439,0.849489642704,0.463865546218,0.814492905316,0.428238537847,2.33333333333,1.90196078431,0.814492905316,2.33333333333,0,0,0,0,0.164242424242,17,17,17,1,0,0.352941176471,0.411764705882,0.235294117647,17,37,0.136029411765,1.88235294118,4.35294117647,3.36363636364,2.84615384615,1.69341284359,0.389027274878,0.193958664547,2.09866904602,0.964253345467,0.518282988871,1.87867287326,0.863174022847,0.470588235294,0.786197569093,0.41766745858,2.25,1.88235294118,0.786197569093,2.25,0.166339869281,0.0612244897959,3,0.00441176470588,0.185952380952,17,17,17,1,0,0.352941176471,0.411764705882,0.235294117647,0,0,0,0,0,0,0,0,0,0,0,0,0,0,0,0,0,0,0,0,0,0,0,0,0,0,0,0,0,37,0,0,235,1,1,0,0,1,1,1,1,1,1,2,2,0,0,0,0
964,WLNM_dir_neg,1,0.5,00:00:01,10,30,8,1981780281,threshold_sweep,0.1,1,1,1,2,0,0,4,1,1,0,0,1,1,1,1,0.555555555556,1,1,1,37,35,2,0,37,0,35,0,2,17,37,0.136029411765,1.88235294118,4.35294117647,3.36363636364,2.84615384615,1.69341284359,0.389027274878,0.193958664547,2.09866904602,0.964253345467,0.518282988871,1.87867287326,0.863174022847,0.470588235294,0.786197569093,0.41766745858,2.25,1.88235294118,0.786197569093,2.25,0.166339869281,0.0612244897959,3,0.00441176470588,0.185952380952,17,17,17,1,0,0.352941176471,0.411764705882,0.235294117647,17,0.128676470588,1.90196078431,4.11764705882,3.18181818182,2.69230769231,1.57648156274,0.382859808093,0.201680672269,2.01465221053,0.978545359402,0.524369747899,1.74894926439,0.849489642704,0.463865546218,0.814492905316,0.428238537847,2.33333333333,1.90196078431,0.814492905316,2.33333333333,0,0,0,0,0.164242424242,17,17,17,1,0,0.352941176471,0.411764705882,0.235294117647,17,37,0.136029411765,1.88235294118,4.35294117647,3.36363636364,2.84615384615,1.69341284359,0.389027274878,0.193958664547,2.09866904602,0.964253345467,0.518282988871,1.87867287326,0.863174022847,0.470588235294,0.786197569093,0.41766745858,2.25,1.88235294118,0.786197569093,2.25,0.166339869281,0.0612244897959,3,0.00441176470588,0.185952380952,17,17,17,1,0,0.352941176471,0.411764705882,0.235294117647,0,0,0,0,0,0,0,0,0,0,0,0,0,0,0,0,0,0,0,0,0,0,0,0,0,0,0,0,0,37,0,0,235,1,1,0,0,1,1,1,1,1,1,2,2,0,0,0,0
965,WLNM_dir_neg,1,0.5,00:00:01,10,30,8,1981780281,threshold_sweep,0.2,1,1,1,2,0,0,4,1,1,0,0,1,1,1,1,0.555555555556,1,1,1,37,35,2,0,37,0,35,0,2,17,37,0.136029411765,1.88235294118,4.35294117647,3.36363636364,2.84615384615,1.69341284359,0.389027274878,0.193958664547,2.09866904602,0.964253345467,0.518282988871,1.87867287326,0.863174022847,0.470588235294,0.786197569093,0.41766745858,2.25,1.88235294118,0.786197569093,2.25,0.166339869281,0.0612244897959,3,0.00441176470588,0.185952380952,17,17,17,1,0,0.352941176471,0.411764705882,0.235294117647,17,0.128676470588,1.90196078431,4.11764705882,3.18181818182,2.69230769231,1.57648156274,0.382859808093,0.201680672269,2.01465221053,0.978545359402,0.524369747899,1.74894926439,0.849489642704,0.463865546218,0.814492905316,0.428238537847,2.33333333333,1.90196078431,0.814492905316,2.33333333333,0,0,0,0,0.164242424242,17,17,17,1,0,0.352941176471,0.411764705882,0.235294117647,17,37,0.136029411765,1.88235294118,4.35294117647,3.36363636364,2.84615384615,1.69341284359,0.389027274878,0.193958664547,2.09866904602,0.964253345467,0.518282988871,1.87867287326,0.863174022847,0.470588235294,0.786197569093,0.41766745858,2.25,1.88235294118,0.786197569093,2.25,0.166339869281,0.0612244897959,3,0.00441176470588,0.185952380952,17,17,17,1,0,0.352941176471,0.411764705882,0.235294117647,0,0,0,0,0,0,0,0,0,0,0,0,0,0,0,0,0,0,0,0,0,0,0,0,0,0,0,0,0,37,0,0,235,1,1,0,0,1,1,1,1,1,1,2,2,0,0,0,0
966,WLNM_dir_neg,1,0.5,00:00:01,10,30,8,1981780281,threshold_sweep,0.3,1,0.5,0.666666666667,1,0,1,4,0.5,1,0,0.5,1,0.5,0.666666666667,0.833333333333,0.611111111111,0.571428571429,0.632455532034,0.5,37,35,2,0,37,0,35,0,2,17,37,0.136029411765,1.88235294118,4.35294117647,3.36363636364,2.84615384615,1.69341284359,0.389027274878,0.193958664547,2.09866904602,0.964253345467,0.518282988871,1.87867287326,0.863174022847,0.470588235294,0.786197569093,0.41766745858,2.25,1.88235294118,0.786197569093,2.25,0.166339869281,0.0612244897959,3,0.00441176470588,0.185952380952,17,17,17,1,0,0.352941176471,0.411764705882,0.235294117647,17,0.128676470588,1.90196078431,4.11764705882,3.18181818182,2.69230769231,1.57648156274,0.382859808093,0.201680672269,2.01465221053,0.978545359402,0.524369747899,1.74894926439,0.849489642704,0.463865546218,0.814492905316,0.428238537847,2.33333333333,1.90196078431,0.814492905316,2.33333333333,0,0,0,0,0.164242424242,17,17,17,1,0,0.352941176471,0.411764705882,0.235294117647,17,36,0.132352941176,1.89705882353,4.23529411765,3.27272727273,2.76923076923,1.71498585143,0.40492721492,0.204248366013,2.05798302171,0.971825315808,0.522875816993,1.79869233546,0.849382491746,0.464052287582,0.805541469338,0.424626510969,2.25,1.89705882353,0.805541469338,2.25,0.0702614379085,0.0214285714286,1,0.00147058823529,0.175454545455,17,17,17,1,0,0.352941176471,0.411764705882,0.235294117647,-1,-0.00367647058824,0.0147058823529,-0.117647058824,-0.0909090909091,-0.0769230769231,0.0215730078386,0.0158999400418,0.0102897014662,-0.0406860243059,0.00757197034072,0.00459282812224,-0.0799805377942,-0.0137915311015,-0.00653594771242,0.0193439002456,0.00695905238854,0,0.0147058823529,0.0193439002456,0,-0.0960784313725,-0.0397959183673,-2,-0.00294117647059,-0.0104978354978,0,0,0,36,0,1,235,0.972972972973,1,0,0.027027027027,1,0.972972972973,0.986301369863,0.984301887704,0.972972972973,0.972972972973,1,2,0,0,0,0
967,WLNM_dir_neg,1,0.5,00:00:01,10,30,8,1981780281,threshold_sweep,0.4,1,0.5,0.666666666667,1,0,1,4,0.5,1,0,0.5,1,0.5,0.666666666667,0.833333333333,0.611111111111,0.571428571429,0.632455532034,0.5,37,35,2,0,37,0,35,0,2,17,37,0.136029411765,1.88235294118,4.35294117647,3.36363636364,2.84615384615,1.69341284359,0.389027274878,0.193958664547,2.09866904602,0.964253345467,0.518282988871,1.87867287326,0.863174022847,0.470588235294,0.786197569093,0.41766745858,2.25,1.88235294118,0.786197569093,2.25,0.166339869281,0.0612244897959,3,0.00441176470588,0.185952380952,17,17,17,1,0,0.352941176471,0.411764705882,0.235294117647,17,0.128676470588,1.90196078431,4.11764705882,3.18181818182,2.69230769231,1.57648156274,0.382859808093,0.201680672269,2.01465221053,0.978545359402,0.524369747899,1.74894926439,0.849489642704,0.463865546218,0.814492905316,0.428238537847,2.33333333333,1.90196078431,0.814492905316,2.33333333333,0,0,0,0,0.164242424242,17,17,17,1,0,0.352941176471,0.411764705882,0.235294117647,17,36,0.132352941176,1.89705882353,4.23529411765,3.27272727273,2.76923076923,1.71498585143,0.40492721492,0.204248366013,2.05798302171,0.971825315808,0.522875816993,1.79869233546,0.849382491746,0.464052287582,0.805541469338,0.424626510969,2.25,1.89705882353,0.805541469338,2.25,0.0702614379085,0.0214285714286,1,0.00147058823529,0.175454545455,17,17,17,1,0,0.352941176471,0.411764705882,0.235294117647,-1,-0.00367647058824,0.0147058823529,-0.117647058824,-0.0909090909091,-0.0769230769231,0.0215730078386,0.0158999400418,0.0102897014662,-0.0406860243059,0.00757197034072,0.00459282812224,-0.0799805377942,-0.0137915311015,-0.00653594771242,0.0193439002456,0.00695905238854,0,0.0147058823529,0.0193439002456,0,-0.0960784313725,-0.0397959183673,-2,-0.00294117647059,-0.0104978354978,0,0,0,36,0,1,235,0.972972972973,1,0,0.027027027027,1,0.972972972973,0.986301369863,0.984301887704,0.972972972973,0.972972972973,1,2,0,0,0,0
968,WLNM_dir_neg,1,0.5,00:00:01,10,30,8,1981780281,threshold_sweep,0.5,1,0.5,0.666666666667,1,0,1,4,0.5,1,0,0.5,1,0.5,0.666666666667,0.833333333333,0.611111111111,0.571428571429,0.632455532034,0.5,37,35,2,0,37,0,35,0,2,17,37,0.136029411765,1.88235294118,4.35294117647,3.36363636364,2.84615384615,1.69341284359,0.389027274878,0.193958664547,2.09866904602,0.964253345467,0.518282988871,1.87867287326,0.863174022847,0.470588235294,0.786197569093,0.41766745858,2.25,1.88235294118,0.786197569093,2.25,0.166339869281,0.0612244897959,3,0.00441176470588,0.185952380952,17,17,17,1,0,0.352941176471,0.411764705882,0.235294117647,17,0.128676470588,1.90196078431,4.11764705882,3.18181818182,2.69230769231,1.57648156274,0.382859808093,0.201680672269,2.01465221053,0.978545359402,0.524369747899,1.74894926439,0.849489642704,0.463865546218,0.814492905316,0.428238537847,2.33333333333,1.90196078431,0.814492905316,2.33333333333,0,0,0,0,0.164242424242,17,17,17,1,0,0.352941176471,0.411764705882,0.235294117647,17,36,0.132352941176,1.89705882353,4.23529411765,3.27272727273,2.76923076923,1.71498585143,0.40492721492,0.204248366013,2.05798302171,0.971825315808,0.522875816993,1.79869233546,0.849382491746,0.464052287582,0.805541469338,0.424626510969,2.25,1.89705882353,0.805541469338,2.25,0.0702614379085,0.0214285714286,1,0.00147058823529,0.175454545455,17,17,17,1,0,0.352941176471,0.411764705882,0.235294117647,-1,-0.00367647058824,0.0147058823529,-0.117647058824,-0.0909090909091,-0.0769230769231,0.0215730078386,0.0158999400418,0.0102897014662,-0.0406860243059,0.00757197034072,0.00459282812224,-0.0799805377942,-0.0137915311015,-0.00653594771242,0.0193439002456,0.00695905238854,0,0.0147058823529,0.0193439002456,0,-0.0960784313725,-0.0397959183673,-2,-0.00294117647059,-0.0104978354978,0,0,0,36,0,1,235,0.972972972973,1,0,0.027027027027,1,0.972972972973,0.986301369863,0.984301887704,0.972972972973,0.972972972973,1,2,0,0,0,0
969,WLNM_dir_neg,1,0.5,00:00:01,10,30,8,1981780281,threshold_sweep,0.6,1,0.5,0.666666666667,1,0,1,4,0.5,1,0,0.5,1,0.5,0.666666666667,0.833333333333,0.611111111111,0.571428571429,0.632455532034,0.5,37,35,2,0,37,0,35,0,2,17,37,0.136029411765,1.88235294118,4.35294117647,3.36363636364,2.84615384615,1.69341284359,0.389027274878,0.193958664547,2.09866904602,0.964253345467,0.518282988871,1.87867287326,0.863174022847,0.470588235294,0.786197569093,0.41766745858,2.25,1.88235294118,0.786197569093,2.25,0.166339869281,0.0612244897959,3,0.00441176470588,0.185952380952,17,17,17,1,0,0.352941176471,0.411764705882,0.235294117647,17,0.128676470588,1.90196078431,4.11764705882,3.18181818182,2.69230769231,1.57648156274,0.382859808093,0.201680672269,2.01465221053,0.978545359402,0.524369747899,1.74894926439,0.849489642704,0.463865546218,0.814492905316,0.428238537847,2.33333333333,1.90196078431,0.814492905316,2.33333333333,0,0,0,0,0.164242424242,17,17,17,1,0,0.352941176471,0.411764705882,0.235294117647,17,36,0.132352941176,1.89705882353,4.23529411765,3.27272727273,2.76923076923,1.71498585143,0.40492721492,0.204248366013,2.05798302171,0.971825315808,0.522875816993,1.79869233546,0.849382491746,0.464052287582,0.805541469338,0.424626510969,2.25,1.89705882353,0.805541469338,2.25,0.0702614379085,0.0214285714286,1,0.00147058823529,0.175454545455,17,17,17,1,0,0.352941176471,0.411764705882,0.235294117647,-1,-0.00367647058824,0.0147058823529,-0.117647058824,-0.0909090909091,-0.0769230769231,0.0215730078386,0.0158999400418,0.0102897014662,-0.0406860243059,0.00757197034072,0.00459282812224,-0.0799805377942,-0.0137915311015,-0.00653594771242,0.0193439002456,0.00695905238854,0,0.0147058823529,0.0193439002456,0,-0.0960784313725,-0.0397959183673,-2,-0.00294117647059,-0.0104978354978,0,0,0,36,0,1,235,0.972972972973,1,0,0.027027027027,1,0.972972972973,0.986301369863,0.984301887704,0.972972972973,0.972972972973,1,2,0,0,0,0
970,WLNM_dir_neg,1,0.5,00:00:01,10,30,8,1981780281,threshold_sweep,0.7,1,0.5,0.666666666667,1,0,1,4,0.5,1,0,0.5,1,0.5,0.666666666667,0.833333333333,0.611111111111,0.571428571429,0.632455532034,0.5,37,35,2,0,37,0,35,0,2,17,37,0.136029411765,1.88235294118,4.35294117647,3.36363636364,2.84615384615,1.69341284359,0.389027274878,0.193958664547,2.09866904602,0.964253345467,0.518282988871,1.87867287326,0.863174022847,0.470588235294,0.786197569093,0.41766745858,2.25,1.88235294118,0.786197569093,2.25,0.166339869281,0.0612244897959,3,0.00441176470588,0.185952380952,17,17,17,1,0,0.352941176471,0.411764705882,0.235294117647,17,0.128676470588,1.90196078431,4.11764705882,3.18181818182,2.69230769231,1.57648156274,0.382859808093,0.201680672269,2.01465221053,0.978545359402,0.524369747899,1.74894926439,0.849489642704,0.463865546218,0.814492905316,0.428238537847,2.33333333333,1.90196078431,0.814492905316,2.33333333333,0,0,0,0,0.164242424242,17,17,17,1,0,0.352941176471,0.411764705882,0.235294117647,17,36,0.132352941176,1.89705882353,4.23529411765,3.27272727273,2.76923076923,1.71498585143,0.40492721492,0.204248366013,2.05798302171,0.971825315808,0.522875816993,1.79869233546,0.849382491746,0.464052287582,0.805541469338,0.424626510969,2.25,1.89705882353,0.805541469338,2.25,0.0702614379085,0.0214285714286,1,0.00147058823529,0.175454545455,17,17,17,1,0,0.352941176471,0.411764705882,0.235294117647,-1,-0.00367647058824,0.0147058823529,-0.117647058824,-0.0909090909091,-0.0769230769231,0.0215730078386,0.0158999400418,0.0102897014662,-0.0406860243059,0.00757197034072,0.00459282812224,-0.0799805377942,-0.0137915311015,-0.00653594771242,0.0193439002456,0.00695905238854,0,0.0147058823529,0.0193439002456,0,-0.0960784313725,-0.0397959183673,-2,-0.00294117647059,-0.0104978354978,0,0,0,36,0,1,235,0.972972972973,1,0,0.027027027027,1,0.972972972973,0.986301369863,0.984301887704,0.972972972973,0.972972972973,1,2,0,0,0,0
971,WLNM_dir_neg,1,0.5,00:00:01,10,30,8,1981780281,threshold_sweep,0.8,1,0.5,0.666666666667,1,0,1,4,0.5,1,0,0.5,1,0.5,0.666666666667,0.833333333333,0.611111111111,0.571428571429,0.632455532034,0.5,37,35,2,0,37,0,35,0,2,17,37,0.136029411765,1.88235294118,4.35294117647,3.36363636364,2.84615384615,1.69341284359,0.389027274878,0.193958664547,2.09866904602,0.964253345467,0.518282988871,1.87867287326,0.863174022847,0.470588235294,0.786197569093,0.41766745858,2.25,1.88235294118,0.786197569093,2.25,0.166339869281,0.0612244897959,3,0.00441176470588,0.185952380952,17,17,17,1,0,0.352941176471,0.411764705882,0.235294117647,17,0.128676470588,1.90196078431,4.11764705882,3.18181818182,2.69230769231,1.57648156274,0.382859808093,0.201680672269,2.01465221053,0.978545359402,0.524369747899,1.74894926439,0.849489642704,0.463865546218,0.814492905316,0.428238537847,2.33333333333,1.90196078431,0.814492905316,2.33333333333,0,0,0,0,0.164242424242,17,17,17,1,0,0.352941176471,0.411764705882,0.235294117647,17,36,0.132352941176,1.89705882353,4.23529411765,3.27272727273,2.76923076923,1.71498585143,0.40492721492,0.204248366013,2.05798302171,0.971825315808,0.522875816993,1.79869233546,0.849382491746,0.464052287582,0.805541469338,0.424626510969,2.25,1.89705882353,0.805541469338,2.25,0.0702614379085,0.0214285714286,1,0.00147058823529,0.175454545455,17,17,17,1,0,0.352941176471,0.411764705882,0.235294117647,-1,-0.00367647058824,0.0147058823529,-0.117647058824,-0.0909090909091,-0.0769230769231,0.0215730078386,0.0158999400418,0.0102897014662,-0.0406860243059,0.00757197034072,0.00459282812224,-0.0799805377942,-0.0137915311015,-0.00653594771242,0.0193439002456,0.00695905238854,0,0.0147058823529,0.0193439002456,0,-0.0960784313725,-0.0397959183673,-2,-0.00294117647059,-0.0104978354978,0,0,0,36,0,1,235,0.972972972973,1,0,0.027027027027,1,0.972972972973,0.986301369863,0.984301887704,0.972972972973,0.972972972973,1,2,0,0,0,0
972,WLNM_dir_neg,1,0.5,00:00:01,10,30,8,1981780281,threshold_sweep,0.9,1,0.5,0.666666666667,1,0,1,4,0.5,1,0,0.5,1,0.5,0.666666666667,0.833333333333,0.611111111111,0.571428571429,0.632455532034,0.5,37,35,2,0,37,0,35,0,2,17,37,0.136029411765,1.88235294118,4.35294117647,3.36363636364,2.84615384615,1.69341284359,0.389027274878,0.193958664547,2.09866904602,0.964253345467,0.518282988871,1.87867287326,0.863174022847,0.470588235294,0.786197569093,0.41766745858,2.25,1.88235294118,0.786197569093,2.25,0.166339869281,0.0612244897959,3,0.00441176470588,0.185952380952,17,17,17,1,0,0.352941176471,0.411764705882,0.235294117647,17,0.128676470588,1.90196078431,4.11764705882,3.18181818182,2.69230769231,1.57648156274,0.382859808093,0.201680672269,2.01465221053,0.978545359402,0.524369747899,1.74894926439,0.849489642704,0.463865546218,0.814492905316,0.428238537847,2.33333333333,1.90196078431,0.814492905316,2.33333333333,0,0,0,0,0.164242424242,17,17,17,1,0,0.352941176471,0.411764705882,0.235294117647,17,36,0.132352941176,1.89705882353,4.23529411765,3.27272727273,2.76923076923,1.71498585143,0.40492721492,0.204248366013,2.05798302171,0.971825315808,0.522875816993,1.79869233546,0.849382491746,0.464052287582,0.805541469338,0.424626510969,2.25,1.89705882353,0.805541469338,2.25,0.0702614379085,0.0214285714286,1,0.00147058823529,0.175454545455,17,17,17,1,0,0.352941176471,0.411764705882,0.235294117647,-1,-0.00367647058824,0.0147058823529,-0.117647058824,-0.0909090909091,-0.0769230769231,0.0215730078386,0.0158999400418,0.0102897014662,-0.0406860243059,0.00757197034072,0.00459282812224,-0.0799805377942,-0.0137915311015,-0.00653594771242,0.0193439002456,0.00695905238854,0,0.0147058823529,0.0193439002456,0,-0.0960784313725,-0.0397959183673,-2,-0.00294117647059,-0.0104978354978,0,0,0,36,0,1,235,0.972972972973,1,0,0.027027027027,1,0.972972972973,0.986301369863,0.984301887704,0.972972972973,0.972972972973,1,2,0,0,0,0
973,WLNM_dir_neg,1,0.5,00:00:02,10,30,9,1981780282,threshold_sweep,0.1,0.666666666667,1,0.8,2,1,0,3,1,0.75,0.25,0,0.666666666667,1,0.8,0.833333333333,0.5,0.666666666667,0.707106781187,0.75,37,35,2,0,37,0,35,0,2,17,37,0.136029411765,1.88235294118,4.35294117647,3.36363636364,2.84615384615,1.69341284359,0.389027274878,0.193958664547,2.09866904602,0.964253345467,0.518282988871,1.87867287326,0.863174022847,0.470588235294,0.786197569093,0.41766745858,2.25,1.88235294118,0.786197569093,2.25,0.166339869281,0.0612244897959,3,0.00441176470588,0.185952380952,17,17,17,1,0,0.352941176471,0.411764705882,0.235294117647,17,0.128676470588,1.90196078431,4.11764705882,3.18181818182,2.69230769231,1.57648156274,0.382859808093,0.201680672269,2.01465221053,0.978545359402,0.524369747899,1.74894926439,0.849489642704,0.463865546218,0.814492905316,0.428238537847,2.33333333333,1.90196078431,0.814492905316,2.33333333333,0,0,0,0,0.164242424242,17,17,17,1,0,0.352941176471,0.411764705882,0.235294117647,17,38,0.139705882353,2.13617647059,4.47058823529,3.16666666667,2.92307692308,1.69991349261,0.380243807557,0.19040247678,2.04723630062,0.915868871331,0.495356037152,1.92124346989,0.859503657582,0.467492260062,0.898017833571,0.420385602938,2.5,2.13617647059,0.898017833571,2.5,0.180065359477,0.0774193548387,4,0.00588235294118,0.164051226551,17,17,17,1,0,0.294117647059,0.470588235294,0.235294117647,1,0.00367647058824,0.253823529412,0.117647058824,-0.19696969697,0.0769230769231,0.00650064902221,-0.00878346732077,-0.00355618776671,-0.0514327453931,-0.0483844741355,-0.0229269517195,0.0425705966328,-0.00367036526551,-0.0030959752322,0.111820264479,0.002718144358,0.25,0.253823529412,0.111820264479,0.25,0.0137254901961,0.0161948650428,1,0.00147058823529,-0.0219011544012,-0.0588235294118,0.0588235294118,0,37,1,0,234,1,0.995744680851,0.00425531914894,0,0.973684210526,1,0.986666666667,0.984652666406,0.995744680851,0.973684210526,3,2,0,0,0,0
974,WLNM_dir_neg,1,0.5,00:00:02,10,30,9,1981780282,threshold_sweep,0.2,0.666666666667,1,0.8,2,1,0,3,1,0.75,0.25,0,0.666666666667,1,0.8,0.833333333333,0.5,0.666666666667,0.707106781187,0.75,37,35,2,0,37,0,35,0,2,17,37,0.136029411765,1.88235294118,4.35294117647,3.36363636364,2.84615384615,1.69341284359,0.389027274878,0.193958664547,2.09866904602,0.964253345467,0.518282988871,1.87867287326,0.863174022847,0.470588235294,0.786197569093,0.41766745858,2.25,1.88235294118,0.786197569093,2.25,0.166339869281,0.0612244897959,3,0.00441176470588,0.185952380952,17,17,17,1,0,0.352941176471,0.411764705882,0.235294117647,17,0.128676470588,1.90196078431,4.11764705882,3.18181818182,2.69230769231,1.57648156274,0.382859808093,0.201680672269,2.01465221053,0.978545359402,0.524369747899,1.74894926439,0.849489642704,0.463865546218,0.814492905316,0.428238537847,2.33333333333,1.90196078431,0.814492905316,2.33333333333,0,0,0,0,0.164242424242,17,17,17,1,0,0.352941176471,0.411764705882,0.235294117647,17,38,0.139705882353,2.13617647059,4.47058823529,3.16666666667,2.92307692308,1.69991349261,0.380243807557,0.19040247678,2.04723630062,0.915868871331,0.495356037152,1.92124346989,0.859503657582,0.467492260062,0.898017833571,0.420385602938,2.5,2.13617647059,0.898017833571,2.5,0.180065359477,0.0774193548387,4,0.00588235294118,0.164051226551,17,17,17,1,0,0.294117647059,0.470588235294,0.235294117647,1,0.00367647058824,0.253823529412,0.117647058824,-0.19696969697,0.0769230769231,0.00650064902221,-0.00878346732077,-0.00355618776671,-0.0514327453931,-0.0483844741355,-0.0229269517195,0.0425705966328,-0.00367036526551,-0.0030959752322,0.111820264479,0.002718144358,0.25,0.253823529412,0.111820264479,0.25,0.0137254901961,0.0161948650428,1,0.00147058823529,-0.0219011544012,-0.0588235294118,0.0588235294118,0,37,1,0,234,1,0.995744680851,0.00425531914894,0,0.973684210526,1,0.986666666667,0.984652666406,0.995744680851,0.973684210526,3,2,0,0,0,0
975,WLNM_dir_neg,1,0.5,00:00:02,10,30,9,1981780282,threshold_sweep,0.3,0.666666666667,1,0.8,2,1,0,3,1,0.75,0.25,0,0.666666666667,1,0.8,0.833333333333,0.5,0.666666666667,0.707106781187,0.75,37,35,2,0,37,0,35,0,2,17,37,0.136029411765,1.88235294118,4.35294117647,3.36363636364,2.84615384615,1.69341284359,0.389027274878,0.193958664547,2.09866904602,0.964253345467,0.518282988871,1.87867287326,0.863174022847,0.470588235294,0.786197569093,0.41766745858,2.25,1.88235294118,0.786197569093,2.25,0.166339869281,0.0612244897959,3,0.00441176470588,0.185952380952,17,17,17,1,0,0.352941176471,0.411764705882,0.235294117647,17,0.128676470588,1.90196078431,4.11764705882,3.18181818182,2.69230769231,1.57648156274,0.382859808093,0.201680672269,2.01465221053,0.978545359402,0.524369747899,1.74894926439,0.849489642704,0.463865546218,0.814492905316,0.428238537847,2.33333333333,1.90196078431,0.814492905316,2.33333333333,0,0,0,0,0.164242424242,17,17,17,1,0,0.352941176471,0.411764705882,0.235294117647,17,38,0.139705882353,2.13617647059,4.47058823529,3.16666666667,2.92307692308,1.69991349261,0.380243807557,0.19040247678,2.04723630062,0.915868871331,0.495356037152,1.92124346989,0.859503657582,0.467492260062,0.898017833571,0.420385602938,2.5,2.13617647059,0.898017833571,2.5,0.180065359477,0.0774193548387,4,0.00588235294118,0.164051226551,17,17,17,1,0,0.294117647059,0.470588235294,0.235294117647,1,0.00367647058824,0.253823529412,0.117647058824,-0.19696969697,0.0769230769231,0.00650064902221,-0.00878346732077,-0.00355618776671,-0.0514327453931,-0.0483844741355,-0.0229269517195,0.0425705966328,-0.00367036526551,-0.0030959752322,0.111820264479,0.002718144358,0.25,0.253823529412,0.111820264479,0.25,0.0137254901961,0.0161948650428,1,0.00147058823529,-0.0219011544012,-0.0588235294118,0.0588235294118,0,37,1,0,234,1,0.995744680851,0.00425531914894,0,0.973684210526,1,0.986666666667,0.984652666406,0.995744680851,0.973684210526,3,2,0,0,0,0
976,WLNM_dir_neg,1,0.5,00:00:02,10,30,9,1981780282,threshold_sweep,0.4,0.666666666667,1,0.8,2,1,0,3,1,0.75,0.25,0,0.666666666667,1,0.8,0.833333333333,0.5,0.666666666667,0.707106781187,0.75,37,35,2,0,37,0,35,0,2,17,37,0.136029411765,1.88235294118,4.35294117647,3.36363636364,2.84615384615,1.69341284359,0.389027274878,0.193958664547,2.09866904602,0.964253345467,0.518282988871,1.87867287326,0.863174022847,0.470588235294,0.786197569093,0.41766745858,2.25,1.88235294118,0.786197569093,2.25,0.166339869281,0.0612244897959,3,0.00441176470588,0.185952380952,17,17,17,1,0,0.352941176471,0.411764705882,0.235294117647,17,0.128676470588,1.90196078431,4.11764705882,3.18181818182,2.69230769231,1.57648156274,0.382859808093,0.201680672269,2.01465221053,0.978545359402,0.524369747899,1.74894926439,0.849489642704,0.463865546218,0.814492905316,0.428238537847,2.33333333333,1.90196078431,0.814492905316,2.33333333333,0,0,0,0,0.164242424242,17,17,17,1,0,0.352941176471,0.411764705882,0.235294117647,17,38,0.139705882353,2.13617647059,4.47058823529,3.16666666667,2.92307692308,1.69991349261,0.380243807557,0.19040247678,2.04723630062,0.915868871331,0.495356037152,1.92124346989,0.859503657582,0.467492260062,0.898017833571,0.420385602938,2.5,2.13617647059,0.898017833571,2.5,0.180065359477,0.0774193548387,4,0.00588235294118,0.164051226551,17,17,17,1,0,0.294117647059,0.470588235294,0.235294117647,1,0.00367647058824,0.253823529412,0.117647058824,-0.19696969697,0.0769230769231,0.00650064902221,-0.00878346732077,-0.00355618776671,-0.0514327453931,-0.0483844741355,-0.0229269517195,0.0425705966328,-0.00367036526551,-0.0030959752322,0.111820264479,0.002718144358,0.25,0.253823529412,0.111820264479,0.25,0.0137254901961,0.0161948650428,1,0.00147058823529,-0.0219011544012,-0.0588235294118,0.0588235294118,0,37,1,0,234,1,0.995744680851,0.00425531914894,0,0.973684210526,1,0.986666666667,0.984652666406,0.995744680851,0.973684210526,3,2,0,0,0,0
977,WLNM_dir_neg,1,0.5,00:00:02,10,30,9,1981780282,threshold_sweep,0.5,0.666666666667,1,0.8,2,1,0,3,1,0.75,0.25,0,0.666666666667,1,0.8,0.833333333333,0.5,0.666666666667,0.707106781187,0.75,37,35,2,0,37,0,35,0,2,17,37,0.136029411765,1.88235294118,4.35294117647,3.36363636364,2.84615384615,1.69341284359,0.389027274878,0.193958664547,2.09866904602,0.964253345467,0.518282988871,1.87867287326,0.863174022847,0.470588235294,0.786197569093,0.41766745858,2.25,1.88235294118,0.786197569093,2.25,0.166339869281,0.0612244897959,3,0.00441176470588,0.185952380952,17,17,17,1,0,0.352941176471,0.411764705882,0.235294117647,17,0.128676470588,1.90196078431,4.11764705882,3.18181818182,2.69230769231,1.57648156274,0.382859808093,0.201680672269,2.01465221053,0.978545359402,0.524369747899,1.74894926439,0.849489642704,0.463865546218,0.814492905316,0.428238537847,2.33333333333,1.90196078431,0.814492905316,2.33333333333,0,0,0,0,0.164242424242,17,17,17,1,0,0.352941176471,0.411764705882,0.235294117647,17,38,0.139705882353,2.13617647059,4.47058823529,3.16666666667,2.92307692308,1.69991349261,0.380243807557,0.19040247678,2.04723630062,0.915868871331,0.495356037152,1.92124346989,0.859503657582,0.467492260062,0.898017833571,0.420385602938,2.5,2.13617647059,0.898017833571,2.5,0.180065359477,0.0774193548387,4,0.00588235294118,0.164051226551,17,17,17,1,0,0.294117647059,0.470588235294,0.235294117647,1,0.00367647058824,0.253823529412,0.117647058824,-0.19696969697,0.0769230769231,0.00650064902221,-0.00878346732077,-0.00355618776671,-0.0514327453931,-0.0483844741355,-0.0229269517195,0.0425705966328,-0.00367036526551,-0.0030959752322,0.111820264479,0.002718144358,0.25,0.253823529412,0.111820264479,0.25,0.0137254901961,0.0161948650428,1,0.00147058823529,-0.0219011544012,-0.0588235294118,0.0588235294118,0,37,1,0,234,1,0.995744680851,0.00425531914894,0,0.973684210526,1,0.986666666667,0.984652666406,0.995744680851,0.973684210526,3,2,0,0,0,0
978,WLNM_dir_neg,1,0.5,00:00:02,10,30,9,1981780282,threshold_sweep,0.6,0.666666666667,1,0.8,2,1,0,3,1,0.75,0.25,0,0.666666666667,1,0.8,0.833333333333,0.5,0.666666666667,0.707106781187,0.75,37,35,2,0,37,0,35,0,2,17,37,0.136029411765,1.88235294118,4.35294117647,3.36363636364,2.84615384615,1.69341284359,0.389027274878,0.193958664547,2.09866904602,0.964253345467,0.518282988871,1.87867287326,0.863174022847,0.470588235294,0.786197569093,0.41766745858,2.25,1.88235294118,0.786197569093,2.25,0.166339869281,0.0612244897959,3,0.00441176470588,0.185952380952,17,17,17,1,0,0.352941176471,0.411764705882,0.235294117647,17,0.128676470588,1.90196078431,4.11764705882,3.18181818182,2.69230769231,1.57648156274,0.382859808093,0.201680672269,2.01465221053,0.978545359402,0.524369747899,1.74894926439,0.849489642704,0.463865546218,0.814492905316,0.428238537847,2.33333333333,1.90196078431,0.814492905316,2.33333333333,0,0,0,0,0.164242424242,17,17,17,1,0,0.352941176471,0.411764705882,0.235294117647,17,38,0.139705882353,2.13617647059,4.47058823529,3.16666666667,2.92307692308,1.69991349261,0.380243807557,0.19040247678,2.04723630062,0.915868871331,0.495356037152,1.92124346989,0.859503657582,0.467492260062,0.898017833571,0.420385602938,2.5,2.13617647059,0.898017833571,2.5,0.180065359477,0.0774193548387,4,0.00588235294118,0.164051226551,17,17,17,1,0,0.294117647059,0.470588235294,0.235294117647,1,0.00367647058824,0.253823529412,0.117647058824,-0.19696969697,0.0769230769231,0.00650064902221,-0.00878346732077,-0.00355618776671,-0.0514327453931,-0.0483844741355,-0.0229269517195,0.0425705966328,-0.00367036526551,-0.0030959752322,0.111820264479,0.002718144358,0.25,0.253823529412,0.111820264479,0.25,0.0137254901961,0.0161948650428,1,0.00147058823529,-0.0219011544012,-0.0588235294118,0.0588235294118,0,37,1,0,234,1,0.995744680851,0.00425531914894,0,0.973684210526,1,0.986666666667,0.984652666406,0.995744680851,0.973684210526,3,2,0,0,0,0
979,WLNM_dir_neg,1,0.5,00:00:02,10,30,9,1981780282,threshold_sweep,0.7,0.666666666667,1,0.8,2,1,0,3,1,0.75,0.25,0,0.666666666667,1,0.8,0.833333333333,0.5,0.666666666667,0.707106781187,0.75,37,35,2,0,37,0,35,0,2,17,37,0.136029411765,1.88235294118,4.35294117647,3.36363636364,2.84615384615,1.69341284359,0.389027274878,0.193958664547,2.09866904602,0.964253345467,0.518282988871,1.87867287326,0.863174022847,0.470588235294,0.786197569093,0.41766745858,2.25,1.88235294118,0.786197569093,2.25,0.166339869281,0.0612244897959,3,0.00441176470588,0.185952380952,17,17,17,1,0,0.352941176471,0.411764705882,0.235294117647,17,0.128676470588,1.90196078431,4.11764705882,3.18181818182,2.69230769231,1.57648156274,0.382859808093,0.201680672269,2.01465221053,0.978545359402,0.524369747899,1.74894926439,0.849489642704,0.463865546218,0.814492905316,0.428238537847,2.33333333333,1.90196078431,0.814492905316,2.33333333333,0,0,0,0,0.164242424242,17,17,17,1,0,0.352941176471,0.411764705882,0.235294117647,17,38,0.139705882353,2.13617647059,4.47058823529,3.16666666667,2.92307692308,1.69991349261,0.380243807557,0.19040247678,2.04723630062,0.915868871331,0.495356037152,1.92124346989,0.859503657582,0.467492260062,0.898017833571,0.420385602938,2.5,2.13617647059,0.898017833571,2.5,0.180065359477,0.0774193548387,4,0.00588235294118,0.164051226551,17,17,17,1,0,0.294117647059,0.470588235294,0.235294117647,1,0.00367647058824,0.253823529412,0.117647058824,-0.19696969697,0.0769230769231,0.00650064902221,-0.00878346732077,-0.00355618776671,-0.0514327453931,-0.0483844741355,-0.0229269517195,0.0425705966328,-0.00367036526551,-0.0030959752322,0.111820264479,0.002718144358,0.25,0.253823529412,0.111820264479,0.25,0.0137254901961,0.0161948650428,1,0.00147058823529,-0.0219011544012,-0.0588235294118,0.0588235294118,0,37,1,0,234,1,0.995744680851,0.00425531914894,0,0.973684210526,1,0.986666666667,0.984652666406,0.995744680851,0.973684210526,3,2,0,0,0,0
980,WLNM_dir_neg,1,0.5,00:00:02,10,30,9,1981780282,threshold_sweep,0.8,0.666666666667,1,0.8,2,1,0,3,1,0.75,0.25,0,0.666666666667,1,0.8,0.833333333333,0.5,0.666666666667,0.707106781187,0.75,37,35,2,0,37,0,35,0,2,17,37,0.136029411765,1.88235294118,4.35294117647,3.36363636364,2.84615384615,1.69341284359,0.389027274878,0.193958664547,2.09866904602,0.964253345467,0.518282988871,1.87867287326,0.863174022847,0.470588235294,0.786197569093,0.41766745858,2.25,1.88235294118,0.786197569093,2.25,0.166339869281,0.0612244897959,3,0.00441176470588,0.185952380952,17,17,17,1,0,0.352941176471,0.411764705882,0.235294117647,17,0.128676470588,1.90196078431,4.11764705882,3.18181818182,2.69230769231,1.57648156274,0.382859808093,0.201680672269,2.01465221053,0.978545359402,0.524369747899,1.74894926439,0.849489642704,0.463865546218,0.814492905316,0.428238537847,2.33333333333,1.90196078431,0.814492905316,2.33333333333,0,0,0,0,0.164242424242,17,17,17,1,0,0.352941176471,0.411764705882,0.235294117647,17,38,0.139705882353,2.13617647059,4.47058823529,3.16666666667,2.92307692308,1.69991349261,0.380243807557,0.19040247678,2.04723630062,0.915868871331,0.495356037152,1.92124346989,0.859503657582,0.467492260062,0.898017833571,0.420385602938,2.5,2.13617647059,0.898017833571,2.5,0.180065359477,0.0774193548387,4,0.00588235294118,0.164051226551,17,17,17,1,0,0.294117647059,0.470588235294,0.235294117647,1,0.00367647058824,0.253823529412,0.117647058824,-0.19696969697,0.0769230769231,0.00650064902221,-0.00878346732077,-0.00355618776671,-0.0514327453931,-0.0483844741355,-0.0229269517195,0.0425705966328,-0.00367036526551,-0.0030959752322,0.111820264479,0.002718144358,0.25,0.253823529412,0.111820264479,0.25,0.0137254901961,0.0161948650428,1,0.00147058823529,-0.0219011544012,-0.0588235294118,0.0588235294118,0,37,1,0,234,1,0.995744680851,0.00425531914894,0,0.973684210526,1,0.986666666667,0.984652666406,0.995744680851,0.973684210526,3,2,0,0,0,0
981,WLNM_dir_neg,1,0.5,00:00:02,10,30,9,1981780282,threshold_sweep,0.9,0.666666666667,1,0.8,2,1,0,3,1,0.75,0.25,0,0.666666666667,1,0.8,0.833333333333,0.5,0.666666666667,0.707106781187,0.75,37,35,2,0,37,0,35,0,2,17,37,0.136029411765,1.88235294118,4.35294117647,3.36363636364,2.84615384615,1.69341284359,0.389027274878,0.193958664547,2.09866904602,0.964253345467,0.518282988871,1.87867287326,0.863174022847,0.470588235294,0.786197569093,0.41766745858,2.25,1.88235294118,0.786197569093,2.25,0.166339869281,0.0612244897959,3,0.00441176470588,0.185952380952,17,17,17,1,0,0.352941176471,0.411764705882,0.235294117647,17,0.128676470588,1.90196078431,4.11764705882,3.18181818182,2.69230769231,1.57648156274,0.382859808093,0.201680672269,2.01465221053,0.978545359402,0.524369747899,1.74894926439,0.849489642704,0.463865546218,0.814492905316,0.428238537847,2.33333333333,1.90196078431,0.814492905316,2.33333333333,0,0,0,0,0.164242424242,17,17,17,1,0,0.352941176471,0.411764705882,0.235294117647,17,38,0.139705882353,2.13617647059,4.47058823529,3.16666666667,2.92307692308,1.69991349261,0.380243807557,0.19040247678,2.04723630062,0.915868871331,0.495356037152,1.92124346989,0.859503657582,0.467492260062,0.898017833571,0.420385602938,2.5,2.13617647059,0.898017833571,2.5,0.180065359477,0.0774193548387,4,0.00588235294118,0.164051226551,17,17,17,1,0,0.294117647059,0.470588235294,0.235294117647,1,0.00367647058824,0.253823529412,0.117647058824,-0.19696969697,0.0769230769231,0.00650064902221,-0.00878346732077,-0.00355618776671,-0.0514327453931,-0.0483844741355,-0.0229269517195,0.0425705966328,-0.00367036526551,-0.0030959752322,0.111820264479,0.002718144358,0.25,0.253823529412,0.111820264479,0.25,0.0137254901961,0.0161948650428,1,0.00147058823529,-0.0219011544012,-0.0588235294118,0.0588235294118,0,37,1,0,234,1,0.995744680851,0.00425531914894,0,0.973684210526,1,0.986666666667,0.984652666406,0.995744680851,0.973684210526,3,2,0,0,0,0
982,WLNM_dir_neg,1,0.5,00:00:01,10,30,10,1981780283,threshold_sweep,0.1,0.666666666667,1,0.8,2,1,0,3,1,0.75,0.25,0,0.666666666667,1,0.8,0.833333333333,0.5,0.666666666667,0.707106781187,0.75,37,35,2,0,37,0,35,0,2,17,37,0.136029411765,1.88235294118,4.35294117647,3.36363636364,2.84615384615,1.69341284359,0.389027274878,0.193958664547,2.09866904602,0.964253345467,0.518282988871,1.87867287326,0.863174022847,0.470588235294,0.786197569093,0.41766745858,2.25,1.88235294118,0.786197569093,2.25,0.166339869281,0.0612244897959,3,0.00441176470588,0.185952380952,17,17,17,1,0,0.352941176471,0.411764705882,0.235294117647,17,0.128676470588,1.90196078431,4.11764705882,3.18181818182,2.69230769231,1.57648156274,0.382859808093,0.201680672269,2.01465221053,0.978545359402,0.524369747899,1.74894926439,0.849489642704,0.463865546218,0.814492905316,0.428238537847,2.33333333333,1.90196078431,0.814492905316,2.33333333333,0,0,0,0,0.164242424242,17,17,17,1,0,0.352941176471,0.411764705882,0.235294117647,17,38,0.139705882353,2.09294117647,4.47058823529,3.16666666667,2.92307692308,1.62471716996,0.36342357749,0.179566563467,2.04723630062,0.915868871331,0.495356037152,1.88843227853,0.84482496671,0.461300309598,0.8705082187,0.415925793083,2.45,2.09294117647,0.8705082187,2.45,0.166339869281,0.0588235294118,3,0.00441176470588,0.161778499278,17,17,17,1,0,0.294117647059,0.470588235294,0.235294117647,1,0.00367647058824,0.210588235294,0.117647058824,-0.19696969697,0.0769230769231,-0.0686956736295,-0.0256036973876,-0.0143921010794,-0.0514327453931,-0.0483844741355,-0.0229269517195,0.00975940527302,-0.018349056137,-0.00928792569659,0.084310649607,-0.00174166549743,0.2,0.210588235294,0.084310649607,0.2,0,-0.00240096038415,0,0,-0.0241738816739,-0.0588235294118,0.0588235294118,0,37,1,0,234,1,0.995744680851,0.00425531914894,0,0.973684210526,1,0.986666666667,0.984652666406,0.995744680851,0.973684210526,3,2,0,0,0,0
983,WLNM_dir_neg,1,0.5,00:00:01,10,30,10,1981780283,threshold_sweep,0.2,0.666666666667,1,0.8,2,1,0,3,1,0.75,0.25,0,0.666666666667,1,0.8,0.833333333333,0.5,0.666666666667,0.707106781187,0.75,37,35,2,0,37,0,35,0,2,17,37,0.136029411765,1.88235294118,4.35294117647,3.36363636364,2.84615384615,1.69341284359,0.389027274878,0.193958664547,2.09866904602,0.964253345467,0.518282988871,1.87867287326,0.863174022847,0.470588235294,0.786197569093,0.41766745858,2.25,1.88235294118,0.786197569093,2.25,0.166339869281,0.0612244897959,3,0.00441176470588,0.185952380952,17,17,17,1,0,0.352941176471,0.411764705882,0.235294117647,17,0.128676470588,1.90196078431,4.11764705882,3.18181818182,2.69230769231,1.57648156274,0.382859808093,0.201680672269,2.01465221053,0.978545359402,0.524369747899,1.74894926439,0.849489642704,0.463865546218,0.814492905316,0.428238537847,2.33333333333,1.90196078431,0.814492905316,2.33333333333,0,0,0,0,0.164242424242,17,17,17,1,0,0.352941176471,0.411764705882,0.235294117647,17,38,0.139705882353,2.09294117647,4.47058823529,3.16666666667,2.92307692308,1.62471716996,0.36342357749,0.179566563467,2.04723630062,0.915868871331,0.495356037152,1.88843227853,0.84482496671,0.461300309598,0.8705082187,0.415925793083,2.45,2.09294117647,0.8705082187,2.45,0.166339869281,0.0588235294118,3,0.00441176470588,0.161778499278,17,17,17,1,0,0.294117647059,0.470588235294,0.235294117647,1,0.00367647058824,0.210588235294,0.117647058824,-0.19696969697,0.0769230769231,-0.0686956736295,-0.0256036973876,-0.0143921010794,-0.0514327453931,-0.0483844741355,-0.0229269517195,0.00975940527302,-0.018349056137,-0.00928792569659,0.084310649607,-0.00174166549743,0.2,0.210588235294,0.084310649607,0.2,0,-0.00240096038415,0,0,-0.0241738816739,-0.0588235294118,0.0588235294118,0,37,1,0,234,1,0.995744680851,0.00425531914894,0,0.973684210526,1,0.986666666667,0.984652666406,0.995744680851,0.973684210526,3,2,0,0,0,0
984,WLNM_dir_neg,1,0.5,00:00:01,10,30,10,1981780283,threshold_sweep,0.3,0.666666666667,1,0.8,2,1,0,3,1,0.75,0.25,0,0.666666666667,1,0.8,0.833333333333,0.5,0.666666666667,0.707106781187,0.75,37,35,2,0,37,0,35,0,2,17,37,0.136029411765,1.88235294118,4.35294117647,3.36363636364,2.84615384615,1.69341284359,0.389027274878,0.193958664547,2.09866904602,0.964253345467,0.518282988871,1.87867287326,0.863174022847,0.470588235294,0.786197569093,0.41766745858,2.25,1.88235294118,0.786197569093,2.25,0.166339869281,0.0612244897959,3,0.00441176470588,0.185952380952,17,17,17,1,0,0.352941176471,0.411764705882,0.235294117647,17,0.128676470588,1.90196078431,4.11764705882,3.18181818182,2.69230769231,1.57648156274,0.382859808093,0.201680672269,2.01465221053,0.978545359402,0.524369747899,1.74894926439,0.849489642704,0.463865546218,0.814492905316,0.428238537847,2.33333333333,1.90196078431,0.814492905316,2.33333333333,0,0,0,0,0.164242424242,17,17,17,1,0,0.352941176471,0.411764705882,0.235294117647,17,38,0.139705882353,2.09294117647,4.47058823529,3.16666666667,2.92307692308,1.62471716996,0.36342357749,0.179566563467,2.04723630062,0.915868871331,0.495356037152,1.88843227853,0.84482496671,0.461300309598,0.8705082187,0.415925793083,2.45,2.09294117647,0.8705082187,2.45,0.166339869281,0.0588235294118,3,0.00441176470588,0.161778499278,17,17,17,1,0,0.294117647059,0.470588235294,0.235294117647,1,0.00367647058824,0.210588235294,0.117647058824,-0.19696969697,0.0769230769231,-0.0686956736295,-0.0256036973876,-0.0143921010794,-0.0514327453931,-0.0483844741355,-0.0229269517195,0.00975940527302,-0.018349056137,-0.00928792569659,0.084310649607,-0.00174166549743,0.2,0.210588235294,0.084310649607,0.2,0,-0.00240096038415,0,0,-0.0241738816739,-0.0588235294118,0.0588235294118,0,37,1,0,234,1,0.995744680851,0.00425531914894,0,0.973684210526,1,0.986666666667,0.984652666406,0.995744680851,0.973684210526,3,2,0,0,0,0
985,WLNM_dir_neg,1,0.5,00:00:01,10,30,10,1981780283,threshold_sweep,0.4,0.666666666667,1,0.8,2,1,0,3,1,0.75,0.25,0,0.666666666667,1,0.8,0.833333333333,0.5,0.666666666667,0.707106781187,0.75,37,35,2,0,37,0,35,0,2,17,37,0.136029411765,1.88235294118,4.35294117647,3.36363636364,2.84615384615,1.69341284359,0.389027274878,0.193958664547,2.09866904602,0.964253345467,0.518282988871,1.87867287326,0.863174022847,0.470588235294,0.786197569093,0.41766745858,2.25,1.88235294118,0.786197569093,2.25,0.166339869281,0.0612244897959,3,0.00441176470588,0.185952380952,17,17,17,1,0,0.352941176471,0.411764705882,0.235294117647,17,0.128676470588,1.90196078431,4.11764705882,3.18181818182,2.69230769231,1.57648156274,0.382859808093,0.201680672269,2.01465221053,0.978545359402,0.524369747899,1.74894926439,0.849489642704,0.463865546218,0.814492905316,0.428238537847,2.33333333333,1.90196078431,0.814492905316,2.33333333333,0,0,0,0,0.164242424242,17,17,17,1,0,0.352941176471,0.411764705882,0.235294117647,17,38,0.139705882353,2.09294117647,4.47058823529,3.16666666667,2.92307692308,1.62471716996,0.36342357749,0.179566563467,2.04723630062,0.915868871331,0.495356037152,1.88843227853,0.84482496671,0.461300309598,0.8705082187,0.415925793083,2.45,2.09294117647,0.8705082187,2.45,0.166339869281,0.0588235294118,3,0.00441176470588,0.161778499278,17,17,17,1,0,0.294117647059,0.470588235294,0.235294117647,1,0.00367647058824,0.210588235294,0.117647058824,-0.19696969697,0.0769230769231,-0.0686956736295,-0.0256036973876,-0.0143921010794,-0.0514327453931,-0.0483844741355,-0.0229269517195,0.00975940527302,-0.018349056137,-0.00928792569659,0.084310649607,-0.00174166549743,0.2,0.210588235294,0.084310649607,0.2,0,-0.00240096038415,0,0,-0.0241738816739,-0.0588235294118,0.0588235294118,0,37,1,0,234,1,0.995744680851,0.00425531914894,0,0.973684210526,1,0.986666666667,0.984652666406,0.995744680851,0.973684210526,3,2,0,0,0,0
986,WLNM_dir_neg,1,0.5,00:00:01,10,30,10,1981780283,threshold_sweep,0.5,0.666666666667,1,0.8,2,1,0,3,1,0.75,0.25,0,0.666666666667,1,0.8,0.833333333333,0.5,0.666666666667,0.707106781187,0.75,37,35,2,0,37,0,35,0,2,17,37,0.136029411765,1.88235294118,4.35294117647,3.36363636364,2.84615384615,1.69341284359,0.389027274878,0.193958664547,2.09866904602,0.964253345467,0.518282988871,1.87867287326,0.863174022847,0.470588235294,0.786197569093,0.41766745858,2.25,1.88235294118,0.786197569093,2.25,0.166339869281,0.0612244897959,3,0.00441176470588,0.185952380952,17,17,17,1,0,0.352941176471,0.411764705882,0.235294117647,17,0.128676470588,1.90196078431,4.11764705882,3.18181818182,2.69230769231,1.57648156274,0.382859808093,0.201680672269,2.01465221053,0.978545359402,0.524369747899,1.74894926439,0.849489642704,0.463865546218,0.814492905316,0.428238537847,2.33333333333,1.90196078431,0.814492905316,2.33333333333,0,0,0,0,0.164242424242,17,17,17,1,0,0.352941176471,0.411764705882,0.235294117647,17,38,0.139705882353,2.09294117647,4.47058823529,3.16666666667,2.92307692308,1.62471716996,0.36342357749,0.179566563467,2.04723630062,0.915868871331,0.495356037152,1.88843227853,0.84482496671,0.461300309598,0.8705082187,0.415925793083,2.45,2.09294117647,0.8705082187,2.45,0.166339869281,0.0588235294118,3,0.00441176470588,0.161778499278,17,17,17,1,0,0.294117647059,0.470588235294,0.235294117647,1,0.00367647058824,0.210588235294,0.117647058824,-0.19696969697,0.0769230769231,-0.0686956736295,-0.0256036973876,-0.0143921010794,-0.0514327453931,-0.0483844741355,-0.0229269517195,0.00975940527302,-0.018349056137,-0.00928792569659,0.084310649607,-0.00174166549743,0.2,0.210588235294,0.084310649607,0.2,0,-0.00240096038415,0,0,-0.0241738816739,-0.0588235294118,0.0588235294118,0,37,1,0,234,1,0.995744680851,0.00425531914894,0,0.973684210526,1,0.986666666667,0.984652666406,0.995744680851,0.973684210526,3,2,0,0,0,0
987,WLNM_dir_neg,1,0.5,00:00:01,10,30,10,1981780283,threshold_sweep,0.6,0.666666666667,1,0.8,2,1,0,3,1,0.75,0.25,0,0.666666666667,1,0.8,0.833333333333,0.5,0.666666666667,0.707106781187,0.75,37,35,2,0,37,0,35,0,2,17,37,0.136029411765,1.88235294118,4.35294117647,3.36363636364,2.84615384615,1.69341284359,0.389027274878,0.193958664547,2.09866904602,0.964253345467,0.518282988871,1.87867287326,0.863174022847,0.470588235294,0.786197569093,0.41766745858,2.25,1.88235294118,0.786197569093,2.25,0.166339869281,0.0612244897959,3,0.00441176470588,0.185952380952,17,17,17,1,0,0.352941176471,0.411764705882,0.235294117647,17,0.128676470588,1.90196078431,4.11764705882,3.18181818182,2.69230769231,1.57648156274,0.382859808093,0.201680672269,2.01465221053,0.978545359402,0.524369747899,1.74894926439,0.849489642704,0.463865546218,0.814492905316,0.428238537847,2.33333333333,1.90196078431,0.814492905316,2.33333333333,0,0,0,0,0.164242424242,17,17,17,1,0,0.352941176471,0.411764705882,0.235294117647,17,38,0.139705882353,2.09294117647,4.47058823529,3.16666666667,2.92307692308,1.62471716996,0.36342357749,0.179566563467,2.04723630062,0.915868871331,0.495356037152,1.88843227853,0.84482496671,0.461300309598,0.8705082187,0.415925793083,2.45,2.09294117647,0.8705082187,2.45,0.166339869281,0.0588235294118,3,0.00441176470588,0.161778499278,17,17,17,1,0,0.294117647059,0.470588235294,0.235294117647,1,0.00367647058824,0.210588235294,0.117647058824,-0.19696969697,0.0769230769231,-0.0686956736295,-0.0256036973876,-0.0143921010794,-0.0514327453931,-0.0483844741355,-0.0229269517195,0.00975940527302,-0.018349056137,-0.00928792569659,0.084310649607,-0.00174166549743,0.2,0.210588235294,0.084310649607,0.2,0,-0.00240096038415,0,0,-0.0241738816739,-0.0588235294118,0.0588235294118,0,37,1,0,234,1,0.995744680851,0.00425531914894,0,0.973684210526,1,0.986666666667,0.984652666406,0.995744680851,0.973684210526,3,2,0,0,0,0
988,WLNM_dir_neg,1,0.5,00:00:01,10,30,10,1981780283,threshold_sweep,0.7,0.666666666667,1,0.8,2,1,0,3,1,0.75,0.25,0,0.666666666667,1,0.8,0.833333333333,0.5,0.666666666667,0.707106781187,0.75,37,35,2,0,37,0,35,0,2,17,37,0.136029411765,1.88235294118,4.35294117647,3.36363636364,2.84615384615,1.69341284359,0.389027274878,0.193958664547,2.09866904602,0.964253345467,0.518282988871,1.87867287326,0.863174022847,0.470588235294,0.786197569093,0.41766745858,2.25,1.88235294118,0.786197569093,2.25,0.166339869281,0.0612244897959,3,0.00441176470588,0.185952380952,17,17,17,1,0,0.352941176471,0.411764705882,0.235294117647,17,0.128676470588,1.90196078431,4.11764705882,3.18181818182,2.69230769231,1.57648156274,0.382859808093,0.201680672269,2.01465221053,0.978545359402,0.524369747899,1.74894926439,0.849489642704,0.463865546218,0.814492905316,0.428238537847,2.33333333333,1.90196078431,0.814492905316,2.33333333333,0,0,0,0,0.164242424242,17,17,17,1,0,0.352941176471,0.411764705882,0.235294117647,17,38,0.139705882353,2.09294117647,4.47058823529,3.16666666667,2.92307692308,1.62471716996,0.36342357749,0.179566563467,2.04723630062,0.915868871331,0.495356037152,1.88843227853,0.84482496671,0.461300309598,0.8705082187,0.415925793083,2.45,2.09294117647,0.8705082187,2.45,0.166339869281,0.0588235294118,3,0.00441176470588,0.161778499278,17,17,17,1,0,0.294117647059,0.470588235294,0.235294117647,1,0.00367647058824,0.210588235294,0.117647058824,-0.19696969697,0.0769230769231,-0.0686956736295,-0.0256036973876,-0.0143921010794,-0.0514327453931,-0.0483844741355,-0.0229269517195,0.00975940527302,-0.018349056137,-0.00928792569659,0.084310649607,-0.00174166549743,0.2,0.210588235294,0.084310649607,0.2,0,-0.00240096038415,0,0,-0.0241738816739,-0.0588235294118,0.0588235294118,0,37,1,0,234,1,0.995744680851,0.00425531914894,0,0.973684210526,1,0.986666666667,0.984652666406,0.995744680851,0.973684210526,3,2,0,0,0,0
989,WLNM_dir_neg,1,0.5,00:00:01,10,30,10,1981780283,threshold_sweep,0.8,0.666666666667,1,0.8,2,1,0,3,1,0.75,0.25,0,0.666666666667,1,0.8,0.833333333333,0.5,0.666666666667,0.707106781187,0.75,37,35,2,0,37,0,35,0,2,17,37,0.136029411765,1.88235294118,4.35294117647,3.36363636364,2.84615384615,1.69341284359,0.389027274878,0.193958664547,2.09866904602,0.964253345467,0.518282988871,1.87867287326,0.863174022847,0.470588235294,0.786197569093,0.41766745858,2.25,1.88235294118,0.786197569093,2.25,0.166339869281,0.0612244897959,3,0.00441176470588,0.185952380952,17,17,17,1,0,0.352941176471,0.411764705882,0.235294117647,17,0.128676470588,1.90196078431,4.11764705882,3.18181818182,2.69230769231,1.57648156274,0.382859808093,0.201680672269,2.01465221053,0.978545359402,0.524369747899,1.74894926439,0.849489642704,0.463865546218,0.814492905316,0.428238537847,2.33333333333,1.90196078431,0.814492905316,2.33333333333,0,0,0,0,0.164242424242,17,17,17,1,0,0.352941176471,0.411764705882,0.235294117647,17,38,0.139705882353,2.09294117647,4.47058823529,3.16666666667,2.92307692308,1.62471716996,0.36342357749,0.179566563467,2.04723630062,0.915868871331,0.495356037152,1.88843227853,0.84482496671,0.461300309598,0.8705082187,0.415925793083,2.45,2.09294117647,0.8705082187,2.45,0.166339869281,0.0588235294118,3,0.00441176470588,0.161778499278,17,17,17,1,0,0.294117647059,0.470588235294,0.235294117647,1,0.00367647058824,0.210588235294,0.117647058824,-0.19696969697,0.0769230769231,-0.0686956736295,-0.0256036973876,-0.0143921010794,-0.0514327453931,-0.0483844741355,-0.0229269517195,0.00975940527302,-0.018349056137,-0.00928792569659,0.084310649607,-0.00174166549743,0.2,0.210588235294,0.084310649607,0.2,0,-0.00240096038415,0,0,-0.0241738816739,-0.0588235294118,0.0588235294118,0,37,1,0,234,1,0.995744680851,0.00425531914894,0,0.973684210526,1,0.986666666667,0.984652666406,0.995744680851,0.973684210526,3,2,0,0,0,0
990,WLNM_dir_neg,1,0.5,00:00:01,10,30,10,1981780283,threshold_sweep,0.9,0.666666666667,1,0.8,2,1,0,3,1,0.75,0.25,0,0.666666666667,1,0.8,0.833333333333,0.5,0.666666666667,0.707106781187,0.75,37,35,2,0,37,0,35,0,2,17,37,0.136029411765,1.88235294118,4.35294117647,3.36363636364,2.84615384615,1.69341284359,0.389027274878,0.193958664547,2.09866904602,0.964253345467,0.518282988871,1.87867287326,0.863174022847,0.470588235294,0.786197569093,0.41766745858,2.25,1.88235294118,0.786197569093,2.25,0.166339869281,0.0612244897959,3,0.00441176470588,0.185952380952,17,17,17,1,0,0.352941176471,0.411764705882,0.235294117647,17,0.128676470588,1.90196078431,4.11764705882,3.18181818182,2.69230769231,1.57648156274,0.382859808093,0.201680672269,2.01465221053,0.978545359402,0.524369747899,1.74894926439,0.849489642704,0.463865546218,0.814492905316,0.428238537847,2.33333333333,1.90196078431,0.814492905316,2.33333333333,0,0,0,0,0.164242424242,17,17,17,1,0,0.352941176471,0.411764705882,0.235294117647,17,38,0.139705882353,2.09294117647,4.47058823529,3.16666666667,2.92307692308,1.62471716996,0.36342357749,0.179566563467,2.04723630062,0.915868871331,0.495356037152,1.88843227853,0.84482496671,0.461300309598,0.8705082187,0.415925793083,2.45,2.09294117647,0.8705082187,2.45,0.166339869281,0.0588235294118,3,0.00441176470588,0.161778499278,17,17,17,1,0,0.294117647059,0.470588235294,0.235294117647,1,0.00367647058824,0.210588235294,0.117647058824,-0.19696969697,0.0769230769231,-0.0686956736295,-0.0256036973876,-0.0143921010794,-0.0514327453931,-0.0483844741355,-0.0229269517195,0.00975940527302,-0.018349056137,-0.00928792569659,0.084310649607,-0.00174166549743,0.2,0.210588235294,0.084310649607,0.2,0,-0.00240096038415,0,0,-0.0241738816739,-0.0588235294118,0.0588235294118,0,37,1,0,234,1,0.995744680851,0.00425531914894,0,0.973684210526,1,0.986666666667,0.984652666406,0.995744680851,0.973684210526,3,2,0,0,0,0
991,WLNM_dir_neg,1,0.5,00:00:01,10,30,11,1981780284,threshold_sweep,0.1,0.666666666667,1,0.8,2,1,0,3,1,0.75,0.25,0,0.666666666667,1,0.8,0.833333333333,0.5,0.666666666667,0.707106781187,0.75,37,35,2,0,37,0,35,0,2,17,37,0.136029411765,1.88235294118,4.35294117647,3.36363636364,2.84615384615,1.69341284359,0.389027274878,0.193958664547,2.09866904602,0.964253345467,0.518282988871,1.87867287326,0.863174022847,0.470588235294,0.786197569093,0.41766745858,2.25,1.88235294118,0.786197569093,2.25,0.166339869281,0.0612244897959,3,0.00441176470588,0.185952380952,17,17,17,1,0,0.352941176471,0.411764705882,0.235294117647,17,0.128676470588,1.90196078431,4.11764705882,3.18181818182,2.69230769231,1.57648156274,0.382859808093,0.201680672269,2.01465221053,0.978545359402,0.524369747899,1.74894926439,0.849489642704,0.463865546218,0.814492905316,0.428238537847,2.33333333333,1.90196078431,0.814492905316,2.33333333333,0,0,0,0,0.164242424242,17,17,17,1,0,0.352941176471,0.411764705882,0.235294117647,17,38,0.139705882353,1.89705882353,4.47058823529,3.45454545455,2.71428571429,1.73629084037,0.388380845872,0.198142414861,2.16591238756,0.968960804961,0.517027863777,1.82103719638,0.814674535221,0.442724458204,0.805541469338,0.424626510969,2.25,1.89705882353,0.805541469338,2.25,0.185620915033,0.0961538461538,5,0.00735294117647,0.181154401154,17,17,17,1,0,0.352941176471,0.470588235294,0.176470588235,1,0.00367647058824,0.0147058823529,0.117647058824,0.0909090909091,-0.131868131868,0.0428779967836,-0.000646429005719,0.00418375031378,0.0672433415445,0.00470745949447,-0.00125512509413,-0.0576356768785,-0.0484994876259,-0.0278637770898,0.0193439002456,0.00695905238854,0,0.0147058823529,0.0193439002456,0,0.0192810457516,0.0349293563579,2,0.00294117647059,-0.00479797979798,0,0.0588235294118,-0.0588235294118,37,1,0,234,1,0.995744680851,0.00425531914894,0,0.973684210526,1,0.986666666667,0.984652666406,0.995744680851,0.973684210526,3,2,0,0,0,0
992,WLNM_dir_neg,1,0.5,00:00:01,10,30,11,1981780284,threshold_sweep,0.2,1,1,1,2,0,0,4,1,1,0,0,1,1,1,1,0.555555555556,1,1,1,37,35,2,0,37,0,35,0,2,17,37,0.136029411765,1.88235294118,4.35294117647,3.36363636364,2.84615384615,1.69341284359,0.389027274878,0.193958664547,2.09866904602,0.964253345467,0.518282988871,1.87867287326,0.863174022847,0.470588235294,0.786197569093,0.41766745858,2.25,1.88235294118,0.786197569093,2.25,0.166339869281,0.0612244897959,3,0.00441176470588,0.185952380952,17,17,17,1,0,0.352941176471,0.411764705882,0.235294117647,17,0.128676470588,1.90196078431,4.11764705882,3.18181818182,2.69230769231,1.57648156274,0.382859808093,0.201680672269,2.01465221053,0.978545359402,0.524369747899,1.74894926439,0.849489642704,0.463865546218,0.814492905316,0.428238537847,2.33333333333,1.90196078431,0.814492905316,2.33333333333,0,0,0,0,0.164242424242,17,17,17,1,0,0.352941176471,0.411764705882,0.235294117647,17,37,0.136029411765,1.88235294118,4.35294117647,3.36363636364,2.84615384615,1.69341284359,0.389027274878,0.193958664547,2.09866904602,0.964253345467,0.518282988871,1.87867287326,0.863174022847,0.470588235294,0.786197569093,0.41766745858,2.25,1.88235294118,0.786197569093,2.25,0.166339869281,0.0612244897959,3,0.00441176470588,0.185952380952,17,17,17,1,0,0.352941176471,0.411764705882,0.235294117647,0,0,0,0,0,0,0,0,0,0,0,0,0,0,0,0,0,0,0,0,0,0,0,0,0,0,0,0,0,37,0,0,235,1,1,0,0,1,1,1,1,1,1,2,2,0,0,0,0
993,WLNM_dir_neg,1,0.5,00:00:01,10,30,11,1981780284,threshold_sweep,0.3,1,1,1,2,0,0,4,1,1,0,0,1,1,1,1,0.555555555556,1,1,1,37,35,2,0,37,0,35,0,2,17,37,0.136029411765,1.88235294118,4.35294117647,3.36363636364,2.84615384615,1.69341284359,0.389027274878,0.193958664547,2.09866904602,0.964253345467,0.518282988871,1.87867287326,0.863174022847,0.470588235294,0.786197569093,0.41766745858,2.25,1.88235294118,0.786197569093,2.25,0.166339869281,0.0612244897959,3,0.00441176470588,0.185952380952,17,17,17,1,0,0.352941176471,0.411764705882,0.235294117647,17,0.128676470588,1.90196078431,4.11764705882,3.18181818182,2.69230769231,1.57648156274,0.382859808093,0.201680672269,2.01465221053,0.978545359402,0.524369747899,1.74894926439,0.849489642704,0.463865546218,0.814492905316,0.428238537847,2.33333333333,1.90196078431,0.814492905316,2.33333333333,0,0,0,0,0.164242424242,17,17,17,1,0,0.352941176471,0.411764705882,0.235294117647,17,37,0.136029411765,1.88235294118,4.35294117647,3.36363636364,2.84615384615,1.69341284359,0.389027274878,0.193958664547,2.09866904602,0.964253345467,0.518282988871,1.87867287326,0.863174022847,0.470588235294,0.786197569093,0.41766745858,2.25,1.88235294118,0.786197569093,2.25,0.166339869281,0.0612244897959,3,0.00441176470588,0.185952380952,17,17,17,1,0,0.352941176471,0.411764705882,0.235294117647,0,0,0,0,0,0,0,0,0,0,0,0,0,0,0,0,0,0,0,0,0,0,0,0,0,0,0,0,0,37,0,0,235,1,1,0,0,1,1,1,1,1,1,2,2,0,0,0,0
994,WLNM_dir_neg,1,0.5,00:00:01,10,30,11,1981780284,threshold_sweep,0.4,1,1,1,2,0,0,4,1,1,0,0,1,1,1,1,0.555555555556,1,1,1,37,35,2,0,37,0,35,0,2,17,37,0.136029411765,1.88235294118,4.35294117647,3.36363636364,2.84615384615,1.69341284359,0.389027274878,0.193958664547,2.09866904602,0.964253345467,0.518282988871,1.87867287326,0.863174022847,0.470588235294,0.786197569093,0.41766745858,2.25,1.88235294118,0.786197569093,2.25,0.166339869281,0.0612244897959,3,0.00441176470588,0.185952380952,17,17,17,1,0,0.352941176471,0.411764705882,0.235294117647,17,0.128676470588,1.90196078431,4.11764705882,3.18181818182,2.69230769231,1.57648156274,0.382859808093,0.201680672269,2.01465221053,0.978545359402,0.524369747899,1.74894926439,0.849489642704,0.463865546218,0.814492905316,0.428238537847,2.33333333333,1.90196078431,0.814492905316,2.33333333333,0,0,0,0,0.164242424242,17,17,17,1,0,0.352941176471,0.411764705882,0.235294117647,17,37,0.136029411765,1.88235294118,4.35294117647,3.36363636364,2.84615384615,1.69341284359,0.389027274878,0.193958664547,2.09866904602,0.964253345467,0.518282988871,1.87867287326,0.863174022847,0.470588235294,0.786197569093,0.41766745858,2.25,1.88235294118,0.786197569093,2.25,0.166339869281,0.0612244897959,3,0.00441176470588,0.185952380952,17,17,17,1,0,0.352941176471,0.411764705882,0.235294117647,0,0,0,0,0,0,0,0,0,0,0,0,0,0,0,0,0,0,0,0,0,0,0,0,0,0,0,0,0,37,0,0,235,1,1,0,0,1,1,1,1,1,1,2,2,0,0,0,0
995,WLNM_dir_neg,1,0.5,00:00:01,10,30,11,1981780284,threshold_sweep,0.5,1,1,1,2,0,0,4,1,1,0,0,1,1,1,1,0.555555555556,1,1,1,37,35,2,0,37,0,35,0,2,17,37,0.136029411765,1.88235294118,4.35294117647,3.36363636364,2.84615384615,1.69341284359,0.389027274878,0.193958664547,2.09866904602,0.964253345467,0.518282988871,1.87867287326,0.863174022847,0.470588235294,0.786197569093,0.41766745858,2.25,1.88235294118,0.786197569093,2.25,0.166339869281,0.0612244897959,3,0.00441176470588,0.185952380952,17,17,17,1,0,0.352941176471,0.411764705882,0.235294117647,17,0.128676470588,1.90196078431,4.11764705882,3.18181818182,2.69230769231,1.57648156274,0.382859808093,0.201680672269,2.01465221053,0.978545359402,0.524369747899,1.74894926439,0.849489642704,0.463865546218,0.814492905316,0.428238537847,2.33333333333,1.90196078431,0.814492905316,2.33333333333,0,0,0,0,0.164242424242,17,17,17,1,0,0.352941176471,0.411764705882,0.235294117647,17,37,0.136029411765,1.88235294118,4.35294117647,3.36363636364,2.84615384615,1.69341284359,0.389027274878,0.193958664547,2.09866904602,0.964253345467,0.518282988871,1.87867287326,0.863174022847,0.470588235294,0.786197569093,0.41766745858,2.25,1.88235294118,0.786197569093,2.25,0.166339869281,0.0612244897959,3,0.00441176470588,0.185952380952,17,17,17,1,0,0.352941176471,0.411764705882,0.235294117647,0,0,0,0,0,0,0,0,0,0,0,0,0,0,0,0,0,0,0,0,0,0,0,0,0,0,0,0,0,37,0,0,235,1,1,0,0,1,1,1,1,1,1,2,2,0,0,0,0
996,WLNM_dir_neg,1,0.5,00:00:01,10,30,11,1981780284,threshold_sweep,0.6,1,1,1,2,0,0,4,1,1,0,0,1,1,1,1,0.555555555556,1,1,1,37,35,2,0,37,0,35,0,2,17,37,0.136029411765,1.88235294118,4.35294117647,3.36363636364,2.84615384615,1.69341284359,0.389027274878,0.193958664547,2.09866904602,0.964253345467,0.518282988871,1.87867287326,0.863174022847,0.470588235294,0.786197569093,0.41766745858,2.25,1.88235294118,0.786197569093,2.25,0.166339869281,0.0612244897959,3,0.00441176470588,0.185952380952,17,17,17,1,0,0.352941176471,0.411764705882,0.235294117647,17,0.128676470588,1.90196078431,4.11764705882,3.18181818182,2.69230769231,1.57648156274,0.382859808093,0.201680672269,2.01465221053,0.978545359402,0.524369747899,1.74894926439,0.849489642704,0.463865546218,0.814492905316,0.428238537847,2.33333333333,1.90196078431,0.814492905316,2.33333333333,0,0,0,0,0.164242424242,17,17,17,1,0,0.352941176471,0.411764705882,0.235294117647,17,37,0.136029411765,1.88235294118,4.35294117647,3.36363636364,2.84615384615,1.69341284359,0.389027274878,0.193958664547,2.09866904602,0.964253345467,0.518282988871,1.87867287326,0.863174022847,0.470588235294,0.786197569093,0.41766745858,2.25,1.88235294118,0.786197569093,2.25,0.166339869281,0.0612244897959,3,0.00441176470588,0.185952380952,17,17,17,1,0,0.352941176471,0.411764705882,0.235294117647,0,0,0,0,0,0,0,0,0,0,0,0,0,0,0,0,0,0,0,0,0,0,0,0,0,0,0,0,0,37,0,0,235,1,1,0,0,1,1,1,1,1,1,2,2,0,0,0,0
997,WLNM_dir_neg,1,0.5,00:00:01,10,30,11,1981780284,threshold_sweep,0.7,1,1,1,2,0,0,4,1,1,0,0,1,1,1,1,0.555555555556,1,1,1,37,35,2,0,37,0,35,0,2,17,37,0.136029411765,1.88235294118,4.35294117647,3.36363636364,2.84615384615,1.69341284359,0.389027274878,0.193958664547,2.09866904602,0.964253345467,0.518282988871,1.87867287326,0.863174022847,0.470588235294,0.786197569093,0.41766745858,2.25,1.88235294118,0.786197569093,2.25,0.166339869281,0.0612244897959,3,0.00441176470588,0.185952380952,17,17,17,1,0,0.352941176471,0.411764705882,0.235294117647,17,0.128676470588,1.90196078431,4.11764705882,3.18181818182,2.69230769231,1.57648156274,0.382859808093,0.201680672269,2.01465221053,0.978545359402,0.524369747899,1.74894926439,0.849489642704,0.463865546218,0.814492905316,0.428238537847,2.33333333333,1.90196078431,0.814492905316,2.33333333333,0,0,0,0,0.164242424242,17,17,17,1,0,0.352941176471,0.411764705882,0.235294117647,17,37,0.136029411765,1.88235294118,4.35294117647,3.36363636364,2.84615384615,1.69341284359,0.389027274878,0.193958664547,2.09866904602,0.964253345467,0.518282988871,1.87867287326,0.863174022847,0.470588235294,0.786197569093,0.41766745858,2.25,1.88235294118,0.786197569093,2.25,0.166339869281,0.0612244897959,3,0.00441176470588,0.185952380952,17,17,17,1,0,0.352941176471,0.411764705882,0.235294117647,0,0,0,0,0,0,0,0,0,0,0,0,0,0,0,0,0,0,0,0,0,0,0,0,0,0,0,0,0,37,0,0,235,1,1,0,0,1,1,1,1,1,1,2,2,0,0,0,0
998,WLNM_dir_neg,1,0.5,00:00:01,10,30,11,1981780284,threshold_sweep,0.8,1,1,1,2,0,0,4,1,1,0,0,1,1,1,1,0.555555555556,1,1,1,37,35,2,0,37,0,35,0,2,17,37,0.136029411765,1.88235294118,4.35294117647,3.36363636364,2.84615384615,1.69341284359,0.389027274878,0.193958664547,2.09866904602,0.964253345467,0.518282988871,1.87867287326,0.863174022847,0.470588235294,0.786197569093,0.41766745858,2.25,1.88235294118,0.786197569093,2.25,0.166339869281,0.0612244897959,3,0.00441176470588,0.185952380952,17,17,17,1,0,0.352941176471,0.411764705882,0.235294117647,17,0.128676470588,1.90196078431,4.11764705882,3.18181818182,2.69230769231,1.57648156274,0.382859808093,0.201680672269,2.01465221053,0.978545359402,0.524369747899,1.74894926439,0.849489642704,0.463865546218,0.814492905316,0.428238537847,2.33333333333,1.90196078431,0.814492905316,2.33333333333,0,0,0,0,0.164242424242,17,17,17,1,0,0.352941176471,0.411764705882,0.235294117647,17,37,0.136029411765,1.88235294118,4.35294117647,3.36363636364,2.84615384615,1.69341284359,0.389027274878,0.193958664547,2.09866904602,0.964253345467,0.518282988871,1.87867287326,0.863174022847,0.470588235294,0.786197569093,0.41766745858,2.25,1.88235294118,0.786197569093,2.25,0.166339869281,0.0612244897959,3,0.00441176470588,0.185952380952,17,17,17,1,0,0.352941176471,0.411764705882,0.235294117647,0,0,0,0,0,0,0,0,0,0,0,0,0,0,0,0,0,0,0,0,0,0,0,0,0,0,0,0,0,37,0,0,235,1,1,0,0,1,1,1,1,1,1,2,2,0,0,0,0
999,WLNM_dir_neg,1,0.5,00:00:01,10,30,11,1981780284,threshold_sweep,0.9,1,1,1,2,0,0,4,1,1,0,0,1,1,1,1,0.555555555556,1,1,1,37,35,2,0,37,0,35,0,2,17,37,0.136029411765,1.88235294118,4.35294117647,3.36363636364,2.84615384615,1.69341284359,0.389027274878,0.193958664547,2.09866904602,0.964253345467,0.518282988871,1.87867287326,0.863174022847,0.470588235294,0.786197569093,0.41766745858,2.25,1.88235294118,0.786197569093,2.25,0.166339869281,0.0612244897959,3,0.00441176470588,0.185952380952,17,17,17,1,0,0.352941176471,0.411764705882,0.235294117647,17,0.128676470588,1.90196078431,4.11764705882,3.18181818182,2.69230769231,1.57648156274,0.382859808093,0.201680672269,2.01465221053,0.978545359402,0.524369747899,1.74894926439,0.849489642704,0.463865546218,0.814492905316,0.428238537847,2.33333333333,1.90196078431,0.814492905316,2.33333333333,0,0,0,0,0.164242424242,17,17,17,1,0,0.352941176471,0.411764705882,0.235294117647,17,37,0.136029411765,1.88235294118,4.35294117647,3.36363636364,2.84615384615,1.69341284359,0.389027274878,0.193958664547,2.09866904602,0.964253345467,0.518282988871,1.87867287326,0.863174022847,0.470588235294,0.786197569093,0.41766745858,2.25,1.88235294118,0.786197569093,2.25,0.166339869281,0.0612244897959,3,0.00441176470588,0.185952380952,17,17,17,1,0,0.352941176471,0.411764705882,0.235294117647,0,0,0,0,0,0,0,0,0,0,0,0,0,0,0,0,0,0,0,0,0,0,0,0,0,0,0,0,0,37,0,0,235,1,1,0,0,1,1,1,1,1,1,2,2,0,0,0,0
1000,WLNM_dir_neg,1,0.5,00:00:01,10,30,12,1981780285,threshold_sweep,0.1,1,1,1,2,0,0,4,1,1,0,0,1,1,1,1,0.555555555556,1,1,1,37,35,2,0,37,0,35,0,2,17,37,0.136029411765,1.88235294118,4.35294117647,3.36363636364,2.84615384615,1.69341284359,0.389027274878,0.193958664547,2.09866904602,0.964253345467,0.518282988871,1.87867287326,0.863174022847,0.470588235294,0.786197569093,0.41766745858,2.25,1.88235294118,0.786197569093,2.25,0.166339869281,0.0612244897959,3,0.00441176470588,0.185952380952,17,17,17,1,0,0.352941176471,0.411764705882,0.235294117647,17,0.128676470588,1.90196078431,4.11764705882,3.18181818182,2.69230769231,1.57648156274,0.382859808093,0.201680672269,2.01465221053,0.978545359402,0.524369747899,1.74894926439,0.849489642704,0.463865546218,0.814492905316,0.428238537847,2.33333333333,1.90196078431,0.814492905316,2.33333333333,0,0,0,0,0.164242424242,17,17,17,1,0,0.352941176471,0.411764705882,0.235294117647,17,37,0.136029411765,1.88235294118,4.35294117647,3.36363636364,2.84615384615,1.69341284359,0.389027274878,0.193958664547,2.09866904602,0.964253345467,0.518282988871,1.87867287326,0.863174022847,0.470588235294,0.786197569093,0.41766745858,2.25,1.88235294118,0.786197569093,2.25,0.166339869281,0.0612244897959,3,0.00441176470588,0.185952380952,17,17,17,1,0,0.352941176471,0.411764705882,0.235294117647,0,0,0,0,0,0,0,0,0,0,0,0,0,0,0,0,0,0,0,0,0,0,0,0,0,0,0,0,0,37,0,0,235,1,1,0,0,1,1,1,1,1,1,2,2,0,0,0,0
1001,WLNM_dir_neg,1,0.5,00:00:01,10,30,12,1981780285,threshold_sweep,0.2,1,1,1,2,0,0,4,1,1,0,0,1,1,1,1,0.555555555556,1,1,1,37,35,2,0,37,0,35,0,2,17,37,0.136029411765,1.88235294118,4.35294117647,3.36363636364,2.84615384615,1.69341284359,0.389027274878,0.193958664547,2.09866904602,0.964253345467,0.518282988871,1.87867287326,0.863174022847,0.470588235294,0.786197569093,0.41766745858,2.25,1.88235294118,0.786197569093,2.25,0.166339869281,0.0612244897959,3,0.00441176470588,0.185952380952,17,17,17,1,0,0.352941176471,0.411764705882,0.235294117647,17,0.128676470588,1.90196078431,4.11764705882,3.18181818182,2.69230769231,1.57648156274,0.382859808093,0.201680672269,2.01465221053,0.978545359402,0.524369747899,1.74894926439,0.849489642704,0.463865546218,0.814492905316,0.428238537847,2.33333333333,1.90196078431,0.814492905316,2.33333333333,0,0,0,0,0.164242424242,17,17,17,1,0,0.352941176471,0.411764705882,0.235294117647,17,37,0.136029411765,1.88235294118,4.35294117647,3.36363636364,2.84615384615,1.69341284359,0.389027274878,0.193958664547,2.09866904602,0.964253345467,0.518282988871,1.87867287326,0.863174022847,0.470588235294,0.786197569093,0.41766745858,2.25,1.88235294118,0.786197569093,2.25,0.166339869281,0.0612244897959,3,0.00441176470588,0.185952380952,17,17,17,1,0,0.352941176471,0.411764705882,0.235294117647,0,0,0,0,0,0,0,0,0,0,0,0,0,0,0,0,0,0,0,0,0,0,0,0,0,0,0,0,0,37,0,0,235,1,1,0,0,1,1,1,1,1,1,2,2,0,0,0,0
1002,WLNM_dir_neg,1,0.5,00:00:01,10,30,12,1981780285,threshold_sweep,0.3,1,1,1,2,0,0,4,1,1,0,0,1,1,1,1,0.555555555556,1,1,1,37,35,2,0,37,0,35,0,2,17,37,0.136029411765,1.88235294118,4.35294117647,3.36363636364,2.84615384615,1.69341284359,0.389027274878,0.193958664547,2.09866904602,0.964253345467,0.518282988871,1.87867287326,0.863174022847,0.470588235294,0.786197569093,0.41766745858,2.25,1.88235294118,0.786197569093,2.25,0.166339869281,0.0612244897959,3,0.00441176470588,0.185952380952,17,17,17,1,0,0.352941176471,0.411764705882,0.235294117647,17,0.128676470588,1.90196078431,4.11764705882,3.18181818182,2.69230769231,1.57648156274,0.382859808093,0.201680672269,2.01465221053,0.978545359402,0.524369747899,1.74894926439,0.849489642704,0.463865546218,0.814492905316,0.428238537847,2.33333333333,1.90196078431,0.814492905316,2.33333333333,0,0,0,0,0.164242424242,17,17,17,1,0,0.352941176471,0.411764705882,0.235294117647,17,37,0.136029411765,1.88235294118,4.35294117647,3.36363636364,2.84615384615,1.69341284359,0.389027274878,0.193958664547,2.09866904602,0.964253345467,0.518282988871,1.87867287326,0.863174022847,0.470588235294,0.786197569093,0.41766745858,2.25,1.88235294118,0.786197569093,2.25,0.166339869281,0.0612244897959,3,0.00441176470588,0.185952380952,17,17,17,1,0,0.352941176471,0.411764705882,0.235294117647,0,0,0,0,0,0,0,0,0,0,0,0,0,0,0,0,0,0,0,0,0,0,0,0,0,0,0,0,0,37,0,0,235,1,1,0,0,1,1,1,1,1,1,2,2,0,0,0,0
1003,WLNM_dir_neg,1,0.5,00:00:01,10,30,12,1981780285,threshold_sweep,0.4,1,1,1,2,0,0,4,1,1,0,0,1,1,1,1,0.555555555556,1,1,1,37,35,2,0,37,0,35,0,2,17,37,0.136029411765,1.88235294118,4.35294117647,3.36363636364,2.84615384615,1.69341284359,0.389027274878,0.193958664547,2.09866904602,0.964253345467,0.518282988871,1.87867287326,0.863174022847,0.470588235294,0.786197569093,0.41766745858,2.25,1.88235294118,0.786197569093,2.25,0.166339869281,0.0612244897959,3,0.00441176470588,0.185952380952,17,17,17,1,0,0.352941176471,0.411764705882,0.235294117647,17,0.128676470588,1.90196078431,4.11764705882,3.18181818182,2.69230769231,1.57648156274,0.382859808093,0.201680672269,2.01465221053,0.978545359402,0.524369747899,1.74894926439,0.849489642704,0.463865546218,0.814492905316,0.428238537847,2.33333333333,1.90196078431,0.814492905316,2.33333333333,0,0,0,0,0.164242424242,17,17,17,1,0,0.352941176471,0.411764705882,0.235294117647,17,37,0.136029411765,1.88235294118,4.35294117647,3.36363636364,2.84615384615,1.69341284359,0.389027274878,0.193958664547,2.09866904602,0.964253345467,0.518282988871,1.87867287326,0.863174022847,0.470588235294,0.786197569093,0.41766745858,2.25,1.88235294118,0.786197569093,2.25,0.166339869281,0.0612244897959,3,0.00441176470588,0.185952380952,17,17,17,1,0,0.352941176471,0.411764705882,0.235294117647,0,0,0,0,0,0,0,0,0,0,0,0,0,0,0,0,0,0,0,0,0,0,0,0,0,0,0,0,0,37,0,0,235,1,1,0,0,1,1,1,1,1,1,2,2,0,0,0,0
1004,WLNM_dir_neg,1,0.5,00:00:01,10,30,12,1981780285,threshold_sweep,0.5,1,1,1,2,0,0,4,1,1,0,0,1,1,1,1,0.555555555556,1,1,1,37,35,2,0,37,0,35,0,2,17,37,0.136029411765,1.88235294118,4.35294117647,3.36363636364,2.84615384615,1.69341284359,0.389027274878,0.193958664547,2.09866904602,0.964253345467,0.518282988871,1.87867287326,0.863174022847,0.470588235294,0.786197569093,0.41766745858,2.25,1.88235294118,0.786197569093,2.25,0.166339869281,0.0612244897959,3,0.00441176470588,0.185952380952,17,17,17,1,0,0.352941176471,0.411764705882,0.235294117647,17,0.128676470588,1.90196078431,4.11764705882,3.18181818182,2.69230769231,1.57648156274,0.382859808093,0.201680672269,2.01465221053,0.978545359402,0.524369747899,1.74894926439,0.849489642704,0.463865546218,0.814492905316,0.428238537847,2.33333333333,1.90196078431,0.814492905316,2.33333333333,0,0,0,0,0.164242424242,17,17,17,1,0,0.352941176471,0.411764705882,0.235294117647,17,37,0.136029411765,1.88235294118,4.35294117647,3.36363636364,2.84615384615,1.69341284359,0.389027274878,0.193958664547,2.09866904602,0.964253345467,0.518282988871,1.87867287326,0.863174022847,0.470588235294,0.786197569093,0.41766745858,2.25,1.88235294118,0.786197569093,2.25,0.166339869281,0.0612244897959,3,0.00441176470588,0.185952380952,17,17,17,1,0,0.352941176471,0.411764705882,0.235294117647,0,0,0,0,0,0,0,0,0,0,0,0,0,0,0,0,0,0,0,0,0,0,0,0,0,0,0,0,0,37,0,0,235,1,1,0,0,1,1,1,1,1,1,2,2,0,0,0,0
1005,WLNM_dir_neg,1,0.5,00:00:01,10,30,12,1981780285,threshold_sweep,0.6,1,1,1,2,0,0,4,1,1,0,0,1,1,1,1,0.555555555556,1,1,1,37,35,2,0,37,0,35,0,2,17,37,0.136029411765,1.88235294118,4.35294117647,3.36363636364,2.84615384615,1.69341284359,0.389027274878,0.193958664547,2.09866904602,0.964253345467,0.518282988871,1.87867287326,0.863174022847,0.470588235294,0.786197569093,0.41766745858,2.25,1.88235294118,0.786197569093,2.25,0.166339869281,0.0612244897959,3,0.00441176470588,0.185952380952,17,17,17,1,0,0.352941176471,0.411764705882,0.235294117647,17,0.128676470588,1.90196078431,4.11764705882,3.18181818182,2.69230769231,1.57648156274,0.382859808093,0.201680672269,2.01465221053,0.978545359402,0.524369747899,1.74894926439,0.849489642704,0.463865546218,0.814492905316,0.428238537847,2.33333333333,1.90196078431,0.814492905316,2.33333333333,0,0,0,0,0.164242424242,17,17,17,1,0,0.352941176471,0.411764705882,0.235294117647,17,37,0.136029411765,1.88235294118,4.35294117647,3.36363636364,2.84615384615,1.69341284359,0.389027274878,0.193958664547,2.09866904602,0.964253345467,0.518282988871,1.87867287326,0.863174022847,0.470588235294,0.786197569093,0.41766745858,2.25,1.88235294118,0.786197569093,2.25,0.166339869281,0.0612244897959,3,0.00441176470588,0.185952380952,17,17,17,1,0,0.352941176471,0.411764705882,0.235294117647,0,0,0,0,0,0,0,0,0,0,0,0,0,0,0,0,0,0,0,0,0,0,0,0,0,0,0,0,0,37,0,0,235,1,1,0,0,1,1,1,1,1,1,2,2,0,0,0,0
1006,WLNM_dir_neg,1,0.5,00:00:01,10,30,12,1981780285,threshold_sweep,0.7,1,1,1,2,0,0,4,1,1,0,0,1,1,1,1,0.555555555556,1,1,1,37,35,2,0,37,0,35,0,2,17,37,0.136029411765,1.88235294118,4.35294117647,3.36363636364,2.84615384615,1.69341284359,0.389027274878,0.193958664547,2.09866904602,0.964253345467,0.518282988871,1.87867287326,0.863174022847,0.470588235294,0.786197569093,0.41766745858,2.25,1.88235294118,0.786197569093,2.25,0.166339869281,0.0612244897959,3,0.00441176470588,0.185952380952,17,17,17,1,0,0.352941176471,0.411764705882,0.235294117647,17,0.128676470588,1.90196078431,4.11764705882,3.18181818182,2.69230769231,1.57648156274,0.382859808093,0.201680672269,2.01465221053,0.978545359402,0.524369747899,1.74894926439,0.849489642704,0.463865546218,0.814492905316,0.428238537847,2.33333333333,1.90196078431,0.814492905316,2.33333333333,0,0,0,0,0.164242424242,17,17,17,1,0,0.352941176471,0.411764705882,0.235294117647,17,37,0.136029411765,1.88235294118,4.35294117647,3.36363636364,2.84615384615,1.69341284359,0.389027274878,0.193958664547,2.09866904602,0.964253345467,0.518282988871,1.87867287326,0.863174022847,0.470588235294,0.786197569093,0.41766745858,2.25,1.88235294118,0.786197569093,2.25,0.166339869281,0.0612244897959,3,0.00441176470588,0.185952380952,17,17,17,1,0,0.352941176471,0.411764705882,0.235294117647,0,0,0,0,0,0,0,0,0,0,0,0,0,0,0,0,0,0,0,0,0,0,0,0,0,0,0,0,0,37,0,0,235,1,1,0,0,1,1,1,1,1,1,2,2,0,0,0,0
1007,WLNM_dir_neg,1,0.5,00:00:01,10,30,12,1981780285,threshold_sweep,0.8,1,1,1,2,0,0,4,1,1,0,0,1,1,1,1,0.555555555556,1,1,1,37,35,2,0,37,0,35,0,2,17,37,0.136029411765,1.88235294118,4.35294117647,3.36363636364,2.84615384615,1.69341284359,0.389027274878,0.193958664547,2.09866904602,0.964253345467,0.518282988871,1.87867287326,0.863174022847,0.470588235294,0.786197569093,0.41766745858,2.25,1.88235294118,0.786197569093,2.25,0.166339869281,0.0612244897959,3,0.00441176470588,0.185952380952,17,17,17,1,0,0.352941176471,0.411764705882,0.235294117647,17,0.128676470588,1.90196078431,4.11764705882,3.18181818182,2.69230769231,1.57648156274,0.382859808093,0.201680672269,2.01465221053,0.978545359402,0.524369747899,1.74894926439,0.849489642704,0.463865546218,0.814492905316,0.428238537847,2.33333333333,1.90196078431,0.814492905316,2.33333333333,0,0,0,0,0.164242424242,17,17,17,1,0,0.352941176471,0.411764705882,0.235294117647,17,37,0.136029411765,1.88235294118,4.35294117647,3.36363636364,2.84615384615,1.69341284359,0.389027274878,0.193958664547,2.09866904602,0.964253345467,0.518282988871,1.87867287326,0.863174022847,0.470588235294,0.786197569093,0.41766745858,2.25,1.88235294118,0.786197569093,2.25,0.166339869281,0.0612244897959,3,0.00441176470588,0.185952380952,17,17,17,1,0,0.352941176471,0.411764705882,0.235294117647,0,0,0,0,0,0,0,0,0,0,0,0,0,0,0,0,0,0,0,0,0,0,0,0,0,0,0,0,0,37,0,0,235,1,1,0,0,1,1,1,1,1,1,2,2,0,0,0,0
1008,WLNM_dir_neg,1,0.5,00:00:01,10,30,12,1981780285,threshold_sweep,0.9,1,1,1,2,0,0,4,1,1,0,0,1,1,1,1,0.555555555556,1,1,1,37,35,2,0,37,0,35,0,2,17,37,0.136029411765,1.88235294118,4.35294117647,3.36363636364,2.84615384615,1.69341284359,0.389027274878,0.193958664547,2.09866904602,0.964253345467,0.518282988871,1.87867287326,0.863174022847,0.470588235294,0.786197569093,0.41766745858,2.25,1.88235294118,0.786197569093,2.25,0.166339869281,0.0612244897959,3,0.00441176470588,0.185952380952,17,17,17,1,0,0.352941176471,0.411764705882,0.235294117647,17,0.128676470588,1.90196078431,4.11764705882,3.18181818182,2.69230769231,1.57648156274,0.382859808093,0.201680672269,2.01465221053,0.978545359402,0.524369747899,1.74894926439,0.849489642704,0.463865546218,0.814492905316,0.428238537847,2.33333333333,1.90196078431,0.814492905316,2.33333333333,0,0,0,0,0.164242424242,17,17,17,1,0,0.352941176471,0.411764705882,0.235294117647,17,37,0.136029411765,1.88235294118,4.35294117647,3.36363636364,2.84615384615,1.69341284359,0.389027274878,0.193958664547,2.09866904602,0.964253345467,0.518282988871,1.87867287326,0.863174022847,0.470588235294,0.786197569093,0.41766745858,2.25,1.88235294118,0.786197569093,2.25,0.166339869281,0.0612244897959,3,0.00441176470588,0.185952380952,17,17,17,1,0,0.352941176471,0.411764705882,0.235294117647,0,0,0,0,0,0,0,0,0,0,0,0,0,0,0,0,0,0,0,0,0,0,0,0,0,0,0,0,0,37,0,0,235,1,1,0,0,1,1,1,1,1,1,2,2,0,0,0,0
1009,WLNM_dir_neg,1,0.5,00:00:01,10,30,13,1981780286,threshold_sweep,0.1,0.666666666667,1,0.8,2,1,0,3,1,0.75,0.25,0,0.666666666667,1,0.8,0.833333333333,0.5,0.666666666667,0.707106781187,0.75,37,35,2,0,37,0,35,0,2,17,37,0.136029411765,1.88235294118,4.35294117647,3.36363636364,2.84615384615,1.69341284359,0.389027274878,0.193958664547,2.09866904602,0.964253345467,0.518282988871,1.87867287326,0.863174022847,0.470588235294,0.786197569093,0.41766745858,2.25,1.88235294118,0.786197569093,2.25,0.166339869281,0.0612244897959,3,0.00441176470588,0.185952380952,17,17,17,1,0,0.352941176471,0.411764705882,0.235294117647,17,0.128676470588,1.90196078431,4.11764705882,3.18181818182,2.69230769231,1.57648156274,0.382859808093,0.201680672269,2.01465221053,0.978545359402,0.524369747899,1.74894926439,0.849489642704,0.463865546218,0.814492905316,0.428238537847,2.33333333333,1.90196078431,0.814492905316,2.33333333333,0,0,0,0,0.164242424242,17,17,17,1,0,0.352941176471,0.411764705882,0.235294117647,17,38,0.139705882353,1.89460784314,4.47058823529,3.45454545455,2.71428571429,1.73629084037,0.388380845872,0.198142414861,2.19457888229,0.981785289445,0.529411764706,1.82103719638,0.814674535221,0.442724458204,0.806080091789,0.425460126067,2.25,1.89460784314,0.806080091789,2.25,0.209150326797,0.115384615385,6,0.00882352941176,0.183398268398,17,17,17,1,0,0.352941176471,0.470588235294,0.176470588235,1,0.00367647058824,0.0122549019608,0.117647058824,0.0909090909091,-0.131868131868,0.0428779967836,-0.000646429005719,0.00418375031378,0.0959098362728,0.0175319439782,0.0111287758347,-0.0576356768785,-0.0484994876259,-0.0278637770898,0.0198825226968,0.0077926674869,0,0.0122549019608,0.0198825226968,0,0.0428104575163,0.0541601255887,3,0.00441176470588,-0.00255411255411,0,0.0588235294118,-0.0588235294118,37,1,0,234,1,0.995744680851,0.00425531914894,0,0.973684210526,1,0.986666666667,0.984652666406,0.995744680851,0.973684210526,3,2,0,0,0,0
1010,WLNM_dir_neg,1,0.5,00:00:01,10,30,13,1981780286,threshold_sweep,0.2,0.666666666667,1,0.8,2,1,0,3,1,0.75,0.25,0,0.666666666667,1,0.8,0.833333333333,0.5,0.666666666667,0.707106781187,0.75,37,35,2,0,37,0,35,0,2,17,37,0.136029411765,1.88235294118,4.35294117647,3.36363636364,2.84615384615,1.69341284359,0.389027274878,0.193958664547,2.09866904602,0.964253345467,0.518282988871,1.87867287326,0.863174022847,0.470588235294,0.786197569093,0.41766745858,2.25,1.88235294118,0.786197569093,2.25,0.166339869281,0.0612244897959,3,0.00441176470588,0.185952380952,17,17,17,1,0,0.352941176471,0.411764705882,0.235294117647,17,0.128676470588,1.90196078431,4.11764705882,3.18181818182,2.69230769231,1.57648156274,0.382859808093,0.201680672269,2.01465221053,0.978545359402,0.524369747899,1.74894926439,0.849489642704,0.463865546218,0.814492905316,0.428238537847,2.33333333333,1.90196078431,0.814492905316,2.33333333333,0,0,0,0,0.164242424242,17,17,17,1,0,0.352941176471,0.411764705882,0.235294117647,17,38,0.139705882353,1.89460784314,4.47058823529,3.45454545455,2.71428571429,1.73629084037,0.388380845872,0.198142414861,2.19457888229,0.981785289445,0.529411764706,1.82103719638,0.814674535221,0.442724458204,0.806080091789,0.425460126067,2.25,1.89460784314,0.806080091789,2.25,0.209150326797,0.115384615385,6,0.00882352941176,0.183398268398,17,17,17,1,0,0.352941176471,0.470588235294,0.176470588235,1,0.00367647058824,0.0122549019608,0.117647058824,0.0909090909091,-0.131868131868,0.0428779967836,-0.000646429005719,0.00418375031378,0.0959098362728,0.0175319439782,0.0111287758347,-0.0576356768785,-0.0484994876259,-0.0278637770898,0.0198825226968,0.0077926674869,0,0.0122549019608,0.0198825226968,0,0.0428104575163,0.0541601255887,3,0.00441176470588,-0.00255411255411,0,0.0588235294118,-0.0588235294118,37,1,0,234,1,0.995744680851,0.00425531914894,0,0.973684210526,1,0.986666666667,0.984652666406,0.995744680851,0.973684210526,3,2,0,0,0,0
1011,WLNM_dir_neg,1,0.5,00:00:01,10,30,13,1981780286,threshold_sweep,0.3,0.666666666667,1,0.8,2,1,0,3,1,0.75,0.25,0,0.666666666667,1,0.8,0.833333333333,0.5,0.666666666667,0.707106781187,0.75,37,35,2,0,37,0,35,0,2,17,37,0.136029411765,1.88235294118,4.35294117647,3.36363636364,2.84615384615,1.69341284359,0.389027274878,0.193958664547,2.09866904602,0.964253345467,0.518282988871,1.87867287326,0.863174022847,0.470588235294,0.786197569093,0.41766745858,2.25,1.88235294118,0.786197569093,2.25,0.166339869281,0.0612244897959,3,0.00441176470588,0.185952380952,17,17,17,1,0,0.352941176471,0.411764705882,0.235294117647,17,0.128676470588,1.90196078431,4.11764705882,3.18181818182,2.69230769231,1.57648156274,0.382859808093,0.201680672269,2.01465221053,0.978545359402,0.524369747899,1.74894926439,0.849489642704,0.463865546218,0.814492905316,0.428238537847,2.33333333333,1.90196078431,0.814492905316,2.33333333333,0,0,0,0,0.164242424242,17,17,17,1,0,0.352941176471,0.411764705882,0.235294117647,17,38,0.139705882353,1.89460784314,4.47058823529,3.45454545455,2.71428571429,1.73629084037,0.388380845872,0.198142414861,2.19457888229,0.981785289445,0.529411764706,1.82103719638,0.814674535221,0.442724458204,0.806080091789,0.425460126067,2.25,1.89460784314,0.806080091789,2.25,0.209150326797,0.115384615385,6,0.00882352941176,0.183398268398,17,17,17,1,0,0.352941176471,0.470588235294,0.176470588235,1,0.00367647058824,0.0122549019608,0.117647058824,0.0909090909091,-0.131868131868,0.0428779967836,-0.000646429005719,0.00418375031378,0.0959098362728,0.0175319439782,0.0111287758347,-0.0576356768785,-0.0484994876259,-0.0278637770898,0.0198825226968,0.0077926674869,0,0.0122549019608,0.0198825226968,0,0.0428104575163,0.0541601255887,3,0.00441176470588,-0.00255411255411,0,0.0588235294118,-0.0588235294118,37,1,0,234,1,0.995744680851,0.00425531914894,0,0.973684210526,1,0.986666666667,0.984652666406,0.995744680851,0.973684210526,3,2,0,0,0,0
1012,WLNM_dir_neg,1,0.5,00:00:01,10,30,13,1981780286,threshold_sweep,0.4,0.666666666667,1,0.8,2,1,0,3,1,0.75,0.25,0,0.666666666667,1,0.8,0.833333333333,0.5,0.666666666667,0.707106781187,0.75,37,35,2,0,37,0,35,0,2,17,37,0.136029411765,1.88235294118,4.35294117647,3.36363636364,2.84615384615,1.69341284359,0.389027274878,0.193958664547,2.09866904602,0.964253345467,0.518282988871,1.87867287326,0.863174022847,0.470588235294,0.786197569093,0.41766745858,2.25,1.88235294118,0.786197569093,2.25,0.166339869281,0.0612244897959,3,0.00441176470588,0.185952380952,17,17,17,1,0,0.352941176471,0.411764705882,0.235294117647,17,0.128676470588,1.90196078431,4.11764705882,3.18181818182,2.69230769231,1.57648156274,0.382859808093,0.201680672269,2.01465221053,0.978545359402,0.524369747899,1.74894926439,0.849489642704,0.463865546218,0.814492905316,0.428238537847,2.33333333333,1.90196078431,0.814492905316,2.33333333333,0,0,0,0,0.164242424242,17,17,17,1,0,0.352941176471,0.411764705882,0.235294117647,17,38,0.139705882353,1.89460784314,4.47058823529,3.45454545455,2.71428571429,1.73629084037,0.388380845872,0.198142414861,2.19457888229,0.981785289445,0.529411764706,1.82103719638,0.814674535221,0.442724458204,0.806080091789,0.425460126067,2.25,1.89460784314,0.806080091789,2.25,0.209150326797,0.115384615385,6,0.00882352941176,0.183398268398,17,17,17,1,0,0.352941176471,0.470588235294,0.176470588235,1,0.00367647058824,0.0122549019608,0.117647058824,0.0909090909091,-0.131868131868,0.0428779967836,-0.000646429005719,0.00418375031378,0.0959098362728,0.0175319439782,0.0111287758347,-0.0576356768785,-0.0484994876259,-0.0278637770898,0.0198825226968,0.0077926674869,0,0.0122549019608,0.0198825226968,0,0.0428104575163,0.0541601255887,3,0.00441176470588,-0.00255411255411,0,0.0588235294118,-0.0588235294118,37,1,0,234,1,0.995744680851,0.00425531914894,0,0.973684210526,1,0.986666666667,0.984652666406,0.995744680851,0.973684210526,3,2,0,0,0,0
1013,WLNM_dir_neg,1,0.5,00:00:01,10,30,13,1981780286,threshold_sweep,0.5,0.666666666667,1,0.8,2,1,0,3,1,0.75,0.25,0,0.666666666667,1,0.8,0.833333333333,0.5,0.666666666667,0.707106781187,0.75,37,35,2,0,37,0,35,0,2,17,37,0.136029411765,1.88235294118,4.35294117647,3.36363636364,2.84615384615,1.69341284359,0.389027274878,0.193958664547,2.09866904602,0.964253345467,0.518282988871,1.87867287326,0.863174022847,0.470588235294,0.786197569093,0.41766745858,2.25,1.88235294118,0.786197569093,2.25,0.166339869281,0.0612244897959,3,0.00441176470588,0.185952380952,17,17,17,1,0,0.352941176471,0.411764705882,0.235294117647,17,0.128676470588,1.90196078431,4.11764705882,3.18181818182,2.69230769231,1.57648156274,0.382859808093,0.201680672269,2.01465221053,0.978545359402,0.524369747899,1.74894926439,0.849489642704,0.463865546218,0.814492905316,0.428238537847,2.33333333333,1.90196078431,0.814492905316,2.33333333333,0,0,0,0,0.164242424242,17,17,17,1,0,0.352941176471,0.411764705882,0.235294117647,17,38,0.139705882353,1.89460784314,4.47058823529,3.45454545455,2.71428571429,1.73629084037,0.388380845872,0.198142414861,2.19457888229,0.981785289445,0.529411764706,1.82103719638,0.814674535221,0.442724458204,0.806080091789,0.425460126067,2.25,1.89460784314,0.806080091789,2.25,0.209150326797,0.115384615385,6,0.00882352941176,0.183398268398,17,17,17,1,0,0.352941176471,0.470588235294,0.176470588235,1,0.00367647058824,0.0122549019608,0.117647058824,0.0909090909091,-0.131868131868,0.0428779967836,-0.000646429005719,0.00418375031378,0.0959098362728,0.0175319439782,0.0111287758347,-0.0576356768785,-0.0484994876259,-0.0278637770898,0.0198825226968,0.0077926674869,0,0.0122549019608,0.0198825226968,0,0.0428104575163,0.0541601255887,3,0.00441176470588,-0.00255411255411,0,0.0588235294118,-0.0588235294118,37,1,0,234,1,0.995744680851,0.00425531914894,0,0.973684210526,1,0.986666666667,0.984652666406,0.995744680851,0.973684210526,3,2,0,0,0,0
1014,WLNM_dir_neg,1,0.5,00:00:01,10,30,13,1981780286,threshold_sweep,0.6,0.666666666667,1,0.8,2,1,0,3,1,0.75,0.25,0,0.666666666667,1,0.8,0.833333333333,0.5,0.666666666667,0.707106781187,0.75,37,35,2,0,37,0,35,0,2,17,37,0.136029411765,1.88235294118,4.35294117647,3.36363636364,2.84615384615,1.69341284359,0.389027274878,0.193958664547,2.09866904602,0.964253345467,0.518282988871,1.87867287326,0.863174022847,0.470588235294,0.786197569093,0.41766745858,2.25,1.88235294118,0.786197569093,2.25,0.166339869281,0.0612244897959,3,0.00441176470588,0.185952380952,17,17,17,1,0,0.352941176471,0.411764705882,0.235294117647,17,0.128676470588,1.90196078431,4.11764705882,3.18181818182,2.69230769231,1.57648156274,0.382859808093,0.201680672269,2.01465221053,0.978545359402,0.524369747899,1.74894926439,0.849489642704,0.463865546218,0.814492905316,0.428238537847,2.33333333333,1.90196078431,0.814492905316,2.33333333333,0,0,0,0,0.164242424242,17,17,17,1,0,0.352941176471,0.411764705882,0.235294117647,17,38,0.139705882353,1.89460784314,4.47058823529,3.45454545455,2.71428571429,1.73629084037,0.388380845872,0.198142414861,2.19457888229,0.981785289445,0.529411764706,1.82103719638,0.814674535221,0.442724458204,0.806080091789,0.425460126067,2.25,1.89460784314,0.806080091789,2.25,0.209150326797,0.115384615385,6,0.00882352941176,0.183398268398,17,17,17,1,0,0.352941176471,0.470588235294,0.176470588235,1,0.00367647058824,0.0122549019608,0.117647058824,0.0909090909091,-0.131868131868,0.0428779967836,-0.000646429005719,0.00418375031378,0.0959098362728,0.0175319439782,0.0111287758347,-0.0576356768785,-0.0484994876259,-0.0278637770898,0.0198825226968,0.0077926674869,0,0.0122549019608,0.0198825226968,0,0.0428104575163,0.0541601255887,3,0.00441176470588,-0.00255411255411,0,0.0588235294118,-0.0588235294118,37,1,0,234,1,0.995744680851,0.00425531914894,0,0.973684210526,1,0.986666666667,0.984652666406,0.995744680851,0.973684210526,3,2,0,0,0,0
1015,WLNM_dir_neg,1,0.5,00:00:01,10,30,13,1981780286,threshold_sweep,0.7,0.666666666667,1,0.8,2,1,0,3,1,0.75,0.25,0,0.666666666667,1,0.8,0.833333333333,0.5,0.666666666667,0.707106781187,0.75,37,35,2,0,37,0,35,0,2,17,37,0.136029411765,1.88235294118,4.35294117647,3.36363636364,2.84615384615,1.69341284359,0.389027274878,0.193958664547,2.09866904602,0.964253345467,0.518282988871,1.87867287326,0.863174022847,0.470588235294,0.786197569093,0.41766745858,2.25,1.88235294118,0.786197569093,2.25,0.166339869281,0.0612244897959,3,0.00441176470588,0.185952380952,17,17,17,1,0,0.352941176471,0.411764705882,0.235294117647,17,0.128676470588,1.90196078431,4.11764705882,3.18181818182,2.69230769231,1.57648156274,0.382859808093,0.201680672269,2.01465221053,0.978545359402,0.524369747899,1.74894926439,0.849489642704,0.463865546218,0.814492905316,0.428238537847,2.33333333333,1.90196078431,0.814492905316,2.33333333333,0,0,0,0,0.164242424242,17,17,17,1,0,0.352941176471,0.411764705882,0.235294117647,17,38,0.139705882353,1.89460784314,4.47058823529,3.45454545455,2.71428571429,1.73629084037,0.388380845872,0.198142414861,2.19457888229,0.981785289445,0.529411764706,1.82103719638,0.814674535221,0.442724458204,0.806080091789,0.425460126067,2.25,1.89460784314,0.806080091789,2.25,0.209150326797,0.115384615385,6,0.00882352941176,0.183398268398,17,17,17,1,0,0.352941176471,0.470588235294,0.176470588235,1,0.00367647058824,0.0122549019608,0.117647058824,0.0909090909091,-0.131868131868,0.0428779967836,-0.000646429005719,0.00418375031378,0.0959098362728,0.0175319439782,0.0111287758347,-0.0576356768785,-0.0484994876259,-0.0278637770898,0.0198825226968,0.0077926674869,0,0.0122549019608,0.0198825226968,0,0.0428104575163,0.0541601255887,3,0.00441176470588,-0.00255411255411,0,0.0588235294118,-0.0588235294118,37,1,0,234,1,0.995744680851,0.00425531914894,0,0.973684210526,1,0.986666666667,0.984652666406,0.995744680851,0.973684210526,3,2,0,0,0,0
1016,WLNM_dir_neg,1,0.5,00:00:01,10,30,13,1981780286,threshold_sweep,0.8,0.666666666667,1,0.8,2,1,0,3,1,0.75,0.25,0,0.666666666667,1,0.8,0.833333333333,0.5,0.666666666667,0.707106781187,0.75,37,35,2,0,37,0,35,0,2,17,37,0.136029411765,1.88235294118,4.35294117647,3.36363636364,2.84615384615,1.69341284359,0.389027274878,0.193958664547,2.09866904602,0.964253345467,0.518282988871,1.87867287326,0.863174022847,0.470588235294,0.786197569093,0.41766745858,2.25,1.88235294118,0.786197569093,2.25,0.166339869281,0.0612244897959,3,0.00441176470588,0.185952380952,17,17,17,1,0,0.352941176471,0.411764705882,0.235294117647,17,0.128676470588,1.90196078431,4.11764705882,3.18181818182,2.69230769231,1.57648156274,0.382859808093,0.201680672269,2.01465221053,0.978545359402,0.524369747899,1.74894926439,0.849489642704,0.463865546218,0.814492905316,0.428238537847,2.33333333333,1.90196078431,0.814492905316,2.33333333333,0,0,0,0,0.164242424242,17,17,17,1,0,0.352941176471,0.411764705882,0.235294117647,17,38,0.139705882353,1.89460784314,4.47058823529,3.45454545455,2.71428571429,1.73629084037,0.388380845872,0.198142414861,2.19457888229,0.981785289445,0.529411764706,1.82103719638,0.814674535221,0.442724458204,0.806080091789,0.425460126067,2.25,1.89460784314,0.806080091789,2.25,0.209150326797,0.115384615385,6,0.00882352941176,0.183398268398,17,17,17,1,0,0.352941176471,0.470588235294,0.176470588235,1,0.00367647058824,0.0122549019608,0.117647058824,0.0909090909091,-0.131868131868,0.0428779967836,-0.000646429005719,0.00418375031378,0.0959098362728,0.0175319439782,0.0111287758347,-0.0576356768785,-0.0484994876259,-0.0278637770898,0.0198825226968,0.0077926674869,0,0.0122549019608,0.0198825226968,0,0.0428104575163,0.0541601255887,3,0.00441176470588,-0.00255411255411,0,0.0588235294118,-0.0588235294118,37,1,0,234,1,0.995744680851,0.00425531914894,0,0.973684210526,1,0.986666666667,0.984652666406,0.995744680851,0.973684210526,3,2,0,0,0,0
1017,WLNM_dir_neg,1,0.5,00:00:01,10,30,13,1981780286,threshold_sweep,0.9,0.666666666667,1,0.8,2,1,0,3,1,0.75,0.25,0,0.666666666667,1,0.8,0.833333333333,0.5,0.666666666667,0.707106781187,0.75,37,35,2,0,37,0,35,0,2,17,37,0.136029411765,1.88235294118,4.35294117647,3.36363636364,2.84615384615,1.69341284359,0.389027274878,0.193958664547,2.09866904602,0.964253345467,0.518282988871,1.87867287326,0.863174022847,0.470588235294,0.786197569093,0.41766745858,2.25,1.88235294118,0.786197569093,2.25,0.166339869281,0.0612244897959,3,0.00441176470588,0.185952380952,17,17,17,1,0,0.352941176471,0.411764705882,0.235294117647,17,0.128676470588,1.90196078431,4.11764705882,3.18181818182,2.69230769231,1.57648156274,0.382859808093,0.201680672269,2.01465221053,0.978545359402,0.524369747899,1.74894926439,0.849489642704,0.463865546218,0.814492905316,0.428238537847,2.33333333333,1.90196078431,0.814492905316,2.33333333333,0,0,0,0,0.164242424242,17,17,17,1,0,0.352941176471,0.411764705882,0.235294117647,17,38,0.139705882353,1.89460784314,4.47058823529,3.45454545455,2.71428571429,1.73629084037,0.388380845872,0.198142414861,2.19457888229,0.981785289445,0.529411764706,1.82103719638,0.814674535221,0.442724458204,0.806080091789,0.425460126067,2.25,1.89460784314,0.806080091789,2.25,0.209150326797,0.115384615385,6,0.00882352941176,0.183398268398,17,17,17,1,0,0.352941176471,0.470588235294,0.176470588235,1,0.00367647058824,0.0122549019608,0.117647058824,0.0909090909091,-0.131868131868,0.0428779967836,-0.000646429005719,0.00418375031378,0.0959098362728,0.0175319439782,0.0111287758347,-0.0576356768785,-0.0484994876259,-0.0278637770898,0.0198825226968,0.0077926674869,0,0.0122549019608,0.0198825226968,0,0.0428104575163,0.0541601255887,3,0.00441176470588,-0.00255411255411,0,0.0588235294118,-0.0588235294118,37,1,0,234,1,0.995744680851,0.00425531914894,0,0.973684210526,1,0.986666666667,0.984652666406,0.995744680851,0.973684210526,3,2,0,0,0,0
1018,WLNM_dir_neg,1,0.5,00:00:01,10,30,14,1981780287,threshold_sweep,0.1,0.666666666667,1,0.8,2,1,0,3,1,0.75,0.25,0,0.666666666667,1,0.8,0.833333333333,0.5,0.666666666667,0.707106781187,0.75,37,35,2,0,37,0,35,0,2,17,37,0.136029411765,1.88235294118,4.35294117647,3.36363636364,2.84615384615,1.69341284359,0.389027274878,0.193958664547,2.09866904602,0.964253345467,0.518282988871,1.87867287326,0.863174022847,0.470588235294,0.786197569093,0.41766745858,2.25,1.88235294118,0.786197569093,2.25,0.166339869281,0.0612244897959,3,0.00441176470588,0.185952380952,17,17,17,1,0,0.352941176471,0.411764705882,0.235294117647,17,0.128676470588,1.90196078431,4.11764705882,3.18181818182,2.69230769231,1.57648156274,0.382859808093,0.201680672269,2.01465221053,0.978545359402,0.524369747899,1.74894926439,0.849489642704,0.463865546218,0.814492905316,0.428238537847,2.33333333333,1.90196078431,0.814492905316,2.33333333333,0,0,0,0,0.164242424242,17,17,17,1,0,0.352941176471,0.411764705882,0.235294117647,17,38,0.139705882353,1.89460784314,4.47058823529,3.45454545455,2.71428571429,1.73629084037,0.388380845872,0.198142414861,2.19457888229,0.981785289445,0.529411764706,1.82103719638,0.814674535221,0.442724458204,0.806080091789,0.425460126067,2.25,1.89460784314,0.806080091789,2.25,0.209150326797,0.115384615385,6,0.00882352941176,0.183398268398,17,17,17,1,0,0.352941176471,0.470588235294,0.176470588235,1,0.00367647058824,0.0122549019608,0.117647058824,0.0909090909091,-0.131868131868,0.0428779967836,-0.000646429005719,0.00418375031378,0.0959098362728,0.0175319439782,0.0111287758347,-0.0576356768785,-0.0484994876259,-0.0278637770898,0.0198825226968,0.0077926674869,0,0.0122549019608,0.0198825226968,0,0.0428104575163,0.0541601255887,3,0.00441176470588,-0.00255411255411,0,0.0588235294118,-0.0588235294118,37,1,0,234,1,0.995744680851,0.00425531914894,0,0.973684210526,1,0.986666666667,0.984652666406,0.995744680851,0.973684210526,3,2,0,0,0,0
1019,WLNM_dir_neg,1,0.5,00:00:01,10,30,14,1981780287,threshold_sweep,0.2,0.666666666667,1,0.8,2,1,0,3,1,0.75,0.25,0,0.666666666667,1,0.8,0.833333333333,0.5,0.666666666667,0.707106781187,0.75,37,35,2,0,37,0,35,0,2,17,37,0.136029411765,1.88235294118,4.35294117647,3.36363636364,2.84615384615,1.69341284359,0.389027274878,0.193958664547,2.09866904602,0.964253345467,0.518282988871,1.87867287326,0.863174022847,0.470588235294,0.786197569093,0.41766745858,2.25,1.88235294118,0.786197569093,2.25,0.166339869281,0.0612244897959,3,0.00441176470588,0.185952380952,17,17,17,1,0,0.352941176471,0.411764705882,0.235294117647,17,0.128676470588,1.90196078431,4.11764705882,3.18181818182,2.69230769231,1.57648156274,0.382859808093,0.201680672269,2.01465221053,0.978545359402,0.524369747899,1.74894926439,0.849489642704,0.463865546218,0.814492905316,0.428238537847,2.33333333333,1.90196078431,0.814492905316,2.33333333333,0,0,0,0,0.164242424242,17,17,17,1,0,0.352941176471,0.411764705882,0.235294117647,17,38,0.139705882353,1.89460784314,4.47058823529,3.45454545455,2.71428571429,1.73629084037,0.388380845872,0.198142414861,2.19457888229,0.981785289445,0.529411764706,1.82103719638,0.814674535221,0.442724458204,0.806080091789,0.425460126067,2.25,1.89460784314,0.806080091789,2.25,0.209150326797,0.115384615385,6,0.00882352941176,0.183398268398,17,17,17,1,0,0.352941176471,0.470588235294,0.176470588235,1,0.00367647058824,0.0122549019608,0.117647058824,0.0909090909091,-0.131868131868,0.0428779967836,-0.000646429005719,0.00418375031378,0.0959098362728,0.0175319439782,0.0111287758347,-0.0576356768785,-0.0484994876259,-0.0278637770898,0.0198825226968,0.0077926674869,0,0.0122549019608,0.0198825226968,0,0.0428104575163,0.0541601255887,3,0.00441176470588,-0.00255411255411,0,0.0588235294118,-0.0588235294118,37,1,0,234,1,0.995744680851,0.00425531914894,0,0.973684210526,1,0.986666666667,0.984652666406,0.995744680851,0.973684210526,3,2,0,0,0,0
1020,WLNM_dir_neg,1,0.5,00:00:01,10,30,14,1981780287,threshold_sweep,0.3,1,1,1,2,0,0,4,1,1,0,0,1,1,1,1,0.555555555556,1,1,1,37,35,2,0,37,0,35,0,2,17,37,0.136029411765,1.88235294118,4.35294117647,3.36363636364,2.84615384615,1.69341284359,0.389027274878,0.193958664547,2.09866904602,0.964253345467,0.518282988871,1.87867287326,0.863174022847,0.470588235294,0.786197569093,0.41766745858,2.25,1.88235294118,0.786197569093,2.25,0.166339869281,0.0612244897959,3,0.00441176470588,0.185952380952,17,17,17,1,0,0.352941176471,0.411764705882,0.235294117647,17,0.128676470588,1.90196078431,4.11764705882,3.18181818182,2.69230769231,1.57648156274,0.382859808093,0.201680672269,2.01465221053,0.978545359402,0.524369747899,1.74894926439,0.849489642704,0.463865546218,0.814492905316,0.428238537847,2.33333333333,1.90196078431,0.814492905316,2.33333333333,0,0,0,0,0.164242424242,17,17,17,1,0,0.352941176471,0.411764705882,0.235294117647,17,37,0.136029411765,1.88235294118,4.35294117647,3.36363636364,2.84615384615,1.69341284359,0.389027274878,0.193958664547,2.09866904602,0.964253345467,0.518282988871,1.87867287326,0.863174022847,0.470588235294,0.786197569093,0.41766745858,2.25,1.88235294118,0.786197569093,2.25,0.166339869281,0.0612244897959,3,0.00441176470588,0.185952380952,17,17,17,1,0,0.352941176471,0.411764705882,0.235294117647,0,0,0,0,0,0,0,0,0,0,0,0,0,0,0,0,0,0,0,0,0,0,0,0,0,0,0,0,0,37,0,0,235,1,1,0,0,1,1,1,1,1,1,2,2,0,0,0,0
1021,WLNM_dir_neg,1,0.5,00:00:01,10,30,14,1981780287,threshold_sweep,0.4,1,1,1,2,0,0,4,1,1,0,0,1,1,1,1,0.555555555556,1,1,1,37,35,2,0,37,0,35,0,2,17,37,0.136029411765,1.88235294118,4.35294117647,3.36363636364,2.84615384615,1.69341284359,0.389027274878,0.193958664547,2.09866904602,0.964253345467,0.518282988871,1.87867287326,0.863174022847,0.470588235294,0.786197569093,0.41766745858,2.25,1.88235294118,0.786197569093,2.25,0.166339869281,0.0612244897959,3,0.00441176470588,0.185952380952,17,17,17,1,0,0.352941176471,0.411764705882,0.235294117647,17,0.128676470588,1.90196078431,4.11764705882,3.18181818182,2.69230769231,1.57648156274,0.382859808093,0.201680672269,2.01465221053,0.978545359402,0.524369747899,1.74894926439,0.849489642704,0.463865546218,0.814492905316,0.428238537847,2.33333333333,1.90196078431,0.814492905316,2.33333333333,0,0,0,0,0.164242424242,17,17,17,1,0,0.352941176471,0.411764705882,0.235294117647,17,37,0.136029411765,1.88235294118,4.35294117647,3.36363636364,2.84615384615,1.69341284359,0.389027274878,0.193958664547,2.09866904602,0.964253345467,0.518282988871,1.87867287326,0.863174022847,0.470588235294,0.786197569093,0.41766745858,2.25,1.88235294118,0.786197569093,2.25,0.166339869281,0.0612244897959,3,0.00441176470588,0.185952380952,17,17,17,1,0,0.352941176471,0.411764705882,0.235294117647,0,0,0,0,0,0,0,0,0,0,0,0,0,0,0,0,0,0,0,0,0,0,0,0,0,0,0,0,0,37,0,0,235,1,1,0,0,1,1,1,1,1,1,2,2,0,0,0,0
1022,WLNM_dir_neg,1,0.5,00:00:01,10,30,14,1981780287,threshold_sweep,0.5,1,1,1,2,0,0,4,1,1,0,0,1,1,1,1,0.555555555556,1,1,1,37,35,2,0,37,0,35,0,2,17,37,0.136029411765,1.88235294118,4.35294117647,3.36363636364,2.84615384615,1.69341284359,0.389027274878,0.193958664547,2.09866904602,0.964253345467,0.518282988871,1.87867287326,0.863174022847,0.470588235294,0.786197569093,0.41766745858,2.25,1.88235294118,0.786197569093,2.25,0.166339869281,0.0612244897959,3,0.00441176470588,0.185952380952,17,17,17,1,0,0.352941176471,0.411764705882,0.235294117647,17,0.128676470588,1.90196078431,4.11764705882,3.18181818182,2.69230769231,1.57648156274,0.382859808093,0.201680672269,2.01465221053,0.978545359402,0.524369747899,1.74894926439,0.849489642704,0.463865546218,0.814492905316,0.428238537847,2.33333333333,1.90196078431,0.814492905316,2.33333333333,0,0,0,0,0.164242424242,17,17,17,1,0,0.352941176471,0.411764705882,0.235294117647,17,37,0.136029411765,1.88235294118,4.35294117647,3.36363636364,2.84615384615,1.69341284359,0.389027274878,0.193958664547,2.09866904602,0.964253345467,0.518282988871,1.87867287326,0.863174022847,0.470588235294,0.786197569093,0.41766745858,2.25,1.88235294118,0.786197569093,2.25,0.166339869281,0.0612244897959,3,0.00441176470588,0.185952380952,17,17,17,1,0,0.352941176471,0.411764705882,0.235294117647,0,0,0,0,0,0,0,0,0,0,0,0,0,0,0,0,0,0,0,0,0,0,0,0,0,0,0,0,0,37,0,0,235,1,1,0,0,1,1,1,1,1,1,2,2,0,0,0,0
1023,WLNM_dir_neg,1,0.5,00:00:01,10,30,14,1981780287,threshold_sweep,0.6,1,1,1,2,0,0,4,1,1,0,0,1,1,1,1,0.555555555556,1,1,1,37,35,2,0,37,0,35,0,2,17,37,0.136029411765,1.88235294118,4.35294117647,3.36363636364,2.84615384615,1.69341284359,0.389027274878,0.193958664547,2.09866904602,0.964253345467,0.518282988871,1.87867287326,0.863174022847,0.470588235294,0.786197569093,0.41766745858,2.25,1.88235294118,0.786197569093,2.25,0.166339869281,0.0612244897959,3,0.00441176470588,0.185952380952,17,17,17,1,0,0.352941176471,0.411764705882,0.235294117647,17,0.128676470588,1.90196078431,4.11764705882,3.18181818182,2.69230769231,1.57648156274,0.382859808093,0.201680672269,2.01465221053,0.978545359402,0.524369747899,1.74894926439,0.849489642704,0.463865546218,0.814492905316,0.428238537847,2.33333333333,1.90196078431,0.814492905316,2.33333333333,0,0,0,0,0.164242424242,17,17,17,1,0,0.352941176471,0.411764705882,0.235294117647,17,37,0.136029411765,1.88235294118,4.35294117647,3.36363636364,2.84615384615,1.69341284359,0.389027274878,0.193958664547,2.09866904602,0.964253345467,0.518282988871,1.87867287326,0.863174022847,0.470588235294,0.786197569093,0.41766745858,2.25,1.88235294118,0.786197569093,2.25,0.166339869281,0.0612244897959,3,0.00441176470588,0.185952380952,17,17,17,1,0,0.352941176471,0.411764705882,0.235294117647,0,0,0,0,0,0,0,0,0,0,0,0,0,0,0,0,0,0,0,0,0,0,0,0,0,0,0,0,0,37,0,0,235,1,1,0,0,1,1,1,1,1,1,2,2,0,0,0,0
1024,WLNM_dir_neg,1,0.5,00:00:01,10,30,14,1981780287,threshold_sweep,0.7,1,1,1,2,0,0,4,1,1,0,0,1,1,1,1,0.555555555556,1,1,1,37,35,2,0,37,0,35,0,2,17,37,0.136029411765,1.88235294118,4.35294117647,3.36363636364,2.84615384615,1.69341284359,0.389027274878,0.193958664547,2.09866904602,0.964253345467,0.518282988871,1.87867287326,0.863174022847,0.470588235294,0.786197569093,0.41766745858,2.25,1.88235294118,0.786197569093,2.25,0.166339869281,0.0612244897959,3,0.00441176470588,0.185952380952,17,17,17,1,0,0.352941176471,0.411764705882,0.235294117647,17,0.128676470588,1.90196078431,4.11764705882,3.18181818182,2.69230769231,1.57648156274,0.382859808093,0.201680672269,2.01465221053,0.978545359402,0.524369747899,1.74894926439,0.849489642704,0.463865546218,0.814492905316,0.428238537847,2.33333333333,1.90196078431,0.814492905316,2.33333333333,0,0,0,0,0.164242424242,17,17,17,1,0,0.352941176471,0.411764705882,0.235294117647,17,37,0.136029411765,1.88235294118,4.35294117647,3.36363636364,2.84615384615,1.69341284359,0.389027274878,0.193958664547,2.09866904602,0.964253345467,0.518282988871,1.87867287326,0.863174022847,0.470588235294,0.786197569093,0.41766745858,2.25,1.88235294118,0.786197569093,2.25,0.166339869281,0.0612244897959,3,0.00441176470588,0.185952380952,17,17,17,1,0,0.352941176471,0.411764705882,0.235294117647,0,0,0,0,0,0,0,0,0,0,0,0,0,0,0,0,0,0,0,0,0,0,0,0,0,0,0,0,0,37,0,0,235,1,1,0,0,1,1,1,1,1,1,2,2,0,0,0,0
1025,WLNM_dir_neg,1,0.5,00:00:01,10,30,14,1981780287,threshold_sweep,0.8,1,1,1,2,0,0,4,1,1,0,0,1,1,1,1,0.555555555556,1,1,1,37,35,2,0,37,0,35,0,2,17,37,0.136029411765,1.88235294118,4.35294117647,3.36363636364,2.84615384615,1.69341284359,0.389027274878,0.193958664547,2.09866904602,0.964253345467,0.518282988871,1.87867287326,0.863174022847,0.470588235294,0.786197569093,0.41766745858,2.25,1.88235294118,0.786197569093,2.25,0.166339869281,0.0612244897959,3,0.00441176470588,0.185952380952,17,17,17,1,0,0.352941176471,0.411764705882,0.235294117647,17,0.128676470588,1.90196078431,4.11764705882,3.18181818182,2.69230769231,1.57648156274,0.382859808093,0.201680672269,2.01465221053,0.978545359402,0.524369747899,1.74894926439,0.849489642704,0.463865546218,0.814492905316,0.428238537847,2.33333333333,1.90196078431,0.814492905316,2.33333333333,0,0,0,0,0.164242424242,17,17,17,1,0,0.352941176471,0.411764705882,0.235294117647,17,37,0.136029411765,1.88235294118,4.35294117647,3.36363636364,2.84615384615,1.69341284359,0.389027274878,0.193958664547,2.09866904602,0.964253345467,0.518282988871,1.87867287326,0.863174022847,0.470588235294,0.786197569093,0.41766745858,2.25,1.88235294118,0.786197569093,2.25,0.166339869281,0.0612244897959,3,0.00441176470588,0.185952380952,17,17,17,1,0,0.352941176471,0.411764705882,0.235294117647,0,0,0,0,0,0,0,0,0,0,0,0,0,0,0,0,0,0,0,0,0,0,0,0,0,0,0,0,0,37,0,0,235,1,1,0,0,1,1,1,1,1,1,2,2,0,0,0,0
1026,WLNM_dir_neg,1,0.5,00:00:01,10,30,14,1981780287,threshold_sweep,0.9,1,1,1,2,0,0,4,1,1,0,0,1,1,1,1,0.555555555556,1,1,1,37,35,2,0,37,0,35,0,2,17,37,0.136029411765,1.88235294118,4.35294117647,3.36363636364,2.84615384615,1.69341284359,0.389027274878,0.193958664547,2.09866904602,0.964253345467,0.518282988871,1.87867287326,0.863174022847,0.470588235294,0.786197569093,0.41766745858,2.25,1.88235294118,0.786197569093,2.25,0.166339869281,0.0612244897959,3,0.00441176470588,0.185952380952,17,17,17,1,0,0.352941176471,0.411764705882,0.235294117647,17,0.128676470588,1.90196078431,4.11764705882,3.18181818182,2.69230769231,1.57648156274,0.382859808093,0.201680672269,2.01465221053,0.978545359402,0.524369747899,1.74894926439,0.849489642704,0.463865546218,0.814492905316,0.428238537847,2.33333333333,1.90196078431,0.814492905316,2.33333333333,0,0,0,0,0.164242424242,17,17,17,1,0,0.352941176471,0.411764705882,0.235294117647,17,37,0.136029411765,1.88235294118,4.35294117647,3.36363636364,2.84615384615,1.69341284359,0.389027274878,0.193958664547,2.09866904602,0.964253345467,0.518282988871,1.87867287326,0.863174022847,0.470588235294,0.786197569093,0.41766745858,2.25,1.88235294118,0.786197569093,2.25,0.166339869281,0.0612244897959,3,0.00441176470588,0.185952380952,17,17,17,1,0,0.352941176471,0.411764705882,0.235294117647,0,0,0,0,0,0,0,0,0,0,0,0,0,0,0,0,0,0,0,0,0,0,0,0,0,0,0,0,0,37,0,0,235,1,1,0,0,1,1,1,1,1,1,2,2,0,0,0,0
1027,WLNM_dir_neg,1,0.5,00:00:01,10,30,15,1981780288,threshold_sweep,0.1,0.666666666667,1,0.8,2,1,0,3,1,0.75,0.25,0,0.666666666667,1,0.8,0.833333333333,0.5,0.666666666667,0.707106781187,0.75,37,35,2,0,37,0,35,0,2,17,37,0.136029411765,1.88235294118,4.35294117647,3.36363636364,2.84615384615,1.69341284359,0.389027274878,0.193958664547,2.09866904602,0.964253345467,0.518282988871,1.87867287326,0.863174022847,0.470588235294,0.786197569093,0.41766745858,2.25,1.88235294118,0.786197569093,2.25,0.166339869281,0.0612244897959,3,0.00441176470588,0.185952380952,17,17,17,1,0,0.352941176471,0.411764705882,0.235294117647,17,0.128676470588,1.90196078431,4.11764705882,3.18181818182,2.69230769231,1.57648156274,0.382859808093,0.201680672269,2.01465221053,0.978545359402,0.524369747899,1.74894926439,0.849489642704,0.463865546218,0.814492905316,0.428238537847,2.33333333333,1.90196078431,0.814492905316,2.33333333333,0,0,0,0,0.164242424242,17,17,17,1,0,0.352941176471,0.411764705882,0.235294117647,17,38,0.139705882353,1.90441176471,4.47058823529,3.45454545455,2.71428571429,1.73629084037,0.388380845872,0.198142414861,2.19457888229,0.981785289445,0.529411764706,1.82103719638,0.814674535221,0.442724458204,0.794917217296,0.417408268541,2.25,1.90441176471,0.794917217296,2.25,0.162418300654,0.0576923076923,3,0.00441176470588,0.178506493506,17,17,17,1,0,0.352941176471,0.470588235294,0.176470588235,1,0.00367647058824,0.0220588235294,0.117647058824,0.0909090909091,-0.131868131868,0.0428779967836,-0.000646429005719,0.00418375031378,0.0959098362728,0.0175319439782,0.0111287758347,-0.0576356768785,-0.0484994876259,-0.0278637770898,0.00871964820301,-0.000259190039119,0,0.0220588235294,0.00871964820301,0,-0.00392156862745,-0.00353218210361,0,0,-0.00744588744589,0,0.0588235294118,-0.0588235294118,37,1,0,234,1,0.995744680851,0.00425531914894,0,0.973684210526,1,0.986666666667,0.984652666406,0.995744680851,0.973684210526,3,2,0,0,0,0
1028,WLNM_dir_neg,1,0.5,00:00:01,10,30,15,1981780288,threshold_sweep,0.2,0.666666666667,1,0.8,2,1,0,3,1,0.75,0.25,0,0.666666666667,1,0.8,0.833333333333,0.5,0.666666666667,0.707106781187,0.75,37,35,2,0,37,0,35,0,2,17,37,0.136029411765,1.88235294118,4.35294117647,3.36363636364,2.84615384615,1.69341284359,0.389027274878,0.193958664547,2.09866904602,0.964253345467,0.518282988871,1.87867287326,0.863174022847,0.470588235294,0.786197569093,0.41766745858,2.25,1.88235294118,0.786197569093,2.25,0.166339869281,0.0612244897959,3,0.00441176470588,0.185952380952,17,17,17,1,0,0.352941176471,0.411764705882,0.235294117647,17,0.128676470588,1.90196078431,4.11764705882,3.18181818182,2.69230769231,1.57648156274,0.382859808093,0.201680672269,2.01465221053,0.978545359402,0.524369747899,1.74894926439,0.849489642704,0.463865546218,0.814492905316,0.428238537847,2.33333333333,1.90196078431,0.814492905316,2.33333333333,0,0,0,0,0.164242424242,17,17,17,1,0,0.352941176471,0.411764705882,0.235294117647,17,38,0.139705882353,1.90441176471,4.47058823529,3.45454545455,2.71428571429,1.73629084037,0.388380845872,0.198142414861,2.19457888229,0.981785289445,0.529411764706,1.82103719638,0.814674535221,0.442724458204,0.794917217296,0.417408268541,2.25,1.90441176471,0.794917217296,2.25,0.162418300654,0.0576923076923,3,0.00441176470588,0.178506493506,17,17,17,1,0,0.352941176471,0.470588235294,0.176470588235,1,0.00367647058824,0.0220588235294,0.117647058824,0.0909090909091,-0.131868131868,0.0428779967836,-0.000646429005719,0.00418375031378,0.0959098362728,0.0175319439782,0.0111287758347,-0.0576356768785,-0.0484994876259,-0.0278637770898,0.00871964820301,-0.000259190039119,0,0.0220588235294,0.00871964820301,0,-0.00392156862745,-0.00353218210361,0,0,-0.00744588744589,0,0.0588235294118,-0.0588235294118,37,1,0,234,1,0.995744680851,0.00425531914894,0,0.973684210526,1,0.986666666667,0.984652666406,0.995744680851,0.973684210526,3,2,0,0,0,0
1029,WLNM_dir_neg,1,0.5,00:00:01,10,30,15,1981780288,threshold_sweep,0.3,1,1,1,2,0,0,4,1,1,0,0,1,1,1,1,0.555555555556,1,1,1,37,35,2,0,37,0,35,0,2,17,37,0.136029411765,1.88235294118,4.35294117647,3.36363636364,2.84615384615,1.69341284359,0.389027274878,0.193958664547,2.09866904602,0.964253345467,0.518282988871,1.87867287326,0.863174022847,0.470588235294,0.786197569093,0.41766745858,2.25,1.88235294118,0.786197569093,2.25,0.166339869281,0.0612244897959,3,0.00441176470588,0.185952380952,17,17,17,1,0,0.352941176471,0.411764705882,0.235294117647,17,0.128676470588,1.90196078431,4.11764705882,3.18181818182,2.69230769231,1.57648156274,0.382859808093,0.201680672269,2.01465221053,0.978545359402,0.524369747899,1.74894926439,0.849489642704,0.463865546218,0.814492905316,0.428238537847,2.33333333333,1.90196078431,0.814492905316,2.33333333333,0,0,0,0,0.164242424242,17,17,17,1,0,0.352941176471,0.411764705882,0.235294117647,17,37,0.136029411765,1.88235294118,4.35294117647,3.36363636364,2.84615384615,1.69341284359,0.389027274878,0.193958664547,2.09866904602,0.964253345467,0.518282988871,1.87867287326,0.863174022847,0.470588235294,0.786197569093,0.41766745858,2.25,1.88235294118,0.786197569093,2.25,0.166339869281,0.0612244897959,3,0.00441176470588,0.185952380952,17,17,17,1,0,0.352941176471,0.411764705882,0.235294117647,0,0,0,0,0,0,0,0,0,0,0,0,0,0,0,0,0,0,0,0,0,0,0,0,0,0,0,0,0,37,0,0,235,1,1,0,0,1,1,1,1,1,1,2,2,0,0,0,0
1030,WLNM_dir_neg,1,0.5,00:00:01,10,30,15,1981780288,threshold_sweep,0.4,1,1,1,2,0,0,4,1,1,0,0,1,1,1,1,0.555555555556,1,1,1,37,35,2,0,37,0,35,0,2,17,37,0.136029411765,1.88235294118,4.35294117647,3.36363636364,2.84615384615,1.69341284359,0.389027274878,0.193958664547,2.09866904602,0.964253345467,0.518282988871,1.87867287326,0.863174022847,0.470588235294,0.786197569093,0.41766745858,2.25,1.88235294118,0.786197569093,2.25,0.166339869281,0.0612244897959,3,0.00441176470588,0.185952380952,17,17,17,1,0,0.352941176471,0.411764705882,0.235294117647,17,0.128676470588,1.90196078431,4.11764705882,3.18181818182,2.69230769231,1.57648156274,0.382859808093,0.201680672269,2.01465221053,0.978545359402,0.524369747899,1.74894926439,0.849489642704,0.463865546218,0.814492905316,0.428238537847,2.33333333333,1.90196078431,0.814492905316,2.33333333333,0,0,0,0,0.164242424242,17,17,17,1,0,0.352941176471,0.411764705882,0.235294117647,17,37,0.136029411765,1.88235294118,4.35294117647,3.36363636364,2.84615384615,1.69341284359,0.389027274878,0.193958664547,2.09866904602,0.964253345467,0.518282988871,1.87867287326,0.863174022847,0.470588235294,0.786197569093,0.41766745858,2.25,1.88235294118,0.786197569093,2.25,0.166339869281,0.0612244897959,3,0.00441176470588,0.185952380952,17,17,17,1,0,0.352941176471,0.411764705882,0.235294117647,0,0,0,0,0,0,0,0,0,0,0,0,0,0,0,0,0,0,0,0,0,0,0,0,0,0,0,0,0,37,0,0,235,1,1,0,0,1,1,1,1,1,1,2,2,0,0,0,0
1031,WLNM_dir_neg,1,0.5,00:00:01,10,30,15,1981780288,threshold_sweep,0.5,1,1,1,2,0,0,4,1,1,0,0,1,1,1,1,0.555555555556,1,1,1,37,35,2,0,37,0,35,0,2,17,37,0.136029411765,1.88235294118,4.35294117647,3.36363636364,2.84615384615,1.69341284359,0.389027274878,0.193958664547,2.09866904602,0.964253345467,0.518282988871,1.87867287326,0.863174022847,0.470588235294,0.786197569093,0.41766745858,2.25,1.88235294118,0.786197569093,2.25,0.166339869281,0.0612244897959,3,0.00441176470588,0.185952380952,17,17,17,1,0,0.352941176471,0.411764705882,0.235294117647,17,0.128676470588,1.90196078431,4.11764705882,3.18181818182,2.69230769231,1.57648156274,0.382859808093,0.201680672269,2.01465221053,0.978545359402,0.524369747899,1.74894926439,0.849489642704,0.463865546218,0.814492905316,0.428238537847,2.33333333333,1.90196078431,0.814492905316,2.33333333333,0,0,0,0,0.164242424242,17,17,17,1,0,0.352941176471,0.411764705882,0.235294117647,17,37,0.136029411765,1.88235294118,4.35294117647,3.36363636364,2.84615384615,1.69341284359,0.389027274878,0.193958664547,2.09866904602,0.964253345467,0.518282988871,1.87867287326,0.863174022847,0.470588235294,0.786197569093,0.41766745858,2.25,1.88235294118,0.786197569093,2.25,0.166339869281,0.0612244897959,3,0.00441176470588,0.185952380952,17,17,17,1,0,0.352941176471,0.411764705882,0.235294117647,0,0,0,0,0,0,0,0,0,0,0,0,0,0,0,0,0,0,0,0,0,0,0,0,0,0,0,0,0,37,0,0,235,1,1,0,0,1,1,1,1,1,1,2,2,0,0,0,0
1032,WLNM_dir_neg,1,0.5,00:00:01,10,30,15,1981780288,threshold_sweep,0.6,1,1,1,2,0,0,4,1,1,0,0,1,1,1,1,0.555555555556,1,1,1,37,35,2,0,37,0,35,0,2,17,37,0.136029411765,1.88235294118,4.35294117647,3.36363636364,2.84615384615,1.69341284359,0.389027274878,0.193958664547,2.09866904602,0.964253345467,0.518282988871,1.87867287326,0.863174022847,0.470588235294,0.786197569093,0.41766745858,2.25,1.88235294118,0.786197569093,2.25,0.166339869281,0.0612244897959,3,0.00441176470588,0.185952380952,17,17,17,1,0,0.352941176471,0.411764705882,0.235294117647,17,0.128676470588,1.90196078431,4.11764705882,3.18181818182,2.69230769231,1.57648156274,0.382859808093,0.201680672269,2.01465221053,0.978545359402,0.524369747899,1.74894926439,0.849489642704,0.463865546218,0.814492905316,0.428238537847,2.33333333333,1.90196078431,0.814492905316,2.33333333333,0,0,0,0,0.164242424242,17,17,17,1,0,0.352941176471,0.411764705882,0.235294117647,17,37,0.136029411765,1.88235294118,4.35294117647,3.36363636364,2.84615384615,1.69341284359,0.389027274878,0.193958664547,2.09866904602,0.964253345467,0.518282988871,1.87867287326,0.863174022847,0.470588235294,0.786197569093,0.41766745858,2.25,1.88235294118,0.786197569093,2.25,0.166339869281,0.0612244897959,3,0.00441176470588,0.185952380952,17,17,17,1,0,0.352941176471,0.411764705882,0.235294117647,0,0,0,0,0,0,0,0,0,0,0,0,0,0,0,0,0,0,0,0,0,0,0,0,0,0,0,0,0,37,0,0,235,1,1,0,0,1,1,1,1,1,1,2,2,0,0,0,0
1033,WLNM_dir_neg,1,0.5,00:00:01,10,30,15,1981780288,threshold_sweep,0.7,1,1,1,2,0,0,4,1,1,0,0,1,1,1,1,0.555555555556,1,1,1,37,35,2,0,37,0,35,0,2,17,37,0.136029411765,1.88235294118,4.35294117647,3.36363636364,2.84615384615,1.69341284359,0.389027274878,0.193958664547,2.09866904602,0.964253345467,0.518282988871,1.87867287326,0.863174022847,0.470588235294,0.786197569093,0.41766745858,2.25,1.88235294118,0.786197569093,2.25,0.166339869281,0.0612244897959,3,0.00441176470588,0.185952380952,17,17,17,1,0,0.352941176471,0.411764705882,0.235294117647,17,0.128676470588,1.90196078431,4.11764705882,3.18181818182,2.69230769231,1.57648156274,0.382859808093,0.201680672269,2.01465221053,0.978545359402,0.524369747899,1.74894926439,0.849489642704,0.463865546218,0.814492905316,0.428238537847,2.33333333333,1.90196078431,0.814492905316,2.33333333333,0,0,0,0,0.164242424242,17,17,17,1,0,0.352941176471,0.411764705882,0.235294117647,17,37,0.136029411765,1.88235294118,4.35294117647,3.36363636364,2.84615384615,1.69341284359,0.389027274878,0.193958664547,2.09866904602,0.964253345467,0.518282988871,1.87867287326,0.863174022847,0.470588235294,0.786197569093,0.41766745858,2.25,1.88235294118,0.786197569093,2.25,0.166339869281,0.0612244897959,3,0.00441176470588,0.185952380952,17,17,17,1,0,0.352941176471,0.411764705882,0.235294117647,0,0,0,0,0,0,0,0,0,0,0,0,0,0,0,0,0,0,0,0,0,0,0,0,0,0,0,0,0,37,0,0,235,1,1,0,0,1,1,1,1,1,1,2,2,0,0,0,0
1034,WLNM_dir_neg,1,0.5,00:00:01,10,30,15,1981780288,threshold_sweep,0.8,1,1,1,2,0,0,4,1,1,0,0,1,1,1,1,0.555555555556,1,1,1,37,35,2,0,37,0,35,0,2,17,37,0.136029411765,1.88235294118,4.35294117647,3.36363636364,2.84615384615,1.69341284359,0.389027274878,0.193958664547,2.09866904602,0.964253345467,0.518282988871,1.87867287326,0.863174022847,0.470588235294,0.786197569093,0.41766745858,2.25,1.88235294118,0.786197569093,2.25,0.166339869281,0.0612244897959,3,0.00441176470588,0.185952380952,17,17,17,1,0,0.352941176471,0.411764705882,0.235294117647,17,0.128676470588,1.90196078431,4.11764705882,3.18181818182,2.69230769231,1.57648156274,0.382859808093,0.201680672269,2.01465221053,0.978545359402,0.524369747899,1.74894926439,0.849489642704,0.463865546218,0.814492905316,0.428238537847,2.33333333333,1.90196078431,0.814492905316,2.33333333333,0,0,0,0,0.164242424242,17,17,17,1,0,0.352941176471,0.411764705882,0.235294117647,17,37,0.136029411765,1.88235294118,4.35294117647,3.36363636364,2.84615384615,1.69341284359,0.389027274878,0.193958664547,2.09866904602,0.964253345467,0.518282988871,1.87867287326,0.863174022847,0.470588235294,0.786197569093,0.41766745858,2.25,1.88235294118,0.786197569093,2.25,0.166339869281,0.0612244897959,3,0.00441176470588,0.185952380952,17,17,17,1,0,0.352941176471,0.411764705882,0.235294117647,0,0,0,0,0,0,0,0,0,0,0,0,0,0,0,0,0,0,0,0,0,0,0,0,0,0,0,0,0,37,0,0,235,1,1,0,0,1,1,1,1,1,1,2,2,0,0,0,0
1035,WLNM_dir_neg,1,0.5,00:00:01,10,30,15,1981780288,threshold_sweep,0.9,1,1,1,2,0,0,4,1,1,0,0,1,1,1,1,0.555555555556,1,1,1,37,35,2,0,37,0,35,0,2,17,37,0.136029411765,1.88235294118,4.35294117647,3.36363636364,2.84615384615,1.69341284359,0.389027274878,0.193958664547,2.09866904602,0.964253345467,0.518282988871,1.87867287326,0.863174022847,0.470588235294,0.786197569093,0.41766745858,2.25,1.88235294118,0.786197569093,2.25,0.166339869281,0.0612244897959,3,0.00441176470588,0.185952380952,17,17,17,1,0,0.352941176471,0.411764705882,0.235294117647,17,0.128676470588,1.90196078431,4.11764705882,3.18181818182,2.69230769231,1.57648156274,0.382859808093,0.201680672269,2.01465221053,0.978545359402,0.524369747899,1.74894926439,0.849489642704,0.463865546218,0.814492905316,0.428238537847,2.33333333333,1.90196078431,0.814492905316,2.33333333333,0,0,0,0,0.164242424242,17,17,17,1,0,0.352941176471,0.411764705882,0.235294117647,17,37,0.136029411765,1.88235294118,4.35294117647,3.36363636364,2.84615384615,1.69341284359,0.389027274878,0.193958664547,2.09866904602,0.964253345467,0.518282988871,1.87867287326,0.863174022847,0.470588235294,0.786197569093,0.41766745858,2.25,1.88235294118,0.786197569093,2.25,0.166339869281,0.0612244897959,3,0.00441176470588,0.185952380952,17,17,17,1,0,0.352941176471,0.411764705882,0.235294117647,0,0,0,0,0,0,0,0,0,0,0,0,0,0,0,0,0,0,0,0,0,0,0,0,0,0,0,0,0,37,0,0,235,1,1,0,0,1,1,1,1,1,1,2,2,0,0,0,0
1036,WLNM_dir_neg,1,0.5,00:00:01,10,30,16,1981780289,threshold_sweep,0.1,1,1,1,2,0,0,4,1,1,0,0,1,1,1,1,0.555555555556,1,1,1,37,35,2,0,37,0,35,0,2,17,37,0.136029411765,1.88235294118,4.35294117647,3.36363636364,2.84615384615,1.69341284359,0.389027274878,0.193958664547,2.09866904602,0.964253345467,0.518282988871,1.87867287326,0.863174022847,0.470588235294,0.786197569093,0.41766745858,2.25,1.88235294118,0.786197569093,2.25,0.166339869281,0.0612244897959,3,0.00441176470588,0.185952380952,17,17,17,1,0,0.352941176471,0.411764705882,0.235294117647,17,0.128676470588,1.90196078431,4.11764705882,3.18181818182,2.69230769231,1.57648156274,0.382859808093,0.201680672269,2.01465221053,0.978545359402,0.524369747899,1.74894926439,0.849489642704,0.463865546218,0.814492905316,0.428238537847,2.33333333333,1.90196078431,0.814492905316,2.33333333333,0,0,0,0,0.164242424242,17,17,17,1,0,0.352941176471,0.411764705882,0.235294117647,17,37,0.136029411765,1.88235294118,4.35294117647,3.36363636364,2.84615384615,1.69341284359,0.389027274878,0.193958664547,2.09866904602,0.964253345467,0.518282988871,1.87867287326,0.863174022847,0.470588235294,0.786197569093,0.41766745858,2.25,1.88235294118,0.786197569093,2.25,0.166339869281,0.0612244897959,3,0.00441176470588,0.185952380952,17,17,17,1,0,0.352941176471,0.411764705882,0.235294117647,0,0,0,0,0,0,0,0,0,0,0,0,0,0,0,0,0,0,0,0,0,0,0,0,0,0,0,0,0,37,0,0,235,1,1,0,0,1,1,1,1,1,1,2,2,0,0,0,0
1037,WLNM_dir_neg,1,0.5,00:00:01,10,30,16,1981780289,threshold_sweep,0.2,1,1,1,2,0,0,4,1,1,0,0,1,1,1,1,0.555555555556,1,1,1,37,35,2,0,37,0,35,0,2,17,37,0.136029411765,1.88235294118,4.35294117647,3.36363636364,2.84615384615,1.69341284359,0.389027274878,0.193958664547,2.09866904602,0.964253345467,0.518282988871,1.87867287326,0.863174022847,0.470588235294,0.786197569093,0.41766745858,2.25,1.88235294118,0.786197569093,2.25,0.166339869281,0.0612244897959,3,0.00441176470588,0.185952380952,17,17,17,1,0,0.352941176471,0.411764705882,0.235294117647,17,0.128676470588,1.90196078431,4.11764705882,3.18181818182,2.69230769231,1.57648156274,0.382859808093,0.201680672269,2.01465221053,0.978545359402,0.524369747899,1.74894926439,0.849489642704,0.463865546218,0.814492905316,0.428238537847,2.33333333333,1.90196078431,0.814492905316,2.33333333333,0,0,0,0,0.164242424242,17,17,17,1,0,0.352941176471,0.411764705882,0.235294117647,17,37,0.136029411765,1.88235294118,4.35294117647,3.36363636364,2.84615384615,1.69341284359,0.389027274878,0.193958664547,2.09866904602,0.964253345467,0.518282988871,1.87867287326,0.863174022847,0.470588235294,0.786197569093,0.41766745858,2.25,1.88235294118,0.786197569093,2.25,0.166339869281,0.0612244897959,3,0.00441176470588,0.185952380952,17,17,17,1,0,0.352941176471,0.411764705882,0.235294117647,0,0,0,0,0,0,0,0,0,0,0,0,0,0,0,0,0,0,0,0,0,0,0,0,0,0,0,0,0,37,0,0,235,1,1,0,0,1,1,1,1,1,1,2,2,0,0,0,0
1038,WLNM_dir_neg,1,0.5,00:00:01,10,30,16,1981780289,threshold_sweep,0.3,1,1,1,2,0,0,4,1,1,0,0,1,1,1,1,0.555555555556,1,1,1,37,35,2,0,37,0,35,0,2,17,37,0.136029411765,1.88235294118,4.35294117647,3.36363636364,2.84615384615,1.69341284359,0.389027274878,0.193958664547,2.09866904602,0.964253345467,0.518282988871,1.87867287326,0.863174022847,0.470588235294,0.786197569093,0.41766745858,2.25,1.88235294118,0.786197569093,2.25,0.166339869281,0.0612244897959,3,0.00441176470588,0.185952380952,17,17,17,1,0,0.352941176471,0.411764705882,0.235294117647,17,0.128676470588,1.90196078431,4.11764705882,3.18181818182,2.69230769231,1.57648156274,0.382859808093,0.201680672269,2.01465221053,0.978545359402,0.524369747899,1.74894926439,0.849489642704,0.463865546218,0.814492905316,0.428238537847,2.33333333333,1.90196078431,0.814492905316,2.33333333333,0,0,0,0,0.164242424242,17,17,17,1,0,0.352941176471,0.411764705882,0.235294117647,17,37,0.136029411765,1.88235294118,4.35294117647,3.36363636364,2.84615384615,1.69341284359,0.389027274878,0.193958664547,2.09866904602,0.964253345467,0.518282988871,1.87867287326,0.863174022847,0.470588235294,0.786197569093,0.41766745858,2.25,1.88235294118,0.786197569093,2.25,0.166339869281,0.0612244897959,3,0.00441176470588,0.185952380952,17,17,17,1,0,0.352941176471,0.411764705882,0.235294117647,0,0,0,0,0,0,0,0,0,0,0,0,0,0,0,0,0,0,0,0,0,0,0,0,0,0,0,0,0,37,0,0,235,1,1,0,0,1,1,1,1,1,1,2,2,0,0,0,0
1039,WLNM_dir_neg,1,0.5,00:00:01,10,30,16,1981780289,threshold_sweep,0.4,1,1,1,2,0,0,4,1,1,0,0,1,1,1,1,0.555555555556,1,1,1,37,35,2,0,37,0,35,0,2,17,37,0.136029411765,1.88235294118,4.35294117647,3.36363636364,2.84615384615,1.69341284359,0.389027274878,0.193958664547,2.09866904602,0.964253345467,0.518282988871,1.87867287326,0.863174022847,0.470588235294,0.786197569093,0.41766745858,2.25,1.88235294118,0.786197569093,2.25,0.166339869281,0.0612244897959,3,0.00441176470588,0.185952380952,17,17,17,1,0,0.352941176471,0.411764705882,0.235294117647,17,0.128676470588,1.90196078431,4.11764705882,3.18181818182,2.69230769231,1.57648156274,0.382859808093,0.201680672269,2.01465221053,0.978545359402,0.524369747899,1.74894926439,0.849489642704,0.463865546218,0.814492905316,0.428238537847,2.33333333333,1.90196078431,0.814492905316,2.33333333333,0,0,0,0,0.164242424242,17,17,17,1,0,0.352941176471,0.411764705882,0.235294117647,17,37,0.136029411765,1.88235294118,4.35294117647,3.36363636364,2.84615384615,1.69341284359,0.389027274878,0.193958664547,2.09866904602,0.964253345467,0.518282988871,1.87867287326,0.863174022847,0.470588235294,0.786197569093,0.41766745858,2.25,1.88235294118,0.786197569093,2.25,0.166339869281,0.0612244897959,3,0.00441176470588,0.185952380952,17,17,17,1,0,0.352941176471,0.411764705882,0.235294117647,0,0,0,0,0,0,0,0,0,0,0,0,0,0,0,0,0,0,0,0,0,0,0,0,0,0,0,0,0,37,0,0,235,1,1,0,0,1,1,1,1,1,1,2,2,0,0,0,0
1040,WLNM_dir_neg,1,0.5,00:00:01,10,30,16,1981780289,threshold_sweep,0.5,1,0.5,0.666666666667,1,0,1,4,0.5,1,0,0.5,1,0.5,0.666666666667,0.833333333333,0.611111111111,0.571428571429,0.632455532034,0.5,37,35,2,0,37,0,35,0,2,17,37,0.136029411765,1.88235294118,4.35294117647,3.36363636364,2.84615384615,1.69341284359,0.389027274878,0.193958664547,2.09866904602,0.964253345467,0.518282988871,1.87867287326,0.863174022847,0.470588235294,0.786197569093,0.41766745858,2.25,1.88235294118,0.786197569093,2.25,0.166339869281,0.0612244897959,3,0.00441176470588,0.185952380952,17,17,17,1,0,0.352941176471,0.411764705882,0.235294117647,17,0.128676470588,1.90196078431,4.11764705882,3.18181818182,2.69230769231,1.57648156274,0.382859808093,0.201680672269,2.01465221053,0.978545359402,0.524369747899,1.74894926439,0.849489642704,0.463865546218,0.814492905316,0.428238537847,2.33333333333,1.90196078431,0.814492905316,2.33333333333,0,0,0,0,0.164242424242,17,17,17,1,0,0.352941176471,0.411764705882,0.235294117647,17,36,0.132352941176,1.89705882353,4.23529411765,3.27272727273,2.76923076923,1.71498585143,0.40492721492,0.204248366013,2.05798302171,0.971825315808,0.522875816993,1.79869233546,0.849382491746,0.464052287582,0.805541469338,0.424626510969,2.25,1.89705882353,0.805541469338,2.25,0.0702614379085,0.0214285714286,1,0.00147058823529,0.175454545455,17,17,17,1,0,0.352941176471,0.411764705882,0.235294117647,-1,-0.00367647058824,0.0147058823529,-0.117647058824,-0.0909090909091,-0.0769230769231,0.0215730078386,0.0158999400418,0.0102897014662,-0.0406860243059,0.00757197034072,0.00459282812224,-0.0799805377942,-0.0137915311015,-0.00653594771242,0.0193439002456,0.00695905238854,0,0.0147058823529,0.0193439002456,0,-0.0960784313725,-0.0397959183673,-2,-0.00294117647059,-0.0104978354978,0,0,0,36,0,1,235,0.972972972973,1,0,0.027027027027,1,0.972972972973,0.986301369863,0.984301887704,0.972972972973,0.972972972973,1,2,0,0,0,0
1041,WLNM_dir_neg,1,0.5,00:00:01,10,30,16,1981780289,threshold_sweep,0.6,1,0.5,0.666666666667,1,0,1,4,0.5,1,0,0.5,1,0.5,0.666666666667,0.833333333333,0.611111111111,0.571428571429,0.632455532034,0.5,37,35,2,0,37,0,35,0,2,17,37,0.136029411765,1.88235294118,4.35294117647,3.36363636364,2.84615384615,1.69341284359,0.389027274878,0.193958664547,2.09866904602,0.964253345467,0.518282988871,1.87867287326,0.863174022847,0.470588235294,0.786197569093,0.41766745858,2.25,1.88235294118,0.786197569093,2.25,0.166339869281,0.0612244897959,3,0.00441176470588,0.185952380952,17,17,17,1,0,0.352941176471,0.411764705882,0.235294117647,17,0.128676470588,1.90196078431,4.11764705882,3.18181818182,2.69230769231,1.57648156274,0.382859808093,0.201680672269,2.01465221053,0.978545359402,0.524369747899,1.74894926439,0.849489642704,0.463865546218,0.814492905316,0.428238537847,2.33333333333,1.90196078431,0.814492905316,2.33333333333,0,0,0,0,0.164242424242,17,17,17,1,0,0.352941176471,0.411764705882,0.235294117647,17,36,0.132352941176,1.89705882353,4.23529411765,3.27272727273,2.76923076923,1.71498585143,0.40492721492,0.204248366013,2.05798302171,0.971825315808,0.522875816993,1.79869233546,0.849382491746,0.464052287582,0.805541469338,0.424626510969,2.25,1.89705882353,0.805541469338,2.25,0.0702614379085,0.0214285714286,1,0.00147058823529,0.175454545455,17,17,17,1,0,0.352941176471,0.411764705882,0.235294117647,-1,-0.00367647058824,0.0147058823529,-0.117647058824,-0.0909090909091,-0.0769230769231,0.0215730078386,0.0158999400418,0.0102897014662,-0.0406860243059,0.00757197034072,0.00459282812224,-0.0799805377942,-0.0137915311015,-0.00653594771242,0.0193439002456,0.00695905238854,0,0.0147058823529,0.0193439002456,0,-0.0960784313725,-0.0397959183673,-2,-0.00294117647059,-0.0104978354978,0,0,0,36,0,1,235,0.972972972973,1,0,0.027027027027,1,0.972972972973,0.986301369863,0.984301887704,0.972972972973,0.972972972973,1,2,0,0,0,0
1042,WLNM_dir_neg,1,0.5,00:00:01,10,30,16,1981780289,threshold_sweep,0.7,1,0.5,0.666666666667,1,0,1,4,0.5,1,0,0.5,1,0.5,0.666666666667,0.833333333333,0.611111111111,0.571428571429,0.632455532034,0.5,37,35,2,0,37,0,35,0,2,17,37,0.136029411765,1.88235294118,4.35294117647,3.36363636364,2.84615384615,1.69341284359,0.389027274878,0.193958664547,2.09866904602,0.964253345467,0.518282988871,1.87867287326,0.863174022847,0.470588235294,0.786197569093,0.41766745858,2.25,1.88235294118,0.786197569093,2.25,0.166339869281,0.0612244897959,3,0.00441176470588,0.185952380952,17,17,17,1,0,0.352941176471,0.411764705882,0.235294117647,17,0.128676470588,1.90196078431,4.11764705882,3.18181818182,2.69230769231,1.57648156274,0.382859808093,0.201680672269,2.01465221053,0.978545359402,0.524369747899,1.74894926439,0.849489642704,0.463865546218,0.814492905316,0.428238537847,2.33333333333,1.90196078431,0.814492905316,2.33333333333,0,0,0,0,0.164242424242,17,17,17,1,0,0.352941176471,0.411764705882,0.235294117647,17,36,0.132352941176,1.89705882353,4.23529411765,3.27272727273,2.76923076923,1.71498585143,0.40492721492,0.204248366013,2.05798302171,0.971825315808,0.522875816993,1.79869233546,0.849382491746,0.464052287582,0.805541469338,0.424626510969,2.25,1.89705882353,0.805541469338,2.25,0.0702614379085,0.0214285714286,1,0.00147058823529,0.175454545455,17,17,17,1,0,0.352941176471,0.411764705882,0.235294117647,-1,-0.00367647058824,0.0147058823529,-0.117647058824,-0.0909090909091,-0.0769230769231,0.0215730078386,0.0158999400418,0.0102897014662,-0.0406860243059,0.00757197034072,0.00459282812224,-0.0799805377942,-0.0137915311015,-0.00653594771242,0.0193439002456,0.00695905238854,0,0.0147058823529,0.0193439002456,0,-0.0960784313725,-0.0397959183673,-2,-0.00294117647059,-0.0104978354978,0,0,0,36,0,1,235,0.972972972973,1,0,0.027027027027,1,0.972972972973,0.986301369863,0.984301887704,0.972972972973,0.972972972973,1,2,0,0,0,0
1043,WLNM_dir_neg,1,0.5,00:00:01,10,30,16,1981780289,threshold_sweep,0.8,1,0.5,0.666666666667,1,0,1,4,0.5,1,0,0.5,1,0.5,0.666666666667,0.833333333333,0.611111111111,0.571428571429,0.632455532034,0.5,37,35,2,0,37,0,35,0,2,17,37,0.136029411765,1.88235294118,4.35294117647,3.36363636364,2.84615384615,1.69341284359,0.389027274878,0.193958664547,2.09866904602,0.964253345467,0.518282988871,1.87867287326,0.863174022847,0.470588235294,0.786197569093,0.41766745858,2.25,1.88235294118,0.786197569093,2.25,0.166339869281,0.0612244897959,3,0.00441176470588,0.185952380952,17,17,17,1,0,0.352941176471,0.411764705882,0.235294117647,17,0.128676470588,1.90196078431,4.11764705882,3.18181818182,2.69230769231,1.57648156274,0.382859808093,0.201680672269,2.01465221053,0.978545359402,0.524369747899,1.74894926439,0.849489642704,0.463865546218,0.814492905316,0.428238537847,2.33333333333,1.90196078431,0.814492905316,2.33333333333,0,0,0,0,0.164242424242,17,17,17,1,0,0.352941176471,0.411764705882,0.235294117647,17,36,0.132352941176,1.89705882353,4.23529411765,3.27272727273,2.76923076923,1.71498585143,0.40492721492,0.204248366013,2.05798302171,0.971825315808,0.522875816993,1.79869233546,0.849382491746,0.464052287582,0.805541469338,0.424626510969,2.25,1.89705882353,0.805541469338,2.25,0.0702614379085,0.0214285714286,1,0.00147058823529,0.175454545455,17,17,17,1,0,0.352941176471,0.411764705882,0.235294117647,-1,-0.00367647058824,0.0147058823529,-0.117647058824,-0.0909090909091,-0.0769230769231,0.0215730078386,0.0158999400418,0.0102897014662,-0.0406860243059,0.00757197034072,0.00459282812224,-0.0799805377942,-0.0137915311015,-0.00653594771242,0.0193439002456,0.00695905238854,0,0.0147058823529,0.0193439002456,0,-0.0960784313725,-0.0397959183673,-2,-0.00294117647059,-0.0104978354978,0,0,0,36,0,1,235,0.972972972973,1,0,0.027027027027,1,0.972972972973,0.986301369863,0.984301887704,0.972972972973,0.972972972973,1,2,0,0,0,0
1044,WLNM_dir_neg,1,0.5,00:00:01,10,30,16,1981780289,threshold_sweep,0.9,1,0.5,0.666666666667,1,0,1,4,0.5,1,0,0.5,1,0.5,0.666666666667,0.833333333333,0.611111111111,0.571428571429,0.632455532034,0.5,37,35,2,0,37,0,35,0,2,17,37,0.136029411765,1.88235294118,4.35294117647,3.36363636364,2.84615384615,1.69341284359,0.389027274878,0.193958664547,2.09866904602,0.964253345467,0.518282988871,1.87867287326,0.863174022847,0.470588235294,0.786197569093,0.41766745858,2.25,1.88235294118,0.786197569093,2.25,0.166339869281,0.0612244897959,3,0.00441176470588,0.185952380952,17,17,17,1,0,0.352941176471,0.411764705882,0.235294117647,17,0.128676470588,1.90196078431,4.11764705882,3.18181818182,2.69230769231,1.57648156274,0.382859808093,0.201680672269,2.01465221053,0.978545359402,0.524369747899,1.74894926439,0.849489642704,0.463865546218,0.814492905316,0.428238537847,2.33333333333,1.90196078431,0.814492905316,2.33333333333,0,0,0,0,0.164242424242,17,17,17,1,0,0.352941176471,0.411764705882,0.235294117647,17,36,0.132352941176,1.89705882353,4.23529411765,3.27272727273,2.76923076923,1.71498585143,0.40492721492,0.204248366013,2.05798302171,0.971825315808,0.522875816993,1.79869233546,0.849382491746,0.464052287582,0.805541469338,0.424626510969,2.25,1.89705882353,0.805541469338,2.25,0.0702614379085,0.0214285714286,1,0.00147058823529,0.175454545455,17,17,17,1,0,0.352941176471,0.411764705882,0.235294117647,-1,-0.00367647058824,0.0147058823529,-0.117647058824,-0.0909090909091,-0.0769230769231,0.0215730078386,0.0158999400418,0.0102897014662,-0.0406860243059,0.00757197034072,0.00459282812224,-0.0799805377942,-0.0137915311015,-0.00653594771242,0.0193439002456,0.00695905238854,0,0.0147058823529,0.0193439002456,0,-0.0960784313725,-0.0397959183673,-2,-0.00294117647059,-0.0104978354978,0,0,0,36,0,1,235,0.972972972973,1,0,0.027027027027,1,0.972972972973,0.986301369863,0.984301887704,0.972972972973,0.972972972973,1,2,0,0,0,0
1045,WLNM_dir_neg,1,0.5,00:00:02,10,30,17,1981780290,threshold_sweep,0.1,1,1,1,2,0,0,4,1,1,0,0,1,1,1,1,0.555555555556,1,1,1,37,35,2,0,37,0,35,0,2,17,37,0.136029411765,1.88235294118,4.35294117647,3.36363636364,2.84615384615,1.69341284359,0.389027274878,0.193958664547,2.09866904602,0.964253345467,0.518282988871,1.87867287326,0.863174022847,0.470588235294,0.786197569093,0.41766745858,2.25,1.88235294118,0.786197569093,2.25,0.166339869281,0.0612244897959,3,0.00441176470588,0.185952380952,17,17,17,1,0,0.352941176471,0.411764705882,0.235294117647,17,0.128676470588,1.90196078431,4.11764705882,3.18181818182,2.69230769231,1.57648156274,0.382859808093,0.201680672269,2.01465221053,0.978545359402,0.524369747899,1.74894926439,0.849489642704,0.463865546218,0.814492905316,0.428238537847,2.33333333333,1.90196078431,0.814492905316,2.33333333333,0,0,0,0,0.164242424242,17,17,17,1,0,0.352941176471,0.411764705882,0.235294117647,17,37,0.136029411765,1.88235294118,4.35294117647,3.36363636364,2.84615384615,1.69341284359,0.389027274878,0.193958664547,2.09866904602,0.964253345467,0.518282988871,1.87867287326,0.863174022847,0.470588235294,0.786197569093,0.41766745858,2.25,1.88235294118,0.786197569093,2.25,0.166339869281,0.0612244897959,3,0.00441176470588,0.185952380952,17,17,17,1,0,0.352941176471,0.411764705882,0.235294117647,0,0,0,0,0,0,0,0,0,0,0,0,0,0,0,0,0,0,0,0,0,0,0,0,0,0,0,0,0,37,0,0,235,1,1,0,0,1,1,1,1,1,1,2,2,0,0,0,0
1046,WLNM_dir_neg,1,0.5,00:00:02,10,30,17,1981780290,threshold_sweep,0.2,1,1,1,2,0,0,4,1,1,0,0,1,1,1,1,0.555555555556,1,1,1,37,35,2,0,37,0,35,0,2,17,37,0.136029411765,1.88235294118,4.35294117647,3.36363636364,2.84615384615,1.69341284359,0.389027274878,0.193958664547,2.09866904602,0.964253345467,0.518282988871,1.87867287326,0.863174022847,0.470588235294,0.786197569093,0.41766745858,2.25,1.88235294118,0.786197569093,2.25,0.166339869281,0.0612244897959,3,0.00441176470588,0.185952380952,17,17,17,1,0,0.352941176471,0.411764705882,0.235294117647,17,0.128676470588,1.90196078431,4.11764705882,3.18181818182,2.69230769231,1.57648156274,0.382859808093,0.201680672269,2.01465221053,0.978545359402,0.524369747899,1.74894926439,0.849489642704,0.463865546218,0.814492905316,0.428238537847,2.33333333333,1.90196078431,0.814492905316,2.33333333333,0,0,0,0,0.164242424242,17,17,17,1,0,0.352941176471,0.411764705882,0.235294117647,17,37,0.136029411765,1.88235294118,4.35294117647,3.36363636364,2.84615384615,1.69341284359,0.389027274878,0.193958664547,2.09866904602,0.964253345467,0.518282988871,1.87867287326,0.863174022847,0.470588235294,0.786197569093,0.41766745858,2.25,1.88235294118,0.786197569093,2.25,0.166339869281,0.0612244897959,3,0.00441176470588,0.185952380952,17,17,17,1,0,0.352941176471,0.411764705882,0.235294117647,0,0,0,0,0,0,0,0,0,0,0,0,0,0,0,0,0,0,0,0,0,0,0,0,0,0,0,0,0,37,0,0,235,1,1,0,0,1,1,1,1,1,1,2,2,0,0,0,0
1047,WLNM_dir_neg,1,0.5,00:00:02,10,30,17,1981780290,threshold_sweep,0.3,1,1,1,2,0,0,4,1,1,0,0,1,1,1,1,0.555555555556,1,1,1,37,35,2,0,37,0,35,0,2,17,37,0.136029411765,1.88235294118,4.35294117647,3.36363636364,2.84615384615,1.69341284359,0.389027274878,0.193958664547,2.09866904602,0.964253345467,0.518282988871,1.87867287326,0.863174022847,0.470588235294,0.786197569093,0.41766745858,2.25,1.88235294118,0.786197569093,2.25,0.166339869281,0.0612244897959,3,0.00441176470588,0.185952380952,17,17,17,1,0,0.352941176471,0.411764705882,0.235294117647,17,0.128676470588,1.90196078431,4.11764705882,3.18181818182,2.69230769231,1.57648156274,0.382859808093,0.201680672269,2.01465221053,0.978545359402,0.524369747899,1.74894926439,0.849489642704,0.463865546218,0.814492905316,0.428238537847,2.33333333333,1.90196078431,0.814492905316,2.33333333333,0,0,0,0,0.164242424242,17,17,17,1,0,0.352941176471,0.411764705882,0.235294117647,17,37,0.136029411765,1.88235294118,4.35294117647,3.36363636364,2.84615384615,1.69341284359,0.389027274878,0.193958664547,2.09866904602,0.964253345467,0.518282988871,1.87867287326,0.863174022847,0.470588235294,0.786197569093,0.41766745858,2.25,1.88235294118,0.786197569093,2.25,0.166339869281,0.0612244897959,3,0.00441176470588,0.185952380952,17,17,17,1,0,0.352941176471,0.411764705882,0.235294117647,0,0,0,0,0,0,0,0,0,0,0,0,0,0,0,0,0,0,0,0,0,0,0,0,0,0,0,0,0,37,0,0,235,1,1,0,0,1,1,1,1,1,1,2,2,0,0,0,0
1048,WLNM_dir_neg,1,0.5,00:00:02,10,30,17,1981780290,threshold_sweep,0.4,1,1,1,2,0,0,4,1,1,0,0,1,1,1,1,0.555555555556,1,1,1,37,35,2,0,37,0,35,0,2,17,37,0.136029411765,1.88235294118,4.35294117647,3.36363636364,2.84615384615,1.69341284359,0.389027274878,0.193958664547,2.09866904602,0.964253345467,0.518282988871,1.87867287326,0.863174022847,0.470588235294,0.786197569093,0.41766745858,2.25,1.88235294118,0.786197569093,2.25,0.166339869281,0.0612244897959,3,0.00441176470588,0.185952380952,17,17,17,1,0,0.352941176471,0.411764705882,0.235294117647,17,0.128676470588,1.90196078431,4.11764705882,3.18181818182,2.69230769231,1.57648156274,0.382859808093,0.201680672269,2.01465221053,0.978545359402,0.524369747899,1.74894926439,0.849489642704,0.463865546218,0.814492905316,0.428238537847,2.33333333333,1.90196078431,0.814492905316,2.33333333333,0,0,0,0,0.164242424242,17,17,17,1,0,0.352941176471,0.411764705882,0.235294117647,17,37,0.136029411765,1.88235294118,4.35294117647,3.36363636364,2.84615384615,1.69341284359,0.389027274878,0.193958664547,2.09866904602,0.964253345467,0.518282988871,1.87867287326,0.863174022847,0.470588235294,0.786197569093,0.41766745858,2.25,1.88235294118,0.786197569093,2.25,0.166339869281,0.0612244897959,3,0.00441176470588,0.185952380952,17,17,17,1,0,0.352941176471,0.411764705882,0.235294117647,0,0,0,0,0,0,0,0,0,0,0,0,0,0,0,0,0,0,0,0,0,0,0,0,0,0,0,0,0,37,0,0,235,1,1,0,0,1,1,1,1,1,1,2,2,0,0,0,0
1049,WLNM_dir_neg,1,0.5,00:00:02,10,30,17,1981780290,threshold_sweep,0.5,1,1,1,2,0,0,4,1,1,0,0,1,1,1,1,0.555555555556,1,1,1,37,35,2,0,37,0,35,0,2,17,37,0.136029411765,1.88235294118,4.35294117647,3.36363636364,2.84615384615,1.69341284359,0.389027274878,0.193958664547,2.09866904602,0.964253345467,0.518282988871,1.87867287326,0.863174022847,0.470588235294,0.786197569093,0.41766745858,2.25,1.88235294118,0.786197569093,2.25,0.166339869281,0.0612244897959,3,0.00441176470588,0.185952380952,17,17,17,1,0,0.352941176471,0.411764705882,0.235294117647,17,0.128676470588,1.90196078431,4.11764705882,3.18181818182,2.69230769231,1.57648156274,0.382859808093,0.201680672269,2.01465221053,0.978545359402,0.524369747899,1.74894926439,0.849489642704,0.463865546218,0.814492905316,0.428238537847,2.33333333333,1.90196078431,0.814492905316,2.33333333333,0,0,0,0,0.164242424242,17,17,17,1,0,0.352941176471,0.411764705882,0.235294117647,17,37,0.136029411765,1.88235294118,4.35294117647,3.36363636364,2.84615384615,1.69341284359,0.389027274878,0.193958664547,2.09866904602,0.964253345467,0.518282988871,1.87867287326,0.863174022847,0.470588235294,0.786197569093,0.41766745858,2.25,1.88235294118,0.786197569093,2.25,0.166339869281,0.0612244897959,3,0.00441176470588,0.185952380952,17,17,17,1,0,0.352941176471,0.411764705882,0.235294117647,0,0,0,0,0,0,0,0,0,0,0,0,0,0,0,0,0,0,0,0,0,0,0,0,0,0,0,0,0,37,0,0,235,1,1,0,0,1,1,1,1,1,1,2,2,0,0,0,0
1050,WLNM_dir_neg,1,0.5,00:00:02,10,30,17,1981780290,threshold_sweep,0.6,1,1,1,2,0,0,4,1,1,0,0,1,1,1,1,0.555555555556,1,1,1,37,35,2,0,37,0,35,0,2,17,37,0.136029411765,1.88235294118,4.35294117647,3.36363636364,2.84615384615,1.69341284359,0.389027274878,0.193958664547,2.09866904602,0.964253345467,0.518282988871,1.87867287326,0.863174022847,0.470588235294,0.786197569093,0.41766745858,2.25,1.88235294118,0.786197569093,2.25,0.166339869281,0.0612244897959,3,0.00441176470588,0.185952380952,17,17,17,1,0,0.352941176471,0.411764705882,0.235294117647,17,0.128676470588,1.90196078431,4.11764705882,3.18181818182,2.69230769231,1.57648156274,0.382859808093,0.201680672269,2.01465221053,0.978545359402,0.524369747899,1.74894926439,0.849489642704,0.463865546218,0.814492905316,0.428238537847,2.33333333333,1.90196078431,0.814492905316,2.33333333333,0,0,0,0,0.164242424242,17,17,17,1,0,0.352941176471,0.411764705882,0.235294117647,17,37,0.136029411765,1.88235294118,4.35294117647,3.36363636364,2.84615384615,1.69341284359,0.389027274878,0.193958664547,2.09866904602,0.964253345467,0.518282988871,1.87867287326,0.863174022847,0.470588235294,0.786197569093,0.41766745858,2.25,1.88235294118,0.786197569093,2.25,0.166339869281,0.0612244897959,3,0.00441176470588,0.185952380952,17,17,17,1,0,0.352941176471,0.411764705882,0.235294117647,0,0,0,0,0,0,0,0,0,0,0,0,0,0,0,0,0,0,0,0,0,0,0,0,0,0,0,0,0,37,0,0,235,1,1,0,0,1,1,1,1,1,1,2,2,0,0,0,0
1051,WLNM_dir_neg,1,0.5,00:00:02,10,30,17,1981780290,threshold_sweep,0.7,1,1,1,2,0,0,4,1,1,0,0,1,1,1,1,0.555555555556,1,1,1,37,35,2,0,37,0,35,0,2,17,37,0.136029411765,1.88235294118,4.35294117647,3.36363636364,2.84615384615,1.69341284359,0.389027274878,0.193958664547,2.09866904602,0.964253345467,0.518282988871,1.87867287326,0.863174022847,0.470588235294,0.786197569093,0.41766745858,2.25,1.88235294118,0.786197569093,2.25,0.166339869281,0.0612244897959,3,0.00441176470588,0.185952380952,17,17,17,1,0,0.352941176471,0.411764705882,0.235294117647,17,0.128676470588,1.90196078431,4.11764705882,3.18181818182,2.69230769231,1.57648156274,0.382859808093,0.201680672269,2.01465221053,0.978545359402,0.524369747899,1.74894926439,0.849489642704,0.463865546218,0.814492905316,0.428238537847,2.33333333333,1.90196078431,0.814492905316,2.33333333333,0,0,0,0,0.164242424242,17,17,17,1,0,0.352941176471,0.411764705882,0.235294117647,17,37,0.136029411765,1.88235294118,4.35294117647,3.36363636364,2.84615384615,1.69341284359,0.389027274878,0.193958664547,2.09866904602,0.964253345467,0.518282988871,1.87867287326,0.863174022847,0.470588235294,0.786197569093,0.41766745858,2.25,1.88235294118,0.786197569093,2.25,0.166339869281,0.0612244897959,3,0.00441176470588,0.185952380952,17,17,17,1,0,0.352941176471,0.411764705882,0.235294117647,0,0,0,0,0,0,0,0,0,0,0,0,0,0,0,0,0,0,0,0,0,0,0,0,0,0,0,0,0,37,0,0,235,1,1,0,0,1,1,1,1,1,1,2,2,0,0,0,0
1052,WLNM_dir_neg,1,0.5,00:00:02,10,30,17,1981780290,threshold_sweep,0.8,1,1,1,2,0,0,4,1,1,0,0,1,1,1,1,0.555555555556,1,1,1,37,35,2,0,37,0,35,0,2,17,37,0.136029411765,1.88235294118,4.35294117647,3.36363636364,2.84615384615,1.69341284359,0.389027274878,0.193958664547,2.09866904602,0.964253345467,0.518282988871,1.87867287326,0.863174022847,0.470588235294,0.786197569093,0.41766745858,2.25,1.88235294118,0.786197569093,2.25,0.166339869281,0.0612244897959,3,0.00441176470588,0.185952380952,17,17,17,1,0,0.352941176471,0.411764705882,0.235294117647,17,0.128676470588,1.90196078431,4.11764705882,3.18181818182,2.69230769231,1.57648156274,0.382859808093,0.201680672269,2.01465221053,0.978545359402,0.524369747899,1.74894926439,0.849489642704,0.463865546218,0.814492905316,0.428238537847,2.33333333333,1.90196078431,0.814492905316,2.33333333333,0,0,0,0,0.164242424242,17,17,17,1,0,0.352941176471,0.411764705882,0.235294117647,17,37,0.136029411765,1.88235294118,4.35294117647,3.36363636364,2.84615384615,1.69341284359,0.389027274878,0.193958664547,2.09866904602,0.964253345467,0.518282988871,1.87867287326,0.863174022847,0.470588235294,0.786197569093,0.41766745858,2.25,1.88235294118,0.786197569093,2.25,0.166339869281,0.0612244897959,3,0.00441176470588,0.185952380952,17,17,17,1,0,0.352941176471,0.411764705882,0.235294117647,0,0,0,0,0,0,0,0,0,0,0,0,0,0,0,0,0,0,0,0,0,0,0,0,0,0,0,0,0,37,0,0,235,1,1,0,0,1,1,1,1,1,1,2,2,0,0,0,0
1053,WLNM_dir_neg,1,0.5,00:00:02,10,30,17,1981780290,threshold_sweep,0.9,1,1,1,2,0,0,4,1,1,0,0,1,1,1,1,0.555555555556,1,1,1,37,35,2,0,37,0,35,0,2,17,37,0.136029411765,1.88235294118,4.35294117647,3.36363636364,2.84615384615,1.69341284359,0.389027274878,0.193958664547,2.09866904602,0.964253345467,0.518282988871,1.87867287326,0.863174022847,0.470588235294,0.786197569093,0.41766745858,2.25,1.88235294118,0.786197569093,2.25,0.166339869281,0.0612244897959,3,0.00441176470588,0.185952380952,17,17,17,1,0,0.352941176471,0.411764705882,0.235294117647,17,0.128676470588,1.90196078431,4.11764705882,3.18181818182,2.69230769231,1.57648156274,0.382859808093,0.201680672269,2.01465221053,0.978545359402,0.524369747899,1.74894926439,0.849489642704,0.463865546218,0.814492905316,0.428238537847,2.33333333333,1.90196078431,0.814492905316,2.33333333333,0,0,0,0,0.164242424242,17,17,17,1,0,0.352941176471,0.411764705882,0.235294117647,17,37,0.136029411765,1.88235294118,4.35294117647,3.36363636364,2.84615384615,1.69341284359,0.389027274878,0.193958664547,2.09866904602,0.964253345467,0.518282988871,1.87867287326,0.863174022847,0.470588235294,0.786197569093,0.41766745858,2.25,1.88235294118,0.786197569093,2.25,0.166339869281,0.0612244897959,3,0.00441176470588,0.185952380952,17,17,17,1,0,0.352941176471,0.411764705882,0.235294117647,0,0,0,0,0,0,0,0,0,0,0,0,0,0,0,0,0,0,0,0,0,0,0,0,0,0,0,0,0,37,0,0,235,1,1,0,0,1,1,1,1,1,1,2,2,0,0,0,0
1054,WLNM_dir_neg,1,0.5,00:00:01,10,30,18,1981780291,threshold_sweep,0.1,1,1,1,2,0,0,4,1,1,0,0,1,1,1,1,0.555555555556,1,1,1,37,35,2,0,37,0,35,0,2,17,37,0.136029411765,1.88235294118,4.35294117647,3.36363636364,2.84615384615,1.69341284359,0.389027274878,0.193958664547,2.09866904602,0.964253345467,0.518282988871,1.87867287326,0.863174022847,0.470588235294,0.786197569093,0.41766745858,2.25,1.88235294118,0.786197569093,2.25,0.166339869281,0.0612244897959,3,0.00441176470588,0.185952380952,17,17,17,1,0,0.352941176471,0.411764705882,0.235294117647,17,0.128676470588,1.90196078431,4.11764705882,3.18181818182,2.69230769231,1.57648156274,0.382859808093,0.201680672269,2.01465221053,0.978545359402,0.524369747899,1.74894926439,0.849489642704,0.463865546218,0.814492905316,0.428238537847,2.33333333333,1.90196078431,0.814492905316,2.33333333333,0,0,0,0,0.164242424242,17,17,17,1,0,0.352941176471,0.411764705882,0.235294117647,17,37,0.136029411765,1.88235294118,4.35294117647,3.36363636364,2.84615384615,1.69341284359,0.389027274878,0.193958664547,2.09866904602,0.964253345467,0.518282988871,1.87867287326,0.863174022847,0.470588235294,0.786197569093,0.41766745858,2.25,1.88235294118,0.786197569093,2.25,0.166339869281,0.0612244897959,3,0.00441176470588,0.185952380952,17,17,17,1,0,0.352941176471,0.411764705882,0.235294117647,0,0,0,0,0,0,0,0,0,0,0,0,0,0,0,0,0,0,0,0,0,0,0,0,0,0,0,0,0,37,0,0,235,1,1,0,0,1,1,1,1,1,1,2,2,0,0,0,0
1055,WLNM_dir_neg,1,0.5,00:00:01,10,30,18,1981780291,threshold_sweep,0.2,1,1,1,2,0,0,4,1,1,0,0,1,1,1,1,0.555555555556,1,1,1,37,35,2,0,37,0,35,0,2,17,37,0.136029411765,1.88235294118,4.35294117647,3.36363636364,2.84615384615,1.69341284359,0.389027274878,0.193958664547,2.09866904602,0.964253345467,0.518282988871,1.87867287326,0.863174022847,0.470588235294,0.786197569093,0.41766745858,2.25,1.88235294118,0.786197569093,2.25,0.166339869281,0.0612244897959,3,0.00441176470588,0.185952380952,17,17,17,1,0,0.352941176471,0.411764705882,0.235294117647,17,0.128676470588,1.90196078431,4.11764705882,3.18181818182,2.69230769231,1.57648156274,0.382859808093,0.201680672269,2.01465221053,0.978545359402,0.524369747899,1.74894926439,0.849489642704,0.463865546218,0.814492905316,0.428238537847,2.33333333333,1.90196078431,0.814492905316,2.33333333333,0,0,0,0,0.164242424242,17,17,17,1,0,0.352941176471,0.411764705882,0.235294117647,17,37,0.136029411765,1.88235294118,4.35294117647,3.36363636364,2.84615384615,1.69341284359,0.389027274878,0.193958664547,2.09866904602,0.964253345467,0.518282988871,1.87867287326,0.863174022847,0.470588235294,0.786197569093,0.41766745858,2.25,1.88235294118,0.786197569093,2.25,0.166339869281,0.0612244897959,3,0.00441176470588,0.185952380952,17,17,17,1,0,0.352941176471,0.411764705882,0.235294117647,0,0,0,0,0,0,0,0,0,0,0,0,0,0,0,0,0,0,0,0,0,0,0,0,0,0,0,0,0,37,0,0,235,1,1,0,0,1,1,1,1,1,1,2,2,0,0,0,0
1056,WLNM_dir_neg,1,0.5,00:00:01,10,30,18,1981780291,threshold_sweep,0.3,1,1,1,2,0,0,4,1,1,0,0,1,1,1,1,0.555555555556,1,1,1,37,35,2,0,37,0,35,0,2,17,37,0.136029411765,1.88235294118,4.35294117647,3.36363636364,2.84615384615,1.69341284359,0.389027274878,0.193958664547,2.09866904602,0.964253345467,0.518282988871,1.87867287326,0.863174022847,0.470588235294,0.786197569093,0.41766745858,2.25,1.88235294118,0.786197569093,2.25,0.166339869281,0.0612244897959,3,0.00441176470588,0.185952380952,17,17,17,1,0,0.352941176471,0.411764705882,0.235294117647,17,0.128676470588,1.90196078431,4.11764705882,3.18181818182,2.69230769231,1.57648156274,0.382859808093,0.201680672269,2.01465221053,0.978545359402,0.524369747899,1.74894926439,0.849489642704,0.463865546218,0.814492905316,0.428238537847,2.33333333333,1.90196078431,0.814492905316,2.33333333333,0,0,0,0,0.164242424242,17,17,17,1,0,0.352941176471,0.411764705882,0.235294117647,17,37,0.136029411765,1.88235294118,4.35294117647,3.36363636364,2.84615384615,1.69341284359,0.389027274878,0.193958664547,2.09866904602,0.964253345467,0.518282988871,1.87867287326,0.863174022847,0.470588235294,0.786197569093,0.41766745858,2.25,1.88235294118,0.786197569093,2.25,0.166339869281,0.0612244897959,3,0.00441176470588,0.185952380952,17,17,17,1,0,0.352941176471,0.411764705882,0.235294117647,0,0,0,0,0,0,0,0,0,0,0,0,0,0,0,0,0,0,0,0,0,0,0,0,0,0,0,0,0,37,0,0,235,1,1,0,0,1,1,1,1,1,1,2,2,0,0,0,0
1057,WLNM_dir_neg,1,0.5,00:00:01,10,30,18,1981780291,threshold_sweep,0.4,1,1,1,2,0,0,4,1,1,0,0,1,1,1,1,0.555555555556,1,1,1,37,35,2,0,37,0,35,0,2,17,37,0.136029411765,1.88235294118,4.35294117647,3.36363636364,2.84615384615,1.69341284359,0.389027274878,0.193958664547,2.09866904602,0.964253345467,0.518282988871,1.87867287326,0.863174022847,0.470588235294,0.786197569093,0.41766745858,2.25,1.88235294118,0.786197569093,2.25,0.166339869281,0.0612244897959,3,0.00441176470588,0.185952380952,17,17,17,1,0,0.352941176471,0.411764705882,0.235294117647,17,0.128676470588,1.90196078431,4.11764705882,3.18181818182,2.69230769231,1.57648156274,0.382859808093,0.201680672269,2.01465221053,0.978545359402,0.524369747899,1.74894926439,0.849489642704,0.463865546218,0.814492905316,0.428238537847,2.33333333333,1.90196078431,0.814492905316,2.33333333333,0,0,0,0,0.164242424242,17,17,17,1,0,0.352941176471,0.411764705882,0.235294117647,17,37,0.136029411765,1.88235294118,4.35294117647,3.36363636364,2.84615384615,1.69341284359,0.389027274878,0.193958664547,2.09866904602,0.964253345467,0.518282988871,1.87867287326,0.863174022847,0.470588235294,0.786197569093,0.41766745858,2.25,1.88235294118,0.786197569093,2.25,0.166339869281,0.0612244897959,3,0.00441176470588,0.185952380952,17,17,17,1,0,0.352941176471,0.411764705882,0.235294117647,0,0,0,0,0,0,0,0,0,0,0,0,0,0,0,0,0,0,0,0,0,0,0,0,0,0,0,0,0,37,0,0,235,1,1,0,0,1,1,1,1,1,1,2,2,0,0,0,0
1058,WLNM_dir_neg,1,0.5,00:00:01,10,30,18,1981780291,threshold_sweep,0.5,1,1,1,2,0,0,4,1,1,0,0,1,1,1,1,0.555555555556,1,1,1,37,35,2,0,37,0,35,0,2,17,37,0.136029411765,1.88235294118,4.35294117647,3.36363636364,2.84615384615,1.69341284359,0.389027274878,0.193958664547,2.09866904602,0.964253345467,0.518282988871,1.87867287326,0.863174022847,0.470588235294,0.786197569093,0.41766745858,2.25,1.88235294118,0.786197569093,2.25,0.166339869281,0.0612244897959,3,0.00441176470588,0.185952380952,17,17,17,1,0,0.352941176471,0.411764705882,0.235294117647,17,0.128676470588,1.90196078431,4.11764705882,3.18181818182,2.69230769231,1.57648156274,0.382859808093,0.201680672269,2.01465221053,0.978545359402,0.524369747899,1.74894926439,0.849489642704,0.463865546218,0.814492905316,0.428238537847,2.33333333333,1.90196078431,0.814492905316,2.33333333333,0,0,0,0,0.164242424242,17,17,17,1,0,0.352941176471,0.411764705882,0.235294117647,17,37,0.136029411765,1.88235294118,4.35294117647,3.36363636364,2.84615384615,1.69341284359,0.389027274878,0.193958664547,2.09866904602,0.964253345467,0.518282988871,1.87867287326,0.863174022847,0.470588235294,0.786197569093,0.41766745858,2.25,1.88235294118,0.786197569093,2.25,0.166339869281,0.0612244897959,3,0.00441176470588,0.185952380952,17,17,17,1,0,0.352941176471,0.411764705882,0.235294117647,0,0,0,0,0,0,0,0,0,0,0,0,0,0,0,0,0,0,0,0,0,0,0,0,0,0,0,0,0,37,0,0,235,1,1,0,0,1,1,1,1,1,1,2,2,0,0,0,0
1059,WLNM_dir_neg,1,0.5,00:00:01,10,30,18,1981780291,threshold_sweep,0.6,1,1,1,2,0,0,4,1,1,0,0,1,1,1,1,0.555555555556,1,1,1,37,35,2,0,37,0,35,0,2,17,37,0.136029411765,1.88235294118,4.35294117647,3.36363636364,2.84615384615,1.69341284359,0.389027274878,0.193958664547,2.09866904602,0.964253345467,0.518282988871,1.87867287326,0.863174022847,0.470588235294,0.786197569093,0.41766745858,2.25,1.88235294118,0.786197569093,2.25,0.166339869281,0.0612244897959,3,0.00441176470588,0.185952380952,17,17,17,1,0,0.352941176471,0.411764705882,0.235294117647,17,0.128676470588,1.90196078431,4.11764705882,3.18181818182,2.69230769231,1.57648156274,0.382859808093,0.201680672269,2.01465221053,0.978545359402,0.524369747899,1.74894926439,0.849489642704,0.463865546218,0.814492905316,0.428238537847,2.33333333333,1.90196078431,0.814492905316,2.33333333333,0,0,0,0,0.164242424242,17,17,17,1,0,0.352941176471,0.411764705882,0.235294117647,17,37,0.136029411765,1.88235294118,4.35294117647,3.36363636364,2.84615384615,1.69341284359,0.389027274878,0.193958664547,2.09866904602,0.964253345467,0.518282988871,1.87867287326,0.863174022847,0.470588235294,0.786197569093,0.41766745858,2.25,1.88235294118,0.786197569093,2.25,0.166339869281,0.0612244897959,3,0.00441176470588,0.185952380952,17,17,17,1,0,0.352941176471,0.411764705882,0.235294117647,0,0,0,0,0,0,0,0,0,0,0,0,0,0,0,0,0,0,0,0,0,0,0,0,0,0,0,0,0,37,0,0,235,1,1,0,0,1,1,1,1,1,1,2,2,0,0,0,0
1060,WLNM_dir_neg,1,0.5,00:00:01,10,30,18,1981780291,threshold_sweep,0.7,1,1,1,2,0,0,4,1,1,0,0,1,1,1,1,0.555555555556,1,1,1,37,35,2,0,37,0,35,0,2,17,37,0.136029411765,1.88235294118,4.35294117647,3.36363636364,2.84615384615,1.69341284359,0.389027274878,0.193958664547,2.09866904602,0.964253345467,0.518282988871,1.87867287326,0.863174022847,0.470588235294,0.786197569093,0.41766745858,2.25,1.88235294118,0.786197569093,2.25,0.166339869281,0.0612244897959,3,0.00441176470588,0.185952380952,17,17,17,1,0,0.352941176471,0.411764705882,0.235294117647,17,0.128676470588,1.90196078431,4.11764705882,3.18181818182,2.69230769231,1.57648156274,0.382859808093,0.201680672269,2.01465221053,0.978545359402,0.524369747899,1.74894926439,0.849489642704,0.463865546218,0.814492905316,0.428238537847,2.33333333333,1.90196078431,0.814492905316,2.33333333333,0,0,0,0,0.164242424242,17,17,17,1,0,0.352941176471,0.411764705882,0.235294117647,17,37,0.136029411765,1.88235294118,4.35294117647,3.36363636364,2.84615384615,1.69341284359,0.389027274878,0.193958664547,2.09866904602,0.964253345467,0.518282988871,1.87867287326,0.863174022847,0.470588235294,0.786197569093,0.41766745858,2.25,1.88235294118,0.786197569093,2.25,0.166339869281,0.0612244897959,3,0.00441176470588,0.185952380952,17,17,17,1,0,0.352941176471,0.411764705882,0.235294117647,0,0,0,0,0,0,0,0,0,0,0,0,0,0,0,0,0,0,0,0,0,0,0,0,0,0,0,0,0,37,0,0,235,1,1,0,0,1,1,1,1,1,1,2,2,0,0,0,0
1061,WLNM_dir_neg,1,0.5,00:00:01,10,30,18,1981780291,threshold_sweep,0.8,1,1,1,2,0,0,4,1,1,0,0,1,1,1,1,0.555555555556,1,1,1,37,35,2,0,37,0,35,0,2,17,37,0.136029411765,1.88235294118,4.35294117647,3.36363636364,2.84615384615,1.69341284359,0.389027274878,0.193958664547,2.09866904602,0.964253345467,0.518282988871,1.87867287326,0.863174022847,0.470588235294,0.786197569093,0.41766745858,2.25,1.88235294118,0.786197569093,2.25,0.166339869281,0.0612244897959,3,0.00441176470588,0.185952380952,17,17,17,1,0,0.352941176471,0.411764705882,0.235294117647,17,0.128676470588,1.90196078431,4.11764705882,3.18181818182,2.69230769231,1.57648156274,0.382859808093,0.201680672269,2.01465221053,0.978545359402,0.524369747899,1.74894926439,0.849489642704,0.463865546218,0.814492905316,0.428238537847,2.33333333333,1.90196078431,0.814492905316,2.33333333333,0,0,0,0,0.164242424242,17,17,17,1,0,0.352941176471,0.411764705882,0.235294117647,17,37,0.136029411765,1.88235294118,4.35294117647,3.36363636364,2.84615384615,1.69341284359,0.389027274878,0.193958664547,2.09866904602,0.964253345467,0.518282988871,1.87867287326,0.863174022847,0.470588235294,0.786197569093,0.41766745858,2.25,1.88235294118,0.786197569093,2.25,0.166339869281,0.0612244897959,3,0.00441176470588,0.185952380952,17,17,17,1,0,0.352941176471,0.411764705882,0.235294117647,0,0,0,0,0,0,0,0,0,0,0,0,0,0,0,0,0,0,0,0,0,0,0,0,0,0,0,0,0,37,0,0,235,1,1,0,0,1,1,1,1,1,1,2,2,0,0,0,0
1062,WLNM_dir_neg,1,0.5,00:00:01,10,30,18,1981780291,threshold_sweep,0.9,1,1,1,2,0,0,4,1,1,0,0,1,1,1,1,0.555555555556,1,1,1,37,35,2,0,37,0,35,0,2,17,37,0.136029411765,1.88235294118,4.35294117647,3.36363636364,2.84615384615,1.69341284359,0.389027274878,0.193958664547,2.09866904602,0.964253345467,0.518282988871,1.87867287326,0.863174022847,0.470588235294,0.786197569093,0.41766745858,2.25,1.88235294118,0.786197569093,2.25,0.166339869281,0.0612244897959,3,0.00441176470588,0.185952380952,17,17,17,1,0,0.352941176471,0.411764705882,0.235294117647,17,0.128676470588,1.90196078431,4.11764705882,3.18181818182,2.69230769231,1.57648156274,0.382859808093,0.201680672269,2.01465221053,0.978545359402,0.524369747899,1.74894926439,0.849489642704,0.463865546218,0.814492905316,0.428238537847,2.33333333333,1.90196078431,0.814492905316,2.33333333333,0,0,0,0,0.164242424242,17,17,17,1,0,0.352941176471,0.411764705882,0.235294117647,17,37,0.136029411765,1.88235294118,4.35294117647,3.36363636364,2.84615384615,1.69341284359,0.389027274878,0.193958664547,2.09866904602,0.964253345467,0.518282988871,1.87867287326,0.863174022847,0.470588235294,0.786197569093,0.41766745858,2.25,1.88235294118,0.786197569093,2.25,0.166339869281,0.0612244897959,3,0.00441176470588,0.185952380952,17,17,17,1,0,0.352941176471,0.411764705882,0.235294117647,0,0,0,0,0,0,0,0,0,0,0,0,0,0,0,0,0,0,0,0,0,0,0,0,0,0,0,0,0,37,0,0,235,1,1,0,0,1,1,1,1,1,1,2,2,0,0,0,0
1063,WLNM_dir_neg,1,0.5,00:00:01,10,30,19,1981780292,threshold_sweep,0.1,0.666666666667,1,0.8,2,1,0,3,1,0.75,0.25,0,0.666666666667,1,0.8,0.833333333333,0.5,0.666666666667,0.707106781187,0.75,37,35,2,0,37,0,35,0,2,17,37,0.136029411765,1.88235294118,4.35294117647,3.36363636364,2.84615384615,1.69341284359,0.389027274878,0.193958664547,2.09866904602,0.964253345467,0.518282988871,1.87867287326,0.863174022847,0.470588235294,0.786197569093,0.41766745858,2.25,1.88235294118,0.786197569093,2.25,0.166339869281,0.0612244897959,3,0.00441176470588,0.185952380952,17,17,17,1,0,0.352941176471,0.411764705882,0.235294117647,17,0.128676470588,1.90196078431,4.11764705882,3.18181818182,2.69230769231,1.57648156274,0.382859808093,0.201680672269,2.01465221053,0.978545359402,0.524369747899,1.74894926439,0.849489642704,0.463865546218,0.814492905316,0.428238537847,2.33333333333,1.90196078431,0.814492905316,2.33333333333,0,0,0,0,0.164242424242,17,17,17,1,0,0.352941176471,0.411764705882,0.235294117647,17,38,0.139705882353,1.90441176471,4.47058823529,3.45454545455,2.71428571429,1.73629084037,0.388380845872,0.198142414861,2.19457888229,0.981785289445,0.529411764706,1.82103719638,0.814674535221,0.442724458204,0.794917217296,0.417408268541,2.25,1.90441176471,0.794917217296,2.25,0.162418300654,0.0576923076923,3,0.00441176470588,0.178506493506,17,17,17,1,0,0.352941176471,0.470588235294,0.176470588235,1,0.00367647058824,0.0220588235294,0.117647058824,0.0909090909091,-0.131868131868,0.0428779967836,-0.000646429005719,0.00418375031378,0.0959098362728,0.0175319439782,0.0111287758347,-0.0576356768785,-0.0484994876259,-0.0278637770898,0.00871964820301,-0.000259190039119,0,0.0220588235294,0.00871964820301,0,-0.00392156862745,-0.00353218210361,0,0,-0.00744588744589,0,0.0588235294118,-0.0588235294118,37,1,0,234,1,0.995744680851,0.00425531914894,0,0.973684210526,1,0.986666666667,0.984652666406,0.995744680851,0.973684210526,3,2,0,0,0,0
1064,WLNM_dir_neg,1,0.5,00:00:01,10,30,19,1981780292,threshold_sweep,0.2,0.666666666667,1,0.8,2,1,0,3,1,0.75,0.25,0,0.666666666667,1,0.8,0.833333333333,0.5,0.666666666667,0.707106781187,0.75,37,35,2,0,37,0,35,0,2,17,37,0.136029411765,1.88235294118,4.35294117647,3.36363636364,2.84615384615,1.69341284359,0.389027274878,0.193958664547,2.09866904602,0.964253345467,0.518282988871,1.87867287326,0.863174022847,0.470588235294,0.786197569093,0.41766745858,2.25,1.88235294118,0.786197569093,2.25,0.166339869281,0.0612244897959,3,0.00441176470588,0.185952380952,17,17,17,1,0,0.352941176471,0.411764705882,0.235294117647,17,0.128676470588,1.90196078431,4.11764705882,3.18181818182,2.69230769231,1.57648156274,0.382859808093,0.201680672269,2.01465221053,0.978545359402,0.524369747899,1.74894926439,0.849489642704,0.463865546218,0.814492905316,0.428238537847,2.33333333333,1.90196078431,0.814492905316,2.33333333333,0,0,0,0,0.164242424242,17,17,17,1,0,0.352941176471,0.411764705882,0.235294117647,17,38,0.139705882353,1.90441176471,4.47058823529,3.45454545455,2.71428571429,1.73629084037,0.388380845872,0.198142414861,2.19457888229,0.981785289445,0.529411764706,1.82103719638,0.814674535221,0.442724458204,0.794917217296,0.417408268541,2.25,1.90441176471,0.794917217296,2.25,0.162418300654,0.0576923076923,3,0.00441176470588,0.178506493506,17,17,17,1,0,0.352941176471,0.470588235294,0.176470588235,1,0.00367647058824,0.0220588235294,0.117647058824,0.0909090909091,-0.131868131868,0.0428779967836,-0.000646429005719,0.00418375031378,0.0959098362728,0.0175319439782,0.0111287758347,-0.0576356768785,-0.0484994876259,-0.0278637770898,0.00871964820301,-0.000259190039119,0,0.0220588235294,0.00871964820301,0,-0.00392156862745,-0.00353218210361,0,0,-0.00744588744589,0,0.0588235294118,-0.0588235294118,37,1,0,234,1,0.995744680851,0.00425531914894,0,0.973684210526,1,0.986666666667,0.984652666406,0.995744680851,0.973684210526,3,2,0,0,0,0
1065,WLNM_dir_neg,1,0.5,00:00:01,10,30,19,1981780292,threshold_sweep,0.3,0.666666666667,1,0.8,2,1,0,3,1,0.75,0.25,0,0.666666666667,1,0.8,0.833333333333,0.5,0.666666666667,0.707106781187,0.75,37,35,2,0,37,0,35,0,2,17,37,0.136029411765,1.88235294118,4.35294117647,3.36363636364,2.84615384615,1.69341284359,0.389027274878,0.193958664547,2.09866904602,0.964253345467,0.518282988871,1.87867287326,0.863174022847,0.470588235294,0.786197569093,0.41766745858,2.25,1.88235294118,0.786197569093,2.25,0.166339869281,0.0612244897959,3,0.00441176470588,0.185952380952,17,17,17,1,0,0.352941176471,0.411764705882,0.235294117647,17,0.128676470588,1.90196078431,4.11764705882,3.18181818182,2.69230769231,1.57648156274,0.382859808093,0.201680672269,2.01465221053,0.978545359402,0.524369747899,1.74894926439,0.849489642704,0.463865546218,0.814492905316,0.428238537847,2.33333333333,1.90196078431,0.814492905316,2.33333333333,0,0,0,0,0.164242424242,17,17,17,1,0,0.352941176471,0.411764705882,0.235294117647,17,38,0.139705882353,1.90441176471,4.47058823529,3.45454545455,2.71428571429,1.73629084037,0.388380845872,0.198142414861,2.19457888229,0.981785289445,0.529411764706,1.82103719638,0.814674535221,0.442724458204,0.794917217296,0.417408268541,2.25,1.90441176471,0.794917217296,2.25,0.162418300654,0.0576923076923,3,0.00441176470588,0.178506493506,17,17,17,1,0,0.352941176471,0.470588235294,0.176470588235,1,0.00367647058824,0.0220588235294,0.117647058824,0.0909090909091,-0.131868131868,0.0428779967836,-0.000646429005719,0.00418375031378,0.0959098362728,0.0175319439782,0.0111287758347,-0.0576356768785,-0.0484994876259,-0.0278637770898,0.00871964820301,-0.000259190039119,0,0.0220588235294,0.00871964820301,0,-0.00392156862745,-0.00353218210361,0,0,-0.00744588744589,0,0.0588235294118,-0.0588235294118,37,1,0,234,1,0.995744680851,0.00425531914894,0,0.973684210526,1,0.986666666667,0.984652666406,0.995744680851,0.973684210526,3,2,0,0,0,0
1066,WLNM_dir_neg,1,0.5,00:00:01,10,30,19,1981780292,threshold_sweep,0.4,0.666666666667,1,0.8,2,1,0,3,1,0.75,0.25,0,0.666666666667,1,0.8,0.833333333333,0.5,0.666666666667,0.707106781187,0.75,37,35,2,0,37,0,35,0,2,17,37,0.136029411765,1.88235294118,4.35294117647,3.36363636364,2.84615384615,1.69341284359,0.389027274878,0.193958664547,2.09866904602,0.964253345467,0.518282988871,1.87867287326,0.863174022847,0.470588235294,0.786197569093,0.41766745858,2.25,1.88235294118,0.786197569093,2.25,0.166339869281,0.0612244897959,3,0.00441176470588,0.185952380952,17,17,17,1,0,0.352941176471,0.411764705882,0.235294117647,17,0.128676470588,1.90196078431,4.11764705882,3.18181818182,2.69230769231,1.57648156274,0.382859808093,0.201680672269,2.01465221053,0.978545359402,0.524369747899,1.74894926439,0.849489642704,0.463865546218,0.814492905316,0.428238537847,2.33333333333,1.90196078431,0.814492905316,2.33333333333,0,0,0,0,0.164242424242,17,17,17,1,0,0.352941176471,0.411764705882,0.235294117647,17,38,0.139705882353,1.90441176471,4.47058823529,3.45454545455,2.71428571429,1.73629084037,0.388380845872,0.198142414861,2.19457888229,0.981785289445,0.529411764706,1.82103719638,0.814674535221,0.442724458204,0.794917217296,0.417408268541,2.25,1.90441176471,0.794917217296,2.25,0.162418300654,0.0576923076923,3,0.00441176470588,0.178506493506,17,17,17,1,0,0.352941176471,0.470588235294,0.176470588235,1,0.00367647058824,0.0220588235294,0.117647058824,0.0909090909091,-0.131868131868,0.0428779967836,-0.000646429005719,0.00418375031378,0.0959098362728,0.0175319439782,0.0111287758347,-0.0576356768785,-0.0484994876259,-0.0278637770898,0.00871964820301,-0.000259190039119,0,0.0220588235294,0.00871964820301,0,-0.00392156862745,-0.00353218210361,0,0,-0.00744588744589,0,0.0588235294118,-0.0588235294118,37,1,0,234,1,0.995744680851,0.00425531914894,0,0.973684210526,1,0.986666666667,0.984652666406,0.995744680851,0.973684210526,3,2,0,0,0,0
1067,WLNM_dir_neg,1,0.5,00:00:01,10,30,19,1981780292,threshold_sweep,0.5,0.666666666667,1,0.8,2,1,0,3,1,0.75,0.25,0,0.666666666667,1,0.8,0.833333333333,0.5,0.666666666667,0.707106781187,0.75,37,35,2,0,37,0,35,0,2,17,37,0.136029411765,1.88235294118,4.35294117647,3.36363636364,2.84615384615,1.69341284359,0.389027274878,0.193958664547,2.09866904602,0.964253345467,0.518282988871,1.87867287326,0.863174022847,0.470588235294,0.786197569093,0.41766745858,2.25,1.88235294118,0.786197569093,2.25,0.166339869281,0.0612244897959,3,0.00441176470588,0.185952380952,17,17,17,1,0,0.352941176471,0.411764705882,0.235294117647,17,0.128676470588,1.90196078431,4.11764705882,3.18181818182,2.69230769231,1.57648156274,0.382859808093,0.201680672269,2.01465221053,0.978545359402,0.524369747899,1.74894926439,0.849489642704,0.463865546218,0.814492905316,0.428238537847,2.33333333333,1.90196078431,0.814492905316,2.33333333333,0,0,0,0,0.164242424242,17,17,17,1,0,0.352941176471,0.411764705882,0.235294117647,17,38,0.139705882353,1.90441176471,4.47058823529,3.45454545455,2.71428571429,1.73629084037,0.388380845872,0.198142414861,2.19457888229,0.981785289445,0.529411764706,1.82103719638,0.814674535221,0.442724458204,0.794917217296,0.417408268541,2.25,1.90441176471,0.794917217296,2.25,0.162418300654,0.0576923076923,3,0.00441176470588,0.178506493506,17,17,17,1,0,0.352941176471,0.470588235294,0.176470588235,1,0.00367647058824,0.0220588235294,0.117647058824,0.0909090909091,-0.131868131868,0.0428779967836,-0.000646429005719,0.00418375031378,0.0959098362728,0.0175319439782,0.0111287758347,-0.0576356768785,-0.0484994876259,-0.0278637770898,0.00871964820301,-0.000259190039119,0,0.0220588235294,0.00871964820301,0,-0.00392156862745,-0.00353218210361,0,0,-0.00744588744589,0,0.0588235294118,-0.0588235294118,37,1,0,234,1,0.995744680851,0.00425531914894,0,0.973684210526,1,0.986666666667,0.984652666406,0.995744680851,0.973684210526,3,2,0,0,0,0
1068,WLNM_dir_neg,1,0.5,00:00:01,10,30,19,1981780292,threshold_sweep,0.6,0.666666666667,1,0.8,2,1,0,3,1,0.75,0.25,0,0.666666666667,1,0.8,0.833333333333,0.5,0.666666666667,0.707106781187,0.75,37,35,2,0,37,0,35,0,2,17,37,0.136029411765,1.88235294118,4.35294117647,3.36363636364,2.84615384615,1.69341284359,0.389027274878,0.193958664547,2.09866904602,0.964253345467,0.518282988871,1.87867287326,0.863174022847,0.470588235294,0.786197569093,0.41766745858,2.25,1.88235294118,0.786197569093,2.25,0.166339869281,0.0612244897959,3,0.00441176470588,0.185952380952,17,17,17,1,0,0.352941176471,0.411764705882,0.235294117647,17,0.128676470588,1.90196078431,4.11764705882,3.18181818182,2.69230769231,1.57648156274,0.382859808093,0.201680672269,2.01465221053,0.978545359402,0.524369747899,1.74894926439,0.849489642704,0.463865546218,0.814492905316,0.428238537847,2.33333333333,1.90196078431,0.814492905316,2.33333333333,0,0,0,0,0.164242424242,17,17,17,1,0,0.352941176471,0.411764705882,0.235294117647,17,38,0.139705882353,1.90441176471,4.47058823529,3.45454545455,2.71428571429,1.73629084037,0.388380845872,0.198142414861,2.19457888229,0.981785289445,0.529411764706,1.82103719638,0.814674535221,0.442724458204,0.794917217296,0.417408268541,2.25,1.90441176471,0.794917217296,2.25,0.162418300654,0.0576923076923,3,0.00441176470588,0.178506493506,17,17,17,1,0,0.352941176471,0.470588235294,0.176470588235,1,0.00367647058824,0.0220588235294,0.117647058824,0.0909090909091,-0.131868131868,0.0428779967836,-0.000646429005719,0.00418375031378,0.0959098362728,0.0175319439782,0.0111287758347,-0.0576356768785,-0.0484994876259,-0.0278637770898,0.00871964820301,-0.000259190039119,0,0.0220588235294,0.00871964820301,0,-0.00392156862745,-0.00353218210361,0,0,-0.00744588744589,0,0.0588235294118,-0.0588235294118,37,1,0,234,1,0.995744680851,0.00425531914894,0,0.973684210526,1,0.986666666667,0.984652666406,0.995744680851,0.973684210526,3,2,0,0,0,0
1069,WLNM_dir_neg,1,0.5,00:00:01,10,30,19,1981780292,threshold_sweep,0.7,0.666666666667,1,0.8,2,1,0,3,1,0.75,0.25,0,0.666666666667,1,0.8,0.833333333333,0.5,0.666666666667,0.707106781187,0.75,37,35,2,0,37,0,35,0,2,17,37,0.136029411765,1.88235294118,4.35294117647,3.36363636364,2.84615384615,1.69341284359,0.389027274878,0.193958664547,2.09866904602,0.964253345467,0.518282988871,1.87867287326,0.863174022847,0.470588235294,0.786197569093,0.41766745858,2.25,1.88235294118,0.786197569093,2.25,0.166339869281,0.0612244897959,3,0.00441176470588,0.185952380952,17,17,17,1,0,0.352941176471,0.411764705882,0.235294117647,17,0.128676470588,1.90196078431,4.11764705882,3.18181818182,2.69230769231,1.57648156274,0.382859808093,0.201680672269,2.01465221053,0.978545359402,0.524369747899,1.74894926439,0.849489642704,0.463865546218,0.814492905316,0.428238537847,2.33333333333,1.90196078431,0.814492905316,2.33333333333,0,0,0,0,0.164242424242,17,17,17,1,0,0.352941176471,0.411764705882,0.235294117647,17,38,0.139705882353,1.90441176471,4.47058823529,3.45454545455,2.71428571429,1.73629084037,0.388380845872,0.198142414861,2.19457888229,0.981785289445,0.529411764706,1.82103719638,0.814674535221,0.442724458204,0.794917217296,0.417408268541,2.25,1.90441176471,0.794917217296,2.25,0.162418300654,0.0576923076923,3,0.00441176470588,0.178506493506,17,17,17,1,0,0.352941176471,0.470588235294,0.176470588235,1,0.00367647058824,0.0220588235294,0.117647058824,0.0909090909091,-0.131868131868,0.0428779967836,-0.000646429005719,0.00418375031378,0.0959098362728,0.0175319439782,0.0111287758347,-0.0576356768785,-0.0484994876259,-0.0278637770898,0.00871964820301,-0.000259190039119,0,0.0220588235294,0.00871964820301,0,-0.00392156862745,-0.00353218210361,0,0,-0.00744588744589,0,0.0588235294118,-0.0588235294118,37,1,0,234,1,0.995744680851,0.00425531914894,0,0.973684210526,1,0.986666666667,0.984652666406,0.995744680851,0.973684210526,3,2,0,0,0,0
1070,WLNM_dir_neg,1,0.5,00:00:01,10,30,19,1981780292,threshold_sweep,0.8,0.666666666667,1,0.8,2,1,0,3,1,0.75,0.25,0,0.666666666667,1,0.8,0.833333333333,0.5,0.666666666667,0.707106781187,0.75,37,35,2,0,37,0,35,0,2,17,37,0.136029411765,1.88235294118,4.35294117647,3.36363636364,2.84615384615,1.69341284359,0.389027274878,0.193958664547,2.09866904602,0.964253345467,0.518282988871,1.87867287326,0.863174022847,0.470588235294,0.786197569093,0.41766745858,2.25,1.88235294118,0.786197569093,2.25,0.166339869281,0.0612244897959,3,0.00441176470588,0.185952380952,17,17,17,1,0,0.352941176471,0.411764705882,0.235294117647,17,0.128676470588,1.90196078431,4.11764705882,3.18181818182,2.69230769231,1.57648156274,0.382859808093,0.201680672269,2.01465221053,0.978545359402,0.524369747899,1.74894926439,0.849489642704,0.463865546218,0.814492905316,0.428238537847,2.33333333333,1.90196078431,0.814492905316,2.33333333333,0,0,0,0,0.164242424242,17,17,17,1,0,0.352941176471,0.411764705882,0.235294117647,17,38,0.139705882353,1.90441176471,4.47058823529,3.45454545455,2.71428571429,1.73629084037,0.388380845872,0.198142414861,2.19457888229,0.981785289445,0.529411764706,1.82103719638,0.814674535221,0.442724458204,0.794917217296,0.417408268541,2.25,1.90441176471,0.794917217296,2.25,0.162418300654,0.0576923076923,3,0.00441176470588,0.178506493506,17,17,17,1,0,0.352941176471,0.470588235294,0.176470588235,1,0.00367647058824,0.0220588235294,0.117647058824,0.0909090909091,-0.131868131868,0.0428779967836,-0.000646429005719,0.00418375031378,0.0959098362728,0.0175319439782,0.0111287758347,-0.0576356768785,-0.0484994876259,-0.0278637770898,0.00871964820301,-0.000259190039119,0,0.0220588235294,0.00871964820301,0,-0.00392156862745,-0.00353218210361,0,0,-0.00744588744589,0,0.0588235294118,-0.0588235294118,37,1,0,234,1,0.995744680851,0.00425531914894,0,0.973684210526,1,0.986666666667,0.984652666406,0.995744680851,0.973684210526,3,2,0,0,0,0
1071,WLNM_dir_neg,1,0.5,00:00:01,10,30,19,1981780292,threshold_sweep,0.9,0.666666666667,1,0.8,2,1,0,3,1,0.75,0.25,0,0.666666666667,1,0.8,0.833333333333,0.5,0.666666666667,0.707106781187,0.75,37,35,2,0,37,0,35,0,2,17,37,0.136029411765,1.88235294118,4.35294117647,3.36363636364,2.84615384615,1.69341284359,0.389027274878,0.193958664547,2.09866904602,0.964253345467,0.518282988871,1.87867287326,0.863174022847,0.470588235294,0.786197569093,0.41766745858,2.25,1.88235294118,0.786197569093,2.25,0.166339869281,0.0612244897959,3,0.00441176470588,0.185952380952,17,17,17,1,0,0.352941176471,0.411764705882,0.235294117647,17,0.128676470588,1.90196078431,4.11764705882,3.18181818182,2.69230769231,1.57648156274,0.382859808093,0.201680672269,2.01465221053,0.978545359402,0.524369747899,1.74894926439,0.849489642704,0.463865546218,0.814492905316,0.428238537847,2.33333333333,1.90196078431,0.814492905316,2.33333333333,0,0,0,0,0.164242424242,17,17,17,1,0,0.352941176471,0.411764705882,0.235294117647,17,38,0.139705882353,1.90441176471,4.47058823529,3.45454545455,2.71428571429,1.73629084037,0.388380845872,0.198142414861,2.19457888229,0.981785289445,0.529411764706,1.82103719638,0.814674535221,0.442724458204,0.794917217296,0.417408268541,2.25,1.90441176471,0.794917217296,2.25,0.162418300654,0.0576923076923,3,0.00441176470588,0.178506493506,17,17,17,1,0,0.352941176471,0.470588235294,0.176470588235,1,0.00367647058824,0.0220588235294,0.117647058824,0.0909090909091,-0.131868131868,0.0428779967836,-0.000646429005719,0.00418375031378,0.0959098362728,0.0175319439782,0.0111287758347,-0.0576356768785,-0.0484994876259,-0.0278637770898,0.00871964820301,-0.000259190039119,0,0.0220588235294,0.00871964820301,0,-0.00392156862745,-0.00353218210361,0,0,-0.00744588744589,0,0.0588235294118,-0.0588235294118,37,1,0,234,1,0.995744680851,0.00425531914894,0,0.973684210526,1,0.986666666667,0.984652666406,0.995744680851,0.973684210526,3,2,0,0,0,0
1072,WLNM_dir_neg,1,0.5,00:00:01,10,30,20,1981780293,threshold_sweep,0.1,0.666666666667,1,0.8,2,1,0,3,1,0.75,0.25,0,0.666666666667,1,0.8,0.833333333333,0.5,0.666666666667,0.707106781187,0.75,37,35,2,0,37,0,35,0,2,17,37,0.136029411765,1.88235294118,4.35294117647,3.36363636364,2.84615384615,1.69341284359,0.389027274878,0.193958664547,2.09866904602,0.964253345467,0.518282988871,1.87867287326,0.863174022847,0.470588235294,0.786197569093,0.41766745858,2.25,1.88235294118,0.786197569093,2.25,0.166339869281,0.0612244897959,3,0.00441176470588,0.185952380952,17,17,17,1,0,0.352941176471,0.411764705882,0.235294117647,17,0.128676470588,1.90196078431,4.11764705882,3.18181818182,2.69230769231,1.57648156274,0.382859808093,0.201680672269,2.01465221053,0.978545359402,0.524369747899,1.74894926439,0.849489642704,0.463865546218,0.814492905316,0.428238537847,2.33333333333,1.90196078431,0.814492905316,2.33333333333,0,0,0,0,0.164242424242,17,17,17,1,0,0.352941176471,0.411764705882,0.235294117647,17,38,0.139705882353,1.87941176471,4.47058823529,3.45454545455,2.71428571429,1.73629084037,0.388380845872,0.198142414861,2.16591238756,0.968960804961,0.517027863777,1.82103719638,0.814674535221,0.442724458204,0.780836655359,0.415468642914,2.2,1.87941176471,0.780836655359,2.2,0.162418300654,0.0576923076923,3,0.00441176470588,0.182878787879,17,17,17,1,0,0.352941176471,0.470588235294,0.176470588235,1,0.00367647058824,-0.00294117647059,0.117647058824,0.0909090909091,-0.131868131868,0.0428779967836,-0.000646429005719,0.00418375031378,0.0672433415445,0.00470745949447,-0.00125512509413,-0.0576356768785,-0.0484994876259,-0.0278637770898,-0.00536091373311,-0.00219881566616,-0.05,-0.00294117647059,-0.00536091373311,-0.05,-0.00392156862745,-0.00353218210361,0,0,-0.00307359307359,0,0.0588235294118,-0.0588235294118,37,1,0,234,1,0.995744680851,0.00425531914894,0,0.973684210526,1,0.986666666667,0.984652666406,0.995744680851,0.973684210526,3,2,0,0,0,0
1073,WLNM_dir_neg,1,0.5,00:00:01,10,30,20,1981780293,threshold_sweep,0.2,0.666666666667,1,0.8,2,1,0,3,1,0.75,0.25,0,0.666666666667,1,0.8,0.833333333333,0.5,0.666666666667,0.707106781187,0.75,37,35,2,0,37,0,35,0,2,17,37,0.136029411765,1.88235294118,4.35294117647,3.36363636364,2.84615384615,1.69341284359,0.389027274878,0.193958664547,2.09866904602,0.964253345467,0.518282988871,1.87867287326,0.863174022847,0.470588235294,0.786197569093,0.41766745858,2.25,1.88235294118,0.786197569093,2.25,0.166339869281,0.0612244897959,3,0.00441176470588,0.185952380952,17,17,17,1,0,0.352941176471,0.411764705882,0.235294117647,17,0.128676470588,1.90196078431,4.11764705882,3.18181818182,2.69230769231,1.57648156274,0.382859808093,0.201680672269,2.01465221053,0.978545359402,0.524369747899,1.74894926439,0.849489642704,0.463865546218,0.814492905316,0.428238537847,2.33333333333,1.90196078431,0.814492905316,2.33333333333,0,0,0,0,0.164242424242,17,17,17,1,0,0.352941176471,0.411764705882,0.235294117647,17,38,0.139705882353,1.87941176471,4.47058823529,3.45454545455,2.71428571429,1.73629084037,0.388380845872,0.198142414861,2.16591238756,0.968960804961,0.517027863777,1.82103719638,0.814674535221,0.442724458204,0.780836655359,0.415468642914,2.2,1.87941176471,0.780836655359,2.2,0.162418300654,0.0576923076923,3,0.00441176470588,0.182878787879,17,17,17,1,0,0.352941176471,0.470588235294,0.176470588235,1,0.00367647058824,-0.00294117647059,0.117647058824,0.0909090909091,-0.131868131868,0.0428779967836,-0.000646429005719,0.00418375031378,0.0672433415445,0.00470745949447,-0.00125512509413,-0.0576356768785,-0.0484994876259,-0.0278637770898,-0.00536091373311,-0.00219881566616,-0.05,-0.00294117647059,-0.00536091373311,-0.05,-0.00392156862745,-0.00353218210361,0,0,-0.00307359307359,0,0.0588235294118,-0.0588235294118,37,1,0,234,1,0.995744680851,0.00425531914894,0,0.973684210526,1,0.986666666667,0.984652666406,0.995744680851,0.973684210526,3,2,0,0,0,0
1074,WLNM_dir_neg,1,0.5,00:00:01,10,30,20,1981780293,threshold_sweep,0.3,0.666666666667,1,0.8,2,1,0,3,1,0.75,0.25,0,0.666666666667,1,0.8,0.833333333333,0.5,0.666666666667,0.707106781187,0.75,37,35,2,0,37,0,35,0,2,17,37,0.136029411765,1.88235294118,4.35294117647,3.36363636364,2.84615384615,1.69341284359,0.389027274878,0.193958664547,2.09866904602,0.964253345467,0.518282988871,1.87867287326,0.863174022847,0.470588235294,0.786197569093,0.41766745858,2.25,1.88235294118,0.786197569093,2.25,0.166339869281,0.0612244897959,3,0.00441176470588,0.185952380952,17,17,17,1,0,0.352941176471,0.411764705882,0.235294117647,17,0.128676470588,1.90196078431,4.11764705882,3.18181818182,2.69230769231,1.57648156274,0.382859808093,0.201680672269,2.01465221053,0.978545359402,0.524369747899,1.74894926439,0.849489642704,0.463865546218,0.814492905316,0.428238537847,2.33333333333,1.90196078431,0.814492905316,2.33333333333,0,0,0,0,0.164242424242,17,17,17,1,0,0.352941176471,0.411764705882,0.235294117647,17,38,0.139705882353,1.87941176471,4.47058823529,3.45454545455,2.71428571429,1.73629084037,0.388380845872,0.198142414861,2.16591238756,0.968960804961,0.517027863777,1.82103719638,0.814674535221,0.442724458204,0.780836655359,0.415468642914,2.2,1.87941176471,0.780836655359,2.2,0.162418300654,0.0576923076923,3,0.00441176470588,0.182878787879,17,17,17,1,0,0.352941176471,0.470588235294,0.176470588235,1,0.00367647058824,-0.00294117647059,0.117647058824,0.0909090909091,-0.131868131868,0.0428779967836,-0.000646429005719,0.00418375031378,0.0672433415445,0.00470745949447,-0.00125512509413,-0.0576356768785,-0.0484994876259,-0.0278637770898,-0.00536091373311,-0.00219881566616,-0.05,-0.00294117647059,-0.00536091373311,-0.05,-0.00392156862745,-0.00353218210361,0,0,-0.00307359307359,0,0.0588235294118,-0.0588235294118,37,1,0,234,1,0.995744680851,0.00425531914894,0,0.973684210526,1,0.986666666667,0.984652666406,0.995744680851,0.973684210526,3,2,0,0,0,0
1075,WLNM_dir_neg,1,0.5,00:00:01,10,30,20,1981780293,threshold_sweep,0.4,0.666666666667,1,0.8,2,1,0,3,1,0.75,0.25,0,0.666666666667,1,0.8,0.833333333333,0.5,0.666666666667,0.707106781187,0.75,37,35,2,0,37,0,35,0,2,17,37,0.136029411765,1.88235294118,4.35294117647,3.36363636364,2.84615384615,1.69341284359,0.389027274878,0.193958664547,2.09866904602,0.964253345467,0.518282988871,1.87867287326,0.863174022847,0.470588235294,0.786197569093,0.41766745858,2.25,1.88235294118,0.786197569093,2.25,0.166339869281,0.0612244897959,3,0.00441176470588,0.185952380952,17,17,17,1,0,0.352941176471,0.411764705882,0.235294117647,17,0.128676470588,1.90196078431,4.11764705882,3.18181818182,2.69230769231,1.57648156274,0.382859808093,0.201680672269,2.01465221053,0.978545359402,0.524369747899,1.74894926439,0.849489642704,0.463865546218,0.814492905316,0.428238537847,2.33333333333,1.90196078431,0.814492905316,2.33333333333,0,0,0,0,0.164242424242,17,17,17,1,0,0.352941176471,0.411764705882,0.235294117647,17,38,0.139705882353,1.87941176471,4.47058823529,3.45454545455,2.71428571429,1.73629084037,0.388380845872,0.198142414861,2.16591238756,0.968960804961,0.517027863777,1.82103719638,0.814674535221,0.442724458204,0.780836655359,0.415468642914,2.2,1.87941176471,0.780836655359,2.2,0.162418300654,0.0576923076923,3,0.00441176470588,0.182878787879,17,17,17,1,0,0.352941176471,0.470588235294,0.176470588235,1,0.00367647058824,-0.00294117647059,0.117647058824,0.0909090909091,-0.131868131868,0.0428779967836,-0.000646429005719,0.00418375031378,0.0672433415445,0.00470745949447,-0.00125512509413,-0.0576356768785,-0.0484994876259,-0.0278637770898,-0.00536091373311,-0.00219881566616,-0.05,-0.00294117647059,-0.00536091373311,-0.05,-0.00392156862745,-0.00353218210361,0,0,-0.00307359307359,0,0.0588235294118,-0.0588235294118,37,1,0,234,1,0.995744680851,0.00425531914894,0,0.973684210526,1,0.986666666667,0.984652666406,0.995744680851,0.973684210526,3,2,0,0,0,0
1076,WLNM_dir_neg,1,0.5,00:00:01,10,30,20,1981780293,threshold_sweep,0.5,1,1,1,2,0,0,4,1,1,0,0,1,1,1,1,0.555555555556,1,1,1,37,35,2,0,37,0,35,0,2,17,37,0.136029411765,1.88235294118,4.35294117647,3.36363636364,2.84615384615,1.69341284359,0.389027274878,0.193958664547,2.09866904602,0.964253345467,0.518282988871,1.87867287326,0.863174022847,0.470588235294,0.786197569093,0.41766745858,2.25,1.88235294118,0.786197569093,2.25,0.166339869281,0.0612244897959,3,0.00441176470588,0.185952380952,17,17,17,1,0,0.352941176471,0.411764705882,0.235294117647,17,0.128676470588,1.90196078431,4.11764705882,3.18181818182,2.69230769231,1.57648156274,0.382859808093,0.201680672269,2.01465221053,0.978545359402,0.524369747899,1.74894926439,0.849489642704,0.463865546218,0.814492905316,0.428238537847,2.33333333333,1.90196078431,0.814492905316,2.33333333333,0,0,0,0,0.164242424242,17,17,17,1,0,0.352941176471,0.411764705882,0.235294117647,17,37,0.136029411765,1.88235294118,4.35294117647,3.36363636364,2.84615384615,1.69341284359,0.389027274878,0.193958664547,2.09866904602,0.964253345467,0.518282988871,1.87867287326,0.863174022847,0.470588235294,0.786197569093,0.41766745858,2.25,1.88235294118,0.786197569093,2.25,0.166339869281,0.0612244897959,3,0.00441176470588,0.185952380952,17,17,17,1,0,0.352941176471,0.411764705882,0.235294117647,0,0,0,0,0,0,0,0,0,0,0,0,0,0,0,0,0,0,0,0,0,0,0,0,0,0,0,0,0,37,0,0,235,1,1,0,0,1,1,1,1,1,1,2,2,0,0,0,0
1077,WLNM_dir_neg,1,0.5,00:00:01,10,30,20,1981780293,threshold_sweep,0.6,1,1,1,2,0,0,4,1,1,0,0,1,1,1,1,0.555555555556,1,1,1,37,35,2,0,37,0,35,0,2,17,37,0.136029411765,1.88235294118,4.35294117647,3.36363636364,2.84615384615,1.69341284359,0.389027274878,0.193958664547,2.09866904602,0.964253345467,0.518282988871,1.87867287326,0.863174022847,0.470588235294,0.786197569093,0.41766745858,2.25,1.88235294118,0.786197569093,2.25,0.166339869281,0.0612244897959,3,0.00441176470588,0.185952380952,17,17,17,1,0,0.352941176471,0.411764705882,0.235294117647,17,0.128676470588,1.90196078431,4.11764705882,3.18181818182,2.69230769231,1.57648156274,0.382859808093,0.201680672269,2.01465221053,0.978545359402,0.524369747899,1.74894926439,0.849489642704,0.463865546218,0.814492905316,0.428238537847,2.33333333333,1.90196078431,0.814492905316,2.33333333333,0,0,0,0,0.164242424242,17,17,17,1,0,0.352941176471,0.411764705882,0.235294117647,17,37,0.136029411765,1.88235294118,4.35294117647,3.36363636364,2.84615384615,1.69341284359,0.389027274878,0.193958664547,2.09866904602,0.964253345467,0.518282988871,1.87867287326,0.863174022847,0.470588235294,0.786197569093,0.41766745858,2.25,1.88235294118,0.786197569093,2.25,0.166339869281,0.0612244897959,3,0.00441176470588,0.185952380952,17,17,17,1,0,0.352941176471,0.411764705882,0.235294117647,0,0,0,0,0,0,0,0,0,0,0,0,0,0,0,0,0,0,0,0,0,0,0,0,0,0,0,0,0,37,0,0,235,1,1,0,0,1,1,1,1,1,1,2,2,0,0,0,0
1078,WLNM_dir_neg,1,0.5,00:00:01,10,30,20,1981780293,threshold_sweep,0.7,1,1,1,2,0,0,4,1,1,0,0,1,1,1,1,0.555555555556,1,1,1,37,35,2,0,37,0,35,0,2,17,37,0.136029411765,1.88235294118,4.35294117647,3.36363636364,2.84615384615,1.69341284359,0.389027274878,0.193958664547,2.09866904602,0.964253345467,0.518282988871,1.87867287326,0.863174022847,0.470588235294,0.786197569093,0.41766745858,2.25,1.88235294118,0.786197569093,2.25,0.166339869281,0.0612244897959,3,0.00441176470588,0.185952380952,17,17,17,1,0,0.352941176471,0.411764705882,0.235294117647,17,0.128676470588,1.90196078431,4.11764705882,3.18181818182,2.69230769231,1.57648156274,0.382859808093,0.201680672269,2.01465221053,0.978545359402,0.524369747899,1.74894926439,0.849489642704,0.463865546218,0.814492905316,0.428238537847,2.33333333333,1.90196078431,0.814492905316,2.33333333333,0,0,0,0,0.164242424242,17,17,17,1,0,0.352941176471,0.411764705882,0.235294117647,17,37,0.136029411765,1.88235294118,4.35294117647,3.36363636364,2.84615384615,1.69341284359,0.389027274878,0.193958664547,2.09866904602,0.964253345467,0.518282988871,1.87867287326,0.863174022847,0.470588235294,0.786197569093,0.41766745858,2.25,1.88235294118,0.786197569093,2.25,0.166339869281,0.0612244897959,3,0.00441176470588,0.185952380952,17,17,17,1,0,0.352941176471,0.411764705882,0.235294117647,0,0,0,0,0,0,0,0,0,0,0,0,0,0,0,0,0,0,0,0,0,0,0,0,0,0,0,0,0,37,0,0,235,1,1,0,0,1,1,1,1,1,1,2,2,0,0,0,0
1079,WLNM_dir_neg,1,0.5,00:00:01,10,30,20,1981780293,threshold_sweep,0.8,1,1,1,2,0,0,4,1,1,0,0,1,1,1,1,0.555555555556,1,1,1,37,35,2,0,37,0,35,0,2,17,37,0.136029411765,1.88235294118,4.35294117647,3.36363636364,2.84615384615,1.69341284359,0.389027274878,0.193958664547,2.09866904602,0.964253345467,0.518282988871,1.87867287326,0.863174022847,0.470588235294,0.786197569093,0.41766745858,2.25,1.88235294118,0.786197569093,2.25,0.166339869281,0.0612244897959,3,0.00441176470588,0.185952380952,17,17,17,1,0,0.352941176471,0.411764705882,0.235294117647,17,0.128676470588,1.90196078431,4.11764705882,3.18181818182,2.69230769231,1.57648156274,0.382859808093,0.201680672269,2.01465221053,0.978545359402,0.524369747899,1.74894926439,0.849489642704,0.463865546218,0.814492905316,0.428238537847,2.33333333333,1.90196078431,0.814492905316,2.33333333333,0,0,0,0,0.164242424242,17,17,17,1,0,0.352941176471,0.411764705882,0.235294117647,17,37,0.136029411765,1.88235294118,4.35294117647,3.36363636364,2.84615384615,1.69341284359,0.389027274878,0.193958664547,2.09866904602,0.964253345467,0.518282988871,1.87867287326,0.863174022847,0.470588235294,0.786197569093,0.41766745858,2.25,1.88235294118,0.786197569093,2.25,0.166339869281,0.0612244897959,3,0.00441176470588,0.185952380952,17,17,17,1,0,0.352941176471,0.411764705882,0.235294117647,0,0,0,0,0,0,0,0,0,0,0,0,0,0,0,0,0,0,0,0,0,0,0,0,0,0,0,0,0,37,0,0,235,1,1,0,0,1,1,1,1,1,1,2,2,0,0,0,0
1080,WLNM_dir_neg,1,0.5,00:00:01,10,30,20,1981780293,threshold_sweep,0.9,1,1,1,2,0,0,4,1,1,0,0,1,1,1,1,0.555555555556,1,1,1,37,35,2,0,37,0,35,0,2,17,37,0.136029411765,1.88235294118,4.35294117647,3.36363636364,2.84615384615,1.69341284359,0.389027274878,0.193958664547,2.09866904602,0.964253345467,0.518282988871,1.87867287326,0.863174022847,0.470588235294,0.786197569093,0.41766745858,2.25,1.88235294118,0.786197569093,2.25,0.166339869281,0.0612244897959,3,0.00441176470588,0.185952380952,17,17,17,1,0,0.352941176471,0.411764705882,0.235294117647,17,0.128676470588,1.90196078431,4.11764705882,3.18181818182,2.69230769231,1.57648156274,0.382859808093,0.201680672269,2.01465221053,0.978545359402,0.524369747899,1.74894926439,0.849489642704,0.463865546218,0.814492905316,0.428238537847,2.33333333333,1.90196078431,0.814492905316,2.33333333333,0,0,0,0,0.164242424242,17,17,17,1,0,0.352941176471,0.411764705882,0.235294117647,17,37,0.136029411765,1.88235294118,4.35294117647,3.36363636364,2.84615384615,1.69341284359,0.389027274878,0.193958664547,2.09866904602,0.964253345467,0.518282988871,1.87867287326,0.863174022847,0.470588235294,0.786197569093,0.41766745858,2.25,1.88235294118,0.786197569093,2.25,0.166339869281,0.0612244897959,3,0.00441176470588,0.185952380952,17,17,17,1,0,0.352941176471,0.411764705882,0.235294117647,0,0,0,0,0,0,0,0,0,0,0,0,0,0,0,0,0,0,0,0,0,0,0,0,0,0,0,0,0,37,0,0,235,1,1,0,0,1,1,1,1,1,1,2,2,0,0,0,0
1081,WLNM_dir_neg,1,0.5,00:00:02,10,30,21,1981780294,threshold_sweep,0.1,1,1,1,2,0,0,4,1,1,0,0,1,1,1,1,0.555555555556,1,1,1,37,35,2,0,37,0,35,0,2,17,37,0.136029411765,1.88235294118,4.35294117647,3.36363636364,2.84615384615,1.69341284359,0.389027274878,0.193958664547,2.09866904602,0.964253345467,0.518282988871,1.87867287326,0.863174022847,0.470588235294,0.786197569093,0.41766745858,2.25,1.88235294118,0.786197569093,2.25,0.166339869281,0.0612244897959,3,0.00441176470588,0.185952380952,17,17,17,1,0,0.352941176471,0.411764705882,0.235294117647,17,0.128676470588,1.90196078431,4.11764705882,3.18181818182,2.69230769231,1.57648156274,0.382859808093,0.201680672269,2.01465221053,0.978545359402,0.524369747899,1.74894926439,0.849489642704,0.463865546218,0.814492905316,0.428238537847,2.33333333333,1.90196078431,0.814492905316,2.33333333333,0,0,0,0,0.164242424242,17,17,17,1,0,0.352941176471,0.411764705882,0.235294117647,17,37,0.136029411765,1.88235294118,4.35294117647,3.36363636364,2.84615384615,1.69341284359,0.389027274878,0.193958664547,2.09866904602,0.964253345467,0.518282988871,1.87867287326,0.863174022847,0.470588235294,0.786197569093,0.41766745858,2.25,1.88235294118,0.786197569093,2.25,0.166339869281,0.0612244897959,3,0.00441176470588,0.185952380952,17,17,17,1,0,0.352941176471,0.411764705882,0.235294117647,0,0,0,0,0,0,0,0,0,0,0,0,0,0,0,0,0,0,0,0,0,0,0,0,0,0,0,0,0,37,0,0,235,1,1,0,0,1,1,1,1,1,1,2,2,0,0,0,0
1082,WLNM_dir_neg,1,0.5,00:00:02,10,30,21,1981780294,threshold_sweep,0.2,1,1,1,2,0,0,4,1,1,0,0,1,1,1,1,0.555555555556,1,1,1,37,35,2,0,37,0,35,0,2,17,37,0.136029411765,1.88235294118,4.35294117647,3.36363636364,2.84615384615,1.69341284359,0.389027274878,0.193958664547,2.09866904602,0.964253345467,0.518282988871,1.87867287326,0.863174022847,0.470588235294,0.786197569093,0.41766745858,2.25,1.88235294118,0.786197569093,2.25,0.166339869281,0.0612244897959,3,0.00441176470588,0.185952380952,17,17,17,1,0,0.352941176471,0.411764705882,0.235294117647,17,0.128676470588,1.90196078431,4.11764705882,3.18181818182,2.69230769231,1.57648156274,0.382859808093,0.201680672269,2.01465221053,0.978545359402,0.524369747899,1.74894926439,0.849489642704,0.463865546218,0.814492905316,0.428238537847,2.33333333333,1.90196078431,0.814492905316,2.33333333333,0,0,0,0,0.164242424242,17,17,17,1,0,0.352941176471,0.411764705882,0.235294117647,17,37,0.136029411765,1.88235294118,4.35294117647,3.36363636364,2.84615384615,1.69341284359,0.389027274878,0.193958664547,2.09866904602,0.964253345467,0.518282988871,1.87867287326,0.863174022847,0.470588235294,0.786197569093,0.41766745858,2.25,1.88235294118,0.786197569093,2.25,0.166339869281,0.0612244897959,3,0.00441176470588,0.185952380952,17,17,17,1,0,0.352941176471,0.411764705882,0.235294117647,0,0,0,0,0,0,0,0,0,0,0,0,0,0,0,0,0,0,0,0,0,0,0,0,0,0,0,0,0,37,0,0,235,1,1,0,0,1,1,1,1,1,1,2,2,0,0,0,0
1083,WLNM_dir_neg,1,0.5,00:00:02,10,30,21,1981780294,threshold_sweep,0.3,1,1,1,2,0,0,4,1,1,0,0,1,1,1,1,0.555555555556,1,1,1,37,35,2,0,37,0,35,0,2,17,37,0.136029411765,1.88235294118,4.35294117647,3.36363636364,2.84615384615,1.69341284359,0.389027274878,0.193958664547,2.09866904602,0.964253345467,0.518282988871,1.87867287326,0.863174022847,0.470588235294,0.786197569093,0.41766745858,2.25,1.88235294118,0.786197569093,2.25,0.166339869281,0.0612244897959,3,0.00441176470588,0.185952380952,17,17,17,1,0,0.352941176471,0.411764705882,0.235294117647,17,0.128676470588,1.90196078431,4.11764705882,3.18181818182,2.69230769231,1.57648156274,0.382859808093,0.201680672269,2.01465221053,0.978545359402,0.524369747899,1.74894926439,0.849489642704,0.463865546218,0.814492905316,0.428238537847,2.33333333333,1.90196078431,0.814492905316,2.33333333333,0,0,0,0,0.164242424242,17,17,17,1,0,0.352941176471,0.411764705882,0.235294117647,17,37,0.136029411765,1.88235294118,4.35294117647,3.36363636364,2.84615384615,1.69341284359,0.389027274878,0.193958664547,2.09866904602,0.964253345467,0.518282988871,1.87867287326,0.863174022847,0.470588235294,0.786197569093,0.41766745858,2.25,1.88235294118,0.786197569093,2.25,0.166339869281,0.0612244897959,3,0.00441176470588,0.185952380952,17,17,17,1,0,0.352941176471,0.411764705882,0.235294117647,0,0,0,0,0,0,0,0,0,0,0,0,0,0,0,0,0,0,0,0,0,0,0,0,0,0,0,0,0,37,0,0,235,1,1,0,0,1,1,1,1,1,1,2,2,0,0,0,0
1084,WLNM_dir_neg,1,0.5,00:00:02,10,30,21,1981780294,threshold_sweep,0.4,1,1,1,2,0,0,4,1,1,0,0,1,1,1,1,0.555555555556,1,1,1,37,35,2,0,37,0,35,0,2,17,37,0.136029411765,1.88235294118,4.35294117647,3.36363636364,2.84615384615,1.69341284359,0.389027274878,0.193958664547,2.09866904602,0.964253345467,0.518282988871,1.87867287326,0.863174022847,0.470588235294,0.786197569093,0.41766745858,2.25,1.88235294118,0.786197569093,2.25,0.166339869281,0.0612244897959,3,0.00441176470588,0.185952380952,17,17,17,1,0,0.352941176471,0.411764705882,0.235294117647,17,0.128676470588,1.90196078431,4.11764705882,3.18181818182,2.69230769231,1.57648156274,0.382859808093,0.201680672269,2.01465221053,0.978545359402,0.524369747899,1.74894926439,0.849489642704,0.463865546218,0.814492905316,0.428238537847,2.33333333333,1.90196078431,0.814492905316,2.33333333333,0,0,0,0,0.164242424242,17,17,17,1,0,0.352941176471,0.411764705882,0.235294117647,17,37,0.136029411765,1.88235294118,4.35294117647,3.36363636364,2.84615384615,1.69341284359,0.389027274878,0.193958664547,2.09866904602,0.964253345467,0.518282988871,1.87867287326,0.863174022847,0.470588235294,0.786197569093,0.41766745858,2.25,1.88235294118,0.786197569093,2.25,0.166339869281,0.0612244897959,3,0.00441176470588,0.185952380952,17,17,17,1,0,0.352941176471,0.411764705882,0.235294117647,0,0,0,0,0,0,0,0,0,0,0,0,0,0,0,0,0,0,0,0,0,0,0,0,0,0,0,0,0,37,0,0,235,1,1,0,0,1,1,1,1,1,1,2,2,0,0,0,0
1085,WLNM_dir_neg,1,0.5,00:00:02,10,30,21,1981780294,threshold_sweep,0.5,1,1,1,2,0,0,4,1,1,0,0,1,1,1,1,0.555555555556,1,1,1,37,35,2,0,37,0,35,0,2,17,37,0.136029411765,1.88235294118,4.35294117647,3.36363636364,2.84615384615,1.69341284359,0.389027274878,0.193958664547,2.09866904602,0.964253345467,0.518282988871,1.87867287326,0.863174022847,0.470588235294,0.786197569093,0.41766745858,2.25,1.88235294118,0.786197569093,2.25,0.166339869281,0.0612244897959,3,0.00441176470588,0.185952380952,17,17,17,1,0,0.352941176471,0.411764705882,0.235294117647,17,0.128676470588,1.90196078431,4.11764705882,3.18181818182,2.69230769231,1.57648156274,0.382859808093,0.201680672269,2.01465221053,0.978545359402,0.524369747899,1.74894926439,0.849489642704,0.463865546218,0.814492905316,0.428238537847,2.33333333333,1.90196078431,0.814492905316,2.33333333333,0,0,0,0,0.164242424242,17,17,17,1,0,0.352941176471,0.411764705882,0.235294117647,17,37,0.136029411765,1.88235294118,4.35294117647,3.36363636364,2.84615384615,1.69341284359,0.389027274878,0.193958664547,2.09866904602,0.964253345467,0.518282988871,1.87867287326,0.863174022847,0.470588235294,0.786197569093,0.41766745858,2.25,1.88235294118,0.786197569093,2.25,0.166339869281,0.0612244897959,3,0.00441176470588,0.185952380952,17,17,17,1,0,0.352941176471,0.411764705882,0.235294117647,0,0,0,0,0,0,0,0,0,0,0,0,0,0,0,0,0,0,0,0,0,0,0,0,0,0,0,0,0,37,0,0,235,1,1,0,0,1,1,1,1,1,1,2,2,0,0,0,0
1086,WLNM_dir_neg,1,0.5,00:00:02,10,30,21,1981780294,threshold_sweep,0.6,1,1,1,2,0,0,4,1,1,0,0,1,1,1,1,0.555555555556,1,1,1,37,35,2,0,37,0,35,0,2,17,37,0.136029411765,1.88235294118,4.35294117647,3.36363636364,2.84615384615,1.69341284359,0.389027274878,0.193958664547,2.09866904602,0.964253345467,0.518282988871,1.87867287326,0.863174022847,0.470588235294,0.786197569093,0.41766745858,2.25,1.88235294118,0.786197569093,2.25,0.166339869281,0.0612244897959,3,0.00441176470588,0.185952380952,17,17,17,1,0,0.352941176471,0.411764705882,0.235294117647,17,0.128676470588,1.90196078431,4.11764705882,3.18181818182,2.69230769231,1.57648156274,0.382859808093,0.201680672269,2.01465221053,0.978545359402,0.524369747899,1.74894926439,0.849489642704,0.463865546218,0.814492905316,0.428238537847,2.33333333333,1.90196078431,0.814492905316,2.33333333333,0,0,0,0,0.164242424242,17,17,17,1,0,0.352941176471,0.411764705882,0.235294117647,17,37,0.136029411765,1.88235294118,4.35294117647,3.36363636364,2.84615384615,1.69341284359,0.389027274878,0.193958664547,2.09866904602,0.964253345467,0.518282988871,1.87867287326,0.863174022847,0.470588235294,0.786197569093,0.41766745858,2.25,1.88235294118,0.786197569093,2.25,0.166339869281,0.0612244897959,3,0.00441176470588,0.185952380952,17,17,17,1,0,0.352941176471,0.411764705882,0.235294117647,0,0,0,0,0,0,0,0,0,0,0,0,0,0,0,0,0,0,0,0,0,0,0,0,0,0,0,0,0,37,0,0,235,1,1,0,0,1,1,1,1,1,1,2,2,0,0,0,0
1087,WLNM_dir_neg,1,0.5,00:00:02,10,30,21,1981780294,threshold_sweep,0.7,1,1,1,2,0,0,4,1,1,0,0,1,1,1,1,0.555555555556,1,1,1,37,35,2,0,37,0,35,0,2,17,37,0.136029411765,1.88235294118,4.35294117647,3.36363636364,2.84615384615,1.69341284359,0.389027274878,0.193958664547,2.09866904602,0.964253345467,0.518282988871,1.87867287326,0.863174022847,0.470588235294,0.786197569093,0.41766745858,2.25,1.88235294118,0.786197569093,2.25,0.166339869281,0.0612244897959,3,0.00441176470588,0.185952380952,17,17,17,1,0,0.352941176471,0.411764705882,0.235294117647,17,0.128676470588,1.90196078431,4.11764705882,3.18181818182,2.69230769231,1.57648156274,0.382859808093,0.201680672269,2.01465221053,0.978545359402,0.524369747899,1.74894926439,0.849489642704,0.463865546218,0.814492905316,0.428238537847,2.33333333333,1.90196078431,0.814492905316,2.33333333333,0,0,0,0,0.164242424242,17,17,17,1,0,0.352941176471,0.411764705882,0.235294117647,17,37,0.136029411765,1.88235294118,4.35294117647,3.36363636364,2.84615384615,1.69341284359,0.389027274878,0.193958664547,2.09866904602,0.964253345467,0.518282988871,1.87867287326,0.863174022847,0.470588235294,0.786197569093,0.41766745858,2.25,1.88235294118,0.786197569093,2.25,0.166339869281,0.0612244897959,3,0.00441176470588,0.185952380952,17,17,17,1,0,0.352941176471,0.411764705882,0.235294117647,0,0,0,0,0,0,0,0,0,0,0,0,0,0,0,0,0,0,0,0,0,0,0,0,0,0,0,0,0,37,0,0,235,1,1,0,0,1,1,1,1,1,1,2,2,0,0,0,0
1088,WLNM_dir_neg,1,0.5,00:00:02,10,30,21,1981780294,threshold_sweep,0.8,1,1,1,2,0,0,4,1,1,0,0,1,1,1,1,0.555555555556,1,1,1,37,35,2,0,37,0,35,0,2,17,37,0.136029411765,1.88235294118,4.35294117647,3.36363636364,2.84615384615,1.69341284359,0.389027274878,0.193958664547,2.09866904602,0.964253345467,0.518282988871,1.87867287326,0.863174022847,0.470588235294,0.786197569093,0.41766745858,2.25,1.88235294118,0.786197569093,2.25,0.166339869281,0.0612244897959,3,0.00441176470588,0.185952380952,17,17,17,1,0,0.352941176471,0.411764705882,0.235294117647,17,0.128676470588,1.90196078431,4.11764705882,3.18181818182,2.69230769231,1.57648156274,0.382859808093,0.201680672269,2.01465221053,0.978545359402,0.524369747899,1.74894926439,0.849489642704,0.463865546218,0.814492905316,0.428238537847,2.33333333333,1.90196078431,0.814492905316,2.33333333333,0,0,0,0,0.164242424242,17,17,17,1,0,0.352941176471,0.411764705882,0.235294117647,17,37,0.136029411765,1.88235294118,4.35294117647,3.36363636364,2.84615384615,1.69341284359,0.389027274878,0.193958664547,2.09866904602,0.964253345467,0.518282988871,1.87867287326,0.863174022847,0.470588235294,0.786197569093,0.41766745858,2.25,1.88235294118,0.786197569093,2.25,0.166339869281,0.0612244897959,3,0.00441176470588,0.185952380952,17,17,17,1,0,0.352941176471,0.411764705882,0.235294117647,0,0,0,0,0,0,0,0,0,0,0,0,0,0,0,0,0,0,0,0,0,0,0,0,0,0,0,0,0,37,0,0,235,1,1,0,0,1,1,1,1,1,1,2,2,0,0,0,0
1089,WLNM_dir_neg,1,0.5,00:00:02,10,30,21,1981780294,threshold_sweep,0.9,1,1,1,2,0,0,4,1,1,0,0,1,1,1,1,0.555555555556,1,1,1,37,35,2,0,37,0,35,0,2,17,37,0.136029411765,1.88235294118,4.35294117647,3.36363636364,2.84615384615,1.69341284359,0.389027274878,0.193958664547,2.09866904602,0.964253345467,0.518282988871,1.87867287326,0.863174022847,0.470588235294,0.786197569093,0.41766745858,2.25,1.88235294118,0.786197569093,2.25,0.166339869281,0.0612244897959,3,0.00441176470588,0.185952380952,17,17,17,1,0,0.352941176471,0.411764705882,0.235294117647,17,0.128676470588,1.90196078431,4.11764705882,3.18181818182,2.69230769231,1.57648156274,0.382859808093,0.201680672269,2.01465221053,0.978545359402,0.524369747899,1.74894926439,0.849489642704,0.463865546218,0.814492905316,0.428238537847,2.33333333333,1.90196078431,0.814492905316,2.33333333333,0,0,0,0,0.164242424242,17,17,17,1,0,0.352941176471,0.411764705882,0.235294117647,17,37,0.136029411765,1.88235294118,4.35294117647,3.36363636364,2.84615384615,1.69341284359,0.389027274878,0.193958664547,2.09866904602,0.964253345467,0.518282988871,1.87867287326,0.863174022847,0.470588235294,0.786197569093,0.41766745858,2.25,1.88235294118,0.786197569093,2.25,0.166339869281,0.0612244897959,3,0.00441176470588,0.185952380952,17,17,17,1,0,0.352941176471,0.411764705882,0.235294117647,0,0,0,0,0,0,0,0,0,0,0,0,0,0,0,0,0,0,0,0,0,0,0,0,0,0,0,0,0,37,0,0,235,1,1,0,0,1,1,1,1,1,1,2,2,0,0,0,0
1090,WLNM_dir_neg,0.875,0.291666666667,00:00:01,10,30,22,1981780295,threshold_sweep,0.1,0.666666666667,1,0.8,2,1,0,3,1,0.75,0.25,0,0.666666666667,1,0.8,0.833333333333,0.5,0.666666666667,0.707106781187,0.75,37,35,2,0,37,0,35,0,2,17,37,0.136029411765,1.88235294118,4.35294117647,3.36363636364,2.84615384615,1.69341284359,0.389027274878,0.193958664547,2.09866904602,0.964253345467,0.518282988871,1.87867287326,0.863174022847,0.470588235294,0.786197569093,0.41766745858,2.25,1.88235294118,0.786197569093,2.25,0.166339869281,0.0612244897959,3,0.00441176470588,0.185952380952,17,17,17,1,0,0.352941176471,0.411764705882,0.235294117647,17,0.128676470588,1.90196078431,4.11764705882,3.18181818182,2.69230769231,1.57648156274,0.382859808093,0.201680672269,2.01465221053,0.978545359402,0.524369747899,1.74894926439,0.849489642704,0.463865546218,0.814492905316,0.428238537847,2.33333333333,1.90196078431,0.814492905316,2.33333333333,0,0,0,0,0.164242424242,17,17,17,1,0,0.352941176471,0.411764705882,0.235294117647,17,38,0.139705882353,2.09294117647,4.47058823529,3.16666666667,2.92307692308,1.62471716996,0.36342357749,0.179566563467,2.04723630062,0.915868871331,0.495356037152,1.88843227853,0.84482496671,0.461300309598,0.8705082187,0.415925793083,2.45,2.09294117647,0.8705082187,2.45,0.166339869281,0.0588235294118,3,0.00441176470588,0.161778499278,17,17,17,1,0,0.294117647059,0.470588235294,0.235294117647,1,0.00367647058824,0.210588235294,0.117647058824,-0.19696969697,0.0769230769231,-0.0686956736295,-0.0256036973876,-0.0143921010794,-0.0514327453931,-0.0483844741355,-0.0229269517195,0.00975940527302,-0.018349056137,-0.00928792569659,0.084310649607,-0.00174166549743,0.2,0.210588235294,0.084310649607,0.2,0,-0.00240096038415,0,0,-0.0241738816739,-0.0588235294118,0.0588235294118,0,37,1,0,234,1,0.995744680851,0.00425531914894,0,0.973684210526,1,0.986666666667,0.984652666406,0.995744680851,0.973684210526,3,2,0,0,0,0
1091,WLNM_dir_neg,0.875,0.291666666667,00:00:01,10,30,22,1981780295,threshold_sweep,0.2,0.666666666667,1,0.8,2,1,0,3,1,0.75,0.25,0,0.666666666667,1,0.8,0.833333333333,0.5,0.666666666667,0.707106781187,0.75,37,35,2,0,37,0,35,0,2,17,37,0.136029411765,1.88235294118,4.35294117647,3.36363636364,2.84615384615,1.69341284359,0.389027274878,0.193958664547,2.09866904602,0.964253345467,0.518282988871,1.87867287326,0.863174022847,0.470588235294,0.786197569093,0.41766745858,2.25,1.88235294118,0.786197569093,2.25,0.166339869281,0.0612244897959,3,0.00441176470588,0.185952380952,17,17,17,1,0,0.352941176471,0.411764705882,0.235294117647,17,0.128676470588,1.90196078431,4.11764705882,3.18181818182,2.69230769231,1.57648156274,0.382859808093,0.201680672269,2.01465221053,0.978545359402,0.524369747899,1.74894926439,0.849489642704,0.463865546218,0.814492905316,0.428238537847,2.33333333333,1.90196078431,0.814492905316,2.33333333333,0,0,0,0,0.164242424242,17,17,17,1,0,0.352941176471,0.411764705882,0.235294117647,17,38,0.139705882353,2.09294117647,4.47058823529,3.16666666667,2.92307692308,1.62471716996,0.36342357749,0.179566563467,2.04723630062,0.915868871331,0.495356037152,1.88843227853,0.84482496671,0.461300309598,0.8705082187,0.415925793083,2.45,2.09294117647,0.8705082187,2.45,0.166339869281,0.0588235294118,3,0.00441176470588,0.161778499278,17,17,17,1,0,0.294117647059,0.470588235294,0.235294117647,1,0.00367647058824,0.210588235294,0.117647058824,-0.19696969697,0.0769230769231,-0.0686956736295,-0.0256036973876,-0.0143921010794,-0.0514327453931,-0.0483844741355,-0.0229269517195,0.00975940527302,-0.018349056137,-0.00928792569659,0.084310649607,-0.00174166549743,0.2,0.210588235294,0.084310649607,0.2,0,-0.00240096038415,0,0,-0.0241738816739,-0.0588235294118,0.0588235294118,0,37,1,0,234,1,0.995744680851,0.00425531914894,0,0.973684210526,1,0.986666666667,0.984652666406,0.995744680851,0.973684210526,3,2,0,0,0,0
1092,WLNM_dir_neg,0.875,0.291666666667,00:00:01,10,30,22,1981780295,threshold_sweep,0.3,0.666666666667,1,0.8,2,1,0,3,1,0.75,0.25,0,0.666666666667,1,0.8,0.833333333333,0.5,0.666666666667,0.707106781187,0.75,37,35,2,0,37,0,35,0,2,17,37,0.136029411765,1.88235294118,4.35294117647,3.36363636364,2.84615384615,1.69341284359,0.389027274878,0.193958664547,2.09866904602,0.964253345467,0.518282988871,1.87867287326,0.863174022847,0.470588235294,0.786197569093,0.41766745858,2.25,1.88235294118,0.786197569093,2.25,0.166339869281,0.0612244897959,3,0.00441176470588,0.185952380952,17,17,17,1,0,0.352941176471,0.411764705882,0.235294117647,17,0.128676470588,1.90196078431,4.11764705882,3.18181818182,2.69230769231,1.57648156274,0.382859808093,0.201680672269,2.01465221053,0.978545359402,0.524369747899,1.74894926439,0.849489642704,0.463865546218,0.814492905316,0.428238537847,2.33333333333,1.90196078431,0.814492905316,2.33333333333,0,0,0,0,0.164242424242,17,17,17,1,0,0.352941176471,0.411764705882,0.235294117647,17,38,0.139705882353,2.09294117647,4.47058823529,3.16666666667,2.92307692308,1.62471716996,0.36342357749,0.179566563467,2.04723630062,0.915868871331,0.495356037152,1.88843227853,0.84482496671,0.461300309598,0.8705082187,0.415925793083,2.45,2.09294117647,0.8705082187,2.45,0.166339869281,0.0588235294118,3,0.00441176470588,0.161778499278,17,17,17,1,0,0.294117647059,0.470588235294,0.235294117647,1,0.00367647058824,0.210588235294,0.117647058824,-0.19696969697,0.0769230769231,-0.0686956736295,-0.0256036973876,-0.0143921010794,-0.0514327453931,-0.0483844741355,-0.0229269517195,0.00975940527302,-0.018349056137,-0.00928792569659,0.084310649607,-0.00174166549743,0.2,0.210588235294,0.084310649607,0.2,0,-0.00240096038415,0,0,-0.0241738816739,-0.0588235294118,0.0588235294118,0,37,1,0,234,1,0.995744680851,0.00425531914894,0,0.973684210526,1,0.986666666667,0.984652666406,0.995744680851,0.973684210526,3,2,0,0,0,0
1093,WLNM_dir_neg,0.875,0.291666666667,00:00:01,10,30,22,1981780295,threshold_sweep,0.4,0.666666666667,1,0.8,2,1,0,3,1,0.75,0.25,0,0.666666666667,1,0.8,0.833333333333,0.5,0.666666666667,0.707106781187,0.75,37,35,2,0,37,0,35,0,2,17,37,0.136029411765,1.88235294118,4.35294117647,3.36363636364,2.84615384615,1.69341284359,0.389027274878,0.193958664547,2.09866904602,0.964253345467,0.518282988871,1.87867287326,0.863174022847,0.470588235294,0.786197569093,0.41766745858,2.25,1.88235294118,0.786197569093,2.25,0.166339869281,0.0612244897959,3,0.00441176470588,0.185952380952,17,17,17,1,0,0.352941176471,0.411764705882,0.235294117647,17,0.128676470588,1.90196078431,4.11764705882,3.18181818182,2.69230769231,1.57648156274,0.382859808093,0.201680672269,2.01465221053,0.978545359402,0.524369747899,1.74894926439,0.849489642704,0.463865546218,0.814492905316,0.428238537847,2.33333333333,1.90196078431,0.814492905316,2.33333333333,0,0,0,0,0.164242424242,17,17,17,1,0,0.352941176471,0.411764705882,0.235294117647,17,38,0.139705882353,2.09294117647,4.47058823529,3.16666666667,2.92307692308,1.62471716996,0.36342357749,0.179566563467,2.04723630062,0.915868871331,0.495356037152,1.88843227853,0.84482496671,0.461300309598,0.8705082187,0.415925793083,2.45,2.09294117647,0.8705082187,2.45,0.166339869281,0.0588235294118,3,0.00441176470588,0.161778499278,17,17,17,1,0,0.294117647059,0.470588235294,0.235294117647,1,0.00367647058824,0.210588235294,0.117647058824,-0.19696969697,0.0769230769231,-0.0686956736295,-0.0256036973876,-0.0143921010794,-0.0514327453931,-0.0483844741355,-0.0229269517195,0.00975940527302,-0.018349056137,-0.00928792569659,0.084310649607,-0.00174166549743,0.2,0.210588235294,0.084310649607,0.2,0,-0.00240096038415,0,0,-0.0241738816739,-0.0588235294118,0.0588235294118,0,37,1,0,234,1,0.995744680851,0.00425531914894,0,0.973684210526,1,0.986666666667,0.984652666406,0.995744680851,0.973684210526,3,2,0,0,0,0
1094,WLNM_dir_neg,0.875,0.291666666667,00:00:01,10,30,22,1981780295,threshold_sweep,0.5,0.666666666667,1,0.8,2,1,0,3,1,0.75,0.25,0,0.666666666667,1,0.8,0.833333333333,0.5,0.666666666667,0.707106781187,0.75,37,35,2,0,37,0,35,0,2,17,37,0.136029411765,1.88235294118,4.35294117647,3.36363636364,2.84615384615,1.69341284359,0.389027274878,0.193958664547,2.09866904602,0.964253345467,0.518282988871,1.87867287326,0.863174022847,0.470588235294,0.786197569093,0.41766745858,2.25,1.88235294118,0.786197569093,2.25,0.166339869281,0.0612244897959,3,0.00441176470588,0.185952380952,17,17,17,1,0,0.352941176471,0.411764705882,0.235294117647,17,0.128676470588,1.90196078431,4.11764705882,3.18181818182,2.69230769231,1.57648156274,0.382859808093,0.201680672269,2.01465221053,0.978545359402,0.524369747899,1.74894926439,0.849489642704,0.463865546218,0.814492905316,0.428238537847,2.33333333333,1.90196078431,0.814492905316,2.33333333333,0,0,0,0,0.164242424242,17,17,17,1,0,0.352941176471,0.411764705882,0.235294117647,17,38,0.139705882353,2.09294117647,4.47058823529,3.16666666667,2.92307692308,1.62471716996,0.36342357749,0.179566563467,2.04723630062,0.915868871331,0.495356037152,1.88843227853,0.84482496671,0.461300309598,0.8705082187,0.415925793083,2.45,2.09294117647,0.8705082187,2.45,0.166339869281,0.0588235294118,3,0.00441176470588,0.161778499278,17,17,17,1,0,0.294117647059,0.470588235294,0.235294117647,1,0.00367647058824,0.210588235294,0.117647058824,-0.19696969697,0.0769230769231,-0.0686956736295,-0.0256036973876,-0.0143921010794,-0.0514327453931,-0.0483844741355,-0.0229269517195,0.00975940527302,-0.018349056137,-0.00928792569659,0.084310649607,-0.00174166549743,0.2,0.210588235294,0.084310649607,0.2,0,-0.00240096038415,0,0,-0.0241738816739,-0.0588235294118,0.0588235294118,0,37,1,0,234,1,0.995744680851,0.00425531914894,0,0.973684210526,1,0.986666666667,0.984652666406,0.995744680851,0.973684210526,3,2,0,0,0,0
1095,WLNM_dir_neg,0.875,0.291666666667,00:00:01,10,30,22,1981780295,threshold_sweep,0.6,0.666666666667,1,0.8,2,1,0,3,1,0.75,0.25,0,0.666666666667,1,0.8,0.833333333333,0.5,0.666666666667,0.707106781187,0.75,37,35,2,0,37,0,35,0,2,17,37,0.136029411765,1.88235294118,4.35294117647,3.36363636364,2.84615384615,1.69341284359,0.389027274878,0.193958664547,2.09866904602,0.964253345467,0.518282988871,1.87867287326,0.863174022847,0.470588235294,0.786197569093,0.41766745858,2.25,1.88235294118,0.786197569093,2.25,0.166339869281,0.0612244897959,3,0.00441176470588,0.185952380952,17,17,17,1,0,0.352941176471,0.411764705882,0.235294117647,17,0.128676470588,1.90196078431,4.11764705882,3.18181818182,2.69230769231,1.57648156274,0.382859808093,0.201680672269,2.01465221053,0.978545359402,0.524369747899,1.74894926439,0.849489642704,0.463865546218,0.814492905316,0.428238537847,2.33333333333,1.90196078431,0.814492905316,2.33333333333,0,0,0,0,0.164242424242,17,17,17,1,0,0.352941176471,0.411764705882,0.235294117647,17,38,0.139705882353,2.09294117647,4.47058823529,3.16666666667,2.92307692308,1.62471716996,0.36342357749,0.179566563467,2.04723630062,0.915868871331,0.495356037152,1.88843227853,0.84482496671,0.461300309598,0.8705082187,0.415925793083,2.45,2.09294117647,0.8705082187,2.45,0.166339869281,0.0588235294118,3,0.00441176470588,0.161778499278,17,17,17,1,0,0.294117647059,0.470588235294,0.235294117647,1,0.00367647058824,0.210588235294,0.117647058824,-0.19696969697,0.0769230769231,-0.0686956736295,-0.0256036973876,-0.0143921010794,-0.0514327453931,-0.0483844741355,-0.0229269517195,0.00975940527302,-0.018349056137,-0.00928792569659,0.084310649607,-0.00174166549743,0.2,0.210588235294,0.084310649607,0.2,0,-0.00240096038415,0,0,-0.0241738816739,-0.0588235294118,0.0588235294118,0,37,1,0,234,1,0.995744680851,0.00425531914894,0,0.973684210526,1,0.986666666667,0.984652666406,0.995744680851,0.973684210526,3,2,0,0,0,0
1096,WLNM_dir_neg,0.875,0.291666666667,00:00:01,10,30,22,1981780295,threshold_sweep,0.7,0.666666666667,1,0.8,2,1,0,3,1,0.75,0.25,0,0.666666666667,1,0.8,0.833333333333,0.5,0.666666666667,0.707106781187,0.75,37,35,2,0,37,0,35,0,2,17,37,0.136029411765,1.88235294118,4.35294117647,3.36363636364,2.84615384615,1.69341284359,0.389027274878,0.193958664547,2.09866904602,0.964253345467,0.518282988871,1.87867287326,0.863174022847,0.470588235294,0.786197569093,0.41766745858,2.25,1.88235294118,0.786197569093,2.25,0.166339869281,0.0612244897959,3,0.00441176470588,0.185952380952,17,17,17,1,0,0.352941176471,0.411764705882,0.235294117647,17,0.128676470588,1.90196078431,4.11764705882,3.18181818182,2.69230769231,1.57648156274,0.382859808093,0.201680672269,2.01465221053,0.978545359402,0.524369747899,1.74894926439,0.849489642704,0.463865546218,0.814492905316,0.428238537847,2.33333333333,1.90196078431,0.814492905316,2.33333333333,0,0,0,0,0.164242424242,17,17,17,1,0,0.352941176471,0.411764705882,0.235294117647,17,38,0.139705882353,2.09294117647,4.47058823529,3.16666666667,2.92307692308,1.62471716996,0.36342357749,0.179566563467,2.04723630062,0.915868871331,0.495356037152,1.88843227853,0.84482496671,0.461300309598,0.8705082187,0.415925793083,2.45,2.09294117647,0.8705082187,2.45,0.166339869281,0.0588235294118,3,0.00441176470588,0.161778499278,17,17,17,1,0,0.294117647059,0.470588235294,0.235294117647,1,0.00367647058824,0.210588235294,0.117647058824,-0.19696969697,0.0769230769231,-0.0686956736295,-0.0256036973876,-0.0143921010794,-0.0514327453931,-0.0483844741355,-0.0229269517195,0.00975940527302,-0.018349056137,-0.00928792569659,0.084310649607,-0.00174166549743,0.2,0.210588235294,0.084310649607,0.2,0,-0.00240096038415,0,0,-0.0241738816739,-0.0588235294118,0.0588235294118,0,37,1,0,234,1,0.995744680851,0.00425531914894,0,0.973684210526,1,0.986666666667,0.984652666406,0.995744680851,0.973684210526,3,2,0,0,0,0
1097,WLNM_dir_neg,0.875,0.291666666667,00:00:01,10,30,22,1981780295,threshold_sweep,0.8,0.666666666667,1,0.8,2,1,0,3,1,0.75,0.25,0,0.666666666667,1,0.8,0.833333333333,0.5,0.666666666667,0.707106781187,0.75,37,35,2,0,37,0,35,0,2,17,37,0.136029411765,1.88235294118,4.35294117647,3.36363636364,2.84615384615,1.69341284359,0.389027274878,0.193958664547,2.09866904602,0.964253345467,0.518282988871,1.87867287326,0.863174022847,0.470588235294,0.786197569093,0.41766745858,2.25,1.88235294118,0.786197569093,2.25,0.166339869281,0.0612244897959,3,0.00441176470588,0.185952380952,17,17,17,1,0,0.352941176471,0.411764705882,0.235294117647,17,0.128676470588,1.90196078431,4.11764705882,3.18181818182,2.69230769231,1.57648156274,0.382859808093,0.201680672269,2.01465221053,0.978545359402,0.524369747899,1.74894926439,0.849489642704,0.463865546218,0.814492905316,0.428238537847,2.33333333333,1.90196078431,0.814492905316,2.33333333333,0,0,0,0,0.164242424242,17,17,17,1,0,0.352941176471,0.411764705882,0.235294117647,17,38,0.139705882353,2.09294117647,4.47058823529,3.16666666667,2.92307692308,1.62471716996,0.36342357749,0.179566563467,2.04723630062,0.915868871331,0.495356037152,1.88843227853,0.84482496671,0.461300309598,0.8705082187,0.415925793083,2.45,2.09294117647,0.8705082187,2.45,0.166339869281,0.0588235294118,3,0.00441176470588,0.161778499278,17,17,17,1,0,0.294117647059,0.470588235294,0.235294117647,1,0.00367647058824,0.210588235294,0.117647058824,-0.19696969697,0.0769230769231,-0.0686956736295,-0.0256036973876,-0.0143921010794,-0.0514327453931,-0.0483844741355,-0.0229269517195,0.00975940527302,-0.018349056137,-0.00928792569659,0.084310649607,-0.00174166549743,0.2,0.210588235294,0.084310649607,0.2,0,-0.00240096038415,0,0,-0.0241738816739,-0.0588235294118,0.0588235294118,0,37,1,0,234,1,0.995744680851,0.00425531914894,0,0.973684210526,1,0.986666666667,0.984652666406,0.995744680851,0.973684210526,3,2,0,0,0,0
1098,WLNM_dir_neg,0.875,0.291666666667,00:00:01,10,30,22,1981780295,threshold_sweep,0.9,0.666666666667,1,0.8,2,1,0,3,1,0.75,0.25,0,0.666666666667,1,0.8,0.833333333333,0.5,0.666666666667,0.707106781187,0.75,37,35,2,0,37,0,35,0,2,17,37,0.136029411765,1.88235294118,4.35294117647,3.36363636364,2.84615384615,1.69341284359,0.389027274878,0.193958664547,2.09866904602,0.964253345467,0.518282988871,1.87867287326,0.863174022847,0.470588235294,0.786197569093,0.41766745858,2.25,1.88235294118,0.786197569093,2.25,0.166339869281,0.0612244897959,3,0.00441176470588,0.185952380952,17,17,17,1,0,0.352941176471,0.411764705882,0.235294117647,17,0.128676470588,1.90196078431,4.11764705882,3.18181818182,2.69230769231,1.57648156274,0.382859808093,0.201680672269,2.01465221053,0.978545359402,0.524369747899,1.74894926439,0.849489642704,0.463865546218,0.814492905316,0.428238537847,2.33333333333,1.90196078431,0.814492905316,2.33333333333,0,0,0,0,0.164242424242,17,17,17,1,0,0.352941176471,0.411764705882,0.235294117647,17,38,0.139705882353,2.09294117647,4.47058823529,3.16666666667,2.92307692308,1.62471716996,0.36342357749,0.179566563467,2.04723630062,0.915868871331,0.495356037152,1.88843227853,0.84482496671,0.461300309598,0.8705082187,0.415925793083,2.45,2.09294117647,0.8705082187,2.45,0.166339869281,0.0588235294118,3,0.00441176470588,0.161778499278,17,17,17,1,0,0.294117647059,0.470588235294,0.235294117647,1,0.00367647058824,0.210588235294,0.117647058824,-0.19696969697,0.0769230769231,-0.0686956736295,-0.0256036973876,-0.0143921010794,-0.0514327453931,-0.0483844741355,-0.0229269517195,0.00975940527302,-0.018349056137,-0.00928792569659,0.084310649607,-0.00174166549743,0.2,0.210588235294,0.084310649607,0.2,0,-0.00240096038415,0,0,-0.0241738816739,-0.0588235294118,0.0588235294118,0,37,1,0,234,1,0.995744680851,0.00425531914894,0,0.973684210526,1,0.986666666667,0.984652666406,0.995744680851,0.973684210526,3,2,0,0,0,0
1099,WLNM_dir_neg,0.875,0.291666666667,00:00:01,10,30,23,1981780296,threshold_sweep,0.1,0.666666666667,1,0.8,2,1,0,3,1,0.75,0.25,0,0.666666666667,1,0.8,0.833333333333,0.5,0.666666666667,0.707106781187,0.75,37,35,2,0,37,0,35,0,2,17,37,0.136029411765,1.88235294118,4.35294117647,3.36363636364,2.84615384615,1.69341284359,0.389027274878,0.193958664547,2.09866904602,0.964253345467,0.518282988871,1.87867287326,0.863174022847,0.470588235294,0.786197569093,0.41766745858,2.25,1.88235294118,0.786197569093,2.25,0.166339869281,0.0612244897959,3,0.00441176470588,0.185952380952,17,17,17,1,0,0.352941176471,0.411764705882,0.235294117647,17,0.128676470588,1.90196078431,4.11764705882,3.18181818182,2.69230769231,1.57648156274,0.382859808093,0.201680672269,2.01465221053,0.978545359402,0.524369747899,1.74894926439,0.849489642704,0.463865546218,0.814492905316,0.428238537847,2.33333333333,1.90196078431,0.814492905316,2.33333333333,0,0,0,0,0.164242424242,17,17,17,1,0,0.352941176471,0.411764705882,0.235294117647,17,38,0.139705882353,1.98764705882,4.47058823529,3.16666666667,2.92307692308,1.66274047354,0.371928790134,0.188854489164,2.04723630062,0.915868871331,0.495356037152,1.98523965067,0.888133527931,0.482972136223,0.792996921587,0.398962641817,2.35,1.98764705882,0.792996921587,2.35,0.162418300654,0.0584415584416,3,0.00441176470588,0.192081529582,17,17,17,1,0,0.294117647059,0.470588235294,0.235294117647,1,0.00367647058824,0.105294117647,0.117647058824,-0.19696969697,0.0769230769231,-0.030672370045,-0.0170984847437,-0.00510417538281,-0.0514327453931,-0.0483844741355,-0.0229269517195,0.106566777414,0.0249595050838,0.0123839009288,0.00679935249481,-0.0187048167638,0.1,0.105294117647,0.00679935249481,0.1,-0.00392156862745,-0.00278293135436,0,0,0.00612914862915,-0.0588235294118,0.0588235294118,0,37,1,0,234,1,0.995744680851,0.00425531914894,0,0.973684210526,1,0.986666666667,0.984652666406,0.995744680851,0.973684210526,3,2,0,0,0,0
1100,WLNM_dir_neg,0.875,0.291666666667,00:00:01,10,30,23,1981780296,threshold_sweep,0.2,0.666666666667,1,0.8,2,1,0,3,1,0.75,0.25,0,0.666666666667,1,0.8,0.833333333333,0.5,0.666666666667,0.707106781187,0.75,37,35,2,0,37,0,35,0,2,17,37,0.136029411765,1.88235294118,4.35294117647,3.36363636364,2.84615384615,1.69341284359,0.389027274878,0.193958664547,2.09866904602,0.964253345467,0.518282988871,1.87867287326,0.863174022847,0.470588235294,0.786197569093,0.41766745858,2.25,1.88235294118,0.786197569093,2.25,0.166339869281,0.0612244897959,3,0.00441176470588,0.185952380952,17,17,17,1,0,0.352941176471,0.411764705882,0.235294117647,17,0.128676470588,1.90196078431,4.11764705882,3.18181818182,2.69230769231,1.57648156274,0.382859808093,0.201680672269,2.01465221053,0.978545359402,0.524369747899,1.74894926439,0.849489642704,0.463865546218,0.814492905316,0.428238537847,2.33333333333,1.90196078431,0.814492905316,2.33333333333,0,0,0,0,0.164242424242,17,17,17,1,0,0.352941176471,0.411764705882,0.235294117647,17,38,0.139705882353,1.98764705882,4.47058823529,3.16666666667,2.92307692308,1.66274047354,0.371928790134,0.188854489164,2.04723630062,0.915868871331,0.495356037152,1.98523965067,0.888133527931,0.482972136223,0.792996921587,0.398962641817,2.35,1.98764705882,0.792996921587,2.35,0.162418300654,0.0584415584416,3,0.00441176470588,0.192081529582,17,17,17,1,0,0.294117647059,0.470588235294,0.235294117647,1,0.00367647058824,0.105294117647,0.117647058824,-0.19696969697,0.0769230769231,-0.030672370045,-0.0170984847437,-0.00510417538281,-0.0514327453931,-0.0483844741355,-0.0229269517195,0.106566777414,0.0249595050838,0.0123839009288,0.00679935249481,-0.0187048167638,0.1,0.105294117647,0.00679935249481,0.1,-0.00392156862745,-0.00278293135436,0,0,0.00612914862915,-0.0588235294118,0.0588235294118,0,37,1,0,234,1,0.995744680851,0.00425531914894,0,0.973684210526,1,0.986666666667,0.984652666406,0.995744680851,0.973684210526,3,2,0,0,0,0
1101,WLNM_dir_neg,0.875,0.291666666667,00:00:01,10,30,23,1981780296,threshold_sweep,0.3,0.666666666667,1,0.8,2,1,0,3,1,0.75,0.25,0,0.666666666667,1,0.8,0.833333333333,0.5,0.666666666667,0.707106781187,0.75,37,35,2,0,37,0,35,0,2,17,37,0.136029411765,1.88235294118,4.35294117647,3.36363636364,2.84615384615,1.69341284359,0.389027274878,0.193958664547,2.09866904602,0.964253345467,0.518282988871,1.87867287326,0.863174022847,0.470588235294,0.786197569093,0.41766745858,2.25,1.88235294118,0.786197569093,2.25,0.166339869281,0.0612244897959,3,0.00441176470588,0.185952380952,17,17,17,1,0,0.352941176471,0.411764705882,0.235294117647,17,0.128676470588,1.90196078431,4.11764705882,3.18181818182,2.69230769231,1.57648156274,0.382859808093,0.201680672269,2.01465221053,0.978545359402,0.524369747899,1.74894926439,0.849489642704,0.463865546218,0.814492905316,0.428238537847,2.33333333333,1.90196078431,0.814492905316,2.33333333333,0,0,0,0,0.164242424242,17,17,17,1,0,0.352941176471,0.411764705882,0.235294117647,17,38,0.139705882353,1.98764705882,4.47058823529,3.16666666667,2.92307692308,1.66274047354,0.371928790134,0.188854489164,2.04723630062,0.915868871331,0.495356037152,1.98523965067,0.888133527931,0.482972136223,0.792996921587,0.398962641817,2.35,1.98764705882,0.792996921587,2.35,0.162418300654,0.0584415584416,3,0.00441176470588,0.192081529582,17,17,17,1,0,0.294117647059,0.470588235294,0.235294117647,1,0.00367647058824,0.105294117647,0.117647058824,-0.19696969697,0.0769230769231,-0.030672370045,-0.0170984847437,-0.00510417538281,-0.0514327453931,-0.0483844741355,-0.0229269517195,0.106566777414,0.0249595050838,0.0123839009288,0.00679935249481,-0.0187048167638,0.1,0.105294117647,0.00679935249481,0.1,-0.00392156862745,-0.00278293135436,0,0,0.00612914862915,-0.0588235294118,0.0588235294118,0,37,1,0,234,1,0.995744680851,0.00425531914894,0,0.973684210526,1,0.986666666667,0.984652666406,0.995744680851,0.973684210526,3,2,0,0,0,0
1102,WLNM_dir_neg,0.875,0.291666666667,00:00:01,10,30,23,1981780296,threshold_sweep,0.4,0.666666666667,1,0.8,2,1,0,3,1,0.75,0.25,0,0.666666666667,1,0.8,0.833333333333,0.5,0.666666666667,0.707106781187,0.75,37,35,2,0,37,0,35,0,2,17,37,0.136029411765,1.88235294118,4.35294117647,3.36363636364,2.84615384615,1.69341284359,0.389027274878,0.193958664547,2.09866904602,0.964253345467,0.518282988871,1.87867287326,0.863174022847,0.470588235294,0.786197569093,0.41766745858,2.25,1.88235294118,0.786197569093,2.25,0.166339869281,0.0612244897959,3,0.00441176470588,0.185952380952,17,17,17,1,0,0.352941176471,0.411764705882,0.235294117647,17,0.128676470588,1.90196078431,4.11764705882,3.18181818182,2.69230769231,1.57648156274,0.382859808093,0.201680672269,2.01465221053,0.978545359402,0.524369747899,1.74894926439,0.849489642704,0.463865546218,0.814492905316,0.428238537847,2.33333333333,1.90196078431,0.814492905316,2.33333333333,0,0,0,0,0.164242424242,17,17,17,1,0,0.352941176471,0.411764705882,0.235294117647,17,38,0.139705882353,1.98764705882,4.47058823529,3.16666666667,2.92307692308,1.66274047354,0.371928790134,0.188854489164,2.04723630062,0.915868871331,0.495356037152,1.98523965067,0.888133527931,0.482972136223,0.792996921587,0.398962641817,2.35,1.98764705882,0.792996921587,2.35,0.162418300654,0.0584415584416,3,0.00441176470588,0.192081529582,17,17,17,1,0,0.294117647059,0.470588235294,0.235294117647,1,0.00367647058824,0.105294117647,0.117647058824,-0.19696969697,0.0769230769231,-0.030672370045,-0.0170984847437,-0.00510417538281,-0.0514327453931,-0.0483844741355,-0.0229269517195,0.106566777414,0.0249595050838,0.0123839009288,0.00679935249481,-0.0187048167638,0.1,0.105294117647,0.00679935249481,0.1,-0.00392156862745,-0.00278293135436,0,0,0.00612914862915,-0.0588235294118,0.0588235294118,0,37,1,0,234,1,0.995744680851,0.00425531914894,0,0.973684210526,1,0.986666666667,0.984652666406,0.995744680851,0.973684210526,3,2,0,0,0,0
1103,WLNM_dir_neg,0.875,0.291666666667,00:00:01,10,30,23,1981780296,threshold_sweep,0.5,0.666666666667,1,0.8,2,1,0,3,1,0.75,0.25,0,0.666666666667,1,0.8,0.833333333333,0.5,0.666666666667,0.707106781187,0.75,37,35,2,0,37,0,35,0,2,17,37,0.136029411765,1.88235294118,4.35294117647,3.36363636364,2.84615384615,1.69341284359,0.389027274878,0.193958664547,2.09866904602,0.964253345467,0.518282988871,1.87867287326,0.863174022847,0.470588235294,0.786197569093,0.41766745858,2.25,1.88235294118,0.786197569093,2.25,0.166339869281,0.0612244897959,3,0.00441176470588,0.185952380952,17,17,17,1,0,0.352941176471,0.411764705882,0.235294117647,17,0.128676470588,1.90196078431,4.11764705882,3.18181818182,2.69230769231,1.57648156274,0.382859808093,0.201680672269,2.01465221053,0.978545359402,0.524369747899,1.74894926439,0.849489642704,0.463865546218,0.814492905316,0.428238537847,2.33333333333,1.90196078431,0.814492905316,2.33333333333,0,0,0,0,0.164242424242,17,17,17,1,0,0.352941176471,0.411764705882,0.235294117647,17,38,0.139705882353,1.98764705882,4.47058823529,3.16666666667,2.92307692308,1.66274047354,0.371928790134,0.188854489164,2.04723630062,0.915868871331,0.495356037152,1.98523965067,0.888133527931,0.482972136223,0.792996921587,0.398962641817,2.35,1.98764705882,0.792996921587,2.35,0.162418300654,0.0584415584416,3,0.00441176470588,0.192081529582,17,17,17,1,0,0.294117647059,0.470588235294,0.235294117647,1,0.00367647058824,0.105294117647,0.117647058824,-0.19696969697,0.0769230769231,-0.030672370045,-0.0170984847437,-0.00510417538281,-0.0514327453931,-0.0483844741355,-0.0229269517195,0.106566777414,0.0249595050838,0.0123839009288,0.00679935249481,-0.0187048167638,0.1,0.105294117647,0.00679935249481,0.1,-0.00392156862745,-0.00278293135436,0,0,0.00612914862915,-0.0588235294118,0.0588235294118,0,37,1,0,234,1,0.995744680851,0.00425531914894,0,0.973684210526,1,0.986666666667,0.984652666406,0.995744680851,0.973684210526,3,2,0,0,0,0
1104,WLNM_dir_neg,0.875,0.291666666667,00:00:01,10,30,23,1981780296,threshold_sweep,0.6,0.666666666667,1,0.8,2,1,0,3,1,0.75,0.25,0,0.666666666667,1,0.8,0.833333333333,0.5,0.666666666667,0.707106781187,0.75,37,35,2,0,37,0,35,0,2,17,37,0.136029411765,1.88235294118,4.35294117647,3.36363636364,2.84615384615,1.69341284359,0.389027274878,0.193958664547,2.09866904602,0.964253345467,0.518282988871,1.87867287326,0.863174022847,0.470588235294,0.786197569093,0.41766745858,2.25,1.88235294118,0.786197569093,2.25,0.166339869281,0.0612244897959,3,0.00441176470588,0.185952380952,17,17,17,1,0,0.352941176471,0.411764705882,0.235294117647,17,0.128676470588,1.90196078431,4.11764705882,3.18181818182,2.69230769231,1.57648156274,0.382859808093,0.201680672269,2.01465221053,0.978545359402,0.524369747899,1.74894926439,0.849489642704,0.463865546218,0.814492905316,0.428238537847,2.33333333333,1.90196078431,0.814492905316,2.33333333333,0,0,0,0,0.164242424242,17,17,17,1,0,0.352941176471,0.411764705882,0.235294117647,17,38,0.139705882353,1.98764705882,4.47058823529,3.16666666667,2.92307692308,1.66274047354,0.371928790134,0.188854489164,2.04723630062,0.915868871331,0.495356037152,1.98523965067,0.888133527931,0.482972136223,0.792996921587,0.398962641817,2.35,1.98764705882,0.792996921587,2.35,0.162418300654,0.0584415584416,3,0.00441176470588,0.192081529582,17,17,17,1,0,0.294117647059,0.470588235294,0.235294117647,1,0.00367647058824,0.105294117647,0.117647058824,-0.19696969697,0.0769230769231,-0.030672370045,-0.0170984847437,-0.00510417538281,-0.0514327453931,-0.0483844741355,-0.0229269517195,0.106566777414,0.0249595050838,0.0123839009288,0.00679935249481,-0.0187048167638,0.1,0.105294117647,0.00679935249481,0.1,-0.00392156862745,-0.00278293135436,0,0,0.00612914862915,-0.0588235294118,0.0588235294118,0,37,1,0,234,1,0.995744680851,0.00425531914894,0,0.973684210526,1,0.986666666667,0.984652666406,0.995744680851,0.973684210526,3,2,0,0,0,0
1105,WLNM_dir_neg,0.875,0.291666666667,00:00:01,10,30,23,1981780296,threshold_sweep,0.7,0.666666666667,1,0.8,2,1,0,3,1,0.75,0.25,0,0.666666666667,1,0.8,0.833333333333,0.5,0.666666666667,0.707106781187,0.75,37,35,2,0,37,0,35,0,2,17,37,0.136029411765,1.88235294118,4.35294117647,3.36363636364,2.84615384615,1.69341284359,0.389027274878,0.193958664547,2.09866904602,0.964253345467,0.518282988871,1.87867287326,0.863174022847,0.470588235294,0.786197569093,0.41766745858,2.25,1.88235294118,0.786197569093,2.25,0.166339869281,0.0612244897959,3,0.00441176470588,0.185952380952,17,17,17,1,0,0.352941176471,0.411764705882,0.235294117647,17,0.128676470588,1.90196078431,4.11764705882,3.18181818182,2.69230769231,1.57648156274,0.382859808093,0.201680672269,2.01465221053,0.978545359402,0.524369747899,1.74894926439,0.849489642704,0.463865546218,0.814492905316,0.428238537847,2.33333333333,1.90196078431,0.814492905316,2.33333333333,0,0,0,0,0.164242424242,17,17,17,1,0,0.352941176471,0.411764705882,0.235294117647,17,38,0.139705882353,1.98764705882,4.47058823529,3.16666666667,2.92307692308,1.66274047354,0.371928790134,0.188854489164,2.04723630062,0.915868871331,0.495356037152,1.98523965067,0.888133527931,0.482972136223,0.792996921587,0.398962641817,2.35,1.98764705882,0.792996921587,2.35,0.162418300654,0.0584415584416,3,0.00441176470588,0.192081529582,17,17,17,1,0,0.294117647059,0.470588235294,0.235294117647,1,0.00367647058824,0.105294117647,0.117647058824,-0.19696969697,0.0769230769231,-0.030672370045,-0.0170984847437,-0.00510417538281,-0.0514327453931,-0.0483844741355,-0.0229269517195,0.106566777414,0.0249595050838,0.0123839009288,0.00679935249481,-0.0187048167638,0.1,0.105294117647,0.00679935249481,0.1,-0.00392156862745,-0.00278293135436,0,0,0.00612914862915,-0.0588235294118,0.0588235294118,0,37,1,0,234,1,0.995744680851,0.00425531914894,0,0.973684210526,1,0.986666666667,0.984652666406,0.995744680851,0.973684210526,3,2,0,0,0,0
1106,WLNM_dir_neg,0.875,0.291666666667,00:00:01,10,30,23,1981780296,threshold_sweep,0.8,0.666666666667,1,0.8,2,1,0,3,1,0.75,0.25,0,0.666666666667,1,0.8,0.833333333333,0.5,0.666666666667,0.707106781187,0.75,37,35,2,0,37,0,35,0,2,17,37,0.136029411765,1.88235294118,4.35294117647,3.36363636364,2.84615384615,1.69341284359,0.389027274878,0.193958664547,2.09866904602,0.964253345467,0.518282988871,1.87867287326,0.863174022847,0.470588235294,0.786197569093,0.41766745858,2.25,1.88235294118,0.786197569093,2.25,0.166339869281,0.0612244897959,3,0.00441176470588,0.185952380952,17,17,17,1,0,0.352941176471,0.411764705882,0.235294117647,17,0.128676470588,1.90196078431,4.11764705882,3.18181818182,2.69230769231,1.57648156274,0.382859808093,0.201680672269,2.01465221053,0.978545359402,0.524369747899,1.74894926439,0.849489642704,0.463865546218,0.814492905316,0.428238537847,2.33333333333,1.90196078431,0.814492905316,2.33333333333,0,0,0,0,0.164242424242,17,17,17,1,0,0.352941176471,0.411764705882,0.235294117647,17,38,0.139705882353,1.98764705882,4.47058823529,3.16666666667,2.92307692308,1.66274047354,0.371928790134,0.188854489164,2.04723630062,0.915868871331,0.495356037152,1.98523965067,0.888133527931,0.482972136223,0.792996921587,0.398962641817,2.35,1.98764705882,0.792996921587,2.35,0.162418300654,0.0584415584416,3,0.00441176470588,0.192081529582,17,17,17,1,0,0.294117647059,0.470588235294,0.235294117647,1,0.00367647058824,0.105294117647,0.117647058824,-0.19696969697,0.0769230769231,-0.030672370045,-0.0170984847437,-0.00510417538281,-0.0514327453931,-0.0483844741355,-0.0229269517195,0.106566777414,0.0249595050838,0.0123839009288,0.00679935249481,-0.0187048167638,0.1,0.105294117647,0.00679935249481,0.1,-0.00392156862745,-0.00278293135436,0,0,0.00612914862915,-0.0588235294118,0.0588235294118,0,37,1,0,234,1,0.995744680851,0.00425531914894,0,0.973684210526,1,0.986666666667,0.984652666406,0.995744680851,0.973684210526,3,2,0,0,0,0
1107,WLNM_dir_neg,0.875,0.291666666667,00:00:01,10,30,23,1981780296,threshold_sweep,0.9,0.666666666667,1,0.8,2,1,0,3,1,0.75,0.25,0,0.666666666667,1,0.8,0.833333333333,0.5,0.666666666667,0.707106781187,0.75,37,35,2,0,37,0,35,0,2,17,37,0.136029411765,1.88235294118,4.35294117647,3.36363636364,2.84615384615,1.69341284359,0.389027274878,0.193958664547,2.09866904602,0.964253345467,0.518282988871,1.87867287326,0.863174022847,0.470588235294,0.786197569093,0.41766745858,2.25,1.88235294118,0.786197569093,2.25,0.166339869281,0.0612244897959,3,0.00441176470588,0.185952380952,17,17,17,1,0,0.352941176471,0.411764705882,0.235294117647,17,0.128676470588,1.90196078431,4.11764705882,3.18181818182,2.69230769231,1.57648156274,0.382859808093,0.201680672269,2.01465221053,0.978545359402,0.524369747899,1.74894926439,0.849489642704,0.463865546218,0.814492905316,0.428238537847,2.33333333333,1.90196078431,0.814492905316,2.33333333333,0,0,0,0,0.164242424242,17,17,17,1,0,0.352941176471,0.411764705882,0.235294117647,17,38,0.139705882353,1.98764705882,4.47058823529,3.16666666667,2.92307692308,1.66274047354,0.371928790134,0.188854489164,2.04723630062,0.915868871331,0.495356037152,1.98523965067,0.888133527931,0.482972136223,0.792996921587,0.398962641817,2.35,1.98764705882,0.792996921587,2.35,0.162418300654,0.0584415584416,3,0.00441176470588,0.192081529582,17,17,17,1,0,0.294117647059,0.470588235294,0.235294117647,1,0.00367647058824,0.105294117647,0.117647058824,-0.19696969697,0.0769230769231,-0.030672370045,-0.0170984847437,-0.00510417538281,-0.0514327453931,-0.0483844741355,-0.0229269517195,0.106566777414,0.0249595050838,0.0123839009288,0.00679935249481,-0.0187048167638,0.1,0.105294117647,0.00679935249481,0.1,-0.00392156862745,-0.00278293135436,0,0,0.00612914862915,-0.0588235294118,0.0588235294118,0,37,1,0,234,1,0.995744680851,0.00425531914894,0,0.973684210526,1,0.986666666667,0.984652666406,0.995744680851,0.973684210526,3,2,0,0,0,0
1108,WLNM_dir_neg,1,0.5,00:00:01,10,30,24,1981780297,threshold_sweep,0.1,1,1,1,2,0,0,4,1,1,0,0,1,1,1,1,0.555555555556,1,1,1,37,35,2,0,37,0,35,0,2,17,37,0.136029411765,1.88235294118,4.35294117647,3.36363636364,2.84615384615,1.69341284359,0.389027274878,0.193958664547,2.09866904602,0.964253345467,0.518282988871,1.87867287326,0.863174022847,0.470588235294,0.786197569093,0.41766745858,2.25,1.88235294118,0.786197569093,2.25,0.166339869281,0.0612244897959,3,0.00441176470588,0.185952380952,17,17,17,1,0,0.352941176471,0.411764705882,0.235294117647,17,0.128676470588,1.90196078431,4.11764705882,3.18181818182,2.69230769231,1.57648156274,0.382859808093,0.201680672269,2.01465221053,0.978545359402,0.524369747899,1.74894926439,0.849489642704,0.463865546218,0.814492905316,0.428238537847,2.33333333333,1.90196078431,0.814492905316,2.33333333333,0,0,0,0,0.164242424242,17,17,17,1,0,0.352941176471,0.411764705882,0.235294117647,17,37,0.136029411765,1.88235294118,4.35294117647,3.36363636364,2.84615384615,1.69341284359,0.389027274878,0.193958664547,2.09866904602,0.964253345467,0.518282988871,1.87867287326,0.863174022847,0.470588235294,0.786197569093,0.41766745858,2.25,1.88235294118,0.786197569093,2.25,0.166339869281,0.0612244897959,3,0.00441176470588,0.185952380952,17,17,17,1,0,0.352941176471,0.411764705882,0.235294117647,0,0,0,0,0,0,0,0,0,0,0,0,0,0,0,0,0,0,0,0,0,0,0,0,0,0,0,0,0,37,0,0,235,1,1,0,0,1,1,1,1,1,1,2,2,0,0,0,0
1109,WLNM_dir_neg,1,0.5,00:00:01,10,30,24,1981780297,threshold_sweep,0.2,1,1,1,2,0,0,4,1,1,0,0,1,1,1,1,0.555555555556,1,1,1,37,35,2,0,37,0,35,0,2,17,37,0.136029411765,1.88235294118,4.35294117647,3.36363636364,2.84615384615,1.69341284359,0.389027274878,0.193958664547,2.09866904602,0.964253345467,0.518282988871,1.87867287326,0.863174022847,0.470588235294,0.786197569093,0.41766745858,2.25,1.88235294118,0.786197569093,2.25,0.166339869281,0.0612244897959,3,0.00441176470588,0.185952380952,17,17,17,1,0,0.352941176471,0.411764705882,0.235294117647,17,0.128676470588,1.90196078431,4.11764705882,3.18181818182,2.69230769231,1.57648156274,0.382859808093,0.201680672269,2.01465221053,0.978545359402,0.524369747899,1.74894926439,0.849489642704,0.463865546218,0.814492905316,0.428238537847,2.33333333333,1.90196078431,0.814492905316,2.33333333333,0,0,0,0,0.164242424242,17,17,17,1,0,0.352941176471,0.411764705882,0.235294117647,17,37,0.136029411765,1.88235294118,4.35294117647,3.36363636364,2.84615384615,1.69341284359,0.389027274878,0.193958664547,2.09866904602,0.964253345467,0.518282988871,1.87867287326,0.863174022847,0.470588235294,0.786197569093,0.41766745858,2.25,1.88235294118,0.786197569093,2.25,0.166339869281,0.0612244897959,3,0.00441176470588,0.185952380952,17,17,17,1,0,0.352941176471,0.411764705882,0.235294117647,0,0,0,0,0,0,0,0,0,0,0,0,0,0,0,0,0,0,0,0,0,0,0,0,0,0,0,0,0,37,0,0,235,1,1,0,0,1,1,1,1,1,1,2,2,0,0,0,0
1110,WLNM_dir_neg,1,0.5,00:00:01,10,30,24,1981780297,threshold_sweep,0.3,1,1,1,2,0,0,4,1,1,0,0,1,1,1,1,0.555555555556,1,1,1,37,35,2,0,37,0,35,0,2,17,37,0.136029411765,1.88235294118,4.35294117647,3.36363636364,2.84615384615,1.69341284359,0.389027274878,0.193958664547,2.09866904602,0.964253345467,0.518282988871,1.87867287326,0.863174022847,0.470588235294,0.786197569093,0.41766745858,2.25,1.88235294118,0.786197569093,2.25,0.166339869281,0.0612244897959,3,0.00441176470588,0.185952380952,17,17,17,1,0,0.352941176471,0.411764705882,0.235294117647,17,0.128676470588,1.90196078431,4.11764705882,3.18181818182,2.69230769231,1.57648156274,0.382859808093,0.201680672269,2.01465221053,0.978545359402,0.524369747899,1.74894926439,0.849489642704,0.463865546218,0.814492905316,0.428238537847,2.33333333333,1.90196078431,0.814492905316,2.33333333333,0,0,0,0,0.164242424242,17,17,17,1,0,0.352941176471,0.411764705882,0.235294117647,17,37,0.136029411765,1.88235294118,4.35294117647,3.36363636364,2.84615384615,1.69341284359,0.389027274878,0.193958664547,2.09866904602,0.964253345467,0.518282988871,1.87867287326,0.863174022847,0.470588235294,0.786197569093,0.41766745858,2.25,1.88235294118,0.786197569093,2.25,0.166339869281,0.0612244897959,3,0.00441176470588,0.185952380952,17,17,17,1,0,0.352941176471,0.411764705882,0.235294117647,0,0,0,0,0,0,0,0,0,0,0,0,0,0,0,0,0,0,0,0,0,0,0,0,0,0,0,0,0,37,0,0,235,1,1,0,0,1,1,1,1,1,1,2,2,0,0,0,0
1111,WLNM_dir_neg,1,0.5,00:00:01,10,30,24,1981780297,threshold_sweep,0.4,1,1,1,2,0,0,4,1,1,0,0,1,1,1,1,0.555555555556,1,1,1,37,35,2,0,37,0,35,0,2,17,37,0.136029411765,1.88235294118,4.35294117647,3.36363636364,2.84615384615,1.69341284359,0.389027274878,0.193958664547,2.09866904602,0.964253345467,0.518282988871,1.87867287326,0.863174022847,0.470588235294,0.786197569093,0.41766745858,2.25,1.88235294118,0.786197569093,2.25,0.166339869281,0.0612244897959,3,0.00441176470588,0.185952380952,17,17,17,1,0,0.352941176471,0.411764705882,0.235294117647,17,0.128676470588,1.90196078431,4.11764705882,3.18181818182,2.69230769231,1.57648156274,0.382859808093,0.201680672269,2.01465221053,0.978545359402,0.524369747899,1.74894926439,0.849489642704,0.463865546218,0.814492905316,0.428238537847,2.33333333333,1.90196078431,0.814492905316,2.33333333333,0,0,0,0,0.164242424242,17,17,17,1,0,0.352941176471,0.411764705882,0.235294117647,17,37,0.136029411765,1.88235294118,4.35294117647,3.36363636364,2.84615384615,1.69341284359,0.389027274878,0.193958664547,2.09866904602,0.964253345467,0.518282988871,1.87867287326,0.863174022847,0.470588235294,0.786197569093,0.41766745858,2.25,1.88235294118,0.786197569093,2.25,0.166339869281,0.0612244897959,3,0.00441176470588,0.185952380952,17,17,17,1,0,0.352941176471,0.411764705882,0.235294117647,0,0,0,0,0,0,0,0,0,0,0,0,0,0,0,0,0,0,0,0,0,0,0,0,0,0,0,0,0,37,0,0,235,1,1,0,0,1,1,1,1,1,1,2,2,0,0,0,0
1112,WLNM_dir_neg,1,0.5,00:00:01,10,30,24,1981780297,threshold_sweep,0.5,1,1,1,2,0,0,4,1,1,0,0,1,1,1,1,0.555555555556,1,1,1,37,35,2,0,37,0,35,0,2,17,37,0.136029411765,1.88235294118,4.35294117647,3.36363636364,2.84615384615,1.69341284359,0.389027274878,0.193958664547,2.09866904602,0.964253345467,0.518282988871,1.87867287326,0.863174022847,0.470588235294,0.786197569093,0.41766745858,2.25,1.88235294118,0.786197569093,2.25,0.166339869281,0.0612244897959,3,0.00441176470588,0.185952380952,17,17,17,1,0,0.352941176471,0.411764705882,0.235294117647,17,0.128676470588,1.90196078431,4.11764705882,3.18181818182,2.69230769231,1.57648156274,0.382859808093,0.201680672269,2.01465221053,0.978545359402,0.524369747899,1.74894926439,0.849489642704,0.463865546218,0.814492905316,0.428238537847,2.33333333333,1.90196078431,0.814492905316,2.33333333333,0,0,0,0,0.164242424242,17,17,17,1,0,0.352941176471,0.411764705882,0.235294117647,17,37,0.136029411765,1.88235294118,4.35294117647,3.36363636364,2.84615384615,1.69341284359,0.389027274878,0.193958664547,2.09866904602,0.964253345467,0.518282988871,1.87867287326,0.863174022847,0.470588235294,0.786197569093,0.41766745858,2.25,1.88235294118,0.786197569093,2.25,0.166339869281,0.0612244897959,3,0.00441176470588,0.185952380952,17,17,17,1,0,0.352941176471,0.411764705882,0.235294117647,0,0,0,0,0,0,0,0,0,0,0,0,0,0,0,0,0,0,0,0,0,0,0,0,0,0,0,0,0,37,0,0,235,1,1,0,0,1,1,1,1,1,1,2,2,0,0,0,0
1113,WLNM_dir_neg,1,0.5,00:00:01,10,30,24,1981780297,threshold_sweep,0.6,1,1,1,2,0,0,4,1,1,0,0,1,1,1,1,0.555555555556,1,1,1,37,35,2,0,37,0,35,0,2,17,37,0.136029411765,1.88235294118,4.35294117647,3.36363636364,2.84615384615,1.69341284359,0.389027274878,0.193958664547,2.09866904602,0.964253345467,0.518282988871,1.87867287326,0.863174022847,0.470588235294,0.786197569093,0.41766745858,2.25,1.88235294118,0.786197569093,2.25,0.166339869281,0.0612244897959,3,0.00441176470588,0.185952380952,17,17,17,1,0,0.352941176471,0.411764705882,0.235294117647,17,0.128676470588,1.90196078431,4.11764705882,3.18181818182,2.69230769231,1.57648156274,0.382859808093,0.201680672269,2.01465221053,0.978545359402,0.524369747899,1.74894926439,0.849489642704,0.463865546218,0.814492905316,0.428238537847,2.33333333333,1.90196078431,0.814492905316,2.33333333333,0,0,0,0,0.164242424242,17,17,17,1,0,0.352941176471,0.411764705882,0.235294117647,17,37,0.136029411765,1.88235294118,4.35294117647,3.36363636364,2.84615384615,1.69341284359,0.389027274878,0.193958664547,2.09866904602,0.964253345467,0.518282988871,1.87867287326,0.863174022847,0.470588235294,0.786197569093,0.41766745858,2.25,1.88235294118,0.786197569093,2.25,0.166339869281,0.0612244897959,3,0.00441176470588,0.185952380952,17,17,17,1,0,0.352941176471,0.411764705882,0.235294117647,0,0,0,0,0,0,0,0,0,0,0,0,0,0,0,0,0,0,0,0,0,0,0,0,0,0,0,0,0,37,0,0,235,1,1,0,0,1,1,1,1,1,1,2,2,0,0,0,0
1114,WLNM_dir_neg,1,0.5,00:00:01,10,30,24,1981780297,threshold_sweep,0.7,1,1,1,2,0,0,4,1,1,0,0,1,1,1,1,0.555555555556,1,1,1,37,35,2,0,37,0,35,0,2,17,37,0.136029411765,1.88235294118,4.35294117647,3.36363636364,2.84615384615,1.69341284359,0.389027274878,0.193958664547,2.09866904602,0.964253345467,0.518282988871,1.87867287326,0.863174022847,0.470588235294,0.786197569093,0.41766745858,2.25,1.88235294118,0.786197569093,2.25,0.166339869281,0.0612244897959,3,0.00441176470588,0.185952380952,17,17,17,1,0,0.352941176471,0.411764705882,0.235294117647,17,0.128676470588,1.90196078431,4.11764705882,3.18181818182,2.69230769231,1.57648156274,0.382859808093,0.201680672269,2.01465221053,0.978545359402,0.524369747899,1.74894926439,0.849489642704,0.463865546218,0.814492905316,0.428238537847,2.33333333333,1.90196078431,0.814492905316,2.33333333333,0,0,0,0,0.164242424242,17,17,17,1,0,0.352941176471,0.411764705882,0.235294117647,17,37,0.136029411765,1.88235294118,4.35294117647,3.36363636364,2.84615384615,1.69341284359,0.389027274878,0.193958664547,2.09866904602,0.964253345467,0.518282988871,1.87867287326,0.863174022847,0.470588235294,0.786197569093,0.41766745858,2.25,1.88235294118,0.786197569093,2.25,0.166339869281,0.0612244897959,3,0.00441176470588,0.185952380952,17,17,17,1,0,0.352941176471,0.411764705882,0.235294117647,0,0,0,0,0,0,0,0,0,0,0,0,0,0,0,0,0,0,0,0,0,0,0,0,0,0,0,0,0,37,0,0,235,1,1,0,0,1,1,1,1,1,1,2,2,0,0,0,0
1115,WLNM_dir_neg,1,0.5,00:00:01,10,30,24,1981780297,threshold_sweep,0.8,1,1,1,2,0,0,4,1,1,0,0,1,1,1,1,0.555555555556,1,1,1,37,35,2,0,37,0,35,0,2,17,37,0.136029411765,1.88235294118,4.35294117647,3.36363636364,2.84615384615,1.69341284359,0.389027274878,0.193958664547,2.09866904602,0.964253345467,0.518282988871,1.87867287326,0.863174022847,0.470588235294,0.786197569093,0.41766745858,2.25,1.88235294118,0.786197569093,2.25,0.166339869281,0.0612244897959,3,0.00441176470588,0.185952380952,17,17,17,1,0,0.352941176471,0.411764705882,0.235294117647,17,0.128676470588,1.90196078431,4.11764705882,3.18181818182,2.69230769231,1.57648156274,0.382859808093,0.201680672269,2.01465221053,0.978545359402,0.524369747899,1.74894926439,0.849489642704,0.463865546218,0.814492905316,0.428238537847,2.33333333333,1.90196078431,0.814492905316,2.33333333333,0,0,0,0,0.164242424242,17,17,17,1,0,0.352941176471,0.411764705882,0.235294117647,17,37,0.136029411765,1.88235294118,4.35294117647,3.36363636364,2.84615384615,1.69341284359,0.389027274878,0.193958664547,2.09866904602,0.964253345467,0.518282988871,1.87867287326,0.863174022847,0.470588235294,0.786197569093,0.41766745858,2.25,1.88235294118,0.786197569093,2.25,0.166339869281,0.0612244897959,3,0.00441176470588,0.185952380952,17,17,17,1,0,0.352941176471,0.411764705882,0.235294117647,0,0,0,0,0,0,0,0,0,0,0,0,0,0,0,0,0,0,0,0,0,0,0,0,0,0,0,0,0,37,0,0,235,1,1,0,0,1,1,1,1,1,1,2,2,0,0,0,0
1116,WLNM_dir_neg,1,0.5,00:00:01,10,30,24,1981780297,threshold_sweep,0.9,1,1,1,2,0,0,4,1,1,0,0,1,1,1,1,0.555555555556,1,1,1,37,35,2,0,37,0,35,0,2,17,37,0.136029411765,1.88235294118,4.35294117647,3.36363636364,2.84615384615,1.69341284359,0.389027274878,0.193958664547,2.09866904602,0.964253345467,0.518282988871,1.87867287326,0.863174022847,0.470588235294,0.786197569093,0.41766745858,2.25,1.88235294118,0.786197569093,2.25,0.166339869281,0.0612244897959,3,0.00441176470588,0.185952380952,17,17,17,1,0,0.352941176471,0.411764705882,0.235294117647,17,0.128676470588,1.90196078431,4.11764705882,3.18181818182,2.69230769231,1.57648156274,0.382859808093,0.201680672269,2.01465221053,0.978545359402,0.524369747899,1.74894926439,0.849489642704,0.463865546218,0.814492905316,0.428238537847,2.33333333333,1.90196078431,0.814492905316,2.33333333333,0,0,0,0,0.164242424242,17,17,17,1,0,0.352941176471,0.411764705882,0.235294117647,17,37,0.136029411765,1.88235294118,4.35294117647,3.36363636364,2.84615384615,1.69341284359,0.389027274878,0.193958664547,2.09866904602,0.964253345467,0.518282988871,1.87867287326,0.863174022847,0.470588235294,0.786197569093,0.41766745858,2.25,1.88235294118,0.786197569093,2.25,0.166339869281,0.0612244897959,3,0.00441176470588,0.185952380952,17,17,17,1,0,0.352941176471,0.411764705882,0.235294117647,0,0,0,0,0,0,0,0,0,0,0,0,0,0,0,0,0,0,0,0,0,0,0,0,0,0,0,0,0,37,0,0,235,1,1,0,0,1,1,1,1,1,1,2,2,0,0,0,0
1117,WLNM_dir_neg,1,0.5,00:00:01,10,30,25,1981780298,threshold_sweep,0.1,1,1,1,2,0,0,4,1,1,0,0,1,1,1,1,0.555555555556,1,1,1,37,35,2,0,37,0,35,0,2,17,37,0.136029411765,1.88235294118,4.35294117647,3.36363636364,2.84615384615,1.69341284359,0.389027274878,0.193958664547,2.09866904602,0.964253345467,0.518282988871,1.87867287326,0.863174022847,0.470588235294,0.786197569093,0.41766745858,2.25,1.88235294118,0.786197569093,2.25,0.166339869281,0.0612244897959,3,0.00441176470588,0.185952380952,17,17,17,1,0,0.352941176471,0.411764705882,0.235294117647,17,0.128676470588,1.90196078431,4.11764705882,3.18181818182,2.69230769231,1.57648156274,0.382859808093,0.201680672269,2.01465221053,0.978545359402,0.524369747899,1.74894926439,0.849489642704,0.463865546218,0.814492905316,0.428238537847,2.33333333333,1.90196078431,0.814492905316,2.33333333333,0,0,0,0,0.164242424242,17,17,17,1,0,0.352941176471,0.411764705882,0.235294117647,17,37,0.136029411765,1.88235294118,4.35294117647,3.36363636364,2.84615384615,1.69341284359,0.389027274878,0.193958664547,2.09866904602,0.964253345467,0.518282988871,1.87867287326,0.863174022847,0.470588235294,0.786197569093,0.41766745858,2.25,1.88235294118,0.786197569093,2.25,0.166339869281,0.0612244897959,3,0.00441176470588,0.185952380952,17,17,17,1,0,0.352941176471,0.411764705882,0.235294117647,0,0,0,0,0,0,0,0,0,0,0,0,0,0,0,0,0,0,0,0,0,0,0,0,0,0,0,0,0,37,0,0,235,1,1,0,0,1,1,1,1,1,1,2,2,0,0,0,0
1118,WLNM_dir_neg,1,0.5,00:00:01,10,30,25,1981780298,threshold_sweep,0.2,1,1,1,2,0,0,4,1,1,0,0,1,1,1,1,0.555555555556,1,1,1,37,35,2,0,37,0,35,0,2,17,37,0.136029411765,1.88235294118,4.35294117647,3.36363636364,2.84615384615,1.69341284359,0.389027274878,0.193958664547,2.09866904602,0.964253345467,0.518282988871,1.87867287326,0.863174022847,0.470588235294,0.786197569093,0.41766745858,2.25,1.88235294118,0.786197569093,2.25,0.166339869281,0.0612244897959,3,0.00441176470588,0.185952380952,17,17,17,1,0,0.352941176471,0.411764705882,0.235294117647,17,0.128676470588,1.90196078431,4.11764705882,3.18181818182,2.69230769231,1.57648156274,0.382859808093,0.201680672269,2.01465221053,0.978545359402,0.524369747899,1.74894926439,0.849489642704,0.463865546218,0.814492905316,0.428238537847,2.33333333333,1.90196078431,0.814492905316,2.33333333333,0,0,0,0,0.164242424242,17,17,17,1,0,0.352941176471,0.411764705882,0.235294117647,17,37,0.136029411765,1.88235294118,4.35294117647,3.36363636364,2.84615384615,1.69341284359,0.389027274878,0.193958664547,2.09866904602,0.964253345467,0.518282988871,1.87867287326,0.863174022847,0.470588235294,0.786197569093,0.41766745858,2.25,1.88235294118,0.786197569093,2.25,0.166339869281,0.0612244897959,3,0.00441176470588,0.185952380952,17,17,17,1,0,0.352941176471,0.411764705882,0.235294117647,0,0,0,0,0,0,0,0,0,0,0,0,0,0,0,0,0,0,0,0,0,0,0,0,0,0,0,0,0,37,0,0,235,1,1,0,0,1,1,1,1,1,1,2,2,0,0,0,0
1119,WLNM_dir_neg,1,0.5,00:00:01,10,30,25,1981780298,threshold_sweep,0.3,1,1,1,2,0,0,4,1,1,0,0,1,1,1,1,0.555555555556,1,1,1,37,35,2,0,37,0,35,0,2,17,37,0.136029411765,1.88235294118,4.35294117647,3.36363636364,2.84615384615,1.69341284359,0.389027274878,0.193958664547,2.09866904602,0.964253345467,0.518282988871,1.87867287326,0.863174022847,0.470588235294,0.786197569093,0.41766745858,2.25,1.88235294118,0.786197569093,2.25,0.166339869281,0.0612244897959,3,0.00441176470588,0.185952380952,17,17,17,1,0,0.352941176471,0.411764705882,0.235294117647,17,0.128676470588,1.90196078431,4.11764705882,3.18181818182,2.69230769231,1.57648156274,0.382859808093,0.201680672269,2.01465221053,0.978545359402,0.524369747899,1.74894926439,0.849489642704,0.463865546218,0.814492905316,0.428238537847,2.33333333333,1.90196078431,0.814492905316,2.33333333333,0,0,0,0,0.164242424242,17,17,17,1,0,0.352941176471,0.411764705882,0.235294117647,17,37,0.136029411765,1.88235294118,4.35294117647,3.36363636364,2.84615384615,1.69341284359,0.389027274878,0.193958664547,2.09866904602,0.964253345467,0.518282988871,1.87867287326,0.863174022847,0.470588235294,0.786197569093,0.41766745858,2.25,1.88235294118,0.786197569093,2.25,0.166339869281,0.0612244897959,3,0.00441176470588,0.185952380952,17,17,17,1,0,0.352941176471,0.411764705882,0.235294117647,0,0,0,0,0,0,0,0,0,0,0,0,0,0,0,0,0,0,0,0,0,0,0,0,0,0,0,0,0,37,0,0,235,1,1,0,0,1,1,1,1,1,1,2,2,0,0,0,0
1120,WLNM_dir_neg,1,0.5,00:00:01,10,30,25,1981780298,threshold_sweep,0.4,1,1,1,2,0,0,4,1,1,0,0,1,1,1,1,0.555555555556,1,1,1,37,35,2,0,37,0,35,0,2,17,37,0.136029411765,1.88235294118,4.35294117647,3.36363636364,2.84615384615,1.69341284359,0.389027274878,0.193958664547,2.09866904602,0.964253345467,0.518282988871,1.87867287326,0.863174022847,0.470588235294,0.786197569093,0.41766745858,2.25,1.88235294118,0.786197569093,2.25,0.166339869281,0.0612244897959,3,0.00441176470588,0.185952380952,17,17,17,1,0,0.352941176471,0.411764705882,0.235294117647,17,0.128676470588,1.90196078431,4.11764705882,3.18181818182,2.69230769231,1.57648156274,0.382859808093,0.201680672269,2.01465221053,0.978545359402,0.524369747899,1.74894926439,0.849489642704,0.463865546218,0.814492905316,0.428238537847,2.33333333333,1.90196078431,0.814492905316,2.33333333333,0,0,0,0,0.164242424242,17,17,17,1,0,0.352941176471,0.411764705882,0.235294117647,17,37,0.136029411765,1.88235294118,4.35294117647,3.36363636364,2.84615384615,1.69341284359,0.389027274878,0.193958664547,2.09866904602,0.964253345467,0.518282988871,1.87867287326,0.863174022847,0.470588235294,0.786197569093,0.41766745858,2.25,1.88235294118,0.786197569093,2.25,0.166339869281,0.0612244897959,3,0.00441176470588,0.185952380952,17,17,17,1,0,0.352941176471,0.411764705882,0.235294117647,0,0,0,0,0,0,0,0,0,0,0,0,0,0,0,0,0,0,0,0,0,0,0,0,0,0,0,0,0,37,0,0,235,1,1,0,0,1,1,1,1,1,1,2,2,0,0,0,0
1121,WLNM_dir_neg,1,0.5,00:00:01,10,30,25,1981780298,threshold_sweep,0.5,1,1,1,2,0,0,4,1,1,0,0,1,1,1,1,0.555555555556,1,1,1,37,35,2,0,37,0,35,0,2,17,37,0.136029411765,1.88235294118,4.35294117647,3.36363636364,2.84615384615,1.69341284359,0.389027274878,0.193958664547,2.09866904602,0.964253345467,0.518282988871,1.87867287326,0.863174022847,0.470588235294,0.786197569093,0.41766745858,2.25,1.88235294118,0.786197569093,2.25,0.166339869281,0.0612244897959,3,0.00441176470588,0.185952380952,17,17,17,1,0,0.352941176471,0.411764705882,0.235294117647,17,0.128676470588,1.90196078431,4.11764705882,3.18181818182,2.69230769231,1.57648156274,0.382859808093,0.201680672269,2.01465221053,0.978545359402,0.524369747899,1.74894926439,0.849489642704,0.463865546218,0.814492905316,0.428238537847,2.33333333333,1.90196078431,0.814492905316,2.33333333333,0,0,0,0,0.164242424242,17,17,17,1,0,0.352941176471,0.411764705882,0.235294117647,17,37,0.136029411765,1.88235294118,4.35294117647,3.36363636364,2.84615384615,1.69341284359,0.389027274878,0.193958664547,2.09866904602,0.964253345467,0.518282988871,1.87867287326,0.863174022847,0.470588235294,0.786197569093,0.41766745858,2.25,1.88235294118,0.786197569093,2.25,0.166339869281,0.0612244897959,3,0.00441176470588,0.185952380952,17,17,17,1,0,0.352941176471,0.411764705882,0.235294117647,0,0,0,0,0,0,0,0,0,0,0,0,0,0,0,0,0,0,0,0,0,0,0,0,0,0,0,0,0,37,0,0,235,1,1,0,0,1,1,1,1,1,1,2,2,0,0,0,0
1122,WLNM_dir_neg,1,0.5,00:00:01,10,30,25,1981780298,threshold_sweep,0.6,1,1,1,2,0,0,4,1,1,0,0,1,1,1,1,0.555555555556,1,1,1,37,35,2,0,37,0,35,0,2,17,37,0.136029411765,1.88235294118,4.35294117647,3.36363636364,2.84615384615,1.69341284359,0.389027274878,0.193958664547,2.09866904602,0.964253345467,0.518282988871,1.87867287326,0.863174022847,0.470588235294,0.786197569093,0.41766745858,2.25,1.88235294118,0.786197569093,2.25,0.166339869281,0.0612244897959,3,0.00441176470588,0.185952380952,17,17,17,1,0,0.352941176471,0.411764705882,0.235294117647,17,0.128676470588,1.90196078431,4.11764705882,3.18181818182,2.69230769231,1.57648156274,0.382859808093,0.201680672269,2.01465221053,0.978545359402,0.524369747899,1.74894926439,0.849489642704,0.463865546218,0.814492905316,0.428238537847,2.33333333333,1.90196078431,0.814492905316,2.33333333333,0,0,0,0,0.164242424242,17,17,17,1,0,0.352941176471,0.411764705882,0.235294117647,17,37,0.136029411765,1.88235294118,4.35294117647,3.36363636364,2.84615384615,1.69341284359,0.389027274878,0.193958664547,2.09866904602,0.964253345467,0.518282988871,1.87867287326,0.863174022847,0.470588235294,0.786197569093,0.41766745858,2.25,1.88235294118,0.786197569093,2.25,0.166339869281,0.0612244897959,3,0.00441176470588,0.185952380952,17,17,17,1,0,0.352941176471,0.411764705882,0.235294117647,0,0,0,0,0,0,0,0,0,0,0,0,0,0,0,0,0,0,0,0,0,0,0,0,0,0,0,0,0,37,0,0,235,1,1,0,0,1,1,1,1,1,1,2,2,0,0,0,0
1123,WLNM_dir_neg,1,0.5,00:00:01,10,30,25,1981780298,threshold_sweep,0.7,1,1,1,2,0,0,4,1,1,0,0,1,1,1,1,0.555555555556,1,1,1,37,35,2,0,37,0,35,0,2,17,37,0.136029411765,1.88235294118,4.35294117647,3.36363636364,2.84615384615,1.69341284359,0.389027274878,0.193958664547,2.09866904602,0.964253345467,0.518282988871,1.87867287326,0.863174022847,0.470588235294,0.786197569093,0.41766745858,2.25,1.88235294118,0.786197569093,2.25,0.166339869281,0.0612244897959,3,0.00441176470588,0.185952380952,17,17,17,1,0,0.352941176471,0.411764705882,0.235294117647,17,0.128676470588,1.90196078431,4.11764705882,3.18181818182,2.69230769231,1.57648156274,0.382859808093,0.201680672269,2.01465221053,0.978545359402,0.524369747899,1.74894926439,0.849489642704,0.463865546218,0.814492905316,0.428238537847,2.33333333333,1.90196078431,0.814492905316,2.33333333333,0,0,0,0,0.164242424242,17,17,17,1,0,0.352941176471,0.411764705882,0.235294117647,17,37,0.136029411765,1.88235294118,4.35294117647,3.36363636364,2.84615384615,1.69341284359,0.389027274878,0.193958664547,2.09866904602,0.964253345467,0.518282988871,1.87867287326,0.863174022847,0.470588235294,0.786197569093,0.41766745858,2.25,1.88235294118,0.786197569093,2.25,0.166339869281,0.0612244897959,3,0.00441176470588,0.185952380952,17,17,17,1,0,0.352941176471,0.411764705882,0.235294117647,0,0,0,0,0,0,0,0,0,0,0,0,0,0,0,0,0,0,0,0,0,0,0,0,0,0,0,0,0,37,0,0,235,1,1,0,0,1,1,1,1,1,1,2,2,0,0,0,0
1124,WLNM_dir_neg,1,0.5,00:00:01,10,30,25,1981780298,threshold_sweep,0.8,1,1,1,2,0,0,4,1,1,0,0,1,1,1,1,0.555555555556,1,1,1,37,35,2,0,37,0,35,0,2,17,37,0.136029411765,1.88235294118,4.35294117647,3.36363636364,2.84615384615,1.69341284359,0.389027274878,0.193958664547,2.09866904602,0.964253345467,0.518282988871,1.87867287326,0.863174022847,0.470588235294,0.786197569093,0.41766745858,2.25,1.88235294118,0.786197569093,2.25,0.166339869281,0.0612244897959,3,0.00441176470588,0.185952380952,17,17,17,1,0,0.352941176471,0.411764705882,0.235294117647,17,0.128676470588,1.90196078431,4.11764705882,3.18181818182,2.69230769231,1.57648156274,0.382859808093,0.201680672269,2.01465221053,0.978545359402,0.524369747899,1.74894926439,0.849489642704,0.463865546218,0.814492905316,0.428238537847,2.33333333333,1.90196078431,0.814492905316,2.33333333333,0,0,0,0,0.164242424242,17,17,17,1,0,0.352941176471,0.411764705882,0.235294117647,17,37,0.136029411765,1.88235294118,4.35294117647,3.36363636364,2.84615384615,1.69341284359,0.389027274878,0.193958664547,2.09866904602,0.964253345467,0.518282988871,1.87867287326,0.863174022847,0.470588235294,0.786197569093,0.41766745858,2.25,1.88235294118,0.786197569093,2.25,0.166339869281,0.0612244897959,3,0.00441176470588,0.185952380952,17,17,17,1,0,0.352941176471,0.411764705882,0.235294117647,0,0,0,0,0,0,0,0,0,0,0,0,0,0,0,0,0,0,0,0,0,0,0,0,0,0,0,0,0,37,0,0,235,1,1,0,0,1,1,1,1,1,1,2,2,0,0,0,0
1125,WLNM_dir_neg,1,0.5,00:00:01,10,30,25,1981780298,threshold_sweep,0.9,1,1,1,2,0,0,4,1,1,0,0,1,1,1,1,0.555555555556,1,1,1,37,35,2,0,37,0,35,0,2,17,37,0.136029411765,1.88235294118,4.35294117647,3.36363636364,2.84615384615,1.69341284359,0.389027274878,0.193958664547,2.09866904602,0.964253345467,0.518282988871,1.87867287326,0.863174022847,0.470588235294,0.786197569093,0.41766745858,2.25,1.88235294118,0.786197569093,2.25,0.166339869281,0.0612244897959,3,0.00441176470588,0.185952380952,17,17,17,1,0,0.352941176471,0.411764705882,0.235294117647,17,0.128676470588,1.90196078431,4.11764705882,3.18181818182,2.69230769231,1.57648156274,0.382859808093,0.201680672269,2.01465221053,0.978545359402,0.524369747899,1.74894926439,0.849489642704,0.463865546218,0.814492905316,0.428238537847,2.33333333333,1.90196078431,0.814492905316,2.33333333333,0,0,0,0,0.164242424242,17,17,17,1,0,0.352941176471,0.411764705882,0.235294117647,17,37,0.136029411765,1.88235294118,4.35294117647,3.36363636364,2.84615384615,1.69341284359,0.389027274878,0.193958664547,2.09866904602,0.964253345467,0.518282988871,1.87867287326,0.863174022847,0.470588235294,0.786197569093,0.41766745858,2.25,1.88235294118,0.786197569093,2.25,0.166339869281,0.0612244897959,3,0.00441176470588,0.185952380952,17,17,17,1,0,0.352941176471,0.411764705882,0.235294117647,0,0,0,0,0,0,0,0,0,0,0,0,0,0,0,0,0,0,0,0,0,0,0,0,0,0,0,0,0,37,0,0,235,1,1,0,0,1,1,1,1,1,1,2,2,0,0,0,0
1126,WLNM_dir_neg,1,0.5,00:00:01,10,30,26,1981780299,threshold_sweep,0.1,1,1,1,2,0,0,4,1,1,0,0,1,1,1,1,0.555555555556,1,1,1,37,35,2,0,37,0,35,0,2,17,37,0.136029411765,1.88235294118,4.35294117647,3.36363636364,2.84615384615,1.69341284359,0.389027274878,0.193958664547,2.09866904602,0.964253345467,0.518282988871,1.87867287326,0.863174022847,0.470588235294,0.786197569093,0.41766745858,2.25,1.88235294118,0.786197569093,2.25,0.166339869281,0.0612244897959,3,0.00441176470588,0.185952380952,17,17,17,1,0,0.352941176471,0.411764705882,0.235294117647,17,0.128676470588,1.90196078431,4.11764705882,3.18181818182,2.69230769231,1.57648156274,0.382859808093,0.201680672269,2.01465221053,0.978545359402,0.524369747899,1.74894926439,0.849489642704,0.463865546218,0.814492905316,0.428238537847,2.33333333333,1.90196078431,0.814492905316,2.33333333333,0,0,0,0,0.164242424242,17,17,17,1,0,0.352941176471,0.411764705882,0.235294117647,17,37,0.136029411765,1.88235294118,4.35294117647,3.36363636364,2.84615384615,1.69341284359,0.389027274878,0.193958664547,2.09866904602,0.964253345467,0.518282988871,1.87867287326,0.863174022847,0.470588235294,0.786197569093,0.41766745858,2.25,1.88235294118,0.786197569093,2.25,0.166339869281,0.0612244897959,3,0.00441176470588,0.185952380952,17,17,17,1,0,0.352941176471,0.411764705882,0.235294117647,0,0,0,0,0,0,0,0,0,0,0,0,0,0,0,0,0,0,0,0,0,0,0,0,0,0,0,0,0,37,0,0,235,1,1,0,0,1,1,1,1,1,1,2,2,0,0,0,0
1127,WLNM_dir_neg,1,0.5,00:00:01,10,30,26,1981780299,threshold_sweep,0.2,1,1,1,2,0,0,4,1,1,0,0,1,1,1,1,0.555555555556,1,1,1,37,35,2,0,37,0,35,0,2,17,37,0.136029411765,1.88235294118,4.35294117647,3.36363636364,2.84615384615,1.69341284359,0.389027274878,0.193958664547,2.09866904602,0.964253345467,0.518282988871,1.87867287326,0.863174022847,0.470588235294,0.786197569093,0.41766745858,2.25,1.88235294118,0.786197569093,2.25,0.166339869281,0.0612244897959,3,0.00441176470588,0.185952380952,17,17,17,1,0,0.352941176471,0.411764705882,0.235294117647,17,0.128676470588,1.90196078431,4.11764705882,3.18181818182,2.69230769231,1.57648156274,0.382859808093,0.201680672269,2.01465221053,0.978545359402,0.524369747899,1.74894926439,0.849489642704,0.463865546218,0.814492905316,0.428238537847,2.33333333333,1.90196078431,0.814492905316,2.33333333333,0,0,0,0,0.164242424242,17,17,17,1,0,0.352941176471,0.411764705882,0.235294117647,17,37,0.136029411765,1.88235294118,4.35294117647,3.36363636364,2.84615384615,1.69341284359,0.389027274878,0.193958664547,2.09866904602,0.964253345467,0.518282988871,1.87867287326,0.863174022847,0.470588235294,0.786197569093,0.41766745858,2.25,1.88235294118,0.786197569093,2.25,0.166339869281,0.0612244897959,3,0.00441176470588,0.185952380952,17,17,17,1,0,0.352941176471,0.411764705882,0.235294117647,0,0,0,0,0,0,0,0,0,0,0,0,0,0,0,0,0,0,0,0,0,0,0,0,0,0,0,0,0,37,0,0,235,1,1,0,0,1,1,1,1,1,1,2,2,0,0,0,0
1128,WLNM_dir_neg,1,0.5,00:00:01,10,30,26,1981780299,threshold_sweep,0.3,1,1,1,2,0,0,4,1,1,0,0,1,1,1,1,0.555555555556,1,1,1,37,35,2,0,37,0,35,0,2,17,37,0.136029411765,1.88235294118,4.35294117647,3.36363636364,2.84615384615,1.69341284359,0.389027274878,0.193958664547,2.09866904602,0.964253345467,0.518282988871,1.87867287326,0.863174022847,0.470588235294,0.786197569093,0.41766745858,2.25,1.88235294118,0.786197569093,2.25,0.166339869281,0.0612244897959,3,0.00441176470588,0.185952380952,17,17,17,1,0,0.352941176471,0.411764705882,0.235294117647,17,0.128676470588,1.90196078431,4.11764705882,3.18181818182,2.69230769231,1.57648156274,0.382859808093,0.201680672269,2.01465221053,0.978545359402,0.524369747899,1.74894926439,0.849489642704,0.463865546218,0.814492905316,0.428238537847,2.33333333333,1.90196078431,0.814492905316,2.33333333333,0,0,0,0,0.164242424242,17,17,17,1,0,0.352941176471,0.411764705882,0.235294117647,17,37,0.136029411765,1.88235294118,4.35294117647,3.36363636364,2.84615384615,1.69341284359,0.389027274878,0.193958664547,2.09866904602,0.964253345467,0.518282988871,1.87867287326,0.863174022847,0.470588235294,0.786197569093,0.41766745858,2.25,1.88235294118,0.786197569093,2.25,0.166339869281,0.0612244897959,3,0.00441176470588,0.185952380952,17,17,17,1,0,0.352941176471,0.411764705882,0.235294117647,0,0,0,0,0,0,0,0,0,0,0,0,0,0,0,0,0,0,0,0,0,0,0,0,0,0,0,0,0,37,0,0,235,1,1,0,0,1,1,1,1,1,1,2,2,0,0,0,0
1129,WLNM_dir_neg,1,0.5,00:00:01,10,30,26,1981780299,threshold_sweep,0.4,1,1,1,2,0,0,4,1,1,0,0,1,1,1,1,0.555555555556,1,1,1,37,35,2,0,37,0,35,0,2,17,37,0.136029411765,1.88235294118,4.35294117647,3.36363636364,2.84615384615,1.69341284359,0.389027274878,0.193958664547,2.09866904602,0.964253345467,0.518282988871,1.87867287326,0.863174022847,0.470588235294,0.786197569093,0.41766745858,2.25,1.88235294118,0.786197569093,2.25,0.166339869281,0.0612244897959,3,0.00441176470588,0.185952380952,17,17,17,1,0,0.352941176471,0.411764705882,0.235294117647,17,0.128676470588,1.90196078431,4.11764705882,3.18181818182,2.69230769231,1.57648156274,0.382859808093,0.201680672269,2.01465221053,0.978545359402,0.524369747899,1.74894926439,0.849489642704,0.463865546218,0.814492905316,0.428238537847,2.33333333333,1.90196078431,0.814492905316,2.33333333333,0,0,0,0,0.164242424242,17,17,17,1,0,0.352941176471,0.411764705882,0.235294117647,17,37,0.136029411765,1.88235294118,4.35294117647,3.36363636364,2.84615384615,1.69341284359,0.389027274878,0.193958664547,2.09866904602,0.964253345467,0.518282988871,1.87867287326,0.863174022847,0.470588235294,0.786197569093,0.41766745858,2.25,1.88235294118,0.786197569093,2.25,0.166339869281,0.0612244897959,3,0.00441176470588,0.185952380952,17,17,17,1,0,0.352941176471,0.411764705882,0.235294117647,0,0,0,0,0,0,0,0,0,0,0,0,0,0,0,0,0,0,0,0,0,0,0,0,0,0,0,0,0,37,0,0,235,1,1,0,0,1,1,1,1,1,1,2,2,0,0,0,0
1130,WLNM_dir_neg,1,0.5,00:00:01,10,30,26,1981780299,threshold_sweep,0.5,1,1,1,2,0,0,4,1,1,0,0,1,1,1,1,0.555555555556,1,1,1,37,35,2,0,37,0,35,0,2,17,37,0.136029411765,1.88235294118,4.35294117647,3.36363636364,2.84615384615,1.69341284359,0.389027274878,0.193958664547,2.09866904602,0.964253345467,0.518282988871,1.87867287326,0.863174022847,0.470588235294,0.786197569093,0.41766745858,2.25,1.88235294118,0.786197569093,2.25,0.166339869281,0.0612244897959,3,0.00441176470588,0.185952380952,17,17,17,1,0,0.352941176471,0.411764705882,0.235294117647,17,0.128676470588,1.90196078431,4.11764705882,3.18181818182,2.69230769231,1.57648156274,0.382859808093,0.201680672269,2.01465221053,0.978545359402,0.524369747899,1.74894926439,0.849489642704,0.463865546218,0.814492905316,0.428238537847,2.33333333333,1.90196078431,0.814492905316,2.33333333333,0,0,0,0,0.164242424242,17,17,17,1,0,0.352941176471,0.411764705882,0.235294117647,17,37,0.136029411765,1.88235294118,4.35294117647,3.36363636364,2.84615384615,1.69341284359,0.389027274878,0.193958664547,2.09866904602,0.964253345467,0.518282988871,1.87867287326,0.863174022847,0.470588235294,0.786197569093,0.41766745858,2.25,1.88235294118,0.786197569093,2.25,0.166339869281,0.0612244897959,3,0.00441176470588,0.185952380952,17,17,17,1,0,0.352941176471,0.411764705882,0.235294117647,0,0,0,0,0,0,0,0,0,0,0,0,0,0,0,0,0,0,0,0,0,0,0,0,0,0,0,0,0,37,0,0,235,1,1,0,0,1,1,1,1,1,1,2,2,0,0,0,0
1131,WLNM_dir_neg,1,0.5,00:00:01,10,30,26,1981780299,threshold_sweep,0.6,1,1,1,2,0,0,4,1,1,0,0,1,1,1,1,0.555555555556,1,1,1,37,35,2,0,37,0,35,0,2,17,37,0.136029411765,1.88235294118,4.35294117647,3.36363636364,2.84615384615,1.69341284359,0.389027274878,0.193958664547,2.09866904602,0.964253345467,0.518282988871,1.87867287326,0.863174022847,0.470588235294,0.786197569093,0.41766745858,2.25,1.88235294118,0.786197569093,2.25,0.166339869281,0.0612244897959,3,0.00441176470588,0.185952380952,17,17,17,1,0,0.352941176471,0.411764705882,0.235294117647,17,0.128676470588,1.90196078431,4.11764705882,3.18181818182,2.69230769231,1.57648156274,0.382859808093,0.201680672269,2.01465221053,0.978545359402,0.524369747899,1.74894926439,0.849489642704,0.463865546218,0.814492905316,0.428238537847,2.33333333333,1.90196078431,0.814492905316,2.33333333333,0,0,0,0,0.164242424242,17,17,17,1,0,0.352941176471,0.411764705882,0.235294117647,17,37,0.136029411765,1.88235294118,4.35294117647,3.36363636364,2.84615384615,1.69341284359,0.389027274878,0.193958664547,2.09866904602,0.964253345467,0.518282988871,1.87867287326,0.863174022847,0.470588235294,0.786197569093,0.41766745858,2.25,1.88235294118,0.786197569093,2.25,0.166339869281,0.0612244897959,3,0.00441176470588,0.185952380952,17,17,17,1,0,0.352941176471,0.411764705882,0.235294117647,0,0,0,0,0,0,0,0,0,0,0,0,0,0,0,0,0,0,0,0,0,0,0,0,0,0,0,0,0,37,0,0,235,1,1,0,0,1,1,1,1,1,1,2,2,0,0,0,0
1132,WLNM_dir_neg,1,0.5,00:00:01,10,30,26,1981780299,threshold_sweep,0.7,1,1,1,2,0,0,4,1,1,0,0,1,1,1,1,0.555555555556,1,1,1,37,35,2,0,37,0,35,0,2,17,37,0.136029411765,1.88235294118,4.35294117647,3.36363636364,2.84615384615,1.69341284359,0.389027274878,0.193958664547,2.09866904602,0.964253345467,0.518282988871,1.87867287326,0.863174022847,0.470588235294,0.786197569093,0.41766745858,2.25,1.88235294118,0.786197569093,2.25,0.166339869281,0.0612244897959,3,0.00441176470588,0.185952380952,17,17,17,1,0,0.352941176471,0.411764705882,0.235294117647,17,0.128676470588,1.90196078431,4.11764705882,3.18181818182,2.69230769231,1.57648156274,0.382859808093,0.201680672269,2.01465221053,0.978545359402,0.524369747899,1.74894926439,0.849489642704,0.463865546218,0.814492905316,0.428238537847,2.33333333333,1.90196078431,0.814492905316,2.33333333333,0,0,0,0,0.164242424242,17,17,17,1,0,0.352941176471,0.411764705882,0.235294117647,17,37,0.136029411765,1.88235294118,4.35294117647,3.36363636364,2.84615384615,1.69341284359,0.389027274878,0.193958664547,2.09866904602,0.964253345467,0.518282988871,1.87867287326,0.863174022847,0.470588235294,0.786197569093,0.41766745858,2.25,1.88235294118,0.786197569093,2.25,0.166339869281,0.0612244897959,3,0.00441176470588,0.185952380952,17,17,17,1,0,0.352941176471,0.411764705882,0.235294117647,0,0,0,0,0,0,0,0,0,0,0,0,0,0,0,0,0,0,0,0,0,0,0,0,0,0,0,0,0,37,0,0,235,1,1,0,0,1,1,1,1,1,1,2,2,0,0,0,0
1133,WLNM_dir_neg,1,0.5,00:00:01,10,30,26,1981780299,threshold_sweep,0.8,1,1,1,2,0,0,4,1,1,0,0,1,1,1,1,0.555555555556,1,1,1,37,35,2,0,37,0,35,0,2,17,37,0.136029411765,1.88235294118,4.35294117647,3.36363636364,2.84615384615,1.69341284359,0.389027274878,0.193958664547,2.09866904602,0.964253345467,0.518282988871,1.87867287326,0.863174022847,0.470588235294,0.786197569093,0.41766745858,2.25,1.88235294118,0.786197569093,2.25,0.166339869281,0.0612244897959,3,0.00441176470588,0.185952380952,17,17,17,1,0,0.352941176471,0.411764705882,0.235294117647,17,0.128676470588,1.90196078431,4.11764705882,3.18181818182,2.69230769231,1.57648156274,0.382859808093,0.201680672269,2.01465221053,0.978545359402,0.524369747899,1.74894926439,0.849489642704,0.463865546218,0.814492905316,0.428238537847,2.33333333333,1.90196078431,0.814492905316,2.33333333333,0,0,0,0,0.164242424242,17,17,17,1,0,0.352941176471,0.411764705882,0.235294117647,17,37,0.136029411765,1.88235294118,4.35294117647,3.36363636364,2.84615384615,1.69341284359,0.389027274878,0.193958664547,2.09866904602,0.964253345467,0.518282988871,1.87867287326,0.863174022847,0.470588235294,0.786197569093,0.41766745858,2.25,1.88235294118,0.786197569093,2.25,0.166339869281,0.0612244897959,3,0.00441176470588,0.185952380952,17,17,17,1,0,0.352941176471,0.411764705882,0.235294117647,0,0,0,0,0,0,0,0,0,0,0,0,0,0,0,0,0,0,0,0,0,0,0,0,0,0,0,0,0,37,0,0,235,1,1,0,0,1,1,1,1,1,1,2,2,0,0,0,0
1134,WLNM_dir_neg,1,0.5,00:00:01,10,30,26,1981780299,threshold_sweep,0.9,1,1,1,2,0,0,4,1,1,0,0,1,1,1,1,0.555555555556,1,1,1,37,35,2,0,37,0,35,0,2,17,37,0.136029411765,1.88235294118,4.35294117647,3.36363636364,2.84615384615,1.69341284359,0.389027274878,0.193958664547,2.09866904602,0.964253345467,0.518282988871,1.87867287326,0.863174022847,0.470588235294,0.786197569093,0.41766745858,2.25,1.88235294118,0.786197569093,2.25,0.166339869281,0.0612244897959,3,0.00441176470588,0.185952380952,17,17,17,1,0,0.352941176471,0.411764705882,0.235294117647,17,0.128676470588,1.90196078431,4.11764705882,3.18181818182,2.69230769231,1.57648156274,0.382859808093,0.201680672269,2.01465221053,0.978545359402,0.524369747899,1.74894926439,0.849489642704,0.463865546218,0.814492905316,0.428238537847,2.33333333333,1.90196078431,0.814492905316,2.33333333333,0,0,0,0,0.164242424242,17,17,17,1,0,0.352941176471,0.411764705882,0.235294117647,17,37,0.136029411765,1.88235294118,4.35294117647,3.36363636364,2.84615384615,1.69341284359,0.389027274878,0.193958664547,2.09866904602,0.964253345467,0.518282988871,1.87867287326,0.863174022847,0.470588235294,0.786197569093,0.41766745858,2.25,1.88235294118,0.786197569093,2.25,0.166339869281,0.0612244897959,3,0.00441176470588,0.185952380952,17,17,17,1,0,0.352941176471,0.411764705882,0.235294117647,0,0,0,0,0,0,0,0,0,0,0,0,0,0,0,0,0,0,0,0,0,0,0,0,0,0,0,0,0,37,0,0,235,1,1,0,0,1,1,1,1,1,1,2,2,0,0,0,0
1135,WLNM_dir_neg,1,0.5,00:00:01,10,30,27,1981780300,threshold_sweep,0.1,1,1,1,2,0,0,4,1,1,0,0,1,1,1,1,0.555555555556,1,1,1,37,35,2,0,37,0,35,0,2,17,37,0.136029411765,1.88235294118,4.35294117647,3.36363636364,2.84615384615,1.69341284359,0.389027274878,0.193958664547,2.09866904602,0.964253345467,0.518282988871,1.87867287326,0.863174022847,0.470588235294,0.786197569093,0.41766745858,2.25,1.88235294118,0.786197569093,2.25,0.166339869281,0.0612244897959,3,0.00441176470588,0.185952380952,17,17,17,1,0,0.352941176471,0.411764705882,0.235294117647,17,0.128676470588,1.90196078431,4.11764705882,3.18181818182,2.69230769231,1.57648156274,0.382859808093,0.201680672269,2.01465221053,0.978545359402,0.524369747899,1.74894926439,0.849489642704,0.463865546218,0.814492905316,0.428238537847,2.33333333333,1.90196078431,0.814492905316,2.33333333333,0,0,0,0,0.164242424242,17,17,17,1,0,0.352941176471,0.411764705882,0.235294117647,17,37,0.136029411765,1.88235294118,4.35294117647,3.36363636364,2.84615384615,1.69341284359,0.389027274878,0.193958664547,2.09866904602,0.964253345467,0.518282988871,1.87867287326,0.863174022847,0.470588235294,0.786197569093,0.41766745858,2.25,1.88235294118,0.786197569093,2.25,0.166339869281,0.0612244897959,3,0.00441176470588,0.185952380952,17,17,17,1,0,0.352941176471,0.411764705882,0.235294117647,0,0,0,0,0,0,0,0,0,0,0,0,0,0,0,0,0,0,0,0,0,0,0,0,0,0,0,0,0,37,0,0,235,1,1,0,0,1,1,1,1,1,1,2,2,0,0,0,0
1136,WLNM_dir_neg,1,0.5,00:00:01,10,30,27,1981780300,threshold_sweep,0.2,1,1,1,2,0,0,4,1,1,0,0,1,1,1,1,0.555555555556,1,1,1,37,35,2,0,37,0,35,0,2,17,37,0.136029411765,1.88235294118,4.35294117647,3.36363636364,2.84615384615,1.69341284359,0.389027274878,0.193958664547,2.09866904602,0.964253345467,0.518282988871,1.87867287326,0.863174022847,0.470588235294,0.786197569093,0.41766745858,2.25,1.88235294118,0.786197569093,2.25,0.166339869281,0.0612244897959,3,0.00441176470588,0.185952380952,17,17,17,1,0,0.352941176471,0.411764705882,0.235294117647,17,0.128676470588,1.90196078431,4.11764705882,3.18181818182,2.69230769231,1.57648156274,0.382859808093,0.201680672269,2.01465221053,0.978545359402,0.524369747899,1.74894926439,0.849489642704,0.463865546218,0.814492905316,0.428238537847,2.33333333333,1.90196078431,0.814492905316,2.33333333333,0,0,0,0,0.164242424242,17,17,17,1,0,0.352941176471,0.411764705882,0.235294117647,17,37,0.136029411765,1.88235294118,4.35294117647,3.36363636364,2.84615384615,1.69341284359,0.389027274878,0.193958664547,2.09866904602,0.964253345467,0.518282988871,1.87867287326,0.863174022847,0.470588235294,0.786197569093,0.41766745858,2.25,1.88235294118,0.786197569093,2.25,0.166339869281,0.0612244897959,3,0.00441176470588,0.185952380952,17,17,17,1,0,0.352941176471,0.411764705882,0.235294117647,0,0,0,0,0,0,0,0,0,0,0,0,0,0,0,0,0,0,0,0,0,0,0,0,0,0,0,0,0,37,0,0,235,1,1,0,0,1,1,1,1,1,1,2,2,0,0,0,0
1137,WLNM_dir_neg,1,0.5,00:00:01,10,30,27,1981780300,threshold_sweep,0.3,1,1,1,2,0,0,4,1,1,0,0,1,1,1,1,0.555555555556,1,1,1,37,35,2,0,37,0,35,0,2,17,37,0.136029411765,1.88235294118,4.35294117647,3.36363636364,2.84615384615,1.69341284359,0.389027274878,0.193958664547,2.09866904602,0.964253345467,0.518282988871,1.87867287326,0.863174022847,0.470588235294,0.786197569093,0.41766745858,2.25,1.88235294118,0.786197569093,2.25,0.166339869281,0.0612244897959,3,0.00441176470588,0.185952380952,17,17,17,1,0,0.352941176471,0.411764705882,0.235294117647,17,0.128676470588,1.90196078431,4.11764705882,3.18181818182,2.69230769231,1.57648156274,0.382859808093,0.201680672269,2.01465221053,0.978545359402,0.524369747899,1.74894926439,0.849489642704,0.463865546218,0.814492905316,0.428238537847,2.33333333333,1.90196078431,0.814492905316,2.33333333333,0,0,0,0,0.164242424242,17,17,17,1,0,0.352941176471,0.411764705882,0.235294117647,17,37,0.136029411765,1.88235294118,4.35294117647,3.36363636364,2.84615384615,1.69341284359,0.389027274878,0.193958664547,2.09866904602,0.964253345467,0.518282988871,1.87867287326,0.863174022847,0.470588235294,0.786197569093,0.41766745858,2.25,1.88235294118,0.786197569093,2.25,0.166339869281,0.0612244897959,3,0.00441176470588,0.185952380952,17,17,17,1,0,0.352941176471,0.411764705882,0.235294117647,0,0,0,0,0,0,0,0,0,0,0,0,0,0,0,0,0,0,0,0,0,0,0,0,0,0,0,0,0,37,0,0,235,1,1,0,0,1,1,1,1,1,1,2,2,0,0,0,0
1138,WLNM_dir_neg,1,0.5,00:00:01,10,30,27,1981780300,threshold_sweep,0.4,1,1,1,2,0,0,4,1,1,0,0,1,1,1,1,0.555555555556,1,1,1,37,35,2,0,37,0,35,0,2,17,37,0.136029411765,1.88235294118,4.35294117647,3.36363636364,2.84615384615,1.69341284359,0.389027274878,0.193958664547,2.09866904602,0.964253345467,0.518282988871,1.87867287326,0.863174022847,0.470588235294,0.786197569093,0.41766745858,2.25,1.88235294118,0.786197569093,2.25,0.166339869281,0.0612244897959,3,0.00441176470588,0.185952380952,17,17,17,1,0,0.352941176471,0.411764705882,0.235294117647,17,0.128676470588,1.90196078431,4.11764705882,3.18181818182,2.69230769231,1.57648156274,0.382859808093,0.201680672269,2.01465221053,0.978545359402,0.524369747899,1.74894926439,0.849489642704,0.463865546218,0.814492905316,0.428238537847,2.33333333333,1.90196078431,0.814492905316,2.33333333333,0,0,0,0,0.164242424242,17,17,17,1,0,0.352941176471,0.411764705882,0.235294117647,17,37,0.136029411765,1.88235294118,4.35294117647,3.36363636364,2.84615384615,1.69341284359,0.389027274878,0.193958664547,2.09866904602,0.964253345467,0.518282988871,1.87867287326,0.863174022847,0.470588235294,0.786197569093,0.41766745858,2.25,1.88235294118,0.786197569093,2.25,0.166339869281,0.0612244897959,3,0.00441176470588,0.185952380952,17,17,17,1,0,0.352941176471,0.411764705882,0.235294117647,0,0,0,0,0,0,0,0,0,0,0,0,0,0,0,0,0,0,0,0,0,0,0,0,0,0,0,0,0,37,0,0,235,1,1,0,0,1,1,1,1,1,1,2,2,0,0,0,0
1139,WLNM_dir_neg,1,0.5,00:00:01,10,30,27,1981780300,threshold_sweep,0.5,1,1,1,2,0,0,4,1,1,0,0,1,1,1,1,0.555555555556,1,1,1,37,35,2,0,37,0,35,0,2,17,37,0.136029411765,1.88235294118,4.35294117647,3.36363636364,2.84615384615,1.69341284359,0.389027274878,0.193958664547,2.09866904602,0.964253345467,0.518282988871,1.87867287326,0.863174022847,0.470588235294,0.786197569093,0.41766745858,2.25,1.88235294118,0.786197569093,2.25,0.166339869281,0.0612244897959,3,0.00441176470588,0.185952380952,17,17,17,1,0,0.352941176471,0.411764705882,0.235294117647,17,0.128676470588,1.90196078431,4.11764705882,3.18181818182,2.69230769231,1.57648156274,0.382859808093,0.201680672269,2.01465221053,0.978545359402,0.524369747899,1.74894926439,0.849489642704,0.463865546218,0.814492905316,0.428238537847,2.33333333333,1.90196078431,0.814492905316,2.33333333333,0,0,0,0,0.164242424242,17,17,17,1,0,0.352941176471,0.411764705882,0.235294117647,17,37,0.136029411765,1.88235294118,4.35294117647,3.36363636364,2.84615384615,1.69341284359,0.389027274878,0.193958664547,2.09866904602,0.964253345467,0.518282988871,1.87867287326,0.863174022847,0.470588235294,0.786197569093,0.41766745858,2.25,1.88235294118,0.786197569093,2.25,0.166339869281,0.0612244897959,3,0.00441176470588,0.185952380952,17,17,17,1,0,0.352941176471,0.411764705882,0.235294117647,0,0,0,0,0,0,0,0,0,0,0,0,0,0,0,0,0,0,0,0,0,0,0,0,0,0,0,0,0,37,0,0,235,1,1,0,0,1,1,1,1,1,1,2,2,0,0,0,0
1140,WLNM_dir_neg,1,0.5,00:00:01,10,30,27,1981780300,threshold_sweep,0.6,1,1,1,2,0,0,4,1,1,0,0,1,1,1,1,0.555555555556,1,1,1,37,35,2,0,37,0,35,0,2,17,37,0.136029411765,1.88235294118,4.35294117647,3.36363636364,2.84615384615,1.69341284359,0.389027274878,0.193958664547,2.09866904602,0.964253345467,0.518282988871,1.87867287326,0.863174022847,0.470588235294,0.786197569093,0.41766745858,2.25,1.88235294118,0.786197569093,2.25,0.166339869281,0.0612244897959,3,0.00441176470588,0.185952380952,17,17,17,1,0,0.352941176471,0.411764705882,0.235294117647,17,0.128676470588,1.90196078431,4.11764705882,3.18181818182,2.69230769231,1.57648156274,0.382859808093,0.201680672269,2.01465221053,0.978545359402,0.524369747899,1.74894926439,0.849489642704,0.463865546218,0.814492905316,0.428238537847,2.33333333333,1.90196078431,0.814492905316,2.33333333333,0,0,0,0,0.164242424242,17,17,17,1,0,0.352941176471,0.411764705882,0.235294117647,17,37,0.136029411765,1.88235294118,4.35294117647,3.36363636364,2.84615384615,1.69341284359,0.389027274878,0.193958664547,2.09866904602,0.964253345467,0.518282988871,1.87867287326,0.863174022847,0.470588235294,0.786197569093,0.41766745858,2.25,1.88235294118,0.786197569093,2.25,0.166339869281,0.0612244897959,3,0.00441176470588,0.185952380952,17,17,17,1,0,0.352941176471,0.411764705882,0.235294117647,0,0,0,0,0,0,0,0,0,0,0,0,0,0,0,0,0,0,0,0,0,0,0,0,0,0,0,0,0,37,0,0,235,1,1,0,0,1,1,1,1,1,1,2,2,0,0,0,0
1141,WLNM_dir_neg,1,0.5,00:00:01,10,30,27,1981780300,threshold_sweep,0.7,1,1,1,2,0,0,4,1,1,0,0,1,1,1,1,0.555555555556,1,1,1,37,35,2,0,37,0,35,0,2,17,37,0.136029411765,1.88235294118,4.35294117647,3.36363636364,2.84615384615,1.69341284359,0.389027274878,0.193958664547,2.09866904602,0.964253345467,0.518282988871,1.87867287326,0.863174022847,0.470588235294,0.786197569093,0.41766745858,2.25,1.88235294118,0.786197569093,2.25,0.166339869281,0.0612244897959,3,0.00441176470588,0.185952380952,17,17,17,1,0,0.352941176471,0.411764705882,0.235294117647,17,0.128676470588,1.90196078431,4.11764705882,3.18181818182,2.69230769231,1.57648156274,0.382859808093,0.201680672269,2.01465221053,0.978545359402,0.524369747899,1.74894926439,0.849489642704,0.463865546218,0.814492905316,0.428238537847,2.33333333333,1.90196078431,0.814492905316,2.33333333333,0,0,0,0,0.164242424242,17,17,17,1,0,0.352941176471,0.411764705882,0.235294117647,17,37,0.136029411765,1.88235294118,4.35294117647,3.36363636364,2.84615384615,1.69341284359,0.389027274878,0.193958664547,2.09866904602,0.964253345467,0.518282988871,1.87867287326,0.863174022847,0.470588235294,0.786197569093,0.41766745858,2.25,1.88235294118,0.786197569093,2.25,0.166339869281,0.0612244897959,3,0.00441176470588,0.185952380952,17,17,17,1,0,0.352941176471,0.411764705882,0.235294117647,0,0,0,0,0,0,0,0,0,0,0,0,0,0,0,0,0,0,0,0,0,0,0,0,0,0,0,0,0,37,0,0,235,1,1,0,0,1,1,1,1,1,1,2,2,0,0,0,0
1142,WLNM_dir_neg,1,0.5,00:00:01,10,30,27,1981780300,threshold_sweep,0.8,1,1,1,2,0,0,4,1,1,0,0,1,1,1,1,0.555555555556,1,1,1,37,35,2,0,37,0,35,0,2,17,37,0.136029411765,1.88235294118,4.35294117647,3.36363636364,2.84615384615,1.69341284359,0.389027274878,0.193958664547,2.09866904602,0.964253345467,0.518282988871,1.87867287326,0.863174022847,0.470588235294,0.786197569093,0.41766745858,2.25,1.88235294118,0.786197569093,2.25,0.166339869281,0.0612244897959,3,0.00441176470588,0.185952380952,17,17,17,1,0,0.352941176471,0.411764705882,0.235294117647,17,0.128676470588,1.90196078431,4.11764705882,3.18181818182,2.69230769231,1.57648156274,0.382859808093,0.201680672269,2.01465221053,0.978545359402,0.524369747899,1.74894926439,0.849489642704,0.463865546218,0.814492905316,0.428238537847,2.33333333333,1.90196078431,0.814492905316,2.33333333333,0,0,0,0,0.164242424242,17,17,17,1,0,0.352941176471,0.411764705882,0.235294117647,17,37,0.136029411765,1.88235294118,4.35294117647,3.36363636364,2.84615384615,1.69341284359,0.389027274878,0.193958664547,2.09866904602,0.964253345467,0.518282988871,1.87867287326,0.863174022847,0.470588235294,0.786197569093,0.41766745858,2.25,1.88235294118,0.786197569093,2.25,0.166339869281,0.0612244897959,3,0.00441176470588,0.185952380952,17,17,17,1,0,0.352941176471,0.411764705882,0.235294117647,0,0,0,0,0,0,0,0,0,0,0,0,0,0,0,0,0,0,0,0,0,0,0,0,0,0,0,0,0,37,0,0,235,1,1,0,0,1,1,1,1,1,1,2,2,0,0,0,0
1143,WLNM_dir_neg,1,0.5,00:00:01,10,30,27,1981780300,threshold_sweep,0.9,1,1,1,2,0,0,4,1,1,0,0,1,1,1,1,0.555555555556,1,1,1,37,35,2,0,37,0,35,0,2,17,37,0.136029411765,1.88235294118,4.35294117647,3.36363636364,2.84615384615,1.69341284359,0.389027274878,0.193958664547,2.09866904602,0.964253345467,0.518282988871,1.87867287326,0.863174022847,0.470588235294,0.786197569093,0.41766745858,2.25,1.88235294118,0.786197569093,2.25,0.166339869281,0.0612244897959,3,0.00441176470588,0.185952380952,17,17,17,1,0,0.352941176471,0.411764705882,0.235294117647,17,0.128676470588,1.90196078431,4.11764705882,3.18181818182,2.69230769231,1.57648156274,0.382859808093,0.201680672269,2.01465221053,0.978545359402,0.524369747899,1.74894926439,0.849489642704,0.463865546218,0.814492905316,0.428238537847,2.33333333333,1.90196078431,0.814492905316,2.33333333333,0,0,0,0,0.164242424242,17,17,17,1,0,0.352941176471,0.411764705882,0.235294117647,17,37,0.136029411765,1.88235294118,4.35294117647,3.36363636364,2.84615384615,1.69341284359,0.389027274878,0.193958664547,2.09866904602,0.964253345467,0.518282988871,1.87867287326,0.863174022847,0.470588235294,0.786197569093,0.41766745858,2.25,1.88235294118,0.786197569093,2.25,0.166339869281,0.0612244897959,3,0.00441176470588,0.185952380952,17,17,17,1,0,0.352941176471,0.411764705882,0.235294117647,0,0,0,0,0,0,0,0,0,0,0,0,0,0,0,0,0,0,0,0,0,0,0,0,0,0,0,0,0,37,0,0,235,1,1,0,0,1,1,1,1,1,1,2,2,0,0,0,0
1144,WLNM_dir_neg,1,0.5,00:00:01,10,30,28,1981780301,threshold_sweep,0.1,1,1,1,2,0,0,4,1,1,0,0,1,1,1,1,0.555555555556,1,1,1,37,35,2,0,37,0,35,0,2,17,37,0.136029411765,1.88235294118,4.35294117647,3.36363636364,2.84615384615,1.69341284359,0.389027274878,0.193958664547,2.09866904602,0.964253345467,0.518282988871,1.87867287326,0.863174022847,0.470588235294,0.786197569093,0.41766745858,2.25,1.88235294118,0.786197569093,2.25,0.166339869281,0.0612244897959,3,0.00441176470588,0.185952380952,17,17,17,1,0,0.352941176471,0.411764705882,0.235294117647,17,0.128676470588,1.90196078431,4.11764705882,3.18181818182,2.69230769231,1.57648156274,0.382859808093,0.201680672269,2.01465221053,0.978545359402,0.524369747899,1.74894926439,0.849489642704,0.463865546218,0.814492905316,0.428238537847,2.33333333333,1.90196078431,0.814492905316,2.33333333333,0,0,0,0,0.164242424242,17,17,17,1,0,0.352941176471,0.411764705882,0.235294117647,17,37,0.136029411765,1.88235294118,4.35294117647,3.36363636364,2.84615384615,1.69341284359,0.389027274878,0.193958664547,2.09866904602,0.964253345467,0.518282988871,1.87867287326,0.863174022847,0.470588235294,0.786197569093,0.41766745858,2.25,1.88235294118,0.786197569093,2.25,0.166339869281,0.0612244897959,3,0.00441176470588,0.185952380952,17,17,17,1,0,0.352941176471,0.411764705882,0.235294117647,0,0,0,0,0,0,0,0,0,0,0,0,0,0,0,0,0,0,0,0,0,0,0,0,0,0,0,0,0,37,0,0,235,1,1,0,0,1,1,1,1,1,1,2,2,0,0,0,0
1145,WLNM_dir_neg,1,0.5,00:00:01,10,30,28,1981780301,threshold_sweep,0.2,1,1,1,2,0,0,4,1,1,0,0,1,1,1,1,0.555555555556,1,1,1,37,35,2,0,37,0,35,0,2,17,37,0.136029411765,1.88235294118,4.35294117647,3.36363636364,2.84615384615,1.69341284359,0.389027274878,0.193958664547,2.09866904602,0.964253345467,0.518282988871,1.87867287326,0.863174022847,0.470588235294,0.786197569093,0.41766745858,2.25,1.88235294118,0.786197569093,2.25,0.166339869281,0.0612244897959,3,0.00441176470588,0.185952380952,17,17,17,1,0,0.352941176471,0.411764705882,0.235294117647,17,0.128676470588,1.90196078431,4.11764705882,3.18181818182,2.69230769231,1.57648156274,0.382859808093,0.201680672269,2.01465221053,0.978545359402,0.524369747899,1.74894926439,0.849489642704,0.463865546218,0.814492905316,0.428238537847,2.33333333333,1.90196078431,0.814492905316,2.33333333333,0,0,0,0,0.164242424242,17,17,17,1,0,0.352941176471,0.411764705882,0.235294117647,17,37,0.136029411765,1.88235294118,4.35294117647,3.36363636364,2.84615384615,1.69341284359,0.389027274878,0.193958664547,2.09866904602,0.964253345467,0.518282988871,1.87867287326,0.863174022847,0.470588235294,0.786197569093,0.41766745858,2.25,1.88235294118,0.786197569093,2.25,0.166339869281,0.0612244897959,3,0.00441176470588,0.185952380952,17,17,17,1,0,0.352941176471,0.411764705882,0.235294117647,0,0,0,0,0,0,0,0,0,0,0,0,0,0,0,0,0,0,0,0,0,0,0,0,0,0,0,0,0,37,0,0,235,1,1,0,0,1,1,1,1,1,1,2,2,0,0,0,0
1146,WLNM_dir_neg,1,0.5,00:00:01,10,30,28,1981780301,threshold_sweep,0.3,1,1,1,2,0,0,4,1,1,0,0,1,1,1,1,0.555555555556,1,1,1,37,35,2,0,37,0,35,0,2,17,37,0.136029411765,1.88235294118,4.35294117647,3.36363636364,2.84615384615,1.69341284359,0.389027274878,0.193958664547,2.09866904602,0.964253345467,0.518282988871,1.87867287326,0.863174022847,0.470588235294,0.786197569093,0.41766745858,2.25,1.88235294118,0.786197569093,2.25,0.166339869281,0.0612244897959,3,0.00441176470588,0.185952380952,17,17,17,1,0,0.352941176471,0.411764705882,0.235294117647,17,0.128676470588,1.90196078431,4.11764705882,3.18181818182,2.69230769231,1.57648156274,0.382859808093,0.201680672269,2.01465221053,0.978545359402,0.524369747899,1.74894926439,0.849489642704,0.463865546218,0.814492905316,0.428238537847,2.33333333333,1.90196078431,0.814492905316,2.33333333333,0,0,0,0,0.164242424242,17,17,17,1,0,0.352941176471,0.411764705882,0.235294117647,17,37,0.136029411765,1.88235294118,4.35294117647,3.36363636364,2.84615384615,1.69341284359,0.389027274878,0.193958664547,2.09866904602,0.964253345467,0.518282988871,1.87867287326,0.863174022847,0.470588235294,0.786197569093,0.41766745858,2.25,1.88235294118,0.786197569093,2.25,0.166339869281,0.0612244897959,3,0.00441176470588,0.185952380952,17,17,17,1,0,0.352941176471,0.411764705882,0.235294117647,0,0,0,0,0,0,0,0,0,0,0,0,0,0,0,0,0,0,0,0,0,0,0,0,0,0,0,0,0,37,0,0,235,1,1,0,0,1,1,1,1,1,1,2,2,0,0,0,0
1147,WLNM_dir_neg,1,0.5,00:00:01,10,30,28,1981780301,threshold_sweep,0.4,1,1,1,2,0,0,4,1,1,0,0,1,1,1,1,0.555555555556,1,1,1,37,35,2,0,37,0,35,0,2,17,37,0.136029411765,1.88235294118,4.35294117647,3.36363636364,2.84615384615,1.69341284359,0.389027274878,0.193958664547,2.09866904602,0.964253345467,0.518282988871,1.87867287326,0.863174022847,0.470588235294,0.786197569093,0.41766745858,2.25,1.88235294118,0.786197569093,2.25,0.166339869281,0.0612244897959,3,0.00441176470588,0.185952380952,17,17,17,1,0,0.352941176471,0.411764705882,0.235294117647,17,0.128676470588,1.90196078431,4.11764705882,3.18181818182,2.69230769231,1.57648156274,0.382859808093,0.201680672269,2.01465221053,0.978545359402,0.524369747899,1.74894926439,0.849489642704,0.463865546218,0.814492905316,0.428238537847,2.33333333333,1.90196078431,0.814492905316,2.33333333333,0,0,0,0,0.164242424242,17,17,17,1,0,0.352941176471,0.411764705882,0.235294117647,17,37,0.136029411765,1.88235294118,4.35294117647,3.36363636364,2.84615384615,1.69341284359,0.389027274878,0.193958664547,2.09866904602,0.964253345467,0.518282988871,1.87867287326,0.863174022847,0.470588235294,0.786197569093,0.41766745858,2.25,1.88235294118,0.786197569093,2.25,0.166339869281,0.0612244897959,3,0.00441176470588,0.185952380952,17,17,17,1,0,0.352941176471,0.411764705882,0.235294117647,0,0,0,0,0,0,0,0,0,0,0,0,0,0,0,0,0,0,0,0,0,0,0,0,0,0,0,0,0,37,0,0,235,1,1,0,0,1,1,1,1,1,1,2,2,0,0,0,0
1148,WLNM_dir_neg,1,0.5,00:00:01,10,30,28,1981780301,threshold_sweep,0.5,1,1,1,2,0,0,4,1,1,0,0,1,1,1,1,0.555555555556,1,1,1,37,35,2,0,37,0,35,0,2,17,37,0.136029411765,1.88235294118,4.35294117647,3.36363636364,2.84615384615,1.69341284359,0.389027274878,0.193958664547,2.09866904602,0.964253345467,0.518282988871,1.87867287326,0.863174022847,0.470588235294,0.786197569093,0.41766745858,2.25,1.88235294118,0.786197569093,2.25,0.166339869281,0.0612244897959,3,0.00441176470588,0.185952380952,17,17,17,1,0,0.352941176471,0.411764705882,0.235294117647,17,0.128676470588,1.90196078431,4.11764705882,3.18181818182,2.69230769231,1.57648156274,0.382859808093,0.201680672269,2.01465221053,0.978545359402,0.524369747899,1.74894926439,0.849489642704,0.463865546218,0.814492905316,0.428238537847,2.33333333333,1.90196078431,0.814492905316,2.33333333333,0,0,0,0,0.164242424242,17,17,17,1,0,0.352941176471,0.411764705882,0.235294117647,17,37,0.136029411765,1.88235294118,4.35294117647,3.36363636364,2.84615384615,1.69341284359,0.389027274878,0.193958664547,2.09866904602,0.964253345467,0.518282988871,1.87867287326,0.863174022847,0.470588235294,0.786197569093,0.41766745858,2.25,1.88235294118,0.786197569093,2.25,0.166339869281,0.0612244897959,3,0.00441176470588,0.185952380952,17,17,17,1,0,0.352941176471,0.411764705882,0.235294117647,0,0,0,0,0,0,0,0,0,0,0,0,0,0,0,0,0,0,0,0,0,0,0,0,0,0,0,0,0,37,0,0,235,1,1,0,0,1,1,1,1,1,1,2,2,0,0,0,0
1149,WLNM_dir_neg,1,0.5,00:00:01,10,30,28,1981780301,threshold_sweep,0.6,1,1,1,2,0,0,4,1,1,0,0,1,1,1,1,0.555555555556,1,1,1,37,35,2,0,37,0,35,0,2,17,37,0.136029411765,1.88235294118,4.35294117647,3.36363636364,2.84615384615,1.69341284359,0.389027274878,0.193958664547,2.09866904602,0.964253345467,0.518282988871,1.87867287326,0.863174022847,0.470588235294,0.786197569093,0.41766745858,2.25,1.88235294118,0.786197569093,2.25,0.166339869281,0.0612244897959,3,0.00441176470588,0.185952380952,17,17,17,1,0,0.352941176471,0.411764705882,0.235294117647,17,0.128676470588,1.90196078431,4.11764705882,3.18181818182,2.69230769231,1.57648156274,0.382859808093,0.201680672269,2.01465221053,0.978545359402,0.524369747899,1.74894926439,0.849489642704,0.463865546218,0.814492905316,0.428238537847,2.33333333333,1.90196078431,0.814492905316,2.33333333333,0,0,0,0,0.164242424242,17,17,17,1,0,0.352941176471,0.411764705882,0.235294117647,17,37,0.136029411765,1.88235294118,4.35294117647,3.36363636364,2.84615384615,1.69341284359,0.389027274878,0.193958664547,2.09866904602,0.964253345467,0.518282988871,1.87867287326,0.863174022847,0.470588235294,0.786197569093,0.41766745858,2.25,1.88235294118,0.786197569093,2.25,0.166339869281,0.0612244897959,3,0.00441176470588,0.185952380952,17,17,17,1,0,0.352941176471,0.411764705882,0.235294117647,0,0,0,0,0,0,0,0,0,0,0,0,0,0,0,0,0,0,0,0,0,0,0,0,0,0,0,0,0,37,0,0,235,1,1,0,0,1,1,1,1,1,1,2,2,0,0,0,0
1150,WLNM_dir_neg,1,0.5,00:00:01,10,30,28,1981780301,threshold_sweep,0.7,1,1,1,2,0,0,4,1,1,0,0,1,1,1,1,0.555555555556,1,1,1,37,35,2,0,37,0,35,0,2,17,37,0.136029411765,1.88235294118,4.35294117647,3.36363636364,2.84615384615,1.69341284359,0.389027274878,0.193958664547,2.09866904602,0.964253345467,0.518282988871,1.87867287326,0.863174022847,0.470588235294,0.786197569093,0.41766745858,2.25,1.88235294118,0.786197569093,2.25,0.166339869281,0.0612244897959,3,0.00441176470588,0.185952380952,17,17,17,1,0,0.352941176471,0.411764705882,0.235294117647,17,0.128676470588,1.90196078431,4.11764705882,3.18181818182,2.69230769231,1.57648156274,0.382859808093,0.201680672269,2.01465221053,0.978545359402,0.524369747899,1.74894926439,0.849489642704,0.463865546218,0.814492905316,0.428238537847,2.33333333333,1.90196078431,0.814492905316,2.33333333333,0,0,0,0,0.164242424242,17,17,17,1,0,0.352941176471,0.411764705882,0.235294117647,17,37,0.136029411765,1.88235294118,4.35294117647,3.36363636364,2.84615384615,1.69341284359,0.389027274878,0.193958664547,2.09866904602,0.964253345467,0.518282988871,1.87867287326,0.863174022847,0.470588235294,0.786197569093,0.41766745858,2.25,1.88235294118,0.786197569093,2.25,0.166339869281,0.0612244897959,3,0.00441176470588,0.185952380952,17,17,17,1,0,0.352941176471,0.411764705882,0.235294117647,0,0,0,0,0,0,0,0,0,0,0,0,0,0,0,0,0,0,0,0,0,0,0,0,0,0,0,0,0,37,0,0,235,1,1,0,0,1,1,1,1,1,1,2,2,0,0,0,0
1151,WLNM_dir_neg,1,0.5,00:00:01,10,30,28,1981780301,threshold_sweep,0.8,1,1,1,2,0,0,4,1,1,0,0,1,1,1,1,0.555555555556,1,1,1,37,35,2,0,37,0,35,0,2,17,37,0.136029411765,1.88235294118,4.35294117647,3.36363636364,2.84615384615,1.69341284359,0.389027274878,0.193958664547,2.09866904602,0.964253345467,0.518282988871,1.87867287326,0.863174022847,0.470588235294,0.786197569093,0.41766745858,2.25,1.88235294118,0.786197569093,2.25,0.166339869281,0.0612244897959,3,0.00441176470588,0.185952380952,17,17,17,1,0,0.352941176471,0.411764705882,0.235294117647,17,0.128676470588,1.90196078431,4.11764705882,3.18181818182,2.69230769231,1.57648156274,0.382859808093,0.201680672269,2.01465221053,0.978545359402,0.524369747899,1.74894926439,0.849489642704,0.463865546218,0.814492905316,0.428238537847,2.33333333333,1.90196078431,0.814492905316,2.33333333333,0,0,0,0,0.164242424242,17,17,17,1,0,0.352941176471,0.411764705882,0.235294117647,17,37,0.136029411765,1.88235294118,4.35294117647,3.36363636364,2.84615384615,1.69341284359,0.389027274878,0.193958664547,2.09866904602,0.964253345467,0.518282988871,1.87867287326,0.863174022847,0.470588235294,0.786197569093,0.41766745858,2.25,1.88235294118,0.786197569093,2.25,0.166339869281,0.0612244897959,3,0.00441176470588,0.185952380952,17,17,17,1,0,0.352941176471,0.411764705882,0.235294117647,0,0,0,0,0,0,0,0,0,0,0,0,0,0,0,0,0,0,0,0,0,0,0,0,0,0,0,0,0,37,0,0,235,1,1,0,0,1,1,1,1,1,1,2,2,0,0,0,0
1152,WLNM_dir_neg,1,0.5,00:00:01,10,30,28,1981780301,threshold_sweep,0.9,1,1,1,2,0,0,4,1,1,0,0,1,1,1,1,0.555555555556,1,1,1,37,35,2,0,37,0,35,0,2,17,37,0.136029411765,1.88235294118,4.35294117647,3.36363636364,2.84615384615,1.69341284359,0.389027274878,0.193958664547,2.09866904602,0.964253345467,0.518282988871,1.87867287326,0.863174022847,0.470588235294,0.786197569093,0.41766745858,2.25,1.88235294118,0.786197569093,2.25,0.166339869281,0.0612244897959,3,0.00441176470588,0.185952380952,17,17,17,1,0,0.352941176471,0.411764705882,0.235294117647,17,0.128676470588,1.90196078431,4.11764705882,3.18181818182,2.69230769231,1.57648156274,0.382859808093,0.201680672269,2.01465221053,0.978545359402,0.524369747899,1.74894926439,0.849489642704,0.463865546218,0.814492905316,0.428238537847,2.33333333333,1.90196078431,0.814492905316,2.33333333333,0,0,0,0,0.164242424242,17,17,17,1,0,0.352941176471,0.411764705882,0.235294117647,17,37,0.136029411765,1.88235294118,4.35294117647,3.36363636364,2.84615384615,1.69341284359,0.389027274878,0.193958664547,2.09866904602,0.964253345467,0.518282988871,1.87867287326,0.863174022847,0.470588235294,0.786197569093,0.41766745858,2.25,1.88235294118,0.786197569093,2.25,0.166339869281,0.0612244897959,3,0.00441176470588,0.185952380952,17,17,17,1,0,0.352941176471,0.411764705882,0.235294117647,0,0,0,0,0,0,0,0,0,0,0,0,0,0,0,0,0,0,0,0,0,0,0,0,0,0,0,0,0,37,0,0,235,1,1,0,0,1,1,1,1,1,1,2,2,0,0,0,0
1153,WLNM_dir_neg,1,0.5,00:00:01,10,30,29,1981780302,threshold_sweep,0.1,1,1,1,2,0,0,4,1,1,0,0,1,1,1,1,0.555555555556,1,1,1,37,35,2,0,37,0,35,0,2,17,37,0.136029411765,1.88235294118,4.35294117647,3.36363636364,2.84615384615,1.69341284359,0.389027274878,0.193958664547,2.09866904602,0.964253345467,0.518282988871,1.87867287326,0.863174022847,0.470588235294,0.786197569093,0.41766745858,2.25,1.88235294118,0.786197569093,2.25,0.166339869281,0.0612244897959,3,0.00441176470588,0.185952380952,17,17,17,1,0,0.352941176471,0.411764705882,0.235294117647,17,0.128676470588,1.90196078431,4.11764705882,3.18181818182,2.69230769231,1.57648156274,0.382859808093,0.201680672269,2.01465221053,0.978545359402,0.524369747899,1.74894926439,0.849489642704,0.463865546218,0.814492905316,0.428238537847,2.33333333333,1.90196078431,0.814492905316,2.33333333333,0,0,0,0,0.164242424242,17,17,17,1,0,0.352941176471,0.411764705882,0.235294117647,17,37,0.136029411765,1.88235294118,4.35294117647,3.36363636364,2.84615384615,1.69341284359,0.389027274878,0.193958664547,2.09866904602,0.964253345467,0.518282988871,1.87867287326,0.863174022847,0.470588235294,0.786197569093,0.41766745858,2.25,1.88235294118,0.786197569093,2.25,0.166339869281,0.0612244897959,3,0.00441176470588,0.185952380952,17,17,17,1,0,0.352941176471,0.411764705882,0.235294117647,0,0,0,0,0,0,0,0,0,0,0,0,0,0,0,0,0,0,0,0,0,0,0,0,0,0,0,0,0,37,0,0,235,1,1,0,0,1,1,1,1,1,1,2,2,0,0,0,0
1154,WLNM_dir_neg,1,0.5,00:00:01,10,30,29,1981780302,threshold_sweep,0.2,1,1,1,2,0,0,4,1,1,0,0,1,1,1,1,0.555555555556,1,1,1,37,35,2,0,37,0,35,0,2,17,37,0.136029411765,1.88235294118,4.35294117647,3.36363636364,2.84615384615,1.69341284359,0.389027274878,0.193958664547,2.09866904602,0.964253345467,0.518282988871,1.87867287326,0.863174022847,0.470588235294,0.786197569093,0.41766745858,2.25,1.88235294118,0.786197569093,2.25,0.166339869281,0.0612244897959,3,0.00441176470588,0.185952380952,17,17,17,1,0,0.352941176471,0.411764705882,0.235294117647,17,0.128676470588,1.90196078431,4.11764705882,3.18181818182,2.69230769231,1.57648156274,0.382859808093,0.201680672269,2.01465221053,0.978545359402,0.524369747899,1.74894926439,0.849489642704,0.463865546218,0.814492905316,0.428238537847,2.33333333333,1.90196078431,0.814492905316,2.33333333333,0,0,0,0,0.164242424242,17,17,17,1,0,0.352941176471,0.411764705882,0.235294117647,17,37,0.136029411765,1.88235294118,4.35294117647,3.36363636364,2.84615384615,1.69341284359,0.389027274878,0.193958664547,2.09866904602,0.964253345467,0.518282988871,1.87867287326,0.863174022847,0.470588235294,0.786197569093,0.41766745858,2.25,1.88235294118,0.786197569093,2.25,0.166339869281,0.0612244897959,3,0.00441176470588,0.185952380952,17,17,17,1,0,0.352941176471,0.411764705882,0.235294117647,0,0,0,0,0,0,0,0,0,0,0,0,0,0,0,0,0,0,0,0,0,0,0,0,0,0,0,0,0,37,0,0,235,1,1,0,0,1,1,1,1,1,1,2,2,0,0,0,0
1155,WLNM_dir_neg,1,0.5,00:00:01,10,30,29,1981780302,threshold_sweep,0.3,1,1,1,2,0,0,4,1,1,0,0,1,1,1,1,0.555555555556,1,1,1,37,35,2,0,37,0,35,0,2,17,37,0.136029411765,1.88235294118,4.35294117647,3.36363636364,2.84615384615,1.69341284359,0.389027274878,0.193958664547,2.09866904602,0.964253345467,0.518282988871,1.87867287326,0.863174022847,0.470588235294,0.786197569093,0.41766745858,2.25,1.88235294118,0.786197569093,2.25,0.166339869281,0.0612244897959,3,0.00441176470588,0.185952380952,17,17,17,1,0,0.352941176471,0.411764705882,0.235294117647,17,0.128676470588,1.90196078431,4.11764705882,3.18181818182,2.69230769231,1.57648156274,0.382859808093,0.201680672269,2.01465221053,0.978545359402,0.524369747899,1.74894926439,0.849489642704,0.463865546218,0.814492905316,0.428238537847,2.33333333333,1.90196078431,0.814492905316,2.33333333333,0,0,0,0,0.164242424242,17,17,17,1,0,0.352941176471,0.411764705882,0.235294117647,17,37,0.136029411765,1.88235294118,4.35294117647,3.36363636364,2.84615384615,1.69341284359,0.389027274878,0.193958664547,2.09866904602,0.964253345467,0.518282988871,1.87867287326,0.863174022847,0.470588235294,0.786197569093,0.41766745858,2.25,1.88235294118,0.786197569093,2.25,0.166339869281,0.0612244897959,3,0.00441176470588,0.185952380952,17,17,17,1,0,0.352941176471,0.411764705882,0.235294117647,0,0,0,0,0,0,0,0,0,0,0,0,0,0,0,0,0,0,0,0,0,0,0,0,0,0,0,0,0,37,0,0,235,1,1,0,0,1,1,1,1,1,1,2,2,0,0,0,0
1156,WLNM_dir_neg,1,0.5,00:00:01,10,30,29,1981780302,threshold_sweep,0.4,1,1,1,2,0,0,4,1,1,0,0,1,1,1,1,0.555555555556,1,1,1,37,35,2,0,37,0,35,0,2,17,37,0.136029411765,1.88235294118,4.35294117647,3.36363636364,2.84615384615,1.69341284359,0.389027274878,0.193958664547,2.09866904602,0.964253345467,0.518282988871,1.87867287326,0.863174022847,0.470588235294,0.786197569093,0.41766745858,2.25,1.88235294118,0.786197569093,2.25,0.166339869281,0.0612244897959,3,0.00441176470588,0.185952380952,17,17,17,1,0,0.352941176471,0.411764705882,0.235294117647,17,0.128676470588,1.90196078431,4.11764705882,3.18181818182,2.69230769231,1.57648156274,0.382859808093,0.201680672269,2.01465221053,0.978545359402,0.524369747899,1.74894926439,0.849489642704,0.463865546218,0.814492905316,0.428238537847,2.33333333333,1.90196078431,0.814492905316,2.33333333333,0,0,0,0,0.164242424242,17,17,17,1,0,0.352941176471,0.411764705882,0.235294117647,17,37,0.136029411765,1.88235294118,4.35294117647,3.36363636364,2.84615384615,1.69341284359,0.389027274878,0.193958664547,2.09866904602,0.964253345467,0.518282988871,1.87867287326,0.863174022847,0.470588235294,0.786197569093,0.41766745858,2.25,1.88235294118,0.786197569093,2.25,0.166339869281,0.0612244897959,3,0.00441176470588,0.185952380952,17,17,17,1,0,0.352941176471,0.411764705882,0.235294117647,0,0,0,0,0,0,0,0,0,0,0,0,0,0,0,0,0,0,0,0,0,0,0,0,0,0,0,0,0,37,0,0,235,1,1,0,0,1,1,1,1,1,1,2,2,0,0,0,0
1157,WLNM_dir_neg,1,0.5,00:00:01,10,30,29,1981780302,threshold_sweep,0.5,1,1,1,2,0,0,4,1,1,0,0,1,1,1,1,0.555555555556,1,1,1,37,35,2,0,37,0,35,0,2,17,37,0.136029411765,1.88235294118,4.35294117647,3.36363636364,2.84615384615,1.69341284359,0.389027274878,0.193958664547,2.09866904602,0.964253345467,0.518282988871,1.87867287326,0.863174022847,0.470588235294,0.786197569093,0.41766745858,2.25,1.88235294118,0.786197569093,2.25,0.166339869281,0.0612244897959,3,0.00441176470588,0.185952380952,17,17,17,1,0,0.352941176471,0.411764705882,0.235294117647,17,0.128676470588,1.90196078431,4.11764705882,3.18181818182,2.69230769231,1.57648156274,0.382859808093,0.201680672269,2.01465221053,0.978545359402,0.524369747899,1.74894926439,0.849489642704,0.463865546218,0.814492905316,0.428238537847,2.33333333333,1.90196078431,0.814492905316,2.33333333333,0,0,0,0,0.164242424242,17,17,17,1,0,0.352941176471,0.411764705882,0.235294117647,17,37,0.136029411765,1.88235294118,4.35294117647,3.36363636364,2.84615384615,1.69341284359,0.389027274878,0.193958664547,2.09866904602,0.964253345467,0.518282988871,1.87867287326,0.863174022847,0.470588235294,0.786197569093,0.41766745858,2.25,1.88235294118,0.786197569093,2.25,0.166339869281,0.0612244897959,3,0.00441176470588,0.185952380952,17,17,17,1,0,0.352941176471,0.411764705882,0.235294117647,0,0,0,0,0,0,0,0,0,0,0,0,0,0,0,0,0,0,0,0,0,0,0,0,0,0,0,0,0,37,0,0,235,1,1,0,0,1,1,1,1,1,1,2,2,0,0,0,0
1158,WLNM_dir_neg,1,0.5,00:00:01,10,30,29,1981780302,threshold_sweep,0.6,1,1,1,2,0,0,4,1,1,0,0,1,1,1,1,0.555555555556,1,1,1,37,35,2,0,37,0,35,0,2,17,37,0.136029411765,1.88235294118,4.35294117647,3.36363636364,2.84615384615,1.69341284359,0.389027274878,0.193958664547,2.09866904602,0.964253345467,0.518282988871,1.87867287326,0.863174022847,0.470588235294,0.786197569093,0.41766745858,2.25,1.88235294118,0.786197569093,2.25,0.166339869281,0.0612244897959,3,0.00441176470588,0.185952380952,17,17,17,1,0,0.352941176471,0.411764705882,0.235294117647,17,0.128676470588,1.90196078431,4.11764705882,3.18181818182,2.69230769231,1.57648156274,0.382859808093,0.201680672269,2.01465221053,0.978545359402,0.524369747899,1.74894926439,0.849489642704,0.463865546218,0.814492905316,0.428238537847,2.33333333333,1.90196078431,0.814492905316,2.33333333333,0,0,0,0,0.164242424242,17,17,17,1,0,0.352941176471,0.411764705882,0.235294117647,17,37,0.136029411765,1.88235294118,4.35294117647,3.36363636364,2.84615384615,1.69341284359,0.389027274878,0.193958664547,2.09866904602,0.964253345467,0.518282988871,1.87867287326,0.863174022847,0.470588235294,0.786197569093,0.41766745858,2.25,1.88235294118,0.786197569093,2.25,0.166339869281,0.0612244897959,3,0.00441176470588,0.185952380952,17,17,17,1,0,0.352941176471,0.411764705882,0.235294117647,0,0,0,0,0,0,0,0,0,0,0,0,0,0,0,0,0,0,0,0,0,0,0,0,0,0,0,0,0,37,0,0,235,1,1,0,0,1,1,1,1,1,1,2,2,0,0,0,0
1159,WLNM_dir_neg,1,0.5,00:00:01,10,30,29,1981780302,threshold_sweep,0.7,1,1,1,2,0,0,4,1,1,0,0,1,1,1,1,0.555555555556,1,1,1,37,35,2,0,37,0,35,0,2,17,37,0.136029411765,1.88235294118,4.35294117647,3.36363636364,2.84615384615,1.69341284359,0.389027274878,0.193958664547,2.09866904602,0.964253345467,0.518282988871,1.87867287326,0.863174022847,0.470588235294,0.786197569093,0.41766745858,2.25,1.88235294118,0.786197569093,2.25,0.166339869281,0.0612244897959,3,0.00441176470588,0.185952380952,17,17,17,1,0,0.352941176471,0.411764705882,0.235294117647,17,0.128676470588,1.90196078431,4.11764705882,3.18181818182,2.69230769231,1.57648156274,0.382859808093,0.201680672269,2.01465221053,0.978545359402,0.524369747899,1.74894926439,0.849489642704,0.463865546218,0.814492905316,0.428238537847,2.33333333333,1.90196078431,0.814492905316,2.33333333333,0,0,0,0,0.164242424242,17,17,17,1,0,0.352941176471,0.411764705882,0.235294117647,17,37,0.136029411765,1.88235294118,4.35294117647,3.36363636364,2.84615384615,1.69341284359,0.389027274878,0.193958664547,2.09866904602,0.964253345467,0.518282988871,1.87867287326,0.863174022847,0.470588235294,0.786197569093,0.41766745858,2.25,1.88235294118,0.786197569093,2.25,0.166339869281,0.0612244897959,3,0.00441176470588,0.185952380952,17,17,17,1,0,0.352941176471,0.411764705882,0.235294117647,0,0,0,0,0,0,0,0,0,0,0,0,0,0,0,0,0,0,0,0,0,0,0,0,0,0,0,0,0,37,0,0,235,1,1,0,0,1,1,1,1,1,1,2,2,0,0,0,0
1160,WLNM_dir_neg,1,0.5,00:00:01,10,30,29,1981780302,threshold_sweep,0.8,1,1,1,2,0,0,4,1,1,0,0,1,1,1,1,0.555555555556,1,1,1,37,35,2,0,37,0,35,0,2,17,37,0.136029411765,1.88235294118,4.35294117647,3.36363636364,2.84615384615,1.69341284359,0.389027274878,0.193958664547,2.09866904602,0.964253345467,0.518282988871,1.87867287326,0.863174022847,0.470588235294,0.786197569093,0.41766745858,2.25,1.88235294118,0.786197569093,2.25,0.166339869281,0.0612244897959,3,0.00441176470588,0.185952380952,17,17,17,1,0,0.352941176471,0.411764705882,0.235294117647,17,0.128676470588,1.90196078431,4.11764705882,3.18181818182,2.69230769231,1.57648156274,0.382859808093,0.201680672269,2.01465221053,0.978545359402,0.524369747899,1.74894926439,0.849489642704,0.463865546218,0.814492905316,0.428238537847,2.33333333333,1.90196078431,0.814492905316,2.33333333333,0,0,0,0,0.164242424242,17,17,17,1,0,0.352941176471,0.411764705882,0.235294117647,17,37,0.136029411765,1.88235294118,4.35294117647,3.36363636364,2.84615384615,1.69341284359,0.389027274878,0.193958664547,2.09866904602,0.964253345467,0.518282988871,1.87867287326,0.863174022847,0.470588235294,0.786197569093,0.41766745858,2.25,1.88235294118,0.786197569093,2.25,0.166339869281,0.0612244897959,3,0.00441176470588,0.185952380952,17,17,17,1,0,0.352941176471,0.411764705882,0.235294117647,0,0,0,0,0,0,0,0,0,0,0,0,0,0,0,0,0,0,0,0,0,0,0,0,0,0,0,0,0,37,0,0,235,1,1,0,0,1,1,1,1,1,1,2,2,0,0,0,0
1161,WLNM_dir_neg,1,0.5,00:00:01,10,30,29,1981780302,threshold_sweep,0.9,1,1,1,2,0,0,4,1,1,0,0,1,1,1,1,0.555555555556,1,1,1,37,35,2,0,37,0,35,0,2,17,37,0.136029411765,1.88235294118,4.35294117647,3.36363636364,2.84615384615,1.69341284359,0.389027274878,0.193958664547,2.09866904602,0.964253345467,0.518282988871,1.87867287326,0.863174022847,0.470588235294,0.786197569093,0.41766745858,2.25,1.88235294118,0.786197569093,2.25,0.166339869281,0.0612244897959,3,0.00441176470588,0.185952380952,17,17,17,1,0,0.352941176471,0.411764705882,0.235294117647,17,0.128676470588,1.90196078431,4.11764705882,3.18181818182,2.69230769231,1.57648156274,0.382859808093,0.201680672269,2.01465221053,0.978545359402,0.524369747899,1.74894926439,0.849489642704,0.463865546218,0.814492905316,0.428238537847,2.33333333333,1.90196078431,0.814492905316,2.33333333333,0,0,0,0,0.164242424242,17,17,17,1,0,0.352941176471,0.411764705882,0.235294117647,17,37,0.136029411765,1.88235294118,4.35294117647,3.36363636364,2.84615384615,1.69341284359,0.389027274878,0.193958664547,2.09866904602,0.964253345467,0.518282988871,1.87867287326,0.863174022847,0.470588235294,0.786197569093,0.41766745858,2.25,1.88235294118,0.786197569093,2.25,0.166339869281,0.0612244897959,3,0.00441176470588,0.185952380952,17,17,17,1,0,0.352941176471,0.411764705882,0.235294117647,0,0,0,0,0,0,0,0,0,0,0,0,0,0,0,0,0,0,0,0,0,0,0,0,0,0,0,0,0,37,0,0,235,1,1,0,0,1,1,1,1,1,1,2,2,0,0,0,0
1162,WLNM_dir_neg,1,0.5,00:00:01,10,30,30,1981780303,threshold_sweep,0.1,1,1,1,2,0,0,4,1,1,0,0,1,1,1,1,0.555555555556,1,1,1,37,35,2,0,37,0,35,0,2,17,37,0.136029411765,1.88235294118,4.35294117647,3.36363636364,2.84615384615,1.69341284359,0.389027274878,0.193958664547,2.09866904602,0.964253345467,0.518282988871,1.87867287326,0.863174022847,0.470588235294,0.786197569093,0.41766745858,2.25,1.88235294118,0.786197569093,2.25,0.166339869281,0.0612244897959,3,0.00441176470588,0.185952380952,17,17,17,1,0,0.352941176471,0.411764705882,0.235294117647,17,0.128676470588,1.90196078431,4.11764705882,3.18181818182,2.69230769231,1.57648156274,0.382859808093,0.201680672269,2.01465221053,0.978545359402,0.524369747899,1.74894926439,0.849489642704,0.463865546218,0.814492905316,0.428238537847,2.33333333333,1.90196078431,0.814492905316,2.33333333333,0,0,0,0,0.164242424242,17,17,17,1,0,0.352941176471,0.411764705882,0.235294117647,17,37,0.136029411765,1.88235294118,4.35294117647,3.36363636364,2.84615384615,1.69341284359,0.389027274878,0.193958664547,2.09866904602,0.964253345467,0.518282988871,1.87867287326,0.863174022847,0.470588235294,0.786197569093,0.41766745858,2.25,1.88235294118,0.786197569093,2.25,0.166339869281,0.0612244897959,3,0.00441176470588,0.185952380952,17,17,17,1,0,0.352941176471,0.411764705882,0.235294117647,0,0,0,0,0,0,0,0,0,0,0,0,0,0,0,0,0,0,0,0,0,0,0,0,0,0,0,0,0,37,0,0,235,1,1,0,0,1,1,1,1,1,1,2,2,0,0,0,0
1163,WLNM_dir_neg,1,0.5,00:00:01,10,30,30,1981780303,threshold_sweep,0.2,1,1,1,2,0,0,4,1,1,0,0,1,1,1,1,0.555555555556,1,1,1,37,35,2,0,37,0,35,0,2,17,37,0.136029411765,1.88235294118,4.35294117647,3.36363636364,2.84615384615,1.69341284359,0.389027274878,0.193958664547,2.09866904602,0.964253345467,0.518282988871,1.87867287326,0.863174022847,0.470588235294,0.786197569093,0.41766745858,2.25,1.88235294118,0.786197569093,2.25,0.166339869281,0.0612244897959,3,0.00441176470588,0.185952380952,17,17,17,1,0,0.352941176471,0.411764705882,0.235294117647,17,0.128676470588,1.90196078431,4.11764705882,3.18181818182,2.69230769231,1.57648156274,0.382859808093,0.201680672269,2.01465221053,0.978545359402,0.524369747899,1.74894926439,0.849489642704,0.463865546218,0.814492905316,0.428238537847,2.33333333333,1.90196078431,0.814492905316,2.33333333333,0,0,0,0,0.164242424242,17,17,17,1,0,0.352941176471,0.411764705882,0.235294117647,17,37,0.136029411765,1.88235294118,4.35294117647,3.36363636364,2.84615384615,1.69341284359,0.389027274878,0.193958664547,2.09866904602,0.964253345467,0.518282988871,1.87867287326,0.863174022847,0.470588235294,0.786197569093,0.41766745858,2.25,1.88235294118,0.786197569093,2.25,0.166339869281,0.0612244897959,3,0.00441176470588,0.185952380952,17,17,17,1,0,0.352941176471,0.411764705882,0.235294117647,0,0,0,0,0,0,0,0,0,0,0,0,0,0,0,0,0,0,0,0,0,0,0,0,0,0,0,0,0,37,0,0,235,1,1,0,0,1,1,1,1,1,1,2,2,0,0,0,0
1164,WLNM_dir_neg,1,0.5,00:00:01,10,30,30,1981780303,threshold_sweep,0.3,1,1,1,2,0,0,4,1,1,0,0,1,1,1,1,0.555555555556,1,1,1,37,35,2,0,37,0,35,0,2,17,37,0.136029411765,1.88235294118,4.35294117647,3.36363636364,2.84615384615,1.69341284359,0.389027274878,0.193958664547,2.09866904602,0.964253345467,0.518282988871,1.87867287326,0.863174022847,0.470588235294,0.786197569093,0.41766745858,2.25,1.88235294118,0.786197569093,2.25,0.166339869281,0.0612244897959,3,0.00441176470588,0.185952380952,17,17,17,1,0,0.352941176471,0.411764705882,0.235294117647,17,0.128676470588,1.90196078431,4.11764705882,3.18181818182,2.69230769231,1.57648156274,0.382859808093,0.201680672269,2.01465221053,0.978545359402,0.524369747899,1.74894926439,0.849489642704,0.463865546218,0.814492905316,0.428238537847,2.33333333333,1.90196078431,0.814492905316,2.33333333333,0,0,0,0,0.164242424242,17,17,17,1,0,0.352941176471,0.411764705882,0.235294117647,17,37,0.136029411765,1.88235294118,4.35294117647,3.36363636364,2.84615384615,1.69341284359,0.389027274878,0.193958664547,2.09866904602,0.964253345467,0.518282988871,1.87867287326,0.863174022847,0.470588235294,0.786197569093,0.41766745858,2.25,1.88235294118,0.786197569093,2.25,0.166339869281,0.0612244897959,3,0.00441176470588,0.185952380952,17,17,17,1,0,0.352941176471,0.411764705882,0.235294117647,0,0,0,0,0,0,0,0,0,0,0,0,0,0,0,0,0,0,0,0,0,0,0,0,0,0,0,0,0,37,0,0,235,1,1,0,0,1,1,1,1,1,1,2,2,0,0,0,0
1165,WLNM_dir_neg,1,0.5,00:00:01,10,30,30,1981780303,threshold_sweep,0.4,1,1,1,2,0,0,4,1,1,0,0,1,1,1,1,0.555555555556,1,1,1,37,35,2,0,37,0,35,0,2,17,37,0.136029411765,1.88235294118,4.35294117647,3.36363636364,2.84615384615,1.69341284359,0.389027274878,0.193958664547,2.09866904602,0.964253345467,0.518282988871,1.87867287326,0.863174022847,0.470588235294,0.786197569093,0.41766745858,2.25,1.88235294118,0.786197569093,2.25,0.166339869281,0.0612244897959,3,0.00441176470588,0.185952380952,17,17,17,1,0,0.352941176471,0.411764705882,0.235294117647,17,0.128676470588,1.90196078431,4.11764705882,3.18181818182,2.69230769231,1.57648156274,0.382859808093,0.201680672269,2.01465221053,0.978545359402,0.524369747899,1.74894926439,0.849489642704,0.463865546218,0.814492905316,0.428238537847,2.33333333333,1.90196078431,0.814492905316,2.33333333333,0,0,0,0,0.164242424242,17,17,17,1,0,0.352941176471,0.411764705882,0.235294117647,17,37,0.136029411765,1.88235294118,4.35294117647,3.36363636364,2.84615384615,1.69341284359,0.389027274878,0.193958664547,2.09866904602,0.964253345467,0.518282988871,1.87867287326,0.863174022847,0.470588235294,0.786197569093,0.41766745858,2.25,1.88235294118,0.786197569093,2.25,0.166339869281,0.0612244897959,3,0.00441176470588,0.185952380952,17,17,17,1,0,0.352941176471,0.411764705882,0.235294117647,0,0,0,0,0,0,0,0,0,0,0,0,0,0,0,0,0,0,0,0,0,0,0,0,0,0,0,0,0,37,0,0,235,1,1,0,0,1,1,1,1,1,1,2,2,0,0,0,0
1166,WLNM_dir_neg,1,0.5,00:00:01,10,30,30,1981780303,threshold_sweep,0.5,1,1,1,2,0,0,4,1,1,0,0,1,1,1,1,0.555555555556,1,1,1,37,35,2,0,37,0,35,0,2,17,37,0.136029411765,1.88235294118,4.35294117647,3.36363636364,2.84615384615,1.69341284359,0.389027274878,0.193958664547,2.09866904602,0.964253345467,0.518282988871,1.87867287326,0.863174022847,0.470588235294,0.786197569093,0.41766745858,2.25,1.88235294118,0.786197569093,2.25,0.166339869281,0.0612244897959,3,0.00441176470588,0.185952380952,17,17,17,1,0,0.352941176471,0.411764705882,0.235294117647,17,0.128676470588,1.90196078431,4.11764705882,3.18181818182,2.69230769231,1.57648156274,0.382859808093,0.201680672269,2.01465221053,0.978545359402,0.524369747899,1.74894926439,0.849489642704,0.463865546218,0.814492905316,0.428238537847,2.33333333333,1.90196078431,0.814492905316,2.33333333333,0,0,0,0,0.164242424242,17,17,17,1,0,0.352941176471,0.411764705882,0.235294117647,17,37,0.136029411765,1.88235294118,4.35294117647,3.36363636364,2.84615384615,1.69341284359,0.389027274878,0.193958664547,2.09866904602,0.964253345467,0.518282988871,1.87867287326,0.863174022847,0.470588235294,0.786197569093,0.41766745858,2.25,1.88235294118,0.786197569093,2.25,0.166339869281,0.0612244897959,3,0.00441176470588,0.185952380952,17,17,17,1,0,0.352941176471,0.411764705882,0.235294117647,0,0,0,0,0,0,0,0,0,0,0,0,0,0,0,0,0,0,0,0,0,0,0,0,0,0,0,0,0,37,0,0,235,1,1,0,0,1,1,1,1,1,1,2,2,0,0,0,0
1167,WLNM_dir_neg,1,0.5,00:00:01,10,30,30,1981780303,threshold_sweep,0.6,1,1,1,2,0,0,4,1,1,0,0,1,1,1,1,0.555555555556,1,1,1,37,35,2,0,37,0,35,0,2,17,37,0.136029411765,1.88235294118,4.35294117647,3.36363636364,2.84615384615,1.69341284359,0.389027274878,0.193958664547,2.09866904602,0.964253345467,0.518282988871,1.87867287326,0.863174022847,0.470588235294,0.786197569093,0.41766745858,2.25,1.88235294118,0.786197569093,2.25,0.166339869281,0.0612244897959,3,0.00441176470588,0.185952380952,17,17,17,1,0,0.352941176471,0.411764705882,0.235294117647,17,0.128676470588,1.90196078431,4.11764705882,3.18181818182,2.69230769231,1.57648156274,0.382859808093,0.201680672269,2.01465221053,0.978545359402,0.524369747899,1.74894926439,0.849489642704,0.463865546218,0.814492905316,0.428238537847,2.33333333333,1.90196078431,0.814492905316,2.33333333333,0,0,0,0,0.164242424242,17,17,17,1,0,0.352941176471,0.411764705882,0.235294117647,17,37,0.136029411765,1.88235294118,4.35294117647,3.36363636364,2.84615384615,1.69341284359,0.389027274878,0.193958664547,2.09866904602,0.964253345467,0.518282988871,1.87867287326,0.863174022847,0.470588235294,0.786197569093,0.41766745858,2.25,1.88235294118,0.786197569093,2.25,0.166339869281,0.0612244897959,3,0.00441176470588,0.185952380952,17,17,17,1,0,0.352941176471,0.411764705882,0.235294117647,0,0,0,0,0,0,0,0,0,0,0,0,0,0,0,0,0,0,0,0,0,0,0,0,0,0,0,0,0,37,0,0,235,1,1,0,0,1,1,1,1,1,1,2,2,0,0,0,0
1168,WLNM_dir_neg,1,0.5,00:00:01,10,30,30,1981780303,threshold_sweep,0.7,1,1,1,2,0,0,4,1,1,0,0,1,1,1,1,0.555555555556,1,1,1,37,35,2,0,37,0,35,0,2,17,37,0.136029411765,1.88235294118,4.35294117647,3.36363636364,2.84615384615,1.69341284359,0.389027274878,0.193958664547,2.09866904602,0.964253345467,0.518282988871,1.87867287326,0.863174022847,0.470588235294,0.786197569093,0.41766745858,2.25,1.88235294118,0.786197569093,2.25,0.166339869281,0.0612244897959,3,0.00441176470588,0.185952380952,17,17,17,1,0,0.352941176471,0.411764705882,0.235294117647,17,0.128676470588,1.90196078431,4.11764705882,3.18181818182,2.69230769231,1.57648156274,0.382859808093,0.201680672269,2.01465221053,0.978545359402,0.524369747899,1.74894926439,0.849489642704,0.463865546218,0.814492905316,0.428238537847,2.33333333333,1.90196078431,0.814492905316,2.33333333333,0,0,0,0,0.164242424242,17,17,17,1,0,0.352941176471,0.411764705882,0.235294117647,17,37,0.136029411765,1.88235294118,4.35294117647,3.36363636364,2.84615384615,1.69341284359,0.389027274878,0.193958664547,2.09866904602,0.964253345467,0.518282988871,1.87867287326,0.863174022847,0.470588235294,0.786197569093,0.41766745858,2.25,1.88235294118,0.786197569093,2.25,0.166339869281,0.0612244897959,3,0.00441176470588,0.185952380952,17,17,17,1,0,0.352941176471,0.411764705882,0.235294117647,0,0,0,0,0,0,0,0,0,0,0,0,0,0,0,0,0,0,0,0,0,0,0,0,0,0,0,0,0,37,0,0,235,1,1,0,0,1,1,1,1,1,1,2,2,0,0,0,0
1169,WLNM_dir_neg,1,0.5,00:00:01,10,30,30,1981780303,threshold_sweep,0.8,1,1,1,2,0,0,4,1,1,0,0,1,1,1,1,0.555555555556,1,1,1,37,35,2,0,37,0,35,0,2,17,37,0.136029411765,1.88235294118,4.35294117647,3.36363636364,2.84615384615,1.69341284359,0.389027274878,0.193958664547,2.09866904602,0.964253345467,0.518282988871,1.87867287326,0.863174022847,0.470588235294,0.786197569093,0.41766745858,2.25,1.88235294118,0.786197569093,2.25,0.166339869281,0.0612244897959,3,0.00441176470588,0.185952380952,17,17,17,1,0,0.352941176471,0.411764705882,0.235294117647,17,0.128676470588,1.90196078431,4.11764705882,3.18181818182,2.69230769231,1.57648156274,0.382859808093,0.201680672269,2.01465221053,0.978545359402,0.524369747899,1.74894926439,0.849489642704,0.463865546218,0.814492905316,0.428238537847,2.33333333333,1.90196078431,0.814492905316,2.33333333333,0,0,0,0,0.164242424242,17,17,17,1,0,0.352941176471,0.411764705882,0.235294117647,17,37,0.136029411765,1.88235294118,4.35294117647,3.36363636364,2.84615384615,1.69341284359,0.389027274878,0.193958664547,2.09866904602,0.964253345467,0.518282988871,1.87867287326,0.863174022847,0.470588235294,0.786197569093,0.41766745858,2.25,1.88235294118,0.786197569093,2.25,0.166339869281,0.0612244897959,3,0.00441176470588,0.185952380952,17,17,17,1,0,0.352941176471,0.411764705882,0.235294117647,0,0,0,0,0,0,0,0,0,0,0,0,0,0,0,0,0,0,0,0,0,0,0,0,0,0,0,0,0,37,0,0,235,1,1,0,0,1,1,1,1,1,1,2,2,0,0,0,0
1170,WLNM_dir_neg,1,0.5,00:00:01,10,30,30,1981780303,threshold_sweep,0.9,1,1,1,2,0,0,4,1,1,0,0,1,1,1,1,0.555555555556,1,1,1,37,35,2,0,37,0,35,0,2,17,37,0.136029411765,1.88235294118,4.35294117647,3.36363636364,2.84615384615,1.69341284359,0.389027274878,0.193958664547,2.09866904602,0.964253345467,0.518282988871,1.87867287326,0.863174022847,0.470588235294,0.786197569093,0.41766745858,2.25,1.88235294118,0.786197569093,2.25,0.166339869281,0.0612244897959,3,0.00441176470588,0.185952380952,17,17,17,1,0,0.352941176471,0.411764705882,0.235294117647,17,0.128676470588,1.90196078431,4.11764705882,3.18181818182,2.69230769231,1.57648156274,0.382859808093,0.201680672269,2.01465221053,0.978545359402,0.524369747899,1.74894926439,0.849489642704,0.463865546218,0.814492905316,0.428238537847,2.33333333333,1.90196078431,0.814492905316,2.33333333333,0,0,0,0,0.164242424242,17,17,17,1,0,0.352941176471,0.411764705882,0.235294117647,17,37,0.136029411765,1.88235294118,4.35294117647,3.36363636364,2.84615384615,1.69341284359,0.389027274878,0.193958664547,2.09866904602,0.964253345467,0.518282988871,1.87867287326,0.863174022847,0.470588235294,0.786197569093,0.41766745858,2.25,1.88235294118,0.786197569093,2.25,0.166339869281,0.0612244897959,3,0.00441176470588,0.185952380952,17,17,17,1,0,0.352941176471,0.411764705882,0.235294117647,0,0,0,0,0,0,0,0,0,0,0,0,0,0,0,0,0,0,0,0,0,0,0,0,0,0,0,0,0,37,0,0,235,1,1,0,0,1,1,1,1,1,1,2,2,0,0,0,0
1171,WLNM_dir_neg,1,0.5,00:00:01,10,30,31,1981780304,threshold_sweep,0.1,0.5,1,0.666666666667,2,2,0,2,1,0.5,0.5,0,0.5,1,0.666666666667,0.666666666667,0.444444444444,0.4,0.5,0.5,37,35,2,0,37,0,35,0,2,17,37,0.136029411765,1.88235294118,4.35294117647,3.36363636364,2.84615384615,1.69341284359,0.389027274878,0.193958664547,2.09866904602,0.964253345467,0.518282988871,1.87867287326,0.863174022847,0.470588235294,0.786197569093,0.41766745858,2.25,1.88235294118,0.786197569093,2.25,0.166339869281,0.0612244897959,3,0.00441176470588,0.185952380952,17,17,17,1,0,0.352941176471,0.411764705882,0.235294117647,17,0.128676470588,1.90196078431,4.11764705882,3.18181818182,2.69230769231,1.57648156274,0.382859808093,0.201680672269,2.01465221053,0.978545359402,0.524369747899,1.74894926439,0.849489642704,0.463865546218,0.814492905316,0.428238537847,2.33333333333,1.90196078431,0.814492905316,2.33333333333,0,0,0,0,0.164242424242,17,17,17,1,0,0.352941176471,0.411764705882,0.235294117647,17,39,0.143382352941,2.62058823529,4.58823529412,3.25,2.78571428571,1.76984545686,0.385735548291,0.199095022624,2.11437655948,0.921651320801,0.494720965309,1.82909492244,0.797297786704,0.434389140271,1.31259086209,0.500876423244,4,2.62058823529,1.31259086209,4,0.162418300654,0.0576923076923,3,0.00441176470588,0.15845959596,17,17,17,1,0,0.294117647059,0.529411764706,0.176470588235,2,0.00735294117647,0.738235294118,0.235294117647,-0.113636363636,-0.0604395604396,0.076432613276,-0.00329172658744,0.00513635807753,0.0157075134677,-0.0426020246662,-0.023562023562,-0.0495779508159,-0.0658762361427,-0.0361990950226,0.526393292997,0.0832089646637,1.75,0.738235294118,0.526393292997,1.75,-0.00392156862745,-0.00353218210361,0,0,-0.0274927849928,-0.0588235294118,0.117647058824,-0.0588235294118,37,2,0,233,1,0.991489361702,0.00851063829787,0,0.948717948718,1,0.973684210526,0.969867905134,0.991489361702,0.948717948718,4,2,0,0,0,0
1172,WLNM_dir_neg,1,0.5,00:00:01,10,30,31,1981780304,threshold_sweep,0.2,0.5,1,0.666666666667,2,2,0,2,1,0.5,0.5,0,0.5,1,0.666666666667,0.666666666667,0.444444444444,0.4,0.5,0.5,37,35,2,0,37,0,35,0,2,17,37,0.136029411765,1.88235294118,4.35294117647,3.36363636364,2.84615384615,1.69341284359,0.389027274878,0.193958664547,2.09866904602,0.964253345467,0.518282988871,1.87867287326,0.863174022847,0.470588235294,0.786197569093,0.41766745858,2.25,1.88235294118,0.786197569093,2.25,0.166339869281,0.0612244897959,3,0.00441176470588,0.185952380952,17,17,17,1,0,0.352941176471,0.411764705882,0.235294117647,17,0.128676470588,1.90196078431,4.11764705882,3.18181818182,2.69230769231,1.57648156274,0.382859808093,0.201680672269,2.01465221053,0.978545359402,0.524369747899,1.74894926439,0.849489642704,0.463865546218,0.814492905316,0.428238537847,2.33333333333,1.90196078431,0.814492905316,2.33333333333,0,0,0,0,0.164242424242,17,17,17,1,0,0.352941176471,0.411764705882,0.235294117647,17,39,0.143382352941,2.62058823529,4.58823529412,3.25,2.78571428571,1.76984545686,0.385735548291,0.199095022624,2.11437655948,0.921651320801,0.494720965309,1.82909492244,0.797297786704,0.434389140271,1.31259086209,0.500876423244,4,2.62058823529,1.31259086209,4,0.162418300654,0.0576923076923,3,0.00441176470588,0.15845959596,17,17,17,1,0,0.294117647059,0.529411764706,0.176470588235,2,0.00735294117647,0.738235294118,0.235294117647,-0.113636363636,-0.0604395604396,0.076432613276,-0.00329172658744,0.00513635807753,0.0157075134677,-0.0426020246662,-0.023562023562,-0.0495779508159,-0.0658762361427,-0.0361990950226,0.526393292997,0.0832089646637,1.75,0.738235294118,0.526393292997,1.75,-0.00392156862745,-0.00353218210361,0,0,-0.0274927849928,-0.0588235294118,0.117647058824,-0.0588235294118,37,2,0,233,1,0.991489361702,0.00851063829787,0,0.948717948718,1,0.973684210526,0.969867905134,0.991489361702,0.948717948718,4,2,0,0,0,0
1173,WLNM_dir_neg,1,0.5,00:00:01,10,30,31,1981780304,threshold_sweep,0.3,0.5,1,0.666666666667,2,2,0,2,1,0.5,0.5,0,0.5,1,0.666666666667,0.666666666667,0.444444444444,0.4,0.5,0.5,37,35,2,0,37,0,35,0,2,17,37,0.136029411765,1.88235294118,4.35294117647,3.36363636364,2.84615384615,1.69341284359,0.389027274878,0.193958664547,2.09866904602,0.964253345467,0.518282988871,1.87867287326,0.863174022847,0.470588235294,0.786197569093,0.41766745858,2.25,1.88235294118,0.786197569093,2.25,0.166339869281,0.0612244897959,3,0.00441176470588,0.185952380952,17,17,17,1,0,0.352941176471,0.411764705882,0.235294117647,17,0.128676470588,1.90196078431,4.11764705882,3.18181818182,2.69230769231,1.57648156274,0.382859808093,0.201680672269,2.01465221053,0.978545359402,0.524369747899,1.74894926439,0.849489642704,0.463865546218,0.814492905316,0.428238537847,2.33333333333,1.90196078431,0.814492905316,2.33333333333,0,0,0,0,0.164242424242,17,17,17,1,0,0.352941176471,0.411764705882,0.235294117647,17,39,0.143382352941,2.62058823529,4.58823529412,3.25,2.78571428571,1.76984545686,0.385735548291,0.199095022624,2.11437655948,0.921651320801,0.494720965309,1.82909492244,0.797297786704,0.434389140271,1.31259086209,0.500876423244,4,2.62058823529,1.31259086209,4,0.162418300654,0.0576923076923,3,0.00441176470588,0.15845959596,17,17,17,1,0,0.294117647059,0.529411764706,0.176470588235,2,0.00735294117647,0.738235294118,0.235294117647,-0.113636363636,-0.0604395604396,0.076432613276,-0.00329172658744,0.00513635807753,0.0157075134677,-0.0426020246662,-0.023562023562,-0.0495779508159,-0.0658762361427,-0.0361990950226,0.526393292997,0.0832089646637,1.75,0.738235294118,0.526393292997,1.75,-0.00392156862745,-0.00353218210361,0,0,-0.0274927849928,-0.0588235294118,0.117647058824,-0.0588235294118,37,2,0,233,1,0.991489361702,0.00851063829787,0,0.948717948718,1,0.973684210526,0.969867905134,0.991489361702,0.948717948718,4,2,0,0,0,0
1174,WLNM_dir_neg,1,0.5,00:00:01,10,30,31,1981780304,threshold_sweep,0.4,0.5,1,0.666666666667,2,2,0,2,1,0.5,0.5,0,0.5,1,0.666666666667,0.666666666667,0.444444444444,0.4,0.5,0.5,37,35,2,0,37,0,35,0,2,17,37,0.136029411765,1.88235294118,4.35294117647,3.36363636364,2.84615384615,1.69341284359,0.389027274878,0.193958664547,2.09866904602,0.964253345467,0.518282988871,1.87867287326,0.863174022847,0.470588235294,0.786197569093,0.41766745858,2.25,1.88235294118,0.786197569093,2.25,0.166339869281,0.0612244897959,3,0.00441176470588,0.185952380952,17,17,17,1,0,0.352941176471,0.411764705882,0.235294117647,17,0.128676470588,1.90196078431,4.11764705882,3.18181818182,2.69230769231,1.57648156274,0.382859808093,0.201680672269,2.01465221053,0.978545359402,0.524369747899,1.74894926439,0.849489642704,0.463865546218,0.814492905316,0.428238537847,2.33333333333,1.90196078431,0.814492905316,2.33333333333,0,0,0,0,0.164242424242,17,17,17,1,0,0.352941176471,0.411764705882,0.235294117647,17,39,0.143382352941,2.62058823529,4.58823529412,3.25,2.78571428571,1.76984545686,0.385735548291,0.199095022624,2.11437655948,0.921651320801,0.494720965309,1.82909492244,0.797297786704,0.434389140271,1.31259086209,0.500876423244,4,2.62058823529,1.31259086209,4,0.162418300654,0.0576923076923,3,0.00441176470588,0.15845959596,17,17,17,1,0,0.294117647059,0.529411764706,0.176470588235,2,0.00735294117647,0.738235294118,0.235294117647,-0.113636363636,-0.0604395604396,0.076432613276,-0.00329172658744,0.00513635807753,0.0157075134677,-0.0426020246662,-0.023562023562,-0.0495779508159,-0.0658762361427,-0.0361990950226,0.526393292997,0.0832089646637,1.75,0.738235294118,0.526393292997,1.75,-0.00392156862745,-0.00353218210361,0,0,-0.0274927849928,-0.0588235294118,0.117647058824,-0.0588235294118,37,2,0,233,1,0.991489361702,0.00851063829787,0,0.948717948718,1,0.973684210526,0.969867905134,0.991489361702,0.948717948718,4,2,0,0,0,0
1175,WLNM_dir_neg,1,0.5,00:00:01,10,30,31,1981780304,threshold_sweep,0.5,0.666666666667,1,0.8,2,1,0,3,1,0.75,0.25,0,0.666666666667,1,0.8,0.833333333333,0.5,0.666666666667,0.707106781187,0.75,37,35,2,0,37,0,35,0,2,17,37,0.136029411765,1.88235294118,4.35294117647,3.36363636364,2.84615384615,1.69341284359,0.389027274878,0.193958664547,2.09866904602,0.964253345467,0.518282988871,1.87867287326,0.863174022847,0.470588235294,0.786197569093,0.41766745858,2.25,1.88235294118,0.786197569093,2.25,0.166339869281,0.0612244897959,3,0.00441176470588,0.185952380952,17,17,17,1,0,0.352941176471,0.411764705882,0.235294117647,17,0.128676470588,1.90196078431,4.11764705882,3.18181818182,2.69230769231,1.57648156274,0.382859808093,0.201680672269,2.01465221053,0.978545359402,0.524369747899,1.74894926439,0.849489642704,0.463865546218,0.814492905316,0.428238537847,2.33333333333,1.90196078431,0.814492905316,2.33333333333,0,0,0,0,0.164242424242,17,17,17,1,0,0.352941176471,0.411764705882,0.235294117647,17,38,0.139705882353,1.87941176471,4.47058823529,3.45454545455,2.71428571429,1.73629084037,0.388380845872,0.198142414861,2.16591238756,0.968960804961,0.517027863777,1.82103719638,0.814674535221,0.442724458204,0.780836655359,0.415468642914,2.2,1.87941176471,0.780836655359,2.2,0.162418300654,0.0576923076923,3,0.00441176470588,0.182878787879,17,17,17,1,0,0.352941176471,0.470588235294,0.176470588235,1,0.00367647058824,-0.00294117647059,0.117647058824,0.0909090909091,-0.131868131868,0.0428779967836,-0.000646429005719,0.00418375031378,0.0672433415445,0.00470745949447,-0.00125512509413,-0.0576356768785,-0.0484994876259,-0.0278637770898,-0.00536091373311,-0.00219881566616,-0.05,-0.00294117647059,-0.00536091373311,-0.05,-0.00392156862745,-0.00353218210361,0,0,-0.00307359307359,0,0.0588235294118,-0.0588235294118,37,1,0,234,1,0.995744680851,0.00425531914894,0,0.973684210526,1,0.986666666667,0.984652666406,0.995744680851,0.973684210526,3,2,0,0,0,0
1176,WLNM_dir_neg,1,0.5,00:00:01,10,30,31,1981780304,threshold_sweep,0.6,0.666666666667,1,0.8,2,1,0,3,1,0.75,0.25,0,0.666666666667,1,0.8,0.833333333333,0.5,0.666666666667,0.707106781187,0.75,37,35,2,0,37,0,35,0,2,17,37,0.136029411765,1.88235294118,4.35294117647,3.36363636364,2.84615384615,1.69341284359,0.389027274878,0.193958664547,2.09866904602,0.964253345467,0.518282988871,1.87867287326,0.863174022847,0.470588235294,0.786197569093,0.41766745858,2.25,1.88235294118,0.786197569093,2.25,0.166339869281,0.0612244897959,3,0.00441176470588,0.185952380952,17,17,17,1,0,0.352941176471,0.411764705882,0.235294117647,17,0.128676470588,1.90196078431,4.11764705882,3.18181818182,2.69230769231,1.57648156274,0.382859808093,0.201680672269,2.01465221053,0.978545359402,0.524369747899,1.74894926439,0.849489642704,0.463865546218,0.814492905316,0.428238537847,2.33333333333,1.90196078431,0.814492905316,2.33333333333,0,0,0,0,0.164242424242,17,17,17,1,0,0.352941176471,0.411764705882,0.235294117647,17,38,0.139705882353,1.87941176471,4.47058823529,3.45454545455,2.71428571429,1.73629084037,0.388380845872,0.198142414861,2.16591238756,0.968960804961,0.517027863777,1.82103719638,0.814674535221,0.442724458204,0.780836655359,0.415468642914,2.2,1.87941176471,0.780836655359,2.2,0.162418300654,0.0576923076923,3,0.00441176470588,0.182878787879,17,17,17,1,0,0.352941176471,0.470588235294,0.176470588235,1,0.00367647058824,-0.00294117647059,0.117647058824,0.0909090909091,-0.131868131868,0.0428779967836,-0.000646429005719,0.00418375031378,0.0672433415445,0.00470745949447,-0.00125512509413,-0.0576356768785,-0.0484994876259,-0.0278637770898,-0.00536091373311,-0.00219881566616,-0.05,-0.00294117647059,-0.00536091373311,-0.05,-0.00392156862745,-0.00353218210361,0,0,-0.00307359307359,0,0.0588235294118,-0.0588235294118,37,1,0,234,1,0.995744680851,0.00425531914894,0,0.973684210526,1,0.986666666667,0.984652666406,0.995744680851,0.973684210526,3,2,0,0,0,0
1177,WLNM_dir_neg,1,0.5,00:00:01,10,30,31,1981780304,threshold_sweep,0.7,0.666666666667,1,0.8,2,1,0,3,1,0.75,0.25,0,0.666666666667,1,0.8,0.833333333333,0.5,0.666666666667,0.707106781187,0.75,37,35,2,0,37,0,35,0,2,17,37,0.136029411765,1.88235294118,4.35294117647,3.36363636364,2.84615384615,1.69341284359,0.389027274878,0.193958664547,2.09866904602,0.964253345467,0.518282988871,1.87867287326,0.863174022847,0.470588235294,0.786197569093,0.41766745858,2.25,1.88235294118,0.786197569093,2.25,0.166339869281,0.0612244897959,3,0.00441176470588,0.185952380952,17,17,17,1,0,0.352941176471,0.411764705882,0.235294117647,17,0.128676470588,1.90196078431,4.11764705882,3.18181818182,2.69230769231,1.57648156274,0.382859808093,0.201680672269,2.01465221053,0.978545359402,0.524369747899,1.74894926439,0.849489642704,0.463865546218,0.814492905316,0.428238537847,2.33333333333,1.90196078431,0.814492905316,2.33333333333,0,0,0,0,0.164242424242,17,17,17,1,0,0.352941176471,0.411764705882,0.235294117647,17,38,0.139705882353,1.87941176471,4.47058823529,3.45454545455,2.71428571429,1.73629084037,0.388380845872,0.198142414861,2.16591238756,0.968960804961,0.517027863777,1.82103719638,0.814674535221,0.442724458204,0.780836655359,0.415468642914,2.2,1.87941176471,0.780836655359,2.2,0.162418300654,0.0576923076923,3,0.00441176470588,0.182878787879,17,17,17,1,0,0.352941176471,0.470588235294,0.176470588235,1,0.00367647058824,-0.00294117647059,0.117647058824,0.0909090909091,-0.131868131868,0.0428779967836,-0.000646429005719,0.00418375031378,0.0672433415445,0.00470745949447,-0.00125512509413,-0.0576356768785,-0.0484994876259,-0.0278637770898,-0.00536091373311,-0.00219881566616,-0.05,-0.00294117647059,-0.00536091373311,-0.05,-0.00392156862745,-0.00353218210361,0,0,-0.00307359307359,0,0.0588235294118,-0.0588235294118,37,1,0,234,1,0.995744680851,0.00425531914894,0,0.973684210526,1,0.986666666667,0.984652666406,0.995744680851,0.973684210526,3,2,0,0,0,0
1178,WLNM_dir_neg,1,0.5,00:00:01,10,30,31,1981780304,threshold_sweep,0.8,0.666666666667,1,0.8,2,1,0,3,1,0.75,0.25,0,0.666666666667,1,0.8,0.833333333333,0.5,0.666666666667,0.707106781187,0.75,37,35,2,0,37,0,35,0,2,17,37,0.136029411765,1.88235294118,4.35294117647,3.36363636364,2.84615384615,1.69341284359,0.389027274878,0.193958664547,2.09866904602,0.964253345467,0.518282988871,1.87867287326,0.863174022847,0.470588235294,0.786197569093,0.41766745858,2.25,1.88235294118,0.786197569093,2.25,0.166339869281,0.0612244897959,3,0.00441176470588,0.185952380952,17,17,17,1,0,0.352941176471,0.411764705882,0.235294117647,17,0.128676470588,1.90196078431,4.11764705882,3.18181818182,2.69230769231,1.57648156274,0.382859808093,0.201680672269,2.01465221053,0.978545359402,0.524369747899,1.74894926439,0.849489642704,0.463865546218,0.814492905316,0.428238537847,2.33333333333,1.90196078431,0.814492905316,2.33333333333,0,0,0,0,0.164242424242,17,17,17,1,0,0.352941176471,0.411764705882,0.235294117647,17,38,0.139705882353,1.87941176471,4.47058823529,3.45454545455,2.71428571429,1.73629084037,0.388380845872,0.198142414861,2.16591238756,0.968960804961,0.517027863777,1.82103719638,0.814674535221,0.442724458204,0.780836655359,0.415468642914,2.2,1.87941176471,0.780836655359,2.2,0.162418300654,0.0576923076923,3,0.00441176470588,0.182878787879,17,17,17,1,0,0.352941176471,0.470588235294,0.176470588235,1,0.00367647058824,-0.00294117647059,0.117647058824,0.0909090909091,-0.131868131868,0.0428779967836,-0.000646429005719,0.00418375031378,0.0672433415445,0.00470745949447,-0.00125512509413,-0.0576356768785,-0.0484994876259,-0.0278637770898,-0.00536091373311,-0.00219881566616,-0.05,-0.00294117647059,-0.00536091373311,-0.05,-0.00392156862745,-0.00353218210361,0,0,-0.00307359307359,0,0.0588235294118,-0.0588235294118,37,1,0,234,1,0.995744680851,0.00425531914894,0,0.973684210526,1,0.986666666667,0.984652666406,0.995744680851,0.973684210526,3,2,0,0,0,0
1179,WLNM_dir_neg,1,0.5,00:00:01,10,30,31,1981780304,threshold_sweep,0.9,1,1,1,2,0,0,4,1,1,0,0,1,1,1,1,0.555555555556,1,1,1,37,35,2,0,37,0,35,0,2,17,37,0.136029411765,1.88235294118,4.35294117647,3.36363636364,2.84615384615,1.69341284359,0.389027274878,0.193958664547,2.09866904602,0.964253345467,0.518282988871,1.87867287326,0.863174022847,0.470588235294,0.786197569093,0.41766745858,2.25,1.88235294118,0.786197569093,2.25,0.166339869281,0.0612244897959,3,0.00441176470588,0.185952380952,17,17,17,1,0,0.352941176471,0.411764705882,0.235294117647,17,0.128676470588,1.90196078431,4.11764705882,3.18181818182,2.69230769231,1.57648156274,0.382859808093,0.201680672269,2.01465221053,0.978545359402,0.524369747899,1.74894926439,0.849489642704,0.463865546218,0.814492905316,0.428238537847,2.33333333333,1.90196078431,0.814492905316,2.33333333333,0,0,0,0,0.164242424242,17,17,17,1,0,0.352941176471,0.411764705882,0.235294117647,17,37,0.136029411765,1.88235294118,4.35294117647,3.36363636364,2.84615384615,1.69341284359,0.389027274878,0.193958664547,2.09866904602,0.964253345467,0.518282988871,1.87867287326,0.863174022847,0.470588235294,0.786197569093,0.41766745858,2.25,1.88235294118,0.786197569093,2.25,0.166339869281,0.0612244897959,3,0.00441176470588,0.185952380952,17,17,17,1,0,0.352941176471,0.411764705882,0.235294117647,0,0,0,0,0,0,0,0,0,0,0,0,0,0,0,0,0,0,0,0,0,0,0,0,0,0,0,0,0,37,0,0,235,1,1,0,0,1,1,1,1,1,1,2,2,0,0,0,0
1180,WLNM_dir_neg,1,0.5,00:00:01,10,30,32,1981780305,threshold_sweep,0.1,1,1,1,2,0,0,4,1,1,0,0,1,1,1,1,0.555555555556,1,1,1,37,35,2,0,37,0,35,0,2,17,37,0.136029411765,1.88235294118,4.35294117647,3.36363636364,2.84615384615,1.69341284359,0.389027274878,0.193958664547,2.09866904602,0.964253345467,0.518282988871,1.87867287326,0.863174022847,0.470588235294,0.786197569093,0.41766745858,2.25,1.88235294118,0.786197569093,2.25,0.166339869281,0.0612244897959,3,0.00441176470588,0.185952380952,17,17,17,1,0,0.352941176471,0.411764705882,0.235294117647,17,0.128676470588,1.90196078431,4.11764705882,3.18181818182,2.69230769231,1.57648156274,0.382859808093,0.201680672269,2.01465221053,0.978545359402,0.524369747899,1.74894926439,0.849489642704,0.463865546218,0.814492905316,0.428238537847,2.33333333333,1.90196078431,0.814492905316,2.33333333333,0,0,0,0,0.164242424242,17,17,17,1,0,0.352941176471,0.411764705882,0.235294117647,17,37,0.136029411765,1.88235294118,4.35294117647,3.36363636364,2.84615384615,1.69341284359,0.389027274878,0.193958664547,2.09866904602,0.964253345467,0.518282988871,1.87867287326,0.863174022847,0.470588235294,0.786197569093,0.41766745858,2.25,1.88235294118,0.786197569093,2.25,0.166339869281,0.0612244897959,3,0.00441176470588,0.185952380952,17,17,17,1,0,0.352941176471,0.411764705882,0.235294117647,0,0,0,0,0,0,0,0,0,0,0,0,0,0,0,0,0,0,0,0,0,0,0,0,0,0,0,0,0,37,0,0,235,1,1,0,0,1,1,1,1,1,1,2,2,0,0,0,0
1181,WLNM_dir_neg,1,0.5,00:00:01,10,30,32,1981780305,threshold_sweep,0.2,1,1,1,2,0,0,4,1,1,0,0,1,1,1,1,0.555555555556,1,1,1,37,35,2,0,37,0,35,0,2,17,37,0.136029411765,1.88235294118,4.35294117647,3.36363636364,2.84615384615,1.69341284359,0.389027274878,0.193958664547,2.09866904602,0.964253345467,0.518282988871,1.87867287326,0.863174022847,0.470588235294,0.786197569093,0.41766745858,2.25,1.88235294118,0.786197569093,2.25,0.166339869281,0.0612244897959,3,0.00441176470588,0.185952380952,17,17,17,1,0,0.352941176471,0.411764705882,0.235294117647,17,0.128676470588,1.90196078431,4.11764705882,3.18181818182,2.69230769231,1.57648156274,0.382859808093,0.201680672269,2.01465221053,0.978545359402,0.524369747899,1.74894926439,0.849489642704,0.463865546218,0.814492905316,0.428238537847,2.33333333333,1.90196078431,0.814492905316,2.33333333333,0,0,0,0,0.164242424242,17,17,17,1,0,0.352941176471,0.411764705882,0.235294117647,17,37,0.136029411765,1.88235294118,4.35294117647,3.36363636364,2.84615384615,1.69341284359,0.389027274878,0.193958664547,2.09866904602,0.964253345467,0.518282988871,1.87867287326,0.863174022847,0.470588235294,0.786197569093,0.41766745858,2.25,1.88235294118,0.786197569093,2.25,0.166339869281,0.0612244897959,3,0.00441176470588,0.185952380952,17,17,17,1,0,0.352941176471,0.411764705882,0.235294117647,0,0,0,0,0,0,0,0,0,0,0,0,0,0,0,0,0,0,0,0,0,0,0,0,0,0,0,0,0,37,0,0,235,1,1,0,0,1,1,1,1,1,1,2,2,0,0,0,0
1182,WLNM_dir_neg,1,0.5,00:00:01,10,30,32,1981780305,threshold_sweep,0.3,1,1,1,2,0,0,4,1,1,0,0,1,1,1,1,0.555555555556,1,1,1,37,35,2,0,37,0,35,0,2,17,37,0.136029411765,1.88235294118,4.35294117647,3.36363636364,2.84615384615,1.69341284359,0.389027274878,0.193958664547,2.09866904602,0.964253345467,0.518282988871,1.87867287326,0.863174022847,0.470588235294,0.786197569093,0.41766745858,2.25,1.88235294118,0.786197569093,2.25,0.166339869281,0.0612244897959,3,0.00441176470588,0.185952380952,17,17,17,1,0,0.352941176471,0.411764705882,0.235294117647,17,0.128676470588,1.90196078431,4.11764705882,3.18181818182,2.69230769231,1.57648156274,0.382859808093,0.201680672269,2.01465221053,0.978545359402,0.524369747899,1.74894926439,0.849489642704,0.463865546218,0.814492905316,0.428238537847,2.33333333333,1.90196078431,0.814492905316,2.33333333333,0,0,0,0,0.164242424242,17,17,17,1,0,0.352941176471,0.411764705882,0.235294117647,17,37,0.136029411765,1.88235294118,4.35294117647,3.36363636364,2.84615384615,1.69341284359,0.389027274878,0.193958664547,2.09866904602,0.964253345467,0.518282988871,1.87867287326,0.863174022847,0.470588235294,0.786197569093,0.41766745858,2.25,1.88235294118,0.786197569093,2.25,0.166339869281,0.0612244897959,3,0.00441176470588,0.185952380952,17,17,17,1,0,0.352941176471,0.411764705882,0.235294117647,0,0,0,0,0,0,0,0,0,0,0,0,0,0,0,0,0,0,0,0,0,0,0,0,0,0,0,0,0,37,0,0,235,1,1,0,0,1,1,1,1,1,1,2,2,0,0,0,0
1183,WLNM_dir_neg,1,0.5,00:00:01,10,30,32,1981780305,threshold_sweep,0.4,1,1,1,2,0,0,4,1,1,0,0,1,1,1,1,0.555555555556,1,1,1,37,35,2,0,37,0,35,0,2,17,37,0.136029411765,1.88235294118,4.35294117647,3.36363636364,2.84615384615,1.69341284359,0.389027274878,0.193958664547,2.09866904602,0.964253345467,0.518282988871,1.87867287326,0.863174022847,0.470588235294,0.786197569093,0.41766745858,2.25,1.88235294118,0.786197569093,2.25,0.166339869281,0.0612244897959,3,0.00441176470588,0.185952380952,17,17,17,1,0,0.352941176471,0.411764705882,0.235294117647,17,0.128676470588,1.90196078431,4.11764705882,3.18181818182,2.69230769231,1.57648156274,0.382859808093,0.201680672269,2.01465221053,0.978545359402,0.524369747899,1.74894926439,0.849489642704,0.463865546218,0.814492905316,0.428238537847,2.33333333333,1.90196078431,0.814492905316,2.33333333333,0,0,0,0,0.164242424242,17,17,17,1,0,0.352941176471,0.411764705882,0.235294117647,17,37,0.136029411765,1.88235294118,4.35294117647,3.36363636364,2.84615384615,1.69341284359,0.389027274878,0.193958664547,2.09866904602,0.964253345467,0.518282988871,1.87867287326,0.863174022847,0.470588235294,0.786197569093,0.41766745858,2.25,1.88235294118,0.786197569093,2.25,0.166339869281,0.0612244897959,3,0.00441176470588,0.185952380952,17,17,17,1,0,0.352941176471,0.411764705882,0.235294117647,0,0,0,0,0,0,0,0,0,0,0,0,0,0,0,0,0,0,0,0,0,0,0,0,0,0,0,0,0,37,0,0,235,1,1,0,0,1,1,1,1,1,1,2,2,0,0,0,0
1184,WLNM_dir_neg,1,0.5,00:00:01,10,30,32,1981780305,threshold_sweep,0.5,1,1,1,2,0,0,4,1,1,0,0,1,1,1,1,0.555555555556,1,1,1,37,35,2,0,37,0,35,0,2,17,37,0.136029411765,1.88235294118,4.35294117647,3.36363636364,2.84615384615,1.69341284359,0.389027274878,0.193958664547,2.09866904602,0.964253345467,0.518282988871,1.87867287326,0.863174022847,0.470588235294,0.786197569093,0.41766745858,2.25,1.88235294118,0.786197569093,2.25,0.166339869281,0.0612244897959,3,0.00441176470588,0.185952380952,17,17,17,1,0,0.352941176471,0.411764705882,0.235294117647,17,0.128676470588,1.90196078431,4.11764705882,3.18181818182,2.69230769231,1.57648156274,0.382859808093,0.201680672269,2.01465221053,0.978545359402,0.524369747899,1.74894926439,0.849489642704,0.463865546218,0.814492905316,0.428238537847,2.33333333333,1.90196078431,0.814492905316,2.33333333333,0,0,0,0,0.164242424242,17,17,17,1,0,0.352941176471,0.411764705882,0.235294117647,17,37,0.136029411765,1.88235294118,4.35294117647,3.36363636364,2.84615384615,1.69341284359,0.389027274878,0.193958664547,2.09866904602,0.964253345467,0.518282988871,1.87867287326,0.863174022847,0.470588235294,0.786197569093,0.41766745858,2.25,1.88235294118,0.786197569093,2.25,0.166339869281,0.0612244897959,3,0.00441176470588,0.185952380952,17,17,17,1,0,0.352941176471,0.411764705882,0.235294117647,0,0,0,0,0,0,0,0,0,0,0,0,0,0,0,0,0,0,0,0,0,0,0,0,0,0,0,0,0,37,0,0,235,1,1,0,0,1,1,1,1,1,1,2,2,0,0,0,0
1185,WLNM_dir_neg,1,0.5,00:00:01,10,30,32,1981780305,threshold_sweep,0.6,1,1,1,2,0,0,4,1,1,0,0,1,1,1,1,0.555555555556,1,1,1,37,35,2,0,37,0,35,0,2,17,37,0.136029411765,1.88235294118,4.35294117647,3.36363636364,2.84615384615,1.69341284359,0.389027274878,0.193958664547,2.09866904602,0.964253345467,0.518282988871,1.87867287326,0.863174022847,0.470588235294,0.786197569093,0.41766745858,2.25,1.88235294118,0.786197569093,2.25,0.166339869281,0.0612244897959,3,0.00441176470588,0.185952380952,17,17,17,1,0,0.352941176471,0.411764705882,0.235294117647,17,0.128676470588,1.90196078431,4.11764705882,3.18181818182,2.69230769231,1.57648156274,0.382859808093,0.201680672269,2.01465221053,0.978545359402,0.524369747899,1.74894926439,0.849489642704,0.463865546218,0.814492905316,0.428238537847,2.33333333333,1.90196078431,0.814492905316,2.33333333333,0,0,0,0,0.164242424242,17,17,17,1,0,0.352941176471,0.411764705882,0.235294117647,17,37,0.136029411765,1.88235294118,4.35294117647,3.36363636364,2.84615384615,1.69341284359,0.389027274878,0.193958664547,2.09866904602,0.964253345467,0.518282988871,1.87867287326,0.863174022847,0.470588235294,0.786197569093,0.41766745858,2.25,1.88235294118,0.786197569093,2.25,0.166339869281,0.0612244897959,3,0.00441176470588,0.185952380952,17,17,17,1,0,0.352941176471,0.411764705882,0.235294117647,0,0,0,0,0,0,0,0,0,0,0,0,0,0,0,0,0,0,0,0,0,0,0,0,0,0,0,0,0,37,0,0,235,1,1,0,0,1,1,1,1,1,1,2,2,0,0,0,0
1186,WLNM_dir_neg,1,0.5,00:00:01,10,30,32,1981780305,threshold_sweep,0.7,1,1,1,2,0,0,4,1,1,0,0,1,1,1,1,0.555555555556,1,1,1,37,35,2,0,37,0,35,0,2,17,37,0.136029411765,1.88235294118,4.35294117647,3.36363636364,2.84615384615,1.69341284359,0.389027274878,0.193958664547,2.09866904602,0.964253345467,0.518282988871,1.87867287326,0.863174022847,0.470588235294,0.786197569093,0.41766745858,2.25,1.88235294118,0.786197569093,2.25,0.166339869281,0.0612244897959,3,0.00441176470588,0.185952380952,17,17,17,1,0,0.352941176471,0.411764705882,0.235294117647,17,0.128676470588,1.90196078431,4.11764705882,3.18181818182,2.69230769231,1.57648156274,0.382859808093,0.201680672269,2.01465221053,0.978545359402,0.524369747899,1.74894926439,0.849489642704,0.463865546218,0.814492905316,0.428238537847,2.33333333333,1.90196078431,0.814492905316,2.33333333333,0,0,0,0,0.164242424242,17,17,17,1,0,0.352941176471,0.411764705882,0.235294117647,17,37,0.136029411765,1.88235294118,4.35294117647,3.36363636364,2.84615384615,1.69341284359,0.389027274878,0.193958664547,2.09866904602,0.964253345467,0.518282988871,1.87867287326,0.863174022847,0.470588235294,0.786197569093,0.41766745858,2.25,1.88235294118,0.786197569093,2.25,0.166339869281,0.0612244897959,3,0.00441176470588,0.185952380952,17,17,17,1,0,0.352941176471,0.411764705882,0.235294117647,0,0,0,0,0,0,0,0,0,0,0,0,0,0,0,0,0,0,0,0,0,0,0,0,0,0,0,0,0,37,0,0,235,1,1,0,0,1,1,1,1,1,1,2,2,0,0,0,0
1187,WLNM_dir_neg,1,0.5,00:00:01,10,30,32,1981780305,threshold_sweep,0.8,1,1,1,2,0,0,4,1,1,0,0,1,1,1,1,0.555555555556,1,1,1,37,35,2,0,37,0,35,0,2,17,37,0.136029411765,1.88235294118,4.35294117647,3.36363636364,2.84615384615,1.69341284359,0.389027274878,0.193958664547,2.09866904602,0.964253345467,0.518282988871,1.87867287326,0.863174022847,0.470588235294,0.786197569093,0.41766745858,2.25,1.88235294118,0.786197569093,2.25,0.166339869281,0.0612244897959,3,0.00441176470588,0.185952380952,17,17,17,1,0,0.352941176471,0.411764705882,0.235294117647,17,0.128676470588,1.90196078431,4.11764705882,3.18181818182,2.69230769231,1.57648156274,0.382859808093,0.201680672269,2.01465221053,0.978545359402,0.524369747899,1.74894926439,0.849489642704,0.463865546218,0.814492905316,0.428238537847,2.33333333333,1.90196078431,0.814492905316,2.33333333333,0,0,0,0,0.164242424242,17,17,17,1,0,0.352941176471,0.411764705882,0.235294117647,17,37,0.136029411765,1.88235294118,4.35294117647,3.36363636364,2.84615384615,1.69341284359,0.389027274878,0.193958664547,2.09866904602,0.964253345467,0.518282988871,1.87867287326,0.863174022847,0.470588235294,0.786197569093,0.41766745858,2.25,1.88235294118,0.786197569093,2.25,0.166339869281,0.0612244897959,3,0.00441176470588,0.185952380952,17,17,17,1,0,0.352941176471,0.411764705882,0.235294117647,0,0,0,0,0,0,0,0,0,0,0,0,0,0,0,0,0,0,0,0,0,0,0,0,0,0,0,0,0,37,0,0,235,1,1,0,0,1,1,1,1,1,1,2,2,0,0,0,0
1188,WLNM_dir_neg,1,0.5,00:00:01,10,30,32,1981780305,threshold_sweep,0.9,1,1,1,2,0,0,4,1,1,0,0,1,1,1,1,0.555555555556,1,1,1,37,35,2,0,37,0,35,0,2,17,37,0.136029411765,1.88235294118,4.35294117647,3.36363636364,2.84615384615,1.69341284359,0.389027274878,0.193958664547,2.09866904602,0.964253345467,0.518282988871,1.87867287326,0.863174022847,0.470588235294,0.786197569093,0.41766745858,2.25,1.88235294118,0.786197569093,2.25,0.166339869281,0.0612244897959,3,0.00441176470588,0.185952380952,17,17,17,1,0,0.352941176471,0.411764705882,0.235294117647,17,0.128676470588,1.90196078431,4.11764705882,3.18181818182,2.69230769231,1.57648156274,0.382859808093,0.201680672269,2.01465221053,0.978545359402,0.524369747899,1.74894926439,0.849489642704,0.463865546218,0.814492905316,0.428238537847,2.33333333333,1.90196078431,0.814492905316,2.33333333333,0,0,0,0,0.164242424242,17,17,17,1,0,0.352941176471,0.411764705882,0.235294117647,17,37,0.136029411765,1.88235294118,4.35294117647,3.36363636364,2.84615384615,1.69341284359,0.389027274878,0.193958664547,2.09866904602,0.964253345467,0.518282988871,1.87867287326,0.863174022847,0.470588235294,0.786197569093,0.41766745858,2.25,1.88235294118,0.786197569093,2.25,0.166339869281,0.0612244897959,3,0.00441176470588,0.185952380952,17,17,17,1,0,0.352941176471,0.411764705882,0.235294117647,0,0,0,0,0,0,0,0,0,0,0,0,0,0,0,0,0,0,0,0,0,0,0,0,0,0,0,0,0,37,0,0,235,1,1,0,0,1,1,1,1,1,1,2,2,0,0,0,0
1189,WLNM_dir_neg,1,0.5,00:00:01,10,30,33,1981780306,threshold_sweep,0.1,1,1,1,2,0,0,4,1,1,0,0,1,1,1,1,0.555555555556,1,1,1,37,35,2,0,37,0,35,0,2,17,37,0.136029411765,1.88235294118,4.35294117647,3.36363636364,2.84615384615,1.69341284359,0.389027274878,0.193958664547,2.09866904602,0.964253345467,0.518282988871,1.87867287326,0.863174022847,0.470588235294,0.786197569093,0.41766745858,2.25,1.88235294118,0.786197569093,2.25,0.166339869281,0.0612244897959,3,0.00441176470588,0.185952380952,17,17,17,1,0,0.352941176471,0.411764705882,0.235294117647,17,0.128676470588,1.90196078431,4.11764705882,3.18181818182,2.69230769231,1.57648156274,0.382859808093,0.201680672269,2.01465221053,0.978545359402,0.524369747899,1.74894926439,0.849489642704,0.463865546218,0.814492905316,0.428238537847,2.33333333333,1.90196078431,0.814492905316,2.33333333333,0,0,0,0,0.164242424242,17,17,17,1,0,0.352941176471,0.411764705882,0.235294117647,17,37,0.136029411765,1.88235294118,4.35294117647,3.36363636364,2.84615384615,1.69341284359,0.389027274878,0.193958664547,2.09866904602,0.964253345467,0.518282988871,1.87867287326,0.863174022847,0.470588235294,0.786197569093,0.41766745858,2.25,1.88235294118,0.786197569093,2.25,0.166339869281,0.0612244897959,3,0.00441176470588,0.185952380952,17,17,17,1,0,0.352941176471,0.411764705882,0.235294117647,0,0,0,0,0,0,0,0,0,0,0,0,0,0,0,0,0,0,0,0,0,0,0,0,0,0,0,0,0,37,0,0,235,1,1,0,0,1,1,1,1,1,1,2,2,0,0,0,0
1190,WLNM_dir_neg,1,0.5,00:00:01,10,30,33,1981780306,threshold_sweep,0.2,1,1,1,2,0,0,4,1,1,0,0,1,1,1,1,0.555555555556,1,1,1,37,35,2,0,37,0,35,0,2,17,37,0.136029411765,1.88235294118,4.35294117647,3.36363636364,2.84615384615,1.69341284359,0.389027274878,0.193958664547,2.09866904602,0.964253345467,0.518282988871,1.87867287326,0.863174022847,0.470588235294,0.786197569093,0.41766745858,2.25,1.88235294118,0.786197569093,2.25,0.166339869281,0.0612244897959,3,0.00441176470588,0.185952380952,17,17,17,1,0,0.352941176471,0.411764705882,0.235294117647,17,0.128676470588,1.90196078431,4.11764705882,3.18181818182,2.69230769231,1.57648156274,0.382859808093,0.201680672269,2.01465221053,0.978545359402,0.524369747899,1.74894926439,0.849489642704,0.463865546218,0.814492905316,0.428238537847,2.33333333333,1.90196078431,0.814492905316,2.33333333333,0,0,0,0,0.164242424242,17,17,17,1,0,0.352941176471,0.411764705882,0.235294117647,17,37,0.136029411765,1.88235294118,4.35294117647,3.36363636364,2.84615384615,1.69341284359,0.389027274878,0.193958664547,2.09866904602,0.964253345467,0.518282988871,1.87867287326,0.863174022847,0.470588235294,0.786197569093,0.41766745858,2.25,1.88235294118,0.786197569093,2.25,0.166339869281,0.0612244897959,3,0.00441176470588,0.185952380952,17,17,17,1,0,0.352941176471,0.411764705882,0.235294117647,0,0,0,0,0,0,0,0,0,0,0,0,0,0,0,0,0,0,0,0,0,0,0,0,0,0,0,0,0,37,0,0,235,1,1,0,0,1,1,1,1,1,1,2,2,0,0,0,0
1191,WLNM_dir_neg,1,0.5,00:00:01,10,30,33,1981780306,threshold_sweep,0.3,1,1,1,2,0,0,4,1,1,0,0,1,1,1,1,0.555555555556,1,1,1,37,35,2,0,37,0,35,0,2,17,37,0.136029411765,1.88235294118,4.35294117647,3.36363636364,2.84615384615,1.69341284359,0.389027274878,0.193958664547,2.09866904602,0.964253345467,0.518282988871,1.87867287326,0.863174022847,0.470588235294,0.786197569093,0.41766745858,2.25,1.88235294118,0.786197569093,2.25,0.166339869281,0.0612244897959,3,0.00441176470588,0.185952380952,17,17,17,1,0,0.352941176471,0.411764705882,0.235294117647,17,0.128676470588,1.90196078431,4.11764705882,3.18181818182,2.69230769231,1.57648156274,0.382859808093,0.201680672269,2.01465221053,0.978545359402,0.524369747899,1.74894926439,0.849489642704,0.463865546218,0.814492905316,0.428238537847,2.33333333333,1.90196078431,0.814492905316,2.33333333333,0,0,0,0,0.164242424242,17,17,17,1,0,0.352941176471,0.411764705882,0.235294117647,17,37,0.136029411765,1.88235294118,4.35294117647,3.36363636364,2.84615384615,1.69341284359,0.389027274878,0.193958664547,2.09866904602,0.964253345467,0.518282988871,1.87867287326,0.863174022847,0.470588235294,0.786197569093,0.41766745858,2.25,1.88235294118,0.786197569093,2.25,0.166339869281,0.0612244897959,3,0.00441176470588,0.185952380952,17,17,17,1,0,0.352941176471,0.411764705882,0.235294117647,0,0,0,0,0,0,0,0,0,0,0,0,0,0,0,0,0,0,0,0,0,0,0,0,0,0,0,0,0,37,0,0,235,1,1,0,0,1,1,1,1,1,1,2,2,0,0,0,0
1192,WLNM_dir_neg,1,0.5,00:00:01,10,30,33,1981780306,threshold_sweep,0.4,1,1,1,2,0,0,4,1,1,0,0,1,1,1,1,0.555555555556,1,1,1,37,35,2,0,37,0,35,0,2,17,37,0.136029411765,1.88235294118,4.35294117647,3.36363636364,2.84615384615,1.69341284359,0.389027274878,0.193958664547,2.09866904602,0.964253345467,0.518282988871,1.87867287326,0.863174022847,0.470588235294,0.786197569093,0.41766745858,2.25,1.88235294118,0.786197569093,2.25,0.166339869281,0.0612244897959,3,0.00441176470588,0.185952380952,17,17,17,1,0,0.352941176471,0.411764705882,0.235294117647,17,0.128676470588,1.90196078431,4.11764705882,3.18181818182,2.69230769231,1.57648156274,0.382859808093,0.201680672269,2.01465221053,0.978545359402,0.524369747899,1.74894926439,0.849489642704,0.463865546218,0.814492905316,0.428238537847,2.33333333333,1.90196078431,0.814492905316,2.33333333333,0,0,0,0,0.164242424242,17,17,17,1,0,0.352941176471,0.411764705882,0.235294117647,17,37,0.136029411765,1.88235294118,4.35294117647,3.36363636364,2.84615384615,1.69341284359,0.389027274878,0.193958664547,2.09866904602,0.964253345467,0.518282988871,1.87867287326,0.863174022847,0.470588235294,0.786197569093,0.41766745858,2.25,1.88235294118,0.786197569093,2.25,0.166339869281,0.0612244897959,3,0.00441176470588,0.185952380952,17,17,17,1,0,0.352941176471,0.411764705882,0.235294117647,0,0,0,0,0,0,0,0,0,0,0,0,0,0,0,0,0,0,0,0,0,0,0,0,0,0,0,0,0,37,0,0,235,1,1,0,0,1,1,1,1,1,1,2,2,0,0,0,0
1193,WLNM_dir_neg,1,0.5,00:00:01,10,30,33,1981780306,threshold_sweep,0.5,1,1,1,2,0,0,4,1,1,0,0,1,1,1,1,0.555555555556,1,1,1,37,35,2,0,37,0,35,0,2,17,37,0.136029411765,1.88235294118,4.35294117647,3.36363636364,2.84615384615,1.69341284359,0.389027274878,0.193958664547,2.09866904602,0.964253345467,0.518282988871,1.87867287326,0.863174022847,0.470588235294,0.786197569093,0.41766745858,2.25,1.88235294118,0.786197569093,2.25,0.166339869281,0.0612244897959,3,0.00441176470588,0.185952380952,17,17,17,1,0,0.352941176471,0.411764705882,0.235294117647,17,0.128676470588,1.90196078431,4.11764705882,3.18181818182,2.69230769231,1.57648156274,0.382859808093,0.201680672269,2.01465221053,0.978545359402,0.524369747899,1.74894926439,0.849489642704,0.463865546218,0.814492905316,0.428238537847,2.33333333333,1.90196078431,0.814492905316,2.33333333333,0,0,0,0,0.164242424242,17,17,17,1,0,0.352941176471,0.411764705882,0.235294117647,17,37,0.136029411765,1.88235294118,4.35294117647,3.36363636364,2.84615384615,1.69341284359,0.389027274878,0.193958664547,2.09866904602,0.964253345467,0.518282988871,1.87867287326,0.863174022847,0.470588235294,0.786197569093,0.41766745858,2.25,1.88235294118,0.786197569093,2.25,0.166339869281,0.0612244897959,3,0.00441176470588,0.185952380952,17,17,17,1,0,0.352941176471,0.411764705882,0.235294117647,0,0,0,0,0,0,0,0,0,0,0,0,0,0,0,0,0,0,0,0,0,0,0,0,0,0,0,0,0,37,0,0,235,1,1,0,0,1,1,1,1,1,1,2,2,0,0,0,0
1194,WLNM_dir_neg,1,0.5,00:00:01,10,30,33,1981780306,threshold_sweep,0.6,1,1,1,2,0,0,4,1,1,0,0,1,1,1,1,0.555555555556,1,1,1,37,35,2,0,37,0,35,0,2,17,37,0.136029411765,1.88235294118,4.35294117647,3.36363636364,2.84615384615,1.69341284359,0.389027274878,0.193958664547,2.09866904602,0.964253345467,0.518282988871,1.87867287326,0.863174022847,0.470588235294,0.786197569093,0.41766745858,2.25,1.88235294118,0.786197569093,2.25,0.166339869281,0.0612244897959,3,0.00441176470588,0.185952380952,17,17,17,1,0,0.352941176471,0.411764705882,0.235294117647,17,0.128676470588,1.90196078431,4.11764705882,3.18181818182,2.69230769231,1.57648156274,0.382859808093,0.201680672269,2.01465221053,0.978545359402,0.524369747899,1.74894926439,0.849489642704,0.463865546218,0.814492905316,0.428238537847,2.33333333333,1.90196078431,0.814492905316,2.33333333333,0,0,0,0,0.164242424242,17,17,17,1,0,0.352941176471,0.411764705882,0.235294117647,17,37,0.136029411765,1.88235294118,4.35294117647,3.36363636364,2.84615384615,1.69341284359,0.389027274878,0.193958664547,2.09866904602,0.964253345467,0.518282988871,1.87867287326,0.863174022847,0.470588235294,0.786197569093,0.41766745858,2.25,1.88235294118,0.786197569093,2.25,0.166339869281,0.0612244897959,3,0.00441176470588,0.185952380952,17,17,17,1,0,0.352941176471,0.411764705882,0.235294117647,0,0,0,0,0,0,0,0,0,0,0,0,0,0,0,0,0,0,0,0,0,0,0,0,0,0,0,0,0,37,0,0,235,1,1,0,0,1,1,1,1,1,1,2,2,0,0,0,0
1195,WLNM_dir_neg,1,0.5,00:00:01,10,30,33,1981780306,threshold_sweep,0.7,1,1,1,2,0,0,4,1,1,0,0,1,1,1,1,0.555555555556,1,1,1,37,35,2,0,37,0,35,0,2,17,37,0.136029411765,1.88235294118,4.35294117647,3.36363636364,2.84615384615,1.69341284359,0.389027274878,0.193958664547,2.09866904602,0.964253345467,0.518282988871,1.87867287326,0.863174022847,0.470588235294,0.786197569093,0.41766745858,2.25,1.88235294118,0.786197569093,2.25,0.166339869281,0.0612244897959,3,0.00441176470588,0.185952380952,17,17,17,1,0,0.352941176471,0.411764705882,0.235294117647,17,0.128676470588,1.90196078431,4.11764705882,3.18181818182,2.69230769231,1.57648156274,0.382859808093,0.201680672269,2.01465221053,0.978545359402,0.524369747899,1.74894926439,0.849489642704,0.463865546218,0.814492905316,0.428238537847,2.33333333333,1.90196078431,0.814492905316,2.33333333333,0,0,0,0,0.164242424242,17,17,17,1,0,0.352941176471,0.411764705882,0.235294117647,17,37,0.136029411765,1.88235294118,4.35294117647,3.36363636364,2.84615384615,1.69341284359,0.389027274878,0.193958664547,2.09866904602,0.964253345467,0.518282988871,1.87867287326,0.863174022847,0.470588235294,0.786197569093,0.41766745858,2.25,1.88235294118,0.786197569093,2.25,0.166339869281,0.0612244897959,3,0.00441176470588,0.185952380952,17,17,17,1,0,0.352941176471,0.411764705882,0.235294117647,0,0,0,0,0,0,0,0,0,0,0,0,0,0,0,0,0,0,0,0,0,0,0,0,0,0,0,0,0,37,0,0,235,1,1,0,0,1,1,1,1,1,1,2,2,0,0,0,0
1196,WLNM_dir_neg,1,0.5,00:00:01,10,30,33,1981780306,threshold_sweep,0.8,1,1,1,2,0,0,4,1,1,0,0,1,1,1,1,0.555555555556,1,1,1,37,35,2,0,37,0,35,0,2,17,37,0.136029411765,1.88235294118,4.35294117647,3.36363636364,2.84615384615,1.69341284359,0.389027274878,0.193958664547,2.09866904602,0.964253345467,0.518282988871,1.87867287326,0.863174022847,0.470588235294,0.786197569093,0.41766745858,2.25,1.88235294118,0.786197569093,2.25,0.166339869281,0.0612244897959,3,0.00441176470588,0.185952380952,17,17,17,1,0,0.352941176471,0.411764705882,0.235294117647,17,0.128676470588,1.90196078431,4.11764705882,3.18181818182,2.69230769231,1.57648156274,0.382859808093,0.201680672269,2.01465221053,0.978545359402,0.524369747899,1.74894926439,0.849489642704,0.463865546218,0.814492905316,0.428238537847,2.33333333333,1.90196078431,0.814492905316,2.33333333333,0,0,0,0,0.164242424242,17,17,17,1,0,0.352941176471,0.411764705882,0.235294117647,17,37,0.136029411765,1.88235294118,4.35294117647,3.36363636364,2.84615384615,1.69341284359,0.389027274878,0.193958664547,2.09866904602,0.964253345467,0.518282988871,1.87867287326,0.863174022847,0.470588235294,0.786197569093,0.41766745858,2.25,1.88235294118,0.786197569093,2.25,0.166339869281,0.0612244897959,3,0.00441176470588,0.185952380952,17,17,17,1,0,0.352941176471,0.411764705882,0.235294117647,0,0,0,0,0,0,0,0,0,0,0,0,0,0,0,0,0,0,0,0,0,0,0,0,0,0,0,0,0,37,0,0,235,1,1,0,0,1,1,1,1,1,1,2,2,0,0,0,0
1197,WLNM_dir_neg,1,0.5,00:00:01,10,30,33,1981780306,threshold_sweep,0.9,1,1,1,2,0,0,4,1,1,0,0,1,1,1,1,0.555555555556,1,1,1,37,35,2,0,37,0,35,0,2,17,37,0.136029411765,1.88235294118,4.35294117647,3.36363636364,2.84615384615,1.69341284359,0.389027274878,0.193958664547,2.09866904602,0.964253345467,0.518282988871,1.87867287326,0.863174022847,0.470588235294,0.786197569093,0.41766745858,2.25,1.88235294118,0.786197569093,2.25,0.166339869281,0.0612244897959,3,0.00441176470588,0.185952380952,17,17,17,1,0,0.352941176471,0.411764705882,0.235294117647,17,0.128676470588,1.90196078431,4.11764705882,3.18181818182,2.69230769231,1.57648156274,0.382859808093,0.201680672269,2.01465221053,0.978545359402,0.524369747899,1.74894926439,0.849489642704,0.463865546218,0.814492905316,0.428238537847,2.33333333333,1.90196078431,0.814492905316,2.33333333333,0,0,0,0,0.164242424242,17,17,17,1,0,0.352941176471,0.411764705882,0.235294117647,17,37,0.136029411765,1.88235294118,4.35294117647,3.36363636364,2.84615384615,1.69341284359,0.389027274878,0.193958664547,2.09866904602,0.964253345467,0.518282988871,1.87867287326,0.863174022847,0.470588235294,0.786197569093,0.41766745858,2.25,1.88235294118,0.786197569093,2.25,0.166339869281,0.0612244897959,3,0.00441176470588,0.185952380952,17,17,17,1,0,0.352941176471,0.411764705882,0.235294117647,0,0,0,0,0,0,0,0,0,0,0,0,0,0,0,0,0,0,0,0,0,0,0,0,0,0,0,0,0,37,0,0,235,1,1,0,0,1,1,1,1,1,1,2,2,0,0,0,0
1198,WLNM_dir_neg,1,0.5,00:00:01,10,30,34,1981780307,threshold_sweep,0.1,1,1,1,2,0,0,4,1,1,0,0,1,1,1,1,0.555555555556,1,1,1,37,35,2,0,37,0,35,0,2,17,37,0.136029411765,1.88235294118,4.35294117647,3.36363636364,2.84615384615,1.69341284359,0.389027274878,0.193958664547,2.09866904602,0.964253345467,0.518282988871,1.87867287326,0.863174022847,0.470588235294,0.786197569093,0.41766745858,2.25,1.88235294118,0.786197569093,2.25,0.166339869281,0.0612244897959,3,0.00441176470588,0.185952380952,17,17,17,1,0,0.352941176471,0.411764705882,0.235294117647,17,0.128676470588,1.90196078431,4.11764705882,3.18181818182,2.69230769231,1.57648156274,0.382859808093,0.201680672269,2.01465221053,0.978545359402,0.524369747899,1.74894926439,0.849489642704,0.463865546218,0.814492905316,0.428238537847,2.33333333333,1.90196078431,0.814492905316,2.33333333333,0,0,0,0,0.164242424242,17,17,17,1,0,0.352941176471,0.411764705882,0.235294117647,17,37,0.136029411765,1.88235294118,4.35294117647,3.36363636364,2.84615384615,1.69341284359,0.389027274878,0.193958664547,2.09866904602,0.964253345467,0.518282988871,1.87867287326,0.863174022847,0.470588235294,0.786197569093,0.41766745858,2.25,1.88235294118,0.786197569093,2.25,0.166339869281,0.0612244897959,3,0.00441176470588,0.185952380952,17,17,17,1,0,0.352941176471,0.411764705882,0.235294117647,0,0,0,0,0,0,0,0,0,0,0,0,0,0,0,0,0,0,0,0,0,0,0,0,0,0,0,0,0,37,0,0,235,1,1,0,0,1,1,1,1,1,1,2,2,0,0,0,0
1199,WLNM_dir_neg,1,0.5,00:00:01,10,30,34,1981780307,threshold_sweep,0.2,1,1,1,2,0,0,4,1,1,0,0,1,1,1,1,0.555555555556,1,1,1,37,35,2,0,37,0,35,0,2,17,37,0.136029411765,1.88235294118,4.35294117647,3.36363636364,2.84615384615,1.69341284359,0.389027274878,0.193958664547,2.09866904602,0.964253345467,0.518282988871,1.87867287326,0.863174022847,0.470588235294,0.786197569093,0.41766745858,2.25,1.88235294118,0.786197569093,2.25,0.166339869281,0.0612244897959,3,0.00441176470588,0.185952380952,17,17,17,1,0,0.352941176471,0.411764705882,0.235294117647,17,0.128676470588,1.90196078431,4.11764705882,3.18181818182,2.69230769231,1.57648156274,0.382859808093,0.201680672269,2.01465221053,0.978545359402,0.524369747899,1.74894926439,0.849489642704,0.463865546218,0.814492905316,0.428238537847,2.33333333333,1.90196078431,0.814492905316,2.33333333333,0,0,0,0,0.164242424242,17,17,17,1,0,0.352941176471,0.411764705882,0.235294117647,17,37,0.136029411765,1.88235294118,4.35294117647,3.36363636364,2.84615384615,1.69341284359,0.389027274878,0.193958664547,2.09866904602,0.964253345467,0.518282988871,1.87867287326,0.863174022847,0.470588235294,0.786197569093,0.41766745858,2.25,1.88235294118,0.786197569093,2.25,0.166339869281,0.0612244897959,3,0.00441176470588,0.185952380952,17,17,17,1,0,0.352941176471,0.411764705882,0.235294117647,0,0,0,0,0,0,0,0,0,0,0,0,0,0,0,0,0,0,0,0,0,0,0,0,0,0,0,0,0,37,0,0,235,1,1,0,0,1,1,1,1,1,1,2,2,0,0,0,0
1200,WLNM_dir_neg,1,0.5,00:00:01,10,30,34,1981780307,threshold_sweep,0.3,1,1,1,2,0,0,4,1,1,0,0,1,1,1,1,0.555555555556,1,1,1,37,35,2,0,37,0,35,0,2,17,37,0.136029411765,1.88235294118,4.35294117647,3.36363636364,2.84615384615,1.69341284359,0.389027274878,0.193958664547,2.09866904602,0.964253345467,0.518282988871,1.87867287326,0.863174022847,0.470588235294,0.786197569093,0.41766745858,2.25,1.88235294118,0.786197569093,2.25,0.166339869281,0.0612244897959,3,0.00441176470588,0.185952380952,17,17,17,1,0,0.352941176471,0.411764705882,0.235294117647,17,0.128676470588,1.90196078431,4.11764705882,3.18181818182,2.69230769231,1.57648156274,0.382859808093,0.201680672269,2.01465221053,0.978545359402,0.524369747899,1.74894926439,0.849489642704,0.463865546218,0.814492905316,0.428238537847,2.33333333333,1.90196078431,0.814492905316,2.33333333333,0,0,0,0,0.164242424242,17,17,17,1,0,0.352941176471,0.411764705882,0.235294117647,17,37,0.136029411765,1.88235294118,4.35294117647,3.36363636364,2.84615384615,1.69341284359,0.389027274878,0.193958664547,2.09866904602,0.964253345467,0.518282988871,1.87867287326,0.863174022847,0.470588235294,0.786197569093,0.41766745858,2.25,1.88235294118,0.786197569093,2.25,0.166339869281,0.0612244897959,3,0.00441176470588,0.185952380952,17,17,17,1,0,0.352941176471,0.411764705882,0.235294117647,0,0,0,0,0,0,0,0,0,0,0,0,0,0,0,0,0,0,0,0,0,0,0,0,0,0,0,0,0,37,0,0,235,1,1,0,0,1,1,1,1,1,1,2,2,0,0,0,0
1201,WLNM_dir_neg,1,0.5,00:00:01,10,30,34,1981780307,threshold_sweep,0.4,1,1,1,2,0,0,4,1,1,0,0,1,1,1,1,0.555555555556,1,1,1,37,35,2,0,37,0,35,0,2,17,37,0.136029411765,1.88235294118,4.35294117647,3.36363636364,2.84615384615,1.69341284359,0.389027274878,0.193958664547,2.09866904602,0.964253345467,0.518282988871,1.87867287326,0.863174022847,0.470588235294,0.786197569093,0.41766745858,2.25,1.88235294118,0.786197569093,2.25,0.166339869281,0.0612244897959,3,0.00441176470588,0.185952380952,17,17,17,1,0,0.352941176471,0.411764705882,0.235294117647,17,0.128676470588,1.90196078431,4.11764705882,3.18181818182,2.69230769231,1.57648156274,0.382859808093,0.201680672269,2.01465221053,0.978545359402,0.524369747899,1.74894926439,0.849489642704,0.463865546218,0.814492905316,0.428238537847,2.33333333333,1.90196078431,0.814492905316,2.33333333333,0,0,0,0,0.164242424242,17,17,17,1,0,0.352941176471,0.411764705882,0.235294117647,17,37,0.136029411765,1.88235294118,4.35294117647,3.36363636364,2.84615384615,1.69341284359,0.389027274878,0.193958664547,2.09866904602,0.964253345467,0.518282988871,1.87867287326,0.863174022847,0.470588235294,0.786197569093,0.41766745858,2.25,1.88235294118,0.786197569093,2.25,0.166339869281,0.0612244897959,3,0.00441176470588,0.185952380952,17,17,17,1,0,0.352941176471,0.411764705882,0.235294117647,0,0,0,0,0,0,0,0,0,0,0,0,0,0,0,0,0,0,0,0,0,0,0,0,0,0,0,0,0,37,0,0,235,1,1,0,0,1,1,1,1,1,1,2,2,0,0,0,0
1202,WLNM_dir_neg,1,0.5,00:00:01,10,30,34,1981780307,threshold_sweep,0.5,1,1,1,2,0,0,4,1,1,0,0,1,1,1,1,0.555555555556,1,1,1,37,35,2,0,37,0,35,0,2,17,37,0.136029411765,1.88235294118,4.35294117647,3.36363636364,2.84615384615,1.69341284359,0.389027274878,0.193958664547,2.09866904602,0.964253345467,0.518282988871,1.87867287326,0.863174022847,0.470588235294,0.786197569093,0.41766745858,2.25,1.88235294118,0.786197569093,2.25,0.166339869281,0.0612244897959,3,0.00441176470588,0.185952380952,17,17,17,1,0,0.352941176471,0.411764705882,0.235294117647,17,0.128676470588,1.90196078431,4.11764705882,3.18181818182,2.69230769231,1.57648156274,0.382859808093,0.201680672269,2.01465221053,0.978545359402,0.524369747899,1.74894926439,0.849489642704,0.463865546218,0.814492905316,0.428238537847,2.33333333333,1.90196078431,0.814492905316,2.33333333333,0,0,0,0,0.164242424242,17,17,17,1,0,0.352941176471,0.411764705882,0.235294117647,17,37,0.136029411765,1.88235294118,4.35294117647,3.36363636364,2.84615384615,1.69341284359,0.389027274878,0.193958664547,2.09866904602,0.964253345467,0.518282988871,1.87867287326,0.863174022847,0.470588235294,0.786197569093,0.41766745858,2.25,1.88235294118,0.786197569093,2.25,0.166339869281,0.0612244897959,3,0.00441176470588,0.185952380952,17,17,17,1,0,0.352941176471,0.411764705882,0.235294117647,0,0,0,0,0,0,0,0,0,0,0,0,0,0,0,0,0,0,0,0,0,0,0,0,0,0,0,0,0,37,0,0,235,1,1,0,0,1,1,1,1,1,1,2,2,0,0,0,0
1203,WLNM_dir_neg,1,0.5,00:00:01,10,30,34,1981780307,threshold_sweep,0.6,1,1,1,2,0,0,4,1,1,0,0,1,1,1,1,0.555555555556,1,1,1,37,35,2,0,37,0,35,0,2,17,37,0.136029411765,1.88235294118,4.35294117647,3.36363636364,2.84615384615,1.69341284359,0.389027274878,0.193958664547,2.09866904602,0.964253345467,0.518282988871,1.87867287326,0.863174022847,0.470588235294,0.786197569093,0.41766745858,2.25,1.88235294118,0.786197569093,2.25,0.166339869281,0.0612244897959,3,0.00441176470588,0.185952380952,17,17,17,1,0,0.352941176471,0.411764705882,0.235294117647,17,0.128676470588,1.90196078431,4.11764705882,3.18181818182,2.69230769231,1.57648156274,0.382859808093,0.201680672269,2.01465221053,0.978545359402,0.524369747899,1.74894926439,0.849489642704,0.463865546218,0.814492905316,0.428238537847,2.33333333333,1.90196078431,0.814492905316,2.33333333333,0,0,0,0,0.164242424242,17,17,17,1,0,0.352941176471,0.411764705882,0.235294117647,17,37,0.136029411765,1.88235294118,4.35294117647,3.36363636364,2.84615384615,1.69341284359,0.389027274878,0.193958664547,2.09866904602,0.964253345467,0.518282988871,1.87867287326,0.863174022847,0.470588235294,0.786197569093,0.41766745858,2.25,1.88235294118,0.786197569093,2.25,0.166339869281,0.0612244897959,3,0.00441176470588,0.185952380952,17,17,17,1,0,0.352941176471,0.411764705882,0.235294117647,0,0,0,0,0,0,0,0,0,0,0,0,0,0,0,0,0,0,0,0,0,0,0,0,0,0,0,0,0,37,0,0,235,1,1,0,0,1,1,1,1,1,1,2,2,0,0,0,0
1204,WLNM_dir_neg,1,0.5,00:00:01,10,30,34,1981780307,threshold_sweep,0.7,1,1,1,2,0,0,4,1,1,0,0,1,1,1,1,0.555555555556,1,1,1,37,35,2,0,37,0,35,0,2,17,37,0.136029411765,1.88235294118,4.35294117647,3.36363636364,2.84615384615,1.69341284359,0.389027274878,0.193958664547,2.09866904602,0.964253345467,0.518282988871,1.87867287326,0.863174022847,0.470588235294,0.786197569093,0.41766745858,2.25,1.88235294118,0.786197569093,2.25,0.166339869281,0.0612244897959,3,0.00441176470588,0.185952380952,17,17,17,1,0,0.352941176471,0.411764705882,0.235294117647,17,0.128676470588,1.90196078431,4.11764705882,3.18181818182,2.69230769231,1.57648156274,0.382859808093,0.201680672269,2.01465221053,0.978545359402,0.524369747899,1.74894926439,0.849489642704,0.463865546218,0.814492905316,0.428238537847,2.33333333333,1.90196078431,0.814492905316,2.33333333333,0,0,0,0,0.164242424242,17,17,17,1,0,0.352941176471,0.411764705882,0.235294117647,17,37,0.136029411765,1.88235294118,4.35294117647,3.36363636364,2.84615384615,1.69341284359,0.389027274878,0.193958664547,2.09866904602,0.964253345467,0.518282988871,1.87867287326,0.863174022847,0.470588235294,0.786197569093,0.41766745858,2.25,1.88235294118,0.786197569093,2.25,0.166339869281,0.0612244897959,3,0.00441176470588,0.185952380952,17,17,17,1,0,0.352941176471,0.411764705882,0.235294117647,0,0,0,0,0,0,0,0,0,0,0,0,0,0,0,0,0,0,0,0,0,0,0,0,0,0,0,0,0,37,0,0,235,1,1,0,0,1,1,1,1,1,1,2,2,0,0,0,0
1205,WLNM_dir_neg,1,0.5,00:00:01,10,30,34,1981780307,threshold_sweep,0.8,1,1,1,2,0,0,4,1,1,0,0,1,1,1,1,0.555555555556,1,1,1,37,35,2,0,37,0,35,0,2,17,37,0.136029411765,1.88235294118,4.35294117647,3.36363636364,2.84615384615,1.69341284359,0.389027274878,0.193958664547,2.09866904602,0.964253345467,0.518282988871,1.87867287326,0.863174022847,0.470588235294,0.786197569093,0.41766745858,2.25,1.88235294118,0.786197569093,2.25,0.166339869281,0.0612244897959,3,0.00441176470588,0.185952380952,17,17,17,1,0,0.352941176471,0.411764705882,0.235294117647,17,0.128676470588,1.90196078431,4.11764705882,3.18181818182,2.69230769231,1.57648156274,0.382859808093,0.201680672269,2.01465221053,0.978545359402,0.524369747899,1.74894926439,0.849489642704,0.463865546218,0.814492905316,0.428238537847,2.33333333333,1.90196078431,0.814492905316,2.33333333333,0,0,0,0,0.164242424242,17,17,17,1,0,0.352941176471,0.411764705882,0.235294117647,17,37,0.136029411765,1.88235294118,4.35294117647,3.36363636364,2.84615384615,1.69341284359,0.389027274878,0.193958664547,2.09866904602,0.964253345467,0.518282988871,1.87867287326,0.863174022847,0.470588235294,0.786197569093,0.41766745858,2.25,1.88235294118,0.786197569093,2.25,0.166339869281,0.0612244897959,3,0.00441176470588,0.185952380952,17,17,17,1,0,0.352941176471,0.411764705882,0.235294117647,0,0,0,0,0,0,0,0,0,0,0,0,0,0,0,0,0,0,0,0,0,0,0,0,0,0,0,0,0,37,0,0,235,1,1,0,0,1,1,1,1,1,1,2,2,0,0,0,0
1206,WLNM_dir_neg,1,0.5,00:00:01,10,30,34,1981780307,threshold_sweep,0.9,1,1,1,2,0,0,4,1,1,0,0,1,1,1,1,0.555555555556,1,1,1,37,35,2,0,37,0,35,0,2,17,37,0.136029411765,1.88235294118,4.35294117647,3.36363636364,2.84615384615,1.69341284359,0.389027274878,0.193958664547,2.09866904602,0.964253345467,0.518282988871,1.87867287326,0.863174022847,0.470588235294,0.786197569093,0.41766745858,2.25,1.88235294118,0.786197569093,2.25,0.166339869281,0.0612244897959,3,0.00441176470588,0.185952380952,17,17,17,1,0,0.352941176471,0.411764705882,0.235294117647,17,0.128676470588,1.90196078431,4.11764705882,3.18181818182,2.69230769231,1.57648156274,0.382859808093,0.201680672269,2.01465221053,0.978545359402,0.524369747899,1.74894926439,0.849489642704,0.463865546218,0.814492905316,0.428238537847,2.33333333333,1.90196078431,0.814492905316,2.33333333333,0,0,0,0,0.164242424242,17,17,17,1,0,0.352941176471,0.411764705882,0.235294117647,17,37,0.136029411765,1.88235294118,4.35294117647,3.36363636364,2.84615384615,1.69341284359,0.389027274878,0.193958664547,2.09866904602,0.964253345467,0.518282988871,1.87867287326,0.863174022847,0.470588235294,0.786197569093,0.41766745858,2.25,1.88235294118,0.786197569093,2.25,0.166339869281,0.0612244897959,3,0.00441176470588,0.185952380952,17,17,17,1,0,0.352941176471,0.411764705882,0.235294117647,0,0,0,0,0,0,0,0,0,0,0,0,0,0,0,0,0,0,0,0,0,0,0,0,0,0,0,0,0,37,0,0,235,1,1,0,0,1,1,1,1,1,1,2,2,0,0,0,0
1207,WLNM_dir_neg,1,0.5,00:00:01,10,30,35,1981780308,threshold_sweep,0.1,1,1,1,2,0,0,4,1,1,0,0,1,1,1,1,0.555555555556,1,1,1,37,35,2,0,37,0,35,0,2,17,37,0.136029411765,1.88235294118,4.35294117647,3.36363636364,2.84615384615,1.69341284359,0.389027274878,0.193958664547,2.09866904602,0.964253345467,0.518282988871,1.87867287326,0.863174022847,0.470588235294,0.786197569093,0.41766745858,2.25,1.88235294118,0.786197569093,2.25,0.166339869281,0.0612244897959,3,0.00441176470588,0.185952380952,17,17,17,1,0,0.352941176471,0.411764705882,0.235294117647,17,0.128676470588,1.90196078431,4.11764705882,3.18181818182,2.69230769231,1.57648156274,0.382859808093,0.201680672269,2.01465221053,0.978545359402,0.524369747899,1.74894926439,0.849489642704,0.463865546218,0.814492905316,0.428238537847,2.33333333333,1.90196078431,0.814492905316,2.33333333333,0,0,0,0,0.164242424242,17,17,17,1,0,0.352941176471,0.411764705882,0.235294117647,17,37,0.136029411765,1.88235294118,4.35294117647,3.36363636364,2.84615384615,1.69341284359,0.389027274878,0.193958664547,2.09866904602,0.964253345467,0.518282988871,1.87867287326,0.863174022847,0.470588235294,0.786197569093,0.41766745858,2.25,1.88235294118,0.786197569093,2.25,0.166339869281,0.0612244897959,3,0.00441176470588,0.185952380952,17,17,17,1,0,0.352941176471,0.411764705882,0.235294117647,0,0,0,0,0,0,0,0,0,0,0,0,0,0,0,0,0,0,0,0,0,0,0,0,0,0,0,0,0,37,0,0,235,1,1,0,0,1,1,1,1,1,1,2,2,0,0,0,0
1208,WLNM_dir_neg,1,0.5,00:00:01,10,30,35,1981780308,threshold_sweep,0.2,1,1,1,2,0,0,4,1,1,0,0,1,1,1,1,0.555555555556,1,1,1,37,35,2,0,37,0,35,0,2,17,37,0.136029411765,1.88235294118,4.35294117647,3.36363636364,2.84615384615,1.69341284359,0.389027274878,0.193958664547,2.09866904602,0.964253345467,0.518282988871,1.87867287326,0.863174022847,0.470588235294,0.786197569093,0.41766745858,2.25,1.88235294118,0.786197569093,2.25,0.166339869281,0.0612244897959,3,0.00441176470588,0.185952380952,17,17,17,1,0,0.352941176471,0.411764705882,0.235294117647,17,0.128676470588,1.90196078431,4.11764705882,3.18181818182,2.69230769231,1.57648156274,0.382859808093,0.201680672269,2.01465221053,0.978545359402,0.524369747899,1.74894926439,0.849489642704,0.463865546218,0.814492905316,0.428238537847,2.33333333333,1.90196078431,0.814492905316,2.33333333333,0,0,0,0,0.164242424242,17,17,17,1,0,0.352941176471,0.411764705882,0.235294117647,17,37,0.136029411765,1.88235294118,4.35294117647,3.36363636364,2.84615384615,1.69341284359,0.389027274878,0.193958664547,2.09866904602,0.964253345467,0.518282988871,1.87867287326,0.863174022847,0.470588235294,0.786197569093,0.41766745858,2.25,1.88235294118,0.786197569093,2.25,0.166339869281,0.0612244897959,3,0.00441176470588,0.185952380952,17,17,17,1,0,0.352941176471,0.411764705882,0.235294117647,0,0,0,0,0,0,0,0,0,0,0,0,0,0,0,0,0,0,0,0,0,0,0,0,0,0,0,0,0,37,0,0,235,1,1,0,0,1,1,1,1,1,1,2,2,0,0,0,0
1209,WLNM_dir_neg,1,0.5,00:00:01,10,30,35,1981780308,threshold_sweep,0.3,1,1,1,2,0,0,4,1,1,0,0,1,1,1,1,0.555555555556,1,1,1,37,35,2,0,37,0,35,0,2,17,37,0.136029411765,1.88235294118,4.35294117647,3.36363636364,2.84615384615,1.69341284359,0.389027274878,0.193958664547,2.09866904602,0.964253345467,0.518282988871,1.87867287326,0.863174022847,0.470588235294,0.786197569093,0.41766745858,2.25,1.88235294118,0.786197569093,2.25,0.166339869281,0.0612244897959,3,0.00441176470588,0.185952380952,17,17,17,1,0,0.352941176471,0.411764705882,0.235294117647,17,0.128676470588,1.90196078431,4.11764705882,3.18181818182,2.69230769231,1.57648156274,0.382859808093,0.201680672269,2.01465221053,0.978545359402,0.524369747899,1.74894926439,0.849489642704,0.463865546218,0.814492905316,0.428238537847,2.33333333333,1.90196078431,0.814492905316,2.33333333333,0,0,0,0,0.164242424242,17,17,17,1,0,0.352941176471,0.411764705882,0.235294117647,17,37,0.136029411765,1.88235294118,4.35294117647,3.36363636364,2.84615384615,1.69341284359,0.389027274878,0.193958664547,2.09866904602,0.964253345467,0.518282988871,1.87867287326,0.863174022847,0.470588235294,0.786197569093,0.41766745858,2.25,1.88235294118,0.786197569093,2.25,0.166339869281,0.0612244897959,3,0.00441176470588,0.185952380952,17,17,17,1,0,0.352941176471,0.411764705882,0.235294117647,0,0,0,0,0,0,0,0,0,0,0,0,0,0,0,0,0,0,0,0,0,0,0,0,0,0,0,0,0,37,0,0,235,1,1,0,0,1,1,1,1,1,1,2,2,0,0,0,0
1210,WLNM_dir_neg,1,0.5,00:00:01,10,30,35,1981780308,threshold_sweep,0.4,1,1,1,2,0,0,4,1,1,0,0,1,1,1,1,0.555555555556,1,1,1,37,35,2,0,37,0,35,0,2,17,37,0.136029411765,1.88235294118,4.35294117647,3.36363636364,2.84615384615,1.69341284359,0.389027274878,0.193958664547,2.09866904602,0.964253345467,0.518282988871,1.87867287326,0.863174022847,0.470588235294,0.786197569093,0.41766745858,2.25,1.88235294118,0.786197569093,2.25,0.166339869281,0.0612244897959,3,0.00441176470588,0.185952380952,17,17,17,1,0,0.352941176471,0.411764705882,0.235294117647,17,0.128676470588,1.90196078431,4.11764705882,3.18181818182,2.69230769231,1.57648156274,0.382859808093,0.201680672269,2.01465221053,0.978545359402,0.524369747899,1.74894926439,0.849489642704,0.463865546218,0.814492905316,0.428238537847,2.33333333333,1.90196078431,0.814492905316,2.33333333333,0,0,0,0,0.164242424242,17,17,17,1,0,0.352941176471,0.411764705882,0.235294117647,17,37,0.136029411765,1.88235294118,4.35294117647,3.36363636364,2.84615384615,1.69341284359,0.389027274878,0.193958664547,2.09866904602,0.964253345467,0.518282988871,1.87867287326,0.863174022847,0.470588235294,0.786197569093,0.41766745858,2.25,1.88235294118,0.786197569093,2.25,0.166339869281,0.0612244897959,3,0.00441176470588,0.185952380952,17,17,17,1,0,0.352941176471,0.411764705882,0.235294117647,0,0,0,0,0,0,0,0,0,0,0,0,0,0,0,0,0,0,0,0,0,0,0,0,0,0,0,0,0,37,0,0,235,1,1,0,0,1,1,1,1,1,1,2,2,0,0,0,0
1211,WLNM_dir_neg,1,0.5,00:00:01,10,30,35,1981780308,threshold_sweep,0.5,1,1,1,2,0,0,4,1,1,0,0,1,1,1,1,0.555555555556,1,1,1,37,35,2,0,37,0,35,0,2,17,37,0.136029411765,1.88235294118,4.35294117647,3.36363636364,2.84615384615,1.69341284359,0.389027274878,0.193958664547,2.09866904602,0.964253345467,0.518282988871,1.87867287326,0.863174022847,0.470588235294,0.786197569093,0.41766745858,2.25,1.88235294118,0.786197569093,2.25,0.166339869281,0.0612244897959,3,0.00441176470588,0.185952380952,17,17,17,1,0,0.352941176471,0.411764705882,0.235294117647,17,0.128676470588,1.90196078431,4.11764705882,3.18181818182,2.69230769231,1.57648156274,0.382859808093,0.201680672269,2.01465221053,0.978545359402,0.524369747899,1.74894926439,0.849489642704,0.463865546218,0.814492905316,0.428238537847,2.33333333333,1.90196078431,0.814492905316,2.33333333333,0,0,0,0,0.164242424242,17,17,17,1,0,0.352941176471,0.411764705882,0.235294117647,17,37,0.136029411765,1.88235294118,4.35294117647,3.36363636364,2.84615384615,1.69341284359,0.389027274878,0.193958664547,2.09866904602,0.964253345467,0.518282988871,1.87867287326,0.863174022847,0.470588235294,0.786197569093,0.41766745858,2.25,1.88235294118,0.786197569093,2.25,0.166339869281,0.0612244897959,3,0.00441176470588,0.185952380952,17,17,17,1,0,0.352941176471,0.411764705882,0.235294117647,0,0,0,0,0,0,0,0,0,0,0,0,0,0,0,0,0,0,0,0,0,0,0,0,0,0,0,0,0,37,0,0,235,1,1,0,0,1,1,1,1,1,1,2,2,0,0,0,0
1212,WLNM_dir_neg,1,0.5,00:00:01,10,30,35,1981780308,threshold_sweep,0.6,1,1,1,2,0,0,4,1,1,0,0,1,1,1,1,0.555555555556,1,1,1,37,35,2,0,37,0,35,0,2,17,37,0.136029411765,1.88235294118,4.35294117647,3.36363636364,2.84615384615,1.69341284359,0.389027274878,0.193958664547,2.09866904602,0.964253345467,0.518282988871,1.87867287326,0.863174022847,0.470588235294,0.786197569093,0.41766745858,2.25,1.88235294118,0.786197569093,2.25,0.166339869281,0.0612244897959,3,0.00441176470588,0.185952380952,17,17,17,1,0,0.352941176471,0.411764705882,0.235294117647,17,0.128676470588,1.90196078431,4.11764705882,3.18181818182,2.69230769231,1.57648156274,0.382859808093,0.201680672269,2.01465221053,0.978545359402,0.524369747899,1.74894926439,0.849489642704,0.463865546218,0.814492905316,0.428238537847,2.33333333333,1.90196078431,0.814492905316,2.33333333333,0,0,0,0,0.164242424242,17,17,17,1,0,0.352941176471,0.411764705882,0.235294117647,17,37,0.136029411765,1.88235294118,4.35294117647,3.36363636364,2.84615384615,1.69341284359,0.389027274878,0.193958664547,2.09866904602,0.964253345467,0.518282988871,1.87867287326,0.863174022847,0.470588235294,0.786197569093,0.41766745858,2.25,1.88235294118,0.786197569093,2.25,0.166339869281,0.0612244897959,3,0.00441176470588,0.185952380952,17,17,17,1,0,0.352941176471,0.411764705882,0.235294117647,0,0,0,0,0,0,0,0,0,0,0,0,0,0,0,0,0,0,0,0,0,0,0,0,0,0,0,0,0,37,0,0,235,1,1,0,0,1,1,1,1,1,1,2,2,0,0,0,0
1213,WLNM_dir_neg,1,0.5,00:00:01,10,30,35,1981780308,threshold_sweep,0.7,1,1,1,2,0,0,4,1,1,0,0,1,1,1,1,0.555555555556,1,1,1,37,35,2,0,37,0,35,0,2,17,37,0.136029411765,1.88235294118,4.35294117647,3.36363636364,2.84615384615,1.69341284359,0.389027274878,0.193958664547,2.09866904602,0.964253345467,0.518282988871,1.87867287326,0.863174022847,0.470588235294,0.786197569093,0.41766745858,2.25,1.88235294118,0.786197569093,2.25,0.166339869281,0.0612244897959,3,0.00441176470588,0.185952380952,17,17,17,1,0,0.352941176471,0.411764705882,0.235294117647,17,0.128676470588,1.90196078431,4.11764705882,3.18181818182,2.69230769231,1.57648156274,0.382859808093,0.201680672269,2.01465221053,0.978545359402,0.524369747899,1.74894926439,0.849489642704,0.463865546218,0.814492905316,0.428238537847,2.33333333333,1.90196078431,0.814492905316,2.33333333333,0,0,0,0,0.164242424242,17,17,17,1,0,0.352941176471,0.411764705882,0.235294117647,17,37,0.136029411765,1.88235294118,4.35294117647,3.36363636364,2.84615384615,1.69341284359,0.389027274878,0.193958664547,2.09866904602,0.964253345467,0.518282988871,1.87867287326,0.863174022847,0.470588235294,0.786197569093,0.41766745858,2.25,1.88235294118,0.786197569093,2.25,0.166339869281,0.0612244897959,3,0.00441176470588,0.185952380952,17,17,17,1,0,0.352941176471,0.411764705882,0.235294117647,0,0,0,0,0,0,0,0,0,0,0,0,0,0,0,0,0,0,0,0,0,0,0,0,0,0,0,0,0,37,0,0,235,1,1,0,0,1,1,1,1,1,1,2,2,0,0,0,0
1214,WLNM_dir_neg,1,0.5,00:00:01,10,30,35,1981780308,threshold_sweep,0.8,1,0.5,0.666666666667,1,0,1,4,0.5,1,0,0.5,1,0.5,0.666666666667,0.833333333333,0.611111111111,0.571428571429,0.632455532034,0.5,37,35,2,0,37,0,35,0,2,17,37,0.136029411765,1.88235294118,4.35294117647,3.36363636364,2.84615384615,1.69341284359,0.389027274878,0.193958664547,2.09866904602,0.964253345467,0.518282988871,1.87867287326,0.863174022847,0.470588235294,0.786197569093,0.41766745858,2.25,1.88235294118,0.786197569093,2.25,0.166339869281,0.0612244897959,3,0.00441176470588,0.185952380952,17,17,17,1,0,0.352941176471,0.411764705882,0.235294117647,17,0.128676470588,1.90196078431,4.11764705882,3.18181818182,2.69230769231,1.57648156274,0.382859808093,0.201680672269,2.01465221053,0.978545359402,0.524369747899,1.74894926439,0.849489642704,0.463865546218,0.814492905316,0.428238537847,2.33333333333,1.90196078431,0.814492905316,2.33333333333,0,0,0,0,0.164242424242,17,17,17,1,0,0.352941176471,0.411764705882,0.235294117647,17,36,0.132352941176,1.89705882353,4.23529411765,3.27272727273,2.76923076923,1.71498585143,0.40492721492,0.204248366013,2.05798302171,0.971825315808,0.522875816993,1.79869233546,0.849382491746,0.464052287582,0.805541469338,0.424626510969,2.25,1.89705882353,0.805541469338,2.25,0.0702614379085,0.0214285714286,1,0.00147058823529,0.175454545455,17,17,17,1,0,0.352941176471,0.411764705882,0.235294117647,-1,-0.00367647058824,0.0147058823529,-0.117647058824,-0.0909090909091,-0.0769230769231,0.0215730078386,0.0158999400418,0.0102897014662,-0.0406860243059,0.00757197034072,0.00459282812224,-0.0799805377942,-0.0137915311015,-0.00653594771242,0.0193439002456,0.00695905238854,0,0.0147058823529,0.0193439002456,0,-0.0960784313725,-0.0397959183673,-2,-0.00294117647059,-0.0104978354978,0,0,0,36,0,1,235,0.972972972973,1,0,0.027027027027,1,0.972972972973,0.986301369863,0.984301887704,0.972972972973,0.972972972973,1,2,0,0,0,0
1215,WLNM_dir_neg,1,0.5,00:00:01,10,30,35,1981780308,threshold_sweep,0.9,1,0.5,0.666666666667,1,0,1,4,0.5,1,0,0.5,1,0.5,0.666666666667,0.833333333333,0.611111111111,0.571428571429,0.632455532034,0.5,37,35,2,0,37,0,35,0,2,17,37,0.136029411765,1.88235294118,4.35294117647,3.36363636364,2.84615384615,1.69341284359,0.389027274878,0.193958664547,2.09866904602,0.964253345467,0.518282988871,1.87867287326,0.863174022847,0.470588235294,0.786197569093,0.41766745858,2.25,1.88235294118,0.786197569093,2.25,0.166339869281,0.0612244897959,3,0.00441176470588,0.185952380952,17,17,17,1,0,0.352941176471,0.411764705882,0.235294117647,17,0.128676470588,1.90196078431,4.11764705882,3.18181818182,2.69230769231,1.57648156274,0.382859808093,0.201680672269,2.01465221053,0.978545359402,0.524369747899,1.74894926439,0.849489642704,0.463865546218,0.814492905316,0.428238537847,2.33333333333,1.90196078431,0.814492905316,2.33333333333,0,0,0,0,0.164242424242,17,17,17,1,0,0.352941176471,0.411764705882,0.235294117647,17,36,0.132352941176,1.89705882353,4.23529411765,3.27272727273,2.76923076923,1.71498585143,0.40492721492,0.204248366013,2.05798302171,0.971825315808,0.522875816993,1.79869233546,0.849382491746,0.464052287582,0.805541469338,0.424626510969,2.25,1.89705882353,0.805541469338,2.25,0.0702614379085,0.0214285714286,1,0.00147058823529,0.175454545455,17,17,17,1,0,0.352941176471,0.411764705882,0.235294117647,-1,-0.00367647058824,0.0147058823529,-0.117647058824,-0.0909090909091,-0.0769230769231,0.0215730078386,0.0158999400418,0.0102897014662,-0.0406860243059,0.00757197034072,0.00459282812224,-0.0799805377942,-0.0137915311015,-0.00653594771242,0.0193439002456,0.00695905238854,0,0.0147058823529,0.0193439002456,0,-0.0960784313725,-0.0397959183673,-2,-0.00294117647059,-0.0104978354978,0,0,0,36,0,1,235,0.972972972973,1,0,0.027027027027,1,0.972972972973,0.986301369863,0.984301887704,0.972972972973,0.972972972973,1,2,0,0,0,0
1216,WLNM_dir_neg,1,0.5,00:00:01,10,30,36,1981780309,threshold_sweep,0.1,1,1,1,2,0,0,4,1,1,0,0,1,1,1,1,0.555555555556,1,1,1,37,35,2,0,37,0,35,0,2,17,37,0.136029411765,1.88235294118,4.35294117647,3.36363636364,2.84615384615,1.69341284359,0.389027274878,0.193958664547,2.09866904602,0.964253345467,0.518282988871,1.87867287326,0.863174022847,0.470588235294,0.786197569093,0.41766745858,2.25,1.88235294118,0.786197569093,2.25,0.166339869281,0.0612244897959,3,0.00441176470588,0.185952380952,17,17,17,1,0,0.352941176471,0.411764705882,0.235294117647,17,0.128676470588,1.90196078431,4.11764705882,3.18181818182,2.69230769231,1.57648156274,0.382859808093,0.201680672269,2.01465221053,0.978545359402,0.524369747899,1.74894926439,0.849489642704,0.463865546218,0.814492905316,0.428238537847,2.33333333333,1.90196078431,0.814492905316,2.33333333333,0,0,0,0,0.164242424242,17,17,17,1,0,0.352941176471,0.411764705882,0.235294117647,17,37,0.136029411765,1.88235294118,4.35294117647,3.36363636364,2.84615384615,1.69341284359,0.389027274878,0.193958664547,2.09866904602,0.964253345467,0.518282988871,1.87867287326,0.863174022847,0.470588235294,0.786197569093,0.41766745858,2.25,1.88235294118,0.786197569093,2.25,0.166339869281,0.0612244897959,3,0.00441176470588,0.185952380952,17,17,17,1,0,0.352941176471,0.411764705882,0.235294117647,0,0,0,0,0,0,0,0,0,0,0,0,0,0,0,0,0,0,0,0,0,0,0,0,0,0,0,0,0,37,0,0,235,1,1,0,0,1,1,1,1,1,1,2,2,0,0,0,0
1217,WLNM_dir_neg,1,0.5,00:00:01,10,30,36,1981780309,threshold_sweep,0.2,1,1,1,2,0,0,4,1,1,0,0,1,1,1,1,0.555555555556,1,1,1,37,35,2,0,37,0,35,0,2,17,37,0.136029411765,1.88235294118,4.35294117647,3.36363636364,2.84615384615,1.69341284359,0.389027274878,0.193958664547,2.09866904602,0.964253345467,0.518282988871,1.87867287326,0.863174022847,0.470588235294,0.786197569093,0.41766745858,2.25,1.88235294118,0.786197569093,2.25,0.166339869281,0.0612244897959,3,0.00441176470588,0.185952380952,17,17,17,1,0,0.352941176471,0.411764705882,0.235294117647,17,0.128676470588,1.90196078431,4.11764705882,3.18181818182,2.69230769231,1.57648156274,0.382859808093,0.201680672269,2.01465221053,0.978545359402,0.524369747899,1.74894926439,0.849489642704,0.463865546218,0.814492905316,0.428238537847,2.33333333333,1.90196078431,0.814492905316,2.33333333333,0,0,0,0,0.164242424242,17,17,17,1,0,0.352941176471,0.411764705882,0.235294117647,17,37,0.136029411765,1.88235294118,4.35294117647,3.36363636364,2.84615384615,1.69341284359,0.389027274878,0.193958664547,2.09866904602,0.964253345467,0.518282988871,1.87867287326,0.863174022847,0.470588235294,0.786197569093,0.41766745858,2.25,1.88235294118,0.786197569093,2.25,0.166339869281,0.0612244897959,3,0.00441176470588,0.185952380952,17,17,17,1,0,0.352941176471,0.411764705882,0.235294117647,0,0,0,0,0,0,0,0,0,0,0,0,0,0,0,0,0,0,0,0,0,0,0,0,0,0,0,0,0,37,0,0,235,1,1,0,0,1,1,1,1,1,1,2,2,0,0,0,0
1218,WLNM_dir_neg,1,0.5,00:00:01,10,30,36,1981780309,threshold_sweep,0.3,1,1,1,2,0,0,4,1,1,0,0,1,1,1,1,0.555555555556,1,1,1,37,35,2,0,37,0,35,0,2,17,37,0.136029411765,1.88235294118,4.35294117647,3.36363636364,2.84615384615,1.69341284359,0.389027274878,0.193958664547,2.09866904602,0.964253345467,0.518282988871,1.87867287326,0.863174022847,0.470588235294,0.786197569093,0.41766745858,2.25,1.88235294118,0.786197569093,2.25,0.166339869281,0.0612244897959,3,0.00441176470588,0.185952380952,17,17,17,1,0,0.352941176471,0.411764705882,0.235294117647,17,0.128676470588,1.90196078431,4.11764705882,3.18181818182,2.69230769231,1.57648156274,0.382859808093,0.201680672269,2.01465221053,0.978545359402,0.524369747899,1.74894926439,0.849489642704,0.463865546218,0.814492905316,0.428238537847,2.33333333333,1.90196078431,0.814492905316,2.33333333333,0,0,0,0,0.164242424242,17,17,17,1,0,0.352941176471,0.411764705882,0.235294117647,17,37,0.136029411765,1.88235294118,4.35294117647,3.36363636364,2.84615384615,1.69341284359,0.389027274878,0.193958664547,2.09866904602,0.964253345467,0.518282988871,1.87867287326,0.863174022847,0.470588235294,0.786197569093,0.41766745858,2.25,1.88235294118,0.786197569093,2.25,0.166339869281,0.0612244897959,3,0.00441176470588,0.185952380952,17,17,17,1,0,0.352941176471,0.411764705882,0.235294117647,0,0,0,0,0,0,0,0,0,0,0,0,0,0,0,0,0,0,0,0,0,0,0,0,0,0,0,0,0,37,0,0,235,1,1,0,0,1,1,1,1,1,1,2,2,0,0,0,0
1219,WLNM_dir_neg,1,0.5,00:00:01,10,30,36,1981780309,threshold_sweep,0.4,1,1,1,2,0,0,4,1,1,0,0,1,1,1,1,0.555555555556,1,1,1,37,35,2,0,37,0,35,0,2,17,37,0.136029411765,1.88235294118,4.35294117647,3.36363636364,2.84615384615,1.69341284359,0.389027274878,0.193958664547,2.09866904602,0.964253345467,0.518282988871,1.87867287326,0.863174022847,0.470588235294,0.786197569093,0.41766745858,2.25,1.88235294118,0.786197569093,2.25,0.166339869281,0.0612244897959,3,0.00441176470588,0.185952380952,17,17,17,1,0,0.352941176471,0.411764705882,0.235294117647,17,0.128676470588,1.90196078431,4.11764705882,3.18181818182,2.69230769231,1.57648156274,0.382859808093,0.201680672269,2.01465221053,0.978545359402,0.524369747899,1.74894926439,0.849489642704,0.463865546218,0.814492905316,0.428238537847,2.33333333333,1.90196078431,0.814492905316,2.33333333333,0,0,0,0,0.164242424242,17,17,17,1,0,0.352941176471,0.411764705882,0.235294117647,17,37,0.136029411765,1.88235294118,4.35294117647,3.36363636364,2.84615384615,1.69341284359,0.389027274878,0.193958664547,2.09866904602,0.964253345467,0.518282988871,1.87867287326,0.863174022847,0.470588235294,0.786197569093,0.41766745858,2.25,1.88235294118,0.786197569093,2.25,0.166339869281,0.0612244897959,3,0.00441176470588,0.185952380952,17,17,17,1,0,0.352941176471,0.411764705882,0.235294117647,0,0,0,0,0,0,0,0,0,0,0,0,0,0,0,0,0,0,0,0,0,0,0,0,0,0,0,0,0,37,0,0,235,1,1,0,0,1,1,1,1,1,1,2,2,0,0,0,0
1220,WLNM_dir_neg,1,0.5,00:00:01,10,30,36,1981780309,threshold_sweep,0.5,1,0.5,0.666666666667,1,0,1,4,0.5,1,0,0.5,1,0.5,0.666666666667,0.833333333333,0.611111111111,0.571428571429,0.632455532034,0.5,37,35,2,0,37,0,35,0,2,17,37,0.136029411765,1.88235294118,4.35294117647,3.36363636364,2.84615384615,1.69341284359,0.389027274878,0.193958664547,2.09866904602,0.964253345467,0.518282988871,1.87867287326,0.863174022847,0.470588235294,0.786197569093,0.41766745858,2.25,1.88235294118,0.786197569093,2.25,0.166339869281,0.0612244897959,3,0.00441176470588,0.185952380952,17,17,17,1,0,0.352941176471,0.411764705882,0.235294117647,17,0.128676470588,1.90196078431,4.11764705882,3.18181818182,2.69230769231,1.57648156274,0.382859808093,0.201680672269,2.01465221053,0.978545359402,0.524369747899,1.74894926439,0.849489642704,0.463865546218,0.814492905316,0.428238537847,2.33333333333,1.90196078431,0.814492905316,2.33333333333,0,0,0,0,0.164242424242,17,17,17,1,0,0.352941176471,0.411764705882,0.235294117647,17,36,0.132352941176,1.89705882353,4.23529411765,3.27272727273,2.76923076923,1.71498585143,0.40492721492,0.204248366013,2.05798302171,0.971825315808,0.522875816993,1.79869233546,0.849382491746,0.464052287582,0.805541469338,0.424626510969,2.25,1.89705882353,0.805541469338,2.25,0.0702614379085,0.0214285714286,1,0.00147058823529,0.175454545455,17,17,17,1,0,0.352941176471,0.411764705882,0.235294117647,-1,-0.00367647058824,0.0147058823529,-0.117647058824,-0.0909090909091,-0.0769230769231,0.0215730078386,0.0158999400418,0.0102897014662,-0.0406860243059,0.00757197034072,0.00459282812224,-0.0799805377942,-0.0137915311015,-0.00653594771242,0.0193439002456,0.00695905238854,0,0.0147058823529,0.0193439002456,0,-0.0960784313725,-0.0397959183673,-2,-0.00294117647059,-0.0104978354978,0,0,0,36,0,1,235,0.972972972973,1,0,0.027027027027,1,0.972972972973,0.986301369863,0.984301887704,0.972972972973,0.972972972973,1,2,0,0,0,0
1221,WLNM_dir_neg,1,0.5,00:00:01,10,30,36,1981780309,threshold_sweep,0.6,1,0.5,0.666666666667,1,0,1,4,0.5,1,0,0.5,1,0.5,0.666666666667,0.833333333333,0.611111111111,0.571428571429,0.632455532034,0.5,37,35,2,0,37,0,35,0,2,17,37,0.136029411765,1.88235294118,4.35294117647,3.36363636364,2.84615384615,1.69341284359,0.389027274878,0.193958664547,2.09866904602,0.964253345467,0.518282988871,1.87867287326,0.863174022847,0.470588235294,0.786197569093,0.41766745858,2.25,1.88235294118,0.786197569093,2.25,0.166339869281,0.0612244897959,3,0.00441176470588,0.185952380952,17,17,17,1,0,0.352941176471,0.411764705882,0.235294117647,17,0.128676470588,1.90196078431,4.11764705882,3.18181818182,2.69230769231,1.57648156274,0.382859808093,0.201680672269,2.01465221053,0.978545359402,0.524369747899,1.74894926439,0.849489642704,0.463865546218,0.814492905316,0.428238537847,2.33333333333,1.90196078431,0.814492905316,2.33333333333,0,0,0,0,0.164242424242,17,17,17,1,0,0.352941176471,0.411764705882,0.235294117647,17,36,0.132352941176,1.89705882353,4.23529411765,3.27272727273,2.76923076923,1.71498585143,0.40492721492,0.204248366013,2.05798302171,0.971825315808,0.522875816993,1.79869233546,0.849382491746,0.464052287582,0.805541469338,0.424626510969,2.25,1.89705882353,0.805541469338,2.25,0.0702614379085,0.0214285714286,1,0.00147058823529,0.175454545455,17,17,17,1,0,0.352941176471,0.411764705882,0.235294117647,-1,-0.00367647058824,0.0147058823529,-0.117647058824,-0.0909090909091,-0.0769230769231,0.0215730078386,0.0158999400418,0.0102897014662,-0.0406860243059,0.00757197034072,0.00459282812224,-0.0799805377942,-0.0137915311015,-0.00653594771242,0.0193439002456,0.00695905238854,0,0.0147058823529,0.0193439002456,0,-0.0960784313725,-0.0397959183673,-2,-0.00294117647059,-0.0104978354978,0,0,0,36,0,1,235,0.972972972973,1,0,0.027027027027,1,0.972972972973,0.986301369863,0.984301887704,0.972972972973,0.972972972973,1,2,0,0,0,0
1222,WLNM_dir_neg,1,0.5,00:00:01,10,30,36,1981780309,threshold_sweep,0.7,1,0.5,0.666666666667,1,0,1,4,0.5,1,0,0.5,1,0.5,0.666666666667,0.833333333333,0.611111111111,0.571428571429,0.632455532034,0.5,37,35,2,0,37,0,35,0,2,17,37,0.136029411765,1.88235294118,4.35294117647,3.36363636364,2.84615384615,1.69341284359,0.389027274878,0.193958664547,2.09866904602,0.964253345467,0.518282988871,1.87867287326,0.863174022847,0.470588235294,0.786197569093,0.41766745858,2.25,1.88235294118,0.786197569093,2.25,0.166339869281,0.0612244897959,3,0.00441176470588,0.185952380952,17,17,17,1,0,0.352941176471,0.411764705882,0.235294117647,17,0.128676470588,1.90196078431,4.11764705882,3.18181818182,2.69230769231,1.57648156274,0.382859808093,0.201680672269,2.01465221053,0.978545359402,0.524369747899,1.74894926439,0.849489642704,0.463865546218,0.814492905316,0.428238537847,2.33333333333,1.90196078431,0.814492905316,2.33333333333,0,0,0,0,0.164242424242,17,17,17,1,0,0.352941176471,0.411764705882,0.235294117647,17,36,0.132352941176,1.89705882353,4.23529411765,3.27272727273,2.76923076923,1.71498585143,0.40492721492,0.204248366013,2.05798302171,0.971825315808,0.522875816993,1.79869233546,0.849382491746,0.464052287582,0.805541469338,0.424626510969,2.25,1.89705882353,0.805541469338,2.25,0.0702614379085,0.0214285714286,1,0.00147058823529,0.175454545455,17,17,17,1,0,0.352941176471,0.411764705882,0.235294117647,-1,-0.00367647058824,0.0147058823529,-0.117647058824,-0.0909090909091,-0.0769230769231,0.0215730078386,0.0158999400418,0.0102897014662,-0.0406860243059,0.00757197034072,0.00459282812224,-0.0799805377942,-0.0137915311015,-0.00653594771242,0.0193439002456,0.00695905238854,0,0.0147058823529,0.0193439002456,0,-0.0960784313725,-0.0397959183673,-2,-0.00294117647059,-0.0104978354978,0,0,0,36,0,1,235,0.972972972973,1,0,0.027027027027,1,0.972972972973,0.986301369863,0.984301887704,0.972972972973,0.972972972973,1,2,0,0,0,0
1223,WLNM_dir_neg,1,0.5,00:00:01,10,30,36,1981780309,threshold_sweep,0.8,1,0.5,0.666666666667,1,0,1,4,0.5,1,0,0.5,1,0.5,0.666666666667,0.833333333333,0.611111111111,0.571428571429,0.632455532034,0.5,37,35,2,0,37,0,35,0,2,17,37,0.136029411765,1.88235294118,4.35294117647,3.36363636364,2.84615384615,1.69341284359,0.389027274878,0.193958664547,2.09866904602,0.964253345467,0.518282988871,1.87867287326,0.863174022847,0.470588235294,0.786197569093,0.41766745858,2.25,1.88235294118,0.786197569093,2.25,0.166339869281,0.0612244897959,3,0.00441176470588,0.185952380952,17,17,17,1,0,0.352941176471,0.411764705882,0.235294117647,17,0.128676470588,1.90196078431,4.11764705882,3.18181818182,2.69230769231,1.57648156274,0.382859808093,0.201680672269,2.01465221053,0.978545359402,0.524369747899,1.74894926439,0.849489642704,0.463865546218,0.814492905316,0.428238537847,2.33333333333,1.90196078431,0.814492905316,2.33333333333,0,0,0,0,0.164242424242,17,17,17,1,0,0.352941176471,0.411764705882,0.235294117647,17,36,0.132352941176,1.89705882353,4.23529411765,3.27272727273,2.76923076923,1.71498585143,0.40492721492,0.204248366013,2.05798302171,0.971825315808,0.522875816993,1.79869233546,0.849382491746,0.464052287582,0.805541469338,0.424626510969,2.25,1.89705882353,0.805541469338,2.25,0.0702614379085,0.0214285714286,1,0.00147058823529,0.175454545455,17,17,17,1,0,0.352941176471,0.411764705882,0.235294117647,-1,-0.00367647058824,0.0147058823529,-0.117647058824,-0.0909090909091,-0.0769230769231,0.0215730078386,0.0158999400418,0.0102897014662,-0.0406860243059,0.00757197034072,0.00459282812224,-0.0799805377942,-0.0137915311015,-0.00653594771242,0.0193439002456,0.00695905238854,0,0.0147058823529,0.0193439002456,0,-0.0960784313725,-0.0397959183673,-2,-0.00294117647059,-0.0104978354978,0,0,0,36,0,1,235,0.972972972973,1,0,0.027027027027,1,0.972972972973,0.986301369863,0.984301887704,0.972972972973,0.972972972973,1,2,0,0,0,0
1224,WLNM_dir_neg,1,0.5,00:00:01,10,30,36,1981780309,threshold_sweep,0.9,1,0.5,0.666666666667,1,0,1,4,0.5,1,0,0.5,1,0.5,0.666666666667,0.833333333333,0.611111111111,0.571428571429,0.632455532034,0.5,37,35,2,0,37,0,35,0,2,17,37,0.136029411765,1.88235294118,4.35294117647,3.36363636364,2.84615384615,1.69341284359,0.389027274878,0.193958664547,2.09866904602,0.964253345467,0.518282988871,1.87867287326,0.863174022847,0.470588235294,0.786197569093,0.41766745858,2.25,1.88235294118,0.786197569093,2.25,0.166339869281,0.0612244897959,3,0.00441176470588,0.185952380952,17,17,17,1,0,0.352941176471,0.411764705882,0.235294117647,17,0.128676470588,1.90196078431,4.11764705882,3.18181818182,2.69230769231,1.57648156274,0.382859808093,0.201680672269,2.01465221053,0.978545359402,0.524369747899,1.74894926439,0.849489642704,0.463865546218,0.814492905316,0.428238537847,2.33333333333,1.90196078431,0.814492905316,2.33333333333,0,0,0,0,0.164242424242,17,17,17,1,0,0.352941176471,0.411764705882,0.235294117647,17,36,0.132352941176,1.89705882353,4.23529411765,3.27272727273,2.76923076923,1.71498585143,0.40492721492,0.204248366013,2.05798302171,0.971825315808,0.522875816993,1.79869233546,0.849382491746,0.464052287582,0.805541469338,0.424626510969,2.25,1.89705882353,0.805541469338,2.25,0.0702614379085,0.0214285714286,1,0.00147058823529,0.175454545455,17,17,17,1,0,0.352941176471,0.411764705882,0.235294117647,-1,-0.00367647058824,0.0147058823529,-0.117647058824,-0.0909090909091,-0.0769230769231,0.0215730078386,0.0158999400418,0.0102897014662,-0.0406860243059,0.00757197034072,0.00459282812224,-0.0799805377942,-0.0137915311015,-0.00653594771242,0.0193439002456,0.00695905238854,0,0.0147058823529,0.0193439002456,0,-0.0960784313725,-0.0397959183673,-2,-0.00294117647059,-0.0104978354978,0,0,0,36,0,1,235,0.972972972973,1,0,0.027027027027,1,0.972972972973,0.986301369863,0.984301887704,0.972972972973,0.972972972973,1,2,0,0,0,0
1225,WLNM_dir_neg,1,0.5,00:00:01,10,30,37,1981780310,threshold_sweep,0.1,1,1,1,2,0,0,4,1,1,0,0,1,1,1,1,0.555555555556,1,1,1,37,35,2,0,37,0,35,0,2,17,37,0.136029411765,1.88235294118,4.35294117647,3.36363636364,2.84615384615,1.69341284359,0.389027274878,0.193958664547,2.09866904602,0.964253345467,0.518282988871,1.87867287326,0.863174022847,0.470588235294,0.786197569093,0.41766745858,2.25,1.88235294118,0.786197569093,2.25,0.166339869281,0.0612244897959,3,0.00441176470588,0.185952380952,17,17,17,1,0,0.352941176471,0.411764705882,0.235294117647,17,0.128676470588,1.90196078431,4.11764705882,3.18181818182,2.69230769231,1.57648156274,0.382859808093,0.201680672269,2.01465221053,0.978545359402,0.524369747899,1.74894926439,0.849489642704,0.463865546218,0.814492905316,0.428238537847,2.33333333333,1.90196078431,0.814492905316,2.33333333333,0,0,0,0,0.164242424242,17,17,17,1,0,0.352941176471,0.411764705882,0.235294117647,17,37,0.136029411765,1.88235294118,4.35294117647,3.36363636364,2.84615384615,1.69341284359,0.389027274878,0.193958664547,2.09866904602,0.964253345467,0.518282988871,1.87867287326,0.863174022847,0.470588235294,0.786197569093,0.41766745858,2.25,1.88235294118,0.786197569093,2.25,0.166339869281,0.0612244897959,3,0.00441176470588,0.185952380952,17,17,17,1,0,0.352941176471,0.411764705882,0.235294117647,0,0,0,0,0,0,0,0,0,0,0,0,0,0,0,0,0,0,0,0,0,0,0,0,0,0,0,0,0,37,0,0,235,1,1,0,0,1,1,1,1,1,1,2,2,0,0,0,0
1226,WLNM_dir_neg,1,0.5,00:00:01,10,30,37,1981780310,threshold_sweep,0.2,1,1,1,2,0,0,4,1,1,0,0,1,1,1,1,0.555555555556,1,1,1,37,35,2,0,37,0,35,0,2,17,37,0.136029411765,1.88235294118,4.35294117647,3.36363636364,2.84615384615,1.69341284359,0.389027274878,0.193958664547,2.09866904602,0.964253345467,0.518282988871,1.87867287326,0.863174022847,0.470588235294,0.786197569093,0.41766745858,2.25,1.88235294118,0.786197569093,2.25,0.166339869281,0.0612244897959,3,0.00441176470588,0.185952380952,17,17,17,1,0,0.352941176471,0.411764705882,0.235294117647,17,0.128676470588,1.90196078431,4.11764705882,3.18181818182,2.69230769231,1.57648156274,0.382859808093,0.201680672269,2.01465221053,0.978545359402,0.524369747899,1.74894926439,0.849489642704,0.463865546218,0.814492905316,0.428238537847,2.33333333333,1.90196078431,0.814492905316,2.33333333333,0,0,0,0,0.164242424242,17,17,17,1,0,0.352941176471,0.411764705882,0.235294117647,17,37,0.136029411765,1.88235294118,4.35294117647,3.36363636364,2.84615384615,1.69341284359,0.389027274878,0.193958664547,2.09866904602,0.964253345467,0.518282988871,1.87867287326,0.863174022847,0.470588235294,0.786197569093,0.41766745858,2.25,1.88235294118,0.786197569093,2.25,0.166339869281,0.0612244897959,3,0.00441176470588,0.185952380952,17,17,17,1,0,0.352941176471,0.411764705882,0.235294117647,0,0,0,0,0,0,0,0,0,0,0,0,0,0,0,0,0,0,0,0,0,0,0,0,0,0,0,0,0,37,0,0,235,1,1,0,0,1,1,1,1,1,1,2,2,0,0,0,0
1227,WLNM_dir_neg,1,0.5,00:00:01,10,30,37,1981780310,threshold_sweep,0.3,1,1,1,2,0,0,4,1,1,0,0,1,1,1,1,0.555555555556,1,1,1,37,35,2,0,37,0,35,0,2,17,37,0.136029411765,1.88235294118,4.35294117647,3.36363636364,2.84615384615,1.69341284359,0.389027274878,0.193958664547,2.09866904602,0.964253345467,0.518282988871,1.87867287326,0.863174022847,0.470588235294,0.786197569093,0.41766745858,2.25,1.88235294118,0.786197569093,2.25,0.166339869281,0.0612244897959,3,0.00441176470588,0.185952380952,17,17,17,1,0,0.352941176471,0.411764705882,0.235294117647,17,0.128676470588,1.90196078431,4.11764705882,3.18181818182,2.69230769231,1.57648156274,0.382859808093,0.201680672269,2.01465221053,0.978545359402,0.524369747899,1.74894926439,0.849489642704,0.463865546218,0.814492905316,0.428238537847,2.33333333333,1.90196078431,0.814492905316,2.33333333333,0,0,0,0,0.164242424242,17,17,17,1,0,0.352941176471,0.411764705882,0.235294117647,17,37,0.136029411765,1.88235294118,4.35294117647,3.36363636364,2.84615384615,1.69341284359,0.389027274878,0.193958664547,2.09866904602,0.964253345467,0.518282988871,1.87867287326,0.863174022847,0.470588235294,0.786197569093,0.41766745858,2.25,1.88235294118,0.786197569093,2.25,0.166339869281,0.0612244897959,3,0.00441176470588,0.185952380952,17,17,17,1,0,0.352941176471,0.411764705882,0.235294117647,0,0,0,0,0,0,0,0,0,0,0,0,0,0,0,0,0,0,0,0,0,0,0,0,0,0,0,0,0,37,0,0,235,1,1,0,0,1,1,1,1,1,1,2,2,0,0,0,0
1228,WLNM_dir_neg,1,0.5,00:00:01,10,30,37,1981780310,threshold_sweep,0.4,1,1,1,2,0,0,4,1,1,0,0,1,1,1,1,0.555555555556,1,1,1,37,35,2,0,37,0,35,0,2,17,37,0.136029411765,1.88235294118,4.35294117647,3.36363636364,2.84615384615,1.69341284359,0.389027274878,0.193958664547,2.09866904602,0.964253345467,0.518282988871,1.87867287326,0.863174022847,0.470588235294,0.786197569093,0.41766745858,2.25,1.88235294118,0.786197569093,2.25,0.166339869281,0.0612244897959,3,0.00441176470588,0.185952380952,17,17,17,1,0,0.352941176471,0.411764705882,0.235294117647,17,0.128676470588,1.90196078431,4.11764705882,3.18181818182,2.69230769231,1.57648156274,0.382859808093,0.201680672269,2.01465221053,0.978545359402,0.524369747899,1.74894926439,0.849489642704,0.463865546218,0.814492905316,0.428238537847,2.33333333333,1.90196078431,0.814492905316,2.33333333333,0,0,0,0,0.164242424242,17,17,17,1,0,0.352941176471,0.411764705882,0.235294117647,17,37,0.136029411765,1.88235294118,4.35294117647,3.36363636364,2.84615384615,1.69341284359,0.389027274878,0.193958664547,2.09866904602,0.964253345467,0.518282988871,1.87867287326,0.863174022847,0.470588235294,0.786197569093,0.41766745858,2.25,1.88235294118,0.786197569093,2.25,0.166339869281,0.0612244897959,3,0.00441176470588,0.185952380952,17,17,17,1,0,0.352941176471,0.411764705882,0.235294117647,0,0,0,0,0,0,0,0,0,0,0,0,0,0,0,0,0,0,0,0,0,0,0,0,0,0,0,0,0,37,0,0,235,1,1,0,0,1,1,1,1,1,1,2,2,0,0,0,0
1229,WLNM_dir_neg,1,0.5,00:00:01,10,30,37,1981780310,threshold_sweep,0.5,1,0.5,0.666666666667,1,0,1,4,0.5,1,0,0.5,1,0.5,0.666666666667,0.833333333333,0.611111111111,0.571428571429,0.632455532034,0.5,37,35,2,0,37,0,35,0,2,17,37,0.136029411765,1.88235294118,4.35294117647,3.36363636364,2.84615384615,1.69341284359,0.389027274878,0.193958664547,2.09866904602,0.964253345467,0.518282988871,1.87867287326,0.863174022847,0.470588235294,0.786197569093,0.41766745858,2.25,1.88235294118,0.786197569093,2.25,0.166339869281,0.0612244897959,3,0.00441176470588,0.185952380952,17,17,17,1,0,0.352941176471,0.411764705882,0.235294117647,17,0.128676470588,1.90196078431,4.11764705882,3.18181818182,2.69230769231,1.57648156274,0.382859808093,0.201680672269,2.01465221053,0.978545359402,0.524369747899,1.74894926439,0.849489642704,0.463865546218,0.814492905316,0.428238537847,2.33333333333,1.90196078431,0.814492905316,2.33333333333,0,0,0,0,0.164242424242,17,17,17,1,0,0.352941176471,0.411764705882,0.235294117647,17,36,0.132352941176,1.89705882353,4.23529411765,3.27272727273,2.76923076923,1.71498585143,0.40492721492,0.204248366013,2.05798302171,0.971825315808,0.522875816993,1.79869233546,0.849382491746,0.464052287582,0.805541469338,0.424626510969,2.25,1.89705882353,0.805541469338,2.25,0.0702614379085,0.0214285714286,1,0.00147058823529,0.175454545455,17,17,17,1,0,0.352941176471,0.411764705882,0.235294117647,-1,-0.00367647058824,0.0147058823529,-0.117647058824,-0.0909090909091,-0.0769230769231,0.0215730078386,0.0158999400418,0.0102897014662,-0.0406860243059,0.00757197034072,0.00459282812224,-0.0799805377942,-0.0137915311015,-0.00653594771242,0.0193439002456,0.00695905238854,0,0.0147058823529,0.0193439002456,0,-0.0960784313725,-0.0397959183673,-2,-0.00294117647059,-0.0104978354978,0,0,0,36,0,1,235,0.972972972973,1,0,0.027027027027,1,0.972972972973,0.986301369863,0.984301887704,0.972972972973,0.972972972973,1,2,0,0,0,0
1230,WLNM_dir_neg,1,0.5,00:00:01,10,30,37,1981780310,threshold_sweep,0.6,1,0.5,0.666666666667,1,0,1,4,0.5,1,0,0.5,1,0.5,0.666666666667,0.833333333333,0.611111111111,0.571428571429,0.632455532034,0.5,37,35,2,0,37,0,35,0,2,17,37,0.136029411765,1.88235294118,4.35294117647,3.36363636364,2.84615384615,1.69341284359,0.389027274878,0.193958664547,2.09866904602,0.964253345467,0.518282988871,1.87867287326,0.863174022847,0.470588235294,0.786197569093,0.41766745858,2.25,1.88235294118,0.786197569093,2.25,0.166339869281,0.0612244897959,3,0.00441176470588,0.185952380952,17,17,17,1,0,0.352941176471,0.411764705882,0.235294117647,17,0.128676470588,1.90196078431,4.11764705882,3.18181818182,2.69230769231,1.57648156274,0.382859808093,0.201680672269,2.01465221053,0.978545359402,0.524369747899,1.74894926439,0.849489642704,0.463865546218,0.814492905316,0.428238537847,2.33333333333,1.90196078431,0.814492905316,2.33333333333,0,0,0,0,0.164242424242,17,17,17,1,0,0.352941176471,0.411764705882,0.235294117647,17,36,0.132352941176,1.89705882353,4.23529411765,3.27272727273,2.76923076923,1.71498585143,0.40492721492,0.204248366013,2.05798302171,0.971825315808,0.522875816993,1.79869233546,0.849382491746,0.464052287582,0.805541469338,0.424626510969,2.25,1.89705882353,0.805541469338,2.25,0.0702614379085,0.0214285714286,1,0.00147058823529,0.175454545455,17,17,17,1,0,0.352941176471,0.411764705882,0.235294117647,-1,-0.00367647058824,0.0147058823529,-0.117647058824,-0.0909090909091,-0.0769230769231,0.0215730078386,0.0158999400418,0.0102897014662,-0.0406860243059,0.00757197034072,0.00459282812224,-0.0799805377942,-0.0137915311015,-0.00653594771242,0.0193439002456,0.00695905238854,0,0.0147058823529,0.0193439002456,0,-0.0960784313725,-0.0397959183673,-2,-0.00294117647059,-0.0104978354978,0,0,0,36,0,1,235,0.972972972973,1,0,0.027027027027,1,0.972972972973,0.986301369863,0.984301887704,0.972972972973,0.972972972973,1,2,0,0,0,0
1231,WLNM_dir_neg,1,0.5,00:00:01,10,30,37,1981780310,threshold_sweep,0.7,1,0.5,0.666666666667,1,0,1,4,0.5,1,0,0.5,1,0.5,0.666666666667,0.833333333333,0.611111111111,0.571428571429,0.632455532034,0.5,37,35,2,0,37,0,35,0,2,17,37,0.136029411765,1.88235294118,4.35294117647,3.36363636364,2.84615384615,1.69341284359,0.389027274878,0.193958664547,2.09866904602,0.964253345467,0.518282988871,1.87867287326,0.863174022847,0.470588235294,0.786197569093,0.41766745858,2.25,1.88235294118,0.786197569093,2.25,0.166339869281,0.0612244897959,3,0.00441176470588,0.185952380952,17,17,17,1,0,0.352941176471,0.411764705882,0.235294117647,17,0.128676470588,1.90196078431,4.11764705882,3.18181818182,2.69230769231,1.57648156274,0.382859808093,0.201680672269,2.01465221053,0.978545359402,0.524369747899,1.74894926439,0.849489642704,0.463865546218,0.814492905316,0.428238537847,2.33333333333,1.90196078431,0.814492905316,2.33333333333,0,0,0,0,0.164242424242,17,17,17,1,0,0.352941176471,0.411764705882,0.235294117647,17,36,0.132352941176,1.89705882353,4.23529411765,3.27272727273,2.76923076923,1.71498585143,0.40492721492,0.204248366013,2.05798302171,0.971825315808,0.522875816993,1.79869233546,0.849382491746,0.464052287582,0.805541469338,0.424626510969,2.25,1.89705882353,0.805541469338,2.25,0.0702614379085,0.0214285714286,1,0.00147058823529,0.175454545455,17,17,17,1,0,0.352941176471,0.411764705882,0.235294117647,-1,-0.00367647058824,0.0147058823529,-0.117647058824,-0.0909090909091,-0.0769230769231,0.0215730078386,0.0158999400418,0.0102897014662,-0.0406860243059,0.00757197034072,0.00459282812224,-0.0799805377942,-0.0137915311015,-0.00653594771242,0.0193439002456,0.00695905238854,0,0.0147058823529,0.0193439002456,0,-0.0960784313725,-0.0397959183673,-2,-0.00294117647059,-0.0104978354978,0,0,0,36,0,1,235,0.972972972973,1,0,0.027027027027,1,0.972972972973,0.986301369863,0.984301887704,0.972972972973,0.972972972973,1,2,0,0,0,0
1232,WLNM_dir_neg,1,0.5,00:00:01,10,30,37,1981780310,threshold_sweep,0.8,1,0.5,0.666666666667,1,0,1,4,0.5,1,0,0.5,1,0.5,0.666666666667,0.833333333333,0.611111111111,0.571428571429,0.632455532034,0.5,37,35,2,0,37,0,35,0,2,17,37,0.136029411765,1.88235294118,4.35294117647,3.36363636364,2.84615384615,1.69341284359,0.389027274878,0.193958664547,2.09866904602,0.964253345467,0.518282988871,1.87867287326,0.863174022847,0.470588235294,0.786197569093,0.41766745858,2.25,1.88235294118,0.786197569093,2.25,0.166339869281,0.0612244897959,3,0.00441176470588,0.185952380952,17,17,17,1,0,0.352941176471,0.411764705882,0.235294117647,17,0.128676470588,1.90196078431,4.11764705882,3.18181818182,2.69230769231,1.57648156274,0.382859808093,0.201680672269,2.01465221053,0.978545359402,0.524369747899,1.74894926439,0.849489642704,0.463865546218,0.814492905316,0.428238537847,2.33333333333,1.90196078431,0.814492905316,2.33333333333,0,0,0,0,0.164242424242,17,17,17,1,0,0.352941176471,0.411764705882,0.235294117647,17,36,0.132352941176,1.89705882353,4.23529411765,3.27272727273,2.76923076923,1.71498585143,0.40492721492,0.204248366013,2.05798302171,0.971825315808,0.522875816993,1.79869233546,0.849382491746,0.464052287582,0.805541469338,0.424626510969,2.25,1.89705882353,0.805541469338,2.25,0.0702614379085,0.0214285714286,1,0.00147058823529,0.175454545455,17,17,17,1,0,0.352941176471,0.411764705882,0.235294117647,-1,-0.00367647058824,0.0147058823529,-0.117647058824,-0.0909090909091,-0.0769230769231,0.0215730078386,0.0158999400418,0.0102897014662,-0.0406860243059,0.00757197034072,0.00459282812224,-0.0799805377942,-0.0137915311015,-0.00653594771242,0.0193439002456,0.00695905238854,0,0.0147058823529,0.0193439002456,0,-0.0960784313725,-0.0397959183673,-2,-0.00294117647059,-0.0104978354978,0,0,0,36,0,1,235,0.972972972973,1,0,0.027027027027,1,0.972972972973,0.986301369863,0.984301887704,0.972972972973,0.972972972973,1,2,0,0,0,0
1233,WLNM_dir_neg,1,0.5,00:00:01,10,30,37,1981780310,threshold_sweep,0.9,1,0.5,0.666666666667,1,0,1,4,0.5,1,0,0.5,1,0.5,0.666666666667,0.833333333333,0.611111111111,0.571428571429,0.632455532034,0.5,37,35,2,0,37,0,35,0,2,17,37,0.136029411765,1.88235294118,4.35294117647,3.36363636364,2.84615384615,1.69341284359,0.389027274878,0.193958664547,2.09866904602,0.964253345467,0.518282988871,1.87867287326,0.863174022847,0.470588235294,0.786197569093,0.41766745858,2.25,1.88235294118,0.786197569093,2.25,0.166339869281,0.0612244897959,3,0.00441176470588,0.185952380952,17,17,17,1,0,0.352941176471,0.411764705882,0.235294117647,17,0.128676470588,1.90196078431,4.11764705882,3.18181818182,2.69230769231,1.57648156274,0.382859808093,0.201680672269,2.01465221053,0.978545359402,0.524369747899,1.74894926439,0.849489642704,0.463865546218,0.814492905316,0.428238537847,2.33333333333,1.90196078431,0.814492905316,2.33333333333,0,0,0,0,0.164242424242,17,17,17,1,0,0.352941176471,0.411764705882,0.235294117647,17,36,0.132352941176,1.89705882353,4.23529411765,3.27272727273,2.76923076923,1.71498585143,0.40492721492,0.204248366013,2.05798302171,0.971825315808,0.522875816993,1.79869233546,0.849382491746,0.464052287582,0.805541469338,0.424626510969,2.25,1.89705882353,0.805541469338,2.25,0.0702614379085,0.0214285714286,1,0.00147058823529,0.175454545455,17,17,17,1,0,0.352941176471,0.411764705882,0.235294117647,-1,-0.00367647058824,0.0147058823529,-0.117647058824,-0.0909090909091,-0.0769230769231,0.0215730078386,0.0158999400418,0.0102897014662,-0.0406860243059,0.00757197034072,0.00459282812224,-0.0799805377942,-0.0137915311015,-0.00653594771242,0.0193439002456,0.00695905238854,0,0.0147058823529,0.0193439002456,0,-0.0960784313725,-0.0397959183673,-2,-0.00294117647059,-0.0104978354978,0,0,0,36,0,1,235,0.972972972973,1,0,0.027027027027,1,0.972972972973,0.986301369863,0.984301887704,0.972972972973,0.972972972973,1,2,0,0,0,0
1234,WLNM_dir_neg,0.875,0.291666666667,00:00:01,10,30,38,1981780311,threshold_sweep,0.1,0.666666666667,1,0.8,2,1,0,3,1,0.75,0.25,0,0.666666666667,1,0.8,0.833333333333,0.5,0.666666666667,0.707106781187,0.75,37,35,2,0,37,0,35,0,2,17,37,0.136029411765,1.88235294118,4.35294117647,3.36363636364,2.84615384615,1.69341284359,0.389027274878,0.193958664547,2.09866904602,0.964253345467,0.518282988871,1.87867287326,0.863174022847,0.470588235294,0.786197569093,0.41766745858,2.25,1.88235294118,0.786197569093,2.25,0.166339869281,0.0612244897959,3,0.00441176470588,0.185952380952,17,17,17,1,0,0.352941176471,0.411764705882,0.235294117647,17,0.128676470588,1.90196078431,4.11764705882,3.18181818182,2.69230769231,1.57648156274,0.382859808093,0.201680672269,2.01465221053,0.978545359402,0.524369747899,1.74894926439,0.849489642704,0.463865546218,0.814492905316,0.428238537847,2.33333333333,1.90196078431,0.814492905316,2.33333333333,0,0,0,0,0.164242424242,17,17,17,1,0,0.352941176471,0.411764705882,0.235294117647,17,38,0.139705882353,2.13617647059,4.47058823529,3.16666666667,2.92307692308,1.69991349261,0.380243807557,0.19040247678,2.04723630062,0.915868871331,0.495356037152,1.92124346989,0.859503657582,0.467492260062,0.898017833571,0.420385602938,2.5,2.13617647059,0.898017833571,2.5,0.180065359477,0.0774193548387,4,0.00588235294118,0.164051226551,17,17,17,1,0,0.294117647059,0.470588235294,0.235294117647,1,0.00367647058824,0.253823529412,0.117647058824,-0.19696969697,0.0769230769231,0.00650064902221,-0.00878346732077,-0.00355618776671,-0.0514327453931,-0.0483844741355,-0.0229269517195,0.0425705966328,-0.00367036526551,-0.0030959752322,0.111820264479,0.002718144358,0.25,0.253823529412,0.111820264479,0.25,0.0137254901961,0.0161948650428,1,0.00147058823529,-0.0219011544012,-0.0588235294118,0.0588235294118,0,37,1,0,234,1,0.995744680851,0.00425531914894,0,0.973684210526,1,0.986666666667,0.984652666406,0.995744680851,0.973684210526,3,2,0,0,0,0
1235,WLNM_dir_neg,0.875,0.291666666667,00:00:01,10,30,38,1981780311,threshold_sweep,0.2,0.666666666667,1,0.8,2,1,0,3,1,0.75,0.25,0,0.666666666667,1,0.8,0.833333333333,0.5,0.666666666667,0.707106781187,0.75,37,35,2,0,37,0,35,0,2,17,37,0.136029411765,1.88235294118,4.35294117647,3.36363636364,2.84615384615,1.69341284359,0.389027274878,0.193958664547,2.09866904602,0.964253345467,0.518282988871,1.87867287326,0.863174022847,0.470588235294,0.786197569093,0.41766745858,2.25,1.88235294118,0.786197569093,2.25,0.166339869281,0.0612244897959,3,0.00441176470588,0.185952380952,17,17,17,1,0,0.352941176471,0.411764705882,0.235294117647,17,0.128676470588,1.90196078431,4.11764705882,3.18181818182,2.69230769231,1.57648156274,0.382859808093,0.201680672269,2.01465221053,0.978545359402,0.524369747899,1.74894926439,0.849489642704,0.463865546218,0.814492905316,0.428238537847,2.33333333333,1.90196078431,0.814492905316,2.33333333333,0,0,0,0,0.164242424242,17,17,17,1,0,0.352941176471,0.411764705882,0.235294117647,17,38,0.139705882353,2.13617647059,4.47058823529,3.16666666667,2.92307692308,1.69991349261,0.380243807557,0.19040247678,2.04723630062,0.915868871331,0.495356037152,1.92124346989,0.859503657582,0.467492260062,0.898017833571,0.420385602938,2.5,2.13617647059,0.898017833571,2.5,0.180065359477,0.0774193548387,4,0.00588235294118,0.164051226551,17,17,17,1,0,0.294117647059,0.470588235294,0.235294117647,1,0.00367647058824,0.253823529412,0.117647058824,-0.19696969697,0.0769230769231,0.00650064902221,-0.00878346732077,-0.00355618776671,-0.0514327453931,-0.0483844741355,-0.0229269517195,0.0425705966328,-0.00367036526551,-0.0030959752322,0.111820264479,0.002718144358,0.25,0.253823529412,0.111820264479,0.25,0.0137254901961,0.0161948650428,1,0.00147058823529,-0.0219011544012,-0.0588235294118,0.0588235294118,0,37,1,0,234,1,0.995744680851,0.00425531914894,0,0.973684210526,1,0.986666666667,0.984652666406,0.995744680851,0.973684210526,3,2,0,0,0,0
1236,WLNM_dir_neg,0.875,0.291666666667,00:00:01,10,30,38,1981780311,threshold_sweep,0.3,0.666666666667,1,0.8,2,1,0,3,1,0.75,0.25,0,0.666666666667,1,0.8,0.833333333333,0.5,0.666666666667,0.707106781187,0.75,37,35,2,0,37,0,35,0,2,17,37,0.136029411765,1.88235294118,4.35294117647,3.36363636364,2.84615384615,1.69341284359,0.389027274878,0.193958664547,2.09866904602,0.964253345467,0.518282988871,1.87867287326,0.863174022847,0.470588235294,0.786197569093,0.41766745858,2.25,1.88235294118,0.786197569093,2.25,0.166339869281,0.0612244897959,3,0.00441176470588,0.185952380952,17,17,17,1,0,0.352941176471,0.411764705882,0.235294117647,17,0.128676470588,1.90196078431,4.11764705882,3.18181818182,2.69230769231,1.57648156274,0.382859808093,0.201680672269,2.01465221053,0.978545359402,0.524369747899,1.74894926439,0.849489642704,0.463865546218,0.814492905316,0.428238537847,2.33333333333,1.90196078431,0.814492905316,2.33333333333,0,0,0,0,0.164242424242,17,17,17,1,0,0.352941176471,0.411764705882,0.235294117647,17,38,0.139705882353,2.13617647059,4.47058823529,3.16666666667,2.92307692308,1.69991349261,0.380243807557,0.19040247678,2.04723630062,0.915868871331,0.495356037152,1.92124346989,0.859503657582,0.467492260062,0.898017833571,0.420385602938,2.5,2.13617647059,0.898017833571,2.5,0.180065359477,0.0774193548387,4,0.00588235294118,0.164051226551,17,17,17,1,0,0.294117647059,0.470588235294,0.235294117647,1,0.00367647058824,0.253823529412,0.117647058824,-0.19696969697,0.0769230769231,0.00650064902221,-0.00878346732077,-0.00355618776671,-0.0514327453931,-0.0483844741355,-0.0229269517195,0.0425705966328,-0.00367036526551,-0.0030959752322,0.111820264479,0.002718144358,0.25,0.253823529412,0.111820264479,0.25,0.0137254901961,0.0161948650428,1,0.00147058823529,-0.0219011544012,-0.0588235294118,0.0588235294118,0,37,1,0,234,1,0.995744680851,0.00425531914894,0,0.973684210526,1,0.986666666667,0.984652666406,0.995744680851,0.973684210526,3,2,0,0,0,0
1237,WLNM_dir_neg,0.875,0.291666666667,00:00:01,10,30,38,1981780311,threshold_sweep,0.4,0.666666666667,1,0.8,2,1,0,3,1,0.75,0.25,0,0.666666666667,1,0.8,0.833333333333,0.5,0.666666666667,0.707106781187,0.75,37,35,2,0,37,0,35,0,2,17,37,0.136029411765,1.88235294118,4.35294117647,3.36363636364,2.84615384615,1.69341284359,0.389027274878,0.193958664547,2.09866904602,0.964253345467,0.518282988871,1.87867287326,0.863174022847,0.470588235294,0.786197569093,0.41766745858,2.25,1.88235294118,0.786197569093,2.25,0.166339869281,0.0612244897959,3,0.00441176470588,0.185952380952,17,17,17,1,0,0.352941176471,0.411764705882,0.235294117647,17,0.128676470588,1.90196078431,4.11764705882,3.18181818182,2.69230769231,1.57648156274,0.382859808093,0.201680672269,2.01465221053,0.978545359402,0.524369747899,1.74894926439,0.849489642704,0.463865546218,0.814492905316,0.428238537847,2.33333333333,1.90196078431,0.814492905316,2.33333333333,0,0,0,0,0.164242424242,17,17,17,1,0,0.352941176471,0.411764705882,0.235294117647,17,38,0.139705882353,2.13617647059,4.47058823529,3.16666666667,2.92307692308,1.69991349261,0.380243807557,0.19040247678,2.04723630062,0.915868871331,0.495356037152,1.92124346989,0.859503657582,0.467492260062,0.898017833571,0.420385602938,2.5,2.13617647059,0.898017833571,2.5,0.180065359477,0.0774193548387,4,0.00588235294118,0.164051226551,17,17,17,1,0,0.294117647059,0.470588235294,0.235294117647,1,0.00367647058824,0.253823529412,0.117647058824,-0.19696969697,0.0769230769231,0.00650064902221,-0.00878346732077,-0.00355618776671,-0.0514327453931,-0.0483844741355,-0.0229269517195,0.0425705966328,-0.00367036526551,-0.0030959752322,0.111820264479,0.002718144358,0.25,0.253823529412,0.111820264479,0.25,0.0137254901961,0.0161948650428,1,0.00147058823529,-0.0219011544012,-0.0588235294118,0.0588235294118,0,37,1,0,234,1,0.995744680851,0.00425531914894,0,0.973684210526,1,0.986666666667,0.984652666406,0.995744680851,0.973684210526,3,2,0,0,0,0
1238,WLNM_dir_neg,0.875,0.291666666667,00:00:01,10,30,38,1981780311,threshold_sweep,0.5,0.666666666667,1,0.8,2,1,0,3,1,0.75,0.25,0,0.666666666667,1,0.8,0.833333333333,0.5,0.666666666667,0.707106781187,0.75,37,35,2,0,37,0,35,0,2,17,37,0.136029411765,1.88235294118,4.35294117647,3.36363636364,2.84615384615,1.69341284359,0.389027274878,0.193958664547,2.09866904602,0.964253345467,0.518282988871,1.87867287326,0.863174022847,0.470588235294,0.786197569093,0.41766745858,2.25,1.88235294118,0.786197569093,2.25,0.166339869281,0.0612244897959,3,0.00441176470588,0.185952380952,17,17,17,1,0,0.352941176471,0.411764705882,0.235294117647,17,0.128676470588,1.90196078431,4.11764705882,3.18181818182,2.69230769231,1.57648156274,0.382859808093,0.201680672269,2.01465221053,0.978545359402,0.524369747899,1.74894926439,0.849489642704,0.463865546218,0.814492905316,0.428238537847,2.33333333333,1.90196078431,0.814492905316,2.33333333333,0,0,0,0,0.164242424242,17,17,17,1,0,0.352941176471,0.411764705882,0.235294117647,17,38,0.139705882353,2.13617647059,4.47058823529,3.16666666667,2.92307692308,1.69991349261,0.380243807557,0.19040247678,2.04723630062,0.915868871331,0.495356037152,1.92124346989,0.859503657582,0.467492260062,0.898017833571,0.420385602938,2.5,2.13617647059,0.898017833571,2.5,0.180065359477,0.0774193548387,4,0.00588235294118,0.164051226551,17,17,17,1,0,0.294117647059,0.470588235294,0.235294117647,1,0.00367647058824,0.253823529412,0.117647058824,-0.19696969697,0.0769230769231,0.00650064902221,-0.00878346732077,-0.00355618776671,-0.0514327453931,-0.0483844741355,-0.0229269517195,0.0425705966328,-0.00367036526551,-0.0030959752322,0.111820264479,0.002718144358,0.25,0.253823529412,0.111820264479,0.25,0.0137254901961,0.0161948650428,1,0.00147058823529,-0.0219011544012,-0.0588235294118,0.0588235294118,0,37,1,0,234,1,0.995744680851,0.00425531914894,0,0.973684210526,1,0.986666666667,0.984652666406,0.995744680851,0.973684210526,3,2,0,0,0,0
1239,WLNM_dir_neg,0.875,0.291666666667,00:00:01,10,30,38,1981780311,threshold_sweep,0.6,0.666666666667,1,0.8,2,1,0,3,1,0.75,0.25,0,0.666666666667,1,0.8,0.833333333333,0.5,0.666666666667,0.707106781187,0.75,37,35,2,0,37,0,35,0,2,17,37,0.136029411765,1.88235294118,4.35294117647,3.36363636364,2.84615384615,1.69341284359,0.389027274878,0.193958664547,2.09866904602,0.964253345467,0.518282988871,1.87867287326,0.863174022847,0.470588235294,0.786197569093,0.41766745858,2.25,1.88235294118,0.786197569093,2.25,0.166339869281,0.0612244897959,3,0.00441176470588,0.185952380952,17,17,17,1,0,0.352941176471,0.411764705882,0.235294117647,17,0.128676470588,1.90196078431,4.11764705882,3.18181818182,2.69230769231,1.57648156274,0.382859808093,0.201680672269,2.01465221053,0.978545359402,0.524369747899,1.74894926439,0.849489642704,0.463865546218,0.814492905316,0.428238537847,2.33333333333,1.90196078431,0.814492905316,2.33333333333,0,0,0,0,0.164242424242,17,17,17,1,0,0.352941176471,0.411764705882,0.235294117647,17,38,0.139705882353,2.13617647059,4.47058823529,3.16666666667,2.92307692308,1.69991349261,0.380243807557,0.19040247678,2.04723630062,0.915868871331,0.495356037152,1.92124346989,0.859503657582,0.467492260062,0.898017833571,0.420385602938,2.5,2.13617647059,0.898017833571,2.5,0.180065359477,0.0774193548387,4,0.00588235294118,0.164051226551,17,17,17,1,0,0.294117647059,0.470588235294,0.235294117647,1,0.00367647058824,0.253823529412,0.117647058824,-0.19696969697,0.0769230769231,0.00650064902221,-0.00878346732077,-0.00355618776671,-0.0514327453931,-0.0483844741355,-0.0229269517195,0.0425705966328,-0.00367036526551,-0.0030959752322,0.111820264479,0.002718144358,0.25,0.253823529412,0.111820264479,0.25,0.0137254901961,0.0161948650428,1,0.00147058823529,-0.0219011544012,-0.0588235294118,0.0588235294118,0,37,1,0,234,1,0.995744680851,0.00425531914894,0,0.973684210526,1,0.986666666667,0.984652666406,0.995744680851,0.973684210526,3,2,0,0,0,0
1240,WLNM_dir_neg,0.875,0.291666666667,00:00:01,10,30,38,1981780311,threshold_sweep,0.7,0.666666666667,1,0.8,2,1,0,3,1,0.75,0.25,0,0.666666666667,1,0.8,0.833333333333,0.5,0.666666666667,0.707106781187,0.75,37,35,2,0,37,0,35,0,2,17,37,0.136029411765,1.88235294118,4.35294117647,3.36363636364,2.84615384615,1.69341284359,0.389027274878,0.193958664547,2.09866904602,0.964253345467,0.518282988871,1.87867287326,0.863174022847,0.470588235294,0.786197569093,0.41766745858,2.25,1.88235294118,0.786197569093,2.25,0.166339869281,0.0612244897959,3,0.00441176470588,0.185952380952,17,17,17,1,0,0.352941176471,0.411764705882,0.235294117647,17,0.128676470588,1.90196078431,4.11764705882,3.18181818182,2.69230769231,1.57648156274,0.382859808093,0.201680672269,2.01465221053,0.978545359402,0.524369747899,1.74894926439,0.849489642704,0.463865546218,0.814492905316,0.428238537847,2.33333333333,1.90196078431,0.814492905316,2.33333333333,0,0,0,0,0.164242424242,17,17,17,1,0,0.352941176471,0.411764705882,0.235294117647,17,38,0.139705882353,2.13617647059,4.47058823529,3.16666666667,2.92307692308,1.69991349261,0.380243807557,0.19040247678,2.04723630062,0.915868871331,0.495356037152,1.92124346989,0.859503657582,0.467492260062,0.898017833571,0.420385602938,2.5,2.13617647059,0.898017833571,2.5,0.180065359477,0.0774193548387,4,0.00588235294118,0.164051226551,17,17,17,1,0,0.294117647059,0.470588235294,0.235294117647,1,0.00367647058824,0.253823529412,0.117647058824,-0.19696969697,0.0769230769231,0.00650064902221,-0.00878346732077,-0.00355618776671,-0.0514327453931,-0.0483844741355,-0.0229269517195,0.0425705966328,-0.00367036526551,-0.0030959752322,0.111820264479,0.002718144358,0.25,0.253823529412,0.111820264479,0.25,0.0137254901961,0.0161948650428,1,0.00147058823529,-0.0219011544012,-0.0588235294118,0.0588235294118,0,37,1,0,234,1,0.995744680851,0.00425531914894,0,0.973684210526,1,0.986666666667,0.984652666406,0.995744680851,0.973684210526,3,2,0,0,0,0
1241,WLNM_dir_neg,0.875,0.291666666667,00:00:01,10,30,38,1981780311,threshold_sweep,0.8,0.666666666667,1,0.8,2,1,0,3,1,0.75,0.25,0,0.666666666667,1,0.8,0.833333333333,0.5,0.666666666667,0.707106781187,0.75,37,35,2,0,37,0,35,0,2,17,37,0.136029411765,1.88235294118,4.35294117647,3.36363636364,2.84615384615,1.69341284359,0.389027274878,0.193958664547,2.09866904602,0.964253345467,0.518282988871,1.87867287326,0.863174022847,0.470588235294,0.786197569093,0.41766745858,2.25,1.88235294118,0.786197569093,2.25,0.166339869281,0.0612244897959,3,0.00441176470588,0.185952380952,17,17,17,1,0,0.352941176471,0.411764705882,0.235294117647,17,0.128676470588,1.90196078431,4.11764705882,3.18181818182,2.69230769231,1.57648156274,0.382859808093,0.201680672269,2.01465221053,0.978545359402,0.524369747899,1.74894926439,0.849489642704,0.463865546218,0.814492905316,0.428238537847,2.33333333333,1.90196078431,0.814492905316,2.33333333333,0,0,0,0,0.164242424242,17,17,17,1,0,0.352941176471,0.411764705882,0.235294117647,17,38,0.139705882353,2.13617647059,4.47058823529,3.16666666667,2.92307692308,1.69991349261,0.380243807557,0.19040247678,2.04723630062,0.915868871331,0.495356037152,1.92124346989,0.859503657582,0.467492260062,0.898017833571,0.420385602938,2.5,2.13617647059,0.898017833571,2.5,0.180065359477,0.0774193548387,4,0.00588235294118,0.164051226551,17,17,17,1,0,0.294117647059,0.470588235294,0.235294117647,1,0.00367647058824,0.253823529412,0.117647058824,-0.19696969697,0.0769230769231,0.00650064902221,-0.00878346732077,-0.00355618776671,-0.0514327453931,-0.0483844741355,-0.0229269517195,0.0425705966328,-0.00367036526551,-0.0030959752322,0.111820264479,0.002718144358,0.25,0.253823529412,0.111820264479,0.25,0.0137254901961,0.0161948650428,1,0.00147058823529,-0.0219011544012,-0.0588235294118,0.0588235294118,0,37,1,0,234,1,0.995744680851,0.00425531914894,0,0.973684210526,1,0.986666666667,0.984652666406,0.995744680851,0.973684210526,3,2,0,0,0,0
1242,WLNM_dir_neg,0.875,0.291666666667,00:00:01,10,30,38,1981780311,threshold_sweep,0.9,0.666666666667,1,0.8,2,1,0,3,1,0.75,0.25,0,0.666666666667,1,0.8,0.833333333333,0.5,0.666666666667,0.707106781187,0.75,37,35,2,0,37,0,35,0,2,17,37,0.136029411765,1.88235294118,4.35294117647,3.36363636364,2.84615384615,1.69341284359,0.389027274878,0.193958664547,2.09866904602,0.964253345467,0.518282988871,1.87867287326,0.863174022847,0.470588235294,0.786197569093,0.41766745858,2.25,1.88235294118,0.786197569093,2.25,0.166339869281,0.0612244897959,3,0.00441176470588,0.185952380952,17,17,17,1,0,0.352941176471,0.411764705882,0.235294117647,17,0.128676470588,1.90196078431,4.11764705882,3.18181818182,2.69230769231,1.57648156274,0.382859808093,0.201680672269,2.01465221053,0.978545359402,0.524369747899,1.74894926439,0.849489642704,0.463865546218,0.814492905316,0.428238537847,2.33333333333,1.90196078431,0.814492905316,2.33333333333,0,0,0,0,0.164242424242,17,17,17,1,0,0.352941176471,0.411764705882,0.235294117647,17,38,0.139705882353,2.13617647059,4.47058823529,3.16666666667,2.92307692308,1.69991349261,0.380243807557,0.19040247678,2.04723630062,0.915868871331,0.495356037152,1.92124346989,0.859503657582,0.467492260062,0.898017833571,0.420385602938,2.5,2.13617647059,0.898017833571,2.5,0.180065359477,0.0774193548387,4,0.00588235294118,0.164051226551,17,17,17,1,0,0.294117647059,0.470588235294,0.235294117647,1,0.00367647058824,0.253823529412,0.117647058824,-0.19696969697,0.0769230769231,0.00650064902221,-0.00878346732077,-0.00355618776671,-0.0514327453931,-0.0483844741355,-0.0229269517195,0.0425705966328,-0.00367036526551,-0.0030959752322,0.111820264479,0.002718144358,0.25,0.253823529412,0.111820264479,0.25,0.0137254901961,0.0161948650428,1,0.00147058823529,-0.0219011544012,-0.0588235294118,0.0588235294118,0,37,1,0,234,1,0.995744680851,0.00425531914894,0,0.973684210526,1,0.986666666667,0.984652666406,0.995744680851,0.973684210526,3,2,0,0,0,0
1243,WLNM_dir_neg,0.75,0.208333333333,00:00:01,10,30,39,1981780312,threshold_sweep,0.1,0.5,1,0.666666666667,2,2,0,2,1,0.5,0.5,0,0.5,1,0.666666666667,0.666666666667,0.444444444444,0.4,0.5,0.5,37,35,2,0,37,0,35,0,2,17,37,0.136029411765,1.88235294118,4.35294117647,3.36363636364,2.84615384615,1.69341284359,0.389027274878,0.193958664547,2.09866904602,0.964253345467,0.518282988871,1.87867287326,0.863174022847,0.470588235294,0.786197569093,0.41766745858,2.25,1.88235294118,0.786197569093,2.25,0.166339869281,0.0612244897959,3,0.00441176470588,0.185952380952,17,17,17,1,0,0.352941176471,0.411764705882,0.235294117647,17,0.128676470588,1.90196078431,4.11764705882,3.18181818182,2.69230769231,1.57648156274,0.382859808093,0.201680672269,2.01465221053,0.978545359402,0.524369747899,1.74894926439,0.849489642704,0.463865546218,0.814492905316,0.428238537847,2.33333333333,1.90196078431,0.814492905316,2.33333333333,0,0,0,0,0.164242424242,17,17,17,1,0,0.352941176471,0.411764705882,0.235294117647,17,39,0.143382352941,2.21823529412,4.58823529412,3,3,1.69774937525,0.370022299735,0.184012066365,1.99263349247,0.868583830049,0.470588235294,1.99263349247,0.868583830049,0.470588235294,0.855037253613,0.385458321703,2.575,2.21823529412,0.855037253613,2.575,0.253921568627,0.165644171779,9,0.0132352941176,0.159325396825,17,17,17,1,0,0.235294117647,0.529411764706,0.235294117647,2,0.00735294117647,0.335882352941,0.235294117647,-0.363636363636,0.153846153846,0.00433653166789,-0.019004975143,-0.00994659818189,-0.106035553551,-0.0956695154179,-0.0476947535771,0.11396061921,0.00540980720184,0,0.06883968452,-0.0322091368776,0.325,0.335882352941,0.06883968452,0.325,0.0875816993464,0.104419681983,6,0.00882352941176,-0.026626984127,-0.117647058824,0.117647058824,0,37,2,0,233,1,0.991489361702,0.00851063829787,0,0.948717948718,1,0.973684210526,0.969867905134,0.991489361702,0.948717948718,4,2,0,0,0,0
1244,WLNM_dir_neg,0.75,0.208333333333,00:00:01,10,30,39,1981780312,threshold_sweep,0.2,0.5,1,0.666666666667,2,2,0,2,1,0.5,0.5,0,0.5,1,0.666666666667,0.666666666667,0.444444444444,0.4,0.5,0.5,37,35,2,0,37,0,35,0,2,17,37,0.136029411765,1.88235294118,4.35294117647,3.36363636364,2.84615384615,1.69341284359,0.389027274878,0.193958664547,2.09866904602,0.964253345467,0.518282988871,1.87867287326,0.863174022847,0.470588235294,0.786197569093,0.41766745858,2.25,1.88235294118,0.786197569093,2.25,0.166339869281,0.0612244897959,3,0.00441176470588,0.185952380952,17,17,17,1,0,0.352941176471,0.411764705882,0.235294117647,17,0.128676470588,1.90196078431,4.11764705882,3.18181818182,2.69230769231,1.57648156274,0.382859808093,0.201680672269,2.01465221053,0.978545359402,0.524369747899,1.74894926439,0.849489642704,0.463865546218,0.814492905316,0.428238537847,2.33333333333,1.90196078431,0.814492905316,2.33333333333,0,0,0,0,0.164242424242,17,17,17,1,0,0.352941176471,0.411764705882,0.235294117647,17,39,0.143382352941,2.21823529412,4.58823529412,3,3,1.69774937525,0.370022299735,0.184012066365,1.99263349247,0.868583830049,0.470588235294,1.99263349247,0.868583830049,0.470588235294,0.855037253613,0.385458321703,2.575,2.21823529412,0.855037253613,2.575,0.253921568627,0.165644171779,9,0.0132352941176,0.159325396825,17,17,17,1,0,0.235294117647,0.529411764706,0.235294117647,2,0.00735294117647,0.335882352941,0.235294117647,-0.363636363636,0.153846153846,0.00433653166789,-0.019004975143,-0.00994659818189,-0.106035553551,-0.0956695154179,-0.0476947535771,0.11396061921,0.00540980720184,0,0.06883968452,-0.0322091368776,0.325,0.335882352941,0.06883968452,0.325,0.0875816993464,0.104419681983,6,0.00882352941176,-0.026626984127,-0.117647058824,0.117647058824,0,37,2,0,233,1,0.991489361702,0.00851063829787,0,0.948717948718,1,0.973684210526,0.969867905134,0.991489361702,0.948717948718,4,2,0,0,0,0
1245,WLNM_dir_neg,0.75,0.208333333333,00:00:01,10,30,39,1981780312,threshold_sweep,0.3,0.5,1,0.666666666667,2,2,0,2,1,0.5,0.5,0,0.5,1,0.666666666667,0.666666666667,0.444444444444,0.4,0.5,0.5,37,35,2,0,37,0,35,0,2,17,37,0.136029411765,1.88235294118,4.35294117647,3.36363636364,2.84615384615,1.69341284359,0.389027274878,0.193958664547,2.09866904602,0.964253345467,0.518282988871,1.87867287326,0.863174022847,0.470588235294,0.786197569093,0.41766745858,2.25,1.88235294118,0.786197569093,2.25,0.166339869281,0.0612244897959,3,0.00441176470588,0.185952380952,17,17,17,1,0,0.352941176471,0.411764705882,0.235294117647,17,0.128676470588,1.90196078431,4.11764705882,3.18181818182,2.69230769231,1.57648156274,0.382859808093,0.201680672269,2.01465221053,0.978545359402,0.524369747899,1.74894926439,0.849489642704,0.463865546218,0.814492905316,0.428238537847,2.33333333333,1.90196078431,0.814492905316,2.33333333333,0,0,0,0,0.164242424242,17,17,17,1,0,0.352941176471,0.411764705882,0.235294117647,17,39,0.143382352941,2.21823529412,4.58823529412,3,3,1.69774937525,0.370022299735,0.184012066365,1.99263349247,0.868583830049,0.470588235294,1.99263349247,0.868583830049,0.470588235294,0.855037253613,0.385458321703,2.575,2.21823529412,0.855037253613,2.575,0.253921568627,0.165644171779,9,0.0132352941176,0.159325396825,17,17,17,1,0,0.235294117647,0.529411764706,0.235294117647,2,0.00735294117647,0.335882352941,0.235294117647,-0.363636363636,0.153846153846,0.00433653166789,-0.019004975143,-0.00994659818189,-0.106035553551,-0.0956695154179,-0.0476947535771,0.11396061921,0.00540980720184,0,0.06883968452,-0.0322091368776,0.325,0.335882352941,0.06883968452,0.325,0.0875816993464,0.104419681983,6,0.00882352941176,-0.026626984127,-0.117647058824,0.117647058824,0,37,2,0,233,1,0.991489361702,0.00851063829787,0,0.948717948718,1,0.973684210526,0.969867905134,0.991489361702,0.948717948718,4,2,0,0,0,0
1246,WLNM_dir_neg,0.75,0.208333333333,00:00:01,10,30,39,1981780312,threshold_sweep,0.4,0.5,1,0.666666666667,2,2,0,2,1,0.5,0.5,0,0.5,1,0.666666666667,0.666666666667,0.444444444444,0.4,0.5,0.5,37,35,2,0,37,0,35,0,2,17,37,0.136029411765,1.88235294118,4.35294117647,3.36363636364,2.84615384615,1.69341284359,0.389027274878,0.193958664547,2.09866904602,0.964253345467,0.518282988871,1.87867287326,0.863174022847,0.470588235294,0.786197569093,0.41766745858,2.25,1.88235294118,0.786197569093,2.25,0.166339869281,0.0612244897959,3,0.00441176470588,0.185952380952,17,17,17,1,0,0.352941176471,0.411764705882,0.235294117647,17,0.128676470588,1.90196078431,4.11764705882,3.18181818182,2.69230769231,1.57648156274,0.382859808093,0.201680672269,2.01465221053,0.978545359402,0.524369747899,1.74894926439,0.849489642704,0.463865546218,0.814492905316,0.428238537847,2.33333333333,1.90196078431,0.814492905316,2.33333333333,0,0,0,0,0.164242424242,17,17,17,1,0,0.352941176471,0.411764705882,0.235294117647,17,39,0.143382352941,2.21823529412,4.58823529412,3,3,1.69774937525,0.370022299735,0.184012066365,1.99263349247,0.868583830049,0.470588235294,1.99263349247,0.868583830049,0.470588235294,0.855037253613,0.385458321703,2.575,2.21823529412,0.855037253613,2.575,0.253921568627,0.165644171779,9,0.0132352941176,0.159325396825,17,17,17,1,0,0.235294117647,0.529411764706,0.235294117647,2,0.00735294117647,0.335882352941,0.235294117647,-0.363636363636,0.153846153846,0.00433653166789,-0.019004975143,-0.00994659818189,-0.106035553551,-0.0956695154179,-0.0476947535771,0.11396061921,0.00540980720184,0,0.06883968452,-0.0322091368776,0.325,0.335882352941,0.06883968452,0.325,0.0875816993464,0.104419681983,6,0.00882352941176,-0.026626984127,-0.117647058824,0.117647058824,0,37,2,0,233,1,0.991489361702,0.00851063829787,0,0.948717948718,1,0.973684210526,0.969867905134,0.991489361702,0.948717948718,4,2,0,0,0,0
1247,WLNM_dir_neg,0.75,0.208333333333,00:00:01,10,30,39,1981780312,threshold_sweep,0.5,0.333333333333,0.5,0.4,1,2,1,2,0.5,0.5,0.5,0.5,0.333333333333,0.5,0.4,0.5,0.5,0,0,0,37,35,2,0,37,0,35,0,2,17,37,0.136029411765,1.88235294118,4.35294117647,3.36363636364,2.84615384615,1.69341284359,0.389027274878,0.193958664547,2.09866904602,0.964253345467,0.518282988871,1.87867287326,0.863174022847,0.470588235294,0.786197569093,0.41766745858,2.25,1.88235294118,0.786197569093,2.25,0.166339869281,0.0612244897959,3,0.00441176470588,0.185952380952,17,17,17,1,0,0.352941176471,0.411764705882,0.235294117647,17,0.128676470588,1.90196078431,4.11764705882,3.18181818182,2.69230769231,1.57648156274,0.382859808093,0.201680672269,2.01465221053,0.978545359402,0.524369747899,1.74894926439,0.849489642704,0.463865546218,0.814492905316,0.428238537847,2.33333333333,1.90196078431,0.814492905316,2.33333333333,0,0,0,0,0.164242424242,17,17,17,1,0,0.352941176471,0.411764705882,0.235294117647,17,38,0.139705882353,2.23735294118,4.47058823529,2.92307692308,2.92307692308,1.73629084037,0.388380845872,0.198142414861,1.95350363977,0.873935838844,0.473684210526,1.92124346989,0.859503657582,0.467492260062,0.87638205512,0.391704875431,2.575,2.23735294118,0.87638205512,2.575,0.157843137255,0.134615384615,7,0.0102941176471,0.151923076923,17,17,17,1,0,0.235294117647,0.529411764706,0.235294117647,1,0.00367647058824,0.355,0.117647058824,-0.440559440559,0.0769230769231,0.0428779967836,-0.000646429005719,0.00418375031378,-0.145165406248,-0.0903175066231,-0.0445987783449,0.0425705966328,-0.00367036526551,-0.0030959752322,0.0901844860272,-0.025962583149,0.325,0.355,0.0901844860272,0.325,-0.00849673202614,0.0733908948195,4,0.00588235294118,-0.0340293040293,-0.117647058824,0.117647058824,0,36,2,1,233,0.972972972973,0.991489361702,0.00851063829787,0.027027027027,0.947368421053,0.972972972973,0.96,0.953718787304,0.964462334675,0.923076923077,3,2,0,0,0,0
1248,WLNM_dir_neg,0.75,0.208333333333,00:00:01,10,30,39,1981780312,threshold_sweep,0.6,0.333333333333,0.5,0.4,1,2,1,2,0.5,0.5,0.5,0.5,0.333333333333,0.5,0.4,0.5,0.5,0,0,0,37,35,2,0,37,0,35,0,2,17,37,0.136029411765,1.88235294118,4.35294117647,3.36363636364,2.84615384615,1.69341284359,0.389027274878,0.193958664547,2.09866904602,0.964253345467,0.518282988871,1.87867287326,0.863174022847,0.470588235294,0.786197569093,0.41766745858,2.25,1.88235294118,0.786197569093,2.25,0.166339869281,0.0612244897959,3,0.00441176470588,0.185952380952,17,17,17,1,0,0.352941176471,0.411764705882,0.235294117647,17,0.128676470588,1.90196078431,4.11764705882,3.18181818182,2.69230769231,1.57648156274,0.382859808093,0.201680672269,2.01465221053,0.978545359402,0.524369747899,1.74894926439,0.849489642704,0.463865546218,0.814492905316,0.428238537847,2.33333333333,1.90196078431,0.814492905316,2.33333333333,0,0,0,0,0.164242424242,17,17,17,1,0,0.352941176471,0.411764705882,0.235294117647,17,38,0.139705882353,2.23735294118,4.47058823529,2.92307692308,2.92307692308,1.73629084037,0.388380845872,0.198142414861,1.95350363977,0.873935838844,0.473684210526,1.92124346989,0.859503657582,0.467492260062,0.87638205512,0.391704875431,2.575,2.23735294118,0.87638205512,2.575,0.157843137255,0.134615384615,7,0.0102941176471,0.151923076923,17,17,17,1,0,0.235294117647,0.529411764706,0.235294117647,1,0.00367647058824,0.355,0.117647058824,-0.440559440559,0.0769230769231,0.0428779967836,-0.000646429005719,0.00418375031378,-0.145165406248,-0.0903175066231,-0.0445987783449,0.0425705966328,-0.00367036526551,-0.0030959752322,0.0901844860272,-0.025962583149,0.325,0.355,0.0901844860272,0.325,-0.00849673202614,0.0733908948195,4,0.00588235294118,-0.0340293040293,-0.117647058824,0.117647058824,0,36,2,1,233,0.972972972973,0.991489361702,0.00851063829787,0.027027027027,0.947368421053,0.972972972973,0.96,0.953718787304,0.964462334675,0.923076923077,3,2,0,0,0,0
1249,WLNM_dir_neg,0.75,0.208333333333,00:00:01,10,30,39,1981780312,threshold_sweep,0.7,0.333333333333,0.5,0.4,1,2,1,2,0.5,0.5,0.5,0.5,0.333333333333,0.5,0.4,0.5,0.5,0,0,0,37,35,2,0,37,0,35,0,2,17,37,0.136029411765,1.88235294118,4.35294117647,3.36363636364,2.84615384615,1.69341284359,0.389027274878,0.193958664547,2.09866904602,0.964253345467,0.518282988871,1.87867287326,0.863174022847,0.470588235294,0.786197569093,0.41766745858,2.25,1.88235294118,0.786197569093,2.25,0.166339869281,0.0612244897959,3,0.00441176470588,0.185952380952,17,17,17,1,0,0.352941176471,0.411764705882,0.235294117647,17,0.128676470588,1.90196078431,4.11764705882,3.18181818182,2.69230769231,1.57648156274,0.382859808093,0.201680672269,2.01465221053,0.978545359402,0.524369747899,1.74894926439,0.849489642704,0.463865546218,0.814492905316,0.428238537847,2.33333333333,1.90196078431,0.814492905316,2.33333333333,0,0,0,0,0.164242424242,17,17,17,1,0,0.352941176471,0.411764705882,0.235294117647,17,38,0.139705882353,2.23735294118,4.47058823529,2.92307692308,2.92307692308,1.73629084037,0.388380845872,0.198142414861,1.95350363977,0.873935838844,0.473684210526,1.92124346989,0.859503657582,0.467492260062,0.87638205512,0.391704875431,2.575,2.23735294118,0.87638205512,2.575,0.157843137255,0.134615384615,7,0.0102941176471,0.151923076923,17,17,17,1,0,0.235294117647,0.529411764706,0.235294117647,1,0.00367647058824,0.355,0.117647058824,-0.440559440559,0.0769230769231,0.0428779967836,-0.000646429005719,0.00418375031378,-0.145165406248,-0.0903175066231,-0.0445987783449,0.0425705966328,-0.00367036526551,-0.0030959752322,0.0901844860272,-0.025962583149,0.325,0.355,0.0901844860272,0.325,-0.00849673202614,0.0733908948195,4,0.00588235294118,-0.0340293040293,-0.117647058824,0.117647058824,0,36,2,1,233,0.972972972973,0.991489361702,0.00851063829787,0.027027027027,0.947368421053,0.972972972973,0.96,0.953718787304,0.964462334675,0.923076923077,3,2,0,0,0,0
1250,WLNM_dir_neg,0.75,0.208333333333,00:00:01,10,30,39,1981780312,threshold_sweep,0.8,0.333333333333,0.5,0.4,1,2,1,2,0.5,0.5,0.5,0.5,0.333333333333,0.5,0.4,0.5,0.5,0,0,0,37,35,2,0,37,0,35,0,2,17,37,0.136029411765,1.88235294118,4.35294117647,3.36363636364,2.84615384615,1.69341284359,0.389027274878,0.193958664547,2.09866904602,0.964253345467,0.518282988871,1.87867287326,0.863174022847,0.470588235294,0.786197569093,0.41766745858,2.25,1.88235294118,0.786197569093,2.25,0.166339869281,0.0612244897959,3,0.00441176470588,0.185952380952,17,17,17,1,0,0.352941176471,0.411764705882,0.235294117647,17,0.128676470588,1.90196078431,4.11764705882,3.18181818182,2.69230769231,1.57648156274,0.382859808093,0.201680672269,2.01465221053,0.978545359402,0.524369747899,1.74894926439,0.849489642704,0.463865546218,0.814492905316,0.428238537847,2.33333333333,1.90196078431,0.814492905316,2.33333333333,0,0,0,0,0.164242424242,17,17,17,1,0,0.352941176471,0.411764705882,0.235294117647,17,38,0.139705882353,2.23735294118,4.47058823529,2.92307692308,2.92307692308,1.73629084037,0.388380845872,0.198142414861,1.95350363977,0.873935838844,0.473684210526,1.92124346989,0.859503657582,0.467492260062,0.87638205512,0.391704875431,2.575,2.23735294118,0.87638205512,2.575,0.157843137255,0.134615384615,7,0.0102941176471,0.151923076923,17,17,17,1,0,0.235294117647,0.529411764706,0.235294117647,1,0.00367647058824,0.355,0.117647058824,-0.440559440559,0.0769230769231,0.0428779967836,-0.000646429005719,0.00418375031378,-0.145165406248,-0.0903175066231,-0.0445987783449,0.0425705966328,-0.00367036526551,-0.0030959752322,0.0901844860272,-0.025962583149,0.325,0.355,0.0901844860272,0.325,-0.00849673202614,0.0733908948195,4,0.00588235294118,-0.0340293040293,-0.117647058824,0.117647058824,0,36,2,1,233,0.972972972973,0.991489361702,0.00851063829787,0.027027027027,0.947368421053,0.972972972973,0.96,0.953718787304,0.964462334675,0.923076923077,3,2,0,0,0,0
1251,WLNM_dir_neg,0.75,0.208333333333,00:00:01,10,30,39,1981780312,threshold_sweep,0.9,0.333333333333,0.5,0.4,1,2,1,2,0.5,0.5,0.5,0.5,0.333333333333,0.5,0.4,0.5,0.5,0,0,0,37,35,2,0,37,0,35,0,2,17,37,0.136029411765,1.88235294118,4.35294117647,3.36363636364,2.84615384615,1.69341284359,0.389027274878,0.193958664547,2.09866904602,0.964253345467,0.518282988871,1.87867287326,0.863174022847,0.470588235294,0.786197569093,0.41766745858,2.25,1.88235294118,0.786197569093,2.25,0.166339869281,0.0612244897959,3,0.00441176470588,0.185952380952,17,17,17,1,0,0.352941176471,0.411764705882,0.235294117647,17,0.128676470588,1.90196078431,4.11764705882,3.18181818182,2.69230769231,1.57648156274,0.382859808093,0.201680672269,2.01465221053,0.978545359402,0.524369747899,1.74894926439,0.849489642704,0.463865546218,0.814492905316,0.428238537847,2.33333333333,1.90196078431,0.814492905316,2.33333333333,0,0,0,0,0.164242424242,17,17,17,1,0,0.352941176471,0.411764705882,0.235294117647,17,38,0.139705882353,2.23735294118,4.47058823529,2.92307692308,2.92307692308,1.73629084037,0.388380845872,0.198142414861,1.95350363977,0.873935838844,0.473684210526,1.92124346989,0.859503657582,0.467492260062,0.87638205512,0.391704875431,2.575,2.23735294118,0.87638205512,2.575,0.157843137255,0.134615384615,7,0.0102941176471,0.151923076923,17,17,17,1,0,0.235294117647,0.529411764706,0.235294117647,1,0.00367647058824,0.355,0.117647058824,-0.440559440559,0.0769230769231,0.0428779967836,-0.000646429005719,0.00418375031378,-0.145165406248,-0.0903175066231,-0.0445987783449,0.0425705966328,-0.00367036526551,-0.0030959752322,0.0901844860272,-0.025962583149,0.325,0.355,0.0901844860272,0.325,-0.00849673202614,0.0733908948195,4,0.00588235294118,-0.0340293040293,-0.117647058824,0.117647058824,0,36,2,1,233,0.972972972973,0.991489361702,0.00851063829787,0.027027027027,0.947368421053,0.972972972973,0.96,0.953718787304,0.964462334675,0.923076923077,3,2,0,0,0,0
1252,WLNM_dir_neg,1,0.5,00:00:01,10,30,40,1981780313,threshold_sweep,0.1,1,1,1,2,0,0,4,1,1,0,0,1,1,1,1,0.555555555556,1,1,1,37,35,2,0,37,0,35,0,2,17,37,0.136029411765,1.88235294118,4.35294117647,3.36363636364,2.84615384615,1.69341284359,0.389027274878,0.193958664547,2.09866904602,0.964253345467,0.518282988871,1.87867287326,0.863174022847,0.470588235294,0.786197569093,0.41766745858,2.25,1.88235294118,0.786197569093,2.25,0.166339869281,0.0612244897959,3,0.00441176470588,0.185952380952,17,17,17,1,0,0.352941176471,0.411764705882,0.235294117647,17,0.128676470588,1.90196078431,4.11764705882,3.18181818182,2.69230769231,1.57648156274,0.382859808093,0.201680672269,2.01465221053,0.978545359402,0.524369747899,1.74894926439,0.849489642704,0.463865546218,0.814492905316,0.428238537847,2.33333333333,1.90196078431,0.814492905316,2.33333333333,0,0,0,0,0.164242424242,17,17,17,1,0,0.352941176471,0.411764705882,0.235294117647,17,37,0.136029411765,1.88235294118,4.35294117647,3.36363636364,2.84615384615,1.69341284359,0.389027274878,0.193958664547,2.09866904602,0.964253345467,0.518282988871,1.87867287326,0.863174022847,0.470588235294,0.786197569093,0.41766745858,2.25,1.88235294118,0.786197569093,2.25,0.166339869281,0.0612244897959,3,0.00441176470588,0.185952380952,17,17,17,1,0,0.352941176471,0.411764705882,0.235294117647,0,0,0,0,0,0,0,0,0,0,0,0,0,0,0,0,0,0,0,0,0,0,0,0,0,0,0,0,0,37,0,0,235,1,1,0,0,1,1,1,1,1,1,2,2,0,0,0,0
1253,WLNM_dir_neg,1,0.5,00:00:01,10,30,40,1981780313,threshold_sweep,0.2,1,0.5,0.666666666667,1,0,1,4,0.5,1,0,0.5,1,0.5,0.666666666667,0.833333333333,0.611111111111,0.571428571429,0.632455532034,0.5,37,35,2,0,37,0,35,0,2,17,37,0.136029411765,1.88235294118,4.35294117647,3.36363636364,2.84615384615,1.69341284359,0.389027274878,0.193958664547,2.09866904602,0.964253345467,0.518282988871,1.87867287326,0.863174022847,0.470588235294,0.786197569093,0.41766745858,2.25,1.88235294118,0.786197569093,2.25,0.166339869281,0.0612244897959,3,0.00441176470588,0.185952380952,17,17,17,1,0,0.352941176471,0.411764705882,0.235294117647,17,0.128676470588,1.90196078431,4.11764705882,3.18181818182,2.69230769231,1.57648156274,0.382859808093,0.201680672269,2.01465221053,0.978545359402,0.524369747899,1.74894926439,0.849489642704,0.463865546218,0.814492905316,0.428238537847,2.33333333333,1.90196078431,0.814492905316,2.33333333333,0,0,0,0,0.164242424242,17,17,17,1,0,0.352941176471,0.411764705882,0.235294117647,17,36,0.132352941176,1.89705882353,4.23529411765,3.27272727273,2.76923076923,1.71498585143,0.40492721492,0.204248366013,2.05798302171,0.971825315808,0.522875816993,1.79869233546,0.849382491746,0.464052287582,0.805541469338,0.424626510969,2.25,1.89705882353,0.805541469338,2.25,0.0702614379085,0.0214285714286,1,0.00147058823529,0.175454545455,17,17,17,1,0,0.352941176471,0.411764705882,0.235294117647,-1,-0.00367647058824,0.0147058823529,-0.117647058824,-0.0909090909091,-0.0769230769231,0.0215730078386,0.0158999400418,0.0102897014662,-0.0406860243059,0.00757197034072,0.00459282812224,-0.0799805377942,-0.0137915311015,-0.00653594771242,0.0193439002456,0.00695905238854,0,0.0147058823529,0.0193439002456,0,-0.0960784313725,-0.0397959183673,-2,-0.00294117647059,-0.0104978354978,0,0,0,36,0,1,235,0.972972972973,1,0,0.027027027027,1,0.972972972973,0.986301369863,0.984301887704,0.972972972973,0.972972972973,1,2,0,0,0,0
1254,WLNM_dir_neg,1,0.5,00:00:01,10,30,40,1981780313,threshold_sweep,0.3,1,0.5,0.666666666667,1,0,1,4,0.5,1,0,0.5,1,0.5,0.666666666667,0.833333333333,0.611111111111,0.571428571429,0.632455532034,0.5,37,35,2,0,37,0,35,0,2,17,37,0.136029411765,1.88235294118,4.35294117647,3.36363636364,2.84615384615,1.69341284359,0.389027274878,0.193958664547,2.09866904602,0.964253345467,0.518282988871,1.87867287326,0.863174022847,0.470588235294,0.786197569093,0.41766745858,2.25,1.88235294118,0.786197569093,2.25,0.166339869281,0.0612244897959,3,0.00441176470588,0.185952380952,17,17,17,1,0,0.352941176471,0.411764705882,0.235294117647,17,0.128676470588,1.90196078431,4.11764705882,3.18181818182,2.69230769231,1.57648156274,0.382859808093,0.201680672269,2.01465221053,0.978545359402,0.524369747899,1.74894926439,0.849489642704,0.463865546218,0.814492905316,0.428238537847,2.33333333333,1.90196078431,0.814492905316,2.33333333333,0,0,0,0,0.164242424242,17,17,17,1,0,0.352941176471,0.411764705882,0.235294117647,17,36,0.132352941176,1.89705882353,4.23529411765,3.27272727273,2.76923076923,1.71498585143,0.40492721492,0.204248366013,2.05798302171,0.971825315808,0.522875816993,1.79869233546,0.849382491746,0.464052287582,0.805541469338,0.424626510969,2.25,1.89705882353,0.805541469338,2.25,0.0702614379085,0.0214285714286,1,0.00147058823529,0.175454545455,17,17,17,1,0,0.352941176471,0.411764705882,0.235294117647,-1,-0.00367647058824,0.0147058823529,-0.117647058824,-0.0909090909091,-0.0769230769231,0.0215730078386,0.0158999400418,0.0102897014662,-0.0406860243059,0.00757197034072,0.00459282812224,-0.0799805377942,-0.0137915311015,-0.00653594771242,0.0193439002456,0.00695905238854,0,0.0147058823529,0.0193439002456,0,-0.0960784313725,-0.0397959183673,-2,-0.00294117647059,-0.0104978354978,0,0,0,36,0,1,235,0.972972972973,1,0,0.027027027027,1,0.972972972973,0.986301369863,0.984301887704,0.972972972973,0.972972972973,1,2,0,0,0,0
1255,WLNM_dir_neg,1,0.5,00:00:01,10,30,40,1981780313,threshold_sweep,0.4,1,0.5,0.666666666667,1,0,1,4,0.5,1,0,0.5,1,0.5,0.666666666667,0.833333333333,0.611111111111,0.571428571429,0.632455532034,0.5,37,35,2,0,37,0,35,0,2,17,37,0.136029411765,1.88235294118,4.35294117647,3.36363636364,2.84615384615,1.69341284359,0.389027274878,0.193958664547,2.09866904602,0.964253345467,0.518282988871,1.87867287326,0.863174022847,0.470588235294,0.786197569093,0.41766745858,2.25,1.88235294118,0.786197569093,2.25,0.166339869281,0.0612244897959,3,0.00441176470588,0.185952380952,17,17,17,1,0,0.352941176471,0.411764705882,0.235294117647,17,0.128676470588,1.90196078431,4.11764705882,3.18181818182,2.69230769231,1.57648156274,0.382859808093,0.201680672269,2.01465221053,0.978545359402,0.524369747899,1.74894926439,0.849489642704,0.463865546218,0.814492905316,0.428238537847,2.33333333333,1.90196078431,0.814492905316,2.33333333333,0,0,0,0,0.164242424242,17,17,17,1,0,0.352941176471,0.411764705882,0.235294117647,17,36,0.132352941176,1.89705882353,4.23529411765,3.27272727273,2.76923076923,1.71498585143,0.40492721492,0.204248366013,2.05798302171,0.971825315808,0.522875816993,1.79869233546,0.849382491746,0.464052287582,0.805541469338,0.424626510969,2.25,1.89705882353,0.805541469338,2.25,0.0702614379085,0.0214285714286,1,0.00147058823529,0.175454545455,17,17,17,1,0,0.352941176471,0.411764705882,0.235294117647,-1,-0.00367647058824,0.0147058823529,-0.117647058824,-0.0909090909091,-0.0769230769231,0.0215730078386,0.0158999400418,0.0102897014662,-0.0406860243059,0.00757197034072,0.00459282812224,-0.0799805377942,-0.0137915311015,-0.00653594771242,0.0193439002456,0.00695905238854,0,0.0147058823529,0.0193439002456,0,-0.0960784313725,-0.0397959183673,-2,-0.00294117647059,-0.0104978354978,0,0,0,36,0,1,235,0.972972972973,1,0,0.027027027027,1,0.972972972973,0.986301369863,0.984301887704,0.972972972973,0.972972972973,1,2,0,0,0,0
1256,WLNM_dir_neg,1,0.5,00:00:01,10,30,40,1981780313,threshold_sweep,0.5,1,0.5,0.666666666667,1,0,1,4,0.5,1,0,0.5,1,0.5,0.666666666667,0.833333333333,0.611111111111,0.571428571429,0.632455532034,0.5,37,35,2,0,37,0,35,0,2,17,37,0.136029411765,1.88235294118,4.35294117647,3.36363636364,2.84615384615,1.69341284359,0.389027274878,0.193958664547,2.09866904602,0.964253345467,0.518282988871,1.87867287326,0.863174022847,0.470588235294,0.786197569093,0.41766745858,2.25,1.88235294118,0.786197569093,2.25,0.166339869281,0.0612244897959,3,0.00441176470588,0.185952380952,17,17,17,1,0,0.352941176471,0.411764705882,0.235294117647,17,0.128676470588,1.90196078431,4.11764705882,3.18181818182,2.69230769231,1.57648156274,0.382859808093,0.201680672269,2.01465221053,0.978545359402,0.524369747899,1.74894926439,0.849489642704,0.463865546218,0.814492905316,0.428238537847,2.33333333333,1.90196078431,0.814492905316,2.33333333333,0,0,0,0,0.164242424242,17,17,17,1,0,0.352941176471,0.411764705882,0.235294117647,17,36,0.132352941176,1.89705882353,4.23529411765,3.27272727273,2.76923076923,1.71498585143,0.40492721492,0.204248366013,2.05798302171,0.971825315808,0.522875816993,1.79869233546,0.849382491746,0.464052287582,0.805541469338,0.424626510969,2.25,1.89705882353,0.805541469338,2.25,0.0702614379085,0.0214285714286,1,0.00147058823529,0.175454545455,17,17,17,1,0,0.352941176471,0.411764705882,0.235294117647,-1,-0.00367647058824,0.0147058823529,-0.117647058824,-0.0909090909091,-0.0769230769231,0.0215730078386,0.0158999400418,0.0102897014662,-0.0406860243059,0.00757197034072,0.00459282812224,-0.0799805377942,-0.0137915311015,-0.00653594771242,0.0193439002456,0.00695905238854,0,0.0147058823529,0.0193439002456,0,-0.0960784313725,-0.0397959183673,-2,-0.00294117647059,-0.0104978354978,0,0,0,36,0,1,235,0.972972972973,1,0,0.027027027027,1,0.972972972973,0.986301369863,0.984301887704,0.972972972973,0.972972972973,1,2,0,0,0,0
1257,WLNM_dir_neg,1,0.5,00:00:01,10,30,40,1981780313,threshold_sweep,0.6,1,0.5,0.666666666667,1,0,1,4,0.5,1,0,0.5,1,0.5,0.666666666667,0.833333333333,0.611111111111,0.571428571429,0.632455532034,0.5,37,35,2,0,37,0,35,0,2,17,37,0.136029411765,1.88235294118,4.35294117647,3.36363636364,2.84615384615,1.69341284359,0.389027274878,0.193958664547,2.09866904602,0.964253345467,0.518282988871,1.87867287326,0.863174022847,0.470588235294,0.786197569093,0.41766745858,2.25,1.88235294118,0.786197569093,2.25,0.166339869281,0.0612244897959,3,0.00441176470588,0.185952380952,17,17,17,1,0,0.352941176471,0.411764705882,0.235294117647,17,0.128676470588,1.90196078431,4.11764705882,3.18181818182,2.69230769231,1.57648156274,0.382859808093,0.201680672269,2.01465221053,0.978545359402,0.524369747899,1.74894926439,0.849489642704,0.463865546218,0.814492905316,0.428238537847,2.33333333333,1.90196078431,0.814492905316,2.33333333333,0,0,0,0,0.164242424242,17,17,17,1,0,0.352941176471,0.411764705882,0.235294117647,17,36,0.132352941176,1.89705882353,4.23529411765,3.27272727273,2.76923076923,1.71498585143,0.40492721492,0.204248366013,2.05798302171,0.971825315808,0.522875816993,1.79869233546,0.849382491746,0.464052287582,0.805541469338,0.424626510969,2.25,1.89705882353,0.805541469338,2.25,0.0702614379085,0.0214285714286,1,0.00147058823529,0.175454545455,17,17,17,1,0,0.352941176471,0.411764705882,0.235294117647,-1,-0.00367647058824,0.0147058823529,-0.117647058824,-0.0909090909091,-0.0769230769231,0.0215730078386,0.0158999400418,0.0102897014662,-0.0406860243059,0.00757197034072,0.00459282812224,-0.0799805377942,-0.0137915311015,-0.00653594771242,0.0193439002456,0.00695905238854,0,0.0147058823529,0.0193439002456,0,-0.0960784313725,-0.0397959183673,-2,-0.00294117647059,-0.0104978354978,0,0,0,36,0,1,235,0.972972972973,1,0,0.027027027027,1,0.972972972973,0.986301369863,0.984301887704,0.972972972973,0.972972972973,1,2,0,0,0,0
1258,WLNM_dir_neg,1,0.5,00:00:01,10,30,40,1981780313,threshold_sweep,0.7,1,0.5,0.666666666667,1,0,1,4,0.5,1,0,0.5,1,0.5,0.666666666667,0.833333333333,0.611111111111,0.571428571429,0.632455532034,0.5,37,35,2,0,37,0,35,0,2,17,37,0.136029411765,1.88235294118,4.35294117647,3.36363636364,2.84615384615,1.69341284359,0.389027274878,0.193958664547,2.09866904602,0.964253345467,0.518282988871,1.87867287326,0.863174022847,0.470588235294,0.786197569093,0.41766745858,2.25,1.88235294118,0.786197569093,2.25,0.166339869281,0.0612244897959,3,0.00441176470588,0.185952380952,17,17,17,1,0,0.352941176471,0.411764705882,0.235294117647,17,0.128676470588,1.90196078431,4.11764705882,3.18181818182,2.69230769231,1.57648156274,0.382859808093,0.201680672269,2.01465221053,0.978545359402,0.524369747899,1.74894926439,0.849489642704,0.463865546218,0.814492905316,0.428238537847,2.33333333333,1.90196078431,0.814492905316,2.33333333333,0,0,0,0,0.164242424242,17,17,17,1,0,0.352941176471,0.411764705882,0.235294117647,17,36,0.132352941176,1.89705882353,4.23529411765,3.27272727273,2.76923076923,1.71498585143,0.40492721492,0.204248366013,2.05798302171,0.971825315808,0.522875816993,1.79869233546,0.849382491746,0.464052287582,0.805541469338,0.424626510969,2.25,1.89705882353,0.805541469338,2.25,0.0702614379085,0.0214285714286,1,0.00147058823529,0.175454545455,17,17,17,1,0,0.352941176471,0.411764705882,0.235294117647,-1,-0.00367647058824,0.0147058823529,-0.117647058824,-0.0909090909091,-0.0769230769231,0.0215730078386,0.0158999400418,0.0102897014662,-0.0406860243059,0.00757197034072,0.00459282812224,-0.0799805377942,-0.0137915311015,-0.00653594771242,0.0193439002456,0.00695905238854,0,0.0147058823529,0.0193439002456,0,-0.0960784313725,-0.0397959183673,-2,-0.00294117647059,-0.0104978354978,0,0,0,36,0,1,235,0.972972972973,1,0,0.027027027027,1,0.972972972973,0.986301369863,0.984301887704,0.972972972973,0.972972972973,1,2,0,0,0,0
1259,WLNM_dir_neg,1,0.5,00:00:01,10,30,40,1981780313,threshold_sweep,0.8,1,0.5,0.666666666667,1,0,1,4,0.5,1,0,0.5,1,0.5,0.666666666667,0.833333333333,0.611111111111,0.571428571429,0.632455532034,0.5,37,35,2,0,37,0,35,0,2,17,37,0.136029411765,1.88235294118,4.35294117647,3.36363636364,2.84615384615,1.69341284359,0.389027274878,0.193958664547,2.09866904602,0.964253345467,0.518282988871,1.87867287326,0.863174022847,0.470588235294,0.786197569093,0.41766745858,2.25,1.88235294118,0.786197569093,2.25,0.166339869281,0.0612244897959,3,0.00441176470588,0.185952380952,17,17,17,1,0,0.352941176471,0.411764705882,0.235294117647,17,0.128676470588,1.90196078431,4.11764705882,3.18181818182,2.69230769231,1.57648156274,0.382859808093,0.201680672269,2.01465221053,0.978545359402,0.524369747899,1.74894926439,0.849489642704,0.463865546218,0.814492905316,0.428238537847,2.33333333333,1.90196078431,0.814492905316,2.33333333333,0,0,0,0,0.164242424242,17,17,17,1,0,0.352941176471,0.411764705882,0.235294117647,17,36,0.132352941176,1.89705882353,4.23529411765,3.27272727273,2.76923076923,1.71498585143,0.40492721492,0.204248366013,2.05798302171,0.971825315808,0.522875816993,1.79869233546,0.849382491746,0.464052287582,0.805541469338,0.424626510969,2.25,1.89705882353,0.805541469338,2.25,0.0702614379085,0.0214285714286,1,0.00147058823529,0.175454545455,17,17,17,1,0,0.352941176471,0.411764705882,0.235294117647,-1,-0.00367647058824,0.0147058823529,-0.117647058824,-0.0909090909091,-0.0769230769231,0.0215730078386,0.0158999400418,0.0102897014662,-0.0406860243059,0.00757197034072,0.00459282812224,-0.0799805377942,-0.0137915311015,-0.00653594771242,0.0193439002456,0.00695905238854,0,0.0147058823529,0.0193439002456,0,-0.0960784313725,-0.0397959183673,-2,-0.00294117647059,-0.0104978354978,0,0,0,36,0,1,235,0.972972972973,1,0,0.027027027027,1,0.972972972973,0.986301369863,0.984301887704,0.972972972973,0.972972972973,1,2,0,0,0,0
1260,WLNM_dir_neg,1,0.5,00:00:01,10,30,40,1981780313,threshold_sweep,0.9,1,0.5,0.666666666667,1,0,1,4,0.5,1,0,0.5,1,0.5,0.666666666667,0.833333333333,0.611111111111,0.571428571429,0.632455532034,0.5,37,35,2,0,37,0,35,0,2,17,37,0.136029411765,1.88235294118,4.35294117647,3.36363636364,2.84615384615,1.69341284359,0.389027274878,0.193958664547,2.09866904602,0.964253345467,0.518282988871,1.87867287326,0.863174022847,0.470588235294,0.786197569093,0.41766745858,2.25,1.88235294118,0.786197569093,2.25,0.166339869281,0.0612244897959,3,0.00441176470588,0.185952380952,17,17,17,1,0,0.352941176471,0.411764705882,0.235294117647,17,0.128676470588,1.90196078431,4.11764705882,3.18181818182,2.69230769231,1.57648156274,0.382859808093,0.201680672269,2.01465221053,0.978545359402,0.524369747899,1.74894926439,0.849489642704,0.463865546218,0.814492905316,0.428238537847,2.33333333333,1.90196078431,0.814492905316,2.33333333333,0,0,0,0,0.164242424242,17,17,17,1,0,0.352941176471,0.411764705882,0.235294117647,17,36,0.132352941176,1.89705882353,4.23529411765,3.27272727273,2.76923076923,1.71498585143,0.40492721492,0.204248366013,2.05798302171,0.971825315808,0.522875816993,1.79869233546,0.849382491746,0.464052287582,0.805541469338,0.424626510969,2.25,1.89705882353,0.805541469338,2.25,0.0702614379085,0.0214285714286,1,0.00147058823529,0.175454545455,17,17,17,1,0,0.352941176471,0.411764705882,0.235294117647,-1,-0.00367647058824,0.0147058823529,-0.117647058824,-0.0909090909091,-0.0769230769231,0.0215730078386,0.0158999400418,0.0102897014662,-0.0406860243059,0.00757197034072,0.00459282812224,-0.0799805377942,-0.0137915311015,-0.00653594771242,0.0193439002456,0.00695905238854,0,0.0147058823529,0.0193439002456,0,-0.0960784313725,-0.0397959183673,-2,-0.00294117647059,-0.0104978354978,0,0,0,36,0,1,235,0.972972972973,1,0,0.027027027027,1,0.972972972973,0.986301369863,0.984301887704,0.972972972973,0.972972972973,1,2,0,0,0,0
1261,WLNM_dir_neg,1,0.5,00:00:01,10,30,41,1981780314,threshold_sweep,0.1,1,1,1,2,0,0,4,1,1,0,0,1,1,1,1,0.555555555556,1,1,1,37,35,2,0,37,0,35,0,2,17,37,0.136029411765,1.88235294118,4.35294117647,3.36363636364,2.84615384615,1.69341284359,0.389027274878,0.193958664547,2.09866904602,0.964253345467,0.518282988871,1.87867287326,0.863174022847,0.470588235294,0.786197569093,0.41766745858,2.25,1.88235294118,0.786197569093,2.25,0.166339869281,0.0612244897959,3,0.00441176470588,0.185952380952,17,17,17,1,0,0.352941176471,0.411764705882,0.235294117647,17,0.128676470588,1.90196078431,4.11764705882,3.18181818182,2.69230769231,1.57648156274,0.382859808093,0.201680672269,2.01465221053,0.978545359402,0.524369747899,1.74894926439,0.849489642704,0.463865546218,0.814492905316,0.428238537847,2.33333333333,1.90196078431,0.814492905316,2.33333333333,0,0,0,0,0.164242424242,17,17,17,1,0,0.352941176471,0.411764705882,0.235294117647,17,37,0.136029411765,1.88235294118,4.35294117647,3.36363636364,2.84615384615,1.69341284359,0.389027274878,0.193958664547,2.09866904602,0.964253345467,0.518282988871,1.87867287326,0.863174022847,0.470588235294,0.786197569093,0.41766745858,2.25,1.88235294118,0.786197569093,2.25,0.166339869281,0.0612244897959,3,0.00441176470588,0.185952380952,17,17,17,1,0,0.352941176471,0.411764705882,0.235294117647,0,0,0,0,0,0,0,0,0,0,0,0,0,0,0,0,0,0,0,0,0,0,0,0,0,0,0,0,0,37,0,0,235,1,1,0,0,1,1,1,1,1,1,2,2,0,0,0,0
1262,WLNM_dir_neg,1,0.5,00:00:01,10,30,41,1981780314,threshold_sweep,0.2,1,1,1,2,0,0,4,1,1,0,0,1,1,1,1,0.555555555556,1,1,1,37,35,2,0,37,0,35,0,2,17,37,0.136029411765,1.88235294118,4.35294117647,3.36363636364,2.84615384615,1.69341284359,0.389027274878,0.193958664547,2.09866904602,0.964253345467,0.518282988871,1.87867287326,0.863174022847,0.470588235294,0.786197569093,0.41766745858,2.25,1.88235294118,0.786197569093,2.25,0.166339869281,0.0612244897959,3,0.00441176470588,0.185952380952,17,17,17,1,0,0.352941176471,0.411764705882,0.235294117647,17,0.128676470588,1.90196078431,4.11764705882,3.18181818182,2.69230769231,1.57648156274,0.382859808093,0.201680672269,2.01465221053,0.978545359402,0.524369747899,1.74894926439,0.849489642704,0.463865546218,0.814492905316,0.428238537847,2.33333333333,1.90196078431,0.814492905316,2.33333333333,0,0,0,0,0.164242424242,17,17,17,1,0,0.352941176471,0.411764705882,0.235294117647,17,37,0.136029411765,1.88235294118,4.35294117647,3.36363636364,2.84615384615,1.69341284359,0.389027274878,0.193958664547,2.09866904602,0.964253345467,0.518282988871,1.87867287326,0.863174022847,0.470588235294,0.786197569093,0.41766745858,2.25,1.88235294118,0.786197569093,2.25,0.166339869281,0.0612244897959,3,0.00441176470588,0.185952380952,17,17,17,1,0,0.352941176471,0.411764705882,0.235294117647,0,0,0,0,0,0,0,0,0,0,0,0,0,0,0,0,0,0,0,0,0,0,0,0,0,0,0,0,0,37,0,0,235,1,1,0,0,1,1,1,1,1,1,2,2,0,0,0,0
1263,WLNM_dir_neg,1,0.5,00:00:01,10,30,41,1981780314,threshold_sweep,0.3,1,1,1,2,0,0,4,1,1,0,0,1,1,1,1,0.555555555556,1,1,1,37,35,2,0,37,0,35,0,2,17,37,0.136029411765,1.88235294118,4.35294117647,3.36363636364,2.84615384615,1.69341284359,0.389027274878,0.193958664547,2.09866904602,0.964253345467,0.518282988871,1.87867287326,0.863174022847,0.470588235294,0.786197569093,0.41766745858,2.25,1.88235294118,0.786197569093,2.25,0.166339869281,0.0612244897959,3,0.00441176470588,0.185952380952,17,17,17,1,0,0.352941176471,0.411764705882,0.235294117647,17,0.128676470588,1.90196078431,4.11764705882,3.18181818182,2.69230769231,1.57648156274,0.382859808093,0.201680672269,2.01465221053,0.978545359402,0.524369747899,1.74894926439,0.849489642704,0.463865546218,0.814492905316,0.428238537847,2.33333333333,1.90196078431,0.814492905316,2.33333333333,0,0,0,0,0.164242424242,17,17,17,1,0,0.352941176471,0.411764705882,0.235294117647,17,37,0.136029411765,1.88235294118,4.35294117647,3.36363636364,2.84615384615,1.69341284359,0.389027274878,0.193958664547,2.09866904602,0.964253345467,0.518282988871,1.87867287326,0.863174022847,0.470588235294,0.786197569093,0.41766745858,2.25,1.88235294118,0.786197569093,2.25,0.166339869281,0.0612244897959,3,0.00441176470588,0.185952380952,17,17,17,1,0,0.352941176471,0.411764705882,0.235294117647,0,0,0,0,0,0,0,0,0,0,0,0,0,0,0,0,0,0,0,0,0,0,0,0,0,0,0,0,0,37,0,0,235,1,1,0,0,1,1,1,1,1,1,2,2,0,0,0,0
1264,WLNM_dir_neg,1,0.5,00:00:01,10,30,41,1981780314,threshold_sweep,0.4,1,1,1,2,0,0,4,1,1,0,0,1,1,1,1,0.555555555556,1,1,1,37,35,2,0,37,0,35,0,2,17,37,0.136029411765,1.88235294118,4.35294117647,3.36363636364,2.84615384615,1.69341284359,0.389027274878,0.193958664547,2.09866904602,0.964253345467,0.518282988871,1.87867287326,0.863174022847,0.470588235294,0.786197569093,0.41766745858,2.25,1.88235294118,0.786197569093,2.25,0.166339869281,0.0612244897959,3,0.00441176470588,0.185952380952,17,17,17,1,0,0.352941176471,0.411764705882,0.235294117647,17,0.128676470588,1.90196078431,4.11764705882,3.18181818182,2.69230769231,1.57648156274,0.382859808093,0.201680672269,2.01465221053,0.978545359402,0.524369747899,1.74894926439,0.849489642704,0.463865546218,0.814492905316,0.428238537847,2.33333333333,1.90196078431,0.814492905316,2.33333333333,0,0,0,0,0.164242424242,17,17,17,1,0,0.352941176471,0.411764705882,0.235294117647,17,37,0.136029411765,1.88235294118,4.35294117647,3.36363636364,2.84615384615,1.69341284359,0.389027274878,0.193958664547,2.09866904602,0.964253345467,0.518282988871,1.87867287326,0.863174022847,0.470588235294,0.786197569093,0.41766745858,2.25,1.88235294118,0.786197569093,2.25,0.166339869281,0.0612244897959,3,0.00441176470588,0.185952380952,17,17,17,1,0,0.352941176471,0.411764705882,0.235294117647,0,0,0,0,0,0,0,0,0,0,0,0,0,0,0,0,0,0,0,0,0,0,0,0,0,0,0,0,0,37,0,0,235,1,1,0,0,1,1,1,1,1,1,2,2,0,0,0,0
1265,WLNM_dir_neg,1,0.5,00:00:01,10,30,41,1981780314,threshold_sweep,0.5,1,1,1,2,0,0,4,1,1,0,0,1,1,1,1,0.555555555556,1,1,1,37,35,2,0,37,0,35,0,2,17,37,0.136029411765,1.88235294118,4.35294117647,3.36363636364,2.84615384615,1.69341284359,0.389027274878,0.193958664547,2.09866904602,0.964253345467,0.518282988871,1.87867287326,0.863174022847,0.470588235294,0.786197569093,0.41766745858,2.25,1.88235294118,0.786197569093,2.25,0.166339869281,0.0612244897959,3,0.00441176470588,0.185952380952,17,17,17,1,0,0.352941176471,0.411764705882,0.235294117647,17,0.128676470588,1.90196078431,4.11764705882,3.18181818182,2.69230769231,1.57648156274,0.382859808093,0.201680672269,2.01465221053,0.978545359402,0.524369747899,1.74894926439,0.849489642704,0.463865546218,0.814492905316,0.428238537847,2.33333333333,1.90196078431,0.814492905316,2.33333333333,0,0,0,0,0.164242424242,17,17,17,1,0,0.352941176471,0.411764705882,0.235294117647,17,37,0.136029411765,1.88235294118,4.35294117647,3.36363636364,2.84615384615,1.69341284359,0.389027274878,0.193958664547,2.09866904602,0.964253345467,0.518282988871,1.87867287326,0.863174022847,0.470588235294,0.786197569093,0.41766745858,2.25,1.88235294118,0.786197569093,2.25,0.166339869281,0.0612244897959,3,0.00441176470588,0.185952380952,17,17,17,1,0,0.352941176471,0.411764705882,0.235294117647,0,0,0,0,0,0,0,0,0,0,0,0,0,0,0,0,0,0,0,0,0,0,0,0,0,0,0,0,0,37,0,0,235,1,1,0,0,1,1,1,1,1,1,2,2,0,0,0,0
1266,WLNM_dir_neg,1,0.5,00:00:01,10,30,41,1981780314,threshold_sweep,0.6,1,1,1,2,0,0,4,1,1,0,0,1,1,1,1,0.555555555556,1,1,1,37,35,2,0,37,0,35,0,2,17,37,0.136029411765,1.88235294118,4.35294117647,3.36363636364,2.84615384615,1.69341284359,0.389027274878,0.193958664547,2.09866904602,0.964253345467,0.518282988871,1.87867287326,0.863174022847,0.470588235294,0.786197569093,0.41766745858,2.25,1.88235294118,0.786197569093,2.25,0.166339869281,0.0612244897959,3,0.00441176470588,0.185952380952,17,17,17,1,0,0.352941176471,0.411764705882,0.235294117647,17,0.128676470588,1.90196078431,4.11764705882,3.18181818182,2.69230769231,1.57648156274,0.382859808093,0.201680672269,2.01465221053,0.978545359402,0.524369747899,1.74894926439,0.849489642704,0.463865546218,0.814492905316,0.428238537847,2.33333333333,1.90196078431,0.814492905316,2.33333333333,0,0,0,0,0.164242424242,17,17,17,1,0,0.352941176471,0.411764705882,0.235294117647,17,37,0.136029411765,1.88235294118,4.35294117647,3.36363636364,2.84615384615,1.69341284359,0.389027274878,0.193958664547,2.09866904602,0.964253345467,0.518282988871,1.87867287326,0.863174022847,0.470588235294,0.786197569093,0.41766745858,2.25,1.88235294118,0.786197569093,2.25,0.166339869281,0.0612244897959,3,0.00441176470588,0.185952380952,17,17,17,1,0,0.352941176471,0.411764705882,0.235294117647,0,0,0,0,0,0,0,0,0,0,0,0,0,0,0,0,0,0,0,0,0,0,0,0,0,0,0,0,0,37,0,0,235,1,1,0,0,1,1,1,1,1,1,2,2,0,0,0,0
1267,WLNM_dir_neg,1,0.5,00:00:01,10,30,41,1981780314,threshold_sweep,0.7,1,1,1,2,0,0,4,1,1,0,0,1,1,1,1,0.555555555556,1,1,1,37,35,2,0,37,0,35,0,2,17,37,0.136029411765,1.88235294118,4.35294117647,3.36363636364,2.84615384615,1.69341284359,0.389027274878,0.193958664547,2.09866904602,0.964253345467,0.518282988871,1.87867287326,0.863174022847,0.470588235294,0.786197569093,0.41766745858,2.25,1.88235294118,0.786197569093,2.25,0.166339869281,0.0612244897959,3,0.00441176470588,0.185952380952,17,17,17,1,0,0.352941176471,0.411764705882,0.235294117647,17,0.128676470588,1.90196078431,4.11764705882,3.18181818182,2.69230769231,1.57648156274,0.382859808093,0.201680672269,2.01465221053,0.978545359402,0.524369747899,1.74894926439,0.849489642704,0.463865546218,0.814492905316,0.428238537847,2.33333333333,1.90196078431,0.814492905316,2.33333333333,0,0,0,0,0.164242424242,17,17,17,1,0,0.352941176471,0.411764705882,0.235294117647,17,37,0.136029411765,1.88235294118,4.35294117647,3.36363636364,2.84615384615,1.69341284359,0.389027274878,0.193958664547,2.09866904602,0.964253345467,0.518282988871,1.87867287326,0.863174022847,0.470588235294,0.786197569093,0.41766745858,2.25,1.88235294118,0.786197569093,2.25,0.166339869281,0.0612244897959,3,0.00441176470588,0.185952380952,17,17,17,1,0,0.352941176471,0.411764705882,0.235294117647,0,0,0,0,0,0,0,0,0,0,0,0,0,0,0,0,0,0,0,0,0,0,0,0,0,0,0,0,0,37,0,0,235,1,1,0,0,1,1,1,1,1,1,2,2,0,0,0,0
1268,WLNM_dir_neg,1,0.5,00:00:01,10,30,41,1981780314,threshold_sweep,0.8,1,1,1,2,0,0,4,1,1,0,0,1,1,1,1,0.555555555556,1,1,1,37,35,2,0,37,0,35,0,2,17,37,0.136029411765,1.88235294118,4.35294117647,3.36363636364,2.84615384615,1.69341284359,0.389027274878,0.193958664547,2.09866904602,0.964253345467,0.518282988871,1.87867287326,0.863174022847,0.470588235294,0.786197569093,0.41766745858,2.25,1.88235294118,0.786197569093,2.25,0.166339869281,0.0612244897959,3,0.00441176470588,0.185952380952,17,17,17,1,0,0.352941176471,0.411764705882,0.235294117647,17,0.128676470588,1.90196078431,4.11764705882,3.18181818182,2.69230769231,1.57648156274,0.382859808093,0.201680672269,2.01465221053,0.978545359402,0.524369747899,1.74894926439,0.849489642704,0.463865546218,0.814492905316,0.428238537847,2.33333333333,1.90196078431,0.814492905316,2.33333333333,0,0,0,0,0.164242424242,17,17,17,1,0,0.352941176471,0.411764705882,0.235294117647,17,37,0.136029411765,1.88235294118,4.35294117647,3.36363636364,2.84615384615,1.69341284359,0.389027274878,0.193958664547,2.09866904602,0.964253345467,0.518282988871,1.87867287326,0.863174022847,0.470588235294,0.786197569093,0.41766745858,2.25,1.88235294118,0.786197569093,2.25,0.166339869281,0.0612244897959,3,0.00441176470588,0.185952380952,17,17,17,1,0,0.352941176471,0.411764705882,0.235294117647,0,0,0,0,0,0,0,0,0,0,0,0,0,0,0,0,0,0,0,0,0,0,0,0,0,0,0,0,0,37,0,0,235,1,1,0,0,1,1,1,1,1,1,2,2,0,0,0,0
1269,WLNM_dir_neg,1,0.5,00:00:01,10,30,41,1981780314,threshold_sweep,0.9,1,1,1,2,0,0,4,1,1,0,0,1,1,1,1,0.555555555556,1,1,1,37,35,2,0,37,0,35,0,2,17,37,0.136029411765,1.88235294118,4.35294117647,3.36363636364,2.84615384615,1.69341284359,0.389027274878,0.193958664547,2.09866904602,0.964253345467,0.518282988871,1.87867287326,0.863174022847,0.470588235294,0.786197569093,0.41766745858,2.25,1.88235294118,0.786197569093,2.25,0.166339869281,0.0612244897959,3,0.00441176470588,0.185952380952,17,17,17,1,0,0.352941176471,0.411764705882,0.235294117647,17,0.128676470588,1.90196078431,4.11764705882,3.18181818182,2.69230769231,1.57648156274,0.382859808093,0.201680672269,2.01465221053,0.978545359402,0.524369747899,1.74894926439,0.849489642704,0.463865546218,0.814492905316,0.428238537847,2.33333333333,1.90196078431,0.814492905316,2.33333333333,0,0,0,0,0.164242424242,17,17,17,1,0,0.352941176471,0.411764705882,0.235294117647,17,37,0.136029411765,1.88235294118,4.35294117647,3.36363636364,2.84615384615,1.69341284359,0.389027274878,0.193958664547,2.09866904602,0.964253345467,0.518282988871,1.87867287326,0.863174022847,0.470588235294,0.786197569093,0.41766745858,2.25,1.88235294118,0.786197569093,2.25,0.166339869281,0.0612244897959,3,0.00441176470588,0.185952380952,17,17,17,1,0,0.352941176471,0.411764705882,0.235294117647,0,0,0,0,0,0,0,0,0,0,0,0,0,0,0,0,0,0,0,0,0,0,0,0,0,0,0,0,0,37,0,0,235,1,1,0,0,1,1,1,1,1,1,2,2,0,0,0,0
1270,WLNM_dir_neg,1,0.5,00:00:01,10,30,42,1981780315,threshold_sweep,0.1,1,1,1,2,0,0,4,1,1,0,0,1,1,1,1,0.555555555556,1,1,1,37,35,2,0,37,0,35,0,2,17,37,0.136029411765,1.88235294118,4.35294117647,3.36363636364,2.84615384615,1.69341284359,0.389027274878,0.193958664547,2.09866904602,0.964253345467,0.518282988871,1.87867287326,0.863174022847,0.470588235294,0.786197569093,0.41766745858,2.25,1.88235294118,0.786197569093,2.25,0.166339869281,0.0612244897959,3,0.00441176470588,0.185952380952,17,17,17,1,0,0.352941176471,0.411764705882,0.235294117647,17,0.128676470588,1.90196078431,4.11764705882,3.18181818182,2.69230769231,1.57648156274,0.382859808093,0.201680672269,2.01465221053,0.978545359402,0.524369747899,1.74894926439,0.849489642704,0.463865546218,0.814492905316,0.428238537847,2.33333333333,1.90196078431,0.814492905316,2.33333333333,0,0,0,0,0.164242424242,17,17,17,1,0,0.352941176471,0.411764705882,0.235294117647,17,37,0.136029411765,1.88235294118,4.35294117647,3.36363636364,2.84615384615,1.69341284359,0.389027274878,0.193958664547,2.09866904602,0.964253345467,0.518282988871,1.87867287326,0.863174022847,0.470588235294,0.786197569093,0.41766745858,2.25,1.88235294118,0.786197569093,2.25,0.166339869281,0.0612244897959,3,0.00441176470588,0.185952380952,17,17,17,1,0,0.352941176471,0.411764705882,0.235294117647,0,0,0,0,0,0,0,0,0,0,0,0,0,0,0,0,0,0,0,0,0,0,0,0,0,0,0,0,0,37,0,0,235,1,1,0,0,1,1,1,1,1,1,2,2,0,0,0,0
1271,WLNM_dir_neg,1,0.5,00:00:01,10,30,42,1981780315,threshold_sweep,0.2,1,1,1,2,0,0,4,1,1,0,0,1,1,1,1,0.555555555556,1,1,1,37,35,2,0,37,0,35,0,2,17,37,0.136029411765,1.88235294118,4.35294117647,3.36363636364,2.84615384615,1.69341284359,0.389027274878,0.193958664547,2.09866904602,0.964253345467,0.518282988871,1.87867287326,0.863174022847,0.470588235294,0.786197569093,0.41766745858,2.25,1.88235294118,0.786197569093,2.25,0.166339869281,0.0612244897959,3,0.00441176470588,0.185952380952,17,17,17,1,0,0.352941176471,0.411764705882,0.235294117647,17,0.128676470588,1.90196078431,4.11764705882,3.18181818182,2.69230769231,1.57648156274,0.382859808093,0.201680672269,2.01465221053,0.978545359402,0.524369747899,1.74894926439,0.849489642704,0.463865546218,0.814492905316,0.428238537847,2.33333333333,1.90196078431,0.814492905316,2.33333333333,0,0,0,0,0.164242424242,17,17,17,1,0,0.352941176471,0.411764705882,0.235294117647,17,37,0.136029411765,1.88235294118,4.35294117647,3.36363636364,2.84615384615,1.69341284359,0.389027274878,0.193958664547,2.09866904602,0.964253345467,0.518282988871,1.87867287326,0.863174022847,0.470588235294,0.786197569093,0.41766745858,2.25,1.88235294118,0.786197569093,2.25,0.166339869281,0.0612244897959,3,0.00441176470588,0.185952380952,17,17,17,1,0,0.352941176471,0.411764705882,0.235294117647,0,0,0,0,0,0,0,0,0,0,0,0,0,0,0,0,0,0,0,0,0,0,0,0,0,0,0,0,0,37,0,0,235,1,1,0,0,1,1,1,1,1,1,2,2,0,0,0,0
1272,WLNM_dir_neg,1,0.5,00:00:01,10,30,42,1981780315,threshold_sweep,0.3,1,1,1,2,0,0,4,1,1,0,0,1,1,1,1,0.555555555556,1,1,1,37,35,2,0,37,0,35,0,2,17,37,0.136029411765,1.88235294118,4.35294117647,3.36363636364,2.84615384615,1.69341284359,0.389027274878,0.193958664547,2.09866904602,0.964253345467,0.518282988871,1.87867287326,0.863174022847,0.470588235294,0.786197569093,0.41766745858,2.25,1.88235294118,0.786197569093,2.25,0.166339869281,0.0612244897959,3,0.00441176470588,0.185952380952,17,17,17,1,0,0.352941176471,0.411764705882,0.235294117647,17,0.128676470588,1.90196078431,4.11764705882,3.18181818182,2.69230769231,1.57648156274,0.382859808093,0.201680672269,2.01465221053,0.978545359402,0.524369747899,1.74894926439,0.849489642704,0.463865546218,0.814492905316,0.428238537847,2.33333333333,1.90196078431,0.814492905316,2.33333333333,0,0,0,0,0.164242424242,17,17,17,1,0,0.352941176471,0.411764705882,0.235294117647,17,37,0.136029411765,1.88235294118,4.35294117647,3.36363636364,2.84615384615,1.69341284359,0.389027274878,0.193958664547,2.09866904602,0.964253345467,0.518282988871,1.87867287326,0.863174022847,0.470588235294,0.786197569093,0.41766745858,2.25,1.88235294118,0.786197569093,2.25,0.166339869281,0.0612244897959,3,0.00441176470588,0.185952380952,17,17,17,1,0,0.352941176471,0.411764705882,0.235294117647,0,0,0,0,0,0,0,0,0,0,0,0,0,0,0,0,0,0,0,0,0,0,0,0,0,0,0,0,0,37,0,0,235,1,1,0,0,1,1,1,1,1,1,2,2,0,0,0,0
1273,WLNM_dir_neg,1,0.5,00:00:01,10,30,42,1981780315,threshold_sweep,0.4,1,1,1,2,0,0,4,1,1,0,0,1,1,1,1,0.555555555556,1,1,1,37,35,2,0,37,0,35,0,2,17,37,0.136029411765,1.88235294118,4.35294117647,3.36363636364,2.84615384615,1.69341284359,0.389027274878,0.193958664547,2.09866904602,0.964253345467,0.518282988871,1.87867287326,0.863174022847,0.470588235294,0.786197569093,0.41766745858,2.25,1.88235294118,0.786197569093,2.25,0.166339869281,0.0612244897959,3,0.00441176470588,0.185952380952,17,17,17,1,0,0.352941176471,0.411764705882,0.235294117647,17,0.128676470588,1.90196078431,4.11764705882,3.18181818182,2.69230769231,1.57648156274,0.382859808093,0.201680672269,2.01465221053,0.978545359402,0.524369747899,1.74894926439,0.849489642704,0.463865546218,0.814492905316,0.428238537847,2.33333333333,1.90196078431,0.814492905316,2.33333333333,0,0,0,0,0.164242424242,17,17,17,1,0,0.352941176471,0.411764705882,0.235294117647,17,37,0.136029411765,1.88235294118,4.35294117647,3.36363636364,2.84615384615,1.69341284359,0.389027274878,0.193958664547,2.09866904602,0.964253345467,0.518282988871,1.87867287326,0.863174022847,0.470588235294,0.786197569093,0.41766745858,2.25,1.88235294118,0.786197569093,2.25,0.166339869281,0.0612244897959,3,0.00441176470588,0.185952380952,17,17,17,1,0,0.352941176471,0.411764705882,0.235294117647,0,0,0,0,0,0,0,0,0,0,0,0,0,0,0,0,0,0,0,0,0,0,0,0,0,0,0,0,0,37,0,0,235,1,1,0,0,1,1,1,1,1,1,2,2,0,0,0,0
1274,WLNM_dir_neg,1,0.5,00:00:01,10,30,42,1981780315,threshold_sweep,0.5,1,1,1,2,0,0,4,1,1,0,0,1,1,1,1,0.555555555556,1,1,1,37,35,2,0,37,0,35,0,2,17,37,0.136029411765,1.88235294118,4.35294117647,3.36363636364,2.84615384615,1.69341284359,0.389027274878,0.193958664547,2.09866904602,0.964253345467,0.518282988871,1.87867287326,0.863174022847,0.470588235294,0.786197569093,0.41766745858,2.25,1.88235294118,0.786197569093,2.25,0.166339869281,0.0612244897959,3,0.00441176470588,0.185952380952,17,17,17,1,0,0.352941176471,0.411764705882,0.235294117647,17,0.128676470588,1.90196078431,4.11764705882,3.18181818182,2.69230769231,1.57648156274,0.382859808093,0.201680672269,2.01465221053,0.978545359402,0.524369747899,1.74894926439,0.849489642704,0.463865546218,0.814492905316,0.428238537847,2.33333333333,1.90196078431,0.814492905316,2.33333333333,0,0,0,0,0.164242424242,17,17,17,1,0,0.352941176471,0.411764705882,0.235294117647,17,37,0.136029411765,1.88235294118,4.35294117647,3.36363636364,2.84615384615,1.69341284359,0.389027274878,0.193958664547,2.09866904602,0.964253345467,0.518282988871,1.87867287326,0.863174022847,0.470588235294,0.786197569093,0.41766745858,2.25,1.88235294118,0.786197569093,2.25,0.166339869281,0.0612244897959,3,0.00441176470588,0.185952380952,17,17,17,1,0,0.352941176471,0.411764705882,0.235294117647,0,0,0,0,0,0,0,0,0,0,0,0,0,0,0,0,0,0,0,0,0,0,0,0,0,0,0,0,0,37,0,0,235,1,1,0,0,1,1,1,1,1,1,2,2,0,0,0,0
1275,WLNM_dir_neg,1,0.5,00:00:01,10,30,42,1981780315,threshold_sweep,0.6,1,1,1,2,0,0,4,1,1,0,0,1,1,1,1,0.555555555556,1,1,1,37,35,2,0,37,0,35,0,2,17,37,0.136029411765,1.88235294118,4.35294117647,3.36363636364,2.84615384615,1.69341284359,0.389027274878,0.193958664547,2.09866904602,0.964253345467,0.518282988871,1.87867287326,0.863174022847,0.470588235294,0.786197569093,0.41766745858,2.25,1.88235294118,0.786197569093,2.25,0.166339869281,0.0612244897959,3,0.00441176470588,0.185952380952,17,17,17,1,0,0.352941176471,0.411764705882,0.235294117647,17,0.128676470588,1.90196078431,4.11764705882,3.18181818182,2.69230769231,1.57648156274,0.382859808093,0.201680672269,2.01465221053,0.978545359402,0.524369747899,1.74894926439,0.849489642704,0.463865546218,0.814492905316,0.428238537847,2.33333333333,1.90196078431,0.814492905316,2.33333333333,0,0,0,0,0.164242424242,17,17,17,1,0,0.352941176471,0.411764705882,0.235294117647,17,37,0.136029411765,1.88235294118,4.35294117647,3.36363636364,2.84615384615,1.69341284359,0.389027274878,0.193958664547,2.09866904602,0.964253345467,0.518282988871,1.87867287326,0.863174022847,0.470588235294,0.786197569093,0.41766745858,2.25,1.88235294118,0.786197569093,2.25,0.166339869281,0.0612244897959,3,0.00441176470588,0.185952380952,17,17,17,1,0,0.352941176471,0.411764705882,0.235294117647,0,0,0,0,0,0,0,0,0,0,0,0,0,0,0,0,0,0,0,0,0,0,0,0,0,0,0,0,0,37,0,0,235,1,1,0,0,1,1,1,1,1,1,2,2,0,0,0,0
1276,WLNM_dir_neg,1,0.5,00:00:01,10,30,42,1981780315,threshold_sweep,0.7,1,1,1,2,0,0,4,1,1,0,0,1,1,1,1,0.555555555556,1,1,1,37,35,2,0,37,0,35,0,2,17,37,0.136029411765,1.88235294118,4.35294117647,3.36363636364,2.84615384615,1.69341284359,0.389027274878,0.193958664547,2.09866904602,0.964253345467,0.518282988871,1.87867287326,0.863174022847,0.470588235294,0.786197569093,0.41766745858,2.25,1.88235294118,0.786197569093,2.25,0.166339869281,0.0612244897959,3,0.00441176470588,0.185952380952,17,17,17,1,0,0.352941176471,0.411764705882,0.235294117647,17,0.128676470588,1.90196078431,4.11764705882,3.18181818182,2.69230769231,1.57648156274,0.382859808093,0.201680672269,2.01465221053,0.978545359402,0.524369747899,1.74894926439,0.849489642704,0.463865546218,0.814492905316,0.428238537847,2.33333333333,1.90196078431,0.814492905316,2.33333333333,0,0,0,0,0.164242424242,17,17,17,1,0,0.352941176471,0.411764705882,0.235294117647,17,37,0.136029411765,1.88235294118,4.35294117647,3.36363636364,2.84615384615,1.69341284359,0.389027274878,0.193958664547,2.09866904602,0.964253345467,0.518282988871,1.87867287326,0.863174022847,0.470588235294,0.786197569093,0.41766745858,2.25,1.88235294118,0.786197569093,2.25,0.166339869281,0.0612244897959,3,0.00441176470588,0.185952380952,17,17,17,1,0,0.352941176471,0.411764705882,0.235294117647,0,0,0,0,0,0,0,0,0,0,0,0,0,0,0,0,0,0,0,0,0,0,0,0,0,0,0,0,0,37,0,0,235,1,1,0,0,1,1,1,1,1,1,2,2,0,0,0,0
1277,WLNM_dir_neg,1,0.5,00:00:01,10,30,42,1981780315,threshold_sweep,0.8,1,1,1,2,0,0,4,1,1,0,0,1,1,1,1,0.555555555556,1,1,1,37,35,2,0,37,0,35,0,2,17,37,0.136029411765,1.88235294118,4.35294117647,3.36363636364,2.84615384615,1.69341284359,0.389027274878,0.193958664547,2.09866904602,0.964253345467,0.518282988871,1.87867287326,0.863174022847,0.470588235294,0.786197569093,0.41766745858,2.25,1.88235294118,0.786197569093,2.25,0.166339869281,0.0612244897959,3,0.00441176470588,0.185952380952,17,17,17,1,0,0.352941176471,0.411764705882,0.235294117647,17,0.128676470588,1.90196078431,4.11764705882,3.18181818182,2.69230769231,1.57648156274,0.382859808093,0.201680672269,2.01465221053,0.978545359402,0.524369747899,1.74894926439,0.849489642704,0.463865546218,0.814492905316,0.428238537847,2.33333333333,1.90196078431,0.814492905316,2.33333333333,0,0,0,0,0.164242424242,17,17,17,1,0,0.352941176471,0.411764705882,0.235294117647,17,37,0.136029411765,1.88235294118,4.35294117647,3.36363636364,2.84615384615,1.69341284359,0.389027274878,0.193958664547,2.09866904602,0.964253345467,0.518282988871,1.87867287326,0.863174022847,0.470588235294,0.786197569093,0.41766745858,2.25,1.88235294118,0.786197569093,2.25,0.166339869281,0.0612244897959,3,0.00441176470588,0.185952380952,17,17,17,1,0,0.352941176471,0.411764705882,0.235294117647,0,0,0,0,0,0,0,0,0,0,0,0,0,0,0,0,0,0,0,0,0,0,0,0,0,0,0,0,0,37,0,0,235,1,1,0,0,1,1,1,1,1,1,2,2,0,0,0,0
1278,WLNM_dir_neg,1,0.5,00:00:01,10,30,42,1981780315,threshold_sweep,0.9,1,1,1,2,0,0,4,1,1,0,0,1,1,1,1,0.555555555556,1,1,1,37,35,2,0,37,0,35,0,2,17,37,0.136029411765,1.88235294118,4.35294117647,3.36363636364,2.84615384615,1.69341284359,0.389027274878,0.193958664547,2.09866904602,0.964253345467,0.518282988871,1.87867287326,0.863174022847,0.470588235294,0.786197569093,0.41766745858,2.25,1.88235294118,0.786197569093,2.25,0.166339869281,0.0612244897959,3,0.00441176470588,0.185952380952,17,17,17,1,0,0.352941176471,0.411764705882,0.235294117647,17,0.128676470588,1.90196078431,4.11764705882,3.18181818182,2.69230769231,1.57648156274,0.382859808093,0.201680672269,2.01465221053,0.978545359402,0.524369747899,1.74894926439,0.849489642704,0.463865546218,0.814492905316,0.428238537847,2.33333333333,1.90196078431,0.814492905316,2.33333333333,0,0,0,0,0.164242424242,17,17,17,1,0,0.352941176471,0.411764705882,0.235294117647,17,37,0.136029411765,1.88235294118,4.35294117647,3.36363636364,2.84615384615,1.69341284359,0.389027274878,0.193958664547,2.09866904602,0.964253345467,0.518282988871,1.87867287326,0.863174022847,0.470588235294,0.786197569093,0.41766745858,2.25,1.88235294118,0.786197569093,2.25,0.166339869281,0.0612244897959,3,0.00441176470588,0.185952380952,17,17,17,1,0,0.352941176471,0.411764705882,0.235294117647,0,0,0,0,0,0,0,0,0,0,0,0,0,0,0,0,0,0,0,0,0,0,0,0,0,0,0,0,0,37,0,0,235,1,1,0,0,1,1,1,1,1,1,2,2,0,0,0,0
1279,WLNM_dir_neg,1,0.5,00:00:01,10,30,43,1981780316,threshold_sweep,0.1,1,1,1,2,0,0,4,1,1,0,0,1,1,1,1,0.555555555556,1,1,1,37,35,2,0,37,0,35,0,2,17,37,0.136029411765,1.88235294118,4.35294117647,3.36363636364,2.84615384615,1.69341284359,0.389027274878,0.193958664547,2.09866904602,0.964253345467,0.518282988871,1.87867287326,0.863174022847,0.470588235294,0.786197569093,0.41766745858,2.25,1.88235294118,0.786197569093,2.25,0.166339869281,0.0612244897959,3,0.00441176470588,0.185952380952,17,17,17,1,0,0.352941176471,0.411764705882,0.235294117647,17,0.128676470588,1.90196078431,4.11764705882,3.18181818182,2.69230769231,1.57648156274,0.382859808093,0.201680672269,2.01465221053,0.978545359402,0.524369747899,1.74894926439,0.849489642704,0.463865546218,0.814492905316,0.428238537847,2.33333333333,1.90196078431,0.814492905316,2.33333333333,0,0,0,0,0.164242424242,17,17,17,1,0,0.352941176471,0.411764705882,0.235294117647,17,37,0.136029411765,1.88235294118,4.35294117647,3.36363636364,2.84615384615,1.69341284359,0.389027274878,0.193958664547,2.09866904602,0.964253345467,0.518282988871,1.87867287326,0.863174022847,0.470588235294,0.786197569093,0.41766745858,2.25,1.88235294118,0.786197569093,2.25,0.166339869281,0.0612244897959,3,0.00441176470588,0.185952380952,17,17,17,1,0,0.352941176471,0.411764705882,0.235294117647,0,0,0,0,0,0,0,0,0,0,0,0,0,0,0,0,0,0,0,0,0,0,0,0,0,0,0,0,0,37,0,0,235,1,1,0,0,1,1,1,1,1,1,2,2,0,0,0,0
1280,WLNM_dir_neg,1,0.5,00:00:01,10,30,43,1981780316,threshold_sweep,0.2,1,1,1,2,0,0,4,1,1,0,0,1,1,1,1,0.555555555556,1,1,1,37,35,2,0,37,0,35,0,2,17,37,0.136029411765,1.88235294118,4.35294117647,3.36363636364,2.84615384615,1.69341284359,0.389027274878,0.193958664547,2.09866904602,0.964253345467,0.518282988871,1.87867287326,0.863174022847,0.470588235294,0.786197569093,0.41766745858,2.25,1.88235294118,0.786197569093,2.25,0.166339869281,0.0612244897959,3,0.00441176470588,0.185952380952,17,17,17,1,0,0.352941176471,0.411764705882,0.235294117647,17,0.128676470588,1.90196078431,4.11764705882,3.18181818182,2.69230769231,1.57648156274,0.382859808093,0.201680672269,2.01465221053,0.978545359402,0.524369747899,1.74894926439,0.849489642704,0.463865546218,0.814492905316,0.428238537847,2.33333333333,1.90196078431,0.814492905316,2.33333333333,0,0,0,0,0.164242424242,17,17,17,1,0,0.352941176471,0.411764705882,0.235294117647,17,37,0.136029411765,1.88235294118,4.35294117647,3.36363636364,2.84615384615,1.69341284359,0.389027274878,0.193958664547,2.09866904602,0.964253345467,0.518282988871,1.87867287326,0.863174022847,0.470588235294,0.786197569093,0.41766745858,2.25,1.88235294118,0.786197569093,2.25,0.166339869281,0.0612244897959,3,0.00441176470588,0.185952380952,17,17,17,1,0,0.352941176471,0.411764705882,0.235294117647,0,0,0,0,0,0,0,0,0,0,0,0,0,0,0,0,0,0,0,0,0,0,0,0,0,0,0,0,0,37,0,0,235,1,1,0,0,1,1,1,1,1,1,2,2,0,0,0,0
1281,WLNM_dir_neg,1,0.5,00:00:01,10,30,43,1981780316,threshold_sweep,0.3,1,1,1,2,0,0,4,1,1,0,0,1,1,1,1,0.555555555556,1,1,1,37,35,2,0,37,0,35,0,2,17,37,0.136029411765,1.88235294118,4.35294117647,3.36363636364,2.84615384615,1.69341284359,0.389027274878,0.193958664547,2.09866904602,0.964253345467,0.518282988871,1.87867287326,0.863174022847,0.470588235294,0.786197569093,0.41766745858,2.25,1.88235294118,0.786197569093,2.25,0.166339869281,0.0612244897959,3,0.00441176470588,0.185952380952,17,17,17,1,0,0.352941176471,0.411764705882,0.235294117647,17,0.128676470588,1.90196078431,4.11764705882,3.18181818182,2.69230769231,1.57648156274,0.382859808093,0.201680672269,2.01465221053,0.978545359402,0.524369747899,1.74894926439,0.849489642704,0.463865546218,0.814492905316,0.428238537847,2.33333333333,1.90196078431,0.814492905316,2.33333333333,0,0,0,0,0.164242424242,17,17,17,1,0,0.352941176471,0.411764705882,0.235294117647,17,37,0.136029411765,1.88235294118,4.35294117647,3.36363636364,2.84615384615,1.69341284359,0.389027274878,0.193958664547,2.09866904602,0.964253345467,0.518282988871,1.87867287326,0.863174022847,0.470588235294,0.786197569093,0.41766745858,2.25,1.88235294118,0.786197569093,2.25,0.166339869281,0.0612244897959,3,0.00441176470588,0.185952380952,17,17,17,1,0,0.352941176471,0.411764705882,0.235294117647,0,0,0,0,0,0,0,0,0,0,0,0,0,0,0,0,0,0,0,0,0,0,0,0,0,0,0,0,0,37,0,0,235,1,1,0,0,1,1,1,1,1,1,2,2,0,0,0,0
1282,WLNM_dir_neg,1,0.5,00:00:01,10,30,43,1981780316,threshold_sweep,0.4,1,1,1,2,0,0,4,1,1,0,0,1,1,1,1,0.555555555556,1,1,1,37,35,2,0,37,0,35,0,2,17,37,0.136029411765,1.88235294118,4.35294117647,3.36363636364,2.84615384615,1.69341284359,0.389027274878,0.193958664547,2.09866904602,0.964253345467,0.518282988871,1.87867287326,0.863174022847,0.470588235294,0.786197569093,0.41766745858,2.25,1.88235294118,0.786197569093,2.25,0.166339869281,0.0612244897959,3,0.00441176470588,0.185952380952,17,17,17,1,0,0.352941176471,0.411764705882,0.235294117647,17,0.128676470588,1.90196078431,4.11764705882,3.18181818182,2.69230769231,1.57648156274,0.382859808093,0.201680672269,2.01465221053,0.978545359402,0.524369747899,1.74894926439,0.849489642704,0.463865546218,0.814492905316,0.428238537847,2.33333333333,1.90196078431,0.814492905316,2.33333333333,0,0,0,0,0.164242424242,17,17,17,1,0,0.352941176471,0.411764705882,0.235294117647,17,37,0.136029411765,1.88235294118,4.35294117647,3.36363636364,2.84615384615,1.69341284359,0.389027274878,0.193958664547,2.09866904602,0.964253345467,0.518282988871,1.87867287326,0.863174022847,0.470588235294,0.786197569093,0.41766745858,2.25,1.88235294118,0.786197569093,2.25,0.166339869281,0.0612244897959,3,0.00441176470588,0.185952380952,17,17,17,1,0,0.352941176471,0.411764705882,0.235294117647,0,0,0,0,0,0,0,0,0,0,0,0,0,0,0,0,0,0,0,0,0,0,0,0,0,0,0,0,0,37,0,0,235,1,1,0,0,1,1,1,1,1,1,2,2,0,0,0,0
1283,WLNM_dir_neg,1,0.5,00:00:01,10,30,43,1981780316,threshold_sweep,0.5,1,1,1,2,0,0,4,1,1,0,0,1,1,1,1,0.555555555556,1,1,1,37,35,2,0,37,0,35,0,2,17,37,0.136029411765,1.88235294118,4.35294117647,3.36363636364,2.84615384615,1.69341284359,0.389027274878,0.193958664547,2.09866904602,0.964253345467,0.518282988871,1.87867287326,0.863174022847,0.470588235294,0.786197569093,0.41766745858,2.25,1.88235294118,0.786197569093,2.25,0.166339869281,0.0612244897959,3,0.00441176470588,0.185952380952,17,17,17,1,0,0.352941176471,0.411764705882,0.235294117647,17,0.128676470588,1.90196078431,4.11764705882,3.18181818182,2.69230769231,1.57648156274,0.382859808093,0.201680672269,2.01465221053,0.978545359402,0.524369747899,1.74894926439,0.849489642704,0.463865546218,0.814492905316,0.428238537847,2.33333333333,1.90196078431,0.814492905316,2.33333333333,0,0,0,0,0.164242424242,17,17,17,1,0,0.352941176471,0.411764705882,0.235294117647,17,37,0.136029411765,1.88235294118,4.35294117647,3.36363636364,2.84615384615,1.69341284359,0.389027274878,0.193958664547,2.09866904602,0.964253345467,0.518282988871,1.87867287326,0.863174022847,0.470588235294,0.786197569093,0.41766745858,2.25,1.88235294118,0.786197569093,2.25,0.166339869281,0.0612244897959,3,0.00441176470588,0.185952380952,17,17,17,1,0,0.352941176471,0.411764705882,0.235294117647,0,0,0,0,0,0,0,0,0,0,0,0,0,0,0,0,0,0,0,0,0,0,0,0,0,0,0,0,0,37,0,0,235,1,1,0,0,1,1,1,1,1,1,2,2,0,0,0,0
1284,WLNM_dir_neg,1,0.5,00:00:01,10,30,43,1981780316,threshold_sweep,0.6,1,1,1,2,0,0,4,1,1,0,0,1,1,1,1,0.555555555556,1,1,1,37,35,2,0,37,0,35,0,2,17,37,0.136029411765,1.88235294118,4.35294117647,3.36363636364,2.84615384615,1.69341284359,0.389027274878,0.193958664547,2.09866904602,0.964253345467,0.518282988871,1.87867287326,0.863174022847,0.470588235294,0.786197569093,0.41766745858,2.25,1.88235294118,0.786197569093,2.25,0.166339869281,0.0612244897959,3,0.00441176470588,0.185952380952,17,17,17,1,0,0.352941176471,0.411764705882,0.235294117647,17,0.128676470588,1.90196078431,4.11764705882,3.18181818182,2.69230769231,1.57648156274,0.382859808093,0.201680672269,2.01465221053,0.978545359402,0.524369747899,1.74894926439,0.849489642704,0.463865546218,0.814492905316,0.428238537847,2.33333333333,1.90196078431,0.814492905316,2.33333333333,0,0,0,0,0.164242424242,17,17,17,1,0,0.352941176471,0.411764705882,0.235294117647,17,37,0.136029411765,1.88235294118,4.35294117647,3.36363636364,2.84615384615,1.69341284359,0.389027274878,0.193958664547,2.09866904602,0.964253345467,0.518282988871,1.87867287326,0.863174022847,0.470588235294,0.786197569093,0.41766745858,2.25,1.88235294118,0.786197569093,2.25,0.166339869281,0.0612244897959,3,0.00441176470588,0.185952380952,17,17,17,1,0,0.352941176471,0.411764705882,0.235294117647,0,0,0,0,0,0,0,0,0,0,0,0,0,0,0,0,0,0,0,0,0,0,0,0,0,0,0,0,0,37,0,0,235,1,1,0,0,1,1,1,1,1,1,2,2,0,0,0,0
1285,WLNM_dir_neg,1,0.5,00:00:01,10,30,43,1981780316,threshold_sweep,0.7,1,0.5,0.666666666667,1,0,1,4,0.5,1,0,0.5,1,0.5,0.666666666667,0.833333333333,0.611111111111,0.571428571429,0.632455532034,0.5,37,35,2,0,37,0,35,0,2,17,37,0.136029411765,1.88235294118,4.35294117647,3.36363636364,2.84615384615,1.69341284359,0.389027274878,0.193958664547,2.09866904602,0.964253345467,0.518282988871,1.87867287326,0.863174022847,0.470588235294,0.786197569093,0.41766745858,2.25,1.88235294118,0.786197569093,2.25,0.166339869281,0.0612244897959,3,0.00441176470588,0.185952380952,17,17,17,1,0,0.352941176471,0.411764705882,0.235294117647,17,0.128676470588,1.90196078431,4.11764705882,3.18181818182,2.69230769231,1.57648156274,0.382859808093,0.201680672269,2.01465221053,0.978545359402,0.524369747899,1.74894926439,0.849489642704,0.463865546218,0.814492905316,0.428238537847,2.33333333333,1.90196078431,0.814492905316,2.33333333333,0,0,0,0,0.164242424242,17,17,17,1,0,0.352941176471,0.411764705882,0.235294117647,17,36,0.132352941176,1.89705882353,4.23529411765,3.27272727273,2.76923076923,1.71498585143,0.40492721492,0.204248366013,2.05798302171,0.971825315808,0.522875816993,1.79869233546,0.849382491746,0.464052287582,0.805541469338,0.424626510969,2.25,1.89705882353,0.805541469338,2.25,0.0702614379085,0.0214285714286,1,0.00147058823529,0.175454545455,17,17,17,1,0,0.352941176471,0.411764705882,0.235294117647,-1,-0.00367647058824,0.0147058823529,-0.117647058824,-0.0909090909091,-0.0769230769231,0.0215730078386,0.0158999400418,0.0102897014662,-0.0406860243059,0.00757197034072,0.00459282812224,-0.0799805377942,-0.0137915311015,-0.00653594771242,0.0193439002456,0.00695905238854,0,0.0147058823529,0.0193439002456,0,-0.0960784313725,-0.0397959183673,-2,-0.00294117647059,-0.0104978354978,0,0,0,36,0,1,235,0.972972972973,1,0,0.027027027027,1,0.972972972973,0.986301369863,0.984301887704,0.972972972973,0.972972972973,1,2,0,0,0,0
1286,WLNM_dir_neg,1,0.5,00:00:01,10,30,43,1981780316,threshold_sweep,0.8,1,0.5,0.666666666667,1,0,1,4,0.5,1,0,0.5,1,0.5,0.666666666667,0.833333333333,0.611111111111,0.571428571429,0.632455532034,0.5,37,35,2,0,37,0,35,0,2,17,37,0.136029411765,1.88235294118,4.35294117647,3.36363636364,2.84615384615,1.69341284359,0.389027274878,0.193958664547,2.09866904602,0.964253345467,0.518282988871,1.87867287326,0.863174022847,0.470588235294,0.786197569093,0.41766745858,2.25,1.88235294118,0.786197569093,2.25,0.166339869281,0.0612244897959,3,0.00441176470588,0.185952380952,17,17,17,1,0,0.352941176471,0.411764705882,0.235294117647,17,0.128676470588,1.90196078431,4.11764705882,3.18181818182,2.69230769231,1.57648156274,0.382859808093,0.201680672269,2.01465221053,0.978545359402,0.524369747899,1.74894926439,0.849489642704,0.463865546218,0.814492905316,0.428238537847,2.33333333333,1.90196078431,0.814492905316,2.33333333333,0,0,0,0,0.164242424242,17,17,17,1,0,0.352941176471,0.411764705882,0.235294117647,17,36,0.132352941176,1.89705882353,4.23529411765,3.27272727273,2.76923076923,1.71498585143,0.40492721492,0.204248366013,2.05798302171,0.971825315808,0.522875816993,1.79869233546,0.849382491746,0.464052287582,0.805541469338,0.424626510969,2.25,1.89705882353,0.805541469338,2.25,0.0702614379085,0.0214285714286,1,0.00147058823529,0.175454545455,17,17,17,1,0,0.352941176471,0.411764705882,0.235294117647,-1,-0.00367647058824,0.0147058823529,-0.117647058824,-0.0909090909091,-0.0769230769231,0.0215730078386,0.0158999400418,0.0102897014662,-0.0406860243059,0.00757197034072,0.00459282812224,-0.0799805377942,-0.0137915311015,-0.00653594771242,0.0193439002456,0.00695905238854,0,0.0147058823529,0.0193439002456,0,-0.0960784313725,-0.0397959183673,-2,-0.00294117647059,-0.0104978354978,0,0,0,36,0,1,235,0.972972972973,1,0,0.027027027027,1,0.972972972973,0.986301369863,0.984301887704,0.972972972973,0.972972972973,1,2,0,0,0,0
1287,WLNM_dir_neg,1,0.5,00:00:01,10,30,43,1981780316,threshold_sweep,0.9,1,0.5,0.666666666667,1,0,1,4,0.5,1,0,0.5,1,0.5,0.666666666667,0.833333333333,0.611111111111,0.571428571429,0.632455532034,0.5,37,35,2,0,37,0,35,0,2,17,37,0.136029411765,1.88235294118,4.35294117647,3.36363636364,2.84615384615,1.69341284359,0.389027274878,0.193958664547,2.09866904602,0.964253345467,0.518282988871,1.87867287326,0.863174022847,0.470588235294,0.786197569093,0.41766745858,2.25,1.88235294118,0.786197569093,2.25,0.166339869281,0.0612244897959,3,0.00441176470588,0.185952380952,17,17,17,1,0,0.352941176471,0.411764705882,0.235294117647,17,0.128676470588,1.90196078431,4.11764705882,3.18181818182,2.69230769231,1.57648156274,0.382859808093,0.201680672269,2.01465221053,0.978545359402,0.524369747899,1.74894926439,0.849489642704,0.463865546218,0.814492905316,0.428238537847,2.33333333333,1.90196078431,0.814492905316,2.33333333333,0,0,0,0,0.164242424242,17,17,17,1,0,0.352941176471,0.411764705882,0.235294117647,17,36,0.132352941176,1.89705882353,4.23529411765,3.27272727273,2.76923076923,1.71498585143,0.40492721492,0.204248366013,2.05798302171,0.971825315808,0.522875816993,1.79869233546,0.849382491746,0.464052287582,0.805541469338,0.424626510969,2.25,1.89705882353,0.805541469338,2.25,0.0702614379085,0.0214285714286,1,0.00147058823529,0.175454545455,17,17,17,1,0,0.352941176471,0.411764705882,0.235294117647,-1,-0.00367647058824,0.0147058823529,-0.117647058824,-0.0909090909091,-0.0769230769231,0.0215730078386,0.0158999400418,0.0102897014662,-0.0406860243059,0.00757197034072,0.00459282812224,-0.0799805377942,-0.0137915311015,-0.00653594771242,0.0193439002456,0.00695905238854,0,0.0147058823529,0.0193439002456,0,-0.0960784313725,-0.0397959183673,-2,-0.00294117647059,-0.0104978354978,0,0,0,36,0,1,235,0.972972972973,1,0,0.027027027027,1,0.972972972973,0.986301369863,0.984301887704,0.972972972973,0.972972972973,1,2,0,0,0,0
1288,WLNM_dir_neg,1,0.5,00:00:01,10,30,44,1981780317,threshold_sweep,0.1,1,1,1,2,0,0,4,1,1,0,0,1,1,1,1,0.555555555556,1,1,1,37,35,2,0,37,0,35,0,2,17,37,0.136029411765,1.88235294118,4.35294117647,3.36363636364,2.84615384615,1.69341284359,0.389027274878,0.193958664547,2.09866904602,0.964253345467,0.518282988871,1.87867287326,0.863174022847,0.470588235294,0.786197569093,0.41766745858,2.25,1.88235294118,0.786197569093,2.25,0.166339869281,0.0612244897959,3,0.00441176470588,0.185952380952,17,17,17,1,0,0.352941176471,0.411764705882,0.235294117647,17,0.128676470588,1.90196078431,4.11764705882,3.18181818182,2.69230769231,1.57648156274,0.382859808093,0.201680672269,2.01465221053,0.978545359402,0.524369747899,1.74894926439,0.849489642704,0.463865546218,0.814492905316,0.428238537847,2.33333333333,1.90196078431,0.814492905316,2.33333333333,0,0,0,0,0.164242424242,17,17,17,1,0,0.352941176471,0.411764705882,0.235294117647,17,37,0.136029411765,1.88235294118,4.35294117647,3.36363636364,2.84615384615,1.69341284359,0.389027274878,0.193958664547,2.09866904602,0.964253345467,0.518282988871,1.87867287326,0.863174022847,0.470588235294,0.786197569093,0.41766745858,2.25,1.88235294118,0.786197569093,2.25,0.166339869281,0.0612244897959,3,0.00441176470588,0.185952380952,17,17,17,1,0,0.352941176471,0.411764705882,0.235294117647,0,0,0,0,0,0,0,0,0,0,0,0,0,0,0,0,0,0,0,0,0,0,0,0,0,0,0,0,0,37,0,0,235,1,1,0,0,1,1,1,1,1,1,2,2,0,0,0,0
1289,WLNM_dir_neg,1,0.5,00:00:01,10,30,44,1981780317,threshold_sweep,0.2,1,1,1,2,0,0,4,1,1,0,0,1,1,1,1,0.555555555556,1,1,1,37,35,2,0,37,0,35,0,2,17,37,0.136029411765,1.88235294118,4.35294117647,3.36363636364,2.84615384615,1.69341284359,0.389027274878,0.193958664547,2.09866904602,0.964253345467,0.518282988871,1.87867287326,0.863174022847,0.470588235294,0.786197569093,0.41766745858,2.25,1.88235294118,0.786197569093,2.25,0.166339869281,0.0612244897959,3,0.00441176470588,0.185952380952,17,17,17,1,0,0.352941176471,0.411764705882,0.235294117647,17,0.128676470588,1.90196078431,4.11764705882,3.18181818182,2.69230769231,1.57648156274,0.382859808093,0.201680672269,2.01465221053,0.978545359402,0.524369747899,1.74894926439,0.849489642704,0.463865546218,0.814492905316,0.428238537847,2.33333333333,1.90196078431,0.814492905316,2.33333333333,0,0,0,0,0.164242424242,17,17,17,1,0,0.352941176471,0.411764705882,0.235294117647,17,37,0.136029411765,1.88235294118,4.35294117647,3.36363636364,2.84615384615,1.69341284359,0.389027274878,0.193958664547,2.09866904602,0.964253345467,0.518282988871,1.87867287326,0.863174022847,0.470588235294,0.786197569093,0.41766745858,2.25,1.88235294118,0.786197569093,2.25,0.166339869281,0.0612244897959,3,0.00441176470588,0.185952380952,17,17,17,1,0,0.352941176471,0.411764705882,0.235294117647,0,0,0,0,0,0,0,0,0,0,0,0,0,0,0,0,0,0,0,0,0,0,0,0,0,0,0,0,0,37,0,0,235,1,1,0,0,1,1,1,1,1,1,2,2,0,0,0,0
1290,WLNM_dir_neg,1,0.5,00:00:01,10,30,44,1981780317,threshold_sweep,0.3,1,1,1,2,0,0,4,1,1,0,0,1,1,1,1,0.555555555556,1,1,1,37,35,2,0,37,0,35,0,2,17,37,0.136029411765,1.88235294118,4.35294117647,3.36363636364,2.84615384615,1.69341284359,0.389027274878,0.193958664547,2.09866904602,0.964253345467,0.518282988871,1.87867287326,0.863174022847,0.470588235294,0.786197569093,0.41766745858,2.25,1.88235294118,0.786197569093,2.25,0.166339869281,0.0612244897959,3,0.00441176470588,0.185952380952,17,17,17,1,0,0.352941176471,0.411764705882,0.235294117647,17,0.128676470588,1.90196078431,4.11764705882,3.18181818182,2.69230769231,1.57648156274,0.382859808093,0.201680672269,2.01465221053,0.978545359402,0.524369747899,1.74894926439,0.849489642704,0.463865546218,0.814492905316,0.428238537847,2.33333333333,1.90196078431,0.814492905316,2.33333333333,0,0,0,0,0.164242424242,17,17,17,1,0,0.352941176471,0.411764705882,0.235294117647,17,37,0.136029411765,1.88235294118,4.35294117647,3.36363636364,2.84615384615,1.69341284359,0.389027274878,0.193958664547,2.09866904602,0.964253345467,0.518282988871,1.87867287326,0.863174022847,0.470588235294,0.786197569093,0.41766745858,2.25,1.88235294118,0.786197569093,2.25,0.166339869281,0.0612244897959,3,0.00441176470588,0.185952380952,17,17,17,1,0,0.352941176471,0.411764705882,0.235294117647,0,0,0,0,0,0,0,0,0,0,0,0,0,0,0,0,0,0,0,0,0,0,0,0,0,0,0,0,0,37,0,0,235,1,1,0,0,1,1,1,1,1,1,2,2,0,0,0,0
1291,WLNM_dir_neg,1,0.5,00:00:01,10,30,44,1981780317,threshold_sweep,0.4,1,1,1,2,0,0,4,1,1,0,0,1,1,1,1,0.555555555556,1,1,1,37,35,2,0,37,0,35,0,2,17,37,0.136029411765,1.88235294118,4.35294117647,3.36363636364,2.84615384615,1.69341284359,0.389027274878,0.193958664547,2.09866904602,0.964253345467,0.518282988871,1.87867287326,0.863174022847,0.470588235294,0.786197569093,0.41766745858,2.25,1.88235294118,0.786197569093,2.25,0.166339869281,0.0612244897959,3,0.00441176470588,0.185952380952,17,17,17,1,0,0.352941176471,0.411764705882,0.235294117647,17,0.128676470588,1.90196078431,4.11764705882,3.18181818182,2.69230769231,1.57648156274,0.382859808093,0.201680672269,2.01465221053,0.978545359402,0.524369747899,1.74894926439,0.849489642704,0.463865546218,0.814492905316,0.428238537847,2.33333333333,1.90196078431,0.814492905316,2.33333333333,0,0,0,0,0.164242424242,17,17,17,1,0,0.352941176471,0.411764705882,0.235294117647,17,37,0.136029411765,1.88235294118,4.35294117647,3.36363636364,2.84615384615,1.69341284359,0.389027274878,0.193958664547,2.09866904602,0.964253345467,0.518282988871,1.87867287326,0.863174022847,0.470588235294,0.786197569093,0.41766745858,2.25,1.88235294118,0.786197569093,2.25,0.166339869281,0.0612244897959,3,0.00441176470588,0.185952380952,17,17,17,1,0,0.352941176471,0.411764705882,0.235294117647,0,0,0,0,0,0,0,0,0,0,0,0,0,0,0,0,0,0,0,0,0,0,0,0,0,0,0,0,0,37,0,0,235,1,1,0,0,1,1,1,1,1,1,2,2,0,0,0,0
1292,WLNM_dir_neg,1,0.5,00:00:01,10,30,44,1981780317,threshold_sweep,0.5,1,1,1,2,0,0,4,1,1,0,0,1,1,1,1,0.555555555556,1,1,1,37,35,2,0,37,0,35,0,2,17,37,0.136029411765,1.88235294118,4.35294117647,3.36363636364,2.84615384615,1.69341284359,0.389027274878,0.193958664547,2.09866904602,0.964253345467,0.518282988871,1.87867287326,0.863174022847,0.470588235294,0.786197569093,0.41766745858,2.25,1.88235294118,0.786197569093,2.25,0.166339869281,0.0612244897959,3,0.00441176470588,0.185952380952,17,17,17,1,0,0.352941176471,0.411764705882,0.235294117647,17,0.128676470588,1.90196078431,4.11764705882,3.18181818182,2.69230769231,1.57648156274,0.382859808093,0.201680672269,2.01465221053,0.978545359402,0.524369747899,1.74894926439,0.849489642704,0.463865546218,0.814492905316,0.428238537847,2.33333333333,1.90196078431,0.814492905316,2.33333333333,0,0,0,0,0.164242424242,17,17,17,1,0,0.352941176471,0.411764705882,0.235294117647,17,37,0.136029411765,1.88235294118,4.35294117647,3.36363636364,2.84615384615,1.69341284359,0.389027274878,0.193958664547,2.09866904602,0.964253345467,0.518282988871,1.87867287326,0.863174022847,0.470588235294,0.786197569093,0.41766745858,2.25,1.88235294118,0.786197569093,2.25,0.166339869281,0.0612244897959,3,0.00441176470588,0.185952380952,17,17,17,1,0,0.352941176471,0.411764705882,0.235294117647,0,0,0,0,0,0,0,0,0,0,0,0,0,0,0,0,0,0,0,0,0,0,0,0,0,0,0,0,0,37,0,0,235,1,1,0,0,1,1,1,1,1,1,2,2,0,0,0,0
1293,WLNM_dir_neg,1,0.5,00:00:01,10,30,44,1981780317,threshold_sweep,0.6,1,1,1,2,0,0,4,1,1,0,0,1,1,1,1,0.555555555556,1,1,1,37,35,2,0,37,0,35,0,2,17,37,0.136029411765,1.88235294118,4.35294117647,3.36363636364,2.84615384615,1.69341284359,0.389027274878,0.193958664547,2.09866904602,0.964253345467,0.518282988871,1.87867287326,0.863174022847,0.470588235294,0.786197569093,0.41766745858,2.25,1.88235294118,0.786197569093,2.25,0.166339869281,0.0612244897959,3,0.00441176470588,0.185952380952,17,17,17,1,0,0.352941176471,0.411764705882,0.235294117647,17,0.128676470588,1.90196078431,4.11764705882,3.18181818182,2.69230769231,1.57648156274,0.382859808093,0.201680672269,2.01465221053,0.978545359402,0.524369747899,1.74894926439,0.849489642704,0.463865546218,0.814492905316,0.428238537847,2.33333333333,1.90196078431,0.814492905316,2.33333333333,0,0,0,0,0.164242424242,17,17,17,1,0,0.352941176471,0.411764705882,0.235294117647,17,37,0.136029411765,1.88235294118,4.35294117647,3.36363636364,2.84615384615,1.69341284359,0.389027274878,0.193958664547,2.09866904602,0.964253345467,0.518282988871,1.87867287326,0.863174022847,0.470588235294,0.786197569093,0.41766745858,2.25,1.88235294118,0.786197569093,2.25,0.166339869281,0.0612244897959,3,0.00441176470588,0.185952380952,17,17,17,1,0,0.352941176471,0.411764705882,0.235294117647,0,0,0,0,0,0,0,0,0,0,0,0,0,0,0,0,0,0,0,0,0,0,0,0,0,0,0,0,0,37,0,0,235,1,1,0,0,1,1,1,1,1,1,2,2,0,0,0,0
1294,WLNM_dir_neg,1,0.5,00:00:01,10,30,44,1981780317,threshold_sweep,0.7,1,1,1,2,0,0,4,1,1,0,0,1,1,1,1,0.555555555556,1,1,1,37,35,2,0,37,0,35,0,2,17,37,0.136029411765,1.88235294118,4.35294117647,3.36363636364,2.84615384615,1.69341284359,0.389027274878,0.193958664547,2.09866904602,0.964253345467,0.518282988871,1.87867287326,0.863174022847,0.470588235294,0.786197569093,0.41766745858,2.25,1.88235294118,0.786197569093,2.25,0.166339869281,0.0612244897959,3,0.00441176470588,0.185952380952,17,17,17,1,0,0.352941176471,0.411764705882,0.235294117647,17,0.128676470588,1.90196078431,4.11764705882,3.18181818182,2.69230769231,1.57648156274,0.382859808093,0.201680672269,2.01465221053,0.978545359402,0.524369747899,1.74894926439,0.849489642704,0.463865546218,0.814492905316,0.428238537847,2.33333333333,1.90196078431,0.814492905316,2.33333333333,0,0,0,0,0.164242424242,17,17,17,1,0,0.352941176471,0.411764705882,0.235294117647,17,37,0.136029411765,1.88235294118,4.35294117647,3.36363636364,2.84615384615,1.69341284359,0.389027274878,0.193958664547,2.09866904602,0.964253345467,0.518282988871,1.87867287326,0.863174022847,0.470588235294,0.786197569093,0.41766745858,2.25,1.88235294118,0.786197569093,2.25,0.166339869281,0.0612244897959,3,0.00441176470588,0.185952380952,17,17,17,1,0,0.352941176471,0.411764705882,0.235294117647,0,0,0,0,0,0,0,0,0,0,0,0,0,0,0,0,0,0,0,0,0,0,0,0,0,0,0,0,0,37,0,0,235,1,1,0,0,1,1,1,1,1,1,2,2,0,0,0,0
1295,WLNM_dir_neg,1,0.5,00:00:01,10,30,44,1981780317,threshold_sweep,0.8,1,1,1,2,0,0,4,1,1,0,0,1,1,1,1,0.555555555556,1,1,1,37,35,2,0,37,0,35,0,2,17,37,0.136029411765,1.88235294118,4.35294117647,3.36363636364,2.84615384615,1.69341284359,0.389027274878,0.193958664547,2.09866904602,0.964253345467,0.518282988871,1.87867287326,0.863174022847,0.470588235294,0.786197569093,0.41766745858,2.25,1.88235294118,0.786197569093,2.25,0.166339869281,0.0612244897959,3,0.00441176470588,0.185952380952,17,17,17,1,0,0.352941176471,0.411764705882,0.235294117647,17,0.128676470588,1.90196078431,4.11764705882,3.18181818182,2.69230769231,1.57648156274,0.382859808093,0.201680672269,2.01465221053,0.978545359402,0.524369747899,1.74894926439,0.849489642704,0.463865546218,0.814492905316,0.428238537847,2.33333333333,1.90196078431,0.814492905316,2.33333333333,0,0,0,0,0.164242424242,17,17,17,1,0,0.352941176471,0.411764705882,0.235294117647,17,37,0.136029411765,1.88235294118,4.35294117647,3.36363636364,2.84615384615,1.69341284359,0.389027274878,0.193958664547,2.09866904602,0.964253345467,0.518282988871,1.87867287326,0.863174022847,0.470588235294,0.786197569093,0.41766745858,2.25,1.88235294118,0.786197569093,2.25,0.166339869281,0.0612244897959,3,0.00441176470588,0.185952380952,17,17,17,1,0,0.352941176471,0.411764705882,0.235294117647,0,0,0,0,0,0,0,0,0,0,0,0,0,0,0,0,0,0,0,0,0,0,0,0,0,0,0,0,0,37,0,0,235,1,1,0,0,1,1,1,1,1,1,2,2,0,0,0,0
1296,WLNM_dir_neg,1,0.5,00:00:01,10,30,44,1981780317,threshold_sweep,0.9,1,1,1,2,0,0,4,1,1,0,0,1,1,1,1,0.555555555556,1,1,1,37,35,2,0,37,0,35,0,2,17,37,0.136029411765,1.88235294118,4.35294117647,3.36363636364,2.84615384615,1.69341284359,0.389027274878,0.193958664547,2.09866904602,0.964253345467,0.518282988871,1.87867287326,0.863174022847,0.470588235294,0.786197569093,0.41766745858,2.25,1.88235294118,0.786197569093,2.25,0.166339869281,0.0612244897959,3,0.00441176470588,0.185952380952,17,17,17,1,0,0.352941176471,0.411764705882,0.235294117647,17,0.128676470588,1.90196078431,4.11764705882,3.18181818182,2.69230769231,1.57648156274,0.382859808093,0.201680672269,2.01465221053,0.978545359402,0.524369747899,1.74894926439,0.849489642704,0.463865546218,0.814492905316,0.428238537847,2.33333333333,1.90196078431,0.814492905316,2.33333333333,0,0,0,0,0.164242424242,17,17,17,1,0,0.352941176471,0.411764705882,0.235294117647,17,37,0.136029411765,1.88235294118,4.35294117647,3.36363636364,2.84615384615,1.69341284359,0.389027274878,0.193958664547,2.09866904602,0.964253345467,0.518282988871,1.87867287326,0.863174022847,0.470588235294,0.786197569093,0.41766745858,2.25,1.88235294118,0.786197569093,2.25,0.166339869281,0.0612244897959,3,0.00441176470588,0.185952380952,17,17,17,1,0,0.352941176471,0.411764705882,0.235294117647,0,0,0,0,0,0,0,0,0,0,0,0,0,0,0,0,0,0,0,0,0,0,0,0,0,0,0,0,0,37,0,0,235,1,1,0,0,1,1,1,1,1,1,2,2,0,0,0,0
1297,WLNM_dir_neg,1,0.5,00:00:01,10,30,45,1981780318,threshold_sweep,0.1,1,1,1,2,0,0,4,1,1,0,0,1,1,1,1,0.555555555556,1,1,1,37,35,2,0,37,0,35,0,2,17,37,0.136029411765,1.88235294118,4.35294117647,3.36363636364,2.84615384615,1.69341284359,0.389027274878,0.193958664547,2.09866904602,0.964253345467,0.518282988871,1.87867287326,0.863174022847,0.470588235294,0.786197569093,0.41766745858,2.25,1.88235294118,0.786197569093,2.25,0.166339869281,0.0612244897959,3,0.00441176470588,0.185952380952,17,17,17,1,0,0.352941176471,0.411764705882,0.235294117647,17,0.128676470588,1.90196078431,4.11764705882,3.18181818182,2.69230769231,1.57648156274,0.382859808093,0.201680672269,2.01465221053,0.978545359402,0.524369747899,1.74894926439,0.849489642704,0.463865546218,0.814492905316,0.428238537847,2.33333333333,1.90196078431,0.814492905316,2.33333333333,0,0,0,0,0.164242424242,17,17,17,1,0,0.352941176471,0.411764705882,0.235294117647,17,37,0.136029411765,1.88235294118,4.35294117647,3.36363636364,2.84615384615,1.69341284359,0.389027274878,0.193958664547,2.09866904602,0.964253345467,0.518282988871,1.87867287326,0.863174022847,0.470588235294,0.786197569093,0.41766745858,2.25,1.88235294118,0.786197569093,2.25,0.166339869281,0.0612244897959,3,0.00441176470588,0.185952380952,17,17,17,1,0,0.352941176471,0.411764705882,0.235294117647,0,0,0,0,0,0,0,0,0,0,0,0,0,0,0,0,0,0,0,0,0,0,0,0,0,0,0,0,0,37,0,0,235,1,1,0,0,1,1,1,1,1,1,2,2,0,0,0,0
1298,WLNM_dir_neg,1,0.5,00:00:01,10,30,45,1981780318,threshold_sweep,0.2,1,1,1,2,0,0,4,1,1,0,0,1,1,1,1,0.555555555556,1,1,1,37,35,2,0,37,0,35,0,2,17,37,0.136029411765,1.88235294118,4.35294117647,3.36363636364,2.84615384615,1.69341284359,0.389027274878,0.193958664547,2.09866904602,0.964253345467,0.518282988871,1.87867287326,0.863174022847,0.470588235294,0.786197569093,0.41766745858,2.25,1.88235294118,0.786197569093,2.25,0.166339869281,0.0612244897959,3,0.00441176470588,0.185952380952,17,17,17,1,0,0.352941176471,0.411764705882,0.235294117647,17,0.128676470588,1.90196078431,4.11764705882,3.18181818182,2.69230769231,1.57648156274,0.382859808093,0.201680672269,2.01465221053,0.978545359402,0.524369747899,1.74894926439,0.849489642704,0.463865546218,0.814492905316,0.428238537847,2.33333333333,1.90196078431,0.814492905316,2.33333333333,0,0,0,0,0.164242424242,17,17,17,1,0,0.352941176471,0.411764705882,0.235294117647,17,37,0.136029411765,1.88235294118,4.35294117647,3.36363636364,2.84615384615,1.69341284359,0.389027274878,0.193958664547,2.09866904602,0.964253345467,0.518282988871,1.87867287326,0.863174022847,0.470588235294,0.786197569093,0.41766745858,2.25,1.88235294118,0.786197569093,2.25,0.166339869281,0.0612244897959,3,0.00441176470588,0.185952380952,17,17,17,1,0,0.352941176471,0.411764705882,0.235294117647,0,0,0,0,0,0,0,0,0,0,0,0,0,0,0,0,0,0,0,0,0,0,0,0,0,0,0,0,0,37,0,0,235,1,1,0,0,1,1,1,1,1,1,2,2,0,0,0,0
1299,WLNM_dir_neg,1,0.5,00:00:01,10,30,45,1981780318,threshold_sweep,0.3,1,1,1,2,0,0,4,1,1,0,0,1,1,1,1,0.555555555556,1,1,1,37,35,2,0,37,0,35,0,2,17,37,0.136029411765,1.88235294118,4.35294117647,3.36363636364,2.84615384615,1.69341284359,0.389027274878,0.193958664547,2.09866904602,0.964253345467,0.518282988871,1.87867287326,0.863174022847,0.470588235294,0.786197569093,0.41766745858,2.25,1.88235294118,0.786197569093,2.25,0.166339869281,0.0612244897959,3,0.00441176470588,0.185952380952,17,17,17,1,0,0.352941176471,0.411764705882,0.235294117647,17,0.128676470588,1.90196078431,4.11764705882,3.18181818182,2.69230769231,1.57648156274,0.382859808093,0.201680672269,2.01465221053,0.978545359402,0.524369747899,1.74894926439,0.849489642704,0.463865546218,0.814492905316,0.428238537847,2.33333333333,1.90196078431,0.814492905316,2.33333333333,0,0,0,0,0.164242424242,17,17,17,1,0,0.352941176471,0.411764705882,0.235294117647,17,37,0.136029411765,1.88235294118,4.35294117647,3.36363636364,2.84615384615,1.69341284359,0.389027274878,0.193958664547,2.09866904602,0.964253345467,0.518282988871,1.87867287326,0.863174022847,0.470588235294,0.786197569093,0.41766745858,2.25,1.88235294118,0.786197569093,2.25,0.166339869281,0.0612244897959,3,0.00441176470588,0.185952380952,17,17,17,1,0,0.352941176471,0.411764705882,0.235294117647,0,0,0,0,0,0,0,0,0,0,0,0,0,0,0,0,0,0,0,0,0,0,0,0,0,0,0,0,0,37,0,0,235,1,1,0,0,1,1,1,1,1,1,2,2,0,0,0,0
1300,WLNM_dir_neg,1,0.5,00:00:01,10,30,45,1981780318,threshold_sweep,0.4,1,1,1,2,0,0,4,1,1,0,0,1,1,1,1,0.555555555556,1,1,1,37,35,2,0,37,0,35,0,2,17,37,0.136029411765,1.88235294118,4.35294117647,3.36363636364,2.84615384615,1.69341284359,0.389027274878,0.193958664547,2.09866904602,0.964253345467,0.518282988871,1.87867287326,0.863174022847,0.470588235294,0.786197569093,0.41766745858,2.25,1.88235294118,0.786197569093,2.25,0.166339869281,0.0612244897959,3,0.00441176470588,0.185952380952,17,17,17,1,0,0.352941176471,0.411764705882,0.235294117647,17,0.128676470588,1.90196078431,4.11764705882,3.18181818182,2.69230769231,1.57648156274,0.382859808093,0.201680672269,2.01465221053,0.978545359402,0.524369747899,1.74894926439,0.849489642704,0.463865546218,0.814492905316,0.428238537847,2.33333333333,1.90196078431,0.814492905316,2.33333333333,0,0,0,0,0.164242424242,17,17,17,1,0,0.352941176471,0.411764705882,0.235294117647,17,37,0.136029411765,1.88235294118,4.35294117647,3.36363636364,2.84615384615,1.69341284359,0.389027274878,0.193958664547,2.09866904602,0.964253345467,0.518282988871,1.87867287326,0.863174022847,0.470588235294,0.786197569093,0.41766745858,2.25,1.88235294118,0.786197569093,2.25,0.166339869281,0.0612244897959,3,0.00441176470588,0.185952380952,17,17,17,1,0,0.352941176471,0.411764705882,0.235294117647,0,0,0,0,0,0,0,0,0,0,0,0,0,0,0,0,0,0,0,0,0,0,0,0,0,0,0,0,0,37,0,0,235,1,1,0,0,1,1,1,1,1,1,2,2,0,0,0,0
1301,WLNM_dir_neg,1,0.5,00:00:01,10,30,45,1981780318,threshold_sweep,0.5,1,1,1,2,0,0,4,1,1,0,0,1,1,1,1,0.555555555556,1,1,1,37,35,2,0,37,0,35,0,2,17,37,0.136029411765,1.88235294118,4.35294117647,3.36363636364,2.84615384615,1.69341284359,0.389027274878,0.193958664547,2.09866904602,0.964253345467,0.518282988871,1.87867287326,0.863174022847,0.470588235294,0.786197569093,0.41766745858,2.25,1.88235294118,0.786197569093,2.25,0.166339869281,0.0612244897959,3,0.00441176470588,0.185952380952,17,17,17,1,0,0.352941176471,0.411764705882,0.235294117647,17,0.128676470588,1.90196078431,4.11764705882,3.18181818182,2.69230769231,1.57648156274,0.382859808093,0.201680672269,2.01465221053,0.978545359402,0.524369747899,1.74894926439,0.849489642704,0.463865546218,0.814492905316,0.428238537847,2.33333333333,1.90196078431,0.814492905316,2.33333333333,0,0,0,0,0.164242424242,17,17,17,1,0,0.352941176471,0.411764705882,0.235294117647,17,37,0.136029411765,1.88235294118,4.35294117647,3.36363636364,2.84615384615,1.69341284359,0.389027274878,0.193958664547,2.09866904602,0.964253345467,0.518282988871,1.87867287326,0.863174022847,0.470588235294,0.786197569093,0.41766745858,2.25,1.88235294118,0.786197569093,2.25,0.166339869281,0.0612244897959,3,0.00441176470588,0.185952380952,17,17,17,1,0,0.352941176471,0.411764705882,0.235294117647,0,0,0,0,0,0,0,0,0,0,0,0,0,0,0,0,0,0,0,0,0,0,0,0,0,0,0,0,0,37,0,0,235,1,1,0,0,1,1,1,1,1,1,2,2,0,0,0,0
1302,WLNM_dir_neg,1,0.5,00:00:01,10,30,45,1981780318,threshold_sweep,0.6,1,1,1,2,0,0,4,1,1,0,0,1,1,1,1,0.555555555556,1,1,1,37,35,2,0,37,0,35,0,2,17,37,0.136029411765,1.88235294118,4.35294117647,3.36363636364,2.84615384615,1.69341284359,0.389027274878,0.193958664547,2.09866904602,0.964253345467,0.518282988871,1.87867287326,0.863174022847,0.470588235294,0.786197569093,0.41766745858,2.25,1.88235294118,0.786197569093,2.25,0.166339869281,0.0612244897959,3,0.00441176470588,0.185952380952,17,17,17,1,0,0.352941176471,0.411764705882,0.235294117647,17,0.128676470588,1.90196078431,4.11764705882,3.18181818182,2.69230769231,1.57648156274,0.382859808093,0.201680672269,2.01465221053,0.978545359402,0.524369747899,1.74894926439,0.849489642704,0.463865546218,0.814492905316,0.428238537847,2.33333333333,1.90196078431,0.814492905316,2.33333333333,0,0,0,0,0.164242424242,17,17,17,1,0,0.352941176471,0.411764705882,0.235294117647,17,37,0.136029411765,1.88235294118,4.35294117647,3.36363636364,2.84615384615,1.69341284359,0.389027274878,0.193958664547,2.09866904602,0.964253345467,0.518282988871,1.87867287326,0.863174022847,0.470588235294,0.786197569093,0.41766745858,2.25,1.88235294118,0.786197569093,2.25,0.166339869281,0.0612244897959,3,0.00441176470588,0.185952380952,17,17,17,1,0,0.352941176471,0.411764705882,0.235294117647,0,0,0,0,0,0,0,0,0,0,0,0,0,0,0,0,0,0,0,0,0,0,0,0,0,0,0,0,0,37,0,0,235,1,1,0,0,1,1,1,1,1,1,2,2,0,0,0,0
1303,WLNM_dir_neg,1,0.5,00:00:01,10,30,45,1981780318,threshold_sweep,0.7,1,1,1,2,0,0,4,1,1,0,0,1,1,1,1,0.555555555556,1,1,1,37,35,2,0,37,0,35,0,2,17,37,0.136029411765,1.88235294118,4.35294117647,3.36363636364,2.84615384615,1.69341284359,0.389027274878,0.193958664547,2.09866904602,0.964253345467,0.518282988871,1.87867287326,0.863174022847,0.470588235294,0.786197569093,0.41766745858,2.25,1.88235294118,0.786197569093,2.25,0.166339869281,0.0612244897959,3,0.00441176470588,0.185952380952,17,17,17,1,0,0.352941176471,0.411764705882,0.235294117647,17,0.128676470588,1.90196078431,4.11764705882,3.18181818182,2.69230769231,1.57648156274,0.382859808093,0.201680672269,2.01465221053,0.978545359402,0.524369747899,1.74894926439,0.849489642704,0.463865546218,0.814492905316,0.428238537847,2.33333333333,1.90196078431,0.814492905316,2.33333333333,0,0,0,0,0.164242424242,17,17,17,1,0,0.352941176471,0.411764705882,0.235294117647,17,37,0.136029411765,1.88235294118,4.35294117647,3.36363636364,2.84615384615,1.69341284359,0.389027274878,0.193958664547,2.09866904602,0.964253345467,0.518282988871,1.87867287326,0.863174022847,0.470588235294,0.786197569093,0.41766745858,2.25,1.88235294118,0.786197569093,2.25,0.166339869281,0.0612244897959,3,0.00441176470588,0.185952380952,17,17,17,1,0,0.352941176471,0.411764705882,0.235294117647,0,0,0,0,0,0,0,0,0,0,0,0,0,0,0,0,0,0,0,0,0,0,0,0,0,0,0,0,0,37,0,0,235,1,1,0,0,1,1,1,1,1,1,2,2,0,0,0,0
1304,WLNM_dir_neg,1,0.5,00:00:01,10,30,45,1981780318,threshold_sweep,0.8,1,1,1,2,0,0,4,1,1,0,0,1,1,1,1,0.555555555556,1,1,1,37,35,2,0,37,0,35,0,2,17,37,0.136029411765,1.88235294118,4.35294117647,3.36363636364,2.84615384615,1.69341284359,0.389027274878,0.193958664547,2.09866904602,0.964253345467,0.518282988871,1.87867287326,0.863174022847,0.470588235294,0.786197569093,0.41766745858,2.25,1.88235294118,0.786197569093,2.25,0.166339869281,0.0612244897959,3,0.00441176470588,0.185952380952,17,17,17,1,0,0.352941176471,0.411764705882,0.235294117647,17,0.128676470588,1.90196078431,4.11764705882,3.18181818182,2.69230769231,1.57648156274,0.382859808093,0.201680672269,2.01465221053,0.978545359402,0.524369747899,1.74894926439,0.849489642704,0.463865546218,0.814492905316,0.428238537847,2.33333333333,1.90196078431,0.814492905316,2.33333333333,0,0,0,0,0.164242424242,17,17,17,1,0,0.352941176471,0.411764705882,0.235294117647,17,37,0.136029411765,1.88235294118,4.35294117647,3.36363636364,2.84615384615,1.69341284359,0.389027274878,0.193958664547,2.09866904602,0.964253345467,0.518282988871,1.87867287326,0.863174022847,0.470588235294,0.786197569093,0.41766745858,2.25,1.88235294118,0.786197569093,2.25,0.166339869281,0.0612244897959,3,0.00441176470588,0.185952380952,17,17,17,1,0,0.352941176471,0.411764705882,0.235294117647,0,0,0,0,0,0,0,0,0,0,0,0,0,0,0,0,0,0,0,0,0,0,0,0,0,0,0,0,0,37,0,0,235,1,1,0,0,1,1,1,1,1,1,2,2,0,0,0,0
1305,WLNM_dir_neg,1,0.5,00:00:01,10,30,45,1981780318,threshold_sweep,0.9,1,1,1,2,0,0,4,1,1,0,0,1,1,1,1,0.555555555556,1,1,1,37,35,2,0,37,0,35,0,2,17,37,0.136029411765,1.88235294118,4.35294117647,3.36363636364,2.84615384615,1.69341284359,0.389027274878,0.193958664547,2.09866904602,0.964253345467,0.518282988871,1.87867287326,0.863174022847,0.470588235294,0.786197569093,0.41766745858,2.25,1.88235294118,0.786197569093,2.25,0.166339869281,0.0612244897959,3,0.00441176470588,0.185952380952,17,17,17,1,0,0.352941176471,0.411764705882,0.235294117647,17,0.128676470588,1.90196078431,4.11764705882,3.18181818182,2.69230769231,1.57648156274,0.382859808093,0.201680672269,2.01465221053,0.978545359402,0.524369747899,1.74894926439,0.849489642704,0.463865546218,0.814492905316,0.428238537847,2.33333333333,1.90196078431,0.814492905316,2.33333333333,0,0,0,0,0.164242424242,17,17,17,1,0,0.352941176471,0.411764705882,0.235294117647,17,37,0.136029411765,1.88235294118,4.35294117647,3.36363636364,2.84615384615,1.69341284359,0.389027274878,0.193958664547,2.09866904602,0.964253345467,0.518282988871,1.87867287326,0.863174022847,0.470588235294,0.786197569093,0.41766745858,2.25,1.88235294118,0.786197569093,2.25,0.166339869281,0.0612244897959,3,0.00441176470588,0.185952380952,17,17,17,1,0,0.352941176471,0.411764705882,0.235294117647,0,0,0,0,0,0,0,0,0,0,0,0,0,0,0,0,0,0,0,0,0,0,0,0,0,0,0,0,0,37,0,0,235,1,1,0,0,1,1,1,1,1,1,2,2,0,0,0,0
1306,WLNM_dir_neg,0.75,0.416666666667,00:00:01,10,30,46,1981780319,threshold_sweep,0.1,0.666666666667,1,0.8,2,1,0,3,1,0.75,0.25,0,0.666666666667,1,0.8,0.833333333333,0.5,0.666666666667,0.707106781187,0.75,37,35,2,0,37,0,35,0,2,17,37,0.136029411765,1.88235294118,4.35294117647,3.36363636364,2.84615384615,1.69341284359,0.389027274878,0.193958664547,2.09866904602,0.964253345467,0.518282988871,1.87867287326,0.863174022847,0.470588235294,0.786197569093,0.41766745858,2.25,1.88235294118,0.786197569093,2.25,0.166339869281,0.0612244897959,3,0.00441176470588,0.185952380952,17,17,17,1,0,0.352941176471,0.411764705882,0.235294117647,17,0.128676470588,1.90196078431,4.11764705882,3.18181818182,2.69230769231,1.57648156274,0.382859808093,0.201680672269,2.01465221053,0.978545359402,0.524369747899,1.74894926439,0.849489642704,0.463865546218,0.814492905316,0.428238537847,2.33333333333,1.90196078431,0.814492905316,2.33333333333,0,0,0,0,0.164242424242,17,17,17,1,0,0.352941176471,0.411764705882,0.235294117647,17,38,0.139705882353,2.09294117647,4.47058823529,3.16666666667,2.92307692308,1.62471716996,0.36342357749,0.179566563467,2.04723630062,0.915868871331,0.495356037152,1.88843227853,0.84482496671,0.461300309598,0.8705082187,0.415925793083,2.45,2.09294117647,0.8705082187,2.45,0.166339869281,0.0588235294118,3,0.00441176470588,0.161778499278,17,17,17,1,0,0.294117647059,0.470588235294,0.235294117647,1,0.00367647058824,0.210588235294,0.117647058824,-0.19696969697,0.0769230769231,-0.0686956736295,-0.0256036973876,-0.0143921010794,-0.0514327453931,-0.0483844741355,-0.0229269517195,0.00975940527302,-0.018349056137,-0.00928792569659,0.084310649607,-0.00174166549743,0.2,0.210588235294,0.084310649607,0.2,0,-0.00240096038415,0,0,-0.0241738816739,-0.0588235294118,0.0588235294118,0,37,1,0,234,1,0.995744680851,0.00425531914894,0,0.973684210526,1,0.986666666667,0.984652666406,0.995744680851,0.973684210526,3,2,0,0,0,0
1307,WLNM_dir_neg,0.75,0.416666666667,00:00:01,10,30,46,1981780319,threshold_sweep,0.2,0.666666666667,1,0.8,2,1,0,3,1,0.75,0.25,0,0.666666666667,1,0.8,0.833333333333,0.5,0.666666666667,0.707106781187,0.75,37,35,2,0,37,0,35,0,2,17,37,0.136029411765,1.88235294118,4.35294117647,3.36363636364,2.84615384615,1.69341284359,0.389027274878,0.193958664547,2.09866904602,0.964253345467,0.518282988871,1.87867287326,0.863174022847,0.470588235294,0.786197569093,0.41766745858,2.25,1.88235294118,0.786197569093,2.25,0.166339869281,0.0612244897959,3,0.00441176470588,0.185952380952,17,17,17,1,0,0.352941176471,0.411764705882,0.235294117647,17,0.128676470588,1.90196078431,4.11764705882,3.18181818182,2.69230769231,1.57648156274,0.382859808093,0.201680672269,2.01465221053,0.978545359402,0.524369747899,1.74894926439,0.849489642704,0.463865546218,0.814492905316,0.428238537847,2.33333333333,1.90196078431,0.814492905316,2.33333333333,0,0,0,0,0.164242424242,17,17,17,1,0,0.352941176471,0.411764705882,0.235294117647,17,38,0.139705882353,2.09294117647,4.47058823529,3.16666666667,2.92307692308,1.62471716996,0.36342357749,0.179566563467,2.04723630062,0.915868871331,0.495356037152,1.88843227853,0.84482496671,0.461300309598,0.8705082187,0.415925793083,2.45,2.09294117647,0.8705082187,2.45,0.166339869281,0.0588235294118,3,0.00441176470588,0.161778499278,17,17,17,1,0,0.294117647059,0.470588235294,0.235294117647,1,0.00367647058824,0.210588235294,0.117647058824,-0.19696969697,0.0769230769231,-0.0686956736295,-0.0256036973876,-0.0143921010794,-0.0514327453931,-0.0483844741355,-0.0229269517195,0.00975940527302,-0.018349056137,-0.00928792569659,0.084310649607,-0.00174166549743,0.2,0.210588235294,0.084310649607,0.2,0,-0.00240096038415,0,0,-0.0241738816739,-0.0588235294118,0.0588235294118,0,37,1,0,234,1,0.995744680851,0.00425531914894,0,0.973684210526,1,0.986666666667,0.984652666406,0.995744680851,0.973684210526,3,2,0,0,0,0
1308,WLNM_dir_neg,0.75,0.416666666667,00:00:01,10,30,46,1981780319,threshold_sweep,0.3,0.666666666667,1,0.8,2,1,0,3,1,0.75,0.25,0,0.666666666667,1,0.8,0.833333333333,0.5,0.666666666667,0.707106781187,0.75,37,35,2,0,37,0,35,0,2,17,37,0.136029411765,1.88235294118,4.35294117647,3.36363636364,2.84615384615,1.69341284359,0.389027274878,0.193958664547,2.09866904602,0.964253345467,0.518282988871,1.87867287326,0.863174022847,0.470588235294,0.786197569093,0.41766745858,2.25,1.88235294118,0.786197569093,2.25,0.166339869281,0.0612244897959,3,0.00441176470588,0.185952380952,17,17,17,1,0,0.352941176471,0.411764705882,0.235294117647,17,0.128676470588,1.90196078431,4.11764705882,3.18181818182,2.69230769231,1.57648156274,0.382859808093,0.201680672269,2.01465221053,0.978545359402,0.524369747899,1.74894926439,0.849489642704,0.463865546218,0.814492905316,0.428238537847,2.33333333333,1.90196078431,0.814492905316,2.33333333333,0,0,0,0,0.164242424242,17,17,17,1,0,0.352941176471,0.411764705882,0.235294117647,17,38,0.139705882353,2.09294117647,4.47058823529,3.16666666667,2.92307692308,1.62471716996,0.36342357749,0.179566563467,2.04723630062,0.915868871331,0.495356037152,1.88843227853,0.84482496671,0.461300309598,0.8705082187,0.415925793083,2.45,2.09294117647,0.8705082187,2.45,0.166339869281,0.0588235294118,3,0.00441176470588,0.161778499278,17,17,17,1,0,0.294117647059,0.470588235294,0.235294117647,1,0.00367647058824,0.210588235294,0.117647058824,-0.19696969697,0.0769230769231,-0.0686956736295,-0.0256036973876,-0.0143921010794,-0.0514327453931,-0.0483844741355,-0.0229269517195,0.00975940527302,-0.018349056137,-0.00928792569659,0.084310649607,-0.00174166549743,0.2,0.210588235294,0.084310649607,0.2,0,-0.00240096038415,0,0,-0.0241738816739,-0.0588235294118,0.0588235294118,0,37,1,0,234,1,0.995744680851,0.00425531914894,0,0.973684210526,1,0.986666666667,0.984652666406,0.995744680851,0.973684210526,3,2,0,0,0,0
1309,WLNM_dir_neg,0.75,0.416666666667,00:00:01,10,30,46,1981780319,threshold_sweep,0.4,0.666666666667,1,0.8,2,1,0,3,1,0.75,0.25,0,0.666666666667,1,0.8,0.833333333333,0.5,0.666666666667,0.707106781187,0.75,37,35,2,0,37,0,35,0,2,17,37,0.136029411765,1.88235294118,4.35294117647,3.36363636364,2.84615384615,1.69341284359,0.389027274878,0.193958664547,2.09866904602,0.964253345467,0.518282988871,1.87867287326,0.863174022847,0.470588235294,0.786197569093,0.41766745858,2.25,1.88235294118,0.786197569093,2.25,0.166339869281,0.0612244897959,3,0.00441176470588,0.185952380952,17,17,17,1,0,0.352941176471,0.411764705882,0.235294117647,17,0.128676470588,1.90196078431,4.11764705882,3.18181818182,2.69230769231,1.57648156274,0.382859808093,0.201680672269,2.01465221053,0.978545359402,0.524369747899,1.74894926439,0.849489642704,0.463865546218,0.814492905316,0.428238537847,2.33333333333,1.90196078431,0.814492905316,2.33333333333,0,0,0,0,0.164242424242,17,17,17,1,0,0.352941176471,0.411764705882,0.235294117647,17,38,0.139705882353,2.09294117647,4.47058823529,3.16666666667,2.92307692308,1.62471716996,0.36342357749,0.179566563467,2.04723630062,0.915868871331,0.495356037152,1.88843227853,0.84482496671,0.461300309598,0.8705082187,0.415925793083,2.45,2.09294117647,0.8705082187,2.45,0.166339869281,0.0588235294118,3,0.00441176470588,0.161778499278,17,17,17,1,0,0.294117647059,0.470588235294,0.235294117647,1,0.00367647058824,0.210588235294,0.117647058824,-0.19696969697,0.0769230769231,-0.0686956736295,-0.0256036973876,-0.0143921010794,-0.0514327453931,-0.0483844741355,-0.0229269517195,0.00975940527302,-0.018349056137,-0.00928792569659,0.084310649607,-0.00174166549743,0.2,0.210588235294,0.084310649607,0.2,0,-0.00240096038415,0,0,-0.0241738816739,-0.0588235294118,0.0588235294118,0,37,1,0,234,1,0.995744680851,0.00425531914894,0,0.973684210526,1,0.986666666667,0.984652666406,0.995744680851,0.973684210526,3,2,0,0,0,0
1310,WLNM_dir_neg,0.75,0.416666666667,00:00:01,10,30,46,1981780319,threshold_sweep,0.5,0.666666666667,1,0.8,2,1,0,3,1,0.75,0.25,0,0.666666666667,1,0.8,0.833333333333,0.5,0.666666666667,0.707106781187,0.75,37,35,2,0,37,0,35,0,2,17,37,0.136029411765,1.88235294118,4.35294117647,3.36363636364,2.84615384615,1.69341284359,0.389027274878,0.193958664547,2.09866904602,0.964253345467,0.518282988871,1.87867287326,0.863174022847,0.470588235294,0.786197569093,0.41766745858,2.25,1.88235294118,0.786197569093,2.25,0.166339869281,0.0612244897959,3,0.00441176470588,0.185952380952,17,17,17,1,0,0.352941176471,0.411764705882,0.235294117647,17,0.128676470588,1.90196078431,4.11764705882,3.18181818182,2.69230769231,1.57648156274,0.382859808093,0.201680672269,2.01465221053,0.978545359402,0.524369747899,1.74894926439,0.849489642704,0.463865546218,0.814492905316,0.428238537847,2.33333333333,1.90196078431,0.814492905316,2.33333333333,0,0,0,0,0.164242424242,17,17,17,1,0,0.352941176471,0.411764705882,0.235294117647,17,38,0.139705882353,2.09294117647,4.47058823529,3.16666666667,2.92307692308,1.62471716996,0.36342357749,0.179566563467,2.04723630062,0.915868871331,0.495356037152,1.88843227853,0.84482496671,0.461300309598,0.8705082187,0.415925793083,2.45,2.09294117647,0.8705082187,2.45,0.166339869281,0.0588235294118,3,0.00441176470588,0.161778499278,17,17,17,1,0,0.294117647059,0.470588235294,0.235294117647,1,0.00367647058824,0.210588235294,0.117647058824,-0.19696969697,0.0769230769231,-0.0686956736295,-0.0256036973876,-0.0143921010794,-0.0514327453931,-0.0483844741355,-0.0229269517195,0.00975940527302,-0.018349056137,-0.00928792569659,0.084310649607,-0.00174166549743,0.2,0.210588235294,0.084310649607,0.2,0,-0.00240096038415,0,0,-0.0241738816739,-0.0588235294118,0.0588235294118,0,37,1,0,234,1,0.995744680851,0.00425531914894,0,0.973684210526,1,0.986666666667,0.984652666406,0.995744680851,0.973684210526,3,2,0,0,0,0
1311,WLNM_dir_neg,0.75,0.416666666667,00:00:01,10,30,46,1981780319,threshold_sweep,0.6,0.5,0.5,0.5,1,1,1,3,0.5,0.75,0.25,0.5,0.5,0.5,0.5,0.666666666667,0.555555555556,0.25,0.25,0.25,37,35,2,0,37,0,35,0,2,17,37,0.136029411765,1.88235294118,4.35294117647,3.36363636364,2.84615384615,1.69341284359,0.389027274878,0.193958664547,2.09866904602,0.964253345467,0.518282988871,1.87867287326,0.863174022847,0.470588235294,0.786197569093,0.41766745858,2.25,1.88235294118,0.786197569093,2.25,0.166339869281,0.0612244897959,3,0.00441176470588,0.185952380952,17,17,17,1,0,0.352941176471,0.411764705882,0.235294117647,17,0.128676470588,1.90196078431,4.11764705882,3.18181818182,2.69230769231,1.57648156274,0.382859808093,0.201680672269,2.01465221053,0.978545359402,0.524369747899,1.74894926439,0.849489642704,0.463865546218,0.814492905316,0.428238537847,2.33333333333,1.90196078431,0.814492905316,2.33333333333,0,0,0,0,0.164242424242,17,17,17,1,0,0.352941176471,0.411764705882,0.235294117647,17,37,0.136029411765,2.10960784314,4.35294117647,3.08333333333,2.84615384615,1.65609391606,0.380454007744,0.190779014308,2.00733947421,0.92229110977,0.49920508744,1.81091462104,0.832041852911,0.454689984102,0.888436424876,0.421138188202,2.45,2.10960784314,0.888436424876,2.45,0.0702614379085,0.0205479452055,1,0.00147058823529,0.15303030303,17,17,17,1,0,0.294117647059,0.470588235294,0.235294117647,0,0,0.227254901961,0,-0.280303030303,0,-0.0373189275226,-0.00857326713358,-0.00317965023847,-0.09132957181,-0.0419622356965,-0.0190779014308,-0.0677582522128,-0.0311321699356,-0.0158982511924,0.102238855783,0.0034707296216,0.2,0.227254901961,0.102238855783,0.2,-0.0960784313725,-0.0406765445904,-2,-0.00294117647059,-0.0329220779221,-0.0588235294118,0.0588235294118,0,36,1,1,234,0.972972972973,0.995744680851,0.00425531914894,0.027027027027,0.972972972973,0.972972972973,0.972972972973,0.968717653824,0.968717653824,0.947368421053,2,2,0,0,0,0
1312,WLNM_dir_neg,0.75,0.416666666667,00:00:01,10,30,46,1981780319,threshold_sweep,0.7,0.5,0.5,0.5,1,1,1,3,0.5,0.75,0.25,0.5,0.5,0.5,0.5,0.666666666667,0.555555555556,0.25,0.25,0.25,37,35,2,0,37,0,35,0,2,17,37,0.136029411765,1.88235294118,4.35294117647,3.36363636364,2.84615384615,1.69341284359,0.389027274878,0.193958664547,2.09866904602,0.964253345467,0.518282988871,1.87867287326,0.863174022847,0.470588235294,0.786197569093,0.41766745858,2.25,1.88235294118,0.786197569093,2.25,0.166339869281,0.0612244897959,3,0.00441176470588,0.185952380952,17,17,17,1,0,0.352941176471,0.411764705882,0.235294117647,17,0.128676470588,1.90196078431,4.11764705882,3.18181818182,2.69230769231,1.57648156274,0.382859808093,0.201680672269,2.01465221053,0.978545359402,0.524369747899,1.74894926439,0.849489642704,0.463865546218,0.814492905316,0.428238537847,2.33333333333,1.90196078431,0.814492905316,2.33333333333,0,0,0,0,0.164242424242,17,17,17,1,0,0.352941176471,0.411764705882,0.235294117647,17,37,0.136029411765,2.10960784314,4.35294117647,3.08333333333,2.84615384615,1.65609391606,0.380454007744,0.190779014308,2.00733947421,0.92229110977,0.49920508744,1.81091462104,0.832041852911,0.454689984102,0.888436424876,0.421138188202,2.45,2.10960784314,0.888436424876,2.45,0.0702614379085,0.0205479452055,1,0.00147058823529,0.15303030303,17,17,17,1,0,0.294117647059,0.470588235294,0.235294117647,0,0,0.227254901961,0,-0.280303030303,0,-0.0373189275226,-0.00857326713358,-0.00317965023847,-0.09132957181,-0.0419622356965,-0.0190779014308,-0.0677582522128,-0.0311321699356,-0.0158982511924,0.102238855783,0.0034707296216,0.2,0.227254901961,0.102238855783,0.2,-0.0960784313725,-0.0406765445904,-2,-0.00294117647059,-0.0329220779221,-0.0588235294118,0.0588235294118,0,36,1,1,234,0.972972972973,0.995744680851,0.00425531914894,0.027027027027,0.972972972973,0.972972972973,0.972972972973,0.968717653824,0.968717653824,0.947368421053,2,2,0,0,0,0
1313,WLNM_dir_neg,0.75,0.416666666667,00:00:01,10,30,46,1981780319,threshold_sweep,0.8,0.5,0.5,0.5,1,1,1,3,0.5,0.75,0.25,0.5,0.5,0.5,0.5,0.666666666667,0.555555555556,0.25,0.25,0.25,37,35,2,0,37,0,35,0,2,17,37,0.136029411765,1.88235294118,4.35294117647,3.36363636364,2.84615384615,1.69341284359,0.389027274878,0.193958664547,2.09866904602,0.964253345467,0.518282988871,1.87867287326,0.863174022847,0.470588235294,0.786197569093,0.41766745858,2.25,1.88235294118,0.786197569093,2.25,0.166339869281,0.0612244897959,3,0.00441176470588,0.185952380952,17,17,17,1,0,0.352941176471,0.411764705882,0.235294117647,17,0.128676470588,1.90196078431,4.11764705882,3.18181818182,2.69230769231,1.57648156274,0.382859808093,0.201680672269,2.01465221053,0.978545359402,0.524369747899,1.74894926439,0.849489642704,0.463865546218,0.814492905316,0.428238537847,2.33333333333,1.90196078431,0.814492905316,2.33333333333,0,0,0,0,0.164242424242,17,17,17,1,0,0.352941176471,0.411764705882,0.235294117647,17,37,0.136029411765,2.10960784314,4.35294117647,3.08333333333,2.84615384615,1.65609391606,0.380454007744,0.190779014308,2.00733947421,0.92229110977,0.49920508744,1.81091462104,0.832041852911,0.454689984102,0.888436424876,0.421138188202,2.45,2.10960784314,0.888436424876,2.45,0.0702614379085,0.0205479452055,1,0.00147058823529,0.15303030303,17,17,17,1,0,0.294117647059,0.470588235294,0.235294117647,0,0,0.227254901961,0,-0.280303030303,0,-0.0373189275226,-0.00857326713358,-0.00317965023847,-0.09132957181,-0.0419622356965,-0.0190779014308,-0.0677582522128,-0.0311321699356,-0.0158982511924,0.102238855783,0.0034707296216,0.2,0.227254901961,0.102238855783,0.2,-0.0960784313725,-0.0406765445904,-2,-0.00294117647059,-0.0329220779221,-0.0588235294118,0.0588235294118,0,36,1,1,234,0.972972972973,0.995744680851,0.00425531914894,0.027027027027,0.972972972973,0.972972972973,0.972972972973,0.968717653824,0.968717653824,0.947368421053,2,2,0,0,0,0
1314,WLNM_dir_neg,0.75,0.416666666667,00:00:01,10,30,46,1981780319,threshold_sweep,0.9,0.5,0.5,0.5,1,1,1,3,0.5,0.75,0.25,0.5,0.5,0.5,0.5,0.666666666667,0.555555555556,0.25,0.25,0.25,37,35,2,0,37,0,35,0,2,17,37,0.136029411765,1.88235294118,4.35294117647,3.36363636364,2.84615384615,1.69341284359,0.389027274878,0.193958664547,2.09866904602,0.964253345467,0.518282988871,1.87867287326,0.863174022847,0.470588235294,0.786197569093,0.41766745858,2.25,1.88235294118,0.786197569093,2.25,0.166339869281,0.0612244897959,3,0.00441176470588,0.185952380952,17,17,17,1,0,0.352941176471,0.411764705882,0.235294117647,17,0.128676470588,1.90196078431,4.11764705882,3.18181818182,2.69230769231,1.57648156274,0.382859808093,0.201680672269,2.01465221053,0.978545359402,0.524369747899,1.74894926439,0.849489642704,0.463865546218,0.814492905316,0.428238537847,2.33333333333,1.90196078431,0.814492905316,2.33333333333,0,0,0,0,0.164242424242,17,17,17,1,0,0.352941176471,0.411764705882,0.235294117647,17,37,0.136029411765,2.10960784314,4.35294117647,3.08333333333,2.84615384615,1.65609391606,0.380454007744,0.190779014308,2.00733947421,0.92229110977,0.49920508744,1.81091462104,0.832041852911,0.454689984102,0.888436424876,0.421138188202,2.45,2.10960784314,0.888436424876,2.45,0.0702614379085,0.0205479452055,1,0.00147058823529,0.15303030303,17,17,17,1,0,0.294117647059,0.470588235294,0.235294117647,0,0,0.227254901961,0,-0.280303030303,0,-0.0373189275226,-0.00857326713358,-0.00317965023847,-0.09132957181,-0.0419622356965,-0.0190779014308,-0.0677582522128,-0.0311321699356,-0.0158982511924,0.102238855783,0.0034707296216,0.2,0.227254901961,0.102238855783,0.2,-0.0960784313725,-0.0406765445904,-2,-0.00294117647059,-0.0329220779221,-0.0588235294118,0.0588235294118,0,36,1,1,234,0.972972972973,0.995744680851,0.00425531914894,0.027027027027,0.972972972973,0.972972972973,0.972972972973,0.968717653824,0.968717653824,0.947368421053,2,2,0,0,0,0
1315,WLNM_dir_neg,1,0.5,00:00:01,10,30,47,1981780320,threshold_sweep,0.1,1,1,1,2,0,0,4,1,1,0,0,1,1,1,1,0.555555555556,1,1,1,37,35,2,0,37,0,35,0,2,17,37,0.136029411765,1.88235294118,4.35294117647,3.36363636364,2.84615384615,1.69341284359,0.389027274878,0.193958664547,2.09866904602,0.964253345467,0.518282988871,1.87867287326,0.863174022847,0.470588235294,0.786197569093,0.41766745858,2.25,1.88235294118,0.786197569093,2.25,0.166339869281,0.0612244897959,3,0.00441176470588,0.185952380952,17,17,17,1,0,0.352941176471,0.411764705882,0.235294117647,17,0.128676470588,1.90196078431,4.11764705882,3.18181818182,2.69230769231,1.57648156274,0.382859808093,0.201680672269,2.01465221053,0.978545359402,0.524369747899,1.74894926439,0.849489642704,0.463865546218,0.814492905316,0.428238537847,2.33333333333,1.90196078431,0.814492905316,2.33333333333,0,0,0,0,0.164242424242,17,17,17,1,0,0.352941176471,0.411764705882,0.235294117647,17,37,0.136029411765,1.88235294118,4.35294117647,3.36363636364,2.84615384615,1.69341284359,0.389027274878,0.193958664547,2.09866904602,0.964253345467,0.518282988871,1.87867287326,0.863174022847,0.470588235294,0.786197569093,0.41766745858,2.25,1.88235294118,0.786197569093,2.25,0.166339869281,0.0612244897959,3,0.00441176470588,0.185952380952,17,17,17,1,0,0.352941176471,0.411764705882,0.235294117647,0,0,0,0,0,0,0,0,0,0,0,0,0,0,0,0,0,0,0,0,0,0,0,0,0,0,0,0,0,37,0,0,235,1,1,0,0,1,1,1,1,1,1,2,2,0,0,0,0
1316,WLNM_dir_neg,1,0.5,00:00:01,10,30,47,1981780320,threshold_sweep,0.2,1,1,1,2,0,0,4,1,1,0,0,1,1,1,1,0.555555555556,1,1,1,37,35,2,0,37,0,35,0,2,17,37,0.136029411765,1.88235294118,4.35294117647,3.36363636364,2.84615384615,1.69341284359,0.389027274878,0.193958664547,2.09866904602,0.964253345467,0.518282988871,1.87867287326,0.863174022847,0.470588235294,0.786197569093,0.41766745858,2.25,1.88235294118,0.786197569093,2.25,0.166339869281,0.0612244897959,3,0.00441176470588,0.185952380952,17,17,17,1,0,0.352941176471,0.411764705882,0.235294117647,17,0.128676470588,1.90196078431,4.11764705882,3.18181818182,2.69230769231,1.57648156274,0.382859808093,0.201680672269,2.01465221053,0.978545359402,0.524369747899,1.74894926439,0.849489642704,0.463865546218,0.814492905316,0.428238537847,2.33333333333,1.90196078431,0.814492905316,2.33333333333,0,0,0,0,0.164242424242,17,17,17,1,0,0.352941176471,0.411764705882,0.235294117647,17,37,0.136029411765,1.88235294118,4.35294117647,3.36363636364,2.84615384615,1.69341284359,0.389027274878,0.193958664547,2.09866904602,0.964253345467,0.518282988871,1.87867287326,0.863174022847,0.470588235294,0.786197569093,0.41766745858,2.25,1.88235294118,0.786197569093,2.25,0.166339869281,0.0612244897959,3,0.00441176470588,0.185952380952,17,17,17,1,0,0.352941176471,0.411764705882,0.235294117647,0,0,0,0,0,0,0,0,0,0,0,0,0,0,0,0,0,0,0,0,0,0,0,0,0,0,0,0,0,37,0,0,235,1,1,0,0,1,1,1,1,1,1,2,2,0,0,0,0
1317,WLNM_dir_neg,1,0.5,00:00:01,10,30,47,1981780320,threshold_sweep,0.3,1,1,1,2,0,0,4,1,1,0,0,1,1,1,1,0.555555555556,1,1,1,37,35,2,0,37,0,35,0,2,17,37,0.136029411765,1.88235294118,4.35294117647,3.36363636364,2.84615384615,1.69341284359,0.389027274878,0.193958664547,2.09866904602,0.964253345467,0.518282988871,1.87867287326,0.863174022847,0.470588235294,0.786197569093,0.41766745858,2.25,1.88235294118,0.786197569093,2.25,0.166339869281,0.0612244897959,3,0.00441176470588,0.185952380952,17,17,17,1,0,0.352941176471,0.411764705882,0.235294117647,17,0.128676470588,1.90196078431,4.11764705882,3.18181818182,2.69230769231,1.57648156274,0.382859808093,0.201680672269,2.01465221053,0.978545359402,0.524369747899,1.74894926439,0.849489642704,0.463865546218,0.814492905316,0.428238537847,2.33333333333,1.90196078431,0.814492905316,2.33333333333,0,0,0,0,0.164242424242,17,17,17,1,0,0.352941176471,0.411764705882,0.235294117647,17,37,0.136029411765,1.88235294118,4.35294117647,3.36363636364,2.84615384615,1.69341284359,0.389027274878,0.193958664547,2.09866904602,0.964253345467,0.518282988871,1.87867287326,0.863174022847,0.470588235294,0.786197569093,0.41766745858,2.25,1.88235294118,0.786197569093,2.25,0.166339869281,0.0612244897959,3,0.00441176470588,0.185952380952,17,17,17,1,0,0.352941176471,0.411764705882,0.235294117647,0,0,0,0,0,0,0,0,0,0,0,0,0,0,0,0,0,0,0,0,0,0,0,0,0,0,0,0,0,37,0,0,235,1,1,0,0,1,1,1,1,1,1,2,2,0,0,0,0
1318,WLNM_dir_neg,1,0.5,00:00:01,10,30,47,1981780320,threshold_sweep,0.4,1,1,1,2,0,0,4,1,1,0,0,1,1,1,1,0.555555555556,1,1,1,37,35,2,0,37,0,35,0,2,17,37,0.136029411765,1.88235294118,4.35294117647,3.36363636364,2.84615384615,1.69341284359,0.389027274878,0.193958664547,2.09866904602,0.964253345467,0.518282988871,1.87867287326,0.863174022847,0.470588235294,0.786197569093,0.41766745858,2.25,1.88235294118,0.786197569093,2.25,0.166339869281,0.0612244897959,3,0.00441176470588,0.185952380952,17,17,17,1,0,0.352941176471,0.411764705882,0.235294117647,17,0.128676470588,1.90196078431,4.11764705882,3.18181818182,2.69230769231,1.57648156274,0.382859808093,0.201680672269,2.01465221053,0.978545359402,0.524369747899,1.74894926439,0.849489642704,0.463865546218,0.814492905316,0.428238537847,2.33333333333,1.90196078431,0.814492905316,2.33333333333,0,0,0,0,0.164242424242,17,17,17,1,0,0.352941176471,0.411764705882,0.235294117647,17,37,0.136029411765,1.88235294118,4.35294117647,3.36363636364,2.84615384615,1.69341284359,0.389027274878,0.193958664547,2.09866904602,0.964253345467,0.518282988871,1.87867287326,0.863174022847,0.470588235294,0.786197569093,0.41766745858,2.25,1.88235294118,0.786197569093,2.25,0.166339869281,0.0612244897959,3,0.00441176470588,0.185952380952,17,17,17,1,0,0.352941176471,0.411764705882,0.235294117647,0,0,0,0,0,0,0,0,0,0,0,0,0,0,0,0,0,0,0,0,0,0,0,0,0,0,0,0,0,37,0,0,235,1,1,0,0,1,1,1,1,1,1,2,2,0,0,0,0
1319,WLNM_dir_neg,1,0.5,00:00:01,10,30,47,1981780320,threshold_sweep,0.5,1,1,1,2,0,0,4,1,1,0,0,1,1,1,1,0.555555555556,1,1,1,37,35,2,0,37,0,35,0,2,17,37,0.136029411765,1.88235294118,4.35294117647,3.36363636364,2.84615384615,1.69341284359,0.389027274878,0.193958664547,2.09866904602,0.964253345467,0.518282988871,1.87867287326,0.863174022847,0.470588235294,0.786197569093,0.41766745858,2.25,1.88235294118,0.786197569093,2.25,0.166339869281,0.0612244897959,3,0.00441176470588,0.185952380952,17,17,17,1,0,0.352941176471,0.411764705882,0.235294117647,17,0.128676470588,1.90196078431,4.11764705882,3.18181818182,2.69230769231,1.57648156274,0.382859808093,0.201680672269,2.01465221053,0.978545359402,0.524369747899,1.74894926439,0.849489642704,0.463865546218,0.814492905316,0.428238537847,2.33333333333,1.90196078431,0.814492905316,2.33333333333,0,0,0,0,0.164242424242,17,17,17,1,0,0.352941176471,0.411764705882,0.235294117647,17,37,0.136029411765,1.88235294118,4.35294117647,3.36363636364,2.84615384615,1.69341284359,0.389027274878,0.193958664547,2.09866904602,0.964253345467,0.518282988871,1.87867287326,0.863174022847,0.470588235294,0.786197569093,0.41766745858,2.25,1.88235294118,0.786197569093,2.25,0.166339869281,0.0612244897959,3,0.00441176470588,0.185952380952,17,17,17,1,0,0.352941176471,0.411764705882,0.235294117647,0,0,0,0,0,0,0,0,0,0,0,0,0,0,0,0,0,0,0,0,0,0,0,0,0,0,0,0,0,37,0,0,235,1,1,0,0,1,1,1,1,1,1,2,2,0,0,0,0
1320,WLNM_dir_neg,1,0.5,00:00:01,10,30,47,1981780320,threshold_sweep,0.6,1,1,1,2,0,0,4,1,1,0,0,1,1,1,1,0.555555555556,1,1,1,37,35,2,0,37,0,35,0,2,17,37,0.136029411765,1.88235294118,4.35294117647,3.36363636364,2.84615384615,1.69341284359,0.389027274878,0.193958664547,2.09866904602,0.964253345467,0.518282988871,1.87867287326,0.863174022847,0.470588235294,0.786197569093,0.41766745858,2.25,1.88235294118,0.786197569093,2.25,0.166339869281,0.0612244897959,3,0.00441176470588,0.185952380952,17,17,17,1,0,0.352941176471,0.411764705882,0.235294117647,17,0.128676470588,1.90196078431,4.11764705882,3.18181818182,2.69230769231,1.57648156274,0.382859808093,0.201680672269,2.01465221053,0.978545359402,0.524369747899,1.74894926439,0.849489642704,0.463865546218,0.814492905316,0.428238537847,2.33333333333,1.90196078431,0.814492905316,2.33333333333,0,0,0,0,0.164242424242,17,17,17,1,0,0.352941176471,0.411764705882,0.235294117647,17,37,0.136029411765,1.88235294118,4.35294117647,3.36363636364,2.84615384615,1.69341284359,0.389027274878,0.193958664547,2.09866904602,0.964253345467,0.518282988871,1.87867287326,0.863174022847,0.470588235294,0.786197569093,0.41766745858,2.25,1.88235294118,0.786197569093,2.25,0.166339869281,0.0612244897959,3,0.00441176470588,0.185952380952,17,17,17,1,0,0.352941176471,0.411764705882,0.235294117647,0,0,0,0,0,0,0,0,0,0,0,0,0,0,0,0,0,0,0,0,0,0,0,0,0,0,0,0,0,37,0,0,235,1,1,0,0,1,1,1,1,1,1,2,2,0,0,0,0
1321,WLNM_dir_neg,1,0.5,00:00:01,10,30,47,1981780320,threshold_sweep,0.7,1,1,1,2,0,0,4,1,1,0,0,1,1,1,1,0.555555555556,1,1,1,37,35,2,0,37,0,35,0,2,17,37,0.136029411765,1.88235294118,4.35294117647,3.36363636364,2.84615384615,1.69341284359,0.389027274878,0.193958664547,2.09866904602,0.964253345467,0.518282988871,1.87867287326,0.863174022847,0.470588235294,0.786197569093,0.41766745858,2.25,1.88235294118,0.786197569093,2.25,0.166339869281,0.0612244897959,3,0.00441176470588,0.185952380952,17,17,17,1,0,0.352941176471,0.411764705882,0.235294117647,17,0.128676470588,1.90196078431,4.11764705882,3.18181818182,2.69230769231,1.57648156274,0.382859808093,0.201680672269,2.01465221053,0.978545359402,0.524369747899,1.74894926439,0.849489642704,0.463865546218,0.814492905316,0.428238537847,2.33333333333,1.90196078431,0.814492905316,2.33333333333,0,0,0,0,0.164242424242,17,17,17,1,0,0.352941176471,0.411764705882,0.235294117647,17,37,0.136029411765,1.88235294118,4.35294117647,3.36363636364,2.84615384615,1.69341284359,0.389027274878,0.193958664547,2.09866904602,0.964253345467,0.518282988871,1.87867287326,0.863174022847,0.470588235294,0.786197569093,0.41766745858,2.25,1.88235294118,0.786197569093,2.25,0.166339869281,0.0612244897959,3,0.00441176470588,0.185952380952,17,17,17,1,0,0.352941176471,0.411764705882,0.235294117647,0,0,0,0,0,0,0,0,0,0,0,0,0,0,0,0,0,0,0,0,0,0,0,0,0,0,0,0,0,37,0,0,235,1,1,0,0,1,1,1,1,1,1,2,2,0,0,0,0
1322,WLNM_dir_neg,1,0.5,00:00:01,10,30,47,1981780320,threshold_sweep,0.8,1,1,1,2,0,0,4,1,1,0,0,1,1,1,1,0.555555555556,1,1,1,37,35,2,0,37,0,35,0,2,17,37,0.136029411765,1.88235294118,4.35294117647,3.36363636364,2.84615384615,1.69341284359,0.389027274878,0.193958664547,2.09866904602,0.964253345467,0.518282988871,1.87867287326,0.863174022847,0.470588235294,0.786197569093,0.41766745858,2.25,1.88235294118,0.786197569093,2.25,0.166339869281,0.0612244897959,3,0.00441176470588,0.185952380952,17,17,17,1,0,0.352941176471,0.411764705882,0.235294117647,17,0.128676470588,1.90196078431,4.11764705882,3.18181818182,2.69230769231,1.57648156274,0.382859808093,0.201680672269,2.01465221053,0.978545359402,0.524369747899,1.74894926439,0.849489642704,0.463865546218,0.814492905316,0.428238537847,2.33333333333,1.90196078431,0.814492905316,2.33333333333,0,0,0,0,0.164242424242,17,17,17,1,0,0.352941176471,0.411764705882,0.235294117647,17,37,0.136029411765,1.88235294118,4.35294117647,3.36363636364,2.84615384615,1.69341284359,0.389027274878,0.193958664547,2.09866904602,0.964253345467,0.518282988871,1.87867287326,0.863174022847,0.470588235294,0.786197569093,0.41766745858,2.25,1.88235294118,0.786197569093,2.25,0.166339869281,0.0612244897959,3,0.00441176470588,0.185952380952,17,17,17,1,0,0.352941176471,0.411764705882,0.235294117647,0,0,0,0,0,0,0,0,0,0,0,0,0,0,0,0,0,0,0,0,0,0,0,0,0,0,0,0,0,37,0,0,235,1,1,0,0,1,1,1,1,1,1,2,2,0,0,0,0
1323,WLNM_dir_neg,1,0.5,00:00:01,10,30,47,1981780320,threshold_sweep,0.9,1,1,1,2,0,0,4,1,1,0,0,1,1,1,1,0.555555555556,1,1,1,37,35,2,0,37,0,35,0,2,17,37,0.136029411765,1.88235294118,4.35294117647,3.36363636364,2.84615384615,1.69341284359,0.389027274878,0.193958664547,2.09866904602,0.964253345467,0.518282988871,1.87867287326,0.863174022847,0.470588235294,0.786197569093,0.41766745858,2.25,1.88235294118,0.786197569093,2.25,0.166339869281,0.0612244897959,3,0.00441176470588,0.185952380952,17,17,17,1,0,0.352941176471,0.411764705882,0.235294117647,17,0.128676470588,1.90196078431,4.11764705882,3.18181818182,2.69230769231,1.57648156274,0.382859808093,0.201680672269,2.01465221053,0.978545359402,0.524369747899,1.74894926439,0.849489642704,0.463865546218,0.814492905316,0.428238537847,2.33333333333,1.90196078431,0.814492905316,2.33333333333,0,0,0,0,0.164242424242,17,17,17,1,0,0.352941176471,0.411764705882,0.235294117647,17,37,0.136029411765,1.88235294118,4.35294117647,3.36363636364,2.84615384615,1.69341284359,0.389027274878,0.193958664547,2.09866904602,0.964253345467,0.518282988871,1.87867287326,0.863174022847,0.470588235294,0.786197569093,0.41766745858,2.25,1.88235294118,0.786197569093,2.25,0.166339869281,0.0612244897959,3,0.00441176470588,0.185952380952,17,17,17,1,0,0.352941176471,0.411764705882,0.235294117647,0,0,0,0,0,0,0,0,0,0,0,0,0,0,0,0,0,0,0,0,0,0,0,0,0,0,0,0,0,37,0,0,235,1,1,0,0,1,1,1,1,1,1,2,2,0,0,0,0
1324,WLNM_dir_neg,1,0.5,00:00:01,10,30,48,1981780321,threshold_sweep,0.1,1,1,1,2,0,0,4,1,1,0,0,1,1,1,1,0.555555555556,1,1,1,37,35,2,0,37,0,35,0,2,17,37,0.136029411765,1.88235294118,4.35294117647,3.36363636364,2.84615384615,1.69341284359,0.389027274878,0.193958664547,2.09866904602,0.964253345467,0.518282988871,1.87867287326,0.863174022847,0.470588235294,0.786197569093,0.41766745858,2.25,1.88235294118,0.786197569093,2.25,0.166339869281,0.0612244897959,3,0.00441176470588,0.185952380952,17,17,17,1,0,0.352941176471,0.411764705882,0.235294117647,17,0.128676470588,1.90196078431,4.11764705882,3.18181818182,2.69230769231,1.57648156274,0.382859808093,0.201680672269,2.01465221053,0.978545359402,0.524369747899,1.74894926439,0.849489642704,0.463865546218,0.814492905316,0.428238537847,2.33333333333,1.90196078431,0.814492905316,2.33333333333,0,0,0,0,0.164242424242,17,17,17,1,0,0.352941176471,0.411764705882,0.235294117647,17,37,0.136029411765,1.88235294118,4.35294117647,3.36363636364,2.84615384615,1.69341284359,0.389027274878,0.193958664547,2.09866904602,0.964253345467,0.518282988871,1.87867287326,0.863174022847,0.470588235294,0.786197569093,0.41766745858,2.25,1.88235294118,0.786197569093,2.25,0.166339869281,0.0612244897959,3,0.00441176470588,0.185952380952,17,17,17,1,0,0.352941176471,0.411764705882,0.235294117647,0,0,0,0,0,0,0,0,0,0,0,0,0,0,0,0,0,0,0,0,0,0,0,0,0,0,0,0,0,37,0,0,235,1,1,0,0,1,1,1,1,1,1,2,2,0,0,0,0
1325,WLNM_dir_neg,1,0.5,00:00:01,10,30,48,1981780321,threshold_sweep,0.2,1,1,1,2,0,0,4,1,1,0,0,1,1,1,1,0.555555555556,1,1,1,37,35,2,0,37,0,35,0,2,17,37,0.136029411765,1.88235294118,4.35294117647,3.36363636364,2.84615384615,1.69341284359,0.389027274878,0.193958664547,2.09866904602,0.964253345467,0.518282988871,1.87867287326,0.863174022847,0.470588235294,0.786197569093,0.41766745858,2.25,1.88235294118,0.786197569093,2.25,0.166339869281,0.0612244897959,3,0.00441176470588,0.185952380952,17,17,17,1,0,0.352941176471,0.411764705882,0.235294117647,17,0.128676470588,1.90196078431,4.11764705882,3.18181818182,2.69230769231,1.57648156274,0.382859808093,0.201680672269,2.01465221053,0.978545359402,0.524369747899,1.74894926439,0.849489642704,0.463865546218,0.814492905316,0.428238537847,2.33333333333,1.90196078431,0.814492905316,2.33333333333,0,0,0,0,0.164242424242,17,17,17,1,0,0.352941176471,0.411764705882,0.235294117647,17,37,0.136029411765,1.88235294118,4.35294117647,3.36363636364,2.84615384615,1.69341284359,0.389027274878,0.193958664547,2.09866904602,0.964253345467,0.518282988871,1.87867287326,0.863174022847,0.470588235294,0.786197569093,0.41766745858,2.25,1.88235294118,0.786197569093,2.25,0.166339869281,0.0612244897959,3,0.00441176470588,0.185952380952,17,17,17,1,0,0.352941176471,0.411764705882,0.235294117647,0,0,0,0,0,0,0,0,0,0,0,0,0,0,0,0,0,0,0,0,0,0,0,0,0,0,0,0,0,37,0,0,235,1,1,0,0,1,1,1,1,1,1,2,2,0,0,0,0
1326,WLNM_dir_neg,1,0.5,00:00:01,10,30,48,1981780321,threshold_sweep,0.3,1,1,1,2,0,0,4,1,1,0,0,1,1,1,1,0.555555555556,1,1,1,37,35,2,0,37,0,35,0,2,17,37,0.136029411765,1.88235294118,4.35294117647,3.36363636364,2.84615384615,1.69341284359,0.389027274878,0.193958664547,2.09866904602,0.964253345467,0.518282988871,1.87867287326,0.863174022847,0.470588235294,0.786197569093,0.41766745858,2.25,1.88235294118,0.786197569093,2.25,0.166339869281,0.0612244897959,3,0.00441176470588,0.185952380952,17,17,17,1,0,0.352941176471,0.411764705882,0.235294117647,17,0.128676470588,1.90196078431,4.11764705882,3.18181818182,2.69230769231,1.57648156274,0.382859808093,0.201680672269,2.01465221053,0.978545359402,0.524369747899,1.74894926439,0.849489642704,0.463865546218,0.814492905316,0.428238537847,2.33333333333,1.90196078431,0.814492905316,2.33333333333,0,0,0,0,0.164242424242,17,17,17,1,0,0.352941176471,0.411764705882,0.235294117647,17,37,0.136029411765,1.88235294118,4.35294117647,3.36363636364,2.84615384615,1.69341284359,0.389027274878,0.193958664547,2.09866904602,0.964253345467,0.518282988871,1.87867287326,0.863174022847,0.470588235294,0.786197569093,0.41766745858,2.25,1.88235294118,0.786197569093,2.25,0.166339869281,0.0612244897959,3,0.00441176470588,0.185952380952,17,17,17,1,0,0.352941176471,0.411764705882,0.235294117647,0,0,0,0,0,0,0,0,0,0,0,0,0,0,0,0,0,0,0,0,0,0,0,0,0,0,0,0,0,37,0,0,235,1,1,0,0,1,1,1,1,1,1,2,2,0,0,0,0
1327,WLNM_dir_neg,1,0.5,00:00:01,10,30,48,1981780321,threshold_sweep,0.4,1,1,1,2,0,0,4,1,1,0,0,1,1,1,1,0.555555555556,1,1,1,37,35,2,0,37,0,35,0,2,17,37,0.136029411765,1.88235294118,4.35294117647,3.36363636364,2.84615384615,1.69341284359,0.389027274878,0.193958664547,2.09866904602,0.964253345467,0.518282988871,1.87867287326,0.863174022847,0.470588235294,0.786197569093,0.41766745858,2.25,1.88235294118,0.786197569093,2.25,0.166339869281,0.0612244897959,3,0.00441176470588,0.185952380952,17,17,17,1,0,0.352941176471,0.411764705882,0.235294117647,17,0.128676470588,1.90196078431,4.11764705882,3.18181818182,2.69230769231,1.57648156274,0.382859808093,0.201680672269,2.01465221053,0.978545359402,0.524369747899,1.74894926439,0.849489642704,0.463865546218,0.814492905316,0.428238537847,2.33333333333,1.90196078431,0.814492905316,2.33333333333,0,0,0,0,0.164242424242,17,17,17,1,0,0.352941176471,0.411764705882,0.235294117647,17,37,0.136029411765,1.88235294118,4.35294117647,3.36363636364,2.84615384615,1.69341284359,0.389027274878,0.193958664547,2.09866904602,0.964253345467,0.518282988871,1.87867287326,0.863174022847,0.470588235294,0.786197569093,0.41766745858,2.25,1.88235294118,0.786197569093,2.25,0.166339869281,0.0612244897959,3,0.00441176470588,0.185952380952,17,17,17,1,0,0.352941176471,0.411764705882,0.235294117647,0,0,0,0,0,0,0,0,0,0,0,0,0,0,0,0,0,0,0,0,0,0,0,0,0,0,0,0,0,37,0,0,235,1,1,0,0,1,1,1,1,1,1,2,2,0,0,0,0
1328,WLNM_dir_neg,1,0.5,00:00:01,10,30,48,1981780321,threshold_sweep,0.5,1,1,1,2,0,0,4,1,1,0,0,1,1,1,1,0.555555555556,1,1,1,37,35,2,0,37,0,35,0,2,17,37,0.136029411765,1.88235294118,4.35294117647,3.36363636364,2.84615384615,1.69341284359,0.389027274878,0.193958664547,2.09866904602,0.964253345467,0.518282988871,1.87867287326,0.863174022847,0.470588235294,0.786197569093,0.41766745858,2.25,1.88235294118,0.786197569093,2.25,0.166339869281,0.0612244897959,3,0.00441176470588,0.185952380952,17,17,17,1,0,0.352941176471,0.411764705882,0.235294117647,17,0.128676470588,1.90196078431,4.11764705882,3.18181818182,2.69230769231,1.57648156274,0.382859808093,0.201680672269,2.01465221053,0.978545359402,0.524369747899,1.74894926439,0.849489642704,0.463865546218,0.814492905316,0.428238537847,2.33333333333,1.90196078431,0.814492905316,2.33333333333,0,0,0,0,0.164242424242,17,17,17,1,0,0.352941176471,0.411764705882,0.235294117647,17,37,0.136029411765,1.88235294118,4.35294117647,3.36363636364,2.84615384615,1.69341284359,0.389027274878,0.193958664547,2.09866904602,0.964253345467,0.518282988871,1.87867287326,0.863174022847,0.470588235294,0.786197569093,0.41766745858,2.25,1.88235294118,0.786197569093,2.25,0.166339869281,0.0612244897959,3,0.00441176470588,0.185952380952,17,17,17,1,0,0.352941176471,0.411764705882,0.235294117647,0,0,0,0,0,0,0,0,0,0,0,0,0,0,0,0,0,0,0,0,0,0,0,0,0,0,0,0,0,37,0,0,235,1,1,0,0,1,1,1,1,1,1,2,2,0,0,0,0
1329,WLNM_dir_neg,1,0.5,00:00:01,10,30,48,1981780321,threshold_sweep,0.6,1,1,1,2,0,0,4,1,1,0,0,1,1,1,1,0.555555555556,1,1,1,37,35,2,0,37,0,35,0,2,17,37,0.136029411765,1.88235294118,4.35294117647,3.36363636364,2.84615384615,1.69341284359,0.389027274878,0.193958664547,2.09866904602,0.964253345467,0.518282988871,1.87867287326,0.863174022847,0.470588235294,0.786197569093,0.41766745858,2.25,1.88235294118,0.786197569093,2.25,0.166339869281,0.0612244897959,3,0.00441176470588,0.185952380952,17,17,17,1,0,0.352941176471,0.411764705882,0.235294117647,17,0.128676470588,1.90196078431,4.11764705882,3.18181818182,2.69230769231,1.57648156274,0.382859808093,0.201680672269,2.01465221053,0.978545359402,0.524369747899,1.74894926439,0.849489642704,0.463865546218,0.814492905316,0.428238537847,2.33333333333,1.90196078431,0.814492905316,2.33333333333,0,0,0,0,0.164242424242,17,17,17,1,0,0.352941176471,0.411764705882,0.235294117647,17,37,0.136029411765,1.88235294118,4.35294117647,3.36363636364,2.84615384615,1.69341284359,0.389027274878,0.193958664547,2.09866904602,0.964253345467,0.518282988871,1.87867287326,0.863174022847,0.470588235294,0.786197569093,0.41766745858,2.25,1.88235294118,0.786197569093,2.25,0.166339869281,0.0612244897959,3,0.00441176470588,0.185952380952,17,17,17,1,0,0.352941176471,0.411764705882,0.235294117647,0,0,0,0,0,0,0,0,0,0,0,0,0,0,0,0,0,0,0,0,0,0,0,0,0,0,0,0,0,37,0,0,235,1,1,0,0,1,1,1,1,1,1,2,2,0,0,0,0
1330,WLNM_dir_neg,1,0.5,00:00:01,10,30,48,1981780321,threshold_sweep,0.7,1,1,1,2,0,0,4,1,1,0,0,1,1,1,1,0.555555555556,1,1,1,37,35,2,0,37,0,35,0,2,17,37,0.136029411765,1.88235294118,4.35294117647,3.36363636364,2.84615384615,1.69341284359,0.389027274878,0.193958664547,2.09866904602,0.964253345467,0.518282988871,1.87867287326,0.863174022847,0.470588235294,0.786197569093,0.41766745858,2.25,1.88235294118,0.786197569093,2.25,0.166339869281,0.0612244897959,3,0.00441176470588,0.185952380952,17,17,17,1,0,0.352941176471,0.411764705882,0.235294117647,17,0.128676470588,1.90196078431,4.11764705882,3.18181818182,2.69230769231,1.57648156274,0.382859808093,0.201680672269,2.01465221053,0.978545359402,0.524369747899,1.74894926439,0.849489642704,0.463865546218,0.814492905316,0.428238537847,2.33333333333,1.90196078431,0.814492905316,2.33333333333,0,0,0,0,0.164242424242,17,17,17,1,0,0.352941176471,0.411764705882,0.235294117647,17,37,0.136029411765,1.88235294118,4.35294117647,3.36363636364,2.84615384615,1.69341284359,0.389027274878,0.193958664547,2.09866904602,0.964253345467,0.518282988871,1.87867287326,0.863174022847,0.470588235294,0.786197569093,0.41766745858,2.25,1.88235294118,0.786197569093,2.25,0.166339869281,0.0612244897959,3,0.00441176470588,0.185952380952,17,17,17,1,0,0.352941176471,0.411764705882,0.235294117647,0,0,0,0,0,0,0,0,0,0,0,0,0,0,0,0,0,0,0,0,0,0,0,0,0,0,0,0,0,37,0,0,235,1,1,0,0,1,1,1,1,1,1,2,2,0,0,0,0
1331,WLNM_dir_neg,1,0.5,00:00:01,10,30,48,1981780321,threshold_sweep,0.8,1,0.5,0.666666666667,1,0,1,4,0.5,1,0,0.5,1,0.5,0.666666666667,0.833333333333,0.611111111111,0.571428571429,0.632455532034,0.5,37,35,2,0,37,0,35,0,2,17,37,0.136029411765,1.88235294118,4.35294117647,3.36363636364,2.84615384615,1.69341284359,0.389027274878,0.193958664547,2.09866904602,0.964253345467,0.518282988871,1.87867287326,0.863174022847,0.470588235294,0.786197569093,0.41766745858,2.25,1.88235294118,0.786197569093,2.25,0.166339869281,0.0612244897959,3,0.00441176470588,0.185952380952,17,17,17,1,0,0.352941176471,0.411764705882,0.235294117647,17,0.128676470588,1.90196078431,4.11764705882,3.18181818182,2.69230769231,1.57648156274,0.382859808093,0.201680672269,2.01465221053,0.978545359402,0.524369747899,1.74894926439,0.849489642704,0.463865546218,0.814492905316,0.428238537847,2.33333333333,1.90196078431,0.814492905316,2.33333333333,0,0,0,0,0.164242424242,17,17,17,1,0,0.352941176471,0.411764705882,0.235294117647,17,36,0.132352941176,1.89705882353,4.23529411765,3.27272727273,2.76923076923,1.71498585143,0.40492721492,0.204248366013,2.05798302171,0.971825315808,0.522875816993,1.79869233546,0.849382491746,0.464052287582,0.805541469338,0.424626510969,2.25,1.89705882353,0.805541469338,2.25,0.0702614379085,0.0214285714286,1,0.00147058823529,0.175454545455,17,17,17,1,0,0.352941176471,0.411764705882,0.235294117647,-1,-0.00367647058824,0.0147058823529,-0.117647058824,-0.0909090909091,-0.0769230769231,0.0215730078386,0.0158999400418,0.0102897014662,-0.0406860243059,0.00757197034072,0.00459282812224,-0.0799805377942,-0.0137915311015,-0.00653594771242,0.0193439002456,0.00695905238854,0,0.0147058823529,0.0193439002456,0,-0.0960784313725,-0.0397959183673,-2,-0.00294117647059,-0.0104978354978,0,0,0,36,0,1,235,0.972972972973,1,0,0.027027027027,1,0.972972972973,0.986301369863,0.984301887704,0.972972972973,0.972972972973,1,2,0,0,0,0
1332,WLNM_dir_neg,1,0.5,00:00:01,10,30,48,1981780321,threshold_sweep,0.9,1,0.5,0.666666666667,1,0,1,4,0.5,1,0,0.5,1,0.5,0.666666666667,0.833333333333,0.611111111111,0.571428571429,0.632455532034,0.5,37,35,2,0,37,0,35,0,2,17,37,0.136029411765,1.88235294118,4.35294117647,3.36363636364,2.84615384615,1.69341284359,0.389027274878,0.193958664547,2.09866904602,0.964253345467,0.518282988871,1.87867287326,0.863174022847,0.470588235294,0.786197569093,0.41766745858,2.25,1.88235294118,0.786197569093,2.25,0.166339869281,0.0612244897959,3,0.00441176470588,0.185952380952,17,17,17,1,0,0.352941176471,0.411764705882,0.235294117647,17,0.128676470588,1.90196078431,4.11764705882,3.18181818182,2.69230769231,1.57648156274,0.382859808093,0.201680672269,2.01465221053,0.978545359402,0.524369747899,1.74894926439,0.849489642704,0.463865546218,0.814492905316,0.428238537847,2.33333333333,1.90196078431,0.814492905316,2.33333333333,0,0,0,0,0.164242424242,17,17,17,1,0,0.352941176471,0.411764705882,0.235294117647,17,36,0.132352941176,1.89705882353,4.23529411765,3.27272727273,2.76923076923,1.71498585143,0.40492721492,0.204248366013,2.05798302171,0.971825315808,0.522875816993,1.79869233546,0.849382491746,0.464052287582,0.805541469338,0.424626510969,2.25,1.89705882353,0.805541469338,2.25,0.0702614379085,0.0214285714286,1,0.00147058823529,0.175454545455,17,17,17,1,0,0.352941176471,0.411764705882,0.235294117647,-1,-0.00367647058824,0.0147058823529,-0.117647058824,-0.0909090909091,-0.0769230769231,0.0215730078386,0.0158999400418,0.0102897014662,-0.0406860243059,0.00757197034072,0.00459282812224,-0.0799805377942,-0.0137915311015,-0.00653594771242,0.0193439002456,0.00695905238854,0,0.0147058823529,0.0193439002456,0,-0.0960784313725,-0.0397959183673,-2,-0.00294117647059,-0.0104978354978,0,0,0,36,0,1,235,0.972972972973,1,0,0.027027027027,1,0.972972972973,0.986301369863,0.984301887704,0.972972972973,0.972972972973,1,2,0,0,0,0
1333,WLNM_dir_neg,1,0.5,00:00:01,10,30,49,1981780322,threshold_sweep,0.1,1,1,1,2,0,0,4,1,1,0,0,1,1,1,1,0.555555555556,1,1,1,37,35,2,0,37,0,35,0,2,17,37,0.136029411765,1.88235294118,4.35294117647,3.36363636364,2.84615384615,1.69341284359,0.389027274878,0.193958664547,2.09866904602,0.964253345467,0.518282988871,1.87867287326,0.863174022847,0.470588235294,0.786197569093,0.41766745858,2.25,1.88235294118,0.786197569093,2.25,0.166339869281,0.0612244897959,3,0.00441176470588,0.185952380952,17,17,17,1,0,0.352941176471,0.411764705882,0.235294117647,17,0.128676470588,1.90196078431,4.11764705882,3.18181818182,2.69230769231,1.57648156274,0.382859808093,0.201680672269,2.01465221053,0.978545359402,0.524369747899,1.74894926439,0.849489642704,0.463865546218,0.814492905316,0.428238537847,2.33333333333,1.90196078431,0.814492905316,2.33333333333,0,0,0,0,0.164242424242,17,17,17,1,0,0.352941176471,0.411764705882,0.235294117647,17,37,0.136029411765,1.88235294118,4.35294117647,3.36363636364,2.84615384615,1.69341284359,0.389027274878,0.193958664547,2.09866904602,0.964253345467,0.518282988871,1.87867287326,0.863174022847,0.470588235294,0.786197569093,0.41766745858,2.25,1.88235294118,0.786197569093,2.25,0.166339869281,0.0612244897959,3,0.00441176470588,0.185952380952,17,17,17,1,0,0.352941176471,0.411764705882,0.235294117647,0,0,0,0,0,0,0,0,0,0,0,0,0,0,0,0,0,0,0,0,0,0,0,0,0,0,0,0,0,37,0,0,235,1,1,0,0,1,1,1,1,1,1,2,2,0,0,0,0
1334,WLNM_dir_neg,1,0.5,00:00:01,10,30,49,1981780322,threshold_sweep,0.2,1,1,1,2,0,0,4,1,1,0,0,1,1,1,1,0.555555555556,1,1,1,37,35,2,0,37,0,35,0,2,17,37,0.136029411765,1.88235294118,4.35294117647,3.36363636364,2.84615384615,1.69341284359,0.389027274878,0.193958664547,2.09866904602,0.964253345467,0.518282988871,1.87867287326,0.863174022847,0.470588235294,0.786197569093,0.41766745858,2.25,1.88235294118,0.786197569093,2.25,0.166339869281,0.0612244897959,3,0.00441176470588,0.185952380952,17,17,17,1,0,0.352941176471,0.411764705882,0.235294117647,17,0.128676470588,1.90196078431,4.11764705882,3.18181818182,2.69230769231,1.57648156274,0.382859808093,0.201680672269,2.01465221053,0.978545359402,0.524369747899,1.74894926439,0.849489642704,0.463865546218,0.814492905316,0.428238537847,2.33333333333,1.90196078431,0.814492905316,2.33333333333,0,0,0,0,0.164242424242,17,17,17,1,0,0.352941176471,0.411764705882,0.235294117647,17,37,0.136029411765,1.88235294118,4.35294117647,3.36363636364,2.84615384615,1.69341284359,0.389027274878,0.193958664547,2.09866904602,0.964253345467,0.518282988871,1.87867287326,0.863174022847,0.470588235294,0.786197569093,0.41766745858,2.25,1.88235294118,0.786197569093,2.25,0.166339869281,0.0612244897959,3,0.00441176470588,0.185952380952,17,17,17,1,0,0.352941176471,0.411764705882,0.235294117647,0,0,0,0,0,0,0,0,0,0,0,0,0,0,0,0,0,0,0,0,0,0,0,0,0,0,0,0,0,37,0,0,235,1,1,0,0,1,1,1,1,1,1,2,2,0,0,0,0
1335,WLNM_dir_neg,1,0.5,00:00:01,10,30,49,1981780322,threshold_sweep,0.3,1,1,1,2,0,0,4,1,1,0,0,1,1,1,1,0.555555555556,1,1,1,37,35,2,0,37,0,35,0,2,17,37,0.136029411765,1.88235294118,4.35294117647,3.36363636364,2.84615384615,1.69341284359,0.389027274878,0.193958664547,2.09866904602,0.964253345467,0.518282988871,1.87867287326,0.863174022847,0.470588235294,0.786197569093,0.41766745858,2.25,1.88235294118,0.786197569093,2.25,0.166339869281,0.0612244897959,3,0.00441176470588,0.185952380952,17,17,17,1,0,0.352941176471,0.411764705882,0.235294117647,17,0.128676470588,1.90196078431,4.11764705882,3.18181818182,2.69230769231,1.57648156274,0.382859808093,0.201680672269,2.01465221053,0.978545359402,0.524369747899,1.74894926439,0.849489642704,0.463865546218,0.814492905316,0.428238537847,2.33333333333,1.90196078431,0.814492905316,2.33333333333,0,0,0,0,0.164242424242,17,17,17,1,0,0.352941176471,0.411764705882,0.235294117647,17,37,0.136029411765,1.88235294118,4.35294117647,3.36363636364,2.84615384615,1.69341284359,0.389027274878,0.193958664547,2.09866904602,0.964253345467,0.518282988871,1.87867287326,0.863174022847,0.470588235294,0.786197569093,0.41766745858,2.25,1.88235294118,0.786197569093,2.25,0.166339869281,0.0612244897959,3,0.00441176470588,0.185952380952,17,17,17,1,0,0.352941176471,0.411764705882,0.235294117647,0,0,0,0,0,0,0,0,0,0,0,0,0,0,0,0,0,0,0,0,0,0,0,0,0,0,0,0,0,37,0,0,235,1,1,0,0,1,1,1,1,1,1,2,2,0,0,0,0
1336,WLNM_dir_neg,1,0.5,00:00:01,10,30,49,1981780322,threshold_sweep,0.4,1,1,1,2,0,0,4,1,1,0,0,1,1,1,1,0.555555555556,1,1,1,37,35,2,0,37,0,35,0,2,17,37,0.136029411765,1.88235294118,4.35294117647,3.36363636364,2.84615384615,1.69341284359,0.389027274878,0.193958664547,2.09866904602,0.964253345467,0.518282988871,1.87867287326,0.863174022847,0.470588235294,0.786197569093,0.41766745858,2.25,1.88235294118,0.786197569093,2.25,0.166339869281,0.0612244897959,3,0.00441176470588,0.185952380952,17,17,17,1,0,0.352941176471,0.411764705882,0.235294117647,17,0.128676470588,1.90196078431,4.11764705882,3.18181818182,2.69230769231,1.57648156274,0.382859808093,0.201680672269,2.01465221053,0.978545359402,0.524369747899,1.74894926439,0.849489642704,0.463865546218,0.814492905316,0.428238537847,2.33333333333,1.90196078431,0.814492905316,2.33333333333,0,0,0,0,0.164242424242,17,17,17,1,0,0.352941176471,0.411764705882,0.235294117647,17,37,0.136029411765,1.88235294118,4.35294117647,3.36363636364,2.84615384615,1.69341284359,0.389027274878,0.193958664547,2.09866904602,0.964253345467,0.518282988871,1.87867287326,0.863174022847,0.470588235294,0.786197569093,0.41766745858,2.25,1.88235294118,0.786197569093,2.25,0.166339869281,0.0612244897959,3,0.00441176470588,0.185952380952,17,17,17,1,0,0.352941176471,0.411764705882,0.235294117647,0,0,0,0,0,0,0,0,0,0,0,0,0,0,0,0,0,0,0,0,0,0,0,0,0,0,0,0,0,37,0,0,235,1,1,0,0,1,1,1,1,1,1,2,2,0,0,0,0
1337,WLNM_dir_neg,1,0.5,00:00:01,10,30,49,1981780322,threshold_sweep,0.5,1,1,1,2,0,0,4,1,1,0,0,1,1,1,1,0.555555555556,1,1,1,37,35,2,0,37,0,35,0,2,17,37,0.136029411765,1.88235294118,4.35294117647,3.36363636364,2.84615384615,1.69341284359,0.389027274878,0.193958664547,2.09866904602,0.964253345467,0.518282988871,1.87867287326,0.863174022847,0.470588235294,0.786197569093,0.41766745858,2.25,1.88235294118,0.786197569093,2.25,0.166339869281,0.0612244897959,3,0.00441176470588,0.185952380952,17,17,17,1,0,0.352941176471,0.411764705882,0.235294117647,17,0.128676470588,1.90196078431,4.11764705882,3.18181818182,2.69230769231,1.57648156274,0.382859808093,0.201680672269,2.01465221053,0.978545359402,0.524369747899,1.74894926439,0.849489642704,0.463865546218,0.814492905316,0.428238537847,2.33333333333,1.90196078431,0.814492905316,2.33333333333,0,0,0,0,0.164242424242,17,17,17,1,0,0.352941176471,0.411764705882,0.235294117647,17,37,0.136029411765,1.88235294118,4.35294117647,3.36363636364,2.84615384615,1.69341284359,0.389027274878,0.193958664547,2.09866904602,0.964253345467,0.518282988871,1.87867287326,0.863174022847,0.470588235294,0.786197569093,0.41766745858,2.25,1.88235294118,0.786197569093,2.25,0.166339869281,0.0612244897959,3,0.00441176470588,0.185952380952,17,17,17,1,0,0.352941176471,0.411764705882,0.235294117647,0,0,0,0,0,0,0,0,0,0,0,0,0,0,0,0,0,0,0,0,0,0,0,0,0,0,0,0,0,37,0,0,235,1,1,0,0,1,1,1,1,1,1,2,2,0,0,0,0
1338,WLNM_dir_neg,1,0.5,00:00:01,10,30,49,1981780322,threshold_sweep,0.6,1,1,1,2,0,0,4,1,1,0,0,1,1,1,1,0.555555555556,1,1,1,37,35,2,0,37,0,35,0,2,17,37,0.136029411765,1.88235294118,4.35294117647,3.36363636364,2.84615384615,1.69341284359,0.389027274878,0.193958664547,2.09866904602,0.964253345467,0.518282988871,1.87867287326,0.863174022847,0.470588235294,0.786197569093,0.41766745858,2.25,1.88235294118,0.786197569093,2.25,0.166339869281,0.0612244897959,3,0.00441176470588,0.185952380952,17,17,17,1,0,0.352941176471,0.411764705882,0.235294117647,17,0.128676470588,1.90196078431,4.11764705882,3.18181818182,2.69230769231,1.57648156274,0.382859808093,0.201680672269,2.01465221053,0.978545359402,0.524369747899,1.74894926439,0.849489642704,0.463865546218,0.814492905316,0.428238537847,2.33333333333,1.90196078431,0.814492905316,2.33333333333,0,0,0,0,0.164242424242,17,17,17,1,0,0.352941176471,0.411764705882,0.235294117647,17,37,0.136029411765,1.88235294118,4.35294117647,3.36363636364,2.84615384615,1.69341284359,0.389027274878,0.193958664547,2.09866904602,0.964253345467,0.518282988871,1.87867287326,0.863174022847,0.470588235294,0.786197569093,0.41766745858,2.25,1.88235294118,0.786197569093,2.25,0.166339869281,0.0612244897959,3,0.00441176470588,0.185952380952,17,17,17,1,0,0.352941176471,0.411764705882,0.235294117647,0,0,0,0,0,0,0,0,0,0,0,0,0,0,0,0,0,0,0,0,0,0,0,0,0,0,0,0,0,37,0,0,235,1,1,0,0,1,1,1,1,1,1,2,2,0,0,0,0
1339,WLNM_dir_neg,1,0.5,00:00:01,10,30,49,1981780322,threshold_sweep,0.7,1,1,1,2,0,0,4,1,1,0,0,1,1,1,1,0.555555555556,1,1,1,37,35,2,0,37,0,35,0,2,17,37,0.136029411765,1.88235294118,4.35294117647,3.36363636364,2.84615384615,1.69341284359,0.389027274878,0.193958664547,2.09866904602,0.964253345467,0.518282988871,1.87867287326,0.863174022847,0.470588235294,0.786197569093,0.41766745858,2.25,1.88235294118,0.786197569093,2.25,0.166339869281,0.0612244897959,3,0.00441176470588,0.185952380952,17,17,17,1,0,0.352941176471,0.411764705882,0.235294117647,17,0.128676470588,1.90196078431,4.11764705882,3.18181818182,2.69230769231,1.57648156274,0.382859808093,0.201680672269,2.01465221053,0.978545359402,0.524369747899,1.74894926439,0.849489642704,0.463865546218,0.814492905316,0.428238537847,2.33333333333,1.90196078431,0.814492905316,2.33333333333,0,0,0,0,0.164242424242,17,17,17,1,0,0.352941176471,0.411764705882,0.235294117647,17,37,0.136029411765,1.88235294118,4.35294117647,3.36363636364,2.84615384615,1.69341284359,0.389027274878,0.193958664547,2.09866904602,0.964253345467,0.518282988871,1.87867287326,0.863174022847,0.470588235294,0.786197569093,0.41766745858,2.25,1.88235294118,0.786197569093,2.25,0.166339869281,0.0612244897959,3,0.00441176470588,0.185952380952,17,17,17,1,0,0.352941176471,0.411764705882,0.235294117647,0,0,0,0,0,0,0,0,0,0,0,0,0,0,0,0,0,0,0,0,0,0,0,0,0,0,0,0,0,37,0,0,235,1,1,0,0,1,1,1,1,1,1,2,2,0,0,0,0
1340,WLNM_dir_neg,1,0.5,00:00:01,10,30,49,1981780322,threshold_sweep,0.8,1,1,1,2,0,0,4,1,1,0,0,1,1,1,1,0.555555555556,1,1,1,37,35,2,0,37,0,35,0,2,17,37,0.136029411765,1.88235294118,4.35294117647,3.36363636364,2.84615384615,1.69341284359,0.389027274878,0.193958664547,2.09866904602,0.964253345467,0.518282988871,1.87867287326,0.863174022847,0.470588235294,0.786197569093,0.41766745858,2.25,1.88235294118,0.786197569093,2.25,0.166339869281,0.0612244897959,3,0.00441176470588,0.185952380952,17,17,17,1,0,0.352941176471,0.411764705882,0.235294117647,17,0.128676470588,1.90196078431,4.11764705882,3.18181818182,2.69230769231,1.57648156274,0.382859808093,0.201680672269,2.01465221053,0.978545359402,0.524369747899,1.74894926439,0.849489642704,0.463865546218,0.814492905316,0.428238537847,2.33333333333,1.90196078431,0.814492905316,2.33333333333,0,0,0,0,0.164242424242,17,17,17,1,0,0.352941176471,0.411764705882,0.235294117647,17,37,0.136029411765,1.88235294118,4.35294117647,3.36363636364,2.84615384615,1.69341284359,0.389027274878,0.193958664547,2.09866904602,0.964253345467,0.518282988871,1.87867287326,0.863174022847,0.470588235294,0.786197569093,0.41766745858,2.25,1.88235294118,0.786197569093,2.25,0.166339869281,0.0612244897959,3,0.00441176470588,0.185952380952,17,17,17,1,0,0.352941176471,0.411764705882,0.235294117647,0,0,0,0,0,0,0,0,0,0,0,0,0,0,0,0,0,0,0,0,0,0,0,0,0,0,0,0,0,37,0,0,235,1,1,0,0,1,1,1,1,1,1,2,2,0,0,0,0
1341,WLNM_dir_neg,1,0.5,00:00:01,10,30,49,1981780322,threshold_sweep,0.9,1,1,1,2,0,0,4,1,1,0,0,1,1,1,1,0.555555555556,1,1,1,37,35,2,0,37,0,35,0,2,17,37,0.136029411765,1.88235294118,4.35294117647,3.36363636364,2.84615384615,1.69341284359,0.389027274878,0.193958664547,2.09866904602,0.964253345467,0.518282988871,1.87867287326,0.863174022847,0.470588235294,0.786197569093,0.41766745858,2.25,1.88235294118,0.786197569093,2.25,0.166339869281,0.0612244897959,3,0.00441176470588,0.185952380952,17,17,17,1,0,0.352941176471,0.411764705882,0.235294117647,17,0.128676470588,1.90196078431,4.11764705882,3.18181818182,2.69230769231,1.57648156274,0.382859808093,0.201680672269,2.01465221053,0.978545359402,0.524369747899,1.74894926439,0.849489642704,0.463865546218,0.814492905316,0.428238537847,2.33333333333,1.90196078431,0.814492905316,2.33333333333,0,0,0,0,0.164242424242,17,17,17,1,0,0.352941176471,0.411764705882,0.235294117647,17,37,0.136029411765,1.88235294118,4.35294117647,3.36363636364,2.84615384615,1.69341284359,0.389027274878,0.193958664547,2.09866904602,0.964253345467,0.518282988871,1.87867287326,0.863174022847,0.470588235294,0.786197569093,0.41766745858,2.25,1.88235294118,0.786197569093,2.25,0.166339869281,0.0612244897959,3,0.00441176470588,0.185952380952,17,17,17,1,0,0.352941176471,0.411764705882,0.235294117647,0,0,0,0,0,0,0,0,0,0,0,0,0,0,0,0,0,0,0,0,0,0,0,0,0,0,0,0,0,37,0,0,235,1,1,0,0,1,1,1,1,1,1,2,2,0,0,0,0
1342,WLNM_dir_neg,1,0.5,00:00:01,10,30,50,1981780323,threshold_sweep,0.1,1,1,1,2,0,0,4,1,1,0,0,1,1,1,1,0.555555555556,1,1,1,37,35,2,0,37,0,35,0,2,17,37,0.136029411765,1.88235294118,4.35294117647,3.36363636364,2.84615384615,1.69341284359,0.389027274878,0.193958664547,2.09866904602,0.964253345467,0.518282988871,1.87867287326,0.863174022847,0.470588235294,0.786197569093,0.41766745858,2.25,1.88235294118,0.786197569093,2.25,0.166339869281,0.0612244897959,3,0.00441176470588,0.185952380952,17,17,17,1,0,0.352941176471,0.411764705882,0.235294117647,17,0.128676470588,1.90196078431,4.11764705882,3.18181818182,2.69230769231,1.57648156274,0.382859808093,0.201680672269,2.01465221053,0.978545359402,0.524369747899,1.74894926439,0.849489642704,0.463865546218,0.814492905316,0.428238537847,2.33333333333,1.90196078431,0.814492905316,2.33333333333,0,0,0,0,0.164242424242,17,17,17,1,0,0.352941176471,0.411764705882,0.235294117647,17,37,0.136029411765,1.88235294118,4.35294117647,3.36363636364,2.84615384615,1.69341284359,0.389027274878,0.193958664547,2.09866904602,0.964253345467,0.518282988871,1.87867287326,0.863174022847,0.470588235294,0.786197569093,0.41766745858,2.25,1.88235294118,0.786197569093,2.25,0.166339869281,0.0612244897959,3,0.00441176470588,0.185952380952,17,17,17,1,0,0.352941176471,0.411764705882,0.235294117647,0,0,0,0,0,0,0,0,0,0,0,0,0,0,0,0,0,0,0,0,0,0,0,0,0,0,0,0,0,37,0,0,235,1,1,0,0,1,1,1,1,1,1,2,2,0,0,0,0
1343,WLNM_dir_neg,1,0.5,00:00:01,10,30,50,1981780323,threshold_sweep,0.2,1,1,1,2,0,0,4,1,1,0,0,1,1,1,1,0.555555555556,1,1,1,37,35,2,0,37,0,35,0,2,17,37,0.136029411765,1.88235294118,4.35294117647,3.36363636364,2.84615384615,1.69341284359,0.389027274878,0.193958664547,2.09866904602,0.964253345467,0.518282988871,1.87867287326,0.863174022847,0.470588235294,0.786197569093,0.41766745858,2.25,1.88235294118,0.786197569093,2.25,0.166339869281,0.0612244897959,3,0.00441176470588,0.185952380952,17,17,17,1,0,0.352941176471,0.411764705882,0.235294117647,17,0.128676470588,1.90196078431,4.11764705882,3.18181818182,2.69230769231,1.57648156274,0.382859808093,0.201680672269,2.01465221053,0.978545359402,0.524369747899,1.74894926439,0.849489642704,0.463865546218,0.814492905316,0.428238537847,2.33333333333,1.90196078431,0.814492905316,2.33333333333,0,0,0,0,0.164242424242,17,17,17,1,0,0.352941176471,0.411764705882,0.235294117647,17,37,0.136029411765,1.88235294118,4.35294117647,3.36363636364,2.84615384615,1.69341284359,0.389027274878,0.193958664547,2.09866904602,0.964253345467,0.518282988871,1.87867287326,0.863174022847,0.470588235294,0.786197569093,0.41766745858,2.25,1.88235294118,0.786197569093,2.25,0.166339869281,0.0612244897959,3,0.00441176470588,0.185952380952,17,17,17,1,0,0.352941176471,0.411764705882,0.235294117647,0,0,0,0,0,0,0,0,0,0,0,0,0,0,0,0,0,0,0,0,0,0,0,0,0,0,0,0,0,37,0,0,235,1,1,0,0,1,1,1,1,1,1,2,2,0,0,0,0
1344,WLNM_dir_neg,1,0.5,00:00:01,10,30,50,1981780323,threshold_sweep,0.3,1,1,1,2,0,0,4,1,1,0,0,1,1,1,1,0.555555555556,1,1,1,37,35,2,0,37,0,35,0,2,17,37,0.136029411765,1.88235294118,4.35294117647,3.36363636364,2.84615384615,1.69341284359,0.389027274878,0.193958664547,2.09866904602,0.964253345467,0.518282988871,1.87867287326,0.863174022847,0.470588235294,0.786197569093,0.41766745858,2.25,1.88235294118,0.786197569093,2.25,0.166339869281,0.0612244897959,3,0.00441176470588,0.185952380952,17,17,17,1,0,0.352941176471,0.411764705882,0.235294117647,17,0.128676470588,1.90196078431,4.11764705882,3.18181818182,2.69230769231,1.57648156274,0.382859808093,0.201680672269,2.01465221053,0.978545359402,0.524369747899,1.74894926439,0.849489642704,0.463865546218,0.814492905316,0.428238537847,2.33333333333,1.90196078431,0.814492905316,2.33333333333,0,0,0,0,0.164242424242,17,17,17,1,0,0.352941176471,0.411764705882,0.235294117647,17,37,0.136029411765,1.88235294118,4.35294117647,3.36363636364,2.84615384615,1.69341284359,0.389027274878,0.193958664547,2.09866904602,0.964253345467,0.518282988871,1.87867287326,0.863174022847,0.470588235294,0.786197569093,0.41766745858,2.25,1.88235294118,0.786197569093,2.25,0.166339869281,0.0612244897959,3,0.00441176470588,0.185952380952,17,17,17,1,0,0.352941176471,0.411764705882,0.235294117647,0,0,0,0,0,0,0,0,0,0,0,0,0,0,0,0,0,0,0,0,0,0,0,0,0,0,0,0,0,37,0,0,235,1,1,0,0,1,1,1,1,1,1,2,2,0,0,0,0
1345,WLNM_dir_neg,1,0.5,00:00:01,10,30,50,1981780323,threshold_sweep,0.4,1,1,1,2,0,0,4,1,1,0,0,1,1,1,1,0.555555555556,1,1,1,37,35,2,0,37,0,35,0,2,17,37,0.136029411765,1.88235294118,4.35294117647,3.36363636364,2.84615384615,1.69341284359,0.389027274878,0.193958664547,2.09866904602,0.964253345467,0.518282988871,1.87867287326,0.863174022847,0.470588235294,0.786197569093,0.41766745858,2.25,1.88235294118,0.786197569093,2.25,0.166339869281,0.0612244897959,3,0.00441176470588,0.185952380952,17,17,17,1,0,0.352941176471,0.411764705882,0.235294117647,17,0.128676470588,1.90196078431,4.11764705882,3.18181818182,2.69230769231,1.57648156274,0.382859808093,0.201680672269,2.01465221053,0.978545359402,0.524369747899,1.74894926439,0.849489642704,0.463865546218,0.814492905316,0.428238537847,2.33333333333,1.90196078431,0.814492905316,2.33333333333,0,0,0,0,0.164242424242,17,17,17,1,0,0.352941176471,0.411764705882,0.235294117647,17,37,0.136029411765,1.88235294118,4.35294117647,3.36363636364,2.84615384615,1.69341284359,0.389027274878,0.193958664547,2.09866904602,0.964253345467,0.518282988871,1.87867287326,0.863174022847,0.470588235294,0.786197569093,0.41766745858,2.25,1.88235294118,0.786197569093,2.25,0.166339869281,0.0612244897959,3,0.00441176470588,0.185952380952,17,17,17,1,0,0.352941176471,0.411764705882,0.235294117647,0,0,0,0,0,0,0,0,0,0,0,0,0,0,0,0,0,0,0,0,0,0,0,0,0,0,0,0,0,37,0,0,235,1,1,0,0,1,1,1,1,1,1,2,2,0,0,0,0
1346,WLNM_dir_neg,1,0.5,00:00:01,10,30,50,1981780323,threshold_sweep,0.5,1,1,1,2,0,0,4,1,1,0,0,1,1,1,1,0.555555555556,1,1,1,37,35,2,0,37,0,35,0,2,17,37,0.136029411765,1.88235294118,4.35294117647,3.36363636364,2.84615384615,1.69341284359,0.389027274878,0.193958664547,2.09866904602,0.964253345467,0.518282988871,1.87867287326,0.863174022847,0.470588235294,0.786197569093,0.41766745858,2.25,1.88235294118,0.786197569093,2.25,0.166339869281,0.0612244897959,3,0.00441176470588,0.185952380952,17,17,17,1,0,0.352941176471,0.411764705882,0.235294117647,17,0.128676470588,1.90196078431,4.11764705882,3.18181818182,2.69230769231,1.57648156274,0.382859808093,0.201680672269,2.01465221053,0.978545359402,0.524369747899,1.74894926439,0.849489642704,0.463865546218,0.814492905316,0.428238537847,2.33333333333,1.90196078431,0.814492905316,2.33333333333,0,0,0,0,0.164242424242,17,17,17,1,0,0.352941176471,0.411764705882,0.235294117647,17,37,0.136029411765,1.88235294118,4.35294117647,3.36363636364,2.84615384615,1.69341284359,0.389027274878,0.193958664547,2.09866904602,0.964253345467,0.518282988871,1.87867287326,0.863174022847,0.470588235294,0.786197569093,0.41766745858,2.25,1.88235294118,0.786197569093,2.25,0.166339869281,0.0612244897959,3,0.00441176470588,0.185952380952,17,17,17,1,0,0.352941176471,0.411764705882,0.235294117647,0,0,0,0,0,0,0,0,0,0,0,0,0,0,0,0,0,0,0,0,0,0,0,0,0,0,0,0,0,37,0,0,235,1,1,0,0,1,1,1,1,1,1,2,2,0,0,0,0
1347,WLNM_dir_neg,1,0.5,00:00:01,10,30,50,1981780323,threshold_sweep,0.6,1,1,1,2,0,0,4,1,1,0,0,1,1,1,1,0.555555555556,1,1,1,37,35,2,0,37,0,35,0,2,17,37,0.136029411765,1.88235294118,4.35294117647,3.36363636364,2.84615384615,1.69341284359,0.389027274878,0.193958664547,2.09866904602,0.964253345467,0.518282988871,1.87867287326,0.863174022847,0.470588235294,0.786197569093,0.41766745858,2.25,1.88235294118,0.786197569093,2.25,0.166339869281,0.0612244897959,3,0.00441176470588,0.185952380952,17,17,17,1,0,0.352941176471,0.411764705882,0.235294117647,17,0.128676470588,1.90196078431,4.11764705882,3.18181818182,2.69230769231,1.57648156274,0.382859808093,0.201680672269,2.01465221053,0.978545359402,0.524369747899,1.74894926439,0.849489642704,0.463865546218,0.814492905316,0.428238537847,2.33333333333,1.90196078431,0.814492905316,2.33333333333,0,0,0,0,0.164242424242,17,17,17,1,0,0.352941176471,0.411764705882,0.235294117647,17,37,0.136029411765,1.88235294118,4.35294117647,3.36363636364,2.84615384615,1.69341284359,0.389027274878,0.193958664547,2.09866904602,0.964253345467,0.518282988871,1.87867287326,0.863174022847,0.470588235294,0.786197569093,0.41766745858,2.25,1.88235294118,0.786197569093,2.25,0.166339869281,0.0612244897959,3,0.00441176470588,0.185952380952,17,17,17,1,0,0.352941176471,0.411764705882,0.235294117647,0,0,0,0,0,0,0,0,0,0,0,0,0,0,0,0,0,0,0,0,0,0,0,0,0,0,0,0,0,37,0,0,235,1,1,0,0,1,1,1,1,1,1,2,2,0,0,0,0
1348,WLNM_dir_neg,1,0.5,00:00:01,10,30,50,1981780323,threshold_sweep,0.7,1,1,1,2,0,0,4,1,1,0,0,1,1,1,1,0.555555555556,1,1,1,37,35,2,0,37,0,35,0,2,17,37,0.136029411765,1.88235294118,4.35294117647,3.36363636364,2.84615384615,1.69341284359,0.389027274878,0.193958664547,2.09866904602,0.964253345467,0.518282988871,1.87867287326,0.863174022847,0.470588235294,0.786197569093,0.41766745858,2.25,1.88235294118,0.786197569093,2.25,0.166339869281,0.0612244897959,3,0.00441176470588,0.185952380952,17,17,17,1,0,0.352941176471,0.411764705882,0.235294117647,17,0.128676470588,1.90196078431,4.11764705882,3.18181818182,2.69230769231,1.57648156274,0.382859808093,0.201680672269,2.01465221053,0.978545359402,0.524369747899,1.74894926439,0.849489642704,0.463865546218,0.814492905316,0.428238537847,2.33333333333,1.90196078431,0.814492905316,2.33333333333,0,0,0,0,0.164242424242,17,17,17,1,0,0.352941176471,0.411764705882,0.235294117647,17,37,0.136029411765,1.88235294118,4.35294117647,3.36363636364,2.84615384615,1.69341284359,0.389027274878,0.193958664547,2.09866904602,0.964253345467,0.518282988871,1.87867287326,0.863174022847,0.470588235294,0.786197569093,0.41766745858,2.25,1.88235294118,0.786197569093,2.25,0.166339869281,0.0612244897959,3,0.00441176470588,0.185952380952,17,17,17,1,0,0.352941176471,0.411764705882,0.235294117647,0,0,0,0,0,0,0,0,0,0,0,0,0,0,0,0,0,0,0,0,0,0,0,0,0,0,0,0,0,37,0,0,235,1,1,0,0,1,1,1,1,1,1,2,2,0,0,0,0
1349,WLNM_dir_neg,1,0.5,00:00:01,10,30,50,1981780323,threshold_sweep,0.8,1,1,1,2,0,0,4,1,1,0,0,1,1,1,1,0.555555555556,1,1,1,37,35,2,0,37,0,35,0,2,17,37,0.136029411765,1.88235294118,4.35294117647,3.36363636364,2.84615384615,1.69341284359,0.389027274878,0.193958664547,2.09866904602,0.964253345467,0.518282988871,1.87867287326,0.863174022847,0.470588235294,0.786197569093,0.41766745858,2.25,1.88235294118,0.786197569093,2.25,0.166339869281,0.0612244897959,3,0.00441176470588,0.185952380952,17,17,17,1,0,0.352941176471,0.411764705882,0.235294117647,17,0.128676470588,1.90196078431,4.11764705882,3.18181818182,2.69230769231,1.57648156274,0.382859808093,0.201680672269,2.01465221053,0.978545359402,0.524369747899,1.74894926439,0.849489642704,0.463865546218,0.814492905316,0.428238537847,2.33333333333,1.90196078431,0.814492905316,2.33333333333,0,0,0,0,0.164242424242,17,17,17,1,0,0.352941176471,0.411764705882,0.235294117647,17,37,0.136029411765,1.88235294118,4.35294117647,3.36363636364,2.84615384615,1.69341284359,0.389027274878,0.193958664547,2.09866904602,0.964253345467,0.518282988871,1.87867287326,0.863174022847,0.470588235294,0.786197569093,0.41766745858,2.25,1.88235294118,0.786197569093,2.25,0.166339869281,0.0612244897959,3,0.00441176470588,0.185952380952,17,17,17,1,0,0.352941176471,0.411764705882,0.235294117647,0,0,0,0,0,0,0,0,0,0,0,0,0,0,0,0,0,0,0,0,0,0,0,0,0,0,0,0,0,37,0,0,235,1,1,0,0,1,1,1,1,1,1,2,2,0,0,0,0
1350,WLNM_dir_neg,1,0.5,00:00:01,10,30,50,1981780323,threshold_sweep,0.9,1,1,1,2,0,0,4,1,1,0,0,1,1,1,1,0.555555555556,1,1,1,37,35,2,0,37,0,35,0,2,17,37,0.136029411765,1.88235294118,4.35294117647,3.36363636364,2.84615384615,1.69341284359,0.389027274878,0.193958664547,2.09866904602,0.964253345467,0.518282988871,1.87867287326,0.863174022847,0.470588235294,0.786197569093,0.41766745858,2.25,1.88235294118,0.786197569093,2.25,0.166339869281,0.0612244897959,3,0.00441176470588,0.185952380952,17,17,17,1,0,0.352941176471,0.411764705882,0.235294117647,17,0.128676470588,1.90196078431,4.11764705882,3.18181818182,2.69230769231,1.57648156274,0.382859808093,0.201680672269,2.01465221053,0.978545359402,0.524369747899,1.74894926439,0.849489642704,0.463865546218,0.814492905316,0.428238537847,2.33333333333,1.90196078431,0.814492905316,2.33333333333,0,0,0,0,0.164242424242,17,17,17,1,0,0.352941176471,0.411764705882,0.235294117647,17,37,0.136029411765,1.88235294118,4.35294117647,3.36363636364,2.84615384615,1.69341284359,0.389027274878,0.193958664547,2.09866904602,0.964253345467,0.518282988871,1.87867287326,0.863174022847,0.470588235294,0.786197569093,0.41766745858,2.25,1.88235294118,0.786197569093,2.25,0.166339869281,0.0612244897959,3,0.00441176470588,0.185952380952,17,17,17,1,0,0.352941176471,0.411764705882,0.235294117647,0,0,0,0,0,0,0,0,0,0,0,0,0,0,0,0,0,0,0,0,0,0,0,0,0,0,0,0,0,37,0,0,235,1,1,0,0,1,1,1,1,1,1,2,2,0,0,0,0
1351,WLNM_dir_neg,0.875,0.291666666667,00:00:00,10,40,1,1982697574,threshold_sweep,0.1,0.666666666667,1,0.8,2,1,0,3,1,0.75,0.25,0,0.666666666667,1,0.8,0.833333333333,0.5,0.666666666667,0.707106781187,0.75,37,35,2,0,37,0,35,0,2,17,37,0.136029411765,1.88235294118,4.35294117647,3.36363636364,2.84615384615,1.69341284359,0.389027274878,0.193958664547,2.09866904602,0.964253345467,0.518282988871,1.87867287326,0.863174022847,0.470588235294,0.786197569093,0.41766745858,2.25,1.88235294118,0.786197569093,2.25,0.166339869281,0.0612244897959,3,0.00441176470588,0.185952380952,17,17,17,1,0,0.352941176471,0.411764705882,0.235294117647,17,0.128676470588,1.90196078431,4.11764705882,3.18181818182,2.69230769231,1.57648156274,0.382859808093,0.201680672269,2.01465221053,0.978545359402,0.524369747899,1.74894926439,0.849489642704,0.463865546218,0.814492905316,0.428238537847,2.33333333333,1.90196078431,0.814492905316,2.33333333333,0,0,0,0,0.164242424242,17,17,17,1,0,0.352941176471,0.411764705882,0.235294117647,17,38,0.139705882353,2.13617647059,4.47058823529,3.16666666667,2.92307692308,1.69991349261,0.380243807557,0.19040247678,2.04723630062,0.915868871331,0.495356037152,1.92124346989,0.859503657582,0.467492260062,0.898017833571,0.420385602938,2.5,2.13617647059,0.898017833571,2.5,0.180065359477,0.0774193548387,4,0.00588235294118,0.164051226551,17,17,17,1,0,0.294117647059,0.470588235294,0.235294117647,1,0.00367647058824,0.253823529412,0.117647058824,-0.19696969697,0.0769230769231,0.00650064902221,-0.00878346732077,-0.00355618776671,-0.0514327453931,-0.0483844741355,-0.0229269517195,0.0425705966328,-0.00367036526551,-0.0030959752322,0.111820264479,0.002718144358,0.25,0.253823529412,0.111820264479,0.25,0.0137254901961,0.0161948650428,1,0.00147058823529,-0.0219011544012,-0.0588235294118,0.0588235294118,0,37,1,0,234,1,0.995744680851,0.00425531914894,0,0.973684210526,1,0.986666666667,0.984652666406,0.995744680851,0.973684210526,3,2,0,0,0,0
1352,WLNM_dir_neg,0.875,0.291666666667,00:00:00,10,40,1,1982697574,threshold_sweep,0.2,0.666666666667,1,0.8,2,1,0,3,1,0.75,0.25,0,0.666666666667,1,0.8,0.833333333333,0.5,0.666666666667,0.707106781187,0.75,37,35,2,0,37,0,35,0,2,17,37,0.136029411765,1.88235294118,4.35294117647,3.36363636364,2.84615384615,1.69341284359,0.389027274878,0.193958664547,2.09866904602,0.964253345467,0.518282988871,1.87867287326,0.863174022847,0.470588235294,0.786197569093,0.41766745858,2.25,1.88235294118,0.786197569093,2.25,0.166339869281,0.0612244897959,3,0.00441176470588,0.185952380952,17,17,17,1,0,0.352941176471,0.411764705882,0.235294117647,17,0.128676470588,1.90196078431,4.11764705882,3.18181818182,2.69230769231,1.57648156274,0.382859808093,0.201680672269,2.01465221053,0.978545359402,0.524369747899,1.74894926439,0.849489642704,0.463865546218,0.814492905316,0.428238537847,2.33333333333,1.90196078431,0.814492905316,2.33333333333,0,0,0,0,0.164242424242,17,17,17,1,0,0.352941176471,0.411764705882,0.235294117647,17,38,0.139705882353,2.13617647059,4.47058823529,3.16666666667,2.92307692308,1.69991349261,0.380243807557,0.19040247678,2.04723630062,0.915868871331,0.495356037152,1.92124346989,0.859503657582,0.467492260062,0.898017833571,0.420385602938,2.5,2.13617647059,0.898017833571,2.5,0.180065359477,0.0774193548387,4,0.00588235294118,0.164051226551,17,17,17,1,0,0.294117647059,0.470588235294,0.235294117647,1,0.00367647058824,0.253823529412,0.117647058824,-0.19696969697,0.0769230769231,0.00650064902221,-0.00878346732077,-0.00355618776671,-0.0514327453931,-0.0483844741355,-0.0229269517195,0.0425705966328,-0.00367036526551,-0.0030959752322,0.111820264479,0.002718144358,0.25,0.253823529412,0.111820264479,0.25,0.0137254901961,0.0161948650428,1,0.00147058823529,-0.0219011544012,-0.0588235294118,0.0588235294118,0,37,1,0,234,1,0.995744680851,0.00425531914894,0,0.973684210526,1,0.986666666667,0.984652666406,0.995744680851,0.973684210526,3,2,0,0,0,0
1353,WLNM_dir_neg,0.875,0.291666666667,00:00:00,10,40,1,1982697574,threshold_sweep,0.3,0.666666666667,1,0.8,2,1,0,3,1,0.75,0.25,0,0.666666666667,1,0.8,0.833333333333,0.5,0.666666666667,0.707106781187,0.75,37,35,2,0,37,0,35,0,2,17,37,0.136029411765,1.88235294118,4.35294117647,3.36363636364,2.84615384615,1.69341284359,0.389027274878,0.193958664547,2.09866904602,0.964253345467,0.518282988871,1.87867287326,0.863174022847,0.470588235294,0.786197569093,0.41766745858,2.25,1.88235294118,0.786197569093,2.25,0.166339869281,0.0612244897959,3,0.00441176470588,0.185952380952,17,17,17,1,0,0.352941176471,0.411764705882,0.235294117647,17,0.128676470588,1.90196078431,4.11764705882,3.18181818182,2.69230769231,1.57648156274,0.382859808093,0.201680672269,2.01465221053,0.978545359402,0.524369747899,1.74894926439,0.849489642704,0.463865546218,0.814492905316,0.428238537847,2.33333333333,1.90196078431,0.814492905316,2.33333333333,0,0,0,0,0.164242424242,17,17,17,1,0,0.352941176471,0.411764705882,0.235294117647,17,38,0.139705882353,2.13617647059,4.47058823529,3.16666666667,2.92307692308,1.69991349261,0.380243807557,0.19040247678,2.04723630062,0.915868871331,0.495356037152,1.92124346989,0.859503657582,0.467492260062,0.898017833571,0.420385602938,2.5,2.13617647059,0.898017833571,2.5,0.180065359477,0.0774193548387,4,0.00588235294118,0.164051226551,17,17,17,1,0,0.294117647059,0.470588235294,0.235294117647,1,0.00367647058824,0.253823529412,0.117647058824,-0.19696969697,0.0769230769231,0.00650064902221,-0.00878346732077,-0.00355618776671,-0.0514327453931,-0.0483844741355,-0.0229269517195,0.0425705966328,-0.00367036526551,-0.0030959752322,0.111820264479,0.002718144358,0.25,0.253823529412,0.111820264479,0.25,0.0137254901961,0.0161948650428,1,0.00147058823529,-0.0219011544012,-0.0588235294118,0.0588235294118,0,37,1,0,234,1,0.995744680851,0.00425531914894,0,0.973684210526,1,0.986666666667,0.984652666406,0.995744680851,0.973684210526,3,2,0,0,0,0
1354,WLNM_dir_neg,0.875,0.291666666667,00:00:00,10,40,1,1982697574,threshold_sweep,0.4,0.666666666667,1,0.8,2,1,0,3,1,0.75,0.25,0,0.666666666667,1,0.8,0.833333333333,0.5,0.666666666667,0.707106781187,0.75,37,35,2,0,37,0,35,0,2,17,37,0.136029411765,1.88235294118,4.35294117647,3.36363636364,2.84615384615,1.69341284359,0.389027274878,0.193958664547,2.09866904602,0.964253345467,0.518282988871,1.87867287326,0.863174022847,0.470588235294,0.786197569093,0.41766745858,2.25,1.88235294118,0.786197569093,2.25,0.166339869281,0.0612244897959,3,0.00441176470588,0.185952380952,17,17,17,1,0,0.352941176471,0.411764705882,0.235294117647,17,0.128676470588,1.90196078431,4.11764705882,3.18181818182,2.69230769231,1.57648156274,0.382859808093,0.201680672269,2.01465221053,0.978545359402,0.524369747899,1.74894926439,0.849489642704,0.463865546218,0.814492905316,0.428238537847,2.33333333333,1.90196078431,0.814492905316,2.33333333333,0,0,0,0,0.164242424242,17,17,17,1,0,0.352941176471,0.411764705882,0.235294117647,17,38,0.139705882353,2.13617647059,4.47058823529,3.16666666667,2.92307692308,1.69991349261,0.380243807557,0.19040247678,2.04723630062,0.915868871331,0.495356037152,1.92124346989,0.859503657582,0.467492260062,0.898017833571,0.420385602938,2.5,2.13617647059,0.898017833571,2.5,0.180065359477,0.0774193548387,4,0.00588235294118,0.164051226551,17,17,17,1,0,0.294117647059,0.470588235294,0.235294117647,1,0.00367647058824,0.253823529412,0.117647058824,-0.19696969697,0.0769230769231,0.00650064902221,-0.00878346732077,-0.00355618776671,-0.0514327453931,-0.0483844741355,-0.0229269517195,0.0425705966328,-0.00367036526551,-0.0030959752322,0.111820264479,0.002718144358,0.25,0.253823529412,0.111820264479,0.25,0.0137254901961,0.0161948650428,1,0.00147058823529,-0.0219011544012,-0.0588235294118,0.0588235294118,0,37,1,0,234,1,0.995744680851,0.00425531914894,0,0.973684210526,1,0.986666666667,0.984652666406,0.995744680851,0.973684210526,3,2,0,0,0,0
1355,WLNM_dir_neg,0.875,0.291666666667,00:00:00,10,40,1,1982697574,threshold_sweep,0.5,0.666666666667,1,0.8,2,1,0,3,1,0.75,0.25,0,0.666666666667,1,0.8,0.833333333333,0.5,0.666666666667,0.707106781187,0.75,37,35,2,0,37,0,35,0,2,17,37,0.136029411765,1.88235294118,4.35294117647,3.36363636364,2.84615384615,1.69341284359,0.389027274878,0.193958664547,2.09866904602,0.964253345467,0.518282988871,1.87867287326,0.863174022847,0.470588235294,0.786197569093,0.41766745858,2.25,1.88235294118,0.786197569093,2.25,0.166339869281,0.0612244897959,3,0.00441176470588,0.185952380952,17,17,17,1,0,0.352941176471,0.411764705882,0.235294117647,17,0.128676470588,1.90196078431,4.11764705882,3.18181818182,2.69230769231,1.57648156274,0.382859808093,0.201680672269,2.01465221053,0.978545359402,0.524369747899,1.74894926439,0.849489642704,0.463865546218,0.814492905316,0.428238537847,2.33333333333,1.90196078431,0.814492905316,2.33333333333,0,0,0,0,0.164242424242,17,17,17,1,0,0.352941176471,0.411764705882,0.235294117647,17,38,0.139705882353,2.13617647059,4.47058823529,3.16666666667,2.92307692308,1.69991349261,0.380243807557,0.19040247678,2.04723630062,0.915868871331,0.495356037152,1.92124346989,0.859503657582,0.467492260062,0.898017833571,0.420385602938,2.5,2.13617647059,0.898017833571,2.5,0.180065359477,0.0774193548387,4,0.00588235294118,0.164051226551,17,17,17,1,0,0.294117647059,0.470588235294,0.235294117647,1,0.00367647058824,0.253823529412,0.117647058824,-0.19696969697,0.0769230769231,0.00650064902221,-0.00878346732077,-0.00355618776671,-0.0514327453931,-0.0483844741355,-0.0229269517195,0.0425705966328,-0.00367036526551,-0.0030959752322,0.111820264479,0.002718144358,0.25,0.253823529412,0.111820264479,0.25,0.0137254901961,0.0161948650428,1,0.00147058823529,-0.0219011544012,-0.0588235294118,0.0588235294118,0,37,1,0,234,1,0.995744680851,0.00425531914894,0,0.973684210526,1,0.986666666667,0.984652666406,0.995744680851,0.973684210526,3,2,0,0,0,0
1356,WLNM_dir_neg,0.875,0.291666666667,00:00:00,10,40,1,1982697574,threshold_sweep,0.6,0.666666666667,1,0.8,2,1,0,3,1,0.75,0.25,0,0.666666666667,1,0.8,0.833333333333,0.5,0.666666666667,0.707106781187,0.75,37,35,2,0,37,0,35,0,2,17,37,0.136029411765,1.88235294118,4.35294117647,3.36363636364,2.84615384615,1.69341284359,0.389027274878,0.193958664547,2.09866904602,0.964253345467,0.518282988871,1.87867287326,0.863174022847,0.470588235294,0.786197569093,0.41766745858,2.25,1.88235294118,0.786197569093,2.25,0.166339869281,0.0612244897959,3,0.00441176470588,0.185952380952,17,17,17,1,0,0.352941176471,0.411764705882,0.235294117647,17,0.128676470588,1.90196078431,4.11764705882,3.18181818182,2.69230769231,1.57648156274,0.382859808093,0.201680672269,2.01465221053,0.978545359402,0.524369747899,1.74894926439,0.849489642704,0.463865546218,0.814492905316,0.428238537847,2.33333333333,1.90196078431,0.814492905316,2.33333333333,0,0,0,0,0.164242424242,17,17,17,1,0,0.352941176471,0.411764705882,0.235294117647,17,38,0.139705882353,2.13617647059,4.47058823529,3.16666666667,2.92307692308,1.69991349261,0.380243807557,0.19040247678,2.04723630062,0.915868871331,0.495356037152,1.92124346989,0.859503657582,0.467492260062,0.898017833571,0.420385602938,2.5,2.13617647059,0.898017833571,2.5,0.180065359477,0.0774193548387,4,0.00588235294118,0.164051226551,17,17,17,1,0,0.294117647059,0.470588235294,0.235294117647,1,0.00367647058824,0.253823529412,0.117647058824,-0.19696969697,0.0769230769231,0.00650064902221,-0.00878346732077,-0.00355618776671,-0.0514327453931,-0.0483844741355,-0.0229269517195,0.0425705966328,-0.00367036526551,-0.0030959752322,0.111820264479,0.002718144358,0.25,0.253823529412,0.111820264479,0.25,0.0137254901961,0.0161948650428,1,0.00147058823529,-0.0219011544012,-0.0588235294118,0.0588235294118,0,37,1,0,234,1,0.995744680851,0.00425531914894,0,0.973684210526,1,0.986666666667,0.984652666406,0.995744680851,0.973684210526,3,2,0,0,0,0
1357,WLNM_dir_neg,0.875,0.291666666667,00:00:00,10,40,1,1982697574,threshold_sweep,0.7,0.666666666667,1,0.8,2,1,0,3,1,0.75,0.25,0,0.666666666667,1,0.8,0.833333333333,0.5,0.666666666667,0.707106781187,0.75,37,35,2,0,37,0,35,0,2,17,37,0.136029411765,1.88235294118,4.35294117647,3.36363636364,2.84615384615,1.69341284359,0.389027274878,0.193958664547,2.09866904602,0.964253345467,0.518282988871,1.87867287326,0.863174022847,0.470588235294,0.786197569093,0.41766745858,2.25,1.88235294118,0.786197569093,2.25,0.166339869281,0.0612244897959,3,0.00441176470588,0.185952380952,17,17,17,1,0,0.352941176471,0.411764705882,0.235294117647,17,0.128676470588,1.90196078431,4.11764705882,3.18181818182,2.69230769231,1.57648156274,0.382859808093,0.201680672269,2.01465221053,0.978545359402,0.524369747899,1.74894926439,0.849489642704,0.463865546218,0.814492905316,0.428238537847,2.33333333333,1.90196078431,0.814492905316,2.33333333333,0,0,0,0,0.164242424242,17,17,17,1,0,0.352941176471,0.411764705882,0.235294117647,17,38,0.139705882353,2.13617647059,4.47058823529,3.16666666667,2.92307692308,1.69991349261,0.380243807557,0.19040247678,2.04723630062,0.915868871331,0.495356037152,1.92124346989,0.859503657582,0.467492260062,0.898017833571,0.420385602938,2.5,2.13617647059,0.898017833571,2.5,0.180065359477,0.0774193548387,4,0.00588235294118,0.164051226551,17,17,17,1,0,0.294117647059,0.470588235294,0.235294117647,1,0.00367647058824,0.253823529412,0.117647058824,-0.19696969697,0.0769230769231,0.00650064902221,-0.00878346732077,-0.00355618776671,-0.0514327453931,-0.0483844741355,-0.0229269517195,0.0425705966328,-0.00367036526551,-0.0030959752322,0.111820264479,0.002718144358,0.25,0.253823529412,0.111820264479,0.25,0.0137254901961,0.0161948650428,1,0.00147058823529,-0.0219011544012,-0.0588235294118,0.0588235294118,0,37,1,0,234,1,0.995744680851,0.00425531914894,0,0.973684210526,1,0.986666666667,0.984652666406,0.995744680851,0.973684210526,3,2,0,0,0,0
1358,WLNM_dir_neg,0.875,0.291666666667,00:00:00,10,40,1,1982697574,threshold_sweep,0.8,0.666666666667,1,0.8,2,1,0,3,1,0.75,0.25,0,0.666666666667,1,0.8,0.833333333333,0.5,0.666666666667,0.707106781187,0.75,37,35,2,0,37,0,35,0,2,17,37,0.136029411765,1.88235294118,4.35294117647,3.36363636364,2.84615384615,1.69341284359,0.389027274878,0.193958664547,2.09866904602,0.964253345467,0.518282988871,1.87867287326,0.863174022847,0.470588235294,0.786197569093,0.41766745858,2.25,1.88235294118,0.786197569093,2.25,0.166339869281,0.0612244897959,3,0.00441176470588,0.185952380952,17,17,17,1,0,0.352941176471,0.411764705882,0.235294117647,17,0.128676470588,1.90196078431,4.11764705882,3.18181818182,2.69230769231,1.57648156274,0.382859808093,0.201680672269,2.01465221053,0.978545359402,0.524369747899,1.74894926439,0.849489642704,0.463865546218,0.814492905316,0.428238537847,2.33333333333,1.90196078431,0.814492905316,2.33333333333,0,0,0,0,0.164242424242,17,17,17,1,0,0.352941176471,0.411764705882,0.235294117647,17,38,0.139705882353,2.13617647059,4.47058823529,3.16666666667,2.92307692308,1.69991349261,0.380243807557,0.19040247678,2.04723630062,0.915868871331,0.495356037152,1.92124346989,0.859503657582,0.467492260062,0.898017833571,0.420385602938,2.5,2.13617647059,0.898017833571,2.5,0.180065359477,0.0774193548387,4,0.00588235294118,0.164051226551,17,17,17,1,0,0.294117647059,0.470588235294,0.235294117647,1,0.00367647058824,0.253823529412,0.117647058824,-0.19696969697,0.0769230769231,0.00650064902221,-0.00878346732077,-0.00355618776671,-0.0514327453931,-0.0483844741355,-0.0229269517195,0.0425705966328,-0.00367036526551,-0.0030959752322,0.111820264479,0.002718144358,0.25,0.253823529412,0.111820264479,0.25,0.0137254901961,0.0161948650428,1,0.00147058823529,-0.0219011544012,-0.0588235294118,0.0588235294118,0,37,1,0,234,1,0.995744680851,0.00425531914894,0,0.973684210526,1,0.986666666667,0.984652666406,0.995744680851,0.973684210526,3,2,0,0,0,0
1359,WLNM_dir_neg,0.875,0.291666666667,00:00:00,10,40,1,1982697574,threshold_sweep,0.9,0.666666666667,1,0.8,2,1,0,3,1,0.75,0.25,0,0.666666666667,1,0.8,0.833333333333,0.5,0.666666666667,0.707106781187,0.75,37,35,2,0,37,0,35,0,2,17,37,0.136029411765,1.88235294118,4.35294117647,3.36363636364,2.84615384615,1.69341284359,0.389027274878,0.193958664547,2.09866904602,0.964253345467,0.518282988871,1.87867287326,0.863174022847,0.470588235294,0.786197569093,0.41766745858,2.25,1.88235294118,0.786197569093,2.25,0.166339869281,0.0612244897959,3,0.00441176470588,0.185952380952,17,17,17,1,0,0.352941176471,0.411764705882,0.235294117647,17,0.128676470588,1.90196078431,4.11764705882,3.18181818182,2.69230769231,1.57648156274,0.382859808093,0.201680672269,2.01465221053,0.978545359402,0.524369747899,1.74894926439,0.849489642704,0.463865546218,0.814492905316,0.428238537847,2.33333333333,1.90196078431,0.814492905316,2.33333333333,0,0,0,0,0.164242424242,17,17,17,1,0,0.352941176471,0.411764705882,0.235294117647,17,38,0.139705882353,2.13617647059,4.47058823529,3.16666666667,2.92307692308,1.69991349261,0.380243807557,0.19040247678,2.04723630062,0.915868871331,0.495356037152,1.92124346989,0.859503657582,0.467492260062,0.898017833571,0.420385602938,2.5,2.13617647059,0.898017833571,2.5,0.180065359477,0.0774193548387,4,0.00588235294118,0.164051226551,17,17,17,1,0,0.294117647059,0.470588235294,0.235294117647,1,0.00367647058824,0.253823529412,0.117647058824,-0.19696969697,0.0769230769231,0.00650064902221,-0.00878346732077,-0.00355618776671,-0.0514327453931,-0.0483844741355,-0.0229269517195,0.0425705966328,-0.00367036526551,-0.0030959752322,0.111820264479,0.002718144358,0.25,0.253823529412,0.111820264479,0.25,0.0137254901961,0.0161948650428,1,0.00147058823529,-0.0219011544012,-0.0588235294118,0.0588235294118,0,37,1,0,234,1,0.995744680851,0.00425531914894,0,0.973684210526,1,0.986666666667,0.984652666406,0.995744680851,0.973684210526,3,2,0,0,0,0
1360,WLNM_dir_neg,1,0.5,00:00:00,10,40,2,1982697575,threshold_sweep,0.1,1,1,1,2,0,0,4,1,1,0,0,1,1,1,1,0.555555555556,1,1,1,37,35,2,0,37,0,35,0,2,17,37,0.136029411765,1.88235294118,4.35294117647,3.36363636364,2.84615384615,1.69341284359,0.389027274878,0.193958664547,2.09866904602,0.964253345467,0.518282988871,1.87867287326,0.863174022847,0.470588235294,0.786197569093,0.41766745858,2.25,1.88235294118,0.786197569093,2.25,0.166339869281,0.0612244897959,3,0.00441176470588,0.185952380952,17,17,17,1,0,0.352941176471,0.411764705882,0.235294117647,17,0.128676470588,1.90196078431,4.11764705882,3.18181818182,2.69230769231,1.57648156274,0.382859808093,0.201680672269,2.01465221053,0.978545359402,0.524369747899,1.74894926439,0.849489642704,0.463865546218,0.814492905316,0.428238537847,2.33333333333,1.90196078431,0.814492905316,2.33333333333,0,0,0,0,0.164242424242,17,17,17,1,0,0.352941176471,0.411764705882,0.235294117647,17,37,0.136029411765,1.88235294118,4.35294117647,3.36363636364,2.84615384615,1.69341284359,0.389027274878,0.193958664547,2.09866904602,0.964253345467,0.518282988871,1.87867287326,0.863174022847,0.470588235294,0.786197569093,0.41766745858,2.25,1.88235294118,0.786197569093,2.25,0.166339869281,0.0612244897959,3,0.00441176470588,0.185952380952,17,17,17,1,0,0.352941176471,0.411764705882,0.235294117647,0,0,0,0,0,0,0,0,0,0,0,0,0,0,0,0,0,0,0,0,0,0,0,0,0,0,0,0,0,37,0,0,235,1,1,0,0,1,1,1,1,1,1,2,2,0,0,0,0
1361,WLNM_dir_neg,1,0.5,00:00:00,10,40,2,1982697575,threshold_sweep,0.2,1,1,1,2,0,0,4,1,1,0,0,1,1,1,1,0.555555555556,1,1,1,37,35,2,0,37,0,35,0,2,17,37,0.136029411765,1.88235294118,4.35294117647,3.36363636364,2.84615384615,1.69341284359,0.389027274878,0.193958664547,2.09866904602,0.964253345467,0.518282988871,1.87867287326,0.863174022847,0.470588235294,0.786197569093,0.41766745858,2.25,1.88235294118,0.786197569093,2.25,0.166339869281,0.0612244897959,3,0.00441176470588,0.185952380952,17,17,17,1,0,0.352941176471,0.411764705882,0.235294117647,17,0.128676470588,1.90196078431,4.11764705882,3.18181818182,2.69230769231,1.57648156274,0.382859808093,0.201680672269,2.01465221053,0.978545359402,0.524369747899,1.74894926439,0.849489642704,0.463865546218,0.814492905316,0.428238537847,2.33333333333,1.90196078431,0.814492905316,2.33333333333,0,0,0,0,0.164242424242,17,17,17,1,0,0.352941176471,0.411764705882,0.235294117647,17,37,0.136029411765,1.88235294118,4.35294117647,3.36363636364,2.84615384615,1.69341284359,0.389027274878,0.193958664547,2.09866904602,0.964253345467,0.518282988871,1.87867287326,0.863174022847,0.470588235294,0.786197569093,0.41766745858,2.25,1.88235294118,0.786197569093,2.25,0.166339869281,0.0612244897959,3,0.00441176470588,0.185952380952,17,17,17,1,0,0.352941176471,0.411764705882,0.235294117647,0,0,0,0,0,0,0,0,0,0,0,0,0,0,0,0,0,0,0,0,0,0,0,0,0,0,0,0,0,37,0,0,235,1,1,0,0,1,1,1,1,1,1,2,2,0,0,0,0
1362,WLNM_dir_neg,1,0.5,00:00:00,10,40,2,1982697575,threshold_sweep,0.3,1,1,1,2,0,0,4,1,1,0,0,1,1,1,1,0.555555555556,1,1,1,37,35,2,0,37,0,35,0,2,17,37,0.136029411765,1.88235294118,4.35294117647,3.36363636364,2.84615384615,1.69341284359,0.389027274878,0.193958664547,2.09866904602,0.964253345467,0.518282988871,1.87867287326,0.863174022847,0.470588235294,0.786197569093,0.41766745858,2.25,1.88235294118,0.786197569093,2.25,0.166339869281,0.0612244897959,3,0.00441176470588,0.185952380952,17,17,17,1,0,0.352941176471,0.411764705882,0.235294117647,17,0.128676470588,1.90196078431,4.11764705882,3.18181818182,2.69230769231,1.57648156274,0.382859808093,0.201680672269,2.01465221053,0.978545359402,0.524369747899,1.74894926439,0.849489642704,0.463865546218,0.814492905316,0.428238537847,2.33333333333,1.90196078431,0.814492905316,2.33333333333,0,0,0,0,0.164242424242,17,17,17,1,0,0.352941176471,0.411764705882,0.235294117647,17,37,0.136029411765,1.88235294118,4.35294117647,3.36363636364,2.84615384615,1.69341284359,0.389027274878,0.193958664547,2.09866904602,0.964253345467,0.518282988871,1.87867287326,0.863174022847,0.470588235294,0.786197569093,0.41766745858,2.25,1.88235294118,0.786197569093,2.25,0.166339869281,0.0612244897959,3,0.00441176470588,0.185952380952,17,17,17,1,0,0.352941176471,0.411764705882,0.235294117647,0,0,0,0,0,0,0,0,0,0,0,0,0,0,0,0,0,0,0,0,0,0,0,0,0,0,0,0,0,37,0,0,235,1,1,0,0,1,1,1,1,1,1,2,2,0,0,0,0
1363,WLNM_dir_neg,1,0.5,00:00:00,10,40,2,1982697575,threshold_sweep,0.4,1,0.5,0.666666666667,1,0,1,4,0.5,1,0,0.5,1,0.5,0.666666666667,0.833333333333,0.611111111111,0.571428571429,0.632455532034,0.5,37,35,2,0,37,0,35,0,2,17,37,0.136029411765,1.88235294118,4.35294117647,3.36363636364,2.84615384615,1.69341284359,0.389027274878,0.193958664547,2.09866904602,0.964253345467,0.518282988871,1.87867287326,0.863174022847,0.470588235294,0.786197569093,0.41766745858,2.25,1.88235294118,0.786197569093,2.25,0.166339869281,0.0612244897959,3,0.00441176470588,0.185952380952,17,17,17,1,0,0.352941176471,0.411764705882,0.235294117647,17,0.128676470588,1.90196078431,4.11764705882,3.18181818182,2.69230769231,1.57648156274,0.382859808093,0.201680672269,2.01465221053,0.978545359402,0.524369747899,1.74894926439,0.849489642704,0.463865546218,0.814492905316,0.428238537847,2.33333333333,1.90196078431,0.814492905316,2.33333333333,0,0,0,0,0.164242424242,17,17,17,1,0,0.352941176471,0.411764705882,0.235294117647,17,36,0.132352941176,1.89705882353,4.23529411765,3.27272727273,2.76923076923,1.71498585143,0.40492721492,0.204248366013,2.05798302171,0.971825315808,0.522875816993,1.79869233546,0.849382491746,0.464052287582,0.805541469338,0.424626510969,2.25,1.89705882353,0.805541469338,2.25,0.0702614379085,0.0214285714286,1,0.00147058823529,0.175454545455,17,17,17,1,0,0.352941176471,0.411764705882,0.235294117647,-1,-0.00367647058824,0.0147058823529,-0.117647058824,-0.0909090909091,-0.0769230769231,0.0215730078386,0.0158999400418,0.0102897014662,-0.0406860243059,0.00757197034072,0.00459282812224,-0.0799805377942,-0.0137915311015,-0.00653594771242,0.0193439002456,0.00695905238854,0,0.0147058823529,0.0193439002456,0,-0.0960784313725,-0.0397959183673,-2,-0.00294117647059,-0.0104978354978,0,0,0,36,0,1,235,0.972972972973,1,0,0.027027027027,1,0.972972972973,0.986301369863,0.984301887704,0.972972972973,0.972972972973,1,2,0,0,0,0
1364,WLNM_dir_neg,1,0.5,00:00:00,10,40,2,1982697575,threshold_sweep,0.5,1,0.5,0.666666666667,1,0,1,4,0.5,1,0,0.5,1,0.5,0.666666666667,0.833333333333,0.611111111111,0.571428571429,0.632455532034,0.5,37,35,2,0,37,0,35,0,2,17,37,0.136029411765,1.88235294118,4.35294117647,3.36363636364,2.84615384615,1.69341284359,0.389027274878,0.193958664547,2.09866904602,0.964253345467,0.518282988871,1.87867287326,0.863174022847,0.470588235294,0.786197569093,0.41766745858,2.25,1.88235294118,0.786197569093,2.25,0.166339869281,0.0612244897959,3,0.00441176470588,0.185952380952,17,17,17,1,0,0.352941176471,0.411764705882,0.235294117647,17,0.128676470588,1.90196078431,4.11764705882,3.18181818182,2.69230769231,1.57648156274,0.382859808093,0.201680672269,2.01465221053,0.978545359402,0.524369747899,1.74894926439,0.849489642704,0.463865546218,0.814492905316,0.428238537847,2.33333333333,1.90196078431,0.814492905316,2.33333333333,0,0,0,0,0.164242424242,17,17,17,1,0,0.352941176471,0.411764705882,0.235294117647,17,36,0.132352941176,1.89705882353,4.23529411765,3.27272727273,2.76923076923,1.71498585143,0.40492721492,0.204248366013,2.05798302171,0.971825315808,0.522875816993,1.79869233546,0.849382491746,0.464052287582,0.805541469338,0.424626510969,2.25,1.89705882353,0.805541469338,2.25,0.0702614379085,0.0214285714286,1,0.00147058823529,0.175454545455,17,17,17,1,0,0.352941176471,0.411764705882,0.235294117647,-1,-0.00367647058824,0.0147058823529,-0.117647058824,-0.0909090909091,-0.0769230769231,0.0215730078386,0.0158999400418,0.0102897014662,-0.0406860243059,0.00757197034072,0.00459282812224,-0.0799805377942,-0.0137915311015,-0.00653594771242,0.0193439002456,0.00695905238854,0,0.0147058823529,0.0193439002456,0,-0.0960784313725,-0.0397959183673,-2,-0.00294117647059,-0.0104978354978,0,0,0,36,0,1,235,0.972972972973,1,0,0.027027027027,1,0.972972972973,0.986301369863,0.984301887704,0.972972972973,0.972972972973,1,2,0,0,0,0
1365,WLNM_dir_neg,1,0.5,00:00:00,10,40,2,1982697575,threshold_sweep,0.6,1,0.5,0.666666666667,1,0,1,4,0.5,1,0,0.5,1,0.5,0.666666666667,0.833333333333,0.611111111111,0.571428571429,0.632455532034,0.5,37,35,2,0,37,0,35,0,2,17,37,0.136029411765,1.88235294118,4.35294117647,3.36363636364,2.84615384615,1.69341284359,0.389027274878,0.193958664547,2.09866904602,0.964253345467,0.518282988871,1.87867287326,0.863174022847,0.470588235294,0.786197569093,0.41766745858,2.25,1.88235294118,0.786197569093,2.25,0.166339869281,0.0612244897959,3,0.00441176470588,0.185952380952,17,17,17,1,0,0.352941176471,0.411764705882,0.235294117647,17,0.128676470588,1.90196078431,4.11764705882,3.18181818182,2.69230769231,1.57648156274,0.382859808093,0.201680672269,2.01465221053,0.978545359402,0.524369747899,1.74894926439,0.849489642704,0.463865546218,0.814492905316,0.428238537847,2.33333333333,1.90196078431,0.814492905316,2.33333333333,0,0,0,0,0.164242424242,17,17,17,1,0,0.352941176471,0.411764705882,0.235294117647,17,36,0.132352941176,1.89705882353,4.23529411765,3.27272727273,2.76923076923,1.71498585143,0.40492721492,0.204248366013,2.05798302171,0.971825315808,0.522875816993,1.79869233546,0.849382491746,0.464052287582,0.805541469338,0.424626510969,2.25,1.89705882353,0.805541469338,2.25,0.0702614379085,0.0214285714286,1,0.00147058823529,0.175454545455,17,17,17,1,0,0.352941176471,0.411764705882,0.235294117647,-1,-0.00367647058824,0.0147058823529,-0.117647058824,-0.0909090909091,-0.0769230769231,0.0215730078386,0.0158999400418,0.0102897014662,-0.0406860243059,0.00757197034072,0.00459282812224,-0.0799805377942,-0.0137915311015,-0.00653594771242,0.0193439002456,0.00695905238854,0,0.0147058823529,0.0193439002456,0,-0.0960784313725,-0.0397959183673,-2,-0.00294117647059,-0.0104978354978,0,0,0,36,0,1,235,0.972972972973,1,0,0.027027027027,1,0.972972972973,0.986301369863,0.984301887704,0.972972972973,0.972972972973,1,2,0,0,0,0
1366,WLNM_dir_neg,1,0.5,00:00:00,10,40,2,1982697575,threshold_sweep,0.7,1,0.5,0.666666666667,1,0,1,4,0.5,1,0,0.5,1,0.5,0.666666666667,0.833333333333,0.611111111111,0.571428571429,0.632455532034,0.5,37,35,2,0,37,0,35,0,2,17,37,0.136029411765,1.88235294118,4.35294117647,3.36363636364,2.84615384615,1.69341284359,0.389027274878,0.193958664547,2.09866904602,0.964253345467,0.518282988871,1.87867287326,0.863174022847,0.470588235294,0.786197569093,0.41766745858,2.25,1.88235294118,0.786197569093,2.25,0.166339869281,0.0612244897959,3,0.00441176470588,0.185952380952,17,17,17,1,0,0.352941176471,0.411764705882,0.235294117647,17,0.128676470588,1.90196078431,4.11764705882,3.18181818182,2.69230769231,1.57648156274,0.382859808093,0.201680672269,2.01465221053,0.978545359402,0.524369747899,1.74894926439,0.849489642704,0.463865546218,0.814492905316,0.428238537847,2.33333333333,1.90196078431,0.814492905316,2.33333333333,0,0,0,0,0.164242424242,17,17,17,1,0,0.352941176471,0.411764705882,0.235294117647,17,36,0.132352941176,1.89705882353,4.23529411765,3.27272727273,2.76923076923,1.71498585143,0.40492721492,0.204248366013,2.05798302171,0.971825315808,0.522875816993,1.79869233546,0.849382491746,0.464052287582,0.805541469338,0.424626510969,2.25,1.89705882353,0.805541469338,2.25,0.0702614379085,0.0214285714286,1,0.00147058823529,0.175454545455,17,17,17,1,0,0.352941176471,0.411764705882,0.235294117647,-1,-0.00367647058824,0.0147058823529,-0.117647058824,-0.0909090909091,-0.0769230769231,0.0215730078386,0.0158999400418,0.0102897014662,-0.0406860243059,0.00757197034072,0.00459282812224,-0.0799805377942,-0.0137915311015,-0.00653594771242,0.0193439002456,0.00695905238854,0,0.0147058823529,0.0193439002456,0,-0.0960784313725,-0.0397959183673,-2,-0.00294117647059,-0.0104978354978,0,0,0,36,0,1,235,0.972972972973,1,0,0.027027027027,1,0.972972972973,0.986301369863,0.984301887704,0.972972972973,0.972972972973,1,2,0,0,0,0
1367,WLNM_dir_neg,1,0.5,00:00:00,10,40,2,1982697575,threshold_sweep,0.8,1,0.5,0.666666666667,1,0,1,4,0.5,1,0,0.5,1,0.5,0.666666666667,0.833333333333,0.611111111111,0.571428571429,0.632455532034,0.5,37,35,2,0,37,0,35,0,2,17,37,0.136029411765,1.88235294118,4.35294117647,3.36363636364,2.84615384615,1.69341284359,0.389027274878,0.193958664547,2.09866904602,0.964253345467,0.518282988871,1.87867287326,0.863174022847,0.470588235294,0.786197569093,0.41766745858,2.25,1.88235294118,0.786197569093,2.25,0.166339869281,0.0612244897959,3,0.00441176470588,0.185952380952,17,17,17,1,0,0.352941176471,0.411764705882,0.235294117647,17,0.128676470588,1.90196078431,4.11764705882,3.18181818182,2.69230769231,1.57648156274,0.382859808093,0.201680672269,2.01465221053,0.978545359402,0.524369747899,1.74894926439,0.849489642704,0.463865546218,0.814492905316,0.428238537847,2.33333333333,1.90196078431,0.814492905316,2.33333333333,0,0,0,0,0.164242424242,17,17,17,1,0,0.352941176471,0.411764705882,0.235294117647,17,36,0.132352941176,1.89705882353,4.23529411765,3.27272727273,2.76923076923,1.71498585143,0.40492721492,0.204248366013,2.05798302171,0.971825315808,0.522875816993,1.79869233546,0.849382491746,0.464052287582,0.805541469338,0.424626510969,2.25,1.89705882353,0.805541469338,2.25,0.0702614379085,0.0214285714286,1,0.00147058823529,0.175454545455,17,17,17,1,0,0.352941176471,0.411764705882,0.235294117647,-1,-0.00367647058824,0.0147058823529,-0.117647058824,-0.0909090909091,-0.0769230769231,0.0215730078386,0.0158999400418,0.0102897014662,-0.0406860243059,0.00757197034072,0.00459282812224,-0.0799805377942,-0.0137915311015,-0.00653594771242,0.0193439002456,0.00695905238854,0,0.0147058823529,0.0193439002456,0,-0.0960784313725,-0.0397959183673,-2,-0.00294117647059,-0.0104978354978,0,0,0,36,0,1,235,0.972972972973,1,0,0.027027027027,1,0.972972972973,0.986301369863,0.984301887704,0.972972972973,0.972972972973,1,2,0,0,0,0
1368,WLNM_dir_neg,1,0.5,00:00:00,10,40,2,1982697575,threshold_sweep,0.9,1,0.5,0.666666666667,1,0,1,4,0.5,1,0,0.5,1,0.5,0.666666666667,0.833333333333,0.611111111111,0.571428571429,0.632455532034,0.5,37,35,2,0,37,0,35,0,2,17,37,0.136029411765,1.88235294118,4.35294117647,3.36363636364,2.84615384615,1.69341284359,0.389027274878,0.193958664547,2.09866904602,0.964253345467,0.518282988871,1.87867287326,0.863174022847,0.470588235294,0.786197569093,0.41766745858,2.25,1.88235294118,0.786197569093,2.25,0.166339869281,0.0612244897959,3,0.00441176470588,0.185952380952,17,17,17,1,0,0.352941176471,0.411764705882,0.235294117647,17,0.128676470588,1.90196078431,4.11764705882,3.18181818182,2.69230769231,1.57648156274,0.382859808093,0.201680672269,2.01465221053,0.978545359402,0.524369747899,1.74894926439,0.849489642704,0.463865546218,0.814492905316,0.428238537847,2.33333333333,1.90196078431,0.814492905316,2.33333333333,0,0,0,0,0.164242424242,17,17,17,1,0,0.352941176471,0.411764705882,0.235294117647,17,36,0.132352941176,1.89705882353,4.23529411765,3.27272727273,2.76923076923,1.71498585143,0.40492721492,0.204248366013,2.05798302171,0.971825315808,0.522875816993,1.79869233546,0.849382491746,0.464052287582,0.805541469338,0.424626510969,2.25,1.89705882353,0.805541469338,2.25,0.0702614379085,0.0214285714286,1,0.00147058823529,0.175454545455,17,17,17,1,0,0.352941176471,0.411764705882,0.235294117647,-1,-0.00367647058824,0.0147058823529,-0.117647058824,-0.0909090909091,-0.0769230769231,0.0215730078386,0.0158999400418,0.0102897014662,-0.0406860243059,0.00757197034072,0.00459282812224,-0.0799805377942,-0.0137915311015,-0.00653594771242,0.0193439002456,0.00695905238854,0,0.0147058823529,0.0193439002456,0,-0.0960784313725,-0.0397959183673,-2,-0.00294117647059,-0.0104978354978,0,0,0,36,0,1,235,0.972972972973,1,0,0.027027027027,1,0.972972972973,0.986301369863,0.984301887704,0.972972972973,0.972972972973,1,2,0,0,0,0
1369,WLNM_dir_neg,0.75,0.416666666667,00:00:00,10,40,3,1982697576,threshold_sweep,0.1,0.666666666667,1,0.8,2,1,0,3,1,0.75,0.25,0,0.666666666667,1,0.8,0.833333333333,0.5,0.666666666667,0.707106781187,0.75,37,35,2,0,37,0,35,0,2,17,37,0.136029411765,1.88235294118,4.35294117647,3.36363636364,2.84615384615,1.69341284359,0.389027274878,0.193958664547,2.09866904602,0.964253345467,0.518282988871,1.87867287326,0.863174022847,0.470588235294,0.786197569093,0.41766745858,2.25,1.88235294118,0.786197569093,2.25,0.166339869281,0.0612244897959,3,0.00441176470588,0.185952380952,17,17,17,1,0,0.352941176471,0.411764705882,0.235294117647,17,0.128676470588,1.90196078431,4.11764705882,3.18181818182,2.69230769231,1.57648156274,0.382859808093,0.201680672269,2.01465221053,0.978545359402,0.524369747899,1.74894926439,0.849489642704,0.463865546218,0.814492905316,0.428238537847,2.33333333333,1.90196078431,0.814492905316,2.33333333333,0,0,0,0,0.164242424242,17,17,17,1,0,0.352941176471,0.411764705882,0.235294117647,17,38,0.139705882353,2.13617647059,4.47058823529,3.16666666667,2.92307692308,1.69991349261,0.380243807557,0.19040247678,2.04723630062,0.915868871331,0.495356037152,1.92124346989,0.859503657582,0.467492260062,0.898017833571,0.420385602938,2.5,2.13617647059,0.898017833571,2.5,0.180065359477,0.0774193548387,4,0.00588235294118,0.164051226551,17,17,17,1,0,0.294117647059,0.470588235294,0.235294117647,1,0.00367647058824,0.253823529412,0.117647058824,-0.19696969697,0.0769230769231,0.00650064902221,-0.00878346732077,-0.00355618776671,-0.0514327453931,-0.0483844741355,-0.0229269517195,0.0425705966328,-0.00367036526551,-0.0030959752322,0.111820264479,0.002718144358,0.25,0.253823529412,0.111820264479,0.25,0.0137254901961,0.0161948650428,1,0.00147058823529,-0.0219011544012,-0.0588235294118,0.0588235294118,0,37,1,0,234,1,0.995744680851,0.00425531914894,0,0.973684210526,1,0.986666666667,0.984652666406,0.995744680851,0.973684210526,3,2,0,0,0,0
1370,WLNM_dir_neg,0.75,0.416666666667,00:00:00,10,40,3,1982697576,threshold_sweep,0.2,0.666666666667,1,0.8,2,1,0,3,1,0.75,0.25,0,0.666666666667,1,0.8,0.833333333333,0.5,0.666666666667,0.707106781187,0.75,37,35,2,0,37,0,35,0,2,17,37,0.136029411765,1.88235294118,4.35294117647,3.36363636364,2.84615384615,1.69341284359,0.389027274878,0.193958664547,2.09866904602,0.964253345467,0.518282988871,1.87867287326,0.863174022847,0.470588235294,0.786197569093,0.41766745858,2.25,1.88235294118,0.786197569093,2.25,0.166339869281,0.0612244897959,3,0.00441176470588,0.185952380952,17,17,17,1,0,0.352941176471,0.411764705882,0.235294117647,17,0.128676470588,1.90196078431,4.11764705882,3.18181818182,2.69230769231,1.57648156274,0.382859808093,0.201680672269,2.01465221053,0.978545359402,0.524369747899,1.74894926439,0.849489642704,0.463865546218,0.814492905316,0.428238537847,2.33333333333,1.90196078431,0.814492905316,2.33333333333,0,0,0,0,0.164242424242,17,17,17,1,0,0.352941176471,0.411764705882,0.235294117647,17,38,0.139705882353,2.13617647059,4.47058823529,3.16666666667,2.92307692308,1.69991349261,0.380243807557,0.19040247678,2.04723630062,0.915868871331,0.495356037152,1.92124346989,0.859503657582,0.467492260062,0.898017833571,0.420385602938,2.5,2.13617647059,0.898017833571,2.5,0.180065359477,0.0774193548387,4,0.00588235294118,0.164051226551,17,17,17,1,0,0.294117647059,0.470588235294,0.235294117647,1,0.00367647058824,0.253823529412,0.117647058824,-0.19696969697,0.0769230769231,0.00650064902221,-0.00878346732077,-0.00355618776671,-0.0514327453931,-0.0483844741355,-0.0229269517195,0.0425705966328,-0.00367036526551,-0.0030959752322,0.111820264479,0.002718144358,0.25,0.253823529412,0.111820264479,0.25,0.0137254901961,0.0161948650428,1,0.00147058823529,-0.0219011544012,-0.0588235294118,0.0588235294118,0,37,1,0,234,1,0.995744680851,0.00425531914894,0,0.973684210526,1,0.986666666667,0.984652666406,0.995744680851,0.973684210526,3,2,0,0,0,0
1371,WLNM_dir_neg,0.75,0.416666666667,00:00:00,10,40,3,1982697576,threshold_sweep,0.3,0.666666666667,1,0.8,2,1,0,3,1,0.75,0.25,0,0.666666666667,1,0.8,0.833333333333,0.5,0.666666666667,0.707106781187,0.75,37,35,2,0,37,0,35,0,2,17,37,0.136029411765,1.88235294118,4.35294117647,3.36363636364,2.84615384615,1.69341284359,0.389027274878,0.193958664547,2.09866904602,0.964253345467,0.518282988871,1.87867287326,0.863174022847,0.470588235294,0.786197569093,0.41766745858,2.25,1.88235294118,0.786197569093,2.25,0.166339869281,0.0612244897959,3,0.00441176470588,0.185952380952,17,17,17,1,0,0.352941176471,0.411764705882,0.235294117647,17,0.128676470588,1.90196078431,4.11764705882,3.18181818182,2.69230769231,1.57648156274,0.382859808093,0.201680672269,2.01465221053,0.978545359402,0.524369747899,1.74894926439,0.849489642704,0.463865546218,0.814492905316,0.428238537847,2.33333333333,1.90196078431,0.814492905316,2.33333333333,0,0,0,0,0.164242424242,17,17,17,1,0,0.352941176471,0.411764705882,0.235294117647,17,38,0.139705882353,2.13617647059,4.47058823529,3.16666666667,2.92307692308,1.69991349261,0.380243807557,0.19040247678,2.04723630062,0.915868871331,0.495356037152,1.92124346989,0.859503657582,0.467492260062,0.898017833571,0.420385602938,2.5,2.13617647059,0.898017833571,2.5,0.180065359477,0.0774193548387,4,0.00588235294118,0.164051226551,17,17,17,1,0,0.294117647059,0.470588235294,0.235294117647,1,0.00367647058824,0.253823529412,0.117647058824,-0.19696969697,0.0769230769231,0.00650064902221,-0.00878346732077,-0.00355618776671,-0.0514327453931,-0.0483844741355,-0.0229269517195,0.0425705966328,-0.00367036526551,-0.0030959752322,0.111820264479,0.002718144358,0.25,0.253823529412,0.111820264479,0.25,0.0137254901961,0.0161948650428,1,0.00147058823529,-0.0219011544012,-0.0588235294118,0.0588235294118,0,37,1,0,234,1,0.995744680851,0.00425531914894,0,0.973684210526,1,0.986666666667,0.984652666406,0.995744680851,0.973684210526,3,2,0,0,0,0
1372,WLNM_dir_neg,0.75,0.416666666667,00:00:00,10,40,3,1982697576,threshold_sweep,0.4,0.666666666667,1,0.8,2,1,0,3,1,0.75,0.25,0,0.666666666667,1,0.8,0.833333333333,0.5,0.666666666667,0.707106781187,0.75,37,35,2,0,37,0,35,0,2,17,37,0.136029411765,1.88235294118,4.35294117647,3.36363636364,2.84615384615,1.69341284359,0.389027274878,0.193958664547,2.09866904602,0.964253345467,0.518282988871,1.87867287326,0.863174022847,0.470588235294,0.786197569093,0.41766745858,2.25,1.88235294118,0.786197569093,2.25,0.166339869281,0.0612244897959,3,0.00441176470588,0.185952380952,17,17,17,1,0,0.352941176471,0.411764705882,0.235294117647,17,0.128676470588,1.90196078431,4.11764705882,3.18181818182,2.69230769231,1.57648156274,0.382859808093,0.201680672269,2.01465221053,0.978545359402,0.524369747899,1.74894926439,0.849489642704,0.463865546218,0.814492905316,0.428238537847,2.33333333333,1.90196078431,0.814492905316,2.33333333333,0,0,0,0,0.164242424242,17,17,17,1,0,0.352941176471,0.411764705882,0.235294117647,17,38,0.139705882353,2.13617647059,4.47058823529,3.16666666667,2.92307692308,1.69991349261,0.380243807557,0.19040247678,2.04723630062,0.915868871331,0.495356037152,1.92124346989,0.859503657582,0.467492260062,0.898017833571,0.420385602938,2.5,2.13617647059,0.898017833571,2.5,0.180065359477,0.0774193548387,4,0.00588235294118,0.164051226551,17,17,17,1,0,0.294117647059,0.470588235294,0.235294117647,1,0.00367647058824,0.253823529412,0.117647058824,-0.19696969697,0.0769230769231,0.00650064902221,-0.00878346732077,-0.00355618776671,-0.0514327453931,-0.0483844741355,-0.0229269517195,0.0425705966328,-0.00367036526551,-0.0030959752322,0.111820264479,0.002718144358,0.25,0.253823529412,0.111820264479,0.25,0.0137254901961,0.0161948650428,1,0.00147058823529,-0.0219011544012,-0.0588235294118,0.0588235294118,0,37,1,0,234,1,0.995744680851,0.00425531914894,0,0.973684210526,1,0.986666666667,0.984652666406,0.995744680851,0.973684210526,3,2,0,0,0,0
1373,WLNM_dir_neg,0.75,0.416666666667,00:00:00,10,40,3,1982697576,threshold_sweep,0.5,0.666666666667,1,0.8,2,1,0,3,1,0.75,0.25,0,0.666666666667,1,0.8,0.833333333333,0.5,0.666666666667,0.707106781187,0.75,37,35,2,0,37,0,35,0,2,17,37,0.136029411765,1.88235294118,4.35294117647,3.36363636364,2.84615384615,1.69341284359,0.389027274878,0.193958664547,2.09866904602,0.964253345467,0.518282988871,1.87867287326,0.863174022847,0.470588235294,0.786197569093,0.41766745858,2.25,1.88235294118,0.786197569093,2.25,0.166339869281,0.0612244897959,3,0.00441176470588,0.185952380952,17,17,17,1,0,0.352941176471,0.411764705882,0.235294117647,17,0.128676470588,1.90196078431,4.11764705882,3.18181818182,2.69230769231,1.57648156274,0.382859808093,0.201680672269,2.01465221053,0.978545359402,0.524369747899,1.74894926439,0.849489642704,0.463865546218,0.814492905316,0.428238537847,2.33333333333,1.90196078431,0.814492905316,2.33333333333,0,0,0,0,0.164242424242,17,17,17,1,0,0.352941176471,0.411764705882,0.235294117647,17,38,0.139705882353,2.13617647059,4.47058823529,3.16666666667,2.92307692308,1.69991349261,0.380243807557,0.19040247678,2.04723630062,0.915868871331,0.495356037152,1.92124346989,0.859503657582,0.467492260062,0.898017833571,0.420385602938,2.5,2.13617647059,0.898017833571,2.5,0.180065359477,0.0774193548387,4,0.00588235294118,0.164051226551,17,17,17,1,0,0.294117647059,0.470588235294,0.235294117647,1,0.00367647058824,0.253823529412,0.117647058824,-0.19696969697,0.0769230769231,0.00650064902221,-0.00878346732077,-0.00355618776671,-0.0514327453931,-0.0483844741355,-0.0229269517195,0.0425705966328,-0.00367036526551,-0.0030959752322,0.111820264479,0.002718144358,0.25,0.253823529412,0.111820264479,0.25,0.0137254901961,0.0161948650428,1,0.00147058823529,-0.0219011544012,-0.0588235294118,0.0588235294118,0,37,1,0,234,1,0.995744680851,0.00425531914894,0,0.973684210526,1,0.986666666667,0.984652666406,0.995744680851,0.973684210526,3,2,0,0,0,0
1374,WLNM_dir_neg,0.75,0.416666666667,00:00:00,10,40,3,1982697576,threshold_sweep,0.6,0.666666666667,1,0.8,2,1,0,3,1,0.75,0.25,0,0.666666666667,1,0.8,0.833333333333,0.5,0.666666666667,0.707106781187,0.75,37,35,2,0,37,0,35,0,2,17,37,0.136029411765,1.88235294118,4.35294117647,3.36363636364,2.84615384615,1.69341284359,0.389027274878,0.193958664547,2.09866904602,0.964253345467,0.518282988871,1.87867287326,0.863174022847,0.470588235294,0.786197569093,0.41766745858,2.25,1.88235294118,0.786197569093,2.25,0.166339869281,0.0612244897959,3,0.00441176470588,0.185952380952,17,17,17,1,0,0.352941176471,0.411764705882,0.235294117647,17,0.128676470588,1.90196078431,4.11764705882,3.18181818182,2.69230769231,1.57648156274,0.382859808093,0.201680672269,2.01465221053,0.978545359402,0.524369747899,1.74894926439,0.849489642704,0.463865546218,0.814492905316,0.428238537847,2.33333333333,1.90196078431,0.814492905316,2.33333333333,0,0,0,0,0.164242424242,17,17,17,1,0,0.352941176471,0.411764705882,0.235294117647,17,38,0.139705882353,2.13617647059,4.47058823529,3.16666666667,2.92307692308,1.69991349261,0.380243807557,0.19040247678,2.04723630062,0.915868871331,0.495356037152,1.92124346989,0.859503657582,0.467492260062,0.898017833571,0.420385602938,2.5,2.13617647059,0.898017833571,2.5,0.180065359477,0.0774193548387,4,0.00588235294118,0.164051226551,17,17,17,1,0,0.294117647059,0.470588235294,0.235294117647,1,0.00367647058824,0.253823529412,0.117647058824,-0.19696969697,0.0769230769231,0.00650064902221,-0.00878346732077,-0.00355618776671,-0.0514327453931,-0.0483844741355,-0.0229269517195,0.0425705966328,-0.00367036526551,-0.0030959752322,0.111820264479,0.002718144358,0.25,0.253823529412,0.111820264479,0.25,0.0137254901961,0.0161948650428,1,0.00147058823529,-0.0219011544012,-0.0588235294118,0.0588235294118,0,37,1,0,234,1,0.995744680851,0.00425531914894,0,0.973684210526,1,0.986666666667,0.984652666406,0.995744680851,0.973684210526,3,2,0,0,0,0
1375,WLNM_dir_neg,0.75,0.416666666667,00:00:00,10,40,3,1982697576,threshold_sweep,0.7,0.666666666667,1,0.8,2,1,0,3,1,0.75,0.25,0,0.666666666667,1,0.8,0.833333333333,0.5,0.666666666667,0.707106781187,0.75,37,35,2,0,37,0,35,0,2,17,37,0.136029411765,1.88235294118,4.35294117647,3.36363636364,2.84615384615,1.69341284359,0.389027274878,0.193958664547,2.09866904602,0.964253345467,0.518282988871,1.87867287326,0.863174022847,0.470588235294,0.786197569093,0.41766745858,2.25,1.88235294118,0.786197569093,2.25,0.166339869281,0.0612244897959,3,0.00441176470588,0.185952380952,17,17,17,1,0,0.352941176471,0.411764705882,0.235294117647,17,0.128676470588,1.90196078431,4.11764705882,3.18181818182,2.69230769231,1.57648156274,0.382859808093,0.201680672269,2.01465221053,0.978545359402,0.524369747899,1.74894926439,0.849489642704,0.463865546218,0.814492905316,0.428238537847,2.33333333333,1.90196078431,0.814492905316,2.33333333333,0,0,0,0,0.164242424242,17,17,17,1,0,0.352941176471,0.411764705882,0.235294117647,17,38,0.139705882353,2.13617647059,4.47058823529,3.16666666667,2.92307692308,1.69991349261,0.380243807557,0.19040247678,2.04723630062,0.915868871331,0.495356037152,1.92124346989,0.859503657582,0.467492260062,0.898017833571,0.420385602938,2.5,2.13617647059,0.898017833571,2.5,0.180065359477,0.0774193548387,4,0.00588235294118,0.164051226551,17,17,17,1,0,0.294117647059,0.470588235294,0.235294117647,1,0.00367647058824,0.253823529412,0.117647058824,-0.19696969697,0.0769230769231,0.00650064902221,-0.00878346732077,-0.00355618776671,-0.0514327453931,-0.0483844741355,-0.0229269517195,0.0425705966328,-0.00367036526551,-0.0030959752322,0.111820264479,0.002718144358,0.25,0.253823529412,0.111820264479,0.25,0.0137254901961,0.0161948650428,1,0.00147058823529,-0.0219011544012,-0.0588235294118,0.0588235294118,0,37,1,0,234,1,0.995744680851,0.00425531914894,0,0.973684210526,1,0.986666666667,0.984652666406,0.995744680851,0.973684210526,3,2,0,0,0,0
1376,WLNM_dir_neg,0.75,0.416666666667,00:00:00,10,40,3,1982697576,threshold_sweep,0.8,0.666666666667,1,0.8,2,1,0,3,1,0.75,0.25,0,0.666666666667,1,0.8,0.833333333333,0.5,0.666666666667,0.707106781187,0.75,37,35,2,0,37,0,35,0,2,17,37,0.136029411765,1.88235294118,4.35294117647,3.36363636364,2.84615384615,1.69341284359,0.389027274878,0.193958664547,2.09866904602,0.964253345467,0.518282988871,1.87867287326,0.863174022847,0.470588235294,0.786197569093,0.41766745858,2.25,1.88235294118,0.786197569093,2.25,0.166339869281,0.0612244897959,3,0.00441176470588,0.185952380952,17,17,17,1,0,0.352941176471,0.411764705882,0.235294117647,17,0.128676470588,1.90196078431,4.11764705882,3.18181818182,2.69230769231,1.57648156274,0.382859808093,0.201680672269,2.01465221053,0.978545359402,0.524369747899,1.74894926439,0.849489642704,0.463865546218,0.814492905316,0.428238537847,2.33333333333,1.90196078431,0.814492905316,2.33333333333,0,0,0,0,0.164242424242,17,17,17,1,0,0.352941176471,0.411764705882,0.235294117647,17,38,0.139705882353,2.13617647059,4.47058823529,3.16666666667,2.92307692308,1.69991349261,0.380243807557,0.19040247678,2.04723630062,0.915868871331,0.495356037152,1.92124346989,0.859503657582,0.467492260062,0.898017833571,0.420385602938,2.5,2.13617647059,0.898017833571,2.5,0.180065359477,0.0774193548387,4,0.00588235294118,0.164051226551,17,17,17,1,0,0.294117647059,0.470588235294,0.235294117647,1,0.00367647058824,0.253823529412,0.117647058824,-0.19696969697,0.0769230769231,0.00650064902221,-0.00878346732077,-0.00355618776671,-0.0514327453931,-0.0483844741355,-0.0229269517195,0.0425705966328,-0.00367036526551,-0.0030959752322,0.111820264479,0.002718144358,0.25,0.253823529412,0.111820264479,0.25,0.0137254901961,0.0161948650428,1,0.00147058823529,-0.0219011544012,-0.0588235294118,0.0588235294118,0,37,1,0,234,1,0.995744680851,0.00425531914894,0,0.973684210526,1,0.986666666667,0.984652666406,0.995744680851,0.973684210526,3,2,0,0,0,0
1377,WLNM_dir_neg,0.75,0.416666666667,00:00:00,10,40,3,1982697576,threshold_sweep,0.9,0.5,0.5,0.5,1,1,1,3,0.5,0.75,0.25,0.5,0.5,0.5,0.5,0.666666666667,0.555555555556,0.25,0.25,0.25,37,35,2,0,37,0,35,0,2,17,37,0.136029411765,1.88235294118,4.35294117647,3.36363636364,2.84615384615,1.69341284359,0.389027274878,0.193958664547,2.09866904602,0.964253345467,0.518282988871,1.87867287326,0.863174022847,0.470588235294,0.786197569093,0.41766745858,2.25,1.88235294118,0.786197569093,2.25,0.166339869281,0.0612244897959,3,0.00441176470588,0.185952380952,17,17,17,1,0,0.352941176471,0.411764705882,0.235294117647,17,0.128676470588,1.90196078431,4.11764705882,3.18181818182,2.69230769231,1.57648156274,0.382859808093,0.201680672269,2.01465221053,0.978545359402,0.524369747899,1.74894926439,0.849489642704,0.463865546218,0.814492905316,0.428238537847,2.33333333333,1.90196078431,0.814492905316,2.33333333333,0,0,0,0,0.164242424242,17,17,17,1,0,0.352941176471,0.411764705882,0.235294117647,17,37,0.136029411765,2.14352941176,4.35294117647,3.08333333333,2.84615384615,1.69341284359,0.389027274878,0.193958664547,2.00733947421,0.92229110977,0.49920508744,1.84510481131,0.847750859249,0.461049284579,0.909236913409,0.424177484302,2.5,2.14352941176,0.909236913409,2.5,0.0898692810458,0.0408163265306,2,0.00294117647059,0.155303030303,17,17,17,1,0,0.294117647059,0.470588235294,0.235294117647,0,0,0.261176470588,0,-0.280303030303,0,0,0,0,-0.09132957181,-0.0419622356965,-0.0190779014308,-0.0335680619491,-0.0154231635982,-0.00953895071542,0.123039344317,0.00651002572134,0.25,0.261176470588,0.123039344317,0.25,-0.0764705882353,-0.0204081632653,-1,-0.00147058823529,-0.0306493506494,-0.0588235294118,0.0588235294118,0,36,1,1,234,0.972972972973,0.995744680851,0.00425531914894,0.027027027027,0.972972972973,0.972972972973,0.972972972973,0.968717653824,0.968717653824,0.947368421053,2,2,0,0,0,0
1378,WLNM_dir_neg,1,0.5,00:00:00,10,40,4,1982697577,threshold_sweep,0.1,1,1,1,2,0,0,4,1,1,0,0,1,1,1,1,0.555555555556,1,1,1,37,35,2,0,37,0,35,0,2,17,37,0.136029411765,1.88235294118,4.35294117647,3.36363636364,2.84615384615,1.69341284359,0.389027274878,0.193958664547,2.09866904602,0.964253345467,0.518282988871,1.87867287326,0.863174022847,0.470588235294,0.786197569093,0.41766745858,2.25,1.88235294118,0.786197569093,2.25,0.166339869281,0.0612244897959,3,0.00441176470588,0.185952380952,17,17,17,1,0,0.352941176471,0.411764705882,0.235294117647,17,0.128676470588,1.90196078431,4.11764705882,3.18181818182,2.69230769231,1.57648156274,0.382859808093,0.201680672269,2.01465221053,0.978545359402,0.524369747899,1.74894926439,0.849489642704,0.463865546218,0.814492905316,0.428238537847,2.33333333333,1.90196078431,0.814492905316,2.33333333333,0,0,0,0,0.164242424242,17,17,17,1,0,0.352941176471,0.411764705882,0.235294117647,17,37,0.136029411765,1.88235294118,4.35294117647,3.36363636364,2.84615384615,1.69341284359,0.389027274878,0.193958664547,2.09866904602,0.964253345467,0.518282988871,1.87867287326,0.863174022847,0.470588235294,0.786197569093,0.41766745858,2.25,1.88235294118,0.786197569093,2.25,0.166339869281,0.0612244897959,3,0.00441176470588,0.185952380952,17,17,17,1,0,0.352941176471,0.411764705882,0.235294117647,0,0,0,0,0,0,0,0,0,0,0,0,0,0,0,0,0,0,0,0,0,0,0,0,0,0,0,0,0,37,0,0,235,1,1,0,0,1,1,1,1,1,1,2,2,0,0,0,0
1379,WLNM_dir_neg,1,0.5,00:00:00,10,40,4,1982697577,threshold_sweep,0.2,1,1,1,2,0,0,4,1,1,0,0,1,1,1,1,0.555555555556,1,1,1,37,35,2,0,37,0,35,0,2,17,37,0.136029411765,1.88235294118,4.35294117647,3.36363636364,2.84615384615,1.69341284359,0.389027274878,0.193958664547,2.09866904602,0.964253345467,0.518282988871,1.87867287326,0.863174022847,0.470588235294,0.786197569093,0.41766745858,2.25,1.88235294118,0.786197569093,2.25,0.166339869281,0.0612244897959,3,0.00441176470588,0.185952380952,17,17,17,1,0,0.352941176471,0.411764705882,0.235294117647,17,0.128676470588,1.90196078431,4.11764705882,3.18181818182,2.69230769231,1.57648156274,0.382859808093,0.201680672269,2.01465221053,0.978545359402,0.524369747899,1.74894926439,0.849489642704,0.463865546218,0.814492905316,0.428238537847,2.33333333333,1.90196078431,0.814492905316,2.33333333333,0,0,0,0,0.164242424242,17,17,17,1,0,0.352941176471,0.411764705882,0.235294117647,17,37,0.136029411765,1.88235294118,4.35294117647,3.36363636364,2.84615384615,1.69341284359,0.389027274878,0.193958664547,2.09866904602,0.964253345467,0.518282988871,1.87867287326,0.863174022847,0.470588235294,0.786197569093,0.41766745858,2.25,1.88235294118,0.786197569093,2.25,0.166339869281,0.0612244897959,3,0.00441176470588,0.185952380952,17,17,17,1,0,0.352941176471,0.411764705882,0.235294117647,0,0,0,0,0,0,0,0,0,0,0,0,0,0,0,0,0,0,0,0,0,0,0,0,0,0,0,0,0,37,0,0,235,1,1,0,0,1,1,1,1,1,1,2,2,0,0,0,0
1380,WLNM_dir_neg,1,0.5,00:00:00,10,40,4,1982697577,threshold_sweep,0.3,1,1,1,2,0,0,4,1,1,0,0,1,1,1,1,0.555555555556,1,1,1,37,35,2,0,37,0,35,0,2,17,37,0.136029411765,1.88235294118,4.35294117647,3.36363636364,2.84615384615,1.69341284359,0.389027274878,0.193958664547,2.09866904602,0.964253345467,0.518282988871,1.87867287326,0.863174022847,0.470588235294,0.786197569093,0.41766745858,2.25,1.88235294118,0.786197569093,2.25,0.166339869281,0.0612244897959,3,0.00441176470588,0.185952380952,17,17,17,1,0,0.352941176471,0.411764705882,0.235294117647,17,0.128676470588,1.90196078431,4.11764705882,3.18181818182,2.69230769231,1.57648156274,0.382859808093,0.201680672269,2.01465221053,0.978545359402,0.524369747899,1.74894926439,0.849489642704,0.463865546218,0.814492905316,0.428238537847,2.33333333333,1.90196078431,0.814492905316,2.33333333333,0,0,0,0,0.164242424242,17,17,17,1,0,0.352941176471,0.411764705882,0.235294117647,17,37,0.136029411765,1.88235294118,4.35294117647,3.36363636364,2.84615384615,1.69341284359,0.389027274878,0.193958664547,2.09866904602,0.964253345467,0.518282988871,1.87867287326,0.863174022847,0.470588235294,0.786197569093,0.41766745858,2.25,1.88235294118,0.786197569093,2.25,0.166339869281,0.0612244897959,3,0.00441176470588,0.185952380952,17,17,17,1,0,0.352941176471,0.411764705882,0.235294117647,0,0,0,0,0,0,0,0,0,0,0,0,0,0,0,0,0,0,0,0,0,0,0,0,0,0,0,0,0,37,0,0,235,1,1,0,0,1,1,1,1,1,1,2,2,0,0,0,0
1381,WLNM_dir_neg,1,0.5,00:00:00,10,40,4,1982697577,threshold_sweep,0.4,1,1,1,2,0,0,4,1,1,0,0,1,1,1,1,0.555555555556,1,1,1,37,35,2,0,37,0,35,0,2,17,37,0.136029411765,1.88235294118,4.35294117647,3.36363636364,2.84615384615,1.69341284359,0.389027274878,0.193958664547,2.09866904602,0.964253345467,0.518282988871,1.87867287326,0.863174022847,0.470588235294,0.786197569093,0.41766745858,2.25,1.88235294118,0.786197569093,2.25,0.166339869281,0.0612244897959,3,0.00441176470588,0.185952380952,17,17,17,1,0,0.352941176471,0.411764705882,0.235294117647,17,0.128676470588,1.90196078431,4.11764705882,3.18181818182,2.69230769231,1.57648156274,0.382859808093,0.201680672269,2.01465221053,0.978545359402,0.524369747899,1.74894926439,0.849489642704,0.463865546218,0.814492905316,0.428238537847,2.33333333333,1.90196078431,0.814492905316,2.33333333333,0,0,0,0,0.164242424242,17,17,17,1,0,0.352941176471,0.411764705882,0.235294117647,17,37,0.136029411765,1.88235294118,4.35294117647,3.36363636364,2.84615384615,1.69341284359,0.389027274878,0.193958664547,2.09866904602,0.964253345467,0.518282988871,1.87867287326,0.863174022847,0.470588235294,0.786197569093,0.41766745858,2.25,1.88235294118,0.786197569093,2.25,0.166339869281,0.0612244897959,3,0.00441176470588,0.185952380952,17,17,17,1,0,0.352941176471,0.411764705882,0.235294117647,0,0,0,0,0,0,0,0,0,0,0,0,0,0,0,0,0,0,0,0,0,0,0,0,0,0,0,0,0,37,0,0,235,1,1,0,0,1,1,1,1,1,1,2,2,0,0,0,0
1382,WLNM_dir_neg,1,0.5,00:00:00,10,40,4,1982697577,threshold_sweep,0.5,1,1,1,2,0,0,4,1,1,0,0,1,1,1,1,0.555555555556,1,1,1,37,35,2,0,37,0,35,0,2,17,37,0.136029411765,1.88235294118,4.35294117647,3.36363636364,2.84615384615,1.69341284359,0.389027274878,0.193958664547,2.09866904602,0.964253345467,0.518282988871,1.87867287326,0.863174022847,0.470588235294,0.786197569093,0.41766745858,2.25,1.88235294118,0.786197569093,2.25,0.166339869281,0.0612244897959,3,0.00441176470588,0.185952380952,17,17,17,1,0,0.352941176471,0.411764705882,0.235294117647,17,0.128676470588,1.90196078431,4.11764705882,3.18181818182,2.69230769231,1.57648156274,0.382859808093,0.201680672269,2.01465221053,0.978545359402,0.524369747899,1.74894926439,0.849489642704,0.463865546218,0.814492905316,0.428238537847,2.33333333333,1.90196078431,0.814492905316,2.33333333333,0,0,0,0,0.164242424242,17,17,17,1,0,0.352941176471,0.411764705882,0.235294117647,17,37,0.136029411765,1.88235294118,4.35294117647,3.36363636364,2.84615384615,1.69341284359,0.389027274878,0.193958664547,2.09866904602,0.964253345467,0.518282988871,1.87867287326,0.863174022847,0.470588235294,0.786197569093,0.41766745858,2.25,1.88235294118,0.786197569093,2.25,0.166339869281,0.0612244897959,3,0.00441176470588,0.185952380952,17,17,17,1,0,0.352941176471,0.411764705882,0.235294117647,0,0,0,0,0,0,0,0,0,0,0,0,0,0,0,0,0,0,0,0,0,0,0,0,0,0,0,0,0,37,0,0,235,1,1,0,0,1,1,1,1,1,1,2,2,0,0,0,0
1383,WLNM_dir_neg,1,0.5,00:00:00,10,40,4,1982697577,threshold_sweep,0.6,1,1,1,2,0,0,4,1,1,0,0,1,1,1,1,0.555555555556,1,1,1,37,35,2,0,37,0,35,0,2,17,37,0.136029411765,1.88235294118,4.35294117647,3.36363636364,2.84615384615,1.69341284359,0.389027274878,0.193958664547,2.09866904602,0.964253345467,0.518282988871,1.87867287326,0.863174022847,0.470588235294,0.786197569093,0.41766745858,2.25,1.88235294118,0.786197569093,2.25,0.166339869281,0.0612244897959,3,0.00441176470588,0.185952380952,17,17,17,1,0,0.352941176471,0.411764705882,0.235294117647,17,0.128676470588,1.90196078431,4.11764705882,3.18181818182,2.69230769231,1.57648156274,0.382859808093,0.201680672269,2.01465221053,0.978545359402,0.524369747899,1.74894926439,0.849489642704,0.463865546218,0.814492905316,0.428238537847,2.33333333333,1.90196078431,0.814492905316,2.33333333333,0,0,0,0,0.164242424242,17,17,17,1,0,0.352941176471,0.411764705882,0.235294117647,17,37,0.136029411765,1.88235294118,4.35294117647,3.36363636364,2.84615384615,1.69341284359,0.389027274878,0.193958664547,2.09866904602,0.964253345467,0.518282988871,1.87867287326,0.863174022847,0.470588235294,0.786197569093,0.41766745858,2.25,1.88235294118,0.786197569093,2.25,0.166339869281,0.0612244897959,3,0.00441176470588,0.185952380952,17,17,17,1,0,0.352941176471,0.411764705882,0.235294117647,0,0,0,0,0,0,0,0,0,0,0,0,0,0,0,0,0,0,0,0,0,0,0,0,0,0,0,0,0,37,0,0,235,1,1,0,0,1,1,1,1,1,1,2,2,0,0,0,0
1384,WLNM_dir_neg,1,0.5,00:00:00,10,40,4,1982697577,threshold_sweep,0.7,1,1,1,2,0,0,4,1,1,0,0,1,1,1,1,0.555555555556,1,1,1,37,35,2,0,37,0,35,0,2,17,37,0.136029411765,1.88235294118,4.35294117647,3.36363636364,2.84615384615,1.69341284359,0.389027274878,0.193958664547,2.09866904602,0.964253345467,0.518282988871,1.87867287326,0.863174022847,0.470588235294,0.786197569093,0.41766745858,2.25,1.88235294118,0.786197569093,2.25,0.166339869281,0.0612244897959,3,0.00441176470588,0.185952380952,17,17,17,1,0,0.352941176471,0.411764705882,0.235294117647,17,0.128676470588,1.90196078431,4.11764705882,3.18181818182,2.69230769231,1.57648156274,0.382859808093,0.201680672269,2.01465221053,0.978545359402,0.524369747899,1.74894926439,0.849489642704,0.463865546218,0.814492905316,0.428238537847,2.33333333333,1.90196078431,0.814492905316,2.33333333333,0,0,0,0,0.164242424242,17,17,17,1,0,0.352941176471,0.411764705882,0.235294117647,17,37,0.136029411765,1.88235294118,4.35294117647,3.36363636364,2.84615384615,1.69341284359,0.389027274878,0.193958664547,2.09866904602,0.964253345467,0.518282988871,1.87867287326,0.863174022847,0.470588235294,0.786197569093,0.41766745858,2.25,1.88235294118,0.786197569093,2.25,0.166339869281,0.0612244897959,3,0.00441176470588,0.185952380952,17,17,17,1,0,0.352941176471,0.411764705882,0.235294117647,0,0,0,0,0,0,0,0,0,0,0,0,0,0,0,0,0,0,0,0,0,0,0,0,0,0,0,0,0,37,0,0,235,1,1,0,0,1,1,1,1,1,1,2,2,0,0,0,0
1385,WLNM_dir_neg,1,0.5,00:00:00,10,40,4,1982697577,threshold_sweep,0.8,1,1,1,2,0,0,4,1,1,0,0,1,1,1,1,0.555555555556,1,1,1,37,35,2,0,37,0,35,0,2,17,37,0.136029411765,1.88235294118,4.35294117647,3.36363636364,2.84615384615,1.69341284359,0.389027274878,0.193958664547,2.09866904602,0.964253345467,0.518282988871,1.87867287326,0.863174022847,0.470588235294,0.786197569093,0.41766745858,2.25,1.88235294118,0.786197569093,2.25,0.166339869281,0.0612244897959,3,0.00441176470588,0.185952380952,17,17,17,1,0,0.352941176471,0.411764705882,0.235294117647,17,0.128676470588,1.90196078431,4.11764705882,3.18181818182,2.69230769231,1.57648156274,0.382859808093,0.201680672269,2.01465221053,0.978545359402,0.524369747899,1.74894926439,0.849489642704,0.463865546218,0.814492905316,0.428238537847,2.33333333333,1.90196078431,0.814492905316,2.33333333333,0,0,0,0,0.164242424242,17,17,17,1,0,0.352941176471,0.411764705882,0.235294117647,17,37,0.136029411765,1.88235294118,4.35294117647,3.36363636364,2.84615384615,1.69341284359,0.389027274878,0.193958664547,2.09866904602,0.964253345467,0.518282988871,1.87867287326,0.863174022847,0.470588235294,0.786197569093,0.41766745858,2.25,1.88235294118,0.786197569093,2.25,0.166339869281,0.0612244897959,3,0.00441176470588,0.185952380952,17,17,17,1,0,0.352941176471,0.411764705882,0.235294117647,0,0,0,0,0,0,0,0,0,0,0,0,0,0,0,0,0,0,0,0,0,0,0,0,0,0,0,0,0,37,0,0,235,1,1,0,0,1,1,1,1,1,1,2,2,0,0,0,0
1386,WLNM_dir_neg,1,0.5,00:00:00,10,40,4,1982697577,threshold_sweep,0.9,1,1,1,2,0,0,4,1,1,0,0,1,1,1,1,0.555555555556,1,1,1,37,35,2,0,37,0,35,0,2,17,37,0.136029411765,1.88235294118,4.35294117647,3.36363636364,2.84615384615,1.69341284359,0.389027274878,0.193958664547,2.09866904602,0.964253345467,0.518282988871,1.87867287326,0.863174022847,0.470588235294,0.786197569093,0.41766745858,2.25,1.88235294118,0.786197569093,2.25,0.166339869281,0.0612244897959,3,0.00441176470588,0.185952380952,17,17,17,1,0,0.352941176471,0.411764705882,0.235294117647,17,0.128676470588,1.90196078431,4.11764705882,3.18181818182,2.69230769231,1.57648156274,0.382859808093,0.201680672269,2.01465221053,0.978545359402,0.524369747899,1.74894926439,0.849489642704,0.463865546218,0.814492905316,0.428238537847,2.33333333333,1.90196078431,0.814492905316,2.33333333333,0,0,0,0,0.164242424242,17,17,17,1,0,0.352941176471,0.411764705882,0.235294117647,17,37,0.136029411765,1.88235294118,4.35294117647,3.36363636364,2.84615384615,1.69341284359,0.389027274878,0.193958664547,2.09866904602,0.964253345467,0.518282988871,1.87867287326,0.863174022847,0.470588235294,0.786197569093,0.41766745858,2.25,1.88235294118,0.786197569093,2.25,0.166339869281,0.0612244897959,3,0.00441176470588,0.185952380952,17,17,17,1,0,0.352941176471,0.411764705882,0.235294117647,0,0,0,0,0,0,0,0,0,0,0,0,0,0,0,0,0,0,0,0,0,0,0,0,0,0,0,0,0,37,0,0,235,1,1,0,0,1,1,1,1,1,1,2,2,0,0,0,0
1387,WLNM_dir_neg,0.875,0.291666666667,00:00:00,10,40,5,1982697578,threshold_sweep,0.1,0.5,1,0.666666666667,2,2,0,2,1,0.5,0.5,0,0.5,1,0.666666666667,0.666666666667,0.444444444444,0.4,0.5,0.5,37,35,2,0,37,0,35,0,2,17,37,0.136029411765,1.88235294118,4.35294117647,3.36363636364,2.84615384615,1.69341284359,0.389027274878,0.193958664547,2.09866904602,0.964253345467,0.518282988871,1.87867287326,0.863174022847,0.470588235294,0.786197569093,0.41766745858,2.25,1.88235294118,0.786197569093,2.25,0.166339869281,0.0612244897959,3,0.00441176470588,0.185952380952,17,17,17,1,0,0.352941176471,0.411764705882,0.235294117647,17,0.128676470588,1.90196078431,4.11764705882,3.18181818182,2.69230769231,1.57648156274,0.382859808093,0.201680672269,2.01465221053,0.978545359402,0.524369747899,1.74894926439,0.849489642704,0.463865546218,0.814492905316,0.428238537847,2.33333333333,1.90196078431,0.814492905316,2.33333333333,0,0,0,0,0.164242424242,17,17,17,1,0,0.352941176471,0.411764705882,0.235294117647,17,39,0.143382352941,1.96680035651,4.58823529412,3.54545454545,2.78571428571,1.93838926462,0.422469455108,0.212669683258,2.28486065993,0.995964903046,0.536953242836,1.79459974236,0.782261426159,0.428355957768,0.890713001319,0.452874130499,2.45454545455,1.96680035651,0.890713001319,2.45454545455,0.209150326797,0.115384615385,6,0.00882352941176,0.177605273514,17,17,17,1,0,0.352941176471,0.470588235294,0.176470588235,2,0.00735294117647,0.0844474153298,0.235294117647,0.181818181818,-0.0604395604396,0.244976421029,0.0334421802305,0.018711018711,0.186191613914,0.0317115575794,0.0186702539644,-0.0840731308911,-0.0809125966883,-0.0422322775264,0.104515432226,0.0352066719191,0.204545454545,0.0844474153298,0.104515432226,0.204545454545,0.0428104575163,0.0541601255887,3,0.00441176470588,-0.00834710743802,0,0.0588235294118,-0.0588235294118,37,2,0,233,1,0.991489361702,0.00851063829787,0,0.948717948718,1,0.973684210526,0.969867905134,0.991489361702,0.948717948718,4,2,0,0,0,0
1388,WLNM_dir_neg,0.875,0.291666666667,00:00:00,10,40,5,1982697578,threshold_sweep,0.2,0.5,1,0.666666666667,2,2,0,2,1,0.5,0.5,0,0.5,1,0.666666666667,0.666666666667,0.444444444444,0.4,0.5,0.5,37,35,2,0,37,0,35,0,2,17,37,0.136029411765,1.88235294118,4.35294117647,3.36363636364,2.84615384615,1.69341284359,0.389027274878,0.193958664547,2.09866904602,0.964253345467,0.518282988871,1.87867287326,0.863174022847,0.470588235294,0.786197569093,0.41766745858,2.25,1.88235294118,0.786197569093,2.25,0.166339869281,0.0612244897959,3,0.00441176470588,0.185952380952,17,17,17,1,0,0.352941176471,0.411764705882,0.235294117647,17,0.128676470588,1.90196078431,4.11764705882,3.18181818182,2.69230769231,1.57648156274,0.382859808093,0.201680672269,2.01465221053,0.978545359402,0.524369747899,1.74894926439,0.849489642704,0.463865546218,0.814492905316,0.428238537847,2.33333333333,1.90196078431,0.814492905316,2.33333333333,0,0,0,0,0.164242424242,17,17,17,1,0,0.352941176471,0.411764705882,0.235294117647,17,39,0.143382352941,1.96680035651,4.58823529412,3.54545454545,2.78571428571,1.93838926462,0.422469455108,0.212669683258,2.28486065993,0.995964903046,0.536953242836,1.79459974236,0.782261426159,0.428355957768,0.890713001319,0.452874130499,2.45454545455,1.96680035651,0.890713001319,2.45454545455,0.209150326797,0.115384615385,6,0.00882352941176,0.177605273514,17,17,17,1,0,0.352941176471,0.470588235294,0.176470588235,2,0.00735294117647,0.0844474153298,0.235294117647,0.181818181818,-0.0604395604396,0.244976421029,0.0334421802305,0.018711018711,0.186191613914,0.0317115575794,0.0186702539644,-0.0840731308911,-0.0809125966883,-0.0422322775264,0.104515432226,0.0352066719191,0.204545454545,0.0844474153298,0.104515432226,0.204545454545,0.0428104575163,0.0541601255887,3,0.00441176470588,-0.00834710743802,0,0.0588235294118,-0.0588235294118,37,2,0,233,1,0.991489361702,0.00851063829787,0,0.948717948718,1,0.973684210526,0.969867905134,0.991489361702,0.948717948718,4,2,0,0,0,0
1389,WLNM_dir_neg,0.875,0.291666666667,00:00:00,10,40,5,1982697578,threshold_sweep,0.3,0.5,1,0.666666666667,2,2,0,2,1,0.5,0.5,0,0.5,1,0.666666666667,0.666666666667,0.444444444444,0.4,0.5,0.5,37,35,2,0,37,0,35,0,2,17,37,0.136029411765,1.88235294118,4.35294117647,3.36363636364,2.84615384615,1.69341284359,0.389027274878,0.193958664547,2.09866904602,0.964253345467,0.518282988871,1.87867287326,0.863174022847,0.470588235294,0.786197569093,0.41766745858,2.25,1.88235294118,0.786197569093,2.25,0.166339869281,0.0612244897959,3,0.00441176470588,0.185952380952,17,17,17,1,0,0.352941176471,0.411764705882,0.235294117647,17,0.128676470588,1.90196078431,4.11764705882,3.18181818182,2.69230769231,1.57648156274,0.382859808093,0.201680672269,2.01465221053,0.978545359402,0.524369747899,1.74894926439,0.849489642704,0.463865546218,0.814492905316,0.428238537847,2.33333333333,1.90196078431,0.814492905316,2.33333333333,0,0,0,0,0.164242424242,17,17,17,1,0,0.352941176471,0.411764705882,0.235294117647,17,39,0.143382352941,1.96680035651,4.58823529412,3.54545454545,2.78571428571,1.93838926462,0.422469455108,0.212669683258,2.28486065993,0.995964903046,0.536953242836,1.79459974236,0.782261426159,0.428355957768,0.890713001319,0.452874130499,2.45454545455,1.96680035651,0.890713001319,2.45454545455,0.209150326797,0.115384615385,6,0.00882352941176,0.177605273514,17,17,17,1,0,0.352941176471,0.470588235294,0.176470588235,2,0.00735294117647,0.0844474153298,0.235294117647,0.181818181818,-0.0604395604396,0.244976421029,0.0334421802305,0.018711018711,0.186191613914,0.0317115575794,0.0186702539644,-0.0840731308911,-0.0809125966883,-0.0422322775264,0.104515432226,0.0352066719191,0.204545454545,0.0844474153298,0.104515432226,0.204545454545,0.0428104575163,0.0541601255887,3,0.00441176470588,-0.00834710743802,0,0.0588235294118,-0.0588235294118,37,2,0,233,1,0.991489361702,0.00851063829787,0,0.948717948718,1,0.973684210526,0.969867905134,0.991489361702,0.948717948718,4,2,0,0,0,0
1390,WLNM_dir_neg,0.875,0.291666666667,00:00:00,10,40,5,1982697578,threshold_sweep,0.4,0.666666666667,1,0.8,2,1,0,3,1,0.75,0.25,0,0.666666666667,1,0.8,0.833333333333,0.5,0.666666666667,0.707106781187,0.75,37,35,2,0,37,0,35,0,2,17,37,0.136029411765,1.88235294118,4.35294117647,3.36363636364,2.84615384615,1.69341284359,0.389027274878,0.193958664547,2.09866904602,0.964253345467,0.518282988871,1.87867287326,0.863174022847,0.470588235294,0.786197569093,0.41766745858,2.25,1.88235294118,0.786197569093,2.25,0.166339869281,0.0612244897959,3,0.00441176470588,0.185952380952,17,17,17,1,0,0.352941176471,0.411764705882,0.235294117647,17,0.128676470588,1.90196078431,4.11764705882,3.18181818182,2.69230769231,1.57648156274,0.382859808093,0.201680672269,2.01465221053,0.978545359402,0.524369747899,1.74894926439,0.849489642704,0.463865546218,0.814492905316,0.428238537847,2.33333333333,1.90196078431,0.814492905316,2.33333333333,0,0,0,0,0.164242424242,17,17,17,1,0,0.352941176471,0.411764705882,0.235294117647,17,38,0.139705882353,1.89460784314,4.47058823529,3.45454545455,2.71428571429,1.73629084037,0.388380845872,0.198142414861,2.19457888229,0.981785289445,0.529411764706,1.82103719638,0.814674535221,0.442724458204,0.806080091789,0.425460126067,2.25,1.89460784314,0.806080091789,2.25,0.209150326797,0.115384615385,6,0.00882352941176,0.183398268398,17,17,17,1,0,0.352941176471,0.470588235294,0.176470588235,1,0.00367647058824,0.0122549019608,0.117647058824,0.0909090909091,-0.131868131868,0.0428779967836,-0.000646429005719,0.00418375031378,0.0959098362728,0.0175319439782,0.0111287758347,-0.0576356768785,-0.0484994876259,-0.0278637770898,0.0198825226968,0.0077926674869,0,0.0122549019608,0.0198825226968,0,0.0428104575163,0.0541601255887,3,0.00441176470588,-0.00255411255411,0,0.0588235294118,-0.0588235294118,37,1,0,234,1,0.995744680851,0.00425531914894,0,0.973684210526,1,0.986666666667,0.984652666406,0.995744680851,0.973684210526,3,2,0,0,0,0
1391,WLNM_dir_neg,0.875,0.291666666667,00:00:00,10,40,5,1982697578,threshold_sweep,0.5,0.666666666667,1,0.8,2,1,0,3,1,0.75,0.25,0,0.666666666667,1,0.8,0.833333333333,0.5,0.666666666667,0.707106781187,0.75,37,35,2,0,37,0,35,0,2,17,37,0.136029411765,1.88235294118,4.35294117647,3.36363636364,2.84615384615,1.69341284359,0.389027274878,0.193958664547,2.09866904602,0.964253345467,0.518282988871,1.87867287326,0.863174022847,0.470588235294,0.786197569093,0.41766745858,2.25,1.88235294118,0.786197569093,2.25,0.166339869281,0.0612244897959,3,0.00441176470588,0.185952380952,17,17,17,1,0,0.352941176471,0.411764705882,0.235294117647,17,0.128676470588,1.90196078431,4.11764705882,3.18181818182,2.69230769231,1.57648156274,0.382859808093,0.201680672269,2.01465221053,0.978545359402,0.524369747899,1.74894926439,0.849489642704,0.463865546218,0.814492905316,0.428238537847,2.33333333333,1.90196078431,0.814492905316,2.33333333333,0,0,0,0,0.164242424242,17,17,17,1,0,0.352941176471,0.411764705882,0.235294117647,17,38,0.139705882353,1.89460784314,4.47058823529,3.45454545455,2.71428571429,1.73629084037,0.388380845872,0.198142414861,2.19457888229,0.981785289445,0.529411764706,1.82103719638,0.814674535221,0.442724458204,0.806080091789,0.425460126067,2.25,1.89460784314,0.806080091789,2.25,0.209150326797,0.115384615385,6,0.00882352941176,0.183398268398,17,17,17,1,0,0.352941176471,0.470588235294,0.176470588235,1,0.00367647058824,0.0122549019608,0.117647058824,0.0909090909091,-0.131868131868,0.0428779967836,-0.000646429005719,0.00418375031378,0.0959098362728,0.0175319439782,0.0111287758347,-0.0576356768785,-0.0484994876259,-0.0278637770898,0.0198825226968,0.0077926674869,0,0.0122549019608,0.0198825226968,0,0.0428104575163,0.0541601255887,3,0.00441176470588,-0.00255411255411,0,0.0588235294118,-0.0588235294118,37,1,0,234,1,0.995744680851,0.00425531914894,0,0.973684210526,1,0.986666666667,0.984652666406,0.995744680851,0.973684210526,3,2,0,0,0,0
1392,WLNM_dir_neg,0.875,0.291666666667,00:00:00,10,40,5,1982697578,threshold_sweep,0.6,0.666666666667,1,0.8,2,1,0,3,1,0.75,0.25,0,0.666666666667,1,0.8,0.833333333333,0.5,0.666666666667,0.707106781187,0.75,37,35,2,0,37,0,35,0,2,17,37,0.136029411765,1.88235294118,4.35294117647,3.36363636364,2.84615384615,1.69341284359,0.389027274878,0.193958664547,2.09866904602,0.964253345467,0.518282988871,1.87867287326,0.863174022847,0.470588235294,0.786197569093,0.41766745858,2.25,1.88235294118,0.786197569093,2.25,0.166339869281,0.0612244897959,3,0.00441176470588,0.185952380952,17,17,17,1,0,0.352941176471,0.411764705882,0.235294117647,17,0.128676470588,1.90196078431,4.11764705882,3.18181818182,2.69230769231,1.57648156274,0.382859808093,0.201680672269,2.01465221053,0.978545359402,0.524369747899,1.74894926439,0.849489642704,0.463865546218,0.814492905316,0.428238537847,2.33333333333,1.90196078431,0.814492905316,2.33333333333,0,0,0,0,0.164242424242,17,17,17,1,0,0.352941176471,0.411764705882,0.235294117647,17,38,0.139705882353,1.89460784314,4.47058823529,3.45454545455,2.71428571429,1.73629084037,0.388380845872,0.198142414861,2.19457888229,0.981785289445,0.529411764706,1.82103719638,0.814674535221,0.442724458204,0.806080091789,0.425460126067,2.25,1.89460784314,0.806080091789,2.25,0.209150326797,0.115384615385,6,0.00882352941176,0.183398268398,17,17,17,1,0,0.352941176471,0.470588235294,0.176470588235,1,0.00367647058824,0.0122549019608,0.117647058824,0.0909090909091,-0.131868131868,0.0428779967836,-0.000646429005719,0.00418375031378,0.0959098362728,0.0175319439782,0.0111287758347,-0.0576356768785,-0.0484994876259,-0.0278637770898,0.0198825226968,0.0077926674869,0,0.0122549019608,0.0198825226968,0,0.0428104575163,0.0541601255887,3,0.00441176470588,-0.00255411255411,0,0.0588235294118,-0.0588235294118,37,1,0,234,1,0.995744680851,0.00425531914894,0,0.973684210526,1,0.986666666667,0.984652666406,0.995744680851,0.973684210526,3,2,0,0,0,0
1393,WLNM_dir_neg,0.875,0.291666666667,00:00:00,10,40,5,1982697578,threshold_sweep,0.7,0.666666666667,1,0.8,2,1,0,3,1,0.75,0.25,0,0.666666666667,1,0.8,0.833333333333,0.5,0.666666666667,0.707106781187,0.75,37,35,2,0,37,0,35,0,2,17,37,0.136029411765,1.88235294118,4.35294117647,3.36363636364,2.84615384615,1.69341284359,0.389027274878,0.193958664547,2.09866904602,0.964253345467,0.518282988871,1.87867287326,0.863174022847,0.470588235294,0.786197569093,0.41766745858,2.25,1.88235294118,0.786197569093,2.25,0.166339869281,0.0612244897959,3,0.00441176470588,0.185952380952,17,17,17,1,0,0.352941176471,0.411764705882,0.235294117647,17,0.128676470588,1.90196078431,4.11764705882,3.18181818182,2.69230769231,1.57648156274,0.382859808093,0.201680672269,2.01465221053,0.978545359402,0.524369747899,1.74894926439,0.849489642704,0.463865546218,0.814492905316,0.428238537847,2.33333333333,1.90196078431,0.814492905316,2.33333333333,0,0,0,0,0.164242424242,17,17,17,1,0,0.352941176471,0.411764705882,0.235294117647,17,38,0.139705882353,1.89460784314,4.47058823529,3.45454545455,2.71428571429,1.73629084037,0.388380845872,0.198142414861,2.19457888229,0.981785289445,0.529411764706,1.82103719638,0.814674535221,0.442724458204,0.806080091789,0.425460126067,2.25,1.89460784314,0.806080091789,2.25,0.209150326797,0.115384615385,6,0.00882352941176,0.183398268398,17,17,17,1,0,0.352941176471,0.470588235294,0.176470588235,1,0.00367647058824,0.0122549019608,0.117647058824,0.0909090909091,-0.131868131868,0.0428779967836,-0.000646429005719,0.00418375031378,0.0959098362728,0.0175319439782,0.0111287758347,-0.0576356768785,-0.0484994876259,-0.0278637770898,0.0198825226968,0.0077926674869,0,0.0122549019608,0.0198825226968,0,0.0428104575163,0.0541601255887,3,0.00441176470588,-0.00255411255411,0,0.0588235294118,-0.0588235294118,37,1,0,234,1,0.995744680851,0.00425531914894,0,0.973684210526,1,0.986666666667,0.984652666406,0.995744680851,0.973684210526,3,2,0,0,0,0
1394,WLNM_dir_neg,0.875,0.291666666667,00:00:00,10,40,5,1982697578,threshold_sweep,0.8,0.666666666667,1,0.8,2,1,0,3,1,0.75,0.25,0,0.666666666667,1,0.8,0.833333333333,0.5,0.666666666667,0.707106781187,0.75,37,35,2,0,37,0,35,0,2,17,37,0.136029411765,1.88235294118,4.35294117647,3.36363636364,2.84615384615,1.69341284359,0.389027274878,0.193958664547,2.09866904602,0.964253345467,0.518282988871,1.87867287326,0.863174022847,0.470588235294,0.786197569093,0.41766745858,2.25,1.88235294118,0.786197569093,2.25,0.166339869281,0.0612244897959,3,0.00441176470588,0.185952380952,17,17,17,1,0,0.352941176471,0.411764705882,0.235294117647,17,0.128676470588,1.90196078431,4.11764705882,3.18181818182,2.69230769231,1.57648156274,0.382859808093,0.201680672269,2.01465221053,0.978545359402,0.524369747899,1.74894926439,0.849489642704,0.463865546218,0.814492905316,0.428238537847,2.33333333333,1.90196078431,0.814492905316,2.33333333333,0,0,0,0,0.164242424242,17,17,17,1,0,0.352941176471,0.411764705882,0.235294117647,17,38,0.139705882353,1.89460784314,4.47058823529,3.45454545455,2.71428571429,1.73629084037,0.388380845872,0.198142414861,2.19457888229,0.981785289445,0.529411764706,1.82103719638,0.814674535221,0.442724458204,0.806080091789,0.425460126067,2.25,1.89460784314,0.806080091789,2.25,0.209150326797,0.115384615385,6,0.00882352941176,0.183398268398,17,17,17,1,0,0.352941176471,0.470588235294,0.176470588235,1,0.00367647058824,0.0122549019608,0.117647058824,0.0909090909091,-0.131868131868,0.0428779967836,-0.000646429005719,0.00418375031378,0.0959098362728,0.0175319439782,0.0111287758347,-0.0576356768785,-0.0484994876259,-0.0278637770898,0.0198825226968,0.0077926674869,0,0.0122549019608,0.0198825226968,0,0.0428104575163,0.0541601255887,3,0.00441176470588,-0.00255411255411,0,0.0588235294118,-0.0588235294118,37,1,0,234,1,0.995744680851,0.00425531914894,0,0.973684210526,1,0.986666666667,0.984652666406,0.995744680851,0.973684210526,3,2,0,0,0,0
1395,WLNM_dir_neg,0.875,0.291666666667,00:00:00,10,40,5,1982697578,threshold_sweep,0.9,0.666666666667,1,0.8,2,1,0,3,1,0.75,0.25,0,0.666666666667,1,0.8,0.833333333333,0.5,0.666666666667,0.707106781187,0.75,37,35,2,0,37,0,35,0,2,17,37,0.136029411765,1.88235294118,4.35294117647,3.36363636364,2.84615384615,1.69341284359,0.389027274878,0.193958664547,2.09866904602,0.964253345467,0.518282988871,1.87867287326,0.863174022847,0.470588235294,0.786197569093,0.41766745858,2.25,1.88235294118,0.786197569093,2.25,0.166339869281,0.0612244897959,3,0.00441176470588,0.185952380952,17,17,17,1,0,0.352941176471,0.411764705882,0.235294117647,17,0.128676470588,1.90196078431,4.11764705882,3.18181818182,2.69230769231,1.57648156274,0.382859808093,0.201680672269,2.01465221053,0.978545359402,0.524369747899,1.74894926439,0.849489642704,0.463865546218,0.814492905316,0.428238537847,2.33333333333,1.90196078431,0.814492905316,2.33333333333,0,0,0,0,0.164242424242,17,17,17,1,0,0.352941176471,0.411764705882,0.235294117647,17,38,0.139705882353,1.89460784314,4.47058823529,3.45454545455,2.71428571429,1.73629084037,0.388380845872,0.198142414861,2.19457888229,0.981785289445,0.529411764706,1.82103719638,0.814674535221,0.442724458204,0.806080091789,0.425460126067,2.25,1.89460784314,0.806080091789,2.25,0.209150326797,0.115384615385,6,0.00882352941176,0.183398268398,17,17,17,1,0,0.352941176471,0.470588235294,0.176470588235,1,0.00367647058824,0.0122549019608,0.117647058824,0.0909090909091,-0.131868131868,0.0428779967836,-0.000646429005719,0.00418375031378,0.0959098362728,0.0175319439782,0.0111287758347,-0.0576356768785,-0.0484994876259,-0.0278637770898,0.0198825226968,0.0077926674869,0,0.0122549019608,0.0198825226968,0,0.0428104575163,0.0541601255887,3,0.00441176470588,-0.00255411255411,0,0.0588235294118,-0.0588235294118,37,1,0,234,1,0.995744680851,0.00425531914894,0,0.973684210526,1,0.986666666667,0.984652666406,0.995744680851,0.973684210526,3,2,0,0,0,0
1396,WLNM_dir_neg,1,0.5,00:00:00,10,40,6,1982697579,threshold_sweep,0.1,1,1,1,2,0,0,4,1,1,0,0,1,1,1,1,0.555555555556,1,1,1,37,35,2,0,37,0,35,0,2,17,37,0.136029411765,1.88235294118,4.35294117647,3.36363636364,2.84615384615,1.69341284359,0.389027274878,0.193958664547,2.09866904602,0.964253345467,0.518282988871,1.87867287326,0.863174022847,0.470588235294,0.786197569093,0.41766745858,2.25,1.88235294118,0.786197569093,2.25,0.166339869281,0.0612244897959,3,0.00441176470588,0.185952380952,17,17,17,1,0,0.352941176471,0.411764705882,0.235294117647,17,0.128676470588,1.90196078431,4.11764705882,3.18181818182,2.69230769231,1.57648156274,0.382859808093,0.201680672269,2.01465221053,0.978545359402,0.524369747899,1.74894926439,0.849489642704,0.463865546218,0.814492905316,0.428238537847,2.33333333333,1.90196078431,0.814492905316,2.33333333333,0,0,0,0,0.164242424242,17,17,17,1,0,0.352941176471,0.411764705882,0.235294117647,17,37,0.136029411765,1.88235294118,4.35294117647,3.36363636364,2.84615384615,1.69341284359,0.389027274878,0.193958664547,2.09866904602,0.964253345467,0.518282988871,1.87867287326,0.863174022847,0.470588235294,0.786197569093,0.41766745858,2.25,1.88235294118,0.786197569093,2.25,0.166339869281,0.0612244897959,3,0.00441176470588,0.185952380952,17,17,17,1,0,0.352941176471,0.411764705882,0.235294117647,0,0,0,0,0,0,0,0,0,0,0,0,0,0,0,0,0,0,0,0,0,0,0,0,0,0,0,0,0,37,0,0,235,1,1,0,0,1,1,1,1,1,1,2,2,0,0,0,0
1397,WLNM_dir_neg,1,0.5,00:00:00,10,40,6,1982697579,threshold_sweep,0.2,1,1,1,2,0,0,4,1,1,0,0,1,1,1,1,0.555555555556,1,1,1,37,35,2,0,37,0,35,0,2,17,37,0.136029411765,1.88235294118,4.35294117647,3.36363636364,2.84615384615,1.69341284359,0.389027274878,0.193958664547,2.09866904602,0.964253345467,0.518282988871,1.87867287326,0.863174022847,0.470588235294,0.786197569093,0.41766745858,2.25,1.88235294118,0.786197569093,2.25,0.166339869281,0.0612244897959,3,0.00441176470588,0.185952380952,17,17,17,1,0,0.352941176471,0.411764705882,0.235294117647,17,0.128676470588,1.90196078431,4.11764705882,3.18181818182,2.69230769231,1.57648156274,0.382859808093,0.201680672269,2.01465221053,0.978545359402,0.524369747899,1.74894926439,0.849489642704,0.463865546218,0.814492905316,0.428238537847,2.33333333333,1.90196078431,0.814492905316,2.33333333333,0,0,0,0,0.164242424242,17,17,17,1,0,0.352941176471,0.411764705882,0.235294117647,17,37,0.136029411765,1.88235294118,4.35294117647,3.36363636364,2.84615384615,1.69341284359,0.389027274878,0.193958664547,2.09866904602,0.964253345467,0.518282988871,1.87867287326,0.863174022847,0.470588235294,0.786197569093,0.41766745858,2.25,1.88235294118,0.786197569093,2.25,0.166339869281,0.0612244897959,3,0.00441176470588,0.185952380952,17,17,17,1,0,0.352941176471,0.411764705882,0.235294117647,0,0,0,0,0,0,0,0,0,0,0,0,0,0,0,0,0,0,0,0,0,0,0,0,0,0,0,0,0,37,0,0,235,1,1,0,0,1,1,1,1,1,1,2,2,0,0,0,0
1398,WLNM_dir_neg,1,0.5,00:00:00,10,40,6,1982697579,threshold_sweep,0.3,1,1,1,2,0,0,4,1,1,0,0,1,1,1,1,0.555555555556,1,1,1,37,35,2,0,37,0,35,0,2,17,37,0.136029411765,1.88235294118,4.35294117647,3.36363636364,2.84615384615,1.69341284359,0.389027274878,0.193958664547,2.09866904602,0.964253345467,0.518282988871,1.87867287326,0.863174022847,0.470588235294,0.786197569093,0.41766745858,2.25,1.88235294118,0.786197569093,2.25,0.166339869281,0.0612244897959,3,0.00441176470588,0.185952380952,17,17,17,1,0,0.352941176471,0.411764705882,0.235294117647,17,0.128676470588,1.90196078431,4.11764705882,3.18181818182,2.69230769231,1.57648156274,0.382859808093,0.201680672269,2.01465221053,0.978545359402,0.524369747899,1.74894926439,0.849489642704,0.463865546218,0.814492905316,0.428238537847,2.33333333333,1.90196078431,0.814492905316,2.33333333333,0,0,0,0,0.164242424242,17,17,17,1,0,0.352941176471,0.411764705882,0.235294117647,17,37,0.136029411765,1.88235294118,4.35294117647,3.36363636364,2.84615384615,1.69341284359,0.389027274878,0.193958664547,2.09866904602,0.964253345467,0.518282988871,1.87867287326,0.863174022847,0.470588235294,0.786197569093,0.41766745858,2.25,1.88235294118,0.786197569093,2.25,0.166339869281,0.0612244897959,3,0.00441176470588,0.185952380952,17,17,17,1,0,0.352941176471,0.411764705882,0.235294117647,0,0,0,0,0,0,0,0,0,0,0,0,0,0,0,0,0,0,0,0,0,0,0,0,0,0,0,0,0,37,0,0,235,1,1,0,0,1,1,1,1,1,1,2,2,0,0,0,0
1399,WLNM_dir_neg,1,0.5,00:00:00,10,40,6,1982697579,threshold_sweep,0.4,1,1,1,2,0,0,4,1,1,0,0,1,1,1,1,0.555555555556,1,1,1,37,35,2,0,37,0,35,0,2,17,37,0.136029411765,1.88235294118,4.35294117647,3.36363636364,2.84615384615,1.69341284359,0.389027274878,0.193958664547,2.09866904602,0.964253345467,0.518282988871,1.87867287326,0.863174022847,0.470588235294,0.786197569093,0.41766745858,2.25,1.88235294118,0.786197569093,2.25,0.166339869281,0.0612244897959,3,0.00441176470588,0.185952380952,17,17,17,1,0,0.352941176471,0.411764705882,0.235294117647,17,0.128676470588,1.90196078431,4.11764705882,3.18181818182,2.69230769231,1.57648156274,0.382859808093,0.201680672269,2.01465221053,0.978545359402,0.524369747899,1.74894926439,0.849489642704,0.463865546218,0.814492905316,0.428238537847,2.33333333333,1.90196078431,0.814492905316,2.33333333333,0,0,0,0,0.164242424242,17,17,17,1,0,0.352941176471,0.411764705882,0.235294117647,17,37,0.136029411765,1.88235294118,4.35294117647,3.36363636364,2.84615384615,1.69341284359,0.389027274878,0.193958664547,2.09866904602,0.964253345467,0.518282988871,1.87867287326,0.863174022847,0.470588235294,0.786197569093,0.41766745858,2.25,1.88235294118,0.786197569093,2.25,0.166339869281,0.0612244897959,3,0.00441176470588,0.185952380952,17,17,17,1,0,0.352941176471,0.411764705882,0.235294117647,0,0,0,0,0,0,0,0,0,0,0,0,0,0,0,0,0,0,0,0,0,0,0,0,0,0,0,0,0,37,0,0,235,1,1,0,0,1,1,1,1,1,1,2,2,0,0,0,0
1400,WLNM_dir_neg,1,0.5,00:00:00,10,40,6,1982697579,threshold_sweep,0.5,1,1,1,2,0,0,4,1,1,0,0,1,1,1,1,0.555555555556,1,1,1,37,35,2,0,37,0,35,0,2,17,37,0.136029411765,1.88235294118,4.35294117647,3.36363636364,2.84615384615,1.69341284359,0.389027274878,0.193958664547,2.09866904602,0.964253345467,0.518282988871,1.87867287326,0.863174022847,0.470588235294,0.786197569093,0.41766745858,2.25,1.88235294118,0.786197569093,2.25,0.166339869281,0.0612244897959,3,0.00441176470588,0.185952380952,17,17,17,1,0,0.352941176471,0.411764705882,0.235294117647,17,0.128676470588,1.90196078431,4.11764705882,3.18181818182,2.69230769231,1.57648156274,0.382859808093,0.201680672269,2.01465221053,0.978545359402,0.524369747899,1.74894926439,0.849489642704,0.463865546218,0.814492905316,0.428238537847,2.33333333333,1.90196078431,0.814492905316,2.33333333333,0,0,0,0,0.164242424242,17,17,17,1,0,0.352941176471,0.411764705882,0.235294117647,17,37,0.136029411765,1.88235294118,4.35294117647,3.36363636364,2.84615384615,1.69341284359,0.389027274878,0.193958664547,2.09866904602,0.964253345467,0.518282988871,1.87867287326,0.863174022847,0.470588235294,0.786197569093,0.41766745858,2.25,1.88235294118,0.786197569093,2.25,0.166339869281,0.0612244897959,3,0.00441176470588,0.185952380952,17,17,17,1,0,0.352941176471,0.411764705882,0.235294117647,0,0,0,0,0,0,0,0,0,0,0,0,0,0,0,0,0,0,0,0,0,0,0,0,0,0,0,0,0,37,0,0,235,1,1,0,0,1,1,1,1,1,1,2,2,0,0,0,0
1401,WLNM_dir_neg,1,0.5,00:00:00,10,40,6,1982697579,threshold_sweep,0.6,1,1,1,2,0,0,4,1,1,0,0,1,1,1,1,0.555555555556,1,1,1,37,35,2,0,37,0,35,0,2,17,37,0.136029411765,1.88235294118,4.35294117647,3.36363636364,2.84615384615,1.69341284359,0.389027274878,0.193958664547,2.09866904602,0.964253345467,0.518282988871,1.87867287326,0.863174022847,0.470588235294,0.786197569093,0.41766745858,2.25,1.88235294118,0.786197569093,2.25,0.166339869281,0.0612244897959,3,0.00441176470588,0.185952380952,17,17,17,1,0,0.352941176471,0.411764705882,0.235294117647,17,0.128676470588,1.90196078431,4.11764705882,3.18181818182,2.69230769231,1.57648156274,0.382859808093,0.201680672269,2.01465221053,0.978545359402,0.524369747899,1.74894926439,0.849489642704,0.463865546218,0.814492905316,0.428238537847,2.33333333333,1.90196078431,0.814492905316,2.33333333333,0,0,0,0,0.164242424242,17,17,17,1,0,0.352941176471,0.411764705882,0.235294117647,17,37,0.136029411765,1.88235294118,4.35294117647,3.36363636364,2.84615384615,1.69341284359,0.389027274878,0.193958664547,2.09866904602,0.964253345467,0.518282988871,1.87867287326,0.863174022847,0.470588235294,0.786197569093,0.41766745858,2.25,1.88235294118,0.786197569093,2.25,0.166339869281,0.0612244897959,3,0.00441176470588,0.185952380952,17,17,17,1,0,0.352941176471,0.411764705882,0.235294117647,0,0,0,0,0,0,0,0,0,0,0,0,0,0,0,0,0,0,0,0,0,0,0,0,0,0,0,0,0,37,0,0,235,1,1,0,0,1,1,1,1,1,1,2,2,0,0,0,0
1402,WLNM_dir_neg,1,0.5,00:00:00,10,40,6,1982697579,threshold_sweep,0.7,1,1,1,2,0,0,4,1,1,0,0,1,1,1,1,0.555555555556,1,1,1,37,35,2,0,37,0,35,0,2,17,37,0.136029411765,1.88235294118,4.35294117647,3.36363636364,2.84615384615,1.69341284359,0.389027274878,0.193958664547,2.09866904602,0.964253345467,0.518282988871,1.87867287326,0.863174022847,0.470588235294,0.786197569093,0.41766745858,2.25,1.88235294118,0.786197569093,2.25,0.166339869281,0.0612244897959,3,0.00441176470588,0.185952380952,17,17,17,1,0,0.352941176471,0.411764705882,0.235294117647,17,0.128676470588,1.90196078431,4.11764705882,3.18181818182,2.69230769231,1.57648156274,0.382859808093,0.201680672269,2.01465221053,0.978545359402,0.524369747899,1.74894926439,0.849489642704,0.463865546218,0.814492905316,0.428238537847,2.33333333333,1.90196078431,0.814492905316,2.33333333333,0,0,0,0,0.164242424242,17,17,17,1,0,0.352941176471,0.411764705882,0.235294117647,17,37,0.136029411765,1.88235294118,4.35294117647,3.36363636364,2.84615384615,1.69341284359,0.389027274878,0.193958664547,2.09866904602,0.964253345467,0.518282988871,1.87867287326,0.863174022847,0.470588235294,0.786197569093,0.41766745858,2.25,1.88235294118,0.786197569093,2.25,0.166339869281,0.0612244897959,3,0.00441176470588,0.185952380952,17,17,17,1,0,0.352941176471,0.411764705882,0.235294117647,0,0,0,0,0,0,0,0,0,0,0,0,0,0,0,0,0,0,0,0,0,0,0,0,0,0,0,0,0,37,0,0,235,1,1,0,0,1,1,1,1,1,1,2,2,0,0,0,0
1403,WLNM_dir_neg,1,0.5,00:00:00,10,40,6,1982697579,threshold_sweep,0.8,1,1,1,2,0,0,4,1,1,0,0,1,1,1,1,0.555555555556,1,1,1,37,35,2,0,37,0,35,0,2,17,37,0.136029411765,1.88235294118,4.35294117647,3.36363636364,2.84615384615,1.69341284359,0.389027274878,0.193958664547,2.09866904602,0.964253345467,0.518282988871,1.87867287326,0.863174022847,0.470588235294,0.786197569093,0.41766745858,2.25,1.88235294118,0.786197569093,2.25,0.166339869281,0.0612244897959,3,0.00441176470588,0.185952380952,17,17,17,1,0,0.352941176471,0.411764705882,0.235294117647,17,0.128676470588,1.90196078431,4.11764705882,3.18181818182,2.69230769231,1.57648156274,0.382859808093,0.201680672269,2.01465221053,0.978545359402,0.524369747899,1.74894926439,0.849489642704,0.463865546218,0.814492905316,0.428238537847,2.33333333333,1.90196078431,0.814492905316,2.33333333333,0,0,0,0,0.164242424242,17,17,17,1,0,0.352941176471,0.411764705882,0.235294117647,17,37,0.136029411765,1.88235294118,4.35294117647,3.36363636364,2.84615384615,1.69341284359,0.389027274878,0.193958664547,2.09866904602,0.964253345467,0.518282988871,1.87867287326,0.863174022847,0.470588235294,0.786197569093,0.41766745858,2.25,1.88235294118,0.786197569093,2.25,0.166339869281,0.0612244897959,3,0.00441176470588,0.185952380952,17,17,17,1,0,0.352941176471,0.411764705882,0.235294117647,0,0,0,0,0,0,0,0,0,0,0,0,0,0,0,0,0,0,0,0,0,0,0,0,0,0,0,0,0,37,0,0,235,1,1,0,0,1,1,1,1,1,1,2,2,0,0,0,0
1404,WLNM_dir_neg,1,0.5,00:00:00,10,40,6,1982697579,threshold_sweep,0.9,1,1,1,2,0,0,4,1,1,0,0,1,1,1,1,0.555555555556,1,1,1,37,35,2,0,37,0,35,0,2,17,37,0.136029411765,1.88235294118,4.35294117647,3.36363636364,2.84615384615,1.69341284359,0.389027274878,0.193958664547,2.09866904602,0.964253345467,0.518282988871,1.87867287326,0.863174022847,0.470588235294,0.786197569093,0.41766745858,2.25,1.88235294118,0.786197569093,2.25,0.166339869281,0.0612244897959,3,0.00441176470588,0.185952380952,17,17,17,1,0,0.352941176471,0.411764705882,0.235294117647,17,0.128676470588,1.90196078431,4.11764705882,3.18181818182,2.69230769231,1.57648156274,0.382859808093,0.201680672269,2.01465221053,0.978545359402,0.524369747899,1.74894926439,0.849489642704,0.463865546218,0.814492905316,0.428238537847,2.33333333333,1.90196078431,0.814492905316,2.33333333333,0,0,0,0,0.164242424242,17,17,17,1,0,0.352941176471,0.411764705882,0.235294117647,17,37,0.136029411765,1.88235294118,4.35294117647,3.36363636364,2.84615384615,1.69341284359,0.389027274878,0.193958664547,2.09866904602,0.964253345467,0.518282988871,1.87867287326,0.863174022847,0.470588235294,0.786197569093,0.41766745858,2.25,1.88235294118,0.786197569093,2.25,0.166339869281,0.0612244897959,3,0.00441176470588,0.185952380952,17,17,17,1,0,0.352941176471,0.411764705882,0.235294117647,0,0,0,0,0,0,0,0,0,0,0,0,0,0,0,0,0,0,0,0,0,0,0,0,0,0,0,0,0,37,0,0,235,1,1,0,0,1,1,1,1,1,1,2,2,0,0,0,0
1405,WLNM_dir_neg,1,0.5,00:00:00,10,40,7,1982697580,threshold_sweep,0.1,1,1,1,2,0,0,4,1,1,0,0,1,1,1,1,0.555555555556,1,1,1,37,35,2,0,37,0,35,0,2,17,37,0.136029411765,1.88235294118,4.35294117647,3.36363636364,2.84615384615,1.69341284359,0.389027274878,0.193958664547,2.09866904602,0.964253345467,0.518282988871,1.87867287326,0.863174022847,0.470588235294,0.786197569093,0.41766745858,2.25,1.88235294118,0.786197569093,2.25,0.166339869281,0.0612244897959,3,0.00441176470588,0.185952380952,17,17,17,1,0,0.352941176471,0.411764705882,0.235294117647,17,0.128676470588,1.90196078431,4.11764705882,3.18181818182,2.69230769231,1.57648156274,0.382859808093,0.201680672269,2.01465221053,0.978545359402,0.524369747899,1.74894926439,0.849489642704,0.463865546218,0.814492905316,0.428238537847,2.33333333333,1.90196078431,0.814492905316,2.33333333333,0,0,0,0,0.164242424242,17,17,17,1,0,0.352941176471,0.411764705882,0.235294117647,17,37,0.136029411765,1.88235294118,4.35294117647,3.36363636364,2.84615384615,1.69341284359,0.389027274878,0.193958664547,2.09866904602,0.964253345467,0.518282988871,1.87867287326,0.863174022847,0.470588235294,0.786197569093,0.41766745858,2.25,1.88235294118,0.786197569093,2.25,0.166339869281,0.0612244897959,3,0.00441176470588,0.185952380952,17,17,17,1,0,0.352941176471,0.411764705882,0.235294117647,0,0,0,0,0,0,0,0,0,0,0,0,0,0,0,0,0,0,0,0,0,0,0,0,0,0,0,0,0,37,0,0,235,1,1,0,0,1,1,1,1,1,1,2,2,0,0,0,0
1406,WLNM_dir_neg,1,0.5,00:00:00,10,40,7,1982697580,threshold_sweep,0.2,1,1,1,2,0,0,4,1,1,0,0,1,1,1,1,0.555555555556,1,1,1,37,35,2,0,37,0,35,0,2,17,37,0.136029411765,1.88235294118,4.35294117647,3.36363636364,2.84615384615,1.69341284359,0.389027274878,0.193958664547,2.09866904602,0.964253345467,0.518282988871,1.87867287326,0.863174022847,0.470588235294,0.786197569093,0.41766745858,2.25,1.88235294118,0.786197569093,2.25,0.166339869281,0.0612244897959,3,0.00441176470588,0.185952380952,17,17,17,1,0,0.352941176471,0.411764705882,0.235294117647,17,0.128676470588,1.90196078431,4.11764705882,3.18181818182,2.69230769231,1.57648156274,0.382859808093,0.201680672269,2.01465221053,0.978545359402,0.524369747899,1.74894926439,0.849489642704,0.463865546218,0.814492905316,0.428238537847,2.33333333333,1.90196078431,0.814492905316,2.33333333333,0,0,0,0,0.164242424242,17,17,17,1,0,0.352941176471,0.411764705882,0.235294117647,17,37,0.136029411765,1.88235294118,4.35294117647,3.36363636364,2.84615384615,1.69341284359,0.389027274878,0.193958664547,2.09866904602,0.964253345467,0.518282988871,1.87867287326,0.863174022847,0.470588235294,0.786197569093,0.41766745858,2.25,1.88235294118,0.786197569093,2.25,0.166339869281,0.0612244897959,3,0.00441176470588,0.185952380952,17,17,17,1,0,0.352941176471,0.411764705882,0.235294117647,0,0,0,0,0,0,0,0,0,0,0,0,0,0,0,0,0,0,0,0,0,0,0,0,0,0,0,0,0,37,0,0,235,1,1,0,0,1,1,1,1,1,1,2,2,0,0,0,0
1407,WLNM_dir_neg,1,0.5,00:00:00,10,40,7,1982697580,threshold_sweep,0.3,1,1,1,2,0,0,4,1,1,0,0,1,1,1,1,0.555555555556,1,1,1,37,35,2,0,37,0,35,0,2,17,37,0.136029411765,1.88235294118,4.35294117647,3.36363636364,2.84615384615,1.69341284359,0.389027274878,0.193958664547,2.09866904602,0.964253345467,0.518282988871,1.87867287326,0.863174022847,0.470588235294,0.786197569093,0.41766745858,2.25,1.88235294118,0.786197569093,2.25,0.166339869281,0.0612244897959,3,0.00441176470588,0.185952380952,17,17,17,1,0,0.352941176471,0.411764705882,0.235294117647,17,0.128676470588,1.90196078431,4.11764705882,3.18181818182,2.69230769231,1.57648156274,0.382859808093,0.201680672269,2.01465221053,0.978545359402,0.524369747899,1.74894926439,0.849489642704,0.463865546218,0.814492905316,0.428238537847,2.33333333333,1.90196078431,0.814492905316,2.33333333333,0,0,0,0,0.164242424242,17,17,17,1,0,0.352941176471,0.411764705882,0.235294117647,17,37,0.136029411765,1.88235294118,4.35294117647,3.36363636364,2.84615384615,1.69341284359,0.389027274878,0.193958664547,2.09866904602,0.964253345467,0.518282988871,1.87867287326,0.863174022847,0.470588235294,0.786197569093,0.41766745858,2.25,1.88235294118,0.786197569093,2.25,0.166339869281,0.0612244897959,3,0.00441176470588,0.185952380952,17,17,17,1,0,0.352941176471,0.411764705882,0.235294117647,0,0,0,0,0,0,0,0,0,0,0,0,0,0,0,0,0,0,0,0,0,0,0,0,0,0,0,0,0,37,0,0,235,1,1,0,0,1,1,1,1,1,1,2,2,0,0,0,0
1408,WLNM_dir_neg,1,0.5,00:00:00,10,40,7,1982697580,threshold_sweep,0.4,1,1,1,2,0,0,4,1,1,0,0,1,1,1,1,0.555555555556,1,1,1,37,35,2,0,37,0,35,0,2,17,37,0.136029411765,1.88235294118,4.35294117647,3.36363636364,2.84615384615,1.69341284359,0.389027274878,0.193958664547,2.09866904602,0.964253345467,0.518282988871,1.87867287326,0.863174022847,0.470588235294,0.786197569093,0.41766745858,2.25,1.88235294118,0.786197569093,2.25,0.166339869281,0.0612244897959,3,0.00441176470588,0.185952380952,17,17,17,1,0,0.352941176471,0.411764705882,0.235294117647,17,0.128676470588,1.90196078431,4.11764705882,3.18181818182,2.69230769231,1.57648156274,0.382859808093,0.201680672269,2.01465221053,0.978545359402,0.524369747899,1.74894926439,0.849489642704,0.463865546218,0.814492905316,0.428238537847,2.33333333333,1.90196078431,0.814492905316,2.33333333333,0,0,0,0,0.164242424242,17,17,17,1,0,0.352941176471,0.411764705882,0.235294117647,17,37,0.136029411765,1.88235294118,4.35294117647,3.36363636364,2.84615384615,1.69341284359,0.389027274878,0.193958664547,2.09866904602,0.964253345467,0.518282988871,1.87867287326,0.863174022847,0.470588235294,0.786197569093,0.41766745858,2.25,1.88235294118,0.786197569093,2.25,0.166339869281,0.0612244897959,3,0.00441176470588,0.185952380952,17,17,17,1,0,0.352941176471,0.411764705882,0.235294117647,0,0,0,0,0,0,0,0,0,0,0,0,0,0,0,0,0,0,0,0,0,0,0,0,0,0,0,0,0,37,0,0,235,1,1,0,0,1,1,1,1,1,1,2,2,0,0,0,0
1409,WLNM_dir_neg,1,0.5,00:00:00,10,40,7,1982697580,threshold_sweep,0.5,1,1,1,2,0,0,4,1,1,0,0,1,1,1,1,0.555555555556,1,1,1,37,35,2,0,37,0,35,0,2,17,37,0.136029411765,1.88235294118,4.35294117647,3.36363636364,2.84615384615,1.69341284359,0.389027274878,0.193958664547,2.09866904602,0.964253345467,0.518282988871,1.87867287326,0.863174022847,0.470588235294,0.786197569093,0.41766745858,2.25,1.88235294118,0.786197569093,2.25,0.166339869281,0.0612244897959,3,0.00441176470588,0.185952380952,17,17,17,1,0,0.352941176471,0.411764705882,0.235294117647,17,0.128676470588,1.90196078431,4.11764705882,3.18181818182,2.69230769231,1.57648156274,0.382859808093,0.201680672269,2.01465221053,0.978545359402,0.524369747899,1.74894926439,0.849489642704,0.463865546218,0.814492905316,0.428238537847,2.33333333333,1.90196078431,0.814492905316,2.33333333333,0,0,0,0,0.164242424242,17,17,17,1,0,0.352941176471,0.411764705882,0.235294117647,17,37,0.136029411765,1.88235294118,4.35294117647,3.36363636364,2.84615384615,1.69341284359,0.389027274878,0.193958664547,2.09866904602,0.964253345467,0.518282988871,1.87867287326,0.863174022847,0.470588235294,0.786197569093,0.41766745858,2.25,1.88235294118,0.786197569093,2.25,0.166339869281,0.0612244897959,3,0.00441176470588,0.185952380952,17,17,17,1,0,0.352941176471,0.411764705882,0.235294117647,0,0,0,0,0,0,0,0,0,0,0,0,0,0,0,0,0,0,0,0,0,0,0,0,0,0,0,0,0,37,0,0,235,1,1,0,0,1,1,1,1,1,1,2,2,0,0,0,0
1410,WLNM_dir_neg,1,0.5,00:00:00,10,40,7,1982697580,threshold_sweep,0.6,1,1,1,2,0,0,4,1,1,0,0,1,1,1,1,0.555555555556,1,1,1,37,35,2,0,37,0,35,0,2,17,37,0.136029411765,1.88235294118,4.35294117647,3.36363636364,2.84615384615,1.69341284359,0.389027274878,0.193958664547,2.09866904602,0.964253345467,0.518282988871,1.87867287326,0.863174022847,0.470588235294,0.786197569093,0.41766745858,2.25,1.88235294118,0.786197569093,2.25,0.166339869281,0.0612244897959,3,0.00441176470588,0.185952380952,17,17,17,1,0,0.352941176471,0.411764705882,0.235294117647,17,0.128676470588,1.90196078431,4.11764705882,3.18181818182,2.69230769231,1.57648156274,0.382859808093,0.201680672269,2.01465221053,0.978545359402,0.524369747899,1.74894926439,0.849489642704,0.463865546218,0.814492905316,0.428238537847,2.33333333333,1.90196078431,0.814492905316,2.33333333333,0,0,0,0,0.164242424242,17,17,17,1,0,0.352941176471,0.411764705882,0.235294117647,17,37,0.136029411765,1.88235294118,4.35294117647,3.36363636364,2.84615384615,1.69341284359,0.389027274878,0.193958664547,2.09866904602,0.964253345467,0.518282988871,1.87867287326,0.863174022847,0.470588235294,0.786197569093,0.41766745858,2.25,1.88235294118,0.786197569093,2.25,0.166339869281,0.0612244897959,3,0.00441176470588,0.185952380952,17,17,17,1,0,0.352941176471,0.411764705882,0.235294117647,0,0,0,0,0,0,0,0,0,0,0,0,0,0,0,0,0,0,0,0,0,0,0,0,0,0,0,0,0,37,0,0,235,1,1,0,0,1,1,1,1,1,1,2,2,0,0,0,0
1411,WLNM_dir_neg,1,0.5,00:00:00,10,40,7,1982697580,threshold_sweep,0.7,1,1,1,2,0,0,4,1,1,0,0,1,1,1,1,0.555555555556,1,1,1,37,35,2,0,37,0,35,0,2,17,37,0.136029411765,1.88235294118,4.35294117647,3.36363636364,2.84615384615,1.69341284359,0.389027274878,0.193958664547,2.09866904602,0.964253345467,0.518282988871,1.87867287326,0.863174022847,0.470588235294,0.786197569093,0.41766745858,2.25,1.88235294118,0.786197569093,2.25,0.166339869281,0.0612244897959,3,0.00441176470588,0.185952380952,17,17,17,1,0,0.352941176471,0.411764705882,0.235294117647,17,0.128676470588,1.90196078431,4.11764705882,3.18181818182,2.69230769231,1.57648156274,0.382859808093,0.201680672269,2.01465221053,0.978545359402,0.524369747899,1.74894926439,0.849489642704,0.463865546218,0.814492905316,0.428238537847,2.33333333333,1.90196078431,0.814492905316,2.33333333333,0,0,0,0,0.164242424242,17,17,17,1,0,0.352941176471,0.411764705882,0.235294117647,17,37,0.136029411765,1.88235294118,4.35294117647,3.36363636364,2.84615384615,1.69341284359,0.389027274878,0.193958664547,2.09866904602,0.964253345467,0.518282988871,1.87867287326,0.863174022847,0.470588235294,0.786197569093,0.41766745858,2.25,1.88235294118,0.786197569093,2.25,0.166339869281,0.0612244897959,3,0.00441176470588,0.185952380952,17,17,17,1,0,0.352941176471,0.411764705882,0.235294117647,0,0,0,0,0,0,0,0,0,0,0,0,0,0,0,0,0,0,0,0,0,0,0,0,0,0,0,0,0,37,0,0,235,1,1,0,0,1,1,1,1,1,1,2,2,0,0,0,0
1412,WLNM_dir_neg,1,0.5,00:00:00,10,40,7,1982697580,threshold_sweep,0.8,1,1,1,2,0,0,4,1,1,0,0,1,1,1,1,0.555555555556,1,1,1,37,35,2,0,37,0,35,0,2,17,37,0.136029411765,1.88235294118,4.35294117647,3.36363636364,2.84615384615,1.69341284359,0.389027274878,0.193958664547,2.09866904602,0.964253345467,0.518282988871,1.87867287326,0.863174022847,0.470588235294,0.786197569093,0.41766745858,2.25,1.88235294118,0.786197569093,2.25,0.166339869281,0.0612244897959,3,0.00441176470588,0.185952380952,17,17,17,1,0,0.352941176471,0.411764705882,0.235294117647,17,0.128676470588,1.90196078431,4.11764705882,3.18181818182,2.69230769231,1.57648156274,0.382859808093,0.201680672269,2.01465221053,0.978545359402,0.524369747899,1.74894926439,0.849489642704,0.463865546218,0.814492905316,0.428238537847,2.33333333333,1.90196078431,0.814492905316,2.33333333333,0,0,0,0,0.164242424242,17,17,17,1,0,0.352941176471,0.411764705882,0.235294117647,17,37,0.136029411765,1.88235294118,4.35294117647,3.36363636364,2.84615384615,1.69341284359,0.389027274878,0.193958664547,2.09866904602,0.964253345467,0.518282988871,1.87867287326,0.863174022847,0.470588235294,0.786197569093,0.41766745858,2.25,1.88235294118,0.786197569093,2.25,0.166339869281,0.0612244897959,3,0.00441176470588,0.185952380952,17,17,17,1,0,0.352941176471,0.411764705882,0.235294117647,0,0,0,0,0,0,0,0,0,0,0,0,0,0,0,0,0,0,0,0,0,0,0,0,0,0,0,0,0,37,0,0,235,1,1,0,0,1,1,1,1,1,1,2,2,0,0,0,0
1413,WLNM_dir_neg,1,0.5,00:00:00,10,40,7,1982697580,threshold_sweep,0.9,1,1,1,2,0,0,4,1,1,0,0,1,1,1,1,0.555555555556,1,1,1,37,35,2,0,37,0,35,0,2,17,37,0.136029411765,1.88235294118,4.35294117647,3.36363636364,2.84615384615,1.69341284359,0.389027274878,0.193958664547,2.09866904602,0.964253345467,0.518282988871,1.87867287326,0.863174022847,0.470588235294,0.786197569093,0.41766745858,2.25,1.88235294118,0.786197569093,2.25,0.166339869281,0.0612244897959,3,0.00441176470588,0.185952380952,17,17,17,1,0,0.352941176471,0.411764705882,0.235294117647,17,0.128676470588,1.90196078431,4.11764705882,3.18181818182,2.69230769231,1.57648156274,0.382859808093,0.201680672269,2.01465221053,0.978545359402,0.524369747899,1.74894926439,0.849489642704,0.463865546218,0.814492905316,0.428238537847,2.33333333333,1.90196078431,0.814492905316,2.33333333333,0,0,0,0,0.164242424242,17,17,17,1,0,0.352941176471,0.411764705882,0.235294117647,17,37,0.136029411765,1.88235294118,4.35294117647,3.36363636364,2.84615384615,1.69341284359,0.389027274878,0.193958664547,2.09866904602,0.964253345467,0.518282988871,1.87867287326,0.863174022847,0.470588235294,0.786197569093,0.41766745858,2.25,1.88235294118,0.786197569093,2.25,0.166339869281,0.0612244897959,3,0.00441176470588,0.185952380952,17,17,17,1,0,0.352941176471,0.411764705882,0.235294117647,0,0,0,0,0,0,0,0,0,0,0,0,0,0,0,0,0,0,0,0,0,0,0,0,0,0,0,0,0,37,0,0,235,1,1,0,0,1,1,1,1,1,1,2,2,0,0,0,0
1414,WLNM_dir_neg,1,0.5,00:00:00,10,40,8,1982697581,threshold_sweep,0.1,0.5,1,0.666666666667,2,2,0,2,1,0.5,0.5,0,0.5,1,0.666666666667,0.666666666667,0.444444444444,0.4,0.5,0.5,37,35,2,0,37,0,35,0,2,17,37,0.136029411765,1.88235294118,4.35294117647,3.36363636364,2.84615384615,1.69341284359,0.389027274878,0.193958664547,2.09866904602,0.964253345467,0.518282988871,1.87867287326,0.863174022847,0.470588235294,0.786197569093,0.41766745858,2.25,1.88235294118,0.786197569093,2.25,0.166339869281,0.0612244897959,3,0.00441176470588,0.185952380952,17,17,17,1,0,0.352941176471,0.411764705882,0.235294117647,17,0.128676470588,1.90196078431,4.11764705882,3.18181818182,2.69230769231,1.57648156274,0.382859808093,0.201680672269,2.01465221053,0.978545359402,0.524369747899,1.74894926439,0.849489642704,0.463865546218,0.814492905316,0.428238537847,2.33333333333,1.90196078431,0.814492905316,2.33333333333,0,0,0,0,0.164242424242,17,17,17,1,0,0.352941176471,0.411764705882,0.235294117647,17,39,0.143382352941,2.50941176471,4.58823529412,3,3,1.69774937525,0.370022299735,0.184012066365,1.99263349247,0.868583830049,0.470588235294,1.99263349247,0.868583830049,0.470588235294,1.07607777709,0.428816741926,3.05,2.50941176471,1.07607777709,3.05,0.222875816993,0.128834355828,7,0.0102941176471,0.150778388278,17,17,17,1,0,0.235294117647,0.529411764706,0.235294117647,2,0.00735294117647,0.627058823529,0.235294117647,-0.363636363636,0.153846153846,0.00433653166789,-0.019004975143,-0.00994659818189,-0.106035553551,-0.0956695154179,-0.0476947535771,0.11396061921,0.00540980720184,0,0.289880208,0.0111492833459,0.8,0.627058823529,0.289880208,0.8,0.0565359477124,0.0676098660323,4,0.00588235294118,-0.035173992674,-0.117647058824,0.117647058824,0,37,2,0,233,1,0.991489361702,0.00851063829787,0,0.948717948718,1,0.973684210526,0.969867905134,0.991489361702,0.948717948718,4,2,0,0,0,0
1415,WLNM_dir_neg,1,0.5,00:00:00,10,40,8,1982697581,threshold_sweep,0.2,0.5,1,0.666666666667,2,2,0,2,1,0.5,0.5,0,0.5,1,0.666666666667,0.666666666667,0.444444444444,0.4,0.5,0.5,37,35,2,0,37,0,35,0,2,17,37,0.136029411765,1.88235294118,4.35294117647,3.36363636364,2.84615384615,1.69341284359,0.389027274878,0.193958664547,2.09866904602,0.964253345467,0.518282988871,1.87867287326,0.863174022847,0.470588235294,0.786197569093,0.41766745858,2.25,1.88235294118,0.786197569093,2.25,0.166339869281,0.0612244897959,3,0.00441176470588,0.185952380952,17,17,17,1,0,0.352941176471,0.411764705882,0.235294117647,17,0.128676470588,1.90196078431,4.11764705882,3.18181818182,2.69230769231,1.57648156274,0.382859808093,0.201680672269,2.01465221053,0.978545359402,0.524369747899,1.74894926439,0.849489642704,0.463865546218,0.814492905316,0.428238537847,2.33333333333,1.90196078431,0.814492905316,2.33333333333,0,0,0,0,0.164242424242,17,17,17,1,0,0.352941176471,0.411764705882,0.235294117647,17,39,0.143382352941,2.50941176471,4.58823529412,3,3,1.69774937525,0.370022299735,0.184012066365,1.99263349247,0.868583830049,0.470588235294,1.99263349247,0.868583830049,0.470588235294,1.07607777709,0.428816741926,3.05,2.50941176471,1.07607777709,3.05,0.222875816993,0.128834355828,7,0.0102941176471,0.150778388278,17,17,17,1,0,0.235294117647,0.529411764706,0.235294117647,2,0.00735294117647,0.627058823529,0.235294117647,-0.363636363636,0.153846153846,0.00433653166789,-0.019004975143,-0.00994659818189,-0.106035553551,-0.0956695154179,-0.0476947535771,0.11396061921,0.00540980720184,0,0.289880208,0.0111492833459,0.8,0.627058823529,0.289880208,0.8,0.0565359477124,0.0676098660323,4,0.00588235294118,-0.035173992674,-0.117647058824,0.117647058824,0,37,2,0,233,1,0.991489361702,0.00851063829787,0,0.948717948718,1,0.973684210526,0.969867905134,0.991489361702,0.948717948718,4,2,0,0,0,0
1416,WLNM_dir_neg,1,0.5,00:00:00,10,40,8,1982697581,threshold_sweep,0.3,0.5,1,0.666666666667,2,2,0,2,1,0.5,0.5,0,0.5,1,0.666666666667,0.666666666667,0.444444444444,0.4,0.5,0.5,37,35,2,0,37,0,35,0,2,17,37,0.136029411765,1.88235294118,4.35294117647,3.36363636364,2.84615384615,1.69341284359,0.389027274878,0.193958664547,2.09866904602,0.964253345467,0.518282988871,1.87867287326,0.863174022847,0.470588235294,0.786197569093,0.41766745858,2.25,1.88235294118,0.786197569093,2.25,0.166339869281,0.0612244897959,3,0.00441176470588,0.185952380952,17,17,17,1,0,0.352941176471,0.411764705882,0.235294117647,17,0.128676470588,1.90196078431,4.11764705882,3.18181818182,2.69230769231,1.57648156274,0.382859808093,0.201680672269,2.01465221053,0.978545359402,0.524369747899,1.74894926439,0.849489642704,0.463865546218,0.814492905316,0.428238537847,2.33333333333,1.90196078431,0.814492905316,2.33333333333,0,0,0,0,0.164242424242,17,17,17,1,0,0.352941176471,0.411764705882,0.235294117647,17,39,0.143382352941,2.50941176471,4.58823529412,3,3,1.69774937525,0.370022299735,0.184012066365,1.99263349247,0.868583830049,0.470588235294,1.99263349247,0.868583830049,0.470588235294,1.07607777709,0.428816741926,3.05,2.50941176471,1.07607777709,3.05,0.222875816993,0.128834355828,7,0.0102941176471,0.150778388278,17,17,17,1,0,0.235294117647,0.529411764706,0.235294117647,2,0.00735294117647,0.627058823529,0.235294117647,-0.363636363636,0.153846153846,0.00433653166789,-0.019004975143,-0.00994659818189,-0.106035553551,-0.0956695154179,-0.0476947535771,0.11396061921,0.00540980720184,0,0.289880208,0.0111492833459,0.8,0.627058823529,0.289880208,0.8,0.0565359477124,0.0676098660323,4,0.00588235294118,-0.035173992674,-0.117647058824,0.117647058824,0,37,2,0,233,1,0.991489361702,0.00851063829787,0,0.948717948718,1,0.973684210526,0.969867905134,0.991489361702,0.948717948718,4,2,0,0,0,0
1417,WLNM_dir_neg,1,0.5,00:00:00,10,40,8,1982697581,threshold_sweep,0.4,0.5,1,0.666666666667,2,2,0,2,1,0.5,0.5,0,0.5,1,0.666666666667,0.666666666667,0.444444444444,0.4,0.5,0.5,37,35,2,0,37,0,35,0,2,17,37,0.136029411765,1.88235294118,4.35294117647,3.36363636364,2.84615384615,1.69341284359,0.389027274878,0.193958664547,2.09866904602,0.964253345467,0.518282988871,1.87867287326,0.863174022847,0.470588235294,0.786197569093,0.41766745858,2.25,1.88235294118,0.786197569093,2.25,0.166339869281,0.0612244897959,3,0.00441176470588,0.185952380952,17,17,17,1,0,0.352941176471,0.411764705882,0.235294117647,17,0.128676470588,1.90196078431,4.11764705882,3.18181818182,2.69230769231,1.57648156274,0.382859808093,0.201680672269,2.01465221053,0.978545359402,0.524369747899,1.74894926439,0.849489642704,0.463865546218,0.814492905316,0.428238537847,2.33333333333,1.90196078431,0.814492905316,2.33333333333,0,0,0,0,0.164242424242,17,17,17,1,0,0.352941176471,0.411764705882,0.235294117647,17,39,0.143382352941,2.50941176471,4.58823529412,3,3,1.69774937525,0.370022299735,0.184012066365,1.99263349247,0.868583830049,0.470588235294,1.99263349247,0.868583830049,0.470588235294,1.07607777709,0.428816741926,3.05,2.50941176471,1.07607777709,3.05,0.222875816993,0.128834355828,7,0.0102941176471,0.150778388278,17,17,17,1,0,0.235294117647,0.529411764706,0.235294117647,2,0.00735294117647,0.627058823529,0.235294117647,-0.363636363636,0.153846153846,0.00433653166789,-0.019004975143,-0.00994659818189,-0.106035553551,-0.0956695154179,-0.0476947535771,0.11396061921,0.00540980720184,0,0.289880208,0.0111492833459,0.8,0.627058823529,0.289880208,0.8,0.0565359477124,0.0676098660323,4,0.00588235294118,-0.035173992674,-0.117647058824,0.117647058824,0,37,2,0,233,1,0.991489361702,0.00851063829787,0,0.948717948718,1,0.973684210526,0.969867905134,0.991489361702,0.948717948718,4,2,0,0,0,0
1418,WLNM_dir_neg,1,0.5,00:00:00,10,40,8,1982697581,threshold_sweep,0.5,0.666666666667,1,0.8,2,1,0,3,1,0.75,0.25,0,0.666666666667,1,0.8,0.833333333333,0.5,0.666666666667,0.707106781187,0.75,37,35,2,0,37,0,35,0,2,17,37,0.136029411765,1.88235294118,4.35294117647,3.36363636364,2.84615384615,1.69341284359,0.389027274878,0.193958664547,2.09866904602,0.964253345467,0.518282988871,1.87867287326,0.863174022847,0.470588235294,0.786197569093,0.41766745858,2.25,1.88235294118,0.786197569093,2.25,0.166339869281,0.0612244897959,3,0.00441176470588,0.185952380952,17,17,17,1,0,0.352941176471,0.411764705882,0.235294117647,17,0.128676470588,1.90196078431,4.11764705882,3.18181818182,2.69230769231,1.57648156274,0.382859808093,0.201680672269,2.01465221053,0.978545359402,0.524369747899,1.74894926439,0.849489642704,0.463865546218,0.814492905316,0.428238537847,2.33333333333,1.90196078431,0.814492905316,2.33333333333,0,0,0,0,0.164242424242,17,17,17,1,0,0.352941176471,0.411764705882,0.235294117647,17,38,0.139705882353,2.13617647059,4.47058823529,3.16666666667,2.92307692308,1.69991349261,0.380243807557,0.19040247678,2.04723630062,0.915868871331,0.495356037152,1.92124346989,0.859503657582,0.467492260062,0.898017833571,0.420385602938,2.5,2.13617647059,0.898017833571,2.5,0.180065359477,0.0774193548387,4,0.00588235294118,0.164051226551,17,17,17,1,0,0.294117647059,0.470588235294,0.235294117647,1,0.00367647058824,0.253823529412,0.117647058824,-0.19696969697,0.0769230769231,0.00650064902221,-0.00878346732077,-0.00355618776671,-0.0514327453931,-0.0483844741355,-0.0229269517195,0.0425705966328,-0.00367036526551,-0.0030959752322,0.111820264479,0.002718144358,0.25,0.253823529412,0.111820264479,0.25,0.0137254901961,0.0161948650428,1,0.00147058823529,-0.0219011544012,-0.0588235294118,0.0588235294118,0,37,1,0,234,1,0.995744680851,0.00425531914894,0,0.973684210526,1,0.986666666667,0.984652666406,0.995744680851,0.973684210526,3,2,0,0,0,0
1419,WLNM_dir_neg,1,0.5,00:00:00,10,40,8,1982697581,threshold_sweep,0.6,0.666666666667,1,0.8,2,1,0,3,1,0.75,0.25,0,0.666666666667,1,0.8,0.833333333333,0.5,0.666666666667,0.707106781187,0.75,37,35,2,0,37,0,35,0,2,17,37,0.136029411765,1.88235294118,4.35294117647,3.36363636364,2.84615384615,1.69341284359,0.389027274878,0.193958664547,2.09866904602,0.964253345467,0.518282988871,1.87867287326,0.863174022847,0.470588235294,0.786197569093,0.41766745858,2.25,1.88235294118,0.786197569093,2.25,0.166339869281,0.0612244897959,3,0.00441176470588,0.185952380952,17,17,17,1,0,0.352941176471,0.411764705882,0.235294117647,17,0.128676470588,1.90196078431,4.11764705882,3.18181818182,2.69230769231,1.57648156274,0.382859808093,0.201680672269,2.01465221053,0.978545359402,0.524369747899,1.74894926439,0.849489642704,0.463865546218,0.814492905316,0.428238537847,2.33333333333,1.90196078431,0.814492905316,2.33333333333,0,0,0,0,0.164242424242,17,17,17,1,0,0.352941176471,0.411764705882,0.235294117647,17,38,0.139705882353,2.13617647059,4.47058823529,3.16666666667,2.92307692308,1.69991349261,0.380243807557,0.19040247678,2.04723630062,0.915868871331,0.495356037152,1.92124346989,0.859503657582,0.467492260062,0.898017833571,0.420385602938,2.5,2.13617647059,0.898017833571,2.5,0.180065359477,0.0774193548387,4,0.00588235294118,0.164051226551,17,17,17,1,0,0.294117647059,0.470588235294,0.235294117647,1,0.00367647058824,0.253823529412,0.117647058824,-0.19696969697,0.0769230769231,0.00650064902221,-0.00878346732077,-0.00355618776671,-0.0514327453931,-0.0483844741355,-0.0229269517195,0.0425705966328,-0.00367036526551,-0.0030959752322,0.111820264479,0.002718144358,0.25,0.253823529412,0.111820264479,0.25,0.0137254901961,0.0161948650428,1,0.00147058823529,-0.0219011544012,-0.0588235294118,0.0588235294118,0,37,1,0,234,1,0.995744680851,0.00425531914894,0,0.973684210526,1,0.986666666667,0.984652666406,0.995744680851,0.973684210526,3,2,0,0,0,0
1420,WLNM_dir_neg,1,0.5,00:00:00,10,40,8,1982697581,threshold_sweep,0.7,0.666666666667,1,0.8,2,1,0,3,1,0.75,0.25,0,0.666666666667,1,0.8,0.833333333333,0.5,0.666666666667,0.707106781187,0.75,37,35,2,0,37,0,35,0,2,17,37,0.136029411765,1.88235294118,4.35294117647,3.36363636364,2.84615384615,1.69341284359,0.389027274878,0.193958664547,2.09866904602,0.964253345467,0.518282988871,1.87867287326,0.863174022847,0.470588235294,0.786197569093,0.41766745858,2.25,1.88235294118,0.786197569093,2.25,0.166339869281,0.0612244897959,3,0.00441176470588,0.185952380952,17,17,17,1,0,0.352941176471,0.411764705882,0.235294117647,17,0.128676470588,1.90196078431,4.11764705882,3.18181818182,2.69230769231,1.57648156274,0.382859808093,0.201680672269,2.01465221053,0.978545359402,0.524369747899,1.74894926439,0.849489642704,0.463865546218,0.814492905316,0.428238537847,2.33333333333,1.90196078431,0.814492905316,2.33333333333,0,0,0,0,0.164242424242,17,17,17,1,0,0.352941176471,0.411764705882,0.235294117647,17,38,0.139705882353,2.13617647059,4.47058823529,3.16666666667,2.92307692308,1.69991349261,0.380243807557,0.19040247678,2.04723630062,0.915868871331,0.495356037152,1.92124346989,0.859503657582,0.467492260062,0.898017833571,0.420385602938,2.5,2.13617647059,0.898017833571,2.5,0.180065359477,0.0774193548387,4,0.00588235294118,0.164051226551,17,17,17,1,0,0.294117647059,0.470588235294,0.235294117647,1,0.00367647058824,0.253823529412,0.117647058824,-0.19696969697,0.0769230769231,0.00650064902221,-0.00878346732077,-0.00355618776671,-0.0514327453931,-0.0483844741355,-0.0229269517195,0.0425705966328,-0.00367036526551,-0.0030959752322,0.111820264479,0.002718144358,0.25,0.253823529412,0.111820264479,0.25,0.0137254901961,0.0161948650428,1,0.00147058823529,-0.0219011544012,-0.0588235294118,0.0588235294118,0,37,1,0,234,1,0.995744680851,0.00425531914894,0,0.973684210526,1,0.986666666667,0.984652666406,0.995744680851,0.973684210526,3,2,0,0,0,0
1421,WLNM_dir_neg,1,0.5,00:00:00,10,40,8,1982697581,threshold_sweep,0.8,0.666666666667,1,0.8,2,1,0,3,1,0.75,0.25,0,0.666666666667,1,0.8,0.833333333333,0.5,0.666666666667,0.707106781187,0.75,37,35,2,0,37,0,35,0,2,17,37,0.136029411765,1.88235294118,4.35294117647,3.36363636364,2.84615384615,1.69341284359,0.389027274878,0.193958664547,2.09866904602,0.964253345467,0.518282988871,1.87867287326,0.863174022847,0.470588235294,0.786197569093,0.41766745858,2.25,1.88235294118,0.786197569093,2.25,0.166339869281,0.0612244897959,3,0.00441176470588,0.185952380952,17,17,17,1,0,0.352941176471,0.411764705882,0.235294117647,17,0.128676470588,1.90196078431,4.11764705882,3.18181818182,2.69230769231,1.57648156274,0.382859808093,0.201680672269,2.01465221053,0.978545359402,0.524369747899,1.74894926439,0.849489642704,0.463865546218,0.814492905316,0.428238537847,2.33333333333,1.90196078431,0.814492905316,2.33333333333,0,0,0,0,0.164242424242,17,17,17,1,0,0.352941176471,0.411764705882,0.235294117647,17,38,0.139705882353,2.13617647059,4.47058823529,3.16666666667,2.92307692308,1.69991349261,0.380243807557,0.19040247678,2.04723630062,0.915868871331,0.495356037152,1.92124346989,0.859503657582,0.467492260062,0.898017833571,0.420385602938,2.5,2.13617647059,0.898017833571,2.5,0.180065359477,0.0774193548387,4,0.00588235294118,0.164051226551,17,17,17,1,0,0.294117647059,0.470588235294,0.235294117647,1,0.00367647058824,0.253823529412,0.117647058824,-0.19696969697,0.0769230769231,0.00650064902221,-0.00878346732077,-0.00355618776671,-0.0514327453931,-0.0483844741355,-0.0229269517195,0.0425705966328,-0.00367036526551,-0.0030959752322,0.111820264479,0.002718144358,0.25,0.253823529412,0.111820264479,0.25,0.0137254901961,0.0161948650428,1,0.00147058823529,-0.0219011544012,-0.0588235294118,0.0588235294118,0,37,1,0,234,1,0.995744680851,0.00425531914894,0,0.973684210526,1,0.986666666667,0.984652666406,0.995744680851,0.973684210526,3,2,0,0,0,0
1422,WLNM_dir_neg,1,0.5,00:00:00,10,40,8,1982697581,threshold_sweep,0.9,0.666666666667,1,0.8,2,1,0,3,1,0.75,0.25,0,0.666666666667,1,0.8,0.833333333333,0.5,0.666666666667,0.707106781187,0.75,37,35,2,0,37,0,35,0,2,17,37,0.136029411765,1.88235294118,4.35294117647,3.36363636364,2.84615384615,1.69341284359,0.389027274878,0.193958664547,2.09866904602,0.964253345467,0.518282988871,1.87867287326,0.863174022847,0.470588235294,0.786197569093,0.41766745858,2.25,1.88235294118,0.786197569093,2.25,0.166339869281,0.0612244897959,3,0.00441176470588,0.185952380952,17,17,17,1,0,0.352941176471,0.411764705882,0.235294117647,17,0.128676470588,1.90196078431,4.11764705882,3.18181818182,2.69230769231,1.57648156274,0.382859808093,0.201680672269,2.01465221053,0.978545359402,0.524369747899,1.74894926439,0.849489642704,0.463865546218,0.814492905316,0.428238537847,2.33333333333,1.90196078431,0.814492905316,2.33333333333,0,0,0,0,0.164242424242,17,17,17,1,0,0.352941176471,0.411764705882,0.235294117647,17,38,0.139705882353,2.13617647059,4.47058823529,3.16666666667,2.92307692308,1.69991349261,0.380243807557,0.19040247678,2.04723630062,0.915868871331,0.495356037152,1.92124346989,0.859503657582,0.467492260062,0.898017833571,0.420385602938,2.5,2.13617647059,0.898017833571,2.5,0.180065359477,0.0774193548387,4,0.00588235294118,0.164051226551,17,17,17,1,0,0.294117647059,0.470588235294,0.235294117647,1,0.00367647058824,0.253823529412,0.117647058824,-0.19696969697,0.0769230769231,0.00650064902221,-0.00878346732077,-0.00355618776671,-0.0514327453931,-0.0483844741355,-0.0229269517195,0.0425705966328,-0.00367036526551,-0.0030959752322,0.111820264479,0.002718144358,0.25,0.253823529412,0.111820264479,0.25,0.0137254901961,0.0161948650428,1,0.00147058823529,-0.0219011544012,-0.0588235294118,0.0588235294118,0,37,1,0,234,1,0.995744680851,0.00425531914894,0,0.973684210526,1,0.986666666667,0.984652666406,0.995744680851,0.973684210526,3,2,0,0,0,0
1423,WLNM_dir_neg,1,0.5,00:00:01,10,40,9,1982697582,threshold_sweep,0.1,0.5,1,0.666666666667,2,2,0,2,1,0.5,0.5,0,0.5,1,0.666666666667,0.666666666667,0.444444444444,0.4,0.5,0.5,37,35,2,0,37,0,35,0,2,17,37,0.136029411765,1.88235294118,4.35294117647,3.36363636364,2.84615384615,1.69341284359,0.389027274878,0.193958664547,2.09866904602,0.964253345467,0.518282988871,1.87867287326,0.863174022847,0.470588235294,0.786197569093,0.41766745858,2.25,1.88235294118,0.786197569093,2.25,0.166339869281,0.0612244897959,3,0.00441176470588,0.185952380952,17,17,17,1,0,0.352941176471,0.411764705882,0.235294117647,17,0.128676470588,1.90196078431,4.11764705882,3.18181818182,2.69230769231,1.57648156274,0.382859808093,0.201680672269,2.01465221053,0.978545359402,0.524369747899,1.74894926439,0.849489642704,0.463865546218,0.814492905316,0.428238537847,2.33333333333,1.90196078431,0.814492905316,2.33333333333,0,0,0,0,0.164242424242,17,17,17,1,0,0.352941176471,0.411764705882,0.235294117647,17,39,0.143382352941,2.16764705882,4.58823529412,3.25,2.78571428571,1.76984545686,0.385735548291,0.185520361991,2.02375597227,0.882150039194,0.47963800905,1.89620363761,0.826550303575,0.446455505279,0.967227218727,0.446210657215,2.8,2.16764705882,0.967227218727,2.8,0.152287581699,0.0779220779221,4,0.00588235294118,0.171121933622,17,17,17,1,0,0.294117647059,0.529411764706,0.176470588235,2,0.00735294117647,0.285294117647,0.235294117647,-0.113636363636,-0.0604395604396,0.076432613276,-0.00329172658744,-0.00843830255595,-0.0749130737471,-0.0821033062727,-0.0386449798215,0.0175307643569,-0.0366237192725,-0.0241327300151,0.181029649635,0.0285431986344,0.55,0.285294117647,0.181029649635,0.55,-0.0140522875817,0.0166975881262,1,0.00147058823529,-0.0148304473304,-0.0588235294118,0.117647058824,-0.0588235294118,37,2,0,233,1,0.991489361702,0.00851063829787,0,0.948717948718,1,0.973684210526,0.969867905134,0.991489361702,0.948717948718,4,2,0,0,0,0
1424,WLNM_dir_neg,1,0.5,00:00:01,10,40,9,1982697582,threshold_sweep,0.2,0.5,1,0.666666666667,2,2,0,2,1,0.5,0.5,0,0.5,1,0.666666666667,0.666666666667,0.444444444444,0.4,0.5,0.5,37,35,2,0,37,0,35,0,2,17,37,0.136029411765,1.88235294118,4.35294117647,3.36363636364,2.84615384615,1.69341284359,0.389027274878,0.193958664547,2.09866904602,0.964253345467,0.518282988871,1.87867287326,0.863174022847,0.470588235294,0.786197569093,0.41766745858,2.25,1.88235294118,0.786197569093,2.25,0.166339869281,0.0612244897959,3,0.00441176470588,0.185952380952,17,17,17,1,0,0.352941176471,0.411764705882,0.235294117647,17,0.128676470588,1.90196078431,4.11764705882,3.18181818182,2.69230769231,1.57648156274,0.382859808093,0.201680672269,2.01465221053,0.978545359402,0.524369747899,1.74894926439,0.849489642704,0.463865546218,0.814492905316,0.428238537847,2.33333333333,1.90196078431,0.814492905316,2.33333333333,0,0,0,0,0.164242424242,17,17,17,1,0,0.352941176471,0.411764705882,0.235294117647,17,39,0.143382352941,2.16764705882,4.58823529412,3.25,2.78571428571,1.76984545686,0.385735548291,0.185520361991,2.02375597227,0.882150039194,0.47963800905,1.89620363761,0.826550303575,0.446455505279,0.967227218727,0.446210657215,2.8,2.16764705882,0.967227218727,2.8,0.152287581699,0.0779220779221,4,0.00588235294118,0.171121933622,17,17,17,1,0,0.294117647059,0.529411764706,0.176470588235,2,0.00735294117647,0.285294117647,0.235294117647,-0.113636363636,-0.0604395604396,0.076432613276,-0.00329172658744,-0.00843830255595,-0.0749130737471,-0.0821033062727,-0.0386449798215,0.0175307643569,-0.0366237192725,-0.0241327300151,0.181029649635,0.0285431986344,0.55,0.285294117647,0.181029649635,0.55,-0.0140522875817,0.0166975881262,1,0.00147058823529,-0.0148304473304,-0.0588235294118,0.117647058824,-0.0588235294118,37,2,0,233,1,0.991489361702,0.00851063829787,0,0.948717948718,1,0.973684210526,0.969867905134,0.991489361702,0.948717948718,4,2,0,0,0,0
1425,WLNM_dir_neg,1,0.5,00:00:01,10,40,9,1982697582,threshold_sweep,0.3,0.666666666667,1,0.8,2,1,0,3,1,0.75,0.25,0,0.666666666667,1,0.8,0.833333333333,0.5,0.666666666667,0.707106781187,0.75,37,35,2,0,37,0,35,0,2,17,37,0.136029411765,1.88235294118,4.35294117647,3.36363636364,2.84615384615,1.69341284359,0.389027274878,0.193958664547,2.09866904602,0.964253345467,0.518282988871,1.87867287326,0.863174022847,0.470588235294,0.786197569093,0.41766745858,2.25,1.88235294118,0.786197569093,2.25,0.166339869281,0.0612244897959,3,0.00441176470588,0.185952380952,17,17,17,1,0,0.352941176471,0.411764705882,0.235294117647,17,0.128676470588,1.90196078431,4.11764705882,3.18181818182,2.69230769231,1.57648156274,0.382859808093,0.201680672269,2.01465221053,0.978545359402,0.524369747899,1.74894926439,0.849489642704,0.463865546218,0.814492905316,0.428238537847,2.33333333333,1.90196078431,0.814492905316,2.33333333333,0,0,0,0,0.164242424242,17,17,17,1,0,0.352941176471,0.411764705882,0.235294117647,17,38,0.139705882353,1.91911764706,4.47058823529,3.45454545455,2.71428571429,1.66274047354,0.371928790134,0.188854489164,2.07754096725,0.929426222189,0.501547987616,1.82103719638,0.814674535221,0.442724458204,0.851172418076,0.443522792561,2.5,1.91911764706,0.851172418076,2.5,0.152287581699,0.0779220779221,4,0.00588235294118,0.183528138528,17,17,17,1,0,0.352941176471,0.470588235294,0.176470588235,1,0.00367647058824,0.0367647058824,0.117647058824,0.0909090909091,-0.131868131868,-0.030672370045,-0.0170984847437,-0.00510417538281,-0.0211280787694,-0.0348271232775,-0.0167350012551,-0.0576356768785,-0.0484994876259,-0.0278637770898,0.0649748489839,0.0258553339805,0.25,0.0367647058824,0.0649748489839,0.25,-0.0140522875817,0.0166975881262,1,0.00147058823529,-0.00242424242424,0,0.0588235294118,-0.0588235294118,37,1,0,234,1,0.995744680851,0.00425531914894,0,0.973684210526,1,0.986666666667,0.984652666406,0.995744680851,0.973684210526,3,2,0,0,0,0
1426,WLNM_dir_neg,1,0.5,00:00:01,10,40,9,1982697582,threshold_sweep,0.4,0.666666666667,1,0.8,2,1,0,3,1,0.75,0.25,0,0.666666666667,1,0.8,0.833333333333,0.5,0.666666666667,0.707106781187,0.75,37,35,2,0,37,0,35,0,2,17,37,0.136029411765,1.88235294118,4.35294117647,3.36363636364,2.84615384615,1.69341284359,0.389027274878,0.193958664547,2.09866904602,0.964253345467,0.518282988871,1.87867287326,0.863174022847,0.470588235294,0.786197569093,0.41766745858,2.25,1.88235294118,0.786197569093,2.25,0.166339869281,0.0612244897959,3,0.00441176470588,0.185952380952,17,17,17,1,0,0.352941176471,0.411764705882,0.235294117647,17,0.128676470588,1.90196078431,4.11764705882,3.18181818182,2.69230769231,1.57648156274,0.382859808093,0.201680672269,2.01465221053,0.978545359402,0.524369747899,1.74894926439,0.849489642704,0.463865546218,0.814492905316,0.428238537847,2.33333333333,1.90196078431,0.814492905316,2.33333333333,0,0,0,0,0.164242424242,17,17,17,1,0,0.352941176471,0.411764705882,0.235294117647,17,38,0.139705882353,1.91911764706,4.47058823529,3.45454545455,2.71428571429,1.66274047354,0.371928790134,0.188854489164,2.07754096725,0.929426222189,0.501547987616,1.82103719638,0.814674535221,0.442724458204,0.851172418076,0.443522792561,2.5,1.91911764706,0.851172418076,2.5,0.152287581699,0.0779220779221,4,0.00588235294118,0.183528138528,17,17,17,1,0,0.352941176471,0.470588235294,0.176470588235,1,0.00367647058824,0.0367647058824,0.117647058824,0.0909090909091,-0.131868131868,-0.030672370045,-0.0170984847437,-0.00510417538281,-0.0211280787694,-0.0348271232775,-0.0167350012551,-0.0576356768785,-0.0484994876259,-0.0278637770898,0.0649748489839,0.0258553339805,0.25,0.0367647058824,0.0649748489839,0.25,-0.0140522875817,0.0166975881262,1,0.00147058823529,-0.00242424242424,0,0.0588235294118,-0.0588235294118,37,1,0,234,1,0.995744680851,0.00425531914894,0,0.973684210526,1,0.986666666667,0.984652666406,0.995744680851,0.973684210526,3,2,0,0,0,0
1427,WLNM_dir_neg,1,0.5,00:00:01,10,40,9,1982697582,threshold_sweep,0.5,0.666666666667,1,0.8,2,1,0,3,1,0.75,0.25,0,0.666666666667,1,0.8,0.833333333333,0.5,0.666666666667,0.707106781187,0.75,37,35,2,0,37,0,35,0,2,17,37,0.136029411765,1.88235294118,4.35294117647,3.36363636364,2.84615384615,1.69341284359,0.389027274878,0.193958664547,2.09866904602,0.964253345467,0.518282988871,1.87867287326,0.863174022847,0.470588235294,0.786197569093,0.41766745858,2.25,1.88235294118,0.786197569093,2.25,0.166339869281,0.0612244897959,3,0.00441176470588,0.185952380952,17,17,17,1,0,0.352941176471,0.411764705882,0.235294117647,17,0.128676470588,1.90196078431,4.11764705882,3.18181818182,2.69230769231,1.57648156274,0.382859808093,0.201680672269,2.01465221053,0.978545359402,0.524369747899,1.74894926439,0.849489642704,0.463865546218,0.814492905316,0.428238537847,2.33333333333,1.90196078431,0.814492905316,2.33333333333,0,0,0,0,0.164242424242,17,17,17,1,0,0.352941176471,0.411764705882,0.235294117647,17,38,0.139705882353,1.91911764706,4.47058823529,3.45454545455,2.71428571429,1.66274047354,0.371928790134,0.188854489164,2.07754096725,0.929426222189,0.501547987616,1.82103719638,0.814674535221,0.442724458204,0.851172418076,0.443522792561,2.5,1.91911764706,0.851172418076,2.5,0.152287581699,0.0779220779221,4,0.00588235294118,0.183528138528,17,17,17,1,0,0.352941176471,0.470588235294,0.176470588235,1,0.00367647058824,0.0367647058824,0.117647058824,0.0909090909091,-0.131868131868,-0.030672370045,-0.0170984847437,-0.00510417538281,-0.0211280787694,-0.0348271232775,-0.0167350012551,-0.0576356768785,-0.0484994876259,-0.0278637770898,0.0649748489839,0.0258553339805,0.25,0.0367647058824,0.0649748489839,0.25,-0.0140522875817,0.0166975881262,1,0.00147058823529,-0.00242424242424,0,0.0588235294118,-0.0588235294118,37,1,0,234,1,0.995744680851,0.00425531914894,0,0.973684210526,1,0.986666666667,0.984652666406,0.995744680851,0.973684210526,3,2,0,0,0,0
1428,WLNM_dir_neg,1,0.5,00:00:01,10,40,9,1982697582,threshold_sweep,0.6,0.666666666667,1,0.8,2,1,0,3,1,0.75,0.25,0,0.666666666667,1,0.8,0.833333333333,0.5,0.666666666667,0.707106781187,0.75,37,35,2,0,37,0,35,0,2,17,37,0.136029411765,1.88235294118,4.35294117647,3.36363636364,2.84615384615,1.69341284359,0.389027274878,0.193958664547,2.09866904602,0.964253345467,0.518282988871,1.87867287326,0.863174022847,0.470588235294,0.786197569093,0.41766745858,2.25,1.88235294118,0.786197569093,2.25,0.166339869281,0.0612244897959,3,0.00441176470588,0.185952380952,17,17,17,1,0,0.352941176471,0.411764705882,0.235294117647,17,0.128676470588,1.90196078431,4.11764705882,3.18181818182,2.69230769231,1.57648156274,0.382859808093,0.201680672269,2.01465221053,0.978545359402,0.524369747899,1.74894926439,0.849489642704,0.463865546218,0.814492905316,0.428238537847,2.33333333333,1.90196078431,0.814492905316,2.33333333333,0,0,0,0,0.164242424242,17,17,17,1,0,0.352941176471,0.411764705882,0.235294117647,17,38,0.139705882353,1.91911764706,4.47058823529,3.45454545455,2.71428571429,1.66274047354,0.371928790134,0.188854489164,2.07754096725,0.929426222189,0.501547987616,1.82103719638,0.814674535221,0.442724458204,0.851172418076,0.443522792561,2.5,1.91911764706,0.851172418076,2.5,0.152287581699,0.0779220779221,4,0.00588235294118,0.183528138528,17,17,17,1,0,0.352941176471,0.470588235294,0.176470588235,1,0.00367647058824,0.0367647058824,0.117647058824,0.0909090909091,-0.131868131868,-0.030672370045,-0.0170984847437,-0.00510417538281,-0.0211280787694,-0.0348271232775,-0.0167350012551,-0.0576356768785,-0.0484994876259,-0.0278637770898,0.0649748489839,0.0258553339805,0.25,0.0367647058824,0.0649748489839,0.25,-0.0140522875817,0.0166975881262,1,0.00147058823529,-0.00242424242424,0,0.0588235294118,-0.0588235294118,37,1,0,234,1,0.995744680851,0.00425531914894,0,0.973684210526,1,0.986666666667,0.984652666406,0.995744680851,0.973684210526,3,2,0,0,0,0
1429,WLNM_dir_neg,1,0.5,00:00:01,10,40,9,1982697582,threshold_sweep,0.7,0.666666666667,1,0.8,2,1,0,3,1,0.75,0.25,0,0.666666666667,1,0.8,0.833333333333,0.5,0.666666666667,0.707106781187,0.75,37,35,2,0,37,0,35,0,2,17,37,0.136029411765,1.88235294118,4.35294117647,3.36363636364,2.84615384615,1.69341284359,0.389027274878,0.193958664547,2.09866904602,0.964253345467,0.518282988871,1.87867287326,0.863174022847,0.470588235294,0.786197569093,0.41766745858,2.25,1.88235294118,0.786197569093,2.25,0.166339869281,0.0612244897959,3,0.00441176470588,0.185952380952,17,17,17,1,0,0.352941176471,0.411764705882,0.235294117647,17,0.128676470588,1.90196078431,4.11764705882,3.18181818182,2.69230769231,1.57648156274,0.382859808093,0.201680672269,2.01465221053,0.978545359402,0.524369747899,1.74894926439,0.849489642704,0.463865546218,0.814492905316,0.428238537847,2.33333333333,1.90196078431,0.814492905316,2.33333333333,0,0,0,0,0.164242424242,17,17,17,1,0,0.352941176471,0.411764705882,0.235294117647,17,38,0.139705882353,1.91911764706,4.47058823529,3.45454545455,2.71428571429,1.66274047354,0.371928790134,0.188854489164,2.07754096725,0.929426222189,0.501547987616,1.82103719638,0.814674535221,0.442724458204,0.851172418076,0.443522792561,2.5,1.91911764706,0.851172418076,2.5,0.152287581699,0.0779220779221,4,0.00588235294118,0.183528138528,17,17,17,1,0,0.352941176471,0.470588235294,0.176470588235,1,0.00367647058824,0.0367647058824,0.117647058824,0.0909090909091,-0.131868131868,-0.030672370045,-0.0170984847437,-0.00510417538281,-0.0211280787694,-0.0348271232775,-0.0167350012551,-0.0576356768785,-0.0484994876259,-0.0278637770898,0.0649748489839,0.0258553339805,0.25,0.0367647058824,0.0649748489839,0.25,-0.0140522875817,0.0166975881262,1,0.00147058823529,-0.00242424242424,0,0.0588235294118,-0.0588235294118,37,1,0,234,1,0.995744680851,0.00425531914894,0,0.973684210526,1,0.986666666667,0.984652666406,0.995744680851,0.973684210526,3,2,0,0,0,0
1430,WLNM_dir_neg,1,0.5,00:00:01,10,40,9,1982697582,threshold_sweep,0.8,0.666666666667,1,0.8,2,1,0,3,1,0.75,0.25,0,0.666666666667,1,0.8,0.833333333333,0.5,0.666666666667,0.707106781187,0.75,37,35,2,0,37,0,35,0,2,17,37,0.136029411765,1.88235294118,4.35294117647,3.36363636364,2.84615384615,1.69341284359,0.389027274878,0.193958664547,2.09866904602,0.964253345467,0.518282988871,1.87867287326,0.863174022847,0.470588235294,0.786197569093,0.41766745858,2.25,1.88235294118,0.786197569093,2.25,0.166339869281,0.0612244897959,3,0.00441176470588,0.185952380952,17,17,17,1,0,0.352941176471,0.411764705882,0.235294117647,17,0.128676470588,1.90196078431,4.11764705882,3.18181818182,2.69230769231,1.57648156274,0.382859808093,0.201680672269,2.01465221053,0.978545359402,0.524369747899,1.74894926439,0.849489642704,0.463865546218,0.814492905316,0.428238537847,2.33333333333,1.90196078431,0.814492905316,2.33333333333,0,0,0,0,0.164242424242,17,17,17,1,0,0.352941176471,0.411764705882,0.235294117647,17,38,0.139705882353,1.91911764706,4.47058823529,3.45454545455,2.71428571429,1.66274047354,0.371928790134,0.188854489164,2.07754096725,0.929426222189,0.501547987616,1.82103719638,0.814674535221,0.442724458204,0.851172418076,0.443522792561,2.5,1.91911764706,0.851172418076,2.5,0.152287581699,0.0779220779221,4,0.00588235294118,0.183528138528,17,17,17,1,0,0.352941176471,0.470588235294,0.176470588235,1,0.00367647058824,0.0367647058824,0.117647058824,0.0909090909091,-0.131868131868,-0.030672370045,-0.0170984847437,-0.00510417538281,-0.0211280787694,-0.0348271232775,-0.0167350012551,-0.0576356768785,-0.0484994876259,-0.0278637770898,0.0649748489839,0.0258553339805,0.25,0.0367647058824,0.0649748489839,0.25,-0.0140522875817,0.0166975881262,1,0.00147058823529,-0.00242424242424,0,0.0588235294118,-0.0588235294118,37,1,0,234,1,0.995744680851,0.00425531914894,0,0.973684210526,1,0.986666666667,0.984652666406,0.995744680851,0.973684210526,3,2,0,0,0,0
1431,WLNM_dir_neg,1,0.5,00:00:01,10,40,9,1982697582,threshold_sweep,0.9,0.666666666667,1,0.8,2,1,0,3,1,0.75,0.25,0,0.666666666667,1,0.8,0.833333333333,0.5,0.666666666667,0.707106781187,0.75,37,35,2,0,37,0,35,0,2,17,37,0.136029411765,1.88235294118,4.35294117647,3.36363636364,2.84615384615,1.69341284359,0.389027274878,0.193958664547,2.09866904602,0.964253345467,0.518282988871,1.87867287326,0.863174022847,0.470588235294,0.786197569093,0.41766745858,2.25,1.88235294118,0.786197569093,2.25,0.166339869281,0.0612244897959,3,0.00441176470588,0.185952380952,17,17,17,1,0,0.352941176471,0.411764705882,0.235294117647,17,0.128676470588,1.90196078431,4.11764705882,3.18181818182,2.69230769231,1.57648156274,0.382859808093,0.201680672269,2.01465221053,0.978545359402,0.524369747899,1.74894926439,0.849489642704,0.463865546218,0.814492905316,0.428238537847,2.33333333333,1.90196078431,0.814492905316,2.33333333333,0,0,0,0,0.164242424242,17,17,17,1,0,0.352941176471,0.411764705882,0.235294117647,17,38,0.139705882353,1.91911764706,4.47058823529,3.45454545455,2.71428571429,1.66274047354,0.371928790134,0.188854489164,2.07754096725,0.929426222189,0.501547987616,1.82103719638,0.814674535221,0.442724458204,0.851172418076,0.443522792561,2.5,1.91911764706,0.851172418076,2.5,0.152287581699,0.0779220779221,4,0.00588235294118,0.183528138528,17,17,17,1,0,0.352941176471,0.470588235294,0.176470588235,1,0.00367647058824,0.0367647058824,0.117647058824,0.0909090909091,-0.131868131868,-0.030672370045,-0.0170984847437,-0.00510417538281,-0.0211280787694,-0.0348271232775,-0.0167350012551,-0.0576356768785,-0.0484994876259,-0.0278637770898,0.0649748489839,0.0258553339805,0.25,0.0367647058824,0.0649748489839,0.25,-0.0140522875817,0.0166975881262,1,0.00147058823529,-0.00242424242424,0,0.0588235294118,-0.0588235294118,37,1,0,234,1,0.995744680851,0.00425531914894,0,0.973684210526,1,0.986666666667,0.984652666406,0.995744680851,0.973684210526,3,2,0,0,0,0
1432,WLNM_dir_neg,1,0.5,00:00:00,10,40,10,1982697583,threshold_sweep,0.1,1,1,1,2,0,0,4,1,1,0,0,1,1,1,1,0.555555555556,1,1,1,37,35,2,0,37,0,35,0,2,17,37,0.136029411765,1.88235294118,4.35294117647,3.36363636364,2.84615384615,1.69341284359,0.389027274878,0.193958664547,2.09866904602,0.964253345467,0.518282988871,1.87867287326,0.863174022847,0.470588235294,0.786197569093,0.41766745858,2.25,1.88235294118,0.786197569093,2.25,0.166339869281,0.0612244897959,3,0.00441176470588,0.185952380952,17,17,17,1,0,0.352941176471,0.411764705882,0.235294117647,17,0.128676470588,1.90196078431,4.11764705882,3.18181818182,2.69230769231,1.57648156274,0.382859808093,0.201680672269,2.01465221053,0.978545359402,0.524369747899,1.74894926439,0.849489642704,0.463865546218,0.814492905316,0.428238537847,2.33333333333,1.90196078431,0.814492905316,2.33333333333,0,0,0,0,0.164242424242,17,17,17,1,0,0.352941176471,0.411764705882,0.235294117647,17,37,0.136029411765,1.88235294118,4.35294117647,3.36363636364,2.84615384615,1.69341284359,0.389027274878,0.193958664547,2.09866904602,0.964253345467,0.518282988871,1.87867287326,0.863174022847,0.470588235294,0.786197569093,0.41766745858,2.25,1.88235294118,0.786197569093,2.25,0.166339869281,0.0612244897959,3,0.00441176470588,0.185952380952,17,17,17,1,0,0.352941176471,0.411764705882,0.235294117647,0,0,0,0,0,0,0,0,0,0,0,0,0,0,0,0,0,0,0,0,0,0,0,0,0,0,0,0,0,37,0,0,235,1,1,0,0,1,1,1,1,1,1,2,2,0,0,0,0
1433,WLNM_dir_neg,1,0.5,00:00:00,10,40,10,1982697583,threshold_sweep,0.2,1,1,1,2,0,0,4,1,1,0,0,1,1,1,1,0.555555555556,1,1,1,37,35,2,0,37,0,35,0,2,17,37,0.136029411765,1.88235294118,4.35294117647,3.36363636364,2.84615384615,1.69341284359,0.389027274878,0.193958664547,2.09866904602,0.964253345467,0.518282988871,1.87867287326,0.863174022847,0.470588235294,0.786197569093,0.41766745858,2.25,1.88235294118,0.786197569093,2.25,0.166339869281,0.0612244897959,3,0.00441176470588,0.185952380952,17,17,17,1,0,0.352941176471,0.411764705882,0.235294117647,17,0.128676470588,1.90196078431,4.11764705882,3.18181818182,2.69230769231,1.57648156274,0.382859808093,0.201680672269,2.01465221053,0.978545359402,0.524369747899,1.74894926439,0.849489642704,0.463865546218,0.814492905316,0.428238537847,2.33333333333,1.90196078431,0.814492905316,2.33333333333,0,0,0,0,0.164242424242,17,17,17,1,0,0.352941176471,0.411764705882,0.235294117647,17,37,0.136029411765,1.88235294118,4.35294117647,3.36363636364,2.84615384615,1.69341284359,0.389027274878,0.193958664547,2.09866904602,0.964253345467,0.518282988871,1.87867287326,0.863174022847,0.470588235294,0.786197569093,0.41766745858,2.25,1.88235294118,0.786197569093,2.25,0.166339869281,0.0612244897959,3,0.00441176470588,0.185952380952,17,17,17,1,0,0.352941176471,0.411764705882,0.235294117647,0,0,0,0,0,0,0,0,0,0,0,0,0,0,0,0,0,0,0,0,0,0,0,0,0,0,0,0,0,37,0,0,235,1,1,0,0,1,1,1,1,1,1,2,2,0,0,0,0
1434,WLNM_dir_neg,1,0.5,00:00:00,10,40,10,1982697583,threshold_sweep,0.3,1,1,1,2,0,0,4,1,1,0,0,1,1,1,1,0.555555555556,1,1,1,37,35,2,0,37,0,35,0,2,17,37,0.136029411765,1.88235294118,4.35294117647,3.36363636364,2.84615384615,1.69341284359,0.389027274878,0.193958664547,2.09866904602,0.964253345467,0.518282988871,1.87867287326,0.863174022847,0.470588235294,0.786197569093,0.41766745858,2.25,1.88235294118,0.786197569093,2.25,0.166339869281,0.0612244897959,3,0.00441176470588,0.185952380952,17,17,17,1,0,0.352941176471,0.411764705882,0.235294117647,17,0.128676470588,1.90196078431,4.11764705882,3.18181818182,2.69230769231,1.57648156274,0.382859808093,0.201680672269,2.01465221053,0.978545359402,0.524369747899,1.74894926439,0.849489642704,0.463865546218,0.814492905316,0.428238537847,2.33333333333,1.90196078431,0.814492905316,2.33333333333,0,0,0,0,0.164242424242,17,17,17,1,0,0.352941176471,0.411764705882,0.235294117647,17,37,0.136029411765,1.88235294118,4.35294117647,3.36363636364,2.84615384615,1.69341284359,0.389027274878,0.193958664547,2.09866904602,0.964253345467,0.518282988871,1.87867287326,0.863174022847,0.470588235294,0.786197569093,0.41766745858,2.25,1.88235294118,0.786197569093,2.25,0.166339869281,0.0612244897959,3,0.00441176470588,0.185952380952,17,17,17,1,0,0.352941176471,0.411764705882,0.235294117647,0,0,0,0,0,0,0,0,0,0,0,0,0,0,0,0,0,0,0,0,0,0,0,0,0,0,0,0,0,37,0,0,235,1,1,0,0,1,1,1,1,1,1,2,2,0,0,0,0
1435,WLNM_dir_neg,1,0.5,00:00:00,10,40,10,1982697583,threshold_sweep,0.4,1,1,1,2,0,0,4,1,1,0,0,1,1,1,1,0.555555555556,1,1,1,37,35,2,0,37,0,35,0,2,17,37,0.136029411765,1.88235294118,4.35294117647,3.36363636364,2.84615384615,1.69341284359,0.389027274878,0.193958664547,2.09866904602,0.964253345467,0.518282988871,1.87867287326,0.863174022847,0.470588235294,0.786197569093,0.41766745858,2.25,1.88235294118,0.786197569093,2.25,0.166339869281,0.0612244897959,3,0.00441176470588,0.185952380952,17,17,17,1,0,0.352941176471,0.411764705882,0.235294117647,17,0.128676470588,1.90196078431,4.11764705882,3.18181818182,2.69230769231,1.57648156274,0.382859808093,0.201680672269,2.01465221053,0.978545359402,0.524369747899,1.74894926439,0.849489642704,0.463865546218,0.814492905316,0.428238537847,2.33333333333,1.90196078431,0.814492905316,2.33333333333,0,0,0,0,0.164242424242,17,17,17,1,0,0.352941176471,0.411764705882,0.235294117647,17,37,0.136029411765,1.88235294118,4.35294117647,3.36363636364,2.84615384615,1.69341284359,0.389027274878,0.193958664547,2.09866904602,0.964253345467,0.518282988871,1.87867287326,0.863174022847,0.470588235294,0.786197569093,0.41766745858,2.25,1.88235294118,0.786197569093,2.25,0.166339869281,0.0612244897959,3,0.00441176470588,0.185952380952,17,17,17,1,0,0.352941176471,0.411764705882,0.235294117647,0,0,0,0,0,0,0,0,0,0,0,0,0,0,0,0,0,0,0,0,0,0,0,0,0,0,0,0,0,37,0,0,235,1,1,0,0,1,1,1,1,1,1,2,2,0,0,0,0
1436,WLNM_dir_neg,1,0.5,00:00:00,10,40,10,1982697583,threshold_sweep,0.5,1,1,1,2,0,0,4,1,1,0,0,1,1,1,1,0.555555555556,1,1,1,37,35,2,0,37,0,35,0,2,17,37,0.136029411765,1.88235294118,4.35294117647,3.36363636364,2.84615384615,1.69341284359,0.389027274878,0.193958664547,2.09866904602,0.964253345467,0.518282988871,1.87867287326,0.863174022847,0.470588235294,0.786197569093,0.41766745858,2.25,1.88235294118,0.786197569093,2.25,0.166339869281,0.0612244897959,3,0.00441176470588,0.185952380952,17,17,17,1,0,0.352941176471,0.411764705882,0.235294117647,17,0.128676470588,1.90196078431,4.11764705882,3.18181818182,2.69230769231,1.57648156274,0.382859808093,0.201680672269,2.01465221053,0.978545359402,0.524369747899,1.74894926439,0.849489642704,0.463865546218,0.814492905316,0.428238537847,2.33333333333,1.90196078431,0.814492905316,2.33333333333,0,0,0,0,0.164242424242,17,17,17,1,0,0.352941176471,0.411764705882,0.235294117647,17,37,0.136029411765,1.88235294118,4.35294117647,3.36363636364,2.84615384615,1.69341284359,0.389027274878,0.193958664547,2.09866904602,0.964253345467,0.518282988871,1.87867287326,0.863174022847,0.470588235294,0.786197569093,0.41766745858,2.25,1.88235294118,0.786197569093,2.25,0.166339869281,0.0612244897959,3,0.00441176470588,0.185952380952,17,17,17,1,0,0.352941176471,0.411764705882,0.235294117647,0,0,0,0,0,0,0,0,0,0,0,0,0,0,0,0,0,0,0,0,0,0,0,0,0,0,0,0,0,37,0,0,235,1,1,0,0,1,1,1,1,1,1,2,2,0,0,0,0
1437,WLNM_dir_neg,1,0.5,00:00:00,10,40,10,1982697583,threshold_sweep,0.6,1,1,1,2,0,0,4,1,1,0,0,1,1,1,1,0.555555555556,1,1,1,37,35,2,0,37,0,35,0,2,17,37,0.136029411765,1.88235294118,4.35294117647,3.36363636364,2.84615384615,1.69341284359,0.389027274878,0.193958664547,2.09866904602,0.964253345467,0.518282988871,1.87867287326,0.863174022847,0.470588235294,0.786197569093,0.41766745858,2.25,1.88235294118,0.786197569093,2.25,0.166339869281,0.0612244897959,3,0.00441176470588,0.185952380952,17,17,17,1,0,0.352941176471,0.411764705882,0.235294117647,17,0.128676470588,1.90196078431,4.11764705882,3.18181818182,2.69230769231,1.57648156274,0.382859808093,0.201680672269,2.01465221053,0.978545359402,0.524369747899,1.74894926439,0.849489642704,0.463865546218,0.814492905316,0.428238537847,2.33333333333,1.90196078431,0.814492905316,2.33333333333,0,0,0,0,0.164242424242,17,17,17,1,0,0.352941176471,0.411764705882,0.235294117647,17,37,0.136029411765,1.88235294118,4.35294117647,3.36363636364,2.84615384615,1.69341284359,0.389027274878,0.193958664547,2.09866904602,0.964253345467,0.518282988871,1.87867287326,0.863174022847,0.470588235294,0.786197569093,0.41766745858,2.25,1.88235294118,0.786197569093,2.25,0.166339869281,0.0612244897959,3,0.00441176470588,0.185952380952,17,17,17,1,0,0.352941176471,0.411764705882,0.235294117647,0,0,0,0,0,0,0,0,0,0,0,0,0,0,0,0,0,0,0,0,0,0,0,0,0,0,0,0,0,37,0,0,235,1,1,0,0,1,1,1,1,1,1,2,2,0,0,0,0
1438,WLNM_dir_neg,1,0.5,00:00:00,10,40,10,1982697583,threshold_sweep,0.7,1,1,1,2,0,0,4,1,1,0,0,1,1,1,1,0.555555555556,1,1,1,37,35,2,0,37,0,35,0,2,17,37,0.136029411765,1.88235294118,4.35294117647,3.36363636364,2.84615384615,1.69341284359,0.389027274878,0.193958664547,2.09866904602,0.964253345467,0.518282988871,1.87867287326,0.863174022847,0.470588235294,0.786197569093,0.41766745858,2.25,1.88235294118,0.786197569093,2.25,0.166339869281,0.0612244897959,3,0.00441176470588,0.185952380952,17,17,17,1,0,0.352941176471,0.411764705882,0.235294117647,17,0.128676470588,1.90196078431,4.11764705882,3.18181818182,2.69230769231,1.57648156274,0.382859808093,0.201680672269,2.01465221053,0.978545359402,0.524369747899,1.74894926439,0.849489642704,0.463865546218,0.814492905316,0.428238537847,2.33333333333,1.90196078431,0.814492905316,2.33333333333,0,0,0,0,0.164242424242,17,17,17,1,0,0.352941176471,0.411764705882,0.235294117647,17,37,0.136029411765,1.88235294118,4.35294117647,3.36363636364,2.84615384615,1.69341284359,0.389027274878,0.193958664547,2.09866904602,0.964253345467,0.518282988871,1.87867287326,0.863174022847,0.470588235294,0.786197569093,0.41766745858,2.25,1.88235294118,0.786197569093,2.25,0.166339869281,0.0612244897959,3,0.00441176470588,0.185952380952,17,17,17,1,0,0.352941176471,0.411764705882,0.235294117647,0,0,0,0,0,0,0,0,0,0,0,0,0,0,0,0,0,0,0,0,0,0,0,0,0,0,0,0,0,37,0,0,235,1,1,0,0,1,1,1,1,1,1,2,2,0,0,0,0
1439,WLNM_dir_neg,1,0.5,00:00:00,10,40,10,1982697583,threshold_sweep,0.8,1,1,1,2,0,0,4,1,1,0,0,1,1,1,1,0.555555555556,1,1,1,37,35,2,0,37,0,35,0,2,17,37,0.136029411765,1.88235294118,4.35294117647,3.36363636364,2.84615384615,1.69341284359,0.389027274878,0.193958664547,2.09866904602,0.964253345467,0.518282988871,1.87867287326,0.863174022847,0.470588235294,0.786197569093,0.41766745858,2.25,1.88235294118,0.786197569093,2.25,0.166339869281,0.0612244897959,3,0.00441176470588,0.185952380952,17,17,17,1,0,0.352941176471,0.411764705882,0.235294117647,17,0.128676470588,1.90196078431,4.11764705882,3.18181818182,2.69230769231,1.57648156274,0.382859808093,0.201680672269,2.01465221053,0.978545359402,0.524369747899,1.74894926439,0.849489642704,0.463865546218,0.814492905316,0.428238537847,2.33333333333,1.90196078431,0.814492905316,2.33333333333,0,0,0,0,0.164242424242,17,17,17,1,0,0.352941176471,0.411764705882,0.235294117647,17,37,0.136029411765,1.88235294118,4.35294117647,3.36363636364,2.84615384615,1.69341284359,0.389027274878,0.193958664547,2.09866904602,0.964253345467,0.518282988871,1.87867287326,0.863174022847,0.470588235294,0.786197569093,0.41766745858,2.25,1.88235294118,0.786197569093,2.25,0.166339869281,0.0612244897959,3,0.00441176470588,0.185952380952,17,17,17,1,0,0.352941176471,0.411764705882,0.235294117647,0,0,0,0,0,0,0,0,0,0,0,0,0,0,0,0,0,0,0,0,0,0,0,0,0,0,0,0,0,37,0,0,235,1,1,0,0,1,1,1,1,1,1,2,2,0,0,0,0
1440,WLNM_dir_neg,1,0.5,00:00:00,10,40,10,1982697583,threshold_sweep,0.9,1,1,1,2,0,0,4,1,1,0,0,1,1,1,1,0.555555555556,1,1,1,37,35,2,0,37,0,35,0,2,17,37,0.136029411765,1.88235294118,4.35294117647,3.36363636364,2.84615384615,1.69341284359,0.389027274878,0.193958664547,2.09866904602,0.964253345467,0.518282988871,1.87867287326,0.863174022847,0.470588235294,0.786197569093,0.41766745858,2.25,1.88235294118,0.786197569093,2.25,0.166339869281,0.0612244897959,3,0.00441176470588,0.185952380952,17,17,17,1,0,0.352941176471,0.411764705882,0.235294117647,17,0.128676470588,1.90196078431,4.11764705882,3.18181818182,2.69230769231,1.57648156274,0.382859808093,0.201680672269,2.01465221053,0.978545359402,0.524369747899,1.74894926439,0.849489642704,0.463865546218,0.814492905316,0.428238537847,2.33333333333,1.90196078431,0.814492905316,2.33333333333,0,0,0,0,0.164242424242,17,17,17,1,0,0.352941176471,0.411764705882,0.235294117647,17,37,0.136029411765,1.88235294118,4.35294117647,3.36363636364,2.84615384615,1.69341284359,0.389027274878,0.193958664547,2.09866904602,0.964253345467,0.518282988871,1.87867287326,0.863174022847,0.470588235294,0.786197569093,0.41766745858,2.25,1.88235294118,0.786197569093,2.25,0.166339869281,0.0612244897959,3,0.00441176470588,0.185952380952,17,17,17,1,0,0.352941176471,0.411764705882,0.235294117647,0,0,0,0,0,0,0,0,0,0,0,0,0,0,0,0,0,0,0,0,0,0,0,0,0,0,0,0,0,37,0,0,235,1,1,0,0,1,1,1,1,1,1,2,2,0,0,0,0
1441,WLNM_dir_neg,1,0.5,00:00:00,10,40,11,1982697584,threshold_sweep,0.1,0.666666666667,1,0.8,2,1,0,3,1,0.75,0.25,0,0.666666666667,1,0.8,0.833333333333,0.5,0.666666666667,0.707106781187,0.75,37,35,2,0,37,0,35,0,2,17,37,0.136029411765,1.88235294118,4.35294117647,3.36363636364,2.84615384615,1.69341284359,0.389027274878,0.193958664547,2.09866904602,0.964253345467,0.518282988871,1.87867287326,0.863174022847,0.470588235294,0.786197569093,0.41766745858,2.25,1.88235294118,0.786197569093,2.25,0.166339869281,0.0612244897959,3,0.00441176470588,0.185952380952,17,17,17,1,0,0.352941176471,0.411764705882,0.235294117647,17,0.128676470588,1.90196078431,4.11764705882,3.18181818182,2.69230769231,1.57648156274,0.382859808093,0.201680672269,2.01465221053,0.978545359402,0.524369747899,1.74894926439,0.849489642704,0.463865546218,0.814492905316,0.428238537847,2.33333333333,1.90196078431,0.814492905316,2.33333333333,0,0,0,0,0.164242424242,17,17,17,1,0,0.352941176471,0.411764705882,0.235294117647,17,38,0.139705882353,1.89411764706,4.47058823529,3.45454545455,2.71428571429,1.80684971217,0.404163751405,0.208978328173,2.19457888229,0.981785289445,0.529411764706,1.82103719638,0.814674535221,0.442724458204,0.791753091258,0.418006290416,2.25,1.89411764706,0.791753091258,2.25,0.234407096172,0.132911392405,7,0.0102941176471,0.177388167388,17,17,17,1,0,0.352941176471,0.470588235294,0.176470588235,1,0.00367647058824,0.0117647058824,0.117647058824,0.0909090909091,-0.131868131868,0.113436868579,0.0151364765275,0.0150196636265,0.0959098362728,0.0175319439782,0.0111287758347,-0.0576356768785,-0.0484994876259,-0.0278637770898,0.00555552216527,0.000338831835203,0,0.0117647058824,0.00555552216527,0,0.0680672268908,0.0716869026091,4,0.00588235294118,-0.00856421356421,0,0.0588235294118,-0.0588235294118,37,1,0,234,1,0.995744680851,0.00425531914894,0,0.973684210526,1,0.986666666667,0.984652666406,0.995744680851,0.973684210526,3,2,0,0,0,0
1442,WLNM_dir_neg,1,0.5,00:00:00,10,40,11,1982697584,threshold_sweep,0.2,0.666666666667,1,0.8,2,1,0,3,1,0.75,0.25,0,0.666666666667,1,0.8,0.833333333333,0.5,0.666666666667,0.707106781187,0.75,37,35,2,0,37,0,35,0,2,17,37,0.136029411765,1.88235294118,4.35294117647,3.36363636364,2.84615384615,1.69341284359,0.389027274878,0.193958664547,2.09866904602,0.964253345467,0.518282988871,1.87867287326,0.863174022847,0.470588235294,0.786197569093,0.41766745858,2.25,1.88235294118,0.786197569093,2.25,0.166339869281,0.0612244897959,3,0.00441176470588,0.185952380952,17,17,17,1,0,0.352941176471,0.411764705882,0.235294117647,17,0.128676470588,1.90196078431,4.11764705882,3.18181818182,2.69230769231,1.57648156274,0.382859808093,0.201680672269,2.01465221053,0.978545359402,0.524369747899,1.74894926439,0.849489642704,0.463865546218,0.814492905316,0.428238537847,2.33333333333,1.90196078431,0.814492905316,2.33333333333,0,0,0,0,0.164242424242,17,17,17,1,0,0.352941176471,0.411764705882,0.235294117647,17,38,0.139705882353,1.89411764706,4.47058823529,3.45454545455,2.71428571429,1.80684971217,0.404163751405,0.208978328173,2.19457888229,0.981785289445,0.529411764706,1.82103719638,0.814674535221,0.442724458204,0.791753091258,0.418006290416,2.25,1.89411764706,0.791753091258,2.25,0.234407096172,0.132911392405,7,0.0102941176471,0.177388167388,17,17,17,1,0,0.352941176471,0.470588235294,0.176470588235,1,0.00367647058824,0.0117647058824,0.117647058824,0.0909090909091,-0.131868131868,0.113436868579,0.0151364765275,0.0150196636265,0.0959098362728,0.0175319439782,0.0111287758347,-0.0576356768785,-0.0484994876259,-0.0278637770898,0.00555552216527,0.000338831835203,0,0.0117647058824,0.00555552216527,0,0.0680672268908,0.0716869026091,4,0.00588235294118,-0.00856421356421,0,0.0588235294118,-0.0588235294118,37,1,0,234,1,0.995744680851,0.00425531914894,0,0.973684210526,1,0.986666666667,0.984652666406,0.995744680851,0.973684210526,3,2,0,0,0,0
1443,WLNM_dir_neg,1,0.5,00:00:00,10,40,11,1982697584,threshold_sweep,0.3,0.666666666667,1,0.8,2,1,0,3,1,0.75,0.25,0,0.666666666667,1,0.8,0.833333333333,0.5,0.666666666667,0.707106781187,0.75,37,35,2,0,37,0,35,0,2,17,37,0.136029411765,1.88235294118,4.35294117647,3.36363636364,2.84615384615,1.69341284359,0.389027274878,0.193958664547,2.09866904602,0.964253345467,0.518282988871,1.87867287326,0.863174022847,0.470588235294,0.786197569093,0.41766745858,2.25,1.88235294118,0.786197569093,2.25,0.166339869281,0.0612244897959,3,0.00441176470588,0.185952380952,17,17,17,1,0,0.352941176471,0.411764705882,0.235294117647,17,0.128676470588,1.90196078431,4.11764705882,3.18181818182,2.69230769231,1.57648156274,0.382859808093,0.201680672269,2.01465221053,0.978545359402,0.524369747899,1.74894926439,0.849489642704,0.463865546218,0.814492905316,0.428238537847,2.33333333333,1.90196078431,0.814492905316,2.33333333333,0,0,0,0,0.164242424242,17,17,17,1,0,0.352941176471,0.411764705882,0.235294117647,17,38,0.139705882353,1.89411764706,4.47058823529,3.45454545455,2.71428571429,1.80684971217,0.404163751405,0.208978328173,2.19457888229,0.981785289445,0.529411764706,1.82103719638,0.814674535221,0.442724458204,0.791753091258,0.418006290416,2.25,1.89411764706,0.791753091258,2.25,0.234407096172,0.132911392405,7,0.0102941176471,0.177388167388,17,17,17,1,0,0.352941176471,0.470588235294,0.176470588235,1,0.00367647058824,0.0117647058824,0.117647058824,0.0909090909091,-0.131868131868,0.113436868579,0.0151364765275,0.0150196636265,0.0959098362728,0.0175319439782,0.0111287758347,-0.0576356768785,-0.0484994876259,-0.0278637770898,0.00555552216527,0.000338831835203,0,0.0117647058824,0.00555552216527,0,0.0680672268908,0.0716869026091,4,0.00588235294118,-0.00856421356421,0,0.0588235294118,-0.0588235294118,37,1,0,234,1,0.995744680851,0.00425531914894,0,0.973684210526,1,0.986666666667,0.984652666406,0.995744680851,0.973684210526,3,2,0,0,0,0
1444,WLNM_dir_neg,1,0.5,00:00:00,10,40,11,1982697584,threshold_sweep,0.4,0.666666666667,1,0.8,2,1,0,3,1,0.75,0.25,0,0.666666666667,1,0.8,0.833333333333,0.5,0.666666666667,0.707106781187,0.75,37,35,2,0,37,0,35,0,2,17,37,0.136029411765,1.88235294118,4.35294117647,3.36363636364,2.84615384615,1.69341284359,0.389027274878,0.193958664547,2.09866904602,0.964253345467,0.518282988871,1.87867287326,0.863174022847,0.470588235294,0.786197569093,0.41766745858,2.25,1.88235294118,0.786197569093,2.25,0.166339869281,0.0612244897959,3,0.00441176470588,0.185952380952,17,17,17,1,0,0.352941176471,0.411764705882,0.235294117647,17,0.128676470588,1.90196078431,4.11764705882,3.18181818182,2.69230769231,1.57648156274,0.382859808093,0.201680672269,2.01465221053,0.978545359402,0.524369747899,1.74894926439,0.849489642704,0.463865546218,0.814492905316,0.428238537847,2.33333333333,1.90196078431,0.814492905316,2.33333333333,0,0,0,0,0.164242424242,17,17,17,1,0,0.352941176471,0.411764705882,0.235294117647,17,38,0.139705882353,1.89411764706,4.47058823529,3.45454545455,2.71428571429,1.80684971217,0.404163751405,0.208978328173,2.19457888229,0.981785289445,0.529411764706,1.82103719638,0.814674535221,0.442724458204,0.791753091258,0.418006290416,2.25,1.89411764706,0.791753091258,2.25,0.234407096172,0.132911392405,7,0.0102941176471,0.177388167388,17,17,17,1,0,0.352941176471,0.470588235294,0.176470588235,1,0.00367647058824,0.0117647058824,0.117647058824,0.0909090909091,-0.131868131868,0.113436868579,0.0151364765275,0.0150196636265,0.0959098362728,0.0175319439782,0.0111287758347,-0.0576356768785,-0.0484994876259,-0.0278637770898,0.00555552216527,0.000338831835203,0,0.0117647058824,0.00555552216527,0,0.0680672268908,0.0716869026091,4,0.00588235294118,-0.00856421356421,0,0.0588235294118,-0.0588235294118,37,1,0,234,1,0.995744680851,0.00425531914894,0,0.973684210526,1,0.986666666667,0.984652666406,0.995744680851,0.973684210526,3,2,0,0,0,0
1445,WLNM_dir_neg,1,0.5,00:00:00,10,40,11,1982697584,threshold_sweep,0.5,0.666666666667,1,0.8,2,1,0,3,1,0.75,0.25,0,0.666666666667,1,0.8,0.833333333333,0.5,0.666666666667,0.707106781187,0.75,37,35,2,0,37,0,35,0,2,17,37,0.136029411765,1.88235294118,4.35294117647,3.36363636364,2.84615384615,1.69341284359,0.389027274878,0.193958664547,2.09866904602,0.964253345467,0.518282988871,1.87867287326,0.863174022847,0.470588235294,0.786197569093,0.41766745858,2.25,1.88235294118,0.786197569093,2.25,0.166339869281,0.0612244897959,3,0.00441176470588,0.185952380952,17,17,17,1,0,0.352941176471,0.411764705882,0.235294117647,17,0.128676470588,1.90196078431,4.11764705882,3.18181818182,2.69230769231,1.57648156274,0.382859808093,0.201680672269,2.01465221053,0.978545359402,0.524369747899,1.74894926439,0.849489642704,0.463865546218,0.814492905316,0.428238537847,2.33333333333,1.90196078431,0.814492905316,2.33333333333,0,0,0,0,0.164242424242,17,17,17,1,0,0.352941176471,0.411764705882,0.235294117647,17,38,0.139705882353,1.89411764706,4.47058823529,3.45454545455,2.71428571429,1.80684971217,0.404163751405,0.208978328173,2.19457888229,0.981785289445,0.529411764706,1.82103719638,0.814674535221,0.442724458204,0.791753091258,0.418006290416,2.25,1.89411764706,0.791753091258,2.25,0.234407096172,0.132911392405,7,0.0102941176471,0.177388167388,17,17,17,1,0,0.352941176471,0.470588235294,0.176470588235,1,0.00367647058824,0.0117647058824,0.117647058824,0.0909090909091,-0.131868131868,0.113436868579,0.0151364765275,0.0150196636265,0.0959098362728,0.0175319439782,0.0111287758347,-0.0576356768785,-0.0484994876259,-0.0278637770898,0.00555552216527,0.000338831835203,0,0.0117647058824,0.00555552216527,0,0.0680672268908,0.0716869026091,4,0.00588235294118,-0.00856421356421,0,0.0588235294118,-0.0588235294118,37,1,0,234,1,0.995744680851,0.00425531914894,0,0.973684210526,1,0.986666666667,0.984652666406,0.995744680851,0.973684210526,3,2,0,0,0,0
1446,WLNM_dir_neg,1,0.5,00:00:00,10,40,11,1982697584,threshold_sweep,0.6,0.666666666667,1,0.8,2,1,0,3,1,0.75,0.25,0,0.666666666667,1,0.8,0.833333333333,0.5,0.666666666667,0.707106781187,0.75,37,35,2,0,37,0,35,0,2,17,37,0.136029411765,1.88235294118,4.35294117647,3.36363636364,2.84615384615,1.69341284359,0.389027274878,0.193958664547,2.09866904602,0.964253345467,0.518282988871,1.87867287326,0.863174022847,0.470588235294,0.786197569093,0.41766745858,2.25,1.88235294118,0.786197569093,2.25,0.166339869281,0.0612244897959,3,0.00441176470588,0.185952380952,17,17,17,1,0,0.352941176471,0.411764705882,0.235294117647,17,0.128676470588,1.90196078431,4.11764705882,3.18181818182,2.69230769231,1.57648156274,0.382859808093,0.201680672269,2.01465221053,0.978545359402,0.524369747899,1.74894926439,0.849489642704,0.463865546218,0.814492905316,0.428238537847,2.33333333333,1.90196078431,0.814492905316,2.33333333333,0,0,0,0,0.164242424242,17,17,17,1,0,0.352941176471,0.411764705882,0.235294117647,17,38,0.139705882353,1.89411764706,4.47058823529,3.45454545455,2.71428571429,1.80684971217,0.404163751405,0.208978328173,2.19457888229,0.981785289445,0.529411764706,1.82103719638,0.814674535221,0.442724458204,0.791753091258,0.418006290416,2.25,1.89411764706,0.791753091258,2.25,0.234407096172,0.132911392405,7,0.0102941176471,0.177388167388,17,17,17,1,0,0.352941176471,0.470588235294,0.176470588235,1,0.00367647058824,0.0117647058824,0.117647058824,0.0909090909091,-0.131868131868,0.113436868579,0.0151364765275,0.0150196636265,0.0959098362728,0.0175319439782,0.0111287758347,-0.0576356768785,-0.0484994876259,-0.0278637770898,0.00555552216527,0.000338831835203,0,0.0117647058824,0.00555552216527,0,0.0680672268908,0.0716869026091,4,0.00588235294118,-0.00856421356421,0,0.0588235294118,-0.0588235294118,37,1,0,234,1,0.995744680851,0.00425531914894,0,0.973684210526,1,0.986666666667,0.984652666406,0.995744680851,0.973684210526,3,2,0,0,0,0
1447,WLNM_dir_neg,1,0.5,00:00:00,10,40,11,1982697584,threshold_sweep,0.7,0.666666666667,1,0.8,2,1,0,3,1,0.75,0.25,0,0.666666666667,1,0.8,0.833333333333,0.5,0.666666666667,0.707106781187,0.75,37,35,2,0,37,0,35,0,2,17,37,0.136029411765,1.88235294118,4.35294117647,3.36363636364,2.84615384615,1.69341284359,0.389027274878,0.193958664547,2.09866904602,0.964253345467,0.518282988871,1.87867287326,0.863174022847,0.470588235294,0.786197569093,0.41766745858,2.25,1.88235294118,0.786197569093,2.25,0.166339869281,0.0612244897959,3,0.00441176470588,0.185952380952,17,17,17,1,0,0.352941176471,0.411764705882,0.235294117647,17,0.128676470588,1.90196078431,4.11764705882,3.18181818182,2.69230769231,1.57648156274,0.382859808093,0.201680672269,2.01465221053,0.978545359402,0.524369747899,1.74894926439,0.849489642704,0.463865546218,0.814492905316,0.428238537847,2.33333333333,1.90196078431,0.814492905316,2.33333333333,0,0,0,0,0.164242424242,17,17,17,1,0,0.352941176471,0.411764705882,0.235294117647,17,38,0.139705882353,1.89411764706,4.47058823529,3.45454545455,2.71428571429,1.80684971217,0.404163751405,0.208978328173,2.19457888229,0.981785289445,0.529411764706,1.82103719638,0.814674535221,0.442724458204,0.791753091258,0.418006290416,2.25,1.89411764706,0.791753091258,2.25,0.234407096172,0.132911392405,7,0.0102941176471,0.177388167388,17,17,17,1,0,0.352941176471,0.470588235294,0.176470588235,1,0.00367647058824,0.0117647058824,0.117647058824,0.0909090909091,-0.131868131868,0.113436868579,0.0151364765275,0.0150196636265,0.0959098362728,0.0175319439782,0.0111287758347,-0.0576356768785,-0.0484994876259,-0.0278637770898,0.00555552216527,0.000338831835203,0,0.0117647058824,0.00555552216527,0,0.0680672268908,0.0716869026091,4,0.00588235294118,-0.00856421356421,0,0.0588235294118,-0.0588235294118,37,1,0,234,1,0.995744680851,0.00425531914894,0,0.973684210526,1,0.986666666667,0.984652666406,0.995744680851,0.973684210526,3,2,0,0,0,0
1448,WLNM_dir_neg,1,0.5,00:00:00,10,40,11,1982697584,threshold_sweep,0.8,0.666666666667,1,0.8,2,1,0,3,1,0.75,0.25,0,0.666666666667,1,0.8,0.833333333333,0.5,0.666666666667,0.707106781187,0.75,37,35,2,0,37,0,35,0,2,17,37,0.136029411765,1.88235294118,4.35294117647,3.36363636364,2.84615384615,1.69341284359,0.389027274878,0.193958664547,2.09866904602,0.964253345467,0.518282988871,1.87867287326,0.863174022847,0.470588235294,0.786197569093,0.41766745858,2.25,1.88235294118,0.786197569093,2.25,0.166339869281,0.0612244897959,3,0.00441176470588,0.185952380952,17,17,17,1,0,0.352941176471,0.411764705882,0.235294117647,17,0.128676470588,1.90196078431,4.11764705882,3.18181818182,2.69230769231,1.57648156274,0.382859808093,0.201680672269,2.01465221053,0.978545359402,0.524369747899,1.74894926439,0.849489642704,0.463865546218,0.814492905316,0.428238537847,2.33333333333,1.90196078431,0.814492905316,2.33333333333,0,0,0,0,0.164242424242,17,17,17,1,0,0.352941176471,0.411764705882,0.235294117647,17,38,0.139705882353,1.89411764706,4.47058823529,3.45454545455,2.71428571429,1.80684971217,0.404163751405,0.208978328173,2.19457888229,0.981785289445,0.529411764706,1.82103719638,0.814674535221,0.442724458204,0.791753091258,0.418006290416,2.25,1.89411764706,0.791753091258,2.25,0.234407096172,0.132911392405,7,0.0102941176471,0.177388167388,17,17,17,1,0,0.352941176471,0.470588235294,0.176470588235,1,0.00367647058824,0.0117647058824,0.117647058824,0.0909090909091,-0.131868131868,0.113436868579,0.0151364765275,0.0150196636265,0.0959098362728,0.0175319439782,0.0111287758347,-0.0576356768785,-0.0484994876259,-0.0278637770898,0.00555552216527,0.000338831835203,0,0.0117647058824,0.00555552216527,0,0.0680672268908,0.0716869026091,4,0.00588235294118,-0.00856421356421,0,0.0588235294118,-0.0588235294118,37,1,0,234,1,0.995744680851,0.00425531914894,0,0.973684210526,1,0.986666666667,0.984652666406,0.995744680851,0.973684210526,3,2,0,0,0,0
1449,WLNM_dir_neg,1,0.5,00:00:00,10,40,11,1982697584,threshold_sweep,0.9,0.666666666667,1,0.8,2,1,0,3,1,0.75,0.25,0,0.666666666667,1,0.8,0.833333333333,0.5,0.666666666667,0.707106781187,0.75,37,35,2,0,37,0,35,0,2,17,37,0.136029411765,1.88235294118,4.35294117647,3.36363636364,2.84615384615,1.69341284359,0.389027274878,0.193958664547,2.09866904602,0.964253345467,0.518282988871,1.87867287326,0.863174022847,0.470588235294,0.786197569093,0.41766745858,2.25,1.88235294118,0.786197569093,2.25,0.166339869281,0.0612244897959,3,0.00441176470588,0.185952380952,17,17,17,1,0,0.352941176471,0.411764705882,0.235294117647,17,0.128676470588,1.90196078431,4.11764705882,3.18181818182,2.69230769231,1.57648156274,0.382859808093,0.201680672269,2.01465221053,0.978545359402,0.524369747899,1.74894926439,0.849489642704,0.463865546218,0.814492905316,0.428238537847,2.33333333333,1.90196078431,0.814492905316,2.33333333333,0,0,0,0,0.164242424242,17,17,17,1,0,0.352941176471,0.411764705882,0.235294117647,17,38,0.139705882353,1.89411764706,4.47058823529,3.45454545455,2.71428571429,1.80684971217,0.404163751405,0.208978328173,2.19457888229,0.981785289445,0.529411764706,1.82103719638,0.814674535221,0.442724458204,0.791753091258,0.418006290416,2.25,1.89411764706,0.791753091258,2.25,0.234407096172,0.132911392405,7,0.0102941176471,0.177388167388,17,17,17,1,0,0.352941176471,0.470588235294,0.176470588235,1,0.00367647058824,0.0117647058824,0.117647058824,0.0909090909091,-0.131868131868,0.113436868579,0.0151364765275,0.0150196636265,0.0959098362728,0.0175319439782,0.0111287758347,-0.0576356768785,-0.0484994876259,-0.0278637770898,0.00555552216527,0.000338831835203,0,0.0117647058824,0.00555552216527,0,0.0680672268908,0.0716869026091,4,0.00588235294118,-0.00856421356421,0,0.0588235294118,-0.0588235294118,37,1,0,234,1,0.995744680851,0.00425531914894,0,0.973684210526,1,0.986666666667,0.984652666406,0.995744680851,0.973684210526,3,2,0,0,0,0
1450,WLNM_dir_neg,1,0.5,00:00:00,10,40,12,1982697585,threshold_sweep,0.1,1,1,1,2,0,0,4,1,1,0,0,1,1,1,1,0.555555555556,1,1,1,37,35,2,0,37,0,35,0,2,17,37,0.136029411765,1.88235294118,4.35294117647,3.36363636364,2.84615384615,1.69341284359,0.389027274878,0.193958664547,2.09866904602,0.964253345467,0.518282988871,1.87867287326,0.863174022847,0.470588235294,0.786197569093,0.41766745858,2.25,1.88235294118,0.786197569093,2.25,0.166339869281,0.0612244897959,3,0.00441176470588,0.185952380952,17,17,17,1,0,0.352941176471,0.411764705882,0.235294117647,17,0.128676470588,1.90196078431,4.11764705882,3.18181818182,2.69230769231,1.57648156274,0.382859808093,0.201680672269,2.01465221053,0.978545359402,0.524369747899,1.74894926439,0.849489642704,0.463865546218,0.814492905316,0.428238537847,2.33333333333,1.90196078431,0.814492905316,2.33333333333,0,0,0,0,0.164242424242,17,17,17,1,0,0.352941176471,0.411764705882,0.235294117647,17,37,0.136029411765,1.88235294118,4.35294117647,3.36363636364,2.84615384615,1.69341284359,0.389027274878,0.193958664547,2.09866904602,0.964253345467,0.518282988871,1.87867287326,0.863174022847,0.470588235294,0.786197569093,0.41766745858,2.25,1.88235294118,0.786197569093,2.25,0.166339869281,0.0612244897959,3,0.00441176470588,0.185952380952,17,17,17,1,0,0.352941176471,0.411764705882,0.235294117647,0,0,0,0,0,0,0,0,0,0,0,0,0,0,0,0,0,0,0,0,0,0,0,0,0,0,0,0,0,37,0,0,235,1,1,0,0,1,1,1,1,1,1,2,2,0,0,0,0
1451,WLNM_dir_neg,1,0.5,00:00:00,10,40,12,1982697585,threshold_sweep,0.2,1,1,1,2,0,0,4,1,1,0,0,1,1,1,1,0.555555555556,1,1,1,37,35,2,0,37,0,35,0,2,17,37,0.136029411765,1.88235294118,4.35294117647,3.36363636364,2.84615384615,1.69341284359,0.389027274878,0.193958664547,2.09866904602,0.964253345467,0.518282988871,1.87867287326,0.863174022847,0.470588235294,0.786197569093,0.41766745858,2.25,1.88235294118,0.786197569093,2.25,0.166339869281,0.0612244897959,3,0.00441176470588,0.185952380952,17,17,17,1,0,0.352941176471,0.411764705882,0.235294117647,17,0.128676470588,1.90196078431,4.11764705882,3.18181818182,2.69230769231,1.57648156274,0.382859808093,0.201680672269,2.01465221053,0.978545359402,0.524369747899,1.74894926439,0.849489642704,0.463865546218,0.814492905316,0.428238537847,2.33333333333,1.90196078431,0.814492905316,2.33333333333,0,0,0,0,0.164242424242,17,17,17,1,0,0.352941176471,0.411764705882,0.235294117647,17,37,0.136029411765,1.88235294118,4.35294117647,3.36363636364,2.84615384615,1.69341284359,0.389027274878,0.193958664547,2.09866904602,0.964253345467,0.518282988871,1.87867287326,0.863174022847,0.470588235294,0.786197569093,0.41766745858,2.25,1.88235294118,0.786197569093,2.25,0.166339869281,0.0612244897959,3,0.00441176470588,0.185952380952,17,17,17,1,0,0.352941176471,0.411764705882,0.235294117647,0,0,0,0,0,0,0,0,0,0,0,0,0,0,0,0,0,0,0,0,0,0,0,0,0,0,0,0,0,37,0,0,235,1,1,0,0,1,1,1,1,1,1,2,2,0,0,0,0
1452,WLNM_dir_neg,1,0.5,00:00:00,10,40,12,1982697585,threshold_sweep,0.3,1,1,1,2,0,0,4,1,1,0,0,1,1,1,1,0.555555555556,1,1,1,37,35,2,0,37,0,35,0,2,17,37,0.136029411765,1.88235294118,4.35294117647,3.36363636364,2.84615384615,1.69341284359,0.389027274878,0.193958664547,2.09866904602,0.964253345467,0.518282988871,1.87867287326,0.863174022847,0.470588235294,0.786197569093,0.41766745858,2.25,1.88235294118,0.786197569093,2.25,0.166339869281,0.0612244897959,3,0.00441176470588,0.185952380952,17,17,17,1,0,0.352941176471,0.411764705882,0.235294117647,17,0.128676470588,1.90196078431,4.11764705882,3.18181818182,2.69230769231,1.57648156274,0.382859808093,0.201680672269,2.01465221053,0.978545359402,0.524369747899,1.74894926439,0.849489642704,0.463865546218,0.814492905316,0.428238537847,2.33333333333,1.90196078431,0.814492905316,2.33333333333,0,0,0,0,0.164242424242,17,17,17,1,0,0.352941176471,0.411764705882,0.235294117647,17,37,0.136029411765,1.88235294118,4.35294117647,3.36363636364,2.84615384615,1.69341284359,0.389027274878,0.193958664547,2.09866904602,0.964253345467,0.518282988871,1.87867287326,0.863174022847,0.470588235294,0.786197569093,0.41766745858,2.25,1.88235294118,0.786197569093,2.25,0.166339869281,0.0612244897959,3,0.00441176470588,0.185952380952,17,17,17,1,0,0.352941176471,0.411764705882,0.235294117647,0,0,0,0,0,0,0,0,0,0,0,0,0,0,0,0,0,0,0,0,0,0,0,0,0,0,0,0,0,37,0,0,235,1,1,0,0,1,1,1,1,1,1,2,2,0,0,0,0
1453,WLNM_dir_neg,1,0.5,00:00:00,10,40,12,1982697585,threshold_sweep,0.4,1,1,1,2,0,0,4,1,1,0,0,1,1,1,1,0.555555555556,1,1,1,37,35,2,0,37,0,35,0,2,17,37,0.136029411765,1.88235294118,4.35294117647,3.36363636364,2.84615384615,1.69341284359,0.389027274878,0.193958664547,2.09866904602,0.964253345467,0.518282988871,1.87867287326,0.863174022847,0.470588235294,0.786197569093,0.41766745858,2.25,1.88235294118,0.786197569093,2.25,0.166339869281,0.0612244897959,3,0.00441176470588,0.185952380952,17,17,17,1,0,0.352941176471,0.411764705882,0.235294117647,17,0.128676470588,1.90196078431,4.11764705882,3.18181818182,2.69230769231,1.57648156274,0.382859808093,0.201680672269,2.01465221053,0.978545359402,0.524369747899,1.74894926439,0.849489642704,0.463865546218,0.814492905316,0.428238537847,2.33333333333,1.90196078431,0.814492905316,2.33333333333,0,0,0,0,0.164242424242,17,17,17,1,0,0.352941176471,0.411764705882,0.235294117647,17,37,0.136029411765,1.88235294118,4.35294117647,3.36363636364,2.84615384615,1.69341284359,0.389027274878,0.193958664547,2.09866904602,0.964253345467,0.518282988871,1.87867287326,0.863174022847,0.470588235294,0.786197569093,0.41766745858,2.25,1.88235294118,0.786197569093,2.25,0.166339869281,0.0612244897959,3,0.00441176470588,0.185952380952,17,17,17,1,0,0.352941176471,0.411764705882,0.235294117647,0,0,0,0,0,0,0,0,0,0,0,0,0,0,0,0,0,0,0,0,0,0,0,0,0,0,0,0,0,37,0,0,235,1,1,0,0,1,1,1,1,1,1,2,2,0,0,0,0
1454,WLNM_dir_neg,1,0.5,00:00:00,10,40,12,1982697585,threshold_sweep,0.5,1,1,1,2,0,0,4,1,1,0,0,1,1,1,1,0.555555555556,1,1,1,37,35,2,0,37,0,35,0,2,17,37,0.136029411765,1.88235294118,4.35294117647,3.36363636364,2.84615384615,1.69341284359,0.389027274878,0.193958664547,2.09866904602,0.964253345467,0.518282988871,1.87867287326,0.863174022847,0.470588235294,0.786197569093,0.41766745858,2.25,1.88235294118,0.786197569093,2.25,0.166339869281,0.0612244897959,3,0.00441176470588,0.185952380952,17,17,17,1,0,0.352941176471,0.411764705882,0.235294117647,17,0.128676470588,1.90196078431,4.11764705882,3.18181818182,2.69230769231,1.57648156274,0.382859808093,0.201680672269,2.01465221053,0.978545359402,0.524369747899,1.74894926439,0.849489642704,0.463865546218,0.814492905316,0.428238537847,2.33333333333,1.90196078431,0.814492905316,2.33333333333,0,0,0,0,0.164242424242,17,17,17,1,0,0.352941176471,0.411764705882,0.235294117647,17,37,0.136029411765,1.88235294118,4.35294117647,3.36363636364,2.84615384615,1.69341284359,0.389027274878,0.193958664547,2.09866904602,0.964253345467,0.518282988871,1.87867287326,0.863174022847,0.470588235294,0.786197569093,0.41766745858,2.25,1.88235294118,0.786197569093,2.25,0.166339869281,0.0612244897959,3,0.00441176470588,0.185952380952,17,17,17,1,0,0.352941176471,0.411764705882,0.235294117647,0,0,0,0,0,0,0,0,0,0,0,0,0,0,0,0,0,0,0,0,0,0,0,0,0,0,0,0,0,37,0,0,235,1,1,0,0,1,1,1,1,1,1,2,2,0,0,0,0
1455,WLNM_dir_neg,1,0.5,00:00:00,10,40,12,1982697585,threshold_sweep,0.6,1,1,1,2,0,0,4,1,1,0,0,1,1,1,1,0.555555555556,1,1,1,37,35,2,0,37,0,35,0,2,17,37,0.136029411765,1.88235294118,4.35294117647,3.36363636364,2.84615384615,1.69341284359,0.389027274878,0.193958664547,2.09866904602,0.964253345467,0.518282988871,1.87867287326,0.863174022847,0.470588235294,0.786197569093,0.41766745858,2.25,1.88235294118,0.786197569093,2.25,0.166339869281,0.0612244897959,3,0.00441176470588,0.185952380952,17,17,17,1,0,0.352941176471,0.411764705882,0.235294117647,17,0.128676470588,1.90196078431,4.11764705882,3.18181818182,2.69230769231,1.57648156274,0.382859808093,0.201680672269,2.01465221053,0.978545359402,0.524369747899,1.74894926439,0.849489642704,0.463865546218,0.814492905316,0.428238537847,2.33333333333,1.90196078431,0.814492905316,2.33333333333,0,0,0,0,0.164242424242,17,17,17,1,0,0.352941176471,0.411764705882,0.235294117647,17,37,0.136029411765,1.88235294118,4.35294117647,3.36363636364,2.84615384615,1.69341284359,0.389027274878,0.193958664547,2.09866904602,0.964253345467,0.518282988871,1.87867287326,0.863174022847,0.470588235294,0.786197569093,0.41766745858,2.25,1.88235294118,0.786197569093,2.25,0.166339869281,0.0612244897959,3,0.00441176470588,0.185952380952,17,17,17,1,0,0.352941176471,0.411764705882,0.235294117647,0,0,0,0,0,0,0,0,0,0,0,0,0,0,0,0,0,0,0,0,0,0,0,0,0,0,0,0,0,37,0,0,235,1,1,0,0,1,1,1,1,1,1,2,2,0,0,0,0
1456,WLNM_dir_neg,1,0.5,00:00:00,10,40,12,1982697585,threshold_sweep,0.7,1,1,1,2,0,0,4,1,1,0,0,1,1,1,1,0.555555555556,1,1,1,37,35,2,0,37,0,35,0,2,17,37,0.136029411765,1.88235294118,4.35294117647,3.36363636364,2.84615384615,1.69341284359,0.389027274878,0.193958664547,2.09866904602,0.964253345467,0.518282988871,1.87867287326,0.863174022847,0.470588235294,0.786197569093,0.41766745858,2.25,1.88235294118,0.786197569093,2.25,0.166339869281,0.0612244897959,3,0.00441176470588,0.185952380952,17,17,17,1,0,0.352941176471,0.411764705882,0.235294117647,17,0.128676470588,1.90196078431,4.11764705882,3.18181818182,2.69230769231,1.57648156274,0.382859808093,0.201680672269,2.01465221053,0.978545359402,0.524369747899,1.74894926439,0.849489642704,0.463865546218,0.814492905316,0.428238537847,2.33333333333,1.90196078431,0.814492905316,2.33333333333,0,0,0,0,0.164242424242,17,17,17,1,0,0.352941176471,0.411764705882,0.235294117647,17,37,0.136029411765,1.88235294118,4.35294117647,3.36363636364,2.84615384615,1.69341284359,0.389027274878,0.193958664547,2.09866904602,0.964253345467,0.518282988871,1.87867287326,0.863174022847,0.470588235294,0.786197569093,0.41766745858,2.25,1.88235294118,0.786197569093,2.25,0.166339869281,0.0612244897959,3,0.00441176470588,0.185952380952,17,17,17,1,0,0.352941176471,0.411764705882,0.235294117647,0,0,0,0,0,0,0,0,0,0,0,0,0,0,0,0,0,0,0,0,0,0,0,0,0,0,0,0,0,37,0,0,235,1,1,0,0,1,1,1,1,1,1,2,2,0,0,0,0
1457,WLNM_dir_neg,1,0.5,00:00:00,10,40,12,1982697585,threshold_sweep,0.8,1,1,1,2,0,0,4,1,1,0,0,1,1,1,1,0.555555555556,1,1,1,37,35,2,0,37,0,35,0,2,17,37,0.136029411765,1.88235294118,4.35294117647,3.36363636364,2.84615384615,1.69341284359,0.389027274878,0.193958664547,2.09866904602,0.964253345467,0.518282988871,1.87867287326,0.863174022847,0.470588235294,0.786197569093,0.41766745858,2.25,1.88235294118,0.786197569093,2.25,0.166339869281,0.0612244897959,3,0.00441176470588,0.185952380952,17,17,17,1,0,0.352941176471,0.411764705882,0.235294117647,17,0.128676470588,1.90196078431,4.11764705882,3.18181818182,2.69230769231,1.57648156274,0.382859808093,0.201680672269,2.01465221053,0.978545359402,0.524369747899,1.74894926439,0.849489642704,0.463865546218,0.814492905316,0.428238537847,2.33333333333,1.90196078431,0.814492905316,2.33333333333,0,0,0,0,0.164242424242,17,17,17,1,0,0.352941176471,0.411764705882,0.235294117647,17,37,0.136029411765,1.88235294118,4.35294117647,3.36363636364,2.84615384615,1.69341284359,0.389027274878,0.193958664547,2.09866904602,0.964253345467,0.518282988871,1.87867287326,0.863174022847,0.470588235294,0.786197569093,0.41766745858,2.25,1.88235294118,0.786197569093,2.25,0.166339869281,0.0612244897959,3,0.00441176470588,0.185952380952,17,17,17,1,0,0.352941176471,0.411764705882,0.235294117647,0,0,0,0,0,0,0,0,0,0,0,0,0,0,0,0,0,0,0,0,0,0,0,0,0,0,0,0,0,37,0,0,235,1,1,0,0,1,1,1,1,1,1,2,2,0,0,0,0
1458,WLNM_dir_neg,1,0.5,00:00:00,10,40,12,1982697585,threshold_sweep,0.9,1,1,1,2,0,0,4,1,1,0,0,1,1,1,1,0.555555555556,1,1,1,37,35,2,0,37,0,35,0,2,17,37,0.136029411765,1.88235294118,4.35294117647,3.36363636364,2.84615384615,1.69341284359,0.389027274878,0.193958664547,2.09866904602,0.964253345467,0.518282988871,1.87867287326,0.863174022847,0.470588235294,0.786197569093,0.41766745858,2.25,1.88235294118,0.786197569093,2.25,0.166339869281,0.0612244897959,3,0.00441176470588,0.185952380952,17,17,17,1,0,0.352941176471,0.411764705882,0.235294117647,17,0.128676470588,1.90196078431,4.11764705882,3.18181818182,2.69230769231,1.57648156274,0.382859808093,0.201680672269,2.01465221053,0.978545359402,0.524369747899,1.74894926439,0.849489642704,0.463865546218,0.814492905316,0.428238537847,2.33333333333,1.90196078431,0.814492905316,2.33333333333,0,0,0,0,0.164242424242,17,17,17,1,0,0.352941176471,0.411764705882,0.235294117647,17,37,0.136029411765,1.88235294118,4.35294117647,3.36363636364,2.84615384615,1.69341284359,0.389027274878,0.193958664547,2.09866904602,0.964253345467,0.518282988871,1.87867287326,0.863174022847,0.470588235294,0.786197569093,0.41766745858,2.25,1.88235294118,0.786197569093,2.25,0.166339869281,0.0612244897959,3,0.00441176470588,0.185952380952,17,17,17,1,0,0.352941176471,0.411764705882,0.235294117647,0,0,0,0,0,0,0,0,0,0,0,0,0,0,0,0,0,0,0,0,0,0,0,0,0,0,0,0,0,37,0,0,235,1,1,0,0,1,1,1,1,1,1,2,2,0,0,0,0
1459,WLNM_dir_neg,1,0.5,00:00:00,10,40,13,1982697586,threshold_sweep,0.1,1,1,1,2,0,0,4,1,1,0,0,1,1,1,1,0.555555555556,1,1,1,37,35,2,0,37,0,35,0,2,17,37,0.136029411765,1.88235294118,4.35294117647,3.36363636364,2.84615384615,1.69341284359,0.389027274878,0.193958664547,2.09866904602,0.964253345467,0.518282988871,1.87867287326,0.863174022847,0.470588235294,0.786197569093,0.41766745858,2.25,1.88235294118,0.786197569093,2.25,0.166339869281,0.0612244897959,3,0.00441176470588,0.185952380952,17,17,17,1,0,0.352941176471,0.411764705882,0.235294117647,17,0.128676470588,1.90196078431,4.11764705882,3.18181818182,2.69230769231,1.57648156274,0.382859808093,0.201680672269,2.01465221053,0.978545359402,0.524369747899,1.74894926439,0.849489642704,0.463865546218,0.814492905316,0.428238537847,2.33333333333,1.90196078431,0.814492905316,2.33333333333,0,0,0,0,0.164242424242,17,17,17,1,0,0.352941176471,0.411764705882,0.235294117647,17,37,0.136029411765,1.88235294118,4.35294117647,3.36363636364,2.84615384615,1.69341284359,0.389027274878,0.193958664547,2.09866904602,0.964253345467,0.518282988871,1.87867287326,0.863174022847,0.470588235294,0.786197569093,0.41766745858,2.25,1.88235294118,0.786197569093,2.25,0.166339869281,0.0612244897959,3,0.00441176470588,0.185952380952,17,17,17,1,0,0.352941176471,0.411764705882,0.235294117647,0,0,0,0,0,0,0,0,0,0,0,0,0,0,0,0,0,0,0,0,0,0,0,0,0,0,0,0,0,37,0,0,235,1,1,0,0,1,1,1,1,1,1,2,2,0,0,0,0
1460,WLNM_dir_neg,1,0.5,00:00:00,10,40,13,1982697586,threshold_sweep,0.2,1,1,1,2,0,0,4,1,1,0,0,1,1,1,1,0.555555555556,1,1,1,37,35,2,0,37,0,35,0,2,17,37,0.136029411765,1.88235294118,4.35294117647,3.36363636364,2.84615384615,1.69341284359,0.389027274878,0.193958664547,2.09866904602,0.964253345467,0.518282988871,1.87867287326,0.863174022847,0.470588235294,0.786197569093,0.41766745858,2.25,1.88235294118,0.786197569093,2.25,0.166339869281,0.0612244897959,3,0.00441176470588,0.185952380952,17,17,17,1,0,0.352941176471,0.411764705882,0.235294117647,17,0.128676470588,1.90196078431,4.11764705882,3.18181818182,2.69230769231,1.57648156274,0.382859808093,0.201680672269,2.01465221053,0.978545359402,0.524369747899,1.74894926439,0.849489642704,0.463865546218,0.814492905316,0.428238537847,2.33333333333,1.90196078431,0.814492905316,2.33333333333,0,0,0,0,0.164242424242,17,17,17,1,0,0.352941176471,0.411764705882,0.235294117647,17,37,0.136029411765,1.88235294118,4.35294117647,3.36363636364,2.84615384615,1.69341284359,0.389027274878,0.193958664547,2.09866904602,0.964253345467,0.518282988871,1.87867287326,0.863174022847,0.470588235294,0.786197569093,0.41766745858,2.25,1.88235294118,0.786197569093,2.25,0.166339869281,0.0612244897959,3,0.00441176470588,0.185952380952,17,17,17,1,0,0.352941176471,0.411764705882,0.235294117647,0,0,0,0,0,0,0,0,0,0,0,0,0,0,0,0,0,0,0,0,0,0,0,0,0,0,0,0,0,37,0,0,235,1,1,0,0,1,1,1,1,1,1,2,2,0,0,0,0
1461,WLNM_dir_neg,1,0.5,00:00:00,10,40,13,1982697586,threshold_sweep,0.3,1,1,1,2,0,0,4,1,1,0,0,1,1,1,1,0.555555555556,1,1,1,37,35,2,0,37,0,35,0,2,17,37,0.136029411765,1.88235294118,4.35294117647,3.36363636364,2.84615384615,1.69341284359,0.389027274878,0.193958664547,2.09866904602,0.964253345467,0.518282988871,1.87867287326,0.863174022847,0.470588235294,0.786197569093,0.41766745858,2.25,1.88235294118,0.786197569093,2.25,0.166339869281,0.0612244897959,3,0.00441176470588,0.185952380952,17,17,17,1,0,0.352941176471,0.411764705882,0.235294117647,17,0.128676470588,1.90196078431,4.11764705882,3.18181818182,2.69230769231,1.57648156274,0.382859808093,0.201680672269,2.01465221053,0.978545359402,0.524369747899,1.74894926439,0.849489642704,0.463865546218,0.814492905316,0.428238537847,2.33333333333,1.90196078431,0.814492905316,2.33333333333,0,0,0,0,0.164242424242,17,17,17,1,0,0.352941176471,0.411764705882,0.235294117647,17,37,0.136029411765,1.88235294118,4.35294117647,3.36363636364,2.84615384615,1.69341284359,0.389027274878,0.193958664547,2.09866904602,0.964253345467,0.518282988871,1.87867287326,0.863174022847,0.470588235294,0.786197569093,0.41766745858,2.25,1.88235294118,0.786197569093,2.25,0.166339869281,0.0612244897959,3,0.00441176470588,0.185952380952,17,17,17,1,0,0.352941176471,0.411764705882,0.235294117647,0,0,0,0,0,0,0,0,0,0,0,0,0,0,0,0,0,0,0,0,0,0,0,0,0,0,0,0,0,37,0,0,235,1,1,0,0,1,1,1,1,1,1,2,2,0,0,0,0
1462,WLNM_dir_neg,1,0.5,00:00:00,10,40,13,1982697586,threshold_sweep,0.4,1,1,1,2,0,0,4,1,1,0,0,1,1,1,1,0.555555555556,1,1,1,37,35,2,0,37,0,35,0,2,17,37,0.136029411765,1.88235294118,4.35294117647,3.36363636364,2.84615384615,1.69341284359,0.389027274878,0.193958664547,2.09866904602,0.964253345467,0.518282988871,1.87867287326,0.863174022847,0.470588235294,0.786197569093,0.41766745858,2.25,1.88235294118,0.786197569093,2.25,0.166339869281,0.0612244897959,3,0.00441176470588,0.185952380952,17,17,17,1,0,0.352941176471,0.411764705882,0.235294117647,17,0.128676470588,1.90196078431,4.11764705882,3.18181818182,2.69230769231,1.57648156274,0.382859808093,0.201680672269,2.01465221053,0.978545359402,0.524369747899,1.74894926439,0.849489642704,0.463865546218,0.814492905316,0.428238537847,2.33333333333,1.90196078431,0.814492905316,2.33333333333,0,0,0,0,0.164242424242,17,17,17,1,0,0.352941176471,0.411764705882,0.235294117647,17,37,0.136029411765,1.88235294118,4.35294117647,3.36363636364,2.84615384615,1.69341284359,0.389027274878,0.193958664547,2.09866904602,0.964253345467,0.518282988871,1.87867287326,0.863174022847,0.470588235294,0.786197569093,0.41766745858,2.25,1.88235294118,0.786197569093,2.25,0.166339869281,0.0612244897959,3,0.00441176470588,0.185952380952,17,17,17,1,0,0.352941176471,0.411764705882,0.235294117647,0,0,0,0,0,0,0,0,0,0,0,0,0,0,0,0,0,0,0,0,0,0,0,0,0,0,0,0,0,37,0,0,235,1,1,0,0,1,1,1,1,1,1,2,2,0,0,0,0
1463,WLNM_dir_neg,1,0.5,00:00:00,10,40,13,1982697586,threshold_sweep,0.5,1,1,1,2,0,0,4,1,1,0,0,1,1,1,1,0.555555555556,1,1,1,37,35,2,0,37,0,35,0,2,17,37,0.136029411765,1.88235294118,4.35294117647,3.36363636364,2.84615384615,1.69341284359,0.389027274878,0.193958664547,2.09866904602,0.964253345467,0.518282988871,1.87867287326,0.863174022847,0.470588235294,0.786197569093,0.41766745858,2.25,1.88235294118,0.786197569093,2.25,0.166339869281,0.0612244897959,3,0.00441176470588,0.185952380952,17,17,17,1,0,0.352941176471,0.411764705882,0.235294117647,17,0.128676470588,1.90196078431,4.11764705882,3.18181818182,2.69230769231,1.57648156274,0.382859808093,0.201680672269,2.01465221053,0.978545359402,0.524369747899,1.74894926439,0.849489642704,0.463865546218,0.814492905316,0.428238537847,2.33333333333,1.90196078431,0.814492905316,2.33333333333,0,0,0,0,0.164242424242,17,17,17,1,0,0.352941176471,0.411764705882,0.235294117647,17,37,0.136029411765,1.88235294118,4.35294117647,3.36363636364,2.84615384615,1.69341284359,0.389027274878,0.193958664547,2.09866904602,0.964253345467,0.518282988871,1.87867287326,0.863174022847,0.470588235294,0.786197569093,0.41766745858,2.25,1.88235294118,0.786197569093,2.25,0.166339869281,0.0612244897959,3,0.00441176470588,0.185952380952,17,17,17,1,0,0.352941176471,0.411764705882,0.235294117647,0,0,0,0,0,0,0,0,0,0,0,0,0,0,0,0,0,0,0,0,0,0,0,0,0,0,0,0,0,37,0,0,235,1,1,0,0,1,1,1,1,1,1,2,2,0,0,0,0
1464,WLNM_dir_neg,1,0.5,00:00:00,10,40,13,1982697586,threshold_sweep,0.6,1,1,1,2,0,0,4,1,1,0,0,1,1,1,1,0.555555555556,1,1,1,37,35,2,0,37,0,35,0,2,17,37,0.136029411765,1.88235294118,4.35294117647,3.36363636364,2.84615384615,1.69341284359,0.389027274878,0.193958664547,2.09866904602,0.964253345467,0.518282988871,1.87867287326,0.863174022847,0.470588235294,0.786197569093,0.41766745858,2.25,1.88235294118,0.786197569093,2.25,0.166339869281,0.0612244897959,3,0.00441176470588,0.185952380952,17,17,17,1,0,0.352941176471,0.411764705882,0.235294117647,17,0.128676470588,1.90196078431,4.11764705882,3.18181818182,2.69230769231,1.57648156274,0.382859808093,0.201680672269,2.01465221053,0.978545359402,0.524369747899,1.74894926439,0.849489642704,0.463865546218,0.814492905316,0.428238537847,2.33333333333,1.90196078431,0.814492905316,2.33333333333,0,0,0,0,0.164242424242,17,17,17,1,0,0.352941176471,0.411764705882,0.235294117647,17,37,0.136029411765,1.88235294118,4.35294117647,3.36363636364,2.84615384615,1.69341284359,0.389027274878,0.193958664547,2.09866904602,0.964253345467,0.518282988871,1.87867287326,0.863174022847,0.470588235294,0.786197569093,0.41766745858,2.25,1.88235294118,0.786197569093,2.25,0.166339869281,0.0612244897959,3,0.00441176470588,0.185952380952,17,17,17,1,0,0.352941176471,0.411764705882,0.235294117647,0,0,0,0,0,0,0,0,0,0,0,0,0,0,0,0,0,0,0,0,0,0,0,0,0,0,0,0,0,37,0,0,235,1,1,0,0,1,1,1,1,1,1,2,2,0,0,0,0
1465,WLNM_dir_neg,1,0.5,00:00:00,10,40,13,1982697586,threshold_sweep,0.7,1,1,1,2,0,0,4,1,1,0,0,1,1,1,1,0.555555555556,1,1,1,37,35,2,0,37,0,35,0,2,17,37,0.136029411765,1.88235294118,4.35294117647,3.36363636364,2.84615384615,1.69341284359,0.389027274878,0.193958664547,2.09866904602,0.964253345467,0.518282988871,1.87867287326,0.863174022847,0.470588235294,0.786197569093,0.41766745858,2.25,1.88235294118,0.786197569093,2.25,0.166339869281,0.0612244897959,3,0.00441176470588,0.185952380952,17,17,17,1,0,0.352941176471,0.411764705882,0.235294117647,17,0.128676470588,1.90196078431,4.11764705882,3.18181818182,2.69230769231,1.57648156274,0.382859808093,0.201680672269,2.01465221053,0.978545359402,0.524369747899,1.74894926439,0.849489642704,0.463865546218,0.814492905316,0.428238537847,2.33333333333,1.90196078431,0.814492905316,2.33333333333,0,0,0,0,0.164242424242,17,17,17,1,0,0.352941176471,0.411764705882,0.235294117647,17,37,0.136029411765,1.88235294118,4.35294117647,3.36363636364,2.84615384615,1.69341284359,0.389027274878,0.193958664547,2.09866904602,0.964253345467,0.518282988871,1.87867287326,0.863174022847,0.470588235294,0.786197569093,0.41766745858,2.25,1.88235294118,0.786197569093,2.25,0.166339869281,0.0612244897959,3,0.00441176470588,0.185952380952,17,17,17,1,0,0.352941176471,0.411764705882,0.235294117647,0,0,0,0,0,0,0,0,0,0,0,0,0,0,0,0,0,0,0,0,0,0,0,0,0,0,0,0,0,37,0,0,235,1,1,0,0,1,1,1,1,1,1,2,2,0,0,0,0
1466,WLNM_dir_neg,1,0.5,00:00:00,10,40,13,1982697586,threshold_sweep,0.8,1,1,1,2,0,0,4,1,1,0,0,1,1,1,1,0.555555555556,1,1,1,37,35,2,0,37,0,35,0,2,17,37,0.136029411765,1.88235294118,4.35294117647,3.36363636364,2.84615384615,1.69341284359,0.389027274878,0.193958664547,2.09866904602,0.964253345467,0.518282988871,1.87867287326,0.863174022847,0.470588235294,0.786197569093,0.41766745858,2.25,1.88235294118,0.786197569093,2.25,0.166339869281,0.0612244897959,3,0.00441176470588,0.185952380952,17,17,17,1,0,0.352941176471,0.411764705882,0.235294117647,17,0.128676470588,1.90196078431,4.11764705882,3.18181818182,2.69230769231,1.57648156274,0.382859808093,0.201680672269,2.01465221053,0.978545359402,0.524369747899,1.74894926439,0.849489642704,0.463865546218,0.814492905316,0.428238537847,2.33333333333,1.90196078431,0.814492905316,2.33333333333,0,0,0,0,0.164242424242,17,17,17,1,0,0.352941176471,0.411764705882,0.235294117647,17,37,0.136029411765,1.88235294118,4.35294117647,3.36363636364,2.84615384615,1.69341284359,0.389027274878,0.193958664547,2.09866904602,0.964253345467,0.518282988871,1.87867287326,0.863174022847,0.470588235294,0.786197569093,0.41766745858,2.25,1.88235294118,0.786197569093,2.25,0.166339869281,0.0612244897959,3,0.00441176470588,0.185952380952,17,17,17,1,0,0.352941176471,0.411764705882,0.235294117647,0,0,0,0,0,0,0,0,0,0,0,0,0,0,0,0,0,0,0,0,0,0,0,0,0,0,0,0,0,37,0,0,235,1,1,0,0,1,1,1,1,1,1,2,2,0,0,0,0
1467,WLNM_dir_neg,1,0.5,00:00:00,10,40,13,1982697586,threshold_sweep,0.9,1,1,1,2,0,0,4,1,1,0,0,1,1,1,1,0.555555555556,1,1,1,37,35,2,0,37,0,35,0,2,17,37,0.136029411765,1.88235294118,4.35294117647,3.36363636364,2.84615384615,1.69341284359,0.389027274878,0.193958664547,2.09866904602,0.964253345467,0.518282988871,1.87867287326,0.863174022847,0.470588235294,0.786197569093,0.41766745858,2.25,1.88235294118,0.786197569093,2.25,0.166339869281,0.0612244897959,3,0.00441176470588,0.185952380952,17,17,17,1,0,0.352941176471,0.411764705882,0.235294117647,17,0.128676470588,1.90196078431,4.11764705882,3.18181818182,2.69230769231,1.57648156274,0.382859808093,0.201680672269,2.01465221053,0.978545359402,0.524369747899,1.74894926439,0.849489642704,0.463865546218,0.814492905316,0.428238537847,2.33333333333,1.90196078431,0.814492905316,2.33333333333,0,0,0,0,0.164242424242,17,17,17,1,0,0.352941176471,0.411764705882,0.235294117647,17,37,0.136029411765,1.88235294118,4.35294117647,3.36363636364,2.84615384615,1.69341284359,0.389027274878,0.193958664547,2.09866904602,0.964253345467,0.518282988871,1.87867287326,0.863174022847,0.470588235294,0.786197569093,0.41766745858,2.25,1.88235294118,0.786197569093,2.25,0.166339869281,0.0612244897959,3,0.00441176470588,0.185952380952,17,17,17,1,0,0.352941176471,0.411764705882,0.235294117647,0,0,0,0,0,0,0,0,0,0,0,0,0,0,0,0,0,0,0,0,0,0,0,0,0,0,0,0,0,37,0,0,235,1,1,0,0,1,1,1,1,1,1,2,2,0,0,0,0
1468,WLNM_dir_neg,1,0.5,00:00:00,10,40,14,1982697587,threshold_sweep,0.1,1,1,1,2,0,0,4,1,1,0,0,1,1,1,1,0.555555555556,1,1,1,37,35,2,0,37,0,35,0,2,17,37,0.136029411765,1.88235294118,4.35294117647,3.36363636364,2.84615384615,1.69341284359,0.389027274878,0.193958664547,2.09866904602,0.964253345467,0.518282988871,1.87867287326,0.863174022847,0.470588235294,0.786197569093,0.41766745858,2.25,1.88235294118,0.786197569093,2.25,0.166339869281,0.0612244897959,3,0.00441176470588,0.185952380952,17,17,17,1,0,0.352941176471,0.411764705882,0.235294117647,17,0.128676470588,1.90196078431,4.11764705882,3.18181818182,2.69230769231,1.57648156274,0.382859808093,0.201680672269,2.01465221053,0.978545359402,0.524369747899,1.74894926439,0.849489642704,0.463865546218,0.814492905316,0.428238537847,2.33333333333,1.90196078431,0.814492905316,2.33333333333,0,0,0,0,0.164242424242,17,17,17,1,0,0.352941176471,0.411764705882,0.235294117647,17,37,0.136029411765,1.88235294118,4.35294117647,3.36363636364,2.84615384615,1.69341284359,0.389027274878,0.193958664547,2.09866904602,0.964253345467,0.518282988871,1.87867287326,0.863174022847,0.470588235294,0.786197569093,0.41766745858,2.25,1.88235294118,0.786197569093,2.25,0.166339869281,0.0612244897959,3,0.00441176470588,0.185952380952,17,17,17,1,0,0.352941176471,0.411764705882,0.235294117647,0,0,0,0,0,0,0,0,0,0,0,0,0,0,0,0,0,0,0,0,0,0,0,0,0,0,0,0,0,37,0,0,235,1,1,0,0,1,1,1,1,1,1,2,2,0,0,0,0
1469,WLNM_dir_neg,1,0.5,00:00:00,10,40,14,1982697587,threshold_sweep,0.2,1,1,1,2,0,0,4,1,1,0,0,1,1,1,1,0.555555555556,1,1,1,37,35,2,0,37,0,35,0,2,17,37,0.136029411765,1.88235294118,4.35294117647,3.36363636364,2.84615384615,1.69341284359,0.389027274878,0.193958664547,2.09866904602,0.964253345467,0.518282988871,1.87867287326,0.863174022847,0.470588235294,0.786197569093,0.41766745858,2.25,1.88235294118,0.786197569093,2.25,0.166339869281,0.0612244897959,3,0.00441176470588,0.185952380952,17,17,17,1,0,0.352941176471,0.411764705882,0.235294117647,17,0.128676470588,1.90196078431,4.11764705882,3.18181818182,2.69230769231,1.57648156274,0.382859808093,0.201680672269,2.01465221053,0.978545359402,0.524369747899,1.74894926439,0.849489642704,0.463865546218,0.814492905316,0.428238537847,2.33333333333,1.90196078431,0.814492905316,2.33333333333,0,0,0,0,0.164242424242,17,17,17,1,0,0.352941176471,0.411764705882,0.235294117647,17,37,0.136029411765,1.88235294118,4.35294117647,3.36363636364,2.84615384615,1.69341284359,0.389027274878,0.193958664547,2.09866904602,0.964253345467,0.518282988871,1.87867287326,0.863174022847,0.470588235294,0.786197569093,0.41766745858,2.25,1.88235294118,0.786197569093,2.25,0.166339869281,0.0612244897959,3,0.00441176470588,0.185952380952,17,17,17,1,0,0.352941176471,0.411764705882,0.235294117647,0,0,0,0,0,0,0,0,0,0,0,0,0,0,0,0,0,0,0,0,0,0,0,0,0,0,0,0,0,37,0,0,235,1,1,0,0,1,1,1,1,1,1,2,2,0,0,0,0
1470,WLNM_dir_neg,1,0.5,00:00:00,10,40,14,1982697587,threshold_sweep,0.3,1,1,1,2,0,0,4,1,1,0,0,1,1,1,1,0.555555555556,1,1,1,37,35,2,0,37,0,35,0,2,17,37,0.136029411765,1.88235294118,4.35294117647,3.36363636364,2.84615384615,1.69341284359,0.389027274878,0.193958664547,2.09866904602,0.964253345467,0.518282988871,1.87867287326,0.863174022847,0.470588235294,0.786197569093,0.41766745858,2.25,1.88235294118,0.786197569093,2.25,0.166339869281,0.0612244897959,3,0.00441176470588,0.185952380952,17,17,17,1,0,0.352941176471,0.411764705882,0.235294117647,17,0.128676470588,1.90196078431,4.11764705882,3.18181818182,2.69230769231,1.57648156274,0.382859808093,0.201680672269,2.01465221053,0.978545359402,0.524369747899,1.74894926439,0.849489642704,0.463865546218,0.814492905316,0.428238537847,2.33333333333,1.90196078431,0.814492905316,2.33333333333,0,0,0,0,0.164242424242,17,17,17,1,0,0.352941176471,0.411764705882,0.235294117647,17,37,0.136029411765,1.88235294118,4.35294117647,3.36363636364,2.84615384615,1.69341284359,0.389027274878,0.193958664547,2.09866904602,0.964253345467,0.518282988871,1.87867287326,0.863174022847,0.470588235294,0.786197569093,0.41766745858,2.25,1.88235294118,0.786197569093,2.25,0.166339869281,0.0612244897959,3,0.00441176470588,0.185952380952,17,17,17,1,0,0.352941176471,0.411764705882,0.235294117647,0,0,0,0,0,0,0,0,0,0,0,0,0,0,0,0,0,0,0,0,0,0,0,0,0,0,0,0,0,37,0,0,235,1,1,0,0,1,1,1,1,1,1,2,2,0,0,0,0
1471,WLNM_dir_neg,1,0.5,00:00:00,10,40,14,1982697587,threshold_sweep,0.4,1,1,1,2,0,0,4,1,1,0,0,1,1,1,1,0.555555555556,1,1,1,37,35,2,0,37,0,35,0,2,17,37,0.136029411765,1.88235294118,4.35294117647,3.36363636364,2.84615384615,1.69341284359,0.389027274878,0.193958664547,2.09866904602,0.964253345467,0.518282988871,1.87867287326,0.863174022847,0.470588235294,0.786197569093,0.41766745858,2.25,1.88235294118,0.786197569093,2.25,0.166339869281,0.0612244897959,3,0.00441176470588,0.185952380952,17,17,17,1,0,0.352941176471,0.411764705882,0.235294117647,17,0.128676470588,1.90196078431,4.11764705882,3.18181818182,2.69230769231,1.57648156274,0.382859808093,0.201680672269,2.01465221053,0.978545359402,0.524369747899,1.74894926439,0.849489642704,0.463865546218,0.814492905316,0.428238537847,2.33333333333,1.90196078431,0.814492905316,2.33333333333,0,0,0,0,0.164242424242,17,17,17,1,0,0.352941176471,0.411764705882,0.235294117647,17,37,0.136029411765,1.88235294118,4.35294117647,3.36363636364,2.84615384615,1.69341284359,0.389027274878,0.193958664547,2.09866904602,0.964253345467,0.518282988871,1.87867287326,0.863174022847,0.470588235294,0.786197569093,0.41766745858,2.25,1.88235294118,0.786197569093,2.25,0.166339869281,0.0612244897959,3,0.00441176470588,0.185952380952,17,17,17,1,0,0.352941176471,0.411764705882,0.235294117647,0,0,0,0,0,0,0,0,0,0,0,0,0,0,0,0,0,0,0,0,0,0,0,0,0,0,0,0,0,37,0,0,235,1,1,0,0,1,1,1,1,1,1,2,2,0,0,0,0
1472,WLNM_dir_neg,1,0.5,00:00:00,10,40,14,1982697587,threshold_sweep,0.5,1,1,1,2,0,0,4,1,1,0,0,1,1,1,1,0.555555555556,1,1,1,37,35,2,0,37,0,35,0,2,17,37,0.136029411765,1.88235294118,4.35294117647,3.36363636364,2.84615384615,1.69341284359,0.389027274878,0.193958664547,2.09866904602,0.964253345467,0.518282988871,1.87867287326,0.863174022847,0.470588235294,0.786197569093,0.41766745858,2.25,1.88235294118,0.786197569093,2.25,0.166339869281,0.0612244897959,3,0.00441176470588,0.185952380952,17,17,17,1,0,0.352941176471,0.411764705882,0.235294117647,17,0.128676470588,1.90196078431,4.11764705882,3.18181818182,2.69230769231,1.57648156274,0.382859808093,0.201680672269,2.01465221053,0.978545359402,0.524369747899,1.74894926439,0.849489642704,0.463865546218,0.814492905316,0.428238537847,2.33333333333,1.90196078431,0.814492905316,2.33333333333,0,0,0,0,0.164242424242,17,17,17,1,0,0.352941176471,0.411764705882,0.235294117647,17,37,0.136029411765,1.88235294118,4.35294117647,3.36363636364,2.84615384615,1.69341284359,0.389027274878,0.193958664547,2.09866904602,0.964253345467,0.518282988871,1.87867287326,0.863174022847,0.470588235294,0.786197569093,0.41766745858,2.25,1.88235294118,0.786197569093,2.25,0.166339869281,0.0612244897959,3,0.00441176470588,0.185952380952,17,17,17,1,0,0.352941176471,0.411764705882,0.235294117647,0,0,0,0,0,0,0,0,0,0,0,0,0,0,0,0,0,0,0,0,0,0,0,0,0,0,0,0,0,37,0,0,235,1,1,0,0,1,1,1,1,1,1,2,2,0,0,0,0
1473,WLNM_dir_neg,1,0.5,00:00:00,10,40,14,1982697587,threshold_sweep,0.6,1,1,1,2,0,0,4,1,1,0,0,1,1,1,1,0.555555555556,1,1,1,37,35,2,0,37,0,35,0,2,17,37,0.136029411765,1.88235294118,4.35294117647,3.36363636364,2.84615384615,1.69341284359,0.389027274878,0.193958664547,2.09866904602,0.964253345467,0.518282988871,1.87867287326,0.863174022847,0.470588235294,0.786197569093,0.41766745858,2.25,1.88235294118,0.786197569093,2.25,0.166339869281,0.0612244897959,3,0.00441176470588,0.185952380952,17,17,17,1,0,0.352941176471,0.411764705882,0.235294117647,17,0.128676470588,1.90196078431,4.11764705882,3.18181818182,2.69230769231,1.57648156274,0.382859808093,0.201680672269,2.01465221053,0.978545359402,0.524369747899,1.74894926439,0.849489642704,0.463865546218,0.814492905316,0.428238537847,2.33333333333,1.90196078431,0.814492905316,2.33333333333,0,0,0,0,0.164242424242,17,17,17,1,0,0.352941176471,0.411764705882,0.235294117647,17,37,0.136029411765,1.88235294118,4.35294117647,3.36363636364,2.84615384615,1.69341284359,0.389027274878,0.193958664547,2.09866904602,0.964253345467,0.518282988871,1.87867287326,0.863174022847,0.470588235294,0.786197569093,0.41766745858,2.25,1.88235294118,0.786197569093,2.25,0.166339869281,0.0612244897959,3,0.00441176470588,0.185952380952,17,17,17,1,0,0.352941176471,0.411764705882,0.235294117647,0,0,0,0,0,0,0,0,0,0,0,0,0,0,0,0,0,0,0,0,0,0,0,0,0,0,0,0,0,37,0,0,235,1,1,0,0,1,1,1,1,1,1,2,2,0,0,0,0
1474,WLNM_dir_neg,1,0.5,00:00:00,10,40,14,1982697587,threshold_sweep,0.7,1,1,1,2,0,0,4,1,1,0,0,1,1,1,1,0.555555555556,1,1,1,37,35,2,0,37,0,35,0,2,17,37,0.136029411765,1.88235294118,4.35294117647,3.36363636364,2.84615384615,1.69341284359,0.389027274878,0.193958664547,2.09866904602,0.964253345467,0.518282988871,1.87867287326,0.863174022847,0.470588235294,0.786197569093,0.41766745858,2.25,1.88235294118,0.786197569093,2.25,0.166339869281,0.0612244897959,3,0.00441176470588,0.185952380952,17,17,17,1,0,0.352941176471,0.411764705882,0.235294117647,17,0.128676470588,1.90196078431,4.11764705882,3.18181818182,2.69230769231,1.57648156274,0.382859808093,0.201680672269,2.01465221053,0.978545359402,0.524369747899,1.74894926439,0.849489642704,0.463865546218,0.814492905316,0.428238537847,2.33333333333,1.90196078431,0.814492905316,2.33333333333,0,0,0,0,0.164242424242,17,17,17,1,0,0.352941176471,0.411764705882,0.235294117647,17,37,0.136029411765,1.88235294118,4.35294117647,3.36363636364,2.84615384615,1.69341284359,0.389027274878,0.193958664547,2.09866904602,0.964253345467,0.518282988871,1.87867287326,0.863174022847,0.470588235294,0.786197569093,0.41766745858,2.25,1.88235294118,0.786197569093,2.25,0.166339869281,0.0612244897959,3,0.00441176470588,0.185952380952,17,17,17,1,0,0.352941176471,0.411764705882,0.235294117647,0,0,0,0,0,0,0,0,0,0,0,0,0,0,0,0,0,0,0,0,0,0,0,0,0,0,0,0,0,37,0,0,235,1,1,0,0,1,1,1,1,1,1,2,2,0,0,0,0
1475,WLNM_dir_neg,1,0.5,00:00:00,10,40,14,1982697587,threshold_sweep,0.8,1,1,1,2,0,0,4,1,1,0,0,1,1,1,1,0.555555555556,1,1,1,37,35,2,0,37,0,35,0,2,17,37,0.136029411765,1.88235294118,4.35294117647,3.36363636364,2.84615384615,1.69341284359,0.389027274878,0.193958664547,2.09866904602,0.964253345467,0.518282988871,1.87867287326,0.863174022847,0.470588235294,0.786197569093,0.41766745858,2.25,1.88235294118,0.786197569093,2.25,0.166339869281,0.0612244897959,3,0.00441176470588,0.185952380952,17,17,17,1,0,0.352941176471,0.411764705882,0.235294117647,17,0.128676470588,1.90196078431,4.11764705882,3.18181818182,2.69230769231,1.57648156274,0.382859808093,0.201680672269,2.01465221053,0.978545359402,0.524369747899,1.74894926439,0.849489642704,0.463865546218,0.814492905316,0.428238537847,2.33333333333,1.90196078431,0.814492905316,2.33333333333,0,0,0,0,0.164242424242,17,17,17,1,0,0.352941176471,0.411764705882,0.235294117647,17,37,0.136029411765,1.88235294118,4.35294117647,3.36363636364,2.84615384615,1.69341284359,0.389027274878,0.193958664547,2.09866904602,0.964253345467,0.518282988871,1.87867287326,0.863174022847,0.470588235294,0.786197569093,0.41766745858,2.25,1.88235294118,0.786197569093,2.25,0.166339869281,0.0612244897959,3,0.00441176470588,0.185952380952,17,17,17,1,0,0.352941176471,0.411764705882,0.235294117647,0,0,0,0,0,0,0,0,0,0,0,0,0,0,0,0,0,0,0,0,0,0,0,0,0,0,0,0,0,37,0,0,235,1,1,0,0,1,1,1,1,1,1,2,2,0,0,0,0
1476,WLNM_dir_neg,1,0.5,00:00:00,10,40,14,1982697587,threshold_sweep,0.9,1,1,1,2,0,0,4,1,1,0,0,1,1,1,1,0.555555555556,1,1,1,37,35,2,0,37,0,35,0,2,17,37,0.136029411765,1.88235294118,4.35294117647,3.36363636364,2.84615384615,1.69341284359,0.389027274878,0.193958664547,2.09866904602,0.964253345467,0.518282988871,1.87867287326,0.863174022847,0.470588235294,0.786197569093,0.41766745858,2.25,1.88235294118,0.786197569093,2.25,0.166339869281,0.0612244897959,3,0.00441176470588,0.185952380952,17,17,17,1,0,0.352941176471,0.411764705882,0.235294117647,17,0.128676470588,1.90196078431,4.11764705882,3.18181818182,2.69230769231,1.57648156274,0.382859808093,0.201680672269,2.01465221053,0.978545359402,0.524369747899,1.74894926439,0.849489642704,0.463865546218,0.814492905316,0.428238537847,2.33333333333,1.90196078431,0.814492905316,2.33333333333,0,0,0,0,0.164242424242,17,17,17,1,0,0.352941176471,0.411764705882,0.235294117647,17,37,0.136029411765,1.88235294118,4.35294117647,3.36363636364,2.84615384615,1.69341284359,0.389027274878,0.193958664547,2.09866904602,0.964253345467,0.518282988871,1.87867287326,0.863174022847,0.470588235294,0.786197569093,0.41766745858,2.25,1.88235294118,0.786197569093,2.25,0.166339869281,0.0612244897959,3,0.00441176470588,0.185952380952,17,17,17,1,0,0.352941176471,0.411764705882,0.235294117647,0,0,0,0,0,0,0,0,0,0,0,0,0,0,0,0,0,0,0,0,0,0,0,0,0,0,0,0,0,37,0,0,235,1,1,0,0,1,1,1,1,1,1,2,2,0,0,0,0
1477,WLNM_dir_neg,1,0.5,00:00:00,10,40,15,1982697588,threshold_sweep,0.1,0.666666666667,1,0.8,2,1,0,3,1,0.75,0.25,0,0.666666666667,1,0.8,0.833333333333,0.5,0.666666666667,0.707106781187,0.75,37,35,2,0,37,0,35,0,2,17,37,0.136029411765,1.88235294118,4.35294117647,3.36363636364,2.84615384615,1.69341284359,0.389027274878,0.193958664547,2.09866904602,0.964253345467,0.518282988871,1.87867287326,0.863174022847,0.470588235294,0.786197569093,0.41766745858,2.25,1.88235294118,0.786197569093,2.25,0.166339869281,0.0612244897959,3,0.00441176470588,0.185952380952,17,17,17,1,0,0.352941176471,0.411764705882,0.235294117647,17,0.128676470588,1.90196078431,4.11764705882,3.18181818182,2.69230769231,1.57648156274,0.382859808093,0.201680672269,2.01465221053,0.978545359402,0.524369747899,1.74894926439,0.849489642704,0.463865546218,0.814492905316,0.428238537847,2.33333333333,1.90196078431,0.814492905316,2.33333333333,0,0,0,0,0.164242424242,17,17,17,1,0,0.352941176471,0.411764705882,0.235294117647,17,38,0.139705882353,1.9112745098,4.47058823529,3.45454545455,2.71428571429,1.90780132151,0.426745032443,0.210526315789,2.19457888229,0.981785289445,0.529411764706,1.82103719638,0.814674535221,0.442724458204,0.818815949297,0.42841357696,2.33333333333,1.9112745098,0.818815949297,2.33333333333,0.292156862745,0.149068322981,8,0.0117647058824,0.178506493506,17,17,17,1,0,0.352941176471,0.470588235294,0.176470588235,1,0.00367647058824,0.0289215686275,0.117647058824,0.0909090909091,-0.131868131868,0.214388477923,0.0377177575649,0.0165676512426,0.0959098362728,0.0175319439782,0.0111287758347,-0.0576356768785,-0.0484994876259,-0.0278637770898,0.0326183802047,0.0107461183794,0.0833333333333,0.0289215686275,0.0326183802047,0.0833333333333,0.125816993464,0.0878438331854,5,0.00735294117647,-0.00744588744589,0,0.0588235294118,-0.0588235294118,37,1,0,234,1,0.995744680851,0.00425531914894,0,0.973684210526,1,0.986666666667,0.984652666406,0.995744680851,0.973684210526,3,2,0,0,0,0
1478,WLNM_dir_neg,1,0.5,00:00:00,10,40,15,1982697588,threshold_sweep,0.2,0.666666666667,1,0.8,2,1,0,3,1,0.75,0.25,0,0.666666666667,1,0.8,0.833333333333,0.5,0.666666666667,0.707106781187,0.75,37,35,2,0,37,0,35,0,2,17,37,0.136029411765,1.88235294118,4.35294117647,3.36363636364,2.84615384615,1.69341284359,0.389027274878,0.193958664547,2.09866904602,0.964253345467,0.518282988871,1.87867287326,0.863174022847,0.470588235294,0.786197569093,0.41766745858,2.25,1.88235294118,0.786197569093,2.25,0.166339869281,0.0612244897959,3,0.00441176470588,0.185952380952,17,17,17,1,0,0.352941176471,0.411764705882,0.235294117647,17,0.128676470588,1.90196078431,4.11764705882,3.18181818182,2.69230769231,1.57648156274,0.382859808093,0.201680672269,2.01465221053,0.978545359402,0.524369747899,1.74894926439,0.849489642704,0.463865546218,0.814492905316,0.428238537847,2.33333333333,1.90196078431,0.814492905316,2.33333333333,0,0,0,0,0.164242424242,17,17,17,1,0,0.352941176471,0.411764705882,0.235294117647,17,38,0.139705882353,1.9112745098,4.47058823529,3.45454545455,2.71428571429,1.90780132151,0.426745032443,0.210526315789,2.19457888229,0.981785289445,0.529411764706,1.82103719638,0.814674535221,0.442724458204,0.818815949297,0.42841357696,2.33333333333,1.9112745098,0.818815949297,2.33333333333,0.292156862745,0.149068322981,8,0.0117647058824,0.178506493506,17,17,17,1,0,0.352941176471,0.470588235294,0.176470588235,1,0.00367647058824,0.0289215686275,0.117647058824,0.0909090909091,-0.131868131868,0.214388477923,0.0377177575649,0.0165676512426,0.0959098362728,0.0175319439782,0.0111287758347,-0.0576356768785,-0.0484994876259,-0.0278637770898,0.0326183802047,0.0107461183794,0.0833333333333,0.0289215686275,0.0326183802047,0.0833333333333,0.125816993464,0.0878438331854,5,0.00735294117647,-0.00744588744589,0,0.0588235294118,-0.0588235294118,37,1,0,234,1,0.995744680851,0.00425531914894,0,0.973684210526,1,0.986666666667,0.984652666406,0.995744680851,0.973684210526,3,2,0,0,0,0
1479,WLNM_dir_neg,1,0.5,00:00:00,10,40,15,1982697588,threshold_sweep,0.3,0.666666666667,1,0.8,2,1,0,3,1,0.75,0.25,0,0.666666666667,1,0.8,0.833333333333,0.5,0.666666666667,0.707106781187,0.75,37,35,2,0,37,0,35,0,2,17,37,0.136029411765,1.88235294118,4.35294117647,3.36363636364,2.84615384615,1.69341284359,0.389027274878,0.193958664547,2.09866904602,0.964253345467,0.518282988871,1.87867287326,0.863174022847,0.470588235294,0.786197569093,0.41766745858,2.25,1.88235294118,0.786197569093,2.25,0.166339869281,0.0612244897959,3,0.00441176470588,0.185952380952,17,17,17,1,0,0.352941176471,0.411764705882,0.235294117647,17,0.128676470588,1.90196078431,4.11764705882,3.18181818182,2.69230769231,1.57648156274,0.382859808093,0.201680672269,2.01465221053,0.978545359402,0.524369747899,1.74894926439,0.849489642704,0.463865546218,0.814492905316,0.428238537847,2.33333333333,1.90196078431,0.814492905316,2.33333333333,0,0,0,0,0.164242424242,17,17,17,1,0,0.352941176471,0.411764705882,0.235294117647,17,38,0.139705882353,1.9112745098,4.47058823529,3.45454545455,2.71428571429,1.90780132151,0.426745032443,0.210526315789,2.19457888229,0.981785289445,0.529411764706,1.82103719638,0.814674535221,0.442724458204,0.818815949297,0.42841357696,2.33333333333,1.9112745098,0.818815949297,2.33333333333,0.292156862745,0.149068322981,8,0.0117647058824,0.178506493506,17,17,17,1,0,0.352941176471,0.470588235294,0.176470588235,1,0.00367647058824,0.0289215686275,0.117647058824,0.0909090909091,-0.131868131868,0.214388477923,0.0377177575649,0.0165676512426,0.0959098362728,0.0175319439782,0.0111287758347,-0.0576356768785,-0.0484994876259,-0.0278637770898,0.0326183802047,0.0107461183794,0.0833333333333,0.0289215686275,0.0326183802047,0.0833333333333,0.125816993464,0.0878438331854,5,0.00735294117647,-0.00744588744589,0,0.0588235294118,-0.0588235294118,37,1,0,234,1,0.995744680851,0.00425531914894,0,0.973684210526,1,0.986666666667,0.984652666406,0.995744680851,0.973684210526,3,2,0,0,0,0
1480,WLNM_dir_neg,1,0.5,00:00:00,10,40,15,1982697588,threshold_sweep,0.4,0.666666666667,1,0.8,2,1,0,3,1,0.75,0.25,0,0.666666666667,1,0.8,0.833333333333,0.5,0.666666666667,0.707106781187,0.75,37,35,2,0,37,0,35,0,2,17,37,0.136029411765,1.88235294118,4.35294117647,3.36363636364,2.84615384615,1.69341284359,0.389027274878,0.193958664547,2.09866904602,0.964253345467,0.518282988871,1.87867287326,0.863174022847,0.470588235294,0.786197569093,0.41766745858,2.25,1.88235294118,0.786197569093,2.25,0.166339869281,0.0612244897959,3,0.00441176470588,0.185952380952,17,17,17,1,0,0.352941176471,0.411764705882,0.235294117647,17,0.128676470588,1.90196078431,4.11764705882,3.18181818182,2.69230769231,1.57648156274,0.382859808093,0.201680672269,2.01465221053,0.978545359402,0.524369747899,1.74894926439,0.849489642704,0.463865546218,0.814492905316,0.428238537847,2.33333333333,1.90196078431,0.814492905316,2.33333333333,0,0,0,0,0.164242424242,17,17,17,1,0,0.352941176471,0.411764705882,0.235294117647,17,38,0.139705882353,1.9112745098,4.47058823529,3.45454545455,2.71428571429,1.90780132151,0.426745032443,0.210526315789,2.19457888229,0.981785289445,0.529411764706,1.82103719638,0.814674535221,0.442724458204,0.818815949297,0.42841357696,2.33333333333,1.9112745098,0.818815949297,2.33333333333,0.292156862745,0.149068322981,8,0.0117647058824,0.178506493506,17,17,17,1,0,0.352941176471,0.470588235294,0.176470588235,1,0.00367647058824,0.0289215686275,0.117647058824,0.0909090909091,-0.131868131868,0.214388477923,0.0377177575649,0.0165676512426,0.0959098362728,0.0175319439782,0.0111287758347,-0.0576356768785,-0.0484994876259,-0.0278637770898,0.0326183802047,0.0107461183794,0.0833333333333,0.0289215686275,0.0326183802047,0.0833333333333,0.125816993464,0.0878438331854,5,0.00735294117647,-0.00744588744589,0,0.0588235294118,-0.0588235294118,37,1,0,234,1,0.995744680851,0.00425531914894,0,0.973684210526,1,0.986666666667,0.984652666406,0.995744680851,0.973684210526,3,2,0,0,0,0
1481,WLNM_dir_neg,1,0.5,00:00:00,10,40,15,1982697588,threshold_sweep,0.5,0.666666666667,1,0.8,2,1,0,3,1,0.75,0.25,0,0.666666666667,1,0.8,0.833333333333,0.5,0.666666666667,0.707106781187,0.75,37,35,2,0,37,0,35,0,2,17,37,0.136029411765,1.88235294118,4.35294117647,3.36363636364,2.84615384615,1.69341284359,0.389027274878,0.193958664547,2.09866904602,0.964253345467,0.518282988871,1.87867287326,0.863174022847,0.470588235294,0.786197569093,0.41766745858,2.25,1.88235294118,0.786197569093,2.25,0.166339869281,0.0612244897959,3,0.00441176470588,0.185952380952,17,17,17,1,0,0.352941176471,0.411764705882,0.235294117647,17,0.128676470588,1.90196078431,4.11764705882,3.18181818182,2.69230769231,1.57648156274,0.382859808093,0.201680672269,2.01465221053,0.978545359402,0.524369747899,1.74894926439,0.849489642704,0.463865546218,0.814492905316,0.428238537847,2.33333333333,1.90196078431,0.814492905316,2.33333333333,0,0,0,0,0.164242424242,17,17,17,1,0,0.352941176471,0.411764705882,0.235294117647,17,38,0.139705882353,1.9112745098,4.47058823529,3.45454545455,2.71428571429,1.90780132151,0.426745032443,0.210526315789,2.19457888229,0.981785289445,0.529411764706,1.82103719638,0.814674535221,0.442724458204,0.818815949297,0.42841357696,2.33333333333,1.9112745098,0.818815949297,2.33333333333,0.292156862745,0.149068322981,8,0.0117647058824,0.178506493506,17,17,17,1,0,0.352941176471,0.470588235294,0.176470588235,1,0.00367647058824,0.0289215686275,0.117647058824,0.0909090909091,-0.131868131868,0.214388477923,0.0377177575649,0.0165676512426,0.0959098362728,0.0175319439782,0.0111287758347,-0.0576356768785,-0.0484994876259,-0.0278637770898,0.0326183802047,0.0107461183794,0.0833333333333,0.0289215686275,0.0326183802047,0.0833333333333,0.125816993464,0.0878438331854,5,0.00735294117647,-0.00744588744589,0,0.0588235294118,-0.0588235294118,37,1,0,234,1,0.995744680851,0.00425531914894,0,0.973684210526,1,0.986666666667,0.984652666406,0.995744680851,0.973684210526,3,2,0,0,0,0
1482,WLNM_dir_neg,1,0.5,00:00:00,10,40,15,1982697588,threshold_sweep,0.6,0.666666666667,1,0.8,2,1,0,3,1,0.75,0.25,0,0.666666666667,1,0.8,0.833333333333,0.5,0.666666666667,0.707106781187,0.75,37,35,2,0,37,0,35,0,2,17,37,0.136029411765,1.88235294118,4.35294117647,3.36363636364,2.84615384615,1.69341284359,0.389027274878,0.193958664547,2.09866904602,0.964253345467,0.518282988871,1.87867287326,0.863174022847,0.470588235294,0.786197569093,0.41766745858,2.25,1.88235294118,0.786197569093,2.25,0.166339869281,0.0612244897959,3,0.00441176470588,0.185952380952,17,17,17,1,0,0.352941176471,0.411764705882,0.235294117647,17,0.128676470588,1.90196078431,4.11764705882,3.18181818182,2.69230769231,1.57648156274,0.382859808093,0.201680672269,2.01465221053,0.978545359402,0.524369747899,1.74894926439,0.849489642704,0.463865546218,0.814492905316,0.428238537847,2.33333333333,1.90196078431,0.814492905316,2.33333333333,0,0,0,0,0.164242424242,17,17,17,1,0,0.352941176471,0.411764705882,0.235294117647,17,38,0.139705882353,1.9112745098,4.47058823529,3.45454545455,2.71428571429,1.90780132151,0.426745032443,0.210526315789,2.19457888229,0.981785289445,0.529411764706,1.82103719638,0.814674535221,0.442724458204,0.818815949297,0.42841357696,2.33333333333,1.9112745098,0.818815949297,2.33333333333,0.292156862745,0.149068322981,8,0.0117647058824,0.178506493506,17,17,17,1,0,0.352941176471,0.470588235294,0.176470588235,1,0.00367647058824,0.0289215686275,0.117647058824,0.0909090909091,-0.131868131868,0.214388477923,0.0377177575649,0.0165676512426,0.0959098362728,0.0175319439782,0.0111287758347,-0.0576356768785,-0.0484994876259,-0.0278637770898,0.0326183802047,0.0107461183794,0.0833333333333,0.0289215686275,0.0326183802047,0.0833333333333,0.125816993464,0.0878438331854,5,0.00735294117647,-0.00744588744589,0,0.0588235294118,-0.0588235294118,37,1,0,234,1,0.995744680851,0.00425531914894,0,0.973684210526,1,0.986666666667,0.984652666406,0.995744680851,0.973684210526,3,2,0,0,0,0
1483,WLNM_dir_neg,1,0.5,00:00:00,10,40,15,1982697588,threshold_sweep,0.7,0.666666666667,1,0.8,2,1,0,3,1,0.75,0.25,0,0.666666666667,1,0.8,0.833333333333,0.5,0.666666666667,0.707106781187,0.75,37,35,2,0,37,0,35,0,2,17,37,0.136029411765,1.88235294118,4.35294117647,3.36363636364,2.84615384615,1.69341284359,0.389027274878,0.193958664547,2.09866904602,0.964253345467,0.518282988871,1.87867287326,0.863174022847,0.470588235294,0.786197569093,0.41766745858,2.25,1.88235294118,0.786197569093,2.25,0.166339869281,0.0612244897959,3,0.00441176470588,0.185952380952,17,17,17,1,0,0.352941176471,0.411764705882,0.235294117647,17,0.128676470588,1.90196078431,4.11764705882,3.18181818182,2.69230769231,1.57648156274,0.382859808093,0.201680672269,2.01465221053,0.978545359402,0.524369747899,1.74894926439,0.849489642704,0.463865546218,0.814492905316,0.428238537847,2.33333333333,1.90196078431,0.814492905316,2.33333333333,0,0,0,0,0.164242424242,17,17,17,1,0,0.352941176471,0.411764705882,0.235294117647,17,38,0.139705882353,1.9112745098,4.47058823529,3.45454545455,2.71428571429,1.90780132151,0.426745032443,0.210526315789,2.19457888229,0.981785289445,0.529411764706,1.82103719638,0.814674535221,0.442724458204,0.818815949297,0.42841357696,2.33333333333,1.9112745098,0.818815949297,2.33333333333,0.292156862745,0.149068322981,8,0.0117647058824,0.178506493506,17,17,17,1,0,0.352941176471,0.470588235294,0.176470588235,1,0.00367647058824,0.0289215686275,0.117647058824,0.0909090909091,-0.131868131868,0.214388477923,0.0377177575649,0.0165676512426,0.0959098362728,0.0175319439782,0.0111287758347,-0.0576356768785,-0.0484994876259,-0.0278637770898,0.0326183802047,0.0107461183794,0.0833333333333,0.0289215686275,0.0326183802047,0.0833333333333,0.125816993464,0.0878438331854,5,0.00735294117647,-0.00744588744589,0,0.0588235294118,-0.0588235294118,37,1,0,234,1,0.995744680851,0.00425531914894,0,0.973684210526,1,0.986666666667,0.984652666406,0.995744680851,0.973684210526,3,2,0,0,0,0
1484,WLNM_dir_neg,1,0.5,00:00:00,10,40,15,1982697588,threshold_sweep,0.8,0.666666666667,1,0.8,2,1,0,3,1,0.75,0.25,0,0.666666666667,1,0.8,0.833333333333,0.5,0.666666666667,0.707106781187,0.75,37,35,2,0,37,0,35,0,2,17,37,0.136029411765,1.88235294118,4.35294117647,3.36363636364,2.84615384615,1.69341284359,0.389027274878,0.193958664547,2.09866904602,0.964253345467,0.518282988871,1.87867287326,0.863174022847,0.470588235294,0.786197569093,0.41766745858,2.25,1.88235294118,0.786197569093,2.25,0.166339869281,0.0612244897959,3,0.00441176470588,0.185952380952,17,17,17,1,0,0.352941176471,0.411764705882,0.235294117647,17,0.128676470588,1.90196078431,4.11764705882,3.18181818182,2.69230769231,1.57648156274,0.382859808093,0.201680672269,2.01465221053,0.978545359402,0.524369747899,1.74894926439,0.849489642704,0.463865546218,0.814492905316,0.428238537847,2.33333333333,1.90196078431,0.814492905316,2.33333333333,0,0,0,0,0.164242424242,17,17,17,1,0,0.352941176471,0.411764705882,0.235294117647,17,38,0.139705882353,1.9112745098,4.47058823529,3.45454545455,2.71428571429,1.90780132151,0.426745032443,0.210526315789,2.19457888229,0.981785289445,0.529411764706,1.82103719638,0.814674535221,0.442724458204,0.818815949297,0.42841357696,2.33333333333,1.9112745098,0.818815949297,2.33333333333,0.292156862745,0.149068322981,8,0.0117647058824,0.178506493506,17,17,17,1,0,0.352941176471,0.470588235294,0.176470588235,1,0.00367647058824,0.0289215686275,0.117647058824,0.0909090909091,-0.131868131868,0.214388477923,0.0377177575649,0.0165676512426,0.0959098362728,0.0175319439782,0.0111287758347,-0.0576356768785,-0.0484994876259,-0.0278637770898,0.0326183802047,0.0107461183794,0.0833333333333,0.0289215686275,0.0326183802047,0.0833333333333,0.125816993464,0.0878438331854,5,0.00735294117647,-0.00744588744589,0,0.0588235294118,-0.0588235294118,37,1,0,234,1,0.995744680851,0.00425531914894,0,0.973684210526,1,0.986666666667,0.984652666406,0.995744680851,0.973684210526,3,2,0,0,0,0
1485,WLNM_dir_neg,1,0.5,00:00:00,10,40,15,1982697588,threshold_sweep,0.9,0.666666666667,1,0.8,2,1,0,3,1,0.75,0.25,0,0.666666666667,1,0.8,0.833333333333,0.5,0.666666666667,0.707106781187,0.75,37,35,2,0,37,0,35,0,2,17,37,0.136029411765,1.88235294118,4.35294117647,3.36363636364,2.84615384615,1.69341284359,0.389027274878,0.193958664547,2.09866904602,0.964253345467,0.518282988871,1.87867287326,0.863174022847,0.470588235294,0.786197569093,0.41766745858,2.25,1.88235294118,0.786197569093,2.25,0.166339869281,0.0612244897959,3,0.00441176470588,0.185952380952,17,17,17,1,0,0.352941176471,0.411764705882,0.235294117647,17,0.128676470588,1.90196078431,4.11764705882,3.18181818182,2.69230769231,1.57648156274,0.382859808093,0.201680672269,2.01465221053,0.978545359402,0.524369747899,1.74894926439,0.849489642704,0.463865546218,0.814492905316,0.428238537847,2.33333333333,1.90196078431,0.814492905316,2.33333333333,0,0,0,0,0.164242424242,17,17,17,1,0,0.352941176471,0.411764705882,0.235294117647,17,38,0.139705882353,1.9112745098,4.47058823529,3.45454545455,2.71428571429,1.90780132151,0.426745032443,0.210526315789,2.19457888229,0.981785289445,0.529411764706,1.82103719638,0.814674535221,0.442724458204,0.818815949297,0.42841357696,2.33333333333,1.9112745098,0.818815949297,2.33333333333,0.292156862745,0.149068322981,8,0.0117647058824,0.178506493506,17,17,17,1,0,0.352941176471,0.470588235294,0.176470588235,1,0.00367647058824,0.0289215686275,0.117647058824,0.0909090909091,-0.131868131868,0.214388477923,0.0377177575649,0.0165676512426,0.0959098362728,0.0175319439782,0.0111287758347,-0.0576356768785,-0.0484994876259,-0.0278637770898,0.0326183802047,0.0107461183794,0.0833333333333,0.0289215686275,0.0326183802047,0.0833333333333,0.125816993464,0.0878438331854,5,0.00735294117647,-0.00744588744589,0,0.0588235294118,-0.0588235294118,37,1,0,234,1,0.995744680851,0.00425531914894,0,0.973684210526,1,0.986666666667,0.984652666406,0.995744680851,0.973684210526,3,2,0,0,0,0
1486,WLNM_dir_neg,1,0.5,00:00:00,10,40,16,1982697589,threshold_sweep,0.1,1,1,1,2,0,0,4,1,1,0,0,1,1,1,1,0.555555555556,1,1,1,37,35,2,0,37,0,35,0,2,17,37,0.136029411765,1.88235294118,4.35294117647,3.36363636364,2.84615384615,1.69341284359,0.389027274878,0.193958664547,2.09866904602,0.964253345467,0.518282988871,1.87867287326,0.863174022847,0.470588235294,0.786197569093,0.41766745858,2.25,1.88235294118,0.786197569093,2.25,0.166339869281,0.0612244897959,3,0.00441176470588,0.185952380952,17,17,17,1,0,0.352941176471,0.411764705882,0.235294117647,17,0.128676470588,1.90196078431,4.11764705882,3.18181818182,2.69230769231,1.57648156274,0.382859808093,0.201680672269,2.01465221053,0.978545359402,0.524369747899,1.74894926439,0.849489642704,0.463865546218,0.814492905316,0.428238537847,2.33333333333,1.90196078431,0.814492905316,2.33333333333,0,0,0,0,0.164242424242,17,17,17,1,0,0.352941176471,0.411764705882,0.235294117647,17,37,0.136029411765,1.88235294118,4.35294117647,3.36363636364,2.84615384615,1.69341284359,0.389027274878,0.193958664547,2.09866904602,0.964253345467,0.518282988871,1.87867287326,0.863174022847,0.470588235294,0.786197569093,0.41766745858,2.25,1.88235294118,0.786197569093,2.25,0.166339869281,0.0612244897959,3,0.00441176470588,0.185952380952,17,17,17,1,0,0.352941176471,0.411764705882,0.235294117647,0,0,0,0,0,0,0,0,0,0,0,0,0,0,0,0,0,0,0,0,0,0,0,0,0,0,0,0,0,37,0,0,235,1,1,0,0,1,1,1,1,1,1,2,2,0,0,0,0
1487,WLNM_dir_neg,1,0.5,00:00:00,10,40,16,1982697589,threshold_sweep,0.2,1,1,1,2,0,0,4,1,1,0,0,1,1,1,1,0.555555555556,1,1,1,37,35,2,0,37,0,35,0,2,17,37,0.136029411765,1.88235294118,4.35294117647,3.36363636364,2.84615384615,1.69341284359,0.389027274878,0.193958664547,2.09866904602,0.964253345467,0.518282988871,1.87867287326,0.863174022847,0.470588235294,0.786197569093,0.41766745858,2.25,1.88235294118,0.786197569093,2.25,0.166339869281,0.0612244897959,3,0.00441176470588,0.185952380952,17,17,17,1,0,0.352941176471,0.411764705882,0.235294117647,17,0.128676470588,1.90196078431,4.11764705882,3.18181818182,2.69230769231,1.57648156274,0.382859808093,0.201680672269,2.01465221053,0.978545359402,0.524369747899,1.74894926439,0.849489642704,0.463865546218,0.814492905316,0.428238537847,2.33333333333,1.90196078431,0.814492905316,2.33333333333,0,0,0,0,0.164242424242,17,17,17,1,0,0.352941176471,0.411764705882,0.235294117647,17,37,0.136029411765,1.88235294118,4.35294117647,3.36363636364,2.84615384615,1.69341284359,0.389027274878,0.193958664547,2.09866904602,0.964253345467,0.518282988871,1.87867287326,0.863174022847,0.470588235294,0.786197569093,0.41766745858,2.25,1.88235294118,0.786197569093,2.25,0.166339869281,0.0612244897959,3,0.00441176470588,0.185952380952,17,17,17,1,0,0.352941176471,0.411764705882,0.235294117647,0,0,0,0,0,0,0,0,0,0,0,0,0,0,0,0,0,0,0,0,0,0,0,0,0,0,0,0,0,37,0,0,235,1,1,0,0,1,1,1,1,1,1,2,2,0,0,0,0
1488,WLNM_dir_neg,1,0.5,00:00:00,10,40,16,1982697589,threshold_sweep,0.3,1,1,1,2,0,0,4,1,1,0,0,1,1,1,1,0.555555555556,1,1,1,37,35,2,0,37,0,35,0,2,17,37,0.136029411765,1.88235294118,4.35294117647,3.36363636364,2.84615384615,1.69341284359,0.389027274878,0.193958664547,2.09866904602,0.964253345467,0.518282988871,1.87867287326,0.863174022847,0.470588235294,0.786197569093,0.41766745858,2.25,1.88235294118,0.786197569093,2.25,0.166339869281,0.0612244897959,3,0.00441176470588,0.185952380952,17,17,17,1,0,0.352941176471,0.411764705882,0.235294117647,17,0.128676470588,1.90196078431,4.11764705882,3.18181818182,2.69230769231,1.57648156274,0.382859808093,0.201680672269,2.01465221053,0.978545359402,0.524369747899,1.74894926439,0.849489642704,0.463865546218,0.814492905316,0.428238537847,2.33333333333,1.90196078431,0.814492905316,2.33333333333,0,0,0,0,0.164242424242,17,17,17,1,0,0.352941176471,0.411764705882,0.235294117647,17,37,0.136029411765,1.88235294118,4.35294117647,3.36363636364,2.84615384615,1.69341284359,0.389027274878,0.193958664547,2.09866904602,0.964253345467,0.518282988871,1.87867287326,0.863174022847,0.470588235294,0.786197569093,0.41766745858,2.25,1.88235294118,0.786197569093,2.25,0.166339869281,0.0612244897959,3,0.00441176470588,0.185952380952,17,17,17,1,0,0.352941176471,0.411764705882,0.235294117647,0,0,0,0,0,0,0,0,0,0,0,0,0,0,0,0,0,0,0,0,0,0,0,0,0,0,0,0,0,37,0,0,235,1,1,0,0,1,1,1,1,1,1,2,2,0,0,0,0
1489,WLNM_dir_neg,1,0.5,00:00:00,10,40,16,1982697589,threshold_sweep,0.4,1,1,1,2,0,0,4,1,1,0,0,1,1,1,1,0.555555555556,1,1,1,37,35,2,0,37,0,35,0,2,17,37,0.136029411765,1.88235294118,4.35294117647,3.36363636364,2.84615384615,1.69341284359,0.389027274878,0.193958664547,2.09866904602,0.964253345467,0.518282988871,1.87867287326,0.863174022847,0.470588235294,0.786197569093,0.41766745858,2.25,1.88235294118,0.786197569093,2.25,0.166339869281,0.0612244897959,3,0.00441176470588,0.185952380952,17,17,17,1,0,0.352941176471,0.411764705882,0.235294117647,17,0.128676470588,1.90196078431,4.11764705882,3.18181818182,2.69230769231,1.57648156274,0.382859808093,0.201680672269,2.01465221053,0.978545359402,0.524369747899,1.74894926439,0.849489642704,0.463865546218,0.814492905316,0.428238537847,2.33333333333,1.90196078431,0.814492905316,2.33333333333,0,0,0,0,0.164242424242,17,17,17,1,0,0.352941176471,0.411764705882,0.235294117647,17,37,0.136029411765,1.88235294118,4.35294117647,3.36363636364,2.84615384615,1.69341284359,0.389027274878,0.193958664547,2.09866904602,0.964253345467,0.518282988871,1.87867287326,0.863174022847,0.470588235294,0.786197569093,0.41766745858,2.25,1.88235294118,0.786197569093,2.25,0.166339869281,0.0612244897959,3,0.00441176470588,0.185952380952,17,17,17,1,0,0.352941176471,0.411764705882,0.235294117647,0,0,0,0,0,0,0,0,0,0,0,0,0,0,0,0,0,0,0,0,0,0,0,0,0,0,0,0,0,37,0,0,235,1,1,0,0,1,1,1,1,1,1,2,2,0,0,0,0
1490,WLNM_dir_neg,1,0.5,00:00:00,10,40,16,1982697589,threshold_sweep,0.5,1,1,1,2,0,0,4,1,1,0,0,1,1,1,1,0.555555555556,1,1,1,37,35,2,0,37,0,35,0,2,17,37,0.136029411765,1.88235294118,4.35294117647,3.36363636364,2.84615384615,1.69341284359,0.389027274878,0.193958664547,2.09866904602,0.964253345467,0.518282988871,1.87867287326,0.863174022847,0.470588235294,0.786197569093,0.41766745858,2.25,1.88235294118,0.786197569093,2.25,0.166339869281,0.0612244897959,3,0.00441176470588,0.185952380952,17,17,17,1,0,0.352941176471,0.411764705882,0.235294117647,17,0.128676470588,1.90196078431,4.11764705882,3.18181818182,2.69230769231,1.57648156274,0.382859808093,0.201680672269,2.01465221053,0.978545359402,0.524369747899,1.74894926439,0.849489642704,0.463865546218,0.814492905316,0.428238537847,2.33333333333,1.90196078431,0.814492905316,2.33333333333,0,0,0,0,0.164242424242,17,17,17,1,0,0.352941176471,0.411764705882,0.235294117647,17,37,0.136029411765,1.88235294118,4.35294117647,3.36363636364,2.84615384615,1.69341284359,0.389027274878,0.193958664547,2.09866904602,0.964253345467,0.518282988871,1.87867287326,0.863174022847,0.470588235294,0.786197569093,0.41766745858,2.25,1.88235294118,0.786197569093,2.25,0.166339869281,0.0612244897959,3,0.00441176470588,0.185952380952,17,17,17,1,0,0.352941176471,0.411764705882,0.235294117647,0,0,0,0,0,0,0,0,0,0,0,0,0,0,0,0,0,0,0,0,0,0,0,0,0,0,0,0,0,37,0,0,235,1,1,0,0,1,1,1,1,1,1,2,2,0,0,0,0
1491,WLNM_dir_neg,1,0.5,00:00:00,10,40,16,1982697589,threshold_sweep,0.6,1,1,1,2,0,0,4,1,1,0,0,1,1,1,1,0.555555555556,1,1,1,37,35,2,0,37,0,35,0,2,17,37,0.136029411765,1.88235294118,4.35294117647,3.36363636364,2.84615384615,1.69341284359,0.389027274878,0.193958664547,2.09866904602,0.964253345467,0.518282988871,1.87867287326,0.863174022847,0.470588235294,0.786197569093,0.41766745858,2.25,1.88235294118,0.786197569093,2.25,0.166339869281,0.0612244897959,3,0.00441176470588,0.185952380952,17,17,17,1,0,0.352941176471,0.411764705882,0.235294117647,17,0.128676470588,1.90196078431,4.11764705882,3.18181818182,2.69230769231,1.57648156274,0.382859808093,0.201680672269,2.01465221053,0.978545359402,0.524369747899,1.74894926439,0.849489642704,0.463865546218,0.814492905316,0.428238537847,2.33333333333,1.90196078431,0.814492905316,2.33333333333,0,0,0,0,0.164242424242,17,17,17,1,0,0.352941176471,0.411764705882,0.235294117647,17,37,0.136029411765,1.88235294118,4.35294117647,3.36363636364,2.84615384615,1.69341284359,0.389027274878,0.193958664547,2.09866904602,0.964253345467,0.518282988871,1.87867287326,0.863174022847,0.470588235294,0.786197569093,0.41766745858,2.25,1.88235294118,0.786197569093,2.25,0.166339869281,0.0612244897959,3,0.00441176470588,0.185952380952,17,17,17,1,0,0.352941176471,0.411764705882,0.235294117647,0,0,0,0,0,0,0,0,0,0,0,0,0,0,0,0,0,0,0,0,0,0,0,0,0,0,0,0,0,37,0,0,235,1,1,0,0,1,1,1,1,1,1,2,2,0,0,0,0
1492,WLNM_dir_neg,1,0.5,00:00:00,10,40,16,1982697589,threshold_sweep,0.7,1,1,1,2,0,0,4,1,1,0,0,1,1,1,1,0.555555555556,1,1,1,37,35,2,0,37,0,35,0,2,17,37,0.136029411765,1.88235294118,4.35294117647,3.36363636364,2.84615384615,1.69341284359,0.389027274878,0.193958664547,2.09866904602,0.964253345467,0.518282988871,1.87867287326,0.863174022847,0.470588235294,0.786197569093,0.41766745858,2.25,1.88235294118,0.786197569093,2.25,0.166339869281,0.0612244897959,3,0.00441176470588,0.185952380952,17,17,17,1,0,0.352941176471,0.411764705882,0.235294117647,17,0.128676470588,1.90196078431,4.11764705882,3.18181818182,2.69230769231,1.57648156274,0.382859808093,0.201680672269,2.01465221053,0.978545359402,0.524369747899,1.74894926439,0.849489642704,0.463865546218,0.814492905316,0.428238537847,2.33333333333,1.90196078431,0.814492905316,2.33333333333,0,0,0,0,0.164242424242,17,17,17,1,0,0.352941176471,0.411764705882,0.235294117647,17,37,0.136029411765,1.88235294118,4.35294117647,3.36363636364,2.84615384615,1.69341284359,0.389027274878,0.193958664547,2.09866904602,0.964253345467,0.518282988871,1.87867287326,0.863174022847,0.470588235294,0.786197569093,0.41766745858,2.25,1.88235294118,0.786197569093,2.25,0.166339869281,0.0612244897959,3,0.00441176470588,0.185952380952,17,17,17,1,0,0.352941176471,0.411764705882,0.235294117647,0,0,0,0,0,0,0,0,0,0,0,0,0,0,0,0,0,0,0,0,0,0,0,0,0,0,0,0,0,37,0,0,235,1,1,0,0,1,1,1,1,1,1,2,2,0,0,0,0
1493,WLNM_dir_neg,1,0.5,00:00:00,10,40,16,1982697589,threshold_sweep,0.8,1,1,1,2,0,0,4,1,1,0,0,1,1,1,1,0.555555555556,1,1,1,37,35,2,0,37,0,35,0,2,17,37,0.136029411765,1.88235294118,4.35294117647,3.36363636364,2.84615384615,1.69341284359,0.389027274878,0.193958664547,2.09866904602,0.964253345467,0.518282988871,1.87867287326,0.863174022847,0.470588235294,0.786197569093,0.41766745858,2.25,1.88235294118,0.786197569093,2.25,0.166339869281,0.0612244897959,3,0.00441176470588,0.185952380952,17,17,17,1,0,0.352941176471,0.411764705882,0.235294117647,17,0.128676470588,1.90196078431,4.11764705882,3.18181818182,2.69230769231,1.57648156274,0.382859808093,0.201680672269,2.01465221053,0.978545359402,0.524369747899,1.74894926439,0.849489642704,0.463865546218,0.814492905316,0.428238537847,2.33333333333,1.90196078431,0.814492905316,2.33333333333,0,0,0,0,0.164242424242,17,17,17,1,0,0.352941176471,0.411764705882,0.235294117647,17,37,0.136029411765,1.88235294118,4.35294117647,3.36363636364,2.84615384615,1.69341284359,0.389027274878,0.193958664547,2.09866904602,0.964253345467,0.518282988871,1.87867287326,0.863174022847,0.470588235294,0.786197569093,0.41766745858,2.25,1.88235294118,0.786197569093,2.25,0.166339869281,0.0612244897959,3,0.00441176470588,0.185952380952,17,17,17,1,0,0.352941176471,0.411764705882,0.235294117647,0,0,0,0,0,0,0,0,0,0,0,0,0,0,0,0,0,0,0,0,0,0,0,0,0,0,0,0,0,37,0,0,235,1,1,0,0,1,1,1,1,1,1,2,2,0,0,0,0
1494,WLNM_dir_neg,1,0.5,00:00:00,10,40,16,1982697589,threshold_sweep,0.9,1,1,1,2,0,0,4,1,1,0,0,1,1,1,1,0.555555555556,1,1,1,37,35,2,0,37,0,35,0,2,17,37,0.136029411765,1.88235294118,4.35294117647,3.36363636364,2.84615384615,1.69341284359,0.389027274878,0.193958664547,2.09866904602,0.964253345467,0.518282988871,1.87867287326,0.863174022847,0.470588235294,0.786197569093,0.41766745858,2.25,1.88235294118,0.786197569093,2.25,0.166339869281,0.0612244897959,3,0.00441176470588,0.185952380952,17,17,17,1,0,0.352941176471,0.411764705882,0.235294117647,17,0.128676470588,1.90196078431,4.11764705882,3.18181818182,2.69230769231,1.57648156274,0.382859808093,0.201680672269,2.01465221053,0.978545359402,0.524369747899,1.74894926439,0.849489642704,0.463865546218,0.814492905316,0.428238537847,2.33333333333,1.90196078431,0.814492905316,2.33333333333,0,0,0,0,0.164242424242,17,17,17,1,0,0.352941176471,0.411764705882,0.235294117647,17,37,0.136029411765,1.88235294118,4.35294117647,3.36363636364,2.84615384615,1.69341284359,0.389027274878,0.193958664547,2.09866904602,0.964253345467,0.518282988871,1.87867287326,0.863174022847,0.470588235294,0.786197569093,0.41766745858,2.25,1.88235294118,0.786197569093,2.25,0.166339869281,0.0612244897959,3,0.00441176470588,0.185952380952,17,17,17,1,0,0.352941176471,0.411764705882,0.235294117647,0,0,0,0,0,0,0,0,0,0,0,0,0,0,0,0,0,0,0,0,0,0,0,0,0,0,0,0,0,37,0,0,235,1,1,0,0,1,1,1,1,1,1,2,2,0,0,0,0
1495,WLNM_dir_neg,1,0.5,00:00:01,10,40,17,1982697590,threshold_sweep,0.1,0.666666666667,1,0.8,2,1,0,3,1,0.75,0.25,0,0.666666666667,1,0.8,0.833333333333,0.5,0.666666666667,0.707106781187,0.75,37,35,2,0,37,0,35,0,2,17,37,0.136029411765,1.88235294118,4.35294117647,3.36363636364,2.84615384615,1.69341284359,0.389027274878,0.193958664547,2.09866904602,0.964253345467,0.518282988871,1.87867287326,0.863174022847,0.470588235294,0.786197569093,0.41766745858,2.25,1.88235294118,0.786197569093,2.25,0.166339869281,0.0612244897959,3,0.00441176470588,0.185952380952,17,17,17,1,0,0.352941176471,0.411764705882,0.235294117647,17,0.128676470588,1.90196078431,4.11764705882,3.18181818182,2.69230769231,1.57648156274,0.382859808093,0.201680672269,2.01465221053,0.978545359402,0.524369747899,1.74894926439,0.849489642704,0.463865546218,0.814492905316,0.428238537847,2.33333333333,1.90196078431,0.814492905316,2.33333333333,0,0,0,0,0.164242424242,17,17,17,1,0,0.352941176471,0.411764705882,0.235294117647,17,38,0.139705882353,1.90992647059,4.47058823529,3.45454545455,2.71428571429,1.62471716996,0.36342357749,0.179566563467,2.07754096725,0.929426222189,0.501547987616,1.82103719638,0.814674535221,0.442724458204,0.833698985343,0.43650841966,2.375,1.90992647059,0.833698985343,2.375,0.146405228758,0.078431372549,4,0.00588235294118,0.183528138528,17,17,17,1,0,0.352941176471,0.470588235294,0.176470588235,1,0.00367647058824,0.0275735294118,0.117647058824,0.0909090909091,-0.131868131868,-0.0686956736295,-0.0256036973876,-0.0143921010794,-0.0211280787694,-0.0348271232775,-0.0167350012551,-0.0576356768785,-0.0484994876259,-0.0278637770898,0.0475014162503,0.0188409610794,0.125,0.0275735294118,0.0475014162503,0.125,-0.0199346405229,0.0172068827531,1,0.00147058823529,-0.00242424242424,0,0.0588235294118,-0.0588235294118,37,1,0,234,1,0.995744680851,0.00425531914894,0,0.973684210526,1,0.986666666667,0.984652666406,0.995744680851,0.973684210526,3,2,0,0,0,0
1496,WLNM_dir_neg,1,0.5,00:00:01,10,40,17,1982697590,threshold_sweep,0.2,0.666666666667,1,0.8,2,1,0,3,1,0.75,0.25,0,0.666666666667,1,0.8,0.833333333333,0.5,0.666666666667,0.707106781187,0.75,37,35,2,0,37,0,35,0,2,17,37,0.136029411765,1.88235294118,4.35294117647,3.36363636364,2.84615384615,1.69341284359,0.389027274878,0.193958664547,2.09866904602,0.964253345467,0.518282988871,1.87867287326,0.863174022847,0.470588235294,0.786197569093,0.41766745858,2.25,1.88235294118,0.786197569093,2.25,0.166339869281,0.0612244897959,3,0.00441176470588,0.185952380952,17,17,17,1,0,0.352941176471,0.411764705882,0.235294117647,17,0.128676470588,1.90196078431,4.11764705882,3.18181818182,2.69230769231,1.57648156274,0.382859808093,0.201680672269,2.01465221053,0.978545359402,0.524369747899,1.74894926439,0.849489642704,0.463865546218,0.814492905316,0.428238537847,2.33333333333,1.90196078431,0.814492905316,2.33333333333,0,0,0,0,0.164242424242,17,17,17,1,0,0.352941176471,0.411764705882,0.235294117647,17,38,0.139705882353,1.90992647059,4.47058823529,3.45454545455,2.71428571429,1.62471716996,0.36342357749,0.179566563467,2.07754096725,0.929426222189,0.501547987616,1.82103719638,0.814674535221,0.442724458204,0.833698985343,0.43650841966,2.375,1.90992647059,0.833698985343,2.375,0.146405228758,0.078431372549,4,0.00588235294118,0.183528138528,17,17,17,1,0,0.352941176471,0.470588235294,0.176470588235,1,0.00367647058824,0.0275735294118,0.117647058824,0.0909090909091,-0.131868131868,-0.0686956736295,-0.0256036973876,-0.0143921010794,-0.0211280787694,-0.0348271232775,-0.0167350012551,-0.0576356768785,-0.0484994876259,-0.0278637770898,0.0475014162503,0.0188409610794,0.125,0.0275735294118,0.0475014162503,0.125,-0.0199346405229,0.0172068827531,1,0.00147058823529,-0.00242424242424,0,0.0588235294118,-0.0588235294118,37,1,0,234,1,0.995744680851,0.00425531914894,0,0.973684210526,1,0.986666666667,0.984652666406,0.995744680851,0.973684210526,3,2,0,0,0,0
1497,WLNM_dir_neg,1,0.5,00:00:01,10,40,17,1982697590,threshold_sweep,0.3,0.666666666667,1,0.8,2,1,0,3,1,0.75,0.25,0,0.666666666667,1,0.8,0.833333333333,0.5,0.666666666667,0.707106781187,0.75,37,35,2,0,37,0,35,0,2,17,37,0.136029411765,1.88235294118,4.35294117647,3.36363636364,2.84615384615,1.69341284359,0.389027274878,0.193958664547,2.09866904602,0.964253345467,0.518282988871,1.87867287326,0.863174022847,0.470588235294,0.786197569093,0.41766745858,2.25,1.88235294118,0.786197569093,2.25,0.166339869281,0.0612244897959,3,0.00441176470588,0.185952380952,17,17,17,1,0,0.352941176471,0.411764705882,0.235294117647,17,0.128676470588,1.90196078431,4.11764705882,3.18181818182,2.69230769231,1.57648156274,0.382859808093,0.201680672269,2.01465221053,0.978545359402,0.524369747899,1.74894926439,0.849489642704,0.463865546218,0.814492905316,0.428238537847,2.33333333333,1.90196078431,0.814492905316,2.33333333333,0,0,0,0,0.164242424242,17,17,17,1,0,0.352941176471,0.411764705882,0.235294117647,17,38,0.139705882353,1.90992647059,4.47058823529,3.45454545455,2.71428571429,1.62471716996,0.36342357749,0.179566563467,2.07754096725,0.929426222189,0.501547987616,1.82103719638,0.814674535221,0.442724458204,0.833698985343,0.43650841966,2.375,1.90992647059,0.833698985343,2.375,0.146405228758,0.078431372549,4,0.00588235294118,0.183528138528,17,17,17,1,0,0.352941176471,0.470588235294,0.176470588235,1,0.00367647058824,0.0275735294118,0.117647058824,0.0909090909091,-0.131868131868,-0.0686956736295,-0.0256036973876,-0.0143921010794,-0.0211280787694,-0.0348271232775,-0.0167350012551,-0.0576356768785,-0.0484994876259,-0.0278637770898,0.0475014162503,0.0188409610794,0.125,0.0275735294118,0.0475014162503,0.125,-0.0199346405229,0.0172068827531,1,0.00147058823529,-0.00242424242424,0,0.0588235294118,-0.0588235294118,37,1,0,234,1,0.995744680851,0.00425531914894,0,0.973684210526,1,0.986666666667,0.984652666406,0.995744680851,0.973684210526,3,2,0,0,0,0
1498,WLNM_dir_neg,1,0.5,00:00:01,10,40,17,1982697590,threshold_sweep,0.4,0.666666666667,1,0.8,2,1,0,3,1,0.75,0.25,0,0.666666666667,1,0.8,0.833333333333,0.5,0.666666666667,0.707106781187,0.75,37,35,2,0,37,0,35,0,2,17,37,0.136029411765,1.88235294118,4.35294117647,3.36363636364,2.84615384615,1.69341284359,0.389027274878,0.193958664547,2.09866904602,0.964253345467,0.518282988871,1.87867287326,0.863174022847,0.470588235294,0.786197569093,0.41766745858,2.25,1.88235294118,0.786197569093,2.25,0.166339869281,0.0612244897959,3,0.00441176470588,0.185952380952,17,17,17,1,0,0.352941176471,0.411764705882,0.235294117647,17,0.128676470588,1.90196078431,4.11764705882,3.18181818182,2.69230769231,1.57648156274,0.382859808093,0.201680672269,2.01465221053,0.978545359402,0.524369747899,1.74894926439,0.849489642704,0.463865546218,0.814492905316,0.428238537847,2.33333333333,1.90196078431,0.814492905316,2.33333333333,0,0,0,0,0.164242424242,17,17,17,1,0,0.352941176471,0.411764705882,0.235294117647,17,38,0.139705882353,1.90992647059,4.47058823529,3.45454545455,2.71428571429,1.62471716996,0.36342357749,0.179566563467,2.07754096725,0.929426222189,0.501547987616,1.82103719638,0.814674535221,0.442724458204,0.833698985343,0.43650841966,2.375,1.90992647059,0.833698985343,2.375,0.146405228758,0.078431372549,4,0.00588235294118,0.183528138528,17,17,17,1,0,0.352941176471,0.470588235294,0.176470588235,1,0.00367647058824,0.0275735294118,0.117647058824,0.0909090909091,-0.131868131868,-0.0686956736295,-0.0256036973876,-0.0143921010794,-0.0211280787694,-0.0348271232775,-0.0167350012551,-0.0576356768785,-0.0484994876259,-0.0278637770898,0.0475014162503,0.0188409610794,0.125,0.0275735294118,0.0475014162503,0.125,-0.0199346405229,0.0172068827531,1,0.00147058823529,-0.00242424242424,0,0.0588235294118,-0.0588235294118,37,1,0,234,1,0.995744680851,0.00425531914894,0,0.973684210526,1,0.986666666667,0.984652666406,0.995744680851,0.973684210526,3,2,0,0,0,0
1499,WLNM_dir_neg,1,0.5,00:00:01,10,40,17,1982697590,threshold_sweep,0.5,0.666666666667,1,0.8,2,1,0,3,1,0.75,0.25,0,0.666666666667,1,0.8,0.833333333333,0.5,0.666666666667,0.707106781187,0.75,37,35,2,0,37,0,35,0,2,17,37,0.136029411765,1.88235294118,4.35294117647,3.36363636364,2.84615384615,1.69341284359,0.389027274878,0.193958664547,2.09866904602,0.964253345467,0.518282988871,1.87867287326,0.863174022847,0.470588235294,0.786197569093,0.41766745858,2.25,1.88235294118,0.786197569093,2.25,0.166339869281,0.0612244897959,3,0.00441176470588,0.185952380952,17,17,17,1,0,0.352941176471,0.411764705882,0.235294117647,17,0.128676470588,1.90196078431,4.11764705882,3.18181818182,2.69230769231,1.57648156274,0.382859808093,0.201680672269,2.01465221053,0.978545359402,0.524369747899,1.74894926439,0.849489642704,0.463865546218,0.814492905316,0.428238537847,2.33333333333,1.90196078431,0.814492905316,2.33333333333,0,0,0,0,0.164242424242,17,17,17,1,0,0.352941176471,0.411764705882,0.235294117647,17,38,0.139705882353,1.90992647059,4.47058823529,3.45454545455,2.71428571429,1.62471716996,0.36342357749,0.179566563467,2.07754096725,0.929426222189,0.501547987616,1.82103719638,0.814674535221,0.442724458204,0.833698985343,0.43650841966,2.375,1.90992647059,0.833698985343,2.375,0.146405228758,0.078431372549,4,0.00588235294118,0.183528138528,17,17,17,1,0,0.352941176471,0.470588235294,0.176470588235,1,0.00367647058824,0.0275735294118,0.117647058824,0.0909090909091,-0.131868131868,-0.0686956736295,-0.0256036973876,-0.0143921010794,-0.0211280787694,-0.0348271232775,-0.0167350012551,-0.0576356768785,-0.0484994876259,-0.0278637770898,0.0475014162503,0.0188409610794,0.125,0.0275735294118,0.0475014162503,0.125,-0.0199346405229,0.0172068827531,1,0.00147058823529,-0.00242424242424,0,0.0588235294118,-0.0588235294118,37,1,0,234,1,0.995744680851,0.00425531914894,0,0.973684210526,1,0.986666666667,0.984652666406,0.995744680851,0.973684210526,3,2,0,0,0,0
1500,WLNM_dir_neg,1,0.5,00:00:01,10,40,17,1982697590,threshold_sweep,0.6,0.666666666667,1,0.8,2,1,0,3,1,0.75,0.25,0,0.666666666667,1,0.8,0.833333333333,0.5,0.666666666667,0.707106781187,0.75,37,35,2,0,37,0,35,0,2,17,37,0.136029411765,1.88235294118,4.35294117647,3.36363636364,2.84615384615,1.69341284359,0.389027274878,0.193958664547,2.09866904602,0.964253345467,0.518282988871,1.87867287326,0.863174022847,0.470588235294,0.786197569093,0.41766745858,2.25,1.88235294118,0.786197569093,2.25,0.166339869281,0.0612244897959,3,0.00441176470588,0.185952380952,17,17,17,1,0,0.352941176471,0.411764705882,0.235294117647,17,0.128676470588,1.90196078431,4.11764705882,3.18181818182,2.69230769231,1.57648156274,0.382859808093,0.201680672269,2.01465221053,0.978545359402,0.524369747899,1.74894926439,0.849489642704,0.463865546218,0.814492905316,0.428238537847,2.33333333333,1.90196078431,0.814492905316,2.33333333333,0,0,0,0,0.164242424242,17,17,17,1,0,0.352941176471,0.411764705882,0.235294117647,17,38,0.139705882353,1.90992647059,4.47058823529,3.45454545455,2.71428571429,1.62471716996,0.36342357749,0.179566563467,2.07754096725,0.929426222189,0.501547987616,1.82103719638,0.814674535221,0.442724458204,0.833698985343,0.43650841966,2.375,1.90992647059,0.833698985343,2.375,0.146405228758,0.078431372549,4,0.00588235294118,0.183528138528,17,17,17,1,0,0.352941176471,0.470588235294,0.176470588235,1,0.00367647058824,0.0275735294118,0.117647058824,0.0909090909091,-0.131868131868,-0.0686956736295,-0.0256036973876,-0.0143921010794,-0.0211280787694,-0.0348271232775,-0.0167350012551,-0.0576356768785,-0.0484994876259,-0.0278637770898,0.0475014162503,0.0188409610794,0.125,0.0275735294118,0.0475014162503,0.125,-0.0199346405229,0.0172068827531,1,0.00147058823529,-0.00242424242424,0,0.0588235294118,-0.0588235294118,37,1,0,234,1,0.995744680851,0.00425531914894,0,0.973684210526,1,0.986666666667,0.984652666406,0.995744680851,0.973684210526,3,2,0,0,0,0
1501,WLNM_dir_neg,1,0.5,00:00:01,10,40,17,1982697590,threshold_sweep,0.7,0.666666666667,1,0.8,2,1,0,3,1,0.75,0.25,0,0.666666666667,1,0.8,0.833333333333,0.5,0.666666666667,0.707106781187,0.75,37,35,2,0,37,0,35,0,2,17,37,0.136029411765,1.88235294118,4.35294117647,3.36363636364,2.84615384615,1.69341284359,0.389027274878,0.193958664547,2.09866904602,0.964253345467,0.518282988871,1.87867287326,0.863174022847,0.470588235294,0.786197569093,0.41766745858,2.25,1.88235294118,0.786197569093,2.25,0.166339869281,0.0612244897959,3,0.00441176470588,0.185952380952,17,17,17,1,0,0.352941176471,0.411764705882,0.235294117647,17,0.128676470588,1.90196078431,4.11764705882,3.18181818182,2.69230769231,1.57648156274,0.382859808093,0.201680672269,2.01465221053,0.978545359402,0.524369747899,1.74894926439,0.849489642704,0.463865546218,0.814492905316,0.428238537847,2.33333333333,1.90196078431,0.814492905316,2.33333333333,0,0,0,0,0.164242424242,17,17,17,1,0,0.352941176471,0.411764705882,0.235294117647,17,38,0.139705882353,1.90992647059,4.47058823529,3.45454545455,2.71428571429,1.62471716996,0.36342357749,0.179566563467,2.07754096725,0.929426222189,0.501547987616,1.82103719638,0.814674535221,0.442724458204,0.833698985343,0.43650841966,2.375,1.90992647059,0.833698985343,2.375,0.146405228758,0.078431372549,4,0.00588235294118,0.183528138528,17,17,17,1,0,0.352941176471,0.470588235294,0.176470588235,1,0.00367647058824,0.0275735294118,0.117647058824,0.0909090909091,-0.131868131868,-0.0686956736295,-0.0256036973876,-0.0143921010794,-0.0211280787694,-0.0348271232775,-0.0167350012551,-0.0576356768785,-0.0484994876259,-0.0278637770898,0.0475014162503,0.0188409610794,0.125,0.0275735294118,0.0475014162503,0.125,-0.0199346405229,0.0172068827531,1,0.00147058823529,-0.00242424242424,0,0.0588235294118,-0.0588235294118,37,1,0,234,1,0.995744680851,0.00425531914894,0,0.973684210526,1,0.986666666667,0.984652666406,0.995744680851,0.973684210526,3,2,0,0,0,0
1502,WLNM_dir_neg,1,0.5,00:00:01,10,40,17,1982697590,threshold_sweep,0.8,0.666666666667,1,0.8,2,1,0,3,1,0.75,0.25,0,0.666666666667,1,0.8,0.833333333333,0.5,0.666666666667,0.707106781187,0.75,37,35,2,0,37,0,35,0,2,17,37,0.136029411765,1.88235294118,4.35294117647,3.36363636364,2.84615384615,1.69341284359,0.389027274878,0.193958664547,2.09866904602,0.964253345467,0.518282988871,1.87867287326,0.863174022847,0.470588235294,0.786197569093,0.41766745858,2.25,1.88235294118,0.786197569093,2.25,0.166339869281,0.0612244897959,3,0.00441176470588,0.185952380952,17,17,17,1,0,0.352941176471,0.411764705882,0.235294117647,17,0.128676470588,1.90196078431,4.11764705882,3.18181818182,2.69230769231,1.57648156274,0.382859808093,0.201680672269,2.01465221053,0.978545359402,0.524369747899,1.74894926439,0.849489642704,0.463865546218,0.814492905316,0.428238537847,2.33333333333,1.90196078431,0.814492905316,2.33333333333,0,0,0,0,0.164242424242,17,17,17,1,0,0.352941176471,0.411764705882,0.235294117647,17,38,0.139705882353,1.90992647059,4.47058823529,3.45454545455,2.71428571429,1.62471716996,0.36342357749,0.179566563467,2.07754096725,0.929426222189,0.501547987616,1.82103719638,0.814674535221,0.442724458204,0.833698985343,0.43650841966,2.375,1.90992647059,0.833698985343,2.375,0.146405228758,0.078431372549,4,0.00588235294118,0.183528138528,17,17,17,1,0,0.352941176471,0.470588235294,0.176470588235,1,0.00367647058824,0.0275735294118,0.117647058824,0.0909090909091,-0.131868131868,-0.0686956736295,-0.0256036973876,-0.0143921010794,-0.0211280787694,-0.0348271232775,-0.0167350012551,-0.0576356768785,-0.0484994876259,-0.0278637770898,0.0475014162503,0.0188409610794,0.125,0.0275735294118,0.0475014162503,0.125,-0.0199346405229,0.0172068827531,1,0.00147058823529,-0.00242424242424,0,0.0588235294118,-0.0588235294118,37,1,0,234,1,0.995744680851,0.00425531914894,0,0.973684210526,1,0.986666666667,0.984652666406,0.995744680851,0.973684210526,3,2,0,0,0,0
1503,WLNM_dir_neg,1,0.5,00:00:01,10,40,17,1982697590,threshold_sweep,0.9,0.666666666667,1,0.8,2,1,0,3,1,0.75,0.25,0,0.666666666667,1,0.8,0.833333333333,0.5,0.666666666667,0.707106781187,0.75,37,35,2,0,37,0,35,0,2,17,37,0.136029411765,1.88235294118,4.35294117647,3.36363636364,2.84615384615,1.69341284359,0.389027274878,0.193958664547,2.09866904602,0.964253345467,0.518282988871,1.87867287326,0.863174022847,0.470588235294,0.786197569093,0.41766745858,2.25,1.88235294118,0.786197569093,2.25,0.166339869281,0.0612244897959,3,0.00441176470588,0.185952380952,17,17,17,1,0,0.352941176471,0.411764705882,0.235294117647,17,0.128676470588,1.90196078431,4.11764705882,3.18181818182,2.69230769231,1.57648156274,0.382859808093,0.201680672269,2.01465221053,0.978545359402,0.524369747899,1.74894926439,0.849489642704,0.463865546218,0.814492905316,0.428238537847,2.33333333333,1.90196078431,0.814492905316,2.33333333333,0,0,0,0,0.164242424242,17,17,17,1,0,0.352941176471,0.411764705882,0.235294117647,17,38,0.139705882353,1.90992647059,4.47058823529,3.45454545455,2.71428571429,1.62471716996,0.36342357749,0.179566563467,2.07754096725,0.929426222189,0.501547987616,1.82103719638,0.814674535221,0.442724458204,0.833698985343,0.43650841966,2.375,1.90992647059,0.833698985343,2.375,0.146405228758,0.078431372549,4,0.00588235294118,0.183528138528,17,17,17,1,0,0.352941176471,0.470588235294,0.176470588235,1,0.00367647058824,0.0275735294118,0.117647058824,0.0909090909091,-0.131868131868,-0.0686956736295,-0.0256036973876,-0.0143921010794,-0.0211280787694,-0.0348271232775,-0.0167350012551,-0.0576356768785,-0.0484994876259,-0.0278637770898,0.0475014162503,0.0188409610794,0.125,0.0275735294118,0.0475014162503,0.125,-0.0199346405229,0.0172068827531,1,0.00147058823529,-0.00242424242424,0,0.0588235294118,-0.0588235294118,37,1,0,234,1,0.995744680851,0.00425531914894,0,0.973684210526,1,0.986666666667,0.984652666406,0.995744680851,0.973684210526,3,2,0,0,0,0
1504,WLNM_dir_neg,1,0.5,00:00:00,10,40,18,1982697591,threshold_sweep,0.1,1,1,1,2,0,0,4,1,1,0,0,1,1,1,1,0.555555555556,1,1,1,37,35,2,0,37,0,35,0,2,17,37,0.136029411765,1.88235294118,4.35294117647,3.36363636364,2.84615384615,1.69341284359,0.389027274878,0.193958664547,2.09866904602,0.964253345467,0.518282988871,1.87867287326,0.863174022847,0.470588235294,0.786197569093,0.41766745858,2.25,1.88235294118,0.786197569093,2.25,0.166339869281,0.0612244897959,3,0.00441176470588,0.185952380952,17,17,17,1,0,0.352941176471,0.411764705882,0.235294117647,17,0.128676470588,1.90196078431,4.11764705882,3.18181818182,2.69230769231,1.57648156274,0.382859808093,0.201680672269,2.01465221053,0.978545359402,0.524369747899,1.74894926439,0.849489642704,0.463865546218,0.814492905316,0.428238537847,2.33333333333,1.90196078431,0.814492905316,2.33333333333,0,0,0,0,0.164242424242,17,17,17,1,0,0.352941176471,0.411764705882,0.235294117647,17,37,0.136029411765,1.88235294118,4.35294117647,3.36363636364,2.84615384615,1.69341284359,0.389027274878,0.193958664547,2.09866904602,0.964253345467,0.518282988871,1.87867287326,0.863174022847,0.470588235294,0.786197569093,0.41766745858,2.25,1.88235294118,0.786197569093,2.25,0.166339869281,0.0612244897959,3,0.00441176470588,0.185952380952,17,17,17,1,0,0.352941176471,0.411764705882,0.235294117647,0,0,0,0,0,0,0,0,0,0,0,0,0,0,0,0,0,0,0,0,0,0,0,0,0,0,0,0,0,37,0,0,235,1,1,0,0,1,1,1,1,1,1,2,2,0,0,0,0
1505,WLNM_dir_neg,1,0.5,00:00:00,10,40,18,1982697591,threshold_sweep,0.2,1,1,1,2,0,0,4,1,1,0,0,1,1,1,1,0.555555555556,1,1,1,37,35,2,0,37,0,35,0,2,17,37,0.136029411765,1.88235294118,4.35294117647,3.36363636364,2.84615384615,1.69341284359,0.389027274878,0.193958664547,2.09866904602,0.964253345467,0.518282988871,1.87867287326,0.863174022847,0.470588235294,0.786197569093,0.41766745858,2.25,1.88235294118,0.786197569093,2.25,0.166339869281,0.0612244897959,3,0.00441176470588,0.185952380952,17,17,17,1,0,0.352941176471,0.411764705882,0.235294117647,17,0.128676470588,1.90196078431,4.11764705882,3.18181818182,2.69230769231,1.57648156274,0.382859808093,0.201680672269,2.01465221053,0.978545359402,0.524369747899,1.74894926439,0.849489642704,0.463865546218,0.814492905316,0.428238537847,2.33333333333,1.90196078431,0.814492905316,2.33333333333,0,0,0,0,0.164242424242,17,17,17,1,0,0.352941176471,0.411764705882,0.235294117647,17,37,0.136029411765,1.88235294118,4.35294117647,3.36363636364,2.84615384615,1.69341284359,0.389027274878,0.193958664547,2.09866904602,0.964253345467,0.518282988871,1.87867287326,0.863174022847,0.470588235294,0.786197569093,0.41766745858,2.25,1.88235294118,0.786197569093,2.25,0.166339869281,0.0612244897959,3,0.00441176470588,0.185952380952,17,17,17,1,0,0.352941176471,0.411764705882,0.235294117647,0,0,0,0,0,0,0,0,0,0,0,0,0,0,0,0,0,0,0,0,0,0,0,0,0,0,0,0,0,37,0,0,235,1,1,0,0,1,1,1,1,1,1,2,2,0,0,0,0
1506,WLNM_dir_neg,1,0.5,00:00:00,10,40,18,1982697591,threshold_sweep,0.3,1,1,1,2,0,0,4,1,1,0,0,1,1,1,1,0.555555555556,1,1,1,37,35,2,0,37,0,35,0,2,17,37,0.136029411765,1.88235294118,4.35294117647,3.36363636364,2.84615384615,1.69341284359,0.389027274878,0.193958664547,2.09866904602,0.964253345467,0.518282988871,1.87867287326,0.863174022847,0.470588235294,0.786197569093,0.41766745858,2.25,1.88235294118,0.786197569093,2.25,0.166339869281,0.0612244897959,3,0.00441176470588,0.185952380952,17,17,17,1,0,0.352941176471,0.411764705882,0.235294117647,17,0.128676470588,1.90196078431,4.11764705882,3.18181818182,2.69230769231,1.57648156274,0.382859808093,0.201680672269,2.01465221053,0.978545359402,0.524369747899,1.74894926439,0.849489642704,0.463865546218,0.814492905316,0.428238537847,2.33333333333,1.90196078431,0.814492905316,2.33333333333,0,0,0,0,0.164242424242,17,17,17,1,0,0.352941176471,0.411764705882,0.235294117647,17,37,0.136029411765,1.88235294118,4.35294117647,3.36363636364,2.84615384615,1.69341284359,0.389027274878,0.193958664547,2.09866904602,0.964253345467,0.518282988871,1.87867287326,0.863174022847,0.470588235294,0.786197569093,0.41766745858,2.25,1.88235294118,0.786197569093,2.25,0.166339869281,0.0612244897959,3,0.00441176470588,0.185952380952,17,17,17,1,0,0.352941176471,0.411764705882,0.235294117647,0,0,0,0,0,0,0,0,0,0,0,0,0,0,0,0,0,0,0,0,0,0,0,0,0,0,0,0,0,37,0,0,235,1,1,0,0,1,1,1,1,1,1,2,2,0,0,0,0
1507,WLNM_dir_neg,1,0.5,00:00:00,10,40,18,1982697591,threshold_sweep,0.4,1,1,1,2,0,0,4,1,1,0,0,1,1,1,1,0.555555555556,1,1,1,37,35,2,0,37,0,35,0,2,17,37,0.136029411765,1.88235294118,4.35294117647,3.36363636364,2.84615384615,1.69341284359,0.389027274878,0.193958664547,2.09866904602,0.964253345467,0.518282988871,1.87867287326,0.863174022847,0.470588235294,0.786197569093,0.41766745858,2.25,1.88235294118,0.786197569093,2.25,0.166339869281,0.0612244897959,3,0.00441176470588,0.185952380952,17,17,17,1,0,0.352941176471,0.411764705882,0.235294117647,17,0.128676470588,1.90196078431,4.11764705882,3.18181818182,2.69230769231,1.57648156274,0.382859808093,0.201680672269,2.01465221053,0.978545359402,0.524369747899,1.74894926439,0.849489642704,0.463865546218,0.814492905316,0.428238537847,2.33333333333,1.90196078431,0.814492905316,2.33333333333,0,0,0,0,0.164242424242,17,17,17,1,0,0.352941176471,0.411764705882,0.235294117647,17,37,0.136029411765,1.88235294118,4.35294117647,3.36363636364,2.84615384615,1.69341284359,0.389027274878,0.193958664547,2.09866904602,0.964253345467,0.518282988871,1.87867287326,0.863174022847,0.470588235294,0.786197569093,0.41766745858,2.25,1.88235294118,0.786197569093,2.25,0.166339869281,0.0612244897959,3,0.00441176470588,0.185952380952,17,17,17,1,0,0.352941176471,0.411764705882,0.235294117647,0,0,0,0,0,0,0,0,0,0,0,0,0,0,0,0,0,0,0,0,0,0,0,0,0,0,0,0,0,37,0,0,235,1,1,0,0,1,1,1,1,1,1,2,2,0,0,0,0
1508,WLNM_dir_neg,1,0.5,00:00:00,10,40,18,1982697591,threshold_sweep,0.5,1,1,1,2,0,0,4,1,1,0,0,1,1,1,1,0.555555555556,1,1,1,37,35,2,0,37,0,35,0,2,17,37,0.136029411765,1.88235294118,4.35294117647,3.36363636364,2.84615384615,1.69341284359,0.389027274878,0.193958664547,2.09866904602,0.964253345467,0.518282988871,1.87867287326,0.863174022847,0.470588235294,0.786197569093,0.41766745858,2.25,1.88235294118,0.786197569093,2.25,0.166339869281,0.0612244897959,3,0.00441176470588,0.185952380952,17,17,17,1,0,0.352941176471,0.411764705882,0.235294117647,17,0.128676470588,1.90196078431,4.11764705882,3.18181818182,2.69230769231,1.57648156274,0.382859808093,0.201680672269,2.01465221053,0.978545359402,0.524369747899,1.74894926439,0.849489642704,0.463865546218,0.814492905316,0.428238537847,2.33333333333,1.90196078431,0.814492905316,2.33333333333,0,0,0,0,0.164242424242,17,17,17,1,0,0.352941176471,0.411764705882,0.235294117647,17,37,0.136029411765,1.88235294118,4.35294117647,3.36363636364,2.84615384615,1.69341284359,0.389027274878,0.193958664547,2.09866904602,0.964253345467,0.518282988871,1.87867287326,0.863174022847,0.470588235294,0.786197569093,0.41766745858,2.25,1.88235294118,0.786197569093,2.25,0.166339869281,0.0612244897959,3,0.00441176470588,0.185952380952,17,17,17,1,0,0.352941176471,0.411764705882,0.235294117647,0,0,0,0,0,0,0,0,0,0,0,0,0,0,0,0,0,0,0,0,0,0,0,0,0,0,0,0,0,37,0,0,235,1,1,0,0,1,1,1,1,1,1,2,2,0,0,0,0
1509,WLNM_dir_neg,1,0.5,00:00:00,10,40,18,1982697591,threshold_sweep,0.6,1,1,1,2,0,0,4,1,1,0,0,1,1,1,1,0.555555555556,1,1,1,37,35,2,0,37,0,35,0,2,17,37,0.136029411765,1.88235294118,4.35294117647,3.36363636364,2.84615384615,1.69341284359,0.389027274878,0.193958664547,2.09866904602,0.964253345467,0.518282988871,1.87867287326,0.863174022847,0.470588235294,0.786197569093,0.41766745858,2.25,1.88235294118,0.786197569093,2.25,0.166339869281,0.0612244897959,3,0.00441176470588,0.185952380952,17,17,17,1,0,0.352941176471,0.411764705882,0.235294117647,17,0.128676470588,1.90196078431,4.11764705882,3.18181818182,2.69230769231,1.57648156274,0.382859808093,0.201680672269,2.01465221053,0.978545359402,0.524369747899,1.74894926439,0.849489642704,0.463865546218,0.814492905316,0.428238537847,2.33333333333,1.90196078431,0.814492905316,2.33333333333,0,0,0,0,0.164242424242,17,17,17,1,0,0.352941176471,0.411764705882,0.235294117647,17,37,0.136029411765,1.88235294118,4.35294117647,3.36363636364,2.84615384615,1.69341284359,0.389027274878,0.193958664547,2.09866904602,0.964253345467,0.518282988871,1.87867287326,0.863174022847,0.470588235294,0.786197569093,0.41766745858,2.25,1.88235294118,0.786197569093,2.25,0.166339869281,0.0612244897959,3,0.00441176470588,0.185952380952,17,17,17,1,0,0.352941176471,0.411764705882,0.235294117647,0,0,0,0,0,0,0,0,0,0,0,0,0,0,0,0,0,0,0,0,0,0,0,0,0,0,0,0,0,37,0,0,235,1,1,0,0,1,1,1,1,1,1,2,2,0,0,0,0
1510,WLNM_dir_neg,1,0.5,00:00:00,10,40,18,1982697591,threshold_sweep,0.7,1,1,1,2,0,0,4,1,1,0,0,1,1,1,1,0.555555555556,1,1,1,37,35,2,0,37,0,35,0,2,17,37,0.136029411765,1.88235294118,4.35294117647,3.36363636364,2.84615384615,1.69341284359,0.389027274878,0.193958664547,2.09866904602,0.964253345467,0.518282988871,1.87867287326,0.863174022847,0.470588235294,0.786197569093,0.41766745858,2.25,1.88235294118,0.786197569093,2.25,0.166339869281,0.0612244897959,3,0.00441176470588,0.185952380952,17,17,17,1,0,0.352941176471,0.411764705882,0.235294117647,17,0.128676470588,1.90196078431,4.11764705882,3.18181818182,2.69230769231,1.57648156274,0.382859808093,0.201680672269,2.01465221053,0.978545359402,0.524369747899,1.74894926439,0.849489642704,0.463865546218,0.814492905316,0.428238537847,2.33333333333,1.90196078431,0.814492905316,2.33333333333,0,0,0,0,0.164242424242,17,17,17,1,0,0.352941176471,0.411764705882,0.235294117647,17,37,0.136029411765,1.88235294118,4.35294117647,3.36363636364,2.84615384615,1.69341284359,0.389027274878,0.193958664547,2.09866904602,0.964253345467,0.518282988871,1.87867287326,0.863174022847,0.470588235294,0.786197569093,0.41766745858,2.25,1.88235294118,0.786197569093,2.25,0.166339869281,0.0612244897959,3,0.00441176470588,0.185952380952,17,17,17,1,0,0.352941176471,0.411764705882,0.235294117647,0,0,0,0,0,0,0,0,0,0,0,0,0,0,0,0,0,0,0,0,0,0,0,0,0,0,0,0,0,37,0,0,235,1,1,0,0,1,1,1,1,1,1,2,2,0,0,0,0
1511,WLNM_dir_neg,1,0.5,00:00:00,10,40,18,1982697591,threshold_sweep,0.8,1,1,1,2,0,0,4,1,1,0,0,1,1,1,1,0.555555555556,1,1,1,37,35,2,0,37,0,35,0,2,17,37,0.136029411765,1.88235294118,4.35294117647,3.36363636364,2.84615384615,1.69341284359,0.389027274878,0.193958664547,2.09866904602,0.964253345467,0.518282988871,1.87867287326,0.863174022847,0.470588235294,0.786197569093,0.41766745858,2.25,1.88235294118,0.786197569093,2.25,0.166339869281,0.0612244897959,3,0.00441176470588,0.185952380952,17,17,17,1,0,0.352941176471,0.411764705882,0.235294117647,17,0.128676470588,1.90196078431,4.11764705882,3.18181818182,2.69230769231,1.57648156274,0.382859808093,0.201680672269,2.01465221053,0.978545359402,0.524369747899,1.74894926439,0.849489642704,0.463865546218,0.814492905316,0.428238537847,2.33333333333,1.90196078431,0.814492905316,2.33333333333,0,0,0,0,0.164242424242,17,17,17,1,0,0.352941176471,0.411764705882,0.235294117647,17,37,0.136029411765,1.88235294118,4.35294117647,3.36363636364,2.84615384615,1.69341284359,0.389027274878,0.193958664547,2.09866904602,0.964253345467,0.518282988871,1.87867287326,0.863174022847,0.470588235294,0.786197569093,0.41766745858,2.25,1.88235294118,0.786197569093,2.25,0.166339869281,0.0612244897959,3,0.00441176470588,0.185952380952,17,17,17,1,0,0.352941176471,0.411764705882,0.235294117647,0,0,0,0,0,0,0,0,0,0,0,0,0,0,0,0,0,0,0,0,0,0,0,0,0,0,0,0,0,37,0,0,235,1,1,0,0,1,1,1,1,1,1,2,2,0,0,0,0
1512,WLNM_dir_neg,1,0.5,00:00:00,10,40,18,1982697591,threshold_sweep,0.9,1,1,1,2,0,0,4,1,1,0,0,1,1,1,1,0.555555555556,1,1,1,37,35,2,0,37,0,35,0,2,17,37,0.136029411765,1.88235294118,4.35294117647,3.36363636364,2.84615384615,1.69341284359,0.389027274878,0.193958664547,2.09866904602,0.964253345467,0.518282988871,1.87867287326,0.863174022847,0.470588235294,0.786197569093,0.41766745858,2.25,1.88235294118,0.786197569093,2.25,0.166339869281,0.0612244897959,3,0.00441176470588,0.185952380952,17,17,17,1,0,0.352941176471,0.411764705882,0.235294117647,17,0.128676470588,1.90196078431,4.11764705882,3.18181818182,2.69230769231,1.57648156274,0.382859808093,0.201680672269,2.01465221053,0.978545359402,0.524369747899,1.74894926439,0.849489642704,0.463865546218,0.814492905316,0.428238537847,2.33333333333,1.90196078431,0.814492905316,2.33333333333,0,0,0,0,0.164242424242,17,17,17,1,0,0.352941176471,0.411764705882,0.235294117647,17,37,0.136029411765,1.88235294118,4.35294117647,3.36363636364,2.84615384615,1.69341284359,0.389027274878,0.193958664547,2.09866904602,0.964253345467,0.518282988871,1.87867287326,0.863174022847,0.470588235294,0.786197569093,0.41766745858,2.25,1.88235294118,0.786197569093,2.25,0.166339869281,0.0612244897959,3,0.00441176470588,0.185952380952,17,17,17,1,0,0.352941176471,0.411764705882,0.235294117647,0,0,0,0,0,0,0,0,0,0,0,0,0,0,0,0,0,0,0,0,0,0,0,0,0,0,0,0,0,37,0,0,235,1,1,0,0,1,1,1,1,1,1,2,2,0,0,0,0
1513,WLNM_dir_neg,1,0.5,00:00:00,10,40,19,1982697592,threshold_sweep,0.1,1,1,1,2,0,0,4,1,1,0,0,1,1,1,1,0.555555555556,1,1,1,37,35,2,0,37,0,35,0,2,17,37,0.136029411765,1.88235294118,4.35294117647,3.36363636364,2.84615384615,1.69341284359,0.389027274878,0.193958664547,2.09866904602,0.964253345467,0.518282988871,1.87867287326,0.863174022847,0.470588235294,0.786197569093,0.41766745858,2.25,1.88235294118,0.786197569093,2.25,0.166339869281,0.0612244897959,3,0.00441176470588,0.185952380952,17,17,17,1,0,0.352941176471,0.411764705882,0.235294117647,17,0.128676470588,1.90196078431,4.11764705882,3.18181818182,2.69230769231,1.57648156274,0.382859808093,0.201680672269,2.01465221053,0.978545359402,0.524369747899,1.74894926439,0.849489642704,0.463865546218,0.814492905316,0.428238537847,2.33333333333,1.90196078431,0.814492905316,2.33333333333,0,0,0,0,0.164242424242,17,17,17,1,0,0.352941176471,0.411764705882,0.235294117647,17,37,0.136029411765,1.88235294118,4.35294117647,3.36363636364,2.84615384615,1.69341284359,0.389027274878,0.193958664547,2.09866904602,0.964253345467,0.518282988871,1.87867287326,0.863174022847,0.470588235294,0.786197569093,0.41766745858,2.25,1.88235294118,0.786197569093,2.25,0.166339869281,0.0612244897959,3,0.00441176470588,0.185952380952,17,17,17,1,0,0.352941176471,0.411764705882,0.235294117647,0,0,0,0,0,0,0,0,0,0,0,0,0,0,0,0,0,0,0,0,0,0,0,0,0,0,0,0,0,37,0,0,235,1,1,0,0,1,1,1,1,1,1,2,2,0,0,0,0
1514,WLNM_dir_neg,1,0.5,00:00:00,10,40,19,1982697592,threshold_sweep,0.2,1,1,1,2,0,0,4,1,1,0,0,1,1,1,1,0.555555555556,1,1,1,37,35,2,0,37,0,35,0,2,17,37,0.136029411765,1.88235294118,4.35294117647,3.36363636364,2.84615384615,1.69341284359,0.389027274878,0.193958664547,2.09866904602,0.964253345467,0.518282988871,1.87867287326,0.863174022847,0.470588235294,0.786197569093,0.41766745858,2.25,1.88235294118,0.786197569093,2.25,0.166339869281,0.0612244897959,3,0.00441176470588,0.185952380952,17,17,17,1,0,0.352941176471,0.411764705882,0.235294117647,17,0.128676470588,1.90196078431,4.11764705882,3.18181818182,2.69230769231,1.57648156274,0.382859808093,0.201680672269,2.01465221053,0.978545359402,0.524369747899,1.74894926439,0.849489642704,0.463865546218,0.814492905316,0.428238537847,2.33333333333,1.90196078431,0.814492905316,2.33333333333,0,0,0,0,0.164242424242,17,17,17,1,0,0.352941176471,0.411764705882,0.235294117647,17,37,0.136029411765,1.88235294118,4.35294117647,3.36363636364,2.84615384615,1.69341284359,0.389027274878,0.193958664547,2.09866904602,0.964253345467,0.518282988871,1.87867287326,0.863174022847,0.470588235294,0.786197569093,0.41766745858,2.25,1.88235294118,0.786197569093,2.25,0.166339869281,0.0612244897959,3,0.00441176470588,0.185952380952,17,17,17,1,0,0.352941176471,0.411764705882,0.235294117647,0,0,0,0,0,0,0,0,0,0,0,0,0,0,0,0,0,0,0,0,0,0,0,0,0,0,0,0,0,37,0,0,235,1,1,0,0,1,1,1,1,1,1,2,2,0,0,0,0
1515,WLNM_dir_neg,1,0.5,00:00:00,10,40,19,1982697592,threshold_sweep,0.3,1,1,1,2,0,0,4,1,1,0,0,1,1,1,1,0.555555555556,1,1,1,37,35,2,0,37,0,35,0,2,17,37,0.136029411765,1.88235294118,4.35294117647,3.36363636364,2.84615384615,1.69341284359,0.389027274878,0.193958664547,2.09866904602,0.964253345467,0.518282988871,1.87867287326,0.863174022847,0.470588235294,0.786197569093,0.41766745858,2.25,1.88235294118,0.786197569093,2.25,0.166339869281,0.0612244897959,3,0.00441176470588,0.185952380952,17,17,17,1,0,0.352941176471,0.411764705882,0.235294117647,17,0.128676470588,1.90196078431,4.11764705882,3.18181818182,2.69230769231,1.57648156274,0.382859808093,0.201680672269,2.01465221053,0.978545359402,0.524369747899,1.74894926439,0.849489642704,0.463865546218,0.814492905316,0.428238537847,2.33333333333,1.90196078431,0.814492905316,2.33333333333,0,0,0,0,0.164242424242,17,17,17,1,0,0.352941176471,0.411764705882,0.235294117647,17,37,0.136029411765,1.88235294118,4.35294117647,3.36363636364,2.84615384615,1.69341284359,0.389027274878,0.193958664547,2.09866904602,0.964253345467,0.518282988871,1.87867287326,0.863174022847,0.470588235294,0.786197569093,0.41766745858,2.25,1.88235294118,0.786197569093,2.25,0.166339869281,0.0612244897959,3,0.00441176470588,0.185952380952,17,17,17,1,0,0.352941176471,0.411764705882,0.235294117647,0,0,0,0,0,0,0,0,0,0,0,0,0,0,0,0,0,0,0,0,0,0,0,0,0,0,0,0,0,37,0,0,235,1,1,0,0,1,1,1,1,1,1,2,2,0,0,0,0
1516,WLNM_dir_neg,1,0.5,00:00:00,10,40,19,1982697592,threshold_sweep,0.4,1,1,1,2,0,0,4,1,1,0,0,1,1,1,1,0.555555555556,1,1,1,37,35,2,0,37,0,35,0,2,17,37,0.136029411765,1.88235294118,4.35294117647,3.36363636364,2.84615384615,1.69341284359,0.389027274878,0.193958664547,2.09866904602,0.964253345467,0.518282988871,1.87867287326,0.863174022847,0.470588235294,0.786197569093,0.41766745858,2.25,1.88235294118,0.786197569093,2.25,0.166339869281,0.0612244897959,3,0.00441176470588,0.185952380952,17,17,17,1,0,0.352941176471,0.411764705882,0.235294117647,17,0.128676470588,1.90196078431,4.11764705882,3.18181818182,2.69230769231,1.57648156274,0.382859808093,0.201680672269,2.01465221053,0.978545359402,0.524369747899,1.74894926439,0.849489642704,0.463865546218,0.814492905316,0.428238537847,2.33333333333,1.90196078431,0.814492905316,2.33333333333,0,0,0,0,0.164242424242,17,17,17,1,0,0.352941176471,0.411764705882,0.235294117647,17,37,0.136029411765,1.88235294118,4.35294117647,3.36363636364,2.84615384615,1.69341284359,0.389027274878,0.193958664547,2.09866904602,0.964253345467,0.518282988871,1.87867287326,0.863174022847,0.470588235294,0.786197569093,0.41766745858,2.25,1.88235294118,0.786197569093,2.25,0.166339869281,0.0612244897959,3,0.00441176470588,0.185952380952,17,17,17,1,0,0.352941176471,0.411764705882,0.235294117647,0,0,0,0,0,0,0,0,0,0,0,0,0,0,0,0,0,0,0,0,0,0,0,0,0,0,0,0,0,37,0,0,235,1,1,0,0,1,1,1,1,1,1,2,2,0,0,0,0
1517,WLNM_dir_neg,1,0.5,00:00:00,10,40,19,1982697592,threshold_sweep,0.5,1,1,1,2,0,0,4,1,1,0,0,1,1,1,1,0.555555555556,1,1,1,37,35,2,0,37,0,35,0,2,17,37,0.136029411765,1.88235294118,4.35294117647,3.36363636364,2.84615384615,1.69341284359,0.389027274878,0.193958664547,2.09866904602,0.964253345467,0.518282988871,1.87867287326,0.863174022847,0.470588235294,0.786197569093,0.41766745858,2.25,1.88235294118,0.786197569093,2.25,0.166339869281,0.0612244897959,3,0.00441176470588,0.185952380952,17,17,17,1,0,0.352941176471,0.411764705882,0.235294117647,17,0.128676470588,1.90196078431,4.11764705882,3.18181818182,2.69230769231,1.57648156274,0.382859808093,0.201680672269,2.01465221053,0.978545359402,0.524369747899,1.74894926439,0.849489642704,0.463865546218,0.814492905316,0.428238537847,2.33333333333,1.90196078431,0.814492905316,2.33333333333,0,0,0,0,0.164242424242,17,17,17,1,0,0.352941176471,0.411764705882,0.235294117647,17,37,0.136029411765,1.88235294118,4.35294117647,3.36363636364,2.84615384615,1.69341284359,0.389027274878,0.193958664547,2.09866904602,0.964253345467,0.518282988871,1.87867287326,0.863174022847,0.470588235294,0.786197569093,0.41766745858,2.25,1.88235294118,0.786197569093,2.25,0.166339869281,0.0612244897959,3,0.00441176470588,0.185952380952,17,17,17,1,0,0.352941176471,0.411764705882,0.235294117647,0,0,0,0,0,0,0,0,0,0,0,0,0,0,0,0,0,0,0,0,0,0,0,0,0,0,0,0,0,37,0,0,235,1,1,0,0,1,1,1,1,1,1,2,2,0,0,0,0
1518,WLNM_dir_neg,1,0.5,00:00:00,10,40,19,1982697592,threshold_sweep,0.6,1,1,1,2,0,0,4,1,1,0,0,1,1,1,1,0.555555555556,1,1,1,37,35,2,0,37,0,35,0,2,17,37,0.136029411765,1.88235294118,4.35294117647,3.36363636364,2.84615384615,1.69341284359,0.389027274878,0.193958664547,2.09866904602,0.964253345467,0.518282988871,1.87867287326,0.863174022847,0.470588235294,0.786197569093,0.41766745858,2.25,1.88235294118,0.786197569093,2.25,0.166339869281,0.0612244897959,3,0.00441176470588,0.185952380952,17,17,17,1,0,0.352941176471,0.411764705882,0.235294117647,17,0.128676470588,1.90196078431,4.11764705882,3.18181818182,2.69230769231,1.57648156274,0.382859808093,0.201680672269,2.01465221053,0.978545359402,0.524369747899,1.74894926439,0.849489642704,0.463865546218,0.814492905316,0.428238537847,2.33333333333,1.90196078431,0.814492905316,2.33333333333,0,0,0,0,0.164242424242,17,17,17,1,0,0.352941176471,0.411764705882,0.235294117647,17,37,0.136029411765,1.88235294118,4.35294117647,3.36363636364,2.84615384615,1.69341284359,0.389027274878,0.193958664547,2.09866904602,0.964253345467,0.518282988871,1.87867287326,0.863174022847,0.470588235294,0.786197569093,0.41766745858,2.25,1.88235294118,0.786197569093,2.25,0.166339869281,0.0612244897959,3,0.00441176470588,0.185952380952,17,17,17,1,0,0.352941176471,0.411764705882,0.235294117647,0,0,0,0,0,0,0,0,0,0,0,0,0,0,0,0,0,0,0,0,0,0,0,0,0,0,0,0,0,37,0,0,235,1,1,0,0,1,1,1,1,1,1,2,2,0,0,0,0
1519,WLNM_dir_neg,1,0.5,00:00:00,10,40,19,1982697592,threshold_sweep,0.7,1,1,1,2,0,0,4,1,1,0,0,1,1,1,1,0.555555555556,1,1,1,37,35,2,0,37,0,35,0,2,17,37,0.136029411765,1.88235294118,4.35294117647,3.36363636364,2.84615384615,1.69341284359,0.389027274878,0.193958664547,2.09866904602,0.964253345467,0.518282988871,1.87867287326,0.863174022847,0.470588235294,0.786197569093,0.41766745858,2.25,1.88235294118,0.786197569093,2.25,0.166339869281,0.0612244897959,3,0.00441176470588,0.185952380952,17,17,17,1,0,0.352941176471,0.411764705882,0.235294117647,17,0.128676470588,1.90196078431,4.11764705882,3.18181818182,2.69230769231,1.57648156274,0.382859808093,0.201680672269,2.01465221053,0.978545359402,0.524369747899,1.74894926439,0.849489642704,0.463865546218,0.814492905316,0.428238537847,2.33333333333,1.90196078431,0.814492905316,2.33333333333,0,0,0,0,0.164242424242,17,17,17,1,0,0.352941176471,0.411764705882,0.235294117647,17,37,0.136029411765,1.88235294118,4.35294117647,3.36363636364,2.84615384615,1.69341284359,0.389027274878,0.193958664547,2.09866904602,0.964253345467,0.518282988871,1.87867287326,0.863174022847,0.470588235294,0.786197569093,0.41766745858,2.25,1.88235294118,0.786197569093,2.25,0.166339869281,0.0612244897959,3,0.00441176470588,0.185952380952,17,17,17,1,0,0.352941176471,0.411764705882,0.235294117647,0,0,0,0,0,0,0,0,0,0,0,0,0,0,0,0,0,0,0,0,0,0,0,0,0,0,0,0,0,37,0,0,235,1,1,0,0,1,1,1,1,1,1,2,2,0,0,0,0
1520,WLNM_dir_neg,1,0.5,00:00:00,10,40,19,1982697592,threshold_sweep,0.8,1,1,1,2,0,0,4,1,1,0,0,1,1,1,1,0.555555555556,1,1,1,37,35,2,0,37,0,35,0,2,17,37,0.136029411765,1.88235294118,4.35294117647,3.36363636364,2.84615384615,1.69341284359,0.389027274878,0.193958664547,2.09866904602,0.964253345467,0.518282988871,1.87867287326,0.863174022847,0.470588235294,0.786197569093,0.41766745858,2.25,1.88235294118,0.786197569093,2.25,0.166339869281,0.0612244897959,3,0.00441176470588,0.185952380952,17,17,17,1,0,0.352941176471,0.411764705882,0.235294117647,17,0.128676470588,1.90196078431,4.11764705882,3.18181818182,2.69230769231,1.57648156274,0.382859808093,0.201680672269,2.01465221053,0.978545359402,0.524369747899,1.74894926439,0.849489642704,0.463865546218,0.814492905316,0.428238537847,2.33333333333,1.90196078431,0.814492905316,2.33333333333,0,0,0,0,0.164242424242,17,17,17,1,0,0.352941176471,0.411764705882,0.235294117647,17,37,0.136029411765,1.88235294118,4.35294117647,3.36363636364,2.84615384615,1.69341284359,0.389027274878,0.193958664547,2.09866904602,0.964253345467,0.518282988871,1.87867287326,0.863174022847,0.470588235294,0.786197569093,0.41766745858,2.25,1.88235294118,0.786197569093,2.25,0.166339869281,0.0612244897959,3,0.00441176470588,0.185952380952,17,17,17,1,0,0.352941176471,0.411764705882,0.235294117647,0,0,0,0,0,0,0,0,0,0,0,0,0,0,0,0,0,0,0,0,0,0,0,0,0,0,0,0,0,37,0,0,235,1,1,0,0,1,1,1,1,1,1,2,2,0,0,0,0
1521,WLNM_dir_neg,1,0.5,00:00:00,10,40,19,1982697592,threshold_sweep,0.9,1,1,1,2,0,0,4,1,1,0,0,1,1,1,1,0.555555555556,1,1,1,37,35,2,0,37,0,35,0,2,17,37,0.136029411765,1.88235294118,4.35294117647,3.36363636364,2.84615384615,1.69341284359,0.389027274878,0.193958664547,2.09866904602,0.964253345467,0.518282988871,1.87867287326,0.863174022847,0.470588235294,0.786197569093,0.41766745858,2.25,1.88235294118,0.786197569093,2.25,0.166339869281,0.0612244897959,3,0.00441176470588,0.185952380952,17,17,17,1,0,0.352941176471,0.411764705882,0.235294117647,17,0.128676470588,1.90196078431,4.11764705882,3.18181818182,2.69230769231,1.57648156274,0.382859808093,0.201680672269,2.01465221053,0.978545359402,0.524369747899,1.74894926439,0.849489642704,0.463865546218,0.814492905316,0.428238537847,2.33333333333,1.90196078431,0.814492905316,2.33333333333,0,0,0,0,0.164242424242,17,17,17,1,0,0.352941176471,0.411764705882,0.235294117647,17,37,0.136029411765,1.88235294118,4.35294117647,3.36363636364,2.84615384615,1.69341284359,0.389027274878,0.193958664547,2.09866904602,0.964253345467,0.518282988871,1.87867287326,0.863174022847,0.470588235294,0.786197569093,0.41766745858,2.25,1.88235294118,0.786197569093,2.25,0.166339869281,0.0612244897959,3,0.00441176470588,0.185952380952,17,17,17,1,0,0.352941176471,0.411764705882,0.235294117647,0,0,0,0,0,0,0,0,0,0,0,0,0,0,0,0,0,0,0,0,0,0,0,0,0,0,0,0,0,37,0,0,235,1,1,0,0,1,1,1,1,1,1,2,2,0,0,0,0
1522,WLNM_dir_neg,0.875,0.291666666667,00:00:00,10,40,20,1982697593,threshold_sweep,0.1,0.666666666667,1,0.8,2,1,0,3,1,0.75,0.25,0,0.666666666667,1,0.8,0.833333333333,0.5,0.666666666667,0.707106781187,0.75,37,35,2,0,37,0,35,0,2,17,37,0.136029411765,1.88235294118,4.35294117647,3.36363636364,2.84615384615,1.69341284359,0.389027274878,0.193958664547,2.09866904602,0.964253345467,0.518282988871,1.87867287326,0.863174022847,0.470588235294,0.786197569093,0.41766745858,2.25,1.88235294118,0.786197569093,2.25,0.166339869281,0.0612244897959,3,0.00441176470588,0.185952380952,17,17,17,1,0,0.352941176471,0.411764705882,0.235294117647,17,0.128676470588,1.90196078431,4.11764705882,3.18181818182,2.69230769231,1.57648156274,0.382859808093,0.201680672269,2.01465221053,0.978545359402,0.524369747899,1.74894926439,0.849489642704,0.463865546218,0.814492905316,0.428238537847,2.33333333333,1.90196078431,0.814492905316,2.33333333333,0,0,0,0,0.164242424242,17,17,17,1,0,0.352941176471,0.411764705882,0.235294117647,17,38,0.139705882353,2.13617647059,4.47058823529,3.16666666667,2.92307692308,1.69991349261,0.380243807557,0.19040247678,2.04723630062,0.915868871331,0.495356037152,1.92124346989,0.859503657582,0.467492260062,0.898017833571,0.420385602938,2.5,2.13617647059,0.898017833571,2.5,0.180065359477,0.0774193548387,4,0.00588235294118,0.164051226551,17,17,17,1,0,0.294117647059,0.470588235294,0.235294117647,1,0.00367647058824,0.253823529412,0.117647058824,-0.19696969697,0.0769230769231,0.00650064902221,-0.00878346732077,-0.00355618776671,-0.0514327453931,-0.0483844741355,-0.0229269517195,0.0425705966328,-0.00367036526551,-0.0030959752322,0.111820264479,0.002718144358,0.25,0.253823529412,0.111820264479,0.25,0.0137254901961,0.0161948650428,1,0.00147058823529,-0.0219011544012,-0.0588235294118,0.0588235294118,0,37,1,0,234,1,0.995744680851,0.00425531914894,0,0.973684210526,1,0.986666666667,0.984652666406,0.995744680851,0.973684210526,3,2,0,0,0,0
1523,WLNM_dir_neg,0.875,0.291666666667,00:00:00,10,40,20,1982697593,threshold_sweep,0.2,0.666666666667,1,0.8,2,1,0,3,1,0.75,0.25,0,0.666666666667,1,0.8,0.833333333333,0.5,0.666666666667,0.707106781187,0.75,37,35,2,0,37,0,35,0,2,17,37,0.136029411765,1.88235294118,4.35294117647,3.36363636364,2.84615384615,1.69341284359,0.389027274878,0.193958664547,2.09866904602,0.964253345467,0.518282988871,1.87867287326,0.863174022847,0.470588235294,0.786197569093,0.41766745858,2.25,1.88235294118,0.786197569093,2.25,0.166339869281,0.0612244897959,3,0.00441176470588,0.185952380952,17,17,17,1,0,0.352941176471,0.411764705882,0.235294117647,17,0.128676470588,1.90196078431,4.11764705882,3.18181818182,2.69230769231,1.57648156274,0.382859808093,0.201680672269,2.01465221053,0.978545359402,0.524369747899,1.74894926439,0.849489642704,0.463865546218,0.814492905316,0.428238537847,2.33333333333,1.90196078431,0.814492905316,2.33333333333,0,0,0,0,0.164242424242,17,17,17,1,0,0.352941176471,0.411764705882,0.235294117647,17,38,0.139705882353,2.13617647059,4.47058823529,3.16666666667,2.92307692308,1.69991349261,0.380243807557,0.19040247678,2.04723630062,0.915868871331,0.495356037152,1.92124346989,0.859503657582,0.467492260062,0.898017833571,0.420385602938,2.5,2.13617647059,0.898017833571,2.5,0.180065359477,0.0774193548387,4,0.00588235294118,0.164051226551,17,17,17,1,0,0.294117647059,0.470588235294,0.235294117647,1,0.00367647058824,0.253823529412,0.117647058824,-0.19696969697,0.0769230769231,0.00650064902221,-0.00878346732077,-0.00355618776671,-0.0514327453931,-0.0483844741355,-0.0229269517195,0.0425705966328,-0.00367036526551,-0.0030959752322,0.111820264479,0.002718144358,0.25,0.253823529412,0.111820264479,0.25,0.0137254901961,0.0161948650428,1,0.00147058823529,-0.0219011544012,-0.0588235294118,0.0588235294118,0,37,1,0,234,1,0.995744680851,0.00425531914894,0,0.973684210526,1,0.986666666667,0.984652666406,0.995744680851,0.973684210526,3,2,0,0,0,0
1524,WLNM_dir_neg,0.875,0.291666666667,00:00:00,10,40,20,1982697593,threshold_sweep,0.3,0.666666666667,1,0.8,2,1,0,3,1,0.75,0.25,0,0.666666666667,1,0.8,0.833333333333,0.5,0.666666666667,0.707106781187,0.75,37,35,2,0,37,0,35,0,2,17,37,0.136029411765,1.88235294118,4.35294117647,3.36363636364,2.84615384615,1.69341284359,0.389027274878,0.193958664547,2.09866904602,0.964253345467,0.518282988871,1.87867287326,0.863174022847,0.470588235294,0.786197569093,0.41766745858,2.25,1.88235294118,0.786197569093,2.25,0.166339869281,0.0612244897959,3,0.00441176470588,0.185952380952,17,17,17,1,0,0.352941176471,0.411764705882,0.235294117647,17,0.128676470588,1.90196078431,4.11764705882,3.18181818182,2.69230769231,1.57648156274,0.382859808093,0.201680672269,2.01465221053,0.978545359402,0.524369747899,1.74894926439,0.849489642704,0.463865546218,0.814492905316,0.428238537847,2.33333333333,1.90196078431,0.814492905316,2.33333333333,0,0,0,0,0.164242424242,17,17,17,1,0,0.352941176471,0.411764705882,0.235294117647,17,38,0.139705882353,2.13617647059,4.47058823529,3.16666666667,2.92307692308,1.69991349261,0.380243807557,0.19040247678,2.04723630062,0.915868871331,0.495356037152,1.92124346989,0.859503657582,0.467492260062,0.898017833571,0.420385602938,2.5,2.13617647059,0.898017833571,2.5,0.180065359477,0.0774193548387,4,0.00588235294118,0.164051226551,17,17,17,1,0,0.294117647059,0.470588235294,0.235294117647,1,0.00367647058824,0.253823529412,0.117647058824,-0.19696969697,0.0769230769231,0.00650064902221,-0.00878346732077,-0.00355618776671,-0.0514327453931,-0.0483844741355,-0.0229269517195,0.0425705966328,-0.00367036526551,-0.0030959752322,0.111820264479,0.002718144358,0.25,0.253823529412,0.111820264479,0.25,0.0137254901961,0.0161948650428,1,0.00147058823529,-0.0219011544012,-0.0588235294118,0.0588235294118,0,37,1,0,234,1,0.995744680851,0.00425531914894,0,0.973684210526,1,0.986666666667,0.984652666406,0.995744680851,0.973684210526,3,2,0,0,0,0
1525,WLNM_dir_neg,0.875,0.291666666667,00:00:00,10,40,20,1982697593,threshold_sweep,0.4,0.666666666667,1,0.8,2,1,0,3,1,0.75,0.25,0,0.666666666667,1,0.8,0.833333333333,0.5,0.666666666667,0.707106781187,0.75,37,35,2,0,37,0,35,0,2,17,37,0.136029411765,1.88235294118,4.35294117647,3.36363636364,2.84615384615,1.69341284359,0.389027274878,0.193958664547,2.09866904602,0.964253345467,0.518282988871,1.87867287326,0.863174022847,0.470588235294,0.786197569093,0.41766745858,2.25,1.88235294118,0.786197569093,2.25,0.166339869281,0.0612244897959,3,0.00441176470588,0.185952380952,17,17,17,1,0,0.352941176471,0.411764705882,0.235294117647,17,0.128676470588,1.90196078431,4.11764705882,3.18181818182,2.69230769231,1.57648156274,0.382859808093,0.201680672269,2.01465221053,0.978545359402,0.524369747899,1.74894926439,0.849489642704,0.463865546218,0.814492905316,0.428238537847,2.33333333333,1.90196078431,0.814492905316,2.33333333333,0,0,0,0,0.164242424242,17,17,17,1,0,0.352941176471,0.411764705882,0.235294117647,17,38,0.139705882353,2.13617647059,4.47058823529,3.16666666667,2.92307692308,1.69991349261,0.380243807557,0.19040247678,2.04723630062,0.915868871331,0.495356037152,1.92124346989,0.859503657582,0.467492260062,0.898017833571,0.420385602938,2.5,2.13617647059,0.898017833571,2.5,0.180065359477,0.0774193548387,4,0.00588235294118,0.164051226551,17,17,17,1,0,0.294117647059,0.470588235294,0.235294117647,1,0.00367647058824,0.253823529412,0.117647058824,-0.19696969697,0.0769230769231,0.00650064902221,-0.00878346732077,-0.00355618776671,-0.0514327453931,-0.0483844741355,-0.0229269517195,0.0425705966328,-0.00367036526551,-0.0030959752322,0.111820264479,0.002718144358,0.25,0.253823529412,0.111820264479,0.25,0.0137254901961,0.0161948650428,1,0.00147058823529,-0.0219011544012,-0.0588235294118,0.0588235294118,0,37,1,0,234,1,0.995744680851,0.00425531914894,0,0.973684210526,1,0.986666666667,0.984652666406,0.995744680851,0.973684210526,3,2,0,0,0,0
1526,WLNM_dir_neg,0.875,0.291666666667,00:00:00,10,40,20,1982697593,threshold_sweep,0.5,0.666666666667,1,0.8,2,1,0,3,1,0.75,0.25,0,0.666666666667,1,0.8,0.833333333333,0.5,0.666666666667,0.707106781187,0.75,37,35,2,0,37,0,35,0,2,17,37,0.136029411765,1.88235294118,4.35294117647,3.36363636364,2.84615384615,1.69341284359,0.389027274878,0.193958664547,2.09866904602,0.964253345467,0.518282988871,1.87867287326,0.863174022847,0.470588235294,0.786197569093,0.41766745858,2.25,1.88235294118,0.786197569093,2.25,0.166339869281,0.0612244897959,3,0.00441176470588,0.185952380952,17,17,17,1,0,0.352941176471,0.411764705882,0.235294117647,17,0.128676470588,1.90196078431,4.11764705882,3.18181818182,2.69230769231,1.57648156274,0.382859808093,0.201680672269,2.01465221053,0.978545359402,0.524369747899,1.74894926439,0.849489642704,0.463865546218,0.814492905316,0.428238537847,2.33333333333,1.90196078431,0.814492905316,2.33333333333,0,0,0,0,0.164242424242,17,17,17,1,0,0.352941176471,0.411764705882,0.235294117647,17,38,0.139705882353,2.13617647059,4.47058823529,3.16666666667,2.92307692308,1.69991349261,0.380243807557,0.19040247678,2.04723630062,0.915868871331,0.495356037152,1.92124346989,0.859503657582,0.467492260062,0.898017833571,0.420385602938,2.5,2.13617647059,0.898017833571,2.5,0.180065359477,0.0774193548387,4,0.00588235294118,0.164051226551,17,17,17,1,0,0.294117647059,0.470588235294,0.235294117647,1,0.00367647058824,0.253823529412,0.117647058824,-0.19696969697,0.0769230769231,0.00650064902221,-0.00878346732077,-0.00355618776671,-0.0514327453931,-0.0483844741355,-0.0229269517195,0.0425705966328,-0.00367036526551,-0.0030959752322,0.111820264479,0.002718144358,0.25,0.253823529412,0.111820264479,0.25,0.0137254901961,0.0161948650428,1,0.00147058823529,-0.0219011544012,-0.0588235294118,0.0588235294118,0,37,1,0,234,1,0.995744680851,0.00425531914894,0,0.973684210526,1,0.986666666667,0.984652666406,0.995744680851,0.973684210526,3,2,0,0,0,0
1527,WLNM_dir_neg,0.875,0.291666666667,00:00:00,10,40,20,1982697593,threshold_sweep,0.6,0.666666666667,1,0.8,2,1,0,3,1,0.75,0.25,0,0.666666666667,1,0.8,0.833333333333,0.5,0.666666666667,0.707106781187,0.75,37,35,2,0,37,0,35,0,2,17,37,0.136029411765,1.88235294118,4.35294117647,3.36363636364,2.84615384615,1.69341284359,0.389027274878,0.193958664547,2.09866904602,0.964253345467,0.518282988871,1.87867287326,0.863174022847,0.470588235294,0.786197569093,0.41766745858,2.25,1.88235294118,0.786197569093,2.25,0.166339869281,0.0612244897959,3,0.00441176470588,0.185952380952,17,17,17,1,0,0.352941176471,0.411764705882,0.235294117647,17,0.128676470588,1.90196078431,4.11764705882,3.18181818182,2.69230769231,1.57648156274,0.382859808093,0.201680672269,2.01465221053,0.978545359402,0.524369747899,1.74894926439,0.849489642704,0.463865546218,0.814492905316,0.428238537847,2.33333333333,1.90196078431,0.814492905316,2.33333333333,0,0,0,0,0.164242424242,17,17,17,1,0,0.352941176471,0.411764705882,0.235294117647,17,38,0.139705882353,2.13617647059,4.47058823529,3.16666666667,2.92307692308,1.69991349261,0.380243807557,0.19040247678,2.04723630062,0.915868871331,0.495356037152,1.92124346989,0.859503657582,0.467492260062,0.898017833571,0.420385602938,2.5,2.13617647059,0.898017833571,2.5,0.180065359477,0.0774193548387,4,0.00588235294118,0.164051226551,17,17,17,1,0,0.294117647059,0.470588235294,0.235294117647,1,0.00367647058824,0.253823529412,0.117647058824,-0.19696969697,0.0769230769231,0.00650064902221,-0.00878346732077,-0.00355618776671,-0.0514327453931,-0.0483844741355,-0.0229269517195,0.0425705966328,-0.00367036526551,-0.0030959752322,0.111820264479,0.002718144358,0.25,0.253823529412,0.111820264479,0.25,0.0137254901961,0.0161948650428,1,0.00147058823529,-0.0219011544012,-0.0588235294118,0.0588235294118,0,37,1,0,234,1,0.995744680851,0.00425531914894,0,0.973684210526,1,0.986666666667,0.984652666406,0.995744680851,0.973684210526,3,2,0,0,0,0
1528,WLNM_dir_neg,0.875,0.291666666667,00:00:00,10,40,20,1982697593,threshold_sweep,0.7,0.666666666667,1,0.8,2,1,0,3,1,0.75,0.25,0,0.666666666667,1,0.8,0.833333333333,0.5,0.666666666667,0.707106781187,0.75,37,35,2,0,37,0,35,0,2,17,37,0.136029411765,1.88235294118,4.35294117647,3.36363636364,2.84615384615,1.69341284359,0.389027274878,0.193958664547,2.09866904602,0.964253345467,0.518282988871,1.87867287326,0.863174022847,0.470588235294,0.786197569093,0.41766745858,2.25,1.88235294118,0.786197569093,2.25,0.166339869281,0.0612244897959,3,0.00441176470588,0.185952380952,17,17,17,1,0,0.352941176471,0.411764705882,0.235294117647,17,0.128676470588,1.90196078431,4.11764705882,3.18181818182,2.69230769231,1.57648156274,0.382859808093,0.201680672269,2.01465221053,0.978545359402,0.524369747899,1.74894926439,0.849489642704,0.463865546218,0.814492905316,0.428238537847,2.33333333333,1.90196078431,0.814492905316,2.33333333333,0,0,0,0,0.164242424242,17,17,17,1,0,0.352941176471,0.411764705882,0.235294117647,17,38,0.139705882353,2.13617647059,4.47058823529,3.16666666667,2.92307692308,1.69991349261,0.380243807557,0.19040247678,2.04723630062,0.915868871331,0.495356037152,1.92124346989,0.859503657582,0.467492260062,0.898017833571,0.420385602938,2.5,2.13617647059,0.898017833571,2.5,0.180065359477,0.0774193548387,4,0.00588235294118,0.164051226551,17,17,17,1,0,0.294117647059,0.470588235294,0.235294117647,1,0.00367647058824,0.253823529412,0.117647058824,-0.19696969697,0.0769230769231,0.00650064902221,-0.00878346732077,-0.00355618776671,-0.0514327453931,-0.0483844741355,-0.0229269517195,0.0425705966328,-0.00367036526551,-0.0030959752322,0.111820264479,0.002718144358,0.25,0.253823529412,0.111820264479,0.25,0.0137254901961,0.0161948650428,1,0.00147058823529,-0.0219011544012,-0.0588235294118,0.0588235294118,0,37,1,0,234,1,0.995744680851,0.00425531914894,0,0.973684210526,1,0.986666666667,0.984652666406,0.995744680851,0.973684210526,3,2,0,0,0,0
1529,WLNM_dir_neg,0.875,0.291666666667,00:00:00,10,40,20,1982697593,threshold_sweep,0.8,0.666666666667,1,0.8,2,1,0,3,1,0.75,0.25,0,0.666666666667,1,0.8,0.833333333333,0.5,0.666666666667,0.707106781187,0.75,37,35,2,0,37,0,35,0,2,17,37,0.136029411765,1.88235294118,4.35294117647,3.36363636364,2.84615384615,1.69341284359,0.389027274878,0.193958664547,2.09866904602,0.964253345467,0.518282988871,1.87867287326,0.863174022847,0.470588235294,0.786197569093,0.41766745858,2.25,1.88235294118,0.786197569093,2.25,0.166339869281,0.0612244897959,3,0.00441176470588,0.185952380952,17,17,17,1,0,0.352941176471,0.411764705882,0.235294117647,17,0.128676470588,1.90196078431,4.11764705882,3.18181818182,2.69230769231,1.57648156274,0.382859808093,0.201680672269,2.01465221053,0.978545359402,0.524369747899,1.74894926439,0.849489642704,0.463865546218,0.814492905316,0.428238537847,2.33333333333,1.90196078431,0.814492905316,2.33333333333,0,0,0,0,0.164242424242,17,17,17,1,0,0.352941176471,0.411764705882,0.235294117647,17,38,0.139705882353,2.13617647059,4.47058823529,3.16666666667,2.92307692308,1.69991349261,0.380243807557,0.19040247678,2.04723630062,0.915868871331,0.495356037152,1.92124346989,0.859503657582,0.467492260062,0.898017833571,0.420385602938,2.5,2.13617647059,0.898017833571,2.5,0.180065359477,0.0774193548387,4,0.00588235294118,0.164051226551,17,17,17,1,0,0.294117647059,0.470588235294,0.235294117647,1,0.00367647058824,0.253823529412,0.117647058824,-0.19696969697,0.0769230769231,0.00650064902221,-0.00878346732077,-0.00355618776671,-0.0514327453931,-0.0483844741355,-0.0229269517195,0.0425705966328,-0.00367036526551,-0.0030959752322,0.111820264479,0.002718144358,0.25,0.253823529412,0.111820264479,0.25,0.0137254901961,0.0161948650428,1,0.00147058823529,-0.0219011544012,-0.0588235294118,0.0588235294118,0,37,1,0,234,1,0.995744680851,0.00425531914894,0,0.973684210526,1,0.986666666667,0.984652666406,0.995744680851,0.973684210526,3,2,0,0,0,0
1530,WLNM_dir_neg,0.875,0.291666666667,00:00:00,10,40,20,1982697593,threshold_sweep,0.9,0.666666666667,1,0.8,2,1,0,3,1,0.75,0.25,0,0.666666666667,1,0.8,0.833333333333,0.5,0.666666666667,0.707106781187,0.75,37,35,2,0,37,0,35,0,2,17,37,0.136029411765,1.88235294118,4.35294117647,3.36363636364,2.84615384615,1.69341284359,0.389027274878,0.193958664547,2.09866904602,0.964253345467,0.518282988871,1.87867287326,0.863174022847,0.470588235294,0.786197569093,0.41766745858,2.25,1.88235294118,0.786197569093,2.25,0.166339869281,0.0612244897959,3,0.00441176470588,0.185952380952,17,17,17,1,0,0.352941176471,0.411764705882,0.235294117647,17,0.128676470588,1.90196078431,4.11764705882,3.18181818182,2.69230769231,1.57648156274,0.382859808093,0.201680672269,2.01465221053,0.978545359402,0.524369747899,1.74894926439,0.849489642704,0.463865546218,0.814492905316,0.428238537847,2.33333333333,1.90196078431,0.814492905316,2.33333333333,0,0,0,0,0.164242424242,17,17,17,1,0,0.352941176471,0.411764705882,0.235294117647,17,38,0.139705882353,2.13617647059,4.47058823529,3.16666666667,2.92307692308,1.69991349261,0.380243807557,0.19040247678,2.04723630062,0.915868871331,0.495356037152,1.92124346989,0.859503657582,0.467492260062,0.898017833571,0.420385602938,2.5,2.13617647059,0.898017833571,2.5,0.180065359477,0.0774193548387,4,0.00588235294118,0.164051226551,17,17,17,1,0,0.294117647059,0.470588235294,0.235294117647,1,0.00367647058824,0.253823529412,0.117647058824,-0.19696969697,0.0769230769231,0.00650064902221,-0.00878346732077,-0.00355618776671,-0.0514327453931,-0.0483844741355,-0.0229269517195,0.0425705966328,-0.00367036526551,-0.0030959752322,0.111820264479,0.002718144358,0.25,0.253823529412,0.111820264479,0.25,0.0137254901961,0.0161948650428,1,0.00147058823529,-0.0219011544012,-0.0588235294118,0.0588235294118,0,37,1,0,234,1,0.995744680851,0.00425531914894,0,0.973684210526,1,0.986666666667,0.984652666406,0.995744680851,0.973684210526,3,2,0,0,0,0
1531,WLNM_dir_neg,1,0.5,00:00:01,10,40,21,1982697594,threshold_sweep,0.1,1,1,1,2,0,0,4,1,1,0,0,1,1,1,1,0.555555555556,1,1,1,37,35,2,0,37,0,35,0,2,17,37,0.136029411765,1.88235294118,4.35294117647,3.36363636364,2.84615384615,1.69341284359,0.389027274878,0.193958664547,2.09866904602,0.964253345467,0.518282988871,1.87867287326,0.863174022847,0.470588235294,0.786197569093,0.41766745858,2.25,1.88235294118,0.786197569093,2.25,0.166339869281,0.0612244897959,3,0.00441176470588,0.185952380952,17,17,17,1,0,0.352941176471,0.411764705882,0.235294117647,17,0.128676470588,1.90196078431,4.11764705882,3.18181818182,2.69230769231,1.57648156274,0.382859808093,0.201680672269,2.01465221053,0.978545359402,0.524369747899,1.74894926439,0.849489642704,0.463865546218,0.814492905316,0.428238537847,2.33333333333,1.90196078431,0.814492905316,2.33333333333,0,0,0,0,0.164242424242,17,17,17,1,0,0.352941176471,0.411764705882,0.235294117647,17,37,0.136029411765,1.88235294118,4.35294117647,3.36363636364,2.84615384615,1.69341284359,0.389027274878,0.193958664547,2.09866904602,0.964253345467,0.518282988871,1.87867287326,0.863174022847,0.470588235294,0.786197569093,0.41766745858,2.25,1.88235294118,0.786197569093,2.25,0.166339869281,0.0612244897959,3,0.00441176470588,0.185952380952,17,17,17,1,0,0.352941176471,0.411764705882,0.235294117647,0,0,0,0,0,0,0,0,0,0,0,0,0,0,0,0,0,0,0,0,0,0,0,0,0,0,0,0,0,37,0,0,235,1,1,0,0,1,1,1,1,1,1,2,2,0,0,0,0
1532,WLNM_dir_neg,1,0.5,00:00:01,10,40,21,1982697594,threshold_sweep,0.2,1,1,1,2,0,0,4,1,1,0,0,1,1,1,1,0.555555555556,1,1,1,37,35,2,0,37,0,35,0,2,17,37,0.136029411765,1.88235294118,4.35294117647,3.36363636364,2.84615384615,1.69341284359,0.389027274878,0.193958664547,2.09866904602,0.964253345467,0.518282988871,1.87867287326,0.863174022847,0.470588235294,0.786197569093,0.41766745858,2.25,1.88235294118,0.786197569093,2.25,0.166339869281,0.0612244897959,3,0.00441176470588,0.185952380952,17,17,17,1,0,0.352941176471,0.411764705882,0.235294117647,17,0.128676470588,1.90196078431,4.11764705882,3.18181818182,2.69230769231,1.57648156274,0.382859808093,0.201680672269,2.01465221053,0.978545359402,0.524369747899,1.74894926439,0.849489642704,0.463865546218,0.814492905316,0.428238537847,2.33333333333,1.90196078431,0.814492905316,2.33333333333,0,0,0,0,0.164242424242,17,17,17,1,0,0.352941176471,0.411764705882,0.235294117647,17,37,0.136029411765,1.88235294118,4.35294117647,3.36363636364,2.84615384615,1.69341284359,0.389027274878,0.193958664547,2.09866904602,0.964253345467,0.518282988871,1.87867287326,0.863174022847,0.470588235294,0.786197569093,0.41766745858,2.25,1.88235294118,0.786197569093,2.25,0.166339869281,0.0612244897959,3,0.00441176470588,0.185952380952,17,17,17,1,0,0.352941176471,0.411764705882,0.235294117647,0,0,0,0,0,0,0,0,0,0,0,0,0,0,0,0,0,0,0,0,0,0,0,0,0,0,0,0,0,37,0,0,235,1,1,0,0,1,1,1,1,1,1,2,2,0,0,0,0
1533,WLNM_dir_neg,1,0.5,00:00:01,10,40,21,1982697594,threshold_sweep,0.3,1,1,1,2,0,0,4,1,1,0,0,1,1,1,1,0.555555555556,1,1,1,37,35,2,0,37,0,35,0,2,17,37,0.136029411765,1.88235294118,4.35294117647,3.36363636364,2.84615384615,1.69341284359,0.389027274878,0.193958664547,2.09866904602,0.964253345467,0.518282988871,1.87867287326,0.863174022847,0.470588235294,0.786197569093,0.41766745858,2.25,1.88235294118,0.786197569093,2.25,0.166339869281,0.0612244897959,3,0.00441176470588,0.185952380952,17,17,17,1,0,0.352941176471,0.411764705882,0.235294117647,17,0.128676470588,1.90196078431,4.11764705882,3.18181818182,2.69230769231,1.57648156274,0.382859808093,0.201680672269,2.01465221053,0.978545359402,0.524369747899,1.74894926439,0.849489642704,0.463865546218,0.814492905316,0.428238537847,2.33333333333,1.90196078431,0.814492905316,2.33333333333,0,0,0,0,0.164242424242,17,17,17,1,0,0.352941176471,0.411764705882,0.235294117647,17,37,0.136029411765,1.88235294118,4.35294117647,3.36363636364,2.84615384615,1.69341284359,0.389027274878,0.193958664547,2.09866904602,0.964253345467,0.518282988871,1.87867287326,0.863174022847,0.470588235294,0.786197569093,0.41766745858,2.25,1.88235294118,0.786197569093,2.25,0.166339869281,0.0612244897959,3,0.00441176470588,0.185952380952,17,17,17,1,0,0.352941176471,0.411764705882,0.235294117647,0,0,0,0,0,0,0,0,0,0,0,0,0,0,0,0,0,0,0,0,0,0,0,0,0,0,0,0,0,37,0,0,235,1,1,0,0,1,1,1,1,1,1,2,2,0,0,0,0
1534,WLNM_dir_neg,1,0.5,00:00:01,10,40,21,1982697594,threshold_sweep,0.4,1,1,1,2,0,0,4,1,1,0,0,1,1,1,1,0.555555555556,1,1,1,37,35,2,0,37,0,35,0,2,17,37,0.136029411765,1.88235294118,4.35294117647,3.36363636364,2.84615384615,1.69341284359,0.389027274878,0.193958664547,2.09866904602,0.964253345467,0.518282988871,1.87867287326,0.863174022847,0.470588235294,0.786197569093,0.41766745858,2.25,1.88235294118,0.786197569093,2.25,0.166339869281,0.0612244897959,3,0.00441176470588,0.185952380952,17,17,17,1,0,0.352941176471,0.411764705882,0.235294117647,17,0.128676470588,1.90196078431,4.11764705882,3.18181818182,2.69230769231,1.57648156274,0.382859808093,0.201680672269,2.01465221053,0.978545359402,0.524369747899,1.74894926439,0.849489642704,0.463865546218,0.814492905316,0.428238537847,2.33333333333,1.90196078431,0.814492905316,2.33333333333,0,0,0,0,0.164242424242,17,17,17,1,0,0.352941176471,0.411764705882,0.235294117647,17,37,0.136029411765,1.88235294118,4.35294117647,3.36363636364,2.84615384615,1.69341284359,0.389027274878,0.193958664547,2.09866904602,0.964253345467,0.518282988871,1.87867287326,0.863174022847,0.470588235294,0.786197569093,0.41766745858,2.25,1.88235294118,0.786197569093,2.25,0.166339869281,0.0612244897959,3,0.00441176470588,0.185952380952,17,17,17,1,0,0.352941176471,0.411764705882,0.235294117647,0,0,0,0,0,0,0,0,0,0,0,0,0,0,0,0,0,0,0,0,0,0,0,0,0,0,0,0,0,37,0,0,235,1,1,0,0,1,1,1,1,1,1,2,2,0,0,0,0
1535,WLNM_dir_neg,1,0.5,00:00:01,10,40,21,1982697594,threshold_sweep,0.5,1,1,1,2,0,0,4,1,1,0,0,1,1,1,1,0.555555555556,1,1,1,37,35,2,0,37,0,35,0,2,17,37,0.136029411765,1.88235294118,4.35294117647,3.36363636364,2.84615384615,1.69341284359,0.389027274878,0.193958664547,2.09866904602,0.964253345467,0.518282988871,1.87867287326,0.863174022847,0.470588235294,0.786197569093,0.41766745858,2.25,1.88235294118,0.786197569093,2.25,0.166339869281,0.0612244897959,3,0.00441176470588,0.185952380952,17,17,17,1,0,0.352941176471,0.411764705882,0.235294117647,17,0.128676470588,1.90196078431,4.11764705882,3.18181818182,2.69230769231,1.57648156274,0.382859808093,0.201680672269,2.01465221053,0.978545359402,0.524369747899,1.74894926439,0.849489642704,0.463865546218,0.814492905316,0.428238537847,2.33333333333,1.90196078431,0.814492905316,2.33333333333,0,0,0,0,0.164242424242,17,17,17,1,0,0.352941176471,0.411764705882,0.235294117647,17,37,0.136029411765,1.88235294118,4.35294117647,3.36363636364,2.84615384615,1.69341284359,0.389027274878,0.193958664547,2.09866904602,0.964253345467,0.518282988871,1.87867287326,0.863174022847,0.470588235294,0.786197569093,0.41766745858,2.25,1.88235294118,0.786197569093,2.25,0.166339869281,0.0612244897959,3,0.00441176470588,0.185952380952,17,17,17,1,0,0.352941176471,0.411764705882,0.235294117647,0,0,0,0,0,0,0,0,0,0,0,0,0,0,0,0,0,0,0,0,0,0,0,0,0,0,0,0,0,37,0,0,235,1,1,0,0,1,1,1,1,1,1,2,2,0,0,0,0
1536,WLNM_dir_neg,1,0.5,00:00:01,10,40,21,1982697594,threshold_sweep,0.6,1,1,1,2,0,0,4,1,1,0,0,1,1,1,1,0.555555555556,1,1,1,37,35,2,0,37,0,35,0,2,17,37,0.136029411765,1.88235294118,4.35294117647,3.36363636364,2.84615384615,1.69341284359,0.389027274878,0.193958664547,2.09866904602,0.964253345467,0.518282988871,1.87867287326,0.863174022847,0.470588235294,0.786197569093,0.41766745858,2.25,1.88235294118,0.786197569093,2.25,0.166339869281,0.0612244897959,3,0.00441176470588,0.185952380952,17,17,17,1,0,0.352941176471,0.411764705882,0.235294117647,17,0.128676470588,1.90196078431,4.11764705882,3.18181818182,2.69230769231,1.57648156274,0.382859808093,0.201680672269,2.01465221053,0.978545359402,0.524369747899,1.74894926439,0.849489642704,0.463865546218,0.814492905316,0.428238537847,2.33333333333,1.90196078431,0.814492905316,2.33333333333,0,0,0,0,0.164242424242,17,17,17,1,0,0.352941176471,0.411764705882,0.235294117647,17,37,0.136029411765,1.88235294118,4.35294117647,3.36363636364,2.84615384615,1.69341284359,0.389027274878,0.193958664547,2.09866904602,0.964253345467,0.518282988871,1.87867287326,0.863174022847,0.470588235294,0.786197569093,0.41766745858,2.25,1.88235294118,0.786197569093,2.25,0.166339869281,0.0612244897959,3,0.00441176470588,0.185952380952,17,17,17,1,0,0.352941176471,0.411764705882,0.235294117647,0,0,0,0,0,0,0,0,0,0,0,0,0,0,0,0,0,0,0,0,0,0,0,0,0,0,0,0,0,37,0,0,235,1,1,0,0,1,1,1,1,1,1,2,2,0,0,0,0
1537,WLNM_dir_neg,1,0.5,00:00:01,10,40,21,1982697594,threshold_sweep,0.7,1,1,1,2,0,0,4,1,1,0,0,1,1,1,1,0.555555555556,1,1,1,37,35,2,0,37,0,35,0,2,17,37,0.136029411765,1.88235294118,4.35294117647,3.36363636364,2.84615384615,1.69341284359,0.389027274878,0.193958664547,2.09866904602,0.964253345467,0.518282988871,1.87867287326,0.863174022847,0.470588235294,0.786197569093,0.41766745858,2.25,1.88235294118,0.786197569093,2.25,0.166339869281,0.0612244897959,3,0.00441176470588,0.185952380952,17,17,17,1,0,0.352941176471,0.411764705882,0.235294117647,17,0.128676470588,1.90196078431,4.11764705882,3.18181818182,2.69230769231,1.57648156274,0.382859808093,0.201680672269,2.01465221053,0.978545359402,0.524369747899,1.74894926439,0.849489642704,0.463865546218,0.814492905316,0.428238537847,2.33333333333,1.90196078431,0.814492905316,2.33333333333,0,0,0,0,0.164242424242,17,17,17,1,0,0.352941176471,0.411764705882,0.235294117647,17,37,0.136029411765,1.88235294118,4.35294117647,3.36363636364,2.84615384615,1.69341284359,0.389027274878,0.193958664547,2.09866904602,0.964253345467,0.518282988871,1.87867287326,0.863174022847,0.470588235294,0.786197569093,0.41766745858,2.25,1.88235294118,0.786197569093,2.25,0.166339869281,0.0612244897959,3,0.00441176470588,0.185952380952,17,17,17,1,0,0.352941176471,0.411764705882,0.235294117647,0,0,0,0,0,0,0,0,0,0,0,0,0,0,0,0,0,0,0,0,0,0,0,0,0,0,0,0,0,37,0,0,235,1,1,0,0,1,1,1,1,1,1,2,2,0,0,0,0
1538,WLNM_dir_neg,1,0.5,00:00:01,10,40,21,1982697594,threshold_sweep,0.8,1,1,1,2,0,0,4,1,1,0,0,1,1,1,1,0.555555555556,1,1,1,37,35,2,0,37,0,35,0,2,17,37,0.136029411765,1.88235294118,4.35294117647,3.36363636364,2.84615384615,1.69341284359,0.389027274878,0.193958664547,2.09866904602,0.964253345467,0.518282988871,1.87867287326,0.863174022847,0.470588235294,0.786197569093,0.41766745858,2.25,1.88235294118,0.786197569093,2.25,0.166339869281,0.0612244897959,3,0.00441176470588,0.185952380952,17,17,17,1,0,0.352941176471,0.411764705882,0.235294117647,17,0.128676470588,1.90196078431,4.11764705882,3.18181818182,2.69230769231,1.57648156274,0.382859808093,0.201680672269,2.01465221053,0.978545359402,0.524369747899,1.74894926439,0.849489642704,0.463865546218,0.814492905316,0.428238537847,2.33333333333,1.90196078431,0.814492905316,2.33333333333,0,0,0,0,0.164242424242,17,17,17,1,0,0.352941176471,0.411764705882,0.235294117647,17,37,0.136029411765,1.88235294118,4.35294117647,3.36363636364,2.84615384615,1.69341284359,0.389027274878,0.193958664547,2.09866904602,0.964253345467,0.518282988871,1.87867287326,0.863174022847,0.470588235294,0.786197569093,0.41766745858,2.25,1.88235294118,0.786197569093,2.25,0.166339869281,0.0612244897959,3,0.00441176470588,0.185952380952,17,17,17,1,0,0.352941176471,0.411764705882,0.235294117647,0,0,0,0,0,0,0,0,0,0,0,0,0,0,0,0,0,0,0,0,0,0,0,0,0,0,0,0,0,37,0,0,235,1,1,0,0,1,1,1,1,1,1,2,2,0,0,0,0
1539,WLNM_dir_neg,1,0.5,00:00:01,10,40,21,1982697594,threshold_sweep,0.9,1,1,1,2,0,0,4,1,1,0,0,1,1,1,1,0.555555555556,1,1,1,37,35,2,0,37,0,35,0,2,17,37,0.136029411765,1.88235294118,4.35294117647,3.36363636364,2.84615384615,1.69341284359,0.389027274878,0.193958664547,2.09866904602,0.964253345467,0.518282988871,1.87867287326,0.863174022847,0.470588235294,0.786197569093,0.41766745858,2.25,1.88235294118,0.786197569093,2.25,0.166339869281,0.0612244897959,3,0.00441176470588,0.185952380952,17,17,17,1,0,0.352941176471,0.411764705882,0.235294117647,17,0.128676470588,1.90196078431,4.11764705882,3.18181818182,2.69230769231,1.57648156274,0.382859808093,0.201680672269,2.01465221053,0.978545359402,0.524369747899,1.74894926439,0.849489642704,0.463865546218,0.814492905316,0.428238537847,2.33333333333,1.90196078431,0.814492905316,2.33333333333,0,0,0,0,0.164242424242,17,17,17,1,0,0.352941176471,0.411764705882,0.235294117647,17,37,0.136029411765,1.88235294118,4.35294117647,3.36363636364,2.84615384615,1.69341284359,0.389027274878,0.193958664547,2.09866904602,0.964253345467,0.518282988871,1.87867287326,0.863174022847,0.470588235294,0.786197569093,0.41766745858,2.25,1.88235294118,0.786197569093,2.25,0.166339869281,0.0612244897959,3,0.00441176470588,0.185952380952,17,17,17,1,0,0.352941176471,0.411764705882,0.235294117647,0,0,0,0,0,0,0,0,0,0,0,0,0,0,0,0,0,0,0,0,0,0,0,0,0,0,0,0,0,37,0,0,235,1,1,0,0,1,1,1,1,1,1,2,2,0,0,0,0
1540,WLNM_dir_neg,0.75,0.208333333333,00:00:00,10,40,22,1982697595,threshold_sweep,0.1,0.5,1,0.666666666667,2,2,0,2,1,0.5,0.5,0,0.5,1,0.666666666667,0.666666666667,0.444444444444,0.4,0.5,0.5,37,35,2,0,37,0,35,0,2,17,37,0.136029411765,1.88235294118,4.35294117647,3.36363636364,2.84615384615,1.69341284359,0.389027274878,0.193958664547,2.09866904602,0.964253345467,0.518282988871,1.87867287326,0.863174022847,0.470588235294,0.786197569093,0.41766745858,2.25,1.88235294118,0.786197569093,2.25,0.166339869281,0.0612244897959,3,0.00441176470588,0.185952380952,17,17,17,1,0,0.352941176471,0.411764705882,0.235294117647,17,0.128676470588,1.90196078431,4.11764705882,3.18181818182,2.69230769231,1.57648156274,0.382859808093,0.201680672269,2.01465221053,0.978545359402,0.524369747899,1.74894926439,0.849489642704,0.463865546218,0.814492905316,0.428238537847,2.33333333333,1.90196078431,0.814492905316,2.33333333333,0,0,0,0,0.164242424242,17,17,17,1,0,0.352941176471,0.411764705882,0.235294117647,17,39,0.143382352941,1.97142857143,4.58823529412,3.54545454545,2.6,1.76984545686,0.385735548291,0.199095022624,2.17269147264,0.947070641921,0.506787330317,1.75942838311,0.766930320843,0.413273001508,0.878658532268,0.445696356947,2.42857142857,1.97142857143,0.878658532268,2.42857142857,0.185620915033,0.0967741935484,5,0.00735294117647,0.173189033189,17,17,17,1,0,0.352941176471,0.529411764706,0.117647058824,2,0.00735294117647,0.0890756302521,0.235294117647,0.181818181818,-0.246153846154,0.076432613276,-0.00329172658744,0.00513635807753,0.0740224266266,-0.0171827035457,-0.0114956585545,-0.119244490145,-0.0962437020041,-0.0573152337858,0.092460963175,0.0280288983669,0.178571428571,0.0890756302521,0.092460963175,0.178571428571,0.0192810457516,0.0355497037525,2,0.00294117647059,-0.0127633477633,0,0.117647058824,-0.117647058824,37,2,0,233,1,0.991489361702,0.00851063829787,0,0.948717948718,1,0.973684210526,0.969867905134,0.991489361702,0.948717948718,4,2,0,0,0,0
1541,WLNM_dir_neg,0.75,0.208333333333,00:00:00,10,40,22,1982697595,threshold_sweep,0.2,0.5,1,0.666666666667,2,2,0,2,1,0.5,0.5,0,0.5,1,0.666666666667,0.666666666667,0.444444444444,0.4,0.5,0.5,37,35,2,0,37,0,35,0,2,17,37,0.136029411765,1.88235294118,4.35294117647,3.36363636364,2.84615384615,1.69341284359,0.389027274878,0.193958664547,2.09866904602,0.964253345467,0.518282988871,1.87867287326,0.863174022847,0.470588235294,0.786197569093,0.41766745858,2.25,1.88235294118,0.786197569093,2.25,0.166339869281,0.0612244897959,3,0.00441176470588,0.185952380952,17,17,17,1,0,0.352941176471,0.411764705882,0.235294117647,17,0.128676470588,1.90196078431,4.11764705882,3.18181818182,2.69230769231,1.57648156274,0.382859808093,0.201680672269,2.01465221053,0.978545359402,0.524369747899,1.74894926439,0.849489642704,0.463865546218,0.814492905316,0.428238537847,2.33333333333,1.90196078431,0.814492905316,2.33333333333,0,0,0,0,0.164242424242,17,17,17,1,0,0.352941176471,0.411764705882,0.235294117647,17,39,0.143382352941,1.97142857143,4.58823529412,3.54545454545,2.6,1.76984545686,0.385735548291,0.199095022624,2.17269147264,0.947070641921,0.506787330317,1.75942838311,0.766930320843,0.413273001508,0.878658532268,0.445696356947,2.42857142857,1.97142857143,0.878658532268,2.42857142857,0.185620915033,0.0967741935484,5,0.00735294117647,0.173189033189,17,17,17,1,0,0.352941176471,0.529411764706,0.117647058824,2,0.00735294117647,0.0890756302521,0.235294117647,0.181818181818,-0.246153846154,0.076432613276,-0.00329172658744,0.00513635807753,0.0740224266266,-0.0171827035457,-0.0114956585545,-0.119244490145,-0.0962437020041,-0.0573152337858,0.092460963175,0.0280288983669,0.178571428571,0.0890756302521,0.092460963175,0.178571428571,0.0192810457516,0.0355497037525,2,0.00294117647059,-0.0127633477633,0,0.117647058824,-0.117647058824,37,2,0,233,1,0.991489361702,0.00851063829787,0,0.948717948718,1,0.973684210526,0.969867905134,0.991489361702,0.948717948718,4,2,0,0,0,0
1542,WLNM_dir_neg,0.75,0.208333333333,00:00:00,10,40,22,1982697595,threshold_sweep,0.3,0.5,1,0.666666666667,2,2,0,2,1,0.5,0.5,0,0.5,1,0.666666666667,0.666666666667,0.444444444444,0.4,0.5,0.5,37,35,2,0,37,0,35,0,2,17,37,0.136029411765,1.88235294118,4.35294117647,3.36363636364,2.84615384615,1.69341284359,0.389027274878,0.193958664547,2.09866904602,0.964253345467,0.518282988871,1.87867287326,0.863174022847,0.470588235294,0.786197569093,0.41766745858,2.25,1.88235294118,0.786197569093,2.25,0.166339869281,0.0612244897959,3,0.00441176470588,0.185952380952,17,17,17,1,0,0.352941176471,0.411764705882,0.235294117647,17,0.128676470588,1.90196078431,4.11764705882,3.18181818182,2.69230769231,1.57648156274,0.382859808093,0.201680672269,2.01465221053,0.978545359402,0.524369747899,1.74894926439,0.849489642704,0.463865546218,0.814492905316,0.428238537847,2.33333333333,1.90196078431,0.814492905316,2.33333333333,0,0,0,0,0.164242424242,17,17,17,1,0,0.352941176471,0.411764705882,0.235294117647,17,39,0.143382352941,1.97142857143,4.58823529412,3.54545454545,2.6,1.76984545686,0.385735548291,0.199095022624,2.17269147264,0.947070641921,0.506787330317,1.75942838311,0.766930320843,0.413273001508,0.878658532268,0.445696356947,2.42857142857,1.97142857143,0.878658532268,2.42857142857,0.185620915033,0.0967741935484,5,0.00735294117647,0.173189033189,17,17,17,1,0,0.352941176471,0.529411764706,0.117647058824,2,0.00735294117647,0.0890756302521,0.235294117647,0.181818181818,-0.246153846154,0.076432613276,-0.00329172658744,0.00513635807753,0.0740224266266,-0.0171827035457,-0.0114956585545,-0.119244490145,-0.0962437020041,-0.0573152337858,0.092460963175,0.0280288983669,0.178571428571,0.0890756302521,0.092460963175,0.178571428571,0.0192810457516,0.0355497037525,2,0.00294117647059,-0.0127633477633,0,0.117647058824,-0.117647058824,37,2,0,233,1,0.991489361702,0.00851063829787,0,0.948717948718,1,0.973684210526,0.969867905134,0.991489361702,0.948717948718,4,2,0,0,0,0
1543,WLNM_dir_neg,0.75,0.208333333333,00:00:00,10,40,22,1982697595,threshold_sweep,0.4,0.5,1,0.666666666667,2,2,0,2,1,0.5,0.5,0,0.5,1,0.666666666667,0.666666666667,0.444444444444,0.4,0.5,0.5,37,35,2,0,37,0,35,0,2,17,37,0.136029411765,1.88235294118,4.35294117647,3.36363636364,2.84615384615,1.69341284359,0.389027274878,0.193958664547,2.09866904602,0.964253345467,0.518282988871,1.87867287326,0.863174022847,0.470588235294,0.786197569093,0.41766745858,2.25,1.88235294118,0.786197569093,2.25,0.166339869281,0.0612244897959,3,0.00441176470588,0.185952380952,17,17,17,1,0,0.352941176471,0.411764705882,0.235294117647,17,0.128676470588,1.90196078431,4.11764705882,3.18181818182,2.69230769231,1.57648156274,0.382859808093,0.201680672269,2.01465221053,0.978545359402,0.524369747899,1.74894926439,0.849489642704,0.463865546218,0.814492905316,0.428238537847,2.33333333333,1.90196078431,0.814492905316,2.33333333333,0,0,0,0,0.164242424242,17,17,17,1,0,0.352941176471,0.411764705882,0.235294117647,17,39,0.143382352941,1.97142857143,4.58823529412,3.54545454545,2.6,1.76984545686,0.385735548291,0.199095022624,2.17269147264,0.947070641921,0.506787330317,1.75942838311,0.766930320843,0.413273001508,0.878658532268,0.445696356947,2.42857142857,1.97142857143,0.878658532268,2.42857142857,0.185620915033,0.0967741935484,5,0.00735294117647,0.173189033189,17,17,17,1,0,0.352941176471,0.529411764706,0.117647058824,2,0.00735294117647,0.0890756302521,0.235294117647,0.181818181818,-0.246153846154,0.076432613276,-0.00329172658744,0.00513635807753,0.0740224266266,-0.0171827035457,-0.0114956585545,-0.119244490145,-0.0962437020041,-0.0573152337858,0.092460963175,0.0280288983669,0.178571428571,0.0890756302521,0.092460963175,0.178571428571,0.0192810457516,0.0355497037525,2,0.00294117647059,-0.0127633477633,0,0.117647058824,-0.117647058824,37,2,0,233,1,0.991489361702,0.00851063829787,0,0.948717948718,1,0.973684210526,0.969867905134,0.991489361702,0.948717948718,4,2,0,0,0,0
1544,WLNM_dir_neg,0.75,0.208333333333,00:00:00,10,40,22,1982697595,threshold_sweep,0.5,0.333333333333,0.5,0.4,1,2,1,2,0.5,0.5,0.5,0.5,0.333333333333,0.5,0.4,0.5,0.5,0,0,0,37,35,2,0,37,0,35,0,2,17,37,0.136029411765,1.88235294118,4.35294117647,3.36363636364,2.84615384615,1.69341284359,0.389027274878,0.193958664547,2.09866904602,0.964253345467,0.518282988871,1.87867287326,0.863174022847,0.470588235294,0.786197569093,0.41766745858,2.25,1.88235294118,0.786197569093,2.25,0.166339869281,0.0612244897959,3,0.00441176470588,0.185952380952,17,17,17,1,0,0.352941176471,0.411764705882,0.235294117647,17,0.128676470588,1.90196078431,4.11764705882,3.18181818182,2.69230769231,1.57648156274,0.382859808093,0.201680672269,2.01465221053,0.978545359402,0.524369747899,1.74894926439,0.849489642704,0.463865546218,0.814492905316,0.428238537847,2.33333333333,1.90196078431,0.814492905316,2.33333333333,0,0,0,0,0.164242424242,17,17,17,1,0,0.352941176471,0.411764705882,0.235294117647,17,38,0.139705882353,1.98949579832,4.47058823529,3.45454545455,2.53333333333,1.77192152263,0.396350866904,0.205882352941,2.1074098962,0.942788637772,0.50773993808,1.67814673691,0.750749855984,0.405572755418,0.9087658346,0.456781982333,2.53571428571,1.98949579832,0.9087658346,2.53571428571,0.10522875817,0.0612244897959,3,0.00441176470588,0.164329004329,17,17,17,1,0,0.352941176471,0.529411764706,0.117647058824,1,0.00367647058824,0.107142857143,0.117647058824,0.0909090909091,-0.312820512821,0.0785086790417,0.0073235920257,0.0119236883943,0.00874085018076,-0.0214647076946,-0.0105430507907,-0.200526136349,-0.112424166863,-0.0650154798762,0.122568265508,0.039114523753,0.285714285714,0.107142857143,0.122568265508,0.285714285714,-0.0611111111111,0,0,0,-0.0216233766234,0,0.117647058824,-0.117647058824,36,2,1,233,0.972972972973,0.991489361702,0.00851063829787,0.027027027027,0.947368421053,0.972972972973,0.96,0.953718787304,0.964462334675,0.923076923077,3,2,0,0,0,0
1545,WLNM_dir_neg,0.75,0.208333333333,00:00:00,10,40,22,1982697595,threshold_sweep,0.6,0.333333333333,0.5,0.4,1,2,1,2,0.5,0.5,0.5,0.5,0.333333333333,0.5,0.4,0.5,0.5,0,0,0,37,35,2,0,37,0,35,0,2,17,37,0.136029411765,1.88235294118,4.35294117647,3.36363636364,2.84615384615,1.69341284359,0.389027274878,0.193958664547,2.09866904602,0.964253345467,0.518282988871,1.87867287326,0.863174022847,0.470588235294,0.786197569093,0.41766745858,2.25,1.88235294118,0.786197569093,2.25,0.166339869281,0.0612244897959,3,0.00441176470588,0.185952380952,17,17,17,1,0,0.352941176471,0.411764705882,0.235294117647,17,0.128676470588,1.90196078431,4.11764705882,3.18181818182,2.69230769231,1.57648156274,0.382859808093,0.201680672269,2.01465221053,0.978545359402,0.524369747899,1.74894926439,0.849489642704,0.463865546218,0.814492905316,0.428238537847,2.33333333333,1.90196078431,0.814492905316,2.33333333333,0,0,0,0,0.164242424242,17,17,17,1,0,0.352941176471,0.411764705882,0.235294117647,17,38,0.139705882353,1.98949579832,4.47058823529,3.45454545455,2.53333333333,1.77192152263,0.396350866904,0.205882352941,2.1074098962,0.942788637772,0.50773993808,1.67814673691,0.750749855984,0.405572755418,0.9087658346,0.456781982333,2.53571428571,1.98949579832,0.9087658346,2.53571428571,0.10522875817,0.0612244897959,3,0.00441176470588,0.164329004329,17,17,17,1,0,0.352941176471,0.529411764706,0.117647058824,1,0.00367647058824,0.107142857143,0.117647058824,0.0909090909091,-0.312820512821,0.0785086790417,0.0073235920257,0.0119236883943,0.00874085018076,-0.0214647076946,-0.0105430507907,-0.200526136349,-0.112424166863,-0.0650154798762,0.122568265508,0.039114523753,0.285714285714,0.107142857143,0.122568265508,0.285714285714,-0.0611111111111,0,0,0,-0.0216233766234,0,0.117647058824,-0.117647058824,36,2,1,233,0.972972972973,0.991489361702,0.00851063829787,0.027027027027,0.947368421053,0.972972972973,0.96,0.953718787304,0.964462334675,0.923076923077,3,2,0,0,0,0
1546,WLNM_dir_neg,0.75,0.208333333333,00:00:00,10,40,22,1982697595,threshold_sweep,0.7,0.5,0.5,0.5,1,1,1,3,0.5,0.75,0.25,0.5,0.5,0.5,0.5,0.666666666667,0.555555555556,0.25,0.25,0.25,37,35,2,0,37,0,35,0,2,17,37,0.136029411765,1.88235294118,4.35294117647,3.36363636364,2.84615384615,1.69341284359,0.389027274878,0.193958664547,2.09866904602,0.964253345467,0.518282988871,1.87867287326,0.863174022847,0.470588235294,0.786197569093,0.41766745858,2.25,1.88235294118,0.786197569093,2.25,0.166339869281,0.0612244897959,3,0.00441176470588,0.185952380952,17,17,17,1,0,0.352941176471,0.411764705882,0.235294117647,17,0.128676470588,1.90196078431,4.11764705882,3.18181818182,2.69230769231,1.57648156274,0.382859808093,0.201680672269,2.01465221053,0.978545359402,0.524369747899,1.74894926439,0.849489642704,0.463865546218,0.814492905316,0.428238537847,2.33333333333,1.90196078431,0.814492905316,2.33333333333,0,0,0,0,0.164242424242,17,17,17,1,0,0.352941176471,0.411764705882,0.235294117647,17,37,0.136029411765,1.91544117647,4.35294117647,3.36363636364,2.64285714286,1.69341284359,0.389027274878,0.193958664547,2.09866904602,0.964253345467,0.518282988871,1.74052054418,0.799698628406,0.435612082671,0.835299457574,0.436087240806,2.3125,1.91544117647,0.835299457574,2.3125,0.10522875817,0.0612244897959,3,0.00441176470588,0.171861471861,17,17,17,1,0,0.352941176471,0.470588235294,0.176470588235,0,0,0.0330882352941,0,0,-0.203296703297,0,0,0,0,0,0,-0.138152329077,-0.063475394441,-0.0349761526232,0.0491018884815,0.018419782226,0.0625,0.0330882352941,0.0491018884815,0.0625,-0.0611111111111,0,0,0,-0.0140909090909,0,0.0588235294118,-0.0588235294118,36,1,1,234,0.972972972973,0.995744680851,0.00425531914894,0.027027027027,0.972972972973,0.972972972973,0.972972972973,0.968717653824,0.968717653824,0.947368421053,2,2,0,0,0,0
1547,WLNM_dir_neg,0.75,0.208333333333,00:00:00,10,40,22,1982697595,threshold_sweep,0.8,0.5,0.5,0.5,1,1,1,3,0.5,0.75,0.25,0.5,0.5,0.5,0.5,0.666666666667,0.555555555556,0.25,0.25,0.25,37,35,2,0,37,0,35,0,2,17,37,0.136029411765,1.88235294118,4.35294117647,3.36363636364,2.84615384615,1.69341284359,0.389027274878,0.193958664547,2.09866904602,0.964253345467,0.518282988871,1.87867287326,0.863174022847,0.470588235294,0.786197569093,0.41766745858,2.25,1.88235294118,0.786197569093,2.25,0.166339869281,0.0612244897959,3,0.00441176470588,0.185952380952,17,17,17,1,0,0.352941176471,0.411764705882,0.235294117647,17,0.128676470588,1.90196078431,4.11764705882,3.18181818182,2.69230769231,1.57648156274,0.382859808093,0.201680672269,2.01465221053,0.978545359402,0.524369747899,1.74894926439,0.849489642704,0.463865546218,0.814492905316,0.428238537847,2.33333333333,1.90196078431,0.814492905316,2.33333333333,0,0,0,0,0.164242424242,17,17,17,1,0,0.352941176471,0.411764705882,0.235294117647,17,37,0.136029411765,1.91544117647,4.35294117647,3.36363636364,2.64285714286,1.69341284359,0.389027274878,0.193958664547,2.09866904602,0.964253345467,0.518282988871,1.74052054418,0.799698628406,0.435612082671,0.835299457574,0.436087240806,2.3125,1.91544117647,0.835299457574,2.3125,0.10522875817,0.0612244897959,3,0.00441176470588,0.171861471861,17,17,17,1,0,0.352941176471,0.470588235294,0.176470588235,0,0,0.0330882352941,0,0,-0.203296703297,0,0,0,0,0,0,-0.138152329077,-0.063475394441,-0.0349761526232,0.0491018884815,0.018419782226,0.0625,0.0330882352941,0.0491018884815,0.0625,-0.0611111111111,0,0,0,-0.0140909090909,0,0.0588235294118,-0.0588235294118,36,1,1,234,0.972972972973,0.995744680851,0.00425531914894,0.027027027027,0.972972972973,0.972972972973,0.972972972973,0.968717653824,0.968717653824,0.947368421053,2,2,0,0,0,0
1548,WLNM_dir_neg,0.75,0.208333333333,00:00:00,10,40,22,1982697595,threshold_sweep,0.9,0.5,0.5,0.5,1,1,1,3,0.5,0.75,0.25,0.5,0.5,0.5,0.5,0.666666666667,0.555555555556,0.25,0.25,0.25,37,35,2,0,37,0,35,0,2,17,37,0.136029411765,1.88235294118,4.35294117647,3.36363636364,2.84615384615,1.69341284359,0.389027274878,0.193958664547,2.09866904602,0.964253345467,0.518282988871,1.87867287326,0.863174022847,0.470588235294,0.786197569093,0.41766745858,2.25,1.88235294118,0.786197569093,2.25,0.166339869281,0.0612244897959,3,0.00441176470588,0.185952380952,17,17,17,1,0,0.352941176471,0.411764705882,0.235294117647,17,0.128676470588,1.90196078431,4.11764705882,3.18181818182,2.69230769231,1.57648156274,0.382859808093,0.201680672269,2.01465221053,0.978545359402,0.524369747899,1.74894926439,0.849489642704,0.463865546218,0.814492905316,0.428238537847,2.33333333333,1.90196078431,0.814492905316,2.33333333333,0,0,0,0,0.164242424242,17,17,17,1,0,0.352941176471,0.411764705882,0.235294117647,17,37,0.136029411765,1.91544117647,4.35294117647,3.36363636364,2.64285714286,1.69341284359,0.389027274878,0.193958664547,2.09866904602,0.964253345467,0.518282988871,1.74052054418,0.799698628406,0.435612082671,0.835299457574,0.436087240806,2.3125,1.91544117647,0.835299457574,2.3125,0.10522875817,0.0612244897959,3,0.00441176470588,0.171861471861,17,17,17,1,0,0.352941176471,0.470588235294,0.176470588235,0,0,0.0330882352941,0,0,-0.203296703297,0,0,0,0,0,0,-0.138152329077,-0.063475394441,-0.0349761526232,0.0491018884815,0.018419782226,0.0625,0.0330882352941,0.0491018884815,0.0625,-0.0611111111111,0,0,0,-0.0140909090909,0,0.0588235294118,-0.0588235294118,36,1,1,234,0.972972972973,0.995744680851,0.00425531914894,0.027027027027,0.972972972973,0.972972972973,0.972972972973,0.968717653824,0.968717653824,0.947368421053,2,2,0,0,0,0
1549,WLNM_dir_neg,1,0.5,00:00:01,10,40,23,1982697596,threshold_sweep,0.1,1,1,1,2,0,0,4,1,1,0,0,1,1,1,1,0.555555555556,1,1,1,37,35,2,0,37,0,35,0,2,17,37,0.136029411765,1.88235294118,4.35294117647,3.36363636364,2.84615384615,1.69341284359,0.389027274878,0.193958664547,2.09866904602,0.964253345467,0.518282988871,1.87867287326,0.863174022847,0.470588235294,0.786197569093,0.41766745858,2.25,1.88235294118,0.786197569093,2.25,0.166339869281,0.0612244897959,3,0.00441176470588,0.185952380952,17,17,17,1,0,0.352941176471,0.411764705882,0.235294117647,17,0.128676470588,1.90196078431,4.11764705882,3.18181818182,2.69230769231,1.57648156274,0.382859808093,0.201680672269,2.01465221053,0.978545359402,0.524369747899,1.74894926439,0.849489642704,0.463865546218,0.814492905316,0.428238537847,2.33333333333,1.90196078431,0.814492905316,2.33333333333,0,0,0,0,0.164242424242,17,17,17,1,0,0.352941176471,0.411764705882,0.235294117647,17,37,0.136029411765,1.88235294118,4.35294117647,3.36363636364,2.84615384615,1.69341284359,0.389027274878,0.193958664547,2.09866904602,0.964253345467,0.518282988871,1.87867287326,0.863174022847,0.470588235294,0.786197569093,0.41766745858,2.25,1.88235294118,0.786197569093,2.25,0.166339869281,0.0612244897959,3,0.00441176470588,0.185952380952,17,17,17,1,0,0.352941176471,0.411764705882,0.235294117647,0,0,0,0,0,0,0,0,0,0,0,0,0,0,0,0,0,0,0,0,0,0,0,0,0,0,0,0,0,37,0,0,235,1,1,0,0,1,1,1,1,1,1,2,2,0,0,0,0
1550,WLNM_dir_neg,1,0.5,00:00:01,10,40,23,1982697596,threshold_sweep,0.2,1,1,1,2,0,0,4,1,1,0,0,1,1,1,1,0.555555555556,1,1,1,37,35,2,0,37,0,35,0,2,17,37,0.136029411765,1.88235294118,4.35294117647,3.36363636364,2.84615384615,1.69341284359,0.389027274878,0.193958664547,2.09866904602,0.964253345467,0.518282988871,1.87867287326,0.863174022847,0.470588235294,0.786197569093,0.41766745858,2.25,1.88235294118,0.786197569093,2.25,0.166339869281,0.0612244897959,3,0.00441176470588,0.185952380952,17,17,17,1,0,0.352941176471,0.411764705882,0.235294117647,17,0.128676470588,1.90196078431,4.11764705882,3.18181818182,2.69230769231,1.57648156274,0.382859808093,0.201680672269,2.01465221053,0.978545359402,0.524369747899,1.74894926439,0.849489642704,0.463865546218,0.814492905316,0.428238537847,2.33333333333,1.90196078431,0.814492905316,2.33333333333,0,0,0,0,0.164242424242,17,17,17,1,0,0.352941176471,0.411764705882,0.235294117647,17,37,0.136029411765,1.88235294118,4.35294117647,3.36363636364,2.84615384615,1.69341284359,0.389027274878,0.193958664547,2.09866904602,0.964253345467,0.518282988871,1.87867287326,0.863174022847,0.470588235294,0.786197569093,0.41766745858,2.25,1.88235294118,0.786197569093,2.25,0.166339869281,0.0612244897959,3,0.00441176470588,0.185952380952,17,17,17,1,0,0.352941176471,0.411764705882,0.235294117647,0,0,0,0,0,0,0,0,0,0,0,0,0,0,0,0,0,0,0,0,0,0,0,0,0,0,0,0,0,37,0,0,235,1,1,0,0,1,1,1,1,1,1,2,2,0,0,0,0
1551,WLNM_dir_neg,1,0.5,00:00:01,10,40,23,1982697596,threshold_sweep,0.3,1,1,1,2,0,0,4,1,1,0,0,1,1,1,1,0.555555555556,1,1,1,37,35,2,0,37,0,35,0,2,17,37,0.136029411765,1.88235294118,4.35294117647,3.36363636364,2.84615384615,1.69341284359,0.389027274878,0.193958664547,2.09866904602,0.964253345467,0.518282988871,1.87867287326,0.863174022847,0.470588235294,0.786197569093,0.41766745858,2.25,1.88235294118,0.786197569093,2.25,0.166339869281,0.0612244897959,3,0.00441176470588,0.185952380952,17,17,17,1,0,0.352941176471,0.411764705882,0.235294117647,17,0.128676470588,1.90196078431,4.11764705882,3.18181818182,2.69230769231,1.57648156274,0.382859808093,0.201680672269,2.01465221053,0.978545359402,0.524369747899,1.74894926439,0.849489642704,0.463865546218,0.814492905316,0.428238537847,2.33333333333,1.90196078431,0.814492905316,2.33333333333,0,0,0,0,0.164242424242,17,17,17,1,0,0.352941176471,0.411764705882,0.235294117647,17,37,0.136029411765,1.88235294118,4.35294117647,3.36363636364,2.84615384615,1.69341284359,0.389027274878,0.193958664547,2.09866904602,0.964253345467,0.518282988871,1.87867287326,0.863174022847,0.470588235294,0.786197569093,0.41766745858,2.25,1.88235294118,0.786197569093,2.25,0.166339869281,0.0612244897959,3,0.00441176470588,0.185952380952,17,17,17,1,0,0.352941176471,0.411764705882,0.235294117647,0,0,0,0,0,0,0,0,0,0,0,0,0,0,0,0,0,0,0,0,0,0,0,0,0,0,0,0,0,37,0,0,235,1,1,0,0,1,1,1,1,1,1,2,2,0,0,0,0
1552,WLNM_dir_neg,1,0.5,00:00:01,10,40,23,1982697596,threshold_sweep,0.4,1,1,1,2,0,0,4,1,1,0,0,1,1,1,1,0.555555555556,1,1,1,37,35,2,0,37,0,35,0,2,17,37,0.136029411765,1.88235294118,4.35294117647,3.36363636364,2.84615384615,1.69341284359,0.389027274878,0.193958664547,2.09866904602,0.964253345467,0.518282988871,1.87867287326,0.863174022847,0.470588235294,0.786197569093,0.41766745858,2.25,1.88235294118,0.786197569093,2.25,0.166339869281,0.0612244897959,3,0.00441176470588,0.185952380952,17,17,17,1,0,0.352941176471,0.411764705882,0.235294117647,17,0.128676470588,1.90196078431,4.11764705882,3.18181818182,2.69230769231,1.57648156274,0.382859808093,0.201680672269,2.01465221053,0.978545359402,0.524369747899,1.74894926439,0.849489642704,0.463865546218,0.814492905316,0.428238537847,2.33333333333,1.90196078431,0.814492905316,2.33333333333,0,0,0,0,0.164242424242,17,17,17,1,0,0.352941176471,0.411764705882,0.235294117647,17,37,0.136029411765,1.88235294118,4.35294117647,3.36363636364,2.84615384615,1.69341284359,0.389027274878,0.193958664547,2.09866904602,0.964253345467,0.518282988871,1.87867287326,0.863174022847,0.470588235294,0.786197569093,0.41766745858,2.25,1.88235294118,0.786197569093,2.25,0.166339869281,0.0612244897959,3,0.00441176470588,0.185952380952,17,17,17,1,0,0.352941176471,0.411764705882,0.235294117647,0,0,0,0,0,0,0,0,0,0,0,0,0,0,0,0,0,0,0,0,0,0,0,0,0,0,0,0,0,37,0,0,235,1,1,0,0,1,1,1,1,1,1,2,2,0,0,0,0
1553,WLNM_dir_neg,1,0.5,00:00:01,10,40,23,1982697596,threshold_sweep,0.5,1,1,1,2,0,0,4,1,1,0,0,1,1,1,1,0.555555555556,1,1,1,37,35,2,0,37,0,35,0,2,17,37,0.136029411765,1.88235294118,4.35294117647,3.36363636364,2.84615384615,1.69341284359,0.389027274878,0.193958664547,2.09866904602,0.964253345467,0.518282988871,1.87867287326,0.863174022847,0.470588235294,0.786197569093,0.41766745858,2.25,1.88235294118,0.786197569093,2.25,0.166339869281,0.0612244897959,3,0.00441176470588,0.185952380952,17,17,17,1,0,0.352941176471,0.411764705882,0.235294117647,17,0.128676470588,1.90196078431,4.11764705882,3.18181818182,2.69230769231,1.57648156274,0.382859808093,0.201680672269,2.01465221053,0.978545359402,0.524369747899,1.74894926439,0.849489642704,0.463865546218,0.814492905316,0.428238537847,2.33333333333,1.90196078431,0.814492905316,2.33333333333,0,0,0,0,0.164242424242,17,17,17,1,0,0.352941176471,0.411764705882,0.235294117647,17,37,0.136029411765,1.88235294118,4.35294117647,3.36363636364,2.84615384615,1.69341284359,0.389027274878,0.193958664547,2.09866904602,0.964253345467,0.518282988871,1.87867287326,0.863174022847,0.470588235294,0.786197569093,0.41766745858,2.25,1.88235294118,0.786197569093,2.25,0.166339869281,0.0612244897959,3,0.00441176470588,0.185952380952,17,17,17,1,0,0.352941176471,0.411764705882,0.235294117647,0,0,0,0,0,0,0,0,0,0,0,0,0,0,0,0,0,0,0,0,0,0,0,0,0,0,0,0,0,37,0,0,235,1,1,0,0,1,1,1,1,1,1,2,2,0,0,0,0
1554,WLNM_dir_neg,1,0.5,00:00:01,10,40,23,1982697596,threshold_sweep,0.6,1,0.5,0.666666666667,1,0,1,4,0.5,1,0,0.5,1,0.5,0.666666666667,0.833333333333,0.611111111111,0.571428571429,0.632455532034,0.5,37,35,2,0,37,0,35,0,2,17,37,0.136029411765,1.88235294118,4.35294117647,3.36363636364,2.84615384615,1.69341284359,0.389027274878,0.193958664547,2.09866904602,0.964253345467,0.518282988871,1.87867287326,0.863174022847,0.470588235294,0.786197569093,0.41766745858,2.25,1.88235294118,0.786197569093,2.25,0.166339869281,0.0612244897959,3,0.00441176470588,0.185952380952,17,17,17,1,0,0.352941176471,0.411764705882,0.235294117647,17,0.128676470588,1.90196078431,4.11764705882,3.18181818182,2.69230769231,1.57648156274,0.382859808093,0.201680672269,2.01465221053,0.978545359402,0.524369747899,1.74894926439,0.849489642704,0.463865546218,0.814492905316,0.428238537847,2.33333333333,1.90196078431,0.814492905316,2.33333333333,0,0,0,0,0.164242424242,17,17,17,1,0,0.352941176471,0.411764705882,0.235294117647,17,36,0.132352941176,1.89705882353,4.23529411765,3.27272727273,2.76923076923,1.71498585143,0.40492721492,0.204248366013,2.05798302171,0.971825315808,0.522875816993,1.79869233546,0.849382491746,0.464052287582,0.805541469338,0.424626510969,2.25,1.89705882353,0.805541469338,2.25,0.0702614379085,0.0214285714286,1,0.00147058823529,0.175454545455,17,17,17,1,0,0.352941176471,0.411764705882,0.235294117647,-1,-0.00367647058824,0.0147058823529,-0.117647058824,-0.0909090909091,-0.0769230769231,0.0215730078386,0.0158999400418,0.0102897014662,-0.0406860243059,0.00757197034072,0.00459282812224,-0.0799805377942,-0.0137915311015,-0.00653594771242,0.0193439002456,0.00695905238854,0,0.0147058823529,0.0193439002456,0,-0.0960784313725,-0.0397959183673,-2,-0.00294117647059,-0.0104978354978,0,0,0,36,0,1,235,0.972972972973,1,0,0.027027027027,1,0.972972972973,0.986301369863,0.984301887704,0.972972972973,0.972972972973,1,2,0,0,0,0
1555,WLNM_dir_neg,1,0.5,00:00:01,10,40,23,1982697596,threshold_sweep,0.7,1,0.5,0.666666666667,1,0,1,4,0.5,1,0,0.5,1,0.5,0.666666666667,0.833333333333,0.611111111111,0.571428571429,0.632455532034,0.5,37,35,2,0,37,0,35,0,2,17,37,0.136029411765,1.88235294118,4.35294117647,3.36363636364,2.84615384615,1.69341284359,0.389027274878,0.193958664547,2.09866904602,0.964253345467,0.518282988871,1.87867287326,0.863174022847,0.470588235294,0.786197569093,0.41766745858,2.25,1.88235294118,0.786197569093,2.25,0.166339869281,0.0612244897959,3,0.00441176470588,0.185952380952,17,17,17,1,0,0.352941176471,0.411764705882,0.235294117647,17,0.128676470588,1.90196078431,4.11764705882,3.18181818182,2.69230769231,1.57648156274,0.382859808093,0.201680672269,2.01465221053,0.978545359402,0.524369747899,1.74894926439,0.849489642704,0.463865546218,0.814492905316,0.428238537847,2.33333333333,1.90196078431,0.814492905316,2.33333333333,0,0,0,0,0.164242424242,17,17,17,1,0,0.352941176471,0.411764705882,0.235294117647,17,36,0.132352941176,1.89705882353,4.23529411765,3.27272727273,2.76923076923,1.71498585143,0.40492721492,0.204248366013,2.05798302171,0.971825315808,0.522875816993,1.79869233546,0.849382491746,0.464052287582,0.805541469338,0.424626510969,2.25,1.89705882353,0.805541469338,2.25,0.0702614379085,0.0214285714286,1,0.00147058823529,0.175454545455,17,17,17,1,0,0.352941176471,0.411764705882,0.235294117647,-1,-0.00367647058824,0.0147058823529,-0.117647058824,-0.0909090909091,-0.0769230769231,0.0215730078386,0.0158999400418,0.0102897014662,-0.0406860243059,0.00757197034072,0.00459282812224,-0.0799805377942,-0.0137915311015,-0.00653594771242,0.0193439002456,0.00695905238854,0,0.0147058823529,0.0193439002456,0,-0.0960784313725,-0.0397959183673,-2,-0.00294117647059,-0.0104978354978,0,0,0,36,0,1,235,0.972972972973,1,0,0.027027027027,1,0.972972972973,0.986301369863,0.984301887704,0.972972972973,0.972972972973,1,2,0,0,0,0
1556,WLNM_dir_neg,1,0.5,00:00:01,10,40,23,1982697596,threshold_sweep,0.8,1,0.5,0.666666666667,1,0,1,4,0.5,1,0,0.5,1,0.5,0.666666666667,0.833333333333,0.611111111111,0.571428571429,0.632455532034,0.5,37,35,2,0,37,0,35,0,2,17,37,0.136029411765,1.88235294118,4.35294117647,3.36363636364,2.84615384615,1.69341284359,0.389027274878,0.193958664547,2.09866904602,0.964253345467,0.518282988871,1.87867287326,0.863174022847,0.470588235294,0.786197569093,0.41766745858,2.25,1.88235294118,0.786197569093,2.25,0.166339869281,0.0612244897959,3,0.00441176470588,0.185952380952,17,17,17,1,0,0.352941176471,0.411764705882,0.235294117647,17,0.128676470588,1.90196078431,4.11764705882,3.18181818182,2.69230769231,1.57648156274,0.382859808093,0.201680672269,2.01465221053,0.978545359402,0.524369747899,1.74894926439,0.849489642704,0.463865546218,0.814492905316,0.428238537847,2.33333333333,1.90196078431,0.814492905316,2.33333333333,0,0,0,0,0.164242424242,17,17,17,1,0,0.352941176471,0.411764705882,0.235294117647,17,36,0.132352941176,1.89705882353,4.23529411765,3.27272727273,2.76923076923,1.71498585143,0.40492721492,0.204248366013,2.05798302171,0.971825315808,0.522875816993,1.79869233546,0.849382491746,0.464052287582,0.805541469338,0.424626510969,2.25,1.89705882353,0.805541469338,2.25,0.0702614379085,0.0214285714286,1,0.00147058823529,0.175454545455,17,17,17,1,0,0.352941176471,0.411764705882,0.235294117647,-1,-0.00367647058824,0.0147058823529,-0.117647058824,-0.0909090909091,-0.0769230769231,0.0215730078386,0.0158999400418,0.0102897014662,-0.0406860243059,0.00757197034072,0.00459282812224,-0.0799805377942,-0.0137915311015,-0.00653594771242,0.0193439002456,0.00695905238854,0,0.0147058823529,0.0193439002456,0,-0.0960784313725,-0.0397959183673,-2,-0.00294117647059,-0.0104978354978,0,0,0,36,0,1,235,0.972972972973,1,0,0.027027027027,1,0.972972972973,0.986301369863,0.984301887704,0.972972972973,0.972972972973,1,2,0,0,0,0
1557,WLNM_dir_neg,1,0.5,00:00:01,10,40,23,1982697596,threshold_sweep,0.9,1,0.5,0.666666666667,1,0,1,4,0.5,1,0,0.5,1,0.5,0.666666666667,0.833333333333,0.611111111111,0.571428571429,0.632455532034,0.5,37,35,2,0,37,0,35,0,2,17,37,0.136029411765,1.88235294118,4.35294117647,3.36363636364,2.84615384615,1.69341284359,0.389027274878,0.193958664547,2.09866904602,0.964253345467,0.518282988871,1.87867287326,0.863174022847,0.470588235294,0.786197569093,0.41766745858,2.25,1.88235294118,0.786197569093,2.25,0.166339869281,0.0612244897959,3,0.00441176470588,0.185952380952,17,17,17,1,0,0.352941176471,0.411764705882,0.235294117647,17,0.128676470588,1.90196078431,4.11764705882,3.18181818182,2.69230769231,1.57648156274,0.382859808093,0.201680672269,2.01465221053,0.978545359402,0.524369747899,1.74894926439,0.849489642704,0.463865546218,0.814492905316,0.428238537847,2.33333333333,1.90196078431,0.814492905316,2.33333333333,0,0,0,0,0.164242424242,17,17,17,1,0,0.352941176471,0.411764705882,0.235294117647,17,36,0.132352941176,1.89705882353,4.23529411765,3.27272727273,2.76923076923,1.71498585143,0.40492721492,0.204248366013,2.05798302171,0.971825315808,0.522875816993,1.79869233546,0.849382491746,0.464052287582,0.805541469338,0.424626510969,2.25,1.89705882353,0.805541469338,2.25,0.0702614379085,0.0214285714286,1,0.00147058823529,0.175454545455,17,17,17,1,0,0.352941176471,0.411764705882,0.235294117647,-1,-0.00367647058824,0.0147058823529,-0.117647058824,-0.0909090909091,-0.0769230769231,0.0215730078386,0.0158999400418,0.0102897014662,-0.0406860243059,0.00757197034072,0.00459282812224,-0.0799805377942,-0.0137915311015,-0.00653594771242,0.0193439002456,0.00695905238854,0,0.0147058823529,0.0193439002456,0,-0.0960784313725,-0.0397959183673,-2,-0.00294117647059,-0.0104978354978,0,0,0,36,0,1,235,0.972972972973,1,0,0.027027027027,1,0.972972972973,0.986301369863,0.984301887704,0.972972972973,0.972972972973,1,2,0,0,0,0
1558,WLNM_dir_neg,1,0.5,00:00:00,10,40,24,1982697597,threshold_sweep,0.1,1,1,1,2,0,0,4,1,1,0,0,1,1,1,1,0.555555555556,1,1,1,37,35,2,0,37,0,35,0,2,17,37,0.136029411765,1.88235294118,4.35294117647,3.36363636364,2.84615384615,1.69341284359,0.389027274878,0.193958664547,2.09866904602,0.964253345467,0.518282988871,1.87867287326,0.863174022847,0.470588235294,0.786197569093,0.41766745858,2.25,1.88235294118,0.786197569093,2.25,0.166339869281,0.0612244897959,3,0.00441176470588,0.185952380952,17,17,17,1,0,0.352941176471,0.411764705882,0.235294117647,17,0.128676470588,1.90196078431,4.11764705882,3.18181818182,2.69230769231,1.57648156274,0.382859808093,0.201680672269,2.01465221053,0.978545359402,0.524369747899,1.74894926439,0.849489642704,0.463865546218,0.814492905316,0.428238537847,2.33333333333,1.90196078431,0.814492905316,2.33333333333,0,0,0,0,0.164242424242,17,17,17,1,0,0.352941176471,0.411764705882,0.235294117647,17,37,0.136029411765,1.88235294118,4.35294117647,3.36363636364,2.84615384615,1.69341284359,0.389027274878,0.193958664547,2.09866904602,0.964253345467,0.518282988871,1.87867287326,0.863174022847,0.470588235294,0.786197569093,0.41766745858,2.25,1.88235294118,0.786197569093,2.25,0.166339869281,0.0612244897959,3,0.00441176470588,0.185952380952,17,17,17,1,0,0.352941176471,0.411764705882,0.235294117647,0,0,0,0,0,0,0,0,0,0,0,0,0,0,0,0,0,0,0,0,0,0,0,0,0,0,0,0,0,37,0,0,235,1,1,0,0,1,1,1,1,1,1,2,2,0,0,0,0
1559,WLNM_dir_neg,1,0.5,00:00:00,10,40,24,1982697597,threshold_sweep,0.2,1,1,1,2,0,0,4,1,1,0,0,1,1,1,1,0.555555555556,1,1,1,37,35,2,0,37,0,35,0,2,17,37,0.136029411765,1.88235294118,4.35294117647,3.36363636364,2.84615384615,1.69341284359,0.389027274878,0.193958664547,2.09866904602,0.964253345467,0.518282988871,1.87867287326,0.863174022847,0.470588235294,0.786197569093,0.41766745858,2.25,1.88235294118,0.786197569093,2.25,0.166339869281,0.0612244897959,3,0.00441176470588,0.185952380952,17,17,17,1,0,0.352941176471,0.411764705882,0.235294117647,17,0.128676470588,1.90196078431,4.11764705882,3.18181818182,2.69230769231,1.57648156274,0.382859808093,0.201680672269,2.01465221053,0.978545359402,0.524369747899,1.74894926439,0.849489642704,0.463865546218,0.814492905316,0.428238537847,2.33333333333,1.90196078431,0.814492905316,2.33333333333,0,0,0,0,0.164242424242,17,17,17,1,0,0.352941176471,0.411764705882,0.235294117647,17,37,0.136029411765,1.88235294118,4.35294117647,3.36363636364,2.84615384615,1.69341284359,0.389027274878,0.193958664547,2.09866904602,0.964253345467,0.518282988871,1.87867287326,0.863174022847,0.470588235294,0.786197569093,0.41766745858,2.25,1.88235294118,0.786197569093,2.25,0.166339869281,0.0612244897959,3,0.00441176470588,0.185952380952,17,17,17,1,0,0.352941176471,0.411764705882,0.235294117647,0,0,0,0,0,0,0,0,0,0,0,0,0,0,0,0,0,0,0,0,0,0,0,0,0,0,0,0,0,37,0,0,235,1,1,0,0,1,1,1,1,1,1,2,2,0,0,0,0
1560,WLNM_dir_neg,1,0.5,00:00:00,10,40,24,1982697597,threshold_sweep,0.3,1,1,1,2,0,0,4,1,1,0,0,1,1,1,1,0.555555555556,1,1,1,37,35,2,0,37,0,35,0,2,17,37,0.136029411765,1.88235294118,4.35294117647,3.36363636364,2.84615384615,1.69341284359,0.389027274878,0.193958664547,2.09866904602,0.964253345467,0.518282988871,1.87867287326,0.863174022847,0.470588235294,0.786197569093,0.41766745858,2.25,1.88235294118,0.786197569093,2.25,0.166339869281,0.0612244897959,3,0.00441176470588,0.185952380952,17,17,17,1,0,0.352941176471,0.411764705882,0.235294117647,17,0.128676470588,1.90196078431,4.11764705882,3.18181818182,2.69230769231,1.57648156274,0.382859808093,0.201680672269,2.01465221053,0.978545359402,0.524369747899,1.74894926439,0.849489642704,0.463865546218,0.814492905316,0.428238537847,2.33333333333,1.90196078431,0.814492905316,2.33333333333,0,0,0,0,0.164242424242,17,17,17,1,0,0.352941176471,0.411764705882,0.235294117647,17,37,0.136029411765,1.88235294118,4.35294117647,3.36363636364,2.84615384615,1.69341284359,0.389027274878,0.193958664547,2.09866904602,0.964253345467,0.518282988871,1.87867287326,0.863174022847,0.470588235294,0.786197569093,0.41766745858,2.25,1.88235294118,0.786197569093,2.25,0.166339869281,0.0612244897959,3,0.00441176470588,0.185952380952,17,17,17,1,0,0.352941176471,0.411764705882,0.235294117647,0,0,0,0,0,0,0,0,0,0,0,0,0,0,0,0,0,0,0,0,0,0,0,0,0,0,0,0,0,37,0,0,235,1,1,0,0,1,1,1,1,1,1,2,2,0,0,0,0
1561,WLNM_dir_neg,1,0.5,00:00:00,10,40,24,1982697597,threshold_sweep,0.4,1,1,1,2,0,0,4,1,1,0,0,1,1,1,1,0.555555555556,1,1,1,37,35,2,0,37,0,35,0,2,17,37,0.136029411765,1.88235294118,4.35294117647,3.36363636364,2.84615384615,1.69341284359,0.389027274878,0.193958664547,2.09866904602,0.964253345467,0.518282988871,1.87867287326,0.863174022847,0.470588235294,0.786197569093,0.41766745858,2.25,1.88235294118,0.786197569093,2.25,0.166339869281,0.0612244897959,3,0.00441176470588,0.185952380952,17,17,17,1,0,0.352941176471,0.411764705882,0.235294117647,17,0.128676470588,1.90196078431,4.11764705882,3.18181818182,2.69230769231,1.57648156274,0.382859808093,0.201680672269,2.01465221053,0.978545359402,0.524369747899,1.74894926439,0.849489642704,0.463865546218,0.814492905316,0.428238537847,2.33333333333,1.90196078431,0.814492905316,2.33333333333,0,0,0,0,0.164242424242,17,17,17,1,0,0.352941176471,0.411764705882,0.235294117647,17,37,0.136029411765,1.88235294118,4.35294117647,3.36363636364,2.84615384615,1.69341284359,0.389027274878,0.193958664547,2.09866904602,0.964253345467,0.518282988871,1.87867287326,0.863174022847,0.470588235294,0.786197569093,0.41766745858,2.25,1.88235294118,0.786197569093,2.25,0.166339869281,0.0612244897959,3,0.00441176470588,0.185952380952,17,17,17,1,0,0.352941176471,0.411764705882,0.235294117647,0,0,0,0,0,0,0,0,0,0,0,0,0,0,0,0,0,0,0,0,0,0,0,0,0,0,0,0,0,37,0,0,235,1,1,0,0,1,1,1,1,1,1,2,2,0,0,0,0
1562,WLNM_dir_neg,1,0.5,00:00:00,10,40,24,1982697597,threshold_sweep,0.5,1,1,1,2,0,0,4,1,1,0,0,1,1,1,1,0.555555555556,1,1,1,37,35,2,0,37,0,35,0,2,17,37,0.136029411765,1.88235294118,4.35294117647,3.36363636364,2.84615384615,1.69341284359,0.389027274878,0.193958664547,2.09866904602,0.964253345467,0.518282988871,1.87867287326,0.863174022847,0.470588235294,0.786197569093,0.41766745858,2.25,1.88235294118,0.786197569093,2.25,0.166339869281,0.0612244897959,3,0.00441176470588,0.185952380952,17,17,17,1,0,0.352941176471,0.411764705882,0.235294117647,17,0.128676470588,1.90196078431,4.11764705882,3.18181818182,2.69230769231,1.57648156274,0.382859808093,0.201680672269,2.01465221053,0.978545359402,0.524369747899,1.74894926439,0.849489642704,0.463865546218,0.814492905316,0.428238537847,2.33333333333,1.90196078431,0.814492905316,2.33333333333,0,0,0,0,0.164242424242,17,17,17,1,0,0.352941176471,0.411764705882,0.235294117647,17,37,0.136029411765,1.88235294118,4.35294117647,3.36363636364,2.84615384615,1.69341284359,0.389027274878,0.193958664547,2.09866904602,0.964253345467,0.518282988871,1.87867287326,0.863174022847,0.470588235294,0.786197569093,0.41766745858,2.25,1.88235294118,0.786197569093,2.25,0.166339869281,0.0612244897959,3,0.00441176470588,0.185952380952,17,17,17,1,0,0.352941176471,0.411764705882,0.235294117647,0,0,0,0,0,0,0,0,0,0,0,0,0,0,0,0,0,0,0,0,0,0,0,0,0,0,0,0,0,37,0,0,235,1,1,0,0,1,1,1,1,1,1,2,2,0,0,0,0
1563,WLNM_dir_neg,1,0.5,00:00:00,10,40,24,1982697597,threshold_sweep,0.6,1,1,1,2,0,0,4,1,1,0,0,1,1,1,1,0.555555555556,1,1,1,37,35,2,0,37,0,35,0,2,17,37,0.136029411765,1.88235294118,4.35294117647,3.36363636364,2.84615384615,1.69341284359,0.389027274878,0.193958664547,2.09866904602,0.964253345467,0.518282988871,1.87867287326,0.863174022847,0.470588235294,0.786197569093,0.41766745858,2.25,1.88235294118,0.786197569093,2.25,0.166339869281,0.0612244897959,3,0.00441176470588,0.185952380952,17,17,17,1,0,0.352941176471,0.411764705882,0.235294117647,17,0.128676470588,1.90196078431,4.11764705882,3.18181818182,2.69230769231,1.57648156274,0.382859808093,0.201680672269,2.01465221053,0.978545359402,0.524369747899,1.74894926439,0.849489642704,0.463865546218,0.814492905316,0.428238537847,2.33333333333,1.90196078431,0.814492905316,2.33333333333,0,0,0,0,0.164242424242,17,17,17,1,0,0.352941176471,0.411764705882,0.235294117647,17,37,0.136029411765,1.88235294118,4.35294117647,3.36363636364,2.84615384615,1.69341284359,0.389027274878,0.193958664547,2.09866904602,0.964253345467,0.518282988871,1.87867287326,0.863174022847,0.470588235294,0.786197569093,0.41766745858,2.25,1.88235294118,0.786197569093,2.25,0.166339869281,0.0612244897959,3,0.00441176470588,0.185952380952,17,17,17,1,0,0.352941176471,0.411764705882,0.235294117647,0,0,0,0,0,0,0,0,0,0,0,0,0,0,0,0,0,0,0,0,0,0,0,0,0,0,0,0,0,37,0,0,235,1,1,0,0,1,1,1,1,1,1,2,2,0,0,0,0
1564,WLNM_dir_neg,1,0.5,00:00:00,10,40,24,1982697597,threshold_sweep,0.7,1,1,1,2,0,0,4,1,1,0,0,1,1,1,1,0.555555555556,1,1,1,37,35,2,0,37,0,35,0,2,17,37,0.136029411765,1.88235294118,4.35294117647,3.36363636364,2.84615384615,1.69341284359,0.389027274878,0.193958664547,2.09866904602,0.964253345467,0.518282988871,1.87867287326,0.863174022847,0.470588235294,0.786197569093,0.41766745858,2.25,1.88235294118,0.786197569093,2.25,0.166339869281,0.0612244897959,3,0.00441176470588,0.185952380952,17,17,17,1,0,0.352941176471,0.411764705882,0.235294117647,17,0.128676470588,1.90196078431,4.11764705882,3.18181818182,2.69230769231,1.57648156274,0.382859808093,0.201680672269,2.01465221053,0.978545359402,0.524369747899,1.74894926439,0.849489642704,0.463865546218,0.814492905316,0.428238537847,2.33333333333,1.90196078431,0.814492905316,2.33333333333,0,0,0,0,0.164242424242,17,17,17,1,0,0.352941176471,0.411764705882,0.235294117647,17,37,0.136029411765,1.88235294118,4.35294117647,3.36363636364,2.84615384615,1.69341284359,0.389027274878,0.193958664547,2.09866904602,0.964253345467,0.518282988871,1.87867287326,0.863174022847,0.470588235294,0.786197569093,0.41766745858,2.25,1.88235294118,0.786197569093,2.25,0.166339869281,0.0612244897959,3,0.00441176470588,0.185952380952,17,17,17,1,0,0.352941176471,0.411764705882,0.235294117647,0,0,0,0,0,0,0,0,0,0,0,0,0,0,0,0,0,0,0,0,0,0,0,0,0,0,0,0,0,37,0,0,235,1,1,0,0,1,1,1,1,1,1,2,2,0,0,0,0
1565,WLNM_dir_neg,1,0.5,00:00:00,10,40,24,1982697597,threshold_sweep,0.8,1,1,1,2,0,0,4,1,1,0,0,1,1,1,1,0.555555555556,1,1,1,37,35,2,0,37,0,35,0,2,17,37,0.136029411765,1.88235294118,4.35294117647,3.36363636364,2.84615384615,1.69341284359,0.389027274878,0.193958664547,2.09866904602,0.964253345467,0.518282988871,1.87867287326,0.863174022847,0.470588235294,0.786197569093,0.41766745858,2.25,1.88235294118,0.786197569093,2.25,0.166339869281,0.0612244897959,3,0.00441176470588,0.185952380952,17,17,17,1,0,0.352941176471,0.411764705882,0.235294117647,17,0.128676470588,1.90196078431,4.11764705882,3.18181818182,2.69230769231,1.57648156274,0.382859808093,0.201680672269,2.01465221053,0.978545359402,0.524369747899,1.74894926439,0.849489642704,0.463865546218,0.814492905316,0.428238537847,2.33333333333,1.90196078431,0.814492905316,2.33333333333,0,0,0,0,0.164242424242,17,17,17,1,0,0.352941176471,0.411764705882,0.235294117647,17,37,0.136029411765,1.88235294118,4.35294117647,3.36363636364,2.84615384615,1.69341284359,0.389027274878,0.193958664547,2.09866904602,0.964253345467,0.518282988871,1.87867287326,0.863174022847,0.470588235294,0.786197569093,0.41766745858,2.25,1.88235294118,0.786197569093,2.25,0.166339869281,0.0612244897959,3,0.00441176470588,0.185952380952,17,17,17,1,0,0.352941176471,0.411764705882,0.235294117647,0,0,0,0,0,0,0,0,0,0,0,0,0,0,0,0,0,0,0,0,0,0,0,0,0,0,0,0,0,37,0,0,235,1,1,0,0,1,1,1,1,1,1,2,2,0,0,0,0
1566,WLNM_dir_neg,1,0.5,00:00:00,10,40,24,1982697597,threshold_sweep,0.9,1,1,1,2,0,0,4,1,1,0,0,1,1,1,1,0.555555555556,1,1,1,37,35,2,0,37,0,35,0,2,17,37,0.136029411765,1.88235294118,4.35294117647,3.36363636364,2.84615384615,1.69341284359,0.389027274878,0.193958664547,2.09866904602,0.964253345467,0.518282988871,1.87867287326,0.863174022847,0.470588235294,0.786197569093,0.41766745858,2.25,1.88235294118,0.786197569093,2.25,0.166339869281,0.0612244897959,3,0.00441176470588,0.185952380952,17,17,17,1,0,0.352941176471,0.411764705882,0.235294117647,17,0.128676470588,1.90196078431,4.11764705882,3.18181818182,2.69230769231,1.57648156274,0.382859808093,0.201680672269,2.01465221053,0.978545359402,0.524369747899,1.74894926439,0.849489642704,0.463865546218,0.814492905316,0.428238537847,2.33333333333,1.90196078431,0.814492905316,2.33333333333,0,0,0,0,0.164242424242,17,17,17,1,0,0.352941176471,0.411764705882,0.235294117647,17,37,0.136029411765,1.88235294118,4.35294117647,3.36363636364,2.84615384615,1.69341284359,0.389027274878,0.193958664547,2.09866904602,0.964253345467,0.518282988871,1.87867287326,0.863174022847,0.470588235294,0.786197569093,0.41766745858,2.25,1.88235294118,0.786197569093,2.25,0.166339869281,0.0612244897959,3,0.00441176470588,0.185952380952,17,17,17,1,0,0.352941176471,0.411764705882,0.235294117647,0,0,0,0,0,0,0,0,0,0,0,0,0,0,0,0,0,0,0,0,0,0,0,0,0,0,0,0,0,37,0,0,235,1,1,0,0,1,1,1,1,1,1,2,2,0,0,0,0
1567,WLNM_dir_neg,1,0.5,00:00:00,10,40,25,1982697598,threshold_sweep,0.1,0.666666666667,1,0.8,2,1,0,3,1,0.75,0.25,0,0.666666666667,1,0.8,0.833333333333,0.5,0.666666666667,0.707106781187,0.75,37,35,2,0,37,0,35,0,2,17,37,0.136029411765,1.88235294118,4.35294117647,3.36363636364,2.84615384615,1.69341284359,0.389027274878,0.193958664547,2.09866904602,0.964253345467,0.518282988871,1.87867287326,0.863174022847,0.470588235294,0.786197569093,0.41766745858,2.25,1.88235294118,0.786197569093,2.25,0.166339869281,0.0612244897959,3,0.00441176470588,0.185952380952,17,17,17,1,0,0.352941176471,0.411764705882,0.235294117647,17,0.128676470588,1.90196078431,4.11764705882,3.18181818182,2.69230769231,1.57648156274,0.382859808093,0.201680672269,2.01465221053,0.978545359402,0.524369747899,1.74894926439,0.849489642704,0.463865546218,0.814492905316,0.428238537847,2.33333333333,1.90196078431,0.814492905316,2.33333333333,0,0,0,0,0.164242424242,17,17,17,1,0,0.352941176471,0.411764705882,0.235294117647,17,38,0.139705882353,2.62470588235,4.47058823529,3.16666666667,2.92307692308,1.73629084037,0.388380845872,0.198142414861,2.04723630062,0.915868871331,0.495356037152,1.88843227853,0.84482496671,0.461300309598,1.3175556381,0.501982201874,4,2.62470588235,1.3175556381,4,0.166339869281,0.0612244897959,3,0.00441176470588,0.161778499278,17,17,17,1,0,0.294117647059,0.470588235294,0.235294117647,1,0.00367647058824,0.742352941176,0.117647058824,-0.19696969697,0.0769230769231,0.0428779967836,-0.000646429005719,0.00418375031378,-0.0514327453931,-0.0483844741355,-0.0229269517195,0.00975940527302,-0.018349056137,-0.00928792569659,0.531358069003,0.0843147432937,1.75,0.742352941176,0.531358069003,1.75,0,0,0,0,-0.0241738816739,-0.0588235294118,0.0588235294118,0,37,1,0,234,1,0.995744680851,0.00425531914894,0,0.973684210526,1,0.986666666667,0.984652666406,0.995744680851,0.973684210526,3,2,0,0,0,0
1568,WLNM_dir_neg,1,0.5,00:00:00,10,40,25,1982697598,threshold_sweep,0.2,0.666666666667,1,0.8,2,1,0,3,1,0.75,0.25,0,0.666666666667,1,0.8,0.833333333333,0.5,0.666666666667,0.707106781187,0.75,37,35,2,0,37,0,35,0,2,17,37,0.136029411765,1.88235294118,4.35294117647,3.36363636364,2.84615384615,1.69341284359,0.389027274878,0.193958664547,2.09866904602,0.964253345467,0.518282988871,1.87867287326,0.863174022847,0.470588235294,0.786197569093,0.41766745858,2.25,1.88235294118,0.786197569093,2.25,0.166339869281,0.0612244897959,3,0.00441176470588,0.185952380952,17,17,17,1,0,0.352941176471,0.411764705882,0.235294117647,17,0.128676470588,1.90196078431,4.11764705882,3.18181818182,2.69230769231,1.57648156274,0.382859808093,0.201680672269,2.01465221053,0.978545359402,0.524369747899,1.74894926439,0.849489642704,0.463865546218,0.814492905316,0.428238537847,2.33333333333,1.90196078431,0.814492905316,2.33333333333,0,0,0,0,0.164242424242,17,17,17,1,0,0.352941176471,0.411764705882,0.235294117647,17,38,0.139705882353,2.62470588235,4.47058823529,3.16666666667,2.92307692308,1.73629084037,0.388380845872,0.198142414861,2.04723630062,0.915868871331,0.495356037152,1.88843227853,0.84482496671,0.461300309598,1.3175556381,0.501982201874,4,2.62470588235,1.3175556381,4,0.166339869281,0.0612244897959,3,0.00441176470588,0.161778499278,17,17,17,1,0,0.294117647059,0.470588235294,0.235294117647,1,0.00367647058824,0.742352941176,0.117647058824,-0.19696969697,0.0769230769231,0.0428779967836,-0.000646429005719,0.00418375031378,-0.0514327453931,-0.0483844741355,-0.0229269517195,0.00975940527302,-0.018349056137,-0.00928792569659,0.531358069003,0.0843147432937,1.75,0.742352941176,0.531358069003,1.75,0,0,0,0,-0.0241738816739,-0.0588235294118,0.0588235294118,0,37,1,0,234,1,0.995744680851,0.00425531914894,0,0.973684210526,1,0.986666666667,0.984652666406,0.995744680851,0.973684210526,3,2,0,0,0,0
1569,WLNM_dir_neg,1,0.5,00:00:00,10,40,25,1982697598,threshold_sweep,0.3,0.666666666667,1,0.8,2,1,0,3,1,0.75,0.25,0,0.666666666667,1,0.8,0.833333333333,0.5,0.666666666667,0.707106781187,0.75,37,35,2,0,37,0,35,0,2,17,37,0.136029411765,1.88235294118,4.35294117647,3.36363636364,2.84615384615,1.69341284359,0.389027274878,0.193958664547,2.09866904602,0.964253345467,0.518282988871,1.87867287326,0.863174022847,0.470588235294,0.786197569093,0.41766745858,2.25,1.88235294118,0.786197569093,2.25,0.166339869281,0.0612244897959,3,0.00441176470588,0.185952380952,17,17,17,1,0,0.352941176471,0.411764705882,0.235294117647,17,0.128676470588,1.90196078431,4.11764705882,3.18181818182,2.69230769231,1.57648156274,0.382859808093,0.201680672269,2.01465221053,0.978545359402,0.524369747899,1.74894926439,0.849489642704,0.463865546218,0.814492905316,0.428238537847,2.33333333333,1.90196078431,0.814492905316,2.33333333333,0,0,0,0,0.164242424242,17,17,17,1,0,0.352941176471,0.411764705882,0.235294117647,17,38,0.139705882353,2.62470588235,4.47058823529,3.16666666667,2.92307692308,1.73629084037,0.388380845872,0.198142414861,2.04723630062,0.915868871331,0.495356037152,1.88843227853,0.84482496671,0.461300309598,1.3175556381,0.501982201874,4,2.62470588235,1.3175556381,4,0.166339869281,0.0612244897959,3,0.00441176470588,0.161778499278,17,17,17,1,0,0.294117647059,0.470588235294,0.235294117647,1,0.00367647058824,0.742352941176,0.117647058824,-0.19696969697,0.0769230769231,0.0428779967836,-0.000646429005719,0.00418375031378,-0.0514327453931,-0.0483844741355,-0.0229269517195,0.00975940527302,-0.018349056137,-0.00928792569659,0.531358069003,0.0843147432937,1.75,0.742352941176,0.531358069003,1.75,0,0,0,0,-0.0241738816739,-0.0588235294118,0.0588235294118,0,37,1,0,234,1,0.995744680851,0.00425531914894,0,0.973684210526,1,0.986666666667,0.984652666406,0.995744680851,0.973684210526,3,2,0,0,0,0
1570,WLNM_dir_neg,1,0.5,00:00:00,10,40,25,1982697598,threshold_sweep,0.4,0.666666666667,1,0.8,2,1,0,3,1,0.75,0.25,0,0.666666666667,1,0.8,0.833333333333,0.5,0.666666666667,0.707106781187,0.75,37,35,2,0,37,0,35,0,2,17,37,0.136029411765,1.88235294118,4.35294117647,3.36363636364,2.84615384615,1.69341284359,0.389027274878,0.193958664547,2.09866904602,0.964253345467,0.518282988871,1.87867287326,0.863174022847,0.470588235294,0.786197569093,0.41766745858,2.25,1.88235294118,0.786197569093,2.25,0.166339869281,0.0612244897959,3,0.00441176470588,0.185952380952,17,17,17,1,0,0.352941176471,0.411764705882,0.235294117647,17,0.128676470588,1.90196078431,4.11764705882,3.18181818182,2.69230769231,1.57648156274,0.382859808093,0.201680672269,2.01465221053,0.978545359402,0.524369747899,1.74894926439,0.849489642704,0.463865546218,0.814492905316,0.428238537847,2.33333333333,1.90196078431,0.814492905316,2.33333333333,0,0,0,0,0.164242424242,17,17,17,1,0,0.352941176471,0.411764705882,0.235294117647,17,38,0.139705882353,2.62470588235,4.47058823529,3.16666666667,2.92307692308,1.73629084037,0.388380845872,0.198142414861,2.04723630062,0.915868871331,0.495356037152,1.88843227853,0.84482496671,0.461300309598,1.3175556381,0.501982201874,4,2.62470588235,1.3175556381,4,0.166339869281,0.0612244897959,3,0.00441176470588,0.161778499278,17,17,17,1,0,0.294117647059,0.470588235294,0.235294117647,1,0.00367647058824,0.742352941176,0.117647058824,-0.19696969697,0.0769230769231,0.0428779967836,-0.000646429005719,0.00418375031378,-0.0514327453931,-0.0483844741355,-0.0229269517195,0.00975940527302,-0.018349056137,-0.00928792569659,0.531358069003,0.0843147432937,1.75,0.742352941176,0.531358069003,1.75,0,0,0,0,-0.0241738816739,-0.0588235294118,0.0588235294118,0,37,1,0,234,1,0.995744680851,0.00425531914894,0,0.973684210526,1,0.986666666667,0.984652666406,0.995744680851,0.973684210526,3,2,0,0,0,0
1571,WLNM_dir_neg,1,0.5,00:00:00,10,40,25,1982697598,threshold_sweep,0.5,1,1,1,2,0,0,4,1,1,0,0,1,1,1,1,0.555555555556,1,1,1,37,35,2,0,37,0,35,0,2,17,37,0.136029411765,1.88235294118,4.35294117647,3.36363636364,2.84615384615,1.69341284359,0.389027274878,0.193958664547,2.09866904602,0.964253345467,0.518282988871,1.87867287326,0.863174022847,0.470588235294,0.786197569093,0.41766745858,2.25,1.88235294118,0.786197569093,2.25,0.166339869281,0.0612244897959,3,0.00441176470588,0.185952380952,17,17,17,1,0,0.352941176471,0.411764705882,0.235294117647,17,0.128676470588,1.90196078431,4.11764705882,3.18181818182,2.69230769231,1.57648156274,0.382859808093,0.201680672269,2.01465221053,0.978545359402,0.524369747899,1.74894926439,0.849489642704,0.463865546218,0.814492905316,0.428238537847,2.33333333333,1.90196078431,0.814492905316,2.33333333333,0,0,0,0,0.164242424242,17,17,17,1,0,0.352941176471,0.411764705882,0.235294117647,17,37,0.136029411765,1.88235294118,4.35294117647,3.36363636364,2.84615384615,1.69341284359,0.389027274878,0.193958664547,2.09866904602,0.964253345467,0.518282988871,1.87867287326,0.863174022847,0.470588235294,0.786197569093,0.41766745858,2.25,1.88235294118,0.786197569093,2.25,0.166339869281,0.0612244897959,3,0.00441176470588,0.185952380952,17,17,17,1,0,0.352941176471,0.411764705882,0.235294117647,0,0,0,0,0,0,0,0,0,0,0,0,0,0,0,0,0,0,0,0,0,0,0,0,0,0,0,0,0,37,0,0,235,1,1,0,0,1,1,1,1,1,1,2,2,0,0,0,0
1572,WLNM_dir_neg,1,0.5,00:00:00,10,40,25,1982697598,threshold_sweep,0.6,1,1,1,2,0,0,4,1,1,0,0,1,1,1,1,0.555555555556,1,1,1,37,35,2,0,37,0,35,0,2,17,37,0.136029411765,1.88235294118,4.35294117647,3.36363636364,2.84615384615,1.69341284359,0.389027274878,0.193958664547,2.09866904602,0.964253345467,0.518282988871,1.87867287326,0.863174022847,0.470588235294,0.786197569093,0.41766745858,2.25,1.88235294118,0.786197569093,2.25,0.166339869281,0.0612244897959,3,0.00441176470588,0.185952380952,17,17,17,1,0,0.352941176471,0.411764705882,0.235294117647,17,0.128676470588,1.90196078431,4.11764705882,3.18181818182,2.69230769231,1.57648156274,0.382859808093,0.201680672269,2.01465221053,0.978545359402,0.524369747899,1.74894926439,0.849489642704,0.463865546218,0.814492905316,0.428238537847,2.33333333333,1.90196078431,0.814492905316,2.33333333333,0,0,0,0,0.164242424242,17,17,17,1,0,0.352941176471,0.411764705882,0.235294117647,17,37,0.136029411765,1.88235294118,4.35294117647,3.36363636364,2.84615384615,1.69341284359,0.389027274878,0.193958664547,2.09866904602,0.964253345467,0.518282988871,1.87867287326,0.863174022847,0.470588235294,0.786197569093,0.41766745858,2.25,1.88235294118,0.786197569093,2.25,0.166339869281,0.0612244897959,3,0.00441176470588,0.185952380952,17,17,17,1,0,0.352941176471,0.411764705882,0.235294117647,0,0,0,0,0,0,0,0,0,0,0,0,0,0,0,0,0,0,0,0,0,0,0,0,0,0,0,0,0,37,0,0,235,1,1,0,0,1,1,1,1,1,1,2,2,0,0,0,0
1573,WLNM_dir_neg,1,0.5,00:00:00,10,40,25,1982697598,threshold_sweep,0.7,1,1,1,2,0,0,4,1,1,0,0,1,1,1,1,0.555555555556,1,1,1,37,35,2,0,37,0,35,0,2,17,37,0.136029411765,1.88235294118,4.35294117647,3.36363636364,2.84615384615,1.69341284359,0.389027274878,0.193958664547,2.09866904602,0.964253345467,0.518282988871,1.87867287326,0.863174022847,0.470588235294,0.786197569093,0.41766745858,2.25,1.88235294118,0.786197569093,2.25,0.166339869281,0.0612244897959,3,0.00441176470588,0.185952380952,17,17,17,1,0,0.352941176471,0.411764705882,0.235294117647,17,0.128676470588,1.90196078431,4.11764705882,3.18181818182,2.69230769231,1.57648156274,0.382859808093,0.201680672269,2.01465221053,0.978545359402,0.524369747899,1.74894926439,0.849489642704,0.463865546218,0.814492905316,0.428238537847,2.33333333333,1.90196078431,0.814492905316,2.33333333333,0,0,0,0,0.164242424242,17,17,17,1,0,0.352941176471,0.411764705882,0.235294117647,17,37,0.136029411765,1.88235294118,4.35294117647,3.36363636364,2.84615384615,1.69341284359,0.389027274878,0.193958664547,2.09866904602,0.964253345467,0.518282988871,1.87867287326,0.863174022847,0.470588235294,0.786197569093,0.41766745858,2.25,1.88235294118,0.786197569093,2.25,0.166339869281,0.0612244897959,3,0.00441176470588,0.185952380952,17,17,17,1,0,0.352941176471,0.411764705882,0.235294117647,0,0,0,0,0,0,0,0,0,0,0,0,0,0,0,0,0,0,0,0,0,0,0,0,0,0,0,0,0,37,0,0,235,1,1,0,0,1,1,1,1,1,1,2,2,0,0,0,0
1574,WLNM_dir_neg,1,0.5,00:00:00,10,40,25,1982697598,threshold_sweep,0.8,1,1,1,2,0,0,4,1,1,0,0,1,1,1,1,0.555555555556,1,1,1,37,35,2,0,37,0,35,0,2,17,37,0.136029411765,1.88235294118,4.35294117647,3.36363636364,2.84615384615,1.69341284359,0.389027274878,0.193958664547,2.09866904602,0.964253345467,0.518282988871,1.87867287326,0.863174022847,0.470588235294,0.786197569093,0.41766745858,2.25,1.88235294118,0.786197569093,2.25,0.166339869281,0.0612244897959,3,0.00441176470588,0.185952380952,17,17,17,1,0,0.352941176471,0.411764705882,0.235294117647,17,0.128676470588,1.90196078431,4.11764705882,3.18181818182,2.69230769231,1.57648156274,0.382859808093,0.201680672269,2.01465221053,0.978545359402,0.524369747899,1.74894926439,0.849489642704,0.463865546218,0.814492905316,0.428238537847,2.33333333333,1.90196078431,0.814492905316,2.33333333333,0,0,0,0,0.164242424242,17,17,17,1,0,0.352941176471,0.411764705882,0.235294117647,17,37,0.136029411765,1.88235294118,4.35294117647,3.36363636364,2.84615384615,1.69341284359,0.389027274878,0.193958664547,2.09866904602,0.964253345467,0.518282988871,1.87867287326,0.863174022847,0.470588235294,0.786197569093,0.41766745858,2.25,1.88235294118,0.786197569093,2.25,0.166339869281,0.0612244897959,3,0.00441176470588,0.185952380952,17,17,17,1,0,0.352941176471,0.411764705882,0.235294117647,0,0,0,0,0,0,0,0,0,0,0,0,0,0,0,0,0,0,0,0,0,0,0,0,0,0,0,0,0,37,0,0,235,1,1,0,0,1,1,1,1,1,1,2,2,0,0,0,0
1575,WLNM_dir_neg,1,0.5,00:00:00,10,40,25,1982697598,threshold_sweep,0.9,1,1,1,2,0,0,4,1,1,0,0,1,1,1,1,0.555555555556,1,1,1,37,35,2,0,37,0,35,0,2,17,37,0.136029411765,1.88235294118,4.35294117647,3.36363636364,2.84615384615,1.69341284359,0.389027274878,0.193958664547,2.09866904602,0.964253345467,0.518282988871,1.87867287326,0.863174022847,0.470588235294,0.786197569093,0.41766745858,2.25,1.88235294118,0.786197569093,2.25,0.166339869281,0.0612244897959,3,0.00441176470588,0.185952380952,17,17,17,1,0,0.352941176471,0.411764705882,0.235294117647,17,0.128676470588,1.90196078431,4.11764705882,3.18181818182,2.69230769231,1.57648156274,0.382859808093,0.201680672269,2.01465221053,0.978545359402,0.524369747899,1.74894926439,0.849489642704,0.463865546218,0.814492905316,0.428238537847,2.33333333333,1.90196078431,0.814492905316,2.33333333333,0,0,0,0,0.164242424242,17,17,17,1,0,0.352941176471,0.411764705882,0.235294117647,17,37,0.136029411765,1.88235294118,4.35294117647,3.36363636364,2.84615384615,1.69341284359,0.389027274878,0.193958664547,2.09866904602,0.964253345467,0.518282988871,1.87867287326,0.863174022847,0.470588235294,0.786197569093,0.41766745858,2.25,1.88235294118,0.786197569093,2.25,0.166339869281,0.0612244897959,3,0.00441176470588,0.185952380952,17,17,17,1,0,0.352941176471,0.411764705882,0.235294117647,0,0,0,0,0,0,0,0,0,0,0,0,0,0,0,0,0,0,0,0,0,0,0,0,0,0,0,0,0,37,0,0,235,1,1,0,0,1,1,1,1,1,1,2,2,0,0,0,0
1576,WLNM_dir_neg,0.875,0.291666666667,00:00:00,10,40,26,1982697599,threshold_sweep,0.1,0.666666666667,1,0.8,2,1,0,3,1,0.75,0.25,0,0.666666666667,1,0.8,0.833333333333,0.5,0.666666666667,0.707106781187,0.75,37,35,2,0,37,0,35,0,2,17,37,0.136029411765,1.88235294118,4.35294117647,3.36363636364,2.84615384615,1.69341284359,0.389027274878,0.193958664547,2.09866904602,0.964253345467,0.518282988871,1.87867287326,0.863174022847,0.470588235294,0.786197569093,0.41766745858,2.25,1.88235294118,0.786197569093,2.25,0.166339869281,0.0612244897959,3,0.00441176470588,0.185952380952,17,17,17,1,0,0.352941176471,0.411764705882,0.235294117647,17,0.128676470588,1.90196078431,4.11764705882,3.18181818182,2.69230769231,1.57648156274,0.382859808093,0.201680672269,2.01465221053,0.978545359402,0.524369747899,1.74894926439,0.849489642704,0.463865546218,0.814492905316,0.428238537847,2.33333333333,1.90196078431,0.814492905316,2.33333333333,0,0,0,0,0.164242424242,17,17,17,1,0,0.352941176471,0.411764705882,0.235294117647,17,38,0.139705882353,2.09294117647,4.47058823529,3.16666666667,2.92307692308,1.62471716996,0.36342357749,0.179566563467,2.04723630062,0.915868871331,0.495356037152,1.88843227853,0.84482496671,0.461300309598,0.8705082187,0.415925793083,2.45,2.09294117647,0.8705082187,2.45,0.166339869281,0.0588235294118,3,0.00441176470588,0.161778499278,17,17,17,1,0,0.294117647059,0.470588235294,0.235294117647,1,0.00367647058824,0.210588235294,0.117647058824,-0.19696969697,0.0769230769231,-0.0686956736295,-0.0256036973876,-0.0143921010794,-0.0514327453931,-0.0483844741355,-0.0229269517195,0.00975940527302,-0.018349056137,-0.00928792569659,0.084310649607,-0.00174166549743,0.2,0.210588235294,0.084310649607,0.2,0,-0.00240096038415,0,0,-0.0241738816739,-0.0588235294118,0.0588235294118,0,37,1,0,234,1,0.995744680851,0.00425531914894,0,0.973684210526,1,0.986666666667,0.984652666406,0.995744680851,0.973684210526,3,2,0,0,0,0
1577,WLNM_dir_neg,0.875,0.291666666667,00:00:00,10,40,26,1982697599,threshold_sweep,0.2,0.666666666667,1,0.8,2,1,0,3,1,0.75,0.25,0,0.666666666667,1,0.8,0.833333333333,0.5,0.666666666667,0.707106781187,0.75,37,35,2,0,37,0,35,0,2,17,37,0.136029411765,1.88235294118,4.35294117647,3.36363636364,2.84615384615,1.69341284359,0.389027274878,0.193958664547,2.09866904602,0.964253345467,0.518282988871,1.87867287326,0.863174022847,0.470588235294,0.786197569093,0.41766745858,2.25,1.88235294118,0.786197569093,2.25,0.166339869281,0.0612244897959,3,0.00441176470588,0.185952380952,17,17,17,1,0,0.352941176471,0.411764705882,0.235294117647,17,0.128676470588,1.90196078431,4.11764705882,3.18181818182,2.69230769231,1.57648156274,0.382859808093,0.201680672269,2.01465221053,0.978545359402,0.524369747899,1.74894926439,0.849489642704,0.463865546218,0.814492905316,0.428238537847,2.33333333333,1.90196078431,0.814492905316,2.33333333333,0,0,0,0,0.164242424242,17,17,17,1,0,0.352941176471,0.411764705882,0.235294117647,17,38,0.139705882353,2.09294117647,4.47058823529,3.16666666667,2.92307692308,1.62471716996,0.36342357749,0.179566563467,2.04723630062,0.915868871331,0.495356037152,1.88843227853,0.84482496671,0.461300309598,0.8705082187,0.415925793083,2.45,2.09294117647,0.8705082187,2.45,0.166339869281,0.0588235294118,3,0.00441176470588,0.161778499278,17,17,17,1,0,0.294117647059,0.470588235294,0.235294117647,1,0.00367647058824,0.210588235294,0.117647058824,-0.19696969697,0.0769230769231,-0.0686956736295,-0.0256036973876,-0.0143921010794,-0.0514327453931,-0.0483844741355,-0.0229269517195,0.00975940527302,-0.018349056137,-0.00928792569659,0.084310649607,-0.00174166549743,0.2,0.210588235294,0.084310649607,0.2,0,-0.00240096038415,0,0,-0.0241738816739,-0.0588235294118,0.0588235294118,0,37,1,0,234,1,0.995744680851,0.00425531914894,0,0.973684210526,1,0.986666666667,0.984652666406,0.995744680851,0.973684210526,3,2,0,0,0,0
1578,WLNM_dir_neg,0.875,0.291666666667,00:00:00,10,40,26,1982697599,threshold_sweep,0.3,0.666666666667,1,0.8,2,1,0,3,1,0.75,0.25,0,0.666666666667,1,0.8,0.833333333333,0.5,0.666666666667,0.707106781187,0.75,37,35,2,0,37,0,35,0,2,17,37,0.136029411765,1.88235294118,4.35294117647,3.36363636364,2.84615384615,1.69341284359,0.389027274878,0.193958664547,2.09866904602,0.964253345467,0.518282988871,1.87867287326,0.863174022847,0.470588235294,0.786197569093,0.41766745858,2.25,1.88235294118,0.786197569093,2.25,0.166339869281,0.0612244897959,3,0.00441176470588,0.185952380952,17,17,17,1,0,0.352941176471,0.411764705882,0.235294117647,17,0.128676470588,1.90196078431,4.11764705882,3.18181818182,2.69230769231,1.57648156274,0.382859808093,0.201680672269,2.01465221053,0.978545359402,0.524369747899,1.74894926439,0.849489642704,0.463865546218,0.814492905316,0.428238537847,2.33333333333,1.90196078431,0.814492905316,2.33333333333,0,0,0,0,0.164242424242,17,17,17,1,0,0.352941176471,0.411764705882,0.235294117647,17,38,0.139705882353,2.09294117647,4.47058823529,3.16666666667,2.92307692308,1.62471716996,0.36342357749,0.179566563467,2.04723630062,0.915868871331,0.495356037152,1.88843227853,0.84482496671,0.461300309598,0.8705082187,0.415925793083,2.45,2.09294117647,0.8705082187,2.45,0.166339869281,0.0588235294118,3,0.00441176470588,0.161778499278,17,17,17,1,0,0.294117647059,0.470588235294,0.235294117647,1,0.00367647058824,0.210588235294,0.117647058824,-0.19696969697,0.0769230769231,-0.0686956736295,-0.0256036973876,-0.0143921010794,-0.0514327453931,-0.0483844741355,-0.0229269517195,0.00975940527302,-0.018349056137,-0.00928792569659,0.084310649607,-0.00174166549743,0.2,0.210588235294,0.084310649607,0.2,0,-0.00240096038415,0,0,-0.0241738816739,-0.0588235294118,0.0588235294118,0,37,1,0,234,1,0.995744680851,0.00425531914894,0,0.973684210526,1,0.986666666667,0.984652666406,0.995744680851,0.973684210526,3,2,0,0,0,0
1579,WLNM_dir_neg,0.875,0.291666666667,00:00:00,10,40,26,1982697599,threshold_sweep,0.4,0.666666666667,1,0.8,2,1,0,3,1,0.75,0.25,0,0.666666666667,1,0.8,0.833333333333,0.5,0.666666666667,0.707106781187,0.75,37,35,2,0,37,0,35,0,2,17,37,0.136029411765,1.88235294118,4.35294117647,3.36363636364,2.84615384615,1.69341284359,0.389027274878,0.193958664547,2.09866904602,0.964253345467,0.518282988871,1.87867287326,0.863174022847,0.470588235294,0.786197569093,0.41766745858,2.25,1.88235294118,0.786197569093,2.25,0.166339869281,0.0612244897959,3,0.00441176470588,0.185952380952,17,17,17,1,0,0.352941176471,0.411764705882,0.235294117647,17,0.128676470588,1.90196078431,4.11764705882,3.18181818182,2.69230769231,1.57648156274,0.382859808093,0.201680672269,2.01465221053,0.978545359402,0.524369747899,1.74894926439,0.849489642704,0.463865546218,0.814492905316,0.428238537847,2.33333333333,1.90196078431,0.814492905316,2.33333333333,0,0,0,0,0.164242424242,17,17,17,1,0,0.352941176471,0.411764705882,0.235294117647,17,38,0.139705882353,2.09294117647,4.47058823529,3.16666666667,2.92307692308,1.62471716996,0.36342357749,0.179566563467,2.04723630062,0.915868871331,0.495356037152,1.88843227853,0.84482496671,0.461300309598,0.8705082187,0.415925793083,2.45,2.09294117647,0.8705082187,2.45,0.166339869281,0.0588235294118,3,0.00441176470588,0.161778499278,17,17,17,1,0,0.294117647059,0.470588235294,0.235294117647,1,0.00367647058824,0.210588235294,0.117647058824,-0.19696969697,0.0769230769231,-0.0686956736295,-0.0256036973876,-0.0143921010794,-0.0514327453931,-0.0483844741355,-0.0229269517195,0.00975940527302,-0.018349056137,-0.00928792569659,0.084310649607,-0.00174166549743,0.2,0.210588235294,0.084310649607,0.2,0,-0.00240096038415,0,0,-0.0241738816739,-0.0588235294118,0.0588235294118,0,37,1,0,234,1,0.995744680851,0.00425531914894,0,0.973684210526,1,0.986666666667,0.984652666406,0.995744680851,0.973684210526,3,2,0,0,0,0
1580,WLNM_dir_neg,0.875,0.291666666667,00:00:00,10,40,26,1982697599,threshold_sweep,0.5,0.666666666667,1,0.8,2,1,0,3,1,0.75,0.25,0,0.666666666667,1,0.8,0.833333333333,0.5,0.666666666667,0.707106781187,0.75,37,35,2,0,37,0,35,0,2,17,37,0.136029411765,1.88235294118,4.35294117647,3.36363636364,2.84615384615,1.69341284359,0.389027274878,0.193958664547,2.09866904602,0.964253345467,0.518282988871,1.87867287326,0.863174022847,0.470588235294,0.786197569093,0.41766745858,2.25,1.88235294118,0.786197569093,2.25,0.166339869281,0.0612244897959,3,0.00441176470588,0.185952380952,17,17,17,1,0,0.352941176471,0.411764705882,0.235294117647,17,0.128676470588,1.90196078431,4.11764705882,3.18181818182,2.69230769231,1.57648156274,0.382859808093,0.201680672269,2.01465221053,0.978545359402,0.524369747899,1.74894926439,0.849489642704,0.463865546218,0.814492905316,0.428238537847,2.33333333333,1.90196078431,0.814492905316,2.33333333333,0,0,0,0,0.164242424242,17,17,17,1,0,0.352941176471,0.411764705882,0.235294117647,17,38,0.139705882353,2.09294117647,4.47058823529,3.16666666667,2.92307692308,1.62471716996,0.36342357749,0.179566563467,2.04723630062,0.915868871331,0.495356037152,1.88843227853,0.84482496671,0.461300309598,0.8705082187,0.415925793083,2.45,2.09294117647,0.8705082187,2.45,0.166339869281,0.0588235294118,3,0.00441176470588,0.161778499278,17,17,17,1,0,0.294117647059,0.470588235294,0.235294117647,1,0.00367647058824,0.210588235294,0.117647058824,-0.19696969697,0.0769230769231,-0.0686956736295,-0.0256036973876,-0.0143921010794,-0.0514327453931,-0.0483844741355,-0.0229269517195,0.00975940527302,-0.018349056137,-0.00928792569659,0.084310649607,-0.00174166549743,0.2,0.210588235294,0.084310649607,0.2,0,-0.00240096038415,0,0,-0.0241738816739,-0.0588235294118,0.0588235294118,0,37,1,0,234,1,0.995744680851,0.00425531914894,0,0.973684210526,1,0.986666666667,0.984652666406,0.995744680851,0.973684210526,3,2,0,0,0,0
1581,WLNM_dir_neg,0.875,0.291666666667,00:00:00,10,40,26,1982697599,threshold_sweep,0.6,0.666666666667,1,0.8,2,1,0,3,1,0.75,0.25,0,0.666666666667,1,0.8,0.833333333333,0.5,0.666666666667,0.707106781187,0.75,37,35,2,0,37,0,35,0,2,17,37,0.136029411765,1.88235294118,4.35294117647,3.36363636364,2.84615384615,1.69341284359,0.389027274878,0.193958664547,2.09866904602,0.964253345467,0.518282988871,1.87867287326,0.863174022847,0.470588235294,0.786197569093,0.41766745858,2.25,1.88235294118,0.786197569093,2.25,0.166339869281,0.0612244897959,3,0.00441176470588,0.185952380952,17,17,17,1,0,0.352941176471,0.411764705882,0.235294117647,17,0.128676470588,1.90196078431,4.11764705882,3.18181818182,2.69230769231,1.57648156274,0.382859808093,0.201680672269,2.01465221053,0.978545359402,0.524369747899,1.74894926439,0.849489642704,0.463865546218,0.814492905316,0.428238537847,2.33333333333,1.90196078431,0.814492905316,2.33333333333,0,0,0,0,0.164242424242,17,17,17,1,0,0.352941176471,0.411764705882,0.235294117647,17,38,0.139705882353,2.09294117647,4.47058823529,3.16666666667,2.92307692308,1.62471716996,0.36342357749,0.179566563467,2.04723630062,0.915868871331,0.495356037152,1.88843227853,0.84482496671,0.461300309598,0.8705082187,0.415925793083,2.45,2.09294117647,0.8705082187,2.45,0.166339869281,0.0588235294118,3,0.00441176470588,0.161778499278,17,17,17,1,0,0.294117647059,0.470588235294,0.235294117647,1,0.00367647058824,0.210588235294,0.117647058824,-0.19696969697,0.0769230769231,-0.0686956736295,-0.0256036973876,-0.0143921010794,-0.0514327453931,-0.0483844741355,-0.0229269517195,0.00975940527302,-0.018349056137,-0.00928792569659,0.084310649607,-0.00174166549743,0.2,0.210588235294,0.084310649607,0.2,0,-0.00240096038415,0,0,-0.0241738816739,-0.0588235294118,0.0588235294118,0,37,1,0,234,1,0.995744680851,0.00425531914894,0,0.973684210526,1,0.986666666667,0.984652666406,0.995744680851,0.973684210526,3,2,0,0,0,0
1582,WLNM_dir_neg,0.875,0.291666666667,00:00:00,10,40,26,1982697599,threshold_sweep,0.7,0.666666666667,1,0.8,2,1,0,3,1,0.75,0.25,0,0.666666666667,1,0.8,0.833333333333,0.5,0.666666666667,0.707106781187,0.75,37,35,2,0,37,0,35,0,2,17,37,0.136029411765,1.88235294118,4.35294117647,3.36363636364,2.84615384615,1.69341284359,0.389027274878,0.193958664547,2.09866904602,0.964253345467,0.518282988871,1.87867287326,0.863174022847,0.470588235294,0.786197569093,0.41766745858,2.25,1.88235294118,0.786197569093,2.25,0.166339869281,0.0612244897959,3,0.00441176470588,0.185952380952,17,17,17,1,0,0.352941176471,0.411764705882,0.235294117647,17,0.128676470588,1.90196078431,4.11764705882,3.18181818182,2.69230769231,1.57648156274,0.382859808093,0.201680672269,2.01465221053,0.978545359402,0.524369747899,1.74894926439,0.849489642704,0.463865546218,0.814492905316,0.428238537847,2.33333333333,1.90196078431,0.814492905316,2.33333333333,0,0,0,0,0.164242424242,17,17,17,1,0,0.352941176471,0.411764705882,0.235294117647,17,38,0.139705882353,2.09294117647,4.47058823529,3.16666666667,2.92307692308,1.62471716996,0.36342357749,0.179566563467,2.04723630062,0.915868871331,0.495356037152,1.88843227853,0.84482496671,0.461300309598,0.8705082187,0.415925793083,2.45,2.09294117647,0.8705082187,2.45,0.166339869281,0.0588235294118,3,0.00441176470588,0.161778499278,17,17,17,1,0,0.294117647059,0.470588235294,0.235294117647,1,0.00367647058824,0.210588235294,0.117647058824,-0.19696969697,0.0769230769231,-0.0686956736295,-0.0256036973876,-0.0143921010794,-0.0514327453931,-0.0483844741355,-0.0229269517195,0.00975940527302,-0.018349056137,-0.00928792569659,0.084310649607,-0.00174166549743,0.2,0.210588235294,0.084310649607,0.2,0,-0.00240096038415,0,0,-0.0241738816739,-0.0588235294118,0.0588235294118,0,37,1,0,234,1,0.995744680851,0.00425531914894,0,0.973684210526,1,0.986666666667,0.984652666406,0.995744680851,0.973684210526,3,2,0,0,0,0
1583,WLNM_dir_neg,0.875,0.291666666667,00:00:00,10,40,26,1982697599,threshold_sweep,0.8,0.666666666667,1,0.8,2,1,0,3,1,0.75,0.25,0,0.666666666667,1,0.8,0.833333333333,0.5,0.666666666667,0.707106781187,0.75,37,35,2,0,37,0,35,0,2,17,37,0.136029411765,1.88235294118,4.35294117647,3.36363636364,2.84615384615,1.69341284359,0.389027274878,0.193958664547,2.09866904602,0.964253345467,0.518282988871,1.87867287326,0.863174022847,0.470588235294,0.786197569093,0.41766745858,2.25,1.88235294118,0.786197569093,2.25,0.166339869281,0.0612244897959,3,0.00441176470588,0.185952380952,17,17,17,1,0,0.352941176471,0.411764705882,0.235294117647,17,0.128676470588,1.90196078431,4.11764705882,3.18181818182,2.69230769231,1.57648156274,0.382859808093,0.201680672269,2.01465221053,0.978545359402,0.524369747899,1.74894926439,0.849489642704,0.463865546218,0.814492905316,0.428238537847,2.33333333333,1.90196078431,0.814492905316,2.33333333333,0,0,0,0,0.164242424242,17,17,17,1,0,0.352941176471,0.411764705882,0.235294117647,17,38,0.139705882353,2.09294117647,4.47058823529,3.16666666667,2.92307692308,1.62471716996,0.36342357749,0.179566563467,2.04723630062,0.915868871331,0.495356037152,1.88843227853,0.84482496671,0.461300309598,0.8705082187,0.415925793083,2.45,2.09294117647,0.8705082187,2.45,0.166339869281,0.0588235294118,3,0.00441176470588,0.161778499278,17,17,17,1,0,0.294117647059,0.470588235294,0.235294117647,1,0.00367647058824,0.210588235294,0.117647058824,-0.19696969697,0.0769230769231,-0.0686956736295,-0.0256036973876,-0.0143921010794,-0.0514327453931,-0.0483844741355,-0.0229269517195,0.00975940527302,-0.018349056137,-0.00928792569659,0.084310649607,-0.00174166549743,0.2,0.210588235294,0.084310649607,0.2,0,-0.00240096038415,0,0,-0.0241738816739,-0.0588235294118,0.0588235294118,0,37,1,0,234,1,0.995744680851,0.00425531914894,0,0.973684210526,1,0.986666666667,0.984652666406,0.995744680851,0.973684210526,3,2,0,0,0,0
1584,WLNM_dir_neg,0.875,0.291666666667,00:00:00,10,40,26,1982697599,threshold_sweep,0.9,0.666666666667,1,0.8,2,1,0,3,1,0.75,0.25,0,0.666666666667,1,0.8,0.833333333333,0.5,0.666666666667,0.707106781187,0.75,37,35,2,0,37,0,35,0,2,17,37,0.136029411765,1.88235294118,4.35294117647,3.36363636364,2.84615384615,1.69341284359,0.389027274878,0.193958664547,2.09866904602,0.964253345467,0.518282988871,1.87867287326,0.863174022847,0.470588235294,0.786197569093,0.41766745858,2.25,1.88235294118,0.786197569093,2.25,0.166339869281,0.0612244897959,3,0.00441176470588,0.185952380952,17,17,17,1,0,0.352941176471,0.411764705882,0.235294117647,17,0.128676470588,1.90196078431,4.11764705882,3.18181818182,2.69230769231,1.57648156274,0.382859808093,0.201680672269,2.01465221053,0.978545359402,0.524369747899,1.74894926439,0.849489642704,0.463865546218,0.814492905316,0.428238537847,2.33333333333,1.90196078431,0.814492905316,2.33333333333,0,0,0,0,0.164242424242,17,17,17,1,0,0.352941176471,0.411764705882,0.235294117647,17,38,0.139705882353,2.09294117647,4.47058823529,3.16666666667,2.92307692308,1.62471716996,0.36342357749,0.179566563467,2.04723630062,0.915868871331,0.495356037152,1.88843227853,0.84482496671,0.461300309598,0.8705082187,0.415925793083,2.45,2.09294117647,0.8705082187,2.45,0.166339869281,0.0588235294118,3,0.00441176470588,0.161778499278,17,17,17,1,0,0.294117647059,0.470588235294,0.235294117647,1,0.00367647058824,0.210588235294,0.117647058824,-0.19696969697,0.0769230769231,-0.0686956736295,-0.0256036973876,-0.0143921010794,-0.0514327453931,-0.0483844741355,-0.0229269517195,0.00975940527302,-0.018349056137,-0.00928792569659,0.084310649607,-0.00174166549743,0.2,0.210588235294,0.084310649607,0.2,0,-0.00240096038415,0,0,-0.0241738816739,-0.0588235294118,0.0588235294118,0,37,1,0,234,1,0.995744680851,0.00425531914894,0,0.973684210526,1,0.986666666667,0.984652666406,0.995744680851,0.973684210526,3,2,0,0,0,0
1585,WLNM_dir_neg,1,0.5,00:00:00,10,40,27,1982697600,threshold_sweep,0.1,1,1,1,2,0,0,4,1,1,0,0,1,1,1,1,0.555555555556,1,1,1,37,35,2,0,37,0,35,0,2,17,37,0.136029411765,1.88235294118,4.35294117647,3.36363636364,2.84615384615,1.69341284359,0.389027274878,0.193958664547,2.09866904602,0.964253345467,0.518282988871,1.87867287326,0.863174022847,0.470588235294,0.786197569093,0.41766745858,2.25,1.88235294118,0.786197569093,2.25,0.166339869281,0.0612244897959,3,0.00441176470588,0.185952380952,17,17,17,1,0,0.352941176471,0.411764705882,0.235294117647,17,0.128676470588,1.90196078431,4.11764705882,3.18181818182,2.69230769231,1.57648156274,0.382859808093,0.201680672269,2.01465221053,0.978545359402,0.524369747899,1.74894926439,0.849489642704,0.463865546218,0.814492905316,0.428238537847,2.33333333333,1.90196078431,0.814492905316,2.33333333333,0,0,0,0,0.164242424242,17,17,17,1,0,0.352941176471,0.411764705882,0.235294117647,17,37,0.136029411765,1.88235294118,4.35294117647,3.36363636364,2.84615384615,1.69341284359,0.389027274878,0.193958664547,2.09866904602,0.964253345467,0.518282988871,1.87867287326,0.863174022847,0.470588235294,0.786197569093,0.41766745858,2.25,1.88235294118,0.786197569093,2.25,0.166339869281,0.0612244897959,3,0.00441176470588,0.185952380952,17,17,17,1,0,0.352941176471,0.411764705882,0.235294117647,0,0,0,0,0,0,0,0,0,0,0,0,0,0,0,0,0,0,0,0,0,0,0,0,0,0,0,0,0,37,0,0,235,1,1,0,0,1,1,1,1,1,1,2,2,0,0,0,0
1586,WLNM_dir_neg,1,0.5,00:00:00,10,40,27,1982697600,threshold_sweep,0.2,1,1,1,2,0,0,4,1,1,0,0,1,1,1,1,0.555555555556,1,1,1,37,35,2,0,37,0,35,0,2,17,37,0.136029411765,1.88235294118,4.35294117647,3.36363636364,2.84615384615,1.69341284359,0.389027274878,0.193958664547,2.09866904602,0.964253345467,0.518282988871,1.87867287326,0.863174022847,0.470588235294,0.786197569093,0.41766745858,2.25,1.88235294118,0.786197569093,2.25,0.166339869281,0.0612244897959,3,0.00441176470588,0.185952380952,17,17,17,1,0,0.352941176471,0.411764705882,0.235294117647,17,0.128676470588,1.90196078431,4.11764705882,3.18181818182,2.69230769231,1.57648156274,0.382859808093,0.201680672269,2.01465221053,0.978545359402,0.524369747899,1.74894926439,0.849489642704,0.463865546218,0.814492905316,0.428238537847,2.33333333333,1.90196078431,0.814492905316,2.33333333333,0,0,0,0,0.164242424242,17,17,17,1,0,0.352941176471,0.411764705882,0.235294117647,17,37,0.136029411765,1.88235294118,4.35294117647,3.36363636364,2.84615384615,1.69341284359,0.389027274878,0.193958664547,2.09866904602,0.964253345467,0.518282988871,1.87867287326,0.863174022847,0.470588235294,0.786197569093,0.41766745858,2.25,1.88235294118,0.786197569093,2.25,0.166339869281,0.0612244897959,3,0.00441176470588,0.185952380952,17,17,17,1,0,0.352941176471,0.411764705882,0.235294117647,0,0,0,0,0,0,0,0,0,0,0,0,0,0,0,0,0,0,0,0,0,0,0,0,0,0,0,0,0,37,0,0,235,1,1,0,0,1,1,1,1,1,1,2,2,0,0,0,0
1587,WLNM_dir_neg,1,0.5,00:00:00,10,40,27,1982697600,threshold_sweep,0.3,1,1,1,2,0,0,4,1,1,0,0,1,1,1,1,0.555555555556,1,1,1,37,35,2,0,37,0,35,0,2,17,37,0.136029411765,1.88235294118,4.35294117647,3.36363636364,2.84615384615,1.69341284359,0.389027274878,0.193958664547,2.09866904602,0.964253345467,0.518282988871,1.87867287326,0.863174022847,0.470588235294,0.786197569093,0.41766745858,2.25,1.88235294118,0.786197569093,2.25,0.166339869281,0.0612244897959,3,0.00441176470588,0.185952380952,17,17,17,1,0,0.352941176471,0.411764705882,0.235294117647,17,0.128676470588,1.90196078431,4.11764705882,3.18181818182,2.69230769231,1.57648156274,0.382859808093,0.201680672269,2.01465221053,0.978545359402,0.524369747899,1.74894926439,0.849489642704,0.463865546218,0.814492905316,0.428238537847,2.33333333333,1.90196078431,0.814492905316,2.33333333333,0,0,0,0,0.164242424242,17,17,17,1,0,0.352941176471,0.411764705882,0.235294117647,17,37,0.136029411765,1.88235294118,4.35294117647,3.36363636364,2.84615384615,1.69341284359,0.389027274878,0.193958664547,2.09866904602,0.964253345467,0.518282988871,1.87867287326,0.863174022847,0.470588235294,0.786197569093,0.41766745858,2.25,1.88235294118,0.786197569093,2.25,0.166339869281,0.0612244897959,3,0.00441176470588,0.185952380952,17,17,17,1,0,0.352941176471,0.411764705882,0.235294117647,0,0,0,0,0,0,0,0,0,0,0,0,0,0,0,0,0,0,0,0,0,0,0,0,0,0,0,0,0,37,0,0,235,1,1,0,0,1,1,1,1,1,1,2,2,0,0,0,0
1588,WLNM_dir_neg,1,0.5,00:00:00,10,40,27,1982697600,threshold_sweep,0.4,1,1,1,2,0,0,4,1,1,0,0,1,1,1,1,0.555555555556,1,1,1,37,35,2,0,37,0,35,0,2,17,37,0.136029411765,1.88235294118,4.35294117647,3.36363636364,2.84615384615,1.69341284359,0.389027274878,0.193958664547,2.09866904602,0.964253345467,0.518282988871,1.87867287326,0.863174022847,0.470588235294,0.786197569093,0.41766745858,2.25,1.88235294118,0.786197569093,2.25,0.166339869281,0.0612244897959,3,0.00441176470588,0.185952380952,17,17,17,1,0,0.352941176471,0.411764705882,0.235294117647,17,0.128676470588,1.90196078431,4.11764705882,3.18181818182,2.69230769231,1.57648156274,0.382859808093,0.201680672269,2.01465221053,0.978545359402,0.524369747899,1.74894926439,0.849489642704,0.463865546218,0.814492905316,0.428238537847,2.33333333333,1.90196078431,0.814492905316,2.33333333333,0,0,0,0,0.164242424242,17,17,17,1,0,0.352941176471,0.411764705882,0.235294117647,17,37,0.136029411765,1.88235294118,4.35294117647,3.36363636364,2.84615384615,1.69341284359,0.389027274878,0.193958664547,2.09866904602,0.964253345467,0.518282988871,1.87867287326,0.863174022847,0.470588235294,0.786197569093,0.41766745858,2.25,1.88235294118,0.786197569093,2.25,0.166339869281,0.0612244897959,3,0.00441176470588,0.185952380952,17,17,17,1,0,0.352941176471,0.411764705882,0.235294117647,0,0,0,0,0,0,0,0,0,0,0,0,0,0,0,0,0,0,0,0,0,0,0,0,0,0,0,0,0,37,0,0,235,1,1,0,0,1,1,1,1,1,1,2,2,0,0,0,0
1589,WLNM_dir_neg,1,0.5,00:00:00,10,40,27,1982697600,threshold_sweep,0.5,1,1,1,2,0,0,4,1,1,0,0,1,1,1,1,0.555555555556,1,1,1,37,35,2,0,37,0,35,0,2,17,37,0.136029411765,1.88235294118,4.35294117647,3.36363636364,2.84615384615,1.69341284359,0.389027274878,0.193958664547,2.09866904602,0.964253345467,0.518282988871,1.87867287326,0.863174022847,0.470588235294,0.786197569093,0.41766745858,2.25,1.88235294118,0.786197569093,2.25,0.166339869281,0.0612244897959,3,0.00441176470588,0.185952380952,17,17,17,1,0,0.352941176471,0.411764705882,0.235294117647,17,0.128676470588,1.90196078431,4.11764705882,3.18181818182,2.69230769231,1.57648156274,0.382859808093,0.201680672269,2.01465221053,0.978545359402,0.524369747899,1.74894926439,0.849489642704,0.463865546218,0.814492905316,0.428238537847,2.33333333333,1.90196078431,0.814492905316,2.33333333333,0,0,0,0,0.164242424242,17,17,17,1,0,0.352941176471,0.411764705882,0.235294117647,17,37,0.136029411765,1.88235294118,4.35294117647,3.36363636364,2.84615384615,1.69341284359,0.389027274878,0.193958664547,2.09866904602,0.964253345467,0.518282988871,1.87867287326,0.863174022847,0.470588235294,0.786197569093,0.41766745858,2.25,1.88235294118,0.786197569093,2.25,0.166339869281,0.0612244897959,3,0.00441176470588,0.185952380952,17,17,17,1,0,0.352941176471,0.411764705882,0.235294117647,0,0,0,0,0,0,0,0,0,0,0,0,0,0,0,0,0,0,0,0,0,0,0,0,0,0,0,0,0,37,0,0,235,1,1,0,0,1,1,1,1,1,1,2,2,0,0,0,0
1590,WLNM_dir_neg,1,0.5,00:00:00,10,40,27,1982697600,threshold_sweep,0.6,1,1,1,2,0,0,4,1,1,0,0,1,1,1,1,0.555555555556,1,1,1,37,35,2,0,37,0,35,0,2,17,37,0.136029411765,1.88235294118,4.35294117647,3.36363636364,2.84615384615,1.69341284359,0.389027274878,0.193958664547,2.09866904602,0.964253345467,0.518282988871,1.87867287326,0.863174022847,0.470588235294,0.786197569093,0.41766745858,2.25,1.88235294118,0.786197569093,2.25,0.166339869281,0.0612244897959,3,0.00441176470588,0.185952380952,17,17,17,1,0,0.352941176471,0.411764705882,0.235294117647,17,0.128676470588,1.90196078431,4.11764705882,3.18181818182,2.69230769231,1.57648156274,0.382859808093,0.201680672269,2.01465221053,0.978545359402,0.524369747899,1.74894926439,0.849489642704,0.463865546218,0.814492905316,0.428238537847,2.33333333333,1.90196078431,0.814492905316,2.33333333333,0,0,0,0,0.164242424242,17,17,17,1,0,0.352941176471,0.411764705882,0.235294117647,17,37,0.136029411765,1.88235294118,4.35294117647,3.36363636364,2.84615384615,1.69341284359,0.389027274878,0.193958664547,2.09866904602,0.964253345467,0.518282988871,1.87867287326,0.863174022847,0.470588235294,0.786197569093,0.41766745858,2.25,1.88235294118,0.786197569093,2.25,0.166339869281,0.0612244897959,3,0.00441176470588,0.185952380952,17,17,17,1,0,0.352941176471,0.411764705882,0.235294117647,0,0,0,0,0,0,0,0,0,0,0,0,0,0,0,0,0,0,0,0,0,0,0,0,0,0,0,0,0,37,0,0,235,1,1,0,0,1,1,1,1,1,1,2,2,0,0,0,0
1591,WLNM_dir_neg,1,0.5,00:00:00,10,40,27,1982697600,threshold_sweep,0.7,1,1,1,2,0,0,4,1,1,0,0,1,1,1,1,0.555555555556,1,1,1,37,35,2,0,37,0,35,0,2,17,37,0.136029411765,1.88235294118,4.35294117647,3.36363636364,2.84615384615,1.69341284359,0.389027274878,0.193958664547,2.09866904602,0.964253345467,0.518282988871,1.87867287326,0.863174022847,0.470588235294,0.786197569093,0.41766745858,2.25,1.88235294118,0.786197569093,2.25,0.166339869281,0.0612244897959,3,0.00441176470588,0.185952380952,17,17,17,1,0,0.352941176471,0.411764705882,0.235294117647,17,0.128676470588,1.90196078431,4.11764705882,3.18181818182,2.69230769231,1.57648156274,0.382859808093,0.201680672269,2.01465221053,0.978545359402,0.524369747899,1.74894926439,0.849489642704,0.463865546218,0.814492905316,0.428238537847,2.33333333333,1.90196078431,0.814492905316,2.33333333333,0,0,0,0,0.164242424242,17,17,17,1,0,0.352941176471,0.411764705882,0.235294117647,17,37,0.136029411765,1.88235294118,4.35294117647,3.36363636364,2.84615384615,1.69341284359,0.389027274878,0.193958664547,2.09866904602,0.964253345467,0.518282988871,1.87867287326,0.863174022847,0.470588235294,0.786197569093,0.41766745858,2.25,1.88235294118,0.786197569093,2.25,0.166339869281,0.0612244897959,3,0.00441176470588,0.185952380952,17,17,17,1,0,0.352941176471,0.411764705882,0.235294117647,0,0,0,0,0,0,0,0,0,0,0,0,0,0,0,0,0,0,0,0,0,0,0,0,0,0,0,0,0,37,0,0,235,1,1,0,0,1,1,1,1,1,1,2,2,0,0,0,0
1592,WLNM_dir_neg,1,0.5,00:00:00,10,40,27,1982697600,threshold_sweep,0.8,1,1,1,2,0,0,4,1,1,0,0,1,1,1,1,0.555555555556,1,1,1,37,35,2,0,37,0,35,0,2,17,37,0.136029411765,1.88235294118,4.35294117647,3.36363636364,2.84615384615,1.69341284359,0.389027274878,0.193958664547,2.09866904602,0.964253345467,0.518282988871,1.87867287326,0.863174022847,0.470588235294,0.786197569093,0.41766745858,2.25,1.88235294118,0.786197569093,2.25,0.166339869281,0.0612244897959,3,0.00441176470588,0.185952380952,17,17,17,1,0,0.352941176471,0.411764705882,0.235294117647,17,0.128676470588,1.90196078431,4.11764705882,3.18181818182,2.69230769231,1.57648156274,0.382859808093,0.201680672269,2.01465221053,0.978545359402,0.524369747899,1.74894926439,0.849489642704,0.463865546218,0.814492905316,0.428238537847,2.33333333333,1.90196078431,0.814492905316,2.33333333333,0,0,0,0,0.164242424242,17,17,17,1,0,0.352941176471,0.411764705882,0.235294117647,17,37,0.136029411765,1.88235294118,4.35294117647,3.36363636364,2.84615384615,1.69341284359,0.389027274878,0.193958664547,2.09866904602,0.964253345467,0.518282988871,1.87867287326,0.863174022847,0.470588235294,0.786197569093,0.41766745858,2.25,1.88235294118,0.786197569093,2.25,0.166339869281,0.0612244897959,3,0.00441176470588,0.185952380952,17,17,17,1,0,0.352941176471,0.411764705882,0.235294117647,0,0,0,0,0,0,0,0,0,0,0,0,0,0,0,0,0,0,0,0,0,0,0,0,0,0,0,0,0,37,0,0,235,1,1,0,0,1,1,1,1,1,1,2,2,0,0,0,0
1593,WLNM_dir_neg,1,0.5,00:00:00,10,40,27,1982697600,threshold_sweep,0.9,1,0.5,0.666666666667,1,0,1,4,0.5,1,0,0.5,1,0.5,0.666666666667,0.833333333333,0.611111111111,0.571428571429,0.632455532034,0.5,37,35,2,0,37,0,35,0,2,17,37,0.136029411765,1.88235294118,4.35294117647,3.36363636364,2.84615384615,1.69341284359,0.389027274878,0.193958664547,2.09866904602,0.964253345467,0.518282988871,1.87867287326,0.863174022847,0.470588235294,0.786197569093,0.41766745858,2.25,1.88235294118,0.786197569093,2.25,0.166339869281,0.0612244897959,3,0.00441176470588,0.185952380952,17,17,17,1,0,0.352941176471,0.411764705882,0.235294117647,17,0.128676470588,1.90196078431,4.11764705882,3.18181818182,2.69230769231,1.57648156274,0.382859808093,0.201680672269,2.01465221053,0.978545359402,0.524369747899,1.74894926439,0.849489642704,0.463865546218,0.814492905316,0.428238537847,2.33333333333,1.90196078431,0.814492905316,2.33333333333,0,0,0,0,0.164242424242,17,17,17,1,0,0.352941176471,0.411764705882,0.235294117647,17,36,0.132352941176,1.89705882353,4.23529411765,3.27272727273,2.76923076923,1.71498585143,0.40492721492,0.204248366013,2.05798302171,0.971825315808,0.522875816993,1.79869233546,0.849382491746,0.464052287582,0.805541469338,0.424626510969,2.25,1.89705882353,0.805541469338,2.25,0.0702614379085,0.0214285714286,1,0.00147058823529,0.175454545455,17,17,17,1,0,0.352941176471,0.411764705882,0.235294117647,-1,-0.00367647058824,0.0147058823529,-0.117647058824,-0.0909090909091,-0.0769230769231,0.0215730078386,0.0158999400418,0.0102897014662,-0.0406860243059,0.00757197034072,0.00459282812224,-0.0799805377942,-0.0137915311015,-0.00653594771242,0.0193439002456,0.00695905238854,0,0.0147058823529,0.0193439002456,0,-0.0960784313725,-0.0397959183673,-2,-0.00294117647059,-0.0104978354978,0,0,0,36,0,1,235,0.972972972973,1,0,0.027027027027,1,0.972972972973,0.986301369863,0.984301887704,0.972972972973,0.972972972973,1,2,0,0,0,0
1594,WLNM_dir_neg,1,0.5,00:00:00,10,40,28,1982697601,threshold_sweep,0.1,0.666666666667,1,0.8,2,1,0,3,1,0.75,0.25,0,0.666666666667,1,0.8,0.833333333333,0.5,0.666666666667,0.707106781187,0.75,37,35,2,0,37,0,35,0,2,17,37,0.136029411765,1.88235294118,4.35294117647,3.36363636364,2.84615384615,1.69341284359,0.389027274878,0.193958664547,2.09866904602,0.964253345467,0.518282988871,1.87867287326,0.863174022847,0.470588235294,0.786197569093,0.41766745858,2.25,1.88235294118,0.786197569093,2.25,0.166339869281,0.0612244897959,3,0.00441176470588,0.185952380952,17,17,17,1,0,0.352941176471,0.411764705882,0.235294117647,17,0.128676470588,1.90196078431,4.11764705882,3.18181818182,2.69230769231,1.57648156274,0.382859808093,0.201680672269,2.01465221053,0.978545359402,0.524369747899,1.74894926439,0.849489642704,0.463865546218,0.814492905316,0.428238537847,2.33333333333,1.90196078431,0.814492905316,2.33333333333,0,0,0,0,0.164242424242,17,17,17,1,0,0.352941176471,0.411764705882,0.235294117647,17,38,0.139705882353,1.90441176471,4.47058823529,3.45454545455,2.71428571429,1.73629084037,0.388380845872,0.198142414861,2.19457888229,0.981785289445,0.529411764706,1.82103719638,0.814674535221,0.442724458204,0.794917217296,0.417408268541,2.25,1.90441176471,0.794917217296,2.25,0.162418300654,0.0576923076923,3,0.00441176470588,0.178506493506,17,17,17,1,0,0.352941176471,0.470588235294,0.176470588235,1,0.00367647058824,0.0220588235294,0.117647058824,0.0909090909091,-0.131868131868,0.0428779967836,-0.000646429005719,0.00418375031378,0.0959098362728,0.0175319439782,0.0111287758347,-0.0576356768785,-0.0484994876259,-0.0278637770898,0.00871964820301,-0.000259190039119,0,0.0220588235294,0.00871964820301,0,-0.00392156862745,-0.00353218210361,0,0,-0.00744588744589,0,0.0588235294118,-0.0588235294118,37,1,0,234,1,0.995744680851,0.00425531914894,0,0.973684210526,1,0.986666666667,0.984652666406,0.995744680851,0.973684210526,3,2,0,0,0,0
1595,WLNM_dir_neg,1,0.5,00:00:00,10,40,28,1982697601,threshold_sweep,0.2,0.666666666667,1,0.8,2,1,0,3,1,0.75,0.25,0,0.666666666667,1,0.8,0.833333333333,0.5,0.666666666667,0.707106781187,0.75,37,35,2,0,37,0,35,0,2,17,37,0.136029411765,1.88235294118,4.35294117647,3.36363636364,2.84615384615,1.69341284359,0.389027274878,0.193958664547,2.09866904602,0.964253345467,0.518282988871,1.87867287326,0.863174022847,0.470588235294,0.786197569093,0.41766745858,2.25,1.88235294118,0.786197569093,2.25,0.166339869281,0.0612244897959,3,0.00441176470588,0.185952380952,17,17,17,1,0,0.352941176471,0.411764705882,0.235294117647,17,0.128676470588,1.90196078431,4.11764705882,3.18181818182,2.69230769231,1.57648156274,0.382859808093,0.201680672269,2.01465221053,0.978545359402,0.524369747899,1.74894926439,0.849489642704,0.463865546218,0.814492905316,0.428238537847,2.33333333333,1.90196078431,0.814492905316,2.33333333333,0,0,0,0,0.164242424242,17,17,17,1,0,0.352941176471,0.411764705882,0.235294117647,17,38,0.139705882353,1.90441176471,4.47058823529,3.45454545455,2.71428571429,1.73629084037,0.388380845872,0.198142414861,2.19457888229,0.981785289445,0.529411764706,1.82103719638,0.814674535221,0.442724458204,0.794917217296,0.417408268541,2.25,1.90441176471,0.794917217296,2.25,0.162418300654,0.0576923076923,3,0.00441176470588,0.178506493506,17,17,17,1,0,0.352941176471,0.470588235294,0.176470588235,1,0.00367647058824,0.0220588235294,0.117647058824,0.0909090909091,-0.131868131868,0.0428779967836,-0.000646429005719,0.00418375031378,0.0959098362728,0.0175319439782,0.0111287758347,-0.0576356768785,-0.0484994876259,-0.0278637770898,0.00871964820301,-0.000259190039119,0,0.0220588235294,0.00871964820301,0,-0.00392156862745,-0.00353218210361,0,0,-0.00744588744589,0,0.0588235294118,-0.0588235294118,37,1,0,234,1,0.995744680851,0.00425531914894,0,0.973684210526,1,0.986666666667,0.984652666406,0.995744680851,0.973684210526,3,2,0,0,0,0
1596,WLNM_dir_neg,1,0.5,00:00:00,10,40,28,1982697601,threshold_sweep,0.3,0.666666666667,1,0.8,2,1,0,3,1,0.75,0.25,0,0.666666666667,1,0.8,0.833333333333,0.5,0.666666666667,0.707106781187,0.75,37,35,2,0,37,0,35,0,2,17,37,0.136029411765,1.88235294118,4.35294117647,3.36363636364,2.84615384615,1.69341284359,0.389027274878,0.193958664547,2.09866904602,0.964253345467,0.518282988871,1.87867287326,0.863174022847,0.470588235294,0.786197569093,0.41766745858,2.25,1.88235294118,0.786197569093,2.25,0.166339869281,0.0612244897959,3,0.00441176470588,0.185952380952,17,17,17,1,0,0.352941176471,0.411764705882,0.235294117647,17,0.128676470588,1.90196078431,4.11764705882,3.18181818182,2.69230769231,1.57648156274,0.382859808093,0.201680672269,2.01465221053,0.978545359402,0.524369747899,1.74894926439,0.849489642704,0.463865546218,0.814492905316,0.428238537847,2.33333333333,1.90196078431,0.814492905316,2.33333333333,0,0,0,0,0.164242424242,17,17,17,1,0,0.352941176471,0.411764705882,0.235294117647,17,38,0.139705882353,1.90441176471,4.47058823529,3.45454545455,2.71428571429,1.73629084037,0.388380845872,0.198142414861,2.19457888229,0.981785289445,0.529411764706,1.82103719638,0.814674535221,0.442724458204,0.794917217296,0.417408268541,2.25,1.90441176471,0.794917217296,2.25,0.162418300654,0.0576923076923,3,0.00441176470588,0.178506493506,17,17,17,1,0,0.352941176471,0.470588235294,0.176470588235,1,0.00367647058824,0.0220588235294,0.117647058824,0.0909090909091,-0.131868131868,0.0428779967836,-0.000646429005719,0.00418375031378,0.0959098362728,0.0175319439782,0.0111287758347,-0.0576356768785,-0.0484994876259,-0.0278637770898,0.00871964820301,-0.000259190039119,0,0.0220588235294,0.00871964820301,0,-0.00392156862745,-0.00353218210361,0,0,-0.00744588744589,0,0.0588235294118,-0.0588235294118,37,1,0,234,1,0.995744680851,0.00425531914894,0,0.973684210526,1,0.986666666667,0.984652666406,0.995744680851,0.973684210526,3,2,0,0,0,0
1597,WLNM_dir_neg,1,0.5,00:00:00,10,40,28,1982697601,threshold_sweep,0.4,0.666666666667,1,0.8,2,1,0,3,1,0.75,0.25,0,0.666666666667,1,0.8,0.833333333333,0.5,0.666666666667,0.707106781187,0.75,37,35,2,0,37,0,35,0,2,17,37,0.136029411765,1.88235294118,4.35294117647,3.36363636364,2.84615384615,1.69341284359,0.389027274878,0.193958664547,2.09866904602,0.964253345467,0.518282988871,1.87867287326,0.863174022847,0.470588235294,0.786197569093,0.41766745858,2.25,1.88235294118,0.786197569093,2.25,0.166339869281,0.0612244897959,3,0.00441176470588,0.185952380952,17,17,17,1,0,0.352941176471,0.411764705882,0.235294117647,17,0.128676470588,1.90196078431,4.11764705882,3.18181818182,2.69230769231,1.57648156274,0.382859808093,0.201680672269,2.01465221053,0.978545359402,0.524369747899,1.74894926439,0.849489642704,0.463865546218,0.814492905316,0.428238537847,2.33333333333,1.90196078431,0.814492905316,2.33333333333,0,0,0,0,0.164242424242,17,17,17,1,0,0.352941176471,0.411764705882,0.235294117647,17,38,0.139705882353,1.90441176471,4.47058823529,3.45454545455,2.71428571429,1.73629084037,0.388380845872,0.198142414861,2.19457888229,0.981785289445,0.529411764706,1.82103719638,0.814674535221,0.442724458204,0.794917217296,0.417408268541,2.25,1.90441176471,0.794917217296,2.25,0.162418300654,0.0576923076923,3,0.00441176470588,0.178506493506,17,17,17,1,0,0.352941176471,0.470588235294,0.176470588235,1,0.00367647058824,0.0220588235294,0.117647058824,0.0909090909091,-0.131868131868,0.0428779967836,-0.000646429005719,0.00418375031378,0.0959098362728,0.0175319439782,0.0111287758347,-0.0576356768785,-0.0484994876259,-0.0278637770898,0.00871964820301,-0.000259190039119,0,0.0220588235294,0.00871964820301,0,-0.00392156862745,-0.00353218210361,0,0,-0.00744588744589,0,0.0588235294118,-0.0588235294118,37,1,0,234,1,0.995744680851,0.00425531914894,0,0.973684210526,1,0.986666666667,0.984652666406,0.995744680851,0.973684210526,3,2,0,0,0,0
1598,WLNM_dir_neg,1,0.5,00:00:00,10,40,28,1982697601,threshold_sweep,0.5,0.666666666667,1,0.8,2,1,0,3,1,0.75,0.25,0,0.666666666667,1,0.8,0.833333333333,0.5,0.666666666667,0.707106781187,0.75,37,35,2,0,37,0,35,0,2,17,37,0.136029411765,1.88235294118,4.35294117647,3.36363636364,2.84615384615,1.69341284359,0.389027274878,0.193958664547,2.09866904602,0.964253345467,0.518282988871,1.87867287326,0.863174022847,0.470588235294,0.786197569093,0.41766745858,2.25,1.88235294118,0.786197569093,2.25,0.166339869281,0.0612244897959,3,0.00441176470588,0.185952380952,17,17,17,1,0,0.352941176471,0.411764705882,0.235294117647,17,0.128676470588,1.90196078431,4.11764705882,3.18181818182,2.69230769231,1.57648156274,0.382859808093,0.201680672269,2.01465221053,0.978545359402,0.524369747899,1.74894926439,0.849489642704,0.463865546218,0.814492905316,0.428238537847,2.33333333333,1.90196078431,0.814492905316,2.33333333333,0,0,0,0,0.164242424242,17,17,17,1,0,0.352941176471,0.411764705882,0.235294117647,17,38,0.139705882353,1.90441176471,4.47058823529,3.45454545455,2.71428571429,1.73629084037,0.388380845872,0.198142414861,2.19457888229,0.981785289445,0.529411764706,1.82103719638,0.814674535221,0.442724458204,0.794917217296,0.417408268541,2.25,1.90441176471,0.794917217296,2.25,0.162418300654,0.0576923076923,3,0.00441176470588,0.178506493506,17,17,17,1,0,0.352941176471,0.470588235294,0.176470588235,1,0.00367647058824,0.0220588235294,0.117647058824,0.0909090909091,-0.131868131868,0.0428779967836,-0.000646429005719,0.00418375031378,0.0959098362728,0.0175319439782,0.0111287758347,-0.0576356768785,-0.0484994876259,-0.0278637770898,0.00871964820301,-0.000259190039119,0,0.0220588235294,0.00871964820301,0,-0.00392156862745,-0.00353218210361,0,0,-0.00744588744589,0,0.0588235294118,-0.0588235294118,37,1,0,234,1,0.995744680851,0.00425531914894,0,0.973684210526,1,0.986666666667,0.984652666406,0.995744680851,0.973684210526,3,2,0,0,0,0
1599,WLNM_dir_neg,1,0.5,00:00:00,10,40,28,1982697601,threshold_sweep,0.6,0.666666666667,1,0.8,2,1,0,3,1,0.75,0.25,0,0.666666666667,1,0.8,0.833333333333,0.5,0.666666666667,0.707106781187,0.75,37,35,2,0,37,0,35,0,2,17,37,0.136029411765,1.88235294118,4.35294117647,3.36363636364,2.84615384615,1.69341284359,0.389027274878,0.193958664547,2.09866904602,0.964253345467,0.518282988871,1.87867287326,0.863174022847,0.470588235294,0.786197569093,0.41766745858,2.25,1.88235294118,0.786197569093,2.25,0.166339869281,0.0612244897959,3,0.00441176470588,0.185952380952,17,17,17,1,0,0.352941176471,0.411764705882,0.235294117647,17,0.128676470588,1.90196078431,4.11764705882,3.18181818182,2.69230769231,1.57648156274,0.382859808093,0.201680672269,2.01465221053,0.978545359402,0.524369747899,1.74894926439,0.849489642704,0.463865546218,0.814492905316,0.428238537847,2.33333333333,1.90196078431,0.814492905316,2.33333333333,0,0,0,0,0.164242424242,17,17,17,1,0,0.352941176471,0.411764705882,0.235294117647,17,38,0.139705882353,1.90441176471,4.47058823529,3.45454545455,2.71428571429,1.73629084037,0.388380845872,0.198142414861,2.19457888229,0.981785289445,0.529411764706,1.82103719638,0.814674535221,0.442724458204,0.794917217296,0.417408268541,2.25,1.90441176471,0.794917217296,2.25,0.162418300654,0.0576923076923,3,0.00441176470588,0.178506493506,17,17,17,1,0,0.352941176471,0.470588235294,0.176470588235,1,0.00367647058824,0.0220588235294,0.117647058824,0.0909090909091,-0.131868131868,0.0428779967836,-0.000646429005719,0.00418375031378,0.0959098362728,0.0175319439782,0.0111287758347,-0.0576356768785,-0.0484994876259,-0.0278637770898,0.00871964820301,-0.000259190039119,0,0.0220588235294,0.00871964820301,0,-0.00392156862745,-0.00353218210361,0,0,-0.00744588744589,0,0.0588235294118,-0.0588235294118,37,1,0,234,1,0.995744680851,0.00425531914894,0,0.973684210526,1,0.986666666667,0.984652666406,0.995744680851,0.973684210526,3,2,0,0,0,0
1600,WLNM_dir_neg,1,0.5,00:00:00,10,40,28,1982697601,threshold_sweep,0.7,0.666666666667,1,0.8,2,1,0,3,1,0.75,0.25,0,0.666666666667,1,0.8,0.833333333333,0.5,0.666666666667,0.707106781187,0.75,37,35,2,0,37,0,35,0,2,17,37,0.136029411765,1.88235294118,4.35294117647,3.36363636364,2.84615384615,1.69341284359,0.389027274878,0.193958664547,2.09866904602,0.964253345467,0.518282988871,1.87867287326,0.863174022847,0.470588235294,0.786197569093,0.41766745858,2.25,1.88235294118,0.786197569093,2.25,0.166339869281,0.0612244897959,3,0.00441176470588,0.185952380952,17,17,17,1,0,0.352941176471,0.411764705882,0.235294117647,17,0.128676470588,1.90196078431,4.11764705882,3.18181818182,2.69230769231,1.57648156274,0.382859808093,0.201680672269,2.01465221053,0.978545359402,0.524369747899,1.74894926439,0.849489642704,0.463865546218,0.814492905316,0.428238537847,2.33333333333,1.90196078431,0.814492905316,2.33333333333,0,0,0,0,0.164242424242,17,17,17,1,0,0.352941176471,0.411764705882,0.235294117647,17,38,0.139705882353,1.90441176471,4.47058823529,3.45454545455,2.71428571429,1.73629084037,0.388380845872,0.198142414861,2.19457888229,0.981785289445,0.529411764706,1.82103719638,0.814674535221,0.442724458204,0.794917217296,0.417408268541,2.25,1.90441176471,0.794917217296,2.25,0.162418300654,0.0576923076923,3,0.00441176470588,0.178506493506,17,17,17,1,0,0.352941176471,0.470588235294,0.176470588235,1,0.00367647058824,0.0220588235294,0.117647058824,0.0909090909091,-0.131868131868,0.0428779967836,-0.000646429005719,0.00418375031378,0.0959098362728,0.0175319439782,0.0111287758347,-0.0576356768785,-0.0484994876259,-0.0278637770898,0.00871964820301,-0.000259190039119,0,0.0220588235294,0.00871964820301,0,-0.00392156862745,-0.00353218210361,0,0,-0.00744588744589,0,0.0588235294118,-0.0588235294118,37,1,0,234,1,0.995744680851,0.00425531914894,0,0.973684210526,1,0.986666666667,0.984652666406,0.995744680851,0.973684210526,3,2,0,0,0,0
1601,WLNM_dir_neg,1,0.5,00:00:00,10,40,28,1982697601,threshold_sweep,0.8,1,1,1,2,0,0,4,1,1,0,0,1,1,1,1,0.555555555556,1,1,1,37,35,2,0,37,0,35,0,2,17,37,0.136029411765,1.88235294118,4.35294117647,3.36363636364,2.84615384615,1.69341284359,0.389027274878,0.193958664547,2.09866904602,0.964253345467,0.518282988871,1.87867287326,0.863174022847,0.470588235294,0.786197569093,0.41766745858,2.25,1.88235294118,0.786197569093,2.25,0.166339869281,0.0612244897959,3,0.00441176470588,0.185952380952,17,17,17,1,0,0.352941176471,0.411764705882,0.235294117647,17,0.128676470588,1.90196078431,4.11764705882,3.18181818182,2.69230769231,1.57648156274,0.382859808093,0.201680672269,2.01465221053,0.978545359402,0.524369747899,1.74894926439,0.849489642704,0.463865546218,0.814492905316,0.428238537847,2.33333333333,1.90196078431,0.814492905316,2.33333333333,0,0,0,0,0.164242424242,17,17,17,1,0,0.352941176471,0.411764705882,0.235294117647,17,37,0.136029411765,1.88235294118,4.35294117647,3.36363636364,2.84615384615,1.69341284359,0.389027274878,0.193958664547,2.09866904602,0.964253345467,0.518282988871,1.87867287326,0.863174022847,0.470588235294,0.786197569093,0.41766745858,2.25,1.88235294118,0.786197569093,2.25,0.166339869281,0.0612244897959,3,0.00441176470588,0.185952380952,17,17,17,1,0,0.352941176471,0.411764705882,0.235294117647,0,0,0,0,0,0,0,0,0,0,0,0,0,0,0,0,0,0,0,0,0,0,0,0,0,0,0,0,0,37,0,0,235,1,1,0,0,1,1,1,1,1,1,2,2,0,0,0,0
1602,WLNM_dir_neg,1,0.5,00:00:00,10,40,28,1982697601,threshold_sweep,0.9,1,1,1,2,0,0,4,1,1,0,0,1,1,1,1,0.555555555556,1,1,1,37,35,2,0,37,0,35,0,2,17,37,0.136029411765,1.88235294118,4.35294117647,3.36363636364,2.84615384615,1.69341284359,0.389027274878,0.193958664547,2.09866904602,0.964253345467,0.518282988871,1.87867287326,0.863174022847,0.470588235294,0.786197569093,0.41766745858,2.25,1.88235294118,0.786197569093,2.25,0.166339869281,0.0612244897959,3,0.00441176470588,0.185952380952,17,17,17,1,0,0.352941176471,0.411764705882,0.235294117647,17,0.128676470588,1.90196078431,4.11764705882,3.18181818182,2.69230769231,1.57648156274,0.382859808093,0.201680672269,2.01465221053,0.978545359402,0.524369747899,1.74894926439,0.849489642704,0.463865546218,0.814492905316,0.428238537847,2.33333333333,1.90196078431,0.814492905316,2.33333333333,0,0,0,0,0.164242424242,17,17,17,1,0,0.352941176471,0.411764705882,0.235294117647,17,37,0.136029411765,1.88235294118,4.35294117647,3.36363636364,2.84615384615,1.69341284359,0.389027274878,0.193958664547,2.09866904602,0.964253345467,0.518282988871,1.87867287326,0.863174022847,0.470588235294,0.786197569093,0.41766745858,2.25,1.88235294118,0.786197569093,2.25,0.166339869281,0.0612244897959,3,0.00441176470588,0.185952380952,17,17,17,1,0,0.352941176471,0.411764705882,0.235294117647,0,0,0,0,0,0,0,0,0,0,0,0,0,0,0,0,0,0,0,0,0,0,0,0,0,0,0,0,0,37,0,0,235,1,1,0,0,1,1,1,1,1,1,2,2,0,0,0,0
1603,WLNM_dir_neg,0.875,0.291666666667,00:00:00,10,40,29,1982697602,threshold_sweep,0.1,1,0.5,0.666666666667,1,0,1,4,0.5,1,0,0.5,1,0.5,0.666666666667,0.833333333333,0.611111111111,0.571428571429,0.632455532034,0.5,37,35,2,0,37,0,35,0,2,17,37,0.136029411765,1.88235294118,4.35294117647,3.36363636364,2.84615384615,1.69341284359,0.389027274878,0.193958664547,2.09866904602,0.964253345467,0.518282988871,1.87867287326,0.863174022847,0.470588235294,0.786197569093,0.41766745858,2.25,1.88235294118,0.786197569093,2.25,0.166339869281,0.0612244897959,3,0.00441176470588,0.185952380952,17,17,17,1,0,0.352941176471,0.411764705882,0.235294117647,17,0.128676470588,1.90196078431,4.11764705882,3.18181818182,2.69230769231,1.57648156274,0.382859808093,0.201680672269,2.01465221053,0.978545359402,0.524369747899,1.74894926439,0.849489642704,0.463865546218,0.814492905316,0.428238537847,2.33333333333,1.90196078431,0.814492905316,2.33333333333,0,0,0,0,0.164242424242,17,17,17,1,0,0.352941176471,0.411764705882,0.235294117647,17,36,0.132352941176,1.89705882353,4.23529411765,3.27272727273,2.76923076923,1.71498585143,0.40492721492,0.204248366013,2.05798302171,0.971825315808,0.522875816993,1.79869233546,0.849382491746,0.464052287582,0.805541469338,0.424626510969,2.25,1.89705882353,0.805541469338,2.25,0.0702614379085,0.0214285714286,1,0.00147058823529,0.175454545455,17,17,17,1,0,0.352941176471,0.411764705882,0.235294117647,-1,-0.00367647058824,0.0147058823529,-0.117647058824,-0.0909090909091,-0.0769230769231,0.0215730078386,0.0158999400418,0.0102897014662,-0.0406860243059,0.00757197034072,0.00459282812224,-0.0799805377942,-0.0137915311015,-0.00653594771242,0.0193439002456,0.00695905238854,0,0.0147058823529,0.0193439002456,0,-0.0960784313725,-0.0397959183673,-2,-0.00294117647059,-0.0104978354978,0,0,0,36,0,1,235,0.972972972973,1,0,0.027027027027,1,0.972972972973,0.986301369863,0.984301887704,0.972972972973,0.972972972973,1,2,0,0,0,0
1604,WLNM_dir_neg,0.875,0.291666666667,00:00:00,10,40,29,1982697602,threshold_sweep,0.2,1,0.5,0.666666666667,1,0,1,4,0.5,1,0,0.5,1,0.5,0.666666666667,0.833333333333,0.611111111111,0.571428571429,0.632455532034,0.5,37,35,2,0,37,0,35,0,2,17,37,0.136029411765,1.88235294118,4.35294117647,3.36363636364,2.84615384615,1.69341284359,0.389027274878,0.193958664547,2.09866904602,0.964253345467,0.518282988871,1.87867287326,0.863174022847,0.470588235294,0.786197569093,0.41766745858,2.25,1.88235294118,0.786197569093,2.25,0.166339869281,0.0612244897959,3,0.00441176470588,0.185952380952,17,17,17,1,0,0.352941176471,0.411764705882,0.235294117647,17,0.128676470588,1.90196078431,4.11764705882,3.18181818182,2.69230769231,1.57648156274,0.382859808093,0.201680672269,2.01465221053,0.978545359402,0.524369747899,1.74894926439,0.849489642704,0.463865546218,0.814492905316,0.428238537847,2.33333333333,1.90196078431,0.814492905316,2.33333333333,0,0,0,0,0.164242424242,17,17,17,1,0,0.352941176471,0.411764705882,0.235294117647,17,36,0.132352941176,1.89705882353,4.23529411765,3.27272727273,2.76923076923,1.71498585143,0.40492721492,0.204248366013,2.05798302171,0.971825315808,0.522875816993,1.79869233546,0.849382491746,0.464052287582,0.805541469338,0.424626510969,2.25,1.89705882353,0.805541469338,2.25,0.0702614379085,0.0214285714286,1,0.00147058823529,0.175454545455,17,17,17,1,0,0.352941176471,0.411764705882,0.235294117647,-1,-0.00367647058824,0.0147058823529,-0.117647058824,-0.0909090909091,-0.0769230769231,0.0215730078386,0.0158999400418,0.0102897014662,-0.0406860243059,0.00757197034072,0.00459282812224,-0.0799805377942,-0.0137915311015,-0.00653594771242,0.0193439002456,0.00695905238854,0,0.0147058823529,0.0193439002456,0,-0.0960784313725,-0.0397959183673,-2,-0.00294117647059,-0.0104978354978,0,0,0,36,0,1,235,0.972972972973,1,0,0.027027027027,1,0.972972972973,0.986301369863,0.984301887704,0.972972972973,0.972972972973,1,2,0,0,0,0
1605,WLNM_dir_neg,0.875,0.291666666667,00:00:00,10,40,29,1982697602,threshold_sweep,0.3,1,0.5,0.666666666667,1,0,1,4,0.5,1,0,0.5,1,0.5,0.666666666667,0.833333333333,0.611111111111,0.571428571429,0.632455532034,0.5,37,35,2,0,37,0,35,0,2,17,37,0.136029411765,1.88235294118,4.35294117647,3.36363636364,2.84615384615,1.69341284359,0.389027274878,0.193958664547,2.09866904602,0.964253345467,0.518282988871,1.87867287326,0.863174022847,0.470588235294,0.786197569093,0.41766745858,2.25,1.88235294118,0.786197569093,2.25,0.166339869281,0.0612244897959,3,0.00441176470588,0.185952380952,17,17,17,1,0,0.352941176471,0.411764705882,0.235294117647,17,0.128676470588,1.90196078431,4.11764705882,3.18181818182,2.69230769231,1.57648156274,0.382859808093,0.201680672269,2.01465221053,0.978545359402,0.524369747899,1.74894926439,0.849489642704,0.463865546218,0.814492905316,0.428238537847,2.33333333333,1.90196078431,0.814492905316,2.33333333333,0,0,0,0,0.164242424242,17,17,17,1,0,0.352941176471,0.411764705882,0.235294117647,17,36,0.132352941176,1.89705882353,4.23529411765,3.27272727273,2.76923076923,1.71498585143,0.40492721492,0.204248366013,2.05798302171,0.971825315808,0.522875816993,1.79869233546,0.849382491746,0.464052287582,0.805541469338,0.424626510969,2.25,1.89705882353,0.805541469338,2.25,0.0702614379085,0.0214285714286,1,0.00147058823529,0.175454545455,17,17,17,1,0,0.352941176471,0.411764705882,0.235294117647,-1,-0.00367647058824,0.0147058823529,-0.117647058824,-0.0909090909091,-0.0769230769231,0.0215730078386,0.0158999400418,0.0102897014662,-0.0406860243059,0.00757197034072,0.00459282812224,-0.0799805377942,-0.0137915311015,-0.00653594771242,0.0193439002456,0.00695905238854,0,0.0147058823529,0.0193439002456,0,-0.0960784313725,-0.0397959183673,-2,-0.00294117647059,-0.0104978354978,0,0,0,36,0,1,235,0.972972972973,1,0,0.027027027027,1,0.972972972973,0.986301369863,0.984301887704,0.972972972973,0.972972972973,1,2,0,0,0,0
1606,WLNM_dir_neg,0.875,0.291666666667,00:00:00,10,40,29,1982697602,threshold_sweep,0.4,1,0.5,0.666666666667,1,0,1,4,0.5,1,0,0.5,1,0.5,0.666666666667,0.833333333333,0.611111111111,0.571428571429,0.632455532034,0.5,37,35,2,0,37,0,35,0,2,17,37,0.136029411765,1.88235294118,4.35294117647,3.36363636364,2.84615384615,1.69341284359,0.389027274878,0.193958664547,2.09866904602,0.964253345467,0.518282988871,1.87867287326,0.863174022847,0.470588235294,0.786197569093,0.41766745858,2.25,1.88235294118,0.786197569093,2.25,0.166339869281,0.0612244897959,3,0.00441176470588,0.185952380952,17,17,17,1,0,0.352941176471,0.411764705882,0.235294117647,17,0.128676470588,1.90196078431,4.11764705882,3.18181818182,2.69230769231,1.57648156274,0.382859808093,0.201680672269,2.01465221053,0.978545359402,0.524369747899,1.74894926439,0.849489642704,0.463865546218,0.814492905316,0.428238537847,2.33333333333,1.90196078431,0.814492905316,2.33333333333,0,0,0,0,0.164242424242,17,17,17,1,0,0.352941176471,0.411764705882,0.235294117647,17,36,0.132352941176,1.89705882353,4.23529411765,3.27272727273,2.76923076923,1.71498585143,0.40492721492,0.204248366013,2.05798302171,0.971825315808,0.522875816993,1.79869233546,0.849382491746,0.464052287582,0.805541469338,0.424626510969,2.25,1.89705882353,0.805541469338,2.25,0.0702614379085,0.0214285714286,1,0.00147058823529,0.175454545455,17,17,17,1,0,0.352941176471,0.411764705882,0.235294117647,-1,-0.00367647058824,0.0147058823529,-0.117647058824,-0.0909090909091,-0.0769230769231,0.0215730078386,0.0158999400418,0.0102897014662,-0.0406860243059,0.00757197034072,0.00459282812224,-0.0799805377942,-0.0137915311015,-0.00653594771242,0.0193439002456,0.00695905238854,0,0.0147058823529,0.0193439002456,0,-0.0960784313725,-0.0397959183673,-2,-0.00294117647059,-0.0104978354978,0,0,0,36,0,1,235,0.972972972973,1,0,0.027027027027,1,0.972972972973,0.986301369863,0.984301887704,0.972972972973,0.972972972973,1,2,0,0,0,0
1607,WLNM_dir_neg,0.875,0.291666666667,00:00:00,10,40,29,1982697602,threshold_sweep,0.5,1,0.5,0.666666666667,1,0,1,4,0.5,1,0,0.5,1,0.5,0.666666666667,0.833333333333,0.611111111111,0.571428571429,0.632455532034,0.5,37,35,2,0,37,0,35,0,2,17,37,0.136029411765,1.88235294118,4.35294117647,3.36363636364,2.84615384615,1.69341284359,0.389027274878,0.193958664547,2.09866904602,0.964253345467,0.518282988871,1.87867287326,0.863174022847,0.470588235294,0.786197569093,0.41766745858,2.25,1.88235294118,0.786197569093,2.25,0.166339869281,0.0612244897959,3,0.00441176470588,0.185952380952,17,17,17,1,0,0.352941176471,0.411764705882,0.235294117647,17,0.128676470588,1.90196078431,4.11764705882,3.18181818182,2.69230769231,1.57648156274,0.382859808093,0.201680672269,2.01465221053,0.978545359402,0.524369747899,1.74894926439,0.849489642704,0.463865546218,0.814492905316,0.428238537847,2.33333333333,1.90196078431,0.814492905316,2.33333333333,0,0,0,0,0.164242424242,17,17,17,1,0,0.352941176471,0.411764705882,0.235294117647,17,36,0.132352941176,1.89705882353,4.23529411765,3.27272727273,2.76923076923,1.71498585143,0.40492721492,0.204248366013,2.05798302171,0.971825315808,0.522875816993,1.79869233546,0.849382491746,0.464052287582,0.805541469338,0.424626510969,2.25,1.89705882353,0.805541469338,2.25,0.0702614379085,0.0214285714286,1,0.00147058823529,0.175454545455,17,17,17,1,0,0.352941176471,0.411764705882,0.235294117647,-1,-0.00367647058824,0.0147058823529,-0.117647058824,-0.0909090909091,-0.0769230769231,0.0215730078386,0.0158999400418,0.0102897014662,-0.0406860243059,0.00757197034072,0.00459282812224,-0.0799805377942,-0.0137915311015,-0.00653594771242,0.0193439002456,0.00695905238854,0,0.0147058823529,0.0193439002456,0,-0.0960784313725,-0.0397959183673,-2,-0.00294117647059,-0.0104978354978,0,0,0,36,0,1,235,0.972972972973,1,0,0.027027027027,1,0.972972972973,0.986301369863,0.984301887704,0.972972972973,0.972972972973,1,2,0,0,0,0
1608,WLNM_dir_neg,0.875,0.291666666667,00:00:00,10,40,29,1982697602,threshold_sweep,0.6,1,0.5,0.666666666667,1,0,1,4,0.5,1,0,0.5,1,0.5,0.666666666667,0.833333333333,0.611111111111,0.571428571429,0.632455532034,0.5,37,35,2,0,37,0,35,0,2,17,37,0.136029411765,1.88235294118,4.35294117647,3.36363636364,2.84615384615,1.69341284359,0.389027274878,0.193958664547,2.09866904602,0.964253345467,0.518282988871,1.87867287326,0.863174022847,0.470588235294,0.786197569093,0.41766745858,2.25,1.88235294118,0.786197569093,2.25,0.166339869281,0.0612244897959,3,0.00441176470588,0.185952380952,17,17,17,1,0,0.352941176471,0.411764705882,0.235294117647,17,0.128676470588,1.90196078431,4.11764705882,3.18181818182,2.69230769231,1.57648156274,0.382859808093,0.201680672269,2.01465221053,0.978545359402,0.524369747899,1.74894926439,0.849489642704,0.463865546218,0.814492905316,0.428238537847,2.33333333333,1.90196078431,0.814492905316,2.33333333333,0,0,0,0,0.164242424242,17,17,17,1,0,0.352941176471,0.411764705882,0.235294117647,17,36,0.132352941176,1.89705882353,4.23529411765,3.27272727273,2.76923076923,1.71498585143,0.40492721492,0.204248366013,2.05798302171,0.971825315808,0.522875816993,1.79869233546,0.849382491746,0.464052287582,0.805541469338,0.424626510969,2.25,1.89705882353,0.805541469338,2.25,0.0702614379085,0.0214285714286,1,0.00147058823529,0.175454545455,17,17,17,1,0,0.352941176471,0.411764705882,0.235294117647,-1,-0.00367647058824,0.0147058823529,-0.117647058824,-0.0909090909091,-0.0769230769231,0.0215730078386,0.0158999400418,0.0102897014662,-0.0406860243059,0.00757197034072,0.00459282812224,-0.0799805377942,-0.0137915311015,-0.00653594771242,0.0193439002456,0.00695905238854,0,0.0147058823529,0.0193439002456,0,-0.0960784313725,-0.0397959183673,-2,-0.00294117647059,-0.0104978354978,0,0,0,36,0,1,235,0.972972972973,1,0,0.027027027027,1,0.972972972973,0.986301369863,0.984301887704,0.972972972973,0.972972972973,1,2,0,0,0,0
1609,WLNM_dir_neg,0.875,0.291666666667,00:00:00,10,40,29,1982697602,threshold_sweep,0.7,1,0.5,0.666666666667,1,0,1,4,0.5,1,0,0.5,1,0.5,0.666666666667,0.833333333333,0.611111111111,0.571428571429,0.632455532034,0.5,37,35,2,0,37,0,35,0,2,17,37,0.136029411765,1.88235294118,4.35294117647,3.36363636364,2.84615384615,1.69341284359,0.389027274878,0.193958664547,2.09866904602,0.964253345467,0.518282988871,1.87867287326,0.863174022847,0.470588235294,0.786197569093,0.41766745858,2.25,1.88235294118,0.786197569093,2.25,0.166339869281,0.0612244897959,3,0.00441176470588,0.185952380952,17,17,17,1,0,0.352941176471,0.411764705882,0.235294117647,17,0.128676470588,1.90196078431,4.11764705882,3.18181818182,2.69230769231,1.57648156274,0.382859808093,0.201680672269,2.01465221053,0.978545359402,0.524369747899,1.74894926439,0.849489642704,0.463865546218,0.814492905316,0.428238537847,2.33333333333,1.90196078431,0.814492905316,2.33333333333,0,0,0,0,0.164242424242,17,17,17,1,0,0.352941176471,0.411764705882,0.235294117647,17,36,0.132352941176,1.89705882353,4.23529411765,3.27272727273,2.76923076923,1.71498585143,0.40492721492,0.204248366013,2.05798302171,0.971825315808,0.522875816993,1.79869233546,0.849382491746,0.464052287582,0.805541469338,0.424626510969,2.25,1.89705882353,0.805541469338,2.25,0.0702614379085,0.0214285714286,1,0.00147058823529,0.175454545455,17,17,17,1,0,0.352941176471,0.411764705882,0.235294117647,-1,-0.00367647058824,0.0147058823529,-0.117647058824,-0.0909090909091,-0.0769230769231,0.0215730078386,0.0158999400418,0.0102897014662,-0.0406860243059,0.00757197034072,0.00459282812224,-0.0799805377942,-0.0137915311015,-0.00653594771242,0.0193439002456,0.00695905238854,0,0.0147058823529,0.0193439002456,0,-0.0960784313725,-0.0397959183673,-2,-0.00294117647059,-0.0104978354978,0,0,0,36,0,1,235,0.972972972973,1,0,0.027027027027,1,0.972972972973,0.986301369863,0.984301887704,0.972972972973,0.972972972973,1,2,0,0,0,0
1610,WLNM_dir_neg,0.875,0.291666666667,00:00:00,10,40,29,1982697602,threshold_sweep,0.8,1,0.5,0.666666666667,1,0,1,4,0.5,1,0,0.5,1,0.5,0.666666666667,0.833333333333,0.611111111111,0.571428571429,0.632455532034,0.5,37,35,2,0,37,0,35,0,2,17,37,0.136029411765,1.88235294118,4.35294117647,3.36363636364,2.84615384615,1.69341284359,0.389027274878,0.193958664547,2.09866904602,0.964253345467,0.518282988871,1.87867287326,0.863174022847,0.470588235294,0.786197569093,0.41766745858,2.25,1.88235294118,0.786197569093,2.25,0.166339869281,0.0612244897959,3,0.00441176470588,0.185952380952,17,17,17,1,0,0.352941176471,0.411764705882,0.235294117647,17,0.128676470588,1.90196078431,4.11764705882,3.18181818182,2.69230769231,1.57648156274,0.382859808093,0.201680672269,2.01465221053,0.978545359402,0.524369747899,1.74894926439,0.849489642704,0.463865546218,0.814492905316,0.428238537847,2.33333333333,1.90196078431,0.814492905316,2.33333333333,0,0,0,0,0.164242424242,17,17,17,1,0,0.352941176471,0.411764705882,0.235294117647,17,36,0.132352941176,1.89705882353,4.23529411765,3.27272727273,2.76923076923,1.71498585143,0.40492721492,0.204248366013,2.05798302171,0.971825315808,0.522875816993,1.79869233546,0.849382491746,0.464052287582,0.805541469338,0.424626510969,2.25,1.89705882353,0.805541469338,2.25,0.0702614379085,0.0214285714286,1,0.00147058823529,0.175454545455,17,17,17,1,0,0.352941176471,0.411764705882,0.235294117647,-1,-0.00367647058824,0.0147058823529,-0.117647058824,-0.0909090909091,-0.0769230769231,0.0215730078386,0.0158999400418,0.0102897014662,-0.0406860243059,0.00757197034072,0.00459282812224,-0.0799805377942,-0.0137915311015,-0.00653594771242,0.0193439002456,0.00695905238854,0,0.0147058823529,0.0193439002456,0,-0.0960784313725,-0.0397959183673,-2,-0.00294117647059,-0.0104978354978,0,0,0,36,0,1,235,0.972972972973,1,0,0.027027027027,1,0.972972972973,0.986301369863,0.984301887704,0.972972972973,0.972972972973,1,2,0,0,0,0
1611,WLNM_dir_neg,0.875,0.291666666667,00:00:00,10,40,29,1982697602,threshold_sweep,0.9,1,0.5,0.666666666667,1,0,1,4,0.5,1,0,0.5,1,0.5,0.666666666667,0.833333333333,0.611111111111,0.571428571429,0.632455532034,0.5,37,35,2,0,37,0,35,0,2,17,37,0.136029411765,1.88235294118,4.35294117647,3.36363636364,2.84615384615,1.69341284359,0.389027274878,0.193958664547,2.09866904602,0.964253345467,0.518282988871,1.87867287326,0.863174022847,0.470588235294,0.786197569093,0.41766745858,2.25,1.88235294118,0.786197569093,2.25,0.166339869281,0.0612244897959,3,0.00441176470588,0.185952380952,17,17,17,1,0,0.352941176471,0.411764705882,0.235294117647,17,0.128676470588,1.90196078431,4.11764705882,3.18181818182,2.69230769231,1.57648156274,0.382859808093,0.201680672269,2.01465221053,0.978545359402,0.524369747899,1.74894926439,0.849489642704,0.463865546218,0.814492905316,0.428238537847,2.33333333333,1.90196078431,0.814492905316,2.33333333333,0,0,0,0,0.164242424242,17,17,17,1,0,0.352941176471,0.411764705882,0.235294117647,17,36,0.132352941176,1.89705882353,4.23529411765,3.27272727273,2.76923076923,1.71498585143,0.40492721492,0.204248366013,2.05798302171,0.971825315808,0.522875816993,1.79869233546,0.849382491746,0.464052287582,0.805541469338,0.424626510969,2.25,1.89705882353,0.805541469338,2.25,0.0702614379085,0.0214285714286,1,0.00147058823529,0.175454545455,17,17,17,1,0,0.352941176471,0.411764705882,0.235294117647,-1,-0.00367647058824,0.0147058823529,-0.117647058824,-0.0909090909091,-0.0769230769231,0.0215730078386,0.0158999400418,0.0102897014662,-0.0406860243059,0.00757197034072,0.00459282812224,-0.0799805377942,-0.0137915311015,-0.00653594771242,0.0193439002456,0.00695905238854,0,0.0147058823529,0.0193439002456,0,-0.0960784313725,-0.0397959183673,-2,-0.00294117647059,-0.0104978354978,0,0,0,36,0,1,235,0.972972972973,1,0,0.027027027027,1,0.972972972973,0.986301369863,0.984301887704,0.972972972973,0.972972972973,1,2,0,0,0,0
1612,WLNM_dir_neg,1,0.5,00:00:00,10,40,30,1982697603,threshold_sweep,0.1,1,1,1,2,0,0,4,1,1,0,0,1,1,1,1,0.555555555556,1,1,1,37,35,2,0,37,0,35,0,2,17,37,0.136029411765,1.88235294118,4.35294117647,3.36363636364,2.84615384615,1.69341284359,0.389027274878,0.193958664547,2.09866904602,0.964253345467,0.518282988871,1.87867287326,0.863174022847,0.470588235294,0.786197569093,0.41766745858,2.25,1.88235294118,0.786197569093,2.25,0.166339869281,0.0612244897959,3,0.00441176470588,0.185952380952,17,17,17,1,0,0.352941176471,0.411764705882,0.235294117647,17,0.128676470588,1.90196078431,4.11764705882,3.18181818182,2.69230769231,1.57648156274,0.382859808093,0.201680672269,2.01465221053,0.978545359402,0.524369747899,1.74894926439,0.849489642704,0.463865546218,0.814492905316,0.428238537847,2.33333333333,1.90196078431,0.814492905316,2.33333333333,0,0,0,0,0.164242424242,17,17,17,1,0,0.352941176471,0.411764705882,0.235294117647,17,37,0.136029411765,1.88235294118,4.35294117647,3.36363636364,2.84615384615,1.69341284359,0.389027274878,0.193958664547,2.09866904602,0.964253345467,0.518282988871,1.87867287326,0.863174022847,0.470588235294,0.786197569093,0.41766745858,2.25,1.88235294118,0.786197569093,2.25,0.166339869281,0.0612244897959,3,0.00441176470588,0.185952380952,17,17,17,1,0,0.352941176471,0.411764705882,0.235294117647,0,0,0,0,0,0,0,0,0,0,0,0,0,0,0,0,0,0,0,0,0,0,0,0,0,0,0,0,0,37,0,0,235,1,1,0,0,1,1,1,1,1,1,2,2,0,0,0,0
1613,WLNM_dir_neg,1,0.5,00:00:00,10,40,30,1982697603,threshold_sweep,0.2,1,0.5,0.666666666667,1,0,1,4,0.5,1,0,0.5,1,0.5,0.666666666667,0.833333333333,0.611111111111,0.571428571429,0.632455532034,0.5,37,35,2,0,37,0,35,0,2,17,37,0.136029411765,1.88235294118,4.35294117647,3.36363636364,2.84615384615,1.69341284359,0.389027274878,0.193958664547,2.09866904602,0.964253345467,0.518282988871,1.87867287326,0.863174022847,0.470588235294,0.786197569093,0.41766745858,2.25,1.88235294118,0.786197569093,2.25,0.166339869281,0.0612244897959,3,0.00441176470588,0.185952380952,17,17,17,1,0,0.352941176471,0.411764705882,0.235294117647,17,0.128676470588,1.90196078431,4.11764705882,3.18181818182,2.69230769231,1.57648156274,0.382859808093,0.201680672269,2.01465221053,0.978545359402,0.524369747899,1.74894926439,0.849489642704,0.463865546218,0.814492905316,0.428238537847,2.33333333333,1.90196078431,0.814492905316,2.33333333333,0,0,0,0,0.164242424242,17,17,17,1,0,0.352941176471,0.411764705882,0.235294117647,17,36,0.132352941176,1.89705882353,4.23529411765,3.27272727273,2.76923076923,1.71498585143,0.40492721492,0.204248366013,2.05798302171,0.971825315808,0.522875816993,1.79869233546,0.849382491746,0.464052287582,0.805541469338,0.424626510969,2.25,1.89705882353,0.805541469338,2.25,0.0702614379085,0.0214285714286,1,0.00147058823529,0.175454545455,17,17,17,1,0,0.352941176471,0.411764705882,0.235294117647,-1,-0.00367647058824,0.0147058823529,-0.117647058824,-0.0909090909091,-0.0769230769231,0.0215730078386,0.0158999400418,0.0102897014662,-0.0406860243059,0.00757197034072,0.00459282812224,-0.0799805377942,-0.0137915311015,-0.00653594771242,0.0193439002456,0.00695905238854,0,0.0147058823529,0.0193439002456,0,-0.0960784313725,-0.0397959183673,-2,-0.00294117647059,-0.0104978354978,0,0,0,36,0,1,235,0.972972972973,1,0,0.027027027027,1,0.972972972973,0.986301369863,0.984301887704,0.972972972973,0.972972972973,1,2,0,0,0,0
1614,WLNM_dir_neg,1,0.5,00:00:00,10,40,30,1982697603,threshold_sweep,0.3,1,0.5,0.666666666667,1,0,1,4,0.5,1,0,0.5,1,0.5,0.666666666667,0.833333333333,0.611111111111,0.571428571429,0.632455532034,0.5,37,35,2,0,37,0,35,0,2,17,37,0.136029411765,1.88235294118,4.35294117647,3.36363636364,2.84615384615,1.69341284359,0.389027274878,0.193958664547,2.09866904602,0.964253345467,0.518282988871,1.87867287326,0.863174022847,0.470588235294,0.786197569093,0.41766745858,2.25,1.88235294118,0.786197569093,2.25,0.166339869281,0.0612244897959,3,0.00441176470588,0.185952380952,17,17,17,1,0,0.352941176471,0.411764705882,0.235294117647,17,0.128676470588,1.90196078431,4.11764705882,3.18181818182,2.69230769231,1.57648156274,0.382859808093,0.201680672269,2.01465221053,0.978545359402,0.524369747899,1.74894926439,0.849489642704,0.463865546218,0.814492905316,0.428238537847,2.33333333333,1.90196078431,0.814492905316,2.33333333333,0,0,0,0,0.164242424242,17,17,17,1,0,0.352941176471,0.411764705882,0.235294117647,17,36,0.132352941176,1.89705882353,4.23529411765,3.27272727273,2.76923076923,1.71498585143,0.40492721492,0.204248366013,2.05798302171,0.971825315808,0.522875816993,1.79869233546,0.849382491746,0.464052287582,0.805541469338,0.424626510969,2.25,1.89705882353,0.805541469338,2.25,0.0702614379085,0.0214285714286,1,0.00147058823529,0.175454545455,17,17,17,1,0,0.352941176471,0.411764705882,0.235294117647,-1,-0.00367647058824,0.0147058823529,-0.117647058824,-0.0909090909091,-0.0769230769231,0.0215730078386,0.0158999400418,0.0102897014662,-0.0406860243059,0.00757197034072,0.00459282812224,-0.0799805377942,-0.0137915311015,-0.00653594771242,0.0193439002456,0.00695905238854,0,0.0147058823529,0.0193439002456,0,-0.0960784313725,-0.0397959183673,-2,-0.00294117647059,-0.0104978354978,0,0,0,36,0,1,235,0.972972972973,1,0,0.027027027027,1,0.972972972973,0.986301369863,0.984301887704,0.972972972973,0.972972972973,1,2,0,0,0,0
1615,WLNM_dir_neg,1,0.5,00:00:00,10,40,30,1982697603,threshold_sweep,0.4,1,0.5,0.666666666667,1,0,1,4,0.5,1,0,0.5,1,0.5,0.666666666667,0.833333333333,0.611111111111,0.571428571429,0.632455532034,0.5,37,35,2,0,37,0,35,0,2,17,37,0.136029411765,1.88235294118,4.35294117647,3.36363636364,2.84615384615,1.69341284359,0.389027274878,0.193958664547,2.09866904602,0.964253345467,0.518282988871,1.87867287326,0.863174022847,0.470588235294,0.786197569093,0.41766745858,2.25,1.88235294118,0.786197569093,2.25,0.166339869281,0.0612244897959,3,0.00441176470588,0.185952380952,17,17,17,1,0,0.352941176471,0.411764705882,0.235294117647,17,0.128676470588,1.90196078431,4.11764705882,3.18181818182,2.69230769231,1.57648156274,0.382859808093,0.201680672269,2.01465221053,0.978545359402,0.524369747899,1.74894926439,0.849489642704,0.463865546218,0.814492905316,0.428238537847,2.33333333333,1.90196078431,0.814492905316,2.33333333333,0,0,0,0,0.164242424242,17,17,17,1,0,0.352941176471,0.411764705882,0.235294117647,17,36,0.132352941176,1.89705882353,4.23529411765,3.27272727273,2.76923076923,1.71498585143,0.40492721492,0.204248366013,2.05798302171,0.971825315808,0.522875816993,1.79869233546,0.849382491746,0.464052287582,0.805541469338,0.424626510969,2.25,1.89705882353,0.805541469338,2.25,0.0702614379085,0.0214285714286,1,0.00147058823529,0.175454545455,17,17,17,1,0,0.352941176471,0.411764705882,0.235294117647,-1,-0.00367647058824,0.0147058823529,-0.117647058824,-0.0909090909091,-0.0769230769231,0.0215730078386,0.0158999400418,0.0102897014662,-0.0406860243059,0.00757197034072,0.00459282812224,-0.0799805377942,-0.0137915311015,-0.00653594771242,0.0193439002456,0.00695905238854,0,0.0147058823529,0.0193439002456,0,-0.0960784313725,-0.0397959183673,-2,-0.00294117647059,-0.0104978354978,0,0,0,36,0,1,235,0.972972972973,1,0,0.027027027027,1,0.972972972973,0.986301369863,0.984301887704,0.972972972973,0.972972972973,1,2,0,0,0,0
1616,WLNM_dir_neg,1,0.5,00:00:00,10,40,30,1982697603,threshold_sweep,0.5,1,0.5,0.666666666667,1,0,1,4,0.5,1,0,0.5,1,0.5,0.666666666667,0.833333333333,0.611111111111,0.571428571429,0.632455532034,0.5,37,35,2,0,37,0,35,0,2,17,37,0.136029411765,1.88235294118,4.35294117647,3.36363636364,2.84615384615,1.69341284359,0.389027274878,0.193958664547,2.09866904602,0.964253345467,0.518282988871,1.87867287326,0.863174022847,0.470588235294,0.786197569093,0.41766745858,2.25,1.88235294118,0.786197569093,2.25,0.166339869281,0.0612244897959,3,0.00441176470588,0.185952380952,17,17,17,1,0,0.352941176471,0.411764705882,0.235294117647,17,0.128676470588,1.90196078431,4.11764705882,3.18181818182,2.69230769231,1.57648156274,0.382859808093,0.201680672269,2.01465221053,0.978545359402,0.524369747899,1.74894926439,0.849489642704,0.463865546218,0.814492905316,0.428238537847,2.33333333333,1.90196078431,0.814492905316,2.33333333333,0,0,0,0,0.164242424242,17,17,17,1,0,0.352941176471,0.411764705882,0.235294117647,17,36,0.132352941176,1.89705882353,4.23529411765,3.27272727273,2.76923076923,1.71498585143,0.40492721492,0.204248366013,2.05798302171,0.971825315808,0.522875816993,1.79869233546,0.849382491746,0.464052287582,0.805541469338,0.424626510969,2.25,1.89705882353,0.805541469338,2.25,0.0702614379085,0.0214285714286,1,0.00147058823529,0.175454545455,17,17,17,1,0,0.352941176471,0.411764705882,0.235294117647,-1,-0.00367647058824,0.0147058823529,-0.117647058824,-0.0909090909091,-0.0769230769231,0.0215730078386,0.0158999400418,0.0102897014662,-0.0406860243059,0.00757197034072,0.00459282812224,-0.0799805377942,-0.0137915311015,-0.00653594771242,0.0193439002456,0.00695905238854,0,0.0147058823529,0.0193439002456,0,-0.0960784313725,-0.0397959183673,-2,-0.00294117647059,-0.0104978354978,0,0,0,36,0,1,235,0.972972972973,1,0,0.027027027027,1,0.972972972973,0.986301369863,0.984301887704,0.972972972973,0.972972972973,1,2,0,0,0,0
1617,WLNM_dir_neg,1,0.5,00:00:00,10,40,30,1982697603,threshold_sweep,0.6,1,0.5,0.666666666667,1,0,1,4,0.5,1,0,0.5,1,0.5,0.666666666667,0.833333333333,0.611111111111,0.571428571429,0.632455532034,0.5,37,35,2,0,37,0,35,0,2,17,37,0.136029411765,1.88235294118,4.35294117647,3.36363636364,2.84615384615,1.69341284359,0.389027274878,0.193958664547,2.09866904602,0.964253345467,0.518282988871,1.87867287326,0.863174022847,0.470588235294,0.786197569093,0.41766745858,2.25,1.88235294118,0.786197569093,2.25,0.166339869281,0.0612244897959,3,0.00441176470588,0.185952380952,17,17,17,1,0,0.352941176471,0.411764705882,0.235294117647,17,0.128676470588,1.90196078431,4.11764705882,3.18181818182,2.69230769231,1.57648156274,0.382859808093,0.201680672269,2.01465221053,0.978545359402,0.524369747899,1.74894926439,0.849489642704,0.463865546218,0.814492905316,0.428238537847,2.33333333333,1.90196078431,0.814492905316,2.33333333333,0,0,0,0,0.164242424242,17,17,17,1,0,0.352941176471,0.411764705882,0.235294117647,17,36,0.132352941176,1.89705882353,4.23529411765,3.27272727273,2.76923076923,1.71498585143,0.40492721492,0.204248366013,2.05798302171,0.971825315808,0.522875816993,1.79869233546,0.849382491746,0.464052287582,0.805541469338,0.424626510969,2.25,1.89705882353,0.805541469338,2.25,0.0702614379085,0.0214285714286,1,0.00147058823529,0.175454545455,17,17,17,1,0,0.352941176471,0.411764705882,0.235294117647,-1,-0.00367647058824,0.0147058823529,-0.117647058824,-0.0909090909091,-0.0769230769231,0.0215730078386,0.0158999400418,0.0102897014662,-0.0406860243059,0.00757197034072,0.00459282812224,-0.0799805377942,-0.0137915311015,-0.00653594771242,0.0193439002456,0.00695905238854,0,0.0147058823529,0.0193439002456,0,-0.0960784313725,-0.0397959183673,-2,-0.00294117647059,-0.0104978354978,0,0,0,36,0,1,235,0.972972972973,1,0,0.027027027027,1,0.972972972973,0.986301369863,0.984301887704,0.972972972973,0.972972972973,1,2,0,0,0,0
1618,WLNM_dir_neg,1,0.5,00:00:00,10,40,30,1982697603,threshold_sweep,0.7,1,0.5,0.666666666667,1,0,1,4,0.5,1,0,0.5,1,0.5,0.666666666667,0.833333333333,0.611111111111,0.571428571429,0.632455532034,0.5,37,35,2,0,37,0,35,0,2,17,37,0.136029411765,1.88235294118,4.35294117647,3.36363636364,2.84615384615,1.69341284359,0.389027274878,0.193958664547,2.09866904602,0.964253345467,0.518282988871,1.87867287326,0.863174022847,0.470588235294,0.786197569093,0.41766745858,2.25,1.88235294118,0.786197569093,2.25,0.166339869281,0.0612244897959,3,0.00441176470588,0.185952380952,17,17,17,1,0,0.352941176471,0.411764705882,0.235294117647,17,0.128676470588,1.90196078431,4.11764705882,3.18181818182,2.69230769231,1.57648156274,0.382859808093,0.201680672269,2.01465221053,0.978545359402,0.524369747899,1.74894926439,0.849489642704,0.463865546218,0.814492905316,0.428238537847,2.33333333333,1.90196078431,0.814492905316,2.33333333333,0,0,0,0,0.164242424242,17,17,17,1,0,0.352941176471,0.411764705882,0.235294117647,17,36,0.132352941176,1.89705882353,4.23529411765,3.27272727273,2.76923076923,1.71498585143,0.40492721492,0.204248366013,2.05798302171,0.971825315808,0.522875816993,1.79869233546,0.849382491746,0.464052287582,0.805541469338,0.424626510969,2.25,1.89705882353,0.805541469338,2.25,0.0702614379085,0.0214285714286,1,0.00147058823529,0.175454545455,17,17,17,1,0,0.352941176471,0.411764705882,0.235294117647,-1,-0.00367647058824,0.0147058823529,-0.117647058824,-0.0909090909091,-0.0769230769231,0.0215730078386,0.0158999400418,0.0102897014662,-0.0406860243059,0.00757197034072,0.00459282812224,-0.0799805377942,-0.0137915311015,-0.00653594771242,0.0193439002456,0.00695905238854,0,0.0147058823529,0.0193439002456,0,-0.0960784313725,-0.0397959183673,-2,-0.00294117647059,-0.0104978354978,0,0,0,36,0,1,235,0.972972972973,1,0,0.027027027027,1,0.972972972973,0.986301369863,0.984301887704,0.972972972973,0.972972972973,1,2,0,0,0,0
1619,WLNM_dir_neg,1,0.5,00:00:00,10,40,30,1982697603,threshold_sweep,0.8,1,0.5,0.666666666667,1,0,1,4,0.5,1,0,0.5,1,0.5,0.666666666667,0.833333333333,0.611111111111,0.571428571429,0.632455532034,0.5,37,35,2,0,37,0,35,0,2,17,37,0.136029411765,1.88235294118,4.35294117647,3.36363636364,2.84615384615,1.69341284359,0.389027274878,0.193958664547,2.09866904602,0.964253345467,0.518282988871,1.87867287326,0.863174022847,0.470588235294,0.786197569093,0.41766745858,2.25,1.88235294118,0.786197569093,2.25,0.166339869281,0.0612244897959,3,0.00441176470588,0.185952380952,17,17,17,1,0,0.352941176471,0.411764705882,0.235294117647,17,0.128676470588,1.90196078431,4.11764705882,3.18181818182,2.69230769231,1.57648156274,0.382859808093,0.201680672269,2.01465221053,0.978545359402,0.524369747899,1.74894926439,0.849489642704,0.463865546218,0.814492905316,0.428238537847,2.33333333333,1.90196078431,0.814492905316,2.33333333333,0,0,0,0,0.164242424242,17,17,17,1,0,0.352941176471,0.411764705882,0.235294117647,17,36,0.132352941176,1.89705882353,4.23529411765,3.27272727273,2.76923076923,1.71498585143,0.40492721492,0.204248366013,2.05798302171,0.971825315808,0.522875816993,1.79869233546,0.849382491746,0.464052287582,0.805541469338,0.424626510969,2.25,1.89705882353,0.805541469338,2.25,0.0702614379085,0.0214285714286,1,0.00147058823529,0.175454545455,17,17,17,1,0,0.352941176471,0.411764705882,0.235294117647,-1,-0.00367647058824,0.0147058823529,-0.117647058824,-0.0909090909091,-0.0769230769231,0.0215730078386,0.0158999400418,0.0102897014662,-0.0406860243059,0.00757197034072,0.00459282812224,-0.0799805377942,-0.0137915311015,-0.00653594771242,0.0193439002456,0.00695905238854,0,0.0147058823529,0.0193439002456,0,-0.0960784313725,-0.0397959183673,-2,-0.00294117647059,-0.0104978354978,0,0,0,36,0,1,235,0.972972972973,1,0,0.027027027027,1,0.972972972973,0.986301369863,0.984301887704,0.972972972973,0.972972972973,1,2,0,0,0,0
1620,WLNM_dir_neg,1,0.5,00:00:00,10,40,30,1982697603,threshold_sweep,0.9,1,0.5,0.666666666667,1,0,1,4,0.5,1,0,0.5,1,0.5,0.666666666667,0.833333333333,0.611111111111,0.571428571429,0.632455532034,0.5,37,35,2,0,37,0,35,0,2,17,37,0.136029411765,1.88235294118,4.35294117647,3.36363636364,2.84615384615,1.69341284359,0.389027274878,0.193958664547,2.09866904602,0.964253345467,0.518282988871,1.87867287326,0.863174022847,0.470588235294,0.786197569093,0.41766745858,2.25,1.88235294118,0.786197569093,2.25,0.166339869281,0.0612244897959,3,0.00441176470588,0.185952380952,17,17,17,1,0,0.352941176471,0.411764705882,0.235294117647,17,0.128676470588,1.90196078431,4.11764705882,3.18181818182,2.69230769231,1.57648156274,0.382859808093,0.201680672269,2.01465221053,0.978545359402,0.524369747899,1.74894926439,0.849489642704,0.463865546218,0.814492905316,0.428238537847,2.33333333333,1.90196078431,0.814492905316,2.33333333333,0,0,0,0,0.164242424242,17,17,17,1,0,0.352941176471,0.411764705882,0.235294117647,17,36,0.132352941176,1.89705882353,4.23529411765,3.27272727273,2.76923076923,1.71498585143,0.40492721492,0.204248366013,2.05798302171,0.971825315808,0.522875816993,1.79869233546,0.849382491746,0.464052287582,0.805541469338,0.424626510969,2.25,1.89705882353,0.805541469338,2.25,0.0702614379085,0.0214285714286,1,0.00147058823529,0.175454545455,17,17,17,1,0,0.352941176471,0.411764705882,0.235294117647,-1,-0.00367647058824,0.0147058823529,-0.117647058824,-0.0909090909091,-0.0769230769231,0.0215730078386,0.0158999400418,0.0102897014662,-0.0406860243059,0.00757197034072,0.00459282812224,-0.0799805377942,-0.0137915311015,-0.00653594771242,0.0193439002456,0.00695905238854,0,0.0147058823529,0.0193439002456,0,-0.0960784313725,-0.0397959183673,-2,-0.00294117647059,-0.0104978354978,0,0,0,36,0,1,235,0.972972972973,1,0,0.027027027027,1,0.972972972973,0.986301369863,0.984301887704,0.972972972973,0.972972972973,1,2,0,0,0,0
1621,WLNM_dir_neg,1,0.5,00:00:00,10,40,31,1982697604,threshold_sweep,0.1,0.666666666667,1,0.8,2,1,0,3,1,0.75,0.25,0,0.666666666667,1,0.8,0.833333333333,0.5,0.666666666667,0.707106781187,0.75,37,35,2,0,37,0,35,0,2,17,37,0.136029411765,1.88235294118,4.35294117647,3.36363636364,2.84615384615,1.69341284359,0.389027274878,0.193958664547,2.09866904602,0.964253345467,0.518282988871,1.87867287326,0.863174022847,0.470588235294,0.786197569093,0.41766745858,2.25,1.88235294118,0.786197569093,2.25,0.166339869281,0.0612244897959,3,0.00441176470588,0.185952380952,17,17,17,1,0,0.352941176471,0.411764705882,0.235294117647,17,0.128676470588,1.90196078431,4.11764705882,3.18181818182,2.69230769231,1.57648156274,0.382859808093,0.201680672269,2.01465221053,0.978545359402,0.524369747899,1.74894926439,0.849489642704,0.463865546218,0.814492905316,0.428238537847,2.33333333333,1.90196078431,0.814492905316,2.33333333333,0,0,0,0,0.164242424242,17,17,17,1,0,0.352941176471,0.411764705882,0.235294117647,17,38,0.139705882353,1.91911764706,4.47058823529,3.45454545455,2.71428571429,1.66274047354,0.371928790134,0.188854489164,2.07754096725,0.929426222189,0.501547987616,1.82103719638,0.814674535221,0.442724458204,0.851172418076,0.443522792561,2.5,1.91911764706,0.851172418076,2.5,0.152287581699,0.0779220779221,4,0.00588235294118,0.183528138528,17,17,17,1,0,0.352941176471,0.470588235294,0.176470588235,1,0.00367647058824,0.0367647058824,0.117647058824,0.0909090909091,-0.131868131868,-0.030672370045,-0.0170984847437,-0.00510417538281,-0.0211280787694,-0.0348271232775,-0.0167350012551,-0.0576356768785,-0.0484994876259,-0.0278637770898,0.0649748489839,0.0258553339805,0.25,0.0367647058824,0.0649748489839,0.25,-0.0140522875817,0.0166975881262,1,0.00147058823529,-0.00242424242424,0,0.0588235294118,-0.0588235294118,37,1,0,234,1,0.995744680851,0.00425531914894,0,0.973684210526,1,0.986666666667,0.984652666406,0.995744680851,0.973684210526,3,2,0,0,0,0
1622,WLNM_dir_neg,1,0.5,00:00:00,10,40,31,1982697604,threshold_sweep,0.2,0.666666666667,1,0.8,2,1,0,3,1,0.75,0.25,0,0.666666666667,1,0.8,0.833333333333,0.5,0.666666666667,0.707106781187,0.75,37,35,2,0,37,0,35,0,2,17,37,0.136029411765,1.88235294118,4.35294117647,3.36363636364,2.84615384615,1.69341284359,0.389027274878,0.193958664547,2.09866904602,0.964253345467,0.518282988871,1.87867287326,0.863174022847,0.470588235294,0.786197569093,0.41766745858,2.25,1.88235294118,0.786197569093,2.25,0.166339869281,0.0612244897959,3,0.00441176470588,0.185952380952,17,17,17,1,0,0.352941176471,0.411764705882,0.235294117647,17,0.128676470588,1.90196078431,4.11764705882,3.18181818182,2.69230769231,1.57648156274,0.382859808093,0.201680672269,2.01465221053,0.978545359402,0.524369747899,1.74894926439,0.849489642704,0.463865546218,0.814492905316,0.428238537847,2.33333333333,1.90196078431,0.814492905316,2.33333333333,0,0,0,0,0.164242424242,17,17,17,1,0,0.352941176471,0.411764705882,0.235294117647,17,38,0.139705882353,1.91911764706,4.47058823529,3.45454545455,2.71428571429,1.66274047354,0.371928790134,0.188854489164,2.07754096725,0.929426222189,0.501547987616,1.82103719638,0.814674535221,0.442724458204,0.851172418076,0.443522792561,2.5,1.91911764706,0.851172418076,2.5,0.152287581699,0.0779220779221,4,0.00588235294118,0.183528138528,17,17,17,1,0,0.352941176471,0.470588235294,0.176470588235,1,0.00367647058824,0.0367647058824,0.117647058824,0.0909090909091,-0.131868131868,-0.030672370045,-0.0170984847437,-0.00510417538281,-0.0211280787694,-0.0348271232775,-0.0167350012551,-0.0576356768785,-0.0484994876259,-0.0278637770898,0.0649748489839,0.0258553339805,0.25,0.0367647058824,0.0649748489839,0.25,-0.0140522875817,0.0166975881262,1,0.00147058823529,-0.00242424242424,0,0.0588235294118,-0.0588235294118,37,1,0,234,1,0.995744680851,0.00425531914894,0,0.973684210526,1,0.986666666667,0.984652666406,0.995744680851,0.973684210526,3,2,0,0,0,0
1623,WLNM_dir_neg,1,0.5,00:00:00,10,40,31,1982697604,threshold_sweep,0.3,0.666666666667,1,0.8,2,1,0,3,1,0.75,0.25,0,0.666666666667,1,0.8,0.833333333333,0.5,0.666666666667,0.707106781187,0.75,37,35,2,0,37,0,35,0,2,17,37,0.136029411765,1.88235294118,4.35294117647,3.36363636364,2.84615384615,1.69341284359,0.389027274878,0.193958664547,2.09866904602,0.964253345467,0.518282988871,1.87867287326,0.863174022847,0.470588235294,0.786197569093,0.41766745858,2.25,1.88235294118,0.786197569093,2.25,0.166339869281,0.0612244897959,3,0.00441176470588,0.185952380952,17,17,17,1,0,0.352941176471,0.411764705882,0.235294117647,17,0.128676470588,1.90196078431,4.11764705882,3.18181818182,2.69230769231,1.57648156274,0.382859808093,0.201680672269,2.01465221053,0.978545359402,0.524369747899,1.74894926439,0.849489642704,0.463865546218,0.814492905316,0.428238537847,2.33333333333,1.90196078431,0.814492905316,2.33333333333,0,0,0,0,0.164242424242,17,17,17,1,0,0.352941176471,0.411764705882,0.235294117647,17,38,0.139705882353,1.91911764706,4.47058823529,3.45454545455,2.71428571429,1.66274047354,0.371928790134,0.188854489164,2.07754096725,0.929426222189,0.501547987616,1.82103719638,0.814674535221,0.442724458204,0.851172418076,0.443522792561,2.5,1.91911764706,0.851172418076,2.5,0.152287581699,0.0779220779221,4,0.00588235294118,0.183528138528,17,17,17,1,0,0.352941176471,0.470588235294,0.176470588235,1,0.00367647058824,0.0367647058824,0.117647058824,0.0909090909091,-0.131868131868,-0.030672370045,-0.0170984847437,-0.00510417538281,-0.0211280787694,-0.0348271232775,-0.0167350012551,-0.0576356768785,-0.0484994876259,-0.0278637770898,0.0649748489839,0.0258553339805,0.25,0.0367647058824,0.0649748489839,0.25,-0.0140522875817,0.0166975881262,1,0.00147058823529,-0.00242424242424,0,0.0588235294118,-0.0588235294118,37,1,0,234,1,0.995744680851,0.00425531914894,0,0.973684210526,1,0.986666666667,0.984652666406,0.995744680851,0.973684210526,3,2,0,0,0,0
1624,WLNM_dir_neg,1,0.5,00:00:00,10,40,31,1982697604,threshold_sweep,0.4,0.666666666667,1,0.8,2,1,0,3,1,0.75,0.25,0,0.666666666667,1,0.8,0.833333333333,0.5,0.666666666667,0.707106781187,0.75,37,35,2,0,37,0,35,0,2,17,37,0.136029411765,1.88235294118,4.35294117647,3.36363636364,2.84615384615,1.69341284359,0.389027274878,0.193958664547,2.09866904602,0.964253345467,0.518282988871,1.87867287326,0.863174022847,0.470588235294,0.786197569093,0.41766745858,2.25,1.88235294118,0.786197569093,2.25,0.166339869281,0.0612244897959,3,0.00441176470588,0.185952380952,17,17,17,1,0,0.352941176471,0.411764705882,0.235294117647,17,0.128676470588,1.90196078431,4.11764705882,3.18181818182,2.69230769231,1.57648156274,0.382859808093,0.201680672269,2.01465221053,0.978545359402,0.524369747899,1.74894926439,0.849489642704,0.463865546218,0.814492905316,0.428238537847,2.33333333333,1.90196078431,0.814492905316,2.33333333333,0,0,0,0,0.164242424242,17,17,17,1,0,0.352941176471,0.411764705882,0.235294117647,17,38,0.139705882353,1.91911764706,4.47058823529,3.45454545455,2.71428571429,1.66274047354,0.371928790134,0.188854489164,2.07754096725,0.929426222189,0.501547987616,1.82103719638,0.814674535221,0.442724458204,0.851172418076,0.443522792561,2.5,1.91911764706,0.851172418076,2.5,0.152287581699,0.0779220779221,4,0.00588235294118,0.183528138528,17,17,17,1,0,0.352941176471,0.470588235294,0.176470588235,1,0.00367647058824,0.0367647058824,0.117647058824,0.0909090909091,-0.131868131868,-0.030672370045,-0.0170984847437,-0.00510417538281,-0.0211280787694,-0.0348271232775,-0.0167350012551,-0.0576356768785,-0.0484994876259,-0.0278637770898,0.0649748489839,0.0258553339805,0.25,0.0367647058824,0.0649748489839,0.25,-0.0140522875817,0.0166975881262,1,0.00147058823529,-0.00242424242424,0,0.0588235294118,-0.0588235294118,37,1,0,234,1,0.995744680851,0.00425531914894,0,0.973684210526,1,0.986666666667,0.984652666406,0.995744680851,0.973684210526,3,2,0,0,0,0
1625,WLNM_dir_neg,1,0.5,00:00:00,10,40,31,1982697604,threshold_sweep,0.5,1,1,1,2,0,0,4,1,1,0,0,1,1,1,1,0.555555555556,1,1,1,37,35,2,0,37,0,35,0,2,17,37,0.136029411765,1.88235294118,4.35294117647,3.36363636364,2.84615384615,1.69341284359,0.389027274878,0.193958664547,2.09866904602,0.964253345467,0.518282988871,1.87867287326,0.863174022847,0.470588235294,0.786197569093,0.41766745858,2.25,1.88235294118,0.786197569093,2.25,0.166339869281,0.0612244897959,3,0.00441176470588,0.185952380952,17,17,17,1,0,0.352941176471,0.411764705882,0.235294117647,17,0.128676470588,1.90196078431,4.11764705882,3.18181818182,2.69230769231,1.57648156274,0.382859808093,0.201680672269,2.01465221053,0.978545359402,0.524369747899,1.74894926439,0.849489642704,0.463865546218,0.814492905316,0.428238537847,2.33333333333,1.90196078431,0.814492905316,2.33333333333,0,0,0,0,0.164242424242,17,17,17,1,0,0.352941176471,0.411764705882,0.235294117647,17,37,0.136029411765,1.88235294118,4.35294117647,3.36363636364,2.84615384615,1.69341284359,0.389027274878,0.193958664547,2.09866904602,0.964253345467,0.518282988871,1.87867287326,0.863174022847,0.470588235294,0.786197569093,0.41766745858,2.25,1.88235294118,0.786197569093,2.25,0.166339869281,0.0612244897959,3,0.00441176470588,0.185952380952,17,17,17,1,0,0.352941176471,0.411764705882,0.235294117647,0,0,0,0,0,0,0,0,0,0,0,0,0,0,0,0,0,0,0,0,0,0,0,0,0,0,0,0,0,37,0,0,235,1,1,0,0,1,1,1,1,1,1,2,2,0,0,0,0
1626,WLNM_dir_neg,1,0.5,00:00:00,10,40,31,1982697604,threshold_sweep,0.6,1,1,1,2,0,0,4,1,1,0,0,1,1,1,1,0.555555555556,1,1,1,37,35,2,0,37,0,35,0,2,17,37,0.136029411765,1.88235294118,4.35294117647,3.36363636364,2.84615384615,1.69341284359,0.389027274878,0.193958664547,2.09866904602,0.964253345467,0.518282988871,1.87867287326,0.863174022847,0.470588235294,0.786197569093,0.41766745858,2.25,1.88235294118,0.786197569093,2.25,0.166339869281,0.0612244897959,3,0.00441176470588,0.185952380952,17,17,17,1,0,0.352941176471,0.411764705882,0.235294117647,17,0.128676470588,1.90196078431,4.11764705882,3.18181818182,2.69230769231,1.57648156274,0.382859808093,0.201680672269,2.01465221053,0.978545359402,0.524369747899,1.74894926439,0.849489642704,0.463865546218,0.814492905316,0.428238537847,2.33333333333,1.90196078431,0.814492905316,2.33333333333,0,0,0,0,0.164242424242,17,17,17,1,0,0.352941176471,0.411764705882,0.235294117647,17,37,0.136029411765,1.88235294118,4.35294117647,3.36363636364,2.84615384615,1.69341284359,0.389027274878,0.193958664547,2.09866904602,0.964253345467,0.518282988871,1.87867287326,0.863174022847,0.470588235294,0.786197569093,0.41766745858,2.25,1.88235294118,0.786197569093,2.25,0.166339869281,0.0612244897959,3,0.00441176470588,0.185952380952,17,17,17,1,0,0.352941176471,0.411764705882,0.235294117647,0,0,0,0,0,0,0,0,0,0,0,0,0,0,0,0,0,0,0,0,0,0,0,0,0,0,0,0,0,37,0,0,235,1,1,0,0,1,1,1,1,1,1,2,2,0,0,0,0
1627,WLNM_dir_neg,1,0.5,00:00:00,10,40,31,1982697604,threshold_sweep,0.7,1,1,1,2,0,0,4,1,1,0,0,1,1,1,1,0.555555555556,1,1,1,37,35,2,0,37,0,35,0,2,17,37,0.136029411765,1.88235294118,4.35294117647,3.36363636364,2.84615384615,1.69341284359,0.389027274878,0.193958664547,2.09866904602,0.964253345467,0.518282988871,1.87867287326,0.863174022847,0.470588235294,0.786197569093,0.41766745858,2.25,1.88235294118,0.786197569093,2.25,0.166339869281,0.0612244897959,3,0.00441176470588,0.185952380952,17,17,17,1,0,0.352941176471,0.411764705882,0.235294117647,17,0.128676470588,1.90196078431,4.11764705882,3.18181818182,2.69230769231,1.57648156274,0.382859808093,0.201680672269,2.01465221053,0.978545359402,0.524369747899,1.74894926439,0.849489642704,0.463865546218,0.814492905316,0.428238537847,2.33333333333,1.90196078431,0.814492905316,2.33333333333,0,0,0,0,0.164242424242,17,17,17,1,0,0.352941176471,0.411764705882,0.235294117647,17,37,0.136029411765,1.88235294118,4.35294117647,3.36363636364,2.84615384615,1.69341284359,0.389027274878,0.193958664547,2.09866904602,0.964253345467,0.518282988871,1.87867287326,0.863174022847,0.470588235294,0.786197569093,0.41766745858,2.25,1.88235294118,0.786197569093,2.25,0.166339869281,0.0612244897959,3,0.00441176470588,0.185952380952,17,17,17,1,0,0.352941176471,0.411764705882,0.235294117647,0,0,0,0,0,0,0,0,0,0,0,0,0,0,0,0,0,0,0,0,0,0,0,0,0,0,0,0,0,37,0,0,235,1,1,0,0,1,1,1,1,1,1,2,2,0,0,0,0
1628,WLNM_dir_neg,1,0.5,00:00:00,10,40,31,1982697604,threshold_sweep,0.8,1,1,1,2,0,0,4,1,1,0,0,1,1,1,1,0.555555555556,1,1,1,37,35,2,0,37,0,35,0,2,17,37,0.136029411765,1.88235294118,4.35294117647,3.36363636364,2.84615384615,1.69341284359,0.389027274878,0.193958664547,2.09866904602,0.964253345467,0.518282988871,1.87867287326,0.863174022847,0.470588235294,0.786197569093,0.41766745858,2.25,1.88235294118,0.786197569093,2.25,0.166339869281,0.0612244897959,3,0.00441176470588,0.185952380952,17,17,17,1,0,0.352941176471,0.411764705882,0.235294117647,17,0.128676470588,1.90196078431,4.11764705882,3.18181818182,2.69230769231,1.57648156274,0.382859808093,0.201680672269,2.01465221053,0.978545359402,0.524369747899,1.74894926439,0.849489642704,0.463865546218,0.814492905316,0.428238537847,2.33333333333,1.90196078431,0.814492905316,2.33333333333,0,0,0,0,0.164242424242,17,17,17,1,0,0.352941176471,0.411764705882,0.235294117647,17,37,0.136029411765,1.88235294118,4.35294117647,3.36363636364,2.84615384615,1.69341284359,0.389027274878,0.193958664547,2.09866904602,0.964253345467,0.518282988871,1.87867287326,0.863174022847,0.470588235294,0.786197569093,0.41766745858,2.25,1.88235294118,0.786197569093,2.25,0.166339869281,0.0612244897959,3,0.00441176470588,0.185952380952,17,17,17,1,0,0.352941176471,0.411764705882,0.235294117647,0,0,0,0,0,0,0,0,0,0,0,0,0,0,0,0,0,0,0,0,0,0,0,0,0,0,0,0,0,37,0,0,235,1,1,0,0,1,1,1,1,1,1,2,2,0,0,0,0
1629,WLNM_dir_neg,1,0.5,00:00:00,10,40,31,1982697604,threshold_sweep,0.9,1,1,1,2,0,0,4,1,1,0,0,1,1,1,1,0.555555555556,1,1,1,37,35,2,0,37,0,35,0,2,17,37,0.136029411765,1.88235294118,4.35294117647,3.36363636364,2.84615384615,1.69341284359,0.389027274878,0.193958664547,2.09866904602,0.964253345467,0.518282988871,1.87867287326,0.863174022847,0.470588235294,0.786197569093,0.41766745858,2.25,1.88235294118,0.786197569093,2.25,0.166339869281,0.0612244897959,3,0.00441176470588,0.185952380952,17,17,17,1,0,0.352941176471,0.411764705882,0.235294117647,17,0.128676470588,1.90196078431,4.11764705882,3.18181818182,2.69230769231,1.57648156274,0.382859808093,0.201680672269,2.01465221053,0.978545359402,0.524369747899,1.74894926439,0.849489642704,0.463865546218,0.814492905316,0.428238537847,2.33333333333,1.90196078431,0.814492905316,2.33333333333,0,0,0,0,0.164242424242,17,17,17,1,0,0.352941176471,0.411764705882,0.235294117647,17,37,0.136029411765,1.88235294118,4.35294117647,3.36363636364,2.84615384615,1.69341284359,0.389027274878,0.193958664547,2.09866904602,0.964253345467,0.518282988871,1.87867287326,0.863174022847,0.470588235294,0.786197569093,0.41766745858,2.25,1.88235294118,0.786197569093,2.25,0.166339869281,0.0612244897959,3,0.00441176470588,0.185952380952,17,17,17,1,0,0.352941176471,0.411764705882,0.235294117647,0,0,0,0,0,0,0,0,0,0,0,0,0,0,0,0,0,0,0,0,0,0,0,0,0,0,0,0,0,37,0,0,235,1,1,0,0,1,1,1,1,1,1,2,2,0,0,0,0
1630,WLNM_dir_neg,1,0.5,00:00:00,10,40,32,1982697605,threshold_sweep,0.1,0.666666666667,1,0.8,2,1,0,3,1,0.75,0.25,0,0.666666666667,1,0.8,0.833333333333,0.5,0.666666666667,0.707106781187,0.75,37,35,2,0,37,0,35,0,2,17,37,0.136029411765,1.88235294118,4.35294117647,3.36363636364,2.84615384615,1.69341284359,0.389027274878,0.193958664547,2.09866904602,0.964253345467,0.518282988871,1.87867287326,0.863174022847,0.470588235294,0.786197569093,0.41766745858,2.25,1.88235294118,0.786197569093,2.25,0.166339869281,0.0612244897959,3,0.00441176470588,0.185952380952,17,17,17,1,0,0.352941176471,0.411764705882,0.235294117647,17,0.128676470588,1.90196078431,4.11764705882,3.18181818182,2.69230769231,1.57648156274,0.382859808093,0.201680672269,2.01465221053,0.978545359402,0.524369747899,1.74894926439,0.849489642704,0.463865546218,0.814492905316,0.428238537847,2.33333333333,1.90196078431,0.814492905316,2.33333333333,0,0,0,0,0.164242424242,17,17,17,1,0,0.352941176471,0.411764705882,0.235294117647,17,38,0.139705882353,1.9,4.47058823529,3.45454545455,2.71428571429,1.73629084037,0.388380845872,0.198142414861,2.1368613597,0.955964292498,0.510835913313,1.82103719638,0.814674535221,0.442724458204,0.795298686029,0.418578255805,2.25,1.9,0.795298686029,2.25,0.217320261438,0.115384615385,6,0.00882352941176,0.17867965368,17,17,17,1,0,0.352941176471,0.470588235294,0.176470588235,1,0.00367647058824,0.0176470588235,0.117647058824,0.0909090909091,-0.131868131868,0.0428779967836,-0.000646429005719,0.00418375031378,0.0381923136861,-0.00828905296849,-0.00744707555853,-0.0576356768785,-0.0484994876259,-0.0278637770898,0.00910111693678,0.000910797224492,0,0.0176470588235,0.00910111693678,0,0.0509803921569,0.0541601255887,3,0.00441176470588,-0.00727272727273,0,0.0588235294118,-0.0588235294118,37,1,0,234,1,0.995744680851,0.00425531914894,0,0.973684210526,1,0.986666666667,0.984652666406,0.995744680851,0.973684210526,3,2,0,0,0,0
1631,WLNM_dir_neg,1,0.5,00:00:00,10,40,32,1982697605,threshold_sweep,0.2,0.666666666667,1,0.8,2,1,0,3,1,0.75,0.25,0,0.666666666667,1,0.8,0.833333333333,0.5,0.666666666667,0.707106781187,0.75,37,35,2,0,37,0,35,0,2,17,37,0.136029411765,1.88235294118,4.35294117647,3.36363636364,2.84615384615,1.69341284359,0.389027274878,0.193958664547,2.09866904602,0.964253345467,0.518282988871,1.87867287326,0.863174022847,0.470588235294,0.786197569093,0.41766745858,2.25,1.88235294118,0.786197569093,2.25,0.166339869281,0.0612244897959,3,0.00441176470588,0.185952380952,17,17,17,1,0,0.352941176471,0.411764705882,0.235294117647,17,0.128676470588,1.90196078431,4.11764705882,3.18181818182,2.69230769231,1.57648156274,0.382859808093,0.201680672269,2.01465221053,0.978545359402,0.524369747899,1.74894926439,0.849489642704,0.463865546218,0.814492905316,0.428238537847,2.33333333333,1.90196078431,0.814492905316,2.33333333333,0,0,0,0,0.164242424242,17,17,17,1,0,0.352941176471,0.411764705882,0.235294117647,17,38,0.139705882353,1.9,4.47058823529,3.45454545455,2.71428571429,1.73629084037,0.388380845872,0.198142414861,2.1368613597,0.955964292498,0.510835913313,1.82103719638,0.814674535221,0.442724458204,0.795298686029,0.418578255805,2.25,1.9,0.795298686029,2.25,0.217320261438,0.115384615385,6,0.00882352941176,0.17867965368,17,17,17,1,0,0.352941176471,0.470588235294,0.176470588235,1,0.00367647058824,0.0176470588235,0.117647058824,0.0909090909091,-0.131868131868,0.0428779967836,-0.000646429005719,0.00418375031378,0.0381923136861,-0.00828905296849,-0.00744707555853,-0.0576356768785,-0.0484994876259,-0.0278637770898,0.00910111693678,0.000910797224492,0,0.0176470588235,0.00910111693678,0,0.0509803921569,0.0541601255887,3,0.00441176470588,-0.00727272727273,0,0.0588235294118,-0.0588235294118,37,1,0,234,1,0.995744680851,0.00425531914894,0,0.973684210526,1,0.986666666667,0.984652666406,0.995744680851,0.973684210526,3,2,0,0,0,0
1632,WLNM_dir_neg,1,0.5,00:00:00,10,40,32,1982697605,threshold_sweep,0.3,0.666666666667,1,0.8,2,1,0,3,1,0.75,0.25,0,0.666666666667,1,0.8,0.833333333333,0.5,0.666666666667,0.707106781187,0.75,37,35,2,0,37,0,35,0,2,17,37,0.136029411765,1.88235294118,4.35294117647,3.36363636364,2.84615384615,1.69341284359,0.389027274878,0.193958664547,2.09866904602,0.964253345467,0.518282988871,1.87867287326,0.863174022847,0.470588235294,0.786197569093,0.41766745858,2.25,1.88235294118,0.786197569093,2.25,0.166339869281,0.0612244897959,3,0.00441176470588,0.185952380952,17,17,17,1,0,0.352941176471,0.411764705882,0.235294117647,17,0.128676470588,1.90196078431,4.11764705882,3.18181818182,2.69230769231,1.57648156274,0.382859808093,0.201680672269,2.01465221053,0.978545359402,0.524369747899,1.74894926439,0.849489642704,0.463865546218,0.814492905316,0.428238537847,2.33333333333,1.90196078431,0.814492905316,2.33333333333,0,0,0,0,0.164242424242,17,17,17,1,0,0.352941176471,0.411764705882,0.235294117647,17,38,0.139705882353,1.9,4.47058823529,3.45454545455,2.71428571429,1.73629084037,0.388380845872,0.198142414861,2.1368613597,0.955964292498,0.510835913313,1.82103719638,0.814674535221,0.442724458204,0.795298686029,0.418578255805,2.25,1.9,0.795298686029,2.25,0.217320261438,0.115384615385,6,0.00882352941176,0.17867965368,17,17,17,1,0,0.352941176471,0.470588235294,0.176470588235,1,0.00367647058824,0.0176470588235,0.117647058824,0.0909090909091,-0.131868131868,0.0428779967836,-0.000646429005719,0.00418375031378,0.0381923136861,-0.00828905296849,-0.00744707555853,-0.0576356768785,-0.0484994876259,-0.0278637770898,0.00910111693678,0.000910797224492,0,0.0176470588235,0.00910111693678,0,0.0509803921569,0.0541601255887,3,0.00441176470588,-0.00727272727273,0,0.0588235294118,-0.0588235294118,37,1,0,234,1,0.995744680851,0.00425531914894,0,0.973684210526,1,0.986666666667,0.984652666406,0.995744680851,0.973684210526,3,2,0,0,0,0
1633,WLNM_dir_neg,1,0.5,00:00:00,10,40,32,1982697605,threshold_sweep,0.4,0.666666666667,1,0.8,2,1,0,3,1,0.75,0.25,0,0.666666666667,1,0.8,0.833333333333,0.5,0.666666666667,0.707106781187,0.75,37,35,2,0,37,0,35,0,2,17,37,0.136029411765,1.88235294118,4.35294117647,3.36363636364,2.84615384615,1.69341284359,0.389027274878,0.193958664547,2.09866904602,0.964253345467,0.518282988871,1.87867287326,0.863174022847,0.470588235294,0.786197569093,0.41766745858,2.25,1.88235294118,0.786197569093,2.25,0.166339869281,0.0612244897959,3,0.00441176470588,0.185952380952,17,17,17,1,0,0.352941176471,0.411764705882,0.235294117647,17,0.128676470588,1.90196078431,4.11764705882,3.18181818182,2.69230769231,1.57648156274,0.382859808093,0.201680672269,2.01465221053,0.978545359402,0.524369747899,1.74894926439,0.849489642704,0.463865546218,0.814492905316,0.428238537847,2.33333333333,1.90196078431,0.814492905316,2.33333333333,0,0,0,0,0.164242424242,17,17,17,1,0,0.352941176471,0.411764705882,0.235294117647,17,38,0.139705882353,1.9,4.47058823529,3.45454545455,2.71428571429,1.73629084037,0.388380845872,0.198142414861,2.1368613597,0.955964292498,0.510835913313,1.82103719638,0.814674535221,0.442724458204,0.795298686029,0.418578255805,2.25,1.9,0.795298686029,2.25,0.217320261438,0.115384615385,6,0.00882352941176,0.17867965368,17,17,17,1,0,0.352941176471,0.470588235294,0.176470588235,1,0.00367647058824,0.0176470588235,0.117647058824,0.0909090909091,-0.131868131868,0.0428779967836,-0.000646429005719,0.00418375031378,0.0381923136861,-0.00828905296849,-0.00744707555853,-0.0576356768785,-0.0484994876259,-0.0278637770898,0.00910111693678,0.000910797224492,0,0.0176470588235,0.00910111693678,0,0.0509803921569,0.0541601255887,3,0.00441176470588,-0.00727272727273,0,0.0588235294118,-0.0588235294118,37,1,0,234,1,0.995744680851,0.00425531914894,0,0.973684210526,1,0.986666666667,0.984652666406,0.995744680851,0.973684210526,3,2,0,0,0,0
1634,WLNM_dir_neg,1,0.5,00:00:00,10,40,32,1982697605,threshold_sweep,0.5,0.666666666667,1,0.8,2,1,0,3,1,0.75,0.25,0,0.666666666667,1,0.8,0.833333333333,0.5,0.666666666667,0.707106781187,0.75,37,35,2,0,37,0,35,0,2,17,37,0.136029411765,1.88235294118,4.35294117647,3.36363636364,2.84615384615,1.69341284359,0.389027274878,0.193958664547,2.09866904602,0.964253345467,0.518282988871,1.87867287326,0.863174022847,0.470588235294,0.786197569093,0.41766745858,2.25,1.88235294118,0.786197569093,2.25,0.166339869281,0.0612244897959,3,0.00441176470588,0.185952380952,17,17,17,1,0,0.352941176471,0.411764705882,0.235294117647,17,0.128676470588,1.90196078431,4.11764705882,3.18181818182,2.69230769231,1.57648156274,0.382859808093,0.201680672269,2.01465221053,0.978545359402,0.524369747899,1.74894926439,0.849489642704,0.463865546218,0.814492905316,0.428238537847,2.33333333333,1.90196078431,0.814492905316,2.33333333333,0,0,0,0,0.164242424242,17,17,17,1,0,0.352941176471,0.411764705882,0.235294117647,17,38,0.139705882353,1.9,4.47058823529,3.45454545455,2.71428571429,1.73629084037,0.388380845872,0.198142414861,2.1368613597,0.955964292498,0.510835913313,1.82103719638,0.814674535221,0.442724458204,0.795298686029,0.418578255805,2.25,1.9,0.795298686029,2.25,0.217320261438,0.115384615385,6,0.00882352941176,0.17867965368,17,17,17,1,0,0.352941176471,0.470588235294,0.176470588235,1,0.00367647058824,0.0176470588235,0.117647058824,0.0909090909091,-0.131868131868,0.0428779967836,-0.000646429005719,0.00418375031378,0.0381923136861,-0.00828905296849,-0.00744707555853,-0.0576356768785,-0.0484994876259,-0.0278637770898,0.00910111693678,0.000910797224492,0,0.0176470588235,0.00910111693678,0,0.0509803921569,0.0541601255887,3,0.00441176470588,-0.00727272727273,0,0.0588235294118,-0.0588235294118,37,1,0,234,1,0.995744680851,0.00425531914894,0,0.973684210526,1,0.986666666667,0.984652666406,0.995744680851,0.973684210526,3,2,0,0,0,0
1635,WLNM_dir_neg,1,0.5,00:00:00,10,40,32,1982697605,threshold_sweep,0.6,1,1,1,2,0,0,4,1,1,0,0,1,1,1,1,0.555555555556,1,1,1,37,35,2,0,37,0,35,0,2,17,37,0.136029411765,1.88235294118,4.35294117647,3.36363636364,2.84615384615,1.69341284359,0.389027274878,0.193958664547,2.09866904602,0.964253345467,0.518282988871,1.87867287326,0.863174022847,0.470588235294,0.786197569093,0.41766745858,2.25,1.88235294118,0.786197569093,2.25,0.166339869281,0.0612244897959,3,0.00441176470588,0.185952380952,17,17,17,1,0,0.352941176471,0.411764705882,0.235294117647,17,0.128676470588,1.90196078431,4.11764705882,3.18181818182,2.69230769231,1.57648156274,0.382859808093,0.201680672269,2.01465221053,0.978545359402,0.524369747899,1.74894926439,0.849489642704,0.463865546218,0.814492905316,0.428238537847,2.33333333333,1.90196078431,0.814492905316,2.33333333333,0,0,0,0,0.164242424242,17,17,17,1,0,0.352941176471,0.411764705882,0.235294117647,17,37,0.136029411765,1.88235294118,4.35294117647,3.36363636364,2.84615384615,1.69341284359,0.389027274878,0.193958664547,2.09866904602,0.964253345467,0.518282988871,1.87867287326,0.863174022847,0.470588235294,0.786197569093,0.41766745858,2.25,1.88235294118,0.786197569093,2.25,0.166339869281,0.0612244897959,3,0.00441176470588,0.185952380952,17,17,17,1,0,0.352941176471,0.411764705882,0.235294117647,0,0,0,0,0,0,0,0,0,0,0,0,0,0,0,0,0,0,0,0,0,0,0,0,0,0,0,0,0,37,0,0,235,1,1,0,0,1,1,1,1,1,1,2,2,0,0,0,0
1636,WLNM_dir_neg,1,0.5,00:00:00,10,40,32,1982697605,threshold_sweep,0.7,1,1,1,2,0,0,4,1,1,0,0,1,1,1,1,0.555555555556,1,1,1,37,35,2,0,37,0,35,0,2,17,37,0.136029411765,1.88235294118,4.35294117647,3.36363636364,2.84615384615,1.69341284359,0.389027274878,0.193958664547,2.09866904602,0.964253345467,0.518282988871,1.87867287326,0.863174022847,0.470588235294,0.786197569093,0.41766745858,2.25,1.88235294118,0.786197569093,2.25,0.166339869281,0.0612244897959,3,0.00441176470588,0.185952380952,17,17,17,1,0,0.352941176471,0.411764705882,0.235294117647,17,0.128676470588,1.90196078431,4.11764705882,3.18181818182,2.69230769231,1.57648156274,0.382859808093,0.201680672269,2.01465221053,0.978545359402,0.524369747899,1.74894926439,0.849489642704,0.463865546218,0.814492905316,0.428238537847,2.33333333333,1.90196078431,0.814492905316,2.33333333333,0,0,0,0,0.164242424242,17,17,17,1,0,0.352941176471,0.411764705882,0.235294117647,17,37,0.136029411765,1.88235294118,4.35294117647,3.36363636364,2.84615384615,1.69341284359,0.389027274878,0.193958664547,2.09866904602,0.964253345467,0.518282988871,1.87867287326,0.863174022847,0.470588235294,0.786197569093,0.41766745858,2.25,1.88235294118,0.786197569093,2.25,0.166339869281,0.0612244897959,3,0.00441176470588,0.185952380952,17,17,17,1,0,0.352941176471,0.411764705882,0.235294117647,0,0,0,0,0,0,0,0,0,0,0,0,0,0,0,0,0,0,0,0,0,0,0,0,0,0,0,0,0,37,0,0,235,1,1,0,0,1,1,1,1,1,1,2,2,0,0,0,0
1637,WLNM_dir_neg,1,0.5,00:00:00,10,40,32,1982697605,threshold_sweep,0.8,1,1,1,2,0,0,4,1,1,0,0,1,1,1,1,0.555555555556,1,1,1,37,35,2,0,37,0,35,0,2,17,37,0.136029411765,1.88235294118,4.35294117647,3.36363636364,2.84615384615,1.69341284359,0.389027274878,0.193958664547,2.09866904602,0.964253345467,0.518282988871,1.87867287326,0.863174022847,0.470588235294,0.786197569093,0.41766745858,2.25,1.88235294118,0.786197569093,2.25,0.166339869281,0.0612244897959,3,0.00441176470588,0.185952380952,17,17,17,1,0,0.352941176471,0.411764705882,0.235294117647,17,0.128676470588,1.90196078431,4.11764705882,3.18181818182,2.69230769231,1.57648156274,0.382859808093,0.201680672269,2.01465221053,0.978545359402,0.524369747899,1.74894926439,0.849489642704,0.463865546218,0.814492905316,0.428238537847,2.33333333333,1.90196078431,0.814492905316,2.33333333333,0,0,0,0,0.164242424242,17,17,17,1,0,0.352941176471,0.411764705882,0.235294117647,17,37,0.136029411765,1.88235294118,4.35294117647,3.36363636364,2.84615384615,1.69341284359,0.389027274878,0.193958664547,2.09866904602,0.964253345467,0.518282988871,1.87867287326,0.863174022847,0.470588235294,0.786197569093,0.41766745858,2.25,1.88235294118,0.786197569093,2.25,0.166339869281,0.0612244897959,3,0.00441176470588,0.185952380952,17,17,17,1,0,0.352941176471,0.411764705882,0.235294117647,0,0,0,0,0,0,0,0,0,0,0,0,0,0,0,0,0,0,0,0,0,0,0,0,0,0,0,0,0,37,0,0,235,1,1,0,0,1,1,1,1,1,1,2,2,0,0,0,0
1638,WLNM_dir_neg,1,0.5,00:00:00,10,40,32,1982697605,threshold_sweep,0.9,1,1,1,2,0,0,4,1,1,0,0,1,1,1,1,0.555555555556,1,1,1,37,35,2,0,37,0,35,0,2,17,37,0.136029411765,1.88235294118,4.35294117647,3.36363636364,2.84615384615,1.69341284359,0.389027274878,0.193958664547,2.09866904602,0.964253345467,0.518282988871,1.87867287326,0.863174022847,0.470588235294,0.786197569093,0.41766745858,2.25,1.88235294118,0.786197569093,2.25,0.166339869281,0.0612244897959,3,0.00441176470588,0.185952380952,17,17,17,1,0,0.352941176471,0.411764705882,0.235294117647,17,0.128676470588,1.90196078431,4.11764705882,3.18181818182,2.69230769231,1.57648156274,0.382859808093,0.201680672269,2.01465221053,0.978545359402,0.524369747899,1.74894926439,0.849489642704,0.463865546218,0.814492905316,0.428238537847,2.33333333333,1.90196078431,0.814492905316,2.33333333333,0,0,0,0,0.164242424242,17,17,17,1,0,0.352941176471,0.411764705882,0.235294117647,17,37,0.136029411765,1.88235294118,4.35294117647,3.36363636364,2.84615384615,1.69341284359,0.389027274878,0.193958664547,2.09866904602,0.964253345467,0.518282988871,1.87867287326,0.863174022847,0.470588235294,0.786197569093,0.41766745858,2.25,1.88235294118,0.786197569093,2.25,0.166339869281,0.0612244897959,3,0.00441176470588,0.185952380952,17,17,17,1,0,0.352941176471,0.411764705882,0.235294117647,0,0,0,0,0,0,0,0,0,0,0,0,0,0,0,0,0,0,0,0,0,0,0,0,0,0,0,0,0,37,0,0,235,1,1,0,0,1,1,1,1,1,1,2,2,0,0,0,0
1639,WLNM_dir_neg,1,0.5,00:00:00,10,40,33,1982697606,threshold_sweep,0.1,1,1,1,2,0,0,4,1,1,0,0,1,1,1,1,0.555555555556,1,1,1,37,35,2,0,37,0,35,0,2,17,37,0.136029411765,1.88235294118,4.35294117647,3.36363636364,2.84615384615,1.69341284359,0.389027274878,0.193958664547,2.09866904602,0.964253345467,0.518282988871,1.87867287326,0.863174022847,0.470588235294,0.786197569093,0.41766745858,2.25,1.88235294118,0.786197569093,2.25,0.166339869281,0.0612244897959,3,0.00441176470588,0.185952380952,17,17,17,1,0,0.352941176471,0.411764705882,0.235294117647,17,0.128676470588,1.90196078431,4.11764705882,3.18181818182,2.69230769231,1.57648156274,0.382859808093,0.201680672269,2.01465221053,0.978545359402,0.524369747899,1.74894926439,0.849489642704,0.463865546218,0.814492905316,0.428238537847,2.33333333333,1.90196078431,0.814492905316,2.33333333333,0,0,0,0,0.164242424242,17,17,17,1,0,0.352941176471,0.411764705882,0.235294117647,17,37,0.136029411765,1.88235294118,4.35294117647,3.36363636364,2.84615384615,1.69341284359,0.389027274878,0.193958664547,2.09866904602,0.964253345467,0.518282988871,1.87867287326,0.863174022847,0.470588235294,0.786197569093,0.41766745858,2.25,1.88235294118,0.786197569093,2.25,0.166339869281,0.0612244897959,3,0.00441176470588,0.185952380952,17,17,17,1,0,0.352941176471,0.411764705882,0.235294117647,0,0,0,0,0,0,0,0,0,0,0,0,0,0,0,0,0,0,0,0,0,0,0,0,0,0,0,0,0,37,0,0,235,1,1,0,0,1,1,1,1,1,1,2,2,0,0,0,0
1640,WLNM_dir_neg,1,0.5,00:00:00,10,40,33,1982697606,threshold_sweep,0.2,1,1,1,2,0,0,4,1,1,0,0,1,1,1,1,0.555555555556,1,1,1,37,35,2,0,37,0,35,0,2,17,37,0.136029411765,1.88235294118,4.35294117647,3.36363636364,2.84615384615,1.69341284359,0.389027274878,0.193958664547,2.09866904602,0.964253345467,0.518282988871,1.87867287326,0.863174022847,0.470588235294,0.786197569093,0.41766745858,2.25,1.88235294118,0.786197569093,2.25,0.166339869281,0.0612244897959,3,0.00441176470588,0.185952380952,17,17,17,1,0,0.352941176471,0.411764705882,0.235294117647,17,0.128676470588,1.90196078431,4.11764705882,3.18181818182,2.69230769231,1.57648156274,0.382859808093,0.201680672269,2.01465221053,0.978545359402,0.524369747899,1.74894926439,0.849489642704,0.463865546218,0.814492905316,0.428238537847,2.33333333333,1.90196078431,0.814492905316,2.33333333333,0,0,0,0,0.164242424242,17,17,17,1,0,0.352941176471,0.411764705882,0.235294117647,17,37,0.136029411765,1.88235294118,4.35294117647,3.36363636364,2.84615384615,1.69341284359,0.389027274878,0.193958664547,2.09866904602,0.964253345467,0.518282988871,1.87867287326,0.863174022847,0.470588235294,0.786197569093,0.41766745858,2.25,1.88235294118,0.786197569093,2.25,0.166339869281,0.0612244897959,3,0.00441176470588,0.185952380952,17,17,17,1,0,0.352941176471,0.411764705882,0.235294117647,0,0,0,0,0,0,0,0,0,0,0,0,0,0,0,0,0,0,0,0,0,0,0,0,0,0,0,0,0,37,0,0,235,1,1,0,0,1,1,1,1,1,1,2,2,0,0,0,0
1641,WLNM_dir_neg,1,0.5,00:00:00,10,40,33,1982697606,threshold_sweep,0.3,1,1,1,2,0,0,4,1,1,0,0,1,1,1,1,0.555555555556,1,1,1,37,35,2,0,37,0,35,0,2,17,37,0.136029411765,1.88235294118,4.35294117647,3.36363636364,2.84615384615,1.69341284359,0.389027274878,0.193958664547,2.09866904602,0.964253345467,0.518282988871,1.87867287326,0.863174022847,0.470588235294,0.786197569093,0.41766745858,2.25,1.88235294118,0.786197569093,2.25,0.166339869281,0.0612244897959,3,0.00441176470588,0.185952380952,17,17,17,1,0,0.352941176471,0.411764705882,0.235294117647,17,0.128676470588,1.90196078431,4.11764705882,3.18181818182,2.69230769231,1.57648156274,0.382859808093,0.201680672269,2.01465221053,0.978545359402,0.524369747899,1.74894926439,0.849489642704,0.463865546218,0.814492905316,0.428238537847,2.33333333333,1.90196078431,0.814492905316,2.33333333333,0,0,0,0,0.164242424242,17,17,17,1,0,0.352941176471,0.411764705882,0.235294117647,17,37,0.136029411765,1.88235294118,4.35294117647,3.36363636364,2.84615384615,1.69341284359,0.389027274878,0.193958664547,2.09866904602,0.964253345467,0.518282988871,1.87867287326,0.863174022847,0.470588235294,0.786197569093,0.41766745858,2.25,1.88235294118,0.786197569093,2.25,0.166339869281,0.0612244897959,3,0.00441176470588,0.185952380952,17,17,17,1,0,0.352941176471,0.411764705882,0.235294117647,0,0,0,0,0,0,0,0,0,0,0,0,0,0,0,0,0,0,0,0,0,0,0,0,0,0,0,0,0,37,0,0,235,1,1,0,0,1,1,1,1,1,1,2,2,0,0,0,0
1642,WLNM_dir_neg,1,0.5,00:00:00,10,40,33,1982697606,threshold_sweep,0.4,1,1,1,2,0,0,4,1,1,0,0,1,1,1,1,0.555555555556,1,1,1,37,35,2,0,37,0,35,0,2,17,37,0.136029411765,1.88235294118,4.35294117647,3.36363636364,2.84615384615,1.69341284359,0.389027274878,0.193958664547,2.09866904602,0.964253345467,0.518282988871,1.87867287326,0.863174022847,0.470588235294,0.786197569093,0.41766745858,2.25,1.88235294118,0.786197569093,2.25,0.166339869281,0.0612244897959,3,0.00441176470588,0.185952380952,17,17,17,1,0,0.352941176471,0.411764705882,0.235294117647,17,0.128676470588,1.90196078431,4.11764705882,3.18181818182,2.69230769231,1.57648156274,0.382859808093,0.201680672269,2.01465221053,0.978545359402,0.524369747899,1.74894926439,0.849489642704,0.463865546218,0.814492905316,0.428238537847,2.33333333333,1.90196078431,0.814492905316,2.33333333333,0,0,0,0,0.164242424242,17,17,17,1,0,0.352941176471,0.411764705882,0.235294117647,17,37,0.136029411765,1.88235294118,4.35294117647,3.36363636364,2.84615384615,1.69341284359,0.389027274878,0.193958664547,2.09866904602,0.964253345467,0.518282988871,1.87867287326,0.863174022847,0.470588235294,0.786197569093,0.41766745858,2.25,1.88235294118,0.786197569093,2.25,0.166339869281,0.0612244897959,3,0.00441176470588,0.185952380952,17,17,17,1,0,0.352941176471,0.411764705882,0.235294117647,0,0,0,0,0,0,0,0,0,0,0,0,0,0,0,0,0,0,0,0,0,0,0,0,0,0,0,0,0,37,0,0,235,1,1,0,0,1,1,1,1,1,1,2,2,0,0,0,0
1643,WLNM_dir_neg,1,0.5,00:00:00,10,40,33,1982697606,threshold_sweep,0.5,1,1,1,2,0,0,4,1,1,0,0,1,1,1,1,0.555555555556,1,1,1,37,35,2,0,37,0,35,0,2,17,37,0.136029411765,1.88235294118,4.35294117647,3.36363636364,2.84615384615,1.69341284359,0.389027274878,0.193958664547,2.09866904602,0.964253345467,0.518282988871,1.87867287326,0.863174022847,0.470588235294,0.786197569093,0.41766745858,2.25,1.88235294118,0.786197569093,2.25,0.166339869281,0.0612244897959,3,0.00441176470588,0.185952380952,17,17,17,1,0,0.352941176471,0.411764705882,0.235294117647,17,0.128676470588,1.90196078431,4.11764705882,3.18181818182,2.69230769231,1.57648156274,0.382859808093,0.201680672269,2.01465221053,0.978545359402,0.524369747899,1.74894926439,0.849489642704,0.463865546218,0.814492905316,0.428238537847,2.33333333333,1.90196078431,0.814492905316,2.33333333333,0,0,0,0,0.164242424242,17,17,17,1,0,0.352941176471,0.411764705882,0.235294117647,17,37,0.136029411765,1.88235294118,4.35294117647,3.36363636364,2.84615384615,1.69341284359,0.389027274878,0.193958664547,2.09866904602,0.964253345467,0.518282988871,1.87867287326,0.863174022847,0.470588235294,0.786197569093,0.41766745858,2.25,1.88235294118,0.786197569093,2.25,0.166339869281,0.0612244897959,3,0.00441176470588,0.185952380952,17,17,17,1,0,0.352941176471,0.411764705882,0.235294117647,0,0,0,0,0,0,0,0,0,0,0,0,0,0,0,0,0,0,0,0,0,0,0,0,0,0,0,0,0,37,0,0,235,1,1,0,0,1,1,1,1,1,1,2,2,0,0,0,0
1644,WLNM_dir_neg,1,0.5,00:00:00,10,40,33,1982697606,threshold_sweep,0.6,1,1,1,2,0,0,4,1,1,0,0,1,1,1,1,0.555555555556,1,1,1,37,35,2,0,37,0,35,0,2,17,37,0.136029411765,1.88235294118,4.35294117647,3.36363636364,2.84615384615,1.69341284359,0.389027274878,0.193958664547,2.09866904602,0.964253345467,0.518282988871,1.87867287326,0.863174022847,0.470588235294,0.786197569093,0.41766745858,2.25,1.88235294118,0.786197569093,2.25,0.166339869281,0.0612244897959,3,0.00441176470588,0.185952380952,17,17,17,1,0,0.352941176471,0.411764705882,0.235294117647,17,0.128676470588,1.90196078431,4.11764705882,3.18181818182,2.69230769231,1.57648156274,0.382859808093,0.201680672269,2.01465221053,0.978545359402,0.524369747899,1.74894926439,0.849489642704,0.463865546218,0.814492905316,0.428238537847,2.33333333333,1.90196078431,0.814492905316,2.33333333333,0,0,0,0,0.164242424242,17,17,17,1,0,0.352941176471,0.411764705882,0.235294117647,17,37,0.136029411765,1.88235294118,4.35294117647,3.36363636364,2.84615384615,1.69341284359,0.389027274878,0.193958664547,2.09866904602,0.964253345467,0.518282988871,1.87867287326,0.863174022847,0.470588235294,0.786197569093,0.41766745858,2.25,1.88235294118,0.786197569093,2.25,0.166339869281,0.0612244897959,3,0.00441176470588,0.185952380952,17,17,17,1,0,0.352941176471,0.411764705882,0.235294117647,0,0,0,0,0,0,0,0,0,0,0,0,0,0,0,0,0,0,0,0,0,0,0,0,0,0,0,0,0,37,0,0,235,1,1,0,0,1,1,1,1,1,1,2,2,0,0,0,0
1645,WLNM_dir_neg,1,0.5,00:00:00,10,40,33,1982697606,threshold_sweep,0.7,1,1,1,2,0,0,4,1,1,0,0,1,1,1,1,0.555555555556,1,1,1,37,35,2,0,37,0,35,0,2,17,37,0.136029411765,1.88235294118,4.35294117647,3.36363636364,2.84615384615,1.69341284359,0.389027274878,0.193958664547,2.09866904602,0.964253345467,0.518282988871,1.87867287326,0.863174022847,0.470588235294,0.786197569093,0.41766745858,2.25,1.88235294118,0.786197569093,2.25,0.166339869281,0.0612244897959,3,0.00441176470588,0.185952380952,17,17,17,1,0,0.352941176471,0.411764705882,0.235294117647,17,0.128676470588,1.90196078431,4.11764705882,3.18181818182,2.69230769231,1.57648156274,0.382859808093,0.201680672269,2.01465221053,0.978545359402,0.524369747899,1.74894926439,0.849489642704,0.463865546218,0.814492905316,0.428238537847,2.33333333333,1.90196078431,0.814492905316,2.33333333333,0,0,0,0,0.164242424242,17,17,17,1,0,0.352941176471,0.411764705882,0.235294117647,17,37,0.136029411765,1.88235294118,4.35294117647,3.36363636364,2.84615384615,1.69341284359,0.389027274878,0.193958664547,2.09866904602,0.964253345467,0.518282988871,1.87867287326,0.863174022847,0.470588235294,0.786197569093,0.41766745858,2.25,1.88235294118,0.786197569093,2.25,0.166339869281,0.0612244897959,3,0.00441176470588,0.185952380952,17,17,17,1,0,0.352941176471,0.411764705882,0.235294117647,0,0,0,0,0,0,0,0,0,0,0,0,0,0,0,0,0,0,0,0,0,0,0,0,0,0,0,0,0,37,0,0,235,1,1,0,0,1,1,1,1,1,1,2,2,0,0,0,0
1646,WLNM_dir_neg,1,0.5,00:00:00,10,40,33,1982697606,threshold_sweep,0.8,1,1,1,2,0,0,4,1,1,0,0,1,1,1,1,0.555555555556,1,1,1,37,35,2,0,37,0,35,0,2,17,37,0.136029411765,1.88235294118,4.35294117647,3.36363636364,2.84615384615,1.69341284359,0.389027274878,0.193958664547,2.09866904602,0.964253345467,0.518282988871,1.87867287326,0.863174022847,0.470588235294,0.786197569093,0.41766745858,2.25,1.88235294118,0.786197569093,2.25,0.166339869281,0.0612244897959,3,0.00441176470588,0.185952380952,17,17,17,1,0,0.352941176471,0.411764705882,0.235294117647,17,0.128676470588,1.90196078431,4.11764705882,3.18181818182,2.69230769231,1.57648156274,0.382859808093,0.201680672269,2.01465221053,0.978545359402,0.524369747899,1.74894926439,0.849489642704,0.463865546218,0.814492905316,0.428238537847,2.33333333333,1.90196078431,0.814492905316,2.33333333333,0,0,0,0,0.164242424242,17,17,17,1,0,0.352941176471,0.411764705882,0.235294117647,17,37,0.136029411765,1.88235294118,4.35294117647,3.36363636364,2.84615384615,1.69341284359,0.389027274878,0.193958664547,2.09866904602,0.964253345467,0.518282988871,1.87867287326,0.863174022847,0.470588235294,0.786197569093,0.41766745858,2.25,1.88235294118,0.786197569093,2.25,0.166339869281,0.0612244897959,3,0.00441176470588,0.185952380952,17,17,17,1,0,0.352941176471,0.411764705882,0.235294117647,0,0,0,0,0,0,0,0,0,0,0,0,0,0,0,0,0,0,0,0,0,0,0,0,0,0,0,0,0,37,0,0,235,1,1,0,0,1,1,1,1,1,1,2,2,0,0,0,0
1647,WLNM_dir_neg,1,0.5,00:00:00,10,40,33,1982697606,threshold_sweep,0.9,1,1,1,2,0,0,4,1,1,0,0,1,1,1,1,0.555555555556,1,1,1,37,35,2,0,37,0,35,0,2,17,37,0.136029411765,1.88235294118,4.35294117647,3.36363636364,2.84615384615,1.69341284359,0.389027274878,0.193958664547,2.09866904602,0.964253345467,0.518282988871,1.87867287326,0.863174022847,0.470588235294,0.786197569093,0.41766745858,2.25,1.88235294118,0.786197569093,2.25,0.166339869281,0.0612244897959,3,0.00441176470588,0.185952380952,17,17,17,1,0,0.352941176471,0.411764705882,0.235294117647,17,0.128676470588,1.90196078431,4.11764705882,3.18181818182,2.69230769231,1.57648156274,0.382859808093,0.201680672269,2.01465221053,0.978545359402,0.524369747899,1.74894926439,0.849489642704,0.463865546218,0.814492905316,0.428238537847,2.33333333333,1.90196078431,0.814492905316,2.33333333333,0,0,0,0,0.164242424242,17,17,17,1,0,0.352941176471,0.411764705882,0.235294117647,17,37,0.136029411765,1.88235294118,4.35294117647,3.36363636364,2.84615384615,1.69341284359,0.389027274878,0.193958664547,2.09866904602,0.964253345467,0.518282988871,1.87867287326,0.863174022847,0.470588235294,0.786197569093,0.41766745858,2.25,1.88235294118,0.786197569093,2.25,0.166339869281,0.0612244897959,3,0.00441176470588,0.185952380952,17,17,17,1,0,0.352941176471,0.411764705882,0.235294117647,0,0,0,0,0,0,0,0,0,0,0,0,0,0,0,0,0,0,0,0,0,0,0,0,0,0,0,0,0,37,0,0,235,1,1,0,0,1,1,1,1,1,1,2,2,0,0,0,0
1648,WLNM_dir_neg,0.875,0.291666666667,00:00:00,10,40,34,1982697607,threshold_sweep,0.1,0.666666666667,1,0.8,2,1,0,3,1,0.75,0.25,0,0.666666666667,1,0.8,0.833333333333,0.5,0.666666666667,0.707106781187,0.75,37,35,2,0,37,0,35,0,2,17,37,0.136029411765,1.88235294118,4.35294117647,3.36363636364,2.84615384615,1.69341284359,0.389027274878,0.193958664547,2.09866904602,0.964253345467,0.518282988871,1.87867287326,0.863174022847,0.470588235294,0.786197569093,0.41766745858,2.25,1.88235294118,0.786197569093,2.25,0.166339869281,0.0612244897959,3,0.00441176470588,0.185952380952,17,17,17,1,0,0.352941176471,0.411764705882,0.235294117647,17,0.128676470588,1.90196078431,4.11764705882,3.18181818182,2.69230769231,1.57648156274,0.382859808093,0.201680672269,2.01465221053,0.978545359402,0.524369747899,1.74894926439,0.849489642704,0.463865546218,0.814492905316,0.428238537847,2.33333333333,1.90196078431,0.814492905316,2.33333333333,0,0,0,0,0.164242424242,17,17,17,1,0,0.352941176471,0.411764705882,0.235294117647,17,38,0.139705882353,1.87941176471,4.47058823529,3.45454545455,2.71428571429,1.73629084037,0.388380845872,0.198142414861,2.16591238756,0.968960804961,0.517027863777,1.82103719638,0.814674535221,0.442724458204,0.780836655359,0.415468642914,2.2,1.87941176471,0.780836655359,2.2,0.162418300654,0.0576923076923,3,0.00441176470588,0.182878787879,17,17,17,1,0,0.352941176471,0.470588235294,0.176470588235,1,0.00367647058824,-0.00294117647059,0.117647058824,0.0909090909091,-0.131868131868,0.0428779967836,-0.000646429005719,0.00418375031378,0.0672433415445,0.00470745949447,-0.00125512509413,-0.0576356768785,-0.0484994876259,-0.0278637770898,-0.00536091373311,-0.00219881566616,-0.05,-0.00294117647059,-0.00536091373311,-0.05,-0.00392156862745,-0.00353218210361,0,0,-0.00307359307359,0,0.0588235294118,-0.0588235294118,37,1,0,234,1,0.995744680851,0.00425531914894,0,0.973684210526,1,0.986666666667,0.984652666406,0.995744680851,0.973684210526,3,2,0,0,0,0
1649,WLNM_dir_neg,0.875,0.291666666667,00:00:00,10,40,34,1982697607,threshold_sweep,0.2,0.666666666667,1,0.8,2,1,0,3,1,0.75,0.25,0,0.666666666667,1,0.8,0.833333333333,0.5,0.666666666667,0.707106781187,0.75,37,35,2,0,37,0,35,0,2,17,37,0.136029411765,1.88235294118,4.35294117647,3.36363636364,2.84615384615,1.69341284359,0.389027274878,0.193958664547,2.09866904602,0.964253345467,0.518282988871,1.87867287326,0.863174022847,0.470588235294,0.786197569093,0.41766745858,2.25,1.88235294118,0.786197569093,2.25,0.166339869281,0.0612244897959,3,0.00441176470588,0.185952380952,17,17,17,1,0,0.352941176471,0.411764705882,0.235294117647,17,0.128676470588,1.90196078431,4.11764705882,3.18181818182,2.69230769231,1.57648156274,0.382859808093,0.201680672269,2.01465221053,0.978545359402,0.524369747899,1.74894926439,0.849489642704,0.463865546218,0.814492905316,0.428238537847,2.33333333333,1.90196078431,0.814492905316,2.33333333333,0,0,0,0,0.164242424242,17,17,17,1,0,0.352941176471,0.411764705882,0.235294117647,17,38,0.139705882353,1.87941176471,4.47058823529,3.45454545455,2.71428571429,1.73629084037,0.388380845872,0.198142414861,2.16591238756,0.968960804961,0.517027863777,1.82103719638,0.814674535221,0.442724458204,0.780836655359,0.415468642914,2.2,1.87941176471,0.780836655359,2.2,0.162418300654,0.0576923076923,3,0.00441176470588,0.182878787879,17,17,17,1,0,0.352941176471,0.470588235294,0.176470588235,1,0.00367647058824,-0.00294117647059,0.117647058824,0.0909090909091,-0.131868131868,0.0428779967836,-0.000646429005719,0.00418375031378,0.0672433415445,0.00470745949447,-0.00125512509413,-0.0576356768785,-0.0484994876259,-0.0278637770898,-0.00536091373311,-0.00219881566616,-0.05,-0.00294117647059,-0.00536091373311,-0.05,-0.00392156862745,-0.00353218210361,0,0,-0.00307359307359,0,0.0588235294118,-0.0588235294118,37,1,0,234,1,0.995744680851,0.00425531914894,0,0.973684210526,1,0.986666666667,0.984652666406,0.995744680851,0.973684210526,3,2,0,0,0,0
1650,WLNM_dir_neg,0.875,0.291666666667,00:00:00,10,40,34,1982697607,threshold_sweep,0.3,0.666666666667,1,0.8,2,1,0,3,1,0.75,0.25,0,0.666666666667,1,0.8,0.833333333333,0.5,0.666666666667,0.707106781187,0.75,37,35,2,0,37,0,35,0,2,17,37,0.136029411765,1.88235294118,4.35294117647,3.36363636364,2.84615384615,1.69341284359,0.389027274878,0.193958664547,2.09866904602,0.964253345467,0.518282988871,1.87867287326,0.863174022847,0.470588235294,0.786197569093,0.41766745858,2.25,1.88235294118,0.786197569093,2.25,0.166339869281,0.0612244897959,3,0.00441176470588,0.185952380952,17,17,17,1,0,0.352941176471,0.411764705882,0.235294117647,17,0.128676470588,1.90196078431,4.11764705882,3.18181818182,2.69230769231,1.57648156274,0.382859808093,0.201680672269,2.01465221053,0.978545359402,0.524369747899,1.74894926439,0.849489642704,0.463865546218,0.814492905316,0.428238537847,2.33333333333,1.90196078431,0.814492905316,2.33333333333,0,0,0,0,0.164242424242,17,17,17,1,0,0.352941176471,0.411764705882,0.235294117647,17,38,0.139705882353,1.87941176471,4.47058823529,3.45454545455,2.71428571429,1.73629084037,0.388380845872,0.198142414861,2.16591238756,0.968960804961,0.517027863777,1.82103719638,0.814674535221,0.442724458204,0.780836655359,0.415468642914,2.2,1.87941176471,0.780836655359,2.2,0.162418300654,0.0576923076923,3,0.00441176470588,0.182878787879,17,17,17,1,0,0.352941176471,0.470588235294,0.176470588235,1,0.00367647058824,-0.00294117647059,0.117647058824,0.0909090909091,-0.131868131868,0.0428779967836,-0.000646429005719,0.00418375031378,0.0672433415445,0.00470745949447,-0.00125512509413,-0.0576356768785,-0.0484994876259,-0.0278637770898,-0.00536091373311,-0.00219881566616,-0.05,-0.00294117647059,-0.00536091373311,-0.05,-0.00392156862745,-0.00353218210361,0,0,-0.00307359307359,0,0.0588235294118,-0.0588235294118,37,1,0,234,1,0.995744680851,0.00425531914894,0,0.973684210526,1,0.986666666667,0.984652666406,0.995744680851,0.973684210526,3,2,0,0,0,0
1651,WLNM_dir_neg,0.875,0.291666666667,00:00:00,10,40,34,1982697607,threshold_sweep,0.4,0.666666666667,1,0.8,2,1,0,3,1,0.75,0.25,0,0.666666666667,1,0.8,0.833333333333,0.5,0.666666666667,0.707106781187,0.75,37,35,2,0,37,0,35,0,2,17,37,0.136029411765,1.88235294118,4.35294117647,3.36363636364,2.84615384615,1.69341284359,0.389027274878,0.193958664547,2.09866904602,0.964253345467,0.518282988871,1.87867287326,0.863174022847,0.470588235294,0.786197569093,0.41766745858,2.25,1.88235294118,0.786197569093,2.25,0.166339869281,0.0612244897959,3,0.00441176470588,0.185952380952,17,17,17,1,0,0.352941176471,0.411764705882,0.235294117647,17,0.128676470588,1.90196078431,4.11764705882,3.18181818182,2.69230769231,1.57648156274,0.382859808093,0.201680672269,2.01465221053,0.978545359402,0.524369747899,1.74894926439,0.849489642704,0.463865546218,0.814492905316,0.428238537847,2.33333333333,1.90196078431,0.814492905316,2.33333333333,0,0,0,0,0.164242424242,17,17,17,1,0,0.352941176471,0.411764705882,0.235294117647,17,38,0.139705882353,1.87941176471,4.47058823529,3.45454545455,2.71428571429,1.73629084037,0.388380845872,0.198142414861,2.16591238756,0.968960804961,0.517027863777,1.82103719638,0.814674535221,0.442724458204,0.780836655359,0.415468642914,2.2,1.87941176471,0.780836655359,2.2,0.162418300654,0.0576923076923,3,0.00441176470588,0.182878787879,17,17,17,1,0,0.352941176471,0.470588235294,0.176470588235,1,0.00367647058824,-0.00294117647059,0.117647058824,0.0909090909091,-0.131868131868,0.0428779967836,-0.000646429005719,0.00418375031378,0.0672433415445,0.00470745949447,-0.00125512509413,-0.0576356768785,-0.0484994876259,-0.0278637770898,-0.00536091373311,-0.00219881566616,-0.05,-0.00294117647059,-0.00536091373311,-0.05,-0.00392156862745,-0.00353218210361,0,0,-0.00307359307359,0,0.0588235294118,-0.0588235294118,37,1,0,234,1,0.995744680851,0.00425531914894,0,0.973684210526,1,0.986666666667,0.984652666406,0.995744680851,0.973684210526,3,2,0,0,0,0
1652,WLNM_dir_neg,0.875,0.291666666667,00:00:00,10,40,34,1982697607,threshold_sweep,0.5,0.666666666667,1,0.8,2,1,0,3,1,0.75,0.25,0,0.666666666667,1,0.8,0.833333333333,0.5,0.666666666667,0.707106781187,0.75,37,35,2,0,37,0,35,0,2,17,37,0.136029411765,1.88235294118,4.35294117647,3.36363636364,2.84615384615,1.69341284359,0.389027274878,0.193958664547,2.09866904602,0.964253345467,0.518282988871,1.87867287326,0.863174022847,0.470588235294,0.786197569093,0.41766745858,2.25,1.88235294118,0.786197569093,2.25,0.166339869281,0.0612244897959,3,0.00441176470588,0.185952380952,17,17,17,1,0,0.352941176471,0.411764705882,0.235294117647,17,0.128676470588,1.90196078431,4.11764705882,3.18181818182,2.69230769231,1.57648156274,0.382859808093,0.201680672269,2.01465221053,0.978545359402,0.524369747899,1.74894926439,0.849489642704,0.463865546218,0.814492905316,0.428238537847,2.33333333333,1.90196078431,0.814492905316,2.33333333333,0,0,0,0,0.164242424242,17,17,17,1,0,0.352941176471,0.411764705882,0.235294117647,17,38,0.139705882353,1.87941176471,4.47058823529,3.45454545455,2.71428571429,1.73629084037,0.388380845872,0.198142414861,2.16591238756,0.968960804961,0.517027863777,1.82103719638,0.814674535221,0.442724458204,0.780836655359,0.415468642914,2.2,1.87941176471,0.780836655359,2.2,0.162418300654,0.0576923076923,3,0.00441176470588,0.182878787879,17,17,17,1,0,0.352941176471,0.470588235294,0.176470588235,1,0.00367647058824,-0.00294117647059,0.117647058824,0.0909090909091,-0.131868131868,0.0428779967836,-0.000646429005719,0.00418375031378,0.0672433415445,0.00470745949447,-0.00125512509413,-0.0576356768785,-0.0484994876259,-0.0278637770898,-0.00536091373311,-0.00219881566616,-0.05,-0.00294117647059,-0.00536091373311,-0.05,-0.00392156862745,-0.00353218210361,0,0,-0.00307359307359,0,0.0588235294118,-0.0588235294118,37,1,0,234,1,0.995744680851,0.00425531914894,0,0.973684210526,1,0.986666666667,0.984652666406,0.995744680851,0.973684210526,3,2,0,0,0,0
1653,WLNM_dir_neg,0.875,0.291666666667,00:00:00,10,40,34,1982697607,threshold_sweep,0.6,0.666666666667,1,0.8,2,1,0,3,1,0.75,0.25,0,0.666666666667,1,0.8,0.833333333333,0.5,0.666666666667,0.707106781187,0.75,37,35,2,0,37,0,35,0,2,17,37,0.136029411765,1.88235294118,4.35294117647,3.36363636364,2.84615384615,1.69341284359,0.389027274878,0.193958664547,2.09866904602,0.964253345467,0.518282988871,1.87867287326,0.863174022847,0.470588235294,0.786197569093,0.41766745858,2.25,1.88235294118,0.786197569093,2.25,0.166339869281,0.0612244897959,3,0.00441176470588,0.185952380952,17,17,17,1,0,0.352941176471,0.411764705882,0.235294117647,17,0.128676470588,1.90196078431,4.11764705882,3.18181818182,2.69230769231,1.57648156274,0.382859808093,0.201680672269,2.01465221053,0.978545359402,0.524369747899,1.74894926439,0.849489642704,0.463865546218,0.814492905316,0.428238537847,2.33333333333,1.90196078431,0.814492905316,2.33333333333,0,0,0,0,0.164242424242,17,17,17,1,0,0.352941176471,0.411764705882,0.235294117647,17,38,0.139705882353,1.87941176471,4.47058823529,3.45454545455,2.71428571429,1.73629084037,0.388380845872,0.198142414861,2.16591238756,0.968960804961,0.517027863777,1.82103719638,0.814674535221,0.442724458204,0.780836655359,0.415468642914,2.2,1.87941176471,0.780836655359,2.2,0.162418300654,0.0576923076923,3,0.00441176470588,0.182878787879,17,17,17,1,0,0.352941176471,0.470588235294,0.176470588235,1,0.00367647058824,-0.00294117647059,0.117647058824,0.0909090909091,-0.131868131868,0.0428779967836,-0.000646429005719,0.00418375031378,0.0672433415445,0.00470745949447,-0.00125512509413,-0.0576356768785,-0.0484994876259,-0.0278637770898,-0.00536091373311,-0.00219881566616,-0.05,-0.00294117647059,-0.00536091373311,-0.05,-0.00392156862745,-0.00353218210361,0,0,-0.00307359307359,0,0.0588235294118,-0.0588235294118,37,1,0,234,1,0.995744680851,0.00425531914894,0,0.973684210526,1,0.986666666667,0.984652666406,0.995744680851,0.973684210526,3,2,0,0,0,0
1654,WLNM_dir_neg,0.875,0.291666666667,00:00:00,10,40,34,1982697607,threshold_sweep,0.7,0.666666666667,1,0.8,2,1,0,3,1,0.75,0.25,0,0.666666666667,1,0.8,0.833333333333,0.5,0.666666666667,0.707106781187,0.75,37,35,2,0,37,0,35,0,2,17,37,0.136029411765,1.88235294118,4.35294117647,3.36363636364,2.84615384615,1.69341284359,0.389027274878,0.193958664547,2.09866904602,0.964253345467,0.518282988871,1.87867287326,0.863174022847,0.470588235294,0.786197569093,0.41766745858,2.25,1.88235294118,0.786197569093,2.25,0.166339869281,0.0612244897959,3,0.00441176470588,0.185952380952,17,17,17,1,0,0.352941176471,0.411764705882,0.235294117647,17,0.128676470588,1.90196078431,4.11764705882,3.18181818182,2.69230769231,1.57648156274,0.382859808093,0.201680672269,2.01465221053,0.978545359402,0.524369747899,1.74894926439,0.849489642704,0.463865546218,0.814492905316,0.428238537847,2.33333333333,1.90196078431,0.814492905316,2.33333333333,0,0,0,0,0.164242424242,17,17,17,1,0,0.352941176471,0.411764705882,0.235294117647,17,38,0.139705882353,1.87941176471,4.47058823529,3.45454545455,2.71428571429,1.73629084037,0.388380845872,0.198142414861,2.16591238756,0.968960804961,0.517027863777,1.82103719638,0.814674535221,0.442724458204,0.780836655359,0.415468642914,2.2,1.87941176471,0.780836655359,2.2,0.162418300654,0.0576923076923,3,0.00441176470588,0.182878787879,17,17,17,1,0,0.352941176471,0.470588235294,0.176470588235,1,0.00367647058824,-0.00294117647059,0.117647058824,0.0909090909091,-0.131868131868,0.0428779967836,-0.000646429005719,0.00418375031378,0.0672433415445,0.00470745949447,-0.00125512509413,-0.0576356768785,-0.0484994876259,-0.0278637770898,-0.00536091373311,-0.00219881566616,-0.05,-0.00294117647059,-0.00536091373311,-0.05,-0.00392156862745,-0.00353218210361,0,0,-0.00307359307359,0,0.0588235294118,-0.0588235294118,37,1,0,234,1,0.995744680851,0.00425531914894,0,0.973684210526,1,0.986666666667,0.984652666406,0.995744680851,0.973684210526,3,2,0,0,0,0
1655,WLNM_dir_neg,0.875,0.291666666667,00:00:00,10,40,34,1982697607,threshold_sweep,0.8,0.666666666667,1,0.8,2,1,0,3,1,0.75,0.25,0,0.666666666667,1,0.8,0.833333333333,0.5,0.666666666667,0.707106781187,0.75,37,35,2,0,37,0,35,0,2,17,37,0.136029411765,1.88235294118,4.35294117647,3.36363636364,2.84615384615,1.69341284359,0.389027274878,0.193958664547,2.09866904602,0.964253345467,0.518282988871,1.87867287326,0.863174022847,0.470588235294,0.786197569093,0.41766745858,2.25,1.88235294118,0.786197569093,2.25,0.166339869281,0.0612244897959,3,0.00441176470588,0.185952380952,17,17,17,1,0,0.352941176471,0.411764705882,0.235294117647,17,0.128676470588,1.90196078431,4.11764705882,3.18181818182,2.69230769231,1.57648156274,0.382859808093,0.201680672269,2.01465221053,0.978545359402,0.524369747899,1.74894926439,0.849489642704,0.463865546218,0.814492905316,0.428238537847,2.33333333333,1.90196078431,0.814492905316,2.33333333333,0,0,0,0,0.164242424242,17,17,17,1,0,0.352941176471,0.411764705882,0.235294117647,17,38,0.139705882353,1.87941176471,4.47058823529,3.45454545455,2.71428571429,1.73629084037,0.388380845872,0.198142414861,2.16591238756,0.968960804961,0.517027863777,1.82103719638,0.814674535221,0.442724458204,0.780836655359,0.415468642914,2.2,1.87941176471,0.780836655359,2.2,0.162418300654,0.0576923076923,3,0.00441176470588,0.182878787879,17,17,17,1,0,0.352941176471,0.470588235294,0.176470588235,1,0.00367647058824,-0.00294117647059,0.117647058824,0.0909090909091,-0.131868131868,0.0428779967836,-0.000646429005719,0.00418375031378,0.0672433415445,0.00470745949447,-0.00125512509413,-0.0576356768785,-0.0484994876259,-0.0278637770898,-0.00536091373311,-0.00219881566616,-0.05,-0.00294117647059,-0.00536091373311,-0.05,-0.00392156862745,-0.00353218210361,0,0,-0.00307359307359,0,0.0588235294118,-0.0588235294118,37,1,0,234,1,0.995744680851,0.00425531914894,0,0.973684210526,1,0.986666666667,0.984652666406,0.995744680851,0.973684210526,3,2,0,0,0,0
1656,WLNM_dir_neg,0.875,0.291666666667,00:00:00,10,40,34,1982697607,threshold_sweep,0.9,0.666666666667,1,0.8,2,1,0,3,1,0.75,0.25,0,0.666666666667,1,0.8,0.833333333333,0.5,0.666666666667,0.707106781187,0.75,37,35,2,0,37,0,35,0,2,17,37,0.136029411765,1.88235294118,4.35294117647,3.36363636364,2.84615384615,1.69341284359,0.389027274878,0.193958664547,2.09866904602,0.964253345467,0.518282988871,1.87867287326,0.863174022847,0.470588235294,0.786197569093,0.41766745858,2.25,1.88235294118,0.786197569093,2.25,0.166339869281,0.0612244897959,3,0.00441176470588,0.185952380952,17,17,17,1,0,0.352941176471,0.411764705882,0.235294117647,17,0.128676470588,1.90196078431,4.11764705882,3.18181818182,2.69230769231,1.57648156274,0.382859808093,0.201680672269,2.01465221053,0.978545359402,0.524369747899,1.74894926439,0.849489642704,0.463865546218,0.814492905316,0.428238537847,2.33333333333,1.90196078431,0.814492905316,2.33333333333,0,0,0,0,0.164242424242,17,17,17,1,0,0.352941176471,0.411764705882,0.235294117647,17,38,0.139705882353,1.87941176471,4.47058823529,3.45454545455,2.71428571429,1.73629084037,0.388380845872,0.198142414861,2.16591238756,0.968960804961,0.517027863777,1.82103719638,0.814674535221,0.442724458204,0.780836655359,0.415468642914,2.2,1.87941176471,0.780836655359,2.2,0.162418300654,0.0576923076923,3,0.00441176470588,0.182878787879,17,17,17,1,0,0.352941176471,0.470588235294,0.176470588235,1,0.00367647058824,-0.00294117647059,0.117647058824,0.0909090909091,-0.131868131868,0.0428779967836,-0.000646429005719,0.00418375031378,0.0672433415445,0.00470745949447,-0.00125512509413,-0.0576356768785,-0.0484994876259,-0.0278637770898,-0.00536091373311,-0.00219881566616,-0.05,-0.00294117647059,-0.00536091373311,-0.05,-0.00392156862745,-0.00353218210361,0,0,-0.00307359307359,0,0.0588235294118,-0.0588235294118,37,1,0,234,1,0.995744680851,0.00425531914894,0,0.973684210526,1,0.986666666667,0.984652666406,0.995744680851,0.973684210526,3,2,0,0,0,0
1657,WLNM_dir_neg,1,0.5,00:00:00,10,40,35,1982697608,threshold_sweep,0.1,1,1,1,2,0,0,4,1,1,0,0,1,1,1,1,0.555555555556,1,1,1,37,35,2,0,37,0,35,0,2,17,37,0.136029411765,1.88235294118,4.35294117647,3.36363636364,2.84615384615,1.69341284359,0.389027274878,0.193958664547,2.09866904602,0.964253345467,0.518282988871,1.87867287326,0.863174022847,0.470588235294,0.786197569093,0.41766745858,2.25,1.88235294118,0.786197569093,2.25,0.166339869281,0.0612244897959,3,0.00441176470588,0.185952380952,17,17,17,1,0,0.352941176471,0.411764705882,0.235294117647,17,0.128676470588,1.90196078431,4.11764705882,3.18181818182,2.69230769231,1.57648156274,0.382859808093,0.201680672269,2.01465221053,0.978545359402,0.524369747899,1.74894926439,0.849489642704,0.463865546218,0.814492905316,0.428238537847,2.33333333333,1.90196078431,0.814492905316,2.33333333333,0,0,0,0,0.164242424242,17,17,17,1,0,0.352941176471,0.411764705882,0.235294117647,17,37,0.136029411765,1.88235294118,4.35294117647,3.36363636364,2.84615384615,1.69341284359,0.389027274878,0.193958664547,2.09866904602,0.964253345467,0.518282988871,1.87867287326,0.863174022847,0.470588235294,0.786197569093,0.41766745858,2.25,1.88235294118,0.786197569093,2.25,0.166339869281,0.0612244897959,3,0.00441176470588,0.185952380952,17,17,17,1,0,0.352941176471,0.411764705882,0.235294117647,0,0,0,0,0,0,0,0,0,0,0,0,0,0,0,0,0,0,0,0,0,0,0,0,0,0,0,0,0,37,0,0,235,1,1,0,0,1,1,1,1,1,1,2,2,0,0,0,0
1658,WLNM_dir_neg,1,0.5,00:00:00,10,40,35,1982697608,threshold_sweep,0.2,1,1,1,2,0,0,4,1,1,0,0,1,1,1,1,0.555555555556,1,1,1,37,35,2,0,37,0,35,0,2,17,37,0.136029411765,1.88235294118,4.35294117647,3.36363636364,2.84615384615,1.69341284359,0.389027274878,0.193958664547,2.09866904602,0.964253345467,0.518282988871,1.87867287326,0.863174022847,0.470588235294,0.786197569093,0.41766745858,2.25,1.88235294118,0.786197569093,2.25,0.166339869281,0.0612244897959,3,0.00441176470588,0.185952380952,17,17,17,1,0,0.352941176471,0.411764705882,0.235294117647,17,0.128676470588,1.90196078431,4.11764705882,3.18181818182,2.69230769231,1.57648156274,0.382859808093,0.201680672269,2.01465221053,0.978545359402,0.524369747899,1.74894926439,0.849489642704,0.463865546218,0.814492905316,0.428238537847,2.33333333333,1.90196078431,0.814492905316,2.33333333333,0,0,0,0,0.164242424242,17,17,17,1,0,0.352941176471,0.411764705882,0.235294117647,17,37,0.136029411765,1.88235294118,4.35294117647,3.36363636364,2.84615384615,1.69341284359,0.389027274878,0.193958664547,2.09866904602,0.964253345467,0.518282988871,1.87867287326,0.863174022847,0.470588235294,0.786197569093,0.41766745858,2.25,1.88235294118,0.786197569093,2.25,0.166339869281,0.0612244897959,3,0.00441176470588,0.185952380952,17,17,17,1,0,0.352941176471,0.411764705882,0.235294117647,0,0,0,0,0,0,0,0,0,0,0,0,0,0,0,0,0,0,0,0,0,0,0,0,0,0,0,0,0,37,0,0,235,1,1,0,0,1,1,1,1,1,1,2,2,0,0,0,0
1659,WLNM_dir_neg,1,0.5,00:00:00,10,40,35,1982697608,threshold_sweep,0.3,1,1,1,2,0,0,4,1,1,0,0,1,1,1,1,0.555555555556,1,1,1,37,35,2,0,37,0,35,0,2,17,37,0.136029411765,1.88235294118,4.35294117647,3.36363636364,2.84615384615,1.69341284359,0.389027274878,0.193958664547,2.09866904602,0.964253345467,0.518282988871,1.87867287326,0.863174022847,0.470588235294,0.786197569093,0.41766745858,2.25,1.88235294118,0.786197569093,2.25,0.166339869281,0.0612244897959,3,0.00441176470588,0.185952380952,17,17,17,1,0,0.352941176471,0.411764705882,0.235294117647,17,0.128676470588,1.90196078431,4.11764705882,3.18181818182,2.69230769231,1.57648156274,0.382859808093,0.201680672269,2.01465221053,0.978545359402,0.524369747899,1.74894926439,0.849489642704,0.463865546218,0.814492905316,0.428238537847,2.33333333333,1.90196078431,0.814492905316,2.33333333333,0,0,0,0,0.164242424242,17,17,17,1,0,0.352941176471,0.411764705882,0.235294117647,17,37,0.136029411765,1.88235294118,4.35294117647,3.36363636364,2.84615384615,1.69341284359,0.389027274878,0.193958664547,2.09866904602,0.964253345467,0.518282988871,1.87867287326,0.863174022847,0.470588235294,0.786197569093,0.41766745858,2.25,1.88235294118,0.786197569093,2.25,0.166339869281,0.0612244897959,3,0.00441176470588,0.185952380952,17,17,17,1,0,0.352941176471,0.411764705882,0.235294117647,0,0,0,0,0,0,0,0,0,0,0,0,0,0,0,0,0,0,0,0,0,0,0,0,0,0,0,0,0,37,0,0,235,1,1,0,0,1,1,1,1,1,1,2,2,0,0,0,0
1660,WLNM_dir_neg,1,0.5,00:00:00,10,40,35,1982697608,threshold_sweep,0.4,1,1,1,2,0,0,4,1,1,0,0,1,1,1,1,0.555555555556,1,1,1,37,35,2,0,37,0,35,0,2,17,37,0.136029411765,1.88235294118,4.35294117647,3.36363636364,2.84615384615,1.69341284359,0.389027274878,0.193958664547,2.09866904602,0.964253345467,0.518282988871,1.87867287326,0.863174022847,0.470588235294,0.786197569093,0.41766745858,2.25,1.88235294118,0.786197569093,2.25,0.166339869281,0.0612244897959,3,0.00441176470588,0.185952380952,17,17,17,1,0,0.352941176471,0.411764705882,0.235294117647,17,0.128676470588,1.90196078431,4.11764705882,3.18181818182,2.69230769231,1.57648156274,0.382859808093,0.201680672269,2.01465221053,0.978545359402,0.524369747899,1.74894926439,0.849489642704,0.463865546218,0.814492905316,0.428238537847,2.33333333333,1.90196078431,0.814492905316,2.33333333333,0,0,0,0,0.164242424242,17,17,17,1,0,0.352941176471,0.411764705882,0.235294117647,17,37,0.136029411765,1.88235294118,4.35294117647,3.36363636364,2.84615384615,1.69341284359,0.389027274878,0.193958664547,2.09866904602,0.964253345467,0.518282988871,1.87867287326,0.863174022847,0.470588235294,0.786197569093,0.41766745858,2.25,1.88235294118,0.786197569093,2.25,0.166339869281,0.0612244897959,3,0.00441176470588,0.185952380952,17,17,17,1,0,0.352941176471,0.411764705882,0.235294117647,0,0,0,0,0,0,0,0,0,0,0,0,0,0,0,0,0,0,0,0,0,0,0,0,0,0,0,0,0,37,0,0,235,1,1,0,0,1,1,1,1,1,1,2,2,0,0,0,0
1661,WLNM_dir_neg,1,0.5,00:00:00,10,40,35,1982697608,threshold_sweep,0.5,1,1,1,2,0,0,4,1,1,0,0,1,1,1,1,0.555555555556,1,1,1,37,35,2,0,37,0,35,0,2,17,37,0.136029411765,1.88235294118,4.35294117647,3.36363636364,2.84615384615,1.69341284359,0.389027274878,0.193958664547,2.09866904602,0.964253345467,0.518282988871,1.87867287326,0.863174022847,0.470588235294,0.786197569093,0.41766745858,2.25,1.88235294118,0.786197569093,2.25,0.166339869281,0.0612244897959,3,0.00441176470588,0.185952380952,17,17,17,1,0,0.352941176471,0.411764705882,0.235294117647,17,0.128676470588,1.90196078431,4.11764705882,3.18181818182,2.69230769231,1.57648156274,0.382859808093,0.201680672269,2.01465221053,0.978545359402,0.524369747899,1.74894926439,0.849489642704,0.463865546218,0.814492905316,0.428238537847,2.33333333333,1.90196078431,0.814492905316,2.33333333333,0,0,0,0,0.164242424242,17,17,17,1,0,0.352941176471,0.411764705882,0.235294117647,17,37,0.136029411765,1.88235294118,4.35294117647,3.36363636364,2.84615384615,1.69341284359,0.389027274878,0.193958664547,2.09866904602,0.964253345467,0.518282988871,1.87867287326,0.863174022847,0.470588235294,0.786197569093,0.41766745858,2.25,1.88235294118,0.786197569093,2.25,0.166339869281,0.0612244897959,3,0.00441176470588,0.185952380952,17,17,17,1,0,0.352941176471,0.411764705882,0.235294117647,0,0,0,0,0,0,0,0,0,0,0,0,0,0,0,0,0,0,0,0,0,0,0,0,0,0,0,0,0,37,0,0,235,1,1,0,0,1,1,1,1,1,1,2,2,0,0,0,0
1662,WLNM_dir_neg,1,0.5,00:00:00,10,40,35,1982697608,threshold_sweep,0.6,1,1,1,2,0,0,4,1,1,0,0,1,1,1,1,0.555555555556,1,1,1,37,35,2,0,37,0,35,0,2,17,37,0.136029411765,1.88235294118,4.35294117647,3.36363636364,2.84615384615,1.69341284359,0.389027274878,0.193958664547,2.09866904602,0.964253345467,0.518282988871,1.87867287326,0.863174022847,0.470588235294,0.786197569093,0.41766745858,2.25,1.88235294118,0.786197569093,2.25,0.166339869281,0.0612244897959,3,0.00441176470588,0.185952380952,17,17,17,1,0,0.352941176471,0.411764705882,0.235294117647,17,0.128676470588,1.90196078431,4.11764705882,3.18181818182,2.69230769231,1.57648156274,0.382859808093,0.201680672269,2.01465221053,0.978545359402,0.524369747899,1.74894926439,0.849489642704,0.463865546218,0.814492905316,0.428238537847,2.33333333333,1.90196078431,0.814492905316,2.33333333333,0,0,0,0,0.164242424242,17,17,17,1,0,0.352941176471,0.411764705882,0.235294117647,17,37,0.136029411765,1.88235294118,4.35294117647,3.36363636364,2.84615384615,1.69341284359,0.389027274878,0.193958664547,2.09866904602,0.964253345467,0.518282988871,1.87867287326,0.863174022847,0.470588235294,0.786197569093,0.41766745858,2.25,1.88235294118,0.786197569093,2.25,0.166339869281,0.0612244897959,3,0.00441176470588,0.185952380952,17,17,17,1,0,0.352941176471,0.411764705882,0.235294117647,0,0,0,0,0,0,0,0,0,0,0,0,0,0,0,0,0,0,0,0,0,0,0,0,0,0,0,0,0,37,0,0,235,1,1,0,0,1,1,1,1,1,1,2,2,0,0,0,0
1663,WLNM_dir_neg,1,0.5,00:00:00,10,40,35,1982697608,threshold_sweep,0.7,1,1,1,2,0,0,4,1,1,0,0,1,1,1,1,0.555555555556,1,1,1,37,35,2,0,37,0,35,0,2,17,37,0.136029411765,1.88235294118,4.35294117647,3.36363636364,2.84615384615,1.69341284359,0.389027274878,0.193958664547,2.09866904602,0.964253345467,0.518282988871,1.87867287326,0.863174022847,0.470588235294,0.786197569093,0.41766745858,2.25,1.88235294118,0.786197569093,2.25,0.166339869281,0.0612244897959,3,0.00441176470588,0.185952380952,17,17,17,1,0,0.352941176471,0.411764705882,0.235294117647,17,0.128676470588,1.90196078431,4.11764705882,3.18181818182,2.69230769231,1.57648156274,0.382859808093,0.201680672269,2.01465221053,0.978545359402,0.524369747899,1.74894926439,0.849489642704,0.463865546218,0.814492905316,0.428238537847,2.33333333333,1.90196078431,0.814492905316,2.33333333333,0,0,0,0,0.164242424242,17,17,17,1,0,0.352941176471,0.411764705882,0.235294117647,17,37,0.136029411765,1.88235294118,4.35294117647,3.36363636364,2.84615384615,1.69341284359,0.389027274878,0.193958664547,2.09866904602,0.964253345467,0.518282988871,1.87867287326,0.863174022847,0.470588235294,0.786197569093,0.41766745858,2.25,1.88235294118,0.786197569093,2.25,0.166339869281,0.0612244897959,3,0.00441176470588,0.185952380952,17,17,17,1,0,0.352941176471,0.411764705882,0.235294117647,0,0,0,0,0,0,0,0,0,0,0,0,0,0,0,0,0,0,0,0,0,0,0,0,0,0,0,0,0,37,0,0,235,1,1,0,0,1,1,1,1,1,1,2,2,0,0,0,0
1664,WLNM_dir_neg,1,0.5,00:00:00,10,40,35,1982697608,threshold_sweep,0.8,1,1,1,2,0,0,4,1,1,0,0,1,1,1,1,0.555555555556,1,1,1,37,35,2,0,37,0,35,0,2,17,37,0.136029411765,1.88235294118,4.35294117647,3.36363636364,2.84615384615,1.69341284359,0.389027274878,0.193958664547,2.09866904602,0.964253345467,0.518282988871,1.87867287326,0.863174022847,0.470588235294,0.786197569093,0.41766745858,2.25,1.88235294118,0.786197569093,2.25,0.166339869281,0.0612244897959,3,0.00441176470588,0.185952380952,17,17,17,1,0,0.352941176471,0.411764705882,0.235294117647,17,0.128676470588,1.90196078431,4.11764705882,3.18181818182,2.69230769231,1.57648156274,0.382859808093,0.201680672269,2.01465221053,0.978545359402,0.524369747899,1.74894926439,0.849489642704,0.463865546218,0.814492905316,0.428238537847,2.33333333333,1.90196078431,0.814492905316,2.33333333333,0,0,0,0,0.164242424242,17,17,17,1,0,0.352941176471,0.411764705882,0.235294117647,17,37,0.136029411765,1.88235294118,4.35294117647,3.36363636364,2.84615384615,1.69341284359,0.389027274878,0.193958664547,2.09866904602,0.964253345467,0.518282988871,1.87867287326,0.863174022847,0.470588235294,0.786197569093,0.41766745858,2.25,1.88235294118,0.786197569093,2.25,0.166339869281,0.0612244897959,3,0.00441176470588,0.185952380952,17,17,17,1,0,0.352941176471,0.411764705882,0.235294117647,0,0,0,0,0,0,0,0,0,0,0,0,0,0,0,0,0,0,0,0,0,0,0,0,0,0,0,0,0,37,0,0,235,1,1,0,0,1,1,1,1,1,1,2,2,0,0,0,0
1665,WLNM_dir_neg,1,0.5,00:00:00,10,40,35,1982697608,threshold_sweep,0.9,1,1,1,2,0,0,4,1,1,0,0,1,1,1,1,0.555555555556,1,1,1,37,35,2,0,37,0,35,0,2,17,37,0.136029411765,1.88235294118,4.35294117647,3.36363636364,2.84615384615,1.69341284359,0.389027274878,0.193958664547,2.09866904602,0.964253345467,0.518282988871,1.87867287326,0.863174022847,0.470588235294,0.786197569093,0.41766745858,2.25,1.88235294118,0.786197569093,2.25,0.166339869281,0.0612244897959,3,0.00441176470588,0.185952380952,17,17,17,1,0,0.352941176471,0.411764705882,0.235294117647,17,0.128676470588,1.90196078431,4.11764705882,3.18181818182,2.69230769231,1.57648156274,0.382859808093,0.201680672269,2.01465221053,0.978545359402,0.524369747899,1.74894926439,0.849489642704,0.463865546218,0.814492905316,0.428238537847,2.33333333333,1.90196078431,0.814492905316,2.33333333333,0,0,0,0,0.164242424242,17,17,17,1,0,0.352941176471,0.411764705882,0.235294117647,17,37,0.136029411765,1.88235294118,4.35294117647,3.36363636364,2.84615384615,1.69341284359,0.389027274878,0.193958664547,2.09866904602,0.964253345467,0.518282988871,1.87867287326,0.863174022847,0.470588235294,0.786197569093,0.41766745858,2.25,1.88235294118,0.786197569093,2.25,0.166339869281,0.0612244897959,3,0.00441176470588,0.185952380952,17,17,17,1,0,0.352941176471,0.411764705882,0.235294117647,0,0,0,0,0,0,0,0,0,0,0,0,0,0,0,0,0,0,0,0,0,0,0,0,0,0,0,0,0,37,0,0,235,1,1,0,0,1,1,1,1,1,1,2,2,0,0,0,0
1666,WLNM_dir_neg,0.875,0.291666666667,00:00:00,10,40,36,1982697609,threshold_sweep,0.1,0.666666666667,1,0.8,2,1,0,3,1,0.75,0.25,0,0.666666666667,1,0.8,0.833333333333,0.5,0.666666666667,0.707106781187,0.75,37,35,2,0,37,0,35,0,2,17,37,0.136029411765,1.88235294118,4.35294117647,3.36363636364,2.84615384615,1.69341284359,0.389027274878,0.193958664547,2.09866904602,0.964253345467,0.518282988871,1.87867287326,0.863174022847,0.470588235294,0.786197569093,0.41766745858,2.25,1.88235294118,0.786197569093,2.25,0.166339869281,0.0612244897959,3,0.00441176470588,0.185952380952,17,17,17,1,0,0.352941176471,0.411764705882,0.235294117647,17,0.128676470588,1.90196078431,4.11764705882,3.18181818182,2.69230769231,1.57648156274,0.382859808093,0.201680672269,2.01465221053,0.978545359402,0.524369747899,1.74894926439,0.849489642704,0.463865546218,0.814492905316,0.428238537847,2.33333333333,1.90196078431,0.814492905316,2.33333333333,0,0,0,0,0.164242424242,17,17,17,1,0,0.352941176471,0.411764705882,0.235294117647,17,38,0.139705882353,1.88970588235,4.47058823529,3.45454545455,2.71428571429,1.73629084037,0.388380845872,0.198142414861,2.19457888229,0.981785289445,0.529411764706,1.82103719638,0.814674535221,0.442724458204,0.797802588732,0.42218347108,2.25,1.88970588235,0.797802588732,2.25,0.185620915033,0.0961538461538,5,0.00735294117647,0.183398268398,17,17,17,1,0,0.352941176471,0.470588235294,0.176470588235,1,0.00367647058824,0.00735294117647,0.117647058824,0.0909090909091,-0.131868131868,0.0428779967836,-0.000646429005719,0.00418375031378,0.0959098362728,0.0175319439782,0.0111287758347,-0.0576356768785,-0.0484994876259,-0.0278637770898,0.0116050196399,0.00451601249979,0,0.00735294117647,0.0116050196399,0,0.0192810457516,0.0349293563579,2,0.00294117647059,-0.00255411255411,0,0.0588235294118,-0.0588235294118,37,1,0,234,1,0.995744680851,0.00425531914894,0,0.973684210526,1,0.986666666667,0.984652666406,0.995744680851,0.973684210526,3,2,0,0,0,0
1667,WLNM_dir_neg,0.875,0.291666666667,00:00:00,10,40,36,1982697609,threshold_sweep,0.2,0.666666666667,1,0.8,2,1,0,3,1,0.75,0.25,0,0.666666666667,1,0.8,0.833333333333,0.5,0.666666666667,0.707106781187,0.75,37,35,2,0,37,0,35,0,2,17,37,0.136029411765,1.88235294118,4.35294117647,3.36363636364,2.84615384615,1.69341284359,0.389027274878,0.193958664547,2.09866904602,0.964253345467,0.518282988871,1.87867287326,0.863174022847,0.470588235294,0.786197569093,0.41766745858,2.25,1.88235294118,0.786197569093,2.25,0.166339869281,0.0612244897959,3,0.00441176470588,0.185952380952,17,17,17,1,0,0.352941176471,0.411764705882,0.235294117647,17,0.128676470588,1.90196078431,4.11764705882,3.18181818182,2.69230769231,1.57648156274,0.382859808093,0.201680672269,2.01465221053,0.978545359402,0.524369747899,1.74894926439,0.849489642704,0.463865546218,0.814492905316,0.428238537847,2.33333333333,1.90196078431,0.814492905316,2.33333333333,0,0,0,0,0.164242424242,17,17,17,1,0,0.352941176471,0.411764705882,0.235294117647,17,38,0.139705882353,1.88970588235,4.47058823529,3.45454545455,2.71428571429,1.73629084037,0.388380845872,0.198142414861,2.19457888229,0.981785289445,0.529411764706,1.82103719638,0.814674535221,0.442724458204,0.797802588732,0.42218347108,2.25,1.88970588235,0.797802588732,2.25,0.185620915033,0.0961538461538,5,0.00735294117647,0.183398268398,17,17,17,1,0,0.352941176471,0.470588235294,0.176470588235,1,0.00367647058824,0.00735294117647,0.117647058824,0.0909090909091,-0.131868131868,0.0428779967836,-0.000646429005719,0.00418375031378,0.0959098362728,0.0175319439782,0.0111287758347,-0.0576356768785,-0.0484994876259,-0.0278637770898,0.0116050196399,0.00451601249979,0,0.00735294117647,0.0116050196399,0,0.0192810457516,0.0349293563579,2,0.00294117647059,-0.00255411255411,0,0.0588235294118,-0.0588235294118,37,1,0,234,1,0.995744680851,0.00425531914894,0,0.973684210526,1,0.986666666667,0.984652666406,0.995744680851,0.973684210526,3,2,0,0,0,0
1668,WLNM_dir_neg,0.875,0.291666666667,00:00:00,10,40,36,1982697609,threshold_sweep,0.3,0.666666666667,1,0.8,2,1,0,3,1,0.75,0.25,0,0.666666666667,1,0.8,0.833333333333,0.5,0.666666666667,0.707106781187,0.75,37,35,2,0,37,0,35,0,2,17,37,0.136029411765,1.88235294118,4.35294117647,3.36363636364,2.84615384615,1.69341284359,0.389027274878,0.193958664547,2.09866904602,0.964253345467,0.518282988871,1.87867287326,0.863174022847,0.470588235294,0.786197569093,0.41766745858,2.25,1.88235294118,0.786197569093,2.25,0.166339869281,0.0612244897959,3,0.00441176470588,0.185952380952,17,17,17,1,0,0.352941176471,0.411764705882,0.235294117647,17,0.128676470588,1.90196078431,4.11764705882,3.18181818182,2.69230769231,1.57648156274,0.382859808093,0.201680672269,2.01465221053,0.978545359402,0.524369747899,1.74894926439,0.849489642704,0.463865546218,0.814492905316,0.428238537847,2.33333333333,1.90196078431,0.814492905316,2.33333333333,0,0,0,0,0.164242424242,17,17,17,1,0,0.352941176471,0.411764705882,0.235294117647,17,38,0.139705882353,1.88970588235,4.47058823529,3.45454545455,2.71428571429,1.73629084037,0.388380845872,0.198142414861,2.19457888229,0.981785289445,0.529411764706,1.82103719638,0.814674535221,0.442724458204,0.797802588732,0.42218347108,2.25,1.88970588235,0.797802588732,2.25,0.185620915033,0.0961538461538,5,0.00735294117647,0.183398268398,17,17,17,1,0,0.352941176471,0.470588235294,0.176470588235,1,0.00367647058824,0.00735294117647,0.117647058824,0.0909090909091,-0.131868131868,0.0428779967836,-0.000646429005719,0.00418375031378,0.0959098362728,0.0175319439782,0.0111287758347,-0.0576356768785,-0.0484994876259,-0.0278637770898,0.0116050196399,0.00451601249979,0,0.00735294117647,0.0116050196399,0,0.0192810457516,0.0349293563579,2,0.00294117647059,-0.00255411255411,0,0.0588235294118,-0.0588235294118,37,1,0,234,1,0.995744680851,0.00425531914894,0,0.973684210526,1,0.986666666667,0.984652666406,0.995744680851,0.973684210526,3,2,0,0,0,0
1669,WLNM_dir_neg,0.875,0.291666666667,00:00:00,10,40,36,1982697609,threshold_sweep,0.4,0.666666666667,1,0.8,2,1,0,3,1,0.75,0.25,0,0.666666666667,1,0.8,0.833333333333,0.5,0.666666666667,0.707106781187,0.75,37,35,2,0,37,0,35,0,2,17,37,0.136029411765,1.88235294118,4.35294117647,3.36363636364,2.84615384615,1.69341284359,0.389027274878,0.193958664547,2.09866904602,0.964253345467,0.518282988871,1.87867287326,0.863174022847,0.470588235294,0.786197569093,0.41766745858,2.25,1.88235294118,0.786197569093,2.25,0.166339869281,0.0612244897959,3,0.00441176470588,0.185952380952,17,17,17,1,0,0.352941176471,0.411764705882,0.235294117647,17,0.128676470588,1.90196078431,4.11764705882,3.18181818182,2.69230769231,1.57648156274,0.382859808093,0.201680672269,2.01465221053,0.978545359402,0.524369747899,1.74894926439,0.849489642704,0.463865546218,0.814492905316,0.428238537847,2.33333333333,1.90196078431,0.814492905316,2.33333333333,0,0,0,0,0.164242424242,17,17,17,1,0,0.352941176471,0.411764705882,0.235294117647,17,38,0.139705882353,1.88970588235,4.47058823529,3.45454545455,2.71428571429,1.73629084037,0.388380845872,0.198142414861,2.19457888229,0.981785289445,0.529411764706,1.82103719638,0.814674535221,0.442724458204,0.797802588732,0.42218347108,2.25,1.88970588235,0.797802588732,2.25,0.185620915033,0.0961538461538,5,0.00735294117647,0.183398268398,17,17,17,1,0,0.352941176471,0.470588235294,0.176470588235,1,0.00367647058824,0.00735294117647,0.117647058824,0.0909090909091,-0.131868131868,0.0428779967836,-0.000646429005719,0.00418375031378,0.0959098362728,0.0175319439782,0.0111287758347,-0.0576356768785,-0.0484994876259,-0.0278637770898,0.0116050196399,0.00451601249979,0,0.00735294117647,0.0116050196399,0,0.0192810457516,0.0349293563579,2,0.00294117647059,-0.00255411255411,0,0.0588235294118,-0.0588235294118,37,1,0,234,1,0.995744680851,0.00425531914894,0,0.973684210526,1,0.986666666667,0.984652666406,0.995744680851,0.973684210526,3,2,0,0,0,0
1670,WLNM_dir_neg,0.875,0.291666666667,00:00:00,10,40,36,1982697609,threshold_sweep,0.5,0.666666666667,1,0.8,2,1,0,3,1,0.75,0.25,0,0.666666666667,1,0.8,0.833333333333,0.5,0.666666666667,0.707106781187,0.75,37,35,2,0,37,0,35,0,2,17,37,0.136029411765,1.88235294118,4.35294117647,3.36363636364,2.84615384615,1.69341284359,0.389027274878,0.193958664547,2.09866904602,0.964253345467,0.518282988871,1.87867287326,0.863174022847,0.470588235294,0.786197569093,0.41766745858,2.25,1.88235294118,0.786197569093,2.25,0.166339869281,0.0612244897959,3,0.00441176470588,0.185952380952,17,17,17,1,0,0.352941176471,0.411764705882,0.235294117647,17,0.128676470588,1.90196078431,4.11764705882,3.18181818182,2.69230769231,1.57648156274,0.382859808093,0.201680672269,2.01465221053,0.978545359402,0.524369747899,1.74894926439,0.849489642704,0.463865546218,0.814492905316,0.428238537847,2.33333333333,1.90196078431,0.814492905316,2.33333333333,0,0,0,0,0.164242424242,17,17,17,1,0,0.352941176471,0.411764705882,0.235294117647,17,38,0.139705882353,1.88970588235,4.47058823529,3.45454545455,2.71428571429,1.73629084037,0.388380845872,0.198142414861,2.19457888229,0.981785289445,0.529411764706,1.82103719638,0.814674535221,0.442724458204,0.797802588732,0.42218347108,2.25,1.88970588235,0.797802588732,2.25,0.185620915033,0.0961538461538,5,0.00735294117647,0.183398268398,17,17,17,1,0,0.352941176471,0.470588235294,0.176470588235,1,0.00367647058824,0.00735294117647,0.117647058824,0.0909090909091,-0.131868131868,0.0428779967836,-0.000646429005719,0.00418375031378,0.0959098362728,0.0175319439782,0.0111287758347,-0.0576356768785,-0.0484994876259,-0.0278637770898,0.0116050196399,0.00451601249979,0,0.00735294117647,0.0116050196399,0,0.0192810457516,0.0349293563579,2,0.00294117647059,-0.00255411255411,0,0.0588235294118,-0.0588235294118,37,1,0,234,1,0.995744680851,0.00425531914894,0,0.973684210526,1,0.986666666667,0.984652666406,0.995744680851,0.973684210526,3,2,0,0,0,0
1671,WLNM_dir_neg,0.875,0.291666666667,00:00:00,10,40,36,1982697609,threshold_sweep,0.6,0.666666666667,1,0.8,2,1,0,3,1,0.75,0.25,0,0.666666666667,1,0.8,0.833333333333,0.5,0.666666666667,0.707106781187,0.75,37,35,2,0,37,0,35,0,2,17,37,0.136029411765,1.88235294118,4.35294117647,3.36363636364,2.84615384615,1.69341284359,0.389027274878,0.193958664547,2.09866904602,0.964253345467,0.518282988871,1.87867287326,0.863174022847,0.470588235294,0.786197569093,0.41766745858,2.25,1.88235294118,0.786197569093,2.25,0.166339869281,0.0612244897959,3,0.00441176470588,0.185952380952,17,17,17,1,0,0.352941176471,0.411764705882,0.235294117647,17,0.128676470588,1.90196078431,4.11764705882,3.18181818182,2.69230769231,1.57648156274,0.382859808093,0.201680672269,2.01465221053,0.978545359402,0.524369747899,1.74894926439,0.849489642704,0.463865546218,0.814492905316,0.428238537847,2.33333333333,1.90196078431,0.814492905316,2.33333333333,0,0,0,0,0.164242424242,17,17,17,1,0,0.352941176471,0.411764705882,0.235294117647,17,38,0.139705882353,1.88970588235,4.47058823529,3.45454545455,2.71428571429,1.73629084037,0.388380845872,0.198142414861,2.19457888229,0.981785289445,0.529411764706,1.82103719638,0.814674535221,0.442724458204,0.797802588732,0.42218347108,2.25,1.88970588235,0.797802588732,2.25,0.185620915033,0.0961538461538,5,0.00735294117647,0.183398268398,17,17,17,1,0,0.352941176471,0.470588235294,0.176470588235,1,0.00367647058824,0.00735294117647,0.117647058824,0.0909090909091,-0.131868131868,0.0428779967836,-0.000646429005719,0.00418375031378,0.0959098362728,0.0175319439782,0.0111287758347,-0.0576356768785,-0.0484994876259,-0.0278637770898,0.0116050196399,0.00451601249979,0,0.00735294117647,0.0116050196399,0,0.0192810457516,0.0349293563579,2,0.00294117647059,-0.00255411255411,0,0.0588235294118,-0.0588235294118,37,1,0,234,1,0.995744680851,0.00425531914894,0,0.973684210526,1,0.986666666667,0.984652666406,0.995744680851,0.973684210526,3,2,0,0,0,0
1672,WLNM_dir_neg,0.875,0.291666666667,00:00:00,10,40,36,1982697609,threshold_sweep,0.7,0.666666666667,1,0.8,2,1,0,3,1,0.75,0.25,0,0.666666666667,1,0.8,0.833333333333,0.5,0.666666666667,0.707106781187,0.75,37,35,2,0,37,0,35,0,2,17,37,0.136029411765,1.88235294118,4.35294117647,3.36363636364,2.84615384615,1.69341284359,0.389027274878,0.193958664547,2.09866904602,0.964253345467,0.518282988871,1.87867287326,0.863174022847,0.470588235294,0.786197569093,0.41766745858,2.25,1.88235294118,0.786197569093,2.25,0.166339869281,0.0612244897959,3,0.00441176470588,0.185952380952,17,17,17,1,0,0.352941176471,0.411764705882,0.235294117647,17,0.128676470588,1.90196078431,4.11764705882,3.18181818182,2.69230769231,1.57648156274,0.382859808093,0.201680672269,2.01465221053,0.978545359402,0.524369747899,1.74894926439,0.849489642704,0.463865546218,0.814492905316,0.428238537847,2.33333333333,1.90196078431,0.814492905316,2.33333333333,0,0,0,0,0.164242424242,17,17,17,1,0,0.352941176471,0.411764705882,0.235294117647,17,38,0.139705882353,1.88970588235,4.47058823529,3.45454545455,2.71428571429,1.73629084037,0.388380845872,0.198142414861,2.19457888229,0.981785289445,0.529411764706,1.82103719638,0.814674535221,0.442724458204,0.797802588732,0.42218347108,2.25,1.88970588235,0.797802588732,2.25,0.185620915033,0.0961538461538,5,0.00735294117647,0.183398268398,17,17,17,1,0,0.352941176471,0.470588235294,0.176470588235,1,0.00367647058824,0.00735294117647,0.117647058824,0.0909090909091,-0.131868131868,0.0428779967836,-0.000646429005719,0.00418375031378,0.0959098362728,0.0175319439782,0.0111287758347,-0.0576356768785,-0.0484994876259,-0.0278637770898,0.0116050196399,0.00451601249979,0,0.00735294117647,0.0116050196399,0,0.0192810457516,0.0349293563579,2,0.00294117647059,-0.00255411255411,0,0.0588235294118,-0.0588235294118,37,1,0,234,1,0.995744680851,0.00425531914894,0,0.973684210526,1,0.986666666667,0.984652666406,0.995744680851,0.973684210526,3,2,0,0,0,0
1673,WLNM_dir_neg,0.875,0.291666666667,00:00:00,10,40,36,1982697609,threshold_sweep,0.8,0.666666666667,1,0.8,2,1,0,3,1,0.75,0.25,0,0.666666666667,1,0.8,0.833333333333,0.5,0.666666666667,0.707106781187,0.75,37,35,2,0,37,0,35,0,2,17,37,0.136029411765,1.88235294118,4.35294117647,3.36363636364,2.84615384615,1.69341284359,0.389027274878,0.193958664547,2.09866904602,0.964253345467,0.518282988871,1.87867287326,0.863174022847,0.470588235294,0.786197569093,0.41766745858,2.25,1.88235294118,0.786197569093,2.25,0.166339869281,0.0612244897959,3,0.00441176470588,0.185952380952,17,17,17,1,0,0.352941176471,0.411764705882,0.235294117647,17,0.128676470588,1.90196078431,4.11764705882,3.18181818182,2.69230769231,1.57648156274,0.382859808093,0.201680672269,2.01465221053,0.978545359402,0.524369747899,1.74894926439,0.849489642704,0.463865546218,0.814492905316,0.428238537847,2.33333333333,1.90196078431,0.814492905316,2.33333333333,0,0,0,0,0.164242424242,17,17,17,1,0,0.352941176471,0.411764705882,0.235294117647,17,38,0.139705882353,1.88970588235,4.47058823529,3.45454545455,2.71428571429,1.73629084037,0.388380845872,0.198142414861,2.19457888229,0.981785289445,0.529411764706,1.82103719638,0.814674535221,0.442724458204,0.797802588732,0.42218347108,2.25,1.88970588235,0.797802588732,2.25,0.185620915033,0.0961538461538,5,0.00735294117647,0.183398268398,17,17,17,1,0,0.352941176471,0.470588235294,0.176470588235,1,0.00367647058824,0.00735294117647,0.117647058824,0.0909090909091,-0.131868131868,0.0428779967836,-0.000646429005719,0.00418375031378,0.0959098362728,0.0175319439782,0.0111287758347,-0.0576356768785,-0.0484994876259,-0.0278637770898,0.0116050196399,0.00451601249979,0,0.00735294117647,0.0116050196399,0,0.0192810457516,0.0349293563579,2,0.00294117647059,-0.00255411255411,0,0.0588235294118,-0.0588235294118,37,1,0,234,1,0.995744680851,0.00425531914894,0,0.973684210526,1,0.986666666667,0.984652666406,0.995744680851,0.973684210526,3,2,0,0,0,0
1674,WLNM_dir_neg,0.875,0.291666666667,00:00:00,10,40,36,1982697609,threshold_sweep,0.9,0.666666666667,1,0.8,2,1,0,3,1,0.75,0.25,0,0.666666666667,1,0.8,0.833333333333,0.5,0.666666666667,0.707106781187,0.75,37,35,2,0,37,0,35,0,2,17,37,0.136029411765,1.88235294118,4.35294117647,3.36363636364,2.84615384615,1.69341284359,0.389027274878,0.193958664547,2.09866904602,0.964253345467,0.518282988871,1.87867287326,0.863174022847,0.470588235294,0.786197569093,0.41766745858,2.25,1.88235294118,0.786197569093,2.25,0.166339869281,0.0612244897959,3,0.00441176470588,0.185952380952,17,17,17,1,0,0.352941176471,0.411764705882,0.235294117647,17,0.128676470588,1.90196078431,4.11764705882,3.18181818182,2.69230769231,1.57648156274,0.382859808093,0.201680672269,2.01465221053,0.978545359402,0.524369747899,1.74894926439,0.849489642704,0.463865546218,0.814492905316,0.428238537847,2.33333333333,1.90196078431,0.814492905316,2.33333333333,0,0,0,0,0.164242424242,17,17,17,1,0,0.352941176471,0.411764705882,0.235294117647,17,38,0.139705882353,1.88970588235,4.47058823529,3.45454545455,2.71428571429,1.73629084037,0.388380845872,0.198142414861,2.19457888229,0.981785289445,0.529411764706,1.82103719638,0.814674535221,0.442724458204,0.797802588732,0.42218347108,2.25,1.88970588235,0.797802588732,2.25,0.185620915033,0.0961538461538,5,0.00735294117647,0.183398268398,17,17,17,1,0,0.352941176471,0.470588235294,0.176470588235,1,0.00367647058824,0.00735294117647,0.117647058824,0.0909090909091,-0.131868131868,0.0428779967836,-0.000646429005719,0.00418375031378,0.0959098362728,0.0175319439782,0.0111287758347,-0.0576356768785,-0.0484994876259,-0.0278637770898,0.0116050196399,0.00451601249979,0,0.00735294117647,0.0116050196399,0,0.0192810457516,0.0349293563579,2,0.00294117647059,-0.00255411255411,0,0.0588235294118,-0.0588235294118,37,1,0,234,1,0.995744680851,0.00425531914894,0,0.973684210526,1,0.986666666667,0.984652666406,0.995744680851,0.973684210526,3,2,0,0,0,0
1675,WLNM_dir_neg,0.875,0.291666666667,00:00:00,10,40,37,1982697610,threshold_sweep,0.1,0.666666666667,1,0.8,2,1,0,3,1,0.75,0.25,0,0.666666666667,1,0.8,0.833333333333,0.5,0.666666666667,0.707106781187,0.75,37,35,2,0,37,0,35,0,2,17,37,0.136029411765,1.88235294118,4.35294117647,3.36363636364,2.84615384615,1.69341284359,0.389027274878,0.193958664547,2.09866904602,0.964253345467,0.518282988871,1.87867287326,0.863174022847,0.470588235294,0.786197569093,0.41766745858,2.25,1.88235294118,0.786197569093,2.25,0.166339869281,0.0612244897959,3,0.00441176470588,0.185952380952,17,17,17,1,0,0.352941176471,0.411764705882,0.235294117647,17,0.128676470588,1.90196078431,4.11764705882,3.18181818182,2.69230769231,1.57648156274,0.382859808093,0.201680672269,2.01465221053,0.978545359402,0.524369747899,1.74894926439,0.849489642704,0.463865546218,0.814492905316,0.428238537847,2.33333333333,1.90196078431,0.814492905316,2.33333333333,0,0,0,0,0.164242424242,17,17,17,1,0,0.352941176471,0.411764705882,0.235294117647,17,38,0.139705882353,1.87941176471,4.47058823529,3.45454545455,2.71428571429,1.73629084037,0.388380845872,0.198142414861,2.16591238756,0.968960804961,0.517027863777,1.82103719638,0.814674535221,0.442724458204,0.780836655359,0.415468642914,2.2,1.87941176471,0.780836655359,2.2,0.162418300654,0.0576923076923,3,0.00441176470588,0.182878787879,17,17,17,1,0,0.352941176471,0.470588235294,0.176470588235,1,0.00367647058824,-0.00294117647059,0.117647058824,0.0909090909091,-0.131868131868,0.0428779967836,-0.000646429005719,0.00418375031378,0.0672433415445,0.00470745949447,-0.00125512509413,-0.0576356768785,-0.0484994876259,-0.0278637770898,-0.00536091373311,-0.00219881566616,-0.05,-0.00294117647059,-0.00536091373311,-0.05,-0.00392156862745,-0.00353218210361,0,0,-0.00307359307359,0,0.0588235294118,-0.0588235294118,37,1,0,234,1,0.995744680851,0.00425531914894,0,0.973684210526,1,0.986666666667,0.984652666406,0.995744680851,0.973684210526,3,2,0,0,0,0
1676,WLNM_dir_neg,0.875,0.291666666667,00:00:00,10,40,37,1982697610,threshold_sweep,0.2,0.666666666667,1,0.8,2,1,0,3,1,0.75,0.25,0,0.666666666667,1,0.8,0.833333333333,0.5,0.666666666667,0.707106781187,0.75,37,35,2,0,37,0,35,0,2,17,37,0.136029411765,1.88235294118,4.35294117647,3.36363636364,2.84615384615,1.69341284359,0.389027274878,0.193958664547,2.09866904602,0.964253345467,0.518282988871,1.87867287326,0.863174022847,0.470588235294,0.786197569093,0.41766745858,2.25,1.88235294118,0.786197569093,2.25,0.166339869281,0.0612244897959,3,0.00441176470588,0.185952380952,17,17,17,1,0,0.352941176471,0.411764705882,0.235294117647,17,0.128676470588,1.90196078431,4.11764705882,3.18181818182,2.69230769231,1.57648156274,0.382859808093,0.201680672269,2.01465221053,0.978545359402,0.524369747899,1.74894926439,0.849489642704,0.463865546218,0.814492905316,0.428238537847,2.33333333333,1.90196078431,0.814492905316,2.33333333333,0,0,0,0,0.164242424242,17,17,17,1,0,0.352941176471,0.411764705882,0.235294117647,17,38,0.139705882353,1.87941176471,4.47058823529,3.45454545455,2.71428571429,1.73629084037,0.388380845872,0.198142414861,2.16591238756,0.968960804961,0.517027863777,1.82103719638,0.814674535221,0.442724458204,0.780836655359,0.415468642914,2.2,1.87941176471,0.780836655359,2.2,0.162418300654,0.0576923076923,3,0.00441176470588,0.182878787879,17,17,17,1,0,0.352941176471,0.470588235294,0.176470588235,1,0.00367647058824,-0.00294117647059,0.117647058824,0.0909090909091,-0.131868131868,0.0428779967836,-0.000646429005719,0.00418375031378,0.0672433415445,0.00470745949447,-0.00125512509413,-0.0576356768785,-0.0484994876259,-0.0278637770898,-0.00536091373311,-0.00219881566616,-0.05,-0.00294117647059,-0.00536091373311,-0.05,-0.00392156862745,-0.00353218210361,0,0,-0.00307359307359,0,0.0588235294118,-0.0588235294118,37,1,0,234,1,0.995744680851,0.00425531914894,0,0.973684210526,1,0.986666666667,0.984652666406,0.995744680851,0.973684210526,3,2,0,0,0,0
1677,WLNM_dir_neg,0.875,0.291666666667,00:00:00,10,40,37,1982697610,threshold_sweep,0.3,0.666666666667,1,0.8,2,1,0,3,1,0.75,0.25,0,0.666666666667,1,0.8,0.833333333333,0.5,0.666666666667,0.707106781187,0.75,37,35,2,0,37,0,35,0,2,17,37,0.136029411765,1.88235294118,4.35294117647,3.36363636364,2.84615384615,1.69341284359,0.389027274878,0.193958664547,2.09866904602,0.964253345467,0.518282988871,1.87867287326,0.863174022847,0.470588235294,0.786197569093,0.41766745858,2.25,1.88235294118,0.786197569093,2.25,0.166339869281,0.0612244897959,3,0.00441176470588,0.185952380952,17,17,17,1,0,0.352941176471,0.411764705882,0.235294117647,17,0.128676470588,1.90196078431,4.11764705882,3.18181818182,2.69230769231,1.57648156274,0.382859808093,0.201680672269,2.01465221053,0.978545359402,0.524369747899,1.74894926439,0.849489642704,0.463865546218,0.814492905316,0.428238537847,2.33333333333,1.90196078431,0.814492905316,2.33333333333,0,0,0,0,0.164242424242,17,17,17,1,0,0.352941176471,0.411764705882,0.235294117647,17,38,0.139705882353,1.87941176471,4.47058823529,3.45454545455,2.71428571429,1.73629084037,0.388380845872,0.198142414861,2.16591238756,0.968960804961,0.517027863777,1.82103719638,0.814674535221,0.442724458204,0.780836655359,0.415468642914,2.2,1.87941176471,0.780836655359,2.2,0.162418300654,0.0576923076923,3,0.00441176470588,0.182878787879,17,17,17,1,0,0.352941176471,0.470588235294,0.176470588235,1,0.00367647058824,-0.00294117647059,0.117647058824,0.0909090909091,-0.131868131868,0.0428779967836,-0.000646429005719,0.00418375031378,0.0672433415445,0.00470745949447,-0.00125512509413,-0.0576356768785,-0.0484994876259,-0.0278637770898,-0.00536091373311,-0.00219881566616,-0.05,-0.00294117647059,-0.00536091373311,-0.05,-0.00392156862745,-0.00353218210361,0,0,-0.00307359307359,0,0.0588235294118,-0.0588235294118,37,1,0,234,1,0.995744680851,0.00425531914894,0,0.973684210526,1,0.986666666667,0.984652666406,0.995744680851,0.973684210526,3,2,0,0,0,0
1678,WLNM_dir_neg,0.875,0.291666666667,00:00:00,10,40,37,1982697610,threshold_sweep,0.4,0.666666666667,1,0.8,2,1,0,3,1,0.75,0.25,0,0.666666666667,1,0.8,0.833333333333,0.5,0.666666666667,0.707106781187,0.75,37,35,2,0,37,0,35,0,2,17,37,0.136029411765,1.88235294118,4.35294117647,3.36363636364,2.84615384615,1.69341284359,0.389027274878,0.193958664547,2.09866904602,0.964253345467,0.518282988871,1.87867287326,0.863174022847,0.470588235294,0.786197569093,0.41766745858,2.25,1.88235294118,0.786197569093,2.25,0.166339869281,0.0612244897959,3,0.00441176470588,0.185952380952,17,17,17,1,0,0.352941176471,0.411764705882,0.235294117647,17,0.128676470588,1.90196078431,4.11764705882,3.18181818182,2.69230769231,1.57648156274,0.382859808093,0.201680672269,2.01465221053,0.978545359402,0.524369747899,1.74894926439,0.849489642704,0.463865546218,0.814492905316,0.428238537847,2.33333333333,1.90196078431,0.814492905316,2.33333333333,0,0,0,0,0.164242424242,17,17,17,1,0,0.352941176471,0.411764705882,0.235294117647,17,38,0.139705882353,1.87941176471,4.47058823529,3.45454545455,2.71428571429,1.73629084037,0.388380845872,0.198142414861,2.16591238756,0.968960804961,0.517027863777,1.82103719638,0.814674535221,0.442724458204,0.780836655359,0.415468642914,2.2,1.87941176471,0.780836655359,2.2,0.162418300654,0.0576923076923,3,0.00441176470588,0.182878787879,17,17,17,1,0,0.352941176471,0.470588235294,0.176470588235,1,0.00367647058824,-0.00294117647059,0.117647058824,0.0909090909091,-0.131868131868,0.0428779967836,-0.000646429005719,0.00418375031378,0.0672433415445,0.00470745949447,-0.00125512509413,-0.0576356768785,-0.0484994876259,-0.0278637770898,-0.00536091373311,-0.00219881566616,-0.05,-0.00294117647059,-0.00536091373311,-0.05,-0.00392156862745,-0.00353218210361,0,0,-0.00307359307359,0,0.0588235294118,-0.0588235294118,37,1,0,234,1,0.995744680851,0.00425531914894,0,0.973684210526,1,0.986666666667,0.984652666406,0.995744680851,0.973684210526,3,2,0,0,0,0
1679,WLNM_dir_neg,0.875,0.291666666667,00:00:00,10,40,37,1982697610,threshold_sweep,0.5,0.666666666667,1,0.8,2,1,0,3,1,0.75,0.25,0,0.666666666667,1,0.8,0.833333333333,0.5,0.666666666667,0.707106781187,0.75,37,35,2,0,37,0,35,0,2,17,37,0.136029411765,1.88235294118,4.35294117647,3.36363636364,2.84615384615,1.69341284359,0.389027274878,0.193958664547,2.09866904602,0.964253345467,0.518282988871,1.87867287326,0.863174022847,0.470588235294,0.786197569093,0.41766745858,2.25,1.88235294118,0.786197569093,2.25,0.166339869281,0.0612244897959,3,0.00441176470588,0.185952380952,17,17,17,1,0,0.352941176471,0.411764705882,0.235294117647,17,0.128676470588,1.90196078431,4.11764705882,3.18181818182,2.69230769231,1.57648156274,0.382859808093,0.201680672269,2.01465221053,0.978545359402,0.524369747899,1.74894926439,0.849489642704,0.463865546218,0.814492905316,0.428238537847,2.33333333333,1.90196078431,0.814492905316,2.33333333333,0,0,0,0,0.164242424242,17,17,17,1,0,0.352941176471,0.411764705882,0.235294117647,17,38,0.139705882353,1.87941176471,4.47058823529,3.45454545455,2.71428571429,1.73629084037,0.388380845872,0.198142414861,2.16591238756,0.968960804961,0.517027863777,1.82103719638,0.814674535221,0.442724458204,0.780836655359,0.415468642914,2.2,1.87941176471,0.780836655359,2.2,0.162418300654,0.0576923076923,3,0.00441176470588,0.182878787879,17,17,17,1,0,0.352941176471,0.470588235294,0.176470588235,1,0.00367647058824,-0.00294117647059,0.117647058824,0.0909090909091,-0.131868131868,0.0428779967836,-0.000646429005719,0.00418375031378,0.0672433415445,0.00470745949447,-0.00125512509413,-0.0576356768785,-0.0484994876259,-0.0278637770898,-0.00536091373311,-0.00219881566616,-0.05,-0.00294117647059,-0.00536091373311,-0.05,-0.00392156862745,-0.00353218210361,0,0,-0.00307359307359,0,0.0588235294118,-0.0588235294118,37,1,0,234,1,0.995744680851,0.00425531914894,0,0.973684210526,1,0.986666666667,0.984652666406,0.995744680851,0.973684210526,3,2,0,0,0,0
1680,WLNM_dir_neg,0.875,0.291666666667,00:00:00,10,40,37,1982697610,threshold_sweep,0.6,0.666666666667,1,0.8,2,1,0,3,1,0.75,0.25,0,0.666666666667,1,0.8,0.833333333333,0.5,0.666666666667,0.707106781187,0.75,37,35,2,0,37,0,35,0,2,17,37,0.136029411765,1.88235294118,4.35294117647,3.36363636364,2.84615384615,1.69341284359,0.389027274878,0.193958664547,2.09866904602,0.964253345467,0.518282988871,1.87867287326,0.863174022847,0.470588235294,0.786197569093,0.41766745858,2.25,1.88235294118,0.786197569093,2.25,0.166339869281,0.0612244897959,3,0.00441176470588,0.185952380952,17,17,17,1,0,0.352941176471,0.411764705882,0.235294117647,17,0.128676470588,1.90196078431,4.11764705882,3.18181818182,2.69230769231,1.57648156274,0.382859808093,0.201680672269,2.01465221053,0.978545359402,0.524369747899,1.74894926439,0.849489642704,0.463865546218,0.814492905316,0.428238537847,2.33333333333,1.90196078431,0.814492905316,2.33333333333,0,0,0,0,0.164242424242,17,17,17,1,0,0.352941176471,0.411764705882,0.235294117647,17,38,0.139705882353,1.87941176471,4.47058823529,3.45454545455,2.71428571429,1.73629084037,0.388380845872,0.198142414861,2.16591238756,0.968960804961,0.517027863777,1.82103719638,0.814674535221,0.442724458204,0.780836655359,0.415468642914,2.2,1.87941176471,0.780836655359,2.2,0.162418300654,0.0576923076923,3,0.00441176470588,0.182878787879,17,17,17,1,0,0.352941176471,0.470588235294,0.176470588235,1,0.00367647058824,-0.00294117647059,0.117647058824,0.0909090909091,-0.131868131868,0.0428779967836,-0.000646429005719,0.00418375031378,0.0672433415445,0.00470745949447,-0.00125512509413,-0.0576356768785,-0.0484994876259,-0.0278637770898,-0.00536091373311,-0.00219881566616,-0.05,-0.00294117647059,-0.00536091373311,-0.05,-0.00392156862745,-0.00353218210361,0,0,-0.00307359307359,0,0.0588235294118,-0.0588235294118,37,1,0,234,1,0.995744680851,0.00425531914894,0,0.973684210526,1,0.986666666667,0.984652666406,0.995744680851,0.973684210526,3,2,0,0,0,0
1681,WLNM_dir_neg,0.875,0.291666666667,00:00:00,10,40,37,1982697610,threshold_sweep,0.7,0.666666666667,1,0.8,2,1,0,3,1,0.75,0.25,0,0.666666666667,1,0.8,0.833333333333,0.5,0.666666666667,0.707106781187,0.75,37,35,2,0,37,0,35,0,2,17,37,0.136029411765,1.88235294118,4.35294117647,3.36363636364,2.84615384615,1.69341284359,0.389027274878,0.193958664547,2.09866904602,0.964253345467,0.518282988871,1.87867287326,0.863174022847,0.470588235294,0.786197569093,0.41766745858,2.25,1.88235294118,0.786197569093,2.25,0.166339869281,0.0612244897959,3,0.00441176470588,0.185952380952,17,17,17,1,0,0.352941176471,0.411764705882,0.235294117647,17,0.128676470588,1.90196078431,4.11764705882,3.18181818182,2.69230769231,1.57648156274,0.382859808093,0.201680672269,2.01465221053,0.978545359402,0.524369747899,1.74894926439,0.849489642704,0.463865546218,0.814492905316,0.428238537847,2.33333333333,1.90196078431,0.814492905316,2.33333333333,0,0,0,0,0.164242424242,17,17,17,1,0,0.352941176471,0.411764705882,0.235294117647,17,38,0.139705882353,1.87941176471,4.47058823529,3.45454545455,2.71428571429,1.73629084037,0.388380845872,0.198142414861,2.16591238756,0.968960804961,0.517027863777,1.82103719638,0.814674535221,0.442724458204,0.780836655359,0.415468642914,2.2,1.87941176471,0.780836655359,2.2,0.162418300654,0.0576923076923,3,0.00441176470588,0.182878787879,17,17,17,1,0,0.352941176471,0.470588235294,0.176470588235,1,0.00367647058824,-0.00294117647059,0.117647058824,0.0909090909091,-0.131868131868,0.0428779967836,-0.000646429005719,0.00418375031378,0.0672433415445,0.00470745949447,-0.00125512509413,-0.0576356768785,-0.0484994876259,-0.0278637770898,-0.00536091373311,-0.00219881566616,-0.05,-0.00294117647059,-0.00536091373311,-0.05,-0.00392156862745,-0.00353218210361,0,0,-0.00307359307359,0,0.0588235294118,-0.0588235294118,37,1,0,234,1,0.995744680851,0.00425531914894,0,0.973684210526,1,0.986666666667,0.984652666406,0.995744680851,0.973684210526,3,2,0,0,0,0
1682,WLNM_dir_neg,0.875,0.291666666667,00:00:00,10,40,37,1982697610,threshold_sweep,0.8,0.5,0.5,0.5,1,1,1,3,0.5,0.75,0.25,0.5,0.5,0.5,0.5,0.666666666667,0.555555555556,0.25,0.25,0.25,37,35,2,0,37,0,35,0,2,17,37,0.136029411765,1.88235294118,4.35294117647,3.36363636364,2.84615384615,1.69341284359,0.389027274878,0.193958664547,2.09866904602,0.964253345467,0.518282988871,1.87867287326,0.863174022847,0.470588235294,0.786197569093,0.41766745858,2.25,1.88235294118,0.786197569093,2.25,0.166339869281,0.0612244897959,3,0.00441176470588,0.185952380952,17,17,17,1,0,0.352941176471,0.411764705882,0.235294117647,17,0.128676470588,1.90196078431,4.11764705882,3.18181818182,2.69230769231,1.57648156274,0.382859808093,0.201680672269,2.01465221053,0.978545359402,0.524369747899,1.74894926439,0.849489642704,0.463865546218,0.814492905316,0.428238537847,2.33333333333,1.90196078431,0.814492905316,2.33333333333,0,0,0,0,0.164242424242,17,17,17,1,0,0.352941176471,0.411764705882,0.235294117647,17,37,0.136029411765,1.89411764706,4.35294117647,3.36363636364,2.64285714286,1.76568600233,0.405630568103,0.209856915739,2.12824147237,0.977840676493,0.52146263911,1.74052054418,0.799698628406,0.435612082671,0.80036756262,0.422554303247,2.2,1.89411764706,0.80036756262,2.2,0.066339869281,0.0201342281879,1,0.00147058823529,0.172034632035,17,17,17,1,0,0.352941176471,0.470588235294,0.176470588235,0,0,0.0117647058824,0,0,-0.203296703297,0.0722731587434,0.0166032932248,0.0158982511924,0.0295724263517,0.0135873310264,0.00317965023847,-0.138152329077,-0.063475394441,-0.0349761526232,0.0141699935273,0.00488684466611,-0.05,0.0117647058824,0.0141699935273,-0.05,-0.1,-0.041090261608,-2,-0.00294117647059,-0.0139177489177,0,0.0588235294118,-0.0588235294118,36,1,1,234,0.972972972973,0.995744680851,0.00425531914894,0.027027027027,0.972972972973,0.972972972973,0.972972972973,0.968717653824,0.968717653824,0.947368421053,2,2,0,0,0,0
1683,WLNM_dir_neg,0.875,0.291666666667,00:00:00,10,40,37,1982697610,threshold_sweep,0.9,0.5,0.5,0.5,1,1,1,3,0.5,0.75,0.25,0.5,0.5,0.5,0.5,0.666666666667,0.555555555556,0.25,0.25,0.25,37,35,2,0,37,0,35,0,2,17,37,0.136029411765,1.88235294118,4.35294117647,3.36363636364,2.84615384615,1.69341284359,0.389027274878,0.193958664547,2.09866904602,0.964253345467,0.518282988871,1.87867287326,0.863174022847,0.470588235294,0.786197569093,0.41766745858,2.25,1.88235294118,0.786197569093,2.25,0.166339869281,0.0612244897959,3,0.00441176470588,0.185952380952,17,17,17,1,0,0.352941176471,0.411764705882,0.235294117647,17,0.128676470588,1.90196078431,4.11764705882,3.18181818182,2.69230769231,1.57648156274,0.382859808093,0.201680672269,2.01465221053,0.978545359402,0.524369747899,1.74894926439,0.849489642704,0.463865546218,0.814492905316,0.428238537847,2.33333333333,1.90196078431,0.814492905316,2.33333333333,0,0,0,0,0.164242424242,17,17,17,1,0,0.352941176471,0.411764705882,0.235294117647,17,37,0.136029411765,1.89411764706,4.35294117647,3.36363636364,2.64285714286,1.76568600233,0.405630568103,0.209856915739,2.12824147237,0.977840676493,0.52146263911,1.74052054418,0.799698628406,0.435612082671,0.80036756262,0.422554303247,2.2,1.89411764706,0.80036756262,2.2,0.066339869281,0.0201342281879,1,0.00147058823529,0.172034632035,17,17,17,1,0,0.352941176471,0.470588235294,0.176470588235,0,0,0.0117647058824,0,0,-0.203296703297,0.0722731587434,0.0166032932248,0.0158982511924,0.0295724263517,0.0135873310264,0.00317965023847,-0.138152329077,-0.063475394441,-0.0349761526232,0.0141699935273,0.00488684466611,-0.05,0.0117647058824,0.0141699935273,-0.05,-0.1,-0.041090261608,-2,-0.00294117647059,-0.0139177489177,0,0.0588235294118,-0.0588235294118,36,1,1,234,0.972972972973,0.995744680851,0.00425531914894,0.027027027027,0.972972972973,0.972972972973,0.972972972973,0.968717653824,0.968717653824,0.947368421053,2,2,0,0,0,0
1684,WLNM_dir_neg,1,0.5,00:00:00,10,40,38,1982697611,threshold_sweep,0.1,0.666666666667,1,0.8,2,1,0,3,1,0.75,0.25,0,0.666666666667,1,0.8,0.833333333333,0.5,0.666666666667,0.707106781187,0.75,37,35,2,0,37,0,35,0,2,17,37,0.136029411765,1.88235294118,4.35294117647,3.36363636364,2.84615384615,1.69341284359,0.389027274878,0.193958664547,2.09866904602,0.964253345467,0.518282988871,1.87867287326,0.863174022847,0.470588235294,0.786197569093,0.41766745858,2.25,1.88235294118,0.786197569093,2.25,0.166339869281,0.0612244897959,3,0.00441176470588,0.185952380952,17,17,17,1,0,0.352941176471,0.411764705882,0.235294117647,17,0.128676470588,1.90196078431,4.11764705882,3.18181818182,2.69230769231,1.57648156274,0.382859808093,0.201680672269,2.01465221053,0.978545359402,0.524369747899,1.74894926439,0.849489642704,0.463865546218,0.814492905316,0.428238537847,2.33333333333,1.90196078431,0.814492905316,2.33333333333,0,0,0,0,0.164242424242,17,17,17,1,0,0.352941176471,0.411764705882,0.235294117647,17,38,0.139705882353,2.00176470588,4.47058823529,3.16666666667,2.92307692308,1.66274047354,0.371928790134,0.181114551084,2.04723630062,0.915868871331,0.495356037152,1.95350363977,0.873935838844,0.473684210526,0.797999336576,0.398647920123,2.35,2.00176470588,0.797999336576,2.35,0.224836601307,0.116883116883,6,0.00882352941176,0.169101731602,17,17,17,1,0,0.294117647059,0.470588235294,0.235294117647,1,0.00367647058824,0.119411764706,0.117647058824,-0.19696969697,0.0769230769231,-0.030672370045,-0.0170984847437,-0.0128441134633,-0.0514327453931,-0.0483844741355,-0.0229269517195,0.0748307665129,0.0107618159966,0.0030959752322,0.0118017674839,-0.019019538457,0.1,0.119411764706,0.0118017674839,0.1,0.0584967320261,0.0556586270872,3,0.00441176470588,-0.0168506493506,-0.0588235294118,0.0588235294118,0,37,1,0,234,1,0.995744680851,0.00425531914894,0,0.973684210526,1,0.986666666667,0.984652666406,0.995744680851,0.973684210526,3,2,0,0,0,0
1685,WLNM_dir_neg,1,0.5,00:00:00,10,40,38,1982697611,threshold_sweep,0.2,0.666666666667,1,0.8,2,1,0,3,1,0.75,0.25,0,0.666666666667,1,0.8,0.833333333333,0.5,0.666666666667,0.707106781187,0.75,37,35,2,0,37,0,35,0,2,17,37,0.136029411765,1.88235294118,4.35294117647,3.36363636364,2.84615384615,1.69341284359,0.389027274878,0.193958664547,2.09866904602,0.964253345467,0.518282988871,1.87867287326,0.863174022847,0.470588235294,0.786197569093,0.41766745858,2.25,1.88235294118,0.786197569093,2.25,0.166339869281,0.0612244897959,3,0.00441176470588,0.185952380952,17,17,17,1,0,0.352941176471,0.411764705882,0.235294117647,17,0.128676470588,1.90196078431,4.11764705882,3.18181818182,2.69230769231,1.57648156274,0.382859808093,0.201680672269,2.01465221053,0.978545359402,0.524369747899,1.74894926439,0.849489642704,0.463865546218,0.814492905316,0.428238537847,2.33333333333,1.90196078431,0.814492905316,2.33333333333,0,0,0,0,0.164242424242,17,17,17,1,0,0.352941176471,0.411764705882,0.235294117647,17,38,0.139705882353,2.00176470588,4.47058823529,3.16666666667,2.92307692308,1.66274047354,0.371928790134,0.181114551084,2.04723630062,0.915868871331,0.495356037152,1.95350363977,0.873935838844,0.473684210526,0.797999336576,0.398647920123,2.35,2.00176470588,0.797999336576,2.35,0.224836601307,0.116883116883,6,0.00882352941176,0.169101731602,17,17,17,1,0,0.294117647059,0.470588235294,0.235294117647,1,0.00367647058824,0.119411764706,0.117647058824,-0.19696969697,0.0769230769231,-0.030672370045,-0.0170984847437,-0.0128441134633,-0.0514327453931,-0.0483844741355,-0.0229269517195,0.0748307665129,0.0107618159966,0.0030959752322,0.0118017674839,-0.019019538457,0.1,0.119411764706,0.0118017674839,0.1,0.0584967320261,0.0556586270872,3,0.00441176470588,-0.0168506493506,-0.0588235294118,0.0588235294118,0,37,1,0,234,1,0.995744680851,0.00425531914894,0,0.973684210526,1,0.986666666667,0.984652666406,0.995744680851,0.973684210526,3,2,0,0,0,0
1686,WLNM_dir_neg,1,0.5,00:00:00,10,40,38,1982697611,threshold_sweep,0.3,0.666666666667,1,0.8,2,1,0,3,1,0.75,0.25,0,0.666666666667,1,0.8,0.833333333333,0.5,0.666666666667,0.707106781187,0.75,37,35,2,0,37,0,35,0,2,17,37,0.136029411765,1.88235294118,4.35294117647,3.36363636364,2.84615384615,1.69341284359,0.389027274878,0.193958664547,2.09866904602,0.964253345467,0.518282988871,1.87867287326,0.863174022847,0.470588235294,0.786197569093,0.41766745858,2.25,1.88235294118,0.786197569093,2.25,0.166339869281,0.0612244897959,3,0.00441176470588,0.185952380952,17,17,17,1,0,0.352941176471,0.411764705882,0.235294117647,17,0.128676470588,1.90196078431,4.11764705882,3.18181818182,2.69230769231,1.57648156274,0.382859808093,0.201680672269,2.01465221053,0.978545359402,0.524369747899,1.74894926439,0.849489642704,0.463865546218,0.814492905316,0.428238537847,2.33333333333,1.90196078431,0.814492905316,2.33333333333,0,0,0,0,0.164242424242,17,17,17,1,0,0.352941176471,0.411764705882,0.235294117647,17,38,0.139705882353,2.00176470588,4.47058823529,3.16666666667,2.92307692308,1.66274047354,0.371928790134,0.181114551084,2.04723630062,0.915868871331,0.495356037152,1.95350363977,0.873935838844,0.473684210526,0.797999336576,0.398647920123,2.35,2.00176470588,0.797999336576,2.35,0.224836601307,0.116883116883,6,0.00882352941176,0.169101731602,17,17,17,1,0,0.294117647059,0.470588235294,0.235294117647,1,0.00367647058824,0.119411764706,0.117647058824,-0.19696969697,0.0769230769231,-0.030672370045,-0.0170984847437,-0.0128441134633,-0.0514327453931,-0.0483844741355,-0.0229269517195,0.0748307665129,0.0107618159966,0.0030959752322,0.0118017674839,-0.019019538457,0.1,0.119411764706,0.0118017674839,0.1,0.0584967320261,0.0556586270872,3,0.00441176470588,-0.0168506493506,-0.0588235294118,0.0588235294118,0,37,1,0,234,1,0.995744680851,0.00425531914894,0,0.973684210526,1,0.986666666667,0.984652666406,0.995744680851,0.973684210526,3,2,0,0,0,0
1687,WLNM_dir_neg,1,0.5,00:00:00,10,40,38,1982697611,threshold_sweep,0.4,0.666666666667,1,0.8,2,1,0,3,1,0.75,0.25,0,0.666666666667,1,0.8,0.833333333333,0.5,0.666666666667,0.707106781187,0.75,37,35,2,0,37,0,35,0,2,17,37,0.136029411765,1.88235294118,4.35294117647,3.36363636364,2.84615384615,1.69341284359,0.389027274878,0.193958664547,2.09866904602,0.964253345467,0.518282988871,1.87867287326,0.863174022847,0.470588235294,0.786197569093,0.41766745858,2.25,1.88235294118,0.786197569093,2.25,0.166339869281,0.0612244897959,3,0.00441176470588,0.185952380952,17,17,17,1,0,0.352941176471,0.411764705882,0.235294117647,17,0.128676470588,1.90196078431,4.11764705882,3.18181818182,2.69230769231,1.57648156274,0.382859808093,0.201680672269,2.01465221053,0.978545359402,0.524369747899,1.74894926439,0.849489642704,0.463865546218,0.814492905316,0.428238537847,2.33333333333,1.90196078431,0.814492905316,2.33333333333,0,0,0,0,0.164242424242,17,17,17,1,0,0.352941176471,0.411764705882,0.235294117647,17,38,0.139705882353,2.00176470588,4.47058823529,3.16666666667,2.92307692308,1.66274047354,0.371928790134,0.181114551084,2.04723630062,0.915868871331,0.495356037152,1.95350363977,0.873935838844,0.473684210526,0.797999336576,0.398647920123,2.35,2.00176470588,0.797999336576,2.35,0.224836601307,0.116883116883,6,0.00882352941176,0.169101731602,17,17,17,1,0,0.294117647059,0.470588235294,0.235294117647,1,0.00367647058824,0.119411764706,0.117647058824,-0.19696969697,0.0769230769231,-0.030672370045,-0.0170984847437,-0.0128441134633,-0.0514327453931,-0.0483844741355,-0.0229269517195,0.0748307665129,0.0107618159966,0.0030959752322,0.0118017674839,-0.019019538457,0.1,0.119411764706,0.0118017674839,0.1,0.0584967320261,0.0556586270872,3,0.00441176470588,-0.0168506493506,-0.0588235294118,0.0588235294118,0,37,1,0,234,1,0.995744680851,0.00425531914894,0,0.973684210526,1,0.986666666667,0.984652666406,0.995744680851,0.973684210526,3,2,0,0,0,0
1688,WLNM_dir_neg,1,0.5,00:00:00,10,40,38,1982697611,threshold_sweep,0.5,0.666666666667,1,0.8,2,1,0,3,1,0.75,0.25,0,0.666666666667,1,0.8,0.833333333333,0.5,0.666666666667,0.707106781187,0.75,37,35,2,0,37,0,35,0,2,17,37,0.136029411765,1.88235294118,4.35294117647,3.36363636364,2.84615384615,1.69341284359,0.389027274878,0.193958664547,2.09866904602,0.964253345467,0.518282988871,1.87867287326,0.863174022847,0.470588235294,0.786197569093,0.41766745858,2.25,1.88235294118,0.786197569093,2.25,0.166339869281,0.0612244897959,3,0.00441176470588,0.185952380952,17,17,17,1,0,0.352941176471,0.411764705882,0.235294117647,17,0.128676470588,1.90196078431,4.11764705882,3.18181818182,2.69230769231,1.57648156274,0.382859808093,0.201680672269,2.01465221053,0.978545359402,0.524369747899,1.74894926439,0.849489642704,0.463865546218,0.814492905316,0.428238537847,2.33333333333,1.90196078431,0.814492905316,2.33333333333,0,0,0,0,0.164242424242,17,17,17,1,0,0.352941176471,0.411764705882,0.235294117647,17,38,0.139705882353,2.00176470588,4.47058823529,3.16666666667,2.92307692308,1.66274047354,0.371928790134,0.181114551084,2.04723630062,0.915868871331,0.495356037152,1.95350363977,0.873935838844,0.473684210526,0.797999336576,0.398647920123,2.35,2.00176470588,0.797999336576,2.35,0.224836601307,0.116883116883,6,0.00882352941176,0.169101731602,17,17,17,1,0,0.294117647059,0.470588235294,0.235294117647,1,0.00367647058824,0.119411764706,0.117647058824,-0.19696969697,0.0769230769231,-0.030672370045,-0.0170984847437,-0.0128441134633,-0.0514327453931,-0.0483844741355,-0.0229269517195,0.0748307665129,0.0107618159966,0.0030959752322,0.0118017674839,-0.019019538457,0.1,0.119411764706,0.0118017674839,0.1,0.0584967320261,0.0556586270872,3,0.00441176470588,-0.0168506493506,-0.0588235294118,0.0588235294118,0,37,1,0,234,1,0.995744680851,0.00425531914894,0,0.973684210526,1,0.986666666667,0.984652666406,0.995744680851,0.973684210526,3,2,0,0,0,0
1689,WLNM_dir_neg,1,0.5,00:00:00,10,40,38,1982697611,threshold_sweep,0.6,1,1,1,2,0,0,4,1,1,0,0,1,1,1,1,0.555555555556,1,1,1,37,35,2,0,37,0,35,0,2,17,37,0.136029411765,1.88235294118,4.35294117647,3.36363636364,2.84615384615,1.69341284359,0.389027274878,0.193958664547,2.09866904602,0.964253345467,0.518282988871,1.87867287326,0.863174022847,0.470588235294,0.786197569093,0.41766745858,2.25,1.88235294118,0.786197569093,2.25,0.166339869281,0.0612244897959,3,0.00441176470588,0.185952380952,17,17,17,1,0,0.352941176471,0.411764705882,0.235294117647,17,0.128676470588,1.90196078431,4.11764705882,3.18181818182,2.69230769231,1.57648156274,0.382859808093,0.201680672269,2.01465221053,0.978545359402,0.524369747899,1.74894926439,0.849489642704,0.463865546218,0.814492905316,0.428238537847,2.33333333333,1.90196078431,0.814492905316,2.33333333333,0,0,0,0,0.164242424242,17,17,17,1,0,0.352941176471,0.411764705882,0.235294117647,17,37,0.136029411765,1.88235294118,4.35294117647,3.36363636364,2.84615384615,1.69341284359,0.389027274878,0.193958664547,2.09866904602,0.964253345467,0.518282988871,1.87867287326,0.863174022847,0.470588235294,0.786197569093,0.41766745858,2.25,1.88235294118,0.786197569093,2.25,0.166339869281,0.0612244897959,3,0.00441176470588,0.185952380952,17,17,17,1,0,0.352941176471,0.411764705882,0.235294117647,0,0,0,0,0,0,0,0,0,0,0,0,0,0,0,0,0,0,0,0,0,0,0,0,0,0,0,0,0,37,0,0,235,1,1,0,0,1,1,1,1,1,1,2,2,0,0,0,0
1690,WLNM_dir_neg,1,0.5,00:00:00,10,40,38,1982697611,threshold_sweep,0.7,1,1,1,2,0,0,4,1,1,0,0,1,1,1,1,0.555555555556,1,1,1,37,35,2,0,37,0,35,0,2,17,37,0.136029411765,1.88235294118,4.35294117647,3.36363636364,2.84615384615,1.69341284359,0.389027274878,0.193958664547,2.09866904602,0.964253345467,0.518282988871,1.87867287326,0.863174022847,0.470588235294,0.786197569093,0.41766745858,2.25,1.88235294118,0.786197569093,2.25,0.166339869281,0.0612244897959,3,0.00441176470588,0.185952380952,17,17,17,1,0,0.352941176471,0.411764705882,0.235294117647,17,0.128676470588,1.90196078431,4.11764705882,3.18181818182,2.69230769231,1.57648156274,0.382859808093,0.201680672269,2.01465221053,0.978545359402,0.524369747899,1.74894926439,0.849489642704,0.463865546218,0.814492905316,0.428238537847,2.33333333333,1.90196078431,0.814492905316,2.33333333333,0,0,0,0,0.164242424242,17,17,17,1,0,0.352941176471,0.411764705882,0.235294117647,17,37,0.136029411765,1.88235294118,4.35294117647,3.36363636364,2.84615384615,1.69341284359,0.389027274878,0.193958664547,2.09866904602,0.964253345467,0.518282988871,1.87867287326,0.863174022847,0.470588235294,0.786197569093,0.41766745858,2.25,1.88235294118,0.786197569093,2.25,0.166339869281,0.0612244897959,3,0.00441176470588,0.185952380952,17,17,17,1,0,0.352941176471,0.411764705882,0.235294117647,0,0,0,0,0,0,0,0,0,0,0,0,0,0,0,0,0,0,0,0,0,0,0,0,0,0,0,0,0,37,0,0,235,1,1,0,0,1,1,1,1,1,1,2,2,0,0,0,0
1691,WLNM_dir_neg,1,0.5,00:00:00,10,40,38,1982697611,threshold_sweep,0.8,1,1,1,2,0,0,4,1,1,0,0,1,1,1,1,0.555555555556,1,1,1,37,35,2,0,37,0,35,0,2,17,37,0.136029411765,1.88235294118,4.35294117647,3.36363636364,2.84615384615,1.69341284359,0.389027274878,0.193958664547,2.09866904602,0.964253345467,0.518282988871,1.87867287326,0.863174022847,0.470588235294,0.786197569093,0.41766745858,2.25,1.88235294118,0.786197569093,2.25,0.166339869281,0.0612244897959,3,0.00441176470588,0.185952380952,17,17,17,1,0,0.352941176471,0.411764705882,0.235294117647,17,0.128676470588,1.90196078431,4.11764705882,3.18181818182,2.69230769231,1.57648156274,0.382859808093,0.201680672269,2.01465221053,0.978545359402,0.524369747899,1.74894926439,0.849489642704,0.463865546218,0.814492905316,0.428238537847,2.33333333333,1.90196078431,0.814492905316,2.33333333333,0,0,0,0,0.164242424242,17,17,17,1,0,0.352941176471,0.411764705882,0.235294117647,17,37,0.136029411765,1.88235294118,4.35294117647,3.36363636364,2.84615384615,1.69341284359,0.389027274878,0.193958664547,2.09866904602,0.964253345467,0.518282988871,1.87867287326,0.863174022847,0.470588235294,0.786197569093,0.41766745858,2.25,1.88235294118,0.786197569093,2.25,0.166339869281,0.0612244897959,3,0.00441176470588,0.185952380952,17,17,17,1,0,0.352941176471,0.411764705882,0.235294117647,0,0,0,0,0,0,0,0,0,0,0,0,0,0,0,0,0,0,0,0,0,0,0,0,0,0,0,0,0,37,0,0,235,1,1,0,0,1,1,1,1,1,1,2,2,0,0,0,0
1692,WLNM_dir_neg,1,0.5,00:00:00,10,40,38,1982697611,threshold_sweep,0.9,1,1,1,2,0,0,4,1,1,0,0,1,1,1,1,0.555555555556,1,1,1,37,35,2,0,37,0,35,0,2,17,37,0.136029411765,1.88235294118,4.35294117647,3.36363636364,2.84615384615,1.69341284359,0.389027274878,0.193958664547,2.09866904602,0.964253345467,0.518282988871,1.87867287326,0.863174022847,0.470588235294,0.786197569093,0.41766745858,2.25,1.88235294118,0.786197569093,2.25,0.166339869281,0.0612244897959,3,0.00441176470588,0.185952380952,17,17,17,1,0,0.352941176471,0.411764705882,0.235294117647,17,0.128676470588,1.90196078431,4.11764705882,3.18181818182,2.69230769231,1.57648156274,0.382859808093,0.201680672269,2.01465221053,0.978545359402,0.524369747899,1.74894926439,0.849489642704,0.463865546218,0.814492905316,0.428238537847,2.33333333333,1.90196078431,0.814492905316,2.33333333333,0,0,0,0,0.164242424242,17,17,17,1,0,0.352941176471,0.411764705882,0.235294117647,17,37,0.136029411765,1.88235294118,4.35294117647,3.36363636364,2.84615384615,1.69341284359,0.389027274878,0.193958664547,2.09866904602,0.964253345467,0.518282988871,1.87867287326,0.863174022847,0.470588235294,0.786197569093,0.41766745858,2.25,1.88235294118,0.786197569093,2.25,0.166339869281,0.0612244897959,3,0.00441176470588,0.185952380952,17,17,17,1,0,0.352941176471,0.411764705882,0.235294117647,0,0,0,0,0,0,0,0,0,0,0,0,0,0,0,0,0,0,0,0,0,0,0,0,0,0,0,0,0,37,0,0,235,1,1,0,0,1,1,1,1,1,1,2,2,0,0,0,0
1693,WLNM_dir_neg,1,0.5,00:00:00,10,40,39,1982697612,threshold_sweep,0.1,0.5,1,0.666666666667,2,2,0,2,1,0.5,0.5,0,0.5,1,0.666666666667,0.666666666667,0.444444444444,0.4,0.5,0.5,37,35,2,0,37,0,35,0,2,17,37,0.136029411765,1.88235294118,4.35294117647,3.36363636364,2.84615384615,1.69341284359,0.389027274878,0.193958664547,2.09866904602,0.964253345467,0.518282988871,1.87867287326,0.863174022847,0.470588235294,0.786197569093,0.41766745858,2.25,1.88235294118,0.786197569093,2.25,0.166339869281,0.0612244897959,3,0.00441176470588,0.185952380952,17,17,17,1,0,0.352941176471,0.411764705882,0.235294117647,17,0.128676470588,1.90196078431,4.11764705882,3.18181818182,2.69230769231,1.57648156274,0.382859808093,0.201680672269,2.01465221053,0.978545359402,0.524369747899,1.74894926439,0.849489642704,0.463865546218,0.814492905316,0.428238537847,2.33333333333,1.90196078431,0.814492905316,2.33333333333,0,0,0,0,0.164242424242,17,17,17,1,0,0.352941176471,0.411764705882,0.235294117647,17,39,0.143382352941,1.92757352941,4.58823529412,3.54545454545,2.6,1.66052791039,0.361909929187,0.182503770739,2.11437655948,0.921651320801,0.494720965309,1.75942838311,0.766930320843,0.413273001508,0.841672960931,0.436648951694,2.375,1.92757352941,0.841672960931,2.375,0.197385620915,0.12962962963,7,0.0102941176471,0.176255411255,17,17,17,1,0,0.352941176471,0.529411764706,0.117647058824,2,0.00735294117647,0.0452205882353,0.235294117647,0.181818181818,-0.246153846154,-0.0328849331988,-0.0271173456909,-0.0114548938078,0.0157075134677,-0.0426020246662,-0.023562023562,-0.119244490145,-0.0962437020041,-0.0573152337858,0.0554753918381,0.0189814931135,0.125,0.0452205882353,0.0554753918381,0.125,0.031045751634,0.0684051398337,4,0.00588235294118,-0.00969696969697,0,0.117647058824,-0.117647058824,37,2,0,233,1,0.991489361702,0.00851063829787,0,0.948717948718,1,0.973684210526,0.969867905134,0.991489361702,0.948717948718,4,2,0,0,0,0
1694,WLNM_dir_neg,1,0.5,00:00:00,10,40,39,1982697612,threshold_sweep,0.2,0.5,1,0.666666666667,2,2,0,2,1,0.5,0.5,0,0.5,1,0.666666666667,0.666666666667,0.444444444444,0.4,0.5,0.5,37,35,2,0,37,0,35,0,2,17,37,0.136029411765,1.88235294118,4.35294117647,3.36363636364,2.84615384615,1.69341284359,0.389027274878,0.193958664547,2.09866904602,0.964253345467,0.518282988871,1.87867287326,0.863174022847,0.470588235294,0.786197569093,0.41766745858,2.25,1.88235294118,0.786197569093,2.25,0.166339869281,0.0612244897959,3,0.00441176470588,0.185952380952,17,17,17,1,0,0.352941176471,0.411764705882,0.235294117647,17,0.128676470588,1.90196078431,4.11764705882,3.18181818182,2.69230769231,1.57648156274,0.382859808093,0.201680672269,2.01465221053,0.978545359402,0.524369747899,1.74894926439,0.849489642704,0.463865546218,0.814492905316,0.428238537847,2.33333333333,1.90196078431,0.814492905316,2.33333333333,0,0,0,0,0.164242424242,17,17,17,1,0,0.352941176471,0.411764705882,0.235294117647,17,39,0.143382352941,1.92757352941,4.58823529412,3.54545454545,2.6,1.66052791039,0.361909929187,0.182503770739,2.11437655948,0.921651320801,0.494720965309,1.75942838311,0.766930320843,0.413273001508,0.841672960931,0.436648951694,2.375,1.92757352941,0.841672960931,2.375,0.197385620915,0.12962962963,7,0.0102941176471,0.176255411255,17,17,17,1,0,0.352941176471,0.529411764706,0.117647058824,2,0.00735294117647,0.0452205882353,0.235294117647,0.181818181818,-0.246153846154,-0.0328849331988,-0.0271173456909,-0.0114548938078,0.0157075134677,-0.0426020246662,-0.023562023562,-0.119244490145,-0.0962437020041,-0.0573152337858,0.0554753918381,0.0189814931135,0.125,0.0452205882353,0.0554753918381,0.125,0.031045751634,0.0684051398337,4,0.00588235294118,-0.00969696969697,0,0.117647058824,-0.117647058824,37,2,0,233,1,0.991489361702,0.00851063829787,0,0.948717948718,1,0.973684210526,0.969867905134,0.991489361702,0.948717948718,4,2,0,0,0,0
1695,WLNM_dir_neg,1,0.5,00:00:00,10,40,39,1982697612,threshold_sweep,0.3,0.5,1,0.666666666667,2,2,0,2,1,0.5,0.5,0,0.5,1,0.666666666667,0.666666666667,0.444444444444,0.4,0.5,0.5,37,35,2,0,37,0,35,0,2,17,37,0.136029411765,1.88235294118,4.35294117647,3.36363636364,2.84615384615,1.69341284359,0.389027274878,0.193958664547,2.09866904602,0.964253345467,0.518282988871,1.87867287326,0.863174022847,0.470588235294,0.786197569093,0.41766745858,2.25,1.88235294118,0.786197569093,2.25,0.166339869281,0.0612244897959,3,0.00441176470588,0.185952380952,17,17,17,1,0,0.352941176471,0.411764705882,0.235294117647,17,0.128676470588,1.90196078431,4.11764705882,3.18181818182,2.69230769231,1.57648156274,0.382859808093,0.201680672269,2.01465221053,0.978545359402,0.524369747899,1.74894926439,0.849489642704,0.463865546218,0.814492905316,0.428238537847,2.33333333333,1.90196078431,0.814492905316,2.33333333333,0,0,0,0,0.164242424242,17,17,17,1,0,0.352941176471,0.411764705882,0.235294117647,17,39,0.143382352941,1.92757352941,4.58823529412,3.54545454545,2.6,1.66052791039,0.361909929187,0.182503770739,2.11437655948,0.921651320801,0.494720965309,1.75942838311,0.766930320843,0.413273001508,0.841672960931,0.436648951694,2.375,1.92757352941,0.841672960931,2.375,0.197385620915,0.12962962963,7,0.0102941176471,0.176255411255,17,17,17,1,0,0.352941176471,0.529411764706,0.117647058824,2,0.00735294117647,0.0452205882353,0.235294117647,0.181818181818,-0.246153846154,-0.0328849331988,-0.0271173456909,-0.0114548938078,0.0157075134677,-0.0426020246662,-0.023562023562,-0.119244490145,-0.0962437020041,-0.0573152337858,0.0554753918381,0.0189814931135,0.125,0.0452205882353,0.0554753918381,0.125,0.031045751634,0.0684051398337,4,0.00588235294118,-0.00969696969697,0,0.117647058824,-0.117647058824,37,2,0,233,1,0.991489361702,0.00851063829787,0,0.948717948718,1,0.973684210526,0.969867905134,0.991489361702,0.948717948718,4,2,0,0,0,0
1696,WLNM_dir_neg,1,0.5,00:00:00,10,40,39,1982697612,threshold_sweep,0.4,0.5,1,0.666666666667,2,2,0,2,1,0.5,0.5,0,0.5,1,0.666666666667,0.666666666667,0.444444444444,0.4,0.5,0.5,37,35,2,0,37,0,35,0,2,17,37,0.136029411765,1.88235294118,4.35294117647,3.36363636364,2.84615384615,1.69341284359,0.389027274878,0.193958664547,2.09866904602,0.964253345467,0.518282988871,1.87867287326,0.863174022847,0.470588235294,0.786197569093,0.41766745858,2.25,1.88235294118,0.786197569093,2.25,0.166339869281,0.0612244897959,3,0.00441176470588,0.185952380952,17,17,17,1,0,0.352941176471,0.411764705882,0.235294117647,17,0.128676470588,1.90196078431,4.11764705882,3.18181818182,2.69230769231,1.57648156274,0.382859808093,0.201680672269,2.01465221053,0.978545359402,0.524369747899,1.74894926439,0.849489642704,0.463865546218,0.814492905316,0.428238537847,2.33333333333,1.90196078431,0.814492905316,2.33333333333,0,0,0,0,0.164242424242,17,17,17,1,0,0.352941176471,0.411764705882,0.235294117647,17,39,0.143382352941,1.92757352941,4.58823529412,3.54545454545,2.6,1.66052791039,0.361909929187,0.182503770739,2.11437655948,0.921651320801,0.494720965309,1.75942838311,0.766930320843,0.413273001508,0.841672960931,0.436648951694,2.375,1.92757352941,0.841672960931,2.375,0.197385620915,0.12962962963,7,0.0102941176471,0.176255411255,17,17,17,1,0,0.352941176471,0.529411764706,0.117647058824,2,0.00735294117647,0.0452205882353,0.235294117647,0.181818181818,-0.246153846154,-0.0328849331988,-0.0271173456909,-0.0114548938078,0.0157075134677,-0.0426020246662,-0.023562023562,-0.119244490145,-0.0962437020041,-0.0573152337858,0.0554753918381,0.0189814931135,0.125,0.0452205882353,0.0554753918381,0.125,0.031045751634,0.0684051398337,4,0.00588235294118,-0.00969696969697,0,0.117647058824,-0.117647058824,37,2,0,233,1,0.991489361702,0.00851063829787,0,0.948717948718,1,0.973684210526,0.969867905134,0.991489361702,0.948717948718,4,2,0,0,0,0
1697,WLNM_dir_neg,1,0.5,00:00:00,10,40,39,1982697612,threshold_sweep,0.5,0.666666666667,1,0.8,2,1,0,3,1,0.75,0.25,0,0.666666666667,1,0.8,0.833333333333,0.5,0.666666666667,0.707106781187,0.75,37,35,2,0,37,0,35,0,2,17,37,0.136029411765,1.88235294118,4.35294117647,3.36363636364,2.84615384615,1.69341284359,0.389027274878,0.193958664547,2.09866904602,0.964253345467,0.518282988871,1.87867287326,0.863174022847,0.470588235294,0.786197569093,0.41766745858,2.25,1.88235294118,0.786197569093,2.25,0.166339869281,0.0612244897959,3,0.00441176470588,0.185952380952,17,17,17,1,0,0.352941176471,0.411764705882,0.235294117647,17,0.128676470588,1.90196078431,4.11764705882,3.18181818182,2.69230769231,1.57648156274,0.382859808093,0.201680672269,2.01465221053,0.978545359402,0.524369747899,1.74894926439,0.849489642704,0.463865546218,0.814492905316,0.428238537847,2.33333333333,1.90196078431,0.814492905316,2.33333333333,0,0,0,0,0.164242424242,17,17,17,1,0,0.352941176471,0.411764705882,0.235294117647,17,38,0.139705882353,1.9,4.47058823529,3.45454545455,2.71428571429,1.73629084037,0.388380845872,0.198142414861,2.1368613597,0.955964292498,0.510835913313,1.82103719638,0.814674535221,0.442724458204,0.795298686029,0.418578255805,2.25,1.9,0.795298686029,2.25,0.217320261438,0.115384615385,6,0.00882352941176,0.17867965368,17,17,17,1,0,0.352941176471,0.470588235294,0.176470588235,1,0.00367647058824,0.0176470588235,0.117647058824,0.0909090909091,-0.131868131868,0.0428779967836,-0.000646429005719,0.00418375031378,0.0381923136861,-0.00828905296849,-0.00744707555853,-0.0576356768785,-0.0484994876259,-0.0278637770898,0.00910111693678,0.000910797224492,0,0.0176470588235,0.00910111693678,0,0.0509803921569,0.0541601255887,3,0.00441176470588,-0.00727272727273,0,0.0588235294118,-0.0588235294118,37,1,0,234,1,0.995744680851,0.00425531914894,0,0.973684210526,1,0.986666666667,0.984652666406,0.995744680851,0.973684210526,3,2,0,0,0,0
1698,WLNM_dir_neg,1,0.5,00:00:00,10,40,39,1982697612,threshold_sweep,0.6,0.666666666667,1,0.8,2,1,0,3,1,0.75,0.25,0,0.666666666667,1,0.8,0.833333333333,0.5,0.666666666667,0.707106781187,0.75,37,35,2,0,37,0,35,0,2,17,37,0.136029411765,1.88235294118,4.35294117647,3.36363636364,2.84615384615,1.69341284359,0.389027274878,0.193958664547,2.09866904602,0.964253345467,0.518282988871,1.87867287326,0.863174022847,0.470588235294,0.786197569093,0.41766745858,2.25,1.88235294118,0.786197569093,2.25,0.166339869281,0.0612244897959,3,0.00441176470588,0.185952380952,17,17,17,1,0,0.352941176471,0.411764705882,0.235294117647,17,0.128676470588,1.90196078431,4.11764705882,3.18181818182,2.69230769231,1.57648156274,0.382859808093,0.201680672269,2.01465221053,0.978545359402,0.524369747899,1.74894926439,0.849489642704,0.463865546218,0.814492905316,0.428238537847,2.33333333333,1.90196078431,0.814492905316,2.33333333333,0,0,0,0,0.164242424242,17,17,17,1,0,0.352941176471,0.411764705882,0.235294117647,17,38,0.139705882353,1.9,4.47058823529,3.45454545455,2.71428571429,1.73629084037,0.388380845872,0.198142414861,2.1368613597,0.955964292498,0.510835913313,1.82103719638,0.814674535221,0.442724458204,0.795298686029,0.418578255805,2.25,1.9,0.795298686029,2.25,0.217320261438,0.115384615385,6,0.00882352941176,0.17867965368,17,17,17,1,0,0.352941176471,0.470588235294,0.176470588235,1,0.00367647058824,0.0176470588235,0.117647058824,0.0909090909091,-0.131868131868,0.0428779967836,-0.000646429005719,0.00418375031378,0.0381923136861,-0.00828905296849,-0.00744707555853,-0.0576356768785,-0.0484994876259,-0.0278637770898,0.00910111693678,0.000910797224492,0,0.0176470588235,0.00910111693678,0,0.0509803921569,0.0541601255887,3,0.00441176470588,-0.00727272727273,0,0.0588235294118,-0.0588235294118,37,1,0,234,1,0.995744680851,0.00425531914894,0,0.973684210526,1,0.986666666667,0.984652666406,0.995744680851,0.973684210526,3,2,0,0,0,0
1699,WLNM_dir_neg,1,0.5,00:00:00,10,40,39,1982697612,threshold_sweep,0.7,0.666666666667,1,0.8,2,1,0,3,1,0.75,0.25,0,0.666666666667,1,0.8,0.833333333333,0.5,0.666666666667,0.707106781187,0.75,37,35,2,0,37,0,35,0,2,17,37,0.136029411765,1.88235294118,4.35294117647,3.36363636364,2.84615384615,1.69341284359,0.389027274878,0.193958664547,2.09866904602,0.964253345467,0.518282988871,1.87867287326,0.863174022847,0.470588235294,0.786197569093,0.41766745858,2.25,1.88235294118,0.786197569093,2.25,0.166339869281,0.0612244897959,3,0.00441176470588,0.185952380952,17,17,17,1,0,0.352941176471,0.411764705882,0.235294117647,17,0.128676470588,1.90196078431,4.11764705882,3.18181818182,2.69230769231,1.57648156274,0.382859808093,0.201680672269,2.01465221053,0.978545359402,0.524369747899,1.74894926439,0.849489642704,0.463865546218,0.814492905316,0.428238537847,2.33333333333,1.90196078431,0.814492905316,2.33333333333,0,0,0,0,0.164242424242,17,17,17,1,0,0.352941176471,0.411764705882,0.235294117647,17,38,0.139705882353,1.9,4.47058823529,3.45454545455,2.71428571429,1.73629084037,0.388380845872,0.198142414861,2.1368613597,0.955964292498,0.510835913313,1.82103719638,0.814674535221,0.442724458204,0.795298686029,0.418578255805,2.25,1.9,0.795298686029,2.25,0.217320261438,0.115384615385,6,0.00882352941176,0.17867965368,17,17,17,1,0,0.352941176471,0.470588235294,0.176470588235,1,0.00367647058824,0.0176470588235,0.117647058824,0.0909090909091,-0.131868131868,0.0428779967836,-0.000646429005719,0.00418375031378,0.0381923136861,-0.00828905296849,-0.00744707555853,-0.0576356768785,-0.0484994876259,-0.0278637770898,0.00910111693678,0.000910797224492,0,0.0176470588235,0.00910111693678,0,0.0509803921569,0.0541601255887,3,0.00441176470588,-0.00727272727273,0,0.0588235294118,-0.0588235294118,37,1,0,234,1,0.995744680851,0.00425531914894,0,0.973684210526,1,0.986666666667,0.984652666406,0.995744680851,0.973684210526,3,2,0,0,0,0
1700,WLNM_dir_neg,1,0.5,00:00:00,10,40,39,1982697612,threshold_sweep,0.8,0.666666666667,1,0.8,2,1,0,3,1,0.75,0.25,0,0.666666666667,1,0.8,0.833333333333,0.5,0.666666666667,0.707106781187,0.75,37,35,2,0,37,0,35,0,2,17,37,0.136029411765,1.88235294118,4.35294117647,3.36363636364,2.84615384615,1.69341284359,0.389027274878,0.193958664547,2.09866904602,0.964253345467,0.518282988871,1.87867287326,0.863174022847,0.470588235294,0.786197569093,0.41766745858,2.25,1.88235294118,0.786197569093,2.25,0.166339869281,0.0612244897959,3,0.00441176470588,0.185952380952,17,17,17,1,0,0.352941176471,0.411764705882,0.235294117647,17,0.128676470588,1.90196078431,4.11764705882,3.18181818182,2.69230769231,1.57648156274,0.382859808093,0.201680672269,2.01465221053,0.978545359402,0.524369747899,1.74894926439,0.849489642704,0.463865546218,0.814492905316,0.428238537847,2.33333333333,1.90196078431,0.814492905316,2.33333333333,0,0,0,0,0.164242424242,17,17,17,1,0,0.352941176471,0.411764705882,0.235294117647,17,38,0.139705882353,1.9,4.47058823529,3.45454545455,2.71428571429,1.73629084037,0.388380845872,0.198142414861,2.1368613597,0.955964292498,0.510835913313,1.82103719638,0.814674535221,0.442724458204,0.795298686029,0.418578255805,2.25,1.9,0.795298686029,2.25,0.217320261438,0.115384615385,6,0.00882352941176,0.17867965368,17,17,17,1,0,0.352941176471,0.470588235294,0.176470588235,1,0.00367647058824,0.0176470588235,0.117647058824,0.0909090909091,-0.131868131868,0.0428779967836,-0.000646429005719,0.00418375031378,0.0381923136861,-0.00828905296849,-0.00744707555853,-0.0576356768785,-0.0484994876259,-0.0278637770898,0.00910111693678,0.000910797224492,0,0.0176470588235,0.00910111693678,0,0.0509803921569,0.0541601255887,3,0.00441176470588,-0.00727272727273,0,0.0588235294118,-0.0588235294118,37,1,0,234,1,0.995744680851,0.00425531914894,0,0.973684210526,1,0.986666666667,0.984652666406,0.995744680851,0.973684210526,3,2,0,0,0,0
1701,WLNM_dir_neg,1,0.5,00:00:00,10,40,39,1982697612,threshold_sweep,0.9,0.666666666667,1,0.8,2,1,0,3,1,0.75,0.25,0,0.666666666667,1,0.8,0.833333333333,0.5,0.666666666667,0.707106781187,0.75,37,35,2,0,37,0,35,0,2,17,37,0.136029411765,1.88235294118,4.35294117647,3.36363636364,2.84615384615,1.69341284359,0.389027274878,0.193958664547,2.09866904602,0.964253345467,0.518282988871,1.87867287326,0.863174022847,0.470588235294,0.786197569093,0.41766745858,2.25,1.88235294118,0.786197569093,2.25,0.166339869281,0.0612244897959,3,0.00441176470588,0.185952380952,17,17,17,1,0,0.352941176471,0.411764705882,0.235294117647,17,0.128676470588,1.90196078431,4.11764705882,3.18181818182,2.69230769231,1.57648156274,0.382859808093,0.201680672269,2.01465221053,0.978545359402,0.524369747899,1.74894926439,0.849489642704,0.463865546218,0.814492905316,0.428238537847,2.33333333333,1.90196078431,0.814492905316,2.33333333333,0,0,0,0,0.164242424242,17,17,17,1,0,0.352941176471,0.411764705882,0.235294117647,17,38,0.139705882353,1.9,4.47058823529,3.45454545455,2.71428571429,1.73629084037,0.388380845872,0.198142414861,2.1368613597,0.955964292498,0.510835913313,1.82103719638,0.814674535221,0.442724458204,0.795298686029,0.418578255805,2.25,1.9,0.795298686029,2.25,0.217320261438,0.115384615385,6,0.00882352941176,0.17867965368,17,17,17,1,0,0.352941176471,0.470588235294,0.176470588235,1,0.00367647058824,0.0176470588235,0.117647058824,0.0909090909091,-0.131868131868,0.0428779967836,-0.000646429005719,0.00418375031378,0.0381923136861,-0.00828905296849,-0.00744707555853,-0.0576356768785,-0.0484994876259,-0.0278637770898,0.00910111693678,0.000910797224492,0,0.0176470588235,0.00910111693678,0,0.0509803921569,0.0541601255887,3,0.00441176470588,-0.00727272727273,0,0.0588235294118,-0.0588235294118,37,1,0,234,1,0.995744680851,0.00425531914894,0,0.973684210526,1,0.986666666667,0.984652666406,0.995744680851,0.973684210526,3,2,0,0,0,0
1702,WLNM_dir_neg,1,0.5,00:00:00,10,40,40,1982697613,threshold_sweep,0.1,1,1,1,2,0,0,4,1,1,0,0,1,1,1,1,0.555555555556,1,1,1,37,35,2,0,37,0,35,0,2,17,37,0.136029411765,1.88235294118,4.35294117647,3.36363636364,2.84615384615,1.69341284359,0.389027274878,0.193958664547,2.09866904602,0.964253345467,0.518282988871,1.87867287326,0.863174022847,0.470588235294,0.786197569093,0.41766745858,2.25,1.88235294118,0.786197569093,2.25,0.166339869281,0.0612244897959,3,0.00441176470588,0.185952380952,17,17,17,1,0,0.352941176471,0.411764705882,0.235294117647,17,0.128676470588,1.90196078431,4.11764705882,3.18181818182,2.69230769231,1.57648156274,0.382859808093,0.201680672269,2.01465221053,0.978545359402,0.524369747899,1.74894926439,0.849489642704,0.463865546218,0.814492905316,0.428238537847,2.33333333333,1.90196078431,0.814492905316,2.33333333333,0,0,0,0,0.164242424242,17,17,17,1,0,0.352941176471,0.411764705882,0.235294117647,17,37,0.136029411765,1.88235294118,4.35294117647,3.36363636364,2.84615384615,1.69341284359,0.389027274878,0.193958664547,2.09866904602,0.964253345467,0.518282988871,1.87867287326,0.863174022847,0.470588235294,0.786197569093,0.41766745858,2.25,1.88235294118,0.786197569093,2.25,0.166339869281,0.0612244897959,3,0.00441176470588,0.185952380952,17,17,17,1,0,0.352941176471,0.411764705882,0.235294117647,0,0,0,0,0,0,0,0,0,0,0,0,0,0,0,0,0,0,0,0,0,0,0,0,0,0,0,0,0,37,0,0,235,1,1,0,0,1,1,1,1,1,1,2,2,0,0,0,0
1703,WLNM_dir_neg,1,0.5,00:00:00,10,40,40,1982697613,threshold_sweep,0.2,1,1,1,2,0,0,4,1,1,0,0,1,1,1,1,0.555555555556,1,1,1,37,35,2,0,37,0,35,0,2,17,37,0.136029411765,1.88235294118,4.35294117647,3.36363636364,2.84615384615,1.69341284359,0.389027274878,0.193958664547,2.09866904602,0.964253345467,0.518282988871,1.87867287326,0.863174022847,0.470588235294,0.786197569093,0.41766745858,2.25,1.88235294118,0.786197569093,2.25,0.166339869281,0.0612244897959,3,0.00441176470588,0.185952380952,17,17,17,1,0,0.352941176471,0.411764705882,0.235294117647,17,0.128676470588,1.90196078431,4.11764705882,3.18181818182,2.69230769231,1.57648156274,0.382859808093,0.201680672269,2.01465221053,0.978545359402,0.524369747899,1.74894926439,0.849489642704,0.463865546218,0.814492905316,0.428238537847,2.33333333333,1.90196078431,0.814492905316,2.33333333333,0,0,0,0,0.164242424242,17,17,17,1,0,0.352941176471,0.411764705882,0.235294117647,17,37,0.136029411765,1.88235294118,4.35294117647,3.36363636364,2.84615384615,1.69341284359,0.389027274878,0.193958664547,2.09866904602,0.964253345467,0.518282988871,1.87867287326,0.863174022847,0.470588235294,0.786197569093,0.41766745858,2.25,1.88235294118,0.786197569093,2.25,0.166339869281,0.0612244897959,3,0.00441176470588,0.185952380952,17,17,17,1,0,0.352941176471,0.411764705882,0.235294117647,0,0,0,0,0,0,0,0,0,0,0,0,0,0,0,0,0,0,0,0,0,0,0,0,0,0,0,0,0,37,0,0,235,1,1,0,0,1,1,1,1,1,1,2,2,0,0,0,0
1704,WLNM_dir_neg,1,0.5,00:00:00,10,40,40,1982697613,threshold_sweep,0.3,1,1,1,2,0,0,4,1,1,0,0,1,1,1,1,0.555555555556,1,1,1,37,35,2,0,37,0,35,0,2,17,37,0.136029411765,1.88235294118,4.35294117647,3.36363636364,2.84615384615,1.69341284359,0.389027274878,0.193958664547,2.09866904602,0.964253345467,0.518282988871,1.87867287326,0.863174022847,0.470588235294,0.786197569093,0.41766745858,2.25,1.88235294118,0.786197569093,2.25,0.166339869281,0.0612244897959,3,0.00441176470588,0.185952380952,17,17,17,1,0,0.352941176471,0.411764705882,0.235294117647,17,0.128676470588,1.90196078431,4.11764705882,3.18181818182,2.69230769231,1.57648156274,0.382859808093,0.201680672269,2.01465221053,0.978545359402,0.524369747899,1.74894926439,0.849489642704,0.463865546218,0.814492905316,0.428238537847,2.33333333333,1.90196078431,0.814492905316,2.33333333333,0,0,0,0,0.164242424242,17,17,17,1,0,0.352941176471,0.411764705882,0.235294117647,17,37,0.136029411765,1.88235294118,4.35294117647,3.36363636364,2.84615384615,1.69341284359,0.389027274878,0.193958664547,2.09866904602,0.964253345467,0.518282988871,1.87867287326,0.863174022847,0.470588235294,0.786197569093,0.41766745858,2.25,1.88235294118,0.786197569093,2.25,0.166339869281,0.0612244897959,3,0.00441176470588,0.185952380952,17,17,17,1,0,0.352941176471,0.411764705882,0.235294117647,0,0,0,0,0,0,0,0,0,0,0,0,0,0,0,0,0,0,0,0,0,0,0,0,0,0,0,0,0,37,0,0,235,1,1,0,0,1,1,1,1,1,1,2,2,0,0,0,0
1705,WLNM_dir_neg,1,0.5,00:00:00,10,40,40,1982697613,threshold_sweep,0.4,1,1,1,2,0,0,4,1,1,0,0,1,1,1,1,0.555555555556,1,1,1,37,35,2,0,37,0,35,0,2,17,37,0.136029411765,1.88235294118,4.35294117647,3.36363636364,2.84615384615,1.69341284359,0.389027274878,0.193958664547,2.09866904602,0.964253345467,0.518282988871,1.87867287326,0.863174022847,0.470588235294,0.786197569093,0.41766745858,2.25,1.88235294118,0.786197569093,2.25,0.166339869281,0.0612244897959,3,0.00441176470588,0.185952380952,17,17,17,1,0,0.352941176471,0.411764705882,0.235294117647,17,0.128676470588,1.90196078431,4.11764705882,3.18181818182,2.69230769231,1.57648156274,0.382859808093,0.201680672269,2.01465221053,0.978545359402,0.524369747899,1.74894926439,0.849489642704,0.463865546218,0.814492905316,0.428238537847,2.33333333333,1.90196078431,0.814492905316,2.33333333333,0,0,0,0,0.164242424242,17,17,17,1,0,0.352941176471,0.411764705882,0.235294117647,17,37,0.136029411765,1.88235294118,4.35294117647,3.36363636364,2.84615384615,1.69341284359,0.389027274878,0.193958664547,2.09866904602,0.964253345467,0.518282988871,1.87867287326,0.863174022847,0.470588235294,0.786197569093,0.41766745858,2.25,1.88235294118,0.786197569093,2.25,0.166339869281,0.0612244897959,3,0.00441176470588,0.185952380952,17,17,17,1,0,0.352941176471,0.411764705882,0.235294117647,0,0,0,0,0,0,0,0,0,0,0,0,0,0,0,0,0,0,0,0,0,0,0,0,0,0,0,0,0,37,0,0,235,1,1,0,0,1,1,1,1,1,1,2,2,0,0,0,0
1706,WLNM_dir_neg,1,0.5,00:00:00,10,40,40,1982697613,threshold_sweep,0.5,1,1,1,2,0,0,4,1,1,0,0,1,1,1,1,0.555555555556,1,1,1,37,35,2,0,37,0,35,0,2,17,37,0.136029411765,1.88235294118,4.35294117647,3.36363636364,2.84615384615,1.69341284359,0.389027274878,0.193958664547,2.09866904602,0.964253345467,0.518282988871,1.87867287326,0.863174022847,0.470588235294,0.786197569093,0.41766745858,2.25,1.88235294118,0.786197569093,2.25,0.166339869281,0.0612244897959,3,0.00441176470588,0.185952380952,17,17,17,1,0,0.352941176471,0.411764705882,0.235294117647,17,0.128676470588,1.90196078431,4.11764705882,3.18181818182,2.69230769231,1.57648156274,0.382859808093,0.201680672269,2.01465221053,0.978545359402,0.524369747899,1.74894926439,0.849489642704,0.463865546218,0.814492905316,0.428238537847,2.33333333333,1.90196078431,0.814492905316,2.33333333333,0,0,0,0,0.164242424242,17,17,17,1,0,0.352941176471,0.411764705882,0.235294117647,17,37,0.136029411765,1.88235294118,4.35294117647,3.36363636364,2.84615384615,1.69341284359,0.389027274878,0.193958664547,2.09866904602,0.964253345467,0.518282988871,1.87867287326,0.863174022847,0.470588235294,0.786197569093,0.41766745858,2.25,1.88235294118,0.786197569093,2.25,0.166339869281,0.0612244897959,3,0.00441176470588,0.185952380952,17,17,17,1,0,0.352941176471,0.411764705882,0.235294117647,0,0,0,0,0,0,0,0,0,0,0,0,0,0,0,0,0,0,0,0,0,0,0,0,0,0,0,0,0,37,0,0,235,1,1,0,0,1,1,1,1,1,1,2,2,0,0,0,0
1707,WLNM_dir_neg,1,0.5,00:00:00,10,40,40,1982697613,threshold_sweep,0.6,1,1,1,2,0,0,4,1,1,0,0,1,1,1,1,0.555555555556,1,1,1,37,35,2,0,37,0,35,0,2,17,37,0.136029411765,1.88235294118,4.35294117647,3.36363636364,2.84615384615,1.69341284359,0.389027274878,0.193958664547,2.09866904602,0.964253345467,0.518282988871,1.87867287326,0.863174022847,0.470588235294,0.786197569093,0.41766745858,2.25,1.88235294118,0.786197569093,2.25,0.166339869281,0.0612244897959,3,0.00441176470588,0.185952380952,17,17,17,1,0,0.352941176471,0.411764705882,0.235294117647,17,0.128676470588,1.90196078431,4.11764705882,3.18181818182,2.69230769231,1.57648156274,0.382859808093,0.201680672269,2.01465221053,0.978545359402,0.524369747899,1.74894926439,0.849489642704,0.463865546218,0.814492905316,0.428238537847,2.33333333333,1.90196078431,0.814492905316,2.33333333333,0,0,0,0,0.164242424242,17,17,17,1,0,0.352941176471,0.411764705882,0.235294117647,17,37,0.136029411765,1.88235294118,4.35294117647,3.36363636364,2.84615384615,1.69341284359,0.389027274878,0.193958664547,2.09866904602,0.964253345467,0.518282988871,1.87867287326,0.863174022847,0.470588235294,0.786197569093,0.41766745858,2.25,1.88235294118,0.786197569093,2.25,0.166339869281,0.0612244897959,3,0.00441176470588,0.185952380952,17,17,17,1,0,0.352941176471,0.411764705882,0.235294117647,0,0,0,0,0,0,0,0,0,0,0,0,0,0,0,0,0,0,0,0,0,0,0,0,0,0,0,0,0,37,0,0,235,1,1,0,0,1,1,1,1,1,1,2,2,0,0,0,0
1708,WLNM_dir_neg,1,0.5,00:00:00,10,40,40,1982697613,threshold_sweep,0.7,1,1,1,2,0,0,4,1,1,0,0,1,1,1,1,0.555555555556,1,1,1,37,35,2,0,37,0,35,0,2,17,37,0.136029411765,1.88235294118,4.35294117647,3.36363636364,2.84615384615,1.69341284359,0.389027274878,0.193958664547,2.09866904602,0.964253345467,0.518282988871,1.87867287326,0.863174022847,0.470588235294,0.786197569093,0.41766745858,2.25,1.88235294118,0.786197569093,2.25,0.166339869281,0.0612244897959,3,0.00441176470588,0.185952380952,17,17,17,1,0,0.352941176471,0.411764705882,0.235294117647,17,0.128676470588,1.90196078431,4.11764705882,3.18181818182,2.69230769231,1.57648156274,0.382859808093,0.201680672269,2.01465221053,0.978545359402,0.524369747899,1.74894926439,0.849489642704,0.463865546218,0.814492905316,0.428238537847,2.33333333333,1.90196078431,0.814492905316,2.33333333333,0,0,0,0,0.164242424242,17,17,17,1,0,0.352941176471,0.411764705882,0.235294117647,17,37,0.136029411765,1.88235294118,4.35294117647,3.36363636364,2.84615384615,1.69341284359,0.389027274878,0.193958664547,2.09866904602,0.964253345467,0.518282988871,1.87867287326,0.863174022847,0.470588235294,0.786197569093,0.41766745858,2.25,1.88235294118,0.786197569093,2.25,0.166339869281,0.0612244897959,3,0.00441176470588,0.185952380952,17,17,17,1,0,0.352941176471,0.411764705882,0.235294117647,0,0,0,0,0,0,0,0,0,0,0,0,0,0,0,0,0,0,0,0,0,0,0,0,0,0,0,0,0,37,0,0,235,1,1,0,0,1,1,1,1,1,1,2,2,0,0,0,0
1709,WLNM_dir_neg,1,0.5,00:00:00,10,40,40,1982697613,threshold_sweep,0.8,1,1,1,2,0,0,4,1,1,0,0,1,1,1,1,0.555555555556,1,1,1,37,35,2,0,37,0,35,0,2,17,37,0.136029411765,1.88235294118,4.35294117647,3.36363636364,2.84615384615,1.69341284359,0.389027274878,0.193958664547,2.09866904602,0.964253345467,0.518282988871,1.87867287326,0.863174022847,0.470588235294,0.786197569093,0.41766745858,2.25,1.88235294118,0.786197569093,2.25,0.166339869281,0.0612244897959,3,0.00441176470588,0.185952380952,17,17,17,1,0,0.352941176471,0.411764705882,0.235294117647,17,0.128676470588,1.90196078431,4.11764705882,3.18181818182,2.69230769231,1.57648156274,0.382859808093,0.201680672269,2.01465221053,0.978545359402,0.524369747899,1.74894926439,0.849489642704,0.463865546218,0.814492905316,0.428238537847,2.33333333333,1.90196078431,0.814492905316,2.33333333333,0,0,0,0,0.164242424242,17,17,17,1,0,0.352941176471,0.411764705882,0.235294117647,17,37,0.136029411765,1.88235294118,4.35294117647,3.36363636364,2.84615384615,1.69341284359,0.389027274878,0.193958664547,2.09866904602,0.964253345467,0.518282988871,1.87867287326,0.863174022847,0.470588235294,0.786197569093,0.41766745858,2.25,1.88235294118,0.786197569093,2.25,0.166339869281,0.0612244897959,3,0.00441176470588,0.185952380952,17,17,17,1,0,0.352941176471,0.411764705882,0.235294117647,0,0,0,0,0,0,0,0,0,0,0,0,0,0,0,0,0,0,0,0,0,0,0,0,0,0,0,0,0,37,0,0,235,1,1,0,0,1,1,1,1,1,1,2,2,0,0,0,0
1710,WLNM_dir_neg,1,0.5,00:00:00,10,40,40,1982697613,threshold_sweep,0.9,1,1,1,2,0,0,4,1,1,0,0,1,1,1,1,0.555555555556,1,1,1,37,35,2,0,37,0,35,0,2,17,37,0.136029411765,1.88235294118,4.35294117647,3.36363636364,2.84615384615,1.69341284359,0.389027274878,0.193958664547,2.09866904602,0.964253345467,0.518282988871,1.87867287326,0.863174022847,0.470588235294,0.786197569093,0.41766745858,2.25,1.88235294118,0.786197569093,2.25,0.166339869281,0.0612244897959,3,0.00441176470588,0.185952380952,17,17,17,1,0,0.352941176471,0.411764705882,0.235294117647,17,0.128676470588,1.90196078431,4.11764705882,3.18181818182,2.69230769231,1.57648156274,0.382859808093,0.201680672269,2.01465221053,0.978545359402,0.524369747899,1.74894926439,0.849489642704,0.463865546218,0.814492905316,0.428238537847,2.33333333333,1.90196078431,0.814492905316,2.33333333333,0,0,0,0,0.164242424242,17,17,17,1,0,0.352941176471,0.411764705882,0.235294117647,17,37,0.136029411765,1.88235294118,4.35294117647,3.36363636364,2.84615384615,1.69341284359,0.389027274878,0.193958664547,2.09866904602,0.964253345467,0.518282988871,1.87867287326,0.863174022847,0.470588235294,0.786197569093,0.41766745858,2.25,1.88235294118,0.786197569093,2.25,0.166339869281,0.0612244897959,3,0.00441176470588,0.185952380952,17,17,17,1,0,0.352941176471,0.411764705882,0.235294117647,0,0,0,0,0,0,0,0,0,0,0,0,0,0,0,0,0,0,0,0,0,0,0,0,0,0,0,0,0,37,0,0,235,1,1,0,0,1,1,1,1,1,1,2,2,0,0,0,0
1711,WLNM_dir_neg,1,0.5,00:00:00,10,40,41,1982697614,threshold_sweep,0.1,1,1,1,2,0,0,4,1,1,0,0,1,1,1,1,0.555555555556,1,1,1,37,35,2,0,37,0,35,0,2,17,37,0.136029411765,1.88235294118,4.35294117647,3.36363636364,2.84615384615,1.69341284359,0.389027274878,0.193958664547,2.09866904602,0.964253345467,0.518282988871,1.87867287326,0.863174022847,0.470588235294,0.786197569093,0.41766745858,2.25,1.88235294118,0.786197569093,2.25,0.166339869281,0.0612244897959,3,0.00441176470588,0.185952380952,17,17,17,1,0,0.352941176471,0.411764705882,0.235294117647,17,0.128676470588,1.90196078431,4.11764705882,3.18181818182,2.69230769231,1.57648156274,0.382859808093,0.201680672269,2.01465221053,0.978545359402,0.524369747899,1.74894926439,0.849489642704,0.463865546218,0.814492905316,0.428238537847,2.33333333333,1.90196078431,0.814492905316,2.33333333333,0,0,0,0,0.164242424242,17,17,17,1,0,0.352941176471,0.411764705882,0.235294117647,17,37,0.136029411765,1.88235294118,4.35294117647,3.36363636364,2.84615384615,1.69341284359,0.389027274878,0.193958664547,2.09866904602,0.964253345467,0.518282988871,1.87867287326,0.863174022847,0.470588235294,0.786197569093,0.41766745858,2.25,1.88235294118,0.786197569093,2.25,0.166339869281,0.0612244897959,3,0.00441176470588,0.185952380952,17,17,17,1,0,0.352941176471,0.411764705882,0.235294117647,0,0,0,0,0,0,0,0,0,0,0,0,0,0,0,0,0,0,0,0,0,0,0,0,0,0,0,0,0,37,0,0,235,1,1,0,0,1,1,1,1,1,1,2,2,0,0,0,0
1712,WLNM_dir_neg,1,0.5,00:00:00,10,40,41,1982697614,threshold_sweep,0.2,1,1,1,2,0,0,4,1,1,0,0,1,1,1,1,0.555555555556,1,1,1,37,35,2,0,37,0,35,0,2,17,37,0.136029411765,1.88235294118,4.35294117647,3.36363636364,2.84615384615,1.69341284359,0.389027274878,0.193958664547,2.09866904602,0.964253345467,0.518282988871,1.87867287326,0.863174022847,0.470588235294,0.786197569093,0.41766745858,2.25,1.88235294118,0.786197569093,2.25,0.166339869281,0.0612244897959,3,0.00441176470588,0.185952380952,17,17,17,1,0,0.352941176471,0.411764705882,0.235294117647,17,0.128676470588,1.90196078431,4.11764705882,3.18181818182,2.69230769231,1.57648156274,0.382859808093,0.201680672269,2.01465221053,0.978545359402,0.524369747899,1.74894926439,0.849489642704,0.463865546218,0.814492905316,0.428238537847,2.33333333333,1.90196078431,0.814492905316,2.33333333333,0,0,0,0,0.164242424242,17,17,17,1,0,0.352941176471,0.411764705882,0.235294117647,17,37,0.136029411765,1.88235294118,4.35294117647,3.36363636364,2.84615384615,1.69341284359,0.389027274878,0.193958664547,2.09866904602,0.964253345467,0.518282988871,1.87867287326,0.863174022847,0.470588235294,0.786197569093,0.41766745858,2.25,1.88235294118,0.786197569093,2.25,0.166339869281,0.0612244897959,3,0.00441176470588,0.185952380952,17,17,17,1,0,0.352941176471,0.411764705882,0.235294117647,0,0,0,0,0,0,0,0,0,0,0,0,0,0,0,0,0,0,0,0,0,0,0,0,0,0,0,0,0,37,0,0,235,1,1,0,0,1,1,1,1,1,1,2,2,0,0,0,0
1713,WLNM_dir_neg,1,0.5,00:00:00,10,40,41,1982697614,threshold_sweep,0.3,1,1,1,2,0,0,4,1,1,0,0,1,1,1,1,0.555555555556,1,1,1,37,35,2,0,37,0,35,0,2,17,37,0.136029411765,1.88235294118,4.35294117647,3.36363636364,2.84615384615,1.69341284359,0.389027274878,0.193958664547,2.09866904602,0.964253345467,0.518282988871,1.87867287326,0.863174022847,0.470588235294,0.786197569093,0.41766745858,2.25,1.88235294118,0.786197569093,2.25,0.166339869281,0.0612244897959,3,0.00441176470588,0.185952380952,17,17,17,1,0,0.352941176471,0.411764705882,0.235294117647,17,0.128676470588,1.90196078431,4.11764705882,3.18181818182,2.69230769231,1.57648156274,0.382859808093,0.201680672269,2.01465221053,0.978545359402,0.524369747899,1.74894926439,0.849489642704,0.463865546218,0.814492905316,0.428238537847,2.33333333333,1.90196078431,0.814492905316,2.33333333333,0,0,0,0,0.164242424242,17,17,17,1,0,0.352941176471,0.411764705882,0.235294117647,17,37,0.136029411765,1.88235294118,4.35294117647,3.36363636364,2.84615384615,1.69341284359,0.389027274878,0.193958664547,2.09866904602,0.964253345467,0.518282988871,1.87867287326,0.863174022847,0.470588235294,0.786197569093,0.41766745858,2.25,1.88235294118,0.786197569093,2.25,0.166339869281,0.0612244897959,3,0.00441176470588,0.185952380952,17,17,17,1,0,0.352941176471,0.411764705882,0.235294117647,0,0,0,0,0,0,0,0,0,0,0,0,0,0,0,0,0,0,0,0,0,0,0,0,0,0,0,0,0,37,0,0,235,1,1,0,0,1,1,1,1,1,1,2,2,0,0,0,0
1714,WLNM_dir_neg,1,0.5,00:00:00,10,40,41,1982697614,threshold_sweep,0.4,1,1,1,2,0,0,4,1,1,0,0,1,1,1,1,0.555555555556,1,1,1,37,35,2,0,37,0,35,0,2,17,37,0.136029411765,1.88235294118,4.35294117647,3.36363636364,2.84615384615,1.69341284359,0.389027274878,0.193958664547,2.09866904602,0.964253345467,0.518282988871,1.87867287326,0.863174022847,0.470588235294,0.786197569093,0.41766745858,2.25,1.88235294118,0.786197569093,2.25,0.166339869281,0.0612244897959,3,0.00441176470588,0.185952380952,17,17,17,1,0,0.352941176471,0.411764705882,0.235294117647,17,0.128676470588,1.90196078431,4.11764705882,3.18181818182,2.69230769231,1.57648156274,0.382859808093,0.201680672269,2.01465221053,0.978545359402,0.524369747899,1.74894926439,0.849489642704,0.463865546218,0.814492905316,0.428238537847,2.33333333333,1.90196078431,0.814492905316,2.33333333333,0,0,0,0,0.164242424242,17,17,17,1,0,0.352941176471,0.411764705882,0.235294117647,17,37,0.136029411765,1.88235294118,4.35294117647,3.36363636364,2.84615384615,1.69341284359,0.389027274878,0.193958664547,2.09866904602,0.964253345467,0.518282988871,1.87867287326,0.863174022847,0.470588235294,0.786197569093,0.41766745858,2.25,1.88235294118,0.786197569093,2.25,0.166339869281,0.0612244897959,3,0.00441176470588,0.185952380952,17,17,17,1,0,0.352941176471,0.411764705882,0.235294117647,0,0,0,0,0,0,0,0,0,0,0,0,0,0,0,0,0,0,0,0,0,0,0,0,0,0,0,0,0,37,0,0,235,1,1,0,0,1,1,1,1,1,1,2,2,0,0,0,0
1715,WLNM_dir_neg,1,0.5,00:00:00,10,40,41,1982697614,threshold_sweep,0.5,1,1,1,2,0,0,4,1,1,0,0,1,1,1,1,0.555555555556,1,1,1,37,35,2,0,37,0,35,0,2,17,37,0.136029411765,1.88235294118,4.35294117647,3.36363636364,2.84615384615,1.69341284359,0.389027274878,0.193958664547,2.09866904602,0.964253345467,0.518282988871,1.87867287326,0.863174022847,0.470588235294,0.786197569093,0.41766745858,2.25,1.88235294118,0.786197569093,2.25,0.166339869281,0.0612244897959,3,0.00441176470588,0.185952380952,17,17,17,1,0,0.352941176471,0.411764705882,0.235294117647,17,0.128676470588,1.90196078431,4.11764705882,3.18181818182,2.69230769231,1.57648156274,0.382859808093,0.201680672269,2.01465221053,0.978545359402,0.524369747899,1.74894926439,0.849489642704,0.463865546218,0.814492905316,0.428238537847,2.33333333333,1.90196078431,0.814492905316,2.33333333333,0,0,0,0,0.164242424242,17,17,17,1,0,0.352941176471,0.411764705882,0.235294117647,17,37,0.136029411765,1.88235294118,4.35294117647,3.36363636364,2.84615384615,1.69341284359,0.389027274878,0.193958664547,2.09866904602,0.964253345467,0.518282988871,1.87867287326,0.863174022847,0.470588235294,0.786197569093,0.41766745858,2.25,1.88235294118,0.786197569093,2.25,0.166339869281,0.0612244897959,3,0.00441176470588,0.185952380952,17,17,17,1,0,0.352941176471,0.411764705882,0.235294117647,0,0,0,0,0,0,0,0,0,0,0,0,0,0,0,0,0,0,0,0,0,0,0,0,0,0,0,0,0,37,0,0,235,1,1,0,0,1,1,1,1,1,1,2,2,0,0,0,0
1716,WLNM_dir_neg,1,0.5,00:00:00,10,40,41,1982697614,threshold_sweep,0.6,1,1,1,2,0,0,4,1,1,0,0,1,1,1,1,0.555555555556,1,1,1,37,35,2,0,37,0,35,0,2,17,37,0.136029411765,1.88235294118,4.35294117647,3.36363636364,2.84615384615,1.69341284359,0.389027274878,0.193958664547,2.09866904602,0.964253345467,0.518282988871,1.87867287326,0.863174022847,0.470588235294,0.786197569093,0.41766745858,2.25,1.88235294118,0.786197569093,2.25,0.166339869281,0.0612244897959,3,0.00441176470588,0.185952380952,17,17,17,1,0,0.352941176471,0.411764705882,0.235294117647,17,0.128676470588,1.90196078431,4.11764705882,3.18181818182,2.69230769231,1.57648156274,0.382859808093,0.201680672269,2.01465221053,0.978545359402,0.524369747899,1.74894926439,0.849489642704,0.463865546218,0.814492905316,0.428238537847,2.33333333333,1.90196078431,0.814492905316,2.33333333333,0,0,0,0,0.164242424242,17,17,17,1,0,0.352941176471,0.411764705882,0.235294117647,17,37,0.136029411765,1.88235294118,4.35294117647,3.36363636364,2.84615384615,1.69341284359,0.389027274878,0.193958664547,2.09866904602,0.964253345467,0.518282988871,1.87867287326,0.863174022847,0.470588235294,0.786197569093,0.41766745858,2.25,1.88235294118,0.786197569093,2.25,0.166339869281,0.0612244897959,3,0.00441176470588,0.185952380952,17,17,17,1,0,0.352941176471,0.411764705882,0.235294117647,0,0,0,0,0,0,0,0,0,0,0,0,0,0,0,0,0,0,0,0,0,0,0,0,0,0,0,0,0,37,0,0,235,1,1,0,0,1,1,1,1,1,1,2,2,0,0,0,0
1717,WLNM_dir_neg,1,0.5,00:00:00,10,40,41,1982697614,threshold_sweep,0.7,1,1,1,2,0,0,4,1,1,0,0,1,1,1,1,0.555555555556,1,1,1,37,35,2,0,37,0,35,0,2,17,37,0.136029411765,1.88235294118,4.35294117647,3.36363636364,2.84615384615,1.69341284359,0.389027274878,0.193958664547,2.09866904602,0.964253345467,0.518282988871,1.87867287326,0.863174022847,0.470588235294,0.786197569093,0.41766745858,2.25,1.88235294118,0.786197569093,2.25,0.166339869281,0.0612244897959,3,0.00441176470588,0.185952380952,17,17,17,1,0,0.352941176471,0.411764705882,0.235294117647,17,0.128676470588,1.90196078431,4.11764705882,3.18181818182,2.69230769231,1.57648156274,0.382859808093,0.201680672269,2.01465221053,0.978545359402,0.524369747899,1.74894926439,0.849489642704,0.463865546218,0.814492905316,0.428238537847,2.33333333333,1.90196078431,0.814492905316,2.33333333333,0,0,0,0,0.164242424242,17,17,17,1,0,0.352941176471,0.411764705882,0.235294117647,17,37,0.136029411765,1.88235294118,4.35294117647,3.36363636364,2.84615384615,1.69341284359,0.389027274878,0.193958664547,2.09866904602,0.964253345467,0.518282988871,1.87867287326,0.863174022847,0.470588235294,0.786197569093,0.41766745858,2.25,1.88235294118,0.786197569093,2.25,0.166339869281,0.0612244897959,3,0.00441176470588,0.185952380952,17,17,17,1,0,0.352941176471,0.411764705882,0.235294117647,0,0,0,0,0,0,0,0,0,0,0,0,0,0,0,0,0,0,0,0,0,0,0,0,0,0,0,0,0,37,0,0,235,1,1,0,0,1,1,1,1,1,1,2,2,0,0,0,0
1718,WLNM_dir_neg,1,0.5,00:00:00,10,40,41,1982697614,threshold_sweep,0.8,1,1,1,2,0,0,4,1,1,0,0,1,1,1,1,0.555555555556,1,1,1,37,35,2,0,37,0,35,0,2,17,37,0.136029411765,1.88235294118,4.35294117647,3.36363636364,2.84615384615,1.69341284359,0.389027274878,0.193958664547,2.09866904602,0.964253345467,0.518282988871,1.87867287326,0.863174022847,0.470588235294,0.786197569093,0.41766745858,2.25,1.88235294118,0.786197569093,2.25,0.166339869281,0.0612244897959,3,0.00441176470588,0.185952380952,17,17,17,1,0,0.352941176471,0.411764705882,0.235294117647,17,0.128676470588,1.90196078431,4.11764705882,3.18181818182,2.69230769231,1.57648156274,0.382859808093,0.201680672269,2.01465221053,0.978545359402,0.524369747899,1.74894926439,0.849489642704,0.463865546218,0.814492905316,0.428238537847,2.33333333333,1.90196078431,0.814492905316,2.33333333333,0,0,0,0,0.164242424242,17,17,17,1,0,0.352941176471,0.411764705882,0.235294117647,17,37,0.136029411765,1.88235294118,4.35294117647,3.36363636364,2.84615384615,1.69341284359,0.389027274878,0.193958664547,2.09866904602,0.964253345467,0.518282988871,1.87867287326,0.863174022847,0.470588235294,0.786197569093,0.41766745858,2.25,1.88235294118,0.786197569093,2.25,0.166339869281,0.0612244897959,3,0.00441176470588,0.185952380952,17,17,17,1,0,0.352941176471,0.411764705882,0.235294117647,0,0,0,0,0,0,0,0,0,0,0,0,0,0,0,0,0,0,0,0,0,0,0,0,0,0,0,0,0,37,0,0,235,1,1,0,0,1,1,1,1,1,1,2,2,0,0,0,0
1719,WLNM_dir_neg,1,0.5,00:00:00,10,40,41,1982697614,threshold_sweep,0.9,1,1,1,2,0,0,4,1,1,0,0,1,1,1,1,0.555555555556,1,1,1,37,35,2,0,37,0,35,0,2,17,37,0.136029411765,1.88235294118,4.35294117647,3.36363636364,2.84615384615,1.69341284359,0.389027274878,0.193958664547,2.09866904602,0.964253345467,0.518282988871,1.87867287326,0.863174022847,0.470588235294,0.786197569093,0.41766745858,2.25,1.88235294118,0.786197569093,2.25,0.166339869281,0.0612244897959,3,0.00441176470588,0.185952380952,17,17,17,1,0,0.352941176471,0.411764705882,0.235294117647,17,0.128676470588,1.90196078431,4.11764705882,3.18181818182,2.69230769231,1.57648156274,0.382859808093,0.201680672269,2.01465221053,0.978545359402,0.524369747899,1.74894926439,0.849489642704,0.463865546218,0.814492905316,0.428238537847,2.33333333333,1.90196078431,0.814492905316,2.33333333333,0,0,0,0,0.164242424242,17,17,17,1,0,0.352941176471,0.411764705882,0.235294117647,17,37,0.136029411765,1.88235294118,4.35294117647,3.36363636364,2.84615384615,1.69341284359,0.389027274878,0.193958664547,2.09866904602,0.964253345467,0.518282988871,1.87867287326,0.863174022847,0.470588235294,0.786197569093,0.41766745858,2.25,1.88235294118,0.786197569093,2.25,0.166339869281,0.0612244897959,3,0.00441176470588,0.185952380952,17,17,17,1,0,0.352941176471,0.411764705882,0.235294117647,0,0,0,0,0,0,0,0,0,0,0,0,0,0,0,0,0,0,0,0,0,0,0,0,0,0,0,0,0,37,0,0,235,1,1,0,0,1,1,1,1,1,1,2,2,0,0,0,0
1720,WLNM_dir_neg,1,0.5,00:00:00,10,40,42,1982697615,threshold_sweep,0.1,1,1,1,2,0,0,4,1,1,0,0,1,1,1,1,0.555555555556,1,1,1,37,35,2,0,37,0,35,0,2,17,37,0.136029411765,1.88235294118,4.35294117647,3.36363636364,2.84615384615,1.69341284359,0.389027274878,0.193958664547,2.09866904602,0.964253345467,0.518282988871,1.87867287326,0.863174022847,0.470588235294,0.786197569093,0.41766745858,2.25,1.88235294118,0.786197569093,2.25,0.166339869281,0.0612244897959,3,0.00441176470588,0.185952380952,17,17,17,1,0,0.352941176471,0.411764705882,0.235294117647,17,0.128676470588,1.90196078431,4.11764705882,3.18181818182,2.69230769231,1.57648156274,0.382859808093,0.201680672269,2.01465221053,0.978545359402,0.524369747899,1.74894926439,0.849489642704,0.463865546218,0.814492905316,0.428238537847,2.33333333333,1.90196078431,0.814492905316,2.33333333333,0,0,0,0,0.164242424242,17,17,17,1,0,0.352941176471,0.411764705882,0.235294117647,17,37,0.136029411765,1.88235294118,4.35294117647,3.36363636364,2.84615384615,1.69341284359,0.389027274878,0.193958664547,2.09866904602,0.964253345467,0.518282988871,1.87867287326,0.863174022847,0.470588235294,0.786197569093,0.41766745858,2.25,1.88235294118,0.786197569093,2.25,0.166339869281,0.0612244897959,3,0.00441176470588,0.185952380952,17,17,17,1,0,0.352941176471,0.411764705882,0.235294117647,0,0,0,0,0,0,0,0,0,0,0,0,0,0,0,0,0,0,0,0,0,0,0,0,0,0,0,0,0,37,0,0,235,1,1,0,0,1,1,1,1,1,1,2,2,0,0,0,0
1721,WLNM_dir_neg,1,0.5,00:00:00,10,40,42,1982697615,threshold_sweep,0.2,1,1,1,2,0,0,4,1,1,0,0,1,1,1,1,0.555555555556,1,1,1,37,35,2,0,37,0,35,0,2,17,37,0.136029411765,1.88235294118,4.35294117647,3.36363636364,2.84615384615,1.69341284359,0.389027274878,0.193958664547,2.09866904602,0.964253345467,0.518282988871,1.87867287326,0.863174022847,0.470588235294,0.786197569093,0.41766745858,2.25,1.88235294118,0.786197569093,2.25,0.166339869281,0.0612244897959,3,0.00441176470588,0.185952380952,17,17,17,1,0,0.352941176471,0.411764705882,0.235294117647,17,0.128676470588,1.90196078431,4.11764705882,3.18181818182,2.69230769231,1.57648156274,0.382859808093,0.201680672269,2.01465221053,0.978545359402,0.524369747899,1.74894926439,0.849489642704,0.463865546218,0.814492905316,0.428238537847,2.33333333333,1.90196078431,0.814492905316,2.33333333333,0,0,0,0,0.164242424242,17,17,17,1,0,0.352941176471,0.411764705882,0.235294117647,17,37,0.136029411765,1.88235294118,4.35294117647,3.36363636364,2.84615384615,1.69341284359,0.389027274878,0.193958664547,2.09866904602,0.964253345467,0.518282988871,1.87867287326,0.863174022847,0.470588235294,0.786197569093,0.41766745858,2.25,1.88235294118,0.786197569093,2.25,0.166339869281,0.0612244897959,3,0.00441176470588,0.185952380952,17,17,17,1,0,0.352941176471,0.411764705882,0.235294117647,0,0,0,0,0,0,0,0,0,0,0,0,0,0,0,0,0,0,0,0,0,0,0,0,0,0,0,0,0,37,0,0,235,1,1,0,0,1,1,1,1,1,1,2,2,0,0,0,0
1722,WLNM_dir_neg,1,0.5,00:00:00,10,40,42,1982697615,threshold_sweep,0.3,1,1,1,2,0,0,4,1,1,0,0,1,1,1,1,0.555555555556,1,1,1,37,35,2,0,37,0,35,0,2,17,37,0.136029411765,1.88235294118,4.35294117647,3.36363636364,2.84615384615,1.69341284359,0.389027274878,0.193958664547,2.09866904602,0.964253345467,0.518282988871,1.87867287326,0.863174022847,0.470588235294,0.786197569093,0.41766745858,2.25,1.88235294118,0.786197569093,2.25,0.166339869281,0.0612244897959,3,0.00441176470588,0.185952380952,17,17,17,1,0,0.352941176471,0.411764705882,0.235294117647,17,0.128676470588,1.90196078431,4.11764705882,3.18181818182,2.69230769231,1.57648156274,0.382859808093,0.201680672269,2.01465221053,0.978545359402,0.524369747899,1.74894926439,0.849489642704,0.463865546218,0.814492905316,0.428238537847,2.33333333333,1.90196078431,0.814492905316,2.33333333333,0,0,0,0,0.164242424242,17,17,17,1,0,0.352941176471,0.411764705882,0.235294117647,17,37,0.136029411765,1.88235294118,4.35294117647,3.36363636364,2.84615384615,1.69341284359,0.389027274878,0.193958664547,2.09866904602,0.964253345467,0.518282988871,1.87867287326,0.863174022847,0.470588235294,0.786197569093,0.41766745858,2.25,1.88235294118,0.786197569093,2.25,0.166339869281,0.0612244897959,3,0.00441176470588,0.185952380952,17,17,17,1,0,0.352941176471,0.411764705882,0.235294117647,0,0,0,0,0,0,0,0,0,0,0,0,0,0,0,0,0,0,0,0,0,0,0,0,0,0,0,0,0,37,0,0,235,1,1,0,0,1,1,1,1,1,1,2,2,0,0,0,0
1723,WLNM_dir_neg,1,0.5,00:00:00,10,40,42,1982697615,threshold_sweep,0.4,1,1,1,2,0,0,4,1,1,0,0,1,1,1,1,0.555555555556,1,1,1,37,35,2,0,37,0,35,0,2,17,37,0.136029411765,1.88235294118,4.35294117647,3.36363636364,2.84615384615,1.69341284359,0.389027274878,0.193958664547,2.09866904602,0.964253345467,0.518282988871,1.87867287326,0.863174022847,0.470588235294,0.786197569093,0.41766745858,2.25,1.88235294118,0.786197569093,2.25,0.166339869281,0.0612244897959,3,0.00441176470588,0.185952380952,17,17,17,1,0,0.352941176471,0.411764705882,0.235294117647,17,0.128676470588,1.90196078431,4.11764705882,3.18181818182,2.69230769231,1.57648156274,0.382859808093,0.201680672269,2.01465221053,0.978545359402,0.524369747899,1.74894926439,0.849489642704,0.463865546218,0.814492905316,0.428238537847,2.33333333333,1.90196078431,0.814492905316,2.33333333333,0,0,0,0,0.164242424242,17,17,17,1,0,0.352941176471,0.411764705882,0.235294117647,17,37,0.136029411765,1.88235294118,4.35294117647,3.36363636364,2.84615384615,1.69341284359,0.389027274878,0.193958664547,2.09866904602,0.964253345467,0.518282988871,1.87867287326,0.863174022847,0.470588235294,0.786197569093,0.41766745858,2.25,1.88235294118,0.786197569093,2.25,0.166339869281,0.0612244897959,3,0.00441176470588,0.185952380952,17,17,17,1,0,0.352941176471,0.411764705882,0.235294117647,0,0,0,0,0,0,0,0,0,0,0,0,0,0,0,0,0,0,0,0,0,0,0,0,0,0,0,0,0,37,0,0,235,1,1,0,0,1,1,1,1,1,1,2,2,0,0,0,0
1724,WLNM_dir_neg,1,0.5,00:00:00,10,40,42,1982697615,threshold_sweep,0.5,1,1,1,2,0,0,4,1,1,0,0,1,1,1,1,0.555555555556,1,1,1,37,35,2,0,37,0,35,0,2,17,37,0.136029411765,1.88235294118,4.35294117647,3.36363636364,2.84615384615,1.69341284359,0.389027274878,0.193958664547,2.09866904602,0.964253345467,0.518282988871,1.87867287326,0.863174022847,0.470588235294,0.786197569093,0.41766745858,2.25,1.88235294118,0.786197569093,2.25,0.166339869281,0.0612244897959,3,0.00441176470588,0.185952380952,17,17,17,1,0,0.352941176471,0.411764705882,0.235294117647,17,0.128676470588,1.90196078431,4.11764705882,3.18181818182,2.69230769231,1.57648156274,0.382859808093,0.201680672269,2.01465221053,0.978545359402,0.524369747899,1.74894926439,0.849489642704,0.463865546218,0.814492905316,0.428238537847,2.33333333333,1.90196078431,0.814492905316,2.33333333333,0,0,0,0,0.164242424242,17,17,17,1,0,0.352941176471,0.411764705882,0.235294117647,17,37,0.136029411765,1.88235294118,4.35294117647,3.36363636364,2.84615384615,1.69341284359,0.389027274878,0.193958664547,2.09866904602,0.964253345467,0.518282988871,1.87867287326,0.863174022847,0.470588235294,0.786197569093,0.41766745858,2.25,1.88235294118,0.786197569093,2.25,0.166339869281,0.0612244897959,3,0.00441176470588,0.185952380952,17,17,17,1,0,0.352941176471,0.411764705882,0.235294117647,0,0,0,0,0,0,0,0,0,0,0,0,0,0,0,0,0,0,0,0,0,0,0,0,0,0,0,0,0,37,0,0,235,1,1,0,0,1,1,1,1,1,1,2,2,0,0,0,0
1725,WLNM_dir_neg,1,0.5,00:00:00,10,40,42,1982697615,threshold_sweep,0.6,1,1,1,2,0,0,4,1,1,0,0,1,1,1,1,0.555555555556,1,1,1,37,35,2,0,37,0,35,0,2,17,37,0.136029411765,1.88235294118,4.35294117647,3.36363636364,2.84615384615,1.69341284359,0.389027274878,0.193958664547,2.09866904602,0.964253345467,0.518282988871,1.87867287326,0.863174022847,0.470588235294,0.786197569093,0.41766745858,2.25,1.88235294118,0.786197569093,2.25,0.166339869281,0.0612244897959,3,0.00441176470588,0.185952380952,17,17,17,1,0,0.352941176471,0.411764705882,0.235294117647,17,0.128676470588,1.90196078431,4.11764705882,3.18181818182,2.69230769231,1.57648156274,0.382859808093,0.201680672269,2.01465221053,0.978545359402,0.524369747899,1.74894926439,0.849489642704,0.463865546218,0.814492905316,0.428238537847,2.33333333333,1.90196078431,0.814492905316,2.33333333333,0,0,0,0,0.164242424242,17,17,17,1,0,0.352941176471,0.411764705882,0.235294117647,17,37,0.136029411765,1.88235294118,4.35294117647,3.36363636364,2.84615384615,1.69341284359,0.389027274878,0.193958664547,2.09866904602,0.964253345467,0.518282988871,1.87867287326,0.863174022847,0.470588235294,0.786197569093,0.41766745858,2.25,1.88235294118,0.786197569093,2.25,0.166339869281,0.0612244897959,3,0.00441176470588,0.185952380952,17,17,17,1,0,0.352941176471,0.411764705882,0.235294117647,0,0,0,0,0,0,0,0,0,0,0,0,0,0,0,0,0,0,0,0,0,0,0,0,0,0,0,0,0,37,0,0,235,1,1,0,0,1,1,1,1,1,1,2,2,0,0,0,0
1726,WLNM_dir_neg,1,0.5,00:00:00,10,40,42,1982697615,threshold_sweep,0.7,1,1,1,2,0,0,4,1,1,0,0,1,1,1,1,0.555555555556,1,1,1,37,35,2,0,37,0,35,0,2,17,37,0.136029411765,1.88235294118,4.35294117647,3.36363636364,2.84615384615,1.69341284359,0.389027274878,0.193958664547,2.09866904602,0.964253345467,0.518282988871,1.87867287326,0.863174022847,0.470588235294,0.786197569093,0.41766745858,2.25,1.88235294118,0.786197569093,2.25,0.166339869281,0.0612244897959,3,0.00441176470588,0.185952380952,17,17,17,1,0,0.352941176471,0.411764705882,0.235294117647,17,0.128676470588,1.90196078431,4.11764705882,3.18181818182,2.69230769231,1.57648156274,0.382859808093,0.201680672269,2.01465221053,0.978545359402,0.524369747899,1.74894926439,0.849489642704,0.463865546218,0.814492905316,0.428238537847,2.33333333333,1.90196078431,0.814492905316,2.33333333333,0,0,0,0,0.164242424242,17,17,17,1,0,0.352941176471,0.411764705882,0.235294117647,17,37,0.136029411765,1.88235294118,4.35294117647,3.36363636364,2.84615384615,1.69341284359,0.389027274878,0.193958664547,2.09866904602,0.964253345467,0.518282988871,1.87867287326,0.863174022847,0.470588235294,0.786197569093,0.41766745858,2.25,1.88235294118,0.786197569093,2.25,0.166339869281,0.0612244897959,3,0.00441176470588,0.185952380952,17,17,17,1,0,0.352941176471,0.411764705882,0.235294117647,0,0,0,0,0,0,0,0,0,0,0,0,0,0,0,0,0,0,0,0,0,0,0,0,0,0,0,0,0,37,0,0,235,1,1,0,0,1,1,1,1,1,1,2,2,0,0,0,0
1727,WLNM_dir_neg,1,0.5,00:00:00,10,40,42,1982697615,threshold_sweep,0.8,1,1,1,2,0,0,4,1,1,0,0,1,1,1,1,0.555555555556,1,1,1,37,35,2,0,37,0,35,0,2,17,37,0.136029411765,1.88235294118,4.35294117647,3.36363636364,2.84615384615,1.69341284359,0.389027274878,0.193958664547,2.09866904602,0.964253345467,0.518282988871,1.87867287326,0.863174022847,0.470588235294,0.786197569093,0.41766745858,2.25,1.88235294118,0.786197569093,2.25,0.166339869281,0.0612244897959,3,0.00441176470588,0.185952380952,17,17,17,1,0,0.352941176471,0.411764705882,0.235294117647,17,0.128676470588,1.90196078431,4.11764705882,3.18181818182,2.69230769231,1.57648156274,0.382859808093,0.201680672269,2.01465221053,0.978545359402,0.524369747899,1.74894926439,0.849489642704,0.463865546218,0.814492905316,0.428238537847,2.33333333333,1.90196078431,0.814492905316,2.33333333333,0,0,0,0,0.164242424242,17,17,17,1,0,0.352941176471,0.411764705882,0.235294117647,17,37,0.136029411765,1.88235294118,4.35294117647,3.36363636364,2.84615384615,1.69341284359,0.389027274878,0.193958664547,2.09866904602,0.964253345467,0.518282988871,1.87867287326,0.863174022847,0.470588235294,0.786197569093,0.41766745858,2.25,1.88235294118,0.786197569093,2.25,0.166339869281,0.0612244897959,3,0.00441176470588,0.185952380952,17,17,17,1,0,0.352941176471,0.411764705882,0.235294117647,0,0,0,0,0,0,0,0,0,0,0,0,0,0,0,0,0,0,0,0,0,0,0,0,0,0,0,0,0,37,0,0,235,1,1,0,0,1,1,1,1,1,1,2,2,0,0,0,0
1728,WLNM_dir_neg,1,0.5,00:00:00,10,40,42,1982697615,threshold_sweep,0.9,1,1,1,2,0,0,4,1,1,0,0,1,1,1,1,0.555555555556,1,1,1,37,35,2,0,37,0,35,0,2,17,37,0.136029411765,1.88235294118,4.35294117647,3.36363636364,2.84615384615,1.69341284359,0.389027274878,0.193958664547,2.09866904602,0.964253345467,0.518282988871,1.87867287326,0.863174022847,0.470588235294,0.786197569093,0.41766745858,2.25,1.88235294118,0.786197569093,2.25,0.166339869281,0.0612244897959,3,0.00441176470588,0.185952380952,17,17,17,1,0,0.352941176471,0.411764705882,0.235294117647,17,0.128676470588,1.90196078431,4.11764705882,3.18181818182,2.69230769231,1.57648156274,0.382859808093,0.201680672269,2.01465221053,0.978545359402,0.524369747899,1.74894926439,0.849489642704,0.463865546218,0.814492905316,0.428238537847,2.33333333333,1.90196078431,0.814492905316,2.33333333333,0,0,0,0,0.164242424242,17,17,17,1,0,0.352941176471,0.411764705882,0.235294117647,17,37,0.136029411765,1.88235294118,4.35294117647,3.36363636364,2.84615384615,1.69341284359,0.389027274878,0.193958664547,2.09866904602,0.964253345467,0.518282988871,1.87867287326,0.863174022847,0.470588235294,0.786197569093,0.41766745858,2.25,1.88235294118,0.786197569093,2.25,0.166339869281,0.0612244897959,3,0.00441176470588,0.185952380952,17,17,17,1,0,0.352941176471,0.411764705882,0.235294117647,0,0,0,0,0,0,0,0,0,0,0,0,0,0,0,0,0,0,0,0,0,0,0,0,0,0,0,0,0,37,0,0,235,1,1,0,0,1,1,1,1,1,1,2,2,0,0,0,0
1729,WLNM_dir_neg,1,0.5,00:00:00,10,40,43,1982697616,threshold_sweep,0.1,1,1,1,2,0,0,4,1,1,0,0,1,1,1,1,0.555555555556,1,1,1,37,35,2,0,37,0,35,0,2,17,37,0.136029411765,1.88235294118,4.35294117647,3.36363636364,2.84615384615,1.69341284359,0.389027274878,0.193958664547,2.09866904602,0.964253345467,0.518282988871,1.87867287326,0.863174022847,0.470588235294,0.786197569093,0.41766745858,2.25,1.88235294118,0.786197569093,2.25,0.166339869281,0.0612244897959,3,0.00441176470588,0.185952380952,17,17,17,1,0,0.352941176471,0.411764705882,0.235294117647,17,0.128676470588,1.90196078431,4.11764705882,3.18181818182,2.69230769231,1.57648156274,0.382859808093,0.201680672269,2.01465221053,0.978545359402,0.524369747899,1.74894926439,0.849489642704,0.463865546218,0.814492905316,0.428238537847,2.33333333333,1.90196078431,0.814492905316,2.33333333333,0,0,0,0,0.164242424242,17,17,17,1,0,0.352941176471,0.411764705882,0.235294117647,17,37,0.136029411765,1.88235294118,4.35294117647,3.36363636364,2.84615384615,1.69341284359,0.389027274878,0.193958664547,2.09866904602,0.964253345467,0.518282988871,1.87867287326,0.863174022847,0.470588235294,0.786197569093,0.41766745858,2.25,1.88235294118,0.786197569093,2.25,0.166339869281,0.0612244897959,3,0.00441176470588,0.185952380952,17,17,17,1,0,0.352941176471,0.411764705882,0.235294117647,0,0,0,0,0,0,0,0,0,0,0,0,0,0,0,0,0,0,0,0,0,0,0,0,0,0,0,0,0,37,0,0,235,1,1,0,0,1,1,1,1,1,1,2,2,0,0,0,0
1730,WLNM_dir_neg,1,0.5,00:00:00,10,40,43,1982697616,threshold_sweep,0.2,1,1,1,2,0,0,4,1,1,0,0,1,1,1,1,0.555555555556,1,1,1,37,35,2,0,37,0,35,0,2,17,37,0.136029411765,1.88235294118,4.35294117647,3.36363636364,2.84615384615,1.69341284359,0.389027274878,0.193958664547,2.09866904602,0.964253345467,0.518282988871,1.87867287326,0.863174022847,0.470588235294,0.786197569093,0.41766745858,2.25,1.88235294118,0.786197569093,2.25,0.166339869281,0.0612244897959,3,0.00441176470588,0.185952380952,17,17,17,1,0,0.352941176471,0.411764705882,0.235294117647,17,0.128676470588,1.90196078431,4.11764705882,3.18181818182,2.69230769231,1.57648156274,0.382859808093,0.201680672269,2.01465221053,0.978545359402,0.524369747899,1.74894926439,0.849489642704,0.463865546218,0.814492905316,0.428238537847,2.33333333333,1.90196078431,0.814492905316,2.33333333333,0,0,0,0,0.164242424242,17,17,17,1,0,0.352941176471,0.411764705882,0.235294117647,17,37,0.136029411765,1.88235294118,4.35294117647,3.36363636364,2.84615384615,1.69341284359,0.389027274878,0.193958664547,2.09866904602,0.964253345467,0.518282988871,1.87867287326,0.863174022847,0.470588235294,0.786197569093,0.41766745858,2.25,1.88235294118,0.786197569093,2.25,0.166339869281,0.0612244897959,3,0.00441176470588,0.185952380952,17,17,17,1,0,0.352941176471,0.411764705882,0.235294117647,0,0,0,0,0,0,0,0,0,0,0,0,0,0,0,0,0,0,0,0,0,0,0,0,0,0,0,0,0,37,0,0,235,1,1,0,0,1,1,1,1,1,1,2,2,0,0,0,0
1731,WLNM_dir_neg,1,0.5,00:00:00,10,40,43,1982697616,threshold_sweep,0.3,1,1,1,2,0,0,4,1,1,0,0,1,1,1,1,0.555555555556,1,1,1,37,35,2,0,37,0,35,0,2,17,37,0.136029411765,1.88235294118,4.35294117647,3.36363636364,2.84615384615,1.69341284359,0.389027274878,0.193958664547,2.09866904602,0.964253345467,0.518282988871,1.87867287326,0.863174022847,0.470588235294,0.786197569093,0.41766745858,2.25,1.88235294118,0.786197569093,2.25,0.166339869281,0.0612244897959,3,0.00441176470588,0.185952380952,17,17,17,1,0,0.352941176471,0.411764705882,0.235294117647,17,0.128676470588,1.90196078431,4.11764705882,3.18181818182,2.69230769231,1.57648156274,0.382859808093,0.201680672269,2.01465221053,0.978545359402,0.524369747899,1.74894926439,0.849489642704,0.463865546218,0.814492905316,0.428238537847,2.33333333333,1.90196078431,0.814492905316,2.33333333333,0,0,0,0,0.164242424242,17,17,17,1,0,0.352941176471,0.411764705882,0.235294117647,17,37,0.136029411765,1.88235294118,4.35294117647,3.36363636364,2.84615384615,1.69341284359,0.389027274878,0.193958664547,2.09866904602,0.964253345467,0.518282988871,1.87867287326,0.863174022847,0.470588235294,0.786197569093,0.41766745858,2.25,1.88235294118,0.786197569093,2.25,0.166339869281,0.0612244897959,3,0.00441176470588,0.185952380952,17,17,17,1,0,0.352941176471,0.411764705882,0.235294117647,0,0,0,0,0,0,0,0,0,0,0,0,0,0,0,0,0,0,0,0,0,0,0,0,0,0,0,0,0,37,0,0,235,1,1,0,0,1,1,1,1,1,1,2,2,0,0,0,0
1732,WLNM_dir_neg,1,0.5,00:00:00,10,40,43,1982697616,threshold_sweep,0.4,1,1,1,2,0,0,4,1,1,0,0,1,1,1,1,0.555555555556,1,1,1,37,35,2,0,37,0,35,0,2,17,37,0.136029411765,1.88235294118,4.35294117647,3.36363636364,2.84615384615,1.69341284359,0.389027274878,0.193958664547,2.09866904602,0.964253345467,0.518282988871,1.87867287326,0.863174022847,0.470588235294,0.786197569093,0.41766745858,2.25,1.88235294118,0.786197569093,2.25,0.166339869281,0.0612244897959,3,0.00441176470588,0.185952380952,17,17,17,1,0,0.352941176471,0.411764705882,0.235294117647,17,0.128676470588,1.90196078431,4.11764705882,3.18181818182,2.69230769231,1.57648156274,0.382859808093,0.201680672269,2.01465221053,0.978545359402,0.524369747899,1.74894926439,0.849489642704,0.463865546218,0.814492905316,0.428238537847,2.33333333333,1.90196078431,0.814492905316,2.33333333333,0,0,0,0,0.164242424242,17,17,17,1,0,0.352941176471,0.411764705882,0.235294117647,17,37,0.136029411765,1.88235294118,4.35294117647,3.36363636364,2.84615384615,1.69341284359,0.389027274878,0.193958664547,2.09866904602,0.964253345467,0.518282988871,1.87867287326,0.863174022847,0.470588235294,0.786197569093,0.41766745858,2.25,1.88235294118,0.786197569093,2.25,0.166339869281,0.0612244897959,3,0.00441176470588,0.185952380952,17,17,17,1,0,0.352941176471,0.411764705882,0.235294117647,0,0,0,0,0,0,0,0,0,0,0,0,0,0,0,0,0,0,0,0,0,0,0,0,0,0,0,0,0,37,0,0,235,1,1,0,0,1,1,1,1,1,1,2,2,0,0,0,0
1733,WLNM_dir_neg,1,0.5,00:00:00,10,40,43,1982697616,threshold_sweep,0.5,1,1,1,2,0,0,4,1,1,0,0,1,1,1,1,0.555555555556,1,1,1,37,35,2,0,37,0,35,0,2,17,37,0.136029411765,1.88235294118,4.35294117647,3.36363636364,2.84615384615,1.69341284359,0.389027274878,0.193958664547,2.09866904602,0.964253345467,0.518282988871,1.87867287326,0.863174022847,0.470588235294,0.786197569093,0.41766745858,2.25,1.88235294118,0.786197569093,2.25,0.166339869281,0.0612244897959,3,0.00441176470588,0.185952380952,17,17,17,1,0,0.352941176471,0.411764705882,0.235294117647,17,0.128676470588,1.90196078431,4.11764705882,3.18181818182,2.69230769231,1.57648156274,0.382859808093,0.201680672269,2.01465221053,0.978545359402,0.524369747899,1.74894926439,0.849489642704,0.463865546218,0.814492905316,0.428238537847,2.33333333333,1.90196078431,0.814492905316,2.33333333333,0,0,0,0,0.164242424242,17,17,17,1,0,0.352941176471,0.411764705882,0.235294117647,17,37,0.136029411765,1.88235294118,4.35294117647,3.36363636364,2.84615384615,1.69341284359,0.389027274878,0.193958664547,2.09866904602,0.964253345467,0.518282988871,1.87867287326,0.863174022847,0.470588235294,0.786197569093,0.41766745858,2.25,1.88235294118,0.786197569093,2.25,0.166339869281,0.0612244897959,3,0.00441176470588,0.185952380952,17,17,17,1,0,0.352941176471,0.411764705882,0.235294117647,0,0,0,0,0,0,0,0,0,0,0,0,0,0,0,0,0,0,0,0,0,0,0,0,0,0,0,0,0,37,0,0,235,1,1,0,0,1,1,1,1,1,1,2,2,0,0,0,0
1734,WLNM_dir_neg,1,0.5,00:00:00,10,40,43,1982697616,threshold_sweep,0.6,1,1,1,2,0,0,4,1,1,0,0,1,1,1,1,0.555555555556,1,1,1,37,35,2,0,37,0,35,0,2,17,37,0.136029411765,1.88235294118,4.35294117647,3.36363636364,2.84615384615,1.69341284359,0.389027274878,0.193958664547,2.09866904602,0.964253345467,0.518282988871,1.87867287326,0.863174022847,0.470588235294,0.786197569093,0.41766745858,2.25,1.88235294118,0.786197569093,2.25,0.166339869281,0.0612244897959,3,0.00441176470588,0.185952380952,17,17,17,1,0,0.352941176471,0.411764705882,0.235294117647,17,0.128676470588,1.90196078431,4.11764705882,3.18181818182,2.69230769231,1.57648156274,0.382859808093,0.201680672269,2.01465221053,0.978545359402,0.524369747899,1.74894926439,0.849489642704,0.463865546218,0.814492905316,0.428238537847,2.33333333333,1.90196078431,0.814492905316,2.33333333333,0,0,0,0,0.164242424242,17,17,17,1,0,0.352941176471,0.411764705882,0.235294117647,17,37,0.136029411765,1.88235294118,4.35294117647,3.36363636364,2.84615384615,1.69341284359,0.389027274878,0.193958664547,2.09866904602,0.964253345467,0.518282988871,1.87867287326,0.863174022847,0.470588235294,0.786197569093,0.41766745858,2.25,1.88235294118,0.786197569093,2.25,0.166339869281,0.0612244897959,3,0.00441176470588,0.185952380952,17,17,17,1,0,0.352941176471,0.411764705882,0.235294117647,0,0,0,0,0,0,0,0,0,0,0,0,0,0,0,0,0,0,0,0,0,0,0,0,0,0,0,0,0,37,0,0,235,1,1,0,0,1,1,1,1,1,1,2,2,0,0,0,0
1735,WLNM_dir_neg,1,0.5,00:00:00,10,40,43,1982697616,threshold_sweep,0.7,1,1,1,2,0,0,4,1,1,0,0,1,1,1,1,0.555555555556,1,1,1,37,35,2,0,37,0,35,0,2,17,37,0.136029411765,1.88235294118,4.35294117647,3.36363636364,2.84615384615,1.69341284359,0.389027274878,0.193958664547,2.09866904602,0.964253345467,0.518282988871,1.87867287326,0.863174022847,0.470588235294,0.786197569093,0.41766745858,2.25,1.88235294118,0.786197569093,2.25,0.166339869281,0.0612244897959,3,0.00441176470588,0.185952380952,17,17,17,1,0,0.352941176471,0.411764705882,0.235294117647,17,0.128676470588,1.90196078431,4.11764705882,3.18181818182,2.69230769231,1.57648156274,0.382859808093,0.201680672269,2.01465221053,0.978545359402,0.524369747899,1.74894926439,0.849489642704,0.463865546218,0.814492905316,0.428238537847,2.33333333333,1.90196078431,0.814492905316,2.33333333333,0,0,0,0,0.164242424242,17,17,17,1,0,0.352941176471,0.411764705882,0.235294117647,17,37,0.136029411765,1.88235294118,4.35294117647,3.36363636364,2.84615384615,1.69341284359,0.389027274878,0.193958664547,2.09866904602,0.964253345467,0.518282988871,1.87867287326,0.863174022847,0.470588235294,0.786197569093,0.41766745858,2.25,1.88235294118,0.786197569093,2.25,0.166339869281,0.0612244897959,3,0.00441176470588,0.185952380952,17,17,17,1,0,0.352941176471,0.411764705882,0.235294117647,0,0,0,0,0,0,0,0,0,0,0,0,0,0,0,0,0,0,0,0,0,0,0,0,0,0,0,0,0,37,0,0,235,1,1,0,0,1,1,1,1,1,1,2,2,0,0,0,0
1736,WLNM_dir_neg,1,0.5,00:00:00,10,40,43,1982697616,threshold_sweep,0.8,1,1,1,2,0,0,4,1,1,0,0,1,1,1,1,0.555555555556,1,1,1,37,35,2,0,37,0,35,0,2,17,37,0.136029411765,1.88235294118,4.35294117647,3.36363636364,2.84615384615,1.69341284359,0.389027274878,0.193958664547,2.09866904602,0.964253345467,0.518282988871,1.87867287326,0.863174022847,0.470588235294,0.786197569093,0.41766745858,2.25,1.88235294118,0.786197569093,2.25,0.166339869281,0.0612244897959,3,0.00441176470588,0.185952380952,17,17,17,1,0,0.352941176471,0.411764705882,0.235294117647,17,0.128676470588,1.90196078431,4.11764705882,3.18181818182,2.69230769231,1.57648156274,0.382859808093,0.201680672269,2.01465221053,0.978545359402,0.524369747899,1.74894926439,0.849489642704,0.463865546218,0.814492905316,0.428238537847,2.33333333333,1.90196078431,0.814492905316,2.33333333333,0,0,0,0,0.164242424242,17,17,17,1,0,0.352941176471,0.411764705882,0.235294117647,17,37,0.136029411765,1.88235294118,4.35294117647,3.36363636364,2.84615384615,1.69341284359,0.389027274878,0.193958664547,2.09866904602,0.964253345467,0.518282988871,1.87867287326,0.863174022847,0.470588235294,0.786197569093,0.41766745858,2.25,1.88235294118,0.786197569093,2.25,0.166339869281,0.0612244897959,3,0.00441176470588,0.185952380952,17,17,17,1,0,0.352941176471,0.411764705882,0.235294117647,0,0,0,0,0,0,0,0,0,0,0,0,0,0,0,0,0,0,0,0,0,0,0,0,0,0,0,0,0,37,0,0,235,1,1,0,0,1,1,1,1,1,1,2,2,0,0,0,0
1737,WLNM_dir_neg,1,0.5,00:00:00,10,40,43,1982697616,threshold_sweep,0.9,1,1,1,2,0,0,4,1,1,0,0,1,1,1,1,0.555555555556,1,1,1,37,35,2,0,37,0,35,0,2,17,37,0.136029411765,1.88235294118,4.35294117647,3.36363636364,2.84615384615,1.69341284359,0.389027274878,0.193958664547,2.09866904602,0.964253345467,0.518282988871,1.87867287326,0.863174022847,0.470588235294,0.786197569093,0.41766745858,2.25,1.88235294118,0.786197569093,2.25,0.166339869281,0.0612244897959,3,0.00441176470588,0.185952380952,17,17,17,1,0,0.352941176471,0.411764705882,0.235294117647,17,0.128676470588,1.90196078431,4.11764705882,3.18181818182,2.69230769231,1.57648156274,0.382859808093,0.201680672269,2.01465221053,0.978545359402,0.524369747899,1.74894926439,0.849489642704,0.463865546218,0.814492905316,0.428238537847,2.33333333333,1.90196078431,0.814492905316,2.33333333333,0,0,0,0,0.164242424242,17,17,17,1,0,0.352941176471,0.411764705882,0.235294117647,17,37,0.136029411765,1.88235294118,4.35294117647,3.36363636364,2.84615384615,1.69341284359,0.389027274878,0.193958664547,2.09866904602,0.964253345467,0.518282988871,1.87867287326,0.863174022847,0.470588235294,0.786197569093,0.41766745858,2.25,1.88235294118,0.786197569093,2.25,0.166339869281,0.0612244897959,3,0.00441176470588,0.185952380952,17,17,17,1,0,0.352941176471,0.411764705882,0.235294117647,0,0,0,0,0,0,0,0,0,0,0,0,0,0,0,0,0,0,0,0,0,0,0,0,0,0,0,0,0,37,0,0,235,1,1,0,0,1,1,1,1,1,1,2,2,0,0,0,0
1738,WLNM_dir_neg,1,0.5,00:00:00,10,40,44,1982697617,threshold_sweep,0.1,1,1,1,2,0,0,4,1,1,0,0,1,1,1,1,0.555555555556,1,1,1,37,35,2,0,37,0,35,0,2,17,37,0.136029411765,1.88235294118,4.35294117647,3.36363636364,2.84615384615,1.69341284359,0.389027274878,0.193958664547,2.09866904602,0.964253345467,0.518282988871,1.87867287326,0.863174022847,0.470588235294,0.786197569093,0.41766745858,2.25,1.88235294118,0.786197569093,2.25,0.166339869281,0.0612244897959,3,0.00441176470588,0.185952380952,17,17,17,1,0,0.352941176471,0.411764705882,0.235294117647,17,0.128676470588,1.90196078431,4.11764705882,3.18181818182,2.69230769231,1.57648156274,0.382859808093,0.201680672269,2.01465221053,0.978545359402,0.524369747899,1.74894926439,0.849489642704,0.463865546218,0.814492905316,0.428238537847,2.33333333333,1.90196078431,0.814492905316,2.33333333333,0,0,0,0,0.164242424242,17,17,17,1,0,0.352941176471,0.411764705882,0.235294117647,17,37,0.136029411765,1.88235294118,4.35294117647,3.36363636364,2.84615384615,1.69341284359,0.389027274878,0.193958664547,2.09866904602,0.964253345467,0.518282988871,1.87867287326,0.863174022847,0.470588235294,0.786197569093,0.41766745858,2.25,1.88235294118,0.786197569093,2.25,0.166339869281,0.0612244897959,3,0.00441176470588,0.185952380952,17,17,17,1,0,0.352941176471,0.411764705882,0.235294117647,0,0,0,0,0,0,0,0,0,0,0,0,0,0,0,0,0,0,0,0,0,0,0,0,0,0,0,0,0,37,0,0,235,1,1,0,0,1,1,1,1,1,1,2,2,0,0,0,0
1739,WLNM_dir_neg,1,0.5,00:00:00,10,40,44,1982697617,threshold_sweep,0.2,1,1,1,2,0,0,4,1,1,0,0,1,1,1,1,0.555555555556,1,1,1,37,35,2,0,37,0,35,0,2,17,37,0.136029411765,1.88235294118,4.35294117647,3.36363636364,2.84615384615,1.69341284359,0.389027274878,0.193958664547,2.09866904602,0.964253345467,0.518282988871,1.87867287326,0.863174022847,0.470588235294,0.786197569093,0.41766745858,2.25,1.88235294118,0.786197569093,2.25,0.166339869281,0.0612244897959,3,0.00441176470588,0.185952380952,17,17,17,1,0,0.352941176471,0.411764705882,0.235294117647,17,0.128676470588,1.90196078431,4.11764705882,3.18181818182,2.69230769231,1.57648156274,0.382859808093,0.201680672269,2.01465221053,0.978545359402,0.524369747899,1.74894926439,0.849489642704,0.463865546218,0.814492905316,0.428238537847,2.33333333333,1.90196078431,0.814492905316,2.33333333333,0,0,0,0,0.164242424242,17,17,17,1,0,0.352941176471,0.411764705882,0.235294117647,17,37,0.136029411765,1.88235294118,4.35294117647,3.36363636364,2.84615384615,1.69341284359,0.389027274878,0.193958664547,2.09866904602,0.964253345467,0.518282988871,1.87867287326,0.863174022847,0.470588235294,0.786197569093,0.41766745858,2.25,1.88235294118,0.786197569093,2.25,0.166339869281,0.0612244897959,3,0.00441176470588,0.185952380952,17,17,17,1,0,0.352941176471,0.411764705882,0.235294117647,0,0,0,0,0,0,0,0,0,0,0,0,0,0,0,0,0,0,0,0,0,0,0,0,0,0,0,0,0,37,0,0,235,1,1,0,0,1,1,1,1,1,1,2,2,0,0,0,0
1740,WLNM_dir_neg,1,0.5,00:00:00,10,40,44,1982697617,threshold_sweep,0.3,1,1,1,2,0,0,4,1,1,0,0,1,1,1,1,0.555555555556,1,1,1,37,35,2,0,37,0,35,0,2,17,37,0.136029411765,1.88235294118,4.35294117647,3.36363636364,2.84615384615,1.69341284359,0.389027274878,0.193958664547,2.09866904602,0.964253345467,0.518282988871,1.87867287326,0.863174022847,0.470588235294,0.786197569093,0.41766745858,2.25,1.88235294118,0.786197569093,2.25,0.166339869281,0.0612244897959,3,0.00441176470588,0.185952380952,17,17,17,1,0,0.352941176471,0.411764705882,0.235294117647,17,0.128676470588,1.90196078431,4.11764705882,3.18181818182,2.69230769231,1.57648156274,0.382859808093,0.201680672269,2.01465221053,0.978545359402,0.524369747899,1.74894926439,0.849489642704,0.463865546218,0.814492905316,0.428238537847,2.33333333333,1.90196078431,0.814492905316,2.33333333333,0,0,0,0,0.164242424242,17,17,17,1,0,0.352941176471,0.411764705882,0.235294117647,17,37,0.136029411765,1.88235294118,4.35294117647,3.36363636364,2.84615384615,1.69341284359,0.389027274878,0.193958664547,2.09866904602,0.964253345467,0.518282988871,1.87867287326,0.863174022847,0.470588235294,0.786197569093,0.41766745858,2.25,1.88235294118,0.786197569093,2.25,0.166339869281,0.0612244897959,3,0.00441176470588,0.185952380952,17,17,17,1,0,0.352941176471,0.411764705882,0.235294117647,0,0,0,0,0,0,0,0,0,0,0,0,0,0,0,0,0,0,0,0,0,0,0,0,0,0,0,0,0,37,0,0,235,1,1,0,0,1,1,1,1,1,1,2,2,0,0,0,0
1741,WLNM_dir_neg,1,0.5,00:00:00,10,40,44,1982697617,threshold_sweep,0.4,1,1,1,2,0,0,4,1,1,0,0,1,1,1,1,0.555555555556,1,1,1,37,35,2,0,37,0,35,0,2,17,37,0.136029411765,1.88235294118,4.35294117647,3.36363636364,2.84615384615,1.69341284359,0.389027274878,0.193958664547,2.09866904602,0.964253345467,0.518282988871,1.87867287326,0.863174022847,0.470588235294,0.786197569093,0.41766745858,2.25,1.88235294118,0.786197569093,2.25,0.166339869281,0.0612244897959,3,0.00441176470588,0.185952380952,17,17,17,1,0,0.352941176471,0.411764705882,0.235294117647,17,0.128676470588,1.90196078431,4.11764705882,3.18181818182,2.69230769231,1.57648156274,0.382859808093,0.201680672269,2.01465221053,0.978545359402,0.524369747899,1.74894926439,0.849489642704,0.463865546218,0.814492905316,0.428238537847,2.33333333333,1.90196078431,0.814492905316,2.33333333333,0,0,0,0,0.164242424242,17,17,17,1,0,0.352941176471,0.411764705882,0.235294117647,17,37,0.136029411765,1.88235294118,4.35294117647,3.36363636364,2.84615384615,1.69341284359,0.389027274878,0.193958664547,2.09866904602,0.964253345467,0.518282988871,1.87867287326,0.863174022847,0.470588235294,0.786197569093,0.41766745858,2.25,1.88235294118,0.786197569093,2.25,0.166339869281,0.0612244897959,3,0.00441176470588,0.185952380952,17,17,17,1,0,0.352941176471,0.411764705882,0.235294117647,0,0,0,0,0,0,0,0,0,0,0,0,0,0,0,0,0,0,0,0,0,0,0,0,0,0,0,0,0,37,0,0,235,1,1,0,0,1,1,1,1,1,1,2,2,0,0,0,0
1742,WLNM_dir_neg,1,0.5,00:00:00,10,40,44,1982697617,threshold_sweep,0.5,1,1,1,2,0,0,4,1,1,0,0,1,1,1,1,0.555555555556,1,1,1,37,35,2,0,37,0,35,0,2,17,37,0.136029411765,1.88235294118,4.35294117647,3.36363636364,2.84615384615,1.69341284359,0.389027274878,0.193958664547,2.09866904602,0.964253345467,0.518282988871,1.87867287326,0.863174022847,0.470588235294,0.786197569093,0.41766745858,2.25,1.88235294118,0.786197569093,2.25,0.166339869281,0.0612244897959,3,0.00441176470588,0.185952380952,17,17,17,1,0,0.352941176471,0.411764705882,0.235294117647,17,0.128676470588,1.90196078431,4.11764705882,3.18181818182,2.69230769231,1.57648156274,0.382859808093,0.201680672269,2.01465221053,0.978545359402,0.524369747899,1.74894926439,0.849489642704,0.463865546218,0.814492905316,0.428238537847,2.33333333333,1.90196078431,0.814492905316,2.33333333333,0,0,0,0,0.164242424242,17,17,17,1,0,0.352941176471,0.411764705882,0.235294117647,17,37,0.136029411765,1.88235294118,4.35294117647,3.36363636364,2.84615384615,1.69341284359,0.389027274878,0.193958664547,2.09866904602,0.964253345467,0.518282988871,1.87867287326,0.863174022847,0.470588235294,0.786197569093,0.41766745858,2.25,1.88235294118,0.786197569093,2.25,0.166339869281,0.0612244897959,3,0.00441176470588,0.185952380952,17,17,17,1,0,0.352941176471,0.411764705882,0.235294117647,0,0,0,0,0,0,0,0,0,0,0,0,0,0,0,0,0,0,0,0,0,0,0,0,0,0,0,0,0,37,0,0,235,1,1,0,0,1,1,1,1,1,1,2,2,0,0,0,0
1743,WLNM_dir_neg,1,0.5,00:00:00,10,40,44,1982697617,threshold_sweep,0.6,1,1,1,2,0,0,4,1,1,0,0,1,1,1,1,0.555555555556,1,1,1,37,35,2,0,37,0,35,0,2,17,37,0.136029411765,1.88235294118,4.35294117647,3.36363636364,2.84615384615,1.69341284359,0.389027274878,0.193958664547,2.09866904602,0.964253345467,0.518282988871,1.87867287326,0.863174022847,0.470588235294,0.786197569093,0.41766745858,2.25,1.88235294118,0.786197569093,2.25,0.166339869281,0.0612244897959,3,0.00441176470588,0.185952380952,17,17,17,1,0,0.352941176471,0.411764705882,0.235294117647,17,0.128676470588,1.90196078431,4.11764705882,3.18181818182,2.69230769231,1.57648156274,0.382859808093,0.201680672269,2.01465221053,0.978545359402,0.524369747899,1.74894926439,0.849489642704,0.463865546218,0.814492905316,0.428238537847,2.33333333333,1.90196078431,0.814492905316,2.33333333333,0,0,0,0,0.164242424242,17,17,17,1,0,0.352941176471,0.411764705882,0.235294117647,17,37,0.136029411765,1.88235294118,4.35294117647,3.36363636364,2.84615384615,1.69341284359,0.389027274878,0.193958664547,2.09866904602,0.964253345467,0.518282988871,1.87867287326,0.863174022847,0.470588235294,0.786197569093,0.41766745858,2.25,1.88235294118,0.786197569093,2.25,0.166339869281,0.0612244897959,3,0.00441176470588,0.185952380952,17,17,17,1,0,0.352941176471,0.411764705882,0.235294117647,0,0,0,0,0,0,0,0,0,0,0,0,0,0,0,0,0,0,0,0,0,0,0,0,0,0,0,0,0,37,0,0,235,1,1,0,0,1,1,1,1,1,1,2,2,0,0,0,0
1744,WLNM_dir_neg,1,0.5,00:00:00,10,40,44,1982697617,threshold_sweep,0.7,1,1,1,2,0,0,4,1,1,0,0,1,1,1,1,0.555555555556,1,1,1,37,35,2,0,37,0,35,0,2,17,37,0.136029411765,1.88235294118,4.35294117647,3.36363636364,2.84615384615,1.69341284359,0.389027274878,0.193958664547,2.09866904602,0.964253345467,0.518282988871,1.87867287326,0.863174022847,0.470588235294,0.786197569093,0.41766745858,2.25,1.88235294118,0.786197569093,2.25,0.166339869281,0.0612244897959,3,0.00441176470588,0.185952380952,17,17,17,1,0,0.352941176471,0.411764705882,0.235294117647,17,0.128676470588,1.90196078431,4.11764705882,3.18181818182,2.69230769231,1.57648156274,0.382859808093,0.201680672269,2.01465221053,0.978545359402,0.524369747899,1.74894926439,0.849489642704,0.463865546218,0.814492905316,0.428238537847,2.33333333333,1.90196078431,0.814492905316,2.33333333333,0,0,0,0,0.164242424242,17,17,17,1,0,0.352941176471,0.411764705882,0.235294117647,17,37,0.136029411765,1.88235294118,4.35294117647,3.36363636364,2.84615384615,1.69341284359,0.389027274878,0.193958664547,2.09866904602,0.964253345467,0.518282988871,1.87867287326,0.863174022847,0.470588235294,0.786197569093,0.41766745858,2.25,1.88235294118,0.786197569093,2.25,0.166339869281,0.0612244897959,3,0.00441176470588,0.185952380952,17,17,17,1,0,0.352941176471,0.411764705882,0.235294117647,0,0,0,0,0,0,0,0,0,0,0,0,0,0,0,0,0,0,0,0,0,0,0,0,0,0,0,0,0,37,0,0,235,1,1,0,0,1,1,1,1,1,1,2,2,0,0,0,0
1745,WLNM_dir_neg,1,0.5,00:00:00,10,40,44,1982697617,threshold_sweep,0.8,1,1,1,2,0,0,4,1,1,0,0,1,1,1,1,0.555555555556,1,1,1,37,35,2,0,37,0,35,0,2,17,37,0.136029411765,1.88235294118,4.35294117647,3.36363636364,2.84615384615,1.69341284359,0.389027274878,0.193958664547,2.09866904602,0.964253345467,0.518282988871,1.87867287326,0.863174022847,0.470588235294,0.786197569093,0.41766745858,2.25,1.88235294118,0.786197569093,2.25,0.166339869281,0.0612244897959,3,0.00441176470588,0.185952380952,17,17,17,1,0,0.352941176471,0.411764705882,0.235294117647,17,0.128676470588,1.90196078431,4.11764705882,3.18181818182,2.69230769231,1.57648156274,0.382859808093,0.201680672269,2.01465221053,0.978545359402,0.524369747899,1.74894926439,0.849489642704,0.463865546218,0.814492905316,0.428238537847,2.33333333333,1.90196078431,0.814492905316,2.33333333333,0,0,0,0,0.164242424242,17,17,17,1,0,0.352941176471,0.411764705882,0.235294117647,17,37,0.136029411765,1.88235294118,4.35294117647,3.36363636364,2.84615384615,1.69341284359,0.389027274878,0.193958664547,2.09866904602,0.964253345467,0.518282988871,1.87867287326,0.863174022847,0.470588235294,0.786197569093,0.41766745858,2.25,1.88235294118,0.786197569093,2.25,0.166339869281,0.0612244897959,3,0.00441176470588,0.185952380952,17,17,17,1,0,0.352941176471,0.411764705882,0.235294117647,0,0,0,0,0,0,0,0,0,0,0,0,0,0,0,0,0,0,0,0,0,0,0,0,0,0,0,0,0,37,0,0,235,1,1,0,0,1,1,1,1,1,1,2,2,0,0,0,0
1746,WLNM_dir_neg,1,0.5,00:00:00,10,40,44,1982697617,threshold_sweep,0.9,1,1,1,2,0,0,4,1,1,0,0,1,1,1,1,0.555555555556,1,1,1,37,35,2,0,37,0,35,0,2,17,37,0.136029411765,1.88235294118,4.35294117647,3.36363636364,2.84615384615,1.69341284359,0.389027274878,0.193958664547,2.09866904602,0.964253345467,0.518282988871,1.87867287326,0.863174022847,0.470588235294,0.786197569093,0.41766745858,2.25,1.88235294118,0.786197569093,2.25,0.166339869281,0.0612244897959,3,0.00441176470588,0.185952380952,17,17,17,1,0,0.352941176471,0.411764705882,0.235294117647,17,0.128676470588,1.90196078431,4.11764705882,3.18181818182,2.69230769231,1.57648156274,0.382859808093,0.201680672269,2.01465221053,0.978545359402,0.524369747899,1.74894926439,0.849489642704,0.463865546218,0.814492905316,0.428238537847,2.33333333333,1.90196078431,0.814492905316,2.33333333333,0,0,0,0,0.164242424242,17,17,17,1,0,0.352941176471,0.411764705882,0.235294117647,17,37,0.136029411765,1.88235294118,4.35294117647,3.36363636364,2.84615384615,1.69341284359,0.389027274878,0.193958664547,2.09866904602,0.964253345467,0.518282988871,1.87867287326,0.863174022847,0.470588235294,0.786197569093,0.41766745858,2.25,1.88235294118,0.786197569093,2.25,0.166339869281,0.0612244897959,3,0.00441176470588,0.185952380952,17,17,17,1,0,0.352941176471,0.411764705882,0.235294117647,0,0,0,0,0,0,0,0,0,0,0,0,0,0,0,0,0,0,0,0,0,0,0,0,0,0,0,0,0,37,0,0,235,1,1,0,0,1,1,1,1,1,1,2,2,0,0,0,0
1747,WLNM_dir_neg,1,0.5,00:00:00,10,40,45,1982697618,threshold_sweep,0.1,0.666666666667,1,0.8,2,1,0,3,1,0.75,0.25,0,0.666666666667,1,0.8,0.833333333333,0.5,0.666666666667,0.707106781187,0.75,37,35,2,0,37,0,35,0,2,17,37,0.136029411765,1.88235294118,4.35294117647,3.36363636364,2.84615384615,1.69341284359,0.389027274878,0.193958664547,2.09866904602,0.964253345467,0.518282988871,1.87867287326,0.863174022847,0.470588235294,0.786197569093,0.41766745858,2.25,1.88235294118,0.786197569093,2.25,0.166339869281,0.0612244897959,3,0.00441176470588,0.185952380952,17,17,17,1,0,0.352941176471,0.411764705882,0.235294117647,17,0.128676470588,1.90196078431,4.11764705882,3.18181818182,2.69230769231,1.57648156274,0.382859808093,0.201680672269,2.01465221053,0.978545359402,0.524369747899,1.74894926439,0.849489642704,0.463865546218,0.814492905316,0.428238537847,2.33333333333,1.90196078431,0.814492905316,2.33333333333,0,0,0,0,0.164242424242,17,17,17,1,0,0.352941176471,0.411764705882,0.235294117647,17,38,0.139705882353,1.91911764706,4.47058823529,3.45454545455,2.71428571429,1.66274047354,0.371928790134,0.188854489164,2.07754096725,0.929426222189,0.501547987616,1.82103719638,0.814674535221,0.442724458204,0.851172418076,0.443522792561,2.5,1.91911764706,0.851172418076,2.5,0.152287581699,0.0779220779221,4,0.00588235294118,0.183528138528,17,17,17,1,0,0.352941176471,0.470588235294,0.176470588235,1,0.00367647058824,0.0367647058824,0.117647058824,0.0909090909091,-0.131868131868,-0.030672370045,-0.0170984847437,-0.00510417538281,-0.0211280787694,-0.0348271232775,-0.0167350012551,-0.0576356768785,-0.0484994876259,-0.0278637770898,0.0649748489839,0.0258553339805,0.25,0.0367647058824,0.0649748489839,0.25,-0.0140522875817,0.0166975881262,1,0.00147058823529,-0.00242424242424,0,0.0588235294118,-0.0588235294118,37,1,0,234,1,0.995744680851,0.00425531914894,0,0.973684210526,1,0.986666666667,0.984652666406,0.995744680851,0.973684210526,3,2,0,0,0,0
1748,WLNM_dir_neg,1,0.5,00:00:00,10,40,45,1982697618,threshold_sweep,0.2,0.666666666667,1,0.8,2,1,0,3,1,0.75,0.25,0,0.666666666667,1,0.8,0.833333333333,0.5,0.666666666667,0.707106781187,0.75,37,35,2,0,37,0,35,0,2,17,37,0.136029411765,1.88235294118,4.35294117647,3.36363636364,2.84615384615,1.69341284359,0.389027274878,0.193958664547,2.09866904602,0.964253345467,0.518282988871,1.87867287326,0.863174022847,0.470588235294,0.786197569093,0.41766745858,2.25,1.88235294118,0.786197569093,2.25,0.166339869281,0.0612244897959,3,0.00441176470588,0.185952380952,17,17,17,1,0,0.352941176471,0.411764705882,0.235294117647,17,0.128676470588,1.90196078431,4.11764705882,3.18181818182,2.69230769231,1.57648156274,0.382859808093,0.201680672269,2.01465221053,0.978545359402,0.524369747899,1.74894926439,0.849489642704,0.463865546218,0.814492905316,0.428238537847,2.33333333333,1.90196078431,0.814492905316,2.33333333333,0,0,0,0,0.164242424242,17,17,17,1,0,0.352941176471,0.411764705882,0.235294117647,17,38,0.139705882353,1.91911764706,4.47058823529,3.45454545455,2.71428571429,1.66274047354,0.371928790134,0.188854489164,2.07754096725,0.929426222189,0.501547987616,1.82103719638,0.814674535221,0.442724458204,0.851172418076,0.443522792561,2.5,1.91911764706,0.851172418076,2.5,0.152287581699,0.0779220779221,4,0.00588235294118,0.183528138528,17,17,17,1,0,0.352941176471,0.470588235294,0.176470588235,1,0.00367647058824,0.0367647058824,0.117647058824,0.0909090909091,-0.131868131868,-0.030672370045,-0.0170984847437,-0.00510417538281,-0.0211280787694,-0.0348271232775,-0.0167350012551,-0.0576356768785,-0.0484994876259,-0.0278637770898,0.0649748489839,0.0258553339805,0.25,0.0367647058824,0.0649748489839,0.25,-0.0140522875817,0.0166975881262,1,0.00147058823529,-0.00242424242424,0,0.0588235294118,-0.0588235294118,37,1,0,234,1,0.995744680851,0.00425531914894,0,0.973684210526,1,0.986666666667,0.984652666406,0.995744680851,0.973684210526,3,2,0,0,0,0
1749,WLNM_dir_neg,1,0.5,00:00:00,10,40,45,1982697618,threshold_sweep,0.3,0.666666666667,1,0.8,2,1,0,3,1,0.75,0.25,0,0.666666666667,1,0.8,0.833333333333,0.5,0.666666666667,0.707106781187,0.75,37,35,2,0,37,0,35,0,2,17,37,0.136029411765,1.88235294118,4.35294117647,3.36363636364,2.84615384615,1.69341284359,0.389027274878,0.193958664547,2.09866904602,0.964253345467,0.518282988871,1.87867287326,0.863174022847,0.470588235294,0.786197569093,0.41766745858,2.25,1.88235294118,0.786197569093,2.25,0.166339869281,0.0612244897959,3,0.00441176470588,0.185952380952,17,17,17,1,0,0.352941176471,0.411764705882,0.235294117647,17,0.128676470588,1.90196078431,4.11764705882,3.18181818182,2.69230769231,1.57648156274,0.382859808093,0.201680672269,2.01465221053,0.978545359402,0.524369747899,1.74894926439,0.849489642704,0.463865546218,0.814492905316,0.428238537847,2.33333333333,1.90196078431,0.814492905316,2.33333333333,0,0,0,0,0.164242424242,17,17,17,1,0,0.352941176471,0.411764705882,0.235294117647,17,38,0.139705882353,1.91911764706,4.47058823529,3.45454545455,2.71428571429,1.66274047354,0.371928790134,0.188854489164,2.07754096725,0.929426222189,0.501547987616,1.82103719638,0.814674535221,0.442724458204,0.851172418076,0.443522792561,2.5,1.91911764706,0.851172418076,2.5,0.152287581699,0.0779220779221,4,0.00588235294118,0.183528138528,17,17,17,1,0,0.352941176471,0.470588235294,0.176470588235,1,0.00367647058824,0.0367647058824,0.117647058824,0.0909090909091,-0.131868131868,-0.030672370045,-0.0170984847437,-0.00510417538281,-0.0211280787694,-0.0348271232775,-0.0167350012551,-0.0576356768785,-0.0484994876259,-0.0278637770898,0.0649748489839,0.0258553339805,0.25,0.0367647058824,0.0649748489839,0.25,-0.0140522875817,0.0166975881262,1,0.00147058823529,-0.00242424242424,0,0.0588235294118,-0.0588235294118,37,1,0,234,1,0.995744680851,0.00425531914894,0,0.973684210526,1,0.986666666667,0.984652666406,0.995744680851,0.973684210526,3,2,0,0,0,0
1750,WLNM_dir_neg,1,0.5,00:00:00,10,40,45,1982697618,threshold_sweep,0.4,0.666666666667,1,0.8,2,1,0,3,1,0.75,0.25,0,0.666666666667,1,0.8,0.833333333333,0.5,0.666666666667,0.707106781187,0.75,37,35,2,0,37,0,35,0,2,17,37,0.136029411765,1.88235294118,4.35294117647,3.36363636364,2.84615384615,1.69341284359,0.389027274878,0.193958664547,2.09866904602,0.964253345467,0.518282988871,1.87867287326,0.863174022847,0.470588235294,0.786197569093,0.41766745858,2.25,1.88235294118,0.786197569093,2.25,0.166339869281,0.0612244897959,3,0.00441176470588,0.185952380952,17,17,17,1,0,0.352941176471,0.411764705882,0.235294117647,17,0.128676470588,1.90196078431,4.11764705882,3.18181818182,2.69230769231,1.57648156274,0.382859808093,0.201680672269,2.01465221053,0.978545359402,0.524369747899,1.74894926439,0.849489642704,0.463865546218,0.814492905316,0.428238537847,2.33333333333,1.90196078431,0.814492905316,2.33333333333,0,0,0,0,0.164242424242,17,17,17,1,0,0.352941176471,0.411764705882,0.235294117647,17,38,0.139705882353,1.91911764706,4.47058823529,3.45454545455,2.71428571429,1.66274047354,0.371928790134,0.188854489164,2.07754096725,0.929426222189,0.501547987616,1.82103719638,0.814674535221,0.442724458204,0.851172418076,0.443522792561,2.5,1.91911764706,0.851172418076,2.5,0.152287581699,0.0779220779221,4,0.00588235294118,0.183528138528,17,17,17,1,0,0.352941176471,0.470588235294,0.176470588235,1,0.00367647058824,0.0367647058824,0.117647058824,0.0909090909091,-0.131868131868,-0.030672370045,-0.0170984847437,-0.00510417538281,-0.0211280787694,-0.0348271232775,-0.0167350012551,-0.0576356768785,-0.0484994876259,-0.0278637770898,0.0649748489839,0.0258553339805,0.25,0.0367647058824,0.0649748489839,0.25,-0.0140522875817,0.0166975881262,1,0.00147058823529,-0.00242424242424,0,0.0588235294118,-0.0588235294118,37,1,0,234,1,0.995744680851,0.00425531914894,0,0.973684210526,1,0.986666666667,0.984652666406,0.995744680851,0.973684210526,3,2,0,0,0,0
1751,WLNM_dir_neg,1,0.5,00:00:00,10,40,45,1982697618,threshold_sweep,0.5,0.666666666667,1,0.8,2,1,0,3,1,0.75,0.25,0,0.666666666667,1,0.8,0.833333333333,0.5,0.666666666667,0.707106781187,0.75,37,35,2,0,37,0,35,0,2,17,37,0.136029411765,1.88235294118,4.35294117647,3.36363636364,2.84615384615,1.69341284359,0.389027274878,0.193958664547,2.09866904602,0.964253345467,0.518282988871,1.87867287326,0.863174022847,0.470588235294,0.786197569093,0.41766745858,2.25,1.88235294118,0.786197569093,2.25,0.166339869281,0.0612244897959,3,0.00441176470588,0.185952380952,17,17,17,1,0,0.352941176471,0.411764705882,0.235294117647,17,0.128676470588,1.90196078431,4.11764705882,3.18181818182,2.69230769231,1.57648156274,0.382859808093,0.201680672269,2.01465221053,0.978545359402,0.524369747899,1.74894926439,0.849489642704,0.463865546218,0.814492905316,0.428238537847,2.33333333333,1.90196078431,0.814492905316,2.33333333333,0,0,0,0,0.164242424242,17,17,17,1,0,0.352941176471,0.411764705882,0.235294117647,17,38,0.139705882353,1.91911764706,4.47058823529,3.45454545455,2.71428571429,1.66274047354,0.371928790134,0.188854489164,2.07754096725,0.929426222189,0.501547987616,1.82103719638,0.814674535221,0.442724458204,0.851172418076,0.443522792561,2.5,1.91911764706,0.851172418076,2.5,0.152287581699,0.0779220779221,4,0.00588235294118,0.183528138528,17,17,17,1,0,0.352941176471,0.470588235294,0.176470588235,1,0.00367647058824,0.0367647058824,0.117647058824,0.0909090909091,-0.131868131868,-0.030672370045,-0.0170984847437,-0.00510417538281,-0.0211280787694,-0.0348271232775,-0.0167350012551,-0.0576356768785,-0.0484994876259,-0.0278637770898,0.0649748489839,0.0258553339805,0.25,0.0367647058824,0.0649748489839,0.25,-0.0140522875817,0.0166975881262,1,0.00147058823529,-0.00242424242424,0,0.0588235294118,-0.0588235294118,37,1,0,234,1,0.995744680851,0.00425531914894,0,0.973684210526,1,0.986666666667,0.984652666406,0.995744680851,0.973684210526,3,2,0,0,0,0
1752,WLNM_dir_neg,1,0.5,00:00:00,10,40,45,1982697618,threshold_sweep,0.6,0.666666666667,1,0.8,2,1,0,3,1,0.75,0.25,0,0.666666666667,1,0.8,0.833333333333,0.5,0.666666666667,0.707106781187,0.75,37,35,2,0,37,0,35,0,2,17,37,0.136029411765,1.88235294118,4.35294117647,3.36363636364,2.84615384615,1.69341284359,0.389027274878,0.193958664547,2.09866904602,0.964253345467,0.518282988871,1.87867287326,0.863174022847,0.470588235294,0.786197569093,0.41766745858,2.25,1.88235294118,0.786197569093,2.25,0.166339869281,0.0612244897959,3,0.00441176470588,0.185952380952,17,17,17,1,0,0.352941176471,0.411764705882,0.235294117647,17,0.128676470588,1.90196078431,4.11764705882,3.18181818182,2.69230769231,1.57648156274,0.382859808093,0.201680672269,2.01465221053,0.978545359402,0.524369747899,1.74894926439,0.849489642704,0.463865546218,0.814492905316,0.428238537847,2.33333333333,1.90196078431,0.814492905316,2.33333333333,0,0,0,0,0.164242424242,17,17,17,1,0,0.352941176471,0.411764705882,0.235294117647,17,38,0.139705882353,1.91911764706,4.47058823529,3.45454545455,2.71428571429,1.66274047354,0.371928790134,0.188854489164,2.07754096725,0.929426222189,0.501547987616,1.82103719638,0.814674535221,0.442724458204,0.851172418076,0.443522792561,2.5,1.91911764706,0.851172418076,2.5,0.152287581699,0.0779220779221,4,0.00588235294118,0.183528138528,17,17,17,1,0,0.352941176471,0.470588235294,0.176470588235,1,0.00367647058824,0.0367647058824,0.117647058824,0.0909090909091,-0.131868131868,-0.030672370045,-0.0170984847437,-0.00510417538281,-0.0211280787694,-0.0348271232775,-0.0167350012551,-0.0576356768785,-0.0484994876259,-0.0278637770898,0.0649748489839,0.0258553339805,0.25,0.0367647058824,0.0649748489839,0.25,-0.0140522875817,0.0166975881262,1,0.00147058823529,-0.00242424242424,0,0.0588235294118,-0.0588235294118,37,1,0,234,1,0.995744680851,0.00425531914894,0,0.973684210526,1,0.986666666667,0.984652666406,0.995744680851,0.973684210526,3,2,0,0,0,0
1753,WLNM_dir_neg,1,0.5,00:00:00,10,40,45,1982697618,threshold_sweep,0.7,0.666666666667,1,0.8,2,1,0,3,1,0.75,0.25,0,0.666666666667,1,0.8,0.833333333333,0.5,0.666666666667,0.707106781187,0.75,37,35,2,0,37,0,35,0,2,17,37,0.136029411765,1.88235294118,4.35294117647,3.36363636364,2.84615384615,1.69341284359,0.389027274878,0.193958664547,2.09866904602,0.964253345467,0.518282988871,1.87867287326,0.863174022847,0.470588235294,0.786197569093,0.41766745858,2.25,1.88235294118,0.786197569093,2.25,0.166339869281,0.0612244897959,3,0.00441176470588,0.185952380952,17,17,17,1,0,0.352941176471,0.411764705882,0.235294117647,17,0.128676470588,1.90196078431,4.11764705882,3.18181818182,2.69230769231,1.57648156274,0.382859808093,0.201680672269,2.01465221053,0.978545359402,0.524369747899,1.74894926439,0.849489642704,0.463865546218,0.814492905316,0.428238537847,2.33333333333,1.90196078431,0.814492905316,2.33333333333,0,0,0,0,0.164242424242,17,17,17,1,0,0.352941176471,0.411764705882,0.235294117647,17,38,0.139705882353,1.91911764706,4.47058823529,3.45454545455,2.71428571429,1.66274047354,0.371928790134,0.188854489164,2.07754096725,0.929426222189,0.501547987616,1.82103719638,0.814674535221,0.442724458204,0.851172418076,0.443522792561,2.5,1.91911764706,0.851172418076,2.5,0.152287581699,0.0779220779221,4,0.00588235294118,0.183528138528,17,17,17,1,0,0.352941176471,0.470588235294,0.176470588235,1,0.00367647058824,0.0367647058824,0.117647058824,0.0909090909091,-0.131868131868,-0.030672370045,-0.0170984847437,-0.00510417538281,-0.0211280787694,-0.0348271232775,-0.0167350012551,-0.0576356768785,-0.0484994876259,-0.0278637770898,0.0649748489839,0.0258553339805,0.25,0.0367647058824,0.0649748489839,0.25,-0.0140522875817,0.0166975881262,1,0.00147058823529,-0.00242424242424,0,0.0588235294118,-0.0588235294118,37,1,0,234,1,0.995744680851,0.00425531914894,0,0.973684210526,1,0.986666666667,0.984652666406,0.995744680851,0.973684210526,3,2,0,0,0,0
1754,WLNM_dir_neg,1,0.5,00:00:00,10,40,45,1982697618,threshold_sweep,0.8,0.666666666667,1,0.8,2,1,0,3,1,0.75,0.25,0,0.666666666667,1,0.8,0.833333333333,0.5,0.666666666667,0.707106781187,0.75,37,35,2,0,37,0,35,0,2,17,37,0.136029411765,1.88235294118,4.35294117647,3.36363636364,2.84615384615,1.69341284359,0.389027274878,0.193958664547,2.09866904602,0.964253345467,0.518282988871,1.87867287326,0.863174022847,0.470588235294,0.786197569093,0.41766745858,2.25,1.88235294118,0.786197569093,2.25,0.166339869281,0.0612244897959,3,0.00441176470588,0.185952380952,17,17,17,1,0,0.352941176471,0.411764705882,0.235294117647,17,0.128676470588,1.90196078431,4.11764705882,3.18181818182,2.69230769231,1.57648156274,0.382859808093,0.201680672269,2.01465221053,0.978545359402,0.524369747899,1.74894926439,0.849489642704,0.463865546218,0.814492905316,0.428238537847,2.33333333333,1.90196078431,0.814492905316,2.33333333333,0,0,0,0,0.164242424242,17,17,17,1,0,0.352941176471,0.411764705882,0.235294117647,17,38,0.139705882353,1.91911764706,4.47058823529,3.45454545455,2.71428571429,1.66274047354,0.371928790134,0.188854489164,2.07754096725,0.929426222189,0.501547987616,1.82103719638,0.814674535221,0.442724458204,0.851172418076,0.443522792561,2.5,1.91911764706,0.851172418076,2.5,0.152287581699,0.0779220779221,4,0.00588235294118,0.183528138528,17,17,17,1,0,0.352941176471,0.470588235294,0.176470588235,1,0.00367647058824,0.0367647058824,0.117647058824,0.0909090909091,-0.131868131868,-0.030672370045,-0.0170984847437,-0.00510417538281,-0.0211280787694,-0.0348271232775,-0.0167350012551,-0.0576356768785,-0.0484994876259,-0.0278637770898,0.0649748489839,0.0258553339805,0.25,0.0367647058824,0.0649748489839,0.25,-0.0140522875817,0.0166975881262,1,0.00147058823529,-0.00242424242424,0,0.0588235294118,-0.0588235294118,37,1,0,234,1,0.995744680851,0.00425531914894,0,0.973684210526,1,0.986666666667,0.984652666406,0.995744680851,0.973684210526,3,2,0,0,0,0
1755,WLNM_dir_neg,1,0.5,00:00:00,10,40,45,1982697618,threshold_sweep,0.9,0.666666666667,1,0.8,2,1,0,3,1,0.75,0.25,0,0.666666666667,1,0.8,0.833333333333,0.5,0.666666666667,0.707106781187,0.75,37,35,2,0,37,0,35,0,2,17,37,0.136029411765,1.88235294118,4.35294117647,3.36363636364,2.84615384615,1.69341284359,0.389027274878,0.193958664547,2.09866904602,0.964253345467,0.518282988871,1.87867287326,0.863174022847,0.470588235294,0.786197569093,0.41766745858,2.25,1.88235294118,0.786197569093,2.25,0.166339869281,0.0612244897959,3,0.00441176470588,0.185952380952,17,17,17,1,0,0.352941176471,0.411764705882,0.235294117647,17,0.128676470588,1.90196078431,4.11764705882,3.18181818182,2.69230769231,1.57648156274,0.382859808093,0.201680672269,2.01465221053,0.978545359402,0.524369747899,1.74894926439,0.849489642704,0.463865546218,0.814492905316,0.428238537847,2.33333333333,1.90196078431,0.814492905316,2.33333333333,0,0,0,0,0.164242424242,17,17,17,1,0,0.352941176471,0.411764705882,0.235294117647,17,38,0.139705882353,1.91911764706,4.47058823529,3.45454545455,2.71428571429,1.66274047354,0.371928790134,0.188854489164,2.07754096725,0.929426222189,0.501547987616,1.82103719638,0.814674535221,0.442724458204,0.851172418076,0.443522792561,2.5,1.91911764706,0.851172418076,2.5,0.152287581699,0.0779220779221,4,0.00588235294118,0.183528138528,17,17,17,1,0,0.352941176471,0.470588235294,0.176470588235,1,0.00367647058824,0.0367647058824,0.117647058824,0.0909090909091,-0.131868131868,-0.030672370045,-0.0170984847437,-0.00510417538281,-0.0211280787694,-0.0348271232775,-0.0167350012551,-0.0576356768785,-0.0484994876259,-0.0278637770898,0.0649748489839,0.0258553339805,0.25,0.0367647058824,0.0649748489839,0.25,-0.0140522875817,0.0166975881262,1,0.00147058823529,-0.00242424242424,0,0.0588235294118,-0.0588235294118,37,1,0,234,1,0.995744680851,0.00425531914894,0,0.973684210526,1,0.986666666667,0.984652666406,0.995744680851,0.973684210526,3,2,0,0,0,0
1756,WLNM_dir_neg,1,0.5,00:00:01,10,40,46,1982697619,threshold_sweep,0.1,0.666666666667,1,0.8,2,1,0,3,1,0.75,0.25,0,0.666666666667,1,0.8,0.833333333333,0.5,0.666666666667,0.707106781187,0.75,37,35,2,0,37,0,35,0,2,17,37,0.136029411765,1.88235294118,4.35294117647,3.36363636364,2.84615384615,1.69341284359,0.389027274878,0.193958664547,2.09866904602,0.964253345467,0.518282988871,1.87867287326,0.863174022847,0.470588235294,0.786197569093,0.41766745858,2.25,1.88235294118,0.786197569093,2.25,0.166339869281,0.0612244897959,3,0.00441176470588,0.185952380952,17,17,17,1,0,0.352941176471,0.411764705882,0.235294117647,17,0.128676470588,1.90196078431,4.11764705882,3.18181818182,2.69230769231,1.57648156274,0.382859808093,0.201680672269,2.01465221053,0.978545359402,0.524369747899,1.74894926439,0.849489642704,0.463865546218,0.814492905316,0.428238537847,2.33333333333,1.90196078431,0.814492905316,2.33333333333,0,0,0,0,0.164242424242,17,17,17,1,0,0.352941176471,0.411764705882,0.235294117647,17,38,0.139705882353,1.87941176471,4.47058823529,3.45454545455,2.71428571429,1.73629084037,0.388380845872,0.198142414861,2.16591238756,0.968960804961,0.517027863777,1.82103719638,0.814674535221,0.442724458204,0.780836655359,0.415468642914,2.2,1.87941176471,0.780836655359,2.2,0.162418300654,0.0576923076923,3,0.00441176470588,0.182878787879,17,17,17,1,0,0.352941176471,0.470588235294,0.176470588235,1,0.00367647058824,-0.00294117647059,0.117647058824,0.0909090909091,-0.131868131868,0.0428779967836,-0.000646429005719,0.00418375031378,0.0672433415445,0.00470745949447,-0.00125512509413,-0.0576356768785,-0.0484994876259,-0.0278637770898,-0.00536091373311,-0.00219881566616,-0.05,-0.00294117647059,-0.00536091373311,-0.05,-0.00392156862745,-0.00353218210361,0,0,-0.00307359307359,0,0.0588235294118,-0.0588235294118,37,1,0,234,1,0.995744680851,0.00425531914894,0,0.973684210526,1,0.986666666667,0.984652666406,0.995744680851,0.973684210526,3,2,0,0,0,0
1757,WLNM_dir_neg,1,0.5,00:00:01,10,40,46,1982697619,threshold_sweep,0.2,0.666666666667,1,0.8,2,1,0,3,1,0.75,0.25,0,0.666666666667,1,0.8,0.833333333333,0.5,0.666666666667,0.707106781187,0.75,37,35,2,0,37,0,35,0,2,17,37,0.136029411765,1.88235294118,4.35294117647,3.36363636364,2.84615384615,1.69341284359,0.389027274878,0.193958664547,2.09866904602,0.964253345467,0.518282988871,1.87867287326,0.863174022847,0.470588235294,0.786197569093,0.41766745858,2.25,1.88235294118,0.786197569093,2.25,0.166339869281,0.0612244897959,3,0.00441176470588,0.185952380952,17,17,17,1,0,0.352941176471,0.411764705882,0.235294117647,17,0.128676470588,1.90196078431,4.11764705882,3.18181818182,2.69230769231,1.57648156274,0.382859808093,0.201680672269,2.01465221053,0.978545359402,0.524369747899,1.74894926439,0.849489642704,0.463865546218,0.814492905316,0.428238537847,2.33333333333,1.90196078431,0.814492905316,2.33333333333,0,0,0,0,0.164242424242,17,17,17,1,0,0.352941176471,0.411764705882,0.235294117647,17,38,0.139705882353,1.87941176471,4.47058823529,3.45454545455,2.71428571429,1.73629084037,0.388380845872,0.198142414861,2.16591238756,0.968960804961,0.517027863777,1.82103719638,0.814674535221,0.442724458204,0.780836655359,0.415468642914,2.2,1.87941176471,0.780836655359,2.2,0.162418300654,0.0576923076923,3,0.00441176470588,0.182878787879,17,17,17,1,0,0.352941176471,0.470588235294,0.176470588235,1,0.00367647058824,-0.00294117647059,0.117647058824,0.0909090909091,-0.131868131868,0.0428779967836,-0.000646429005719,0.00418375031378,0.0672433415445,0.00470745949447,-0.00125512509413,-0.0576356768785,-0.0484994876259,-0.0278637770898,-0.00536091373311,-0.00219881566616,-0.05,-0.00294117647059,-0.00536091373311,-0.05,-0.00392156862745,-0.00353218210361,0,0,-0.00307359307359,0,0.0588235294118,-0.0588235294118,37,1,0,234,1,0.995744680851,0.00425531914894,0,0.973684210526,1,0.986666666667,0.984652666406,0.995744680851,0.973684210526,3,2,0,0,0,0
1758,WLNM_dir_neg,1,0.5,00:00:01,10,40,46,1982697619,threshold_sweep,0.3,0.666666666667,1,0.8,2,1,0,3,1,0.75,0.25,0,0.666666666667,1,0.8,0.833333333333,0.5,0.666666666667,0.707106781187,0.75,37,35,2,0,37,0,35,0,2,17,37,0.136029411765,1.88235294118,4.35294117647,3.36363636364,2.84615384615,1.69341284359,0.389027274878,0.193958664547,2.09866904602,0.964253345467,0.518282988871,1.87867287326,0.863174022847,0.470588235294,0.786197569093,0.41766745858,2.25,1.88235294118,0.786197569093,2.25,0.166339869281,0.0612244897959,3,0.00441176470588,0.185952380952,17,17,17,1,0,0.352941176471,0.411764705882,0.235294117647,17,0.128676470588,1.90196078431,4.11764705882,3.18181818182,2.69230769231,1.57648156274,0.382859808093,0.201680672269,2.01465221053,0.978545359402,0.524369747899,1.74894926439,0.849489642704,0.463865546218,0.814492905316,0.428238537847,2.33333333333,1.90196078431,0.814492905316,2.33333333333,0,0,0,0,0.164242424242,17,17,17,1,0,0.352941176471,0.411764705882,0.235294117647,17,38,0.139705882353,1.87941176471,4.47058823529,3.45454545455,2.71428571429,1.73629084037,0.388380845872,0.198142414861,2.16591238756,0.968960804961,0.517027863777,1.82103719638,0.814674535221,0.442724458204,0.780836655359,0.415468642914,2.2,1.87941176471,0.780836655359,2.2,0.162418300654,0.0576923076923,3,0.00441176470588,0.182878787879,17,17,17,1,0,0.352941176471,0.470588235294,0.176470588235,1,0.00367647058824,-0.00294117647059,0.117647058824,0.0909090909091,-0.131868131868,0.0428779967836,-0.000646429005719,0.00418375031378,0.0672433415445,0.00470745949447,-0.00125512509413,-0.0576356768785,-0.0484994876259,-0.0278637770898,-0.00536091373311,-0.00219881566616,-0.05,-0.00294117647059,-0.00536091373311,-0.05,-0.00392156862745,-0.00353218210361,0,0,-0.00307359307359,0,0.0588235294118,-0.0588235294118,37,1,0,234,1,0.995744680851,0.00425531914894,0,0.973684210526,1,0.986666666667,0.984652666406,0.995744680851,0.973684210526,3,2,0,0,0,0
1759,WLNM_dir_neg,1,0.5,00:00:01,10,40,46,1982697619,threshold_sweep,0.4,0.666666666667,1,0.8,2,1,0,3,1,0.75,0.25,0,0.666666666667,1,0.8,0.833333333333,0.5,0.666666666667,0.707106781187,0.75,37,35,2,0,37,0,35,0,2,17,37,0.136029411765,1.88235294118,4.35294117647,3.36363636364,2.84615384615,1.69341284359,0.389027274878,0.193958664547,2.09866904602,0.964253345467,0.518282988871,1.87867287326,0.863174022847,0.470588235294,0.786197569093,0.41766745858,2.25,1.88235294118,0.786197569093,2.25,0.166339869281,0.0612244897959,3,0.00441176470588,0.185952380952,17,17,17,1,0,0.352941176471,0.411764705882,0.235294117647,17,0.128676470588,1.90196078431,4.11764705882,3.18181818182,2.69230769231,1.57648156274,0.382859808093,0.201680672269,2.01465221053,0.978545359402,0.524369747899,1.74894926439,0.849489642704,0.463865546218,0.814492905316,0.428238537847,2.33333333333,1.90196078431,0.814492905316,2.33333333333,0,0,0,0,0.164242424242,17,17,17,1,0,0.352941176471,0.411764705882,0.235294117647,17,38,0.139705882353,1.87941176471,4.47058823529,3.45454545455,2.71428571429,1.73629084037,0.388380845872,0.198142414861,2.16591238756,0.968960804961,0.517027863777,1.82103719638,0.814674535221,0.442724458204,0.780836655359,0.415468642914,2.2,1.87941176471,0.780836655359,2.2,0.162418300654,0.0576923076923,3,0.00441176470588,0.182878787879,17,17,17,1,0,0.352941176471,0.470588235294,0.176470588235,1,0.00367647058824,-0.00294117647059,0.117647058824,0.0909090909091,-0.131868131868,0.0428779967836,-0.000646429005719,0.00418375031378,0.0672433415445,0.00470745949447,-0.00125512509413,-0.0576356768785,-0.0484994876259,-0.0278637770898,-0.00536091373311,-0.00219881566616,-0.05,-0.00294117647059,-0.00536091373311,-0.05,-0.00392156862745,-0.00353218210361,0,0,-0.00307359307359,0,0.0588235294118,-0.0588235294118,37,1,0,234,1,0.995744680851,0.00425531914894,0,0.973684210526,1,0.986666666667,0.984652666406,0.995744680851,0.973684210526,3,2,0,0,0,0
1760,WLNM_dir_neg,1,0.5,00:00:01,10,40,46,1982697619,threshold_sweep,0.5,0.666666666667,1,0.8,2,1,0,3,1,0.75,0.25,0,0.666666666667,1,0.8,0.833333333333,0.5,0.666666666667,0.707106781187,0.75,37,35,2,0,37,0,35,0,2,17,37,0.136029411765,1.88235294118,4.35294117647,3.36363636364,2.84615384615,1.69341284359,0.389027274878,0.193958664547,2.09866904602,0.964253345467,0.518282988871,1.87867287326,0.863174022847,0.470588235294,0.786197569093,0.41766745858,2.25,1.88235294118,0.786197569093,2.25,0.166339869281,0.0612244897959,3,0.00441176470588,0.185952380952,17,17,17,1,0,0.352941176471,0.411764705882,0.235294117647,17,0.128676470588,1.90196078431,4.11764705882,3.18181818182,2.69230769231,1.57648156274,0.382859808093,0.201680672269,2.01465221053,0.978545359402,0.524369747899,1.74894926439,0.849489642704,0.463865546218,0.814492905316,0.428238537847,2.33333333333,1.90196078431,0.814492905316,2.33333333333,0,0,0,0,0.164242424242,17,17,17,1,0,0.352941176471,0.411764705882,0.235294117647,17,38,0.139705882353,1.87941176471,4.47058823529,3.45454545455,2.71428571429,1.73629084037,0.388380845872,0.198142414861,2.16591238756,0.968960804961,0.517027863777,1.82103719638,0.814674535221,0.442724458204,0.780836655359,0.415468642914,2.2,1.87941176471,0.780836655359,2.2,0.162418300654,0.0576923076923,3,0.00441176470588,0.182878787879,17,17,17,1,0,0.352941176471,0.470588235294,0.176470588235,1,0.00367647058824,-0.00294117647059,0.117647058824,0.0909090909091,-0.131868131868,0.0428779967836,-0.000646429005719,0.00418375031378,0.0672433415445,0.00470745949447,-0.00125512509413,-0.0576356768785,-0.0484994876259,-0.0278637770898,-0.00536091373311,-0.00219881566616,-0.05,-0.00294117647059,-0.00536091373311,-0.05,-0.00392156862745,-0.00353218210361,0,0,-0.00307359307359,0,0.0588235294118,-0.0588235294118,37,1,0,234,1,0.995744680851,0.00425531914894,0,0.973684210526,1,0.986666666667,0.984652666406,0.995744680851,0.973684210526,3,2,0,0,0,0
1761,WLNM_dir_neg,1,0.5,00:00:01,10,40,46,1982697619,threshold_sweep,0.6,0.666666666667,1,0.8,2,1,0,3,1,0.75,0.25,0,0.666666666667,1,0.8,0.833333333333,0.5,0.666666666667,0.707106781187,0.75,37,35,2,0,37,0,35,0,2,17,37,0.136029411765,1.88235294118,4.35294117647,3.36363636364,2.84615384615,1.69341284359,0.389027274878,0.193958664547,2.09866904602,0.964253345467,0.518282988871,1.87867287326,0.863174022847,0.470588235294,0.786197569093,0.41766745858,2.25,1.88235294118,0.786197569093,2.25,0.166339869281,0.0612244897959,3,0.00441176470588,0.185952380952,17,17,17,1,0,0.352941176471,0.411764705882,0.235294117647,17,0.128676470588,1.90196078431,4.11764705882,3.18181818182,2.69230769231,1.57648156274,0.382859808093,0.201680672269,2.01465221053,0.978545359402,0.524369747899,1.74894926439,0.849489642704,0.463865546218,0.814492905316,0.428238537847,2.33333333333,1.90196078431,0.814492905316,2.33333333333,0,0,0,0,0.164242424242,17,17,17,1,0,0.352941176471,0.411764705882,0.235294117647,17,38,0.139705882353,1.87941176471,4.47058823529,3.45454545455,2.71428571429,1.73629084037,0.388380845872,0.198142414861,2.16591238756,0.968960804961,0.517027863777,1.82103719638,0.814674535221,0.442724458204,0.780836655359,0.415468642914,2.2,1.87941176471,0.780836655359,2.2,0.162418300654,0.0576923076923,3,0.00441176470588,0.182878787879,17,17,17,1,0,0.352941176471,0.470588235294,0.176470588235,1,0.00367647058824,-0.00294117647059,0.117647058824,0.0909090909091,-0.131868131868,0.0428779967836,-0.000646429005719,0.00418375031378,0.0672433415445,0.00470745949447,-0.00125512509413,-0.0576356768785,-0.0484994876259,-0.0278637770898,-0.00536091373311,-0.00219881566616,-0.05,-0.00294117647059,-0.00536091373311,-0.05,-0.00392156862745,-0.00353218210361,0,0,-0.00307359307359,0,0.0588235294118,-0.0588235294118,37,1,0,234,1,0.995744680851,0.00425531914894,0,0.973684210526,1,0.986666666667,0.984652666406,0.995744680851,0.973684210526,3,2,0,0,0,0
1762,WLNM_dir_neg,1,0.5,00:00:01,10,40,46,1982697619,threshold_sweep,0.7,0.666666666667,1,0.8,2,1,0,3,1,0.75,0.25,0,0.666666666667,1,0.8,0.833333333333,0.5,0.666666666667,0.707106781187,0.75,37,35,2,0,37,0,35,0,2,17,37,0.136029411765,1.88235294118,4.35294117647,3.36363636364,2.84615384615,1.69341284359,0.389027274878,0.193958664547,2.09866904602,0.964253345467,0.518282988871,1.87867287326,0.863174022847,0.470588235294,0.786197569093,0.41766745858,2.25,1.88235294118,0.786197569093,2.25,0.166339869281,0.0612244897959,3,0.00441176470588,0.185952380952,17,17,17,1,0,0.352941176471,0.411764705882,0.235294117647,17,0.128676470588,1.90196078431,4.11764705882,3.18181818182,2.69230769231,1.57648156274,0.382859808093,0.201680672269,2.01465221053,0.978545359402,0.524369747899,1.74894926439,0.849489642704,0.463865546218,0.814492905316,0.428238537847,2.33333333333,1.90196078431,0.814492905316,2.33333333333,0,0,0,0,0.164242424242,17,17,17,1,0,0.352941176471,0.411764705882,0.235294117647,17,38,0.139705882353,1.87941176471,4.47058823529,3.45454545455,2.71428571429,1.73629084037,0.388380845872,0.198142414861,2.16591238756,0.968960804961,0.517027863777,1.82103719638,0.814674535221,0.442724458204,0.780836655359,0.415468642914,2.2,1.87941176471,0.780836655359,2.2,0.162418300654,0.0576923076923,3,0.00441176470588,0.182878787879,17,17,17,1,0,0.352941176471,0.470588235294,0.176470588235,1,0.00367647058824,-0.00294117647059,0.117647058824,0.0909090909091,-0.131868131868,0.0428779967836,-0.000646429005719,0.00418375031378,0.0672433415445,0.00470745949447,-0.00125512509413,-0.0576356768785,-0.0484994876259,-0.0278637770898,-0.00536091373311,-0.00219881566616,-0.05,-0.00294117647059,-0.00536091373311,-0.05,-0.00392156862745,-0.00353218210361,0,0,-0.00307359307359,0,0.0588235294118,-0.0588235294118,37,1,0,234,1,0.995744680851,0.00425531914894,0,0.973684210526,1,0.986666666667,0.984652666406,0.995744680851,0.973684210526,3,2,0,0,0,0
1763,WLNM_dir_neg,1,0.5,00:00:01,10,40,46,1982697619,threshold_sweep,0.8,0.666666666667,1,0.8,2,1,0,3,1,0.75,0.25,0,0.666666666667,1,0.8,0.833333333333,0.5,0.666666666667,0.707106781187,0.75,37,35,2,0,37,0,35,0,2,17,37,0.136029411765,1.88235294118,4.35294117647,3.36363636364,2.84615384615,1.69341284359,0.389027274878,0.193958664547,2.09866904602,0.964253345467,0.518282988871,1.87867287326,0.863174022847,0.470588235294,0.786197569093,0.41766745858,2.25,1.88235294118,0.786197569093,2.25,0.166339869281,0.0612244897959,3,0.00441176470588,0.185952380952,17,17,17,1,0,0.352941176471,0.411764705882,0.235294117647,17,0.128676470588,1.90196078431,4.11764705882,3.18181818182,2.69230769231,1.57648156274,0.382859808093,0.201680672269,2.01465221053,0.978545359402,0.524369747899,1.74894926439,0.849489642704,0.463865546218,0.814492905316,0.428238537847,2.33333333333,1.90196078431,0.814492905316,2.33333333333,0,0,0,0,0.164242424242,17,17,17,1,0,0.352941176471,0.411764705882,0.235294117647,17,38,0.139705882353,1.87941176471,4.47058823529,3.45454545455,2.71428571429,1.73629084037,0.388380845872,0.198142414861,2.16591238756,0.968960804961,0.517027863777,1.82103719638,0.814674535221,0.442724458204,0.780836655359,0.415468642914,2.2,1.87941176471,0.780836655359,2.2,0.162418300654,0.0576923076923,3,0.00441176470588,0.182878787879,17,17,17,1,0,0.352941176471,0.470588235294,0.176470588235,1,0.00367647058824,-0.00294117647059,0.117647058824,0.0909090909091,-0.131868131868,0.0428779967836,-0.000646429005719,0.00418375031378,0.0672433415445,0.00470745949447,-0.00125512509413,-0.0576356768785,-0.0484994876259,-0.0278637770898,-0.00536091373311,-0.00219881566616,-0.05,-0.00294117647059,-0.00536091373311,-0.05,-0.00392156862745,-0.00353218210361,0,0,-0.00307359307359,0,0.0588235294118,-0.0588235294118,37,1,0,234,1,0.995744680851,0.00425531914894,0,0.973684210526,1,0.986666666667,0.984652666406,0.995744680851,0.973684210526,3,2,0,0,0,0
1764,WLNM_dir_neg,1,0.5,00:00:01,10,40,46,1982697619,threshold_sweep,0.9,0.666666666667,1,0.8,2,1,0,3,1,0.75,0.25,0,0.666666666667,1,0.8,0.833333333333,0.5,0.666666666667,0.707106781187,0.75,37,35,2,0,37,0,35,0,2,17,37,0.136029411765,1.88235294118,4.35294117647,3.36363636364,2.84615384615,1.69341284359,0.389027274878,0.193958664547,2.09866904602,0.964253345467,0.518282988871,1.87867287326,0.863174022847,0.470588235294,0.786197569093,0.41766745858,2.25,1.88235294118,0.786197569093,2.25,0.166339869281,0.0612244897959,3,0.00441176470588,0.185952380952,17,17,17,1,0,0.352941176471,0.411764705882,0.235294117647,17,0.128676470588,1.90196078431,4.11764705882,3.18181818182,2.69230769231,1.57648156274,0.382859808093,0.201680672269,2.01465221053,0.978545359402,0.524369747899,1.74894926439,0.849489642704,0.463865546218,0.814492905316,0.428238537847,2.33333333333,1.90196078431,0.814492905316,2.33333333333,0,0,0,0,0.164242424242,17,17,17,1,0,0.352941176471,0.411764705882,0.235294117647,17,38,0.139705882353,1.87941176471,4.47058823529,3.45454545455,2.71428571429,1.73629084037,0.388380845872,0.198142414861,2.16591238756,0.968960804961,0.517027863777,1.82103719638,0.814674535221,0.442724458204,0.780836655359,0.415468642914,2.2,1.87941176471,0.780836655359,2.2,0.162418300654,0.0576923076923,3,0.00441176470588,0.182878787879,17,17,17,1,0,0.352941176471,0.470588235294,0.176470588235,1,0.00367647058824,-0.00294117647059,0.117647058824,0.0909090909091,-0.131868131868,0.0428779967836,-0.000646429005719,0.00418375031378,0.0672433415445,0.00470745949447,-0.00125512509413,-0.0576356768785,-0.0484994876259,-0.0278637770898,-0.00536091373311,-0.00219881566616,-0.05,-0.00294117647059,-0.00536091373311,-0.05,-0.00392156862745,-0.00353218210361,0,0,-0.00307359307359,0,0.0588235294118,-0.0588235294118,37,1,0,234,1,0.995744680851,0.00425531914894,0,0.973684210526,1,0.986666666667,0.984652666406,0.995744680851,0.973684210526,3,2,0,0,0,0
1765,WLNM_dir_neg,1,0.5,00:00:00,10,40,47,1982697620,threshold_sweep,0.1,1,1,1,2,0,0,4,1,1,0,0,1,1,1,1,0.555555555556,1,1,1,37,35,2,0,37,0,35,0,2,17,37,0.136029411765,1.88235294118,4.35294117647,3.36363636364,2.84615384615,1.69341284359,0.389027274878,0.193958664547,2.09866904602,0.964253345467,0.518282988871,1.87867287326,0.863174022847,0.470588235294,0.786197569093,0.41766745858,2.25,1.88235294118,0.786197569093,2.25,0.166339869281,0.0612244897959,3,0.00441176470588,0.185952380952,17,17,17,1,0,0.352941176471,0.411764705882,0.235294117647,17,0.128676470588,1.90196078431,4.11764705882,3.18181818182,2.69230769231,1.57648156274,0.382859808093,0.201680672269,2.01465221053,0.978545359402,0.524369747899,1.74894926439,0.849489642704,0.463865546218,0.814492905316,0.428238537847,2.33333333333,1.90196078431,0.814492905316,2.33333333333,0,0,0,0,0.164242424242,17,17,17,1,0,0.352941176471,0.411764705882,0.235294117647,17,37,0.136029411765,1.88235294118,4.35294117647,3.36363636364,2.84615384615,1.69341284359,0.389027274878,0.193958664547,2.09866904602,0.964253345467,0.518282988871,1.87867287326,0.863174022847,0.470588235294,0.786197569093,0.41766745858,2.25,1.88235294118,0.786197569093,2.25,0.166339869281,0.0612244897959,3,0.00441176470588,0.185952380952,17,17,17,1,0,0.352941176471,0.411764705882,0.235294117647,0,0,0,0,0,0,0,0,0,0,0,0,0,0,0,0,0,0,0,0,0,0,0,0,0,0,0,0,0,37,0,0,235,1,1,0,0,1,1,1,1,1,1,2,2,0,0,0,0
1766,WLNM_dir_neg,1,0.5,00:00:00,10,40,47,1982697620,threshold_sweep,0.2,1,1,1,2,0,0,4,1,1,0,0,1,1,1,1,0.555555555556,1,1,1,37,35,2,0,37,0,35,0,2,17,37,0.136029411765,1.88235294118,4.35294117647,3.36363636364,2.84615384615,1.69341284359,0.389027274878,0.193958664547,2.09866904602,0.964253345467,0.518282988871,1.87867287326,0.863174022847,0.470588235294,0.786197569093,0.41766745858,2.25,1.88235294118,0.786197569093,2.25,0.166339869281,0.0612244897959,3,0.00441176470588,0.185952380952,17,17,17,1,0,0.352941176471,0.411764705882,0.235294117647,17,0.128676470588,1.90196078431,4.11764705882,3.18181818182,2.69230769231,1.57648156274,0.382859808093,0.201680672269,2.01465221053,0.978545359402,0.524369747899,1.74894926439,0.849489642704,0.463865546218,0.814492905316,0.428238537847,2.33333333333,1.90196078431,0.814492905316,2.33333333333,0,0,0,0,0.164242424242,17,17,17,1,0,0.352941176471,0.411764705882,0.235294117647,17,37,0.136029411765,1.88235294118,4.35294117647,3.36363636364,2.84615384615,1.69341284359,0.389027274878,0.193958664547,2.09866904602,0.964253345467,0.518282988871,1.87867287326,0.863174022847,0.470588235294,0.786197569093,0.41766745858,2.25,1.88235294118,0.786197569093,2.25,0.166339869281,0.0612244897959,3,0.00441176470588,0.185952380952,17,17,17,1,0,0.352941176471,0.411764705882,0.235294117647,0,0,0,0,0,0,0,0,0,0,0,0,0,0,0,0,0,0,0,0,0,0,0,0,0,0,0,0,0,37,0,0,235,1,1,0,0,1,1,1,1,1,1,2,2,0,0,0,0
1767,WLNM_dir_neg,1,0.5,00:00:00,10,40,47,1982697620,threshold_sweep,0.3,1,1,1,2,0,0,4,1,1,0,0,1,1,1,1,0.555555555556,1,1,1,37,35,2,0,37,0,35,0,2,17,37,0.136029411765,1.88235294118,4.35294117647,3.36363636364,2.84615384615,1.69341284359,0.389027274878,0.193958664547,2.09866904602,0.964253345467,0.518282988871,1.87867287326,0.863174022847,0.470588235294,0.786197569093,0.41766745858,2.25,1.88235294118,0.786197569093,2.25,0.166339869281,0.0612244897959,3,0.00441176470588,0.185952380952,17,17,17,1,0,0.352941176471,0.411764705882,0.235294117647,17,0.128676470588,1.90196078431,4.11764705882,3.18181818182,2.69230769231,1.57648156274,0.382859808093,0.201680672269,2.01465221053,0.978545359402,0.524369747899,1.74894926439,0.849489642704,0.463865546218,0.814492905316,0.428238537847,2.33333333333,1.90196078431,0.814492905316,2.33333333333,0,0,0,0,0.164242424242,17,17,17,1,0,0.352941176471,0.411764705882,0.235294117647,17,37,0.136029411765,1.88235294118,4.35294117647,3.36363636364,2.84615384615,1.69341284359,0.389027274878,0.193958664547,2.09866904602,0.964253345467,0.518282988871,1.87867287326,0.863174022847,0.470588235294,0.786197569093,0.41766745858,2.25,1.88235294118,0.786197569093,2.25,0.166339869281,0.0612244897959,3,0.00441176470588,0.185952380952,17,17,17,1,0,0.352941176471,0.411764705882,0.235294117647,0,0,0,0,0,0,0,0,0,0,0,0,0,0,0,0,0,0,0,0,0,0,0,0,0,0,0,0,0,37,0,0,235,1,1,0,0,1,1,1,1,1,1,2,2,0,0,0,0
1768,WLNM_dir_neg,1,0.5,00:00:00,10,40,47,1982697620,threshold_sweep,0.4,1,1,1,2,0,0,4,1,1,0,0,1,1,1,1,0.555555555556,1,1,1,37,35,2,0,37,0,35,0,2,17,37,0.136029411765,1.88235294118,4.35294117647,3.36363636364,2.84615384615,1.69341284359,0.389027274878,0.193958664547,2.09866904602,0.964253345467,0.518282988871,1.87867287326,0.863174022847,0.470588235294,0.786197569093,0.41766745858,2.25,1.88235294118,0.786197569093,2.25,0.166339869281,0.0612244897959,3,0.00441176470588,0.185952380952,17,17,17,1,0,0.352941176471,0.411764705882,0.235294117647,17,0.128676470588,1.90196078431,4.11764705882,3.18181818182,2.69230769231,1.57648156274,0.382859808093,0.201680672269,2.01465221053,0.978545359402,0.524369747899,1.74894926439,0.849489642704,0.463865546218,0.814492905316,0.428238537847,2.33333333333,1.90196078431,0.814492905316,2.33333333333,0,0,0,0,0.164242424242,17,17,17,1,0,0.352941176471,0.411764705882,0.235294117647,17,37,0.136029411765,1.88235294118,4.35294117647,3.36363636364,2.84615384615,1.69341284359,0.389027274878,0.193958664547,2.09866904602,0.964253345467,0.518282988871,1.87867287326,0.863174022847,0.470588235294,0.786197569093,0.41766745858,2.25,1.88235294118,0.786197569093,2.25,0.166339869281,0.0612244897959,3,0.00441176470588,0.185952380952,17,17,17,1,0,0.352941176471,0.411764705882,0.235294117647,0,0,0,0,0,0,0,0,0,0,0,0,0,0,0,0,0,0,0,0,0,0,0,0,0,0,0,0,0,37,0,0,235,1,1,0,0,1,1,1,1,1,1,2,2,0,0,0,0
1769,WLNM_dir_neg,1,0.5,00:00:00,10,40,47,1982697620,threshold_sweep,0.5,1,1,1,2,0,0,4,1,1,0,0,1,1,1,1,0.555555555556,1,1,1,37,35,2,0,37,0,35,0,2,17,37,0.136029411765,1.88235294118,4.35294117647,3.36363636364,2.84615384615,1.69341284359,0.389027274878,0.193958664547,2.09866904602,0.964253345467,0.518282988871,1.87867287326,0.863174022847,0.470588235294,0.786197569093,0.41766745858,2.25,1.88235294118,0.786197569093,2.25,0.166339869281,0.0612244897959,3,0.00441176470588,0.185952380952,17,17,17,1,0,0.352941176471,0.411764705882,0.235294117647,17,0.128676470588,1.90196078431,4.11764705882,3.18181818182,2.69230769231,1.57648156274,0.382859808093,0.201680672269,2.01465221053,0.978545359402,0.524369747899,1.74894926439,0.849489642704,0.463865546218,0.814492905316,0.428238537847,2.33333333333,1.90196078431,0.814492905316,2.33333333333,0,0,0,0,0.164242424242,17,17,17,1,0,0.352941176471,0.411764705882,0.235294117647,17,37,0.136029411765,1.88235294118,4.35294117647,3.36363636364,2.84615384615,1.69341284359,0.389027274878,0.193958664547,2.09866904602,0.964253345467,0.518282988871,1.87867287326,0.863174022847,0.470588235294,0.786197569093,0.41766745858,2.25,1.88235294118,0.786197569093,2.25,0.166339869281,0.0612244897959,3,0.00441176470588,0.185952380952,17,17,17,1,0,0.352941176471,0.411764705882,0.235294117647,0,0,0,0,0,0,0,0,0,0,0,0,0,0,0,0,0,0,0,0,0,0,0,0,0,0,0,0,0,37,0,0,235,1,1,0,0,1,1,1,1,1,1,2,2,0,0,0,0
1770,WLNM_dir_neg,1,0.5,00:00:00,10,40,47,1982697620,threshold_sweep,0.6,1,1,1,2,0,0,4,1,1,0,0,1,1,1,1,0.555555555556,1,1,1,37,35,2,0,37,0,35,0,2,17,37,0.136029411765,1.88235294118,4.35294117647,3.36363636364,2.84615384615,1.69341284359,0.389027274878,0.193958664547,2.09866904602,0.964253345467,0.518282988871,1.87867287326,0.863174022847,0.470588235294,0.786197569093,0.41766745858,2.25,1.88235294118,0.786197569093,2.25,0.166339869281,0.0612244897959,3,0.00441176470588,0.185952380952,17,17,17,1,0,0.352941176471,0.411764705882,0.235294117647,17,0.128676470588,1.90196078431,4.11764705882,3.18181818182,2.69230769231,1.57648156274,0.382859808093,0.201680672269,2.01465221053,0.978545359402,0.524369747899,1.74894926439,0.849489642704,0.463865546218,0.814492905316,0.428238537847,2.33333333333,1.90196078431,0.814492905316,2.33333333333,0,0,0,0,0.164242424242,17,17,17,1,0,0.352941176471,0.411764705882,0.235294117647,17,37,0.136029411765,1.88235294118,4.35294117647,3.36363636364,2.84615384615,1.69341284359,0.389027274878,0.193958664547,2.09866904602,0.964253345467,0.518282988871,1.87867287326,0.863174022847,0.470588235294,0.786197569093,0.41766745858,2.25,1.88235294118,0.786197569093,2.25,0.166339869281,0.0612244897959,3,0.00441176470588,0.185952380952,17,17,17,1,0,0.352941176471,0.411764705882,0.235294117647,0,0,0,0,0,0,0,0,0,0,0,0,0,0,0,0,0,0,0,0,0,0,0,0,0,0,0,0,0,37,0,0,235,1,1,0,0,1,1,1,1,1,1,2,2,0,0,0,0
1771,WLNM_dir_neg,1,0.5,00:00:00,10,40,47,1982697620,threshold_sweep,0.7,1,1,1,2,0,0,4,1,1,0,0,1,1,1,1,0.555555555556,1,1,1,37,35,2,0,37,0,35,0,2,17,37,0.136029411765,1.88235294118,4.35294117647,3.36363636364,2.84615384615,1.69341284359,0.389027274878,0.193958664547,2.09866904602,0.964253345467,0.518282988871,1.87867287326,0.863174022847,0.470588235294,0.786197569093,0.41766745858,2.25,1.88235294118,0.786197569093,2.25,0.166339869281,0.0612244897959,3,0.00441176470588,0.185952380952,17,17,17,1,0,0.352941176471,0.411764705882,0.235294117647,17,0.128676470588,1.90196078431,4.11764705882,3.18181818182,2.69230769231,1.57648156274,0.382859808093,0.201680672269,2.01465221053,0.978545359402,0.524369747899,1.74894926439,0.849489642704,0.463865546218,0.814492905316,0.428238537847,2.33333333333,1.90196078431,0.814492905316,2.33333333333,0,0,0,0,0.164242424242,17,17,17,1,0,0.352941176471,0.411764705882,0.235294117647,17,37,0.136029411765,1.88235294118,4.35294117647,3.36363636364,2.84615384615,1.69341284359,0.389027274878,0.193958664547,2.09866904602,0.964253345467,0.518282988871,1.87867287326,0.863174022847,0.470588235294,0.786197569093,0.41766745858,2.25,1.88235294118,0.786197569093,2.25,0.166339869281,0.0612244897959,3,0.00441176470588,0.185952380952,17,17,17,1,0,0.352941176471,0.411764705882,0.235294117647,0,0,0,0,0,0,0,0,0,0,0,0,0,0,0,0,0,0,0,0,0,0,0,0,0,0,0,0,0,37,0,0,235,1,1,0,0,1,1,1,1,1,1,2,2,0,0,0,0
1772,WLNM_dir_neg,1,0.5,00:00:00,10,40,47,1982697620,threshold_sweep,0.8,1,1,1,2,0,0,4,1,1,0,0,1,1,1,1,0.555555555556,1,1,1,37,35,2,0,37,0,35,0,2,17,37,0.136029411765,1.88235294118,4.35294117647,3.36363636364,2.84615384615,1.69341284359,0.389027274878,0.193958664547,2.09866904602,0.964253345467,0.518282988871,1.87867287326,0.863174022847,0.470588235294,0.786197569093,0.41766745858,2.25,1.88235294118,0.786197569093,2.25,0.166339869281,0.0612244897959,3,0.00441176470588,0.185952380952,17,17,17,1,0,0.352941176471,0.411764705882,0.235294117647,17,0.128676470588,1.90196078431,4.11764705882,3.18181818182,2.69230769231,1.57648156274,0.382859808093,0.201680672269,2.01465221053,0.978545359402,0.524369747899,1.74894926439,0.849489642704,0.463865546218,0.814492905316,0.428238537847,2.33333333333,1.90196078431,0.814492905316,2.33333333333,0,0,0,0,0.164242424242,17,17,17,1,0,0.352941176471,0.411764705882,0.235294117647,17,37,0.136029411765,1.88235294118,4.35294117647,3.36363636364,2.84615384615,1.69341284359,0.389027274878,0.193958664547,2.09866904602,0.964253345467,0.518282988871,1.87867287326,0.863174022847,0.470588235294,0.786197569093,0.41766745858,2.25,1.88235294118,0.786197569093,2.25,0.166339869281,0.0612244897959,3,0.00441176470588,0.185952380952,17,17,17,1,0,0.352941176471,0.411764705882,0.235294117647,0,0,0,0,0,0,0,0,0,0,0,0,0,0,0,0,0,0,0,0,0,0,0,0,0,0,0,0,0,37,0,0,235,1,1,0,0,1,1,1,1,1,1,2,2,0,0,0,0
1773,WLNM_dir_neg,1,0.5,00:00:00,10,40,47,1982697620,threshold_sweep,0.9,1,1,1,2,0,0,4,1,1,0,0,1,1,1,1,0.555555555556,1,1,1,37,35,2,0,37,0,35,0,2,17,37,0.136029411765,1.88235294118,4.35294117647,3.36363636364,2.84615384615,1.69341284359,0.389027274878,0.193958664547,2.09866904602,0.964253345467,0.518282988871,1.87867287326,0.863174022847,0.470588235294,0.786197569093,0.41766745858,2.25,1.88235294118,0.786197569093,2.25,0.166339869281,0.0612244897959,3,0.00441176470588,0.185952380952,17,17,17,1,0,0.352941176471,0.411764705882,0.235294117647,17,0.128676470588,1.90196078431,4.11764705882,3.18181818182,2.69230769231,1.57648156274,0.382859808093,0.201680672269,2.01465221053,0.978545359402,0.524369747899,1.74894926439,0.849489642704,0.463865546218,0.814492905316,0.428238537847,2.33333333333,1.90196078431,0.814492905316,2.33333333333,0,0,0,0,0.164242424242,17,17,17,1,0,0.352941176471,0.411764705882,0.235294117647,17,37,0.136029411765,1.88235294118,4.35294117647,3.36363636364,2.84615384615,1.69341284359,0.389027274878,0.193958664547,2.09866904602,0.964253345467,0.518282988871,1.87867287326,0.863174022847,0.470588235294,0.786197569093,0.41766745858,2.25,1.88235294118,0.786197569093,2.25,0.166339869281,0.0612244897959,3,0.00441176470588,0.185952380952,17,17,17,1,0,0.352941176471,0.411764705882,0.235294117647,0,0,0,0,0,0,0,0,0,0,0,0,0,0,0,0,0,0,0,0,0,0,0,0,0,0,0,0,0,37,0,0,235,1,1,0,0,1,1,1,1,1,1,2,2,0,0,0,0
1774,WLNM_dir_neg,0.75,0.416666666667,00:00:00,10,40,48,1982697621,threshold_sweep,0.1,0.666666666667,1,0.8,2,1,0,3,1,0.75,0.25,0,0.666666666667,1,0.8,0.833333333333,0.5,0.666666666667,0.707106781187,0.75,37,35,2,0,37,0,35,0,2,17,37,0.136029411765,1.88235294118,4.35294117647,3.36363636364,2.84615384615,1.69341284359,0.389027274878,0.193958664547,2.09866904602,0.964253345467,0.518282988871,1.87867287326,0.863174022847,0.470588235294,0.786197569093,0.41766745858,2.25,1.88235294118,0.786197569093,2.25,0.166339869281,0.0612244897959,3,0.00441176470588,0.185952380952,17,17,17,1,0,0.352941176471,0.411764705882,0.235294117647,17,0.128676470588,1.90196078431,4.11764705882,3.18181818182,2.69230769231,1.57648156274,0.382859808093,0.201680672269,2.01465221053,0.978545359402,0.524369747899,1.74894926439,0.849489642704,0.463865546218,0.814492905316,0.428238537847,2.33333333333,1.90196078431,0.814492905316,2.33333333333,0,0,0,0,0.164242424242,17,17,17,1,0,0.352941176471,0.411764705882,0.235294117647,17,38,0.139705882353,1.98764705882,4.47058823529,3.16666666667,2.92307692308,1.66274047354,0.371928790134,0.188854489164,2.04723630062,0.915868871331,0.495356037152,1.98523965067,0.888133527931,0.482972136223,0.792996921587,0.398962641817,2.35,1.98764705882,0.792996921587,2.35,0.162418300654,0.0584415584416,3,0.00441176470588,0.192081529582,17,17,17,1,0,0.294117647059,0.470588235294,0.235294117647,1,0.00367647058824,0.105294117647,0.117647058824,-0.19696969697,0.0769230769231,-0.030672370045,-0.0170984847437,-0.00510417538281,-0.0514327453931,-0.0483844741355,-0.0229269517195,0.106566777414,0.0249595050838,0.0123839009288,0.00679935249481,-0.0187048167638,0.1,0.105294117647,0.00679935249481,0.1,-0.00392156862745,-0.00278293135436,0,0,0.00612914862915,-0.0588235294118,0.0588235294118,0,37,1,0,234,1,0.995744680851,0.00425531914894,0,0.973684210526,1,0.986666666667,0.984652666406,0.995744680851,0.973684210526,3,2,0,0,0,0
1775,WLNM_dir_neg,0.75,0.416666666667,00:00:00,10,40,48,1982697621,threshold_sweep,0.2,0.666666666667,1,0.8,2,1,0,3,1,0.75,0.25,0,0.666666666667,1,0.8,0.833333333333,0.5,0.666666666667,0.707106781187,0.75,37,35,2,0,37,0,35,0,2,17,37,0.136029411765,1.88235294118,4.35294117647,3.36363636364,2.84615384615,1.69341284359,0.389027274878,0.193958664547,2.09866904602,0.964253345467,0.518282988871,1.87867287326,0.863174022847,0.470588235294,0.786197569093,0.41766745858,2.25,1.88235294118,0.786197569093,2.25,0.166339869281,0.0612244897959,3,0.00441176470588,0.185952380952,17,17,17,1,0,0.352941176471,0.411764705882,0.235294117647,17,0.128676470588,1.90196078431,4.11764705882,3.18181818182,2.69230769231,1.57648156274,0.382859808093,0.201680672269,2.01465221053,0.978545359402,0.524369747899,1.74894926439,0.849489642704,0.463865546218,0.814492905316,0.428238537847,2.33333333333,1.90196078431,0.814492905316,2.33333333333,0,0,0,0,0.164242424242,17,17,17,1,0,0.352941176471,0.411764705882,0.235294117647,17,38,0.139705882353,1.98764705882,4.47058823529,3.16666666667,2.92307692308,1.66274047354,0.371928790134,0.188854489164,2.04723630062,0.915868871331,0.495356037152,1.98523965067,0.888133527931,0.482972136223,0.792996921587,0.398962641817,2.35,1.98764705882,0.792996921587,2.35,0.162418300654,0.0584415584416,3,0.00441176470588,0.192081529582,17,17,17,1,0,0.294117647059,0.470588235294,0.235294117647,1,0.00367647058824,0.105294117647,0.117647058824,-0.19696969697,0.0769230769231,-0.030672370045,-0.0170984847437,-0.00510417538281,-0.0514327453931,-0.0483844741355,-0.0229269517195,0.106566777414,0.0249595050838,0.0123839009288,0.00679935249481,-0.0187048167638,0.1,0.105294117647,0.00679935249481,0.1,-0.00392156862745,-0.00278293135436,0,0,0.00612914862915,-0.0588235294118,0.0588235294118,0,37,1,0,234,1,0.995744680851,0.00425531914894,0,0.973684210526,1,0.986666666667,0.984652666406,0.995744680851,0.973684210526,3,2,0,0,0,0
1776,WLNM_dir_neg,0.75,0.416666666667,00:00:00,10,40,48,1982697621,threshold_sweep,0.3,0.666666666667,1,0.8,2,1,0,3,1,0.75,0.25,0,0.666666666667,1,0.8,0.833333333333,0.5,0.666666666667,0.707106781187,0.75,37,35,2,0,37,0,35,0,2,17,37,0.136029411765,1.88235294118,4.35294117647,3.36363636364,2.84615384615,1.69341284359,0.389027274878,0.193958664547,2.09866904602,0.964253345467,0.518282988871,1.87867287326,0.863174022847,0.470588235294,0.786197569093,0.41766745858,2.25,1.88235294118,0.786197569093,2.25,0.166339869281,0.0612244897959,3,0.00441176470588,0.185952380952,17,17,17,1,0,0.352941176471,0.411764705882,0.235294117647,17,0.128676470588,1.90196078431,4.11764705882,3.18181818182,2.69230769231,1.57648156274,0.382859808093,0.201680672269,2.01465221053,0.978545359402,0.524369747899,1.74894926439,0.849489642704,0.463865546218,0.814492905316,0.428238537847,2.33333333333,1.90196078431,0.814492905316,2.33333333333,0,0,0,0,0.164242424242,17,17,17,1,0,0.352941176471,0.411764705882,0.235294117647,17,38,0.139705882353,1.98764705882,4.47058823529,3.16666666667,2.92307692308,1.66274047354,0.371928790134,0.188854489164,2.04723630062,0.915868871331,0.495356037152,1.98523965067,0.888133527931,0.482972136223,0.792996921587,0.398962641817,2.35,1.98764705882,0.792996921587,2.35,0.162418300654,0.0584415584416,3,0.00441176470588,0.192081529582,17,17,17,1,0,0.294117647059,0.470588235294,0.235294117647,1,0.00367647058824,0.105294117647,0.117647058824,-0.19696969697,0.0769230769231,-0.030672370045,-0.0170984847437,-0.00510417538281,-0.0514327453931,-0.0483844741355,-0.0229269517195,0.106566777414,0.0249595050838,0.0123839009288,0.00679935249481,-0.0187048167638,0.1,0.105294117647,0.00679935249481,0.1,-0.00392156862745,-0.00278293135436,0,0,0.00612914862915,-0.0588235294118,0.0588235294118,0,37,1,0,234,1,0.995744680851,0.00425531914894,0,0.973684210526,1,0.986666666667,0.984652666406,0.995744680851,0.973684210526,3,2,0,0,0,0
1777,WLNM_dir_neg,0.75,0.416666666667,00:00:00,10,40,48,1982697621,threshold_sweep,0.4,0.666666666667,1,0.8,2,1,0,3,1,0.75,0.25,0,0.666666666667,1,0.8,0.833333333333,0.5,0.666666666667,0.707106781187,0.75,37,35,2,0,37,0,35,0,2,17,37,0.136029411765,1.88235294118,4.35294117647,3.36363636364,2.84615384615,1.69341284359,0.389027274878,0.193958664547,2.09866904602,0.964253345467,0.518282988871,1.87867287326,0.863174022847,0.470588235294,0.786197569093,0.41766745858,2.25,1.88235294118,0.786197569093,2.25,0.166339869281,0.0612244897959,3,0.00441176470588,0.185952380952,17,17,17,1,0,0.352941176471,0.411764705882,0.235294117647,17,0.128676470588,1.90196078431,4.11764705882,3.18181818182,2.69230769231,1.57648156274,0.382859808093,0.201680672269,2.01465221053,0.978545359402,0.524369747899,1.74894926439,0.849489642704,0.463865546218,0.814492905316,0.428238537847,2.33333333333,1.90196078431,0.814492905316,2.33333333333,0,0,0,0,0.164242424242,17,17,17,1,0,0.352941176471,0.411764705882,0.235294117647,17,38,0.139705882353,1.98764705882,4.47058823529,3.16666666667,2.92307692308,1.66274047354,0.371928790134,0.188854489164,2.04723630062,0.915868871331,0.495356037152,1.98523965067,0.888133527931,0.482972136223,0.792996921587,0.398962641817,2.35,1.98764705882,0.792996921587,2.35,0.162418300654,0.0584415584416,3,0.00441176470588,0.192081529582,17,17,17,1,0,0.294117647059,0.470588235294,0.235294117647,1,0.00367647058824,0.105294117647,0.117647058824,-0.19696969697,0.0769230769231,-0.030672370045,-0.0170984847437,-0.00510417538281,-0.0514327453931,-0.0483844741355,-0.0229269517195,0.106566777414,0.0249595050838,0.0123839009288,0.00679935249481,-0.0187048167638,0.1,0.105294117647,0.00679935249481,0.1,-0.00392156862745,-0.00278293135436,0,0,0.00612914862915,-0.0588235294118,0.0588235294118,0,37,1,0,234,1,0.995744680851,0.00425531914894,0,0.973684210526,1,0.986666666667,0.984652666406,0.995744680851,0.973684210526,3,2,0,0,0,0
1778,WLNM_dir_neg,0.75,0.416666666667,00:00:00,10,40,48,1982697621,threshold_sweep,0.5,0.666666666667,1,0.8,2,1,0,3,1,0.75,0.25,0,0.666666666667,1,0.8,0.833333333333,0.5,0.666666666667,0.707106781187,0.75,37,35,2,0,37,0,35,0,2,17,37,0.136029411765,1.88235294118,4.35294117647,3.36363636364,2.84615384615,1.69341284359,0.389027274878,0.193958664547,2.09866904602,0.964253345467,0.518282988871,1.87867287326,0.863174022847,0.470588235294,0.786197569093,0.41766745858,2.25,1.88235294118,0.786197569093,2.25,0.166339869281,0.0612244897959,3,0.00441176470588,0.185952380952,17,17,17,1,0,0.352941176471,0.411764705882,0.235294117647,17,0.128676470588,1.90196078431,4.11764705882,3.18181818182,2.69230769231,1.57648156274,0.382859808093,0.201680672269,2.01465221053,0.978545359402,0.524369747899,1.74894926439,0.849489642704,0.463865546218,0.814492905316,0.428238537847,2.33333333333,1.90196078431,0.814492905316,2.33333333333,0,0,0,0,0.164242424242,17,17,17,1,0,0.352941176471,0.411764705882,0.235294117647,17,38,0.139705882353,1.98764705882,4.47058823529,3.16666666667,2.92307692308,1.66274047354,0.371928790134,0.188854489164,2.04723630062,0.915868871331,0.495356037152,1.98523965067,0.888133527931,0.482972136223,0.792996921587,0.398962641817,2.35,1.98764705882,0.792996921587,2.35,0.162418300654,0.0584415584416,3,0.00441176470588,0.192081529582,17,17,17,1,0,0.294117647059,0.470588235294,0.235294117647,1,0.00367647058824,0.105294117647,0.117647058824,-0.19696969697,0.0769230769231,-0.030672370045,-0.0170984847437,-0.00510417538281,-0.0514327453931,-0.0483844741355,-0.0229269517195,0.106566777414,0.0249595050838,0.0123839009288,0.00679935249481,-0.0187048167638,0.1,0.105294117647,0.00679935249481,0.1,-0.00392156862745,-0.00278293135436,0,0,0.00612914862915,-0.0588235294118,0.0588235294118,0,37,1,0,234,1,0.995744680851,0.00425531914894,0,0.973684210526,1,0.986666666667,0.984652666406,0.995744680851,0.973684210526,3,2,0,0,0,0
1779,WLNM_dir_neg,0.75,0.416666666667,00:00:00,10,40,48,1982697621,threshold_sweep,0.6,0.666666666667,1,0.8,2,1,0,3,1,0.75,0.25,0,0.666666666667,1,0.8,0.833333333333,0.5,0.666666666667,0.707106781187,0.75,37,35,2,0,37,0,35,0,2,17,37,0.136029411765,1.88235294118,4.35294117647,3.36363636364,2.84615384615,1.69341284359,0.389027274878,0.193958664547,2.09866904602,0.964253345467,0.518282988871,1.87867287326,0.863174022847,0.470588235294,0.786197569093,0.41766745858,2.25,1.88235294118,0.786197569093,2.25,0.166339869281,0.0612244897959,3,0.00441176470588,0.185952380952,17,17,17,1,0,0.352941176471,0.411764705882,0.235294117647,17,0.128676470588,1.90196078431,4.11764705882,3.18181818182,2.69230769231,1.57648156274,0.382859808093,0.201680672269,2.01465221053,0.978545359402,0.524369747899,1.74894926439,0.849489642704,0.463865546218,0.814492905316,0.428238537847,2.33333333333,1.90196078431,0.814492905316,2.33333333333,0,0,0,0,0.164242424242,17,17,17,1,0,0.352941176471,0.411764705882,0.235294117647,17,38,0.139705882353,1.98764705882,4.47058823529,3.16666666667,2.92307692308,1.66274047354,0.371928790134,0.188854489164,2.04723630062,0.915868871331,0.495356037152,1.98523965067,0.888133527931,0.482972136223,0.792996921587,0.398962641817,2.35,1.98764705882,0.792996921587,2.35,0.162418300654,0.0584415584416,3,0.00441176470588,0.192081529582,17,17,17,1,0,0.294117647059,0.470588235294,0.235294117647,1,0.00367647058824,0.105294117647,0.117647058824,-0.19696969697,0.0769230769231,-0.030672370045,-0.0170984847437,-0.00510417538281,-0.0514327453931,-0.0483844741355,-0.0229269517195,0.106566777414,0.0249595050838,0.0123839009288,0.00679935249481,-0.0187048167638,0.1,0.105294117647,0.00679935249481,0.1,-0.00392156862745,-0.00278293135436,0,0,0.00612914862915,-0.0588235294118,0.0588235294118,0,37,1,0,234,1,0.995744680851,0.00425531914894,0,0.973684210526,1,0.986666666667,0.984652666406,0.995744680851,0.973684210526,3,2,0,0,0,0
1780,WLNM_dir_neg,0.75,0.416666666667,00:00:00,10,40,48,1982697621,threshold_sweep,0.7,0.666666666667,1,0.8,2,1,0,3,1,0.75,0.25,0,0.666666666667,1,0.8,0.833333333333,0.5,0.666666666667,0.707106781187,0.75,37,35,2,0,37,0,35,0,2,17,37,0.136029411765,1.88235294118,4.35294117647,3.36363636364,2.84615384615,1.69341284359,0.389027274878,0.193958664547,2.09866904602,0.964253345467,0.518282988871,1.87867287326,0.863174022847,0.470588235294,0.786197569093,0.41766745858,2.25,1.88235294118,0.786197569093,2.25,0.166339869281,0.0612244897959,3,0.00441176470588,0.185952380952,17,17,17,1,0,0.352941176471,0.411764705882,0.235294117647,17,0.128676470588,1.90196078431,4.11764705882,3.18181818182,2.69230769231,1.57648156274,0.382859808093,0.201680672269,2.01465221053,0.978545359402,0.524369747899,1.74894926439,0.849489642704,0.463865546218,0.814492905316,0.428238537847,2.33333333333,1.90196078431,0.814492905316,2.33333333333,0,0,0,0,0.164242424242,17,17,17,1,0,0.352941176471,0.411764705882,0.235294117647,17,38,0.139705882353,1.98764705882,4.47058823529,3.16666666667,2.92307692308,1.66274047354,0.371928790134,0.188854489164,2.04723630062,0.915868871331,0.495356037152,1.98523965067,0.888133527931,0.482972136223,0.792996921587,0.398962641817,2.35,1.98764705882,0.792996921587,2.35,0.162418300654,0.0584415584416,3,0.00441176470588,0.192081529582,17,17,17,1,0,0.294117647059,0.470588235294,0.235294117647,1,0.00367647058824,0.105294117647,0.117647058824,-0.19696969697,0.0769230769231,-0.030672370045,-0.0170984847437,-0.00510417538281,-0.0514327453931,-0.0483844741355,-0.0229269517195,0.106566777414,0.0249595050838,0.0123839009288,0.00679935249481,-0.0187048167638,0.1,0.105294117647,0.00679935249481,0.1,-0.00392156862745,-0.00278293135436,0,0,0.00612914862915,-0.0588235294118,0.0588235294118,0,37,1,0,234,1,0.995744680851,0.00425531914894,0,0.973684210526,1,0.986666666667,0.984652666406,0.995744680851,0.973684210526,3,2,0,0,0,0
1781,WLNM_dir_neg,0.75,0.416666666667,00:00:00,10,40,48,1982697621,threshold_sweep,0.8,0.666666666667,1,0.8,2,1,0,3,1,0.75,0.25,0,0.666666666667,1,0.8,0.833333333333,0.5,0.666666666667,0.707106781187,0.75,37,35,2,0,37,0,35,0,2,17,37,0.136029411765,1.88235294118,4.35294117647,3.36363636364,2.84615384615,1.69341284359,0.389027274878,0.193958664547,2.09866904602,0.964253345467,0.518282988871,1.87867287326,0.863174022847,0.470588235294,0.786197569093,0.41766745858,2.25,1.88235294118,0.786197569093,2.25,0.166339869281,0.0612244897959,3,0.00441176470588,0.185952380952,17,17,17,1,0,0.352941176471,0.411764705882,0.235294117647,17,0.128676470588,1.90196078431,4.11764705882,3.18181818182,2.69230769231,1.57648156274,0.382859808093,0.201680672269,2.01465221053,0.978545359402,0.524369747899,1.74894926439,0.849489642704,0.463865546218,0.814492905316,0.428238537847,2.33333333333,1.90196078431,0.814492905316,2.33333333333,0,0,0,0,0.164242424242,17,17,17,1,0,0.352941176471,0.411764705882,0.235294117647,17,38,0.139705882353,1.98764705882,4.47058823529,3.16666666667,2.92307692308,1.66274047354,0.371928790134,0.188854489164,2.04723630062,0.915868871331,0.495356037152,1.98523965067,0.888133527931,0.482972136223,0.792996921587,0.398962641817,2.35,1.98764705882,0.792996921587,2.35,0.162418300654,0.0584415584416,3,0.00441176470588,0.192081529582,17,17,17,1,0,0.294117647059,0.470588235294,0.235294117647,1,0.00367647058824,0.105294117647,0.117647058824,-0.19696969697,0.0769230769231,-0.030672370045,-0.0170984847437,-0.00510417538281,-0.0514327453931,-0.0483844741355,-0.0229269517195,0.106566777414,0.0249595050838,0.0123839009288,0.00679935249481,-0.0187048167638,0.1,0.105294117647,0.00679935249481,0.1,-0.00392156862745,-0.00278293135436,0,0,0.00612914862915,-0.0588235294118,0.0588235294118,0,37,1,0,234,1,0.995744680851,0.00425531914894,0,0.973684210526,1,0.986666666667,0.984652666406,0.995744680851,0.973684210526,3,2,0,0,0,0
1782,WLNM_dir_neg,0.75,0.416666666667,00:00:00,10,40,48,1982697621,threshold_sweep,0.9,0.666666666667,1,0.8,2,1,0,3,1,0.75,0.25,0,0.666666666667,1,0.8,0.833333333333,0.5,0.666666666667,0.707106781187,0.75,37,35,2,0,37,0,35,0,2,17,37,0.136029411765,1.88235294118,4.35294117647,3.36363636364,2.84615384615,1.69341284359,0.389027274878,0.193958664547,2.09866904602,0.964253345467,0.518282988871,1.87867287326,0.863174022847,0.470588235294,0.786197569093,0.41766745858,2.25,1.88235294118,0.786197569093,2.25,0.166339869281,0.0612244897959,3,0.00441176470588,0.185952380952,17,17,17,1,0,0.352941176471,0.411764705882,0.235294117647,17,0.128676470588,1.90196078431,4.11764705882,3.18181818182,2.69230769231,1.57648156274,0.382859808093,0.201680672269,2.01465221053,0.978545359402,0.524369747899,1.74894926439,0.849489642704,0.463865546218,0.814492905316,0.428238537847,2.33333333333,1.90196078431,0.814492905316,2.33333333333,0,0,0,0,0.164242424242,17,17,17,1,0,0.352941176471,0.411764705882,0.235294117647,17,38,0.139705882353,1.98764705882,4.47058823529,3.16666666667,2.92307692308,1.66274047354,0.371928790134,0.188854489164,2.04723630062,0.915868871331,0.495356037152,1.98523965067,0.888133527931,0.482972136223,0.792996921587,0.398962641817,2.35,1.98764705882,0.792996921587,2.35,0.162418300654,0.0584415584416,3,0.00441176470588,0.192081529582,17,17,17,1,0,0.294117647059,0.470588235294,0.235294117647,1,0.00367647058824,0.105294117647,0.117647058824,-0.19696969697,0.0769230769231,-0.030672370045,-0.0170984847437,-0.00510417538281,-0.0514327453931,-0.0483844741355,-0.0229269517195,0.106566777414,0.0249595050838,0.0123839009288,0.00679935249481,-0.0187048167638,0.1,0.105294117647,0.00679935249481,0.1,-0.00392156862745,-0.00278293135436,0,0,0.00612914862915,-0.0588235294118,0.0588235294118,0,37,1,0,234,1,0.995744680851,0.00425531914894,0,0.973684210526,1,0.986666666667,0.984652666406,0.995744680851,0.973684210526,3,2,0,0,0,0
1783,WLNM_dir_neg,1,0.5,00:00:00,10,40,49,1982697622,threshold_sweep,0.1,1,1,1,2,0,0,4,1,1,0,0,1,1,1,1,0.555555555556,1,1,1,37,35,2,0,37,0,35,0,2,17,37,0.136029411765,1.88235294118,4.35294117647,3.36363636364,2.84615384615,1.69341284359,0.389027274878,0.193958664547,2.09866904602,0.964253345467,0.518282988871,1.87867287326,0.863174022847,0.470588235294,0.786197569093,0.41766745858,2.25,1.88235294118,0.786197569093,2.25,0.166339869281,0.0612244897959,3,0.00441176470588,0.185952380952,17,17,17,1,0,0.352941176471,0.411764705882,0.235294117647,17,0.128676470588,1.90196078431,4.11764705882,3.18181818182,2.69230769231,1.57648156274,0.382859808093,0.201680672269,2.01465221053,0.978545359402,0.524369747899,1.74894926439,0.849489642704,0.463865546218,0.814492905316,0.428238537847,2.33333333333,1.90196078431,0.814492905316,2.33333333333,0,0,0,0,0.164242424242,17,17,17,1,0,0.352941176471,0.411764705882,0.235294117647,17,37,0.136029411765,1.88235294118,4.35294117647,3.36363636364,2.84615384615,1.69341284359,0.389027274878,0.193958664547,2.09866904602,0.964253345467,0.518282988871,1.87867287326,0.863174022847,0.470588235294,0.786197569093,0.41766745858,2.25,1.88235294118,0.786197569093,2.25,0.166339869281,0.0612244897959,3,0.00441176470588,0.185952380952,17,17,17,1,0,0.352941176471,0.411764705882,0.235294117647,0,0,0,0,0,0,0,0,0,0,0,0,0,0,0,0,0,0,0,0,0,0,0,0,0,0,0,0,0,37,0,0,235,1,1,0,0,1,1,1,1,1,1,2,2,0,0,0,0
1784,WLNM_dir_neg,1,0.5,00:00:00,10,40,49,1982697622,threshold_sweep,0.2,1,1,1,2,0,0,4,1,1,0,0,1,1,1,1,0.555555555556,1,1,1,37,35,2,0,37,0,35,0,2,17,37,0.136029411765,1.88235294118,4.35294117647,3.36363636364,2.84615384615,1.69341284359,0.389027274878,0.193958664547,2.09866904602,0.964253345467,0.518282988871,1.87867287326,0.863174022847,0.470588235294,0.786197569093,0.41766745858,2.25,1.88235294118,0.786197569093,2.25,0.166339869281,0.0612244897959,3,0.00441176470588,0.185952380952,17,17,17,1,0,0.352941176471,0.411764705882,0.235294117647,17,0.128676470588,1.90196078431,4.11764705882,3.18181818182,2.69230769231,1.57648156274,0.382859808093,0.201680672269,2.01465221053,0.978545359402,0.524369747899,1.74894926439,0.849489642704,0.463865546218,0.814492905316,0.428238537847,2.33333333333,1.90196078431,0.814492905316,2.33333333333,0,0,0,0,0.164242424242,17,17,17,1,0,0.352941176471,0.411764705882,0.235294117647,17,37,0.136029411765,1.88235294118,4.35294117647,3.36363636364,2.84615384615,1.69341284359,0.389027274878,0.193958664547,2.09866904602,0.964253345467,0.518282988871,1.87867287326,0.863174022847,0.470588235294,0.786197569093,0.41766745858,2.25,1.88235294118,0.786197569093,2.25,0.166339869281,0.0612244897959,3,0.00441176470588,0.185952380952,17,17,17,1,0,0.352941176471,0.411764705882,0.235294117647,0,0,0,0,0,0,0,0,0,0,0,0,0,0,0,0,0,0,0,0,0,0,0,0,0,0,0,0,0,37,0,0,235,1,1,0,0,1,1,1,1,1,1,2,2,0,0,0,0
1785,WLNM_dir_neg,1,0.5,00:00:00,10,40,49,1982697622,threshold_sweep,0.3,1,1,1,2,0,0,4,1,1,0,0,1,1,1,1,0.555555555556,1,1,1,37,35,2,0,37,0,35,0,2,17,37,0.136029411765,1.88235294118,4.35294117647,3.36363636364,2.84615384615,1.69341284359,0.389027274878,0.193958664547,2.09866904602,0.964253345467,0.518282988871,1.87867287326,0.863174022847,0.470588235294,0.786197569093,0.41766745858,2.25,1.88235294118,0.786197569093,2.25,0.166339869281,0.0612244897959,3,0.00441176470588,0.185952380952,17,17,17,1,0,0.352941176471,0.411764705882,0.235294117647,17,0.128676470588,1.90196078431,4.11764705882,3.18181818182,2.69230769231,1.57648156274,0.382859808093,0.201680672269,2.01465221053,0.978545359402,0.524369747899,1.74894926439,0.849489642704,0.463865546218,0.814492905316,0.428238537847,2.33333333333,1.90196078431,0.814492905316,2.33333333333,0,0,0,0,0.164242424242,17,17,17,1,0,0.352941176471,0.411764705882,0.235294117647,17,37,0.136029411765,1.88235294118,4.35294117647,3.36363636364,2.84615384615,1.69341284359,0.389027274878,0.193958664547,2.09866904602,0.964253345467,0.518282988871,1.87867287326,0.863174022847,0.470588235294,0.786197569093,0.41766745858,2.25,1.88235294118,0.786197569093,2.25,0.166339869281,0.0612244897959,3,0.00441176470588,0.185952380952,17,17,17,1,0,0.352941176471,0.411764705882,0.235294117647,0,0,0,0,0,0,0,0,0,0,0,0,0,0,0,0,0,0,0,0,0,0,0,0,0,0,0,0,0,37,0,0,235,1,1,0,0,1,1,1,1,1,1,2,2,0,0,0,0
1786,WLNM_dir_neg,1,0.5,00:00:00,10,40,49,1982697622,threshold_sweep,0.4,1,1,1,2,0,0,4,1,1,0,0,1,1,1,1,0.555555555556,1,1,1,37,35,2,0,37,0,35,0,2,17,37,0.136029411765,1.88235294118,4.35294117647,3.36363636364,2.84615384615,1.69341284359,0.389027274878,0.193958664547,2.09866904602,0.964253345467,0.518282988871,1.87867287326,0.863174022847,0.470588235294,0.786197569093,0.41766745858,2.25,1.88235294118,0.786197569093,2.25,0.166339869281,0.0612244897959,3,0.00441176470588,0.185952380952,17,17,17,1,0,0.352941176471,0.411764705882,0.235294117647,17,0.128676470588,1.90196078431,4.11764705882,3.18181818182,2.69230769231,1.57648156274,0.382859808093,0.201680672269,2.01465221053,0.978545359402,0.524369747899,1.74894926439,0.849489642704,0.463865546218,0.814492905316,0.428238537847,2.33333333333,1.90196078431,0.814492905316,2.33333333333,0,0,0,0,0.164242424242,17,17,17,1,0,0.352941176471,0.411764705882,0.235294117647,17,37,0.136029411765,1.88235294118,4.35294117647,3.36363636364,2.84615384615,1.69341284359,0.389027274878,0.193958664547,2.09866904602,0.964253345467,0.518282988871,1.87867287326,0.863174022847,0.470588235294,0.786197569093,0.41766745858,2.25,1.88235294118,0.786197569093,2.25,0.166339869281,0.0612244897959,3,0.00441176470588,0.185952380952,17,17,17,1,0,0.352941176471,0.411764705882,0.235294117647,0,0,0,0,0,0,0,0,0,0,0,0,0,0,0,0,0,0,0,0,0,0,0,0,0,0,0,0,0,37,0,0,235,1,1,0,0,1,1,1,1,1,1,2,2,0,0,0,0
1787,WLNM_dir_neg,1,0.5,00:00:00,10,40,49,1982697622,threshold_sweep,0.5,1,1,1,2,0,0,4,1,1,0,0,1,1,1,1,0.555555555556,1,1,1,37,35,2,0,37,0,35,0,2,17,37,0.136029411765,1.88235294118,4.35294117647,3.36363636364,2.84615384615,1.69341284359,0.389027274878,0.193958664547,2.09866904602,0.964253345467,0.518282988871,1.87867287326,0.863174022847,0.470588235294,0.786197569093,0.41766745858,2.25,1.88235294118,0.786197569093,2.25,0.166339869281,0.0612244897959,3,0.00441176470588,0.185952380952,17,17,17,1,0,0.352941176471,0.411764705882,0.235294117647,17,0.128676470588,1.90196078431,4.11764705882,3.18181818182,2.69230769231,1.57648156274,0.382859808093,0.201680672269,2.01465221053,0.978545359402,0.524369747899,1.74894926439,0.849489642704,0.463865546218,0.814492905316,0.428238537847,2.33333333333,1.90196078431,0.814492905316,2.33333333333,0,0,0,0,0.164242424242,17,17,17,1,0,0.352941176471,0.411764705882,0.235294117647,17,37,0.136029411765,1.88235294118,4.35294117647,3.36363636364,2.84615384615,1.69341284359,0.389027274878,0.193958664547,2.09866904602,0.964253345467,0.518282988871,1.87867287326,0.863174022847,0.470588235294,0.786197569093,0.41766745858,2.25,1.88235294118,0.786197569093,2.25,0.166339869281,0.0612244897959,3,0.00441176470588,0.185952380952,17,17,17,1,0,0.352941176471,0.411764705882,0.235294117647,0,0,0,0,0,0,0,0,0,0,0,0,0,0,0,0,0,0,0,0,0,0,0,0,0,0,0,0,0,37,0,0,235,1,1,0,0,1,1,1,1,1,1,2,2,0,0,0,0
1788,WLNM_dir_neg,1,0.5,00:00:00,10,40,49,1982697622,threshold_sweep,0.6,1,1,1,2,0,0,4,1,1,0,0,1,1,1,1,0.555555555556,1,1,1,37,35,2,0,37,0,35,0,2,17,37,0.136029411765,1.88235294118,4.35294117647,3.36363636364,2.84615384615,1.69341284359,0.389027274878,0.193958664547,2.09866904602,0.964253345467,0.518282988871,1.87867287326,0.863174022847,0.470588235294,0.786197569093,0.41766745858,2.25,1.88235294118,0.786197569093,2.25,0.166339869281,0.0612244897959,3,0.00441176470588,0.185952380952,17,17,17,1,0,0.352941176471,0.411764705882,0.235294117647,17,0.128676470588,1.90196078431,4.11764705882,3.18181818182,2.69230769231,1.57648156274,0.382859808093,0.201680672269,2.01465221053,0.978545359402,0.524369747899,1.74894926439,0.849489642704,0.463865546218,0.814492905316,0.428238537847,2.33333333333,1.90196078431,0.814492905316,2.33333333333,0,0,0,0,0.164242424242,17,17,17,1,0,0.352941176471,0.411764705882,0.235294117647,17,37,0.136029411765,1.88235294118,4.35294117647,3.36363636364,2.84615384615,1.69341284359,0.389027274878,0.193958664547,2.09866904602,0.964253345467,0.518282988871,1.87867287326,0.863174022847,0.470588235294,0.786197569093,0.41766745858,2.25,1.88235294118,0.786197569093,2.25,0.166339869281,0.0612244897959,3,0.00441176470588,0.185952380952,17,17,17,1,0,0.352941176471,0.411764705882,0.235294117647,0,0,0,0,0,0,0,0,0,0,0,0,0,0,0,0,0,0,0,0,0,0,0,0,0,0,0,0,0,37,0,0,235,1,1,0,0,1,1,1,1,1,1,2,2,0,0,0,0
1789,WLNM_dir_neg,1,0.5,00:00:00,10,40,49,1982697622,threshold_sweep,0.7,1,1,1,2,0,0,4,1,1,0,0,1,1,1,1,0.555555555556,1,1,1,37,35,2,0,37,0,35,0,2,17,37,0.136029411765,1.88235294118,4.35294117647,3.36363636364,2.84615384615,1.69341284359,0.389027274878,0.193958664547,2.09866904602,0.964253345467,0.518282988871,1.87867287326,0.863174022847,0.470588235294,0.786197569093,0.41766745858,2.25,1.88235294118,0.786197569093,2.25,0.166339869281,0.0612244897959,3,0.00441176470588,0.185952380952,17,17,17,1,0,0.352941176471,0.411764705882,0.235294117647,17,0.128676470588,1.90196078431,4.11764705882,3.18181818182,2.69230769231,1.57648156274,0.382859808093,0.201680672269,2.01465221053,0.978545359402,0.524369747899,1.74894926439,0.849489642704,0.463865546218,0.814492905316,0.428238537847,2.33333333333,1.90196078431,0.814492905316,2.33333333333,0,0,0,0,0.164242424242,17,17,17,1,0,0.352941176471,0.411764705882,0.235294117647,17,37,0.136029411765,1.88235294118,4.35294117647,3.36363636364,2.84615384615,1.69341284359,0.389027274878,0.193958664547,2.09866904602,0.964253345467,0.518282988871,1.87867287326,0.863174022847,0.470588235294,0.786197569093,0.41766745858,2.25,1.88235294118,0.786197569093,2.25,0.166339869281,0.0612244897959,3,0.00441176470588,0.185952380952,17,17,17,1,0,0.352941176471,0.411764705882,0.235294117647,0,0,0,0,0,0,0,0,0,0,0,0,0,0,0,0,0,0,0,0,0,0,0,0,0,0,0,0,0,37,0,0,235,1,1,0,0,1,1,1,1,1,1,2,2,0,0,0,0
1790,WLNM_dir_neg,1,0.5,00:00:00,10,40,49,1982697622,threshold_sweep,0.8,1,1,1,2,0,0,4,1,1,0,0,1,1,1,1,0.555555555556,1,1,1,37,35,2,0,37,0,35,0,2,17,37,0.136029411765,1.88235294118,4.35294117647,3.36363636364,2.84615384615,1.69341284359,0.389027274878,0.193958664547,2.09866904602,0.964253345467,0.518282988871,1.87867287326,0.863174022847,0.470588235294,0.786197569093,0.41766745858,2.25,1.88235294118,0.786197569093,2.25,0.166339869281,0.0612244897959,3,0.00441176470588,0.185952380952,17,17,17,1,0,0.352941176471,0.411764705882,0.235294117647,17,0.128676470588,1.90196078431,4.11764705882,3.18181818182,2.69230769231,1.57648156274,0.382859808093,0.201680672269,2.01465221053,0.978545359402,0.524369747899,1.74894926439,0.849489642704,0.463865546218,0.814492905316,0.428238537847,2.33333333333,1.90196078431,0.814492905316,2.33333333333,0,0,0,0,0.164242424242,17,17,17,1,0,0.352941176471,0.411764705882,0.235294117647,17,37,0.136029411765,1.88235294118,4.35294117647,3.36363636364,2.84615384615,1.69341284359,0.389027274878,0.193958664547,2.09866904602,0.964253345467,0.518282988871,1.87867287326,0.863174022847,0.470588235294,0.786197569093,0.41766745858,2.25,1.88235294118,0.786197569093,2.25,0.166339869281,0.0612244897959,3,0.00441176470588,0.185952380952,17,17,17,1,0,0.352941176471,0.411764705882,0.235294117647,0,0,0,0,0,0,0,0,0,0,0,0,0,0,0,0,0,0,0,0,0,0,0,0,0,0,0,0,0,37,0,0,235,1,1,0,0,1,1,1,1,1,1,2,2,0,0,0,0
1791,WLNM_dir_neg,1,0.5,00:00:00,10,40,49,1982697622,threshold_sweep,0.9,1,1,1,2,0,0,4,1,1,0,0,1,1,1,1,0.555555555556,1,1,1,37,35,2,0,37,0,35,0,2,17,37,0.136029411765,1.88235294118,4.35294117647,3.36363636364,2.84615384615,1.69341284359,0.389027274878,0.193958664547,2.09866904602,0.964253345467,0.518282988871,1.87867287326,0.863174022847,0.470588235294,0.786197569093,0.41766745858,2.25,1.88235294118,0.786197569093,2.25,0.166339869281,0.0612244897959,3,0.00441176470588,0.185952380952,17,17,17,1,0,0.352941176471,0.411764705882,0.235294117647,17,0.128676470588,1.90196078431,4.11764705882,3.18181818182,2.69230769231,1.57648156274,0.382859808093,0.201680672269,2.01465221053,0.978545359402,0.524369747899,1.74894926439,0.849489642704,0.463865546218,0.814492905316,0.428238537847,2.33333333333,1.90196078431,0.814492905316,2.33333333333,0,0,0,0,0.164242424242,17,17,17,1,0,0.352941176471,0.411764705882,0.235294117647,17,37,0.136029411765,1.88235294118,4.35294117647,3.36363636364,2.84615384615,1.69341284359,0.389027274878,0.193958664547,2.09866904602,0.964253345467,0.518282988871,1.87867287326,0.863174022847,0.470588235294,0.786197569093,0.41766745858,2.25,1.88235294118,0.786197569093,2.25,0.166339869281,0.0612244897959,3,0.00441176470588,0.185952380952,17,17,17,1,0,0.352941176471,0.411764705882,0.235294117647,0,0,0,0,0,0,0,0,0,0,0,0,0,0,0,0,0,0,0,0,0,0,0,0,0,0,0,0,0,37,0,0,235,1,1,0,0,1,1,1,1,1,1,2,2,0,0,0,0
1792,WLNM_dir_neg,1,0.5,00:00:00,10,40,50,1982697623,threshold_sweep,0.1,1,1,1,2,0,0,4,1,1,0,0,1,1,1,1,0.555555555556,1,1,1,37,35,2,0,37,0,35,0,2,17,37,0.136029411765,1.88235294118,4.35294117647,3.36363636364,2.84615384615,1.69341284359,0.389027274878,0.193958664547,2.09866904602,0.964253345467,0.518282988871,1.87867287326,0.863174022847,0.470588235294,0.786197569093,0.41766745858,2.25,1.88235294118,0.786197569093,2.25,0.166339869281,0.0612244897959,3,0.00441176470588,0.185952380952,17,17,17,1,0,0.352941176471,0.411764705882,0.235294117647,17,0.128676470588,1.90196078431,4.11764705882,3.18181818182,2.69230769231,1.57648156274,0.382859808093,0.201680672269,2.01465221053,0.978545359402,0.524369747899,1.74894926439,0.849489642704,0.463865546218,0.814492905316,0.428238537847,2.33333333333,1.90196078431,0.814492905316,2.33333333333,0,0,0,0,0.164242424242,17,17,17,1,0,0.352941176471,0.411764705882,0.235294117647,17,37,0.136029411765,1.88235294118,4.35294117647,3.36363636364,2.84615384615,1.69341284359,0.389027274878,0.193958664547,2.09866904602,0.964253345467,0.518282988871,1.87867287326,0.863174022847,0.470588235294,0.786197569093,0.41766745858,2.25,1.88235294118,0.786197569093,2.25,0.166339869281,0.0612244897959,3,0.00441176470588,0.185952380952,17,17,17,1,0,0.352941176471,0.411764705882,0.235294117647,0,0,0,0,0,0,0,0,0,0,0,0,0,0,0,0,0,0,0,0,0,0,0,0,0,0,0,0,0,37,0,0,235,1,1,0,0,1,1,1,1,1,1,2,2,0,0,0,0
1793,WLNM_dir_neg,1,0.5,00:00:00,10,40,50,1982697623,threshold_sweep,0.2,1,1,1,2,0,0,4,1,1,0,0,1,1,1,1,0.555555555556,1,1,1,37,35,2,0,37,0,35,0,2,17,37,0.136029411765,1.88235294118,4.35294117647,3.36363636364,2.84615384615,1.69341284359,0.389027274878,0.193958664547,2.09866904602,0.964253345467,0.518282988871,1.87867287326,0.863174022847,0.470588235294,0.786197569093,0.41766745858,2.25,1.88235294118,0.786197569093,2.25,0.166339869281,0.0612244897959,3,0.00441176470588,0.185952380952,17,17,17,1,0,0.352941176471,0.411764705882,0.235294117647,17,0.128676470588,1.90196078431,4.11764705882,3.18181818182,2.69230769231,1.57648156274,0.382859808093,0.201680672269,2.01465221053,0.978545359402,0.524369747899,1.74894926439,0.849489642704,0.463865546218,0.814492905316,0.428238537847,2.33333333333,1.90196078431,0.814492905316,2.33333333333,0,0,0,0,0.164242424242,17,17,17,1,0,0.352941176471,0.411764705882,0.235294117647,17,37,0.136029411765,1.88235294118,4.35294117647,3.36363636364,2.84615384615,1.69341284359,0.389027274878,0.193958664547,2.09866904602,0.964253345467,0.518282988871,1.87867287326,0.863174022847,0.470588235294,0.786197569093,0.41766745858,2.25,1.88235294118,0.786197569093,2.25,0.166339869281,0.0612244897959,3,0.00441176470588,0.185952380952,17,17,17,1,0,0.352941176471,0.411764705882,0.235294117647,0,0,0,0,0,0,0,0,0,0,0,0,0,0,0,0,0,0,0,0,0,0,0,0,0,0,0,0,0,37,0,0,235,1,1,0,0,1,1,1,1,1,1,2,2,0,0,0,0
1794,WLNM_dir_neg,1,0.5,00:00:00,10,40,50,1982697623,threshold_sweep,0.3,1,1,1,2,0,0,4,1,1,0,0,1,1,1,1,0.555555555556,1,1,1,37,35,2,0,37,0,35,0,2,17,37,0.136029411765,1.88235294118,4.35294117647,3.36363636364,2.84615384615,1.69341284359,0.389027274878,0.193958664547,2.09866904602,0.964253345467,0.518282988871,1.87867287326,0.863174022847,0.470588235294,0.786197569093,0.41766745858,2.25,1.88235294118,0.786197569093,2.25,0.166339869281,0.0612244897959,3,0.00441176470588,0.185952380952,17,17,17,1,0,0.352941176471,0.411764705882,0.235294117647,17,0.128676470588,1.90196078431,4.11764705882,3.18181818182,2.69230769231,1.57648156274,0.382859808093,0.201680672269,2.01465221053,0.978545359402,0.524369747899,1.74894926439,0.849489642704,0.463865546218,0.814492905316,0.428238537847,2.33333333333,1.90196078431,0.814492905316,2.33333333333,0,0,0,0,0.164242424242,17,17,17,1,0,0.352941176471,0.411764705882,0.235294117647,17,37,0.136029411765,1.88235294118,4.35294117647,3.36363636364,2.84615384615,1.69341284359,0.389027274878,0.193958664547,2.09866904602,0.964253345467,0.518282988871,1.87867287326,0.863174022847,0.470588235294,0.786197569093,0.41766745858,2.25,1.88235294118,0.786197569093,2.25,0.166339869281,0.0612244897959,3,0.00441176470588,0.185952380952,17,17,17,1,0,0.352941176471,0.411764705882,0.235294117647,0,0,0,0,0,0,0,0,0,0,0,0,0,0,0,0,0,0,0,0,0,0,0,0,0,0,0,0,0,37,0,0,235,1,1,0,0,1,1,1,1,1,1,2,2,0,0,0,0
1795,WLNM_dir_neg,1,0.5,00:00:00,10,40,50,1982697623,threshold_sweep,0.4,1,1,1,2,0,0,4,1,1,0,0,1,1,1,1,0.555555555556,1,1,1,37,35,2,0,37,0,35,0,2,17,37,0.136029411765,1.88235294118,4.35294117647,3.36363636364,2.84615384615,1.69341284359,0.389027274878,0.193958664547,2.09866904602,0.964253345467,0.518282988871,1.87867287326,0.863174022847,0.470588235294,0.786197569093,0.41766745858,2.25,1.88235294118,0.786197569093,2.25,0.166339869281,0.0612244897959,3,0.00441176470588,0.185952380952,17,17,17,1,0,0.352941176471,0.411764705882,0.235294117647,17,0.128676470588,1.90196078431,4.11764705882,3.18181818182,2.69230769231,1.57648156274,0.382859808093,0.201680672269,2.01465221053,0.978545359402,0.524369747899,1.74894926439,0.849489642704,0.463865546218,0.814492905316,0.428238537847,2.33333333333,1.90196078431,0.814492905316,2.33333333333,0,0,0,0,0.164242424242,17,17,17,1,0,0.352941176471,0.411764705882,0.235294117647,17,37,0.136029411765,1.88235294118,4.35294117647,3.36363636364,2.84615384615,1.69341284359,0.389027274878,0.193958664547,2.09866904602,0.964253345467,0.518282988871,1.87867287326,0.863174022847,0.470588235294,0.786197569093,0.41766745858,2.25,1.88235294118,0.786197569093,2.25,0.166339869281,0.0612244897959,3,0.00441176470588,0.185952380952,17,17,17,1,0,0.352941176471,0.411764705882,0.235294117647,0,0,0,0,0,0,0,0,0,0,0,0,0,0,0,0,0,0,0,0,0,0,0,0,0,0,0,0,0,37,0,0,235,1,1,0,0,1,1,1,1,1,1,2,2,0,0,0,0
1796,WLNM_dir_neg,1,0.5,00:00:00,10,40,50,1982697623,threshold_sweep,0.5,1,1,1,2,0,0,4,1,1,0,0,1,1,1,1,0.555555555556,1,1,1,37,35,2,0,37,0,35,0,2,17,37,0.136029411765,1.88235294118,4.35294117647,3.36363636364,2.84615384615,1.69341284359,0.389027274878,0.193958664547,2.09866904602,0.964253345467,0.518282988871,1.87867287326,0.863174022847,0.470588235294,0.786197569093,0.41766745858,2.25,1.88235294118,0.786197569093,2.25,0.166339869281,0.0612244897959,3,0.00441176470588,0.185952380952,17,17,17,1,0,0.352941176471,0.411764705882,0.235294117647,17,0.128676470588,1.90196078431,4.11764705882,3.18181818182,2.69230769231,1.57648156274,0.382859808093,0.201680672269,2.01465221053,0.978545359402,0.524369747899,1.74894926439,0.849489642704,0.463865546218,0.814492905316,0.428238537847,2.33333333333,1.90196078431,0.814492905316,2.33333333333,0,0,0,0,0.164242424242,17,17,17,1,0,0.352941176471,0.411764705882,0.235294117647,17,37,0.136029411765,1.88235294118,4.35294117647,3.36363636364,2.84615384615,1.69341284359,0.389027274878,0.193958664547,2.09866904602,0.964253345467,0.518282988871,1.87867287326,0.863174022847,0.470588235294,0.786197569093,0.41766745858,2.25,1.88235294118,0.786197569093,2.25,0.166339869281,0.0612244897959,3,0.00441176470588,0.185952380952,17,17,17,1,0,0.352941176471,0.411764705882,0.235294117647,0,0,0,0,0,0,0,0,0,0,0,0,0,0,0,0,0,0,0,0,0,0,0,0,0,0,0,0,0,37,0,0,235,1,1,0,0,1,1,1,1,1,1,2,2,0,0,0,0
1797,WLNM_dir_neg,1,0.5,00:00:00,10,40,50,1982697623,threshold_sweep,0.6,1,1,1,2,0,0,4,1,1,0,0,1,1,1,1,0.555555555556,1,1,1,37,35,2,0,37,0,35,0,2,17,37,0.136029411765,1.88235294118,4.35294117647,3.36363636364,2.84615384615,1.69341284359,0.389027274878,0.193958664547,2.09866904602,0.964253345467,0.518282988871,1.87867287326,0.863174022847,0.470588235294,0.786197569093,0.41766745858,2.25,1.88235294118,0.786197569093,2.25,0.166339869281,0.0612244897959,3,0.00441176470588,0.185952380952,17,17,17,1,0,0.352941176471,0.411764705882,0.235294117647,17,0.128676470588,1.90196078431,4.11764705882,3.18181818182,2.69230769231,1.57648156274,0.382859808093,0.201680672269,2.01465221053,0.978545359402,0.524369747899,1.74894926439,0.849489642704,0.463865546218,0.814492905316,0.428238537847,2.33333333333,1.90196078431,0.814492905316,2.33333333333,0,0,0,0,0.164242424242,17,17,17,1,0,0.352941176471,0.411764705882,0.235294117647,17,37,0.136029411765,1.88235294118,4.35294117647,3.36363636364,2.84615384615,1.69341284359,0.389027274878,0.193958664547,2.09866904602,0.964253345467,0.518282988871,1.87867287326,0.863174022847,0.470588235294,0.786197569093,0.41766745858,2.25,1.88235294118,0.786197569093,2.25,0.166339869281,0.0612244897959,3,0.00441176470588,0.185952380952,17,17,17,1,0,0.352941176471,0.411764705882,0.235294117647,0,0,0,0,0,0,0,0,0,0,0,0,0,0,0,0,0,0,0,0,0,0,0,0,0,0,0,0,0,37,0,0,235,1,1,0,0,1,1,1,1,1,1,2,2,0,0,0,0
1798,WLNM_dir_neg,1,0.5,00:00:00,10,40,50,1982697623,threshold_sweep,0.7,1,1,1,2,0,0,4,1,1,0,0,1,1,1,1,0.555555555556,1,1,1,37,35,2,0,37,0,35,0,2,17,37,0.136029411765,1.88235294118,4.35294117647,3.36363636364,2.84615384615,1.69341284359,0.389027274878,0.193958664547,2.09866904602,0.964253345467,0.518282988871,1.87867287326,0.863174022847,0.470588235294,0.786197569093,0.41766745858,2.25,1.88235294118,0.786197569093,2.25,0.166339869281,0.0612244897959,3,0.00441176470588,0.185952380952,17,17,17,1,0,0.352941176471,0.411764705882,0.235294117647,17,0.128676470588,1.90196078431,4.11764705882,3.18181818182,2.69230769231,1.57648156274,0.382859808093,0.201680672269,2.01465221053,0.978545359402,0.524369747899,1.74894926439,0.849489642704,0.463865546218,0.814492905316,0.428238537847,2.33333333333,1.90196078431,0.814492905316,2.33333333333,0,0,0,0,0.164242424242,17,17,17,1,0,0.352941176471,0.411764705882,0.235294117647,17,37,0.136029411765,1.88235294118,4.35294117647,3.36363636364,2.84615384615,1.69341284359,0.389027274878,0.193958664547,2.09866904602,0.964253345467,0.518282988871,1.87867287326,0.863174022847,0.470588235294,0.786197569093,0.41766745858,2.25,1.88235294118,0.786197569093,2.25,0.166339869281,0.0612244897959,3,0.00441176470588,0.185952380952,17,17,17,1,0,0.352941176471,0.411764705882,0.235294117647,0,0,0,0,0,0,0,0,0,0,0,0,0,0,0,0,0,0,0,0,0,0,0,0,0,0,0,0,0,37,0,0,235,1,1,0,0,1,1,1,1,1,1,2,2,0,0,0,0
1799,WLNM_dir_neg,1,0.5,00:00:00,10,40,50,1982697623,threshold_sweep,0.8,1,1,1,2,0,0,4,1,1,0,0,1,1,1,1,0.555555555556,1,1,1,37,35,2,0,37,0,35,0,2,17,37,0.136029411765,1.88235294118,4.35294117647,3.36363636364,2.84615384615,1.69341284359,0.389027274878,0.193958664547,2.09866904602,0.964253345467,0.518282988871,1.87867287326,0.863174022847,0.470588235294,0.786197569093,0.41766745858,2.25,1.88235294118,0.786197569093,2.25,0.166339869281,0.0612244897959,3,0.00441176470588,0.185952380952,17,17,17,1,0,0.352941176471,0.411764705882,0.235294117647,17,0.128676470588,1.90196078431,4.11764705882,3.18181818182,2.69230769231,1.57648156274,0.382859808093,0.201680672269,2.01465221053,0.978545359402,0.524369747899,1.74894926439,0.849489642704,0.463865546218,0.814492905316,0.428238537847,2.33333333333,1.90196078431,0.814492905316,2.33333333333,0,0,0,0,0.164242424242,17,17,17,1,0,0.352941176471,0.411764705882,0.235294117647,17,37,0.136029411765,1.88235294118,4.35294117647,3.36363636364,2.84615384615,1.69341284359,0.389027274878,0.193958664547,2.09866904602,0.964253345467,0.518282988871,1.87867287326,0.863174022847,0.470588235294,0.786197569093,0.41766745858,2.25,1.88235294118,0.786197569093,2.25,0.166339869281,0.0612244897959,3,0.00441176470588,0.185952380952,17,17,17,1,0,0.352941176471,0.411764705882,0.235294117647,0,0,0,0,0,0,0,0,0,0,0,0,0,0,0,0,0,0,0,0,0,0,0,0,0,0,0,0,0,37,0,0,235,1,1,0,0,1,1,1,1,1,1,2,2,0,0,0,0
1800,WLNM_dir_neg,1,0.5,00:00:00,10,40,50,1982697623,threshold_sweep,0.9,1,1,1,2,0,0,4,1,1,0,0,1,1,1,1,0.555555555556,1,1,1,37,35,2,0,37,0,35,0,2,17,37,0.136029411765,1.88235294118,4.35294117647,3.36363636364,2.84615384615,1.69341284359,0.389027274878,0.193958664547,2.09866904602,0.964253345467,0.518282988871,1.87867287326,0.863174022847,0.470588235294,0.786197569093,0.41766745858,2.25,1.88235294118,0.786197569093,2.25,0.166339869281,0.0612244897959,3,0.00441176470588,0.185952380952,17,17,17,1,0,0.352941176471,0.411764705882,0.235294117647,17,0.128676470588,1.90196078431,4.11764705882,3.18181818182,2.69230769231,1.57648156274,0.382859808093,0.201680672269,2.01465221053,0.978545359402,0.524369747899,1.74894926439,0.849489642704,0.463865546218,0.814492905316,0.428238537847,2.33333333333,1.90196078431,0.814492905316,2.33333333333,0,0,0,0,0.164242424242,17,17,17,1,0,0.352941176471,0.411764705882,0.235294117647,17,37,0.136029411765,1.88235294118,4.35294117647,3.36363636364,2.84615384615,1.69341284359,0.389027274878,0.193958664547,2.09866904602,0.964253345467,0.518282988871,1.87867287326,0.863174022847,0.470588235294,0.786197569093,0.41766745858,2.25,1.88235294118,0.786197569093,2.25,0.166339869281,0.0612244897959,3,0.00441176470588,0.185952380952,17,17,17,1,0,0.352941176471,0.411764705882,0.235294117647,0,0,0,0,0,0,0,0,0,0,0,0,0,0,0,0,0,0,0,0,0,0,0,0,0,0,0,0,0,37,0,0,235,1,1,0,0,1,1,1,1,1,1,2,2,0,0,0,0
1801,WLNM_dir_neg,1,0.5,00:00:01,10,50,1,1983614874,threshold_sweep,0.1,0.666666666667,1,0.8,2,1,0,3,1,0.75,0.25,0,0.666666666667,1,0.8,0.833333333333,0.5,0.666666666667,0.707106781187,0.75,37,35,2,0,37,0,35,0,2,17,37,0.136029411765,1.88235294118,4.35294117647,3.36363636364,2.84615384615,1.69341284359,0.389027274878,0.193958664547,2.09866904602,0.964253345467,0.518282988871,1.87867287326,0.863174022847,0.470588235294,0.786197569093,0.41766745858,2.25,1.88235294118,0.786197569093,2.25,0.166339869281,0.0612244897959,3,0.00441176470588,0.185952380952,17,17,17,1,0,0.352941176471,0.411764705882,0.235294117647,17,0.128676470588,1.90196078431,4.11764705882,3.18181818182,2.69230769231,1.57648156274,0.382859808093,0.201680672269,2.01465221053,0.978545359402,0.524369747899,1.74894926439,0.849489642704,0.463865546218,0.814492905316,0.428238537847,2.33333333333,1.90196078431,0.814492905316,2.33333333333,0,0,0,0,0.164242424242,17,17,17,1,0,0.352941176471,0.411764705882,0.235294117647,17,38,0.139705882353,1.95334224599,4.47058823529,3.45454545455,2.71428571429,1.87475488594,0.419353066592,0.201238390093,2.19457888229,0.981785289445,0.529411764706,1.82103719638,0.814674535221,0.442724458204,0.870642232038,0.445719245476,2.45454545455,1.95334224599,0.870642232038,2.45454545455,0.166339869281,0.0612244897959,3,0.00441176470588,0.178506493506,17,17,17,1,0,0.352941176471,0.470588235294,0.176470588235,1,0.00367647058824,0.0709893048128,0.117647058824,0.0909090909091,-0.131868131868,0.181342042353,0.0303257917137,0.00727972554598,0.0959098362728,0.0175319439782,0.0111287758347,-0.0576356768785,-0.0484994876259,-0.0278637770898,0.0844446629454,0.0280517868952,0.204545454545,0.0709893048128,0.0844446629454,0.204545454545,0,0,0,0,-0.00744588744589,0,0.0588235294118,-0.0588235294118,37,1,0,234,1,0.995744680851,0.00425531914894,0,0.973684210526,1,0.986666666667,0.984652666406,0.995744680851,0.973684210526,3,2,0,0,0,0
1802,WLNM_dir_neg,1,0.5,00:00:01,10,50,1,1983614874,threshold_sweep,0.2,1,1,1,2,0,0,4,1,1,0,0,1,1,1,1,0.555555555556,1,1,1,37,35,2,0,37,0,35,0,2,17,37,0.136029411765,1.88235294118,4.35294117647,3.36363636364,2.84615384615,1.69341284359,0.389027274878,0.193958664547,2.09866904602,0.964253345467,0.518282988871,1.87867287326,0.863174022847,0.470588235294,0.786197569093,0.41766745858,2.25,1.88235294118,0.786197569093,2.25,0.166339869281,0.0612244897959,3,0.00441176470588,0.185952380952,17,17,17,1,0,0.352941176471,0.411764705882,0.235294117647,17,0.128676470588,1.90196078431,4.11764705882,3.18181818182,2.69230769231,1.57648156274,0.382859808093,0.201680672269,2.01465221053,0.978545359402,0.524369747899,1.74894926439,0.849489642704,0.463865546218,0.814492905316,0.428238537847,2.33333333333,1.90196078431,0.814492905316,2.33333333333,0,0,0,0,0.164242424242,17,17,17,1,0,0.352941176471,0.411764705882,0.235294117647,17,37,0.136029411765,1.88235294118,4.35294117647,3.36363636364,2.84615384615,1.69341284359,0.389027274878,0.193958664547,2.09866904602,0.964253345467,0.518282988871,1.87867287326,0.863174022847,0.470588235294,0.786197569093,0.41766745858,2.25,1.88235294118,0.786197569093,2.25,0.166339869281,0.0612244897959,3,0.00441176470588,0.185952380952,17,17,17,1,0,0.352941176471,0.411764705882,0.235294117647,0,0,0,0,0,0,0,0,0,0,0,0,0,0,0,0,0,0,0,0,0,0,0,0,0,0,0,0,0,37,0,0,235,1,1,0,0,1,1,1,1,1,1,2,2,0,0,0,0
1803,WLNM_dir_neg,1,0.5,00:00:01,10,50,1,1983614874,threshold_sweep,0.3,1,1,1,2,0,0,4,1,1,0,0,1,1,1,1,0.555555555556,1,1,1,37,35,2,0,37,0,35,0,2,17,37,0.136029411765,1.88235294118,4.35294117647,3.36363636364,2.84615384615,1.69341284359,0.389027274878,0.193958664547,2.09866904602,0.964253345467,0.518282988871,1.87867287326,0.863174022847,0.470588235294,0.786197569093,0.41766745858,2.25,1.88235294118,0.786197569093,2.25,0.166339869281,0.0612244897959,3,0.00441176470588,0.185952380952,17,17,17,1,0,0.352941176471,0.411764705882,0.235294117647,17,0.128676470588,1.90196078431,4.11764705882,3.18181818182,2.69230769231,1.57648156274,0.382859808093,0.201680672269,2.01465221053,0.978545359402,0.524369747899,1.74894926439,0.849489642704,0.463865546218,0.814492905316,0.428238537847,2.33333333333,1.90196078431,0.814492905316,2.33333333333,0,0,0,0,0.164242424242,17,17,17,1,0,0.352941176471,0.411764705882,0.235294117647,17,37,0.136029411765,1.88235294118,4.35294117647,3.36363636364,2.84615384615,1.69341284359,0.389027274878,0.193958664547,2.09866904602,0.964253345467,0.518282988871,1.87867287326,0.863174022847,0.470588235294,0.786197569093,0.41766745858,2.25,1.88235294118,0.786197569093,2.25,0.166339869281,0.0612244897959,3,0.00441176470588,0.185952380952,17,17,17,1,0,0.352941176471,0.411764705882,0.235294117647,0,0,0,0,0,0,0,0,0,0,0,0,0,0,0,0,0,0,0,0,0,0,0,0,0,0,0,0,0,37,0,0,235,1,1,0,0,1,1,1,1,1,1,2,2,0,0,0,0
1804,WLNM_dir_neg,1,0.5,00:00:01,10,50,1,1983614874,threshold_sweep,0.4,1,0.5,0.666666666667,1,0,1,4,0.5,1,0,0.5,1,0.5,0.666666666667,0.833333333333,0.611111111111,0.571428571429,0.632455532034,0.5,37,35,2,0,37,0,35,0,2,17,37,0.136029411765,1.88235294118,4.35294117647,3.36363636364,2.84615384615,1.69341284359,0.389027274878,0.193958664547,2.09866904602,0.964253345467,0.518282988871,1.87867287326,0.863174022847,0.470588235294,0.786197569093,0.41766745858,2.25,1.88235294118,0.786197569093,2.25,0.166339869281,0.0612244897959,3,0.00441176470588,0.185952380952,17,17,17,1,0,0.352941176471,0.411764705882,0.235294117647,17,0.128676470588,1.90196078431,4.11764705882,3.18181818182,2.69230769231,1.57648156274,0.382859808093,0.201680672269,2.01465221053,0.978545359402,0.524369747899,1.74894926439,0.849489642704,0.463865546218,0.814492905316,0.428238537847,2.33333333333,1.90196078431,0.814492905316,2.33333333333,0,0,0,0,0.164242424242,17,17,17,1,0,0.352941176471,0.411764705882,0.235294117647,17,36,0.132352941176,1.89705882353,4.23529411765,3.27272727273,2.76923076923,1.71498585143,0.40492721492,0.204248366013,2.05798302171,0.971825315808,0.522875816993,1.79869233546,0.849382491746,0.464052287582,0.805541469338,0.424626510969,2.25,1.89705882353,0.805541469338,2.25,0.0702614379085,0.0214285714286,1,0.00147058823529,0.175454545455,17,17,17,1,0,0.352941176471,0.411764705882,0.235294117647,-1,-0.00367647058824,0.0147058823529,-0.117647058824,-0.0909090909091,-0.0769230769231,0.0215730078386,0.0158999400418,0.0102897014662,-0.0406860243059,0.00757197034072,0.00459282812224,-0.0799805377942,-0.0137915311015,-0.00653594771242,0.0193439002456,0.00695905238854,0,0.0147058823529,0.0193439002456,0,-0.0960784313725,-0.0397959183673,-2,-0.00294117647059,-0.0104978354978,0,0,0,36,0,1,235,0.972972972973,1,0,0.027027027027,1,0.972972972973,0.986301369863,0.984301887704,0.972972972973,0.972972972973,1,2,0,0,0,0
1805,WLNM_dir_neg,1,0.5,00:00:01,10,50,1,1983614874,threshold_sweep,0.5,1,0.5,0.666666666667,1,0,1,4,0.5,1,0,0.5,1,0.5,0.666666666667,0.833333333333,0.611111111111,0.571428571429,0.632455532034,0.5,37,35,2,0,37,0,35,0,2,17,37,0.136029411765,1.88235294118,4.35294117647,3.36363636364,2.84615384615,1.69341284359,0.389027274878,0.193958664547,2.09866904602,0.964253345467,0.518282988871,1.87867287326,0.863174022847,0.470588235294,0.786197569093,0.41766745858,2.25,1.88235294118,0.786197569093,2.25,0.166339869281,0.0612244897959,3,0.00441176470588,0.185952380952,17,17,17,1,0,0.352941176471,0.411764705882,0.235294117647,17,0.128676470588,1.90196078431,4.11764705882,3.18181818182,2.69230769231,1.57648156274,0.382859808093,0.201680672269,2.01465221053,0.978545359402,0.524369747899,1.74894926439,0.849489642704,0.463865546218,0.814492905316,0.428238537847,2.33333333333,1.90196078431,0.814492905316,2.33333333333,0,0,0,0,0.164242424242,17,17,17,1,0,0.352941176471,0.411764705882,0.235294117647,17,36,0.132352941176,1.89705882353,4.23529411765,3.27272727273,2.76923076923,1.71498585143,0.40492721492,0.204248366013,2.05798302171,0.971825315808,0.522875816993,1.79869233546,0.849382491746,0.464052287582,0.805541469338,0.424626510969,2.25,1.89705882353,0.805541469338,2.25,0.0702614379085,0.0214285714286,1,0.00147058823529,0.175454545455,17,17,17,1,0,0.352941176471,0.411764705882,0.235294117647,-1,-0.00367647058824,0.0147058823529,-0.117647058824,-0.0909090909091,-0.0769230769231,0.0215730078386,0.0158999400418,0.0102897014662,-0.0406860243059,0.00757197034072,0.00459282812224,-0.0799805377942,-0.0137915311015,-0.00653594771242,0.0193439002456,0.00695905238854,0,0.0147058823529,0.0193439002456,0,-0.0960784313725,-0.0397959183673,-2,-0.00294117647059,-0.0104978354978,0,0,0,36,0,1,235,0.972972972973,1,0,0.027027027027,1,0.972972972973,0.986301369863,0.984301887704,0.972972972973,0.972972972973,1,2,0,0,0,0
1806,WLNM_dir_neg,1,0.5,00:00:01,10,50,1,1983614874,threshold_sweep,0.6,1,0.5,0.666666666667,1,0,1,4,0.5,1,0,0.5,1,0.5,0.666666666667,0.833333333333,0.611111111111,0.571428571429,0.632455532034,0.5,37,35,2,0,37,0,35,0,2,17,37,0.136029411765,1.88235294118,4.35294117647,3.36363636364,2.84615384615,1.69341284359,0.389027274878,0.193958664547,2.09866904602,0.964253345467,0.518282988871,1.87867287326,0.863174022847,0.470588235294,0.786197569093,0.41766745858,2.25,1.88235294118,0.786197569093,2.25,0.166339869281,0.0612244897959,3,0.00441176470588,0.185952380952,17,17,17,1,0,0.352941176471,0.411764705882,0.235294117647,17,0.128676470588,1.90196078431,4.11764705882,3.18181818182,2.69230769231,1.57648156274,0.382859808093,0.201680672269,2.01465221053,0.978545359402,0.524369747899,1.74894926439,0.849489642704,0.463865546218,0.814492905316,0.428238537847,2.33333333333,1.90196078431,0.814492905316,2.33333333333,0,0,0,0,0.164242424242,17,17,17,1,0,0.352941176471,0.411764705882,0.235294117647,17,36,0.132352941176,1.89705882353,4.23529411765,3.27272727273,2.76923076923,1.71498585143,0.40492721492,0.204248366013,2.05798302171,0.971825315808,0.522875816993,1.79869233546,0.849382491746,0.464052287582,0.805541469338,0.424626510969,2.25,1.89705882353,0.805541469338,2.25,0.0702614379085,0.0214285714286,1,0.00147058823529,0.175454545455,17,17,17,1,0,0.352941176471,0.411764705882,0.235294117647,-1,-0.00367647058824,0.0147058823529,-0.117647058824,-0.0909090909091,-0.0769230769231,0.0215730078386,0.0158999400418,0.0102897014662,-0.0406860243059,0.00757197034072,0.00459282812224,-0.0799805377942,-0.0137915311015,-0.00653594771242,0.0193439002456,0.00695905238854,0,0.0147058823529,0.0193439002456,0,-0.0960784313725,-0.0397959183673,-2,-0.00294117647059,-0.0104978354978,0,0,0,36,0,1,235,0.972972972973,1,0,0.027027027027,1,0.972972972973,0.986301369863,0.984301887704,0.972972972973,0.972972972973,1,2,0,0,0,0
1807,WLNM_dir_neg,1,0.5,00:00:01,10,50,1,1983614874,threshold_sweep,0.7,1,0.5,0.666666666667,1,0,1,4,0.5,1,0,0.5,1,0.5,0.666666666667,0.833333333333,0.611111111111,0.571428571429,0.632455532034,0.5,37,35,2,0,37,0,35,0,2,17,37,0.136029411765,1.88235294118,4.35294117647,3.36363636364,2.84615384615,1.69341284359,0.389027274878,0.193958664547,2.09866904602,0.964253345467,0.518282988871,1.87867287326,0.863174022847,0.470588235294,0.786197569093,0.41766745858,2.25,1.88235294118,0.786197569093,2.25,0.166339869281,0.0612244897959,3,0.00441176470588,0.185952380952,17,17,17,1,0,0.352941176471,0.411764705882,0.235294117647,17,0.128676470588,1.90196078431,4.11764705882,3.18181818182,2.69230769231,1.57648156274,0.382859808093,0.201680672269,2.01465221053,0.978545359402,0.524369747899,1.74894926439,0.849489642704,0.463865546218,0.814492905316,0.428238537847,2.33333333333,1.90196078431,0.814492905316,2.33333333333,0,0,0,0,0.164242424242,17,17,17,1,0,0.352941176471,0.411764705882,0.235294117647,17,36,0.132352941176,1.89705882353,4.23529411765,3.27272727273,2.76923076923,1.71498585143,0.40492721492,0.204248366013,2.05798302171,0.971825315808,0.522875816993,1.79869233546,0.849382491746,0.464052287582,0.805541469338,0.424626510969,2.25,1.89705882353,0.805541469338,2.25,0.0702614379085,0.0214285714286,1,0.00147058823529,0.175454545455,17,17,17,1,0,0.352941176471,0.411764705882,0.235294117647,-1,-0.00367647058824,0.0147058823529,-0.117647058824,-0.0909090909091,-0.0769230769231,0.0215730078386,0.0158999400418,0.0102897014662,-0.0406860243059,0.00757197034072,0.00459282812224,-0.0799805377942,-0.0137915311015,-0.00653594771242,0.0193439002456,0.00695905238854,0,0.0147058823529,0.0193439002456,0,-0.0960784313725,-0.0397959183673,-2,-0.00294117647059,-0.0104978354978,0,0,0,36,0,1,235,0.972972972973,1,0,0.027027027027,1,0.972972972973,0.986301369863,0.984301887704,0.972972972973,0.972972972973,1,2,0,0,0,0
1808,WLNM_dir_neg,1,0.5,00:00:01,10,50,1,1983614874,threshold_sweep,0.8,1,0.5,0.666666666667,1,0,1,4,0.5,1,0,0.5,1,0.5,0.666666666667,0.833333333333,0.611111111111,0.571428571429,0.632455532034,0.5,37,35,2,0,37,0,35,0,2,17,37,0.136029411765,1.88235294118,4.35294117647,3.36363636364,2.84615384615,1.69341284359,0.389027274878,0.193958664547,2.09866904602,0.964253345467,0.518282988871,1.87867287326,0.863174022847,0.470588235294,0.786197569093,0.41766745858,2.25,1.88235294118,0.786197569093,2.25,0.166339869281,0.0612244897959,3,0.00441176470588,0.185952380952,17,17,17,1,0,0.352941176471,0.411764705882,0.235294117647,17,0.128676470588,1.90196078431,4.11764705882,3.18181818182,2.69230769231,1.57648156274,0.382859808093,0.201680672269,2.01465221053,0.978545359402,0.524369747899,1.74894926439,0.849489642704,0.463865546218,0.814492905316,0.428238537847,2.33333333333,1.90196078431,0.814492905316,2.33333333333,0,0,0,0,0.164242424242,17,17,17,1,0,0.352941176471,0.411764705882,0.235294117647,17,36,0.132352941176,1.89705882353,4.23529411765,3.27272727273,2.76923076923,1.71498585143,0.40492721492,0.204248366013,2.05798302171,0.971825315808,0.522875816993,1.79869233546,0.849382491746,0.464052287582,0.805541469338,0.424626510969,2.25,1.89705882353,0.805541469338,2.25,0.0702614379085,0.0214285714286,1,0.00147058823529,0.175454545455,17,17,17,1,0,0.352941176471,0.411764705882,0.235294117647,-1,-0.00367647058824,0.0147058823529,-0.117647058824,-0.0909090909091,-0.0769230769231,0.0215730078386,0.0158999400418,0.0102897014662,-0.0406860243059,0.00757197034072,0.00459282812224,-0.0799805377942,-0.0137915311015,-0.00653594771242,0.0193439002456,0.00695905238854,0,0.0147058823529,0.0193439002456,0,-0.0960784313725,-0.0397959183673,-2,-0.00294117647059,-0.0104978354978,0,0,0,36,0,1,235,0.972972972973,1,0,0.027027027027,1,0.972972972973,0.986301369863,0.984301887704,0.972972972973,0.972972972973,1,2,0,0,0,0
1809,WLNM_dir_neg,1,0.5,00:00:01,10,50,1,1983614874,threshold_sweep,0.9,1,0.5,0.666666666667,1,0,1,4,0.5,1,0,0.5,1,0.5,0.666666666667,0.833333333333,0.611111111111,0.571428571429,0.632455532034,0.5,37,35,2,0,37,0,35,0,2,17,37,0.136029411765,1.88235294118,4.35294117647,3.36363636364,2.84615384615,1.69341284359,0.389027274878,0.193958664547,2.09866904602,0.964253345467,0.518282988871,1.87867287326,0.863174022847,0.470588235294,0.786197569093,0.41766745858,2.25,1.88235294118,0.786197569093,2.25,0.166339869281,0.0612244897959,3,0.00441176470588,0.185952380952,17,17,17,1,0,0.352941176471,0.411764705882,0.235294117647,17,0.128676470588,1.90196078431,4.11764705882,3.18181818182,2.69230769231,1.57648156274,0.382859808093,0.201680672269,2.01465221053,0.978545359402,0.524369747899,1.74894926439,0.849489642704,0.463865546218,0.814492905316,0.428238537847,2.33333333333,1.90196078431,0.814492905316,2.33333333333,0,0,0,0,0.164242424242,17,17,17,1,0,0.352941176471,0.411764705882,0.235294117647,17,36,0.132352941176,1.89705882353,4.23529411765,3.27272727273,2.76923076923,1.71498585143,0.40492721492,0.204248366013,2.05798302171,0.971825315808,0.522875816993,1.79869233546,0.849382491746,0.464052287582,0.805541469338,0.424626510969,2.25,1.89705882353,0.805541469338,2.25,0.0702614379085,0.0214285714286,1,0.00147058823529,0.175454545455,17,17,17,1,0,0.352941176471,0.411764705882,0.235294117647,-1,-0.00367647058824,0.0147058823529,-0.117647058824,-0.0909090909091,-0.0769230769231,0.0215730078386,0.0158999400418,0.0102897014662,-0.0406860243059,0.00757197034072,0.00459282812224,-0.0799805377942,-0.0137915311015,-0.00653594771242,0.0193439002456,0.00695905238854,0,0.0147058823529,0.0193439002456,0,-0.0960784313725,-0.0397959183673,-2,-0.00294117647059,-0.0104978354978,0,0,0,36,0,1,235,0.972972972973,1,0,0.027027027027,1,0.972972972973,0.986301369863,0.984301887704,0.972972972973,0.972972972973,1,2,0,0,0,0
1810,WLNM_dir_neg,1,0.5,00:00:01,10,50,2,1983614875,threshold_sweep,0.1,1,1,1,2,0,0,4,1,1,0,0,1,1,1,1,0.555555555556,1,1,1,37,35,2,0,37,0,35,0,2,17,37,0.136029411765,1.88235294118,4.35294117647,3.36363636364,2.84615384615,1.69341284359,0.389027274878,0.193958664547,2.09866904602,0.964253345467,0.518282988871,1.87867287326,0.863174022847,0.470588235294,0.786197569093,0.41766745858,2.25,1.88235294118,0.786197569093,2.25,0.166339869281,0.0612244897959,3,0.00441176470588,0.185952380952,17,17,17,1,0,0.352941176471,0.411764705882,0.235294117647,17,0.128676470588,1.90196078431,4.11764705882,3.18181818182,2.69230769231,1.57648156274,0.382859808093,0.201680672269,2.01465221053,0.978545359402,0.524369747899,1.74894926439,0.849489642704,0.463865546218,0.814492905316,0.428238537847,2.33333333333,1.90196078431,0.814492905316,2.33333333333,0,0,0,0,0.164242424242,17,17,17,1,0,0.352941176471,0.411764705882,0.235294117647,17,37,0.136029411765,1.88235294118,4.35294117647,3.36363636364,2.84615384615,1.69341284359,0.389027274878,0.193958664547,2.09866904602,0.964253345467,0.518282988871,1.87867287326,0.863174022847,0.470588235294,0.786197569093,0.41766745858,2.25,1.88235294118,0.786197569093,2.25,0.166339869281,0.0612244897959,3,0.00441176470588,0.185952380952,17,17,17,1,0,0.352941176471,0.411764705882,0.235294117647,0,0,0,0,0,0,0,0,0,0,0,0,0,0,0,0,0,0,0,0,0,0,0,0,0,0,0,0,0,37,0,0,235,1,1,0,0,1,1,1,1,1,1,2,2,0,0,0,0
1811,WLNM_dir_neg,1,0.5,00:00:01,10,50,2,1983614875,threshold_sweep,0.2,1,1,1,2,0,0,4,1,1,0,0,1,1,1,1,0.555555555556,1,1,1,37,35,2,0,37,0,35,0,2,17,37,0.136029411765,1.88235294118,4.35294117647,3.36363636364,2.84615384615,1.69341284359,0.389027274878,0.193958664547,2.09866904602,0.964253345467,0.518282988871,1.87867287326,0.863174022847,0.470588235294,0.786197569093,0.41766745858,2.25,1.88235294118,0.786197569093,2.25,0.166339869281,0.0612244897959,3,0.00441176470588,0.185952380952,17,17,17,1,0,0.352941176471,0.411764705882,0.235294117647,17,0.128676470588,1.90196078431,4.11764705882,3.18181818182,2.69230769231,1.57648156274,0.382859808093,0.201680672269,2.01465221053,0.978545359402,0.524369747899,1.74894926439,0.849489642704,0.463865546218,0.814492905316,0.428238537847,2.33333333333,1.90196078431,0.814492905316,2.33333333333,0,0,0,0,0.164242424242,17,17,17,1,0,0.352941176471,0.411764705882,0.235294117647,17,37,0.136029411765,1.88235294118,4.35294117647,3.36363636364,2.84615384615,1.69341284359,0.389027274878,0.193958664547,2.09866904602,0.964253345467,0.518282988871,1.87867287326,0.863174022847,0.470588235294,0.786197569093,0.41766745858,2.25,1.88235294118,0.786197569093,2.25,0.166339869281,0.0612244897959,3,0.00441176470588,0.185952380952,17,17,17,1,0,0.352941176471,0.411764705882,0.235294117647,0,0,0,0,0,0,0,0,0,0,0,0,0,0,0,0,0,0,0,0,0,0,0,0,0,0,0,0,0,37,0,0,235,1,1,0,0,1,1,1,1,1,1,2,2,0,0,0,0
1812,WLNM_dir_neg,1,0.5,00:00:01,10,50,2,1983614875,threshold_sweep,0.3,1,1,1,2,0,0,4,1,1,0,0,1,1,1,1,0.555555555556,1,1,1,37,35,2,0,37,0,35,0,2,17,37,0.136029411765,1.88235294118,4.35294117647,3.36363636364,2.84615384615,1.69341284359,0.389027274878,0.193958664547,2.09866904602,0.964253345467,0.518282988871,1.87867287326,0.863174022847,0.470588235294,0.786197569093,0.41766745858,2.25,1.88235294118,0.786197569093,2.25,0.166339869281,0.0612244897959,3,0.00441176470588,0.185952380952,17,17,17,1,0,0.352941176471,0.411764705882,0.235294117647,17,0.128676470588,1.90196078431,4.11764705882,3.18181818182,2.69230769231,1.57648156274,0.382859808093,0.201680672269,2.01465221053,0.978545359402,0.524369747899,1.74894926439,0.849489642704,0.463865546218,0.814492905316,0.428238537847,2.33333333333,1.90196078431,0.814492905316,2.33333333333,0,0,0,0,0.164242424242,17,17,17,1,0,0.352941176471,0.411764705882,0.235294117647,17,37,0.136029411765,1.88235294118,4.35294117647,3.36363636364,2.84615384615,1.69341284359,0.389027274878,0.193958664547,2.09866904602,0.964253345467,0.518282988871,1.87867287326,0.863174022847,0.470588235294,0.786197569093,0.41766745858,2.25,1.88235294118,0.786197569093,2.25,0.166339869281,0.0612244897959,3,0.00441176470588,0.185952380952,17,17,17,1,0,0.352941176471,0.411764705882,0.235294117647,0,0,0,0,0,0,0,0,0,0,0,0,0,0,0,0,0,0,0,0,0,0,0,0,0,0,0,0,0,37,0,0,235,1,1,0,0,1,1,1,1,1,1,2,2,0,0,0,0
1813,WLNM_dir_neg,1,0.5,00:00:01,10,50,2,1983614875,threshold_sweep,0.4,1,1,1,2,0,0,4,1,1,0,0,1,1,1,1,0.555555555556,1,1,1,37,35,2,0,37,0,35,0,2,17,37,0.136029411765,1.88235294118,4.35294117647,3.36363636364,2.84615384615,1.69341284359,0.389027274878,0.193958664547,2.09866904602,0.964253345467,0.518282988871,1.87867287326,0.863174022847,0.470588235294,0.786197569093,0.41766745858,2.25,1.88235294118,0.786197569093,2.25,0.166339869281,0.0612244897959,3,0.00441176470588,0.185952380952,17,17,17,1,0,0.352941176471,0.411764705882,0.235294117647,17,0.128676470588,1.90196078431,4.11764705882,3.18181818182,2.69230769231,1.57648156274,0.382859808093,0.201680672269,2.01465221053,0.978545359402,0.524369747899,1.74894926439,0.849489642704,0.463865546218,0.814492905316,0.428238537847,2.33333333333,1.90196078431,0.814492905316,2.33333333333,0,0,0,0,0.164242424242,17,17,17,1,0,0.352941176471,0.411764705882,0.235294117647,17,37,0.136029411765,1.88235294118,4.35294117647,3.36363636364,2.84615384615,1.69341284359,0.389027274878,0.193958664547,2.09866904602,0.964253345467,0.518282988871,1.87867287326,0.863174022847,0.470588235294,0.786197569093,0.41766745858,2.25,1.88235294118,0.786197569093,2.25,0.166339869281,0.0612244897959,3,0.00441176470588,0.185952380952,17,17,17,1,0,0.352941176471,0.411764705882,0.235294117647,0,0,0,0,0,0,0,0,0,0,0,0,0,0,0,0,0,0,0,0,0,0,0,0,0,0,0,0,0,37,0,0,235,1,1,0,0,1,1,1,1,1,1,2,2,0,0,0,0
1814,WLNM_dir_neg,1,0.5,00:00:01,10,50,2,1983614875,threshold_sweep,0.5,1,1,1,2,0,0,4,1,1,0,0,1,1,1,1,0.555555555556,1,1,1,37,35,2,0,37,0,35,0,2,17,37,0.136029411765,1.88235294118,4.35294117647,3.36363636364,2.84615384615,1.69341284359,0.389027274878,0.193958664547,2.09866904602,0.964253345467,0.518282988871,1.87867287326,0.863174022847,0.470588235294,0.786197569093,0.41766745858,2.25,1.88235294118,0.786197569093,2.25,0.166339869281,0.0612244897959,3,0.00441176470588,0.185952380952,17,17,17,1,0,0.352941176471,0.411764705882,0.235294117647,17,0.128676470588,1.90196078431,4.11764705882,3.18181818182,2.69230769231,1.57648156274,0.382859808093,0.201680672269,2.01465221053,0.978545359402,0.524369747899,1.74894926439,0.849489642704,0.463865546218,0.814492905316,0.428238537847,2.33333333333,1.90196078431,0.814492905316,2.33333333333,0,0,0,0,0.164242424242,17,17,17,1,0,0.352941176471,0.411764705882,0.235294117647,17,37,0.136029411765,1.88235294118,4.35294117647,3.36363636364,2.84615384615,1.69341284359,0.389027274878,0.193958664547,2.09866904602,0.964253345467,0.518282988871,1.87867287326,0.863174022847,0.470588235294,0.786197569093,0.41766745858,2.25,1.88235294118,0.786197569093,2.25,0.166339869281,0.0612244897959,3,0.00441176470588,0.185952380952,17,17,17,1,0,0.352941176471,0.411764705882,0.235294117647,0,0,0,0,0,0,0,0,0,0,0,0,0,0,0,0,0,0,0,0,0,0,0,0,0,0,0,0,0,37,0,0,235,1,1,0,0,1,1,1,1,1,1,2,2,0,0,0,0
1815,WLNM_dir_neg,1,0.5,00:00:01,10,50,2,1983614875,threshold_sweep,0.6,1,1,1,2,0,0,4,1,1,0,0,1,1,1,1,0.555555555556,1,1,1,37,35,2,0,37,0,35,0,2,17,37,0.136029411765,1.88235294118,4.35294117647,3.36363636364,2.84615384615,1.69341284359,0.389027274878,0.193958664547,2.09866904602,0.964253345467,0.518282988871,1.87867287326,0.863174022847,0.470588235294,0.786197569093,0.41766745858,2.25,1.88235294118,0.786197569093,2.25,0.166339869281,0.0612244897959,3,0.00441176470588,0.185952380952,17,17,17,1,0,0.352941176471,0.411764705882,0.235294117647,17,0.128676470588,1.90196078431,4.11764705882,3.18181818182,2.69230769231,1.57648156274,0.382859808093,0.201680672269,2.01465221053,0.978545359402,0.524369747899,1.74894926439,0.849489642704,0.463865546218,0.814492905316,0.428238537847,2.33333333333,1.90196078431,0.814492905316,2.33333333333,0,0,0,0,0.164242424242,17,17,17,1,0,0.352941176471,0.411764705882,0.235294117647,17,37,0.136029411765,1.88235294118,4.35294117647,3.36363636364,2.84615384615,1.69341284359,0.389027274878,0.193958664547,2.09866904602,0.964253345467,0.518282988871,1.87867287326,0.863174022847,0.470588235294,0.786197569093,0.41766745858,2.25,1.88235294118,0.786197569093,2.25,0.166339869281,0.0612244897959,3,0.00441176470588,0.185952380952,17,17,17,1,0,0.352941176471,0.411764705882,0.235294117647,0,0,0,0,0,0,0,0,0,0,0,0,0,0,0,0,0,0,0,0,0,0,0,0,0,0,0,0,0,37,0,0,235,1,1,0,0,1,1,1,1,1,1,2,2,0,0,0,0
1816,WLNM_dir_neg,1,0.5,00:00:01,10,50,2,1983614875,threshold_sweep,0.7,1,1,1,2,0,0,4,1,1,0,0,1,1,1,1,0.555555555556,1,1,1,37,35,2,0,37,0,35,0,2,17,37,0.136029411765,1.88235294118,4.35294117647,3.36363636364,2.84615384615,1.69341284359,0.389027274878,0.193958664547,2.09866904602,0.964253345467,0.518282988871,1.87867287326,0.863174022847,0.470588235294,0.786197569093,0.41766745858,2.25,1.88235294118,0.786197569093,2.25,0.166339869281,0.0612244897959,3,0.00441176470588,0.185952380952,17,17,17,1,0,0.352941176471,0.411764705882,0.235294117647,17,0.128676470588,1.90196078431,4.11764705882,3.18181818182,2.69230769231,1.57648156274,0.382859808093,0.201680672269,2.01465221053,0.978545359402,0.524369747899,1.74894926439,0.849489642704,0.463865546218,0.814492905316,0.428238537847,2.33333333333,1.90196078431,0.814492905316,2.33333333333,0,0,0,0,0.164242424242,17,17,17,1,0,0.352941176471,0.411764705882,0.235294117647,17,37,0.136029411765,1.88235294118,4.35294117647,3.36363636364,2.84615384615,1.69341284359,0.389027274878,0.193958664547,2.09866904602,0.964253345467,0.518282988871,1.87867287326,0.863174022847,0.470588235294,0.786197569093,0.41766745858,2.25,1.88235294118,0.786197569093,2.25,0.166339869281,0.0612244897959,3,0.00441176470588,0.185952380952,17,17,17,1,0,0.352941176471,0.411764705882,0.235294117647,0,0,0,0,0,0,0,0,0,0,0,0,0,0,0,0,0,0,0,0,0,0,0,0,0,0,0,0,0,37,0,0,235,1,1,0,0,1,1,1,1,1,1,2,2,0,0,0,0
1817,WLNM_dir_neg,1,0.5,00:00:01,10,50,2,1983614875,threshold_sweep,0.8,1,0.5,0.666666666667,1,0,1,4,0.5,1,0,0.5,1,0.5,0.666666666667,0.833333333333,0.611111111111,0.571428571429,0.632455532034,0.5,37,35,2,0,37,0,35,0,2,17,37,0.136029411765,1.88235294118,4.35294117647,3.36363636364,2.84615384615,1.69341284359,0.389027274878,0.193958664547,2.09866904602,0.964253345467,0.518282988871,1.87867287326,0.863174022847,0.470588235294,0.786197569093,0.41766745858,2.25,1.88235294118,0.786197569093,2.25,0.166339869281,0.0612244897959,3,0.00441176470588,0.185952380952,17,17,17,1,0,0.352941176471,0.411764705882,0.235294117647,17,0.128676470588,1.90196078431,4.11764705882,3.18181818182,2.69230769231,1.57648156274,0.382859808093,0.201680672269,2.01465221053,0.978545359402,0.524369747899,1.74894926439,0.849489642704,0.463865546218,0.814492905316,0.428238537847,2.33333333333,1.90196078431,0.814492905316,2.33333333333,0,0,0,0,0.164242424242,17,17,17,1,0,0.352941176471,0.411764705882,0.235294117647,17,36,0.132352941176,1.89705882353,4.23529411765,3.27272727273,2.76923076923,1.71498585143,0.40492721492,0.204248366013,2.05798302171,0.971825315808,0.522875816993,1.79869233546,0.849382491746,0.464052287582,0.805541469338,0.424626510969,2.25,1.89705882353,0.805541469338,2.25,0.0702614379085,0.0214285714286,1,0.00147058823529,0.175454545455,17,17,17,1,0,0.352941176471,0.411764705882,0.235294117647,-1,-0.00367647058824,0.0147058823529,-0.117647058824,-0.0909090909091,-0.0769230769231,0.0215730078386,0.0158999400418,0.0102897014662,-0.0406860243059,0.00757197034072,0.00459282812224,-0.0799805377942,-0.0137915311015,-0.00653594771242,0.0193439002456,0.00695905238854,0,0.0147058823529,0.0193439002456,0,-0.0960784313725,-0.0397959183673,-2,-0.00294117647059,-0.0104978354978,0,0,0,36,0,1,235,0.972972972973,1,0,0.027027027027,1,0.972972972973,0.986301369863,0.984301887704,0.972972972973,0.972972972973,1,2,0,0,0,0
1818,WLNM_dir_neg,1,0.5,00:00:01,10,50,2,1983614875,threshold_sweep,0.9,1,0.5,0.666666666667,1,0,1,4,0.5,1,0,0.5,1,0.5,0.666666666667,0.833333333333,0.611111111111,0.571428571429,0.632455532034,0.5,37,35,2,0,37,0,35,0,2,17,37,0.136029411765,1.88235294118,4.35294117647,3.36363636364,2.84615384615,1.69341284359,0.389027274878,0.193958664547,2.09866904602,0.964253345467,0.518282988871,1.87867287326,0.863174022847,0.470588235294,0.786197569093,0.41766745858,2.25,1.88235294118,0.786197569093,2.25,0.166339869281,0.0612244897959,3,0.00441176470588,0.185952380952,17,17,17,1,0,0.352941176471,0.411764705882,0.235294117647,17,0.128676470588,1.90196078431,4.11764705882,3.18181818182,2.69230769231,1.57648156274,0.382859808093,0.201680672269,2.01465221053,0.978545359402,0.524369747899,1.74894926439,0.849489642704,0.463865546218,0.814492905316,0.428238537847,2.33333333333,1.90196078431,0.814492905316,2.33333333333,0,0,0,0,0.164242424242,17,17,17,1,0,0.352941176471,0.411764705882,0.235294117647,17,36,0.132352941176,1.89705882353,4.23529411765,3.27272727273,2.76923076923,1.71498585143,0.40492721492,0.204248366013,2.05798302171,0.971825315808,0.522875816993,1.79869233546,0.849382491746,0.464052287582,0.805541469338,0.424626510969,2.25,1.89705882353,0.805541469338,2.25,0.0702614379085,0.0214285714286,1,0.00147058823529,0.175454545455,17,17,17,1,0,0.352941176471,0.411764705882,0.235294117647,-1,-0.00367647058824,0.0147058823529,-0.117647058824,-0.0909090909091,-0.0769230769231,0.0215730078386,0.0158999400418,0.0102897014662,-0.0406860243059,0.00757197034072,0.00459282812224,-0.0799805377942,-0.0137915311015,-0.00653594771242,0.0193439002456,0.00695905238854,0,0.0147058823529,0.0193439002456,0,-0.0960784313725,-0.0397959183673,-2,-0.00294117647059,-0.0104978354978,0,0,0,36,0,1,235,0.972972972973,1,0,0.027027027027,1,0.972972972973,0.986301369863,0.984301887704,0.972972972973,0.972972972973,1,2,0,0,0,0
1819,WLNM_dir_neg,1,0.5,00:00:01,10,50,3,1983614876,threshold_sweep,0.1,1,1,1,2,0,0,4,1,1,0,0,1,1,1,1,0.555555555556,1,1,1,37,35,2,0,37,0,35,0,2,17,37,0.136029411765,1.88235294118,4.35294117647,3.36363636364,2.84615384615,1.69341284359,0.389027274878,0.193958664547,2.09866904602,0.964253345467,0.518282988871,1.87867287326,0.863174022847,0.470588235294,0.786197569093,0.41766745858,2.25,1.88235294118,0.786197569093,2.25,0.166339869281,0.0612244897959,3,0.00441176470588,0.185952380952,17,17,17,1,0,0.352941176471,0.411764705882,0.235294117647,17,0.128676470588,1.90196078431,4.11764705882,3.18181818182,2.69230769231,1.57648156274,0.382859808093,0.201680672269,2.01465221053,0.978545359402,0.524369747899,1.74894926439,0.849489642704,0.463865546218,0.814492905316,0.428238537847,2.33333333333,1.90196078431,0.814492905316,2.33333333333,0,0,0,0,0.164242424242,17,17,17,1,0,0.352941176471,0.411764705882,0.235294117647,17,37,0.136029411765,1.88235294118,4.35294117647,3.36363636364,2.84615384615,1.69341284359,0.389027274878,0.193958664547,2.09866904602,0.964253345467,0.518282988871,1.87867287326,0.863174022847,0.470588235294,0.786197569093,0.41766745858,2.25,1.88235294118,0.786197569093,2.25,0.166339869281,0.0612244897959,3,0.00441176470588,0.185952380952,17,17,17,1,0,0.352941176471,0.411764705882,0.235294117647,0,0,0,0,0,0,0,0,0,0,0,0,0,0,0,0,0,0,0,0,0,0,0,0,0,0,0,0,0,37,0,0,235,1,1,0,0,1,1,1,1,1,1,2,2,0,0,0,0
1820,WLNM_dir_neg,1,0.5,00:00:01,10,50,3,1983614876,threshold_sweep,0.2,1,1,1,2,0,0,4,1,1,0,0,1,1,1,1,0.555555555556,1,1,1,37,35,2,0,37,0,35,0,2,17,37,0.136029411765,1.88235294118,4.35294117647,3.36363636364,2.84615384615,1.69341284359,0.389027274878,0.193958664547,2.09866904602,0.964253345467,0.518282988871,1.87867287326,0.863174022847,0.470588235294,0.786197569093,0.41766745858,2.25,1.88235294118,0.786197569093,2.25,0.166339869281,0.0612244897959,3,0.00441176470588,0.185952380952,17,17,17,1,0,0.352941176471,0.411764705882,0.235294117647,17,0.128676470588,1.90196078431,4.11764705882,3.18181818182,2.69230769231,1.57648156274,0.382859808093,0.201680672269,2.01465221053,0.978545359402,0.524369747899,1.74894926439,0.849489642704,0.463865546218,0.814492905316,0.428238537847,2.33333333333,1.90196078431,0.814492905316,2.33333333333,0,0,0,0,0.164242424242,17,17,17,1,0,0.352941176471,0.411764705882,0.235294117647,17,37,0.136029411765,1.88235294118,4.35294117647,3.36363636364,2.84615384615,1.69341284359,0.389027274878,0.193958664547,2.09866904602,0.964253345467,0.518282988871,1.87867287326,0.863174022847,0.470588235294,0.786197569093,0.41766745858,2.25,1.88235294118,0.786197569093,2.25,0.166339869281,0.0612244897959,3,0.00441176470588,0.185952380952,17,17,17,1,0,0.352941176471,0.411764705882,0.235294117647,0,0,0,0,0,0,0,0,0,0,0,0,0,0,0,0,0,0,0,0,0,0,0,0,0,0,0,0,0,37,0,0,235,1,1,0,0,1,1,1,1,1,1,2,2,0,0,0,0
1821,WLNM_dir_neg,1,0.5,00:00:01,10,50,3,1983614876,threshold_sweep,0.3,1,1,1,2,0,0,4,1,1,0,0,1,1,1,1,0.555555555556,1,1,1,37,35,2,0,37,0,35,0,2,17,37,0.136029411765,1.88235294118,4.35294117647,3.36363636364,2.84615384615,1.69341284359,0.389027274878,0.193958664547,2.09866904602,0.964253345467,0.518282988871,1.87867287326,0.863174022847,0.470588235294,0.786197569093,0.41766745858,2.25,1.88235294118,0.786197569093,2.25,0.166339869281,0.0612244897959,3,0.00441176470588,0.185952380952,17,17,17,1,0,0.352941176471,0.411764705882,0.235294117647,17,0.128676470588,1.90196078431,4.11764705882,3.18181818182,2.69230769231,1.57648156274,0.382859808093,0.201680672269,2.01465221053,0.978545359402,0.524369747899,1.74894926439,0.849489642704,0.463865546218,0.814492905316,0.428238537847,2.33333333333,1.90196078431,0.814492905316,2.33333333333,0,0,0,0,0.164242424242,17,17,17,1,0,0.352941176471,0.411764705882,0.235294117647,17,37,0.136029411765,1.88235294118,4.35294117647,3.36363636364,2.84615384615,1.69341284359,0.389027274878,0.193958664547,2.09866904602,0.964253345467,0.518282988871,1.87867287326,0.863174022847,0.470588235294,0.786197569093,0.41766745858,2.25,1.88235294118,0.786197569093,2.25,0.166339869281,0.0612244897959,3,0.00441176470588,0.185952380952,17,17,17,1,0,0.352941176471,0.411764705882,0.235294117647,0,0,0,0,0,0,0,0,0,0,0,0,0,0,0,0,0,0,0,0,0,0,0,0,0,0,0,0,0,37,0,0,235,1,1,0,0,1,1,1,1,1,1,2,2,0,0,0,0
1822,WLNM_dir_neg,1,0.5,00:00:01,10,50,3,1983614876,threshold_sweep,0.4,1,1,1,2,0,0,4,1,1,0,0,1,1,1,1,0.555555555556,1,1,1,37,35,2,0,37,0,35,0,2,17,37,0.136029411765,1.88235294118,4.35294117647,3.36363636364,2.84615384615,1.69341284359,0.389027274878,0.193958664547,2.09866904602,0.964253345467,0.518282988871,1.87867287326,0.863174022847,0.470588235294,0.786197569093,0.41766745858,2.25,1.88235294118,0.786197569093,2.25,0.166339869281,0.0612244897959,3,0.00441176470588,0.185952380952,17,17,17,1,0,0.352941176471,0.411764705882,0.235294117647,17,0.128676470588,1.90196078431,4.11764705882,3.18181818182,2.69230769231,1.57648156274,0.382859808093,0.201680672269,2.01465221053,0.978545359402,0.524369747899,1.74894926439,0.849489642704,0.463865546218,0.814492905316,0.428238537847,2.33333333333,1.90196078431,0.814492905316,2.33333333333,0,0,0,0,0.164242424242,17,17,17,1,0,0.352941176471,0.411764705882,0.235294117647,17,37,0.136029411765,1.88235294118,4.35294117647,3.36363636364,2.84615384615,1.69341284359,0.389027274878,0.193958664547,2.09866904602,0.964253345467,0.518282988871,1.87867287326,0.863174022847,0.470588235294,0.786197569093,0.41766745858,2.25,1.88235294118,0.786197569093,2.25,0.166339869281,0.0612244897959,3,0.00441176470588,0.185952380952,17,17,17,1,0,0.352941176471,0.411764705882,0.235294117647,0,0,0,0,0,0,0,0,0,0,0,0,0,0,0,0,0,0,0,0,0,0,0,0,0,0,0,0,0,37,0,0,235,1,1,0,0,1,1,1,1,1,1,2,2,0,0,0,0
1823,WLNM_dir_neg,1,0.5,00:00:01,10,50,3,1983614876,threshold_sweep,0.5,1,1,1,2,0,0,4,1,1,0,0,1,1,1,1,0.555555555556,1,1,1,37,35,2,0,37,0,35,0,2,17,37,0.136029411765,1.88235294118,4.35294117647,3.36363636364,2.84615384615,1.69341284359,0.389027274878,0.193958664547,2.09866904602,0.964253345467,0.518282988871,1.87867287326,0.863174022847,0.470588235294,0.786197569093,0.41766745858,2.25,1.88235294118,0.786197569093,2.25,0.166339869281,0.0612244897959,3,0.00441176470588,0.185952380952,17,17,17,1,0,0.352941176471,0.411764705882,0.235294117647,17,0.128676470588,1.90196078431,4.11764705882,3.18181818182,2.69230769231,1.57648156274,0.382859808093,0.201680672269,2.01465221053,0.978545359402,0.524369747899,1.74894926439,0.849489642704,0.463865546218,0.814492905316,0.428238537847,2.33333333333,1.90196078431,0.814492905316,2.33333333333,0,0,0,0,0.164242424242,17,17,17,1,0,0.352941176471,0.411764705882,0.235294117647,17,37,0.136029411765,1.88235294118,4.35294117647,3.36363636364,2.84615384615,1.69341284359,0.389027274878,0.193958664547,2.09866904602,0.964253345467,0.518282988871,1.87867287326,0.863174022847,0.470588235294,0.786197569093,0.41766745858,2.25,1.88235294118,0.786197569093,2.25,0.166339869281,0.0612244897959,3,0.00441176470588,0.185952380952,17,17,17,1,0,0.352941176471,0.411764705882,0.235294117647,0,0,0,0,0,0,0,0,0,0,0,0,0,0,0,0,0,0,0,0,0,0,0,0,0,0,0,0,0,37,0,0,235,1,1,0,0,1,1,1,1,1,1,2,2,0,0,0,0
1824,WLNM_dir_neg,1,0.5,00:00:01,10,50,3,1983614876,threshold_sweep,0.6,1,1,1,2,0,0,4,1,1,0,0,1,1,1,1,0.555555555556,1,1,1,37,35,2,0,37,0,35,0,2,17,37,0.136029411765,1.88235294118,4.35294117647,3.36363636364,2.84615384615,1.69341284359,0.389027274878,0.193958664547,2.09866904602,0.964253345467,0.518282988871,1.87867287326,0.863174022847,0.470588235294,0.786197569093,0.41766745858,2.25,1.88235294118,0.786197569093,2.25,0.166339869281,0.0612244897959,3,0.00441176470588,0.185952380952,17,17,17,1,0,0.352941176471,0.411764705882,0.235294117647,17,0.128676470588,1.90196078431,4.11764705882,3.18181818182,2.69230769231,1.57648156274,0.382859808093,0.201680672269,2.01465221053,0.978545359402,0.524369747899,1.74894926439,0.849489642704,0.463865546218,0.814492905316,0.428238537847,2.33333333333,1.90196078431,0.814492905316,2.33333333333,0,0,0,0,0.164242424242,17,17,17,1,0,0.352941176471,0.411764705882,0.235294117647,17,37,0.136029411765,1.88235294118,4.35294117647,3.36363636364,2.84615384615,1.69341284359,0.389027274878,0.193958664547,2.09866904602,0.964253345467,0.518282988871,1.87867287326,0.863174022847,0.470588235294,0.786197569093,0.41766745858,2.25,1.88235294118,0.786197569093,2.25,0.166339869281,0.0612244897959,3,0.00441176470588,0.185952380952,17,17,17,1,0,0.352941176471,0.411764705882,0.235294117647,0,0,0,0,0,0,0,0,0,0,0,0,0,0,0,0,0,0,0,0,0,0,0,0,0,0,0,0,0,37,0,0,235,1,1,0,0,1,1,1,1,1,1,2,2,0,0,0,0
1825,WLNM_dir_neg,1,0.5,00:00:01,10,50,3,1983614876,threshold_sweep,0.7,1,1,1,2,0,0,4,1,1,0,0,1,1,1,1,0.555555555556,1,1,1,37,35,2,0,37,0,35,0,2,17,37,0.136029411765,1.88235294118,4.35294117647,3.36363636364,2.84615384615,1.69341284359,0.389027274878,0.193958664547,2.09866904602,0.964253345467,0.518282988871,1.87867287326,0.863174022847,0.470588235294,0.786197569093,0.41766745858,2.25,1.88235294118,0.786197569093,2.25,0.166339869281,0.0612244897959,3,0.00441176470588,0.185952380952,17,17,17,1,0,0.352941176471,0.411764705882,0.235294117647,17,0.128676470588,1.90196078431,4.11764705882,3.18181818182,2.69230769231,1.57648156274,0.382859808093,0.201680672269,2.01465221053,0.978545359402,0.524369747899,1.74894926439,0.849489642704,0.463865546218,0.814492905316,0.428238537847,2.33333333333,1.90196078431,0.814492905316,2.33333333333,0,0,0,0,0.164242424242,17,17,17,1,0,0.352941176471,0.411764705882,0.235294117647,17,37,0.136029411765,1.88235294118,4.35294117647,3.36363636364,2.84615384615,1.69341284359,0.389027274878,0.193958664547,2.09866904602,0.964253345467,0.518282988871,1.87867287326,0.863174022847,0.470588235294,0.786197569093,0.41766745858,2.25,1.88235294118,0.786197569093,2.25,0.166339869281,0.0612244897959,3,0.00441176470588,0.185952380952,17,17,17,1,0,0.352941176471,0.411764705882,0.235294117647,0,0,0,0,0,0,0,0,0,0,0,0,0,0,0,0,0,0,0,0,0,0,0,0,0,0,0,0,0,37,0,0,235,1,1,0,0,1,1,1,1,1,1,2,2,0,0,0,0
1826,WLNM_dir_neg,1,0.5,00:00:01,10,50,3,1983614876,threshold_sweep,0.8,1,1,1,2,0,0,4,1,1,0,0,1,1,1,1,0.555555555556,1,1,1,37,35,2,0,37,0,35,0,2,17,37,0.136029411765,1.88235294118,4.35294117647,3.36363636364,2.84615384615,1.69341284359,0.389027274878,0.193958664547,2.09866904602,0.964253345467,0.518282988871,1.87867287326,0.863174022847,0.470588235294,0.786197569093,0.41766745858,2.25,1.88235294118,0.786197569093,2.25,0.166339869281,0.0612244897959,3,0.00441176470588,0.185952380952,17,17,17,1,0,0.352941176471,0.411764705882,0.235294117647,17,0.128676470588,1.90196078431,4.11764705882,3.18181818182,2.69230769231,1.57648156274,0.382859808093,0.201680672269,2.01465221053,0.978545359402,0.524369747899,1.74894926439,0.849489642704,0.463865546218,0.814492905316,0.428238537847,2.33333333333,1.90196078431,0.814492905316,2.33333333333,0,0,0,0,0.164242424242,17,17,17,1,0,0.352941176471,0.411764705882,0.235294117647,17,37,0.136029411765,1.88235294118,4.35294117647,3.36363636364,2.84615384615,1.69341284359,0.389027274878,0.193958664547,2.09866904602,0.964253345467,0.518282988871,1.87867287326,0.863174022847,0.470588235294,0.786197569093,0.41766745858,2.25,1.88235294118,0.786197569093,2.25,0.166339869281,0.0612244897959,3,0.00441176470588,0.185952380952,17,17,17,1,0,0.352941176471,0.411764705882,0.235294117647,0,0,0,0,0,0,0,0,0,0,0,0,0,0,0,0,0,0,0,0,0,0,0,0,0,0,0,0,0,37,0,0,235,1,1,0,0,1,1,1,1,1,1,2,2,0,0,0,0
1827,WLNM_dir_neg,1,0.5,00:00:01,10,50,3,1983614876,threshold_sweep,0.9,1,1,1,2,0,0,4,1,1,0,0,1,1,1,1,0.555555555556,1,1,1,37,35,2,0,37,0,35,0,2,17,37,0.136029411765,1.88235294118,4.35294117647,3.36363636364,2.84615384615,1.69341284359,0.389027274878,0.193958664547,2.09866904602,0.964253345467,0.518282988871,1.87867287326,0.863174022847,0.470588235294,0.786197569093,0.41766745858,2.25,1.88235294118,0.786197569093,2.25,0.166339869281,0.0612244897959,3,0.00441176470588,0.185952380952,17,17,17,1,0,0.352941176471,0.411764705882,0.235294117647,17,0.128676470588,1.90196078431,4.11764705882,3.18181818182,2.69230769231,1.57648156274,0.382859808093,0.201680672269,2.01465221053,0.978545359402,0.524369747899,1.74894926439,0.849489642704,0.463865546218,0.814492905316,0.428238537847,2.33333333333,1.90196078431,0.814492905316,2.33333333333,0,0,0,0,0.164242424242,17,17,17,1,0,0.352941176471,0.411764705882,0.235294117647,17,37,0.136029411765,1.88235294118,4.35294117647,3.36363636364,2.84615384615,1.69341284359,0.389027274878,0.193958664547,2.09866904602,0.964253345467,0.518282988871,1.87867287326,0.863174022847,0.470588235294,0.786197569093,0.41766745858,2.25,1.88235294118,0.786197569093,2.25,0.166339869281,0.0612244897959,3,0.00441176470588,0.185952380952,17,17,17,1,0,0.352941176471,0.411764705882,0.235294117647,0,0,0,0,0,0,0,0,0,0,0,0,0,0,0,0,0,0,0,0,0,0,0,0,0,0,0,0,0,37,0,0,235,1,1,0,0,1,1,1,1,1,1,2,2,0,0,0,0
1828,WLNM_dir_neg,1,0.5,00:00:02,10,50,4,1983614877,threshold_sweep,0.1,1,1,1,2,0,0,4,1,1,0,0,1,1,1,1,0.555555555556,1,1,1,37,35,2,0,37,0,35,0,2,17,37,0.136029411765,1.88235294118,4.35294117647,3.36363636364,2.84615384615,1.69341284359,0.389027274878,0.193958664547,2.09866904602,0.964253345467,0.518282988871,1.87867287326,0.863174022847,0.470588235294,0.786197569093,0.41766745858,2.25,1.88235294118,0.786197569093,2.25,0.166339869281,0.0612244897959,3,0.00441176470588,0.185952380952,17,17,17,1,0,0.352941176471,0.411764705882,0.235294117647,17,0.128676470588,1.90196078431,4.11764705882,3.18181818182,2.69230769231,1.57648156274,0.382859808093,0.201680672269,2.01465221053,0.978545359402,0.524369747899,1.74894926439,0.849489642704,0.463865546218,0.814492905316,0.428238537847,2.33333333333,1.90196078431,0.814492905316,2.33333333333,0,0,0,0,0.164242424242,17,17,17,1,0,0.352941176471,0.411764705882,0.235294117647,17,37,0.136029411765,1.88235294118,4.35294117647,3.36363636364,2.84615384615,1.69341284359,0.389027274878,0.193958664547,2.09866904602,0.964253345467,0.518282988871,1.87867287326,0.863174022847,0.470588235294,0.786197569093,0.41766745858,2.25,1.88235294118,0.786197569093,2.25,0.166339869281,0.0612244897959,3,0.00441176470588,0.185952380952,17,17,17,1,0,0.352941176471,0.411764705882,0.235294117647,0,0,0,0,0,0,0,0,0,0,0,0,0,0,0,0,0,0,0,0,0,0,0,0,0,0,0,0,0,37,0,0,235,1,1,0,0,1,1,1,1,1,1,2,2,0,0,0,0
1829,WLNM_dir_neg,1,0.5,00:00:02,10,50,4,1983614877,threshold_sweep,0.2,1,1,1,2,0,0,4,1,1,0,0,1,1,1,1,0.555555555556,1,1,1,37,35,2,0,37,0,35,0,2,17,37,0.136029411765,1.88235294118,4.35294117647,3.36363636364,2.84615384615,1.69341284359,0.389027274878,0.193958664547,2.09866904602,0.964253345467,0.518282988871,1.87867287326,0.863174022847,0.470588235294,0.786197569093,0.41766745858,2.25,1.88235294118,0.786197569093,2.25,0.166339869281,0.0612244897959,3,0.00441176470588,0.185952380952,17,17,17,1,0,0.352941176471,0.411764705882,0.235294117647,17,0.128676470588,1.90196078431,4.11764705882,3.18181818182,2.69230769231,1.57648156274,0.382859808093,0.201680672269,2.01465221053,0.978545359402,0.524369747899,1.74894926439,0.849489642704,0.463865546218,0.814492905316,0.428238537847,2.33333333333,1.90196078431,0.814492905316,2.33333333333,0,0,0,0,0.164242424242,17,17,17,1,0,0.352941176471,0.411764705882,0.235294117647,17,37,0.136029411765,1.88235294118,4.35294117647,3.36363636364,2.84615384615,1.69341284359,0.389027274878,0.193958664547,2.09866904602,0.964253345467,0.518282988871,1.87867287326,0.863174022847,0.470588235294,0.786197569093,0.41766745858,2.25,1.88235294118,0.786197569093,2.25,0.166339869281,0.0612244897959,3,0.00441176470588,0.185952380952,17,17,17,1,0,0.352941176471,0.411764705882,0.235294117647,0,0,0,0,0,0,0,0,0,0,0,0,0,0,0,0,0,0,0,0,0,0,0,0,0,0,0,0,0,37,0,0,235,1,1,0,0,1,1,1,1,1,1,2,2,0,0,0,0
1830,WLNM_dir_neg,1,0.5,00:00:02,10,50,4,1983614877,threshold_sweep,0.3,1,1,1,2,0,0,4,1,1,0,0,1,1,1,1,0.555555555556,1,1,1,37,35,2,0,37,0,35,0,2,17,37,0.136029411765,1.88235294118,4.35294117647,3.36363636364,2.84615384615,1.69341284359,0.389027274878,0.193958664547,2.09866904602,0.964253345467,0.518282988871,1.87867287326,0.863174022847,0.470588235294,0.786197569093,0.41766745858,2.25,1.88235294118,0.786197569093,2.25,0.166339869281,0.0612244897959,3,0.00441176470588,0.185952380952,17,17,17,1,0,0.352941176471,0.411764705882,0.235294117647,17,0.128676470588,1.90196078431,4.11764705882,3.18181818182,2.69230769231,1.57648156274,0.382859808093,0.201680672269,2.01465221053,0.978545359402,0.524369747899,1.74894926439,0.849489642704,0.463865546218,0.814492905316,0.428238537847,2.33333333333,1.90196078431,0.814492905316,2.33333333333,0,0,0,0,0.164242424242,17,17,17,1,0,0.352941176471,0.411764705882,0.235294117647,17,37,0.136029411765,1.88235294118,4.35294117647,3.36363636364,2.84615384615,1.69341284359,0.389027274878,0.193958664547,2.09866904602,0.964253345467,0.518282988871,1.87867287326,0.863174022847,0.470588235294,0.786197569093,0.41766745858,2.25,1.88235294118,0.786197569093,2.25,0.166339869281,0.0612244897959,3,0.00441176470588,0.185952380952,17,17,17,1,0,0.352941176471,0.411764705882,0.235294117647,0,0,0,0,0,0,0,0,0,0,0,0,0,0,0,0,0,0,0,0,0,0,0,0,0,0,0,0,0,37,0,0,235,1,1,0,0,1,1,1,1,1,1,2,2,0,0,0,0
1831,WLNM_dir_neg,1,0.5,00:00:02,10,50,4,1983614877,threshold_sweep,0.4,1,1,1,2,0,0,4,1,1,0,0,1,1,1,1,0.555555555556,1,1,1,37,35,2,0,37,0,35,0,2,17,37,0.136029411765,1.88235294118,4.35294117647,3.36363636364,2.84615384615,1.69341284359,0.389027274878,0.193958664547,2.09866904602,0.964253345467,0.518282988871,1.87867287326,0.863174022847,0.470588235294,0.786197569093,0.41766745858,2.25,1.88235294118,0.786197569093,2.25,0.166339869281,0.0612244897959,3,0.00441176470588,0.185952380952,17,17,17,1,0,0.352941176471,0.411764705882,0.235294117647,17,0.128676470588,1.90196078431,4.11764705882,3.18181818182,2.69230769231,1.57648156274,0.382859808093,0.201680672269,2.01465221053,0.978545359402,0.524369747899,1.74894926439,0.849489642704,0.463865546218,0.814492905316,0.428238537847,2.33333333333,1.90196078431,0.814492905316,2.33333333333,0,0,0,0,0.164242424242,17,17,17,1,0,0.352941176471,0.411764705882,0.235294117647,17,37,0.136029411765,1.88235294118,4.35294117647,3.36363636364,2.84615384615,1.69341284359,0.389027274878,0.193958664547,2.09866904602,0.964253345467,0.518282988871,1.87867287326,0.863174022847,0.470588235294,0.786197569093,0.41766745858,2.25,1.88235294118,0.786197569093,2.25,0.166339869281,0.0612244897959,3,0.00441176470588,0.185952380952,17,17,17,1,0,0.352941176471,0.411764705882,0.235294117647,0,0,0,0,0,0,0,0,0,0,0,0,0,0,0,0,0,0,0,0,0,0,0,0,0,0,0,0,0,37,0,0,235,1,1,0,0,1,1,1,1,1,1,2,2,0,0,0,0
1832,WLNM_dir_neg,1,0.5,00:00:02,10,50,4,1983614877,threshold_sweep,0.5,1,1,1,2,0,0,4,1,1,0,0,1,1,1,1,0.555555555556,1,1,1,37,35,2,0,37,0,35,0,2,17,37,0.136029411765,1.88235294118,4.35294117647,3.36363636364,2.84615384615,1.69341284359,0.389027274878,0.193958664547,2.09866904602,0.964253345467,0.518282988871,1.87867287326,0.863174022847,0.470588235294,0.786197569093,0.41766745858,2.25,1.88235294118,0.786197569093,2.25,0.166339869281,0.0612244897959,3,0.00441176470588,0.185952380952,17,17,17,1,0,0.352941176471,0.411764705882,0.235294117647,17,0.128676470588,1.90196078431,4.11764705882,3.18181818182,2.69230769231,1.57648156274,0.382859808093,0.201680672269,2.01465221053,0.978545359402,0.524369747899,1.74894926439,0.849489642704,0.463865546218,0.814492905316,0.428238537847,2.33333333333,1.90196078431,0.814492905316,2.33333333333,0,0,0,0,0.164242424242,17,17,17,1,0,0.352941176471,0.411764705882,0.235294117647,17,37,0.136029411765,1.88235294118,4.35294117647,3.36363636364,2.84615384615,1.69341284359,0.389027274878,0.193958664547,2.09866904602,0.964253345467,0.518282988871,1.87867287326,0.863174022847,0.470588235294,0.786197569093,0.41766745858,2.25,1.88235294118,0.786197569093,2.25,0.166339869281,0.0612244897959,3,0.00441176470588,0.185952380952,17,17,17,1,0,0.352941176471,0.411764705882,0.235294117647,0,0,0,0,0,0,0,0,0,0,0,0,0,0,0,0,0,0,0,0,0,0,0,0,0,0,0,0,0,37,0,0,235,1,1,0,0,1,1,1,1,1,1,2,2,0,0,0,0
1833,WLNM_dir_neg,1,0.5,00:00:02,10,50,4,1983614877,threshold_sweep,0.6,1,1,1,2,0,0,4,1,1,0,0,1,1,1,1,0.555555555556,1,1,1,37,35,2,0,37,0,35,0,2,17,37,0.136029411765,1.88235294118,4.35294117647,3.36363636364,2.84615384615,1.69341284359,0.389027274878,0.193958664547,2.09866904602,0.964253345467,0.518282988871,1.87867287326,0.863174022847,0.470588235294,0.786197569093,0.41766745858,2.25,1.88235294118,0.786197569093,2.25,0.166339869281,0.0612244897959,3,0.00441176470588,0.185952380952,17,17,17,1,0,0.352941176471,0.411764705882,0.235294117647,17,0.128676470588,1.90196078431,4.11764705882,3.18181818182,2.69230769231,1.57648156274,0.382859808093,0.201680672269,2.01465221053,0.978545359402,0.524369747899,1.74894926439,0.849489642704,0.463865546218,0.814492905316,0.428238537847,2.33333333333,1.90196078431,0.814492905316,2.33333333333,0,0,0,0,0.164242424242,17,17,17,1,0,0.352941176471,0.411764705882,0.235294117647,17,37,0.136029411765,1.88235294118,4.35294117647,3.36363636364,2.84615384615,1.69341284359,0.389027274878,0.193958664547,2.09866904602,0.964253345467,0.518282988871,1.87867287326,0.863174022847,0.470588235294,0.786197569093,0.41766745858,2.25,1.88235294118,0.786197569093,2.25,0.166339869281,0.0612244897959,3,0.00441176470588,0.185952380952,17,17,17,1,0,0.352941176471,0.411764705882,0.235294117647,0,0,0,0,0,0,0,0,0,0,0,0,0,0,0,0,0,0,0,0,0,0,0,0,0,0,0,0,0,37,0,0,235,1,1,0,0,1,1,1,1,1,1,2,2,0,0,0,0
1834,WLNM_dir_neg,1,0.5,00:00:02,10,50,4,1983614877,threshold_sweep,0.7,1,1,1,2,0,0,4,1,1,0,0,1,1,1,1,0.555555555556,1,1,1,37,35,2,0,37,0,35,0,2,17,37,0.136029411765,1.88235294118,4.35294117647,3.36363636364,2.84615384615,1.69341284359,0.389027274878,0.193958664547,2.09866904602,0.964253345467,0.518282988871,1.87867287326,0.863174022847,0.470588235294,0.786197569093,0.41766745858,2.25,1.88235294118,0.786197569093,2.25,0.166339869281,0.0612244897959,3,0.00441176470588,0.185952380952,17,17,17,1,0,0.352941176471,0.411764705882,0.235294117647,17,0.128676470588,1.90196078431,4.11764705882,3.18181818182,2.69230769231,1.57648156274,0.382859808093,0.201680672269,2.01465221053,0.978545359402,0.524369747899,1.74894926439,0.849489642704,0.463865546218,0.814492905316,0.428238537847,2.33333333333,1.90196078431,0.814492905316,2.33333333333,0,0,0,0,0.164242424242,17,17,17,1,0,0.352941176471,0.411764705882,0.235294117647,17,37,0.136029411765,1.88235294118,4.35294117647,3.36363636364,2.84615384615,1.69341284359,0.389027274878,0.193958664547,2.09866904602,0.964253345467,0.518282988871,1.87867287326,0.863174022847,0.470588235294,0.786197569093,0.41766745858,2.25,1.88235294118,0.786197569093,2.25,0.166339869281,0.0612244897959,3,0.00441176470588,0.185952380952,17,17,17,1,0,0.352941176471,0.411764705882,0.235294117647,0,0,0,0,0,0,0,0,0,0,0,0,0,0,0,0,0,0,0,0,0,0,0,0,0,0,0,0,0,37,0,0,235,1,1,0,0,1,1,1,1,1,1,2,2,0,0,0,0
1835,WLNM_dir_neg,1,0.5,00:00:02,10,50,4,1983614877,threshold_sweep,0.8,1,1,1,2,0,0,4,1,1,0,0,1,1,1,1,0.555555555556,1,1,1,37,35,2,0,37,0,35,0,2,17,37,0.136029411765,1.88235294118,4.35294117647,3.36363636364,2.84615384615,1.69341284359,0.389027274878,0.193958664547,2.09866904602,0.964253345467,0.518282988871,1.87867287326,0.863174022847,0.470588235294,0.786197569093,0.41766745858,2.25,1.88235294118,0.786197569093,2.25,0.166339869281,0.0612244897959,3,0.00441176470588,0.185952380952,17,17,17,1,0,0.352941176471,0.411764705882,0.235294117647,17,0.128676470588,1.90196078431,4.11764705882,3.18181818182,2.69230769231,1.57648156274,0.382859808093,0.201680672269,2.01465221053,0.978545359402,0.524369747899,1.74894926439,0.849489642704,0.463865546218,0.814492905316,0.428238537847,2.33333333333,1.90196078431,0.814492905316,2.33333333333,0,0,0,0,0.164242424242,17,17,17,1,0,0.352941176471,0.411764705882,0.235294117647,17,37,0.136029411765,1.88235294118,4.35294117647,3.36363636364,2.84615384615,1.69341284359,0.389027274878,0.193958664547,2.09866904602,0.964253345467,0.518282988871,1.87867287326,0.863174022847,0.470588235294,0.786197569093,0.41766745858,2.25,1.88235294118,0.786197569093,2.25,0.166339869281,0.0612244897959,3,0.00441176470588,0.185952380952,17,17,17,1,0,0.352941176471,0.411764705882,0.235294117647,0,0,0,0,0,0,0,0,0,0,0,0,0,0,0,0,0,0,0,0,0,0,0,0,0,0,0,0,0,37,0,0,235,1,1,0,0,1,1,1,1,1,1,2,2,0,0,0,0
1836,WLNM_dir_neg,1,0.5,00:00:02,10,50,4,1983614877,threshold_sweep,0.9,1,1,1,2,0,0,4,1,1,0,0,1,1,1,1,0.555555555556,1,1,1,37,35,2,0,37,0,35,0,2,17,37,0.136029411765,1.88235294118,4.35294117647,3.36363636364,2.84615384615,1.69341284359,0.389027274878,0.193958664547,2.09866904602,0.964253345467,0.518282988871,1.87867287326,0.863174022847,0.470588235294,0.786197569093,0.41766745858,2.25,1.88235294118,0.786197569093,2.25,0.166339869281,0.0612244897959,3,0.00441176470588,0.185952380952,17,17,17,1,0,0.352941176471,0.411764705882,0.235294117647,17,0.128676470588,1.90196078431,4.11764705882,3.18181818182,2.69230769231,1.57648156274,0.382859808093,0.201680672269,2.01465221053,0.978545359402,0.524369747899,1.74894926439,0.849489642704,0.463865546218,0.814492905316,0.428238537847,2.33333333333,1.90196078431,0.814492905316,2.33333333333,0,0,0,0,0.164242424242,17,17,17,1,0,0.352941176471,0.411764705882,0.235294117647,17,37,0.136029411765,1.88235294118,4.35294117647,3.36363636364,2.84615384615,1.69341284359,0.389027274878,0.193958664547,2.09866904602,0.964253345467,0.518282988871,1.87867287326,0.863174022847,0.470588235294,0.786197569093,0.41766745858,2.25,1.88235294118,0.786197569093,2.25,0.166339869281,0.0612244897959,3,0.00441176470588,0.185952380952,17,17,17,1,0,0.352941176471,0.411764705882,0.235294117647,0,0,0,0,0,0,0,0,0,0,0,0,0,0,0,0,0,0,0,0,0,0,0,0,0,0,0,0,0,37,0,0,235,1,1,0,0,1,1,1,1,1,1,2,2,0,0,0,0
1837,WLNM_dir_neg,1,0.5,00:00:02,10,50,5,1983614878,threshold_sweep,0.1,1,1,1,2,0,0,4,1,1,0,0,1,1,1,1,0.555555555556,1,1,1,37,35,2,0,37,0,35,0,2,17,37,0.136029411765,1.88235294118,4.35294117647,3.36363636364,2.84615384615,1.69341284359,0.389027274878,0.193958664547,2.09866904602,0.964253345467,0.518282988871,1.87867287326,0.863174022847,0.470588235294,0.786197569093,0.41766745858,2.25,1.88235294118,0.786197569093,2.25,0.166339869281,0.0612244897959,3,0.00441176470588,0.185952380952,17,17,17,1,0,0.352941176471,0.411764705882,0.235294117647,17,0.128676470588,1.90196078431,4.11764705882,3.18181818182,2.69230769231,1.57648156274,0.382859808093,0.201680672269,2.01465221053,0.978545359402,0.524369747899,1.74894926439,0.849489642704,0.463865546218,0.814492905316,0.428238537847,2.33333333333,1.90196078431,0.814492905316,2.33333333333,0,0,0,0,0.164242424242,17,17,17,1,0,0.352941176471,0.411764705882,0.235294117647,17,37,0.136029411765,1.88235294118,4.35294117647,3.36363636364,2.84615384615,1.69341284359,0.389027274878,0.193958664547,2.09866904602,0.964253345467,0.518282988871,1.87867287326,0.863174022847,0.470588235294,0.786197569093,0.41766745858,2.25,1.88235294118,0.786197569093,2.25,0.166339869281,0.0612244897959,3,0.00441176470588,0.185952380952,17,17,17,1,0,0.352941176471,0.411764705882,0.235294117647,0,0,0,0,0,0,0,0,0,0,0,0,0,0,0,0,0,0,0,0,0,0,0,0,0,0,0,0,0,37,0,0,235,1,1,0,0,1,1,1,1,1,1,2,2,0,0,0,0
1838,WLNM_dir_neg,1,0.5,00:00:02,10,50,5,1983614878,threshold_sweep,0.2,1,1,1,2,0,0,4,1,1,0,0,1,1,1,1,0.555555555556,1,1,1,37,35,2,0,37,0,35,0,2,17,37,0.136029411765,1.88235294118,4.35294117647,3.36363636364,2.84615384615,1.69341284359,0.389027274878,0.193958664547,2.09866904602,0.964253345467,0.518282988871,1.87867287326,0.863174022847,0.470588235294,0.786197569093,0.41766745858,2.25,1.88235294118,0.786197569093,2.25,0.166339869281,0.0612244897959,3,0.00441176470588,0.185952380952,17,17,17,1,0,0.352941176471,0.411764705882,0.235294117647,17,0.128676470588,1.90196078431,4.11764705882,3.18181818182,2.69230769231,1.57648156274,0.382859808093,0.201680672269,2.01465221053,0.978545359402,0.524369747899,1.74894926439,0.849489642704,0.463865546218,0.814492905316,0.428238537847,2.33333333333,1.90196078431,0.814492905316,2.33333333333,0,0,0,0,0.164242424242,17,17,17,1,0,0.352941176471,0.411764705882,0.235294117647,17,37,0.136029411765,1.88235294118,4.35294117647,3.36363636364,2.84615384615,1.69341284359,0.389027274878,0.193958664547,2.09866904602,0.964253345467,0.518282988871,1.87867287326,0.863174022847,0.470588235294,0.786197569093,0.41766745858,2.25,1.88235294118,0.786197569093,2.25,0.166339869281,0.0612244897959,3,0.00441176470588,0.185952380952,17,17,17,1,0,0.352941176471,0.411764705882,0.235294117647,0,0,0,0,0,0,0,0,0,0,0,0,0,0,0,0,0,0,0,0,0,0,0,0,0,0,0,0,0,37,0,0,235,1,1,0,0,1,1,1,1,1,1,2,2,0,0,0,0
1839,WLNM_dir_neg,1,0.5,00:00:02,10,50,5,1983614878,threshold_sweep,0.3,1,1,1,2,0,0,4,1,1,0,0,1,1,1,1,0.555555555556,1,1,1,37,35,2,0,37,0,35,0,2,17,37,0.136029411765,1.88235294118,4.35294117647,3.36363636364,2.84615384615,1.69341284359,0.389027274878,0.193958664547,2.09866904602,0.964253345467,0.518282988871,1.87867287326,0.863174022847,0.470588235294,0.786197569093,0.41766745858,2.25,1.88235294118,0.786197569093,2.25,0.166339869281,0.0612244897959,3,0.00441176470588,0.185952380952,17,17,17,1,0,0.352941176471,0.411764705882,0.235294117647,17,0.128676470588,1.90196078431,4.11764705882,3.18181818182,2.69230769231,1.57648156274,0.382859808093,0.201680672269,2.01465221053,0.978545359402,0.524369747899,1.74894926439,0.849489642704,0.463865546218,0.814492905316,0.428238537847,2.33333333333,1.90196078431,0.814492905316,2.33333333333,0,0,0,0,0.164242424242,17,17,17,1,0,0.352941176471,0.411764705882,0.235294117647,17,37,0.136029411765,1.88235294118,4.35294117647,3.36363636364,2.84615384615,1.69341284359,0.389027274878,0.193958664547,2.09866904602,0.964253345467,0.518282988871,1.87867287326,0.863174022847,0.470588235294,0.786197569093,0.41766745858,2.25,1.88235294118,0.786197569093,2.25,0.166339869281,0.0612244897959,3,0.00441176470588,0.185952380952,17,17,17,1,0,0.352941176471,0.411764705882,0.235294117647,0,0,0,0,0,0,0,0,0,0,0,0,0,0,0,0,0,0,0,0,0,0,0,0,0,0,0,0,0,37,0,0,235,1,1,0,0,1,1,1,1,1,1,2,2,0,0,0,0
1840,WLNM_dir_neg,1,0.5,00:00:02,10,50,5,1983614878,threshold_sweep,0.4,1,1,1,2,0,0,4,1,1,0,0,1,1,1,1,0.555555555556,1,1,1,37,35,2,0,37,0,35,0,2,17,37,0.136029411765,1.88235294118,4.35294117647,3.36363636364,2.84615384615,1.69341284359,0.389027274878,0.193958664547,2.09866904602,0.964253345467,0.518282988871,1.87867287326,0.863174022847,0.470588235294,0.786197569093,0.41766745858,2.25,1.88235294118,0.786197569093,2.25,0.166339869281,0.0612244897959,3,0.00441176470588,0.185952380952,17,17,17,1,0,0.352941176471,0.411764705882,0.235294117647,17,0.128676470588,1.90196078431,4.11764705882,3.18181818182,2.69230769231,1.57648156274,0.382859808093,0.201680672269,2.01465221053,0.978545359402,0.524369747899,1.74894926439,0.849489642704,0.463865546218,0.814492905316,0.428238537847,2.33333333333,1.90196078431,0.814492905316,2.33333333333,0,0,0,0,0.164242424242,17,17,17,1,0,0.352941176471,0.411764705882,0.235294117647,17,37,0.136029411765,1.88235294118,4.35294117647,3.36363636364,2.84615384615,1.69341284359,0.389027274878,0.193958664547,2.09866904602,0.964253345467,0.518282988871,1.87867287326,0.863174022847,0.470588235294,0.786197569093,0.41766745858,2.25,1.88235294118,0.786197569093,2.25,0.166339869281,0.0612244897959,3,0.00441176470588,0.185952380952,17,17,17,1,0,0.352941176471,0.411764705882,0.235294117647,0,0,0,0,0,0,0,0,0,0,0,0,0,0,0,0,0,0,0,0,0,0,0,0,0,0,0,0,0,37,0,0,235,1,1,0,0,1,1,1,1,1,1,2,2,0,0,0,0
1841,WLNM_dir_neg,1,0.5,00:00:02,10,50,5,1983614878,threshold_sweep,0.5,1,1,1,2,0,0,4,1,1,0,0,1,1,1,1,0.555555555556,1,1,1,37,35,2,0,37,0,35,0,2,17,37,0.136029411765,1.88235294118,4.35294117647,3.36363636364,2.84615384615,1.69341284359,0.389027274878,0.193958664547,2.09866904602,0.964253345467,0.518282988871,1.87867287326,0.863174022847,0.470588235294,0.786197569093,0.41766745858,2.25,1.88235294118,0.786197569093,2.25,0.166339869281,0.0612244897959,3,0.00441176470588,0.185952380952,17,17,17,1,0,0.352941176471,0.411764705882,0.235294117647,17,0.128676470588,1.90196078431,4.11764705882,3.18181818182,2.69230769231,1.57648156274,0.382859808093,0.201680672269,2.01465221053,0.978545359402,0.524369747899,1.74894926439,0.849489642704,0.463865546218,0.814492905316,0.428238537847,2.33333333333,1.90196078431,0.814492905316,2.33333333333,0,0,0,0,0.164242424242,17,17,17,1,0,0.352941176471,0.411764705882,0.235294117647,17,37,0.136029411765,1.88235294118,4.35294117647,3.36363636364,2.84615384615,1.69341284359,0.389027274878,0.193958664547,2.09866904602,0.964253345467,0.518282988871,1.87867287326,0.863174022847,0.470588235294,0.786197569093,0.41766745858,2.25,1.88235294118,0.786197569093,2.25,0.166339869281,0.0612244897959,3,0.00441176470588,0.185952380952,17,17,17,1,0,0.352941176471,0.411764705882,0.235294117647,0,0,0,0,0,0,0,0,0,0,0,0,0,0,0,0,0,0,0,0,0,0,0,0,0,0,0,0,0,37,0,0,235,1,1,0,0,1,1,1,1,1,1,2,2,0,0,0,0
1842,WLNM_dir_neg,1,0.5,00:00:02,10,50,5,1983614878,threshold_sweep,0.6,1,1,1,2,0,0,4,1,1,0,0,1,1,1,1,0.555555555556,1,1,1,37,35,2,0,37,0,35,0,2,17,37,0.136029411765,1.88235294118,4.35294117647,3.36363636364,2.84615384615,1.69341284359,0.389027274878,0.193958664547,2.09866904602,0.964253345467,0.518282988871,1.87867287326,0.863174022847,0.470588235294,0.786197569093,0.41766745858,2.25,1.88235294118,0.786197569093,2.25,0.166339869281,0.0612244897959,3,0.00441176470588,0.185952380952,17,17,17,1,0,0.352941176471,0.411764705882,0.235294117647,17,0.128676470588,1.90196078431,4.11764705882,3.18181818182,2.69230769231,1.57648156274,0.382859808093,0.201680672269,2.01465221053,0.978545359402,0.524369747899,1.74894926439,0.849489642704,0.463865546218,0.814492905316,0.428238537847,2.33333333333,1.90196078431,0.814492905316,2.33333333333,0,0,0,0,0.164242424242,17,17,17,1,0,0.352941176471,0.411764705882,0.235294117647,17,37,0.136029411765,1.88235294118,4.35294117647,3.36363636364,2.84615384615,1.69341284359,0.389027274878,0.193958664547,2.09866904602,0.964253345467,0.518282988871,1.87867287326,0.863174022847,0.470588235294,0.786197569093,0.41766745858,2.25,1.88235294118,0.786197569093,2.25,0.166339869281,0.0612244897959,3,0.00441176470588,0.185952380952,17,17,17,1,0,0.352941176471,0.411764705882,0.235294117647,0,0,0,0,0,0,0,0,0,0,0,0,0,0,0,0,0,0,0,0,0,0,0,0,0,0,0,0,0,37,0,0,235,1,1,0,0,1,1,1,1,1,1,2,2,0,0,0,0
1843,WLNM_dir_neg,1,0.5,00:00:02,10,50,5,1983614878,threshold_sweep,0.7,1,1,1,2,0,0,4,1,1,0,0,1,1,1,1,0.555555555556,1,1,1,37,35,2,0,37,0,35,0,2,17,37,0.136029411765,1.88235294118,4.35294117647,3.36363636364,2.84615384615,1.69341284359,0.389027274878,0.193958664547,2.09866904602,0.964253345467,0.518282988871,1.87867287326,0.863174022847,0.470588235294,0.786197569093,0.41766745858,2.25,1.88235294118,0.786197569093,2.25,0.166339869281,0.0612244897959,3,0.00441176470588,0.185952380952,17,17,17,1,0,0.352941176471,0.411764705882,0.235294117647,17,0.128676470588,1.90196078431,4.11764705882,3.18181818182,2.69230769231,1.57648156274,0.382859808093,0.201680672269,2.01465221053,0.978545359402,0.524369747899,1.74894926439,0.849489642704,0.463865546218,0.814492905316,0.428238537847,2.33333333333,1.90196078431,0.814492905316,2.33333333333,0,0,0,0,0.164242424242,17,17,17,1,0,0.352941176471,0.411764705882,0.235294117647,17,37,0.136029411765,1.88235294118,4.35294117647,3.36363636364,2.84615384615,1.69341284359,0.389027274878,0.193958664547,2.09866904602,0.964253345467,0.518282988871,1.87867287326,0.863174022847,0.470588235294,0.786197569093,0.41766745858,2.25,1.88235294118,0.786197569093,2.25,0.166339869281,0.0612244897959,3,0.00441176470588,0.185952380952,17,17,17,1,0,0.352941176471,0.411764705882,0.235294117647,0,0,0,0,0,0,0,0,0,0,0,0,0,0,0,0,0,0,0,0,0,0,0,0,0,0,0,0,0,37,0,0,235,1,1,0,0,1,1,1,1,1,1,2,2,0,0,0,0
1844,WLNM_dir_neg,1,0.5,00:00:02,10,50,5,1983614878,threshold_sweep,0.8,1,1,1,2,0,0,4,1,1,0,0,1,1,1,1,0.555555555556,1,1,1,37,35,2,0,37,0,35,0,2,17,37,0.136029411765,1.88235294118,4.35294117647,3.36363636364,2.84615384615,1.69341284359,0.389027274878,0.193958664547,2.09866904602,0.964253345467,0.518282988871,1.87867287326,0.863174022847,0.470588235294,0.786197569093,0.41766745858,2.25,1.88235294118,0.786197569093,2.25,0.166339869281,0.0612244897959,3,0.00441176470588,0.185952380952,17,17,17,1,0,0.352941176471,0.411764705882,0.235294117647,17,0.128676470588,1.90196078431,4.11764705882,3.18181818182,2.69230769231,1.57648156274,0.382859808093,0.201680672269,2.01465221053,0.978545359402,0.524369747899,1.74894926439,0.849489642704,0.463865546218,0.814492905316,0.428238537847,2.33333333333,1.90196078431,0.814492905316,2.33333333333,0,0,0,0,0.164242424242,17,17,17,1,0,0.352941176471,0.411764705882,0.235294117647,17,37,0.136029411765,1.88235294118,4.35294117647,3.36363636364,2.84615384615,1.69341284359,0.389027274878,0.193958664547,2.09866904602,0.964253345467,0.518282988871,1.87867287326,0.863174022847,0.470588235294,0.786197569093,0.41766745858,2.25,1.88235294118,0.786197569093,2.25,0.166339869281,0.0612244897959,3,0.00441176470588,0.185952380952,17,17,17,1,0,0.352941176471,0.411764705882,0.235294117647,0,0,0,0,0,0,0,0,0,0,0,0,0,0,0,0,0,0,0,0,0,0,0,0,0,0,0,0,0,37,0,0,235,1,1,0,0,1,1,1,1,1,1,2,2,0,0,0,0
1845,WLNM_dir_neg,1,0.5,00:00:02,10,50,5,1983614878,threshold_sweep,0.9,1,1,1,2,0,0,4,1,1,0,0,1,1,1,1,0.555555555556,1,1,1,37,35,2,0,37,0,35,0,2,17,37,0.136029411765,1.88235294118,4.35294117647,3.36363636364,2.84615384615,1.69341284359,0.389027274878,0.193958664547,2.09866904602,0.964253345467,0.518282988871,1.87867287326,0.863174022847,0.470588235294,0.786197569093,0.41766745858,2.25,1.88235294118,0.786197569093,2.25,0.166339869281,0.0612244897959,3,0.00441176470588,0.185952380952,17,17,17,1,0,0.352941176471,0.411764705882,0.235294117647,17,0.128676470588,1.90196078431,4.11764705882,3.18181818182,2.69230769231,1.57648156274,0.382859808093,0.201680672269,2.01465221053,0.978545359402,0.524369747899,1.74894926439,0.849489642704,0.463865546218,0.814492905316,0.428238537847,2.33333333333,1.90196078431,0.814492905316,2.33333333333,0,0,0,0,0.164242424242,17,17,17,1,0,0.352941176471,0.411764705882,0.235294117647,17,37,0.136029411765,1.88235294118,4.35294117647,3.36363636364,2.84615384615,1.69341284359,0.389027274878,0.193958664547,2.09866904602,0.964253345467,0.518282988871,1.87867287326,0.863174022847,0.470588235294,0.786197569093,0.41766745858,2.25,1.88235294118,0.786197569093,2.25,0.166339869281,0.0612244897959,3,0.00441176470588,0.185952380952,17,17,17,1,0,0.352941176471,0.411764705882,0.235294117647,0,0,0,0,0,0,0,0,0,0,0,0,0,0,0,0,0,0,0,0,0,0,0,0,0,0,0,0,0,37,0,0,235,1,1,0,0,1,1,1,1,1,1,2,2,0,0,0,0
1846,WLNM_dir_neg,1,0.5,00:00:01,10,50,6,1983614879,threshold_sweep,0.1,1,1,1,2,0,0,4,1,1,0,0,1,1,1,1,0.555555555556,1,1,1,37,35,2,0,37,0,35,0,2,17,37,0.136029411765,1.88235294118,4.35294117647,3.36363636364,2.84615384615,1.69341284359,0.389027274878,0.193958664547,2.09866904602,0.964253345467,0.518282988871,1.87867287326,0.863174022847,0.470588235294,0.786197569093,0.41766745858,2.25,1.88235294118,0.786197569093,2.25,0.166339869281,0.0612244897959,3,0.00441176470588,0.185952380952,17,17,17,1,0,0.352941176471,0.411764705882,0.235294117647,17,0.128676470588,1.90196078431,4.11764705882,3.18181818182,2.69230769231,1.57648156274,0.382859808093,0.201680672269,2.01465221053,0.978545359402,0.524369747899,1.74894926439,0.849489642704,0.463865546218,0.814492905316,0.428238537847,2.33333333333,1.90196078431,0.814492905316,2.33333333333,0,0,0,0,0.164242424242,17,17,17,1,0,0.352941176471,0.411764705882,0.235294117647,17,37,0.136029411765,1.88235294118,4.35294117647,3.36363636364,2.84615384615,1.69341284359,0.389027274878,0.193958664547,2.09866904602,0.964253345467,0.518282988871,1.87867287326,0.863174022847,0.470588235294,0.786197569093,0.41766745858,2.25,1.88235294118,0.786197569093,2.25,0.166339869281,0.0612244897959,3,0.00441176470588,0.185952380952,17,17,17,1,0,0.352941176471,0.411764705882,0.235294117647,0,0,0,0,0,0,0,0,0,0,0,0,0,0,0,0,0,0,0,0,0,0,0,0,0,0,0,0,0,37,0,0,235,1,1,0,0,1,1,1,1,1,1,2,2,0,0,0,0
1847,WLNM_dir_neg,1,0.5,00:00:01,10,50,6,1983614879,threshold_sweep,0.2,1,1,1,2,0,0,4,1,1,0,0,1,1,1,1,0.555555555556,1,1,1,37,35,2,0,37,0,35,0,2,17,37,0.136029411765,1.88235294118,4.35294117647,3.36363636364,2.84615384615,1.69341284359,0.389027274878,0.193958664547,2.09866904602,0.964253345467,0.518282988871,1.87867287326,0.863174022847,0.470588235294,0.786197569093,0.41766745858,2.25,1.88235294118,0.786197569093,2.25,0.166339869281,0.0612244897959,3,0.00441176470588,0.185952380952,17,17,17,1,0,0.352941176471,0.411764705882,0.235294117647,17,0.128676470588,1.90196078431,4.11764705882,3.18181818182,2.69230769231,1.57648156274,0.382859808093,0.201680672269,2.01465221053,0.978545359402,0.524369747899,1.74894926439,0.849489642704,0.463865546218,0.814492905316,0.428238537847,2.33333333333,1.90196078431,0.814492905316,2.33333333333,0,0,0,0,0.164242424242,17,17,17,1,0,0.352941176471,0.411764705882,0.235294117647,17,37,0.136029411765,1.88235294118,4.35294117647,3.36363636364,2.84615384615,1.69341284359,0.389027274878,0.193958664547,2.09866904602,0.964253345467,0.518282988871,1.87867287326,0.863174022847,0.470588235294,0.786197569093,0.41766745858,2.25,1.88235294118,0.786197569093,2.25,0.166339869281,0.0612244897959,3,0.00441176470588,0.185952380952,17,17,17,1,0,0.352941176471,0.411764705882,0.235294117647,0,0,0,0,0,0,0,0,0,0,0,0,0,0,0,0,0,0,0,0,0,0,0,0,0,0,0,0,0,37,0,0,235,1,1,0,0,1,1,1,1,1,1,2,2,0,0,0,0
1848,WLNM_dir_neg,1,0.5,00:00:01,10,50,6,1983614879,threshold_sweep,0.3,1,1,1,2,0,0,4,1,1,0,0,1,1,1,1,0.555555555556,1,1,1,37,35,2,0,37,0,35,0,2,17,37,0.136029411765,1.88235294118,4.35294117647,3.36363636364,2.84615384615,1.69341284359,0.389027274878,0.193958664547,2.09866904602,0.964253345467,0.518282988871,1.87867287326,0.863174022847,0.470588235294,0.786197569093,0.41766745858,2.25,1.88235294118,0.786197569093,2.25,0.166339869281,0.0612244897959,3,0.00441176470588,0.185952380952,17,17,17,1,0,0.352941176471,0.411764705882,0.235294117647,17,0.128676470588,1.90196078431,4.11764705882,3.18181818182,2.69230769231,1.57648156274,0.382859808093,0.201680672269,2.01465221053,0.978545359402,0.524369747899,1.74894926439,0.849489642704,0.463865546218,0.814492905316,0.428238537847,2.33333333333,1.90196078431,0.814492905316,2.33333333333,0,0,0,0,0.164242424242,17,17,17,1,0,0.352941176471,0.411764705882,0.235294117647,17,37,0.136029411765,1.88235294118,4.35294117647,3.36363636364,2.84615384615,1.69341284359,0.389027274878,0.193958664547,2.09866904602,0.964253345467,0.518282988871,1.87867287326,0.863174022847,0.470588235294,0.786197569093,0.41766745858,2.25,1.88235294118,0.786197569093,2.25,0.166339869281,0.0612244897959,3,0.00441176470588,0.185952380952,17,17,17,1,0,0.352941176471,0.411764705882,0.235294117647,0,0,0,0,0,0,0,0,0,0,0,0,0,0,0,0,0,0,0,0,0,0,0,0,0,0,0,0,0,37,0,0,235,1,1,0,0,1,1,1,1,1,1,2,2,0,0,0,0
1849,WLNM_dir_neg,1,0.5,00:00:01,10,50,6,1983614879,threshold_sweep,0.4,1,1,1,2,0,0,4,1,1,0,0,1,1,1,1,0.555555555556,1,1,1,37,35,2,0,37,0,35,0,2,17,37,0.136029411765,1.88235294118,4.35294117647,3.36363636364,2.84615384615,1.69341284359,0.389027274878,0.193958664547,2.09866904602,0.964253345467,0.518282988871,1.87867287326,0.863174022847,0.470588235294,0.786197569093,0.41766745858,2.25,1.88235294118,0.786197569093,2.25,0.166339869281,0.0612244897959,3,0.00441176470588,0.185952380952,17,17,17,1,0,0.352941176471,0.411764705882,0.235294117647,17,0.128676470588,1.90196078431,4.11764705882,3.18181818182,2.69230769231,1.57648156274,0.382859808093,0.201680672269,2.01465221053,0.978545359402,0.524369747899,1.74894926439,0.849489642704,0.463865546218,0.814492905316,0.428238537847,2.33333333333,1.90196078431,0.814492905316,2.33333333333,0,0,0,0,0.164242424242,17,17,17,1,0,0.352941176471,0.411764705882,0.235294117647,17,37,0.136029411765,1.88235294118,4.35294117647,3.36363636364,2.84615384615,1.69341284359,0.389027274878,0.193958664547,2.09866904602,0.964253345467,0.518282988871,1.87867287326,0.863174022847,0.470588235294,0.786197569093,0.41766745858,2.25,1.88235294118,0.786197569093,2.25,0.166339869281,0.0612244897959,3,0.00441176470588,0.185952380952,17,17,17,1,0,0.352941176471,0.411764705882,0.235294117647,0,0,0,0,0,0,0,0,0,0,0,0,0,0,0,0,0,0,0,0,0,0,0,0,0,0,0,0,0,37,0,0,235,1,1,0,0,1,1,1,1,1,1,2,2,0,0,0,0
1850,WLNM_dir_neg,1,0.5,00:00:01,10,50,6,1983614879,threshold_sweep,0.5,1,1,1,2,0,0,4,1,1,0,0,1,1,1,1,0.555555555556,1,1,1,37,35,2,0,37,0,35,0,2,17,37,0.136029411765,1.88235294118,4.35294117647,3.36363636364,2.84615384615,1.69341284359,0.389027274878,0.193958664547,2.09866904602,0.964253345467,0.518282988871,1.87867287326,0.863174022847,0.470588235294,0.786197569093,0.41766745858,2.25,1.88235294118,0.786197569093,2.25,0.166339869281,0.0612244897959,3,0.00441176470588,0.185952380952,17,17,17,1,0,0.352941176471,0.411764705882,0.235294117647,17,0.128676470588,1.90196078431,4.11764705882,3.18181818182,2.69230769231,1.57648156274,0.382859808093,0.201680672269,2.01465221053,0.978545359402,0.524369747899,1.74894926439,0.849489642704,0.463865546218,0.814492905316,0.428238537847,2.33333333333,1.90196078431,0.814492905316,2.33333333333,0,0,0,0,0.164242424242,17,17,17,1,0,0.352941176471,0.411764705882,0.235294117647,17,37,0.136029411765,1.88235294118,4.35294117647,3.36363636364,2.84615384615,1.69341284359,0.389027274878,0.193958664547,2.09866904602,0.964253345467,0.518282988871,1.87867287326,0.863174022847,0.470588235294,0.786197569093,0.41766745858,2.25,1.88235294118,0.786197569093,2.25,0.166339869281,0.0612244897959,3,0.00441176470588,0.185952380952,17,17,17,1,0,0.352941176471,0.411764705882,0.235294117647,0,0,0,0,0,0,0,0,0,0,0,0,0,0,0,0,0,0,0,0,0,0,0,0,0,0,0,0,0,37,0,0,235,1,1,0,0,1,1,1,1,1,1,2,2,0,0,0,0
1851,WLNM_dir_neg,1,0.5,00:00:01,10,50,6,1983614879,threshold_sweep,0.6,1,1,1,2,0,0,4,1,1,0,0,1,1,1,1,0.555555555556,1,1,1,37,35,2,0,37,0,35,0,2,17,37,0.136029411765,1.88235294118,4.35294117647,3.36363636364,2.84615384615,1.69341284359,0.389027274878,0.193958664547,2.09866904602,0.964253345467,0.518282988871,1.87867287326,0.863174022847,0.470588235294,0.786197569093,0.41766745858,2.25,1.88235294118,0.786197569093,2.25,0.166339869281,0.0612244897959,3,0.00441176470588,0.185952380952,17,17,17,1,0,0.352941176471,0.411764705882,0.235294117647,17,0.128676470588,1.90196078431,4.11764705882,3.18181818182,2.69230769231,1.57648156274,0.382859808093,0.201680672269,2.01465221053,0.978545359402,0.524369747899,1.74894926439,0.849489642704,0.463865546218,0.814492905316,0.428238537847,2.33333333333,1.90196078431,0.814492905316,2.33333333333,0,0,0,0,0.164242424242,17,17,17,1,0,0.352941176471,0.411764705882,0.235294117647,17,37,0.136029411765,1.88235294118,4.35294117647,3.36363636364,2.84615384615,1.69341284359,0.389027274878,0.193958664547,2.09866904602,0.964253345467,0.518282988871,1.87867287326,0.863174022847,0.470588235294,0.786197569093,0.41766745858,2.25,1.88235294118,0.786197569093,2.25,0.166339869281,0.0612244897959,3,0.00441176470588,0.185952380952,17,17,17,1,0,0.352941176471,0.411764705882,0.235294117647,0,0,0,0,0,0,0,0,0,0,0,0,0,0,0,0,0,0,0,0,0,0,0,0,0,0,0,0,0,37,0,0,235,1,1,0,0,1,1,1,1,1,1,2,2,0,0,0,0
1852,WLNM_dir_neg,1,0.5,00:00:01,10,50,6,1983614879,threshold_sweep,0.7,1,1,1,2,0,0,4,1,1,0,0,1,1,1,1,0.555555555556,1,1,1,37,35,2,0,37,0,35,0,2,17,37,0.136029411765,1.88235294118,4.35294117647,3.36363636364,2.84615384615,1.69341284359,0.389027274878,0.193958664547,2.09866904602,0.964253345467,0.518282988871,1.87867287326,0.863174022847,0.470588235294,0.786197569093,0.41766745858,2.25,1.88235294118,0.786197569093,2.25,0.166339869281,0.0612244897959,3,0.00441176470588,0.185952380952,17,17,17,1,0,0.352941176471,0.411764705882,0.235294117647,17,0.128676470588,1.90196078431,4.11764705882,3.18181818182,2.69230769231,1.57648156274,0.382859808093,0.201680672269,2.01465221053,0.978545359402,0.524369747899,1.74894926439,0.849489642704,0.463865546218,0.814492905316,0.428238537847,2.33333333333,1.90196078431,0.814492905316,2.33333333333,0,0,0,0,0.164242424242,17,17,17,1,0,0.352941176471,0.411764705882,0.235294117647,17,37,0.136029411765,1.88235294118,4.35294117647,3.36363636364,2.84615384615,1.69341284359,0.389027274878,0.193958664547,2.09866904602,0.964253345467,0.518282988871,1.87867287326,0.863174022847,0.470588235294,0.786197569093,0.41766745858,2.25,1.88235294118,0.786197569093,2.25,0.166339869281,0.0612244897959,3,0.00441176470588,0.185952380952,17,17,17,1,0,0.352941176471,0.411764705882,0.235294117647,0,0,0,0,0,0,0,0,0,0,0,0,0,0,0,0,0,0,0,0,0,0,0,0,0,0,0,0,0,37,0,0,235,1,1,0,0,1,1,1,1,1,1,2,2,0,0,0,0
1853,WLNM_dir_neg,1,0.5,00:00:01,10,50,6,1983614879,threshold_sweep,0.8,1,1,1,2,0,0,4,1,1,0,0,1,1,1,1,0.555555555556,1,1,1,37,35,2,0,37,0,35,0,2,17,37,0.136029411765,1.88235294118,4.35294117647,3.36363636364,2.84615384615,1.69341284359,0.389027274878,0.193958664547,2.09866904602,0.964253345467,0.518282988871,1.87867287326,0.863174022847,0.470588235294,0.786197569093,0.41766745858,2.25,1.88235294118,0.786197569093,2.25,0.166339869281,0.0612244897959,3,0.00441176470588,0.185952380952,17,17,17,1,0,0.352941176471,0.411764705882,0.235294117647,17,0.128676470588,1.90196078431,4.11764705882,3.18181818182,2.69230769231,1.57648156274,0.382859808093,0.201680672269,2.01465221053,0.978545359402,0.524369747899,1.74894926439,0.849489642704,0.463865546218,0.814492905316,0.428238537847,2.33333333333,1.90196078431,0.814492905316,2.33333333333,0,0,0,0,0.164242424242,17,17,17,1,0,0.352941176471,0.411764705882,0.235294117647,17,37,0.136029411765,1.88235294118,4.35294117647,3.36363636364,2.84615384615,1.69341284359,0.389027274878,0.193958664547,2.09866904602,0.964253345467,0.518282988871,1.87867287326,0.863174022847,0.470588235294,0.786197569093,0.41766745858,2.25,1.88235294118,0.786197569093,2.25,0.166339869281,0.0612244897959,3,0.00441176470588,0.185952380952,17,17,17,1,0,0.352941176471,0.411764705882,0.235294117647,0,0,0,0,0,0,0,0,0,0,0,0,0,0,0,0,0,0,0,0,0,0,0,0,0,0,0,0,0,37,0,0,235,1,1,0,0,1,1,1,1,1,1,2,2,0,0,0,0
1854,WLNM_dir_neg,1,0.5,00:00:01,10,50,6,1983614879,threshold_sweep,0.9,1,1,1,2,0,0,4,1,1,0,0,1,1,1,1,0.555555555556,1,1,1,37,35,2,0,37,0,35,0,2,17,37,0.136029411765,1.88235294118,4.35294117647,3.36363636364,2.84615384615,1.69341284359,0.389027274878,0.193958664547,2.09866904602,0.964253345467,0.518282988871,1.87867287326,0.863174022847,0.470588235294,0.786197569093,0.41766745858,2.25,1.88235294118,0.786197569093,2.25,0.166339869281,0.0612244897959,3,0.00441176470588,0.185952380952,17,17,17,1,0,0.352941176471,0.411764705882,0.235294117647,17,0.128676470588,1.90196078431,4.11764705882,3.18181818182,2.69230769231,1.57648156274,0.382859808093,0.201680672269,2.01465221053,0.978545359402,0.524369747899,1.74894926439,0.849489642704,0.463865546218,0.814492905316,0.428238537847,2.33333333333,1.90196078431,0.814492905316,2.33333333333,0,0,0,0,0.164242424242,17,17,17,1,0,0.352941176471,0.411764705882,0.235294117647,17,37,0.136029411765,1.88235294118,4.35294117647,3.36363636364,2.84615384615,1.69341284359,0.389027274878,0.193958664547,2.09866904602,0.964253345467,0.518282988871,1.87867287326,0.863174022847,0.470588235294,0.786197569093,0.41766745858,2.25,1.88235294118,0.786197569093,2.25,0.166339869281,0.0612244897959,3,0.00441176470588,0.185952380952,17,17,17,1,0,0.352941176471,0.411764705882,0.235294117647,0,0,0,0,0,0,0,0,0,0,0,0,0,0,0,0,0,0,0,0,0,0,0,0,0,0,0,0,0,37,0,0,235,1,1,0,0,1,1,1,1,1,1,2,2,0,0,0,0
1855,WLNM_dir_neg,1,0.5,00:00:01,10,50,7,1983614880,threshold_sweep,0.1,0.5,1,0.666666666667,2,2,0,2,1,0.5,0.5,0,0.5,1,0.666666666667,0.666666666667,0.444444444444,0.4,0.5,0.5,37,35,2,0,37,0,35,0,2,17,37,0.136029411765,1.88235294118,4.35294117647,3.36363636364,2.84615384615,1.69341284359,0.389027274878,0.193958664547,2.09866904602,0.964253345467,0.518282988871,1.87867287326,0.863174022847,0.470588235294,0.786197569093,0.41766745858,2.25,1.88235294118,0.786197569093,2.25,0.166339869281,0.0612244897959,3,0.00441176470588,0.185952380952,17,17,17,1,0,0.352941176471,0.411764705882,0.235294117647,17,0.128676470588,1.90196078431,4.11764705882,3.18181818182,2.69230769231,1.57648156274,0.382859808093,0.201680672269,2.01465221053,0.978545359402,0.524369747899,1.74894926439,0.849489642704,0.463865546218,0.814492905316,0.428238537847,2.33333333333,1.90196078431,0.814492905316,2.33333333333,0,0,0,0,0.164242424242,17,17,17,1,0,0.352941176471,0.411764705882,0.235294117647,17,39,0.143382352941,2.14941176471,4.58823529412,3.25,2.78571428571,1.69774937525,0.370022299735,0.184012066365,2.11437655948,0.921651320801,0.494720965309,1.86295148495,0.812055775493,0.440422322775,0.918833979755,0.427481599777,2.6,2.14941176471,0.918833979755,2.6,0.199346405229,0.110429447853,6,0.00882352941176,0.160052910053,17,17,17,1,0,0.294117647059,0.529411764706,0.176470588235,2,0.00735294117647,0.267058823529,0.235294117647,-0.113636363636,-0.0604395604396,0.00433653166789,-0.019004975143,-0.00994659818189,0.0157075134677,-0.0426020246662,-0.023562023562,-0.015721388301,-0.0511182473541,-0.0301659125189,0.132636410663,0.00981414119625,0.35,0.267058823529,0.132636410663,0.35,0.0330065359477,0.0492049580568,3,0.00441176470588,-0.0258994708995,-0.0588235294118,0.117647058824,-0.0588235294118,37,2,0,233,1,0.991489361702,0.00851063829787,0,0.948717948718,1,0.973684210526,0.969867905134,0.991489361702,0.948717948718,4,2,0,0,0,0
1856,WLNM_dir_neg,1,0.5,00:00:01,10,50,7,1983614880,threshold_sweep,0.2,0.5,1,0.666666666667,2,2,0,2,1,0.5,0.5,0,0.5,1,0.666666666667,0.666666666667,0.444444444444,0.4,0.5,0.5,37,35,2,0,37,0,35,0,2,17,37,0.136029411765,1.88235294118,4.35294117647,3.36363636364,2.84615384615,1.69341284359,0.389027274878,0.193958664547,2.09866904602,0.964253345467,0.518282988871,1.87867287326,0.863174022847,0.470588235294,0.786197569093,0.41766745858,2.25,1.88235294118,0.786197569093,2.25,0.166339869281,0.0612244897959,3,0.00441176470588,0.185952380952,17,17,17,1,0,0.352941176471,0.411764705882,0.235294117647,17,0.128676470588,1.90196078431,4.11764705882,3.18181818182,2.69230769231,1.57648156274,0.382859808093,0.201680672269,2.01465221053,0.978545359402,0.524369747899,1.74894926439,0.849489642704,0.463865546218,0.814492905316,0.428238537847,2.33333333333,1.90196078431,0.814492905316,2.33333333333,0,0,0,0,0.164242424242,17,17,17,1,0,0.352941176471,0.411764705882,0.235294117647,17,39,0.143382352941,2.14941176471,4.58823529412,3.25,2.78571428571,1.69774937525,0.370022299735,0.184012066365,2.11437655948,0.921651320801,0.494720965309,1.86295148495,0.812055775493,0.440422322775,0.918833979755,0.427481599777,2.6,2.14941176471,0.918833979755,2.6,0.199346405229,0.110429447853,6,0.00882352941176,0.160052910053,17,17,17,1,0,0.294117647059,0.529411764706,0.176470588235,2,0.00735294117647,0.267058823529,0.235294117647,-0.113636363636,-0.0604395604396,0.00433653166789,-0.019004975143,-0.00994659818189,0.0157075134677,-0.0426020246662,-0.023562023562,-0.015721388301,-0.0511182473541,-0.0301659125189,0.132636410663,0.00981414119625,0.35,0.267058823529,0.132636410663,0.35,0.0330065359477,0.0492049580568,3,0.00441176470588,-0.0258994708995,-0.0588235294118,0.117647058824,-0.0588235294118,37,2,0,233,1,0.991489361702,0.00851063829787,0,0.948717948718,1,0.973684210526,0.969867905134,0.991489361702,0.948717948718,4,2,0,0,0,0
1857,WLNM_dir_neg,1,0.5,00:00:01,10,50,7,1983614880,threshold_sweep,0.3,0.5,1,0.666666666667,2,2,0,2,1,0.5,0.5,0,0.5,1,0.666666666667,0.666666666667,0.444444444444,0.4,0.5,0.5,37,35,2,0,37,0,35,0,2,17,37,0.136029411765,1.88235294118,4.35294117647,3.36363636364,2.84615384615,1.69341284359,0.389027274878,0.193958664547,2.09866904602,0.964253345467,0.518282988871,1.87867287326,0.863174022847,0.470588235294,0.786197569093,0.41766745858,2.25,1.88235294118,0.786197569093,2.25,0.166339869281,0.0612244897959,3,0.00441176470588,0.185952380952,17,17,17,1,0,0.352941176471,0.411764705882,0.235294117647,17,0.128676470588,1.90196078431,4.11764705882,3.18181818182,2.69230769231,1.57648156274,0.382859808093,0.201680672269,2.01465221053,0.978545359402,0.524369747899,1.74894926439,0.849489642704,0.463865546218,0.814492905316,0.428238537847,2.33333333333,1.90196078431,0.814492905316,2.33333333333,0,0,0,0,0.164242424242,17,17,17,1,0,0.352941176471,0.411764705882,0.235294117647,17,39,0.143382352941,2.14941176471,4.58823529412,3.25,2.78571428571,1.69774937525,0.370022299735,0.184012066365,2.11437655948,0.921651320801,0.494720965309,1.86295148495,0.812055775493,0.440422322775,0.918833979755,0.427481599777,2.6,2.14941176471,0.918833979755,2.6,0.199346405229,0.110429447853,6,0.00882352941176,0.160052910053,17,17,17,1,0,0.294117647059,0.529411764706,0.176470588235,2,0.00735294117647,0.267058823529,0.235294117647,-0.113636363636,-0.0604395604396,0.00433653166789,-0.019004975143,-0.00994659818189,0.0157075134677,-0.0426020246662,-0.023562023562,-0.015721388301,-0.0511182473541,-0.0301659125189,0.132636410663,0.00981414119625,0.35,0.267058823529,0.132636410663,0.35,0.0330065359477,0.0492049580568,3,0.00441176470588,-0.0258994708995,-0.0588235294118,0.117647058824,-0.0588235294118,37,2,0,233,1,0.991489361702,0.00851063829787,0,0.948717948718,1,0.973684210526,0.969867905134,0.991489361702,0.948717948718,4,2,0,0,0,0
1858,WLNM_dir_neg,1,0.5,00:00:01,10,50,7,1983614880,threshold_sweep,0.4,0.5,1,0.666666666667,2,2,0,2,1,0.5,0.5,0,0.5,1,0.666666666667,0.666666666667,0.444444444444,0.4,0.5,0.5,37,35,2,0,37,0,35,0,2,17,37,0.136029411765,1.88235294118,4.35294117647,3.36363636364,2.84615384615,1.69341284359,0.389027274878,0.193958664547,2.09866904602,0.964253345467,0.518282988871,1.87867287326,0.863174022847,0.470588235294,0.786197569093,0.41766745858,2.25,1.88235294118,0.786197569093,2.25,0.166339869281,0.0612244897959,3,0.00441176470588,0.185952380952,17,17,17,1,0,0.352941176471,0.411764705882,0.235294117647,17,0.128676470588,1.90196078431,4.11764705882,3.18181818182,2.69230769231,1.57648156274,0.382859808093,0.201680672269,2.01465221053,0.978545359402,0.524369747899,1.74894926439,0.849489642704,0.463865546218,0.814492905316,0.428238537847,2.33333333333,1.90196078431,0.814492905316,2.33333333333,0,0,0,0,0.164242424242,17,17,17,1,0,0.352941176471,0.411764705882,0.235294117647,17,39,0.143382352941,2.14941176471,4.58823529412,3.25,2.78571428571,1.69774937525,0.370022299735,0.184012066365,2.11437655948,0.921651320801,0.494720965309,1.86295148495,0.812055775493,0.440422322775,0.918833979755,0.427481599777,2.6,2.14941176471,0.918833979755,2.6,0.199346405229,0.110429447853,6,0.00882352941176,0.160052910053,17,17,17,1,0,0.294117647059,0.529411764706,0.176470588235,2,0.00735294117647,0.267058823529,0.235294117647,-0.113636363636,-0.0604395604396,0.00433653166789,-0.019004975143,-0.00994659818189,0.0157075134677,-0.0426020246662,-0.023562023562,-0.015721388301,-0.0511182473541,-0.0301659125189,0.132636410663,0.00981414119625,0.35,0.267058823529,0.132636410663,0.35,0.0330065359477,0.0492049580568,3,0.00441176470588,-0.0258994708995,-0.0588235294118,0.117647058824,-0.0588235294118,37,2,0,233,1,0.991489361702,0.00851063829787,0,0.948717948718,1,0.973684210526,0.969867905134,0.991489361702,0.948717948718,4,2,0,0,0,0
1859,WLNM_dir_neg,1,0.5,00:00:01,10,50,7,1983614880,threshold_sweep,0.5,0.5,1,0.666666666667,2,2,0,2,1,0.5,0.5,0,0.5,1,0.666666666667,0.666666666667,0.444444444444,0.4,0.5,0.5,37,35,2,0,37,0,35,0,2,17,37,0.136029411765,1.88235294118,4.35294117647,3.36363636364,2.84615384615,1.69341284359,0.389027274878,0.193958664547,2.09866904602,0.964253345467,0.518282988871,1.87867287326,0.863174022847,0.470588235294,0.786197569093,0.41766745858,2.25,1.88235294118,0.786197569093,2.25,0.166339869281,0.0612244897959,3,0.00441176470588,0.185952380952,17,17,17,1,0,0.352941176471,0.411764705882,0.235294117647,17,0.128676470588,1.90196078431,4.11764705882,3.18181818182,2.69230769231,1.57648156274,0.382859808093,0.201680672269,2.01465221053,0.978545359402,0.524369747899,1.74894926439,0.849489642704,0.463865546218,0.814492905316,0.428238537847,2.33333333333,1.90196078431,0.814492905316,2.33333333333,0,0,0,0,0.164242424242,17,17,17,1,0,0.352941176471,0.411764705882,0.235294117647,17,39,0.143382352941,2.14941176471,4.58823529412,3.25,2.78571428571,1.69774937525,0.370022299735,0.184012066365,2.11437655948,0.921651320801,0.494720965309,1.86295148495,0.812055775493,0.440422322775,0.918833979755,0.427481599777,2.6,2.14941176471,0.918833979755,2.6,0.199346405229,0.110429447853,6,0.00882352941176,0.160052910053,17,17,17,1,0,0.294117647059,0.529411764706,0.176470588235,2,0.00735294117647,0.267058823529,0.235294117647,-0.113636363636,-0.0604395604396,0.00433653166789,-0.019004975143,-0.00994659818189,0.0157075134677,-0.0426020246662,-0.023562023562,-0.015721388301,-0.0511182473541,-0.0301659125189,0.132636410663,0.00981414119625,0.35,0.267058823529,0.132636410663,0.35,0.0330065359477,0.0492049580568,3,0.00441176470588,-0.0258994708995,-0.0588235294118,0.117647058824,-0.0588235294118,37,2,0,233,1,0.991489361702,0.00851063829787,0,0.948717948718,1,0.973684210526,0.969867905134,0.991489361702,0.948717948718,4,2,0,0,0,0
1860,WLNM_dir_neg,1,0.5,00:00:01,10,50,7,1983614880,threshold_sweep,0.6,0.5,1,0.666666666667,2,2,0,2,1,0.5,0.5,0,0.5,1,0.666666666667,0.666666666667,0.444444444444,0.4,0.5,0.5,37,35,2,0,37,0,35,0,2,17,37,0.136029411765,1.88235294118,4.35294117647,3.36363636364,2.84615384615,1.69341284359,0.389027274878,0.193958664547,2.09866904602,0.964253345467,0.518282988871,1.87867287326,0.863174022847,0.470588235294,0.786197569093,0.41766745858,2.25,1.88235294118,0.786197569093,2.25,0.166339869281,0.0612244897959,3,0.00441176470588,0.185952380952,17,17,17,1,0,0.352941176471,0.411764705882,0.235294117647,17,0.128676470588,1.90196078431,4.11764705882,3.18181818182,2.69230769231,1.57648156274,0.382859808093,0.201680672269,2.01465221053,0.978545359402,0.524369747899,1.74894926439,0.849489642704,0.463865546218,0.814492905316,0.428238537847,2.33333333333,1.90196078431,0.814492905316,2.33333333333,0,0,0,0,0.164242424242,17,17,17,1,0,0.352941176471,0.411764705882,0.235294117647,17,39,0.143382352941,2.14941176471,4.58823529412,3.25,2.78571428571,1.69774937525,0.370022299735,0.184012066365,2.11437655948,0.921651320801,0.494720965309,1.86295148495,0.812055775493,0.440422322775,0.918833979755,0.427481599777,2.6,2.14941176471,0.918833979755,2.6,0.199346405229,0.110429447853,6,0.00882352941176,0.160052910053,17,17,17,1,0,0.294117647059,0.529411764706,0.176470588235,2,0.00735294117647,0.267058823529,0.235294117647,-0.113636363636,-0.0604395604396,0.00433653166789,-0.019004975143,-0.00994659818189,0.0157075134677,-0.0426020246662,-0.023562023562,-0.015721388301,-0.0511182473541,-0.0301659125189,0.132636410663,0.00981414119625,0.35,0.267058823529,0.132636410663,0.35,0.0330065359477,0.0492049580568,3,0.00441176470588,-0.0258994708995,-0.0588235294118,0.117647058824,-0.0588235294118,37,2,0,233,1,0.991489361702,0.00851063829787,0,0.948717948718,1,0.973684210526,0.969867905134,0.991489361702,0.948717948718,4,2,0,0,0,0
1861,WLNM_dir_neg,1,0.5,00:00:01,10,50,7,1983614880,threshold_sweep,0.7,0.5,1,0.666666666667,2,2,0,2,1,0.5,0.5,0,0.5,1,0.666666666667,0.666666666667,0.444444444444,0.4,0.5,0.5,37,35,2,0,37,0,35,0,2,17,37,0.136029411765,1.88235294118,4.35294117647,3.36363636364,2.84615384615,1.69341284359,0.389027274878,0.193958664547,2.09866904602,0.964253345467,0.518282988871,1.87867287326,0.863174022847,0.470588235294,0.786197569093,0.41766745858,2.25,1.88235294118,0.786197569093,2.25,0.166339869281,0.0612244897959,3,0.00441176470588,0.185952380952,17,17,17,1,0,0.352941176471,0.411764705882,0.235294117647,17,0.128676470588,1.90196078431,4.11764705882,3.18181818182,2.69230769231,1.57648156274,0.382859808093,0.201680672269,2.01465221053,0.978545359402,0.524369747899,1.74894926439,0.849489642704,0.463865546218,0.814492905316,0.428238537847,2.33333333333,1.90196078431,0.814492905316,2.33333333333,0,0,0,0,0.164242424242,17,17,17,1,0,0.352941176471,0.411764705882,0.235294117647,17,39,0.143382352941,2.14941176471,4.58823529412,3.25,2.78571428571,1.69774937525,0.370022299735,0.184012066365,2.11437655948,0.921651320801,0.494720965309,1.86295148495,0.812055775493,0.440422322775,0.918833979755,0.427481599777,2.6,2.14941176471,0.918833979755,2.6,0.199346405229,0.110429447853,6,0.00882352941176,0.160052910053,17,17,17,1,0,0.294117647059,0.529411764706,0.176470588235,2,0.00735294117647,0.267058823529,0.235294117647,-0.113636363636,-0.0604395604396,0.00433653166789,-0.019004975143,-0.00994659818189,0.0157075134677,-0.0426020246662,-0.023562023562,-0.015721388301,-0.0511182473541,-0.0301659125189,0.132636410663,0.00981414119625,0.35,0.267058823529,0.132636410663,0.35,0.0330065359477,0.0492049580568,3,0.00441176470588,-0.0258994708995,-0.0588235294118,0.117647058824,-0.0588235294118,37,2,0,233,1,0.991489361702,0.00851063829787,0,0.948717948718,1,0.973684210526,0.969867905134,0.991489361702,0.948717948718,4,2,0,0,0,0
1862,WLNM_dir_neg,1,0.5,00:00:01,10,50,7,1983614880,threshold_sweep,0.8,0.5,1,0.666666666667,2,2,0,2,1,0.5,0.5,0,0.5,1,0.666666666667,0.666666666667,0.444444444444,0.4,0.5,0.5,37,35,2,0,37,0,35,0,2,17,37,0.136029411765,1.88235294118,4.35294117647,3.36363636364,2.84615384615,1.69341284359,0.389027274878,0.193958664547,2.09866904602,0.964253345467,0.518282988871,1.87867287326,0.863174022847,0.470588235294,0.786197569093,0.41766745858,2.25,1.88235294118,0.786197569093,2.25,0.166339869281,0.0612244897959,3,0.00441176470588,0.185952380952,17,17,17,1,0,0.352941176471,0.411764705882,0.235294117647,17,0.128676470588,1.90196078431,4.11764705882,3.18181818182,2.69230769231,1.57648156274,0.382859808093,0.201680672269,2.01465221053,0.978545359402,0.524369747899,1.74894926439,0.849489642704,0.463865546218,0.814492905316,0.428238537847,2.33333333333,1.90196078431,0.814492905316,2.33333333333,0,0,0,0,0.164242424242,17,17,17,1,0,0.352941176471,0.411764705882,0.235294117647,17,39,0.143382352941,2.14941176471,4.58823529412,3.25,2.78571428571,1.69774937525,0.370022299735,0.184012066365,2.11437655948,0.921651320801,0.494720965309,1.86295148495,0.812055775493,0.440422322775,0.918833979755,0.427481599777,2.6,2.14941176471,0.918833979755,2.6,0.199346405229,0.110429447853,6,0.00882352941176,0.160052910053,17,17,17,1,0,0.294117647059,0.529411764706,0.176470588235,2,0.00735294117647,0.267058823529,0.235294117647,-0.113636363636,-0.0604395604396,0.00433653166789,-0.019004975143,-0.00994659818189,0.0157075134677,-0.0426020246662,-0.023562023562,-0.015721388301,-0.0511182473541,-0.0301659125189,0.132636410663,0.00981414119625,0.35,0.267058823529,0.132636410663,0.35,0.0330065359477,0.0492049580568,3,0.00441176470588,-0.0258994708995,-0.0588235294118,0.117647058824,-0.0588235294118,37,2,0,233,1,0.991489361702,0.00851063829787,0,0.948717948718,1,0.973684210526,0.969867905134,0.991489361702,0.948717948718,4,2,0,0,0,0
1863,WLNM_dir_neg,1,0.5,00:00:01,10,50,7,1983614880,threshold_sweep,0.9,0.5,1,0.666666666667,2,2,0,2,1,0.5,0.5,0,0.5,1,0.666666666667,0.666666666667,0.444444444444,0.4,0.5,0.5,37,35,2,0,37,0,35,0,2,17,37,0.136029411765,1.88235294118,4.35294117647,3.36363636364,2.84615384615,1.69341284359,0.389027274878,0.193958664547,2.09866904602,0.964253345467,0.518282988871,1.87867287326,0.863174022847,0.470588235294,0.786197569093,0.41766745858,2.25,1.88235294118,0.786197569093,2.25,0.166339869281,0.0612244897959,3,0.00441176470588,0.185952380952,17,17,17,1,0,0.352941176471,0.411764705882,0.235294117647,17,0.128676470588,1.90196078431,4.11764705882,3.18181818182,2.69230769231,1.57648156274,0.382859808093,0.201680672269,2.01465221053,0.978545359402,0.524369747899,1.74894926439,0.849489642704,0.463865546218,0.814492905316,0.428238537847,2.33333333333,1.90196078431,0.814492905316,2.33333333333,0,0,0,0,0.164242424242,17,17,17,1,0,0.352941176471,0.411764705882,0.235294117647,17,39,0.143382352941,2.14941176471,4.58823529412,3.25,2.78571428571,1.69774937525,0.370022299735,0.184012066365,2.11437655948,0.921651320801,0.494720965309,1.86295148495,0.812055775493,0.440422322775,0.918833979755,0.427481599777,2.6,2.14941176471,0.918833979755,2.6,0.199346405229,0.110429447853,6,0.00882352941176,0.160052910053,17,17,17,1,0,0.294117647059,0.529411764706,0.176470588235,2,0.00735294117647,0.267058823529,0.235294117647,-0.113636363636,-0.0604395604396,0.00433653166789,-0.019004975143,-0.00994659818189,0.0157075134677,-0.0426020246662,-0.023562023562,-0.015721388301,-0.0511182473541,-0.0301659125189,0.132636410663,0.00981414119625,0.35,0.267058823529,0.132636410663,0.35,0.0330065359477,0.0492049580568,3,0.00441176470588,-0.0258994708995,-0.0588235294118,0.117647058824,-0.0588235294118,37,2,0,233,1,0.991489361702,0.00851063829787,0,0.948717948718,1,0.973684210526,0.969867905134,0.991489361702,0.948717948718,4,2,0,0,0,0
1864,WLNM_dir_neg,1,0.5,00:00:01,10,50,8,1983614881,threshold_sweep,0.1,0.666666666667,1,0.8,2,1,0,3,1,0.75,0.25,0,0.666666666667,1,0.8,0.833333333333,0.5,0.666666666667,0.707106781187,0.75,37,35,2,0,37,0,35,0,2,17,37,0.136029411765,1.88235294118,4.35294117647,3.36363636364,2.84615384615,1.69341284359,0.389027274878,0.193958664547,2.09866904602,0.964253345467,0.518282988871,1.87867287326,0.863174022847,0.470588235294,0.786197569093,0.41766745858,2.25,1.88235294118,0.786197569093,2.25,0.166339869281,0.0612244897959,3,0.00441176470588,0.185952380952,17,17,17,1,0,0.352941176471,0.411764705882,0.235294117647,17,0.128676470588,1.90196078431,4.11764705882,3.18181818182,2.69230769231,1.57648156274,0.382859808093,0.201680672269,2.01465221053,0.978545359402,0.524369747899,1.74894926439,0.849489642704,0.463865546218,0.814492905316,0.428238537847,2.33333333333,1.90196078431,0.814492905316,2.33333333333,0,0,0,0,0.164242424242,17,17,17,1,0,0.352941176471,0.411764705882,0.235294117647,17,38,0.139705882353,1.89705882353,4.47058823529,3.45454545455,2.71428571429,1.73629084037,0.388380845872,0.198142414861,2.16591238756,0.968960804961,0.517027863777,1.82103719638,0.814674535221,0.442724458204,0.805541469338,0.424626510969,2.25,1.89705882353,0.805541469338,2.25,0.185620915033,0.0961538461538,5,0.00735294117647,0.181154401154,17,17,17,1,0,0.352941176471,0.470588235294,0.176470588235,1,0.00367647058824,0.0147058823529,0.117647058824,0.0909090909091,-0.131868131868,0.0428779967836,-0.000646429005719,0.00418375031378,0.0672433415445,0.00470745949447,-0.00125512509413,-0.0576356768785,-0.0484994876259,-0.0278637770898,0.0193439002456,0.00695905238854,0,0.0147058823529,0.0193439002456,0,0.0192810457516,0.0349293563579,2,0.00294117647059,-0.00479797979798,0,0.0588235294118,-0.0588235294118,37,1,0,234,1,0.995744680851,0.00425531914894,0,0.973684210526,1,0.986666666667,0.984652666406,0.995744680851,0.973684210526,3,2,0,0,0,0
1865,WLNM_dir_neg,1,0.5,00:00:01,10,50,8,1983614881,threshold_sweep,0.2,0.666666666667,1,0.8,2,1,0,3,1,0.75,0.25,0,0.666666666667,1,0.8,0.833333333333,0.5,0.666666666667,0.707106781187,0.75,37,35,2,0,37,0,35,0,2,17,37,0.136029411765,1.88235294118,4.35294117647,3.36363636364,2.84615384615,1.69341284359,0.389027274878,0.193958664547,2.09866904602,0.964253345467,0.518282988871,1.87867287326,0.863174022847,0.470588235294,0.786197569093,0.41766745858,2.25,1.88235294118,0.786197569093,2.25,0.166339869281,0.0612244897959,3,0.00441176470588,0.185952380952,17,17,17,1,0,0.352941176471,0.411764705882,0.235294117647,17,0.128676470588,1.90196078431,4.11764705882,3.18181818182,2.69230769231,1.57648156274,0.382859808093,0.201680672269,2.01465221053,0.978545359402,0.524369747899,1.74894926439,0.849489642704,0.463865546218,0.814492905316,0.428238537847,2.33333333333,1.90196078431,0.814492905316,2.33333333333,0,0,0,0,0.164242424242,17,17,17,1,0,0.352941176471,0.411764705882,0.235294117647,17,38,0.139705882353,1.89705882353,4.47058823529,3.45454545455,2.71428571429,1.73629084037,0.388380845872,0.198142414861,2.16591238756,0.968960804961,0.517027863777,1.82103719638,0.814674535221,0.442724458204,0.805541469338,0.424626510969,2.25,1.89705882353,0.805541469338,2.25,0.185620915033,0.0961538461538,5,0.00735294117647,0.181154401154,17,17,17,1,0,0.352941176471,0.470588235294,0.176470588235,1,0.00367647058824,0.0147058823529,0.117647058824,0.0909090909091,-0.131868131868,0.0428779967836,-0.000646429005719,0.00418375031378,0.0672433415445,0.00470745949447,-0.00125512509413,-0.0576356768785,-0.0484994876259,-0.0278637770898,0.0193439002456,0.00695905238854,0,0.0147058823529,0.0193439002456,0,0.0192810457516,0.0349293563579,2,0.00294117647059,-0.00479797979798,0,0.0588235294118,-0.0588235294118,37,1,0,234,1,0.995744680851,0.00425531914894,0,0.973684210526,1,0.986666666667,0.984652666406,0.995744680851,0.973684210526,3,2,0,0,0,0
1866,WLNM_dir_neg,1,0.5,00:00:01,10,50,8,1983614881,threshold_sweep,0.3,0.666666666667,1,0.8,2,1,0,3,1,0.75,0.25,0,0.666666666667,1,0.8,0.833333333333,0.5,0.666666666667,0.707106781187,0.75,37,35,2,0,37,0,35,0,2,17,37,0.136029411765,1.88235294118,4.35294117647,3.36363636364,2.84615384615,1.69341284359,0.389027274878,0.193958664547,2.09866904602,0.964253345467,0.518282988871,1.87867287326,0.863174022847,0.470588235294,0.786197569093,0.41766745858,2.25,1.88235294118,0.786197569093,2.25,0.166339869281,0.0612244897959,3,0.00441176470588,0.185952380952,17,17,17,1,0,0.352941176471,0.411764705882,0.235294117647,17,0.128676470588,1.90196078431,4.11764705882,3.18181818182,2.69230769231,1.57648156274,0.382859808093,0.201680672269,2.01465221053,0.978545359402,0.524369747899,1.74894926439,0.849489642704,0.463865546218,0.814492905316,0.428238537847,2.33333333333,1.90196078431,0.814492905316,2.33333333333,0,0,0,0,0.164242424242,17,17,17,1,0,0.352941176471,0.411764705882,0.235294117647,17,38,0.139705882353,1.89705882353,4.47058823529,3.45454545455,2.71428571429,1.73629084037,0.388380845872,0.198142414861,2.16591238756,0.968960804961,0.517027863777,1.82103719638,0.814674535221,0.442724458204,0.805541469338,0.424626510969,2.25,1.89705882353,0.805541469338,2.25,0.185620915033,0.0961538461538,5,0.00735294117647,0.181154401154,17,17,17,1,0,0.352941176471,0.470588235294,0.176470588235,1,0.00367647058824,0.0147058823529,0.117647058824,0.0909090909091,-0.131868131868,0.0428779967836,-0.000646429005719,0.00418375031378,0.0672433415445,0.00470745949447,-0.00125512509413,-0.0576356768785,-0.0484994876259,-0.0278637770898,0.0193439002456,0.00695905238854,0,0.0147058823529,0.0193439002456,0,0.0192810457516,0.0349293563579,2,0.00294117647059,-0.00479797979798,0,0.0588235294118,-0.0588235294118,37,1,0,234,1,0.995744680851,0.00425531914894,0,0.973684210526,1,0.986666666667,0.984652666406,0.995744680851,0.973684210526,3,2,0,0,0,0
1867,WLNM_dir_neg,1,0.5,00:00:01,10,50,8,1983614881,threshold_sweep,0.4,0.666666666667,1,0.8,2,1,0,3,1,0.75,0.25,0,0.666666666667,1,0.8,0.833333333333,0.5,0.666666666667,0.707106781187,0.75,37,35,2,0,37,0,35,0,2,17,37,0.136029411765,1.88235294118,4.35294117647,3.36363636364,2.84615384615,1.69341284359,0.389027274878,0.193958664547,2.09866904602,0.964253345467,0.518282988871,1.87867287326,0.863174022847,0.470588235294,0.786197569093,0.41766745858,2.25,1.88235294118,0.786197569093,2.25,0.166339869281,0.0612244897959,3,0.00441176470588,0.185952380952,17,17,17,1,0,0.352941176471,0.411764705882,0.235294117647,17,0.128676470588,1.90196078431,4.11764705882,3.18181818182,2.69230769231,1.57648156274,0.382859808093,0.201680672269,2.01465221053,0.978545359402,0.524369747899,1.74894926439,0.849489642704,0.463865546218,0.814492905316,0.428238537847,2.33333333333,1.90196078431,0.814492905316,2.33333333333,0,0,0,0,0.164242424242,17,17,17,1,0,0.352941176471,0.411764705882,0.235294117647,17,38,0.139705882353,1.89705882353,4.47058823529,3.45454545455,2.71428571429,1.73629084037,0.388380845872,0.198142414861,2.16591238756,0.968960804961,0.517027863777,1.82103719638,0.814674535221,0.442724458204,0.805541469338,0.424626510969,2.25,1.89705882353,0.805541469338,2.25,0.185620915033,0.0961538461538,5,0.00735294117647,0.181154401154,17,17,17,1,0,0.352941176471,0.470588235294,0.176470588235,1,0.00367647058824,0.0147058823529,0.117647058824,0.0909090909091,-0.131868131868,0.0428779967836,-0.000646429005719,0.00418375031378,0.0672433415445,0.00470745949447,-0.00125512509413,-0.0576356768785,-0.0484994876259,-0.0278637770898,0.0193439002456,0.00695905238854,0,0.0147058823529,0.0193439002456,0,0.0192810457516,0.0349293563579,2,0.00294117647059,-0.00479797979798,0,0.0588235294118,-0.0588235294118,37,1,0,234,1,0.995744680851,0.00425531914894,0,0.973684210526,1,0.986666666667,0.984652666406,0.995744680851,0.973684210526,3,2,0,0,0,0
1868,WLNM_dir_neg,1,0.5,00:00:01,10,50,8,1983614881,threshold_sweep,0.5,0.666666666667,1,0.8,2,1,0,3,1,0.75,0.25,0,0.666666666667,1,0.8,0.833333333333,0.5,0.666666666667,0.707106781187,0.75,37,35,2,0,37,0,35,0,2,17,37,0.136029411765,1.88235294118,4.35294117647,3.36363636364,2.84615384615,1.69341284359,0.389027274878,0.193958664547,2.09866904602,0.964253345467,0.518282988871,1.87867287326,0.863174022847,0.470588235294,0.786197569093,0.41766745858,2.25,1.88235294118,0.786197569093,2.25,0.166339869281,0.0612244897959,3,0.00441176470588,0.185952380952,17,17,17,1,0,0.352941176471,0.411764705882,0.235294117647,17,0.128676470588,1.90196078431,4.11764705882,3.18181818182,2.69230769231,1.57648156274,0.382859808093,0.201680672269,2.01465221053,0.978545359402,0.524369747899,1.74894926439,0.849489642704,0.463865546218,0.814492905316,0.428238537847,2.33333333333,1.90196078431,0.814492905316,2.33333333333,0,0,0,0,0.164242424242,17,17,17,1,0,0.352941176471,0.411764705882,0.235294117647,17,38,0.139705882353,1.89705882353,4.47058823529,3.45454545455,2.71428571429,1.73629084037,0.388380845872,0.198142414861,2.16591238756,0.968960804961,0.517027863777,1.82103719638,0.814674535221,0.442724458204,0.805541469338,0.424626510969,2.25,1.89705882353,0.805541469338,2.25,0.185620915033,0.0961538461538,5,0.00735294117647,0.181154401154,17,17,17,1,0,0.352941176471,0.470588235294,0.176470588235,1,0.00367647058824,0.0147058823529,0.117647058824,0.0909090909091,-0.131868131868,0.0428779967836,-0.000646429005719,0.00418375031378,0.0672433415445,0.00470745949447,-0.00125512509413,-0.0576356768785,-0.0484994876259,-0.0278637770898,0.0193439002456,0.00695905238854,0,0.0147058823529,0.0193439002456,0,0.0192810457516,0.0349293563579,2,0.00294117647059,-0.00479797979798,0,0.0588235294118,-0.0588235294118,37,1,0,234,1,0.995744680851,0.00425531914894,0,0.973684210526,1,0.986666666667,0.984652666406,0.995744680851,0.973684210526,3,2,0,0,0,0
1869,WLNM_dir_neg,1,0.5,00:00:01,10,50,8,1983614881,threshold_sweep,0.6,1,1,1,2,0,0,4,1,1,0,0,1,1,1,1,0.555555555556,1,1,1,37,35,2,0,37,0,35,0,2,17,37,0.136029411765,1.88235294118,4.35294117647,3.36363636364,2.84615384615,1.69341284359,0.389027274878,0.193958664547,2.09866904602,0.964253345467,0.518282988871,1.87867287326,0.863174022847,0.470588235294,0.786197569093,0.41766745858,2.25,1.88235294118,0.786197569093,2.25,0.166339869281,0.0612244897959,3,0.00441176470588,0.185952380952,17,17,17,1,0,0.352941176471,0.411764705882,0.235294117647,17,0.128676470588,1.90196078431,4.11764705882,3.18181818182,2.69230769231,1.57648156274,0.382859808093,0.201680672269,2.01465221053,0.978545359402,0.524369747899,1.74894926439,0.849489642704,0.463865546218,0.814492905316,0.428238537847,2.33333333333,1.90196078431,0.814492905316,2.33333333333,0,0,0,0,0.164242424242,17,17,17,1,0,0.352941176471,0.411764705882,0.235294117647,17,37,0.136029411765,1.88235294118,4.35294117647,3.36363636364,2.84615384615,1.69341284359,0.389027274878,0.193958664547,2.09866904602,0.964253345467,0.518282988871,1.87867287326,0.863174022847,0.470588235294,0.786197569093,0.41766745858,2.25,1.88235294118,0.786197569093,2.25,0.166339869281,0.0612244897959,3,0.00441176470588,0.185952380952,17,17,17,1,0,0.352941176471,0.411764705882,0.235294117647,0,0,0,0,0,0,0,0,0,0,0,0,0,0,0,0,0,0,0,0,0,0,0,0,0,0,0,0,0,37,0,0,235,1,1,0,0,1,1,1,1,1,1,2,2,0,0,0,0
1870,WLNM_dir_neg,1,0.5,00:00:01,10,50,8,1983614881,threshold_sweep,0.7,1,1,1,2,0,0,4,1,1,0,0,1,1,1,1,0.555555555556,1,1,1,37,35,2,0,37,0,35,0,2,17,37,0.136029411765,1.88235294118,4.35294117647,3.36363636364,2.84615384615,1.69341284359,0.389027274878,0.193958664547,2.09866904602,0.964253345467,0.518282988871,1.87867287326,0.863174022847,0.470588235294,0.786197569093,0.41766745858,2.25,1.88235294118,0.786197569093,2.25,0.166339869281,0.0612244897959,3,0.00441176470588,0.185952380952,17,17,17,1,0,0.352941176471,0.411764705882,0.235294117647,17,0.128676470588,1.90196078431,4.11764705882,3.18181818182,2.69230769231,1.57648156274,0.382859808093,0.201680672269,2.01465221053,0.978545359402,0.524369747899,1.74894926439,0.849489642704,0.463865546218,0.814492905316,0.428238537847,2.33333333333,1.90196078431,0.814492905316,2.33333333333,0,0,0,0,0.164242424242,17,17,17,1,0,0.352941176471,0.411764705882,0.235294117647,17,37,0.136029411765,1.88235294118,4.35294117647,3.36363636364,2.84615384615,1.69341284359,0.389027274878,0.193958664547,2.09866904602,0.964253345467,0.518282988871,1.87867287326,0.863174022847,0.470588235294,0.786197569093,0.41766745858,2.25,1.88235294118,0.786197569093,2.25,0.166339869281,0.0612244897959,3,0.00441176470588,0.185952380952,17,17,17,1,0,0.352941176471,0.411764705882,0.235294117647,0,0,0,0,0,0,0,0,0,0,0,0,0,0,0,0,0,0,0,0,0,0,0,0,0,0,0,0,0,37,0,0,235,1,1,0,0,1,1,1,1,1,1,2,2,0,0,0,0
1871,WLNM_dir_neg,1,0.5,00:00:01,10,50,8,1983614881,threshold_sweep,0.8,1,1,1,2,0,0,4,1,1,0,0,1,1,1,1,0.555555555556,1,1,1,37,35,2,0,37,0,35,0,2,17,37,0.136029411765,1.88235294118,4.35294117647,3.36363636364,2.84615384615,1.69341284359,0.389027274878,0.193958664547,2.09866904602,0.964253345467,0.518282988871,1.87867287326,0.863174022847,0.470588235294,0.786197569093,0.41766745858,2.25,1.88235294118,0.786197569093,2.25,0.166339869281,0.0612244897959,3,0.00441176470588,0.185952380952,17,17,17,1,0,0.352941176471,0.411764705882,0.235294117647,17,0.128676470588,1.90196078431,4.11764705882,3.18181818182,2.69230769231,1.57648156274,0.382859808093,0.201680672269,2.01465221053,0.978545359402,0.524369747899,1.74894926439,0.849489642704,0.463865546218,0.814492905316,0.428238537847,2.33333333333,1.90196078431,0.814492905316,2.33333333333,0,0,0,0,0.164242424242,17,17,17,1,0,0.352941176471,0.411764705882,0.235294117647,17,37,0.136029411765,1.88235294118,4.35294117647,3.36363636364,2.84615384615,1.69341284359,0.389027274878,0.193958664547,2.09866904602,0.964253345467,0.518282988871,1.87867287326,0.863174022847,0.470588235294,0.786197569093,0.41766745858,2.25,1.88235294118,0.786197569093,2.25,0.166339869281,0.0612244897959,3,0.00441176470588,0.185952380952,17,17,17,1,0,0.352941176471,0.411764705882,0.235294117647,0,0,0,0,0,0,0,0,0,0,0,0,0,0,0,0,0,0,0,0,0,0,0,0,0,0,0,0,0,37,0,0,235,1,1,0,0,1,1,1,1,1,1,2,2,0,0,0,0
1872,WLNM_dir_neg,1,0.5,00:00:01,10,50,8,1983614881,threshold_sweep,0.9,1,1,1,2,0,0,4,1,1,0,0,1,1,1,1,0.555555555556,1,1,1,37,35,2,0,37,0,35,0,2,17,37,0.136029411765,1.88235294118,4.35294117647,3.36363636364,2.84615384615,1.69341284359,0.389027274878,0.193958664547,2.09866904602,0.964253345467,0.518282988871,1.87867287326,0.863174022847,0.470588235294,0.786197569093,0.41766745858,2.25,1.88235294118,0.786197569093,2.25,0.166339869281,0.0612244897959,3,0.00441176470588,0.185952380952,17,17,17,1,0,0.352941176471,0.411764705882,0.235294117647,17,0.128676470588,1.90196078431,4.11764705882,3.18181818182,2.69230769231,1.57648156274,0.382859808093,0.201680672269,2.01465221053,0.978545359402,0.524369747899,1.74894926439,0.849489642704,0.463865546218,0.814492905316,0.428238537847,2.33333333333,1.90196078431,0.814492905316,2.33333333333,0,0,0,0,0.164242424242,17,17,17,1,0,0.352941176471,0.411764705882,0.235294117647,17,37,0.136029411765,1.88235294118,4.35294117647,3.36363636364,2.84615384615,1.69341284359,0.389027274878,0.193958664547,2.09866904602,0.964253345467,0.518282988871,1.87867287326,0.863174022847,0.470588235294,0.786197569093,0.41766745858,2.25,1.88235294118,0.786197569093,2.25,0.166339869281,0.0612244897959,3,0.00441176470588,0.185952380952,17,17,17,1,0,0.352941176471,0.411764705882,0.235294117647,0,0,0,0,0,0,0,0,0,0,0,0,0,0,0,0,0,0,0,0,0,0,0,0,0,0,0,0,0,37,0,0,235,1,1,0,0,1,1,1,1,1,1,2,2,0,0,0,0
1873,WLNM_dir_neg,0.875,0.291666666667,00:00:03,10,50,9,1983614882,threshold_sweep,0.1,0.666666666667,1,0.8,2,1,0,3,1,0.75,0.25,0,0.666666666667,1,0.8,0.833333333333,0.5,0.666666666667,0.707106781187,0.75,37,35,2,0,37,0,35,0,2,17,37,0.136029411765,1.88235294118,4.35294117647,3.36363636364,2.84615384615,1.69341284359,0.389027274878,0.193958664547,2.09866904602,0.964253345467,0.518282988871,1.87867287326,0.863174022847,0.470588235294,0.786197569093,0.41766745858,2.25,1.88235294118,0.786197569093,2.25,0.166339869281,0.0612244897959,3,0.00441176470588,0.185952380952,17,17,17,1,0,0.352941176471,0.411764705882,0.235294117647,17,0.128676470588,1.90196078431,4.11764705882,3.18181818182,2.69230769231,1.57648156274,0.382859808093,0.201680672269,2.01465221053,0.978545359402,0.524369747899,1.74894926439,0.849489642704,0.463865546218,0.814492905316,0.428238537847,2.33333333333,1.90196078431,0.814492905316,2.33333333333,0,0,0,0,0.164242424242,17,17,17,1,0,0.352941176471,0.411764705882,0.235294117647,17,38,0.139705882353,2.13617647059,4.47058823529,3.16666666667,2.92307692308,1.69991349261,0.380243807557,0.19040247678,2.04723630062,0.915868871331,0.495356037152,1.92124346989,0.859503657582,0.467492260062,0.898017833571,0.420385602938,2.5,2.13617647059,0.898017833571,2.5,0.180065359477,0.0774193548387,4,0.00588235294118,0.164051226551,17,17,17,1,0,0.294117647059,0.470588235294,0.235294117647,1,0.00367647058824,0.253823529412,0.117647058824,-0.19696969697,0.0769230769231,0.00650064902221,-0.00878346732077,-0.00355618776671,-0.0514327453931,-0.0483844741355,-0.0229269517195,0.0425705966328,-0.00367036526551,-0.0030959752322,0.111820264479,0.002718144358,0.25,0.253823529412,0.111820264479,0.25,0.0137254901961,0.0161948650428,1,0.00147058823529,-0.0219011544012,-0.0588235294118,0.0588235294118,0,37,1,0,234,1,0.995744680851,0.00425531914894,0,0.973684210526,1,0.986666666667,0.984652666406,0.995744680851,0.973684210526,3,2,0,0,0,0
1874,WLNM_dir_neg,0.875,0.291666666667,00:00:03,10,50,9,1983614882,threshold_sweep,0.2,0.666666666667,1,0.8,2,1,0,3,1,0.75,0.25,0,0.666666666667,1,0.8,0.833333333333,0.5,0.666666666667,0.707106781187,0.75,37,35,2,0,37,0,35,0,2,17,37,0.136029411765,1.88235294118,4.35294117647,3.36363636364,2.84615384615,1.69341284359,0.389027274878,0.193958664547,2.09866904602,0.964253345467,0.518282988871,1.87867287326,0.863174022847,0.470588235294,0.786197569093,0.41766745858,2.25,1.88235294118,0.786197569093,2.25,0.166339869281,0.0612244897959,3,0.00441176470588,0.185952380952,17,17,17,1,0,0.352941176471,0.411764705882,0.235294117647,17,0.128676470588,1.90196078431,4.11764705882,3.18181818182,2.69230769231,1.57648156274,0.382859808093,0.201680672269,2.01465221053,0.978545359402,0.524369747899,1.74894926439,0.849489642704,0.463865546218,0.814492905316,0.428238537847,2.33333333333,1.90196078431,0.814492905316,2.33333333333,0,0,0,0,0.164242424242,17,17,17,1,0,0.352941176471,0.411764705882,0.235294117647,17,38,0.139705882353,2.13617647059,4.47058823529,3.16666666667,2.92307692308,1.69991349261,0.380243807557,0.19040247678,2.04723630062,0.915868871331,0.495356037152,1.92124346989,0.859503657582,0.467492260062,0.898017833571,0.420385602938,2.5,2.13617647059,0.898017833571,2.5,0.180065359477,0.0774193548387,4,0.00588235294118,0.164051226551,17,17,17,1,0,0.294117647059,0.470588235294,0.235294117647,1,0.00367647058824,0.253823529412,0.117647058824,-0.19696969697,0.0769230769231,0.00650064902221,-0.00878346732077,-0.00355618776671,-0.0514327453931,-0.0483844741355,-0.0229269517195,0.0425705966328,-0.00367036526551,-0.0030959752322,0.111820264479,0.002718144358,0.25,0.253823529412,0.111820264479,0.25,0.0137254901961,0.0161948650428,1,0.00147058823529,-0.0219011544012,-0.0588235294118,0.0588235294118,0,37,1,0,234,1,0.995744680851,0.00425531914894,0,0.973684210526,1,0.986666666667,0.984652666406,0.995744680851,0.973684210526,3,2,0,0,0,0
1875,WLNM_dir_neg,0.875,0.291666666667,00:00:03,10,50,9,1983614882,threshold_sweep,0.3,0.666666666667,1,0.8,2,1,0,3,1,0.75,0.25,0,0.666666666667,1,0.8,0.833333333333,0.5,0.666666666667,0.707106781187,0.75,37,35,2,0,37,0,35,0,2,17,37,0.136029411765,1.88235294118,4.35294117647,3.36363636364,2.84615384615,1.69341284359,0.389027274878,0.193958664547,2.09866904602,0.964253345467,0.518282988871,1.87867287326,0.863174022847,0.470588235294,0.786197569093,0.41766745858,2.25,1.88235294118,0.786197569093,2.25,0.166339869281,0.0612244897959,3,0.00441176470588,0.185952380952,17,17,17,1,0,0.352941176471,0.411764705882,0.235294117647,17,0.128676470588,1.90196078431,4.11764705882,3.18181818182,2.69230769231,1.57648156274,0.382859808093,0.201680672269,2.01465221053,0.978545359402,0.524369747899,1.74894926439,0.849489642704,0.463865546218,0.814492905316,0.428238537847,2.33333333333,1.90196078431,0.814492905316,2.33333333333,0,0,0,0,0.164242424242,17,17,17,1,0,0.352941176471,0.411764705882,0.235294117647,17,38,0.139705882353,2.13617647059,4.47058823529,3.16666666667,2.92307692308,1.69991349261,0.380243807557,0.19040247678,2.04723630062,0.915868871331,0.495356037152,1.92124346989,0.859503657582,0.467492260062,0.898017833571,0.420385602938,2.5,2.13617647059,0.898017833571,2.5,0.180065359477,0.0774193548387,4,0.00588235294118,0.164051226551,17,17,17,1,0,0.294117647059,0.470588235294,0.235294117647,1,0.00367647058824,0.253823529412,0.117647058824,-0.19696969697,0.0769230769231,0.00650064902221,-0.00878346732077,-0.00355618776671,-0.0514327453931,-0.0483844741355,-0.0229269517195,0.0425705966328,-0.00367036526551,-0.0030959752322,0.111820264479,0.002718144358,0.25,0.253823529412,0.111820264479,0.25,0.0137254901961,0.0161948650428,1,0.00147058823529,-0.0219011544012,-0.0588235294118,0.0588235294118,0,37,1,0,234,1,0.995744680851,0.00425531914894,0,0.973684210526,1,0.986666666667,0.984652666406,0.995744680851,0.973684210526,3,2,0,0,0,0
1876,WLNM_dir_neg,0.875,0.291666666667,00:00:03,10,50,9,1983614882,threshold_sweep,0.4,0.666666666667,1,0.8,2,1,0,3,1,0.75,0.25,0,0.666666666667,1,0.8,0.833333333333,0.5,0.666666666667,0.707106781187,0.75,37,35,2,0,37,0,35,0,2,17,37,0.136029411765,1.88235294118,4.35294117647,3.36363636364,2.84615384615,1.69341284359,0.389027274878,0.193958664547,2.09866904602,0.964253345467,0.518282988871,1.87867287326,0.863174022847,0.470588235294,0.786197569093,0.41766745858,2.25,1.88235294118,0.786197569093,2.25,0.166339869281,0.0612244897959,3,0.00441176470588,0.185952380952,17,17,17,1,0,0.352941176471,0.411764705882,0.235294117647,17,0.128676470588,1.90196078431,4.11764705882,3.18181818182,2.69230769231,1.57648156274,0.382859808093,0.201680672269,2.01465221053,0.978545359402,0.524369747899,1.74894926439,0.849489642704,0.463865546218,0.814492905316,0.428238537847,2.33333333333,1.90196078431,0.814492905316,2.33333333333,0,0,0,0,0.164242424242,17,17,17,1,0,0.352941176471,0.411764705882,0.235294117647,17,38,0.139705882353,2.13617647059,4.47058823529,3.16666666667,2.92307692308,1.69991349261,0.380243807557,0.19040247678,2.04723630062,0.915868871331,0.495356037152,1.92124346989,0.859503657582,0.467492260062,0.898017833571,0.420385602938,2.5,2.13617647059,0.898017833571,2.5,0.180065359477,0.0774193548387,4,0.00588235294118,0.164051226551,17,17,17,1,0,0.294117647059,0.470588235294,0.235294117647,1,0.00367647058824,0.253823529412,0.117647058824,-0.19696969697,0.0769230769231,0.00650064902221,-0.00878346732077,-0.00355618776671,-0.0514327453931,-0.0483844741355,-0.0229269517195,0.0425705966328,-0.00367036526551,-0.0030959752322,0.111820264479,0.002718144358,0.25,0.253823529412,0.111820264479,0.25,0.0137254901961,0.0161948650428,1,0.00147058823529,-0.0219011544012,-0.0588235294118,0.0588235294118,0,37,1,0,234,1,0.995744680851,0.00425531914894,0,0.973684210526,1,0.986666666667,0.984652666406,0.995744680851,0.973684210526,3,2,0,0,0,0
1877,WLNM_dir_neg,0.875,0.291666666667,00:00:03,10,50,9,1983614882,threshold_sweep,0.5,0.666666666667,1,0.8,2,1,0,3,1,0.75,0.25,0,0.666666666667,1,0.8,0.833333333333,0.5,0.666666666667,0.707106781187,0.75,37,35,2,0,37,0,35,0,2,17,37,0.136029411765,1.88235294118,4.35294117647,3.36363636364,2.84615384615,1.69341284359,0.389027274878,0.193958664547,2.09866904602,0.964253345467,0.518282988871,1.87867287326,0.863174022847,0.470588235294,0.786197569093,0.41766745858,2.25,1.88235294118,0.786197569093,2.25,0.166339869281,0.0612244897959,3,0.00441176470588,0.185952380952,17,17,17,1,0,0.352941176471,0.411764705882,0.235294117647,17,0.128676470588,1.90196078431,4.11764705882,3.18181818182,2.69230769231,1.57648156274,0.382859808093,0.201680672269,2.01465221053,0.978545359402,0.524369747899,1.74894926439,0.849489642704,0.463865546218,0.814492905316,0.428238537847,2.33333333333,1.90196078431,0.814492905316,2.33333333333,0,0,0,0,0.164242424242,17,17,17,1,0,0.352941176471,0.411764705882,0.235294117647,17,38,0.139705882353,2.13617647059,4.47058823529,3.16666666667,2.92307692308,1.69991349261,0.380243807557,0.19040247678,2.04723630062,0.915868871331,0.495356037152,1.92124346989,0.859503657582,0.467492260062,0.898017833571,0.420385602938,2.5,2.13617647059,0.898017833571,2.5,0.180065359477,0.0774193548387,4,0.00588235294118,0.164051226551,17,17,17,1,0,0.294117647059,0.470588235294,0.235294117647,1,0.00367647058824,0.253823529412,0.117647058824,-0.19696969697,0.0769230769231,0.00650064902221,-0.00878346732077,-0.00355618776671,-0.0514327453931,-0.0483844741355,-0.0229269517195,0.0425705966328,-0.00367036526551,-0.0030959752322,0.111820264479,0.002718144358,0.25,0.253823529412,0.111820264479,0.25,0.0137254901961,0.0161948650428,1,0.00147058823529,-0.0219011544012,-0.0588235294118,0.0588235294118,0,37,1,0,234,1,0.995744680851,0.00425531914894,0,0.973684210526,1,0.986666666667,0.984652666406,0.995744680851,0.973684210526,3,2,0,0,0,0
1878,WLNM_dir_neg,0.875,0.291666666667,00:00:03,10,50,9,1983614882,threshold_sweep,0.6,0.666666666667,1,0.8,2,1,0,3,1,0.75,0.25,0,0.666666666667,1,0.8,0.833333333333,0.5,0.666666666667,0.707106781187,0.75,37,35,2,0,37,0,35,0,2,17,37,0.136029411765,1.88235294118,4.35294117647,3.36363636364,2.84615384615,1.69341284359,0.389027274878,0.193958664547,2.09866904602,0.964253345467,0.518282988871,1.87867287326,0.863174022847,0.470588235294,0.786197569093,0.41766745858,2.25,1.88235294118,0.786197569093,2.25,0.166339869281,0.0612244897959,3,0.00441176470588,0.185952380952,17,17,17,1,0,0.352941176471,0.411764705882,0.235294117647,17,0.128676470588,1.90196078431,4.11764705882,3.18181818182,2.69230769231,1.57648156274,0.382859808093,0.201680672269,2.01465221053,0.978545359402,0.524369747899,1.74894926439,0.849489642704,0.463865546218,0.814492905316,0.428238537847,2.33333333333,1.90196078431,0.814492905316,2.33333333333,0,0,0,0,0.164242424242,17,17,17,1,0,0.352941176471,0.411764705882,0.235294117647,17,38,0.139705882353,2.13617647059,4.47058823529,3.16666666667,2.92307692308,1.69991349261,0.380243807557,0.19040247678,2.04723630062,0.915868871331,0.495356037152,1.92124346989,0.859503657582,0.467492260062,0.898017833571,0.420385602938,2.5,2.13617647059,0.898017833571,2.5,0.180065359477,0.0774193548387,4,0.00588235294118,0.164051226551,17,17,17,1,0,0.294117647059,0.470588235294,0.235294117647,1,0.00367647058824,0.253823529412,0.117647058824,-0.19696969697,0.0769230769231,0.00650064902221,-0.00878346732077,-0.00355618776671,-0.0514327453931,-0.0483844741355,-0.0229269517195,0.0425705966328,-0.00367036526551,-0.0030959752322,0.111820264479,0.002718144358,0.25,0.253823529412,0.111820264479,0.25,0.0137254901961,0.0161948650428,1,0.00147058823529,-0.0219011544012,-0.0588235294118,0.0588235294118,0,37,1,0,234,1,0.995744680851,0.00425531914894,0,0.973684210526,1,0.986666666667,0.984652666406,0.995744680851,0.973684210526,3,2,0,0,0,0
1879,WLNM_dir_neg,0.875,0.291666666667,00:00:03,10,50,9,1983614882,threshold_sweep,0.7,0.666666666667,1,0.8,2,1,0,3,1,0.75,0.25,0,0.666666666667,1,0.8,0.833333333333,0.5,0.666666666667,0.707106781187,0.75,37,35,2,0,37,0,35,0,2,17,37,0.136029411765,1.88235294118,4.35294117647,3.36363636364,2.84615384615,1.69341284359,0.389027274878,0.193958664547,2.09866904602,0.964253345467,0.518282988871,1.87867287326,0.863174022847,0.470588235294,0.786197569093,0.41766745858,2.25,1.88235294118,0.786197569093,2.25,0.166339869281,0.0612244897959,3,0.00441176470588,0.185952380952,17,17,17,1,0,0.352941176471,0.411764705882,0.235294117647,17,0.128676470588,1.90196078431,4.11764705882,3.18181818182,2.69230769231,1.57648156274,0.382859808093,0.201680672269,2.01465221053,0.978545359402,0.524369747899,1.74894926439,0.849489642704,0.463865546218,0.814492905316,0.428238537847,2.33333333333,1.90196078431,0.814492905316,2.33333333333,0,0,0,0,0.164242424242,17,17,17,1,0,0.352941176471,0.411764705882,0.235294117647,17,38,0.139705882353,2.13617647059,4.47058823529,3.16666666667,2.92307692308,1.69991349261,0.380243807557,0.19040247678,2.04723630062,0.915868871331,0.495356037152,1.92124346989,0.859503657582,0.467492260062,0.898017833571,0.420385602938,2.5,2.13617647059,0.898017833571,2.5,0.180065359477,0.0774193548387,4,0.00588235294118,0.164051226551,17,17,17,1,0,0.294117647059,0.470588235294,0.235294117647,1,0.00367647058824,0.253823529412,0.117647058824,-0.19696969697,0.0769230769231,0.00650064902221,-0.00878346732077,-0.00355618776671,-0.0514327453931,-0.0483844741355,-0.0229269517195,0.0425705966328,-0.00367036526551,-0.0030959752322,0.111820264479,0.002718144358,0.25,0.253823529412,0.111820264479,0.25,0.0137254901961,0.0161948650428,1,0.00147058823529,-0.0219011544012,-0.0588235294118,0.0588235294118,0,37,1,0,234,1,0.995744680851,0.00425531914894,0,0.973684210526,1,0.986666666667,0.984652666406,0.995744680851,0.973684210526,3,2,0,0,0,0
1880,WLNM_dir_neg,0.875,0.291666666667,00:00:03,10,50,9,1983614882,threshold_sweep,0.8,0.666666666667,1,0.8,2,1,0,3,1,0.75,0.25,0,0.666666666667,1,0.8,0.833333333333,0.5,0.666666666667,0.707106781187,0.75,37,35,2,0,37,0,35,0,2,17,37,0.136029411765,1.88235294118,4.35294117647,3.36363636364,2.84615384615,1.69341284359,0.389027274878,0.193958664547,2.09866904602,0.964253345467,0.518282988871,1.87867287326,0.863174022847,0.470588235294,0.786197569093,0.41766745858,2.25,1.88235294118,0.786197569093,2.25,0.166339869281,0.0612244897959,3,0.00441176470588,0.185952380952,17,17,17,1,0,0.352941176471,0.411764705882,0.235294117647,17,0.128676470588,1.90196078431,4.11764705882,3.18181818182,2.69230769231,1.57648156274,0.382859808093,0.201680672269,2.01465221053,0.978545359402,0.524369747899,1.74894926439,0.849489642704,0.463865546218,0.814492905316,0.428238537847,2.33333333333,1.90196078431,0.814492905316,2.33333333333,0,0,0,0,0.164242424242,17,17,17,1,0,0.352941176471,0.411764705882,0.235294117647,17,38,0.139705882353,2.13617647059,4.47058823529,3.16666666667,2.92307692308,1.69991349261,0.380243807557,0.19040247678,2.04723630062,0.915868871331,0.495356037152,1.92124346989,0.859503657582,0.467492260062,0.898017833571,0.420385602938,2.5,2.13617647059,0.898017833571,2.5,0.180065359477,0.0774193548387,4,0.00588235294118,0.164051226551,17,17,17,1,0,0.294117647059,0.470588235294,0.235294117647,1,0.00367647058824,0.253823529412,0.117647058824,-0.19696969697,0.0769230769231,0.00650064902221,-0.00878346732077,-0.00355618776671,-0.0514327453931,-0.0483844741355,-0.0229269517195,0.0425705966328,-0.00367036526551,-0.0030959752322,0.111820264479,0.002718144358,0.25,0.253823529412,0.111820264479,0.25,0.0137254901961,0.0161948650428,1,0.00147058823529,-0.0219011544012,-0.0588235294118,0.0588235294118,0,37,1,0,234,1,0.995744680851,0.00425531914894,0,0.973684210526,1,0.986666666667,0.984652666406,0.995744680851,0.973684210526,3,2,0,0,0,0
1881,WLNM_dir_neg,0.875,0.291666666667,00:00:03,10,50,9,1983614882,threshold_sweep,0.9,0.666666666667,1,0.8,2,1,0,3,1,0.75,0.25,0,0.666666666667,1,0.8,0.833333333333,0.5,0.666666666667,0.707106781187,0.75,37,35,2,0,37,0,35,0,2,17,37,0.136029411765,1.88235294118,4.35294117647,3.36363636364,2.84615384615,1.69341284359,0.389027274878,0.193958664547,2.09866904602,0.964253345467,0.518282988871,1.87867287326,0.863174022847,0.470588235294,0.786197569093,0.41766745858,2.25,1.88235294118,0.786197569093,2.25,0.166339869281,0.0612244897959,3,0.00441176470588,0.185952380952,17,17,17,1,0,0.352941176471,0.411764705882,0.235294117647,17,0.128676470588,1.90196078431,4.11764705882,3.18181818182,2.69230769231,1.57648156274,0.382859808093,0.201680672269,2.01465221053,0.978545359402,0.524369747899,1.74894926439,0.849489642704,0.463865546218,0.814492905316,0.428238537847,2.33333333333,1.90196078431,0.814492905316,2.33333333333,0,0,0,0,0.164242424242,17,17,17,1,0,0.352941176471,0.411764705882,0.235294117647,17,38,0.139705882353,2.13617647059,4.47058823529,3.16666666667,2.92307692308,1.69991349261,0.380243807557,0.19040247678,2.04723630062,0.915868871331,0.495356037152,1.92124346989,0.859503657582,0.467492260062,0.898017833571,0.420385602938,2.5,2.13617647059,0.898017833571,2.5,0.180065359477,0.0774193548387,4,0.00588235294118,0.164051226551,17,17,17,1,0,0.294117647059,0.470588235294,0.235294117647,1,0.00367647058824,0.253823529412,0.117647058824,-0.19696969697,0.0769230769231,0.00650064902221,-0.00878346732077,-0.00355618776671,-0.0514327453931,-0.0483844741355,-0.0229269517195,0.0425705966328,-0.00367036526551,-0.0030959752322,0.111820264479,0.002718144358,0.25,0.253823529412,0.111820264479,0.25,0.0137254901961,0.0161948650428,1,0.00147058823529,-0.0219011544012,-0.0588235294118,0.0588235294118,0,37,1,0,234,1,0.995744680851,0.00425531914894,0,0.973684210526,1,0.986666666667,0.984652666406,0.995744680851,0.973684210526,3,2,0,0,0,0
1882,WLNM_dir_neg,1,0.5,00:00:02,10,50,10,1983614883,threshold_sweep,0.1,1,1,1,2,0,0,4,1,1,0,0,1,1,1,1,0.555555555556,1,1,1,37,35,2,0,37,0,35,0,2,17,37,0.136029411765,1.88235294118,4.35294117647,3.36363636364,2.84615384615,1.69341284359,0.389027274878,0.193958664547,2.09866904602,0.964253345467,0.518282988871,1.87867287326,0.863174022847,0.470588235294,0.786197569093,0.41766745858,2.25,1.88235294118,0.786197569093,2.25,0.166339869281,0.0612244897959,3,0.00441176470588,0.185952380952,17,17,17,1,0,0.352941176471,0.411764705882,0.235294117647,17,0.128676470588,1.90196078431,4.11764705882,3.18181818182,2.69230769231,1.57648156274,0.382859808093,0.201680672269,2.01465221053,0.978545359402,0.524369747899,1.74894926439,0.849489642704,0.463865546218,0.814492905316,0.428238537847,2.33333333333,1.90196078431,0.814492905316,2.33333333333,0,0,0,0,0.164242424242,17,17,17,1,0,0.352941176471,0.411764705882,0.235294117647,17,37,0.136029411765,1.88235294118,4.35294117647,3.36363636364,2.84615384615,1.69341284359,0.389027274878,0.193958664547,2.09866904602,0.964253345467,0.518282988871,1.87867287326,0.863174022847,0.470588235294,0.786197569093,0.41766745858,2.25,1.88235294118,0.786197569093,2.25,0.166339869281,0.0612244897959,3,0.00441176470588,0.185952380952,17,17,17,1,0,0.352941176471,0.411764705882,0.235294117647,0,0,0,0,0,0,0,0,0,0,0,0,0,0,0,0,0,0,0,0,0,0,0,0,0,0,0,0,0,37,0,0,235,1,1,0,0,1,1,1,1,1,1,2,2,0,0,0,0
1883,WLNM_dir_neg,1,0.5,00:00:02,10,50,10,1983614883,threshold_sweep,0.2,1,1,1,2,0,0,4,1,1,0,0,1,1,1,1,0.555555555556,1,1,1,37,35,2,0,37,0,35,0,2,17,37,0.136029411765,1.88235294118,4.35294117647,3.36363636364,2.84615384615,1.69341284359,0.389027274878,0.193958664547,2.09866904602,0.964253345467,0.518282988871,1.87867287326,0.863174022847,0.470588235294,0.786197569093,0.41766745858,2.25,1.88235294118,0.786197569093,2.25,0.166339869281,0.0612244897959,3,0.00441176470588,0.185952380952,17,17,17,1,0,0.352941176471,0.411764705882,0.235294117647,17,0.128676470588,1.90196078431,4.11764705882,3.18181818182,2.69230769231,1.57648156274,0.382859808093,0.201680672269,2.01465221053,0.978545359402,0.524369747899,1.74894926439,0.849489642704,0.463865546218,0.814492905316,0.428238537847,2.33333333333,1.90196078431,0.814492905316,2.33333333333,0,0,0,0,0.164242424242,17,17,17,1,0,0.352941176471,0.411764705882,0.235294117647,17,37,0.136029411765,1.88235294118,4.35294117647,3.36363636364,2.84615384615,1.69341284359,0.389027274878,0.193958664547,2.09866904602,0.964253345467,0.518282988871,1.87867287326,0.863174022847,0.470588235294,0.786197569093,0.41766745858,2.25,1.88235294118,0.786197569093,2.25,0.166339869281,0.0612244897959,3,0.00441176470588,0.185952380952,17,17,17,1,0,0.352941176471,0.411764705882,0.235294117647,0,0,0,0,0,0,0,0,0,0,0,0,0,0,0,0,0,0,0,0,0,0,0,0,0,0,0,0,0,37,0,0,235,1,1,0,0,1,1,1,1,1,1,2,2,0,0,0,0
1884,WLNM_dir_neg,1,0.5,00:00:02,10,50,10,1983614883,threshold_sweep,0.3,1,1,1,2,0,0,4,1,1,0,0,1,1,1,1,0.555555555556,1,1,1,37,35,2,0,37,0,35,0,2,17,37,0.136029411765,1.88235294118,4.35294117647,3.36363636364,2.84615384615,1.69341284359,0.389027274878,0.193958664547,2.09866904602,0.964253345467,0.518282988871,1.87867287326,0.863174022847,0.470588235294,0.786197569093,0.41766745858,2.25,1.88235294118,0.786197569093,2.25,0.166339869281,0.0612244897959,3,0.00441176470588,0.185952380952,17,17,17,1,0,0.352941176471,0.411764705882,0.235294117647,17,0.128676470588,1.90196078431,4.11764705882,3.18181818182,2.69230769231,1.57648156274,0.382859808093,0.201680672269,2.01465221053,0.978545359402,0.524369747899,1.74894926439,0.849489642704,0.463865546218,0.814492905316,0.428238537847,2.33333333333,1.90196078431,0.814492905316,2.33333333333,0,0,0,0,0.164242424242,17,17,17,1,0,0.352941176471,0.411764705882,0.235294117647,17,37,0.136029411765,1.88235294118,4.35294117647,3.36363636364,2.84615384615,1.69341284359,0.389027274878,0.193958664547,2.09866904602,0.964253345467,0.518282988871,1.87867287326,0.863174022847,0.470588235294,0.786197569093,0.41766745858,2.25,1.88235294118,0.786197569093,2.25,0.166339869281,0.0612244897959,3,0.00441176470588,0.185952380952,17,17,17,1,0,0.352941176471,0.411764705882,0.235294117647,0,0,0,0,0,0,0,0,0,0,0,0,0,0,0,0,0,0,0,0,0,0,0,0,0,0,0,0,0,37,0,0,235,1,1,0,0,1,1,1,1,1,1,2,2,0,0,0,0
1885,WLNM_dir_neg,1,0.5,00:00:02,10,50,10,1983614883,threshold_sweep,0.4,1,1,1,2,0,0,4,1,1,0,0,1,1,1,1,0.555555555556,1,1,1,37,35,2,0,37,0,35,0,2,17,37,0.136029411765,1.88235294118,4.35294117647,3.36363636364,2.84615384615,1.69341284359,0.389027274878,0.193958664547,2.09866904602,0.964253345467,0.518282988871,1.87867287326,0.863174022847,0.470588235294,0.786197569093,0.41766745858,2.25,1.88235294118,0.786197569093,2.25,0.166339869281,0.0612244897959,3,0.00441176470588,0.185952380952,17,17,17,1,0,0.352941176471,0.411764705882,0.235294117647,17,0.128676470588,1.90196078431,4.11764705882,3.18181818182,2.69230769231,1.57648156274,0.382859808093,0.201680672269,2.01465221053,0.978545359402,0.524369747899,1.74894926439,0.849489642704,0.463865546218,0.814492905316,0.428238537847,2.33333333333,1.90196078431,0.814492905316,2.33333333333,0,0,0,0,0.164242424242,17,17,17,1,0,0.352941176471,0.411764705882,0.235294117647,17,37,0.136029411765,1.88235294118,4.35294117647,3.36363636364,2.84615384615,1.69341284359,0.389027274878,0.193958664547,2.09866904602,0.964253345467,0.518282988871,1.87867287326,0.863174022847,0.470588235294,0.786197569093,0.41766745858,2.25,1.88235294118,0.786197569093,2.25,0.166339869281,0.0612244897959,3,0.00441176470588,0.185952380952,17,17,17,1,0,0.352941176471,0.411764705882,0.235294117647,0,0,0,0,0,0,0,0,0,0,0,0,0,0,0,0,0,0,0,0,0,0,0,0,0,0,0,0,0,37,0,0,235,1,1,0,0,1,1,1,1,1,1,2,2,0,0,0,0
1886,WLNM_dir_neg,1,0.5,00:00:02,10,50,10,1983614883,threshold_sweep,0.5,1,1,1,2,0,0,4,1,1,0,0,1,1,1,1,0.555555555556,1,1,1,37,35,2,0,37,0,35,0,2,17,37,0.136029411765,1.88235294118,4.35294117647,3.36363636364,2.84615384615,1.69341284359,0.389027274878,0.193958664547,2.09866904602,0.964253345467,0.518282988871,1.87867287326,0.863174022847,0.470588235294,0.786197569093,0.41766745858,2.25,1.88235294118,0.786197569093,2.25,0.166339869281,0.0612244897959,3,0.00441176470588,0.185952380952,17,17,17,1,0,0.352941176471,0.411764705882,0.235294117647,17,0.128676470588,1.90196078431,4.11764705882,3.18181818182,2.69230769231,1.57648156274,0.382859808093,0.201680672269,2.01465221053,0.978545359402,0.524369747899,1.74894926439,0.849489642704,0.463865546218,0.814492905316,0.428238537847,2.33333333333,1.90196078431,0.814492905316,2.33333333333,0,0,0,0,0.164242424242,17,17,17,1,0,0.352941176471,0.411764705882,0.235294117647,17,37,0.136029411765,1.88235294118,4.35294117647,3.36363636364,2.84615384615,1.69341284359,0.389027274878,0.193958664547,2.09866904602,0.964253345467,0.518282988871,1.87867287326,0.863174022847,0.470588235294,0.786197569093,0.41766745858,2.25,1.88235294118,0.786197569093,2.25,0.166339869281,0.0612244897959,3,0.00441176470588,0.185952380952,17,17,17,1,0,0.352941176471,0.411764705882,0.235294117647,0,0,0,0,0,0,0,0,0,0,0,0,0,0,0,0,0,0,0,0,0,0,0,0,0,0,0,0,0,37,0,0,235,1,1,0,0,1,1,1,1,1,1,2,2,0,0,0,0
1887,WLNM_dir_neg,1,0.5,00:00:02,10,50,10,1983614883,threshold_sweep,0.6,1,1,1,2,0,0,4,1,1,0,0,1,1,1,1,0.555555555556,1,1,1,37,35,2,0,37,0,35,0,2,17,37,0.136029411765,1.88235294118,4.35294117647,3.36363636364,2.84615384615,1.69341284359,0.389027274878,0.193958664547,2.09866904602,0.964253345467,0.518282988871,1.87867287326,0.863174022847,0.470588235294,0.786197569093,0.41766745858,2.25,1.88235294118,0.786197569093,2.25,0.166339869281,0.0612244897959,3,0.00441176470588,0.185952380952,17,17,17,1,0,0.352941176471,0.411764705882,0.235294117647,17,0.128676470588,1.90196078431,4.11764705882,3.18181818182,2.69230769231,1.57648156274,0.382859808093,0.201680672269,2.01465221053,0.978545359402,0.524369747899,1.74894926439,0.849489642704,0.463865546218,0.814492905316,0.428238537847,2.33333333333,1.90196078431,0.814492905316,2.33333333333,0,0,0,0,0.164242424242,17,17,17,1,0,0.352941176471,0.411764705882,0.235294117647,17,37,0.136029411765,1.88235294118,4.35294117647,3.36363636364,2.84615384615,1.69341284359,0.389027274878,0.193958664547,2.09866904602,0.964253345467,0.518282988871,1.87867287326,0.863174022847,0.470588235294,0.786197569093,0.41766745858,2.25,1.88235294118,0.786197569093,2.25,0.166339869281,0.0612244897959,3,0.00441176470588,0.185952380952,17,17,17,1,0,0.352941176471,0.411764705882,0.235294117647,0,0,0,0,0,0,0,0,0,0,0,0,0,0,0,0,0,0,0,0,0,0,0,0,0,0,0,0,0,37,0,0,235,1,1,0,0,1,1,1,1,1,1,2,2,0,0,0,0
1888,WLNM_dir_neg,1,0.5,00:00:02,10,50,10,1983614883,threshold_sweep,0.7,1,1,1,2,0,0,4,1,1,0,0,1,1,1,1,0.555555555556,1,1,1,37,35,2,0,37,0,35,0,2,17,37,0.136029411765,1.88235294118,4.35294117647,3.36363636364,2.84615384615,1.69341284359,0.389027274878,0.193958664547,2.09866904602,0.964253345467,0.518282988871,1.87867287326,0.863174022847,0.470588235294,0.786197569093,0.41766745858,2.25,1.88235294118,0.786197569093,2.25,0.166339869281,0.0612244897959,3,0.00441176470588,0.185952380952,17,17,17,1,0,0.352941176471,0.411764705882,0.235294117647,17,0.128676470588,1.90196078431,4.11764705882,3.18181818182,2.69230769231,1.57648156274,0.382859808093,0.201680672269,2.01465221053,0.978545359402,0.524369747899,1.74894926439,0.849489642704,0.463865546218,0.814492905316,0.428238537847,2.33333333333,1.90196078431,0.814492905316,2.33333333333,0,0,0,0,0.164242424242,17,17,17,1,0,0.352941176471,0.411764705882,0.235294117647,17,37,0.136029411765,1.88235294118,4.35294117647,3.36363636364,2.84615384615,1.69341284359,0.389027274878,0.193958664547,2.09866904602,0.964253345467,0.518282988871,1.87867287326,0.863174022847,0.470588235294,0.786197569093,0.41766745858,2.25,1.88235294118,0.786197569093,2.25,0.166339869281,0.0612244897959,3,0.00441176470588,0.185952380952,17,17,17,1,0,0.352941176471,0.411764705882,0.235294117647,0,0,0,0,0,0,0,0,0,0,0,0,0,0,0,0,0,0,0,0,0,0,0,0,0,0,0,0,0,37,0,0,235,1,1,0,0,1,1,1,1,1,1,2,2,0,0,0,0
1889,WLNM_dir_neg,1,0.5,00:00:02,10,50,10,1983614883,threshold_sweep,0.8,1,1,1,2,0,0,4,1,1,0,0,1,1,1,1,0.555555555556,1,1,1,37,35,2,0,37,0,35,0,2,17,37,0.136029411765,1.88235294118,4.35294117647,3.36363636364,2.84615384615,1.69341284359,0.389027274878,0.193958664547,2.09866904602,0.964253345467,0.518282988871,1.87867287326,0.863174022847,0.470588235294,0.786197569093,0.41766745858,2.25,1.88235294118,0.786197569093,2.25,0.166339869281,0.0612244897959,3,0.00441176470588,0.185952380952,17,17,17,1,0,0.352941176471,0.411764705882,0.235294117647,17,0.128676470588,1.90196078431,4.11764705882,3.18181818182,2.69230769231,1.57648156274,0.382859808093,0.201680672269,2.01465221053,0.978545359402,0.524369747899,1.74894926439,0.849489642704,0.463865546218,0.814492905316,0.428238537847,2.33333333333,1.90196078431,0.814492905316,2.33333333333,0,0,0,0,0.164242424242,17,17,17,1,0,0.352941176471,0.411764705882,0.235294117647,17,37,0.136029411765,1.88235294118,4.35294117647,3.36363636364,2.84615384615,1.69341284359,0.389027274878,0.193958664547,2.09866904602,0.964253345467,0.518282988871,1.87867287326,0.863174022847,0.470588235294,0.786197569093,0.41766745858,2.25,1.88235294118,0.786197569093,2.25,0.166339869281,0.0612244897959,3,0.00441176470588,0.185952380952,17,17,17,1,0,0.352941176471,0.411764705882,0.235294117647,0,0,0,0,0,0,0,0,0,0,0,0,0,0,0,0,0,0,0,0,0,0,0,0,0,0,0,0,0,37,0,0,235,1,1,0,0,1,1,1,1,1,1,2,2,0,0,0,0
1890,WLNM_dir_neg,1,0.5,00:00:02,10,50,10,1983614883,threshold_sweep,0.9,1,1,1,2,0,0,4,1,1,0,0,1,1,1,1,0.555555555556,1,1,1,37,35,2,0,37,0,35,0,2,17,37,0.136029411765,1.88235294118,4.35294117647,3.36363636364,2.84615384615,1.69341284359,0.389027274878,0.193958664547,2.09866904602,0.964253345467,0.518282988871,1.87867287326,0.863174022847,0.470588235294,0.786197569093,0.41766745858,2.25,1.88235294118,0.786197569093,2.25,0.166339869281,0.0612244897959,3,0.00441176470588,0.185952380952,17,17,17,1,0,0.352941176471,0.411764705882,0.235294117647,17,0.128676470588,1.90196078431,4.11764705882,3.18181818182,2.69230769231,1.57648156274,0.382859808093,0.201680672269,2.01465221053,0.978545359402,0.524369747899,1.74894926439,0.849489642704,0.463865546218,0.814492905316,0.428238537847,2.33333333333,1.90196078431,0.814492905316,2.33333333333,0,0,0,0,0.164242424242,17,17,17,1,0,0.352941176471,0.411764705882,0.235294117647,17,37,0.136029411765,1.88235294118,4.35294117647,3.36363636364,2.84615384615,1.69341284359,0.389027274878,0.193958664547,2.09866904602,0.964253345467,0.518282988871,1.87867287326,0.863174022847,0.470588235294,0.786197569093,0.41766745858,2.25,1.88235294118,0.786197569093,2.25,0.166339869281,0.0612244897959,3,0.00441176470588,0.185952380952,17,17,17,1,0,0.352941176471,0.411764705882,0.235294117647,0,0,0,0,0,0,0,0,0,0,0,0,0,0,0,0,0,0,0,0,0,0,0,0,0,0,0,0,0,37,0,0,235,1,1,0,0,1,1,1,1,1,1,2,2,0,0,0,0
1891,WLNM_dir_neg,0.875,0.291666666667,00:00:01,10,50,11,1983614884,threshold_sweep,0.1,0.666666666667,1,0.8,2,1,0,3,1,0.75,0.25,0,0.666666666667,1,0.8,0.833333333333,0.5,0.666666666667,0.707106781187,0.75,37,35,2,0,37,0,35,0,2,17,37,0.136029411765,1.88235294118,4.35294117647,3.36363636364,2.84615384615,1.69341284359,0.389027274878,0.193958664547,2.09866904602,0.964253345467,0.518282988871,1.87867287326,0.863174022847,0.470588235294,0.786197569093,0.41766745858,2.25,1.88235294118,0.786197569093,2.25,0.166339869281,0.0612244897959,3,0.00441176470588,0.185952380952,17,17,17,1,0,0.352941176471,0.411764705882,0.235294117647,17,0.128676470588,1.90196078431,4.11764705882,3.18181818182,2.69230769231,1.57648156274,0.382859808093,0.201680672269,2.01465221053,0.978545359402,0.524369747899,1.74894926439,0.849489642704,0.463865546218,0.814492905316,0.428238537847,2.33333333333,1.90196078431,0.814492905316,2.33333333333,0,0,0,0,0.164242424242,17,17,17,1,0,0.352941176471,0.411764705882,0.235294117647,17,38,0.139705882353,1.91911764706,4.47058823529,3.45454545455,2.71428571429,1.66274047354,0.371928790134,0.188854489164,2.07754096725,0.929426222189,0.501547987616,1.82103719638,0.814674535221,0.442724458204,0.851172418076,0.443522792561,2.5,1.91911764706,0.851172418076,2.5,0.152287581699,0.0779220779221,4,0.00588235294118,0.183528138528,17,17,17,1,0,0.352941176471,0.470588235294,0.176470588235,1,0.00367647058824,0.0367647058824,0.117647058824,0.0909090909091,-0.131868131868,-0.030672370045,-0.0170984847437,-0.00510417538281,-0.0211280787694,-0.0348271232775,-0.0167350012551,-0.0576356768785,-0.0484994876259,-0.0278637770898,0.0649748489839,0.0258553339805,0.25,0.0367647058824,0.0649748489839,0.25,-0.0140522875817,0.0166975881262,1,0.00147058823529,-0.00242424242424,0,0.0588235294118,-0.0588235294118,37,1,0,234,1,0.995744680851,0.00425531914894,0,0.973684210526,1,0.986666666667,0.984652666406,0.995744680851,0.973684210526,3,2,0,0,0,0
1892,WLNM_dir_neg,0.875,0.291666666667,00:00:01,10,50,11,1983614884,threshold_sweep,0.2,0.666666666667,1,0.8,2,1,0,3,1,0.75,0.25,0,0.666666666667,1,0.8,0.833333333333,0.5,0.666666666667,0.707106781187,0.75,37,35,2,0,37,0,35,0,2,17,37,0.136029411765,1.88235294118,4.35294117647,3.36363636364,2.84615384615,1.69341284359,0.389027274878,0.193958664547,2.09866904602,0.964253345467,0.518282988871,1.87867287326,0.863174022847,0.470588235294,0.786197569093,0.41766745858,2.25,1.88235294118,0.786197569093,2.25,0.166339869281,0.0612244897959,3,0.00441176470588,0.185952380952,17,17,17,1,0,0.352941176471,0.411764705882,0.235294117647,17,0.128676470588,1.90196078431,4.11764705882,3.18181818182,2.69230769231,1.57648156274,0.382859808093,0.201680672269,2.01465221053,0.978545359402,0.524369747899,1.74894926439,0.849489642704,0.463865546218,0.814492905316,0.428238537847,2.33333333333,1.90196078431,0.814492905316,2.33333333333,0,0,0,0,0.164242424242,17,17,17,1,0,0.352941176471,0.411764705882,0.235294117647,17,38,0.139705882353,1.91911764706,4.47058823529,3.45454545455,2.71428571429,1.66274047354,0.371928790134,0.188854489164,2.07754096725,0.929426222189,0.501547987616,1.82103719638,0.814674535221,0.442724458204,0.851172418076,0.443522792561,2.5,1.91911764706,0.851172418076,2.5,0.152287581699,0.0779220779221,4,0.00588235294118,0.183528138528,17,17,17,1,0,0.352941176471,0.470588235294,0.176470588235,1,0.00367647058824,0.0367647058824,0.117647058824,0.0909090909091,-0.131868131868,-0.030672370045,-0.0170984847437,-0.00510417538281,-0.0211280787694,-0.0348271232775,-0.0167350012551,-0.0576356768785,-0.0484994876259,-0.0278637770898,0.0649748489839,0.0258553339805,0.25,0.0367647058824,0.0649748489839,0.25,-0.0140522875817,0.0166975881262,1,0.00147058823529,-0.00242424242424,0,0.0588235294118,-0.0588235294118,37,1,0,234,1,0.995744680851,0.00425531914894,0,0.973684210526,1,0.986666666667,0.984652666406,0.995744680851,0.973684210526,3,2,0,0,0,0
1893,WLNM_dir_neg,0.875,0.291666666667,00:00:01,10,50,11,1983614884,threshold_sweep,0.3,0.5,0.5,0.5,1,1,1,3,0.5,0.75,0.25,0.5,0.5,0.5,0.5,0.666666666667,0.555555555556,0.25,0.25,0.25,37,35,2,0,37,0,35,0,2,17,37,0.136029411765,1.88235294118,4.35294117647,3.36363636364,2.84615384615,1.69341284359,0.389027274878,0.193958664547,2.09866904602,0.964253345467,0.518282988871,1.87867287326,0.863174022847,0.470588235294,0.786197569093,0.41766745858,2.25,1.88235294118,0.786197569093,2.25,0.166339869281,0.0612244897959,3,0.00441176470588,0.185952380952,17,17,17,1,0,0.352941176471,0.411764705882,0.235294117647,17,0.128676470588,1.90196078431,4.11764705882,3.18181818182,2.69230769231,1.57648156274,0.382859808093,0.201680672269,2.01465221053,0.978545359402,0.524369747899,1.74894926439,0.849489642704,0.463865546218,0.814492905316,0.428238537847,2.33333333333,1.90196078431,0.814492905316,2.33333333333,0,0,0,0,0.164242424242,17,17,17,1,0,0.352941176471,0.411764705882,0.235294117647,17,37,0.136029411765,1.93382352941,4.35294117647,3.36363636364,2.64285714286,1.69341284359,0.389027274878,0.198728139905,2.03823741618,0.936487461487,0.505564387917,1.74052054418,0.799698628406,0.435612082671,0.868410058332,0.4490637564,2.5,1.93382352941,0.868410058332,2.5,0.0562091503268,0.0408163265306,2,0.00294117647059,0.172424242424,17,17,17,1,0,0.352941176471,0.470588235294,0.176470588235,0,0,0.0514705882353,0,0,-0.203296703297,0,0,0.00476947535771,-0.0604316298386,-0.0277658839799,-0.0127186009539,-0.138152329077,-0.063475394441,-0.0349761526232,0.0822124892392,0.0313962978193,0.25,0.0514705882353,0.0822124892392,0.25,-0.110130718954,-0.0204081632653,-1,-0.00147058823529,-0.0135281385281,0,0.0588235294118,-0.0588235294118,36,1,1,234,0.972972972973,0.995744680851,0.00425531914894,0.027027027027,0.972972972973,0.972972972973,0.972972972973,0.968717653824,0.968717653824,0.947368421053,2,2,0,0,0,0
1894,WLNM_dir_neg,0.875,0.291666666667,00:00:01,10,50,11,1983614884,threshold_sweep,0.4,0.5,0.5,0.5,1,1,1,3,0.5,0.75,0.25,0.5,0.5,0.5,0.5,0.666666666667,0.555555555556,0.25,0.25,0.25,37,35,2,0,37,0,35,0,2,17,37,0.136029411765,1.88235294118,4.35294117647,3.36363636364,2.84615384615,1.69341284359,0.389027274878,0.193958664547,2.09866904602,0.964253345467,0.518282988871,1.87867287326,0.863174022847,0.470588235294,0.786197569093,0.41766745858,2.25,1.88235294118,0.786197569093,2.25,0.166339869281,0.0612244897959,3,0.00441176470588,0.185952380952,17,17,17,1,0,0.352941176471,0.411764705882,0.235294117647,17,0.128676470588,1.90196078431,4.11764705882,3.18181818182,2.69230769231,1.57648156274,0.382859808093,0.201680672269,2.01465221053,0.978545359402,0.524369747899,1.74894926439,0.849489642704,0.463865546218,0.814492905316,0.428238537847,2.33333333333,1.90196078431,0.814492905316,2.33333333333,0,0,0,0,0.164242424242,17,17,17,1,0,0.352941176471,0.411764705882,0.235294117647,17,37,0.136029411765,1.93382352941,4.35294117647,3.36363636364,2.64285714286,1.69341284359,0.389027274878,0.198728139905,2.03823741618,0.936487461487,0.505564387917,1.74052054418,0.799698628406,0.435612082671,0.868410058332,0.4490637564,2.5,1.93382352941,0.868410058332,2.5,0.0562091503268,0.0408163265306,2,0.00294117647059,0.172424242424,17,17,17,1,0,0.352941176471,0.470588235294,0.176470588235,0,0,0.0514705882353,0,0,-0.203296703297,0,0,0.00476947535771,-0.0604316298386,-0.0277658839799,-0.0127186009539,-0.138152329077,-0.063475394441,-0.0349761526232,0.0822124892392,0.0313962978193,0.25,0.0514705882353,0.0822124892392,0.25,-0.110130718954,-0.0204081632653,-1,-0.00147058823529,-0.0135281385281,0,0.0588235294118,-0.0588235294118,36,1,1,234,0.972972972973,0.995744680851,0.00425531914894,0.027027027027,0.972972972973,0.972972972973,0.972972972973,0.968717653824,0.968717653824,0.947368421053,2,2,0,0,0,0
1895,WLNM_dir_neg,0.875,0.291666666667,00:00:01,10,50,11,1983614884,threshold_sweep,0.5,0.5,0.5,0.5,1,1,1,3,0.5,0.75,0.25,0.5,0.5,0.5,0.5,0.666666666667,0.555555555556,0.25,0.25,0.25,37,35,2,0,37,0,35,0,2,17,37,0.136029411765,1.88235294118,4.35294117647,3.36363636364,2.84615384615,1.69341284359,0.389027274878,0.193958664547,2.09866904602,0.964253345467,0.518282988871,1.87867287326,0.863174022847,0.470588235294,0.786197569093,0.41766745858,2.25,1.88235294118,0.786197569093,2.25,0.166339869281,0.0612244897959,3,0.00441176470588,0.185952380952,17,17,17,1,0,0.352941176471,0.411764705882,0.235294117647,17,0.128676470588,1.90196078431,4.11764705882,3.18181818182,2.69230769231,1.57648156274,0.382859808093,0.201680672269,2.01465221053,0.978545359402,0.524369747899,1.74894926439,0.849489642704,0.463865546218,0.814492905316,0.428238537847,2.33333333333,1.90196078431,0.814492905316,2.33333333333,0,0,0,0,0.164242424242,17,17,17,1,0,0.352941176471,0.411764705882,0.235294117647,17,37,0.136029411765,1.93382352941,4.35294117647,3.36363636364,2.64285714286,1.69341284359,0.389027274878,0.198728139905,2.03823741618,0.936487461487,0.505564387917,1.74052054418,0.799698628406,0.435612082671,0.868410058332,0.4490637564,2.5,1.93382352941,0.868410058332,2.5,0.0562091503268,0.0408163265306,2,0.00294117647059,0.172424242424,17,17,17,1,0,0.352941176471,0.470588235294,0.176470588235,0,0,0.0514705882353,0,0,-0.203296703297,0,0,0.00476947535771,-0.0604316298386,-0.0277658839799,-0.0127186009539,-0.138152329077,-0.063475394441,-0.0349761526232,0.0822124892392,0.0313962978193,0.25,0.0514705882353,0.0822124892392,0.25,-0.110130718954,-0.0204081632653,-1,-0.00147058823529,-0.0135281385281,0,0.0588235294118,-0.0588235294118,36,1,1,234,0.972972972973,0.995744680851,0.00425531914894,0.027027027027,0.972972972973,0.972972972973,0.972972972973,0.968717653824,0.968717653824,0.947368421053,2,2,0,0,0,0
1896,WLNM_dir_neg,0.875,0.291666666667,00:00:01,10,50,11,1983614884,threshold_sweep,0.6,0.5,0.5,0.5,1,1,1,3,0.5,0.75,0.25,0.5,0.5,0.5,0.5,0.666666666667,0.555555555556,0.25,0.25,0.25,37,35,2,0,37,0,35,0,2,17,37,0.136029411765,1.88235294118,4.35294117647,3.36363636364,2.84615384615,1.69341284359,0.389027274878,0.193958664547,2.09866904602,0.964253345467,0.518282988871,1.87867287326,0.863174022847,0.470588235294,0.786197569093,0.41766745858,2.25,1.88235294118,0.786197569093,2.25,0.166339869281,0.0612244897959,3,0.00441176470588,0.185952380952,17,17,17,1,0,0.352941176471,0.411764705882,0.235294117647,17,0.128676470588,1.90196078431,4.11764705882,3.18181818182,2.69230769231,1.57648156274,0.382859808093,0.201680672269,2.01465221053,0.978545359402,0.524369747899,1.74894926439,0.849489642704,0.463865546218,0.814492905316,0.428238537847,2.33333333333,1.90196078431,0.814492905316,2.33333333333,0,0,0,0,0.164242424242,17,17,17,1,0,0.352941176471,0.411764705882,0.235294117647,17,37,0.136029411765,1.93382352941,4.35294117647,3.36363636364,2.64285714286,1.69341284359,0.389027274878,0.198728139905,2.03823741618,0.936487461487,0.505564387917,1.74052054418,0.799698628406,0.435612082671,0.868410058332,0.4490637564,2.5,1.93382352941,0.868410058332,2.5,0.0562091503268,0.0408163265306,2,0.00294117647059,0.172424242424,17,17,17,1,0,0.352941176471,0.470588235294,0.176470588235,0,0,0.0514705882353,0,0,-0.203296703297,0,0,0.00476947535771,-0.0604316298386,-0.0277658839799,-0.0127186009539,-0.138152329077,-0.063475394441,-0.0349761526232,0.0822124892392,0.0313962978193,0.25,0.0514705882353,0.0822124892392,0.25,-0.110130718954,-0.0204081632653,-1,-0.00147058823529,-0.0135281385281,0,0.0588235294118,-0.0588235294118,36,1,1,234,0.972972972973,0.995744680851,0.00425531914894,0.027027027027,0.972972972973,0.972972972973,0.972972972973,0.968717653824,0.968717653824,0.947368421053,2,2,0,0,0,0
1897,WLNM_dir_neg,0.875,0.291666666667,00:00:01,10,50,11,1983614884,threshold_sweep,0.7,1,0.5,0.666666666667,1,0,1,4,0.5,1,0,0.5,1,0.5,0.666666666667,0.833333333333,0.611111111111,0.571428571429,0.632455532034,0.5,37,35,2,0,37,0,35,0,2,17,37,0.136029411765,1.88235294118,4.35294117647,3.36363636364,2.84615384615,1.69341284359,0.389027274878,0.193958664547,2.09866904602,0.964253345467,0.518282988871,1.87867287326,0.863174022847,0.470588235294,0.786197569093,0.41766745858,2.25,1.88235294118,0.786197569093,2.25,0.166339869281,0.0612244897959,3,0.00441176470588,0.185952380952,17,17,17,1,0,0.352941176471,0.411764705882,0.235294117647,17,0.128676470588,1.90196078431,4.11764705882,3.18181818182,2.69230769231,1.57648156274,0.382859808093,0.201680672269,2.01465221053,0.978545359402,0.524369747899,1.74894926439,0.849489642704,0.463865546218,0.814492905316,0.428238537847,2.33333333333,1.90196078431,0.814492905316,2.33333333333,0,0,0,0,0.164242424242,17,17,17,1,0,0.352941176471,0.411764705882,0.235294117647,17,36,0.132352941176,1.89705882353,4.23529411765,3.27272727273,2.76923076923,1.71498585143,0.40492721492,0.204248366013,2.05798302171,0.971825315808,0.522875816993,1.79869233546,0.849382491746,0.464052287582,0.805541469338,0.424626510969,2.25,1.89705882353,0.805541469338,2.25,0.0702614379085,0.0214285714286,1,0.00147058823529,0.175454545455,17,17,17,1,0,0.352941176471,0.411764705882,0.235294117647,-1,-0.00367647058824,0.0147058823529,-0.117647058824,-0.0909090909091,-0.0769230769231,0.0215730078386,0.0158999400418,0.0102897014662,-0.0406860243059,0.00757197034072,0.00459282812224,-0.0799805377942,-0.0137915311015,-0.00653594771242,0.0193439002456,0.00695905238854,0,0.0147058823529,0.0193439002456,0,-0.0960784313725,-0.0397959183673,-2,-0.00294117647059,-0.0104978354978,0,0,0,36,0,1,235,0.972972972973,1,0,0.027027027027,1,0.972972972973,0.986301369863,0.984301887704,0.972972972973,0.972972972973,1,2,0,0,0,0
1898,WLNM_dir_neg,0.875,0.291666666667,00:00:01,10,50,11,1983614884,threshold_sweep,0.8,1,0.5,0.666666666667,1,0,1,4,0.5,1,0,0.5,1,0.5,0.666666666667,0.833333333333,0.611111111111,0.571428571429,0.632455532034,0.5,37,35,2,0,37,0,35,0,2,17,37,0.136029411765,1.88235294118,4.35294117647,3.36363636364,2.84615384615,1.69341284359,0.389027274878,0.193958664547,2.09866904602,0.964253345467,0.518282988871,1.87867287326,0.863174022847,0.470588235294,0.786197569093,0.41766745858,2.25,1.88235294118,0.786197569093,2.25,0.166339869281,0.0612244897959,3,0.00441176470588,0.185952380952,17,17,17,1,0,0.352941176471,0.411764705882,0.235294117647,17,0.128676470588,1.90196078431,4.11764705882,3.18181818182,2.69230769231,1.57648156274,0.382859808093,0.201680672269,2.01465221053,0.978545359402,0.524369747899,1.74894926439,0.849489642704,0.463865546218,0.814492905316,0.428238537847,2.33333333333,1.90196078431,0.814492905316,2.33333333333,0,0,0,0,0.164242424242,17,17,17,1,0,0.352941176471,0.411764705882,0.235294117647,17,36,0.132352941176,1.89705882353,4.23529411765,3.27272727273,2.76923076923,1.71498585143,0.40492721492,0.204248366013,2.05798302171,0.971825315808,0.522875816993,1.79869233546,0.849382491746,0.464052287582,0.805541469338,0.424626510969,2.25,1.89705882353,0.805541469338,2.25,0.0702614379085,0.0214285714286,1,0.00147058823529,0.175454545455,17,17,17,1,0,0.352941176471,0.411764705882,0.235294117647,-1,-0.00367647058824,0.0147058823529,-0.117647058824,-0.0909090909091,-0.0769230769231,0.0215730078386,0.0158999400418,0.0102897014662,-0.0406860243059,0.00757197034072,0.00459282812224,-0.0799805377942,-0.0137915311015,-0.00653594771242,0.0193439002456,0.00695905238854,0,0.0147058823529,0.0193439002456,0,-0.0960784313725,-0.0397959183673,-2,-0.00294117647059,-0.0104978354978,0,0,0,36,0,1,235,0.972972972973,1,0,0.027027027027,1,0.972972972973,0.986301369863,0.984301887704,0.972972972973,0.972972972973,1,2,0,0,0,0
1899,WLNM_dir_neg,0.875,0.291666666667,00:00:01,10,50,11,1983614884,threshold_sweep,0.9,1,0.5,0.666666666667,1,0,1,4,0.5,1,0,0.5,1,0.5,0.666666666667,0.833333333333,0.611111111111,0.571428571429,0.632455532034,0.5,37,35,2,0,37,0,35,0,2,17,37,0.136029411765,1.88235294118,4.35294117647,3.36363636364,2.84615384615,1.69341284359,0.389027274878,0.193958664547,2.09866904602,0.964253345467,0.518282988871,1.87867287326,0.863174022847,0.470588235294,0.786197569093,0.41766745858,2.25,1.88235294118,0.786197569093,2.25,0.166339869281,0.0612244897959,3,0.00441176470588,0.185952380952,17,17,17,1,0,0.352941176471,0.411764705882,0.235294117647,17,0.128676470588,1.90196078431,4.11764705882,3.18181818182,2.69230769231,1.57648156274,0.382859808093,0.201680672269,2.01465221053,0.978545359402,0.524369747899,1.74894926439,0.849489642704,0.463865546218,0.814492905316,0.428238537847,2.33333333333,1.90196078431,0.814492905316,2.33333333333,0,0,0,0,0.164242424242,17,17,17,1,0,0.352941176471,0.411764705882,0.235294117647,17,36,0.132352941176,1.89705882353,4.23529411765,3.27272727273,2.76923076923,1.71498585143,0.40492721492,0.204248366013,2.05798302171,0.971825315808,0.522875816993,1.79869233546,0.849382491746,0.464052287582,0.805541469338,0.424626510969,2.25,1.89705882353,0.805541469338,2.25,0.0702614379085,0.0214285714286,1,0.00147058823529,0.175454545455,17,17,17,1,0,0.352941176471,0.411764705882,0.235294117647,-1,-0.00367647058824,0.0147058823529,-0.117647058824,-0.0909090909091,-0.0769230769231,0.0215730078386,0.0158999400418,0.0102897014662,-0.0406860243059,0.00757197034072,0.00459282812224,-0.0799805377942,-0.0137915311015,-0.00653594771242,0.0193439002456,0.00695905238854,0,0.0147058823529,0.0193439002456,0,-0.0960784313725,-0.0397959183673,-2,-0.00294117647059,-0.0104978354978,0,0,0,36,0,1,235,0.972972972973,1,0,0.027027027027,1,0.972972972973,0.986301369863,0.984301887704,0.972972972973,0.972972972973,1,2,0,0,0,0
1900,WLNM_dir_neg,0.875,0.291666666667,00:00:01,10,50,12,1983614885,threshold_sweep,0.1,1,0.5,0.666666666667,1,0,1,4,0.5,1,0,0.5,1,0.5,0.666666666667,0.833333333333,0.611111111111,0.571428571429,0.632455532034,0.5,37,35,2,0,37,0,35,0,2,17,37,0.136029411765,1.88235294118,4.35294117647,3.36363636364,2.84615384615,1.69341284359,0.389027274878,0.193958664547,2.09866904602,0.964253345467,0.518282988871,1.87867287326,0.863174022847,0.470588235294,0.786197569093,0.41766745858,2.25,1.88235294118,0.786197569093,2.25,0.166339869281,0.0612244897959,3,0.00441176470588,0.185952380952,17,17,17,1,0,0.352941176471,0.411764705882,0.235294117647,17,0.128676470588,1.90196078431,4.11764705882,3.18181818182,2.69230769231,1.57648156274,0.382859808093,0.201680672269,2.01465221053,0.978545359402,0.524369747899,1.74894926439,0.849489642704,0.463865546218,0.814492905316,0.428238537847,2.33333333333,1.90196078431,0.814492905316,2.33333333333,0,0,0,0,0.164242424242,17,17,17,1,0,0.352941176471,0.411764705882,0.235294117647,17,36,0.132352941176,1.89705882353,4.23529411765,3.27272727273,2.76923076923,1.71498585143,0.40492721492,0.204248366013,2.05798302171,0.971825315808,0.522875816993,1.79869233546,0.849382491746,0.464052287582,0.805541469338,0.424626510969,2.25,1.89705882353,0.805541469338,2.25,0.0702614379085,0.0214285714286,1,0.00147058823529,0.175454545455,17,17,17,1,0,0.352941176471,0.411764705882,0.235294117647,-1,-0.00367647058824,0.0147058823529,-0.117647058824,-0.0909090909091,-0.0769230769231,0.0215730078386,0.0158999400418,0.0102897014662,-0.0406860243059,0.00757197034072,0.00459282812224,-0.0799805377942,-0.0137915311015,-0.00653594771242,0.0193439002456,0.00695905238854,0,0.0147058823529,0.0193439002456,0,-0.0960784313725,-0.0397959183673,-2,-0.00294117647059,-0.0104978354978,0,0,0,36,0,1,235,0.972972972973,1,0,0.027027027027,1,0.972972972973,0.986301369863,0.984301887704,0.972972972973,0.972972972973,1,2,0,0,0,0
1901,WLNM_dir_neg,0.875,0.291666666667,00:00:01,10,50,12,1983614885,threshold_sweep,0.2,1,0.5,0.666666666667,1,0,1,4,0.5,1,0,0.5,1,0.5,0.666666666667,0.833333333333,0.611111111111,0.571428571429,0.632455532034,0.5,37,35,2,0,37,0,35,0,2,17,37,0.136029411765,1.88235294118,4.35294117647,3.36363636364,2.84615384615,1.69341284359,0.389027274878,0.193958664547,2.09866904602,0.964253345467,0.518282988871,1.87867287326,0.863174022847,0.470588235294,0.786197569093,0.41766745858,2.25,1.88235294118,0.786197569093,2.25,0.166339869281,0.0612244897959,3,0.00441176470588,0.185952380952,17,17,17,1,0,0.352941176471,0.411764705882,0.235294117647,17,0.128676470588,1.90196078431,4.11764705882,3.18181818182,2.69230769231,1.57648156274,0.382859808093,0.201680672269,2.01465221053,0.978545359402,0.524369747899,1.74894926439,0.849489642704,0.463865546218,0.814492905316,0.428238537847,2.33333333333,1.90196078431,0.814492905316,2.33333333333,0,0,0,0,0.164242424242,17,17,17,1,0,0.352941176471,0.411764705882,0.235294117647,17,36,0.132352941176,1.89705882353,4.23529411765,3.27272727273,2.76923076923,1.71498585143,0.40492721492,0.204248366013,2.05798302171,0.971825315808,0.522875816993,1.79869233546,0.849382491746,0.464052287582,0.805541469338,0.424626510969,2.25,1.89705882353,0.805541469338,2.25,0.0702614379085,0.0214285714286,1,0.00147058823529,0.175454545455,17,17,17,1,0,0.352941176471,0.411764705882,0.235294117647,-1,-0.00367647058824,0.0147058823529,-0.117647058824,-0.0909090909091,-0.0769230769231,0.0215730078386,0.0158999400418,0.0102897014662,-0.0406860243059,0.00757197034072,0.00459282812224,-0.0799805377942,-0.0137915311015,-0.00653594771242,0.0193439002456,0.00695905238854,0,0.0147058823529,0.0193439002456,0,-0.0960784313725,-0.0397959183673,-2,-0.00294117647059,-0.0104978354978,0,0,0,36,0,1,235,0.972972972973,1,0,0.027027027027,1,0.972972972973,0.986301369863,0.984301887704,0.972972972973,0.972972972973,1,2,0,0,0,0
1902,WLNM_dir_neg,0.875,0.291666666667,00:00:01,10,50,12,1983614885,threshold_sweep,0.3,1,0.5,0.666666666667,1,0,1,4,0.5,1,0,0.5,1,0.5,0.666666666667,0.833333333333,0.611111111111,0.571428571429,0.632455532034,0.5,37,35,2,0,37,0,35,0,2,17,37,0.136029411765,1.88235294118,4.35294117647,3.36363636364,2.84615384615,1.69341284359,0.389027274878,0.193958664547,2.09866904602,0.964253345467,0.518282988871,1.87867287326,0.863174022847,0.470588235294,0.786197569093,0.41766745858,2.25,1.88235294118,0.786197569093,2.25,0.166339869281,0.0612244897959,3,0.00441176470588,0.185952380952,17,17,17,1,0,0.352941176471,0.411764705882,0.235294117647,17,0.128676470588,1.90196078431,4.11764705882,3.18181818182,2.69230769231,1.57648156274,0.382859808093,0.201680672269,2.01465221053,0.978545359402,0.524369747899,1.74894926439,0.849489642704,0.463865546218,0.814492905316,0.428238537847,2.33333333333,1.90196078431,0.814492905316,2.33333333333,0,0,0,0,0.164242424242,17,17,17,1,0,0.352941176471,0.411764705882,0.235294117647,17,36,0.132352941176,1.89705882353,4.23529411765,3.27272727273,2.76923076923,1.71498585143,0.40492721492,0.204248366013,2.05798302171,0.971825315808,0.522875816993,1.79869233546,0.849382491746,0.464052287582,0.805541469338,0.424626510969,2.25,1.89705882353,0.805541469338,2.25,0.0702614379085,0.0214285714286,1,0.00147058823529,0.175454545455,17,17,17,1,0,0.352941176471,0.411764705882,0.235294117647,-1,-0.00367647058824,0.0147058823529,-0.117647058824,-0.0909090909091,-0.0769230769231,0.0215730078386,0.0158999400418,0.0102897014662,-0.0406860243059,0.00757197034072,0.00459282812224,-0.0799805377942,-0.0137915311015,-0.00653594771242,0.0193439002456,0.00695905238854,0,0.0147058823529,0.0193439002456,0,-0.0960784313725,-0.0397959183673,-2,-0.00294117647059,-0.0104978354978,0,0,0,36,0,1,235,0.972972972973,1,0,0.027027027027,1,0.972972972973,0.986301369863,0.984301887704,0.972972972973,0.972972972973,1,2,0,0,0,0
1903,WLNM_dir_neg,0.875,0.291666666667,00:00:01,10,50,12,1983614885,threshold_sweep,0.4,1,0.5,0.666666666667,1,0,1,4,0.5,1,0,0.5,1,0.5,0.666666666667,0.833333333333,0.611111111111,0.571428571429,0.632455532034,0.5,37,35,2,0,37,0,35,0,2,17,37,0.136029411765,1.88235294118,4.35294117647,3.36363636364,2.84615384615,1.69341284359,0.389027274878,0.193958664547,2.09866904602,0.964253345467,0.518282988871,1.87867287326,0.863174022847,0.470588235294,0.786197569093,0.41766745858,2.25,1.88235294118,0.786197569093,2.25,0.166339869281,0.0612244897959,3,0.00441176470588,0.185952380952,17,17,17,1,0,0.352941176471,0.411764705882,0.235294117647,17,0.128676470588,1.90196078431,4.11764705882,3.18181818182,2.69230769231,1.57648156274,0.382859808093,0.201680672269,2.01465221053,0.978545359402,0.524369747899,1.74894926439,0.849489642704,0.463865546218,0.814492905316,0.428238537847,2.33333333333,1.90196078431,0.814492905316,2.33333333333,0,0,0,0,0.164242424242,17,17,17,1,0,0.352941176471,0.411764705882,0.235294117647,17,36,0.132352941176,1.89705882353,4.23529411765,3.27272727273,2.76923076923,1.71498585143,0.40492721492,0.204248366013,2.05798302171,0.971825315808,0.522875816993,1.79869233546,0.849382491746,0.464052287582,0.805541469338,0.424626510969,2.25,1.89705882353,0.805541469338,2.25,0.0702614379085,0.0214285714286,1,0.00147058823529,0.175454545455,17,17,17,1,0,0.352941176471,0.411764705882,0.235294117647,-1,-0.00367647058824,0.0147058823529,-0.117647058824,-0.0909090909091,-0.0769230769231,0.0215730078386,0.0158999400418,0.0102897014662,-0.0406860243059,0.00757197034072,0.00459282812224,-0.0799805377942,-0.0137915311015,-0.00653594771242,0.0193439002456,0.00695905238854,0,0.0147058823529,0.0193439002456,0,-0.0960784313725,-0.0397959183673,-2,-0.00294117647059,-0.0104978354978,0,0,0,36,0,1,235,0.972972972973,1,0,0.027027027027,1,0.972972972973,0.986301369863,0.984301887704,0.972972972973,0.972972972973,1,2,0,0,0,0
1904,WLNM_dir_neg,0.875,0.291666666667,00:00:01,10,50,12,1983614885,threshold_sweep,0.5,1,0.5,0.666666666667,1,0,1,4,0.5,1,0,0.5,1,0.5,0.666666666667,0.833333333333,0.611111111111,0.571428571429,0.632455532034,0.5,37,35,2,0,37,0,35,0,2,17,37,0.136029411765,1.88235294118,4.35294117647,3.36363636364,2.84615384615,1.69341284359,0.389027274878,0.193958664547,2.09866904602,0.964253345467,0.518282988871,1.87867287326,0.863174022847,0.470588235294,0.786197569093,0.41766745858,2.25,1.88235294118,0.786197569093,2.25,0.166339869281,0.0612244897959,3,0.00441176470588,0.185952380952,17,17,17,1,0,0.352941176471,0.411764705882,0.235294117647,17,0.128676470588,1.90196078431,4.11764705882,3.18181818182,2.69230769231,1.57648156274,0.382859808093,0.201680672269,2.01465221053,0.978545359402,0.524369747899,1.74894926439,0.849489642704,0.463865546218,0.814492905316,0.428238537847,2.33333333333,1.90196078431,0.814492905316,2.33333333333,0,0,0,0,0.164242424242,17,17,17,1,0,0.352941176471,0.411764705882,0.235294117647,17,36,0.132352941176,1.89705882353,4.23529411765,3.27272727273,2.76923076923,1.71498585143,0.40492721492,0.204248366013,2.05798302171,0.971825315808,0.522875816993,1.79869233546,0.849382491746,0.464052287582,0.805541469338,0.424626510969,2.25,1.89705882353,0.805541469338,2.25,0.0702614379085,0.0214285714286,1,0.00147058823529,0.175454545455,17,17,17,1,0,0.352941176471,0.411764705882,0.235294117647,-1,-0.00367647058824,0.0147058823529,-0.117647058824,-0.0909090909091,-0.0769230769231,0.0215730078386,0.0158999400418,0.0102897014662,-0.0406860243059,0.00757197034072,0.00459282812224,-0.0799805377942,-0.0137915311015,-0.00653594771242,0.0193439002456,0.00695905238854,0,0.0147058823529,0.0193439002456,0,-0.0960784313725,-0.0397959183673,-2,-0.00294117647059,-0.0104978354978,0,0,0,36,0,1,235,0.972972972973,1,0,0.027027027027,1,0.972972972973,0.986301369863,0.984301887704,0.972972972973,0.972972972973,1,2,0,0,0,0
1905,WLNM_dir_neg,0.875,0.291666666667,00:00:01,10,50,12,1983614885,threshold_sweep,0.6,1,0.5,0.666666666667,1,0,1,4,0.5,1,0,0.5,1,0.5,0.666666666667,0.833333333333,0.611111111111,0.571428571429,0.632455532034,0.5,37,35,2,0,37,0,35,0,2,17,37,0.136029411765,1.88235294118,4.35294117647,3.36363636364,2.84615384615,1.69341284359,0.389027274878,0.193958664547,2.09866904602,0.964253345467,0.518282988871,1.87867287326,0.863174022847,0.470588235294,0.786197569093,0.41766745858,2.25,1.88235294118,0.786197569093,2.25,0.166339869281,0.0612244897959,3,0.00441176470588,0.185952380952,17,17,17,1,0,0.352941176471,0.411764705882,0.235294117647,17,0.128676470588,1.90196078431,4.11764705882,3.18181818182,2.69230769231,1.57648156274,0.382859808093,0.201680672269,2.01465221053,0.978545359402,0.524369747899,1.74894926439,0.849489642704,0.463865546218,0.814492905316,0.428238537847,2.33333333333,1.90196078431,0.814492905316,2.33333333333,0,0,0,0,0.164242424242,17,17,17,1,0,0.352941176471,0.411764705882,0.235294117647,17,36,0.132352941176,1.89705882353,4.23529411765,3.27272727273,2.76923076923,1.71498585143,0.40492721492,0.204248366013,2.05798302171,0.971825315808,0.522875816993,1.79869233546,0.849382491746,0.464052287582,0.805541469338,0.424626510969,2.25,1.89705882353,0.805541469338,2.25,0.0702614379085,0.0214285714286,1,0.00147058823529,0.175454545455,17,17,17,1,0,0.352941176471,0.411764705882,0.235294117647,-1,-0.00367647058824,0.0147058823529,-0.117647058824,-0.0909090909091,-0.0769230769231,0.0215730078386,0.0158999400418,0.0102897014662,-0.0406860243059,0.00757197034072,0.00459282812224,-0.0799805377942,-0.0137915311015,-0.00653594771242,0.0193439002456,0.00695905238854,0,0.0147058823529,0.0193439002456,0,-0.0960784313725,-0.0397959183673,-2,-0.00294117647059,-0.0104978354978,0,0,0,36,0,1,235,0.972972972973,1,0,0.027027027027,1,0.972972972973,0.986301369863,0.984301887704,0.972972972973,0.972972972973,1,2,0,0,0,0
1906,WLNM_dir_neg,0.875,0.291666666667,00:00:01,10,50,12,1983614885,threshold_sweep,0.7,1,0.5,0.666666666667,1,0,1,4,0.5,1,0,0.5,1,0.5,0.666666666667,0.833333333333,0.611111111111,0.571428571429,0.632455532034,0.5,37,35,2,0,37,0,35,0,2,17,37,0.136029411765,1.88235294118,4.35294117647,3.36363636364,2.84615384615,1.69341284359,0.389027274878,0.193958664547,2.09866904602,0.964253345467,0.518282988871,1.87867287326,0.863174022847,0.470588235294,0.786197569093,0.41766745858,2.25,1.88235294118,0.786197569093,2.25,0.166339869281,0.0612244897959,3,0.00441176470588,0.185952380952,17,17,17,1,0,0.352941176471,0.411764705882,0.235294117647,17,0.128676470588,1.90196078431,4.11764705882,3.18181818182,2.69230769231,1.57648156274,0.382859808093,0.201680672269,2.01465221053,0.978545359402,0.524369747899,1.74894926439,0.849489642704,0.463865546218,0.814492905316,0.428238537847,2.33333333333,1.90196078431,0.814492905316,2.33333333333,0,0,0,0,0.164242424242,17,17,17,1,0,0.352941176471,0.411764705882,0.235294117647,17,36,0.132352941176,1.89705882353,4.23529411765,3.27272727273,2.76923076923,1.71498585143,0.40492721492,0.204248366013,2.05798302171,0.971825315808,0.522875816993,1.79869233546,0.849382491746,0.464052287582,0.805541469338,0.424626510969,2.25,1.89705882353,0.805541469338,2.25,0.0702614379085,0.0214285714286,1,0.00147058823529,0.175454545455,17,17,17,1,0,0.352941176471,0.411764705882,0.235294117647,-1,-0.00367647058824,0.0147058823529,-0.117647058824,-0.0909090909091,-0.0769230769231,0.0215730078386,0.0158999400418,0.0102897014662,-0.0406860243059,0.00757197034072,0.00459282812224,-0.0799805377942,-0.0137915311015,-0.00653594771242,0.0193439002456,0.00695905238854,0,0.0147058823529,0.0193439002456,0,-0.0960784313725,-0.0397959183673,-2,-0.00294117647059,-0.0104978354978,0,0,0,36,0,1,235,0.972972972973,1,0,0.027027027027,1,0.972972972973,0.986301369863,0.984301887704,0.972972972973,0.972972972973,1,2,0,0,0,0
1907,WLNM_dir_neg,0.875,0.291666666667,00:00:01,10,50,12,1983614885,threshold_sweep,0.8,1,0.5,0.666666666667,1,0,1,4,0.5,1,0,0.5,1,0.5,0.666666666667,0.833333333333,0.611111111111,0.571428571429,0.632455532034,0.5,37,35,2,0,37,0,35,0,2,17,37,0.136029411765,1.88235294118,4.35294117647,3.36363636364,2.84615384615,1.69341284359,0.389027274878,0.193958664547,2.09866904602,0.964253345467,0.518282988871,1.87867287326,0.863174022847,0.470588235294,0.786197569093,0.41766745858,2.25,1.88235294118,0.786197569093,2.25,0.166339869281,0.0612244897959,3,0.00441176470588,0.185952380952,17,17,17,1,0,0.352941176471,0.411764705882,0.235294117647,17,0.128676470588,1.90196078431,4.11764705882,3.18181818182,2.69230769231,1.57648156274,0.382859808093,0.201680672269,2.01465221053,0.978545359402,0.524369747899,1.74894926439,0.849489642704,0.463865546218,0.814492905316,0.428238537847,2.33333333333,1.90196078431,0.814492905316,2.33333333333,0,0,0,0,0.164242424242,17,17,17,1,0,0.352941176471,0.411764705882,0.235294117647,17,36,0.132352941176,1.89705882353,4.23529411765,3.27272727273,2.76923076923,1.71498585143,0.40492721492,0.204248366013,2.05798302171,0.971825315808,0.522875816993,1.79869233546,0.849382491746,0.464052287582,0.805541469338,0.424626510969,2.25,1.89705882353,0.805541469338,2.25,0.0702614379085,0.0214285714286,1,0.00147058823529,0.175454545455,17,17,17,1,0,0.352941176471,0.411764705882,0.235294117647,-1,-0.00367647058824,0.0147058823529,-0.117647058824,-0.0909090909091,-0.0769230769231,0.0215730078386,0.0158999400418,0.0102897014662,-0.0406860243059,0.00757197034072,0.00459282812224,-0.0799805377942,-0.0137915311015,-0.00653594771242,0.0193439002456,0.00695905238854,0,0.0147058823529,0.0193439002456,0,-0.0960784313725,-0.0397959183673,-2,-0.00294117647059,-0.0104978354978,0,0,0,36,0,1,235,0.972972972973,1,0,0.027027027027,1,0.972972972973,0.986301369863,0.984301887704,0.972972972973,0.972972972973,1,2,0,0,0,0
1908,WLNM_dir_neg,0.875,0.291666666667,00:00:01,10,50,12,1983614885,threshold_sweep,0.9,1,0.5,0.666666666667,1,0,1,4,0.5,1,0,0.5,1,0.5,0.666666666667,0.833333333333,0.611111111111,0.571428571429,0.632455532034,0.5,37,35,2,0,37,0,35,0,2,17,37,0.136029411765,1.88235294118,4.35294117647,3.36363636364,2.84615384615,1.69341284359,0.389027274878,0.193958664547,2.09866904602,0.964253345467,0.518282988871,1.87867287326,0.863174022847,0.470588235294,0.786197569093,0.41766745858,2.25,1.88235294118,0.786197569093,2.25,0.166339869281,0.0612244897959,3,0.00441176470588,0.185952380952,17,17,17,1,0,0.352941176471,0.411764705882,0.235294117647,17,0.128676470588,1.90196078431,4.11764705882,3.18181818182,2.69230769231,1.57648156274,0.382859808093,0.201680672269,2.01465221053,0.978545359402,0.524369747899,1.74894926439,0.849489642704,0.463865546218,0.814492905316,0.428238537847,2.33333333333,1.90196078431,0.814492905316,2.33333333333,0,0,0,0,0.164242424242,17,17,17,1,0,0.352941176471,0.411764705882,0.235294117647,17,36,0.132352941176,1.89705882353,4.23529411765,3.27272727273,2.76923076923,1.71498585143,0.40492721492,0.204248366013,2.05798302171,0.971825315808,0.522875816993,1.79869233546,0.849382491746,0.464052287582,0.805541469338,0.424626510969,2.25,1.89705882353,0.805541469338,2.25,0.0702614379085,0.0214285714286,1,0.00147058823529,0.175454545455,17,17,17,1,0,0.352941176471,0.411764705882,0.235294117647,-1,-0.00367647058824,0.0147058823529,-0.117647058824,-0.0909090909091,-0.0769230769231,0.0215730078386,0.0158999400418,0.0102897014662,-0.0406860243059,0.00757197034072,0.00459282812224,-0.0799805377942,-0.0137915311015,-0.00653594771242,0.0193439002456,0.00695905238854,0,0.0147058823529,0.0193439002456,0,-0.0960784313725,-0.0397959183673,-2,-0.00294117647059,-0.0104978354978,0,0,0,36,0,1,235,0.972972972973,1,0,0.027027027027,1,0.972972972973,0.986301369863,0.984301887704,0.972972972973,0.972972972973,1,2,0,0,0,0
1909,WLNM_dir_neg,1,0.5,00:00:02,10,50,13,1983614886,threshold_sweep,0.1,0.666666666667,1,0.8,2,1,0,3,1,0.75,0.25,0,0.666666666667,1,0.8,0.833333333333,0.5,0.666666666667,0.707106781187,0.75,37,35,2,0,37,0,35,0,2,17,37,0.136029411765,1.88235294118,4.35294117647,3.36363636364,2.84615384615,1.69341284359,0.389027274878,0.193958664547,2.09866904602,0.964253345467,0.518282988871,1.87867287326,0.863174022847,0.470588235294,0.786197569093,0.41766745858,2.25,1.88235294118,0.786197569093,2.25,0.166339869281,0.0612244897959,3,0.00441176470588,0.185952380952,17,17,17,1,0,0.352941176471,0.411764705882,0.235294117647,17,0.128676470588,1.90196078431,4.11764705882,3.18181818182,2.69230769231,1.57648156274,0.382859808093,0.201680672269,2.01465221053,0.978545359402,0.524369747899,1.74894926439,0.849489642704,0.463865546218,0.814492905316,0.428238537847,2.33333333333,1.90196078431,0.814492905316,2.33333333333,0,0,0,0,0.164242424242,17,17,17,1,0,0.352941176471,0.411764705882,0.235294117647,17,38,0.139705882353,1.9,4.47058823529,3.45454545455,2.71428571429,1.73629084037,0.388380845872,0.198142414861,2.1368613597,0.955964292498,0.510835913313,1.82103719638,0.814674535221,0.442724458204,0.795298686029,0.418578255805,2.25,1.9,0.795298686029,2.25,0.217320261438,0.115384615385,6,0.00882352941176,0.17867965368,17,17,17,1,0,0.352941176471,0.470588235294,0.176470588235,1,0.00367647058824,0.0176470588235,0.117647058824,0.0909090909091,-0.131868131868,0.0428779967836,-0.000646429005719,0.00418375031378,0.0381923136861,-0.00828905296849,-0.00744707555853,-0.0576356768785,-0.0484994876259,-0.0278637770898,0.00910111693678,0.000910797224492,0,0.0176470588235,0.00910111693678,0,0.0509803921569,0.0541601255887,3,0.00441176470588,-0.00727272727273,0,0.0588235294118,-0.0588235294118,37,1,0,234,1,0.995744680851,0.00425531914894,0,0.973684210526,1,0.986666666667,0.984652666406,0.995744680851,0.973684210526,3,2,0,0,0,0
1910,WLNM_dir_neg,1,0.5,00:00:02,10,50,13,1983614886,threshold_sweep,0.2,0.666666666667,1,0.8,2,1,0,3,1,0.75,0.25,0,0.666666666667,1,0.8,0.833333333333,0.5,0.666666666667,0.707106781187,0.75,37,35,2,0,37,0,35,0,2,17,37,0.136029411765,1.88235294118,4.35294117647,3.36363636364,2.84615384615,1.69341284359,0.389027274878,0.193958664547,2.09866904602,0.964253345467,0.518282988871,1.87867287326,0.863174022847,0.470588235294,0.786197569093,0.41766745858,2.25,1.88235294118,0.786197569093,2.25,0.166339869281,0.0612244897959,3,0.00441176470588,0.185952380952,17,17,17,1,0,0.352941176471,0.411764705882,0.235294117647,17,0.128676470588,1.90196078431,4.11764705882,3.18181818182,2.69230769231,1.57648156274,0.382859808093,0.201680672269,2.01465221053,0.978545359402,0.524369747899,1.74894926439,0.849489642704,0.463865546218,0.814492905316,0.428238537847,2.33333333333,1.90196078431,0.814492905316,2.33333333333,0,0,0,0,0.164242424242,17,17,17,1,0,0.352941176471,0.411764705882,0.235294117647,17,38,0.139705882353,1.9,4.47058823529,3.45454545455,2.71428571429,1.73629084037,0.388380845872,0.198142414861,2.1368613597,0.955964292498,0.510835913313,1.82103719638,0.814674535221,0.442724458204,0.795298686029,0.418578255805,2.25,1.9,0.795298686029,2.25,0.217320261438,0.115384615385,6,0.00882352941176,0.17867965368,17,17,17,1,0,0.352941176471,0.470588235294,0.176470588235,1,0.00367647058824,0.0176470588235,0.117647058824,0.0909090909091,-0.131868131868,0.0428779967836,-0.000646429005719,0.00418375031378,0.0381923136861,-0.00828905296849,-0.00744707555853,-0.0576356768785,-0.0484994876259,-0.0278637770898,0.00910111693678,0.000910797224492,0,0.0176470588235,0.00910111693678,0,0.0509803921569,0.0541601255887,3,0.00441176470588,-0.00727272727273,0,0.0588235294118,-0.0588235294118,37,1,0,234,1,0.995744680851,0.00425531914894,0,0.973684210526,1,0.986666666667,0.984652666406,0.995744680851,0.973684210526,3,2,0,0,0,0
1911,WLNM_dir_neg,1,0.5,00:00:02,10,50,13,1983614886,threshold_sweep,0.3,0.666666666667,1,0.8,2,1,0,3,1,0.75,0.25,0,0.666666666667,1,0.8,0.833333333333,0.5,0.666666666667,0.707106781187,0.75,37,35,2,0,37,0,35,0,2,17,37,0.136029411765,1.88235294118,4.35294117647,3.36363636364,2.84615384615,1.69341284359,0.389027274878,0.193958664547,2.09866904602,0.964253345467,0.518282988871,1.87867287326,0.863174022847,0.470588235294,0.786197569093,0.41766745858,2.25,1.88235294118,0.786197569093,2.25,0.166339869281,0.0612244897959,3,0.00441176470588,0.185952380952,17,17,17,1,0,0.352941176471,0.411764705882,0.235294117647,17,0.128676470588,1.90196078431,4.11764705882,3.18181818182,2.69230769231,1.57648156274,0.382859808093,0.201680672269,2.01465221053,0.978545359402,0.524369747899,1.74894926439,0.849489642704,0.463865546218,0.814492905316,0.428238537847,2.33333333333,1.90196078431,0.814492905316,2.33333333333,0,0,0,0,0.164242424242,17,17,17,1,0,0.352941176471,0.411764705882,0.235294117647,17,38,0.139705882353,1.9,4.47058823529,3.45454545455,2.71428571429,1.73629084037,0.388380845872,0.198142414861,2.1368613597,0.955964292498,0.510835913313,1.82103719638,0.814674535221,0.442724458204,0.795298686029,0.418578255805,2.25,1.9,0.795298686029,2.25,0.217320261438,0.115384615385,6,0.00882352941176,0.17867965368,17,17,17,1,0,0.352941176471,0.470588235294,0.176470588235,1,0.00367647058824,0.0176470588235,0.117647058824,0.0909090909091,-0.131868131868,0.0428779967836,-0.000646429005719,0.00418375031378,0.0381923136861,-0.00828905296849,-0.00744707555853,-0.0576356768785,-0.0484994876259,-0.0278637770898,0.00910111693678,0.000910797224492,0,0.0176470588235,0.00910111693678,0,0.0509803921569,0.0541601255887,3,0.00441176470588,-0.00727272727273,0,0.0588235294118,-0.0588235294118,37,1,0,234,1,0.995744680851,0.00425531914894,0,0.973684210526,1,0.986666666667,0.984652666406,0.995744680851,0.973684210526,3,2,0,0,0,0
1912,WLNM_dir_neg,1,0.5,00:00:02,10,50,13,1983614886,threshold_sweep,0.4,0.666666666667,1,0.8,2,1,0,3,1,0.75,0.25,0,0.666666666667,1,0.8,0.833333333333,0.5,0.666666666667,0.707106781187,0.75,37,35,2,0,37,0,35,0,2,17,37,0.136029411765,1.88235294118,4.35294117647,3.36363636364,2.84615384615,1.69341284359,0.389027274878,0.193958664547,2.09866904602,0.964253345467,0.518282988871,1.87867287326,0.863174022847,0.470588235294,0.786197569093,0.41766745858,2.25,1.88235294118,0.786197569093,2.25,0.166339869281,0.0612244897959,3,0.00441176470588,0.185952380952,17,17,17,1,0,0.352941176471,0.411764705882,0.235294117647,17,0.128676470588,1.90196078431,4.11764705882,3.18181818182,2.69230769231,1.57648156274,0.382859808093,0.201680672269,2.01465221053,0.978545359402,0.524369747899,1.74894926439,0.849489642704,0.463865546218,0.814492905316,0.428238537847,2.33333333333,1.90196078431,0.814492905316,2.33333333333,0,0,0,0,0.164242424242,17,17,17,1,0,0.352941176471,0.411764705882,0.235294117647,17,38,0.139705882353,1.9,4.47058823529,3.45454545455,2.71428571429,1.73629084037,0.388380845872,0.198142414861,2.1368613597,0.955964292498,0.510835913313,1.82103719638,0.814674535221,0.442724458204,0.795298686029,0.418578255805,2.25,1.9,0.795298686029,2.25,0.217320261438,0.115384615385,6,0.00882352941176,0.17867965368,17,17,17,1,0,0.352941176471,0.470588235294,0.176470588235,1,0.00367647058824,0.0176470588235,0.117647058824,0.0909090909091,-0.131868131868,0.0428779967836,-0.000646429005719,0.00418375031378,0.0381923136861,-0.00828905296849,-0.00744707555853,-0.0576356768785,-0.0484994876259,-0.0278637770898,0.00910111693678,0.000910797224492,0,0.0176470588235,0.00910111693678,0,0.0509803921569,0.0541601255887,3,0.00441176470588,-0.00727272727273,0,0.0588235294118,-0.0588235294118,37,1,0,234,1,0.995744680851,0.00425531914894,0,0.973684210526,1,0.986666666667,0.984652666406,0.995744680851,0.973684210526,3,2,0,0,0,0
1913,WLNM_dir_neg,1,0.5,00:00:02,10,50,13,1983614886,threshold_sweep,0.5,0.666666666667,1,0.8,2,1,0,3,1,0.75,0.25,0,0.666666666667,1,0.8,0.833333333333,0.5,0.666666666667,0.707106781187,0.75,37,35,2,0,37,0,35,0,2,17,37,0.136029411765,1.88235294118,4.35294117647,3.36363636364,2.84615384615,1.69341284359,0.389027274878,0.193958664547,2.09866904602,0.964253345467,0.518282988871,1.87867287326,0.863174022847,0.470588235294,0.786197569093,0.41766745858,2.25,1.88235294118,0.786197569093,2.25,0.166339869281,0.0612244897959,3,0.00441176470588,0.185952380952,17,17,17,1,0,0.352941176471,0.411764705882,0.235294117647,17,0.128676470588,1.90196078431,4.11764705882,3.18181818182,2.69230769231,1.57648156274,0.382859808093,0.201680672269,2.01465221053,0.978545359402,0.524369747899,1.74894926439,0.849489642704,0.463865546218,0.814492905316,0.428238537847,2.33333333333,1.90196078431,0.814492905316,2.33333333333,0,0,0,0,0.164242424242,17,17,17,1,0,0.352941176471,0.411764705882,0.235294117647,17,38,0.139705882353,1.9,4.47058823529,3.45454545455,2.71428571429,1.73629084037,0.388380845872,0.198142414861,2.1368613597,0.955964292498,0.510835913313,1.82103719638,0.814674535221,0.442724458204,0.795298686029,0.418578255805,2.25,1.9,0.795298686029,2.25,0.217320261438,0.115384615385,6,0.00882352941176,0.17867965368,17,17,17,1,0,0.352941176471,0.470588235294,0.176470588235,1,0.00367647058824,0.0176470588235,0.117647058824,0.0909090909091,-0.131868131868,0.0428779967836,-0.000646429005719,0.00418375031378,0.0381923136861,-0.00828905296849,-0.00744707555853,-0.0576356768785,-0.0484994876259,-0.0278637770898,0.00910111693678,0.000910797224492,0,0.0176470588235,0.00910111693678,0,0.0509803921569,0.0541601255887,3,0.00441176470588,-0.00727272727273,0,0.0588235294118,-0.0588235294118,37,1,0,234,1,0.995744680851,0.00425531914894,0,0.973684210526,1,0.986666666667,0.984652666406,0.995744680851,0.973684210526,3,2,0,0,0,0
1914,WLNM_dir_neg,1,0.5,00:00:02,10,50,13,1983614886,threshold_sweep,0.6,0.666666666667,1,0.8,2,1,0,3,1,0.75,0.25,0,0.666666666667,1,0.8,0.833333333333,0.5,0.666666666667,0.707106781187,0.75,37,35,2,0,37,0,35,0,2,17,37,0.136029411765,1.88235294118,4.35294117647,3.36363636364,2.84615384615,1.69341284359,0.389027274878,0.193958664547,2.09866904602,0.964253345467,0.518282988871,1.87867287326,0.863174022847,0.470588235294,0.786197569093,0.41766745858,2.25,1.88235294118,0.786197569093,2.25,0.166339869281,0.0612244897959,3,0.00441176470588,0.185952380952,17,17,17,1,0,0.352941176471,0.411764705882,0.235294117647,17,0.128676470588,1.90196078431,4.11764705882,3.18181818182,2.69230769231,1.57648156274,0.382859808093,0.201680672269,2.01465221053,0.978545359402,0.524369747899,1.74894926439,0.849489642704,0.463865546218,0.814492905316,0.428238537847,2.33333333333,1.90196078431,0.814492905316,2.33333333333,0,0,0,0,0.164242424242,17,17,17,1,0,0.352941176471,0.411764705882,0.235294117647,17,38,0.139705882353,1.9,4.47058823529,3.45454545455,2.71428571429,1.73629084037,0.388380845872,0.198142414861,2.1368613597,0.955964292498,0.510835913313,1.82103719638,0.814674535221,0.442724458204,0.795298686029,0.418578255805,2.25,1.9,0.795298686029,2.25,0.217320261438,0.115384615385,6,0.00882352941176,0.17867965368,17,17,17,1,0,0.352941176471,0.470588235294,0.176470588235,1,0.00367647058824,0.0176470588235,0.117647058824,0.0909090909091,-0.131868131868,0.0428779967836,-0.000646429005719,0.00418375031378,0.0381923136861,-0.00828905296849,-0.00744707555853,-0.0576356768785,-0.0484994876259,-0.0278637770898,0.00910111693678,0.000910797224492,0,0.0176470588235,0.00910111693678,0,0.0509803921569,0.0541601255887,3,0.00441176470588,-0.00727272727273,0,0.0588235294118,-0.0588235294118,37,1,0,234,1,0.995744680851,0.00425531914894,0,0.973684210526,1,0.986666666667,0.984652666406,0.995744680851,0.973684210526,3,2,0,0,0,0
1915,WLNM_dir_neg,1,0.5,00:00:02,10,50,13,1983614886,threshold_sweep,0.7,0.666666666667,1,0.8,2,1,0,3,1,0.75,0.25,0,0.666666666667,1,0.8,0.833333333333,0.5,0.666666666667,0.707106781187,0.75,37,35,2,0,37,0,35,0,2,17,37,0.136029411765,1.88235294118,4.35294117647,3.36363636364,2.84615384615,1.69341284359,0.389027274878,0.193958664547,2.09866904602,0.964253345467,0.518282988871,1.87867287326,0.863174022847,0.470588235294,0.786197569093,0.41766745858,2.25,1.88235294118,0.786197569093,2.25,0.166339869281,0.0612244897959,3,0.00441176470588,0.185952380952,17,17,17,1,0,0.352941176471,0.411764705882,0.235294117647,17,0.128676470588,1.90196078431,4.11764705882,3.18181818182,2.69230769231,1.57648156274,0.382859808093,0.201680672269,2.01465221053,0.978545359402,0.524369747899,1.74894926439,0.849489642704,0.463865546218,0.814492905316,0.428238537847,2.33333333333,1.90196078431,0.814492905316,2.33333333333,0,0,0,0,0.164242424242,17,17,17,1,0,0.352941176471,0.411764705882,0.235294117647,17,38,0.139705882353,1.9,4.47058823529,3.45454545455,2.71428571429,1.73629084037,0.388380845872,0.198142414861,2.1368613597,0.955964292498,0.510835913313,1.82103719638,0.814674535221,0.442724458204,0.795298686029,0.418578255805,2.25,1.9,0.795298686029,2.25,0.217320261438,0.115384615385,6,0.00882352941176,0.17867965368,17,17,17,1,0,0.352941176471,0.470588235294,0.176470588235,1,0.00367647058824,0.0176470588235,0.117647058824,0.0909090909091,-0.131868131868,0.0428779967836,-0.000646429005719,0.00418375031378,0.0381923136861,-0.00828905296849,-0.00744707555853,-0.0576356768785,-0.0484994876259,-0.0278637770898,0.00910111693678,0.000910797224492,0,0.0176470588235,0.00910111693678,0,0.0509803921569,0.0541601255887,3,0.00441176470588,-0.00727272727273,0,0.0588235294118,-0.0588235294118,37,1,0,234,1,0.995744680851,0.00425531914894,0,0.973684210526,1,0.986666666667,0.984652666406,0.995744680851,0.973684210526,3,2,0,0,0,0
1916,WLNM_dir_neg,1,0.5,00:00:02,10,50,13,1983614886,threshold_sweep,0.8,0.666666666667,1,0.8,2,1,0,3,1,0.75,0.25,0,0.666666666667,1,0.8,0.833333333333,0.5,0.666666666667,0.707106781187,0.75,37,35,2,0,37,0,35,0,2,17,37,0.136029411765,1.88235294118,4.35294117647,3.36363636364,2.84615384615,1.69341284359,0.389027274878,0.193958664547,2.09866904602,0.964253345467,0.518282988871,1.87867287326,0.863174022847,0.470588235294,0.786197569093,0.41766745858,2.25,1.88235294118,0.786197569093,2.25,0.166339869281,0.0612244897959,3,0.00441176470588,0.185952380952,17,17,17,1,0,0.352941176471,0.411764705882,0.235294117647,17,0.128676470588,1.90196078431,4.11764705882,3.18181818182,2.69230769231,1.57648156274,0.382859808093,0.201680672269,2.01465221053,0.978545359402,0.524369747899,1.74894926439,0.849489642704,0.463865546218,0.814492905316,0.428238537847,2.33333333333,1.90196078431,0.814492905316,2.33333333333,0,0,0,0,0.164242424242,17,17,17,1,0,0.352941176471,0.411764705882,0.235294117647,17,38,0.139705882353,1.9,4.47058823529,3.45454545455,2.71428571429,1.73629084037,0.388380845872,0.198142414861,2.1368613597,0.955964292498,0.510835913313,1.82103719638,0.814674535221,0.442724458204,0.795298686029,0.418578255805,2.25,1.9,0.795298686029,2.25,0.217320261438,0.115384615385,6,0.00882352941176,0.17867965368,17,17,17,1,0,0.352941176471,0.470588235294,0.176470588235,1,0.00367647058824,0.0176470588235,0.117647058824,0.0909090909091,-0.131868131868,0.0428779967836,-0.000646429005719,0.00418375031378,0.0381923136861,-0.00828905296849,-0.00744707555853,-0.0576356768785,-0.0484994876259,-0.0278637770898,0.00910111693678,0.000910797224492,0,0.0176470588235,0.00910111693678,0,0.0509803921569,0.0541601255887,3,0.00441176470588,-0.00727272727273,0,0.0588235294118,-0.0588235294118,37,1,0,234,1,0.995744680851,0.00425531914894,0,0.973684210526,1,0.986666666667,0.984652666406,0.995744680851,0.973684210526,3,2,0,0,0,0
1917,WLNM_dir_neg,1,0.5,00:00:02,10,50,13,1983614886,threshold_sweep,0.9,0.666666666667,1,0.8,2,1,0,3,1,0.75,0.25,0,0.666666666667,1,0.8,0.833333333333,0.5,0.666666666667,0.707106781187,0.75,37,35,2,0,37,0,35,0,2,17,37,0.136029411765,1.88235294118,4.35294117647,3.36363636364,2.84615384615,1.69341284359,0.389027274878,0.193958664547,2.09866904602,0.964253345467,0.518282988871,1.87867287326,0.863174022847,0.470588235294,0.786197569093,0.41766745858,2.25,1.88235294118,0.786197569093,2.25,0.166339869281,0.0612244897959,3,0.00441176470588,0.185952380952,17,17,17,1,0,0.352941176471,0.411764705882,0.235294117647,17,0.128676470588,1.90196078431,4.11764705882,3.18181818182,2.69230769231,1.57648156274,0.382859808093,0.201680672269,2.01465221053,0.978545359402,0.524369747899,1.74894926439,0.849489642704,0.463865546218,0.814492905316,0.428238537847,2.33333333333,1.90196078431,0.814492905316,2.33333333333,0,0,0,0,0.164242424242,17,17,17,1,0,0.352941176471,0.411764705882,0.235294117647,17,38,0.139705882353,1.9,4.47058823529,3.45454545455,2.71428571429,1.73629084037,0.388380845872,0.198142414861,2.1368613597,0.955964292498,0.510835913313,1.82103719638,0.814674535221,0.442724458204,0.795298686029,0.418578255805,2.25,1.9,0.795298686029,2.25,0.217320261438,0.115384615385,6,0.00882352941176,0.17867965368,17,17,17,1,0,0.352941176471,0.470588235294,0.176470588235,1,0.00367647058824,0.0176470588235,0.117647058824,0.0909090909091,-0.131868131868,0.0428779967836,-0.000646429005719,0.00418375031378,0.0381923136861,-0.00828905296849,-0.00744707555853,-0.0576356768785,-0.0484994876259,-0.0278637770898,0.00910111693678,0.000910797224492,0,0.0176470588235,0.00910111693678,0,0.0509803921569,0.0541601255887,3,0.00441176470588,-0.00727272727273,0,0.0588235294118,-0.0588235294118,37,1,0,234,1,0.995744680851,0.00425531914894,0,0.973684210526,1,0.986666666667,0.984652666406,0.995744680851,0.973684210526,3,2,0,0,0,0
1918,WLNM_dir_neg,1,0.5,00:00:01,10,50,14,1983614887,threshold_sweep,0.1,1,1,1,2,0,0,4,1,1,0,0,1,1,1,1,0.555555555556,1,1,1,37,35,2,0,37,0,35,0,2,17,37,0.136029411765,1.88235294118,4.35294117647,3.36363636364,2.84615384615,1.69341284359,0.389027274878,0.193958664547,2.09866904602,0.964253345467,0.518282988871,1.87867287326,0.863174022847,0.470588235294,0.786197569093,0.41766745858,2.25,1.88235294118,0.786197569093,2.25,0.166339869281,0.0612244897959,3,0.00441176470588,0.185952380952,17,17,17,1,0,0.352941176471,0.411764705882,0.235294117647,17,0.128676470588,1.90196078431,4.11764705882,3.18181818182,2.69230769231,1.57648156274,0.382859808093,0.201680672269,2.01465221053,0.978545359402,0.524369747899,1.74894926439,0.849489642704,0.463865546218,0.814492905316,0.428238537847,2.33333333333,1.90196078431,0.814492905316,2.33333333333,0,0,0,0,0.164242424242,17,17,17,1,0,0.352941176471,0.411764705882,0.235294117647,17,37,0.136029411765,1.88235294118,4.35294117647,3.36363636364,2.84615384615,1.69341284359,0.389027274878,0.193958664547,2.09866904602,0.964253345467,0.518282988871,1.87867287326,0.863174022847,0.470588235294,0.786197569093,0.41766745858,2.25,1.88235294118,0.786197569093,2.25,0.166339869281,0.0612244897959,3,0.00441176470588,0.185952380952,17,17,17,1,0,0.352941176471,0.411764705882,0.235294117647,0,0,0,0,0,0,0,0,0,0,0,0,0,0,0,0,0,0,0,0,0,0,0,0,0,0,0,0,0,37,0,0,235,1,1,0,0,1,1,1,1,1,1,2,2,0,0,0,0
1919,WLNM_dir_neg,1,0.5,00:00:01,10,50,14,1983614887,threshold_sweep,0.2,1,1,1,2,0,0,4,1,1,0,0,1,1,1,1,0.555555555556,1,1,1,37,35,2,0,37,0,35,0,2,17,37,0.136029411765,1.88235294118,4.35294117647,3.36363636364,2.84615384615,1.69341284359,0.389027274878,0.193958664547,2.09866904602,0.964253345467,0.518282988871,1.87867287326,0.863174022847,0.470588235294,0.786197569093,0.41766745858,2.25,1.88235294118,0.786197569093,2.25,0.166339869281,0.0612244897959,3,0.00441176470588,0.185952380952,17,17,17,1,0,0.352941176471,0.411764705882,0.235294117647,17,0.128676470588,1.90196078431,4.11764705882,3.18181818182,2.69230769231,1.57648156274,0.382859808093,0.201680672269,2.01465221053,0.978545359402,0.524369747899,1.74894926439,0.849489642704,0.463865546218,0.814492905316,0.428238537847,2.33333333333,1.90196078431,0.814492905316,2.33333333333,0,0,0,0,0.164242424242,17,17,17,1,0,0.352941176471,0.411764705882,0.235294117647,17,37,0.136029411765,1.88235294118,4.35294117647,3.36363636364,2.84615384615,1.69341284359,0.389027274878,0.193958664547,2.09866904602,0.964253345467,0.518282988871,1.87867287326,0.863174022847,0.470588235294,0.786197569093,0.41766745858,2.25,1.88235294118,0.786197569093,2.25,0.166339869281,0.0612244897959,3,0.00441176470588,0.185952380952,17,17,17,1,0,0.352941176471,0.411764705882,0.235294117647,0,0,0,0,0,0,0,0,0,0,0,0,0,0,0,0,0,0,0,0,0,0,0,0,0,0,0,0,0,37,0,0,235,1,1,0,0,1,1,1,1,1,1,2,2,0,0,0,0
1920,WLNM_dir_neg,1,0.5,00:00:01,10,50,14,1983614887,threshold_sweep,0.3,1,1,1,2,0,0,4,1,1,0,0,1,1,1,1,0.555555555556,1,1,1,37,35,2,0,37,0,35,0,2,17,37,0.136029411765,1.88235294118,4.35294117647,3.36363636364,2.84615384615,1.69341284359,0.389027274878,0.193958664547,2.09866904602,0.964253345467,0.518282988871,1.87867287326,0.863174022847,0.470588235294,0.786197569093,0.41766745858,2.25,1.88235294118,0.786197569093,2.25,0.166339869281,0.0612244897959,3,0.00441176470588,0.185952380952,17,17,17,1,0,0.352941176471,0.411764705882,0.235294117647,17,0.128676470588,1.90196078431,4.11764705882,3.18181818182,2.69230769231,1.57648156274,0.382859808093,0.201680672269,2.01465221053,0.978545359402,0.524369747899,1.74894926439,0.849489642704,0.463865546218,0.814492905316,0.428238537847,2.33333333333,1.90196078431,0.814492905316,2.33333333333,0,0,0,0,0.164242424242,17,17,17,1,0,0.352941176471,0.411764705882,0.235294117647,17,37,0.136029411765,1.88235294118,4.35294117647,3.36363636364,2.84615384615,1.69341284359,0.389027274878,0.193958664547,2.09866904602,0.964253345467,0.518282988871,1.87867287326,0.863174022847,0.470588235294,0.786197569093,0.41766745858,2.25,1.88235294118,0.786197569093,2.25,0.166339869281,0.0612244897959,3,0.00441176470588,0.185952380952,17,17,17,1,0,0.352941176471,0.411764705882,0.235294117647,0,0,0,0,0,0,0,0,0,0,0,0,0,0,0,0,0,0,0,0,0,0,0,0,0,0,0,0,0,37,0,0,235,1,1,0,0,1,1,1,1,1,1,2,2,0,0,0,0
1921,WLNM_dir_neg,1,0.5,00:00:01,10,50,14,1983614887,threshold_sweep,0.4,1,1,1,2,0,0,4,1,1,0,0,1,1,1,1,0.555555555556,1,1,1,37,35,2,0,37,0,35,0,2,17,37,0.136029411765,1.88235294118,4.35294117647,3.36363636364,2.84615384615,1.69341284359,0.389027274878,0.193958664547,2.09866904602,0.964253345467,0.518282988871,1.87867287326,0.863174022847,0.470588235294,0.786197569093,0.41766745858,2.25,1.88235294118,0.786197569093,2.25,0.166339869281,0.0612244897959,3,0.00441176470588,0.185952380952,17,17,17,1,0,0.352941176471,0.411764705882,0.235294117647,17,0.128676470588,1.90196078431,4.11764705882,3.18181818182,2.69230769231,1.57648156274,0.382859808093,0.201680672269,2.01465221053,0.978545359402,0.524369747899,1.74894926439,0.849489642704,0.463865546218,0.814492905316,0.428238537847,2.33333333333,1.90196078431,0.814492905316,2.33333333333,0,0,0,0,0.164242424242,17,17,17,1,0,0.352941176471,0.411764705882,0.235294117647,17,37,0.136029411765,1.88235294118,4.35294117647,3.36363636364,2.84615384615,1.69341284359,0.389027274878,0.193958664547,2.09866904602,0.964253345467,0.518282988871,1.87867287326,0.863174022847,0.470588235294,0.786197569093,0.41766745858,2.25,1.88235294118,0.786197569093,2.25,0.166339869281,0.0612244897959,3,0.00441176470588,0.185952380952,17,17,17,1,0,0.352941176471,0.411764705882,0.235294117647,0,0,0,0,0,0,0,0,0,0,0,0,0,0,0,0,0,0,0,0,0,0,0,0,0,0,0,0,0,37,0,0,235,1,1,0,0,1,1,1,1,1,1,2,2,0,0,0,0
1922,WLNM_dir_neg,1,0.5,00:00:01,10,50,14,1983614887,threshold_sweep,0.5,1,1,1,2,0,0,4,1,1,0,0,1,1,1,1,0.555555555556,1,1,1,37,35,2,0,37,0,35,0,2,17,37,0.136029411765,1.88235294118,4.35294117647,3.36363636364,2.84615384615,1.69341284359,0.389027274878,0.193958664547,2.09866904602,0.964253345467,0.518282988871,1.87867287326,0.863174022847,0.470588235294,0.786197569093,0.41766745858,2.25,1.88235294118,0.786197569093,2.25,0.166339869281,0.0612244897959,3,0.00441176470588,0.185952380952,17,17,17,1,0,0.352941176471,0.411764705882,0.235294117647,17,0.128676470588,1.90196078431,4.11764705882,3.18181818182,2.69230769231,1.57648156274,0.382859808093,0.201680672269,2.01465221053,0.978545359402,0.524369747899,1.74894926439,0.849489642704,0.463865546218,0.814492905316,0.428238537847,2.33333333333,1.90196078431,0.814492905316,2.33333333333,0,0,0,0,0.164242424242,17,17,17,1,0,0.352941176471,0.411764705882,0.235294117647,17,37,0.136029411765,1.88235294118,4.35294117647,3.36363636364,2.84615384615,1.69341284359,0.389027274878,0.193958664547,2.09866904602,0.964253345467,0.518282988871,1.87867287326,0.863174022847,0.470588235294,0.786197569093,0.41766745858,2.25,1.88235294118,0.786197569093,2.25,0.166339869281,0.0612244897959,3,0.00441176470588,0.185952380952,17,17,17,1,0,0.352941176471,0.411764705882,0.235294117647,0,0,0,0,0,0,0,0,0,0,0,0,0,0,0,0,0,0,0,0,0,0,0,0,0,0,0,0,0,37,0,0,235,1,1,0,0,1,1,1,1,1,1,2,2,0,0,0,0
1923,WLNM_dir_neg,1,0.5,00:00:01,10,50,14,1983614887,threshold_sweep,0.6,1,1,1,2,0,0,4,1,1,0,0,1,1,1,1,0.555555555556,1,1,1,37,35,2,0,37,0,35,0,2,17,37,0.136029411765,1.88235294118,4.35294117647,3.36363636364,2.84615384615,1.69341284359,0.389027274878,0.193958664547,2.09866904602,0.964253345467,0.518282988871,1.87867287326,0.863174022847,0.470588235294,0.786197569093,0.41766745858,2.25,1.88235294118,0.786197569093,2.25,0.166339869281,0.0612244897959,3,0.00441176470588,0.185952380952,17,17,17,1,0,0.352941176471,0.411764705882,0.235294117647,17,0.128676470588,1.90196078431,4.11764705882,3.18181818182,2.69230769231,1.57648156274,0.382859808093,0.201680672269,2.01465221053,0.978545359402,0.524369747899,1.74894926439,0.849489642704,0.463865546218,0.814492905316,0.428238537847,2.33333333333,1.90196078431,0.814492905316,2.33333333333,0,0,0,0,0.164242424242,17,17,17,1,0,0.352941176471,0.411764705882,0.235294117647,17,37,0.136029411765,1.88235294118,4.35294117647,3.36363636364,2.84615384615,1.69341284359,0.389027274878,0.193958664547,2.09866904602,0.964253345467,0.518282988871,1.87867287326,0.863174022847,0.470588235294,0.786197569093,0.41766745858,2.25,1.88235294118,0.786197569093,2.25,0.166339869281,0.0612244897959,3,0.00441176470588,0.185952380952,17,17,17,1,0,0.352941176471,0.411764705882,0.235294117647,0,0,0,0,0,0,0,0,0,0,0,0,0,0,0,0,0,0,0,0,0,0,0,0,0,0,0,0,0,37,0,0,235,1,1,0,0,1,1,1,1,1,1,2,2,0,0,0,0
1924,WLNM_dir_neg,1,0.5,00:00:01,10,50,14,1983614887,threshold_sweep,0.7,1,1,1,2,0,0,4,1,1,0,0,1,1,1,1,0.555555555556,1,1,1,37,35,2,0,37,0,35,0,2,17,37,0.136029411765,1.88235294118,4.35294117647,3.36363636364,2.84615384615,1.69341284359,0.389027274878,0.193958664547,2.09866904602,0.964253345467,0.518282988871,1.87867287326,0.863174022847,0.470588235294,0.786197569093,0.41766745858,2.25,1.88235294118,0.786197569093,2.25,0.166339869281,0.0612244897959,3,0.00441176470588,0.185952380952,17,17,17,1,0,0.352941176471,0.411764705882,0.235294117647,17,0.128676470588,1.90196078431,4.11764705882,3.18181818182,2.69230769231,1.57648156274,0.382859808093,0.201680672269,2.01465221053,0.978545359402,0.524369747899,1.74894926439,0.849489642704,0.463865546218,0.814492905316,0.428238537847,2.33333333333,1.90196078431,0.814492905316,2.33333333333,0,0,0,0,0.164242424242,17,17,17,1,0,0.352941176471,0.411764705882,0.235294117647,17,37,0.136029411765,1.88235294118,4.35294117647,3.36363636364,2.84615384615,1.69341284359,0.389027274878,0.193958664547,2.09866904602,0.964253345467,0.518282988871,1.87867287326,0.863174022847,0.470588235294,0.786197569093,0.41766745858,2.25,1.88235294118,0.786197569093,2.25,0.166339869281,0.0612244897959,3,0.00441176470588,0.185952380952,17,17,17,1,0,0.352941176471,0.411764705882,0.235294117647,0,0,0,0,0,0,0,0,0,0,0,0,0,0,0,0,0,0,0,0,0,0,0,0,0,0,0,0,0,37,0,0,235,1,1,0,0,1,1,1,1,1,1,2,2,0,0,0,0
1925,WLNM_dir_neg,1,0.5,00:00:01,10,50,14,1983614887,threshold_sweep,0.8,1,1,1,2,0,0,4,1,1,0,0,1,1,1,1,0.555555555556,1,1,1,37,35,2,0,37,0,35,0,2,17,37,0.136029411765,1.88235294118,4.35294117647,3.36363636364,2.84615384615,1.69341284359,0.389027274878,0.193958664547,2.09866904602,0.964253345467,0.518282988871,1.87867287326,0.863174022847,0.470588235294,0.786197569093,0.41766745858,2.25,1.88235294118,0.786197569093,2.25,0.166339869281,0.0612244897959,3,0.00441176470588,0.185952380952,17,17,17,1,0,0.352941176471,0.411764705882,0.235294117647,17,0.128676470588,1.90196078431,4.11764705882,3.18181818182,2.69230769231,1.57648156274,0.382859808093,0.201680672269,2.01465221053,0.978545359402,0.524369747899,1.74894926439,0.849489642704,0.463865546218,0.814492905316,0.428238537847,2.33333333333,1.90196078431,0.814492905316,2.33333333333,0,0,0,0,0.164242424242,17,17,17,1,0,0.352941176471,0.411764705882,0.235294117647,17,37,0.136029411765,1.88235294118,4.35294117647,3.36363636364,2.84615384615,1.69341284359,0.389027274878,0.193958664547,2.09866904602,0.964253345467,0.518282988871,1.87867287326,0.863174022847,0.470588235294,0.786197569093,0.41766745858,2.25,1.88235294118,0.786197569093,2.25,0.166339869281,0.0612244897959,3,0.00441176470588,0.185952380952,17,17,17,1,0,0.352941176471,0.411764705882,0.235294117647,0,0,0,0,0,0,0,0,0,0,0,0,0,0,0,0,0,0,0,0,0,0,0,0,0,0,0,0,0,37,0,0,235,1,1,0,0,1,1,1,1,1,1,2,2,0,0,0,0
1926,WLNM_dir_neg,1,0.5,00:00:01,10,50,14,1983614887,threshold_sweep,0.9,1,1,1,2,0,0,4,1,1,0,0,1,1,1,1,0.555555555556,1,1,1,37,35,2,0,37,0,35,0,2,17,37,0.136029411765,1.88235294118,4.35294117647,3.36363636364,2.84615384615,1.69341284359,0.389027274878,0.193958664547,2.09866904602,0.964253345467,0.518282988871,1.87867287326,0.863174022847,0.470588235294,0.786197569093,0.41766745858,2.25,1.88235294118,0.786197569093,2.25,0.166339869281,0.0612244897959,3,0.00441176470588,0.185952380952,17,17,17,1,0,0.352941176471,0.411764705882,0.235294117647,17,0.128676470588,1.90196078431,4.11764705882,3.18181818182,2.69230769231,1.57648156274,0.382859808093,0.201680672269,2.01465221053,0.978545359402,0.524369747899,1.74894926439,0.849489642704,0.463865546218,0.814492905316,0.428238537847,2.33333333333,1.90196078431,0.814492905316,2.33333333333,0,0,0,0,0.164242424242,17,17,17,1,0,0.352941176471,0.411764705882,0.235294117647,17,37,0.136029411765,1.88235294118,4.35294117647,3.36363636364,2.84615384615,1.69341284359,0.389027274878,0.193958664547,2.09866904602,0.964253345467,0.518282988871,1.87867287326,0.863174022847,0.470588235294,0.786197569093,0.41766745858,2.25,1.88235294118,0.786197569093,2.25,0.166339869281,0.0612244897959,3,0.00441176470588,0.185952380952,17,17,17,1,0,0.352941176471,0.411764705882,0.235294117647,0,0,0,0,0,0,0,0,0,0,0,0,0,0,0,0,0,0,0,0,0,0,0,0,0,0,0,0,0,37,0,0,235,1,1,0,0,1,1,1,1,1,1,2,2,0,0,0,0
1927,WLNM_dir_neg,0.875,0.291666666667,00:00:02,10,50,15,1983614888,threshold_sweep,0.1,0.666666666667,1,0.8,2,1,0,3,1,0.75,0.25,0,0.666666666667,1,0.8,0.833333333333,0.5,0.666666666667,0.707106781187,0.75,37,35,2,0,37,0,35,0,2,17,37,0.136029411765,1.88235294118,4.35294117647,3.36363636364,2.84615384615,1.69341284359,0.389027274878,0.193958664547,2.09866904602,0.964253345467,0.518282988871,1.87867287326,0.863174022847,0.470588235294,0.786197569093,0.41766745858,2.25,1.88235294118,0.786197569093,2.25,0.166339869281,0.0612244897959,3,0.00441176470588,0.185952380952,17,17,17,1,0,0.352941176471,0.411764705882,0.235294117647,17,0.128676470588,1.90196078431,4.11764705882,3.18181818182,2.69230769231,1.57648156274,0.382859808093,0.201680672269,2.01465221053,0.978545359402,0.524369747899,1.74894926439,0.849489642704,0.463865546218,0.814492905316,0.428238537847,2.33333333333,1.90196078431,0.814492905316,2.33333333333,0,0,0,0,0.164242424242,17,17,17,1,0,0.352941176471,0.411764705882,0.235294117647,17,38,0.139705882353,1.88970588235,4.47058823529,3.45454545455,2.71428571429,1.73629084037,0.388380845872,0.198142414861,2.19457888229,0.981785289445,0.529411764706,1.82103719638,0.814674535221,0.442724458204,0.797802588732,0.42218347108,2.25,1.88970588235,0.797802588732,2.25,0.185620915033,0.0961538461538,5,0.00735294117647,0.183398268398,17,17,17,1,0,0.352941176471,0.470588235294,0.176470588235,1,0.00367647058824,0.00735294117647,0.117647058824,0.0909090909091,-0.131868131868,0.0428779967836,-0.000646429005719,0.00418375031378,0.0959098362728,0.0175319439782,0.0111287758347,-0.0576356768785,-0.0484994876259,-0.0278637770898,0.0116050196399,0.00451601249979,0,0.00735294117647,0.0116050196399,0,0.0192810457516,0.0349293563579,2,0.00294117647059,-0.00255411255411,0,0.0588235294118,-0.0588235294118,37,1,0,234,1,0.995744680851,0.00425531914894,0,0.973684210526,1,0.986666666667,0.984652666406,0.995744680851,0.973684210526,3,2,0,0,0,0
1928,WLNM_dir_neg,0.875,0.291666666667,00:00:02,10,50,15,1983614888,threshold_sweep,0.2,0.666666666667,1,0.8,2,1,0,3,1,0.75,0.25,0,0.666666666667,1,0.8,0.833333333333,0.5,0.666666666667,0.707106781187,0.75,37,35,2,0,37,0,35,0,2,17,37,0.136029411765,1.88235294118,4.35294117647,3.36363636364,2.84615384615,1.69341284359,0.389027274878,0.193958664547,2.09866904602,0.964253345467,0.518282988871,1.87867287326,0.863174022847,0.470588235294,0.786197569093,0.41766745858,2.25,1.88235294118,0.786197569093,2.25,0.166339869281,0.0612244897959,3,0.00441176470588,0.185952380952,17,17,17,1,0,0.352941176471,0.411764705882,0.235294117647,17,0.128676470588,1.90196078431,4.11764705882,3.18181818182,2.69230769231,1.57648156274,0.382859808093,0.201680672269,2.01465221053,0.978545359402,0.524369747899,1.74894926439,0.849489642704,0.463865546218,0.814492905316,0.428238537847,2.33333333333,1.90196078431,0.814492905316,2.33333333333,0,0,0,0,0.164242424242,17,17,17,1,0,0.352941176471,0.411764705882,0.235294117647,17,38,0.139705882353,1.88970588235,4.47058823529,3.45454545455,2.71428571429,1.73629084037,0.388380845872,0.198142414861,2.19457888229,0.981785289445,0.529411764706,1.82103719638,0.814674535221,0.442724458204,0.797802588732,0.42218347108,2.25,1.88970588235,0.797802588732,2.25,0.185620915033,0.0961538461538,5,0.00735294117647,0.183398268398,17,17,17,1,0,0.352941176471,0.470588235294,0.176470588235,1,0.00367647058824,0.00735294117647,0.117647058824,0.0909090909091,-0.131868131868,0.0428779967836,-0.000646429005719,0.00418375031378,0.0959098362728,0.0175319439782,0.0111287758347,-0.0576356768785,-0.0484994876259,-0.0278637770898,0.0116050196399,0.00451601249979,0,0.00735294117647,0.0116050196399,0,0.0192810457516,0.0349293563579,2,0.00294117647059,-0.00255411255411,0,0.0588235294118,-0.0588235294118,37,1,0,234,1,0.995744680851,0.00425531914894,0,0.973684210526,1,0.986666666667,0.984652666406,0.995744680851,0.973684210526,3,2,0,0,0,0
1929,WLNM_dir_neg,0.875,0.291666666667,00:00:02,10,50,15,1983614888,threshold_sweep,0.3,0.666666666667,1,0.8,2,1,0,3,1,0.75,0.25,0,0.666666666667,1,0.8,0.833333333333,0.5,0.666666666667,0.707106781187,0.75,37,35,2,0,37,0,35,0,2,17,37,0.136029411765,1.88235294118,4.35294117647,3.36363636364,2.84615384615,1.69341284359,0.389027274878,0.193958664547,2.09866904602,0.964253345467,0.518282988871,1.87867287326,0.863174022847,0.470588235294,0.786197569093,0.41766745858,2.25,1.88235294118,0.786197569093,2.25,0.166339869281,0.0612244897959,3,0.00441176470588,0.185952380952,17,17,17,1,0,0.352941176471,0.411764705882,0.235294117647,17,0.128676470588,1.90196078431,4.11764705882,3.18181818182,2.69230769231,1.57648156274,0.382859808093,0.201680672269,2.01465221053,0.978545359402,0.524369747899,1.74894926439,0.849489642704,0.463865546218,0.814492905316,0.428238537847,2.33333333333,1.90196078431,0.814492905316,2.33333333333,0,0,0,0,0.164242424242,17,17,17,1,0,0.352941176471,0.411764705882,0.235294117647,17,38,0.139705882353,1.88970588235,4.47058823529,3.45454545455,2.71428571429,1.73629084037,0.388380845872,0.198142414861,2.19457888229,0.981785289445,0.529411764706,1.82103719638,0.814674535221,0.442724458204,0.797802588732,0.42218347108,2.25,1.88970588235,0.797802588732,2.25,0.185620915033,0.0961538461538,5,0.00735294117647,0.183398268398,17,17,17,1,0,0.352941176471,0.470588235294,0.176470588235,1,0.00367647058824,0.00735294117647,0.117647058824,0.0909090909091,-0.131868131868,0.0428779967836,-0.000646429005719,0.00418375031378,0.0959098362728,0.0175319439782,0.0111287758347,-0.0576356768785,-0.0484994876259,-0.0278637770898,0.0116050196399,0.00451601249979,0,0.00735294117647,0.0116050196399,0,0.0192810457516,0.0349293563579,2,0.00294117647059,-0.00255411255411,0,0.0588235294118,-0.0588235294118,37,1,0,234,1,0.995744680851,0.00425531914894,0,0.973684210526,1,0.986666666667,0.984652666406,0.995744680851,0.973684210526,3,2,0,0,0,0
1930,WLNM_dir_neg,0.875,0.291666666667,00:00:02,10,50,15,1983614888,threshold_sweep,0.4,0.666666666667,1,0.8,2,1,0,3,1,0.75,0.25,0,0.666666666667,1,0.8,0.833333333333,0.5,0.666666666667,0.707106781187,0.75,37,35,2,0,37,0,35,0,2,17,37,0.136029411765,1.88235294118,4.35294117647,3.36363636364,2.84615384615,1.69341284359,0.389027274878,0.193958664547,2.09866904602,0.964253345467,0.518282988871,1.87867287326,0.863174022847,0.470588235294,0.786197569093,0.41766745858,2.25,1.88235294118,0.786197569093,2.25,0.166339869281,0.0612244897959,3,0.00441176470588,0.185952380952,17,17,17,1,0,0.352941176471,0.411764705882,0.235294117647,17,0.128676470588,1.90196078431,4.11764705882,3.18181818182,2.69230769231,1.57648156274,0.382859808093,0.201680672269,2.01465221053,0.978545359402,0.524369747899,1.74894926439,0.849489642704,0.463865546218,0.814492905316,0.428238537847,2.33333333333,1.90196078431,0.814492905316,2.33333333333,0,0,0,0,0.164242424242,17,17,17,1,0,0.352941176471,0.411764705882,0.235294117647,17,38,0.139705882353,1.88970588235,4.47058823529,3.45454545455,2.71428571429,1.73629084037,0.388380845872,0.198142414861,2.19457888229,0.981785289445,0.529411764706,1.82103719638,0.814674535221,0.442724458204,0.797802588732,0.42218347108,2.25,1.88970588235,0.797802588732,2.25,0.185620915033,0.0961538461538,5,0.00735294117647,0.183398268398,17,17,17,1,0,0.352941176471,0.470588235294,0.176470588235,1,0.00367647058824,0.00735294117647,0.117647058824,0.0909090909091,-0.131868131868,0.0428779967836,-0.000646429005719,0.00418375031378,0.0959098362728,0.0175319439782,0.0111287758347,-0.0576356768785,-0.0484994876259,-0.0278637770898,0.0116050196399,0.00451601249979,0,0.00735294117647,0.0116050196399,0,0.0192810457516,0.0349293563579,2,0.00294117647059,-0.00255411255411,0,0.0588235294118,-0.0588235294118,37,1,0,234,1,0.995744680851,0.00425531914894,0,0.973684210526,1,0.986666666667,0.984652666406,0.995744680851,0.973684210526,3,2,0,0,0,0
1931,WLNM_dir_neg,0.875,0.291666666667,00:00:02,10,50,15,1983614888,threshold_sweep,0.5,0.666666666667,1,0.8,2,1,0,3,1,0.75,0.25,0,0.666666666667,1,0.8,0.833333333333,0.5,0.666666666667,0.707106781187,0.75,37,35,2,0,37,0,35,0,2,17,37,0.136029411765,1.88235294118,4.35294117647,3.36363636364,2.84615384615,1.69341284359,0.389027274878,0.193958664547,2.09866904602,0.964253345467,0.518282988871,1.87867287326,0.863174022847,0.470588235294,0.786197569093,0.41766745858,2.25,1.88235294118,0.786197569093,2.25,0.166339869281,0.0612244897959,3,0.00441176470588,0.185952380952,17,17,17,1,0,0.352941176471,0.411764705882,0.235294117647,17,0.128676470588,1.90196078431,4.11764705882,3.18181818182,2.69230769231,1.57648156274,0.382859808093,0.201680672269,2.01465221053,0.978545359402,0.524369747899,1.74894926439,0.849489642704,0.463865546218,0.814492905316,0.428238537847,2.33333333333,1.90196078431,0.814492905316,2.33333333333,0,0,0,0,0.164242424242,17,17,17,1,0,0.352941176471,0.411764705882,0.235294117647,17,38,0.139705882353,1.88970588235,4.47058823529,3.45454545455,2.71428571429,1.73629084037,0.388380845872,0.198142414861,2.19457888229,0.981785289445,0.529411764706,1.82103719638,0.814674535221,0.442724458204,0.797802588732,0.42218347108,2.25,1.88970588235,0.797802588732,2.25,0.185620915033,0.0961538461538,5,0.00735294117647,0.183398268398,17,17,17,1,0,0.352941176471,0.470588235294,0.176470588235,1,0.00367647058824,0.00735294117647,0.117647058824,0.0909090909091,-0.131868131868,0.0428779967836,-0.000646429005719,0.00418375031378,0.0959098362728,0.0175319439782,0.0111287758347,-0.0576356768785,-0.0484994876259,-0.0278637770898,0.0116050196399,0.00451601249979,0,0.00735294117647,0.0116050196399,0,0.0192810457516,0.0349293563579,2,0.00294117647059,-0.00255411255411,0,0.0588235294118,-0.0588235294118,37,1,0,234,1,0.995744680851,0.00425531914894,0,0.973684210526,1,0.986666666667,0.984652666406,0.995744680851,0.973684210526,3,2,0,0,0,0
1932,WLNM_dir_neg,0.875,0.291666666667,00:00:02,10,50,15,1983614888,threshold_sweep,0.6,0.666666666667,1,0.8,2,1,0,3,1,0.75,0.25,0,0.666666666667,1,0.8,0.833333333333,0.5,0.666666666667,0.707106781187,0.75,37,35,2,0,37,0,35,0,2,17,37,0.136029411765,1.88235294118,4.35294117647,3.36363636364,2.84615384615,1.69341284359,0.389027274878,0.193958664547,2.09866904602,0.964253345467,0.518282988871,1.87867287326,0.863174022847,0.470588235294,0.786197569093,0.41766745858,2.25,1.88235294118,0.786197569093,2.25,0.166339869281,0.0612244897959,3,0.00441176470588,0.185952380952,17,17,17,1,0,0.352941176471,0.411764705882,0.235294117647,17,0.128676470588,1.90196078431,4.11764705882,3.18181818182,2.69230769231,1.57648156274,0.382859808093,0.201680672269,2.01465221053,0.978545359402,0.524369747899,1.74894926439,0.849489642704,0.463865546218,0.814492905316,0.428238537847,2.33333333333,1.90196078431,0.814492905316,2.33333333333,0,0,0,0,0.164242424242,17,17,17,1,0,0.352941176471,0.411764705882,0.235294117647,17,38,0.139705882353,1.88970588235,4.47058823529,3.45454545455,2.71428571429,1.73629084037,0.388380845872,0.198142414861,2.19457888229,0.981785289445,0.529411764706,1.82103719638,0.814674535221,0.442724458204,0.797802588732,0.42218347108,2.25,1.88970588235,0.797802588732,2.25,0.185620915033,0.0961538461538,5,0.00735294117647,0.183398268398,17,17,17,1,0,0.352941176471,0.470588235294,0.176470588235,1,0.00367647058824,0.00735294117647,0.117647058824,0.0909090909091,-0.131868131868,0.0428779967836,-0.000646429005719,0.00418375031378,0.0959098362728,0.0175319439782,0.0111287758347,-0.0576356768785,-0.0484994876259,-0.0278637770898,0.0116050196399,0.00451601249979,0,0.00735294117647,0.0116050196399,0,0.0192810457516,0.0349293563579,2,0.00294117647059,-0.00255411255411,0,0.0588235294118,-0.0588235294118,37,1,0,234,1,0.995744680851,0.00425531914894,0,0.973684210526,1,0.986666666667,0.984652666406,0.995744680851,0.973684210526,3,2,0,0,0,0
1933,WLNM_dir_neg,0.875,0.291666666667,00:00:02,10,50,15,1983614888,threshold_sweep,0.7,0.666666666667,1,0.8,2,1,0,3,1,0.75,0.25,0,0.666666666667,1,0.8,0.833333333333,0.5,0.666666666667,0.707106781187,0.75,37,35,2,0,37,0,35,0,2,17,37,0.136029411765,1.88235294118,4.35294117647,3.36363636364,2.84615384615,1.69341284359,0.389027274878,0.193958664547,2.09866904602,0.964253345467,0.518282988871,1.87867287326,0.863174022847,0.470588235294,0.786197569093,0.41766745858,2.25,1.88235294118,0.786197569093,2.25,0.166339869281,0.0612244897959,3,0.00441176470588,0.185952380952,17,17,17,1,0,0.352941176471,0.411764705882,0.235294117647,17,0.128676470588,1.90196078431,4.11764705882,3.18181818182,2.69230769231,1.57648156274,0.382859808093,0.201680672269,2.01465221053,0.978545359402,0.524369747899,1.74894926439,0.849489642704,0.463865546218,0.814492905316,0.428238537847,2.33333333333,1.90196078431,0.814492905316,2.33333333333,0,0,0,0,0.164242424242,17,17,17,1,0,0.352941176471,0.411764705882,0.235294117647,17,38,0.139705882353,1.88970588235,4.47058823529,3.45454545455,2.71428571429,1.73629084037,0.388380845872,0.198142414861,2.19457888229,0.981785289445,0.529411764706,1.82103719638,0.814674535221,0.442724458204,0.797802588732,0.42218347108,2.25,1.88970588235,0.797802588732,2.25,0.185620915033,0.0961538461538,5,0.00735294117647,0.183398268398,17,17,17,1,0,0.352941176471,0.470588235294,0.176470588235,1,0.00367647058824,0.00735294117647,0.117647058824,0.0909090909091,-0.131868131868,0.0428779967836,-0.000646429005719,0.00418375031378,0.0959098362728,0.0175319439782,0.0111287758347,-0.0576356768785,-0.0484994876259,-0.0278637770898,0.0116050196399,0.00451601249979,0,0.00735294117647,0.0116050196399,0,0.0192810457516,0.0349293563579,2,0.00294117647059,-0.00255411255411,0,0.0588235294118,-0.0588235294118,37,1,0,234,1,0.995744680851,0.00425531914894,0,0.973684210526,1,0.986666666667,0.984652666406,0.995744680851,0.973684210526,3,2,0,0,0,0
1934,WLNM_dir_neg,0.875,0.291666666667,00:00:02,10,50,15,1983614888,threshold_sweep,0.8,0.666666666667,1,0.8,2,1,0,3,1,0.75,0.25,0,0.666666666667,1,0.8,0.833333333333,0.5,0.666666666667,0.707106781187,0.75,37,35,2,0,37,0,35,0,2,17,37,0.136029411765,1.88235294118,4.35294117647,3.36363636364,2.84615384615,1.69341284359,0.389027274878,0.193958664547,2.09866904602,0.964253345467,0.518282988871,1.87867287326,0.863174022847,0.470588235294,0.786197569093,0.41766745858,2.25,1.88235294118,0.786197569093,2.25,0.166339869281,0.0612244897959,3,0.00441176470588,0.185952380952,17,17,17,1,0,0.352941176471,0.411764705882,0.235294117647,17,0.128676470588,1.90196078431,4.11764705882,3.18181818182,2.69230769231,1.57648156274,0.382859808093,0.201680672269,2.01465221053,0.978545359402,0.524369747899,1.74894926439,0.849489642704,0.463865546218,0.814492905316,0.428238537847,2.33333333333,1.90196078431,0.814492905316,2.33333333333,0,0,0,0,0.164242424242,17,17,17,1,0,0.352941176471,0.411764705882,0.235294117647,17,38,0.139705882353,1.88970588235,4.47058823529,3.45454545455,2.71428571429,1.73629084037,0.388380845872,0.198142414861,2.19457888229,0.981785289445,0.529411764706,1.82103719638,0.814674535221,0.442724458204,0.797802588732,0.42218347108,2.25,1.88970588235,0.797802588732,2.25,0.185620915033,0.0961538461538,5,0.00735294117647,0.183398268398,17,17,17,1,0,0.352941176471,0.470588235294,0.176470588235,1,0.00367647058824,0.00735294117647,0.117647058824,0.0909090909091,-0.131868131868,0.0428779967836,-0.000646429005719,0.00418375031378,0.0959098362728,0.0175319439782,0.0111287758347,-0.0576356768785,-0.0484994876259,-0.0278637770898,0.0116050196399,0.00451601249979,0,0.00735294117647,0.0116050196399,0,0.0192810457516,0.0349293563579,2,0.00294117647059,-0.00255411255411,0,0.0588235294118,-0.0588235294118,37,1,0,234,1,0.995744680851,0.00425531914894,0,0.973684210526,1,0.986666666667,0.984652666406,0.995744680851,0.973684210526,3,2,0,0,0,0
1935,WLNM_dir_neg,0.875,0.291666666667,00:00:02,10,50,15,1983614888,threshold_sweep,0.9,0.666666666667,1,0.8,2,1,0,3,1,0.75,0.25,0,0.666666666667,1,0.8,0.833333333333,0.5,0.666666666667,0.707106781187,0.75,37,35,2,0,37,0,35,0,2,17,37,0.136029411765,1.88235294118,4.35294117647,3.36363636364,2.84615384615,1.69341284359,0.389027274878,0.193958664547,2.09866904602,0.964253345467,0.518282988871,1.87867287326,0.863174022847,0.470588235294,0.786197569093,0.41766745858,2.25,1.88235294118,0.786197569093,2.25,0.166339869281,0.0612244897959,3,0.00441176470588,0.185952380952,17,17,17,1,0,0.352941176471,0.411764705882,0.235294117647,17,0.128676470588,1.90196078431,4.11764705882,3.18181818182,2.69230769231,1.57648156274,0.382859808093,0.201680672269,2.01465221053,0.978545359402,0.524369747899,1.74894926439,0.849489642704,0.463865546218,0.814492905316,0.428238537847,2.33333333333,1.90196078431,0.814492905316,2.33333333333,0,0,0,0,0.164242424242,17,17,17,1,0,0.352941176471,0.411764705882,0.235294117647,17,38,0.139705882353,1.88970588235,4.47058823529,3.45454545455,2.71428571429,1.73629084037,0.388380845872,0.198142414861,2.19457888229,0.981785289445,0.529411764706,1.82103719638,0.814674535221,0.442724458204,0.797802588732,0.42218347108,2.25,1.88970588235,0.797802588732,2.25,0.185620915033,0.0961538461538,5,0.00735294117647,0.183398268398,17,17,17,1,0,0.352941176471,0.470588235294,0.176470588235,1,0.00367647058824,0.00735294117647,0.117647058824,0.0909090909091,-0.131868131868,0.0428779967836,-0.000646429005719,0.00418375031378,0.0959098362728,0.0175319439782,0.0111287758347,-0.0576356768785,-0.0484994876259,-0.0278637770898,0.0116050196399,0.00451601249979,0,0.00735294117647,0.0116050196399,0,0.0192810457516,0.0349293563579,2,0.00294117647059,-0.00255411255411,0,0.0588235294118,-0.0588235294118,37,1,0,234,1,0.995744680851,0.00425531914894,0,0.973684210526,1,0.986666666667,0.984652666406,0.995744680851,0.973684210526,3,2,0,0,0,0
1936,WLNM_dir_neg,1,0.5,00:00:02,10,50,16,1983614889,threshold_sweep,0.1,1,1,1,2,0,0,4,1,1,0,0,1,1,1,1,0.555555555556,1,1,1,37,35,2,0,37,0,35,0,2,17,37,0.136029411765,1.88235294118,4.35294117647,3.36363636364,2.84615384615,1.69341284359,0.389027274878,0.193958664547,2.09866904602,0.964253345467,0.518282988871,1.87867287326,0.863174022847,0.470588235294,0.786197569093,0.41766745858,2.25,1.88235294118,0.786197569093,2.25,0.166339869281,0.0612244897959,3,0.00441176470588,0.185952380952,17,17,17,1,0,0.352941176471,0.411764705882,0.235294117647,17,0.128676470588,1.90196078431,4.11764705882,3.18181818182,2.69230769231,1.57648156274,0.382859808093,0.201680672269,2.01465221053,0.978545359402,0.524369747899,1.74894926439,0.849489642704,0.463865546218,0.814492905316,0.428238537847,2.33333333333,1.90196078431,0.814492905316,2.33333333333,0,0,0,0,0.164242424242,17,17,17,1,0,0.352941176471,0.411764705882,0.235294117647,17,37,0.136029411765,1.88235294118,4.35294117647,3.36363636364,2.84615384615,1.69341284359,0.389027274878,0.193958664547,2.09866904602,0.964253345467,0.518282988871,1.87867287326,0.863174022847,0.470588235294,0.786197569093,0.41766745858,2.25,1.88235294118,0.786197569093,2.25,0.166339869281,0.0612244897959,3,0.00441176470588,0.185952380952,17,17,17,1,0,0.352941176471,0.411764705882,0.235294117647,0,0,0,0,0,0,0,0,0,0,0,0,0,0,0,0,0,0,0,0,0,0,0,0,0,0,0,0,0,37,0,0,235,1,1,0,0,1,1,1,1,1,1,2,2,0,0,0,0
1937,WLNM_dir_neg,1,0.5,00:00:02,10,50,16,1983614889,threshold_sweep,0.2,1,1,1,2,0,0,4,1,1,0,0,1,1,1,1,0.555555555556,1,1,1,37,35,2,0,37,0,35,0,2,17,37,0.136029411765,1.88235294118,4.35294117647,3.36363636364,2.84615384615,1.69341284359,0.389027274878,0.193958664547,2.09866904602,0.964253345467,0.518282988871,1.87867287326,0.863174022847,0.470588235294,0.786197569093,0.41766745858,2.25,1.88235294118,0.786197569093,2.25,0.166339869281,0.0612244897959,3,0.00441176470588,0.185952380952,17,17,17,1,0,0.352941176471,0.411764705882,0.235294117647,17,0.128676470588,1.90196078431,4.11764705882,3.18181818182,2.69230769231,1.57648156274,0.382859808093,0.201680672269,2.01465221053,0.978545359402,0.524369747899,1.74894926439,0.849489642704,0.463865546218,0.814492905316,0.428238537847,2.33333333333,1.90196078431,0.814492905316,2.33333333333,0,0,0,0,0.164242424242,17,17,17,1,0,0.352941176471,0.411764705882,0.235294117647,17,37,0.136029411765,1.88235294118,4.35294117647,3.36363636364,2.84615384615,1.69341284359,0.389027274878,0.193958664547,2.09866904602,0.964253345467,0.518282988871,1.87867287326,0.863174022847,0.470588235294,0.786197569093,0.41766745858,2.25,1.88235294118,0.786197569093,2.25,0.166339869281,0.0612244897959,3,0.00441176470588,0.185952380952,17,17,17,1,0,0.352941176471,0.411764705882,0.235294117647,0,0,0,0,0,0,0,0,0,0,0,0,0,0,0,0,0,0,0,0,0,0,0,0,0,0,0,0,0,37,0,0,235,1,1,0,0,1,1,1,1,1,1,2,2,0,0,0,0
1938,WLNM_dir_neg,1,0.5,00:00:02,10,50,16,1983614889,threshold_sweep,0.3,1,1,1,2,0,0,4,1,1,0,0,1,1,1,1,0.555555555556,1,1,1,37,35,2,0,37,0,35,0,2,17,37,0.136029411765,1.88235294118,4.35294117647,3.36363636364,2.84615384615,1.69341284359,0.389027274878,0.193958664547,2.09866904602,0.964253345467,0.518282988871,1.87867287326,0.863174022847,0.470588235294,0.786197569093,0.41766745858,2.25,1.88235294118,0.786197569093,2.25,0.166339869281,0.0612244897959,3,0.00441176470588,0.185952380952,17,17,17,1,0,0.352941176471,0.411764705882,0.235294117647,17,0.128676470588,1.90196078431,4.11764705882,3.18181818182,2.69230769231,1.57648156274,0.382859808093,0.201680672269,2.01465221053,0.978545359402,0.524369747899,1.74894926439,0.849489642704,0.463865546218,0.814492905316,0.428238537847,2.33333333333,1.90196078431,0.814492905316,2.33333333333,0,0,0,0,0.164242424242,17,17,17,1,0,0.352941176471,0.411764705882,0.235294117647,17,37,0.136029411765,1.88235294118,4.35294117647,3.36363636364,2.84615384615,1.69341284359,0.389027274878,0.193958664547,2.09866904602,0.964253345467,0.518282988871,1.87867287326,0.863174022847,0.470588235294,0.786197569093,0.41766745858,2.25,1.88235294118,0.786197569093,2.25,0.166339869281,0.0612244897959,3,0.00441176470588,0.185952380952,17,17,17,1,0,0.352941176471,0.411764705882,0.235294117647,0,0,0,0,0,0,0,0,0,0,0,0,0,0,0,0,0,0,0,0,0,0,0,0,0,0,0,0,0,37,0,0,235,1,1,0,0,1,1,1,1,1,1,2,2,0,0,0,0
1939,WLNM_dir_neg,1,0.5,00:00:02,10,50,16,1983614889,threshold_sweep,0.4,1,1,1,2,0,0,4,1,1,0,0,1,1,1,1,0.555555555556,1,1,1,37,35,2,0,37,0,35,0,2,17,37,0.136029411765,1.88235294118,4.35294117647,3.36363636364,2.84615384615,1.69341284359,0.389027274878,0.193958664547,2.09866904602,0.964253345467,0.518282988871,1.87867287326,0.863174022847,0.470588235294,0.786197569093,0.41766745858,2.25,1.88235294118,0.786197569093,2.25,0.166339869281,0.0612244897959,3,0.00441176470588,0.185952380952,17,17,17,1,0,0.352941176471,0.411764705882,0.235294117647,17,0.128676470588,1.90196078431,4.11764705882,3.18181818182,2.69230769231,1.57648156274,0.382859808093,0.201680672269,2.01465221053,0.978545359402,0.524369747899,1.74894926439,0.849489642704,0.463865546218,0.814492905316,0.428238537847,2.33333333333,1.90196078431,0.814492905316,2.33333333333,0,0,0,0,0.164242424242,17,17,17,1,0,0.352941176471,0.411764705882,0.235294117647,17,37,0.136029411765,1.88235294118,4.35294117647,3.36363636364,2.84615384615,1.69341284359,0.389027274878,0.193958664547,2.09866904602,0.964253345467,0.518282988871,1.87867287326,0.863174022847,0.470588235294,0.786197569093,0.41766745858,2.25,1.88235294118,0.786197569093,2.25,0.166339869281,0.0612244897959,3,0.00441176470588,0.185952380952,17,17,17,1,0,0.352941176471,0.411764705882,0.235294117647,0,0,0,0,0,0,0,0,0,0,0,0,0,0,0,0,0,0,0,0,0,0,0,0,0,0,0,0,0,37,0,0,235,1,1,0,0,1,1,1,1,1,1,2,2,0,0,0,0
1940,WLNM_dir_neg,1,0.5,00:00:02,10,50,16,1983614889,threshold_sweep,0.5,1,1,1,2,0,0,4,1,1,0,0,1,1,1,1,0.555555555556,1,1,1,37,35,2,0,37,0,35,0,2,17,37,0.136029411765,1.88235294118,4.35294117647,3.36363636364,2.84615384615,1.69341284359,0.389027274878,0.193958664547,2.09866904602,0.964253345467,0.518282988871,1.87867287326,0.863174022847,0.470588235294,0.786197569093,0.41766745858,2.25,1.88235294118,0.786197569093,2.25,0.166339869281,0.0612244897959,3,0.00441176470588,0.185952380952,17,17,17,1,0,0.352941176471,0.411764705882,0.235294117647,17,0.128676470588,1.90196078431,4.11764705882,3.18181818182,2.69230769231,1.57648156274,0.382859808093,0.201680672269,2.01465221053,0.978545359402,0.524369747899,1.74894926439,0.849489642704,0.463865546218,0.814492905316,0.428238537847,2.33333333333,1.90196078431,0.814492905316,2.33333333333,0,0,0,0,0.164242424242,17,17,17,1,0,0.352941176471,0.411764705882,0.235294117647,17,37,0.136029411765,1.88235294118,4.35294117647,3.36363636364,2.84615384615,1.69341284359,0.389027274878,0.193958664547,2.09866904602,0.964253345467,0.518282988871,1.87867287326,0.863174022847,0.470588235294,0.786197569093,0.41766745858,2.25,1.88235294118,0.786197569093,2.25,0.166339869281,0.0612244897959,3,0.00441176470588,0.185952380952,17,17,17,1,0,0.352941176471,0.411764705882,0.235294117647,0,0,0,0,0,0,0,0,0,0,0,0,0,0,0,0,0,0,0,0,0,0,0,0,0,0,0,0,0,37,0,0,235,1,1,0,0,1,1,1,1,1,1,2,2,0,0,0,0
1941,WLNM_dir_neg,1,0.5,00:00:02,10,50,16,1983614889,threshold_sweep,0.6,1,1,1,2,0,0,4,1,1,0,0,1,1,1,1,0.555555555556,1,1,1,37,35,2,0,37,0,35,0,2,17,37,0.136029411765,1.88235294118,4.35294117647,3.36363636364,2.84615384615,1.69341284359,0.389027274878,0.193958664547,2.09866904602,0.964253345467,0.518282988871,1.87867287326,0.863174022847,0.470588235294,0.786197569093,0.41766745858,2.25,1.88235294118,0.786197569093,2.25,0.166339869281,0.0612244897959,3,0.00441176470588,0.185952380952,17,17,17,1,0,0.352941176471,0.411764705882,0.235294117647,17,0.128676470588,1.90196078431,4.11764705882,3.18181818182,2.69230769231,1.57648156274,0.382859808093,0.201680672269,2.01465221053,0.978545359402,0.524369747899,1.74894926439,0.849489642704,0.463865546218,0.814492905316,0.428238537847,2.33333333333,1.90196078431,0.814492905316,2.33333333333,0,0,0,0,0.164242424242,17,17,17,1,0,0.352941176471,0.411764705882,0.235294117647,17,37,0.136029411765,1.88235294118,4.35294117647,3.36363636364,2.84615384615,1.69341284359,0.389027274878,0.193958664547,2.09866904602,0.964253345467,0.518282988871,1.87867287326,0.863174022847,0.470588235294,0.786197569093,0.41766745858,2.25,1.88235294118,0.786197569093,2.25,0.166339869281,0.0612244897959,3,0.00441176470588,0.185952380952,17,17,17,1,0,0.352941176471,0.411764705882,0.235294117647,0,0,0,0,0,0,0,0,0,0,0,0,0,0,0,0,0,0,0,0,0,0,0,0,0,0,0,0,0,37,0,0,235,1,1,0,0,1,1,1,1,1,1,2,2,0,0,0,0
1942,WLNM_dir_neg,1,0.5,00:00:02,10,50,16,1983614889,threshold_sweep,0.7,1,1,1,2,0,0,4,1,1,0,0,1,1,1,1,0.555555555556,1,1,1,37,35,2,0,37,0,35,0,2,17,37,0.136029411765,1.88235294118,4.35294117647,3.36363636364,2.84615384615,1.69341284359,0.389027274878,0.193958664547,2.09866904602,0.964253345467,0.518282988871,1.87867287326,0.863174022847,0.470588235294,0.786197569093,0.41766745858,2.25,1.88235294118,0.786197569093,2.25,0.166339869281,0.0612244897959,3,0.00441176470588,0.185952380952,17,17,17,1,0,0.352941176471,0.411764705882,0.235294117647,17,0.128676470588,1.90196078431,4.11764705882,3.18181818182,2.69230769231,1.57648156274,0.382859808093,0.201680672269,2.01465221053,0.978545359402,0.524369747899,1.74894926439,0.849489642704,0.463865546218,0.814492905316,0.428238537847,2.33333333333,1.90196078431,0.814492905316,2.33333333333,0,0,0,0,0.164242424242,17,17,17,1,0,0.352941176471,0.411764705882,0.235294117647,17,37,0.136029411765,1.88235294118,4.35294117647,3.36363636364,2.84615384615,1.69341284359,0.389027274878,0.193958664547,2.09866904602,0.964253345467,0.518282988871,1.87867287326,0.863174022847,0.470588235294,0.786197569093,0.41766745858,2.25,1.88235294118,0.786197569093,2.25,0.166339869281,0.0612244897959,3,0.00441176470588,0.185952380952,17,17,17,1,0,0.352941176471,0.411764705882,0.235294117647,0,0,0,0,0,0,0,0,0,0,0,0,0,0,0,0,0,0,0,0,0,0,0,0,0,0,0,0,0,37,0,0,235,1,1,0,0,1,1,1,1,1,1,2,2,0,0,0,0
1943,WLNM_dir_neg,1,0.5,00:00:02,10,50,16,1983614889,threshold_sweep,0.8,1,0.5,0.666666666667,1,0,1,4,0.5,1,0,0.5,1,0.5,0.666666666667,0.833333333333,0.611111111111,0.571428571429,0.632455532034,0.5,37,35,2,0,37,0,35,0,2,17,37,0.136029411765,1.88235294118,4.35294117647,3.36363636364,2.84615384615,1.69341284359,0.389027274878,0.193958664547,2.09866904602,0.964253345467,0.518282988871,1.87867287326,0.863174022847,0.470588235294,0.786197569093,0.41766745858,2.25,1.88235294118,0.786197569093,2.25,0.166339869281,0.0612244897959,3,0.00441176470588,0.185952380952,17,17,17,1,0,0.352941176471,0.411764705882,0.235294117647,17,0.128676470588,1.90196078431,4.11764705882,3.18181818182,2.69230769231,1.57648156274,0.382859808093,0.201680672269,2.01465221053,0.978545359402,0.524369747899,1.74894926439,0.849489642704,0.463865546218,0.814492905316,0.428238537847,2.33333333333,1.90196078431,0.814492905316,2.33333333333,0,0,0,0,0.164242424242,17,17,17,1,0,0.352941176471,0.411764705882,0.235294117647,17,36,0.132352941176,1.89705882353,4.23529411765,3.27272727273,2.76923076923,1.71498585143,0.40492721492,0.204248366013,2.05798302171,0.971825315808,0.522875816993,1.79869233546,0.849382491746,0.464052287582,0.805541469338,0.424626510969,2.25,1.89705882353,0.805541469338,2.25,0.0702614379085,0.0214285714286,1,0.00147058823529,0.175454545455,17,17,17,1,0,0.352941176471,0.411764705882,0.235294117647,-1,-0.00367647058824,0.0147058823529,-0.117647058824,-0.0909090909091,-0.0769230769231,0.0215730078386,0.0158999400418,0.0102897014662,-0.0406860243059,0.00757197034072,0.00459282812224,-0.0799805377942,-0.0137915311015,-0.00653594771242,0.0193439002456,0.00695905238854,0,0.0147058823529,0.0193439002456,0,-0.0960784313725,-0.0397959183673,-2,-0.00294117647059,-0.0104978354978,0,0,0,36,0,1,235,0.972972972973,1,0,0.027027027027,1,0.972972972973,0.986301369863,0.984301887704,0.972972972973,0.972972972973,1,2,0,0,0,0
1944,WLNM_dir_neg,1,0.5,00:00:02,10,50,16,1983614889,threshold_sweep,0.9,1,0.5,0.666666666667,1,0,1,4,0.5,1,0,0.5,1,0.5,0.666666666667,0.833333333333,0.611111111111,0.571428571429,0.632455532034,0.5,37,35,2,0,37,0,35,0,2,17,37,0.136029411765,1.88235294118,4.35294117647,3.36363636364,2.84615384615,1.69341284359,0.389027274878,0.193958664547,2.09866904602,0.964253345467,0.518282988871,1.87867287326,0.863174022847,0.470588235294,0.786197569093,0.41766745858,2.25,1.88235294118,0.786197569093,2.25,0.166339869281,0.0612244897959,3,0.00441176470588,0.185952380952,17,17,17,1,0,0.352941176471,0.411764705882,0.235294117647,17,0.128676470588,1.90196078431,4.11764705882,3.18181818182,2.69230769231,1.57648156274,0.382859808093,0.201680672269,2.01465221053,0.978545359402,0.524369747899,1.74894926439,0.849489642704,0.463865546218,0.814492905316,0.428238537847,2.33333333333,1.90196078431,0.814492905316,2.33333333333,0,0,0,0,0.164242424242,17,17,17,1,0,0.352941176471,0.411764705882,0.235294117647,17,36,0.132352941176,1.89705882353,4.23529411765,3.27272727273,2.76923076923,1.71498585143,0.40492721492,0.204248366013,2.05798302171,0.971825315808,0.522875816993,1.79869233546,0.849382491746,0.464052287582,0.805541469338,0.424626510969,2.25,1.89705882353,0.805541469338,2.25,0.0702614379085,0.0214285714286,1,0.00147058823529,0.175454545455,17,17,17,1,0,0.352941176471,0.411764705882,0.235294117647,-1,-0.00367647058824,0.0147058823529,-0.117647058824,-0.0909090909091,-0.0769230769231,0.0215730078386,0.0158999400418,0.0102897014662,-0.0406860243059,0.00757197034072,0.00459282812224,-0.0799805377942,-0.0137915311015,-0.00653594771242,0.0193439002456,0.00695905238854,0,0.0147058823529,0.0193439002456,0,-0.0960784313725,-0.0397959183673,-2,-0.00294117647059,-0.0104978354978,0,0,0,36,0,1,235,0.972972972973,1,0,0.027027027027,1,0.972972972973,0.986301369863,0.984301887704,0.972972972973,0.972972972973,1,2,0,0,0,0
1945,WLNM_dir_neg,1,0.5,00:00:03,10,50,17,1983614890,threshold_sweep,0.1,1,1,1,2,0,0,4,1,1,0,0,1,1,1,1,0.555555555556,1,1,1,37,35,2,0,37,0,35,0,2,17,37,0.136029411765,1.88235294118,4.35294117647,3.36363636364,2.84615384615,1.69341284359,0.389027274878,0.193958664547,2.09866904602,0.964253345467,0.518282988871,1.87867287326,0.863174022847,0.470588235294,0.786197569093,0.41766745858,2.25,1.88235294118,0.786197569093,2.25,0.166339869281,0.0612244897959,3,0.00441176470588,0.185952380952,17,17,17,1,0,0.352941176471,0.411764705882,0.235294117647,17,0.128676470588,1.90196078431,4.11764705882,3.18181818182,2.69230769231,1.57648156274,0.382859808093,0.201680672269,2.01465221053,0.978545359402,0.524369747899,1.74894926439,0.849489642704,0.463865546218,0.814492905316,0.428238537847,2.33333333333,1.90196078431,0.814492905316,2.33333333333,0,0,0,0,0.164242424242,17,17,17,1,0,0.352941176471,0.411764705882,0.235294117647,17,37,0.136029411765,1.88235294118,4.35294117647,3.36363636364,2.84615384615,1.69341284359,0.389027274878,0.193958664547,2.09866904602,0.964253345467,0.518282988871,1.87867287326,0.863174022847,0.470588235294,0.786197569093,0.41766745858,2.25,1.88235294118,0.786197569093,2.25,0.166339869281,0.0612244897959,3,0.00441176470588,0.185952380952,17,17,17,1,0,0.352941176471,0.411764705882,0.235294117647,0,0,0,0,0,0,0,0,0,0,0,0,0,0,0,0,0,0,0,0,0,0,0,0,0,0,0,0,0,37,0,0,235,1,1,0,0,1,1,1,1,1,1,2,2,0,0,0,0
1946,WLNM_dir_neg,1,0.5,00:00:03,10,50,17,1983614890,threshold_sweep,0.2,1,1,1,2,0,0,4,1,1,0,0,1,1,1,1,0.555555555556,1,1,1,37,35,2,0,37,0,35,0,2,17,37,0.136029411765,1.88235294118,4.35294117647,3.36363636364,2.84615384615,1.69341284359,0.389027274878,0.193958664547,2.09866904602,0.964253345467,0.518282988871,1.87867287326,0.863174022847,0.470588235294,0.786197569093,0.41766745858,2.25,1.88235294118,0.786197569093,2.25,0.166339869281,0.0612244897959,3,0.00441176470588,0.185952380952,17,17,17,1,0,0.352941176471,0.411764705882,0.235294117647,17,0.128676470588,1.90196078431,4.11764705882,3.18181818182,2.69230769231,1.57648156274,0.382859808093,0.201680672269,2.01465221053,0.978545359402,0.524369747899,1.74894926439,0.849489642704,0.463865546218,0.814492905316,0.428238537847,2.33333333333,1.90196078431,0.814492905316,2.33333333333,0,0,0,0,0.164242424242,17,17,17,1,0,0.352941176471,0.411764705882,0.235294117647,17,37,0.136029411765,1.88235294118,4.35294117647,3.36363636364,2.84615384615,1.69341284359,0.389027274878,0.193958664547,2.09866904602,0.964253345467,0.518282988871,1.87867287326,0.863174022847,0.470588235294,0.786197569093,0.41766745858,2.25,1.88235294118,0.786197569093,2.25,0.166339869281,0.0612244897959,3,0.00441176470588,0.185952380952,17,17,17,1,0,0.352941176471,0.411764705882,0.235294117647,0,0,0,0,0,0,0,0,0,0,0,0,0,0,0,0,0,0,0,0,0,0,0,0,0,0,0,0,0,37,0,0,235,1,1,0,0,1,1,1,1,1,1,2,2,0,0,0,0
1947,WLNM_dir_neg,1,0.5,00:00:03,10,50,17,1983614890,threshold_sweep,0.3,1,1,1,2,0,0,4,1,1,0,0,1,1,1,1,0.555555555556,1,1,1,37,35,2,0,37,0,35,0,2,17,37,0.136029411765,1.88235294118,4.35294117647,3.36363636364,2.84615384615,1.69341284359,0.389027274878,0.193958664547,2.09866904602,0.964253345467,0.518282988871,1.87867287326,0.863174022847,0.470588235294,0.786197569093,0.41766745858,2.25,1.88235294118,0.786197569093,2.25,0.166339869281,0.0612244897959,3,0.00441176470588,0.185952380952,17,17,17,1,0,0.352941176471,0.411764705882,0.235294117647,17,0.128676470588,1.90196078431,4.11764705882,3.18181818182,2.69230769231,1.57648156274,0.382859808093,0.201680672269,2.01465221053,0.978545359402,0.524369747899,1.74894926439,0.849489642704,0.463865546218,0.814492905316,0.428238537847,2.33333333333,1.90196078431,0.814492905316,2.33333333333,0,0,0,0,0.164242424242,17,17,17,1,0,0.352941176471,0.411764705882,0.235294117647,17,37,0.136029411765,1.88235294118,4.35294117647,3.36363636364,2.84615384615,1.69341284359,0.389027274878,0.193958664547,2.09866904602,0.964253345467,0.518282988871,1.87867287326,0.863174022847,0.470588235294,0.786197569093,0.41766745858,2.25,1.88235294118,0.786197569093,2.25,0.166339869281,0.0612244897959,3,0.00441176470588,0.185952380952,17,17,17,1,0,0.352941176471,0.411764705882,0.235294117647,0,0,0,0,0,0,0,0,0,0,0,0,0,0,0,0,0,0,0,0,0,0,0,0,0,0,0,0,0,37,0,0,235,1,1,0,0,1,1,1,1,1,1,2,2,0,0,0,0
1948,WLNM_dir_neg,1,0.5,00:00:03,10,50,17,1983614890,threshold_sweep,0.4,1,1,1,2,0,0,4,1,1,0,0,1,1,1,1,0.555555555556,1,1,1,37,35,2,0,37,0,35,0,2,17,37,0.136029411765,1.88235294118,4.35294117647,3.36363636364,2.84615384615,1.69341284359,0.389027274878,0.193958664547,2.09866904602,0.964253345467,0.518282988871,1.87867287326,0.863174022847,0.470588235294,0.786197569093,0.41766745858,2.25,1.88235294118,0.786197569093,2.25,0.166339869281,0.0612244897959,3,0.00441176470588,0.185952380952,17,17,17,1,0,0.352941176471,0.411764705882,0.235294117647,17,0.128676470588,1.90196078431,4.11764705882,3.18181818182,2.69230769231,1.57648156274,0.382859808093,0.201680672269,2.01465221053,0.978545359402,0.524369747899,1.74894926439,0.849489642704,0.463865546218,0.814492905316,0.428238537847,2.33333333333,1.90196078431,0.814492905316,2.33333333333,0,0,0,0,0.164242424242,17,17,17,1,0,0.352941176471,0.411764705882,0.235294117647,17,37,0.136029411765,1.88235294118,4.35294117647,3.36363636364,2.84615384615,1.69341284359,0.389027274878,0.193958664547,2.09866904602,0.964253345467,0.518282988871,1.87867287326,0.863174022847,0.470588235294,0.786197569093,0.41766745858,2.25,1.88235294118,0.786197569093,2.25,0.166339869281,0.0612244897959,3,0.00441176470588,0.185952380952,17,17,17,1,0,0.352941176471,0.411764705882,0.235294117647,0,0,0,0,0,0,0,0,0,0,0,0,0,0,0,0,0,0,0,0,0,0,0,0,0,0,0,0,0,37,0,0,235,1,1,0,0,1,1,1,1,1,1,2,2,0,0,0,0
1949,WLNM_dir_neg,1,0.5,00:00:03,10,50,17,1983614890,threshold_sweep,0.5,1,1,1,2,0,0,4,1,1,0,0,1,1,1,1,0.555555555556,1,1,1,37,35,2,0,37,0,35,0,2,17,37,0.136029411765,1.88235294118,4.35294117647,3.36363636364,2.84615384615,1.69341284359,0.389027274878,0.193958664547,2.09866904602,0.964253345467,0.518282988871,1.87867287326,0.863174022847,0.470588235294,0.786197569093,0.41766745858,2.25,1.88235294118,0.786197569093,2.25,0.166339869281,0.0612244897959,3,0.00441176470588,0.185952380952,17,17,17,1,0,0.352941176471,0.411764705882,0.235294117647,17,0.128676470588,1.90196078431,4.11764705882,3.18181818182,2.69230769231,1.57648156274,0.382859808093,0.201680672269,2.01465221053,0.978545359402,0.524369747899,1.74894926439,0.849489642704,0.463865546218,0.814492905316,0.428238537847,2.33333333333,1.90196078431,0.814492905316,2.33333333333,0,0,0,0,0.164242424242,17,17,17,1,0,0.352941176471,0.411764705882,0.235294117647,17,37,0.136029411765,1.88235294118,4.35294117647,3.36363636364,2.84615384615,1.69341284359,0.389027274878,0.193958664547,2.09866904602,0.964253345467,0.518282988871,1.87867287326,0.863174022847,0.470588235294,0.786197569093,0.41766745858,2.25,1.88235294118,0.786197569093,2.25,0.166339869281,0.0612244897959,3,0.00441176470588,0.185952380952,17,17,17,1,0,0.352941176471,0.411764705882,0.235294117647,0,0,0,0,0,0,0,0,0,0,0,0,0,0,0,0,0,0,0,0,0,0,0,0,0,0,0,0,0,37,0,0,235,1,1,0,0,1,1,1,1,1,1,2,2,0,0,0,0
1950,WLNM_dir_neg,1,0.5,00:00:03,10,50,17,1983614890,threshold_sweep,0.6,1,1,1,2,0,0,4,1,1,0,0,1,1,1,1,0.555555555556,1,1,1,37,35,2,0,37,0,35,0,2,17,37,0.136029411765,1.88235294118,4.35294117647,3.36363636364,2.84615384615,1.69341284359,0.389027274878,0.193958664547,2.09866904602,0.964253345467,0.518282988871,1.87867287326,0.863174022847,0.470588235294,0.786197569093,0.41766745858,2.25,1.88235294118,0.786197569093,2.25,0.166339869281,0.0612244897959,3,0.00441176470588,0.185952380952,17,17,17,1,0,0.352941176471,0.411764705882,0.235294117647,17,0.128676470588,1.90196078431,4.11764705882,3.18181818182,2.69230769231,1.57648156274,0.382859808093,0.201680672269,2.01465221053,0.978545359402,0.524369747899,1.74894926439,0.849489642704,0.463865546218,0.814492905316,0.428238537847,2.33333333333,1.90196078431,0.814492905316,2.33333333333,0,0,0,0,0.164242424242,17,17,17,1,0,0.352941176471,0.411764705882,0.235294117647,17,37,0.136029411765,1.88235294118,4.35294117647,3.36363636364,2.84615384615,1.69341284359,0.389027274878,0.193958664547,2.09866904602,0.964253345467,0.518282988871,1.87867287326,0.863174022847,0.470588235294,0.786197569093,0.41766745858,2.25,1.88235294118,0.786197569093,2.25,0.166339869281,0.0612244897959,3,0.00441176470588,0.185952380952,17,17,17,1,0,0.352941176471,0.411764705882,0.235294117647,0,0,0,0,0,0,0,0,0,0,0,0,0,0,0,0,0,0,0,0,0,0,0,0,0,0,0,0,0,37,0,0,235,1,1,0,0,1,1,1,1,1,1,2,2,0,0,0,0
1951,WLNM_dir_neg,1,0.5,00:00:03,10,50,17,1983614890,threshold_sweep,0.7,1,1,1,2,0,0,4,1,1,0,0,1,1,1,1,0.555555555556,1,1,1,37,35,2,0,37,0,35,0,2,17,37,0.136029411765,1.88235294118,4.35294117647,3.36363636364,2.84615384615,1.69341284359,0.389027274878,0.193958664547,2.09866904602,0.964253345467,0.518282988871,1.87867287326,0.863174022847,0.470588235294,0.786197569093,0.41766745858,2.25,1.88235294118,0.786197569093,2.25,0.166339869281,0.0612244897959,3,0.00441176470588,0.185952380952,17,17,17,1,0,0.352941176471,0.411764705882,0.235294117647,17,0.128676470588,1.90196078431,4.11764705882,3.18181818182,2.69230769231,1.57648156274,0.382859808093,0.201680672269,2.01465221053,0.978545359402,0.524369747899,1.74894926439,0.849489642704,0.463865546218,0.814492905316,0.428238537847,2.33333333333,1.90196078431,0.814492905316,2.33333333333,0,0,0,0,0.164242424242,17,17,17,1,0,0.352941176471,0.411764705882,0.235294117647,17,37,0.136029411765,1.88235294118,4.35294117647,3.36363636364,2.84615384615,1.69341284359,0.389027274878,0.193958664547,2.09866904602,0.964253345467,0.518282988871,1.87867287326,0.863174022847,0.470588235294,0.786197569093,0.41766745858,2.25,1.88235294118,0.786197569093,2.25,0.166339869281,0.0612244897959,3,0.00441176470588,0.185952380952,17,17,17,1,0,0.352941176471,0.411764705882,0.235294117647,0,0,0,0,0,0,0,0,0,0,0,0,0,0,0,0,0,0,0,0,0,0,0,0,0,0,0,0,0,37,0,0,235,1,1,0,0,1,1,1,1,1,1,2,2,0,0,0,0
1952,WLNM_dir_neg,1,0.5,00:00:03,10,50,17,1983614890,threshold_sweep,0.8,1,1,1,2,0,0,4,1,1,0,0,1,1,1,1,0.555555555556,1,1,1,37,35,2,0,37,0,35,0,2,17,37,0.136029411765,1.88235294118,4.35294117647,3.36363636364,2.84615384615,1.69341284359,0.389027274878,0.193958664547,2.09866904602,0.964253345467,0.518282988871,1.87867287326,0.863174022847,0.470588235294,0.786197569093,0.41766745858,2.25,1.88235294118,0.786197569093,2.25,0.166339869281,0.0612244897959,3,0.00441176470588,0.185952380952,17,17,17,1,0,0.352941176471,0.411764705882,0.235294117647,17,0.128676470588,1.90196078431,4.11764705882,3.18181818182,2.69230769231,1.57648156274,0.382859808093,0.201680672269,2.01465221053,0.978545359402,0.524369747899,1.74894926439,0.849489642704,0.463865546218,0.814492905316,0.428238537847,2.33333333333,1.90196078431,0.814492905316,2.33333333333,0,0,0,0,0.164242424242,17,17,17,1,0,0.352941176471,0.411764705882,0.235294117647,17,37,0.136029411765,1.88235294118,4.35294117647,3.36363636364,2.84615384615,1.69341284359,0.389027274878,0.193958664547,2.09866904602,0.964253345467,0.518282988871,1.87867287326,0.863174022847,0.470588235294,0.786197569093,0.41766745858,2.25,1.88235294118,0.786197569093,2.25,0.166339869281,0.0612244897959,3,0.00441176470588,0.185952380952,17,17,17,1,0,0.352941176471,0.411764705882,0.235294117647,0,0,0,0,0,0,0,0,0,0,0,0,0,0,0,0,0,0,0,0,0,0,0,0,0,0,0,0,0,37,0,0,235,1,1,0,0,1,1,1,1,1,1,2,2,0,0,0,0
1953,WLNM_dir_neg,1,0.5,00:00:03,10,50,17,1983614890,threshold_sweep,0.9,1,1,1,2,0,0,4,1,1,0,0,1,1,1,1,0.555555555556,1,1,1,37,35,2,0,37,0,35,0,2,17,37,0.136029411765,1.88235294118,4.35294117647,3.36363636364,2.84615384615,1.69341284359,0.389027274878,0.193958664547,2.09866904602,0.964253345467,0.518282988871,1.87867287326,0.863174022847,0.470588235294,0.786197569093,0.41766745858,2.25,1.88235294118,0.786197569093,2.25,0.166339869281,0.0612244897959,3,0.00441176470588,0.185952380952,17,17,17,1,0,0.352941176471,0.411764705882,0.235294117647,17,0.128676470588,1.90196078431,4.11764705882,3.18181818182,2.69230769231,1.57648156274,0.382859808093,0.201680672269,2.01465221053,0.978545359402,0.524369747899,1.74894926439,0.849489642704,0.463865546218,0.814492905316,0.428238537847,2.33333333333,1.90196078431,0.814492905316,2.33333333333,0,0,0,0,0.164242424242,17,17,17,1,0,0.352941176471,0.411764705882,0.235294117647,17,37,0.136029411765,1.88235294118,4.35294117647,3.36363636364,2.84615384615,1.69341284359,0.389027274878,0.193958664547,2.09866904602,0.964253345467,0.518282988871,1.87867287326,0.863174022847,0.470588235294,0.786197569093,0.41766745858,2.25,1.88235294118,0.786197569093,2.25,0.166339869281,0.0612244897959,3,0.00441176470588,0.185952380952,17,17,17,1,0,0.352941176471,0.411764705882,0.235294117647,0,0,0,0,0,0,0,0,0,0,0,0,0,0,0,0,0,0,0,0,0,0,0,0,0,0,0,0,0,37,0,0,235,1,1,0,0,1,1,1,1,1,1,2,2,0,0,0,0
1954,WLNM_dir_neg,1,0.5,00:00:02,10,50,18,1983614891,threshold_sweep,0.1,1,1,1,2,0,0,4,1,1,0,0,1,1,1,1,0.555555555556,1,1,1,37,35,2,0,37,0,35,0,2,17,37,0.136029411765,1.88235294118,4.35294117647,3.36363636364,2.84615384615,1.69341284359,0.389027274878,0.193958664547,2.09866904602,0.964253345467,0.518282988871,1.87867287326,0.863174022847,0.470588235294,0.786197569093,0.41766745858,2.25,1.88235294118,0.786197569093,2.25,0.166339869281,0.0612244897959,3,0.00441176470588,0.185952380952,17,17,17,1,0,0.352941176471,0.411764705882,0.235294117647,17,0.128676470588,1.90196078431,4.11764705882,3.18181818182,2.69230769231,1.57648156274,0.382859808093,0.201680672269,2.01465221053,0.978545359402,0.524369747899,1.74894926439,0.849489642704,0.463865546218,0.814492905316,0.428238537847,2.33333333333,1.90196078431,0.814492905316,2.33333333333,0,0,0,0,0.164242424242,17,17,17,1,0,0.352941176471,0.411764705882,0.235294117647,17,37,0.136029411765,1.88235294118,4.35294117647,3.36363636364,2.84615384615,1.69341284359,0.389027274878,0.193958664547,2.09866904602,0.964253345467,0.518282988871,1.87867287326,0.863174022847,0.470588235294,0.786197569093,0.41766745858,2.25,1.88235294118,0.786197569093,2.25,0.166339869281,0.0612244897959,3,0.00441176470588,0.185952380952,17,17,17,1,0,0.352941176471,0.411764705882,0.235294117647,0,0,0,0,0,0,0,0,0,0,0,0,0,0,0,0,0,0,0,0,0,0,0,0,0,0,0,0,0,37,0,0,235,1,1,0,0,1,1,1,1,1,1,2,2,0,0,0,0
1955,WLNM_dir_neg,1,0.5,00:00:02,10,50,18,1983614891,threshold_sweep,0.2,1,1,1,2,0,0,4,1,1,0,0,1,1,1,1,0.555555555556,1,1,1,37,35,2,0,37,0,35,0,2,17,37,0.136029411765,1.88235294118,4.35294117647,3.36363636364,2.84615384615,1.69341284359,0.389027274878,0.193958664547,2.09866904602,0.964253345467,0.518282988871,1.87867287326,0.863174022847,0.470588235294,0.786197569093,0.41766745858,2.25,1.88235294118,0.786197569093,2.25,0.166339869281,0.0612244897959,3,0.00441176470588,0.185952380952,17,17,17,1,0,0.352941176471,0.411764705882,0.235294117647,17,0.128676470588,1.90196078431,4.11764705882,3.18181818182,2.69230769231,1.57648156274,0.382859808093,0.201680672269,2.01465221053,0.978545359402,0.524369747899,1.74894926439,0.849489642704,0.463865546218,0.814492905316,0.428238537847,2.33333333333,1.90196078431,0.814492905316,2.33333333333,0,0,0,0,0.164242424242,17,17,17,1,0,0.352941176471,0.411764705882,0.235294117647,17,37,0.136029411765,1.88235294118,4.35294117647,3.36363636364,2.84615384615,1.69341284359,0.389027274878,0.193958664547,2.09866904602,0.964253345467,0.518282988871,1.87867287326,0.863174022847,0.470588235294,0.786197569093,0.41766745858,2.25,1.88235294118,0.786197569093,2.25,0.166339869281,0.0612244897959,3,0.00441176470588,0.185952380952,17,17,17,1,0,0.352941176471,0.411764705882,0.235294117647,0,0,0,0,0,0,0,0,0,0,0,0,0,0,0,0,0,0,0,0,0,0,0,0,0,0,0,0,0,37,0,0,235,1,1,0,0,1,1,1,1,1,1,2,2,0,0,0,0
1956,WLNM_dir_neg,1,0.5,00:00:02,10,50,18,1983614891,threshold_sweep,0.3,1,1,1,2,0,0,4,1,1,0,0,1,1,1,1,0.555555555556,1,1,1,37,35,2,0,37,0,35,0,2,17,37,0.136029411765,1.88235294118,4.35294117647,3.36363636364,2.84615384615,1.69341284359,0.389027274878,0.193958664547,2.09866904602,0.964253345467,0.518282988871,1.87867287326,0.863174022847,0.470588235294,0.786197569093,0.41766745858,2.25,1.88235294118,0.786197569093,2.25,0.166339869281,0.0612244897959,3,0.00441176470588,0.185952380952,17,17,17,1,0,0.352941176471,0.411764705882,0.235294117647,17,0.128676470588,1.90196078431,4.11764705882,3.18181818182,2.69230769231,1.57648156274,0.382859808093,0.201680672269,2.01465221053,0.978545359402,0.524369747899,1.74894926439,0.849489642704,0.463865546218,0.814492905316,0.428238537847,2.33333333333,1.90196078431,0.814492905316,2.33333333333,0,0,0,0,0.164242424242,17,17,17,1,0,0.352941176471,0.411764705882,0.235294117647,17,37,0.136029411765,1.88235294118,4.35294117647,3.36363636364,2.84615384615,1.69341284359,0.389027274878,0.193958664547,2.09866904602,0.964253345467,0.518282988871,1.87867287326,0.863174022847,0.470588235294,0.786197569093,0.41766745858,2.25,1.88235294118,0.786197569093,2.25,0.166339869281,0.0612244897959,3,0.00441176470588,0.185952380952,17,17,17,1,0,0.352941176471,0.411764705882,0.235294117647,0,0,0,0,0,0,0,0,0,0,0,0,0,0,0,0,0,0,0,0,0,0,0,0,0,0,0,0,0,37,0,0,235,1,1,0,0,1,1,1,1,1,1,2,2,0,0,0,0
1957,WLNM_dir_neg,1,0.5,00:00:02,10,50,18,1983614891,threshold_sweep,0.4,1,1,1,2,0,0,4,1,1,0,0,1,1,1,1,0.555555555556,1,1,1,37,35,2,0,37,0,35,0,2,17,37,0.136029411765,1.88235294118,4.35294117647,3.36363636364,2.84615384615,1.69341284359,0.389027274878,0.193958664547,2.09866904602,0.964253345467,0.518282988871,1.87867287326,0.863174022847,0.470588235294,0.786197569093,0.41766745858,2.25,1.88235294118,0.786197569093,2.25,0.166339869281,0.0612244897959,3,0.00441176470588,0.185952380952,17,17,17,1,0,0.352941176471,0.411764705882,0.235294117647,17,0.128676470588,1.90196078431,4.11764705882,3.18181818182,2.69230769231,1.57648156274,0.382859808093,0.201680672269,2.01465221053,0.978545359402,0.524369747899,1.74894926439,0.849489642704,0.463865546218,0.814492905316,0.428238537847,2.33333333333,1.90196078431,0.814492905316,2.33333333333,0,0,0,0,0.164242424242,17,17,17,1,0,0.352941176471,0.411764705882,0.235294117647,17,37,0.136029411765,1.88235294118,4.35294117647,3.36363636364,2.84615384615,1.69341284359,0.389027274878,0.193958664547,2.09866904602,0.964253345467,0.518282988871,1.87867287326,0.863174022847,0.470588235294,0.786197569093,0.41766745858,2.25,1.88235294118,0.786197569093,2.25,0.166339869281,0.0612244897959,3,0.00441176470588,0.185952380952,17,17,17,1,0,0.352941176471,0.411764705882,0.235294117647,0,0,0,0,0,0,0,0,0,0,0,0,0,0,0,0,0,0,0,0,0,0,0,0,0,0,0,0,0,37,0,0,235,1,1,0,0,1,1,1,1,1,1,2,2,0,0,0,0
1958,WLNM_dir_neg,1,0.5,00:00:02,10,50,18,1983614891,threshold_sweep,0.5,1,1,1,2,0,0,4,1,1,0,0,1,1,1,1,0.555555555556,1,1,1,37,35,2,0,37,0,35,0,2,17,37,0.136029411765,1.88235294118,4.35294117647,3.36363636364,2.84615384615,1.69341284359,0.389027274878,0.193958664547,2.09866904602,0.964253345467,0.518282988871,1.87867287326,0.863174022847,0.470588235294,0.786197569093,0.41766745858,2.25,1.88235294118,0.786197569093,2.25,0.166339869281,0.0612244897959,3,0.00441176470588,0.185952380952,17,17,17,1,0,0.352941176471,0.411764705882,0.235294117647,17,0.128676470588,1.90196078431,4.11764705882,3.18181818182,2.69230769231,1.57648156274,0.382859808093,0.201680672269,2.01465221053,0.978545359402,0.524369747899,1.74894926439,0.849489642704,0.463865546218,0.814492905316,0.428238537847,2.33333333333,1.90196078431,0.814492905316,2.33333333333,0,0,0,0,0.164242424242,17,17,17,1,0,0.352941176471,0.411764705882,0.235294117647,17,37,0.136029411765,1.88235294118,4.35294117647,3.36363636364,2.84615384615,1.69341284359,0.389027274878,0.193958664547,2.09866904602,0.964253345467,0.518282988871,1.87867287326,0.863174022847,0.470588235294,0.786197569093,0.41766745858,2.25,1.88235294118,0.786197569093,2.25,0.166339869281,0.0612244897959,3,0.00441176470588,0.185952380952,17,17,17,1,0,0.352941176471,0.411764705882,0.235294117647,0,0,0,0,0,0,0,0,0,0,0,0,0,0,0,0,0,0,0,0,0,0,0,0,0,0,0,0,0,37,0,0,235,1,1,0,0,1,1,1,1,1,1,2,2,0,0,0,0
1959,WLNM_dir_neg,1,0.5,00:00:02,10,50,18,1983614891,threshold_sweep,0.6,1,1,1,2,0,0,4,1,1,0,0,1,1,1,1,0.555555555556,1,1,1,37,35,2,0,37,0,35,0,2,17,37,0.136029411765,1.88235294118,4.35294117647,3.36363636364,2.84615384615,1.69341284359,0.389027274878,0.193958664547,2.09866904602,0.964253345467,0.518282988871,1.87867287326,0.863174022847,0.470588235294,0.786197569093,0.41766745858,2.25,1.88235294118,0.786197569093,2.25,0.166339869281,0.0612244897959,3,0.00441176470588,0.185952380952,17,17,17,1,0,0.352941176471,0.411764705882,0.235294117647,17,0.128676470588,1.90196078431,4.11764705882,3.18181818182,2.69230769231,1.57648156274,0.382859808093,0.201680672269,2.01465221053,0.978545359402,0.524369747899,1.74894926439,0.849489642704,0.463865546218,0.814492905316,0.428238537847,2.33333333333,1.90196078431,0.814492905316,2.33333333333,0,0,0,0,0.164242424242,17,17,17,1,0,0.352941176471,0.411764705882,0.235294117647,17,37,0.136029411765,1.88235294118,4.35294117647,3.36363636364,2.84615384615,1.69341284359,0.389027274878,0.193958664547,2.09866904602,0.964253345467,0.518282988871,1.87867287326,0.863174022847,0.470588235294,0.786197569093,0.41766745858,2.25,1.88235294118,0.786197569093,2.25,0.166339869281,0.0612244897959,3,0.00441176470588,0.185952380952,17,17,17,1,0,0.352941176471,0.411764705882,0.235294117647,0,0,0,0,0,0,0,0,0,0,0,0,0,0,0,0,0,0,0,0,0,0,0,0,0,0,0,0,0,37,0,0,235,1,1,0,0,1,1,1,1,1,1,2,2,0,0,0,0
1960,WLNM_dir_neg,1,0.5,00:00:02,10,50,18,1983614891,threshold_sweep,0.7,1,1,1,2,0,0,4,1,1,0,0,1,1,1,1,0.555555555556,1,1,1,37,35,2,0,37,0,35,0,2,17,37,0.136029411765,1.88235294118,4.35294117647,3.36363636364,2.84615384615,1.69341284359,0.389027274878,0.193958664547,2.09866904602,0.964253345467,0.518282988871,1.87867287326,0.863174022847,0.470588235294,0.786197569093,0.41766745858,2.25,1.88235294118,0.786197569093,2.25,0.166339869281,0.0612244897959,3,0.00441176470588,0.185952380952,17,17,17,1,0,0.352941176471,0.411764705882,0.235294117647,17,0.128676470588,1.90196078431,4.11764705882,3.18181818182,2.69230769231,1.57648156274,0.382859808093,0.201680672269,2.01465221053,0.978545359402,0.524369747899,1.74894926439,0.849489642704,0.463865546218,0.814492905316,0.428238537847,2.33333333333,1.90196078431,0.814492905316,2.33333333333,0,0,0,0,0.164242424242,17,17,17,1,0,0.352941176471,0.411764705882,0.235294117647,17,37,0.136029411765,1.88235294118,4.35294117647,3.36363636364,2.84615384615,1.69341284359,0.389027274878,0.193958664547,2.09866904602,0.964253345467,0.518282988871,1.87867287326,0.863174022847,0.470588235294,0.786197569093,0.41766745858,2.25,1.88235294118,0.786197569093,2.25,0.166339869281,0.0612244897959,3,0.00441176470588,0.185952380952,17,17,17,1,0,0.352941176471,0.411764705882,0.235294117647,0,0,0,0,0,0,0,0,0,0,0,0,0,0,0,0,0,0,0,0,0,0,0,0,0,0,0,0,0,37,0,0,235,1,1,0,0,1,1,1,1,1,1,2,2,0,0,0,0
1961,WLNM_dir_neg,1,0.5,00:00:02,10,50,18,1983614891,threshold_sweep,0.8,1,1,1,2,0,0,4,1,1,0,0,1,1,1,1,0.555555555556,1,1,1,37,35,2,0,37,0,35,0,2,17,37,0.136029411765,1.88235294118,4.35294117647,3.36363636364,2.84615384615,1.69341284359,0.389027274878,0.193958664547,2.09866904602,0.964253345467,0.518282988871,1.87867287326,0.863174022847,0.470588235294,0.786197569093,0.41766745858,2.25,1.88235294118,0.786197569093,2.25,0.166339869281,0.0612244897959,3,0.00441176470588,0.185952380952,17,17,17,1,0,0.352941176471,0.411764705882,0.235294117647,17,0.128676470588,1.90196078431,4.11764705882,3.18181818182,2.69230769231,1.57648156274,0.382859808093,0.201680672269,2.01465221053,0.978545359402,0.524369747899,1.74894926439,0.849489642704,0.463865546218,0.814492905316,0.428238537847,2.33333333333,1.90196078431,0.814492905316,2.33333333333,0,0,0,0,0.164242424242,17,17,17,1,0,0.352941176471,0.411764705882,0.235294117647,17,37,0.136029411765,1.88235294118,4.35294117647,3.36363636364,2.84615384615,1.69341284359,0.389027274878,0.193958664547,2.09866904602,0.964253345467,0.518282988871,1.87867287326,0.863174022847,0.470588235294,0.786197569093,0.41766745858,2.25,1.88235294118,0.786197569093,2.25,0.166339869281,0.0612244897959,3,0.00441176470588,0.185952380952,17,17,17,1,0,0.352941176471,0.411764705882,0.235294117647,0,0,0,0,0,0,0,0,0,0,0,0,0,0,0,0,0,0,0,0,0,0,0,0,0,0,0,0,0,37,0,0,235,1,1,0,0,1,1,1,1,1,1,2,2,0,0,0,0
1962,WLNM_dir_neg,1,0.5,00:00:02,10,50,18,1983614891,threshold_sweep,0.9,1,1,1,2,0,0,4,1,1,0,0,1,1,1,1,0.555555555556,1,1,1,37,35,2,0,37,0,35,0,2,17,37,0.136029411765,1.88235294118,4.35294117647,3.36363636364,2.84615384615,1.69341284359,0.389027274878,0.193958664547,2.09866904602,0.964253345467,0.518282988871,1.87867287326,0.863174022847,0.470588235294,0.786197569093,0.41766745858,2.25,1.88235294118,0.786197569093,2.25,0.166339869281,0.0612244897959,3,0.00441176470588,0.185952380952,17,17,17,1,0,0.352941176471,0.411764705882,0.235294117647,17,0.128676470588,1.90196078431,4.11764705882,3.18181818182,2.69230769231,1.57648156274,0.382859808093,0.201680672269,2.01465221053,0.978545359402,0.524369747899,1.74894926439,0.849489642704,0.463865546218,0.814492905316,0.428238537847,2.33333333333,1.90196078431,0.814492905316,2.33333333333,0,0,0,0,0.164242424242,17,17,17,1,0,0.352941176471,0.411764705882,0.235294117647,17,37,0.136029411765,1.88235294118,4.35294117647,3.36363636364,2.84615384615,1.69341284359,0.389027274878,0.193958664547,2.09866904602,0.964253345467,0.518282988871,1.87867287326,0.863174022847,0.470588235294,0.786197569093,0.41766745858,2.25,1.88235294118,0.786197569093,2.25,0.166339869281,0.0612244897959,3,0.00441176470588,0.185952380952,17,17,17,1,0,0.352941176471,0.411764705882,0.235294117647,0,0,0,0,0,0,0,0,0,0,0,0,0,0,0,0,0,0,0,0,0,0,0,0,0,0,0,0,0,37,0,0,235,1,1,0,0,1,1,1,1,1,1,2,2,0,0,0,0
1963,WLNM_dir_neg,1,0.5,00:00:02,10,50,19,1983614892,threshold_sweep,0.1,1,1,1,2,0,0,4,1,1,0,0,1,1,1,1,0.555555555556,1,1,1,37,35,2,0,37,0,35,0,2,17,37,0.136029411765,1.88235294118,4.35294117647,3.36363636364,2.84615384615,1.69341284359,0.389027274878,0.193958664547,2.09866904602,0.964253345467,0.518282988871,1.87867287326,0.863174022847,0.470588235294,0.786197569093,0.41766745858,2.25,1.88235294118,0.786197569093,2.25,0.166339869281,0.0612244897959,3,0.00441176470588,0.185952380952,17,17,17,1,0,0.352941176471,0.411764705882,0.235294117647,17,0.128676470588,1.90196078431,4.11764705882,3.18181818182,2.69230769231,1.57648156274,0.382859808093,0.201680672269,2.01465221053,0.978545359402,0.524369747899,1.74894926439,0.849489642704,0.463865546218,0.814492905316,0.428238537847,2.33333333333,1.90196078431,0.814492905316,2.33333333333,0,0,0,0,0.164242424242,17,17,17,1,0,0.352941176471,0.411764705882,0.235294117647,17,37,0.136029411765,1.88235294118,4.35294117647,3.36363636364,2.84615384615,1.69341284359,0.389027274878,0.193958664547,2.09866904602,0.964253345467,0.518282988871,1.87867287326,0.863174022847,0.470588235294,0.786197569093,0.41766745858,2.25,1.88235294118,0.786197569093,2.25,0.166339869281,0.0612244897959,3,0.00441176470588,0.185952380952,17,17,17,1,0,0.352941176471,0.411764705882,0.235294117647,0,0,0,0,0,0,0,0,0,0,0,0,0,0,0,0,0,0,0,0,0,0,0,0,0,0,0,0,0,37,0,0,235,1,1,0,0,1,1,1,1,1,1,2,2,0,0,0,0
1964,WLNM_dir_neg,1,0.5,00:00:02,10,50,19,1983614892,threshold_sweep,0.2,1,1,1,2,0,0,4,1,1,0,0,1,1,1,1,0.555555555556,1,1,1,37,35,2,0,37,0,35,0,2,17,37,0.136029411765,1.88235294118,4.35294117647,3.36363636364,2.84615384615,1.69341284359,0.389027274878,0.193958664547,2.09866904602,0.964253345467,0.518282988871,1.87867287326,0.863174022847,0.470588235294,0.786197569093,0.41766745858,2.25,1.88235294118,0.786197569093,2.25,0.166339869281,0.0612244897959,3,0.00441176470588,0.185952380952,17,17,17,1,0,0.352941176471,0.411764705882,0.235294117647,17,0.128676470588,1.90196078431,4.11764705882,3.18181818182,2.69230769231,1.57648156274,0.382859808093,0.201680672269,2.01465221053,0.978545359402,0.524369747899,1.74894926439,0.849489642704,0.463865546218,0.814492905316,0.428238537847,2.33333333333,1.90196078431,0.814492905316,2.33333333333,0,0,0,0,0.164242424242,17,17,17,1,0,0.352941176471,0.411764705882,0.235294117647,17,37,0.136029411765,1.88235294118,4.35294117647,3.36363636364,2.84615384615,1.69341284359,0.389027274878,0.193958664547,2.09866904602,0.964253345467,0.518282988871,1.87867287326,0.863174022847,0.470588235294,0.786197569093,0.41766745858,2.25,1.88235294118,0.786197569093,2.25,0.166339869281,0.0612244897959,3,0.00441176470588,0.185952380952,17,17,17,1,0,0.352941176471,0.411764705882,0.235294117647,0,0,0,0,0,0,0,0,0,0,0,0,0,0,0,0,0,0,0,0,0,0,0,0,0,0,0,0,0,37,0,0,235,1,1,0,0,1,1,1,1,1,1,2,2,0,0,0,0
1965,WLNM_dir_neg,1,0.5,00:00:02,10,50,19,1983614892,threshold_sweep,0.3,1,1,1,2,0,0,4,1,1,0,0,1,1,1,1,0.555555555556,1,1,1,37,35,2,0,37,0,35,0,2,17,37,0.136029411765,1.88235294118,4.35294117647,3.36363636364,2.84615384615,1.69341284359,0.389027274878,0.193958664547,2.09866904602,0.964253345467,0.518282988871,1.87867287326,0.863174022847,0.470588235294,0.786197569093,0.41766745858,2.25,1.88235294118,0.786197569093,2.25,0.166339869281,0.0612244897959,3,0.00441176470588,0.185952380952,17,17,17,1,0,0.352941176471,0.411764705882,0.235294117647,17,0.128676470588,1.90196078431,4.11764705882,3.18181818182,2.69230769231,1.57648156274,0.382859808093,0.201680672269,2.01465221053,0.978545359402,0.524369747899,1.74894926439,0.849489642704,0.463865546218,0.814492905316,0.428238537847,2.33333333333,1.90196078431,0.814492905316,2.33333333333,0,0,0,0,0.164242424242,17,17,17,1,0,0.352941176471,0.411764705882,0.235294117647,17,37,0.136029411765,1.88235294118,4.35294117647,3.36363636364,2.84615384615,1.69341284359,0.389027274878,0.193958664547,2.09866904602,0.964253345467,0.518282988871,1.87867287326,0.863174022847,0.470588235294,0.786197569093,0.41766745858,2.25,1.88235294118,0.786197569093,2.25,0.166339869281,0.0612244897959,3,0.00441176470588,0.185952380952,17,17,17,1,0,0.352941176471,0.411764705882,0.235294117647,0,0,0,0,0,0,0,0,0,0,0,0,0,0,0,0,0,0,0,0,0,0,0,0,0,0,0,0,0,37,0,0,235,1,1,0,0,1,1,1,1,1,1,2,2,0,0,0,0
1966,WLNM_dir_neg,1,0.5,00:00:02,10,50,19,1983614892,threshold_sweep,0.4,1,1,1,2,0,0,4,1,1,0,0,1,1,1,1,0.555555555556,1,1,1,37,35,2,0,37,0,35,0,2,17,37,0.136029411765,1.88235294118,4.35294117647,3.36363636364,2.84615384615,1.69341284359,0.389027274878,0.193958664547,2.09866904602,0.964253345467,0.518282988871,1.87867287326,0.863174022847,0.470588235294,0.786197569093,0.41766745858,2.25,1.88235294118,0.786197569093,2.25,0.166339869281,0.0612244897959,3,0.00441176470588,0.185952380952,17,17,17,1,0,0.352941176471,0.411764705882,0.235294117647,17,0.128676470588,1.90196078431,4.11764705882,3.18181818182,2.69230769231,1.57648156274,0.382859808093,0.201680672269,2.01465221053,0.978545359402,0.524369747899,1.74894926439,0.849489642704,0.463865546218,0.814492905316,0.428238537847,2.33333333333,1.90196078431,0.814492905316,2.33333333333,0,0,0,0,0.164242424242,17,17,17,1,0,0.352941176471,0.411764705882,0.235294117647,17,37,0.136029411765,1.88235294118,4.35294117647,3.36363636364,2.84615384615,1.69341284359,0.389027274878,0.193958664547,2.09866904602,0.964253345467,0.518282988871,1.87867287326,0.863174022847,0.470588235294,0.786197569093,0.41766745858,2.25,1.88235294118,0.786197569093,2.25,0.166339869281,0.0612244897959,3,0.00441176470588,0.185952380952,17,17,17,1,0,0.352941176471,0.411764705882,0.235294117647,0,0,0,0,0,0,0,0,0,0,0,0,0,0,0,0,0,0,0,0,0,0,0,0,0,0,0,0,0,37,0,0,235,1,1,0,0,1,1,1,1,1,1,2,2,0,0,0,0
1967,WLNM_dir_neg,1,0.5,00:00:02,10,50,19,1983614892,threshold_sweep,0.5,1,1,1,2,0,0,4,1,1,0,0,1,1,1,1,0.555555555556,1,1,1,37,35,2,0,37,0,35,0,2,17,37,0.136029411765,1.88235294118,4.35294117647,3.36363636364,2.84615384615,1.69341284359,0.389027274878,0.193958664547,2.09866904602,0.964253345467,0.518282988871,1.87867287326,0.863174022847,0.470588235294,0.786197569093,0.41766745858,2.25,1.88235294118,0.786197569093,2.25,0.166339869281,0.0612244897959,3,0.00441176470588,0.185952380952,17,17,17,1,0,0.352941176471,0.411764705882,0.235294117647,17,0.128676470588,1.90196078431,4.11764705882,3.18181818182,2.69230769231,1.57648156274,0.382859808093,0.201680672269,2.01465221053,0.978545359402,0.524369747899,1.74894926439,0.849489642704,0.463865546218,0.814492905316,0.428238537847,2.33333333333,1.90196078431,0.814492905316,2.33333333333,0,0,0,0,0.164242424242,17,17,17,1,0,0.352941176471,0.411764705882,0.235294117647,17,37,0.136029411765,1.88235294118,4.35294117647,3.36363636364,2.84615384615,1.69341284359,0.389027274878,0.193958664547,2.09866904602,0.964253345467,0.518282988871,1.87867287326,0.863174022847,0.470588235294,0.786197569093,0.41766745858,2.25,1.88235294118,0.786197569093,2.25,0.166339869281,0.0612244897959,3,0.00441176470588,0.185952380952,17,17,17,1,0,0.352941176471,0.411764705882,0.235294117647,0,0,0,0,0,0,0,0,0,0,0,0,0,0,0,0,0,0,0,0,0,0,0,0,0,0,0,0,0,37,0,0,235,1,1,0,0,1,1,1,1,1,1,2,2,0,0,0,0
1968,WLNM_dir_neg,1,0.5,00:00:02,10,50,19,1983614892,threshold_sweep,0.6,1,1,1,2,0,0,4,1,1,0,0,1,1,1,1,0.555555555556,1,1,1,37,35,2,0,37,0,35,0,2,17,37,0.136029411765,1.88235294118,4.35294117647,3.36363636364,2.84615384615,1.69341284359,0.389027274878,0.193958664547,2.09866904602,0.964253345467,0.518282988871,1.87867287326,0.863174022847,0.470588235294,0.786197569093,0.41766745858,2.25,1.88235294118,0.786197569093,2.25,0.166339869281,0.0612244897959,3,0.00441176470588,0.185952380952,17,17,17,1,0,0.352941176471,0.411764705882,0.235294117647,17,0.128676470588,1.90196078431,4.11764705882,3.18181818182,2.69230769231,1.57648156274,0.382859808093,0.201680672269,2.01465221053,0.978545359402,0.524369747899,1.74894926439,0.849489642704,0.463865546218,0.814492905316,0.428238537847,2.33333333333,1.90196078431,0.814492905316,2.33333333333,0,0,0,0,0.164242424242,17,17,17,1,0,0.352941176471,0.411764705882,0.235294117647,17,37,0.136029411765,1.88235294118,4.35294117647,3.36363636364,2.84615384615,1.69341284359,0.389027274878,0.193958664547,2.09866904602,0.964253345467,0.518282988871,1.87867287326,0.863174022847,0.470588235294,0.786197569093,0.41766745858,2.25,1.88235294118,0.786197569093,2.25,0.166339869281,0.0612244897959,3,0.00441176470588,0.185952380952,17,17,17,1,0,0.352941176471,0.411764705882,0.235294117647,0,0,0,0,0,0,0,0,0,0,0,0,0,0,0,0,0,0,0,0,0,0,0,0,0,0,0,0,0,37,0,0,235,1,1,0,0,1,1,1,1,1,1,2,2,0,0,0,0
1969,WLNM_dir_neg,1,0.5,00:00:02,10,50,19,1983614892,threshold_sweep,0.7,1,1,1,2,0,0,4,1,1,0,0,1,1,1,1,0.555555555556,1,1,1,37,35,2,0,37,0,35,0,2,17,37,0.136029411765,1.88235294118,4.35294117647,3.36363636364,2.84615384615,1.69341284359,0.389027274878,0.193958664547,2.09866904602,0.964253345467,0.518282988871,1.87867287326,0.863174022847,0.470588235294,0.786197569093,0.41766745858,2.25,1.88235294118,0.786197569093,2.25,0.166339869281,0.0612244897959,3,0.00441176470588,0.185952380952,17,17,17,1,0,0.352941176471,0.411764705882,0.235294117647,17,0.128676470588,1.90196078431,4.11764705882,3.18181818182,2.69230769231,1.57648156274,0.382859808093,0.201680672269,2.01465221053,0.978545359402,0.524369747899,1.74894926439,0.849489642704,0.463865546218,0.814492905316,0.428238537847,2.33333333333,1.90196078431,0.814492905316,2.33333333333,0,0,0,0,0.164242424242,17,17,17,1,0,0.352941176471,0.411764705882,0.235294117647,17,37,0.136029411765,1.88235294118,4.35294117647,3.36363636364,2.84615384615,1.69341284359,0.389027274878,0.193958664547,2.09866904602,0.964253345467,0.518282988871,1.87867287326,0.863174022847,0.470588235294,0.786197569093,0.41766745858,2.25,1.88235294118,0.786197569093,2.25,0.166339869281,0.0612244897959,3,0.00441176470588,0.185952380952,17,17,17,1,0,0.352941176471,0.411764705882,0.235294117647,0,0,0,0,0,0,0,0,0,0,0,0,0,0,0,0,0,0,0,0,0,0,0,0,0,0,0,0,0,37,0,0,235,1,1,0,0,1,1,1,1,1,1,2,2,0,0,0,0
1970,WLNM_dir_neg,1,0.5,00:00:02,10,50,19,1983614892,threshold_sweep,0.8,1,1,1,2,0,0,4,1,1,0,0,1,1,1,1,0.555555555556,1,1,1,37,35,2,0,37,0,35,0,2,17,37,0.136029411765,1.88235294118,4.35294117647,3.36363636364,2.84615384615,1.69341284359,0.389027274878,0.193958664547,2.09866904602,0.964253345467,0.518282988871,1.87867287326,0.863174022847,0.470588235294,0.786197569093,0.41766745858,2.25,1.88235294118,0.786197569093,2.25,0.166339869281,0.0612244897959,3,0.00441176470588,0.185952380952,17,17,17,1,0,0.352941176471,0.411764705882,0.235294117647,17,0.128676470588,1.90196078431,4.11764705882,3.18181818182,2.69230769231,1.57648156274,0.382859808093,0.201680672269,2.01465221053,0.978545359402,0.524369747899,1.74894926439,0.849489642704,0.463865546218,0.814492905316,0.428238537847,2.33333333333,1.90196078431,0.814492905316,2.33333333333,0,0,0,0,0.164242424242,17,17,17,1,0,0.352941176471,0.411764705882,0.235294117647,17,37,0.136029411765,1.88235294118,4.35294117647,3.36363636364,2.84615384615,1.69341284359,0.389027274878,0.193958664547,2.09866904602,0.964253345467,0.518282988871,1.87867287326,0.863174022847,0.470588235294,0.786197569093,0.41766745858,2.25,1.88235294118,0.786197569093,2.25,0.166339869281,0.0612244897959,3,0.00441176470588,0.185952380952,17,17,17,1,0,0.352941176471,0.411764705882,0.235294117647,0,0,0,0,0,0,0,0,0,0,0,0,0,0,0,0,0,0,0,0,0,0,0,0,0,0,0,0,0,37,0,0,235,1,1,0,0,1,1,1,1,1,1,2,2,0,0,0,0
1971,WLNM_dir_neg,1,0.5,00:00:02,10,50,19,1983614892,threshold_sweep,0.9,1,1,1,2,0,0,4,1,1,0,0,1,1,1,1,0.555555555556,1,1,1,37,35,2,0,37,0,35,0,2,17,37,0.136029411765,1.88235294118,4.35294117647,3.36363636364,2.84615384615,1.69341284359,0.389027274878,0.193958664547,2.09866904602,0.964253345467,0.518282988871,1.87867287326,0.863174022847,0.470588235294,0.786197569093,0.41766745858,2.25,1.88235294118,0.786197569093,2.25,0.166339869281,0.0612244897959,3,0.00441176470588,0.185952380952,17,17,17,1,0,0.352941176471,0.411764705882,0.235294117647,17,0.128676470588,1.90196078431,4.11764705882,3.18181818182,2.69230769231,1.57648156274,0.382859808093,0.201680672269,2.01465221053,0.978545359402,0.524369747899,1.74894926439,0.849489642704,0.463865546218,0.814492905316,0.428238537847,2.33333333333,1.90196078431,0.814492905316,2.33333333333,0,0,0,0,0.164242424242,17,17,17,1,0,0.352941176471,0.411764705882,0.235294117647,17,37,0.136029411765,1.88235294118,4.35294117647,3.36363636364,2.84615384615,1.69341284359,0.389027274878,0.193958664547,2.09866904602,0.964253345467,0.518282988871,1.87867287326,0.863174022847,0.470588235294,0.786197569093,0.41766745858,2.25,1.88235294118,0.786197569093,2.25,0.166339869281,0.0612244897959,3,0.00441176470588,0.185952380952,17,17,17,1,0,0.352941176471,0.411764705882,0.235294117647,0,0,0,0,0,0,0,0,0,0,0,0,0,0,0,0,0,0,0,0,0,0,0,0,0,0,0,0,0,37,0,0,235,1,1,0,0,1,1,1,1,1,1,2,2,0,0,0,0
1972,WLNM_dir_neg,1,0.5,00:00:02,10,50,20,1983614893,threshold_sweep,0.1,1,1,1,2,0,0,4,1,1,0,0,1,1,1,1,0.555555555556,1,1,1,37,35,2,0,37,0,35,0,2,17,37,0.136029411765,1.88235294118,4.35294117647,3.36363636364,2.84615384615,1.69341284359,0.389027274878,0.193958664547,2.09866904602,0.964253345467,0.518282988871,1.87867287326,0.863174022847,0.470588235294,0.786197569093,0.41766745858,2.25,1.88235294118,0.786197569093,2.25,0.166339869281,0.0612244897959,3,0.00441176470588,0.185952380952,17,17,17,1,0,0.352941176471,0.411764705882,0.235294117647,17,0.128676470588,1.90196078431,4.11764705882,3.18181818182,2.69230769231,1.57648156274,0.382859808093,0.201680672269,2.01465221053,0.978545359402,0.524369747899,1.74894926439,0.849489642704,0.463865546218,0.814492905316,0.428238537847,2.33333333333,1.90196078431,0.814492905316,2.33333333333,0,0,0,0,0.164242424242,17,17,17,1,0,0.352941176471,0.411764705882,0.235294117647,17,37,0.136029411765,1.88235294118,4.35294117647,3.36363636364,2.84615384615,1.69341284359,0.389027274878,0.193958664547,2.09866904602,0.964253345467,0.518282988871,1.87867287326,0.863174022847,0.470588235294,0.786197569093,0.41766745858,2.25,1.88235294118,0.786197569093,2.25,0.166339869281,0.0612244897959,3,0.00441176470588,0.185952380952,17,17,17,1,0,0.352941176471,0.411764705882,0.235294117647,0,0,0,0,0,0,0,0,0,0,0,0,0,0,0,0,0,0,0,0,0,0,0,0,0,0,0,0,0,37,0,0,235,1,1,0,0,1,1,1,1,1,1,2,2,0,0,0,0
1973,WLNM_dir_neg,1,0.5,00:00:02,10,50,20,1983614893,threshold_sweep,0.2,1,1,1,2,0,0,4,1,1,0,0,1,1,1,1,0.555555555556,1,1,1,37,35,2,0,37,0,35,0,2,17,37,0.136029411765,1.88235294118,4.35294117647,3.36363636364,2.84615384615,1.69341284359,0.389027274878,0.193958664547,2.09866904602,0.964253345467,0.518282988871,1.87867287326,0.863174022847,0.470588235294,0.786197569093,0.41766745858,2.25,1.88235294118,0.786197569093,2.25,0.166339869281,0.0612244897959,3,0.00441176470588,0.185952380952,17,17,17,1,0,0.352941176471,0.411764705882,0.235294117647,17,0.128676470588,1.90196078431,4.11764705882,3.18181818182,2.69230769231,1.57648156274,0.382859808093,0.201680672269,2.01465221053,0.978545359402,0.524369747899,1.74894926439,0.849489642704,0.463865546218,0.814492905316,0.428238537847,2.33333333333,1.90196078431,0.814492905316,2.33333333333,0,0,0,0,0.164242424242,17,17,17,1,0,0.352941176471,0.411764705882,0.235294117647,17,37,0.136029411765,1.88235294118,4.35294117647,3.36363636364,2.84615384615,1.69341284359,0.389027274878,0.193958664547,2.09866904602,0.964253345467,0.518282988871,1.87867287326,0.863174022847,0.470588235294,0.786197569093,0.41766745858,2.25,1.88235294118,0.786197569093,2.25,0.166339869281,0.0612244897959,3,0.00441176470588,0.185952380952,17,17,17,1,0,0.352941176471,0.411764705882,0.235294117647,0,0,0,0,0,0,0,0,0,0,0,0,0,0,0,0,0,0,0,0,0,0,0,0,0,0,0,0,0,37,0,0,235,1,1,0,0,1,1,1,1,1,1,2,2,0,0,0,0
1974,WLNM_dir_neg,1,0.5,00:00:02,10,50,20,1983614893,threshold_sweep,0.3,1,1,1,2,0,0,4,1,1,0,0,1,1,1,1,0.555555555556,1,1,1,37,35,2,0,37,0,35,0,2,17,37,0.136029411765,1.88235294118,4.35294117647,3.36363636364,2.84615384615,1.69341284359,0.389027274878,0.193958664547,2.09866904602,0.964253345467,0.518282988871,1.87867287326,0.863174022847,0.470588235294,0.786197569093,0.41766745858,2.25,1.88235294118,0.786197569093,2.25,0.166339869281,0.0612244897959,3,0.00441176470588,0.185952380952,17,17,17,1,0,0.352941176471,0.411764705882,0.235294117647,17,0.128676470588,1.90196078431,4.11764705882,3.18181818182,2.69230769231,1.57648156274,0.382859808093,0.201680672269,2.01465221053,0.978545359402,0.524369747899,1.74894926439,0.849489642704,0.463865546218,0.814492905316,0.428238537847,2.33333333333,1.90196078431,0.814492905316,2.33333333333,0,0,0,0,0.164242424242,17,17,17,1,0,0.352941176471,0.411764705882,0.235294117647,17,37,0.136029411765,1.88235294118,4.35294117647,3.36363636364,2.84615384615,1.69341284359,0.389027274878,0.193958664547,2.09866904602,0.964253345467,0.518282988871,1.87867287326,0.863174022847,0.470588235294,0.786197569093,0.41766745858,2.25,1.88235294118,0.786197569093,2.25,0.166339869281,0.0612244897959,3,0.00441176470588,0.185952380952,17,17,17,1,0,0.352941176471,0.411764705882,0.235294117647,0,0,0,0,0,0,0,0,0,0,0,0,0,0,0,0,0,0,0,0,0,0,0,0,0,0,0,0,0,37,0,0,235,1,1,0,0,1,1,1,1,1,1,2,2,0,0,0,0
1975,WLNM_dir_neg,1,0.5,00:00:02,10,50,20,1983614893,threshold_sweep,0.4,1,1,1,2,0,0,4,1,1,0,0,1,1,1,1,0.555555555556,1,1,1,37,35,2,0,37,0,35,0,2,17,37,0.136029411765,1.88235294118,4.35294117647,3.36363636364,2.84615384615,1.69341284359,0.389027274878,0.193958664547,2.09866904602,0.964253345467,0.518282988871,1.87867287326,0.863174022847,0.470588235294,0.786197569093,0.41766745858,2.25,1.88235294118,0.786197569093,2.25,0.166339869281,0.0612244897959,3,0.00441176470588,0.185952380952,17,17,17,1,0,0.352941176471,0.411764705882,0.235294117647,17,0.128676470588,1.90196078431,4.11764705882,3.18181818182,2.69230769231,1.57648156274,0.382859808093,0.201680672269,2.01465221053,0.978545359402,0.524369747899,1.74894926439,0.849489642704,0.463865546218,0.814492905316,0.428238537847,2.33333333333,1.90196078431,0.814492905316,2.33333333333,0,0,0,0,0.164242424242,17,17,17,1,0,0.352941176471,0.411764705882,0.235294117647,17,37,0.136029411765,1.88235294118,4.35294117647,3.36363636364,2.84615384615,1.69341284359,0.389027274878,0.193958664547,2.09866904602,0.964253345467,0.518282988871,1.87867287326,0.863174022847,0.470588235294,0.786197569093,0.41766745858,2.25,1.88235294118,0.786197569093,2.25,0.166339869281,0.0612244897959,3,0.00441176470588,0.185952380952,17,17,17,1,0,0.352941176471,0.411764705882,0.235294117647,0,0,0,0,0,0,0,0,0,0,0,0,0,0,0,0,0,0,0,0,0,0,0,0,0,0,0,0,0,37,0,0,235,1,1,0,0,1,1,1,1,1,1,2,2,0,0,0,0
1976,WLNM_dir_neg,1,0.5,00:00:02,10,50,20,1983614893,threshold_sweep,0.5,1,1,1,2,0,0,4,1,1,0,0,1,1,1,1,0.555555555556,1,1,1,37,35,2,0,37,0,35,0,2,17,37,0.136029411765,1.88235294118,4.35294117647,3.36363636364,2.84615384615,1.69341284359,0.389027274878,0.193958664547,2.09866904602,0.964253345467,0.518282988871,1.87867287326,0.863174022847,0.470588235294,0.786197569093,0.41766745858,2.25,1.88235294118,0.786197569093,2.25,0.166339869281,0.0612244897959,3,0.00441176470588,0.185952380952,17,17,17,1,0,0.352941176471,0.411764705882,0.235294117647,17,0.128676470588,1.90196078431,4.11764705882,3.18181818182,2.69230769231,1.57648156274,0.382859808093,0.201680672269,2.01465221053,0.978545359402,0.524369747899,1.74894926439,0.849489642704,0.463865546218,0.814492905316,0.428238537847,2.33333333333,1.90196078431,0.814492905316,2.33333333333,0,0,0,0,0.164242424242,17,17,17,1,0,0.352941176471,0.411764705882,0.235294117647,17,37,0.136029411765,1.88235294118,4.35294117647,3.36363636364,2.84615384615,1.69341284359,0.389027274878,0.193958664547,2.09866904602,0.964253345467,0.518282988871,1.87867287326,0.863174022847,0.470588235294,0.786197569093,0.41766745858,2.25,1.88235294118,0.786197569093,2.25,0.166339869281,0.0612244897959,3,0.00441176470588,0.185952380952,17,17,17,1,0,0.352941176471,0.411764705882,0.235294117647,0,0,0,0,0,0,0,0,0,0,0,0,0,0,0,0,0,0,0,0,0,0,0,0,0,0,0,0,0,37,0,0,235,1,1,0,0,1,1,1,1,1,1,2,2,0,0,0,0
1977,WLNM_dir_neg,1,0.5,00:00:02,10,50,20,1983614893,threshold_sweep,0.6,1,1,1,2,0,0,4,1,1,0,0,1,1,1,1,0.555555555556,1,1,1,37,35,2,0,37,0,35,0,2,17,37,0.136029411765,1.88235294118,4.35294117647,3.36363636364,2.84615384615,1.69341284359,0.389027274878,0.193958664547,2.09866904602,0.964253345467,0.518282988871,1.87867287326,0.863174022847,0.470588235294,0.786197569093,0.41766745858,2.25,1.88235294118,0.786197569093,2.25,0.166339869281,0.0612244897959,3,0.00441176470588,0.185952380952,17,17,17,1,0,0.352941176471,0.411764705882,0.235294117647,17,0.128676470588,1.90196078431,4.11764705882,3.18181818182,2.69230769231,1.57648156274,0.382859808093,0.201680672269,2.01465221053,0.978545359402,0.524369747899,1.74894926439,0.849489642704,0.463865546218,0.814492905316,0.428238537847,2.33333333333,1.90196078431,0.814492905316,2.33333333333,0,0,0,0,0.164242424242,17,17,17,1,0,0.352941176471,0.411764705882,0.235294117647,17,37,0.136029411765,1.88235294118,4.35294117647,3.36363636364,2.84615384615,1.69341284359,0.389027274878,0.193958664547,2.09866904602,0.964253345467,0.518282988871,1.87867287326,0.863174022847,0.470588235294,0.786197569093,0.41766745858,2.25,1.88235294118,0.786197569093,2.25,0.166339869281,0.0612244897959,3,0.00441176470588,0.185952380952,17,17,17,1,0,0.352941176471,0.411764705882,0.235294117647,0,0,0,0,0,0,0,0,0,0,0,0,0,0,0,0,0,0,0,0,0,0,0,0,0,0,0,0,0,37,0,0,235,1,1,0,0,1,1,1,1,1,1,2,2,0,0,0,0
1978,WLNM_dir_neg,1,0.5,00:00:02,10,50,20,1983614893,threshold_sweep,0.7,1,1,1,2,0,0,4,1,1,0,0,1,1,1,1,0.555555555556,1,1,1,37,35,2,0,37,0,35,0,2,17,37,0.136029411765,1.88235294118,4.35294117647,3.36363636364,2.84615384615,1.69341284359,0.389027274878,0.193958664547,2.09866904602,0.964253345467,0.518282988871,1.87867287326,0.863174022847,0.470588235294,0.786197569093,0.41766745858,2.25,1.88235294118,0.786197569093,2.25,0.166339869281,0.0612244897959,3,0.00441176470588,0.185952380952,17,17,17,1,0,0.352941176471,0.411764705882,0.235294117647,17,0.128676470588,1.90196078431,4.11764705882,3.18181818182,2.69230769231,1.57648156274,0.382859808093,0.201680672269,2.01465221053,0.978545359402,0.524369747899,1.74894926439,0.849489642704,0.463865546218,0.814492905316,0.428238537847,2.33333333333,1.90196078431,0.814492905316,2.33333333333,0,0,0,0,0.164242424242,17,17,17,1,0,0.352941176471,0.411764705882,0.235294117647,17,37,0.136029411765,1.88235294118,4.35294117647,3.36363636364,2.84615384615,1.69341284359,0.389027274878,0.193958664547,2.09866904602,0.964253345467,0.518282988871,1.87867287326,0.863174022847,0.470588235294,0.786197569093,0.41766745858,2.25,1.88235294118,0.786197569093,2.25,0.166339869281,0.0612244897959,3,0.00441176470588,0.185952380952,17,17,17,1,0,0.352941176471,0.411764705882,0.235294117647,0,0,0,0,0,0,0,0,0,0,0,0,0,0,0,0,0,0,0,0,0,0,0,0,0,0,0,0,0,37,0,0,235,1,1,0,0,1,1,1,1,1,1,2,2,0,0,0,0
1979,WLNM_dir_neg,1,0.5,00:00:02,10,50,20,1983614893,threshold_sweep,0.8,1,1,1,2,0,0,4,1,1,0,0,1,1,1,1,0.555555555556,1,1,1,37,35,2,0,37,0,35,0,2,17,37,0.136029411765,1.88235294118,4.35294117647,3.36363636364,2.84615384615,1.69341284359,0.389027274878,0.193958664547,2.09866904602,0.964253345467,0.518282988871,1.87867287326,0.863174022847,0.470588235294,0.786197569093,0.41766745858,2.25,1.88235294118,0.786197569093,2.25,0.166339869281,0.0612244897959,3,0.00441176470588,0.185952380952,17,17,17,1,0,0.352941176471,0.411764705882,0.235294117647,17,0.128676470588,1.90196078431,4.11764705882,3.18181818182,2.69230769231,1.57648156274,0.382859808093,0.201680672269,2.01465221053,0.978545359402,0.524369747899,1.74894926439,0.849489642704,0.463865546218,0.814492905316,0.428238537847,2.33333333333,1.90196078431,0.814492905316,2.33333333333,0,0,0,0,0.164242424242,17,17,17,1,0,0.352941176471,0.411764705882,0.235294117647,17,37,0.136029411765,1.88235294118,4.35294117647,3.36363636364,2.84615384615,1.69341284359,0.389027274878,0.193958664547,2.09866904602,0.964253345467,0.518282988871,1.87867287326,0.863174022847,0.470588235294,0.786197569093,0.41766745858,2.25,1.88235294118,0.786197569093,2.25,0.166339869281,0.0612244897959,3,0.00441176470588,0.185952380952,17,17,17,1,0,0.352941176471,0.411764705882,0.235294117647,0,0,0,0,0,0,0,0,0,0,0,0,0,0,0,0,0,0,0,0,0,0,0,0,0,0,0,0,0,37,0,0,235,1,1,0,0,1,1,1,1,1,1,2,2,0,0,0,0
1980,WLNM_dir_neg,1,0.5,00:00:02,10,50,20,1983614893,threshold_sweep,0.9,1,0.5,0.666666666667,1,0,1,4,0.5,1,0,0.5,1,0.5,0.666666666667,0.833333333333,0.611111111111,0.571428571429,0.632455532034,0.5,37,35,2,0,37,0,35,0,2,17,37,0.136029411765,1.88235294118,4.35294117647,3.36363636364,2.84615384615,1.69341284359,0.389027274878,0.193958664547,2.09866904602,0.964253345467,0.518282988871,1.87867287326,0.863174022847,0.470588235294,0.786197569093,0.41766745858,2.25,1.88235294118,0.786197569093,2.25,0.166339869281,0.0612244897959,3,0.00441176470588,0.185952380952,17,17,17,1,0,0.352941176471,0.411764705882,0.235294117647,17,0.128676470588,1.90196078431,4.11764705882,3.18181818182,2.69230769231,1.57648156274,0.382859808093,0.201680672269,2.01465221053,0.978545359402,0.524369747899,1.74894926439,0.849489642704,0.463865546218,0.814492905316,0.428238537847,2.33333333333,1.90196078431,0.814492905316,2.33333333333,0,0,0,0,0.164242424242,17,17,17,1,0,0.352941176471,0.411764705882,0.235294117647,17,36,0.132352941176,1.89705882353,4.23529411765,3.27272727273,2.76923076923,1.71498585143,0.40492721492,0.204248366013,2.05798302171,0.971825315808,0.522875816993,1.79869233546,0.849382491746,0.464052287582,0.805541469338,0.424626510969,2.25,1.89705882353,0.805541469338,2.25,0.0702614379085,0.0214285714286,1,0.00147058823529,0.175454545455,17,17,17,1,0,0.352941176471,0.411764705882,0.235294117647,-1,-0.00367647058824,0.0147058823529,-0.117647058824,-0.0909090909091,-0.0769230769231,0.0215730078386,0.0158999400418,0.0102897014662,-0.0406860243059,0.00757197034072,0.00459282812224,-0.0799805377942,-0.0137915311015,-0.00653594771242,0.0193439002456,0.00695905238854,0,0.0147058823529,0.0193439002456,0,-0.0960784313725,-0.0397959183673,-2,-0.00294117647059,-0.0104978354978,0,0,0,36,0,1,235,0.972972972973,1,0,0.027027027027,1,0.972972972973,0.986301369863,0.984301887704,0.972972972973,0.972972972973,1,2,0,0,0,0
1981,WLNM_dir_neg,1,0.5,00:00:03,10,50,21,1983614894,threshold_sweep,0.1,0.666666666667,1,0.8,2,1,0,3,1,0.75,0.25,0,0.666666666667,1,0.8,0.833333333333,0.5,0.666666666667,0.707106781187,0.75,37,35,2,0,37,0,35,0,2,17,37,0.136029411765,1.88235294118,4.35294117647,3.36363636364,2.84615384615,1.69341284359,0.389027274878,0.193958664547,2.09866904602,0.964253345467,0.518282988871,1.87867287326,0.863174022847,0.470588235294,0.786197569093,0.41766745858,2.25,1.88235294118,0.786197569093,2.25,0.166339869281,0.0612244897959,3,0.00441176470588,0.185952380952,17,17,17,1,0,0.352941176471,0.411764705882,0.235294117647,17,0.128676470588,1.90196078431,4.11764705882,3.18181818182,2.69230769231,1.57648156274,0.382859808093,0.201680672269,2.01465221053,0.978545359402,0.524369747899,1.74894926439,0.849489642704,0.463865546218,0.814492905316,0.428238537847,2.33333333333,1.90196078431,0.814492905316,2.33333333333,0,0,0,0,0.164242424242,17,17,17,1,0,0.352941176471,0.411764705882,0.235294117647,17,38,0.139705882353,1.98764705882,4.47058823529,3.16666666667,2.92307692308,1.66274047354,0.371928790134,0.188854489164,2.04723630062,0.915868871331,0.495356037152,1.98523965067,0.888133527931,0.482972136223,0.792996921587,0.398962641817,2.35,1.98764705882,0.792996921587,2.35,0.162418300654,0.0584415584416,3,0.00441176470588,0.192081529582,17,17,17,1,0,0.294117647059,0.470588235294,0.235294117647,1,0.00367647058824,0.105294117647,0.117647058824,-0.19696969697,0.0769230769231,-0.030672370045,-0.0170984847437,-0.00510417538281,-0.0514327453931,-0.0483844741355,-0.0229269517195,0.106566777414,0.0249595050838,0.0123839009288,0.00679935249481,-0.0187048167638,0.1,0.105294117647,0.00679935249481,0.1,-0.00392156862745,-0.00278293135436,0,0,0.00612914862915,-0.0588235294118,0.0588235294118,0,37,1,0,234,1,0.995744680851,0.00425531914894,0,0.973684210526,1,0.986666666667,0.984652666406,0.995744680851,0.973684210526,3,2,0,0,0,0
1982,WLNM_dir_neg,1,0.5,00:00:03,10,50,21,1983614894,threshold_sweep,0.2,0.666666666667,1,0.8,2,1,0,3,1,0.75,0.25,0,0.666666666667,1,0.8,0.833333333333,0.5,0.666666666667,0.707106781187,0.75,37,35,2,0,37,0,35,0,2,17,37,0.136029411765,1.88235294118,4.35294117647,3.36363636364,2.84615384615,1.69341284359,0.389027274878,0.193958664547,2.09866904602,0.964253345467,0.518282988871,1.87867287326,0.863174022847,0.470588235294,0.786197569093,0.41766745858,2.25,1.88235294118,0.786197569093,2.25,0.166339869281,0.0612244897959,3,0.00441176470588,0.185952380952,17,17,17,1,0,0.352941176471,0.411764705882,0.235294117647,17,0.128676470588,1.90196078431,4.11764705882,3.18181818182,2.69230769231,1.57648156274,0.382859808093,0.201680672269,2.01465221053,0.978545359402,0.524369747899,1.74894926439,0.849489642704,0.463865546218,0.814492905316,0.428238537847,2.33333333333,1.90196078431,0.814492905316,2.33333333333,0,0,0,0,0.164242424242,17,17,17,1,0,0.352941176471,0.411764705882,0.235294117647,17,38,0.139705882353,1.98764705882,4.47058823529,3.16666666667,2.92307692308,1.66274047354,0.371928790134,0.188854489164,2.04723630062,0.915868871331,0.495356037152,1.98523965067,0.888133527931,0.482972136223,0.792996921587,0.398962641817,2.35,1.98764705882,0.792996921587,2.35,0.162418300654,0.0584415584416,3,0.00441176470588,0.192081529582,17,17,17,1,0,0.294117647059,0.470588235294,0.235294117647,1,0.00367647058824,0.105294117647,0.117647058824,-0.19696969697,0.0769230769231,-0.030672370045,-0.0170984847437,-0.00510417538281,-0.0514327453931,-0.0483844741355,-0.0229269517195,0.106566777414,0.0249595050838,0.0123839009288,0.00679935249481,-0.0187048167638,0.1,0.105294117647,0.00679935249481,0.1,-0.00392156862745,-0.00278293135436,0,0,0.00612914862915,-0.0588235294118,0.0588235294118,0,37,1,0,234,1,0.995744680851,0.00425531914894,0,0.973684210526,1,0.986666666667,0.984652666406,0.995744680851,0.973684210526,3,2,0,0,0,0
1983,WLNM_dir_neg,1,0.5,00:00:03,10,50,21,1983614894,threshold_sweep,0.3,0.666666666667,1,0.8,2,1,0,3,1,0.75,0.25,0,0.666666666667,1,0.8,0.833333333333,0.5,0.666666666667,0.707106781187,0.75,37,35,2,0,37,0,35,0,2,17,37,0.136029411765,1.88235294118,4.35294117647,3.36363636364,2.84615384615,1.69341284359,0.389027274878,0.193958664547,2.09866904602,0.964253345467,0.518282988871,1.87867287326,0.863174022847,0.470588235294,0.786197569093,0.41766745858,2.25,1.88235294118,0.786197569093,2.25,0.166339869281,0.0612244897959,3,0.00441176470588,0.185952380952,17,17,17,1,0,0.352941176471,0.411764705882,0.235294117647,17,0.128676470588,1.90196078431,4.11764705882,3.18181818182,2.69230769231,1.57648156274,0.382859808093,0.201680672269,2.01465221053,0.978545359402,0.524369747899,1.74894926439,0.849489642704,0.463865546218,0.814492905316,0.428238537847,2.33333333333,1.90196078431,0.814492905316,2.33333333333,0,0,0,0,0.164242424242,17,17,17,1,0,0.352941176471,0.411764705882,0.235294117647,17,38,0.139705882353,1.98764705882,4.47058823529,3.16666666667,2.92307692308,1.66274047354,0.371928790134,0.188854489164,2.04723630062,0.915868871331,0.495356037152,1.98523965067,0.888133527931,0.482972136223,0.792996921587,0.398962641817,2.35,1.98764705882,0.792996921587,2.35,0.162418300654,0.0584415584416,3,0.00441176470588,0.192081529582,17,17,17,1,0,0.294117647059,0.470588235294,0.235294117647,1,0.00367647058824,0.105294117647,0.117647058824,-0.19696969697,0.0769230769231,-0.030672370045,-0.0170984847437,-0.00510417538281,-0.0514327453931,-0.0483844741355,-0.0229269517195,0.106566777414,0.0249595050838,0.0123839009288,0.00679935249481,-0.0187048167638,0.1,0.105294117647,0.00679935249481,0.1,-0.00392156862745,-0.00278293135436,0,0,0.00612914862915,-0.0588235294118,0.0588235294118,0,37,1,0,234,1,0.995744680851,0.00425531914894,0,0.973684210526,1,0.986666666667,0.984652666406,0.995744680851,0.973684210526,3,2,0,0,0,0
1984,WLNM_dir_neg,1,0.5,00:00:03,10,50,21,1983614894,threshold_sweep,0.4,0.666666666667,1,0.8,2,1,0,3,1,0.75,0.25,0,0.666666666667,1,0.8,0.833333333333,0.5,0.666666666667,0.707106781187,0.75,37,35,2,0,37,0,35,0,2,17,37,0.136029411765,1.88235294118,4.35294117647,3.36363636364,2.84615384615,1.69341284359,0.389027274878,0.193958664547,2.09866904602,0.964253345467,0.518282988871,1.87867287326,0.863174022847,0.470588235294,0.786197569093,0.41766745858,2.25,1.88235294118,0.786197569093,2.25,0.166339869281,0.0612244897959,3,0.00441176470588,0.185952380952,17,17,17,1,0,0.352941176471,0.411764705882,0.235294117647,17,0.128676470588,1.90196078431,4.11764705882,3.18181818182,2.69230769231,1.57648156274,0.382859808093,0.201680672269,2.01465221053,0.978545359402,0.524369747899,1.74894926439,0.849489642704,0.463865546218,0.814492905316,0.428238537847,2.33333333333,1.90196078431,0.814492905316,2.33333333333,0,0,0,0,0.164242424242,17,17,17,1,0,0.352941176471,0.411764705882,0.235294117647,17,38,0.139705882353,1.98764705882,4.47058823529,3.16666666667,2.92307692308,1.66274047354,0.371928790134,0.188854489164,2.04723630062,0.915868871331,0.495356037152,1.98523965067,0.888133527931,0.482972136223,0.792996921587,0.398962641817,2.35,1.98764705882,0.792996921587,2.35,0.162418300654,0.0584415584416,3,0.00441176470588,0.192081529582,17,17,17,1,0,0.294117647059,0.470588235294,0.235294117647,1,0.00367647058824,0.105294117647,0.117647058824,-0.19696969697,0.0769230769231,-0.030672370045,-0.0170984847437,-0.00510417538281,-0.0514327453931,-0.0483844741355,-0.0229269517195,0.106566777414,0.0249595050838,0.0123839009288,0.00679935249481,-0.0187048167638,0.1,0.105294117647,0.00679935249481,0.1,-0.00392156862745,-0.00278293135436,0,0,0.00612914862915,-0.0588235294118,0.0588235294118,0,37,1,0,234,1,0.995744680851,0.00425531914894,0,0.973684210526,1,0.986666666667,0.984652666406,0.995744680851,0.973684210526,3,2,0,0,0,0
1985,WLNM_dir_neg,1,0.5,00:00:03,10,50,21,1983614894,threshold_sweep,0.5,0.666666666667,1,0.8,2,1,0,3,1,0.75,0.25,0,0.666666666667,1,0.8,0.833333333333,0.5,0.666666666667,0.707106781187,0.75,37,35,2,0,37,0,35,0,2,17,37,0.136029411765,1.88235294118,4.35294117647,3.36363636364,2.84615384615,1.69341284359,0.389027274878,0.193958664547,2.09866904602,0.964253345467,0.518282988871,1.87867287326,0.863174022847,0.470588235294,0.786197569093,0.41766745858,2.25,1.88235294118,0.786197569093,2.25,0.166339869281,0.0612244897959,3,0.00441176470588,0.185952380952,17,17,17,1,0,0.352941176471,0.411764705882,0.235294117647,17,0.128676470588,1.90196078431,4.11764705882,3.18181818182,2.69230769231,1.57648156274,0.382859808093,0.201680672269,2.01465221053,0.978545359402,0.524369747899,1.74894926439,0.849489642704,0.463865546218,0.814492905316,0.428238537847,2.33333333333,1.90196078431,0.814492905316,2.33333333333,0,0,0,0,0.164242424242,17,17,17,1,0,0.352941176471,0.411764705882,0.235294117647,17,38,0.139705882353,1.98764705882,4.47058823529,3.16666666667,2.92307692308,1.66274047354,0.371928790134,0.188854489164,2.04723630062,0.915868871331,0.495356037152,1.98523965067,0.888133527931,0.482972136223,0.792996921587,0.398962641817,2.35,1.98764705882,0.792996921587,2.35,0.162418300654,0.0584415584416,3,0.00441176470588,0.192081529582,17,17,17,1,0,0.294117647059,0.470588235294,0.235294117647,1,0.00367647058824,0.105294117647,0.117647058824,-0.19696969697,0.0769230769231,-0.030672370045,-0.0170984847437,-0.00510417538281,-0.0514327453931,-0.0483844741355,-0.0229269517195,0.106566777414,0.0249595050838,0.0123839009288,0.00679935249481,-0.0187048167638,0.1,0.105294117647,0.00679935249481,0.1,-0.00392156862745,-0.00278293135436,0,0,0.00612914862915,-0.0588235294118,0.0588235294118,0,37,1,0,234,1,0.995744680851,0.00425531914894,0,0.973684210526,1,0.986666666667,0.984652666406,0.995744680851,0.973684210526,3,2,0,0,0,0
1986,WLNM_dir_neg,1,0.5,00:00:03,10,50,21,1983614894,threshold_sweep,0.6,0.666666666667,1,0.8,2,1,0,3,1,0.75,0.25,0,0.666666666667,1,0.8,0.833333333333,0.5,0.666666666667,0.707106781187,0.75,37,35,2,0,37,0,35,0,2,17,37,0.136029411765,1.88235294118,4.35294117647,3.36363636364,2.84615384615,1.69341284359,0.389027274878,0.193958664547,2.09866904602,0.964253345467,0.518282988871,1.87867287326,0.863174022847,0.470588235294,0.786197569093,0.41766745858,2.25,1.88235294118,0.786197569093,2.25,0.166339869281,0.0612244897959,3,0.00441176470588,0.185952380952,17,17,17,1,0,0.352941176471,0.411764705882,0.235294117647,17,0.128676470588,1.90196078431,4.11764705882,3.18181818182,2.69230769231,1.57648156274,0.382859808093,0.201680672269,2.01465221053,0.978545359402,0.524369747899,1.74894926439,0.849489642704,0.463865546218,0.814492905316,0.428238537847,2.33333333333,1.90196078431,0.814492905316,2.33333333333,0,0,0,0,0.164242424242,17,17,17,1,0,0.352941176471,0.411764705882,0.235294117647,17,38,0.139705882353,1.98764705882,4.47058823529,3.16666666667,2.92307692308,1.66274047354,0.371928790134,0.188854489164,2.04723630062,0.915868871331,0.495356037152,1.98523965067,0.888133527931,0.482972136223,0.792996921587,0.398962641817,2.35,1.98764705882,0.792996921587,2.35,0.162418300654,0.0584415584416,3,0.00441176470588,0.192081529582,17,17,17,1,0,0.294117647059,0.470588235294,0.235294117647,1,0.00367647058824,0.105294117647,0.117647058824,-0.19696969697,0.0769230769231,-0.030672370045,-0.0170984847437,-0.00510417538281,-0.0514327453931,-0.0483844741355,-0.0229269517195,0.106566777414,0.0249595050838,0.0123839009288,0.00679935249481,-0.0187048167638,0.1,0.105294117647,0.00679935249481,0.1,-0.00392156862745,-0.00278293135436,0,0,0.00612914862915,-0.0588235294118,0.0588235294118,0,37,1,0,234,1,0.995744680851,0.00425531914894,0,0.973684210526,1,0.986666666667,0.984652666406,0.995744680851,0.973684210526,3,2,0,0,0,0
1987,WLNM_dir_neg,1,0.5,00:00:03,10,50,21,1983614894,threshold_sweep,0.7,0.666666666667,1,0.8,2,1,0,3,1,0.75,0.25,0,0.666666666667,1,0.8,0.833333333333,0.5,0.666666666667,0.707106781187,0.75,37,35,2,0,37,0,35,0,2,17,37,0.136029411765,1.88235294118,4.35294117647,3.36363636364,2.84615384615,1.69341284359,0.389027274878,0.193958664547,2.09866904602,0.964253345467,0.518282988871,1.87867287326,0.863174022847,0.470588235294,0.786197569093,0.41766745858,2.25,1.88235294118,0.786197569093,2.25,0.166339869281,0.0612244897959,3,0.00441176470588,0.185952380952,17,17,17,1,0,0.352941176471,0.411764705882,0.235294117647,17,0.128676470588,1.90196078431,4.11764705882,3.18181818182,2.69230769231,1.57648156274,0.382859808093,0.201680672269,2.01465221053,0.978545359402,0.524369747899,1.74894926439,0.849489642704,0.463865546218,0.814492905316,0.428238537847,2.33333333333,1.90196078431,0.814492905316,2.33333333333,0,0,0,0,0.164242424242,17,17,17,1,0,0.352941176471,0.411764705882,0.235294117647,17,38,0.139705882353,1.98764705882,4.47058823529,3.16666666667,2.92307692308,1.66274047354,0.371928790134,0.188854489164,2.04723630062,0.915868871331,0.495356037152,1.98523965067,0.888133527931,0.482972136223,0.792996921587,0.398962641817,2.35,1.98764705882,0.792996921587,2.35,0.162418300654,0.0584415584416,3,0.00441176470588,0.192081529582,17,17,17,1,0,0.294117647059,0.470588235294,0.235294117647,1,0.00367647058824,0.105294117647,0.117647058824,-0.19696969697,0.0769230769231,-0.030672370045,-0.0170984847437,-0.00510417538281,-0.0514327453931,-0.0483844741355,-0.0229269517195,0.106566777414,0.0249595050838,0.0123839009288,0.00679935249481,-0.0187048167638,0.1,0.105294117647,0.00679935249481,0.1,-0.00392156862745,-0.00278293135436,0,0,0.00612914862915,-0.0588235294118,0.0588235294118,0,37,1,0,234,1,0.995744680851,0.00425531914894,0,0.973684210526,1,0.986666666667,0.984652666406,0.995744680851,0.973684210526,3,2,0,0,0,0
1988,WLNM_dir_neg,1,0.5,00:00:03,10,50,21,1983614894,threshold_sweep,0.8,0.666666666667,1,0.8,2,1,0,3,1,0.75,0.25,0,0.666666666667,1,0.8,0.833333333333,0.5,0.666666666667,0.707106781187,0.75,37,35,2,0,37,0,35,0,2,17,37,0.136029411765,1.88235294118,4.35294117647,3.36363636364,2.84615384615,1.69341284359,0.389027274878,0.193958664547,2.09866904602,0.964253345467,0.518282988871,1.87867287326,0.863174022847,0.470588235294,0.786197569093,0.41766745858,2.25,1.88235294118,0.786197569093,2.25,0.166339869281,0.0612244897959,3,0.00441176470588,0.185952380952,17,17,17,1,0,0.352941176471,0.411764705882,0.235294117647,17,0.128676470588,1.90196078431,4.11764705882,3.18181818182,2.69230769231,1.57648156274,0.382859808093,0.201680672269,2.01465221053,0.978545359402,0.524369747899,1.74894926439,0.849489642704,0.463865546218,0.814492905316,0.428238537847,2.33333333333,1.90196078431,0.814492905316,2.33333333333,0,0,0,0,0.164242424242,17,17,17,1,0,0.352941176471,0.411764705882,0.235294117647,17,38,0.139705882353,1.98764705882,4.47058823529,3.16666666667,2.92307692308,1.66274047354,0.371928790134,0.188854489164,2.04723630062,0.915868871331,0.495356037152,1.98523965067,0.888133527931,0.482972136223,0.792996921587,0.398962641817,2.35,1.98764705882,0.792996921587,2.35,0.162418300654,0.0584415584416,3,0.00441176470588,0.192081529582,17,17,17,1,0,0.294117647059,0.470588235294,0.235294117647,1,0.00367647058824,0.105294117647,0.117647058824,-0.19696969697,0.0769230769231,-0.030672370045,-0.0170984847437,-0.00510417538281,-0.0514327453931,-0.0483844741355,-0.0229269517195,0.106566777414,0.0249595050838,0.0123839009288,0.00679935249481,-0.0187048167638,0.1,0.105294117647,0.00679935249481,0.1,-0.00392156862745,-0.00278293135436,0,0,0.00612914862915,-0.0588235294118,0.0588235294118,0,37,1,0,234,1,0.995744680851,0.00425531914894,0,0.973684210526,1,0.986666666667,0.984652666406,0.995744680851,0.973684210526,3,2,0,0,0,0
1989,WLNM_dir_neg,1,0.5,00:00:03,10,50,21,1983614894,threshold_sweep,0.9,0.666666666667,1,0.8,2,1,0,3,1,0.75,0.25,0,0.666666666667,1,0.8,0.833333333333,0.5,0.666666666667,0.707106781187,0.75,37,35,2,0,37,0,35,0,2,17,37,0.136029411765,1.88235294118,4.35294117647,3.36363636364,2.84615384615,1.69341284359,0.389027274878,0.193958664547,2.09866904602,0.964253345467,0.518282988871,1.87867287326,0.863174022847,0.470588235294,0.786197569093,0.41766745858,2.25,1.88235294118,0.786197569093,2.25,0.166339869281,0.0612244897959,3,0.00441176470588,0.185952380952,17,17,17,1,0,0.352941176471,0.411764705882,0.235294117647,17,0.128676470588,1.90196078431,4.11764705882,3.18181818182,2.69230769231,1.57648156274,0.382859808093,0.201680672269,2.01465221053,0.978545359402,0.524369747899,1.74894926439,0.849489642704,0.463865546218,0.814492905316,0.428238537847,2.33333333333,1.90196078431,0.814492905316,2.33333333333,0,0,0,0,0.164242424242,17,17,17,1,0,0.352941176471,0.411764705882,0.235294117647,17,38,0.139705882353,1.98764705882,4.47058823529,3.16666666667,2.92307692308,1.66274047354,0.371928790134,0.188854489164,2.04723630062,0.915868871331,0.495356037152,1.98523965067,0.888133527931,0.482972136223,0.792996921587,0.398962641817,2.35,1.98764705882,0.792996921587,2.35,0.162418300654,0.0584415584416,3,0.00441176470588,0.192081529582,17,17,17,1,0,0.294117647059,0.470588235294,0.235294117647,1,0.00367647058824,0.105294117647,0.117647058824,-0.19696969697,0.0769230769231,-0.030672370045,-0.0170984847437,-0.00510417538281,-0.0514327453931,-0.0483844741355,-0.0229269517195,0.106566777414,0.0249595050838,0.0123839009288,0.00679935249481,-0.0187048167638,0.1,0.105294117647,0.00679935249481,0.1,-0.00392156862745,-0.00278293135436,0,0,0.00612914862915,-0.0588235294118,0.0588235294118,0,37,1,0,234,1,0.995744680851,0.00425531914894,0,0.973684210526,1,0.986666666667,0.984652666406,0.995744680851,0.973684210526,3,2,0,0,0,0
1990,WLNM_dir_neg,1,0.5,00:00:01,10,50,22,1983614895,threshold_sweep,0.1,1,1,1,2,0,0,4,1,1,0,0,1,1,1,1,0.555555555556,1,1,1,37,35,2,0,37,0,35,0,2,17,37,0.136029411765,1.88235294118,4.35294117647,3.36363636364,2.84615384615,1.69341284359,0.389027274878,0.193958664547,2.09866904602,0.964253345467,0.518282988871,1.87867287326,0.863174022847,0.470588235294,0.786197569093,0.41766745858,2.25,1.88235294118,0.786197569093,2.25,0.166339869281,0.0612244897959,3,0.00441176470588,0.185952380952,17,17,17,1,0,0.352941176471,0.411764705882,0.235294117647,17,0.128676470588,1.90196078431,4.11764705882,3.18181818182,2.69230769231,1.57648156274,0.382859808093,0.201680672269,2.01465221053,0.978545359402,0.524369747899,1.74894926439,0.849489642704,0.463865546218,0.814492905316,0.428238537847,2.33333333333,1.90196078431,0.814492905316,2.33333333333,0,0,0,0,0.164242424242,17,17,17,1,0,0.352941176471,0.411764705882,0.235294117647,17,37,0.136029411765,1.88235294118,4.35294117647,3.36363636364,2.84615384615,1.69341284359,0.389027274878,0.193958664547,2.09866904602,0.964253345467,0.518282988871,1.87867287326,0.863174022847,0.470588235294,0.786197569093,0.41766745858,2.25,1.88235294118,0.786197569093,2.25,0.166339869281,0.0612244897959,3,0.00441176470588,0.185952380952,17,17,17,1,0,0.352941176471,0.411764705882,0.235294117647,0,0,0,0,0,0,0,0,0,0,0,0,0,0,0,0,0,0,0,0,0,0,0,0,0,0,0,0,0,37,0,0,235,1,1,0,0,1,1,1,1,1,1,2,2,0,0,0,0
1991,WLNM_dir_neg,1,0.5,00:00:01,10,50,22,1983614895,threshold_sweep,0.2,1,1,1,2,0,0,4,1,1,0,0,1,1,1,1,0.555555555556,1,1,1,37,35,2,0,37,0,35,0,2,17,37,0.136029411765,1.88235294118,4.35294117647,3.36363636364,2.84615384615,1.69341284359,0.389027274878,0.193958664547,2.09866904602,0.964253345467,0.518282988871,1.87867287326,0.863174022847,0.470588235294,0.786197569093,0.41766745858,2.25,1.88235294118,0.786197569093,2.25,0.166339869281,0.0612244897959,3,0.00441176470588,0.185952380952,17,17,17,1,0,0.352941176471,0.411764705882,0.235294117647,17,0.128676470588,1.90196078431,4.11764705882,3.18181818182,2.69230769231,1.57648156274,0.382859808093,0.201680672269,2.01465221053,0.978545359402,0.524369747899,1.74894926439,0.849489642704,0.463865546218,0.814492905316,0.428238537847,2.33333333333,1.90196078431,0.814492905316,2.33333333333,0,0,0,0,0.164242424242,17,17,17,1,0,0.352941176471,0.411764705882,0.235294117647,17,37,0.136029411765,1.88235294118,4.35294117647,3.36363636364,2.84615384615,1.69341284359,0.389027274878,0.193958664547,2.09866904602,0.964253345467,0.518282988871,1.87867287326,0.863174022847,0.470588235294,0.786197569093,0.41766745858,2.25,1.88235294118,0.786197569093,2.25,0.166339869281,0.0612244897959,3,0.00441176470588,0.185952380952,17,17,17,1,0,0.352941176471,0.411764705882,0.235294117647,0,0,0,0,0,0,0,0,0,0,0,0,0,0,0,0,0,0,0,0,0,0,0,0,0,0,0,0,0,37,0,0,235,1,1,0,0,1,1,1,1,1,1,2,2,0,0,0,0
1992,WLNM_dir_neg,1,0.5,00:00:01,10,50,22,1983614895,threshold_sweep,0.3,1,1,1,2,0,0,4,1,1,0,0,1,1,1,1,0.555555555556,1,1,1,37,35,2,0,37,0,35,0,2,17,37,0.136029411765,1.88235294118,4.35294117647,3.36363636364,2.84615384615,1.69341284359,0.389027274878,0.193958664547,2.09866904602,0.964253345467,0.518282988871,1.87867287326,0.863174022847,0.470588235294,0.786197569093,0.41766745858,2.25,1.88235294118,0.786197569093,2.25,0.166339869281,0.0612244897959,3,0.00441176470588,0.185952380952,17,17,17,1,0,0.352941176471,0.411764705882,0.235294117647,17,0.128676470588,1.90196078431,4.11764705882,3.18181818182,2.69230769231,1.57648156274,0.382859808093,0.201680672269,2.01465221053,0.978545359402,0.524369747899,1.74894926439,0.849489642704,0.463865546218,0.814492905316,0.428238537847,2.33333333333,1.90196078431,0.814492905316,2.33333333333,0,0,0,0,0.164242424242,17,17,17,1,0,0.352941176471,0.411764705882,0.235294117647,17,37,0.136029411765,1.88235294118,4.35294117647,3.36363636364,2.84615384615,1.69341284359,0.389027274878,0.193958664547,2.09866904602,0.964253345467,0.518282988871,1.87867287326,0.863174022847,0.470588235294,0.786197569093,0.41766745858,2.25,1.88235294118,0.786197569093,2.25,0.166339869281,0.0612244897959,3,0.00441176470588,0.185952380952,17,17,17,1,0,0.352941176471,0.411764705882,0.235294117647,0,0,0,0,0,0,0,0,0,0,0,0,0,0,0,0,0,0,0,0,0,0,0,0,0,0,0,0,0,37,0,0,235,1,1,0,0,1,1,1,1,1,1,2,2,0,0,0,0
1993,WLNM_dir_neg,1,0.5,00:00:01,10,50,22,1983614895,threshold_sweep,0.4,1,1,1,2,0,0,4,1,1,0,0,1,1,1,1,0.555555555556,1,1,1,37,35,2,0,37,0,35,0,2,17,37,0.136029411765,1.88235294118,4.35294117647,3.36363636364,2.84615384615,1.69341284359,0.389027274878,0.193958664547,2.09866904602,0.964253345467,0.518282988871,1.87867287326,0.863174022847,0.470588235294,0.786197569093,0.41766745858,2.25,1.88235294118,0.786197569093,2.25,0.166339869281,0.0612244897959,3,0.00441176470588,0.185952380952,17,17,17,1,0,0.352941176471,0.411764705882,0.235294117647,17,0.128676470588,1.90196078431,4.11764705882,3.18181818182,2.69230769231,1.57648156274,0.382859808093,0.201680672269,2.01465221053,0.978545359402,0.524369747899,1.74894926439,0.849489642704,0.463865546218,0.814492905316,0.428238537847,2.33333333333,1.90196078431,0.814492905316,2.33333333333,0,0,0,0,0.164242424242,17,17,17,1,0,0.352941176471,0.411764705882,0.235294117647,17,37,0.136029411765,1.88235294118,4.35294117647,3.36363636364,2.84615384615,1.69341284359,0.389027274878,0.193958664547,2.09866904602,0.964253345467,0.518282988871,1.87867287326,0.863174022847,0.470588235294,0.786197569093,0.41766745858,2.25,1.88235294118,0.786197569093,2.25,0.166339869281,0.0612244897959,3,0.00441176470588,0.185952380952,17,17,17,1,0,0.352941176471,0.411764705882,0.235294117647,0,0,0,0,0,0,0,0,0,0,0,0,0,0,0,0,0,0,0,0,0,0,0,0,0,0,0,0,0,37,0,0,235,1,1,0,0,1,1,1,1,1,1,2,2,0,0,0,0
1994,WLNM_dir_neg,1,0.5,00:00:01,10,50,22,1983614895,threshold_sweep,0.5,1,1,1,2,0,0,4,1,1,0,0,1,1,1,1,0.555555555556,1,1,1,37,35,2,0,37,0,35,0,2,17,37,0.136029411765,1.88235294118,4.35294117647,3.36363636364,2.84615384615,1.69341284359,0.389027274878,0.193958664547,2.09866904602,0.964253345467,0.518282988871,1.87867287326,0.863174022847,0.470588235294,0.786197569093,0.41766745858,2.25,1.88235294118,0.786197569093,2.25,0.166339869281,0.0612244897959,3,0.00441176470588,0.185952380952,17,17,17,1,0,0.352941176471,0.411764705882,0.235294117647,17,0.128676470588,1.90196078431,4.11764705882,3.18181818182,2.69230769231,1.57648156274,0.382859808093,0.201680672269,2.01465221053,0.978545359402,0.524369747899,1.74894926439,0.849489642704,0.463865546218,0.814492905316,0.428238537847,2.33333333333,1.90196078431,0.814492905316,2.33333333333,0,0,0,0,0.164242424242,17,17,17,1,0,0.352941176471,0.411764705882,0.235294117647,17,37,0.136029411765,1.88235294118,4.35294117647,3.36363636364,2.84615384615,1.69341284359,0.389027274878,0.193958664547,2.09866904602,0.964253345467,0.518282988871,1.87867287326,0.863174022847,0.470588235294,0.786197569093,0.41766745858,2.25,1.88235294118,0.786197569093,2.25,0.166339869281,0.0612244897959,3,0.00441176470588,0.185952380952,17,17,17,1,0,0.352941176471,0.411764705882,0.235294117647,0,0,0,0,0,0,0,0,0,0,0,0,0,0,0,0,0,0,0,0,0,0,0,0,0,0,0,0,0,37,0,0,235,1,1,0,0,1,1,1,1,1,1,2,2,0,0,0,0
1995,WLNM_dir_neg,1,0.5,00:00:01,10,50,22,1983614895,threshold_sweep,0.6,1,1,1,2,0,0,4,1,1,0,0,1,1,1,1,0.555555555556,1,1,1,37,35,2,0,37,0,35,0,2,17,37,0.136029411765,1.88235294118,4.35294117647,3.36363636364,2.84615384615,1.69341284359,0.389027274878,0.193958664547,2.09866904602,0.964253345467,0.518282988871,1.87867287326,0.863174022847,0.470588235294,0.786197569093,0.41766745858,2.25,1.88235294118,0.786197569093,2.25,0.166339869281,0.0612244897959,3,0.00441176470588,0.185952380952,17,17,17,1,0,0.352941176471,0.411764705882,0.235294117647,17,0.128676470588,1.90196078431,4.11764705882,3.18181818182,2.69230769231,1.57648156274,0.382859808093,0.201680672269,2.01465221053,0.978545359402,0.524369747899,1.74894926439,0.849489642704,0.463865546218,0.814492905316,0.428238537847,2.33333333333,1.90196078431,0.814492905316,2.33333333333,0,0,0,0,0.164242424242,17,17,17,1,0,0.352941176471,0.411764705882,0.235294117647,17,37,0.136029411765,1.88235294118,4.35294117647,3.36363636364,2.84615384615,1.69341284359,0.389027274878,0.193958664547,2.09866904602,0.964253345467,0.518282988871,1.87867287326,0.863174022847,0.470588235294,0.786197569093,0.41766745858,2.25,1.88235294118,0.786197569093,2.25,0.166339869281,0.0612244897959,3,0.00441176470588,0.185952380952,17,17,17,1,0,0.352941176471,0.411764705882,0.235294117647,0,0,0,0,0,0,0,0,0,0,0,0,0,0,0,0,0,0,0,0,0,0,0,0,0,0,0,0,0,37,0,0,235,1,1,0,0,1,1,1,1,1,1,2,2,0,0,0,0
1996,WLNM_dir_neg,1,0.5,00:00:01,10,50,22,1983614895,threshold_sweep,0.7,1,1,1,2,0,0,4,1,1,0,0,1,1,1,1,0.555555555556,1,1,1,37,35,2,0,37,0,35,0,2,17,37,0.136029411765,1.88235294118,4.35294117647,3.36363636364,2.84615384615,1.69341284359,0.389027274878,0.193958664547,2.09866904602,0.964253345467,0.518282988871,1.87867287326,0.863174022847,0.470588235294,0.786197569093,0.41766745858,2.25,1.88235294118,0.786197569093,2.25,0.166339869281,0.0612244897959,3,0.00441176470588,0.185952380952,17,17,17,1,0,0.352941176471,0.411764705882,0.235294117647,17,0.128676470588,1.90196078431,4.11764705882,3.18181818182,2.69230769231,1.57648156274,0.382859808093,0.201680672269,2.01465221053,0.978545359402,0.524369747899,1.74894926439,0.849489642704,0.463865546218,0.814492905316,0.428238537847,2.33333333333,1.90196078431,0.814492905316,2.33333333333,0,0,0,0,0.164242424242,17,17,17,1,0,0.352941176471,0.411764705882,0.235294117647,17,37,0.136029411765,1.88235294118,4.35294117647,3.36363636364,2.84615384615,1.69341284359,0.389027274878,0.193958664547,2.09866904602,0.964253345467,0.518282988871,1.87867287326,0.863174022847,0.470588235294,0.786197569093,0.41766745858,2.25,1.88235294118,0.786197569093,2.25,0.166339869281,0.0612244897959,3,0.00441176470588,0.185952380952,17,17,17,1,0,0.352941176471,0.411764705882,0.235294117647,0,0,0,0,0,0,0,0,0,0,0,0,0,0,0,0,0,0,0,0,0,0,0,0,0,0,0,0,0,37,0,0,235,1,1,0,0,1,1,1,1,1,1,2,2,0,0,0,0
1997,WLNM_dir_neg,1,0.5,00:00:01,10,50,22,1983614895,threshold_sweep,0.8,1,1,1,2,0,0,4,1,1,0,0,1,1,1,1,0.555555555556,1,1,1,37,35,2,0,37,0,35,0,2,17,37,0.136029411765,1.88235294118,4.35294117647,3.36363636364,2.84615384615,1.69341284359,0.389027274878,0.193958664547,2.09866904602,0.964253345467,0.518282988871,1.87867287326,0.863174022847,0.470588235294,0.786197569093,0.41766745858,2.25,1.88235294118,0.786197569093,2.25,0.166339869281,0.0612244897959,3,0.00441176470588,0.185952380952,17,17,17,1,0,0.352941176471,0.411764705882,0.235294117647,17,0.128676470588,1.90196078431,4.11764705882,3.18181818182,2.69230769231,1.57648156274,0.382859808093,0.201680672269,2.01465221053,0.978545359402,0.524369747899,1.74894926439,0.849489642704,0.463865546218,0.814492905316,0.428238537847,2.33333333333,1.90196078431,0.814492905316,2.33333333333,0,0,0,0,0.164242424242,17,17,17,1,0,0.352941176471,0.411764705882,0.235294117647,17,37,0.136029411765,1.88235294118,4.35294117647,3.36363636364,2.84615384615,1.69341284359,0.389027274878,0.193958664547,2.09866904602,0.964253345467,0.518282988871,1.87867287326,0.863174022847,0.470588235294,0.786197569093,0.41766745858,2.25,1.88235294118,0.786197569093,2.25,0.166339869281,0.0612244897959,3,0.00441176470588,0.185952380952,17,17,17,1,0,0.352941176471,0.411764705882,0.235294117647,0,0,0,0,0,0,0,0,0,0,0,0,0,0,0,0,0,0,0,0,0,0,0,0,0,0,0,0,0,37,0,0,235,1,1,0,0,1,1,1,1,1,1,2,2,0,0,0,0
1998,WLNM_dir_neg,1,0.5,00:00:01,10,50,22,1983614895,threshold_sweep,0.9,1,1,1,2,0,0,4,1,1,0,0,1,1,1,1,0.555555555556,1,1,1,37,35,2,0,37,0,35,0,2,17,37,0.136029411765,1.88235294118,4.35294117647,3.36363636364,2.84615384615,1.69341284359,0.389027274878,0.193958664547,2.09866904602,0.964253345467,0.518282988871,1.87867287326,0.863174022847,0.470588235294,0.786197569093,0.41766745858,2.25,1.88235294118,0.786197569093,2.25,0.166339869281,0.0612244897959,3,0.00441176470588,0.185952380952,17,17,17,1,0,0.352941176471,0.411764705882,0.235294117647,17,0.128676470588,1.90196078431,4.11764705882,3.18181818182,2.69230769231,1.57648156274,0.382859808093,0.201680672269,2.01465221053,0.978545359402,0.524369747899,1.74894926439,0.849489642704,0.463865546218,0.814492905316,0.428238537847,2.33333333333,1.90196078431,0.814492905316,2.33333333333,0,0,0,0,0.164242424242,17,17,17,1,0,0.352941176471,0.411764705882,0.235294117647,17,37,0.136029411765,1.88235294118,4.35294117647,3.36363636364,2.84615384615,1.69341284359,0.389027274878,0.193958664547,2.09866904602,0.964253345467,0.518282988871,1.87867287326,0.863174022847,0.470588235294,0.786197569093,0.41766745858,2.25,1.88235294118,0.786197569093,2.25,0.166339869281,0.0612244897959,3,0.00441176470588,0.185952380952,17,17,17,1,0,0.352941176471,0.411764705882,0.235294117647,0,0,0,0,0,0,0,0,0,0,0,0,0,0,0,0,0,0,0,0,0,0,0,0,0,0,0,0,0,37,0,0,235,1,1,0,0,1,1,1,1,1,1,2,2,0,0,0,0
1999,WLNM_dir_neg,1,0.5,00:00:03,10,50,23,1983614896,threshold_sweep,0.1,1,1,1,2,0,0,4,1,1,0,0,1,1,1,1,0.555555555556,1,1,1,37,35,2,0,37,0,35,0,2,17,37,0.136029411765,1.88235294118,4.35294117647,3.36363636364,2.84615384615,1.69341284359,0.389027274878,0.193958664547,2.09866904602,0.964253345467,0.518282988871,1.87867287326,0.863174022847,0.470588235294,0.786197569093,0.41766745858,2.25,1.88235294118,0.786197569093,2.25,0.166339869281,0.0612244897959,3,0.00441176470588,0.185952380952,17,17,17,1,0,0.352941176471,0.411764705882,0.235294117647,17,0.128676470588,1.90196078431,4.11764705882,3.18181818182,2.69230769231,1.57648156274,0.382859808093,0.201680672269,2.01465221053,0.978545359402,0.524369747899,1.74894926439,0.849489642704,0.463865546218,0.814492905316,0.428238537847,2.33333333333,1.90196078431,0.814492905316,2.33333333333,0,0,0,0,0.164242424242,17,17,17,1,0,0.352941176471,0.411764705882,0.235294117647,17,37,0.136029411765,1.88235294118,4.35294117647,3.36363636364,2.84615384615,1.69341284359,0.389027274878,0.193958664547,2.09866904602,0.964253345467,0.518282988871,1.87867287326,0.863174022847,0.470588235294,0.786197569093,0.41766745858,2.25,1.88235294118,0.786197569093,2.25,0.166339869281,0.0612244897959,3,0.00441176470588,0.185952380952,17,17,17,1,0,0.352941176471,0.411764705882,0.235294117647,0,0,0,0,0,0,0,0,0,0,0,0,0,0,0,0,0,0,0,0,0,0,0,0,0,0,0,0,0,37,0,0,235,1,1,0,0,1,1,1,1,1,1,2,2,0,0,0,0
2000,WLNM_dir_neg,1,0.5,00:00:03,10,50,23,1983614896,threshold_sweep,0.2,1,1,1,2,0,0,4,1,1,0,0,1,1,1,1,0.555555555556,1,1,1,37,35,2,0,37,0,35,0,2,17,37,0.136029411765,1.88235294118,4.35294117647,3.36363636364,2.84615384615,1.69341284359,0.389027274878,0.193958664547,2.09866904602,0.964253345467,0.518282988871,1.87867287326,0.863174022847,0.470588235294,0.786197569093,0.41766745858,2.25,1.88235294118,0.786197569093,2.25,0.166339869281,0.0612244897959,3,0.00441176470588,0.185952380952,17,17,17,1,0,0.352941176471,0.411764705882,0.235294117647,17,0.128676470588,1.90196078431,4.11764705882,3.18181818182,2.69230769231,1.57648156274,0.382859808093,0.201680672269,2.01465221053,0.978545359402,0.524369747899,1.74894926439,0.849489642704,0.463865546218,0.814492905316,0.428238537847,2.33333333333,1.90196078431,0.814492905316,2.33333333333,0,0,0,0,0.164242424242,17,17,17,1,0,0.352941176471,0.411764705882,0.235294117647,17,37,0.136029411765,1.88235294118,4.35294117647,3.36363636364,2.84615384615,1.69341284359,0.389027274878,0.193958664547,2.09866904602,0.964253345467,0.518282988871,1.87867287326,0.863174022847,0.470588235294,0.786197569093,0.41766745858,2.25,1.88235294118,0.786197569093,2.25,0.166339869281,0.0612244897959,3,0.00441176470588,0.185952380952,17,17,17,1,0,0.352941176471,0.411764705882,0.235294117647,0,0,0,0,0,0,0,0,0,0,0,0,0,0,0,0,0,0,0,0,0,0,0,0,0,0,0,0,0,37,0,0,235,1,1,0,0,1,1,1,1,1,1,2,2,0,0,0,0
2001,WLNM_dir_neg,1,0.5,00:00:03,10,50,23,1983614896,threshold_sweep,0.3,1,1,1,2,0,0,4,1,1,0,0,1,1,1,1,0.555555555556,1,1,1,37,35,2,0,37,0,35,0,2,17,37,0.136029411765,1.88235294118,4.35294117647,3.36363636364,2.84615384615,1.69341284359,0.389027274878,0.193958664547,2.09866904602,0.964253345467,0.518282988871,1.87867287326,0.863174022847,0.470588235294,0.786197569093,0.41766745858,2.25,1.88235294118,0.786197569093,2.25,0.166339869281,0.0612244897959,3,0.00441176470588,0.185952380952,17,17,17,1,0,0.352941176471,0.411764705882,0.235294117647,17,0.128676470588,1.90196078431,4.11764705882,3.18181818182,2.69230769231,1.57648156274,0.382859808093,0.201680672269,2.01465221053,0.978545359402,0.524369747899,1.74894926439,0.849489642704,0.463865546218,0.814492905316,0.428238537847,2.33333333333,1.90196078431,0.814492905316,2.33333333333,0,0,0,0,0.164242424242,17,17,17,1,0,0.352941176471,0.411764705882,0.235294117647,17,37,0.136029411765,1.88235294118,4.35294117647,3.36363636364,2.84615384615,1.69341284359,0.389027274878,0.193958664547,2.09866904602,0.964253345467,0.518282988871,1.87867287326,0.863174022847,0.470588235294,0.786197569093,0.41766745858,2.25,1.88235294118,0.786197569093,2.25,0.166339869281,0.0612244897959,3,0.00441176470588,0.185952380952,17,17,17,1,0,0.352941176471,0.411764705882,0.235294117647,0,0,0,0,0,0,0,0,0,0,0,0,0,0,0,0,0,0,0,0,0,0,0,0,0,0,0,0,0,37,0,0,235,1,1,0,0,1,1,1,1,1,1,2,2,0,0,0,0
2002,WLNM_dir_neg,1,0.5,00:00:03,10,50,23,1983614896,threshold_sweep,0.4,1,1,1,2,0,0,4,1,1,0,0,1,1,1,1,0.555555555556,1,1,1,37,35,2,0,37,0,35,0,2,17,37,0.136029411765,1.88235294118,4.35294117647,3.36363636364,2.84615384615,1.69341284359,0.389027274878,0.193958664547,2.09866904602,0.964253345467,0.518282988871,1.87867287326,0.863174022847,0.470588235294,0.786197569093,0.41766745858,2.25,1.88235294118,0.786197569093,2.25,0.166339869281,0.0612244897959,3,0.00441176470588,0.185952380952,17,17,17,1,0,0.352941176471,0.411764705882,0.235294117647,17,0.128676470588,1.90196078431,4.11764705882,3.18181818182,2.69230769231,1.57648156274,0.382859808093,0.201680672269,2.01465221053,0.978545359402,0.524369747899,1.74894926439,0.849489642704,0.463865546218,0.814492905316,0.428238537847,2.33333333333,1.90196078431,0.814492905316,2.33333333333,0,0,0,0,0.164242424242,17,17,17,1,0,0.352941176471,0.411764705882,0.235294117647,17,37,0.136029411765,1.88235294118,4.35294117647,3.36363636364,2.84615384615,1.69341284359,0.389027274878,0.193958664547,2.09866904602,0.964253345467,0.518282988871,1.87867287326,0.863174022847,0.470588235294,0.786197569093,0.41766745858,2.25,1.88235294118,0.786197569093,2.25,0.166339869281,0.0612244897959,3,0.00441176470588,0.185952380952,17,17,17,1,0,0.352941176471,0.411764705882,0.235294117647,0,0,0,0,0,0,0,0,0,0,0,0,0,0,0,0,0,0,0,0,0,0,0,0,0,0,0,0,0,37,0,0,235,1,1,0,0,1,1,1,1,1,1,2,2,0,0,0,0
2003,WLNM_dir_neg,1,0.5,00:00:03,10,50,23,1983614896,threshold_sweep,0.5,1,1,1,2,0,0,4,1,1,0,0,1,1,1,1,0.555555555556,1,1,1,37,35,2,0,37,0,35,0,2,17,37,0.136029411765,1.88235294118,4.35294117647,3.36363636364,2.84615384615,1.69341284359,0.389027274878,0.193958664547,2.09866904602,0.964253345467,0.518282988871,1.87867287326,0.863174022847,0.470588235294,0.786197569093,0.41766745858,2.25,1.88235294118,0.786197569093,2.25,0.166339869281,0.0612244897959,3,0.00441176470588,0.185952380952,17,17,17,1,0,0.352941176471,0.411764705882,0.235294117647,17,0.128676470588,1.90196078431,4.11764705882,3.18181818182,2.69230769231,1.57648156274,0.382859808093,0.201680672269,2.01465221053,0.978545359402,0.524369747899,1.74894926439,0.849489642704,0.463865546218,0.814492905316,0.428238537847,2.33333333333,1.90196078431,0.814492905316,2.33333333333,0,0,0,0,0.164242424242,17,17,17,1,0,0.352941176471,0.411764705882,0.235294117647,17,37,0.136029411765,1.88235294118,4.35294117647,3.36363636364,2.84615384615,1.69341284359,0.389027274878,0.193958664547,2.09866904602,0.964253345467,0.518282988871,1.87867287326,0.863174022847,0.470588235294,0.786197569093,0.41766745858,2.25,1.88235294118,0.786197569093,2.25,0.166339869281,0.0612244897959,3,0.00441176470588,0.185952380952,17,17,17,1,0,0.352941176471,0.411764705882,0.235294117647,0,0,0,0,0,0,0,0,0,0,0,0,0,0,0,0,0,0,0,0,0,0,0,0,0,0,0,0,0,37,0,0,235,1,1,0,0,1,1,1,1,1,1,2,2,0,0,0,0
2004,WLNM_dir_neg,1,0.5,00:00:03,10,50,23,1983614896,threshold_sweep,0.6,1,1,1,2,0,0,4,1,1,0,0,1,1,1,1,0.555555555556,1,1,1,37,35,2,0,37,0,35,0,2,17,37,0.136029411765,1.88235294118,4.35294117647,3.36363636364,2.84615384615,1.69341284359,0.389027274878,0.193958664547,2.09866904602,0.964253345467,0.518282988871,1.87867287326,0.863174022847,0.470588235294,0.786197569093,0.41766745858,2.25,1.88235294118,0.786197569093,2.25,0.166339869281,0.0612244897959,3,0.00441176470588,0.185952380952,17,17,17,1,0,0.352941176471,0.411764705882,0.235294117647,17,0.128676470588,1.90196078431,4.11764705882,3.18181818182,2.69230769231,1.57648156274,0.382859808093,0.201680672269,2.01465221053,0.978545359402,0.524369747899,1.74894926439,0.849489642704,0.463865546218,0.814492905316,0.428238537847,2.33333333333,1.90196078431,0.814492905316,2.33333333333,0,0,0,0,0.164242424242,17,17,17,1,0,0.352941176471,0.411764705882,0.235294117647,17,37,0.136029411765,1.88235294118,4.35294117647,3.36363636364,2.84615384615,1.69341284359,0.389027274878,0.193958664547,2.09866904602,0.964253345467,0.518282988871,1.87867287326,0.863174022847,0.470588235294,0.786197569093,0.41766745858,2.25,1.88235294118,0.786197569093,2.25,0.166339869281,0.0612244897959,3,0.00441176470588,0.185952380952,17,17,17,1,0,0.352941176471,0.411764705882,0.235294117647,0,0,0,0,0,0,0,0,0,0,0,0,0,0,0,0,0,0,0,0,0,0,0,0,0,0,0,0,0,37,0,0,235,1,1,0,0,1,1,1,1,1,1,2,2,0,0,0,0
2005,WLNM_dir_neg,1,0.5,00:00:03,10,50,23,1983614896,threshold_sweep,0.7,1,1,1,2,0,0,4,1,1,0,0,1,1,1,1,0.555555555556,1,1,1,37,35,2,0,37,0,35,0,2,17,37,0.136029411765,1.88235294118,4.35294117647,3.36363636364,2.84615384615,1.69341284359,0.389027274878,0.193958664547,2.09866904602,0.964253345467,0.518282988871,1.87867287326,0.863174022847,0.470588235294,0.786197569093,0.41766745858,2.25,1.88235294118,0.786197569093,2.25,0.166339869281,0.0612244897959,3,0.00441176470588,0.185952380952,17,17,17,1,0,0.352941176471,0.411764705882,0.235294117647,17,0.128676470588,1.90196078431,4.11764705882,3.18181818182,2.69230769231,1.57648156274,0.382859808093,0.201680672269,2.01465221053,0.978545359402,0.524369747899,1.74894926439,0.849489642704,0.463865546218,0.814492905316,0.428238537847,2.33333333333,1.90196078431,0.814492905316,2.33333333333,0,0,0,0,0.164242424242,17,17,17,1,0,0.352941176471,0.411764705882,0.235294117647,17,37,0.136029411765,1.88235294118,4.35294117647,3.36363636364,2.84615384615,1.69341284359,0.389027274878,0.193958664547,2.09866904602,0.964253345467,0.518282988871,1.87867287326,0.863174022847,0.470588235294,0.786197569093,0.41766745858,2.25,1.88235294118,0.786197569093,2.25,0.166339869281,0.0612244897959,3,0.00441176470588,0.185952380952,17,17,17,1,0,0.352941176471,0.411764705882,0.235294117647,0,0,0,0,0,0,0,0,0,0,0,0,0,0,0,0,0,0,0,0,0,0,0,0,0,0,0,0,0,37,0,0,235,1,1,0,0,1,1,1,1,1,1,2,2,0,0,0,0
2006,WLNM_dir_neg,1,0.5,00:00:03,10,50,23,1983614896,threshold_sweep,0.8,1,1,1,2,0,0,4,1,1,0,0,1,1,1,1,0.555555555556,1,1,1,37,35,2,0,37,0,35,0,2,17,37,0.136029411765,1.88235294118,4.35294117647,3.36363636364,2.84615384615,1.69341284359,0.389027274878,0.193958664547,2.09866904602,0.964253345467,0.518282988871,1.87867287326,0.863174022847,0.470588235294,0.786197569093,0.41766745858,2.25,1.88235294118,0.786197569093,2.25,0.166339869281,0.0612244897959,3,0.00441176470588,0.185952380952,17,17,17,1,0,0.352941176471,0.411764705882,0.235294117647,17,0.128676470588,1.90196078431,4.11764705882,3.18181818182,2.69230769231,1.57648156274,0.382859808093,0.201680672269,2.01465221053,0.978545359402,0.524369747899,1.74894926439,0.849489642704,0.463865546218,0.814492905316,0.428238537847,2.33333333333,1.90196078431,0.814492905316,2.33333333333,0,0,0,0,0.164242424242,17,17,17,1,0,0.352941176471,0.411764705882,0.235294117647,17,37,0.136029411765,1.88235294118,4.35294117647,3.36363636364,2.84615384615,1.69341284359,0.389027274878,0.193958664547,2.09866904602,0.964253345467,0.518282988871,1.87867287326,0.863174022847,0.470588235294,0.786197569093,0.41766745858,2.25,1.88235294118,0.786197569093,2.25,0.166339869281,0.0612244897959,3,0.00441176470588,0.185952380952,17,17,17,1,0,0.352941176471,0.411764705882,0.235294117647,0,0,0,0,0,0,0,0,0,0,0,0,0,0,0,0,0,0,0,0,0,0,0,0,0,0,0,0,0,37,0,0,235,1,1,0,0,1,1,1,1,1,1,2,2,0,0,0,0
2007,WLNM_dir_neg,1,0.5,00:00:03,10,50,23,1983614896,threshold_sweep,0.9,1,1,1,2,0,0,4,1,1,0,0,1,1,1,1,0.555555555556,1,1,1,37,35,2,0,37,0,35,0,2,17,37,0.136029411765,1.88235294118,4.35294117647,3.36363636364,2.84615384615,1.69341284359,0.389027274878,0.193958664547,2.09866904602,0.964253345467,0.518282988871,1.87867287326,0.863174022847,0.470588235294,0.786197569093,0.41766745858,2.25,1.88235294118,0.786197569093,2.25,0.166339869281,0.0612244897959,3,0.00441176470588,0.185952380952,17,17,17,1,0,0.352941176471,0.411764705882,0.235294117647,17,0.128676470588,1.90196078431,4.11764705882,3.18181818182,2.69230769231,1.57648156274,0.382859808093,0.201680672269,2.01465221053,0.978545359402,0.524369747899,1.74894926439,0.849489642704,0.463865546218,0.814492905316,0.428238537847,2.33333333333,1.90196078431,0.814492905316,2.33333333333,0,0,0,0,0.164242424242,17,17,17,1,0,0.352941176471,0.411764705882,0.235294117647,17,37,0.136029411765,1.88235294118,4.35294117647,3.36363636364,2.84615384615,1.69341284359,0.389027274878,0.193958664547,2.09866904602,0.964253345467,0.518282988871,1.87867287326,0.863174022847,0.470588235294,0.786197569093,0.41766745858,2.25,1.88235294118,0.786197569093,2.25,0.166339869281,0.0612244897959,3,0.00441176470588,0.185952380952,17,17,17,1,0,0.352941176471,0.411764705882,0.235294117647,0,0,0,0,0,0,0,0,0,0,0,0,0,0,0,0,0,0,0,0,0,0,0,0,0,0,0,0,0,37,0,0,235,1,1,0,0,1,1,1,1,1,1,2,2,0,0,0,0
2008,WLNM_dir_neg,0.875,0.291666666667,00:00:01,10,50,24,1983614897,threshold_sweep,0.1,0.666666666667,1,0.8,2,1,0,3,1,0.75,0.25,0,0.666666666667,1,0.8,0.833333333333,0.5,0.666666666667,0.707106781187,0.75,37,35,2,0,37,0,35,0,2,17,37,0.136029411765,1.88235294118,4.35294117647,3.36363636364,2.84615384615,1.69341284359,0.389027274878,0.193958664547,2.09866904602,0.964253345467,0.518282988871,1.87867287326,0.863174022847,0.470588235294,0.786197569093,0.41766745858,2.25,1.88235294118,0.786197569093,2.25,0.166339869281,0.0612244897959,3,0.00441176470588,0.185952380952,17,17,17,1,0,0.352941176471,0.411764705882,0.235294117647,17,0.128676470588,1.90196078431,4.11764705882,3.18181818182,2.69230769231,1.57648156274,0.382859808093,0.201680672269,2.01465221053,0.978545359402,0.524369747899,1.74894926439,0.849489642704,0.463865546218,0.814492905316,0.428238537847,2.33333333333,1.90196078431,0.814492905316,2.33333333333,0,0,0,0,0.164242424242,17,17,17,1,0,0.352941176471,0.411764705882,0.235294117647,17,38,0.139705882353,1.98764705882,4.47058823529,3.16666666667,2.92307692308,1.66274047354,0.371928790134,0.188854489164,2.04723630062,0.915868871331,0.495356037152,1.98523965067,0.888133527931,0.482972136223,0.792996921587,0.398962641817,2.35,1.98764705882,0.792996921587,2.35,0.162418300654,0.0584415584416,3,0.00441176470588,0.192081529582,17,17,17,1,0,0.294117647059,0.470588235294,0.235294117647,1,0.00367647058824,0.105294117647,0.117647058824,-0.19696969697,0.0769230769231,-0.030672370045,-0.0170984847437,-0.00510417538281,-0.0514327453931,-0.0483844741355,-0.0229269517195,0.106566777414,0.0249595050838,0.0123839009288,0.00679935249481,-0.0187048167638,0.1,0.105294117647,0.00679935249481,0.1,-0.00392156862745,-0.00278293135436,0,0,0.00612914862915,-0.0588235294118,0.0588235294118,0,37,1,0,234,1,0.995744680851,0.00425531914894,0,0.973684210526,1,0.986666666667,0.984652666406,0.995744680851,0.973684210526,3,2,0,0,0,0
2009,WLNM_dir_neg,0.875,0.291666666667,00:00:01,10,50,24,1983614897,threshold_sweep,0.2,0.666666666667,1,0.8,2,1,0,3,1,0.75,0.25,0,0.666666666667,1,0.8,0.833333333333,0.5,0.666666666667,0.707106781187,0.75,37,35,2,0,37,0,35,0,2,17,37,0.136029411765,1.88235294118,4.35294117647,3.36363636364,2.84615384615,1.69341284359,0.389027274878,0.193958664547,2.09866904602,0.964253345467,0.518282988871,1.87867287326,0.863174022847,0.470588235294,0.786197569093,0.41766745858,2.25,1.88235294118,0.786197569093,2.25,0.166339869281,0.0612244897959,3,0.00441176470588,0.185952380952,17,17,17,1,0,0.352941176471,0.411764705882,0.235294117647,17,0.128676470588,1.90196078431,4.11764705882,3.18181818182,2.69230769231,1.57648156274,0.382859808093,0.201680672269,2.01465221053,0.978545359402,0.524369747899,1.74894926439,0.849489642704,0.463865546218,0.814492905316,0.428238537847,2.33333333333,1.90196078431,0.814492905316,2.33333333333,0,0,0,0,0.164242424242,17,17,17,1,0,0.352941176471,0.411764705882,0.235294117647,17,38,0.139705882353,1.98764705882,4.47058823529,3.16666666667,2.92307692308,1.66274047354,0.371928790134,0.188854489164,2.04723630062,0.915868871331,0.495356037152,1.98523965067,0.888133527931,0.482972136223,0.792996921587,0.398962641817,2.35,1.98764705882,0.792996921587,2.35,0.162418300654,0.0584415584416,3,0.00441176470588,0.192081529582,17,17,17,1,0,0.294117647059,0.470588235294,0.235294117647,1,0.00367647058824,0.105294117647,0.117647058824,-0.19696969697,0.0769230769231,-0.030672370045,-0.0170984847437,-0.00510417538281,-0.0514327453931,-0.0483844741355,-0.0229269517195,0.106566777414,0.0249595050838,0.0123839009288,0.00679935249481,-0.0187048167638,0.1,0.105294117647,0.00679935249481,0.1,-0.00392156862745,-0.00278293135436,0,0,0.00612914862915,-0.0588235294118,0.0588235294118,0,37,1,0,234,1,0.995744680851,0.00425531914894,0,0.973684210526,1,0.986666666667,0.984652666406,0.995744680851,0.973684210526,3,2,0,0,0,0
2010,WLNM_dir_neg,0.875,0.291666666667,00:00:01,10,50,24,1983614897,threshold_sweep,0.3,0.666666666667,1,0.8,2,1,0,3,1,0.75,0.25,0,0.666666666667,1,0.8,0.833333333333,0.5,0.666666666667,0.707106781187,0.75,37,35,2,0,37,0,35,0,2,17,37,0.136029411765,1.88235294118,4.35294117647,3.36363636364,2.84615384615,1.69341284359,0.389027274878,0.193958664547,2.09866904602,0.964253345467,0.518282988871,1.87867287326,0.863174022847,0.470588235294,0.786197569093,0.41766745858,2.25,1.88235294118,0.786197569093,2.25,0.166339869281,0.0612244897959,3,0.00441176470588,0.185952380952,17,17,17,1,0,0.352941176471,0.411764705882,0.235294117647,17,0.128676470588,1.90196078431,4.11764705882,3.18181818182,2.69230769231,1.57648156274,0.382859808093,0.201680672269,2.01465221053,0.978545359402,0.524369747899,1.74894926439,0.849489642704,0.463865546218,0.814492905316,0.428238537847,2.33333333333,1.90196078431,0.814492905316,2.33333333333,0,0,0,0,0.164242424242,17,17,17,1,0,0.352941176471,0.411764705882,0.235294117647,17,38,0.139705882353,1.98764705882,4.47058823529,3.16666666667,2.92307692308,1.66274047354,0.371928790134,0.188854489164,2.04723630062,0.915868871331,0.495356037152,1.98523965067,0.888133527931,0.482972136223,0.792996921587,0.398962641817,2.35,1.98764705882,0.792996921587,2.35,0.162418300654,0.0584415584416,3,0.00441176470588,0.192081529582,17,17,17,1,0,0.294117647059,0.470588235294,0.235294117647,1,0.00367647058824,0.105294117647,0.117647058824,-0.19696969697,0.0769230769231,-0.030672370045,-0.0170984847437,-0.00510417538281,-0.0514327453931,-0.0483844741355,-0.0229269517195,0.106566777414,0.0249595050838,0.0123839009288,0.00679935249481,-0.0187048167638,0.1,0.105294117647,0.00679935249481,0.1,-0.00392156862745,-0.00278293135436,0,0,0.00612914862915,-0.0588235294118,0.0588235294118,0,37,1,0,234,1,0.995744680851,0.00425531914894,0,0.973684210526,1,0.986666666667,0.984652666406,0.995744680851,0.973684210526,3,2,0,0,0,0
2011,WLNM_dir_neg,0.875,0.291666666667,00:00:01,10,50,24,1983614897,threshold_sweep,0.4,0.666666666667,1,0.8,2,1,0,3,1,0.75,0.25,0,0.666666666667,1,0.8,0.833333333333,0.5,0.666666666667,0.707106781187,0.75,37,35,2,0,37,0,35,0,2,17,37,0.136029411765,1.88235294118,4.35294117647,3.36363636364,2.84615384615,1.69341284359,0.389027274878,0.193958664547,2.09866904602,0.964253345467,0.518282988871,1.87867287326,0.863174022847,0.470588235294,0.786197569093,0.41766745858,2.25,1.88235294118,0.786197569093,2.25,0.166339869281,0.0612244897959,3,0.00441176470588,0.185952380952,17,17,17,1,0,0.352941176471,0.411764705882,0.235294117647,17,0.128676470588,1.90196078431,4.11764705882,3.18181818182,2.69230769231,1.57648156274,0.382859808093,0.201680672269,2.01465221053,0.978545359402,0.524369747899,1.74894926439,0.849489642704,0.463865546218,0.814492905316,0.428238537847,2.33333333333,1.90196078431,0.814492905316,2.33333333333,0,0,0,0,0.164242424242,17,17,17,1,0,0.352941176471,0.411764705882,0.235294117647,17,38,0.139705882353,1.98764705882,4.47058823529,3.16666666667,2.92307692308,1.66274047354,0.371928790134,0.188854489164,2.04723630062,0.915868871331,0.495356037152,1.98523965067,0.888133527931,0.482972136223,0.792996921587,0.398962641817,2.35,1.98764705882,0.792996921587,2.35,0.162418300654,0.0584415584416,3,0.00441176470588,0.192081529582,17,17,17,1,0,0.294117647059,0.470588235294,0.235294117647,1,0.00367647058824,0.105294117647,0.117647058824,-0.19696969697,0.0769230769231,-0.030672370045,-0.0170984847437,-0.00510417538281,-0.0514327453931,-0.0483844741355,-0.0229269517195,0.106566777414,0.0249595050838,0.0123839009288,0.00679935249481,-0.0187048167638,0.1,0.105294117647,0.00679935249481,0.1,-0.00392156862745,-0.00278293135436,0,0,0.00612914862915,-0.0588235294118,0.0588235294118,0,37,1,0,234,1,0.995744680851,0.00425531914894,0,0.973684210526,1,0.986666666667,0.984652666406,0.995744680851,0.973684210526,3,2,0,0,0,0
2012,WLNM_dir_neg,0.875,0.291666666667,00:00:01,10,50,24,1983614897,threshold_sweep,0.5,0.666666666667,1,0.8,2,1,0,3,1,0.75,0.25,0,0.666666666667,1,0.8,0.833333333333,0.5,0.666666666667,0.707106781187,0.75,37,35,2,0,37,0,35,0,2,17,37,0.136029411765,1.88235294118,4.35294117647,3.36363636364,2.84615384615,1.69341284359,0.389027274878,0.193958664547,2.09866904602,0.964253345467,0.518282988871,1.87867287326,0.863174022847,0.470588235294,0.786197569093,0.41766745858,2.25,1.88235294118,0.786197569093,2.25,0.166339869281,0.0612244897959,3,0.00441176470588,0.185952380952,17,17,17,1,0,0.352941176471,0.411764705882,0.235294117647,17,0.128676470588,1.90196078431,4.11764705882,3.18181818182,2.69230769231,1.57648156274,0.382859808093,0.201680672269,2.01465221053,0.978545359402,0.524369747899,1.74894926439,0.849489642704,0.463865546218,0.814492905316,0.428238537847,2.33333333333,1.90196078431,0.814492905316,2.33333333333,0,0,0,0,0.164242424242,17,17,17,1,0,0.352941176471,0.411764705882,0.235294117647,17,38,0.139705882353,1.98764705882,4.47058823529,3.16666666667,2.92307692308,1.66274047354,0.371928790134,0.188854489164,2.04723630062,0.915868871331,0.495356037152,1.98523965067,0.888133527931,0.482972136223,0.792996921587,0.398962641817,2.35,1.98764705882,0.792996921587,2.35,0.162418300654,0.0584415584416,3,0.00441176470588,0.192081529582,17,17,17,1,0,0.294117647059,0.470588235294,0.235294117647,1,0.00367647058824,0.105294117647,0.117647058824,-0.19696969697,0.0769230769231,-0.030672370045,-0.0170984847437,-0.00510417538281,-0.0514327453931,-0.0483844741355,-0.0229269517195,0.106566777414,0.0249595050838,0.0123839009288,0.00679935249481,-0.0187048167638,0.1,0.105294117647,0.00679935249481,0.1,-0.00392156862745,-0.00278293135436,0,0,0.00612914862915,-0.0588235294118,0.0588235294118,0,37,1,0,234,1,0.995744680851,0.00425531914894,0,0.973684210526,1,0.986666666667,0.984652666406,0.995744680851,0.973684210526,3,2,0,0,0,0
2013,WLNM_dir_neg,0.875,0.291666666667,00:00:01,10,50,24,1983614897,threshold_sweep,0.6,0.666666666667,1,0.8,2,1,0,3,1,0.75,0.25,0,0.666666666667,1,0.8,0.833333333333,0.5,0.666666666667,0.707106781187,0.75,37,35,2,0,37,0,35,0,2,17,37,0.136029411765,1.88235294118,4.35294117647,3.36363636364,2.84615384615,1.69341284359,0.389027274878,0.193958664547,2.09866904602,0.964253345467,0.518282988871,1.87867287326,0.863174022847,0.470588235294,0.786197569093,0.41766745858,2.25,1.88235294118,0.786197569093,2.25,0.166339869281,0.0612244897959,3,0.00441176470588,0.185952380952,17,17,17,1,0,0.352941176471,0.411764705882,0.235294117647,17,0.128676470588,1.90196078431,4.11764705882,3.18181818182,2.69230769231,1.57648156274,0.382859808093,0.201680672269,2.01465221053,0.978545359402,0.524369747899,1.74894926439,0.849489642704,0.463865546218,0.814492905316,0.428238537847,2.33333333333,1.90196078431,0.814492905316,2.33333333333,0,0,0,0,0.164242424242,17,17,17,1,0,0.352941176471,0.411764705882,0.235294117647,17,38,0.139705882353,1.98764705882,4.47058823529,3.16666666667,2.92307692308,1.66274047354,0.371928790134,0.188854489164,2.04723630062,0.915868871331,0.495356037152,1.98523965067,0.888133527931,0.482972136223,0.792996921587,0.398962641817,2.35,1.98764705882,0.792996921587,2.35,0.162418300654,0.0584415584416,3,0.00441176470588,0.192081529582,17,17,17,1,0,0.294117647059,0.470588235294,0.235294117647,1,0.00367647058824,0.105294117647,0.117647058824,-0.19696969697,0.0769230769231,-0.030672370045,-0.0170984847437,-0.00510417538281,-0.0514327453931,-0.0483844741355,-0.0229269517195,0.106566777414,0.0249595050838,0.0123839009288,0.00679935249481,-0.0187048167638,0.1,0.105294117647,0.00679935249481,0.1,-0.00392156862745,-0.00278293135436,0,0,0.00612914862915,-0.0588235294118,0.0588235294118,0,37,1,0,234,1,0.995744680851,0.00425531914894,0,0.973684210526,1,0.986666666667,0.984652666406,0.995744680851,0.973684210526,3,2,0,0,0,0
2014,WLNM_dir_neg,0.875,0.291666666667,00:00:01,10,50,24,1983614897,threshold_sweep,0.7,0.666666666667,1,0.8,2,1,0,3,1,0.75,0.25,0,0.666666666667,1,0.8,0.833333333333,0.5,0.666666666667,0.707106781187,0.75,37,35,2,0,37,0,35,0,2,17,37,0.136029411765,1.88235294118,4.35294117647,3.36363636364,2.84615384615,1.69341284359,0.389027274878,0.193958664547,2.09866904602,0.964253345467,0.518282988871,1.87867287326,0.863174022847,0.470588235294,0.786197569093,0.41766745858,2.25,1.88235294118,0.786197569093,2.25,0.166339869281,0.0612244897959,3,0.00441176470588,0.185952380952,17,17,17,1,0,0.352941176471,0.411764705882,0.235294117647,17,0.128676470588,1.90196078431,4.11764705882,3.18181818182,2.69230769231,1.57648156274,0.382859808093,0.201680672269,2.01465221053,0.978545359402,0.524369747899,1.74894926439,0.849489642704,0.463865546218,0.814492905316,0.428238537847,2.33333333333,1.90196078431,0.814492905316,2.33333333333,0,0,0,0,0.164242424242,17,17,17,1,0,0.352941176471,0.411764705882,0.235294117647,17,38,0.139705882353,1.98764705882,4.47058823529,3.16666666667,2.92307692308,1.66274047354,0.371928790134,0.188854489164,2.04723630062,0.915868871331,0.495356037152,1.98523965067,0.888133527931,0.482972136223,0.792996921587,0.398962641817,2.35,1.98764705882,0.792996921587,2.35,0.162418300654,0.0584415584416,3,0.00441176470588,0.192081529582,17,17,17,1,0,0.294117647059,0.470588235294,0.235294117647,1,0.00367647058824,0.105294117647,0.117647058824,-0.19696969697,0.0769230769231,-0.030672370045,-0.0170984847437,-0.00510417538281,-0.0514327453931,-0.0483844741355,-0.0229269517195,0.106566777414,0.0249595050838,0.0123839009288,0.00679935249481,-0.0187048167638,0.1,0.105294117647,0.00679935249481,0.1,-0.00392156862745,-0.00278293135436,0,0,0.00612914862915,-0.0588235294118,0.0588235294118,0,37,1,0,234,1,0.995744680851,0.00425531914894,0,0.973684210526,1,0.986666666667,0.984652666406,0.995744680851,0.973684210526,3,2,0,0,0,0
2015,WLNM_dir_neg,0.875,0.291666666667,00:00:01,10,50,24,1983614897,threshold_sweep,0.8,0.666666666667,1,0.8,2,1,0,3,1,0.75,0.25,0,0.666666666667,1,0.8,0.833333333333,0.5,0.666666666667,0.707106781187,0.75,37,35,2,0,37,0,35,0,2,17,37,0.136029411765,1.88235294118,4.35294117647,3.36363636364,2.84615384615,1.69341284359,0.389027274878,0.193958664547,2.09866904602,0.964253345467,0.518282988871,1.87867287326,0.863174022847,0.470588235294,0.786197569093,0.41766745858,2.25,1.88235294118,0.786197569093,2.25,0.166339869281,0.0612244897959,3,0.00441176470588,0.185952380952,17,17,17,1,0,0.352941176471,0.411764705882,0.235294117647,17,0.128676470588,1.90196078431,4.11764705882,3.18181818182,2.69230769231,1.57648156274,0.382859808093,0.201680672269,2.01465221053,0.978545359402,0.524369747899,1.74894926439,0.849489642704,0.463865546218,0.814492905316,0.428238537847,2.33333333333,1.90196078431,0.814492905316,2.33333333333,0,0,0,0,0.164242424242,17,17,17,1,0,0.352941176471,0.411764705882,0.235294117647,17,38,0.139705882353,1.98764705882,4.47058823529,3.16666666667,2.92307692308,1.66274047354,0.371928790134,0.188854489164,2.04723630062,0.915868871331,0.495356037152,1.98523965067,0.888133527931,0.482972136223,0.792996921587,0.398962641817,2.35,1.98764705882,0.792996921587,2.35,0.162418300654,0.0584415584416,3,0.00441176470588,0.192081529582,17,17,17,1,0,0.294117647059,0.470588235294,0.235294117647,1,0.00367647058824,0.105294117647,0.117647058824,-0.19696969697,0.0769230769231,-0.030672370045,-0.0170984847437,-0.00510417538281,-0.0514327453931,-0.0483844741355,-0.0229269517195,0.106566777414,0.0249595050838,0.0123839009288,0.00679935249481,-0.0187048167638,0.1,0.105294117647,0.00679935249481,0.1,-0.00392156862745,-0.00278293135436,0,0,0.00612914862915,-0.0588235294118,0.0588235294118,0,37,1,0,234,1,0.995744680851,0.00425531914894,0,0.973684210526,1,0.986666666667,0.984652666406,0.995744680851,0.973684210526,3,2,0,0,0,0
2016,WLNM_dir_neg,0.875,0.291666666667,00:00:01,10,50,24,1983614897,threshold_sweep,0.9,0.666666666667,1,0.8,2,1,0,3,1,0.75,0.25,0,0.666666666667,1,0.8,0.833333333333,0.5,0.666666666667,0.707106781187,0.75,37,35,2,0,37,0,35,0,2,17,37,0.136029411765,1.88235294118,4.35294117647,3.36363636364,2.84615384615,1.69341284359,0.389027274878,0.193958664547,2.09866904602,0.964253345467,0.518282988871,1.87867287326,0.863174022847,0.470588235294,0.786197569093,0.41766745858,2.25,1.88235294118,0.786197569093,2.25,0.166339869281,0.0612244897959,3,0.00441176470588,0.185952380952,17,17,17,1,0,0.352941176471,0.411764705882,0.235294117647,17,0.128676470588,1.90196078431,4.11764705882,3.18181818182,2.69230769231,1.57648156274,0.382859808093,0.201680672269,2.01465221053,0.978545359402,0.524369747899,1.74894926439,0.849489642704,0.463865546218,0.814492905316,0.428238537847,2.33333333333,1.90196078431,0.814492905316,2.33333333333,0,0,0,0,0.164242424242,17,17,17,1,0,0.352941176471,0.411764705882,0.235294117647,17,38,0.139705882353,1.98764705882,4.47058823529,3.16666666667,2.92307692308,1.66274047354,0.371928790134,0.188854489164,2.04723630062,0.915868871331,0.495356037152,1.98523965067,0.888133527931,0.482972136223,0.792996921587,0.398962641817,2.35,1.98764705882,0.792996921587,2.35,0.162418300654,0.0584415584416,3,0.00441176470588,0.192081529582,17,17,17,1,0,0.294117647059,0.470588235294,0.235294117647,1,0.00367647058824,0.105294117647,0.117647058824,-0.19696969697,0.0769230769231,-0.030672370045,-0.0170984847437,-0.00510417538281,-0.0514327453931,-0.0483844741355,-0.0229269517195,0.106566777414,0.0249595050838,0.0123839009288,0.00679935249481,-0.0187048167638,0.1,0.105294117647,0.00679935249481,0.1,-0.00392156862745,-0.00278293135436,0,0,0.00612914862915,-0.0588235294118,0.0588235294118,0,37,1,0,234,1,0.995744680851,0.00425531914894,0,0.973684210526,1,0.986666666667,0.984652666406,0.995744680851,0.973684210526,3,2,0,0,0,0
2017,WLNM_dir_neg,1,0.5,00:00:01,10,50,25,1983614898,threshold_sweep,0.1,0.5,1,0.666666666667,2,2,0,2,1,0.5,0.5,0,0.5,1,0.666666666667,0.666666666667,0.444444444444,0.4,0.5,0.5,37,35,2,0,37,0,35,0,2,17,37,0.136029411765,1.88235294118,4.35294117647,3.36363636364,2.84615384615,1.69341284359,0.389027274878,0.193958664547,2.09866904602,0.964253345467,0.518282988871,1.87867287326,0.863174022847,0.470588235294,0.786197569093,0.41766745858,2.25,1.88235294118,0.786197569093,2.25,0.166339869281,0.0612244897959,3,0.00441176470588,0.185952380952,17,17,17,1,0,0.352941176471,0.411764705882,0.235294117647,17,0.128676470588,1.90196078431,4.11764705882,3.18181818182,2.69230769231,1.57648156274,0.382859808093,0.201680672269,2.01465221053,0.978545359402,0.524369747899,1.74894926439,0.849489642704,0.463865546218,0.814492905316,0.428238537847,2.33333333333,1.90196078431,0.814492905316,2.33333333333,0,0,0,0,0.164242424242,17,17,17,1,0,0.352941176471,0.411764705882,0.235294117647,17,39,0.143382352941,2.00049019608,4.58823529412,3.25,2.78571428571,1.69774937525,0.370022299735,0.191553544495,2.14373231428,0.934447419046,0.506787330317,1.92888263907,0.840794996516,0.455505279035,0.812630708441,0.406215791526,2.35,2.00049019608,0.812630708441,2.35,0.20522875817,0.110429447853,6,0.00882352941176,0.189953102453,17,17,17,1,0,0.294117647059,0.529411764706,0.176470588235,2,0.00735294117647,0.118137254902,0.235294117647,-0.113636363636,-0.0604395604396,0.00433653166789,-0.019004975143,-0.00240512005218,0.0450632682653,-0.0298059264211,-0.0114956585545,0.0502097658116,-0.0223790263307,-0.0150829562594,0.026433139348,-0.0114516670541,0.1,0.118137254902,0.026433139348,0.1,0.0388888888889,0.0492049580568,3,0.00441176470588,0.00400072150072,-0.0588235294118,0.117647058824,-0.0588235294118,37,2,0,233,1,0.991489361702,0.00851063829787,0,0.948717948718,1,0.973684210526,0.969867905134,0.991489361702,0.948717948718,4,2,0,0,0,0
2018,WLNM_dir_neg,1,0.5,00:00:01,10,50,25,1983614898,threshold_sweep,0.2,0.5,1,0.666666666667,2,2,0,2,1,0.5,0.5,0,0.5,1,0.666666666667,0.666666666667,0.444444444444,0.4,0.5,0.5,37,35,2,0,37,0,35,0,2,17,37,0.136029411765,1.88235294118,4.35294117647,3.36363636364,2.84615384615,1.69341284359,0.389027274878,0.193958664547,2.09866904602,0.964253345467,0.518282988871,1.87867287326,0.863174022847,0.470588235294,0.786197569093,0.41766745858,2.25,1.88235294118,0.786197569093,2.25,0.166339869281,0.0612244897959,3,0.00441176470588,0.185952380952,17,17,17,1,0,0.352941176471,0.411764705882,0.235294117647,17,0.128676470588,1.90196078431,4.11764705882,3.18181818182,2.69230769231,1.57648156274,0.382859808093,0.201680672269,2.01465221053,0.978545359402,0.524369747899,1.74894926439,0.849489642704,0.463865546218,0.814492905316,0.428238537847,2.33333333333,1.90196078431,0.814492905316,2.33333333333,0,0,0,0,0.164242424242,17,17,17,1,0,0.352941176471,0.411764705882,0.235294117647,17,39,0.143382352941,2.00049019608,4.58823529412,3.25,2.78571428571,1.69774937525,0.370022299735,0.191553544495,2.14373231428,0.934447419046,0.506787330317,1.92888263907,0.840794996516,0.455505279035,0.812630708441,0.406215791526,2.35,2.00049019608,0.812630708441,2.35,0.20522875817,0.110429447853,6,0.00882352941176,0.189953102453,17,17,17,1,0,0.294117647059,0.529411764706,0.176470588235,2,0.00735294117647,0.118137254902,0.235294117647,-0.113636363636,-0.0604395604396,0.00433653166789,-0.019004975143,-0.00240512005218,0.0450632682653,-0.0298059264211,-0.0114956585545,0.0502097658116,-0.0223790263307,-0.0150829562594,0.026433139348,-0.0114516670541,0.1,0.118137254902,0.026433139348,0.1,0.0388888888889,0.0492049580568,3,0.00441176470588,0.00400072150072,-0.0588235294118,0.117647058824,-0.0588235294118,37,2,0,233,1,0.991489361702,0.00851063829787,0,0.948717948718,1,0.973684210526,0.969867905134,0.991489361702,0.948717948718,4,2,0,0,0,0
2019,WLNM_dir_neg,1,0.5,00:00:01,10,50,25,1983614898,threshold_sweep,0.3,0.5,1,0.666666666667,2,2,0,2,1,0.5,0.5,0,0.5,1,0.666666666667,0.666666666667,0.444444444444,0.4,0.5,0.5,37,35,2,0,37,0,35,0,2,17,37,0.136029411765,1.88235294118,4.35294117647,3.36363636364,2.84615384615,1.69341284359,0.389027274878,0.193958664547,2.09866904602,0.964253345467,0.518282988871,1.87867287326,0.863174022847,0.470588235294,0.786197569093,0.41766745858,2.25,1.88235294118,0.786197569093,2.25,0.166339869281,0.0612244897959,3,0.00441176470588,0.185952380952,17,17,17,1,0,0.352941176471,0.411764705882,0.235294117647,17,0.128676470588,1.90196078431,4.11764705882,3.18181818182,2.69230769231,1.57648156274,0.382859808093,0.201680672269,2.01465221053,0.978545359402,0.524369747899,1.74894926439,0.849489642704,0.463865546218,0.814492905316,0.428238537847,2.33333333333,1.90196078431,0.814492905316,2.33333333333,0,0,0,0,0.164242424242,17,17,17,1,0,0.352941176471,0.411764705882,0.235294117647,17,39,0.143382352941,2.00049019608,4.58823529412,3.25,2.78571428571,1.69774937525,0.370022299735,0.191553544495,2.14373231428,0.934447419046,0.506787330317,1.92888263907,0.840794996516,0.455505279035,0.812630708441,0.406215791526,2.35,2.00049019608,0.812630708441,2.35,0.20522875817,0.110429447853,6,0.00882352941176,0.189953102453,17,17,17,1,0,0.294117647059,0.529411764706,0.176470588235,2,0.00735294117647,0.118137254902,0.235294117647,-0.113636363636,-0.0604395604396,0.00433653166789,-0.019004975143,-0.00240512005218,0.0450632682653,-0.0298059264211,-0.0114956585545,0.0502097658116,-0.0223790263307,-0.0150829562594,0.026433139348,-0.0114516670541,0.1,0.118137254902,0.026433139348,0.1,0.0388888888889,0.0492049580568,3,0.00441176470588,0.00400072150072,-0.0588235294118,0.117647058824,-0.0588235294118,37,2,0,233,1,0.991489361702,0.00851063829787,0,0.948717948718,1,0.973684210526,0.969867905134,0.991489361702,0.948717948718,4,2,0,0,0,0
2020,WLNM_dir_neg,1,0.5,00:00:01,10,50,25,1983614898,threshold_sweep,0.4,0.5,1,0.666666666667,2,2,0,2,1,0.5,0.5,0,0.5,1,0.666666666667,0.666666666667,0.444444444444,0.4,0.5,0.5,37,35,2,0,37,0,35,0,2,17,37,0.136029411765,1.88235294118,4.35294117647,3.36363636364,2.84615384615,1.69341284359,0.389027274878,0.193958664547,2.09866904602,0.964253345467,0.518282988871,1.87867287326,0.863174022847,0.470588235294,0.786197569093,0.41766745858,2.25,1.88235294118,0.786197569093,2.25,0.166339869281,0.0612244897959,3,0.00441176470588,0.185952380952,17,17,17,1,0,0.352941176471,0.411764705882,0.235294117647,17,0.128676470588,1.90196078431,4.11764705882,3.18181818182,2.69230769231,1.57648156274,0.382859808093,0.201680672269,2.01465221053,0.978545359402,0.524369747899,1.74894926439,0.849489642704,0.463865546218,0.814492905316,0.428238537847,2.33333333333,1.90196078431,0.814492905316,2.33333333333,0,0,0,0,0.164242424242,17,17,17,1,0,0.352941176471,0.411764705882,0.235294117647,17,39,0.143382352941,2.00049019608,4.58823529412,3.25,2.78571428571,1.69774937525,0.370022299735,0.191553544495,2.14373231428,0.934447419046,0.506787330317,1.92888263907,0.840794996516,0.455505279035,0.812630708441,0.406215791526,2.35,2.00049019608,0.812630708441,2.35,0.20522875817,0.110429447853,6,0.00882352941176,0.189953102453,17,17,17,1,0,0.294117647059,0.529411764706,0.176470588235,2,0.00735294117647,0.118137254902,0.235294117647,-0.113636363636,-0.0604395604396,0.00433653166789,-0.019004975143,-0.00240512005218,0.0450632682653,-0.0298059264211,-0.0114956585545,0.0502097658116,-0.0223790263307,-0.0150829562594,0.026433139348,-0.0114516670541,0.1,0.118137254902,0.026433139348,0.1,0.0388888888889,0.0492049580568,3,0.00441176470588,0.00400072150072,-0.0588235294118,0.117647058824,-0.0588235294118,37,2,0,233,1,0.991489361702,0.00851063829787,0,0.948717948718,1,0.973684210526,0.969867905134,0.991489361702,0.948717948718,4,2,0,0,0,0
2021,WLNM_dir_neg,1,0.5,00:00:01,10,50,25,1983614898,threshold_sweep,0.5,0.5,1,0.666666666667,2,2,0,2,1,0.5,0.5,0,0.5,1,0.666666666667,0.666666666667,0.444444444444,0.4,0.5,0.5,37,35,2,0,37,0,35,0,2,17,37,0.136029411765,1.88235294118,4.35294117647,3.36363636364,2.84615384615,1.69341284359,0.389027274878,0.193958664547,2.09866904602,0.964253345467,0.518282988871,1.87867287326,0.863174022847,0.470588235294,0.786197569093,0.41766745858,2.25,1.88235294118,0.786197569093,2.25,0.166339869281,0.0612244897959,3,0.00441176470588,0.185952380952,17,17,17,1,0,0.352941176471,0.411764705882,0.235294117647,17,0.128676470588,1.90196078431,4.11764705882,3.18181818182,2.69230769231,1.57648156274,0.382859808093,0.201680672269,2.01465221053,0.978545359402,0.524369747899,1.74894926439,0.849489642704,0.463865546218,0.814492905316,0.428238537847,2.33333333333,1.90196078431,0.814492905316,2.33333333333,0,0,0,0,0.164242424242,17,17,17,1,0,0.352941176471,0.411764705882,0.235294117647,17,39,0.143382352941,2.00049019608,4.58823529412,3.25,2.78571428571,1.69774937525,0.370022299735,0.191553544495,2.14373231428,0.934447419046,0.506787330317,1.92888263907,0.840794996516,0.455505279035,0.812630708441,0.406215791526,2.35,2.00049019608,0.812630708441,2.35,0.20522875817,0.110429447853,6,0.00882352941176,0.189953102453,17,17,17,1,0,0.294117647059,0.529411764706,0.176470588235,2,0.00735294117647,0.118137254902,0.235294117647,-0.113636363636,-0.0604395604396,0.00433653166789,-0.019004975143,-0.00240512005218,0.0450632682653,-0.0298059264211,-0.0114956585545,0.0502097658116,-0.0223790263307,-0.0150829562594,0.026433139348,-0.0114516670541,0.1,0.118137254902,0.026433139348,0.1,0.0388888888889,0.0492049580568,3,0.00441176470588,0.00400072150072,-0.0588235294118,0.117647058824,-0.0588235294118,37,2,0,233,1,0.991489361702,0.00851063829787,0,0.948717948718,1,0.973684210526,0.969867905134,0.991489361702,0.948717948718,4,2,0,0,0,0
2022,WLNM_dir_neg,1,0.5,00:00:01,10,50,25,1983614898,threshold_sweep,0.6,0.5,1,0.666666666667,2,2,0,2,1,0.5,0.5,0,0.5,1,0.666666666667,0.666666666667,0.444444444444,0.4,0.5,0.5,37,35,2,0,37,0,35,0,2,17,37,0.136029411765,1.88235294118,4.35294117647,3.36363636364,2.84615384615,1.69341284359,0.389027274878,0.193958664547,2.09866904602,0.964253345467,0.518282988871,1.87867287326,0.863174022847,0.470588235294,0.786197569093,0.41766745858,2.25,1.88235294118,0.786197569093,2.25,0.166339869281,0.0612244897959,3,0.00441176470588,0.185952380952,17,17,17,1,0,0.352941176471,0.411764705882,0.235294117647,17,0.128676470588,1.90196078431,4.11764705882,3.18181818182,2.69230769231,1.57648156274,0.382859808093,0.201680672269,2.01465221053,0.978545359402,0.524369747899,1.74894926439,0.849489642704,0.463865546218,0.814492905316,0.428238537847,2.33333333333,1.90196078431,0.814492905316,2.33333333333,0,0,0,0,0.164242424242,17,17,17,1,0,0.352941176471,0.411764705882,0.235294117647,17,39,0.143382352941,2.00049019608,4.58823529412,3.25,2.78571428571,1.69774937525,0.370022299735,0.191553544495,2.14373231428,0.934447419046,0.506787330317,1.92888263907,0.840794996516,0.455505279035,0.812630708441,0.406215791526,2.35,2.00049019608,0.812630708441,2.35,0.20522875817,0.110429447853,6,0.00882352941176,0.189953102453,17,17,17,1,0,0.294117647059,0.529411764706,0.176470588235,2,0.00735294117647,0.118137254902,0.235294117647,-0.113636363636,-0.0604395604396,0.00433653166789,-0.019004975143,-0.00240512005218,0.0450632682653,-0.0298059264211,-0.0114956585545,0.0502097658116,-0.0223790263307,-0.0150829562594,0.026433139348,-0.0114516670541,0.1,0.118137254902,0.026433139348,0.1,0.0388888888889,0.0492049580568,3,0.00441176470588,0.00400072150072,-0.0588235294118,0.117647058824,-0.0588235294118,37,2,0,233,1,0.991489361702,0.00851063829787,0,0.948717948718,1,0.973684210526,0.969867905134,0.991489361702,0.948717948718,4,2,0,0,0,0
2023,WLNM_dir_neg,1,0.5,00:00:01,10,50,25,1983614898,threshold_sweep,0.7,0.5,1,0.666666666667,2,2,0,2,1,0.5,0.5,0,0.5,1,0.666666666667,0.666666666667,0.444444444444,0.4,0.5,0.5,37,35,2,0,37,0,35,0,2,17,37,0.136029411765,1.88235294118,4.35294117647,3.36363636364,2.84615384615,1.69341284359,0.389027274878,0.193958664547,2.09866904602,0.964253345467,0.518282988871,1.87867287326,0.863174022847,0.470588235294,0.786197569093,0.41766745858,2.25,1.88235294118,0.786197569093,2.25,0.166339869281,0.0612244897959,3,0.00441176470588,0.185952380952,17,17,17,1,0,0.352941176471,0.411764705882,0.235294117647,17,0.128676470588,1.90196078431,4.11764705882,3.18181818182,2.69230769231,1.57648156274,0.382859808093,0.201680672269,2.01465221053,0.978545359402,0.524369747899,1.74894926439,0.849489642704,0.463865546218,0.814492905316,0.428238537847,2.33333333333,1.90196078431,0.814492905316,2.33333333333,0,0,0,0,0.164242424242,17,17,17,1,0,0.352941176471,0.411764705882,0.235294117647,17,39,0.143382352941,2.00049019608,4.58823529412,3.25,2.78571428571,1.69774937525,0.370022299735,0.191553544495,2.14373231428,0.934447419046,0.506787330317,1.92888263907,0.840794996516,0.455505279035,0.812630708441,0.406215791526,2.35,2.00049019608,0.812630708441,2.35,0.20522875817,0.110429447853,6,0.00882352941176,0.189953102453,17,17,17,1,0,0.294117647059,0.529411764706,0.176470588235,2,0.00735294117647,0.118137254902,0.235294117647,-0.113636363636,-0.0604395604396,0.00433653166789,-0.019004975143,-0.00240512005218,0.0450632682653,-0.0298059264211,-0.0114956585545,0.0502097658116,-0.0223790263307,-0.0150829562594,0.026433139348,-0.0114516670541,0.1,0.118137254902,0.026433139348,0.1,0.0388888888889,0.0492049580568,3,0.00441176470588,0.00400072150072,-0.0588235294118,0.117647058824,-0.0588235294118,37,2,0,233,1,0.991489361702,0.00851063829787,0,0.948717948718,1,0.973684210526,0.969867905134,0.991489361702,0.948717948718,4,2,0,0,0,0
2024,WLNM_dir_neg,1,0.5,00:00:01,10,50,25,1983614898,threshold_sweep,0.8,0.5,1,0.666666666667,2,2,0,2,1,0.5,0.5,0,0.5,1,0.666666666667,0.666666666667,0.444444444444,0.4,0.5,0.5,37,35,2,0,37,0,35,0,2,17,37,0.136029411765,1.88235294118,4.35294117647,3.36363636364,2.84615384615,1.69341284359,0.389027274878,0.193958664547,2.09866904602,0.964253345467,0.518282988871,1.87867287326,0.863174022847,0.470588235294,0.786197569093,0.41766745858,2.25,1.88235294118,0.786197569093,2.25,0.166339869281,0.0612244897959,3,0.00441176470588,0.185952380952,17,17,17,1,0,0.352941176471,0.411764705882,0.235294117647,17,0.128676470588,1.90196078431,4.11764705882,3.18181818182,2.69230769231,1.57648156274,0.382859808093,0.201680672269,2.01465221053,0.978545359402,0.524369747899,1.74894926439,0.849489642704,0.463865546218,0.814492905316,0.428238537847,2.33333333333,1.90196078431,0.814492905316,2.33333333333,0,0,0,0,0.164242424242,17,17,17,1,0,0.352941176471,0.411764705882,0.235294117647,17,39,0.143382352941,2.00049019608,4.58823529412,3.25,2.78571428571,1.69774937525,0.370022299735,0.191553544495,2.14373231428,0.934447419046,0.506787330317,1.92888263907,0.840794996516,0.455505279035,0.812630708441,0.406215791526,2.35,2.00049019608,0.812630708441,2.35,0.20522875817,0.110429447853,6,0.00882352941176,0.189953102453,17,17,17,1,0,0.294117647059,0.529411764706,0.176470588235,2,0.00735294117647,0.118137254902,0.235294117647,-0.113636363636,-0.0604395604396,0.00433653166789,-0.019004975143,-0.00240512005218,0.0450632682653,-0.0298059264211,-0.0114956585545,0.0502097658116,-0.0223790263307,-0.0150829562594,0.026433139348,-0.0114516670541,0.1,0.118137254902,0.026433139348,0.1,0.0388888888889,0.0492049580568,3,0.00441176470588,0.00400072150072,-0.0588235294118,0.117647058824,-0.0588235294118,37,2,0,233,1,0.991489361702,0.00851063829787,0,0.948717948718,1,0.973684210526,0.969867905134,0.991489361702,0.948717948718,4,2,0,0,0,0
2025,WLNM_dir_neg,1,0.5,00:00:01,10,50,25,1983614898,threshold_sweep,0.9,0.5,1,0.666666666667,2,2,0,2,1,0.5,0.5,0,0.5,1,0.666666666667,0.666666666667,0.444444444444,0.4,0.5,0.5,37,35,2,0,37,0,35,0,2,17,37,0.136029411765,1.88235294118,4.35294117647,3.36363636364,2.84615384615,1.69341284359,0.389027274878,0.193958664547,2.09866904602,0.964253345467,0.518282988871,1.87867287326,0.863174022847,0.470588235294,0.786197569093,0.41766745858,2.25,1.88235294118,0.786197569093,2.25,0.166339869281,0.0612244897959,3,0.00441176470588,0.185952380952,17,17,17,1,0,0.352941176471,0.411764705882,0.235294117647,17,0.128676470588,1.90196078431,4.11764705882,3.18181818182,2.69230769231,1.57648156274,0.382859808093,0.201680672269,2.01465221053,0.978545359402,0.524369747899,1.74894926439,0.849489642704,0.463865546218,0.814492905316,0.428238537847,2.33333333333,1.90196078431,0.814492905316,2.33333333333,0,0,0,0,0.164242424242,17,17,17,1,0,0.352941176471,0.411764705882,0.235294117647,17,39,0.143382352941,2.00049019608,4.58823529412,3.25,2.78571428571,1.69774937525,0.370022299735,0.191553544495,2.14373231428,0.934447419046,0.506787330317,1.92888263907,0.840794996516,0.455505279035,0.812630708441,0.406215791526,2.35,2.00049019608,0.812630708441,2.35,0.20522875817,0.110429447853,6,0.00882352941176,0.189953102453,17,17,17,1,0,0.294117647059,0.529411764706,0.176470588235,2,0.00735294117647,0.118137254902,0.235294117647,-0.113636363636,-0.0604395604396,0.00433653166789,-0.019004975143,-0.00240512005218,0.0450632682653,-0.0298059264211,-0.0114956585545,0.0502097658116,-0.0223790263307,-0.0150829562594,0.026433139348,-0.0114516670541,0.1,0.118137254902,0.026433139348,0.1,0.0388888888889,0.0492049580568,3,0.00441176470588,0.00400072150072,-0.0588235294118,0.117647058824,-0.0588235294118,37,2,0,233,1,0.991489361702,0.00851063829787,0,0.948717948718,1,0.973684210526,0.969867905134,0.991489361702,0.948717948718,4,2,0,0,0,0
2026,WLNM_dir_neg,1,0.5,00:00:02,10,50,26,1983614899,threshold_sweep,0.1,1,1,1,2,0,0,4,1,1,0,0,1,1,1,1,0.555555555556,1,1,1,37,35,2,0,37,0,35,0,2,17,37,0.136029411765,1.88235294118,4.35294117647,3.36363636364,2.84615384615,1.69341284359,0.389027274878,0.193958664547,2.09866904602,0.964253345467,0.518282988871,1.87867287326,0.863174022847,0.470588235294,0.786197569093,0.41766745858,2.25,1.88235294118,0.786197569093,2.25,0.166339869281,0.0612244897959,3,0.00441176470588,0.185952380952,17,17,17,1,0,0.352941176471,0.411764705882,0.235294117647,17,0.128676470588,1.90196078431,4.11764705882,3.18181818182,2.69230769231,1.57648156274,0.382859808093,0.201680672269,2.01465221053,0.978545359402,0.524369747899,1.74894926439,0.849489642704,0.463865546218,0.814492905316,0.428238537847,2.33333333333,1.90196078431,0.814492905316,2.33333333333,0,0,0,0,0.164242424242,17,17,17,1,0,0.352941176471,0.411764705882,0.235294117647,17,37,0.136029411765,1.88235294118,4.35294117647,3.36363636364,2.84615384615,1.69341284359,0.389027274878,0.193958664547,2.09866904602,0.964253345467,0.518282988871,1.87867287326,0.863174022847,0.470588235294,0.786197569093,0.41766745858,2.25,1.88235294118,0.786197569093,2.25,0.166339869281,0.0612244897959,3,0.00441176470588,0.185952380952,17,17,17,1,0,0.352941176471,0.411764705882,0.235294117647,0,0,0,0,0,0,0,0,0,0,0,0,0,0,0,0,0,0,0,0,0,0,0,0,0,0,0,0,0,37,0,0,235,1,1,0,0,1,1,1,1,1,1,2,2,0,0,0,0
2027,WLNM_dir_neg,1,0.5,00:00:02,10,50,26,1983614899,threshold_sweep,0.2,1,1,1,2,0,0,4,1,1,0,0,1,1,1,1,0.555555555556,1,1,1,37,35,2,0,37,0,35,0,2,17,37,0.136029411765,1.88235294118,4.35294117647,3.36363636364,2.84615384615,1.69341284359,0.389027274878,0.193958664547,2.09866904602,0.964253345467,0.518282988871,1.87867287326,0.863174022847,0.470588235294,0.786197569093,0.41766745858,2.25,1.88235294118,0.786197569093,2.25,0.166339869281,0.0612244897959,3,0.00441176470588,0.185952380952,17,17,17,1,0,0.352941176471,0.411764705882,0.235294117647,17,0.128676470588,1.90196078431,4.11764705882,3.18181818182,2.69230769231,1.57648156274,0.382859808093,0.201680672269,2.01465221053,0.978545359402,0.524369747899,1.74894926439,0.849489642704,0.463865546218,0.814492905316,0.428238537847,2.33333333333,1.90196078431,0.814492905316,2.33333333333,0,0,0,0,0.164242424242,17,17,17,1,0,0.352941176471,0.411764705882,0.235294117647,17,37,0.136029411765,1.88235294118,4.35294117647,3.36363636364,2.84615384615,1.69341284359,0.389027274878,0.193958664547,2.09866904602,0.964253345467,0.518282988871,1.87867287326,0.863174022847,0.470588235294,0.786197569093,0.41766745858,2.25,1.88235294118,0.786197569093,2.25,0.166339869281,0.0612244897959,3,0.00441176470588,0.185952380952,17,17,17,1,0,0.352941176471,0.411764705882,0.235294117647,0,0,0,0,0,0,0,0,0,0,0,0,0,0,0,0,0,0,0,0,0,0,0,0,0,0,0,0,0,37,0,0,235,1,1,0,0,1,1,1,1,1,1,2,2,0,0,0,0
2028,WLNM_dir_neg,1,0.5,00:00:02,10,50,26,1983614899,threshold_sweep,0.3,1,1,1,2,0,0,4,1,1,0,0,1,1,1,1,0.555555555556,1,1,1,37,35,2,0,37,0,35,0,2,17,37,0.136029411765,1.88235294118,4.35294117647,3.36363636364,2.84615384615,1.69341284359,0.389027274878,0.193958664547,2.09866904602,0.964253345467,0.518282988871,1.87867287326,0.863174022847,0.470588235294,0.786197569093,0.41766745858,2.25,1.88235294118,0.786197569093,2.25,0.166339869281,0.0612244897959,3,0.00441176470588,0.185952380952,17,17,17,1,0,0.352941176471,0.411764705882,0.235294117647,17,0.128676470588,1.90196078431,4.11764705882,3.18181818182,2.69230769231,1.57648156274,0.382859808093,0.201680672269,2.01465221053,0.978545359402,0.524369747899,1.74894926439,0.849489642704,0.463865546218,0.814492905316,0.428238537847,2.33333333333,1.90196078431,0.814492905316,2.33333333333,0,0,0,0,0.164242424242,17,17,17,1,0,0.352941176471,0.411764705882,0.235294117647,17,37,0.136029411765,1.88235294118,4.35294117647,3.36363636364,2.84615384615,1.69341284359,0.389027274878,0.193958664547,2.09866904602,0.964253345467,0.518282988871,1.87867287326,0.863174022847,0.470588235294,0.786197569093,0.41766745858,2.25,1.88235294118,0.786197569093,2.25,0.166339869281,0.0612244897959,3,0.00441176470588,0.185952380952,17,17,17,1,0,0.352941176471,0.411764705882,0.235294117647,0,0,0,0,0,0,0,0,0,0,0,0,0,0,0,0,0,0,0,0,0,0,0,0,0,0,0,0,0,37,0,0,235,1,1,0,0,1,1,1,1,1,1,2,2,0,0,0,0
2029,WLNM_dir_neg,1,0.5,00:00:02,10,50,26,1983614899,threshold_sweep,0.4,1,1,1,2,0,0,4,1,1,0,0,1,1,1,1,0.555555555556,1,1,1,37,35,2,0,37,0,35,0,2,17,37,0.136029411765,1.88235294118,4.35294117647,3.36363636364,2.84615384615,1.69341284359,0.389027274878,0.193958664547,2.09866904602,0.964253345467,0.518282988871,1.87867287326,0.863174022847,0.470588235294,0.786197569093,0.41766745858,2.25,1.88235294118,0.786197569093,2.25,0.166339869281,0.0612244897959,3,0.00441176470588,0.185952380952,17,17,17,1,0,0.352941176471,0.411764705882,0.235294117647,17,0.128676470588,1.90196078431,4.11764705882,3.18181818182,2.69230769231,1.57648156274,0.382859808093,0.201680672269,2.01465221053,0.978545359402,0.524369747899,1.74894926439,0.849489642704,0.463865546218,0.814492905316,0.428238537847,2.33333333333,1.90196078431,0.814492905316,2.33333333333,0,0,0,0,0.164242424242,17,17,17,1,0,0.352941176471,0.411764705882,0.235294117647,17,37,0.136029411765,1.88235294118,4.35294117647,3.36363636364,2.84615384615,1.69341284359,0.389027274878,0.193958664547,2.09866904602,0.964253345467,0.518282988871,1.87867287326,0.863174022847,0.470588235294,0.786197569093,0.41766745858,2.25,1.88235294118,0.786197569093,2.25,0.166339869281,0.0612244897959,3,0.00441176470588,0.185952380952,17,17,17,1,0,0.352941176471,0.411764705882,0.235294117647,0,0,0,0,0,0,0,0,0,0,0,0,0,0,0,0,0,0,0,0,0,0,0,0,0,0,0,0,0,37,0,0,235,1,1,0,0,1,1,1,1,1,1,2,2,0,0,0,0
2030,WLNM_dir_neg,1,0.5,00:00:02,10,50,26,1983614899,threshold_sweep,0.5,1,1,1,2,0,0,4,1,1,0,0,1,1,1,1,0.555555555556,1,1,1,37,35,2,0,37,0,35,0,2,17,37,0.136029411765,1.88235294118,4.35294117647,3.36363636364,2.84615384615,1.69341284359,0.389027274878,0.193958664547,2.09866904602,0.964253345467,0.518282988871,1.87867287326,0.863174022847,0.470588235294,0.786197569093,0.41766745858,2.25,1.88235294118,0.786197569093,2.25,0.166339869281,0.0612244897959,3,0.00441176470588,0.185952380952,17,17,17,1,0,0.352941176471,0.411764705882,0.235294117647,17,0.128676470588,1.90196078431,4.11764705882,3.18181818182,2.69230769231,1.57648156274,0.382859808093,0.201680672269,2.01465221053,0.978545359402,0.524369747899,1.74894926439,0.849489642704,0.463865546218,0.814492905316,0.428238537847,2.33333333333,1.90196078431,0.814492905316,2.33333333333,0,0,0,0,0.164242424242,17,17,17,1,0,0.352941176471,0.411764705882,0.235294117647,17,37,0.136029411765,1.88235294118,4.35294117647,3.36363636364,2.84615384615,1.69341284359,0.389027274878,0.193958664547,2.09866904602,0.964253345467,0.518282988871,1.87867287326,0.863174022847,0.470588235294,0.786197569093,0.41766745858,2.25,1.88235294118,0.786197569093,2.25,0.166339869281,0.0612244897959,3,0.00441176470588,0.185952380952,17,17,17,1,0,0.352941176471,0.411764705882,0.235294117647,0,0,0,0,0,0,0,0,0,0,0,0,0,0,0,0,0,0,0,0,0,0,0,0,0,0,0,0,0,37,0,0,235,1,1,0,0,1,1,1,1,1,1,2,2,0,0,0,0
2031,WLNM_dir_neg,1,0.5,00:00:02,10,50,26,1983614899,threshold_sweep,0.6,1,1,1,2,0,0,4,1,1,0,0,1,1,1,1,0.555555555556,1,1,1,37,35,2,0,37,0,35,0,2,17,37,0.136029411765,1.88235294118,4.35294117647,3.36363636364,2.84615384615,1.69341284359,0.389027274878,0.193958664547,2.09866904602,0.964253345467,0.518282988871,1.87867287326,0.863174022847,0.470588235294,0.786197569093,0.41766745858,2.25,1.88235294118,0.786197569093,2.25,0.166339869281,0.0612244897959,3,0.00441176470588,0.185952380952,17,17,17,1,0,0.352941176471,0.411764705882,0.235294117647,17,0.128676470588,1.90196078431,4.11764705882,3.18181818182,2.69230769231,1.57648156274,0.382859808093,0.201680672269,2.01465221053,0.978545359402,0.524369747899,1.74894926439,0.849489642704,0.463865546218,0.814492905316,0.428238537847,2.33333333333,1.90196078431,0.814492905316,2.33333333333,0,0,0,0,0.164242424242,17,17,17,1,0,0.352941176471,0.411764705882,0.235294117647,17,37,0.136029411765,1.88235294118,4.35294117647,3.36363636364,2.84615384615,1.69341284359,0.389027274878,0.193958664547,2.09866904602,0.964253345467,0.518282988871,1.87867287326,0.863174022847,0.470588235294,0.786197569093,0.41766745858,2.25,1.88235294118,0.786197569093,2.25,0.166339869281,0.0612244897959,3,0.00441176470588,0.185952380952,17,17,17,1,0,0.352941176471,0.411764705882,0.235294117647,0,0,0,0,0,0,0,0,0,0,0,0,0,0,0,0,0,0,0,0,0,0,0,0,0,0,0,0,0,37,0,0,235,1,1,0,0,1,1,1,1,1,1,2,2,0,0,0,0
2032,WLNM_dir_neg,1,0.5,00:00:02,10,50,26,1983614899,threshold_sweep,0.7,1,1,1,2,0,0,4,1,1,0,0,1,1,1,1,0.555555555556,1,1,1,37,35,2,0,37,0,35,0,2,17,37,0.136029411765,1.88235294118,4.35294117647,3.36363636364,2.84615384615,1.69341284359,0.389027274878,0.193958664547,2.09866904602,0.964253345467,0.518282988871,1.87867287326,0.863174022847,0.470588235294,0.786197569093,0.41766745858,2.25,1.88235294118,0.786197569093,2.25,0.166339869281,0.0612244897959,3,0.00441176470588,0.185952380952,17,17,17,1,0,0.352941176471,0.411764705882,0.235294117647,17,0.128676470588,1.90196078431,4.11764705882,3.18181818182,2.69230769231,1.57648156274,0.382859808093,0.201680672269,2.01465221053,0.978545359402,0.524369747899,1.74894926439,0.849489642704,0.463865546218,0.814492905316,0.428238537847,2.33333333333,1.90196078431,0.814492905316,2.33333333333,0,0,0,0,0.164242424242,17,17,17,1,0,0.352941176471,0.411764705882,0.235294117647,17,37,0.136029411765,1.88235294118,4.35294117647,3.36363636364,2.84615384615,1.69341284359,0.389027274878,0.193958664547,2.09866904602,0.964253345467,0.518282988871,1.87867287326,0.863174022847,0.470588235294,0.786197569093,0.41766745858,2.25,1.88235294118,0.786197569093,2.25,0.166339869281,0.0612244897959,3,0.00441176470588,0.185952380952,17,17,17,1,0,0.352941176471,0.411764705882,0.235294117647,0,0,0,0,0,0,0,0,0,0,0,0,0,0,0,0,0,0,0,0,0,0,0,0,0,0,0,0,0,37,0,0,235,1,1,0,0,1,1,1,1,1,1,2,2,0,0,0,0
2033,WLNM_dir_neg,1,0.5,00:00:02,10,50,26,1983614899,threshold_sweep,0.8,1,1,1,2,0,0,4,1,1,0,0,1,1,1,1,0.555555555556,1,1,1,37,35,2,0,37,0,35,0,2,17,37,0.136029411765,1.88235294118,4.35294117647,3.36363636364,2.84615384615,1.69341284359,0.389027274878,0.193958664547,2.09866904602,0.964253345467,0.518282988871,1.87867287326,0.863174022847,0.470588235294,0.786197569093,0.41766745858,2.25,1.88235294118,0.786197569093,2.25,0.166339869281,0.0612244897959,3,0.00441176470588,0.185952380952,17,17,17,1,0,0.352941176471,0.411764705882,0.235294117647,17,0.128676470588,1.90196078431,4.11764705882,3.18181818182,2.69230769231,1.57648156274,0.382859808093,0.201680672269,2.01465221053,0.978545359402,0.524369747899,1.74894926439,0.849489642704,0.463865546218,0.814492905316,0.428238537847,2.33333333333,1.90196078431,0.814492905316,2.33333333333,0,0,0,0,0.164242424242,17,17,17,1,0,0.352941176471,0.411764705882,0.235294117647,17,37,0.136029411765,1.88235294118,4.35294117647,3.36363636364,2.84615384615,1.69341284359,0.389027274878,0.193958664547,2.09866904602,0.964253345467,0.518282988871,1.87867287326,0.863174022847,0.470588235294,0.786197569093,0.41766745858,2.25,1.88235294118,0.786197569093,2.25,0.166339869281,0.0612244897959,3,0.00441176470588,0.185952380952,17,17,17,1,0,0.352941176471,0.411764705882,0.235294117647,0,0,0,0,0,0,0,0,0,0,0,0,0,0,0,0,0,0,0,0,0,0,0,0,0,0,0,0,0,37,0,0,235,1,1,0,0,1,1,1,1,1,1,2,2,0,0,0,0
2034,WLNM_dir_neg,1,0.5,00:00:02,10,50,26,1983614899,threshold_sweep,0.9,1,1,1,2,0,0,4,1,1,0,0,1,1,1,1,0.555555555556,1,1,1,37,35,2,0,37,0,35,0,2,17,37,0.136029411765,1.88235294118,4.35294117647,3.36363636364,2.84615384615,1.69341284359,0.389027274878,0.193958664547,2.09866904602,0.964253345467,0.518282988871,1.87867287326,0.863174022847,0.470588235294,0.786197569093,0.41766745858,2.25,1.88235294118,0.786197569093,2.25,0.166339869281,0.0612244897959,3,0.00441176470588,0.185952380952,17,17,17,1,0,0.352941176471,0.411764705882,0.235294117647,17,0.128676470588,1.90196078431,4.11764705882,3.18181818182,2.69230769231,1.57648156274,0.382859808093,0.201680672269,2.01465221053,0.978545359402,0.524369747899,1.74894926439,0.849489642704,0.463865546218,0.814492905316,0.428238537847,2.33333333333,1.90196078431,0.814492905316,2.33333333333,0,0,0,0,0.164242424242,17,17,17,1,0,0.352941176471,0.411764705882,0.235294117647,17,37,0.136029411765,1.88235294118,4.35294117647,3.36363636364,2.84615384615,1.69341284359,0.389027274878,0.193958664547,2.09866904602,0.964253345467,0.518282988871,1.87867287326,0.863174022847,0.470588235294,0.786197569093,0.41766745858,2.25,1.88235294118,0.786197569093,2.25,0.166339869281,0.0612244897959,3,0.00441176470588,0.185952380952,17,17,17,1,0,0.352941176471,0.411764705882,0.235294117647,0,0,0,0,0,0,0,0,0,0,0,0,0,0,0,0,0,0,0,0,0,0,0,0,0,0,0,0,0,37,0,0,235,1,1,0,0,1,1,1,1,1,1,2,2,0,0,0,0
2035,WLNM_dir_neg,1,0.5,00:00:01,10,50,27,1983614900,threshold_sweep,0.1,0.666666666667,1,0.8,2,1,0,3,1,0.75,0.25,0,0.666666666667,1,0.8,0.833333333333,0.5,0.666666666667,0.707106781187,0.75,37,35,2,0,37,0,35,0,2,17,37,0.136029411765,1.88235294118,4.35294117647,3.36363636364,2.84615384615,1.69341284359,0.389027274878,0.193958664547,2.09866904602,0.964253345467,0.518282988871,1.87867287326,0.863174022847,0.470588235294,0.786197569093,0.41766745858,2.25,1.88235294118,0.786197569093,2.25,0.166339869281,0.0612244897959,3,0.00441176470588,0.185952380952,17,17,17,1,0,0.352941176471,0.411764705882,0.235294117647,17,0.128676470588,1.90196078431,4.11764705882,3.18181818182,2.69230769231,1.57648156274,0.382859808093,0.201680672269,2.01465221053,0.978545359402,0.524369747899,1.74894926439,0.849489642704,0.463865546218,0.814492905316,0.428238537847,2.33333333333,1.90196078431,0.814492905316,2.33333333333,0,0,0,0,0.164242424242,17,17,17,1,0,0.352941176471,0.411764705882,0.235294117647,17,38,0.139705882353,1.90441176471,4.47058823529,3.45454545455,2.71428571429,1.73629084037,0.388380845872,0.198142414861,2.19457888229,0.981785289445,0.529411764706,1.82103719638,0.814674535221,0.442724458204,0.794917217296,0.417408268541,2.25,1.90441176471,0.794917217296,2.25,0.162418300654,0.0576923076923,3,0.00441176470588,0.178506493506,17,17,17,1,0,0.352941176471,0.470588235294,0.176470588235,1,0.00367647058824,0.0220588235294,0.117647058824,0.0909090909091,-0.131868131868,0.0428779967836,-0.000646429005719,0.00418375031378,0.0959098362728,0.0175319439782,0.0111287758347,-0.0576356768785,-0.0484994876259,-0.0278637770898,0.00871964820301,-0.000259190039119,0,0.0220588235294,0.00871964820301,0,-0.00392156862745,-0.00353218210361,0,0,-0.00744588744589,0,0.0588235294118,-0.0588235294118,37,1,0,234,1,0.995744680851,0.00425531914894,0,0.973684210526,1,0.986666666667,0.984652666406,0.995744680851,0.973684210526,3,2,0,0,0,0
2036,WLNM_dir_neg,1,0.5,00:00:01,10,50,27,1983614900,threshold_sweep,0.2,0.666666666667,1,0.8,2,1,0,3,1,0.75,0.25,0,0.666666666667,1,0.8,0.833333333333,0.5,0.666666666667,0.707106781187,0.75,37,35,2,0,37,0,35,0,2,17,37,0.136029411765,1.88235294118,4.35294117647,3.36363636364,2.84615384615,1.69341284359,0.389027274878,0.193958664547,2.09866904602,0.964253345467,0.518282988871,1.87867287326,0.863174022847,0.470588235294,0.786197569093,0.41766745858,2.25,1.88235294118,0.786197569093,2.25,0.166339869281,0.0612244897959,3,0.00441176470588,0.185952380952,17,17,17,1,0,0.352941176471,0.411764705882,0.235294117647,17,0.128676470588,1.90196078431,4.11764705882,3.18181818182,2.69230769231,1.57648156274,0.382859808093,0.201680672269,2.01465221053,0.978545359402,0.524369747899,1.74894926439,0.849489642704,0.463865546218,0.814492905316,0.428238537847,2.33333333333,1.90196078431,0.814492905316,2.33333333333,0,0,0,0,0.164242424242,17,17,17,1,0,0.352941176471,0.411764705882,0.235294117647,17,38,0.139705882353,1.90441176471,4.47058823529,3.45454545455,2.71428571429,1.73629084037,0.388380845872,0.198142414861,2.19457888229,0.981785289445,0.529411764706,1.82103719638,0.814674535221,0.442724458204,0.794917217296,0.417408268541,2.25,1.90441176471,0.794917217296,2.25,0.162418300654,0.0576923076923,3,0.00441176470588,0.178506493506,17,17,17,1,0,0.352941176471,0.470588235294,0.176470588235,1,0.00367647058824,0.0220588235294,0.117647058824,0.0909090909091,-0.131868131868,0.0428779967836,-0.000646429005719,0.00418375031378,0.0959098362728,0.0175319439782,0.0111287758347,-0.0576356768785,-0.0484994876259,-0.0278637770898,0.00871964820301,-0.000259190039119,0,0.0220588235294,0.00871964820301,0,-0.00392156862745,-0.00353218210361,0,0,-0.00744588744589,0,0.0588235294118,-0.0588235294118,37,1,0,234,1,0.995744680851,0.00425531914894,0,0.973684210526,1,0.986666666667,0.984652666406,0.995744680851,0.973684210526,3,2,0,0,0,0
2037,WLNM_dir_neg,1,0.5,00:00:01,10,50,27,1983614900,threshold_sweep,0.3,0.666666666667,1,0.8,2,1,0,3,1,0.75,0.25,0,0.666666666667,1,0.8,0.833333333333,0.5,0.666666666667,0.707106781187,0.75,37,35,2,0,37,0,35,0,2,17,37,0.136029411765,1.88235294118,4.35294117647,3.36363636364,2.84615384615,1.69341284359,0.389027274878,0.193958664547,2.09866904602,0.964253345467,0.518282988871,1.87867287326,0.863174022847,0.470588235294,0.786197569093,0.41766745858,2.25,1.88235294118,0.786197569093,2.25,0.166339869281,0.0612244897959,3,0.00441176470588,0.185952380952,17,17,17,1,0,0.352941176471,0.411764705882,0.235294117647,17,0.128676470588,1.90196078431,4.11764705882,3.18181818182,2.69230769231,1.57648156274,0.382859808093,0.201680672269,2.01465221053,0.978545359402,0.524369747899,1.74894926439,0.849489642704,0.463865546218,0.814492905316,0.428238537847,2.33333333333,1.90196078431,0.814492905316,2.33333333333,0,0,0,0,0.164242424242,17,17,17,1,0,0.352941176471,0.411764705882,0.235294117647,17,38,0.139705882353,1.90441176471,4.47058823529,3.45454545455,2.71428571429,1.73629084037,0.388380845872,0.198142414861,2.19457888229,0.981785289445,0.529411764706,1.82103719638,0.814674535221,0.442724458204,0.794917217296,0.417408268541,2.25,1.90441176471,0.794917217296,2.25,0.162418300654,0.0576923076923,3,0.00441176470588,0.178506493506,17,17,17,1,0,0.352941176471,0.470588235294,0.176470588235,1,0.00367647058824,0.0220588235294,0.117647058824,0.0909090909091,-0.131868131868,0.0428779967836,-0.000646429005719,0.00418375031378,0.0959098362728,0.0175319439782,0.0111287758347,-0.0576356768785,-0.0484994876259,-0.0278637770898,0.00871964820301,-0.000259190039119,0,0.0220588235294,0.00871964820301,0,-0.00392156862745,-0.00353218210361,0,0,-0.00744588744589,0,0.0588235294118,-0.0588235294118,37,1,0,234,1,0.995744680851,0.00425531914894,0,0.973684210526,1,0.986666666667,0.984652666406,0.995744680851,0.973684210526,3,2,0,0,0,0
2038,WLNM_dir_neg,1,0.5,00:00:01,10,50,27,1983614900,threshold_sweep,0.4,0.666666666667,1,0.8,2,1,0,3,1,0.75,0.25,0,0.666666666667,1,0.8,0.833333333333,0.5,0.666666666667,0.707106781187,0.75,37,35,2,0,37,0,35,0,2,17,37,0.136029411765,1.88235294118,4.35294117647,3.36363636364,2.84615384615,1.69341284359,0.389027274878,0.193958664547,2.09866904602,0.964253345467,0.518282988871,1.87867287326,0.863174022847,0.470588235294,0.786197569093,0.41766745858,2.25,1.88235294118,0.786197569093,2.25,0.166339869281,0.0612244897959,3,0.00441176470588,0.185952380952,17,17,17,1,0,0.352941176471,0.411764705882,0.235294117647,17,0.128676470588,1.90196078431,4.11764705882,3.18181818182,2.69230769231,1.57648156274,0.382859808093,0.201680672269,2.01465221053,0.978545359402,0.524369747899,1.74894926439,0.849489642704,0.463865546218,0.814492905316,0.428238537847,2.33333333333,1.90196078431,0.814492905316,2.33333333333,0,0,0,0,0.164242424242,17,17,17,1,0,0.352941176471,0.411764705882,0.235294117647,17,38,0.139705882353,1.90441176471,4.47058823529,3.45454545455,2.71428571429,1.73629084037,0.388380845872,0.198142414861,2.19457888229,0.981785289445,0.529411764706,1.82103719638,0.814674535221,0.442724458204,0.794917217296,0.417408268541,2.25,1.90441176471,0.794917217296,2.25,0.162418300654,0.0576923076923,3,0.00441176470588,0.178506493506,17,17,17,1,0,0.352941176471,0.470588235294,0.176470588235,1,0.00367647058824,0.0220588235294,0.117647058824,0.0909090909091,-0.131868131868,0.0428779967836,-0.000646429005719,0.00418375031378,0.0959098362728,0.0175319439782,0.0111287758347,-0.0576356768785,-0.0484994876259,-0.0278637770898,0.00871964820301,-0.000259190039119,0,0.0220588235294,0.00871964820301,0,-0.00392156862745,-0.00353218210361,0,0,-0.00744588744589,0,0.0588235294118,-0.0588235294118,37,1,0,234,1,0.995744680851,0.00425531914894,0,0.973684210526,1,0.986666666667,0.984652666406,0.995744680851,0.973684210526,3,2,0,0,0,0
2039,WLNM_dir_neg,1,0.5,00:00:01,10,50,27,1983614900,threshold_sweep,0.5,0.666666666667,1,0.8,2,1,0,3,1,0.75,0.25,0,0.666666666667,1,0.8,0.833333333333,0.5,0.666666666667,0.707106781187,0.75,37,35,2,0,37,0,35,0,2,17,37,0.136029411765,1.88235294118,4.35294117647,3.36363636364,2.84615384615,1.69341284359,0.389027274878,0.193958664547,2.09866904602,0.964253345467,0.518282988871,1.87867287326,0.863174022847,0.470588235294,0.786197569093,0.41766745858,2.25,1.88235294118,0.786197569093,2.25,0.166339869281,0.0612244897959,3,0.00441176470588,0.185952380952,17,17,17,1,0,0.352941176471,0.411764705882,0.235294117647,17,0.128676470588,1.90196078431,4.11764705882,3.18181818182,2.69230769231,1.57648156274,0.382859808093,0.201680672269,2.01465221053,0.978545359402,0.524369747899,1.74894926439,0.849489642704,0.463865546218,0.814492905316,0.428238537847,2.33333333333,1.90196078431,0.814492905316,2.33333333333,0,0,0,0,0.164242424242,17,17,17,1,0,0.352941176471,0.411764705882,0.235294117647,17,38,0.139705882353,1.90441176471,4.47058823529,3.45454545455,2.71428571429,1.73629084037,0.388380845872,0.198142414861,2.19457888229,0.981785289445,0.529411764706,1.82103719638,0.814674535221,0.442724458204,0.794917217296,0.417408268541,2.25,1.90441176471,0.794917217296,2.25,0.162418300654,0.0576923076923,3,0.00441176470588,0.178506493506,17,17,17,1,0,0.352941176471,0.470588235294,0.176470588235,1,0.00367647058824,0.0220588235294,0.117647058824,0.0909090909091,-0.131868131868,0.0428779967836,-0.000646429005719,0.00418375031378,0.0959098362728,0.0175319439782,0.0111287758347,-0.0576356768785,-0.0484994876259,-0.0278637770898,0.00871964820301,-0.000259190039119,0,0.0220588235294,0.00871964820301,0,-0.00392156862745,-0.00353218210361,0,0,-0.00744588744589,0,0.0588235294118,-0.0588235294118,37,1,0,234,1,0.995744680851,0.00425531914894,0,0.973684210526,1,0.986666666667,0.984652666406,0.995744680851,0.973684210526,3,2,0,0,0,0
2040,WLNM_dir_neg,1,0.5,00:00:01,10,50,27,1983614900,threshold_sweep,0.6,0.666666666667,1,0.8,2,1,0,3,1,0.75,0.25,0,0.666666666667,1,0.8,0.833333333333,0.5,0.666666666667,0.707106781187,0.75,37,35,2,0,37,0,35,0,2,17,37,0.136029411765,1.88235294118,4.35294117647,3.36363636364,2.84615384615,1.69341284359,0.389027274878,0.193958664547,2.09866904602,0.964253345467,0.518282988871,1.87867287326,0.863174022847,0.470588235294,0.786197569093,0.41766745858,2.25,1.88235294118,0.786197569093,2.25,0.166339869281,0.0612244897959,3,0.00441176470588,0.185952380952,17,17,17,1,0,0.352941176471,0.411764705882,0.235294117647,17,0.128676470588,1.90196078431,4.11764705882,3.18181818182,2.69230769231,1.57648156274,0.382859808093,0.201680672269,2.01465221053,0.978545359402,0.524369747899,1.74894926439,0.849489642704,0.463865546218,0.814492905316,0.428238537847,2.33333333333,1.90196078431,0.814492905316,2.33333333333,0,0,0,0,0.164242424242,17,17,17,1,0,0.352941176471,0.411764705882,0.235294117647,17,38,0.139705882353,1.90441176471,4.47058823529,3.45454545455,2.71428571429,1.73629084037,0.388380845872,0.198142414861,2.19457888229,0.981785289445,0.529411764706,1.82103719638,0.814674535221,0.442724458204,0.794917217296,0.417408268541,2.25,1.90441176471,0.794917217296,2.25,0.162418300654,0.0576923076923,3,0.00441176470588,0.178506493506,17,17,17,1,0,0.352941176471,0.470588235294,0.176470588235,1,0.00367647058824,0.0220588235294,0.117647058824,0.0909090909091,-0.131868131868,0.0428779967836,-0.000646429005719,0.00418375031378,0.0959098362728,0.0175319439782,0.0111287758347,-0.0576356768785,-0.0484994876259,-0.0278637770898,0.00871964820301,-0.000259190039119,0,0.0220588235294,0.00871964820301,0,-0.00392156862745,-0.00353218210361,0,0,-0.00744588744589,0,0.0588235294118,-0.0588235294118,37,1,0,234,1,0.995744680851,0.00425531914894,0,0.973684210526,1,0.986666666667,0.984652666406,0.995744680851,0.973684210526,3,2,0,0,0,0
2041,WLNM_dir_neg,1,0.5,00:00:01,10,50,27,1983614900,threshold_sweep,0.7,0.666666666667,1,0.8,2,1,0,3,1,0.75,0.25,0,0.666666666667,1,0.8,0.833333333333,0.5,0.666666666667,0.707106781187,0.75,37,35,2,0,37,0,35,0,2,17,37,0.136029411765,1.88235294118,4.35294117647,3.36363636364,2.84615384615,1.69341284359,0.389027274878,0.193958664547,2.09866904602,0.964253345467,0.518282988871,1.87867287326,0.863174022847,0.470588235294,0.786197569093,0.41766745858,2.25,1.88235294118,0.786197569093,2.25,0.166339869281,0.0612244897959,3,0.00441176470588,0.185952380952,17,17,17,1,0,0.352941176471,0.411764705882,0.235294117647,17,0.128676470588,1.90196078431,4.11764705882,3.18181818182,2.69230769231,1.57648156274,0.382859808093,0.201680672269,2.01465221053,0.978545359402,0.524369747899,1.74894926439,0.849489642704,0.463865546218,0.814492905316,0.428238537847,2.33333333333,1.90196078431,0.814492905316,2.33333333333,0,0,0,0,0.164242424242,17,17,17,1,0,0.352941176471,0.411764705882,0.235294117647,17,38,0.139705882353,1.90441176471,4.47058823529,3.45454545455,2.71428571429,1.73629084037,0.388380845872,0.198142414861,2.19457888229,0.981785289445,0.529411764706,1.82103719638,0.814674535221,0.442724458204,0.794917217296,0.417408268541,2.25,1.90441176471,0.794917217296,2.25,0.162418300654,0.0576923076923,3,0.00441176470588,0.178506493506,17,17,17,1,0,0.352941176471,0.470588235294,0.176470588235,1,0.00367647058824,0.0220588235294,0.117647058824,0.0909090909091,-0.131868131868,0.0428779967836,-0.000646429005719,0.00418375031378,0.0959098362728,0.0175319439782,0.0111287758347,-0.0576356768785,-0.0484994876259,-0.0278637770898,0.00871964820301,-0.000259190039119,0,0.0220588235294,0.00871964820301,0,-0.00392156862745,-0.00353218210361,0,0,-0.00744588744589,0,0.0588235294118,-0.0588235294118,37,1,0,234,1,0.995744680851,0.00425531914894,0,0.973684210526,1,0.986666666667,0.984652666406,0.995744680851,0.973684210526,3,2,0,0,0,0
2042,WLNM_dir_neg,1,0.5,00:00:01,10,50,27,1983614900,threshold_sweep,0.8,0.666666666667,1,0.8,2,1,0,3,1,0.75,0.25,0,0.666666666667,1,0.8,0.833333333333,0.5,0.666666666667,0.707106781187,0.75,37,35,2,0,37,0,35,0,2,17,37,0.136029411765,1.88235294118,4.35294117647,3.36363636364,2.84615384615,1.69341284359,0.389027274878,0.193958664547,2.09866904602,0.964253345467,0.518282988871,1.87867287326,0.863174022847,0.470588235294,0.786197569093,0.41766745858,2.25,1.88235294118,0.786197569093,2.25,0.166339869281,0.0612244897959,3,0.00441176470588,0.185952380952,17,17,17,1,0,0.352941176471,0.411764705882,0.235294117647,17,0.128676470588,1.90196078431,4.11764705882,3.18181818182,2.69230769231,1.57648156274,0.382859808093,0.201680672269,2.01465221053,0.978545359402,0.524369747899,1.74894926439,0.849489642704,0.463865546218,0.814492905316,0.428238537847,2.33333333333,1.90196078431,0.814492905316,2.33333333333,0,0,0,0,0.164242424242,17,17,17,1,0,0.352941176471,0.411764705882,0.235294117647,17,38,0.139705882353,1.90441176471,4.47058823529,3.45454545455,2.71428571429,1.73629084037,0.388380845872,0.198142414861,2.19457888229,0.981785289445,0.529411764706,1.82103719638,0.814674535221,0.442724458204,0.794917217296,0.417408268541,2.25,1.90441176471,0.794917217296,2.25,0.162418300654,0.0576923076923,3,0.00441176470588,0.178506493506,17,17,17,1,0,0.352941176471,0.470588235294,0.176470588235,1,0.00367647058824,0.0220588235294,0.117647058824,0.0909090909091,-0.131868131868,0.0428779967836,-0.000646429005719,0.00418375031378,0.0959098362728,0.0175319439782,0.0111287758347,-0.0576356768785,-0.0484994876259,-0.0278637770898,0.00871964820301,-0.000259190039119,0,0.0220588235294,0.00871964820301,0,-0.00392156862745,-0.00353218210361,0,0,-0.00744588744589,0,0.0588235294118,-0.0588235294118,37,1,0,234,1,0.995744680851,0.00425531914894,0,0.973684210526,1,0.986666666667,0.984652666406,0.995744680851,0.973684210526,3,2,0,0,0,0
2043,WLNM_dir_neg,1,0.5,00:00:01,10,50,27,1983614900,threshold_sweep,0.9,0.666666666667,1,0.8,2,1,0,3,1,0.75,0.25,0,0.666666666667,1,0.8,0.833333333333,0.5,0.666666666667,0.707106781187,0.75,37,35,2,0,37,0,35,0,2,17,37,0.136029411765,1.88235294118,4.35294117647,3.36363636364,2.84615384615,1.69341284359,0.389027274878,0.193958664547,2.09866904602,0.964253345467,0.518282988871,1.87867287326,0.863174022847,0.470588235294,0.786197569093,0.41766745858,2.25,1.88235294118,0.786197569093,2.25,0.166339869281,0.0612244897959,3,0.00441176470588,0.185952380952,17,17,17,1,0,0.352941176471,0.411764705882,0.235294117647,17,0.128676470588,1.90196078431,4.11764705882,3.18181818182,2.69230769231,1.57648156274,0.382859808093,0.201680672269,2.01465221053,0.978545359402,0.524369747899,1.74894926439,0.849489642704,0.463865546218,0.814492905316,0.428238537847,2.33333333333,1.90196078431,0.814492905316,2.33333333333,0,0,0,0,0.164242424242,17,17,17,1,0,0.352941176471,0.411764705882,0.235294117647,17,38,0.139705882353,1.90441176471,4.47058823529,3.45454545455,2.71428571429,1.73629084037,0.388380845872,0.198142414861,2.19457888229,0.981785289445,0.529411764706,1.82103719638,0.814674535221,0.442724458204,0.794917217296,0.417408268541,2.25,1.90441176471,0.794917217296,2.25,0.162418300654,0.0576923076923,3,0.00441176470588,0.178506493506,17,17,17,1,0,0.352941176471,0.470588235294,0.176470588235,1,0.00367647058824,0.0220588235294,0.117647058824,0.0909090909091,-0.131868131868,0.0428779967836,-0.000646429005719,0.00418375031378,0.0959098362728,0.0175319439782,0.0111287758347,-0.0576356768785,-0.0484994876259,-0.0278637770898,0.00871964820301,-0.000259190039119,0,0.0220588235294,0.00871964820301,0,-0.00392156862745,-0.00353218210361,0,0,-0.00744588744589,0,0.0588235294118,-0.0588235294118,37,1,0,234,1,0.995744680851,0.00425531914894,0,0.973684210526,1,0.986666666667,0.984652666406,0.995744680851,0.973684210526,3,2,0,0,0,0
2044,WLNM_dir_neg,1,0.5,00:00:01,10,50,28,1983614901,threshold_sweep,0.1,1,1,1,2,0,0,4,1,1,0,0,1,1,1,1,0.555555555556,1,1,1,37,35,2,0,37,0,35,0,2,17,37,0.136029411765,1.88235294118,4.35294117647,3.36363636364,2.84615384615,1.69341284359,0.389027274878,0.193958664547,2.09866904602,0.964253345467,0.518282988871,1.87867287326,0.863174022847,0.470588235294,0.786197569093,0.41766745858,2.25,1.88235294118,0.786197569093,2.25,0.166339869281,0.0612244897959,3,0.00441176470588,0.185952380952,17,17,17,1,0,0.352941176471,0.411764705882,0.235294117647,17,0.128676470588,1.90196078431,4.11764705882,3.18181818182,2.69230769231,1.57648156274,0.382859808093,0.201680672269,2.01465221053,0.978545359402,0.524369747899,1.74894926439,0.849489642704,0.463865546218,0.814492905316,0.428238537847,2.33333333333,1.90196078431,0.814492905316,2.33333333333,0,0,0,0,0.164242424242,17,17,17,1,0,0.352941176471,0.411764705882,0.235294117647,17,37,0.136029411765,1.88235294118,4.35294117647,3.36363636364,2.84615384615,1.69341284359,0.389027274878,0.193958664547,2.09866904602,0.964253345467,0.518282988871,1.87867287326,0.863174022847,0.470588235294,0.786197569093,0.41766745858,2.25,1.88235294118,0.786197569093,2.25,0.166339869281,0.0612244897959,3,0.00441176470588,0.185952380952,17,17,17,1,0,0.352941176471,0.411764705882,0.235294117647,0,0,0,0,0,0,0,0,0,0,0,0,0,0,0,0,0,0,0,0,0,0,0,0,0,0,0,0,0,37,0,0,235,1,1,0,0,1,1,1,1,1,1,2,2,0,0,0,0
2045,WLNM_dir_neg,1,0.5,00:00:01,10,50,28,1983614901,threshold_sweep,0.2,1,1,1,2,0,0,4,1,1,0,0,1,1,1,1,0.555555555556,1,1,1,37,35,2,0,37,0,35,0,2,17,37,0.136029411765,1.88235294118,4.35294117647,3.36363636364,2.84615384615,1.69341284359,0.389027274878,0.193958664547,2.09866904602,0.964253345467,0.518282988871,1.87867287326,0.863174022847,0.470588235294,0.786197569093,0.41766745858,2.25,1.88235294118,0.786197569093,2.25,0.166339869281,0.0612244897959,3,0.00441176470588,0.185952380952,17,17,17,1,0,0.352941176471,0.411764705882,0.235294117647,17,0.128676470588,1.90196078431,4.11764705882,3.18181818182,2.69230769231,1.57648156274,0.382859808093,0.201680672269,2.01465221053,0.978545359402,0.524369747899,1.74894926439,0.849489642704,0.463865546218,0.814492905316,0.428238537847,2.33333333333,1.90196078431,0.814492905316,2.33333333333,0,0,0,0,0.164242424242,17,17,17,1,0,0.352941176471,0.411764705882,0.235294117647,17,37,0.136029411765,1.88235294118,4.35294117647,3.36363636364,2.84615384615,1.69341284359,0.389027274878,0.193958664547,2.09866904602,0.964253345467,0.518282988871,1.87867287326,0.863174022847,0.470588235294,0.786197569093,0.41766745858,2.25,1.88235294118,0.786197569093,2.25,0.166339869281,0.0612244897959,3,0.00441176470588,0.185952380952,17,17,17,1,0,0.352941176471,0.411764705882,0.235294117647,0,0,0,0,0,0,0,0,0,0,0,0,0,0,0,0,0,0,0,0,0,0,0,0,0,0,0,0,0,37,0,0,235,1,1,0,0,1,1,1,1,1,1,2,2,0,0,0,0
2046,WLNM_dir_neg,1,0.5,00:00:01,10,50,28,1983614901,threshold_sweep,0.3,1,1,1,2,0,0,4,1,1,0,0,1,1,1,1,0.555555555556,1,1,1,37,35,2,0,37,0,35,0,2,17,37,0.136029411765,1.88235294118,4.35294117647,3.36363636364,2.84615384615,1.69341284359,0.389027274878,0.193958664547,2.09866904602,0.964253345467,0.518282988871,1.87867287326,0.863174022847,0.470588235294,0.786197569093,0.41766745858,2.25,1.88235294118,0.786197569093,2.25,0.166339869281,0.0612244897959,3,0.00441176470588,0.185952380952,17,17,17,1,0,0.352941176471,0.411764705882,0.235294117647,17,0.128676470588,1.90196078431,4.11764705882,3.18181818182,2.69230769231,1.57648156274,0.382859808093,0.201680672269,2.01465221053,0.978545359402,0.524369747899,1.74894926439,0.849489642704,0.463865546218,0.814492905316,0.428238537847,2.33333333333,1.90196078431,0.814492905316,2.33333333333,0,0,0,0,0.164242424242,17,17,17,1,0,0.352941176471,0.411764705882,0.235294117647,17,37,0.136029411765,1.88235294118,4.35294117647,3.36363636364,2.84615384615,1.69341284359,0.389027274878,0.193958664547,2.09866904602,0.964253345467,0.518282988871,1.87867287326,0.863174022847,0.470588235294,0.786197569093,0.41766745858,2.25,1.88235294118,0.786197569093,2.25,0.166339869281,0.0612244897959,3,0.00441176470588,0.185952380952,17,17,17,1,0,0.352941176471,0.411764705882,0.235294117647,0,0,0,0,0,0,0,0,0,0,0,0,0,0,0,0,0,0,0,0,0,0,0,0,0,0,0,0,0,37,0,0,235,1,1,0,0,1,1,1,1,1,1,2,2,0,0,0,0
2047,WLNM_dir_neg,1,0.5,00:00:01,10,50,28,1983614901,threshold_sweep,0.4,1,1,1,2,0,0,4,1,1,0,0,1,1,1,1,0.555555555556,1,1,1,37,35,2,0,37,0,35,0,2,17,37,0.136029411765,1.88235294118,4.35294117647,3.36363636364,2.84615384615,1.69341284359,0.389027274878,0.193958664547,2.09866904602,0.964253345467,0.518282988871,1.87867287326,0.863174022847,0.470588235294,0.786197569093,0.41766745858,2.25,1.88235294118,0.786197569093,2.25,0.166339869281,0.0612244897959,3,0.00441176470588,0.185952380952,17,17,17,1,0,0.352941176471,0.411764705882,0.235294117647,17,0.128676470588,1.90196078431,4.11764705882,3.18181818182,2.69230769231,1.57648156274,0.382859808093,0.201680672269,2.01465221053,0.978545359402,0.524369747899,1.74894926439,0.849489642704,0.463865546218,0.814492905316,0.428238537847,2.33333333333,1.90196078431,0.814492905316,2.33333333333,0,0,0,0,0.164242424242,17,17,17,1,0,0.352941176471,0.411764705882,0.235294117647,17,37,0.136029411765,1.88235294118,4.35294117647,3.36363636364,2.84615384615,1.69341284359,0.389027274878,0.193958664547,2.09866904602,0.964253345467,0.518282988871,1.87867287326,0.863174022847,0.470588235294,0.786197569093,0.41766745858,2.25,1.88235294118,0.786197569093,2.25,0.166339869281,0.0612244897959,3,0.00441176470588,0.185952380952,17,17,17,1,0,0.352941176471,0.411764705882,0.235294117647,0,0,0,0,0,0,0,0,0,0,0,0,0,0,0,0,0,0,0,0,0,0,0,0,0,0,0,0,0,37,0,0,235,1,1,0,0,1,1,1,1,1,1,2,2,0,0,0,0
2048,WLNM_dir_neg,1,0.5,00:00:01,10,50,28,1983614901,threshold_sweep,0.5,1,1,1,2,0,0,4,1,1,0,0,1,1,1,1,0.555555555556,1,1,1,37,35,2,0,37,0,35,0,2,17,37,0.136029411765,1.88235294118,4.35294117647,3.36363636364,2.84615384615,1.69341284359,0.389027274878,0.193958664547,2.09866904602,0.964253345467,0.518282988871,1.87867287326,0.863174022847,0.470588235294,0.786197569093,0.41766745858,2.25,1.88235294118,0.786197569093,2.25,0.166339869281,0.0612244897959,3,0.00441176470588,0.185952380952,17,17,17,1,0,0.352941176471,0.411764705882,0.235294117647,17,0.128676470588,1.90196078431,4.11764705882,3.18181818182,2.69230769231,1.57648156274,0.382859808093,0.201680672269,2.01465221053,0.978545359402,0.524369747899,1.74894926439,0.849489642704,0.463865546218,0.814492905316,0.428238537847,2.33333333333,1.90196078431,0.814492905316,2.33333333333,0,0,0,0,0.164242424242,17,17,17,1,0,0.352941176471,0.411764705882,0.235294117647,17,37,0.136029411765,1.88235294118,4.35294117647,3.36363636364,2.84615384615,1.69341284359,0.389027274878,0.193958664547,2.09866904602,0.964253345467,0.518282988871,1.87867287326,0.863174022847,0.470588235294,0.786197569093,0.41766745858,2.25,1.88235294118,0.786197569093,2.25,0.166339869281,0.0612244897959,3,0.00441176470588,0.185952380952,17,17,17,1,0,0.352941176471,0.411764705882,0.235294117647,0,0,0,0,0,0,0,0,0,0,0,0,0,0,0,0,0,0,0,0,0,0,0,0,0,0,0,0,0,37,0,0,235,1,1,0,0,1,1,1,1,1,1,2,2,0,0,0,0
2049,WLNM_dir_neg,1,0.5,00:00:01,10,50,28,1983614901,threshold_sweep,0.6,1,1,1,2,0,0,4,1,1,0,0,1,1,1,1,0.555555555556,1,1,1,37,35,2,0,37,0,35,0,2,17,37,0.136029411765,1.88235294118,4.35294117647,3.36363636364,2.84615384615,1.69341284359,0.389027274878,0.193958664547,2.09866904602,0.964253345467,0.518282988871,1.87867287326,0.863174022847,0.470588235294,0.786197569093,0.41766745858,2.25,1.88235294118,0.786197569093,2.25,0.166339869281,0.0612244897959,3,0.00441176470588,0.185952380952,17,17,17,1,0,0.352941176471,0.411764705882,0.235294117647,17,0.128676470588,1.90196078431,4.11764705882,3.18181818182,2.69230769231,1.57648156274,0.382859808093,0.201680672269,2.01465221053,0.978545359402,0.524369747899,1.74894926439,0.849489642704,0.463865546218,0.814492905316,0.428238537847,2.33333333333,1.90196078431,0.814492905316,2.33333333333,0,0,0,0,0.164242424242,17,17,17,1,0,0.352941176471,0.411764705882,0.235294117647,17,37,0.136029411765,1.88235294118,4.35294117647,3.36363636364,2.84615384615,1.69341284359,0.389027274878,0.193958664547,2.09866904602,0.964253345467,0.518282988871,1.87867287326,0.863174022847,0.470588235294,0.786197569093,0.41766745858,2.25,1.88235294118,0.786197569093,2.25,0.166339869281,0.0612244897959,3,0.00441176470588,0.185952380952,17,17,17,1,0,0.352941176471,0.411764705882,0.235294117647,0,0,0,0,0,0,0,0,0,0,0,0,0,0,0,0,0,0,0,0,0,0,0,0,0,0,0,0,0,37,0,0,235,1,1,0,0,1,1,1,1,1,1,2,2,0,0,0,0
2050,WLNM_dir_neg,1,0.5,00:00:01,10,50,28,1983614901,threshold_sweep,0.7,1,1,1,2,0,0,4,1,1,0,0,1,1,1,1,0.555555555556,1,1,1,37,35,2,0,37,0,35,0,2,17,37,0.136029411765,1.88235294118,4.35294117647,3.36363636364,2.84615384615,1.69341284359,0.389027274878,0.193958664547,2.09866904602,0.964253345467,0.518282988871,1.87867287326,0.863174022847,0.470588235294,0.786197569093,0.41766745858,2.25,1.88235294118,0.786197569093,2.25,0.166339869281,0.0612244897959,3,0.00441176470588,0.185952380952,17,17,17,1,0,0.352941176471,0.411764705882,0.235294117647,17,0.128676470588,1.90196078431,4.11764705882,3.18181818182,2.69230769231,1.57648156274,0.382859808093,0.201680672269,2.01465221053,0.978545359402,0.524369747899,1.74894926439,0.849489642704,0.463865546218,0.814492905316,0.428238537847,2.33333333333,1.90196078431,0.814492905316,2.33333333333,0,0,0,0,0.164242424242,17,17,17,1,0,0.352941176471,0.411764705882,0.235294117647,17,37,0.136029411765,1.88235294118,4.35294117647,3.36363636364,2.84615384615,1.69341284359,0.389027274878,0.193958664547,2.09866904602,0.964253345467,0.518282988871,1.87867287326,0.863174022847,0.470588235294,0.786197569093,0.41766745858,2.25,1.88235294118,0.786197569093,2.25,0.166339869281,0.0612244897959,3,0.00441176470588,0.185952380952,17,17,17,1,0,0.352941176471,0.411764705882,0.235294117647,0,0,0,0,0,0,0,0,0,0,0,0,0,0,0,0,0,0,0,0,0,0,0,0,0,0,0,0,0,37,0,0,235,1,1,0,0,1,1,1,1,1,1,2,2,0,0,0,0
2051,WLNM_dir_neg,1,0.5,00:00:01,10,50,28,1983614901,threshold_sweep,0.8,1,1,1,2,0,0,4,1,1,0,0,1,1,1,1,0.555555555556,1,1,1,37,35,2,0,37,0,35,0,2,17,37,0.136029411765,1.88235294118,4.35294117647,3.36363636364,2.84615384615,1.69341284359,0.389027274878,0.193958664547,2.09866904602,0.964253345467,0.518282988871,1.87867287326,0.863174022847,0.470588235294,0.786197569093,0.41766745858,2.25,1.88235294118,0.786197569093,2.25,0.166339869281,0.0612244897959,3,0.00441176470588,0.185952380952,17,17,17,1,0,0.352941176471,0.411764705882,0.235294117647,17,0.128676470588,1.90196078431,4.11764705882,3.18181818182,2.69230769231,1.57648156274,0.382859808093,0.201680672269,2.01465221053,0.978545359402,0.524369747899,1.74894926439,0.849489642704,0.463865546218,0.814492905316,0.428238537847,2.33333333333,1.90196078431,0.814492905316,2.33333333333,0,0,0,0,0.164242424242,17,17,17,1,0,0.352941176471,0.411764705882,0.235294117647,17,37,0.136029411765,1.88235294118,4.35294117647,3.36363636364,2.84615384615,1.69341284359,0.389027274878,0.193958664547,2.09866904602,0.964253345467,0.518282988871,1.87867287326,0.863174022847,0.470588235294,0.786197569093,0.41766745858,2.25,1.88235294118,0.786197569093,2.25,0.166339869281,0.0612244897959,3,0.00441176470588,0.185952380952,17,17,17,1,0,0.352941176471,0.411764705882,0.235294117647,0,0,0,0,0,0,0,0,0,0,0,0,0,0,0,0,0,0,0,0,0,0,0,0,0,0,0,0,0,37,0,0,235,1,1,0,0,1,1,1,1,1,1,2,2,0,0,0,0
2052,WLNM_dir_neg,1,0.5,00:00:01,10,50,28,1983614901,threshold_sweep,0.9,1,0.5,0.666666666667,1,0,1,4,0.5,1,0,0.5,1,0.5,0.666666666667,0.833333333333,0.611111111111,0.571428571429,0.632455532034,0.5,37,35,2,0,37,0,35,0,2,17,37,0.136029411765,1.88235294118,4.35294117647,3.36363636364,2.84615384615,1.69341284359,0.389027274878,0.193958664547,2.09866904602,0.964253345467,0.518282988871,1.87867287326,0.863174022847,0.470588235294,0.786197569093,0.41766745858,2.25,1.88235294118,0.786197569093,2.25,0.166339869281,0.0612244897959,3,0.00441176470588,0.185952380952,17,17,17,1,0,0.352941176471,0.411764705882,0.235294117647,17,0.128676470588,1.90196078431,4.11764705882,3.18181818182,2.69230769231,1.57648156274,0.382859808093,0.201680672269,2.01465221053,0.978545359402,0.524369747899,1.74894926439,0.849489642704,0.463865546218,0.814492905316,0.428238537847,2.33333333333,1.90196078431,0.814492905316,2.33333333333,0,0,0,0,0.164242424242,17,17,17,1,0,0.352941176471,0.411764705882,0.235294117647,17,36,0.132352941176,1.89705882353,4.23529411765,3.27272727273,2.76923076923,1.71498585143,0.40492721492,0.204248366013,2.05798302171,0.971825315808,0.522875816993,1.79869233546,0.849382491746,0.464052287582,0.805541469338,0.424626510969,2.25,1.89705882353,0.805541469338,2.25,0.0702614379085,0.0214285714286,1,0.00147058823529,0.175454545455,17,17,17,1,0,0.352941176471,0.411764705882,0.235294117647,-1,-0.00367647058824,0.0147058823529,-0.117647058824,-0.0909090909091,-0.0769230769231,0.0215730078386,0.0158999400418,0.0102897014662,-0.0406860243059,0.00757197034072,0.00459282812224,-0.0799805377942,-0.0137915311015,-0.00653594771242,0.0193439002456,0.00695905238854,0,0.0147058823529,0.0193439002456,0,-0.0960784313725,-0.0397959183673,-2,-0.00294117647059,-0.0104978354978,0,0,0,36,0,1,235,0.972972972973,1,0,0.027027027027,1,0.972972972973,0.986301369863,0.984301887704,0.972972972973,0.972972972973,1,2,0,0,0,0
2053,WLNM_dir_neg,1,0.5,00:00:01,10,50,29,1983614902,threshold_sweep,0.1,1,0.5,0.666666666667,1,0,1,4,0.5,1,0,0.5,1,0.5,0.666666666667,0.833333333333,0.611111111111,0.571428571429,0.632455532034,0.5,37,35,2,0,37,0,35,0,2,17,37,0.136029411765,1.88235294118,4.35294117647,3.36363636364,2.84615384615,1.69341284359,0.389027274878,0.193958664547,2.09866904602,0.964253345467,0.518282988871,1.87867287326,0.863174022847,0.470588235294,0.786197569093,0.41766745858,2.25,1.88235294118,0.786197569093,2.25,0.166339869281,0.0612244897959,3,0.00441176470588,0.185952380952,17,17,17,1,0,0.352941176471,0.411764705882,0.235294117647,17,0.128676470588,1.90196078431,4.11764705882,3.18181818182,2.69230769231,1.57648156274,0.382859808093,0.201680672269,2.01465221053,0.978545359402,0.524369747899,1.74894926439,0.849489642704,0.463865546218,0.814492905316,0.428238537847,2.33333333333,1.90196078431,0.814492905316,2.33333333333,0,0,0,0,0.164242424242,17,17,17,1,0,0.352941176471,0.411764705882,0.235294117647,17,36,0.132352941176,1.89705882353,4.23529411765,3.27272727273,2.76923076923,1.71498585143,0.40492721492,0.204248366013,2.05798302171,0.971825315808,0.522875816993,1.79869233546,0.849382491746,0.464052287582,0.805541469338,0.424626510969,2.25,1.89705882353,0.805541469338,2.25,0.0702614379085,0.0214285714286,1,0.00147058823529,0.175454545455,17,17,17,1,0,0.352941176471,0.411764705882,0.235294117647,-1,-0.00367647058824,0.0147058823529,-0.117647058824,-0.0909090909091,-0.0769230769231,0.0215730078386,0.0158999400418,0.0102897014662,-0.0406860243059,0.00757197034072,0.00459282812224,-0.0799805377942,-0.0137915311015,-0.00653594771242,0.0193439002456,0.00695905238854,0,0.0147058823529,0.0193439002456,0,-0.0960784313725,-0.0397959183673,-2,-0.00294117647059,-0.0104978354978,0,0,0,36,0,1,235,0.972972972973,1,0,0.027027027027,1,0.972972972973,0.986301369863,0.984301887704,0.972972972973,0.972972972973,1,2,0,0,0,0
2054,WLNM_dir_neg,1,0.5,00:00:01,10,50,29,1983614902,threshold_sweep,0.2,1,0.5,0.666666666667,1,0,1,4,0.5,1,0,0.5,1,0.5,0.666666666667,0.833333333333,0.611111111111,0.571428571429,0.632455532034,0.5,37,35,2,0,37,0,35,0,2,17,37,0.136029411765,1.88235294118,4.35294117647,3.36363636364,2.84615384615,1.69341284359,0.389027274878,0.193958664547,2.09866904602,0.964253345467,0.518282988871,1.87867287326,0.863174022847,0.470588235294,0.786197569093,0.41766745858,2.25,1.88235294118,0.786197569093,2.25,0.166339869281,0.0612244897959,3,0.00441176470588,0.185952380952,17,17,17,1,0,0.352941176471,0.411764705882,0.235294117647,17,0.128676470588,1.90196078431,4.11764705882,3.18181818182,2.69230769231,1.57648156274,0.382859808093,0.201680672269,2.01465221053,0.978545359402,0.524369747899,1.74894926439,0.849489642704,0.463865546218,0.814492905316,0.428238537847,2.33333333333,1.90196078431,0.814492905316,2.33333333333,0,0,0,0,0.164242424242,17,17,17,1,0,0.352941176471,0.411764705882,0.235294117647,17,36,0.132352941176,1.89705882353,4.23529411765,3.27272727273,2.76923076923,1.71498585143,0.40492721492,0.204248366013,2.05798302171,0.971825315808,0.522875816993,1.79869233546,0.849382491746,0.464052287582,0.805541469338,0.424626510969,2.25,1.89705882353,0.805541469338,2.25,0.0702614379085,0.0214285714286,1,0.00147058823529,0.175454545455,17,17,17,1,0,0.352941176471,0.411764705882,0.235294117647,-1,-0.00367647058824,0.0147058823529,-0.117647058824,-0.0909090909091,-0.0769230769231,0.0215730078386,0.0158999400418,0.0102897014662,-0.0406860243059,0.00757197034072,0.00459282812224,-0.0799805377942,-0.0137915311015,-0.00653594771242,0.0193439002456,0.00695905238854,0,0.0147058823529,0.0193439002456,0,-0.0960784313725,-0.0397959183673,-2,-0.00294117647059,-0.0104978354978,0,0,0,36,0,1,235,0.972972972973,1,0,0.027027027027,1,0.972972972973,0.986301369863,0.984301887704,0.972972972973,0.972972972973,1,2,0,0,0,0
2055,WLNM_dir_neg,1,0.5,00:00:01,10,50,29,1983614902,threshold_sweep,0.3,1,0.5,0.666666666667,1,0,1,4,0.5,1,0,0.5,1,0.5,0.666666666667,0.833333333333,0.611111111111,0.571428571429,0.632455532034,0.5,37,35,2,0,37,0,35,0,2,17,37,0.136029411765,1.88235294118,4.35294117647,3.36363636364,2.84615384615,1.69341284359,0.389027274878,0.193958664547,2.09866904602,0.964253345467,0.518282988871,1.87867287326,0.863174022847,0.470588235294,0.786197569093,0.41766745858,2.25,1.88235294118,0.786197569093,2.25,0.166339869281,0.0612244897959,3,0.00441176470588,0.185952380952,17,17,17,1,0,0.352941176471,0.411764705882,0.235294117647,17,0.128676470588,1.90196078431,4.11764705882,3.18181818182,2.69230769231,1.57648156274,0.382859808093,0.201680672269,2.01465221053,0.978545359402,0.524369747899,1.74894926439,0.849489642704,0.463865546218,0.814492905316,0.428238537847,2.33333333333,1.90196078431,0.814492905316,2.33333333333,0,0,0,0,0.164242424242,17,17,17,1,0,0.352941176471,0.411764705882,0.235294117647,17,36,0.132352941176,1.89705882353,4.23529411765,3.27272727273,2.76923076923,1.71498585143,0.40492721492,0.204248366013,2.05798302171,0.971825315808,0.522875816993,1.79869233546,0.849382491746,0.464052287582,0.805541469338,0.424626510969,2.25,1.89705882353,0.805541469338,2.25,0.0702614379085,0.0214285714286,1,0.00147058823529,0.175454545455,17,17,17,1,0,0.352941176471,0.411764705882,0.235294117647,-1,-0.00367647058824,0.0147058823529,-0.117647058824,-0.0909090909091,-0.0769230769231,0.0215730078386,0.0158999400418,0.0102897014662,-0.0406860243059,0.00757197034072,0.00459282812224,-0.0799805377942,-0.0137915311015,-0.00653594771242,0.0193439002456,0.00695905238854,0,0.0147058823529,0.0193439002456,0,-0.0960784313725,-0.0397959183673,-2,-0.00294117647059,-0.0104978354978,0,0,0,36,0,1,235,0.972972972973,1,0,0.027027027027,1,0.972972972973,0.986301369863,0.984301887704,0.972972972973,0.972972972973,1,2,0,0,0,0
2056,WLNM_dir_neg,1,0.5,00:00:01,10,50,29,1983614902,threshold_sweep,0.4,1,0.5,0.666666666667,1,0,1,4,0.5,1,0,0.5,1,0.5,0.666666666667,0.833333333333,0.611111111111,0.571428571429,0.632455532034,0.5,37,35,2,0,37,0,35,0,2,17,37,0.136029411765,1.88235294118,4.35294117647,3.36363636364,2.84615384615,1.69341284359,0.389027274878,0.193958664547,2.09866904602,0.964253345467,0.518282988871,1.87867287326,0.863174022847,0.470588235294,0.786197569093,0.41766745858,2.25,1.88235294118,0.786197569093,2.25,0.166339869281,0.0612244897959,3,0.00441176470588,0.185952380952,17,17,17,1,0,0.352941176471,0.411764705882,0.235294117647,17,0.128676470588,1.90196078431,4.11764705882,3.18181818182,2.69230769231,1.57648156274,0.382859808093,0.201680672269,2.01465221053,0.978545359402,0.524369747899,1.74894926439,0.849489642704,0.463865546218,0.814492905316,0.428238537847,2.33333333333,1.90196078431,0.814492905316,2.33333333333,0,0,0,0,0.164242424242,17,17,17,1,0,0.352941176471,0.411764705882,0.235294117647,17,36,0.132352941176,1.89705882353,4.23529411765,3.27272727273,2.76923076923,1.71498585143,0.40492721492,0.204248366013,2.05798302171,0.971825315808,0.522875816993,1.79869233546,0.849382491746,0.464052287582,0.805541469338,0.424626510969,2.25,1.89705882353,0.805541469338,2.25,0.0702614379085,0.0214285714286,1,0.00147058823529,0.175454545455,17,17,17,1,0,0.352941176471,0.411764705882,0.235294117647,-1,-0.00367647058824,0.0147058823529,-0.117647058824,-0.0909090909091,-0.0769230769231,0.0215730078386,0.0158999400418,0.0102897014662,-0.0406860243059,0.00757197034072,0.00459282812224,-0.0799805377942,-0.0137915311015,-0.00653594771242,0.0193439002456,0.00695905238854,0,0.0147058823529,0.0193439002456,0,-0.0960784313725,-0.0397959183673,-2,-0.00294117647059,-0.0104978354978,0,0,0,36,0,1,235,0.972972972973,1,0,0.027027027027,1,0.972972972973,0.986301369863,0.984301887704,0.972972972973,0.972972972973,1,2,0,0,0,0
2057,WLNM_dir_neg,1,0.5,00:00:01,10,50,29,1983614902,threshold_sweep,0.5,1,0.5,0.666666666667,1,0,1,4,0.5,1,0,0.5,1,0.5,0.666666666667,0.833333333333,0.611111111111,0.571428571429,0.632455532034,0.5,37,35,2,0,37,0,35,0,2,17,37,0.136029411765,1.88235294118,4.35294117647,3.36363636364,2.84615384615,1.69341284359,0.389027274878,0.193958664547,2.09866904602,0.964253345467,0.518282988871,1.87867287326,0.863174022847,0.470588235294,0.786197569093,0.41766745858,2.25,1.88235294118,0.786197569093,2.25,0.166339869281,0.0612244897959,3,0.00441176470588,0.185952380952,17,17,17,1,0,0.352941176471,0.411764705882,0.235294117647,17,0.128676470588,1.90196078431,4.11764705882,3.18181818182,2.69230769231,1.57648156274,0.382859808093,0.201680672269,2.01465221053,0.978545359402,0.524369747899,1.74894926439,0.849489642704,0.463865546218,0.814492905316,0.428238537847,2.33333333333,1.90196078431,0.814492905316,2.33333333333,0,0,0,0,0.164242424242,17,17,17,1,0,0.352941176471,0.411764705882,0.235294117647,17,36,0.132352941176,1.89705882353,4.23529411765,3.27272727273,2.76923076923,1.71498585143,0.40492721492,0.204248366013,2.05798302171,0.971825315808,0.522875816993,1.79869233546,0.849382491746,0.464052287582,0.805541469338,0.424626510969,2.25,1.89705882353,0.805541469338,2.25,0.0702614379085,0.0214285714286,1,0.00147058823529,0.175454545455,17,17,17,1,0,0.352941176471,0.411764705882,0.235294117647,-1,-0.00367647058824,0.0147058823529,-0.117647058824,-0.0909090909091,-0.0769230769231,0.0215730078386,0.0158999400418,0.0102897014662,-0.0406860243059,0.00757197034072,0.00459282812224,-0.0799805377942,-0.0137915311015,-0.00653594771242,0.0193439002456,0.00695905238854,0,0.0147058823529,0.0193439002456,0,-0.0960784313725,-0.0397959183673,-2,-0.00294117647059,-0.0104978354978,0,0,0,36,0,1,235,0.972972972973,1,0,0.027027027027,1,0.972972972973,0.986301369863,0.984301887704,0.972972972973,0.972972972973,1,2,0,0,0,0
2058,WLNM_dir_neg,1,0.5,00:00:01,10,50,29,1983614902,threshold_sweep,0.6,1,0.5,0.666666666667,1,0,1,4,0.5,1,0,0.5,1,0.5,0.666666666667,0.833333333333,0.611111111111,0.571428571429,0.632455532034,0.5,37,35,2,0,37,0,35,0,2,17,37,0.136029411765,1.88235294118,4.35294117647,3.36363636364,2.84615384615,1.69341284359,0.389027274878,0.193958664547,2.09866904602,0.964253345467,0.518282988871,1.87867287326,0.863174022847,0.470588235294,0.786197569093,0.41766745858,2.25,1.88235294118,0.786197569093,2.25,0.166339869281,0.0612244897959,3,0.00441176470588,0.185952380952,17,17,17,1,0,0.352941176471,0.411764705882,0.235294117647,17,0.128676470588,1.90196078431,4.11764705882,3.18181818182,2.69230769231,1.57648156274,0.382859808093,0.201680672269,2.01465221053,0.978545359402,0.524369747899,1.74894926439,0.849489642704,0.463865546218,0.814492905316,0.428238537847,2.33333333333,1.90196078431,0.814492905316,2.33333333333,0,0,0,0,0.164242424242,17,17,17,1,0,0.352941176471,0.411764705882,0.235294117647,17,36,0.132352941176,1.89705882353,4.23529411765,3.27272727273,2.76923076923,1.71498585143,0.40492721492,0.204248366013,2.05798302171,0.971825315808,0.522875816993,1.79869233546,0.849382491746,0.464052287582,0.805541469338,0.424626510969,2.25,1.89705882353,0.805541469338,2.25,0.0702614379085,0.0214285714286,1,0.00147058823529,0.175454545455,17,17,17,1,0,0.352941176471,0.411764705882,0.235294117647,-1,-0.00367647058824,0.0147058823529,-0.117647058824,-0.0909090909091,-0.0769230769231,0.0215730078386,0.0158999400418,0.0102897014662,-0.0406860243059,0.00757197034072,0.00459282812224,-0.0799805377942,-0.0137915311015,-0.00653594771242,0.0193439002456,0.00695905238854,0,0.0147058823529,0.0193439002456,0,-0.0960784313725,-0.0397959183673,-2,-0.00294117647059,-0.0104978354978,0,0,0,36,0,1,235,0.972972972973,1,0,0.027027027027,1,0.972972972973,0.986301369863,0.984301887704,0.972972972973,0.972972972973,1,2,0,0,0,0
2059,WLNM_dir_neg,1,0.5,00:00:01,10,50,29,1983614902,threshold_sweep,0.7,1,0.5,0.666666666667,1,0,1,4,0.5,1,0,0.5,1,0.5,0.666666666667,0.833333333333,0.611111111111,0.571428571429,0.632455532034,0.5,37,35,2,0,37,0,35,0,2,17,37,0.136029411765,1.88235294118,4.35294117647,3.36363636364,2.84615384615,1.69341284359,0.389027274878,0.193958664547,2.09866904602,0.964253345467,0.518282988871,1.87867287326,0.863174022847,0.470588235294,0.786197569093,0.41766745858,2.25,1.88235294118,0.786197569093,2.25,0.166339869281,0.0612244897959,3,0.00441176470588,0.185952380952,17,17,17,1,0,0.352941176471,0.411764705882,0.235294117647,17,0.128676470588,1.90196078431,4.11764705882,3.18181818182,2.69230769231,1.57648156274,0.382859808093,0.201680672269,2.01465221053,0.978545359402,0.524369747899,1.74894926439,0.849489642704,0.463865546218,0.814492905316,0.428238537847,2.33333333333,1.90196078431,0.814492905316,2.33333333333,0,0,0,0,0.164242424242,17,17,17,1,0,0.352941176471,0.411764705882,0.235294117647,17,36,0.132352941176,1.89705882353,4.23529411765,3.27272727273,2.76923076923,1.71498585143,0.40492721492,0.204248366013,2.05798302171,0.971825315808,0.522875816993,1.79869233546,0.849382491746,0.464052287582,0.805541469338,0.424626510969,2.25,1.89705882353,0.805541469338,2.25,0.0702614379085,0.0214285714286,1,0.00147058823529,0.175454545455,17,17,17,1,0,0.352941176471,0.411764705882,0.235294117647,-1,-0.00367647058824,0.0147058823529,-0.117647058824,-0.0909090909091,-0.0769230769231,0.0215730078386,0.0158999400418,0.0102897014662,-0.0406860243059,0.00757197034072,0.00459282812224,-0.0799805377942,-0.0137915311015,-0.00653594771242,0.0193439002456,0.00695905238854,0,0.0147058823529,0.0193439002456,0,-0.0960784313725,-0.0397959183673,-2,-0.00294117647059,-0.0104978354978,0,0,0,36,0,1,235,0.972972972973,1,0,0.027027027027,1,0.972972972973,0.986301369863,0.984301887704,0.972972972973,0.972972972973,1,2,0,0,0,0
2060,WLNM_dir_neg,1,0.5,00:00:01,10,50,29,1983614902,threshold_sweep,0.8,1,0.5,0.666666666667,1,0,1,4,0.5,1,0,0.5,1,0.5,0.666666666667,0.833333333333,0.611111111111,0.571428571429,0.632455532034,0.5,37,35,2,0,37,0,35,0,2,17,37,0.136029411765,1.88235294118,4.35294117647,3.36363636364,2.84615384615,1.69341284359,0.389027274878,0.193958664547,2.09866904602,0.964253345467,0.518282988871,1.87867287326,0.863174022847,0.470588235294,0.786197569093,0.41766745858,2.25,1.88235294118,0.786197569093,2.25,0.166339869281,0.0612244897959,3,0.00441176470588,0.185952380952,17,17,17,1,0,0.352941176471,0.411764705882,0.235294117647,17,0.128676470588,1.90196078431,4.11764705882,3.18181818182,2.69230769231,1.57648156274,0.382859808093,0.201680672269,2.01465221053,0.978545359402,0.524369747899,1.74894926439,0.849489642704,0.463865546218,0.814492905316,0.428238537847,2.33333333333,1.90196078431,0.814492905316,2.33333333333,0,0,0,0,0.164242424242,17,17,17,1,0,0.352941176471,0.411764705882,0.235294117647,17,36,0.132352941176,1.89705882353,4.23529411765,3.27272727273,2.76923076923,1.71498585143,0.40492721492,0.204248366013,2.05798302171,0.971825315808,0.522875816993,1.79869233546,0.849382491746,0.464052287582,0.805541469338,0.424626510969,2.25,1.89705882353,0.805541469338,2.25,0.0702614379085,0.0214285714286,1,0.00147058823529,0.175454545455,17,17,17,1,0,0.352941176471,0.411764705882,0.235294117647,-1,-0.00367647058824,0.0147058823529,-0.117647058824,-0.0909090909091,-0.0769230769231,0.0215730078386,0.0158999400418,0.0102897014662,-0.0406860243059,0.00757197034072,0.00459282812224,-0.0799805377942,-0.0137915311015,-0.00653594771242,0.0193439002456,0.00695905238854,0,0.0147058823529,0.0193439002456,0,-0.0960784313725,-0.0397959183673,-2,-0.00294117647059,-0.0104978354978,0,0,0,36,0,1,235,0.972972972973,1,0,0.027027027027,1,0.972972972973,0.986301369863,0.984301887704,0.972972972973,0.972972972973,1,2,0,0,0,0
2061,WLNM_dir_neg,1,0.5,00:00:01,10,50,29,1983614902,threshold_sweep,0.9,1,0.5,0.666666666667,1,0,1,4,0.5,1,0,0.5,1,0.5,0.666666666667,0.833333333333,0.611111111111,0.571428571429,0.632455532034,0.5,37,35,2,0,37,0,35,0,2,17,37,0.136029411765,1.88235294118,4.35294117647,3.36363636364,2.84615384615,1.69341284359,0.389027274878,0.193958664547,2.09866904602,0.964253345467,0.518282988871,1.87867287326,0.863174022847,0.470588235294,0.786197569093,0.41766745858,2.25,1.88235294118,0.786197569093,2.25,0.166339869281,0.0612244897959,3,0.00441176470588,0.185952380952,17,17,17,1,0,0.352941176471,0.411764705882,0.235294117647,17,0.128676470588,1.90196078431,4.11764705882,3.18181818182,2.69230769231,1.57648156274,0.382859808093,0.201680672269,2.01465221053,0.978545359402,0.524369747899,1.74894926439,0.849489642704,0.463865546218,0.814492905316,0.428238537847,2.33333333333,1.90196078431,0.814492905316,2.33333333333,0,0,0,0,0.164242424242,17,17,17,1,0,0.352941176471,0.411764705882,0.235294117647,17,36,0.132352941176,1.89705882353,4.23529411765,3.27272727273,2.76923076923,1.71498585143,0.40492721492,0.204248366013,2.05798302171,0.971825315808,0.522875816993,1.79869233546,0.849382491746,0.464052287582,0.805541469338,0.424626510969,2.25,1.89705882353,0.805541469338,2.25,0.0702614379085,0.0214285714286,1,0.00147058823529,0.175454545455,17,17,17,1,0,0.352941176471,0.411764705882,0.235294117647,-1,-0.00367647058824,0.0147058823529,-0.117647058824,-0.0909090909091,-0.0769230769231,0.0215730078386,0.0158999400418,0.0102897014662,-0.0406860243059,0.00757197034072,0.00459282812224,-0.0799805377942,-0.0137915311015,-0.00653594771242,0.0193439002456,0.00695905238854,0,0.0147058823529,0.0193439002456,0,-0.0960784313725,-0.0397959183673,-2,-0.00294117647059,-0.0104978354978,0,0,0,36,0,1,235,0.972972972973,1,0,0.027027027027,1,0.972972972973,0.986301369863,0.984301887704,0.972972972973,0.972972972973,1,2,0,0,0,0
2062,WLNM_dir_neg,1,0.5,00:00:02,10,50,30,1983614903,threshold_sweep,0.1,1,1,1,2,0,0,4,1,1,0,0,1,1,1,1,0.555555555556,1,1,1,37,35,2,0,37,0,35,0,2,17,37,0.136029411765,1.88235294118,4.35294117647,3.36363636364,2.84615384615,1.69341284359,0.389027274878,0.193958664547,2.09866904602,0.964253345467,0.518282988871,1.87867287326,0.863174022847,0.470588235294,0.786197569093,0.41766745858,2.25,1.88235294118,0.786197569093,2.25,0.166339869281,0.0612244897959,3,0.00441176470588,0.185952380952,17,17,17,1,0,0.352941176471,0.411764705882,0.235294117647,17,0.128676470588,1.90196078431,4.11764705882,3.18181818182,2.69230769231,1.57648156274,0.382859808093,0.201680672269,2.01465221053,0.978545359402,0.524369747899,1.74894926439,0.849489642704,0.463865546218,0.814492905316,0.428238537847,2.33333333333,1.90196078431,0.814492905316,2.33333333333,0,0,0,0,0.164242424242,17,17,17,1,0,0.352941176471,0.411764705882,0.235294117647,17,37,0.136029411765,1.88235294118,4.35294117647,3.36363636364,2.84615384615,1.69341284359,0.389027274878,0.193958664547,2.09866904602,0.964253345467,0.518282988871,1.87867287326,0.863174022847,0.470588235294,0.786197569093,0.41766745858,2.25,1.88235294118,0.786197569093,2.25,0.166339869281,0.0612244897959,3,0.00441176470588,0.185952380952,17,17,17,1,0,0.352941176471,0.411764705882,0.235294117647,0,0,0,0,0,0,0,0,0,0,0,0,0,0,0,0,0,0,0,0,0,0,0,0,0,0,0,0,0,37,0,0,235,1,1,0,0,1,1,1,1,1,1,2,2,0,0,0,0
2063,WLNM_dir_neg,1,0.5,00:00:02,10,50,30,1983614903,threshold_sweep,0.2,1,1,1,2,0,0,4,1,1,0,0,1,1,1,1,0.555555555556,1,1,1,37,35,2,0,37,0,35,0,2,17,37,0.136029411765,1.88235294118,4.35294117647,3.36363636364,2.84615384615,1.69341284359,0.389027274878,0.193958664547,2.09866904602,0.964253345467,0.518282988871,1.87867287326,0.863174022847,0.470588235294,0.786197569093,0.41766745858,2.25,1.88235294118,0.786197569093,2.25,0.166339869281,0.0612244897959,3,0.00441176470588,0.185952380952,17,17,17,1,0,0.352941176471,0.411764705882,0.235294117647,17,0.128676470588,1.90196078431,4.11764705882,3.18181818182,2.69230769231,1.57648156274,0.382859808093,0.201680672269,2.01465221053,0.978545359402,0.524369747899,1.74894926439,0.849489642704,0.463865546218,0.814492905316,0.428238537847,2.33333333333,1.90196078431,0.814492905316,2.33333333333,0,0,0,0,0.164242424242,17,17,17,1,0,0.352941176471,0.411764705882,0.235294117647,17,37,0.136029411765,1.88235294118,4.35294117647,3.36363636364,2.84615384615,1.69341284359,0.389027274878,0.193958664547,2.09866904602,0.964253345467,0.518282988871,1.87867287326,0.863174022847,0.470588235294,0.786197569093,0.41766745858,2.25,1.88235294118,0.786197569093,2.25,0.166339869281,0.0612244897959,3,0.00441176470588,0.185952380952,17,17,17,1,0,0.352941176471,0.411764705882,0.235294117647,0,0,0,0,0,0,0,0,0,0,0,0,0,0,0,0,0,0,0,0,0,0,0,0,0,0,0,0,0,37,0,0,235,1,1,0,0,1,1,1,1,1,1,2,2,0,0,0,0
2064,WLNM_dir_neg,1,0.5,00:00:02,10,50,30,1983614903,threshold_sweep,0.3,1,1,1,2,0,0,4,1,1,0,0,1,1,1,1,0.555555555556,1,1,1,37,35,2,0,37,0,35,0,2,17,37,0.136029411765,1.88235294118,4.35294117647,3.36363636364,2.84615384615,1.69341284359,0.389027274878,0.193958664547,2.09866904602,0.964253345467,0.518282988871,1.87867287326,0.863174022847,0.470588235294,0.786197569093,0.41766745858,2.25,1.88235294118,0.786197569093,2.25,0.166339869281,0.0612244897959,3,0.00441176470588,0.185952380952,17,17,17,1,0,0.352941176471,0.411764705882,0.235294117647,17,0.128676470588,1.90196078431,4.11764705882,3.18181818182,2.69230769231,1.57648156274,0.382859808093,0.201680672269,2.01465221053,0.978545359402,0.524369747899,1.74894926439,0.849489642704,0.463865546218,0.814492905316,0.428238537847,2.33333333333,1.90196078431,0.814492905316,2.33333333333,0,0,0,0,0.164242424242,17,17,17,1,0,0.352941176471,0.411764705882,0.235294117647,17,37,0.136029411765,1.88235294118,4.35294117647,3.36363636364,2.84615384615,1.69341284359,0.389027274878,0.193958664547,2.09866904602,0.964253345467,0.518282988871,1.87867287326,0.863174022847,0.470588235294,0.786197569093,0.41766745858,2.25,1.88235294118,0.786197569093,2.25,0.166339869281,0.0612244897959,3,0.00441176470588,0.185952380952,17,17,17,1,0,0.352941176471,0.411764705882,0.235294117647,0,0,0,0,0,0,0,0,0,0,0,0,0,0,0,0,0,0,0,0,0,0,0,0,0,0,0,0,0,37,0,0,235,1,1,0,0,1,1,1,1,1,1,2,2,0,0,0,0
2065,WLNM_dir_neg,1,0.5,00:00:02,10,50,30,1983614903,threshold_sweep,0.4,1,1,1,2,0,0,4,1,1,0,0,1,1,1,1,0.555555555556,1,1,1,37,35,2,0,37,0,35,0,2,17,37,0.136029411765,1.88235294118,4.35294117647,3.36363636364,2.84615384615,1.69341284359,0.389027274878,0.193958664547,2.09866904602,0.964253345467,0.518282988871,1.87867287326,0.863174022847,0.470588235294,0.786197569093,0.41766745858,2.25,1.88235294118,0.786197569093,2.25,0.166339869281,0.0612244897959,3,0.00441176470588,0.185952380952,17,17,17,1,0,0.352941176471,0.411764705882,0.235294117647,17,0.128676470588,1.90196078431,4.11764705882,3.18181818182,2.69230769231,1.57648156274,0.382859808093,0.201680672269,2.01465221053,0.978545359402,0.524369747899,1.74894926439,0.849489642704,0.463865546218,0.814492905316,0.428238537847,2.33333333333,1.90196078431,0.814492905316,2.33333333333,0,0,0,0,0.164242424242,17,17,17,1,0,0.352941176471,0.411764705882,0.235294117647,17,37,0.136029411765,1.88235294118,4.35294117647,3.36363636364,2.84615384615,1.69341284359,0.389027274878,0.193958664547,2.09866904602,0.964253345467,0.518282988871,1.87867287326,0.863174022847,0.470588235294,0.786197569093,0.41766745858,2.25,1.88235294118,0.786197569093,2.25,0.166339869281,0.0612244897959,3,0.00441176470588,0.185952380952,17,17,17,1,0,0.352941176471,0.411764705882,0.235294117647,0,0,0,0,0,0,0,0,0,0,0,0,0,0,0,0,0,0,0,0,0,0,0,0,0,0,0,0,0,37,0,0,235,1,1,0,0,1,1,1,1,1,1,2,2,0,0,0,0
2066,WLNM_dir_neg,1,0.5,00:00:02,10,50,30,1983614903,threshold_sweep,0.5,1,1,1,2,0,0,4,1,1,0,0,1,1,1,1,0.555555555556,1,1,1,37,35,2,0,37,0,35,0,2,17,37,0.136029411765,1.88235294118,4.35294117647,3.36363636364,2.84615384615,1.69341284359,0.389027274878,0.193958664547,2.09866904602,0.964253345467,0.518282988871,1.87867287326,0.863174022847,0.470588235294,0.786197569093,0.41766745858,2.25,1.88235294118,0.786197569093,2.25,0.166339869281,0.0612244897959,3,0.00441176470588,0.185952380952,17,17,17,1,0,0.352941176471,0.411764705882,0.235294117647,17,0.128676470588,1.90196078431,4.11764705882,3.18181818182,2.69230769231,1.57648156274,0.382859808093,0.201680672269,2.01465221053,0.978545359402,0.524369747899,1.74894926439,0.849489642704,0.463865546218,0.814492905316,0.428238537847,2.33333333333,1.90196078431,0.814492905316,2.33333333333,0,0,0,0,0.164242424242,17,17,17,1,0,0.352941176471,0.411764705882,0.235294117647,17,37,0.136029411765,1.88235294118,4.35294117647,3.36363636364,2.84615384615,1.69341284359,0.389027274878,0.193958664547,2.09866904602,0.964253345467,0.518282988871,1.87867287326,0.863174022847,0.470588235294,0.786197569093,0.41766745858,2.25,1.88235294118,0.786197569093,2.25,0.166339869281,0.0612244897959,3,0.00441176470588,0.185952380952,17,17,17,1,0,0.352941176471,0.411764705882,0.235294117647,0,0,0,0,0,0,0,0,0,0,0,0,0,0,0,0,0,0,0,0,0,0,0,0,0,0,0,0,0,37,0,0,235,1,1,0,0,1,1,1,1,1,1,2,2,0,0,0,0
2067,WLNM_dir_neg,1,0.5,00:00:02,10,50,30,1983614903,threshold_sweep,0.6,1,1,1,2,0,0,4,1,1,0,0,1,1,1,1,0.555555555556,1,1,1,37,35,2,0,37,0,35,0,2,17,37,0.136029411765,1.88235294118,4.35294117647,3.36363636364,2.84615384615,1.69341284359,0.389027274878,0.193958664547,2.09866904602,0.964253345467,0.518282988871,1.87867287326,0.863174022847,0.470588235294,0.786197569093,0.41766745858,2.25,1.88235294118,0.786197569093,2.25,0.166339869281,0.0612244897959,3,0.00441176470588,0.185952380952,17,17,17,1,0,0.352941176471,0.411764705882,0.235294117647,17,0.128676470588,1.90196078431,4.11764705882,3.18181818182,2.69230769231,1.57648156274,0.382859808093,0.201680672269,2.01465221053,0.978545359402,0.524369747899,1.74894926439,0.849489642704,0.463865546218,0.814492905316,0.428238537847,2.33333333333,1.90196078431,0.814492905316,2.33333333333,0,0,0,0,0.164242424242,17,17,17,1,0,0.352941176471,0.411764705882,0.235294117647,17,37,0.136029411765,1.88235294118,4.35294117647,3.36363636364,2.84615384615,1.69341284359,0.389027274878,0.193958664547,2.09866904602,0.964253345467,0.518282988871,1.87867287326,0.863174022847,0.470588235294,0.786197569093,0.41766745858,2.25,1.88235294118,0.786197569093,2.25,0.166339869281,0.0612244897959,3,0.00441176470588,0.185952380952,17,17,17,1,0,0.352941176471,0.411764705882,0.235294117647,0,0,0,0,0,0,0,0,0,0,0,0,0,0,0,0,0,0,0,0,0,0,0,0,0,0,0,0,0,37,0,0,235,1,1,0,0,1,1,1,1,1,1,2,2,0,0,0,0
2068,WLNM_dir_neg,1,0.5,00:00:02,10,50,30,1983614903,threshold_sweep,0.7,1,1,1,2,0,0,4,1,1,0,0,1,1,1,1,0.555555555556,1,1,1,37,35,2,0,37,0,35,0,2,17,37,0.136029411765,1.88235294118,4.35294117647,3.36363636364,2.84615384615,1.69341284359,0.389027274878,0.193958664547,2.09866904602,0.964253345467,0.518282988871,1.87867287326,0.863174022847,0.470588235294,0.786197569093,0.41766745858,2.25,1.88235294118,0.786197569093,2.25,0.166339869281,0.0612244897959,3,0.00441176470588,0.185952380952,17,17,17,1,0,0.352941176471,0.411764705882,0.235294117647,17,0.128676470588,1.90196078431,4.11764705882,3.18181818182,2.69230769231,1.57648156274,0.382859808093,0.201680672269,2.01465221053,0.978545359402,0.524369747899,1.74894926439,0.849489642704,0.463865546218,0.814492905316,0.428238537847,2.33333333333,1.90196078431,0.814492905316,2.33333333333,0,0,0,0,0.164242424242,17,17,17,1,0,0.352941176471,0.411764705882,0.235294117647,17,37,0.136029411765,1.88235294118,4.35294117647,3.36363636364,2.84615384615,1.69341284359,0.389027274878,0.193958664547,2.09866904602,0.964253345467,0.518282988871,1.87867287326,0.863174022847,0.470588235294,0.786197569093,0.41766745858,2.25,1.88235294118,0.786197569093,2.25,0.166339869281,0.0612244897959,3,0.00441176470588,0.185952380952,17,17,17,1,0,0.352941176471,0.411764705882,0.235294117647,0,0,0,0,0,0,0,0,0,0,0,0,0,0,0,0,0,0,0,0,0,0,0,0,0,0,0,0,0,37,0,0,235,1,1,0,0,1,1,1,1,1,1,2,2,0,0,0,0
2069,WLNM_dir_neg,1,0.5,00:00:02,10,50,30,1983614903,threshold_sweep,0.8,1,1,1,2,0,0,4,1,1,0,0,1,1,1,1,0.555555555556,1,1,1,37,35,2,0,37,0,35,0,2,17,37,0.136029411765,1.88235294118,4.35294117647,3.36363636364,2.84615384615,1.69341284359,0.389027274878,0.193958664547,2.09866904602,0.964253345467,0.518282988871,1.87867287326,0.863174022847,0.470588235294,0.786197569093,0.41766745858,2.25,1.88235294118,0.786197569093,2.25,0.166339869281,0.0612244897959,3,0.00441176470588,0.185952380952,17,17,17,1,0,0.352941176471,0.411764705882,0.235294117647,17,0.128676470588,1.90196078431,4.11764705882,3.18181818182,2.69230769231,1.57648156274,0.382859808093,0.201680672269,2.01465221053,0.978545359402,0.524369747899,1.74894926439,0.849489642704,0.463865546218,0.814492905316,0.428238537847,2.33333333333,1.90196078431,0.814492905316,2.33333333333,0,0,0,0,0.164242424242,17,17,17,1,0,0.352941176471,0.411764705882,0.235294117647,17,37,0.136029411765,1.88235294118,4.35294117647,3.36363636364,2.84615384615,1.69341284359,0.389027274878,0.193958664547,2.09866904602,0.964253345467,0.518282988871,1.87867287326,0.863174022847,0.470588235294,0.786197569093,0.41766745858,2.25,1.88235294118,0.786197569093,2.25,0.166339869281,0.0612244897959,3,0.00441176470588,0.185952380952,17,17,17,1,0,0.352941176471,0.411764705882,0.235294117647,0,0,0,0,0,0,0,0,0,0,0,0,0,0,0,0,0,0,0,0,0,0,0,0,0,0,0,0,0,37,0,0,235,1,1,0,0,1,1,1,1,1,1,2,2,0,0,0,0
2070,WLNM_dir_neg,1,0.5,00:00:02,10,50,30,1983614903,threshold_sweep,0.9,1,1,1,2,0,0,4,1,1,0,0,1,1,1,1,0.555555555556,1,1,1,37,35,2,0,37,0,35,0,2,17,37,0.136029411765,1.88235294118,4.35294117647,3.36363636364,2.84615384615,1.69341284359,0.389027274878,0.193958664547,2.09866904602,0.964253345467,0.518282988871,1.87867287326,0.863174022847,0.470588235294,0.786197569093,0.41766745858,2.25,1.88235294118,0.786197569093,2.25,0.166339869281,0.0612244897959,3,0.00441176470588,0.185952380952,17,17,17,1,0,0.352941176471,0.411764705882,0.235294117647,17,0.128676470588,1.90196078431,4.11764705882,3.18181818182,2.69230769231,1.57648156274,0.382859808093,0.201680672269,2.01465221053,0.978545359402,0.524369747899,1.74894926439,0.849489642704,0.463865546218,0.814492905316,0.428238537847,2.33333333333,1.90196078431,0.814492905316,2.33333333333,0,0,0,0,0.164242424242,17,17,17,1,0,0.352941176471,0.411764705882,0.235294117647,17,37,0.136029411765,1.88235294118,4.35294117647,3.36363636364,2.84615384615,1.69341284359,0.389027274878,0.193958664547,2.09866904602,0.964253345467,0.518282988871,1.87867287326,0.863174022847,0.470588235294,0.786197569093,0.41766745858,2.25,1.88235294118,0.786197569093,2.25,0.166339869281,0.0612244897959,3,0.00441176470588,0.185952380952,17,17,17,1,0,0.352941176471,0.411764705882,0.235294117647,0,0,0,0,0,0,0,0,0,0,0,0,0,0,0,0,0,0,0,0,0,0,0,0,0,0,0,0,0,37,0,0,235,1,1,0,0,1,1,1,1,1,1,2,2,0,0,0,0
2071,WLNM_dir_neg,1,0.5,00:00:02,10,50,31,1983614904,threshold_sweep,0.1,1,1,1,2,0,0,4,1,1,0,0,1,1,1,1,0.555555555556,1,1,1,37,35,2,0,37,0,35,0,2,17,37,0.136029411765,1.88235294118,4.35294117647,3.36363636364,2.84615384615,1.69341284359,0.389027274878,0.193958664547,2.09866904602,0.964253345467,0.518282988871,1.87867287326,0.863174022847,0.470588235294,0.786197569093,0.41766745858,2.25,1.88235294118,0.786197569093,2.25,0.166339869281,0.0612244897959,3,0.00441176470588,0.185952380952,17,17,17,1,0,0.352941176471,0.411764705882,0.235294117647,17,0.128676470588,1.90196078431,4.11764705882,3.18181818182,2.69230769231,1.57648156274,0.382859808093,0.201680672269,2.01465221053,0.978545359402,0.524369747899,1.74894926439,0.849489642704,0.463865546218,0.814492905316,0.428238537847,2.33333333333,1.90196078431,0.814492905316,2.33333333333,0,0,0,0,0.164242424242,17,17,17,1,0,0.352941176471,0.411764705882,0.235294117647,17,37,0.136029411765,1.88235294118,4.35294117647,3.36363636364,2.84615384615,1.69341284359,0.389027274878,0.193958664547,2.09866904602,0.964253345467,0.518282988871,1.87867287326,0.863174022847,0.470588235294,0.786197569093,0.41766745858,2.25,1.88235294118,0.786197569093,2.25,0.166339869281,0.0612244897959,3,0.00441176470588,0.185952380952,17,17,17,1,0,0.352941176471,0.411764705882,0.235294117647,0,0,0,0,0,0,0,0,0,0,0,0,0,0,0,0,0,0,0,0,0,0,0,0,0,0,0,0,0,37,0,0,235,1,1,0,0,1,1,1,1,1,1,2,2,0,0,0,0
2072,WLNM_dir_neg,1,0.5,00:00:02,10,50,31,1983614904,threshold_sweep,0.2,1,1,1,2,0,0,4,1,1,0,0,1,1,1,1,0.555555555556,1,1,1,37,35,2,0,37,0,35,0,2,17,37,0.136029411765,1.88235294118,4.35294117647,3.36363636364,2.84615384615,1.69341284359,0.389027274878,0.193958664547,2.09866904602,0.964253345467,0.518282988871,1.87867287326,0.863174022847,0.470588235294,0.786197569093,0.41766745858,2.25,1.88235294118,0.786197569093,2.25,0.166339869281,0.0612244897959,3,0.00441176470588,0.185952380952,17,17,17,1,0,0.352941176471,0.411764705882,0.235294117647,17,0.128676470588,1.90196078431,4.11764705882,3.18181818182,2.69230769231,1.57648156274,0.382859808093,0.201680672269,2.01465221053,0.978545359402,0.524369747899,1.74894926439,0.849489642704,0.463865546218,0.814492905316,0.428238537847,2.33333333333,1.90196078431,0.814492905316,2.33333333333,0,0,0,0,0.164242424242,17,17,17,1,0,0.352941176471,0.411764705882,0.235294117647,17,37,0.136029411765,1.88235294118,4.35294117647,3.36363636364,2.84615384615,1.69341284359,0.389027274878,0.193958664547,2.09866904602,0.964253345467,0.518282988871,1.87867287326,0.863174022847,0.470588235294,0.786197569093,0.41766745858,2.25,1.88235294118,0.786197569093,2.25,0.166339869281,0.0612244897959,3,0.00441176470588,0.185952380952,17,17,17,1,0,0.352941176471,0.411764705882,0.235294117647,0,0,0,0,0,0,0,0,0,0,0,0,0,0,0,0,0,0,0,0,0,0,0,0,0,0,0,0,0,37,0,0,235,1,1,0,0,1,1,1,1,1,1,2,2,0,0,0,0
2073,WLNM_dir_neg,1,0.5,00:00:02,10,50,31,1983614904,threshold_sweep,0.3,1,0.5,0.666666666667,1,0,1,4,0.5,1,0,0.5,1,0.5,0.666666666667,0.833333333333,0.611111111111,0.571428571429,0.632455532034,0.5,37,35,2,0,37,0,35,0,2,17,37,0.136029411765,1.88235294118,4.35294117647,3.36363636364,2.84615384615,1.69341284359,0.389027274878,0.193958664547,2.09866904602,0.964253345467,0.518282988871,1.87867287326,0.863174022847,0.470588235294,0.786197569093,0.41766745858,2.25,1.88235294118,0.786197569093,2.25,0.166339869281,0.0612244897959,3,0.00441176470588,0.185952380952,17,17,17,1,0,0.352941176471,0.411764705882,0.235294117647,17,0.128676470588,1.90196078431,4.11764705882,3.18181818182,2.69230769231,1.57648156274,0.382859808093,0.201680672269,2.01465221053,0.978545359402,0.524369747899,1.74894926439,0.849489642704,0.463865546218,0.814492905316,0.428238537847,2.33333333333,1.90196078431,0.814492905316,2.33333333333,0,0,0,0,0.164242424242,17,17,17,1,0,0.352941176471,0.411764705882,0.235294117647,17,36,0.132352941176,1.89705882353,4.23529411765,3.27272727273,2.76923076923,1.71498585143,0.40492721492,0.204248366013,2.05798302171,0.971825315808,0.522875816993,1.79869233546,0.849382491746,0.464052287582,0.805541469338,0.424626510969,2.25,1.89705882353,0.805541469338,2.25,0.0702614379085,0.0214285714286,1,0.00147058823529,0.175454545455,17,17,17,1,0,0.352941176471,0.411764705882,0.235294117647,-1,-0.00367647058824,0.0147058823529,-0.117647058824,-0.0909090909091,-0.0769230769231,0.0215730078386,0.0158999400418,0.0102897014662,-0.0406860243059,0.00757197034072,0.00459282812224,-0.0799805377942,-0.0137915311015,-0.00653594771242,0.0193439002456,0.00695905238854,0,0.0147058823529,0.0193439002456,0,-0.0960784313725,-0.0397959183673,-2,-0.00294117647059,-0.0104978354978,0,0,0,36,0,1,235,0.972972972973,1,0,0.027027027027,1,0.972972972973,0.986301369863,0.984301887704,0.972972972973,0.972972972973,1,2,0,0,0,0
2074,WLNM_dir_neg,1,0.5,00:00:02,10,50,31,1983614904,threshold_sweep,0.4,1,0.5,0.666666666667,1,0,1,4,0.5,1,0,0.5,1,0.5,0.666666666667,0.833333333333,0.611111111111,0.571428571429,0.632455532034,0.5,37,35,2,0,37,0,35,0,2,17,37,0.136029411765,1.88235294118,4.35294117647,3.36363636364,2.84615384615,1.69341284359,0.389027274878,0.193958664547,2.09866904602,0.964253345467,0.518282988871,1.87867287326,0.863174022847,0.470588235294,0.786197569093,0.41766745858,2.25,1.88235294118,0.786197569093,2.25,0.166339869281,0.0612244897959,3,0.00441176470588,0.185952380952,17,17,17,1,0,0.352941176471,0.411764705882,0.235294117647,17,0.128676470588,1.90196078431,4.11764705882,3.18181818182,2.69230769231,1.57648156274,0.382859808093,0.201680672269,2.01465221053,0.978545359402,0.524369747899,1.74894926439,0.849489642704,0.463865546218,0.814492905316,0.428238537847,2.33333333333,1.90196078431,0.814492905316,2.33333333333,0,0,0,0,0.164242424242,17,17,17,1,0,0.352941176471,0.411764705882,0.235294117647,17,36,0.132352941176,1.89705882353,4.23529411765,3.27272727273,2.76923076923,1.71498585143,0.40492721492,0.204248366013,2.05798302171,0.971825315808,0.522875816993,1.79869233546,0.849382491746,0.464052287582,0.805541469338,0.424626510969,2.25,1.89705882353,0.805541469338,2.25,0.0702614379085,0.0214285714286,1,0.00147058823529,0.175454545455,17,17,17,1,0,0.352941176471,0.411764705882,0.235294117647,-1,-0.00367647058824,0.0147058823529,-0.117647058824,-0.0909090909091,-0.0769230769231,0.0215730078386,0.0158999400418,0.0102897014662,-0.0406860243059,0.00757197034072,0.00459282812224,-0.0799805377942,-0.0137915311015,-0.00653594771242,0.0193439002456,0.00695905238854,0,0.0147058823529,0.0193439002456,0,-0.0960784313725,-0.0397959183673,-2,-0.00294117647059,-0.0104978354978,0,0,0,36,0,1,235,0.972972972973,1,0,0.027027027027,1,0.972972972973,0.986301369863,0.984301887704,0.972972972973,0.972972972973,1,2,0,0,0,0
2075,WLNM_dir_neg,1,0.5,00:00:02,10,50,31,1983614904,threshold_sweep,0.5,1,0.5,0.666666666667,1,0,1,4,0.5,1,0,0.5,1,0.5,0.666666666667,0.833333333333,0.611111111111,0.571428571429,0.632455532034,0.5,37,35,2,0,37,0,35,0,2,17,37,0.136029411765,1.88235294118,4.35294117647,3.36363636364,2.84615384615,1.69341284359,0.389027274878,0.193958664547,2.09866904602,0.964253345467,0.518282988871,1.87867287326,0.863174022847,0.470588235294,0.786197569093,0.41766745858,2.25,1.88235294118,0.786197569093,2.25,0.166339869281,0.0612244897959,3,0.00441176470588,0.185952380952,17,17,17,1,0,0.352941176471,0.411764705882,0.235294117647,17,0.128676470588,1.90196078431,4.11764705882,3.18181818182,2.69230769231,1.57648156274,0.382859808093,0.201680672269,2.01465221053,0.978545359402,0.524369747899,1.74894926439,0.849489642704,0.463865546218,0.814492905316,0.428238537847,2.33333333333,1.90196078431,0.814492905316,2.33333333333,0,0,0,0,0.164242424242,17,17,17,1,0,0.352941176471,0.411764705882,0.235294117647,17,36,0.132352941176,1.89705882353,4.23529411765,3.27272727273,2.76923076923,1.71498585143,0.40492721492,0.204248366013,2.05798302171,0.971825315808,0.522875816993,1.79869233546,0.849382491746,0.464052287582,0.805541469338,0.424626510969,2.25,1.89705882353,0.805541469338,2.25,0.0702614379085,0.0214285714286,1,0.00147058823529,0.175454545455,17,17,17,1,0,0.352941176471,0.411764705882,0.235294117647,-1,-0.00367647058824,0.0147058823529,-0.117647058824,-0.0909090909091,-0.0769230769231,0.0215730078386,0.0158999400418,0.0102897014662,-0.0406860243059,0.00757197034072,0.00459282812224,-0.0799805377942,-0.0137915311015,-0.00653594771242,0.0193439002456,0.00695905238854,0,0.0147058823529,0.0193439002456,0,-0.0960784313725,-0.0397959183673,-2,-0.00294117647059,-0.0104978354978,0,0,0,36,0,1,235,0.972972972973,1,0,0.027027027027,1,0.972972972973,0.986301369863,0.984301887704,0.972972972973,0.972972972973,1,2,0,0,0,0
2076,WLNM_dir_neg,1,0.5,00:00:02,10,50,31,1983614904,threshold_sweep,0.6,1,0.5,0.666666666667,1,0,1,4,0.5,1,0,0.5,1,0.5,0.666666666667,0.833333333333,0.611111111111,0.571428571429,0.632455532034,0.5,37,35,2,0,37,0,35,0,2,17,37,0.136029411765,1.88235294118,4.35294117647,3.36363636364,2.84615384615,1.69341284359,0.389027274878,0.193958664547,2.09866904602,0.964253345467,0.518282988871,1.87867287326,0.863174022847,0.470588235294,0.786197569093,0.41766745858,2.25,1.88235294118,0.786197569093,2.25,0.166339869281,0.0612244897959,3,0.00441176470588,0.185952380952,17,17,17,1,0,0.352941176471,0.411764705882,0.235294117647,17,0.128676470588,1.90196078431,4.11764705882,3.18181818182,2.69230769231,1.57648156274,0.382859808093,0.201680672269,2.01465221053,0.978545359402,0.524369747899,1.74894926439,0.849489642704,0.463865546218,0.814492905316,0.428238537847,2.33333333333,1.90196078431,0.814492905316,2.33333333333,0,0,0,0,0.164242424242,17,17,17,1,0,0.352941176471,0.411764705882,0.235294117647,17,36,0.132352941176,1.89705882353,4.23529411765,3.27272727273,2.76923076923,1.71498585143,0.40492721492,0.204248366013,2.05798302171,0.971825315808,0.522875816993,1.79869233546,0.849382491746,0.464052287582,0.805541469338,0.424626510969,2.25,1.89705882353,0.805541469338,2.25,0.0702614379085,0.0214285714286,1,0.00147058823529,0.175454545455,17,17,17,1,0,0.352941176471,0.411764705882,0.235294117647,-1,-0.00367647058824,0.0147058823529,-0.117647058824,-0.0909090909091,-0.0769230769231,0.0215730078386,0.0158999400418,0.0102897014662,-0.0406860243059,0.00757197034072,0.00459282812224,-0.0799805377942,-0.0137915311015,-0.00653594771242,0.0193439002456,0.00695905238854,0,0.0147058823529,0.0193439002456,0,-0.0960784313725,-0.0397959183673,-2,-0.00294117647059,-0.0104978354978,0,0,0,36,0,1,235,0.972972972973,1,0,0.027027027027,1,0.972972972973,0.986301369863,0.984301887704,0.972972972973,0.972972972973,1,2,0,0,0,0
2077,WLNM_dir_neg,1,0.5,00:00:02,10,50,31,1983614904,threshold_sweep,0.7,1,0.5,0.666666666667,1,0,1,4,0.5,1,0,0.5,1,0.5,0.666666666667,0.833333333333,0.611111111111,0.571428571429,0.632455532034,0.5,37,35,2,0,37,0,35,0,2,17,37,0.136029411765,1.88235294118,4.35294117647,3.36363636364,2.84615384615,1.69341284359,0.389027274878,0.193958664547,2.09866904602,0.964253345467,0.518282988871,1.87867287326,0.863174022847,0.470588235294,0.786197569093,0.41766745858,2.25,1.88235294118,0.786197569093,2.25,0.166339869281,0.0612244897959,3,0.00441176470588,0.185952380952,17,17,17,1,0,0.352941176471,0.411764705882,0.235294117647,17,0.128676470588,1.90196078431,4.11764705882,3.18181818182,2.69230769231,1.57648156274,0.382859808093,0.201680672269,2.01465221053,0.978545359402,0.524369747899,1.74894926439,0.849489642704,0.463865546218,0.814492905316,0.428238537847,2.33333333333,1.90196078431,0.814492905316,2.33333333333,0,0,0,0,0.164242424242,17,17,17,1,0,0.352941176471,0.411764705882,0.235294117647,17,36,0.132352941176,1.89705882353,4.23529411765,3.27272727273,2.76923076923,1.71498585143,0.40492721492,0.204248366013,2.05798302171,0.971825315808,0.522875816993,1.79869233546,0.849382491746,0.464052287582,0.805541469338,0.424626510969,2.25,1.89705882353,0.805541469338,2.25,0.0702614379085,0.0214285714286,1,0.00147058823529,0.175454545455,17,17,17,1,0,0.352941176471,0.411764705882,0.235294117647,-1,-0.00367647058824,0.0147058823529,-0.117647058824,-0.0909090909091,-0.0769230769231,0.0215730078386,0.0158999400418,0.0102897014662,-0.0406860243059,0.00757197034072,0.00459282812224,-0.0799805377942,-0.0137915311015,-0.00653594771242,0.0193439002456,0.00695905238854,0,0.0147058823529,0.0193439002456,0,-0.0960784313725,-0.0397959183673,-2,-0.00294117647059,-0.0104978354978,0,0,0,36,0,1,235,0.972972972973,1,0,0.027027027027,1,0.972972972973,0.986301369863,0.984301887704,0.972972972973,0.972972972973,1,2,0,0,0,0
2078,WLNM_dir_neg,1,0.5,00:00:02,10,50,31,1983614904,threshold_sweep,0.8,1,0.5,0.666666666667,1,0,1,4,0.5,1,0,0.5,1,0.5,0.666666666667,0.833333333333,0.611111111111,0.571428571429,0.632455532034,0.5,37,35,2,0,37,0,35,0,2,17,37,0.136029411765,1.88235294118,4.35294117647,3.36363636364,2.84615384615,1.69341284359,0.389027274878,0.193958664547,2.09866904602,0.964253345467,0.518282988871,1.87867287326,0.863174022847,0.470588235294,0.786197569093,0.41766745858,2.25,1.88235294118,0.786197569093,2.25,0.166339869281,0.0612244897959,3,0.00441176470588,0.185952380952,17,17,17,1,0,0.352941176471,0.411764705882,0.235294117647,17,0.128676470588,1.90196078431,4.11764705882,3.18181818182,2.69230769231,1.57648156274,0.382859808093,0.201680672269,2.01465221053,0.978545359402,0.524369747899,1.74894926439,0.849489642704,0.463865546218,0.814492905316,0.428238537847,2.33333333333,1.90196078431,0.814492905316,2.33333333333,0,0,0,0,0.164242424242,17,17,17,1,0,0.352941176471,0.411764705882,0.235294117647,17,36,0.132352941176,1.89705882353,4.23529411765,3.27272727273,2.76923076923,1.71498585143,0.40492721492,0.204248366013,2.05798302171,0.971825315808,0.522875816993,1.79869233546,0.849382491746,0.464052287582,0.805541469338,0.424626510969,2.25,1.89705882353,0.805541469338,2.25,0.0702614379085,0.0214285714286,1,0.00147058823529,0.175454545455,17,17,17,1,0,0.352941176471,0.411764705882,0.235294117647,-1,-0.00367647058824,0.0147058823529,-0.117647058824,-0.0909090909091,-0.0769230769231,0.0215730078386,0.0158999400418,0.0102897014662,-0.0406860243059,0.00757197034072,0.00459282812224,-0.0799805377942,-0.0137915311015,-0.00653594771242,0.0193439002456,0.00695905238854,0,0.0147058823529,0.0193439002456,0,-0.0960784313725,-0.0397959183673,-2,-0.00294117647059,-0.0104978354978,0,0,0,36,0,1,235,0.972972972973,1,0,0.027027027027,1,0.972972972973,0.986301369863,0.984301887704,0.972972972973,0.972972972973,1,2,0,0,0,0
2079,WLNM_dir_neg,1,0.5,00:00:02,10,50,31,1983614904,threshold_sweep,0.9,1,0.5,0.666666666667,1,0,1,4,0.5,1,0,0.5,1,0.5,0.666666666667,0.833333333333,0.611111111111,0.571428571429,0.632455532034,0.5,37,35,2,0,37,0,35,0,2,17,37,0.136029411765,1.88235294118,4.35294117647,3.36363636364,2.84615384615,1.69341284359,0.389027274878,0.193958664547,2.09866904602,0.964253345467,0.518282988871,1.87867287326,0.863174022847,0.470588235294,0.786197569093,0.41766745858,2.25,1.88235294118,0.786197569093,2.25,0.166339869281,0.0612244897959,3,0.00441176470588,0.185952380952,17,17,17,1,0,0.352941176471,0.411764705882,0.235294117647,17,0.128676470588,1.90196078431,4.11764705882,3.18181818182,2.69230769231,1.57648156274,0.382859808093,0.201680672269,2.01465221053,0.978545359402,0.524369747899,1.74894926439,0.849489642704,0.463865546218,0.814492905316,0.428238537847,2.33333333333,1.90196078431,0.814492905316,2.33333333333,0,0,0,0,0.164242424242,17,17,17,1,0,0.352941176471,0.411764705882,0.235294117647,17,36,0.132352941176,1.89705882353,4.23529411765,3.27272727273,2.76923076923,1.71498585143,0.40492721492,0.204248366013,2.05798302171,0.971825315808,0.522875816993,1.79869233546,0.849382491746,0.464052287582,0.805541469338,0.424626510969,2.25,1.89705882353,0.805541469338,2.25,0.0702614379085,0.0214285714286,1,0.00147058823529,0.175454545455,17,17,17,1,0,0.352941176471,0.411764705882,0.235294117647,-1,-0.00367647058824,0.0147058823529,-0.117647058824,-0.0909090909091,-0.0769230769231,0.0215730078386,0.0158999400418,0.0102897014662,-0.0406860243059,0.00757197034072,0.00459282812224,-0.0799805377942,-0.0137915311015,-0.00653594771242,0.0193439002456,0.00695905238854,0,0.0147058823529,0.0193439002456,0,-0.0960784313725,-0.0397959183673,-2,-0.00294117647059,-0.0104978354978,0,0,0,36,0,1,235,0.972972972973,1,0,0.027027027027,1,0.972972972973,0.986301369863,0.984301887704,0.972972972973,0.972972972973,1,2,0,0,0,0
2080,WLNM_dir_neg,1,0.5,00:00:01,10,50,32,1983614905,threshold_sweep,0.1,1,1,1,2,0,0,4,1,1,0,0,1,1,1,1,0.555555555556,1,1,1,37,35,2,0,37,0,35,0,2,17,37,0.136029411765,1.88235294118,4.35294117647,3.36363636364,2.84615384615,1.69341284359,0.389027274878,0.193958664547,2.09866904602,0.964253345467,0.518282988871,1.87867287326,0.863174022847,0.470588235294,0.786197569093,0.41766745858,2.25,1.88235294118,0.786197569093,2.25,0.166339869281,0.0612244897959,3,0.00441176470588,0.185952380952,17,17,17,1,0,0.352941176471,0.411764705882,0.235294117647,17,0.128676470588,1.90196078431,4.11764705882,3.18181818182,2.69230769231,1.57648156274,0.382859808093,0.201680672269,2.01465221053,0.978545359402,0.524369747899,1.74894926439,0.849489642704,0.463865546218,0.814492905316,0.428238537847,2.33333333333,1.90196078431,0.814492905316,2.33333333333,0,0,0,0,0.164242424242,17,17,17,1,0,0.352941176471,0.411764705882,0.235294117647,17,37,0.136029411765,1.88235294118,4.35294117647,3.36363636364,2.84615384615,1.69341284359,0.389027274878,0.193958664547,2.09866904602,0.964253345467,0.518282988871,1.87867287326,0.863174022847,0.470588235294,0.786197569093,0.41766745858,2.25,1.88235294118,0.786197569093,2.25,0.166339869281,0.0612244897959,3,0.00441176470588,0.185952380952,17,17,17,1,0,0.352941176471,0.411764705882,0.235294117647,0,0,0,0,0,0,0,0,0,0,0,0,0,0,0,0,0,0,0,0,0,0,0,0,0,0,0,0,0,37,0,0,235,1,1,0,0,1,1,1,1,1,1,2,2,0,0,0,0
2081,WLNM_dir_neg,1,0.5,00:00:01,10,50,32,1983614905,threshold_sweep,0.2,1,1,1,2,0,0,4,1,1,0,0,1,1,1,1,0.555555555556,1,1,1,37,35,2,0,37,0,35,0,2,17,37,0.136029411765,1.88235294118,4.35294117647,3.36363636364,2.84615384615,1.69341284359,0.389027274878,0.193958664547,2.09866904602,0.964253345467,0.518282988871,1.87867287326,0.863174022847,0.470588235294,0.786197569093,0.41766745858,2.25,1.88235294118,0.786197569093,2.25,0.166339869281,0.0612244897959,3,0.00441176470588,0.185952380952,17,17,17,1,0,0.352941176471,0.411764705882,0.235294117647,17,0.128676470588,1.90196078431,4.11764705882,3.18181818182,2.69230769231,1.57648156274,0.382859808093,0.201680672269,2.01465221053,0.978545359402,0.524369747899,1.74894926439,0.849489642704,0.463865546218,0.814492905316,0.428238537847,2.33333333333,1.90196078431,0.814492905316,2.33333333333,0,0,0,0,0.164242424242,17,17,17,1,0,0.352941176471,0.411764705882,0.235294117647,17,37,0.136029411765,1.88235294118,4.35294117647,3.36363636364,2.84615384615,1.69341284359,0.389027274878,0.193958664547,2.09866904602,0.964253345467,0.518282988871,1.87867287326,0.863174022847,0.470588235294,0.786197569093,0.41766745858,2.25,1.88235294118,0.786197569093,2.25,0.166339869281,0.0612244897959,3,0.00441176470588,0.185952380952,17,17,17,1,0,0.352941176471,0.411764705882,0.235294117647,0,0,0,0,0,0,0,0,0,0,0,0,0,0,0,0,0,0,0,0,0,0,0,0,0,0,0,0,0,37,0,0,235,1,1,0,0,1,1,1,1,1,1,2,2,0,0,0,0
2082,WLNM_dir_neg,1,0.5,00:00:01,10,50,32,1983614905,threshold_sweep,0.3,1,1,1,2,0,0,4,1,1,0,0,1,1,1,1,0.555555555556,1,1,1,37,35,2,0,37,0,35,0,2,17,37,0.136029411765,1.88235294118,4.35294117647,3.36363636364,2.84615384615,1.69341284359,0.389027274878,0.193958664547,2.09866904602,0.964253345467,0.518282988871,1.87867287326,0.863174022847,0.470588235294,0.786197569093,0.41766745858,2.25,1.88235294118,0.786197569093,2.25,0.166339869281,0.0612244897959,3,0.00441176470588,0.185952380952,17,17,17,1,0,0.352941176471,0.411764705882,0.235294117647,17,0.128676470588,1.90196078431,4.11764705882,3.18181818182,2.69230769231,1.57648156274,0.382859808093,0.201680672269,2.01465221053,0.978545359402,0.524369747899,1.74894926439,0.849489642704,0.463865546218,0.814492905316,0.428238537847,2.33333333333,1.90196078431,0.814492905316,2.33333333333,0,0,0,0,0.164242424242,17,17,17,1,0,0.352941176471,0.411764705882,0.235294117647,17,37,0.136029411765,1.88235294118,4.35294117647,3.36363636364,2.84615384615,1.69341284359,0.389027274878,0.193958664547,2.09866904602,0.964253345467,0.518282988871,1.87867287326,0.863174022847,0.470588235294,0.786197569093,0.41766745858,2.25,1.88235294118,0.786197569093,2.25,0.166339869281,0.0612244897959,3,0.00441176470588,0.185952380952,17,17,17,1,0,0.352941176471,0.411764705882,0.235294117647,0,0,0,0,0,0,0,0,0,0,0,0,0,0,0,0,0,0,0,0,0,0,0,0,0,0,0,0,0,37,0,0,235,1,1,0,0,1,1,1,1,1,1,2,2,0,0,0,0
2083,WLNM_dir_neg,1,0.5,00:00:01,10,50,32,1983614905,threshold_sweep,0.4,1,1,1,2,0,0,4,1,1,0,0,1,1,1,1,0.555555555556,1,1,1,37,35,2,0,37,0,35,0,2,17,37,0.136029411765,1.88235294118,4.35294117647,3.36363636364,2.84615384615,1.69341284359,0.389027274878,0.193958664547,2.09866904602,0.964253345467,0.518282988871,1.87867287326,0.863174022847,0.470588235294,0.786197569093,0.41766745858,2.25,1.88235294118,0.786197569093,2.25,0.166339869281,0.0612244897959,3,0.00441176470588,0.185952380952,17,17,17,1,0,0.352941176471,0.411764705882,0.235294117647,17,0.128676470588,1.90196078431,4.11764705882,3.18181818182,2.69230769231,1.57648156274,0.382859808093,0.201680672269,2.01465221053,0.978545359402,0.524369747899,1.74894926439,0.849489642704,0.463865546218,0.814492905316,0.428238537847,2.33333333333,1.90196078431,0.814492905316,2.33333333333,0,0,0,0,0.164242424242,17,17,17,1,0,0.352941176471,0.411764705882,0.235294117647,17,37,0.136029411765,1.88235294118,4.35294117647,3.36363636364,2.84615384615,1.69341284359,0.389027274878,0.193958664547,2.09866904602,0.964253345467,0.518282988871,1.87867287326,0.863174022847,0.470588235294,0.786197569093,0.41766745858,2.25,1.88235294118,0.786197569093,2.25,0.166339869281,0.0612244897959,3,0.00441176470588,0.185952380952,17,17,17,1,0,0.352941176471,0.411764705882,0.235294117647,0,0,0,0,0,0,0,0,0,0,0,0,0,0,0,0,0,0,0,0,0,0,0,0,0,0,0,0,0,37,0,0,235,1,1,0,0,1,1,1,1,1,1,2,2,0,0,0,0
2084,WLNM_dir_neg,1,0.5,00:00:01,10,50,32,1983614905,threshold_sweep,0.5,1,1,1,2,0,0,4,1,1,0,0,1,1,1,1,0.555555555556,1,1,1,37,35,2,0,37,0,35,0,2,17,37,0.136029411765,1.88235294118,4.35294117647,3.36363636364,2.84615384615,1.69341284359,0.389027274878,0.193958664547,2.09866904602,0.964253345467,0.518282988871,1.87867287326,0.863174022847,0.470588235294,0.786197569093,0.41766745858,2.25,1.88235294118,0.786197569093,2.25,0.166339869281,0.0612244897959,3,0.00441176470588,0.185952380952,17,17,17,1,0,0.352941176471,0.411764705882,0.235294117647,17,0.128676470588,1.90196078431,4.11764705882,3.18181818182,2.69230769231,1.57648156274,0.382859808093,0.201680672269,2.01465221053,0.978545359402,0.524369747899,1.74894926439,0.849489642704,0.463865546218,0.814492905316,0.428238537847,2.33333333333,1.90196078431,0.814492905316,2.33333333333,0,0,0,0,0.164242424242,17,17,17,1,0,0.352941176471,0.411764705882,0.235294117647,17,37,0.136029411765,1.88235294118,4.35294117647,3.36363636364,2.84615384615,1.69341284359,0.389027274878,0.193958664547,2.09866904602,0.964253345467,0.518282988871,1.87867287326,0.863174022847,0.470588235294,0.786197569093,0.41766745858,2.25,1.88235294118,0.786197569093,2.25,0.166339869281,0.0612244897959,3,0.00441176470588,0.185952380952,17,17,17,1,0,0.352941176471,0.411764705882,0.235294117647,0,0,0,0,0,0,0,0,0,0,0,0,0,0,0,0,0,0,0,0,0,0,0,0,0,0,0,0,0,37,0,0,235,1,1,0,0,1,1,1,1,1,1,2,2,0,0,0,0
2085,WLNM_dir_neg,1,0.5,00:00:01,10,50,32,1983614905,threshold_sweep,0.6,1,1,1,2,0,0,4,1,1,0,0,1,1,1,1,0.555555555556,1,1,1,37,35,2,0,37,0,35,0,2,17,37,0.136029411765,1.88235294118,4.35294117647,3.36363636364,2.84615384615,1.69341284359,0.389027274878,0.193958664547,2.09866904602,0.964253345467,0.518282988871,1.87867287326,0.863174022847,0.470588235294,0.786197569093,0.41766745858,2.25,1.88235294118,0.786197569093,2.25,0.166339869281,0.0612244897959,3,0.00441176470588,0.185952380952,17,17,17,1,0,0.352941176471,0.411764705882,0.235294117647,17,0.128676470588,1.90196078431,4.11764705882,3.18181818182,2.69230769231,1.57648156274,0.382859808093,0.201680672269,2.01465221053,0.978545359402,0.524369747899,1.74894926439,0.849489642704,0.463865546218,0.814492905316,0.428238537847,2.33333333333,1.90196078431,0.814492905316,2.33333333333,0,0,0,0,0.164242424242,17,17,17,1,0,0.352941176471,0.411764705882,0.235294117647,17,37,0.136029411765,1.88235294118,4.35294117647,3.36363636364,2.84615384615,1.69341284359,0.389027274878,0.193958664547,2.09866904602,0.964253345467,0.518282988871,1.87867287326,0.863174022847,0.470588235294,0.786197569093,0.41766745858,2.25,1.88235294118,0.786197569093,2.25,0.166339869281,0.0612244897959,3,0.00441176470588,0.185952380952,17,17,17,1,0,0.352941176471,0.411764705882,0.235294117647,0,0,0,0,0,0,0,0,0,0,0,0,0,0,0,0,0,0,0,0,0,0,0,0,0,0,0,0,0,37,0,0,235,1,1,0,0,1,1,1,1,1,1,2,2,0,0,0,0
2086,WLNM_dir_neg,1,0.5,00:00:01,10,50,32,1983614905,threshold_sweep,0.7,1,1,1,2,0,0,4,1,1,0,0,1,1,1,1,0.555555555556,1,1,1,37,35,2,0,37,0,35,0,2,17,37,0.136029411765,1.88235294118,4.35294117647,3.36363636364,2.84615384615,1.69341284359,0.389027274878,0.193958664547,2.09866904602,0.964253345467,0.518282988871,1.87867287326,0.863174022847,0.470588235294,0.786197569093,0.41766745858,2.25,1.88235294118,0.786197569093,2.25,0.166339869281,0.0612244897959,3,0.00441176470588,0.185952380952,17,17,17,1,0,0.352941176471,0.411764705882,0.235294117647,17,0.128676470588,1.90196078431,4.11764705882,3.18181818182,2.69230769231,1.57648156274,0.382859808093,0.201680672269,2.01465221053,0.978545359402,0.524369747899,1.74894926439,0.849489642704,0.463865546218,0.814492905316,0.428238537847,2.33333333333,1.90196078431,0.814492905316,2.33333333333,0,0,0,0,0.164242424242,17,17,17,1,0,0.352941176471,0.411764705882,0.235294117647,17,37,0.136029411765,1.88235294118,4.35294117647,3.36363636364,2.84615384615,1.69341284359,0.389027274878,0.193958664547,2.09866904602,0.964253345467,0.518282988871,1.87867287326,0.863174022847,0.470588235294,0.786197569093,0.41766745858,2.25,1.88235294118,0.786197569093,2.25,0.166339869281,0.0612244897959,3,0.00441176470588,0.185952380952,17,17,17,1,0,0.352941176471,0.411764705882,0.235294117647,0,0,0,0,0,0,0,0,0,0,0,0,0,0,0,0,0,0,0,0,0,0,0,0,0,0,0,0,0,37,0,0,235,1,1,0,0,1,1,1,1,1,1,2,2,0,0,0,0
2087,WLNM_dir_neg,1,0.5,00:00:01,10,50,32,1983614905,threshold_sweep,0.8,1,1,1,2,0,0,4,1,1,0,0,1,1,1,1,0.555555555556,1,1,1,37,35,2,0,37,0,35,0,2,17,37,0.136029411765,1.88235294118,4.35294117647,3.36363636364,2.84615384615,1.69341284359,0.389027274878,0.193958664547,2.09866904602,0.964253345467,0.518282988871,1.87867287326,0.863174022847,0.470588235294,0.786197569093,0.41766745858,2.25,1.88235294118,0.786197569093,2.25,0.166339869281,0.0612244897959,3,0.00441176470588,0.185952380952,17,17,17,1,0,0.352941176471,0.411764705882,0.235294117647,17,0.128676470588,1.90196078431,4.11764705882,3.18181818182,2.69230769231,1.57648156274,0.382859808093,0.201680672269,2.01465221053,0.978545359402,0.524369747899,1.74894926439,0.849489642704,0.463865546218,0.814492905316,0.428238537847,2.33333333333,1.90196078431,0.814492905316,2.33333333333,0,0,0,0,0.164242424242,17,17,17,1,0,0.352941176471,0.411764705882,0.235294117647,17,37,0.136029411765,1.88235294118,4.35294117647,3.36363636364,2.84615384615,1.69341284359,0.389027274878,0.193958664547,2.09866904602,0.964253345467,0.518282988871,1.87867287326,0.863174022847,0.470588235294,0.786197569093,0.41766745858,2.25,1.88235294118,0.786197569093,2.25,0.166339869281,0.0612244897959,3,0.00441176470588,0.185952380952,17,17,17,1,0,0.352941176471,0.411764705882,0.235294117647,0,0,0,0,0,0,0,0,0,0,0,0,0,0,0,0,0,0,0,0,0,0,0,0,0,0,0,0,0,37,0,0,235,1,1,0,0,1,1,1,1,1,1,2,2,0,0,0,0
2088,WLNM_dir_neg,1,0.5,00:00:01,10,50,32,1983614905,threshold_sweep,0.9,1,1,1,2,0,0,4,1,1,0,0,1,1,1,1,0.555555555556,1,1,1,37,35,2,0,37,0,35,0,2,17,37,0.136029411765,1.88235294118,4.35294117647,3.36363636364,2.84615384615,1.69341284359,0.389027274878,0.193958664547,2.09866904602,0.964253345467,0.518282988871,1.87867287326,0.863174022847,0.470588235294,0.786197569093,0.41766745858,2.25,1.88235294118,0.786197569093,2.25,0.166339869281,0.0612244897959,3,0.00441176470588,0.185952380952,17,17,17,1,0,0.352941176471,0.411764705882,0.235294117647,17,0.128676470588,1.90196078431,4.11764705882,3.18181818182,2.69230769231,1.57648156274,0.382859808093,0.201680672269,2.01465221053,0.978545359402,0.524369747899,1.74894926439,0.849489642704,0.463865546218,0.814492905316,0.428238537847,2.33333333333,1.90196078431,0.814492905316,2.33333333333,0,0,0,0,0.164242424242,17,17,17,1,0,0.352941176471,0.411764705882,0.235294117647,17,37,0.136029411765,1.88235294118,4.35294117647,3.36363636364,2.84615384615,1.69341284359,0.389027274878,0.193958664547,2.09866904602,0.964253345467,0.518282988871,1.87867287326,0.863174022847,0.470588235294,0.786197569093,0.41766745858,2.25,1.88235294118,0.786197569093,2.25,0.166339869281,0.0612244897959,3,0.00441176470588,0.185952380952,17,17,17,1,0,0.352941176471,0.411764705882,0.235294117647,0,0,0,0,0,0,0,0,0,0,0,0,0,0,0,0,0,0,0,0,0,0,0,0,0,0,0,0,0,37,0,0,235,1,1,0,0,1,1,1,1,1,1,2,2,0,0,0,0
2089,WLNM_dir_neg,0.875,0.291666666667,00:00:01,10,50,33,1983614906,threshold_sweep,0.1,0.666666666667,1,0.8,2,1,0,3,1,0.75,0.25,0,0.666666666667,1,0.8,0.833333333333,0.5,0.666666666667,0.707106781187,0.75,37,35,2,0,37,0,35,0,2,17,37,0.136029411765,1.88235294118,4.35294117647,3.36363636364,2.84615384615,1.69341284359,0.389027274878,0.193958664547,2.09866904602,0.964253345467,0.518282988871,1.87867287326,0.863174022847,0.470588235294,0.786197569093,0.41766745858,2.25,1.88235294118,0.786197569093,2.25,0.166339869281,0.0612244897959,3,0.00441176470588,0.185952380952,17,17,17,1,0,0.352941176471,0.411764705882,0.235294117647,17,0.128676470588,1.90196078431,4.11764705882,3.18181818182,2.69230769231,1.57648156274,0.382859808093,0.201680672269,2.01465221053,0.978545359402,0.524369747899,1.74894926439,0.849489642704,0.463865546218,0.814492905316,0.428238537847,2.33333333333,1.90196078431,0.814492905316,2.33333333333,0,0,0,0,0.164242424242,17,17,17,1,0,0.352941176471,0.411764705882,0.235294117647,17,38,0.139705882353,1.9,4.47058823529,3.45454545455,2.71428571429,1.73629084037,0.388380845872,0.198142414861,2.1368613597,0.955964292498,0.510835913313,1.82103719638,0.814674535221,0.442724458204,0.795298686029,0.418578255805,2.25,1.9,0.795298686029,2.25,0.217320261438,0.115384615385,6,0.00882352941176,0.17867965368,17,17,17,1,0,0.352941176471,0.470588235294,0.176470588235,1,0.00367647058824,0.0176470588235,0.117647058824,0.0909090909091,-0.131868131868,0.0428779967836,-0.000646429005719,0.00418375031378,0.0381923136861,-0.00828905296849,-0.00744707555853,-0.0576356768785,-0.0484994876259,-0.0278637770898,0.00910111693678,0.000910797224492,0,0.0176470588235,0.00910111693678,0,0.0509803921569,0.0541601255887,3,0.00441176470588,-0.00727272727273,0,0.0588235294118,-0.0588235294118,37,1,0,234,1,0.995744680851,0.00425531914894,0,0.973684210526,1,0.986666666667,0.984652666406,0.995744680851,0.973684210526,3,2,0,0,0,0
2090,WLNM_dir_neg,0.875,0.291666666667,00:00:01,10,50,33,1983614906,threshold_sweep,0.2,0.666666666667,1,0.8,2,1,0,3,1,0.75,0.25,0,0.666666666667,1,0.8,0.833333333333,0.5,0.666666666667,0.707106781187,0.75,37,35,2,0,37,0,35,0,2,17,37,0.136029411765,1.88235294118,4.35294117647,3.36363636364,2.84615384615,1.69341284359,0.389027274878,0.193958664547,2.09866904602,0.964253345467,0.518282988871,1.87867287326,0.863174022847,0.470588235294,0.786197569093,0.41766745858,2.25,1.88235294118,0.786197569093,2.25,0.166339869281,0.0612244897959,3,0.00441176470588,0.185952380952,17,17,17,1,0,0.352941176471,0.411764705882,0.235294117647,17,0.128676470588,1.90196078431,4.11764705882,3.18181818182,2.69230769231,1.57648156274,0.382859808093,0.201680672269,2.01465221053,0.978545359402,0.524369747899,1.74894926439,0.849489642704,0.463865546218,0.814492905316,0.428238537847,2.33333333333,1.90196078431,0.814492905316,2.33333333333,0,0,0,0,0.164242424242,17,17,17,1,0,0.352941176471,0.411764705882,0.235294117647,17,38,0.139705882353,1.9,4.47058823529,3.45454545455,2.71428571429,1.73629084037,0.388380845872,0.198142414861,2.1368613597,0.955964292498,0.510835913313,1.82103719638,0.814674535221,0.442724458204,0.795298686029,0.418578255805,2.25,1.9,0.795298686029,2.25,0.217320261438,0.115384615385,6,0.00882352941176,0.17867965368,17,17,17,1,0,0.352941176471,0.470588235294,0.176470588235,1,0.00367647058824,0.0176470588235,0.117647058824,0.0909090909091,-0.131868131868,0.0428779967836,-0.000646429005719,0.00418375031378,0.0381923136861,-0.00828905296849,-0.00744707555853,-0.0576356768785,-0.0484994876259,-0.0278637770898,0.00910111693678,0.000910797224492,0,0.0176470588235,0.00910111693678,0,0.0509803921569,0.0541601255887,3,0.00441176470588,-0.00727272727273,0,0.0588235294118,-0.0588235294118,37,1,0,234,1,0.995744680851,0.00425531914894,0,0.973684210526,1,0.986666666667,0.984652666406,0.995744680851,0.973684210526,3,2,0,0,0,0
2091,WLNM_dir_neg,0.875,0.291666666667,00:00:01,10,50,33,1983614906,threshold_sweep,0.3,0.666666666667,1,0.8,2,1,0,3,1,0.75,0.25,0,0.666666666667,1,0.8,0.833333333333,0.5,0.666666666667,0.707106781187,0.75,37,35,2,0,37,0,35,0,2,17,37,0.136029411765,1.88235294118,4.35294117647,3.36363636364,2.84615384615,1.69341284359,0.389027274878,0.193958664547,2.09866904602,0.964253345467,0.518282988871,1.87867287326,0.863174022847,0.470588235294,0.786197569093,0.41766745858,2.25,1.88235294118,0.786197569093,2.25,0.166339869281,0.0612244897959,3,0.00441176470588,0.185952380952,17,17,17,1,0,0.352941176471,0.411764705882,0.235294117647,17,0.128676470588,1.90196078431,4.11764705882,3.18181818182,2.69230769231,1.57648156274,0.382859808093,0.201680672269,2.01465221053,0.978545359402,0.524369747899,1.74894926439,0.849489642704,0.463865546218,0.814492905316,0.428238537847,2.33333333333,1.90196078431,0.814492905316,2.33333333333,0,0,0,0,0.164242424242,17,17,17,1,0,0.352941176471,0.411764705882,0.235294117647,17,38,0.139705882353,1.9,4.47058823529,3.45454545455,2.71428571429,1.73629084037,0.388380845872,0.198142414861,2.1368613597,0.955964292498,0.510835913313,1.82103719638,0.814674535221,0.442724458204,0.795298686029,0.418578255805,2.25,1.9,0.795298686029,2.25,0.217320261438,0.115384615385,6,0.00882352941176,0.17867965368,17,17,17,1,0,0.352941176471,0.470588235294,0.176470588235,1,0.00367647058824,0.0176470588235,0.117647058824,0.0909090909091,-0.131868131868,0.0428779967836,-0.000646429005719,0.00418375031378,0.0381923136861,-0.00828905296849,-0.00744707555853,-0.0576356768785,-0.0484994876259,-0.0278637770898,0.00910111693678,0.000910797224492,0,0.0176470588235,0.00910111693678,0,0.0509803921569,0.0541601255887,3,0.00441176470588,-0.00727272727273,0,0.0588235294118,-0.0588235294118,37,1,0,234,1,0.995744680851,0.00425531914894,0,0.973684210526,1,0.986666666667,0.984652666406,0.995744680851,0.973684210526,3,2,0,0,0,0
2092,WLNM_dir_neg,0.875,0.291666666667,00:00:01,10,50,33,1983614906,threshold_sweep,0.4,0.666666666667,1,0.8,2,1,0,3,1,0.75,0.25,0,0.666666666667,1,0.8,0.833333333333,0.5,0.666666666667,0.707106781187,0.75,37,35,2,0,37,0,35,0,2,17,37,0.136029411765,1.88235294118,4.35294117647,3.36363636364,2.84615384615,1.69341284359,0.389027274878,0.193958664547,2.09866904602,0.964253345467,0.518282988871,1.87867287326,0.863174022847,0.470588235294,0.786197569093,0.41766745858,2.25,1.88235294118,0.786197569093,2.25,0.166339869281,0.0612244897959,3,0.00441176470588,0.185952380952,17,17,17,1,0,0.352941176471,0.411764705882,0.235294117647,17,0.128676470588,1.90196078431,4.11764705882,3.18181818182,2.69230769231,1.57648156274,0.382859808093,0.201680672269,2.01465221053,0.978545359402,0.524369747899,1.74894926439,0.849489642704,0.463865546218,0.814492905316,0.428238537847,2.33333333333,1.90196078431,0.814492905316,2.33333333333,0,0,0,0,0.164242424242,17,17,17,1,0,0.352941176471,0.411764705882,0.235294117647,17,38,0.139705882353,1.9,4.47058823529,3.45454545455,2.71428571429,1.73629084037,0.388380845872,0.198142414861,2.1368613597,0.955964292498,0.510835913313,1.82103719638,0.814674535221,0.442724458204,0.795298686029,0.418578255805,2.25,1.9,0.795298686029,2.25,0.217320261438,0.115384615385,6,0.00882352941176,0.17867965368,17,17,17,1,0,0.352941176471,0.470588235294,0.176470588235,1,0.00367647058824,0.0176470588235,0.117647058824,0.0909090909091,-0.131868131868,0.0428779967836,-0.000646429005719,0.00418375031378,0.0381923136861,-0.00828905296849,-0.00744707555853,-0.0576356768785,-0.0484994876259,-0.0278637770898,0.00910111693678,0.000910797224492,0,0.0176470588235,0.00910111693678,0,0.0509803921569,0.0541601255887,3,0.00441176470588,-0.00727272727273,0,0.0588235294118,-0.0588235294118,37,1,0,234,1,0.995744680851,0.00425531914894,0,0.973684210526,1,0.986666666667,0.984652666406,0.995744680851,0.973684210526,3,2,0,0,0,0
2093,WLNM_dir_neg,0.875,0.291666666667,00:00:01,10,50,33,1983614906,threshold_sweep,0.5,0.666666666667,1,0.8,2,1,0,3,1,0.75,0.25,0,0.666666666667,1,0.8,0.833333333333,0.5,0.666666666667,0.707106781187,0.75,37,35,2,0,37,0,35,0,2,17,37,0.136029411765,1.88235294118,4.35294117647,3.36363636364,2.84615384615,1.69341284359,0.389027274878,0.193958664547,2.09866904602,0.964253345467,0.518282988871,1.87867287326,0.863174022847,0.470588235294,0.786197569093,0.41766745858,2.25,1.88235294118,0.786197569093,2.25,0.166339869281,0.0612244897959,3,0.00441176470588,0.185952380952,17,17,17,1,0,0.352941176471,0.411764705882,0.235294117647,17,0.128676470588,1.90196078431,4.11764705882,3.18181818182,2.69230769231,1.57648156274,0.382859808093,0.201680672269,2.01465221053,0.978545359402,0.524369747899,1.74894926439,0.849489642704,0.463865546218,0.814492905316,0.428238537847,2.33333333333,1.90196078431,0.814492905316,2.33333333333,0,0,0,0,0.164242424242,17,17,17,1,0,0.352941176471,0.411764705882,0.235294117647,17,38,0.139705882353,1.9,4.47058823529,3.45454545455,2.71428571429,1.73629084037,0.388380845872,0.198142414861,2.1368613597,0.955964292498,0.510835913313,1.82103719638,0.814674535221,0.442724458204,0.795298686029,0.418578255805,2.25,1.9,0.795298686029,2.25,0.217320261438,0.115384615385,6,0.00882352941176,0.17867965368,17,17,17,1,0,0.352941176471,0.470588235294,0.176470588235,1,0.00367647058824,0.0176470588235,0.117647058824,0.0909090909091,-0.131868131868,0.0428779967836,-0.000646429005719,0.00418375031378,0.0381923136861,-0.00828905296849,-0.00744707555853,-0.0576356768785,-0.0484994876259,-0.0278637770898,0.00910111693678,0.000910797224492,0,0.0176470588235,0.00910111693678,0,0.0509803921569,0.0541601255887,3,0.00441176470588,-0.00727272727273,0,0.0588235294118,-0.0588235294118,37,1,0,234,1,0.995744680851,0.00425531914894,0,0.973684210526,1,0.986666666667,0.984652666406,0.995744680851,0.973684210526,3,2,0,0,0,0
2094,WLNM_dir_neg,0.875,0.291666666667,00:00:01,10,50,33,1983614906,threshold_sweep,0.6,0.666666666667,1,0.8,2,1,0,3,1,0.75,0.25,0,0.666666666667,1,0.8,0.833333333333,0.5,0.666666666667,0.707106781187,0.75,37,35,2,0,37,0,35,0,2,17,37,0.136029411765,1.88235294118,4.35294117647,3.36363636364,2.84615384615,1.69341284359,0.389027274878,0.193958664547,2.09866904602,0.964253345467,0.518282988871,1.87867287326,0.863174022847,0.470588235294,0.786197569093,0.41766745858,2.25,1.88235294118,0.786197569093,2.25,0.166339869281,0.0612244897959,3,0.00441176470588,0.185952380952,17,17,17,1,0,0.352941176471,0.411764705882,0.235294117647,17,0.128676470588,1.90196078431,4.11764705882,3.18181818182,2.69230769231,1.57648156274,0.382859808093,0.201680672269,2.01465221053,0.978545359402,0.524369747899,1.74894926439,0.849489642704,0.463865546218,0.814492905316,0.428238537847,2.33333333333,1.90196078431,0.814492905316,2.33333333333,0,0,0,0,0.164242424242,17,17,17,1,0,0.352941176471,0.411764705882,0.235294117647,17,38,0.139705882353,1.9,4.47058823529,3.45454545455,2.71428571429,1.73629084037,0.388380845872,0.198142414861,2.1368613597,0.955964292498,0.510835913313,1.82103719638,0.814674535221,0.442724458204,0.795298686029,0.418578255805,2.25,1.9,0.795298686029,2.25,0.217320261438,0.115384615385,6,0.00882352941176,0.17867965368,17,17,17,1,0,0.352941176471,0.470588235294,0.176470588235,1,0.00367647058824,0.0176470588235,0.117647058824,0.0909090909091,-0.131868131868,0.0428779967836,-0.000646429005719,0.00418375031378,0.0381923136861,-0.00828905296849,-0.00744707555853,-0.0576356768785,-0.0484994876259,-0.0278637770898,0.00910111693678,0.000910797224492,0,0.0176470588235,0.00910111693678,0,0.0509803921569,0.0541601255887,3,0.00441176470588,-0.00727272727273,0,0.0588235294118,-0.0588235294118,37,1,0,234,1,0.995744680851,0.00425531914894,0,0.973684210526,1,0.986666666667,0.984652666406,0.995744680851,0.973684210526,3,2,0,0,0,0
2095,WLNM_dir_neg,0.875,0.291666666667,00:00:01,10,50,33,1983614906,threshold_sweep,0.7,0.666666666667,1,0.8,2,1,0,3,1,0.75,0.25,0,0.666666666667,1,0.8,0.833333333333,0.5,0.666666666667,0.707106781187,0.75,37,35,2,0,37,0,35,0,2,17,37,0.136029411765,1.88235294118,4.35294117647,3.36363636364,2.84615384615,1.69341284359,0.389027274878,0.193958664547,2.09866904602,0.964253345467,0.518282988871,1.87867287326,0.863174022847,0.470588235294,0.786197569093,0.41766745858,2.25,1.88235294118,0.786197569093,2.25,0.166339869281,0.0612244897959,3,0.00441176470588,0.185952380952,17,17,17,1,0,0.352941176471,0.411764705882,0.235294117647,17,0.128676470588,1.90196078431,4.11764705882,3.18181818182,2.69230769231,1.57648156274,0.382859808093,0.201680672269,2.01465221053,0.978545359402,0.524369747899,1.74894926439,0.849489642704,0.463865546218,0.814492905316,0.428238537847,2.33333333333,1.90196078431,0.814492905316,2.33333333333,0,0,0,0,0.164242424242,17,17,17,1,0,0.352941176471,0.411764705882,0.235294117647,17,38,0.139705882353,1.9,4.47058823529,3.45454545455,2.71428571429,1.73629084037,0.388380845872,0.198142414861,2.1368613597,0.955964292498,0.510835913313,1.82103719638,0.814674535221,0.442724458204,0.795298686029,0.418578255805,2.25,1.9,0.795298686029,2.25,0.217320261438,0.115384615385,6,0.00882352941176,0.17867965368,17,17,17,1,0,0.352941176471,0.470588235294,0.176470588235,1,0.00367647058824,0.0176470588235,0.117647058824,0.0909090909091,-0.131868131868,0.0428779967836,-0.000646429005719,0.00418375031378,0.0381923136861,-0.00828905296849,-0.00744707555853,-0.0576356768785,-0.0484994876259,-0.0278637770898,0.00910111693678,0.000910797224492,0,0.0176470588235,0.00910111693678,0,0.0509803921569,0.0541601255887,3,0.00441176470588,-0.00727272727273,0,0.0588235294118,-0.0588235294118,37,1,0,234,1,0.995744680851,0.00425531914894,0,0.973684210526,1,0.986666666667,0.984652666406,0.995744680851,0.973684210526,3,2,0,0,0,0
2096,WLNM_dir_neg,0.875,0.291666666667,00:00:01,10,50,33,1983614906,threshold_sweep,0.8,0.666666666667,1,0.8,2,1,0,3,1,0.75,0.25,0,0.666666666667,1,0.8,0.833333333333,0.5,0.666666666667,0.707106781187,0.75,37,35,2,0,37,0,35,0,2,17,37,0.136029411765,1.88235294118,4.35294117647,3.36363636364,2.84615384615,1.69341284359,0.389027274878,0.193958664547,2.09866904602,0.964253345467,0.518282988871,1.87867287326,0.863174022847,0.470588235294,0.786197569093,0.41766745858,2.25,1.88235294118,0.786197569093,2.25,0.166339869281,0.0612244897959,3,0.00441176470588,0.185952380952,17,17,17,1,0,0.352941176471,0.411764705882,0.235294117647,17,0.128676470588,1.90196078431,4.11764705882,3.18181818182,2.69230769231,1.57648156274,0.382859808093,0.201680672269,2.01465221053,0.978545359402,0.524369747899,1.74894926439,0.849489642704,0.463865546218,0.814492905316,0.428238537847,2.33333333333,1.90196078431,0.814492905316,2.33333333333,0,0,0,0,0.164242424242,17,17,17,1,0,0.352941176471,0.411764705882,0.235294117647,17,38,0.139705882353,1.9,4.47058823529,3.45454545455,2.71428571429,1.73629084037,0.388380845872,0.198142414861,2.1368613597,0.955964292498,0.510835913313,1.82103719638,0.814674535221,0.442724458204,0.795298686029,0.418578255805,2.25,1.9,0.795298686029,2.25,0.217320261438,0.115384615385,6,0.00882352941176,0.17867965368,17,17,17,1,0,0.352941176471,0.470588235294,0.176470588235,1,0.00367647058824,0.0176470588235,0.117647058824,0.0909090909091,-0.131868131868,0.0428779967836,-0.000646429005719,0.00418375031378,0.0381923136861,-0.00828905296849,-0.00744707555853,-0.0576356768785,-0.0484994876259,-0.0278637770898,0.00910111693678,0.000910797224492,0,0.0176470588235,0.00910111693678,0,0.0509803921569,0.0541601255887,3,0.00441176470588,-0.00727272727273,0,0.0588235294118,-0.0588235294118,37,1,0,234,1,0.995744680851,0.00425531914894,0,0.973684210526,1,0.986666666667,0.984652666406,0.995744680851,0.973684210526,3,2,0,0,0,0
2097,WLNM_dir_neg,0.875,0.291666666667,00:00:01,10,50,33,1983614906,threshold_sweep,0.9,0.666666666667,1,0.8,2,1,0,3,1,0.75,0.25,0,0.666666666667,1,0.8,0.833333333333,0.5,0.666666666667,0.707106781187,0.75,37,35,2,0,37,0,35,0,2,17,37,0.136029411765,1.88235294118,4.35294117647,3.36363636364,2.84615384615,1.69341284359,0.389027274878,0.193958664547,2.09866904602,0.964253345467,0.518282988871,1.87867287326,0.863174022847,0.470588235294,0.786197569093,0.41766745858,2.25,1.88235294118,0.786197569093,2.25,0.166339869281,0.0612244897959,3,0.00441176470588,0.185952380952,17,17,17,1,0,0.352941176471,0.411764705882,0.235294117647,17,0.128676470588,1.90196078431,4.11764705882,3.18181818182,2.69230769231,1.57648156274,0.382859808093,0.201680672269,2.01465221053,0.978545359402,0.524369747899,1.74894926439,0.849489642704,0.463865546218,0.814492905316,0.428238537847,2.33333333333,1.90196078431,0.814492905316,2.33333333333,0,0,0,0,0.164242424242,17,17,17,1,0,0.352941176471,0.411764705882,0.235294117647,17,38,0.139705882353,1.9,4.47058823529,3.45454545455,2.71428571429,1.73629084037,0.388380845872,0.198142414861,2.1368613597,0.955964292498,0.510835913313,1.82103719638,0.814674535221,0.442724458204,0.795298686029,0.418578255805,2.25,1.9,0.795298686029,2.25,0.217320261438,0.115384615385,6,0.00882352941176,0.17867965368,17,17,17,1,0,0.352941176471,0.470588235294,0.176470588235,1,0.00367647058824,0.0176470588235,0.117647058824,0.0909090909091,-0.131868131868,0.0428779967836,-0.000646429005719,0.00418375031378,0.0381923136861,-0.00828905296849,-0.00744707555853,-0.0576356768785,-0.0484994876259,-0.0278637770898,0.00910111693678,0.000910797224492,0,0.0176470588235,0.00910111693678,0,0.0509803921569,0.0541601255887,3,0.00441176470588,-0.00727272727273,0,0.0588235294118,-0.0588235294118,37,1,0,234,1,0.995744680851,0.00425531914894,0,0.973684210526,1,0.986666666667,0.984652666406,0.995744680851,0.973684210526,3,2,0,0,0,0
2098,WLNM_dir_neg,1,0.5,00:00:02,10,50,34,1983614907,threshold_sweep,0.1,1,1,1,2,0,0,4,1,1,0,0,1,1,1,1,0.555555555556,1,1,1,37,35,2,0,37,0,35,0,2,17,37,0.136029411765,1.88235294118,4.35294117647,3.36363636364,2.84615384615,1.69341284359,0.389027274878,0.193958664547,2.09866904602,0.964253345467,0.518282988871,1.87867287326,0.863174022847,0.470588235294,0.786197569093,0.41766745858,2.25,1.88235294118,0.786197569093,2.25,0.166339869281,0.0612244897959,3,0.00441176470588,0.185952380952,17,17,17,1,0,0.352941176471,0.411764705882,0.235294117647,17,0.128676470588,1.90196078431,4.11764705882,3.18181818182,2.69230769231,1.57648156274,0.382859808093,0.201680672269,2.01465221053,0.978545359402,0.524369747899,1.74894926439,0.849489642704,0.463865546218,0.814492905316,0.428238537847,2.33333333333,1.90196078431,0.814492905316,2.33333333333,0,0,0,0,0.164242424242,17,17,17,1,0,0.352941176471,0.411764705882,0.235294117647,17,37,0.136029411765,1.88235294118,4.35294117647,3.36363636364,2.84615384615,1.69341284359,0.389027274878,0.193958664547,2.09866904602,0.964253345467,0.518282988871,1.87867287326,0.863174022847,0.470588235294,0.786197569093,0.41766745858,2.25,1.88235294118,0.786197569093,2.25,0.166339869281,0.0612244897959,3,0.00441176470588,0.185952380952,17,17,17,1,0,0.352941176471,0.411764705882,0.235294117647,0,0,0,0,0,0,0,0,0,0,0,0,0,0,0,0,0,0,0,0,0,0,0,0,0,0,0,0,0,37,0,0,235,1,1,0,0,1,1,1,1,1,1,2,2,0,0,0,0
2099,WLNM_dir_neg,1,0.5,00:00:02,10,50,34,1983614907,threshold_sweep,0.2,1,1,1,2,0,0,4,1,1,0,0,1,1,1,1,0.555555555556,1,1,1,37,35,2,0,37,0,35,0,2,17,37,0.136029411765,1.88235294118,4.35294117647,3.36363636364,2.84615384615,1.69341284359,0.389027274878,0.193958664547,2.09866904602,0.964253345467,0.518282988871,1.87867287326,0.863174022847,0.470588235294,0.786197569093,0.41766745858,2.25,1.88235294118,0.786197569093,2.25,0.166339869281,0.0612244897959,3,0.00441176470588,0.185952380952,17,17,17,1,0,0.352941176471,0.411764705882,0.235294117647,17,0.128676470588,1.90196078431,4.11764705882,3.18181818182,2.69230769231,1.57648156274,0.382859808093,0.201680672269,2.01465221053,0.978545359402,0.524369747899,1.74894926439,0.849489642704,0.463865546218,0.814492905316,0.428238537847,2.33333333333,1.90196078431,0.814492905316,2.33333333333,0,0,0,0,0.164242424242,17,17,17,1,0,0.352941176471,0.411764705882,0.235294117647,17,37,0.136029411765,1.88235294118,4.35294117647,3.36363636364,2.84615384615,1.69341284359,0.389027274878,0.193958664547,2.09866904602,0.964253345467,0.518282988871,1.87867287326,0.863174022847,0.470588235294,0.786197569093,0.41766745858,2.25,1.88235294118,0.786197569093,2.25,0.166339869281,0.0612244897959,3,0.00441176470588,0.185952380952,17,17,17,1,0,0.352941176471,0.411764705882,0.235294117647,0,0,0,0,0,0,0,0,0,0,0,0,0,0,0,0,0,0,0,0,0,0,0,0,0,0,0,0,0,37,0,0,235,1,1,0,0,1,1,1,1,1,1,2,2,0,0,0,0
2100,WLNM_dir_neg,1,0.5,00:00:02,10,50,34,1983614907,threshold_sweep,0.3,1,1,1,2,0,0,4,1,1,0,0,1,1,1,1,0.555555555556,1,1,1,37,35,2,0,37,0,35,0,2,17,37,0.136029411765,1.88235294118,4.35294117647,3.36363636364,2.84615384615,1.69341284359,0.389027274878,0.193958664547,2.09866904602,0.964253345467,0.518282988871,1.87867287326,0.863174022847,0.470588235294,0.786197569093,0.41766745858,2.25,1.88235294118,0.786197569093,2.25,0.166339869281,0.0612244897959,3,0.00441176470588,0.185952380952,17,17,17,1,0,0.352941176471,0.411764705882,0.235294117647,17,0.128676470588,1.90196078431,4.11764705882,3.18181818182,2.69230769231,1.57648156274,0.382859808093,0.201680672269,2.01465221053,0.978545359402,0.524369747899,1.74894926439,0.849489642704,0.463865546218,0.814492905316,0.428238537847,2.33333333333,1.90196078431,0.814492905316,2.33333333333,0,0,0,0,0.164242424242,17,17,17,1,0,0.352941176471,0.411764705882,0.235294117647,17,37,0.136029411765,1.88235294118,4.35294117647,3.36363636364,2.84615384615,1.69341284359,0.389027274878,0.193958664547,2.09866904602,0.964253345467,0.518282988871,1.87867287326,0.863174022847,0.470588235294,0.786197569093,0.41766745858,2.25,1.88235294118,0.786197569093,2.25,0.166339869281,0.0612244897959,3,0.00441176470588,0.185952380952,17,17,17,1,0,0.352941176471,0.411764705882,0.235294117647,0,0,0,0,0,0,0,0,0,0,0,0,0,0,0,0,0,0,0,0,0,0,0,0,0,0,0,0,0,37,0,0,235,1,1,0,0,1,1,1,1,1,1,2,2,0,0,0,0
2101,WLNM_dir_neg,1,0.5,00:00:02,10,50,34,1983614907,threshold_sweep,0.4,1,1,1,2,0,0,4,1,1,0,0,1,1,1,1,0.555555555556,1,1,1,37,35,2,0,37,0,35,0,2,17,37,0.136029411765,1.88235294118,4.35294117647,3.36363636364,2.84615384615,1.69341284359,0.389027274878,0.193958664547,2.09866904602,0.964253345467,0.518282988871,1.87867287326,0.863174022847,0.470588235294,0.786197569093,0.41766745858,2.25,1.88235294118,0.786197569093,2.25,0.166339869281,0.0612244897959,3,0.00441176470588,0.185952380952,17,17,17,1,0,0.352941176471,0.411764705882,0.235294117647,17,0.128676470588,1.90196078431,4.11764705882,3.18181818182,2.69230769231,1.57648156274,0.382859808093,0.201680672269,2.01465221053,0.978545359402,0.524369747899,1.74894926439,0.849489642704,0.463865546218,0.814492905316,0.428238537847,2.33333333333,1.90196078431,0.814492905316,2.33333333333,0,0,0,0,0.164242424242,17,17,17,1,0,0.352941176471,0.411764705882,0.235294117647,17,37,0.136029411765,1.88235294118,4.35294117647,3.36363636364,2.84615384615,1.69341284359,0.389027274878,0.193958664547,2.09866904602,0.964253345467,0.518282988871,1.87867287326,0.863174022847,0.470588235294,0.786197569093,0.41766745858,2.25,1.88235294118,0.786197569093,2.25,0.166339869281,0.0612244897959,3,0.00441176470588,0.185952380952,17,17,17,1,0,0.352941176471,0.411764705882,0.235294117647,0,0,0,0,0,0,0,0,0,0,0,0,0,0,0,0,0,0,0,0,0,0,0,0,0,0,0,0,0,37,0,0,235,1,1,0,0,1,1,1,1,1,1,2,2,0,0,0,0
2102,WLNM_dir_neg,1,0.5,00:00:02,10,50,34,1983614907,threshold_sweep,0.5,1,1,1,2,0,0,4,1,1,0,0,1,1,1,1,0.555555555556,1,1,1,37,35,2,0,37,0,35,0,2,17,37,0.136029411765,1.88235294118,4.35294117647,3.36363636364,2.84615384615,1.69341284359,0.389027274878,0.193958664547,2.09866904602,0.964253345467,0.518282988871,1.87867287326,0.863174022847,0.470588235294,0.786197569093,0.41766745858,2.25,1.88235294118,0.786197569093,2.25,0.166339869281,0.0612244897959,3,0.00441176470588,0.185952380952,17,17,17,1,0,0.352941176471,0.411764705882,0.235294117647,17,0.128676470588,1.90196078431,4.11764705882,3.18181818182,2.69230769231,1.57648156274,0.382859808093,0.201680672269,2.01465221053,0.978545359402,0.524369747899,1.74894926439,0.849489642704,0.463865546218,0.814492905316,0.428238537847,2.33333333333,1.90196078431,0.814492905316,2.33333333333,0,0,0,0,0.164242424242,17,17,17,1,0,0.352941176471,0.411764705882,0.235294117647,17,37,0.136029411765,1.88235294118,4.35294117647,3.36363636364,2.84615384615,1.69341284359,0.389027274878,0.193958664547,2.09866904602,0.964253345467,0.518282988871,1.87867287326,0.863174022847,0.470588235294,0.786197569093,0.41766745858,2.25,1.88235294118,0.786197569093,2.25,0.166339869281,0.0612244897959,3,0.00441176470588,0.185952380952,17,17,17,1,0,0.352941176471,0.411764705882,0.235294117647,0,0,0,0,0,0,0,0,0,0,0,0,0,0,0,0,0,0,0,0,0,0,0,0,0,0,0,0,0,37,0,0,235,1,1,0,0,1,1,1,1,1,1,2,2,0,0,0,0
2103,WLNM_dir_neg,1,0.5,00:00:02,10,50,34,1983614907,threshold_sweep,0.6,1,1,1,2,0,0,4,1,1,0,0,1,1,1,1,0.555555555556,1,1,1,37,35,2,0,37,0,35,0,2,17,37,0.136029411765,1.88235294118,4.35294117647,3.36363636364,2.84615384615,1.69341284359,0.389027274878,0.193958664547,2.09866904602,0.964253345467,0.518282988871,1.87867287326,0.863174022847,0.470588235294,0.786197569093,0.41766745858,2.25,1.88235294118,0.786197569093,2.25,0.166339869281,0.0612244897959,3,0.00441176470588,0.185952380952,17,17,17,1,0,0.352941176471,0.411764705882,0.235294117647,17,0.128676470588,1.90196078431,4.11764705882,3.18181818182,2.69230769231,1.57648156274,0.382859808093,0.201680672269,2.01465221053,0.978545359402,0.524369747899,1.74894926439,0.849489642704,0.463865546218,0.814492905316,0.428238537847,2.33333333333,1.90196078431,0.814492905316,2.33333333333,0,0,0,0,0.164242424242,17,17,17,1,0,0.352941176471,0.411764705882,0.235294117647,17,37,0.136029411765,1.88235294118,4.35294117647,3.36363636364,2.84615384615,1.69341284359,0.389027274878,0.193958664547,2.09866904602,0.964253345467,0.518282988871,1.87867287326,0.863174022847,0.470588235294,0.786197569093,0.41766745858,2.25,1.88235294118,0.786197569093,2.25,0.166339869281,0.0612244897959,3,0.00441176470588,0.185952380952,17,17,17,1,0,0.352941176471,0.411764705882,0.235294117647,0,0,0,0,0,0,0,0,0,0,0,0,0,0,0,0,0,0,0,0,0,0,0,0,0,0,0,0,0,37,0,0,235,1,1,0,0,1,1,1,1,1,1,2,2,0,0,0,0
2104,WLNM_dir_neg,1,0.5,00:00:02,10,50,34,1983614907,threshold_sweep,0.7,1,1,1,2,0,0,4,1,1,0,0,1,1,1,1,0.555555555556,1,1,1,37,35,2,0,37,0,35,0,2,17,37,0.136029411765,1.88235294118,4.35294117647,3.36363636364,2.84615384615,1.69341284359,0.389027274878,0.193958664547,2.09866904602,0.964253345467,0.518282988871,1.87867287326,0.863174022847,0.470588235294,0.786197569093,0.41766745858,2.25,1.88235294118,0.786197569093,2.25,0.166339869281,0.0612244897959,3,0.00441176470588,0.185952380952,17,17,17,1,0,0.352941176471,0.411764705882,0.235294117647,17,0.128676470588,1.90196078431,4.11764705882,3.18181818182,2.69230769231,1.57648156274,0.382859808093,0.201680672269,2.01465221053,0.978545359402,0.524369747899,1.74894926439,0.849489642704,0.463865546218,0.814492905316,0.428238537847,2.33333333333,1.90196078431,0.814492905316,2.33333333333,0,0,0,0,0.164242424242,17,17,17,1,0,0.352941176471,0.411764705882,0.235294117647,17,37,0.136029411765,1.88235294118,4.35294117647,3.36363636364,2.84615384615,1.69341284359,0.389027274878,0.193958664547,2.09866904602,0.964253345467,0.518282988871,1.87867287326,0.863174022847,0.470588235294,0.786197569093,0.41766745858,2.25,1.88235294118,0.786197569093,2.25,0.166339869281,0.0612244897959,3,0.00441176470588,0.185952380952,17,17,17,1,0,0.352941176471,0.411764705882,0.235294117647,0,0,0,0,0,0,0,0,0,0,0,0,0,0,0,0,0,0,0,0,0,0,0,0,0,0,0,0,0,37,0,0,235,1,1,0,0,1,1,1,1,1,1,2,2,0,0,0,0
2105,WLNM_dir_neg,1,0.5,00:00:02,10,50,34,1983614907,threshold_sweep,0.8,1,1,1,2,0,0,4,1,1,0,0,1,1,1,1,0.555555555556,1,1,1,37,35,2,0,37,0,35,0,2,17,37,0.136029411765,1.88235294118,4.35294117647,3.36363636364,2.84615384615,1.69341284359,0.389027274878,0.193958664547,2.09866904602,0.964253345467,0.518282988871,1.87867287326,0.863174022847,0.470588235294,0.786197569093,0.41766745858,2.25,1.88235294118,0.786197569093,2.25,0.166339869281,0.0612244897959,3,0.00441176470588,0.185952380952,17,17,17,1,0,0.352941176471,0.411764705882,0.235294117647,17,0.128676470588,1.90196078431,4.11764705882,3.18181818182,2.69230769231,1.57648156274,0.382859808093,0.201680672269,2.01465221053,0.978545359402,0.524369747899,1.74894926439,0.849489642704,0.463865546218,0.814492905316,0.428238537847,2.33333333333,1.90196078431,0.814492905316,2.33333333333,0,0,0,0,0.164242424242,17,17,17,1,0,0.352941176471,0.411764705882,0.235294117647,17,37,0.136029411765,1.88235294118,4.35294117647,3.36363636364,2.84615384615,1.69341284359,0.389027274878,0.193958664547,2.09866904602,0.964253345467,0.518282988871,1.87867287326,0.863174022847,0.470588235294,0.786197569093,0.41766745858,2.25,1.88235294118,0.786197569093,2.25,0.166339869281,0.0612244897959,3,0.00441176470588,0.185952380952,17,17,17,1,0,0.352941176471,0.411764705882,0.235294117647,0,0,0,0,0,0,0,0,0,0,0,0,0,0,0,0,0,0,0,0,0,0,0,0,0,0,0,0,0,37,0,0,235,1,1,0,0,1,1,1,1,1,1,2,2,0,0,0,0
2106,WLNM_dir_neg,1,0.5,00:00:02,10,50,34,1983614907,threshold_sweep,0.9,1,1,1,2,0,0,4,1,1,0,0,1,1,1,1,0.555555555556,1,1,1,37,35,2,0,37,0,35,0,2,17,37,0.136029411765,1.88235294118,4.35294117647,3.36363636364,2.84615384615,1.69341284359,0.389027274878,0.193958664547,2.09866904602,0.964253345467,0.518282988871,1.87867287326,0.863174022847,0.470588235294,0.786197569093,0.41766745858,2.25,1.88235294118,0.786197569093,2.25,0.166339869281,0.0612244897959,3,0.00441176470588,0.185952380952,17,17,17,1,0,0.352941176471,0.411764705882,0.235294117647,17,0.128676470588,1.90196078431,4.11764705882,3.18181818182,2.69230769231,1.57648156274,0.382859808093,0.201680672269,2.01465221053,0.978545359402,0.524369747899,1.74894926439,0.849489642704,0.463865546218,0.814492905316,0.428238537847,2.33333333333,1.90196078431,0.814492905316,2.33333333333,0,0,0,0,0.164242424242,17,17,17,1,0,0.352941176471,0.411764705882,0.235294117647,17,37,0.136029411765,1.88235294118,4.35294117647,3.36363636364,2.84615384615,1.69341284359,0.389027274878,0.193958664547,2.09866904602,0.964253345467,0.518282988871,1.87867287326,0.863174022847,0.470588235294,0.786197569093,0.41766745858,2.25,1.88235294118,0.786197569093,2.25,0.166339869281,0.0612244897959,3,0.00441176470588,0.185952380952,17,17,17,1,0,0.352941176471,0.411764705882,0.235294117647,0,0,0,0,0,0,0,0,0,0,0,0,0,0,0,0,0,0,0,0,0,0,0,0,0,0,0,0,0,37,0,0,235,1,1,0,0,1,1,1,1,1,1,2,2,0,0,0,0
2107,WLNM_dir_neg,1,0.5,00:00:01,10,50,35,1983614908,threshold_sweep,0.1,1,1,1,2,0,0,4,1,1,0,0,1,1,1,1,0.555555555556,1,1,1,37,35,2,0,37,0,35,0,2,17,37,0.136029411765,1.88235294118,4.35294117647,3.36363636364,2.84615384615,1.69341284359,0.389027274878,0.193958664547,2.09866904602,0.964253345467,0.518282988871,1.87867287326,0.863174022847,0.470588235294,0.786197569093,0.41766745858,2.25,1.88235294118,0.786197569093,2.25,0.166339869281,0.0612244897959,3,0.00441176470588,0.185952380952,17,17,17,1,0,0.352941176471,0.411764705882,0.235294117647,17,0.128676470588,1.90196078431,4.11764705882,3.18181818182,2.69230769231,1.57648156274,0.382859808093,0.201680672269,2.01465221053,0.978545359402,0.524369747899,1.74894926439,0.849489642704,0.463865546218,0.814492905316,0.428238537847,2.33333333333,1.90196078431,0.814492905316,2.33333333333,0,0,0,0,0.164242424242,17,17,17,1,0,0.352941176471,0.411764705882,0.235294117647,17,37,0.136029411765,1.88235294118,4.35294117647,3.36363636364,2.84615384615,1.69341284359,0.389027274878,0.193958664547,2.09866904602,0.964253345467,0.518282988871,1.87867287326,0.863174022847,0.470588235294,0.786197569093,0.41766745858,2.25,1.88235294118,0.786197569093,2.25,0.166339869281,0.0612244897959,3,0.00441176470588,0.185952380952,17,17,17,1,0,0.352941176471,0.411764705882,0.235294117647,0,0,0,0,0,0,0,0,0,0,0,0,0,0,0,0,0,0,0,0,0,0,0,0,0,0,0,0,0,37,0,0,235,1,1,0,0,1,1,1,1,1,1,2,2,0,0,0,0
2108,WLNM_dir_neg,1,0.5,00:00:01,10,50,35,1983614908,threshold_sweep,0.2,1,1,1,2,0,0,4,1,1,0,0,1,1,1,1,0.555555555556,1,1,1,37,35,2,0,37,0,35,0,2,17,37,0.136029411765,1.88235294118,4.35294117647,3.36363636364,2.84615384615,1.69341284359,0.389027274878,0.193958664547,2.09866904602,0.964253345467,0.518282988871,1.87867287326,0.863174022847,0.470588235294,0.786197569093,0.41766745858,2.25,1.88235294118,0.786197569093,2.25,0.166339869281,0.0612244897959,3,0.00441176470588,0.185952380952,17,17,17,1,0,0.352941176471,0.411764705882,0.235294117647,17,0.128676470588,1.90196078431,4.11764705882,3.18181818182,2.69230769231,1.57648156274,0.382859808093,0.201680672269,2.01465221053,0.978545359402,0.524369747899,1.74894926439,0.849489642704,0.463865546218,0.814492905316,0.428238537847,2.33333333333,1.90196078431,0.814492905316,2.33333333333,0,0,0,0,0.164242424242,17,17,17,1,0,0.352941176471,0.411764705882,0.235294117647,17,37,0.136029411765,1.88235294118,4.35294117647,3.36363636364,2.84615384615,1.69341284359,0.389027274878,0.193958664547,2.09866904602,0.964253345467,0.518282988871,1.87867287326,0.863174022847,0.470588235294,0.786197569093,0.41766745858,2.25,1.88235294118,0.786197569093,2.25,0.166339869281,0.0612244897959,3,0.00441176470588,0.185952380952,17,17,17,1,0,0.352941176471,0.411764705882,0.235294117647,0,0,0,0,0,0,0,0,0,0,0,0,0,0,0,0,0,0,0,0,0,0,0,0,0,0,0,0,0,37,0,0,235,1,1,0,0,1,1,1,1,1,1,2,2,0,0,0,0
2109,WLNM_dir_neg,1,0.5,00:00:01,10,50,35,1983614908,threshold_sweep,0.3,1,1,1,2,0,0,4,1,1,0,0,1,1,1,1,0.555555555556,1,1,1,37,35,2,0,37,0,35,0,2,17,37,0.136029411765,1.88235294118,4.35294117647,3.36363636364,2.84615384615,1.69341284359,0.389027274878,0.193958664547,2.09866904602,0.964253345467,0.518282988871,1.87867287326,0.863174022847,0.470588235294,0.786197569093,0.41766745858,2.25,1.88235294118,0.786197569093,2.25,0.166339869281,0.0612244897959,3,0.00441176470588,0.185952380952,17,17,17,1,0,0.352941176471,0.411764705882,0.235294117647,17,0.128676470588,1.90196078431,4.11764705882,3.18181818182,2.69230769231,1.57648156274,0.382859808093,0.201680672269,2.01465221053,0.978545359402,0.524369747899,1.74894926439,0.849489642704,0.463865546218,0.814492905316,0.428238537847,2.33333333333,1.90196078431,0.814492905316,2.33333333333,0,0,0,0,0.164242424242,17,17,17,1,0,0.352941176471,0.411764705882,0.235294117647,17,37,0.136029411765,1.88235294118,4.35294117647,3.36363636364,2.84615384615,1.69341284359,0.389027274878,0.193958664547,2.09866904602,0.964253345467,0.518282988871,1.87867287326,0.863174022847,0.470588235294,0.786197569093,0.41766745858,2.25,1.88235294118,0.786197569093,2.25,0.166339869281,0.0612244897959,3,0.00441176470588,0.185952380952,17,17,17,1,0,0.352941176471,0.411764705882,0.235294117647,0,0,0,0,0,0,0,0,0,0,0,0,0,0,0,0,0,0,0,0,0,0,0,0,0,0,0,0,0,37,0,0,235,1,1,0,0,1,1,1,1,1,1,2,2,0,0,0,0
2110,WLNM_dir_neg,1,0.5,00:00:01,10,50,35,1983614908,threshold_sweep,0.4,1,1,1,2,0,0,4,1,1,0,0,1,1,1,1,0.555555555556,1,1,1,37,35,2,0,37,0,35,0,2,17,37,0.136029411765,1.88235294118,4.35294117647,3.36363636364,2.84615384615,1.69341284359,0.389027274878,0.193958664547,2.09866904602,0.964253345467,0.518282988871,1.87867287326,0.863174022847,0.470588235294,0.786197569093,0.41766745858,2.25,1.88235294118,0.786197569093,2.25,0.166339869281,0.0612244897959,3,0.00441176470588,0.185952380952,17,17,17,1,0,0.352941176471,0.411764705882,0.235294117647,17,0.128676470588,1.90196078431,4.11764705882,3.18181818182,2.69230769231,1.57648156274,0.382859808093,0.201680672269,2.01465221053,0.978545359402,0.524369747899,1.74894926439,0.849489642704,0.463865546218,0.814492905316,0.428238537847,2.33333333333,1.90196078431,0.814492905316,2.33333333333,0,0,0,0,0.164242424242,17,17,17,1,0,0.352941176471,0.411764705882,0.235294117647,17,37,0.136029411765,1.88235294118,4.35294117647,3.36363636364,2.84615384615,1.69341284359,0.389027274878,0.193958664547,2.09866904602,0.964253345467,0.518282988871,1.87867287326,0.863174022847,0.470588235294,0.786197569093,0.41766745858,2.25,1.88235294118,0.786197569093,2.25,0.166339869281,0.0612244897959,3,0.00441176470588,0.185952380952,17,17,17,1,0,0.352941176471,0.411764705882,0.235294117647,0,0,0,0,0,0,0,0,0,0,0,0,0,0,0,0,0,0,0,0,0,0,0,0,0,0,0,0,0,37,0,0,235,1,1,0,0,1,1,1,1,1,1,2,2,0,0,0,0
2111,WLNM_dir_neg,1,0.5,00:00:01,10,50,35,1983614908,threshold_sweep,0.5,1,1,1,2,0,0,4,1,1,0,0,1,1,1,1,0.555555555556,1,1,1,37,35,2,0,37,0,35,0,2,17,37,0.136029411765,1.88235294118,4.35294117647,3.36363636364,2.84615384615,1.69341284359,0.389027274878,0.193958664547,2.09866904602,0.964253345467,0.518282988871,1.87867287326,0.863174022847,0.470588235294,0.786197569093,0.41766745858,2.25,1.88235294118,0.786197569093,2.25,0.166339869281,0.0612244897959,3,0.00441176470588,0.185952380952,17,17,17,1,0,0.352941176471,0.411764705882,0.235294117647,17,0.128676470588,1.90196078431,4.11764705882,3.18181818182,2.69230769231,1.57648156274,0.382859808093,0.201680672269,2.01465221053,0.978545359402,0.524369747899,1.74894926439,0.849489642704,0.463865546218,0.814492905316,0.428238537847,2.33333333333,1.90196078431,0.814492905316,2.33333333333,0,0,0,0,0.164242424242,17,17,17,1,0,0.352941176471,0.411764705882,0.235294117647,17,37,0.136029411765,1.88235294118,4.35294117647,3.36363636364,2.84615384615,1.69341284359,0.389027274878,0.193958664547,2.09866904602,0.964253345467,0.518282988871,1.87867287326,0.863174022847,0.470588235294,0.786197569093,0.41766745858,2.25,1.88235294118,0.786197569093,2.25,0.166339869281,0.0612244897959,3,0.00441176470588,0.185952380952,17,17,17,1,0,0.352941176471,0.411764705882,0.235294117647,0,0,0,0,0,0,0,0,0,0,0,0,0,0,0,0,0,0,0,0,0,0,0,0,0,0,0,0,0,37,0,0,235,1,1,0,0,1,1,1,1,1,1,2,2,0,0,0,0
2112,WLNM_dir_neg,1,0.5,00:00:01,10,50,35,1983614908,threshold_sweep,0.6,1,1,1,2,0,0,4,1,1,0,0,1,1,1,1,0.555555555556,1,1,1,37,35,2,0,37,0,35,0,2,17,37,0.136029411765,1.88235294118,4.35294117647,3.36363636364,2.84615384615,1.69341284359,0.389027274878,0.193958664547,2.09866904602,0.964253345467,0.518282988871,1.87867287326,0.863174022847,0.470588235294,0.786197569093,0.41766745858,2.25,1.88235294118,0.786197569093,2.25,0.166339869281,0.0612244897959,3,0.00441176470588,0.185952380952,17,17,17,1,0,0.352941176471,0.411764705882,0.235294117647,17,0.128676470588,1.90196078431,4.11764705882,3.18181818182,2.69230769231,1.57648156274,0.382859808093,0.201680672269,2.01465221053,0.978545359402,0.524369747899,1.74894926439,0.849489642704,0.463865546218,0.814492905316,0.428238537847,2.33333333333,1.90196078431,0.814492905316,2.33333333333,0,0,0,0,0.164242424242,17,17,17,1,0,0.352941176471,0.411764705882,0.235294117647,17,37,0.136029411765,1.88235294118,4.35294117647,3.36363636364,2.84615384615,1.69341284359,0.389027274878,0.193958664547,2.09866904602,0.964253345467,0.518282988871,1.87867287326,0.863174022847,0.470588235294,0.786197569093,0.41766745858,2.25,1.88235294118,0.786197569093,2.25,0.166339869281,0.0612244897959,3,0.00441176470588,0.185952380952,17,17,17,1,0,0.352941176471,0.411764705882,0.235294117647,0,0,0,0,0,0,0,0,0,0,0,0,0,0,0,0,0,0,0,0,0,0,0,0,0,0,0,0,0,37,0,0,235,1,1,0,0,1,1,1,1,1,1,2,2,0,0,0,0
2113,WLNM_dir_neg,1,0.5,00:00:01,10,50,35,1983614908,threshold_sweep,0.7,1,1,1,2,0,0,4,1,1,0,0,1,1,1,1,0.555555555556,1,1,1,37,35,2,0,37,0,35,0,2,17,37,0.136029411765,1.88235294118,4.35294117647,3.36363636364,2.84615384615,1.69341284359,0.389027274878,0.193958664547,2.09866904602,0.964253345467,0.518282988871,1.87867287326,0.863174022847,0.470588235294,0.786197569093,0.41766745858,2.25,1.88235294118,0.786197569093,2.25,0.166339869281,0.0612244897959,3,0.00441176470588,0.185952380952,17,17,17,1,0,0.352941176471,0.411764705882,0.235294117647,17,0.128676470588,1.90196078431,4.11764705882,3.18181818182,2.69230769231,1.57648156274,0.382859808093,0.201680672269,2.01465221053,0.978545359402,0.524369747899,1.74894926439,0.849489642704,0.463865546218,0.814492905316,0.428238537847,2.33333333333,1.90196078431,0.814492905316,2.33333333333,0,0,0,0,0.164242424242,17,17,17,1,0,0.352941176471,0.411764705882,0.235294117647,17,37,0.136029411765,1.88235294118,4.35294117647,3.36363636364,2.84615384615,1.69341284359,0.389027274878,0.193958664547,2.09866904602,0.964253345467,0.518282988871,1.87867287326,0.863174022847,0.470588235294,0.786197569093,0.41766745858,2.25,1.88235294118,0.786197569093,2.25,0.166339869281,0.0612244897959,3,0.00441176470588,0.185952380952,17,17,17,1,0,0.352941176471,0.411764705882,0.235294117647,0,0,0,0,0,0,0,0,0,0,0,0,0,0,0,0,0,0,0,0,0,0,0,0,0,0,0,0,0,37,0,0,235,1,1,0,0,1,1,1,1,1,1,2,2,0,0,0,0
2114,WLNM_dir_neg,1,0.5,00:00:01,10,50,35,1983614908,threshold_sweep,0.8,1,1,1,2,0,0,4,1,1,0,0,1,1,1,1,0.555555555556,1,1,1,37,35,2,0,37,0,35,0,2,17,37,0.136029411765,1.88235294118,4.35294117647,3.36363636364,2.84615384615,1.69341284359,0.389027274878,0.193958664547,2.09866904602,0.964253345467,0.518282988871,1.87867287326,0.863174022847,0.470588235294,0.786197569093,0.41766745858,2.25,1.88235294118,0.786197569093,2.25,0.166339869281,0.0612244897959,3,0.00441176470588,0.185952380952,17,17,17,1,0,0.352941176471,0.411764705882,0.235294117647,17,0.128676470588,1.90196078431,4.11764705882,3.18181818182,2.69230769231,1.57648156274,0.382859808093,0.201680672269,2.01465221053,0.978545359402,0.524369747899,1.74894926439,0.849489642704,0.463865546218,0.814492905316,0.428238537847,2.33333333333,1.90196078431,0.814492905316,2.33333333333,0,0,0,0,0.164242424242,17,17,17,1,0,0.352941176471,0.411764705882,0.235294117647,17,37,0.136029411765,1.88235294118,4.35294117647,3.36363636364,2.84615384615,1.69341284359,0.389027274878,0.193958664547,2.09866904602,0.964253345467,0.518282988871,1.87867287326,0.863174022847,0.470588235294,0.786197569093,0.41766745858,2.25,1.88235294118,0.786197569093,2.25,0.166339869281,0.0612244897959,3,0.00441176470588,0.185952380952,17,17,17,1,0,0.352941176471,0.411764705882,0.235294117647,0,0,0,0,0,0,0,0,0,0,0,0,0,0,0,0,0,0,0,0,0,0,0,0,0,0,0,0,0,37,0,0,235,1,1,0,0,1,1,1,1,1,1,2,2,0,0,0,0
2115,WLNM_dir_neg,1,0.5,00:00:01,10,50,35,1983614908,threshold_sweep,0.9,1,1,1,2,0,0,4,1,1,0,0,1,1,1,1,0.555555555556,1,1,1,37,35,2,0,37,0,35,0,2,17,37,0.136029411765,1.88235294118,4.35294117647,3.36363636364,2.84615384615,1.69341284359,0.389027274878,0.193958664547,2.09866904602,0.964253345467,0.518282988871,1.87867287326,0.863174022847,0.470588235294,0.786197569093,0.41766745858,2.25,1.88235294118,0.786197569093,2.25,0.166339869281,0.0612244897959,3,0.00441176470588,0.185952380952,17,17,17,1,0,0.352941176471,0.411764705882,0.235294117647,17,0.128676470588,1.90196078431,4.11764705882,3.18181818182,2.69230769231,1.57648156274,0.382859808093,0.201680672269,2.01465221053,0.978545359402,0.524369747899,1.74894926439,0.849489642704,0.463865546218,0.814492905316,0.428238537847,2.33333333333,1.90196078431,0.814492905316,2.33333333333,0,0,0,0,0.164242424242,17,17,17,1,0,0.352941176471,0.411764705882,0.235294117647,17,37,0.136029411765,1.88235294118,4.35294117647,3.36363636364,2.84615384615,1.69341284359,0.389027274878,0.193958664547,2.09866904602,0.964253345467,0.518282988871,1.87867287326,0.863174022847,0.470588235294,0.786197569093,0.41766745858,2.25,1.88235294118,0.786197569093,2.25,0.166339869281,0.0612244897959,3,0.00441176470588,0.185952380952,17,17,17,1,0,0.352941176471,0.411764705882,0.235294117647,0,0,0,0,0,0,0,0,0,0,0,0,0,0,0,0,0,0,0,0,0,0,0,0,0,0,0,0,0,37,0,0,235,1,1,0,0,1,1,1,1,1,1,2,2,0,0,0,0
2116,WLNM_dir_neg,1,0.5,00:00:01,10,50,36,1983614909,threshold_sweep,0.1,1,1,1,2,0,0,4,1,1,0,0,1,1,1,1,0.555555555556,1,1,1,37,35,2,0,37,0,35,0,2,17,37,0.136029411765,1.88235294118,4.35294117647,3.36363636364,2.84615384615,1.69341284359,0.389027274878,0.193958664547,2.09866904602,0.964253345467,0.518282988871,1.87867287326,0.863174022847,0.470588235294,0.786197569093,0.41766745858,2.25,1.88235294118,0.786197569093,2.25,0.166339869281,0.0612244897959,3,0.00441176470588,0.185952380952,17,17,17,1,0,0.352941176471,0.411764705882,0.235294117647,17,0.128676470588,1.90196078431,4.11764705882,3.18181818182,2.69230769231,1.57648156274,0.382859808093,0.201680672269,2.01465221053,0.978545359402,0.524369747899,1.74894926439,0.849489642704,0.463865546218,0.814492905316,0.428238537847,2.33333333333,1.90196078431,0.814492905316,2.33333333333,0,0,0,0,0.164242424242,17,17,17,1,0,0.352941176471,0.411764705882,0.235294117647,17,37,0.136029411765,1.88235294118,4.35294117647,3.36363636364,2.84615384615,1.69341284359,0.389027274878,0.193958664547,2.09866904602,0.964253345467,0.518282988871,1.87867287326,0.863174022847,0.470588235294,0.786197569093,0.41766745858,2.25,1.88235294118,0.786197569093,2.25,0.166339869281,0.0612244897959,3,0.00441176470588,0.185952380952,17,17,17,1,0,0.352941176471,0.411764705882,0.235294117647,0,0,0,0,0,0,0,0,0,0,0,0,0,0,0,0,0,0,0,0,0,0,0,0,0,0,0,0,0,37,0,0,235,1,1,0,0,1,1,1,1,1,1,2,2,0,0,0,0
2117,WLNM_dir_neg,1,0.5,00:00:01,10,50,36,1983614909,threshold_sweep,0.2,1,1,1,2,0,0,4,1,1,0,0,1,1,1,1,0.555555555556,1,1,1,37,35,2,0,37,0,35,0,2,17,37,0.136029411765,1.88235294118,4.35294117647,3.36363636364,2.84615384615,1.69341284359,0.389027274878,0.193958664547,2.09866904602,0.964253345467,0.518282988871,1.87867287326,0.863174022847,0.470588235294,0.786197569093,0.41766745858,2.25,1.88235294118,0.786197569093,2.25,0.166339869281,0.0612244897959,3,0.00441176470588,0.185952380952,17,17,17,1,0,0.352941176471,0.411764705882,0.235294117647,17,0.128676470588,1.90196078431,4.11764705882,3.18181818182,2.69230769231,1.57648156274,0.382859808093,0.201680672269,2.01465221053,0.978545359402,0.524369747899,1.74894926439,0.849489642704,0.463865546218,0.814492905316,0.428238537847,2.33333333333,1.90196078431,0.814492905316,2.33333333333,0,0,0,0,0.164242424242,17,17,17,1,0,0.352941176471,0.411764705882,0.235294117647,17,37,0.136029411765,1.88235294118,4.35294117647,3.36363636364,2.84615384615,1.69341284359,0.389027274878,0.193958664547,2.09866904602,0.964253345467,0.518282988871,1.87867287326,0.863174022847,0.470588235294,0.786197569093,0.41766745858,2.25,1.88235294118,0.786197569093,2.25,0.166339869281,0.0612244897959,3,0.00441176470588,0.185952380952,17,17,17,1,0,0.352941176471,0.411764705882,0.235294117647,0,0,0,0,0,0,0,0,0,0,0,0,0,0,0,0,0,0,0,0,0,0,0,0,0,0,0,0,0,37,0,0,235,1,1,0,0,1,1,1,1,1,1,2,2,0,0,0,0
2118,WLNM_dir_neg,1,0.5,00:00:01,10,50,36,1983614909,threshold_sweep,0.3,1,1,1,2,0,0,4,1,1,0,0,1,1,1,1,0.555555555556,1,1,1,37,35,2,0,37,0,35,0,2,17,37,0.136029411765,1.88235294118,4.35294117647,3.36363636364,2.84615384615,1.69341284359,0.389027274878,0.193958664547,2.09866904602,0.964253345467,0.518282988871,1.87867287326,0.863174022847,0.470588235294,0.786197569093,0.41766745858,2.25,1.88235294118,0.786197569093,2.25,0.166339869281,0.0612244897959,3,0.00441176470588,0.185952380952,17,17,17,1,0,0.352941176471,0.411764705882,0.235294117647,17,0.128676470588,1.90196078431,4.11764705882,3.18181818182,2.69230769231,1.57648156274,0.382859808093,0.201680672269,2.01465221053,0.978545359402,0.524369747899,1.74894926439,0.849489642704,0.463865546218,0.814492905316,0.428238537847,2.33333333333,1.90196078431,0.814492905316,2.33333333333,0,0,0,0,0.164242424242,17,17,17,1,0,0.352941176471,0.411764705882,0.235294117647,17,37,0.136029411765,1.88235294118,4.35294117647,3.36363636364,2.84615384615,1.69341284359,0.389027274878,0.193958664547,2.09866904602,0.964253345467,0.518282988871,1.87867287326,0.863174022847,0.470588235294,0.786197569093,0.41766745858,2.25,1.88235294118,0.786197569093,2.25,0.166339869281,0.0612244897959,3,0.00441176470588,0.185952380952,17,17,17,1,0,0.352941176471,0.411764705882,0.235294117647,0,0,0,0,0,0,0,0,0,0,0,0,0,0,0,0,0,0,0,0,0,0,0,0,0,0,0,0,0,37,0,0,235,1,1,0,0,1,1,1,1,1,1,2,2,0,0,0,0
2119,WLNM_dir_neg,1,0.5,00:00:01,10,50,36,1983614909,threshold_sweep,0.4,1,1,1,2,0,0,4,1,1,0,0,1,1,1,1,0.555555555556,1,1,1,37,35,2,0,37,0,35,0,2,17,37,0.136029411765,1.88235294118,4.35294117647,3.36363636364,2.84615384615,1.69341284359,0.389027274878,0.193958664547,2.09866904602,0.964253345467,0.518282988871,1.87867287326,0.863174022847,0.470588235294,0.786197569093,0.41766745858,2.25,1.88235294118,0.786197569093,2.25,0.166339869281,0.0612244897959,3,0.00441176470588,0.185952380952,17,17,17,1,0,0.352941176471,0.411764705882,0.235294117647,17,0.128676470588,1.90196078431,4.11764705882,3.18181818182,2.69230769231,1.57648156274,0.382859808093,0.201680672269,2.01465221053,0.978545359402,0.524369747899,1.74894926439,0.849489642704,0.463865546218,0.814492905316,0.428238537847,2.33333333333,1.90196078431,0.814492905316,2.33333333333,0,0,0,0,0.164242424242,17,17,17,1,0,0.352941176471,0.411764705882,0.235294117647,17,37,0.136029411765,1.88235294118,4.35294117647,3.36363636364,2.84615384615,1.69341284359,0.389027274878,0.193958664547,2.09866904602,0.964253345467,0.518282988871,1.87867287326,0.863174022847,0.470588235294,0.786197569093,0.41766745858,2.25,1.88235294118,0.786197569093,2.25,0.166339869281,0.0612244897959,3,0.00441176470588,0.185952380952,17,17,17,1,0,0.352941176471,0.411764705882,0.235294117647,0,0,0,0,0,0,0,0,0,0,0,0,0,0,0,0,0,0,0,0,0,0,0,0,0,0,0,0,0,37,0,0,235,1,1,0,0,1,1,1,1,1,1,2,2,0,0,0,0
2120,WLNM_dir_neg,1,0.5,00:00:01,10,50,36,1983614909,threshold_sweep,0.5,1,1,1,2,0,0,4,1,1,0,0,1,1,1,1,0.555555555556,1,1,1,37,35,2,0,37,0,35,0,2,17,37,0.136029411765,1.88235294118,4.35294117647,3.36363636364,2.84615384615,1.69341284359,0.389027274878,0.193958664547,2.09866904602,0.964253345467,0.518282988871,1.87867287326,0.863174022847,0.470588235294,0.786197569093,0.41766745858,2.25,1.88235294118,0.786197569093,2.25,0.166339869281,0.0612244897959,3,0.00441176470588,0.185952380952,17,17,17,1,0,0.352941176471,0.411764705882,0.235294117647,17,0.128676470588,1.90196078431,4.11764705882,3.18181818182,2.69230769231,1.57648156274,0.382859808093,0.201680672269,2.01465221053,0.978545359402,0.524369747899,1.74894926439,0.849489642704,0.463865546218,0.814492905316,0.428238537847,2.33333333333,1.90196078431,0.814492905316,2.33333333333,0,0,0,0,0.164242424242,17,17,17,1,0,0.352941176471,0.411764705882,0.235294117647,17,37,0.136029411765,1.88235294118,4.35294117647,3.36363636364,2.84615384615,1.69341284359,0.389027274878,0.193958664547,2.09866904602,0.964253345467,0.518282988871,1.87867287326,0.863174022847,0.470588235294,0.786197569093,0.41766745858,2.25,1.88235294118,0.786197569093,2.25,0.166339869281,0.0612244897959,3,0.00441176470588,0.185952380952,17,17,17,1,0,0.352941176471,0.411764705882,0.235294117647,0,0,0,0,0,0,0,0,0,0,0,0,0,0,0,0,0,0,0,0,0,0,0,0,0,0,0,0,0,37,0,0,235,1,1,0,0,1,1,1,1,1,1,2,2,0,0,0,0
2121,WLNM_dir_neg,1,0.5,00:00:01,10,50,36,1983614909,threshold_sweep,0.6,1,1,1,2,0,0,4,1,1,0,0,1,1,1,1,0.555555555556,1,1,1,37,35,2,0,37,0,35,0,2,17,37,0.136029411765,1.88235294118,4.35294117647,3.36363636364,2.84615384615,1.69341284359,0.389027274878,0.193958664547,2.09866904602,0.964253345467,0.518282988871,1.87867287326,0.863174022847,0.470588235294,0.786197569093,0.41766745858,2.25,1.88235294118,0.786197569093,2.25,0.166339869281,0.0612244897959,3,0.00441176470588,0.185952380952,17,17,17,1,0,0.352941176471,0.411764705882,0.235294117647,17,0.128676470588,1.90196078431,4.11764705882,3.18181818182,2.69230769231,1.57648156274,0.382859808093,0.201680672269,2.01465221053,0.978545359402,0.524369747899,1.74894926439,0.849489642704,0.463865546218,0.814492905316,0.428238537847,2.33333333333,1.90196078431,0.814492905316,2.33333333333,0,0,0,0,0.164242424242,17,17,17,1,0,0.352941176471,0.411764705882,0.235294117647,17,37,0.136029411765,1.88235294118,4.35294117647,3.36363636364,2.84615384615,1.69341284359,0.389027274878,0.193958664547,2.09866904602,0.964253345467,0.518282988871,1.87867287326,0.863174022847,0.470588235294,0.786197569093,0.41766745858,2.25,1.88235294118,0.786197569093,2.25,0.166339869281,0.0612244897959,3,0.00441176470588,0.185952380952,17,17,17,1,0,0.352941176471,0.411764705882,0.235294117647,0,0,0,0,0,0,0,0,0,0,0,0,0,0,0,0,0,0,0,0,0,0,0,0,0,0,0,0,0,37,0,0,235,1,1,0,0,1,1,1,1,1,1,2,2,0,0,0,0
2122,WLNM_dir_neg,1,0.5,00:00:01,10,50,36,1983614909,threshold_sweep,0.7,1,1,1,2,0,0,4,1,1,0,0,1,1,1,1,0.555555555556,1,1,1,37,35,2,0,37,0,35,0,2,17,37,0.136029411765,1.88235294118,4.35294117647,3.36363636364,2.84615384615,1.69341284359,0.389027274878,0.193958664547,2.09866904602,0.964253345467,0.518282988871,1.87867287326,0.863174022847,0.470588235294,0.786197569093,0.41766745858,2.25,1.88235294118,0.786197569093,2.25,0.166339869281,0.0612244897959,3,0.00441176470588,0.185952380952,17,17,17,1,0,0.352941176471,0.411764705882,0.235294117647,17,0.128676470588,1.90196078431,4.11764705882,3.18181818182,2.69230769231,1.57648156274,0.382859808093,0.201680672269,2.01465221053,0.978545359402,0.524369747899,1.74894926439,0.849489642704,0.463865546218,0.814492905316,0.428238537847,2.33333333333,1.90196078431,0.814492905316,2.33333333333,0,0,0,0,0.164242424242,17,17,17,1,0,0.352941176471,0.411764705882,0.235294117647,17,37,0.136029411765,1.88235294118,4.35294117647,3.36363636364,2.84615384615,1.69341284359,0.389027274878,0.193958664547,2.09866904602,0.964253345467,0.518282988871,1.87867287326,0.863174022847,0.470588235294,0.786197569093,0.41766745858,2.25,1.88235294118,0.786197569093,2.25,0.166339869281,0.0612244897959,3,0.00441176470588,0.185952380952,17,17,17,1,0,0.352941176471,0.411764705882,0.235294117647,0,0,0,0,0,0,0,0,0,0,0,0,0,0,0,0,0,0,0,0,0,0,0,0,0,0,0,0,0,37,0,0,235,1,1,0,0,1,1,1,1,1,1,2,2,0,0,0,0
2123,WLNM_dir_neg,1,0.5,00:00:01,10,50,36,1983614909,threshold_sweep,0.8,1,1,1,2,0,0,4,1,1,0,0,1,1,1,1,0.555555555556,1,1,1,37,35,2,0,37,0,35,0,2,17,37,0.136029411765,1.88235294118,4.35294117647,3.36363636364,2.84615384615,1.69341284359,0.389027274878,0.193958664547,2.09866904602,0.964253345467,0.518282988871,1.87867287326,0.863174022847,0.470588235294,0.786197569093,0.41766745858,2.25,1.88235294118,0.786197569093,2.25,0.166339869281,0.0612244897959,3,0.00441176470588,0.185952380952,17,17,17,1,0,0.352941176471,0.411764705882,0.235294117647,17,0.128676470588,1.90196078431,4.11764705882,3.18181818182,2.69230769231,1.57648156274,0.382859808093,0.201680672269,2.01465221053,0.978545359402,0.524369747899,1.74894926439,0.849489642704,0.463865546218,0.814492905316,0.428238537847,2.33333333333,1.90196078431,0.814492905316,2.33333333333,0,0,0,0,0.164242424242,17,17,17,1,0,0.352941176471,0.411764705882,0.235294117647,17,37,0.136029411765,1.88235294118,4.35294117647,3.36363636364,2.84615384615,1.69341284359,0.389027274878,0.193958664547,2.09866904602,0.964253345467,0.518282988871,1.87867287326,0.863174022847,0.470588235294,0.786197569093,0.41766745858,2.25,1.88235294118,0.786197569093,2.25,0.166339869281,0.0612244897959,3,0.00441176470588,0.185952380952,17,17,17,1,0,0.352941176471,0.411764705882,0.235294117647,0,0,0,0,0,0,0,0,0,0,0,0,0,0,0,0,0,0,0,0,0,0,0,0,0,0,0,0,0,37,0,0,235,1,1,0,0,1,1,1,1,1,1,2,2,0,0,0,0
2124,WLNM_dir_neg,1,0.5,00:00:01,10,50,36,1983614909,threshold_sweep,0.9,1,1,1,2,0,0,4,1,1,0,0,1,1,1,1,0.555555555556,1,1,1,37,35,2,0,37,0,35,0,2,17,37,0.136029411765,1.88235294118,4.35294117647,3.36363636364,2.84615384615,1.69341284359,0.389027274878,0.193958664547,2.09866904602,0.964253345467,0.518282988871,1.87867287326,0.863174022847,0.470588235294,0.786197569093,0.41766745858,2.25,1.88235294118,0.786197569093,2.25,0.166339869281,0.0612244897959,3,0.00441176470588,0.185952380952,17,17,17,1,0,0.352941176471,0.411764705882,0.235294117647,17,0.128676470588,1.90196078431,4.11764705882,3.18181818182,2.69230769231,1.57648156274,0.382859808093,0.201680672269,2.01465221053,0.978545359402,0.524369747899,1.74894926439,0.849489642704,0.463865546218,0.814492905316,0.428238537847,2.33333333333,1.90196078431,0.814492905316,2.33333333333,0,0,0,0,0.164242424242,17,17,17,1,0,0.352941176471,0.411764705882,0.235294117647,17,37,0.136029411765,1.88235294118,4.35294117647,3.36363636364,2.84615384615,1.69341284359,0.389027274878,0.193958664547,2.09866904602,0.964253345467,0.518282988871,1.87867287326,0.863174022847,0.470588235294,0.786197569093,0.41766745858,2.25,1.88235294118,0.786197569093,2.25,0.166339869281,0.0612244897959,3,0.00441176470588,0.185952380952,17,17,17,1,0,0.352941176471,0.411764705882,0.235294117647,0,0,0,0,0,0,0,0,0,0,0,0,0,0,0,0,0,0,0,0,0,0,0,0,0,0,0,0,0,37,0,0,235,1,1,0,0,1,1,1,1,1,1,2,2,0,0,0,0
2125,WLNM_dir_neg,0.875,0.291666666667,00:00:02,10,50,37,1983614910,threshold_sweep,0.1,0.666666666667,1,0.8,2,1,0,3,1,0.75,0.25,0,0.666666666667,1,0.8,0.833333333333,0.5,0.666666666667,0.707106781187,0.75,37,35,2,0,37,0,35,0,2,17,37,0.136029411765,1.88235294118,4.35294117647,3.36363636364,2.84615384615,1.69341284359,0.389027274878,0.193958664547,2.09866904602,0.964253345467,0.518282988871,1.87867287326,0.863174022847,0.470588235294,0.786197569093,0.41766745858,2.25,1.88235294118,0.786197569093,2.25,0.166339869281,0.0612244897959,3,0.00441176470588,0.185952380952,17,17,17,1,0,0.352941176471,0.411764705882,0.235294117647,17,0.128676470588,1.90196078431,4.11764705882,3.18181818182,2.69230769231,1.57648156274,0.382859808093,0.201680672269,2.01465221053,0.978545359402,0.524369747899,1.74894926439,0.849489642704,0.463865546218,0.814492905316,0.428238537847,2.33333333333,1.90196078431,0.814492905316,2.33333333333,0,0,0,0,0.164242424242,17,17,17,1,0,0.352941176471,0.411764705882,0.235294117647,17,38,0.139705882353,1.98764705882,4.47058823529,3.16666666667,2.92307692308,1.66274047354,0.371928790134,0.188854489164,2.04723630062,0.915868871331,0.495356037152,1.98523965067,0.888133527931,0.482972136223,0.792996921587,0.398962641817,2.35,1.98764705882,0.792996921587,2.35,0.162418300654,0.0584415584416,3,0.00441176470588,0.192081529582,17,17,17,1,0,0.294117647059,0.470588235294,0.235294117647,1,0.00367647058824,0.105294117647,0.117647058824,-0.19696969697,0.0769230769231,-0.030672370045,-0.0170984847437,-0.00510417538281,-0.0514327453931,-0.0483844741355,-0.0229269517195,0.106566777414,0.0249595050838,0.0123839009288,0.00679935249481,-0.0187048167638,0.1,0.105294117647,0.00679935249481,0.1,-0.00392156862745,-0.00278293135436,0,0,0.00612914862915,-0.0588235294118,0.0588235294118,0,37,1,0,234,1,0.995744680851,0.00425531914894,0,0.973684210526,1,0.986666666667,0.984652666406,0.995744680851,0.973684210526,3,2,0,0,0,0
2126,WLNM_dir_neg,0.875,0.291666666667,00:00:02,10,50,37,1983614910,threshold_sweep,0.2,0.666666666667,1,0.8,2,1,0,3,1,0.75,0.25,0,0.666666666667,1,0.8,0.833333333333,0.5,0.666666666667,0.707106781187,0.75,37,35,2,0,37,0,35,0,2,17,37,0.136029411765,1.88235294118,4.35294117647,3.36363636364,2.84615384615,1.69341284359,0.389027274878,0.193958664547,2.09866904602,0.964253345467,0.518282988871,1.87867287326,0.863174022847,0.470588235294,0.786197569093,0.41766745858,2.25,1.88235294118,0.786197569093,2.25,0.166339869281,0.0612244897959,3,0.00441176470588,0.185952380952,17,17,17,1,0,0.352941176471,0.411764705882,0.235294117647,17,0.128676470588,1.90196078431,4.11764705882,3.18181818182,2.69230769231,1.57648156274,0.382859808093,0.201680672269,2.01465221053,0.978545359402,0.524369747899,1.74894926439,0.849489642704,0.463865546218,0.814492905316,0.428238537847,2.33333333333,1.90196078431,0.814492905316,2.33333333333,0,0,0,0,0.164242424242,17,17,17,1,0,0.352941176471,0.411764705882,0.235294117647,17,38,0.139705882353,1.98764705882,4.47058823529,3.16666666667,2.92307692308,1.66274047354,0.371928790134,0.188854489164,2.04723630062,0.915868871331,0.495356037152,1.98523965067,0.888133527931,0.482972136223,0.792996921587,0.398962641817,2.35,1.98764705882,0.792996921587,2.35,0.162418300654,0.0584415584416,3,0.00441176470588,0.192081529582,17,17,17,1,0,0.294117647059,0.470588235294,0.235294117647,1,0.00367647058824,0.105294117647,0.117647058824,-0.19696969697,0.0769230769231,-0.030672370045,-0.0170984847437,-0.00510417538281,-0.0514327453931,-0.0483844741355,-0.0229269517195,0.106566777414,0.0249595050838,0.0123839009288,0.00679935249481,-0.0187048167638,0.1,0.105294117647,0.00679935249481,0.1,-0.00392156862745,-0.00278293135436,0,0,0.00612914862915,-0.0588235294118,0.0588235294118,0,37,1,0,234,1,0.995744680851,0.00425531914894,0,0.973684210526,1,0.986666666667,0.984652666406,0.995744680851,0.973684210526,3,2,0,0,0,0
2127,WLNM_dir_neg,0.875,0.291666666667,00:00:02,10,50,37,1983614910,threshold_sweep,0.3,0.666666666667,1,0.8,2,1,0,3,1,0.75,0.25,0,0.666666666667,1,0.8,0.833333333333,0.5,0.666666666667,0.707106781187,0.75,37,35,2,0,37,0,35,0,2,17,37,0.136029411765,1.88235294118,4.35294117647,3.36363636364,2.84615384615,1.69341284359,0.389027274878,0.193958664547,2.09866904602,0.964253345467,0.518282988871,1.87867287326,0.863174022847,0.470588235294,0.786197569093,0.41766745858,2.25,1.88235294118,0.786197569093,2.25,0.166339869281,0.0612244897959,3,0.00441176470588,0.185952380952,17,17,17,1,0,0.352941176471,0.411764705882,0.235294117647,17,0.128676470588,1.90196078431,4.11764705882,3.18181818182,2.69230769231,1.57648156274,0.382859808093,0.201680672269,2.01465221053,0.978545359402,0.524369747899,1.74894926439,0.849489642704,0.463865546218,0.814492905316,0.428238537847,2.33333333333,1.90196078431,0.814492905316,2.33333333333,0,0,0,0,0.164242424242,17,17,17,1,0,0.352941176471,0.411764705882,0.235294117647,17,38,0.139705882353,1.98764705882,4.47058823529,3.16666666667,2.92307692308,1.66274047354,0.371928790134,0.188854489164,2.04723630062,0.915868871331,0.495356037152,1.98523965067,0.888133527931,0.482972136223,0.792996921587,0.398962641817,2.35,1.98764705882,0.792996921587,2.35,0.162418300654,0.0584415584416,3,0.00441176470588,0.192081529582,17,17,17,1,0,0.294117647059,0.470588235294,0.235294117647,1,0.00367647058824,0.105294117647,0.117647058824,-0.19696969697,0.0769230769231,-0.030672370045,-0.0170984847437,-0.00510417538281,-0.0514327453931,-0.0483844741355,-0.0229269517195,0.106566777414,0.0249595050838,0.0123839009288,0.00679935249481,-0.0187048167638,0.1,0.105294117647,0.00679935249481,0.1,-0.00392156862745,-0.00278293135436,0,0,0.00612914862915,-0.0588235294118,0.0588235294118,0,37,1,0,234,1,0.995744680851,0.00425531914894,0,0.973684210526,1,0.986666666667,0.984652666406,0.995744680851,0.973684210526,3,2,0,0,0,0
2128,WLNM_dir_neg,0.875,0.291666666667,00:00:02,10,50,37,1983614910,threshold_sweep,0.4,0.666666666667,1,0.8,2,1,0,3,1,0.75,0.25,0,0.666666666667,1,0.8,0.833333333333,0.5,0.666666666667,0.707106781187,0.75,37,35,2,0,37,0,35,0,2,17,37,0.136029411765,1.88235294118,4.35294117647,3.36363636364,2.84615384615,1.69341284359,0.389027274878,0.193958664547,2.09866904602,0.964253345467,0.518282988871,1.87867287326,0.863174022847,0.470588235294,0.786197569093,0.41766745858,2.25,1.88235294118,0.786197569093,2.25,0.166339869281,0.0612244897959,3,0.00441176470588,0.185952380952,17,17,17,1,0,0.352941176471,0.411764705882,0.235294117647,17,0.128676470588,1.90196078431,4.11764705882,3.18181818182,2.69230769231,1.57648156274,0.382859808093,0.201680672269,2.01465221053,0.978545359402,0.524369747899,1.74894926439,0.849489642704,0.463865546218,0.814492905316,0.428238537847,2.33333333333,1.90196078431,0.814492905316,2.33333333333,0,0,0,0,0.164242424242,17,17,17,1,0,0.352941176471,0.411764705882,0.235294117647,17,38,0.139705882353,1.98764705882,4.47058823529,3.16666666667,2.92307692308,1.66274047354,0.371928790134,0.188854489164,2.04723630062,0.915868871331,0.495356037152,1.98523965067,0.888133527931,0.482972136223,0.792996921587,0.398962641817,2.35,1.98764705882,0.792996921587,2.35,0.162418300654,0.0584415584416,3,0.00441176470588,0.192081529582,17,17,17,1,0,0.294117647059,0.470588235294,0.235294117647,1,0.00367647058824,0.105294117647,0.117647058824,-0.19696969697,0.0769230769231,-0.030672370045,-0.0170984847437,-0.00510417538281,-0.0514327453931,-0.0483844741355,-0.0229269517195,0.106566777414,0.0249595050838,0.0123839009288,0.00679935249481,-0.0187048167638,0.1,0.105294117647,0.00679935249481,0.1,-0.00392156862745,-0.00278293135436,0,0,0.00612914862915,-0.0588235294118,0.0588235294118,0,37,1,0,234,1,0.995744680851,0.00425531914894,0,0.973684210526,1,0.986666666667,0.984652666406,0.995744680851,0.973684210526,3,2,0,0,0,0
2129,WLNM_dir_neg,0.875,0.291666666667,00:00:02,10,50,37,1983614910,threshold_sweep,0.5,0.666666666667,1,0.8,2,1,0,3,1,0.75,0.25,0,0.666666666667,1,0.8,0.833333333333,0.5,0.666666666667,0.707106781187,0.75,37,35,2,0,37,0,35,0,2,17,37,0.136029411765,1.88235294118,4.35294117647,3.36363636364,2.84615384615,1.69341284359,0.389027274878,0.193958664547,2.09866904602,0.964253345467,0.518282988871,1.87867287326,0.863174022847,0.470588235294,0.786197569093,0.41766745858,2.25,1.88235294118,0.786197569093,2.25,0.166339869281,0.0612244897959,3,0.00441176470588,0.185952380952,17,17,17,1,0,0.352941176471,0.411764705882,0.235294117647,17,0.128676470588,1.90196078431,4.11764705882,3.18181818182,2.69230769231,1.57648156274,0.382859808093,0.201680672269,2.01465221053,0.978545359402,0.524369747899,1.74894926439,0.849489642704,0.463865546218,0.814492905316,0.428238537847,2.33333333333,1.90196078431,0.814492905316,2.33333333333,0,0,0,0,0.164242424242,17,17,17,1,0,0.352941176471,0.411764705882,0.235294117647,17,38,0.139705882353,1.98764705882,4.47058823529,3.16666666667,2.92307692308,1.66274047354,0.371928790134,0.188854489164,2.04723630062,0.915868871331,0.495356037152,1.98523965067,0.888133527931,0.482972136223,0.792996921587,0.398962641817,2.35,1.98764705882,0.792996921587,2.35,0.162418300654,0.0584415584416,3,0.00441176470588,0.192081529582,17,17,17,1,0,0.294117647059,0.470588235294,0.235294117647,1,0.00367647058824,0.105294117647,0.117647058824,-0.19696969697,0.0769230769231,-0.030672370045,-0.0170984847437,-0.00510417538281,-0.0514327453931,-0.0483844741355,-0.0229269517195,0.106566777414,0.0249595050838,0.0123839009288,0.00679935249481,-0.0187048167638,0.1,0.105294117647,0.00679935249481,0.1,-0.00392156862745,-0.00278293135436,0,0,0.00612914862915,-0.0588235294118,0.0588235294118,0,37,1,0,234,1,0.995744680851,0.00425531914894,0,0.973684210526,1,0.986666666667,0.984652666406,0.995744680851,0.973684210526,3,2,0,0,0,0
2130,WLNM_dir_neg,0.875,0.291666666667,00:00:02,10,50,37,1983614910,threshold_sweep,0.6,0.666666666667,1,0.8,2,1,0,3,1,0.75,0.25,0,0.666666666667,1,0.8,0.833333333333,0.5,0.666666666667,0.707106781187,0.75,37,35,2,0,37,0,35,0,2,17,37,0.136029411765,1.88235294118,4.35294117647,3.36363636364,2.84615384615,1.69341284359,0.389027274878,0.193958664547,2.09866904602,0.964253345467,0.518282988871,1.87867287326,0.863174022847,0.470588235294,0.786197569093,0.41766745858,2.25,1.88235294118,0.786197569093,2.25,0.166339869281,0.0612244897959,3,0.00441176470588,0.185952380952,17,17,17,1,0,0.352941176471,0.411764705882,0.235294117647,17,0.128676470588,1.90196078431,4.11764705882,3.18181818182,2.69230769231,1.57648156274,0.382859808093,0.201680672269,2.01465221053,0.978545359402,0.524369747899,1.74894926439,0.849489642704,0.463865546218,0.814492905316,0.428238537847,2.33333333333,1.90196078431,0.814492905316,2.33333333333,0,0,0,0,0.164242424242,17,17,17,1,0,0.352941176471,0.411764705882,0.235294117647,17,38,0.139705882353,1.98764705882,4.47058823529,3.16666666667,2.92307692308,1.66274047354,0.371928790134,0.188854489164,2.04723630062,0.915868871331,0.495356037152,1.98523965067,0.888133527931,0.482972136223,0.792996921587,0.398962641817,2.35,1.98764705882,0.792996921587,2.35,0.162418300654,0.0584415584416,3,0.00441176470588,0.192081529582,17,17,17,1,0,0.294117647059,0.470588235294,0.235294117647,1,0.00367647058824,0.105294117647,0.117647058824,-0.19696969697,0.0769230769231,-0.030672370045,-0.0170984847437,-0.00510417538281,-0.0514327453931,-0.0483844741355,-0.0229269517195,0.106566777414,0.0249595050838,0.0123839009288,0.00679935249481,-0.0187048167638,0.1,0.105294117647,0.00679935249481,0.1,-0.00392156862745,-0.00278293135436,0,0,0.00612914862915,-0.0588235294118,0.0588235294118,0,37,1,0,234,1,0.995744680851,0.00425531914894,0,0.973684210526,1,0.986666666667,0.984652666406,0.995744680851,0.973684210526,3,2,0,0,0,0
2131,WLNM_dir_neg,0.875,0.291666666667,00:00:02,10,50,37,1983614910,threshold_sweep,0.7,0.666666666667,1,0.8,2,1,0,3,1,0.75,0.25,0,0.666666666667,1,0.8,0.833333333333,0.5,0.666666666667,0.707106781187,0.75,37,35,2,0,37,0,35,0,2,17,37,0.136029411765,1.88235294118,4.35294117647,3.36363636364,2.84615384615,1.69341284359,0.389027274878,0.193958664547,2.09866904602,0.964253345467,0.518282988871,1.87867287326,0.863174022847,0.470588235294,0.786197569093,0.41766745858,2.25,1.88235294118,0.786197569093,2.25,0.166339869281,0.0612244897959,3,0.00441176470588,0.185952380952,17,17,17,1,0,0.352941176471,0.411764705882,0.235294117647,17,0.128676470588,1.90196078431,4.11764705882,3.18181818182,2.69230769231,1.57648156274,0.382859808093,0.201680672269,2.01465221053,0.978545359402,0.524369747899,1.74894926439,0.849489642704,0.463865546218,0.814492905316,0.428238537847,2.33333333333,1.90196078431,0.814492905316,2.33333333333,0,0,0,0,0.164242424242,17,17,17,1,0,0.352941176471,0.411764705882,0.235294117647,17,38,0.139705882353,1.98764705882,4.47058823529,3.16666666667,2.92307692308,1.66274047354,0.371928790134,0.188854489164,2.04723630062,0.915868871331,0.495356037152,1.98523965067,0.888133527931,0.482972136223,0.792996921587,0.398962641817,2.35,1.98764705882,0.792996921587,2.35,0.162418300654,0.0584415584416,3,0.00441176470588,0.192081529582,17,17,17,1,0,0.294117647059,0.470588235294,0.235294117647,1,0.00367647058824,0.105294117647,0.117647058824,-0.19696969697,0.0769230769231,-0.030672370045,-0.0170984847437,-0.00510417538281,-0.0514327453931,-0.0483844741355,-0.0229269517195,0.106566777414,0.0249595050838,0.0123839009288,0.00679935249481,-0.0187048167638,0.1,0.105294117647,0.00679935249481,0.1,-0.00392156862745,-0.00278293135436,0,0,0.00612914862915,-0.0588235294118,0.0588235294118,0,37,1,0,234,1,0.995744680851,0.00425531914894,0,0.973684210526,1,0.986666666667,0.984652666406,0.995744680851,0.973684210526,3,2,0,0,0,0
2132,WLNM_dir_neg,0.875,0.291666666667,00:00:02,10,50,37,1983614910,threshold_sweep,0.8,0.666666666667,1,0.8,2,1,0,3,1,0.75,0.25,0,0.666666666667,1,0.8,0.833333333333,0.5,0.666666666667,0.707106781187,0.75,37,35,2,0,37,0,35,0,2,17,37,0.136029411765,1.88235294118,4.35294117647,3.36363636364,2.84615384615,1.69341284359,0.389027274878,0.193958664547,2.09866904602,0.964253345467,0.518282988871,1.87867287326,0.863174022847,0.470588235294,0.786197569093,0.41766745858,2.25,1.88235294118,0.786197569093,2.25,0.166339869281,0.0612244897959,3,0.00441176470588,0.185952380952,17,17,17,1,0,0.352941176471,0.411764705882,0.235294117647,17,0.128676470588,1.90196078431,4.11764705882,3.18181818182,2.69230769231,1.57648156274,0.382859808093,0.201680672269,2.01465221053,0.978545359402,0.524369747899,1.74894926439,0.849489642704,0.463865546218,0.814492905316,0.428238537847,2.33333333333,1.90196078431,0.814492905316,2.33333333333,0,0,0,0,0.164242424242,17,17,17,1,0,0.352941176471,0.411764705882,0.235294117647,17,38,0.139705882353,1.98764705882,4.47058823529,3.16666666667,2.92307692308,1.66274047354,0.371928790134,0.188854489164,2.04723630062,0.915868871331,0.495356037152,1.98523965067,0.888133527931,0.482972136223,0.792996921587,0.398962641817,2.35,1.98764705882,0.792996921587,2.35,0.162418300654,0.0584415584416,3,0.00441176470588,0.192081529582,17,17,17,1,0,0.294117647059,0.470588235294,0.235294117647,1,0.00367647058824,0.105294117647,0.117647058824,-0.19696969697,0.0769230769231,-0.030672370045,-0.0170984847437,-0.00510417538281,-0.0514327453931,-0.0483844741355,-0.0229269517195,0.106566777414,0.0249595050838,0.0123839009288,0.00679935249481,-0.0187048167638,0.1,0.105294117647,0.00679935249481,0.1,-0.00392156862745,-0.00278293135436,0,0,0.00612914862915,-0.0588235294118,0.0588235294118,0,37,1,0,234,1,0.995744680851,0.00425531914894,0,0.973684210526,1,0.986666666667,0.984652666406,0.995744680851,0.973684210526,3,2,0,0,0,0
2133,WLNM_dir_neg,0.875,0.291666666667,00:00:02,10,50,37,1983614910,threshold_sweep,0.9,0.666666666667,1,0.8,2,1,0,3,1,0.75,0.25,0,0.666666666667,1,0.8,0.833333333333,0.5,0.666666666667,0.707106781187,0.75,37,35,2,0,37,0,35,0,2,17,37,0.136029411765,1.88235294118,4.35294117647,3.36363636364,2.84615384615,1.69341284359,0.389027274878,0.193958664547,2.09866904602,0.964253345467,0.518282988871,1.87867287326,0.863174022847,0.470588235294,0.786197569093,0.41766745858,2.25,1.88235294118,0.786197569093,2.25,0.166339869281,0.0612244897959,3,0.00441176470588,0.185952380952,17,17,17,1,0,0.352941176471,0.411764705882,0.235294117647,17,0.128676470588,1.90196078431,4.11764705882,3.18181818182,2.69230769231,1.57648156274,0.382859808093,0.201680672269,2.01465221053,0.978545359402,0.524369747899,1.74894926439,0.849489642704,0.463865546218,0.814492905316,0.428238537847,2.33333333333,1.90196078431,0.814492905316,2.33333333333,0,0,0,0,0.164242424242,17,17,17,1,0,0.352941176471,0.411764705882,0.235294117647,17,38,0.139705882353,1.98764705882,4.47058823529,3.16666666667,2.92307692308,1.66274047354,0.371928790134,0.188854489164,2.04723630062,0.915868871331,0.495356037152,1.98523965067,0.888133527931,0.482972136223,0.792996921587,0.398962641817,2.35,1.98764705882,0.792996921587,2.35,0.162418300654,0.0584415584416,3,0.00441176470588,0.192081529582,17,17,17,1,0,0.294117647059,0.470588235294,0.235294117647,1,0.00367647058824,0.105294117647,0.117647058824,-0.19696969697,0.0769230769231,-0.030672370045,-0.0170984847437,-0.00510417538281,-0.0514327453931,-0.0483844741355,-0.0229269517195,0.106566777414,0.0249595050838,0.0123839009288,0.00679935249481,-0.0187048167638,0.1,0.105294117647,0.00679935249481,0.1,-0.00392156862745,-0.00278293135436,0,0,0.00612914862915,-0.0588235294118,0.0588235294118,0,37,1,0,234,1,0.995744680851,0.00425531914894,0,0.973684210526,1,0.986666666667,0.984652666406,0.995744680851,0.973684210526,3,2,0,0,0,0
2134,WLNM_dir_neg,1,0.5,00:00:01,10,50,38,1983614911,threshold_sweep,0.1,0.666666666667,1,0.8,2,1,0,3,1,0.75,0.25,0,0.666666666667,1,0.8,0.833333333333,0.5,0.666666666667,0.707106781187,0.75,37,35,2,0,37,0,35,0,2,17,37,0.136029411765,1.88235294118,4.35294117647,3.36363636364,2.84615384615,1.69341284359,0.389027274878,0.193958664547,2.09866904602,0.964253345467,0.518282988871,1.87867287326,0.863174022847,0.470588235294,0.786197569093,0.41766745858,2.25,1.88235294118,0.786197569093,2.25,0.166339869281,0.0612244897959,3,0.00441176470588,0.185952380952,17,17,17,1,0,0.352941176471,0.411764705882,0.235294117647,17,0.128676470588,1.90196078431,4.11764705882,3.18181818182,2.69230769231,1.57648156274,0.382859808093,0.201680672269,2.01465221053,0.978545359402,0.524369747899,1.74894926439,0.849489642704,0.463865546218,0.814492905316,0.428238537847,2.33333333333,1.90196078431,0.814492905316,2.33333333333,0,0,0,0,0.164242424242,17,17,17,1,0,0.352941176471,0.411764705882,0.235294117647,17,38,0.139705882353,1.88970588235,4.47058823529,3.45454545455,2.71428571429,1.73629084037,0.388380845872,0.198142414861,2.19457888229,0.981785289445,0.529411764706,1.82103719638,0.814674535221,0.442724458204,0.797802588732,0.42218347108,2.25,1.88970588235,0.797802588732,2.25,0.185620915033,0.0961538461538,5,0.00735294117647,0.183398268398,17,17,17,1,0,0.352941176471,0.470588235294,0.176470588235,1,0.00367647058824,0.00735294117647,0.117647058824,0.0909090909091,-0.131868131868,0.0428779967836,-0.000646429005719,0.00418375031378,0.0959098362728,0.0175319439782,0.0111287758347,-0.0576356768785,-0.0484994876259,-0.0278637770898,0.0116050196399,0.00451601249979,0,0.00735294117647,0.0116050196399,0,0.0192810457516,0.0349293563579,2,0.00294117647059,-0.00255411255411,0,0.0588235294118,-0.0588235294118,37,1,0,234,1,0.995744680851,0.00425531914894,0,0.973684210526,1,0.986666666667,0.984652666406,0.995744680851,0.973684210526,3,2,0,0,0,0
2135,WLNM_dir_neg,1,0.5,00:00:01,10,50,38,1983614911,threshold_sweep,0.2,0.666666666667,1,0.8,2,1,0,3,1,0.75,0.25,0,0.666666666667,1,0.8,0.833333333333,0.5,0.666666666667,0.707106781187,0.75,37,35,2,0,37,0,35,0,2,17,37,0.136029411765,1.88235294118,4.35294117647,3.36363636364,2.84615384615,1.69341284359,0.389027274878,0.193958664547,2.09866904602,0.964253345467,0.518282988871,1.87867287326,0.863174022847,0.470588235294,0.786197569093,0.41766745858,2.25,1.88235294118,0.786197569093,2.25,0.166339869281,0.0612244897959,3,0.00441176470588,0.185952380952,17,17,17,1,0,0.352941176471,0.411764705882,0.235294117647,17,0.128676470588,1.90196078431,4.11764705882,3.18181818182,2.69230769231,1.57648156274,0.382859808093,0.201680672269,2.01465221053,0.978545359402,0.524369747899,1.74894926439,0.849489642704,0.463865546218,0.814492905316,0.428238537847,2.33333333333,1.90196078431,0.814492905316,2.33333333333,0,0,0,0,0.164242424242,17,17,17,1,0,0.352941176471,0.411764705882,0.235294117647,17,38,0.139705882353,1.88970588235,4.47058823529,3.45454545455,2.71428571429,1.73629084037,0.388380845872,0.198142414861,2.19457888229,0.981785289445,0.529411764706,1.82103719638,0.814674535221,0.442724458204,0.797802588732,0.42218347108,2.25,1.88970588235,0.797802588732,2.25,0.185620915033,0.0961538461538,5,0.00735294117647,0.183398268398,17,17,17,1,0,0.352941176471,0.470588235294,0.176470588235,1,0.00367647058824,0.00735294117647,0.117647058824,0.0909090909091,-0.131868131868,0.0428779967836,-0.000646429005719,0.00418375031378,0.0959098362728,0.0175319439782,0.0111287758347,-0.0576356768785,-0.0484994876259,-0.0278637770898,0.0116050196399,0.00451601249979,0,0.00735294117647,0.0116050196399,0,0.0192810457516,0.0349293563579,2,0.00294117647059,-0.00255411255411,0,0.0588235294118,-0.0588235294118,37,1,0,234,1,0.995744680851,0.00425531914894,0,0.973684210526,1,0.986666666667,0.984652666406,0.995744680851,0.973684210526,3,2,0,0,0,0
2136,WLNM_dir_neg,1,0.5,00:00:01,10,50,38,1983614911,threshold_sweep,0.3,1,1,1,2,0,0,4,1,1,0,0,1,1,1,1,0.555555555556,1,1,1,37,35,2,0,37,0,35,0,2,17,37,0.136029411765,1.88235294118,4.35294117647,3.36363636364,2.84615384615,1.69341284359,0.389027274878,0.193958664547,2.09866904602,0.964253345467,0.518282988871,1.87867287326,0.863174022847,0.470588235294,0.786197569093,0.41766745858,2.25,1.88235294118,0.786197569093,2.25,0.166339869281,0.0612244897959,3,0.00441176470588,0.185952380952,17,17,17,1,0,0.352941176471,0.411764705882,0.235294117647,17,0.128676470588,1.90196078431,4.11764705882,3.18181818182,2.69230769231,1.57648156274,0.382859808093,0.201680672269,2.01465221053,0.978545359402,0.524369747899,1.74894926439,0.849489642704,0.463865546218,0.814492905316,0.428238537847,2.33333333333,1.90196078431,0.814492905316,2.33333333333,0,0,0,0,0.164242424242,17,17,17,1,0,0.352941176471,0.411764705882,0.235294117647,17,37,0.136029411765,1.88235294118,4.35294117647,3.36363636364,2.84615384615,1.69341284359,0.389027274878,0.193958664547,2.09866904602,0.964253345467,0.518282988871,1.87867287326,0.863174022847,0.470588235294,0.786197569093,0.41766745858,2.25,1.88235294118,0.786197569093,2.25,0.166339869281,0.0612244897959,3,0.00441176470588,0.185952380952,17,17,17,1,0,0.352941176471,0.411764705882,0.235294117647,0,0,0,0,0,0,0,0,0,0,0,0,0,0,0,0,0,0,0,0,0,0,0,0,0,0,0,0,0,37,0,0,235,1,1,0,0,1,1,1,1,1,1,2,2,0,0,0,0
2137,WLNM_dir_neg,1,0.5,00:00:01,10,50,38,1983614911,threshold_sweep,0.4,1,1,1,2,0,0,4,1,1,0,0,1,1,1,1,0.555555555556,1,1,1,37,35,2,0,37,0,35,0,2,17,37,0.136029411765,1.88235294118,4.35294117647,3.36363636364,2.84615384615,1.69341284359,0.389027274878,0.193958664547,2.09866904602,0.964253345467,0.518282988871,1.87867287326,0.863174022847,0.470588235294,0.786197569093,0.41766745858,2.25,1.88235294118,0.786197569093,2.25,0.166339869281,0.0612244897959,3,0.00441176470588,0.185952380952,17,17,17,1,0,0.352941176471,0.411764705882,0.235294117647,17,0.128676470588,1.90196078431,4.11764705882,3.18181818182,2.69230769231,1.57648156274,0.382859808093,0.201680672269,2.01465221053,0.978545359402,0.524369747899,1.74894926439,0.849489642704,0.463865546218,0.814492905316,0.428238537847,2.33333333333,1.90196078431,0.814492905316,2.33333333333,0,0,0,0,0.164242424242,17,17,17,1,0,0.352941176471,0.411764705882,0.235294117647,17,37,0.136029411765,1.88235294118,4.35294117647,3.36363636364,2.84615384615,1.69341284359,0.389027274878,0.193958664547,2.09866904602,0.964253345467,0.518282988871,1.87867287326,0.863174022847,0.470588235294,0.786197569093,0.41766745858,2.25,1.88235294118,0.786197569093,2.25,0.166339869281,0.0612244897959,3,0.00441176470588,0.185952380952,17,17,17,1,0,0.352941176471,0.411764705882,0.235294117647,0,0,0,0,0,0,0,0,0,0,0,0,0,0,0,0,0,0,0,0,0,0,0,0,0,0,0,0,0,37,0,0,235,1,1,0,0,1,1,1,1,1,1,2,2,0,0,0,0
2138,WLNM_dir_neg,1,0.5,00:00:01,10,50,38,1983614911,threshold_sweep,0.5,1,1,1,2,0,0,4,1,1,0,0,1,1,1,1,0.555555555556,1,1,1,37,35,2,0,37,0,35,0,2,17,37,0.136029411765,1.88235294118,4.35294117647,3.36363636364,2.84615384615,1.69341284359,0.389027274878,0.193958664547,2.09866904602,0.964253345467,0.518282988871,1.87867287326,0.863174022847,0.470588235294,0.786197569093,0.41766745858,2.25,1.88235294118,0.786197569093,2.25,0.166339869281,0.0612244897959,3,0.00441176470588,0.185952380952,17,17,17,1,0,0.352941176471,0.411764705882,0.235294117647,17,0.128676470588,1.90196078431,4.11764705882,3.18181818182,2.69230769231,1.57648156274,0.382859808093,0.201680672269,2.01465221053,0.978545359402,0.524369747899,1.74894926439,0.849489642704,0.463865546218,0.814492905316,0.428238537847,2.33333333333,1.90196078431,0.814492905316,2.33333333333,0,0,0,0,0.164242424242,17,17,17,1,0,0.352941176471,0.411764705882,0.235294117647,17,37,0.136029411765,1.88235294118,4.35294117647,3.36363636364,2.84615384615,1.69341284359,0.389027274878,0.193958664547,2.09866904602,0.964253345467,0.518282988871,1.87867287326,0.863174022847,0.470588235294,0.786197569093,0.41766745858,2.25,1.88235294118,0.786197569093,2.25,0.166339869281,0.0612244897959,3,0.00441176470588,0.185952380952,17,17,17,1,0,0.352941176471,0.411764705882,0.235294117647,0,0,0,0,0,0,0,0,0,0,0,0,0,0,0,0,0,0,0,0,0,0,0,0,0,0,0,0,0,37,0,0,235,1,1,0,0,1,1,1,1,1,1,2,2,0,0,0,0
2139,WLNM_dir_neg,1,0.5,00:00:01,10,50,38,1983614911,threshold_sweep,0.6,1,1,1,2,0,0,4,1,1,0,0,1,1,1,1,0.555555555556,1,1,1,37,35,2,0,37,0,35,0,2,17,37,0.136029411765,1.88235294118,4.35294117647,3.36363636364,2.84615384615,1.69341284359,0.389027274878,0.193958664547,2.09866904602,0.964253345467,0.518282988871,1.87867287326,0.863174022847,0.470588235294,0.786197569093,0.41766745858,2.25,1.88235294118,0.786197569093,2.25,0.166339869281,0.0612244897959,3,0.00441176470588,0.185952380952,17,17,17,1,0,0.352941176471,0.411764705882,0.235294117647,17,0.128676470588,1.90196078431,4.11764705882,3.18181818182,2.69230769231,1.57648156274,0.382859808093,0.201680672269,2.01465221053,0.978545359402,0.524369747899,1.74894926439,0.849489642704,0.463865546218,0.814492905316,0.428238537847,2.33333333333,1.90196078431,0.814492905316,2.33333333333,0,0,0,0,0.164242424242,17,17,17,1,0,0.352941176471,0.411764705882,0.235294117647,17,37,0.136029411765,1.88235294118,4.35294117647,3.36363636364,2.84615384615,1.69341284359,0.389027274878,0.193958664547,2.09866904602,0.964253345467,0.518282988871,1.87867287326,0.863174022847,0.470588235294,0.786197569093,0.41766745858,2.25,1.88235294118,0.786197569093,2.25,0.166339869281,0.0612244897959,3,0.00441176470588,0.185952380952,17,17,17,1,0,0.352941176471,0.411764705882,0.235294117647,0,0,0,0,0,0,0,0,0,0,0,0,0,0,0,0,0,0,0,0,0,0,0,0,0,0,0,0,0,37,0,0,235,1,1,0,0,1,1,1,1,1,1,2,2,0,0,0,0
2140,WLNM_dir_neg,1,0.5,00:00:01,10,50,38,1983614911,threshold_sweep,0.7,1,1,1,2,0,0,4,1,1,0,0,1,1,1,1,0.555555555556,1,1,1,37,35,2,0,37,0,35,0,2,17,37,0.136029411765,1.88235294118,4.35294117647,3.36363636364,2.84615384615,1.69341284359,0.389027274878,0.193958664547,2.09866904602,0.964253345467,0.518282988871,1.87867287326,0.863174022847,0.470588235294,0.786197569093,0.41766745858,2.25,1.88235294118,0.786197569093,2.25,0.166339869281,0.0612244897959,3,0.00441176470588,0.185952380952,17,17,17,1,0,0.352941176471,0.411764705882,0.235294117647,17,0.128676470588,1.90196078431,4.11764705882,3.18181818182,2.69230769231,1.57648156274,0.382859808093,0.201680672269,2.01465221053,0.978545359402,0.524369747899,1.74894926439,0.849489642704,0.463865546218,0.814492905316,0.428238537847,2.33333333333,1.90196078431,0.814492905316,2.33333333333,0,0,0,0,0.164242424242,17,17,17,1,0,0.352941176471,0.411764705882,0.235294117647,17,37,0.136029411765,1.88235294118,4.35294117647,3.36363636364,2.84615384615,1.69341284359,0.389027274878,0.193958664547,2.09866904602,0.964253345467,0.518282988871,1.87867287326,0.863174022847,0.470588235294,0.786197569093,0.41766745858,2.25,1.88235294118,0.786197569093,2.25,0.166339869281,0.0612244897959,3,0.00441176470588,0.185952380952,17,17,17,1,0,0.352941176471,0.411764705882,0.235294117647,0,0,0,0,0,0,0,0,0,0,0,0,0,0,0,0,0,0,0,0,0,0,0,0,0,0,0,0,0,37,0,0,235,1,1,0,0,1,1,1,1,1,1,2,2,0,0,0,0
2141,WLNM_dir_neg,1,0.5,00:00:01,10,50,38,1983614911,threshold_sweep,0.8,1,1,1,2,0,0,4,1,1,0,0,1,1,1,1,0.555555555556,1,1,1,37,35,2,0,37,0,35,0,2,17,37,0.136029411765,1.88235294118,4.35294117647,3.36363636364,2.84615384615,1.69341284359,0.389027274878,0.193958664547,2.09866904602,0.964253345467,0.518282988871,1.87867287326,0.863174022847,0.470588235294,0.786197569093,0.41766745858,2.25,1.88235294118,0.786197569093,2.25,0.166339869281,0.0612244897959,3,0.00441176470588,0.185952380952,17,17,17,1,0,0.352941176471,0.411764705882,0.235294117647,17,0.128676470588,1.90196078431,4.11764705882,3.18181818182,2.69230769231,1.57648156274,0.382859808093,0.201680672269,2.01465221053,0.978545359402,0.524369747899,1.74894926439,0.849489642704,0.463865546218,0.814492905316,0.428238537847,2.33333333333,1.90196078431,0.814492905316,2.33333333333,0,0,0,0,0.164242424242,17,17,17,1,0,0.352941176471,0.411764705882,0.235294117647,17,37,0.136029411765,1.88235294118,4.35294117647,3.36363636364,2.84615384615,1.69341284359,0.389027274878,0.193958664547,2.09866904602,0.964253345467,0.518282988871,1.87867287326,0.863174022847,0.470588235294,0.786197569093,0.41766745858,2.25,1.88235294118,0.786197569093,2.25,0.166339869281,0.0612244897959,3,0.00441176470588,0.185952380952,17,17,17,1,0,0.352941176471,0.411764705882,0.235294117647,0,0,0,0,0,0,0,0,0,0,0,0,0,0,0,0,0,0,0,0,0,0,0,0,0,0,0,0,0,37,0,0,235,1,1,0,0,1,1,1,1,1,1,2,2,0,0,0,0
2142,WLNM_dir_neg,1,0.5,00:00:01,10,50,38,1983614911,threshold_sweep,0.9,1,1,1,2,0,0,4,1,1,0,0,1,1,1,1,0.555555555556,1,1,1,37,35,2,0,37,0,35,0,2,17,37,0.136029411765,1.88235294118,4.35294117647,3.36363636364,2.84615384615,1.69341284359,0.389027274878,0.193958664547,2.09866904602,0.964253345467,0.518282988871,1.87867287326,0.863174022847,0.470588235294,0.786197569093,0.41766745858,2.25,1.88235294118,0.786197569093,2.25,0.166339869281,0.0612244897959,3,0.00441176470588,0.185952380952,17,17,17,1,0,0.352941176471,0.411764705882,0.235294117647,17,0.128676470588,1.90196078431,4.11764705882,3.18181818182,2.69230769231,1.57648156274,0.382859808093,0.201680672269,2.01465221053,0.978545359402,0.524369747899,1.74894926439,0.849489642704,0.463865546218,0.814492905316,0.428238537847,2.33333333333,1.90196078431,0.814492905316,2.33333333333,0,0,0,0,0.164242424242,17,17,17,1,0,0.352941176471,0.411764705882,0.235294117647,17,37,0.136029411765,1.88235294118,4.35294117647,3.36363636364,2.84615384615,1.69341284359,0.389027274878,0.193958664547,2.09866904602,0.964253345467,0.518282988871,1.87867287326,0.863174022847,0.470588235294,0.786197569093,0.41766745858,2.25,1.88235294118,0.786197569093,2.25,0.166339869281,0.0612244897959,3,0.00441176470588,0.185952380952,17,17,17,1,0,0.352941176471,0.411764705882,0.235294117647,0,0,0,0,0,0,0,0,0,0,0,0,0,0,0,0,0,0,0,0,0,0,0,0,0,0,0,0,0,37,0,0,235,1,1,0,0,1,1,1,1,1,1,2,2,0,0,0,0
2143,WLNM_dir_neg,1,0.5,00:00:01,10,50,39,1983614912,threshold_sweep,0.1,1,1,1,2,0,0,4,1,1,0,0,1,1,1,1,0.555555555556,1,1,1,37,35,2,0,37,0,35,0,2,17,37,0.136029411765,1.88235294118,4.35294117647,3.36363636364,2.84615384615,1.69341284359,0.389027274878,0.193958664547,2.09866904602,0.964253345467,0.518282988871,1.87867287326,0.863174022847,0.470588235294,0.786197569093,0.41766745858,2.25,1.88235294118,0.786197569093,2.25,0.166339869281,0.0612244897959,3,0.00441176470588,0.185952380952,17,17,17,1,0,0.352941176471,0.411764705882,0.235294117647,17,0.128676470588,1.90196078431,4.11764705882,3.18181818182,2.69230769231,1.57648156274,0.382859808093,0.201680672269,2.01465221053,0.978545359402,0.524369747899,1.74894926439,0.849489642704,0.463865546218,0.814492905316,0.428238537847,2.33333333333,1.90196078431,0.814492905316,2.33333333333,0,0,0,0,0.164242424242,17,17,17,1,0,0.352941176471,0.411764705882,0.235294117647,17,37,0.136029411765,1.88235294118,4.35294117647,3.36363636364,2.84615384615,1.69341284359,0.389027274878,0.193958664547,2.09866904602,0.964253345467,0.518282988871,1.87867287326,0.863174022847,0.470588235294,0.786197569093,0.41766745858,2.25,1.88235294118,0.786197569093,2.25,0.166339869281,0.0612244897959,3,0.00441176470588,0.185952380952,17,17,17,1,0,0.352941176471,0.411764705882,0.235294117647,0,0,0,0,0,0,0,0,0,0,0,0,0,0,0,0,0,0,0,0,0,0,0,0,0,0,0,0,0,37,0,0,235,1,1,0,0,1,1,1,1,1,1,2,2,0,0,0,0
2144,WLNM_dir_neg,1,0.5,00:00:01,10,50,39,1983614912,threshold_sweep,0.2,1,1,1,2,0,0,4,1,1,0,0,1,1,1,1,0.555555555556,1,1,1,37,35,2,0,37,0,35,0,2,17,37,0.136029411765,1.88235294118,4.35294117647,3.36363636364,2.84615384615,1.69341284359,0.389027274878,0.193958664547,2.09866904602,0.964253345467,0.518282988871,1.87867287326,0.863174022847,0.470588235294,0.786197569093,0.41766745858,2.25,1.88235294118,0.786197569093,2.25,0.166339869281,0.0612244897959,3,0.00441176470588,0.185952380952,17,17,17,1,0,0.352941176471,0.411764705882,0.235294117647,17,0.128676470588,1.90196078431,4.11764705882,3.18181818182,2.69230769231,1.57648156274,0.382859808093,0.201680672269,2.01465221053,0.978545359402,0.524369747899,1.74894926439,0.849489642704,0.463865546218,0.814492905316,0.428238537847,2.33333333333,1.90196078431,0.814492905316,2.33333333333,0,0,0,0,0.164242424242,17,17,17,1,0,0.352941176471,0.411764705882,0.235294117647,17,37,0.136029411765,1.88235294118,4.35294117647,3.36363636364,2.84615384615,1.69341284359,0.389027274878,0.193958664547,2.09866904602,0.964253345467,0.518282988871,1.87867287326,0.863174022847,0.470588235294,0.786197569093,0.41766745858,2.25,1.88235294118,0.786197569093,2.25,0.166339869281,0.0612244897959,3,0.00441176470588,0.185952380952,17,17,17,1,0,0.352941176471,0.411764705882,0.235294117647,0,0,0,0,0,0,0,0,0,0,0,0,0,0,0,0,0,0,0,0,0,0,0,0,0,0,0,0,0,37,0,0,235,1,1,0,0,1,1,1,1,1,1,2,2,0,0,0,0
2145,WLNM_dir_neg,1,0.5,00:00:01,10,50,39,1983614912,threshold_sweep,0.3,1,0.5,0.666666666667,1,0,1,4,0.5,1,0,0.5,1,0.5,0.666666666667,0.833333333333,0.611111111111,0.571428571429,0.632455532034,0.5,37,35,2,0,37,0,35,0,2,17,37,0.136029411765,1.88235294118,4.35294117647,3.36363636364,2.84615384615,1.69341284359,0.389027274878,0.193958664547,2.09866904602,0.964253345467,0.518282988871,1.87867287326,0.863174022847,0.470588235294,0.786197569093,0.41766745858,2.25,1.88235294118,0.786197569093,2.25,0.166339869281,0.0612244897959,3,0.00441176470588,0.185952380952,17,17,17,1,0,0.352941176471,0.411764705882,0.235294117647,17,0.128676470588,1.90196078431,4.11764705882,3.18181818182,2.69230769231,1.57648156274,0.382859808093,0.201680672269,2.01465221053,0.978545359402,0.524369747899,1.74894926439,0.849489642704,0.463865546218,0.814492905316,0.428238537847,2.33333333333,1.90196078431,0.814492905316,2.33333333333,0,0,0,0,0.164242424242,17,17,17,1,0,0.352941176471,0.411764705882,0.235294117647,17,36,0.132352941176,1.89705882353,4.23529411765,3.27272727273,2.76923076923,1.71498585143,0.40492721492,0.204248366013,2.05798302171,0.971825315808,0.522875816993,1.79869233546,0.849382491746,0.464052287582,0.805541469338,0.424626510969,2.25,1.89705882353,0.805541469338,2.25,0.0702614379085,0.0214285714286,1,0.00147058823529,0.175454545455,17,17,17,1,0,0.352941176471,0.411764705882,0.235294117647,-1,-0.00367647058824,0.0147058823529,-0.117647058824,-0.0909090909091,-0.0769230769231,0.0215730078386,0.0158999400418,0.0102897014662,-0.0406860243059,0.00757197034072,0.00459282812224,-0.0799805377942,-0.0137915311015,-0.00653594771242,0.0193439002456,0.00695905238854,0,0.0147058823529,0.0193439002456,0,-0.0960784313725,-0.0397959183673,-2,-0.00294117647059,-0.0104978354978,0,0,0,36,0,1,235,0.972972972973,1,0,0.027027027027,1,0.972972972973,0.986301369863,0.984301887704,0.972972972973,0.972972972973,1,2,0,0,0,0
2146,WLNM_dir_neg,1,0.5,00:00:01,10,50,39,1983614912,threshold_sweep,0.4,1,0.5,0.666666666667,1,0,1,4,0.5,1,0,0.5,1,0.5,0.666666666667,0.833333333333,0.611111111111,0.571428571429,0.632455532034,0.5,37,35,2,0,37,0,35,0,2,17,37,0.136029411765,1.88235294118,4.35294117647,3.36363636364,2.84615384615,1.69341284359,0.389027274878,0.193958664547,2.09866904602,0.964253345467,0.518282988871,1.87867287326,0.863174022847,0.470588235294,0.786197569093,0.41766745858,2.25,1.88235294118,0.786197569093,2.25,0.166339869281,0.0612244897959,3,0.00441176470588,0.185952380952,17,17,17,1,0,0.352941176471,0.411764705882,0.235294117647,17,0.128676470588,1.90196078431,4.11764705882,3.18181818182,2.69230769231,1.57648156274,0.382859808093,0.201680672269,2.01465221053,0.978545359402,0.524369747899,1.74894926439,0.849489642704,0.463865546218,0.814492905316,0.428238537847,2.33333333333,1.90196078431,0.814492905316,2.33333333333,0,0,0,0,0.164242424242,17,17,17,1,0,0.352941176471,0.411764705882,0.235294117647,17,36,0.132352941176,1.89705882353,4.23529411765,3.27272727273,2.76923076923,1.71498585143,0.40492721492,0.204248366013,2.05798302171,0.971825315808,0.522875816993,1.79869233546,0.849382491746,0.464052287582,0.805541469338,0.424626510969,2.25,1.89705882353,0.805541469338,2.25,0.0702614379085,0.0214285714286,1,0.00147058823529,0.175454545455,17,17,17,1,0,0.352941176471,0.411764705882,0.235294117647,-1,-0.00367647058824,0.0147058823529,-0.117647058824,-0.0909090909091,-0.0769230769231,0.0215730078386,0.0158999400418,0.0102897014662,-0.0406860243059,0.00757197034072,0.00459282812224,-0.0799805377942,-0.0137915311015,-0.00653594771242,0.0193439002456,0.00695905238854,0,0.0147058823529,0.0193439002456,0,-0.0960784313725,-0.0397959183673,-2,-0.00294117647059,-0.0104978354978,0,0,0,36,0,1,235,0.972972972973,1,0,0.027027027027,1,0.972972972973,0.986301369863,0.984301887704,0.972972972973,0.972972972973,1,2,0,0,0,0
2147,WLNM_dir_neg,1,0.5,00:00:01,10,50,39,1983614912,threshold_sweep,0.5,1,0.5,0.666666666667,1,0,1,4,0.5,1,0,0.5,1,0.5,0.666666666667,0.833333333333,0.611111111111,0.571428571429,0.632455532034,0.5,37,35,2,0,37,0,35,0,2,17,37,0.136029411765,1.88235294118,4.35294117647,3.36363636364,2.84615384615,1.69341284359,0.389027274878,0.193958664547,2.09866904602,0.964253345467,0.518282988871,1.87867287326,0.863174022847,0.470588235294,0.786197569093,0.41766745858,2.25,1.88235294118,0.786197569093,2.25,0.166339869281,0.0612244897959,3,0.00441176470588,0.185952380952,17,17,17,1,0,0.352941176471,0.411764705882,0.235294117647,17,0.128676470588,1.90196078431,4.11764705882,3.18181818182,2.69230769231,1.57648156274,0.382859808093,0.201680672269,2.01465221053,0.978545359402,0.524369747899,1.74894926439,0.849489642704,0.463865546218,0.814492905316,0.428238537847,2.33333333333,1.90196078431,0.814492905316,2.33333333333,0,0,0,0,0.164242424242,17,17,17,1,0,0.352941176471,0.411764705882,0.235294117647,17,36,0.132352941176,1.89705882353,4.23529411765,3.27272727273,2.76923076923,1.71498585143,0.40492721492,0.204248366013,2.05798302171,0.971825315808,0.522875816993,1.79869233546,0.849382491746,0.464052287582,0.805541469338,0.424626510969,2.25,1.89705882353,0.805541469338,2.25,0.0702614379085,0.0214285714286,1,0.00147058823529,0.175454545455,17,17,17,1,0,0.352941176471,0.411764705882,0.235294117647,-1,-0.00367647058824,0.0147058823529,-0.117647058824,-0.0909090909091,-0.0769230769231,0.0215730078386,0.0158999400418,0.0102897014662,-0.0406860243059,0.00757197034072,0.00459282812224,-0.0799805377942,-0.0137915311015,-0.00653594771242,0.0193439002456,0.00695905238854,0,0.0147058823529,0.0193439002456,0,-0.0960784313725,-0.0397959183673,-2,-0.00294117647059,-0.0104978354978,0,0,0,36,0,1,235,0.972972972973,1,0,0.027027027027,1,0.972972972973,0.986301369863,0.984301887704,0.972972972973,0.972972972973,1,2,0,0,0,0
2148,WLNM_dir_neg,1,0.5,00:00:01,10,50,39,1983614912,threshold_sweep,0.6,1,0.5,0.666666666667,1,0,1,4,0.5,1,0,0.5,1,0.5,0.666666666667,0.833333333333,0.611111111111,0.571428571429,0.632455532034,0.5,37,35,2,0,37,0,35,0,2,17,37,0.136029411765,1.88235294118,4.35294117647,3.36363636364,2.84615384615,1.69341284359,0.389027274878,0.193958664547,2.09866904602,0.964253345467,0.518282988871,1.87867287326,0.863174022847,0.470588235294,0.786197569093,0.41766745858,2.25,1.88235294118,0.786197569093,2.25,0.166339869281,0.0612244897959,3,0.00441176470588,0.185952380952,17,17,17,1,0,0.352941176471,0.411764705882,0.235294117647,17,0.128676470588,1.90196078431,4.11764705882,3.18181818182,2.69230769231,1.57648156274,0.382859808093,0.201680672269,2.01465221053,0.978545359402,0.524369747899,1.74894926439,0.849489642704,0.463865546218,0.814492905316,0.428238537847,2.33333333333,1.90196078431,0.814492905316,2.33333333333,0,0,0,0,0.164242424242,17,17,17,1,0,0.352941176471,0.411764705882,0.235294117647,17,36,0.132352941176,1.89705882353,4.23529411765,3.27272727273,2.76923076923,1.71498585143,0.40492721492,0.204248366013,2.05798302171,0.971825315808,0.522875816993,1.79869233546,0.849382491746,0.464052287582,0.805541469338,0.424626510969,2.25,1.89705882353,0.805541469338,2.25,0.0702614379085,0.0214285714286,1,0.00147058823529,0.175454545455,17,17,17,1,0,0.352941176471,0.411764705882,0.235294117647,-1,-0.00367647058824,0.0147058823529,-0.117647058824,-0.0909090909091,-0.0769230769231,0.0215730078386,0.0158999400418,0.0102897014662,-0.0406860243059,0.00757197034072,0.00459282812224,-0.0799805377942,-0.0137915311015,-0.00653594771242,0.0193439002456,0.00695905238854,0,0.0147058823529,0.0193439002456,0,-0.0960784313725,-0.0397959183673,-2,-0.00294117647059,-0.0104978354978,0,0,0,36,0,1,235,0.972972972973,1,0,0.027027027027,1,0.972972972973,0.986301369863,0.984301887704,0.972972972973,0.972972972973,1,2,0,0,0,0
2149,WLNM_dir_neg,1,0.5,00:00:01,10,50,39,1983614912,threshold_sweep,0.7,1,0.5,0.666666666667,1,0,1,4,0.5,1,0,0.5,1,0.5,0.666666666667,0.833333333333,0.611111111111,0.571428571429,0.632455532034,0.5,37,35,2,0,37,0,35,0,2,17,37,0.136029411765,1.88235294118,4.35294117647,3.36363636364,2.84615384615,1.69341284359,0.389027274878,0.193958664547,2.09866904602,0.964253345467,0.518282988871,1.87867287326,0.863174022847,0.470588235294,0.786197569093,0.41766745858,2.25,1.88235294118,0.786197569093,2.25,0.166339869281,0.0612244897959,3,0.00441176470588,0.185952380952,17,17,17,1,0,0.352941176471,0.411764705882,0.235294117647,17,0.128676470588,1.90196078431,4.11764705882,3.18181818182,2.69230769231,1.57648156274,0.382859808093,0.201680672269,2.01465221053,0.978545359402,0.524369747899,1.74894926439,0.849489642704,0.463865546218,0.814492905316,0.428238537847,2.33333333333,1.90196078431,0.814492905316,2.33333333333,0,0,0,0,0.164242424242,17,17,17,1,0,0.352941176471,0.411764705882,0.235294117647,17,36,0.132352941176,1.89705882353,4.23529411765,3.27272727273,2.76923076923,1.71498585143,0.40492721492,0.204248366013,2.05798302171,0.971825315808,0.522875816993,1.79869233546,0.849382491746,0.464052287582,0.805541469338,0.424626510969,2.25,1.89705882353,0.805541469338,2.25,0.0702614379085,0.0214285714286,1,0.00147058823529,0.175454545455,17,17,17,1,0,0.352941176471,0.411764705882,0.235294117647,-1,-0.00367647058824,0.0147058823529,-0.117647058824,-0.0909090909091,-0.0769230769231,0.0215730078386,0.0158999400418,0.0102897014662,-0.0406860243059,0.00757197034072,0.00459282812224,-0.0799805377942,-0.0137915311015,-0.00653594771242,0.0193439002456,0.00695905238854,0,0.0147058823529,0.0193439002456,0,-0.0960784313725,-0.0397959183673,-2,-0.00294117647059,-0.0104978354978,0,0,0,36,0,1,235,0.972972972973,1,0,0.027027027027,1,0.972972972973,0.986301369863,0.984301887704,0.972972972973,0.972972972973,1,2,0,0,0,0
2150,WLNM_dir_neg,1,0.5,00:00:01,10,50,39,1983614912,threshold_sweep,0.8,1,0.5,0.666666666667,1,0,1,4,0.5,1,0,0.5,1,0.5,0.666666666667,0.833333333333,0.611111111111,0.571428571429,0.632455532034,0.5,37,35,2,0,37,0,35,0,2,17,37,0.136029411765,1.88235294118,4.35294117647,3.36363636364,2.84615384615,1.69341284359,0.389027274878,0.193958664547,2.09866904602,0.964253345467,0.518282988871,1.87867287326,0.863174022847,0.470588235294,0.786197569093,0.41766745858,2.25,1.88235294118,0.786197569093,2.25,0.166339869281,0.0612244897959,3,0.00441176470588,0.185952380952,17,17,17,1,0,0.352941176471,0.411764705882,0.235294117647,17,0.128676470588,1.90196078431,4.11764705882,3.18181818182,2.69230769231,1.57648156274,0.382859808093,0.201680672269,2.01465221053,0.978545359402,0.524369747899,1.74894926439,0.849489642704,0.463865546218,0.814492905316,0.428238537847,2.33333333333,1.90196078431,0.814492905316,2.33333333333,0,0,0,0,0.164242424242,17,17,17,1,0,0.352941176471,0.411764705882,0.235294117647,17,36,0.132352941176,1.89705882353,4.23529411765,3.27272727273,2.76923076923,1.71498585143,0.40492721492,0.204248366013,2.05798302171,0.971825315808,0.522875816993,1.79869233546,0.849382491746,0.464052287582,0.805541469338,0.424626510969,2.25,1.89705882353,0.805541469338,2.25,0.0702614379085,0.0214285714286,1,0.00147058823529,0.175454545455,17,17,17,1,0,0.352941176471,0.411764705882,0.235294117647,-1,-0.00367647058824,0.0147058823529,-0.117647058824,-0.0909090909091,-0.0769230769231,0.0215730078386,0.0158999400418,0.0102897014662,-0.0406860243059,0.00757197034072,0.00459282812224,-0.0799805377942,-0.0137915311015,-0.00653594771242,0.0193439002456,0.00695905238854,0,0.0147058823529,0.0193439002456,0,-0.0960784313725,-0.0397959183673,-2,-0.00294117647059,-0.0104978354978,0,0,0,36,0,1,235,0.972972972973,1,0,0.027027027027,1,0.972972972973,0.986301369863,0.984301887704,0.972972972973,0.972972972973,1,2,0,0,0,0
2151,WLNM_dir_neg,1,0.5,00:00:01,10,50,39,1983614912,threshold_sweep,0.9,1,0.5,0.666666666667,1,0,1,4,0.5,1,0,0.5,1,0.5,0.666666666667,0.833333333333,0.611111111111,0.571428571429,0.632455532034,0.5,37,35,2,0,37,0,35,0,2,17,37,0.136029411765,1.88235294118,4.35294117647,3.36363636364,2.84615384615,1.69341284359,0.389027274878,0.193958664547,2.09866904602,0.964253345467,0.518282988871,1.87867287326,0.863174022847,0.470588235294,0.786197569093,0.41766745858,2.25,1.88235294118,0.786197569093,2.25,0.166339869281,0.0612244897959,3,0.00441176470588,0.185952380952,17,17,17,1,0,0.352941176471,0.411764705882,0.235294117647,17,0.128676470588,1.90196078431,4.11764705882,3.18181818182,2.69230769231,1.57648156274,0.382859808093,0.201680672269,2.01465221053,0.978545359402,0.524369747899,1.74894926439,0.849489642704,0.463865546218,0.814492905316,0.428238537847,2.33333333333,1.90196078431,0.814492905316,2.33333333333,0,0,0,0,0.164242424242,17,17,17,1,0,0.352941176471,0.411764705882,0.235294117647,17,36,0.132352941176,1.89705882353,4.23529411765,3.27272727273,2.76923076923,1.71498585143,0.40492721492,0.204248366013,2.05798302171,0.971825315808,0.522875816993,1.79869233546,0.849382491746,0.464052287582,0.805541469338,0.424626510969,2.25,1.89705882353,0.805541469338,2.25,0.0702614379085,0.0214285714286,1,0.00147058823529,0.175454545455,17,17,17,1,0,0.352941176471,0.411764705882,0.235294117647,-1,-0.00367647058824,0.0147058823529,-0.117647058824,-0.0909090909091,-0.0769230769231,0.0215730078386,0.0158999400418,0.0102897014662,-0.0406860243059,0.00757197034072,0.00459282812224,-0.0799805377942,-0.0137915311015,-0.00653594771242,0.0193439002456,0.00695905238854,0,0.0147058823529,0.0193439002456,0,-0.0960784313725,-0.0397959183673,-2,-0.00294117647059,-0.0104978354978,0,0,0,36,0,1,235,0.972972972973,1,0,0.027027027027,1,0.972972972973,0.986301369863,0.984301887704,0.972972972973,0.972972972973,1,2,0,0,0,0
2152,WLNM_dir_neg,0.75,0.416666666667,00:00:01,10,50,40,1983614913,threshold_sweep,0.1,0.5,0.5,0.5,1,1,1,3,0.5,0.75,0.25,0.5,0.5,0.5,0.5,0.666666666667,0.555555555556,0.25,0.25,0.25,37,35,2,0,37,0,35,0,2,17,37,0.136029411765,1.88235294118,4.35294117647,3.36363636364,2.84615384615,1.69341284359,0.389027274878,0.193958664547,2.09866904602,0.964253345467,0.518282988871,1.87867287326,0.863174022847,0.470588235294,0.786197569093,0.41766745858,2.25,1.88235294118,0.786197569093,2.25,0.166339869281,0.0612244897959,3,0.00441176470588,0.185952380952,17,17,17,1,0,0.352941176471,0.411764705882,0.235294117647,17,0.128676470588,1.90196078431,4.11764705882,3.18181818182,2.69230769231,1.57648156274,0.382859808093,0.201680672269,2.01465221053,0.978545359402,0.524369747899,1.74894926439,0.849489642704,0.463865546218,0.814492905316,0.428238537847,2.33333333333,1.90196078431,0.814492905316,2.33333333333,0,0,0,0,0.164242424242,17,17,17,1,0,0.352941176471,0.411764705882,0.235294117647,17,37,0.136029411765,2.10960784314,4.35294117647,3.08333333333,2.84615384615,1.65609391606,0.380454007744,0.190779014308,2.00733947421,0.92229110977,0.49920508744,1.81091462104,0.832041852911,0.454689984102,0.888436424876,0.421138188202,2.45,2.10960784314,0.888436424876,2.45,0.0702614379085,0.0205479452055,1,0.00147058823529,0.15303030303,17,17,17,1,0,0.294117647059,0.470588235294,0.235294117647,0,0,0.227254901961,0,-0.280303030303,0,-0.0373189275226,-0.00857326713358,-0.00317965023847,-0.09132957181,-0.0419622356965,-0.0190779014308,-0.0677582522128,-0.0311321699356,-0.0158982511924,0.102238855783,0.0034707296216,0.2,0.227254901961,0.102238855783,0.2,-0.0960784313725,-0.0406765445904,-2,-0.00294117647059,-0.0329220779221,-0.0588235294118,0.0588235294118,0,36,1,1,234,0.972972972973,0.995744680851,0.00425531914894,0.027027027027,0.972972972973,0.972972972973,0.972972972973,0.968717653824,0.968717653824,0.947368421053,2,2,0,0,0,0
2153,WLNM_dir_neg,0.75,0.416666666667,00:00:01,10,50,40,1983614913,threshold_sweep,0.2,0.5,0.5,0.5,1,1,1,3,0.5,0.75,0.25,0.5,0.5,0.5,0.5,0.666666666667,0.555555555556,0.25,0.25,0.25,37,35,2,0,37,0,35,0,2,17,37,0.136029411765,1.88235294118,4.35294117647,3.36363636364,2.84615384615,1.69341284359,0.389027274878,0.193958664547,2.09866904602,0.964253345467,0.518282988871,1.87867287326,0.863174022847,0.470588235294,0.786197569093,0.41766745858,2.25,1.88235294118,0.786197569093,2.25,0.166339869281,0.0612244897959,3,0.00441176470588,0.185952380952,17,17,17,1,0,0.352941176471,0.411764705882,0.235294117647,17,0.128676470588,1.90196078431,4.11764705882,3.18181818182,2.69230769231,1.57648156274,0.382859808093,0.201680672269,2.01465221053,0.978545359402,0.524369747899,1.74894926439,0.849489642704,0.463865546218,0.814492905316,0.428238537847,2.33333333333,1.90196078431,0.814492905316,2.33333333333,0,0,0,0,0.164242424242,17,17,17,1,0,0.352941176471,0.411764705882,0.235294117647,17,37,0.136029411765,2.10960784314,4.35294117647,3.08333333333,2.84615384615,1.65609391606,0.380454007744,0.190779014308,2.00733947421,0.92229110977,0.49920508744,1.81091462104,0.832041852911,0.454689984102,0.888436424876,0.421138188202,2.45,2.10960784314,0.888436424876,2.45,0.0702614379085,0.0205479452055,1,0.00147058823529,0.15303030303,17,17,17,1,0,0.294117647059,0.470588235294,0.235294117647,0,0,0.227254901961,0,-0.280303030303,0,-0.0373189275226,-0.00857326713358,-0.00317965023847,-0.09132957181,-0.0419622356965,-0.0190779014308,-0.0677582522128,-0.0311321699356,-0.0158982511924,0.102238855783,0.0034707296216,0.2,0.227254901961,0.102238855783,0.2,-0.0960784313725,-0.0406765445904,-2,-0.00294117647059,-0.0329220779221,-0.0588235294118,0.0588235294118,0,36,1,1,234,0.972972972973,0.995744680851,0.00425531914894,0.027027027027,0.972972972973,0.972972972973,0.972972972973,0.968717653824,0.968717653824,0.947368421053,2,2,0,0,0,0
2154,WLNM_dir_neg,0.75,0.416666666667,00:00:01,10,50,40,1983614913,threshold_sweep,0.3,0.5,0.5,0.5,1,1,1,3,0.5,0.75,0.25,0.5,0.5,0.5,0.5,0.666666666667,0.555555555556,0.25,0.25,0.25,37,35,2,0,37,0,35,0,2,17,37,0.136029411765,1.88235294118,4.35294117647,3.36363636364,2.84615384615,1.69341284359,0.389027274878,0.193958664547,2.09866904602,0.964253345467,0.518282988871,1.87867287326,0.863174022847,0.470588235294,0.786197569093,0.41766745858,2.25,1.88235294118,0.786197569093,2.25,0.166339869281,0.0612244897959,3,0.00441176470588,0.185952380952,17,17,17,1,0,0.352941176471,0.411764705882,0.235294117647,17,0.128676470588,1.90196078431,4.11764705882,3.18181818182,2.69230769231,1.57648156274,0.382859808093,0.201680672269,2.01465221053,0.978545359402,0.524369747899,1.74894926439,0.849489642704,0.463865546218,0.814492905316,0.428238537847,2.33333333333,1.90196078431,0.814492905316,2.33333333333,0,0,0,0,0.164242424242,17,17,17,1,0,0.352941176471,0.411764705882,0.235294117647,17,37,0.136029411765,2.10960784314,4.35294117647,3.08333333333,2.84615384615,1.65609391606,0.380454007744,0.190779014308,2.00733947421,0.92229110977,0.49920508744,1.81091462104,0.832041852911,0.454689984102,0.888436424876,0.421138188202,2.45,2.10960784314,0.888436424876,2.45,0.0702614379085,0.0205479452055,1,0.00147058823529,0.15303030303,17,17,17,1,0,0.294117647059,0.470588235294,0.235294117647,0,0,0.227254901961,0,-0.280303030303,0,-0.0373189275226,-0.00857326713358,-0.00317965023847,-0.09132957181,-0.0419622356965,-0.0190779014308,-0.0677582522128,-0.0311321699356,-0.0158982511924,0.102238855783,0.0034707296216,0.2,0.227254901961,0.102238855783,0.2,-0.0960784313725,-0.0406765445904,-2,-0.00294117647059,-0.0329220779221,-0.0588235294118,0.0588235294118,0,36,1,1,234,0.972972972973,0.995744680851,0.00425531914894,0.027027027027,0.972972972973,0.972972972973,0.972972972973,0.968717653824,0.968717653824,0.947368421053,2,2,0,0,0,0
2155,WLNM_dir_neg,0.75,0.416666666667,00:00:01,10,50,40,1983614913,threshold_sweep,0.4,0.5,0.5,0.5,1,1,1,3,0.5,0.75,0.25,0.5,0.5,0.5,0.5,0.666666666667,0.555555555556,0.25,0.25,0.25,37,35,2,0,37,0,35,0,2,17,37,0.136029411765,1.88235294118,4.35294117647,3.36363636364,2.84615384615,1.69341284359,0.389027274878,0.193958664547,2.09866904602,0.964253345467,0.518282988871,1.87867287326,0.863174022847,0.470588235294,0.786197569093,0.41766745858,2.25,1.88235294118,0.786197569093,2.25,0.166339869281,0.0612244897959,3,0.00441176470588,0.185952380952,17,17,17,1,0,0.352941176471,0.411764705882,0.235294117647,17,0.128676470588,1.90196078431,4.11764705882,3.18181818182,2.69230769231,1.57648156274,0.382859808093,0.201680672269,2.01465221053,0.978545359402,0.524369747899,1.74894926439,0.849489642704,0.463865546218,0.814492905316,0.428238537847,2.33333333333,1.90196078431,0.814492905316,2.33333333333,0,0,0,0,0.164242424242,17,17,17,1,0,0.352941176471,0.411764705882,0.235294117647,17,37,0.136029411765,2.10960784314,4.35294117647,3.08333333333,2.84615384615,1.65609391606,0.380454007744,0.190779014308,2.00733947421,0.92229110977,0.49920508744,1.81091462104,0.832041852911,0.454689984102,0.888436424876,0.421138188202,2.45,2.10960784314,0.888436424876,2.45,0.0702614379085,0.0205479452055,1,0.00147058823529,0.15303030303,17,17,17,1,0,0.294117647059,0.470588235294,0.235294117647,0,0,0.227254901961,0,-0.280303030303,0,-0.0373189275226,-0.00857326713358,-0.00317965023847,-0.09132957181,-0.0419622356965,-0.0190779014308,-0.0677582522128,-0.0311321699356,-0.0158982511924,0.102238855783,0.0034707296216,0.2,0.227254901961,0.102238855783,0.2,-0.0960784313725,-0.0406765445904,-2,-0.00294117647059,-0.0329220779221,-0.0588235294118,0.0588235294118,0,36,1,1,234,0.972972972973,0.995744680851,0.00425531914894,0.027027027027,0.972972972973,0.972972972973,0.972972972973,0.968717653824,0.968717653824,0.947368421053,2,2,0,0,0,0
2156,WLNM_dir_neg,0.75,0.416666666667,00:00:01,10,50,40,1983614913,threshold_sweep,0.5,0.5,0.5,0.5,1,1,1,3,0.5,0.75,0.25,0.5,0.5,0.5,0.5,0.666666666667,0.555555555556,0.25,0.25,0.25,37,35,2,0,37,0,35,0,2,17,37,0.136029411765,1.88235294118,4.35294117647,3.36363636364,2.84615384615,1.69341284359,0.389027274878,0.193958664547,2.09866904602,0.964253345467,0.518282988871,1.87867287326,0.863174022847,0.470588235294,0.786197569093,0.41766745858,2.25,1.88235294118,0.786197569093,2.25,0.166339869281,0.0612244897959,3,0.00441176470588,0.185952380952,17,17,17,1,0,0.352941176471,0.411764705882,0.235294117647,17,0.128676470588,1.90196078431,4.11764705882,3.18181818182,2.69230769231,1.57648156274,0.382859808093,0.201680672269,2.01465221053,0.978545359402,0.524369747899,1.74894926439,0.849489642704,0.463865546218,0.814492905316,0.428238537847,2.33333333333,1.90196078431,0.814492905316,2.33333333333,0,0,0,0,0.164242424242,17,17,17,1,0,0.352941176471,0.411764705882,0.235294117647,17,37,0.136029411765,2.10960784314,4.35294117647,3.08333333333,2.84615384615,1.65609391606,0.380454007744,0.190779014308,2.00733947421,0.92229110977,0.49920508744,1.81091462104,0.832041852911,0.454689984102,0.888436424876,0.421138188202,2.45,2.10960784314,0.888436424876,2.45,0.0702614379085,0.0205479452055,1,0.00147058823529,0.15303030303,17,17,17,1,0,0.294117647059,0.470588235294,0.235294117647,0,0,0.227254901961,0,-0.280303030303,0,-0.0373189275226,-0.00857326713358,-0.00317965023847,-0.09132957181,-0.0419622356965,-0.0190779014308,-0.0677582522128,-0.0311321699356,-0.0158982511924,0.102238855783,0.0034707296216,0.2,0.227254901961,0.102238855783,0.2,-0.0960784313725,-0.0406765445904,-2,-0.00294117647059,-0.0329220779221,-0.0588235294118,0.0588235294118,0,36,1,1,234,0.972972972973,0.995744680851,0.00425531914894,0.027027027027,0.972972972973,0.972972972973,0.972972972973,0.968717653824,0.968717653824,0.947368421053,2,2,0,0,0,0
2157,WLNM_dir_neg,0.75,0.416666666667,00:00:01,10,50,40,1983614913,threshold_sweep,0.6,0.5,0.5,0.5,1,1,1,3,0.5,0.75,0.25,0.5,0.5,0.5,0.5,0.666666666667,0.555555555556,0.25,0.25,0.25,37,35,2,0,37,0,35,0,2,17,37,0.136029411765,1.88235294118,4.35294117647,3.36363636364,2.84615384615,1.69341284359,0.389027274878,0.193958664547,2.09866904602,0.964253345467,0.518282988871,1.87867287326,0.863174022847,0.470588235294,0.786197569093,0.41766745858,2.25,1.88235294118,0.786197569093,2.25,0.166339869281,0.0612244897959,3,0.00441176470588,0.185952380952,17,17,17,1,0,0.352941176471,0.411764705882,0.235294117647,17,0.128676470588,1.90196078431,4.11764705882,3.18181818182,2.69230769231,1.57648156274,0.382859808093,0.201680672269,2.01465221053,0.978545359402,0.524369747899,1.74894926439,0.849489642704,0.463865546218,0.814492905316,0.428238537847,2.33333333333,1.90196078431,0.814492905316,2.33333333333,0,0,0,0,0.164242424242,17,17,17,1,0,0.352941176471,0.411764705882,0.235294117647,17,37,0.136029411765,2.10960784314,4.35294117647,3.08333333333,2.84615384615,1.65609391606,0.380454007744,0.190779014308,2.00733947421,0.92229110977,0.49920508744,1.81091462104,0.832041852911,0.454689984102,0.888436424876,0.421138188202,2.45,2.10960784314,0.888436424876,2.45,0.0702614379085,0.0205479452055,1,0.00147058823529,0.15303030303,17,17,17,1,0,0.294117647059,0.470588235294,0.235294117647,0,0,0.227254901961,0,-0.280303030303,0,-0.0373189275226,-0.00857326713358,-0.00317965023847,-0.09132957181,-0.0419622356965,-0.0190779014308,-0.0677582522128,-0.0311321699356,-0.0158982511924,0.102238855783,0.0034707296216,0.2,0.227254901961,0.102238855783,0.2,-0.0960784313725,-0.0406765445904,-2,-0.00294117647059,-0.0329220779221,-0.0588235294118,0.0588235294118,0,36,1,1,234,0.972972972973,0.995744680851,0.00425531914894,0.027027027027,0.972972972973,0.972972972973,0.972972972973,0.968717653824,0.968717653824,0.947368421053,2,2,0,0,0,0
2158,WLNM_dir_neg,0.75,0.416666666667,00:00:01,10,50,40,1983614913,threshold_sweep,0.7,0.5,0.5,0.5,1,1,1,3,0.5,0.75,0.25,0.5,0.5,0.5,0.5,0.666666666667,0.555555555556,0.25,0.25,0.25,37,35,2,0,37,0,35,0,2,17,37,0.136029411765,1.88235294118,4.35294117647,3.36363636364,2.84615384615,1.69341284359,0.389027274878,0.193958664547,2.09866904602,0.964253345467,0.518282988871,1.87867287326,0.863174022847,0.470588235294,0.786197569093,0.41766745858,2.25,1.88235294118,0.786197569093,2.25,0.166339869281,0.0612244897959,3,0.00441176470588,0.185952380952,17,17,17,1,0,0.352941176471,0.411764705882,0.235294117647,17,0.128676470588,1.90196078431,4.11764705882,3.18181818182,2.69230769231,1.57648156274,0.382859808093,0.201680672269,2.01465221053,0.978545359402,0.524369747899,1.74894926439,0.849489642704,0.463865546218,0.814492905316,0.428238537847,2.33333333333,1.90196078431,0.814492905316,2.33333333333,0,0,0,0,0.164242424242,17,17,17,1,0,0.352941176471,0.411764705882,0.235294117647,17,37,0.136029411765,2.10960784314,4.35294117647,3.08333333333,2.84615384615,1.65609391606,0.380454007744,0.190779014308,2.00733947421,0.92229110977,0.49920508744,1.81091462104,0.832041852911,0.454689984102,0.888436424876,0.421138188202,2.45,2.10960784314,0.888436424876,2.45,0.0702614379085,0.0205479452055,1,0.00147058823529,0.15303030303,17,17,17,1,0,0.294117647059,0.470588235294,0.235294117647,0,0,0.227254901961,0,-0.280303030303,0,-0.0373189275226,-0.00857326713358,-0.00317965023847,-0.09132957181,-0.0419622356965,-0.0190779014308,-0.0677582522128,-0.0311321699356,-0.0158982511924,0.102238855783,0.0034707296216,0.2,0.227254901961,0.102238855783,0.2,-0.0960784313725,-0.0406765445904,-2,-0.00294117647059,-0.0329220779221,-0.0588235294118,0.0588235294118,0,36,1,1,234,0.972972972973,0.995744680851,0.00425531914894,0.027027027027,0.972972972973,0.972972972973,0.972972972973,0.968717653824,0.968717653824,0.947368421053,2,2,0,0,0,0
2159,WLNM_dir_neg,0.75,0.416666666667,00:00:01,10,50,40,1983614913,threshold_sweep,0.8,0.5,0.5,0.5,1,1,1,3,0.5,0.75,0.25,0.5,0.5,0.5,0.5,0.666666666667,0.555555555556,0.25,0.25,0.25,37,35,2,0,37,0,35,0,2,17,37,0.136029411765,1.88235294118,4.35294117647,3.36363636364,2.84615384615,1.69341284359,0.389027274878,0.193958664547,2.09866904602,0.964253345467,0.518282988871,1.87867287326,0.863174022847,0.470588235294,0.786197569093,0.41766745858,2.25,1.88235294118,0.786197569093,2.25,0.166339869281,0.0612244897959,3,0.00441176470588,0.185952380952,17,17,17,1,0,0.352941176471,0.411764705882,0.235294117647,17,0.128676470588,1.90196078431,4.11764705882,3.18181818182,2.69230769231,1.57648156274,0.382859808093,0.201680672269,2.01465221053,0.978545359402,0.524369747899,1.74894926439,0.849489642704,0.463865546218,0.814492905316,0.428238537847,2.33333333333,1.90196078431,0.814492905316,2.33333333333,0,0,0,0,0.164242424242,17,17,17,1,0,0.352941176471,0.411764705882,0.235294117647,17,37,0.136029411765,2.10960784314,4.35294117647,3.08333333333,2.84615384615,1.65609391606,0.380454007744,0.190779014308,2.00733947421,0.92229110977,0.49920508744,1.81091462104,0.832041852911,0.454689984102,0.888436424876,0.421138188202,2.45,2.10960784314,0.888436424876,2.45,0.0702614379085,0.0205479452055,1,0.00147058823529,0.15303030303,17,17,17,1,0,0.294117647059,0.470588235294,0.235294117647,0,0,0.227254901961,0,-0.280303030303,0,-0.0373189275226,-0.00857326713358,-0.00317965023847,-0.09132957181,-0.0419622356965,-0.0190779014308,-0.0677582522128,-0.0311321699356,-0.0158982511924,0.102238855783,0.0034707296216,0.2,0.227254901961,0.102238855783,0.2,-0.0960784313725,-0.0406765445904,-2,-0.00294117647059,-0.0329220779221,-0.0588235294118,0.0588235294118,0,36,1,1,234,0.972972972973,0.995744680851,0.00425531914894,0.027027027027,0.972972972973,0.972972972973,0.972972972973,0.968717653824,0.968717653824,0.947368421053,2,2,0,0,0,0
2160,WLNM_dir_neg,0.75,0.416666666667,00:00:01,10,50,40,1983614913,threshold_sweep,0.9,0.5,0.5,0.5,1,1,1,3,0.5,0.75,0.25,0.5,0.5,0.5,0.5,0.666666666667,0.555555555556,0.25,0.25,0.25,37,35,2,0,37,0,35,0,2,17,37,0.136029411765,1.88235294118,4.35294117647,3.36363636364,2.84615384615,1.69341284359,0.389027274878,0.193958664547,2.09866904602,0.964253345467,0.518282988871,1.87867287326,0.863174022847,0.470588235294,0.786197569093,0.41766745858,2.25,1.88235294118,0.786197569093,2.25,0.166339869281,0.0612244897959,3,0.00441176470588,0.185952380952,17,17,17,1,0,0.352941176471,0.411764705882,0.235294117647,17,0.128676470588,1.90196078431,4.11764705882,3.18181818182,2.69230769231,1.57648156274,0.382859808093,0.201680672269,2.01465221053,0.978545359402,0.524369747899,1.74894926439,0.849489642704,0.463865546218,0.814492905316,0.428238537847,2.33333333333,1.90196078431,0.814492905316,2.33333333333,0,0,0,0,0.164242424242,17,17,17,1,0,0.352941176471,0.411764705882,0.235294117647,17,37,0.136029411765,2.10960784314,4.35294117647,3.08333333333,2.84615384615,1.65609391606,0.380454007744,0.190779014308,2.00733947421,0.92229110977,0.49920508744,1.81091462104,0.832041852911,0.454689984102,0.888436424876,0.421138188202,2.45,2.10960784314,0.888436424876,2.45,0.0702614379085,0.0205479452055,1,0.00147058823529,0.15303030303,17,17,17,1,0,0.294117647059,0.470588235294,0.235294117647,0,0,0.227254901961,0,-0.280303030303,0,-0.0373189275226,-0.00857326713358,-0.00317965023847,-0.09132957181,-0.0419622356965,-0.0190779014308,-0.0677582522128,-0.0311321699356,-0.0158982511924,0.102238855783,0.0034707296216,0.2,0.227254901961,0.102238855783,0.2,-0.0960784313725,-0.0406765445904,-2,-0.00294117647059,-0.0329220779221,-0.0588235294118,0.0588235294118,0,36,1,1,234,0.972972972973,0.995744680851,0.00425531914894,0.027027027027,0.972972972973,0.972972972973,0.972972972973,0.968717653824,0.968717653824,0.947368421053,2,2,0,0,0,0
2161,WLNM_dir_neg,0.875,0.291666666667,00:00:01,10,50,41,1983614914,threshold_sweep,0.1,0.5,1,0.666666666667,2,2,0,2,1,0.5,0.5,0,0.5,1,0.666666666667,0.666666666667,0.444444444444,0.4,0.5,0.5,37,35,2,0,37,0,35,0,2,17,37,0.136029411765,1.88235294118,4.35294117647,3.36363636364,2.84615384615,1.69341284359,0.389027274878,0.193958664547,2.09866904602,0.964253345467,0.518282988871,1.87867287326,0.863174022847,0.470588235294,0.786197569093,0.41766745858,2.25,1.88235294118,0.786197569093,2.25,0.166339869281,0.0612244897959,3,0.00441176470588,0.185952380952,17,17,17,1,0,0.352941176471,0.411764705882,0.235294117647,17,0.128676470588,1.90196078431,4.11764705882,3.18181818182,2.69230769231,1.57648156274,0.382859808093,0.201680672269,2.01465221053,0.978545359402,0.524369747899,1.74894926439,0.849489642704,0.463865546218,0.814492905316,0.428238537847,2.33333333333,1.90196078431,0.814492905316,2.33333333333,0,0,0,0,0.164242424242,17,17,17,1,0,0.352941176471,0.411764705882,0.235294117647,17,39,0.143382352941,2.27867647059,4.58823529412,3.25,2.78571428571,1.58346232705,0.3451135841,0.173453996983,2.11437655948,0.921651320801,0.494720965309,1.79459974236,0.782261426159,0.428355957768,1.12787622522,0.494969882638,3.75,2.27867647059,1.12787622522,3.75,0.164052287582,0.075,4,0.00588235294118,0.155429292929,17,17,17,1,0,0.294117647059,0.529411764706,0.176470588235,2,0.00735294117647,0.396323529412,0.235294117647,-0.113636363636,-0.0604395604396,-0.10995051654,-0.043913690778,-0.0205046675635,0.0157075134677,-0.0426020246662,-0.023562023562,-0.0840731308911,-0.0809125966883,-0.0422322775264,0.341678656125,0.077302424058,1.5,0.396323529412,0.341678656125,1.5,-0.00228758169935,0.0137755102041,1,0.00147058823529,-0.0305230880231,-0.0588235294118,0.117647058824,-0.0588235294118,37,2,0,233,1,0.991489361702,0.00851063829787,0,0.948717948718,1,0.973684210526,0.969867905134,0.991489361702,0.948717948718,4,2,0,0,0,0
2162,WLNM_dir_neg,0.875,0.291666666667,00:00:01,10,50,41,1983614914,threshold_sweep,0.2,0.5,1,0.666666666667,2,2,0,2,1,0.5,0.5,0,0.5,1,0.666666666667,0.666666666667,0.444444444444,0.4,0.5,0.5,37,35,2,0,37,0,35,0,2,17,37,0.136029411765,1.88235294118,4.35294117647,3.36363636364,2.84615384615,1.69341284359,0.389027274878,0.193958664547,2.09866904602,0.964253345467,0.518282988871,1.87867287326,0.863174022847,0.470588235294,0.786197569093,0.41766745858,2.25,1.88235294118,0.786197569093,2.25,0.166339869281,0.0612244897959,3,0.00441176470588,0.185952380952,17,17,17,1,0,0.352941176471,0.411764705882,0.235294117647,17,0.128676470588,1.90196078431,4.11764705882,3.18181818182,2.69230769231,1.57648156274,0.382859808093,0.201680672269,2.01465221053,0.978545359402,0.524369747899,1.74894926439,0.849489642704,0.463865546218,0.814492905316,0.428238537847,2.33333333333,1.90196078431,0.814492905316,2.33333333333,0,0,0,0,0.164242424242,17,17,17,1,0,0.352941176471,0.411764705882,0.235294117647,17,39,0.143382352941,2.27867647059,4.58823529412,3.25,2.78571428571,1.58346232705,0.3451135841,0.173453996983,2.11437655948,0.921651320801,0.494720965309,1.79459974236,0.782261426159,0.428355957768,1.12787622522,0.494969882638,3.75,2.27867647059,1.12787622522,3.75,0.164052287582,0.075,4,0.00588235294118,0.155429292929,17,17,17,1,0,0.294117647059,0.529411764706,0.176470588235,2,0.00735294117647,0.396323529412,0.235294117647,-0.113636363636,-0.0604395604396,-0.10995051654,-0.043913690778,-0.0205046675635,0.0157075134677,-0.0426020246662,-0.023562023562,-0.0840731308911,-0.0809125966883,-0.0422322775264,0.341678656125,0.077302424058,1.5,0.396323529412,0.341678656125,1.5,-0.00228758169935,0.0137755102041,1,0.00147058823529,-0.0305230880231,-0.0588235294118,0.117647058824,-0.0588235294118,37,2,0,233,1,0.991489361702,0.00851063829787,0,0.948717948718,1,0.973684210526,0.969867905134,0.991489361702,0.948717948718,4,2,0,0,0,0
2163,WLNM_dir_neg,0.875,0.291666666667,00:00:01,10,50,41,1983614914,threshold_sweep,0.3,0.5,1,0.666666666667,2,2,0,2,1,0.5,0.5,0,0.5,1,0.666666666667,0.666666666667,0.444444444444,0.4,0.5,0.5,37,35,2,0,37,0,35,0,2,17,37,0.136029411765,1.88235294118,4.35294117647,3.36363636364,2.84615384615,1.69341284359,0.389027274878,0.193958664547,2.09866904602,0.964253345467,0.518282988871,1.87867287326,0.863174022847,0.470588235294,0.786197569093,0.41766745858,2.25,1.88235294118,0.786197569093,2.25,0.166339869281,0.0612244897959,3,0.00441176470588,0.185952380952,17,17,17,1,0,0.352941176471,0.411764705882,0.235294117647,17,0.128676470588,1.90196078431,4.11764705882,3.18181818182,2.69230769231,1.57648156274,0.382859808093,0.201680672269,2.01465221053,0.978545359402,0.524369747899,1.74894926439,0.849489642704,0.463865546218,0.814492905316,0.428238537847,2.33333333333,1.90196078431,0.814492905316,2.33333333333,0,0,0,0,0.164242424242,17,17,17,1,0,0.352941176471,0.411764705882,0.235294117647,17,39,0.143382352941,2.27867647059,4.58823529412,3.25,2.78571428571,1.58346232705,0.3451135841,0.173453996983,2.11437655948,0.921651320801,0.494720965309,1.79459974236,0.782261426159,0.428355957768,1.12787622522,0.494969882638,3.75,2.27867647059,1.12787622522,3.75,0.164052287582,0.075,4,0.00588235294118,0.155429292929,17,17,17,1,0,0.294117647059,0.529411764706,0.176470588235,2,0.00735294117647,0.396323529412,0.235294117647,-0.113636363636,-0.0604395604396,-0.10995051654,-0.043913690778,-0.0205046675635,0.0157075134677,-0.0426020246662,-0.023562023562,-0.0840731308911,-0.0809125966883,-0.0422322775264,0.341678656125,0.077302424058,1.5,0.396323529412,0.341678656125,1.5,-0.00228758169935,0.0137755102041,1,0.00147058823529,-0.0305230880231,-0.0588235294118,0.117647058824,-0.0588235294118,37,2,0,233,1,0.991489361702,0.00851063829787,0,0.948717948718,1,0.973684210526,0.969867905134,0.991489361702,0.948717948718,4,2,0,0,0,0
2164,WLNM_dir_neg,0.875,0.291666666667,00:00:01,10,50,41,1983614914,threshold_sweep,0.4,0.666666666667,1,0.8,2,1,0,3,1,0.75,0.25,0,0.666666666667,1,0.8,0.833333333333,0.5,0.666666666667,0.707106781187,0.75,37,35,2,0,37,0,35,0,2,17,37,0.136029411765,1.88235294118,4.35294117647,3.36363636364,2.84615384615,1.69341284359,0.389027274878,0.193958664547,2.09866904602,0.964253345467,0.518282988871,1.87867287326,0.863174022847,0.470588235294,0.786197569093,0.41766745858,2.25,1.88235294118,0.786197569093,2.25,0.166339869281,0.0612244897959,3,0.00441176470588,0.185952380952,17,17,17,1,0,0.352941176471,0.411764705882,0.235294117647,17,0.128676470588,1.90196078431,4.11764705882,3.18181818182,2.69230769231,1.57648156274,0.382859808093,0.201680672269,2.01465221053,0.978545359402,0.524369747899,1.74894926439,0.849489642704,0.463865546218,0.814492905316,0.428238537847,2.33333333333,1.90196078431,0.814492905316,2.33333333333,0,0,0,0,0.164242424242,17,17,17,1,0,0.352941176471,0.411764705882,0.235294117647,17,38,0.139705882353,1.87941176471,4.47058823529,3.45454545455,2.71428571429,1.73629084037,0.388380845872,0.198142414861,2.16591238756,0.968960804961,0.517027863777,1.82103719638,0.814674535221,0.442724458204,0.780836655359,0.415468642914,2.2,1.87941176471,0.780836655359,2.2,0.162418300654,0.0576923076923,3,0.00441176470588,0.182878787879,17,17,17,1,0,0.352941176471,0.470588235294,0.176470588235,1,0.00367647058824,-0.00294117647059,0.117647058824,0.0909090909091,-0.131868131868,0.0428779967836,-0.000646429005719,0.00418375031378,0.0672433415445,0.00470745949447,-0.00125512509413,-0.0576356768785,-0.0484994876259,-0.0278637770898,-0.00536091373311,-0.00219881566616,-0.05,-0.00294117647059,-0.00536091373311,-0.05,-0.00392156862745,-0.00353218210361,0,0,-0.00307359307359,0,0.0588235294118,-0.0588235294118,37,1,0,234,1,0.995744680851,0.00425531914894,0,0.973684210526,1,0.986666666667,0.984652666406,0.995744680851,0.973684210526,3,2,0,0,0,0
2165,WLNM_dir_neg,0.875,0.291666666667,00:00:01,10,50,41,1983614914,threshold_sweep,0.5,0.666666666667,1,0.8,2,1,0,3,1,0.75,0.25,0,0.666666666667,1,0.8,0.833333333333,0.5,0.666666666667,0.707106781187,0.75,37,35,2,0,37,0,35,0,2,17,37,0.136029411765,1.88235294118,4.35294117647,3.36363636364,2.84615384615,1.69341284359,0.389027274878,0.193958664547,2.09866904602,0.964253345467,0.518282988871,1.87867287326,0.863174022847,0.470588235294,0.786197569093,0.41766745858,2.25,1.88235294118,0.786197569093,2.25,0.166339869281,0.0612244897959,3,0.00441176470588,0.185952380952,17,17,17,1,0,0.352941176471,0.411764705882,0.235294117647,17,0.128676470588,1.90196078431,4.11764705882,3.18181818182,2.69230769231,1.57648156274,0.382859808093,0.201680672269,2.01465221053,0.978545359402,0.524369747899,1.74894926439,0.849489642704,0.463865546218,0.814492905316,0.428238537847,2.33333333333,1.90196078431,0.814492905316,2.33333333333,0,0,0,0,0.164242424242,17,17,17,1,0,0.352941176471,0.411764705882,0.235294117647,17,38,0.139705882353,1.87941176471,4.47058823529,3.45454545455,2.71428571429,1.73629084037,0.388380845872,0.198142414861,2.16591238756,0.968960804961,0.517027863777,1.82103719638,0.814674535221,0.442724458204,0.780836655359,0.415468642914,2.2,1.87941176471,0.780836655359,2.2,0.162418300654,0.0576923076923,3,0.00441176470588,0.182878787879,17,17,17,1,0,0.352941176471,0.470588235294,0.176470588235,1,0.00367647058824,-0.00294117647059,0.117647058824,0.0909090909091,-0.131868131868,0.0428779967836,-0.000646429005719,0.00418375031378,0.0672433415445,0.00470745949447,-0.00125512509413,-0.0576356768785,-0.0484994876259,-0.0278637770898,-0.00536091373311,-0.00219881566616,-0.05,-0.00294117647059,-0.00536091373311,-0.05,-0.00392156862745,-0.00353218210361,0,0,-0.00307359307359,0,0.0588235294118,-0.0588235294118,37,1,0,234,1,0.995744680851,0.00425531914894,0,0.973684210526,1,0.986666666667,0.984652666406,0.995744680851,0.973684210526,3,2,0,0,0,0
2166,WLNM_dir_neg,0.875,0.291666666667,00:00:01,10,50,41,1983614914,threshold_sweep,0.6,0.666666666667,1,0.8,2,1,0,3,1,0.75,0.25,0,0.666666666667,1,0.8,0.833333333333,0.5,0.666666666667,0.707106781187,0.75,37,35,2,0,37,0,35,0,2,17,37,0.136029411765,1.88235294118,4.35294117647,3.36363636364,2.84615384615,1.69341284359,0.389027274878,0.193958664547,2.09866904602,0.964253345467,0.518282988871,1.87867287326,0.863174022847,0.470588235294,0.786197569093,0.41766745858,2.25,1.88235294118,0.786197569093,2.25,0.166339869281,0.0612244897959,3,0.00441176470588,0.185952380952,17,17,17,1,0,0.352941176471,0.411764705882,0.235294117647,17,0.128676470588,1.90196078431,4.11764705882,3.18181818182,2.69230769231,1.57648156274,0.382859808093,0.201680672269,2.01465221053,0.978545359402,0.524369747899,1.74894926439,0.849489642704,0.463865546218,0.814492905316,0.428238537847,2.33333333333,1.90196078431,0.814492905316,2.33333333333,0,0,0,0,0.164242424242,17,17,17,1,0,0.352941176471,0.411764705882,0.235294117647,17,38,0.139705882353,1.87941176471,4.47058823529,3.45454545455,2.71428571429,1.73629084037,0.388380845872,0.198142414861,2.16591238756,0.968960804961,0.517027863777,1.82103719638,0.814674535221,0.442724458204,0.780836655359,0.415468642914,2.2,1.87941176471,0.780836655359,2.2,0.162418300654,0.0576923076923,3,0.00441176470588,0.182878787879,17,17,17,1,0,0.352941176471,0.470588235294,0.176470588235,1,0.00367647058824,-0.00294117647059,0.117647058824,0.0909090909091,-0.131868131868,0.0428779967836,-0.000646429005719,0.00418375031378,0.0672433415445,0.00470745949447,-0.00125512509413,-0.0576356768785,-0.0484994876259,-0.0278637770898,-0.00536091373311,-0.00219881566616,-0.05,-0.00294117647059,-0.00536091373311,-0.05,-0.00392156862745,-0.00353218210361,0,0,-0.00307359307359,0,0.0588235294118,-0.0588235294118,37,1,0,234,1,0.995744680851,0.00425531914894,0,0.973684210526,1,0.986666666667,0.984652666406,0.995744680851,0.973684210526,3,2,0,0,0,0
2167,WLNM_dir_neg,0.875,0.291666666667,00:00:01,10,50,41,1983614914,threshold_sweep,0.7,0.666666666667,1,0.8,2,1,0,3,1,0.75,0.25,0,0.666666666667,1,0.8,0.833333333333,0.5,0.666666666667,0.707106781187,0.75,37,35,2,0,37,0,35,0,2,17,37,0.136029411765,1.88235294118,4.35294117647,3.36363636364,2.84615384615,1.69341284359,0.389027274878,0.193958664547,2.09866904602,0.964253345467,0.518282988871,1.87867287326,0.863174022847,0.470588235294,0.786197569093,0.41766745858,2.25,1.88235294118,0.786197569093,2.25,0.166339869281,0.0612244897959,3,0.00441176470588,0.185952380952,17,17,17,1,0,0.352941176471,0.411764705882,0.235294117647,17,0.128676470588,1.90196078431,4.11764705882,3.18181818182,2.69230769231,1.57648156274,0.382859808093,0.201680672269,2.01465221053,0.978545359402,0.524369747899,1.74894926439,0.849489642704,0.463865546218,0.814492905316,0.428238537847,2.33333333333,1.90196078431,0.814492905316,2.33333333333,0,0,0,0,0.164242424242,17,17,17,1,0,0.352941176471,0.411764705882,0.235294117647,17,38,0.139705882353,1.87941176471,4.47058823529,3.45454545455,2.71428571429,1.73629084037,0.388380845872,0.198142414861,2.16591238756,0.968960804961,0.517027863777,1.82103719638,0.814674535221,0.442724458204,0.780836655359,0.415468642914,2.2,1.87941176471,0.780836655359,2.2,0.162418300654,0.0576923076923,3,0.00441176470588,0.182878787879,17,17,17,1,0,0.352941176471,0.470588235294,0.176470588235,1,0.00367647058824,-0.00294117647059,0.117647058824,0.0909090909091,-0.131868131868,0.0428779967836,-0.000646429005719,0.00418375031378,0.0672433415445,0.00470745949447,-0.00125512509413,-0.0576356768785,-0.0484994876259,-0.0278637770898,-0.00536091373311,-0.00219881566616,-0.05,-0.00294117647059,-0.00536091373311,-0.05,-0.00392156862745,-0.00353218210361,0,0,-0.00307359307359,0,0.0588235294118,-0.0588235294118,37,1,0,234,1,0.995744680851,0.00425531914894,0,0.973684210526,1,0.986666666667,0.984652666406,0.995744680851,0.973684210526,3,2,0,0,0,0
2168,WLNM_dir_neg,0.875,0.291666666667,00:00:01,10,50,41,1983614914,threshold_sweep,0.8,0.666666666667,1,0.8,2,1,0,3,1,0.75,0.25,0,0.666666666667,1,0.8,0.833333333333,0.5,0.666666666667,0.707106781187,0.75,37,35,2,0,37,0,35,0,2,17,37,0.136029411765,1.88235294118,4.35294117647,3.36363636364,2.84615384615,1.69341284359,0.389027274878,0.193958664547,2.09866904602,0.964253345467,0.518282988871,1.87867287326,0.863174022847,0.470588235294,0.786197569093,0.41766745858,2.25,1.88235294118,0.786197569093,2.25,0.166339869281,0.0612244897959,3,0.00441176470588,0.185952380952,17,17,17,1,0,0.352941176471,0.411764705882,0.235294117647,17,0.128676470588,1.90196078431,4.11764705882,3.18181818182,2.69230769231,1.57648156274,0.382859808093,0.201680672269,2.01465221053,0.978545359402,0.524369747899,1.74894926439,0.849489642704,0.463865546218,0.814492905316,0.428238537847,2.33333333333,1.90196078431,0.814492905316,2.33333333333,0,0,0,0,0.164242424242,17,17,17,1,0,0.352941176471,0.411764705882,0.235294117647,17,38,0.139705882353,1.87941176471,4.47058823529,3.45454545455,2.71428571429,1.73629084037,0.388380845872,0.198142414861,2.16591238756,0.968960804961,0.517027863777,1.82103719638,0.814674535221,0.442724458204,0.780836655359,0.415468642914,2.2,1.87941176471,0.780836655359,2.2,0.162418300654,0.0576923076923,3,0.00441176470588,0.182878787879,17,17,17,1,0,0.352941176471,0.470588235294,0.176470588235,1,0.00367647058824,-0.00294117647059,0.117647058824,0.0909090909091,-0.131868131868,0.0428779967836,-0.000646429005719,0.00418375031378,0.0672433415445,0.00470745949447,-0.00125512509413,-0.0576356768785,-0.0484994876259,-0.0278637770898,-0.00536091373311,-0.00219881566616,-0.05,-0.00294117647059,-0.00536091373311,-0.05,-0.00392156862745,-0.00353218210361,0,0,-0.00307359307359,0,0.0588235294118,-0.0588235294118,37,1,0,234,1,0.995744680851,0.00425531914894,0,0.973684210526,1,0.986666666667,0.984652666406,0.995744680851,0.973684210526,3,2,0,0,0,0
2169,WLNM_dir_neg,0.875,0.291666666667,00:00:01,10,50,41,1983614914,threshold_sweep,0.9,0.666666666667,1,0.8,2,1,0,3,1,0.75,0.25,0,0.666666666667,1,0.8,0.833333333333,0.5,0.666666666667,0.707106781187,0.75,37,35,2,0,37,0,35,0,2,17,37,0.136029411765,1.88235294118,4.35294117647,3.36363636364,2.84615384615,1.69341284359,0.389027274878,0.193958664547,2.09866904602,0.964253345467,0.518282988871,1.87867287326,0.863174022847,0.470588235294,0.786197569093,0.41766745858,2.25,1.88235294118,0.786197569093,2.25,0.166339869281,0.0612244897959,3,0.00441176470588,0.185952380952,17,17,17,1,0,0.352941176471,0.411764705882,0.235294117647,17,0.128676470588,1.90196078431,4.11764705882,3.18181818182,2.69230769231,1.57648156274,0.382859808093,0.201680672269,2.01465221053,0.978545359402,0.524369747899,1.74894926439,0.849489642704,0.463865546218,0.814492905316,0.428238537847,2.33333333333,1.90196078431,0.814492905316,2.33333333333,0,0,0,0,0.164242424242,17,17,17,1,0,0.352941176471,0.411764705882,0.235294117647,17,38,0.139705882353,1.87941176471,4.47058823529,3.45454545455,2.71428571429,1.73629084037,0.388380845872,0.198142414861,2.16591238756,0.968960804961,0.517027863777,1.82103719638,0.814674535221,0.442724458204,0.780836655359,0.415468642914,2.2,1.87941176471,0.780836655359,2.2,0.162418300654,0.0576923076923,3,0.00441176470588,0.182878787879,17,17,17,1,0,0.352941176471,0.470588235294,0.176470588235,1,0.00367647058824,-0.00294117647059,0.117647058824,0.0909090909091,-0.131868131868,0.0428779967836,-0.000646429005719,0.00418375031378,0.0672433415445,0.00470745949447,-0.00125512509413,-0.0576356768785,-0.0484994876259,-0.0278637770898,-0.00536091373311,-0.00219881566616,-0.05,-0.00294117647059,-0.00536091373311,-0.05,-0.00392156862745,-0.00353218210361,0,0,-0.00307359307359,0,0.0588235294118,-0.0588235294118,37,1,0,234,1,0.995744680851,0.00425531914894,0,0.973684210526,1,0.986666666667,0.984652666406,0.995744680851,0.973684210526,3,2,0,0,0,0
2170,WLNM_dir_neg,1,0.5,00:00:01,10,50,42,1983614915,threshold_sweep,0.1,0.666666666667,1,0.8,2,1,0,3,1,0.75,0.25,0,0.666666666667,1,0.8,0.833333333333,0.5,0.666666666667,0.707106781187,0.75,37,35,2,0,37,0,35,0,2,17,37,0.136029411765,1.88235294118,4.35294117647,3.36363636364,2.84615384615,1.69341284359,0.389027274878,0.193958664547,2.09866904602,0.964253345467,0.518282988871,1.87867287326,0.863174022847,0.470588235294,0.786197569093,0.41766745858,2.25,1.88235294118,0.786197569093,2.25,0.166339869281,0.0612244897959,3,0.00441176470588,0.185952380952,17,17,17,1,0,0.352941176471,0.411764705882,0.235294117647,17,0.128676470588,1.90196078431,4.11764705882,3.18181818182,2.69230769231,1.57648156274,0.382859808093,0.201680672269,2.01465221053,0.978545359402,0.524369747899,1.74894926439,0.849489642704,0.463865546218,0.814492905316,0.428238537847,2.33333333333,1.90196078431,0.814492905316,2.33333333333,0,0,0,0,0.164242424242,17,17,17,1,0,0.352941176471,0.411764705882,0.235294117647,17,38,0.139705882353,1.9,4.47058823529,3.45454545455,2.71428571429,1.73629084037,0.388380845872,0.198142414861,2.1368613597,0.955964292498,0.510835913313,1.82103719638,0.814674535221,0.442724458204,0.795298686029,0.418578255805,2.25,1.9,0.795298686029,2.25,0.217320261438,0.115384615385,6,0.00882352941176,0.17867965368,17,17,17,1,0,0.352941176471,0.470588235294,0.176470588235,1,0.00367647058824,0.0176470588235,0.117647058824,0.0909090909091,-0.131868131868,0.0428779967836,-0.000646429005719,0.00418375031378,0.0381923136861,-0.00828905296849,-0.00744707555853,-0.0576356768785,-0.0484994876259,-0.0278637770898,0.00910111693678,0.000910797224492,0,0.0176470588235,0.00910111693678,0,0.0509803921569,0.0541601255887,3,0.00441176470588,-0.00727272727273,0,0.0588235294118,-0.0588235294118,37,1,0,234,1,0.995744680851,0.00425531914894,0,0.973684210526,1,0.986666666667,0.984652666406,0.995744680851,0.973684210526,3,2,0,0,0,0
2171,WLNM_dir_neg,1,0.5,00:00:01,10,50,42,1983614915,threshold_sweep,0.2,0.666666666667,1,0.8,2,1,0,3,1,0.75,0.25,0,0.666666666667,1,0.8,0.833333333333,0.5,0.666666666667,0.707106781187,0.75,37,35,2,0,37,0,35,0,2,17,37,0.136029411765,1.88235294118,4.35294117647,3.36363636364,2.84615384615,1.69341284359,0.389027274878,0.193958664547,2.09866904602,0.964253345467,0.518282988871,1.87867287326,0.863174022847,0.470588235294,0.786197569093,0.41766745858,2.25,1.88235294118,0.786197569093,2.25,0.166339869281,0.0612244897959,3,0.00441176470588,0.185952380952,17,17,17,1,0,0.352941176471,0.411764705882,0.235294117647,17,0.128676470588,1.90196078431,4.11764705882,3.18181818182,2.69230769231,1.57648156274,0.382859808093,0.201680672269,2.01465221053,0.978545359402,0.524369747899,1.74894926439,0.849489642704,0.463865546218,0.814492905316,0.428238537847,2.33333333333,1.90196078431,0.814492905316,2.33333333333,0,0,0,0,0.164242424242,17,17,17,1,0,0.352941176471,0.411764705882,0.235294117647,17,38,0.139705882353,1.9,4.47058823529,3.45454545455,2.71428571429,1.73629084037,0.388380845872,0.198142414861,2.1368613597,0.955964292498,0.510835913313,1.82103719638,0.814674535221,0.442724458204,0.795298686029,0.418578255805,2.25,1.9,0.795298686029,2.25,0.217320261438,0.115384615385,6,0.00882352941176,0.17867965368,17,17,17,1,0,0.352941176471,0.470588235294,0.176470588235,1,0.00367647058824,0.0176470588235,0.117647058824,0.0909090909091,-0.131868131868,0.0428779967836,-0.000646429005719,0.00418375031378,0.0381923136861,-0.00828905296849,-0.00744707555853,-0.0576356768785,-0.0484994876259,-0.0278637770898,0.00910111693678,0.000910797224492,0,0.0176470588235,0.00910111693678,0,0.0509803921569,0.0541601255887,3,0.00441176470588,-0.00727272727273,0,0.0588235294118,-0.0588235294118,37,1,0,234,1,0.995744680851,0.00425531914894,0,0.973684210526,1,0.986666666667,0.984652666406,0.995744680851,0.973684210526,3,2,0,0,0,0
2172,WLNM_dir_neg,1,0.5,00:00:01,10,50,42,1983614915,threshold_sweep,0.3,0.666666666667,1,0.8,2,1,0,3,1,0.75,0.25,0,0.666666666667,1,0.8,0.833333333333,0.5,0.666666666667,0.707106781187,0.75,37,35,2,0,37,0,35,0,2,17,37,0.136029411765,1.88235294118,4.35294117647,3.36363636364,2.84615384615,1.69341284359,0.389027274878,0.193958664547,2.09866904602,0.964253345467,0.518282988871,1.87867287326,0.863174022847,0.470588235294,0.786197569093,0.41766745858,2.25,1.88235294118,0.786197569093,2.25,0.166339869281,0.0612244897959,3,0.00441176470588,0.185952380952,17,17,17,1,0,0.352941176471,0.411764705882,0.235294117647,17,0.128676470588,1.90196078431,4.11764705882,3.18181818182,2.69230769231,1.57648156274,0.382859808093,0.201680672269,2.01465221053,0.978545359402,0.524369747899,1.74894926439,0.849489642704,0.463865546218,0.814492905316,0.428238537847,2.33333333333,1.90196078431,0.814492905316,2.33333333333,0,0,0,0,0.164242424242,17,17,17,1,0,0.352941176471,0.411764705882,0.235294117647,17,38,0.139705882353,1.9,4.47058823529,3.45454545455,2.71428571429,1.73629084037,0.388380845872,0.198142414861,2.1368613597,0.955964292498,0.510835913313,1.82103719638,0.814674535221,0.442724458204,0.795298686029,0.418578255805,2.25,1.9,0.795298686029,2.25,0.217320261438,0.115384615385,6,0.00882352941176,0.17867965368,17,17,17,1,0,0.352941176471,0.470588235294,0.176470588235,1,0.00367647058824,0.0176470588235,0.117647058824,0.0909090909091,-0.131868131868,0.0428779967836,-0.000646429005719,0.00418375031378,0.0381923136861,-0.00828905296849,-0.00744707555853,-0.0576356768785,-0.0484994876259,-0.0278637770898,0.00910111693678,0.000910797224492,0,0.0176470588235,0.00910111693678,0,0.0509803921569,0.0541601255887,3,0.00441176470588,-0.00727272727273,0,0.0588235294118,-0.0588235294118,37,1,0,234,1,0.995744680851,0.00425531914894,0,0.973684210526,1,0.986666666667,0.984652666406,0.995744680851,0.973684210526,3,2,0,0,0,0
2173,WLNM_dir_neg,1,0.5,00:00:01,10,50,42,1983614915,threshold_sweep,0.4,0.666666666667,1,0.8,2,1,0,3,1,0.75,0.25,0,0.666666666667,1,0.8,0.833333333333,0.5,0.666666666667,0.707106781187,0.75,37,35,2,0,37,0,35,0,2,17,37,0.136029411765,1.88235294118,4.35294117647,3.36363636364,2.84615384615,1.69341284359,0.389027274878,0.193958664547,2.09866904602,0.964253345467,0.518282988871,1.87867287326,0.863174022847,0.470588235294,0.786197569093,0.41766745858,2.25,1.88235294118,0.786197569093,2.25,0.166339869281,0.0612244897959,3,0.00441176470588,0.185952380952,17,17,17,1,0,0.352941176471,0.411764705882,0.235294117647,17,0.128676470588,1.90196078431,4.11764705882,3.18181818182,2.69230769231,1.57648156274,0.382859808093,0.201680672269,2.01465221053,0.978545359402,0.524369747899,1.74894926439,0.849489642704,0.463865546218,0.814492905316,0.428238537847,2.33333333333,1.90196078431,0.814492905316,2.33333333333,0,0,0,0,0.164242424242,17,17,17,1,0,0.352941176471,0.411764705882,0.235294117647,17,38,0.139705882353,1.9,4.47058823529,3.45454545455,2.71428571429,1.73629084037,0.388380845872,0.198142414861,2.1368613597,0.955964292498,0.510835913313,1.82103719638,0.814674535221,0.442724458204,0.795298686029,0.418578255805,2.25,1.9,0.795298686029,2.25,0.217320261438,0.115384615385,6,0.00882352941176,0.17867965368,17,17,17,1,0,0.352941176471,0.470588235294,0.176470588235,1,0.00367647058824,0.0176470588235,0.117647058824,0.0909090909091,-0.131868131868,0.0428779967836,-0.000646429005719,0.00418375031378,0.0381923136861,-0.00828905296849,-0.00744707555853,-0.0576356768785,-0.0484994876259,-0.0278637770898,0.00910111693678,0.000910797224492,0,0.0176470588235,0.00910111693678,0,0.0509803921569,0.0541601255887,3,0.00441176470588,-0.00727272727273,0,0.0588235294118,-0.0588235294118,37,1,0,234,1,0.995744680851,0.00425531914894,0,0.973684210526,1,0.986666666667,0.984652666406,0.995744680851,0.973684210526,3,2,0,0,0,0
2174,WLNM_dir_neg,1,0.5,00:00:01,10,50,42,1983614915,threshold_sweep,0.5,0.666666666667,1,0.8,2,1,0,3,1,0.75,0.25,0,0.666666666667,1,0.8,0.833333333333,0.5,0.666666666667,0.707106781187,0.75,37,35,2,0,37,0,35,0,2,17,37,0.136029411765,1.88235294118,4.35294117647,3.36363636364,2.84615384615,1.69341284359,0.389027274878,0.193958664547,2.09866904602,0.964253345467,0.518282988871,1.87867287326,0.863174022847,0.470588235294,0.786197569093,0.41766745858,2.25,1.88235294118,0.786197569093,2.25,0.166339869281,0.0612244897959,3,0.00441176470588,0.185952380952,17,17,17,1,0,0.352941176471,0.411764705882,0.235294117647,17,0.128676470588,1.90196078431,4.11764705882,3.18181818182,2.69230769231,1.57648156274,0.382859808093,0.201680672269,2.01465221053,0.978545359402,0.524369747899,1.74894926439,0.849489642704,0.463865546218,0.814492905316,0.428238537847,2.33333333333,1.90196078431,0.814492905316,2.33333333333,0,0,0,0,0.164242424242,17,17,17,1,0,0.352941176471,0.411764705882,0.235294117647,17,38,0.139705882353,1.9,4.47058823529,3.45454545455,2.71428571429,1.73629084037,0.388380845872,0.198142414861,2.1368613597,0.955964292498,0.510835913313,1.82103719638,0.814674535221,0.442724458204,0.795298686029,0.418578255805,2.25,1.9,0.795298686029,2.25,0.217320261438,0.115384615385,6,0.00882352941176,0.17867965368,17,17,17,1,0,0.352941176471,0.470588235294,0.176470588235,1,0.00367647058824,0.0176470588235,0.117647058824,0.0909090909091,-0.131868131868,0.0428779967836,-0.000646429005719,0.00418375031378,0.0381923136861,-0.00828905296849,-0.00744707555853,-0.0576356768785,-0.0484994876259,-0.0278637770898,0.00910111693678,0.000910797224492,0,0.0176470588235,0.00910111693678,0,0.0509803921569,0.0541601255887,3,0.00441176470588,-0.00727272727273,0,0.0588235294118,-0.0588235294118,37,1,0,234,1,0.995744680851,0.00425531914894,0,0.973684210526,1,0.986666666667,0.984652666406,0.995744680851,0.973684210526,3,2,0,0,0,0
2175,WLNM_dir_neg,1,0.5,00:00:01,10,50,42,1983614915,threshold_sweep,0.6,0.666666666667,1,0.8,2,1,0,3,1,0.75,0.25,0,0.666666666667,1,0.8,0.833333333333,0.5,0.666666666667,0.707106781187,0.75,37,35,2,0,37,0,35,0,2,17,37,0.136029411765,1.88235294118,4.35294117647,3.36363636364,2.84615384615,1.69341284359,0.389027274878,0.193958664547,2.09866904602,0.964253345467,0.518282988871,1.87867287326,0.863174022847,0.470588235294,0.786197569093,0.41766745858,2.25,1.88235294118,0.786197569093,2.25,0.166339869281,0.0612244897959,3,0.00441176470588,0.185952380952,17,17,17,1,0,0.352941176471,0.411764705882,0.235294117647,17,0.128676470588,1.90196078431,4.11764705882,3.18181818182,2.69230769231,1.57648156274,0.382859808093,0.201680672269,2.01465221053,0.978545359402,0.524369747899,1.74894926439,0.849489642704,0.463865546218,0.814492905316,0.428238537847,2.33333333333,1.90196078431,0.814492905316,2.33333333333,0,0,0,0,0.164242424242,17,17,17,1,0,0.352941176471,0.411764705882,0.235294117647,17,38,0.139705882353,1.9,4.47058823529,3.45454545455,2.71428571429,1.73629084037,0.388380845872,0.198142414861,2.1368613597,0.955964292498,0.510835913313,1.82103719638,0.814674535221,0.442724458204,0.795298686029,0.418578255805,2.25,1.9,0.795298686029,2.25,0.217320261438,0.115384615385,6,0.00882352941176,0.17867965368,17,17,17,1,0,0.352941176471,0.470588235294,0.176470588235,1,0.00367647058824,0.0176470588235,0.117647058824,0.0909090909091,-0.131868131868,0.0428779967836,-0.000646429005719,0.00418375031378,0.0381923136861,-0.00828905296849,-0.00744707555853,-0.0576356768785,-0.0484994876259,-0.0278637770898,0.00910111693678,0.000910797224492,0,0.0176470588235,0.00910111693678,0,0.0509803921569,0.0541601255887,3,0.00441176470588,-0.00727272727273,0,0.0588235294118,-0.0588235294118,37,1,0,234,1,0.995744680851,0.00425531914894,0,0.973684210526,1,0.986666666667,0.984652666406,0.995744680851,0.973684210526,3,2,0,0,0,0
2176,WLNM_dir_neg,1,0.5,00:00:01,10,50,42,1983614915,threshold_sweep,0.7,0.666666666667,1,0.8,2,1,0,3,1,0.75,0.25,0,0.666666666667,1,0.8,0.833333333333,0.5,0.666666666667,0.707106781187,0.75,37,35,2,0,37,0,35,0,2,17,37,0.136029411765,1.88235294118,4.35294117647,3.36363636364,2.84615384615,1.69341284359,0.389027274878,0.193958664547,2.09866904602,0.964253345467,0.518282988871,1.87867287326,0.863174022847,0.470588235294,0.786197569093,0.41766745858,2.25,1.88235294118,0.786197569093,2.25,0.166339869281,0.0612244897959,3,0.00441176470588,0.185952380952,17,17,17,1,0,0.352941176471,0.411764705882,0.235294117647,17,0.128676470588,1.90196078431,4.11764705882,3.18181818182,2.69230769231,1.57648156274,0.382859808093,0.201680672269,2.01465221053,0.978545359402,0.524369747899,1.74894926439,0.849489642704,0.463865546218,0.814492905316,0.428238537847,2.33333333333,1.90196078431,0.814492905316,2.33333333333,0,0,0,0,0.164242424242,17,17,17,1,0,0.352941176471,0.411764705882,0.235294117647,17,38,0.139705882353,1.9,4.47058823529,3.45454545455,2.71428571429,1.73629084037,0.388380845872,0.198142414861,2.1368613597,0.955964292498,0.510835913313,1.82103719638,0.814674535221,0.442724458204,0.795298686029,0.418578255805,2.25,1.9,0.795298686029,2.25,0.217320261438,0.115384615385,6,0.00882352941176,0.17867965368,17,17,17,1,0,0.352941176471,0.470588235294,0.176470588235,1,0.00367647058824,0.0176470588235,0.117647058824,0.0909090909091,-0.131868131868,0.0428779967836,-0.000646429005719,0.00418375031378,0.0381923136861,-0.00828905296849,-0.00744707555853,-0.0576356768785,-0.0484994876259,-0.0278637770898,0.00910111693678,0.000910797224492,0,0.0176470588235,0.00910111693678,0,0.0509803921569,0.0541601255887,3,0.00441176470588,-0.00727272727273,0,0.0588235294118,-0.0588235294118,37,1,0,234,1,0.995744680851,0.00425531914894,0,0.973684210526,1,0.986666666667,0.984652666406,0.995744680851,0.973684210526,3,2,0,0,0,0
2177,WLNM_dir_neg,1,0.5,00:00:01,10,50,42,1983614915,threshold_sweep,0.8,0.666666666667,1,0.8,2,1,0,3,1,0.75,0.25,0,0.666666666667,1,0.8,0.833333333333,0.5,0.666666666667,0.707106781187,0.75,37,35,2,0,37,0,35,0,2,17,37,0.136029411765,1.88235294118,4.35294117647,3.36363636364,2.84615384615,1.69341284359,0.389027274878,0.193958664547,2.09866904602,0.964253345467,0.518282988871,1.87867287326,0.863174022847,0.470588235294,0.786197569093,0.41766745858,2.25,1.88235294118,0.786197569093,2.25,0.166339869281,0.0612244897959,3,0.00441176470588,0.185952380952,17,17,17,1,0,0.352941176471,0.411764705882,0.235294117647,17,0.128676470588,1.90196078431,4.11764705882,3.18181818182,2.69230769231,1.57648156274,0.382859808093,0.201680672269,2.01465221053,0.978545359402,0.524369747899,1.74894926439,0.849489642704,0.463865546218,0.814492905316,0.428238537847,2.33333333333,1.90196078431,0.814492905316,2.33333333333,0,0,0,0,0.164242424242,17,17,17,1,0,0.352941176471,0.411764705882,0.235294117647,17,38,0.139705882353,1.9,4.47058823529,3.45454545455,2.71428571429,1.73629084037,0.388380845872,0.198142414861,2.1368613597,0.955964292498,0.510835913313,1.82103719638,0.814674535221,0.442724458204,0.795298686029,0.418578255805,2.25,1.9,0.795298686029,2.25,0.217320261438,0.115384615385,6,0.00882352941176,0.17867965368,17,17,17,1,0,0.352941176471,0.470588235294,0.176470588235,1,0.00367647058824,0.0176470588235,0.117647058824,0.0909090909091,-0.131868131868,0.0428779967836,-0.000646429005719,0.00418375031378,0.0381923136861,-0.00828905296849,-0.00744707555853,-0.0576356768785,-0.0484994876259,-0.0278637770898,0.00910111693678,0.000910797224492,0,0.0176470588235,0.00910111693678,0,0.0509803921569,0.0541601255887,3,0.00441176470588,-0.00727272727273,0,0.0588235294118,-0.0588235294118,37,1,0,234,1,0.995744680851,0.00425531914894,0,0.973684210526,1,0.986666666667,0.984652666406,0.995744680851,0.973684210526,3,2,0,0,0,0
2178,WLNM_dir_neg,1,0.5,00:00:01,10,50,42,1983614915,threshold_sweep,0.9,0.666666666667,1,0.8,2,1,0,3,1,0.75,0.25,0,0.666666666667,1,0.8,0.833333333333,0.5,0.666666666667,0.707106781187,0.75,37,35,2,0,37,0,35,0,2,17,37,0.136029411765,1.88235294118,4.35294117647,3.36363636364,2.84615384615,1.69341284359,0.389027274878,0.193958664547,2.09866904602,0.964253345467,0.518282988871,1.87867287326,0.863174022847,0.470588235294,0.786197569093,0.41766745858,2.25,1.88235294118,0.786197569093,2.25,0.166339869281,0.0612244897959,3,0.00441176470588,0.185952380952,17,17,17,1,0,0.352941176471,0.411764705882,0.235294117647,17,0.128676470588,1.90196078431,4.11764705882,3.18181818182,2.69230769231,1.57648156274,0.382859808093,0.201680672269,2.01465221053,0.978545359402,0.524369747899,1.74894926439,0.849489642704,0.463865546218,0.814492905316,0.428238537847,2.33333333333,1.90196078431,0.814492905316,2.33333333333,0,0,0,0,0.164242424242,17,17,17,1,0,0.352941176471,0.411764705882,0.235294117647,17,38,0.139705882353,1.9,4.47058823529,3.45454545455,2.71428571429,1.73629084037,0.388380845872,0.198142414861,2.1368613597,0.955964292498,0.510835913313,1.82103719638,0.814674535221,0.442724458204,0.795298686029,0.418578255805,2.25,1.9,0.795298686029,2.25,0.217320261438,0.115384615385,6,0.00882352941176,0.17867965368,17,17,17,1,0,0.352941176471,0.470588235294,0.176470588235,1,0.00367647058824,0.0176470588235,0.117647058824,0.0909090909091,-0.131868131868,0.0428779967836,-0.000646429005719,0.00418375031378,0.0381923136861,-0.00828905296849,-0.00744707555853,-0.0576356768785,-0.0484994876259,-0.0278637770898,0.00910111693678,0.000910797224492,0,0.0176470588235,0.00910111693678,0,0.0509803921569,0.0541601255887,3,0.00441176470588,-0.00727272727273,0,0.0588235294118,-0.0588235294118,37,1,0,234,1,0.995744680851,0.00425531914894,0,0.973684210526,1,0.986666666667,0.984652666406,0.995744680851,0.973684210526,3,2,0,0,0,0
2179,WLNM_dir_neg,1,0.5,00:00:02,10,50,43,1983614916,threshold_sweep,0.1,0.666666666667,1,0.8,2,1,0,3,1,0.75,0.25,0,0.666666666667,1,0.8,0.833333333333,0.5,0.666666666667,0.707106781187,0.75,37,35,2,0,37,0,35,0,2,17,37,0.136029411765,1.88235294118,4.35294117647,3.36363636364,2.84615384615,1.69341284359,0.389027274878,0.193958664547,2.09866904602,0.964253345467,0.518282988871,1.87867287326,0.863174022847,0.470588235294,0.786197569093,0.41766745858,2.25,1.88235294118,0.786197569093,2.25,0.166339869281,0.0612244897959,3,0.00441176470588,0.185952380952,17,17,17,1,0,0.352941176471,0.411764705882,0.235294117647,17,0.128676470588,1.90196078431,4.11764705882,3.18181818182,2.69230769231,1.57648156274,0.382859808093,0.201680672269,2.01465221053,0.978545359402,0.524369747899,1.74894926439,0.849489642704,0.463865546218,0.814492905316,0.428238537847,2.33333333333,1.90196078431,0.814492905316,2.33333333333,0,0,0,0,0.164242424242,17,17,17,1,0,0.352941176471,0.411764705882,0.235294117647,17,38,0.139705882353,1.9,4.47058823529,3.45454545455,2.71428571429,1.73629084037,0.388380845872,0.198142414861,2.1368613597,0.955964292498,0.510835913313,1.82103719638,0.814674535221,0.442724458204,0.795298686029,0.418578255805,2.25,1.9,0.795298686029,2.25,0.217320261438,0.115384615385,6,0.00882352941176,0.17867965368,17,17,17,1,0,0.352941176471,0.470588235294,0.176470588235,1,0.00367647058824,0.0176470588235,0.117647058824,0.0909090909091,-0.131868131868,0.0428779967836,-0.000646429005719,0.00418375031378,0.0381923136861,-0.00828905296849,-0.00744707555853,-0.0576356768785,-0.0484994876259,-0.0278637770898,0.00910111693678,0.000910797224492,0,0.0176470588235,0.00910111693678,0,0.0509803921569,0.0541601255887,3,0.00441176470588,-0.00727272727273,0,0.0588235294118,-0.0588235294118,37,1,0,234,1,0.995744680851,0.00425531914894,0,0.973684210526,1,0.986666666667,0.984652666406,0.995744680851,0.973684210526,3,2,0,0,0,0
2180,WLNM_dir_neg,1,0.5,00:00:02,10,50,43,1983614916,threshold_sweep,0.2,0.666666666667,1,0.8,2,1,0,3,1,0.75,0.25,0,0.666666666667,1,0.8,0.833333333333,0.5,0.666666666667,0.707106781187,0.75,37,35,2,0,37,0,35,0,2,17,37,0.136029411765,1.88235294118,4.35294117647,3.36363636364,2.84615384615,1.69341284359,0.389027274878,0.193958664547,2.09866904602,0.964253345467,0.518282988871,1.87867287326,0.863174022847,0.470588235294,0.786197569093,0.41766745858,2.25,1.88235294118,0.786197569093,2.25,0.166339869281,0.0612244897959,3,0.00441176470588,0.185952380952,17,17,17,1,0,0.352941176471,0.411764705882,0.235294117647,17,0.128676470588,1.90196078431,4.11764705882,3.18181818182,2.69230769231,1.57648156274,0.382859808093,0.201680672269,2.01465221053,0.978545359402,0.524369747899,1.74894926439,0.849489642704,0.463865546218,0.814492905316,0.428238537847,2.33333333333,1.90196078431,0.814492905316,2.33333333333,0,0,0,0,0.164242424242,17,17,17,1,0,0.352941176471,0.411764705882,0.235294117647,17,38,0.139705882353,1.9,4.47058823529,3.45454545455,2.71428571429,1.73629084037,0.388380845872,0.198142414861,2.1368613597,0.955964292498,0.510835913313,1.82103719638,0.814674535221,0.442724458204,0.795298686029,0.418578255805,2.25,1.9,0.795298686029,2.25,0.217320261438,0.115384615385,6,0.00882352941176,0.17867965368,17,17,17,1,0,0.352941176471,0.470588235294,0.176470588235,1,0.00367647058824,0.0176470588235,0.117647058824,0.0909090909091,-0.131868131868,0.0428779967836,-0.000646429005719,0.00418375031378,0.0381923136861,-0.00828905296849,-0.00744707555853,-0.0576356768785,-0.0484994876259,-0.0278637770898,0.00910111693678,0.000910797224492,0,0.0176470588235,0.00910111693678,0,0.0509803921569,0.0541601255887,3,0.00441176470588,-0.00727272727273,0,0.0588235294118,-0.0588235294118,37,1,0,234,1,0.995744680851,0.00425531914894,0,0.973684210526,1,0.986666666667,0.984652666406,0.995744680851,0.973684210526,3,2,0,0,0,0
2181,WLNM_dir_neg,1,0.5,00:00:02,10,50,43,1983614916,threshold_sweep,0.3,0.666666666667,1,0.8,2,1,0,3,1,0.75,0.25,0,0.666666666667,1,0.8,0.833333333333,0.5,0.666666666667,0.707106781187,0.75,37,35,2,0,37,0,35,0,2,17,37,0.136029411765,1.88235294118,4.35294117647,3.36363636364,2.84615384615,1.69341284359,0.389027274878,0.193958664547,2.09866904602,0.964253345467,0.518282988871,1.87867287326,0.863174022847,0.470588235294,0.786197569093,0.41766745858,2.25,1.88235294118,0.786197569093,2.25,0.166339869281,0.0612244897959,3,0.00441176470588,0.185952380952,17,17,17,1,0,0.352941176471,0.411764705882,0.235294117647,17,0.128676470588,1.90196078431,4.11764705882,3.18181818182,2.69230769231,1.57648156274,0.382859808093,0.201680672269,2.01465221053,0.978545359402,0.524369747899,1.74894926439,0.849489642704,0.463865546218,0.814492905316,0.428238537847,2.33333333333,1.90196078431,0.814492905316,2.33333333333,0,0,0,0,0.164242424242,17,17,17,1,0,0.352941176471,0.411764705882,0.235294117647,17,38,0.139705882353,1.9,4.47058823529,3.45454545455,2.71428571429,1.73629084037,0.388380845872,0.198142414861,2.1368613597,0.955964292498,0.510835913313,1.82103719638,0.814674535221,0.442724458204,0.795298686029,0.418578255805,2.25,1.9,0.795298686029,2.25,0.217320261438,0.115384615385,6,0.00882352941176,0.17867965368,17,17,17,1,0,0.352941176471,0.470588235294,0.176470588235,1,0.00367647058824,0.0176470588235,0.117647058824,0.0909090909091,-0.131868131868,0.0428779967836,-0.000646429005719,0.00418375031378,0.0381923136861,-0.00828905296849,-0.00744707555853,-0.0576356768785,-0.0484994876259,-0.0278637770898,0.00910111693678,0.000910797224492,0,0.0176470588235,0.00910111693678,0,0.0509803921569,0.0541601255887,3,0.00441176470588,-0.00727272727273,0,0.0588235294118,-0.0588235294118,37,1,0,234,1,0.995744680851,0.00425531914894,0,0.973684210526,1,0.986666666667,0.984652666406,0.995744680851,0.973684210526,3,2,0,0,0,0
2182,WLNM_dir_neg,1,0.5,00:00:02,10,50,43,1983614916,threshold_sweep,0.4,0.666666666667,1,0.8,2,1,0,3,1,0.75,0.25,0,0.666666666667,1,0.8,0.833333333333,0.5,0.666666666667,0.707106781187,0.75,37,35,2,0,37,0,35,0,2,17,37,0.136029411765,1.88235294118,4.35294117647,3.36363636364,2.84615384615,1.69341284359,0.389027274878,0.193958664547,2.09866904602,0.964253345467,0.518282988871,1.87867287326,0.863174022847,0.470588235294,0.786197569093,0.41766745858,2.25,1.88235294118,0.786197569093,2.25,0.166339869281,0.0612244897959,3,0.00441176470588,0.185952380952,17,17,17,1,0,0.352941176471,0.411764705882,0.235294117647,17,0.128676470588,1.90196078431,4.11764705882,3.18181818182,2.69230769231,1.57648156274,0.382859808093,0.201680672269,2.01465221053,0.978545359402,0.524369747899,1.74894926439,0.849489642704,0.463865546218,0.814492905316,0.428238537847,2.33333333333,1.90196078431,0.814492905316,2.33333333333,0,0,0,0,0.164242424242,17,17,17,1,0,0.352941176471,0.411764705882,0.235294117647,17,38,0.139705882353,1.9,4.47058823529,3.45454545455,2.71428571429,1.73629084037,0.388380845872,0.198142414861,2.1368613597,0.955964292498,0.510835913313,1.82103719638,0.814674535221,0.442724458204,0.795298686029,0.418578255805,2.25,1.9,0.795298686029,2.25,0.217320261438,0.115384615385,6,0.00882352941176,0.17867965368,17,17,17,1,0,0.352941176471,0.470588235294,0.176470588235,1,0.00367647058824,0.0176470588235,0.117647058824,0.0909090909091,-0.131868131868,0.0428779967836,-0.000646429005719,0.00418375031378,0.0381923136861,-0.00828905296849,-0.00744707555853,-0.0576356768785,-0.0484994876259,-0.0278637770898,0.00910111693678,0.000910797224492,0,0.0176470588235,0.00910111693678,0,0.0509803921569,0.0541601255887,3,0.00441176470588,-0.00727272727273,0,0.0588235294118,-0.0588235294118,37,1,0,234,1,0.995744680851,0.00425531914894,0,0.973684210526,1,0.986666666667,0.984652666406,0.995744680851,0.973684210526,3,2,0,0,0,0
2183,WLNM_dir_neg,1,0.5,00:00:02,10,50,43,1983614916,threshold_sweep,0.5,0.666666666667,1,0.8,2,1,0,3,1,0.75,0.25,0,0.666666666667,1,0.8,0.833333333333,0.5,0.666666666667,0.707106781187,0.75,37,35,2,0,37,0,35,0,2,17,37,0.136029411765,1.88235294118,4.35294117647,3.36363636364,2.84615384615,1.69341284359,0.389027274878,0.193958664547,2.09866904602,0.964253345467,0.518282988871,1.87867287326,0.863174022847,0.470588235294,0.786197569093,0.41766745858,2.25,1.88235294118,0.786197569093,2.25,0.166339869281,0.0612244897959,3,0.00441176470588,0.185952380952,17,17,17,1,0,0.352941176471,0.411764705882,0.235294117647,17,0.128676470588,1.90196078431,4.11764705882,3.18181818182,2.69230769231,1.57648156274,0.382859808093,0.201680672269,2.01465221053,0.978545359402,0.524369747899,1.74894926439,0.849489642704,0.463865546218,0.814492905316,0.428238537847,2.33333333333,1.90196078431,0.814492905316,2.33333333333,0,0,0,0,0.164242424242,17,17,17,1,0,0.352941176471,0.411764705882,0.235294117647,17,38,0.139705882353,1.9,4.47058823529,3.45454545455,2.71428571429,1.73629084037,0.388380845872,0.198142414861,2.1368613597,0.955964292498,0.510835913313,1.82103719638,0.814674535221,0.442724458204,0.795298686029,0.418578255805,2.25,1.9,0.795298686029,2.25,0.217320261438,0.115384615385,6,0.00882352941176,0.17867965368,17,17,17,1,0,0.352941176471,0.470588235294,0.176470588235,1,0.00367647058824,0.0176470588235,0.117647058824,0.0909090909091,-0.131868131868,0.0428779967836,-0.000646429005719,0.00418375031378,0.0381923136861,-0.00828905296849,-0.00744707555853,-0.0576356768785,-0.0484994876259,-0.0278637770898,0.00910111693678,0.000910797224492,0,0.0176470588235,0.00910111693678,0,0.0509803921569,0.0541601255887,3,0.00441176470588,-0.00727272727273,0,0.0588235294118,-0.0588235294118,37,1,0,234,1,0.995744680851,0.00425531914894,0,0.973684210526,1,0.986666666667,0.984652666406,0.995744680851,0.973684210526,3,2,0,0,0,0
2184,WLNM_dir_neg,1,0.5,00:00:02,10,50,43,1983614916,threshold_sweep,0.6,0.666666666667,1,0.8,2,1,0,3,1,0.75,0.25,0,0.666666666667,1,0.8,0.833333333333,0.5,0.666666666667,0.707106781187,0.75,37,35,2,0,37,0,35,0,2,17,37,0.136029411765,1.88235294118,4.35294117647,3.36363636364,2.84615384615,1.69341284359,0.389027274878,0.193958664547,2.09866904602,0.964253345467,0.518282988871,1.87867287326,0.863174022847,0.470588235294,0.786197569093,0.41766745858,2.25,1.88235294118,0.786197569093,2.25,0.166339869281,0.0612244897959,3,0.00441176470588,0.185952380952,17,17,17,1,0,0.352941176471,0.411764705882,0.235294117647,17,0.128676470588,1.90196078431,4.11764705882,3.18181818182,2.69230769231,1.57648156274,0.382859808093,0.201680672269,2.01465221053,0.978545359402,0.524369747899,1.74894926439,0.849489642704,0.463865546218,0.814492905316,0.428238537847,2.33333333333,1.90196078431,0.814492905316,2.33333333333,0,0,0,0,0.164242424242,17,17,17,1,0,0.352941176471,0.411764705882,0.235294117647,17,38,0.139705882353,1.9,4.47058823529,3.45454545455,2.71428571429,1.73629084037,0.388380845872,0.198142414861,2.1368613597,0.955964292498,0.510835913313,1.82103719638,0.814674535221,0.442724458204,0.795298686029,0.418578255805,2.25,1.9,0.795298686029,2.25,0.217320261438,0.115384615385,6,0.00882352941176,0.17867965368,17,17,17,1,0,0.352941176471,0.470588235294,0.176470588235,1,0.00367647058824,0.0176470588235,0.117647058824,0.0909090909091,-0.131868131868,0.0428779967836,-0.000646429005719,0.00418375031378,0.0381923136861,-0.00828905296849,-0.00744707555853,-0.0576356768785,-0.0484994876259,-0.0278637770898,0.00910111693678,0.000910797224492,0,0.0176470588235,0.00910111693678,0,0.0509803921569,0.0541601255887,3,0.00441176470588,-0.00727272727273,0,0.0588235294118,-0.0588235294118,37,1,0,234,1,0.995744680851,0.00425531914894,0,0.973684210526,1,0.986666666667,0.984652666406,0.995744680851,0.973684210526,3,2,0,0,0,0
2185,WLNM_dir_neg,1,0.5,00:00:02,10,50,43,1983614916,threshold_sweep,0.7,0.666666666667,1,0.8,2,1,0,3,1,0.75,0.25,0,0.666666666667,1,0.8,0.833333333333,0.5,0.666666666667,0.707106781187,0.75,37,35,2,0,37,0,35,0,2,17,37,0.136029411765,1.88235294118,4.35294117647,3.36363636364,2.84615384615,1.69341284359,0.389027274878,0.193958664547,2.09866904602,0.964253345467,0.518282988871,1.87867287326,0.863174022847,0.470588235294,0.786197569093,0.41766745858,2.25,1.88235294118,0.786197569093,2.25,0.166339869281,0.0612244897959,3,0.00441176470588,0.185952380952,17,17,17,1,0,0.352941176471,0.411764705882,0.235294117647,17,0.128676470588,1.90196078431,4.11764705882,3.18181818182,2.69230769231,1.57648156274,0.382859808093,0.201680672269,2.01465221053,0.978545359402,0.524369747899,1.74894926439,0.849489642704,0.463865546218,0.814492905316,0.428238537847,2.33333333333,1.90196078431,0.814492905316,2.33333333333,0,0,0,0,0.164242424242,17,17,17,1,0,0.352941176471,0.411764705882,0.235294117647,17,38,0.139705882353,1.9,4.47058823529,3.45454545455,2.71428571429,1.73629084037,0.388380845872,0.198142414861,2.1368613597,0.955964292498,0.510835913313,1.82103719638,0.814674535221,0.442724458204,0.795298686029,0.418578255805,2.25,1.9,0.795298686029,2.25,0.217320261438,0.115384615385,6,0.00882352941176,0.17867965368,17,17,17,1,0,0.352941176471,0.470588235294,0.176470588235,1,0.00367647058824,0.0176470588235,0.117647058824,0.0909090909091,-0.131868131868,0.0428779967836,-0.000646429005719,0.00418375031378,0.0381923136861,-0.00828905296849,-0.00744707555853,-0.0576356768785,-0.0484994876259,-0.0278637770898,0.00910111693678,0.000910797224492,0,0.0176470588235,0.00910111693678,0,0.0509803921569,0.0541601255887,3,0.00441176470588,-0.00727272727273,0,0.0588235294118,-0.0588235294118,37,1,0,234,1,0.995744680851,0.00425531914894,0,0.973684210526,1,0.986666666667,0.984652666406,0.995744680851,0.973684210526,3,2,0,0,0,0
2186,WLNM_dir_neg,1,0.5,00:00:02,10,50,43,1983614916,threshold_sweep,0.8,0.666666666667,1,0.8,2,1,0,3,1,0.75,0.25,0,0.666666666667,1,0.8,0.833333333333,0.5,0.666666666667,0.707106781187,0.75,37,35,2,0,37,0,35,0,2,17,37,0.136029411765,1.88235294118,4.35294117647,3.36363636364,2.84615384615,1.69341284359,0.389027274878,0.193958664547,2.09866904602,0.964253345467,0.518282988871,1.87867287326,0.863174022847,0.470588235294,0.786197569093,0.41766745858,2.25,1.88235294118,0.786197569093,2.25,0.166339869281,0.0612244897959,3,0.00441176470588,0.185952380952,17,17,17,1,0,0.352941176471,0.411764705882,0.235294117647,17,0.128676470588,1.90196078431,4.11764705882,3.18181818182,2.69230769231,1.57648156274,0.382859808093,0.201680672269,2.01465221053,0.978545359402,0.524369747899,1.74894926439,0.849489642704,0.463865546218,0.814492905316,0.428238537847,2.33333333333,1.90196078431,0.814492905316,2.33333333333,0,0,0,0,0.164242424242,17,17,17,1,0,0.352941176471,0.411764705882,0.235294117647,17,38,0.139705882353,1.9,4.47058823529,3.45454545455,2.71428571429,1.73629084037,0.388380845872,0.198142414861,2.1368613597,0.955964292498,0.510835913313,1.82103719638,0.814674535221,0.442724458204,0.795298686029,0.418578255805,2.25,1.9,0.795298686029,2.25,0.217320261438,0.115384615385,6,0.00882352941176,0.17867965368,17,17,17,1,0,0.352941176471,0.470588235294,0.176470588235,1,0.00367647058824,0.0176470588235,0.117647058824,0.0909090909091,-0.131868131868,0.0428779967836,-0.000646429005719,0.00418375031378,0.0381923136861,-0.00828905296849,-0.00744707555853,-0.0576356768785,-0.0484994876259,-0.0278637770898,0.00910111693678,0.000910797224492,0,0.0176470588235,0.00910111693678,0,0.0509803921569,0.0541601255887,3,0.00441176470588,-0.00727272727273,0,0.0588235294118,-0.0588235294118,37,1,0,234,1,0.995744680851,0.00425531914894,0,0.973684210526,1,0.986666666667,0.984652666406,0.995744680851,0.973684210526,3,2,0,0,0,0
2187,WLNM_dir_neg,1,0.5,00:00:02,10,50,43,1983614916,threshold_sweep,0.9,0.666666666667,1,0.8,2,1,0,3,1,0.75,0.25,0,0.666666666667,1,0.8,0.833333333333,0.5,0.666666666667,0.707106781187,0.75,37,35,2,0,37,0,35,0,2,17,37,0.136029411765,1.88235294118,4.35294117647,3.36363636364,2.84615384615,1.69341284359,0.389027274878,0.193958664547,2.09866904602,0.964253345467,0.518282988871,1.87867287326,0.863174022847,0.470588235294,0.786197569093,0.41766745858,2.25,1.88235294118,0.786197569093,2.25,0.166339869281,0.0612244897959,3,0.00441176470588,0.185952380952,17,17,17,1,0,0.352941176471,0.411764705882,0.235294117647,17,0.128676470588,1.90196078431,4.11764705882,3.18181818182,2.69230769231,1.57648156274,0.382859808093,0.201680672269,2.01465221053,0.978545359402,0.524369747899,1.74894926439,0.849489642704,0.463865546218,0.814492905316,0.428238537847,2.33333333333,1.90196078431,0.814492905316,2.33333333333,0,0,0,0,0.164242424242,17,17,17,1,0,0.352941176471,0.411764705882,0.235294117647,17,38,0.139705882353,1.9,4.47058823529,3.45454545455,2.71428571429,1.73629084037,0.388380845872,0.198142414861,2.1368613597,0.955964292498,0.510835913313,1.82103719638,0.814674535221,0.442724458204,0.795298686029,0.418578255805,2.25,1.9,0.795298686029,2.25,0.217320261438,0.115384615385,6,0.00882352941176,0.17867965368,17,17,17,1,0,0.352941176471,0.470588235294,0.176470588235,1,0.00367647058824,0.0176470588235,0.117647058824,0.0909090909091,-0.131868131868,0.0428779967836,-0.000646429005719,0.00418375031378,0.0381923136861,-0.00828905296849,-0.00744707555853,-0.0576356768785,-0.0484994876259,-0.0278637770898,0.00910111693678,0.000910797224492,0,0.0176470588235,0.00910111693678,0,0.0509803921569,0.0541601255887,3,0.00441176470588,-0.00727272727273,0,0.0588235294118,-0.0588235294118,37,1,0,234,1,0.995744680851,0.00425531914894,0,0.973684210526,1,0.986666666667,0.984652666406,0.995744680851,0.973684210526,3,2,0,0,0,0
2188,WLNM_dir_neg,1,0.5,00:00:02,10,50,44,1983614917,threshold_sweep,0.1,1,1,1,2,0,0,4,1,1,0,0,1,1,1,1,0.555555555556,1,1,1,37,35,2,0,37,0,35,0,2,17,37,0.136029411765,1.88235294118,4.35294117647,3.36363636364,2.84615384615,1.69341284359,0.389027274878,0.193958664547,2.09866904602,0.964253345467,0.518282988871,1.87867287326,0.863174022847,0.470588235294,0.786197569093,0.41766745858,2.25,1.88235294118,0.786197569093,2.25,0.166339869281,0.0612244897959,3,0.00441176470588,0.185952380952,17,17,17,1,0,0.352941176471,0.411764705882,0.235294117647,17,0.128676470588,1.90196078431,4.11764705882,3.18181818182,2.69230769231,1.57648156274,0.382859808093,0.201680672269,2.01465221053,0.978545359402,0.524369747899,1.74894926439,0.849489642704,0.463865546218,0.814492905316,0.428238537847,2.33333333333,1.90196078431,0.814492905316,2.33333333333,0,0,0,0,0.164242424242,17,17,17,1,0,0.352941176471,0.411764705882,0.235294117647,17,37,0.136029411765,1.88235294118,4.35294117647,3.36363636364,2.84615384615,1.69341284359,0.389027274878,0.193958664547,2.09866904602,0.964253345467,0.518282988871,1.87867287326,0.863174022847,0.470588235294,0.786197569093,0.41766745858,2.25,1.88235294118,0.786197569093,2.25,0.166339869281,0.0612244897959,3,0.00441176470588,0.185952380952,17,17,17,1,0,0.352941176471,0.411764705882,0.235294117647,0,0,0,0,0,0,0,0,0,0,0,0,0,0,0,0,0,0,0,0,0,0,0,0,0,0,0,0,0,37,0,0,235,1,1,0,0,1,1,1,1,1,1,2,2,0,0,0,0
2189,WLNM_dir_neg,1,0.5,00:00:02,10,50,44,1983614917,threshold_sweep,0.2,1,1,1,2,0,0,4,1,1,0,0,1,1,1,1,0.555555555556,1,1,1,37,35,2,0,37,0,35,0,2,17,37,0.136029411765,1.88235294118,4.35294117647,3.36363636364,2.84615384615,1.69341284359,0.389027274878,0.193958664547,2.09866904602,0.964253345467,0.518282988871,1.87867287326,0.863174022847,0.470588235294,0.786197569093,0.41766745858,2.25,1.88235294118,0.786197569093,2.25,0.166339869281,0.0612244897959,3,0.00441176470588,0.185952380952,17,17,17,1,0,0.352941176471,0.411764705882,0.235294117647,17,0.128676470588,1.90196078431,4.11764705882,3.18181818182,2.69230769231,1.57648156274,0.382859808093,0.201680672269,2.01465221053,0.978545359402,0.524369747899,1.74894926439,0.849489642704,0.463865546218,0.814492905316,0.428238537847,2.33333333333,1.90196078431,0.814492905316,2.33333333333,0,0,0,0,0.164242424242,17,17,17,1,0,0.352941176471,0.411764705882,0.235294117647,17,37,0.136029411765,1.88235294118,4.35294117647,3.36363636364,2.84615384615,1.69341284359,0.389027274878,0.193958664547,2.09866904602,0.964253345467,0.518282988871,1.87867287326,0.863174022847,0.470588235294,0.786197569093,0.41766745858,2.25,1.88235294118,0.786197569093,2.25,0.166339869281,0.0612244897959,3,0.00441176470588,0.185952380952,17,17,17,1,0,0.352941176471,0.411764705882,0.235294117647,0,0,0,0,0,0,0,0,0,0,0,0,0,0,0,0,0,0,0,0,0,0,0,0,0,0,0,0,0,37,0,0,235,1,1,0,0,1,1,1,1,1,1,2,2,0,0,0,0
2190,WLNM_dir_neg,1,0.5,00:00:02,10,50,44,1983614917,threshold_sweep,0.3,1,1,1,2,0,0,4,1,1,0,0,1,1,1,1,0.555555555556,1,1,1,37,35,2,0,37,0,35,0,2,17,37,0.136029411765,1.88235294118,4.35294117647,3.36363636364,2.84615384615,1.69341284359,0.389027274878,0.193958664547,2.09866904602,0.964253345467,0.518282988871,1.87867287326,0.863174022847,0.470588235294,0.786197569093,0.41766745858,2.25,1.88235294118,0.786197569093,2.25,0.166339869281,0.0612244897959,3,0.00441176470588,0.185952380952,17,17,17,1,0,0.352941176471,0.411764705882,0.235294117647,17,0.128676470588,1.90196078431,4.11764705882,3.18181818182,2.69230769231,1.57648156274,0.382859808093,0.201680672269,2.01465221053,0.978545359402,0.524369747899,1.74894926439,0.849489642704,0.463865546218,0.814492905316,0.428238537847,2.33333333333,1.90196078431,0.814492905316,2.33333333333,0,0,0,0,0.164242424242,17,17,17,1,0,0.352941176471,0.411764705882,0.235294117647,17,37,0.136029411765,1.88235294118,4.35294117647,3.36363636364,2.84615384615,1.69341284359,0.389027274878,0.193958664547,2.09866904602,0.964253345467,0.518282988871,1.87867287326,0.863174022847,0.470588235294,0.786197569093,0.41766745858,2.25,1.88235294118,0.786197569093,2.25,0.166339869281,0.0612244897959,3,0.00441176470588,0.185952380952,17,17,17,1,0,0.352941176471,0.411764705882,0.235294117647,0,0,0,0,0,0,0,0,0,0,0,0,0,0,0,0,0,0,0,0,0,0,0,0,0,0,0,0,0,37,0,0,235,1,1,0,0,1,1,1,1,1,1,2,2,0,0,0,0
2191,WLNM_dir_neg,1,0.5,00:00:02,10,50,44,1983614917,threshold_sweep,0.4,1,1,1,2,0,0,4,1,1,0,0,1,1,1,1,0.555555555556,1,1,1,37,35,2,0,37,0,35,0,2,17,37,0.136029411765,1.88235294118,4.35294117647,3.36363636364,2.84615384615,1.69341284359,0.389027274878,0.193958664547,2.09866904602,0.964253345467,0.518282988871,1.87867287326,0.863174022847,0.470588235294,0.786197569093,0.41766745858,2.25,1.88235294118,0.786197569093,2.25,0.166339869281,0.0612244897959,3,0.00441176470588,0.185952380952,17,17,17,1,0,0.352941176471,0.411764705882,0.235294117647,17,0.128676470588,1.90196078431,4.11764705882,3.18181818182,2.69230769231,1.57648156274,0.382859808093,0.201680672269,2.01465221053,0.978545359402,0.524369747899,1.74894926439,0.849489642704,0.463865546218,0.814492905316,0.428238537847,2.33333333333,1.90196078431,0.814492905316,2.33333333333,0,0,0,0,0.164242424242,17,17,17,1,0,0.352941176471,0.411764705882,0.235294117647,17,37,0.136029411765,1.88235294118,4.35294117647,3.36363636364,2.84615384615,1.69341284359,0.389027274878,0.193958664547,2.09866904602,0.964253345467,0.518282988871,1.87867287326,0.863174022847,0.470588235294,0.786197569093,0.41766745858,2.25,1.88235294118,0.786197569093,2.25,0.166339869281,0.0612244897959,3,0.00441176470588,0.185952380952,17,17,17,1,0,0.352941176471,0.411764705882,0.235294117647,0,0,0,0,0,0,0,0,0,0,0,0,0,0,0,0,0,0,0,0,0,0,0,0,0,0,0,0,0,37,0,0,235,1,1,0,0,1,1,1,1,1,1,2,2,0,0,0,0
2192,WLNM_dir_neg,1,0.5,00:00:02,10,50,44,1983614917,threshold_sweep,0.5,1,1,1,2,0,0,4,1,1,0,0,1,1,1,1,0.555555555556,1,1,1,37,35,2,0,37,0,35,0,2,17,37,0.136029411765,1.88235294118,4.35294117647,3.36363636364,2.84615384615,1.69341284359,0.389027274878,0.193958664547,2.09866904602,0.964253345467,0.518282988871,1.87867287326,0.863174022847,0.470588235294,0.786197569093,0.41766745858,2.25,1.88235294118,0.786197569093,2.25,0.166339869281,0.0612244897959,3,0.00441176470588,0.185952380952,17,17,17,1,0,0.352941176471,0.411764705882,0.235294117647,17,0.128676470588,1.90196078431,4.11764705882,3.18181818182,2.69230769231,1.57648156274,0.382859808093,0.201680672269,2.01465221053,0.978545359402,0.524369747899,1.74894926439,0.849489642704,0.463865546218,0.814492905316,0.428238537847,2.33333333333,1.90196078431,0.814492905316,2.33333333333,0,0,0,0,0.164242424242,17,17,17,1,0,0.352941176471,0.411764705882,0.235294117647,17,37,0.136029411765,1.88235294118,4.35294117647,3.36363636364,2.84615384615,1.69341284359,0.389027274878,0.193958664547,2.09866904602,0.964253345467,0.518282988871,1.87867287326,0.863174022847,0.470588235294,0.786197569093,0.41766745858,2.25,1.88235294118,0.786197569093,2.25,0.166339869281,0.0612244897959,3,0.00441176470588,0.185952380952,17,17,17,1,0,0.352941176471,0.411764705882,0.235294117647,0,0,0,0,0,0,0,0,0,0,0,0,0,0,0,0,0,0,0,0,0,0,0,0,0,0,0,0,0,37,0,0,235,1,1,0,0,1,1,1,1,1,1,2,2,0,0,0,0
2193,WLNM_dir_neg,1,0.5,00:00:02,10,50,44,1983614917,threshold_sweep,0.6,1,1,1,2,0,0,4,1,1,0,0,1,1,1,1,0.555555555556,1,1,1,37,35,2,0,37,0,35,0,2,17,37,0.136029411765,1.88235294118,4.35294117647,3.36363636364,2.84615384615,1.69341284359,0.389027274878,0.193958664547,2.09866904602,0.964253345467,0.518282988871,1.87867287326,0.863174022847,0.470588235294,0.786197569093,0.41766745858,2.25,1.88235294118,0.786197569093,2.25,0.166339869281,0.0612244897959,3,0.00441176470588,0.185952380952,17,17,17,1,0,0.352941176471,0.411764705882,0.235294117647,17,0.128676470588,1.90196078431,4.11764705882,3.18181818182,2.69230769231,1.57648156274,0.382859808093,0.201680672269,2.01465221053,0.978545359402,0.524369747899,1.74894926439,0.849489642704,0.463865546218,0.814492905316,0.428238537847,2.33333333333,1.90196078431,0.814492905316,2.33333333333,0,0,0,0,0.164242424242,17,17,17,1,0,0.352941176471,0.411764705882,0.235294117647,17,37,0.136029411765,1.88235294118,4.35294117647,3.36363636364,2.84615384615,1.69341284359,0.389027274878,0.193958664547,2.09866904602,0.964253345467,0.518282988871,1.87867287326,0.863174022847,0.470588235294,0.786197569093,0.41766745858,2.25,1.88235294118,0.786197569093,2.25,0.166339869281,0.0612244897959,3,0.00441176470588,0.185952380952,17,17,17,1,0,0.352941176471,0.411764705882,0.235294117647,0,0,0,0,0,0,0,0,0,0,0,0,0,0,0,0,0,0,0,0,0,0,0,0,0,0,0,0,0,37,0,0,235,1,1,0,0,1,1,1,1,1,1,2,2,0,0,0,0
2194,WLNM_dir_neg,1,0.5,00:00:02,10,50,44,1983614917,threshold_sweep,0.7,1,1,1,2,0,0,4,1,1,0,0,1,1,1,1,0.555555555556,1,1,1,37,35,2,0,37,0,35,0,2,17,37,0.136029411765,1.88235294118,4.35294117647,3.36363636364,2.84615384615,1.69341284359,0.389027274878,0.193958664547,2.09866904602,0.964253345467,0.518282988871,1.87867287326,0.863174022847,0.470588235294,0.786197569093,0.41766745858,2.25,1.88235294118,0.786197569093,2.25,0.166339869281,0.0612244897959,3,0.00441176470588,0.185952380952,17,17,17,1,0,0.352941176471,0.411764705882,0.235294117647,17,0.128676470588,1.90196078431,4.11764705882,3.18181818182,2.69230769231,1.57648156274,0.382859808093,0.201680672269,2.01465221053,0.978545359402,0.524369747899,1.74894926439,0.849489642704,0.463865546218,0.814492905316,0.428238537847,2.33333333333,1.90196078431,0.814492905316,2.33333333333,0,0,0,0,0.164242424242,17,17,17,1,0,0.352941176471,0.411764705882,0.235294117647,17,37,0.136029411765,1.88235294118,4.35294117647,3.36363636364,2.84615384615,1.69341284359,0.389027274878,0.193958664547,2.09866904602,0.964253345467,0.518282988871,1.87867287326,0.863174022847,0.470588235294,0.786197569093,0.41766745858,2.25,1.88235294118,0.786197569093,2.25,0.166339869281,0.0612244897959,3,0.00441176470588,0.185952380952,17,17,17,1,0,0.352941176471,0.411764705882,0.235294117647,0,0,0,0,0,0,0,0,0,0,0,0,0,0,0,0,0,0,0,0,0,0,0,0,0,0,0,0,0,37,0,0,235,1,1,0,0,1,1,1,1,1,1,2,2,0,0,0,0
2195,WLNM_dir_neg,1,0.5,00:00:02,10,50,44,1983614917,threshold_sweep,0.8,1,0.5,0.666666666667,1,0,1,4,0.5,1,0,0.5,1,0.5,0.666666666667,0.833333333333,0.611111111111,0.571428571429,0.632455532034,0.5,37,35,2,0,37,0,35,0,2,17,37,0.136029411765,1.88235294118,4.35294117647,3.36363636364,2.84615384615,1.69341284359,0.389027274878,0.193958664547,2.09866904602,0.964253345467,0.518282988871,1.87867287326,0.863174022847,0.470588235294,0.786197569093,0.41766745858,2.25,1.88235294118,0.786197569093,2.25,0.166339869281,0.0612244897959,3,0.00441176470588,0.185952380952,17,17,17,1,0,0.352941176471,0.411764705882,0.235294117647,17,0.128676470588,1.90196078431,4.11764705882,3.18181818182,2.69230769231,1.57648156274,0.382859808093,0.201680672269,2.01465221053,0.978545359402,0.524369747899,1.74894926439,0.849489642704,0.463865546218,0.814492905316,0.428238537847,2.33333333333,1.90196078431,0.814492905316,2.33333333333,0,0,0,0,0.164242424242,17,17,17,1,0,0.352941176471,0.411764705882,0.235294117647,17,36,0.132352941176,1.89705882353,4.23529411765,3.27272727273,2.76923076923,1.71498585143,0.40492721492,0.204248366013,2.05798302171,0.971825315808,0.522875816993,1.79869233546,0.849382491746,0.464052287582,0.805541469338,0.424626510969,2.25,1.89705882353,0.805541469338,2.25,0.0702614379085,0.0214285714286,1,0.00147058823529,0.175454545455,17,17,17,1,0,0.352941176471,0.411764705882,0.235294117647,-1,-0.00367647058824,0.0147058823529,-0.117647058824,-0.0909090909091,-0.0769230769231,0.0215730078386,0.0158999400418,0.0102897014662,-0.0406860243059,0.00757197034072,0.00459282812224,-0.0799805377942,-0.0137915311015,-0.00653594771242,0.0193439002456,0.00695905238854,0,0.0147058823529,0.0193439002456,0,-0.0960784313725,-0.0397959183673,-2,-0.00294117647059,-0.0104978354978,0,0,0,36,0,1,235,0.972972972973,1,0,0.027027027027,1,0.972972972973,0.986301369863,0.984301887704,0.972972972973,0.972972972973,1,2,0,0,0,0
2196,WLNM_dir_neg,1,0.5,00:00:02,10,50,44,1983614917,threshold_sweep,0.9,1,0.5,0.666666666667,1,0,1,4,0.5,1,0,0.5,1,0.5,0.666666666667,0.833333333333,0.611111111111,0.571428571429,0.632455532034,0.5,37,35,2,0,37,0,35,0,2,17,37,0.136029411765,1.88235294118,4.35294117647,3.36363636364,2.84615384615,1.69341284359,0.389027274878,0.193958664547,2.09866904602,0.964253345467,0.518282988871,1.87867287326,0.863174022847,0.470588235294,0.786197569093,0.41766745858,2.25,1.88235294118,0.786197569093,2.25,0.166339869281,0.0612244897959,3,0.00441176470588,0.185952380952,17,17,17,1,0,0.352941176471,0.411764705882,0.235294117647,17,0.128676470588,1.90196078431,4.11764705882,3.18181818182,2.69230769231,1.57648156274,0.382859808093,0.201680672269,2.01465221053,0.978545359402,0.524369747899,1.74894926439,0.849489642704,0.463865546218,0.814492905316,0.428238537847,2.33333333333,1.90196078431,0.814492905316,2.33333333333,0,0,0,0,0.164242424242,17,17,17,1,0,0.352941176471,0.411764705882,0.235294117647,17,36,0.132352941176,1.89705882353,4.23529411765,3.27272727273,2.76923076923,1.71498585143,0.40492721492,0.204248366013,2.05798302171,0.971825315808,0.522875816993,1.79869233546,0.849382491746,0.464052287582,0.805541469338,0.424626510969,2.25,1.89705882353,0.805541469338,2.25,0.0702614379085,0.0214285714286,1,0.00147058823529,0.175454545455,17,17,17,1,0,0.352941176471,0.411764705882,0.235294117647,-1,-0.00367647058824,0.0147058823529,-0.117647058824,-0.0909090909091,-0.0769230769231,0.0215730078386,0.0158999400418,0.0102897014662,-0.0406860243059,0.00757197034072,0.00459282812224,-0.0799805377942,-0.0137915311015,-0.00653594771242,0.0193439002456,0.00695905238854,0,0.0147058823529,0.0193439002456,0,-0.0960784313725,-0.0397959183673,-2,-0.00294117647059,-0.0104978354978,0,0,0,36,0,1,235,0.972972972973,1,0,0.027027027027,1,0.972972972973,0.986301369863,0.984301887704,0.972972972973,0.972972972973,1,2,0,0,0,0
2197,WLNM_dir_neg,0.875,0.291666666667,00:00:01,10,50,45,1983614918,threshold_sweep,0.1,0.666666666667,1,0.8,2,1,0,3,1,0.75,0.25,0,0.666666666667,1,0.8,0.833333333333,0.5,0.666666666667,0.707106781187,0.75,37,35,2,0,37,0,35,0,2,17,37,0.136029411765,1.88235294118,4.35294117647,3.36363636364,2.84615384615,1.69341284359,0.389027274878,0.193958664547,2.09866904602,0.964253345467,0.518282988871,1.87867287326,0.863174022847,0.470588235294,0.786197569093,0.41766745858,2.25,1.88235294118,0.786197569093,2.25,0.166339869281,0.0612244897959,3,0.00441176470588,0.185952380952,17,17,17,1,0,0.352941176471,0.411764705882,0.235294117647,17,0.128676470588,1.90196078431,4.11764705882,3.18181818182,2.69230769231,1.57648156274,0.382859808093,0.201680672269,2.01465221053,0.978545359402,0.524369747899,1.74894926439,0.849489642704,0.463865546218,0.814492905316,0.428238537847,2.33333333333,1.90196078431,0.814492905316,2.33333333333,0,0,0,0,0.164242424242,17,17,17,1,0,0.352941176471,0.411764705882,0.235294117647,17,38,0.139705882353,2.13617647059,4.47058823529,3.16666666667,2.92307692308,1.69991349261,0.380243807557,0.19040247678,2.04723630062,0.915868871331,0.495356037152,1.92124346989,0.859503657582,0.467492260062,0.898017833571,0.420385602938,2.5,2.13617647059,0.898017833571,2.5,0.180065359477,0.0774193548387,4,0.00588235294118,0.164051226551,17,17,17,1,0,0.294117647059,0.470588235294,0.235294117647,1,0.00367647058824,0.253823529412,0.117647058824,-0.19696969697,0.0769230769231,0.00650064902221,-0.00878346732077,-0.00355618776671,-0.0514327453931,-0.0483844741355,-0.0229269517195,0.0425705966328,-0.00367036526551,-0.0030959752322,0.111820264479,0.002718144358,0.25,0.253823529412,0.111820264479,0.25,0.0137254901961,0.0161948650428,1,0.00147058823529,-0.0219011544012,-0.0588235294118,0.0588235294118,0,37,1,0,234,1,0.995744680851,0.00425531914894,0,0.973684210526,1,0.986666666667,0.984652666406,0.995744680851,0.973684210526,3,2,0,0,0,0
2198,WLNM_dir_neg,0.875,0.291666666667,00:00:01,10,50,45,1983614918,threshold_sweep,0.2,0.666666666667,1,0.8,2,1,0,3,1,0.75,0.25,0,0.666666666667,1,0.8,0.833333333333,0.5,0.666666666667,0.707106781187,0.75,37,35,2,0,37,0,35,0,2,17,37,0.136029411765,1.88235294118,4.35294117647,3.36363636364,2.84615384615,1.69341284359,0.389027274878,0.193958664547,2.09866904602,0.964253345467,0.518282988871,1.87867287326,0.863174022847,0.470588235294,0.786197569093,0.41766745858,2.25,1.88235294118,0.786197569093,2.25,0.166339869281,0.0612244897959,3,0.00441176470588,0.185952380952,17,17,17,1,0,0.352941176471,0.411764705882,0.235294117647,17,0.128676470588,1.90196078431,4.11764705882,3.18181818182,2.69230769231,1.57648156274,0.382859808093,0.201680672269,2.01465221053,0.978545359402,0.524369747899,1.74894926439,0.849489642704,0.463865546218,0.814492905316,0.428238537847,2.33333333333,1.90196078431,0.814492905316,2.33333333333,0,0,0,0,0.164242424242,17,17,17,1,0,0.352941176471,0.411764705882,0.235294117647,17,38,0.139705882353,2.13617647059,4.47058823529,3.16666666667,2.92307692308,1.69991349261,0.380243807557,0.19040247678,2.04723630062,0.915868871331,0.495356037152,1.92124346989,0.859503657582,0.467492260062,0.898017833571,0.420385602938,2.5,2.13617647059,0.898017833571,2.5,0.180065359477,0.0774193548387,4,0.00588235294118,0.164051226551,17,17,17,1,0,0.294117647059,0.470588235294,0.235294117647,1,0.00367647058824,0.253823529412,0.117647058824,-0.19696969697,0.0769230769231,0.00650064902221,-0.00878346732077,-0.00355618776671,-0.0514327453931,-0.0483844741355,-0.0229269517195,0.0425705966328,-0.00367036526551,-0.0030959752322,0.111820264479,0.002718144358,0.25,0.253823529412,0.111820264479,0.25,0.0137254901961,0.0161948650428,1,0.00147058823529,-0.0219011544012,-0.0588235294118,0.0588235294118,0,37,1,0,234,1,0.995744680851,0.00425531914894,0,0.973684210526,1,0.986666666667,0.984652666406,0.995744680851,0.973684210526,3,2,0,0,0,0
2199,WLNM_dir_neg,0.875,0.291666666667,00:00:01,10,50,45,1983614918,threshold_sweep,0.3,0.666666666667,1,0.8,2,1,0,3,1,0.75,0.25,0,0.666666666667,1,0.8,0.833333333333,0.5,0.666666666667,0.707106781187,0.75,37,35,2,0,37,0,35,0,2,17,37,0.136029411765,1.88235294118,4.35294117647,3.36363636364,2.84615384615,1.69341284359,0.389027274878,0.193958664547,2.09866904602,0.964253345467,0.518282988871,1.87867287326,0.863174022847,0.470588235294,0.786197569093,0.41766745858,2.25,1.88235294118,0.786197569093,2.25,0.166339869281,0.0612244897959,3,0.00441176470588,0.185952380952,17,17,17,1,0,0.352941176471,0.411764705882,0.235294117647,17,0.128676470588,1.90196078431,4.11764705882,3.18181818182,2.69230769231,1.57648156274,0.382859808093,0.201680672269,2.01465221053,0.978545359402,0.524369747899,1.74894926439,0.849489642704,0.463865546218,0.814492905316,0.428238537847,2.33333333333,1.90196078431,0.814492905316,2.33333333333,0,0,0,0,0.164242424242,17,17,17,1,0,0.352941176471,0.411764705882,0.235294117647,17,38,0.139705882353,2.13617647059,4.47058823529,3.16666666667,2.92307692308,1.69991349261,0.380243807557,0.19040247678,2.04723630062,0.915868871331,0.495356037152,1.92124346989,0.859503657582,0.467492260062,0.898017833571,0.420385602938,2.5,2.13617647059,0.898017833571,2.5,0.180065359477,0.0774193548387,4,0.00588235294118,0.164051226551,17,17,17,1,0,0.294117647059,0.470588235294,0.235294117647,1,0.00367647058824,0.253823529412,0.117647058824,-0.19696969697,0.0769230769231,0.00650064902221,-0.00878346732077,-0.00355618776671,-0.0514327453931,-0.0483844741355,-0.0229269517195,0.0425705966328,-0.00367036526551,-0.0030959752322,0.111820264479,0.002718144358,0.25,0.253823529412,0.111820264479,0.25,0.0137254901961,0.0161948650428,1,0.00147058823529,-0.0219011544012,-0.0588235294118,0.0588235294118,0,37,1,0,234,1,0.995744680851,0.00425531914894,0,0.973684210526,1,0.986666666667,0.984652666406,0.995744680851,0.973684210526,3,2,0,0,0,0
2200,WLNM_dir_neg,0.875,0.291666666667,00:00:01,10,50,45,1983614918,threshold_sweep,0.4,0.666666666667,1,0.8,2,1,0,3,1,0.75,0.25,0,0.666666666667,1,0.8,0.833333333333,0.5,0.666666666667,0.707106781187,0.75,37,35,2,0,37,0,35,0,2,17,37,0.136029411765,1.88235294118,4.35294117647,3.36363636364,2.84615384615,1.69341284359,0.389027274878,0.193958664547,2.09866904602,0.964253345467,0.518282988871,1.87867287326,0.863174022847,0.470588235294,0.786197569093,0.41766745858,2.25,1.88235294118,0.786197569093,2.25,0.166339869281,0.0612244897959,3,0.00441176470588,0.185952380952,17,17,17,1,0,0.352941176471,0.411764705882,0.235294117647,17,0.128676470588,1.90196078431,4.11764705882,3.18181818182,2.69230769231,1.57648156274,0.382859808093,0.201680672269,2.01465221053,0.978545359402,0.524369747899,1.74894926439,0.849489642704,0.463865546218,0.814492905316,0.428238537847,2.33333333333,1.90196078431,0.814492905316,2.33333333333,0,0,0,0,0.164242424242,17,17,17,1,0,0.352941176471,0.411764705882,0.235294117647,17,38,0.139705882353,2.13617647059,4.47058823529,3.16666666667,2.92307692308,1.69991349261,0.380243807557,0.19040247678,2.04723630062,0.915868871331,0.495356037152,1.92124346989,0.859503657582,0.467492260062,0.898017833571,0.420385602938,2.5,2.13617647059,0.898017833571,2.5,0.180065359477,0.0774193548387,4,0.00588235294118,0.164051226551,17,17,17,1,0,0.294117647059,0.470588235294,0.235294117647,1,0.00367647058824,0.253823529412,0.117647058824,-0.19696969697,0.0769230769231,0.00650064902221,-0.00878346732077,-0.00355618776671,-0.0514327453931,-0.0483844741355,-0.0229269517195,0.0425705966328,-0.00367036526551,-0.0030959752322,0.111820264479,0.002718144358,0.25,0.253823529412,0.111820264479,0.25,0.0137254901961,0.0161948650428,1,0.00147058823529,-0.0219011544012,-0.0588235294118,0.0588235294118,0,37,1,0,234,1,0.995744680851,0.00425531914894,0,0.973684210526,1,0.986666666667,0.984652666406,0.995744680851,0.973684210526,3,2,0,0,0,0
2201,WLNM_dir_neg,0.875,0.291666666667,00:00:01,10,50,45,1983614918,threshold_sweep,0.5,0.666666666667,1,0.8,2,1,0,3,1,0.75,0.25,0,0.666666666667,1,0.8,0.833333333333,0.5,0.666666666667,0.707106781187,0.75,37,35,2,0,37,0,35,0,2,17,37,0.136029411765,1.88235294118,4.35294117647,3.36363636364,2.84615384615,1.69341284359,0.389027274878,0.193958664547,2.09866904602,0.964253345467,0.518282988871,1.87867287326,0.863174022847,0.470588235294,0.786197569093,0.41766745858,2.25,1.88235294118,0.786197569093,2.25,0.166339869281,0.0612244897959,3,0.00441176470588,0.185952380952,17,17,17,1,0,0.352941176471,0.411764705882,0.235294117647,17,0.128676470588,1.90196078431,4.11764705882,3.18181818182,2.69230769231,1.57648156274,0.382859808093,0.201680672269,2.01465221053,0.978545359402,0.524369747899,1.74894926439,0.849489642704,0.463865546218,0.814492905316,0.428238537847,2.33333333333,1.90196078431,0.814492905316,2.33333333333,0,0,0,0,0.164242424242,17,17,17,1,0,0.352941176471,0.411764705882,0.235294117647,17,38,0.139705882353,2.13617647059,4.47058823529,3.16666666667,2.92307692308,1.69991349261,0.380243807557,0.19040247678,2.04723630062,0.915868871331,0.495356037152,1.92124346989,0.859503657582,0.467492260062,0.898017833571,0.420385602938,2.5,2.13617647059,0.898017833571,2.5,0.180065359477,0.0774193548387,4,0.00588235294118,0.164051226551,17,17,17,1,0,0.294117647059,0.470588235294,0.235294117647,1,0.00367647058824,0.253823529412,0.117647058824,-0.19696969697,0.0769230769231,0.00650064902221,-0.00878346732077,-0.00355618776671,-0.0514327453931,-0.0483844741355,-0.0229269517195,0.0425705966328,-0.00367036526551,-0.0030959752322,0.111820264479,0.002718144358,0.25,0.253823529412,0.111820264479,0.25,0.0137254901961,0.0161948650428,1,0.00147058823529,-0.0219011544012,-0.0588235294118,0.0588235294118,0,37,1,0,234,1,0.995744680851,0.00425531914894,0,0.973684210526,1,0.986666666667,0.984652666406,0.995744680851,0.973684210526,3,2,0,0,0,0
2202,WLNM_dir_neg,0.875,0.291666666667,00:00:01,10,50,45,1983614918,threshold_sweep,0.6,0.666666666667,1,0.8,2,1,0,3,1,0.75,0.25,0,0.666666666667,1,0.8,0.833333333333,0.5,0.666666666667,0.707106781187,0.75,37,35,2,0,37,0,35,0,2,17,37,0.136029411765,1.88235294118,4.35294117647,3.36363636364,2.84615384615,1.69341284359,0.389027274878,0.193958664547,2.09866904602,0.964253345467,0.518282988871,1.87867287326,0.863174022847,0.470588235294,0.786197569093,0.41766745858,2.25,1.88235294118,0.786197569093,2.25,0.166339869281,0.0612244897959,3,0.00441176470588,0.185952380952,17,17,17,1,0,0.352941176471,0.411764705882,0.235294117647,17,0.128676470588,1.90196078431,4.11764705882,3.18181818182,2.69230769231,1.57648156274,0.382859808093,0.201680672269,2.01465221053,0.978545359402,0.524369747899,1.74894926439,0.849489642704,0.463865546218,0.814492905316,0.428238537847,2.33333333333,1.90196078431,0.814492905316,2.33333333333,0,0,0,0,0.164242424242,17,17,17,1,0,0.352941176471,0.411764705882,0.235294117647,17,38,0.139705882353,2.13617647059,4.47058823529,3.16666666667,2.92307692308,1.69991349261,0.380243807557,0.19040247678,2.04723630062,0.915868871331,0.495356037152,1.92124346989,0.859503657582,0.467492260062,0.898017833571,0.420385602938,2.5,2.13617647059,0.898017833571,2.5,0.180065359477,0.0774193548387,4,0.00588235294118,0.164051226551,17,17,17,1,0,0.294117647059,0.470588235294,0.235294117647,1,0.00367647058824,0.253823529412,0.117647058824,-0.19696969697,0.0769230769231,0.00650064902221,-0.00878346732077,-0.00355618776671,-0.0514327453931,-0.0483844741355,-0.0229269517195,0.0425705966328,-0.00367036526551,-0.0030959752322,0.111820264479,0.002718144358,0.25,0.253823529412,0.111820264479,0.25,0.0137254901961,0.0161948650428,1,0.00147058823529,-0.0219011544012,-0.0588235294118,0.0588235294118,0,37,1,0,234,1,0.995744680851,0.00425531914894,0,0.973684210526,1,0.986666666667,0.984652666406,0.995744680851,0.973684210526,3,2,0,0,0,0
2203,WLNM_dir_neg,0.875,0.291666666667,00:00:01,10,50,45,1983614918,threshold_sweep,0.7,0.666666666667,1,0.8,2,1,0,3,1,0.75,0.25,0,0.666666666667,1,0.8,0.833333333333,0.5,0.666666666667,0.707106781187,0.75,37,35,2,0,37,0,35,0,2,17,37,0.136029411765,1.88235294118,4.35294117647,3.36363636364,2.84615384615,1.69341284359,0.389027274878,0.193958664547,2.09866904602,0.964253345467,0.518282988871,1.87867287326,0.863174022847,0.470588235294,0.786197569093,0.41766745858,2.25,1.88235294118,0.786197569093,2.25,0.166339869281,0.0612244897959,3,0.00441176470588,0.185952380952,17,17,17,1,0,0.352941176471,0.411764705882,0.235294117647,17,0.128676470588,1.90196078431,4.11764705882,3.18181818182,2.69230769231,1.57648156274,0.382859808093,0.201680672269,2.01465221053,0.978545359402,0.524369747899,1.74894926439,0.849489642704,0.463865546218,0.814492905316,0.428238537847,2.33333333333,1.90196078431,0.814492905316,2.33333333333,0,0,0,0,0.164242424242,17,17,17,1,0,0.352941176471,0.411764705882,0.235294117647,17,38,0.139705882353,2.13617647059,4.47058823529,3.16666666667,2.92307692308,1.69991349261,0.380243807557,0.19040247678,2.04723630062,0.915868871331,0.495356037152,1.92124346989,0.859503657582,0.467492260062,0.898017833571,0.420385602938,2.5,2.13617647059,0.898017833571,2.5,0.180065359477,0.0774193548387,4,0.00588235294118,0.164051226551,17,17,17,1,0,0.294117647059,0.470588235294,0.235294117647,1,0.00367647058824,0.253823529412,0.117647058824,-0.19696969697,0.0769230769231,0.00650064902221,-0.00878346732077,-0.00355618776671,-0.0514327453931,-0.0483844741355,-0.0229269517195,0.0425705966328,-0.00367036526551,-0.0030959752322,0.111820264479,0.002718144358,0.25,0.253823529412,0.111820264479,0.25,0.0137254901961,0.0161948650428,1,0.00147058823529,-0.0219011544012,-0.0588235294118,0.0588235294118,0,37,1,0,234,1,0.995744680851,0.00425531914894,0,0.973684210526,1,0.986666666667,0.984652666406,0.995744680851,0.973684210526,3,2,0,0,0,0
2204,WLNM_dir_neg,0.875,0.291666666667,00:00:01,10,50,45,1983614918,threshold_sweep,0.8,0.666666666667,1,0.8,2,1,0,3,1,0.75,0.25,0,0.666666666667,1,0.8,0.833333333333,0.5,0.666666666667,0.707106781187,0.75,37,35,2,0,37,0,35,0,2,17,37,0.136029411765,1.88235294118,4.35294117647,3.36363636364,2.84615384615,1.69341284359,0.389027274878,0.193958664547,2.09866904602,0.964253345467,0.518282988871,1.87867287326,0.863174022847,0.470588235294,0.786197569093,0.41766745858,2.25,1.88235294118,0.786197569093,2.25,0.166339869281,0.0612244897959,3,0.00441176470588,0.185952380952,17,17,17,1,0,0.352941176471,0.411764705882,0.235294117647,17,0.128676470588,1.90196078431,4.11764705882,3.18181818182,2.69230769231,1.57648156274,0.382859808093,0.201680672269,2.01465221053,0.978545359402,0.524369747899,1.74894926439,0.849489642704,0.463865546218,0.814492905316,0.428238537847,2.33333333333,1.90196078431,0.814492905316,2.33333333333,0,0,0,0,0.164242424242,17,17,17,1,0,0.352941176471,0.411764705882,0.235294117647,17,38,0.139705882353,2.13617647059,4.47058823529,3.16666666667,2.92307692308,1.69991349261,0.380243807557,0.19040247678,2.04723630062,0.915868871331,0.495356037152,1.92124346989,0.859503657582,0.467492260062,0.898017833571,0.420385602938,2.5,2.13617647059,0.898017833571,2.5,0.180065359477,0.0774193548387,4,0.00588235294118,0.164051226551,17,17,17,1,0,0.294117647059,0.470588235294,0.235294117647,1,0.00367647058824,0.253823529412,0.117647058824,-0.19696969697,0.0769230769231,0.00650064902221,-0.00878346732077,-0.00355618776671,-0.0514327453931,-0.0483844741355,-0.0229269517195,0.0425705966328,-0.00367036526551,-0.0030959752322,0.111820264479,0.002718144358,0.25,0.253823529412,0.111820264479,0.25,0.0137254901961,0.0161948650428,1,0.00147058823529,-0.0219011544012,-0.0588235294118,0.0588235294118,0,37,1,0,234,1,0.995744680851,0.00425531914894,0,0.973684210526,1,0.986666666667,0.984652666406,0.995744680851,0.973684210526,3,2,0,0,0,0
2205,WLNM_dir_neg,0.875,0.291666666667,00:00:01,10,50,45,1983614918,threshold_sweep,0.9,0.666666666667,1,0.8,2,1,0,3,1,0.75,0.25,0,0.666666666667,1,0.8,0.833333333333,0.5,0.666666666667,0.707106781187,0.75,37,35,2,0,37,0,35,0,2,17,37,0.136029411765,1.88235294118,4.35294117647,3.36363636364,2.84615384615,1.69341284359,0.389027274878,0.193958664547,2.09866904602,0.964253345467,0.518282988871,1.87867287326,0.863174022847,0.470588235294,0.786197569093,0.41766745858,2.25,1.88235294118,0.786197569093,2.25,0.166339869281,0.0612244897959,3,0.00441176470588,0.185952380952,17,17,17,1,0,0.352941176471,0.411764705882,0.235294117647,17,0.128676470588,1.90196078431,4.11764705882,3.18181818182,2.69230769231,1.57648156274,0.382859808093,0.201680672269,2.01465221053,0.978545359402,0.524369747899,1.74894926439,0.849489642704,0.463865546218,0.814492905316,0.428238537847,2.33333333333,1.90196078431,0.814492905316,2.33333333333,0,0,0,0,0.164242424242,17,17,17,1,0,0.352941176471,0.411764705882,0.235294117647,17,38,0.139705882353,2.13617647059,4.47058823529,3.16666666667,2.92307692308,1.69991349261,0.380243807557,0.19040247678,2.04723630062,0.915868871331,0.495356037152,1.92124346989,0.859503657582,0.467492260062,0.898017833571,0.420385602938,2.5,2.13617647059,0.898017833571,2.5,0.180065359477,0.0774193548387,4,0.00588235294118,0.164051226551,17,17,17,1,0,0.294117647059,0.470588235294,0.235294117647,1,0.00367647058824,0.253823529412,0.117647058824,-0.19696969697,0.0769230769231,0.00650064902221,-0.00878346732077,-0.00355618776671,-0.0514327453931,-0.0483844741355,-0.0229269517195,0.0425705966328,-0.00367036526551,-0.0030959752322,0.111820264479,0.002718144358,0.25,0.253823529412,0.111820264479,0.25,0.0137254901961,0.0161948650428,1,0.00147058823529,-0.0219011544012,-0.0588235294118,0.0588235294118,0,37,1,0,234,1,0.995744680851,0.00425531914894,0,0.973684210526,1,0.986666666667,0.984652666406,0.995744680851,0.973684210526,3,2,0,0,0,0
2206,WLNM_dir_neg,1,0.5,00:00:03,10,50,46,1983614919,threshold_sweep,0.1,1,1,1,2,0,0,4,1,1,0,0,1,1,1,1,0.555555555556,1,1,1,37,35,2,0,37,0,35,0,2,17,37,0.136029411765,1.88235294118,4.35294117647,3.36363636364,2.84615384615,1.69341284359,0.389027274878,0.193958664547,2.09866904602,0.964253345467,0.518282988871,1.87867287326,0.863174022847,0.470588235294,0.786197569093,0.41766745858,2.25,1.88235294118,0.786197569093,2.25,0.166339869281,0.0612244897959,3,0.00441176470588,0.185952380952,17,17,17,1,0,0.352941176471,0.411764705882,0.235294117647,17,0.128676470588,1.90196078431,4.11764705882,3.18181818182,2.69230769231,1.57648156274,0.382859808093,0.201680672269,2.01465221053,0.978545359402,0.524369747899,1.74894926439,0.849489642704,0.463865546218,0.814492905316,0.428238537847,2.33333333333,1.90196078431,0.814492905316,2.33333333333,0,0,0,0,0.164242424242,17,17,17,1,0,0.352941176471,0.411764705882,0.235294117647,17,37,0.136029411765,1.88235294118,4.35294117647,3.36363636364,2.84615384615,1.69341284359,0.389027274878,0.193958664547,2.09866904602,0.964253345467,0.518282988871,1.87867287326,0.863174022847,0.470588235294,0.786197569093,0.41766745858,2.25,1.88235294118,0.786197569093,2.25,0.166339869281,0.0612244897959,3,0.00441176470588,0.185952380952,17,17,17,1,0,0.352941176471,0.411764705882,0.235294117647,0,0,0,0,0,0,0,0,0,0,0,0,0,0,0,0,0,0,0,0,0,0,0,0,0,0,0,0,0,37,0,0,235,1,1,0,0,1,1,1,1,1,1,2,2,0,0,0,0
2207,WLNM_dir_neg,1,0.5,00:00:03,10,50,46,1983614919,threshold_sweep,0.2,1,1,1,2,0,0,4,1,1,0,0,1,1,1,1,0.555555555556,1,1,1,37,35,2,0,37,0,35,0,2,17,37,0.136029411765,1.88235294118,4.35294117647,3.36363636364,2.84615384615,1.69341284359,0.389027274878,0.193958664547,2.09866904602,0.964253345467,0.518282988871,1.87867287326,0.863174022847,0.470588235294,0.786197569093,0.41766745858,2.25,1.88235294118,0.786197569093,2.25,0.166339869281,0.0612244897959,3,0.00441176470588,0.185952380952,17,17,17,1,0,0.352941176471,0.411764705882,0.235294117647,17,0.128676470588,1.90196078431,4.11764705882,3.18181818182,2.69230769231,1.57648156274,0.382859808093,0.201680672269,2.01465221053,0.978545359402,0.524369747899,1.74894926439,0.849489642704,0.463865546218,0.814492905316,0.428238537847,2.33333333333,1.90196078431,0.814492905316,2.33333333333,0,0,0,0,0.164242424242,17,17,17,1,0,0.352941176471,0.411764705882,0.235294117647,17,37,0.136029411765,1.88235294118,4.35294117647,3.36363636364,2.84615384615,1.69341284359,0.389027274878,0.193958664547,2.09866904602,0.964253345467,0.518282988871,1.87867287326,0.863174022847,0.470588235294,0.786197569093,0.41766745858,2.25,1.88235294118,0.786197569093,2.25,0.166339869281,0.0612244897959,3,0.00441176470588,0.185952380952,17,17,17,1,0,0.352941176471,0.411764705882,0.235294117647,0,0,0,0,0,0,0,0,0,0,0,0,0,0,0,0,0,0,0,0,0,0,0,0,0,0,0,0,0,37,0,0,235,1,1,0,0,1,1,1,1,1,1,2,2,0,0,0,0
2208,WLNM_dir_neg,1,0.5,00:00:03,10,50,46,1983614919,threshold_sweep,0.3,1,1,1,2,0,0,4,1,1,0,0,1,1,1,1,0.555555555556,1,1,1,37,35,2,0,37,0,35,0,2,17,37,0.136029411765,1.88235294118,4.35294117647,3.36363636364,2.84615384615,1.69341284359,0.389027274878,0.193958664547,2.09866904602,0.964253345467,0.518282988871,1.87867287326,0.863174022847,0.470588235294,0.786197569093,0.41766745858,2.25,1.88235294118,0.786197569093,2.25,0.166339869281,0.0612244897959,3,0.00441176470588,0.185952380952,17,17,17,1,0,0.352941176471,0.411764705882,0.235294117647,17,0.128676470588,1.90196078431,4.11764705882,3.18181818182,2.69230769231,1.57648156274,0.382859808093,0.201680672269,2.01465221053,0.978545359402,0.524369747899,1.74894926439,0.849489642704,0.463865546218,0.814492905316,0.428238537847,2.33333333333,1.90196078431,0.814492905316,2.33333333333,0,0,0,0,0.164242424242,17,17,17,1,0,0.352941176471,0.411764705882,0.235294117647,17,37,0.136029411765,1.88235294118,4.35294117647,3.36363636364,2.84615384615,1.69341284359,0.389027274878,0.193958664547,2.09866904602,0.964253345467,0.518282988871,1.87867287326,0.863174022847,0.470588235294,0.786197569093,0.41766745858,2.25,1.88235294118,0.786197569093,2.25,0.166339869281,0.0612244897959,3,0.00441176470588,0.185952380952,17,17,17,1,0,0.352941176471,0.411764705882,0.235294117647,0,0,0,0,0,0,0,0,0,0,0,0,0,0,0,0,0,0,0,0,0,0,0,0,0,0,0,0,0,37,0,0,235,1,1,0,0,1,1,1,1,1,1,2,2,0,0,0,0
2209,WLNM_dir_neg,1,0.5,00:00:03,10,50,46,1983614919,threshold_sweep,0.4,1,1,1,2,0,0,4,1,1,0,0,1,1,1,1,0.555555555556,1,1,1,37,35,2,0,37,0,35,0,2,17,37,0.136029411765,1.88235294118,4.35294117647,3.36363636364,2.84615384615,1.69341284359,0.389027274878,0.193958664547,2.09866904602,0.964253345467,0.518282988871,1.87867287326,0.863174022847,0.470588235294,0.786197569093,0.41766745858,2.25,1.88235294118,0.786197569093,2.25,0.166339869281,0.0612244897959,3,0.00441176470588,0.185952380952,17,17,17,1,0,0.352941176471,0.411764705882,0.235294117647,17,0.128676470588,1.90196078431,4.11764705882,3.18181818182,2.69230769231,1.57648156274,0.382859808093,0.201680672269,2.01465221053,0.978545359402,0.524369747899,1.74894926439,0.849489642704,0.463865546218,0.814492905316,0.428238537847,2.33333333333,1.90196078431,0.814492905316,2.33333333333,0,0,0,0,0.164242424242,17,17,17,1,0,0.352941176471,0.411764705882,0.235294117647,17,37,0.136029411765,1.88235294118,4.35294117647,3.36363636364,2.84615384615,1.69341284359,0.389027274878,0.193958664547,2.09866904602,0.964253345467,0.518282988871,1.87867287326,0.863174022847,0.470588235294,0.786197569093,0.41766745858,2.25,1.88235294118,0.786197569093,2.25,0.166339869281,0.0612244897959,3,0.00441176470588,0.185952380952,17,17,17,1,0,0.352941176471,0.411764705882,0.235294117647,0,0,0,0,0,0,0,0,0,0,0,0,0,0,0,0,0,0,0,0,0,0,0,0,0,0,0,0,0,37,0,0,235,1,1,0,0,1,1,1,1,1,1,2,2,0,0,0,0
2210,WLNM_dir_neg,1,0.5,00:00:03,10,50,46,1983614919,threshold_sweep,0.5,1,1,1,2,0,0,4,1,1,0,0,1,1,1,1,0.555555555556,1,1,1,37,35,2,0,37,0,35,0,2,17,37,0.136029411765,1.88235294118,4.35294117647,3.36363636364,2.84615384615,1.69341284359,0.389027274878,0.193958664547,2.09866904602,0.964253345467,0.518282988871,1.87867287326,0.863174022847,0.470588235294,0.786197569093,0.41766745858,2.25,1.88235294118,0.786197569093,2.25,0.166339869281,0.0612244897959,3,0.00441176470588,0.185952380952,17,17,17,1,0,0.352941176471,0.411764705882,0.235294117647,17,0.128676470588,1.90196078431,4.11764705882,3.18181818182,2.69230769231,1.57648156274,0.382859808093,0.201680672269,2.01465221053,0.978545359402,0.524369747899,1.74894926439,0.849489642704,0.463865546218,0.814492905316,0.428238537847,2.33333333333,1.90196078431,0.814492905316,2.33333333333,0,0,0,0,0.164242424242,17,17,17,1,0,0.352941176471,0.411764705882,0.235294117647,17,37,0.136029411765,1.88235294118,4.35294117647,3.36363636364,2.84615384615,1.69341284359,0.389027274878,0.193958664547,2.09866904602,0.964253345467,0.518282988871,1.87867287326,0.863174022847,0.470588235294,0.786197569093,0.41766745858,2.25,1.88235294118,0.786197569093,2.25,0.166339869281,0.0612244897959,3,0.00441176470588,0.185952380952,17,17,17,1,0,0.352941176471,0.411764705882,0.235294117647,0,0,0,0,0,0,0,0,0,0,0,0,0,0,0,0,0,0,0,0,0,0,0,0,0,0,0,0,0,37,0,0,235,1,1,0,0,1,1,1,1,1,1,2,2,0,0,0,0
2211,WLNM_dir_neg,1,0.5,00:00:03,10,50,46,1983614919,threshold_sweep,0.6,1,1,1,2,0,0,4,1,1,0,0,1,1,1,1,0.555555555556,1,1,1,37,35,2,0,37,0,35,0,2,17,37,0.136029411765,1.88235294118,4.35294117647,3.36363636364,2.84615384615,1.69341284359,0.389027274878,0.193958664547,2.09866904602,0.964253345467,0.518282988871,1.87867287326,0.863174022847,0.470588235294,0.786197569093,0.41766745858,2.25,1.88235294118,0.786197569093,2.25,0.166339869281,0.0612244897959,3,0.00441176470588,0.185952380952,17,17,17,1,0,0.352941176471,0.411764705882,0.235294117647,17,0.128676470588,1.90196078431,4.11764705882,3.18181818182,2.69230769231,1.57648156274,0.382859808093,0.201680672269,2.01465221053,0.978545359402,0.524369747899,1.74894926439,0.849489642704,0.463865546218,0.814492905316,0.428238537847,2.33333333333,1.90196078431,0.814492905316,2.33333333333,0,0,0,0,0.164242424242,17,17,17,1,0,0.352941176471,0.411764705882,0.235294117647,17,37,0.136029411765,1.88235294118,4.35294117647,3.36363636364,2.84615384615,1.69341284359,0.389027274878,0.193958664547,2.09866904602,0.964253345467,0.518282988871,1.87867287326,0.863174022847,0.470588235294,0.786197569093,0.41766745858,2.25,1.88235294118,0.786197569093,2.25,0.166339869281,0.0612244897959,3,0.00441176470588,0.185952380952,17,17,17,1,0,0.352941176471,0.411764705882,0.235294117647,0,0,0,0,0,0,0,0,0,0,0,0,0,0,0,0,0,0,0,0,0,0,0,0,0,0,0,0,0,37,0,0,235,1,1,0,0,1,1,1,1,1,1,2,2,0,0,0,0
2212,WLNM_dir_neg,1,0.5,00:00:03,10,50,46,1983614919,threshold_sweep,0.7,1,1,1,2,0,0,4,1,1,0,0,1,1,1,1,0.555555555556,1,1,1,37,35,2,0,37,0,35,0,2,17,37,0.136029411765,1.88235294118,4.35294117647,3.36363636364,2.84615384615,1.69341284359,0.389027274878,0.193958664547,2.09866904602,0.964253345467,0.518282988871,1.87867287326,0.863174022847,0.470588235294,0.786197569093,0.41766745858,2.25,1.88235294118,0.786197569093,2.25,0.166339869281,0.0612244897959,3,0.00441176470588,0.185952380952,17,17,17,1,0,0.352941176471,0.411764705882,0.235294117647,17,0.128676470588,1.90196078431,4.11764705882,3.18181818182,2.69230769231,1.57648156274,0.382859808093,0.201680672269,2.01465221053,0.978545359402,0.524369747899,1.74894926439,0.849489642704,0.463865546218,0.814492905316,0.428238537847,2.33333333333,1.90196078431,0.814492905316,2.33333333333,0,0,0,0,0.164242424242,17,17,17,1,0,0.352941176471,0.411764705882,0.235294117647,17,37,0.136029411765,1.88235294118,4.35294117647,3.36363636364,2.84615384615,1.69341284359,0.389027274878,0.193958664547,2.09866904602,0.964253345467,0.518282988871,1.87867287326,0.863174022847,0.470588235294,0.786197569093,0.41766745858,2.25,1.88235294118,0.786197569093,2.25,0.166339869281,0.0612244897959,3,0.00441176470588,0.185952380952,17,17,17,1,0,0.352941176471,0.411764705882,0.235294117647,0,0,0,0,0,0,0,0,0,0,0,0,0,0,0,0,0,0,0,0,0,0,0,0,0,0,0,0,0,37,0,0,235,1,1,0,0,1,1,1,1,1,1,2,2,0,0,0,0
2213,WLNM_dir_neg,1,0.5,00:00:03,10,50,46,1983614919,threshold_sweep,0.8,1,1,1,2,0,0,4,1,1,0,0,1,1,1,1,0.555555555556,1,1,1,37,35,2,0,37,0,35,0,2,17,37,0.136029411765,1.88235294118,4.35294117647,3.36363636364,2.84615384615,1.69341284359,0.389027274878,0.193958664547,2.09866904602,0.964253345467,0.518282988871,1.87867287326,0.863174022847,0.470588235294,0.786197569093,0.41766745858,2.25,1.88235294118,0.786197569093,2.25,0.166339869281,0.0612244897959,3,0.00441176470588,0.185952380952,17,17,17,1,0,0.352941176471,0.411764705882,0.235294117647,17,0.128676470588,1.90196078431,4.11764705882,3.18181818182,2.69230769231,1.57648156274,0.382859808093,0.201680672269,2.01465221053,0.978545359402,0.524369747899,1.74894926439,0.849489642704,0.463865546218,0.814492905316,0.428238537847,2.33333333333,1.90196078431,0.814492905316,2.33333333333,0,0,0,0,0.164242424242,17,17,17,1,0,0.352941176471,0.411764705882,0.235294117647,17,37,0.136029411765,1.88235294118,4.35294117647,3.36363636364,2.84615384615,1.69341284359,0.389027274878,0.193958664547,2.09866904602,0.964253345467,0.518282988871,1.87867287326,0.863174022847,0.470588235294,0.786197569093,0.41766745858,2.25,1.88235294118,0.786197569093,2.25,0.166339869281,0.0612244897959,3,0.00441176470588,0.185952380952,17,17,17,1,0,0.352941176471,0.411764705882,0.235294117647,0,0,0,0,0,0,0,0,0,0,0,0,0,0,0,0,0,0,0,0,0,0,0,0,0,0,0,0,0,37,0,0,235,1,1,0,0,1,1,1,1,1,1,2,2,0,0,0,0
2214,WLNM_dir_neg,1,0.5,00:00:03,10,50,46,1983614919,threshold_sweep,0.9,1,1,1,2,0,0,4,1,1,0,0,1,1,1,1,0.555555555556,1,1,1,37,35,2,0,37,0,35,0,2,17,37,0.136029411765,1.88235294118,4.35294117647,3.36363636364,2.84615384615,1.69341284359,0.389027274878,0.193958664547,2.09866904602,0.964253345467,0.518282988871,1.87867287326,0.863174022847,0.470588235294,0.786197569093,0.41766745858,2.25,1.88235294118,0.786197569093,2.25,0.166339869281,0.0612244897959,3,0.00441176470588,0.185952380952,17,17,17,1,0,0.352941176471,0.411764705882,0.235294117647,17,0.128676470588,1.90196078431,4.11764705882,3.18181818182,2.69230769231,1.57648156274,0.382859808093,0.201680672269,2.01465221053,0.978545359402,0.524369747899,1.74894926439,0.849489642704,0.463865546218,0.814492905316,0.428238537847,2.33333333333,1.90196078431,0.814492905316,2.33333333333,0,0,0,0,0.164242424242,17,17,17,1,0,0.352941176471,0.411764705882,0.235294117647,17,37,0.136029411765,1.88235294118,4.35294117647,3.36363636364,2.84615384615,1.69341284359,0.389027274878,0.193958664547,2.09866904602,0.964253345467,0.518282988871,1.87867287326,0.863174022847,0.470588235294,0.786197569093,0.41766745858,2.25,1.88235294118,0.786197569093,2.25,0.166339869281,0.0612244897959,3,0.00441176470588,0.185952380952,17,17,17,1,0,0.352941176471,0.411764705882,0.235294117647,0,0,0,0,0,0,0,0,0,0,0,0,0,0,0,0,0,0,0,0,0,0,0,0,0,0,0,0,0,37,0,0,235,1,1,0,0,1,1,1,1,1,1,2,2,0,0,0,0
2215,WLNM_dir_neg,1,0.5,00:00:02,10,50,47,1983614920,threshold_sweep,0.1,0.666666666667,1,0.8,2,1,0,3,1,0.75,0.25,0,0.666666666667,1,0.8,0.833333333333,0.5,0.666666666667,0.707106781187,0.75,37,35,2,0,37,0,35,0,2,17,37,0.136029411765,1.88235294118,4.35294117647,3.36363636364,2.84615384615,1.69341284359,0.389027274878,0.193958664547,2.09866904602,0.964253345467,0.518282988871,1.87867287326,0.863174022847,0.470588235294,0.786197569093,0.41766745858,2.25,1.88235294118,0.786197569093,2.25,0.166339869281,0.0612244897959,3,0.00441176470588,0.185952380952,17,17,17,1,0,0.352941176471,0.411764705882,0.235294117647,17,0.128676470588,1.90196078431,4.11764705882,3.18181818182,2.69230769231,1.57648156274,0.382859808093,0.201680672269,2.01465221053,0.978545359402,0.524369747899,1.74894926439,0.849489642704,0.463865546218,0.814492905316,0.428238537847,2.33333333333,1.90196078431,0.814492905316,2.33333333333,0,0,0,0,0.164242424242,17,17,17,1,0,0.352941176471,0.411764705882,0.235294117647,17,38,0.139705882353,1.87941176471,4.47058823529,3.45454545455,2.71428571429,1.73629084037,0.388380845872,0.198142414861,2.16591238756,0.968960804961,0.517027863777,1.82103719638,0.814674535221,0.442724458204,0.780836655359,0.415468642914,2.2,1.87941176471,0.780836655359,2.2,0.162418300654,0.0576923076923,3,0.00441176470588,0.182878787879,17,17,17,1,0,0.352941176471,0.470588235294,0.176470588235,1,0.00367647058824,-0.00294117647059,0.117647058824,0.0909090909091,-0.131868131868,0.0428779967836,-0.000646429005719,0.00418375031378,0.0672433415445,0.00470745949447,-0.00125512509413,-0.0576356768785,-0.0484994876259,-0.0278637770898,-0.00536091373311,-0.00219881566616,-0.05,-0.00294117647059,-0.00536091373311,-0.05,-0.00392156862745,-0.00353218210361,0,0,-0.00307359307359,0,0.0588235294118,-0.0588235294118,37,1,0,234,1,0.995744680851,0.00425531914894,0,0.973684210526,1,0.986666666667,0.984652666406,0.995744680851,0.973684210526,3,2,0,0,0,0
2216,WLNM_dir_neg,1,0.5,00:00:02,10,50,47,1983614920,threshold_sweep,0.2,0.666666666667,1,0.8,2,1,0,3,1,0.75,0.25,0,0.666666666667,1,0.8,0.833333333333,0.5,0.666666666667,0.707106781187,0.75,37,35,2,0,37,0,35,0,2,17,37,0.136029411765,1.88235294118,4.35294117647,3.36363636364,2.84615384615,1.69341284359,0.389027274878,0.193958664547,2.09866904602,0.964253345467,0.518282988871,1.87867287326,0.863174022847,0.470588235294,0.786197569093,0.41766745858,2.25,1.88235294118,0.786197569093,2.25,0.166339869281,0.0612244897959,3,0.00441176470588,0.185952380952,17,17,17,1,0,0.352941176471,0.411764705882,0.235294117647,17,0.128676470588,1.90196078431,4.11764705882,3.18181818182,2.69230769231,1.57648156274,0.382859808093,0.201680672269,2.01465221053,0.978545359402,0.524369747899,1.74894926439,0.849489642704,0.463865546218,0.814492905316,0.428238537847,2.33333333333,1.90196078431,0.814492905316,2.33333333333,0,0,0,0,0.164242424242,17,17,17,1,0,0.352941176471,0.411764705882,0.235294117647,17,38,0.139705882353,1.87941176471,4.47058823529,3.45454545455,2.71428571429,1.73629084037,0.388380845872,0.198142414861,2.16591238756,0.968960804961,0.517027863777,1.82103719638,0.814674535221,0.442724458204,0.780836655359,0.415468642914,2.2,1.87941176471,0.780836655359,2.2,0.162418300654,0.0576923076923,3,0.00441176470588,0.182878787879,17,17,17,1,0,0.352941176471,0.470588235294,0.176470588235,1,0.00367647058824,-0.00294117647059,0.117647058824,0.0909090909091,-0.131868131868,0.0428779967836,-0.000646429005719,0.00418375031378,0.0672433415445,0.00470745949447,-0.00125512509413,-0.0576356768785,-0.0484994876259,-0.0278637770898,-0.00536091373311,-0.00219881566616,-0.05,-0.00294117647059,-0.00536091373311,-0.05,-0.00392156862745,-0.00353218210361,0,0,-0.00307359307359,0,0.0588235294118,-0.0588235294118,37,1,0,234,1,0.995744680851,0.00425531914894,0,0.973684210526,1,0.986666666667,0.984652666406,0.995744680851,0.973684210526,3,2,0,0,0,0
2217,WLNM_dir_neg,1,0.5,00:00:02,10,50,47,1983614920,threshold_sweep,0.3,0.666666666667,1,0.8,2,1,0,3,1,0.75,0.25,0,0.666666666667,1,0.8,0.833333333333,0.5,0.666666666667,0.707106781187,0.75,37,35,2,0,37,0,35,0,2,17,37,0.136029411765,1.88235294118,4.35294117647,3.36363636364,2.84615384615,1.69341284359,0.389027274878,0.193958664547,2.09866904602,0.964253345467,0.518282988871,1.87867287326,0.863174022847,0.470588235294,0.786197569093,0.41766745858,2.25,1.88235294118,0.786197569093,2.25,0.166339869281,0.0612244897959,3,0.00441176470588,0.185952380952,17,17,17,1,0,0.352941176471,0.411764705882,0.235294117647,17,0.128676470588,1.90196078431,4.11764705882,3.18181818182,2.69230769231,1.57648156274,0.382859808093,0.201680672269,2.01465221053,0.978545359402,0.524369747899,1.74894926439,0.849489642704,0.463865546218,0.814492905316,0.428238537847,2.33333333333,1.90196078431,0.814492905316,2.33333333333,0,0,0,0,0.164242424242,17,17,17,1,0,0.352941176471,0.411764705882,0.235294117647,17,38,0.139705882353,1.87941176471,4.47058823529,3.45454545455,2.71428571429,1.73629084037,0.388380845872,0.198142414861,2.16591238756,0.968960804961,0.517027863777,1.82103719638,0.814674535221,0.442724458204,0.780836655359,0.415468642914,2.2,1.87941176471,0.780836655359,2.2,0.162418300654,0.0576923076923,3,0.00441176470588,0.182878787879,17,17,17,1,0,0.352941176471,0.470588235294,0.176470588235,1,0.00367647058824,-0.00294117647059,0.117647058824,0.0909090909091,-0.131868131868,0.0428779967836,-0.000646429005719,0.00418375031378,0.0672433415445,0.00470745949447,-0.00125512509413,-0.0576356768785,-0.0484994876259,-0.0278637770898,-0.00536091373311,-0.00219881566616,-0.05,-0.00294117647059,-0.00536091373311,-0.05,-0.00392156862745,-0.00353218210361,0,0,-0.00307359307359,0,0.0588235294118,-0.0588235294118,37,1,0,234,1,0.995744680851,0.00425531914894,0,0.973684210526,1,0.986666666667,0.984652666406,0.995744680851,0.973684210526,3,2,0,0,0,0
2218,WLNM_dir_neg,1,0.5,00:00:02,10,50,47,1983614920,threshold_sweep,0.4,0.666666666667,1,0.8,2,1,0,3,1,0.75,0.25,0,0.666666666667,1,0.8,0.833333333333,0.5,0.666666666667,0.707106781187,0.75,37,35,2,0,37,0,35,0,2,17,37,0.136029411765,1.88235294118,4.35294117647,3.36363636364,2.84615384615,1.69341284359,0.389027274878,0.193958664547,2.09866904602,0.964253345467,0.518282988871,1.87867287326,0.863174022847,0.470588235294,0.786197569093,0.41766745858,2.25,1.88235294118,0.786197569093,2.25,0.166339869281,0.0612244897959,3,0.00441176470588,0.185952380952,17,17,17,1,0,0.352941176471,0.411764705882,0.235294117647,17,0.128676470588,1.90196078431,4.11764705882,3.18181818182,2.69230769231,1.57648156274,0.382859808093,0.201680672269,2.01465221053,0.978545359402,0.524369747899,1.74894926439,0.849489642704,0.463865546218,0.814492905316,0.428238537847,2.33333333333,1.90196078431,0.814492905316,2.33333333333,0,0,0,0,0.164242424242,17,17,17,1,0,0.352941176471,0.411764705882,0.235294117647,17,38,0.139705882353,1.87941176471,4.47058823529,3.45454545455,2.71428571429,1.73629084037,0.388380845872,0.198142414861,2.16591238756,0.968960804961,0.517027863777,1.82103719638,0.814674535221,0.442724458204,0.780836655359,0.415468642914,2.2,1.87941176471,0.780836655359,2.2,0.162418300654,0.0576923076923,3,0.00441176470588,0.182878787879,17,17,17,1,0,0.352941176471,0.470588235294,0.176470588235,1,0.00367647058824,-0.00294117647059,0.117647058824,0.0909090909091,-0.131868131868,0.0428779967836,-0.000646429005719,0.00418375031378,0.0672433415445,0.00470745949447,-0.00125512509413,-0.0576356768785,-0.0484994876259,-0.0278637770898,-0.00536091373311,-0.00219881566616,-0.05,-0.00294117647059,-0.00536091373311,-0.05,-0.00392156862745,-0.00353218210361,0,0,-0.00307359307359,0,0.0588235294118,-0.0588235294118,37,1,0,234,1,0.995744680851,0.00425531914894,0,0.973684210526,1,0.986666666667,0.984652666406,0.995744680851,0.973684210526,3,2,0,0,0,0
2219,WLNM_dir_neg,1,0.5,00:00:02,10,50,47,1983614920,threshold_sweep,0.5,0.666666666667,1,0.8,2,1,0,3,1,0.75,0.25,0,0.666666666667,1,0.8,0.833333333333,0.5,0.666666666667,0.707106781187,0.75,37,35,2,0,37,0,35,0,2,17,37,0.136029411765,1.88235294118,4.35294117647,3.36363636364,2.84615384615,1.69341284359,0.389027274878,0.193958664547,2.09866904602,0.964253345467,0.518282988871,1.87867287326,0.863174022847,0.470588235294,0.786197569093,0.41766745858,2.25,1.88235294118,0.786197569093,2.25,0.166339869281,0.0612244897959,3,0.00441176470588,0.185952380952,17,17,17,1,0,0.352941176471,0.411764705882,0.235294117647,17,0.128676470588,1.90196078431,4.11764705882,3.18181818182,2.69230769231,1.57648156274,0.382859808093,0.201680672269,2.01465221053,0.978545359402,0.524369747899,1.74894926439,0.849489642704,0.463865546218,0.814492905316,0.428238537847,2.33333333333,1.90196078431,0.814492905316,2.33333333333,0,0,0,0,0.164242424242,17,17,17,1,0,0.352941176471,0.411764705882,0.235294117647,17,38,0.139705882353,1.87941176471,4.47058823529,3.45454545455,2.71428571429,1.73629084037,0.388380845872,0.198142414861,2.16591238756,0.968960804961,0.517027863777,1.82103719638,0.814674535221,0.442724458204,0.780836655359,0.415468642914,2.2,1.87941176471,0.780836655359,2.2,0.162418300654,0.0576923076923,3,0.00441176470588,0.182878787879,17,17,17,1,0,0.352941176471,0.470588235294,0.176470588235,1,0.00367647058824,-0.00294117647059,0.117647058824,0.0909090909091,-0.131868131868,0.0428779967836,-0.000646429005719,0.00418375031378,0.0672433415445,0.00470745949447,-0.00125512509413,-0.0576356768785,-0.0484994876259,-0.0278637770898,-0.00536091373311,-0.00219881566616,-0.05,-0.00294117647059,-0.00536091373311,-0.05,-0.00392156862745,-0.00353218210361,0,0,-0.00307359307359,0,0.0588235294118,-0.0588235294118,37,1,0,234,1,0.995744680851,0.00425531914894,0,0.973684210526,1,0.986666666667,0.984652666406,0.995744680851,0.973684210526,3,2,0,0,0,0
2220,WLNM_dir_neg,1,0.5,00:00:02,10,50,47,1983614920,threshold_sweep,0.6,0.666666666667,1,0.8,2,1,0,3,1,0.75,0.25,0,0.666666666667,1,0.8,0.833333333333,0.5,0.666666666667,0.707106781187,0.75,37,35,2,0,37,0,35,0,2,17,37,0.136029411765,1.88235294118,4.35294117647,3.36363636364,2.84615384615,1.69341284359,0.389027274878,0.193958664547,2.09866904602,0.964253345467,0.518282988871,1.87867287326,0.863174022847,0.470588235294,0.786197569093,0.41766745858,2.25,1.88235294118,0.786197569093,2.25,0.166339869281,0.0612244897959,3,0.00441176470588,0.185952380952,17,17,17,1,0,0.352941176471,0.411764705882,0.235294117647,17,0.128676470588,1.90196078431,4.11764705882,3.18181818182,2.69230769231,1.57648156274,0.382859808093,0.201680672269,2.01465221053,0.978545359402,0.524369747899,1.74894926439,0.849489642704,0.463865546218,0.814492905316,0.428238537847,2.33333333333,1.90196078431,0.814492905316,2.33333333333,0,0,0,0,0.164242424242,17,17,17,1,0,0.352941176471,0.411764705882,0.235294117647,17,38,0.139705882353,1.87941176471,4.47058823529,3.45454545455,2.71428571429,1.73629084037,0.388380845872,0.198142414861,2.16591238756,0.968960804961,0.517027863777,1.82103719638,0.814674535221,0.442724458204,0.780836655359,0.415468642914,2.2,1.87941176471,0.780836655359,2.2,0.162418300654,0.0576923076923,3,0.00441176470588,0.182878787879,17,17,17,1,0,0.352941176471,0.470588235294,0.176470588235,1,0.00367647058824,-0.00294117647059,0.117647058824,0.0909090909091,-0.131868131868,0.0428779967836,-0.000646429005719,0.00418375031378,0.0672433415445,0.00470745949447,-0.00125512509413,-0.0576356768785,-0.0484994876259,-0.0278637770898,-0.00536091373311,-0.00219881566616,-0.05,-0.00294117647059,-0.00536091373311,-0.05,-0.00392156862745,-0.00353218210361,0,0,-0.00307359307359,0,0.0588235294118,-0.0588235294118,37,1,0,234,1,0.995744680851,0.00425531914894,0,0.973684210526,1,0.986666666667,0.984652666406,0.995744680851,0.973684210526,3,2,0,0,0,0
2221,WLNM_dir_neg,1,0.5,00:00:02,10,50,47,1983614920,threshold_sweep,0.7,0.666666666667,1,0.8,2,1,0,3,1,0.75,0.25,0,0.666666666667,1,0.8,0.833333333333,0.5,0.666666666667,0.707106781187,0.75,37,35,2,0,37,0,35,0,2,17,37,0.136029411765,1.88235294118,4.35294117647,3.36363636364,2.84615384615,1.69341284359,0.389027274878,0.193958664547,2.09866904602,0.964253345467,0.518282988871,1.87867287326,0.863174022847,0.470588235294,0.786197569093,0.41766745858,2.25,1.88235294118,0.786197569093,2.25,0.166339869281,0.0612244897959,3,0.00441176470588,0.185952380952,17,17,17,1,0,0.352941176471,0.411764705882,0.235294117647,17,0.128676470588,1.90196078431,4.11764705882,3.18181818182,2.69230769231,1.57648156274,0.382859808093,0.201680672269,2.01465221053,0.978545359402,0.524369747899,1.74894926439,0.849489642704,0.463865546218,0.814492905316,0.428238537847,2.33333333333,1.90196078431,0.814492905316,2.33333333333,0,0,0,0,0.164242424242,17,17,17,1,0,0.352941176471,0.411764705882,0.235294117647,17,38,0.139705882353,1.87941176471,4.47058823529,3.45454545455,2.71428571429,1.73629084037,0.388380845872,0.198142414861,2.16591238756,0.968960804961,0.517027863777,1.82103719638,0.814674535221,0.442724458204,0.780836655359,0.415468642914,2.2,1.87941176471,0.780836655359,2.2,0.162418300654,0.0576923076923,3,0.00441176470588,0.182878787879,17,17,17,1,0,0.352941176471,0.470588235294,0.176470588235,1,0.00367647058824,-0.00294117647059,0.117647058824,0.0909090909091,-0.131868131868,0.0428779967836,-0.000646429005719,0.00418375031378,0.0672433415445,0.00470745949447,-0.00125512509413,-0.0576356768785,-0.0484994876259,-0.0278637770898,-0.00536091373311,-0.00219881566616,-0.05,-0.00294117647059,-0.00536091373311,-0.05,-0.00392156862745,-0.00353218210361,0,0,-0.00307359307359,0,0.0588235294118,-0.0588235294118,37,1,0,234,1,0.995744680851,0.00425531914894,0,0.973684210526,1,0.986666666667,0.984652666406,0.995744680851,0.973684210526,3,2,0,0,0,0
2222,WLNM_dir_neg,1,0.5,00:00:02,10,50,47,1983614920,threshold_sweep,0.8,0.666666666667,1,0.8,2,1,0,3,1,0.75,0.25,0,0.666666666667,1,0.8,0.833333333333,0.5,0.666666666667,0.707106781187,0.75,37,35,2,0,37,0,35,0,2,17,37,0.136029411765,1.88235294118,4.35294117647,3.36363636364,2.84615384615,1.69341284359,0.389027274878,0.193958664547,2.09866904602,0.964253345467,0.518282988871,1.87867287326,0.863174022847,0.470588235294,0.786197569093,0.41766745858,2.25,1.88235294118,0.786197569093,2.25,0.166339869281,0.0612244897959,3,0.00441176470588,0.185952380952,17,17,17,1,0,0.352941176471,0.411764705882,0.235294117647,17,0.128676470588,1.90196078431,4.11764705882,3.18181818182,2.69230769231,1.57648156274,0.382859808093,0.201680672269,2.01465221053,0.978545359402,0.524369747899,1.74894926439,0.849489642704,0.463865546218,0.814492905316,0.428238537847,2.33333333333,1.90196078431,0.814492905316,2.33333333333,0,0,0,0,0.164242424242,17,17,17,1,0,0.352941176471,0.411764705882,0.235294117647,17,38,0.139705882353,1.87941176471,4.47058823529,3.45454545455,2.71428571429,1.73629084037,0.388380845872,0.198142414861,2.16591238756,0.968960804961,0.517027863777,1.82103719638,0.814674535221,0.442724458204,0.780836655359,0.415468642914,2.2,1.87941176471,0.780836655359,2.2,0.162418300654,0.0576923076923,3,0.00441176470588,0.182878787879,17,17,17,1,0,0.352941176471,0.470588235294,0.176470588235,1,0.00367647058824,-0.00294117647059,0.117647058824,0.0909090909091,-0.131868131868,0.0428779967836,-0.000646429005719,0.00418375031378,0.0672433415445,0.00470745949447,-0.00125512509413,-0.0576356768785,-0.0484994876259,-0.0278637770898,-0.00536091373311,-0.00219881566616,-0.05,-0.00294117647059,-0.00536091373311,-0.05,-0.00392156862745,-0.00353218210361,0,0,-0.00307359307359,0,0.0588235294118,-0.0588235294118,37,1,0,234,1,0.995744680851,0.00425531914894,0,0.973684210526,1,0.986666666667,0.984652666406,0.995744680851,0.973684210526,3,2,0,0,0,0
2223,WLNM_dir_neg,1,0.5,00:00:02,10,50,47,1983614920,threshold_sweep,0.9,0.666666666667,1,0.8,2,1,0,3,1,0.75,0.25,0,0.666666666667,1,0.8,0.833333333333,0.5,0.666666666667,0.707106781187,0.75,37,35,2,0,37,0,35,0,2,17,37,0.136029411765,1.88235294118,4.35294117647,3.36363636364,2.84615384615,1.69341284359,0.389027274878,0.193958664547,2.09866904602,0.964253345467,0.518282988871,1.87867287326,0.863174022847,0.470588235294,0.786197569093,0.41766745858,2.25,1.88235294118,0.786197569093,2.25,0.166339869281,0.0612244897959,3,0.00441176470588,0.185952380952,17,17,17,1,0,0.352941176471,0.411764705882,0.235294117647,17,0.128676470588,1.90196078431,4.11764705882,3.18181818182,2.69230769231,1.57648156274,0.382859808093,0.201680672269,2.01465221053,0.978545359402,0.524369747899,1.74894926439,0.849489642704,0.463865546218,0.814492905316,0.428238537847,2.33333333333,1.90196078431,0.814492905316,2.33333333333,0,0,0,0,0.164242424242,17,17,17,1,0,0.352941176471,0.411764705882,0.235294117647,17,38,0.139705882353,1.87941176471,4.47058823529,3.45454545455,2.71428571429,1.73629084037,0.388380845872,0.198142414861,2.16591238756,0.968960804961,0.517027863777,1.82103719638,0.814674535221,0.442724458204,0.780836655359,0.415468642914,2.2,1.87941176471,0.780836655359,2.2,0.162418300654,0.0576923076923,3,0.00441176470588,0.182878787879,17,17,17,1,0,0.352941176471,0.470588235294,0.176470588235,1,0.00367647058824,-0.00294117647059,0.117647058824,0.0909090909091,-0.131868131868,0.0428779967836,-0.000646429005719,0.00418375031378,0.0672433415445,0.00470745949447,-0.00125512509413,-0.0576356768785,-0.0484994876259,-0.0278637770898,-0.00536091373311,-0.00219881566616,-0.05,-0.00294117647059,-0.00536091373311,-0.05,-0.00392156862745,-0.00353218210361,0,0,-0.00307359307359,0,0.0588235294118,-0.0588235294118,37,1,0,234,1,0.995744680851,0.00425531914894,0,0.973684210526,1,0.986666666667,0.984652666406,0.995744680851,0.973684210526,3,2,0,0,0,0
2224,WLNM_dir_neg,1,0.5,00:00:01,10,50,48,1983614921,threshold_sweep,0.1,1,1,1,2,0,0,4,1,1,0,0,1,1,1,1,0.555555555556,1,1,1,37,35,2,0,37,0,35,0,2,17,37,0.136029411765,1.88235294118,4.35294117647,3.36363636364,2.84615384615,1.69341284359,0.389027274878,0.193958664547,2.09866904602,0.964253345467,0.518282988871,1.87867287326,0.863174022847,0.470588235294,0.786197569093,0.41766745858,2.25,1.88235294118,0.786197569093,2.25,0.166339869281,0.0612244897959,3,0.00441176470588,0.185952380952,17,17,17,1,0,0.352941176471,0.411764705882,0.235294117647,17,0.128676470588,1.90196078431,4.11764705882,3.18181818182,2.69230769231,1.57648156274,0.382859808093,0.201680672269,2.01465221053,0.978545359402,0.524369747899,1.74894926439,0.849489642704,0.463865546218,0.814492905316,0.428238537847,2.33333333333,1.90196078431,0.814492905316,2.33333333333,0,0,0,0,0.164242424242,17,17,17,1,0,0.352941176471,0.411764705882,0.235294117647,17,37,0.136029411765,1.88235294118,4.35294117647,3.36363636364,2.84615384615,1.69341284359,0.389027274878,0.193958664547,2.09866904602,0.964253345467,0.518282988871,1.87867287326,0.863174022847,0.470588235294,0.786197569093,0.41766745858,2.25,1.88235294118,0.786197569093,2.25,0.166339869281,0.0612244897959,3,0.00441176470588,0.185952380952,17,17,17,1,0,0.352941176471,0.411764705882,0.235294117647,0,0,0,0,0,0,0,0,0,0,0,0,0,0,0,0,0,0,0,0,0,0,0,0,0,0,0,0,0,37,0,0,235,1,1,0,0,1,1,1,1,1,1,2,2,0,0,0,0
2225,WLNM_dir_neg,1,0.5,00:00:01,10,50,48,1983614921,threshold_sweep,0.2,1,1,1,2,0,0,4,1,1,0,0,1,1,1,1,0.555555555556,1,1,1,37,35,2,0,37,0,35,0,2,17,37,0.136029411765,1.88235294118,4.35294117647,3.36363636364,2.84615384615,1.69341284359,0.389027274878,0.193958664547,2.09866904602,0.964253345467,0.518282988871,1.87867287326,0.863174022847,0.470588235294,0.786197569093,0.41766745858,2.25,1.88235294118,0.786197569093,2.25,0.166339869281,0.0612244897959,3,0.00441176470588,0.185952380952,17,17,17,1,0,0.352941176471,0.411764705882,0.235294117647,17,0.128676470588,1.90196078431,4.11764705882,3.18181818182,2.69230769231,1.57648156274,0.382859808093,0.201680672269,2.01465221053,0.978545359402,0.524369747899,1.74894926439,0.849489642704,0.463865546218,0.814492905316,0.428238537847,2.33333333333,1.90196078431,0.814492905316,2.33333333333,0,0,0,0,0.164242424242,17,17,17,1,0,0.352941176471,0.411764705882,0.235294117647,17,37,0.136029411765,1.88235294118,4.35294117647,3.36363636364,2.84615384615,1.69341284359,0.389027274878,0.193958664547,2.09866904602,0.964253345467,0.518282988871,1.87867287326,0.863174022847,0.470588235294,0.786197569093,0.41766745858,2.25,1.88235294118,0.786197569093,2.25,0.166339869281,0.0612244897959,3,0.00441176470588,0.185952380952,17,17,17,1,0,0.352941176471,0.411764705882,0.235294117647,0,0,0,0,0,0,0,0,0,0,0,0,0,0,0,0,0,0,0,0,0,0,0,0,0,0,0,0,0,37,0,0,235,1,1,0,0,1,1,1,1,1,1,2,2,0,0,0,0
2226,WLNM_dir_neg,1,0.5,00:00:01,10,50,48,1983614921,threshold_sweep,0.3,1,1,1,2,0,0,4,1,1,0,0,1,1,1,1,0.555555555556,1,1,1,37,35,2,0,37,0,35,0,2,17,37,0.136029411765,1.88235294118,4.35294117647,3.36363636364,2.84615384615,1.69341284359,0.389027274878,0.193958664547,2.09866904602,0.964253345467,0.518282988871,1.87867287326,0.863174022847,0.470588235294,0.786197569093,0.41766745858,2.25,1.88235294118,0.786197569093,2.25,0.166339869281,0.0612244897959,3,0.00441176470588,0.185952380952,17,17,17,1,0,0.352941176471,0.411764705882,0.235294117647,17,0.128676470588,1.90196078431,4.11764705882,3.18181818182,2.69230769231,1.57648156274,0.382859808093,0.201680672269,2.01465221053,0.978545359402,0.524369747899,1.74894926439,0.849489642704,0.463865546218,0.814492905316,0.428238537847,2.33333333333,1.90196078431,0.814492905316,2.33333333333,0,0,0,0,0.164242424242,17,17,17,1,0,0.352941176471,0.411764705882,0.235294117647,17,37,0.136029411765,1.88235294118,4.35294117647,3.36363636364,2.84615384615,1.69341284359,0.389027274878,0.193958664547,2.09866904602,0.964253345467,0.518282988871,1.87867287326,0.863174022847,0.470588235294,0.786197569093,0.41766745858,2.25,1.88235294118,0.786197569093,2.25,0.166339869281,0.0612244897959,3,0.00441176470588,0.185952380952,17,17,17,1,0,0.352941176471,0.411764705882,0.235294117647,0,0,0,0,0,0,0,0,0,0,0,0,0,0,0,0,0,0,0,0,0,0,0,0,0,0,0,0,0,37,0,0,235,1,1,0,0,1,1,1,1,1,1,2,2,0,0,0,0
2227,WLNM_dir_neg,1,0.5,00:00:01,10,50,48,1983614921,threshold_sweep,0.4,1,1,1,2,0,0,4,1,1,0,0,1,1,1,1,0.555555555556,1,1,1,37,35,2,0,37,0,35,0,2,17,37,0.136029411765,1.88235294118,4.35294117647,3.36363636364,2.84615384615,1.69341284359,0.389027274878,0.193958664547,2.09866904602,0.964253345467,0.518282988871,1.87867287326,0.863174022847,0.470588235294,0.786197569093,0.41766745858,2.25,1.88235294118,0.786197569093,2.25,0.166339869281,0.0612244897959,3,0.00441176470588,0.185952380952,17,17,17,1,0,0.352941176471,0.411764705882,0.235294117647,17,0.128676470588,1.90196078431,4.11764705882,3.18181818182,2.69230769231,1.57648156274,0.382859808093,0.201680672269,2.01465221053,0.978545359402,0.524369747899,1.74894926439,0.849489642704,0.463865546218,0.814492905316,0.428238537847,2.33333333333,1.90196078431,0.814492905316,2.33333333333,0,0,0,0,0.164242424242,17,17,17,1,0,0.352941176471,0.411764705882,0.235294117647,17,37,0.136029411765,1.88235294118,4.35294117647,3.36363636364,2.84615384615,1.69341284359,0.389027274878,0.193958664547,2.09866904602,0.964253345467,0.518282988871,1.87867287326,0.863174022847,0.470588235294,0.786197569093,0.41766745858,2.25,1.88235294118,0.786197569093,2.25,0.166339869281,0.0612244897959,3,0.00441176470588,0.185952380952,17,17,17,1,0,0.352941176471,0.411764705882,0.235294117647,0,0,0,0,0,0,0,0,0,0,0,0,0,0,0,0,0,0,0,0,0,0,0,0,0,0,0,0,0,37,0,0,235,1,1,0,0,1,1,1,1,1,1,2,2,0,0,0,0
2228,WLNM_dir_neg,1,0.5,00:00:01,10,50,48,1983614921,threshold_sweep,0.5,1,1,1,2,0,0,4,1,1,0,0,1,1,1,1,0.555555555556,1,1,1,37,35,2,0,37,0,35,0,2,17,37,0.136029411765,1.88235294118,4.35294117647,3.36363636364,2.84615384615,1.69341284359,0.389027274878,0.193958664547,2.09866904602,0.964253345467,0.518282988871,1.87867287326,0.863174022847,0.470588235294,0.786197569093,0.41766745858,2.25,1.88235294118,0.786197569093,2.25,0.166339869281,0.0612244897959,3,0.00441176470588,0.185952380952,17,17,17,1,0,0.352941176471,0.411764705882,0.235294117647,17,0.128676470588,1.90196078431,4.11764705882,3.18181818182,2.69230769231,1.57648156274,0.382859808093,0.201680672269,2.01465221053,0.978545359402,0.524369747899,1.74894926439,0.849489642704,0.463865546218,0.814492905316,0.428238537847,2.33333333333,1.90196078431,0.814492905316,2.33333333333,0,0,0,0,0.164242424242,17,17,17,1,0,0.352941176471,0.411764705882,0.235294117647,17,37,0.136029411765,1.88235294118,4.35294117647,3.36363636364,2.84615384615,1.69341284359,0.389027274878,0.193958664547,2.09866904602,0.964253345467,0.518282988871,1.87867287326,0.863174022847,0.470588235294,0.786197569093,0.41766745858,2.25,1.88235294118,0.786197569093,2.25,0.166339869281,0.0612244897959,3,0.00441176470588,0.185952380952,17,17,17,1,0,0.352941176471,0.411764705882,0.235294117647,0,0,0,0,0,0,0,0,0,0,0,0,0,0,0,0,0,0,0,0,0,0,0,0,0,0,0,0,0,37,0,0,235,1,1,0,0,1,1,1,1,1,1,2,2,0,0,0,0
2229,WLNM_dir_neg,1,0.5,00:00:01,10,50,48,1983614921,threshold_sweep,0.6,1,1,1,2,0,0,4,1,1,0,0,1,1,1,1,0.555555555556,1,1,1,37,35,2,0,37,0,35,0,2,17,37,0.136029411765,1.88235294118,4.35294117647,3.36363636364,2.84615384615,1.69341284359,0.389027274878,0.193958664547,2.09866904602,0.964253345467,0.518282988871,1.87867287326,0.863174022847,0.470588235294,0.786197569093,0.41766745858,2.25,1.88235294118,0.786197569093,2.25,0.166339869281,0.0612244897959,3,0.00441176470588,0.185952380952,17,17,17,1,0,0.352941176471,0.411764705882,0.235294117647,17,0.128676470588,1.90196078431,4.11764705882,3.18181818182,2.69230769231,1.57648156274,0.382859808093,0.201680672269,2.01465221053,0.978545359402,0.524369747899,1.74894926439,0.849489642704,0.463865546218,0.814492905316,0.428238537847,2.33333333333,1.90196078431,0.814492905316,2.33333333333,0,0,0,0,0.164242424242,17,17,17,1,0,0.352941176471,0.411764705882,0.235294117647,17,37,0.136029411765,1.88235294118,4.35294117647,3.36363636364,2.84615384615,1.69341284359,0.389027274878,0.193958664547,2.09866904602,0.964253345467,0.518282988871,1.87867287326,0.863174022847,0.470588235294,0.786197569093,0.41766745858,2.25,1.88235294118,0.786197569093,2.25,0.166339869281,0.0612244897959,3,0.00441176470588,0.185952380952,17,17,17,1,0,0.352941176471,0.411764705882,0.235294117647,0,0,0,0,0,0,0,0,0,0,0,0,0,0,0,0,0,0,0,0,0,0,0,0,0,0,0,0,0,37,0,0,235,1,1,0,0,1,1,1,1,1,1,2,2,0,0,0,0
2230,WLNM_dir_neg,1,0.5,00:00:01,10,50,48,1983614921,threshold_sweep,0.7,1,1,1,2,0,0,4,1,1,0,0,1,1,1,1,0.555555555556,1,1,1,37,35,2,0,37,0,35,0,2,17,37,0.136029411765,1.88235294118,4.35294117647,3.36363636364,2.84615384615,1.69341284359,0.389027274878,0.193958664547,2.09866904602,0.964253345467,0.518282988871,1.87867287326,0.863174022847,0.470588235294,0.786197569093,0.41766745858,2.25,1.88235294118,0.786197569093,2.25,0.166339869281,0.0612244897959,3,0.00441176470588,0.185952380952,17,17,17,1,0,0.352941176471,0.411764705882,0.235294117647,17,0.128676470588,1.90196078431,4.11764705882,3.18181818182,2.69230769231,1.57648156274,0.382859808093,0.201680672269,2.01465221053,0.978545359402,0.524369747899,1.74894926439,0.849489642704,0.463865546218,0.814492905316,0.428238537847,2.33333333333,1.90196078431,0.814492905316,2.33333333333,0,0,0,0,0.164242424242,17,17,17,1,0,0.352941176471,0.411764705882,0.235294117647,17,37,0.136029411765,1.88235294118,4.35294117647,3.36363636364,2.84615384615,1.69341284359,0.389027274878,0.193958664547,2.09866904602,0.964253345467,0.518282988871,1.87867287326,0.863174022847,0.470588235294,0.786197569093,0.41766745858,2.25,1.88235294118,0.786197569093,2.25,0.166339869281,0.0612244897959,3,0.00441176470588,0.185952380952,17,17,17,1,0,0.352941176471,0.411764705882,0.235294117647,0,0,0,0,0,0,0,0,0,0,0,0,0,0,0,0,0,0,0,0,0,0,0,0,0,0,0,0,0,37,0,0,235,1,1,0,0,1,1,1,1,1,1,2,2,0,0,0,0
2231,WLNM_dir_neg,1,0.5,00:00:01,10,50,48,1983614921,threshold_sweep,0.8,1,1,1,2,0,0,4,1,1,0,0,1,1,1,1,0.555555555556,1,1,1,37,35,2,0,37,0,35,0,2,17,37,0.136029411765,1.88235294118,4.35294117647,3.36363636364,2.84615384615,1.69341284359,0.389027274878,0.193958664547,2.09866904602,0.964253345467,0.518282988871,1.87867287326,0.863174022847,0.470588235294,0.786197569093,0.41766745858,2.25,1.88235294118,0.786197569093,2.25,0.166339869281,0.0612244897959,3,0.00441176470588,0.185952380952,17,17,17,1,0,0.352941176471,0.411764705882,0.235294117647,17,0.128676470588,1.90196078431,4.11764705882,3.18181818182,2.69230769231,1.57648156274,0.382859808093,0.201680672269,2.01465221053,0.978545359402,0.524369747899,1.74894926439,0.849489642704,0.463865546218,0.814492905316,0.428238537847,2.33333333333,1.90196078431,0.814492905316,2.33333333333,0,0,0,0,0.164242424242,17,17,17,1,0,0.352941176471,0.411764705882,0.235294117647,17,37,0.136029411765,1.88235294118,4.35294117647,3.36363636364,2.84615384615,1.69341284359,0.389027274878,0.193958664547,2.09866904602,0.964253345467,0.518282988871,1.87867287326,0.863174022847,0.470588235294,0.786197569093,0.41766745858,2.25,1.88235294118,0.786197569093,2.25,0.166339869281,0.0612244897959,3,0.00441176470588,0.185952380952,17,17,17,1,0,0.352941176471,0.411764705882,0.235294117647,0,0,0,0,0,0,0,0,0,0,0,0,0,0,0,0,0,0,0,0,0,0,0,0,0,0,0,0,0,37,0,0,235,1,1,0,0,1,1,1,1,1,1,2,2,0,0,0,0
2232,WLNM_dir_neg,1,0.5,00:00:01,10,50,48,1983614921,threshold_sweep,0.9,1,1,1,2,0,0,4,1,1,0,0,1,1,1,1,0.555555555556,1,1,1,37,35,2,0,37,0,35,0,2,17,37,0.136029411765,1.88235294118,4.35294117647,3.36363636364,2.84615384615,1.69341284359,0.389027274878,0.193958664547,2.09866904602,0.964253345467,0.518282988871,1.87867287326,0.863174022847,0.470588235294,0.786197569093,0.41766745858,2.25,1.88235294118,0.786197569093,2.25,0.166339869281,0.0612244897959,3,0.00441176470588,0.185952380952,17,17,17,1,0,0.352941176471,0.411764705882,0.235294117647,17,0.128676470588,1.90196078431,4.11764705882,3.18181818182,2.69230769231,1.57648156274,0.382859808093,0.201680672269,2.01465221053,0.978545359402,0.524369747899,1.74894926439,0.849489642704,0.463865546218,0.814492905316,0.428238537847,2.33333333333,1.90196078431,0.814492905316,2.33333333333,0,0,0,0,0.164242424242,17,17,17,1,0,0.352941176471,0.411764705882,0.235294117647,17,37,0.136029411765,1.88235294118,4.35294117647,3.36363636364,2.84615384615,1.69341284359,0.389027274878,0.193958664547,2.09866904602,0.964253345467,0.518282988871,1.87867287326,0.863174022847,0.470588235294,0.786197569093,0.41766745858,2.25,1.88235294118,0.786197569093,2.25,0.166339869281,0.0612244897959,3,0.00441176470588,0.185952380952,17,17,17,1,0,0.352941176471,0.411764705882,0.235294117647,0,0,0,0,0,0,0,0,0,0,0,0,0,0,0,0,0,0,0,0,0,0,0,0,0,0,0,0,0,37,0,0,235,1,1,0,0,1,1,1,1,1,1,2,2,0,0,0,0
2233,WLNM_dir_neg,1,0.5,00:00:01,10,50,49,1983614922,threshold_sweep,0.1,0.5,1,0.666666666667,2,2,0,2,1,0.5,0.5,0,0.5,1,0.666666666667,0.666666666667,0.444444444444,0.4,0.5,0.5,37,35,2,0,37,0,35,0,2,17,37,0.136029411765,1.88235294118,4.35294117647,3.36363636364,2.84615384615,1.69341284359,0.389027274878,0.193958664547,2.09866904602,0.964253345467,0.518282988871,1.87867287326,0.863174022847,0.470588235294,0.786197569093,0.41766745858,2.25,1.88235294118,0.786197569093,2.25,0.166339869281,0.0612244897959,3,0.00441176470588,0.185952380952,17,17,17,1,0,0.352941176471,0.411764705882,0.235294117647,17,0.128676470588,1.90196078431,4.11764705882,3.18181818182,2.69230769231,1.57648156274,0.382859808093,0.201680672269,2.01465221053,0.978545359402,0.524369747899,1.74894926439,0.849489642704,0.463865546218,0.814492905316,0.428238537847,2.33333333333,1.90196078431,0.814492905316,2.33333333333,0,0,0,0,0.164242424242,17,17,17,1,0,0.352941176471,0.411764705882,0.235294117647,17,39,0.143382352941,2.56017647059,4.58823529412,3,3,1.87279281854,0.408172793784,0.197586726998,1.99263349247,0.868583830049,0.470588235294,2.02375597227,0.882150039194,0.473604826546,1.12420328652,0.439111639151,3.2,2.56017647059,1.12420328652,3.2,0.235294117647,0.125,7,0.0102941176471,0.164880952381,17,17,17,1,0,0.235294117647,0.529411764706,0.235294117647,2,0.00735294117647,0.677823529412,0.235294117647,-0.363636363636,0.153846153846,0.179379974954,0.0191455189065,0.00362806245159,-0.106035553551,-0.0956695154179,-0.0476947535771,0.145083099013,0.018976016347,0.00301659125189,0.338005717423,0.0214441805704,0.95,0.677823529412,0.338005717423,0.95,0.068954248366,0.0637755102041,4,0.00588235294118,-0.0210714285714,-0.117647058824,0.117647058824,0,37,2,0,233,1,0.991489361702,0.00851063829787,0,0.948717948718,1,0.973684210526,0.969867905134,0.991489361702,0.948717948718,4,2,0,0,0,0
2234,WLNM_dir_neg,1,0.5,00:00:01,10,50,49,1983614922,threshold_sweep,0.2,0.666666666667,1,0.8,2,1,0,3,1,0.75,0.25,0,0.666666666667,1,0.8,0.833333333333,0.5,0.666666666667,0.707106781187,0.75,37,35,2,0,37,0,35,0,2,17,37,0.136029411765,1.88235294118,4.35294117647,3.36363636364,2.84615384615,1.69341284359,0.389027274878,0.193958664547,2.09866904602,0.964253345467,0.518282988871,1.87867287326,0.863174022847,0.470588235294,0.786197569093,0.41766745858,2.25,1.88235294118,0.786197569093,2.25,0.166339869281,0.0612244897959,3,0.00441176470588,0.185952380952,17,17,17,1,0,0.352941176471,0.411764705882,0.235294117647,17,0.128676470588,1.90196078431,4.11764705882,3.18181818182,2.69230769231,1.57648156274,0.382859808093,0.201680672269,2.01465221053,0.978545359402,0.524369747899,1.74894926439,0.849489642704,0.463865546218,0.814492905316,0.428238537847,2.33333333333,1.90196078431,0.814492905316,2.33333333333,0,0,0,0,0.164242424242,17,17,17,1,0,0.352941176471,0.411764705882,0.235294117647,17,38,0.139705882353,2.00176470588,4.47058823529,3.16666666667,2.92307692308,1.66274047354,0.371928790134,0.181114551084,2.04723630062,0.915868871331,0.495356037152,1.95350363977,0.873935838844,0.473684210526,0.797999336576,0.398647920123,2.35,2.00176470588,0.797999336576,2.35,0.224836601307,0.116883116883,6,0.00882352941176,0.169101731602,17,17,17,1,0,0.294117647059,0.470588235294,0.235294117647,1,0.00367647058824,0.119411764706,0.117647058824,-0.19696969697,0.0769230769231,-0.030672370045,-0.0170984847437,-0.0128441134633,-0.0514327453931,-0.0483844741355,-0.0229269517195,0.0748307665129,0.0107618159966,0.0030959752322,0.0118017674839,-0.019019538457,0.1,0.119411764706,0.0118017674839,0.1,0.0584967320261,0.0556586270872,3,0.00441176470588,-0.0168506493506,-0.0588235294118,0.0588235294118,0,37,1,0,234,1,0.995744680851,0.00425531914894,0,0.973684210526,1,0.986666666667,0.984652666406,0.995744680851,0.973684210526,3,2,0,0,0,0
2235,WLNM_dir_neg,1,0.5,00:00:01,10,50,49,1983614922,threshold_sweep,0.3,1,1,1,2,0,0,4,1,1,0,0,1,1,1,1,0.555555555556,1,1,1,37,35,2,0,37,0,35,0,2,17,37,0.136029411765,1.88235294118,4.35294117647,3.36363636364,2.84615384615,1.69341284359,0.389027274878,0.193958664547,2.09866904602,0.964253345467,0.518282988871,1.87867287326,0.863174022847,0.470588235294,0.786197569093,0.41766745858,2.25,1.88235294118,0.786197569093,2.25,0.166339869281,0.0612244897959,3,0.00441176470588,0.185952380952,17,17,17,1,0,0.352941176471,0.411764705882,0.235294117647,17,0.128676470588,1.90196078431,4.11764705882,3.18181818182,2.69230769231,1.57648156274,0.382859808093,0.201680672269,2.01465221053,0.978545359402,0.524369747899,1.74894926439,0.849489642704,0.463865546218,0.814492905316,0.428238537847,2.33333333333,1.90196078431,0.814492905316,2.33333333333,0,0,0,0,0.164242424242,17,17,17,1,0,0.352941176471,0.411764705882,0.235294117647,17,37,0.136029411765,1.88235294118,4.35294117647,3.36363636364,2.84615384615,1.69341284359,0.389027274878,0.193958664547,2.09866904602,0.964253345467,0.518282988871,1.87867287326,0.863174022847,0.470588235294,0.786197569093,0.41766745858,2.25,1.88235294118,0.786197569093,2.25,0.166339869281,0.0612244897959,3,0.00441176470588,0.185952380952,17,17,17,1,0,0.352941176471,0.411764705882,0.235294117647,0,0,0,0,0,0,0,0,0,0,0,0,0,0,0,0,0,0,0,0,0,0,0,0,0,0,0,0,0,37,0,0,235,1,1,0,0,1,1,1,1,1,1,2,2,0,0,0,0
2236,WLNM_dir_neg,1,0.5,00:00:01,10,50,49,1983614922,threshold_sweep,0.4,1,1,1,2,0,0,4,1,1,0,0,1,1,1,1,0.555555555556,1,1,1,37,35,2,0,37,0,35,0,2,17,37,0.136029411765,1.88235294118,4.35294117647,3.36363636364,2.84615384615,1.69341284359,0.389027274878,0.193958664547,2.09866904602,0.964253345467,0.518282988871,1.87867287326,0.863174022847,0.470588235294,0.786197569093,0.41766745858,2.25,1.88235294118,0.786197569093,2.25,0.166339869281,0.0612244897959,3,0.00441176470588,0.185952380952,17,17,17,1,0,0.352941176471,0.411764705882,0.235294117647,17,0.128676470588,1.90196078431,4.11764705882,3.18181818182,2.69230769231,1.57648156274,0.382859808093,0.201680672269,2.01465221053,0.978545359402,0.524369747899,1.74894926439,0.849489642704,0.463865546218,0.814492905316,0.428238537847,2.33333333333,1.90196078431,0.814492905316,2.33333333333,0,0,0,0,0.164242424242,17,17,17,1,0,0.352941176471,0.411764705882,0.235294117647,17,37,0.136029411765,1.88235294118,4.35294117647,3.36363636364,2.84615384615,1.69341284359,0.389027274878,0.193958664547,2.09866904602,0.964253345467,0.518282988871,1.87867287326,0.863174022847,0.470588235294,0.786197569093,0.41766745858,2.25,1.88235294118,0.786197569093,2.25,0.166339869281,0.0612244897959,3,0.00441176470588,0.185952380952,17,17,17,1,0,0.352941176471,0.411764705882,0.235294117647,0,0,0,0,0,0,0,0,0,0,0,0,0,0,0,0,0,0,0,0,0,0,0,0,0,0,0,0,0,37,0,0,235,1,1,0,0,1,1,1,1,1,1,2,2,0,0,0,0
2237,WLNM_dir_neg,1,0.5,00:00:01,10,50,49,1983614922,threshold_sweep,0.5,1,1,1,2,0,0,4,1,1,0,0,1,1,1,1,0.555555555556,1,1,1,37,35,2,0,37,0,35,0,2,17,37,0.136029411765,1.88235294118,4.35294117647,3.36363636364,2.84615384615,1.69341284359,0.389027274878,0.193958664547,2.09866904602,0.964253345467,0.518282988871,1.87867287326,0.863174022847,0.470588235294,0.786197569093,0.41766745858,2.25,1.88235294118,0.786197569093,2.25,0.166339869281,0.0612244897959,3,0.00441176470588,0.185952380952,17,17,17,1,0,0.352941176471,0.411764705882,0.235294117647,17,0.128676470588,1.90196078431,4.11764705882,3.18181818182,2.69230769231,1.57648156274,0.382859808093,0.201680672269,2.01465221053,0.978545359402,0.524369747899,1.74894926439,0.849489642704,0.463865546218,0.814492905316,0.428238537847,2.33333333333,1.90196078431,0.814492905316,2.33333333333,0,0,0,0,0.164242424242,17,17,17,1,0,0.352941176471,0.411764705882,0.235294117647,17,37,0.136029411765,1.88235294118,4.35294117647,3.36363636364,2.84615384615,1.69341284359,0.389027274878,0.193958664547,2.09866904602,0.964253345467,0.518282988871,1.87867287326,0.863174022847,0.470588235294,0.786197569093,0.41766745858,2.25,1.88235294118,0.786197569093,2.25,0.166339869281,0.0612244897959,3,0.00441176470588,0.185952380952,17,17,17,1,0,0.352941176471,0.411764705882,0.235294117647,0,0,0,0,0,0,0,0,0,0,0,0,0,0,0,0,0,0,0,0,0,0,0,0,0,0,0,0,0,37,0,0,235,1,1,0,0,1,1,1,1,1,1,2,2,0,0,0,0
2238,WLNM_dir_neg,1,0.5,00:00:01,10,50,49,1983614922,threshold_sweep,0.6,1,1,1,2,0,0,4,1,1,0,0,1,1,1,1,0.555555555556,1,1,1,37,35,2,0,37,0,35,0,2,17,37,0.136029411765,1.88235294118,4.35294117647,3.36363636364,2.84615384615,1.69341284359,0.389027274878,0.193958664547,2.09866904602,0.964253345467,0.518282988871,1.87867287326,0.863174022847,0.470588235294,0.786197569093,0.41766745858,2.25,1.88235294118,0.786197569093,2.25,0.166339869281,0.0612244897959,3,0.00441176470588,0.185952380952,17,17,17,1,0,0.352941176471,0.411764705882,0.235294117647,17,0.128676470588,1.90196078431,4.11764705882,3.18181818182,2.69230769231,1.57648156274,0.382859808093,0.201680672269,2.01465221053,0.978545359402,0.524369747899,1.74894926439,0.849489642704,0.463865546218,0.814492905316,0.428238537847,2.33333333333,1.90196078431,0.814492905316,2.33333333333,0,0,0,0,0.164242424242,17,17,17,1,0,0.352941176471,0.411764705882,0.235294117647,17,37,0.136029411765,1.88235294118,4.35294117647,3.36363636364,2.84615384615,1.69341284359,0.389027274878,0.193958664547,2.09866904602,0.964253345467,0.518282988871,1.87867287326,0.863174022847,0.470588235294,0.786197569093,0.41766745858,2.25,1.88235294118,0.786197569093,2.25,0.166339869281,0.0612244897959,3,0.00441176470588,0.185952380952,17,17,17,1,0,0.352941176471,0.411764705882,0.235294117647,0,0,0,0,0,0,0,0,0,0,0,0,0,0,0,0,0,0,0,0,0,0,0,0,0,0,0,0,0,37,0,0,235,1,1,0,0,1,1,1,1,1,1,2,2,0,0,0,0
2239,WLNM_dir_neg,1,0.5,00:00:01,10,50,49,1983614922,threshold_sweep,0.7,1,1,1,2,0,0,4,1,1,0,0,1,1,1,1,0.555555555556,1,1,1,37,35,2,0,37,0,35,0,2,17,37,0.136029411765,1.88235294118,4.35294117647,3.36363636364,2.84615384615,1.69341284359,0.389027274878,0.193958664547,2.09866904602,0.964253345467,0.518282988871,1.87867287326,0.863174022847,0.470588235294,0.786197569093,0.41766745858,2.25,1.88235294118,0.786197569093,2.25,0.166339869281,0.0612244897959,3,0.00441176470588,0.185952380952,17,17,17,1,0,0.352941176471,0.411764705882,0.235294117647,17,0.128676470588,1.90196078431,4.11764705882,3.18181818182,2.69230769231,1.57648156274,0.382859808093,0.201680672269,2.01465221053,0.978545359402,0.524369747899,1.74894926439,0.849489642704,0.463865546218,0.814492905316,0.428238537847,2.33333333333,1.90196078431,0.814492905316,2.33333333333,0,0,0,0,0.164242424242,17,17,17,1,0,0.352941176471,0.411764705882,0.235294117647,17,37,0.136029411765,1.88235294118,4.35294117647,3.36363636364,2.84615384615,1.69341284359,0.389027274878,0.193958664547,2.09866904602,0.964253345467,0.518282988871,1.87867287326,0.863174022847,0.470588235294,0.786197569093,0.41766745858,2.25,1.88235294118,0.786197569093,2.25,0.166339869281,0.0612244897959,3,0.00441176470588,0.185952380952,17,17,17,1,0,0.352941176471,0.411764705882,0.235294117647,0,0,0,0,0,0,0,0,0,0,0,0,0,0,0,0,0,0,0,0,0,0,0,0,0,0,0,0,0,37,0,0,235,1,1,0,0,1,1,1,1,1,1,2,2,0,0,0,0
2240,WLNM_dir_neg,1,0.5,00:00:01,10,50,49,1983614922,threshold_sweep,0.8,1,1,1,2,0,0,4,1,1,0,0,1,1,1,1,0.555555555556,1,1,1,37,35,2,0,37,0,35,0,2,17,37,0.136029411765,1.88235294118,4.35294117647,3.36363636364,2.84615384615,1.69341284359,0.389027274878,0.193958664547,2.09866904602,0.964253345467,0.518282988871,1.87867287326,0.863174022847,0.470588235294,0.786197569093,0.41766745858,2.25,1.88235294118,0.786197569093,2.25,0.166339869281,0.0612244897959,3,0.00441176470588,0.185952380952,17,17,17,1,0,0.352941176471,0.411764705882,0.235294117647,17,0.128676470588,1.90196078431,4.11764705882,3.18181818182,2.69230769231,1.57648156274,0.382859808093,0.201680672269,2.01465221053,0.978545359402,0.524369747899,1.74894926439,0.849489642704,0.463865546218,0.814492905316,0.428238537847,2.33333333333,1.90196078431,0.814492905316,2.33333333333,0,0,0,0,0.164242424242,17,17,17,1,0,0.352941176471,0.411764705882,0.235294117647,17,37,0.136029411765,1.88235294118,4.35294117647,3.36363636364,2.84615384615,1.69341284359,0.389027274878,0.193958664547,2.09866904602,0.964253345467,0.518282988871,1.87867287326,0.863174022847,0.470588235294,0.786197569093,0.41766745858,2.25,1.88235294118,0.786197569093,2.25,0.166339869281,0.0612244897959,3,0.00441176470588,0.185952380952,17,17,17,1,0,0.352941176471,0.411764705882,0.235294117647,0,0,0,0,0,0,0,0,0,0,0,0,0,0,0,0,0,0,0,0,0,0,0,0,0,0,0,0,0,37,0,0,235,1,1,0,0,1,1,1,1,1,1,2,2,0,0,0,0
2241,WLNM_dir_neg,1,0.5,00:00:01,10,50,49,1983614922,threshold_sweep,0.9,1,1,1,2,0,0,4,1,1,0,0,1,1,1,1,0.555555555556,1,1,1,37,35,2,0,37,0,35,0,2,17,37,0.136029411765,1.88235294118,4.35294117647,3.36363636364,2.84615384615,1.69341284359,0.389027274878,0.193958664547,2.09866904602,0.964253345467,0.518282988871,1.87867287326,0.863174022847,0.470588235294,0.786197569093,0.41766745858,2.25,1.88235294118,0.786197569093,2.25,0.166339869281,0.0612244897959,3,0.00441176470588,0.185952380952,17,17,17,1,0,0.352941176471,0.411764705882,0.235294117647,17,0.128676470588,1.90196078431,4.11764705882,3.18181818182,2.69230769231,1.57648156274,0.382859808093,0.201680672269,2.01465221053,0.978545359402,0.524369747899,1.74894926439,0.849489642704,0.463865546218,0.814492905316,0.428238537847,2.33333333333,1.90196078431,0.814492905316,2.33333333333,0,0,0,0,0.164242424242,17,17,17,1,0,0.352941176471,0.411764705882,0.235294117647,17,37,0.136029411765,1.88235294118,4.35294117647,3.36363636364,2.84615384615,1.69341284359,0.389027274878,0.193958664547,2.09866904602,0.964253345467,0.518282988871,1.87867287326,0.863174022847,0.470588235294,0.786197569093,0.41766745858,2.25,1.88235294118,0.786197569093,2.25,0.166339869281,0.0612244897959,3,0.00441176470588,0.185952380952,17,17,17,1,0,0.352941176471,0.411764705882,0.235294117647,0,0,0,0,0,0,0,0,0,0,0,0,0,0,0,0,0,0,0,0,0,0,0,0,0,0,0,0,0,37,0,0,235,1,1,0,0,1,1,1,1,1,1,2,2,0,0,0,0
2242,WLNM_dir_neg,1,0.5,00:00:02,10,50,50,1983614923,threshold_sweep,0.1,1,1,1,2,0,0,4,1,1,0,0,1,1,1,1,0.555555555556,1,1,1,37,35,2,0,37,0,35,0,2,17,37,0.136029411765,1.88235294118,4.35294117647,3.36363636364,2.84615384615,1.69341284359,0.389027274878,0.193958664547,2.09866904602,0.964253345467,0.518282988871,1.87867287326,0.863174022847,0.470588235294,0.786197569093,0.41766745858,2.25,1.88235294118,0.786197569093,2.25,0.166339869281,0.0612244897959,3,0.00441176470588,0.185952380952,17,17,17,1,0,0.352941176471,0.411764705882,0.235294117647,17,0.128676470588,1.90196078431,4.11764705882,3.18181818182,2.69230769231,1.57648156274,0.382859808093,0.201680672269,2.01465221053,0.978545359402,0.524369747899,1.74894926439,0.849489642704,0.463865546218,0.814492905316,0.428238537847,2.33333333333,1.90196078431,0.814492905316,2.33333333333,0,0,0,0,0.164242424242,17,17,17,1,0,0.352941176471,0.411764705882,0.235294117647,17,37,0.136029411765,1.88235294118,4.35294117647,3.36363636364,2.84615384615,1.69341284359,0.389027274878,0.193958664547,2.09866904602,0.964253345467,0.518282988871,1.87867287326,0.863174022847,0.470588235294,0.786197569093,0.41766745858,2.25,1.88235294118,0.786197569093,2.25,0.166339869281,0.0612244897959,3,0.00441176470588,0.185952380952,17,17,17,1,0,0.352941176471,0.411764705882,0.235294117647,0,0,0,0,0,0,0,0,0,0,0,0,0,0,0,0,0,0,0,0,0,0,0,0,0,0,0,0,0,37,0,0,235,1,1,0,0,1,1,1,1,1,1,2,2,0,0,0,0
2243,WLNM_dir_neg,1,0.5,00:00:02,10,50,50,1983614923,threshold_sweep,0.2,1,1,1,2,0,0,4,1,1,0,0,1,1,1,1,0.555555555556,1,1,1,37,35,2,0,37,0,35,0,2,17,37,0.136029411765,1.88235294118,4.35294117647,3.36363636364,2.84615384615,1.69341284359,0.389027274878,0.193958664547,2.09866904602,0.964253345467,0.518282988871,1.87867287326,0.863174022847,0.470588235294,0.786197569093,0.41766745858,2.25,1.88235294118,0.786197569093,2.25,0.166339869281,0.0612244897959,3,0.00441176470588,0.185952380952,17,17,17,1,0,0.352941176471,0.411764705882,0.235294117647,17,0.128676470588,1.90196078431,4.11764705882,3.18181818182,2.69230769231,1.57648156274,0.382859808093,0.201680672269,2.01465221053,0.978545359402,0.524369747899,1.74894926439,0.849489642704,0.463865546218,0.814492905316,0.428238537847,2.33333333333,1.90196078431,0.814492905316,2.33333333333,0,0,0,0,0.164242424242,17,17,17,1,0,0.352941176471,0.411764705882,0.235294117647,17,37,0.136029411765,1.88235294118,4.35294117647,3.36363636364,2.84615384615,1.69341284359,0.389027274878,0.193958664547,2.09866904602,0.964253345467,0.518282988871,1.87867287326,0.863174022847,0.470588235294,0.786197569093,0.41766745858,2.25,1.88235294118,0.786197569093,2.25,0.166339869281,0.0612244897959,3,0.00441176470588,0.185952380952,17,17,17,1,0,0.352941176471,0.411764705882,0.235294117647,0,0,0,0,0,0,0,0,0,0,0,0,0,0,0,0,0,0,0,0,0,0,0,0,0,0,0,0,0,37,0,0,235,1,1,0,0,1,1,1,1,1,1,2,2,0,0,0,0
2244,WLNM_dir_neg,1,0.5,00:00:02,10,50,50,1983614923,threshold_sweep,0.3,1,1,1,2,0,0,4,1,1,0,0,1,1,1,1,0.555555555556,1,1,1,37,35,2,0,37,0,35,0,2,17,37,0.136029411765,1.88235294118,4.35294117647,3.36363636364,2.84615384615,1.69341284359,0.389027274878,0.193958664547,2.09866904602,0.964253345467,0.518282988871,1.87867287326,0.863174022847,0.470588235294,0.786197569093,0.41766745858,2.25,1.88235294118,0.786197569093,2.25,0.166339869281,0.0612244897959,3,0.00441176470588,0.185952380952,17,17,17,1,0,0.352941176471,0.411764705882,0.235294117647,17,0.128676470588,1.90196078431,4.11764705882,3.18181818182,2.69230769231,1.57648156274,0.382859808093,0.201680672269,2.01465221053,0.978545359402,0.524369747899,1.74894926439,0.849489642704,0.463865546218,0.814492905316,0.428238537847,2.33333333333,1.90196078431,0.814492905316,2.33333333333,0,0,0,0,0.164242424242,17,17,17,1,0,0.352941176471,0.411764705882,0.235294117647,17,37,0.136029411765,1.88235294118,4.35294117647,3.36363636364,2.84615384615,1.69341284359,0.389027274878,0.193958664547,2.09866904602,0.964253345467,0.518282988871,1.87867287326,0.863174022847,0.470588235294,0.786197569093,0.41766745858,2.25,1.88235294118,0.786197569093,2.25,0.166339869281,0.0612244897959,3,0.00441176470588,0.185952380952,17,17,17,1,0,0.352941176471,0.411764705882,0.235294117647,0,0,0,0,0,0,0,0,0,0,0,0,0,0,0,0,0,0,0,0,0,0,0,0,0,0,0,0,0,37,0,0,235,1,1,0,0,1,1,1,1,1,1,2,2,0,0,0,0
2245,WLNM_dir_neg,1,0.5,00:00:02,10,50,50,1983614923,threshold_sweep,0.4,1,1,1,2,0,0,4,1,1,0,0,1,1,1,1,0.555555555556,1,1,1,37,35,2,0,37,0,35,0,2,17,37,0.136029411765,1.88235294118,4.35294117647,3.36363636364,2.84615384615,1.69341284359,0.389027274878,0.193958664547,2.09866904602,0.964253345467,0.518282988871,1.87867287326,0.863174022847,0.470588235294,0.786197569093,0.41766745858,2.25,1.88235294118,0.786197569093,2.25,0.166339869281,0.0612244897959,3,0.00441176470588,0.185952380952,17,17,17,1,0,0.352941176471,0.411764705882,0.235294117647,17,0.128676470588,1.90196078431,4.11764705882,3.18181818182,2.69230769231,1.57648156274,0.382859808093,0.201680672269,2.01465221053,0.978545359402,0.524369747899,1.74894926439,0.849489642704,0.463865546218,0.814492905316,0.428238537847,2.33333333333,1.90196078431,0.814492905316,2.33333333333,0,0,0,0,0.164242424242,17,17,17,1,0,0.352941176471,0.411764705882,0.235294117647,17,37,0.136029411765,1.88235294118,4.35294117647,3.36363636364,2.84615384615,1.69341284359,0.389027274878,0.193958664547,2.09866904602,0.964253345467,0.518282988871,1.87867287326,0.863174022847,0.470588235294,0.786197569093,0.41766745858,2.25,1.88235294118,0.786197569093,2.25,0.166339869281,0.0612244897959,3,0.00441176470588,0.185952380952,17,17,17,1,0,0.352941176471,0.411764705882,0.235294117647,0,0,0,0,0,0,0,0,0,0,0,0,0,0,0,0,0,0,0,0,0,0,0,0,0,0,0,0,0,37,0,0,235,1,1,0,0,1,1,1,1,1,1,2,2,0,0,0,0
2246,WLNM_dir_neg,1,0.5,00:00:02,10,50,50,1983614923,threshold_sweep,0.5,1,1,1,2,0,0,4,1,1,0,0,1,1,1,1,0.555555555556,1,1,1,37,35,2,0,37,0,35,0,2,17,37,0.136029411765,1.88235294118,4.35294117647,3.36363636364,2.84615384615,1.69341284359,0.389027274878,0.193958664547,2.09866904602,0.964253345467,0.518282988871,1.87867287326,0.863174022847,0.470588235294,0.786197569093,0.41766745858,2.25,1.88235294118,0.786197569093,2.25,0.166339869281,0.0612244897959,3,0.00441176470588,0.185952380952,17,17,17,1,0,0.352941176471,0.411764705882,0.235294117647,17,0.128676470588,1.90196078431,4.11764705882,3.18181818182,2.69230769231,1.57648156274,0.382859808093,0.201680672269,2.01465221053,0.978545359402,0.524369747899,1.74894926439,0.849489642704,0.463865546218,0.814492905316,0.428238537847,2.33333333333,1.90196078431,0.814492905316,2.33333333333,0,0,0,0,0.164242424242,17,17,17,1,0,0.352941176471,0.411764705882,0.235294117647,17,37,0.136029411765,1.88235294118,4.35294117647,3.36363636364,2.84615384615,1.69341284359,0.389027274878,0.193958664547,2.09866904602,0.964253345467,0.518282988871,1.87867287326,0.863174022847,0.470588235294,0.786197569093,0.41766745858,2.25,1.88235294118,0.786197569093,2.25,0.166339869281,0.0612244897959,3,0.00441176470588,0.185952380952,17,17,17,1,0,0.352941176471,0.411764705882,0.235294117647,0,0,0,0,0,0,0,0,0,0,0,0,0,0,0,0,0,0,0,0,0,0,0,0,0,0,0,0,0,37,0,0,235,1,1,0,0,1,1,1,1,1,1,2,2,0,0,0,0
2247,WLNM_dir_neg,1,0.5,00:00:02,10,50,50,1983614923,threshold_sweep,0.6,1,1,1,2,0,0,4,1,1,0,0,1,1,1,1,0.555555555556,1,1,1,37,35,2,0,37,0,35,0,2,17,37,0.136029411765,1.88235294118,4.35294117647,3.36363636364,2.84615384615,1.69341284359,0.389027274878,0.193958664547,2.09866904602,0.964253345467,0.518282988871,1.87867287326,0.863174022847,0.470588235294,0.786197569093,0.41766745858,2.25,1.88235294118,0.786197569093,2.25,0.166339869281,0.0612244897959,3,0.00441176470588,0.185952380952,17,17,17,1,0,0.352941176471,0.411764705882,0.235294117647,17,0.128676470588,1.90196078431,4.11764705882,3.18181818182,2.69230769231,1.57648156274,0.382859808093,0.201680672269,2.01465221053,0.978545359402,0.524369747899,1.74894926439,0.849489642704,0.463865546218,0.814492905316,0.428238537847,2.33333333333,1.90196078431,0.814492905316,2.33333333333,0,0,0,0,0.164242424242,17,17,17,1,0,0.352941176471,0.411764705882,0.235294117647,17,37,0.136029411765,1.88235294118,4.35294117647,3.36363636364,2.84615384615,1.69341284359,0.389027274878,0.193958664547,2.09866904602,0.964253345467,0.518282988871,1.87867287326,0.863174022847,0.470588235294,0.786197569093,0.41766745858,2.25,1.88235294118,0.786197569093,2.25,0.166339869281,0.0612244897959,3,0.00441176470588,0.185952380952,17,17,17,1,0,0.352941176471,0.411764705882,0.235294117647,0,0,0,0,0,0,0,0,0,0,0,0,0,0,0,0,0,0,0,0,0,0,0,0,0,0,0,0,0,37,0,0,235,1,1,0,0,1,1,1,1,1,1,2,2,0,0,0,0
2248,WLNM_dir_neg,1,0.5,00:00:02,10,50,50,1983614923,threshold_sweep,0.7,1,1,1,2,0,0,4,1,1,0,0,1,1,1,1,0.555555555556,1,1,1,37,35,2,0,37,0,35,0,2,17,37,0.136029411765,1.88235294118,4.35294117647,3.36363636364,2.84615384615,1.69341284359,0.389027274878,0.193958664547,2.09866904602,0.964253345467,0.518282988871,1.87867287326,0.863174022847,0.470588235294,0.786197569093,0.41766745858,2.25,1.88235294118,0.786197569093,2.25,0.166339869281,0.0612244897959,3,0.00441176470588,0.185952380952,17,17,17,1,0,0.352941176471,0.411764705882,0.235294117647,17,0.128676470588,1.90196078431,4.11764705882,3.18181818182,2.69230769231,1.57648156274,0.382859808093,0.201680672269,2.01465221053,0.978545359402,0.524369747899,1.74894926439,0.849489642704,0.463865546218,0.814492905316,0.428238537847,2.33333333333,1.90196078431,0.814492905316,2.33333333333,0,0,0,0,0.164242424242,17,17,17,1,0,0.352941176471,0.411764705882,0.235294117647,17,37,0.136029411765,1.88235294118,4.35294117647,3.36363636364,2.84615384615,1.69341284359,0.389027274878,0.193958664547,2.09866904602,0.964253345467,0.518282988871,1.87867287326,0.863174022847,0.470588235294,0.786197569093,0.41766745858,2.25,1.88235294118,0.786197569093,2.25,0.166339869281,0.0612244897959,3,0.00441176470588,0.185952380952,17,17,17,1,0,0.352941176471,0.411764705882,0.235294117647,0,0,0,0,0,0,0,0,0,0,0,0,0,0,0,0,0,0,0,0,0,0,0,0,0,0,0,0,0,37,0,0,235,1,1,0,0,1,1,1,1,1,1,2,2,0,0,0,0
2249,WLNM_dir_neg,1,0.5,00:00:02,10,50,50,1983614923,threshold_sweep,0.8,1,1,1,2,0,0,4,1,1,0,0,1,1,1,1,0.555555555556,1,1,1,37,35,2,0,37,0,35,0,2,17,37,0.136029411765,1.88235294118,4.35294117647,3.36363636364,2.84615384615,1.69341284359,0.389027274878,0.193958664547,2.09866904602,0.964253345467,0.518282988871,1.87867287326,0.863174022847,0.470588235294,0.786197569093,0.41766745858,2.25,1.88235294118,0.786197569093,2.25,0.166339869281,0.0612244897959,3,0.00441176470588,0.185952380952,17,17,17,1,0,0.352941176471,0.411764705882,0.235294117647,17,0.128676470588,1.90196078431,4.11764705882,3.18181818182,2.69230769231,1.57648156274,0.382859808093,0.201680672269,2.01465221053,0.978545359402,0.524369747899,1.74894926439,0.849489642704,0.463865546218,0.814492905316,0.428238537847,2.33333333333,1.90196078431,0.814492905316,2.33333333333,0,0,0,0,0.164242424242,17,17,17,1,0,0.352941176471,0.411764705882,0.235294117647,17,37,0.136029411765,1.88235294118,4.35294117647,3.36363636364,2.84615384615,1.69341284359,0.389027274878,0.193958664547,2.09866904602,0.964253345467,0.518282988871,1.87867287326,0.863174022847,0.470588235294,0.786197569093,0.41766745858,2.25,1.88235294118,0.786197569093,2.25,0.166339869281,0.0612244897959,3,0.00441176470588,0.185952380952,17,17,17,1,0,0.352941176471,0.411764705882,0.235294117647,0,0,0,0,0,0,0,0,0,0,0,0,0,0,0,0,0,0,0,0,0,0,0,0,0,0,0,0,0,37,0,0,235,1,1,0,0,1,1,1,1,1,1,2,2,0,0,0,0
2250,WLNM_dir_neg,1,0.5,00:00:02,10,50,50,1983614923,threshold_sweep,0.9,1,1,1,2,0,0,4,1,1,0,0,1,1,1,1,0.555555555556,1,1,1,37,35,2,0,37,0,35,0,2,17,37,0.136029411765,1.88235294118,4.35294117647,3.36363636364,2.84615384615,1.69341284359,0.389027274878,0.193958664547,2.09866904602,0.964253345467,0.518282988871,1.87867287326,0.863174022847,0.470588235294,0.786197569093,0.41766745858,2.25,1.88235294118,0.786197569093,2.25,0.166339869281,0.0612244897959,3,0.00441176470588,0.185952380952,17,17,17,1,0,0.352941176471,0.411764705882,0.235294117647,17,0.128676470588,1.90196078431,4.11764705882,3.18181818182,2.69230769231,1.57648156274,0.382859808093,0.201680672269,2.01465221053,0.978545359402,0.524369747899,1.74894926439,0.849489642704,0.463865546218,0.814492905316,0.428238537847,2.33333333333,1.90196078431,0.814492905316,2.33333333333,0,0,0,0,0.164242424242,17,17,17,1,0,0.352941176471,0.411764705882,0.235294117647,17,37,0.136029411765,1.88235294118,4.35294117647,3.36363636364,2.84615384615,1.69341284359,0.389027274878,0.193958664547,2.09866904602,0.964253345467,0.518282988871,1.87867287326,0.863174022847,0.470588235294,0.786197569093,0.41766745858,2.25,1.88235294118,0.786197569093,2.25,0.166339869281,0.0612244897959,3,0.00441176470588,0.185952380952,17,17,17,1,0,0.352941176471,0.411764705882,0.235294117647,0,0,0,0,0,0,0,0,0,0,0,0,0,0,0,0,0,0,0,0,0,0,0,0,0,0,0,0,0,37,0,0,235,1,1,0,0,1,1,1,1,1,1,2,2,0,0,0,0
2251,WLNM_dir_neg,1,0.5,00:00:01,10,60,1,1984532174,threshold_sweep,0.1,0.666666666667,1,0.8,2,1,0,3,1,0.75,0.25,0,0.666666666667,1,0.8,0.833333333333,0.5,0.666666666667,0.707106781187,0.75,37,35,2,0,37,0,35,0,2,17,37,0.136029411765,1.88235294118,4.35294117647,3.36363636364,2.84615384615,1.69341284359,0.389027274878,0.193958664547,2.09866904602,0.964253345467,0.518282988871,1.87867287326,0.863174022847,0.470588235294,0.786197569093,0.41766745858,2.25,1.88235294118,0.786197569093,2.25,0.166339869281,0.0612244897959,3,0.00441176470588,0.185952380952,17,17,17,1,0,0.352941176471,0.411764705882,0.235294117647,17,0.128676470588,1.90196078431,4.11764705882,3.18181818182,2.69230769231,1.57648156274,0.382859808093,0.201680672269,2.01465221053,0.978545359402,0.524369747899,1.74894926439,0.849489642704,0.463865546218,0.814492905316,0.428238537847,2.33333333333,1.90196078431,0.814492905316,2.33333333333,0,0,0,0,0.164242424242,17,17,17,1,0,0.352941176471,0.411764705882,0.235294117647,17,38,0.139705882353,1.98764705882,4.47058823529,3.16666666667,2.92307692308,1.66274047354,0.371928790134,0.188854489164,2.04723630062,0.915868871331,0.495356037152,1.98523965067,0.888133527931,0.482972136223,0.792996921587,0.398962641817,2.35,1.98764705882,0.792996921587,2.35,0.162418300654,0.0584415584416,3,0.00441176470588,0.192081529582,17,17,17,1,0,0.294117647059,0.470588235294,0.235294117647,1,0.00367647058824,0.105294117647,0.117647058824,-0.19696969697,0.0769230769231,-0.030672370045,-0.0170984847437,-0.00510417538281,-0.0514327453931,-0.0483844741355,-0.0229269517195,0.106566777414,0.0249595050838,0.0123839009288,0.00679935249481,-0.0187048167638,0.1,0.105294117647,0.00679935249481,0.1,-0.00392156862745,-0.00278293135436,0,0,0.00612914862915,-0.0588235294118,0.0588235294118,0,37,1,0,234,1,0.995744680851,0.00425531914894,0,0.973684210526,1,0.986666666667,0.984652666406,0.995744680851,0.973684210526,3,2,0,0,0,0
2252,WLNM_dir_neg,1,0.5,00:00:01,10,60,1,1984532174,threshold_sweep,0.2,0.666666666667,1,0.8,2,1,0,3,1,0.75,0.25,0,0.666666666667,1,0.8,0.833333333333,0.5,0.666666666667,0.707106781187,0.75,37,35,2,0,37,0,35,0,2,17,37,0.136029411765,1.88235294118,4.35294117647,3.36363636364,2.84615384615,1.69341284359,0.389027274878,0.193958664547,2.09866904602,0.964253345467,0.518282988871,1.87867287326,0.863174022847,0.470588235294,0.786197569093,0.41766745858,2.25,1.88235294118,0.786197569093,2.25,0.166339869281,0.0612244897959,3,0.00441176470588,0.185952380952,17,17,17,1,0,0.352941176471,0.411764705882,0.235294117647,17,0.128676470588,1.90196078431,4.11764705882,3.18181818182,2.69230769231,1.57648156274,0.382859808093,0.201680672269,2.01465221053,0.978545359402,0.524369747899,1.74894926439,0.849489642704,0.463865546218,0.814492905316,0.428238537847,2.33333333333,1.90196078431,0.814492905316,2.33333333333,0,0,0,0,0.164242424242,17,17,17,1,0,0.352941176471,0.411764705882,0.235294117647,17,38,0.139705882353,1.98764705882,4.47058823529,3.16666666667,2.92307692308,1.66274047354,0.371928790134,0.188854489164,2.04723630062,0.915868871331,0.495356037152,1.98523965067,0.888133527931,0.482972136223,0.792996921587,0.398962641817,2.35,1.98764705882,0.792996921587,2.35,0.162418300654,0.0584415584416,3,0.00441176470588,0.192081529582,17,17,17,1,0,0.294117647059,0.470588235294,0.235294117647,1,0.00367647058824,0.105294117647,0.117647058824,-0.19696969697,0.0769230769231,-0.030672370045,-0.0170984847437,-0.00510417538281,-0.0514327453931,-0.0483844741355,-0.0229269517195,0.106566777414,0.0249595050838,0.0123839009288,0.00679935249481,-0.0187048167638,0.1,0.105294117647,0.00679935249481,0.1,-0.00392156862745,-0.00278293135436,0,0,0.00612914862915,-0.0588235294118,0.0588235294118,0,37,1,0,234,1,0.995744680851,0.00425531914894,0,0.973684210526,1,0.986666666667,0.984652666406,0.995744680851,0.973684210526,3,2,0,0,0,0
2253,WLNM_dir_neg,1,0.5,00:00:01,10,60,1,1984532174,threshold_sweep,0.3,0.666666666667,1,0.8,2,1,0,3,1,0.75,0.25,0,0.666666666667,1,0.8,0.833333333333,0.5,0.666666666667,0.707106781187,0.75,37,35,2,0,37,0,35,0,2,17,37,0.136029411765,1.88235294118,4.35294117647,3.36363636364,2.84615384615,1.69341284359,0.389027274878,0.193958664547,2.09866904602,0.964253345467,0.518282988871,1.87867287326,0.863174022847,0.470588235294,0.786197569093,0.41766745858,2.25,1.88235294118,0.786197569093,2.25,0.166339869281,0.0612244897959,3,0.00441176470588,0.185952380952,17,17,17,1,0,0.352941176471,0.411764705882,0.235294117647,17,0.128676470588,1.90196078431,4.11764705882,3.18181818182,2.69230769231,1.57648156274,0.382859808093,0.201680672269,2.01465221053,0.978545359402,0.524369747899,1.74894926439,0.849489642704,0.463865546218,0.814492905316,0.428238537847,2.33333333333,1.90196078431,0.814492905316,2.33333333333,0,0,0,0,0.164242424242,17,17,17,1,0,0.352941176471,0.411764705882,0.235294117647,17,38,0.139705882353,1.98764705882,4.47058823529,3.16666666667,2.92307692308,1.66274047354,0.371928790134,0.188854489164,2.04723630062,0.915868871331,0.495356037152,1.98523965067,0.888133527931,0.482972136223,0.792996921587,0.398962641817,2.35,1.98764705882,0.792996921587,2.35,0.162418300654,0.0584415584416,3,0.00441176470588,0.192081529582,17,17,17,1,0,0.294117647059,0.470588235294,0.235294117647,1,0.00367647058824,0.105294117647,0.117647058824,-0.19696969697,0.0769230769231,-0.030672370045,-0.0170984847437,-0.00510417538281,-0.0514327453931,-0.0483844741355,-0.0229269517195,0.106566777414,0.0249595050838,0.0123839009288,0.00679935249481,-0.0187048167638,0.1,0.105294117647,0.00679935249481,0.1,-0.00392156862745,-0.00278293135436,0,0,0.00612914862915,-0.0588235294118,0.0588235294118,0,37,1,0,234,1,0.995744680851,0.00425531914894,0,0.973684210526,1,0.986666666667,0.984652666406,0.995744680851,0.973684210526,3,2,0,0,0,0
2254,WLNM_dir_neg,1,0.5,00:00:01,10,60,1,1984532174,threshold_sweep,0.4,0.666666666667,1,0.8,2,1,0,3,1,0.75,0.25,0,0.666666666667,1,0.8,0.833333333333,0.5,0.666666666667,0.707106781187,0.75,37,35,2,0,37,0,35,0,2,17,37,0.136029411765,1.88235294118,4.35294117647,3.36363636364,2.84615384615,1.69341284359,0.389027274878,0.193958664547,2.09866904602,0.964253345467,0.518282988871,1.87867287326,0.863174022847,0.470588235294,0.786197569093,0.41766745858,2.25,1.88235294118,0.786197569093,2.25,0.166339869281,0.0612244897959,3,0.00441176470588,0.185952380952,17,17,17,1,0,0.352941176471,0.411764705882,0.235294117647,17,0.128676470588,1.90196078431,4.11764705882,3.18181818182,2.69230769231,1.57648156274,0.382859808093,0.201680672269,2.01465221053,0.978545359402,0.524369747899,1.74894926439,0.849489642704,0.463865546218,0.814492905316,0.428238537847,2.33333333333,1.90196078431,0.814492905316,2.33333333333,0,0,0,0,0.164242424242,17,17,17,1,0,0.352941176471,0.411764705882,0.235294117647,17,38,0.139705882353,1.98764705882,4.47058823529,3.16666666667,2.92307692308,1.66274047354,0.371928790134,0.188854489164,2.04723630062,0.915868871331,0.495356037152,1.98523965067,0.888133527931,0.482972136223,0.792996921587,0.398962641817,2.35,1.98764705882,0.792996921587,2.35,0.162418300654,0.0584415584416,3,0.00441176470588,0.192081529582,17,17,17,1,0,0.294117647059,0.470588235294,0.235294117647,1,0.00367647058824,0.105294117647,0.117647058824,-0.19696969697,0.0769230769231,-0.030672370045,-0.0170984847437,-0.00510417538281,-0.0514327453931,-0.0483844741355,-0.0229269517195,0.106566777414,0.0249595050838,0.0123839009288,0.00679935249481,-0.0187048167638,0.1,0.105294117647,0.00679935249481,0.1,-0.00392156862745,-0.00278293135436,0,0,0.00612914862915,-0.0588235294118,0.0588235294118,0,37,1,0,234,1,0.995744680851,0.00425531914894,0,0.973684210526,1,0.986666666667,0.984652666406,0.995744680851,0.973684210526,3,2,0,0,0,0
2255,WLNM_dir_neg,1,0.5,00:00:01,10,60,1,1984532174,threshold_sweep,0.5,1,1,1,2,0,0,4,1,1,0,0,1,1,1,1,0.555555555556,1,1,1,37,35,2,0,37,0,35,0,2,17,37,0.136029411765,1.88235294118,4.35294117647,3.36363636364,2.84615384615,1.69341284359,0.389027274878,0.193958664547,2.09866904602,0.964253345467,0.518282988871,1.87867287326,0.863174022847,0.470588235294,0.786197569093,0.41766745858,2.25,1.88235294118,0.786197569093,2.25,0.166339869281,0.0612244897959,3,0.00441176470588,0.185952380952,17,17,17,1,0,0.352941176471,0.411764705882,0.235294117647,17,0.128676470588,1.90196078431,4.11764705882,3.18181818182,2.69230769231,1.57648156274,0.382859808093,0.201680672269,2.01465221053,0.978545359402,0.524369747899,1.74894926439,0.849489642704,0.463865546218,0.814492905316,0.428238537847,2.33333333333,1.90196078431,0.814492905316,2.33333333333,0,0,0,0,0.164242424242,17,17,17,1,0,0.352941176471,0.411764705882,0.235294117647,17,37,0.136029411765,1.88235294118,4.35294117647,3.36363636364,2.84615384615,1.69341284359,0.389027274878,0.193958664547,2.09866904602,0.964253345467,0.518282988871,1.87867287326,0.863174022847,0.470588235294,0.786197569093,0.41766745858,2.25,1.88235294118,0.786197569093,2.25,0.166339869281,0.0612244897959,3,0.00441176470588,0.185952380952,17,17,17,1,0,0.352941176471,0.411764705882,0.235294117647,0,0,0,0,0,0,0,0,0,0,0,0,0,0,0,0,0,0,0,0,0,0,0,0,0,0,0,0,0,37,0,0,235,1,1,0,0,1,1,1,1,1,1,2,2,0,0,0,0
2256,WLNM_dir_neg,1,0.5,00:00:01,10,60,1,1984532174,threshold_sweep,0.6,1,1,1,2,0,0,4,1,1,0,0,1,1,1,1,0.555555555556,1,1,1,37,35,2,0,37,0,35,0,2,17,37,0.136029411765,1.88235294118,4.35294117647,3.36363636364,2.84615384615,1.69341284359,0.389027274878,0.193958664547,2.09866904602,0.964253345467,0.518282988871,1.87867287326,0.863174022847,0.470588235294,0.786197569093,0.41766745858,2.25,1.88235294118,0.786197569093,2.25,0.166339869281,0.0612244897959,3,0.00441176470588,0.185952380952,17,17,17,1,0,0.352941176471,0.411764705882,0.235294117647,17,0.128676470588,1.90196078431,4.11764705882,3.18181818182,2.69230769231,1.57648156274,0.382859808093,0.201680672269,2.01465221053,0.978545359402,0.524369747899,1.74894926439,0.849489642704,0.463865546218,0.814492905316,0.428238537847,2.33333333333,1.90196078431,0.814492905316,2.33333333333,0,0,0,0,0.164242424242,17,17,17,1,0,0.352941176471,0.411764705882,0.235294117647,17,37,0.136029411765,1.88235294118,4.35294117647,3.36363636364,2.84615384615,1.69341284359,0.389027274878,0.193958664547,2.09866904602,0.964253345467,0.518282988871,1.87867287326,0.863174022847,0.470588235294,0.786197569093,0.41766745858,2.25,1.88235294118,0.786197569093,2.25,0.166339869281,0.0612244897959,3,0.00441176470588,0.185952380952,17,17,17,1,0,0.352941176471,0.411764705882,0.235294117647,0,0,0,0,0,0,0,0,0,0,0,0,0,0,0,0,0,0,0,0,0,0,0,0,0,0,0,0,0,37,0,0,235,1,1,0,0,1,1,1,1,1,1,2,2,0,0,0,0
2257,WLNM_dir_neg,1,0.5,00:00:01,10,60,1,1984532174,threshold_sweep,0.7,1,1,1,2,0,0,4,1,1,0,0,1,1,1,1,0.555555555556,1,1,1,37,35,2,0,37,0,35,0,2,17,37,0.136029411765,1.88235294118,4.35294117647,3.36363636364,2.84615384615,1.69341284359,0.389027274878,0.193958664547,2.09866904602,0.964253345467,0.518282988871,1.87867287326,0.863174022847,0.470588235294,0.786197569093,0.41766745858,2.25,1.88235294118,0.786197569093,2.25,0.166339869281,0.0612244897959,3,0.00441176470588,0.185952380952,17,17,17,1,0,0.352941176471,0.411764705882,0.235294117647,17,0.128676470588,1.90196078431,4.11764705882,3.18181818182,2.69230769231,1.57648156274,0.382859808093,0.201680672269,2.01465221053,0.978545359402,0.524369747899,1.74894926439,0.849489642704,0.463865546218,0.814492905316,0.428238537847,2.33333333333,1.90196078431,0.814492905316,2.33333333333,0,0,0,0,0.164242424242,17,17,17,1,0,0.352941176471,0.411764705882,0.235294117647,17,37,0.136029411765,1.88235294118,4.35294117647,3.36363636364,2.84615384615,1.69341284359,0.389027274878,0.193958664547,2.09866904602,0.964253345467,0.518282988871,1.87867287326,0.863174022847,0.470588235294,0.786197569093,0.41766745858,2.25,1.88235294118,0.786197569093,2.25,0.166339869281,0.0612244897959,3,0.00441176470588,0.185952380952,17,17,17,1,0,0.352941176471,0.411764705882,0.235294117647,0,0,0,0,0,0,0,0,0,0,0,0,0,0,0,0,0,0,0,0,0,0,0,0,0,0,0,0,0,37,0,0,235,1,1,0,0,1,1,1,1,1,1,2,2,0,0,0,0
2258,WLNM_dir_neg,1,0.5,00:00:01,10,60,1,1984532174,threshold_sweep,0.8,1,1,1,2,0,0,4,1,1,0,0,1,1,1,1,0.555555555556,1,1,1,37,35,2,0,37,0,35,0,2,17,37,0.136029411765,1.88235294118,4.35294117647,3.36363636364,2.84615384615,1.69341284359,0.389027274878,0.193958664547,2.09866904602,0.964253345467,0.518282988871,1.87867287326,0.863174022847,0.470588235294,0.786197569093,0.41766745858,2.25,1.88235294118,0.786197569093,2.25,0.166339869281,0.0612244897959,3,0.00441176470588,0.185952380952,17,17,17,1,0,0.352941176471,0.411764705882,0.235294117647,17,0.128676470588,1.90196078431,4.11764705882,3.18181818182,2.69230769231,1.57648156274,0.382859808093,0.201680672269,2.01465221053,0.978545359402,0.524369747899,1.74894926439,0.849489642704,0.463865546218,0.814492905316,0.428238537847,2.33333333333,1.90196078431,0.814492905316,2.33333333333,0,0,0,0,0.164242424242,17,17,17,1,0,0.352941176471,0.411764705882,0.235294117647,17,37,0.136029411765,1.88235294118,4.35294117647,3.36363636364,2.84615384615,1.69341284359,0.389027274878,0.193958664547,2.09866904602,0.964253345467,0.518282988871,1.87867287326,0.863174022847,0.470588235294,0.786197569093,0.41766745858,2.25,1.88235294118,0.786197569093,2.25,0.166339869281,0.0612244897959,3,0.00441176470588,0.185952380952,17,17,17,1,0,0.352941176471,0.411764705882,0.235294117647,0,0,0,0,0,0,0,0,0,0,0,0,0,0,0,0,0,0,0,0,0,0,0,0,0,0,0,0,0,37,0,0,235,1,1,0,0,1,1,1,1,1,1,2,2,0,0,0,0
2259,WLNM_dir_neg,1,0.5,00:00:01,10,60,1,1984532174,threshold_sweep,0.9,1,1,1,2,0,0,4,1,1,0,0,1,1,1,1,0.555555555556,1,1,1,37,35,2,0,37,0,35,0,2,17,37,0.136029411765,1.88235294118,4.35294117647,3.36363636364,2.84615384615,1.69341284359,0.389027274878,0.193958664547,2.09866904602,0.964253345467,0.518282988871,1.87867287326,0.863174022847,0.470588235294,0.786197569093,0.41766745858,2.25,1.88235294118,0.786197569093,2.25,0.166339869281,0.0612244897959,3,0.00441176470588,0.185952380952,17,17,17,1,0,0.352941176471,0.411764705882,0.235294117647,17,0.128676470588,1.90196078431,4.11764705882,3.18181818182,2.69230769231,1.57648156274,0.382859808093,0.201680672269,2.01465221053,0.978545359402,0.524369747899,1.74894926439,0.849489642704,0.463865546218,0.814492905316,0.428238537847,2.33333333333,1.90196078431,0.814492905316,2.33333333333,0,0,0,0,0.164242424242,17,17,17,1,0,0.352941176471,0.411764705882,0.235294117647,17,37,0.136029411765,1.88235294118,4.35294117647,3.36363636364,2.84615384615,1.69341284359,0.389027274878,0.193958664547,2.09866904602,0.964253345467,0.518282988871,1.87867287326,0.863174022847,0.470588235294,0.786197569093,0.41766745858,2.25,1.88235294118,0.786197569093,2.25,0.166339869281,0.0612244897959,3,0.00441176470588,0.185952380952,17,17,17,1,0,0.352941176471,0.411764705882,0.235294117647,0,0,0,0,0,0,0,0,0,0,0,0,0,0,0,0,0,0,0,0,0,0,0,0,0,0,0,0,0,37,0,0,235,1,1,0,0,1,1,1,1,1,1,2,2,0,0,0,0
2260,WLNM_dir_neg,1,0.5,00:00:01,10,60,2,1984532175,threshold_sweep,0.1,0.666666666667,1,0.8,2,1,0,3,1,0.75,0.25,0,0.666666666667,1,0.8,0.833333333333,0.5,0.666666666667,0.707106781187,0.75,37,35,2,0,37,0,35,0,2,17,37,0.136029411765,1.88235294118,4.35294117647,3.36363636364,2.84615384615,1.69341284359,0.389027274878,0.193958664547,2.09866904602,0.964253345467,0.518282988871,1.87867287326,0.863174022847,0.470588235294,0.786197569093,0.41766745858,2.25,1.88235294118,0.786197569093,2.25,0.166339869281,0.0612244897959,3,0.00441176470588,0.185952380952,17,17,17,1,0,0.352941176471,0.411764705882,0.235294117647,17,0.128676470588,1.90196078431,4.11764705882,3.18181818182,2.69230769231,1.57648156274,0.382859808093,0.201680672269,2.01465221053,0.978545359402,0.524369747899,1.74894926439,0.849489642704,0.463865546218,0.814492905316,0.428238537847,2.33333333333,1.90196078431,0.814492905316,2.33333333333,0,0,0,0,0.164242424242,17,17,17,1,0,0.352941176471,0.411764705882,0.235294117647,17,38,0.139705882353,2.23970588235,4.47058823529,3.16666666667,2.92307692308,1.87475488594,0.419353066592,0.201238390093,2.04723630062,0.915868871331,0.495356037152,1.95350363977,0.873935838844,0.473684210526,0.963426364325,0.430157536271,2.5,2.23970588235,0.963426364325,2.5,0.166339869281,0.0612244897959,3,0.00441176470588,0.180717893218,17,17,17,1,0,0.294117647059,0.470588235294,0.235294117647,1,0.00367647058824,0.357352941176,0.117647058824,-0.19696969697,0.0769230769231,0.181342042353,0.0303257917137,0.00727972554598,-0.0514327453931,-0.0483844741355,-0.0229269517195,0.0748307665129,0.0107618159966,0.0030959752322,0.177228795233,0.0124900776909,0.25,0.357352941176,0.177228795233,0.25,0,0,0,0,-0.00523448773449,-0.0588235294118,0.0588235294118,0,37,1,0,234,1,0.995744680851,0.00425531914894,0,0.973684210526,1,0.986666666667,0.984652666406,0.995744680851,0.973684210526,3,2,0,0,0,0
2261,WLNM_dir_neg,1,0.5,00:00:01,10,60,2,1984532175,threshold_sweep,0.2,0.666666666667,1,0.8,2,1,0,3,1,0.75,0.25,0,0.666666666667,1,0.8,0.833333333333,0.5,0.666666666667,0.707106781187,0.75,37,35,2,0,37,0,35,0,2,17,37,0.136029411765,1.88235294118,4.35294117647,3.36363636364,2.84615384615,1.69341284359,0.389027274878,0.193958664547,2.09866904602,0.964253345467,0.518282988871,1.87867287326,0.863174022847,0.470588235294,0.786197569093,0.41766745858,2.25,1.88235294118,0.786197569093,2.25,0.166339869281,0.0612244897959,3,0.00441176470588,0.185952380952,17,17,17,1,0,0.352941176471,0.411764705882,0.235294117647,17,0.128676470588,1.90196078431,4.11764705882,3.18181818182,2.69230769231,1.57648156274,0.382859808093,0.201680672269,2.01465221053,0.978545359402,0.524369747899,1.74894926439,0.849489642704,0.463865546218,0.814492905316,0.428238537847,2.33333333333,1.90196078431,0.814492905316,2.33333333333,0,0,0,0,0.164242424242,17,17,17,1,0,0.352941176471,0.411764705882,0.235294117647,17,38,0.139705882353,2.23970588235,4.47058823529,3.16666666667,2.92307692308,1.87475488594,0.419353066592,0.201238390093,2.04723630062,0.915868871331,0.495356037152,1.95350363977,0.873935838844,0.473684210526,0.963426364325,0.430157536271,2.5,2.23970588235,0.963426364325,2.5,0.166339869281,0.0612244897959,3,0.00441176470588,0.180717893218,17,17,17,1,0,0.294117647059,0.470588235294,0.235294117647,1,0.00367647058824,0.357352941176,0.117647058824,-0.19696969697,0.0769230769231,0.181342042353,0.0303257917137,0.00727972554598,-0.0514327453931,-0.0483844741355,-0.0229269517195,0.0748307665129,0.0107618159966,0.0030959752322,0.177228795233,0.0124900776909,0.25,0.357352941176,0.177228795233,0.25,0,0,0,0,-0.00523448773449,-0.0588235294118,0.0588235294118,0,37,1,0,234,1,0.995744680851,0.00425531914894,0,0.973684210526,1,0.986666666667,0.984652666406,0.995744680851,0.973684210526,3,2,0,0,0,0
2262,WLNM_dir_neg,1,0.5,00:00:01,10,60,2,1984532175,threshold_sweep,0.3,0.666666666667,1,0.8,2,1,0,3,1,0.75,0.25,0,0.666666666667,1,0.8,0.833333333333,0.5,0.666666666667,0.707106781187,0.75,37,35,2,0,37,0,35,0,2,17,37,0.136029411765,1.88235294118,4.35294117647,3.36363636364,2.84615384615,1.69341284359,0.389027274878,0.193958664547,2.09866904602,0.964253345467,0.518282988871,1.87867287326,0.863174022847,0.470588235294,0.786197569093,0.41766745858,2.25,1.88235294118,0.786197569093,2.25,0.166339869281,0.0612244897959,3,0.00441176470588,0.185952380952,17,17,17,1,0,0.352941176471,0.411764705882,0.235294117647,17,0.128676470588,1.90196078431,4.11764705882,3.18181818182,2.69230769231,1.57648156274,0.382859808093,0.201680672269,2.01465221053,0.978545359402,0.524369747899,1.74894926439,0.849489642704,0.463865546218,0.814492905316,0.428238537847,2.33333333333,1.90196078431,0.814492905316,2.33333333333,0,0,0,0,0.164242424242,17,17,17,1,0,0.352941176471,0.411764705882,0.235294117647,17,38,0.139705882353,2.23970588235,4.47058823529,3.16666666667,2.92307692308,1.87475488594,0.419353066592,0.201238390093,2.04723630062,0.915868871331,0.495356037152,1.95350363977,0.873935838844,0.473684210526,0.963426364325,0.430157536271,2.5,2.23970588235,0.963426364325,2.5,0.166339869281,0.0612244897959,3,0.00441176470588,0.180717893218,17,17,17,1,0,0.294117647059,0.470588235294,0.235294117647,1,0.00367647058824,0.357352941176,0.117647058824,-0.19696969697,0.0769230769231,0.181342042353,0.0303257917137,0.00727972554598,-0.0514327453931,-0.0483844741355,-0.0229269517195,0.0748307665129,0.0107618159966,0.0030959752322,0.177228795233,0.0124900776909,0.25,0.357352941176,0.177228795233,0.25,0,0,0,0,-0.00523448773449,-0.0588235294118,0.0588235294118,0,37,1,0,234,1,0.995744680851,0.00425531914894,0,0.973684210526,1,0.986666666667,0.984652666406,0.995744680851,0.973684210526,3,2,0,0,0,0
2263,WLNM_dir_neg,1,0.5,00:00:01,10,60,2,1984532175,threshold_sweep,0.4,0.666666666667,1,0.8,2,1,0,3,1,0.75,0.25,0,0.666666666667,1,0.8,0.833333333333,0.5,0.666666666667,0.707106781187,0.75,37,35,2,0,37,0,35,0,2,17,37,0.136029411765,1.88235294118,4.35294117647,3.36363636364,2.84615384615,1.69341284359,0.389027274878,0.193958664547,2.09866904602,0.964253345467,0.518282988871,1.87867287326,0.863174022847,0.470588235294,0.786197569093,0.41766745858,2.25,1.88235294118,0.786197569093,2.25,0.166339869281,0.0612244897959,3,0.00441176470588,0.185952380952,17,17,17,1,0,0.352941176471,0.411764705882,0.235294117647,17,0.128676470588,1.90196078431,4.11764705882,3.18181818182,2.69230769231,1.57648156274,0.382859808093,0.201680672269,2.01465221053,0.978545359402,0.524369747899,1.74894926439,0.849489642704,0.463865546218,0.814492905316,0.428238537847,2.33333333333,1.90196078431,0.814492905316,2.33333333333,0,0,0,0,0.164242424242,17,17,17,1,0,0.352941176471,0.411764705882,0.235294117647,17,38,0.139705882353,2.23970588235,4.47058823529,3.16666666667,2.92307692308,1.87475488594,0.419353066592,0.201238390093,2.04723630062,0.915868871331,0.495356037152,1.95350363977,0.873935838844,0.473684210526,0.963426364325,0.430157536271,2.5,2.23970588235,0.963426364325,2.5,0.166339869281,0.0612244897959,3,0.00441176470588,0.180717893218,17,17,17,1,0,0.294117647059,0.470588235294,0.235294117647,1,0.00367647058824,0.357352941176,0.117647058824,-0.19696969697,0.0769230769231,0.181342042353,0.0303257917137,0.00727972554598,-0.0514327453931,-0.0483844741355,-0.0229269517195,0.0748307665129,0.0107618159966,0.0030959752322,0.177228795233,0.0124900776909,0.25,0.357352941176,0.177228795233,0.25,0,0,0,0,-0.00523448773449,-0.0588235294118,0.0588235294118,0,37,1,0,234,1,0.995744680851,0.00425531914894,0,0.973684210526,1,0.986666666667,0.984652666406,0.995744680851,0.973684210526,3,2,0,0,0,0
2264,WLNM_dir_neg,1,0.5,00:00:01,10,60,2,1984532175,threshold_sweep,0.5,0.666666666667,1,0.8,2,1,0,3,1,0.75,0.25,0,0.666666666667,1,0.8,0.833333333333,0.5,0.666666666667,0.707106781187,0.75,37,35,2,0,37,0,35,0,2,17,37,0.136029411765,1.88235294118,4.35294117647,3.36363636364,2.84615384615,1.69341284359,0.389027274878,0.193958664547,2.09866904602,0.964253345467,0.518282988871,1.87867287326,0.863174022847,0.470588235294,0.786197569093,0.41766745858,2.25,1.88235294118,0.786197569093,2.25,0.166339869281,0.0612244897959,3,0.00441176470588,0.185952380952,17,17,17,1,0,0.352941176471,0.411764705882,0.235294117647,17,0.128676470588,1.90196078431,4.11764705882,3.18181818182,2.69230769231,1.57648156274,0.382859808093,0.201680672269,2.01465221053,0.978545359402,0.524369747899,1.74894926439,0.849489642704,0.463865546218,0.814492905316,0.428238537847,2.33333333333,1.90196078431,0.814492905316,2.33333333333,0,0,0,0,0.164242424242,17,17,17,1,0,0.352941176471,0.411764705882,0.235294117647,17,38,0.139705882353,2.23970588235,4.47058823529,3.16666666667,2.92307692308,1.87475488594,0.419353066592,0.201238390093,2.04723630062,0.915868871331,0.495356037152,1.95350363977,0.873935838844,0.473684210526,0.963426364325,0.430157536271,2.5,2.23970588235,0.963426364325,2.5,0.166339869281,0.0612244897959,3,0.00441176470588,0.180717893218,17,17,17,1,0,0.294117647059,0.470588235294,0.235294117647,1,0.00367647058824,0.357352941176,0.117647058824,-0.19696969697,0.0769230769231,0.181342042353,0.0303257917137,0.00727972554598,-0.0514327453931,-0.0483844741355,-0.0229269517195,0.0748307665129,0.0107618159966,0.0030959752322,0.177228795233,0.0124900776909,0.25,0.357352941176,0.177228795233,0.25,0,0,0,0,-0.00523448773449,-0.0588235294118,0.0588235294118,0,37,1,0,234,1,0.995744680851,0.00425531914894,0,0.973684210526,1,0.986666666667,0.984652666406,0.995744680851,0.973684210526,3,2,0,0,0,0
2265,WLNM_dir_neg,1,0.5,00:00:01,10,60,2,1984532175,threshold_sweep,0.6,0.666666666667,1,0.8,2,1,0,3,1,0.75,0.25,0,0.666666666667,1,0.8,0.833333333333,0.5,0.666666666667,0.707106781187,0.75,37,35,2,0,37,0,35,0,2,17,37,0.136029411765,1.88235294118,4.35294117647,3.36363636364,2.84615384615,1.69341284359,0.389027274878,0.193958664547,2.09866904602,0.964253345467,0.518282988871,1.87867287326,0.863174022847,0.470588235294,0.786197569093,0.41766745858,2.25,1.88235294118,0.786197569093,2.25,0.166339869281,0.0612244897959,3,0.00441176470588,0.185952380952,17,17,17,1,0,0.352941176471,0.411764705882,0.235294117647,17,0.128676470588,1.90196078431,4.11764705882,3.18181818182,2.69230769231,1.57648156274,0.382859808093,0.201680672269,2.01465221053,0.978545359402,0.524369747899,1.74894926439,0.849489642704,0.463865546218,0.814492905316,0.428238537847,2.33333333333,1.90196078431,0.814492905316,2.33333333333,0,0,0,0,0.164242424242,17,17,17,1,0,0.352941176471,0.411764705882,0.235294117647,17,38,0.139705882353,2.23970588235,4.47058823529,3.16666666667,2.92307692308,1.87475488594,0.419353066592,0.201238390093,2.04723630062,0.915868871331,0.495356037152,1.95350363977,0.873935838844,0.473684210526,0.963426364325,0.430157536271,2.5,2.23970588235,0.963426364325,2.5,0.166339869281,0.0612244897959,3,0.00441176470588,0.180717893218,17,17,17,1,0,0.294117647059,0.470588235294,0.235294117647,1,0.00367647058824,0.357352941176,0.117647058824,-0.19696969697,0.0769230769231,0.181342042353,0.0303257917137,0.00727972554598,-0.0514327453931,-0.0483844741355,-0.0229269517195,0.0748307665129,0.0107618159966,0.0030959752322,0.177228795233,0.0124900776909,0.25,0.357352941176,0.177228795233,0.25,0,0,0,0,-0.00523448773449,-0.0588235294118,0.0588235294118,0,37,1,0,234,1,0.995744680851,0.00425531914894,0,0.973684210526,1,0.986666666667,0.984652666406,0.995744680851,0.973684210526,3,2,0,0,0,0
2266,WLNM_dir_neg,1,0.5,00:00:01,10,60,2,1984532175,threshold_sweep,0.7,1,1,1,2,0,0,4,1,1,0,0,1,1,1,1,0.555555555556,1,1,1,37,35,2,0,37,0,35,0,2,17,37,0.136029411765,1.88235294118,4.35294117647,3.36363636364,2.84615384615,1.69341284359,0.389027274878,0.193958664547,2.09866904602,0.964253345467,0.518282988871,1.87867287326,0.863174022847,0.470588235294,0.786197569093,0.41766745858,2.25,1.88235294118,0.786197569093,2.25,0.166339869281,0.0612244897959,3,0.00441176470588,0.185952380952,17,17,17,1,0,0.352941176471,0.411764705882,0.235294117647,17,0.128676470588,1.90196078431,4.11764705882,3.18181818182,2.69230769231,1.57648156274,0.382859808093,0.201680672269,2.01465221053,0.978545359402,0.524369747899,1.74894926439,0.849489642704,0.463865546218,0.814492905316,0.428238537847,2.33333333333,1.90196078431,0.814492905316,2.33333333333,0,0,0,0,0.164242424242,17,17,17,1,0,0.352941176471,0.411764705882,0.235294117647,17,37,0.136029411765,1.88235294118,4.35294117647,3.36363636364,2.84615384615,1.69341284359,0.389027274878,0.193958664547,2.09866904602,0.964253345467,0.518282988871,1.87867287326,0.863174022847,0.470588235294,0.786197569093,0.41766745858,2.25,1.88235294118,0.786197569093,2.25,0.166339869281,0.0612244897959,3,0.00441176470588,0.185952380952,17,17,17,1,0,0.352941176471,0.411764705882,0.235294117647,0,0,0,0,0,0,0,0,0,0,0,0,0,0,0,0,0,0,0,0,0,0,0,0,0,0,0,0,0,37,0,0,235,1,1,0,0,1,1,1,1,1,1,2,2,0,0,0,0
2267,WLNM_dir_neg,1,0.5,00:00:01,10,60,2,1984532175,threshold_sweep,0.8,1,1,1,2,0,0,4,1,1,0,0,1,1,1,1,0.555555555556,1,1,1,37,35,2,0,37,0,35,0,2,17,37,0.136029411765,1.88235294118,4.35294117647,3.36363636364,2.84615384615,1.69341284359,0.389027274878,0.193958664547,2.09866904602,0.964253345467,0.518282988871,1.87867287326,0.863174022847,0.470588235294,0.786197569093,0.41766745858,2.25,1.88235294118,0.786197569093,2.25,0.166339869281,0.0612244897959,3,0.00441176470588,0.185952380952,17,17,17,1,0,0.352941176471,0.411764705882,0.235294117647,17,0.128676470588,1.90196078431,4.11764705882,3.18181818182,2.69230769231,1.57648156274,0.382859808093,0.201680672269,2.01465221053,0.978545359402,0.524369747899,1.74894926439,0.849489642704,0.463865546218,0.814492905316,0.428238537847,2.33333333333,1.90196078431,0.814492905316,2.33333333333,0,0,0,0,0.164242424242,17,17,17,1,0,0.352941176471,0.411764705882,0.235294117647,17,37,0.136029411765,1.88235294118,4.35294117647,3.36363636364,2.84615384615,1.69341284359,0.389027274878,0.193958664547,2.09866904602,0.964253345467,0.518282988871,1.87867287326,0.863174022847,0.470588235294,0.786197569093,0.41766745858,2.25,1.88235294118,0.786197569093,2.25,0.166339869281,0.0612244897959,3,0.00441176470588,0.185952380952,17,17,17,1,0,0.352941176471,0.411764705882,0.235294117647,0,0,0,0,0,0,0,0,0,0,0,0,0,0,0,0,0,0,0,0,0,0,0,0,0,0,0,0,0,37,0,0,235,1,1,0,0,1,1,1,1,1,1,2,2,0,0,0,0
2268,WLNM_dir_neg,1,0.5,00:00:01,10,60,2,1984532175,threshold_sweep,0.9,1,1,1,2,0,0,4,1,1,0,0,1,1,1,1,0.555555555556,1,1,1,37,35,2,0,37,0,35,0,2,17,37,0.136029411765,1.88235294118,4.35294117647,3.36363636364,2.84615384615,1.69341284359,0.389027274878,0.193958664547,2.09866904602,0.964253345467,0.518282988871,1.87867287326,0.863174022847,0.470588235294,0.786197569093,0.41766745858,2.25,1.88235294118,0.786197569093,2.25,0.166339869281,0.0612244897959,3,0.00441176470588,0.185952380952,17,17,17,1,0,0.352941176471,0.411764705882,0.235294117647,17,0.128676470588,1.90196078431,4.11764705882,3.18181818182,2.69230769231,1.57648156274,0.382859808093,0.201680672269,2.01465221053,0.978545359402,0.524369747899,1.74894926439,0.849489642704,0.463865546218,0.814492905316,0.428238537847,2.33333333333,1.90196078431,0.814492905316,2.33333333333,0,0,0,0,0.164242424242,17,17,17,1,0,0.352941176471,0.411764705882,0.235294117647,17,37,0.136029411765,1.88235294118,4.35294117647,3.36363636364,2.84615384615,1.69341284359,0.389027274878,0.193958664547,2.09866904602,0.964253345467,0.518282988871,1.87867287326,0.863174022847,0.470588235294,0.786197569093,0.41766745858,2.25,1.88235294118,0.786197569093,2.25,0.166339869281,0.0612244897959,3,0.00441176470588,0.185952380952,17,17,17,1,0,0.352941176471,0.411764705882,0.235294117647,0,0,0,0,0,0,0,0,0,0,0,0,0,0,0,0,0,0,0,0,0,0,0,0,0,0,0,0,0,37,0,0,235,1,1,0,0,1,1,1,1,1,1,2,2,0,0,0,0
2269,WLNM_dir_neg,1,0.5,00:00:02,10,60,3,1984532176,threshold_sweep,0.1,1,1,1,2,0,0,4,1,1,0,0,1,1,1,1,0.555555555556,1,1,1,37,35,2,0,37,0,35,0,2,17,37,0.136029411765,1.88235294118,4.35294117647,3.36363636364,2.84615384615,1.69341284359,0.389027274878,0.193958664547,2.09866904602,0.964253345467,0.518282988871,1.87867287326,0.863174022847,0.470588235294,0.786197569093,0.41766745858,2.25,1.88235294118,0.786197569093,2.25,0.166339869281,0.0612244897959,3,0.00441176470588,0.185952380952,17,17,17,1,0,0.352941176471,0.411764705882,0.235294117647,17,0.128676470588,1.90196078431,4.11764705882,3.18181818182,2.69230769231,1.57648156274,0.382859808093,0.201680672269,2.01465221053,0.978545359402,0.524369747899,1.74894926439,0.849489642704,0.463865546218,0.814492905316,0.428238537847,2.33333333333,1.90196078431,0.814492905316,2.33333333333,0,0,0,0,0.164242424242,17,17,17,1,0,0.352941176471,0.411764705882,0.235294117647,17,37,0.136029411765,1.88235294118,4.35294117647,3.36363636364,2.84615384615,1.69341284359,0.389027274878,0.193958664547,2.09866904602,0.964253345467,0.518282988871,1.87867287326,0.863174022847,0.470588235294,0.786197569093,0.41766745858,2.25,1.88235294118,0.786197569093,2.25,0.166339869281,0.0612244897959,3,0.00441176470588,0.185952380952,17,17,17,1,0,0.352941176471,0.411764705882,0.235294117647,0,0,0,0,0,0,0,0,0,0,0,0,0,0,0,0,0,0,0,0,0,0,0,0,0,0,0,0,0,37,0,0,235,1,1,0,0,1,1,1,1,1,1,2,2,0,0,0,0
2270,WLNM_dir_neg,1,0.5,00:00:02,10,60,3,1984532176,threshold_sweep,0.2,1,1,1,2,0,0,4,1,1,0,0,1,1,1,1,0.555555555556,1,1,1,37,35,2,0,37,0,35,0,2,17,37,0.136029411765,1.88235294118,4.35294117647,3.36363636364,2.84615384615,1.69341284359,0.389027274878,0.193958664547,2.09866904602,0.964253345467,0.518282988871,1.87867287326,0.863174022847,0.470588235294,0.786197569093,0.41766745858,2.25,1.88235294118,0.786197569093,2.25,0.166339869281,0.0612244897959,3,0.00441176470588,0.185952380952,17,17,17,1,0,0.352941176471,0.411764705882,0.235294117647,17,0.128676470588,1.90196078431,4.11764705882,3.18181818182,2.69230769231,1.57648156274,0.382859808093,0.201680672269,2.01465221053,0.978545359402,0.524369747899,1.74894926439,0.849489642704,0.463865546218,0.814492905316,0.428238537847,2.33333333333,1.90196078431,0.814492905316,2.33333333333,0,0,0,0,0.164242424242,17,17,17,1,0,0.352941176471,0.411764705882,0.235294117647,17,37,0.136029411765,1.88235294118,4.35294117647,3.36363636364,2.84615384615,1.69341284359,0.389027274878,0.193958664547,2.09866904602,0.964253345467,0.518282988871,1.87867287326,0.863174022847,0.470588235294,0.786197569093,0.41766745858,2.25,1.88235294118,0.786197569093,2.25,0.166339869281,0.0612244897959,3,0.00441176470588,0.185952380952,17,17,17,1,0,0.352941176471,0.411764705882,0.235294117647,0,0,0,0,0,0,0,0,0,0,0,0,0,0,0,0,0,0,0,0,0,0,0,0,0,0,0,0,0,37,0,0,235,1,1,0,0,1,1,1,1,1,1,2,2,0,0,0,0
2271,WLNM_dir_neg,1,0.5,00:00:02,10,60,3,1984532176,threshold_sweep,0.3,1,1,1,2,0,0,4,1,1,0,0,1,1,1,1,0.555555555556,1,1,1,37,35,2,0,37,0,35,0,2,17,37,0.136029411765,1.88235294118,4.35294117647,3.36363636364,2.84615384615,1.69341284359,0.389027274878,0.193958664547,2.09866904602,0.964253345467,0.518282988871,1.87867287326,0.863174022847,0.470588235294,0.786197569093,0.41766745858,2.25,1.88235294118,0.786197569093,2.25,0.166339869281,0.0612244897959,3,0.00441176470588,0.185952380952,17,17,17,1,0,0.352941176471,0.411764705882,0.235294117647,17,0.128676470588,1.90196078431,4.11764705882,3.18181818182,2.69230769231,1.57648156274,0.382859808093,0.201680672269,2.01465221053,0.978545359402,0.524369747899,1.74894926439,0.849489642704,0.463865546218,0.814492905316,0.428238537847,2.33333333333,1.90196078431,0.814492905316,2.33333333333,0,0,0,0,0.164242424242,17,17,17,1,0,0.352941176471,0.411764705882,0.235294117647,17,37,0.136029411765,1.88235294118,4.35294117647,3.36363636364,2.84615384615,1.69341284359,0.389027274878,0.193958664547,2.09866904602,0.964253345467,0.518282988871,1.87867287326,0.863174022847,0.470588235294,0.786197569093,0.41766745858,2.25,1.88235294118,0.786197569093,2.25,0.166339869281,0.0612244897959,3,0.00441176470588,0.185952380952,17,17,17,1,0,0.352941176471,0.411764705882,0.235294117647,0,0,0,0,0,0,0,0,0,0,0,0,0,0,0,0,0,0,0,0,0,0,0,0,0,0,0,0,0,37,0,0,235,1,1,0,0,1,1,1,1,1,1,2,2,0,0,0,0
2272,WLNM_dir_neg,1,0.5,00:00:02,10,60,3,1984532176,threshold_sweep,0.4,1,1,1,2,0,0,4,1,1,0,0,1,1,1,1,0.555555555556,1,1,1,37,35,2,0,37,0,35,0,2,17,37,0.136029411765,1.88235294118,4.35294117647,3.36363636364,2.84615384615,1.69341284359,0.389027274878,0.193958664547,2.09866904602,0.964253345467,0.518282988871,1.87867287326,0.863174022847,0.470588235294,0.786197569093,0.41766745858,2.25,1.88235294118,0.786197569093,2.25,0.166339869281,0.0612244897959,3,0.00441176470588,0.185952380952,17,17,17,1,0,0.352941176471,0.411764705882,0.235294117647,17,0.128676470588,1.90196078431,4.11764705882,3.18181818182,2.69230769231,1.57648156274,0.382859808093,0.201680672269,2.01465221053,0.978545359402,0.524369747899,1.74894926439,0.849489642704,0.463865546218,0.814492905316,0.428238537847,2.33333333333,1.90196078431,0.814492905316,2.33333333333,0,0,0,0,0.164242424242,17,17,17,1,0,0.352941176471,0.411764705882,0.235294117647,17,37,0.136029411765,1.88235294118,4.35294117647,3.36363636364,2.84615384615,1.69341284359,0.389027274878,0.193958664547,2.09866904602,0.964253345467,0.518282988871,1.87867287326,0.863174022847,0.470588235294,0.786197569093,0.41766745858,2.25,1.88235294118,0.786197569093,2.25,0.166339869281,0.0612244897959,3,0.00441176470588,0.185952380952,17,17,17,1,0,0.352941176471,0.411764705882,0.235294117647,0,0,0,0,0,0,0,0,0,0,0,0,0,0,0,0,0,0,0,0,0,0,0,0,0,0,0,0,0,37,0,0,235,1,1,0,0,1,1,1,1,1,1,2,2,0,0,0,0
2273,WLNM_dir_neg,1,0.5,00:00:02,10,60,3,1984532176,threshold_sweep,0.5,1,1,1,2,0,0,4,1,1,0,0,1,1,1,1,0.555555555556,1,1,1,37,35,2,0,37,0,35,0,2,17,37,0.136029411765,1.88235294118,4.35294117647,3.36363636364,2.84615384615,1.69341284359,0.389027274878,0.193958664547,2.09866904602,0.964253345467,0.518282988871,1.87867287326,0.863174022847,0.470588235294,0.786197569093,0.41766745858,2.25,1.88235294118,0.786197569093,2.25,0.166339869281,0.0612244897959,3,0.00441176470588,0.185952380952,17,17,17,1,0,0.352941176471,0.411764705882,0.235294117647,17,0.128676470588,1.90196078431,4.11764705882,3.18181818182,2.69230769231,1.57648156274,0.382859808093,0.201680672269,2.01465221053,0.978545359402,0.524369747899,1.74894926439,0.849489642704,0.463865546218,0.814492905316,0.428238537847,2.33333333333,1.90196078431,0.814492905316,2.33333333333,0,0,0,0,0.164242424242,17,17,17,1,0,0.352941176471,0.411764705882,0.235294117647,17,37,0.136029411765,1.88235294118,4.35294117647,3.36363636364,2.84615384615,1.69341284359,0.389027274878,0.193958664547,2.09866904602,0.964253345467,0.518282988871,1.87867287326,0.863174022847,0.470588235294,0.786197569093,0.41766745858,2.25,1.88235294118,0.786197569093,2.25,0.166339869281,0.0612244897959,3,0.00441176470588,0.185952380952,17,17,17,1,0,0.352941176471,0.411764705882,0.235294117647,0,0,0,0,0,0,0,0,0,0,0,0,0,0,0,0,0,0,0,0,0,0,0,0,0,0,0,0,0,37,0,0,235,1,1,0,0,1,1,1,1,1,1,2,2,0,0,0,0
2274,WLNM_dir_neg,1,0.5,00:00:02,10,60,3,1984532176,threshold_sweep,0.6,1,1,1,2,0,0,4,1,1,0,0,1,1,1,1,0.555555555556,1,1,1,37,35,2,0,37,0,35,0,2,17,37,0.136029411765,1.88235294118,4.35294117647,3.36363636364,2.84615384615,1.69341284359,0.389027274878,0.193958664547,2.09866904602,0.964253345467,0.518282988871,1.87867287326,0.863174022847,0.470588235294,0.786197569093,0.41766745858,2.25,1.88235294118,0.786197569093,2.25,0.166339869281,0.0612244897959,3,0.00441176470588,0.185952380952,17,17,17,1,0,0.352941176471,0.411764705882,0.235294117647,17,0.128676470588,1.90196078431,4.11764705882,3.18181818182,2.69230769231,1.57648156274,0.382859808093,0.201680672269,2.01465221053,0.978545359402,0.524369747899,1.74894926439,0.849489642704,0.463865546218,0.814492905316,0.428238537847,2.33333333333,1.90196078431,0.814492905316,2.33333333333,0,0,0,0,0.164242424242,17,17,17,1,0,0.352941176471,0.411764705882,0.235294117647,17,37,0.136029411765,1.88235294118,4.35294117647,3.36363636364,2.84615384615,1.69341284359,0.389027274878,0.193958664547,2.09866904602,0.964253345467,0.518282988871,1.87867287326,0.863174022847,0.470588235294,0.786197569093,0.41766745858,2.25,1.88235294118,0.786197569093,2.25,0.166339869281,0.0612244897959,3,0.00441176470588,0.185952380952,17,17,17,1,0,0.352941176471,0.411764705882,0.235294117647,0,0,0,0,0,0,0,0,0,0,0,0,0,0,0,0,0,0,0,0,0,0,0,0,0,0,0,0,0,37,0,0,235,1,1,0,0,1,1,1,1,1,1,2,2,0,0,0,0
2275,WLNM_dir_neg,1,0.5,00:00:02,10,60,3,1984532176,threshold_sweep,0.7,1,1,1,2,0,0,4,1,1,0,0,1,1,1,1,0.555555555556,1,1,1,37,35,2,0,37,0,35,0,2,17,37,0.136029411765,1.88235294118,4.35294117647,3.36363636364,2.84615384615,1.69341284359,0.389027274878,0.193958664547,2.09866904602,0.964253345467,0.518282988871,1.87867287326,0.863174022847,0.470588235294,0.786197569093,0.41766745858,2.25,1.88235294118,0.786197569093,2.25,0.166339869281,0.0612244897959,3,0.00441176470588,0.185952380952,17,17,17,1,0,0.352941176471,0.411764705882,0.235294117647,17,0.128676470588,1.90196078431,4.11764705882,3.18181818182,2.69230769231,1.57648156274,0.382859808093,0.201680672269,2.01465221053,0.978545359402,0.524369747899,1.74894926439,0.849489642704,0.463865546218,0.814492905316,0.428238537847,2.33333333333,1.90196078431,0.814492905316,2.33333333333,0,0,0,0,0.164242424242,17,17,17,1,0,0.352941176471,0.411764705882,0.235294117647,17,37,0.136029411765,1.88235294118,4.35294117647,3.36363636364,2.84615384615,1.69341284359,0.389027274878,0.193958664547,2.09866904602,0.964253345467,0.518282988871,1.87867287326,0.863174022847,0.470588235294,0.786197569093,0.41766745858,2.25,1.88235294118,0.786197569093,2.25,0.166339869281,0.0612244897959,3,0.00441176470588,0.185952380952,17,17,17,1,0,0.352941176471,0.411764705882,0.235294117647,0,0,0,0,0,0,0,0,0,0,0,0,0,0,0,0,0,0,0,0,0,0,0,0,0,0,0,0,0,37,0,0,235,1,1,0,0,1,1,1,1,1,1,2,2,0,0,0,0
2276,WLNM_dir_neg,1,0.5,00:00:02,10,60,3,1984532176,threshold_sweep,0.8,1,1,1,2,0,0,4,1,1,0,0,1,1,1,1,0.555555555556,1,1,1,37,35,2,0,37,0,35,0,2,17,37,0.136029411765,1.88235294118,4.35294117647,3.36363636364,2.84615384615,1.69341284359,0.389027274878,0.193958664547,2.09866904602,0.964253345467,0.518282988871,1.87867287326,0.863174022847,0.470588235294,0.786197569093,0.41766745858,2.25,1.88235294118,0.786197569093,2.25,0.166339869281,0.0612244897959,3,0.00441176470588,0.185952380952,17,17,17,1,0,0.352941176471,0.411764705882,0.235294117647,17,0.128676470588,1.90196078431,4.11764705882,3.18181818182,2.69230769231,1.57648156274,0.382859808093,0.201680672269,2.01465221053,0.978545359402,0.524369747899,1.74894926439,0.849489642704,0.463865546218,0.814492905316,0.428238537847,2.33333333333,1.90196078431,0.814492905316,2.33333333333,0,0,0,0,0.164242424242,17,17,17,1,0,0.352941176471,0.411764705882,0.235294117647,17,37,0.136029411765,1.88235294118,4.35294117647,3.36363636364,2.84615384615,1.69341284359,0.389027274878,0.193958664547,2.09866904602,0.964253345467,0.518282988871,1.87867287326,0.863174022847,0.470588235294,0.786197569093,0.41766745858,2.25,1.88235294118,0.786197569093,2.25,0.166339869281,0.0612244897959,3,0.00441176470588,0.185952380952,17,17,17,1,0,0.352941176471,0.411764705882,0.235294117647,0,0,0,0,0,0,0,0,0,0,0,0,0,0,0,0,0,0,0,0,0,0,0,0,0,0,0,0,0,37,0,0,235,1,1,0,0,1,1,1,1,1,1,2,2,0,0,0,0
2277,WLNM_dir_neg,1,0.5,00:00:02,10,60,3,1984532176,threshold_sweep,0.9,1,1,1,2,0,0,4,1,1,0,0,1,1,1,1,0.555555555556,1,1,1,37,35,2,0,37,0,35,0,2,17,37,0.136029411765,1.88235294118,4.35294117647,3.36363636364,2.84615384615,1.69341284359,0.389027274878,0.193958664547,2.09866904602,0.964253345467,0.518282988871,1.87867287326,0.863174022847,0.470588235294,0.786197569093,0.41766745858,2.25,1.88235294118,0.786197569093,2.25,0.166339869281,0.0612244897959,3,0.00441176470588,0.185952380952,17,17,17,1,0,0.352941176471,0.411764705882,0.235294117647,17,0.128676470588,1.90196078431,4.11764705882,3.18181818182,2.69230769231,1.57648156274,0.382859808093,0.201680672269,2.01465221053,0.978545359402,0.524369747899,1.74894926439,0.849489642704,0.463865546218,0.814492905316,0.428238537847,2.33333333333,1.90196078431,0.814492905316,2.33333333333,0,0,0,0,0.164242424242,17,17,17,1,0,0.352941176471,0.411764705882,0.235294117647,17,37,0.136029411765,1.88235294118,4.35294117647,3.36363636364,2.84615384615,1.69341284359,0.389027274878,0.193958664547,2.09866904602,0.964253345467,0.518282988871,1.87867287326,0.863174022847,0.470588235294,0.786197569093,0.41766745858,2.25,1.88235294118,0.786197569093,2.25,0.166339869281,0.0612244897959,3,0.00441176470588,0.185952380952,17,17,17,1,0,0.352941176471,0.411764705882,0.235294117647,0,0,0,0,0,0,0,0,0,0,0,0,0,0,0,0,0,0,0,0,0,0,0,0,0,0,0,0,0,37,0,0,235,1,1,0,0,1,1,1,1,1,1,2,2,0,0,0,0
2278,WLNM_dir_neg,1,0.5,00:00:01,10,60,4,1984532177,threshold_sweep,0.1,1,1,1,2,0,0,4,1,1,0,0,1,1,1,1,0.555555555556,1,1,1,37,35,2,0,37,0,35,0,2,17,37,0.136029411765,1.88235294118,4.35294117647,3.36363636364,2.84615384615,1.69341284359,0.389027274878,0.193958664547,2.09866904602,0.964253345467,0.518282988871,1.87867287326,0.863174022847,0.470588235294,0.786197569093,0.41766745858,2.25,1.88235294118,0.786197569093,2.25,0.166339869281,0.0612244897959,3,0.00441176470588,0.185952380952,17,17,17,1,0,0.352941176471,0.411764705882,0.235294117647,17,0.128676470588,1.90196078431,4.11764705882,3.18181818182,2.69230769231,1.57648156274,0.382859808093,0.201680672269,2.01465221053,0.978545359402,0.524369747899,1.74894926439,0.849489642704,0.463865546218,0.814492905316,0.428238537847,2.33333333333,1.90196078431,0.814492905316,2.33333333333,0,0,0,0,0.164242424242,17,17,17,1,0,0.352941176471,0.411764705882,0.235294117647,17,37,0.136029411765,1.88235294118,4.35294117647,3.36363636364,2.84615384615,1.69341284359,0.389027274878,0.193958664547,2.09866904602,0.964253345467,0.518282988871,1.87867287326,0.863174022847,0.470588235294,0.786197569093,0.41766745858,2.25,1.88235294118,0.786197569093,2.25,0.166339869281,0.0612244897959,3,0.00441176470588,0.185952380952,17,17,17,1,0,0.352941176471,0.411764705882,0.235294117647,0,0,0,0,0,0,0,0,0,0,0,0,0,0,0,0,0,0,0,0,0,0,0,0,0,0,0,0,0,37,0,0,235,1,1,0,0,1,1,1,1,1,1,2,2,0,0,0,0
2279,WLNM_dir_neg,1,0.5,00:00:01,10,60,4,1984532177,threshold_sweep,0.2,1,1,1,2,0,0,4,1,1,0,0,1,1,1,1,0.555555555556,1,1,1,37,35,2,0,37,0,35,0,2,17,37,0.136029411765,1.88235294118,4.35294117647,3.36363636364,2.84615384615,1.69341284359,0.389027274878,0.193958664547,2.09866904602,0.964253345467,0.518282988871,1.87867287326,0.863174022847,0.470588235294,0.786197569093,0.41766745858,2.25,1.88235294118,0.786197569093,2.25,0.166339869281,0.0612244897959,3,0.00441176470588,0.185952380952,17,17,17,1,0,0.352941176471,0.411764705882,0.235294117647,17,0.128676470588,1.90196078431,4.11764705882,3.18181818182,2.69230769231,1.57648156274,0.382859808093,0.201680672269,2.01465221053,0.978545359402,0.524369747899,1.74894926439,0.849489642704,0.463865546218,0.814492905316,0.428238537847,2.33333333333,1.90196078431,0.814492905316,2.33333333333,0,0,0,0,0.164242424242,17,17,17,1,0,0.352941176471,0.411764705882,0.235294117647,17,37,0.136029411765,1.88235294118,4.35294117647,3.36363636364,2.84615384615,1.69341284359,0.389027274878,0.193958664547,2.09866904602,0.964253345467,0.518282988871,1.87867287326,0.863174022847,0.470588235294,0.786197569093,0.41766745858,2.25,1.88235294118,0.786197569093,2.25,0.166339869281,0.0612244897959,3,0.00441176470588,0.185952380952,17,17,17,1,0,0.352941176471,0.411764705882,0.235294117647,0,0,0,0,0,0,0,0,0,0,0,0,0,0,0,0,0,0,0,0,0,0,0,0,0,0,0,0,0,37,0,0,235,1,1,0,0,1,1,1,1,1,1,2,2,0,0,0,0
2280,WLNM_dir_neg,1,0.5,00:00:01,10,60,4,1984532177,threshold_sweep,0.3,1,1,1,2,0,0,4,1,1,0,0,1,1,1,1,0.555555555556,1,1,1,37,35,2,0,37,0,35,0,2,17,37,0.136029411765,1.88235294118,4.35294117647,3.36363636364,2.84615384615,1.69341284359,0.389027274878,0.193958664547,2.09866904602,0.964253345467,0.518282988871,1.87867287326,0.863174022847,0.470588235294,0.786197569093,0.41766745858,2.25,1.88235294118,0.786197569093,2.25,0.166339869281,0.0612244897959,3,0.00441176470588,0.185952380952,17,17,17,1,0,0.352941176471,0.411764705882,0.235294117647,17,0.128676470588,1.90196078431,4.11764705882,3.18181818182,2.69230769231,1.57648156274,0.382859808093,0.201680672269,2.01465221053,0.978545359402,0.524369747899,1.74894926439,0.849489642704,0.463865546218,0.814492905316,0.428238537847,2.33333333333,1.90196078431,0.814492905316,2.33333333333,0,0,0,0,0.164242424242,17,17,17,1,0,0.352941176471,0.411764705882,0.235294117647,17,37,0.136029411765,1.88235294118,4.35294117647,3.36363636364,2.84615384615,1.69341284359,0.389027274878,0.193958664547,2.09866904602,0.964253345467,0.518282988871,1.87867287326,0.863174022847,0.470588235294,0.786197569093,0.41766745858,2.25,1.88235294118,0.786197569093,2.25,0.166339869281,0.0612244897959,3,0.00441176470588,0.185952380952,17,17,17,1,0,0.352941176471,0.411764705882,0.235294117647,0,0,0,0,0,0,0,0,0,0,0,0,0,0,0,0,0,0,0,0,0,0,0,0,0,0,0,0,0,37,0,0,235,1,1,0,0,1,1,1,1,1,1,2,2,0,0,0,0
2281,WLNM_dir_neg,1,0.5,00:00:01,10,60,4,1984532177,threshold_sweep,0.4,1,1,1,2,0,0,4,1,1,0,0,1,1,1,1,0.555555555556,1,1,1,37,35,2,0,37,0,35,0,2,17,37,0.136029411765,1.88235294118,4.35294117647,3.36363636364,2.84615384615,1.69341284359,0.389027274878,0.193958664547,2.09866904602,0.964253345467,0.518282988871,1.87867287326,0.863174022847,0.470588235294,0.786197569093,0.41766745858,2.25,1.88235294118,0.786197569093,2.25,0.166339869281,0.0612244897959,3,0.00441176470588,0.185952380952,17,17,17,1,0,0.352941176471,0.411764705882,0.235294117647,17,0.128676470588,1.90196078431,4.11764705882,3.18181818182,2.69230769231,1.57648156274,0.382859808093,0.201680672269,2.01465221053,0.978545359402,0.524369747899,1.74894926439,0.849489642704,0.463865546218,0.814492905316,0.428238537847,2.33333333333,1.90196078431,0.814492905316,2.33333333333,0,0,0,0,0.164242424242,17,17,17,1,0,0.352941176471,0.411764705882,0.235294117647,17,37,0.136029411765,1.88235294118,4.35294117647,3.36363636364,2.84615384615,1.69341284359,0.389027274878,0.193958664547,2.09866904602,0.964253345467,0.518282988871,1.87867287326,0.863174022847,0.470588235294,0.786197569093,0.41766745858,2.25,1.88235294118,0.786197569093,2.25,0.166339869281,0.0612244897959,3,0.00441176470588,0.185952380952,17,17,17,1,0,0.352941176471,0.411764705882,0.235294117647,0,0,0,0,0,0,0,0,0,0,0,0,0,0,0,0,0,0,0,0,0,0,0,0,0,0,0,0,0,37,0,0,235,1,1,0,0,1,1,1,1,1,1,2,2,0,0,0,0
2282,WLNM_dir_neg,1,0.5,00:00:01,10,60,4,1984532177,threshold_sweep,0.5,1,1,1,2,0,0,4,1,1,0,0,1,1,1,1,0.555555555556,1,1,1,37,35,2,0,37,0,35,0,2,17,37,0.136029411765,1.88235294118,4.35294117647,3.36363636364,2.84615384615,1.69341284359,0.389027274878,0.193958664547,2.09866904602,0.964253345467,0.518282988871,1.87867287326,0.863174022847,0.470588235294,0.786197569093,0.41766745858,2.25,1.88235294118,0.786197569093,2.25,0.166339869281,0.0612244897959,3,0.00441176470588,0.185952380952,17,17,17,1,0,0.352941176471,0.411764705882,0.235294117647,17,0.128676470588,1.90196078431,4.11764705882,3.18181818182,2.69230769231,1.57648156274,0.382859808093,0.201680672269,2.01465221053,0.978545359402,0.524369747899,1.74894926439,0.849489642704,0.463865546218,0.814492905316,0.428238537847,2.33333333333,1.90196078431,0.814492905316,2.33333333333,0,0,0,0,0.164242424242,17,17,17,1,0,0.352941176471,0.411764705882,0.235294117647,17,37,0.136029411765,1.88235294118,4.35294117647,3.36363636364,2.84615384615,1.69341284359,0.389027274878,0.193958664547,2.09866904602,0.964253345467,0.518282988871,1.87867287326,0.863174022847,0.470588235294,0.786197569093,0.41766745858,2.25,1.88235294118,0.786197569093,2.25,0.166339869281,0.0612244897959,3,0.00441176470588,0.185952380952,17,17,17,1,0,0.352941176471,0.411764705882,0.235294117647,0,0,0,0,0,0,0,0,0,0,0,0,0,0,0,0,0,0,0,0,0,0,0,0,0,0,0,0,0,37,0,0,235,1,1,0,0,1,1,1,1,1,1,2,2,0,0,0,0
2283,WLNM_dir_neg,1,0.5,00:00:01,10,60,4,1984532177,threshold_sweep,0.6,1,1,1,2,0,0,4,1,1,0,0,1,1,1,1,0.555555555556,1,1,1,37,35,2,0,37,0,35,0,2,17,37,0.136029411765,1.88235294118,4.35294117647,3.36363636364,2.84615384615,1.69341284359,0.389027274878,0.193958664547,2.09866904602,0.964253345467,0.518282988871,1.87867287326,0.863174022847,0.470588235294,0.786197569093,0.41766745858,2.25,1.88235294118,0.786197569093,2.25,0.166339869281,0.0612244897959,3,0.00441176470588,0.185952380952,17,17,17,1,0,0.352941176471,0.411764705882,0.235294117647,17,0.128676470588,1.90196078431,4.11764705882,3.18181818182,2.69230769231,1.57648156274,0.382859808093,0.201680672269,2.01465221053,0.978545359402,0.524369747899,1.74894926439,0.849489642704,0.463865546218,0.814492905316,0.428238537847,2.33333333333,1.90196078431,0.814492905316,2.33333333333,0,0,0,0,0.164242424242,17,17,17,1,0,0.352941176471,0.411764705882,0.235294117647,17,37,0.136029411765,1.88235294118,4.35294117647,3.36363636364,2.84615384615,1.69341284359,0.389027274878,0.193958664547,2.09866904602,0.964253345467,0.518282988871,1.87867287326,0.863174022847,0.470588235294,0.786197569093,0.41766745858,2.25,1.88235294118,0.786197569093,2.25,0.166339869281,0.0612244897959,3,0.00441176470588,0.185952380952,17,17,17,1,0,0.352941176471,0.411764705882,0.235294117647,0,0,0,0,0,0,0,0,0,0,0,0,0,0,0,0,0,0,0,0,0,0,0,0,0,0,0,0,0,37,0,0,235,1,1,0,0,1,1,1,1,1,1,2,2,0,0,0,0
2284,WLNM_dir_neg,1,0.5,00:00:01,10,60,4,1984532177,threshold_sweep,0.7,1,1,1,2,0,0,4,1,1,0,0,1,1,1,1,0.555555555556,1,1,1,37,35,2,0,37,0,35,0,2,17,37,0.136029411765,1.88235294118,4.35294117647,3.36363636364,2.84615384615,1.69341284359,0.389027274878,0.193958664547,2.09866904602,0.964253345467,0.518282988871,1.87867287326,0.863174022847,0.470588235294,0.786197569093,0.41766745858,2.25,1.88235294118,0.786197569093,2.25,0.166339869281,0.0612244897959,3,0.00441176470588,0.185952380952,17,17,17,1,0,0.352941176471,0.411764705882,0.235294117647,17,0.128676470588,1.90196078431,4.11764705882,3.18181818182,2.69230769231,1.57648156274,0.382859808093,0.201680672269,2.01465221053,0.978545359402,0.524369747899,1.74894926439,0.849489642704,0.463865546218,0.814492905316,0.428238537847,2.33333333333,1.90196078431,0.814492905316,2.33333333333,0,0,0,0,0.164242424242,17,17,17,1,0,0.352941176471,0.411764705882,0.235294117647,17,37,0.136029411765,1.88235294118,4.35294117647,3.36363636364,2.84615384615,1.69341284359,0.389027274878,0.193958664547,2.09866904602,0.964253345467,0.518282988871,1.87867287326,0.863174022847,0.470588235294,0.786197569093,0.41766745858,2.25,1.88235294118,0.786197569093,2.25,0.166339869281,0.0612244897959,3,0.00441176470588,0.185952380952,17,17,17,1,0,0.352941176471,0.411764705882,0.235294117647,0,0,0,0,0,0,0,0,0,0,0,0,0,0,0,0,0,0,0,0,0,0,0,0,0,0,0,0,0,37,0,0,235,1,1,0,0,1,1,1,1,1,1,2,2,0,0,0,0
2285,WLNM_dir_neg,1,0.5,00:00:01,10,60,4,1984532177,threshold_sweep,0.8,1,1,1,2,0,0,4,1,1,0,0,1,1,1,1,0.555555555556,1,1,1,37,35,2,0,37,0,35,0,2,17,37,0.136029411765,1.88235294118,4.35294117647,3.36363636364,2.84615384615,1.69341284359,0.389027274878,0.193958664547,2.09866904602,0.964253345467,0.518282988871,1.87867287326,0.863174022847,0.470588235294,0.786197569093,0.41766745858,2.25,1.88235294118,0.786197569093,2.25,0.166339869281,0.0612244897959,3,0.00441176470588,0.185952380952,17,17,17,1,0,0.352941176471,0.411764705882,0.235294117647,17,0.128676470588,1.90196078431,4.11764705882,3.18181818182,2.69230769231,1.57648156274,0.382859808093,0.201680672269,2.01465221053,0.978545359402,0.524369747899,1.74894926439,0.849489642704,0.463865546218,0.814492905316,0.428238537847,2.33333333333,1.90196078431,0.814492905316,2.33333333333,0,0,0,0,0.164242424242,17,17,17,1,0,0.352941176471,0.411764705882,0.235294117647,17,37,0.136029411765,1.88235294118,4.35294117647,3.36363636364,2.84615384615,1.69341284359,0.389027274878,0.193958664547,2.09866904602,0.964253345467,0.518282988871,1.87867287326,0.863174022847,0.470588235294,0.786197569093,0.41766745858,2.25,1.88235294118,0.786197569093,2.25,0.166339869281,0.0612244897959,3,0.00441176470588,0.185952380952,17,17,17,1,0,0.352941176471,0.411764705882,0.235294117647,0,0,0,0,0,0,0,0,0,0,0,0,0,0,0,0,0,0,0,0,0,0,0,0,0,0,0,0,0,37,0,0,235,1,1,0,0,1,1,1,1,1,1,2,2,0,0,0,0
2286,WLNM_dir_neg,1,0.5,00:00:01,10,60,4,1984532177,threshold_sweep,0.9,1,1,1,2,0,0,4,1,1,0,0,1,1,1,1,0.555555555556,1,1,1,37,35,2,0,37,0,35,0,2,17,37,0.136029411765,1.88235294118,4.35294117647,3.36363636364,2.84615384615,1.69341284359,0.389027274878,0.193958664547,2.09866904602,0.964253345467,0.518282988871,1.87867287326,0.863174022847,0.470588235294,0.786197569093,0.41766745858,2.25,1.88235294118,0.786197569093,2.25,0.166339869281,0.0612244897959,3,0.00441176470588,0.185952380952,17,17,17,1,0,0.352941176471,0.411764705882,0.235294117647,17,0.128676470588,1.90196078431,4.11764705882,3.18181818182,2.69230769231,1.57648156274,0.382859808093,0.201680672269,2.01465221053,0.978545359402,0.524369747899,1.74894926439,0.849489642704,0.463865546218,0.814492905316,0.428238537847,2.33333333333,1.90196078431,0.814492905316,2.33333333333,0,0,0,0,0.164242424242,17,17,17,1,0,0.352941176471,0.411764705882,0.235294117647,17,37,0.136029411765,1.88235294118,4.35294117647,3.36363636364,2.84615384615,1.69341284359,0.389027274878,0.193958664547,2.09866904602,0.964253345467,0.518282988871,1.87867287326,0.863174022847,0.470588235294,0.786197569093,0.41766745858,2.25,1.88235294118,0.786197569093,2.25,0.166339869281,0.0612244897959,3,0.00441176470588,0.185952380952,17,17,17,1,0,0.352941176471,0.411764705882,0.235294117647,0,0,0,0,0,0,0,0,0,0,0,0,0,0,0,0,0,0,0,0,0,0,0,0,0,0,0,0,0,37,0,0,235,1,1,0,0,1,1,1,1,1,1,2,2,0,0,0,0
2287,WLNM_dir_neg,1,0.5,00:00:01,10,60,5,1984532178,threshold_sweep,0.1,1,1,1,2,0,0,4,1,1,0,0,1,1,1,1,0.555555555556,1,1,1,37,35,2,0,37,0,35,0,2,17,37,0.136029411765,1.88235294118,4.35294117647,3.36363636364,2.84615384615,1.69341284359,0.389027274878,0.193958664547,2.09866904602,0.964253345467,0.518282988871,1.87867287326,0.863174022847,0.470588235294,0.786197569093,0.41766745858,2.25,1.88235294118,0.786197569093,2.25,0.166339869281,0.0612244897959,3,0.00441176470588,0.185952380952,17,17,17,1,0,0.352941176471,0.411764705882,0.235294117647,17,0.128676470588,1.90196078431,4.11764705882,3.18181818182,2.69230769231,1.57648156274,0.382859808093,0.201680672269,2.01465221053,0.978545359402,0.524369747899,1.74894926439,0.849489642704,0.463865546218,0.814492905316,0.428238537847,2.33333333333,1.90196078431,0.814492905316,2.33333333333,0,0,0,0,0.164242424242,17,17,17,1,0,0.352941176471,0.411764705882,0.235294117647,17,37,0.136029411765,1.88235294118,4.35294117647,3.36363636364,2.84615384615,1.69341284359,0.389027274878,0.193958664547,2.09866904602,0.964253345467,0.518282988871,1.87867287326,0.863174022847,0.470588235294,0.786197569093,0.41766745858,2.25,1.88235294118,0.786197569093,2.25,0.166339869281,0.0612244897959,3,0.00441176470588,0.185952380952,17,17,17,1,0,0.352941176471,0.411764705882,0.235294117647,0,0,0,0,0,0,0,0,0,0,0,0,0,0,0,0,0,0,0,0,0,0,0,0,0,0,0,0,0,37,0,0,235,1,1,0,0,1,1,1,1,1,1,2,2,0,0,0,0
2288,WLNM_dir_neg,1,0.5,00:00:01,10,60,5,1984532178,threshold_sweep,0.2,1,1,1,2,0,0,4,1,1,0,0,1,1,1,1,0.555555555556,1,1,1,37,35,2,0,37,0,35,0,2,17,37,0.136029411765,1.88235294118,4.35294117647,3.36363636364,2.84615384615,1.69341284359,0.389027274878,0.193958664547,2.09866904602,0.964253345467,0.518282988871,1.87867287326,0.863174022847,0.470588235294,0.786197569093,0.41766745858,2.25,1.88235294118,0.786197569093,2.25,0.166339869281,0.0612244897959,3,0.00441176470588,0.185952380952,17,17,17,1,0,0.352941176471,0.411764705882,0.235294117647,17,0.128676470588,1.90196078431,4.11764705882,3.18181818182,2.69230769231,1.57648156274,0.382859808093,0.201680672269,2.01465221053,0.978545359402,0.524369747899,1.74894926439,0.849489642704,0.463865546218,0.814492905316,0.428238537847,2.33333333333,1.90196078431,0.814492905316,2.33333333333,0,0,0,0,0.164242424242,17,17,17,1,0,0.352941176471,0.411764705882,0.235294117647,17,37,0.136029411765,1.88235294118,4.35294117647,3.36363636364,2.84615384615,1.69341284359,0.389027274878,0.193958664547,2.09866904602,0.964253345467,0.518282988871,1.87867287326,0.863174022847,0.470588235294,0.786197569093,0.41766745858,2.25,1.88235294118,0.786197569093,2.25,0.166339869281,0.0612244897959,3,0.00441176470588,0.185952380952,17,17,17,1,0,0.352941176471,0.411764705882,0.235294117647,0,0,0,0,0,0,0,0,0,0,0,0,0,0,0,0,0,0,0,0,0,0,0,0,0,0,0,0,0,37,0,0,235,1,1,0,0,1,1,1,1,1,1,2,2,0,0,0,0
2289,WLNM_dir_neg,1,0.5,00:00:01,10,60,5,1984532178,threshold_sweep,0.3,1,1,1,2,0,0,4,1,1,0,0,1,1,1,1,0.555555555556,1,1,1,37,35,2,0,37,0,35,0,2,17,37,0.136029411765,1.88235294118,4.35294117647,3.36363636364,2.84615384615,1.69341284359,0.389027274878,0.193958664547,2.09866904602,0.964253345467,0.518282988871,1.87867287326,0.863174022847,0.470588235294,0.786197569093,0.41766745858,2.25,1.88235294118,0.786197569093,2.25,0.166339869281,0.0612244897959,3,0.00441176470588,0.185952380952,17,17,17,1,0,0.352941176471,0.411764705882,0.235294117647,17,0.128676470588,1.90196078431,4.11764705882,3.18181818182,2.69230769231,1.57648156274,0.382859808093,0.201680672269,2.01465221053,0.978545359402,0.524369747899,1.74894926439,0.849489642704,0.463865546218,0.814492905316,0.428238537847,2.33333333333,1.90196078431,0.814492905316,2.33333333333,0,0,0,0,0.164242424242,17,17,17,1,0,0.352941176471,0.411764705882,0.235294117647,17,37,0.136029411765,1.88235294118,4.35294117647,3.36363636364,2.84615384615,1.69341284359,0.389027274878,0.193958664547,2.09866904602,0.964253345467,0.518282988871,1.87867287326,0.863174022847,0.470588235294,0.786197569093,0.41766745858,2.25,1.88235294118,0.786197569093,2.25,0.166339869281,0.0612244897959,3,0.00441176470588,0.185952380952,17,17,17,1,0,0.352941176471,0.411764705882,0.235294117647,0,0,0,0,0,0,0,0,0,0,0,0,0,0,0,0,0,0,0,0,0,0,0,0,0,0,0,0,0,37,0,0,235,1,1,0,0,1,1,1,1,1,1,2,2,0,0,0,0
2290,WLNM_dir_neg,1,0.5,00:00:01,10,60,5,1984532178,threshold_sweep,0.4,1,1,1,2,0,0,4,1,1,0,0,1,1,1,1,0.555555555556,1,1,1,37,35,2,0,37,0,35,0,2,17,37,0.136029411765,1.88235294118,4.35294117647,3.36363636364,2.84615384615,1.69341284359,0.389027274878,0.193958664547,2.09866904602,0.964253345467,0.518282988871,1.87867287326,0.863174022847,0.470588235294,0.786197569093,0.41766745858,2.25,1.88235294118,0.786197569093,2.25,0.166339869281,0.0612244897959,3,0.00441176470588,0.185952380952,17,17,17,1,0,0.352941176471,0.411764705882,0.235294117647,17,0.128676470588,1.90196078431,4.11764705882,3.18181818182,2.69230769231,1.57648156274,0.382859808093,0.201680672269,2.01465221053,0.978545359402,0.524369747899,1.74894926439,0.849489642704,0.463865546218,0.814492905316,0.428238537847,2.33333333333,1.90196078431,0.814492905316,2.33333333333,0,0,0,0,0.164242424242,17,17,17,1,0,0.352941176471,0.411764705882,0.235294117647,17,37,0.136029411765,1.88235294118,4.35294117647,3.36363636364,2.84615384615,1.69341284359,0.389027274878,0.193958664547,2.09866904602,0.964253345467,0.518282988871,1.87867287326,0.863174022847,0.470588235294,0.786197569093,0.41766745858,2.25,1.88235294118,0.786197569093,2.25,0.166339869281,0.0612244897959,3,0.00441176470588,0.185952380952,17,17,17,1,0,0.352941176471,0.411764705882,0.235294117647,0,0,0,0,0,0,0,0,0,0,0,0,0,0,0,0,0,0,0,0,0,0,0,0,0,0,0,0,0,37,0,0,235,1,1,0,0,1,1,1,1,1,1,2,2,0,0,0,0
2291,WLNM_dir_neg,1,0.5,00:00:01,10,60,5,1984532178,threshold_sweep,0.5,1,1,1,2,0,0,4,1,1,0,0,1,1,1,1,0.555555555556,1,1,1,37,35,2,0,37,0,35,0,2,17,37,0.136029411765,1.88235294118,4.35294117647,3.36363636364,2.84615384615,1.69341284359,0.389027274878,0.193958664547,2.09866904602,0.964253345467,0.518282988871,1.87867287326,0.863174022847,0.470588235294,0.786197569093,0.41766745858,2.25,1.88235294118,0.786197569093,2.25,0.166339869281,0.0612244897959,3,0.00441176470588,0.185952380952,17,17,17,1,0,0.352941176471,0.411764705882,0.235294117647,17,0.128676470588,1.90196078431,4.11764705882,3.18181818182,2.69230769231,1.57648156274,0.382859808093,0.201680672269,2.01465221053,0.978545359402,0.524369747899,1.74894926439,0.849489642704,0.463865546218,0.814492905316,0.428238537847,2.33333333333,1.90196078431,0.814492905316,2.33333333333,0,0,0,0,0.164242424242,17,17,17,1,0,0.352941176471,0.411764705882,0.235294117647,17,37,0.136029411765,1.88235294118,4.35294117647,3.36363636364,2.84615384615,1.69341284359,0.389027274878,0.193958664547,2.09866904602,0.964253345467,0.518282988871,1.87867287326,0.863174022847,0.470588235294,0.786197569093,0.41766745858,2.25,1.88235294118,0.786197569093,2.25,0.166339869281,0.0612244897959,3,0.00441176470588,0.185952380952,17,17,17,1,0,0.352941176471,0.411764705882,0.235294117647,0,0,0,0,0,0,0,0,0,0,0,0,0,0,0,0,0,0,0,0,0,0,0,0,0,0,0,0,0,37,0,0,235,1,1,0,0,1,1,1,1,1,1,2,2,0,0,0,0
2292,WLNM_dir_neg,1,0.5,00:00:01,10,60,5,1984532178,threshold_sweep,0.6,1,1,1,2,0,0,4,1,1,0,0,1,1,1,1,0.555555555556,1,1,1,37,35,2,0,37,0,35,0,2,17,37,0.136029411765,1.88235294118,4.35294117647,3.36363636364,2.84615384615,1.69341284359,0.389027274878,0.193958664547,2.09866904602,0.964253345467,0.518282988871,1.87867287326,0.863174022847,0.470588235294,0.786197569093,0.41766745858,2.25,1.88235294118,0.786197569093,2.25,0.166339869281,0.0612244897959,3,0.00441176470588,0.185952380952,17,17,17,1,0,0.352941176471,0.411764705882,0.235294117647,17,0.128676470588,1.90196078431,4.11764705882,3.18181818182,2.69230769231,1.57648156274,0.382859808093,0.201680672269,2.01465221053,0.978545359402,0.524369747899,1.74894926439,0.849489642704,0.463865546218,0.814492905316,0.428238537847,2.33333333333,1.90196078431,0.814492905316,2.33333333333,0,0,0,0,0.164242424242,17,17,17,1,0,0.352941176471,0.411764705882,0.235294117647,17,37,0.136029411765,1.88235294118,4.35294117647,3.36363636364,2.84615384615,1.69341284359,0.389027274878,0.193958664547,2.09866904602,0.964253345467,0.518282988871,1.87867287326,0.863174022847,0.470588235294,0.786197569093,0.41766745858,2.25,1.88235294118,0.786197569093,2.25,0.166339869281,0.0612244897959,3,0.00441176470588,0.185952380952,17,17,17,1,0,0.352941176471,0.411764705882,0.235294117647,0,0,0,0,0,0,0,0,0,0,0,0,0,0,0,0,0,0,0,0,0,0,0,0,0,0,0,0,0,37,0,0,235,1,1,0,0,1,1,1,1,1,1,2,2,0,0,0,0
2293,WLNM_dir_neg,1,0.5,00:00:01,10,60,5,1984532178,threshold_sweep,0.7,1,1,1,2,0,0,4,1,1,0,0,1,1,1,1,0.555555555556,1,1,1,37,35,2,0,37,0,35,0,2,17,37,0.136029411765,1.88235294118,4.35294117647,3.36363636364,2.84615384615,1.69341284359,0.389027274878,0.193958664547,2.09866904602,0.964253345467,0.518282988871,1.87867287326,0.863174022847,0.470588235294,0.786197569093,0.41766745858,2.25,1.88235294118,0.786197569093,2.25,0.166339869281,0.0612244897959,3,0.00441176470588,0.185952380952,17,17,17,1,0,0.352941176471,0.411764705882,0.235294117647,17,0.128676470588,1.90196078431,4.11764705882,3.18181818182,2.69230769231,1.57648156274,0.382859808093,0.201680672269,2.01465221053,0.978545359402,0.524369747899,1.74894926439,0.849489642704,0.463865546218,0.814492905316,0.428238537847,2.33333333333,1.90196078431,0.814492905316,2.33333333333,0,0,0,0,0.164242424242,17,17,17,1,0,0.352941176471,0.411764705882,0.235294117647,17,37,0.136029411765,1.88235294118,4.35294117647,3.36363636364,2.84615384615,1.69341284359,0.389027274878,0.193958664547,2.09866904602,0.964253345467,0.518282988871,1.87867287326,0.863174022847,0.470588235294,0.786197569093,0.41766745858,2.25,1.88235294118,0.786197569093,2.25,0.166339869281,0.0612244897959,3,0.00441176470588,0.185952380952,17,17,17,1,0,0.352941176471,0.411764705882,0.235294117647,0,0,0,0,0,0,0,0,0,0,0,0,0,0,0,0,0,0,0,0,0,0,0,0,0,0,0,0,0,37,0,0,235,1,1,0,0,1,1,1,1,1,1,2,2,0,0,0,0
2294,WLNM_dir_neg,1,0.5,00:00:01,10,60,5,1984532178,threshold_sweep,0.8,1,1,1,2,0,0,4,1,1,0,0,1,1,1,1,0.555555555556,1,1,1,37,35,2,0,37,0,35,0,2,17,37,0.136029411765,1.88235294118,4.35294117647,3.36363636364,2.84615384615,1.69341284359,0.389027274878,0.193958664547,2.09866904602,0.964253345467,0.518282988871,1.87867287326,0.863174022847,0.470588235294,0.786197569093,0.41766745858,2.25,1.88235294118,0.786197569093,2.25,0.166339869281,0.0612244897959,3,0.00441176470588,0.185952380952,17,17,17,1,0,0.352941176471,0.411764705882,0.235294117647,17,0.128676470588,1.90196078431,4.11764705882,3.18181818182,2.69230769231,1.57648156274,0.382859808093,0.201680672269,2.01465221053,0.978545359402,0.524369747899,1.74894926439,0.849489642704,0.463865546218,0.814492905316,0.428238537847,2.33333333333,1.90196078431,0.814492905316,2.33333333333,0,0,0,0,0.164242424242,17,17,17,1,0,0.352941176471,0.411764705882,0.235294117647,17,37,0.136029411765,1.88235294118,4.35294117647,3.36363636364,2.84615384615,1.69341284359,0.389027274878,0.193958664547,2.09866904602,0.964253345467,0.518282988871,1.87867287326,0.863174022847,0.470588235294,0.786197569093,0.41766745858,2.25,1.88235294118,0.786197569093,2.25,0.166339869281,0.0612244897959,3,0.00441176470588,0.185952380952,17,17,17,1,0,0.352941176471,0.411764705882,0.235294117647,0,0,0,0,0,0,0,0,0,0,0,0,0,0,0,0,0,0,0,0,0,0,0,0,0,0,0,0,0,37,0,0,235,1,1,0,0,1,1,1,1,1,1,2,2,0,0,0,0
2295,WLNM_dir_neg,1,0.5,00:00:01,10,60,5,1984532178,threshold_sweep,0.9,1,1,1,2,0,0,4,1,1,0,0,1,1,1,1,0.555555555556,1,1,1,37,35,2,0,37,0,35,0,2,17,37,0.136029411765,1.88235294118,4.35294117647,3.36363636364,2.84615384615,1.69341284359,0.389027274878,0.193958664547,2.09866904602,0.964253345467,0.518282988871,1.87867287326,0.863174022847,0.470588235294,0.786197569093,0.41766745858,2.25,1.88235294118,0.786197569093,2.25,0.166339869281,0.0612244897959,3,0.00441176470588,0.185952380952,17,17,17,1,0,0.352941176471,0.411764705882,0.235294117647,17,0.128676470588,1.90196078431,4.11764705882,3.18181818182,2.69230769231,1.57648156274,0.382859808093,0.201680672269,2.01465221053,0.978545359402,0.524369747899,1.74894926439,0.849489642704,0.463865546218,0.814492905316,0.428238537847,2.33333333333,1.90196078431,0.814492905316,2.33333333333,0,0,0,0,0.164242424242,17,17,17,1,0,0.352941176471,0.411764705882,0.235294117647,17,37,0.136029411765,1.88235294118,4.35294117647,3.36363636364,2.84615384615,1.69341284359,0.389027274878,0.193958664547,2.09866904602,0.964253345467,0.518282988871,1.87867287326,0.863174022847,0.470588235294,0.786197569093,0.41766745858,2.25,1.88235294118,0.786197569093,2.25,0.166339869281,0.0612244897959,3,0.00441176470588,0.185952380952,17,17,17,1,0,0.352941176471,0.411764705882,0.235294117647,0,0,0,0,0,0,0,0,0,0,0,0,0,0,0,0,0,0,0,0,0,0,0,0,0,0,0,0,0,37,0,0,235,1,1,0,0,1,1,1,1,1,1,2,2,0,0,0,0
2296,WLNM_dir_neg,1,0.5,00:00:01,10,60,6,1984532179,threshold_sweep,0.1,1,1,1,2,0,0,4,1,1,0,0,1,1,1,1,0.555555555556,1,1,1,37,35,2,0,37,0,35,0,2,17,37,0.136029411765,1.88235294118,4.35294117647,3.36363636364,2.84615384615,1.69341284359,0.389027274878,0.193958664547,2.09866904602,0.964253345467,0.518282988871,1.87867287326,0.863174022847,0.470588235294,0.786197569093,0.41766745858,2.25,1.88235294118,0.786197569093,2.25,0.166339869281,0.0612244897959,3,0.00441176470588,0.185952380952,17,17,17,1,0,0.352941176471,0.411764705882,0.235294117647,17,0.128676470588,1.90196078431,4.11764705882,3.18181818182,2.69230769231,1.57648156274,0.382859808093,0.201680672269,2.01465221053,0.978545359402,0.524369747899,1.74894926439,0.849489642704,0.463865546218,0.814492905316,0.428238537847,2.33333333333,1.90196078431,0.814492905316,2.33333333333,0,0,0,0,0.164242424242,17,17,17,1,0,0.352941176471,0.411764705882,0.235294117647,17,37,0.136029411765,1.88235294118,4.35294117647,3.36363636364,2.84615384615,1.69341284359,0.389027274878,0.193958664547,2.09866904602,0.964253345467,0.518282988871,1.87867287326,0.863174022847,0.470588235294,0.786197569093,0.41766745858,2.25,1.88235294118,0.786197569093,2.25,0.166339869281,0.0612244897959,3,0.00441176470588,0.185952380952,17,17,17,1,0,0.352941176471,0.411764705882,0.235294117647,0,0,0,0,0,0,0,0,0,0,0,0,0,0,0,0,0,0,0,0,0,0,0,0,0,0,0,0,0,37,0,0,235,1,1,0,0,1,1,1,1,1,1,2,2,0,0,0,0
2297,WLNM_dir_neg,1,0.5,00:00:01,10,60,6,1984532179,threshold_sweep,0.2,1,1,1,2,0,0,4,1,1,0,0,1,1,1,1,0.555555555556,1,1,1,37,35,2,0,37,0,35,0,2,17,37,0.136029411765,1.88235294118,4.35294117647,3.36363636364,2.84615384615,1.69341284359,0.389027274878,0.193958664547,2.09866904602,0.964253345467,0.518282988871,1.87867287326,0.863174022847,0.470588235294,0.786197569093,0.41766745858,2.25,1.88235294118,0.786197569093,2.25,0.166339869281,0.0612244897959,3,0.00441176470588,0.185952380952,17,17,17,1,0,0.352941176471,0.411764705882,0.235294117647,17,0.128676470588,1.90196078431,4.11764705882,3.18181818182,2.69230769231,1.57648156274,0.382859808093,0.201680672269,2.01465221053,0.978545359402,0.524369747899,1.74894926439,0.849489642704,0.463865546218,0.814492905316,0.428238537847,2.33333333333,1.90196078431,0.814492905316,2.33333333333,0,0,0,0,0.164242424242,17,17,17,1,0,0.352941176471,0.411764705882,0.235294117647,17,37,0.136029411765,1.88235294118,4.35294117647,3.36363636364,2.84615384615,1.69341284359,0.389027274878,0.193958664547,2.09866904602,0.964253345467,0.518282988871,1.87867287326,0.863174022847,0.470588235294,0.786197569093,0.41766745858,2.25,1.88235294118,0.786197569093,2.25,0.166339869281,0.0612244897959,3,0.00441176470588,0.185952380952,17,17,17,1,0,0.352941176471,0.411764705882,0.235294117647,0,0,0,0,0,0,0,0,0,0,0,0,0,0,0,0,0,0,0,0,0,0,0,0,0,0,0,0,0,37,0,0,235,1,1,0,0,1,1,1,1,1,1,2,2,0,0,0,0
2298,WLNM_dir_neg,1,0.5,00:00:01,10,60,6,1984532179,threshold_sweep,0.3,1,1,1,2,0,0,4,1,1,0,0,1,1,1,1,0.555555555556,1,1,1,37,35,2,0,37,0,35,0,2,17,37,0.136029411765,1.88235294118,4.35294117647,3.36363636364,2.84615384615,1.69341284359,0.389027274878,0.193958664547,2.09866904602,0.964253345467,0.518282988871,1.87867287326,0.863174022847,0.470588235294,0.786197569093,0.41766745858,2.25,1.88235294118,0.786197569093,2.25,0.166339869281,0.0612244897959,3,0.00441176470588,0.185952380952,17,17,17,1,0,0.352941176471,0.411764705882,0.235294117647,17,0.128676470588,1.90196078431,4.11764705882,3.18181818182,2.69230769231,1.57648156274,0.382859808093,0.201680672269,2.01465221053,0.978545359402,0.524369747899,1.74894926439,0.849489642704,0.463865546218,0.814492905316,0.428238537847,2.33333333333,1.90196078431,0.814492905316,2.33333333333,0,0,0,0,0.164242424242,17,17,17,1,0,0.352941176471,0.411764705882,0.235294117647,17,37,0.136029411765,1.88235294118,4.35294117647,3.36363636364,2.84615384615,1.69341284359,0.389027274878,0.193958664547,2.09866904602,0.964253345467,0.518282988871,1.87867287326,0.863174022847,0.470588235294,0.786197569093,0.41766745858,2.25,1.88235294118,0.786197569093,2.25,0.166339869281,0.0612244897959,3,0.00441176470588,0.185952380952,17,17,17,1,0,0.352941176471,0.411764705882,0.235294117647,0,0,0,0,0,0,0,0,0,0,0,0,0,0,0,0,0,0,0,0,0,0,0,0,0,0,0,0,0,37,0,0,235,1,1,0,0,1,1,1,1,1,1,2,2,0,0,0,0
2299,WLNM_dir_neg,1,0.5,00:00:01,10,60,6,1984532179,threshold_sweep,0.4,1,1,1,2,0,0,4,1,1,0,0,1,1,1,1,0.555555555556,1,1,1,37,35,2,0,37,0,35,0,2,17,37,0.136029411765,1.88235294118,4.35294117647,3.36363636364,2.84615384615,1.69341284359,0.389027274878,0.193958664547,2.09866904602,0.964253345467,0.518282988871,1.87867287326,0.863174022847,0.470588235294,0.786197569093,0.41766745858,2.25,1.88235294118,0.786197569093,2.25,0.166339869281,0.0612244897959,3,0.00441176470588,0.185952380952,17,17,17,1,0,0.352941176471,0.411764705882,0.235294117647,17,0.128676470588,1.90196078431,4.11764705882,3.18181818182,2.69230769231,1.57648156274,0.382859808093,0.201680672269,2.01465221053,0.978545359402,0.524369747899,1.74894926439,0.849489642704,0.463865546218,0.814492905316,0.428238537847,2.33333333333,1.90196078431,0.814492905316,2.33333333333,0,0,0,0,0.164242424242,17,17,17,1,0,0.352941176471,0.411764705882,0.235294117647,17,37,0.136029411765,1.88235294118,4.35294117647,3.36363636364,2.84615384615,1.69341284359,0.389027274878,0.193958664547,2.09866904602,0.964253345467,0.518282988871,1.87867287326,0.863174022847,0.470588235294,0.786197569093,0.41766745858,2.25,1.88235294118,0.786197569093,2.25,0.166339869281,0.0612244897959,3,0.00441176470588,0.185952380952,17,17,17,1,0,0.352941176471,0.411764705882,0.235294117647,0,0,0,0,0,0,0,0,0,0,0,0,0,0,0,0,0,0,0,0,0,0,0,0,0,0,0,0,0,37,0,0,235,1,1,0,0,1,1,1,1,1,1,2,2,0,0,0,0
2300,WLNM_dir_neg,1,0.5,00:00:01,10,60,6,1984532179,threshold_sweep,0.5,1,1,1,2,0,0,4,1,1,0,0,1,1,1,1,0.555555555556,1,1,1,37,35,2,0,37,0,35,0,2,17,37,0.136029411765,1.88235294118,4.35294117647,3.36363636364,2.84615384615,1.69341284359,0.389027274878,0.193958664547,2.09866904602,0.964253345467,0.518282988871,1.87867287326,0.863174022847,0.470588235294,0.786197569093,0.41766745858,2.25,1.88235294118,0.786197569093,2.25,0.166339869281,0.0612244897959,3,0.00441176470588,0.185952380952,17,17,17,1,0,0.352941176471,0.411764705882,0.235294117647,17,0.128676470588,1.90196078431,4.11764705882,3.18181818182,2.69230769231,1.57648156274,0.382859808093,0.201680672269,2.01465221053,0.978545359402,0.524369747899,1.74894926439,0.849489642704,0.463865546218,0.814492905316,0.428238537847,2.33333333333,1.90196078431,0.814492905316,2.33333333333,0,0,0,0,0.164242424242,17,17,17,1,0,0.352941176471,0.411764705882,0.235294117647,17,37,0.136029411765,1.88235294118,4.35294117647,3.36363636364,2.84615384615,1.69341284359,0.389027274878,0.193958664547,2.09866904602,0.964253345467,0.518282988871,1.87867287326,0.863174022847,0.470588235294,0.786197569093,0.41766745858,2.25,1.88235294118,0.786197569093,2.25,0.166339869281,0.0612244897959,3,0.00441176470588,0.185952380952,17,17,17,1,0,0.352941176471,0.411764705882,0.235294117647,0,0,0,0,0,0,0,0,0,0,0,0,0,0,0,0,0,0,0,0,0,0,0,0,0,0,0,0,0,37,0,0,235,1,1,0,0,1,1,1,1,1,1,2,2,0,0,0,0
2301,WLNM_dir_neg,1,0.5,00:00:01,10,60,6,1984532179,threshold_sweep,0.6,1,1,1,2,0,0,4,1,1,0,0,1,1,1,1,0.555555555556,1,1,1,37,35,2,0,37,0,35,0,2,17,37,0.136029411765,1.88235294118,4.35294117647,3.36363636364,2.84615384615,1.69341284359,0.389027274878,0.193958664547,2.09866904602,0.964253345467,0.518282988871,1.87867287326,0.863174022847,0.470588235294,0.786197569093,0.41766745858,2.25,1.88235294118,0.786197569093,2.25,0.166339869281,0.0612244897959,3,0.00441176470588,0.185952380952,17,17,17,1,0,0.352941176471,0.411764705882,0.235294117647,17,0.128676470588,1.90196078431,4.11764705882,3.18181818182,2.69230769231,1.57648156274,0.382859808093,0.201680672269,2.01465221053,0.978545359402,0.524369747899,1.74894926439,0.849489642704,0.463865546218,0.814492905316,0.428238537847,2.33333333333,1.90196078431,0.814492905316,2.33333333333,0,0,0,0,0.164242424242,17,17,17,1,0,0.352941176471,0.411764705882,0.235294117647,17,37,0.136029411765,1.88235294118,4.35294117647,3.36363636364,2.84615384615,1.69341284359,0.389027274878,0.193958664547,2.09866904602,0.964253345467,0.518282988871,1.87867287326,0.863174022847,0.470588235294,0.786197569093,0.41766745858,2.25,1.88235294118,0.786197569093,2.25,0.166339869281,0.0612244897959,3,0.00441176470588,0.185952380952,17,17,17,1,0,0.352941176471,0.411764705882,0.235294117647,0,0,0,0,0,0,0,0,0,0,0,0,0,0,0,0,0,0,0,0,0,0,0,0,0,0,0,0,0,37,0,0,235,1,1,0,0,1,1,1,1,1,1,2,2,0,0,0,0
2302,WLNM_dir_neg,1,0.5,00:00:01,10,60,6,1984532179,threshold_sweep,0.7,1,1,1,2,0,0,4,1,1,0,0,1,1,1,1,0.555555555556,1,1,1,37,35,2,0,37,0,35,0,2,17,37,0.136029411765,1.88235294118,4.35294117647,3.36363636364,2.84615384615,1.69341284359,0.389027274878,0.193958664547,2.09866904602,0.964253345467,0.518282988871,1.87867287326,0.863174022847,0.470588235294,0.786197569093,0.41766745858,2.25,1.88235294118,0.786197569093,2.25,0.166339869281,0.0612244897959,3,0.00441176470588,0.185952380952,17,17,17,1,0,0.352941176471,0.411764705882,0.235294117647,17,0.128676470588,1.90196078431,4.11764705882,3.18181818182,2.69230769231,1.57648156274,0.382859808093,0.201680672269,2.01465221053,0.978545359402,0.524369747899,1.74894926439,0.849489642704,0.463865546218,0.814492905316,0.428238537847,2.33333333333,1.90196078431,0.814492905316,2.33333333333,0,0,0,0,0.164242424242,17,17,17,1,0,0.352941176471,0.411764705882,0.235294117647,17,37,0.136029411765,1.88235294118,4.35294117647,3.36363636364,2.84615384615,1.69341284359,0.389027274878,0.193958664547,2.09866904602,0.964253345467,0.518282988871,1.87867287326,0.863174022847,0.470588235294,0.786197569093,0.41766745858,2.25,1.88235294118,0.786197569093,2.25,0.166339869281,0.0612244897959,3,0.00441176470588,0.185952380952,17,17,17,1,0,0.352941176471,0.411764705882,0.235294117647,0,0,0,0,0,0,0,0,0,0,0,0,0,0,0,0,0,0,0,0,0,0,0,0,0,0,0,0,0,37,0,0,235,1,1,0,0,1,1,1,1,1,1,2,2,0,0,0,0
2303,WLNM_dir_neg,1,0.5,00:00:01,10,60,6,1984532179,threshold_sweep,0.8,1,1,1,2,0,0,4,1,1,0,0,1,1,1,1,0.555555555556,1,1,1,37,35,2,0,37,0,35,0,2,17,37,0.136029411765,1.88235294118,4.35294117647,3.36363636364,2.84615384615,1.69341284359,0.389027274878,0.193958664547,2.09866904602,0.964253345467,0.518282988871,1.87867287326,0.863174022847,0.470588235294,0.786197569093,0.41766745858,2.25,1.88235294118,0.786197569093,2.25,0.166339869281,0.0612244897959,3,0.00441176470588,0.185952380952,17,17,17,1,0,0.352941176471,0.411764705882,0.235294117647,17,0.128676470588,1.90196078431,4.11764705882,3.18181818182,2.69230769231,1.57648156274,0.382859808093,0.201680672269,2.01465221053,0.978545359402,0.524369747899,1.74894926439,0.849489642704,0.463865546218,0.814492905316,0.428238537847,2.33333333333,1.90196078431,0.814492905316,2.33333333333,0,0,0,0,0.164242424242,17,17,17,1,0,0.352941176471,0.411764705882,0.235294117647,17,37,0.136029411765,1.88235294118,4.35294117647,3.36363636364,2.84615384615,1.69341284359,0.389027274878,0.193958664547,2.09866904602,0.964253345467,0.518282988871,1.87867287326,0.863174022847,0.470588235294,0.786197569093,0.41766745858,2.25,1.88235294118,0.786197569093,2.25,0.166339869281,0.0612244897959,3,0.00441176470588,0.185952380952,17,17,17,1,0,0.352941176471,0.411764705882,0.235294117647,0,0,0,0,0,0,0,0,0,0,0,0,0,0,0,0,0,0,0,0,0,0,0,0,0,0,0,0,0,37,0,0,235,1,1,0,0,1,1,1,1,1,1,2,2,0,0,0,0
2304,WLNM_dir_neg,1,0.5,00:00:01,10,60,6,1984532179,threshold_sweep,0.9,1,1,1,2,0,0,4,1,1,0,0,1,1,1,1,0.555555555556,1,1,1,37,35,2,0,37,0,35,0,2,17,37,0.136029411765,1.88235294118,4.35294117647,3.36363636364,2.84615384615,1.69341284359,0.389027274878,0.193958664547,2.09866904602,0.964253345467,0.518282988871,1.87867287326,0.863174022847,0.470588235294,0.786197569093,0.41766745858,2.25,1.88235294118,0.786197569093,2.25,0.166339869281,0.0612244897959,3,0.00441176470588,0.185952380952,17,17,17,1,0,0.352941176471,0.411764705882,0.235294117647,17,0.128676470588,1.90196078431,4.11764705882,3.18181818182,2.69230769231,1.57648156274,0.382859808093,0.201680672269,2.01465221053,0.978545359402,0.524369747899,1.74894926439,0.849489642704,0.463865546218,0.814492905316,0.428238537847,2.33333333333,1.90196078431,0.814492905316,2.33333333333,0,0,0,0,0.164242424242,17,17,17,1,0,0.352941176471,0.411764705882,0.235294117647,17,37,0.136029411765,1.88235294118,4.35294117647,3.36363636364,2.84615384615,1.69341284359,0.389027274878,0.193958664547,2.09866904602,0.964253345467,0.518282988871,1.87867287326,0.863174022847,0.470588235294,0.786197569093,0.41766745858,2.25,1.88235294118,0.786197569093,2.25,0.166339869281,0.0612244897959,3,0.00441176470588,0.185952380952,17,17,17,1,0,0.352941176471,0.411764705882,0.235294117647,0,0,0,0,0,0,0,0,0,0,0,0,0,0,0,0,0,0,0,0,0,0,0,0,0,0,0,0,0,37,0,0,235,1,1,0,0,1,1,1,1,1,1,2,2,0,0,0,0
2305,WLNM_dir_neg,1,0.5,00:00:02,10,60,7,1984532180,threshold_sweep,0.1,1,1,1,2,0,0,4,1,1,0,0,1,1,1,1,0.555555555556,1,1,1,37,35,2,0,37,0,35,0,2,17,37,0.136029411765,1.88235294118,4.35294117647,3.36363636364,2.84615384615,1.69341284359,0.389027274878,0.193958664547,2.09866904602,0.964253345467,0.518282988871,1.87867287326,0.863174022847,0.470588235294,0.786197569093,0.41766745858,2.25,1.88235294118,0.786197569093,2.25,0.166339869281,0.0612244897959,3,0.00441176470588,0.185952380952,17,17,17,1,0,0.352941176471,0.411764705882,0.235294117647,17,0.128676470588,1.90196078431,4.11764705882,3.18181818182,2.69230769231,1.57648156274,0.382859808093,0.201680672269,2.01465221053,0.978545359402,0.524369747899,1.74894926439,0.849489642704,0.463865546218,0.814492905316,0.428238537847,2.33333333333,1.90196078431,0.814492905316,2.33333333333,0,0,0,0,0.164242424242,17,17,17,1,0,0.352941176471,0.411764705882,0.235294117647,17,37,0.136029411765,1.88235294118,4.35294117647,3.36363636364,2.84615384615,1.69341284359,0.389027274878,0.193958664547,2.09866904602,0.964253345467,0.518282988871,1.87867287326,0.863174022847,0.470588235294,0.786197569093,0.41766745858,2.25,1.88235294118,0.786197569093,2.25,0.166339869281,0.0612244897959,3,0.00441176470588,0.185952380952,17,17,17,1,0,0.352941176471,0.411764705882,0.235294117647,0,0,0,0,0,0,0,0,0,0,0,0,0,0,0,0,0,0,0,0,0,0,0,0,0,0,0,0,0,37,0,0,235,1,1,0,0,1,1,1,1,1,1,2,2,0,0,0,0
2306,WLNM_dir_neg,1,0.5,00:00:02,10,60,7,1984532180,threshold_sweep,0.2,1,1,1,2,0,0,4,1,1,0,0,1,1,1,1,0.555555555556,1,1,1,37,35,2,0,37,0,35,0,2,17,37,0.136029411765,1.88235294118,4.35294117647,3.36363636364,2.84615384615,1.69341284359,0.389027274878,0.193958664547,2.09866904602,0.964253345467,0.518282988871,1.87867287326,0.863174022847,0.470588235294,0.786197569093,0.41766745858,2.25,1.88235294118,0.786197569093,2.25,0.166339869281,0.0612244897959,3,0.00441176470588,0.185952380952,17,17,17,1,0,0.352941176471,0.411764705882,0.235294117647,17,0.128676470588,1.90196078431,4.11764705882,3.18181818182,2.69230769231,1.57648156274,0.382859808093,0.201680672269,2.01465221053,0.978545359402,0.524369747899,1.74894926439,0.849489642704,0.463865546218,0.814492905316,0.428238537847,2.33333333333,1.90196078431,0.814492905316,2.33333333333,0,0,0,0,0.164242424242,17,17,17,1,0,0.352941176471,0.411764705882,0.235294117647,17,37,0.136029411765,1.88235294118,4.35294117647,3.36363636364,2.84615384615,1.69341284359,0.389027274878,0.193958664547,2.09866904602,0.964253345467,0.518282988871,1.87867287326,0.863174022847,0.470588235294,0.786197569093,0.41766745858,2.25,1.88235294118,0.786197569093,2.25,0.166339869281,0.0612244897959,3,0.00441176470588,0.185952380952,17,17,17,1,0,0.352941176471,0.411764705882,0.235294117647,0,0,0,0,0,0,0,0,0,0,0,0,0,0,0,0,0,0,0,0,0,0,0,0,0,0,0,0,0,37,0,0,235,1,1,0,0,1,1,1,1,1,1,2,2,0,0,0,0
2307,WLNM_dir_neg,1,0.5,00:00:02,10,60,7,1984532180,threshold_sweep,0.3,1,0.5,0.666666666667,1,0,1,4,0.5,1,0,0.5,1,0.5,0.666666666667,0.833333333333,0.611111111111,0.571428571429,0.632455532034,0.5,37,35,2,0,37,0,35,0,2,17,37,0.136029411765,1.88235294118,4.35294117647,3.36363636364,2.84615384615,1.69341284359,0.389027274878,0.193958664547,2.09866904602,0.964253345467,0.518282988871,1.87867287326,0.863174022847,0.470588235294,0.786197569093,0.41766745858,2.25,1.88235294118,0.786197569093,2.25,0.166339869281,0.0612244897959,3,0.00441176470588,0.185952380952,17,17,17,1,0,0.352941176471,0.411764705882,0.235294117647,17,0.128676470588,1.90196078431,4.11764705882,3.18181818182,2.69230769231,1.57648156274,0.382859808093,0.201680672269,2.01465221053,0.978545359402,0.524369747899,1.74894926439,0.849489642704,0.463865546218,0.814492905316,0.428238537847,2.33333333333,1.90196078431,0.814492905316,2.33333333333,0,0,0,0,0.164242424242,17,17,17,1,0,0.352941176471,0.411764705882,0.235294117647,17,36,0.132352941176,1.89705882353,4.23529411765,3.27272727273,2.76923076923,1.71498585143,0.40492721492,0.204248366013,2.05798302171,0.971825315808,0.522875816993,1.79869233546,0.849382491746,0.464052287582,0.805541469338,0.424626510969,2.25,1.89705882353,0.805541469338,2.25,0.0702614379085,0.0214285714286,1,0.00147058823529,0.175454545455,17,17,17,1,0,0.352941176471,0.411764705882,0.235294117647,-1,-0.00367647058824,0.0147058823529,-0.117647058824,-0.0909090909091,-0.0769230769231,0.0215730078386,0.0158999400418,0.0102897014662,-0.0406860243059,0.00757197034072,0.00459282812224,-0.0799805377942,-0.0137915311015,-0.00653594771242,0.0193439002456,0.00695905238854,0,0.0147058823529,0.0193439002456,0,-0.0960784313725,-0.0397959183673,-2,-0.00294117647059,-0.0104978354978,0,0,0,36,0,1,235,0.972972972973,1,0,0.027027027027,1,0.972972972973,0.986301369863,0.984301887704,0.972972972973,0.972972972973,1,2,0,0,0,0
2308,WLNM_dir_neg,1,0.5,00:00:02,10,60,7,1984532180,threshold_sweep,0.4,1,0.5,0.666666666667,1,0,1,4,0.5,1,0,0.5,1,0.5,0.666666666667,0.833333333333,0.611111111111,0.571428571429,0.632455532034,0.5,37,35,2,0,37,0,35,0,2,17,37,0.136029411765,1.88235294118,4.35294117647,3.36363636364,2.84615384615,1.69341284359,0.389027274878,0.193958664547,2.09866904602,0.964253345467,0.518282988871,1.87867287326,0.863174022847,0.470588235294,0.786197569093,0.41766745858,2.25,1.88235294118,0.786197569093,2.25,0.166339869281,0.0612244897959,3,0.00441176470588,0.185952380952,17,17,17,1,0,0.352941176471,0.411764705882,0.235294117647,17,0.128676470588,1.90196078431,4.11764705882,3.18181818182,2.69230769231,1.57648156274,0.382859808093,0.201680672269,2.01465221053,0.978545359402,0.524369747899,1.74894926439,0.849489642704,0.463865546218,0.814492905316,0.428238537847,2.33333333333,1.90196078431,0.814492905316,2.33333333333,0,0,0,0,0.164242424242,17,17,17,1,0,0.352941176471,0.411764705882,0.235294117647,17,36,0.132352941176,1.89705882353,4.23529411765,3.27272727273,2.76923076923,1.71498585143,0.40492721492,0.204248366013,2.05798302171,0.971825315808,0.522875816993,1.79869233546,0.849382491746,0.464052287582,0.805541469338,0.424626510969,2.25,1.89705882353,0.805541469338,2.25,0.0702614379085,0.0214285714286,1,0.00147058823529,0.175454545455,17,17,17,1,0,0.352941176471,0.411764705882,0.235294117647,-1,-0.00367647058824,0.0147058823529,-0.117647058824,-0.0909090909091,-0.0769230769231,0.0215730078386,0.0158999400418,0.0102897014662,-0.0406860243059,0.00757197034072,0.00459282812224,-0.0799805377942,-0.0137915311015,-0.00653594771242,0.0193439002456,0.00695905238854,0,0.0147058823529,0.0193439002456,0,-0.0960784313725,-0.0397959183673,-2,-0.00294117647059,-0.0104978354978,0,0,0,36,0,1,235,0.972972972973,1,0,0.027027027027,1,0.972972972973,0.986301369863,0.984301887704,0.972972972973,0.972972972973,1,2,0,0,0,0
2309,WLNM_dir_neg,1,0.5,00:00:02,10,60,7,1984532180,threshold_sweep,0.5,1,0.5,0.666666666667,1,0,1,4,0.5,1,0,0.5,1,0.5,0.666666666667,0.833333333333,0.611111111111,0.571428571429,0.632455532034,0.5,37,35,2,0,37,0,35,0,2,17,37,0.136029411765,1.88235294118,4.35294117647,3.36363636364,2.84615384615,1.69341284359,0.389027274878,0.193958664547,2.09866904602,0.964253345467,0.518282988871,1.87867287326,0.863174022847,0.470588235294,0.786197569093,0.41766745858,2.25,1.88235294118,0.786197569093,2.25,0.166339869281,0.0612244897959,3,0.00441176470588,0.185952380952,17,17,17,1,0,0.352941176471,0.411764705882,0.235294117647,17,0.128676470588,1.90196078431,4.11764705882,3.18181818182,2.69230769231,1.57648156274,0.382859808093,0.201680672269,2.01465221053,0.978545359402,0.524369747899,1.74894926439,0.849489642704,0.463865546218,0.814492905316,0.428238537847,2.33333333333,1.90196078431,0.814492905316,2.33333333333,0,0,0,0,0.164242424242,17,17,17,1,0,0.352941176471,0.411764705882,0.235294117647,17,36,0.132352941176,1.89705882353,4.23529411765,3.27272727273,2.76923076923,1.71498585143,0.40492721492,0.204248366013,2.05798302171,0.971825315808,0.522875816993,1.79869233546,0.849382491746,0.464052287582,0.805541469338,0.424626510969,2.25,1.89705882353,0.805541469338,2.25,0.0702614379085,0.0214285714286,1,0.00147058823529,0.175454545455,17,17,17,1,0,0.352941176471,0.411764705882,0.235294117647,-1,-0.00367647058824,0.0147058823529,-0.117647058824,-0.0909090909091,-0.0769230769231,0.0215730078386,0.0158999400418,0.0102897014662,-0.0406860243059,0.00757197034072,0.00459282812224,-0.0799805377942,-0.0137915311015,-0.00653594771242,0.0193439002456,0.00695905238854,0,0.0147058823529,0.0193439002456,0,-0.0960784313725,-0.0397959183673,-2,-0.00294117647059,-0.0104978354978,0,0,0,36,0,1,235,0.972972972973,1,0,0.027027027027,1,0.972972972973,0.986301369863,0.984301887704,0.972972972973,0.972972972973,1,2,0,0,0,0
2310,WLNM_dir_neg,1,0.5,00:00:02,10,60,7,1984532180,threshold_sweep,0.6,1,0.5,0.666666666667,1,0,1,4,0.5,1,0,0.5,1,0.5,0.666666666667,0.833333333333,0.611111111111,0.571428571429,0.632455532034,0.5,37,35,2,0,37,0,35,0,2,17,37,0.136029411765,1.88235294118,4.35294117647,3.36363636364,2.84615384615,1.69341284359,0.389027274878,0.193958664547,2.09866904602,0.964253345467,0.518282988871,1.87867287326,0.863174022847,0.470588235294,0.786197569093,0.41766745858,2.25,1.88235294118,0.786197569093,2.25,0.166339869281,0.0612244897959,3,0.00441176470588,0.185952380952,17,17,17,1,0,0.352941176471,0.411764705882,0.235294117647,17,0.128676470588,1.90196078431,4.11764705882,3.18181818182,2.69230769231,1.57648156274,0.382859808093,0.201680672269,2.01465221053,0.978545359402,0.524369747899,1.74894926439,0.849489642704,0.463865546218,0.814492905316,0.428238537847,2.33333333333,1.90196078431,0.814492905316,2.33333333333,0,0,0,0,0.164242424242,17,17,17,1,0,0.352941176471,0.411764705882,0.235294117647,17,36,0.132352941176,1.89705882353,4.23529411765,3.27272727273,2.76923076923,1.71498585143,0.40492721492,0.204248366013,2.05798302171,0.971825315808,0.522875816993,1.79869233546,0.849382491746,0.464052287582,0.805541469338,0.424626510969,2.25,1.89705882353,0.805541469338,2.25,0.0702614379085,0.0214285714286,1,0.00147058823529,0.175454545455,17,17,17,1,0,0.352941176471,0.411764705882,0.235294117647,-1,-0.00367647058824,0.0147058823529,-0.117647058824,-0.0909090909091,-0.0769230769231,0.0215730078386,0.0158999400418,0.0102897014662,-0.0406860243059,0.00757197034072,0.00459282812224,-0.0799805377942,-0.0137915311015,-0.00653594771242,0.0193439002456,0.00695905238854,0,0.0147058823529,0.0193439002456,0,-0.0960784313725,-0.0397959183673,-2,-0.00294117647059,-0.0104978354978,0,0,0,36,0,1,235,0.972972972973,1,0,0.027027027027,1,0.972972972973,0.986301369863,0.984301887704,0.972972972973,0.972972972973,1,2,0,0,0,0
2311,WLNM_dir_neg,1,0.5,00:00:02,10,60,7,1984532180,threshold_sweep,0.7,1,0.5,0.666666666667,1,0,1,4,0.5,1,0,0.5,1,0.5,0.666666666667,0.833333333333,0.611111111111,0.571428571429,0.632455532034,0.5,37,35,2,0,37,0,35,0,2,17,37,0.136029411765,1.88235294118,4.35294117647,3.36363636364,2.84615384615,1.69341284359,0.389027274878,0.193958664547,2.09866904602,0.964253345467,0.518282988871,1.87867287326,0.863174022847,0.470588235294,0.786197569093,0.41766745858,2.25,1.88235294118,0.786197569093,2.25,0.166339869281,0.0612244897959,3,0.00441176470588,0.185952380952,17,17,17,1,0,0.352941176471,0.411764705882,0.235294117647,17,0.128676470588,1.90196078431,4.11764705882,3.18181818182,2.69230769231,1.57648156274,0.382859808093,0.201680672269,2.01465221053,0.978545359402,0.524369747899,1.74894926439,0.849489642704,0.463865546218,0.814492905316,0.428238537847,2.33333333333,1.90196078431,0.814492905316,2.33333333333,0,0,0,0,0.164242424242,17,17,17,1,0,0.352941176471,0.411764705882,0.235294117647,17,36,0.132352941176,1.89705882353,4.23529411765,3.27272727273,2.76923076923,1.71498585143,0.40492721492,0.204248366013,2.05798302171,0.971825315808,0.522875816993,1.79869233546,0.849382491746,0.464052287582,0.805541469338,0.424626510969,2.25,1.89705882353,0.805541469338,2.25,0.0702614379085,0.0214285714286,1,0.00147058823529,0.175454545455,17,17,17,1,0,0.352941176471,0.411764705882,0.235294117647,-1,-0.00367647058824,0.0147058823529,-0.117647058824,-0.0909090909091,-0.0769230769231,0.0215730078386,0.0158999400418,0.0102897014662,-0.0406860243059,0.00757197034072,0.00459282812224,-0.0799805377942,-0.0137915311015,-0.00653594771242,0.0193439002456,0.00695905238854,0,0.0147058823529,0.0193439002456,0,-0.0960784313725,-0.0397959183673,-2,-0.00294117647059,-0.0104978354978,0,0,0,36,0,1,235,0.972972972973,1,0,0.027027027027,1,0.972972972973,0.986301369863,0.984301887704,0.972972972973,0.972972972973,1,2,0,0,0,0
2312,WLNM_dir_neg,1,0.5,00:00:02,10,60,7,1984532180,threshold_sweep,0.8,1,0.5,0.666666666667,1,0,1,4,0.5,1,0,0.5,1,0.5,0.666666666667,0.833333333333,0.611111111111,0.571428571429,0.632455532034,0.5,37,35,2,0,37,0,35,0,2,17,37,0.136029411765,1.88235294118,4.35294117647,3.36363636364,2.84615384615,1.69341284359,0.389027274878,0.193958664547,2.09866904602,0.964253345467,0.518282988871,1.87867287326,0.863174022847,0.470588235294,0.786197569093,0.41766745858,2.25,1.88235294118,0.786197569093,2.25,0.166339869281,0.0612244897959,3,0.00441176470588,0.185952380952,17,17,17,1,0,0.352941176471,0.411764705882,0.235294117647,17,0.128676470588,1.90196078431,4.11764705882,3.18181818182,2.69230769231,1.57648156274,0.382859808093,0.201680672269,2.01465221053,0.978545359402,0.524369747899,1.74894926439,0.849489642704,0.463865546218,0.814492905316,0.428238537847,2.33333333333,1.90196078431,0.814492905316,2.33333333333,0,0,0,0,0.164242424242,17,17,17,1,0,0.352941176471,0.411764705882,0.235294117647,17,36,0.132352941176,1.89705882353,4.23529411765,3.27272727273,2.76923076923,1.71498585143,0.40492721492,0.204248366013,2.05798302171,0.971825315808,0.522875816993,1.79869233546,0.849382491746,0.464052287582,0.805541469338,0.424626510969,2.25,1.89705882353,0.805541469338,2.25,0.0702614379085,0.0214285714286,1,0.00147058823529,0.175454545455,17,17,17,1,0,0.352941176471,0.411764705882,0.235294117647,-1,-0.00367647058824,0.0147058823529,-0.117647058824,-0.0909090909091,-0.0769230769231,0.0215730078386,0.0158999400418,0.0102897014662,-0.0406860243059,0.00757197034072,0.00459282812224,-0.0799805377942,-0.0137915311015,-0.00653594771242,0.0193439002456,0.00695905238854,0,0.0147058823529,0.0193439002456,0,-0.0960784313725,-0.0397959183673,-2,-0.00294117647059,-0.0104978354978,0,0,0,36,0,1,235,0.972972972973,1,0,0.027027027027,1,0.972972972973,0.986301369863,0.984301887704,0.972972972973,0.972972972973,1,2,0,0,0,0
2313,WLNM_dir_neg,1,0.5,00:00:02,10,60,7,1984532180,threshold_sweep,0.9,1,0.5,0.666666666667,1,0,1,4,0.5,1,0,0.5,1,0.5,0.666666666667,0.833333333333,0.611111111111,0.571428571429,0.632455532034,0.5,37,35,2,0,37,0,35,0,2,17,37,0.136029411765,1.88235294118,4.35294117647,3.36363636364,2.84615384615,1.69341284359,0.389027274878,0.193958664547,2.09866904602,0.964253345467,0.518282988871,1.87867287326,0.863174022847,0.470588235294,0.786197569093,0.41766745858,2.25,1.88235294118,0.786197569093,2.25,0.166339869281,0.0612244897959,3,0.00441176470588,0.185952380952,17,17,17,1,0,0.352941176471,0.411764705882,0.235294117647,17,0.128676470588,1.90196078431,4.11764705882,3.18181818182,2.69230769231,1.57648156274,0.382859808093,0.201680672269,2.01465221053,0.978545359402,0.524369747899,1.74894926439,0.849489642704,0.463865546218,0.814492905316,0.428238537847,2.33333333333,1.90196078431,0.814492905316,2.33333333333,0,0,0,0,0.164242424242,17,17,17,1,0,0.352941176471,0.411764705882,0.235294117647,17,36,0.132352941176,1.89705882353,4.23529411765,3.27272727273,2.76923076923,1.71498585143,0.40492721492,0.204248366013,2.05798302171,0.971825315808,0.522875816993,1.79869233546,0.849382491746,0.464052287582,0.805541469338,0.424626510969,2.25,1.89705882353,0.805541469338,2.25,0.0702614379085,0.0214285714286,1,0.00147058823529,0.175454545455,17,17,17,1,0,0.352941176471,0.411764705882,0.235294117647,-1,-0.00367647058824,0.0147058823529,-0.117647058824,-0.0909090909091,-0.0769230769231,0.0215730078386,0.0158999400418,0.0102897014662,-0.0406860243059,0.00757197034072,0.00459282812224,-0.0799805377942,-0.0137915311015,-0.00653594771242,0.0193439002456,0.00695905238854,0,0.0147058823529,0.0193439002456,0,-0.0960784313725,-0.0397959183673,-2,-0.00294117647059,-0.0104978354978,0,0,0,36,0,1,235,0.972972972973,1,0,0.027027027027,1,0.972972972973,0.986301369863,0.984301887704,0.972972972973,0.972972972973,1,2,0,0,0,0
2314,WLNM_dir_neg,1,0.5,00:00:01,10,60,8,1984532181,threshold_sweep,0.1,1,1,1,2,0,0,4,1,1,0,0,1,1,1,1,0.555555555556,1,1,1,37,35,2,0,37,0,35,0,2,17,37,0.136029411765,1.88235294118,4.35294117647,3.36363636364,2.84615384615,1.69341284359,0.389027274878,0.193958664547,2.09866904602,0.964253345467,0.518282988871,1.87867287326,0.863174022847,0.470588235294,0.786197569093,0.41766745858,2.25,1.88235294118,0.786197569093,2.25,0.166339869281,0.0612244897959,3,0.00441176470588,0.185952380952,17,17,17,1,0,0.352941176471,0.411764705882,0.235294117647,17,0.128676470588,1.90196078431,4.11764705882,3.18181818182,2.69230769231,1.57648156274,0.382859808093,0.201680672269,2.01465221053,0.978545359402,0.524369747899,1.74894926439,0.849489642704,0.463865546218,0.814492905316,0.428238537847,2.33333333333,1.90196078431,0.814492905316,2.33333333333,0,0,0,0,0.164242424242,17,17,17,1,0,0.352941176471,0.411764705882,0.235294117647,17,37,0.136029411765,1.88235294118,4.35294117647,3.36363636364,2.84615384615,1.69341284359,0.389027274878,0.193958664547,2.09866904602,0.964253345467,0.518282988871,1.87867287326,0.863174022847,0.470588235294,0.786197569093,0.41766745858,2.25,1.88235294118,0.786197569093,2.25,0.166339869281,0.0612244897959,3,0.00441176470588,0.185952380952,17,17,17,1,0,0.352941176471,0.411764705882,0.235294117647,0,0,0,0,0,0,0,0,0,0,0,0,0,0,0,0,0,0,0,0,0,0,0,0,0,0,0,0,0,37,0,0,235,1,1,0,0,1,1,1,1,1,1,2,2,0,0,0,0
2315,WLNM_dir_neg,1,0.5,00:00:01,10,60,8,1984532181,threshold_sweep,0.2,1,1,1,2,0,0,4,1,1,0,0,1,1,1,1,0.555555555556,1,1,1,37,35,2,0,37,0,35,0,2,17,37,0.136029411765,1.88235294118,4.35294117647,3.36363636364,2.84615384615,1.69341284359,0.389027274878,0.193958664547,2.09866904602,0.964253345467,0.518282988871,1.87867287326,0.863174022847,0.470588235294,0.786197569093,0.41766745858,2.25,1.88235294118,0.786197569093,2.25,0.166339869281,0.0612244897959,3,0.00441176470588,0.185952380952,17,17,17,1,0,0.352941176471,0.411764705882,0.235294117647,17,0.128676470588,1.90196078431,4.11764705882,3.18181818182,2.69230769231,1.57648156274,0.382859808093,0.201680672269,2.01465221053,0.978545359402,0.524369747899,1.74894926439,0.849489642704,0.463865546218,0.814492905316,0.428238537847,2.33333333333,1.90196078431,0.814492905316,2.33333333333,0,0,0,0,0.164242424242,17,17,17,1,0,0.352941176471,0.411764705882,0.235294117647,17,37,0.136029411765,1.88235294118,4.35294117647,3.36363636364,2.84615384615,1.69341284359,0.389027274878,0.193958664547,2.09866904602,0.964253345467,0.518282988871,1.87867287326,0.863174022847,0.470588235294,0.786197569093,0.41766745858,2.25,1.88235294118,0.786197569093,2.25,0.166339869281,0.0612244897959,3,0.00441176470588,0.185952380952,17,17,17,1,0,0.352941176471,0.411764705882,0.235294117647,0,0,0,0,0,0,0,0,0,0,0,0,0,0,0,0,0,0,0,0,0,0,0,0,0,0,0,0,0,37,0,0,235,1,1,0,0,1,1,1,1,1,1,2,2,0,0,0,0
2316,WLNM_dir_neg,1,0.5,00:00:01,10,60,8,1984532181,threshold_sweep,0.3,1,1,1,2,0,0,4,1,1,0,0,1,1,1,1,0.555555555556,1,1,1,37,35,2,0,37,0,35,0,2,17,37,0.136029411765,1.88235294118,4.35294117647,3.36363636364,2.84615384615,1.69341284359,0.389027274878,0.193958664547,2.09866904602,0.964253345467,0.518282988871,1.87867287326,0.863174022847,0.470588235294,0.786197569093,0.41766745858,2.25,1.88235294118,0.786197569093,2.25,0.166339869281,0.0612244897959,3,0.00441176470588,0.185952380952,17,17,17,1,0,0.352941176471,0.411764705882,0.235294117647,17,0.128676470588,1.90196078431,4.11764705882,3.18181818182,2.69230769231,1.57648156274,0.382859808093,0.201680672269,2.01465221053,0.978545359402,0.524369747899,1.74894926439,0.849489642704,0.463865546218,0.814492905316,0.428238537847,2.33333333333,1.90196078431,0.814492905316,2.33333333333,0,0,0,0,0.164242424242,17,17,17,1,0,0.352941176471,0.411764705882,0.235294117647,17,37,0.136029411765,1.88235294118,4.35294117647,3.36363636364,2.84615384615,1.69341284359,0.389027274878,0.193958664547,2.09866904602,0.964253345467,0.518282988871,1.87867287326,0.863174022847,0.470588235294,0.786197569093,0.41766745858,2.25,1.88235294118,0.786197569093,2.25,0.166339869281,0.0612244897959,3,0.00441176470588,0.185952380952,17,17,17,1,0,0.352941176471,0.411764705882,0.235294117647,0,0,0,0,0,0,0,0,0,0,0,0,0,0,0,0,0,0,0,0,0,0,0,0,0,0,0,0,0,37,0,0,235,1,1,0,0,1,1,1,1,1,1,2,2,0,0,0,0
2317,WLNM_dir_neg,1,0.5,00:00:01,10,60,8,1984532181,threshold_sweep,0.4,1,1,1,2,0,0,4,1,1,0,0,1,1,1,1,0.555555555556,1,1,1,37,35,2,0,37,0,35,0,2,17,37,0.136029411765,1.88235294118,4.35294117647,3.36363636364,2.84615384615,1.69341284359,0.389027274878,0.193958664547,2.09866904602,0.964253345467,0.518282988871,1.87867287326,0.863174022847,0.470588235294,0.786197569093,0.41766745858,2.25,1.88235294118,0.786197569093,2.25,0.166339869281,0.0612244897959,3,0.00441176470588,0.185952380952,17,17,17,1,0,0.352941176471,0.411764705882,0.235294117647,17,0.128676470588,1.90196078431,4.11764705882,3.18181818182,2.69230769231,1.57648156274,0.382859808093,0.201680672269,2.01465221053,0.978545359402,0.524369747899,1.74894926439,0.849489642704,0.463865546218,0.814492905316,0.428238537847,2.33333333333,1.90196078431,0.814492905316,2.33333333333,0,0,0,0,0.164242424242,17,17,17,1,0,0.352941176471,0.411764705882,0.235294117647,17,37,0.136029411765,1.88235294118,4.35294117647,3.36363636364,2.84615384615,1.69341284359,0.389027274878,0.193958664547,2.09866904602,0.964253345467,0.518282988871,1.87867287326,0.863174022847,0.470588235294,0.786197569093,0.41766745858,2.25,1.88235294118,0.786197569093,2.25,0.166339869281,0.0612244897959,3,0.00441176470588,0.185952380952,17,17,17,1,0,0.352941176471,0.411764705882,0.235294117647,0,0,0,0,0,0,0,0,0,0,0,0,0,0,0,0,0,0,0,0,0,0,0,0,0,0,0,0,0,37,0,0,235,1,1,0,0,1,1,1,1,1,1,2,2,0,0,0,0
2318,WLNM_dir_neg,1,0.5,00:00:01,10,60,8,1984532181,threshold_sweep,0.5,1,1,1,2,0,0,4,1,1,0,0,1,1,1,1,0.555555555556,1,1,1,37,35,2,0,37,0,35,0,2,17,37,0.136029411765,1.88235294118,4.35294117647,3.36363636364,2.84615384615,1.69341284359,0.389027274878,0.193958664547,2.09866904602,0.964253345467,0.518282988871,1.87867287326,0.863174022847,0.470588235294,0.786197569093,0.41766745858,2.25,1.88235294118,0.786197569093,2.25,0.166339869281,0.0612244897959,3,0.00441176470588,0.185952380952,17,17,17,1,0,0.352941176471,0.411764705882,0.235294117647,17,0.128676470588,1.90196078431,4.11764705882,3.18181818182,2.69230769231,1.57648156274,0.382859808093,0.201680672269,2.01465221053,0.978545359402,0.524369747899,1.74894926439,0.849489642704,0.463865546218,0.814492905316,0.428238537847,2.33333333333,1.90196078431,0.814492905316,2.33333333333,0,0,0,0,0.164242424242,17,17,17,1,0,0.352941176471,0.411764705882,0.235294117647,17,37,0.136029411765,1.88235294118,4.35294117647,3.36363636364,2.84615384615,1.69341284359,0.389027274878,0.193958664547,2.09866904602,0.964253345467,0.518282988871,1.87867287326,0.863174022847,0.470588235294,0.786197569093,0.41766745858,2.25,1.88235294118,0.786197569093,2.25,0.166339869281,0.0612244897959,3,0.00441176470588,0.185952380952,17,17,17,1,0,0.352941176471,0.411764705882,0.235294117647,0,0,0,0,0,0,0,0,0,0,0,0,0,0,0,0,0,0,0,0,0,0,0,0,0,0,0,0,0,37,0,0,235,1,1,0,0,1,1,1,1,1,1,2,2,0,0,0,0
2319,WLNM_dir_neg,1,0.5,00:00:01,10,60,8,1984532181,threshold_sweep,0.6,1,1,1,2,0,0,4,1,1,0,0,1,1,1,1,0.555555555556,1,1,1,37,35,2,0,37,0,35,0,2,17,37,0.136029411765,1.88235294118,4.35294117647,3.36363636364,2.84615384615,1.69341284359,0.389027274878,0.193958664547,2.09866904602,0.964253345467,0.518282988871,1.87867287326,0.863174022847,0.470588235294,0.786197569093,0.41766745858,2.25,1.88235294118,0.786197569093,2.25,0.166339869281,0.0612244897959,3,0.00441176470588,0.185952380952,17,17,17,1,0,0.352941176471,0.411764705882,0.235294117647,17,0.128676470588,1.90196078431,4.11764705882,3.18181818182,2.69230769231,1.57648156274,0.382859808093,0.201680672269,2.01465221053,0.978545359402,0.524369747899,1.74894926439,0.849489642704,0.463865546218,0.814492905316,0.428238537847,2.33333333333,1.90196078431,0.814492905316,2.33333333333,0,0,0,0,0.164242424242,17,17,17,1,0,0.352941176471,0.411764705882,0.235294117647,17,37,0.136029411765,1.88235294118,4.35294117647,3.36363636364,2.84615384615,1.69341284359,0.389027274878,0.193958664547,2.09866904602,0.964253345467,0.518282988871,1.87867287326,0.863174022847,0.470588235294,0.786197569093,0.41766745858,2.25,1.88235294118,0.786197569093,2.25,0.166339869281,0.0612244897959,3,0.00441176470588,0.185952380952,17,17,17,1,0,0.352941176471,0.411764705882,0.235294117647,0,0,0,0,0,0,0,0,0,0,0,0,0,0,0,0,0,0,0,0,0,0,0,0,0,0,0,0,0,37,0,0,235,1,1,0,0,1,1,1,1,1,1,2,2,0,0,0,0
2320,WLNM_dir_neg,1,0.5,00:00:01,10,60,8,1984532181,threshold_sweep,0.7,1,1,1,2,0,0,4,1,1,0,0,1,1,1,1,0.555555555556,1,1,1,37,35,2,0,37,0,35,0,2,17,37,0.136029411765,1.88235294118,4.35294117647,3.36363636364,2.84615384615,1.69341284359,0.389027274878,0.193958664547,2.09866904602,0.964253345467,0.518282988871,1.87867287326,0.863174022847,0.470588235294,0.786197569093,0.41766745858,2.25,1.88235294118,0.786197569093,2.25,0.166339869281,0.0612244897959,3,0.00441176470588,0.185952380952,17,17,17,1,0,0.352941176471,0.411764705882,0.235294117647,17,0.128676470588,1.90196078431,4.11764705882,3.18181818182,2.69230769231,1.57648156274,0.382859808093,0.201680672269,2.01465221053,0.978545359402,0.524369747899,1.74894926439,0.849489642704,0.463865546218,0.814492905316,0.428238537847,2.33333333333,1.90196078431,0.814492905316,2.33333333333,0,0,0,0,0.164242424242,17,17,17,1,0,0.352941176471,0.411764705882,0.235294117647,17,37,0.136029411765,1.88235294118,4.35294117647,3.36363636364,2.84615384615,1.69341284359,0.389027274878,0.193958664547,2.09866904602,0.964253345467,0.518282988871,1.87867287326,0.863174022847,0.470588235294,0.786197569093,0.41766745858,2.25,1.88235294118,0.786197569093,2.25,0.166339869281,0.0612244897959,3,0.00441176470588,0.185952380952,17,17,17,1,0,0.352941176471,0.411764705882,0.235294117647,0,0,0,0,0,0,0,0,0,0,0,0,0,0,0,0,0,0,0,0,0,0,0,0,0,0,0,0,0,37,0,0,235,1,1,0,0,1,1,1,1,1,1,2,2,0,0,0,0
2321,WLNM_dir_neg,1,0.5,00:00:01,10,60,8,1984532181,threshold_sweep,0.8,1,1,1,2,0,0,4,1,1,0,0,1,1,1,1,0.555555555556,1,1,1,37,35,2,0,37,0,35,0,2,17,37,0.136029411765,1.88235294118,4.35294117647,3.36363636364,2.84615384615,1.69341284359,0.389027274878,0.193958664547,2.09866904602,0.964253345467,0.518282988871,1.87867287326,0.863174022847,0.470588235294,0.786197569093,0.41766745858,2.25,1.88235294118,0.786197569093,2.25,0.166339869281,0.0612244897959,3,0.00441176470588,0.185952380952,17,17,17,1,0,0.352941176471,0.411764705882,0.235294117647,17,0.128676470588,1.90196078431,4.11764705882,3.18181818182,2.69230769231,1.57648156274,0.382859808093,0.201680672269,2.01465221053,0.978545359402,0.524369747899,1.74894926439,0.849489642704,0.463865546218,0.814492905316,0.428238537847,2.33333333333,1.90196078431,0.814492905316,2.33333333333,0,0,0,0,0.164242424242,17,17,17,1,0,0.352941176471,0.411764705882,0.235294117647,17,37,0.136029411765,1.88235294118,4.35294117647,3.36363636364,2.84615384615,1.69341284359,0.389027274878,0.193958664547,2.09866904602,0.964253345467,0.518282988871,1.87867287326,0.863174022847,0.470588235294,0.786197569093,0.41766745858,2.25,1.88235294118,0.786197569093,2.25,0.166339869281,0.0612244897959,3,0.00441176470588,0.185952380952,17,17,17,1,0,0.352941176471,0.411764705882,0.235294117647,0,0,0,0,0,0,0,0,0,0,0,0,0,0,0,0,0,0,0,0,0,0,0,0,0,0,0,0,0,37,0,0,235,1,1,0,0,1,1,1,1,1,1,2,2,0,0,0,0
2322,WLNM_dir_neg,1,0.5,00:00:01,10,60,8,1984532181,threshold_sweep,0.9,1,1,1,2,0,0,4,1,1,0,0,1,1,1,1,0.555555555556,1,1,1,37,35,2,0,37,0,35,0,2,17,37,0.136029411765,1.88235294118,4.35294117647,3.36363636364,2.84615384615,1.69341284359,0.389027274878,0.193958664547,2.09866904602,0.964253345467,0.518282988871,1.87867287326,0.863174022847,0.470588235294,0.786197569093,0.41766745858,2.25,1.88235294118,0.786197569093,2.25,0.166339869281,0.0612244897959,3,0.00441176470588,0.185952380952,17,17,17,1,0,0.352941176471,0.411764705882,0.235294117647,17,0.128676470588,1.90196078431,4.11764705882,3.18181818182,2.69230769231,1.57648156274,0.382859808093,0.201680672269,2.01465221053,0.978545359402,0.524369747899,1.74894926439,0.849489642704,0.463865546218,0.814492905316,0.428238537847,2.33333333333,1.90196078431,0.814492905316,2.33333333333,0,0,0,0,0.164242424242,17,17,17,1,0,0.352941176471,0.411764705882,0.235294117647,17,37,0.136029411765,1.88235294118,4.35294117647,3.36363636364,2.84615384615,1.69341284359,0.389027274878,0.193958664547,2.09866904602,0.964253345467,0.518282988871,1.87867287326,0.863174022847,0.470588235294,0.786197569093,0.41766745858,2.25,1.88235294118,0.786197569093,2.25,0.166339869281,0.0612244897959,3,0.00441176470588,0.185952380952,17,17,17,1,0,0.352941176471,0.411764705882,0.235294117647,0,0,0,0,0,0,0,0,0,0,0,0,0,0,0,0,0,0,0,0,0,0,0,0,0,0,0,0,0,37,0,0,235,1,1,0,0,1,1,1,1,1,1,2,2,0,0,0,0
2323,WLNM_dir_neg,1,0.5,00:00:02,10,60,9,1984532182,threshold_sweep,0.1,1,1,1,2,0,0,4,1,1,0,0,1,1,1,1,0.555555555556,1,1,1,37,35,2,0,37,0,35,0,2,17,37,0.136029411765,1.88235294118,4.35294117647,3.36363636364,2.84615384615,1.69341284359,0.389027274878,0.193958664547,2.09866904602,0.964253345467,0.518282988871,1.87867287326,0.863174022847,0.470588235294,0.786197569093,0.41766745858,2.25,1.88235294118,0.786197569093,2.25,0.166339869281,0.0612244897959,3,0.00441176470588,0.185952380952,17,17,17,1,0,0.352941176471,0.411764705882,0.235294117647,17,0.128676470588,1.90196078431,4.11764705882,3.18181818182,2.69230769231,1.57648156274,0.382859808093,0.201680672269,2.01465221053,0.978545359402,0.524369747899,1.74894926439,0.849489642704,0.463865546218,0.814492905316,0.428238537847,2.33333333333,1.90196078431,0.814492905316,2.33333333333,0,0,0,0,0.164242424242,17,17,17,1,0,0.352941176471,0.411764705882,0.235294117647,17,37,0.136029411765,1.88235294118,4.35294117647,3.36363636364,2.84615384615,1.69341284359,0.389027274878,0.193958664547,2.09866904602,0.964253345467,0.518282988871,1.87867287326,0.863174022847,0.470588235294,0.786197569093,0.41766745858,2.25,1.88235294118,0.786197569093,2.25,0.166339869281,0.0612244897959,3,0.00441176470588,0.185952380952,17,17,17,1,0,0.352941176471,0.411764705882,0.235294117647,0,0,0,0,0,0,0,0,0,0,0,0,0,0,0,0,0,0,0,0,0,0,0,0,0,0,0,0,0,37,0,0,235,1,1,0,0,1,1,1,1,1,1,2,2,0,0,0,0
2324,WLNM_dir_neg,1,0.5,00:00:02,10,60,9,1984532182,threshold_sweep,0.2,1,1,1,2,0,0,4,1,1,0,0,1,1,1,1,0.555555555556,1,1,1,37,35,2,0,37,0,35,0,2,17,37,0.136029411765,1.88235294118,4.35294117647,3.36363636364,2.84615384615,1.69341284359,0.389027274878,0.193958664547,2.09866904602,0.964253345467,0.518282988871,1.87867287326,0.863174022847,0.470588235294,0.786197569093,0.41766745858,2.25,1.88235294118,0.786197569093,2.25,0.166339869281,0.0612244897959,3,0.00441176470588,0.185952380952,17,17,17,1,0,0.352941176471,0.411764705882,0.235294117647,17,0.128676470588,1.90196078431,4.11764705882,3.18181818182,2.69230769231,1.57648156274,0.382859808093,0.201680672269,2.01465221053,0.978545359402,0.524369747899,1.74894926439,0.849489642704,0.463865546218,0.814492905316,0.428238537847,2.33333333333,1.90196078431,0.814492905316,2.33333333333,0,0,0,0,0.164242424242,17,17,17,1,0,0.352941176471,0.411764705882,0.235294117647,17,37,0.136029411765,1.88235294118,4.35294117647,3.36363636364,2.84615384615,1.69341284359,0.389027274878,0.193958664547,2.09866904602,0.964253345467,0.518282988871,1.87867287326,0.863174022847,0.470588235294,0.786197569093,0.41766745858,2.25,1.88235294118,0.786197569093,2.25,0.166339869281,0.0612244897959,3,0.00441176470588,0.185952380952,17,17,17,1,0,0.352941176471,0.411764705882,0.235294117647,0,0,0,0,0,0,0,0,0,0,0,0,0,0,0,0,0,0,0,0,0,0,0,0,0,0,0,0,0,37,0,0,235,1,1,0,0,1,1,1,1,1,1,2,2,0,0,0,0
2325,WLNM_dir_neg,1,0.5,00:00:02,10,60,9,1984532182,threshold_sweep,0.3,1,1,1,2,0,0,4,1,1,0,0,1,1,1,1,0.555555555556,1,1,1,37,35,2,0,37,0,35,0,2,17,37,0.136029411765,1.88235294118,4.35294117647,3.36363636364,2.84615384615,1.69341284359,0.389027274878,0.193958664547,2.09866904602,0.964253345467,0.518282988871,1.87867287326,0.863174022847,0.470588235294,0.786197569093,0.41766745858,2.25,1.88235294118,0.786197569093,2.25,0.166339869281,0.0612244897959,3,0.00441176470588,0.185952380952,17,17,17,1,0,0.352941176471,0.411764705882,0.235294117647,17,0.128676470588,1.90196078431,4.11764705882,3.18181818182,2.69230769231,1.57648156274,0.382859808093,0.201680672269,2.01465221053,0.978545359402,0.524369747899,1.74894926439,0.849489642704,0.463865546218,0.814492905316,0.428238537847,2.33333333333,1.90196078431,0.814492905316,2.33333333333,0,0,0,0,0.164242424242,17,17,17,1,0,0.352941176471,0.411764705882,0.235294117647,17,37,0.136029411765,1.88235294118,4.35294117647,3.36363636364,2.84615384615,1.69341284359,0.389027274878,0.193958664547,2.09866904602,0.964253345467,0.518282988871,1.87867287326,0.863174022847,0.470588235294,0.786197569093,0.41766745858,2.25,1.88235294118,0.786197569093,2.25,0.166339869281,0.0612244897959,3,0.00441176470588,0.185952380952,17,17,17,1,0,0.352941176471,0.411764705882,0.235294117647,0,0,0,0,0,0,0,0,0,0,0,0,0,0,0,0,0,0,0,0,0,0,0,0,0,0,0,0,0,37,0,0,235,1,1,0,0,1,1,1,1,1,1,2,2,0,0,0,0
2326,WLNM_dir_neg,1,0.5,00:00:02,10,60,9,1984532182,threshold_sweep,0.4,1,1,1,2,0,0,4,1,1,0,0,1,1,1,1,0.555555555556,1,1,1,37,35,2,0,37,0,35,0,2,17,37,0.136029411765,1.88235294118,4.35294117647,3.36363636364,2.84615384615,1.69341284359,0.389027274878,0.193958664547,2.09866904602,0.964253345467,0.518282988871,1.87867287326,0.863174022847,0.470588235294,0.786197569093,0.41766745858,2.25,1.88235294118,0.786197569093,2.25,0.166339869281,0.0612244897959,3,0.00441176470588,0.185952380952,17,17,17,1,0,0.352941176471,0.411764705882,0.235294117647,17,0.128676470588,1.90196078431,4.11764705882,3.18181818182,2.69230769231,1.57648156274,0.382859808093,0.201680672269,2.01465221053,0.978545359402,0.524369747899,1.74894926439,0.849489642704,0.463865546218,0.814492905316,0.428238537847,2.33333333333,1.90196078431,0.814492905316,2.33333333333,0,0,0,0,0.164242424242,17,17,17,1,0,0.352941176471,0.411764705882,0.235294117647,17,37,0.136029411765,1.88235294118,4.35294117647,3.36363636364,2.84615384615,1.69341284359,0.389027274878,0.193958664547,2.09866904602,0.964253345467,0.518282988871,1.87867287326,0.863174022847,0.470588235294,0.786197569093,0.41766745858,2.25,1.88235294118,0.786197569093,2.25,0.166339869281,0.0612244897959,3,0.00441176470588,0.185952380952,17,17,17,1,0,0.352941176471,0.411764705882,0.235294117647,0,0,0,0,0,0,0,0,0,0,0,0,0,0,0,0,0,0,0,0,0,0,0,0,0,0,0,0,0,37,0,0,235,1,1,0,0,1,1,1,1,1,1,2,2,0,0,0,0
2327,WLNM_dir_neg,1,0.5,00:00:02,10,60,9,1984532182,threshold_sweep,0.5,1,1,1,2,0,0,4,1,1,0,0,1,1,1,1,0.555555555556,1,1,1,37,35,2,0,37,0,35,0,2,17,37,0.136029411765,1.88235294118,4.35294117647,3.36363636364,2.84615384615,1.69341284359,0.389027274878,0.193958664547,2.09866904602,0.964253345467,0.518282988871,1.87867287326,0.863174022847,0.470588235294,0.786197569093,0.41766745858,2.25,1.88235294118,0.786197569093,2.25,0.166339869281,0.0612244897959,3,0.00441176470588,0.185952380952,17,17,17,1,0,0.352941176471,0.411764705882,0.235294117647,17,0.128676470588,1.90196078431,4.11764705882,3.18181818182,2.69230769231,1.57648156274,0.382859808093,0.201680672269,2.01465221053,0.978545359402,0.524369747899,1.74894926439,0.849489642704,0.463865546218,0.814492905316,0.428238537847,2.33333333333,1.90196078431,0.814492905316,2.33333333333,0,0,0,0,0.164242424242,17,17,17,1,0,0.352941176471,0.411764705882,0.235294117647,17,37,0.136029411765,1.88235294118,4.35294117647,3.36363636364,2.84615384615,1.69341284359,0.389027274878,0.193958664547,2.09866904602,0.964253345467,0.518282988871,1.87867287326,0.863174022847,0.470588235294,0.786197569093,0.41766745858,2.25,1.88235294118,0.786197569093,2.25,0.166339869281,0.0612244897959,3,0.00441176470588,0.185952380952,17,17,17,1,0,0.352941176471,0.411764705882,0.235294117647,0,0,0,0,0,0,0,0,0,0,0,0,0,0,0,0,0,0,0,0,0,0,0,0,0,0,0,0,0,37,0,0,235,1,1,0,0,1,1,1,1,1,1,2,2,0,0,0,0
2328,WLNM_dir_neg,1,0.5,00:00:02,10,60,9,1984532182,threshold_sweep,0.6,1,1,1,2,0,0,4,1,1,0,0,1,1,1,1,0.555555555556,1,1,1,37,35,2,0,37,0,35,0,2,17,37,0.136029411765,1.88235294118,4.35294117647,3.36363636364,2.84615384615,1.69341284359,0.389027274878,0.193958664547,2.09866904602,0.964253345467,0.518282988871,1.87867287326,0.863174022847,0.470588235294,0.786197569093,0.41766745858,2.25,1.88235294118,0.786197569093,2.25,0.166339869281,0.0612244897959,3,0.00441176470588,0.185952380952,17,17,17,1,0,0.352941176471,0.411764705882,0.235294117647,17,0.128676470588,1.90196078431,4.11764705882,3.18181818182,2.69230769231,1.57648156274,0.382859808093,0.201680672269,2.01465221053,0.978545359402,0.524369747899,1.74894926439,0.849489642704,0.463865546218,0.814492905316,0.428238537847,2.33333333333,1.90196078431,0.814492905316,2.33333333333,0,0,0,0,0.164242424242,17,17,17,1,0,0.352941176471,0.411764705882,0.235294117647,17,37,0.136029411765,1.88235294118,4.35294117647,3.36363636364,2.84615384615,1.69341284359,0.389027274878,0.193958664547,2.09866904602,0.964253345467,0.518282988871,1.87867287326,0.863174022847,0.470588235294,0.786197569093,0.41766745858,2.25,1.88235294118,0.786197569093,2.25,0.166339869281,0.0612244897959,3,0.00441176470588,0.185952380952,17,17,17,1,0,0.352941176471,0.411764705882,0.235294117647,0,0,0,0,0,0,0,0,0,0,0,0,0,0,0,0,0,0,0,0,0,0,0,0,0,0,0,0,0,37,0,0,235,1,1,0,0,1,1,1,1,1,1,2,2,0,0,0,0
2329,WLNM_dir_neg,1,0.5,00:00:02,10,60,9,1984532182,threshold_sweep,0.7,1,1,1,2,0,0,4,1,1,0,0,1,1,1,1,0.555555555556,1,1,1,37,35,2,0,37,0,35,0,2,17,37,0.136029411765,1.88235294118,4.35294117647,3.36363636364,2.84615384615,1.69341284359,0.389027274878,0.193958664547,2.09866904602,0.964253345467,0.518282988871,1.87867287326,0.863174022847,0.470588235294,0.786197569093,0.41766745858,2.25,1.88235294118,0.786197569093,2.25,0.166339869281,0.0612244897959,3,0.00441176470588,0.185952380952,17,17,17,1,0,0.352941176471,0.411764705882,0.235294117647,17,0.128676470588,1.90196078431,4.11764705882,3.18181818182,2.69230769231,1.57648156274,0.382859808093,0.201680672269,2.01465221053,0.978545359402,0.524369747899,1.74894926439,0.849489642704,0.463865546218,0.814492905316,0.428238537847,2.33333333333,1.90196078431,0.814492905316,2.33333333333,0,0,0,0,0.164242424242,17,17,17,1,0,0.352941176471,0.411764705882,0.235294117647,17,37,0.136029411765,1.88235294118,4.35294117647,3.36363636364,2.84615384615,1.69341284359,0.389027274878,0.193958664547,2.09866904602,0.964253345467,0.518282988871,1.87867287326,0.863174022847,0.470588235294,0.786197569093,0.41766745858,2.25,1.88235294118,0.786197569093,2.25,0.166339869281,0.0612244897959,3,0.00441176470588,0.185952380952,17,17,17,1,0,0.352941176471,0.411764705882,0.235294117647,0,0,0,0,0,0,0,0,0,0,0,0,0,0,0,0,0,0,0,0,0,0,0,0,0,0,0,0,0,37,0,0,235,1,1,0,0,1,1,1,1,1,1,2,2,0,0,0,0
2330,WLNM_dir_neg,1,0.5,00:00:02,10,60,9,1984532182,threshold_sweep,0.8,1,1,1,2,0,0,4,1,1,0,0,1,1,1,1,0.555555555556,1,1,1,37,35,2,0,37,0,35,0,2,17,37,0.136029411765,1.88235294118,4.35294117647,3.36363636364,2.84615384615,1.69341284359,0.389027274878,0.193958664547,2.09866904602,0.964253345467,0.518282988871,1.87867287326,0.863174022847,0.470588235294,0.786197569093,0.41766745858,2.25,1.88235294118,0.786197569093,2.25,0.166339869281,0.0612244897959,3,0.00441176470588,0.185952380952,17,17,17,1,0,0.352941176471,0.411764705882,0.235294117647,17,0.128676470588,1.90196078431,4.11764705882,3.18181818182,2.69230769231,1.57648156274,0.382859808093,0.201680672269,2.01465221053,0.978545359402,0.524369747899,1.74894926439,0.849489642704,0.463865546218,0.814492905316,0.428238537847,2.33333333333,1.90196078431,0.814492905316,2.33333333333,0,0,0,0,0.164242424242,17,17,17,1,0,0.352941176471,0.411764705882,0.235294117647,17,37,0.136029411765,1.88235294118,4.35294117647,3.36363636364,2.84615384615,1.69341284359,0.389027274878,0.193958664547,2.09866904602,0.964253345467,0.518282988871,1.87867287326,0.863174022847,0.470588235294,0.786197569093,0.41766745858,2.25,1.88235294118,0.786197569093,2.25,0.166339869281,0.0612244897959,3,0.00441176470588,0.185952380952,17,17,17,1,0,0.352941176471,0.411764705882,0.235294117647,0,0,0,0,0,0,0,0,0,0,0,0,0,0,0,0,0,0,0,0,0,0,0,0,0,0,0,0,0,37,0,0,235,1,1,0,0,1,1,1,1,1,1,2,2,0,0,0,0
2331,WLNM_dir_neg,1,0.5,00:00:02,10,60,9,1984532182,threshold_sweep,0.9,1,0.5,0.666666666667,1,0,1,4,0.5,1,0,0.5,1,0.5,0.666666666667,0.833333333333,0.611111111111,0.571428571429,0.632455532034,0.5,37,35,2,0,37,0,35,0,2,17,37,0.136029411765,1.88235294118,4.35294117647,3.36363636364,2.84615384615,1.69341284359,0.389027274878,0.193958664547,2.09866904602,0.964253345467,0.518282988871,1.87867287326,0.863174022847,0.470588235294,0.786197569093,0.41766745858,2.25,1.88235294118,0.786197569093,2.25,0.166339869281,0.0612244897959,3,0.00441176470588,0.185952380952,17,17,17,1,0,0.352941176471,0.411764705882,0.235294117647,17,0.128676470588,1.90196078431,4.11764705882,3.18181818182,2.69230769231,1.57648156274,0.382859808093,0.201680672269,2.01465221053,0.978545359402,0.524369747899,1.74894926439,0.849489642704,0.463865546218,0.814492905316,0.428238537847,2.33333333333,1.90196078431,0.814492905316,2.33333333333,0,0,0,0,0.164242424242,17,17,17,1,0,0.352941176471,0.411764705882,0.235294117647,17,36,0.132352941176,1.89705882353,4.23529411765,3.27272727273,2.76923076923,1.71498585143,0.40492721492,0.204248366013,2.05798302171,0.971825315808,0.522875816993,1.79869233546,0.849382491746,0.464052287582,0.805541469338,0.424626510969,2.25,1.89705882353,0.805541469338,2.25,0.0702614379085,0.0214285714286,1,0.00147058823529,0.175454545455,17,17,17,1,0,0.352941176471,0.411764705882,0.235294117647,-1,-0.00367647058824,0.0147058823529,-0.117647058824,-0.0909090909091,-0.0769230769231,0.0215730078386,0.0158999400418,0.0102897014662,-0.0406860243059,0.00757197034072,0.00459282812224,-0.0799805377942,-0.0137915311015,-0.00653594771242,0.0193439002456,0.00695905238854,0,0.0147058823529,0.0193439002456,0,-0.0960784313725,-0.0397959183673,-2,-0.00294117647059,-0.0104978354978,0,0,0,36,0,1,235,0.972972972973,1,0,0.027027027027,1,0.972972972973,0.986301369863,0.984301887704,0.972972972973,0.972972972973,1,2,0,0,0,0
2332,WLNM_dir_neg,1,0.5,00:00:01,10,60,10,1984532183,threshold_sweep,0.1,1,1,1,2,0,0,4,1,1,0,0,1,1,1,1,0.555555555556,1,1,1,37,35,2,0,37,0,35,0,2,17,37,0.136029411765,1.88235294118,4.35294117647,3.36363636364,2.84615384615,1.69341284359,0.389027274878,0.193958664547,2.09866904602,0.964253345467,0.518282988871,1.87867287326,0.863174022847,0.470588235294,0.786197569093,0.41766745858,2.25,1.88235294118,0.786197569093,2.25,0.166339869281,0.0612244897959,3,0.00441176470588,0.185952380952,17,17,17,1,0,0.352941176471,0.411764705882,0.235294117647,17,0.128676470588,1.90196078431,4.11764705882,3.18181818182,2.69230769231,1.57648156274,0.382859808093,0.201680672269,2.01465221053,0.978545359402,0.524369747899,1.74894926439,0.849489642704,0.463865546218,0.814492905316,0.428238537847,2.33333333333,1.90196078431,0.814492905316,2.33333333333,0,0,0,0,0.164242424242,17,17,17,1,0,0.352941176471,0.411764705882,0.235294117647,17,37,0.136029411765,1.88235294118,4.35294117647,3.36363636364,2.84615384615,1.69341284359,0.389027274878,0.193958664547,2.09866904602,0.964253345467,0.518282988871,1.87867287326,0.863174022847,0.470588235294,0.786197569093,0.41766745858,2.25,1.88235294118,0.786197569093,2.25,0.166339869281,0.0612244897959,3,0.00441176470588,0.185952380952,17,17,17,1,0,0.352941176471,0.411764705882,0.235294117647,0,0,0,0,0,0,0,0,0,0,0,0,0,0,0,0,0,0,0,0,0,0,0,0,0,0,0,0,0,37,0,0,235,1,1,0,0,1,1,1,1,1,1,2,2,0,0,0,0
2333,WLNM_dir_neg,1,0.5,00:00:01,10,60,10,1984532183,threshold_sweep,0.2,1,1,1,2,0,0,4,1,1,0,0,1,1,1,1,0.555555555556,1,1,1,37,35,2,0,37,0,35,0,2,17,37,0.136029411765,1.88235294118,4.35294117647,3.36363636364,2.84615384615,1.69341284359,0.389027274878,0.193958664547,2.09866904602,0.964253345467,0.518282988871,1.87867287326,0.863174022847,0.470588235294,0.786197569093,0.41766745858,2.25,1.88235294118,0.786197569093,2.25,0.166339869281,0.0612244897959,3,0.00441176470588,0.185952380952,17,17,17,1,0,0.352941176471,0.411764705882,0.235294117647,17,0.128676470588,1.90196078431,4.11764705882,3.18181818182,2.69230769231,1.57648156274,0.382859808093,0.201680672269,2.01465221053,0.978545359402,0.524369747899,1.74894926439,0.849489642704,0.463865546218,0.814492905316,0.428238537847,2.33333333333,1.90196078431,0.814492905316,2.33333333333,0,0,0,0,0.164242424242,17,17,17,1,0,0.352941176471,0.411764705882,0.235294117647,17,37,0.136029411765,1.88235294118,4.35294117647,3.36363636364,2.84615384615,1.69341284359,0.389027274878,0.193958664547,2.09866904602,0.964253345467,0.518282988871,1.87867287326,0.863174022847,0.470588235294,0.786197569093,0.41766745858,2.25,1.88235294118,0.786197569093,2.25,0.166339869281,0.0612244897959,3,0.00441176470588,0.185952380952,17,17,17,1,0,0.352941176471,0.411764705882,0.235294117647,0,0,0,0,0,0,0,0,0,0,0,0,0,0,0,0,0,0,0,0,0,0,0,0,0,0,0,0,0,37,0,0,235,1,1,0,0,1,1,1,1,1,1,2,2,0,0,0,0
2334,WLNM_dir_neg,1,0.5,00:00:01,10,60,10,1984532183,threshold_sweep,0.3,1,1,1,2,0,0,4,1,1,0,0,1,1,1,1,0.555555555556,1,1,1,37,35,2,0,37,0,35,0,2,17,37,0.136029411765,1.88235294118,4.35294117647,3.36363636364,2.84615384615,1.69341284359,0.389027274878,0.193958664547,2.09866904602,0.964253345467,0.518282988871,1.87867287326,0.863174022847,0.470588235294,0.786197569093,0.41766745858,2.25,1.88235294118,0.786197569093,2.25,0.166339869281,0.0612244897959,3,0.00441176470588,0.185952380952,17,17,17,1,0,0.352941176471,0.411764705882,0.235294117647,17,0.128676470588,1.90196078431,4.11764705882,3.18181818182,2.69230769231,1.57648156274,0.382859808093,0.201680672269,2.01465221053,0.978545359402,0.524369747899,1.74894926439,0.849489642704,0.463865546218,0.814492905316,0.428238537847,2.33333333333,1.90196078431,0.814492905316,2.33333333333,0,0,0,0,0.164242424242,17,17,17,1,0,0.352941176471,0.411764705882,0.235294117647,17,37,0.136029411765,1.88235294118,4.35294117647,3.36363636364,2.84615384615,1.69341284359,0.389027274878,0.193958664547,2.09866904602,0.964253345467,0.518282988871,1.87867287326,0.863174022847,0.470588235294,0.786197569093,0.41766745858,2.25,1.88235294118,0.786197569093,2.25,0.166339869281,0.0612244897959,3,0.00441176470588,0.185952380952,17,17,17,1,0,0.352941176471,0.411764705882,0.235294117647,0,0,0,0,0,0,0,0,0,0,0,0,0,0,0,0,0,0,0,0,0,0,0,0,0,0,0,0,0,37,0,0,235,1,1,0,0,1,1,1,1,1,1,2,2,0,0,0,0
2335,WLNM_dir_neg,1,0.5,00:00:01,10,60,10,1984532183,threshold_sweep,0.4,1,1,1,2,0,0,4,1,1,0,0,1,1,1,1,0.555555555556,1,1,1,37,35,2,0,37,0,35,0,2,17,37,0.136029411765,1.88235294118,4.35294117647,3.36363636364,2.84615384615,1.69341284359,0.389027274878,0.193958664547,2.09866904602,0.964253345467,0.518282988871,1.87867287326,0.863174022847,0.470588235294,0.786197569093,0.41766745858,2.25,1.88235294118,0.786197569093,2.25,0.166339869281,0.0612244897959,3,0.00441176470588,0.185952380952,17,17,17,1,0,0.352941176471,0.411764705882,0.235294117647,17,0.128676470588,1.90196078431,4.11764705882,3.18181818182,2.69230769231,1.57648156274,0.382859808093,0.201680672269,2.01465221053,0.978545359402,0.524369747899,1.74894926439,0.849489642704,0.463865546218,0.814492905316,0.428238537847,2.33333333333,1.90196078431,0.814492905316,2.33333333333,0,0,0,0,0.164242424242,17,17,17,1,0,0.352941176471,0.411764705882,0.235294117647,17,37,0.136029411765,1.88235294118,4.35294117647,3.36363636364,2.84615384615,1.69341284359,0.389027274878,0.193958664547,2.09866904602,0.964253345467,0.518282988871,1.87867287326,0.863174022847,0.470588235294,0.786197569093,0.41766745858,2.25,1.88235294118,0.786197569093,2.25,0.166339869281,0.0612244897959,3,0.00441176470588,0.185952380952,17,17,17,1,0,0.352941176471,0.411764705882,0.235294117647,0,0,0,0,0,0,0,0,0,0,0,0,0,0,0,0,0,0,0,0,0,0,0,0,0,0,0,0,0,37,0,0,235,1,1,0,0,1,1,1,1,1,1,2,2,0,0,0,0
2336,WLNM_dir_neg,1,0.5,00:00:01,10,60,10,1984532183,threshold_sweep,0.5,1,1,1,2,0,0,4,1,1,0,0,1,1,1,1,0.555555555556,1,1,1,37,35,2,0,37,0,35,0,2,17,37,0.136029411765,1.88235294118,4.35294117647,3.36363636364,2.84615384615,1.69341284359,0.389027274878,0.193958664547,2.09866904602,0.964253345467,0.518282988871,1.87867287326,0.863174022847,0.470588235294,0.786197569093,0.41766745858,2.25,1.88235294118,0.786197569093,2.25,0.166339869281,0.0612244897959,3,0.00441176470588,0.185952380952,17,17,17,1,0,0.352941176471,0.411764705882,0.235294117647,17,0.128676470588,1.90196078431,4.11764705882,3.18181818182,2.69230769231,1.57648156274,0.382859808093,0.201680672269,2.01465221053,0.978545359402,0.524369747899,1.74894926439,0.849489642704,0.463865546218,0.814492905316,0.428238537847,2.33333333333,1.90196078431,0.814492905316,2.33333333333,0,0,0,0,0.164242424242,17,17,17,1,0,0.352941176471,0.411764705882,0.235294117647,17,37,0.136029411765,1.88235294118,4.35294117647,3.36363636364,2.84615384615,1.69341284359,0.389027274878,0.193958664547,2.09866904602,0.964253345467,0.518282988871,1.87867287326,0.863174022847,0.470588235294,0.786197569093,0.41766745858,2.25,1.88235294118,0.786197569093,2.25,0.166339869281,0.0612244897959,3,0.00441176470588,0.185952380952,17,17,17,1,0,0.352941176471,0.411764705882,0.235294117647,0,0,0,0,0,0,0,0,0,0,0,0,0,0,0,0,0,0,0,0,0,0,0,0,0,0,0,0,0,37,0,0,235,1,1,0,0,1,1,1,1,1,1,2,2,0,0,0,0
2337,WLNM_dir_neg,1,0.5,00:00:01,10,60,10,1984532183,threshold_sweep,0.6,1,1,1,2,0,0,4,1,1,0,0,1,1,1,1,0.555555555556,1,1,1,37,35,2,0,37,0,35,0,2,17,37,0.136029411765,1.88235294118,4.35294117647,3.36363636364,2.84615384615,1.69341284359,0.389027274878,0.193958664547,2.09866904602,0.964253345467,0.518282988871,1.87867287326,0.863174022847,0.470588235294,0.786197569093,0.41766745858,2.25,1.88235294118,0.786197569093,2.25,0.166339869281,0.0612244897959,3,0.00441176470588,0.185952380952,17,17,17,1,0,0.352941176471,0.411764705882,0.235294117647,17,0.128676470588,1.90196078431,4.11764705882,3.18181818182,2.69230769231,1.57648156274,0.382859808093,0.201680672269,2.01465221053,0.978545359402,0.524369747899,1.74894926439,0.849489642704,0.463865546218,0.814492905316,0.428238537847,2.33333333333,1.90196078431,0.814492905316,2.33333333333,0,0,0,0,0.164242424242,17,17,17,1,0,0.352941176471,0.411764705882,0.235294117647,17,37,0.136029411765,1.88235294118,4.35294117647,3.36363636364,2.84615384615,1.69341284359,0.389027274878,0.193958664547,2.09866904602,0.964253345467,0.518282988871,1.87867287326,0.863174022847,0.470588235294,0.786197569093,0.41766745858,2.25,1.88235294118,0.786197569093,2.25,0.166339869281,0.0612244897959,3,0.00441176470588,0.185952380952,17,17,17,1,0,0.352941176471,0.411764705882,0.235294117647,0,0,0,0,0,0,0,0,0,0,0,0,0,0,0,0,0,0,0,0,0,0,0,0,0,0,0,0,0,37,0,0,235,1,1,0,0,1,1,1,1,1,1,2,2,0,0,0,0
2338,WLNM_dir_neg,1,0.5,00:00:01,10,60,10,1984532183,threshold_sweep,0.7,1,1,1,2,0,0,4,1,1,0,0,1,1,1,1,0.555555555556,1,1,1,37,35,2,0,37,0,35,0,2,17,37,0.136029411765,1.88235294118,4.35294117647,3.36363636364,2.84615384615,1.69341284359,0.389027274878,0.193958664547,2.09866904602,0.964253345467,0.518282988871,1.87867287326,0.863174022847,0.470588235294,0.786197569093,0.41766745858,2.25,1.88235294118,0.786197569093,2.25,0.166339869281,0.0612244897959,3,0.00441176470588,0.185952380952,17,17,17,1,0,0.352941176471,0.411764705882,0.235294117647,17,0.128676470588,1.90196078431,4.11764705882,3.18181818182,2.69230769231,1.57648156274,0.382859808093,0.201680672269,2.01465221053,0.978545359402,0.524369747899,1.74894926439,0.849489642704,0.463865546218,0.814492905316,0.428238537847,2.33333333333,1.90196078431,0.814492905316,2.33333333333,0,0,0,0,0.164242424242,17,17,17,1,0,0.352941176471,0.411764705882,0.235294117647,17,37,0.136029411765,1.88235294118,4.35294117647,3.36363636364,2.84615384615,1.69341284359,0.389027274878,0.193958664547,2.09866904602,0.964253345467,0.518282988871,1.87867287326,0.863174022847,0.470588235294,0.786197569093,0.41766745858,2.25,1.88235294118,0.786197569093,2.25,0.166339869281,0.0612244897959,3,0.00441176470588,0.185952380952,17,17,17,1,0,0.352941176471,0.411764705882,0.235294117647,0,0,0,0,0,0,0,0,0,0,0,0,0,0,0,0,0,0,0,0,0,0,0,0,0,0,0,0,0,37,0,0,235,1,1,0,0,1,1,1,1,1,1,2,2,0,0,0,0
2339,WLNM_dir_neg,1,0.5,00:00:01,10,60,10,1984532183,threshold_sweep,0.8,1,1,1,2,0,0,4,1,1,0,0,1,1,1,1,0.555555555556,1,1,1,37,35,2,0,37,0,35,0,2,17,37,0.136029411765,1.88235294118,4.35294117647,3.36363636364,2.84615384615,1.69341284359,0.389027274878,0.193958664547,2.09866904602,0.964253345467,0.518282988871,1.87867287326,0.863174022847,0.470588235294,0.786197569093,0.41766745858,2.25,1.88235294118,0.786197569093,2.25,0.166339869281,0.0612244897959,3,0.00441176470588,0.185952380952,17,17,17,1,0,0.352941176471,0.411764705882,0.235294117647,17,0.128676470588,1.90196078431,4.11764705882,3.18181818182,2.69230769231,1.57648156274,0.382859808093,0.201680672269,2.01465221053,0.978545359402,0.524369747899,1.74894926439,0.849489642704,0.463865546218,0.814492905316,0.428238537847,2.33333333333,1.90196078431,0.814492905316,2.33333333333,0,0,0,0,0.164242424242,17,17,17,1,0,0.352941176471,0.411764705882,0.235294117647,17,37,0.136029411765,1.88235294118,4.35294117647,3.36363636364,2.84615384615,1.69341284359,0.389027274878,0.193958664547,2.09866904602,0.964253345467,0.518282988871,1.87867287326,0.863174022847,0.470588235294,0.786197569093,0.41766745858,2.25,1.88235294118,0.786197569093,2.25,0.166339869281,0.0612244897959,3,0.00441176470588,0.185952380952,17,17,17,1,0,0.352941176471,0.411764705882,0.235294117647,0,0,0,0,0,0,0,0,0,0,0,0,0,0,0,0,0,0,0,0,0,0,0,0,0,0,0,0,0,37,0,0,235,1,1,0,0,1,1,1,1,1,1,2,2,0,0,0,0
2340,WLNM_dir_neg,1,0.5,00:00:01,10,60,10,1984532183,threshold_sweep,0.9,1,1,1,2,0,0,4,1,1,0,0,1,1,1,1,0.555555555556,1,1,1,37,35,2,0,37,0,35,0,2,17,37,0.136029411765,1.88235294118,4.35294117647,3.36363636364,2.84615384615,1.69341284359,0.389027274878,0.193958664547,2.09866904602,0.964253345467,0.518282988871,1.87867287326,0.863174022847,0.470588235294,0.786197569093,0.41766745858,2.25,1.88235294118,0.786197569093,2.25,0.166339869281,0.0612244897959,3,0.00441176470588,0.185952380952,17,17,17,1,0,0.352941176471,0.411764705882,0.235294117647,17,0.128676470588,1.90196078431,4.11764705882,3.18181818182,2.69230769231,1.57648156274,0.382859808093,0.201680672269,2.01465221053,0.978545359402,0.524369747899,1.74894926439,0.849489642704,0.463865546218,0.814492905316,0.428238537847,2.33333333333,1.90196078431,0.814492905316,2.33333333333,0,0,0,0,0.164242424242,17,17,17,1,0,0.352941176471,0.411764705882,0.235294117647,17,37,0.136029411765,1.88235294118,4.35294117647,3.36363636364,2.84615384615,1.69341284359,0.389027274878,0.193958664547,2.09866904602,0.964253345467,0.518282988871,1.87867287326,0.863174022847,0.470588235294,0.786197569093,0.41766745858,2.25,1.88235294118,0.786197569093,2.25,0.166339869281,0.0612244897959,3,0.00441176470588,0.185952380952,17,17,17,1,0,0.352941176471,0.411764705882,0.235294117647,0,0,0,0,0,0,0,0,0,0,0,0,0,0,0,0,0,0,0,0,0,0,0,0,0,0,0,0,0,37,0,0,235,1,1,0,0,1,1,1,1,1,1,2,2,0,0,0,0
2341,WLNM_dir_neg,1,0.5,00:00:02,10,60,11,1984532184,threshold_sweep,0.1,1,1,1,2,0,0,4,1,1,0,0,1,1,1,1,0.555555555556,1,1,1,37,35,2,0,37,0,35,0,2,17,37,0.136029411765,1.88235294118,4.35294117647,3.36363636364,2.84615384615,1.69341284359,0.389027274878,0.193958664547,2.09866904602,0.964253345467,0.518282988871,1.87867287326,0.863174022847,0.470588235294,0.786197569093,0.41766745858,2.25,1.88235294118,0.786197569093,2.25,0.166339869281,0.0612244897959,3,0.00441176470588,0.185952380952,17,17,17,1,0,0.352941176471,0.411764705882,0.235294117647,17,0.128676470588,1.90196078431,4.11764705882,3.18181818182,2.69230769231,1.57648156274,0.382859808093,0.201680672269,2.01465221053,0.978545359402,0.524369747899,1.74894926439,0.849489642704,0.463865546218,0.814492905316,0.428238537847,2.33333333333,1.90196078431,0.814492905316,2.33333333333,0,0,0,0,0.164242424242,17,17,17,1,0,0.352941176471,0.411764705882,0.235294117647,17,37,0.136029411765,1.88235294118,4.35294117647,3.36363636364,2.84615384615,1.69341284359,0.389027274878,0.193958664547,2.09866904602,0.964253345467,0.518282988871,1.87867287326,0.863174022847,0.470588235294,0.786197569093,0.41766745858,2.25,1.88235294118,0.786197569093,2.25,0.166339869281,0.0612244897959,3,0.00441176470588,0.185952380952,17,17,17,1,0,0.352941176471,0.411764705882,0.235294117647,0,0,0,0,0,0,0,0,0,0,0,0,0,0,0,0,0,0,0,0,0,0,0,0,0,0,0,0,0,37,0,0,235,1,1,0,0,1,1,1,1,1,1,2,2,0,0,0,0
2342,WLNM_dir_neg,1,0.5,00:00:02,10,60,11,1984532184,threshold_sweep,0.2,1,1,1,2,0,0,4,1,1,0,0,1,1,1,1,0.555555555556,1,1,1,37,35,2,0,37,0,35,0,2,17,37,0.136029411765,1.88235294118,4.35294117647,3.36363636364,2.84615384615,1.69341284359,0.389027274878,0.193958664547,2.09866904602,0.964253345467,0.518282988871,1.87867287326,0.863174022847,0.470588235294,0.786197569093,0.41766745858,2.25,1.88235294118,0.786197569093,2.25,0.166339869281,0.0612244897959,3,0.00441176470588,0.185952380952,17,17,17,1,0,0.352941176471,0.411764705882,0.235294117647,17,0.128676470588,1.90196078431,4.11764705882,3.18181818182,2.69230769231,1.57648156274,0.382859808093,0.201680672269,2.01465221053,0.978545359402,0.524369747899,1.74894926439,0.849489642704,0.463865546218,0.814492905316,0.428238537847,2.33333333333,1.90196078431,0.814492905316,2.33333333333,0,0,0,0,0.164242424242,17,17,17,1,0,0.352941176471,0.411764705882,0.235294117647,17,37,0.136029411765,1.88235294118,4.35294117647,3.36363636364,2.84615384615,1.69341284359,0.389027274878,0.193958664547,2.09866904602,0.964253345467,0.518282988871,1.87867287326,0.863174022847,0.470588235294,0.786197569093,0.41766745858,2.25,1.88235294118,0.786197569093,2.25,0.166339869281,0.0612244897959,3,0.00441176470588,0.185952380952,17,17,17,1,0,0.352941176471,0.411764705882,0.235294117647,0,0,0,0,0,0,0,0,0,0,0,0,0,0,0,0,0,0,0,0,0,0,0,0,0,0,0,0,0,37,0,0,235,1,1,0,0,1,1,1,1,1,1,2,2,0,0,0,0
2343,WLNM_dir_neg,1,0.5,00:00:02,10,60,11,1984532184,threshold_sweep,0.3,1,1,1,2,0,0,4,1,1,0,0,1,1,1,1,0.555555555556,1,1,1,37,35,2,0,37,0,35,0,2,17,37,0.136029411765,1.88235294118,4.35294117647,3.36363636364,2.84615384615,1.69341284359,0.389027274878,0.193958664547,2.09866904602,0.964253345467,0.518282988871,1.87867287326,0.863174022847,0.470588235294,0.786197569093,0.41766745858,2.25,1.88235294118,0.786197569093,2.25,0.166339869281,0.0612244897959,3,0.00441176470588,0.185952380952,17,17,17,1,0,0.352941176471,0.411764705882,0.235294117647,17,0.128676470588,1.90196078431,4.11764705882,3.18181818182,2.69230769231,1.57648156274,0.382859808093,0.201680672269,2.01465221053,0.978545359402,0.524369747899,1.74894926439,0.849489642704,0.463865546218,0.814492905316,0.428238537847,2.33333333333,1.90196078431,0.814492905316,2.33333333333,0,0,0,0,0.164242424242,17,17,17,1,0,0.352941176471,0.411764705882,0.235294117647,17,37,0.136029411765,1.88235294118,4.35294117647,3.36363636364,2.84615384615,1.69341284359,0.389027274878,0.193958664547,2.09866904602,0.964253345467,0.518282988871,1.87867287326,0.863174022847,0.470588235294,0.786197569093,0.41766745858,2.25,1.88235294118,0.786197569093,2.25,0.166339869281,0.0612244897959,3,0.00441176470588,0.185952380952,17,17,17,1,0,0.352941176471,0.411764705882,0.235294117647,0,0,0,0,0,0,0,0,0,0,0,0,0,0,0,0,0,0,0,0,0,0,0,0,0,0,0,0,0,37,0,0,235,1,1,0,0,1,1,1,1,1,1,2,2,0,0,0,0
2344,WLNM_dir_neg,1,0.5,00:00:02,10,60,11,1984532184,threshold_sweep,0.4,1,1,1,2,0,0,4,1,1,0,0,1,1,1,1,0.555555555556,1,1,1,37,35,2,0,37,0,35,0,2,17,37,0.136029411765,1.88235294118,4.35294117647,3.36363636364,2.84615384615,1.69341284359,0.389027274878,0.193958664547,2.09866904602,0.964253345467,0.518282988871,1.87867287326,0.863174022847,0.470588235294,0.786197569093,0.41766745858,2.25,1.88235294118,0.786197569093,2.25,0.166339869281,0.0612244897959,3,0.00441176470588,0.185952380952,17,17,17,1,0,0.352941176471,0.411764705882,0.235294117647,17,0.128676470588,1.90196078431,4.11764705882,3.18181818182,2.69230769231,1.57648156274,0.382859808093,0.201680672269,2.01465221053,0.978545359402,0.524369747899,1.74894926439,0.849489642704,0.463865546218,0.814492905316,0.428238537847,2.33333333333,1.90196078431,0.814492905316,2.33333333333,0,0,0,0,0.164242424242,17,17,17,1,0,0.352941176471,0.411764705882,0.235294117647,17,37,0.136029411765,1.88235294118,4.35294117647,3.36363636364,2.84615384615,1.69341284359,0.389027274878,0.193958664547,2.09866904602,0.964253345467,0.518282988871,1.87867287326,0.863174022847,0.470588235294,0.786197569093,0.41766745858,2.25,1.88235294118,0.786197569093,2.25,0.166339869281,0.0612244897959,3,0.00441176470588,0.185952380952,17,17,17,1,0,0.352941176471,0.411764705882,0.235294117647,0,0,0,0,0,0,0,0,0,0,0,0,0,0,0,0,0,0,0,0,0,0,0,0,0,0,0,0,0,37,0,0,235,1,1,0,0,1,1,1,1,1,1,2,2,0,0,0,0
2345,WLNM_dir_neg,1,0.5,00:00:02,10,60,11,1984532184,threshold_sweep,0.5,1,1,1,2,0,0,4,1,1,0,0,1,1,1,1,0.555555555556,1,1,1,37,35,2,0,37,0,35,0,2,17,37,0.136029411765,1.88235294118,4.35294117647,3.36363636364,2.84615384615,1.69341284359,0.389027274878,0.193958664547,2.09866904602,0.964253345467,0.518282988871,1.87867287326,0.863174022847,0.470588235294,0.786197569093,0.41766745858,2.25,1.88235294118,0.786197569093,2.25,0.166339869281,0.0612244897959,3,0.00441176470588,0.185952380952,17,17,17,1,0,0.352941176471,0.411764705882,0.235294117647,17,0.128676470588,1.90196078431,4.11764705882,3.18181818182,2.69230769231,1.57648156274,0.382859808093,0.201680672269,2.01465221053,0.978545359402,0.524369747899,1.74894926439,0.849489642704,0.463865546218,0.814492905316,0.428238537847,2.33333333333,1.90196078431,0.814492905316,2.33333333333,0,0,0,0,0.164242424242,17,17,17,1,0,0.352941176471,0.411764705882,0.235294117647,17,37,0.136029411765,1.88235294118,4.35294117647,3.36363636364,2.84615384615,1.69341284359,0.389027274878,0.193958664547,2.09866904602,0.964253345467,0.518282988871,1.87867287326,0.863174022847,0.470588235294,0.786197569093,0.41766745858,2.25,1.88235294118,0.786197569093,2.25,0.166339869281,0.0612244897959,3,0.00441176470588,0.185952380952,17,17,17,1,0,0.352941176471,0.411764705882,0.235294117647,0,0,0,0,0,0,0,0,0,0,0,0,0,0,0,0,0,0,0,0,0,0,0,0,0,0,0,0,0,37,0,0,235,1,1,0,0,1,1,1,1,1,1,2,2,0,0,0,0
2346,WLNM_dir_neg,1,0.5,00:00:02,10,60,11,1984532184,threshold_sweep,0.6,1,1,1,2,0,0,4,1,1,0,0,1,1,1,1,0.555555555556,1,1,1,37,35,2,0,37,0,35,0,2,17,37,0.136029411765,1.88235294118,4.35294117647,3.36363636364,2.84615384615,1.69341284359,0.389027274878,0.193958664547,2.09866904602,0.964253345467,0.518282988871,1.87867287326,0.863174022847,0.470588235294,0.786197569093,0.41766745858,2.25,1.88235294118,0.786197569093,2.25,0.166339869281,0.0612244897959,3,0.00441176470588,0.185952380952,17,17,17,1,0,0.352941176471,0.411764705882,0.235294117647,17,0.128676470588,1.90196078431,4.11764705882,3.18181818182,2.69230769231,1.57648156274,0.382859808093,0.201680672269,2.01465221053,0.978545359402,0.524369747899,1.74894926439,0.849489642704,0.463865546218,0.814492905316,0.428238537847,2.33333333333,1.90196078431,0.814492905316,2.33333333333,0,0,0,0,0.164242424242,17,17,17,1,0,0.352941176471,0.411764705882,0.235294117647,17,37,0.136029411765,1.88235294118,4.35294117647,3.36363636364,2.84615384615,1.69341284359,0.389027274878,0.193958664547,2.09866904602,0.964253345467,0.518282988871,1.87867287326,0.863174022847,0.470588235294,0.786197569093,0.41766745858,2.25,1.88235294118,0.786197569093,2.25,0.166339869281,0.0612244897959,3,0.00441176470588,0.185952380952,17,17,17,1,0,0.352941176471,0.411764705882,0.235294117647,0,0,0,0,0,0,0,0,0,0,0,0,0,0,0,0,0,0,0,0,0,0,0,0,0,0,0,0,0,37,0,0,235,1,1,0,0,1,1,1,1,1,1,2,2,0,0,0,0
2347,WLNM_dir_neg,1,0.5,00:00:02,10,60,11,1984532184,threshold_sweep,0.7,1,1,1,2,0,0,4,1,1,0,0,1,1,1,1,0.555555555556,1,1,1,37,35,2,0,37,0,35,0,2,17,37,0.136029411765,1.88235294118,4.35294117647,3.36363636364,2.84615384615,1.69341284359,0.389027274878,0.193958664547,2.09866904602,0.964253345467,0.518282988871,1.87867287326,0.863174022847,0.470588235294,0.786197569093,0.41766745858,2.25,1.88235294118,0.786197569093,2.25,0.166339869281,0.0612244897959,3,0.00441176470588,0.185952380952,17,17,17,1,0,0.352941176471,0.411764705882,0.235294117647,17,0.128676470588,1.90196078431,4.11764705882,3.18181818182,2.69230769231,1.57648156274,0.382859808093,0.201680672269,2.01465221053,0.978545359402,0.524369747899,1.74894926439,0.849489642704,0.463865546218,0.814492905316,0.428238537847,2.33333333333,1.90196078431,0.814492905316,2.33333333333,0,0,0,0,0.164242424242,17,17,17,1,0,0.352941176471,0.411764705882,0.235294117647,17,37,0.136029411765,1.88235294118,4.35294117647,3.36363636364,2.84615384615,1.69341284359,0.389027274878,0.193958664547,2.09866904602,0.964253345467,0.518282988871,1.87867287326,0.863174022847,0.470588235294,0.786197569093,0.41766745858,2.25,1.88235294118,0.786197569093,2.25,0.166339869281,0.0612244897959,3,0.00441176470588,0.185952380952,17,17,17,1,0,0.352941176471,0.411764705882,0.235294117647,0,0,0,0,0,0,0,0,0,0,0,0,0,0,0,0,0,0,0,0,0,0,0,0,0,0,0,0,0,37,0,0,235,1,1,0,0,1,1,1,1,1,1,2,2,0,0,0,0
2348,WLNM_dir_neg,1,0.5,00:00:02,10,60,11,1984532184,threshold_sweep,0.8,1,1,1,2,0,0,4,1,1,0,0,1,1,1,1,0.555555555556,1,1,1,37,35,2,0,37,0,35,0,2,17,37,0.136029411765,1.88235294118,4.35294117647,3.36363636364,2.84615384615,1.69341284359,0.389027274878,0.193958664547,2.09866904602,0.964253345467,0.518282988871,1.87867287326,0.863174022847,0.470588235294,0.786197569093,0.41766745858,2.25,1.88235294118,0.786197569093,2.25,0.166339869281,0.0612244897959,3,0.00441176470588,0.185952380952,17,17,17,1,0,0.352941176471,0.411764705882,0.235294117647,17,0.128676470588,1.90196078431,4.11764705882,3.18181818182,2.69230769231,1.57648156274,0.382859808093,0.201680672269,2.01465221053,0.978545359402,0.524369747899,1.74894926439,0.849489642704,0.463865546218,0.814492905316,0.428238537847,2.33333333333,1.90196078431,0.814492905316,2.33333333333,0,0,0,0,0.164242424242,17,17,17,1,0,0.352941176471,0.411764705882,0.235294117647,17,37,0.136029411765,1.88235294118,4.35294117647,3.36363636364,2.84615384615,1.69341284359,0.389027274878,0.193958664547,2.09866904602,0.964253345467,0.518282988871,1.87867287326,0.863174022847,0.470588235294,0.786197569093,0.41766745858,2.25,1.88235294118,0.786197569093,2.25,0.166339869281,0.0612244897959,3,0.00441176470588,0.185952380952,17,17,17,1,0,0.352941176471,0.411764705882,0.235294117647,0,0,0,0,0,0,0,0,0,0,0,0,0,0,0,0,0,0,0,0,0,0,0,0,0,0,0,0,0,37,0,0,235,1,1,0,0,1,1,1,1,1,1,2,2,0,0,0,0
2349,WLNM_dir_neg,1,0.5,00:00:02,10,60,11,1984532184,threshold_sweep,0.9,1,1,1,2,0,0,4,1,1,0,0,1,1,1,1,0.555555555556,1,1,1,37,35,2,0,37,0,35,0,2,17,37,0.136029411765,1.88235294118,4.35294117647,3.36363636364,2.84615384615,1.69341284359,0.389027274878,0.193958664547,2.09866904602,0.964253345467,0.518282988871,1.87867287326,0.863174022847,0.470588235294,0.786197569093,0.41766745858,2.25,1.88235294118,0.786197569093,2.25,0.166339869281,0.0612244897959,3,0.00441176470588,0.185952380952,17,17,17,1,0,0.352941176471,0.411764705882,0.235294117647,17,0.128676470588,1.90196078431,4.11764705882,3.18181818182,2.69230769231,1.57648156274,0.382859808093,0.201680672269,2.01465221053,0.978545359402,0.524369747899,1.74894926439,0.849489642704,0.463865546218,0.814492905316,0.428238537847,2.33333333333,1.90196078431,0.814492905316,2.33333333333,0,0,0,0,0.164242424242,17,17,17,1,0,0.352941176471,0.411764705882,0.235294117647,17,37,0.136029411765,1.88235294118,4.35294117647,3.36363636364,2.84615384615,1.69341284359,0.389027274878,0.193958664547,2.09866904602,0.964253345467,0.518282988871,1.87867287326,0.863174022847,0.470588235294,0.786197569093,0.41766745858,2.25,1.88235294118,0.786197569093,2.25,0.166339869281,0.0612244897959,3,0.00441176470588,0.185952380952,17,17,17,1,0,0.352941176471,0.411764705882,0.235294117647,0,0,0,0,0,0,0,0,0,0,0,0,0,0,0,0,0,0,0,0,0,0,0,0,0,0,0,0,0,37,0,0,235,1,1,0,0,1,1,1,1,1,1,2,2,0,0,0,0
2350,WLNM_dir_neg,1,0.5,00:00:01,10,60,12,1984532185,threshold_sweep,0.1,1,1,1,2,0,0,4,1,1,0,0,1,1,1,1,0.555555555556,1,1,1,37,35,2,0,37,0,35,0,2,17,37,0.136029411765,1.88235294118,4.35294117647,3.36363636364,2.84615384615,1.69341284359,0.389027274878,0.193958664547,2.09866904602,0.964253345467,0.518282988871,1.87867287326,0.863174022847,0.470588235294,0.786197569093,0.41766745858,2.25,1.88235294118,0.786197569093,2.25,0.166339869281,0.0612244897959,3,0.00441176470588,0.185952380952,17,17,17,1,0,0.352941176471,0.411764705882,0.235294117647,17,0.128676470588,1.90196078431,4.11764705882,3.18181818182,2.69230769231,1.57648156274,0.382859808093,0.201680672269,2.01465221053,0.978545359402,0.524369747899,1.74894926439,0.849489642704,0.463865546218,0.814492905316,0.428238537847,2.33333333333,1.90196078431,0.814492905316,2.33333333333,0,0,0,0,0.164242424242,17,17,17,1,0,0.352941176471,0.411764705882,0.235294117647,17,37,0.136029411765,1.88235294118,4.35294117647,3.36363636364,2.84615384615,1.69341284359,0.389027274878,0.193958664547,2.09866904602,0.964253345467,0.518282988871,1.87867287326,0.863174022847,0.470588235294,0.786197569093,0.41766745858,2.25,1.88235294118,0.786197569093,2.25,0.166339869281,0.0612244897959,3,0.00441176470588,0.185952380952,17,17,17,1,0,0.352941176471,0.411764705882,0.235294117647,0,0,0,0,0,0,0,0,0,0,0,0,0,0,0,0,0,0,0,0,0,0,0,0,0,0,0,0,0,37,0,0,235,1,1,0,0,1,1,1,1,1,1,2,2,0,0,0,0
2351,WLNM_dir_neg,1,0.5,00:00:01,10,60,12,1984532185,threshold_sweep,0.2,1,1,1,2,0,0,4,1,1,0,0,1,1,1,1,0.555555555556,1,1,1,37,35,2,0,37,0,35,0,2,17,37,0.136029411765,1.88235294118,4.35294117647,3.36363636364,2.84615384615,1.69341284359,0.389027274878,0.193958664547,2.09866904602,0.964253345467,0.518282988871,1.87867287326,0.863174022847,0.470588235294,0.786197569093,0.41766745858,2.25,1.88235294118,0.786197569093,2.25,0.166339869281,0.0612244897959,3,0.00441176470588,0.185952380952,17,17,17,1,0,0.352941176471,0.411764705882,0.235294117647,17,0.128676470588,1.90196078431,4.11764705882,3.18181818182,2.69230769231,1.57648156274,0.382859808093,0.201680672269,2.01465221053,0.978545359402,0.524369747899,1.74894926439,0.849489642704,0.463865546218,0.814492905316,0.428238537847,2.33333333333,1.90196078431,0.814492905316,2.33333333333,0,0,0,0,0.164242424242,17,17,17,1,0,0.352941176471,0.411764705882,0.235294117647,17,37,0.136029411765,1.88235294118,4.35294117647,3.36363636364,2.84615384615,1.69341284359,0.389027274878,0.193958664547,2.09866904602,0.964253345467,0.518282988871,1.87867287326,0.863174022847,0.470588235294,0.786197569093,0.41766745858,2.25,1.88235294118,0.786197569093,2.25,0.166339869281,0.0612244897959,3,0.00441176470588,0.185952380952,17,17,17,1,0,0.352941176471,0.411764705882,0.235294117647,0,0,0,0,0,0,0,0,0,0,0,0,0,0,0,0,0,0,0,0,0,0,0,0,0,0,0,0,0,37,0,0,235,1,1,0,0,1,1,1,1,1,1,2,2,0,0,0,0
2352,WLNM_dir_neg,1,0.5,00:00:01,10,60,12,1984532185,threshold_sweep,0.3,1,1,1,2,0,0,4,1,1,0,0,1,1,1,1,0.555555555556,1,1,1,37,35,2,0,37,0,35,0,2,17,37,0.136029411765,1.88235294118,4.35294117647,3.36363636364,2.84615384615,1.69341284359,0.389027274878,0.193958664547,2.09866904602,0.964253345467,0.518282988871,1.87867287326,0.863174022847,0.470588235294,0.786197569093,0.41766745858,2.25,1.88235294118,0.786197569093,2.25,0.166339869281,0.0612244897959,3,0.00441176470588,0.185952380952,17,17,17,1,0,0.352941176471,0.411764705882,0.235294117647,17,0.128676470588,1.90196078431,4.11764705882,3.18181818182,2.69230769231,1.57648156274,0.382859808093,0.201680672269,2.01465221053,0.978545359402,0.524369747899,1.74894926439,0.849489642704,0.463865546218,0.814492905316,0.428238537847,2.33333333333,1.90196078431,0.814492905316,2.33333333333,0,0,0,0,0.164242424242,17,17,17,1,0,0.352941176471,0.411764705882,0.235294117647,17,37,0.136029411765,1.88235294118,4.35294117647,3.36363636364,2.84615384615,1.69341284359,0.389027274878,0.193958664547,2.09866904602,0.964253345467,0.518282988871,1.87867287326,0.863174022847,0.470588235294,0.786197569093,0.41766745858,2.25,1.88235294118,0.786197569093,2.25,0.166339869281,0.0612244897959,3,0.00441176470588,0.185952380952,17,17,17,1,0,0.352941176471,0.411764705882,0.235294117647,0,0,0,0,0,0,0,0,0,0,0,0,0,0,0,0,0,0,0,0,0,0,0,0,0,0,0,0,0,37,0,0,235,1,1,0,0,1,1,1,1,1,1,2,2,0,0,0,0
2353,WLNM_dir_neg,1,0.5,00:00:01,10,60,12,1984532185,threshold_sweep,0.4,1,1,1,2,0,0,4,1,1,0,0,1,1,1,1,0.555555555556,1,1,1,37,35,2,0,37,0,35,0,2,17,37,0.136029411765,1.88235294118,4.35294117647,3.36363636364,2.84615384615,1.69341284359,0.389027274878,0.193958664547,2.09866904602,0.964253345467,0.518282988871,1.87867287326,0.863174022847,0.470588235294,0.786197569093,0.41766745858,2.25,1.88235294118,0.786197569093,2.25,0.166339869281,0.0612244897959,3,0.00441176470588,0.185952380952,17,17,17,1,0,0.352941176471,0.411764705882,0.235294117647,17,0.128676470588,1.90196078431,4.11764705882,3.18181818182,2.69230769231,1.57648156274,0.382859808093,0.201680672269,2.01465221053,0.978545359402,0.524369747899,1.74894926439,0.849489642704,0.463865546218,0.814492905316,0.428238537847,2.33333333333,1.90196078431,0.814492905316,2.33333333333,0,0,0,0,0.164242424242,17,17,17,1,0,0.352941176471,0.411764705882,0.235294117647,17,37,0.136029411765,1.88235294118,4.35294117647,3.36363636364,2.84615384615,1.69341284359,0.389027274878,0.193958664547,2.09866904602,0.964253345467,0.518282988871,1.87867287326,0.863174022847,0.470588235294,0.786197569093,0.41766745858,2.25,1.88235294118,0.786197569093,2.25,0.166339869281,0.0612244897959,3,0.00441176470588,0.185952380952,17,17,17,1,0,0.352941176471,0.411764705882,0.235294117647,0,0,0,0,0,0,0,0,0,0,0,0,0,0,0,0,0,0,0,0,0,0,0,0,0,0,0,0,0,37,0,0,235,1,1,0,0,1,1,1,1,1,1,2,2,0,0,0,0
2354,WLNM_dir_neg,1,0.5,00:00:01,10,60,12,1984532185,threshold_sweep,0.5,1,1,1,2,0,0,4,1,1,0,0,1,1,1,1,0.555555555556,1,1,1,37,35,2,0,37,0,35,0,2,17,37,0.136029411765,1.88235294118,4.35294117647,3.36363636364,2.84615384615,1.69341284359,0.389027274878,0.193958664547,2.09866904602,0.964253345467,0.518282988871,1.87867287326,0.863174022847,0.470588235294,0.786197569093,0.41766745858,2.25,1.88235294118,0.786197569093,2.25,0.166339869281,0.0612244897959,3,0.00441176470588,0.185952380952,17,17,17,1,0,0.352941176471,0.411764705882,0.235294117647,17,0.128676470588,1.90196078431,4.11764705882,3.18181818182,2.69230769231,1.57648156274,0.382859808093,0.201680672269,2.01465221053,0.978545359402,0.524369747899,1.74894926439,0.849489642704,0.463865546218,0.814492905316,0.428238537847,2.33333333333,1.90196078431,0.814492905316,2.33333333333,0,0,0,0,0.164242424242,17,17,17,1,0,0.352941176471,0.411764705882,0.235294117647,17,37,0.136029411765,1.88235294118,4.35294117647,3.36363636364,2.84615384615,1.69341284359,0.389027274878,0.193958664547,2.09866904602,0.964253345467,0.518282988871,1.87867287326,0.863174022847,0.470588235294,0.786197569093,0.41766745858,2.25,1.88235294118,0.786197569093,2.25,0.166339869281,0.0612244897959,3,0.00441176470588,0.185952380952,17,17,17,1,0,0.352941176471,0.411764705882,0.235294117647,0,0,0,0,0,0,0,0,0,0,0,0,0,0,0,0,0,0,0,0,0,0,0,0,0,0,0,0,0,37,0,0,235,1,1,0,0,1,1,1,1,1,1,2,2,0,0,0,0
2355,WLNM_dir_neg,1,0.5,00:00:01,10,60,12,1984532185,threshold_sweep,0.6,1,1,1,2,0,0,4,1,1,0,0,1,1,1,1,0.555555555556,1,1,1,37,35,2,0,37,0,35,0,2,17,37,0.136029411765,1.88235294118,4.35294117647,3.36363636364,2.84615384615,1.69341284359,0.389027274878,0.193958664547,2.09866904602,0.964253345467,0.518282988871,1.87867287326,0.863174022847,0.470588235294,0.786197569093,0.41766745858,2.25,1.88235294118,0.786197569093,2.25,0.166339869281,0.0612244897959,3,0.00441176470588,0.185952380952,17,17,17,1,0,0.352941176471,0.411764705882,0.235294117647,17,0.128676470588,1.90196078431,4.11764705882,3.18181818182,2.69230769231,1.57648156274,0.382859808093,0.201680672269,2.01465221053,0.978545359402,0.524369747899,1.74894926439,0.849489642704,0.463865546218,0.814492905316,0.428238537847,2.33333333333,1.90196078431,0.814492905316,2.33333333333,0,0,0,0,0.164242424242,17,17,17,1,0,0.352941176471,0.411764705882,0.235294117647,17,37,0.136029411765,1.88235294118,4.35294117647,3.36363636364,2.84615384615,1.69341284359,0.389027274878,0.193958664547,2.09866904602,0.964253345467,0.518282988871,1.87867287326,0.863174022847,0.470588235294,0.786197569093,0.41766745858,2.25,1.88235294118,0.786197569093,2.25,0.166339869281,0.0612244897959,3,0.00441176470588,0.185952380952,17,17,17,1,0,0.352941176471,0.411764705882,0.235294117647,0,0,0,0,0,0,0,0,0,0,0,0,0,0,0,0,0,0,0,0,0,0,0,0,0,0,0,0,0,37,0,0,235,1,1,0,0,1,1,1,1,1,1,2,2,0,0,0,0
2356,WLNM_dir_neg,1,0.5,00:00:01,10,60,12,1984532185,threshold_sweep,0.7,1,1,1,2,0,0,4,1,1,0,0,1,1,1,1,0.555555555556,1,1,1,37,35,2,0,37,0,35,0,2,17,37,0.136029411765,1.88235294118,4.35294117647,3.36363636364,2.84615384615,1.69341284359,0.389027274878,0.193958664547,2.09866904602,0.964253345467,0.518282988871,1.87867287326,0.863174022847,0.470588235294,0.786197569093,0.41766745858,2.25,1.88235294118,0.786197569093,2.25,0.166339869281,0.0612244897959,3,0.00441176470588,0.185952380952,17,17,17,1,0,0.352941176471,0.411764705882,0.235294117647,17,0.128676470588,1.90196078431,4.11764705882,3.18181818182,2.69230769231,1.57648156274,0.382859808093,0.201680672269,2.01465221053,0.978545359402,0.524369747899,1.74894926439,0.849489642704,0.463865546218,0.814492905316,0.428238537847,2.33333333333,1.90196078431,0.814492905316,2.33333333333,0,0,0,0,0.164242424242,17,17,17,1,0,0.352941176471,0.411764705882,0.235294117647,17,37,0.136029411765,1.88235294118,4.35294117647,3.36363636364,2.84615384615,1.69341284359,0.389027274878,0.193958664547,2.09866904602,0.964253345467,0.518282988871,1.87867287326,0.863174022847,0.470588235294,0.786197569093,0.41766745858,2.25,1.88235294118,0.786197569093,2.25,0.166339869281,0.0612244897959,3,0.00441176470588,0.185952380952,17,17,17,1,0,0.352941176471,0.411764705882,0.235294117647,0,0,0,0,0,0,0,0,0,0,0,0,0,0,0,0,0,0,0,0,0,0,0,0,0,0,0,0,0,37,0,0,235,1,1,0,0,1,1,1,1,1,1,2,2,0,0,0,0
2357,WLNM_dir_neg,1,0.5,00:00:01,10,60,12,1984532185,threshold_sweep,0.8,1,1,1,2,0,0,4,1,1,0,0,1,1,1,1,0.555555555556,1,1,1,37,35,2,0,37,0,35,0,2,17,37,0.136029411765,1.88235294118,4.35294117647,3.36363636364,2.84615384615,1.69341284359,0.389027274878,0.193958664547,2.09866904602,0.964253345467,0.518282988871,1.87867287326,0.863174022847,0.470588235294,0.786197569093,0.41766745858,2.25,1.88235294118,0.786197569093,2.25,0.166339869281,0.0612244897959,3,0.00441176470588,0.185952380952,17,17,17,1,0,0.352941176471,0.411764705882,0.235294117647,17,0.128676470588,1.90196078431,4.11764705882,3.18181818182,2.69230769231,1.57648156274,0.382859808093,0.201680672269,2.01465221053,0.978545359402,0.524369747899,1.74894926439,0.849489642704,0.463865546218,0.814492905316,0.428238537847,2.33333333333,1.90196078431,0.814492905316,2.33333333333,0,0,0,0,0.164242424242,17,17,17,1,0,0.352941176471,0.411764705882,0.235294117647,17,37,0.136029411765,1.88235294118,4.35294117647,3.36363636364,2.84615384615,1.69341284359,0.389027274878,0.193958664547,2.09866904602,0.964253345467,0.518282988871,1.87867287326,0.863174022847,0.470588235294,0.786197569093,0.41766745858,2.25,1.88235294118,0.786197569093,2.25,0.166339869281,0.0612244897959,3,0.00441176470588,0.185952380952,17,17,17,1,0,0.352941176471,0.411764705882,0.235294117647,0,0,0,0,0,0,0,0,0,0,0,0,0,0,0,0,0,0,0,0,0,0,0,0,0,0,0,0,0,37,0,0,235,1,1,0,0,1,1,1,1,1,1,2,2,0,0,0,0
2358,WLNM_dir_neg,1,0.5,00:00:01,10,60,12,1984532185,threshold_sweep,0.9,1,0.5,0.666666666667,1,0,1,4,0.5,1,0,0.5,1,0.5,0.666666666667,0.833333333333,0.611111111111,0.571428571429,0.632455532034,0.5,37,35,2,0,37,0,35,0,2,17,37,0.136029411765,1.88235294118,4.35294117647,3.36363636364,2.84615384615,1.69341284359,0.389027274878,0.193958664547,2.09866904602,0.964253345467,0.518282988871,1.87867287326,0.863174022847,0.470588235294,0.786197569093,0.41766745858,2.25,1.88235294118,0.786197569093,2.25,0.166339869281,0.0612244897959,3,0.00441176470588,0.185952380952,17,17,17,1,0,0.352941176471,0.411764705882,0.235294117647,17,0.128676470588,1.90196078431,4.11764705882,3.18181818182,2.69230769231,1.57648156274,0.382859808093,0.201680672269,2.01465221053,0.978545359402,0.524369747899,1.74894926439,0.849489642704,0.463865546218,0.814492905316,0.428238537847,2.33333333333,1.90196078431,0.814492905316,2.33333333333,0,0,0,0,0.164242424242,17,17,17,1,0,0.352941176471,0.411764705882,0.235294117647,17,36,0.132352941176,1.89705882353,4.23529411765,3.27272727273,2.76923076923,1.71498585143,0.40492721492,0.204248366013,2.05798302171,0.971825315808,0.522875816993,1.79869233546,0.849382491746,0.464052287582,0.805541469338,0.424626510969,2.25,1.89705882353,0.805541469338,2.25,0.0702614379085,0.0214285714286,1,0.00147058823529,0.175454545455,17,17,17,1,0,0.352941176471,0.411764705882,0.235294117647,-1,-0.00367647058824,0.0147058823529,-0.117647058824,-0.0909090909091,-0.0769230769231,0.0215730078386,0.0158999400418,0.0102897014662,-0.0406860243059,0.00757197034072,0.00459282812224,-0.0799805377942,-0.0137915311015,-0.00653594771242,0.0193439002456,0.00695905238854,0,0.0147058823529,0.0193439002456,0,-0.0960784313725,-0.0397959183673,-2,-0.00294117647059,-0.0104978354978,0,0,0,36,0,1,235,0.972972972973,1,0,0.027027027027,1,0.972972972973,0.986301369863,0.984301887704,0.972972972973,0.972972972973,1,2,0,0,0,0
2359,WLNM_dir_neg,1,0.5,00:00:02,10,60,13,1984532186,threshold_sweep,0.1,1,1,1,2,0,0,4,1,1,0,0,1,1,1,1,0.555555555556,1,1,1,37,35,2,0,37,0,35,0,2,17,37,0.136029411765,1.88235294118,4.35294117647,3.36363636364,2.84615384615,1.69341284359,0.389027274878,0.193958664547,2.09866904602,0.964253345467,0.518282988871,1.87867287326,0.863174022847,0.470588235294,0.786197569093,0.41766745858,2.25,1.88235294118,0.786197569093,2.25,0.166339869281,0.0612244897959,3,0.00441176470588,0.185952380952,17,17,17,1,0,0.352941176471,0.411764705882,0.235294117647,17,0.128676470588,1.90196078431,4.11764705882,3.18181818182,2.69230769231,1.57648156274,0.382859808093,0.201680672269,2.01465221053,0.978545359402,0.524369747899,1.74894926439,0.849489642704,0.463865546218,0.814492905316,0.428238537847,2.33333333333,1.90196078431,0.814492905316,2.33333333333,0,0,0,0,0.164242424242,17,17,17,1,0,0.352941176471,0.411764705882,0.235294117647,17,37,0.136029411765,1.88235294118,4.35294117647,3.36363636364,2.84615384615,1.69341284359,0.389027274878,0.193958664547,2.09866904602,0.964253345467,0.518282988871,1.87867287326,0.863174022847,0.470588235294,0.786197569093,0.41766745858,2.25,1.88235294118,0.786197569093,2.25,0.166339869281,0.0612244897959,3,0.00441176470588,0.185952380952,17,17,17,1,0,0.352941176471,0.411764705882,0.235294117647,0,0,0,0,0,0,0,0,0,0,0,0,0,0,0,0,0,0,0,0,0,0,0,0,0,0,0,0,0,37,0,0,235,1,1,0,0,1,1,1,1,1,1,2,2,0,0,0,0
2360,WLNM_dir_neg,1,0.5,00:00:02,10,60,13,1984532186,threshold_sweep,0.2,1,1,1,2,0,0,4,1,1,0,0,1,1,1,1,0.555555555556,1,1,1,37,35,2,0,37,0,35,0,2,17,37,0.136029411765,1.88235294118,4.35294117647,3.36363636364,2.84615384615,1.69341284359,0.389027274878,0.193958664547,2.09866904602,0.964253345467,0.518282988871,1.87867287326,0.863174022847,0.470588235294,0.786197569093,0.41766745858,2.25,1.88235294118,0.786197569093,2.25,0.166339869281,0.0612244897959,3,0.00441176470588,0.185952380952,17,17,17,1,0,0.352941176471,0.411764705882,0.235294117647,17,0.128676470588,1.90196078431,4.11764705882,3.18181818182,2.69230769231,1.57648156274,0.382859808093,0.201680672269,2.01465221053,0.978545359402,0.524369747899,1.74894926439,0.849489642704,0.463865546218,0.814492905316,0.428238537847,2.33333333333,1.90196078431,0.814492905316,2.33333333333,0,0,0,0,0.164242424242,17,17,17,1,0,0.352941176471,0.411764705882,0.235294117647,17,37,0.136029411765,1.88235294118,4.35294117647,3.36363636364,2.84615384615,1.69341284359,0.389027274878,0.193958664547,2.09866904602,0.964253345467,0.518282988871,1.87867287326,0.863174022847,0.470588235294,0.786197569093,0.41766745858,2.25,1.88235294118,0.786197569093,2.25,0.166339869281,0.0612244897959,3,0.00441176470588,0.185952380952,17,17,17,1,0,0.352941176471,0.411764705882,0.235294117647,0,0,0,0,0,0,0,0,0,0,0,0,0,0,0,0,0,0,0,0,0,0,0,0,0,0,0,0,0,37,0,0,235,1,1,0,0,1,1,1,1,1,1,2,2,0,0,0,0
2361,WLNM_dir_neg,1,0.5,00:00:02,10,60,13,1984532186,threshold_sweep,0.3,1,1,1,2,0,0,4,1,1,0,0,1,1,1,1,0.555555555556,1,1,1,37,35,2,0,37,0,35,0,2,17,37,0.136029411765,1.88235294118,4.35294117647,3.36363636364,2.84615384615,1.69341284359,0.389027274878,0.193958664547,2.09866904602,0.964253345467,0.518282988871,1.87867287326,0.863174022847,0.470588235294,0.786197569093,0.41766745858,2.25,1.88235294118,0.786197569093,2.25,0.166339869281,0.0612244897959,3,0.00441176470588,0.185952380952,17,17,17,1,0,0.352941176471,0.411764705882,0.235294117647,17,0.128676470588,1.90196078431,4.11764705882,3.18181818182,2.69230769231,1.57648156274,0.382859808093,0.201680672269,2.01465221053,0.978545359402,0.524369747899,1.74894926439,0.849489642704,0.463865546218,0.814492905316,0.428238537847,2.33333333333,1.90196078431,0.814492905316,2.33333333333,0,0,0,0,0.164242424242,17,17,17,1,0,0.352941176471,0.411764705882,0.235294117647,17,37,0.136029411765,1.88235294118,4.35294117647,3.36363636364,2.84615384615,1.69341284359,0.389027274878,0.193958664547,2.09866904602,0.964253345467,0.518282988871,1.87867287326,0.863174022847,0.470588235294,0.786197569093,0.41766745858,2.25,1.88235294118,0.786197569093,2.25,0.166339869281,0.0612244897959,3,0.00441176470588,0.185952380952,17,17,17,1,0,0.352941176471,0.411764705882,0.235294117647,0,0,0,0,0,0,0,0,0,0,0,0,0,0,0,0,0,0,0,0,0,0,0,0,0,0,0,0,0,37,0,0,235,1,1,0,0,1,1,1,1,1,1,2,2,0,0,0,0
2362,WLNM_dir_neg,1,0.5,00:00:02,10,60,13,1984532186,threshold_sweep,0.4,1,1,1,2,0,0,4,1,1,0,0,1,1,1,1,0.555555555556,1,1,1,37,35,2,0,37,0,35,0,2,17,37,0.136029411765,1.88235294118,4.35294117647,3.36363636364,2.84615384615,1.69341284359,0.389027274878,0.193958664547,2.09866904602,0.964253345467,0.518282988871,1.87867287326,0.863174022847,0.470588235294,0.786197569093,0.41766745858,2.25,1.88235294118,0.786197569093,2.25,0.166339869281,0.0612244897959,3,0.00441176470588,0.185952380952,17,17,17,1,0,0.352941176471,0.411764705882,0.235294117647,17,0.128676470588,1.90196078431,4.11764705882,3.18181818182,2.69230769231,1.57648156274,0.382859808093,0.201680672269,2.01465221053,0.978545359402,0.524369747899,1.74894926439,0.849489642704,0.463865546218,0.814492905316,0.428238537847,2.33333333333,1.90196078431,0.814492905316,2.33333333333,0,0,0,0,0.164242424242,17,17,17,1,0,0.352941176471,0.411764705882,0.235294117647,17,37,0.136029411765,1.88235294118,4.35294117647,3.36363636364,2.84615384615,1.69341284359,0.389027274878,0.193958664547,2.09866904602,0.964253345467,0.518282988871,1.87867287326,0.863174022847,0.470588235294,0.786197569093,0.41766745858,2.25,1.88235294118,0.786197569093,2.25,0.166339869281,0.0612244897959,3,0.00441176470588,0.185952380952,17,17,17,1,0,0.352941176471,0.411764705882,0.235294117647,0,0,0,0,0,0,0,0,0,0,0,0,0,0,0,0,0,0,0,0,0,0,0,0,0,0,0,0,0,37,0,0,235,1,1,0,0,1,1,1,1,1,1,2,2,0,0,0,0
2363,WLNM_dir_neg,1,0.5,00:00:02,10,60,13,1984532186,threshold_sweep,0.5,1,1,1,2,0,0,4,1,1,0,0,1,1,1,1,0.555555555556,1,1,1,37,35,2,0,37,0,35,0,2,17,37,0.136029411765,1.88235294118,4.35294117647,3.36363636364,2.84615384615,1.69341284359,0.389027274878,0.193958664547,2.09866904602,0.964253345467,0.518282988871,1.87867287326,0.863174022847,0.470588235294,0.786197569093,0.41766745858,2.25,1.88235294118,0.786197569093,2.25,0.166339869281,0.0612244897959,3,0.00441176470588,0.185952380952,17,17,17,1,0,0.352941176471,0.411764705882,0.235294117647,17,0.128676470588,1.90196078431,4.11764705882,3.18181818182,2.69230769231,1.57648156274,0.382859808093,0.201680672269,2.01465221053,0.978545359402,0.524369747899,1.74894926439,0.849489642704,0.463865546218,0.814492905316,0.428238537847,2.33333333333,1.90196078431,0.814492905316,2.33333333333,0,0,0,0,0.164242424242,17,17,17,1,0,0.352941176471,0.411764705882,0.235294117647,17,37,0.136029411765,1.88235294118,4.35294117647,3.36363636364,2.84615384615,1.69341284359,0.389027274878,0.193958664547,2.09866904602,0.964253345467,0.518282988871,1.87867287326,0.863174022847,0.470588235294,0.786197569093,0.41766745858,2.25,1.88235294118,0.786197569093,2.25,0.166339869281,0.0612244897959,3,0.00441176470588,0.185952380952,17,17,17,1,0,0.352941176471,0.411764705882,0.235294117647,0,0,0,0,0,0,0,0,0,0,0,0,0,0,0,0,0,0,0,0,0,0,0,0,0,0,0,0,0,37,0,0,235,1,1,0,0,1,1,1,1,1,1,2,2,0,0,0,0
2364,WLNM_dir_neg,1,0.5,00:00:02,10,60,13,1984532186,threshold_sweep,0.6,1,1,1,2,0,0,4,1,1,0,0,1,1,1,1,0.555555555556,1,1,1,37,35,2,0,37,0,35,0,2,17,37,0.136029411765,1.88235294118,4.35294117647,3.36363636364,2.84615384615,1.69341284359,0.389027274878,0.193958664547,2.09866904602,0.964253345467,0.518282988871,1.87867287326,0.863174022847,0.470588235294,0.786197569093,0.41766745858,2.25,1.88235294118,0.786197569093,2.25,0.166339869281,0.0612244897959,3,0.00441176470588,0.185952380952,17,17,17,1,0,0.352941176471,0.411764705882,0.235294117647,17,0.128676470588,1.90196078431,4.11764705882,3.18181818182,2.69230769231,1.57648156274,0.382859808093,0.201680672269,2.01465221053,0.978545359402,0.524369747899,1.74894926439,0.849489642704,0.463865546218,0.814492905316,0.428238537847,2.33333333333,1.90196078431,0.814492905316,2.33333333333,0,0,0,0,0.164242424242,17,17,17,1,0,0.352941176471,0.411764705882,0.235294117647,17,37,0.136029411765,1.88235294118,4.35294117647,3.36363636364,2.84615384615,1.69341284359,0.389027274878,0.193958664547,2.09866904602,0.964253345467,0.518282988871,1.87867287326,0.863174022847,0.470588235294,0.786197569093,0.41766745858,2.25,1.88235294118,0.786197569093,2.25,0.166339869281,0.0612244897959,3,0.00441176470588,0.185952380952,17,17,17,1,0,0.352941176471,0.411764705882,0.235294117647,0,0,0,0,0,0,0,0,0,0,0,0,0,0,0,0,0,0,0,0,0,0,0,0,0,0,0,0,0,37,0,0,235,1,1,0,0,1,1,1,1,1,1,2,2,0,0,0,0
2365,WLNM_dir_neg,1,0.5,00:00:02,10,60,13,1984532186,threshold_sweep,0.7,1,1,1,2,0,0,4,1,1,0,0,1,1,1,1,0.555555555556,1,1,1,37,35,2,0,37,0,35,0,2,17,37,0.136029411765,1.88235294118,4.35294117647,3.36363636364,2.84615384615,1.69341284359,0.389027274878,0.193958664547,2.09866904602,0.964253345467,0.518282988871,1.87867287326,0.863174022847,0.470588235294,0.786197569093,0.41766745858,2.25,1.88235294118,0.786197569093,2.25,0.166339869281,0.0612244897959,3,0.00441176470588,0.185952380952,17,17,17,1,0,0.352941176471,0.411764705882,0.235294117647,17,0.128676470588,1.90196078431,4.11764705882,3.18181818182,2.69230769231,1.57648156274,0.382859808093,0.201680672269,2.01465221053,0.978545359402,0.524369747899,1.74894926439,0.849489642704,0.463865546218,0.814492905316,0.428238537847,2.33333333333,1.90196078431,0.814492905316,2.33333333333,0,0,0,0,0.164242424242,17,17,17,1,0,0.352941176471,0.411764705882,0.235294117647,17,37,0.136029411765,1.88235294118,4.35294117647,3.36363636364,2.84615384615,1.69341284359,0.389027274878,0.193958664547,2.09866904602,0.964253345467,0.518282988871,1.87867287326,0.863174022847,0.470588235294,0.786197569093,0.41766745858,2.25,1.88235294118,0.786197569093,2.25,0.166339869281,0.0612244897959,3,0.00441176470588,0.185952380952,17,17,17,1,0,0.352941176471,0.411764705882,0.235294117647,0,0,0,0,0,0,0,0,0,0,0,0,0,0,0,0,0,0,0,0,0,0,0,0,0,0,0,0,0,37,0,0,235,1,1,0,0,1,1,1,1,1,1,2,2,0,0,0,0
2366,WLNM_dir_neg,1,0.5,00:00:02,10,60,13,1984532186,threshold_sweep,0.8,1,1,1,2,0,0,4,1,1,0,0,1,1,1,1,0.555555555556,1,1,1,37,35,2,0,37,0,35,0,2,17,37,0.136029411765,1.88235294118,4.35294117647,3.36363636364,2.84615384615,1.69341284359,0.389027274878,0.193958664547,2.09866904602,0.964253345467,0.518282988871,1.87867287326,0.863174022847,0.470588235294,0.786197569093,0.41766745858,2.25,1.88235294118,0.786197569093,2.25,0.166339869281,0.0612244897959,3,0.00441176470588,0.185952380952,17,17,17,1,0,0.352941176471,0.411764705882,0.235294117647,17,0.128676470588,1.90196078431,4.11764705882,3.18181818182,2.69230769231,1.57648156274,0.382859808093,0.201680672269,2.01465221053,0.978545359402,0.524369747899,1.74894926439,0.849489642704,0.463865546218,0.814492905316,0.428238537847,2.33333333333,1.90196078431,0.814492905316,2.33333333333,0,0,0,0,0.164242424242,17,17,17,1,0,0.352941176471,0.411764705882,0.235294117647,17,37,0.136029411765,1.88235294118,4.35294117647,3.36363636364,2.84615384615,1.69341284359,0.389027274878,0.193958664547,2.09866904602,0.964253345467,0.518282988871,1.87867287326,0.863174022847,0.470588235294,0.786197569093,0.41766745858,2.25,1.88235294118,0.786197569093,2.25,0.166339869281,0.0612244897959,3,0.00441176470588,0.185952380952,17,17,17,1,0,0.352941176471,0.411764705882,0.235294117647,0,0,0,0,0,0,0,0,0,0,0,0,0,0,0,0,0,0,0,0,0,0,0,0,0,0,0,0,0,37,0,0,235,1,1,0,0,1,1,1,1,1,1,2,2,0,0,0,0
2367,WLNM_dir_neg,1,0.5,00:00:02,10,60,13,1984532186,threshold_sweep,0.9,1,1,1,2,0,0,4,1,1,0,0,1,1,1,1,0.555555555556,1,1,1,37,35,2,0,37,0,35,0,2,17,37,0.136029411765,1.88235294118,4.35294117647,3.36363636364,2.84615384615,1.69341284359,0.389027274878,0.193958664547,2.09866904602,0.964253345467,0.518282988871,1.87867287326,0.863174022847,0.470588235294,0.786197569093,0.41766745858,2.25,1.88235294118,0.786197569093,2.25,0.166339869281,0.0612244897959,3,0.00441176470588,0.185952380952,17,17,17,1,0,0.352941176471,0.411764705882,0.235294117647,17,0.128676470588,1.90196078431,4.11764705882,3.18181818182,2.69230769231,1.57648156274,0.382859808093,0.201680672269,2.01465221053,0.978545359402,0.524369747899,1.74894926439,0.849489642704,0.463865546218,0.814492905316,0.428238537847,2.33333333333,1.90196078431,0.814492905316,2.33333333333,0,0,0,0,0.164242424242,17,17,17,1,0,0.352941176471,0.411764705882,0.235294117647,17,37,0.136029411765,1.88235294118,4.35294117647,3.36363636364,2.84615384615,1.69341284359,0.389027274878,0.193958664547,2.09866904602,0.964253345467,0.518282988871,1.87867287326,0.863174022847,0.470588235294,0.786197569093,0.41766745858,2.25,1.88235294118,0.786197569093,2.25,0.166339869281,0.0612244897959,3,0.00441176470588,0.185952380952,17,17,17,1,0,0.352941176471,0.411764705882,0.235294117647,0,0,0,0,0,0,0,0,0,0,0,0,0,0,0,0,0,0,0,0,0,0,0,0,0,0,0,0,0,37,0,0,235,1,1,0,0,1,1,1,1,1,1,2,2,0,0,0,0
2368,WLNM_dir_neg,1,0.5,00:00:01,10,60,14,1984532187,threshold_sweep,0.1,1,1,1,2,0,0,4,1,1,0,0,1,1,1,1,0.555555555556,1,1,1,37,35,2,0,37,0,35,0,2,17,37,0.136029411765,1.88235294118,4.35294117647,3.36363636364,2.84615384615,1.69341284359,0.389027274878,0.193958664547,2.09866904602,0.964253345467,0.518282988871,1.87867287326,0.863174022847,0.470588235294,0.786197569093,0.41766745858,2.25,1.88235294118,0.786197569093,2.25,0.166339869281,0.0612244897959,3,0.00441176470588,0.185952380952,17,17,17,1,0,0.352941176471,0.411764705882,0.235294117647,17,0.128676470588,1.90196078431,4.11764705882,3.18181818182,2.69230769231,1.57648156274,0.382859808093,0.201680672269,2.01465221053,0.978545359402,0.524369747899,1.74894926439,0.849489642704,0.463865546218,0.814492905316,0.428238537847,2.33333333333,1.90196078431,0.814492905316,2.33333333333,0,0,0,0,0.164242424242,17,17,17,1,0,0.352941176471,0.411764705882,0.235294117647,17,37,0.136029411765,1.88235294118,4.35294117647,3.36363636364,2.84615384615,1.69341284359,0.389027274878,0.193958664547,2.09866904602,0.964253345467,0.518282988871,1.87867287326,0.863174022847,0.470588235294,0.786197569093,0.41766745858,2.25,1.88235294118,0.786197569093,2.25,0.166339869281,0.0612244897959,3,0.00441176470588,0.185952380952,17,17,17,1,0,0.352941176471,0.411764705882,0.235294117647,0,0,0,0,0,0,0,0,0,0,0,0,0,0,0,0,0,0,0,0,0,0,0,0,0,0,0,0,0,37,0,0,235,1,1,0,0,1,1,1,1,1,1,2,2,0,0,0,0
2369,WLNM_dir_neg,1,0.5,00:00:01,10,60,14,1984532187,threshold_sweep,0.2,1,1,1,2,0,0,4,1,1,0,0,1,1,1,1,0.555555555556,1,1,1,37,35,2,0,37,0,35,0,2,17,37,0.136029411765,1.88235294118,4.35294117647,3.36363636364,2.84615384615,1.69341284359,0.389027274878,0.193958664547,2.09866904602,0.964253345467,0.518282988871,1.87867287326,0.863174022847,0.470588235294,0.786197569093,0.41766745858,2.25,1.88235294118,0.786197569093,2.25,0.166339869281,0.0612244897959,3,0.00441176470588,0.185952380952,17,17,17,1,0,0.352941176471,0.411764705882,0.235294117647,17,0.128676470588,1.90196078431,4.11764705882,3.18181818182,2.69230769231,1.57648156274,0.382859808093,0.201680672269,2.01465221053,0.978545359402,0.524369747899,1.74894926439,0.849489642704,0.463865546218,0.814492905316,0.428238537847,2.33333333333,1.90196078431,0.814492905316,2.33333333333,0,0,0,0,0.164242424242,17,17,17,1,0,0.352941176471,0.411764705882,0.235294117647,17,37,0.136029411765,1.88235294118,4.35294117647,3.36363636364,2.84615384615,1.69341284359,0.389027274878,0.193958664547,2.09866904602,0.964253345467,0.518282988871,1.87867287326,0.863174022847,0.470588235294,0.786197569093,0.41766745858,2.25,1.88235294118,0.786197569093,2.25,0.166339869281,0.0612244897959,3,0.00441176470588,0.185952380952,17,17,17,1,0,0.352941176471,0.411764705882,0.235294117647,0,0,0,0,0,0,0,0,0,0,0,0,0,0,0,0,0,0,0,0,0,0,0,0,0,0,0,0,0,37,0,0,235,1,1,0,0,1,1,1,1,1,1,2,2,0,0,0,0
2370,WLNM_dir_neg,1,0.5,00:00:01,10,60,14,1984532187,threshold_sweep,0.3,1,1,1,2,0,0,4,1,1,0,0,1,1,1,1,0.555555555556,1,1,1,37,35,2,0,37,0,35,0,2,17,37,0.136029411765,1.88235294118,4.35294117647,3.36363636364,2.84615384615,1.69341284359,0.389027274878,0.193958664547,2.09866904602,0.964253345467,0.518282988871,1.87867287326,0.863174022847,0.470588235294,0.786197569093,0.41766745858,2.25,1.88235294118,0.786197569093,2.25,0.166339869281,0.0612244897959,3,0.00441176470588,0.185952380952,17,17,17,1,0,0.352941176471,0.411764705882,0.235294117647,17,0.128676470588,1.90196078431,4.11764705882,3.18181818182,2.69230769231,1.57648156274,0.382859808093,0.201680672269,2.01465221053,0.978545359402,0.524369747899,1.74894926439,0.849489642704,0.463865546218,0.814492905316,0.428238537847,2.33333333333,1.90196078431,0.814492905316,2.33333333333,0,0,0,0,0.164242424242,17,17,17,1,0,0.352941176471,0.411764705882,0.235294117647,17,37,0.136029411765,1.88235294118,4.35294117647,3.36363636364,2.84615384615,1.69341284359,0.389027274878,0.193958664547,2.09866904602,0.964253345467,0.518282988871,1.87867287326,0.863174022847,0.470588235294,0.786197569093,0.41766745858,2.25,1.88235294118,0.786197569093,2.25,0.166339869281,0.0612244897959,3,0.00441176470588,0.185952380952,17,17,17,1,0,0.352941176471,0.411764705882,0.235294117647,0,0,0,0,0,0,0,0,0,0,0,0,0,0,0,0,0,0,0,0,0,0,0,0,0,0,0,0,0,37,0,0,235,1,1,0,0,1,1,1,1,1,1,2,2,0,0,0,0
2371,WLNM_dir_neg,1,0.5,00:00:01,10,60,14,1984532187,threshold_sweep,0.4,1,1,1,2,0,0,4,1,1,0,0,1,1,1,1,0.555555555556,1,1,1,37,35,2,0,37,0,35,0,2,17,37,0.136029411765,1.88235294118,4.35294117647,3.36363636364,2.84615384615,1.69341284359,0.389027274878,0.193958664547,2.09866904602,0.964253345467,0.518282988871,1.87867287326,0.863174022847,0.470588235294,0.786197569093,0.41766745858,2.25,1.88235294118,0.786197569093,2.25,0.166339869281,0.0612244897959,3,0.00441176470588,0.185952380952,17,17,17,1,0,0.352941176471,0.411764705882,0.235294117647,17,0.128676470588,1.90196078431,4.11764705882,3.18181818182,2.69230769231,1.57648156274,0.382859808093,0.201680672269,2.01465221053,0.978545359402,0.524369747899,1.74894926439,0.849489642704,0.463865546218,0.814492905316,0.428238537847,2.33333333333,1.90196078431,0.814492905316,2.33333333333,0,0,0,0,0.164242424242,17,17,17,1,0,0.352941176471,0.411764705882,0.235294117647,17,37,0.136029411765,1.88235294118,4.35294117647,3.36363636364,2.84615384615,1.69341284359,0.389027274878,0.193958664547,2.09866904602,0.964253345467,0.518282988871,1.87867287326,0.863174022847,0.470588235294,0.786197569093,0.41766745858,2.25,1.88235294118,0.786197569093,2.25,0.166339869281,0.0612244897959,3,0.00441176470588,0.185952380952,17,17,17,1,0,0.352941176471,0.411764705882,0.235294117647,0,0,0,0,0,0,0,0,0,0,0,0,0,0,0,0,0,0,0,0,0,0,0,0,0,0,0,0,0,37,0,0,235,1,1,0,0,1,1,1,1,1,1,2,2,0,0,0,0
2372,WLNM_dir_neg,1,0.5,00:00:01,10,60,14,1984532187,threshold_sweep,0.5,1,1,1,2,0,0,4,1,1,0,0,1,1,1,1,0.555555555556,1,1,1,37,35,2,0,37,0,35,0,2,17,37,0.136029411765,1.88235294118,4.35294117647,3.36363636364,2.84615384615,1.69341284359,0.389027274878,0.193958664547,2.09866904602,0.964253345467,0.518282988871,1.87867287326,0.863174022847,0.470588235294,0.786197569093,0.41766745858,2.25,1.88235294118,0.786197569093,2.25,0.166339869281,0.0612244897959,3,0.00441176470588,0.185952380952,17,17,17,1,0,0.352941176471,0.411764705882,0.235294117647,17,0.128676470588,1.90196078431,4.11764705882,3.18181818182,2.69230769231,1.57648156274,0.382859808093,0.201680672269,2.01465221053,0.978545359402,0.524369747899,1.74894926439,0.849489642704,0.463865546218,0.814492905316,0.428238537847,2.33333333333,1.90196078431,0.814492905316,2.33333333333,0,0,0,0,0.164242424242,17,17,17,1,0,0.352941176471,0.411764705882,0.235294117647,17,37,0.136029411765,1.88235294118,4.35294117647,3.36363636364,2.84615384615,1.69341284359,0.389027274878,0.193958664547,2.09866904602,0.964253345467,0.518282988871,1.87867287326,0.863174022847,0.470588235294,0.786197569093,0.41766745858,2.25,1.88235294118,0.786197569093,2.25,0.166339869281,0.0612244897959,3,0.00441176470588,0.185952380952,17,17,17,1,0,0.352941176471,0.411764705882,0.235294117647,0,0,0,0,0,0,0,0,0,0,0,0,0,0,0,0,0,0,0,0,0,0,0,0,0,0,0,0,0,37,0,0,235,1,1,0,0,1,1,1,1,1,1,2,2,0,0,0,0
2373,WLNM_dir_neg,1,0.5,00:00:01,10,60,14,1984532187,threshold_sweep,0.6,1,1,1,2,0,0,4,1,1,0,0,1,1,1,1,0.555555555556,1,1,1,37,35,2,0,37,0,35,0,2,17,37,0.136029411765,1.88235294118,4.35294117647,3.36363636364,2.84615384615,1.69341284359,0.389027274878,0.193958664547,2.09866904602,0.964253345467,0.518282988871,1.87867287326,0.863174022847,0.470588235294,0.786197569093,0.41766745858,2.25,1.88235294118,0.786197569093,2.25,0.166339869281,0.0612244897959,3,0.00441176470588,0.185952380952,17,17,17,1,0,0.352941176471,0.411764705882,0.235294117647,17,0.128676470588,1.90196078431,4.11764705882,3.18181818182,2.69230769231,1.57648156274,0.382859808093,0.201680672269,2.01465221053,0.978545359402,0.524369747899,1.74894926439,0.849489642704,0.463865546218,0.814492905316,0.428238537847,2.33333333333,1.90196078431,0.814492905316,2.33333333333,0,0,0,0,0.164242424242,17,17,17,1,0,0.352941176471,0.411764705882,0.235294117647,17,37,0.136029411765,1.88235294118,4.35294117647,3.36363636364,2.84615384615,1.69341284359,0.389027274878,0.193958664547,2.09866904602,0.964253345467,0.518282988871,1.87867287326,0.863174022847,0.470588235294,0.786197569093,0.41766745858,2.25,1.88235294118,0.786197569093,2.25,0.166339869281,0.0612244897959,3,0.00441176470588,0.185952380952,17,17,17,1,0,0.352941176471,0.411764705882,0.235294117647,0,0,0,0,0,0,0,0,0,0,0,0,0,0,0,0,0,0,0,0,0,0,0,0,0,0,0,0,0,37,0,0,235,1,1,0,0,1,1,1,1,1,1,2,2,0,0,0,0
2374,WLNM_dir_neg,1,0.5,00:00:01,10,60,14,1984532187,threshold_sweep,0.7,1,1,1,2,0,0,4,1,1,0,0,1,1,1,1,0.555555555556,1,1,1,37,35,2,0,37,0,35,0,2,17,37,0.136029411765,1.88235294118,4.35294117647,3.36363636364,2.84615384615,1.69341284359,0.389027274878,0.193958664547,2.09866904602,0.964253345467,0.518282988871,1.87867287326,0.863174022847,0.470588235294,0.786197569093,0.41766745858,2.25,1.88235294118,0.786197569093,2.25,0.166339869281,0.0612244897959,3,0.00441176470588,0.185952380952,17,17,17,1,0,0.352941176471,0.411764705882,0.235294117647,17,0.128676470588,1.90196078431,4.11764705882,3.18181818182,2.69230769231,1.57648156274,0.382859808093,0.201680672269,2.01465221053,0.978545359402,0.524369747899,1.74894926439,0.849489642704,0.463865546218,0.814492905316,0.428238537847,2.33333333333,1.90196078431,0.814492905316,2.33333333333,0,0,0,0,0.164242424242,17,17,17,1,0,0.352941176471,0.411764705882,0.235294117647,17,37,0.136029411765,1.88235294118,4.35294117647,3.36363636364,2.84615384615,1.69341284359,0.389027274878,0.193958664547,2.09866904602,0.964253345467,0.518282988871,1.87867287326,0.863174022847,0.470588235294,0.786197569093,0.41766745858,2.25,1.88235294118,0.786197569093,2.25,0.166339869281,0.0612244897959,3,0.00441176470588,0.185952380952,17,17,17,1,0,0.352941176471,0.411764705882,0.235294117647,0,0,0,0,0,0,0,0,0,0,0,0,0,0,0,0,0,0,0,0,0,0,0,0,0,0,0,0,0,37,0,0,235,1,1,0,0,1,1,1,1,1,1,2,2,0,0,0,0
2375,WLNM_dir_neg,1,0.5,00:00:01,10,60,14,1984532187,threshold_sweep,0.8,1,1,1,2,0,0,4,1,1,0,0,1,1,1,1,0.555555555556,1,1,1,37,35,2,0,37,0,35,0,2,17,37,0.136029411765,1.88235294118,4.35294117647,3.36363636364,2.84615384615,1.69341284359,0.389027274878,0.193958664547,2.09866904602,0.964253345467,0.518282988871,1.87867287326,0.863174022847,0.470588235294,0.786197569093,0.41766745858,2.25,1.88235294118,0.786197569093,2.25,0.166339869281,0.0612244897959,3,0.00441176470588,0.185952380952,17,17,17,1,0,0.352941176471,0.411764705882,0.235294117647,17,0.128676470588,1.90196078431,4.11764705882,3.18181818182,2.69230769231,1.57648156274,0.382859808093,0.201680672269,2.01465221053,0.978545359402,0.524369747899,1.74894926439,0.849489642704,0.463865546218,0.814492905316,0.428238537847,2.33333333333,1.90196078431,0.814492905316,2.33333333333,0,0,0,0,0.164242424242,17,17,17,1,0,0.352941176471,0.411764705882,0.235294117647,17,37,0.136029411765,1.88235294118,4.35294117647,3.36363636364,2.84615384615,1.69341284359,0.389027274878,0.193958664547,2.09866904602,0.964253345467,0.518282988871,1.87867287326,0.863174022847,0.470588235294,0.786197569093,0.41766745858,2.25,1.88235294118,0.786197569093,2.25,0.166339869281,0.0612244897959,3,0.00441176470588,0.185952380952,17,17,17,1,0,0.352941176471,0.411764705882,0.235294117647,0,0,0,0,0,0,0,0,0,0,0,0,0,0,0,0,0,0,0,0,0,0,0,0,0,0,0,0,0,37,0,0,235,1,1,0,0,1,1,1,1,1,1,2,2,0,0,0,0
2376,WLNM_dir_neg,1,0.5,00:00:01,10,60,14,1984532187,threshold_sweep,0.9,1,1,1,2,0,0,4,1,1,0,0,1,1,1,1,0.555555555556,1,1,1,37,35,2,0,37,0,35,0,2,17,37,0.136029411765,1.88235294118,4.35294117647,3.36363636364,2.84615384615,1.69341284359,0.389027274878,0.193958664547,2.09866904602,0.964253345467,0.518282988871,1.87867287326,0.863174022847,0.470588235294,0.786197569093,0.41766745858,2.25,1.88235294118,0.786197569093,2.25,0.166339869281,0.0612244897959,3,0.00441176470588,0.185952380952,17,17,17,1,0,0.352941176471,0.411764705882,0.235294117647,17,0.128676470588,1.90196078431,4.11764705882,3.18181818182,2.69230769231,1.57648156274,0.382859808093,0.201680672269,2.01465221053,0.978545359402,0.524369747899,1.74894926439,0.849489642704,0.463865546218,0.814492905316,0.428238537847,2.33333333333,1.90196078431,0.814492905316,2.33333333333,0,0,0,0,0.164242424242,17,17,17,1,0,0.352941176471,0.411764705882,0.235294117647,17,37,0.136029411765,1.88235294118,4.35294117647,3.36363636364,2.84615384615,1.69341284359,0.389027274878,0.193958664547,2.09866904602,0.964253345467,0.518282988871,1.87867287326,0.863174022847,0.470588235294,0.786197569093,0.41766745858,2.25,1.88235294118,0.786197569093,2.25,0.166339869281,0.0612244897959,3,0.00441176470588,0.185952380952,17,17,17,1,0,0.352941176471,0.411764705882,0.235294117647,0,0,0,0,0,0,0,0,0,0,0,0,0,0,0,0,0,0,0,0,0,0,0,0,0,0,0,0,0,37,0,0,235,1,1,0,0,1,1,1,1,1,1,2,2,0,0,0,0
2377,WLNM_dir_neg,1,0.5,00:00:02,10,60,15,1984532188,threshold_sweep,0.1,0.666666666667,1,0.8,2,1,0,3,1,0.75,0.25,0,0.666666666667,1,0.8,0.833333333333,0.5,0.666666666667,0.707106781187,0.75,37,35,2,0,37,0,35,0,2,17,37,0.136029411765,1.88235294118,4.35294117647,3.36363636364,2.84615384615,1.69341284359,0.389027274878,0.193958664547,2.09866904602,0.964253345467,0.518282988871,1.87867287326,0.863174022847,0.470588235294,0.786197569093,0.41766745858,2.25,1.88235294118,0.786197569093,2.25,0.166339869281,0.0612244897959,3,0.00441176470588,0.185952380952,17,17,17,1,0,0.352941176471,0.411764705882,0.235294117647,17,0.128676470588,1.90196078431,4.11764705882,3.18181818182,2.69230769231,1.57648156274,0.382859808093,0.201680672269,2.01465221053,0.978545359402,0.524369747899,1.74894926439,0.849489642704,0.463865546218,0.814492905316,0.428238537847,2.33333333333,1.90196078431,0.814492905316,2.33333333333,0,0,0,0,0.164242424242,17,17,17,1,0,0.352941176471,0.411764705882,0.235294117647,17,38,0.139705882353,1.90992647059,4.47058823529,3.45454545455,2.71428571429,1.62471716996,0.36342357749,0.179566563467,2.07754096725,0.929426222189,0.501547987616,1.82103719638,0.814674535221,0.442724458204,0.833698985343,0.43650841966,2.375,1.90992647059,0.833698985343,2.375,0.146405228758,0.078431372549,4,0.00588235294118,0.183528138528,17,17,17,1,0,0.352941176471,0.470588235294,0.176470588235,1,0.00367647058824,0.0275735294118,0.117647058824,0.0909090909091,-0.131868131868,-0.0686956736295,-0.0256036973876,-0.0143921010794,-0.0211280787694,-0.0348271232775,-0.0167350012551,-0.0576356768785,-0.0484994876259,-0.0278637770898,0.0475014162503,0.0188409610794,0.125,0.0275735294118,0.0475014162503,0.125,-0.0199346405229,0.0172068827531,1,0.00147058823529,-0.00242424242424,0,0.0588235294118,-0.0588235294118,37,1,0,234,1,0.995744680851,0.00425531914894,0,0.973684210526,1,0.986666666667,0.984652666406,0.995744680851,0.973684210526,3,2,0,0,0,0
2378,WLNM_dir_neg,1,0.5,00:00:02,10,60,15,1984532188,threshold_sweep,0.2,0.666666666667,1,0.8,2,1,0,3,1,0.75,0.25,0,0.666666666667,1,0.8,0.833333333333,0.5,0.666666666667,0.707106781187,0.75,37,35,2,0,37,0,35,0,2,17,37,0.136029411765,1.88235294118,4.35294117647,3.36363636364,2.84615384615,1.69341284359,0.389027274878,0.193958664547,2.09866904602,0.964253345467,0.518282988871,1.87867287326,0.863174022847,0.470588235294,0.786197569093,0.41766745858,2.25,1.88235294118,0.786197569093,2.25,0.166339869281,0.0612244897959,3,0.00441176470588,0.185952380952,17,17,17,1,0,0.352941176471,0.411764705882,0.235294117647,17,0.128676470588,1.90196078431,4.11764705882,3.18181818182,2.69230769231,1.57648156274,0.382859808093,0.201680672269,2.01465221053,0.978545359402,0.524369747899,1.74894926439,0.849489642704,0.463865546218,0.814492905316,0.428238537847,2.33333333333,1.90196078431,0.814492905316,2.33333333333,0,0,0,0,0.164242424242,17,17,17,1,0,0.352941176471,0.411764705882,0.235294117647,17,38,0.139705882353,1.90992647059,4.47058823529,3.45454545455,2.71428571429,1.62471716996,0.36342357749,0.179566563467,2.07754096725,0.929426222189,0.501547987616,1.82103719638,0.814674535221,0.442724458204,0.833698985343,0.43650841966,2.375,1.90992647059,0.833698985343,2.375,0.146405228758,0.078431372549,4,0.00588235294118,0.183528138528,17,17,17,1,0,0.352941176471,0.470588235294,0.176470588235,1,0.00367647058824,0.0275735294118,0.117647058824,0.0909090909091,-0.131868131868,-0.0686956736295,-0.0256036973876,-0.0143921010794,-0.0211280787694,-0.0348271232775,-0.0167350012551,-0.0576356768785,-0.0484994876259,-0.0278637770898,0.0475014162503,0.0188409610794,0.125,0.0275735294118,0.0475014162503,0.125,-0.0199346405229,0.0172068827531,1,0.00147058823529,-0.00242424242424,0,0.0588235294118,-0.0588235294118,37,1,0,234,1,0.995744680851,0.00425531914894,0,0.973684210526,1,0.986666666667,0.984652666406,0.995744680851,0.973684210526,3,2,0,0,0,0
2379,WLNM_dir_neg,1,0.5,00:00:02,10,60,15,1984532188,threshold_sweep,0.3,0.666666666667,1,0.8,2,1,0,3,1,0.75,0.25,0,0.666666666667,1,0.8,0.833333333333,0.5,0.666666666667,0.707106781187,0.75,37,35,2,0,37,0,35,0,2,17,37,0.136029411765,1.88235294118,4.35294117647,3.36363636364,2.84615384615,1.69341284359,0.389027274878,0.193958664547,2.09866904602,0.964253345467,0.518282988871,1.87867287326,0.863174022847,0.470588235294,0.786197569093,0.41766745858,2.25,1.88235294118,0.786197569093,2.25,0.166339869281,0.0612244897959,3,0.00441176470588,0.185952380952,17,17,17,1,0,0.352941176471,0.411764705882,0.235294117647,17,0.128676470588,1.90196078431,4.11764705882,3.18181818182,2.69230769231,1.57648156274,0.382859808093,0.201680672269,2.01465221053,0.978545359402,0.524369747899,1.74894926439,0.849489642704,0.463865546218,0.814492905316,0.428238537847,2.33333333333,1.90196078431,0.814492905316,2.33333333333,0,0,0,0,0.164242424242,17,17,17,1,0,0.352941176471,0.411764705882,0.235294117647,17,38,0.139705882353,1.90992647059,4.47058823529,3.45454545455,2.71428571429,1.62471716996,0.36342357749,0.179566563467,2.07754096725,0.929426222189,0.501547987616,1.82103719638,0.814674535221,0.442724458204,0.833698985343,0.43650841966,2.375,1.90992647059,0.833698985343,2.375,0.146405228758,0.078431372549,4,0.00588235294118,0.183528138528,17,17,17,1,0,0.352941176471,0.470588235294,0.176470588235,1,0.00367647058824,0.0275735294118,0.117647058824,0.0909090909091,-0.131868131868,-0.0686956736295,-0.0256036973876,-0.0143921010794,-0.0211280787694,-0.0348271232775,-0.0167350012551,-0.0576356768785,-0.0484994876259,-0.0278637770898,0.0475014162503,0.0188409610794,0.125,0.0275735294118,0.0475014162503,0.125,-0.0199346405229,0.0172068827531,1,0.00147058823529,-0.00242424242424,0,0.0588235294118,-0.0588235294118,37,1,0,234,1,0.995744680851,0.00425531914894,0,0.973684210526,1,0.986666666667,0.984652666406,0.995744680851,0.973684210526,3,2,0,0,0,0
2380,WLNM_dir_neg,1,0.5,00:00:02,10,60,15,1984532188,threshold_sweep,0.4,0.666666666667,1,0.8,2,1,0,3,1,0.75,0.25,0,0.666666666667,1,0.8,0.833333333333,0.5,0.666666666667,0.707106781187,0.75,37,35,2,0,37,0,35,0,2,17,37,0.136029411765,1.88235294118,4.35294117647,3.36363636364,2.84615384615,1.69341284359,0.389027274878,0.193958664547,2.09866904602,0.964253345467,0.518282988871,1.87867287326,0.863174022847,0.470588235294,0.786197569093,0.41766745858,2.25,1.88235294118,0.786197569093,2.25,0.166339869281,0.0612244897959,3,0.00441176470588,0.185952380952,17,17,17,1,0,0.352941176471,0.411764705882,0.235294117647,17,0.128676470588,1.90196078431,4.11764705882,3.18181818182,2.69230769231,1.57648156274,0.382859808093,0.201680672269,2.01465221053,0.978545359402,0.524369747899,1.74894926439,0.849489642704,0.463865546218,0.814492905316,0.428238537847,2.33333333333,1.90196078431,0.814492905316,2.33333333333,0,0,0,0,0.164242424242,17,17,17,1,0,0.352941176471,0.411764705882,0.235294117647,17,38,0.139705882353,1.90992647059,4.47058823529,3.45454545455,2.71428571429,1.62471716996,0.36342357749,0.179566563467,2.07754096725,0.929426222189,0.501547987616,1.82103719638,0.814674535221,0.442724458204,0.833698985343,0.43650841966,2.375,1.90992647059,0.833698985343,2.375,0.146405228758,0.078431372549,4,0.00588235294118,0.183528138528,17,17,17,1,0,0.352941176471,0.470588235294,0.176470588235,1,0.00367647058824,0.0275735294118,0.117647058824,0.0909090909091,-0.131868131868,-0.0686956736295,-0.0256036973876,-0.0143921010794,-0.0211280787694,-0.0348271232775,-0.0167350012551,-0.0576356768785,-0.0484994876259,-0.0278637770898,0.0475014162503,0.0188409610794,0.125,0.0275735294118,0.0475014162503,0.125,-0.0199346405229,0.0172068827531,1,0.00147058823529,-0.00242424242424,0,0.0588235294118,-0.0588235294118,37,1,0,234,1,0.995744680851,0.00425531914894,0,0.973684210526,1,0.986666666667,0.984652666406,0.995744680851,0.973684210526,3,2,0,0,0,0
2381,WLNM_dir_neg,1,0.5,00:00:02,10,60,15,1984532188,threshold_sweep,0.5,0.666666666667,1,0.8,2,1,0,3,1,0.75,0.25,0,0.666666666667,1,0.8,0.833333333333,0.5,0.666666666667,0.707106781187,0.75,37,35,2,0,37,0,35,0,2,17,37,0.136029411765,1.88235294118,4.35294117647,3.36363636364,2.84615384615,1.69341284359,0.389027274878,0.193958664547,2.09866904602,0.964253345467,0.518282988871,1.87867287326,0.863174022847,0.470588235294,0.786197569093,0.41766745858,2.25,1.88235294118,0.786197569093,2.25,0.166339869281,0.0612244897959,3,0.00441176470588,0.185952380952,17,17,17,1,0,0.352941176471,0.411764705882,0.235294117647,17,0.128676470588,1.90196078431,4.11764705882,3.18181818182,2.69230769231,1.57648156274,0.382859808093,0.201680672269,2.01465221053,0.978545359402,0.524369747899,1.74894926439,0.849489642704,0.463865546218,0.814492905316,0.428238537847,2.33333333333,1.90196078431,0.814492905316,2.33333333333,0,0,0,0,0.164242424242,17,17,17,1,0,0.352941176471,0.411764705882,0.235294117647,17,38,0.139705882353,1.90992647059,4.47058823529,3.45454545455,2.71428571429,1.62471716996,0.36342357749,0.179566563467,2.07754096725,0.929426222189,0.501547987616,1.82103719638,0.814674535221,0.442724458204,0.833698985343,0.43650841966,2.375,1.90992647059,0.833698985343,2.375,0.146405228758,0.078431372549,4,0.00588235294118,0.183528138528,17,17,17,1,0,0.352941176471,0.470588235294,0.176470588235,1,0.00367647058824,0.0275735294118,0.117647058824,0.0909090909091,-0.131868131868,-0.0686956736295,-0.0256036973876,-0.0143921010794,-0.0211280787694,-0.0348271232775,-0.0167350012551,-0.0576356768785,-0.0484994876259,-0.0278637770898,0.0475014162503,0.0188409610794,0.125,0.0275735294118,0.0475014162503,0.125,-0.0199346405229,0.0172068827531,1,0.00147058823529,-0.00242424242424,0,0.0588235294118,-0.0588235294118,37,1,0,234,1,0.995744680851,0.00425531914894,0,0.973684210526,1,0.986666666667,0.984652666406,0.995744680851,0.973684210526,3,2,0,0,0,0
2382,WLNM_dir_neg,1,0.5,00:00:02,10,60,15,1984532188,threshold_sweep,0.6,0.666666666667,1,0.8,2,1,0,3,1,0.75,0.25,0,0.666666666667,1,0.8,0.833333333333,0.5,0.666666666667,0.707106781187,0.75,37,35,2,0,37,0,35,0,2,17,37,0.136029411765,1.88235294118,4.35294117647,3.36363636364,2.84615384615,1.69341284359,0.389027274878,0.193958664547,2.09866904602,0.964253345467,0.518282988871,1.87867287326,0.863174022847,0.470588235294,0.786197569093,0.41766745858,2.25,1.88235294118,0.786197569093,2.25,0.166339869281,0.0612244897959,3,0.00441176470588,0.185952380952,17,17,17,1,0,0.352941176471,0.411764705882,0.235294117647,17,0.128676470588,1.90196078431,4.11764705882,3.18181818182,2.69230769231,1.57648156274,0.382859808093,0.201680672269,2.01465221053,0.978545359402,0.524369747899,1.74894926439,0.849489642704,0.463865546218,0.814492905316,0.428238537847,2.33333333333,1.90196078431,0.814492905316,2.33333333333,0,0,0,0,0.164242424242,17,17,17,1,0,0.352941176471,0.411764705882,0.235294117647,17,38,0.139705882353,1.90992647059,4.47058823529,3.45454545455,2.71428571429,1.62471716996,0.36342357749,0.179566563467,2.07754096725,0.929426222189,0.501547987616,1.82103719638,0.814674535221,0.442724458204,0.833698985343,0.43650841966,2.375,1.90992647059,0.833698985343,2.375,0.146405228758,0.078431372549,4,0.00588235294118,0.183528138528,17,17,17,1,0,0.352941176471,0.470588235294,0.176470588235,1,0.00367647058824,0.0275735294118,0.117647058824,0.0909090909091,-0.131868131868,-0.0686956736295,-0.0256036973876,-0.0143921010794,-0.0211280787694,-0.0348271232775,-0.0167350012551,-0.0576356768785,-0.0484994876259,-0.0278637770898,0.0475014162503,0.0188409610794,0.125,0.0275735294118,0.0475014162503,0.125,-0.0199346405229,0.0172068827531,1,0.00147058823529,-0.00242424242424,0,0.0588235294118,-0.0588235294118,37,1,0,234,1,0.995744680851,0.00425531914894,0,0.973684210526,1,0.986666666667,0.984652666406,0.995744680851,0.973684210526,3,2,0,0,0,0
2383,WLNM_dir_neg,1,0.5,00:00:02,10,60,15,1984532188,threshold_sweep,0.7,0.666666666667,1,0.8,2,1,0,3,1,0.75,0.25,0,0.666666666667,1,0.8,0.833333333333,0.5,0.666666666667,0.707106781187,0.75,37,35,2,0,37,0,35,0,2,17,37,0.136029411765,1.88235294118,4.35294117647,3.36363636364,2.84615384615,1.69341284359,0.389027274878,0.193958664547,2.09866904602,0.964253345467,0.518282988871,1.87867287326,0.863174022847,0.470588235294,0.786197569093,0.41766745858,2.25,1.88235294118,0.786197569093,2.25,0.166339869281,0.0612244897959,3,0.00441176470588,0.185952380952,17,17,17,1,0,0.352941176471,0.411764705882,0.235294117647,17,0.128676470588,1.90196078431,4.11764705882,3.18181818182,2.69230769231,1.57648156274,0.382859808093,0.201680672269,2.01465221053,0.978545359402,0.524369747899,1.74894926439,0.849489642704,0.463865546218,0.814492905316,0.428238537847,2.33333333333,1.90196078431,0.814492905316,2.33333333333,0,0,0,0,0.164242424242,17,17,17,1,0,0.352941176471,0.411764705882,0.235294117647,17,38,0.139705882353,1.90992647059,4.47058823529,3.45454545455,2.71428571429,1.62471716996,0.36342357749,0.179566563467,2.07754096725,0.929426222189,0.501547987616,1.82103719638,0.814674535221,0.442724458204,0.833698985343,0.43650841966,2.375,1.90992647059,0.833698985343,2.375,0.146405228758,0.078431372549,4,0.00588235294118,0.183528138528,17,17,17,1,0,0.352941176471,0.470588235294,0.176470588235,1,0.00367647058824,0.0275735294118,0.117647058824,0.0909090909091,-0.131868131868,-0.0686956736295,-0.0256036973876,-0.0143921010794,-0.0211280787694,-0.0348271232775,-0.0167350012551,-0.0576356768785,-0.0484994876259,-0.0278637770898,0.0475014162503,0.0188409610794,0.125,0.0275735294118,0.0475014162503,0.125,-0.0199346405229,0.0172068827531,1,0.00147058823529,-0.00242424242424,0,0.0588235294118,-0.0588235294118,37,1,0,234,1,0.995744680851,0.00425531914894,0,0.973684210526,1,0.986666666667,0.984652666406,0.995744680851,0.973684210526,3,2,0,0,0,0
2384,WLNM_dir_neg,1,0.5,00:00:02,10,60,15,1984532188,threshold_sweep,0.8,0.666666666667,1,0.8,2,1,0,3,1,0.75,0.25,0,0.666666666667,1,0.8,0.833333333333,0.5,0.666666666667,0.707106781187,0.75,37,35,2,0,37,0,35,0,2,17,37,0.136029411765,1.88235294118,4.35294117647,3.36363636364,2.84615384615,1.69341284359,0.389027274878,0.193958664547,2.09866904602,0.964253345467,0.518282988871,1.87867287326,0.863174022847,0.470588235294,0.786197569093,0.41766745858,2.25,1.88235294118,0.786197569093,2.25,0.166339869281,0.0612244897959,3,0.00441176470588,0.185952380952,17,17,17,1,0,0.352941176471,0.411764705882,0.235294117647,17,0.128676470588,1.90196078431,4.11764705882,3.18181818182,2.69230769231,1.57648156274,0.382859808093,0.201680672269,2.01465221053,0.978545359402,0.524369747899,1.74894926439,0.849489642704,0.463865546218,0.814492905316,0.428238537847,2.33333333333,1.90196078431,0.814492905316,2.33333333333,0,0,0,0,0.164242424242,17,17,17,1,0,0.352941176471,0.411764705882,0.235294117647,17,38,0.139705882353,1.90992647059,4.47058823529,3.45454545455,2.71428571429,1.62471716996,0.36342357749,0.179566563467,2.07754096725,0.929426222189,0.501547987616,1.82103719638,0.814674535221,0.442724458204,0.833698985343,0.43650841966,2.375,1.90992647059,0.833698985343,2.375,0.146405228758,0.078431372549,4,0.00588235294118,0.183528138528,17,17,17,1,0,0.352941176471,0.470588235294,0.176470588235,1,0.00367647058824,0.0275735294118,0.117647058824,0.0909090909091,-0.131868131868,-0.0686956736295,-0.0256036973876,-0.0143921010794,-0.0211280787694,-0.0348271232775,-0.0167350012551,-0.0576356768785,-0.0484994876259,-0.0278637770898,0.0475014162503,0.0188409610794,0.125,0.0275735294118,0.0475014162503,0.125,-0.0199346405229,0.0172068827531,1,0.00147058823529,-0.00242424242424,0,0.0588235294118,-0.0588235294118,37,1,0,234,1,0.995744680851,0.00425531914894,0,0.973684210526,1,0.986666666667,0.984652666406,0.995744680851,0.973684210526,3,2,0,0,0,0
2385,WLNM_dir_neg,1,0.5,00:00:02,10,60,15,1984532188,threshold_sweep,0.9,1,1,1,2,0,0,4,1,1,0,0,1,1,1,1,0.555555555556,1,1,1,37,35,2,0,37,0,35,0,2,17,37,0.136029411765,1.88235294118,4.35294117647,3.36363636364,2.84615384615,1.69341284359,0.389027274878,0.193958664547,2.09866904602,0.964253345467,0.518282988871,1.87867287326,0.863174022847,0.470588235294,0.786197569093,0.41766745858,2.25,1.88235294118,0.786197569093,2.25,0.166339869281,0.0612244897959,3,0.00441176470588,0.185952380952,17,17,17,1,0,0.352941176471,0.411764705882,0.235294117647,17,0.128676470588,1.90196078431,4.11764705882,3.18181818182,2.69230769231,1.57648156274,0.382859808093,0.201680672269,2.01465221053,0.978545359402,0.524369747899,1.74894926439,0.849489642704,0.463865546218,0.814492905316,0.428238537847,2.33333333333,1.90196078431,0.814492905316,2.33333333333,0,0,0,0,0.164242424242,17,17,17,1,0,0.352941176471,0.411764705882,0.235294117647,17,37,0.136029411765,1.88235294118,4.35294117647,3.36363636364,2.84615384615,1.69341284359,0.389027274878,0.193958664547,2.09866904602,0.964253345467,0.518282988871,1.87867287326,0.863174022847,0.470588235294,0.786197569093,0.41766745858,2.25,1.88235294118,0.786197569093,2.25,0.166339869281,0.0612244897959,3,0.00441176470588,0.185952380952,17,17,17,1,0,0.352941176471,0.411764705882,0.235294117647,0,0,0,0,0,0,0,0,0,0,0,0,0,0,0,0,0,0,0,0,0,0,0,0,0,0,0,0,0,37,0,0,235,1,1,0,0,1,1,1,1,1,1,2,2,0,0,0,0
2386,WLNM_dir_neg,1,0.5,00:00:01,10,60,16,1984532189,threshold_sweep,0.1,1,1,1,2,0,0,4,1,1,0,0,1,1,1,1,0.555555555556,1,1,1,37,35,2,0,37,0,35,0,2,17,37,0.136029411765,1.88235294118,4.35294117647,3.36363636364,2.84615384615,1.69341284359,0.389027274878,0.193958664547,2.09866904602,0.964253345467,0.518282988871,1.87867287326,0.863174022847,0.470588235294,0.786197569093,0.41766745858,2.25,1.88235294118,0.786197569093,2.25,0.166339869281,0.0612244897959,3,0.00441176470588,0.185952380952,17,17,17,1,0,0.352941176471,0.411764705882,0.235294117647,17,0.128676470588,1.90196078431,4.11764705882,3.18181818182,2.69230769231,1.57648156274,0.382859808093,0.201680672269,2.01465221053,0.978545359402,0.524369747899,1.74894926439,0.849489642704,0.463865546218,0.814492905316,0.428238537847,2.33333333333,1.90196078431,0.814492905316,2.33333333333,0,0,0,0,0.164242424242,17,17,17,1,0,0.352941176471,0.411764705882,0.235294117647,17,37,0.136029411765,1.88235294118,4.35294117647,3.36363636364,2.84615384615,1.69341284359,0.389027274878,0.193958664547,2.09866904602,0.964253345467,0.518282988871,1.87867287326,0.863174022847,0.470588235294,0.786197569093,0.41766745858,2.25,1.88235294118,0.786197569093,2.25,0.166339869281,0.0612244897959,3,0.00441176470588,0.185952380952,17,17,17,1,0,0.352941176471,0.411764705882,0.235294117647,0,0,0,0,0,0,0,0,0,0,0,0,0,0,0,0,0,0,0,0,0,0,0,0,0,0,0,0,0,37,0,0,235,1,1,0,0,1,1,1,1,1,1,2,2,0,0,0,0
2387,WLNM_dir_neg,1,0.5,00:00:01,10,60,16,1984532189,threshold_sweep,0.2,1,1,1,2,0,0,4,1,1,0,0,1,1,1,1,0.555555555556,1,1,1,37,35,2,0,37,0,35,0,2,17,37,0.136029411765,1.88235294118,4.35294117647,3.36363636364,2.84615384615,1.69341284359,0.389027274878,0.193958664547,2.09866904602,0.964253345467,0.518282988871,1.87867287326,0.863174022847,0.470588235294,0.786197569093,0.41766745858,2.25,1.88235294118,0.786197569093,2.25,0.166339869281,0.0612244897959,3,0.00441176470588,0.185952380952,17,17,17,1,0,0.352941176471,0.411764705882,0.235294117647,17,0.128676470588,1.90196078431,4.11764705882,3.18181818182,2.69230769231,1.57648156274,0.382859808093,0.201680672269,2.01465221053,0.978545359402,0.524369747899,1.74894926439,0.849489642704,0.463865546218,0.814492905316,0.428238537847,2.33333333333,1.90196078431,0.814492905316,2.33333333333,0,0,0,0,0.164242424242,17,17,17,1,0,0.352941176471,0.411764705882,0.235294117647,17,37,0.136029411765,1.88235294118,4.35294117647,3.36363636364,2.84615384615,1.69341284359,0.389027274878,0.193958664547,2.09866904602,0.964253345467,0.518282988871,1.87867287326,0.863174022847,0.470588235294,0.786197569093,0.41766745858,2.25,1.88235294118,0.786197569093,2.25,0.166339869281,0.0612244897959,3,0.00441176470588,0.185952380952,17,17,17,1,0,0.352941176471,0.411764705882,0.235294117647,0,0,0,0,0,0,0,0,0,0,0,0,0,0,0,0,0,0,0,0,0,0,0,0,0,0,0,0,0,37,0,0,235,1,1,0,0,1,1,1,1,1,1,2,2,0,0,0,0
2388,WLNM_dir_neg,1,0.5,00:00:01,10,60,16,1984532189,threshold_sweep,0.3,1,1,1,2,0,0,4,1,1,0,0,1,1,1,1,0.555555555556,1,1,1,37,35,2,0,37,0,35,0,2,17,37,0.136029411765,1.88235294118,4.35294117647,3.36363636364,2.84615384615,1.69341284359,0.389027274878,0.193958664547,2.09866904602,0.964253345467,0.518282988871,1.87867287326,0.863174022847,0.470588235294,0.786197569093,0.41766745858,2.25,1.88235294118,0.786197569093,2.25,0.166339869281,0.0612244897959,3,0.00441176470588,0.185952380952,17,17,17,1,0,0.352941176471,0.411764705882,0.235294117647,17,0.128676470588,1.90196078431,4.11764705882,3.18181818182,2.69230769231,1.57648156274,0.382859808093,0.201680672269,2.01465221053,0.978545359402,0.524369747899,1.74894926439,0.849489642704,0.463865546218,0.814492905316,0.428238537847,2.33333333333,1.90196078431,0.814492905316,2.33333333333,0,0,0,0,0.164242424242,17,17,17,1,0,0.352941176471,0.411764705882,0.235294117647,17,37,0.136029411765,1.88235294118,4.35294117647,3.36363636364,2.84615384615,1.69341284359,0.389027274878,0.193958664547,2.09866904602,0.964253345467,0.518282988871,1.87867287326,0.863174022847,0.470588235294,0.786197569093,0.41766745858,2.25,1.88235294118,0.786197569093,2.25,0.166339869281,0.0612244897959,3,0.00441176470588,0.185952380952,17,17,17,1,0,0.352941176471,0.411764705882,0.235294117647,0,0,0,0,0,0,0,0,0,0,0,0,0,0,0,0,0,0,0,0,0,0,0,0,0,0,0,0,0,37,0,0,235,1,1,0,0,1,1,1,1,1,1,2,2,0,0,0,0
2389,WLNM_dir_neg,1,0.5,00:00:01,10,60,16,1984532189,threshold_sweep,0.4,1,1,1,2,0,0,4,1,1,0,0,1,1,1,1,0.555555555556,1,1,1,37,35,2,0,37,0,35,0,2,17,37,0.136029411765,1.88235294118,4.35294117647,3.36363636364,2.84615384615,1.69341284359,0.389027274878,0.193958664547,2.09866904602,0.964253345467,0.518282988871,1.87867287326,0.863174022847,0.470588235294,0.786197569093,0.41766745858,2.25,1.88235294118,0.786197569093,2.25,0.166339869281,0.0612244897959,3,0.00441176470588,0.185952380952,17,17,17,1,0,0.352941176471,0.411764705882,0.235294117647,17,0.128676470588,1.90196078431,4.11764705882,3.18181818182,2.69230769231,1.57648156274,0.382859808093,0.201680672269,2.01465221053,0.978545359402,0.524369747899,1.74894926439,0.849489642704,0.463865546218,0.814492905316,0.428238537847,2.33333333333,1.90196078431,0.814492905316,2.33333333333,0,0,0,0,0.164242424242,17,17,17,1,0,0.352941176471,0.411764705882,0.235294117647,17,37,0.136029411765,1.88235294118,4.35294117647,3.36363636364,2.84615384615,1.69341284359,0.389027274878,0.193958664547,2.09866904602,0.964253345467,0.518282988871,1.87867287326,0.863174022847,0.470588235294,0.786197569093,0.41766745858,2.25,1.88235294118,0.786197569093,2.25,0.166339869281,0.0612244897959,3,0.00441176470588,0.185952380952,17,17,17,1,0,0.352941176471,0.411764705882,0.235294117647,0,0,0,0,0,0,0,0,0,0,0,0,0,0,0,0,0,0,0,0,0,0,0,0,0,0,0,0,0,37,0,0,235,1,1,0,0,1,1,1,1,1,1,2,2,0,0,0,0
2390,WLNM_dir_neg,1,0.5,00:00:01,10,60,16,1984532189,threshold_sweep,0.5,1,1,1,2,0,0,4,1,1,0,0,1,1,1,1,0.555555555556,1,1,1,37,35,2,0,37,0,35,0,2,17,37,0.136029411765,1.88235294118,4.35294117647,3.36363636364,2.84615384615,1.69341284359,0.389027274878,0.193958664547,2.09866904602,0.964253345467,0.518282988871,1.87867287326,0.863174022847,0.470588235294,0.786197569093,0.41766745858,2.25,1.88235294118,0.786197569093,2.25,0.166339869281,0.0612244897959,3,0.00441176470588,0.185952380952,17,17,17,1,0,0.352941176471,0.411764705882,0.235294117647,17,0.128676470588,1.90196078431,4.11764705882,3.18181818182,2.69230769231,1.57648156274,0.382859808093,0.201680672269,2.01465221053,0.978545359402,0.524369747899,1.74894926439,0.849489642704,0.463865546218,0.814492905316,0.428238537847,2.33333333333,1.90196078431,0.814492905316,2.33333333333,0,0,0,0,0.164242424242,17,17,17,1,0,0.352941176471,0.411764705882,0.235294117647,17,37,0.136029411765,1.88235294118,4.35294117647,3.36363636364,2.84615384615,1.69341284359,0.389027274878,0.193958664547,2.09866904602,0.964253345467,0.518282988871,1.87867287326,0.863174022847,0.470588235294,0.786197569093,0.41766745858,2.25,1.88235294118,0.786197569093,2.25,0.166339869281,0.0612244897959,3,0.00441176470588,0.185952380952,17,17,17,1,0,0.352941176471,0.411764705882,0.235294117647,0,0,0,0,0,0,0,0,0,0,0,0,0,0,0,0,0,0,0,0,0,0,0,0,0,0,0,0,0,37,0,0,235,1,1,0,0,1,1,1,1,1,1,2,2,0,0,0,0
2391,WLNM_dir_neg,1,0.5,00:00:01,10,60,16,1984532189,threshold_sweep,0.6,1,1,1,2,0,0,4,1,1,0,0,1,1,1,1,0.555555555556,1,1,1,37,35,2,0,37,0,35,0,2,17,37,0.136029411765,1.88235294118,4.35294117647,3.36363636364,2.84615384615,1.69341284359,0.389027274878,0.193958664547,2.09866904602,0.964253345467,0.518282988871,1.87867287326,0.863174022847,0.470588235294,0.786197569093,0.41766745858,2.25,1.88235294118,0.786197569093,2.25,0.166339869281,0.0612244897959,3,0.00441176470588,0.185952380952,17,17,17,1,0,0.352941176471,0.411764705882,0.235294117647,17,0.128676470588,1.90196078431,4.11764705882,3.18181818182,2.69230769231,1.57648156274,0.382859808093,0.201680672269,2.01465221053,0.978545359402,0.524369747899,1.74894926439,0.849489642704,0.463865546218,0.814492905316,0.428238537847,2.33333333333,1.90196078431,0.814492905316,2.33333333333,0,0,0,0,0.164242424242,17,17,17,1,0,0.352941176471,0.411764705882,0.235294117647,17,37,0.136029411765,1.88235294118,4.35294117647,3.36363636364,2.84615384615,1.69341284359,0.389027274878,0.193958664547,2.09866904602,0.964253345467,0.518282988871,1.87867287326,0.863174022847,0.470588235294,0.786197569093,0.41766745858,2.25,1.88235294118,0.786197569093,2.25,0.166339869281,0.0612244897959,3,0.00441176470588,0.185952380952,17,17,17,1,0,0.352941176471,0.411764705882,0.235294117647,0,0,0,0,0,0,0,0,0,0,0,0,0,0,0,0,0,0,0,0,0,0,0,0,0,0,0,0,0,37,0,0,235,1,1,0,0,1,1,1,1,1,1,2,2,0,0,0,0
2392,WLNM_dir_neg,1,0.5,00:00:01,10,60,16,1984532189,threshold_sweep,0.7,1,1,1,2,0,0,4,1,1,0,0,1,1,1,1,0.555555555556,1,1,1,37,35,2,0,37,0,35,0,2,17,37,0.136029411765,1.88235294118,4.35294117647,3.36363636364,2.84615384615,1.69341284359,0.389027274878,0.193958664547,2.09866904602,0.964253345467,0.518282988871,1.87867287326,0.863174022847,0.470588235294,0.786197569093,0.41766745858,2.25,1.88235294118,0.786197569093,2.25,0.166339869281,0.0612244897959,3,0.00441176470588,0.185952380952,17,17,17,1,0,0.352941176471,0.411764705882,0.235294117647,17,0.128676470588,1.90196078431,4.11764705882,3.18181818182,2.69230769231,1.57648156274,0.382859808093,0.201680672269,2.01465221053,0.978545359402,0.524369747899,1.74894926439,0.849489642704,0.463865546218,0.814492905316,0.428238537847,2.33333333333,1.90196078431,0.814492905316,2.33333333333,0,0,0,0,0.164242424242,17,17,17,1,0,0.352941176471,0.411764705882,0.235294117647,17,37,0.136029411765,1.88235294118,4.35294117647,3.36363636364,2.84615384615,1.69341284359,0.389027274878,0.193958664547,2.09866904602,0.964253345467,0.518282988871,1.87867287326,0.863174022847,0.470588235294,0.786197569093,0.41766745858,2.25,1.88235294118,0.786197569093,2.25,0.166339869281,0.0612244897959,3,0.00441176470588,0.185952380952,17,17,17,1,0,0.352941176471,0.411764705882,0.235294117647,0,0,0,0,0,0,0,0,0,0,0,0,0,0,0,0,0,0,0,0,0,0,0,0,0,0,0,0,0,37,0,0,235,1,1,0,0,1,1,1,1,1,1,2,2,0,0,0,0
2393,WLNM_dir_neg,1,0.5,00:00:01,10,60,16,1984532189,threshold_sweep,0.8,1,0.5,0.666666666667,1,0,1,4,0.5,1,0,0.5,1,0.5,0.666666666667,0.833333333333,0.611111111111,0.571428571429,0.632455532034,0.5,37,35,2,0,37,0,35,0,2,17,37,0.136029411765,1.88235294118,4.35294117647,3.36363636364,2.84615384615,1.69341284359,0.389027274878,0.193958664547,2.09866904602,0.964253345467,0.518282988871,1.87867287326,0.863174022847,0.470588235294,0.786197569093,0.41766745858,2.25,1.88235294118,0.786197569093,2.25,0.166339869281,0.0612244897959,3,0.00441176470588,0.185952380952,17,17,17,1,0,0.352941176471,0.411764705882,0.235294117647,17,0.128676470588,1.90196078431,4.11764705882,3.18181818182,2.69230769231,1.57648156274,0.382859808093,0.201680672269,2.01465221053,0.978545359402,0.524369747899,1.74894926439,0.849489642704,0.463865546218,0.814492905316,0.428238537847,2.33333333333,1.90196078431,0.814492905316,2.33333333333,0,0,0,0,0.164242424242,17,17,17,1,0,0.352941176471,0.411764705882,0.235294117647,17,36,0.132352941176,1.89705882353,4.23529411765,3.27272727273,2.76923076923,1.71498585143,0.40492721492,0.204248366013,2.05798302171,0.971825315808,0.522875816993,1.79869233546,0.849382491746,0.464052287582,0.805541469338,0.424626510969,2.25,1.89705882353,0.805541469338,2.25,0.0702614379085,0.0214285714286,1,0.00147058823529,0.175454545455,17,17,17,1,0,0.352941176471,0.411764705882,0.235294117647,-1,-0.00367647058824,0.0147058823529,-0.117647058824,-0.0909090909091,-0.0769230769231,0.0215730078386,0.0158999400418,0.0102897014662,-0.0406860243059,0.00757197034072,0.00459282812224,-0.0799805377942,-0.0137915311015,-0.00653594771242,0.0193439002456,0.00695905238854,0,0.0147058823529,0.0193439002456,0,-0.0960784313725,-0.0397959183673,-2,-0.00294117647059,-0.0104978354978,0,0,0,36,0,1,235,0.972972972973,1,0,0.027027027027,1,0.972972972973,0.986301369863,0.984301887704,0.972972972973,0.972972972973,1,2,0,0,0,0
2394,WLNM_dir_neg,1,0.5,00:00:01,10,60,16,1984532189,threshold_sweep,0.9,1,0.5,0.666666666667,1,0,1,4,0.5,1,0,0.5,1,0.5,0.666666666667,0.833333333333,0.611111111111,0.571428571429,0.632455532034,0.5,37,35,2,0,37,0,35,0,2,17,37,0.136029411765,1.88235294118,4.35294117647,3.36363636364,2.84615384615,1.69341284359,0.389027274878,0.193958664547,2.09866904602,0.964253345467,0.518282988871,1.87867287326,0.863174022847,0.470588235294,0.786197569093,0.41766745858,2.25,1.88235294118,0.786197569093,2.25,0.166339869281,0.0612244897959,3,0.00441176470588,0.185952380952,17,17,17,1,0,0.352941176471,0.411764705882,0.235294117647,17,0.128676470588,1.90196078431,4.11764705882,3.18181818182,2.69230769231,1.57648156274,0.382859808093,0.201680672269,2.01465221053,0.978545359402,0.524369747899,1.74894926439,0.849489642704,0.463865546218,0.814492905316,0.428238537847,2.33333333333,1.90196078431,0.814492905316,2.33333333333,0,0,0,0,0.164242424242,17,17,17,1,0,0.352941176471,0.411764705882,0.235294117647,17,36,0.132352941176,1.89705882353,4.23529411765,3.27272727273,2.76923076923,1.71498585143,0.40492721492,0.204248366013,2.05798302171,0.971825315808,0.522875816993,1.79869233546,0.849382491746,0.464052287582,0.805541469338,0.424626510969,2.25,1.89705882353,0.805541469338,2.25,0.0702614379085,0.0214285714286,1,0.00147058823529,0.175454545455,17,17,17,1,0,0.352941176471,0.411764705882,0.235294117647,-1,-0.00367647058824,0.0147058823529,-0.117647058824,-0.0909090909091,-0.0769230769231,0.0215730078386,0.0158999400418,0.0102897014662,-0.0406860243059,0.00757197034072,0.00459282812224,-0.0799805377942,-0.0137915311015,-0.00653594771242,0.0193439002456,0.00695905238854,0,0.0147058823529,0.0193439002456,0,-0.0960784313725,-0.0397959183673,-2,-0.00294117647059,-0.0104978354978,0,0,0,36,0,1,235,0.972972972973,1,0,0.027027027027,1,0.972972972973,0.986301369863,0.984301887704,0.972972972973,0.972972972973,1,2,0,0,0,0
2395,WLNM_dir_neg,1,0.5,00:00:02,10,60,17,1984532190,threshold_sweep,0.1,1,0.5,0.666666666667,1,0,1,4,0.5,1,0,0.5,1,0.5,0.666666666667,0.833333333333,0.611111111111,0.571428571429,0.632455532034,0.5,37,35,2,0,37,0,35,0,2,17,37,0.136029411765,1.88235294118,4.35294117647,3.36363636364,2.84615384615,1.69341284359,0.389027274878,0.193958664547,2.09866904602,0.964253345467,0.518282988871,1.87867287326,0.863174022847,0.470588235294,0.786197569093,0.41766745858,2.25,1.88235294118,0.786197569093,2.25,0.166339869281,0.0612244897959,3,0.00441176470588,0.185952380952,17,17,17,1,0,0.352941176471,0.411764705882,0.235294117647,17,0.128676470588,1.90196078431,4.11764705882,3.18181818182,2.69230769231,1.57648156274,0.382859808093,0.201680672269,2.01465221053,0.978545359402,0.524369747899,1.74894926439,0.849489642704,0.463865546218,0.814492905316,0.428238537847,2.33333333333,1.90196078431,0.814492905316,2.33333333333,0,0,0,0,0.164242424242,17,17,17,1,0,0.352941176471,0.411764705882,0.235294117647,17,36,0.132352941176,1.89705882353,4.23529411765,3.27272727273,2.76923076923,1.71498585143,0.40492721492,0.204248366013,2.05798302171,0.971825315808,0.522875816993,1.79869233546,0.849382491746,0.464052287582,0.805541469338,0.424626510969,2.25,1.89705882353,0.805541469338,2.25,0.0702614379085,0.0214285714286,1,0.00147058823529,0.175454545455,17,17,17,1,0,0.352941176471,0.411764705882,0.235294117647,-1,-0.00367647058824,0.0147058823529,-0.117647058824,-0.0909090909091,-0.0769230769231,0.0215730078386,0.0158999400418,0.0102897014662,-0.0406860243059,0.00757197034072,0.00459282812224,-0.0799805377942,-0.0137915311015,-0.00653594771242,0.0193439002456,0.00695905238854,0,0.0147058823529,0.0193439002456,0,-0.0960784313725,-0.0397959183673,-2,-0.00294117647059,-0.0104978354978,0,0,0,36,0,1,235,0.972972972973,1,0,0.027027027027,1,0.972972972973,0.986301369863,0.984301887704,0.972972972973,0.972972972973,1,2,0,0,0,0
2396,WLNM_dir_neg,1,0.5,00:00:02,10,60,17,1984532190,threshold_sweep,0.2,1,0.5,0.666666666667,1,0,1,4,0.5,1,0,0.5,1,0.5,0.666666666667,0.833333333333,0.611111111111,0.571428571429,0.632455532034,0.5,37,35,2,0,37,0,35,0,2,17,37,0.136029411765,1.88235294118,4.35294117647,3.36363636364,2.84615384615,1.69341284359,0.389027274878,0.193958664547,2.09866904602,0.964253345467,0.518282988871,1.87867287326,0.863174022847,0.470588235294,0.786197569093,0.41766745858,2.25,1.88235294118,0.786197569093,2.25,0.166339869281,0.0612244897959,3,0.00441176470588,0.185952380952,17,17,17,1,0,0.352941176471,0.411764705882,0.235294117647,17,0.128676470588,1.90196078431,4.11764705882,3.18181818182,2.69230769231,1.57648156274,0.382859808093,0.201680672269,2.01465221053,0.978545359402,0.524369747899,1.74894926439,0.849489642704,0.463865546218,0.814492905316,0.428238537847,2.33333333333,1.90196078431,0.814492905316,2.33333333333,0,0,0,0,0.164242424242,17,17,17,1,0,0.352941176471,0.411764705882,0.235294117647,17,36,0.132352941176,1.89705882353,4.23529411765,3.27272727273,2.76923076923,1.71498585143,0.40492721492,0.204248366013,2.05798302171,0.971825315808,0.522875816993,1.79869233546,0.849382491746,0.464052287582,0.805541469338,0.424626510969,2.25,1.89705882353,0.805541469338,2.25,0.0702614379085,0.0214285714286,1,0.00147058823529,0.175454545455,17,17,17,1,0,0.352941176471,0.411764705882,0.235294117647,-1,-0.00367647058824,0.0147058823529,-0.117647058824,-0.0909090909091,-0.0769230769231,0.0215730078386,0.0158999400418,0.0102897014662,-0.0406860243059,0.00757197034072,0.00459282812224,-0.0799805377942,-0.0137915311015,-0.00653594771242,0.0193439002456,0.00695905238854,0,0.0147058823529,0.0193439002456,0,-0.0960784313725,-0.0397959183673,-2,-0.00294117647059,-0.0104978354978,0,0,0,36,0,1,235,0.972972972973,1,0,0.027027027027,1,0.972972972973,0.986301369863,0.984301887704,0.972972972973,0.972972972973,1,2,0,0,0,0
2397,WLNM_dir_neg,1,0.5,00:00:02,10,60,17,1984532190,threshold_sweep,0.3,1,0.5,0.666666666667,1,0,1,4,0.5,1,0,0.5,1,0.5,0.666666666667,0.833333333333,0.611111111111,0.571428571429,0.632455532034,0.5,37,35,2,0,37,0,35,0,2,17,37,0.136029411765,1.88235294118,4.35294117647,3.36363636364,2.84615384615,1.69341284359,0.389027274878,0.193958664547,2.09866904602,0.964253345467,0.518282988871,1.87867287326,0.863174022847,0.470588235294,0.786197569093,0.41766745858,2.25,1.88235294118,0.786197569093,2.25,0.166339869281,0.0612244897959,3,0.00441176470588,0.185952380952,17,17,17,1,0,0.352941176471,0.411764705882,0.235294117647,17,0.128676470588,1.90196078431,4.11764705882,3.18181818182,2.69230769231,1.57648156274,0.382859808093,0.201680672269,2.01465221053,0.978545359402,0.524369747899,1.74894926439,0.849489642704,0.463865546218,0.814492905316,0.428238537847,2.33333333333,1.90196078431,0.814492905316,2.33333333333,0,0,0,0,0.164242424242,17,17,17,1,0,0.352941176471,0.411764705882,0.235294117647,17,36,0.132352941176,1.89705882353,4.23529411765,3.27272727273,2.76923076923,1.71498585143,0.40492721492,0.204248366013,2.05798302171,0.971825315808,0.522875816993,1.79869233546,0.849382491746,0.464052287582,0.805541469338,0.424626510969,2.25,1.89705882353,0.805541469338,2.25,0.0702614379085,0.0214285714286,1,0.00147058823529,0.175454545455,17,17,17,1,0,0.352941176471,0.411764705882,0.235294117647,-1,-0.00367647058824,0.0147058823529,-0.117647058824,-0.0909090909091,-0.0769230769231,0.0215730078386,0.0158999400418,0.0102897014662,-0.0406860243059,0.00757197034072,0.00459282812224,-0.0799805377942,-0.0137915311015,-0.00653594771242,0.0193439002456,0.00695905238854,0,0.0147058823529,0.0193439002456,0,-0.0960784313725,-0.0397959183673,-2,-0.00294117647059,-0.0104978354978,0,0,0,36,0,1,235,0.972972972973,1,0,0.027027027027,1,0.972972972973,0.986301369863,0.984301887704,0.972972972973,0.972972972973,1,2,0,0,0,0
2398,WLNM_dir_neg,1,0.5,00:00:02,10,60,17,1984532190,threshold_sweep,0.4,1,0.5,0.666666666667,1,0,1,4,0.5,1,0,0.5,1,0.5,0.666666666667,0.833333333333,0.611111111111,0.571428571429,0.632455532034,0.5,37,35,2,0,37,0,35,0,2,17,37,0.136029411765,1.88235294118,4.35294117647,3.36363636364,2.84615384615,1.69341284359,0.389027274878,0.193958664547,2.09866904602,0.964253345467,0.518282988871,1.87867287326,0.863174022847,0.470588235294,0.786197569093,0.41766745858,2.25,1.88235294118,0.786197569093,2.25,0.166339869281,0.0612244897959,3,0.00441176470588,0.185952380952,17,17,17,1,0,0.352941176471,0.411764705882,0.235294117647,17,0.128676470588,1.90196078431,4.11764705882,3.18181818182,2.69230769231,1.57648156274,0.382859808093,0.201680672269,2.01465221053,0.978545359402,0.524369747899,1.74894926439,0.849489642704,0.463865546218,0.814492905316,0.428238537847,2.33333333333,1.90196078431,0.814492905316,2.33333333333,0,0,0,0,0.164242424242,17,17,17,1,0,0.352941176471,0.411764705882,0.235294117647,17,36,0.132352941176,1.89705882353,4.23529411765,3.27272727273,2.76923076923,1.71498585143,0.40492721492,0.204248366013,2.05798302171,0.971825315808,0.522875816993,1.79869233546,0.849382491746,0.464052287582,0.805541469338,0.424626510969,2.25,1.89705882353,0.805541469338,2.25,0.0702614379085,0.0214285714286,1,0.00147058823529,0.175454545455,17,17,17,1,0,0.352941176471,0.411764705882,0.235294117647,-1,-0.00367647058824,0.0147058823529,-0.117647058824,-0.0909090909091,-0.0769230769231,0.0215730078386,0.0158999400418,0.0102897014662,-0.0406860243059,0.00757197034072,0.00459282812224,-0.0799805377942,-0.0137915311015,-0.00653594771242,0.0193439002456,0.00695905238854,0,0.0147058823529,0.0193439002456,0,-0.0960784313725,-0.0397959183673,-2,-0.00294117647059,-0.0104978354978,0,0,0,36,0,1,235,0.972972972973,1,0,0.027027027027,1,0.972972972973,0.986301369863,0.984301887704,0.972972972973,0.972972972973,1,2,0,0,0,0
2399,WLNM_dir_neg,1,0.5,00:00:02,10,60,17,1984532190,threshold_sweep,0.5,1,0.5,0.666666666667,1,0,1,4,0.5,1,0,0.5,1,0.5,0.666666666667,0.833333333333,0.611111111111,0.571428571429,0.632455532034,0.5,37,35,2,0,37,0,35,0,2,17,37,0.136029411765,1.88235294118,4.35294117647,3.36363636364,2.84615384615,1.69341284359,0.389027274878,0.193958664547,2.09866904602,0.964253345467,0.518282988871,1.87867287326,0.863174022847,0.470588235294,0.786197569093,0.41766745858,2.25,1.88235294118,0.786197569093,2.25,0.166339869281,0.0612244897959,3,0.00441176470588,0.185952380952,17,17,17,1,0,0.352941176471,0.411764705882,0.235294117647,17,0.128676470588,1.90196078431,4.11764705882,3.18181818182,2.69230769231,1.57648156274,0.382859808093,0.201680672269,2.01465221053,0.978545359402,0.524369747899,1.74894926439,0.849489642704,0.463865546218,0.814492905316,0.428238537847,2.33333333333,1.90196078431,0.814492905316,2.33333333333,0,0,0,0,0.164242424242,17,17,17,1,0,0.352941176471,0.411764705882,0.235294117647,17,36,0.132352941176,1.89705882353,4.23529411765,3.27272727273,2.76923076923,1.71498585143,0.40492721492,0.204248366013,2.05798302171,0.971825315808,0.522875816993,1.79869233546,0.849382491746,0.464052287582,0.805541469338,0.424626510969,2.25,1.89705882353,0.805541469338,2.25,0.0702614379085,0.0214285714286,1,0.00147058823529,0.175454545455,17,17,17,1,0,0.352941176471,0.411764705882,0.235294117647,-1,-0.00367647058824,0.0147058823529,-0.117647058824,-0.0909090909091,-0.0769230769231,0.0215730078386,0.0158999400418,0.0102897014662,-0.0406860243059,0.00757197034072,0.00459282812224,-0.0799805377942,-0.0137915311015,-0.00653594771242,0.0193439002456,0.00695905238854,0,0.0147058823529,0.0193439002456,0,-0.0960784313725,-0.0397959183673,-2,-0.00294117647059,-0.0104978354978,0,0,0,36,0,1,235,0.972972972973,1,0,0.027027027027,1,0.972972972973,0.986301369863,0.984301887704,0.972972972973,0.972972972973,1,2,0,0,0,0
2400,WLNM_dir_neg,1,0.5,00:00:02,10,60,17,1984532190,threshold_sweep,0.6,1,0.5,0.666666666667,1,0,1,4,0.5,1,0,0.5,1,0.5,0.666666666667,0.833333333333,0.611111111111,0.571428571429,0.632455532034,0.5,37,35,2,0,37,0,35,0,2,17,37,0.136029411765,1.88235294118,4.35294117647,3.36363636364,2.84615384615,1.69341284359,0.389027274878,0.193958664547,2.09866904602,0.964253345467,0.518282988871,1.87867287326,0.863174022847,0.470588235294,0.786197569093,0.41766745858,2.25,1.88235294118,0.786197569093,2.25,0.166339869281,0.0612244897959,3,0.00441176470588,0.185952380952,17,17,17,1,0,0.352941176471,0.411764705882,0.235294117647,17,0.128676470588,1.90196078431,4.11764705882,3.18181818182,2.69230769231,1.57648156274,0.382859808093,0.201680672269,2.01465221053,0.978545359402,0.524369747899,1.74894926439,0.849489642704,0.463865546218,0.814492905316,0.428238537847,2.33333333333,1.90196078431,0.814492905316,2.33333333333,0,0,0,0,0.164242424242,17,17,17,1,0,0.352941176471,0.411764705882,0.235294117647,17,36,0.132352941176,1.89705882353,4.23529411765,3.27272727273,2.76923076923,1.71498585143,0.40492721492,0.204248366013,2.05798302171,0.971825315808,0.522875816993,1.79869233546,0.849382491746,0.464052287582,0.805541469338,0.424626510969,2.25,1.89705882353,0.805541469338,2.25,0.0702614379085,0.0214285714286,1,0.00147058823529,0.175454545455,17,17,17,1,0,0.352941176471,0.411764705882,0.235294117647,-1,-0.00367647058824,0.0147058823529,-0.117647058824,-0.0909090909091,-0.0769230769231,0.0215730078386,0.0158999400418,0.0102897014662,-0.0406860243059,0.00757197034072,0.00459282812224,-0.0799805377942,-0.0137915311015,-0.00653594771242,0.0193439002456,0.00695905238854,0,0.0147058823529,0.0193439002456,0,-0.0960784313725,-0.0397959183673,-2,-0.00294117647059,-0.0104978354978,0,0,0,36,0,1,235,0.972972972973,1,0,0.027027027027,1,0.972972972973,0.986301369863,0.984301887704,0.972972972973,0.972972972973,1,2,0,0,0,0
2401,WLNM_dir_neg,1,0.5,00:00:02,10,60,17,1984532190,threshold_sweep,0.7,1,0.5,0.666666666667,1,0,1,4,0.5,1,0,0.5,1,0.5,0.666666666667,0.833333333333,0.611111111111,0.571428571429,0.632455532034,0.5,37,35,2,0,37,0,35,0,2,17,37,0.136029411765,1.88235294118,4.35294117647,3.36363636364,2.84615384615,1.69341284359,0.389027274878,0.193958664547,2.09866904602,0.964253345467,0.518282988871,1.87867287326,0.863174022847,0.470588235294,0.786197569093,0.41766745858,2.25,1.88235294118,0.786197569093,2.25,0.166339869281,0.0612244897959,3,0.00441176470588,0.185952380952,17,17,17,1,0,0.352941176471,0.411764705882,0.235294117647,17,0.128676470588,1.90196078431,4.11764705882,3.18181818182,2.69230769231,1.57648156274,0.382859808093,0.201680672269,2.01465221053,0.978545359402,0.524369747899,1.74894926439,0.849489642704,0.463865546218,0.814492905316,0.428238537847,2.33333333333,1.90196078431,0.814492905316,2.33333333333,0,0,0,0,0.164242424242,17,17,17,1,0,0.352941176471,0.411764705882,0.235294117647,17,36,0.132352941176,1.89705882353,4.23529411765,3.27272727273,2.76923076923,1.71498585143,0.40492721492,0.204248366013,2.05798302171,0.971825315808,0.522875816993,1.79869233546,0.849382491746,0.464052287582,0.805541469338,0.424626510969,2.25,1.89705882353,0.805541469338,2.25,0.0702614379085,0.0214285714286,1,0.00147058823529,0.175454545455,17,17,17,1,0,0.352941176471,0.411764705882,0.235294117647,-1,-0.00367647058824,0.0147058823529,-0.117647058824,-0.0909090909091,-0.0769230769231,0.0215730078386,0.0158999400418,0.0102897014662,-0.0406860243059,0.00757197034072,0.00459282812224,-0.0799805377942,-0.0137915311015,-0.00653594771242,0.0193439002456,0.00695905238854,0,0.0147058823529,0.0193439002456,0,-0.0960784313725,-0.0397959183673,-2,-0.00294117647059,-0.0104978354978,0,0,0,36,0,1,235,0.972972972973,1,0,0.027027027027,1,0.972972972973,0.986301369863,0.984301887704,0.972972972973,0.972972972973,1,2,0,0,0,0
2402,WLNM_dir_neg,1,0.5,00:00:02,10,60,17,1984532190,threshold_sweep,0.8,1,0.5,0.666666666667,1,0,1,4,0.5,1,0,0.5,1,0.5,0.666666666667,0.833333333333,0.611111111111,0.571428571429,0.632455532034,0.5,37,35,2,0,37,0,35,0,2,17,37,0.136029411765,1.88235294118,4.35294117647,3.36363636364,2.84615384615,1.69341284359,0.389027274878,0.193958664547,2.09866904602,0.964253345467,0.518282988871,1.87867287326,0.863174022847,0.470588235294,0.786197569093,0.41766745858,2.25,1.88235294118,0.786197569093,2.25,0.166339869281,0.0612244897959,3,0.00441176470588,0.185952380952,17,17,17,1,0,0.352941176471,0.411764705882,0.235294117647,17,0.128676470588,1.90196078431,4.11764705882,3.18181818182,2.69230769231,1.57648156274,0.382859808093,0.201680672269,2.01465221053,0.978545359402,0.524369747899,1.74894926439,0.849489642704,0.463865546218,0.814492905316,0.428238537847,2.33333333333,1.90196078431,0.814492905316,2.33333333333,0,0,0,0,0.164242424242,17,17,17,1,0,0.352941176471,0.411764705882,0.235294117647,17,36,0.132352941176,1.89705882353,4.23529411765,3.27272727273,2.76923076923,1.71498585143,0.40492721492,0.204248366013,2.05798302171,0.971825315808,0.522875816993,1.79869233546,0.849382491746,0.464052287582,0.805541469338,0.424626510969,2.25,1.89705882353,0.805541469338,2.25,0.0702614379085,0.0214285714286,1,0.00147058823529,0.175454545455,17,17,17,1,0,0.352941176471,0.411764705882,0.235294117647,-1,-0.00367647058824,0.0147058823529,-0.117647058824,-0.0909090909091,-0.0769230769231,0.0215730078386,0.0158999400418,0.0102897014662,-0.0406860243059,0.00757197034072,0.00459282812224,-0.0799805377942,-0.0137915311015,-0.00653594771242,0.0193439002456,0.00695905238854,0,0.0147058823529,0.0193439002456,0,-0.0960784313725,-0.0397959183673,-2,-0.00294117647059,-0.0104978354978,0,0,0,36,0,1,235,0.972972972973,1,0,0.027027027027,1,0.972972972973,0.986301369863,0.984301887704,0.972972972973,0.972972972973,1,2,0,0,0,0
2403,WLNM_dir_neg,1,0.5,00:00:02,10,60,17,1984532190,threshold_sweep,0.9,1,0.5,0.666666666667,1,0,1,4,0.5,1,0,0.5,1,0.5,0.666666666667,0.833333333333,0.611111111111,0.571428571429,0.632455532034,0.5,37,35,2,0,37,0,35,0,2,17,37,0.136029411765,1.88235294118,4.35294117647,3.36363636364,2.84615384615,1.69341284359,0.389027274878,0.193958664547,2.09866904602,0.964253345467,0.518282988871,1.87867287326,0.863174022847,0.470588235294,0.786197569093,0.41766745858,2.25,1.88235294118,0.786197569093,2.25,0.166339869281,0.0612244897959,3,0.00441176470588,0.185952380952,17,17,17,1,0,0.352941176471,0.411764705882,0.235294117647,17,0.128676470588,1.90196078431,4.11764705882,3.18181818182,2.69230769231,1.57648156274,0.382859808093,0.201680672269,2.01465221053,0.978545359402,0.524369747899,1.74894926439,0.849489642704,0.463865546218,0.814492905316,0.428238537847,2.33333333333,1.90196078431,0.814492905316,2.33333333333,0,0,0,0,0.164242424242,17,17,17,1,0,0.352941176471,0.411764705882,0.235294117647,17,36,0.132352941176,1.89705882353,4.23529411765,3.27272727273,2.76923076923,1.71498585143,0.40492721492,0.204248366013,2.05798302171,0.971825315808,0.522875816993,1.79869233546,0.849382491746,0.464052287582,0.805541469338,0.424626510969,2.25,1.89705882353,0.805541469338,2.25,0.0702614379085,0.0214285714286,1,0.00147058823529,0.175454545455,17,17,17,1,0,0.352941176471,0.411764705882,0.235294117647,-1,-0.00367647058824,0.0147058823529,-0.117647058824,-0.0909090909091,-0.0769230769231,0.0215730078386,0.0158999400418,0.0102897014662,-0.0406860243059,0.00757197034072,0.00459282812224,-0.0799805377942,-0.0137915311015,-0.00653594771242,0.0193439002456,0.00695905238854,0,0.0147058823529,0.0193439002456,0,-0.0960784313725,-0.0397959183673,-2,-0.00294117647059,-0.0104978354978,0,0,0,36,0,1,235,0.972972972973,1,0,0.027027027027,1,0.972972972973,0.986301369863,0.984301887704,0.972972972973,0.972972972973,1,2,0,0,0,0
2404,WLNM_dir_neg,1,0.5,00:00:00,10,60,18,1984532191,threshold_sweep,0.1,0.666666666667,1,0.8,2,1,0,3,1,0.75,0.25,0,0.666666666667,1,0.8,0.833333333333,0.5,0.666666666667,0.707106781187,0.75,37,35,2,0,37,0,35,0,2,17,37,0.136029411765,1.88235294118,4.35294117647,3.36363636364,2.84615384615,1.69341284359,0.389027274878,0.193958664547,2.09866904602,0.964253345467,0.518282988871,1.87867287326,0.863174022847,0.470588235294,0.786197569093,0.41766745858,2.25,1.88235294118,0.786197569093,2.25,0.166339869281,0.0612244897959,3,0.00441176470588,0.185952380952,17,17,17,1,0,0.352941176471,0.411764705882,0.235294117647,17,0.128676470588,1.90196078431,4.11764705882,3.18181818182,2.69230769231,1.57648156274,0.382859808093,0.201680672269,2.01465221053,0.978545359402,0.524369747899,1.74894926439,0.849489642704,0.463865546218,0.814492905316,0.428238537847,2.33333333333,1.90196078431,0.814492905316,2.33333333333,0,0,0,0,0.164242424242,17,17,17,1,0,0.352941176471,0.411764705882,0.235294117647,17,38,0.139705882353,1.9,4.47058823529,3.45454545455,2.71428571429,1.73629084037,0.388380845872,0.198142414861,2.1368613597,0.955964292498,0.510835913313,1.82103719638,0.814674535221,0.442724458204,0.795298686029,0.418578255805,2.25,1.9,0.795298686029,2.25,0.217320261438,0.115384615385,6,0.00882352941176,0.17867965368,17,17,17,1,0,0.352941176471,0.470588235294,0.176470588235,1,0.00367647058824,0.0176470588235,0.117647058824,0.0909090909091,-0.131868131868,0.0428779967836,-0.000646429005719,0.00418375031378,0.0381923136861,-0.00828905296849,-0.00744707555853,-0.0576356768785,-0.0484994876259,-0.0278637770898,0.00910111693678,0.000910797224492,0,0.0176470588235,0.00910111693678,0,0.0509803921569,0.0541601255887,3,0.00441176470588,-0.00727272727273,0,0.0588235294118,-0.0588235294118,37,1,0,234,1,0.995744680851,0.00425531914894,0,0.973684210526,1,0.986666666667,0.984652666406,0.995744680851,0.973684210526,3,2,0,0,0,0
2405,WLNM_dir_neg,1,0.5,00:00:00,10,60,18,1984532191,threshold_sweep,0.2,0.666666666667,1,0.8,2,1,0,3,1,0.75,0.25,0,0.666666666667,1,0.8,0.833333333333,0.5,0.666666666667,0.707106781187,0.75,37,35,2,0,37,0,35,0,2,17,37,0.136029411765,1.88235294118,4.35294117647,3.36363636364,2.84615384615,1.69341284359,0.389027274878,0.193958664547,2.09866904602,0.964253345467,0.518282988871,1.87867287326,0.863174022847,0.470588235294,0.786197569093,0.41766745858,2.25,1.88235294118,0.786197569093,2.25,0.166339869281,0.0612244897959,3,0.00441176470588,0.185952380952,17,17,17,1,0,0.352941176471,0.411764705882,0.235294117647,17,0.128676470588,1.90196078431,4.11764705882,3.18181818182,2.69230769231,1.57648156274,0.382859808093,0.201680672269,2.01465221053,0.978545359402,0.524369747899,1.74894926439,0.849489642704,0.463865546218,0.814492905316,0.428238537847,2.33333333333,1.90196078431,0.814492905316,2.33333333333,0,0,0,0,0.164242424242,17,17,17,1,0,0.352941176471,0.411764705882,0.235294117647,17,38,0.139705882353,1.9,4.47058823529,3.45454545455,2.71428571429,1.73629084037,0.388380845872,0.198142414861,2.1368613597,0.955964292498,0.510835913313,1.82103719638,0.814674535221,0.442724458204,0.795298686029,0.418578255805,2.25,1.9,0.795298686029,2.25,0.217320261438,0.115384615385,6,0.00882352941176,0.17867965368,17,17,17,1,0,0.352941176471,0.470588235294,0.176470588235,1,0.00367647058824,0.0176470588235,0.117647058824,0.0909090909091,-0.131868131868,0.0428779967836,-0.000646429005719,0.00418375031378,0.0381923136861,-0.00828905296849,-0.00744707555853,-0.0576356768785,-0.0484994876259,-0.0278637770898,0.00910111693678,0.000910797224492,0,0.0176470588235,0.00910111693678,0,0.0509803921569,0.0541601255887,3,0.00441176470588,-0.00727272727273,0,0.0588235294118,-0.0588235294118,37,1,0,234,1,0.995744680851,0.00425531914894,0,0.973684210526,1,0.986666666667,0.984652666406,0.995744680851,0.973684210526,3,2,0,0,0,0
2406,WLNM_dir_neg,1,0.5,00:00:00,10,60,18,1984532191,threshold_sweep,0.3,0.666666666667,1,0.8,2,1,0,3,1,0.75,0.25,0,0.666666666667,1,0.8,0.833333333333,0.5,0.666666666667,0.707106781187,0.75,37,35,2,0,37,0,35,0,2,17,37,0.136029411765,1.88235294118,4.35294117647,3.36363636364,2.84615384615,1.69341284359,0.389027274878,0.193958664547,2.09866904602,0.964253345467,0.518282988871,1.87867287326,0.863174022847,0.470588235294,0.786197569093,0.41766745858,2.25,1.88235294118,0.786197569093,2.25,0.166339869281,0.0612244897959,3,0.00441176470588,0.185952380952,17,17,17,1,0,0.352941176471,0.411764705882,0.235294117647,17,0.128676470588,1.90196078431,4.11764705882,3.18181818182,2.69230769231,1.57648156274,0.382859808093,0.201680672269,2.01465221053,0.978545359402,0.524369747899,1.74894926439,0.849489642704,0.463865546218,0.814492905316,0.428238537847,2.33333333333,1.90196078431,0.814492905316,2.33333333333,0,0,0,0,0.164242424242,17,17,17,1,0,0.352941176471,0.411764705882,0.235294117647,17,38,0.139705882353,1.9,4.47058823529,3.45454545455,2.71428571429,1.73629084037,0.388380845872,0.198142414861,2.1368613597,0.955964292498,0.510835913313,1.82103719638,0.814674535221,0.442724458204,0.795298686029,0.418578255805,2.25,1.9,0.795298686029,2.25,0.217320261438,0.115384615385,6,0.00882352941176,0.17867965368,17,17,17,1,0,0.352941176471,0.470588235294,0.176470588235,1,0.00367647058824,0.0176470588235,0.117647058824,0.0909090909091,-0.131868131868,0.0428779967836,-0.000646429005719,0.00418375031378,0.0381923136861,-0.00828905296849,-0.00744707555853,-0.0576356768785,-0.0484994876259,-0.0278637770898,0.00910111693678,0.000910797224492,0,0.0176470588235,0.00910111693678,0,0.0509803921569,0.0541601255887,3,0.00441176470588,-0.00727272727273,0,0.0588235294118,-0.0588235294118,37,1,0,234,1,0.995744680851,0.00425531914894,0,0.973684210526,1,0.986666666667,0.984652666406,0.995744680851,0.973684210526,3,2,0,0,0,0
2407,WLNM_dir_neg,1,0.5,00:00:00,10,60,18,1984532191,threshold_sweep,0.4,0.666666666667,1,0.8,2,1,0,3,1,0.75,0.25,0,0.666666666667,1,0.8,0.833333333333,0.5,0.666666666667,0.707106781187,0.75,37,35,2,0,37,0,35,0,2,17,37,0.136029411765,1.88235294118,4.35294117647,3.36363636364,2.84615384615,1.69341284359,0.389027274878,0.193958664547,2.09866904602,0.964253345467,0.518282988871,1.87867287326,0.863174022847,0.470588235294,0.786197569093,0.41766745858,2.25,1.88235294118,0.786197569093,2.25,0.166339869281,0.0612244897959,3,0.00441176470588,0.185952380952,17,17,17,1,0,0.352941176471,0.411764705882,0.235294117647,17,0.128676470588,1.90196078431,4.11764705882,3.18181818182,2.69230769231,1.57648156274,0.382859808093,0.201680672269,2.01465221053,0.978545359402,0.524369747899,1.74894926439,0.849489642704,0.463865546218,0.814492905316,0.428238537847,2.33333333333,1.90196078431,0.814492905316,2.33333333333,0,0,0,0,0.164242424242,17,17,17,1,0,0.352941176471,0.411764705882,0.235294117647,17,38,0.139705882353,1.9,4.47058823529,3.45454545455,2.71428571429,1.73629084037,0.388380845872,0.198142414861,2.1368613597,0.955964292498,0.510835913313,1.82103719638,0.814674535221,0.442724458204,0.795298686029,0.418578255805,2.25,1.9,0.795298686029,2.25,0.217320261438,0.115384615385,6,0.00882352941176,0.17867965368,17,17,17,1,0,0.352941176471,0.470588235294,0.176470588235,1,0.00367647058824,0.0176470588235,0.117647058824,0.0909090909091,-0.131868131868,0.0428779967836,-0.000646429005719,0.00418375031378,0.0381923136861,-0.00828905296849,-0.00744707555853,-0.0576356768785,-0.0484994876259,-0.0278637770898,0.00910111693678,0.000910797224492,0,0.0176470588235,0.00910111693678,0,0.0509803921569,0.0541601255887,3,0.00441176470588,-0.00727272727273,0,0.0588235294118,-0.0588235294118,37,1,0,234,1,0.995744680851,0.00425531914894,0,0.973684210526,1,0.986666666667,0.984652666406,0.995744680851,0.973684210526,3,2,0,0,0,0
2408,WLNM_dir_neg,1,0.5,00:00:00,10,60,18,1984532191,threshold_sweep,0.5,0.666666666667,1,0.8,2,1,0,3,1,0.75,0.25,0,0.666666666667,1,0.8,0.833333333333,0.5,0.666666666667,0.707106781187,0.75,37,35,2,0,37,0,35,0,2,17,37,0.136029411765,1.88235294118,4.35294117647,3.36363636364,2.84615384615,1.69341284359,0.389027274878,0.193958664547,2.09866904602,0.964253345467,0.518282988871,1.87867287326,0.863174022847,0.470588235294,0.786197569093,0.41766745858,2.25,1.88235294118,0.786197569093,2.25,0.166339869281,0.0612244897959,3,0.00441176470588,0.185952380952,17,17,17,1,0,0.352941176471,0.411764705882,0.235294117647,17,0.128676470588,1.90196078431,4.11764705882,3.18181818182,2.69230769231,1.57648156274,0.382859808093,0.201680672269,2.01465221053,0.978545359402,0.524369747899,1.74894926439,0.849489642704,0.463865546218,0.814492905316,0.428238537847,2.33333333333,1.90196078431,0.814492905316,2.33333333333,0,0,0,0,0.164242424242,17,17,17,1,0,0.352941176471,0.411764705882,0.235294117647,17,38,0.139705882353,1.9,4.47058823529,3.45454545455,2.71428571429,1.73629084037,0.388380845872,0.198142414861,2.1368613597,0.955964292498,0.510835913313,1.82103719638,0.814674535221,0.442724458204,0.795298686029,0.418578255805,2.25,1.9,0.795298686029,2.25,0.217320261438,0.115384615385,6,0.00882352941176,0.17867965368,17,17,17,1,0,0.352941176471,0.470588235294,0.176470588235,1,0.00367647058824,0.0176470588235,0.117647058824,0.0909090909091,-0.131868131868,0.0428779967836,-0.000646429005719,0.00418375031378,0.0381923136861,-0.00828905296849,-0.00744707555853,-0.0576356768785,-0.0484994876259,-0.0278637770898,0.00910111693678,0.000910797224492,0,0.0176470588235,0.00910111693678,0,0.0509803921569,0.0541601255887,3,0.00441176470588,-0.00727272727273,0,0.0588235294118,-0.0588235294118,37,1,0,234,1,0.995744680851,0.00425531914894,0,0.973684210526,1,0.986666666667,0.984652666406,0.995744680851,0.973684210526,3,2,0,0,0,0
2409,WLNM_dir_neg,1,0.5,00:00:00,10,60,18,1984532191,threshold_sweep,0.6,0.666666666667,1,0.8,2,1,0,3,1,0.75,0.25,0,0.666666666667,1,0.8,0.833333333333,0.5,0.666666666667,0.707106781187,0.75,37,35,2,0,37,0,35,0,2,17,37,0.136029411765,1.88235294118,4.35294117647,3.36363636364,2.84615384615,1.69341284359,0.389027274878,0.193958664547,2.09866904602,0.964253345467,0.518282988871,1.87867287326,0.863174022847,0.470588235294,0.786197569093,0.41766745858,2.25,1.88235294118,0.786197569093,2.25,0.166339869281,0.0612244897959,3,0.00441176470588,0.185952380952,17,17,17,1,0,0.352941176471,0.411764705882,0.235294117647,17,0.128676470588,1.90196078431,4.11764705882,3.18181818182,2.69230769231,1.57648156274,0.382859808093,0.201680672269,2.01465221053,0.978545359402,0.524369747899,1.74894926439,0.849489642704,0.463865546218,0.814492905316,0.428238537847,2.33333333333,1.90196078431,0.814492905316,2.33333333333,0,0,0,0,0.164242424242,17,17,17,1,0,0.352941176471,0.411764705882,0.235294117647,17,38,0.139705882353,1.9,4.47058823529,3.45454545455,2.71428571429,1.73629084037,0.388380845872,0.198142414861,2.1368613597,0.955964292498,0.510835913313,1.82103719638,0.814674535221,0.442724458204,0.795298686029,0.418578255805,2.25,1.9,0.795298686029,2.25,0.217320261438,0.115384615385,6,0.00882352941176,0.17867965368,17,17,17,1,0,0.352941176471,0.470588235294,0.176470588235,1,0.00367647058824,0.0176470588235,0.117647058824,0.0909090909091,-0.131868131868,0.0428779967836,-0.000646429005719,0.00418375031378,0.0381923136861,-0.00828905296849,-0.00744707555853,-0.0576356768785,-0.0484994876259,-0.0278637770898,0.00910111693678,0.000910797224492,0,0.0176470588235,0.00910111693678,0,0.0509803921569,0.0541601255887,3,0.00441176470588,-0.00727272727273,0,0.0588235294118,-0.0588235294118,37,1,0,234,1,0.995744680851,0.00425531914894,0,0.973684210526,1,0.986666666667,0.984652666406,0.995744680851,0.973684210526,3,2,0,0,0,0
2410,WLNM_dir_neg,1,0.5,00:00:00,10,60,18,1984532191,threshold_sweep,0.7,0.666666666667,1,0.8,2,1,0,3,1,0.75,0.25,0,0.666666666667,1,0.8,0.833333333333,0.5,0.666666666667,0.707106781187,0.75,37,35,2,0,37,0,35,0,2,17,37,0.136029411765,1.88235294118,4.35294117647,3.36363636364,2.84615384615,1.69341284359,0.389027274878,0.193958664547,2.09866904602,0.964253345467,0.518282988871,1.87867287326,0.863174022847,0.470588235294,0.786197569093,0.41766745858,2.25,1.88235294118,0.786197569093,2.25,0.166339869281,0.0612244897959,3,0.00441176470588,0.185952380952,17,17,17,1,0,0.352941176471,0.411764705882,0.235294117647,17,0.128676470588,1.90196078431,4.11764705882,3.18181818182,2.69230769231,1.57648156274,0.382859808093,0.201680672269,2.01465221053,0.978545359402,0.524369747899,1.74894926439,0.849489642704,0.463865546218,0.814492905316,0.428238537847,2.33333333333,1.90196078431,0.814492905316,2.33333333333,0,0,0,0,0.164242424242,17,17,17,1,0,0.352941176471,0.411764705882,0.235294117647,17,38,0.139705882353,1.9,4.47058823529,3.45454545455,2.71428571429,1.73629084037,0.388380845872,0.198142414861,2.1368613597,0.955964292498,0.510835913313,1.82103719638,0.814674535221,0.442724458204,0.795298686029,0.418578255805,2.25,1.9,0.795298686029,2.25,0.217320261438,0.115384615385,6,0.00882352941176,0.17867965368,17,17,17,1,0,0.352941176471,0.470588235294,0.176470588235,1,0.00367647058824,0.0176470588235,0.117647058824,0.0909090909091,-0.131868131868,0.0428779967836,-0.000646429005719,0.00418375031378,0.0381923136861,-0.00828905296849,-0.00744707555853,-0.0576356768785,-0.0484994876259,-0.0278637770898,0.00910111693678,0.000910797224492,0,0.0176470588235,0.00910111693678,0,0.0509803921569,0.0541601255887,3,0.00441176470588,-0.00727272727273,0,0.0588235294118,-0.0588235294118,37,1,0,234,1,0.995744680851,0.00425531914894,0,0.973684210526,1,0.986666666667,0.984652666406,0.995744680851,0.973684210526,3,2,0,0,0,0
2411,WLNM_dir_neg,1,0.5,00:00:00,10,60,18,1984532191,threshold_sweep,0.8,0.666666666667,1,0.8,2,1,0,3,1,0.75,0.25,0,0.666666666667,1,0.8,0.833333333333,0.5,0.666666666667,0.707106781187,0.75,37,35,2,0,37,0,35,0,2,17,37,0.136029411765,1.88235294118,4.35294117647,3.36363636364,2.84615384615,1.69341284359,0.389027274878,0.193958664547,2.09866904602,0.964253345467,0.518282988871,1.87867287326,0.863174022847,0.470588235294,0.786197569093,0.41766745858,2.25,1.88235294118,0.786197569093,2.25,0.166339869281,0.0612244897959,3,0.00441176470588,0.185952380952,17,17,17,1,0,0.352941176471,0.411764705882,0.235294117647,17,0.128676470588,1.90196078431,4.11764705882,3.18181818182,2.69230769231,1.57648156274,0.382859808093,0.201680672269,2.01465221053,0.978545359402,0.524369747899,1.74894926439,0.849489642704,0.463865546218,0.814492905316,0.428238537847,2.33333333333,1.90196078431,0.814492905316,2.33333333333,0,0,0,0,0.164242424242,17,17,17,1,0,0.352941176471,0.411764705882,0.235294117647,17,38,0.139705882353,1.9,4.47058823529,3.45454545455,2.71428571429,1.73629084037,0.388380845872,0.198142414861,2.1368613597,0.955964292498,0.510835913313,1.82103719638,0.814674535221,0.442724458204,0.795298686029,0.418578255805,2.25,1.9,0.795298686029,2.25,0.217320261438,0.115384615385,6,0.00882352941176,0.17867965368,17,17,17,1,0,0.352941176471,0.470588235294,0.176470588235,1,0.00367647058824,0.0176470588235,0.117647058824,0.0909090909091,-0.131868131868,0.0428779967836,-0.000646429005719,0.00418375031378,0.0381923136861,-0.00828905296849,-0.00744707555853,-0.0576356768785,-0.0484994876259,-0.0278637770898,0.00910111693678,0.000910797224492,0,0.0176470588235,0.00910111693678,0,0.0509803921569,0.0541601255887,3,0.00441176470588,-0.00727272727273,0,0.0588235294118,-0.0588235294118,37,1,0,234,1,0.995744680851,0.00425531914894,0,0.973684210526,1,0.986666666667,0.984652666406,0.995744680851,0.973684210526,3,2,0,0,0,0
2412,WLNM_dir_neg,1,0.5,00:00:00,10,60,18,1984532191,threshold_sweep,0.9,0.666666666667,1,0.8,2,1,0,3,1,0.75,0.25,0,0.666666666667,1,0.8,0.833333333333,0.5,0.666666666667,0.707106781187,0.75,37,35,2,0,37,0,35,0,2,17,37,0.136029411765,1.88235294118,4.35294117647,3.36363636364,2.84615384615,1.69341284359,0.389027274878,0.193958664547,2.09866904602,0.964253345467,0.518282988871,1.87867287326,0.863174022847,0.470588235294,0.786197569093,0.41766745858,2.25,1.88235294118,0.786197569093,2.25,0.166339869281,0.0612244897959,3,0.00441176470588,0.185952380952,17,17,17,1,0,0.352941176471,0.411764705882,0.235294117647,17,0.128676470588,1.90196078431,4.11764705882,3.18181818182,2.69230769231,1.57648156274,0.382859808093,0.201680672269,2.01465221053,0.978545359402,0.524369747899,1.74894926439,0.849489642704,0.463865546218,0.814492905316,0.428238537847,2.33333333333,1.90196078431,0.814492905316,2.33333333333,0,0,0,0,0.164242424242,17,17,17,1,0,0.352941176471,0.411764705882,0.235294117647,17,38,0.139705882353,1.9,4.47058823529,3.45454545455,2.71428571429,1.73629084037,0.388380845872,0.198142414861,2.1368613597,0.955964292498,0.510835913313,1.82103719638,0.814674535221,0.442724458204,0.795298686029,0.418578255805,2.25,1.9,0.795298686029,2.25,0.217320261438,0.115384615385,6,0.00882352941176,0.17867965368,17,17,17,1,0,0.352941176471,0.470588235294,0.176470588235,1,0.00367647058824,0.0176470588235,0.117647058824,0.0909090909091,-0.131868131868,0.0428779967836,-0.000646429005719,0.00418375031378,0.0381923136861,-0.00828905296849,-0.00744707555853,-0.0576356768785,-0.0484994876259,-0.0278637770898,0.00910111693678,0.000910797224492,0,0.0176470588235,0.00910111693678,0,0.0509803921569,0.0541601255887,3,0.00441176470588,-0.00727272727273,0,0.0588235294118,-0.0588235294118,37,1,0,234,1,0.995744680851,0.00425531914894,0,0.973684210526,1,0.986666666667,0.984652666406,0.995744680851,0.973684210526,3,2,0,0,0,0
2413,WLNM_dir_neg,1,0.5,00:00:02,10,60,19,1984532192,threshold_sweep,0.1,0.666666666667,1,0.8,2,1,0,3,1,0.75,0.25,0,0.666666666667,1,0.8,0.833333333333,0.5,0.666666666667,0.707106781187,0.75,37,35,2,0,37,0,35,0,2,17,37,0.136029411765,1.88235294118,4.35294117647,3.36363636364,2.84615384615,1.69341284359,0.389027274878,0.193958664547,2.09866904602,0.964253345467,0.518282988871,1.87867287326,0.863174022847,0.470588235294,0.786197569093,0.41766745858,2.25,1.88235294118,0.786197569093,2.25,0.166339869281,0.0612244897959,3,0.00441176470588,0.185952380952,17,17,17,1,0,0.352941176471,0.411764705882,0.235294117647,17,0.128676470588,1.90196078431,4.11764705882,3.18181818182,2.69230769231,1.57648156274,0.382859808093,0.201680672269,2.01465221053,0.978545359402,0.524369747899,1.74894926439,0.849489642704,0.463865546218,0.814492905316,0.428238537847,2.33333333333,1.90196078431,0.814492905316,2.33333333333,0,0,0,0,0.164242424242,17,17,17,1,0,0.352941176471,0.411764705882,0.235294117647,17,38,0.139705882353,1.98764705882,4.47058823529,3.16666666667,2.92307692308,1.58578241961,0.354714488598,0.171826625387,2.04723630062,0.915868871331,0.495356037152,1.92124346989,0.859503657582,0.467492260062,0.792996921587,0.398962641817,2.35,1.98764705882,0.792996921587,2.35,0.232679738562,0.0986842105263,5,0.00735294117647,0.164051226551,17,17,17,1,0,0.294117647059,0.470588235294,0.235294117647,1,0.00367647058824,0.105294117647,0.117647058824,-0.19696969697,0.0769230769231,-0.107630423974,-0.0343127862804,-0.0221320391599,-0.0514327453931,-0.0483844741355,-0.0229269517195,0.0425705966328,-0.00367036526551,-0.0030959752322,0.00679935249481,-0.0187048167638,0.1,0.105294117647,0.00679935249481,0.1,0.066339869281,0.0374597207304,2,0.00294117647059,-0.0219011544012,-0.0588235294118,0.0588235294118,0,37,1,0,234,1,0.995744680851,0.00425531914894,0,0.973684210526,1,0.986666666667,0.984652666406,0.995744680851,0.973684210526,3,2,0,0,0,0
2414,WLNM_dir_neg,1,0.5,00:00:02,10,60,19,1984532192,threshold_sweep,0.2,1,1,1,2,0,0,4,1,1,0,0,1,1,1,1,0.555555555556,1,1,1,37,35,2,0,37,0,35,0,2,17,37,0.136029411765,1.88235294118,4.35294117647,3.36363636364,2.84615384615,1.69341284359,0.389027274878,0.193958664547,2.09866904602,0.964253345467,0.518282988871,1.87867287326,0.863174022847,0.470588235294,0.786197569093,0.41766745858,2.25,1.88235294118,0.786197569093,2.25,0.166339869281,0.0612244897959,3,0.00441176470588,0.185952380952,17,17,17,1,0,0.352941176471,0.411764705882,0.235294117647,17,0.128676470588,1.90196078431,4.11764705882,3.18181818182,2.69230769231,1.57648156274,0.382859808093,0.201680672269,2.01465221053,0.978545359402,0.524369747899,1.74894926439,0.849489642704,0.463865546218,0.814492905316,0.428238537847,2.33333333333,1.90196078431,0.814492905316,2.33333333333,0,0,0,0,0.164242424242,17,17,17,1,0,0.352941176471,0.411764705882,0.235294117647,17,37,0.136029411765,1.88235294118,4.35294117647,3.36363636364,2.84615384615,1.69341284359,0.389027274878,0.193958664547,2.09866904602,0.964253345467,0.518282988871,1.87867287326,0.863174022847,0.470588235294,0.786197569093,0.41766745858,2.25,1.88235294118,0.786197569093,2.25,0.166339869281,0.0612244897959,3,0.00441176470588,0.185952380952,17,17,17,1,0,0.352941176471,0.411764705882,0.235294117647,0,0,0,0,0,0,0,0,0,0,0,0,0,0,0,0,0,0,0,0,0,0,0,0,0,0,0,0,0,37,0,0,235,1,1,0,0,1,1,1,1,1,1,2,2,0,0,0,0
2415,WLNM_dir_neg,1,0.5,00:00:02,10,60,19,1984532192,threshold_sweep,0.3,1,1,1,2,0,0,4,1,1,0,0,1,1,1,1,0.555555555556,1,1,1,37,35,2,0,37,0,35,0,2,17,37,0.136029411765,1.88235294118,4.35294117647,3.36363636364,2.84615384615,1.69341284359,0.389027274878,0.193958664547,2.09866904602,0.964253345467,0.518282988871,1.87867287326,0.863174022847,0.470588235294,0.786197569093,0.41766745858,2.25,1.88235294118,0.786197569093,2.25,0.166339869281,0.0612244897959,3,0.00441176470588,0.185952380952,17,17,17,1,0,0.352941176471,0.411764705882,0.235294117647,17,0.128676470588,1.90196078431,4.11764705882,3.18181818182,2.69230769231,1.57648156274,0.382859808093,0.201680672269,2.01465221053,0.978545359402,0.524369747899,1.74894926439,0.849489642704,0.463865546218,0.814492905316,0.428238537847,2.33333333333,1.90196078431,0.814492905316,2.33333333333,0,0,0,0,0.164242424242,17,17,17,1,0,0.352941176471,0.411764705882,0.235294117647,17,37,0.136029411765,1.88235294118,4.35294117647,3.36363636364,2.84615384615,1.69341284359,0.389027274878,0.193958664547,2.09866904602,0.964253345467,0.518282988871,1.87867287326,0.863174022847,0.470588235294,0.786197569093,0.41766745858,2.25,1.88235294118,0.786197569093,2.25,0.166339869281,0.0612244897959,3,0.00441176470588,0.185952380952,17,17,17,1,0,0.352941176471,0.411764705882,0.235294117647,0,0,0,0,0,0,0,0,0,0,0,0,0,0,0,0,0,0,0,0,0,0,0,0,0,0,0,0,0,37,0,0,235,1,1,0,0,1,1,1,1,1,1,2,2,0,0,0,0
2416,WLNM_dir_neg,1,0.5,00:00:02,10,60,19,1984532192,threshold_sweep,0.4,1,1,1,2,0,0,4,1,1,0,0,1,1,1,1,0.555555555556,1,1,1,37,35,2,0,37,0,35,0,2,17,37,0.136029411765,1.88235294118,4.35294117647,3.36363636364,2.84615384615,1.69341284359,0.389027274878,0.193958664547,2.09866904602,0.964253345467,0.518282988871,1.87867287326,0.863174022847,0.470588235294,0.786197569093,0.41766745858,2.25,1.88235294118,0.786197569093,2.25,0.166339869281,0.0612244897959,3,0.00441176470588,0.185952380952,17,17,17,1,0,0.352941176471,0.411764705882,0.235294117647,17,0.128676470588,1.90196078431,4.11764705882,3.18181818182,2.69230769231,1.57648156274,0.382859808093,0.201680672269,2.01465221053,0.978545359402,0.524369747899,1.74894926439,0.849489642704,0.463865546218,0.814492905316,0.428238537847,2.33333333333,1.90196078431,0.814492905316,2.33333333333,0,0,0,0,0.164242424242,17,17,17,1,0,0.352941176471,0.411764705882,0.235294117647,17,37,0.136029411765,1.88235294118,4.35294117647,3.36363636364,2.84615384615,1.69341284359,0.389027274878,0.193958664547,2.09866904602,0.964253345467,0.518282988871,1.87867287326,0.863174022847,0.470588235294,0.786197569093,0.41766745858,2.25,1.88235294118,0.786197569093,2.25,0.166339869281,0.0612244897959,3,0.00441176470588,0.185952380952,17,17,17,1,0,0.352941176471,0.411764705882,0.235294117647,0,0,0,0,0,0,0,0,0,0,0,0,0,0,0,0,0,0,0,0,0,0,0,0,0,0,0,0,0,37,0,0,235,1,1,0,0,1,1,1,1,1,1,2,2,0,0,0,0
2417,WLNM_dir_neg,1,0.5,00:00:02,10,60,19,1984532192,threshold_sweep,0.5,1,1,1,2,0,0,4,1,1,0,0,1,1,1,1,0.555555555556,1,1,1,37,35,2,0,37,0,35,0,2,17,37,0.136029411765,1.88235294118,4.35294117647,3.36363636364,2.84615384615,1.69341284359,0.389027274878,0.193958664547,2.09866904602,0.964253345467,0.518282988871,1.87867287326,0.863174022847,0.470588235294,0.786197569093,0.41766745858,2.25,1.88235294118,0.786197569093,2.25,0.166339869281,0.0612244897959,3,0.00441176470588,0.185952380952,17,17,17,1,0,0.352941176471,0.411764705882,0.235294117647,17,0.128676470588,1.90196078431,4.11764705882,3.18181818182,2.69230769231,1.57648156274,0.382859808093,0.201680672269,2.01465221053,0.978545359402,0.524369747899,1.74894926439,0.849489642704,0.463865546218,0.814492905316,0.428238537847,2.33333333333,1.90196078431,0.814492905316,2.33333333333,0,0,0,0,0.164242424242,17,17,17,1,0,0.352941176471,0.411764705882,0.235294117647,17,37,0.136029411765,1.88235294118,4.35294117647,3.36363636364,2.84615384615,1.69341284359,0.389027274878,0.193958664547,2.09866904602,0.964253345467,0.518282988871,1.87867287326,0.863174022847,0.470588235294,0.786197569093,0.41766745858,2.25,1.88235294118,0.786197569093,2.25,0.166339869281,0.0612244897959,3,0.00441176470588,0.185952380952,17,17,17,1,0,0.352941176471,0.411764705882,0.235294117647,0,0,0,0,0,0,0,0,0,0,0,0,0,0,0,0,0,0,0,0,0,0,0,0,0,0,0,0,0,37,0,0,235,1,1,0,0,1,1,1,1,1,1,2,2,0,0,0,0
2418,WLNM_dir_neg,1,0.5,00:00:02,10,60,19,1984532192,threshold_sweep,0.6,1,1,1,2,0,0,4,1,1,0,0,1,1,1,1,0.555555555556,1,1,1,37,35,2,0,37,0,35,0,2,17,37,0.136029411765,1.88235294118,4.35294117647,3.36363636364,2.84615384615,1.69341284359,0.389027274878,0.193958664547,2.09866904602,0.964253345467,0.518282988871,1.87867287326,0.863174022847,0.470588235294,0.786197569093,0.41766745858,2.25,1.88235294118,0.786197569093,2.25,0.166339869281,0.0612244897959,3,0.00441176470588,0.185952380952,17,17,17,1,0,0.352941176471,0.411764705882,0.235294117647,17,0.128676470588,1.90196078431,4.11764705882,3.18181818182,2.69230769231,1.57648156274,0.382859808093,0.201680672269,2.01465221053,0.978545359402,0.524369747899,1.74894926439,0.849489642704,0.463865546218,0.814492905316,0.428238537847,2.33333333333,1.90196078431,0.814492905316,2.33333333333,0,0,0,0,0.164242424242,17,17,17,1,0,0.352941176471,0.411764705882,0.235294117647,17,37,0.136029411765,1.88235294118,4.35294117647,3.36363636364,2.84615384615,1.69341284359,0.389027274878,0.193958664547,2.09866904602,0.964253345467,0.518282988871,1.87867287326,0.863174022847,0.470588235294,0.786197569093,0.41766745858,2.25,1.88235294118,0.786197569093,2.25,0.166339869281,0.0612244897959,3,0.00441176470588,0.185952380952,17,17,17,1,0,0.352941176471,0.411764705882,0.235294117647,0,0,0,0,0,0,0,0,0,0,0,0,0,0,0,0,0,0,0,0,0,0,0,0,0,0,0,0,0,37,0,0,235,1,1,0,0,1,1,1,1,1,1,2,2,0,0,0,0
2419,WLNM_dir_neg,1,0.5,00:00:02,10,60,19,1984532192,threshold_sweep,0.7,1,1,1,2,0,0,4,1,1,0,0,1,1,1,1,0.555555555556,1,1,1,37,35,2,0,37,0,35,0,2,17,37,0.136029411765,1.88235294118,4.35294117647,3.36363636364,2.84615384615,1.69341284359,0.389027274878,0.193958664547,2.09866904602,0.964253345467,0.518282988871,1.87867287326,0.863174022847,0.470588235294,0.786197569093,0.41766745858,2.25,1.88235294118,0.786197569093,2.25,0.166339869281,0.0612244897959,3,0.00441176470588,0.185952380952,17,17,17,1,0,0.352941176471,0.411764705882,0.235294117647,17,0.128676470588,1.90196078431,4.11764705882,3.18181818182,2.69230769231,1.57648156274,0.382859808093,0.201680672269,2.01465221053,0.978545359402,0.524369747899,1.74894926439,0.849489642704,0.463865546218,0.814492905316,0.428238537847,2.33333333333,1.90196078431,0.814492905316,2.33333333333,0,0,0,0,0.164242424242,17,17,17,1,0,0.352941176471,0.411764705882,0.235294117647,17,37,0.136029411765,1.88235294118,4.35294117647,3.36363636364,2.84615384615,1.69341284359,0.389027274878,0.193958664547,2.09866904602,0.964253345467,0.518282988871,1.87867287326,0.863174022847,0.470588235294,0.786197569093,0.41766745858,2.25,1.88235294118,0.786197569093,2.25,0.166339869281,0.0612244897959,3,0.00441176470588,0.185952380952,17,17,17,1,0,0.352941176471,0.411764705882,0.235294117647,0,0,0,0,0,0,0,0,0,0,0,0,0,0,0,0,0,0,0,0,0,0,0,0,0,0,0,0,0,37,0,0,235,1,1,0,0,1,1,1,1,1,1,2,2,0,0,0,0
2420,WLNM_dir_neg,1,0.5,00:00:02,10,60,19,1984532192,threshold_sweep,0.8,1,1,1,2,0,0,4,1,1,0,0,1,1,1,1,0.555555555556,1,1,1,37,35,2,0,37,0,35,0,2,17,37,0.136029411765,1.88235294118,4.35294117647,3.36363636364,2.84615384615,1.69341284359,0.389027274878,0.193958664547,2.09866904602,0.964253345467,0.518282988871,1.87867287326,0.863174022847,0.470588235294,0.786197569093,0.41766745858,2.25,1.88235294118,0.786197569093,2.25,0.166339869281,0.0612244897959,3,0.00441176470588,0.185952380952,17,17,17,1,0,0.352941176471,0.411764705882,0.235294117647,17,0.128676470588,1.90196078431,4.11764705882,3.18181818182,2.69230769231,1.57648156274,0.382859808093,0.201680672269,2.01465221053,0.978545359402,0.524369747899,1.74894926439,0.849489642704,0.463865546218,0.814492905316,0.428238537847,2.33333333333,1.90196078431,0.814492905316,2.33333333333,0,0,0,0,0.164242424242,17,17,17,1,0,0.352941176471,0.411764705882,0.235294117647,17,37,0.136029411765,1.88235294118,4.35294117647,3.36363636364,2.84615384615,1.69341284359,0.389027274878,0.193958664547,2.09866904602,0.964253345467,0.518282988871,1.87867287326,0.863174022847,0.470588235294,0.786197569093,0.41766745858,2.25,1.88235294118,0.786197569093,2.25,0.166339869281,0.0612244897959,3,0.00441176470588,0.185952380952,17,17,17,1,0,0.352941176471,0.411764705882,0.235294117647,0,0,0,0,0,0,0,0,0,0,0,0,0,0,0,0,0,0,0,0,0,0,0,0,0,0,0,0,0,37,0,0,235,1,1,0,0,1,1,1,1,1,1,2,2,0,0,0,0
2421,WLNM_dir_neg,1,0.5,00:00:02,10,60,19,1984532192,threshold_sweep,0.9,1,1,1,2,0,0,4,1,1,0,0,1,1,1,1,0.555555555556,1,1,1,37,35,2,0,37,0,35,0,2,17,37,0.136029411765,1.88235294118,4.35294117647,3.36363636364,2.84615384615,1.69341284359,0.389027274878,0.193958664547,2.09866904602,0.964253345467,0.518282988871,1.87867287326,0.863174022847,0.470588235294,0.786197569093,0.41766745858,2.25,1.88235294118,0.786197569093,2.25,0.166339869281,0.0612244897959,3,0.00441176470588,0.185952380952,17,17,17,1,0,0.352941176471,0.411764705882,0.235294117647,17,0.128676470588,1.90196078431,4.11764705882,3.18181818182,2.69230769231,1.57648156274,0.382859808093,0.201680672269,2.01465221053,0.978545359402,0.524369747899,1.74894926439,0.849489642704,0.463865546218,0.814492905316,0.428238537847,2.33333333333,1.90196078431,0.814492905316,2.33333333333,0,0,0,0,0.164242424242,17,17,17,1,0,0.352941176471,0.411764705882,0.235294117647,17,37,0.136029411765,1.88235294118,4.35294117647,3.36363636364,2.84615384615,1.69341284359,0.389027274878,0.193958664547,2.09866904602,0.964253345467,0.518282988871,1.87867287326,0.863174022847,0.470588235294,0.786197569093,0.41766745858,2.25,1.88235294118,0.786197569093,2.25,0.166339869281,0.0612244897959,3,0.00441176470588,0.185952380952,17,17,17,1,0,0.352941176471,0.411764705882,0.235294117647,0,0,0,0,0,0,0,0,0,0,0,0,0,0,0,0,0,0,0,0,0,0,0,0,0,0,0,0,0,37,0,0,235,1,1,0,0,1,1,1,1,1,1,2,2,0,0,0,0
2422,WLNM_dir_neg,1,0.5,00:00:01,10,60,20,1984532193,threshold_sweep,0.1,1,1,1,2,0,0,4,1,1,0,0,1,1,1,1,0.555555555556,1,1,1,37,35,2,0,37,0,35,0,2,17,37,0.136029411765,1.88235294118,4.35294117647,3.36363636364,2.84615384615,1.69341284359,0.389027274878,0.193958664547,2.09866904602,0.964253345467,0.518282988871,1.87867287326,0.863174022847,0.470588235294,0.786197569093,0.41766745858,2.25,1.88235294118,0.786197569093,2.25,0.166339869281,0.0612244897959,3,0.00441176470588,0.185952380952,17,17,17,1,0,0.352941176471,0.411764705882,0.235294117647,17,0.128676470588,1.90196078431,4.11764705882,3.18181818182,2.69230769231,1.57648156274,0.382859808093,0.201680672269,2.01465221053,0.978545359402,0.524369747899,1.74894926439,0.849489642704,0.463865546218,0.814492905316,0.428238537847,2.33333333333,1.90196078431,0.814492905316,2.33333333333,0,0,0,0,0.164242424242,17,17,17,1,0,0.352941176471,0.411764705882,0.235294117647,17,37,0.136029411765,1.88235294118,4.35294117647,3.36363636364,2.84615384615,1.69341284359,0.389027274878,0.193958664547,2.09866904602,0.964253345467,0.518282988871,1.87867287326,0.863174022847,0.470588235294,0.786197569093,0.41766745858,2.25,1.88235294118,0.786197569093,2.25,0.166339869281,0.0612244897959,3,0.00441176470588,0.185952380952,17,17,17,1,0,0.352941176471,0.411764705882,0.235294117647,0,0,0,0,0,0,0,0,0,0,0,0,0,0,0,0,0,0,0,0,0,0,0,0,0,0,0,0,0,37,0,0,235,1,1,0,0,1,1,1,1,1,1,2,2,0,0,0,0
2423,WLNM_dir_neg,1,0.5,00:00:01,10,60,20,1984532193,threshold_sweep,0.2,1,1,1,2,0,0,4,1,1,0,0,1,1,1,1,0.555555555556,1,1,1,37,35,2,0,37,0,35,0,2,17,37,0.136029411765,1.88235294118,4.35294117647,3.36363636364,2.84615384615,1.69341284359,0.389027274878,0.193958664547,2.09866904602,0.964253345467,0.518282988871,1.87867287326,0.863174022847,0.470588235294,0.786197569093,0.41766745858,2.25,1.88235294118,0.786197569093,2.25,0.166339869281,0.0612244897959,3,0.00441176470588,0.185952380952,17,17,17,1,0,0.352941176471,0.411764705882,0.235294117647,17,0.128676470588,1.90196078431,4.11764705882,3.18181818182,2.69230769231,1.57648156274,0.382859808093,0.201680672269,2.01465221053,0.978545359402,0.524369747899,1.74894926439,0.849489642704,0.463865546218,0.814492905316,0.428238537847,2.33333333333,1.90196078431,0.814492905316,2.33333333333,0,0,0,0,0.164242424242,17,17,17,1,0,0.352941176471,0.411764705882,0.235294117647,17,37,0.136029411765,1.88235294118,4.35294117647,3.36363636364,2.84615384615,1.69341284359,0.389027274878,0.193958664547,2.09866904602,0.964253345467,0.518282988871,1.87867287326,0.863174022847,0.470588235294,0.786197569093,0.41766745858,2.25,1.88235294118,0.786197569093,2.25,0.166339869281,0.0612244897959,3,0.00441176470588,0.185952380952,17,17,17,1,0,0.352941176471,0.411764705882,0.235294117647,0,0,0,0,0,0,0,0,0,0,0,0,0,0,0,0,0,0,0,0,0,0,0,0,0,0,0,0,0,37,0,0,235,1,1,0,0,1,1,1,1,1,1,2,2,0,0,0,0
2424,WLNM_dir_neg,1,0.5,00:00:01,10,60,20,1984532193,threshold_sweep,0.3,1,1,1,2,0,0,4,1,1,0,0,1,1,1,1,0.555555555556,1,1,1,37,35,2,0,37,0,35,0,2,17,37,0.136029411765,1.88235294118,4.35294117647,3.36363636364,2.84615384615,1.69341284359,0.389027274878,0.193958664547,2.09866904602,0.964253345467,0.518282988871,1.87867287326,0.863174022847,0.470588235294,0.786197569093,0.41766745858,2.25,1.88235294118,0.786197569093,2.25,0.166339869281,0.0612244897959,3,0.00441176470588,0.185952380952,17,17,17,1,0,0.352941176471,0.411764705882,0.235294117647,17,0.128676470588,1.90196078431,4.11764705882,3.18181818182,2.69230769231,1.57648156274,0.382859808093,0.201680672269,2.01465221053,0.978545359402,0.524369747899,1.74894926439,0.849489642704,0.463865546218,0.814492905316,0.428238537847,2.33333333333,1.90196078431,0.814492905316,2.33333333333,0,0,0,0,0.164242424242,17,17,17,1,0,0.352941176471,0.411764705882,0.235294117647,17,37,0.136029411765,1.88235294118,4.35294117647,3.36363636364,2.84615384615,1.69341284359,0.389027274878,0.193958664547,2.09866904602,0.964253345467,0.518282988871,1.87867287326,0.863174022847,0.470588235294,0.786197569093,0.41766745858,2.25,1.88235294118,0.786197569093,2.25,0.166339869281,0.0612244897959,3,0.00441176470588,0.185952380952,17,17,17,1,0,0.352941176471,0.411764705882,0.235294117647,0,0,0,0,0,0,0,0,0,0,0,0,0,0,0,0,0,0,0,0,0,0,0,0,0,0,0,0,0,37,0,0,235,1,1,0,0,1,1,1,1,1,1,2,2,0,0,0,0
2425,WLNM_dir_neg,1,0.5,00:00:01,10,60,20,1984532193,threshold_sweep,0.4,1,1,1,2,0,0,4,1,1,0,0,1,1,1,1,0.555555555556,1,1,1,37,35,2,0,37,0,35,0,2,17,37,0.136029411765,1.88235294118,4.35294117647,3.36363636364,2.84615384615,1.69341284359,0.389027274878,0.193958664547,2.09866904602,0.964253345467,0.518282988871,1.87867287326,0.863174022847,0.470588235294,0.786197569093,0.41766745858,2.25,1.88235294118,0.786197569093,2.25,0.166339869281,0.0612244897959,3,0.00441176470588,0.185952380952,17,17,17,1,0,0.352941176471,0.411764705882,0.235294117647,17,0.128676470588,1.90196078431,4.11764705882,3.18181818182,2.69230769231,1.57648156274,0.382859808093,0.201680672269,2.01465221053,0.978545359402,0.524369747899,1.74894926439,0.849489642704,0.463865546218,0.814492905316,0.428238537847,2.33333333333,1.90196078431,0.814492905316,2.33333333333,0,0,0,0,0.164242424242,17,17,17,1,0,0.352941176471,0.411764705882,0.235294117647,17,37,0.136029411765,1.88235294118,4.35294117647,3.36363636364,2.84615384615,1.69341284359,0.389027274878,0.193958664547,2.09866904602,0.964253345467,0.518282988871,1.87867287326,0.863174022847,0.470588235294,0.786197569093,0.41766745858,2.25,1.88235294118,0.786197569093,2.25,0.166339869281,0.0612244897959,3,0.00441176470588,0.185952380952,17,17,17,1,0,0.352941176471,0.411764705882,0.235294117647,0,0,0,0,0,0,0,0,0,0,0,0,0,0,0,0,0,0,0,0,0,0,0,0,0,0,0,0,0,37,0,0,235,1,1,0,0,1,1,1,1,1,1,2,2,0,0,0,0
2426,WLNM_dir_neg,1,0.5,00:00:01,10,60,20,1984532193,threshold_sweep,0.5,1,1,1,2,0,0,4,1,1,0,0,1,1,1,1,0.555555555556,1,1,1,37,35,2,0,37,0,35,0,2,17,37,0.136029411765,1.88235294118,4.35294117647,3.36363636364,2.84615384615,1.69341284359,0.389027274878,0.193958664547,2.09866904602,0.964253345467,0.518282988871,1.87867287326,0.863174022847,0.470588235294,0.786197569093,0.41766745858,2.25,1.88235294118,0.786197569093,2.25,0.166339869281,0.0612244897959,3,0.00441176470588,0.185952380952,17,17,17,1,0,0.352941176471,0.411764705882,0.235294117647,17,0.128676470588,1.90196078431,4.11764705882,3.18181818182,2.69230769231,1.57648156274,0.382859808093,0.201680672269,2.01465221053,0.978545359402,0.524369747899,1.74894926439,0.849489642704,0.463865546218,0.814492905316,0.428238537847,2.33333333333,1.90196078431,0.814492905316,2.33333333333,0,0,0,0,0.164242424242,17,17,17,1,0,0.352941176471,0.411764705882,0.235294117647,17,37,0.136029411765,1.88235294118,4.35294117647,3.36363636364,2.84615384615,1.69341284359,0.389027274878,0.193958664547,2.09866904602,0.964253345467,0.518282988871,1.87867287326,0.863174022847,0.470588235294,0.786197569093,0.41766745858,2.25,1.88235294118,0.786197569093,2.25,0.166339869281,0.0612244897959,3,0.00441176470588,0.185952380952,17,17,17,1,0,0.352941176471,0.411764705882,0.235294117647,0,0,0,0,0,0,0,0,0,0,0,0,0,0,0,0,0,0,0,0,0,0,0,0,0,0,0,0,0,37,0,0,235,1,1,0,0,1,1,1,1,1,1,2,2,0,0,0,0
2427,WLNM_dir_neg,1,0.5,00:00:01,10,60,20,1984532193,threshold_sweep,0.6,1,1,1,2,0,0,4,1,1,0,0,1,1,1,1,0.555555555556,1,1,1,37,35,2,0,37,0,35,0,2,17,37,0.136029411765,1.88235294118,4.35294117647,3.36363636364,2.84615384615,1.69341284359,0.389027274878,0.193958664547,2.09866904602,0.964253345467,0.518282988871,1.87867287326,0.863174022847,0.470588235294,0.786197569093,0.41766745858,2.25,1.88235294118,0.786197569093,2.25,0.166339869281,0.0612244897959,3,0.00441176470588,0.185952380952,17,17,17,1,0,0.352941176471,0.411764705882,0.235294117647,17,0.128676470588,1.90196078431,4.11764705882,3.18181818182,2.69230769231,1.57648156274,0.382859808093,0.201680672269,2.01465221053,0.978545359402,0.524369747899,1.74894926439,0.849489642704,0.463865546218,0.814492905316,0.428238537847,2.33333333333,1.90196078431,0.814492905316,2.33333333333,0,0,0,0,0.164242424242,17,17,17,1,0,0.352941176471,0.411764705882,0.235294117647,17,37,0.136029411765,1.88235294118,4.35294117647,3.36363636364,2.84615384615,1.69341284359,0.389027274878,0.193958664547,2.09866904602,0.964253345467,0.518282988871,1.87867287326,0.863174022847,0.470588235294,0.786197569093,0.41766745858,2.25,1.88235294118,0.786197569093,2.25,0.166339869281,0.0612244897959,3,0.00441176470588,0.185952380952,17,17,17,1,0,0.352941176471,0.411764705882,0.235294117647,0,0,0,0,0,0,0,0,0,0,0,0,0,0,0,0,0,0,0,0,0,0,0,0,0,0,0,0,0,37,0,0,235,1,1,0,0,1,1,1,1,1,1,2,2,0,0,0,0
2428,WLNM_dir_neg,1,0.5,00:00:01,10,60,20,1984532193,threshold_sweep,0.7,1,1,1,2,0,0,4,1,1,0,0,1,1,1,1,0.555555555556,1,1,1,37,35,2,0,37,0,35,0,2,17,37,0.136029411765,1.88235294118,4.35294117647,3.36363636364,2.84615384615,1.69341284359,0.389027274878,0.193958664547,2.09866904602,0.964253345467,0.518282988871,1.87867287326,0.863174022847,0.470588235294,0.786197569093,0.41766745858,2.25,1.88235294118,0.786197569093,2.25,0.166339869281,0.0612244897959,3,0.00441176470588,0.185952380952,17,17,17,1,0,0.352941176471,0.411764705882,0.235294117647,17,0.128676470588,1.90196078431,4.11764705882,3.18181818182,2.69230769231,1.57648156274,0.382859808093,0.201680672269,2.01465221053,0.978545359402,0.524369747899,1.74894926439,0.849489642704,0.463865546218,0.814492905316,0.428238537847,2.33333333333,1.90196078431,0.814492905316,2.33333333333,0,0,0,0,0.164242424242,17,17,17,1,0,0.352941176471,0.411764705882,0.235294117647,17,37,0.136029411765,1.88235294118,4.35294117647,3.36363636364,2.84615384615,1.69341284359,0.389027274878,0.193958664547,2.09866904602,0.964253345467,0.518282988871,1.87867287326,0.863174022847,0.470588235294,0.786197569093,0.41766745858,2.25,1.88235294118,0.786197569093,2.25,0.166339869281,0.0612244897959,3,0.00441176470588,0.185952380952,17,17,17,1,0,0.352941176471,0.411764705882,0.235294117647,0,0,0,0,0,0,0,0,0,0,0,0,0,0,0,0,0,0,0,0,0,0,0,0,0,0,0,0,0,37,0,0,235,1,1,0,0,1,1,1,1,1,1,2,2,0,0,0,0
2429,WLNM_dir_neg,1,0.5,00:00:01,10,60,20,1984532193,threshold_sweep,0.8,1,1,1,2,0,0,4,1,1,0,0,1,1,1,1,0.555555555556,1,1,1,37,35,2,0,37,0,35,0,2,17,37,0.136029411765,1.88235294118,4.35294117647,3.36363636364,2.84615384615,1.69341284359,0.389027274878,0.193958664547,2.09866904602,0.964253345467,0.518282988871,1.87867287326,0.863174022847,0.470588235294,0.786197569093,0.41766745858,2.25,1.88235294118,0.786197569093,2.25,0.166339869281,0.0612244897959,3,0.00441176470588,0.185952380952,17,17,17,1,0,0.352941176471,0.411764705882,0.235294117647,17,0.128676470588,1.90196078431,4.11764705882,3.18181818182,2.69230769231,1.57648156274,0.382859808093,0.201680672269,2.01465221053,0.978545359402,0.524369747899,1.74894926439,0.849489642704,0.463865546218,0.814492905316,0.428238537847,2.33333333333,1.90196078431,0.814492905316,2.33333333333,0,0,0,0,0.164242424242,17,17,17,1,0,0.352941176471,0.411764705882,0.235294117647,17,37,0.136029411765,1.88235294118,4.35294117647,3.36363636364,2.84615384615,1.69341284359,0.389027274878,0.193958664547,2.09866904602,0.964253345467,0.518282988871,1.87867287326,0.863174022847,0.470588235294,0.786197569093,0.41766745858,2.25,1.88235294118,0.786197569093,2.25,0.166339869281,0.0612244897959,3,0.00441176470588,0.185952380952,17,17,17,1,0,0.352941176471,0.411764705882,0.235294117647,0,0,0,0,0,0,0,0,0,0,0,0,0,0,0,0,0,0,0,0,0,0,0,0,0,0,0,0,0,37,0,0,235,1,1,0,0,1,1,1,1,1,1,2,2,0,0,0,0
2430,WLNM_dir_neg,1,0.5,00:00:01,10,60,20,1984532193,threshold_sweep,0.9,1,1,1,2,0,0,4,1,1,0,0,1,1,1,1,0.555555555556,1,1,1,37,35,2,0,37,0,35,0,2,17,37,0.136029411765,1.88235294118,4.35294117647,3.36363636364,2.84615384615,1.69341284359,0.389027274878,0.193958664547,2.09866904602,0.964253345467,0.518282988871,1.87867287326,0.863174022847,0.470588235294,0.786197569093,0.41766745858,2.25,1.88235294118,0.786197569093,2.25,0.166339869281,0.0612244897959,3,0.00441176470588,0.185952380952,17,17,17,1,0,0.352941176471,0.411764705882,0.235294117647,17,0.128676470588,1.90196078431,4.11764705882,3.18181818182,2.69230769231,1.57648156274,0.382859808093,0.201680672269,2.01465221053,0.978545359402,0.524369747899,1.74894926439,0.849489642704,0.463865546218,0.814492905316,0.428238537847,2.33333333333,1.90196078431,0.814492905316,2.33333333333,0,0,0,0,0.164242424242,17,17,17,1,0,0.352941176471,0.411764705882,0.235294117647,17,37,0.136029411765,1.88235294118,4.35294117647,3.36363636364,2.84615384615,1.69341284359,0.389027274878,0.193958664547,2.09866904602,0.964253345467,0.518282988871,1.87867287326,0.863174022847,0.470588235294,0.786197569093,0.41766745858,2.25,1.88235294118,0.786197569093,2.25,0.166339869281,0.0612244897959,3,0.00441176470588,0.185952380952,17,17,17,1,0,0.352941176471,0.411764705882,0.235294117647,0,0,0,0,0,0,0,0,0,0,0,0,0,0,0,0,0,0,0,0,0,0,0,0,0,0,0,0,0,37,0,0,235,1,1,0,0,1,1,1,1,1,1,2,2,0,0,0,0
2431,WLNM_dir_neg,1,0.5,00:00:02,10,60,21,1984532194,threshold_sweep,0.1,1,1,1,2,0,0,4,1,1,0,0,1,1,1,1,0.555555555556,1,1,1,37,35,2,0,37,0,35,0,2,17,37,0.136029411765,1.88235294118,4.35294117647,3.36363636364,2.84615384615,1.69341284359,0.389027274878,0.193958664547,2.09866904602,0.964253345467,0.518282988871,1.87867287326,0.863174022847,0.470588235294,0.786197569093,0.41766745858,2.25,1.88235294118,0.786197569093,2.25,0.166339869281,0.0612244897959,3,0.00441176470588,0.185952380952,17,17,17,1,0,0.352941176471,0.411764705882,0.235294117647,17,0.128676470588,1.90196078431,4.11764705882,3.18181818182,2.69230769231,1.57648156274,0.382859808093,0.201680672269,2.01465221053,0.978545359402,0.524369747899,1.74894926439,0.849489642704,0.463865546218,0.814492905316,0.428238537847,2.33333333333,1.90196078431,0.814492905316,2.33333333333,0,0,0,0,0.164242424242,17,17,17,1,0,0.352941176471,0.411764705882,0.235294117647,17,37,0.136029411765,1.88235294118,4.35294117647,3.36363636364,2.84615384615,1.69341284359,0.389027274878,0.193958664547,2.09866904602,0.964253345467,0.518282988871,1.87867287326,0.863174022847,0.470588235294,0.786197569093,0.41766745858,2.25,1.88235294118,0.786197569093,2.25,0.166339869281,0.0612244897959,3,0.00441176470588,0.185952380952,17,17,17,1,0,0.352941176471,0.411764705882,0.235294117647,0,0,0,0,0,0,0,0,0,0,0,0,0,0,0,0,0,0,0,0,0,0,0,0,0,0,0,0,0,37,0,0,235,1,1,0,0,1,1,1,1,1,1,2,2,0,0,0,0
2432,WLNM_dir_neg,1,0.5,00:00:02,10,60,21,1984532194,threshold_sweep,0.2,1,1,1,2,0,0,4,1,1,0,0,1,1,1,1,0.555555555556,1,1,1,37,35,2,0,37,0,35,0,2,17,37,0.136029411765,1.88235294118,4.35294117647,3.36363636364,2.84615384615,1.69341284359,0.389027274878,0.193958664547,2.09866904602,0.964253345467,0.518282988871,1.87867287326,0.863174022847,0.470588235294,0.786197569093,0.41766745858,2.25,1.88235294118,0.786197569093,2.25,0.166339869281,0.0612244897959,3,0.00441176470588,0.185952380952,17,17,17,1,0,0.352941176471,0.411764705882,0.235294117647,17,0.128676470588,1.90196078431,4.11764705882,3.18181818182,2.69230769231,1.57648156274,0.382859808093,0.201680672269,2.01465221053,0.978545359402,0.524369747899,1.74894926439,0.849489642704,0.463865546218,0.814492905316,0.428238537847,2.33333333333,1.90196078431,0.814492905316,2.33333333333,0,0,0,0,0.164242424242,17,17,17,1,0,0.352941176471,0.411764705882,0.235294117647,17,37,0.136029411765,1.88235294118,4.35294117647,3.36363636364,2.84615384615,1.69341284359,0.389027274878,0.193958664547,2.09866904602,0.964253345467,0.518282988871,1.87867287326,0.863174022847,0.470588235294,0.786197569093,0.41766745858,2.25,1.88235294118,0.786197569093,2.25,0.166339869281,0.0612244897959,3,0.00441176470588,0.185952380952,17,17,17,1,0,0.352941176471,0.411764705882,0.235294117647,0,0,0,0,0,0,0,0,0,0,0,0,0,0,0,0,0,0,0,0,0,0,0,0,0,0,0,0,0,37,0,0,235,1,1,0,0,1,1,1,1,1,1,2,2,0,0,0,0
2433,WLNM_dir_neg,1,0.5,00:00:02,10,60,21,1984532194,threshold_sweep,0.3,1,1,1,2,0,0,4,1,1,0,0,1,1,1,1,0.555555555556,1,1,1,37,35,2,0,37,0,35,0,2,17,37,0.136029411765,1.88235294118,4.35294117647,3.36363636364,2.84615384615,1.69341284359,0.389027274878,0.193958664547,2.09866904602,0.964253345467,0.518282988871,1.87867287326,0.863174022847,0.470588235294,0.786197569093,0.41766745858,2.25,1.88235294118,0.786197569093,2.25,0.166339869281,0.0612244897959,3,0.00441176470588,0.185952380952,17,17,17,1,0,0.352941176471,0.411764705882,0.235294117647,17,0.128676470588,1.90196078431,4.11764705882,3.18181818182,2.69230769231,1.57648156274,0.382859808093,0.201680672269,2.01465221053,0.978545359402,0.524369747899,1.74894926439,0.849489642704,0.463865546218,0.814492905316,0.428238537847,2.33333333333,1.90196078431,0.814492905316,2.33333333333,0,0,0,0,0.164242424242,17,17,17,1,0,0.352941176471,0.411764705882,0.235294117647,17,37,0.136029411765,1.88235294118,4.35294117647,3.36363636364,2.84615384615,1.69341284359,0.389027274878,0.193958664547,2.09866904602,0.964253345467,0.518282988871,1.87867287326,0.863174022847,0.470588235294,0.786197569093,0.41766745858,2.25,1.88235294118,0.786197569093,2.25,0.166339869281,0.0612244897959,3,0.00441176470588,0.185952380952,17,17,17,1,0,0.352941176471,0.411764705882,0.235294117647,0,0,0,0,0,0,0,0,0,0,0,0,0,0,0,0,0,0,0,0,0,0,0,0,0,0,0,0,0,37,0,0,235,1,1,0,0,1,1,1,1,1,1,2,2,0,0,0,0
2434,WLNM_dir_neg,1,0.5,00:00:02,10,60,21,1984532194,threshold_sweep,0.4,1,1,1,2,0,0,4,1,1,0,0,1,1,1,1,0.555555555556,1,1,1,37,35,2,0,37,0,35,0,2,17,37,0.136029411765,1.88235294118,4.35294117647,3.36363636364,2.84615384615,1.69341284359,0.389027274878,0.193958664547,2.09866904602,0.964253345467,0.518282988871,1.87867287326,0.863174022847,0.470588235294,0.786197569093,0.41766745858,2.25,1.88235294118,0.786197569093,2.25,0.166339869281,0.0612244897959,3,0.00441176470588,0.185952380952,17,17,17,1,0,0.352941176471,0.411764705882,0.235294117647,17,0.128676470588,1.90196078431,4.11764705882,3.18181818182,2.69230769231,1.57648156274,0.382859808093,0.201680672269,2.01465221053,0.978545359402,0.524369747899,1.74894926439,0.849489642704,0.463865546218,0.814492905316,0.428238537847,2.33333333333,1.90196078431,0.814492905316,2.33333333333,0,0,0,0,0.164242424242,17,17,17,1,0,0.352941176471,0.411764705882,0.235294117647,17,37,0.136029411765,1.88235294118,4.35294117647,3.36363636364,2.84615384615,1.69341284359,0.389027274878,0.193958664547,2.09866904602,0.964253345467,0.518282988871,1.87867287326,0.863174022847,0.470588235294,0.786197569093,0.41766745858,2.25,1.88235294118,0.786197569093,2.25,0.166339869281,0.0612244897959,3,0.00441176470588,0.185952380952,17,17,17,1,0,0.352941176471,0.411764705882,0.235294117647,0,0,0,0,0,0,0,0,0,0,0,0,0,0,0,0,0,0,0,0,0,0,0,0,0,0,0,0,0,37,0,0,235,1,1,0,0,1,1,1,1,1,1,2,2,0,0,0,0
2435,WLNM_dir_neg,1,0.5,00:00:02,10,60,21,1984532194,threshold_sweep,0.5,1,1,1,2,0,0,4,1,1,0,0,1,1,1,1,0.555555555556,1,1,1,37,35,2,0,37,0,35,0,2,17,37,0.136029411765,1.88235294118,4.35294117647,3.36363636364,2.84615384615,1.69341284359,0.389027274878,0.193958664547,2.09866904602,0.964253345467,0.518282988871,1.87867287326,0.863174022847,0.470588235294,0.786197569093,0.41766745858,2.25,1.88235294118,0.786197569093,2.25,0.166339869281,0.0612244897959,3,0.00441176470588,0.185952380952,17,17,17,1,0,0.352941176471,0.411764705882,0.235294117647,17,0.128676470588,1.90196078431,4.11764705882,3.18181818182,2.69230769231,1.57648156274,0.382859808093,0.201680672269,2.01465221053,0.978545359402,0.524369747899,1.74894926439,0.849489642704,0.463865546218,0.814492905316,0.428238537847,2.33333333333,1.90196078431,0.814492905316,2.33333333333,0,0,0,0,0.164242424242,17,17,17,1,0,0.352941176471,0.411764705882,0.235294117647,17,37,0.136029411765,1.88235294118,4.35294117647,3.36363636364,2.84615384615,1.69341284359,0.389027274878,0.193958664547,2.09866904602,0.964253345467,0.518282988871,1.87867287326,0.863174022847,0.470588235294,0.786197569093,0.41766745858,2.25,1.88235294118,0.786197569093,2.25,0.166339869281,0.0612244897959,3,0.00441176470588,0.185952380952,17,17,17,1,0,0.352941176471,0.411764705882,0.235294117647,0,0,0,0,0,0,0,0,0,0,0,0,0,0,0,0,0,0,0,0,0,0,0,0,0,0,0,0,0,37,0,0,235,1,1,0,0,1,1,1,1,1,1,2,2,0,0,0,0
2436,WLNM_dir_neg,1,0.5,00:00:02,10,60,21,1984532194,threshold_sweep,0.6,1,1,1,2,0,0,4,1,1,0,0,1,1,1,1,0.555555555556,1,1,1,37,35,2,0,37,0,35,0,2,17,37,0.136029411765,1.88235294118,4.35294117647,3.36363636364,2.84615384615,1.69341284359,0.389027274878,0.193958664547,2.09866904602,0.964253345467,0.518282988871,1.87867287326,0.863174022847,0.470588235294,0.786197569093,0.41766745858,2.25,1.88235294118,0.786197569093,2.25,0.166339869281,0.0612244897959,3,0.00441176470588,0.185952380952,17,17,17,1,0,0.352941176471,0.411764705882,0.235294117647,17,0.128676470588,1.90196078431,4.11764705882,3.18181818182,2.69230769231,1.57648156274,0.382859808093,0.201680672269,2.01465221053,0.978545359402,0.524369747899,1.74894926439,0.849489642704,0.463865546218,0.814492905316,0.428238537847,2.33333333333,1.90196078431,0.814492905316,2.33333333333,0,0,0,0,0.164242424242,17,17,17,1,0,0.352941176471,0.411764705882,0.235294117647,17,37,0.136029411765,1.88235294118,4.35294117647,3.36363636364,2.84615384615,1.69341284359,0.389027274878,0.193958664547,2.09866904602,0.964253345467,0.518282988871,1.87867287326,0.863174022847,0.470588235294,0.786197569093,0.41766745858,2.25,1.88235294118,0.786197569093,2.25,0.166339869281,0.0612244897959,3,0.00441176470588,0.185952380952,17,17,17,1,0,0.352941176471,0.411764705882,0.235294117647,0,0,0,0,0,0,0,0,0,0,0,0,0,0,0,0,0,0,0,0,0,0,0,0,0,0,0,0,0,37,0,0,235,1,1,0,0,1,1,1,1,1,1,2,2,0,0,0,0
2437,WLNM_dir_neg,1,0.5,00:00:02,10,60,21,1984532194,threshold_sweep,0.7,1,1,1,2,0,0,4,1,1,0,0,1,1,1,1,0.555555555556,1,1,1,37,35,2,0,37,0,35,0,2,17,37,0.136029411765,1.88235294118,4.35294117647,3.36363636364,2.84615384615,1.69341284359,0.389027274878,0.193958664547,2.09866904602,0.964253345467,0.518282988871,1.87867287326,0.863174022847,0.470588235294,0.786197569093,0.41766745858,2.25,1.88235294118,0.786197569093,2.25,0.166339869281,0.0612244897959,3,0.00441176470588,0.185952380952,17,17,17,1,0,0.352941176471,0.411764705882,0.235294117647,17,0.128676470588,1.90196078431,4.11764705882,3.18181818182,2.69230769231,1.57648156274,0.382859808093,0.201680672269,2.01465221053,0.978545359402,0.524369747899,1.74894926439,0.849489642704,0.463865546218,0.814492905316,0.428238537847,2.33333333333,1.90196078431,0.814492905316,2.33333333333,0,0,0,0,0.164242424242,17,17,17,1,0,0.352941176471,0.411764705882,0.235294117647,17,37,0.136029411765,1.88235294118,4.35294117647,3.36363636364,2.84615384615,1.69341284359,0.389027274878,0.193958664547,2.09866904602,0.964253345467,0.518282988871,1.87867287326,0.863174022847,0.470588235294,0.786197569093,0.41766745858,2.25,1.88235294118,0.786197569093,2.25,0.166339869281,0.0612244897959,3,0.00441176470588,0.185952380952,17,17,17,1,0,0.352941176471,0.411764705882,0.235294117647,0,0,0,0,0,0,0,0,0,0,0,0,0,0,0,0,0,0,0,0,0,0,0,0,0,0,0,0,0,37,0,0,235,1,1,0,0,1,1,1,1,1,1,2,2,0,0,0,0
2438,WLNM_dir_neg,1,0.5,00:00:02,10,60,21,1984532194,threshold_sweep,0.8,1,1,1,2,0,0,4,1,1,0,0,1,1,1,1,0.555555555556,1,1,1,37,35,2,0,37,0,35,0,2,17,37,0.136029411765,1.88235294118,4.35294117647,3.36363636364,2.84615384615,1.69341284359,0.389027274878,0.193958664547,2.09866904602,0.964253345467,0.518282988871,1.87867287326,0.863174022847,0.470588235294,0.786197569093,0.41766745858,2.25,1.88235294118,0.786197569093,2.25,0.166339869281,0.0612244897959,3,0.00441176470588,0.185952380952,17,17,17,1,0,0.352941176471,0.411764705882,0.235294117647,17,0.128676470588,1.90196078431,4.11764705882,3.18181818182,2.69230769231,1.57648156274,0.382859808093,0.201680672269,2.01465221053,0.978545359402,0.524369747899,1.74894926439,0.849489642704,0.463865546218,0.814492905316,0.428238537847,2.33333333333,1.90196078431,0.814492905316,2.33333333333,0,0,0,0,0.164242424242,17,17,17,1,0,0.352941176471,0.411764705882,0.235294117647,17,37,0.136029411765,1.88235294118,4.35294117647,3.36363636364,2.84615384615,1.69341284359,0.389027274878,0.193958664547,2.09866904602,0.964253345467,0.518282988871,1.87867287326,0.863174022847,0.470588235294,0.786197569093,0.41766745858,2.25,1.88235294118,0.786197569093,2.25,0.166339869281,0.0612244897959,3,0.00441176470588,0.185952380952,17,17,17,1,0,0.352941176471,0.411764705882,0.235294117647,0,0,0,0,0,0,0,0,0,0,0,0,0,0,0,0,0,0,0,0,0,0,0,0,0,0,0,0,0,37,0,0,235,1,1,0,0,1,1,1,1,1,1,2,2,0,0,0,0
2439,WLNM_dir_neg,1,0.5,00:00:02,10,60,21,1984532194,threshold_sweep,0.9,1,1,1,2,0,0,4,1,1,0,0,1,1,1,1,0.555555555556,1,1,1,37,35,2,0,37,0,35,0,2,17,37,0.136029411765,1.88235294118,4.35294117647,3.36363636364,2.84615384615,1.69341284359,0.389027274878,0.193958664547,2.09866904602,0.964253345467,0.518282988871,1.87867287326,0.863174022847,0.470588235294,0.786197569093,0.41766745858,2.25,1.88235294118,0.786197569093,2.25,0.166339869281,0.0612244897959,3,0.00441176470588,0.185952380952,17,17,17,1,0,0.352941176471,0.411764705882,0.235294117647,17,0.128676470588,1.90196078431,4.11764705882,3.18181818182,2.69230769231,1.57648156274,0.382859808093,0.201680672269,2.01465221053,0.978545359402,0.524369747899,1.74894926439,0.849489642704,0.463865546218,0.814492905316,0.428238537847,2.33333333333,1.90196078431,0.814492905316,2.33333333333,0,0,0,0,0.164242424242,17,17,17,1,0,0.352941176471,0.411764705882,0.235294117647,17,37,0.136029411765,1.88235294118,4.35294117647,3.36363636364,2.84615384615,1.69341284359,0.389027274878,0.193958664547,2.09866904602,0.964253345467,0.518282988871,1.87867287326,0.863174022847,0.470588235294,0.786197569093,0.41766745858,2.25,1.88235294118,0.786197569093,2.25,0.166339869281,0.0612244897959,3,0.00441176470588,0.185952380952,17,17,17,1,0,0.352941176471,0.411764705882,0.235294117647,0,0,0,0,0,0,0,0,0,0,0,0,0,0,0,0,0,0,0,0,0,0,0,0,0,0,0,0,0,37,0,0,235,1,1,0,0,1,1,1,1,1,1,2,2,0,0,0,0
2440,WLNM_dir_neg,1,0.5,00:00:01,10,60,22,1984532195,threshold_sweep,0.1,1,1,1,2,0,0,4,1,1,0,0,1,1,1,1,0.555555555556,1,1,1,37,35,2,0,37,0,35,0,2,17,37,0.136029411765,1.88235294118,4.35294117647,3.36363636364,2.84615384615,1.69341284359,0.389027274878,0.193958664547,2.09866904602,0.964253345467,0.518282988871,1.87867287326,0.863174022847,0.470588235294,0.786197569093,0.41766745858,2.25,1.88235294118,0.786197569093,2.25,0.166339869281,0.0612244897959,3,0.00441176470588,0.185952380952,17,17,17,1,0,0.352941176471,0.411764705882,0.235294117647,17,0.128676470588,1.90196078431,4.11764705882,3.18181818182,2.69230769231,1.57648156274,0.382859808093,0.201680672269,2.01465221053,0.978545359402,0.524369747899,1.74894926439,0.849489642704,0.463865546218,0.814492905316,0.428238537847,2.33333333333,1.90196078431,0.814492905316,2.33333333333,0,0,0,0,0.164242424242,17,17,17,1,0,0.352941176471,0.411764705882,0.235294117647,17,37,0.136029411765,1.88235294118,4.35294117647,3.36363636364,2.84615384615,1.69341284359,0.389027274878,0.193958664547,2.09866904602,0.964253345467,0.518282988871,1.87867287326,0.863174022847,0.470588235294,0.786197569093,0.41766745858,2.25,1.88235294118,0.786197569093,2.25,0.166339869281,0.0612244897959,3,0.00441176470588,0.185952380952,17,17,17,1,0,0.352941176471,0.411764705882,0.235294117647,0,0,0,0,0,0,0,0,0,0,0,0,0,0,0,0,0,0,0,0,0,0,0,0,0,0,0,0,0,37,0,0,235,1,1,0,0,1,1,1,1,1,1,2,2,0,0,0,0
2441,WLNM_dir_neg,1,0.5,00:00:01,10,60,22,1984532195,threshold_sweep,0.2,1,1,1,2,0,0,4,1,1,0,0,1,1,1,1,0.555555555556,1,1,1,37,35,2,0,37,0,35,0,2,17,37,0.136029411765,1.88235294118,4.35294117647,3.36363636364,2.84615384615,1.69341284359,0.389027274878,0.193958664547,2.09866904602,0.964253345467,0.518282988871,1.87867287326,0.863174022847,0.470588235294,0.786197569093,0.41766745858,2.25,1.88235294118,0.786197569093,2.25,0.166339869281,0.0612244897959,3,0.00441176470588,0.185952380952,17,17,17,1,0,0.352941176471,0.411764705882,0.235294117647,17,0.128676470588,1.90196078431,4.11764705882,3.18181818182,2.69230769231,1.57648156274,0.382859808093,0.201680672269,2.01465221053,0.978545359402,0.524369747899,1.74894926439,0.849489642704,0.463865546218,0.814492905316,0.428238537847,2.33333333333,1.90196078431,0.814492905316,2.33333333333,0,0,0,0,0.164242424242,17,17,17,1,0,0.352941176471,0.411764705882,0.235294117647,17,37,0.136029411765,1.88235294118,4.35294117647,3.36363636364,2.84615384615,1.69341284359,0.389027274878,0.193958664547,2.09866904602,0.964253345467,0.518282988871,1.87867287326,0.863174022847,0.470588235294,0.786197569093,0.41766745858,2.25,1.88235294118,0.786197569093,2.25,0.166339869281,0.0612244897959,3,0.00441176470588,0.185952380952,17,17,17,1,0,0.352941176471,0.411764705882,0.235294117647,0,0,0,0,0,0,0,0,0,0,0,0,0,0,0,0,0,0,0,0,0,0,0,0,0,0,0,0,0,37,0,0,235,1,1,0,0,1,1,1,1,1,1,2,2,0,0,0,0
2442,WLNM_dir_neg,1,0.5,00:00:01,10,60,22,1984532195,threshold_sweep,0.3,1,1,1,2,0,0,4,1,1,0,0,1,1,1,1,0.555555555556,1,1,1,37,35,2,0,37,0,35,0,2,17,37,0.136029411765,1.88235294118,4.35294117647,3.36363636364,2.84615384615,1.69341284359,0.389027274878,0.193958664547,2.09866904602,0.964253345467,0.518282988871,1.87867287326,0.863174022847,0.470588235294,0.786197569093,0.41766745858,2.25,1.88235294118,0.786197569093,2.25,0.166339869281,0.0612244897959,3,0.00441176470588,0.185952380952,17,17,17,1,0,0.352941176471,0.411764705882,0.235294117647,17,0.128676470588,1.90196078431,4.11764705882,3.18181818182,2.69230769231,1.57648156274,0.382859808093,0.201680672269,2.01465221053,0.978545359402,0.524369747899,1.74894926439,0.849489642704,0.463865546218,0.814492905316,0.428238537847,2.33333333333,1.90196078431,0.814492905316,2.33333333333,0,0,0,0,0.164242424242,17,17,17,1,0,0.352941176471,0.411764705882,0.235294117647,17,37,0.136029411765,1.88235294118,4.35294117647,3.36363636364,2.84615384615,1.69341284359,0.389027274878,0.193958664547,2.09866904602,0.964253345467,0.518282988871,1.87867287326,0.863174022847,0.470588235294,0.786197569093,0.41766745858,2.25,1.88235294118,0.786197569093,2.25,0.166339869281,0.0612244897959,3,0.00441176470588,0.185952380952,17,17,17,1,0,0.352941176471,0.411764705882,0.235294117647,0,0,0,0,0,0,0,0,0,0,0,0,0,0,0,0,0,0,0,0,0,0,0,0,0,0,0,0,0,37,0,0,235,1,1,0,0,1,1,1,1,1,1,2,2,0,0,0,0
2443,WLNM_dir_neg,1,0.5,00:00:01,10,60,22,1984532195,threshold_sweep,0.4,1,1,1,2,0,0,4,1,1,0,0,1,1,1,1,0.555555555556,1,1,1,37,35,2,0,37,0,35,0,2,17,37,0.136029411765,1.88235294118,4.35294117647,3.36363636364,2.84615384615,1.69341284359,0.389027274878,0.193958664547,2.09866904602,0.964253345467,0.518282988871,1.87867287326,0.863174022847,0.470588235294,0.786197569093,0.41766745858,2.25,1.88235294118,0.786197569093,2.25,0.166339869281,0.0612244897959,3,0.00441176470588,0.185952380952,17,17,17,1,0,0.352941176471,0.411764705882,0.235294117647,17,0.128676470588,1.90196078431,4.11764705882,3.18181818182,2.69230769231,1.57648156274,0.382859808093,0.201680672269,2.01465221053,0.978545359402,0.524369747899,1.74894926439,0.849489642704,0.463865546218,0.814492905316,0.428238537847,2.33333333333,1.90196078431,0.814492905316,2.33333333333,0,0,0,0,0.164242424242,17,17,17,1,0,0.352941176471,0.411764705882,0.235294117647,17,37,0.136029411765,1.88235294118,4.35294117647,3.36363636364,2.84615384615,1.69341284359,0.389027274878,0.193958664547,2.09866904602,0.964253345467,0.518282988871,1.87867287326,0.863174022847,0.470588235294,0.786197569093,0.41766745858,2.25,1.88235294118,0.786197569093,2.25,0.166339869281,0.0612244897959,3,0.00441176470588,0.185952380952,17,17,17,1,0,0.352941176471,0.411764705882,0.235294117647,0,0,0,0,0,0,0,0,0,0,0,0,0,0,0,0,0,0,0,0,0,0,0,0,0,0,0,0,0,37,0,0,235,1,1,0,0,1,1,1,1,1,1,2,2,0,0,0,0
2444,WLNM_dir_neg,1,0.5,00:00:01,10,60,22,1984532195,threshold_sweep,0.5,1,1,1,2,0,0,4,1,1,0,0,1,1,1,1,0.555555555556,1,1,1,37,35,2,0,37,0,35,0,2,17,37,0.136029411765,1.88235294118,4.35294117647,3.36363636364,2.84615384615,1.69341284359,0.389027274878,0.193958664547,2.09866904602,0.964253345467,0.518282988871,1.87867287326,0.863174022847,0.470588235294,0.786197569093,0.41766745858,2.25,1.88235294118,0.786197569093,2.25,0.166339869281,0.0612244897959,3,0.00441176470588,0.185952380952,17,17,17,1,0,0.352941176471,0.411764705882,0.235294117647,17,0.128676470588,1.90196078431,4.11764705882,3.18181818182,2.69230769231,1.57648156274,0.382859808093,0.201680672269,2.01465221053,0.978545359402,0.524369747899,1.74894926439,0.849489642704,0.463865546218,0.814492905316,0.428238537847,2.33333333333,1.90196078431,0.814492905316,2.33333333333,0,0,0,0,0.164242424242,17,17,17,1,0,0.352941176471,0.411764705882,0.235294117647,17,37,0.136029411765,1.88235294118,4.35294117647,3.36363636364,2.84615384615,1.69341284359,0.389027274878,0.193958664547,2.09866904602,0.964253345467,0.518282988871,1.87867287326,0.863174022847,0.470588235294,0.786197569093,0.41766745858,2.25,1.88235294118,0.786197569093,2.25,0.166339869281,0.0612244897959,3,0.00441176470588,0.185952380952,17,17,17,1,0,0.352941176471,0.411764705882,0.235294117647,0,0,0,0,0,0,0,0,0,0,0,0,0,0,0,0,0,0,0,0,0,0,0,0,0,0,0,0,0,37,0,0,235,1,1,0,0,1,1,1,1,1,1,2,2,0,0,0,0
2445,WLNM_dir_neg,1,0.5,00:00:01,10,60,22,1984532195,threshold_sweep,0.6,1,1,1,2,0,0,4,1,1,0,0,1,1,1,1,0.555555555556,1,1,1,37,35,2,0,37,0,35,0,2,17,37,0.136029411765,1.88235294118,4.35294117647,3.36363636364,2.84615384615,1.69341284359,0.389027274878,0.193958664547,2.09866904602,0.964253345467,0.518282988871,1.87867287326,0.863174022847,0.470588235294,0.786197569093,0.41766745858,2.25,1.88235294118,0.786197569093,2.25,0.166339869281,0.0612244897959,3,0.00441176470588,0.185952380952,17,17,17,1,0,0.352941176471,0.411764705882,0.235294117647,17,0.128676470588,1.90196078431,4.11764705882,3.18181818182,2.69230769231,1.57648156274,0.382859808093,0.201680672269,2.01465221053,0.978545359402,0.524369747899,1.74894926439,0.849489642704,0.463865546218,0.814492905316,0.428238537847,2.33333333333,1.90196078431,0.814492905316,2.33333333333,0,0,0,0,0.164242424242,17,17,17,1,0,0.352941176471,0.411764705882,0.235294117647,17,37,0.136029411765,1.88235294118,4.35294117647,3.36363636364,2.84615384615,1.69341284359,0.389027274878,0.193958664547,2.09866904602,0.964253345467,0.518282988871,1.87867287326,0.863174022847,0.470588235294,0.786197569093,0.41766745858,2.25,1.88235294118,0.786197569093,2.25,0.166339869281,0.0612244897959,3,0.00441176470588,0.185952380952,17,17,17,1,0,0.352941176471,0.411764705882,0.235294117647,0,0,0,0,0,0,0,0,0,0,0,0,0,0,0,0,0,0,0,0,0,0,0,0,0,0,0,0,0,37,0,0,235,1,1,0,0,1,1,1,1,1,1,2,2,0,0,0,0
2446,WLNM_dir_neg,1,0.5,00:00:01,10,60,22,1984532195,threshold_sweep,0.7,1,1,1,2,0,0,4,1,1,0,0,1,1,1,1,0.555555555556,1,1,1,37,35,2,0,37,0,35,0,2,17,37,0.136029411765,1.88235294118,4.35294117647,3.36363636364,2.84615384615,1.69341284359,0.389027274878,0.193958664547,2.09866904602,0.964253345467,0.518282988871,1.87867287326,0.863174022847,0.470588235294,0.786197569093,0.41766745858,2.25,1.88235294118,0.786197569093,2.25,0.166339869281,0.0612244897959,3,0.00441176470588,0.185952380952,17,17,17,1,0,0.352941176471,0.411764705882,0.235294117647,17,0.128676470588,1.90196078431,4.11764705882,3.18181818182,2.69230769231,1.57648156274,0.382859808093,0.201680672269,2.01465221053,0.978545359402,0.524369747899,1.74894926439,0.849489642704,0.463865546218,0.814492905316,0.428238537847,2.33333333333,1.90196078431,0.814492905316,2.33333333333,0,0,0,0,0.164242424242,17,17,17,1,0,0.352941176471,0.411764705882,0.235294117647,17,37,0.136029411765,1.88235294118,4.35294117647,3.36363636364,2.84615384615,1.69341284359,0.389027274878,0.193958664547,2.09866904602,0.964253345467,0.518282988871,1.87867287326,0.863174022847,0.470588235294,0.786197569093,0.41766745858,2.25,1.88235294118,0.786197569093,2.25,0.166339869281,0.0612244897959,3,0.00441176470588,0.185952380952,17,17,17,1,0,0.352941176471,0.411764705882,0.235294117647,0,0,0,0,0,0,0,0,0,0,0,0,0,0,0,0,0,0,0,0,0,0,0,0,0,0,0,0,0,37,0,0,235,1,1,0,0,1,1,1,1,1,1,2,2,0,0,0,0
2447,WLNM_dir_neg,1,0.5,00:00:01,10,60,22,1984532195,threshold_sweep,0.8,1,1,1,2,0,0,4,1,1,0,0,1,1,1,1,0.555555555556,1,1,1,37,35,2,0,37,0,35,0,2,17,37,0.136029411765,1.88235294118,4.35294117647,3.36363636364,2.84615384615,1.69341284359,0.389027274878,0.193958664547,2.09866904602,0.964253345467,0.518282988871,1.87867287326,0.863174022847,0.470588235294,0.786197569093,0.41766745858,2.25,1.88235294118,0.786197569093,2.25,0.166339869281,0.0612244897959,3,0.00441176470588,0.185952380952,17,17,17,1,0,0.352941176471,0.411764705882,0.235294117647,17,0.128676470588,1.90196078431,4.11764705882,3.18181818182,2.69230769231,1.57648156274,0.382859808093,0.201680672269,2.01465221053,0.978545359402,0.524369747899,1.74894926439,0.849489642704,0.463865546218,0.814492905316,0.428238537847,2.33333333333,1.90196078431,0.814492905316,2.33333333333,0,0,0,0,0.164242424242,17,17,17,1,0,0.352941176471,0.411764705882,0.235294117647,17,37,0.136029411765,1.88235294118,4.35294117647,3.36363636364,2.84615384615,1.69341284359,0.389027274878,0.193958664547,2.09866904602,0.964253345467,0.518282988871,1.87867287326,0.863174022847,0.470588235294,0.786197569093,0.41766745858,2.25,1.88235294118,0.786197569093,2.25,0.166339869281,0.0612244897959,3,0.00441176470588,0.185952380952,17,17,17,1,0,0.352941176471,0.411764705882,0.235294117647,0,0,0,0,0,0,0,0,0,0,0,0,0,0,0,0,0,0,0,0,0,0,0,0,0,0,0,0,0,37,0,0,235,1,1,0,0,1,1,1,1,1,1,2,2,0,0,0,0
2448,WLNM_dir_neg,1,0.5,00:00:01,10,60,22,1984532195,threshold_sweep,0.9,1,1,1,2,0,0,4,1,1,0,0,1,1,1,1,0.555555555556,1,1,1,37,35,2,0,37,0,35,0,2,17,37,0.136029411765,1.88235294118,4.35294117647,3.36363636364,2.84615384615,1.69341284359,0.389027274878,0.193958664547,2.09866904602,0.964253345467,0.518282988871,1.87867287326,0.863174022847,0.470588235294,0.786197569093,0.41766745858,2.25,1.88235294118,0.786197569093,2.25,0.166339869281,0.0612244897959,3,0.00441176470588,0.185952380952,17,17,17,1,0,0.352941176471,0.411764705882,0.235294117647,17,0.128676470588,1.90196078431,4.11764705882,3.18181818182,2.69230769231,1.57648156274,0.382859808093,0.201680672269,2.01465221053,0.978545359402,0.524369747899,1.74894926439,0.849489642704,0.463865546218,0.814492905316,0.428238537847,2.33333333333,1.90196078431,0.814492905316,2.33333333333,0,0,0,0,0.164242424242,17,17,17,1,0,0.352941176471,0.411764705882,0.235294117647,17,37,0.136029411765,1.88235294118,4.35294117647,3.36363636364,2.84615384615,1.69341284359,0.389027274878,0.193958664547,2.09866904602,0.964253345467,0.518282988871,1.87867287326,0.863174022847,0.470588235294,0.786197569093,0.41766745858,2.25,1.88235294118,0.786197569093,2.25,0.166339869281,0.0612244897959,3,0.00441176470588,0.185952380952,17,17,17,1,0,0.352941176471,0.411764705882,0.235294117647,0,0,0,0,0,0,0,0,0,0,0,0,0,0,0,0,0,0,0,0,0,0,0,0,0,0,0,0,0,37,0,0,235,1,1,0,0,1,1,1,1,1,1,2,2,0,0,0,0
2449,WLNM_dir_neg,1,0.5,00:00:00,10,60,23,1984532196,threshold_sweep,0.1,1,1,1,2,0,0,4,1,1,0,0,1,1,1,1,0.555555555556,1,1,1,37,35,2,0,37,0,35,0,2,17,37,0.136029411765,1.88235294118,4.35294117647,3.36363636364,2.84615384615,1.69341284359,0.389027274878,0.193958664547,2.09866904602,0.964253345467,0.518282988871,1.87867287326,0.863174022847,0.470588235294,0.786197569093,0.41766745858,2.25,1.88235294118,0.786197569093,2.25,0.166339869281,0.0612244897959,3,0.00441176470588,0.185952380952,17,17,17,1,0,0.352941176471,0.411764705882,0.235294117647,17,0.128676470588,1.90196078431,4.11764705882,3.18181818182,2.69230769231,1.57648156274,0.382859808093,0.201680672269,2.01465221053,0.978545359402,0.524369747899,1.74894926439,0.849489642704,0.463865546218,0.814492905316,0.428238537847,2.33333333333,1.90196078431,0.814492905316,2.33333333333,0,0,0,0,0.164242424242,17,17,17,1,0,0.352941176471,0.411764705882,0.235294117647,17,37,0.136029411765,1.88235294118,4.35294117647,3.36363636364,2.84615384615,1.69341284359,0.389027274878,0.193958664547,2.09866904602,0.964253345467,0.518282988871,1.87867287326,0.863174022847,0.470588235294,0.786197569093,0.41766745858,2.25,1.88235294118,0.786197569093,2.25,0.166339869281,0.0612244897959,3,0.00441176470588,0.185952380952,17,17,17,1,0,0.352941176471,0.411764705882,0.235294117647,0,0,0,0,0,0,0,0,0,0,0,0,0,0,0,0,0,0,0,0,0,0,0,0,0,0,0,0,0,37,0,0,235,1,1,0,0,1,1,1,1,1,1,2,2,0,0,0,0
2450,WLNM_dir_neg,1,0.5,00:00:00,10,60,23,1984532196,threshold_sweep,0.2,1,1,1,2,0,0,4,1,1,0,0,1,1,1,1,0.555555555556,1,1,1,37,35,2,0,37,0,35,0,2,17,37,0.136029411765,1.88235294118,4.35294117647,3.36363636364,2.84615384615,1.69341284359,0.389027274878,0.193958664547,2.09866904602,0.964253345467,0.518282988871,1.87867287326,0.863174022847,0.470588235294,0.786197569093,0.41766745858,2.25,1.88235294118,0.786197569093,2.25,0.166339869281,0.0612244897959,3,0.00441176470588,0.185952380952,17,17,17,1,0,0.352941176471,0.411764705882,0.235294117647,17,0.128676470588,1.90196078431,4.11764705882,3.18181818182,2.69230769231,1.57648156274,0.382859808093,0.201680672269,2.01465221053,0.978545359402,0.524369747899,1.74894926439,0.849489642704,0.463865546218,0.814492905316,0.428238537847,2.33333333333,1.90196078431,0.814492905316,2.33333333333,0,0,0,0,0.164242424242,17,17,17,1,0,0.352941176471,0.411764705882,0.235294117647,17,37,0.136029411765,1.88235294118,4.35294117647,3.36363636364,2.84615384615,1.69341284359,0.389027274878,0.193958664547,2.09866904602,0.964253345467,0.518282988871,1.87867287326,0.863174022847,0.470588235294,0.786197569093,0.41766745858,2.25,1.88235294118,0.786197569093,2.25,0.166339869281,0.0612244897959,3,0.00441176470588,0.185952380952,17,17,17,1,0,0.352941176471,0.411764705882,0.235294117647,0,0,0,0,0,0,0,0,0,0,0,0,0,0,0,0,0,0,0,0,0,0,0,0,0,0,0,0,0,37,0,0,235,1,1,0,0,1,1,1,1,1,1,2,2,0,0,0,0
2451,WLNM_dir_neg,1,0.5,00:00:00,10,60,23,1984532196,threshold_sweep,0.3,1,1,1,2,0,0,4,1,1,0,0,1,1,1,1,0.555555555556,1,1,1,37,35,2,0,37,0,35,0,2,17,37,0.136029411765,1.88235294118,4.35294117647,3.36363636364,2.84615384615,1.69341284359,0.389027274878,0.193958664547,2.09866904602,0.964253345467,0.518282988871,1.87867287326,0.863174022847,0.470588235294,0.786197569093,0.41766745858,2.25,1.88235294118,0.786197569093,2.25,0.166339869281,0.0612244897959,3,0.00441176470588,0.185952380952,17,17,17,1,0,0.352941176471,0.411764705882,0.235294117647,17,0.128676470588,1.90196078431,4.11764705882,3.18181818182,2.69230769231,1.57648156274,0.382859808093,0.201680672269,2.01465221053,0.978545359402,0.524369747899,1.74894926439,0.849489642704,0.463865546218,0.814492905316,0.428238537847,2.33333333333,1.90196078431,0.814492905316,2.33333333333,0,0,0,0,0.164242424242,17,17,17,1,0,0.352941176471,0.411764705882,0.235294117647,17,37,0.136029411765,1.88235294118,4.35294117647,3.36363636364,2.84615384615,1.69341284359,0.389027274878,0.193958664547,2.09866904602,0.964253345467,0.518282988871,1.87867287326,0.863174022847,0.470588235294,0.786197569093,0.41766745858,2.25,1.88235294118,0.786197569093,2.25,0.166339869281,0.0612244897959,3,0.00441176470588,0.185952380952,17,17,17,1,0,0.352941176471,0.411764705882,0.235294117647,0,0,0,0,0,0,0,0,0,0,0,0,0,0,0,0,0,0,0,0,0,0,0,0,0,0,0,0,0,37,0,0,235,1,1,0,0,1,1,1,1,1,1,2,2,0,0,0,0
2452,WLNM_dir_neg,1,0.5,00:00:00,10,60,23,1984532196,threshold_sweep,0.4,1,1,1,2,0,0,4,1,1,0,0,1,1,1,1,0.555555555556,1,1,1,37,35,2,0,37,0,35,0,2,17,37,0.136029411765,1.88235294118,4.35294117647,3.36363636364,2.84615384615,1.69341284359,0.389027274878,0.193958664547,2.09866904602,0.964253345467,0.518282988871,1.87867287326,0.863174022847,0.470588235294,0.786197569093,0.41766745858,2.25,1.88235294118,0.786197569093,2.25,0.166339869281,0.0612244897959,3,0.00441176470588,0.185952380952,17,17,17,1,0,0.352941176471,0.411764705882,0.235294117647,17,0.128676470588,1.90196078431,4.11764705882,3.18181818182,2.69230769231,1.57648156274,0.382859808093,0.201680672269,2.01465221053,0.978545359402,0.524369747899,1.74894926439,0.849489642704,0.463865546218,0.814492905316,0.428238537847,2.33333333333,1.90196078431,0.814492905316,2.33333333333,0,0,0,0,0.164242424242,17,17,17,1,0,0.352941176471,0.411764705882,0.235294117647,17,37,0.136029411765,1.88235294118,4.35294117647,3.36363636364,2.84615384615,1.69341284359,0.389027274878,0.193958664547,2.09866904602,0.964253345467,0.518282988871,1.87867287326,0.863174022847,0.470588235294,0.786197569093,0.41766745858,2.25,1.88235294118,0.786197569093,2.25,0.166339869281,0.0612244897959,3,0.00441176470588,0.185952380952,17,17,17,1,0,0.352941176471,0.411764705882,0.235294117647,0,0,0,0,0,0,0,0,0,0,0,0,0,0,0,0,0,0,0,0,0,0,0,0,0,0,0,0,0,37,0,0,235,1,1,0,0,1,1,1,1,1,1,2,2,0,0,0,0
2453,WLNM_dir_neg,1,0.5,00:00:00,10,60,23,1984532196,threshold_sweep,0.5,1,1,1,2,0,0,4,1,1,0,0,1,1,1,1,0.555555555556,1,1,1,37,35,2,0,37,0,35,0,2,17,37,0.136029411765,1.88235294118,4.35294117647,3.36363636364,2.84615384615,1.69341284359,0.389027274878,0.193958664547,2.09866904602,0.964253345467,0.518282988871,1.87867287326,0.863174022847,0.470588235294,0.786197569093,0.41766745858,2.25,1.88235294118,0.786197569093,2.25,0.166339869281,0.0612244897959,3,0.00441176470588,0.185952380952,17,17,17,1,0,0.352941176471,0.411764705882,0.235294117647,17,0.128676470588,1.90196078431,4.11764705882,3.18181818182,2.69230769231,1.57648156274,0.382859808093,0.201680672269,2.01465221053,0.978545359402,0.524369747899,1.74894926439,0.849489642704,0.463865546218,0.814492905316,0.428238537847,2.33333333333,1.90196078431,0.814492905316,2.33333333333,0,0,0,0,0.164242424242,17,17,17,1,0,0.352941176471,0.411764705882,0.235294117647,17,37,0.136029411765,1.88235294118,4.35294117647,3.36363636364,2.84615384615,1.69341284359,0.389027274878,0.193958664547,2.09866904602,0.964253345467,0.518282988871,1.87867287326,0.863174022847,0.470588235294,0.786197569093,0.41766745858,2.25,1.88235294118,0.786197569093,2.25,0.166339869281,0.0612244897959,3,0.00441176470588,0.185952380952,17,17,17,1,0,0.352941176471,0.411764705882,0.235294117647,0,0,0,0,0,0,0,0,0,0,0,0,0,0,0,0,0,0,0,0,0,0,0,0,0,0,0,0,0,37,0,0,235,1,1,0,0,1,1,1,1,1,1,2,2,0,0,0,0
2454,WLNM_dir_neg,1,0.5,00:00:00,10,60,23,1984532196,threshold_sweep,0.6,1,1,1,2,0,0,4,1,1,0,0,1,1,1,1,0.555555555556,1,1,1,37,35,2,0,37,0,35,0,2,17,37,0.136029411765,1.88235294118,4.35294117647,3.36363636364,2.84615384615,1.69341284359,0.389027274878,0.193958664547,2.09866904602,0.964253345467,0.518282988871,1.87867287326,0.863174022847,0.470588235294,0.786197569093,0.41766745858,2.25,1.88235294118,0.786197569093,2.25,0.166339869281,0.0612244897959,3,0.00441176470588,0.185952380952,17,17,17,1,0,0.352941176471,0.411764705882,0.235294117647,17,0.128676470588,1.90196078431,4.11764705882,3.18181818182,2.69230769231,1.57648156274,0.382859808093,0.201680672269,2.01465221053,0.978545359402,0.524369747899,1.74894926439,0.849489642704,0.463865546218,0.814492905316,0.428238537847,2.33333333333,1.90196078431,0.814492905316,2.33333333333,0,0,0,0,0.164242424242,17,17,17,1,0,0.352941176471,0.411764705882,0.235294117647,17,37,0.136029411765,1.88235294118,4.35294117647,3.36363636364,2.84615384615,1.69341284359,0.389027274878,0.193958664547,2.09866904602,0.964253345467,0.518282988871,1.87867287326,0.863174022847,0.470588235294,0.786197569093,0.41766745858,2.25,1.88235294118,0.786197569093,2.25,0.166339869281,0.0612244897959,3,0.00441176470588,0.185952380952,17,17,17,1,0,0.352941176471,0.411764705882,0.235294117647,0,0,0,0,0,0,0,0,0,0,0,0,0,0,0,0,0,0,0,0,0,0,0,0,0,0,0,0,0,37,0,0,235,1,1,0,0,1,1,1,1,1,1,2,2,0,0,0,0
2455,WLNM_dir_neg,1,0.5,00:00:00,10,60,23,1984532196,threshold_sweep,0.7,1,1,1,2,0,0,4,1,1,0,0,1,1,1,1,0.555555555556,1,1,1,37,35,2,0,37,0,35,0,2,17,37,0.136029411765,1.88235294118,4.35294117647,3.36363636364,2.84615384615,1.69341284359,0.389027274878,0.193958664547,2.09866904602,0.964253345467,0.518282988871,1.87867287326,0.863174022847,0.470588235294,0.786197569093,0.41766745858,2.25,1.88235294118,0.786197569093,2.25,0.166339869281,0.0612244897959,3,0.00441176470588,0.185952380952,17,17,17,1,0,0.352941176471,0.411764705882,0.235294117647,17,0.128676470588,1.90196078431,4.11764705882,3.18181818182,2.69230769231,1.57648156274,0.382859808093,0.201680672269,2.01465221053,0.978545359402,0.524369747899,1.74894926439,0.849489642704,0.463865546218,0.814492905316,0.428238537847,2.33333333333,1.90196078431,0.814492905316,2.33333333333,0,0,0,0,0.164242424242,17,17,17,1,0,0.352941176471,0.411764705882,0.235294117647,17,37,0.136029411765,1.88235294118,4.35294117647,3.36363636364,2.84615384615,1.69341284359,0.389027274878,0.193958664547,2.09866904602,0.964253345467,0.518282988871,1.87867287326,0.863174022847,0.470588235294,0.786197569093,0.41766745858,2.25,1.88235294118,0.786197569093,2.25,0.166339869281,0.0612244897959,3,0.00441176470588,0.185952380952,17,17,17,1,0,0.352941176471,0.411764705882,0.235294117647,0,0,0,0,0,0,0,0,0,0,0,0,0,0,0,0,0,0,0,0,0,0,0,0,0,0,0,0,0,37,0,0,235,1,1,0,0,1,1,1,1,1,1,2,2,0,0,0,0
2456,WLNM_dir_neg,1,0.5,00:00:00,10,60,23,1984532196,threshold_sweep,0.8,1,1,1,2,0,0,4,1,1,0,0,1,1,1,1,0.555555555556,1,1,1,37,35,2,0,37,0,35,0,2,17,37,0.136029411765,1.88235294118,4.35294117647,3.36363636364,2.84615384615,1.69341284359,0.389027274878,0.193958664547,2.09866904602,0.964253345467,0.518282988871,1.87867287326,0.863174022847,0.470588235294,0.786197569093,0.41766745858,2.25,1.88235294118,0.786197569093,2.25,0.166339869281,0.0612244897959,3,0.00441176470588,0.185952380952,17,17,17,1,0,0.352941176471,0.411764705882,0.235294117647,17,0.128676470588,1.90196078431,4.11764705882,3.18181818182,2.69230769231,1.57648156274,0.382859808093,0.201680672269,2.01465221053,0.978545359402,0.524369747899,1.74894926439,0.849489642704,0.463865546218,0.814492905316,0.428238537847,2.33333333333,1.90196078431,0.814492905316,2.33333333333,0,0,0,0,0.164242424242,17,17,17,1,0,0.352941176471,0.411764705882,0.235294117647,17,37,0.136029411765,1.88235294118,4.35294117647,3.36363636364,2.84615384615,1.69341284359,0.389027274878,0.193958664547,2.09866904602,0.964253345467,0.518282988871,1.87867287326,0.863174022847,0.470588235294,0.786197569093,0.41766745858,2.25,1.88235294118,0.786197569093,2.25,0.166339869281,0.0612244897959,3,0.00441176470588,0.185952380952,17,17,17,1,0,0.352941176471,0.411764705882,0.235294117647,0,0,0,0,0,0,0,0,0,0,0,0,0,0,0,0,0,0,0,0,0,0,0,0,0,0,0,0,0,37,0,0,235,1,1,0,0,1,1,1,1,1,1,2,2,0,0,0,0
2457,WLNM_dir_neg,1,0.5,00:00:00,10,60,23,1984532196,threshold_sweep,0.9,1,1,1,2,0,0,4,1,1,0,0,1,1,1,1,0.555555555556,1,1,1,37,35,2,0,37,0,35,0,2,17,37,0.136029411765,1.88235294118,4.35294117647,3.36363636364,2.84615384615,1.69341284359,0.389027274878,0.193958664547,2.09866904602,0.964253345467,0.518282988871,1.87867287326,0.863174022847,0.470588235294,0.786197569093,0.41766745858,2.25,1.88235294118,0.786197569093,2.25,0.166339869281,0.0612244897959,3,0.00441176470588,0.185952380952,17,17,17,1,0,0.352941176471,0.411764705882,0.235294117647,17,0.128676470588,1.90196078431,4.11764705882,3.18181818182,2.69230769231,1.57648156274,0.382859808093,0.201680672269,2.01465221053,0.978545359402,0.524369747899,1.74894926439,0.849489642704,0.463865546218,0.814492905316,0.428238537847,2.33333333333,1.90196078431,0.814492905316,2.33333333333,0,0,0,0,0.164242424242,17,17,17,1,0,0.352941176471,0.411764705882,0.235294117647,17,37,0.136029411765,1.88235294118,4.35294117647,3.36363636364,2.84615384615,1.69341284359,0.389027274878,0.193958664547,2.09866904602,0.964253345467,0.518282988871,1.87867287326,0.863174022847,0.470588235294,0.786197569093,0.41766745858,2.25,1.88235294118,0.786197569093,2.25,0.166339869281,0.0612244897959,3,0.00441176470588,0.185952380952,17,17,17,1,0,0.352941176471,0.411764705882,0.235294117647,0,0,0,0,0,0,0,0,0,0,0,0,0,0,0,0,0,0,0,0,0,0,0,0,0,0,0,0,0,37,0,0,235,1,1,0,0,1,1,1,1,1,1,2,2,0,0,0,0
2458,WLNM_dir_neg,1,0.5,00:00:02,10,60,24,1984532197,threshold_sweep,0.1,1,1,1,2,0,0,4,1,1,0,0,1,1,1,1,0.555555555556,1,1,1,37,35,2,0,37,0,35,0,2,17,37,0.136029411765,1.88235294118,4.35294117647,3.36363636364,2.84615384615,1.69341284359,0.389027274878,0.193958664547,2.09866904602,0.964253345467,0.518282988871,1.87867287326,0.863174022847,0.470588235294,0.786197569093,0.41766745858,2.25,1.88235294118,0.786197569093,2.25,0.166339869281,0.0612244897959,3,0.00441176470588,0.185952380952,17,17,17,1,0,0.352941176471,0.411764705882,0.235294117647,17,0.128676470588,1.90196078431,4.11764705882,3.18181818182,2.69230769231,1.57648156274,0.382859808093,0.201680672269,2.01465221053,0.978545359402,0.524369747899,1.74894926439,0.849489642704,0.463865546218,0.814492905316,0.428238537847,2.33333333333,1.90196078431,0.814492905316,2.33333333333,0,0,0,0,0.164242424242,17,17,17,1,0,0.352941176471,0.411764705882,0.235294117647,17,37,0.136029411765,1.88235294118,4.35294117647,3.36363636364,2.84615384615,1.69341284359,0.389027274878,0.193958664547,2.09866904602,0.964253345467,0.518282988871,1.87867287326,0.863174022847,0.470588235294,0.786197569093,0.41766745858,2.25,1.88235294118,0.786197569093,2.25,0.166339869281,0.0612244897959,3,0.00441176470588,0.185952380952,17,17,17,1,0,0.352941176471,0.411764705882,0.235294117647,0,0,0,0,0,0,0,0,0,0,0,0,0,0,0,0,0,0,0,0,0,0,0,0,0,0,0,0,0,37,0,0,235,1,1,0,0,1,1,1,1,1,1,2,2,0,0,0,0
2459,WLNM_dir_neg,1,0.5,00:00:02,10,60,24,1984532197,threshold_sweep,0.2,1,1,1,2,0,0,4,1,1,0,0,1,1,1,1,0.555555555556,1,1,1,37,35,2,0,37,0,35,0,2,17,37,0.136029411765,1.88235294118,4.35294117647,3.36363636364,2.84615384615,1.69341284359,0.389027274878,0.193958664547,2.09866904602,0.964253345467,0.518282988871,1.87867287326,0.863174022847,0.470588235294,0.786197569093,0.41766745858,2.25,1.88235294118,0.786197569093,2.25,0.166339869281,0.0612244897959,3,0.00441176470588,0.185952380952,17,17,17,1,0,0.352941176471,0.411764705882,0.235294117647,17,0.128676470588,1.90196078431,4.11764705882,3.18181818182,2.69230769231,1.57648156274,0.382859808093,0.201680672269,2.01465221053,0.978545359402,0.524369747899,1.74894926439,0.849489642704,0.463865546218,0.814492905316,0.428238537847,2.33333333333,1.90196078431,0.814492905316,2.33333333333,0,0,0,0,0.164242424242,17,17,17,1,0,0.352941176471,0.411764705882,0.235294117647,17,37,0.136029411765,1.88235294118,4.35294117647,3.36363636364,2.84615384615,1.69341284359,0.389027274878,0.193958664547,2.09866904602,0.964253345467,0.518282988871,1.87867287326,0.863174022847,0.470588235294,0.786197569093,0.41766745858,2.25,1.88235294118,0.786197569093,2.25,0.166339869281,0.0612244897959,3,0.00441176470588,0.185952380952,17,17,17,1,0,0.352941176471,0.411764705882,0.235294117647,0,0,0,0,0,0,0,0,0,0,0,0,0,0,0,0,0,0,0,0,0,0,0,0,0,0,0,0,0,37,0,0,235,1,1,0,0,1,1,1,1,1,1,2,2,0,0,0,0
2460,WLNM_dir_neg,1,0.5,00:00:02,10,60,24,1984532197,threshold_sweep,0.3,1,1,1,2,0,0,4,1,1,0,0,1,1,1,1,0.555555555556,1,1,1,37,35,2,0,37,0,35,0,2,17,37,0.136029411765,1.88235294118,4.35294117647,3.36363636364,2.84615384615,1.69341284359,0.389027274878,0.193958664547,2.09866904602,0.964253345467,0.518282988871,1.87867287326,0.863174022847,0.470588235294,0.786197569093,0.41766745858,2.25,1.88235294118,0.786197569093,2.25,0.166339869281,0.0612244897959,3,0.00441176470588,0.185952380952,17,17,17,1,0,0.352941176471,0.411764705882,0.235294117647,17,0.128676470588,1.90196078431,4.11764705882,3.18181818182,2.69230769231,1.57648156274,0.382859808093,0.201680672269,2.01465221053,0.978545359402,0.524369747899,1.74894926439,0.849489642704,0.463865546218,0.814492905316,0.428238537847,2.33333333333,1.90196078431,0.814492905316,2.33333333333,0,0,0,0,0.164242424242,17,17,17,1,0,0.352941176471,0.411764705882,0.235294117647,17,37,0.136029411765,1.88235294118,4.35294117647,3.36363636364,2.84615384615,1.69341284359,0.389027274878,0.193958664547,2.09866904602,0.964253345467,0.518282988871,1.87867287326,0.863174022847,0.470588235294,0.786197569093,0.41766745858,2.25,1.88235294118,0.786197569093,2.25,0.166339869281,0.0612244897959,3,0.00441176470588,0.185952380952,17,17,17,1,0,0.352941176471,0.411764705882,0.235294117647,0,0,0,0,0,0,0,0,0,0,0,0,0,0,0,0,0,0,0,0,0,0,0,0,0,0,0,0,0,37,0,0,235,1,1,0,0,1,1,1,1,1,1,2,2,0,0,0,0
2461,WLNM_dir_neg,1,0.5,00:00:02,10,60,24,1984532197,threshold_sweep,0.4,1,1,1,2,0,0,4,1,1,0,0,1,1,1,1,0.555555555556,1,1,1,37,35,2,0,37,0,35,0,2,17,37,0.136029411765,1.88235294118,4.35294117647,3.36363636364,2.84615384615,1.69341284359,0.389027274878,0.193958664547,2.09866904602,0.964253345467,0.518282988871,1.87867287326,0.863174022847,0.470588235294,0.786197569093,0.41766745858,2.25,1.88235294118,0.786197569093,2.25,0.166339869281,0.0612244897959,3,0.00441176470588,0.185952380952,17,17,17,1,0,0.352941176471,0.411764705882,0.235294117647,17,0.128676470588,1.90196078431,4.11764705882,3.18181818182,2.69230769231,1.57648156274,0.382859808093,0.201680672269,2.01465221053,0.978545359402,0.524369747899,1.74894926439,0.849489642704,0.463865546218,0.814492905316,0.428238537847,2.33333333333,1.90196078431,0.814492905316,2.33333333333,0,0,0,0,0.164242424242,17,17,17,1,0,0.352941176471,0.411764705882,0.235294117647,17,37,0.136029411765,1.88235294118,4.35294117647,3.36363636364,2.84615384615,1.69341284359,0.389027274878,0.193958664547,2.09866904602,0.964253345467,0.518282988871,1.87867287326,0.863174022847,0.470588235294,0.786197569093,0.41766745858,2.25,1.88235294118,0.786197569093,2.25,0.166339869281,0.0612244897959,3,0.00441176470588,0.185952380952,17,17,17,1,0,0.352941176471,0.411764705882,0.235294117647,0,0,0,0,0,0,0,0,0,0,0,0,0,0,0,0,0,0,0,0,0,0,0,0,0,0,0,0,0,37,0,0,235,1,1,0,0,1,1,1,1,1,1,2,2,0,0,0,0
2462,WLNM_dir_neg,1,0.5,00:00:02,10,60,24,1984532197,threshold_sweep,0.5,1,1,1,2,0,0,4,1,1,0,0,1,1,1,1,0.555555555556,1,1,1,37,35,2,0,37,0,35,0,2,17,37,0.136029411765,1.88235294118,4.35294117647,3.36363636364,2.84615384615,1.69341284359,0.389027274878,0.193958664547,2.09866904602,0.964253345467,0.518282988871,1.87867287326,0.863174022847,0.470588235294,0.786197569093,0.41766745858,2.25,1.88235294118,0.786197569093,2.25,0.166339869281,0.0612244897959,3,0.00441176470588,0.185952380952,17,17,17,1,0,0.352941176471,0.411764705882,0.235294117647,17,0.128676470588,1.90196078431,4.11764705882,3.18181818182,2.69230769231,1.57648156274,0.382859808093,0.201680672269,2.01465221053,0.978545359402,0.524369747899,1.74894926439,0.849489642704,0.463865546218,0.814492905316,0.428238537847,2.33333333333,1.90196078431,0.814492905316,2.33333333333,0,0,0,0,0.164242424242,17,17,17,1,0,0.352941176471,0.411764705882,0.235294117647,17,37,0.136029411765,1.88235294118,4.35294117647,3.36363636364,2.84615384615,1.69341284359,0.389027274878,0.193958664547,2.09866904602,0.964253345467,0.518282988871,1.87867287326,0.863174022847,0.470588235294,0.786197569093,0.41766745858,2.25,1.88235294118,0.786197569093,2.25,0.166339869281,0.0612244897959,3,0.00441176470588,0.185952380952,17,17,17,1,0,0.352941176471,0.411764705882,0.235294117647,0,0,0,0,0,0,0,0,0,0,0,0,0,0,0,0,0,0,0,0,0,0,0,0,0,0,0,0,0,37,0,0,235,1,1,0,0,1,1,1,1,1,1,2,2,0,0,0,0
2463,WLNM_dir_neg,1,0.5,00:00:02,10,60,24,1984532197,threshold_sweep,0.6,1,1,1,2,0,0,4,1,1,0,0,1,1,1,1,0.555555555556,1,1,1,37,35,2,0,37,0,35,0,2,17,37,0.136029411765,1.88235294118,4.35294117647,3.36363636364,2.84615384615,1.69341284359,0.389027274878,0.193958664547,2.09866904602,0.964253345467,0.518282988871,1.87867287326,0.863174022847,0.470588235294,0.786197569093,0.41766745858,2.25,1.88235294118,0.786197569093,2.25,0.166339869281,0.0612244897959,3,0.00441176470588,0.185952380952,17,17,17,1,0,0.352941176471,0.411764705882,0.235294117647,17,0.128676470588,1.90196078431,4.11764705882,3.18181818182,2.69230769231,1.57648156274,0.382859808093,0.201680672269,2.01465221053,0.978545359402,0.524369747899,1.74894926439,0.849489642704,0.463865546218,0.814492905316,0.428238537847,2.33333333333,1.90196078431,0.814492905316,2.33333333333,0,0,0,0,0.164242424242,17,17,17,1,0,0.352941176471,0.411764705882,0.235294117647,17,37,0.136029411765,1.88235294118,4.35294117647,3.36363636364,2.84615384615,1.69341284359,0.389027274878,0.193958664547,2.09866904602,0.964253345467,0.518282988871,1.87867287326,0.863174022847,0.470588235294,0.786197569093,0.41766745858,2.25,1.88235294118,0.786197569093,2.25,0.166339869281,0.0612244897959,3,0.00441176470588,0.185952380952,17,17,17,1,0,0.352941176471,0.411764705882,0.235294117647,0,0,0,0,0,0,0,0,0,0,0,0,0,0,0,0,0,0,0,0,0,0,0,0,0,0,0,0,0,37,0,0,235,1,1,0,0,1,1,1,1,1,1,2,2,0,0,0,0
2464,WLNM_dir_neg,1,0.5,00:00:02,10,60,24,1984532197,threshold_sweep,0.7,1,1,1,2,0,0,4,1,1,0,0,1,1,1,1,0.555555555556,1,1,1,37,35,2,0,37,0,35,0,2,17,37,0.136029411765,1.88235294118,4.35294117647,3.36363636364,2.84615384615,1.69341284359,0.389027274878,0.193958664547,2.09866904602,0.964253345467,0.518282988871,1.87867287326,0.863174022847,0.470588235294,0.786197569093,0.41766745858,2.25,1.88235294118,0.786197569093,2.25,0.166339869281,0.0612244897959,3,0.00441176470588,0.185952380952,17,17,17,1,0,0.352941176471,0.411764705882,0.235294117647,17,0.128676470588,1.90196078431,4.11764705882,3.18181818182,2.69230769231,1.57648156274,0.382859808093,0.201680672269,2.01465221053,0.978545359402,0.524369747899,1.74894926439,0.849489642704,0.463865546218,0.814492905316,0.428238537847,2.33333333333,1.90196078431,0.814492905316,2.33333333333,0,0,0,0,0.164242424242,17,17,17,1,0,0.352941176471,0.411764705882,0.235294117647,17,37,0.136029411765,1.88235294118,4.35294117647,3.36363636364,2.84615384615,1.69341284359,0.389027274878,0.193958664547,2.09866904602,0.964253345467,0.518282988871,1.87867287326,0.863174022847,0.470588235294,0.786197569093,0.41766745858,2.25,1.88235294118,0.786197569093,2.25,0.166339869281,0.0612244897959,3,0.00441176470588,0.185952380952,17,17,17,1,0,0.352941176471,0.411764705882,0.235294117647,0,0,0,0,0,0,0,0,0,0,0,0,0,0,0,0,0,0,0,0,0,0,0,0,0,0,0,0,0,37,0,0,235,1,1,0,0,1,1,1,1,1,1,2,2,0,0,0,0
2465,WLNM_dir_neg,1,0.5,00:00:02,10,60,24,1984532197,threshold_sweep,0.8,1,1,1,2,0,0,4,1,1,0,0,1,1,1,1,0.555555555556,1,1,1,37,35,2,0,37,0,35,0,2,17,37,0.136029411765,1.88235294118,4.35294117647,3.36363636364,2.84615384615,1.69341284359,0.389027274878,0.193958664547,2.09866904602,0.964253345467,0.518282988871,1.87867287326,0.863174022847,0.470588235294,0.786197569093,0.41766745858,2.25,1.88235294118,0.786197569093,2.25,0.166339869281,0.0612244897959,3,0.00441176470588,0.185952380952,17,17,17,1,0,0.352941176471,0.411764705882,0.235294117647,17,0.128676470588,1.90196078431,4.11764705882,3.18181818182,2.69230769231,1.57648156274,0.382859808093,0.201680672269,2.01465221053,0.978545359402,0.524369747899,1.74894926439,0.849489642704,0.463865546218,0.814492905316,0.428238537847,2.33333333333,1.90196078431,0.814492905316,2.33333333333,0,0,0,0,0.164242424242,17,17,17,1,0,0.352941176471,0.411764705882,0.235294117647,17,37,0.136029411765,1.88235294118,4.35294117647,3.36363636364,2.84615384615,1.69341284359,0.389027274878,0.193958664547,2.09866904602,0.964253345467,0.518282988871,1.87867287326,0.863174022847,0.470588235294,0.786197569093,0.41766745858,2.25,1.88235294118,0.786197569093,2.25,0.166339869281,0.0612244897959,3,0.00441176470588,0.185952380952,17,17,17,1,0,0.352941176471,0.411764705882,0.235294117647,0,0,0,0,0,0,0,0,0,0,0,0,0,0,0,0,0,0,0,0,0,0,0,0,0,0,0,0,0,37,0,0,235,1,1,0,0,1,1,1,1,1,1,2,2,0,0,0,0
2466,WLNM_dir_neg,1,0.5,00:00:02,10,60,24,1984532197,threshold_sweep,0.9,1,1,1,2,0,0,4,1,1,0,0,1,1,1,1,0.555555555556,1,1,1,37,35,2,0,37,0,35,0,2,17,37,0.136029411765,1.88235294118,4.35294117647,3.36363636364,2.84615384615,1.69341284359,0.389027274878,0.193958664547,2.09866904602,0.964253345467,0.518282988871,1.87867287326,0.863174022847,0.470588235294,0.786197569093,0.41766745858,2.25,1.88235294118,0.786197569093,2.25,0.166339869281,0.0612244897959,3,0.00441176470588,0.185952380952,17,17,17,1,0,0.352941176471,0.411764705882,0.235294117647,17,0.128676470588,1.90196078431,4.11764705882,3.18181818182,2.69230769231,1.57648156274,0.382859808093,0.201680672269,2.01465221053,0.978545359402,0.524369747899,1.74894926439,0.849489642704,0.463865546218,0.814492905316,0.428238537847,2.33333333333,1.90196078431,0.814492905316,2.33333333333,0,0,0,0,0.164242424242,17,17,17,1,0,0.352941176471,0.411764705882,0.235294117647,17,37,0.136029411765,1.88235294118,4.35294117647,3.36363636364,2.84615384615,1.69341284359,0.389027274878,0.193958664547,2.09866904602,0.964253345467,0.518282988871,1.87867287326,0.863174022847,0.470588235294,0.786197569093,0.41766745858,2.25,1.88235294118,0.786197569093,2.25,0.166339869281,0.0612244897959,3,0.00441176470588,0.185952380952,17,17,17,1,0,0.352941176471,0.411764705882,0.235294117647,0,0,0,0,0,0,0,0,0,0,0,0,0,0,0,0,0,0,0,0,0,0,0,0,0,0,0,0,0,37,0,0,235,1,1,0,0,1,1,1,1,1,1,2,2,0,0,0,0
2467,WLNM_dir_neg,1,0.5,00:00:01,10,60,25,1984532198,threshold_sweep,0.1,1,1,1,2,0,0,4,1,1,0,0,1,1,1,1,0.555555555556,1,1,1,37,35,2,0,37,0,35,0,2,17,37,0.136029411765,1.88235294118,4.35294117647,3.36363636364,2.84615384615,1.69341284359,0.389027274878,0.193958664547,2.09866904602,0.964253345467,0.518282988871,1.87867287326,0.863174022847,0.470588235294,0.786197569093,0.41766745858,2.25,1.88235294118,0.786197569093,2.25,0.166339869281,0.0612244897959,3,0.00441176470588,0.185952380952,17,17,17,1,0,0.352941176471,0.411764705882,0.235294117647,17,0.128676470588,1.90196078431,4.11764705882,3.18181818182,2.69230769231,1.57648156274,0.382859808093,0.201680672269,2.01465221053,0.978545359402,0.524369747899,1.74894926439,0.849489642704,0.463865546218,0.814492905316,0.428238537847,2.33333333333,1.90196078431,0.814492905316,2.33333333333,0,0,0,0,0.164242424242,17,17,17,1,0,0.352941176471,0.411764705882,0.235294117647,17,37,0.136029411765,1.88235294118,4.35294117647,3.36363636364,2.84615384615,1.69341284359,0.389027274878,0.193958664547,2.09866904602,0.964253345467,0.518282988871,1.87867287326,0.863174022847,0.470588235294,0.786197569093,0.41766745858,2.25,1.88235294118,0.786197569093,2.25,0.166339869281,0.0612244897959,3,0.00441176470588,0.185952380952,17,17,17,1,0,0.352941176471,0.411764705882,0.235294117647,0,0,0,0,0,0,0,0,0,0,0,0,0,0,0,0,0,0,0,0,0,0,0,0,0,0,0,0,0,37,0,0,235,1,1,0,0,1,1,1,1,1,1,2,2,0,0,0,0
2468,WLNM_dir_neg,1,0.5,00:00:01,10,60,25,1984532198,threshold_sweep,0.2,1,1,1,2,0,0,4,1,1,0,0,1,1,1,1,0.555555555556,1,1,1,37,35,2,0,37,0,35,0,2,17,37,0.136029411765,1.88235294118,4.35294117647,3.36363636364,2.84615384615,1.69341284359,0.389027274878,0.193958664547,2.09866904602,0.964253345467,0.518282988871,1.87867287326,0.863174022847,0.470588235294,0.786197569093,0.41766745858,2.25,1.88235294118,0.786197569093,2.25,0.166339869281,0.0612244897959,3,0.00441176470588,0.185952380952,17,17,17,1,0,0.352941176471,0.411764705882,0.235294117647,17,0.128676470588,1.90196078431,4.11764705882,3.18181818182,2.69230769231,1.57648156274,0.382859808093,0.201680672269,2.01465221053,0.978545359402,0.524369747899,1.74894926439,0.849489642704,0.463865546218,0.814492905316,0.428238537847,2.33333333333,1.90196078431,0.814492905316,2.33333333333,0,0,0,0,0.164242424242,17,17,17,1,0,0.352941176471,0.411764705882,0.235294117647,17,37,0.136029411765,1.88235294118,4.35294117647,3.36363636364,2.84615384615,1.69341284359,0.389027274878,0.193958664547,2.09866904602,0.964253345467,0.518282988871,1.87867287326,0.863174022847,0.470588235294,0.786197569093,0.41766745858,2.25,1.88235294118,0.786197569093,2.25,0.166339869281,0.0612244897959,3,0.00441176470588,0.185952380952,17,17,17,1,0,0.352941176471,0.411764705882,0.235294117647,0,0,0,0,0,0,0,0,0,0,0,0,0,0,0,0,0,0,0,0,0,0,0,0,0,0,0,0,0,37,0,0,235,1,1,0,0,1,1,1,1,1,1,2,2,0,0,0,0
2469,WLNM_dir_neg,1,0.5,00:00:01,10,60,25,1984532198,threshold_sweep,0.3,1,1,1,2,0,0,4,1,1,0,0,1,1,1,1,0.555555555556,1,1,1,37,35,2,0,37,0,35,0,2,17,37,0.136029411765,1.88235294118,4.35294117647,3.36363636364,2.84615384615,1.69341284359,0.389027274878,0.193958664547,2.09866904602,0.964253345467,0.518282988871,1.87867287326,0.863174022847,0.470588235294,0.786197569093,0.41766745858,2.25,1.88235294118,0.786197569093,2.25,0.166339869281,0.0612244897959,3,0.00441176470588,0.185952380952,17,17,17,1,0,0.352941176471,0.411764705882,0.235294117647,17,0.128676470588,1.90196078431,4.11764705882,3.18181818182,2.69230769231,1.57648156274,0.382859808093,0.201680672269,2.01465221053,0.978545359402,0.524369747899,1.74894926439,0.849489642704,0.463865546218,0.814492905316,0.428238537847,2.33333333333,1.90196078431,0.814492905316,2.33333333333,0,0,0,0,0.164242424242,17,17,17,1,0,0.352941176471,0.411764705882,0.235294117647,17,37,0.136029411765,1.88235294118,4.35294117647,3.36363636364,2.84615384615,1.69341284359,0.389027274878,0.193958664547,2.09866904602,0.964253345467,0.518282988871,1.87867287326,0.863174022847,0.470588235294,0.786197569093,0.41766745858,2.25,1.88235294118,0.786197569093,2.25,0.166339869281,0.0612244897959,3,0.00441176470588,0.185952380952,17,17,17,1,0,0.352941176471,0.411764705882,0.235294117647,0,0,0,0,0,0,0,0,0,0,0,0,0,0,0,0,0,0,0,0,0,0,0,0,0,0,0,0,0,37,0,0,235,1,1,0,0,1,1,1,1,1,1,2,2,0,0,0,0
2470,WLNM_dir_neg,1,0.5,00:00:01,10,60,25,1984532198,threshold_sweep,0.4,1,1,1,2,0,0,4,1,1,0,0,1,1,1,1,0.555555555556,1,1,1,37,35,2,0,37,0,35,0,2,17,37,0.136029411765,1.88235294118,4.35294117647,3.36363636364,2.84615384615,1.69341284359,0.389027274878,0.193958664547,2.09866904602,0.964253345467,0.518282988871,1.87867287326,0.863174022847,0.470588235294,0.786197569093,0.41766745858,2.25,1.88235294118,0.786197569093,2.25,0.166339869281,0.0612244897959,3,0.00441176470588,0.185952380952,17,17,17,1,0,0.352941176471,0.411764705882,0.235294117647,17,0.128676470588,1.90196078431,4.11764705882,3.18181818182,2.69230769231,1.57648156274,0.382859808093,0.201680672269,2.01465221053,0.978545359402,0.524369747899,1.74894926439,0.849489642704,0.463865546218,0.814492905316,0.428238537847,2.33333333333,1.90196078431,0.814492905316,2.33333333333,0,0,0,0,0.164242424242,17,17,17,1,0,0.352941176471,0.411764705882,0.235294117647,17,37,0.136029411765,1.88235294118,4.35294117647,3.36363636364,2.84615384615,1.69341284359,0.389027274878,0.193958664547,2.09866904602,0.964253345467,0.518282988871,1.87867287326,0.863174022847,0.470588235294,0.786197569093,0.41766745858,2.25,1.88235294118,0.786197569093,2.25,0.166339869281,0.0612244897959,3,0.00441176470588,0.185952380952,17,17,17,1,0,0.352941176471,0.411764705882,0.235294117647,0,0,0,0,0,0,0,0,0,0,0,0,0,0,0,0,0,0,0,0,0,0,0,0,0,0,0,0,0,37,0,0,235,1,1,0,0,1,1,1,1,1,1,2,2,0,0,0,0
2471,WLNM_dir_neg,1,0.5,00:00:01,10,60,25,1984532198,threshold_sweep,0.5,1,1,1,2,0,0,4,1,1,0,0,1,1,1,1,0.555555555556,1,1,1,37,35,2,0,37,0,35,0,2,17,37,0.136029411765,1.88235294118,4.35294117647,3.36363636364,2.84615384615,1.69341284359,0.389027274878,0.193958664547,2.09866904602,0.964253345467,0.518282988871,1.87867287326,0.863174022847,0.470588235294,0.786197569093,0.41766745858,2.25,1.88235294118,0.786197569093,2.25,0.166339869281,0.0612244897959,3,0.00441176470588,0.185952380952,17,17,17,1,0,0.352941176471,0.411764705882,0.235294117647,17,0.128676470588,1.90196078431,4.11764705882,3.18181818182,2.69230769231,1.57648156274,0.382859808093,0.201680672269,2.01465221053,0.978545359402,0.524369747899,1.74894926439,0.849489642704,0.463865546218,0.814492905316,0.428238537847,2.33333333333,1.90196078431,0.814492905316,2.33333333333,0,0,0,0,0.164242424242,17,17,17,1,0,0.352941176471,0.411764705882,0.235294117647,17,37,0.136029411765,1.88235294118,4.35294117647,3.36363636364,2.84615384615,1.69341284359,0.389027274878,0.193958664547,2.09866904602,0.964253345467,0.518282988871,1.87867287326,0.863174022847,0.470588235294,0.786197569093,0.41766745858,2.25,1.88235294118,0.786197569093,2.25,0.166339869281,0.0612244897959,3,0.00441176470588,0.185952380952,17,17,17,1,0,0.352941176471,0.411764705882,0.235294117647,0,0,0,0,0,0,0,0,0,0,0,0,0,0,0,0,0,0,0,0,0,0,0,0,0,0,0,0,0,37,0,0,235,1,1,0,0,1,1,1,1,1,1,2,2,0,0,0,0
2472,WLNM_dir_neg,1,0.5,00:00:01,10,60,25,1984532198,threshold_sweep,0.6,1,0.5,0.666666666667,1,0,1,4,0.5,1,0,0.5,1,0.5,0.666666666667,0.833333333333,0.611111111111,0.571428571429,0.632455532034,0.5,37,35,2,0,37,0,35,0,2,17,37,0.136029411765,1.88235294118,4.35294117647,3.36363636364,2.84615384615,1.69341284359,0.389027274878,0.193958664547,2.09866904602,0.964253345467,0.518282988871,1.87867287326,0.863174022847,0.470588235294,0.786197569093,0.41766745858,2.25,1.88235294118,0.786197569093,2.25,0.166339869281,0.0612244897959,3,0.00441176470588,0.185952380952,17,17,17,1,0,0.352941176471,0.411764705882,0.235294117647,17,0.128676470588,1.90196078431,4.11764705882,3.18181818182,2.69230769231,1.57648156274,0.382859808093,0.201680672269,2.01465221053,0.978545359402,0.524369747899,1.74894926439,0.849489642704,0.463865546218,0.814492905316,0.428238537847,2.33333333333,1.90196078431,0.814492905316,2.33333333333,0,0,0,0,0.164242424242,17,17,17,1,0,0.352941176471,0.411764705882,0.235294117647,17,36,0.132352941176,1.89705882353,4.23529411765,3.27272727273,2.76923076923,1.71498585143,0.40492721492,0.204248366013,2.05798302171,0.971825315808,0.522875816993,1.79869233546,0.849382491746,0.464052287582,0.805541469338,0.424626510969,2.25,1.89705882353,0.805541469338,2.25,0.0702614379085,0.0214285714286,1,0.00147058823529,0.175454545455,17,17,17,1,0,0.352941176471,0.411764705882,0.235294117647,-1,-0.00367647058824,0.0147058823529,-0.117647058824,-0.0909090909091,-0.0769230769231,0.0215730078386,0.0158999400418,0.0102897014662,-0.0406860243059,0.00757197034072,0.00459282812224,-0.0799805377942,-0.0137915311015,-0.00653594771242,0.0193439002456,0.00695905238854,0,0.0147058823529,0.0193439002456,0,-0.0960784313725,-0.0397959183673,-2,-0.00294117647059,-0.0104978354978,0,0,0,36,0,1,235,0.972972972973,1,0,0.027027027027,1,0.972972972973,0.986301369863,0.984301887704,0.972972972973,0.972972972973,1,2,0,0,0,0
2473,WLNM_dir_neg,1,0.5,00:00:01,10,60,25,1984532198,threshold_sweep,0.7,1,0.5,0.666666666667,1,0,1,4,0.5,1,0,0.5,1,0.5,0.666666666667,0.833333333333,0.611111111111,0.571428571429,0.632455532034,0.5,37,35,2,0,37,0,35,0,2,17,37,0.136029411765,1.88235294118,4.35294117647,3.36363636364,2.84615384615,1.69341284359,0.389027274878,0.193958664547,2.09866904602,0.964253345467,0.518282988871,1.87867287326,0.863174022847,0.470588235294,0.786197569093,0.41766745858,2.25,1.88235294118,0.786197569093,2.25,0.166339869281,0.0612244897959,3,0.00441176470588,0.185952380952,17,17,17,1,0,0.352941176471,0.411764705882,0.235294117647,17,0.128676470588,1.90196078431,4.11764705882,3.18181818182,2.69230769231,1.57648156274,0.382859808093,0.201680672269,2.01465221053,0.978545359402,0.524369747899,1.74894926439,0.849489642704,0.463865546218,0.814492905316,0.428238537847,2.33333333333,1.90196078431,0.814492905316,2.33333333333,0,0,0,0,0.164242424242,17,17,17,1,0,0.352941176471,0.411764705882,0.235294117647,17,36,0.132352941176,1.89705882353,4.23529411765,3.27272727273,2.76923076923,1.71498585143,0.40492721492,0.204248366013,2.05798302171,0.971825315808,0.522875816993,1.79869233546,0.849382491746,0.464052287582,0.805541469338,0.424626510969,2.25,1.89705882353,0.805541469338,2.25,0.0702614379085,0.0214285714286,1,0.00147058823529,0.175454545455,17,17,17,1,0,0.352941176471,0.411764705882,0.235294117647,-1,-0.00367647058824,0.0147058823529,-0.117647058824,-0.0909090909091,-0.0769230769231,0.0215730078386,0.0158999400418,0.0102897014662,-0.0406860243059,0.00757197034072,0.00459282812224,-0.0799805377942,-0.0137915311015,-0.00653594771242,0.0193439002456,0.00695905238854,0,0.0147058823529,0.0193439002456,0,-0.0960784313725,-0.0397959183673,-2,-0.00294117647059,-0.0104978354978,0,0,0,36,0,1,235,0.972972972973,1,0,0.027027027027,1,0.972972972973,0.986301369863,0.984301887704,0.972972972973,0.972972972973,1,2,0,0,0,0
2474,WLNM_dir_neg,1,0.5,00:00:01,10,60,25,1984532198,threshold_sweep,0.8,1,0.5,0.666666666667,1,0,1,4,0.5,1,0,0.5,1,0.5,0.666666666667,0.833333333333,0.611111111111,0.571428571429,0.632455532034,0.5,37,35,2,0,37,0,35,0,2,17,37,0.136029411765,1.88235294118,4.35294117647,3.36363636364,2.84615384615,1.69341284359,0.389027274878,0.193958664547,2.09866904602,0.964253345467,0.518282988871,1.87867287326,0.863174022847,0.470588235294,0.786197569093,0.41766745858,2.25,1.88235294118,0.786197569093,2.25,0.166339869281,0.0612244897959,3,0.00441176470588,0.185952380952,17,17,17,1,0,0.352941176471,0.411764705882,0.235294117647,17,0.128676470588,1.90196078431,4.11764705882,3.18181818182,2.69230769231,1.57648156274,0.382859808093,0.201680672269,2.01465221053,0.978545359402,0.524369747899,1.74894926439,0.849489642704,0.463865546218,0.814492905316,0.428238537847,2.33333333333,1.90196078431,0.814492905316,2.33333333333,0,0,0,0,0.164242424242,17,17,17,1,0,0.352941176471,0.411764705882,0.235294117647,17,36,0.132352941176,1.89705882353,4.23529411765,3.27272727273,2.76923076923,1.71498585143,0.40492721492,0.204248366013,2.05798302171,0.971825315808,0.522875816993,1.79869233546,0.849382491746,0.464052287582,0.805541469338,0.424626510969,2.25,1.89705882353,0.805541469338,2.25,0.0702614379085,0.0214285714286,1,0.00147058823529,0.175454545455,17,17,17,1,0,0.352941176471,0.411764705882,0.235294117647,-1,-0.00367647058824,0.0147058823529,-0.117647058824,-0.0909090909091,-0.0769230769231,0.0215730078386,0.0158999400418,0.0102897014662,-0.0406860243059,0.00757197034072,0.00459282812224,-0.0799805377942,-0.0137915311015,-0.00653594771242,0.0193439002456,0.00695905238854,0,0.0147058823529,0.0193439002456,0,-0.0960784313725,-0.0397959183673,-2,-0.00294117647059,-0.0104978354978,0,0,0,36,0,1,235,0.972972972973,1,0,0.027027027027,1,0.972972972973,0.986301369863,0.984301887704,0.972972972973,0.972972972973,1,2,0,0,0,0
2475,WLNM_dir_neg,1,0.5,00:00:01,10,60,25,1984532198,threshold_sweep,0.9,1,0.5,0.666666666667,1,0,1,4,0.5,1,0,0.5,1,0.5,0.666666666667,0.833333333333,0.611111111111,0.571428571429,0.632455532034,0.5,37,35,2,0,37,0,35,0,2,17,37,0.136029411765,1.88235294118,4.35294117647,3.36363636364,2.84615384615,1.69341284359,0.389027274878,0.193958664547,2.09866904602,0.964253345467,0.518282988871,1.87867287326,0.863174022847,0.470588235294,0.786197569093,0.41766745858,2.25,1.88235294118,0.786197569093,2.25,0.166339869281,0.0612244897959,3,0.00441176470588,0.185952380952,17,17,17,1,0,0.352941176471,0.411764705882,0.235294117647,17,0.128676470588,1.90196078431,4.11764705882,3.18181818182,2.69230769231,1.57648156274,0.382859808093,0.201680672269,2.01465221053,0.978545359402,0.524369747899,1.74894926439,0.849489642704,0.463865546218,0.814492905316,0.428238537847,2.33333333333,1.90196078431,0.814492905316,2.33333333333,0,0,0,0,0.164242424242,17,17,17,1,0,0.352941176471,0.411764705882,0.235294117647,17,36,0.132352941176,1.89705882353,4.23529411765,3.27272727273,2.76923076923,1.71498585143,0.40492721492,0.204248366013,2.05798302171,0.971825315808,0.522875816993,1.79869233546,0.849382491746,0.464052287582,0.805541469338,0.424626510969,2.25,1.89705882353,0.805541469338,2.25,0.0702614379085,0.0214285714286,1,0.00147058823529,0.175454545455,17,17,17,1,0,0.352941176471,0.411764705882,0.235294117647,-1,-0.00367647058824,0.0147058823529,-0.117647058824,-0.0909090909091,-0.0769230769231,0.0215730078386,0.0158999400418,0.0102897014662,-0.0406860243059,0.00757197034072,0.00459282812224,-0.0799805377942,-0.0137915311015,-0.00653594771242,0.0193439002456,0.00695905238854,0,0.0147058823529,0.0193439002456,0,-0.0960784313725,-0.0397959183673,-2,-0.00294117647059,-0.0104978354978,0,0,0,36,0,1,235,0.972972972973,1,0,0.027027027027,1,0.972972972973,0.986301369863,0.984301887704,0.972972972973,0.972972972973,1,2,0,0,0,0
2476,WLNM_dir_neg,1,0.5,00:00:02,10,60,26,1984532199,threshold_sweep,0.1,1,1,1,2,0,0,4,1,1,0,0,1,1,1,1,0.555555555556,1,1,1,37,35,2,0,37,0,35,0,2,17,37,0.136029411765,1.88235294118,4.35294117647,3.36363636364,2.84615384615,1.69341284359,0.389027274878,0.193958664547,2.09866904602,0.964253345467,0.518282988871,1.87867287326,0.863174022847,0.470588235294,0.786197569093,0.41766745858,2.25,1.88235294118,0.786197569093,2.25,0.166339869281,0.0612244897959,3,0.00441176470588,0.185952380952,17,17,17,1,0,0.352941176471,0.411764705882,0.235294117647,17,0.128676470588,1.90196078431,4.11764705882,3.18181818182,2.69230769231,1.57648156274,0.382859808093,0.201680672269,2.01465221053,0.978545359402,0.524369747899,1.74894926439,0.849489642704,0.463865546218,0.814492905316,0.428238537847,2.33333333333,1.90196078431,0.814492905316,2.33333333333,0,0,0,0,0.164242424242,17,17,17,1,0,0.352941176471,0.411764705882,0.235294117647,17,37,0.136029411765,1.88235294118,4.35294117647,3.36363636364,2.84615384615,1.69341284359,0.389027274878,0.193958664547,2.09866904602,0.964253345467,0.518282988871,1.87867287326,0.863174022847,0.470588235294,0.786197569093,0.41766745858,2.25,1.88235294118,0.786197569093,2.25,0.166339869281,0.0612244897959,3,0.00441176470588,0.185952380952,17,17,17,1,0,0.352941176471,0.411764705882,0.235294117647,0,0,0,0,0,0,0,0,0,0,0,0,0,0,0,0,0,0,0,0,0,0,0,0,0,0,0,0,0,37,0,0,235,1,1,0,0,1,1,1,1,1,1,2,2,0,0,0,0
2477,WLNM_dir_neg,1,0.5,00:00:02,10,60,26,1984532199,threshold_sweep,0.2,1,1,1,2,0,0,4,1,1,0,0,1,1,1,1,0.555555555556,1,1,1,37,35,2,0,37,0,35,0,2,17,37,0.136029411765,1.88235294118,4.35294117647,3.36363636364,2.84615384615,1.69341284359,0.389027274878,0.193958664547,2.09866904602,0.964253345467,0.518282988871,1.87867287326,0.863174022847,0.470588235294,0.786197569093,0.41766745858,2.25,1.88235294118,0.786197569093,2.25,0.166339869281,0.0612244897959,3,0.00441176470588,0.185952380952,17,17,17,1,0,0.352941176471,0.411764705882,0.235294117647,17,0.128676470588,1.90196078431,4.11764705882,3.18181818182,2.69230769231,1.57648156274,0.382859808093,0.201680672269,2.01465221053,0.978545359402,0.524369747899,1.74894926439,0.849489642704,0.463865546218,0.814492905316,0.428238537847,2.33333333333,1.90196078431,0.814492905316,2.33333333333,0,0,0,0,0.164242424242,17,17,17,1,0,0.352941176471,0.411764705882,0.235294117647,17,37,0.136029411765,1.88235294118,4.35294117647,3.36363636364,2.84615384615,1.69341284359,0.389027274878,0.193958664547,2.09866904602,0.964253345467,0.518282988871,1.87867287326,0.863174022847,0.470588235294,0.786197569093,0.41766745858,2.25,1.88235294118,0.786197569093,2.25,0.166339869281,0.0612244897959,3,0.00441176470588,0.185952380952,17,17,17,1,0,0.352941176471,0.411764705882,0.235294117647,0,0,0,0,0,0,0,0,0,0,0,0,0,0,0,0,0,0,0,0,0,0,0,0,0,0,0,0,0,37,0,0,235,1,1,0,0,1,1,1,1,1,1,2,2,0,0,0,0
2478,WLNM_dir_neg,1,0.5,00:00:02,10,60,26,1984532199,threshold_sweep,0.3,1,1,1,2,0,0,4,1,1,0,0,1,1,1,1,0.555555555556,1,1,1,37,35,2,0,37,0,35,0,2,17,37,0.136029411765,1.88235294118,4.35294117647,3.36363636364,2.84615384615,1.69341284359,0.389027274878,0.193958664547,2.09866904602,0.964253345467,0.518282988871,1.87867287326,0.863174022847,0.470588235294,0.786197569093,0.41766745858,2.25,1.88235294118,0.786197569093,2.25,0.166339869281,0.0612244897959,3,0.00441176470588,0.185952380952,17,17,17,1,0,0.352941176471,0.411764705882,0.235294117647,17,0.128676470588,1.90196078431,4.11764705882,3.18181818182,2.69230769231,1.57648156274,0.382859808093,0.201680672269,2.01465221053,0.978545359402,0.524369747899,1.74894926439,0.849489642704,0.463865546218,0.814492905316,0.428238537847,2.33333333333,1.90196078431,0.814492905316,2.33333333333,0,0,0,0,0.164242424242,17,17,17,1,0,0.352941176471,0.411764705882,0.235294117647,17,37,0.136029411765,1.88235294118,4.35294117647,3.36363636364,2.84615384615,1.69341284359,0.389027274878,0.193958664547,2.09866904602,0.964253345467,0.518282988871,1.87867287326,0.863174022847,0.470588235294,0.786197569093,0.41766745858,2.25,1.88235294118,0.786197569093,2.25,0.166339869281,0.0612244897959,3,0.00441176470588,0.185952380952,17,17,17,1,0,0.352941176471,0.411764705882,0.235294117647,0,0,0,0,0,0,0,0,0,0,0,0,0,0,0,0,0,0,0,0,0,0,0,0,0,0,0,0,0,37,0,0,235,1,1,0,0,1,1,1,1,1,1,2,2,0,0,0,0
2479,WLNM_dir_neg,1,0.5,00:00:02,10,60,26,1984532199,threshold_sweep,0.4,1,1,1,2,0,0,4,1,1,0,0,1,1,1,1,0.555555555556,1,1,1,37,35,2,0,37,0,35,0,2,17,37,0.136029411765,1.88235294118,4.35294117647,3.36363636364,2.84615384615,1.69341284359,0.389027274878,0.193958664547,2.09866904602,0.964253345467,0.518282988871,1.87867287326,0.863174022847,0.470588235294,0.786197569093,0.41766745858,2.25,1.88235294118,0.786197569093,2.25,0.166339869281,0.0612244897959,3,0.00441176470588,0.185952380952,17,17,17,1,0,0.352941176471,0.411764705882,0.235294117647,17,0.128676470588,1.90196078431,4.11764705882,3.18181818182,2.69230769231,1.57648156274,0.382859808093,0.201680672269,2.01465221053,0.978545359402,0.524369747899,1.74894926439,0.849489642704,0.463865546218,0.814492905316,0.428238537847,2.33333333333,1.90196078431,0.814492905316,2.33333333333,0,0,0,0,0.164242424242,17,17,17,1,0,0.352941176471,0.411764705882,0.235294117647,17,37,0.136029411765,1.88235294118,4.35294117647,3.36363636364,2.84615384615,1.69341284359,0.389027274878,0.193958664547,2.09866904602,0.964253345467,0.518282988871,1.87867287326,0.863174022847,0.470588235294,0.786197569093,0.41766745858,2.25,1.88235294118,0.786197569093,2.25,0.166339869281,0.0612244897959,3,0.00441176470588,0.185952380952,17,17,17,1,0,0.352941176471,0.411764705882,0.235294117647,0,0,0,0,0,0,0,0,0,0,0,0,0,0,0,0,0,0,0,0,0,0,0,0,0,0,0,0,0,37,0,0,235,1,1,0,0,1,1,1,1,1,1,2,2,0,0,0,0
2480,WLNM_dir_neg,1,0.5,00:00:02,10,60,26,1984532199,threshold_sweep,0.5,1,1,1,2,0,0,4,1,1,0,0,1,1,1,1,0.555555555556,1,1,1,37,35,2,0,37,0,35,0,2,17,37,0.136029411765,1.88235294118,4.35294117647,3.36363636364,2.84615384615,1.69341284359,0.389027274878,0.193958664547,2.09866904602,0.964253345467,0.518282988871,1.87867287326,0.863174022847,0.470588235294,0.786197569093,0.41766745858,2.25,1.88235294118,0.786197569093,2.25,0.166339869281,0.0612244897959,3,0.00441176470588,0.185952380952,17,17,17,1,0,0.352941176471,0.411764705882,0.235294117647,17,0.128676470588,1.90196078431,4.11764705882,3.18181818182,2.69230769231,1.57648156274,0.382859808093,0.201680672269,2.01465221053,0.978545359402,0.524369747899,1.74894926439,0.849489642704,0.463865546218,0.814492905316,0.428238537847,2.33333333333,1.90196078431,0.814492905316,2.33333333333,0,0,0,0,0.164242424242,17,17,17,1,0,0.352941176471,0.411764705882,0.235294117647,17,37,0.136029411765,1.88235294118,4.35294117647,3.36363636364,2.84615384615,1.69341284359,0.389027274878,0.193958664547,2.09866904602,0.964253345467,0.518282988871,1.87867287326,0.863174022847,0.470588235294,0.786197569093,0.41766745858,2.25,1.88235294118,0.786197569093,2.25,0.166339869281,0.0612244897959,3,0.00441176470588,0.185952380952,17,17,17,1,0,0.352941176471,0.411764705882,0.235294117647,0,0,0,0,0,0,0,0,0,0,0,0,0,0,0,0,0,0,0,0,0,0,0,0,0,0,0,0,0,37,0,0,235,1,1,0,0,1,1,1,1,1,1,2,2,0,0,0,0
2481,WLNM_dir_neg,1,0.5,00:00:02,10,60,26,1984532199,threshold_sweep,0.6,1,1,1,2,0,0,4,1,1,0,0,1,1,1,1,0.555555555556,1,1,1,37,35,2,0,37,0,35,0,2,17,37,0.136029411765,1.88235294118,4.35294117647,3.36363636364,2.84615384615,1.69341284359,0.389027274878,0.193958664547,2.09866904602,0.964253345467,0.518282988871,1.87867287326,0.863174022847,0.470588235294,0.786197569093,0.41766745858,2.25,1.88235294118,0.786197569093,2.25,0.166339869281,0.0612244897959,3,0.00441176470588,0.185952380952,17,17,17,1,0,0.352941176471,0.411764705882,0.235294117647,17,0.128676470588,1.90196078431,4.11764705882,3.18181818182,2.69230769231,1.57648156274,0.382859808093,0.201680672269,2.01465221053,0.978545359402,0.524369747899,1.74894926439,0.849489642704,0.463865546218,0.814492905316,0.428238537847,2.33333333333,1.90196078431,0.814492905316,2.33333333333,0,0,0,0,0.164242424242,17,17,17,1,0,0.352941176471,0.411764705882,0.235294117647,17,37,0.136029411765,1.88235294118,4.35294117647,3.36363636364,2.84615384615,1.69341284359,0.389027274878,0.193958664547,2.09866904602,0.964253345467,0.518282988871,1.87867287326,0.863174022847,0.470588235294,0.786197569093,0.41766745858,2.25,1.88235294118,0.786197569093,2.25,0.166339869281,0.0612244897959,3,0.00441176470588,0.185952380952,17,17,17,1,0,0.352941176471,0.411764705882,0.235294117647,0,0,0,0,0,0,0,0,0,0,0,0,0,0,0,0,0,0,0,0,0,0,0,0,0,0,0,0,0,37,0,0,235,1,1,0,0,1,1,1,1,1,1,2,2,0,0,0,0
2482,WLNM_dir_neg,1,0.5,00:00:02,10,60,26,1984532199,threshold_sweep,0.7,1,1,1,2,0,0,4,1,1,0,0,1,1,1,1,0.555555555556,1,1,1,37,35,2,0,37,0,35,0,2,17,37,0.136029411765,1.88235294118,4.35294117647,3.36363636364,2.84615384615,1.69341284359,0.389027274878,0.193958664547,2.09866904602,0.964253345467,0.518282988871,1.87867287326,0.863174022847,0.470588235294,0.786197569093,0.41766745858,2.25,1.88235294118,0.786197569093,2.25,0.166339869281,0.0612244897959,3,0.00441176470588,0.185952380952,17,17,17,1,0,0.352941176471,0.411764705882,0.235294117647,17,0.128676470588,1.90196078431,4.11764705882,3.18181818182,2.69230769231,1.57648156274,0.382859808093,0.201680672269,2.01465221053,0.978545359402,0.524369747899,1.74894926439,0.849489642704,0.463865546218,0.814492905316,0.428238537847,2.33333333333,1.90196078431,0.814492905316,2.33333333333,0,0,0,0,0.164242424242,17,17,17,1,0,0.352941176471,0.411764705882,0.235294117647,17,37,0.136029411765,1.88235294118,4.35294117647,3.36363636364,2.84615384615,1.69341284359,0.389027274878,0.193958664547,2.09866904602,0.964253345467,0.518282988871,1.87867287326,0.863174022847,0.470588235294,0.786197569093,0.41766745858,2.25,1.88235294118,0.786197569093,2.25,0.166339869281,0.0612244897959,3,0.00441176470588,0.185952380952,17,17,17,1,0,0.352941176471,0.411764705882,0.235294117647,0,0,0,0,0,0,0,0,0,0,0,0,0,0,0,0,0,0,0,0,0,0,0,0,0,0,0,0,0,37,0,0,235,1,1,0,0,1,1,1,1,1,1,2,2,0,0,0,0
2483,WLNM_dir_neg,1,0.5,00:00:02,10,60,26,1984532199,threshold_sweep,0.8,1,1,1,2,0,0,4,1,1,0,0,1,1,1,1,0.555555555556,1,1,1,37,35,2,0,37,0,35,0,2,17,37,0.136029411765,1.88235294118,4.35294117647,3.36363636364,2.84615384615,1.69341284359,0.389027274878,0.193958664547,2.09866904602,0.964253345467,0.518282988871,1.87867287326,0.863174022847,0.470588235294,0.786197569093,0.41766745858,2.25,1.88235294118,0.786197569093,2.25,0.166339869281,0.0612244897959,3,0.00441176470588,0.185952380952,17,17,17,1,0,0.352941176471,0.411764705882,0.235294117647,17,0.128676470588,1.90196078431,4.11764705882,3.18181818182,2.69230769231,1.57648156274,0.382859808093,0.201680672269,2.01465221053,0.978545359402,0.524369747899,1.74894926439,0.849489642704,0.463865546218,0.814492905316,0.428238537847,2.33333333333,1.90196078431,0.814492905316,2.33333333333,0,0,0,0,0.164242424242,17,17,17,1,0,0.352941176471,0.411764705882,0.235294117647,17,37,0.136029411765,1.88235294118,4.35294117647,3.36363636364,2.84615384615,1.69341284359,0.389027274878,0.193958664547,2.09866904602,0.964253345467,0.518282988871,1.87867287326,0.863174022847,0.470588235294,0.786197569093,0.41766745858,2.25,1.88235294118,0.786197569093,2.25,0.166339869281,0.0612244897959,3,0.00441176470588,0.185952380952,17,17,17,1,0,0.352941176471,0.411764705882,0.235294117647,0,0,0,0,0,0,0,0,0,0,0,0,0,0,0,0,0,0,0,0,0,0,0,0,0,0,0,0,0,37,0,0,235,1,1,0,0,1,1,1,1,1,1,2,2,0,0,0,0
2484,WLNM_dir_neg,1,0.5,00:00:02,10,60,26,1984532199,threshold_sweep,0.9,1,1,1,2,0,0,4,1,1,0,0,1,1,1,1,0.555555555556,1,1,1,37,35,2,0,37,0,35,0,2,17,37,0.136029411765,1.88235294118,4.35294117647,3.36363636364,2.84615384615,1.69341284359,0.389027274878,0.193958664547,2.09866904602,0.964253345467,0.518282988871,1.87867287326,0.863174022847,0.470588235294,0.786197569093,0.41766745858,2.25,1.88235294118,0.786197569093,2.25,0.166339869281,0.0612244897959,3,0.00441176470588,0.185952380952,17,17,17,1,0,0.352941176471,0.411764705882,0.235294117647,17,0.128676470588,1.90196078431,4.11764705882,3.18181818182,2.69230769231,1.57648156274,0.382859808093,0.201680672269,2.01465221053,0.978545359402,0.524369747899,1.74894926439,0.849489642704,0.463865546218,0.814492905316,0.428238537847,2.33333333333,1.90196078431,0.814492905316,2.33333333333,0,0,0,0,0.164242424242,17,17,17,1,0,0.352941176471,0.411764705882,0.235294117647,17,37,0.136029411765,1.88235294118,4.35294117647,3.36363636364,2.84615384615,1.69341284359,0.389027274878,0.193958664547,2.09866904602,0.964253345467,0.518282988871,1.87867287326,0.863174022847,0.470588235294,0.786197569093,0.41766745858,2.25,1.88235294118,0.786197569093,2.25,0.166339869281,0.0612244897959,3,0.00441176470588,0.185952380952,17,17,17,1,0,0.352941176471,0.411764705882,0.235294117647,0,0,0,0,0,0,0,0,0,0,0,0,0,0,0,0,0,0,0,0,0,0,0,0,0,0,0,0,0,37,0,0,235,1,1,0,0,1,1,1,1,1,1,2,2,0,0,0,0
2485,WLNM_dir_neg,1,0.5,00:00:01,10,60,27,1984532200,threshold_sweep,0.1,1,1,1,2,0,0,4,1,1,0,0,1,1,1,1,0.555555555556,1,1,1,37,35,2,0,37,0,35,0,2,17,37,0.136029411765,1.88235294118,4.35294117647,3.36363636364,2.84615384615,1.69341284359,0.389027274878,0.193958664547,2.09866904602,0.964253345467,0.518282988871,1.87867287326,0.863174022847,0.470588235294,0.786197569093,0.41766745858,2.25,1.88235294118,0.786197569093,2.25,0.166339869281,0.0612244897959,3,0.00441176470588,0.185952380952,17,17,17,1,0,0.352941176471,0.411764705882,0.235294117647,17,0.128676470588,1.90196078431,4.11764705882,3.18181818182,2.69230769231,1.57648156274,0.382859808093,0.201680672269,2.01465221053,0.978545359402,0.524369747899,1.74894926439,0.849489642704,0.463865546218,0.814492905316,0.428238537847,2.33333333333,1.90196078431,0.814492905316,2.33333333333,0,0,0,0,0.164242424242,17,17,17,1,0,0.352941176471,0.411764705882,0.235294117647,17,37,0.136029411765,1.88235294118,4.35294117647,3.36363636364,2.84615384615,1.69341284359,0.389027274878,0.193958664547,2.09866904602,0.964253345467,0.518282988871,1.87867287326,0.863174022847,0.470588235294,0.786197569093,0.41766745858,2.25,1.88235294118,0.786197569093,2.25,0.166339869281,0.0612244897959,3,0.00441176470588,0.185952380952,17,17,17,1,0,0.352941176471,0.411764705882,0.235294117647,0,0,0,0,0,0,0,0,0,0,0,0,0,0,0,0,0,0,0,0,0,0,0,0,0,0,0,0,0,37,0,0,235,1,1,0,0,1,1,1,1,1,1,2,2,0,0,0,0
2486,WLNM_dir_neg,1,0.5,00:00:01,10,60,27,1984532200,threshold_sweep,0.2,1,1,1,2,0,0,4,1,1,0,0,1,1,1,1,0.555555555556,1,1,1,37,35,2,0,37,0,35,0,2,17,37,0.136029411765,1.88235294118,4.35294117647,3.36363636364,2.84615384615,1.69341284359,0.389027274878,0.193958664547,2.09866904602,0.964253345467,0.518282988871,1.87867287326,0.863174022847,0.470588235294,0.786197569093,0.41766745858,2.25,1.88235294118,0.786197569093,2.25,0.166339869281,0.0612244897959,3,0.00441176470588,0.185952380952,17,17,17,1,0,0.352941176471,0.411764705882,0.235294117647,17,0.128676470588,1.90196078431,4.11764705882,3.18181818182,2.69230769231,1.57648156274,0.382859808093,0.201680672269,2.01465221053,0.978545359402,0.524369747899,1.74894926439,0.849489642704,0.463865546218,0.814492905316,0.428238537847,2.33333333333,1.90196078431,0.814492905316,2.33333333333,0,0,0,0,0.164242424242,17,17,17,1,0,0.352941176471,0.411764705882,0.235294117647,17,37,0.136029411765,1.88235294118,4.35294117647,3.36363636364,2.84615384615,1.69341284359,0.389027274878,0.193958664547,2.09866904602,0.964253345467,0.518282988871,1.87867287326,0.863174022847,0.470588235294,0.786197569093,0.41766745858,2.25,1.88235294118,0.786197569093,2.25,0.166339869281,0.0612244897959,3,0.00441176470588,0.185952380952,17,17,17,1,0,0.352941176471,0.411764705882,0.235294117647,0,0,0,0,0,0,0,0,0,0,0,0,0,0,0,0,0,0,0,0,0,0,0,0,0,0,0,0,0,37,0,0,235,1,1,0,0,1,1,1,1,1,1,2,2,0,0,0,0
2487,WLNM_dir_neg,1,0.5,00:00:01,10,60,27,1984532200,threshold_sweep,0.3,1,1,1,2,0,0,4,1,1,0,0,1,1,1,1,0.555555555556,1,1,1,37,35,2,0,37,0,35,0,2,17,37,0.136029411765,1.88235294118,4.35294117647,3.36363636364,2.84615384615,1.69341284359,0.389027274878,0.193958664547,2.09866904602,0.964253345467,0.518282988871,1.87867287326,0.863174022847,0.470588235294,0.786197569093,0.41766745858,2.25,1.88235294118,0.786197569093,2.25,0.166339869281,0.0612244897959,3,0.00441176470588,0.185952380952,17,17,17,1,0,0.352941176471,0.411764705882,0.235294117647,17,0.128676470588,1.90196078431,4.11764705882,3.18181818182,2.69230769231,1.57648156274,0.382859808093,0.201680672269,2.01465221053,0.978545359402,0.524369747899,1.74894926439,0.849489642704,0.463865546218,0.814492905316,0.428238537847,2.33333333333,1.90196078431,0.814492905316,2.33333333333,0,0,0,0,0.164242424242,17,17,17,1,0,0.352941176471,0.411764705882,0.235294117647,17,37,0.136029411765,1.88235294118,4.35294117647,3.36363636364,2.84615384615,1.69341284359,0.389027274878,0.193958664547,2.09866904602,0.964253345467,0.518282988871,1.87867287326,0.863174022847,0.470588235294,0.786197569093,0.41766745858,2.25,1.88235294118,0.786197569093,2.25,0.166339869281,0.0612244897959,3,0.00441176470588,0.185952380952,17,17,17,1,0,0.352941176471,0.411764705882,0.235294117647,0,0,0,0,0,0,0,0,0,0,0,0,0,0,0,0,0,0,0,0,0,0,0,0,0,0,0,0,0,37,0,0,235,1,1,0,0,1,1,1,1,1,1,2,2,0,0,0,0
2488,WLNM_dir_neg,1,0.5,00:00:01,10,60,27,1984532200,threshold_sweep,0.4,1,1,1,2,0,0,4,1,1,0,0,1,1,1,1,0.555555555556,1,1,1,37,35,2,0,37,0,35,0,2,17,37,0.136029411765,1.88235294118,4.35294117647,3.36363636364,2.84615384615,1.69341284359,0.389027274878,0.193958664547,2.09866904602,0.964253345467,0.518282988871,1.87867287326,0.863174022847,0.470588235294,0.786197569093,0.41766745858,2.25,1.88235294118,0.786197569093,2.25,0.166339869281,0.0612244897959,3,0.00441176470588,0.185952380952,17,17,17,1,0,0.352941176471,0.411764705882,0.235294117647,17,0.128676470588,1.90196078431,4.11764705882,3.18181818182,2.69230769231,1.57648156274,0.382859808093,0.201680672269,2.01465221053,0.978545359402,0.524369747899,1.74894926439,0.849489642704,0.463865546218,0.814492905316,0.428238537847,2.33333333333,1.90196078431,0.814492905316,2.33333333333,0,0,0,0,0.164242424242,17,17,17,1,0,0.352941176471,0.411764705882,0.235294117647,17,37,0.136029411765,1.88235294118,4.35294117647,3.36363636364,2.84615384615,1.69341284359,0.389027274878,0.193958664547,2.09866904602,0.964253345467,0.518282988871,1.87867287326,0.863174022847,0.470588235294,0.786197569093,0.41766745858,2.25,1.88235294118,0.786197569093,2.25,0.166339869281,0.0612244897959,3,0.00441176470588,0.185952380952,17,17,17,1,0,0.352941176471,0.411764705882,0.235294117647,0,0,0,0,0,0,0,0,0,0,0,0,0,0,0,0,0,0,0,0,0,0,0,0,0,0,0,0,0,37,0,0,235,1,1,0,0,1,1,1,1,1,1,2,2,0,0,0,0
2489,WLNM_dir_neg,1,0.5,00:00:01,10,60,27,1984532200,threshold_sweep,0.5,1,1,1,2,0,0,4,1,1,0,0,1,1,1,1,0.555555555556,1,1,1,37,35,2,0,37,0,35,0,2,17,37,0.136029411765,1.88235294118,4.35294117647,3.36363636364,2.84615384615,1.69341284359,0.389027274878,0.193958664547,2.09866904602,0.964253345467,0.518282988871,1.87867287326,0.863174022847,0.470588235294,0.786197569093,0.41766745858,2.25,1.88235294118,0.786197569093,2.25,0.166339869281,0.0612244897959,3,0.00441176470588,0.185952380952,17,17,17,1,0,0.352941176471,0.411764705882,0.235294117647,17,0.128676470588,1.90196078431,4.11764705882,3.18181818182,2.69230769231,1.57648156274,0.382859808093,0.201680672269,2.01465221053,0.978545359402,0.524369747899,1.74894926439,0.849489642704,0.463865546218,0.814492905316,0.428238537847,2.33333333333,1.90196078431,0.814492905316,2.33333333333,0,0,0,0,0.164242424242,17,17,17,1,0,0.352941176471,0.411764705882,0.235294117647,17,37,0.136029411765,1.88235294118,4.35294117647,3.36363636364,2.84615384615,1.69341284359,0.389027274878,0.193958664547,2.09866904602,0.964253345467,0.518282988871,1.87867287326,0.863174022847,0.470588235294,0.786197569093,0.41766745858,2.25,1.88235294118,0.786197569093,2.25,0.166339869281,0.0612244897959,3,0.00441176470588,0.185952380952,17,17,17,1,0,0.352941176471,0.411764705882,0.235294117647,0,0,0,0,0,0,0,0,0,0,0,0,0,0,0,0,0,0,0,0,0,0,0,0,0,0,0,0,0,37,0,0,235,1,1,0,0,1,1,1,1,1,1,2,2,0,0,0,0
2490,WLNM_dir_neg,1,0.5,00:00:01,10,60,27,1984532200,threshold_sweep,0.6,1,1,1,2,0,0,4,1,1,0,0,1,1,1,1,0.555555555556,1,1,1,37,35,2,0,37,0,35,0,2,17,37,0.136029411765,1.88235294118,4.35294117647,3.36363636364,2.84615384615,1.69341284359,0.389027274878,0.193958664547,2.09866904602,0.964253345467,0.518282988871,1.87867287326,0.863174022847,0.470588235294,0.786197569093,0.41766745858,2.25,1.88235294118,0.786197569093,2.25,0.166339869281,0.0612244897959,3,0.00441176470588,0.185952380952,17,17,17,1,0,0.352941176471,0.411764705882,0.235294117647,17,0.128676470588,1.90196078431,4.11764705882,3.18181818182,2.69230769231,1.57648156274,0.382859808093,0.201680672269,2.01465221053,0.978545359402,0.524369747899,1.74894926439,0.849489642704,0.463865546218,0.814492905316,0.428238537847,2.33333333333,1.90196078431,0.814492905316,2.33333333333,0,0,0,0,0.164242424242,17,17,17,1,0,0.352941176471,0.411764705882,0.235294117647,17,37,0.136029411765,1.88235294118,4.35294117647,3.36363636364,2.84615384615,1.69341284359,0.389027274878,0.193958664547,2.09866904602,0.964253345467,0.518282988871,1.87867287326,0.863174022847,0.470588235294,0.786197569093,0.41766745858,2.25,1.88235294118,0.786197569093,2.25,0.166339869281,0.0612244897959,3,0.00441176470588,0.185952380952,17,17,17,1,0,0.352941176471,0.411764705882,0.235294117647,0,0,0,0,0,0,0,0,0,0,0,0,0,0,0,0,0,0,0,0,0,0,0,0,0,0,0,0,0,37,0,0,235,1,1,0,0,1,1,1,1,1,1,2,2,0,0,0,0
2491,WLNM_dir_neg,1,0.5,00:00:01,10,60,27,1984532200,threshold_sweep,0.7,1,1,1,2,0,0,4,1,1,0,0,1,1,1,1,0.555555555556,1,1,1,37,35,2,0,37,0,35,0,2,17,37,0.136029411765,1.88235294118,4.35294117647,3.36363636364,2.84615384615,1.69341284359,0.389027274878,0.193958664547,2.09866904602,0.964253345467,0.518282988871,1.87867287326,0.863174022847,0.470588235294,0.786197569093,0.41766745858,2.25,1.88235294118,0.786197569093,2.25,0.166339869281,0.0612244897959,3,0.00441176470588,0.185952380952,17,17,17,1,0,0.352941176471,0.411764705882,0.235294117647,17,0.128676470588,1.90196078431,4.11764705882,3.18181818182,2.69230769231,1.57648156274,0.382859808093,0.201680672269,2.01465221053,0.978545359402,0.524369747899,1.74894926439,0.849489642704,0.463865546218,0.814492905316,0.428238537847,2.33333333333,1.90196078431,0.814492905316,2.33333333333,0,0,0,0,0.164242424242,17,17,17,1,0,0.352941176471,0.411764705882,0.235294117647,17,37,0.136029411765,1.88235294118,4.35294117647,3.36363636364,2.84615384615,1.69341284359,0.389027274878,0.193958664547,2.09866904602,0.964253345467,0.518282988871,1.87867287326,0.863174022847,0.470588235294,0.786197569093,0.41766745858,2.25,1.88235294118,0.786197569093,2.25,0.166339869281,0.0612244897959,3,0.00441176470588,0.185952380952,17,17,17,1,0,0.352941176471,0.411764705882,0.235294117647,0,0,0,0,0,0,0,0,0,0,0,0,0,0,0,0,0,0,0,0,0,0,0,0,0,0,0,0,0,37,0,0,235,1,1,0,0,1,1,1,1,1,1,2,2,0,0,0,0
2492,WLNM_dir_neg,1,0.5,00:00:01,10,60,27,1984532200,threshold_sweep,0.8,1,1,1,2,0,0,4,1,1,0,0,1,1,1,1,0.555555555556,1,1,1,37,35,2,0,37,0,35,0,2,17,37,0.136029411765,1.88235294118,4.35294117647,3.36363636364,2.84615384615,1.69341284359,0.389027274878,0.193958664547,2.09866904602,0.964253345467,0.518282988871,1.87867287326,0.863174022847,0.470588235294,0.786197569093,0.41766745858,2.25,1.88235294118,0.786197569093,2.25,0.166339869281,0.0612244897959,3,0.00441176470588,0.185952380952,17,17,17,1,0,0.352941176471,0.411764705882,0.235294117647,17,0.128676470588,1.90196078431,4.11764705882,3.18181818182,2.69230769231,1.57648156274,0.382859808093,0.201680672269,2.01465221053,0.978545359402,0.524369747899,1.74894926439,0.849489642704,0.463865546218,0.814492905316,0.428238537847,2.33333333333,1.90196078431,0.814492905316,2.33333333333,0,0,0,0,0.164242424242,17,17,17,1,0,0.352941176471,0.411764705882,0.235294117647,17,37,0.136029411765,1.88235294118,4.35294117647,3.36363636364,2.84615384615,1.69341284359,0.389027274878,0.193958664547,2.09866904602,0.964253345467,0.518282988871,1.87867287326,0.863174022847,0.470588235294,0.786197569093,0.41766745858,2.25,1.88235294118,0.786197569093,2.25,0.166339869281,0.0612244897959,3,0.00441176470588,0.185952380952,17,17,17,1,0,0.352941176471,0.411764705882,0.235294117647,0,0,0,0,0,0,0,0,0,0,0,0,0,0,0,0,0,0,0,0,0,0,0,0,0,0,0,0,0,37,0,0,235,1,1,0,0,1,1,1,1,1,1,2,2,0,0,0,0
2493,WLNM_dir_neg,1,0.5,00:00:01,10,60,27,1984532200,threshold_sweep,0.9,1,1,1,2,0,0,4,1,1,0,0,1,1,1,1,0.555555555556,1,1,1,37,35,2,0,37,0,35,0,2,17,37,0.136029411765,1.88235294118,4.35294117647,3.36363636364,2.84615384615,1.69341284359,0.389027274878,0.193958664547,2.09866904602,0.964253345467,0.518282988871,1.87867287326,0.863174022847,0.470588235294,0.786197569093,0.41766745858,2.25,1.88235294118,0.786197569093,2.25,0.166339869281,0.0612244897959,3,0.00441176470588,0.185952380952,17,17,17,1,0,0.352941176471,0.411764705882,0.235294117647,17,0.128676470588,1.90196078431,4.11764705882,3.18181818182,2.69230769231,1.57648156274,0.382859808093,0.201680672269,2.01465221053,0.978545359402,0.524369747899,1.74894926439,0.849489642704,0.463865546218,0.814492905316,0.428238537847,2.33333333333,1.90196078431,0.814492905316,2.33333333333,0,0,0,0,0.164242424242,17,17,17,1,0,0.352941176471,0.411764705882,0.235294117647,17,37,0.136029411765,1.88235294118,4.35294117647,3.36363636364,2.84615384615,1.69341284359,0.389027274878,0.193958664547,2.09866904602,0.964253345467,0.518282988871,1.87867287326,0.863174022847,0.470588235294,0.786197569093,0.41766745858,2.25,1.88235294118,0.786197569093,2.25,0.166339869281,0.0612244897959,3,0.00441176470588,0.185952380952,17,17,17,1,0,0.352941176471,0.411764705882,0.235294117647,0,0,0,0,0,0,0,0,0,0,0,0,0,0,0,0,0,0,0,0,0,0,0,0,0,0,0,0,0,37,0,0,235,1,1,0,0,1,1,1,1,1,1,2,2,0,0,0,0
2494,WLNM_dir_neg,1,0.5,00:00:01,10,60,28,1984532201,threshold_sweep,0.1,1,1,1,2,0,0,4,1,1,0,0,1,1,1,1,0.555555555556,1,1,1,37,35,2,0,37,0,35,0,2,17,37,0.136029411765,1.88235294118,4.35294117647,3.36363636364,2.84615384615,1.69341284359,0.389027274878,0.193958664547,2.09866904602,0.964253345467,0.518282988871,1.87867287326,0.863174022847,0.470588235294,0.786197569093,0.41766745858,2.25,1.88235294118,0.786197569093,2.25,0.166339869281,0.0612244897959,3,0.00441176470588,0.185952380952,17,17,17,1,0,0.352941176471,0.411764705882,0.235294117647,17,0.128676470588,1.90196078431,4.11764705882,3.18181818182,2.69230769231,1.57648156274,0.382859808093,0.201680672269,2.01465221053,0.978545359402,0.524369747899,1.74894926439,0.849489642704,0.463865546218,0.814492905316,0.428238537847,2.33333333333,1.90196078431,0.814492905316,2.33333333333,0,0,0,0,0.164242424242,17,17,17,1,0,0.352941176471,0.411764705882,0.235294117647,17,37,0.136029411765,1.88235294118,4.35294117647,3.36363636364,2.84615384615,1.69341284359,0.389027274878,0.193958664547,2.09866904602,0.964253345467,0.518282988871,1.87867287326,0.863174022847,0.470588235294,0.786197569093,0.41766745858,2.25,1.88235294118,0.786197569093,2.25,0.166339869281,0.0612244897959,3,0.00441176470588,0.185952380952,17,17,17,1,0,0.352941176471,0.411764705882,0.235294117647,0,0,0,0,0,0,0,0,0,0,0,0,0,0,0,0,0,0,0,0,0,0,0,0,0,0,0,0,0,37,0,0,235,1,1,0,0,1,1,1,1,1,1,2,2,0,0,0,0
2495,WLNM_dir_neg,1,0.5,00:00:01,10,60,28,1984532201,threshold_sweep,0.2,1,1,1,2,0,0,4,1,1,0,0,1,1,1,1,0.555555555556,1,1,1,37,35,2,0,37,0,35,0,2,17,37,0.136029411765,1.88235294118,4.35294117647,3.36363636364,2.84615384615,1.69341284359,0.389027274878,0.193958664547,2.09866904602,0.964253345467,0.518282988871,1.87867287326,0.863174022847,0.470588235294,0.786197569093,0.41766745858,2.25,1.88235294118,0.786197569093,2.25,0.166339869281,0.0612244897959,3,0.00441176470588,0.185952380952,17,17,17,1,0,0.352941176471,0.411764705882,0.235294117647,17,0.128676470588,1.90196078431,4.11764705882,3.18181818182,2.69230769231,1.57648156274,0.382859808093,0.201680672269,2.01465221053,0.978545359402,0.524369747899,1.74894926439,0.849489642704,0.463865546218,0.814492905316,0.428238537847,2.33333333333,1.90196078431,0.814492905316,2.33333333333,0,0,0,0,0.164242424242,17,17,17,1,0,0.352941176471,0.411764705882,0.235294117647,17,37,0.136029411765,1.88235294118,4.35294117647,3.36363636364,2.84615384615,1.69341284359,0.389027274878,0.193958664547,2.09866904602,0.964253345467,0.518282988871,1.87867287326,0.863174022847,0.470588235294,0.786197569093,0.41766745858,2.25,1.88235294118,0.786197569093,2.25,0.166339869281,0.0612244897959,3,0.00441176470588,0.185952380952,17,17,17,1,0,0.352941176471,0.411764705882,0.235294117647,0,0,0,0,0,0,0,0,0,0,0,0,0,0,0,0,0,0,0,0,0,0,0,0,0,0,0,0,0,37,0,0,235,1,1,0,0,1,1,1,1,1,1,2,2,0,0,0,0
2496,WLNM_dir_neg,1,0.5,00:00:01,10,60,28,1984532201,threshold_sweep,0.3,1,1,1,2,0,0,4,1,1,0,0,1,1,1,1,0.555555555556,1,1,1,37,35,2,0,37,0,35,0,2,17,37,0.136029411765,1.88235294118,4.35294117647,3.36363636364,2.84615384615,1.69341284359,0.389027274878,0.193958664547,2.09866904602,0.964253345467,0.518282988871,1.87867287326,0.863174022847,0.470588235294,0.786197569093,0.41766745858,2.25,1.88235294118,0.786197569093,2.25,0.166339869281,0.0612244897959,3,0.00441176470588,0.185952380952,17,17,17,1,0,0.352941176471,0.411764705882,0.235294117647,17,0.128676470588,1.90196078431,4.11764705882,3.18181818182,2.69230769231,1.57648156274,0.382859808093,0.201680672269,2.01465221053,0.978545359402,0.524369747899,1.74894926439,0.849489642704,0.463865546218,0.814492905316,0.428238537847,2.33333333333,1.90196078431,0.814492905316,2.33333333333,0,0,0,0,0.164242424242,17,17,17,1,0,0.352941176471,0.411764705882,0.235294117647,17,37,0.136029411765,1.88235294118,4.35294117647,3.36363636364,2.84615384615,1.69341284359,0.389027274878,0.193958664547,2.09866904602,0.964253345467,0.518282988871,1.87867287326,0.863174022847,0.470588235294,0.786197569093,0.41766745858,2.25,1.88235294118,0.786197569093,2.25,0.166339869281,0.0612244897959,3,0.00441176470588,0.185952380952,17,17,17,1,0,0.352941176471,0.411764705882,0.235294117647,0,0,0,0,0,0,0,0,0,0,0,0,0,0,0,0,0,0,0,0,0,0,0,0,0,0,0,0,0,37,0,0,235,1,1,0,0,1,1,1,1,1,1,2,2,0,0,0,0
2497,WLNM_dir_neg,1,0.5,00:00:01,10,60,28,1984532201,threshold_sweep,0.4,1,1,1,2,0,0,4,1,1,0,0,1,1,1,1,0.555555555556,1,1,1,37,35,2,0,37,0,35,0,2,17,37,0.136029411765,1.88235294118,4.35294117647,3.36363636364,2.84615384615,1.69341284359,0.389027274878,0.193958664547,2.09866904602,0.964253345467,0.518282988871,1.87867287326,0.863174022847,0.470588235294,0.786197569093,0.41766745858,2.25,1.88235294118,0.786197569093,2.25,0.166339869281,0.0612244897959,3,0.00441176470588,0.185952380952,17,17,17,1,0,0.352941176471,0.411764705882,0.235294117647,17,0.128676470588,1.90196078431,4.11764705882,3.18181818182,2.69230769231,1.57648156274,0.382859808093,0.201680672269,2.01465221053,0.978545359402,0.524369747899,1.74894926439,0.849489642704,0.463865546218,0.814492905316,0.428238537847,2.33333333333,1.90196078431,0.814492905316,2.33333333333,0,0,0,0,0.164242424242,17,17,17,1,0,0.352941176471,0.411764705882,0.235294117647,17,37,0.136029411765,1.88235294118,4.35294117647,3.36363636364,2.84615384615,1.69341284359,0.389027274878,0.193958664547,2.09866904602,0.964253345467,0.518282988871,1.87867287326,0.863174022847,0.470588235294,0.786197569093,0.41766745858,2.25,1.88235294118,0.786197569093,2.25,0.166339869281,0.0612244897959,3,0.00441176470588,0.185952380952,17,17,17,1,0,0.352941176471,0.411764705882,0.235294117647,0,0,0,0,0,0,0,0,0,0,0,0,0,0,0,0,0,0,0,0,0,0,0,0,0,0,0,0,0,37,0,0,235,1,1,0,0,1,1,1,1,1,1,2,2,0,0,0,0
2498,WLNM_dir_neg,1,0.5,00:00:01,10,60,28,1984532201,threshold_sweep,0.5,1,1,1,2,0,0,4,1,1,0,0,1,1,1,1,0.555555555556,1,1,1,37,35,2,0,37,0,35,0,2,17,37,0.136029411765,1.88235294118,4.35294117647,3.36363636364,2.84615384615,1.69341284359,0.389027274878,0.193958664547,2.09866904602,0.964253345467,0.518282988871,1.87867287326,0.863174022847,0.470588235294,0.786197569093,0.41766745858,2.25,1.88235294118,0.786197569093,2.25,0.166339869281,0.0612244897959,3,0.00441176470588,0.185952380952,17,17,17,1,0,0.352941176471,0.411764705882,0.235294117647,17,0.128676470588,1.90196078431,4.11764705882,3.18181818182,2.69230769231,1.57648156274,0.382859808093,0.201680672269,2.01465221053,0.978545359402,0.524369747899,1.74894926439,0.849489642704,0.463865546218,0.814492905316,0.428238537847,2.33333333333,1.90196078431,0.814492905316,2.33333333333,0,0,0,0,0.164242424242,17,17,17,1,0,0.352941176471,0.411764705882,0.235294117647,17,37,0.136029411765,1.88235294118,4.35294117647,3.36363636364,2.84615384615,1.69341284359,0.389027274878,0.193958664547,2.09866904602,0.964253345467,0.518282988871,1.87867287326,0.863174022847,0.470588235294,0.786197569093,0.41766745858,2.25,1.88235294118,0.786197569093,2.25,0.166339869281,0.0612244897959,3,0.00441176470588,0.185952380952,17,17,17,1,0,0.352941176471,0.411764705882,0.235294117647,0,0,0,0,0,0,0,0,0,0,0,0,0,0,0,0,0,0,0,0,0,0,0,0,0,0,0,0,0,37,0,0,235,1,1,0,0,1,1,1,1,1,1,2,2,0,0,0,0
2499,WLNM_dir_neg,1,0.5,00:00:01,10,60,28,1984532201,threshold_sweep,0.6,1,1,1,2,0,0,4,1,1,0,0,1,1,1,1,0.555555555556,1,1,1,37,35,2,0,37,0,35,0,2,17,37,0.136029411765,1.88235294118,4.35294117647,3.36363636364,2.84615384615,1.69341284359,0.389027274878,0.193958664547,2.09866904602,0.964253345467,0.518282988871,1.87867287326,0.863174022847,0.470588235294,0.786197569093,0.41766745858,2.25,1.88235294118,0.786197569093,2.25,0.166339869281,0.0612244897959,3,0.00441176470588,0.185952380952,17,17,17,1,0,0.352941176471,0.411764705882,0.235294117647,17,0.128676470588,1.90196078431,4.11764705882,3.18181818182,2.69230769231,1.57648156274,0.382859808093,0.201680672269,2.01465221053,0.978545359402,0.524369747899,1.74894926439,0.849489642704,0.463865546218,0.814492905316,0.428238537847,2.33333333333,1.90196078431,0.814492905316,2.33333333333,0,0,0,0,0.164242424242,17,17,17,1,0,0.352941176471,0.411764705882,0.235294117647,17,37,0.136029411765,1.88235294118,4.35294117647,3.36363636364,2.84615384615,1.69341284359,0.389027274878,0.193958664547,2.09866904602,0.964253345467,0.518282988871,1.87867287326,0.863174022847,0.470588235294,0.786197569093,0.41766745858,2.25,1.88235294118,0.786197569093,2.25,0.166339869281,0.0612244897959,3,0.00441176470588,0.185952380952,17,17,17,1,0,0.352941176471,0.411764705882,0.235294117647,0,0,0,0,0,0,0,0,0,0,0,0,0,0,0,0,0,0,0,0,0,0,0,0,0,0,0,0,0,37,0,0,235,1,1,0,0,1,1,1,1,1,1,2,2,0,0,0,0
2500,WLNM_dir_neg,1,0.5,00:00:01,10,60,28,1984532201,threshold_sweep,0.7,1,1,1,2,0,0,4,1,1,0,0,1,1,1,1,0.555555555556,1,1,1,37,35,2,0,37,0,35,0,2,17,37,0.136029411765,1.88235294118,4.35294117647,3.36363636364,2.84615384615,1.69341284359,0.389027274878,0.193958664547,2.09866904602,0.964253345467,0.518282988871,1.87867287326,0.863174022847,0.470588235294,0.786197569093,0.41766745858,2.25,1.88235294118,0.786197569093,2.25,0.166339869281,0.0612244897959,3,0.00441176470588,0.185952380952,17,17,17,1,0,0.352941176471,0.411764705882,0.235294117647,17,0.128676470588,1.90196078431,4.11764705882,3.18181818182,2.69230769231,1.57648156274,0.382859808093,0.201680672269,2.01465221053,0.978545359402,0.524369747899,1.74894926439,0.849489642704,0.463865546218,0.814492905316,0.428238537847,2.33333333333,1.90196078431,0.814492905316,2.33333333333,0,0,0,0,0.164242424242,17,17,17,1,0,0.352941176471,0.411764705882,0.235294117647,17,37,0.136029411765,1.88235294118,4.35294117647,3.36363636364,2.84615384615,1.69341284359,0.389027274878,0.193958664547,2.09866904602,0.964253345467,0.518282988871,1.87867287326,0.863174022847,0.470588235294,0.786197569093,0.41766745858,2.25,1.88235294118,0.786197569093,2.25,0.166339869281,0.0612244897959,3,0.00441176470588,0.185952380952,17,17,17,1,0,0.352941176471,0.411764705882,0.235294117647,0,0,0,0,0,0,0,0,0,0,0,0,0,0,0,0,0,0,0,0,0,0,0,0,0,0,0,0,0,37,0,0,235,1,1,0,0,1,1,1,1,1,1,2,2,0,0,0,0
2501,WLNM_dir_neg,1,0.5,00:00:01,10,60,28,1984532201,threshold_sweep,0.8,1,1,1,2,0,0,4,1,1,0,0,1,1,1,1,0.555555555556,1,1,1,37,35,2,0,37,0,35,0,2,17,37,0.136029411765,1.88235294118,4.35294117647,3.36363636364,2.84615384615,1.69341284359,0.389027274878,0.193958664547,2.09866904602,0.964253345467,0.518282988871,1.87867287326,0.863174022847,0.470588235294,0.786197569093,0.41766745858,2.25,1.88235294118,0.786197569093,2.25,0.166339869281,0.0612244897959,3,0.00441176470588,0.185952380952,17,17,17,1,0,0.352941176471,0.411764705882,0.235294117647,17,0.128676470588,1.90196078431,4.11764705882,3.18181818182,2.69230769231,1.57648156274,0.382859808093,0.201680672269,2.01465221053,0.978545359402,0.524369747899,1.74894926439,0.849489642704,0.463865546218,0.814492905316,0.428238537847,2.33333333333,1.90196078431,0.814492905316,2.33333333333,0,0,0,0,0.164242424242,17,17,17,1,0,0.352941176471,0.411764705882,0.235294117647,17,37,0.136029411765,1.88235294118,4.35294117647,3.36363636364,2.84615384615,1.69341284359,0.389027274878,0.193958664547,2.09866904602,0.964253345467,0.518282988871,1.87867287326,0.863174022847,0.470588235294,0.786197569093,0.41766745858,2.25,1.88235294118,0.786197569093,2.25,0.166339869281,0.0612244897959,3,0.00441176470588,0.185952380952,17,17,17,1,0,0.352941176471,0.411764705882,0.235294117647,0,0,0,0,0,0,0,0,0,0,0,0,0,0,0,0,0,0,0,0,0,0,0,0,0,0,0,0,0,37,0,0,235,1,1,0,0,1,1,1,1,1,1,2,2,0,0,0,0
2502,WLNM_dir_neg,1,0.5,00:00:01,10,60,28,1984532201,threshold_sweep,0.9,1,1,1,2,0,0,4,1,1,0,0,1,1,1,1,0.555555555556,1,1,1,37,35,2,0,37,0,35,0,2,17,37,0.136029411765,1.88235294118,4.35294117647,3.36363636364,2.84615384615,1.69341284359,0.389027274878,0.193958664547,2.09866904602,0.964253345467,0.518282988871,1.87867287326,0.863174022847,0.470588235294,0.786197569093,0.41766745858,2.25,1.88235294118,0.786197569093,2.25,0.166339869281,0.0612244897959,3,0.00441176470588,0.185952380952,17,17,17,1,0,0.352941176471,0.411764705882,0.235294117647,17,0.128676470588,1.90196078431,4.11764705882,3.18181818182,2.69230769231,1.57648156274,0.382859808093,0.201680672269,2.01465221053,0.978545359402,0.524369747899,1.74894926439,0.849489642704,0.463865546218,0.814492905316,0.428238537847,2.33333333333,1.90196078431,0.814492905316,2.33333333333,0,0,0,0,0.164242424242,17,17,17,1,0,0.352941176471,0.411764705882,0.235294117647,17,37,0.136029411765,1.88235294118,4.35294117647,3.36363636364,2.84615384615,1.69341284359,0.389027274878,0.193958664547,2.09866904602,0.964253345467,0.518282988871,1.87867287326,0.863174022847,0.470588235294,0.786197569093,0.41766745858,2.25,1.88235294118,0.786197569093,2.25,0.166339869281,0.0612244897959,3,0.00441176470588,0.185952380952,17,17,17,1,0,0.352941176471,0.411764705882,0.235294117647,0,0,0,0,0,0,0,0,0,0,0,0,0,0,0,0,0,0,0,0,0,0,0,0,0,0,0,0,0,37,0,0,235,1,1,0,0,1,1,1,1,1,1,2,2,0,0,0,0
2503,WLNM_dir_neg,1,0.5,00:00:00,10,60,29,1984532202,threshold_sweep,0.1,1,1,1,2,0,0,4,1,1,0,0,1,1,1,1,0.555555555556,1,1,1,37,35,2,0,37,0,35,0,2,17,37,0.136029411765,1.88235294118,4.35294117647,3.36363636364,2.84615384615,1.69341284359,0.389027274878,0.193958664547,2.09866904602,0.964253345467,0.518282988871,1.87867287326,0.863174022847,0.470588235294,0.786197569093,0.41766745858,2.25,1.88235294118,0.786197569093,2.25,0.166339869281,0.0612244897959,3,0.00441176470588,0.185952380952,17,17,17,1,0,0.352941176471,0.411764705882,0.235294117647,17,0.128676470588,1.90196078431,4.11764705882,3.18181818182,2.69230769231,1.57648156274,0.382859808093,0.201680672269,2.01465221053,0.978545359402,0.524369747899,1.74894926439,0.849489642704,0.463865546218,0.814492905316,0.428238537847,2.33333333333,1.90196078431,0.814492905316,2.33333333333,0,0,0,0,0.164242424242,17,17,17,1,0,0.352941176471,0.411764705882,0.235294117647,17,37,0.136029411765,1.88235294118,4.35294117647,3.36363636364,2.84615384615,1.69341284359,0.389027274878,0.193958664547,2.09866904602,0.964253345467,0.518282988871,1.87867287326,0.863174022847,0.470588235294,0.786197569093,0.41766745858,2.25,1.88235294118,0.786197569093,2.25,0.166339869281,0.0612244897959,3,0.00441176470588,0.185952380952,17,17,17,1,0,0.352941176471,0.411764705882,0.235294117647,0,0,0,0,0,0,0,0,0,0,0,0,0,0,0,0,0,0,0,0,0,0,0,0,0,0,0,0,0,37,0,0,235,1,1,0,0,1,1,1,1,1,1,2,2,0,0,0,0
2504,WLNM_dir_neg,1,0.5,00:00:00,10,60,29,1984532202,threshold_sweep,0.2,1,1,1,2,0,0,4,1,1,0,0,1,1,1,1,0.555555555556,1,1,1,37,35,2,0,37,0,35,0,2,17,37,0.136029411765,1.88235294118,4.35294117647,3.36363636364,2.84615384615,1.69341284359,0.389027274878,0.193958664547,2.09866904602,0.964253345467,0.518282988871,1.87867287326,0.863174022847,0.470588235294,0.786197569093,0.41766745858,2.25,1.88235294118,0.786197569093,2.25,0.166339869281,0.0612244897959,3,0.00441176470588,0.185952380952,17,17,17,1,0,0.352941176471,0.411764705882,0.235294117647,17,0.128676470588,1.90196078431,4.11764705882,3.18181818182,2.69230769231,1.57648156274,0.382859808093,0.201680672269,2.01465221053,0.978545359402,0.524369747899,1.74894926439,0.849489642704,0.463865546218,0.814492905316,0.428238537847,2.33333333333,1.90196078431,0.814492905316,2.33333333333,0,0,0,0,0.164242424242,17,17,17,1,0,0.352941176471,0.411764705882,0.235294117647,17,37,0.136029411765,1.88235294118,4.35294117647,3.36363636364,2.84615384615,1.69341284359,0.389027274878,0.193958664547,2.09866904602,0.964253345467,0.518282988871,1.87867287326,0.863174022847,0.470588235294,0.786197569093,0.41766745858,2.25,1.88235294118,0.786197569093,2.25,0.166339869281,0.0612244897959,3,0.00441176470588,0.185952380952,17,17,17,1,0,0.352941176471,0.411764705882,0.235294117647,0,0,0,0,0,0,0,0,0,0,0,0,0,0,0,0,0,0,0,0,0,0,0,0,0,0,0,0,0,37,0,0,235,1,1,0,0,1,1,1,1,1,1,2,2,0,0,0,0
2505,WLNM_dir_neg,1,0.5,00:00:00,10,60,29,1984532202,threshold_sweep,0.3,1,1,1,2,0,0,4,1,1,0,0,1,1,1,1,0.555555555556,1,1,1,37,35,2,0,37,0,35,0,2,17,37,0.136029411765,1.88235294118,4.35294117647,3.36363636364,2.84615384615,1.69341284359,0.389027274878,0.193958664547,2.09866904602,0.964253345467,0.518282988871,1.87867287326,0.863174022847,0.470588235294,0.786197569093,0.41766745858,2.25,1.88235294118,0.786197569093,2.25,0.166339869281,0.0612244897959,3,0.00441176470588,0.185952380952,17,17,17,1,0,0.352941176471,0.411764705882,0.235294117647,17,0.128676470588,1.90196078431,4.11764705882,3.18181818182,2.69230769231,1.57648156274,0.382859808093,0.201680672269,2.01465221053,0.978545359402,0.524369747899,1.74894926439,0.849489642704,0.463865546218,0.814492905316,0.428238537847,2.33333333333,1.90196078431,0.814492905316,2.33333333333,0,0,0,0,0.164242424242,17,17,17,1,0,0.352941176471,0.411764705882,0.235294117647,17,37,0.136029411765,1.88235294118,4.35294117647,3.36363636364,2.84615384615,1.69341284359,0.389027274878,0.193958664547,2.09866904602,0.964253345467,0.518282988871,1.87867287326,0.863174022847,0.470588235294,0.786197569093,0.41766745858,2.25,1.88235294118,0.786197569093,2.25,0.166339869281,0.0612244897959,3,0.00441176470588,0.185952380952,17,17,17,1,0,0.352941176471,0.411764705882,0.235294117647,0,0,0,0,0,0,0,0,0,0,0,0,0,0,0,0,0,0,0,0,0,0,0,0,0,0,0,0,0,37,0,0,235,1,1,0,0,1,1,1,1,1,1,2,2,0,0,0,0
2506,WLNM_dir_neg,1,0.5,00:00:00,10,60,29,1984532202,threshold_sweep,0.4,1,1,1,2,0,0,4,1,1,0,0,1,1,1,1,0.555555555556,1,1,1,37,35,2,0,37,0,35,0,2,17,37,0.136029411765,1.88235294118,4.35294117647,3.36363636364,2.84615384615,1.69341284359,0.389027274878,0.193958664547,2.09866904602,0.964253345467,0.518282988871,1.87867287326,0.863174022847,0.470588235294,0.786197569093,0.41766745858,2.25,1.88235294118,0.786197569093,2.25,0.166339869281,0.0612244897959,3,0.00441176470588,0.185952380952,17,17,17,1,0,0.352941176471,0.411764705882,0.235294117647,17,0.128676470588,1.90196078431,4.11764705882,3.18181818182,2.69230769231,1.57648156274,0.382859808093,0.201680672269,2.01465221053,0.978545359402,0.524369747899,1.74894926439,0.849489642704,0.463865546218,0.814492905316,0.428238537847,2.33333333333,1.90196078431,0.814492905316,2.33333333333,0,0,0,0,0.164242424242,17,17,17,1,0,0.352941176471,0.411764705882,0.235294117647,17,37,0.136029411765,1.88235294118,4.35294117647,3.36363636364,2.84615384615,1.69341284359,0.389027274878,0.193958664547,2.09866904602,0.964253345467,0.518282988871,1.87867287326,0.863174022847,0.470588235294,0.786197569093,0.41766745858,2.25,1.88235294118,0.786197569093,2.25,0.166339869281,0.0612244897959,3,0.00441176470588,0.185952380952,17,17,17,1,0,0.352941176471,0.411764705882,0.235294117647,0,0,0,0,0,0,0,0,0,0,0,0,0,0,0,0,0,0,0,0,0,0,0,0,0,0,0,0,0,37,0,0,235,1,1,0,0,1,1,1,1,1,1,2,2,0,0,0,0
2507,WLNM_dir_neg,1,0.5,00:00:00,10,60,29,1984532202,threshold_sweep,0.5,1,1,1,2,0,0,4,1,1,0,0,1,1,1,1,0.555555555556,1,1,1,37,35,2,0,37,0,35,0,2,17,37,0.136029411765,1.88235294118,4.35294117647,3.36363636364,2.84615384615,1.69341284359,0.389027274878,0.193958664547,2.09866904602,0.964253345467,0.518282988871,1.87867287326,0.863174022847,0.470588235294,0.786197569093,0.41766745858,2.25,1.88235294118,0.786197569093,2.25,0.166339869281,0.0612244897959,3,0.00441176470588,0.185952380952,17,17,17,1,0,0.352941176471,0.411764705882,0.235294117647,17,0.128676470588,1.90196078431,4.11764705882,3.18181818182,2.69230769231,1.57648156274,0.382859808093,0.201680672269,2.01465221053,0.978545359402,0.524369747899,1.74894926439,0.849489642704,0.463865546218,0.814492905316,0.428238537847,2.33333333333,1.90196078431,0.814492905316,2.33333333333,0,0,0,0,0.164242424242,17,17,17,1,0,0.352941176471,0.411764705882,0.235294117647,17,37,0.136029411765,1.88235294118,4.35294117647,3.36363636364,2.84615384615,1.69341284359,0.389027274878,0.193958664547,2.09866904602,0.964253345467,0.518282988871,1.87867287326,0.863174022847,0.470588235294,0.786197569093,0.41766745858,2.25,1.88235294118,0.786197569093,2.25,0.166339869281,0.0612244897959,3,0.00441176470588,0.185952380952,17,17,17,1,0,0.352941176471,0.411764705882,0.235294117647,0,0,0,0,0,0,0,0,0,0,0,0,0,0,0,0,0,0,0,0,0,0,0,0,0,0,0,0,0,37,0,0,235,1,1,0,0,1,1,1,1,1,1,2,2,0,0,0,0
2508,WLNM_dir_neg,1,0.5,00:00:00,10,60,29,1984532202,threshold_sweep,0.6,1,1,1,2,0,0,4,1,1,0,0,1,1,1,1,0.555555555556,1,1,1,37,35,2,0,37,0,35,0,2,17,37,0.136029411765,1.88235294118,4.35294117647,3.36363636364,2.84615384615,1.69341284359,0.389027274878,0.193958664547,2.09866904602,0.964253345467,0.518282988871,1.87867287326,0.863174022847,0.470588235294,0.786197569093,0.41766745858,2.25,1.88235294118,0.786197569093,2.25,0.166339869281,0.0612244897959,3,0.00441176470588,0.185952380952,17,17,17,1,0,0.352941176471,0.411764705882,0.235294117647,17,0.128676470588,1.90196078431,4.11764705882,3.18181818182,2.69230769231,1.57648156274,0.382859808093,0.201680672269,2.01465221053,0.978545359402,0.524369747899,1.74894926439,0.849489642704,0.463865546218,0.814492905316,0.428238537847,2.33333333333,1.90196078431,0.814492905316,2.33333333333,0,0,0,0,0.164242424242,17,17,17,1,0,0.352941176471,0.411764705882,0.235294117647,17,37,0.136029411765,1.88235294118,4.35294117647,3.36363636364,2.84615384615,1.69341284359,0.389027274878,0.193958664547,2.09866904602,0.964253345467,0.518282988871,1.87867287326,0.863174022847,0.470588235294,0.786197569093,0.41766745858,2.25,1.88235294118,0.786197569093,2.25,0.166339869281,0.0612244897959,3,0.00441176470588,0.185952380952,17,17,17,1,0,0.352941176471,0.411764705882,0.235294117647,0,0,0,0,0,0,0,0,0,0,0,0,0,0,0,0,0,0,0,0,0,0,0,0,0,0,0,0,0,37,0,0,235,1,1,0,0,1,1,1,1,1,1,2,2,0,0,0,0
2509,WLNM_dir_neg,1,0.5,00:00:00,10,60,29,1984532202,threshold_sweep,0.7,1,1,1,2,0,0,4,1,1,0,0,1,1,1,1,0.555555555556,1,1,1,37,35,2,0,37,0,35,0,2,17,37,0.136029411765,1.88235294118,4.35294117647,3.36363636364,2.84615384615,1.69341284359,0.389027274878,0.193958664547,2.09866904602,0.964253345467,0.518282988871,1.87867287326,0.863174022847,0.470588235294,0.786197569093,0.41766745858,2.25,1.88235294118,0.786197569093,2.25,0.166339869281,0.0612244897959,3,0.00441176470588,0.185952380952,17,17,17,1,0,0.352941176471,0.411764705882,0.235294117647,17,0.128676470588,1.90196078431,4.11764705882,3.18181818182,2.69230769231,1.57648156274,0.382859808093,0.201680672269,2.01465221053,0.978545359402,0.524369747899,1.74894926439,0.849489642704,0.463865546218,0.814492905316,0.428238537847,2.33333333333,1.90196078431,0.814492905316,2.33333333333,0,0,0,0,0.164242424242,17,17,17,1,0,0.352941176471,0.411764705882,0.235294117647,17,37,0.136029411765,1.88235294118,4.35294117647,3.36363636364,2.84615384615,1.69341284359,0.389027274878,0.193958664547,2.09866904602,0.964253345467,0.518282988871,1.87867287326,0.863174022847,0.470588235294,0.786197569093,0.41766745858,2.25,1.88235294118,0.786197569093,2.25,0.166339869281,0.0612244897959,3,0.00441176470588,0.185952380952,17,17,17,1,0,0.352941176471,0.411764705882,0.235294117647,0,0,0,0,0,0,0,0,0,0,0,0,0,0,0,0,0,0,0,0,0,0,0,0,0,0,0,0,0,37,0,0,235,1,1,0,0,1,1,1,1,1,1,2,2,0,0,0,0
2510,WLNM_dir_neg,1,0.5,00:00:00,10,60,29,1984532202,threshold_sweep,0.8,1,1,1,2,0,0,4,1,1,0,0,1,1,1,1,0.555555555556,1,1,1,37,35,2,0,37,0,35,0,2,17,37,0.136029411765,1.88235294118,4.35294117647,3.36363636364,2.84615384615,1.69341284359,0.389027274878,0.193958664547,2.09866904602,0.964253345467,0.518282988871,1.87867287326,0.863174022847,0.470588235294,0.786197569093,0.41766745858,2.25,1.88235294118,0.786197569093,2.25,0.166339869281,0.0612244897959,3,0.00441176470588,0.185952380952,17,17,17,1,0,0.352941176471,0.411764705882,0.235294117647,17,0.128676470588,1.90196078431,4.11764705882,3.18181818182,2.69230769231,1.57648156274,0.382859808093,0.201680672269,2.01465221053,0.978545359402,0.524369747899,1.74894926439,0.849489642704,0.463865546218,0.814492905316,0.428238537847,2.33333333333,1.90196078431,0.814492905316,2.33333333333,0,0,0,0,0.164242424242,17,17,17,1,0,0.352941176471,0.411764705882,0.235294117647,17,37,0.136029411765,1.88235294118,4.35294117647,3.36363636364,2.84615384615,1.69341284359,0.389027274878,0.193958664547,2.09866904602,0.964253345467,0.518282988871,1.87867287326,0.863174022847,0.470588235294,0.786197569093,0.41766745858,2.25,1.88235294118,0.786197569093,2.25,0.166339869281,0.0612244897959,3,0.00441176470588,0.185952380952,17,17,17,1,0,0.352941176471,0.411764705882,0.235294117647,0,0,0,0,0,0,0,0,0,0,0,0,0,0,0,0,0,0,0,0,0,0,0,0,0,0,0,0,0,37,0,0,235,1,1,0,0,1,1,1,1,1,1,2,2,0,0,0,0
2511,WLNM_dir_neg,1,0.5,00:00:00,10,60,29,1984532202,threshold_sweep,0.9,1,1,1,2,0,0,4,1,1,0,0,1,1,1,1,0.555555555556,1,1,1,37,35,2,0,37,0,35,0,2,17,37,0.136029411765,1.88235294118,4.35294117647,3.36363636364,2.84615384615,1.69341284359,0.389027274878,0.193958664547,2.09866904602,0.964253345467,0.518282988871,1.87867287326,0.863174022847,0.470588235294,0.786197569093,0.41766745858,2.25,1.88235294118,0.786197569093,2.25,0.166339869281,0.0612244897959,3,0.00441176470588,0.185952380952,17,17,17,1,0,0.352941176471,0.411764705882,0.235294117647,17,0.128676470588,1.90196078431,4.11764705882,3.18181818182,2.69230769231,1.57648156274,0.382859808093,0.201680672269,2.01465221053,0.978545359402,0.524369747899,1.74894926439,0.849489642704,0.463865546218,0.814492905316,0.428238537847,2.33333333333,1.90196078431,0.814492905316,2.33333333333,0,0,0,0,0.164242424242,17,17,17,1,0,0.352941176471,0.411764705882,0.235294117647,17,37,0.136029411765,1.88235294118,4.35294117647,3.36363636364,2.84615384615,1.69341284359,0.389027274878,0.193958664547,2.09866904602,0.964253345467,0.518282988871,1.87867287326,0.863174022847,0.470588235294,0.786197569093,0.41766745858,2.25,1.88235294118,0.786197569093,2.25,0.166339869281,0.0612244897959,3,0.00441176470588,0.185952380952,17,17,17,1,0,0.352941176471,0.411764705882,0.235294117647,0,0,0,0,0,0,0,0,0,0,0,0,0,0,0,0,0,0,0,0,0,0,0,0,0,0,0,0,0,37,0,0,235,1,1,0,0,1,1,1,1,1,1,2,2,0,0,0,0
2512,WLNM_dir_neg,1,0.5,00:00:01,10,60,30,1984532203,threshold_sweep,0.1,0.666666666667,1,0.8,2,1,0,3,1,0.75,0.25,0,0.666666666667,1,0.8,0.833333333333,0.5,0.666666666667,0.707106781187,0.75,37,35,2,0,37,0,35,0,2,17,37,0.136029411765,1.88235294118,4.35294117647,3.36363636364,2.84615384615,1.69341284359,0.389027274878,0.193958664547,2.09866904602,0.964253345467,0.518282988871,1.87867287326,0.863174022847,0.470588235294,0.786197569093,0.41766745858,2.25,1.88235294118,0.786197569093,2.25,0.166339869281,0.0612244897959,3,0.00441176470588,0.185952380952,17,17,17,1,0,0.352941176471,0.411764705882,0.235294117647,17,0.128676470588,1.90196078431,4.11764705882,3.18181818182,2.69230769231,1.57648156274,0.382859808093,0.201680672269,2.01465221053,0.978545359402,0.524369747899,1.74894926439,0.849489642704,0.463865546218,0.814492905316,0.428238537847,2.33333333333,1.90196078431,0.814492905316,2.33333333333,0,0,0,0,0.164242424242,17,17,17,1,0,0.352941176471,0.411764705882,0.235294117647,17,38,0.139705882353,2.02529411765,4.47058823529,3.16666666667,2.92307692308,1.62471716996,0.36342357749,0.179566563467,2.04723630062,0.915868871331,0.495356037152,1.88843227853,0.84482496671,0.461300309598,0.807681058841,0.398796921298,2.35,2.02529411765,0.807681058841,2.35,0.224836601307,0.0980392156863,5,0.00735294117647,0.161020923521,17,17,17,1,0,0.294117647059,0.470588235294,0.235294117647,1,0.00367647058824,0.142941176471,0.117647058824,-0.19696969697,0.0769230769231,-0.0686956736295,-0.0256036973876,-0.0143921010794,-0.0514327453931,-0.0483844741355,-0.0229269517195,0.00975940527302,-0.018349056137,-0.00928792569659,0.0214834897484,-0.0188705372822,0.1,0.142941176471,0.0214834897484,0.1,0.0584967320261,0.0368147258904,2,0.00294117647059,-0.0249314574315,-0.0588235294118,0.0588235294118,0,37,1,0,234,1,0.995744680851,0.00425531914894,0,0.973684210526,1,0.986666666667,0.984652666406,0.995744680851,0.973684210526,3,2,0,0,0,0
2513,WLNM_dir_neg,1,0.5,00:00:01,10,60,30,1984532203,threshold_sweep,0.2,0.666666666667,1,0.8,2,1,0,3,1,0.75,0.25,0,0.666666666667,1,0.8,0.833333333333,0.5,0.666666666667,0.707106781187,0.75,37,35,2,0,37,0,35,0,2,17,37,0.136029411765,1.88235294118,4.35294117647,3.36363636364,2.84615384615,1.69341284359,0.389027274878,0.193958664547,2.09866904602,0.964253345467,0.518282988871,1.87867287326,0.863174022847,0.470588235294,0.786197569093,0.41766745858,2.25,1.88235294118,0.786197569093,2.25,0.166339869281,0.0612244897959,3,0.00441176470588,0.185952380952,17,17,17,1,0,0.352941176471,0.411764705882,0.235294117647,17,0.128676470588,1.90196078431,4.11764705882,3.18181818182,2.69230769231,1.57648156274,0.382859808093,0.201680672269,2.01465221053,0.978545359402,0.524369747899,1.74894926439,0.849489642704,0.463865546218,0.814492905316,0.428238537847,2.33333333333,1.90196078431,0.814492905316,2.33333333333,0,0,0,0,0.164242424242,17,17,17,1,0,0.352941176471,0.411764705882,0.235294117647,17,38,0.139705882353,2.02529411765,4.47058823529,3.16666666667,2.92307692308,1.62471716996,0.36342357749,0.179566563467,2.04723630062,0.915868871331,0.495356037152,1.88843227853,0.84482496671,0.461300309598,0.807681058841,0.398796921298,2.35,2.02529411765,0.807681058841,2.35,0.224836601307,0.0980392156863,5,0.00735294117647,0.161020923521,17,17,17,1,0,0.294117647059,0.470588235294,0.235294117647,1,0.00367647058824,0.142941176471,0.117647058824,-0.19696969697,0.0769230769231,-0.0686956736295,-0.0256036973876,-0.0143921010794,-0.0514327453931,-0.0483844741355,-0.0229269517195,0.00975940527302,-0.018349056137,-0.00928792569659,0.0214834897484,-0.0188705372822,0.1,0.142941176471,0.0214834897484,0.1,0.0584967320261,0.0368147258904,2,0.00294117647059,-0.0249314574315,-0.0588235294118,0.0588235294118,0,37,1,0,234,1,0.995744680851,0.00425531914894,0,0.973684210526,1,0.986666666667,0.984652666406,0.995744680851,0.973684210526,3,2,0,0,0,0
2514,WLNM_dir_neg,1,0.5,00:00:01,10,60,30,1984532203,threshold_sweep,0.3,0.666666666667,1,0.8,2,1,0,3,1,0.75,0.25,0,0.666666666667,1,0.8,0.833333333333,0.5,0.666666666667,0.707106781187,0.75,37,35,2,0,37,0,35,0,2,17,37,0.136029411765,1.88235294118,4.35294117647,3.36363636364,2.84615384615,1.69341284359,0.389027274878,0.193958664547,2.09866904602,0.964253345467,0.518282988871,1.87867287326,0.863174022847,0.470588235294,0.786197569093,0.41766745858,2.25,1.88235294118,0.786197569093,2.25,0.166339869281,0.0612244897959,3,0.00441176470588,0.185952380952,17,17,17,1,0,0.352941176471,0.411764705882,0.235294117647,17,0.128676470588,1.90196078431,4.11764705882,3.18181818182,2.69230769231,1.57648156274,0.382859808093,0.201680672269,2.01465221053,0.978545359402,0.524369747899,1.74894926439,0.849489642704,0.463865546218,0.814492905316,0.428238537847,2.33333333333,1.90196078431,0.814492905316,2.33333333333,0,0,0,0,0.164242424242,17,17,17,1,0,0.352941176471,0.411764705882,0.235294117647,17,38,0.139705882353,2.02529411765,4.47058823529,3.16666666667,2.92307692308,1.62471716996,0.36342357749,0.179566563467,2.04723630062,0.915868871331,0.495356037152,1.88843227853,0.84482496671,0.461300309598,0.807681058841,0.398796921298,2.35,2.02529411765,0.807681058841,2.35,0.224836601307,0.0980392156863,5,0.00735294117647,0.161020923521,17,17,17,1,0,0.294117647059,0.470588235294,0.235294117647,1,0.00367647058824,0.142941176471,0.117647058824,-0.19696969697,0.0769230769231,-0.0686956736295,-0.0256036973876,-0.0143921010794,-0.0514327453931,-0.0483844741355,-0.0229269517195,0.00975940527302,-0.018349056137,-0.00928792569659,0.0214834897484,-0.0188705372822,0.1,0.142941176471,0.0214834897484,0.1,0.0584967320261,0.0368147258904,2,0.00294117647059,-0.0249314574315,-0.0588235294118,0.0588235294118,0,37,1,0,234,1,0.995744680851,0.00425531914894,0,0.973684210526,1,0.986666666667,0.984652666406,0.995744680851,0.973684210526,3,2,0,0,0,0
2515,WLNM_dir_neg,1,0.5,00:00:01,10,60,30,1984532203,threshold_sweep,0.4,0.666666666667,1,0.8,2,1,0,3,1,0.75,0.25,0,0.666666666667,1,0.8,0.833333333333,0.5,0.666666666667,0.707106781187,0.75,37,35,2,0,37,0,35,0,2,17,37,0.136029411765,1.88235294118,4.35294117647,3.36363636364,2.84615384615,1.69341284359,0.389027274878,0.193958664547,2.09866904602,0.964253345467,0.518282988871,1.87867287326,0.863174022847,0.470588235294,0.786197569093,0.41766745858,2.25,1.88235294118,0.786197569093,2.25,0.166339869281,0.0612244897959,3,0.00441176470588,0.185952380952,17,17,17,1,0,0.352941176471,0.411764705882,0.235294117647,17,0.128676470588,1.90196078431,4.11764705882,3.18181818182,2.69230769231,1.57648156274,0.382859808093,0.201680672269,2.01465221053,0.978545359402,0.524369747899,1.74894926439,0.849489642704,0.463865546218,0.814492905316,0.428238537847,2.33333333333,1.90196078431,0.814492905316,2.33333333333,0,0,0,0,0.164242424242,17,17,17,1,0,0.352941176471,0.411764705882,0.235294117647,17,38,0.139705882353,2.02529411765,4.47058823529,3.16666666667,2.92307692308,1.62471716996,0.36342357749,0.179566563467,2.04723630062,0.915868871331,0.495356037152,1.88843227853,0.84482496671,0.461300309598,0.807681058841,0.398796921298,2.35,2.02529411765,0.807681058841,2.35,0.224836601307,0.0980392156863,5,0.00735294117647,0.161020923521,17,17,17,1,0,0.294117647059,0.470588235294,0.235294117647,1,0.00367647058824,0.142941176471,0.117647058824,-0.19696969697,0.0769230769231,-0.0686956736295,-0.0256036973876,-0.0143921010794,-0.0514327453931,-0.0483844741355,-0.0229269517195,0.00975940527302,-0.018349056137,-0.00928792569659,0.0214834897484,-0.0188705372822,0.1,0.142941176471,0.0214834897484,0.1,0.0584967320261,0.0368147258904,2,0.00294117647059,-0.0249314574315,-0.0588235294118,0.0588235294118,0,37,1,0,234,1,0.995744680851,0.00425531914894,0,0.973684210526,1,0.986666666667,0.984652666406,0.995744680851,0.973684210526,3,2,0,0,0,0
2516,WLNM_dir_neg,1,0.5,00:00:01,10,60,30,1984532203,threshold_sweep,0.5,0.666666666667,1,0.8,2,1,0,3,1,0.75,0.25,0,0.666666666667,1,0.8,0.833333333333,0.5,0.666666666667,0.707106781187,0.75,37,35,2,0,37,0,35,0,2,17,37,0.136029411765,1.88235294118,4.35294117647,3.36363636364,2.84615384615,1.69341284359,0.389027274878,0.193958664547,2.09866904602,0.964253345467,0.518282988871,1.87867287326,0.863174022847,0.470588235294,0.786197569093,0.41766745858,2.25,1.88235294118,0.786197569093,2.25,0.166339869281,0.0612244897959,3,0.00441176470588,0.185952380952,17,17,17,1,0,0.352941176471,0.411764705882,0.235294117647,17,0.128676470588,1.90196078431,4.11764705882,3.18181818182,2.69230769231,1.57648156274,0.382859808093,0.201680672269,2.01465221053,0.978545359402,0.524369747899,1.74894926439,0.849489642704,0.463865546218,0.814492905316,0.428238537847,2.33333333333,1.90196078431,0.814492905316,2.33333333333,0,0,0,0,0.164242424242,17,17,17,1,0,0.352941176471,0.411764705882,0.235294117647,17,38,0.139705882353,2.02529411765,4.47058823529,3.16666666667,2.92307692308,1.62471716996,0.36342357749,0.179566563467,2.04723630062,0.915868871331,0.495356037152,1.88843227853,0.84482496671,0.461300309598,0.807681058841,0.398796921298,2.35,2.02529411765,0.807681058841,2.35,0.224836601307,0.0980392156863,5,0.00735294117647,0.161020923521,17,17,17,1,0,0.294117647059,0.470588235294,0.235294117647,1,0.00367647058824,0.142941176471,0.117647058824,-0.19696969697,0.0769230769231,-0.0686956736295,-0.0256036973876,-0.0143921010794,-0.0514327453931,-0.0483844741355,-0.0229269517195,0.00975940527302,-0.018349056137,-0.00928792569659,0.0214834897484,-0.0188705372822,0.1,0.142941176471,0.0214834897484,0.1,0.0584967320261,0.0368147258904,2,0.00294117647059,-0.0249314574315,-0.0588235294118,0.0588235294118,0,37,1,0,234,1,0.995744680851,0.00425531914894,0,0.973684210526,1,0.986666666667,0.984652666406,0.995744680851,0.973684210526,3,2,0,0,0,0
2517,WLNM_dir_neg,1,0.5,00:00:01,10,60,30,1984532203,threshold_sweep,0.6,0.666666666667,1,0.8,2,1,0,3,1,0.75,0.25,0,0.666666666667,1,0.8,0.833333333333,0.5,0.666666666667,0.707106781187,0.75,37,35,2,0,37,0,35,0,2,17,37,0.136029411765,1.88235294118,4.35294117647,3.36363636364,2.84615384615,1.69341284359,0.389027274878,0.193958664547,2.09866904602,0.964253345467,0.518282988871,1.87867287326,0.863174022847,0.470588235294,0.786197569093,0.41766745858,2.25,1.88235294118,0.786197569093,2.25,0.166339869281,0.0612244897959,3,0.00441176470588,0.185952380952,17,17,17,1,0,0.352941176471,0.411764705882,0.235294117647,17,0.128676470588,1.90196078431,4.11764705882,3.18181818182,2.69230769231,1.57648156274,0.382859808093,0.201680672269,2.01465221053,0.978545359402,0.524369747899,1.74894926439,0.849489642704,0.463865546218,0.814492905316,0.428238537847,2.33333333333,1.90196078431,0.814492905316,2.33333333333,0,0,0,0,0.164242424242,17,17,17,1,0,0.352941176471,0.411764705882,0.235294117647,17,38,0.139705882353,2.02529411765,4.47058823529,3.16666666667,2.92307692308,1.62471716996,0.36342357749,0.179566563467,2.04723630062,0.915868871331,0.495356037152,1.88843227853,0.84482496671,0.461300309598,0.807681058841,0.398796921298,2.35,2.02529411765,0.807681058841,2.35,0.224836601307,0.0980392156863,5,0.00735294117647,0.161020923521,17,17,17,1,0,0.294117647059,0.470588235294,0.235294117647,1,0.00367647058824,0.142941176471,0.117647058824,-0.19696969697,0.0769230769231,-0.0686956736295,-0.0256036973876,-0.0143921010794,-0.0514327453931,-0.0483844741355,-0.0229269517195,0.00975940527302,-0.018349056137,-0.00928792569659,0.0214834897484,-0.0188705372822,0.1,0.142941176471,0.0214834897484,0.1,0.0584967320261,0.0368147258904,2,0.00294117647059,-0.0249314574315,-0.0588235294118,0.0588235294118,0,37,1,0,234,1,0.995744680851,0.00425531914894,0,0.973684210526,1,0.986666666667,0.984652666406,0.995744680851,0.973684210526,3,2,0,0,0,0
2518,WLNM_dir_neg,1,0.5,00:00:01,10,60,30,1984532203,threshold_sweep,0.7,0.666666666667,1,0.8,2,1,0,3,1,0.75,0.25,0,0.666666666667,1,0.8,0.833333333333,0.5,0.666666666667,0.707106781187,0.75,37,35,2,0,37,0,35,0,2,17,37,0.136029411765,1.88235294118,4.35294117647,3.36363636364,2.84615384615,1.69341284359,0.389027274878,0.193958664547,2.09866904602,0.964253345467,0.518282988871,1.87867287326,0.863174022847,0.470588235294,0.786197569093,0.41766745858,2.25,1.88235294118,0.786197569093,2.25,0.166339869281,0.0612244897959,3,0.00441176470588,0.185952380952,17,17,17,1,0,0.352941176471,0.411764705882,0.235294117647,17,0.128676470588,1.90196078431,4.11764705882,3.18181818182,2.69230769231,1.57648156274,0.382859808093,0.201680672269,2.01465221053,0.978545359402,0.524369747899,1.74894926439,0.849489642704,0.463865546218,0.814492905316,0.428238537847,2.33333333333,1.90196078431,0.814492905316,2.33333333333,0,0,0,0,0.164242424242,17,17,17,1,0,0.352941176471,0.411764705882,0.235294117647,17,38,0.139705882353,2.02529411765,4.47058823529,3.16666666667,2.92307692308,1.62471716996,0.36342357749,0.179566563467,2.04723630062,0.915868871331,0.495356037152,1.88843227853,0.84482496671,0.461300309598,0.807681058841,0.398796921298,2.35,2.02529411765,0.807681058841,2.35,0.224836601307,0.0980392156863,5,0.00735294117647,0.161020923521,17,17,17,1,0,0.294117647059,0.470588235294,0.235294117647,1,0.00367647058824,0.142941176471,0.117647058824,-0.19696969697,0.0769230769231,-0.0686956736295,-0.0256036973876,-0.0143921010794,-0.0514327453931,-0.0483844741355,-0.0229269517195,0.00975940527302,-0.018349056137,-0.00928792569659,0.0214834897484,-0.0188705372822,0.1,0.142941176471,0.0214834897484,0.1,0.0584967320261,0.0368147258904,2,0.00294117647059,-0.0249314574315,-0.0588235294118,0.0588235294118,0,37,1,0,234,1,0.995744680851,0.00425531914894,0,0.973684210526,1,0.986666666667,0.984652666406,0.995744680851,0.973684210526,3,2,0,0,0,0
2519,WLNM_dir_neg,1,0.5,00:00:01,10,60,30,1984532203,threshold_sweep,0.8,1,1,1,2,0,0,4,1,1,0,0,1,1,1,1,0.555555555556,1,1,1,37,35,2,0,37,0,35,0,2,17,37,0.136029411765,1.88235294118,4.35294117647,3.36363636364,2.84615384615,1.69341284359,0.389027274878,0.193958664547,2.09866904602,0.964253345467,0.518282988871,1.87867287326,0.863174022847,0.470588235294,0.786197569093,0.41766745858,2.25,1.88235294118,0.786197569093,2.25,0.166339869281,0.0612244897959,3,0.00441176470588,0.185952380952,17,17,17,1,0,0.352941176471,0.411764705882,0.235294117647,17,0.128676470588,1.90196078431,4.11764705882,3.18181818182,2.69230769231,1.57648156274,0.382859808093,0.201680672269,2.01465221053,0.978545359402,0.524369747899,1.74894926439,0.849489642704,0.463865546218,0.814492905316,0.428238537847,2.33333333333,1.90196078431,0.814492905316,2.33333333333,0,0,0,0,0.164242424242,17,17,17,1,0,0.352941176471,0.411764705882,0.235294117647,17,37,0.136029411765,1.88235294118,4.35294117647,3.36363636364,2.84615384615,1.69341284359,0.389027274878,0.193958664547,2.09866904602,0.964253345467,0.518282988871,1.87867287326,0.863174022847,0.470588235294,0.786197569093,0.41766745858,2.25,1.88235294118,0.786197569093,2.25,0.166339869281,0.0612244897959,3,0.00441176470588,0.185952380952,17,17,17,1,0,0.352941176471,0.411764705882,0.235294117647,0,0,0,0,0,0,0,0,0,0,0,0,0,0,0,0,0,0,0,0,0,0,0,0,0,0,0,0,0,37,0,0,235,1,1,0,0,1,1,1,1,1,1,2,2,0,0,0,0
2520,WLNM_dir_neg,1,0.5,00:00:01,10,60,30,1984532203,threshold_sweep,0.9,1,1,1,2,0,0,4,1,1,0,0,1,1,1,1,0.555555555556,1,1,1,37,35,2,0,37,0,35,0,2,17,37,0.136029411765,1.88235294118,4.35294117647,3.36363636364,2.84615384615,1.69341284359,0.389027274878,0.193958664547,2.09866904602,0.964253345467,0.518282988871,1.87867287326,0.863174022847,0.470588235294,0.786197569093,0.41766745858,2.25,1.88235294118,0.786197569093,2.25,0.166339869281,0.0612244897959,3,0.00441176470588,0.185952380952,17,17,17,1,0,0.352941176471,0.411764705882,0.235294117647,17,0.128676470588,1.90196078431,4.11764705882,3.18181818182,2.69230769231,1.57648156274,0.382859808093,0.201680672269,2.01465221053,0.978545359402,0.524369747899,1.74894926439,0.849489642704,0.463865546218,0.814492905316,0.428238537847,2.33333333333,1.90196078431,0.814492905316,2.33333333333,0,0,0,0,0.164242424242,17,17,17,1,0,0.352941176471,0.411764705882,0.235294117647,17,37,0.136029411765,1.88235294118,4.35294117647,3.36363636364,2.84615384615,1.69341284359,0.389027274878,0.193958664547,2.09866904602,0.964253345467,0.518282988871,1.87867287326,0.863174022847,0.470588235294,0.786197569093,0.41766745858,2.25,1.88235294118,0.786197569093,2.25,0.166339869281,0.0612244897959,3,0.00441176470588,0.185952380952,17,17,17,1,0,0.352941176471,0.411764705882,0.235294117647,0,0,0,0,0,0,0,0,0,0,0,0,0,0,0,0,0,0,0,0,0,0,0,0,0,0,0,0,0,37,0,0,235,1,1,0,0,1,1,1,1,1,1,2,2,0,0,0,0
2521,WLNM_dir_neg,1,0.5,00:00:02,10,60,31,1984532204,threshold_sweep,0.1,0.666666666667,1,0.8,2,1,0,3,1,0.75,0.25,0,0.666666666667,1,0.8,0.833333333333,0.5,0.666666666667,0.707106781187,0.75,37,35,2,0,37,0,35,0,2,17,37,0.136029411765,1.88235294118,4.35294117647,3.36363636364,2.84615384615,1.69341284359,0.389027274878,0.193958664547,2.09866904602,0.964253345467,0.518282988871,1.87867287326,0.863174022847,0.470588235294,0.786197569093,0.41766745858,2.25,1.88235294118,0.786197569093,2.25,0.166339869281,0.0612244897959,3,0.00441176470588,0.185952380952,17,17,17,1,0,0.352941176471,0.411764705882,0.235294117647,17,0.128676470588,1.90196078431,4.11764705882,3.18181818182,2.69230769231,1.57648156274,0.382859808093,0.201680672269,2.01465221053,0.978545359402,0.524369747899,1.74894926439,0.849489642704,0.463865546218,0.814492905316,0.428238537847,2.33333333333,1.90196078431,0.814492905316,2.33333333333,0,0,0,0,0.164242424242,17,17,17,1,0,0.352941176471,0.411764705882,0.235294117647,17,38,0.139705882353,2.09294117647,4.47058823529,3.16666666667,2.92307692308,1.62471716996,0.36342357749,0.179566563467,2.04723630062,0.915868871331,0.495356037152,1.88843227853,0.84482496671,0.461300309598,0.8705082187,0.415925793083,2.45,2.09294117647,0.8705082187,2.45,0.166339869281,0.0588235294118,3,0.00441176470588,0.161778499278,17,17,17,1,0,0.294117647059,0.470588235294,0.235294117647,1,0.00367647058824,0.210588235294,0.117647058824,-0.19696969697,0.0769230769231,-0.0686956736295,-0.0256036973876,-0.0143921010794,-0.0514327453931,-0.0483844741355,-0.0229269517195,0.00975940527302,-0.018349056137,-0.00928792569659,0.084310649607,-0.00174166549743,0.2,0.210588235294,0.084310649607,0.2,0,-0.00240096038415,0,0,-0.0241738816739,-0.0588235294118,0.0588235294118,0,37,1,0,234,1,0.995744680851,0.00425531914894,0,0.973684210526,1,0.986666666667,0.984652666406,0.995744680851,0.973684210526,3,2,0,0,0,0
2522,WLNM_dir_neg,1,0.5,00:00:02,10,60,31,1984532204,threshold_sweep,0.2,0.666666666667,1,0.8,2,1,0,3,1,0.75,0.25,0,0.666666666667,1,0.8,0.833333333333,0.5,0.666666666667,0.707106781187,0.75,37,35,2,0,37,0,35,0,2,17,37,0.136029411765,1.88235294118,4.35294117647,3.36363636364,2.84615384615,1.69341284359,0.389027274878,0.193958664547,2.09866904602,0.964253345467,0.518282988871,1.87867287326,0.863174022847,0.470588235294,0.786197569093,0.41766745858,2.25,1.88235294118,0.786197569093,2.25,0.166339869281,0.0612244897959,3,0.00441176470588,0.185952380952,17,17,17,1,0,0.352941176471,0.411764705882,0.235294117647,17,0.128676470588,1.90196078431,4.11764705882,3.18181818182,2.69230769231,1.57648156274,0.382859808093,0.201680672269,2.01465221053,0.978545359402,0.524369747899,1.74894926439,0.849489642704,0.463865546218,0.814492905316,0.428238537847,2.33333333333,1.90196078431,0.814492905316,2.33333333333,0,0,0,0,0.164242424242,17,17,17,1,0,0.352941176471,0.411764705882,0.235294117647,17,38,0.139705882353,2.09294117647,4.47058823529,3.16666666667,2.92307692308,1.62471716996,0.36342357749,0.179566563467,2.04723630062,0.915868871331,0.495356037152,1.88843227853,0.84482496671,0.461300309598,0.8705082187,0.415925793083,2.45,2.09294117647,0.8705082187,2.45,0.166339869281,0.0588235294118,3,0.00441176470588,0.161778499278,17,17,17,1,0,0.294117647059,0.470588235294,0.235294117647,1,0.00367647058824,0.210588235294,0.117647058824,-0.19696969697,0.0769230769231,-0.0686956736295,-0.0256036973876,-0.0143921010794,-0.0514327453931,-0.0483844741355,-0.0229269517195,0.00975940527302,-0.018349056137,-0.00928792569659,0.084310649607,-0.00174166549743,0.2,0.210588235294,0.084310649607,0.2,0,-0.00240096038415,0,0,-0.0241738816739,-0.0588235294118,0.0588235294118,0,37,1,0,234,1,0.995744680851,0.00425531914894,0,0.973684210526,1,0.986666666667,0.984652666406,0.995744680851,0.973684210526,3,2,0,0,0,0
2523,WLNM_dir_neg,1,0.5,00:00:02,10,60,31,1984532204,threshold_sweep,0.3,0.666666666667,1,0.8,2,1,0,3,1,0.75,0.25,0,0.666666666667,1,0.8,0.833333333333,0.5,0.666666666667,0.707106781187,0.75,37,35,2,0,37,0,35,0,2,17,37,0.136029411765,1.88235294118,4.35294117647,3.36363636364,2.84615384615,1.69341284359,0.389027274878,0.193958664547,2.09866904602,0.964253345467,0.518282988871,1.87867287326,0.863174022847,0.470588235294,0.786197569093,0.41766745858,2.25,1.88235294118,0.786197569093,2.25,0.166339869281,0.0612244897959,3,0.00441176470588,0.185952380952,17,17,17,1,0,0.352941176471,0.411764705882,0.235294117647,17,0.128676470588,1.90196078431,4.11764705882,3.18181818182,2.69230769231,1.57648156274,0.382859808093,0.201680672269,2.01465221053,0.978545359402,0.524369747899,1.74894926439,0.849489642704,0.463865546218,0.814492905316,0.428238537847,2.33333333333,1.90196078431,0.814492905316,2.33333333333,0,0,0,0,0.164242424242,17,17,17,1,0,0.352941176471,0.411764705882,0.235294117647,17,38,0.139705882353,2.09294117647,4.47058823529,3.16666666667,2.92307692308,1.62471716996,0.36342357749,0.179566563467,2.04723630062,0.915868871331,0.495356037152,1.88843227853,0.84482496671,0.461300309598,0.8705082187,0.415925793083,2.45,2.09294117647,0.8705082187,2.45,0.166339869281,0.0588235294118,3,0.00441176470588,0.161778499278,17,17,17,1,0,0.294117647059,0.470588235294,0.235294117647,1,0.00367647058824,0.210588235294,0.117647058824,-0.19696969697,0.0769230769231,-0.0686956736295,-0.0256036973876,-0.0143921010794,-0.0514327453931,-0.0483844741355,-0.0229269517195,0.00975940527302,-0.018349056137,-0.00928792569659,0.084310649607,-0.00174166549743,0.2,0.210588235294,0.084310649607,0.2,0,-0.00240096038415,0,0,-0.0241738816739,-0.0588235294118,0.0588235294118,0,37,1,0,234,1,0.995744680851,0.00425531914894,0,0.973684210526,1,0.986666666667,0.984652666406,0.995744680851,0.973684210526,3,2,0,0,0,0
2524,WLNM_dir_neg,1,0.5,00:00:02,10,60,31,1984532204,threshold_sweep,0.4,0.666666666667,1,0.8,2,1,0,3,1,0.75,0.25,0,0.666666666667,1,0.8,0.833333333333,0.5,0.666666666667,0.707106781187,0.75,37,35,2,0,37,0,35,0,2,17,37,0.136029411765,1.88235294118,4.35294117647,3.36363636364,2.84615384615,1.69341284359,0.389027274878,0.193958664547,2.09866904602,0.964253345467,0.518282988871,1.87867287326,0.863174022847,0.470588235294,0.786197569093,0.41766745858,2.25,1.88235294118,0.786197569093,2.25,0.166339869281,0.0612244897959,3,0.00441176470588,0.185952380952,17,17,17,1,0,0.352941176471,0.411764705882,0.235294117647,17,0.128676470588,1.90196078431,4.11764705882,3.18181818182,2.69230769231,1.57648156274,0.382859808093,0.201680672269,2.01465221053,0.978545359402,0.524369747899,1.74894926439,0.849489642704,0.463865546218,0.814492905316,0.428238537847,2.33333333333,1.90196078431,0.814492905316,2.33333333333,0,0,0,0,0.164242424242,17,17,17,1,0,0.352941176471,0.411764705882,0.235294117647,17,38,0.139705882353,2.09294117647,4.47058823529,3.16666666667,2.92307692308,1.62471716996,0.36342357749,0.179566563467,2.04723630062,0.915868871331,0.495356037152,1.88843227853,0.84482496671,0.461300309598,0.8705082187,0.415925793083,2.45,2.09294117647,0.8705082187,2.45,0.166339869281,0.0588235294118,3,0.00441176470588,0.161778499278,17,17,17,1,0,0.294117647059,0.470588235294,0.235294117647,1,0.00367647058824,0.210588235294,0.117647058824,-0.19696969697,0.0769230769231,-0.0686956736295,-0.0256036973876,-0.0143921010794,-0.0514327453931,-0.0483844741355,-0.0229269517195,0.00975940527302,-0.018349056137,-0.00928792569659,0.084310649607,-0.00174166549743,0.2,0.210588235294,0.084310649607,0.2,0,-0.00240096038415,0,0,-0.0241738816739,-0.0588235294118,0.0588235294118,0,37,1,0,234,1,0.995744680851,0.00425531914894,0,0.973684210526,1,0.986666666667,0.984652666406,0.995744680851,0.973684210526,3,2,0,0,0,0
2525,WLNM_dir_neg,1,0.5,00:00:02,10,60,31,1984532204,threshold_sweep,0.5,0.666666666667,1,0.8,2,1,0,3,1,0.75,0.25,0,0.666666666667,1,0.8,0.833333333333,0.5,0.666666666667,0.707106781187,0.75,37,35,2,0,37,0,35,0,2,17,37,0.136029411765,1.88235294118,4.35294117647,3.36363636364,2.84615384615,1.69341284359,0.389027274878,0.193958664547,2.09866904602,0.964253345467,0.518282988871,1.87867287326,0.863174022847,0.470588235294,0.786197569093,0.41766745858,2.25,1.88235294118,0.786197569093,2.25,0.166339869281,0.0612244897959,3,0.00441176470588,0.185952380952,17,17,17,1,0,0.352941176471,0.411764705882,0.235294117647,17,0.128676470588,1.90196078431,4.11764705882,3.18181818182,2.69230769231,1.57648156274,0.382859808093,0.201680672269,2.01465221053,0.978545359402,0.524369747899,1.74894926439,0.849489642704,0.463865546218,0.814492905316,0.428238537847,2.33333333333,1.90196078431,0.814492905316,2.33333333333,0,0,0,0,0.164242424242,17,17,17,1,0,0.352941176471,0.411764705882,0.235294117647,17,38,0.139705882353,2.09294117647,4.47058823529,3.16666666667,2.92307692308,1.62471716996,0.36342357749,0.179566563467,2.04723630062,0.915868871331,0.495356037152,1.88843227853,0.84482496671,0.461300309598,0.8705082187,0.415925793083,2.45,2.09294117647,0.8705082187,2.45,0.166339869281,0.0588235294118,3,0.00441176470588,0.161778499278,17,17,17,1,0,0.294117647059,0.470588235294,0.235294117647,1,0.00367647058824,0.210588235294,0.117647058824,-0.19696969697,0.0769230769231,-0.0686956736295,-0.0256036973876,-0.0143921010794,-0.0514327453931,-0.0483844741355,-0.0229269517195,0.00975940527302,-0.018349056137,-0.00928792569659,0.084310649607,-0.00174166549743,0.2,0.210588235294,0.084310649607,0.2,0,-0.00240096038415,0,0,-0.0241738816739,-0.0588235294118,0.0588235294118,0,37,1,0,234,1,0.995744680851,0.00425531914894,0,0.973684210526,1,0.986666666667,0.984652666406,0.995744680851,0.973684210526,3,2,0,0,0,0
2526,WLNM_dir_neg,1,0.5,00:00:02,10,60,31,1984532204,threshold_sweep,0.6,0.666666666667,1,0.8,2,1,0,3,1,0.75,0.25,0,0.666666666667,1,0.8,0.833333333333,0.5,0.666666666667,0.707106781187,0.75,37,35,2,0,37,0,35,0,2,17,37,0.136029411765,1.88235294118,4.35294117647,3.36363636364,2.84615384615,1.69341284359,0.389027274878,0.193958664547,2.09866904602,0.964253345467,0.518282988871,1.87867287326,0.863174022847,0.470588235294,0.786197569093,0.41766745858,2.25,1.88235294118,0.786197569093,2.25,0.166339869281,0.0612244897959,3,0.00441176470588,0.185952380952,17,17,17,1,0,0.352941176471,0.411764705882,0.235294117647,17,0.128676470588,1.90196078431,4.11764705882,3.18181818182,2.69230769231,1.57648156274,0.382859808093,0.201680672269,2.01465221053,0.978545359402,0.524369747899,1.74894926439,0.849489642704,0.463865546218,0.814492905316,0.428238537847,2.33333333333,1.90196078431,0.814492905316,2.33333333333,0,0,0,0,0.164242424242,17,17,17,1,0,0.352941176471,0.411764705882,0.235294117647,17,38,0.139705882353,2.09294117647,4.47058823529,3.16666666667,2.92307692308,1.62471716996,0.36342357749,0.179566563467,2.04723630062,0.915868871331,0.495356037152,1.88843227853,0.84482496671,0.461300309598,0.8705082187,0.415925793083,2.45,2.09294117647,0.8705082187,2.45,0.166339869281,0.0588235294118,3,0.00441176470588,0.161778499278,17,17,17,1,0,0.294117647059,0.470588235294,0.235294117647,1,0.00367647058824,0.210588235294,0.117647058824,-0.19696969697,0.0769230769231,-0.0686956736295,-0.0256036973876,-0.0143921010794,-0.0514327453931,-0.0483844741355,-0.0229269517195,0.00975940527302,-0.018349056137,-0.00928792569659,0.084310649607,-0.00174166549743,0.2,0.210588235294,0.084310649607,0.2,0,-0.00240096038415,0,0,-0.0241738816739,-0.0588235294118,0.0588235294118,0,37,1,0,234,1,0.995744680851,0.00425531914894,0,0.973684210526,1,0.986666666667,0.984652666406,0.995744680851,0.973684210526,3,2,0,0,0,0
2527,WLNM_dir_neg,1,0.5,00:00:02,10,60,31,1984532204,threshold_sweep,0.7,0.666666666667,1,0.8,2,1,0,3,1,0.75,0.25,0,0.666666666667,1,0.8,0.833333333333,0.5,0.666666666667,0.707106781187,0.75,37,35,2,0,37,0,35,0,2,17,37,0.136029411765,1.88235294118,4.35294117647,3.36363636364,2.84615384615,1.69341284359,0.389027274878,0.193958664547,2.09866904602,0.964253345467,0.518282988871,1.87867287326,0.863174022847,0.470588235294,0.786197569093,0.41766745858,2.25,1.88235294118,0.786197569093,2.25,0.166339869281,0.0612244897959,3,0.00441176470588,0.185952380952,17,17,17,1,0,0.352941176471,0.411764705882,0.235294117647,17,0.128676470588,1.90196078431,4.11764705882,3.18181818182,2.69230769231,1.57648156274,0.382859808093,0.201680672269,2.01465221053,0.978545359402,0.524369747899,1.74894926439,0.849489642704,0.463865546218,0.814492905316,0.428238537847,2.33333333333,1.90196078431,0.814492905316,2.33333333333,0,0,0,0,0.164242424242,17,17,17,1,0,0.352941176471,0.411764705882,0.235294117647,17,38,0.139705882353,2.09294117647,4.47058823529,3.16666666667,2.92307692308,1.62471716996,0.36342357749,0.179566563467,2.04723630062,0.915868871331,0.495356037152,1.88843227853,0.84482496671,0.461300309598,0.8705082187,0.415925793083,2.45,2.09294117647,0.8705082187,2.45,0.166339869281,0.0588235294118,3,0.00441176470588,0.161778499278,17,17,17,1,0,0.294117647059,0.470588235294,0.235294117647,1,0.00367647058824,0.210588235294,0.117647058824,-0.19696969697,0.0769230769231,-0.0686956736295,-0.0256036973876,-0.0143921010794,-0.0514327453931,-0.0483844741355,-0.0229269517195,0.00975940527302,-0.018349056137,-0.00928792569659,0.084310649607,-0.00174166549743,0.2,0.210588235294,0.084310649607,0.2,0,-0.00240096038415,0,0,-0.0241738816739,-0.0588235294118,0.0588235294118,0,37,1,0,234,1,0.995744680851,0.00425531914894,0,0.973684210526,1,0.986666666667,0.984652666406,0.995744680851,0.973684210526,3,2,0,0,0,0
2528,WLNM_dir_neg,1,0.5,00:00:02,10,60,31,1984532204,threshold_sweep,0.8,0.666666666667,1,0.8,2,1,0,3,1,0.75,0.25,0,0.666666666667,1,0.8,0.833333333333,0.5,0.666666666667,0.707106781187,0.75,37,35,2,0,37,0,35,0,2,17,37,0.136029411765,1.88235294118,4.35294117647,3.36363636364,2.84615384615,1.69341284359,0.389027274878,0.193958664547,2.09866904602,0.964253345467,0.518282988871,1.87867287326,0.863174022847,0.470588235294,0.786197569093,0.41766745858,2.25,1.88235294118,0.786197569093,2.25,0.166339869281,0.0612244897959,3,0.00441176470588,0.185952380952,17,17,17,1,0,0.352941176471,0.411764705882,0.235294117647,17,0.128676470588,1.90196078431,4.11764705882,3.18181818182,2.69230769231,1.57648156274,0.382859808093,0.201680672269,2.01465221053,0.978545359402,0.524369747899,1.74894926439,0.849489642704,0.463865546218,0.814492905316,0.428238537847,2.33333333333,1.90196078431,0.814492905316,2.33333333333,0,0,0,0,0.164242424242,17,17,17,1,0,0.352941176471,0.411764705882,0.235294117647,17,38,0.139705882353,2.09294117647,4.47058823529,3.16666666667,2.92307692308,1.62471716996,0.36342357749,0.179566563467,2.04723630062,0.915868871331,0.495356037152,1.88843227853,0.84482496671,0.461300309598,0.8705082187,0.415925793083,2.45,2.09294117647,0.8705082187,2.45,0.166339869281,0.0588235294118,3,0.00441176470588,0.161778499278,17,17,17,1,0,0.294117647059,0.470588235294,0.235294117647,1,0.00367647058824,0.210588235294,0.117647058824,-0.19696969697,0.0769230769231,-0.0686956736295,-0.0256036973876,-0.0143921010794,-0.0514327453931,-0.0483844741355,-0.0229269517195,0.00975940527302,-0.018349056137,-0.00928792569659,0.084310649607,-0.00174166549743,0.2,0.210588235294,0.084310649607,0.2,0,-0.00240096038415,0,0,-0.0241738816739,-0.0588235294118,0.0588235294118,0,37,1,0,234,1,0.995744680851,0.00425531914894,0,0.973684210526,1,0.986666666667,0.984652666406,0.995744680851,0.973684210526,3,2,0,0,0,0
2529,WLNM_dir_neg,1,0.5,00:00:02,10,60,31,1984532204,threshold_sweep,0.9,0.666666666667,1,0.8,2,1,0,3,1,0.75,0.25,0,0.666666666667,1,0.8,0.833333333333,0.5,0.666666666667,0.707106781187,0.75,37,35,2,0,37,0,35,0,2,17,37,0.136029411765,1.88235294118,4.35294117647,3.36363636364,2.84615384615,1.69341284359,0.389027274878,0.193958664547,2.09866904602,0.964253345467,0.518282988871,1.87867287326,0.863174022847,0.470588235294,0.786197569093,0.41766745858,2.25,1.88235294118,0.786197569093,2.25,0.166339869281,0.0612244897959,3,0.00441176470588,0.185952380952,17,17,17,1,0,0.352941176471,0.411764705882,0.235294117647,17,0.128676470588,1.90196078431,4.11764705882,3.18181818182,2.69230769231,1.57648156274,0.382859808093,0.201680672269,2.01465221053,0.978545359402,0.524369747899,1.74894926439,0.849489642704,0.463865546218,0.814492905316,0.428238537847,2.33333333333,1.90196078431,0.814492905316,2.33333333333,0,0,0,0,0.164242424242,17,17,17,1,0,0.352941176471,0.411764705882,0.235294117647,17,38,0.139705882353,2.09294117647,4.47058823529,3.16666666667,2.92307692308,1.62471716996,0.36342357749,0.179566563467,2.04723630062,0.915868871331,0.495356037152,1.88843227853,0.84482496671,0.461300309598,0.8705082187,0.415925793083,2.45,2.09294117647,0.8705082187,2.45,0.166339869281,0.0588235294118,3,0.00441176470588,0.161778499278,17,17,17,1,0,0.294117647059,0.470588235294,0.235294117647,1,0.00367647058824,0.210588235294,0.117647058824,-0.19696969697,0.0769230769231,-0.0686956736295,-0.0256036973876,-0.0143921010794,-0.0514327453931,-0.0483844741355,-0.0229269517195,0.00975940527302,-0.018349056137,-0.00928792569659,0.084310649607,-0.00174166549743,0.2,0.210588235294,0.084310649607,0.2,0,-0.00240096038415,0,0,-0.0241738816739,-0.0588235294118,0.0588235294118,0,37,1,0,234,1,0.995744680851,0.00425531914894,0,0.973684210526,1,0.986666666667,0.984652666406,0.995744680851,0.973684210526,3,2,0,0,0,0
2530,WLNM_dir_neg,1,0.5,00:00:01,10,60,32,1984532205,threshold_sweep,0.1,1,1,1,2,0,0,4,1,1,0,0,1,1,1,1,0.555555555556,1,1,1,37,35,2,0,37,0,35,0,2,17,37,0.136029411765,1.88235294118,4.35294117647,3.36363636364,2.84615384615,1.69341284359,0.389027274878,0.193958664547,2.09866904602,0.964253345467,0.518282988871,1.87867287326,0.863174022847,0.470588235294,0.786197569093,0.41766745858,2.25,1.88235294118,0.786197569093,2.25,0.166339869281,0.0612244897959,3,0.00441176470588,0.185952380952,17,17,17,1,0,0.352941176471,0.411764705882,0.235294117647,17,0.128676470588,1.90196078431,4.11764705882,3.18181818182,2.69230769231,1.57648156274,0.382859808093,0.201680672269,2.01465221053,0.978545359402,0.524369747899,1.74894926439,0.849489642704,0.463865546218,0.814492905316,0.428238537847,2.33333333333,1.90196078431,0.814492905316,2.33333333333,0,0,0,0,0.164242424242,17,17,17,1,0,0.352941176471,0.411764705882,0.235294117647,17,37,0.136029411765,1.88235294118,4.35294117647,3.36363636364,2.84615384615,1.69341284359,0.389027274878,0.193958664547,2.09866904602,0.964253345467,0.518282988871,1.87867287326,0.863174022847,0.470588235294,0.786197569093,0.41766745858,2.25,1.88235294118,0.786197569093,2.25,0.166339869281,0.0612244897959,3,0.00441176470588,0.185952380952,17,17,17,1,0,0.352941176471,0.411764705882,0.235294117647,0,0,0,0,0,0,0,0,0,0,0,0,0,0,0,0,0,0,0,0,0,0,0,0,0,0,0,0,0,37,0,0,235,1,1,0,0,1,1,1,1,1,1,2,2,0,0,0,0
2531,WLNM_dir_neg,1,0.5,00:00:01,10,60,32,1984532205,threshold_sweep,0.2,1,1,1,2,0,0,4,1,1,0,0,1,1,1,1,0.555555555556,1,1,1,37,35,2,0,37,0,35,0,2,17,37,0.136029411765,1.88235294118,4.35294117647,3.36363636364,2.84615384615,1.69341284359,0.389027274878,0.193958664547,2.09866904602,0.964253345467,0.518282988871,1.87867287326,0.863174022847,0.470588235294,0.786197569093,0.41766745858,2.25,1.88235294118,0.786197569093,2.25,0.166339869281,0.0612244897959,3,0.00441176470588,0.185952380952,17,17,17,1,0,0.352941176471,0.411764705882,0.235294117647,17,0.128676470588,1.90196078431,4.11764705882,3.18181818182,2.69230769231,1.57648156274,0.382859808093,0.201680672269,2.01465221053,0.978545359402,0.524369747899,1.74894926439,0.849489642704,0.463865546218,0.814492905316,0.428238537847,2.33333333333,1.90196078431,0.814492905316,2.33333333333,0,0,0,0,0.164242424242,17,17,17,1,0,0.352941176471,0.411764705882,0.235294117647,17,37,0.136029411765,1.88235294118,4.35294117647,3.36363636364,2.84615384615,1.69341284359,0.389027274878,0.193958664547,2.09866904602,0.964253345467,0.518282988871,1.87867287326,0.863174022847,0.470588235294,0.786197569093,0.41766745858,2.25,1.88235294118,0.786197569093,2.25,0.166339869281,0.0612244897959,3,0.00441176470588,0.185952380952,17,17,17,1,0,0.352941176471,0.411764705882,0.235294117647,0,0,0,0,0,0,0,0,0,0,0,0,0,0,0,0,0,0,0,0,0,0,0,0,0,0,0,0,0,37,0,0,235,1,1,0,0,1,1,1,1,1,1,2,2,0,0,0,0
2532,WLNM_dir_neg,1,0.5,00:00:01,10,60,32,1984532205,threshold_sweep,0.3,1,1,1,2,0,0,4,1,1,0,0,1,1,1,1,0.555555555556,1,1,1,37,35,2,0,37,0,35,0,2,17,37,0.136029411765,1.88235294118,4.35294117647,3.36363636364,2.84615384615,1.69341284359,0.389027274878,0.193958664547,2.09866904602,0.964253345467,0.518282988871,1.87867287326,0.863174022847,0.470588235294,0.786197569093,0.41766745858,2.25,1.88235294118,0.786197569093,2.25,0.166339869281,0.0612244897959,3,0.00441176470588,0.185952380952,17,17,17,1,0,0.352941176471,0.411764705882,0.235294117647,17,0.128676470588,1.90196078431,4.11764705882,3.18181818182,2.69230769231,1.57648156274,0.382859808093,0.201680672269,2.01465221053,0.978545359402,0.524369747899,1.74894926439,0.849489642704,0.463865546218,0.814492905316,0.428238537847,2.33333333333,1.90196078431,0.814492905316,2.33333333333,0,0,0,0,0.164242424242,17,17,17,1,0,0.352941176471,0.411764705882,0.235294117647,17,37,0.136029411765,1.88235294118,4.35294117647,3.36363636364,2.84615384615,1.69341284359,0.389027274878,0.193958664547,2.09866904602,0.964253345467,0.518282988871,1.87867287326,0.863174022847,0.470588235294,0.786197569093,0.41766745858,2.25,1.88235294118,0.786197569093,2.25,0.166339869281,0.0612244897959,3,0.00441176470588,0.185952380952,17,17,17,1,0,0.352941176471,0.411764705882,0.235294117647,0,0,0,0,0,0,0,0,0,0,0,0,0,0,0,0,0,0,0,0,0,0,0,0,0,0,0,0,0,37,0,0,235,1,1,0,0,1,1,1,1,1,1,2,2,0,0,0,0
2533,WLNM_dir_neg,1,0.5,00:00:01,10,60,32,1984532205,threshold_sweep,0.4,1,1,1,2,0,0,4,1,1,0,0,1,1,1,1,0.555555555556,1,1,1,37,35,2,0,37,0,35,0,2,17,37,0.136029411765,1.88235294118,4.35294117647,3.36363636364,2.84615384615,1.69341284359,0.389027274878,0.193958664547,2.09866904602,0.964253345467,0.518282988871,1.87867287326,0.863174022847,0.470588235294,0.786197569093,0.41766745858,2.25,1.88235294118,0.786197569093,2.25,0.166339869281,0.0612244897959,3,0.00441176470588,0.185952380952,17,17,17,1,0,0.352941176471,0.411764705882,0.235294117647,17,0.128676470588,1.90196078431,4.11764705882,3.18181818182,2.69230769231,1.57648156274,0.382859808093,0.201680672269,2.01465221053,0.978545359402,0.524369747899,1.74894926439,0.849489642704,0.463865546218,0.814492905316,0.428238537847,2.33333333333,1.90196078431,0.814492905316,2.33333333333,0,0,0,0,0.164242424242,17,17,17,1,0,0.352941176471,0.411764705882,0.235294117647,17,37,0.136029411765,1.88235294118,4.35294117647,3.36363636364,2.84615384615,1.69341284359,0.389027274878,0.193958664547,2.09866904602,0.964253345467,0.518282988871,1.87867287326,0.863174022847,0.470588235294,0.786197569093,0.41766745858,2.25,1.88235294118,0.786197569093,2.25,0.166339869281,0.0612244897959,3,0.00441176470588,0.185952380952,17,17,17,1,0,0.352941176471,0.411764705882,0.235294117647,0,0,0,0,0,0,0,0,0,0,0,0,0,0,0,0,0,0,0,0,0,0,0,0,0,0,0,0,0,37,0,0,235,1,1,0,0,1,1,1,1,1,1,2,2,0,0,0,0
2534,WLNM_dir_neg,1,0.5,00:00:01,10,60,32,1984532205,threshold_sweep,0.5,1,1,1,2,0,0,4,1,1,0,0,1,1,1,1,0.555555555556,1,1,1,37,35,2,0,37,0,35,0,2,17,37,0.136029411765,1.88235294118,4.35294117647,3.36363636364,2.84615384615,1.69341284359,0.389027274878,0.193958664547,2.09866904602,0.964253345467,0.518282988871,1.87867287326,0.863174022847,0.470588235294,0.786197569093,0.41766745858,2.25,1.88235294118,0.786197569093,2.25,0.166339869281,0.0612244897959,3,0.00441176470588,0.185952380952,17,17,17,1,0,0.352941176471,0.411764705882,0.235294117647,17,0.128676470588,1.90196078431,4.11764705882,3.18181818182,2.69230769231,1.57648156274,0.382859808093,0.201680672269,2.01465221053,0.978545359402,0.524369747899,1.74894926439,0.849489642704,0.463865546218,0.814492905316,0.428238537847,2.33333333333,1.90196078431,0.814492905316,2.33333333333,0,0,0,0,0.164242424242,17,17,17,1,0,0.352941176471,0.411764705882,0.235294117647,17,37,0.136029411765,1.88235294118,4.35294117647,3.36363636364,2.84615384615,1.69341284359,0.389027274878,0.193958664547,2.09866904602,0.964253345467,0.518282988871,1.87867287326,0.863174022847,0.470588235294,0.786197569093,0.41766745858,2.25,1.88235294118,0.786197569093,2.25,0.166339869281,0.0612244897959,3,0.00441176470588,0.185952380952,17,17,17,1,0,0.352941176471,0.411764705882,0.235294117647,0,0,0,0,0,0,0,0,0,0,0,0,0,0,0,0,0,0,0,0,0,0,0,0,0,0,0,0,0,37,0,0,235,1,1,0,0,1,1,1,1,1,1,2,2,0,0,0,0
2535,WLNM_dir_neg,1,0.5,00:00:01,10,60,32,1984532205,threshold_sweep,0.6,1,1,1,2,0,0,4,1,1,0,0,1,1,1,1,0.555555555556,1,1,1,37,35,2,0,37,0,35,0,2,17,37,0.136029411765,1.88235294118,4.35294117647,3.36363636364,2.84615384615,1.69341284359,0.389027274878,0.193958664547,2.09866904602,0.964253345467,0.518282988871,1.87867287326,0.863174022847,0.470588235294,0.786197569093,0.41766745858,2.25,1.88235294118,0.786197569093,2.25,0.166339869281,0.0612244897959,3,0.00441176470588,0.185952380952,17,17,17,1,0,0.352941176471,0.411764705882,0.235294117647,17,0.128676470588,1.90196078431,4.11764705882,3.18181818182,2.69230769231,1.57648156274,0.382859808093,0.201680672269,2.01465221053,0.978545359402,0.524369747899,1.74894926439,0.849489642704,0.463865546218,0.814492905316,0.428238537847,2.33333333333,1.90196078431,0.814492905316,2.33333333333,0,0,0,0,0.164242424242,17,17,17,1,0,0.352941176471,0.411764705882,0.235294117647,17,37,0.136029411765,1.88235294118,4.35294117647,3.36363636364,2.84615384615,1.69341284359,0.389027274878,0.193958664547,2.09866904602,0.964253345467,0.518282988871,1.87867287326,0.863174022847,0.470588235294,0.786197569093,0.41766745858,2.25,1.88235294118,0.786197569093,2.25,0.166339869281,0.0612244897959,3,0.00441176470588,0.185952380952,17,17,17,1,0,0.352941176471,0.411764705882,0.235294117647,0,0,0,0,0,0,0,0,0,0,0,0,0,0,0,0,0,0,0,0,0,0,0,0,0,0,0,0,0,37,0,0,235,1,1,0,0,1,1,1,1,1,1,2,2,0,0,0,0
2536,WLNM_dir_neg,1,0.5,00:00:01,10,60,32,1984532205,threshold_sweep,0.7,1,1,1,2,0,0,4,1,1,0,0,1,1,1,1,0.555555555556,1,1,1,37,35,2,0,37,0,35,0,2,17,37,0.136029411765,1.88235294118,4.35294117647,3.36363636364,2.84615384615,1.69341284359,0.389027274878,0.193958664547,2.09866904602,0.964253345467,0.518282988871,1.87867287326,0.863174022847,0.470588235294,0.786197569093,0.41766745858,2.25,1.88235294118,0.786197569093,2.25,0.166339869281,0.0612244897959,3,0.00441176470588,0.185952380952,17,17,17,1,0,0.352941176471,0.411764705882,0.235294117647,17,0.128676470588,1.90196078431,4.11764705882,3.18181818182,2.69230769231,1.57648156274,0.382859808093,0.201680672269,2.01465221053,0.978545359402,0.524369747899,1.74894926439,0.849489642704,0.463865546218,0.814492905316,0.428238537847,2.33333333333,1.90196078431,0.814492905316,2.33333333333,0,0,0,0,0.164242424242,17,17,17,1,0,0.352941176471,0.411764705882,0.235294117647,17,37,0.136029411765,1.88235294118,4.35294117647,3.36363636364,2.84615384615,1.69341284359,0.389027274878,0.193958664547,2.09866904602,0.964253345467,0.518282988871,1.87867287326,0.863174022847,0.470588235294,0.786197569093,0.41766745858,2.25,1.88235294118,0.786197569093,2.25,0.166339869281,0.0612244897959,3,0.00441176470588,0.185952380952,17,17,17,1,0,0.352941176471,0.411764705882,0.235294117647,0,0,0,0,0,0,0,0,0,0,0,0,0,0,0,0,0,0,0,0,0,0,0,0,0,0,0,0,0,37,0,0,235,1,1,0,0,1,1,1,1,1,1,2,2,0,0,0,0
2537,WLNM_dir_neg,1,0.5,00:00:01,10,60,32,1984532205,threshold_sweep,0.8,1,1,1,2,0,0,4,1,1,0,0,1,1,1,1,0.555555555556,1,1,1,37,35,2,0,37,0,35,0,2,17,37,0.136029411765,1.88235294118,4.35294117647,3.36363636364,2.84615384615,1.69341284359,0.389027274878,0.193958664547,2.09866904602,0.964253345467,0.518282988871,1.87867287326,0.863174022847,0.470588235294,0.786197569093,0.41766745858,2.25,1.88235294118,0.786197569093,2.25,0.166339869281,0.0612244897959,3,0.00441176470588,0.185952380952,17,17,17,1,0,0.352941176471,0.411764705882,0.235294117647,17,0.128676470588,1.90196078431,4.11764705882,3.18181818182,2.69230769231,1.57648156274,0.382859808093,0.201680672269,2.01465221053,0.978545359402,0.524369747899,1.74894926439,0.849489642704,0.463865546218,0.814492905316,0.428238537847,2.33333333333,1.90196078431,0.814492905316,2.33333333333,0,0,0,0,0.164242424242,17,17,17,1,0,0.352941176471,0.411764705882,0.235294117647,17,37,0.136029411765,1.88235294118,4.35294117647,3.36363636364,2.84615384615,1.69341284359,0.389027274878,0.193958664547,2.09866904602,0.964253345467,0.518282988871,1.87867287326,0.863174022847,0.470588235294,0.786197569093,0.41766745858,2.25,1.88235294118,0.786197569093,2.25,0.166339869281,0.0612244897959,3,0.00441176470588,0.185952380952,17,17,17,1,0,0.352941176471,0.411764705882,0.235294117647,0,0,0,0,0,0,0,0,0,0,0,0,0,0,0,0,0,0,0,0,0,0,0,0,0,0,0,0,0,37,0,0,235,1,1,0,0,1,1,1,1,1,1,2,2,0,0,0,0
2538,WLNM_dir_neg,1,0.5,00:00:01,10,60,32,1984532205,threshold_sweep,0.9,1,1,1,2,0,0,4,1,1,0,0,1,1,1,1,0.555555555556,1,1,1,37,35,2,0,37,0,35,0,2,17,37,0.136029411765,1.88235294118,4.35294117647,3.36363636364,2.84615384615,1.69341284359,0.389027274878,0.193958664547,2.09866904602,0.964253345467,0.518282988871,1.87867287326,0.863174022847,0.470588235294,0.786197569093,0.41766745858,2.25,1.88235294118,0.786197569093,2.25,0.166339869281,0.0612244897959,3,0.00441176470588,0.185952380952,17,17,17,1,0,0.352941176471,0.411764705882,0.235294117647,17,0.128676470588,1.90196078431,4.11764705882,3.18181818182,2.69230769231,1.57648156274,0.382859808093,0.201680672269,2.01465221053,0.978545359402,0.524369747899,1.74894926439,0.849489642704,0.463865546218,0.814492905316,0.428238537847,2.33333333333,1.90196078431,0.814492905316,2.33333333333,0,0,0,0,0.164242424242,17,17,17,1,0,0.352941176471,0.411764705882,0.235294117647,17,37,0.136029411765,1.88235294118,4.35294117647,3.36363636364,2.84615384615,1.69341284359,0.389027274878,0.193958664547,2.09866904602,0.964253345467,0.518282988871,1.87867287326,0.863174022847,0.470588235294,0.786197569093,0.41766745858,2.25,1.88235294118,0.786197569093,2.25,0.166339869281,0.0612244897959,3,0.00441176470588,0.185952380952,17,17,17,1,0,0.352941176471,0.411764705882,0.235294117647,0,0,0,0,0,0,0,0,0,0,0,0,0,0,0,0,0,0,0,0,0,0,0,0,0,0,0,0,0,37,0,0,235,1,1,0,0,1,1,1,1,1,1,2,2,0,0,0,0
2539,WLNM_dir_neg,1,0.5,00:00:01,10,60,33,1984532206,threshold_sweep,0.1,1,1,1,2,0,0,4,1,1,0,0,1,1,1,1,0.555555555556,1,1,1,37,35,2,0,37,0,35,0,2,17,37,0.136029411765,1.88235294118,4.35294117647,3.36363636364,2.84615384615,1.69341284359,0.389027274878,0.193958664547,2.09866904602,0.964253345467,0.518282988871,1.87867287326,0.863174022847,0.470588235294,0.786197569093,0.41766745858,2.25,1.88235294118,0.786197569093,2.25,0.166339869281,0.0612244897959,3,0.00441176470588,0.185952380952,17,17,17,1,0,0.352941176471,0.411764705882,0.235294117647,17,0.128676470588,1.90196078431,4.11764705882,3.18181818182,2.69230769231,1.57648156274,0.382859808093,0.201680672269,2.01465221053,0.978545359402,0.524369747899,1.74894926439,0.849489642704,0.463865546218,0.814492905316,0.428238537847,2.33333333333,1.90196078431,0.814492905316,2.33333333333,0,0,0,0,0.164242424242,17,17,17,1,0,0.352941176471,0.411764705882,0.235294117647,17,37,0.136029411765,1.88235294118,4.35294117647,3.36363636364,2.84615384615,1.69341284359,0.389027274878,0.193958664547,2.09866904602,0.964253345467,0.518282988871,1.87867287326,0.863174022847,0.470588235294,0.786197569093,0.41766745858,2.25,1.88235294118,0.786197569093,2.25,0.166339869281,0.0612244897959,3,0.00441176470588,0.185952380952,17,17,17,1,0,0.352941176471,0.411764705882,0.235294117647,0,0,0,0,0,0,0,0,0,0,0,0,0,0,0,0,0,0,0,0,0,0,0,0,0,0,0,0,0,37,0,0,235,1,1,0,0,1,1,1,1,1,1,2,2,0,0,0,0
2540,WLNM_dir_neg,1,0.5,00:00:01,10,60,33,1984532206,threshold_sweep,0.2,1,1,1,2,0,0,4,1,1,0,0,1,1,1,1,0.555555555556,1,1,1,37,35,2,0,37,0,35,0,2,17,37,0.136029411765,1.88235294118,4.35294117647,3.36363636364,2.84615384615,1.69341284359,0.389027274878,0.193958664547,2.09866904602,0.964253345467,0.518282988871,1.87867287326,0.863174022847,0.470588235294,0.786197569093,0.41766745858,2.25,1.88235294118,0.786197569093,2.25,0.166339869281,0.0612244897959,3,0.00441176470588,0.185952380952,17,17,17,1,0,0.352941176471,0.411764705882,0.235294117647,17,0.128676470588,1.90196078431,4.11764705882,3.18181818182,2.69230769231,1.57648156274,0.382859808093,0.201680672269,2.01465221053,0.978545359402,0.524369747899,1.74894926439,0.849489642704,0.463865546218,0.814492905316,0.428238537847,2.33333333333,1.90196078431,0.814492905316,2.33333333333,0,0,0,0,0.164242424242,17,17,17,1,0,0.352941176471,0.411764705882,0.235294117647,17,37,0.136029411765,1.88235294118,4.35294117647,3.36363636364,2.84615384615,1.69341284359,0.389027274878,0.193958664547,2.09866904602,0.964253345467,0.518282988871,1.87867287326,0.863174022847,0.470588235294,0.786197569093,0.41766745858,2.25,1.88235294118,0.786197569093,2.25,0.166339869281,0.0612244897959,3,0.00441176470588,0.185952380952,17,17,17,1,0,0.352941176471,0.411764705882,0.235294117647,0,0,0,0,0,0,0,0,0,0,0,0,0,0,0,0,0,0,0,0,0,0,0,0,0,0,0,0,0,37,0,0,235,1,1,0,0,1,1,1,1,1,1,2,2,0,0,0,0
2541,WLNM_dir_neg,1,0.5,00:00:01,10,60,33,1984532206,threshold_sweep,0.3,1,1,1,2,0,0,4,1,1,0,0,1,1,1,1,0.555555555556,1,1,1,37,35,2,0,37,0,35,0,2,17,37,0.136029411765,1.88235294118,4.35294117647,3.36363636364,2.84615384615,1.69341284359,0.389027274878,0.193958664547,2.09866904602,0.964253345467,0.518282988871,1.87867287326,0.863174022847,0.470588235294,0.786197569093,0.41766745858,2.25,1.88235294118,0.786197569093,2.25,0.166339869281,0.0612244897959,3,0.00441176470588,0.185952380952,17,17,17,1,0,0.352941176471,0.411764705882,0.235294117647,17,0.128676470588,1.90196078431,4.11764705882,3.18181818182,2.69230769231,1.57648156274,0.382859808093,0.201680672269,2.01465221053,0.978545359402,0.524369747899,1.74894926439,0.849489642704,0.463865546218,0.814492905316,0.428238537847,2.33333333333,1.90196078431,0.814492905316,2.33333333333,0,0,0,0,0.164242424242,17,17,17,1,0,0.352941176471,0.411764705882,0.235294117647,17,37,0.136029411765,1.88235294118,4.35294117647,3.36363636364,2.84615384615,1.69341284359,0.389027274878,0.193958664547,2.09866904602,0.964253345467,0.518282988871,1.87867287326,0.863174022847,0.470588235294,0.786197569093,0.41766745858,2.25,1.88235294118,0.786197569093,2.25,0.166339869281,0.0612244897959,3,0.00441176470588,0.185952380952,17,17,17,1,0,0.352941176471,0.411764705882,0.235294117647,0,0,0,0,0,0,0,0,0,0,0,0,0,0,0,0,0,0,0,0,0,0,0,0,0,0,0,0,0,37,0,0,235,1,1,0,0,1,1,1,1,1,1,2,2,0,0,0,0
2542,WLNM_dir_neg,1,0.5,00:00:01,10,60,33,1984532206,threshold_sweep,0.4,1,1,1,2,0,0,4,1,1,0,0,1,1,1,1,0.555555555556,1,1,1,37,35,2,0,37,0,35,0,2,17,37,0.136029411765,1.88235294118,4.35294117647,3.36363636364,2.84615384615,1.69341284359,0.389027274878,0.193958664547,2.09866904602,0.964253345467,0.518282988871,1.87867287326,0.863174022847,0.470588235294,0.786197569093,0.41766745858,2.25,1.88235294118,0.786197569093,2.25,0.166339869281,0.0612244897959,3,0.00441176470588,0.185952380952,17,17,17,1,0,0.352941176471,0.411764705882,0.235294117647,17,0.128676470588,1.90196078431,4.11764705882,3.18181818182,2.69230769231,1.57648156274,0.382859808093,0.201680672269,2.01465221053,0.978545359402,0.524369747899,1.74894926439,0.849489642704,0.463865546218,0.814492905316,0.428238537847,2.33333333333,1.90196078431,0.814492905316,2.33333333333,0,0,0,0,0.164242424242,17,17,17,1,0,0.352941176471,0.411764705882,0.235294117647,17,37,0.136029411765,1.88235294118,4.35294117647,3.36363636364,2.84615384615,1.69341284359,0.389027274878,0.193958664547,2.09866904602,0.964253345467,0.518282988871,1.87867287326,0.863174022847,0.470588235294,0.786197569093,0.41766745858,2.25,1.88235294118,0.786197569093,2.25,0.166339869281,0.0612244897959,3,0.00441176470588,0.185952380952,17,17,17,1,0,0.352941176471,0.411764705882,0.235294117647,0,0,0,0,0,0,0,0,0,0,0,0,0,0,0,0,0,0,0,0,0,0,0,0,0,0,0,0,0,37,0,0,235,1,1,0,0,1,1,1,1,1,1,2,2,0,0,0,0
2543,WLNM_dir_neg,1,0.5,00:00:01,10,60,33,1984532206,threshold_sweep,0.5,1,1,1,2,0,0,4,1,1,0,0,1,1,1,1,0.555555555556,1,1,1,37,35,2,0,37,0,35,0,2,17,37,0.136029411765,1.88235294118,4.35294117647,3.36363636364,2.84615384615,1.69341284359,0.389027274878,0.193958664547,2.09866904602,0.964253345467,0.518282988871,1.87867287326,0.863174022847,0.470588235294,0.786197569093,0.41766745858,2.25,1.88235294118,0.786197569093,2.25,0.166339869281,0.0612244897959,3,0.00441176470588,0.185952380952,17,17,17,1,0,0.352941176471,0.411764705882,0.235294117647,17,0.128676470588,1.90196078431,4.11764705882,3.18181818182,2.69230769231,1.57648156274,0.382859808093,0.201680672269,2.01465221053,0.978545359402,0.524369747899,1.74894926439,0.849489642704,0.463865546218,0.814492905316,0.428238537847,2.33333333333,1.90196078431,0.814492905316,2.33333333333,0,0,0,0,0.164242424242,17,17,17,1,0,0.352941176471,0.411764705882,0.235294117647,17,37,0.136029411765,1.88235294118,4.35294117647,3.36363636364,2.84615384615,1.69341284359,0.389027274878,0.193958664547,2.09866904602,0.964253345467,0.518282988871,1.87867287326,0.863174022847,0.470588235294,0.786197569093,0.41766745858,2.25,1.88235294118,0.786197569093,2.25,0.166339869281,0.0612244897959,3,0.00441176470588,0.185952380952,17,17,17,1,0,0.352941176471,0.411764705882,0.235294117647,0,0,0,0,0,0,0,0,0,0,0,0,0,0,0,0,0,0,0,0,0,0,0,0,0,0,0,0,0,37,0,0,235,1,1,0,0,1,1,1,1,1,1,2,2,0,0,0,0
2544,WLNM_dir_neg,1,0.5,00:00:01,10,60,33,1984532206,threshold_sweep,0.6,1,1,1,2,0,0,4,1,1,0,0,1,1,1,1,0.555555555556,1,1,1,37,35,2,0,37,0,35,0,2,17,37,0.136029411765,1.88235294118,4.35294117647,3.36363636364,2.84615384615,1.69341284359,0.389027274878,0.193958664547,2.09866904602,0.964253345467,0.518282988871,1.87867287326,0.863174022847,0.470588235294,0.786197569093,0.41766745858,2.25,1.88235294118,0.786197569093,2.25,0.166339869281,0.0612244897959,3,0.00441176470588,0.185952380952,17,17,17,1,0,0.352941176471,0.411764705882,0.235294117647,17,0.128676470588,1.90196078431,4.11764705882,3.18181818182,2.69230769231,1.57648156274,0.382859808093,0.201680672269,2.01465221053,0.978545359402,0.524369747899,1.74894926439,0.849489642704,0.463865546218,0.814492905316,0.428238537847,2.33333333333,1.90196078431,0.814492905316,2.33333333333,0,0,0,0,0.164242424242,17,17,17,1,0,0.352941176471,0.411764705882,0.235294117647,17,37,0.136029411765,1.88235294118,4.35294117647,3.36363636364,2.84615384615,1.69341284359,0.389027274878,0.193958664547,2.09866904602,0.964253345467,0.518282988871,1.87867287326,0.863174022847,0.470588235294,0.786197569093,0.41766745858,2.25,1.88235294118,0.786197569093,2.25,0.166339869281,0.0612244897959,3,0.00441176470588,0.185952380952,17,17,17,1,0,0.352941176471,0.411764705882,0.235294117647,0,0,0,0,0,0,0,0,0,0,0,0,0,0,0,0,0,0,0,0,0,0,0,0,0,0,0,0,0,37,0,0,235,1,1,0,0,1,1,1,1,1,1,2,2,0,0,0,0
2545,WLNM_dir_neg,1,0.5,00:00:01,10,60,33,1984532206,threshold_sweep,0.7,1,1,1,2,0,0,4,1,1,0,0,1,1,1,1,0.555555555556,1,1,1,37,35,2,0,37,0,35,0,2,17,37,0.136029411765,1.88235294118,4.35294117647,3.36363636364,2.84615384615,1.69341284359,0.389027274878,0.193958664547,2.09866904602,0.964253345467,0.518282988871,1.87867287326,0.863174022847,0.470588235294,0.786197569093,0.41766745858,2.25,1.88235294118,0.786197569093,2.25,0.166339869281,0.0612244897959,3,0.00441176470588,0.185952380952,17,17,17,1,0,0.352941176471,0.411764705882,0.235294117647,17,0.128676470588,1.90196078431,4.11764705882,3.18181818182,2.69230769231,1.57648156274,0.382859808093,0.201680672269,2.01465221053,0.978545359402,0.524369747899,1.74894926439,0.849489642704,0.463865546218,0.814492905316,0.428238537847,2.33333333333,1.90196078431,0.814492905316,2.33333333333,0,0,0,0,0.164242424242,17,17,17,1,0,0.352941176471,0.411764705882,0.235294117647,17,37,0.136029411765,1.88235294118,4.35294117647,3.36363636364,2.84615384615,1.69341284359,0.389027274878,0.193958664547,2.09866904602,0.964253345467,0.518282988871,1.87867287326,0.863174022847,0.470588235294,0.786197569093,0.41766745858,2.25,1.88235294118,0.786197569093,2.25,0.166339869281,0.0612244897959,3,0.00441176470588,0.185952380952,17,17,17,1,0,0.352941176471,0.411764705882,0.235294117647,0,0,0,0,0,0,0,0,0,0,0,0,0,0,0,0,0,0,0,0,0,0,0,0,0,0,0,0,0,37,0,0,235,1,1,0,0,1,1,1,1,1,1,2,2,0,0,0,0
2546,WLNM_dir_neg,1,0.5,00:00:01,10,60,33,1984532206,threshold_sweep,0.8,1,1,1,2,0,0,4,1,1,0,0,1,1,1,1,0.555555555556,1,1,1,37,35,2,0,37,0,35,0,2,17,37,0.136029411765,1.88235294118,4.35294117647,3.36363636364,2.84615384615,1.69341284359,0.389027274878,0.193958664547,2.09866904602,0.964253345467,0.518282988871,1.87867287326,0.863174022847,0.470588235294,0.786197569093,0.41766745858,2.25,1.88235294118,0.786197569093,2.25,0.166339869281,0.0612244897959,3,0.00441176470588,0.185952380952,17,17,17,1,0,0.352941176471,0.411764705882,0.235294117647,17,0.128676470588,1.90196078431,4.11764705882,3.18181818182,2.69230769231,1.57648156274,0.382859808093,0.201680672269,2.01465221053,0.978545359402,0.524369747899,1.74894926439,0.849489642704,0.463865546218,0.814492905316,0.428238537847,2.33333333333,1.90196078431,0.814492905316,2.33333333333,0,0,0,0,0.164242424242,17,17,17,1,0,0.352941176471,0.411764705882,0.235294117647,17,37,0.136029411765,1.88235294118,4.35294117647,3.36363636364,2.84615384615,1.69341284359,0.389027274878,0.193958664547,2.09866904602,0.964253345467,0.518282988871,1.87867287326,0.863174022847,0.470588235294,0.786197569093,0.41766745858,2.25,1.88235294118,0.786197569093,2.25,0.166339869281,0.0612244897959,3,0.00441176470588,0.185952380952,17,17,17,1,0,0.352941176471,0.411764705882,0.235294117647,0,0,0,0,0,0,0,0,0,0,0,0,0,0,0,0,0,0,0,0,0,0,0,0,0,0,0,0,0,37,0,0,235,1,1,0,0,1,1,1,1,1,1,2,2,0,0,0,0
2547,WLNM_dir_neg,1,0.5,00:00:01,10,60,33,1984532206,threshold_sweep,0.9,1,1,1,2,0,0,4,1,1,0,0,1,1,1,1,0.555555555556,1,1,1,37,35,2,0,37,0,35,0,2,17,37,0.136029411765,1.88235294118,4.35294117647,3.36363636364,2.84615384615,1.69341284359,0.389027274878,0.193958664547,2.09866904602,0.964253345467,0.518282988871,1.87867287326,0.863174022847,0.470588235294,0.786197569093,0.41766745858,2.25,1.88235294118,0.786197569093,2.25,0.166339869281,0.0612244897959,3,0.00441176470588,0.185952380952,17,17,17,1,0,0.352941176471,0.411764705882,0.235294117647,17,0.128676470588,1.90196078431,4.11764705882,3.18181818182,2.69230769231,1.57648156274,0.382859808093,0.201680672269,2.01465221053,0.978545359402,0.524369747899,1.74894926439,0.849489642704,0.463865546218,0.814492905316,0.428238537847,2.33333333333,1.90196078431,0.814492905316,2.33333333333,0,0,0,0,0.164242424242,17,17,17,1,0,0.352941176471,0.411764705882,0.235294117647,17,37,0.136029411765,1.88235294118,4.35294117647,3.36363636364,2.84615384615,1.69341284359,0.389027274878,0.193958664547,2.09866904602,0.964253345467,0.518282988871,1.87867287326,0.863174022847,0.470588235294,0.786197569093,0.41766745858,2.25,1.88235294118,0.786197569093,2.25,0.166339869281,0.0612244897959,3,0.00441176470588,0.185952380952,17,17,17,1,0,0.352941176471,0.411764705882,0.235294117647,0,0,0,0,0,0,0,0,0,0,0,0,0,0,0,0,0,0,0,0,0,0,0,0,0,0,0,0,0,37,0,0,235,1,1,0,0,1,1,1,1,1,1,2,2,0,0,0,0
2548,WLNM_dir_neg,1,0.5,00:00:01,10,60,34,1984532207,threshold_sweep,0.1,0.666666666667,1,0.8,2,1,0,3,1,0.75,0.25,0,0.666666666667,1,0.8,0.833333333333,0.5,0.666666666667,0.707106781187,0.75,37,35,2,0,37,0,35,0,2,17,37,0.136029411765,1.88235294118,4.35294117647,3.36363636364,2.84615384615,1.69341284359,0.389027274878,0.193958664547,2.09866904602,0.964253345467,0.518282988871,1.87867287326,0.863174022847,0.470588235294,0.786197569093,0.41766745858,2.25,1.88235294118,0.786197569093,2.25,0.166339869281,0.0612244897959,3,0.00441176470588,0.185952380952,17,17,17,1,0,0.352941176471,0.411764705882,0.235294117647,17,0.128676470588,1.90196078431,4.11764705882,3.18181818182,2.69230769231,1.57648156274,0.382859808093,0.201680672269,2.01465221053,0.978545359402,0.524369747899,1.74894926439,0.849489642704,0.463865546218,0.814492905316,0.428238537847,2.33333333333,1.90196078431,0.814492905316,2.33333333333,0,0,0,0,0.164242424242,17,17,17,1,0,0.352941176471,0.411764705882,0.235294117647,17,38,0.139705882353,2.02529411765,4.47058823529,3.16666666667,2.92307692308,1.62471716996,0.36342357749,0.179566563467,2.04723630062,0.915868871331,0.495356037152,1.88843227853,0.84482496671,0.461300309598,0.807681058841,0.398796921298,2.35,2.02529411765,0.807681058841,2.35,0.224836601307,0.0980392156863,5,0.00735294117647,0.161020923521,17,17,17,1,0,0.294117647059,0.470588235294,0.235294117647,1,0.00367647058824,0.142941176471,0.117647058824,-0.19696969697,0.0769230769231,-0.0686956736295,-0.0256036973876,-0.0143921010794,-0.0514327453931,-0.0483844741355,-0.0229269517195,0.00975940527302,-0.018349056137,-0.00928792569659,0.0214834897484,-0.0188705372822,0.1,0.142941176471,0.0214834897484,0.1,0.0584967320261,0.0368147258904,2,0.00294117647059,-0.0249314574315,-0.0588235294118,0.0588235294118,0,37,1,0,234,1,0.995744680851,0.00425531914894,0,0.973684210526,1,0.986666666667,0.984652666406,0.995744680851,0.973684210526,3,2,0,0,0,0
2549,WLNM_dir_neg,1,0.5,00:00:01,10,60,34,1984532207,threshold_sweep,0.2,0.666666666667,1,0.8,2,1,0,3,1,0.75,0.25,0,0.666666666667,1,0.8,0.833333333333,0.5,0.666666666667,0.707106781187,0.75,37,35,2,0,37,0,35,0,2,17,37,0.136029411765,1.88235294118,4.35294117647,3.36363636364,2.84615384615,1.69341284359,0.389027274878,0.193958664547,2.09866904602,0.964253345467,0.518282988871,1.87867287326,0.863174022847,0.470588235294,0.786197569093,0.41766745858,2.25,1.88235294118,0.786197569093,2.25,0.166339869281,0.0612244897959,3,0.00441176470588,0.185952380952,17,17,17,1,0,0.352941176471,0.411764705882,0.235294117647,17,0.128676470588,1.90196078431,4.11764705882,3.18181818182,2.69230769231,1.57648156274,0.382859808093,0.201680672269,2.01465221053,0.978545359402,0.524369747899,1.74894926439,0.849489642704,0.463865546218,0.814492905316,0.428238537847,2.33333333333,1.90196078431,0.814492905316,2.33333333333,0,0,0,0,0.164242424242,17,17,17,1,0,0.352941176471,0.411764705882,0.235294117647,17,38,0.139705882353,2.02529411765,4.47058823529,3.16666666667,2.92307692308,1.62471716996,0.36342357749,0.179566563467,2.04723630062,0.915868871331,0.495356037152,1.88843227853,0.84482496671,0.461300309598,0.807681058841,0.398796921298,2.35,2.02529411765,0.807681058841,2.35,0.224836601307,0.0980392156863,5,0.00735294117647,0.161020923521,17,17,17,1,0,0.294117647059,0.470588235294,0.235294117647,1,0.00367647058824,0.142941176471,0.117647058824,-0.19696969697,0.0769230769231,-0.0686956736295,-0.0256036973876,-0.0143921010794,-0.0514327453931,-0.0483844741355,-0.0229269517195,0.00975940527302,-0.018349056137,-0.00928792569659,0.0214834897484,-0.0188705372822,0.1,0.142941176471,0.0214834897484,0.1,0.0584967320261,0.0368147258904,2,0.00294117647059,-0.0249314574315,-0.0588235294118,0.0588235294118,0,37,1,0,234,1,0.995744680851,0.00425531914894,0,0.973684210526,1,0.986666666667,0.984652666406,0.995744680851,0.973684210526,3,2,0,0,0,0
2550,WLNM_dir_neg,1,0.5,00:00:01,10,60,34,1984532207,threshold_sweep,0.3,0.666666666667,1,0.8,2,1,0,3,1,0.75,0.25,0,0.666666666667,1,0.8,0.833333333333,0.5,0.666666666667,0.707106781187,0.75,37,35,2,0,37,0,35,0,2,17,37,0.136029411765,1.88235294118,4.35294117647,3.36363636364,2.84615384615,1.69341284359,0.389027274878,0.193958664547,2.09866904602,0.964253345467,0.518282988871,1.87867287326,0.863174022847,0.470588235294,0.786197569093,0.41766745858,2.25,1.88235294118,0.786197569093,2.25,0.166339869281,0.0612244897959,3,0.00441176470588,0.185952380952,17,17,17,1,0,0.352941176471,0.411764705882,0.235294117647,17,0.128676470588,1.90196078431,4.11764705882,3.18181818182,2.69230769231,1.57648156274,0.382859808093,0.201680672269,2.01465221053,0.978545359402,0.524369747899,1.74894926439,0.849489642704,0.463865546218,0.814492905316,0.428238537847,2.33333333333,1.90196078431,0.814492905316,2.33333333333,0,0,0,0,0.164242424242,17,17,17,1,0,0.352941176471,0.411764705882,0.235294117647,17,38,0.139705882353,2.02529411765,4.47058823529,3.16666666667,2.92307692308,1.62471716996,0.36342357749,0.179566563467,2.04723630062,0.915868871331,0.495356037152,1.88843227853,0.84482496671,0.461300309598,0.807681058841,0.398796921298,2.35,2.02529411765,0.807681058841,2.35,0.224836601307,0.0980392156863,5,0.00735294117647,0.161020923521,17,17,17,1,0,0.294117647059,0.470588235294,0.235294117647,1,0.00367647058824,0.142941176471,0.117647058824,-0.19696969697,0.0769230769231,-0.0686956736295,-0.0256036973876,-0.0143921010794,-0.0514327453931,-0.0483844741355,-0.0229269517195,0.00975940527302,-0.018349056137,-0.00928792569659,0.0214834897484,-0.0188705372822,0.1,0.142941176471,0.0214834897484,0.1,0.0584967320261,0.0368147258904,2,0.00294117647059,-0.0249314574315,-0.0588235294118,0.0588235294118,0,37,1,0,234,1,0.995744680851,0.00425531914894,0,0.973684210526,1,0.986666666667,0.984652666406,0.995744680851,0.973684210526,3,2,0,0,0,0
2551,WLNM_dir_neg,1,0.5,00:00:01,10,60,34,1984532207,threshold_sweep,0.4,0.666666666667,1,0.8,2,1,0,3,1,0.75,0.25,0,0.666666666667,1,0.8,0.833333333333,0.5,0.666666666667,0.707106781187,0.75,37,35,2,0,37,0,35,0,2,17,37,0.136029411765,1.88235294118,4.35294117647,3.36363636364,2.84615384615,1.69341284359,0.389027274878,0.193958664547,2.09866904602,0.964253345467,0.518282988871,1.87867287326,0.863174022847,0.470588235294,0.786197569093,0.41766745858,2.25,1.88235294118,0.786197569093,2.25,0.166339869281,0.0612244897959,3,0.00441176470588,0.185952380952,17,17,17,1,0,0.352941176471,0.411764705882,0.235294117647,17,0.128676470588,1.90196078431,4.11764705882,3.18181818182,2.69230769231,1.57648156274,0.382859808093,0.201680672269,2.01465221053,0.978545359402,0.524369747899,1.74894926439,0.849489642704,0.463865546218,0.814492905316,0.428238537847,2.33333333333,1.90196078431,0.814492905316,2.33333333333,0,0,0,0,0.164242424242,17,17,17,1,0,0.352941176471,0.411764705882,0.235294117647,17,38,0.139705882353,2.02529411765,4.47058823529,3.16666666667,2.92307692308,1.62471716996,0.36342357749,0.179566563467,2.04723630062,0.915868871331,0.495356037152,1.88843227853,0.84482496671,0.461300309598,0.807681058841,0.398796921298,2.35,2.02529411765,0.807681058841,2.35,0.224836601307,0.0980392156863,5,0.00735294117647,0.161020923521,17,17,17,1,0,0.294117647059,0.470588235294,0.235294117647,1,0.00367647058824,0.142941176471,0.117647058824,-0.19696969697,0.0769230769231,-0.0686956736295,-0.0256036973876,-0.0143921010794,-0.0514327453931,-0.0483844741355,-0.0229269517195,0.00975940527302,-0.018349056137,-0.00928792569659,0.0214834897484,-0.0188705372822,0.1,0.142941176471,0.0214834897484,0.1,0.0584967320261,0.0368147258904,2,0.00294117647059,-0.0249314574315,-0.0588235294118,0.0588235294118,0,37,1,0,234,1,0.995744680851,0.00425531914894,0,0.973684210526,1,0.986666666667,0.984652666406,0.995744680851,0.973684210526,3,2,0,0,0,0
2552,WLNM_dir_neg,1,0.5,00:00:01,10,60,34,1984532207,threshold_sweep,0.5,0.666666666667,1,0.8,2,1,0,3,1,0.75,0.25,0,0.666666666667,1,0.8,0.833333333333,0.5,0.666666666667,0.707106781187,0.75,37,35,2,0,37,0,35,0,2,17,37,0.136029411765,1.88235294118,4.35294117647,3.36363636364,2.84615384615,1.69341284359,0.389027274878,0.193958664547,2.09866904602,0.964253345467,0.518282988871,1.87867287326,0.863174022847,0.470588235294,0.786197569093,0.41766745858,2.25,1.88235294118,0.786197569093,2.25,0.166339869281,0.0612244897959,3,0.00441176470588,0.185952380952,17,17,17,1,0,0.352941176471,0.411764705882,0.235294117647,17,0.128676470588,1.90196078431,4.11764705882,3.18181818182,2.69230769231,1.57648156274,0.382859808093,0.201680672269,2.01465221053,0.978545359402,0.524369747899,1.74894926439,0.849489642704,0.463865546218,0.814492905316,0.428238537847,2.33333333333,1.90196078431,0.814492905316,2.33333333333,0,0,0,0,0.164242424242,17,17,17,1,0,0.352941176471,0.411764705882,0.235294117647,17,38,0.139705882353,2.02529411765,4.47058823529,3.16666666667,2.92307692308,1.62471716996,0.36342357749,0.179566563467,2.04723630062,0.915868871331,0.495356037152,1.88843227853,0.84482496671,0.461300309598,0.807681058841,0.398796921298,2.35,2.02529411765,0.807681058841,2.35,0.224836601307,0.0980392156863,5,0.00735294117647,0.161020923521,17,17,17,1,0,0.294117647059,0.470588235294,0.235294117647,1,0.00367647058824,0.142941176471,0.117647058824,-0.19696969697,0.0769230769231,-0.0686956736295,-0.0256036973876,-0.0143921010794,-0.0514327453931,-0.0483844741355,-0.0229269517195,0.00975940527302,-0.018349056137,-0.00928792569659,0.0214834897484,-0.0188705372822,0.1,0.142941176471,0.0214834897484,0.1,0.0584967320261,0.0368147258904,2,0.00294117647059,-0.0249314574315,-0.0588235294118,0.0588235294118,0,37,1,0,234,1,0.995744680851,0.00425531914894,0,0.973684210526,1,0.986666666667,0.984652666406,0.995744680851,0.973684210526,3,2,0,0,0,0
2553,WLNM_dir_neg,1,0.5,00:00:01,10,60,34,1984532207,threshold_sweep,0.6,0.666666666667,1,0.8,2,1,0,3,1,0.75,0.25,0,0.666666666667,1,0.8,0.833333333333,0.5,0.666666666667,0.707106781187,0.75,37,35,2,0,37,0,35,0,2,17,37,0.136029411765,1.88235294118,4.35294117647,3.36363636364,2.84615384615,1.69341284359,0.389027274878,0.193958664547,2.09866904602,0.964253345467,0.518282988871,1.87867287326,0.863174022847,0.470588235294,0.786197569093,0.41766745858,2.25,1.88235294118,0.786197569093,2.25,0.166339869281,0.0612244897959,3,0.00441176470588,0.185952380952,17,17,17,1,0,0.352941176471,0.411764705882,0.235294117647,17,0.128676470588,1.90196078431,4.11764705882,3.18181818182,2.69230769231,1.57648156274,0.382859808093,0.201680672269,2.01465221053,0.978545359402,0.524369747899,1.74894926439,0.849489642704,0.463865546218,0.814492905316,0.428238537847,2.33333333333,1.90196078431,0.814492905316,2.33333333333,0,0,0,0,0.164242424242,17,17,17,1,0,0.352941176471,0.411764705882,0.235294117647,17,38,0.139705882353,2.02529411765,4.47058823529,3.16666666667,2.92307692308,1.62471716996,0.36342357749,0.179566563467,2.04723630062,0.915868871331,0.495356037152,1.88843227853,0.84482496671,0.461300309598,0.807681058841,0.398796921298,2.35,2.02529411765,0.807681058841,2.35,0.224836601307,0.0980392156863,5,0.00735294117647,0.161020923521,17,17,17,1,0,0.294117647059,0.470588235294,0.235294117647,1,0.00367647058824,0.142941176471,0.117647058824,-0.19696969697,0.0769230769231,-0.0686956736295,-0.0256036973876,-0.0143921010794,-0.0514327453931,-0.0483844741355,-0.0229269517195,0.00975940527302,-0.018349056137,-0.00928792569659,0.0214834897484,-0.0188705372822,0.1,0.142941176471,0.0214834897484,0.1,0.0584967320261,0.0368147258904,2,0.00294117647059,-0.0249314574315,-0.0588235294118,0.0588235294118,0,37,1,0,234,1,0.995744680851,0.00425531914894,0,0.973684210526,1,0.986666666667,0.984652666406,0.995744680851,0.973684210526,3,2,0,0,0,0
2554,WLNM_dir_neg,1,0.5,00:00:01,10,60,34,1984532207,threshold_sweep,0.7,0.666666666667,1,0.8,2,1,0,3,1,0.75,0.25,0,0.666666666667,1,0.8,0.833333333333,0.5,0.666666666667,0.707106781187,0.75,37,35,2,0,37,0,35,0,2,17,37,0.136029411765,1.88235294118,4.35294117647,3.36363636364,2.84615384615,1.69341284359,0.389027274878,0.193958664547,2.09866904602,0.964253345467,0.518282988871,1.87867287326,0.863174022847,0.470588235294,0.786197569093,0.41766745858,2.25,1.88235294118,0.786197569093,2.25,0.166339869281,0.0612244897959,3,0.00441176470588,0.185952380952,17,17,17,1,0,0.352941176471,0.411764705882,0.235294117647,17,0.128676470588,1.90196078431,4.11764705882,3.18181818182,2.69230769231,1.57648156274,0.382859808093,0.201680672269,2.01465221053,0.978545359402,0.524369747899,1.74894926439,0.849489642704,0.463865546218,0.814492905316,0.428238537847,2.33333333333,1.90196078431,0.814492905316,2.33333333333,0,0,0,0,0.164242424242,17,17,17,1,0,0.352941176471,0.411764705882,0.235294117647,17,38,0.139705882353,2.02529411765,4.47058823529,3.16666666667,2.92307692308,1.62471716996,0.36342357749,0.179566563467,2.04723630062,0.915868871331,0.495356037152,1.88843227853,0.84482496671,0.461300309598,0.807681058841,0.398796921298,2.35,2.02529411765,0.807681058841,2.35,0.224836601307,0.0980392156863,5,0.00735294117647,0.161020923521,17,17,17,1,0,0.294117647059,0.470588235294,0.235294117647,1,0.00367647058824,0.142941176471,0.117647058824,-0.19696969697,0.0769230769231,-0.0686956736295,-0.0256036973876,-0.0143921010794,-0.0514327453931,-0.0483844741355,-0.0229269517195,0.00975940527302,-0.018349056137,-0.00928792569659,0.0214834897484,-0.0188705372822,0.1,0.142941176471,0.0214834897484,0.1,0.0584967320261,0.0368147258904,2,0.00294117647059,-0.0249314574315,-0.0588235294118,0.0588235294118,0,37,1,0,234,1,0.995744680851,0.00425531914894,0,0.973684210526,1,0.986666666667,0.984652666406,0.995744680851,0.973684210526,3,2,0,0,0,0
2555,WLNM_dir_neg,1,0.5,00:00:01,10,60,34,1984532207,threshold_sweep,0.8,0.666666666667,1,0.8,2,1,0,3,1,0.75,0.25,0,0.666666666667,1,0.8,0.833333333333,0.5,0.666666666667,0.707106781187,0.75,37,35,2,0,37,0,35,0,2,17,37,0.136029411765,1.88235294118,4.35294117647,3.36363636364,2.84615384615,1.69341284359,0.389027274878,0.193958664547,2.09866904602,0.964253345467,0.518282988871,1.87867287326,0.863174022847,0.470588235294,0.786197569093,0.41766745858,2.25,1.88235294118,0.786197569093,2.25,0.166339869281,0.0612244897959,3,0.00441176470588,0.185952380952,17,17,17,1,0,0.352941176471,0.411764705882,0.235294117647,17,0.128676470588,1.90196078431,4.11764705882,3.18181818182,2.69230769231,1.57648156274,0.382859808093,0.201680672269,2.01465221053,0.978545359402,0.524369747899,1.74894926439,0.849489642704,0.463865546218,0.814492905316,0.428238537847,2.33333333333,1.90196078431,0.814492905316,2.33333333333,0,0,0,0,0.164242424242,17,17,17,1,0,0.352941176471,0.411764705882,0.235294117647,17,38,0.139705882353,2.02529411765,4.47058823529,3.16666666667,2.92307692308,1.62471716996,0.36342357749,0.179566563467,2.04723630062,0.915868871331,0.495356037152,1.88843227853,0.84482496671,0.461300309598,0.807681058841,0.398796921298,2.35,2.02529411765,0.807681058841,2.35,0.224836601307,0.0980392156863,5,0.00735294117647,0.161020923521,17,17,17,1,0,0.294117647059,0.470588235294,0.235294117647,1,0.00367647058824,0.142941176471,0.117647058824,-0.19696969697,0.0769230769231,-0.0686956736295,-0.0256036973876,-0.0143921010794,-0.0514327453931,-0.0483844741355,-0.0229269517195,0.00975940527302,-0.018349056137,-0.00928792569659,0.0214834897484,-0.0188705372822,0.1,0.142941176471,0.0214834897484,0.1,0.0584967320261,0.0368147258904,2,0.00294117647059,-0.0249314574315,-0.0588235294118,0.0588235294118,0,37,1,0,234,1,0.995744680851,0.00425531914894,0,0.973684210526,1,0.986666666667,0.984652666406,0.995744680851,0.973684210526,3,2,0,0,0,0
2556,WLNM_dir_neg,1,0.5,00:00:01,10,60,34,1984532207,threshold_sweep,0.9,0.666666666667,1,0.8,2,1,0,3,1,0.75,0.25,0,0.666666666667,1,0.8,0.833333333333,0.5,0.666666666667,0.707106781187,0.75,37,35,2,0,37,0,35,0,2,17,37,0.136029411765,1.88235294118,4.35294117647,3.36363636364,2.84615384615,1.69341284359,0.389027274878,0.193958664547,2.09866904602,0.964253345467,0.518282988871,1.87867287326,0.863174022847,0.470588235294,0.786197569093,0.41766745858,2.25,1.88235294118,0.786197569093,2.25,0.166339869281,0.0612244897959,3,0.00441176470588,0.185952380952,17,17,17,1,0,0.352941176471,0.411764705882,0.235294117647,17,0.128676470588,1.90196078431,4.11764705882,3.18181818182,2.69230769231,1.57648156274,0.382859808093,0.201680672269,2.01465221053,0.978545359402,0.524369747899,1.74894926439,0.849489642704,0.463865546218,0.814492905316,0.428238537847,2.33333333333,1.90196078431,0.814492905316,2.33333333333,0,0,0,0,0.164242424242,17,17,17,1,0,0.352941176471,0.411764705882,0.235294117647,17,38,0.139705882353,2.02529411765,4.47058823529,3.16666666667,2.92307692308,1.62471716996,0.36342357749,0.179566563467,2.04723630062,0.915868871331,0.495356037152,1.88843227853,0.84482496671,0.461300309598,0.807681058841,0.398796921298,2.35,2.02529411765,0.807681058841,2.35,0.224836601307,0.0980392156863,5,0.00735294117647,0.161020923521,17,17,17,1,0,0.294117647059,0.470588235294,0.235294117647,1,0.00367647058824,0.142941176471,0.117647058824,-0.19696969697,0.0769230769231,-0.0686956736295,-0.0256036973876,-0.0143921010794,-0.0514327453931,-0.0483844741355,-0.0229269517195,0.00975940527302,-0.018349056137,-0.00928792569659,0.0214834897484,-0.0188705372822,0.1,0.142941176471,0.0214834897484,0.1,0.0584967320261,0.0368147258904,2,0.00294117647059,-0.0249314574315,-0.0588235294118,0.0588235294118,0,37,1,0,234,1,0.995744680851,0.00425531914894,0,0.973684210526,1,0.986666666667,0.984652666406,0.995744680851,0.973684210526,3,2,0,0,0,0
2557,WLNM_dir_neg,1,0.5,00:00:01,10,60,35,1984532208,threshold_sweep,0.1,0.666666666667,1,0.8,2,1,0,3,1,0.75,0.25,0,0.666666666667,1,0.8,0.833333333333,0.5,0.666666666667,0.707106781187,0.75,37,35,2,0,37,0,35,0,2,17,37,0.136029411765,1.88235294118,4.35294117647,3.36363636364,2.84615384615,1.69341284359,0.389027274878,0.193958664547,2.09866904602,0.964253345467,0.518282988871,1.87867287326,0.863174022847,0.470588235294,0.786197569093,0.41766745858,2.25,1.88235294118,0.786197569093,2.25,0.166339869281,0.0612244897959,3,0.00441176470588,0.185952380952,17,17,17,1,0,0.352941176471,0.411764705882,0.235294117647,17,0.128676470588,1.90196078431,4.11764705882,3.18181818182,2.69230769231,1.57648156274,0.382859808093,0.201680672269,2.01465221053,0.978545359402,0.524369747899,1.74894926439,0.849489642704,0.463865546218,0.814492905316,0.428238537847,2.33333333333,1.90196078431,0.814492905316,2.33333333333,0,0,0,0,0.164242424242,17,17,17,1,0,0.352941176471,0.411764705882,0.235294117647,17,38,0.139705882353,1.89460784314,4.47058823529,3.45454545455,2.71428571429,1.73629084037,0.388380845872,0.198142414861,2.19457888229,0.981785289445,0.529411764706,1.82103719638,0.814674535221,0.442724458204,0.806080091789,0.425460126067,2.25,1.89460784314,0.806080091789,2.25,0.209150326797,0.115384615385,6,0.00882352941176,0.183398268398,17,17,17,1,0,0.352941176471,0.470588235294,0.176470588235,1,0.00367647058824,0.0122549019608,0.117647058824,0.0909090909091,-0.131868131868,0.0428779967836,-0.000646429005719,0.00418375031378,0.0959098362728,0.0175319439782,0.0111287758347,-0.0576356768785,-0.0484994876259,-0.0278637770898,0.0198825226968,0.0077926674869,0,0.0122549019608,0.0198825226968,0,0.0428104575163,0.0541601255887,3,0.00441176470588,-0.00255411255411,0,0.0588235294118,-0.0588235294118,37,1,0,234,1,0.995744680851,0.00425531914894,0,0.973684210526,1,0.986666666667,0.984652666406,0.995744680851,0.973684210526,3,2,0,0,0,0
2558,WLNM_dir_neg,1,0.5,00:00:01,10,60,35,1984532208,threshold_sweep,0.2,0.666666666667,1,0.8,2,1,0,3,1,0.75,0.25,0,0.666666666667,1,0.8,0.833333333333,0.5,0.666666666667,0.707106781187,0.75,37,35,2,0,37,0,35,0,2,17,37,0.136029411765,1.88235294118,4.35294117647,3.36363636364,2.84615384615,1.69341284359,0.389027274878,0.193958664547,2.09866904602,0.964253345467,0.518282988871,1.87867287326,0.863174022847,0.470588235294,0.786197569093,0.41766745858,2.25,1.88235294118,0.786197569093,2.25,0.166339869281,0.0612244897959,3,0.00441176470588,0.185952380952,17,17,17,1,0,0.352941176471,0.411764705882,0.235294117647,17,0.128676470588,1.90196078431,4.11764705882,3.18181818182,2.69230769231,1.57648156274,0.382859808093,0.201680672269,2.01465221053,0.978545359402,0.524369747899,1.74894926439,0.849489642704,0.463865546218,0.814492905316,0.428238537847,2.33333333333,1.90196078431,0.814492905316,2.33333333333,0,0,0,0,0.164242424242,17,17,17,1,0,0.352941176471,0.411764705882,0.235294117647,17,38,0.139705882353,1.89460784314,4.47058823529,3.45454545455,2.71428571429,1.73629084037,0.388380845872,0.198142414861,2.19457888229,0.981785289445,0.529411764706,1.82103719638,0.814674535221,0.442724458204,0.806080091789,0.425460126067,2.25,1.89460784314,0.806080091789,2.25,0.209150326797,0.115384615385,6,0.00882352941176,0.183398268398,17,17,17,1,0,0.352941176471,0.470588235294,0.176470588235,1,0.00367647058824,0.0122549019608,0.117647058824,0.0909090909091,-0.131868131868,0.0428779967836,-0.000646429005719,0.00418375031378,0.0959098362728,0.0175319439782,0.0111287758347,-0.0576356768785,-0.0484994876259,-0.0278637770898,0.0198825226968,0.0077926674869,0,0.0122549019608,0.0198825226968,0,0.0428104575163,0.0541601255887,3,0.00441176470588,-0.00255411255411,0,0.0588235294118,-0.0588235294118,37,1,0,234,1,0.995744680851,0.00425531914894,0,0.973684210526,1,0.986666666667,0.984652666406,0.995744680851,0.973684210526,3,2,0,0,0,0
2559,WLNM_dir_neg,1,0.5,00:00:01,10,60,35,1984532208,threshold_sweep,0.3,0.666666666667,1,0.8,2,1,0,3,1,0.75,0.25,0,0.666666666667,1,0.8,0.833333333333,0.5,0.666666666667,0.707106781187,0.75,37,35,2,0,37,0,35,0,2,17,37,0.136029411765,1.88235294118,4.35294117647,3.36363636364,2.84615384615,1.69341284359,0.389027274878,0.193958664547,2.09866904602,0.964253345467,0.518282988871,1.87867287326,0.863174022847,0.470588235294,0.786197569093,0.41766745858,2.25,1.88235294118,0.786197569093,2.25,0.166339869281,0.0612244897959,3,0.00441176470588,0.185952380952,17,17,17,1,0,0.352941176471,0.411764705882,0.235294117647,17,0.128676470588,1.90196078431,4.11764705882,3.18181818182,2.69230769231,1.57648156274,0.382859808093,0.201680672269,2.01465221053,0.978545359402,0.524369747899,1.74894926439,0.849489642704,0.463865546218,0.814492905316,0.428238537847,2.33333333333,1.90196078431,0.814492905316,2.33333333333,0,0,0,0,0.164242424242,17,17,17,1,0,0.352941176471,0.411764705882,0.235294117647,17,38,0.139705882353,1.89460784314,4.47058823529,3.45454545455,2.71428571429,1.73629084037,0.388380845872,0.198142414861,2.19457888229,0.981785289445,0.529411764706,1.82103719638,0.814674535221,0.442724458204,0.806080091789,0.425460126067,2.25,1.89460784314,0.806080091789,2.25,0.209150326797,0.115384615385,6,0.00882352941176,0.183398268398,17,17,17,1,0,0.352941176471,0.470588235294,0.176470588235,1,0.00367647058824,0.0122549019608,0.117647058824,0.0909090909091,-0.131868131868,0.0428779967836,-0.000646429005719,0.00418375031378,0.0959098362728,0.0175319439782,0.0111287758347,-0.0576356768785,-0.0484994876259,-0.0278637770898,0.0198825226968,0.0077926674869,0,0.0122549019608,0.0198825226968,0,0.0428104575163,0.0541601255887,3,0.00441176470588,-0.00255411255411,0,0.0588235294118,-0.0588235294118,37,1,0,234,1,0.995744680851,0.00425531914894,0,0.973684210526,1,0.986666666667,0.984652666406,0.995744680851,0.973684210526,3,2,0,0,0,0
2560,WLNM_dir_neg,1,0.5,00:00:01,10,60,35,1984532208,threshold_sweep,0.4,0.666666666667,1,0.8,2,1,0,3,1,0.75,0.25,0,0.666666666667,1,0.8,0.833333333333,0.5,0.666666666667,0.707106781187,0.75,37,35,2,0,37,0,35,0,2,17,37,0.136029411765,1.88235294118,4.35294117647,3.36363636364,2.84615384615,1.69341284359,0.389027274878,0.193958664547,2.09866904602,0.964253345467,0.518282988871,1.87867287326,0.863174022847,0.470588235294,0.786197569093,0.41766745858,2.25,1.88235294118,0.786197569093,2.25,0.166339869281,0.0612244897959,3,0.00441176470588,0.185952380952,17,17,17,1,0,0.352941176471,0.411764705882,0.235294117647,17,0.128676470588,1.90196078431,4.11764705882,3.18181818182,2.69230769231,1.57648156274,0.382859808093,0.201680672269,2.01465221053,0.978545359402,0.524369747899,1.74894926439,0.849489642704,0.463865546218,0.814492905316,0.428238537847,2.33333333333,1.90196078431,0.814492905316,2.33333333333,0,0,0,0,0.164242424242,17,17,17,1,0,0.352941176471,0.411764705882,0.235294117647,17,38,0.139705882353,1.89460784314,4.47058823529,3.45454545455,2.71428571429,1.73629084037,0.388380845872,0.198142414861,2.19457888229,0.981785289445,0.529411764706,1.82103719638,0.814674535221,0.442724458204,0.806080091789,0.425460126067,2.25,1.89460784314,0.806080091789,2.25,0.209150326797,0.115384615385,6,0.00882352941176,0.183398268398,17,17,17,1,0,0.352941176471,0.470588235294,0.176470588235,1,0.00367647058824,0.0122549019608,0.117647058824,0.0909090909091,-0.131868131868,0.0428779967836,-0.000646429005719,0.00418375031378,0.0959098362728,0.0175319439782,0.0111287758347,-0.0576356768785,-0.0484994876259,-0.0278637770898,0.0198825226968,0.0077926674869,0,0.0122549019608,0.0198825226968,0,0.0428104575163,0.0541601255887,3,0.00441176470588,-0.00255411255411,0,0.0588235294118,-0.0588235294118,37,1,0,234,1,0.995744680851,0.00425531914894,0,0.973684210526,1,0.986666666667,0.984652666406,0.995744680851,0.973684210526,3,2,0,0,0,0
2561,WLNM_dir_neg,1,0.5,00:00:01,10,60,35,1984532208,threshold_sweep,0.5,0.666666666667,1,0.8,2,1,0,3,1,0.75,0.25,0,0.666666666667,1,0.8,0.833333333333,0.5,0.666666666667,0.707106781187,0.75,37,35,2,0,37,0,35,0,2,17,37,0.136029411765,1.88235294118,4.35294117647,3.36363636364,2.84615384615,1.69341284359,0.389027274878,0.193958664547,2.09866904602,0.964253345467,0.518282988871,1.87867287326,0.863174022847,0.470588235294,0.786197569093,0.41766745858,2.25,1.88235294118,0.786197569093,2.25,0.166339869281,0.0612244897959,3,0.00441176470588,0.185952380952,17,17,17,1,0,0.352941176471,0.411764705882,0.235294117647,17,0.128676470588,1.90196078431,4.11764705882,3.18181818182,2.69230769231,1.57648156274,0.382859808093,0.201680672269,2.01465221053,0.978545359402,0.524369747899,1.74894926439,0.849489642704,0.463865546218,0.814492905316,0.428238537847,2.33333333333,1.90196078431,0.814492905316,2.33333333333,0,0,0,0,0.164242424242,17,17,17,1,0,0.352941176471,0.411764705882,0.235294117647,17,38,0.139705882353,1.89460784314,4.47058823529,3.45454545455,2.71428571429,1.73629084037,0.388380845872,0.198142414861,2.19457888229,0.981785289445,0.529411764706,1.82103719638,0.814674535221,0.442724458204,0.806080091789,0.425460126067,2.25,1.89460784314,0.806080091789,2.25,0.209150326797,0.115384615385,6,0.00882352941176,0.183398268398,17,17,17,1,0,0.352941176471,0.470588235294,0.176470588235,1,0.00367647058824,0.0122549019608,0.117647058824,0.0909090909091,-0.131868131868,0.0428779967836,-0.000646429005719,0.00418375031378,0.0959098362728,0.0175319439782,0.0111287758347,-0.0576356768785,-0.0484994876259,-0.0278637770898,0.0198825226968,0.0077926674869,0,0.0122549019608,0.0198825226968,0,0.0428104575163,0.0541601255887,3,0.00441176470588,-0.00255411255411,0,0.0588235294118,-0.0588235294118,37,1,0,234,1,0.995744680851,0.00425531914894,0,0.973684210526,1,0.986666666667,0.984652666406,0.995744680851,0.973684210526,3,2,0,0,0,0
2562,WLNM_dir_neg,1,0.5,00:00:01,10,60,35,1984532208,threshold_sweep,0.6,0.666666666667,1,0.8,2,1,0,3,1,0.75,0.25,0,0.666666666667,1,0.8,0.833333333333,0.5,0.666666666667,0.707106781187,0.75,37,35,2,0,37,0,35,0,2,17,37,0.136029411765,1.88235294118,4.35294117647,3.36363636364,2.84615384615,1.69341284359,0.389027274878,0.193958664547,2.09866904602,0.964253345467,0.518282988871,1.87867287326,0.863174022847,0.470588235294,0.786197569093,0.41766745858,2.25,1.88235294118,0.786197569093,2.25,0.166339869281,0.0612244897959,3,0.00441176470588,0.185952380952,17,17,17,1,0,0.352941176471,0.411764705882,0.235294117647,17,0.128676470588,1.90196078431,4.11764705882,3.18181818182,2.69230769231,1.57648156274,0.382859808093,0.201680672269,2.01465221053,0.978545359402,0.524369747899,1.74894926439,0.849489642704,0.463865546218,0.814492905316,0.428238537847,2.33333333333,1.90196078431,0.814492905316,2.33333333333,0,0,0,0,0.164242424242,17,17,17,1,0,0.352941176471,0.411764705882,0.235294117647,17,38,0.139705882353,1.89460784314,4.47058823529,3.45454545455,2.71428571429,1.73629084037,0.388380845872,0.198142414861,2.19457888229,0.981785289445,0.529411764706,1.82103719638,0.814674535221,0.442724458204,0.806080091789,0.425460126067,2.25,1.89460784314,0.806080091789,2.25,0.209150326797,0.115384615385,6,0.00882352941176,0.183398268398,17,17,17,1,0,0.352941176471,0.470588235294,0.176470588235,1,0.00367647058824,0.0122549019608,0.117647058824,0.0909090909091,-0.131868131868,0.0428779967836,-0.000646429005719,0.00418375031378,0.0959098362728,0.0175319439782,0.0111287758347,-0.0576356768785,-0.0484994876259,-0.0278637770898,0.0198825226968,0.0077926674869,0,0.0122549019608,0.0198825226968,0,0.0428104575163,0.0541601255887,3,0.00441176470588,-0.00255411255411,0,0.0588235294118,-0.0588235294118,37,1,0,234,1,0.995744680851,0.00425531914894,0,0.973684210526,1,0.986666666667,0.984652666406,0.995744680851,0.973684210526,3,2,0,0,0,0
2563,WLNM_dir_neg,1,0.5,00:00:01,10,60,35,1984532208,threshold_sweep,0.7,0.666666666667,1,0.8,2,1,0,3,1,0.75,0.25,0,0.666666666667,1,0.8,0.833333333333,0.5,0.666666666667,0.707106781187,0.75,37,35,2,0,37,0,35,0,2,17,37,0.136029411765,1.88235294118,4.35294117647,3.36363636364,2.84615384615,1.69341284359,0.389027274878,0.193958664547,2.09866904602,0.964253345467,0.518282988871,1.87867287326,0.863174022847,0.470588235294,0.786197569093,0.41766745858,2.25,1.88235294118,0.786197569093,2.25,0.166339869281,0.0612244897959,3,0.00441176470588,0.185952380952,17,17,17,1,0,0.352941176471,0.411764705882,0.235294117647,17,0.128676470588,1.90196078431,4.11764705882,3.18181818182,2.69230769231,1.57648156274,0.382859808093,0.201680672269,2.01465221053,0.978545359402,0.524369747899,1.74894926439,0.849489642704,0.463865546218,0.814492905316,0.428238537847,2.33333333333,1.90196078431,0.814492905316,2.33333333333,0,0,0,0,0.164242424242,17,17,17,1,0,0.352941176471,0.411764705882,0.235294117647,17,38,0.139705882353,1.89460784314,4.47058823529,3.45454545455,2.71428571429,1.73629084037,0.388380845872,0.198142414861,2.19457888229,0.981785289445,0.529411764706,1.82103719638,0.814674535221,0.442724458204,0.806080091789,0.425460126067,2.25,1.89460784314,0.806080091789,2.25,0.209150326797,0.115384615385,6,0.00882352941176,0.183398268398,17,17,17,1,0,0.352941176471,0.470588235294,0.176470588235,1,0.00367647058824,0.0122549019608,0.117647058824,0.0909090909091,-0.131868131868,0.0428779967836,-0.000646429005719,0.00418375031378,0.0959098362728,0.0175319439782,0.0111287758347,-0.0576356768785,-0.0484994876259,-0.0278637770898,0.0198825226968,0.0077926674869,0,0.0122549019608,0.0198825226968,0,0.0428104575163,0.0541601255887,3,0.00441176470588,-0.00255411255411,0,0.0588235294118,-0.0588235294118,37,1,0,234,1,0.995744680851,0.00425531914894,0,0.973684210526,1,0.986666666667,0.984652666406,0.995744680851,0.973684210526,3,2,0,0,0,0
2564,WLNM_dir_neg,1,0.5,00:00:01,10,60,35,1984532208,threshold_sweep,0.8,0.666666666667,1,0.8,2,1,0,3,1,0.75,0.25,0,0.666666666667,1,0.8,0.833333333333,0.5,0.666666666667,0.707106781187,0.75,37,35,2,0,37,0,35,0,2,17,37,0.136029411765,1.88235294118,4.35294117647,3.36363636364,2.84615384615,1.69341284359,0.389027274878,0.193958664547,2.09866904602,0.964253345467,0.518282988871,1.87867287326,0.863174022847,0.470588235294,0.786197569093,0.41766745858,2.25,1.88235294118,0.786197569093,2.25,0.166339869281,0.0612244897959,3,0.00441176470588,0.185952380952,17,17,17,1,0,0.352941176471,0.411764705882,0.235294117647,17,0.128676470588,1.90196078431,4.11764705882,3.18181818182,2.69230769231,1.57648156274,0.382859808093,0.201680672269,2.01465221053,0.978545359402,0.524369747899,1.74894926439,0.849489642704,0.463865546218,0.814492905316,0.428238537847,2.33333333333,1.90196078431,0.814492905316,2.33333333333,0,0,0,0,0.164242424242,17,17,17,1,0,0.352941176471,0.411764705882,0.235294117647,17,38,0.139705882353,1.89460784314,4.47058823529,3.45454545455,2.71428571429,1.73629084037,0.388380845872,0.198142414861,2.19457888229,0.981785289445,0.529411764706,1.82103719638,0.814674535221,0.442724458204,0.806080091789,0.425460126067,2.25,1.89460784314,0.806080091789,2.25,0.209150326797,0.115384615385,6,0.00882352941176,0.183398268398,17,17,17,1,0,0.352941176471,0.470588235294,0.176470588235,1,0.00367647058824,0.0122549019608,0.117647058824,0.0909090909091,-0.131868131868,0.0428779967836,-0.000646429005719,0.00418375031378,0.0959098362728,0.0175319439782,0.0111287758347,-0.0576356768785,-0.0484994876259,-0.0278637770898,0.0198825226968,0.0077926674869,0,0.0122549019608,0.0198825226968,0,0.0428104575163,0.0541601255887,3,0.00441176470588,-0.00255411255411,0,0.0588235294118,-0.0588235294118,37,1,0,234,1,0.995744680851,0.00425531914894,0,0.973684210526,1,0.986666666667,0.984652666406,0.995744680851,0.973684210526,3,2,0,0,0,0
2565,WLNM_dir_neg,1,0.5,00:00:01,10,60,35,1984532208,threshold_sweep,0.9,0.666666666667,1,0.8,2,1,0,3,1,0.75,0.25,0,0.666666666667,1,0.8,0.833333333333,0.5,0.666666666667,0.707106781187,0.75,37,35,2,0,37,0,35,0,2,17,37,0.136029411765,1.88235294118,4.35294117647,3.36363636364,2.84615384615,1.69341284359,0.389027274878,0.193958664547,2.09866904602,0.964253345467,0.518282988871,1.87867287326,0.863174022847,0.470588235294,0.786197569093,0.41766745858,2.25,1.88235294118,0.786197569093,2.25,0.166339869281,0.0612244897959,3,0.00441176470588,0.185952380952,17,17,17,1,0,0.352941176471,0.411764705882,0.235294117647,17,0.128676470588,1.90196078431,4.11764705882,3.18181818182,2.69230769231,1.57648156274,0.382859808093,0.201680672269,2.01465221053,0.978545359402,0.524369747899,1.74894926439,0.849489642704,0.463865546218,0.814492905316,0.428238537847,2.33333333333,1.90196078431,0.814492905316,2.33333333333,0,0,0,0,0.164242424242,17,17,17,1,0,0.352941176471,0.411764705882,0.235294117647,17,38,0.139705882353,1.89460784314,4.47058823529,3.45454545455,2.71428571429,1.73629084037,0.388380845872,0.198142414861,2.19457888229,0.981785289445,0.529411764706,1.82103719638,0.814674535221,0.442724458204,0.806080091789,0.425460126067,2.25,1.89460784314,0.806080091789,2.25,0.209150326797,0.115384615385,6,0.00882352941176,0.183398268398,17,17,17,1,0,0.352941176471,0.470588235294,0.176470588235,1,0.00367647058824,0.0122549019608,0.117647058824,0.0909090909091,-0.131868131868,0.0428779967836,-0.000646429005719,0.00418375031378,0.0959098362728,0.0175319439782,0.0111287758347,-0.0576356768785,-0.0484994876259,-0.0278637770898,0.0198825226968,0.0077926674869,0,0.0122549019608,0.0198825226968,0,0.0428104575163,0.0541601255887,3,0.00441176470588,-0.00255411255411,0,0.0588235294118,-0.0588235294118,37,1,0,234,1,0.995744680851,0.00425531914894,0,0.973684210526,1,0.986666666667,0.984652666406,0.995744680851,0.973684210526,3,2,0,0,0,0
2566,WLNM_dir_neg,1,0.5,00:00:02,10,60,36,1984532209,threshold_sweep,0.1,1,1,1,2,0,0,4,1,1,0,0,1,1,1,1,0.555555555556,1,1,1,37,35,2,0,37,0,35,0,2,17,37,0.136029411765,1.88235294118,4.35294117647,3.36363636364,2.84615384615,1.69341284359,0.389027274878,0.193958664547,2.09866904602,0.964253345467,0.518282988871,1.87867287326,0.863174022847,0.470588235294,0.786197569093,0.41766745858,2.25,1.88235294118,0.786197569093,2.25,0.166339869281,0.0612244897959,3,0.00441176470588,0.185952380952,17,17,17,1,0,0.352941176471,0.411764705882,0.235294117647,17,0.128676470588,1.90196078431,4.11764705882,3.18181818182,2.69230769231,1.57648156274,0.382859808093,0.201680672269,2.01465221053,0.978545359402,0.524369747899,1.74894926439,0.849489642704,0.463865546218,0.814492905316,0.428238537847,2.33333333333,1.90196078431,0.814492905316,2.33333333333,0,0,0,0,0.164242424242,17,17,17,1,0,0.352941176471,0.411764705882,0.235294117647,17,37,0.136029411765,1.88235294118,4.35294117647,3.36363636364,2.84615384615,1.69341284359,0.389027274878,0.193958664547,2.09866904602,0.964253345467,0.518282988871,1.87867287326,0.863174022847,0.470588235294,0.786197569093,0.41766745858,2.25,1.88235294118,0.786197569093,2.25,0.166339869281,0.0612244897959,3,0.00441176470588,0.185952380952,17,17,17,1,0,0.352941176471,0.411764705882,0.235294117647,0,0,0,0,0,0,0,0,0,0,0,0,0,0,0,0,0,0,0,0,0,0,0,0,0,0,0,0,0,37,0,0,235,1,1,0,0,1,1,1,1,1,1,2,2,0,0,0,0
2567,WLNM_dir_neg,1,0.5,00:00:02,10,60,36,1984532209,threshold_sweep,0.2,1,1,1,2,0,0,4,1,1,0,0,1,1,1,1,0.555555555556,1,1,1,37,35,2,0,37,0,35,0,2,17,37,0.136029411765,1.88235294118,4.35294117647,3.36363636364,2.84615384615,1.69341284359,0.389027274878,0.193958664547,2.09866904602,0.964253345467,0.518282988871,1.87867287326,0.863174022847,0.470588235294,0.786197569093,0.41766745858,2.25,1.88235294118,0.786197569093,2.25,0.166339869281,0.0612244897959,3,0.00441176470588,0.185952380952,17,17,17,1,0,0.352941176471,0.411764705882,0.235294117647,17,0.128676470588,1.90196078431,4.11764705882,3.18181818182,2.69230769231,1.57648156274,0.382859808093,0.201680672269,2.01465221053,0.978545359402,0.524369747899,1.74894926439,0.849489642704,0.463865546218,0.814492905316,0.428238537847,2.33333333333,1.90196078431,0.814492905316,2.33333333333,0,0,0,0,0.164242424242,17,17,17,1,0,0.352941176471,0.411764705882,0.235294117647,17,37,0.136029411765,1.88235294118,4.35294117647,3.36363636364,2.84615384615,1.69341284359,0.389027274878,0.193958664547,2.09866904602,0.964253345467,0.518282988871,1.87867287326,0.863174022847,0.470588235294,0.786197569093,0.41766745858,2.25,1.88235294118,0.786197569093,2.25,0.166339869281,0.0612244897959,3,0.00441176470588,0.185952380952,17,17,17,1,0,0.352941176471,0.411764705882,0.235294117647,0,0,0,0,0,0,0,0,0,0,0,0,0,0,0,0,0,0,0,0,0,0,0,0,0,0,0,0,0,37,0,0,235,1,1,0,0,1,1,1,1,1,1,2,2,0,0,0,0
2568,WLNM_dir_neg,1,0.5,00:00:02,10,60,36,1984532209,threshold_sweep,0.3,1,1,1,2,0,0,4,1,1,0,0,1,1,1,1,0.555555555556,1,1,1,37,35,2,0,37,0,35,0,2,17,37,0.136029411765,1.88235294118,4.35294117647,3.36363636364,2.84615384615,1.69341284359,0.389027274878,0.193958664547,2.09866904602,0.964253345467,0.518282988871,1.87867287326,0.863174022847,0.470588235294,0.786197569093,0.41766745858,2.25,1.88235294118,0.786197569093,2.25,0.166339869281,0.0612244897959,3,0.00441176470588,0.185952380952,17,17,17,1,0,0.352941176471,0.411764705882,0.235294117647,17,0.128676470588,1.90196078431,4.11764705882,3.18181818182,2.69230769231,1.57648156274,0.382859808093,0.201680672269,2.01465221053,0.978545359402,0.524369747899,1.74894926439,0.849489642704,0.463865546218,0.814492905316,0.428238537847,2.33333333333,1.90196078431,0.814492905316,2.33333333333,0,0,0,0,0.164242424242,17,17,17,1,0,0.352941176471,0.411764705882,0.235294117647,17,37,0.136029411765,1.88235294118,4.35294117647,3.36363636364,2.84615384615,1.69341284359,0.389027274878,0.193958664547,2.09866904602,0.964253345467,0.518282988871,1.87867287326,0.863174022847,0.470588235294,0.786197569093,0.41766745858,2.25,1.88235294118,0.786197569093,2.25,0.166339869281,0.0612244897959,3,0.00441176470588,0.185952380952,17,17,17,1,0,0.352941176471,0.411764705882,0.235294117647,0,0,0,0,0,0,0,0,0,0,0,0,0,0,0,0,0,0,0,0,0,0,0,0,0,0,0,0,0,37,0,0,235,1,1,0,0,1,1,1,1,1,1,2,2,0,0,0,0
2569,WLNM_dir_neg,1,0.5,00:00:02,10,60,36,1984532209,threshold_sweep,0.4,1,1,1,2,0,0,4,1,1,0,0,1,1,1,1,0.555555555556,1,1,1,37,35,2,0,37,0,35,0,2,17,37,0.136029411765,1.88235294118,4.35294117647,3.36363636364,2.84615384615,1.69341284359,0.389027274878,0.193958664547,2.09866904602,0.964253345467,0.518282988871,1.87867287326,0.863174022847,0.470588235294,0.786197569093,0.41766745858,2.25,1.88235294118,0.786197569093,2.25,0.166339869281,0.0612244897959,3,0.00441176470588,0.185952380952,17,17,17,1,0,0.352941176471,0.411764705882,0.235294117647,17,0.128676470588,1.90196078431,4.11764705882,3.18181818182,2.69230769231,1.57648156274,0.382859808093,0.201680672269,2.01465221053,0.978545359402,0.524369747899,1.74894926439,0.849489642704,0.463865546218,0.814492905316,0.428238537847,2.33333333333,1.90196078431,0.814492905316,2.33333333333,0,0,0,0,0.164242424242,17,17,17,1,0,0.352941176471,0.411764705882,0.235294117647,17,37,0.136029411765,1.88235294118,4.35294117647,3.36363636364,2.84615384615,1.69341284359,0.389027274878,0.193958664547,2.09866904602,0.964253345467,0.518282988871,1.87867287326,0.863174022847,0.470588235294,0.786197569093,0.41766745858,2.25,1.88235294118,0.786197569093,2.25,0.166339869281,0.0612244897959,3,0.00441176470588,0.185952380952,17,17,17,1,0,0.352941176471,0.411764705882,0.235294117647,0,0,0,0,0,0,0,0,0,0,0,0,0,0,0,0,0,0,0,0,0,0,0,0,0,0,0,0,0,37,0,0,235,1,1,0,0,1,1,1,1,1,1,2,2,0,0,0,0
2570,WLNM_dir_neg,1,0.5,00:00:02,10,60,36,1984532209,threshold_sweep,0.5,1,1,1,2,0,0,4,1,1,0,0,1,1,1,1,0.555555555556,1,1,1,37,35,2,0,37,0,35,0,2,17,37,0.136029411765,1.88235294118,4.35294117647,3.36363636364,2.84615384615,1.69341284359,0.389027274878,0.193958664547,2.09866904602,0.964253345467,0.518282988871,1.87867287326,0.863174022847,0.470588235294,0.786197569093,0.41766745858,2.25,1.88235294118,0.786197569093,2.25,0.166339869281,0.0612244897959,3,0.00441176470588,0.185952380952,17,17,17,1,0,0.352941176471,0.411764705882,0.235294117647,17,0.128676470588,1.90196078431,4.11764705882,3.18181818182,2.69230769231,1.57648156274,0.382859808093,0.201680672269,2.01465221053,0.978545359402,0.524369747899,1.74894926439,0.849489642704,0.463865546218,0.814492905316,0.428238537847,2.33333333333,1.90196078431,0.814492905316,2.33333333333,0,0,0,0,0.164242424242,17,17,17,1,0,0.352941176471,0.411764705882,0.235294117647,17,37,0.136029411765,1.88235294118,4.35294117647,3.36363636364,2.84615384615,1.69341284359,0.389027274878,0.193958664547,2.09866904602,0.964253345467,0.518282988871,1.87867287326,0.863174022847,0.470588235294,0.786197569093,0.41766745858,2.25,1.88235294118,0.786197569093,2.25,0.166339869281,0.0612244897959,3,0.00441176470588,0.185952380952,17,17,17,1,0,0.352941176471,0.411764705882,0.235294117647,0,0,0,0,0,0,0,0,0,0,0,0,0,0,0,0,0,0,0,0,0,0,0,0,0,0,0,0,0,37,0,0,235,1,1,0,0,1,1,1,1,1,1,2,2,0,0,0,0
2571,WLNM_dir_neg,1,0.5,00:00:02,10,60,36,1984532209,threshold_sweep,0.6,1,1,1,2,0,0,4,1,1,0,0,1,1,1,1,0.555555555556,1,1,1,37,35,2,0,37,0,35,0,2,17,37,0.136029411765,1.88235294118,4.35294117647,3.36363636364,2.84615384615,1.69341284359,0.389027274878,0.193958664547,2.09866904602,0.964253345467,0.518282988871,1.87867287326,0.863174022847,0.470588235294,0.786197569093,0.41766745858,2.25,1.88235294118,0.786197569093,2.25,0.166339869281,0.0612244897959,3,0.00441176470588,0.185952380952,17,17,17,1,0,0.352941176471,0.411764705882,0.235294117647,17,0.128676470588,1.90196078431,4.11764705882,3.18181818182,2.69230769231,1.57648156274,0.382859808093,0.201680672269,2.01465221053,0.978545359402,0.524369747899,1.74894926439,0.849489642704,0.463865546218,0.814492905316,0.428238537847,2.33333333333,1.90196078431,0.814492905316,2.33333333333,0,0,0,0,0.164242424242,17,17,17,1,0,0.352941176471,0.411764705882,0.235294117647,17,37,0.136029411765,1.88235294118,4.35294117647,3.36363636364,2.84615384615,1.69341284359,0.389027274878,0.193958664547,2.09866904602,0.964253345467,0.518282988871,1.87867287326,0.863174022847,0.470588235294,0.786197569093,0.41766745858,2.25,1.88235294118,0.786197569093,2.25,0.166339869281,0.0612244897959,3,0.00441176470588,0.185952380952,17,17,17,1,0,0.352941176471,0.411764705882,0.235294117647,0,0,0,0,0,0,0,0,0,0,0,0,0,0,0,0,0,0,0,0,0,0,0,0,0,0,0,0,0,37,0,0,235,1,1,0,0,1,1,1,1,1,1,2,2,0,0,0,0
2572,WLNM_dir_neg,1,0.5,00:00:02,10,60,36,1984532209,threshold_sweep,0.7,1,1,1,2,0,0,4,1,1,0,0,1,1,1,1,0.555555555556,1,1,1,37,35,2,0,37,0,35,0,2,17,37,0.136029411765,1.88235294118,4.35294117647,3.36363636364,2.84615384615,1.69341284359,0.389027274878,0.193958664547,2.09866904602,0.964253345467,0.518282988871,1.87867287326,0.863174022847,0.470588235294,0.786197569093,0.41766745858,2.25,1.88235294118,0.786197569093,2.25,0.166339869281,0.0612244897959,3,0.00441176470588,0.185952380952,17,17,17,1,0,0.352941176471,0.411764705882,0.235294117647,17,0.128676470588,1.90196078431,4.11764705882,3.18181818182,2.69230769231,1.57648156274,0.382859808093,0.201680672269,2.01465221053,0.978545359402,0.524369747899,1.74894926439,0.849489642704,0.463865546218,0.814492905316,0.428238537847,2.33333333333,1.90196078431,0.814492905316,2.33333333333,0,0,0,0,0.164242424242,17,17,17,1,0,0.352941176471,0.411764705882,0.235294117647,17,37,0.136029411765,1.88235294118,4.35294117647,3.36363636364,2.84615384615,1.69341284359,0.389027274878,0.193958664547,2.09866904602,0.964253345467,0.518282988871,1.87867287326,0.863174022847,0.470588235294,0.786197569093,0.41766745858,2.25,1.88235294118,0.786197569093,2.25,0.166339869281,0.0612244897959,3,0.00441176470588,0.185952380952,17,17,17,1,0,0.352941176471,0.411764705882,0.235294117647,0,0,0,0,0,0,0,0,0,0,0,0,0,0,0,0,0,0,0,0,0,0,0,0,0,0,0,0,0,37,0,0,235,1,1,0,0,1,1,1,1,1,1,2,2,0,0,0,0
2573,WLNM_dir_neg,1,0.5,00:00:02,10,60,36,1984532209,threshold_sweep,0.8,1,1,1,2,0,0,4,1,1,0,0,1,1,1,1,0.555555555556,1,1,1,37,35,2,0,37,0,35,0,2,17,37,0.136029411765,1.88235294118,4.35294117647,3.36363636364,2.84615384615,1.69341284359,0.389027274878,0.193958664547,2.09866904602,0.964253345467,0.518282988871,1.87867287326,0.863174022847,0.470588235294,0.786197569093,0.41766745858,2.25,1.88235294118,0.786197569093,2.25,0.166339869281,0.0612244897959,3,0.00441176470588,0.185952380952,17,17,17,1,0,0.352941176471,0.411764705882,0.235294117647,17,0.128676470588,1.90196078431,4.11764705882,3.18181818182,2.69230769231,1.57648156274,0.382859808093,0.201680672269,2.01465221053,0.978545359402,0.524369747899,1.74894926439,0.849489642704,0.463865546218,0.814492905316,0.428238537847,2.33333333333,1.90196078431,0.814492905316,2.33333333333,0,0,0,0,0.164242424242,17,17,17,1,0,0.352941176471,0.411764705882,0.235294117647,17,37,0.136029411765,1.88235294118,4.35294117647,3.36363636364,2.84615384615,1.69341284359,0.389027274878,0.193958664547,2.09866904602,0.964253345467,0.518282988871,1.87867287326,0.863174022847,0.470588235294,0.786197569093,0.41766745858,2.25,1.88235294118,0.786197569093,2.25,0.166339869281,0.0612244897959,3,0.00441176470588,0.185952380952,17,17,17,1,0,0.352941176471,0.411764705882,0.235294117647,0,0,0,0,0,0,0,0,0,0,0,0,0,0,0,0,0,0,0,0,0,0,0,0,0,0,0,0,0,37,0,0,235,1,1,0,0,1,1,1,1,1,1,2,2,0,0,0,0
2574,WLNM_dir_neg,1,0.5,00:00:02,10,60,36,1984532209,threshold_sweep,0.9,1,1,1,2,0,0,4,1,1,0,0,1,1,1,1,0.555555555556,1,1,1,37,35,2,0,37,0,35,0,2,17,37,0.136029411765,1.88235294118,4.35294117647,3.36363636364,2.84615384615,1.69341284359,0.389027274878,0.193958664547,2.09866904602,0.964253345467,0.518282988871,1.87867287326,0.863174022847,0.470588235294,0.786197569093,0.41766745858,2.25,1.88235294118,0.786197569093,2.25,0.166339869281,0.0612244897959,3,0.00441176470588,0.185952380952,17,17,17,1,0,0.352941176471,0.411764705882,0.235294117647,17,0.128676470588,1.90196078431,4.11764705882,3.18181818182,2.69230769231,1.57648156274,0.382859808093,0.201680672269,2.01465221053,0.978545359402,0.524369747899,1.74894926439,0.849489642704,0.463865546218,0.814492905316,0.428238537847,2.33333333333,1.90196078431,0.814492905316,2.33333333333,0,0,0,0,0.164242424242,17,17,17,1,0,0.352941176471,0.411764705882,0.235294117647,17,37,0.136029411765,1.88235294118,4.35294117647,3.36363636364,2.84615384615,1.69341284359,0.389027274878,0.193958664547,2.09866904602,0.964253345467,0.518282988871,1.87867287326,0.863174022847,0.470588235294,0.786197569093,0.41766745858,2.25,1.88235294118,0.786197569093,2.25,0.166339869281,0.0612244897959,3,0.00441176470588,0.185952380952,17,17,17,1,0,0.352941176471,0.411764705882,0.235294117647,0,0,0,0,0,0,0,0,0,0,0,0,0,0,0,0,0,0,0,0,0,0,0,0,0,0,0,0,0,37,0,0,235,1,1,0,0,1,1,1,1,1,1,2,2,0,0,0,0
2575,WLNM_dir_neg,1,0.5,00:00:02,10,60,37,1984532210,threshold_sweep,0.1,1,1,1,2,0,0,4,1,1,0,0,1,1,1,1,0.555555555556,1,1,1,37,35,2,0,37,0,35,0,2,17,37,0.136029411765,1.88235294118,4.35294117647,3.36363636364,2.84615384615,1.69341284359,0.389027274878,0.193958664547,2.09866904602,0.964253345467,0.518282988871,1.87867287326,0.863174022847,0.470588235294,0.786197569093,0.41766745858,2.25,1.88235294118,0.786197569093,2.25,0.166339869281,0.0612244897959,3,0.00441176470588,0.185952380952,17,17,17,1,0,0.352941176471,0.411764705882,0.235294117647,17,0.128676470588,1.90196078431,4.11764705882,3.18181818182,2.69230769231,1.57648156274,0.382859808093,0.201680672269,2.01465221053,0.978545359402,0.524369747899,1.74894926439,0.849489642704,0.463865546218,0.814492905316,0.428238537847,2.33333333333,1.90196078431,0.814492905316,2.33333333333,0,0,0,0,0.164242424242,17,17,17,1,0,0.352941176471,0.411764705882,0.235294117647,17,37,0.136029411765,1.88235294118,4.35294117647,3.36363636364,2.84615384615,1.69341284359,0.389027274878,0.193958664547,2.09866904602,0.964253345467,0.518282988871,1.87867287326,0.863174022847,0.470588235294,0.786197569093,0.41766745858,2.25,1.88235294118,0.786197569093,2.25,0.166339869281,0.0612244897959,3,0.00441176470588,0.185952380952,17,17,17,1,0,0.352941176471,0.411764705882,0.235294117647,0,0,0,0,0,0,0,0,0,0,0,0,0,0,0,0,0,0,0,0,0,0,0,0,0,0,0,0,0,37,0,0,235,1,1,0,0,1,1,1,1,1,1,2,2,0,0,0,0
2576,WLNM_dir_neg,1,0.5,00:00:02,10,60,37,1984532210,threshold_sweep,0.2,1,1,1,2,0,0,4,1,1,0,0,1,1,1,1,0.555555555556,1,1,1,37,35,2,0,37,0,35,0,2,17,37,0.136029411765,1.88235294118,4.35294117647,3.36363636364,2.84615384615,1.69341284359,0.389027274878,0.193958664547,2.09866904602,0.964253345467,0.518282988871,1.87867287326,0.863174022847,0.470588235294,0.786197569093,0.41766745858,2.25,1.88235294118,0.786197569093,2.25,0.166339869281,0.0612244897959,3,0.00441176470588,0.185952380952,17,17,17,1,0,0.352941176471,0.411764705882,0.235294117647,17,0.128676470588,1.90196078431,4.11764705882,3.18181818182,2.69230769231,1.57648156274,0.382859808093,0.201680672269,2.01465221053,0.978545359402,0.524369747899,1.74894926439,0.849489642704,0.463865546218,0.814492905316,0.428238537847,2.33333333333,1.90196078431,0.814492905316,2.33333333333,0,0,0,0,0.164242424242,17,17,17,1,0,0.352941176471,0.411764705882,0.235294117647,17,37,0.136029411765,1.88235294118,4.35294117647,3.36363636364,2.84615384615,1.69341284359,0.389027274878,0.193958664547,2.09866904602,0.964253345467,0.518282988871,1.87867287326,0.863174022847,0.470588235294,0.786197569093,0.41766745858,2.25,1.88235294118,0.786197569093,2.25,0.166339869281,0.0612244897959,3,0.00441176470588,0.185952380952,17,17,17,1,0,0.352941176471,0.411764705882,0.235294117647,0,0,0,0,0,0,0,0,0,0,0,0,0,0,0,0,0,0,0,0,0,0,0,0,0,0,0,0,0,37,0,0,235,1,1,0,0,1,1,1,1,1,1,2,2,0,0,0,0
2577,WLNM_dir_neg,1,0.5,00:00:02,10,60,37,1984532210,threshold_sweep,0.3,1,1,1,2,0,0,4,1,1,0,0,1,1,1,1,0.555555555556,1,1,1,37,35,2,0,37,0,35,0,2,17,37,0.136029411765,1.88235294118,4.35294117647,3.36363636364,2.84615384615,1.69341284359,0.389027274878,0.193958664547,2.09866904602,0.964253345467,0.518282988871,1.87867287326,0.863174022847,0.470588235294,0.786197569093,0.41766745858,2.25,1.88235294118,0.786197569093,2.25,0.166339869281,0.0612244897959,3,0.00441176470588,0.185952380952,17,17,17,1,0,0.352941176471,0.411764705882,0.235294117647,17,0.128676470588,1.90196078431,4.11764705882,3.18181818182,2.69230769231,1.57648156274,0.382859808093,0.201680672269,2.01465221053,0.978545359402,0.524369747899,1.74894926439,0.849489642704,0.463865546218,0.814492905316,0.428238537847,2.33333333333,1.90196078431,0.814492905316,2.33333333333,0,0,0,0,0.164242424242,17,17,17,1,0,0.352941176471,0.411764705882,0.235294117647,17,37,0.136029411765,1.88235294118,4.35294117647,3.36363636364,2.84615384615,1.69341284359,0.389027274878,0.193958664547,2.09866904602,0.964253345467,0.518282988871,1.87867287326,0.863174022847,0.470588235294,0.786197569093,0.41766745858,2.25,1.88235294118,0.786197569093,2.25,0.166339869281,0.0612244897959,3,0.00441176470588,0.185952380952,17,17,17,1,0,0.352941176471,0.411764705882,0.235294117647,0,0,0,0,0,0,0,0,0,0,0,0,0,0,0,0,0,0,0,0,0,0,0,0,0,0,0,0,0,37,0,0,235,1,1,0,0,1,1,1,1,1,1,2,2,0,0,0,0
2578,WLNM_dir_neg,1,0.5,00:00:02,10,60,37,1984532210,threshold_sweep,0.4,1,1,1,2,0,0,4,1,1,0,0,1,1,1,1,0.555555555556,1,1,1,37,35,2,0,37,0,35,0,2,17,37,0.136029411765,1.88235294118,4.35294117647,3.36363636364,2.84615384615,1.69341284359,0.389027274878,0.193958664547,2.09866904602,0.964253345467,0.518282988871,1.87867287326,0.863174022847,0.470588235294,0.786197569093,0.41766745858,2.25,1.88235294118,0.786197569093,2.25,0.166339869281,0.0612244897959,3,0.00441176470588,0.185952380952,17,17,17,1,0,0.352941176471,0.411764705882,0.235294117647,17,0.128676470588,1.90196078431,4.11764705882,3.18181818182,2.69230769231,1.57648156274,0.382859808093,0.201680672269,2.01465221053,0.978545359402,0.524369747899,1.74894926439,0.849489642704,0.463865546218,0.814492905316,0.428238537847,2.33333333333,1.90196078431,0.814492905316,2.33333333333,0,0,0,0,0.164242424242,17,17,17,1,0,0.352941176471,0.411764705882,0.235294117647,17,37,0.136029411765,1.88235294118,4.35294117647,3.36363636364,2.84615384615,1.69341284359,0.389027274878,0.193958664547,2.09866904602,0.964253345467,0.518282988871,1.87867287326,0.863174022847,0.470588235294,0.786197569093,0.41766745858,2.25,1.88235294118,0.786197569093,2.25,0.166339869281,0.0612244897959,3,0.00441176470588,0.185952380952,17,17,17,1,0,0.352941176471,0.411764705882,0.235294117647,0,0,0,0,0,0,0,0,0,0,0,0,0,0,0,0,0,0,0,0,0,0,0,0,0,0,0,0,0,37,0,0,235,1,1,0,0,1,1,1,1,1,1,2,2,0,0,0,0
2579,WLNM_dir_neg,1,0.5,00:00:02,10,60,37,1984532210,threshold_sweep,0.5,1,1,1,2,0,0,4,1,1,0,0,1,1,1,1,0.555555555556,1,1,1,37,35,2,0,37,0,35,0,2,17,37,0.136029411765,1.88235294118,4.35294117647,3.36363636364,2.84615384615,1.69341284359,0.389027274878,0.193958664547,2.09866904602,0.964253345467,0.518282988871,1.87867287326,0.863174022847,0.470588235294,0.786197569093,0.41766745858,2.25,1.88235294118,0.786197569093,2.25,0.166339869281,0.0612244897959,3,0.00441176470588,0.185952380952,17,17,17,1,0,0.352941176471,0.411764705882,0.235294117647,17,0.128676470588,1.90196078431,4.11764705882,3.18181818182,2.69230769231,1.57648156274,0.382859808093,0.201680672269,2.01465221053,0.978545359402,0.524369747899,1.74894926439,0.849489642704,0.463865546218,0.814492905316,0.428238537847,2.33333333333,1.90196078431,0.814492905316,2.33333333333,0,0,0,0,0.164242424242,17,17,17,1,0,0.352941176471,0.411764705882,0.235294117647,17,37,0.136029411765,1.88235294118,4.35294117647,3.36363636364,2.84615384615,1.69341284359,0.389027274878,0.193958664547,2.09866904602,0.964253345467,0.518282988871,1.87867287326,0.863174022847,0.470588235294,0.786197569093,0.41766745858,2.25,1.88235294118,0.786197569093,2.25,0.166339869281,0.0612244897959,3,0.00441176470588,0.185952380952,17,17,17,1,0,0.352941176471,0.411764705882,0.235294117647,0,0,0,0,0,0,0,0,0,0,0,0,0,0,0,0,0,0,0,0,0,0,0,0,0,0,0,0,0,37,0,0,235,1,1,0,0,1,1,1,1,1,1,2,2,0,0,0,0
2580,WLNM_dir_neg,1,0.5,00:00:02,10,60,37,1984532210,threshold_sweep,0.6,1,1,1,2,0,0,4,1,1,0,0,1,1,1,1,0.555555555556,1,1,1,37,35,2,0,37,0,35,0,2,17,37,0.136029411765,1.88235294118,4.35294117647,3.36363636364,2.84615384615,1.69341284359,0.389027274878,0.193958664547,2.09866904602,0.964253345467,0.518282988871,1.87867287326,0.863174022847,0.470588235294,0.786197569093,0.41766745858,2.25,1.88235294118,0.786197569093,2.25,0.166339869281,0.0612244897959,3,0.00441176470588,0.185952380952,17,17,17,1,0,0.352941176471,0.411764705882,0.235294117647,17,0.128676470588,1.90196078431,4.11764705882,3.18181818182,2.69230769231,1.57648156274,0.382859808093,0.201680672269,2.01465221053,0.978545359402,0.524369747899,1.74894926439,0.849489642704,0.463865546218,0.814492905316,0.428238537847,2.33333333333,1.90196078431,0.814492905316,2.33333333333,0,0,0,0,0.164242424242,17,17,17,1,0,0.352941176471,0.411764705882,0.235294117647,17,37,0.136029411765,1.88235294118,4.35294117647,3.36363636364,2.84615384615,1.69341284359,0.389027274878,0.193958664547,2.09866904602,0.964253345467,0.518282988871,1.87867287326,0.863174022847,0.470588235294,0.786197569093,0.41766745858,2.25,1.88235294118,0.786197569093,2.25,0.166339869281,0.0612244897959,3,0.00441176470588,0.185952380952,17,17,17,1,0,0.352941176471,0.411764705882,0.235294117647,0,0,0,0,0,0,0,0,0,0,0,0,0,0,0,0,0,0,0,0,0,0,0,0,0,0,0,0,0,37,0,0,235,1,1,0,0,1,1,1,1,1,1,2,2,0,0,0,0
2581,WLNM_dir_neg,1,0.5,00:00:02,10,60,37,1984532210,threshold_sweep,0.7,1,1,1,2,0,0,4,1,1,0,0,1,1,1,1,0.555555555556,1,1,1,37,35,2,0,37,0,35,0,2,17,37,0.136029411765,1.88235294118,4.35294117647,3.36363636364,2.84615384615,1.69341284359,0.389027274878,0.193958664547,2.09866904602,0.964253345467,0.518282988871,1.87867287326,0.863174022847,0.470588235294,0.786197569093,0.41766745858,2.25,1.88235294118,0.786197569093,2.25,0.166339869281,0.0612244897959,3,0.00441176470588,0.185952380952,17,17,17,1,0,0.352941176471,0.411764705882,0.235294117647,17,0.128676470588,1.90196078431,4.11764705882,3.18181818182,2.69230769231,1.57648156274,0.382859808093,0.201680672269,2.01465221053,0.978545359402,0.524369747899,1.74894926439,0.849489642704,0.463865546218,0.814492905316,0.428238537847,2.33333333333,1.90196078431,0.814492905316,2.33333333333,0,0,0,0,0.164242424242,17,17,17,1,0,0.352941176471,0.411764705882,0.235294117647,17,37,0.136029411765,1.88235294118,4.35294117647,3.36363636364,2.84615384615,1.69341284359,0.389027274878,0.193958664547,2.09866904602,0.964253345467,0.518282988871,1.87867287326,0.863174022847,0.470588235294,0.786197569093,0.41766745858,2.25,1.88235294118,0.786197569093,2.25,0.166339869281,0.0612244897959,3,0.00441176470588,0.185952380952,17,17,17,1,0,0.352941176471,0.411764705882,0.235294117647,0,0,0,0,0,0,0,0,0,0,0,0,0,0,0,0,0,0,0,0,0,0,0,0,0,0,0,0,0,37,0,0,235,1,1,0,0,1,1,1,1,1,1,2,2,0,0,0,0
2582,WLNM_dir_neg,1,0.5,00:00:02,10,60,37,1984532210,threshold_sweep,0.8,1,1,1,2,0,0,4,1,1,0,0,1,1,1,1,0.555555555556,1,1,1,37,35,2,0,37,0,35,0,2,17,37,0.136029411765,1.88235294118,4.35294117647,3.36363636364,2.84615384615,1.69341284359,0.389027274878,0.193958664547,2.09866904602,0.964253345467,0.518282988871,1.87867287326,0.863174022847,0.470588235294,0.786197569093,0.41766745858,2.25,1.88235294118,0.786197569093,2.25,0.166339869281,0.0612244897959,3,0.00441176470588,0.185952380952,17,17,17,1,0,0.352941176471,0.411764705882,0.235294117647,17,0.128676470588,1.90196078431,4.11764705882,3.18181818182,2.69230769231,1.57648156274,0.382859808093,0.201680672269,2.01465221053,0.978545359402,0.524369747899,1.74894926439,0.849489642704,0.463865546218,0.814492905316,0.428238537847,2.33333333333,1.90196078431,0.814492905316,2.33333333333,0,0,0,0,0.164242424242,17,17,17,1,0,0.352941176471,0.411764705882,0.235294117647,17,37,0.136029411765,1.88235294118,4.35294117647,3.36363636364,2.84615384615,1.69341284359,0.389027274878,0.193958664547,2.09866904602,0.964253345467,0.518282988871,1.87867287326,0.863174022847,0.470588235294,0.786197569093,0.41766745858,2.25,1.88235294118,0.786197569093,2.25,0.166339869281,0.0612244897959,3,0.00441176470588,0.185952380952,17,17,17,1,0,0.352941176471,0.411764705882,0.235294117647,0,0,0,0,0,0,0,0,0,0,0,0,0,0,0,0,0,0,0,0,0,0,0,0,0,0,0,0,0,37,0,0,235,1,1,0,0,1,1,1,1,1,1,2,2,0,0,0,0
2583,WLNM_dir_neg,1,0.5,00:00:02,10,60,37,1984532210,threshold_sweep,0.9,1,1,1,2,0,0,4,1,1,0,0,1,1,1,1,0.555555555556,1,1,1,37,35,2,0,37,0,35,0,2,17,37,0.136029411765,1.88235294118,4.35294117647,3.36363636364,2.84615384615,1.69341284359,0.389027274878,0.193958664547,2.09866904602,0.964253345467,0.518282988871,1.87867287326,0.863174022847,0.470588235294,0.786197569093,0.41766745858,2.25,1.88235294118,0.786197569093,2.25,0.166339869281,0.0612244897959,3,0.00441176470588,0.185952380952,17,17,17,1,0,0.352941176471,0.411764705882,0.235294117647,17,0.128676470588,1.90196078431,4.11764705882,3.18181818182,2.69230769231,1.57648156274,0.382859808093,0.201680672269,2.01465221053,0.978545359402,0.524369747899,1.74894926439,0.849489642704,0.463865546218,0.814492905316,0.428238537847,2.33333333333,1.90196078431,0.814492905316,2.33333333333,0,0,0,0,0.164242424242,17,17,17,1,0,0.352941176471,0.411764705882,0.235294117647,17,37,0.136029411765,1.88235294118,4.35294117647,3.36363636364,2.84615384615,1.69341284359,0.389027274878,0.193958664547,2.09866904602,0.964253345467,0.518282988871,1.87867287326,0.863174022847,0.470588235294,0.786197569093,0.41766745858,2.25,1.88235294118,0.786197569093,2.25,0.166339869281,0.0612244897959,3,0.00441176470588,0.185952380952,17,17,17,1,0,0.352941176471,0.411764705882,0.235294117647,0,0,0,0,0,0,0,0,0,0,0,0,0,0,0,0,0,0,0,0,0,0,0,0,0,0,0,0,0,37,0,0,235,1,1,0,0,1,1,1,1,1,1,2,2,0,0,0,0
2584,WLNM_dir_neg,1,0.5,00:00:00,10,60,38,1984532211,threshold_sweep,0.1,1,1,1,2,0,0,4,1,1,0,0,1,1,1,1,0.555555555556,1,1,1,37,35,2,0,37,0,35,0,2,17,37,0.136029411765,1.88235294118,4.35294117647,3.36363636364,2.84615384615,1.69341284359,0.389027274878,0.193958664547,2.09866904602,0.964253345467,0.518282988871,1.87867287326,0.863174022847,0.470588235294,0.786197569093,0.41766745858,2.25,1.88235294118,0.786197569093,2.25,0.166339869281,0.0612244897959,3,0.00441176470588,0.185952380952,17,17,17,1,0,0.352941176471,0.411764705882,0.235294117647,17,0.128676470588,1.90196078431,4.11764705882,3.18181818182,2.69230769231,1.57648156274,0.382859808093,0.201680672269,2.01465221053,0.978545359402,0.524369747899,1.74894926439,0.849489642704,0.463865546218,0.814492905316,0.428238537847,2.33333333333,1.90196078431,0.814492905316,2.33333333333,0,0,0,0,0.164242424242,17,17,17,1,0,0.352941176471,0.411764705882,0.235294117647,17,37,0.136029411765,1.88235294118,4.35294117647,3.36363636364,2.84615384615,1.69341284359,0.389027274878,0.193958664547,2.09866904602,0.964253345467,0.518282988871,1.87867287326,0.863174022847,0.470588235294,0.786197569093,0.41766745858,2.25,1.88235294118,0.786197569093,2.25,0.166339869281,0.0612244897959,3,0.00441176470588,0.185952380952,17,17,17,1,0,0.352941176471,0.411764705882,0.235294117647,0,0,0,0,0,0,0,0,0,0,0,0,0,0,0,0,0,0,0,0,0,0,0,0,0,0,0,0,0,37,0,0,235,1,1,0,0,1,1,1,1,1,1,2,2,0,0,0,0
2585,WLNM_dir_neg,1,0.5,00:00:00,10,60,38,1984532211,threshold_sweep,0.2,1,1,1,2,0,0,4,1,1,0,0,1,1,1,1,0.555555555556,1,1,1,37,35,2,0,37,0,35,0,2,17,37,0.136029411765,1.88235294118,4.35294117647,3.36363636364,2.84615384615,1.69341284359,0.389027274878,0.193958664547,2.09866904602,0.964253345467,0.518282988871,1.87867287326,0.863174022847,0.470588235294,0.786197569093,0.41766745858,2.25,1.88235294118,0.786197569093,2.25,0.166339869281,0.0612244897959,3,0.00441176470588,0.185952380952,17,17,17,1,0,0.352941176471,0.411764705882,0.235294117647,17,0.128676470588,1.90196078431,4.11764705882,3.18181818182,2.69230769231,1.57648156274,0.382859808093,0.201680672269,2.01465221053,0.978545359402,0.524369747899,1.74894926439,0.849489642704,0.463865546218,0.814492905316,0.428238537847,2.33333333333,1.90196078431,0.814492905316,2.33333333333,0,0,0,0,0.164242424242,17,17,17,1,0,0.352941176471,0.411764705882,0.235294117647,17,37,0.136029411765,1.88235294118,4.35294117647,3.36363636364,2.84615384615,1.69341284359,0.389027274878,0.193958664547,2.09866904602,0.964253345467,0.518282988871,1.87867287326,0.863174022847,0.470588235294,0.786197569093,0.41766745858,2.25,1.88235294118,0.786197569093,2.25,0.166339869281,0.0612244897959,3,0.00441176470588,0.185952380952,17,17,17,1,0,0.352941176471,0.411764705882,0.235294117647,0,0,0,0,0,0,0,0,0,0,0,0,0,0,0,0,0,0,0,0,0,0,0,0,0,0,0,0,0,37,0,0,235,1,1,0,0,1,1,1,1,1,1,2,2,0,0,0,0
2586,WLNM_dir_neg,1,0.5,00:00:00,10,60,38,1984532211,threshold_sweep,0.3,1,1,1,2,0,0,4,1,1,0,0,1,1,1,1,0.555555555556,1,1,1,37,35,2,0,37,0,35,0,2,17,37,0.136029411765,1.88235294118,4.35294117647,3.36363636364,2.84615384615,1.69341284359,0.389027274878,0.193958664547,2.09866904602,0.964253345467,0.518282988871,1.87867287326,0.863174022847,0.470588235294,0.786197569093,0.41766745858,2.25,1.88235294118,0.786197569093,2.25,0.166339869281,0.0612244897959,3,0.00441176470588,0.185952380952,17,17,17,1,0,0.352941176471,0.411764705882,0.235294117647,17,0.128676470588,1.90196078431,4.11764705882,3.18181818182,2.69230769231,1.57648156274,0.382859808093,0.201680672269,2.01465221053,0.978545359402,0.524369747899,1.74894926439,0.849489642704,0.463865546218,0.814492905316,0.428238537847,2.33333333333,1.90196078431,0.814492905316,2.33333333333,0,0,0,0,0.164242424242,17,17,17,1,0,0.352941176471,0.411764705882,0.235294117647,17,37,0.136029411765,1.88235294118,4.35294117647,3.36363636364,2.84615384615,1.69341284359,0.389027274878,0.193958664547,2.09866904602,0.964253345467,0.518282988871,1.87867287326,0.863174022847,0.470588235294,0.786197569093,0.41766745858,2.25,1.88235294118,0.786197569093,2.25,0.166339869281,0.0612244897959,3,0.00441176470588,0.185952380952,17,17,17,1,0,0.352941176471,0.411764705882,0.235294117647,0,0,0,0,0,0,0,0,0,0,0,0,0,0,0,0,0,0,0,0,0,0,0,0,0,0,0,0,0,37,0,0,235,1,1,0,0,1,1,1,1,1,1,2,2,0,0,0,0
2587,WLNM_dir_neg,1,0.5,00:00:00,10,60,38,1984532211,threshold_sweep,0.4,1,1,1,2,0,0,4,1,1,0,0,1,1,1,1,0.555555555556,1,1,1,37,35,2,0,37,0,35,0,2,17,37,0.136029411765,1.88235294118,4.35294117647,3.36363636364,2.84615384615,1.69341284359,0.389027274878,0.193958664547,2.09866904602,0.964253345467,0.518282988871,1.87867287326,0.863174022847,0.470588235294,0.786197569093,0.41766745858,2.25,1.88235294118,0.786197569093,2.25,0.166339869281,0.0612244897959,3,0.00441176470588,0.185952380952,17,17,17,1,0,0.352941176471,0.411764705882,0.235294117647,17,0.128676470588,1.90196078431,4.11764705882,3.18181818182,2.69230769231,1.57648156274,0.382859808093,0.201680672269,2.01465221053,0.978545359402,0.524369747899,1.74894926439,0.849489642704,0.463865546218,0.814492905316,0.428238537847,2.33333333333,1.90196078431,0.814492905316,2.33333333333,0,0,0,0,0.164242424242,17,17,17,1,0,0.352941176471,0.411764705882,0.235294117647,17,37,0.136029411765,1.88235294118,4.35294117647,3.36363636364,2.84615384615,1.69341284359,0.389027274878,0.193958664547,2.09866904602,0.964253345467,0.518282988871,1.87867287326,0.863174022847,0.470588235294,0.786197569093,0.41766745858,2.25,1.88235294118,0.786197569093,2.25,0.166339869281,0.0612244897959,3,0.00441176470588,0.185952380952,17,17,17,1,0,0.352941176471,0.411764705882,0.235294117647,0,0,0,0,0,0,0,0,0,0,0,0,0,0,0,0,0,0,0,0,0,0,0,0,0,0,0,0,0,37,0,0,235,1,1,0,0,1,1,1,1,1,1,2,2,0,0,0,0
2588,WLNM_dir_neg,1,0.5,00:00:00,10,60,38,1984532211,threshold_sweep,0.5,1,1,1,2,0,0,4,1,1,0,0,1,1,1,1,0.555555555556,1,1,1,37,35,2,0,37,0,35,0,2,17,37,0.136029411765,1.88235294118,4.35294117647,3.36363636364,2.84615384615,1.69341284359,0.389027274878,0.193958664547,2.09866904602,0.964253345467,0.518282988871,1.87867287326,0.863174022847,0.470588235294,0.786197569093,0.41766745858,2.25,1.88235294118,0.786197569093,2.25,0.166339869281,0.0612244897959,3,0.00441176470588,0.185952380952,17,17,17,1,0,0.352941176471,0.411764705882,0.235294117647,17,0.128676470588,1.90196078431,4.11764705882,3.18181818182,2.69230769231,1.57648156274,0.382859808093,0.201680672269,2.01465221053,0.978545359402,0.524369747899,1.74894926439,0.849489642704,0.463865546218,0.814492905316,0.428238537847,2.33333333333,1.90196078431,0.814492905316,2.33333333333,0,0,0,0,0.164242424242,17,17,17,1,0,0.352941176471,0.411764705882,0.235294117647,17,37,0.136029411765,1.88235294118,4.35294117647,3.36363636364,2.84615384615,1.69341284359,0.389027274878,0.193958664547,2.09866904602,0.964253345467,0.518282988871,1.87867287326,0.863174022847,0.470588235294,0.786197569093,0.41766745858,2.25,1.88235294118,0.786197569093,2.25,0.166339869281,0.0612244897959,3,0.00441176470588,0.185952380952,17,17,17,1,0,0.352941176471,0.411764705882,0.235294117647,0,0,0,0,0,0,0,0,0,0,0,0,0,0,0,0,0,0,0,0,0,0,0,0,0,0,0,0,0,37,0,0,235,1,1,0,0,1,1,1,1,1,1,2,2,0,0,0,0
2589,WLNM_dir_neg,1,0.5,00:00:00,10,60,38,1984532211,threshold_sweep,0.6,1,1,1,2,0,0,4,1,1,0,0,1,1,1,1,0.555555555556,1,1,1,37,35,2,0,37,0,35,0,2,17,37,0.136029411765,1.88235294118,4.35294117647,3.36363636364,2.84615384615,1.69341284359,0.389027274878,0.193958664547,2.09866904602,0.964253345467,0.518282988871,1.87867287326,0.863174022847,0.470588235294,0.786197569093,0.41766745858,2.25,1.88235294118,0.786197569093,2.25,0.166339869281,0.0612244897959,3,0.00441176470588,0.185952380952,17,17,17,1,0,0.352941176471,0.411764705882,0.235294117647,17,0.128676470588,1.90196078431,4.11764705882,3.18181818182,2.69230769231,1.57648156274,0.382859808093,0.201680672269,2.01465221053,0.978545359402,0.524369747899,1.74894926439,0.849489642704,0.463865546218,0.814492905316,0.428238537847,2.33333333333,1.90196078431,0.814492905316,2.33333333333,0,0,0,0,0.164242424242,17,17,17,1,0,0.352941176471,0.411764705882,0.235294117647,17,37,0.136029411765,1.88235294118,4.35294117647,3.36363636364,2.84615384615,1.69341284359,0.389027274878,0.193958664547,2.09866904602,0.964253345467,0.518282988871,1.87867287326,0.863174022847,0.470588235294,0.786197569093,0.41766745858,2.25,1.88235294118,0.786197569093,2.25,0.166339869281,0.0612244897959,3,0.00441176470588,0.185952380952,17,17,17,1,0,0.352941176471,0.411764705882,0.235294117647,0,0,0,0,0,0,0,0,0,0,0,0,0,0,0,0,0,0,0,0,0,0,0,0,0,0,0,0,0,37,0,0,235,1,1,0,0,1,1,1,1,1,1,2,2,0,0,0,0
2590,WLNM_dir_neg,1,0.5,00:00:00,10,60,38,1984532211,threshold_sweep,0.7,1,1,1,2,0,0,4,1,1,0,0,1,1,1,1,0.555555555556,1,1,1,37,35,2,0,37,0,35,0,2,17,37,0.136029411765,1.88235294118,4.35294117647,3.36363636364,2.84615384615,1.69341284359,0.389027274878,0.193958664547,2.09866904602,0.964253345467,0.518282988871,1.87867287326,0.863174022847,0.470588235294,0.786197569093,0.41766745858,2.25,1.88235294118,0.786197569093,2.25,0.166339869281,0.0612244897959,3,0.00441176470588,0.185952380952,17,17,17,1,0,0.352941176471,0.411764705882,0.235294117647,17,0.128676470588,1.90196078431,4.11764705882,3.18181818182,2.69230769231,1.57648156274,0.382859808093,0.201680672269,2.01465221053,0.978545359402,0.524369747899,1.74894926439,0.849489642704,0.463865546218,0.814492905316,0.428238537847,2.33333333333,1.90196078431,0.814492905316,2.33333333333,0,0,0,0,0.164242424242,17,17,17,1,0,0.352941176471,0.411764705882,0.235294117647,17,37,0.136029411765,1.88235294118,4.35294117647,3.36363636364,2.84615384615,1.69341284359,0.389027274878,0.193958664547,2.09866904602,0.964253345467,0.518282988871,1.87867287326,0.863174022847,0.470588235294,0.786197569093,0.41766745858,2.25,1.88235294118,0.786197569093,2.25,0.166339869281,0.0612244897959,3,0.00441176470588,0.185952380952,17,17,17,1,0,0.352941176471,0.411764705882,0.235294117647,0,0,0,0,0,0,0,0,0,0,0,0,0,0,0,0,0,0,0,0,0,0,0,0,0,0,0,0,0,37,0,0,235,1,1,0,0,1,1,1,1,1,1,2,2,0,0,0,0
2591,WLNM_dir_neg,1,0.5,00:00:00,10,60,38,1984532211,threshold_sweep,0.8,1,1,1,2,0,0,4,1,1,0,0,1,1,1,1,0.555555555556,1,1,1,37,35,2,0,37,0,35,0,2,17,37,0.136029411765,1.88235294118,4.35294117647,3.36363636364,2.84615384615,1.69341284359,0.389027274878,0.193958664547,2.09866904602,0.964253345467,0.518282988871,1.87867287326,0.863174022847,0.470588235294,0.786197569093,0.41766745858,2.25,1.88235294118,0.786197569093,2.25,0.166339869281,0.0612244897959,3,0.00441176470588,0.185952380952,17,17,17,1,0,0.352941176471,0.411764705882,0.235294117647,17,0.128676470588,1.90196078431,4.11764705882,3.18181818182,2.69230769231,1.57648156274,0.382859808093,0.201680672269,2.01465221053,0.978545359402,0.524369747899,1.74894926439,0.849489642704,0.463865546218,0.814492905316,0.428238537847,2.33333333333,1.90196078431,0.814492905316,2.33333333333,0,0,0,0,0.164242424242,17,17,17,1,0,0.352941176471,0.411764705882,0.235294117647,17,37,0.136029411765,1.88235294118,4.35294117647,3.36363636364,2.84615384615,1.69341284359,0.389027274878,0.193958664547,2.09866904602,0.964253345467,0.518282988871,1.87867287326,0.863174022847,0.470588235294,0.786197569093,0.41766745858,2.25,1.88235294118,0.786197569093,2.25,0.166339869281,0.0612244897959,3,0.00441176470588,0.185952380952,17,17,17,1,0,0.352941176471,0.411764705882,0.235294117647,0,0,0,0,0,0,0,0,0,0,0,0,0,0,0,0,0,0,0,0,0,0,0,0,0,0,0,0,0,37,0,0,235,1,1,0,0,1,1,1,1,1,1,2,2,0,0,0,0
2592,WLNM_dir_neg,1,0.5,00:00:00,10,60,38,1984532211,threshold_sweep,0.9,1,1,1,2,0,0,4,1,1,0,0,1,1,1,1,0.555555555556,1,1,1,37,35,2,0,37,0,35,0,2,17,37,0.136029411765,1.88235294118,4.35294117647,3.36363636364,2.84615384615,1.69341284359,0.389027274878,0.193958664547,2.09866904602,0.964253345467,0.518282988871,1.87867287326,0.863174022847,0.470588235294,0.786197569093,0.41766745858,2.25,1.88235294118,0.786197569093,2.25,0.166339869281,0.0612244897959,3,0.00441176470588,0.185952380952,17,17,17,1,0,0.352941176471,0.411764705882,0.235294117647,17,0.128676470588,1.90196078431,4.11764705882,3.18181818182,2.69230769231,1.57648156274,0.382859808093,0.201680672269,2.01465221053,0.978545359402,0.524369747899,1.74894926439,0.849489642704,0.463865546218,0.814492905316,0.428238537847,2.33333333333,1.90196078431,0.814492905316,2.33333333333,0,0,0,0,0.164242424242,17,17,17,1,0,0.352941176471,0.411764705882,0.235294117647,17,37,0.136029411765,1.88235294118,4.35294117647,3.36363636364,2.84615384615,1.69341284359,0.389027274878,0.193958664547,2.09866904602,0.964253345467,0.518282988871,1.87867287326,0.863174022847,0.470588235294,0.786197569093,0.41766745858,2.25,1.88235294118,0.786197569093,2.25,0.166339869281,0.0612244897959,3,0.00441176470588,0.185952380952,17,17,17,1,0,0.352941176471,0.411764705882,0.235294117647,0,0,0,0,0,0,0,0,0,0,0,0,0,0,0,0,0,0,0,0,0,0,0,0,0,0,0,0,0,37,0,0,235,1,1,0,0,1,1,1,1,1,1,2,2,0,0,0,0
2593,WLNM_dir_neg,1,0.5,00:00:01,10,60,39,1984532212,threshold_sweep,0.1,1,1,1,2,0,0,4,1,1,0,0,1,1,1,1,0.555555555556,1,1,1,37,35,2,0,37,0,35,0,2,17,37,0.136029411765,1.88235294118,4.35294117647,3.36363636364,2.84615384615,1.69341284359,0.389027274878,0.193958664547,2.09866904602,0.964253345467,0.518282988871,1.87867287326,0.863174022847,0.470588235294,0.786197569093,0.41766745858,2.25,1.88235294118,0.786197569093,2.25,0.166339869281,0.0612244897959,3,0.00441176470588,0.185952380952,17,17,17,1,0,0.352941176471,0.411764705882,0.235294117647,17,0.128676470588,1.90196078431,4.11764705882,3.18181818182,2.69230769231,1.57648156274,0.382859808093,0.201680672269,2.01465221053,0.978545359402,0.524369747899,1.74894926439,0.849489642704,0.463865546218,0.814492905316,0.428238537847,2.33333333333,1.90196078431,0.814492905316,2.33333333333,0,0,0,0,0.164242424242,17,17,17,1,0,0.352941176471,0.411764705882,0.235294117647,17,37,0.136029411765,1.88235294118,4.35294117647,3.36363636364,2.84615384615,1.69341284359,0.389027274878,0.193958664547,2.09866904602,0.964253345467,0.518282988871,1.87867287326,0.863174022847,0.470588235294,0.786197569093,0.41766745858,2.25,1.88235294118,0.786197569093,2.25,0.166339869281,0.0612244897959,3,0.00441176470588,0.185952380952,17,17,17,1,0,0.352941176471,0.411764705882,0.235294117647,0,0,0,0,0,0,0,0,0,0,0,0,0,0,0,0,0,0,0,0,0,0,0,0,0,0,0,0,0,37,0,0,235,1,1,0,0,1,1,1,1,1,1,2,2,0,0,0,0
2594,WLNM_dir_neg,1,0.5,00:00:01,10,60,39,1984532212,threshold_sweep,0.2,1,1,1,2,0,0,4,1,1,0,0,1,1,1,1,0.555555555556,1,1,1,37,35,2,0,37,0,35,0,2,17,37,0.136029411765,1.88235294118,4.35294117647,3.36363636364,2.84615384615,1.69341284359,0.389027274878,0.193958664547,2.09866904602,0.964253345467,0.518282988871,1.87867287326,0.863174022847,0.470588235294,0.786197569093,0.41766745858,2.25,1.88235294118,0.786197569093,2.25,0.166339869281,0.0612244897959,3,0.00441176470588,0.185952380952,17,17,17,1,0,0.352941176471,0.411764705882,0.235294117647,17,0.128676470588,1.90196078431,4.11764705882,3.18181818182,2.69230769231,1.57648156274,0.382859808093,0.201680672269,2.01465221053,0.978545359402,0.524369747899,1.74894926439,0.849489642704,0.463865546218,0.814492905316,0.428238537847,2.33333333333,1.90196078431,0.814492905316,2.33333333333,0,0,0,0,0.164242424242,17,17,17,1,0,0.352941176471,0.411764705882,0.235294117647,17,37,0.136029411765,1.88235294118,4.35294117647,3.36363636364,2.84615384615,1.69341284359,0.389027274878,0.193958664547,2.09866904602,0.964253345467,0.518282988871,1.87867287326,0.863174022847,0.470588235294,0.786197569093,0.41766745858,2.25,1.88235294118,0.786197569093,2.25,0.166339869281,0.0612244897959,3,0.00441176470588,0.185952380952,17,17,17,1,0,0.352941176471,0.411764705882,0.235294117647,0,0,0,0,0,0,0,0,0,0,0,0,0,0,0,0,0,0,0,0,0,0,0,0,0,0,0,0,0,37,0,0,235,1,1,0,0,1,1,1,1,1,1,2,2,0,0,0,0
2595,WLNM_dir_neg,1,0.5,00:00:01,10,60,39,1984532212,threshold_sweep,0.3,1,1,1,2,0,0,4,1,1,0,0,1,1,1,1,0.555555555556,1,1,1,37,35,2,0,37,0,35,0,2,17,37,0.136029411765,1.88235294118,4.35294117647,3.36363636364,2.84615384615,1.69341284359,0.389027274878,0.193958664547,2.09866904602,0.964253345467,0.518282988871,1.87867287326,0.863174022847,0.470588235294,0.786197569093,0.41766745858,2.25,1.88235294118,0.786197569093,2.25,0.166339869281,0.0612244897959,3,0.00441176470588,0.185952380952,17,17,17,1,0,0.352941176471,0.411764705882,0.235294117647,17,0.128676470588,1.90196078431,4.11764705882,3.18181818182,2.69230769231,1.57648156274,0.382859808093,0.201680672269,2.01465221053,0.978545359402,0.524369747899,1.74894926439,0.849489642704,0.463865546218,0.814492905316,0.428238537847,2.33333333333,1.90196078431,0.814492905316,2.33333333333,0,0,0,0,0.164242424242,17,17,17,1,0,0.352941176471,0.411764705882,0.235294117647,17,37,0.136029411765,1.88235294118,4.35294117647,3.36363636364,2.84615384615,1.69341284359,0.389027274878,0.193958664547,2.09866904602,0.964253345467,0.518282988871,1.87867287326,0.863174022847,0.470588235294,0.786197569093,0.41766745858,2.25,1.88235294118,0.786197569093,2.25,0.166339869281,0.0612244897959,3,0.00441176470588,0.185952380952,17,17,17,1,0,0.352941176471,0.411764705882,0.235294117647,0,0,0,0,0,0,0,0,0,0,0,0,0,0,0,0,0,0,0,0,0,0,0,0,0,0,0,0,0,37,0,0,235,1,1,0,0,1,1,1,1,1,1,2,2,0,0,0,0
2596,WLNM_dir_neg,1,0.5,00:00:01,10,60,39,1984532212,threshold_sweep,0.4,1,1,1,2,0,0,4,1,1,0,0,1,1,1,1,0.555555555556,1,1,1,37,35,2,0,37,0,35,0,2,17,37,0.136029411765,1.88235294118,4.35294117647,3.36363636364,2.84615384615,1.69341284359,0.389027274878,0.193958664547,2.09866904602,0.964253345467,0.518282988871,1.87867287326,0.863174022847,0.470588235294,0.786197569093,0.41766745858,2.25,1.88235294118,0.786197569093,2.25,0.166339869281,0.0612244897959,3,0.00441176470588,0.185952380952,17,17,17,1,0,0.352941176471,0.411764705882,0.235294117647,17,0.128676470588,1.90196078431,4.11764705882,3.18181818182,2.69230769231,1.57648156274,0.382859808093,0.201680672269,2.01465221053,0.978545359402,0.524369747899,1.74894926439,0.849489642704,0.463865546218,0.814492905316,0.428238537847,2.33333333333,1.90196078431,0.814492905316,2.33333333333,0,0,0,0,0.164242424242,17,17,17,1,0,0.352941176471,0.411764705882,0.235294117647,17,37,0.136029411765,1.88235294118,4.35294117647,3.36363636364,2.84615384615,1.69341284359,0.389027274878,0.193958664547,2.09866904602,0.964253345467,0.518282988871,1.87867287326,0.863174022847,0.470588235294,0.786197569093,0.41766745858,2.25,1.88235294118,0.786197569093,2.25,0.166339869281,0.0612244897959,3,0.00441176470588,0.185952380952,17,17,17,1,0,0.352941176471,0.411764705882,0.235294117647,0,0,0,0,0,0,0,0,0,0,0,0,0,0,0,0,0,0,0,0,0,0,0,0,0,0,0,0,0,37,0,0,235,1,1,0,0,1,1,1,1,1,1,2,2,0,0,0,0
2597,WLNM_dir_neg,1,0.5,00:00:01,10,60,39,1984532212,threshold_sweep,0.5,1,1,1,2,0,0,4,1,1,0,0,1,1,1,1,0.555555555556,1,1,1,37,35,2,0,37,0,35,0,2,17,37,0.136029411765,1.88235294118,4.35294117647,3.36363636364,2.84615384615,1.69341284359,0.389027274878,0.193958664547,2.09866904602,0.964253345467,0.518282988871,1.87867287326,0.863174022847,0.470588235294,0.786197569093,0.41766745858,2.25,1.88235294118,0.786197569093,2.25,0.166339869281,0.0612244897959,3,0.00441176470588,0.185952380952,17,17,17,1,0,0.352941176471,0.411764705882,0.235294117647,17,0.128676470588,1.90196078431,4.11764705882,3.18181818182,2.69230769231,1.57648156274,0.382859808093,0.201680672269,2.01465221053,0.978545359402,0.524369747899,1.74894926439,0.849489642704,0.463865546218,0.814492905316,0.428238537847,2.33333333333,1.90196078431,0.814492905316,2.33333333333,0,0,0,0,0.164242424242,17,17,17,1,0,0.352941176471,0.411764705882,0.235294117647,17,37,0.136029411765,1.88235294118,4.35294117647,3.36363636364,2.84615384615,1.69341284359,0.389027274878,0.193958664547,2.09866904602,0.964253345467,0.518282988871,1.87867287326,0.863174022847,0.470588235294,0.786197569093,0.41766745858,2.25,1.88235294118,0.786197569093,2.25,0.166339869281,0.0612244897959,3,0.00441176470588,0.185952380952,17,17,17,1,0,0.352941176471,0.411764705882,0.235294117647,0,0,0,0,0,0,0,0,0,0,0,0,0,0,0,0,0,0,0,0,0,0,0,0,0,0,0,0,0,37,0,0,235,1,1,0,0,1,1,1,1,1,1,2,2,0,0,0,0
2598,WLNM_dir_neg,1,0.5,00:00:01,10,60,39,1984532212,threshold_sweep,0.6,1,1,1,2,0,0,4,1,1,0,0,1,1,1,1,0.555555555556,1,1,1,37,35,2,0,37,0,35,0,2,17,37,0.136029411765,1.88235294118,4.35294117647,3.36363636364,2.84615384615,1.69341284359,0.389027274878,0.193958664547,2.09866904602,0.964253345467,0.518282988871,1.87867287326,0.863174022847,0.470588235294,0.786197569093,0.41766745858,2.25,1.88235294118,0.786197569093,2.25,0.166339869281,0.0612244897959,3,0.00441176470588,0.185952380952,17,17,17,1,0,0.352941176471,0.411764705882,0.235294117647,17,0.128676470588,1.90196078431,4.11764705882,3.18181818182,2.69230769231,1.57648156274,0.382859808093,0.201680672269,2.01465221053,0.978545359402,0.524369747899,1.74894926439,0.849489642704,0.463865546218,0.814492905316,0.428238537847,2.33333333333,1.90196078431,0.814492905316,2.33333333333,0,0,0,0,0.164242424242,17,17,17,1,0,0.352941176471,0.411764705882,0.235294117647,17,37,0.136029411765,1.88235294118,4.35294117647,3.36363636364,2.84615384615,1.69341284359,0.389027274878,0.193958664547,2.09866904602,0.964253345467,0.518282988871,1.87867287326,0.863174022847,0.470588235294,0.786197569093,0.41766745858,2.25,1.88235294118,0.786197569093,2.25,0.166339869281,0.0612244897959,3,0.00441176470588,0.185952380952,17,17,17,1,0,0.352941176471,0.411764705882,0.235294117647,0,0,0,0,0,0,0,0,0,0,0,0,0,0,0,0,0,0,0,0,0,0,0,0,0,0,0,0,0,37,0,0,235,1,1,0,0,1,1,1,1,1,1,2,2,0,0,0,0
2599,WLNM_dir_neg,1,0.5,00:00:01,10,60,39,1984532212,threshold_sweep,0.7,1,1,1,2,0,0,4,1,1,0,0,1,1,1,1,0.555555555556,1,1,1,37,35,2,0,37,0,35,0,2,17,37,0.136029411765,1.88235294118,4.35294117647,3.36363636364,2.84615384615,1.69341284359,0.389027274878,0.193958664547,2.09866904602,0.964253345467,0.518282988871,1.87867287326,0.863174022847,0.470588235294,0.786197569093,0.41766745858,2.25,1.88235294118,0.786197569093,2.25,0.166339869281,0.0612244897959,3,0.00441176470588,0.185952380952,17,17,17,1,0,0.352941176471,0.411764705882,0.235294117647,17,0.128676470588,1.90196078431,4.11764705882,3.18181818182,2.69230769231,1.57648156274,0.382859808093,0.201680672269,2.01465221053,0.978545359402,0.524369747899,1.74894926439,0.849489642704,0.463865546218,0.814492905316,0.428238537847,2.33333333333,1.90196078431,0.814492905316,2.33333333333,0,0,0,0,0.164242424242,17,17,17,1,0,0.352941176471,0.411764705882,0.235294117647,17,37,0.136029411765,1.88235294118,4.35294117647,3.36363636364,2.84615384615,1.69341284359,0.389027274878,0.193958664547,2.09866904602,0.964253345467,0.518282988871,1.87867287326,0.863174022847,0.470588235294,0.786197569093,0.41766745858,2.25,1.88235294118,0.786197569093,2.25,0.166339869281,0.0612244897959,3,0.00441176470588,0.185952380952,17,17,17,1,0,0.352941176471,0.411764705882,0.235294117647,0,0,0,0,0,0,0,0,0,0,0,0,0,0,0,0,0,0,0,0,0,0,0,0,0,0,0,0,0,37,0,0,235,1,1,0,0,1,1,1,1,1,1,2,2,0,0,0,0
2600,WLNM_dir_neg,1,0.5,00:00:01,10,60,39,1984532212,threshold_sweep,0.8,1,1,1,2,0,0,4,1,1,0,0,1,1,1,1,0.555555555556,1,1,1,37,35,2,0,37,0,35,0,2,17,37,0.136029411765,1.88235294118,4.35294117647,3.36363636364,2.84615384615,1.69341284359,0.389027274878,0.193958664547,2.09866904602,0.964253345467,0.518282988871,1.87867287326,0.863174022847,0.470588235294,0.786197569093,0.41766745858,2.25,1.88235294118,0.786197569093,2.25,0.166339869281,0.0612244897959,3,0.00441176470588,0.185952380952,17,17,17,1,0,0.352941176471,0.411764705882,0.235294117647,17,0.128676470588,1.90196078431,4.11764705882,3.18181818182,2.69230769231,1.57648156274,0.382859808093,0.201680672269,2.01465221053,0.978545359402,0.524369747899,1.74894926439,0.849489642704,0.463865546218,0.814492905316,0.428238537847,2.33333333333,1.90196078431,0.814492905316,2.33333333333,0,0,0,0,0.164242424242,17,17,17,1,0,0.352941176471,0.411764705882,0.235294117647,17,37,0.136029411765,1.88235294118,4.35294117647,3.36363636364,2.84615384615,1.69341284359,0.389027274878,0.193958664547,2.09866904602,0.964253345467,0.518282988871,1.87867287326,0.863174022847,0.470588235294,0.786197569093,0.41766745858,2.25,1.88235294118,0.786197569093,2.25,0.166339869281,0.0612244897959,3,0.00441176470588,0.185952380952,17,17,17,1,0,0.352941176471,0.411764705882,0.235294117647,0,0,0,0,0,0,0,0,0,0,0,0,0,0,0,0,0,0,0,0,0,0,0,0,0,0,0,0,0,37,0,0,235,1,1,0,0,1,1,1,1,1,1,2,2,0,0,0,0
2601,WLNM_dir_neg,1,0.5,00:00:01,10,60,39,1984532212,threshold_sweep,0.9,1,1,1,2,0,0,4,1,1,0,0,1,1,1,1,0.555555555556,1,1,1,37,35,2,0,37,0,35,0,2,17,37,0.136029411765,1.88235294118,4.35294117647,3.36363636364,2.84615384615,1.69341284359,0.389027274878,0.193958664547,2.09866904602,0.964253345467,0.518282988871,1.87867287326,0.863174022847,0.470588235294,0.786197569093,0.41766745858,2.25,1.88235294118,0.786197569093,2.25,0.166339869281,0.0612244897959,3,0.00441176470588,0.185952380952,17,17,17,1,0,0.352941176471,0.411764705882,0.235294117647,17,0.128676470588,1.90196078431,4.11764705882,3.18181818182,2.69230769231,1.57648156274,0.382859808093,0.201680672269,2.01465221053,0.978545359402,0.524369747899,1.74894926439,0.849489642704,0.463865546218,0.814492905316,0.428238537847,2.33333333333,1.90196078431,0.814492905316,2.33333333333,0,0,0,0,0.164242424242,17,17,17,1,0,0.352941176471,0.411764705882,0.235294117647,17,37,0.136029411765,1.88235294118,4.35294117647,3.36363636364,2.84615384615,1.69341284359,0.389027274878,0.193958664547,2.09866904602,0.964253345467,0.518282988871,1.87867287326,0.863174022847,0.470588235294,0.786197569093,0.41766745858,2.25,1.88235294118,0.786197569093,2.25,0.166339869281,0.0612244897959,3,0.00441176470588,0.185952380952,17,17,17,1,0,0.352941176471,0.411764705882,0.235294117647,0,0,0,0,0,0,0,0,0,0,0,0,0,0,0,0,0,0,0,0,0,0,0,0,0,0,0,0,0,37,0,0,235,1,1,0,0,1,1,1,1,1,1,2,2,0,0,0,0
2602,WLNM_dir_neg,1,0.5,00:00:01,10,60,40,1984532213,threshold_sweep,0.1,0.5,1,0.666666666667,2,2,0,2,1,0.5,0.5,0,0.5,1,0.666666666667,0.666666666667,0.444444444444,0.4,0.5,0.5,37,35,2,0,37,0,35,0,2,17,37,0.136029411765,1.88235294118,4.35294117647,3.36363636364,2.84615384615,1.69341284359,0.389027274878,0.193958664547,2.09866904602,0.964253345467,0.518282988871,1.87867287326,0.863174022847,0.470588235294,0.786197569093,0.41766745858,2.25,1.88235294118,0.786197569093,2.25,0.166339869281,0.0612244897959,3,0.00441176470588,0.185952380952,17,17,17,1,0,0.352941176471,0.411764705882,0.235294117647,17,0.128676470588,1.90196078431,4.11764705882,3.18181818182,2.69230769231,1.57648156274,0.382859808093,0.201680672269,2.01465221053,0.978545359402,0.524369747899,1.74894926439,0.849489642704,0.463865546218,0.814492905316,0.428238537847,2.33333333333,1.90196078431,0.814492905316,2.33333333333,0,0,0,0,0.164242424242,17,17,17,1,0,0.352941176471,0.411764705882,0.235294117647,17,39,0.143382352941,2.00049019608,4.58823529412,3.25,2.78571428571,1.69774937525,0.370022299735,0.191553544495,2.14373231428,0.934447419046,0.506787330317,1.92888263907,0.840794996516,0.455505279035,0.812630708441,0.406215791526,2.35,2.00049019608,0.812630708441,2.35,0.20522875817,0.110429447853,6,0.00882352941176,0.189953102453,17,17,17,1,0,0.294117647059,0.529411764706,0.176470588235,2,0.00735294117647,0.118137254902,0.235294117647,-0.113636363636,-0.0604395604396,0.00433653166789,-0.019004975143,-0.00240512005218,0.0450632682653,-0.0298059264211,-0.0114956585545,0.0502097658116,-0.0223790263307,-0.0150829562594,0.026433139348,-0.0114516670541,0.1,0.118137254902,0.026433139348,0.1,0.0388888888889,0.0492049580568,3,0.00441176470588,0.00400072150072,-0.0588235294118,0.117647058824,-0.0588235294118,37,2,0,233,1,0.991489361702,0.00851063829787,0,0.948717948718,1,0.973684210526,0.969867905134,0.991489361702,0.948717948718,4,2,0,0,0,0
2603,WLNM_dir_neg,1,0.5,00:00:01,10,60,40,1984532213,threshold_sweep,0.2,0.5,1,0.666666666667,2,2,0,2,1,0.5,0.5,0,0.5,1,0.666666666667,0.666666666667,0.444444444444,0.4,0.5,0.5,37,35,2,0,37,0,35,0,2,17,37,0.136029411765,1.88235294118,4.35294117647,3.36363636364,2.84615384615,1.69341284359,0.389027274878,0.193958664547,2.09866904602,0.964253345467,0.518282988871,1.87867287326,0.863174022847,0.470588235294,0.786197569093,0.41766745858,2.25,1.88235294118,0.786197569093,2.25,0.166339869281,0.0612244897959,3,0.00441176470588,0.185952380952,17,17,17,1,0,0.352941176471,0.411764705882,0.235294117647,17,0.128676470588,1.90196078431,4.11764705882,3.18181818182,2.69230769231,1.57648156274,0.382859808093,0.201680672269,2.01465221053,0.978545359402,0.524369747899,1.74894926439,0.849489642704,0.463865546218,0.814492905316,0.428238537847,2.33333333333,1.90196078431,0.814492905316,2.33333333333,0,0,0,0,0.164242424242,17,17,17,1,0,0.352941176471,0.411764705882,0.235294117647,17,39,0.143382352941,2.00049019608,4.58823529412,3.25,2.78571428571,1.69774937525,0.370022299735,0.191553544495,2.14373231428,0.934447419046,0.506787330317,1.92888263907,0.840794996516,0.455505279035,0.812630708441,0.406215791526,2.35,2.00049019608,0.812630708441,2.35,0.20522875817,0.110429447853,6,0.00882352941176,0.189953102453,17,17,17,1,0,0.294117647059,0.529411764706,0.176470588235,2,0.00735294117647,0.118137254902,0.235294117647,-0.113636363636,-0.0604395604396,0.00433653166789,-0.019004975143,-0.00240512005218,0.0450632682653,-0.0298059264211,-0.0114956585545,0.0502097658116,-0.0223790263307,-0.0150829562594,0.026433139348,-0.0114516670541,0.1,0.118137254902,0.026433139348,0.1,0.0388888888889,0.0492049580568,3,0.00441176470588,0.00400072150072,-0.0588235294118,0.117647058824,-0.0588235294118,37,2,0,233,1,0.991489361702,0.00851063829787,0,0.948717948718,1,0.973684210526,0.969867905134,0.991489361702,0.948717948718,4,2,0,0,0,0
2604,WLNM_dir_neg,1,0.5,00:00:01,10,60,40,1984532213,threshold_sweep,0.3,0.5,1,0.666666666667,2,2,0,2,1,0.5,0.5,0,0.5,1,0.666666666667,0.666666666667,0.444444444444,0.4,0.5,0.5,37,35,2,0,37,0,35,0,2,17,37,0.136029411765,1.88235294118,4.35294117647,3.36363636364,2.84615384615,1.69341284359,0.389027274878,0.193958664547,2.09866904602,0.964253345467,0.518282988871,1.87867287326,0.863174022847,0.470588235294,0.786197569093,0.41766745858,2.25,1.88235294118,0.786197569093,2.25,0.166339869281,0.0612244897959,3,0.00441176470588,0.185952380952,17,17,17,1,0,0.352941176471,0.411764705882,0.235294117647,17,0.128676470588,1.90196078431,4.11764705882,3.18181818182,2.69230769231,1.57648156274,0.382859808093,0.201680672269,2.01465221053,0.978545359402,0.524369747899,1.74894926439,0.849489642704,0.463865546218,0.814492905316,0.428238537847,2.33333333333,1.90196078431,0.814492905316,2.33333333333,0,0,0,0,0.164242424242,17,17,17,1,0,0.352941176471,0.411764705882,0.235294117647,17,39,0.143382352941,2.00049019608,4.58823529412,3.25,2.78571428571,1.69774937525,0.370022299735,0.191553544495,2.14373231428,0.934447419046,0.506787330317,1.92888263907,0.840794996516,0.455505279035,0.812630708441,0.406215791526,2.35,2.00049019608,0.812630708441,2.35,0.20522875817,0.110429447853,6,0.00882352941176,0.189953102453,17,17,17,1,0,0.294117647059,0.529411764706,0.176470588235,2,0.00735294117647,0.118137254902,0.235294117647,-0.113636363636,-0.0604395604396,0.00433653166789,-0.019004975143,-0.00240512005218,0.0450632682653,-0.0298059264211,-0.0114956585545,0.0502097658116,-0.0223790263307,-0.0150829562594,0.026433139348,-0.0114516670541,0.1,0.118137254902,0.026433139348,0.1,0.0388888888889,0.0492049580568,3,0.00441176470588,0.00400072150072,-0.0588235294118,0.117647058824,-0.0588235294118,37,2,0,233,1,0.991489361702,0.00851063829787,0,0.948717948718,1,0.973684210526,0.969867905134,0.991489361702,0.948717948718,4,2,0,0,0,0
2605,WLNM_dir_neg,1,0.5,00:00:01,10,60,40,1984532213,threshold_sweep,0.4,0.5,1,0.666666666667,2,2,0,2,1,0.5,0.5,0,0.5,1,0.666666666667,0.666666666667,0.444444444444,0.4,0.5,0.5,37,35,2,0,37,0,35,0,2,17,37,0.136029411765,1.88235294118,4.35294117647,3.36363636364,2.84615384615,1.69341284359,0.389027274878,0.193958664547,2.09866904602,0.964253345467,0.518282988871,1.87867287326,0.863174022847,0.470588235294,0.786197569093,0.41766745858,2.25,1.88235294118,0.786197569093,2.25,0.166339869281,0.0612244897959,3,0.00441176470588,0.185952380952,17,17,17,1,0,0.352941176471,0.411764705882,0.235294117647,17,0.128676470588,1.90196078431,4.11764705882,3.18181818182,2.69230769231,1.57648156274,0.382859808093,0.201680672269,2.01465221053,0.978545359402,0.524369747899,1.74894926439,0.849489642704,0.463865546218,0.814492905316,0.428238537847,2.33333333333,1.90196078431,0.814492905316,2.33333333333,0,0,0,0,0.164242424242,17,17,17,1,0,0.352941176471,0.411764705882,0.235294117647,17,39,0.143382352941,2.00049019608,4.58823529412,3.25,2.78571428571,1.69774937525,0.370022299735,0.191553544495,2.14373231428,0.934447419046,0.506787330317,1.92888263907,0.840794996516,0.455505279035,0.812630708441,0.406215791526,2.35,2.00049019608,0.812630708441,2.35,0.20522875817,0.110429447853,6,0.00882352941176,0.189953102453,17,17,17,1,0,0.294117647059,0.529411764706,0.176470588235,2,0.00735294117647,0.118137254902,0.235294117647,-0.113636363636,-0.0604395604396,0.00433653166789,-0.019004975143,-0.00240512005218,0.0450632682653,-0.0298059264211,-0.0114956585545,0.0502097658116,-0.0223790263307,-0.0150829562594,0.026433139348,-0.0114516670541,0.1,0.118137254902,0.026433139348,0.1,0.0388888888889,0.0492049580568,3,0.00441176470588,0.00400072150072,-0.0588235294118,0.117647058824,-0.0588235294118,37,2,0,233,1,0.991489361702,0.00851063829787,0,0.948717948718,1,0.973684210526,0.969867905134,0.991489361702,0.948717948718,4,2,0,0,0,0
2606,WLNM_dir_neg,1,0.5,00:00:01,10,60,40,1984532213,threshold_sweep,0.5,0.5,1,0.666666666667,2,2,0,2,1,0.5,0.5,0,0.5,1,0.666666666667,0.666666666667,0.444444444444,0.4,0.5,0.5,37,35,2,0,37,0,35,0,2,17,37,0.136029411765,1.88235294118,4.35294117647,3.36363636364,2.84615384615,1.69341284359,0.389027274878,0.193958664547,2.09866904602,0.964253345467,0.518282988871,1.87867287326,0.863174022847,0.470588235294,0.786197569093,0.41766745858,2.25,1.88235294118,0.786197569093,2.25,0.166339869281,0.0612244897959,3,0.00441176470588,0.185952380952,17,17,17,1,0,0.352941176471,0.411764705882,0.235294117647,17,0.128676470588,1.90196078431,4.11764705882,3.18181818182,2.69230769231,1.57648156274,0.382859808093,0.201680672269,2.01465221053,0.978545359402,0.524369747899,1.74894926439,0.849489642704,0.463865546218,0.814492905316,0.428238537847,2.33333333333,1.90196078431,0.814492905316,2.33333333333,0,0,0,0,0.164242424242,17,17,17,1,0,0.352941176471,0.411764705882,0.235294117647,17,39,0.143382352941,2.00049019608,4.58823529412,3.25,2.78571428571,1.69774937525,0.370022299735,0.191553544495,2.14373231428,0.934447419046,0.506787330317,1.92888263907,0.840794996516,0.455505279035,0.812630708441,0.406215791526,2.35,2.00049019608,0.812630708441,2.35,0.20522875817,0.110429447853,6,0.00882352941176,0.189953102453,17,17,17,1,0,0.294117647059,0.529411764706,0.176470588235,2,0.00735294117647,0.118137254902,0.235294117647,-0.113636363636,-0.0604395604396,0.00433653166789,-0.019004975143,-0.00240512005218,0.0450632682653,-0.0298059264211,-0.0114956585545,0.0502097658116,-0.0223790263307,-0.0150829562594,0.026433139348,-0.0114516670541,0.1,0.118137254902,0.026433139348,0.1,0.0388888888889,0.0492049580568,3,0.00441176470588,0.00400072150072,-0.0588235294118,0.117647058824,-0.0588235294118,37,2,0,233,1,0.991489361702,0.00851063829787,0,0.948717948718,1,0.973684210526,0.969867905134,0.991489361702,0.948717948718,4,2,0,0,0,0
2607,WLNM_dir_neg,1,0.5,00:00:01,10,60,40,1984532213,threshold_sweep,0.6,0.5,1,0.666666666667,2,2,0,2,1,0.5,0.5,0,0.5,1,0.666666666667,0.666666666667,0.444444444444,0.4,0.5,0.5,37,35,2,0,37,0,35,0,2,17,37,0.136029411765,1.88235294118,4.35294117647,3.36363636364,2.84615384615,1.69341284359,0.389027274878,0.193958664547,2.09866904602,0.964253345467,0.518282988871,1.87867287326,0.863174022847,0.470588235294,0.786197569093,0.41766745858,2.25,1.88235294118,0.786197569093,2.25,0.166339869281,0.0612244897959,3,0.00441176470588,0.185952380952,17,17,17,1,0,0.352941176471,0.411764705882,0.235294117647,17,0.128676470588,1.90196078431,4.11764705882,3.18181818182,2.69230769231,1.57648156274,0.382859808093,0.201680672269,2.01465221053,0.978545359402,0.524369747899,1.74894926439,0.849489642704,0.463865546218,0.814492905316,0.428238537847,2.33333333333,1.90196078431,0.814492905316,2.33333333333,0,0,0,0,0.164242424242,17,17,17,1,0,0.352941176471,0.411764705882,0.235294117647,17,39,0.143382352941,2.00049019608,4.58823529412,3.25,2.78571428571,1.69774937525,0.370022299735,0.191553544495,2.14373231428,0.934447419046,0.506787330317,1.92888263907,0.840794996516,0.455505279035,0.812630708441,0.406215791526,2.35,2.00049019608,0.812630708441,2.35,0.20522875817,0.110429447853,6,0.00882352941176,0.189953102453,17,17,17,1,0,0.294117647059,0.529411764706,0.176470588235,2,0.00735294117647,0.118137254902,0.235294117647,-0.113636363636,-0.0604395604396,0.00433653166789,-0.019004975143,-0.00240512005218,0.0450632682653,-0.0298059264211,-0.0114956585545,0.0502097658116,-0.0223790263307,-0.0150829562594,0.026433139348,-0.0114516670541,0.1,0.118137254902,0.026433139348,0.1,0.0388888888889,0.0492049580568,3,0.00441176470588,0.00400072150072,-0.0588235294118,0.117647058824,-0.0588235294118,37,2,0,233,1,0.991489361702,0.00851063829787,0,0.948717948718,1,0.973684210526,0.969867905134,0.991489361702,0.948717948718,4,2,0,0,0,0
2608,WLNM_dir_neg,1,0.5,00:00:01,10,60,40,1984532213,threshold_sweep,0.7,0.5,1,0.666666666667,2,2,0,2,1,0.5,0.5,0,0.5,1,0.666666666667,0.666666666667,0.444444444444,0.4,0.5,0.5,37,35,2,0,37,0,35,0,2,17,37,0.136029411765,1.88235294118,4.35294117647,3.36363636364,2.84615384615,1.69341284359,0.389027274878,0.193958664547,2.09866904602,0.964253345467,0.518282988871,1.87867287326,0.863174022847,0.470588235294,0.786197569093,0.41766745858,2.25,1.88235294118,0.786197569093,2.25,0.166339869281,0.0612244897959,3,0.00441176470588,0.185952380952,17,17,17,1,0,0.352941176471,0.411764705882,0.235294117647,17,0.128676470588,1.90196078431,4.11764705882,3.18181818182,2.69230769231,1.57648156274,0.382859808093,0.201680672269,2.01465221053,0.978545359402,0.524369747899,1.74894926439,0.849489642704,0.463865546218,0.814492905316,0.428238537847,2.33333333333,1.90196078431,0.814492905316,2.33333333333,0,0,0,0,0.164242424242,17,17,17,1,0,0.352941176471,0.411764705882,0.235294117647,17,39,0.143382352941,2.00049019608,4.58823529412,3.25,2.78571428571,1.69774937525,0.370022299735,0.191553544495,2.14373231428,0.934447419046,0.506787330317,1.92888263907,0.840794996516,0.455505279035,0.812630708441,0.406215791526,2.35,2.00049019608,0.812630708441,2.35,0.20522875817,0.110429447853,6,0.00882352941176,0.189953102453,17,17,17,1,0,0.294117647059,0.529411764706,0.176470588235,2,0.00735294117647,0.118137254902,0.235294117647,-0.113636363636,-0.0604395604396,0.00433653166789,-0.019004975143,-0.00240512005218,0.0450632682653,-0.0298059264211,-0.0114956585545,0.0502097658116,-0.0223790263307,-0.0150829562594,0.026433139348,-0.0114516670541,0.1,0.118137254902,0.026433139348,0.1,0.0388888888889,0.0492049580568,3,0.00441176470588,0.00400072150072,-0.0588235294118,0.117647058824,-0.0588235294118,37,2,0,233,1,0.991489361702,0.00851063829787,0,0.948717948718,1,0.973684210526,0.969867905134,0.991489361702,0.948717948718,4,2,0,0,0,0
2609,WLNM_dir_neg,1,0.5,00:00:01,10,60,40,1984532213,threshold_sweep,0.8,0.5,1,0.666666666667,2,2,0,2,1,0.5,0.5,0,0.5,1,0.666666666667,0.666666666667,0.444444444444,0.4,0.5,0.5,37,35,2,0,37,0,35,0,2,17,37,0.136029411765,1.88235294118,4.35294117647,3.36363636364,2.84615384615,1.69341284359,0.389027274878,0.193958664547,2.09866904602,0.964253345467,0.518282988871,1.87867287326,0.863174022847,0.470588235294,0.786197569093,0.41766745858,2.25,1.88235294118,0.786197569093,2.25,0.166339869281,0.0612244897959,3,0.00441176470588,0.185952380952,17,17,17,1,0,0.352941176471,0.411764705882,0.235294117647,17,0.128676470588,1.90196078431,4.11764705882,3.18181818182,2.69230769231,1.57648156274,0.382859808093,0.201680672269,2.01465221053,0.978545359402,0.524369747899,1.74894926439,0.849489642704,0.463865546218,0.814492905316,0.428238537847,2.33333333333,1.90196078431,0.814492905316,2.33333333333,0,0,0,0,0.164242424242,17,17,17,1,0,0.352941176471,0.411764705882,0.235294117647,17,39,0.143382352941,2.00049019608,4.58823529412,3.25,2.78571428571,1.69774937525,0.370022299735,0.191553544495,2.14373231428,0.934447419046,0.506787330317,1.92888263907,0.840794996516,0.455505279035,0.812630708441,0.406215791526,2.35,2.00049019608,0.812630708441,2.35,0.20522875817,0.110429447853,6,0.00882352941176,0.189953102453,17,17,17,1,0,0.294117647059,0.529411764706,0.176470588235,2,0.00735294117647,0.118137254902,0.235294117647,-0.113636363636,-0.0604395604396,0.00433653166789,-0.019004975143,-0.00240512005218,0.0450632682653,-0.0298059264211,-0.0114956585545,0.0502097658116,-0.0223790263307,-0.0150829562594,0.026433139348,-0.0114516670541,0.1,0.118137254902,0.026433139348,0.1,0.0388888888889,0.0492049580568,3,0.00441176470588,0.00400072150072,-0.0588235294118,0.117647058824,-0.0588235294118,37,2,0,233,1,0.991489361702,0.00851063829787,0,0.948717948718,1,0.973684210526,0.969867905134,0.991489361702,0.948717948718,4,2,0,0,0,0
2610,WLNM_dir_neg,1,0.5,00:00:01,10,60,40,1984532213,threshold_sweep,0.9,0.5,1,0.666666666667,2,2,0,2,1,0.5,0.5,0,0.5,1,0.666666666667,0.666666666667,0.444444444444,0.4,0.5,0.5,37,35,2,0,37,0,35,0,2,17,37,0.136029411765,1.88235294118,4.35294117647,3.36363636364,2.84615384615,1.69341284359,0.389027274878,0.193958664547,2.09866904602,0.964253345467,0.518282988871,1.87867287326,0.863174022847,0.470588235294,0.786197569093,0.41766745858,2.25,1.88235294118,0.786197569093,2.25,0.166339869281,0.0612244897959,3,0.00441176470588,0.185952380952,17,17,17,1,0,0.352941176471,0.411764705882,0.235294117647,17,0.128676470588,1.90196078431,4.11764705882,3.18181818182,2.69230769231,1.57648156274,0.382859808093,0.201680672269,2.01465221053,0.978545359402,0.524369747899,1.74894926439,0.849489642704,0.463865546218,0.814492905316,0.428238537847,2.33333333333,1.90196078431,0.814492905316,2.33333333333,0,0,0,0,0.164242424242,17,17,17,1,0,0.352941176471,0.411764705882,0.235294117647,17,39,0.143382352941,2.00049019608,4.58823529412,3.25,2.78571428571,1.69774937525,0.370022299735,0.191553544495,2.14373231428,0.934447419046,0.506787330317,1.92888263907,0.840794996516,0.455505279035,0.812630708441,0.406215791526,2.35,2.00049019608,0.812630708441,2.35,0.20522875817,0.110429447853,6,0.00882352941176,0.189953102453,17,17,17,1,0,0.294117647059,0.529411764706,0.176470588235,2,0.00735294117647,0.118137254902,0.235294117647,-0.113636363636,-0.0604395604396,0.00433653166789,-0.019004975143,-0.00240512005218,0.0450632682653,-0.0298059264211,-0.0114956585545,0.0502097658116,-0.0223790263307,-0.0150829562594,0.026433139348,-0.0114516670541,0.1,0.118137254902,0.026433139348,0.1,0.0388888888889,0.0492049580568,3,0.00441176470588,0.00400072150072,-0.0588235294118,0.117647058824,-0.0588235294118,37,2,0,233,1,0.991489361702,0.00851063829787,0,0.948717948718,1,0.973684210526,0.969867905134,0.991489361702,0.948717948718,4,2,0,0,0,0
2611,WLNM_dir_neg,1,0.5,00:00:01,10,60,41,1984532214,threshold_sweep,0.1,1,1,1,2,0,0,4,1,1,0,0,1,1,1,1,0.555555555556,1,1,1,37,35,2,0,37,0,35,0,2,17,37,0.136029411765,1.88235294118,4.35294117647,3.36363636364,2.84615384615,1.69341284359,0.389027274878,0.193958664547,2.09866904602,0.964253345467,0.518282988871,1.87867287326,0.863174022847,0.470588235294,0.786197569093,0.41766745858,2.25,1.88235294118,0.786197569093,2.25,0.166339869281,0.0612244897959,3,0.00441176470588,0.185952380952,17,17,17,1,0,0.352941176471,0.411764705882,0.235294117647,17,0.128676470588,1.90196078431,4.11764705882,3.18181818182,2.69230769231,1.57648156274,0.382859808093,0.201680672269,2.01465221053,0.978545359402,0.524369747899,1.74894926439,0.849489642704,0.463865546218,0.814492905316,0.428238537847,2.33333333333,1.90196078431,0.814492905316,2.33333333333,0,0,0,0,0.164242424242,17,17,17,1,0,0.352941176471,0.411764705882,0.235294117647,17,37,0.136029411765,1.88235294118,4.35294117647,3.36363636364,2.84615384615,1.69341284359,0.389027274878,0.193958664547,2.09866904602,0.964253345467,0.518282988871,1.87867287326,0.863174022847,0.470588235294,0.786197569093,0.41766745858,2.25,1.88235294118,0.786197569093,2.25,0.166339869281,0.0612244897959,3,0.00441176470588,0.185952380952,17,17,17,1,0,0.352941176471,0.411764705882,0.235294117647,0,0,0,0,0,0,0,0,0,0,0,0,0,0,0,0,0,0,0,0,0,0,0,0,0,0,0,0,0,37,0,0,235,1,1,0,0,1,1,1,1,1,1,2,2,0,0,0,0
2612,WLNM_dir_neg,1,0.5,00:00:01,10,60,41,1984532214,threshold_sweep,0.2,1,1,1,2,0,0,4,1,1,0,0,1,1,1,1,0.555555555556,1,1,1,37,35,2,0,37,0,35,0,2,17,37,0.136029411765,1.88235294118,4.35294117647,3.36363636364,2.84615384615,1.69341284359,0.389027274878,0.193958664547,2.09866904602,0.964253345467,0.518282988871,1.87867287326,0.863174022847,0.470588235294,0.786197569093,0.41766745858,2.25,1.88235294118,0.786197569093,2.25,0.166339869281,0.0612244897959,3,0.00441176470588,0.185952380952,17,17,17,1,0,0.352941176471,0.411764705882,0.235294117647,17,0.128676470588,1.90196078431,4.11764705882,3.18181818182,2.69230769231,1.57648156274,0.382859808093,0.201680672269,2.01465221053,0.978545359402,0.524369747899,1.74894926439,0.849489642704,0.463865546218,0.814492905316,0.428238537847,2.33333333333,1.90196078431,0.814492905316,2.33333333333,0,0,0,0,0.164242424242,17,17,17,1,0,0.352941176471,0.411764705882,0.235294117647,17,37,0.136029411765,1.88235294118,4.35294117647,3.36363636364,2.84615384615,1.69341284359,0.389027274878,0.193958664547,2.09866904602,0.964253345467,0.518282988871,1.87867287326,0.863174022847,0.470588235294,0.786197569093,0.41766745858,2.25,1.88235294118,0.786197569093,2.25,0.166339869281,0.0612244897959,3,0.00441176470588,0.185952380952,17,17,17,1,0,0.352941176471,0.411764705882,0.235294117647,0,0,0,0,0,0,0,0,0,0,0,0,0,0,0,0,0,0,0,0,0,0,0,0,0,0,0,0,0,37,0,0,235,1,1,0,0,1,1,1,1,1,1,2,2,0,0,0,0
2613,WLNM_dir_neg,1,0.5,00:00:01,10,60,41,1984532214,threshold_sweep,0.3,1,1,1,2,0,0,4,1,1,0,0,1,1,1,1,0.555555555556,1,1,1,37,35,2,0,37,0,35,0,2,17,37,0.136029411765,1.88235294118,4.35294117647,3.36363636364,2.84615384615,1.69341284359,0.389027274878,0.193958664547,2.09866904602,0.964253345467,0.518282988871,1.87867287326,0.863174022847,0.470588235294,0.786197569093,0.41766745858,2.25,1.88235294118,0.786197569093,2.25,0.166339869281,0.0612244897959,3,0.00441176470588,0.185952380952,17,17,17,1,0,0.352941176471,0.411764705882,0.235294117647,17,0.128676470588,1.90196078431,4.11764705882,3.18181818182,2.69230769231,1.57648156274,0.382859808093,0.201680672269,2.01465221053,0.978545359402,0.524369747899,1.74894926439,0.849489642704,0.463865546218,0.814492905316,0.428238537847,2.33333333333,1.90196078431,0.814492905316,2.33333333333,0,0,0,0,0.164242424242,17,17,17,1,0,0.352941176471,0.411764705882,0.235294117647,17,37,0.136029411765,1.88235294118,4.35294117647,3.36363636364,2.84615384615,1.69341284359,0.389027274878,0.193958664547,2.09866904602,0.964253345467,0.518282988871,1.87867287326,0.863174022847,0.470588235294,0.786197569093,0.41766745858,2.25,1.88235294118,0.786197569093,2.25,0.166339869281,0.0612244897959,3,0.00441176470588,0.185952380952,17,17,17,1,0,0.352941176471,0.411764705882,0.235294117647,0,0,0,0,0,0,0,0,0,0,0,0,0,0,0,0,0,0,0,0,0,0,0,0,0,0,0,0,0,37,0,0,235,1,1,0,0,1,1,1,1,1,1,2,2,0,0,0,0
2614,WLNM_dir_neg,1,0.5,00:00:01,10,60,41,1984532214,threshold_sweep,0.4,1,1,1,2,0,0,4,1,1,0,0,1,1,1,1,0.555555555556,1,1,1,37,35,2,0,37,0,35,0,2,17,37,0.136029411765,1.88235294118,4.35294117647,3.36363636364,2.84615384615,1.69341284359,0.389027274878,0.193958664547,2.09866904602,0.964253345467,0.518282988871,1.87867287326,0.863174022847,0.470588235294,0.786197569093,0.41766745858,2.25,1.88235294118,0.786197569093,2.25,0.166339869281,0.0612244897959,3,0.00441176470588,0.185952380952,17,17,17,1,0,0.352941176471,0.411764705882,0.235294117647,17,0.128676470588,1.90196078431,4.11764705882,3.18181818182,2.69230769231,1.57648156274,0.382859808093,0.201680672269,2.01465221053,0.978545359402,0.524369747899,1.74894926439,0.849489642704,0.463865546218,0.814492905316,0.428238537847,2.33333333333,1.90196078431,0.814492905316,2.33333333333,0,0,0,0,0.164242424242,17,17,17,1,0,0.352941176471,0.411764705882,0.235294117647,17,37,0.136029411765,1.88235294118,4.35294117647,3.36363636364,2.84615384615,1.69341284359,0.389027274878,0.193958664547,2.09866904602,0.964253345467,0.518282988871,1.87867287326,0.863174022847,0.470588235294,0.786197569093,0.41766745858,2.25,1.88235294118,0.786197569093,2.25,0.166339869281,0.0612244897959,3,0.00441176470588,0.185952380952,17,17,17,1,0,0.352941176471,0.411764705882,0.235294117647,0,0,0,0,0,0,0,0,0,0,0,0,0,0,0,0,0,0,0,0,0,0,0,0,0,0,0,0,0,37,0,0,235,1,1,0,0,1,1,1,1,1,1,2,2,0,0,0,0
2615,WLNM_dir_neg,1,0.5,00:00:01,10,60,41,1984532214,threshold_sweep,0.5,1,1,1,2,0,0,4,1,1,0,0,1,1,1,1,0.555555555556,1,1,1,37,35,2,0,37,0,35,0,2,17,37,0.136029411765,1.88235294118,4.35294117647,3.36363636364,2.84615384615,1.69341284359,0.389027274878,0.193958664547,2.09866904602,0.964253345467,0.518282988871,1.87867287326,0.863174022847,0.470588235294,0.786197569093,0.41766745858,2.25,1.88235294118,0.786197569093,2.25,0.166339869281,0.0612244897959,3,0.00441176470588,0.185952380952,17,17,17,1,0,0.352941176471,0.411764705882,0.235294117647,17,0.128676470588,1.90196078431,4.11764705882,3.18181818182,2.69230769231,1.57648156274,0.382859808093,0.201680672269,2.01465221053,0.978545359402,0.524369747899,1.74894926439,0.849489642704,0.463865546218,0.814492905316,0.428238537847,2.33333333333,1.90196078431,0.814492905316,2.33333333333,0,0,0,0,0.164242424242,17,17,17,1,0,0.352941176471,0.411764705882,0.235294117647,17,37,0.136029411765,1.88235294118,4.35294117647,3.36363636364,2.84615384615,1.69341284359,0.389027274878,0.193958664547,2.09866904602,0.964253345467,0.518282988871,1.87867287326,0.863174022847,0.470588235294,0.786197569093,0.41766745858,2.25,1.88235294118,0.786197569093,2.25,0.166339869281,0.0612244897959,3,0.00441176470588,0.185952380952,17,17,17,1,0,0.352941176471,0.411764705882,0.235294117647,0,0,0,0,0,0,0,0,0,0,0,0,0,0,0,0,0,0,0,0,0,0,0,0,0,0,0,0,0,37,0,0,235,1,1,0,0,1,1,1,1,1,1,2,2,0,0,0,0
2616,WLNM_dir_neg,1,0.5,00:00:01,10,60,41,1984532214,threshold_sweep,0.6,1,1,1,2,0,0,4,1,1,0,0,1,1,1,1,0.555555555556,1,1,1,37,35,2,0,37,0,35,0,2,17,37,0.136029411765,1.88235294118,4.35294117647,3.36363636364,2.84615384615,1.69341284359,0.389027274878,0.193958664547,2.09866904602,0.964253345467,0.518282988871,1.87867287326,0.863174022847,0.470588235294,0.786197569093,0.41766745858,2.25,1.88235294118,0.786197569093,2.25,0.166339869281,0.0612244897959,3,0.00441176470588,0.185952380952,17,17,17,1,0,0.352941176471,0.411764705882,0.235294117647,17,0.128676470588,1.90196078431,4.11764705882,3.18181818182,2.69230769231,1.57648156274,0.382859808093,0.201680672269,2.01465221053,0.978545359402,0.524369747899,1.74894926439,0.849489642704,0.463865546218,0.814492905316,0.428238537847,2.33333333333,1.90196078431,0.814492905316,2.33333333333,0,0,0,0,0.164242424242,17,17,17,1,0,0.352941176471,0.411764705882,0.235294117647,17,37,0.136029411765,1.88235294118,4.35294117647,3.36363636364,2.84615384615,1.69341284359,0.389027274878,0.193958664547,2.09866904602,0.964253345467,0.518282988871,1.87867287326,0.863174022847,0.470588235294,0.786197569093,0.41766745858,2.25,1.88235294118,0.786197569093,2.25,0.166339869281,0.0612244897959,3,0.00441176470588,0.185952380952,17,17,17,1,0,0.352941176471,0.411764705882,0.235294117647,0,0,0,0,0,0,0,0,0,0,0,0,0,0,0,0,0,0,0,0,0,0,0,0,0,0,0,0,0,37,0,0,235,1,1,0,0,1,1,1,1,1,1,2,2,0,0,0,0
2617,WLNM_dir_neg,1,0.5,00:00:01,10,60,41,1984532214,threshold_sweep,0.7,1,1,1,2,0,0,4,1,1,0,0,1,1,1,1,0.555555555556,1,1,1,37,35,2,0,37,0,35,0,2,17,37,0.136029411765,1.88235294118,4.35294117647,3.36363636364,2.84615384615,1.69341284359,0.389027274878,0.193958664547,2.09866904602,0.964253345467,0.518282988871,1.87867287326,0.863174022847,0.470588235294,0.786197569093,0.41766745858,2.25,1.88235294118,0.786197569093,2.25,0.166339869281,0.0612244897959,3,0.00441176470588,0.185952380952,17,17,17,1,0,0.352941176471,0.411764705882,0.235294117647,17,0.128676470588,1.90196078431,4.11764705882,3.18181818182,2.69230769231,1.57648156274,0.382859808093,0.201680672269,2.01465221053,0.978545359402,0.524369747899,1.74894926439,0.849489642704,0.463865546218,0.814492905316,0.428238537847,2.33333333333,1.90196078431,0.814492905316,2.33333333333,0,0,0,0,0.164242424242,17,17,17,1,0,0.352941176471,0.411764705882,0.235294117647,17,37,0.136029411765,1.88235294118,4.35294117647,3.36363636364,2.84615384615,1.69341284359,0.389027274878,0.193958664547,2.09866904602,0.964253345467,0.518282988871,1.87867287326,0.863174022847,0.470588235294,0.786197569093,0.41766745858,2.25,1.88235294118,0.786197569093,2.25,0.166339869281,0.0612244897959,3,0.00441176470588,0.185952380952,17,17,17,1,0,0.352941176471,0.411764705882,0.235294117647,0,0,0,0,0,0,0,0,0,0,0,0,0,0,0,0,0,0,0,0,0,0,0,0,0,0,0,0,0,37,0,0,235,1,1,0,0,1,1,1,1,1,1,2,2,0,0,0,0
2618,WLNM_dir_neg,1,0.5,00:00:01,10,60,41,1984532214,threshold_sweep,0.8,1,1,1,2,0,0,4,1,1,0,0,1,1,1,1,0.555555555556,1,1,1,37,35,2,0,37,0,35,0,2,17,37,0.136029411765,1.88235294118,4.35294117647,3.36363636364,2.84615384615,1.69341284359,0.389027274878,0.193958664547,2.09866904602,0.964253345467,0.518282988871,1.87867287326,0.863174022847,0.470588235294,0.786197569093,0.41766745858,2.25,1.88235294118,0.786197569093,2.25,0.166339869281,0.0612244897959,3,0.00441176470588,0.185952380952,17,17,17,1,0,0.352941176471,0.411764705882,0.235294117647,17,0.128676470588,1.90196078431,4.11764705882,3.18181818182,2.69230769231,1.57648156274,0.382859808093,0.201680672269,2.01465221053,0.978545359402,0.524369747899,1.74894926439,0.849489642704,0.463865546218,0.814492905316,0.428238537847,2.33333333333,1.90196078431,0.814492905316,2.33333333333,0,0,0,0,0.164242424242,17,17,17,1,0,0.352941176471,0.411764705882,0.235294117647,17,37,0.136029411765,1.88235294118,4.35294117647,3.36363636364,2.84615384615,1.69341284359,0.389027274878,0.193958664547,2.09866904602,0.964253345467,0.518282988871,1.87867287326,0.863174022847,0.470588235294,0.786197569093,0.41766745858,2.25,1.88235294118,0.786197569093,2.25,0.166339869281,0.0612244897959,3,0.00441176470588,0.185952380952,17,17,17,1,0,0.352941176471,0.411764705882,0.235294117647,0,0,0,0,0,0,0,0,0,0,0,0,0,0,0,0,0,0,0,0,0,0,0,0,0,0,0,0,0,37,0,0,235,1,1,0,0,1,1,1,1,1,1,2,2,0,0,0,0
2619,WLNM_dir_neg,1,0.5,00:00:01,10,60,41,1984532214,threshold_sweep,0.9,1,1,1,2,0,0,4,1,1,0,0,1,1,1,1,0.555555555556,1,1,1,37,35,2,0,37,0,35,0,2,17,37,0.136029411765,1.88235294118,4.35294117647,3.36363636364,2.84615384615,1.69341284359,0.389027274878,0.193958664547,2.09866904602,0.964253345467,0.518282988871,1.87867287326,0.863174022847,0.470588235294,0.786197569093,0.41766745858,2.25,1.88235294118,0.786197569093,2.25,0.166339869281,0.0612244897959,3,0.00441176470588,0.185952380952,17,17,17,1,0,0.352941176471,0.411764705882,0.235294117647,17,0.128676470588,1.90196078431,4.11764705882,3.18181818182,2.69230769231,1.57648156274,0.382859808093,0.201680672269,2.01465221053,0.978545359402,0.524369747899,1.74894926439,0.849489642704,0.463865546218,0.814492905316,0.428238537847,2.33333333333,1.90196078431,0.814492905316,2.33333333333,0,0,0,0,0.164242424242,17,17,17,1,0,0.352941176471,0.411764705882,0.235294117647,17,37,0.136029411765,1.88235294118,4.35294117647,3.36363636364,2.84615384615,1.69341284359,0.389027274878,0.193958664547,2.09866904602,0.964253345467,0.518282988871,1.87867287326,0.863174022847,0.470588235294,0.786197569093,0.41766745858,2.25,1.88235294118,0.786197569093,2.25,0.166339869281,0.0612244897959,3,0.00441176470588,0.185952380952,17,17,17,1,0,0.352941176471,0.411764705882,0.235294117647,0,0,0,0,0,0,0,0,0,0,0,0,0,0,0,0,0,0,0,0,0,0,0,0,0,0,0,0,0,37,0,0,235,1,1,0,0,1,1,1,1,1,1,2,2,0,0,0,0
2620,WLNM_dir_neg,1,0.5,00:00:01,10,60,42,1984532215,threshold_sweep,0.1,0.666666666667,1,0.8,2,1,0,3,1,0.75,0.25,0,0.666666666667,1,0.8,0.833333333333,0.5,0.666666666667,0.707106781187,0.75,37,35,2,0,37,0,35,0,2,17,37,0.136029411765,1.88235294118,4.35294117647,3.36363636364,2.84615384615,1.69341284359,0.389027274878,0.193958664547,2.09866904602,0.964253345467,0.518282988871,1.87867287326,0.863174022847,0.470588235294,0.786197569093,0.41766745858,2.25,1.88235294118,0.786197569093,2.25,0.166339869281,0.0612244897959,3,0.00441176470588,0.185952380952,17,17,17,1,0,0.352941176471,0.411764705882,0.235294117647,17,0.128676470588,1.90196078431,4.11764705882,3.18181818182,2.69230769231,1.57648156274,0.382859808093,0.201680672269,2.01465221053,0.978545359402,0.524369747899,1.74894926439,0.849489642704,0.463865546218,0.814492905316,0.428238537847,2.33333333333,1.90196078431,0.814492905316,2.33333333333,0,0,0,0,0.164242424242,17,17,17,1,0,0.352941176471,0.411764705882,0.235294117647,17,38,0.139705882353,1.91911764706,4.47058823529,3.45454545455,2.71428571429,1.66274047354,0.371928790134,0.188854489164,2.07754096725,0.929426222189,0.501547987616,1.82103719638,0.814674535221,0.442724458204,0.851172418076,0.443522792561,2.5,1.91911764706,0.851172418076,2.5,0.152287581699,0.0779220779221,4,0.00588235294118,0.183528138528,17,17,17,1,0,0.352941176471,0.470588235294,0.176470588235,1,0.00367647058824,0.0367647058824,0.117647058824,0.0909090909091,-0.131868131868,-0.030672370045,-0.0170984847437,-0.00510417538281,-0.0211280787694,-0.0348271232775,-0.0167350012551,-0.0576356768785,-0.0484994876259,-0.0278637770898,0.0649748489839,0.0258553339805,0.25,0.0367647058824,0.0649748489839,0.25,-0.0140522875817,0.0166975881262,1,0.00147058823529,-0.00242424242424,0,0.0588235294118,-0.0588235294118,37,1,0,234,1,0.995744680851,0.00425531914894,0,0.973684210526,1,0.986666666667,0.984652666406,0.995744680851,0.973684210526,3,2,0,0,0,0
2621,WLNM_dir_neg,1,0.5,00:00:01,10,60,42,1984532215,threshold_sweep,0.2,0.666666666667,1,0.8,2,1,0,3,1,0.75,0.25,0,0.666666666667,1,0.8,0.833333333333,0.5,0.666666666667,0.707106781187,0.75,37,35,2,0,37,0,35,0,2,17,37,0.136029411765,1.88235294118,4.35294117647,3.36363636364,2.84615384615,1.69341284359,0.389027274878,0.193958664547,2.09866904602,0.964253345467,0.518282988871,1.87867287326,0.863174022847,0.470588235294,0.786197569093,0.41766745858,2.25,1.88235294118,0.786197569093,2.25,0.166339869281,0.0612244897959,3,0.00441176470588,0.185952380952,17,17,17,1,0,0.352941176471,0.411764705882,0.235294117647,17,0.128676470588,1.90196078431,4.11764705882,3.18181818182,2.69230769231,1.57648156274,0.382859808093,0.201680672269,2.01465221053,0.978545359402,0.524369747899,1.74894926439,0.849489642704,0.463865546218,0.814492905316,0.428238537847,2.33333333333,1.90196078431,0.814492905316,2.33333333333,0,0,0,0,0.164242424242,17,17,17,1,0,0.352941176471,0.411764705882,0.235294117647,17,38,0.139705882353,1.91911764706,4.47058823529,3.45454545455,2.71428571429,1.66274047354,0.371928790134,0.188854489164,2.07754096725,0.929426222189,0.501547987616,1.82103719638,0.814674535221,0.442724458204,0.851172418076,0.443522792561,2.5,1.91911764706,0.851172418076,2.5,0.152287581699,0.0779220779221,4,0.00588235294118,0.183528138528,17,17,17,1,0,0.352941176471,0.470588235294,0.176470588235,1,0.00367647058824,0.0367647058824,0.117647058824,0.0909090909091,-0.131868131868,-0.030672370045,-0.0170984847437,-0.00510417538281,-0.0211280787694,-0.0348271232775,-0.0167350012551,-0.0576356768785,-0.0484994876259,-0.0278637770898,0.0649748489839,0.0258553339805,0.25,0.0367647058824,0.0649748489839,0.25,-0.0140522875817,0.0166975881262,1,0.00147058823529,-0.00242424242424,0,0.0588235294118,-0.0588235294118,37,1,0,234,1,0.995744680851,0.00425531914894,0,0.973684210526,1,0.986666666667,0.984652666406,0.995744680851,0.973684210526,3,2,0,0,0,0
2622,WLNM_dir_neg,1,0.5,00:00:01,10,60,42,1984532215,threshold_sweep,0.3,0.666666666667,1,0.8,2,1,0,3,1,0.75,0.25,0,0.666666666667,1,0.8,0.833333333333,0.5,0.666666666667,0.707106781187,0.75,37,35,2,0,37,0,35,0,2,17,37,0.136029411765,1.88235294118,4.35294117647,3.36363636364,2.84615384615,1.69341284359,0.389027274878,0.193958664547,2.09866904602,0.964253345467,0.518282988871,1.87867287326,0.863174022847,0.470588235294,0.786197569093,0.41766745858,2.25,1.88235294118,0.786197569093,2.25,0.166339869281,0.0612244897959,3,0.00441176470588,0.185952380952,17,17,17,1,0,0.352941176471,0.411764705882,0.235294117647,17,0.128676470588,1.90196078431,4.11764705882,3.18181818182,2.69230769231,1.57648156274,0.382859808093,0.201680672269,2.01465221053,0.978545359402,0.524369747899,1.74894926439,0.849489642704,0.463865546218,0.814492905316,0.428238537847,2.33333333333,1.90196078431,0.814492905316,2.33333333333,0,0,0,0,0.164242424242,17,17,17,1,0,0.352941176471,0.411764705882,0.235294117647,17,38,0.139705882353,1.91911764706,4.47058823529,3.45454545455,2.71428571429,1.66274047354,0.371928790134,0.188854489164,2.07754096725,0.929426222189,0.501547987616,1.82103719638,0.814674535221,0.442724458204,0.851172418076,0.443522792561,2.5,1.91911764706,0.851172418076,2.5,0.152287581699,0.0779220779221,4,0.00588235294118,0.183528138528,17,17,17,1,0,0.352941176471,0.470588235294,0.176470588235,1,0.00367647058824,0.0367647058824,0.117647058824,0.0909090909091,-0.131868131868,-0.030672370045,-0.0170984847437,-0.00510417538281,-0.0211280787694,-0.0348271232775,-0.0167350012551,-0.0576356768785,-0.0484994876259,-0.0278637770898,0.0649748489839,0.0258553339805,0.25,0.0367647058824,0.0649748489839,0.25,-0.0140522875817,0.0166975881262,1,0.00147058823529,-0.00242424242424,0,0.0588235294118,-0.0588235294118,37,1,0,234,1,0.995744680851,0.00425531914894,0,0.973684210526,1,0.986666666667,0.984652666406,0.995744680851,0.973684210526,3,2,0,0,0,0
2623,WLNM_dir_neg,1,0.5,00:00:01,10,60,42,1984532215,threshold_sweep,0.4,0.666666666667,1,0.8,2,1,0,3,1,0.75,0.25,0,0.666666666667,1,0.8,0.833333333333,0.5,0.666666666667,0.707106781187,0.75,37,35,2,0,37,0,35,0,2,17,37,0.136029411765,1.88235294118,4.35294117647,3.36363636364,2.84615384615,1.69341284359,0.389027274878,0.193958664547,2.09866904602,0.964253345467,0.518282988871,1.87867287326,0.863174022847,0.470588235294,0.786197569093,0.41766745858,2.25,1.88235294118,0.786197569093,2.25,0.166339869281,0.0612244897959,3,0.00441176470588,0.185952380952,17,17,17,1,0,0.352941176471,0.411764705882,0.235294117647,17,0.128676470588,1.90196078431,4.11764705882,3.18181818182,2.69230769231,1.57648156274,0.382859808093,0.201680672269,2.01465221053,0.978545359402,0.524369747899,1.74894926439,0.849489642704,0.463865546218,0.814492905316,0.428238537847,2.33333333333,1.90196078431,0.814492905316,2.33333333333,0,0,0,0,0.164242424242,17,17,17,1,0,0.352941176471,0.411764705882,0.235294117647,17,38,0.139705882353,1.91911764706,4.47058823529,3.45454545455,2.71428571429,1.66274047354,0.371928790134,0.188854489164,2.07754096725,0.929426222189,0.501547987616,1.82103719638,0.814674535221,0.442724458204,0.851172418076,0.443522792561,2.5,1.91911764706,0.851172418076,2.5,0.152287581699,0.0779220779221,4,0.00588235294118,0.183528138528,17,17,17,1,0,0.352941176471,0.470588235294,0.176470588235,1,0.00367647058824,0.0367647058824,0.117647058824,0.0909090909091,-0.131868131868,-0.030672370045,-0.0170984847437,-0.00510417538281,-0.0211280787694,-0.0348271232775,-0.0167350012551,-0.0576356768785,-0.0484994876259,-0.0278637770898,0.0649748489839,0.0258553339805,0.25,0.0367647058824,0.0649748489839,0.25,-0.0140522875817,0.0166975881262,1,0.00147058823529,-0.00242424242424,0,0.0588235294118,-0.0588235294118,37,1,0,234,1,0.995744680851,0.00425531914894,0,0.973684210526,1,0.986666666667,0.984652666406,0.995744680851,0.973684210526,3,2,0,0,0,0
2624,WLNM_dir_neg,1,0.5,00:00:01,10,60,42,1984532215,threshold_sweep,0.5,0.666666666667,1,0.8,2,1,0,3,1,0.75,0.25,0,0.666666666667,1,0.8,0.833333333333,0.5,0.666666666667,0.707106781187,0.75,37,35,2,0,37,0,35,0,2,17,37,0.136029411765,1.88235294118,4.35294117647,3.36363636364,2.84615384615,1.69341284359,0.389027274878,0.193958664547,2.09866904602,0.964253345467,0.518282988871,1.87867287326,0.863174022847,0.470588235294,0.786197569093,0.41766745858,2.25,1.88235294118,0.786197569093,2.25,0.166339869281,0.0612244897959,3,0.00441176470588,0.185952380952,17,17,17,1,0,0.352941176471,0.411764705882,0.235294117647,17,0.128676470588,1.90196078431,4.11764705882,3.18181818182,2.69230769231,1.57648156274,0.382859808093,0.201680672269,2.01465221053,0.978545359402,0.524369747899,1.74894926439,0.849489642704,0.463865546218,0.814492905316,0.428238537847,2.33333333333,1.90196078431,0.814492905316,2.33333333333,0,0,0,0,0.164242424242,17,17,17,1,0,0.352941176471,0.411764705882,0.235294117647,17,38,0.139705882353,1.91911764706,4.47058823529,3.45454545455,2.71428571429,1.66274047354,0.371928790134,0.188854489164,2.07754096725,0.929426222189,0.501547987616,1.82103719638,0.814674535221,0.442724458204,0.851172418076,0.443522792561,2.5,1.91911764706,0.851172418076,2.5,0.152287581699,0.0779220779221,4,0.00588235294118,0.183528138528,17,17,17,1,0,0.352941176471,0.470588235294,0.176470588235,1,0.00367647058824,0.0367647058824,0.117647058824,0.0909090909091,-0.131868131868,-0.030672370045,-0.0170984847437,-0.00510417538281,-0.0211280787694,-0.0348271232775,-0.0167350012551,-0.0576356768785,-0.0484994876259,-0.0278637770898,0.0649748489839,0.0258553339805,0.25,0.0367647058824,0.0649748489839,0.25,-0.0140522875817,0.0166975881262,1,0.00147058823529,-0.00242424242424,0,0.0588235294118,-0.0588235294118,37,1,0,234,1,0.995744680851,0.00425531914894,0,0.973684210526,1,0.986666666667,0.984652666406,0.995744680851,0.973684210526,3,2,0,0,0,0
2625,WLNM_dir_neg,1,0.5,00:00:01,10,60,42,1984532215,threshold_sweep,0.6,0.666666666667,1,0.8,2,1,0,3,1,0.75,0.25,0,0.666666666667,1,0.8,0.833333333333,0.5,0.666666666667,0.707106781187,0.75,37,35,2,0,37,0,35,0,2,17,37,0.136029411765,1.88235294118,4.35294117647,3.36363636364,2.84615384615,1.69341284359,0.389027274878,0.193958664547,2.09866904602,0.964253345467,0.518282988871,1.87867287326,0.863174022847,0.470588235294,0.786197569093,0.41766745858,2.25,1.88235294118,0.786197569093,2.25,0.166339869281,0.0612244897959,3,0.00441176470588,0.185952380952,17,17,17,1,0,0.352941176471,0.411764705882,0.235294117647,17,0.128676470588,1.90196078431,4.11764705882,3.18181818182,2.69230769231,1.57648156274,0.382859808093,0.201680672269,2.01465221053,0.978545359402,0.524369747899,1.74894926439,0.849489642704,0.463865546218,0.814492905316,0.428238537847,2.33333333333,1.90196078431,0.814492905316,2.33333333333,0,0,0,0,0.164242424242,17,17,17,1,0,0.352941176471,0.411764705882,0.235294117647,17,38,0.139705882353,1.91911764706,4.47058823529,3.45454545455,2.71428571429,1.66274047354,0.371928790134,0.188854489164,2.07754096725,0.929426222189,0.501547987616,1.82103719638,0.814674535221,0.442724458204,0.851172418076,0.443522792561,2.5,1.91911764706,0.851172418076,2.5,0.152287581699,0.0779220779221,4,0.00588235294118,0.183528138528,17,17,17,1,0,0.352941176471,0.470588235294,0.176470588235,1,0.00367647058824,0.0367647058824,0.117647058824,0.0909090909091,-0.131868131868,-0.030672370045,-0.0170984847437,-0.00510417538281,-0.0211280787694,-0.0348271232775,-0.0167350012551,-0.0576356768785,-0.0484994876259,-0.0278637770898,0.0649748489839,0.0258553339805,0.25,0.0367647058824,0.0649748489839,0.25,-0.0140522875817,0.0166975881262,1,0.00147058823529,-0.00242424242424,0,0.0588235294118,-0.0588235294118,37,1,0,234,1,0.995744680851,0.00425531914894,0,0.973684210526,1,0.986666666667,0.984652666406,0.995744680851,0.973684210526,3,2,0,0,0,0
2626,WLNM_dir_neg,1,0.5,00:00:01,10,60,42,1984532215,threshold_sweep,0.7,0.666666666667,1,0.8,2,1,0,3,1,0.75,0.25,0,0.666666666667,1,0.8,0.833333333333,0.5,0.666666666667,0.707106781187,0.75,37,35,2,0,37,0,35,0,2,17,37,0.136029411765,1.88235294118,4.35294117647,3.36363636364,2.84615384615,1.69341284359,0.389027274878,0.193958664547,2.09866904602,0.964253345467,0.518282988871,1.87867287326,0.863174022847,0.470588235294,0.786197569093,0.41766745858,2.25,1.88235294118,0.786197569093,2.25,0.166339869281,0.0612244897959,3,0.00441176470588,0.185952380952,17,17,17,1,0,0.352941176471,0.411764705882,0.235294117647,17,0.128676470588,1.90196078431,4.11764705882,3.18181818182,2.69230769231,1.57648156274,0.382859808093,0.201680672269,2.01465221053,0.978545359402,0.524369747899,1.74894926439,0.849489642704,0.463865546218,0.814492905316,0.428238537847,2.33333333333,1.90196078431,0.814492905316,2.33333333333,0,0,0,0,0.164242424242,17,17,17,1,0,0.352941176471,0.411764705882,0.235294117647,17,38,0.139705882353,1.91911764706,4.47058823529,3.45454545455,2.71428571429,1.66274047354,0.371928790134,0.188854489164,2.07754096725,0.929426222189,0.501547987616,1.82103719638,0.814674535221,0.442724458204,0.851172418076,0.443522792561,2.5,1.91911764706,0.851172418076,2.5,0.152287581699,0.0779220779221,4,0.00588235294118,0.183528138528,17,17,17,1,0,0.352941176471,0.470588235294,0.176470588235,1,0.00367647058824,0.0367647058824,0.117647058824,0.0909090909091,-0.131868131868,-0.030672370045,-0.0170984847437,-0.00510417538281,-0.0211280787694,-0.0348271232775,-0.0167350012551,-0.0576356768785,-0.0484994876259,-0.0278637770898,0.0649748489839,0.0258553339805,0.25,0.0367647058824,0.0649748489839,0.25,-0.0140522875817,0.0166975881262,1,0.00147058823529,-0.00242424242424,0,0.0588235294118,-0.0588235294118,37,1,0,234,1,0.995744680851,0.00425531914894,0,0.973684210526,1,0.986666666667,0.984652666406,0.995744680851,0.973684210526,3,2,0,0,0,0
2627,WLNM_dir_neg,1,0.5,00:00:01,10,60,42,1984532215,threshold_sweep,0.8,0.666666666667,1,0.8,2,1,0,3,1,0.75,0.25,0,0.666666666667,1,0.8,0.833333333333,0.5,0.666666666667,0.707106781187,0.75,37,35,2,0,37,0,35,0,2,17,37,0.136029411765,1.88235294118,4.35294117647,3.36363636364,2.84615384615,1.69341284359,0.389027274878,0.193958664547,2.09866904602,0.964253345467,0.518282988871,1.87867287326,0.863174022847,0.470588235294,0.786197569093,0.41766745858,2.25,1.88235294118,0.786197569093,2.25,0.166339869281,0.0612244897959,3,0.00441176470588,0.185952380952,17,17,17,1,0,0.352941176471,0.411764705882,0.235294117647,17,0.128676470588,1.90196078431,4.11764705882,3.18181818182,2.69230769231,1.57648156274,0.382859808093,0.201680672269,2.01465221053,0.978545359402,0.524369747899,1.74894926439,0.849489642704,0.463865546218,0.814492905316,0.428238537847,2.33333333333,1.90196078431,0.814492905316,2.33333333333,0,0,0,0,0.164242424242,17,17,17,1,0,0.352941176471,0.411764705882,0.235294117647,17,38,0.139705882353,1.91911764706,4.47058823529,3.45454545455,2.71428571429,1.66274047354,0.371928790134,0.188854489164,2.07754096725,0.929426222189,0.501547987616,1.82103719638,0.814674535221,0.442724458204,0.851172418076,0.443522792561,2.5,1.91911764706,0.851172418076,2.5,0.152287581699,0.0779220779221,4,0.00588235294118,0.183528138528,17,17,17,1,0,0.352941176471,0.470588235294,0.176470588235,1,0.00367647058824,0.0367647058824,0.117647058824,0.0909090909091,-0.131868131868,-0.030672370045,-0.0170984847437,-0.00510417538281,-0.0211280787694,-0.0348271232775,-0.0167350012551,-0.0576356768785,-0.0484994876259,-0.0278637770898,0.0649748489839,0.0258553339805,0.25,0.0367647058824,0.0649748489839,0.25,-0.0140522875817,0.0166975881262,1,0.00147058823529,-0.00242424242424,0,0.0588235294118,-0.0588235294118,37,1,0,234,1,0.995744680851,0.00425531914894,0,0.973684210526,1,0.986666666667,0.984652666406,0.995744680851,0.973684210526,3,2,0,0,0,0
2628,WLNM_dir_neg,1,0.5,00:00:01,10,60,42,1984532215,threshold_sweep,0.9,0.666666666667,1,0.8,2,1,0,3,1,0.75,0.25,0,0.666666666667,1,0.8,0.833333333333,0.5,0.666666666667,0.707106781187,0.75,37,35,2,0,37,0,35,0,2,17,37,0.136029411765,1.88235294118,4.35294117647,3.36363636364,2.84615384615,1.69341284359,0.389027274878,0.193958664547,2.09866904602,0.964253345467,0.518282988871,1.87867287326,0.863174022847,0.470588235294,0.786197569093,0.41766745858,2.25,1.88235294118,0.786197569093,2.25,0.166339869281,0.0612244897959,3,0.00441176470588,0.185952380952,17,17,17,1,0,0.352941176471,0.411764705882,0.235294117647,17,0.128676470588,1.90196078431,4.11764705882,3.18181818182,2.69230769231,1.57648156274,0.382859808093,0.201680672269,2.01465221053,0.978545359402,0.524369747899,1.74894926439,0.849489642704,0.463865546218,0.814492905316,0.428238537847,2.33333333333,1.90196078431,0.814492905316,2.33333333333,0,0,0,0,0.164242424242,17,17,17,1,0,0.352941176471,0.411764705882,0.235294117647,17,38,0.139705882353,1.91911764706,4.47058823529,3.45454545455,2.71428571429,1.66274047354,0.371928790134,0.188854489164,2.07754096725,0.929426222189,0.501547987616,1.82103719638,0.814674535221,0.442724458204,0.851172418076,0.443522792561,2.5,1.91911764706,0.851172418076,2.5,0.152287581699,0.0779220779221,4,0.00588235294118,0.183528138528,17,17,17,1,0,0.352941176471,0.470588235294,0.176470588235,1,0.00367647058824,0.0367647058824,0.117647058824,0.0909090909091,-0.131868131868,-0.030672370045,-0.0170984847437,-0.00510417538281,-0.0211280787694,-0.0348271232775,-0.0167350012551,-0.0576356768785,-0.0484994876259,-0.0278637770898,0.0649748489839,0.0258553339805,0.25,0.0367647058824,0.0649748489839,0.25,-0.0140522875817,0.0166975881262,1,0.00147058823529,-0.00242424242424,0,0.0588235294118,-0.0588235294118,37,1,0,234,1,0.995744680851,0.00425531914894,0,0.973684210526,1,0.986666666667,0.984652666406,0.995744680851,0.973684210526,3,2,0,0,0,0
2629,WLNM_dir_neg,1,0.5,00:00:01,10,60,43,1984532216,threshold_sweep,0.1,1,1,1,2,0,0,4,1,1,0,0,1,1,1,1,0.555555555556,1,1,1,37,35,2,0,37,0,35,0,2,17,37,0.136029411765,1.88235294118,4.35294117647,3.36363636364,2.84615384615,1.69341284359,0.389027274878,0.193958664547,2.09866904602,0.964253345467,0.518282988871,1.87867287326,0.863174022847,0.470588235294,0.786197569093,0.41766745858,2.25,1.88235294118,0.786197569093,2.25,0.166339869281,0.0612244897959,3,0.00441176470588,0.185952380952,17,17,17,1,0,0.352941176471,0.411764705882,0.235294117647,17,0.128676470588,1.90196078431,4.11764705882,3.18181818182,2.69230769231,1.57648156274,0.382859808093,0.201680672269,2.01465221053,0.978545359402,0.524369747899,1.74894926439,0.849489642704,0.463865546218,0.814492905316,0.428238537847,2.33333333333,1.90196078431,0.814492905316,2.33333333333,0,0,0,0,0.164242424242,17,17,17,1,0,0.352941176471,0.411764705882,0.235294117647,17,37,0.136029411765,1.88235294118,4.35294117647,3.36363636364,2.84615384615,1.69341284359,0.389027274878,0.193958664547,2.09866904602,0.964253345467,0.518282988871,1.87867287326,0.863174022847,0.470588235294,0.786197569093,0.41766745858,2.25,1.88235294118,0.786197569093,2.25,0.166339869281,0.0612244897959,3,0.00441176470588,0.185952380952,17,17,17,1,0,0.352941176471,0.411764705882,0.235294117647,0,0,0,0,0,0,0,0,0,0,0,0,0,0,0,0,0,0,0,0,0,0,0,0,0,0,0,0,0,37,0,0,235,1,1,0,0,1,1,1,1,1,1,2,2,0,0,0,0
2630,WLNM_dir_neg,1,0.5,00:00:01,10,60,43,1984532216,threshold_sweep,0.2,1,1,1,2,0,0,4,1,1,0,0,1,1,1,1,0.555555555556,1,1,1,37,35,2,0,37,0,35,0,2,17,37,0.136029411765,1.88235294118,4.35294117647,3.36363636364,2.84615384615,1.69341284359,0.389027274878,0.193958664547,2.09866904602,0.964253345467,0.518282988871,1.87867287326,0.863174022847,0.470588235294,0.786197569093,0.41766745858,2.25,1.88235294118,0.786197569093,2.25,0.166339869281,0.0612244897959,3,0.00441176470588,0.185952380952,17,17,17,1,0,0.352941176471,0.411764705882,0.235294117647,17,0.128676470588,1.90196078431,4.11764705882,3.18181818182,2.69230769231,1.57648156274,0.382859808093,0.201680672269,2.01465221053,0.978545359402,0.524369747899,1.74894926439,0.849489642704,0.463865546218,0.814492905316,0.428238537847,2.33333333333,1.90196078431,0.814492905316,2.33333333333,0,0,0,0,0.164242424242,17,17,17,1,0,0.352941176471,0.411764705882,0.235294117647,17,37,0.136029411765,1.88235294118,4.35294117647,3.36363636364,2.84615384615,1.69341284359,0.389027274878,0.193958664547,2.09866904602,0.964253345467,0.518282988871,1.87867287326,0.863174022847,0.470588235294,0.786197569093,0.41766745858,2.25,1.88235294118,0.786197569093,2.25,0.166339869281,0.0612244897959,3,0.00441176470588,0.185952380952,17,17,17,1,0,0.352941176471,0.411764705882,0.235294117647,0,0,0,0,0,0,0,0,0,0,0,0,0,0,0,0,0,0,0,0,0,0,0,0,0,0,0,0,0,37,0,0,235,1,1,0,0,1,1,1,1,1,1,2,2,0,0,0,0
2631,WLNM_dir_neg,1,0.5,00:00:01,10,60,43,1984532216,threshold_sweep,0.3,1,1,1,2,0,0,4,1,1,0,0,1,1,1,1,0.555555555556,1,1,1,37,35,2,0,37,0,35,0,2,17,37,0.136029411765,1.88235294118,4.35294117647,3.36363636364,2.84615384615,1.69341284359,0.389027274878,0.193958664547,2.09866904602,0.964253345467,0.518282988871,1.87867287326,0.863174022847,0.470588235294,0.786197569093,0.41766745858,2.25,1.88235294118,0.786197569093,2.25,0.166339869281,0.0612244897959,3,0.00441176470588,0.185952380952,17,17,17,1,0,0.352941176471,0.411764705882,0.235294117647,17,0.128676470588,1.90196078431,4.11764705882,3.18181818182,2.69230769231,1.57648156274,0.382859808093,0.201680672269,2.01465221053,0.978545359402,0.524369747899,1.74894926439,0.849489642704,0.463865546218,0.814492905316,0.428238537847,2.33333333333,1.90196078431,0.814492905316,2.33333333333,0,0,0,0,0.164242424242,17,17,17,1,0,0.352941176471,0.411764705882,0.235294117647,17,37,0.136029411765,1.88235294118,4.35294117647,3.36363636364,2.84615384615,1.69341284359,0.389027274878,0.193958664547,2.09866904602,0.964253345467,0.518282988871,1.87867287326,0.863174022847,0.470588235294,0.786197569093,0.41766745858,2.25,1.88235294118,0.786197569093,2.25,0.166339869281,0.0612244897959,3,0.00441176470588,0.185952380952,17,17,17,1,0,0.352941176471,0.411764705882,0.235294117647,0,0,0,0,0,0,0,0,0,0,0,0,0,0,0,0,0,0,0,0,0,0,0,0,0,0,0,0,0,37,0,0,235,1,1,0,0,1,1,1,1,1,1,2,2,0,0,0,0
2632,WLNM_dir_neg,1,0.5,00:00:01,10,60,43,1984532216,threshold_sweep,0.4,1,1,1,2,0,0,4,1,1,0,0,1,1,1,1,0.555555555556,1,1,1,37,35,2,0,37,0,35,0,2,17,37,0.136029411765,1.88235294118,4.35294117647,3.36363636364,2.84615384615,1.69341284359,0.389027274878,0.193958664547,2.09866904602,0.964253345467,0.518282988871,1.87867287326,0.863174022847,0.470588235294,0.786197569093,0.41766745858,2.25,1.88235294118,0.786197569093,2.25,0.166339869281,0.0612244897959,3,0.00441176470588,0.185952380952,17,17,17,1,0,0.352941176471,0.411764705882,0.235294117647,17,0.128676470588,1.90196078431,4.11764705882,3.18181818182,2.69230769231,1.57648156274,0.382859808093,0.201680672269,2.01465221053,0.978545359402,0.524369747899,1.74894926439,0.849489642704,0.463865546218,0.814492905316,0.428238537847,2.33333333333,1.90196078431,0.814492905316,2.33333333333,0,0,0,0,0.164242424242,17,17,17,1,0,0.352941176471,0.411764705882,0.235294117647,17,37,0.136029411765,1.88235294118,4.35294117647,3.36363636364,2.84615384615,1.69341284359,0.389027274878,0.193958664547,2.09866904602,0.964253345467,0.518282988871,1.87867287326,0.863174022847,0.470588235294,0.786197569093,0.41766745858,2.25,1.88235294118,0.786197569093,2.25,0.166339869281,0.0612244897959,3,0.00441176470588,0.185952380952,17,17,17,1,0,0.352941176471,0.411764705882,0.235294117647,0,0,0,0,0,0,0,0,0,0,0,0,0,0,0,0,0,0,0,0,0,0,0,0,0,0,0,0,0,37,0,0,235,1,1,0,0,1,1,1,1,1,1,2,2,0,0,0,0
2633,WLNM_dir_neg,1,0.5,00:00:01,10,60,43,1984532216,threshold_sweep,0.5,1,1,1,2,0,0,4,1,1,0,0,1,1,1,1,0.555555555556,1,1,1,37,35,2,0,37,0,35,0,2,17,37,0.136029411765,1.88235294118,4.35294117647,3.36363636364,2.84615384615,1.69341284359,0.389027274878,0.193958664547,2.09866904602,0.964253345467,0.518282988871,1.87867287326,0.863174022847,0.470588235294,0.786197569093,0.41766745858,2.25,1.88235294118,0.786197569093,2.25,0.166339869281,0.0612244897959,3,0.00441176470588,0.185952380952,17,17,17,1,0,0.352941176471,0.411764705882,0.235294117647,17,0.128676470588,1.90196078431,4.11764705882,3.18181818182,2.69230769231,1.57648156274,0.382859808093,0.201680672269,2.01465221053,0.978545359402,0.524369747899,1.74894926439,0.849489642704,0.463865546218,0.814492905316,0.428238537847,2.33333333333,1.90196078431,0.814492905316,2.33333333333,0,0,0,0,0.164242424242,17,17,17,1,0,0.352941176471,0.411764705882,0.235294117647,17,37,0.136029411765,1.88235294118,4.35294117647,3.36363636364,2.84615384615,1.69341284359,0.389027274878,0.193958664547,2.09866904602,0.964253345467,0.518282988871,1.87867287326,0.863174022847,0.470588235294,0.786197569093,0.41766745858,2.25,1.88235294118,0.786197569093,2.25,0.166339869281,0.0612244897959,3,0.00441176470588,0.185952380952,17,17,17,1,0,0.352941176471,0.411764705882,0.235294117647,0,0,0,0,0,0,0,0,0,0,0,0,0,0,0,0,0,0,0,0,0,0,0,0,0,0,0,0,0,37,0,0,235,1,1,0,0,1,1,1,1,1,1,2,2,0,0,0,0
2634,WLNM_dir_neg,1,0.5,00:00:01,10,60,43,1984532216,threshold_sweep,0.6,1,1,1,2,0,0,4,1,1,0,0,1,1,1,1,0.555555555556,1,1,1,37,35,2,0,37,0,35,0,2,17,37,0.136029411765,1.88235294118,4.35294117647,3.36363636364,2.84615384615,1.69341284359,0.389027274878,0.193958664547,2.09866904602,0.964253345467,0.518282988871,1.87867287326,0.863174022847,0.470588235294,0.786197569093,0.41766745858,2.25,1.88235294118,0.786197569093,2.25,0.166339869281,0.0612244897959,3,0.00441176470588,0.185952380952,17,17,17,1,0,0.352941176471,0.411764705882,0.235294117647,17,0.128676470588,1.90196078431,4.11764705882,3.18181818182,2.69230769231,1.57648156274,0.382859808093,0.201680672269,2.01465221053,0.978545359402,0.524369747899,1.74894926439,0.849489642704,0.463865546218,0.814492905316,0.428238537847,2.33333333333,1.90196078431,0.814492905316,2.33333333333,0,0,0,0,0.164242424242,17,17,17,1,0,0.352941176471,0.411764705882,0.235294117647,17,37,0.136029411765,1.88235294118,4.35294117647,3.36363636364,2.84615384615,1.69341284359,0.389027274878,0.193958664547,2.09866904602,0.964253345467,0.518282988871,1.87867287326,0.863174022847,0.470588235294,0.786197569093,0.41766745858,2.25,1.88235294118,0.786197569093,2.25,0.166339869281,0.0612244897959,3,0.00441176470588,0.185952380952,17,17,17,1,0,0.352941176471,0.411764705882,0.235294117647,0,0,0,0,0,0,0,0,0,0,0,0,0,0,0,0,0,0,0,0,0,0,0,0,0,0,0,0,0,37,0,0,235,1,1,0,0,1,1,1,1,1,1,2,2,0,0,0,0
2635,WLNM_dir_neg,1,0.5,00:00:01,10,60,43,1984532216,threshold_sweep,0.7,1,1,1,2,0,0,4,1,1,0,0,1,1,1,1,0.555555555556,1,1,1,37,35,2,0,37,0,35,0,2,17,37,0.136029411765,1.88235294118,4.35294117647,3.36363636364,2.84615384615,1.69341284359,0.389027274878,0.193958664547,2.09866904602,0.964253345467,0.518282988871,1.87867287326,0.863174022847,0.470588235294,0.786197569093,0.41766745858,2.25,1.88235294118,0.786197569093,2.25,0.166339869281,0.0612244897959,3,0.00441176470588,0.185952380952,17,17,17,1,0,0.352941176471,0.411764705882,0.235294117647,17,0.128676470588,1.90196078431,4.11764705882,3.18181818182,2.69230769231,1.57648156274,0.382859808093,0.201680672269,2.01465221053,0.978545359402,0.524369747899,1.74894926439,0.849489642704,0.463865546218,0.814492905316,0.428238537847,2.33333333333,1.90196078431,0.814492905316,2.33333333333,0,0,0,0,0.164242424242,17,17,17,1,0,0.352941176471,0.411764705882,0.235294117647,17,37,0.136029411765,1.88235294118,4.35294117647,3.36363636364,2.84615384615,1.69341284359,0.389027274878,0.193958664547,2.09866904602,0.964253345467,0.518282988871,1.87867287326,0.863174022847,0.470588235294,0.786197569093,0.41766745858,2.25,1.88235294118,0.786197569093,2.25,0.166339869281,0.0612244897959,3,0.00441176470588,0.185952380952,17,17,17,1,0,0.352941176471,0.411764705882,0.235294117647,0,0,0,0,0,0,0,0,0,0,0,0,0,0,0,0,0,0,0,0,0,0,0,0,0,0,0,0,0,37,0,0,235,1,1,0,0,1,1,1,1,1,1,2,2,0,0,0,0
2636,WLNM_dir_neg,1,0.5,00:00:01,10,60,43,1984532216,threshold_sweep,0.8,1,1,1,2,0,0,4,1,1,0,0,1,1,1,1,0.555555555556,1,1,1,37,35,2,0,37,0,35,0,2,17,37,0.136029411765,1.88235294118,4.35294117647,3.36363636364,2.84615384615,1.69341284359,0.389027274878,0.193958664547,2.09866904602,0.964253345467,0.518282988871,1.87867287326,0.863174022847,0.470588235294,0.786197569093,0.41766745858,2.25,1.88235294118,0.786197569093,2.25,0.166339869281,0.0612244897959,3,0.00441176470588,0.185952380952,17,17,17,1,0,0.352941176471,0.411764705882,0.235294117647,17,0.128676470588,1.90196078431,4.11764705882,3.18181818182,2.69230769231,1.57648156274,0.382859808093,0.201680672269,2.01465221053,0.978545359402,0.524369747899,1.74894926439,0.849489642704,0.463865546218,0.814492905316,0.428238537847,2.33333333333,1.90196078431,0.814492905316,2.33333333333,0,0,0,0,0.164242424242,17,17,17,1,0,0.352941176471,0.411764705882,0.235294117647,17,37,0.136029411765,1.88235294118,4.35294117647,3.36363636364,2.84615384615,1.69341284359,0.389027274878,0.193958664547,2.09866904602,0.964253345467,0.518282988871,1.87867287326,0.863174022847,0.470588235294,0.786197569093,0.41766745858,2.25,1.88235294118,0.786197569093,2.25,0.166339869281,0.0612244897959,3,0.00441176470588,0.185952380952,17,17,17,1,0,0.352941176471,0.411764705882,0.235294117647,0,0,0,0,0,0,0,0,0,0,0,0,0,0,0,0,0,0,0,0,0,0,0,0,0,0,0,0,0,37,0,0,235,1,1,0,0,1,1,1,1,1,1,2,2,0,0,0,0
2637,WLNM_dir_neg,1,0.5,00:00:01,10,60,43,1984532216,threshold_sweep,0.9,1,1,1,2,0,0,4,1,1,0,0,1,1,1,1,0.555555555556,1,1,1,37,35,2,0,37,0,35,0,2,17,37,0.136029411765,1.88235294118,4.35294117647,3.36363636364,2.84615384615,1.69341284359,0.389027274878,0.193958664547,2.09866904602,0.964253345467,0.518282988871,1.87867287326,0.863174022847,0.470588235294,0.786197569093,0.41766745858,2.25,1.88235294118,0.786197569093,2.25,0.166339869281,0.0612244897959,3,0.00441176470588,0.185952380952,17,17,17,1,0,0.352941176471,0.411764705882,0.235294117647,17,0.128676470588,1.90196078431,4.11764705882,3.18181818182,2.69230769231,1.57648156274,0.382859808093,0.201680672269,2.01465221053,0.978545359402,0.524369747899,1.74894926439,0.849489642704,0.463865546218,0.814492905316,0.428238537847,2.33333333333,1.90196078431,0.814492905316,2.33333333333,0,0,0,0,0.164242424242,17,17,17,1,0,0.352941176471,0.411764705882,0.235294117647,17,37,0.136029411765,1.88235294118,4.35294117647,3.36363636364,2.84615384615,1.69341284359,0.389027274878,0.193958664547,2.09866904602,0.964253345467,0.518282988871,1.87867287326,0.863174022847,0.470588235294,0.786197569093,0.41766745858,2.25,1.88235294118,0.786197569093,2.25,0.166339869281,0.0612244897959,3,0.00441176470588,0.185952380952,17,17,17,1,0,0.352941176471,0.411764705882,0.235294117647,0,0,0,0,0,0,0,0,0,0,0,0,0,0,0,0,0,0,0,0,0,0,0,0,0,0,0,0,0,37,0,0,235,1,1,0,0,1,1,1,1,1,1,2,2,0,0,0,0
2638,WLNM_dir_neg,1,0.5,00:00:02,10,60,44,1984532217,threshold_sweep,0.1,1,1,1,2,0,0,4,1,1,0,0,1,1,1,1,0.555555555556,1,1,1,37,35,2,0,37,0,35,0,2,17,37,0.136029411765,1.88235294118,4.35294117647,3.36363636364,2.84615384615,1.69341284359,0.389027274878,0.193958664547,2.09866904602,0.964253345467,0.518282988871,1.87867287326,0.863174022847,0.470588235294,0.786197569093,0.41766745858,2.25,1.88235294118,0.786197569093,2.25,0.166339869281,0.0612244897959,3,0.00441176470588,0.185952380952,17,17,17,1,0,0.352941176471,0.411764705882,0.235294117647,17,0.128676470588,1.90196078431,4.11764705882,3.18181818182,2.69230769231,1.57648156274,0.382859808093,0.201680672269,2.01465221053,0.978545359402,0.524369747899,1.74894926439,0.849489642704,0.463865546218,0.814492905316,0.428238537847,2.33333333333,1.90196078431,0.814492905316,2.33333333333,0,0,0,0,0.164242424242,17,17,17,1,0,0.352941176471,0.411764705882,0.235294117647,17,37,0.136029411765,1.88235294118,4.35294117647,3.36363636364,2.84615384615,1.69341284359,0.389027274878,0.193958664547,2.09866904602,0.964253345467,0.518282988871,1.87867287326,0.863174022847,0.470588235294,0.786197569093,0.41766745858,2.25,1.88235294118,0.786197569093,2.25,0.166339869281,0.0612244897959,3,0.00441176470588,0.185952380952,17,17,17,1,0,0.352941176471,0.411764705882,0.235294117647,0,0,0,0,0,0,0,0,0,0,0,0,0,0,0,0,0,0,0,0,0,0,0,0,0,0,0,0,0,37,0,0,235,1,1,0,0,1,1,1,1,1,1,2,2,0,0,0,0
2639,WLNM_dir_neg,1,0.5,00:00:02,10,60,44,1984532217,threshold_sweep,0.2,1,1,1,2,0,0,4,1,1,0,0,1,1,1,1,0.555555555556,1,1,1,37,35,2,0,37,0,35,0,2,17,37,0.136029411765,1.88235294118,4.35294117647,3.36363636364,2.84615384615,1.69341284359,0.389027274878,0.193958664547,2.09866904602,0.964253345467,0.518282988871,1.87867287326,0.863174022847,0.470588235294,0.786197569093,0.41766745858,2.25,1.88235294118,0.786197569093,2.25,0.166339869281,0.0612244897959,3,0.00441176470588,0.185952380952,17,17,17,1,0,0.352941176471,0.411764705882,0.235294117647,17,0.128676470588,1.90196078431,4.11764705882,3.18181818182,2.69230769231,1.57648156274,0.382859808093,0.201680672269,2.01465221053,0.978545359402,0.524369747899,1.74894926439,0.849489642704,0.463865546218,0.814492905316,0.428238537847,2.33333333333,1.90196078431,0.814492905316,2.33333333333,0,0,0,0,0.164242424242,17,17,17,1,0,0.352941176471,0.411764705882,0.235294117647,17,37,0.136029411765,1.88235294118,4.35294117647,3.36363636364,2.84615384615,1.69341284359,0.389027274878,0.193958664547,2.09866904602,0.964253345467,0.518282988871,1.87867287326,0.863174022847,0.470588235294,0.786197569093,0.41766745858,2.25,1.88235294118,0.786197569093,2.25,0.166339869281,0.0612244897959,3,0.00441176470588,0.185952380952,17,17,17,1,0,0.352941176471,0.411764705882,0.235294117647,0,0,0,0,0,0,0,0,0,0,0,0,0,0,0,0,0,0,0,0,0,0,0,0,0,0,0,0,0,37,0,0,235,1,1,0,0,1,1,1,1,1,1,2,2,0,0,0,0
2640,WLNM_dir_neg,1,0.5,00:00:02,10,60,44,1984532217,threshold_sweep,0.3,1,1,1,2,0,0,4,1,1,0,0,1,1,1,1,0.555555555556,1,1,1,37,35,2,0,37,0,35,0,2,17,37,0.136029411765,1.88235294118,4.35294117647,3.36363636364,2.84615384615,1.69341284359,0.389027274878,0.193958664547,2.09866904602,0.964253345467,0.518282988871,1.87867287326,0.863174022847,0.470588235294,0.786197569093,0.41766745858,2.25,1.88235294118,0.786197569093,2.25,0.166339869281,0.0612244897959,3,0.00441176470588,0.185952380952,17,17,17,1,0,0.352941176471,0.411764705882,0.235294117647,17,0.128676470588,1.90196078431,4.11764705882,3.18181818182,2.69230769231,1.57648156274,0.382859808093,0.201680672269,2.01465221053,0.978545359402,0.524369747899,1.74894926439,0.849489642704,0.463865546218,0.814492905316,0.428238537847,2.33333333333,1.90196078431,0.814492905316,2.33333333333,0,0,0,0,0.164242424242,17,17,17,1,0,0.352941176471,0.411764705882,0.235294117647,17,37,0.136029411765,1.88235294118,4.35294117647,3.36363636364,2.84615384615,1.69341284359,0.389027274878,0.193958664547,2.09866904602,0.964253345467,0.518282988871,1.87867287326,0.863174022847,0.470588235294,0.786197569093,0.41766745858,2.25,1.88235294118,0.786197569093,2.25,0.166339869281,0.0612244897959,3,0.00441176470588,0.185952380952,17,17,17,1,0,0.352941176471,0.411764705882,0.235294117647,0,0,0,0,0,0,0,0,0,0,0,0,0,0,0,0,0,0,0,0,0,0,0,0,0,0,0,0,0,37,0,0,235,1,1,0,0,1,1,1,1,1,1,2,2,0,0,0,0
2641,WLNM_dir_neg,1,0.5,00:00:02,10,60,44,1984532217,threshold_sweep,0.4,1,1,1,2,0,0,4,1,1,0,0,1,1,1,1,0.555555555556,1,1,1,37,35,2,0,37,0,35,0,2,17,37,0.136029411765,1.88235294118,4.35294117647,3.36363636364,2.84615384615,1.69341284359,0.389027274878,0.193958664547,2.09866904602,0.964253345467,0.518282988871,1.87867287326,0.863174022847,0.470588235294,0.786197569093,0.41766745858,2.25,1.88235294118,0.786197569093,2.25,0.166339869281,0.0612244897959,3,0.00441176470588,0.185952380952,17,17,17,1,0,0.352941176471,0.411764705882,0.235294117647,17,0.128676470588,1.90196078431,4.11764705882,3.18181818182,2.69230769231,1.57648156274,0.382859808093,0.201680672269,2.01465221053,0.978545359402,0.524369747899,1.74894926439,0.849489642704,0.463865546218,0.814492905316,0.428238537847,2.33333333333,1.90196078431,0.814492905316,2.33333333333,0,0,0,0,0.164242424242,17,17,17,1,0,0.352941176471,0.411764705882,0.235294117647,17,37,0.136029411765,1.88235294118,4.35294117647,3.36363636364,2.84615384615,1.69341284359,0.389027274878,0.193958664547,2.09866904602,0.964253345467,0.518282988871,1.87867287326,0.863174022847,0.470588235294,0.786197569093,0.41766745858,2.25,1.88235294118,0.786197569093,2.25,0.166339869281,0.0612244897959,3,0.00441176470588,0.185952380952,17,17,17,1,0,0.352941176471,0.411764705882,0.235294117647,0,0,0,0,0,0,0,0,0,0,0,0,0,0,0,0,0,0,0,0,0,0,0,0,0,0,0,0,0,37,0,0,235,1,1,0,0,1,1,1,1,1,1,2,2,0,0,0,0
2642,WLNM_dir_neg,1,0.5,00:00:02,10,60,44,1984532217,threshold_sweep,0.5,1,1,1,2,0,0,4,1,1,0,0,1,1,1,1,0.555555555556,1,1,1,37,35,2,0,37,0,35,0,2,17,37,0.136029411765,1.88235294118,4.35294117647,3.36363636364,2.84615384615,1.69341284359,0.389027274878,0.193958664547,2.09866904602,0.964253345467,0.518282988871,1.87867287326,0.863174022847,0.470588235294,0.786197569093,0.41766745858,2.25,1.88235294118,0.786197569093,2.25,0.166339869281,0.0612244897959,3,0.00441176470588,0.185952380952,17,17,17,1,0,0.352941176471,0.411764705882,0.235294117647,17,0.128676470588,1.90196078431,4.11764705882,3.18181818182,2.69230769231,1.57648156274,0.382859808093,0.201680672269,2.01465221053,0.978545359402,0.524369747899,1.74894926439,0.849489642704,0.463865546218,0.814492905316,0.428238537847,2.33333333333,1.90196078431,0.814492905316,2.33333333333,0,0,0,0,0.164242424242,17,17,17,1,0,0.352941176471,0.411764705882,0.235294117647,17,37,0.136029411765,1.88235294118,4.35294117647,3.36363636364,2.84615384615,1.69341284359,0.389027274878,0.193958664547,2.09866904602,0.964253345467,0.518282988871,1.87867287326,0.863174022847,0.470588235294,0.786197569093,0.41766745858,2.25,1.88235294118,0.786197569093,2.25,0.166339869281,0.0612244897959,3,0.00441176470588,0.185952380952,17,17,17,1,0,0.352941176471,0.411764705882,0.235294117647,0,0,0,0,0,0,0,0,0,0,0,0,0,0,0,0,0,0,0,0,0,0,0,0,0,0,0,0,0,37,0,0,235,1,1,0,0,1,1,1,1,1,1,2,2,0,0,0,0
2643,WLNM_dir_neg,1,0.5,00:00:02,10,60,44,1984532217,threshold_sweep,0.6,1,1,1,2,0,0,4,1,1,0,0,1,1,1,1,0.555555555556,1,1,1,37,35,2,0,37,0,35,0,2,17,37,0.136029411765,1.88235294118,4.35294117647,3.36363636364,2.84615384615,1.69341284359,0.389027274878,0.193958664547,2.09866904602,0.964253345467,0.518282988871,1.87867287326,0.863174022847,0.470588235294,0.786197569093,0.41766745858,2.25,1.88235294118,0.786197569093,2.25,0.166339869281,0.0612244897959,3,0.00441176470588,0.185952380952,17,17,17,1,0,0.352941176471,0.411764705882,0.235294117647,17,0.128676470588,1.90196078431,4.11764705882,3.18181818182,2.69230769231,1.57648156274,0.382859808093,0.201680672269,2.01465221053,0.978545359402,0.524369747899,1.74894926439,0.849489642704,0.463865546218,0.814492905316,0.428238537847,2.33333333333,1.90196078431,0.814492905316,2.33333333333,0,0,0,0,0.164242424242,17,17,17,1,0,0.352941176471,0.411764705882,0.235294117647,17,37,0.136029411765,1.88235294118,4.35294117647,3.36363636364,2.84615384615,1.69341284359,0.389027274878,0.193958664547,2.09866904602,0.964253345467,0.518282988871,1.87867287326,0.863174022847,0.470588235294,0.786197569093,0.41766745858,2.25,1.88235294118,0.786197569093,2.25,0.166339869281,0.0612244897959,3,0.00441176470588,0.185952380952,17,17,17,1,0,0.352941176471,0.411764705882,0.235294117647,0,0,0,0,0,0,0,0,0,0,0,0,0,0,0,0,0,0,0,0,0,0,0,0,0,0,0,0,0,37,0,0,235,1,1,0,0,1,1,1,1,1,1,2,2,0,0,0,0
2644,WLNM_dir_neg,1,0.5,00:00:02,10,60,44,1984532217,threshold_sweep,0.7,1,1,1,2,0,0,4,1,1,0,0,1,1,1,1,0.555555555556,1,1,1,37,35,2,0,37,0,35,0,2,17,37,0.136029411765,1.88235294118,4.35294117647,3.36363636364,2.84615384615,1.69341284359,0.389027274878,0.193958664547,2.09866904602,0.964253345467,0.518282988871,1.87867287326,0.863174022847,0.470588235294,0.786197569093,0.41766745858,2.25,1.88235294118,0.786197569093,2.25,0.166339869281,0.0612244897959,3,0.00441176470588,0.185952380952,17,17,17,1,0,0.352941176471,0.411764705882,0.235294117647,17,0.128676470588,1.90196078431,4.11764705882,3.18181818182,2.69230769231,1.57648156274,0.382859808093,0.201680672269,2.01465221053,0.978545359402,0.524369747899,1.74894926439,0.849489642704,0.463865546218,0.814492905316,0.428238537847,2.33333333333,1.90196078431,0.814492905316,2.33333333333,0,0,0,0,0.164242424242,17,17,17,1,0,0.352941176471,0.411764705882,0.235294117647,17,37,0.136029411765,1.88235294118,4.35294117647,3.36363636364,2.84615384615,1.69341284359,0.389027274878,0.193958664547,2.09866904602,0.964253345467,0.518282988871,1.87867287326,0.863174022847,0.470588235294,0.786197569093,0.41766745858,2.25,1.88235294118,0.786197569093,2.25,0.166339869281,0.0612244897959,3,0.00441176470588,0.185952380952,17,17,17,1,0,0.352941176471,0.411764705882,0.235294117647,0,0,0,0,0,0,0,0,0,0,0,0,0,0,0,0,0,0,0,0,0,0,0,0,0,0,0,0,0,37,0,0,235,1,1,0,0,1,1,1,1,1,1,2,2,0,0,0,0
2645,WLNM_dir_neg,1,0.5,00:00:02,10,60,44,1984532217,threshold_sweep,0.8,1,1,1,2,0,0,4,1,1,0,0,1,1,1,1,0.555555555556,1,1,1,37,35,2,0,37,0,35,0,2,17,37,0.136029411765,1.88235294118,4.35294117647,3.36363636364,2.84615384615,1.69341284359,0.389027274878,0.193958664547,2.09866904602,0.964253345467,0.518282988871,1.87867287326,0.863174022847,0.470588235294,0.786197569093,0.41766745858,2.25,1.88235294118,0.786197569093,2.25,0.166339869281,0.0612244897959,3,0.00441176470588,0.185952380952,17,17,17,1,0,0.352941176471,0.411764705882,0.235294117647,17,0.128676470588,1.90196078431,4.11764705882,3.18181818182,2.69230769231,1.57648156274,0.382859808093,0.201680672269,2.01465221053,0.978545359402,0.524369747899,1.74894926439,0.849489642704,0.463865546218,0.814492905316,0.428238537847,2.33333333333,1.90196078431,0.814492905316,2.33333333333,0,0,0,0,0.164242424242,17,17,17,1,0,0.352941176471,0.411764705882,0.235294117647,17,37,0.136029411765,1.88235294118,4.35294117647,3.36363636364,2.84615384615,1.69341284359,0.389027274878,0.193958664547,2.09866904602,0.964253345467,0.518282988871,1.87867287326,0.863174022847,0.470588235294,0.786197569093,0.41766745858,2.25,1.88235294118,0.786197569093,2.25,0.166339869281,0.0612244897959,3,0.00441176470588,0.185952380952,17,17,17,1,0,0.352941176471,0.411764705882,0.235294117647,0,0,0,0,0,0,0,0,0,0,0,0,0,0,0,0,0,0,0,0,0,0,0,0,0,0,0,0,0,37,0,0,235,1,1,0,0,1,1,1,1,1,1,2,2,0,0,0,0
2646,WLNM_dir_neg,1,0.5,00:00:02,10,60,44,1984532217,threshold_sweep,0.9,1,1,1,2,0,0,4,1,1,0,0,1,1,1,1,0.555555555556,1,1,1,37,35,2,0,37,0,35,0,2,17,37,0.136029411765,1.88235294118,4.35294117647,3.36363636364,2.84615384615,1.69341284359,0.389027274878,0.193958664547,2.09866904602,0.964253345467,0.518282988871,1.87867287326,0.863174022847,0.470588235294,0.786197569093,0.41766745858,2.25,1.88235294118,0.786197569093,2.25,0.166339869281,0.0612244897959,3,0.00441176470588,0.185952380952,17,17,17,1,0,0.352941176471,0.411764705882,0.235294117647,17,0.128676470588,1.90196078431,4.11764705882,3.18181818182,2.69230769231,1.57648156274,0.382859808093,0.201680672269,2.01465221053,0.978545359402,0.524369747899,1.74894926439,0.849489642704,0.463865546218,0.814492905316,0.428238537847,2.33333333333,1.90196078431,0.814492905316,2.33333333333,0,0,0,0,0.164242424242,17,17,17,1,0,0.352941176471,0.411764705882,0.235294117647,17,37,0.136029411765,1.88235294118,4.35294117647,3.36363636364,2.84615384615,1.69341284359,0.389027274878,0.193958664547,2.09866904602,0.964253345467,0.518282988871,1.87867287326,0.863174022847,0.470588235294,0.786197569093,0.41766745858,2.25,1.88235294118,0.786197569093,2.25,0.166339869281,0.0612244897959,3,0.00441176470588,0.185952380952,17,17,17,1,0,0.352941176471,0.411764705882,0.235294117647,0,0,0,0,0,0,0,0,0,0,0,0,0,0,0,0,0,0,0,0,0,0,0,0,0,0,0,0,0,37,0,0,235,1,1,0,0,1,1,1,1,1,1,2,2,0,0,0,0
2647,WLNM_dir_neg,0.75,0.416666666667,00:00:02,10,60,45,1984532218,threshold_sweep,0.1,0.666666666667,1,0.8,2,1,0,3,1,0.75,0.25,0,0.666666666667,1,0.8,0.833333333333,0.5,0.666666666667,0.707106781187,0.75,37,35,2,0,37,0,35,0,2,17,37,0.136029411765,1.88235294118,4.35294117647,3.36363636364,2.84615384615,1.69341284359,0.389027274878,0.193958664547,2.09866904602,0.964253345467,0.518282988871,1.87867287326,0.863174022847,0.470588235294,0.786197569093,0.41766745858,2.25,1.88235294118,0.786197569093,2.25,0.166339869281,0.0612244897959,3,0.00441176470588,0.185952380952,17,17,17,1,0,0.352941176471,0.411764705882,0.235294117647,17,0.128676470588,1.90196078431,4.11764705882,3.18181818182,2.69230769231,1.57648156274,0.382859808093,0.201680672269,2.01465221053,0.978545359402,0.524369747899,1.74894926439,0.849489642704,0.463865546218,0.814492905316,0.428238537847,2.33333333333,1.90196078431,0.814492905316,2.33333333333,0,0,0,0,0.164242424242,17,17,17,1,0,0.352941176471,0.411764705882,0.235294117647,17,38,0.139705882353,2.13617647059,4.47058823529,3.16666666667,2.92307692308,1.69991349261,0.380243807557,0.19040247678,2.04723630062,0.915868871331,0.495356037152,1.92124346989,0.859503657582,0.467492260062,0.898017833571,0.420385602938,2.5,2.13617647059,0.898017833571,2.5,0.180065359477,0.0774193548387,4,0.00588235294118,0.164051226551,17,17,17,1,0,0.294117647059,0.470588235294,0.235294117647,1,0.00367647058824,0.253823529412,0.117647058824,-0.19696969697,0.0769230769231,0.00650064902221,-0.00878346732077,-0.00355618776671,-0.0514327453931,-0.0483844741355,-0.0229269517195,0.0425705966328,-0.00367036526551,-0.0030959752322,0.111820264479,0.002718144358,0.25,0.253823529412,0.111820264479,0.25,0.0137254901961,0.0161948650428,1,0.00147058823529,-0.0219011544012,-0.0588235294118,0.0588235294118,0,37,1,0,234,1,0.995744680851,0.00425531914894,0,0.973684210526,1,0.986666666667,0.984652666406,0.995744680851,0.973684210526,3,2,0,0,0,0
2648,WLNM_dir_neg,0.75,0.416666666667,00:00:02,10,60,45,1984532218,threshold_sweep,0.2,0.666666666667,1,0.8,2,1,0,3,1,0.75,0.25,0,0.666666666667,1,0.8,0.833333333333,0.5,0.666666666667,0.707106781187,0.75,37,35,2,0,37,0,35,0,2,17,37,0.136029411765,1.88235294118,4.35294117647,3.36363636364,2.84615384615,1.69341284359,0.389027274878,0.193958664547,2.09866904602,0.964253345467,0.518282988871,1.87867287326,0.863174022847,0.470588235294,0.786197569093,0.41766745858,2.25,1.88235294118,0.786197569093,2.25,0.166339869281,0.0612244897959,3,0.00441176470588,0.185952380952,17,17,17,1,0,0.352941176471,0.411764705882,0.235294117647,17,0.128676470588,1.90196078431,4.11764705882,3.18181818182,2.69230769231,1.57648156274,0.382859808093,0.201680672269,2.01465221053,0.978545359402,0.524369747899,1.74894926439,0.849489642704,0.463865546218,0.814492905316,0.428238537847,2.33333333333,1.90196078431,0.814492905316,2.33333333333,0,0,0,0,0.164242424242,17,17,17,1,0,0.352941176471,0.411764705882,0.235294117647,17,38,0.139705882353,2.13617647059,4.47058823529,3.16666666667,2.92307692308,1.69991349261,0.380243807557,0.19040247678,2.04723630062,0.915868871331,0.495356037152,1.92124346989,0.859503657582,0.467492260062,0.898017833571,0.420385602938,2.5,2.13617647059,0.898017833571,2.5,0.180065359477,0.0774193548387,4,0.00588235294118,0.164051226551,17,17,17,1,0,0.294117647059,0.470588235294,0.235294117647,1,0.00367647058824,0.253823529412,0.117647058824,-0.19696969697,0.0769230769231,0.00650064902221,-0.00878346732077,-0.00355618776671,-0.0514327453931,-0.0483844741355,-0.0229269517195,0.0425705966328,-0.00367036526551,-0.0030959752322,0.111820264479,0.002718144358,0.25,0.253823529412,0.111820264479,0.25,0.0137254901961,0.0161948650428,1,0.00147058823529,-0.0219011544012,-0.0588235294118,0.0588235294118,0,37,1,0,234,1,0.995744680851,0.00425531914894,0,0.973684210526,1,0.986666666667,0.984652666406,0.995744680851,0.973684210526,3,2,0,0,0,0
2649,WLNM_dir_neg,0.75,0.416666666667,00:00:02,10,60,45,1984532218,threshold_sweep,0.3,0.666666666667,1,0.8,2,1,0,3,1,0.75,0.25,0,0.666666666667,1,0.8,0.833333333333,0.5,0.666666666667,0.707106781187,0.75,37,35,2,0,37,0,35,0,2,17,37,0.136029411765,1.88235294118,4.35294117647,3.36363636364,2.84615384615,1.69341284359,0.389027274878,0.193958664547,2.09866904602,0.964253345467,0.518282988871,1.87867287326,0.863174022847,0.470588235294,0.786197569093,0.41766745858,2.25,1.88235294118,0.786197569093,2.25,0.166339869281,0.0612244897959,3,0.00441176470588,0.185952380952,17,17,17,1,0,0.352941176471,0.411764705882,0.235294117647,17,0.128676470588,1.90196078431,4.11764705882,3.18181818182,2.69230769231,1.57648156274,0.382859808093,0.201680672269,2.01465221053,0.978545359402,0.524369747899,1.74894926439,0.849489642704,0.463865546218,0.814492905316,0.428238537847,2.33333333333,1.90196078431,0.814492905316,2.33333333333,0,0,0,0,0.164242424242,17,17,17,1,0,0.352941176471,0.411764705882,0.235294117647,17,38,0.139705882353,2.13617647059,4.47058823529,3.16666666667,2.92307692308,1.69991349261,0.380243807557,0.19040247678,2.04723630062,0.915868871331,0.495356037152,1.92124346989,0.859503657582,0.467492260062,0.898017833571,0.420385602938,2.5,2.13617647059,0.898017833571,2.5,0.180065359477,0.0774193548387,4,0.00588235294118,0.164051226551,17,17,17,1,0,0.294117647059,0.470588235294,0.235294117647,1,0.00367647058824,0.253823529412,0.117647058824,-0.19696969697,0.0769230769231,0.00650064902221,-0.00878346732077,-0.00355618776671,-0.0514327453931,-0.0483844741355,-0.0229269517195,0.0425705966328,-0.00367036526551,-0.0030959752322,0.111820264479,0.002718144358,0.25,0.253823529412,0.111820264479,0.25,0.0137254901961,0.0161948650428,1,0.00147058823529,-0.0219011544012,-0.0588235294118,0.0588235294118,0,37,1,0,234,1,0.995744680851,0.00425531914894,0,0.973684210526,1,0.986666666667,0.984652666406,0.995744680851,0.973684210526,3,2,0,0,0,0
2650,WLNM_dir_neg,0.75,0.416666666667,00:00:02,10,60,45,1984532218,threshold_sweep,0.4,0.666666666667,1,0.8,2,1,0,3,1,0.75,0.25,0,0.666666666667,1,0.8,0.833333333333,0.5,0.666666666667,0.707106781187,0.75,37,35,2,0,37,0,35,0,2,17,37,0.136029411765,1.88235294118,4.35294117647,3.36363636364,2.84615384615,1.69341284359,0.389027274878,0.193958664547,2.09866904602,0.964253345467,0.518282988871,1.87867287326,0.863174022847,0.470588235294,0.786197569093,0.41766745858,2.25,1.88235294118,0.786197569093,2.25,0.166339869281,0.0612244897959,3,0.00441176470588,0.185952380952,17,17,17,1,0,0.352941176471,0.411764705882,0.235294117647,17,0.128676470588,1.90196078431,4.11764705882,3.18181818182,2.69230769231,1.57648156274,0.382859808093,0.201680672269,2.01465221053,0.978545359402,0.524369747899,1.74894926439,0.849489642704,0.463865546218,0.814492905316,0.428238537847,2.33333333333,1.90196078431,0.814492905316,2.33333333333,0,0,0,0,0.164242424242,17,17,17,1,0,0.352941176471,0.411764705882,0.235294117647,17,38,0.139705882353,2.13617647059,4.47058823529,3.16666666667,2.92307692308,1.69991349261,0.380243807557,0.19040247678,2.04723630062,0.915868871331,0.495356037152,1.92124346989,0.859503657582,0.467492260062,0.898017833571,0.420385602938,2.5,2.13617647059,0.898017833571,2.5,0.180065359477,0.0774193548387,4,0.00588235294118,0.164051226551,17,17,17,1,0,0.294117647059,0.470588235294,0.235294117647,1,0.00367647058824,0.253823529412,0.117647058824,-0.19696969697,0.0769230769231,0.00650064902221,-0.00878346732077,-0.00355618776671,-0.0514327453931,-0.0483844741355,-0.0229269517195,0.0425705966328,-0.00367036526551,-0.0030959752322,0.111820264479,0.002718144358,0.25,0.253823529412,0.111820264479,0.25,0.0137254901961,0.0161948650428,1,0.00147058823529,-0.0219011544012,-0.0588235294118,0.0588235294118,0,37,1,0,234,1,0.995744680851,0.00425531914894,0,0.973684210526,1,0.986666666667,0.984652666406,0.995744680851,0.973684210526,3,2,0,0,0,0
2651,WLNM_dir_neg,0.75,0.416666666667,00:00:02,10,60,45,1984532218,threshold_sweep,0.5,0.666666666667,1,0.8,2,1,0,3,1,0.75,0.25,0,0.666666666667,1,0.8,0.833333333333,0.5,0.666666666667,0.707106781187,0.75,37,35,2,0,37,0,35,0,2,17,37,0.136029411765,1.88235294118,4.35294117647,3.36363636364,2.84615384615,1.69341284359,0.389027274878,0.193958664547,2.09866904602,0.964253345467,0.518282988871,1.87867287326,0.863174022847,0.470588235294,0.786197569093,0.41766745858,2.25,1.88235294118,0.786197569093,2.25,0.166339869281,0.0612244897959,3,0.00441176470588,0.185952380952,17,17,17,1,0,0.352941176471,0.411764705882,0.235294117647,17,0.128676470588,1.90196078431,4.11764705882,3.18181818182,2.69230769231,1.57648156274,0.382859808093,0.201680672269,2.01465221053,0.978545359402,0.524369747899,1.74894926439,0.849489642704,0.463865546218,0.814492905316,0.428238537847,2.33333333333,1.90196078431,0.814492905316,2.33333333333,0,0,0,0,0.164242424242,17,17,17,1,0,0.352941176471,0.411764705882,0.235294117647,17,38,0.139705882353,2.13617647059,4.47058823529,3.16666666667,2.92307692308,1.69991349261,0.380243807557,0.19040247678,2.04723630062,0.915868871331,0.495356037152,1.92124346989,0.859503657582,0.467492260062,0.898017833571,0.420385602938,2.5,2.13617647059,0.898017833571,2.5,0.180065359477,0.0774193548387,4,0.00588235294118,0.164051226551,17,17,17,1,0,0.294117647059,0.470588235294,0.235294117647,1,0.00367647058824,0.253823529412,0.117647058824,-0.19696969697,0.0769230769231,0.00650064902221,-0.00878346732077,-0.00355618776671,-0.0514327453931,-0.0483844741355,-0.0229269517195,0.0425705966328,-0.00367036526551,-0.0030959752322,0.111820264479,0.002718144358,0.25,0.253823529412,0.111820264479,0.25,0.0137254901961,0.0161948650428,1,0.00147058823529,-0.0219011544012,-0.0588235294118,0.0588235294118,0,37,1,0,234,1,0.995744680851,0.00425531914894,0,0.973684210526,1,0.986666666667,0.984652666406,0.995744680851,0.973684210526,3,2,0,0,0,0
2652,WLNM_dir_neg,0.75,0.416666666667,00:00:02,10,60,45,1984532218,threshold_sweep,0.6,0.666666666667,1,0.8,2,1,0,3,1,0.75,0.25,0,0.666666666667,1,0.8,0.833333333333,0.5,0.666666666667,0.707106781187,0.75,37,35,2,0,37,0,35,0,2,17,37,0.136029411765,1.88235294118,4.35294117647,3.36363636364,2.84615384615,1.69341284359,0.389027274878,0.193958664547,2.09866904602,0.964253345467,0.518282988871,1.87867287326,0.863174022847,0.470588235294,0.786197569093,0.41766745858,2.25,1.88235294118,0.786197569093,2.25,0.166339869281,0.0612244897959,3,0.00441176470588,0.185952380952,17,17,17,1,0,0.352941176471,0.411764705882,0.235294117647,17,0.128676470588,1.90196078431,4.11764705882,3.18181818182,2.69230769231,1.57648156274,0.382859808093,0.201680672269,2.01465221053,0.978545359402,0.524369747899,1.74894926439,0.849489642704,0.463865546218,0.814492905316,0.428238537847,2.33333333333,1.90196078431,0.814492905316,2.33333333333,0,0,0,0,0.164242424242,17,17,17,1,0,0.352941176471,0.411764705882,0.235294117647,17,38,0.139705882353,2.13617647059,4.47058823529,3.16666666667,2.92307692308,1.69991349261,0.380243807557,0.19040247678,2.04723630062,0.915868871331,0.495356037152,1.92124346989,0.859503657582,0.467492260062,0.898017833571,0.420385602938,2.5,2.13617647059,0.898017833571,2.5,0.180065359477,0.0774193548387,4,0.00588235294118,0.164051226551,17,17,17,1,0,0.294117647059,0.470588235294,0.235294117647,1,0.00367647058824,0.253823529412,0.117647058824,-0.19696969697,0.0769230769231,0.00650064902221,-0.00878346732077,-0.00355618776671,-0.0514327453931,-0.0483844741355,-0.0229269517195,0.0425705966328,-0.00367036526551,-0.0030959752322,0.111820264479,0.002718144358,0.25,0.253823529412,0.111820264479,0.25,0.0137254901961,0.0161948650428,1,0.00147058823529,-0.0219011544012,-0.0588235294118,0.0588235294118,0,37,1,0,234,1,0.995744680851,0.00425531914894,0,0.973684210526,1,0.986666666667,0.984652666406,0.995744680851,0.973684210526,3,2,0,0,0,0
2653,WLNM_dir_neg,0.75,0.416666666667,00:00:02,10,60,45,1984532218,threshold_sweep,0.7,0.666666666667,1,0.8,2,1,0,3,1,0.75,0.25,0,0.666666666667,1,0.8,0.833333333333,0.5,0.666666666667,0.707106781187,0.75,37,35,2,0,37,0,35,0,2,17,37,0.136029411765,1.88235294118,4.35294117647,3.36363636364,2.84615384615,1.69341284359,0.389027274878,0.193958664547,2.09866904602,0.964253345467,0.518282988871,1.87867287326,0.863174022847,0.470588235294,0.786197569093,0.41766745858,2.25,1.88235294118,0.786197569093,2.25,0.166339869281,0.0612244897959,3,0.00441176470588,0.185952380952,17,17,17,1,0,0.352941176471,0.411764705882,0.235294117647,17,0.128676470588,1.90196078431,4.11764705882,3.18181818182,2.69230769231,1.57648156274,0.382859808093,0.201680672269,2.01465221053,0.978545359402,0.524369747899,1.74894926439,0.849489642704,0.463865546218,0.814492905316,0.428238537847,2.33333333333,1.90196078431,0.814492905316,2.33333333333,0,0,0,0,0.164242424242,17,17,17,1,0,0.352941176471,0.411764705882,0.235294117647,17,38,0.139705882353,2.13617647059,4.47058823529,3.16666666667,2.92307692308,1.69991349261,0.380243807557,0.19040247678,2.04723630062,0.915868871331,0.495356037152,1.92124346989,0.859503657582,0.467492260062,0.898017833571,0.420385602938,2.5,2.13617647059,0.898017833571,2.5,0.180065359477,0.0774193548387,4,0.00588235294118,0.164051226551,17,17,17,1,0,0.294117647059,0.470588235294,0.235294117647,1,0.00367647058824,0.253823529412,0.117647058824,-0.19696969697,0.0769230769231,0.00650064902221,-0.00878346732077,-0.00355618776671,-0.0514327453931,-0.0483844741355,-0.0229269517195,0.0425705966328,-0.00367036526551,-0.0030959752322,0.111820264479,0.002718144358,0.25,0.253823529412,0.111820264479,0.25,0.0137254901961,0.0161948650428,1,0.00147058823529,-0.0219011544012,-0.0588235294118,0.0588235294118,0,37,1,0,234,1,0.995744680851,0.00425531914894,0,0.973684210526,1,0.986666666667,0.984652666406,0.995744680851,0.973684210526,3,2,0,0,0,0
2654,WLNM_dir_neg,0.75,0.416666666667,00:00:02,10,60,45,1984532218,threshold_sweep,0.8,0.666666666667,1,0.8,2,1,0,3,1,0.75,0.25,0,0.666666666667,1,0.8,0.833333333333,0.5,0.666666666667,0.707106781187,0.75,37,35,2,0,37,0,35,0,2,17,37,0.136029411765,1.88235294118,4.35294117647,3.36363636364,2.84615384615,1.69341284359,0.389027274878,0.193958664547,2.09866904602,0.964253345467,0.518282988871,1.87867287326,0.863174022847,0.470588235294,0.786197569093,0.41766745858,2.25,1.88235294118,0.786197569093,2.25,0.166339869281,0.0612244897959,3,0.00441176470588,0.185952380952,17,17,17,1,0,0.352941176471,0.411764705882,0.235294117647,17,0.128676470588,1.90196078431,4.11764705882,3.18181818182,2.69230769231,1.57648156274,0.382859808093,0.201680672269,2.01465221053,0.978545359402,0.524369747899,1.74894926439,0.849489642704,0.463865546218,0.814492905316,0.428238537847,2.33333333333,1.90196078431,0.814492905316,2.33333333333,0,0,0,0,0.164242424242,17,17,17,1,0,0.352941176471,0.411764705882,0.235294117647,17,38,0.139705882353,2.13617647059,4.47058823529,3.16666666667,2.92307692308,1.69991349261,0.380243807557,0.19040247678,2.04723630062,0.915868871331,0.495356037152,1.92124346989,0.859503657582,0.467492260062,0.898017833571,0.420385602938,2.5,2.13617647059,0.898017833571,2.5,0.180065359477,0.0774193548387,4,0.00588235294118,0.164051226551,17,17,17,1,0,0.294117647059,0.470588235294,0.235294117647,1,0.00367647058824,0.253823529412,0.117647058824,-0.19696969697,0.0769230769231,0.00650064902221,-0.00878346732077,-0.00355618776671,-0.0514327453931,-0.0483844741355,-0.0229269517195,0.0425705966328,-0.00367036526551,-0.0030959752322,0.111820264479,0.002718144358,0.25,0.253823529412,0.111820264479,0.25,0.0137254901961,0.0161948650428,1,0.00147058823529,-0.0219011544012,-0.0588235294118,0.0588235294118,0,37,1,0,234,1,0.995744680851,0.00425531914894,0,0.973684210526,1,0.986666666667,0.984652666406,0.995744680851,0.973684210526,3,2,0,0,0,0
2655,WLNM_dir_neg,0.75,0.416666666667,00:00:02,10,60,45,1984532218,threshold_sweep,0.9,0.666666666667,1,0.8,2,1,0,3,1,0.75,0.25,0,0.666666666667,1,0.8,0.833333333333,0.5,0.666666666667,0.707106781187,0.75,37,35,2,0,37,0,35,0,2,17,37,0.136029411765,1.88235294118,4.35294117647,3.36363636364,2.84615384615,1.69341284359,0.389027274878,0.193958664547,2.09866904602,0.964253345467,0.518282988871,1.87867287326,0.863174022847,0.470588235294,0.786197569093,0.41766745858,2.25,1.88235294118,0.786197569093,2.25,0.166339869281,0.0612244897959,3,0.00441176470588,0.185952380952,17,17,17,1,0,0.352941176471,0.411764705882,0.235294117647,17,0.128676470588,1.90196078431,4.11764705882,3.18181818182,2.69230769231,1.57648156274,0.382859808093,0.201680672269,2.01465221053,0.978545359402,0.524369747899,1.74894926439,0.849489642704,0.463865546218,0.814492905316,0.428238537847,2.33333333333,1.90196078431,0.814492905316,2.33333333333,0,0,0,0,0.164242424242,17,17,17,1,0,0.352941176471,0.411764705882,0.235294117647,17,38,0.139705882353,2.13617647059,4.47058823529,3.16666666667,2.92307692308,1.69991349261,0.380243807557,0.19040247678,2.04723630062,0.915868871331,0.495356037152,1.92124346989,0.859503657582,0.467492260062,0.898017833571,0.420385602938,2.5,2.13617647059,0.898017833571,2.5,0.180065359477,0.0774193548387,4,0.00588235294118,0.164051226551,17,17,17,1,0,0.294117647059,0.470588235294,0.235294117647,1,0.00367647058824,0.253823529412,0.117647058824,-0.19696969697,0.0769230769231,0.00650064902221,-0.00878346732077,-0.00355618776671,-0.0514327453931,-0.0483844741355,-0.0229269517195,0.0425705966328,-0.00367036526551,-0.0030959752322,0.111820264479,0.002718144358,0.25,0.253823529412,0.111820264479,0.25,0.0137254901961,0.0161948650428,1,0.00147058823529,-0.0219011544012,-0.0588235294118,0.0588235294118,0,37,1,0,234,1,0.995744680851,0.00425531914894,0,0.973684210526,1,0.986666666667,0.984652666406,0.995744680851,0.973684210526,3,2,0,0,0,0
2656,WLNM_dir_neg,1,0.5,00:00:00,10,60,46,1984532219,threshold_sweep,0.1,1,1,1,2,0,0,4,1,1,0,0,1,1,1,1,0.555555555556,1,1,1,37,35,2,0,37,0,35,0,2,17,37,0.136029411765,1.88235294118,4.35294117647,3.36363636364,2.84615384615,1.69341284359,0.389027274878,0.193958664547,2.09866904602,0.964253345467,0.518282988871,1.87867287326,0.863174022847,0.470588235294,0.786197569093,0.41766745858,2.25,1.88235294118,0.786197569093,2.25,0.166339869281,0.0612244897959,3,0.00441176470588,0.185952380952,17,17,17,1,0,0.352941176471,0.411764705882,0.235294117647,17,0.128676470588,1.90196078431,4.11764705882,3.18181818182,2.69230769231,1.57648156274,0.382859808093,0.201680672269,2.01465221053,0.978545359402,0.524369747899,1.74894926439,0.849489642704,0.463865546218,0.814492905316,0.428238537847,2.33333333333,1.90196078431,0.814492905316,2.33333333333,0,0,0,0,0.164242424242,17,17,17,1,0,0.352941176471,0.411764705882,0.235294117647,17,37,0.136029411765,1.88235294118,4.35294117647,3.36363636364,2.84615384615,1.69341284359,0.389027274878,0.193958664547,2.09866904602,0.964253345467,0.518282988871,1.87867287326,0.863174022847,0.470588235294,0.786197569093,0.41766745858,2.25,1.88235294118,0.786197569093,2.25,0.166339869281,0.0612244897959,3,0.00441176470588,0.185952380952,17,17,17,1,0,0.352941176471,0.411764705882,0.235294117647,0,0,0,0,0,0,0,0,0,0,0,0,0,0,0,0,0,0,0,0,0,0,0,0,0,0,0,0,0,37,0,0,235,1,1,0,0,1,1,1,1,1,1,2,2,0,0,0,0
2657,WLNM_dir_neg,1,0.5,00:00:00,10,60,46,1984532219,threshold_sweep,0.2,1,1,1,2,0,0,4,1,1,0,0,1,1,1,1,0.555555555556,1,1,1,37,35,2,0,37,0,35,0,2,17,37,0.136029411765,1.88235294118,4.35294117647,3.36363636364,2.84615384615,1.69341284359,0.389027274878,0.193958664547,2.09866904602,0.964253345467,0.518282988871,1.87867287326,0.863174022847,0.470588235294,0.786197569093,0.41766745858,2.25,1.88235294118,0.786197569093,2.25,0.166339869281,0.0612244897959,3,0.00441176470588,0.185952380952,17,17,17,1,0,0.352941176471,0.411764705882,0.235294117647,17,0.128676470588,1.90196078431,4.11764705882,3.18181818182,2.69230769231,1.57648156274,0.382859808093,0.201680672269,2.01465221053,0.978545359402,0.524369747899,1.74894926439,0.849489642704,0.463865546218,0.814492905316,0.428238537847,2.33333333333,1.90196078431,0.814492905316,2.33333333333,0,0,0,0,0.164242424242,17,17,17,1,0,0.352941176471,0.411764705882,0.235294117647,17,37,0.136029411765,1.88235294118,4.35294117647,3.36363636364,2.84615384615,1.69341284359,0.389027274878,0.193958664547,2.09866904602,0.964253345467,0.518282988871,1.87867287326,0.863174022847,0.470588235294,0.786197569093,0.41766745858,2.25,1.88235294118,0.786197569093,2.25,0.166339869281,0.0612244897959,3,0.00441176470588,0.185952380952,17,17,17,1,0,0.352941176471,0.411764705882,0.235294117647,0,0,0,0,0,0,0,0,0,0,0,0,0,0,0,0,0,0,0,0,0,0,0,0,0,0,0,0,0,37,0,0,235,1,1,0,0,1,1,1,1,1,1,2,2,0,0,0,0
2658,WLNM_dir_neg,1,0.5,00:00:00,10,60,46,1984532219,threshold_sweep,0.3,1,1,1,2,0,0,4,1,1,0,0,1,1,1,1,0.555555555556,1,1,1,37,35,2,0,37,0,35,0,2,17,37,0.136029411765,1.88235294118,4.35294117647,3.36363636364,2.84615384615,1.69341284359,0.389027274878,0.193958664547,2.09866904602,0.964253345467,0.518282988871,1.87867287326,0.863174022847,0.470588235294,0.786197569093,0.41766745858,2.25,1.88235294118,0.786197569093,2.25,0.166339869281,0.0612244897959,3,0.00441176470588,0.185952380952,17,17,17,1,0,0.352941176471,0.411764705882,0.235294117647,17,0.128676470588,1.90196078431,4.11764705882,3.18181818182,2.69230769231,1.57648156274,0.382859808093,0.201680672269,2.01465221053,0.978545359402,0.524369747899,1.74894926439,0.849489642704,0.463865546218,0.814492905316,0.428238537847,2.33333333333,1.90196078431,0.814492905316,2.33333333333,0,0,0,0,0.164242424242,17,17,17,1,0,0.352941176471,0.411764705882,0.235294117647,17,37,0.136029411765,1.88235294118,4.35294117647,3.36363636364,2.84615384615,1.69341284359,0.389027274878,0.193958664547,2.09866904602,0.964253345467,0.518282988871,1.87867287326,0.863174022847,0.470588235294,0.786197569093,0.41766745858,2.25,1.88235294118,0.786197569093,2.25,0.166339869281,0.0612244897959,3,0.00441176470588,0.185952380952,17,17,17,1,0,0.352941176471,0.411764705882,0.235294117647,0,0,0,0,0,0,0,0,0,0,0,0,0,0,0,0,0,0,0,0,0,0,0,0,0,0,0,0,0,37,0,0,235,1,1,0,0,1,1,1,1,1,1,2,2,0,0,0,0
2659,WLNM_dir_neg,1,0.5,00:00:00,10,60,46,1984532219,threshold_sweep,0.4,1,1,1,2,0,0,4,1,1,0,0,1,1,1,1,0.555555555556,1,1,1,37,35,2,0,37,0,35,0,2,17,37,0.136029411765,1.88235294118,4.35294117647,3.36363636364,2.84615384615,1.69341284359,0.389027274878,0.193958664547,2.09866904602,0.964253345467,0.518282988871,1.87867287326,0.863174022847,0.470588235294,0.786197569093,0.41766745858,2.25,1.88235294118,0.786197569093,2.25,0.166339869281,0.0612244897959,3,0.00441176470588,0.185952380952,17,17,17,1,0,0.352941176471,0.411764705882,0.235294117647,17,0.128676470588,1.90196078431,4.11764705882,3.18181818182,2.69230769231,1.57648156274,0.382859808093,0.201680672269,2.01465221053,0.978545359402,0.524369747899,1.74894926439,0.849489642704,0.463865546218,0.814492905316,0.428238537847,2.33333333333,1.90196078431,0.814492905316,2.33333333333,0,0,0,0,0.164242424242,17,17,17,1,0,0.352941176471,0.411764705882,0.235294117647,17,37,0.136029411765,1.88235294118,4.35294117647,3.36363636364,2.84615384615,1.69341284359,0.389027274878,0.193958664547,2.09866904602,0.964253345467,0.518282988871,1.87867287326,0.863174022847,0.470588235294,0.786197569093,0.41766745858,2.25,1.88235294118,0.786197569093,2.25,0.166339869281,0.0612244897959,3,0.00441176470588,0.185952380952,17,17,17,1,0,0.352941176471,0.411764705882,0.235294117647,0,0,0,0,0,0,0,0,0,0,0,0,0,0,0,0,0,0,0,0,0,0,0,0,0,0,0,0,0,37,0,0,235,1,1,0,0,1,1,1,1,1,1,2,2,0,0,0,0
2660,WLNM_dir_neg,1,0.5,00:00:00,10,60,46,1984532219,threshold_sweep,0.5,1,1,1,2,0,0,4,1,1,0,0,1,1,1,1,0.555555555556,1,1,1,37,35,2,0,37,0,35,0,2,17,37,0.136029411765,1.88235294118,4.35294117647,3.36363636364,2.84615384615,1.69341284359,0.389027274878,0.193958664547,2.09866904602,0.964253345467,0.518282988871,1.87867287326,0.863174022847,0.470588235294,0.786197569093,0.41766745858,2.25,1.88235294118,0.786197569093,2.25,0.166339869281,0.0612244897959,3,0.00441176470588,0.185952380952,17,17,17,1,0,0.352941176471,0.411764705882,0.235294117647,17,0.128676470588,1.90196078431,4.11764705882,3.18181818182,2.69230769231,1.57648156274,0.382859808093,0.201680672269,2.01465221053,0.978545359402,0.524369747899,1.74894926439,0.849489642704,0.463865546218,0.814492905316,0.428238537847,2.33333333333,1.90196078431,0.814492905316,2.33333333333,0,0,0,0,0.164242424242,17,17,17,1,0,0.352941176471,0.411764705882,0.235294117647,17,37,0.136029411765,1.88235294118,4.35294117647,3.36363636364,2.84615384615,1.69341284359,0.389027274878,0.193958664547,2.09866904602,0.964253345467,0.518282988871,1.87867287326,0.863174022847,0.470588235294,0.786197569093,0.41766745858,2.25,1.88235294118,0.786197569093,2.25,0.166339869281,0.0612244897959,3,0.00441176470588,0.185952380952,17,17,17,1,0,0.352941176471,0.411764705882,0.235294117647,0,0,0,0,0,0,0,0,0,0,0,0,0,0,0,0,0,0,0,0,0,0,0,0,0,0,0,0,0,37,0,0,235,1,1,0,0,1,1,1,1,1,1,2,2,0,0,0,0
2661,WLNM_dir_neg,1,0.5,00:00:00,10,60,46,1984532219,threshold_sweep,0.6,1,1,1,2,0,0,4,1,1,0,0,1,1,1,1,0.555555555556,1,1,1,37,35,2,0,37,0,35,0,2,17,37,0.136029411765,1.88235294118,4.35294117647,3.36363636364,2.84615384615,1.69341284359,0.389027274878,0.193958664547,2.09866904602,0.964253345467,0.518282988871,1.87867287326,0.863174022847,0.470588235294,0.786197569093,0.41766745858,2.25,1.88235294118,0.786197569093,2.25,0.166339869281,0.0612244897959,3,0.00441176470588,0.185952380952,17,17,17,1,0,0.352941176471,0.411764705882,0.235294117647,17,0.128676470588,1.90196078431,4.11764705882,3.18181818182,2.69230769231,1.57648156274,0.382859808093,0.201680672269,2.01465221053,0.978545359402,0.524369747899,1.74894926439,0.849489642704,0.463865546218,0.814492905316,0.428238537847,2.33333333333,1.90196078431,0.814492905316,2.33333333333,0,0,0,0,0.164242424242,17,17,17,1,0,0.352941176471,0.411764705882,0.235294117647,17,37,0.136029411765,1.88235294118,4.35294117647,3.36363636364,2.84615384615,1.69341284359,0.389027274878,0.193958664547,2.09866904602,0.964253345467,0.518282988871,1.87867287326,0.863174022847,0.470588235294,0.786197569093,0.41766745858,2.25,1.88235294118,0.786197569093,2.25,0.166339869281,0.0612244897959,3,0.00441176470588,0.185952380952,17,17,17,1,0,0.352941176471,0.411764705882,0.235294117647,0,0,0,0,0,0,0,0,0,0,0,0,0,0,0,0,0,0,0,0,0,0,0,0,0,0,0,0,0,37,0,0,235,1,1,0,0,1,1,1,1,1,1,2,2,0,0,0,0
2662,WLNM_dir_neg,1,0.5,00:00:00,10,60,46,1984532219,threshold_sweep,0.7,1,1,1,2,0,0,4,1,1,0,0,1,1,1,1,0.555555555556,1,1,1,37,35,2,0,37,0,35,0,2,17,37,0.136029411765,1.88235294118,4.35294117647,3.36363636364,2.84615384615,1.69341284359,0.389027274878,0.193958664547,2.09866904602,0.964253345467,0.518282988871,1.87867287326,0.863174022847,0.470588235294,0.786197569093,0.41766745858,2.25,1.88235294118,0.786197569093,2.25,0.166339869281,0.0612244897959,3,0.00441176470588,0.185952380952,17,17,17,1,0,0.352941176471,0.411764705882,0.235294117647,17,0.128676470588,1.90196078431,4.11764705882,3.18181818182,2.69230769231,1.57648156274,0.382859808093,0.201680672269,2.01465221053,0.978545359402,0.524369747899,1.74894926439,0.849489642704,0.463865546218,0.814492905316,0.428238537847,2.33333333333,1.90196078431,0.814492905316,2.33333333333,0,0,0,0,0.164242424242,17,17,17,1,0,0.352941176471,0.411764705882,0.235294117647,17,37,0.136029411765,1.88235294118,4.35294117647,3.36363636364,2.84615384615,1.69341284359,0.389027274878,0.193958664547,2.09866904602,0.964253345467,0.518282988871,1.87867287326,0.863174022847,0.470588235294,0.786197569093,0.41766745858,2.25,1.88235294118,0.786197569093,2.25,0.166339869281,0.0612244897959,3,0.00441176470588,0.185952380952,17,17,17,1,0,0.352941176471,0.411764705882,0.235294117647,0,0,0,0,0,0,0,0,0,0,0,0,0,0,0,0,0,0,0,0,0,0,0,0,0,0,0,0,0,37,0,0,235,1,1,0,0,1,1,1,1,1,1,2,2,0,0,0,0
2663,WLNM_dir_neg,1,0.5,00:00:00,10,60,46,1984532219,threshold_sweep,0.8,1,1,1,2,0,0,4,1,1,0,0,1,1,1,1,0.555555555556,1,1,1,37,35,2,0,37,0,35,0,2,17,37,0.136029411765,1.88235294118,4.35294117647,3.36363636364,2.84615384615,1.69341284359,0.389027274878,0.193958664547,2.09866904602,0.964253345467,0.518282988871,1.87867287326,0.863174022847,0.470588235294,0.786197569093,0.41766745858,2.25,1.88235294118,0.786197569093,2.25,0.166339869281,0.0612244897959,3,0.00441176470588,0.185952380952,17,17,17,1,0,0.352941176471,0.411764705882,0.235294117647,17,0.128676470588,1.90196078431,4.11764705882,3.18181818182,2.69230769231,1.57648156274,0.382859808093,0.201680672269,2.01465221053,0.978545359402,0.524369747899,1.74894926439,0.849489642704,0.463865546218,0.814492905316,0.428238537847,2.33333333333,1.90196078431,0.814492905316,2.33333333333,0,0,0,0,0.164242424242,17,17,17,1,0,0.352941176471,0.411764705882,0.235294117647,17,37,0.136029411765,1.88235294118,4.35294117647,3.36363636364,2.84615384615,1.69341284359,0.389027274878,0.193958664547,2.09866904602,0.964253345467,0.518282988871,1.87867287326,0.863174022847,0.470588235294,0.786197569093,0.41766745858,2.25,1.88235294118,0.786197569093,2.25,0.166339869281,0.0612244897959,3,0.00441176470588,0.185952380952,17,17,17,1,0,0.352941176471,0.411764705882,0.235294117647,0,0,0,0,0,0,0,0,0,0,0,0,0,0,0,0,0,0,0,0,0,0,0,0,0,0,0,0,0,37,0,0,235,1,1,0,0,1,1,1,1,1,1,2,2,0,0,0,0
2664,WLNM_dir_neg,1,0.5,00:00:00,10,60,46,1984532219,threshold_sweep,0.9,1,1,1,2,0,0,4,1,1,0,0,1,1,1,1,0.555555555556,1,1,1,37,35,2,0,37,0,35,0,2,17,37,0.136029411765,1.88235294118,4.35294117647,3.36363636364,2.84615384615,1.69341284359,0.389027274878,0.193958664547,2.09866904602,0.964253345467,0.518282988871,1.87867287326,0.863174022847,0.470588235294,0.786197569093,0.41766745858,2.25,1.88235294118,0.786197569093,2.25,0.166339869281,0.0612244897959,3,0.00441176470588,0.185952380952,17,17,17,1,0,0.352941176471,0.411764705882,0.235294117647,17,0.128676470588,1.90196078431,4.11764705882,3.18181818182,2.69230769231,1.57648156274,0.382859808093,0.201680672269,2.01465221053,0.978545359402,0.524369747899,1.74894926439,0.849489642704,0.463865546218,0.814492905316,0.428238537847,2.33333333333,1.90196078431,0.814492905316,2.33333333333,0,0,0,0,0.164242424242,17,17,17,1,0,0.352941176471,0.411764705882,0.235294117647,17,37,0.136029411765,1.88235294118,4.35294117647,3.36363636364,2.84615384615,1.69341284359,0.389027274878,0.193958664547,2.09866904602,0.964253345467,0.518282988871,1.87867287326,0.863174022847,0.470588235294,0.786197569093,0.41766745858,2.25,1.88235294118,0.786197569093,2.25,0.166339869281,0.0612244897959,3,0.00441176470588,0.185952380952,17,17,17,1,0,0.352941176471,0.411764705882,0.235294117647,0,0,0,0,0,0,0,0,0,0,0,0,0,0,0,0,0,0,0,0,0,0,0,0,0,0,0,0,0,37,0,0,235,1,1,0,0,1,1,1,1,1,1,2,2,0,0,0,0
2665,WLNM_dir_neg,1,0.5,00:00:02,10,60,47,1984532220,threshold_sweep,0.1,1,1,1,2,0,0,4,1,1,0,0,1,1,1,1,0.555555555556,1,1,1,37,35,2,0,37,0,35,0,2,17,37,0.136029411765,1.88235294118,4.35294117647,3.36363636364,2.84615384615,1.69341284359,0.389027274878,0.193958664547,2.09866904602,0.964253345467,0.518282988871,1.87867287326,0.863174022847,0.470588235294,0.786197569093,0.41766745858,2.25,1.88235294118,0.786197569093,2.25,0.166339869281,0.0612244897959,3,0.00441176470588,0.185952380952,17,17,17,1,0,0.352941176471,0.411764705882,0.235294117647,17,0.128676470588,1.90196078431,4.11764705882,3.18181818182,2.69230769231,1.57648156274,0.382859808093,0.201680672269,2.01465221053,0.978545359402,0.524369747899,1.74894926439,0.849489642704,0.463865546218,0.814492905316,0.428238537847,2.33333333333,1.90196078431,0.814492905316,2.33333333333,0,0,0,0,0.164242424242,17,17,17,1,0,0.352941176471,0.411764705882,0.235294117647,17,37,0.136029411765,1.88235294118,4.35294117647,3.36363636364,2.84615384615,1.69341284359,0.389027274878,0.193958664547,2.09866904602,0.964253345467,0.518282988871,1.87867287326,0.863174022847,0.470588235294,0.786197569093,0.41766745858,2.25,1.88235294118,0.786197569093,2.25,0.166339869281,0.0612244897959,3,0.00441176470588,0.185952380952,17,17,17,1,0,0.352941176471,0.411764705882,0.235294117647,0,0,0,0,0,0,0,0,0,0,0,0,0,0,0,0,0,0,0,0,0,0,0,0,0,0,0,0,0,37,0,0,235,1,1,0,0,1,1,1,1,1,1,2,2,0,0,0,0
2666,WLNM_dir_neg,1,0.5,00:00:02,10,60,47,1984532220,threshold_sweep,0.2,1,1,1,2,0,0,4,1,1,0,0,1,1,1,1,0.555555555556,1,1,1,37,35,2,0,37,0,35,0,2,17,37,0.136029411765,1.88235294118,4.35294117647,3.36363636364,2.84615384615,1.69341284359,0.389027274878,0.193958664547,2.09866904602,0.964253345467,0.518282988871,1.87867287326,0.863174022847,0.470588235294,0.786197569093,0.41766745858,2.25,1.88235294118,0.786197569093,2.25,0.166339869281,0.0612244897959,3,0.00441176470588,0.185952380952,17,17,17,1,0,0.352941176471,0.411764705882,0.235294117647,17,0.128676470588,1.90196078431,4.11764705882,3.18181818182,2.69230769231,1.57648156274,0.382859808093,0.201680672269,2.01465221053,0.978545359402,0.524369747899,1.74894926439,0.849489642704,0.463865546218,0.814492905316,0.428238537847,2.33333333333,1.90196078431,0.814492905316,2.33333333333,0,0,0,0,0.164242424242,17,17,17,1,0,0.352941176471,0.411764705882,0.235294117647,17,37,0.136029411765,1.88235294118,4.35294117647,3.36363636364,2.84615384615,1.69341284359,0.389027274878,0.193958664547,2.09866904602,0.964253345467,0.518282988871,1.87867287326,0.863174022847,0.470588235294,0.786197569093,0.41766745858,2.25,1.88235294118,0.786197569093,2.25,0.166339869281,0.0612244897959,3,0.00441176470588,0.185952380952,17,17,17,1,0,0.352941176471,0.411764705882,0.235294117647,0,0,0,0,0,0,0,0,0,0,0,0,0,0,0,0,0,0,0,0,0,0,0,0,0,0,0,0,0,37,0,0,235,1,1,0,0,1,1,1,1,1,1,2,2,0,0,0,0
2667,WLNM_dir_neg,1,0.5,00:00:02,10,60,47,1984532220,threshold_sweep,0.3,1,1,1,2,0,0,4,1,1,0,0,1,1,1,1,0.555555555556,1,1,1,37,35,2,0,37,0,35,0,2,17,37,0.136029411765,1.88235294118,4.35294117647,3.36363636364,2.84615384615,1.69341284359,0.389027274878,0.193958664547,2.09866904602,0.964253345467,0.518282988871,1.87867287326,0.863174022847,0.470588235294,0.786197569093,0.41766745858,2.25,1.88235294118,0.786197569093,2.25,0.166339869281,0.0612244897959,3,0.00441176470588,0.185952380952,17,17,17,1,0,0.352941176471,0.411764705882,0.235294117647,17,0.128676470588,1.90196078431,4.11764705882,3.18181818182,2.69230769231,1.57648156274,0.382859808093,0.201680672269,2.01465221053,0.978545359402,0.524369747899,1.74894926439,0.849489642704,0.463865546218,0.814492905316,0.428238537847,2.33333333333,1.90196078431,0.814492905316,2.33333333333,0,0,0,0,0.164242424242,17,17,17,1,0,0.352941176471,0.411764705882,0.235294117647,17,37,0.136029411765,1.88235294118,4.35294117647,3.36363636364,2.84615384615,1.69341284359,0.389027274878,0.193958664547,2.09866904602,0.964253345467,0.518282988871,1.87867287326,0.863174022847,0.470588235294,0.786197569093,0.41766745858,2.25,1.88235294118,0.786197569093,2.25,0.166339869281,0.0612244897959,3,0.00441176470588,0.185952380952,17,17,17,1,0,0.352941176471,0.411764705882,0.235294117647,0,0,0,0,0,0,0,0,0,0,0,0,0,0,0,0,0,0,0,0,0,0,0,0,0,0,0,0,0,37,0,0,235,1,1,0,0,1,1,1,1,1,1,2,2,0,0,0,0
2668,WLNM_dir_neg,1,0.5,00:00:02,10,60,47,1984532220,threshold_sweep,0.4,1,1,1,2,0,0,4,1,1,0,0,1,1,1,1,0.555555555556,1,1,1,37,35,2,0,37,0,35,0,2,17,37,0.136029411765,1.88235294118,4.35294117647,3.36363636364,2.84615384615,1.69341284359,0.389027274878,0.193958664547,2.09866904602,0.964253345467,0.518282988871,1.87867287326,0.863174022847,0.470588235294,0.786197569093,0.41766745858,2.25,1.88235294118,0.786197569093,2.25,0.166339869281,0.0612244897959,3,0.00441176470588,0.185952380952,17,17,17,1,0,0.352941176471,0.411764705882,0.235294117647,17,0.128676470588,1.90196078431,4.11764705882,3.18181818182,2.69230769231,1.57648156274,0.382859808093,0.201680672269,2.01465221053,0.978545359402,0.524369747899,1.74894926439,0.849489642704,0.463865546218,0.814492905316,0.428238537847,2.33333333333,1.90196078431,0.814492905316,2.33333333333,0,0,0,0,0.164242424242,17,17,17,1,0,0.352941176471,0.411764705882,0.235294117647,17,37,0.136029411765,1.88235294118,4.35294117647,3.36363636364,2.84615384615,1.69341284359,0.389027274878,0.193958664547,2.09866904602,0.964253345467,0.518282988871,1.87867287326,0.863174022847,0.470588235294,0.786197569093,0.41766745858,2.25,1.88235294118,0.786197569093,2.25,0.166339869281,0.0612244897959,3,0.00441176470588,0.185952380952,17,17,17,1,0,0.352941176471,0.411764705882,0.235294117647,0,0,0,0,0,0,0,0,0,0,0,0,0,0,0,0,0,0,0,0,0,0,0,0,0,0,0,0,0,37,0,0,235,1,1,0,0,1,1,1,1,1,1,2,2,0,0,0,0
2669,WLNM_dir_neg,1,0.5,00:00:02,10,60,47,1984532220,threshold_sweep,0.5,1,1,1,2,0,0,4,1,1,0,0,1,1,1,1,0.555555555556,1,1,1,37,35,2,0,37,0,35,0,2,17,37,0.136029411765,1.88235294118,4.35294117647,3.36363636364,2.84615384615,1.69341284359,0.389027274878,0.193958664547,2.09866904602,0.964253345467,0.518282988871,1.87867287326,0.863174022847,0.470588235294,0.786197569093,0.41766745858,2.25,1.88235294118,0.786197569093,2.25,0.166339869281,0.0612244897959,3,0.00441176470588,0.185952380952,17,17,17,1,0,0.352941176471,0.411764705882,0.235294117647,17,0.128676470588,1.90196078431,4.11764705882,3.18181818182,2.69230769231,1.57648156274,0.382859808093,0.201680672269,2.01465221053,0.978545359402,0.524369747899,1.74894926439,0.849489642704,0.463865546218,0.814492905316,0.428238537847,2.33333333333,1.90196078431,0.814492905316,2.33333333333,0,0,0,0,0.164242424242,17,17,17,1,0,0.352941176471,0.411764705882,0.235294117647,17,37,0.136029411765,1.88235294118,4.35294117647,3.36363636364,2.84615384615,1.69341284359,0.389027274878,0.193958664547,2.09866904602,0.964253345467,0.518282988871,1.87867287326,0.863174022847,0.470588235294,0.786197569093,0.41766745858,2.25,1.88235294118,0.786197569093,2.25,0.166339869281,0.0612244897959,3,0.00441176470588,0.185952380952,17,17,17,1,0,0.352941176471,0.411764705882,0.235294117647,0,0,0,0,0,0,0,0,0,0,0,0,0,0,0,0,0,0,0,0,0,0,0,0,0,0,0,0,0,37,0,0,235,1,1,0,0,1,1,1,1,1,1,2,2,0,0,0,0
2670,WLNM_dir_neg,1,0.5,00:00:02,10,60,47,1984532220,threshold_sweep,0.6,1,1,1,2,0,0,4,1,1,0,0,1,1,1,1,0.555555555556,1,1,1,37,35,2,0,37,0,35,0,2,17,37,0.136029411765,1.88235294118,4.35294117647,3.36363636364,2.84615384615,1.69341284359,0.389027274878,0.193958664547,2.09866904602,0.964253345467,0.518282988871,1.87867287326,0.863174022847,0.470588235294,0.786197569093,0.41766745858,2.25,1.88235294118,0.786197569093,2.25,0.166339869281,0.0612244897959,3,0.00441176470588,0.185952380952,17,17,17,1,0,0.352941176471,0.411764705882,0.235294117647,17,0.128676470588,1.90196078431,4.11764705882,3.18181818182,2.69230769231,1.57648156274,0.382859808093,0.201680672269,2.01465221053,0.978545359402,0.524369747899,1.74894926439,0.849489642704,0.463865546218,0.814492905316,0.428238537847,2.33333333333,1.90196078431,0.814492905316,2.33333333333,0,0,0,0,0.164242424242,17,17,17,1,0,0.352941176471,0.411764705882,0.235294117647,17,37,0.136029411765,1.88235294118,4.35294117647,3.36363636364,2.84615384615,1.69341284359,0.389027274878,0.193958664547,2.09866904602,0.964253345467,0.518282988871,1.87867287326,0.863174022847,0.470588235294,0.786197569093,0.41766745858,2.25,1.88235294118,0.786197569093,2.25,0.166339869281,0.0612244897959,3,0.00441176470588,0.185952380952,17,17,17,1,0,0.352941176471,0.411764705882,0.235294117647,0,0,0,0,0,0,0,0,0,0,0,0,0,0,0,0,0,0,0,0,0,0,0,0,0,0,0,0,0,37,0,0,235,1,1,0,0,1,1,1,1,1,1,2,2,0,0,0,0
2671,WLNM_dir_neg,1,0.5,00:00:02,10,60,47,1984532220,threshold_sweep,0.7,1,1,1,2,0,0,4,1,1,0,0,1,1,1,1,0.555555555556,1,1,1,37,35,2,0,37,0,35,0,2,17,37,0.136029411765,1.88235294118,4.35294117647,3.36363636364,2.84615384615,1.69341284359,0.389027274878,0.193958664547,2.09866904602,0.964253345467,0.518282988871,1.87867287326,0.863174022847,0.470588235294,0.786197569093,0.41766745858,2.25,1.88235294118,0.786197569093,2.25,0.166339869281,0.0612244897959,3,0.00441176470588,0.185952380952,17,17,17,1,0,0.352941176471,0.411764705882,0.235294117647,17,0.128676470588,1.90196078431,4.11764705882,3.18181818182,2.69230769231,1.57648156274,0.382859808093,0.201680672269,2.01465221053,0.978545359402,0.524369747899,1.74894926439,0.849489642704,0.463865546218,0.814492905316,0.428238537847,2.33333333333,1.90196078431,0.814492905316,2.33333333333,0,0,0,0,0.164242424242,17,17,17,1,0,0.352941176471,0.411764705882,0.235294117647,17,37,0.136029411765,1.88235294118,4.35294117647,3.36363636364,2.84615384615,1.69341284359,0.389027274878,0.193958664547,2.09866904602,0.964253345467,0.518282988871,1.87867287326,0.863174022847,0.470588235294,0.786197569093,0.41766745858,2.25,1.88235294118,0.786197569093,2.25,0.166339869281,0.0612244897959,3,0.00441176470588,0.185952380952,17,17,17,1,0,0.352941176471,0.411764705882,0.235294117647,0,0,0,0,0,0,0,0,0,0,0,0,0,0,0,0,0,0,0,0,0,0,0,0,0,0,0,0,0,37,0,0,235,1,1,0,0,1,1,1,1,1,1,2,2,0,0,0,0
2672,WLNM_dir_neg,1,0.5,00:00:02,10,60,47,1984532220,threshold_sweep,0.8,1,1,1,2,0,0,4,1,1,0,0,1,1,1,1,0.555555555556,1,1,1,37,35,2,0,37,0,35,0,2,17,37,0.136029411765,1.88235294118,4.35294117647,3.36363636364,2.84615384615,1.69341284359,0.389027274878,0.193958664547,2.09866904602,0.964253345467,0.518282988871,1.87867287326,0.863174022847,0.470588235294,0.786197569093,0.41766745858,2.25,1.88235294118,0.786197569093,2.25,0.166339869281,0.0612244897959,3,0.00441176470588,0.185952380952,17,17,17,1,0,0.352941176471,0.411764705882,0.235294117647,17,0.128676470588,1.90196078431,4.11764705882,3.18181818182,2.69230769231,1.57648156274,0.382859808093,0.201680672269,2.01465221053,0.978545359402,0.524369747899,1.74894926439,0.849489642704,0.463865546218,0.814492905316,0.428238537847,2.33333333333,1.90196078431,0.814492905316,2.33333333333,0,0,0,0,0.164242424242,17,17,17,1,0,0.352941176471,0.411764705882,0.235294117647,17,37,0.136029411765,1.88235294118,4.35294117647,3.36363636364,2.84615384615,1.69341284359,0.389027274878,0.193958664547,2.09866904602,0.964253345467,0.518282988871,1.87867287326,0.863174022847,0.470588235294,0.786197569093,0.41766745858,2.25,1.88235294118,0.786197569093,2.25,0.166339869281,0.0612244897959,3,0.00441176470588,0.185952380952,17,17,17,1,0,0.352941176471,0.411764705882,0.235294117647,0,0,0,0,0,0,0,0,0,0,0,0,0,0,0,0,0,0,0,0,0,0,0,0,0,0,0,0,0,37,0,0,235,1,1,0,0,1,1,1,1,1,1,2,2,0,0,0,0
2673,WLNM_dir_neg,1,0.5,00:00:02,10,60,47,1984532220,threshold_sweep,0.9,1,1,1,2,0,0,4,1,1,0,0,1,1,1,1,0.555555555556,1,1,1,37,35,2,0,37,0,35,0,2,17,37,0.136029411765,1.88235294118,4.35294117647,3.36363636364,2.84615384615,1.69341284359,0.389027274878,0.193958664547,2.09866904602,0.964253345467,0.518282988871,1.87867287326,0.863174022847,0.470588235294,0.786197569093,0.41766745858,2.25,1.88235294118,0.786197569093,2.25,0.166339869281,0.0612244897959,3,0.00441176470588,0.185952380952,17,17,17,1,0,0.352941176471,0.411764705882,0.235294117647,17,0.128676470588,1.90196078431,4.11764705882,3.18181818182,2.69230769231,1.57648156274,0.382859808093,0.201680672269,2.01465221053,0.978545359402,0.524369747899,1.74894926439,0.849489642704,0.463865546218,0.814492905316,0.428238537847,2.33333333333,1.90196078431,0.814492905316,2.33333333333,0,0,0,0,0.164242424242,17,17,17,1,0,0.352941176471,0.411764705882,0.235294117647,17,37,0.136029411765,1.88235294118,4.35294117647,3.36363636364,2.84615384615,1.69341284359,0.389027274878,0.193958664547,2.09866904602,0.964253345467,0.518282988871,1.87867287326,0.863174022847,0.470588235294,0.786197569093,0.41766745858,2.25,1.88235294118,0.786197569093,2.25,0.166339869281,0.0612244897959,3,0.00441176470588,0.185952380952,17,17,17,1,0,0.352941176471,0.411764705882,0.235294117647,0,0,0,0,0,0,0,0,0,0,0,0,0,0,0,0,0,0,0,0,0,0,0,0,0,0,0,0,0,37,0,0,235,1,1,0,0,1,1,1,1,1,1,2,2,0,0,0,0
2674,WLNM_dir_neg,1,0.5,00:00:01,10,60,48,1984532221,threshold_sweep,0.1,1,1,1,2,0,0,4,1,1,0,0,1,1,1,1,0.555555555556,1,1,1,37,35,2,0,37,0,35,0,2,17,37,0.136029411765,1.88235294118,4.35294117647,3.36363636364,2.84615384615,1.69341284359,0.389027274878,0.193958664547,2.09866904602,0.964253345467,0.518282988871,1.87867287326,0.863174022847,0.470588235294,0.786197569093,0.41766745858,2.25,1.88235294118,0.786197569093,2.25,0.166339869281,0.0612244897959,3,0.00441176470588,0.185952380952,17,17,17,1,0,0.352941176471,0.411764705882,0.235294117647,17,0.128676470588,1.90196078431,4.11764705882,3.18181818182,2.69230769231,1.57648156274,0.382859808093,0.201680672269,2.01465221053,0.978545359402,0.524369747899,1.74894926439,0.849489642704,0.463865546218,0.814492905316,0.428238537847,2.33333333333,1.90196078431,0.814492905316,2.33333333333,0,0,0,0,0.164242424242,17,17,17,1,0,0.352941176471,0.411764705882,0.235294117647,17,37,0.136029411765,1.88235294118,4.35294117647,3.36363636364,2.84615384615,1.69341284359,0.389027274878,0.193958664547,2.09866904602,0.964253345467,0.518282988871,1.87867287326,0.863174022847,0.470588235294,0.786197569093,0.41766745858,2.25,1.88235294118,0.786197569093,2.25,0.166339869281,0.0612244897959,3,0.00441176470588,0.185952380952,17,17,17,1,0,0.352941176471,0.411764705882,0.235294117647,0,0,0,0,0,0,0,0,0,0,0,0,0,0,0,0,0,0,0,0,0,0,0,0,0,0,0,0,0,37,0,0,235,1,1,0,0,1,1,1,1,1,1,2,2,0,0,0,0
2675,WLNM_dir_neg,1,0.5,00:00:01,10,60,48,1984532221,threshold_sweep,0.2,1,1,1,2,0,0,4,1,1,0,0,1,1,1,1,0.555555555556,1,1,1,37,35,2,0,37,0,35,0,2,17,37,0.136029411765,1.88235294118,4.35294117647,3.36363636364,2.84615384615,1.69341284359,0.389027274878,0.193958664547,2.09866904602,0.964253345467,0.518282988871,1.87867287326,0.863174022847,0.470588235294,0.786197569093,0.41766745858,2.25,1.88235294118,0.786197569093,2.25,0.166339869281,0.0612244897959,3,0.00441176470588,0.185952380952,17,17,17,1,0,0.352941176471,0.411764705882,0.235294117647,17,0.128676470588,1.90196078431,4.11764705882,3.18181818182,2.69230769231,1.57648156274,0.382859808093,0.201680672269,2.01465221053,0.978545359402,0.524369747899,1.74894926439,0.849489642704,0.463865546218,0.814492905316,0.428238537847,2.33333333333,1.90196078431,0.814492905316,2.33333333333,0,0,0,0,0.164242424242,17,17,17,1,0,0.352941176471,0.411764705882,0.235294117647,17,37,0.136029411765,1.88235294118,4.35294117647,3.36363636364,2.84615384615,1.69341284359,0.389027274878,0.193958664547,2.09866904602,0.964253345467,0.518282988871,1.87867287326,0.863174022847,0.470588235294,0.786197569093,0.41766745858,2.25,1.88235294118,0.786197569093,2.25,0.166339869281,0.0612244897959,3,0.00441176470588,0.185952380952,17,17,17,1,0,0.352941176471,0.411764705882,0.235294117647,0,0,0,0,0,0,0,0,0,0,0,0,0,0,0,0,0,0,0,0,0,0,0,0,0,0,0,0,0,37,0,0,235,1,1,0,0,1,1,1,1,1,1,2,2,0,0,0,0
2676,WLNM_dir_neg,1,0.5,00:00:01,10,60,48,1984532221,threshold_sweep,0.3,1,1,1,2,0,0,4,1,1,0,0,1,1,1,1,0.555555555556,1,1,1,37,35,2,0,37,0,35,0,2,17,37,0.136029411765,1.88235294118,4.35294117647,3.36363636364,2.84615384615,1.69341284359,0.389027274878,0.193958664547,2.09866904602,0.964253345467,0.518282988871,1.87867287326,0.863174022847,0.470588235294,0.786197569093,0.41766745858,2.25,1.88235294118,0.786197569093,2.25,0.166339869281,0.0612244897959,3,0.00441176470588,0.185952380952,17,17,17,1,0,0.352941176471,0.411764705882,0.235294117647,17,0.128676470588,1.90196078431,4.11764705882,3.18181818182,2.69230769231,1.57648156274,0.382859808093,0.201680672269,2.01465221053,0.978545359402,0.524369747899,1.74894926439,0.849489642704,0.463865546218,0.814492905316,0.428238537847,2.33333333333,1.90196078431,0.814492905316,2.33333333333,0,0,0,0,0.164242424242,17,17,17,1,0,0.352941176471,0.411764705882,0.235294117647,17,37,0.136029411765,1.88235294118,4.35294117647,3.36363636364,2.84615384615,1.69341284359,0.389027274878,0.193958664547,2.09866904602,0.964253345467,0.518282988871,1.87867287326,0.863174022847,0.470588235294,0.786197569093,0.41766745858,2.25,1.88235294118,0.786197569093,2.25,0.166339869281,0.0612244897959,3,0.00441176470588,0.185952380952,17,17,17,1,0,0.352941176471,0.411764705882,0.235294117647,0,0,0,0,0,0,0,0,0,0,0,0,0,0,0,0,0,0,0,0,0,0,0,0,0,0,0,0,0,37,0,0,235,1,1,0,0,1,1,1,1,1,1,2,2,0,0,0,0
2677,WLNM_dir_neg,1,0.5,00:00:01,10,60,48,1984532221,threshold_sweep,0.4,1,1,1,2,0,0,4,1,1,0,0,1,1,1,1,0.555555555556,1,1,1,37,35,2,0,37,0,35,0,2,17,37,0.136029411765,1.88235294118,4.35294117647,3.36363636364,2.84615384615,1.69341284359,0.389027274878,0.193958664547,2.09866904602,0.964253345467,0.518282988871,1.87867287326,0.863174022847,0.470588235294,0.786197569093,0.41766745858,2.25,1.88235294118,0.786197569093,2.25,0.166339869281,0.0612244897959,3,0.00441176470588,0.185952380952,17,17,17,1,0,0.352941176471,0.411764705882,0.235294117647,17,0.128676470588,1.90196078431,4.11764705882,3.18181818182,2.69230769231,1.57648156274,0.382859808093,0.201680672269,2.01465221053,0.978545359402,0.524369747899,1.74894926439,0.849489642704,0.463865546218,0.814492905316,0.428238537847,2.33333333333,1.90196078431,0.814492905316,2.33333333333,0,0,0,0,0.164242424242,17,17,17,1,0,0.352941176471,0.411764705882,0.235294117647,17,37,0.136029411765,1.88235294118,4.35294117647,3.36363636364,2.84615384615,1.69341284359,0.389027274878,0.193958664547,2.09866904602,0.964253345467,0.518282988871,1.87867287326,0.863174022847,0.470588235294,0.786197569093,0.41766745858,2.25,1.88235294118,0.786197569093,2.25,0.166339869281,0.0612244897959,3,0.00441176470588,0.185952380952,17,17,17,1,0,0.352941176471,0.411764705882,0.235294117647,0,0,0,0,0,0,0,0,0,0,0,0,0,0,0,0,0,0,0,0,0,0,0,0,0,0,0,0,0,37,0,0,235,1,1,0,0,1,1,1,1,1,1,2,2,0,0,0,0
2678,WLNM_dir_neg,1,0.5,00:00:01,10,60,48,1984532221,threshold_sweep,0.5,1,1,1,2,0,0,4,1,1,0,0,1,1,1,1,0.555555555556,1,1,1,37,35,2,0,37,0,35,0,2,17,37,0.136029411765,1.88235294118,4.35294117647,3.36363636364,2.84615384615,1.69341284359,0.389027274878,0.193958664547,2.09866904602,0.964253345467,0.518282988871,1.87867287326,0.863174022847,0.470588235294,0.786197569093,0.41766745858,2.25,1.88235294118,0.786197569093,2.25,0.166339869281,0.0612244897959,3,0.00441176470588,0.185952380952,17,17,17,1,0,0.352941176471,0.411764705882,0.235294117647,17,0.128676470588,1.90196078431,4.11764705882,3.18181818182,2.69230769231,1.57648156274,0.382859808093,0.201680672269,2.01465221053,0.978545359402,0.524369747899,1.74894926439,0.849489642704,0.463865546218,0.814492905316,0.428238537847,2.33333333333,1.90196078431,0.814492905316,2.33333333333,0,0,0,0,0.164242424242,17,17,17,1,0,0.352941176471,0.411764705882,0.235294117647,17,37,0.136029411765,1.88235294118,4.35294117647,3.36363636364,2.84615384615,1.69341284359,0.389027274878,0.193958664547,2.09866904602,0.964253345467,0.518282988871,1.87867287326,0.863174022847,0.470588235294,0.786197569093,0.41766745858,2.25,1.88235294118,0.786197569093,2.25,0.166339869281,0.0612244897959,3,0.00441176470588,0.185952380952,17,17,17,1,0,0.352941176471,0.411764705882,0.235294117647,0,0,0,0,0,0,0,0,0,0,0,0,0,0,0,0,0,0,0,0,0,0,0,0,0,0,0,0,0,37,0,0,235,1,1,0,0,1,1,1,1,1,1,2,2,0,0,0,0
2679,WLNM_dir_neg,1,0.5,00:00:01,10,60,48,1984532221,threshold_sweep,0.6,1,1,1,2,0,0,4,1,1,0,0,1,1,1,1,0.555555555556,1,1,1,37,35,2,0,37,0,35,0,2,17,37,0.136029411765,1.88235294118,4.35294117647,3.36363636364,2.84615384615,1.69341284359,0.389027274878,0.193958664547,2.09866904602,0.964253345467,0.518282988871,1.87867287326,0.863174022847,0.470588235294,0.786197569093,0.41766745858,2.25,1.88235294118,0.786197569093,2.25,0.166339869281,0.0612244897959,3,0.00441176470588,0.185952380952,17,17,17,1,0,0.352941176471,0.411764705882,0.235294117647,17,0.128676470588,1.90196078431,4.11764705882,3.18181818182,2.69230769231,1.57648156274,0.382859808093,0.201680672269,2.01465221053,0.978545359402,0.524369747899,1.74894926439,0.849489642704,0.463865546218,0.814492905316,0.428238537847,2.33333333333,1.90196078431,0.814492905316,2.33333333333,0,0,0,0,0.164242424242,17,17,17,1,0,0.352941176471,0.411764705882,0.235294117647,17,37,0.136029411765,1.88235294118,4.35294117647,3.36363636364,2.84615384615,1.69341284359,0.389027274878,0.193958664547,2.09866904602,0.964253345467,0.518282988871,1.87867287326,0.863174022847,0.470588235294,0.786197569093,0.41766745858,2.25,1.88235294118,0.786197569093,2.25,0.166339869281,0.0612244897959,3,0.00441176470588,0.185952380952,17,17,17,1,0,0.352941176471,0.411764705882,0.235294117647,0,0,0,0,0,0,0,0,0,0,0,0,0,0,0,0,0,0,0,0,0,0,0,0,0,0,0,0,0,37,0,0,235,1,1,0,0,1,1,1,1,1,1,2,2,0,0,0,0
2680,WLNM_dir_neg,1,0.5,00:00:01,10,60,48,1984532221,threshold_sweep,0.7,1,1,1,2,0,0,4,1,1,0,0,1,1,1,1,0.555555555556,1,1,1,37,35,2,0,37,0,35,0,2,17,37,0.136029411765,1.88235294118,4.35294117647,3.36363636364,2.84615384615,1.69341284359,0.389027274878,0.193958664547,2.09866904602,0.964253345467,0.518282988871,1.87867287326,0.863174022847,0.470588235294,0.786197569093,0.41766745858,2.25,1.88235294118,0.786197569093,2.25,0.166339869281,0.0612244897959,3,0.00441176470588,0.185952380952,17,17,17,1,0,0.352941176471,0.411764705882,0.235294117647,17,0.128676470588,1.90196078431,4.11764705882,3.18181818182,2.69230769231,1.57648156274,0.382859808093,0.201680672269,2.01465221053,0.978545359402,0.524369747899,1.74894926439,0.849489642704,0.463865546218,0.814492905316,0.428238537847,2.33333333333,1.90196078431,0.814492905316,2.33333333333,0,0,0,0,0.164242424242,17,17,17,1,0,0.352941176471,0.411764705882,0.235294117647,17,37,0.136029411765,1.88235294118,4.35294117647,3.36363636364,2.84615384615,1.69341284359,0.389027274878,0.193958664547,2.09866904602,0.964253345467,0.518282988871,1.87867287326,0.863174022847,0.470588235294,0.786197569093,0.41766745858,2.25,1.88235294118,0.786197569093,2.25,0.166339869281,0.0612244897959,3,0.00441176470588,0.185952380952,17,17,17,1,0,0.352941176471,0.411764705882,0.235294117647,0,0,0,0,0,0,0,0,0,0,0,0,0,0,0,0,0,0,0,0,0,0,0,0,0,0,0,0,0,37,0,0,235,1,1,0,0,1,1,1,1,1,1,2,2,0,0,0,0
2681,WLNM_dir_neg,1,0.5,00:00:01,10,60,48,1984532221,threshold_sweep,0.8,1,0.5,0.666666666667,1,0,1,4,0.5,1,0,0.5,1,0.5,0.666666666667,0.833333333333,0.611111111111,0.571428571429,0.632455532034,0.5,37,35,2,0,37,0,35,0,2,17,37,0.136029411765,1.88235294118,4.35294117647,3.36363636364,2.84615384615,1.69341284359,0.389027274878,0.193958664547,2.09866904602,0.964253345467,0.518282988871,1.87867287326,0.863174022847,0.470588235294,0.786197569093,0.41766745858,2.25,1.88235294118,0.786197569093,2.25,0.166339869281,0.0612244897959,3,0.00441176470588,0.185952380952,17,17,17,1,0,0.352941176471,0.411764705882,0.235294117647,17,0.128676470588,1.90196078431,4.11764705882,3.18181818182,2.69230769231,1.57648156274,0.382859808093,0.201680672269,2.01465221053,0.978545359402,0.524369747899,1.74894926439,0.849489642704,0.463865546218,0.814492905316,0.428238537847,2.33333333333,1.90196078431,0.814492905316,2.33333333333,0,0,0,0,0.164242424242,17,17,17,1,0,0.352941176471,0.411764705882,0.235294117647,17,36,0.132352941176,1.89705882353,4.23529411765,3.27272727273,2.76923076923,1.71498585143,0.40492721492,0.204248366013,2.05798302171,0.971825315808,0.522875816993,1.79869233546,0.849382491746,0.464052287582,0.805541469338,0.424626510969,2.25,1.89705882353,0.805541469338,2.25,0.0702614379085,0.0214285714286,1,0.00147058823529,0.175454545455,17,17,17,1,0,0.352941176471,0.411764705882,0.235294117647,-1,-0.00367647058824,0.0147058823529,-0.117647058824,-0.0909090909091,-0.0769230769231,0.0215730078386,0.0158999400418,0.0102897014662,-0.0406860243059,0.00757197034072,0.00459282812224,-0.0799805377942,-0.0137915311015,-0.00653594771242,0.0193439002456,0.00695905238854,0,0.0147058823529,0.0193439002456,0,-0.0960784313725,-0.0397959183673,-2,-0.00294117647059,-0.0104978354978,0,0,0,36,0,1,235,0.972972972973,1,0,0.027027027027,1,0.972972972973,0.986301369863,0.984301887704,0.972972972973,0.972972972973,1,2,0,0,0,0
2682,WLNM_dir_neg,1,0.5,00:00:01,10,60,48,1984532221,threshold_sweep,0.9,1,0.5,0.666666666667,1,0,1,4,0.5,1,0,0.5,1,0.5,0.666666666667,0.833333333333,0.611111111111,0.571428571429,0.632455532034,0.5,37,35,2,0,37,0,35,0,2,17,37,0.136029411765,1.88235294118,4.35294117647,3.36363636364,2.84615384615,1.69341284359,0.389027274878,0.193958664547,2.09866904602,0.964253345467,0.518282988871,1.87867287326,0.863174022847,0.470588235294,0.786197569093,0.41766745858,2.25,1.88235294118,0.786197569093,2.25,0.166339869281,0.0612244897959,3,0.00441176470588,0.185952380952,17,17,17,1,0,0.352941176471,0.411764705882,0.235294117647,17,0.128676470588,1.90196078431,4.11764705882,3.18181818182,2.69230769231,1.57648156274,0.382859808093,0.201680672269,2.01465221053,0.978545359402,0.524369747899,1.74894926439,0.849489642704,0.463865546218,0.814492905316,0.428238537847,2.33333333333,1.90196078431,0.814492905316,2.33333333333,0,0,0,0,0.164242424242,17,17,17,1,0,0.352941176471,0.411764705882,0.235294117647,17,36,0.132352941176,1.89705882353,4.23529411765,3.27272727273,2.76923076923,1.71498585143,0.40492721492,0.204248366013,2.05798302171,0.971825315808,0.522875816993,1.79869233546,0.849382491746,0.464052287582,0.805541469338,0.424626510969,2.25,1.89705882353,0.805541469338,2.25,0.0702614379085,0.0214285714286,1,0.00147058823529,0.175454545455,17,17,17,1,0,0.352941176471,0.411764705882,0.235294117647,-1,-0.00367647058824,0.0147058823529,-0.117647058824,-0.0909090909091,-0.0769230769231,0.0215730078386,0.0158999400418,0.0102897014662,-0.0406860243059,0.00757197034072,0.00459282812224,-0.0799805377942,-0.0137915311015,-0.00653594771242,0.0193439002456,0.00695905238854,0,0.0147058823529,0.0193439002456,0,-0.0960784313725,-0.0397959183673,-2,-0.00294117647059,-0.0104978354978,0,0,0,36,0,1,235,0.972972972973,1,0,0.027027027027,1,0.972972972973,0.986301369863,0.984301887704,0.972972972973,0.972972972973,1,2,0,0,0,0
2683,WLNM_dir_neg,1,0.5,00:00:01,10,60,49,1984532222,threshold_sweep,0.1,0.666666666667,1,0.8,2,1,0,3,1,0.75,0.25,0,0.666666666667,1,0.8,0.833333333333,0.5,0.666666666667,0.707106781187,0.75,37,35,2,0,37,0,35,0,2,17,37,0.136029411765,1.88235294118,4.35294117647,3.36363636364,2.84615384615,1.69341284359,0.389027274878,0.193958664547,2.09866904602,0.964253345467,0.518282988871,1.87867287326,0.863174022847,0.470588235294,0.786197569093,0.41766745858,2.25,1.88235294118,0.786197569093,2.25,0.166339869281,0.0612244897959,3,0.00441176470588,0.185952380952,17,17,17,1,0,0.352941176471,0.411764705882,0.235294117647,17,0.128676470588,1.90196078431,4.11764705882,3.18181818182,2.69230769231,1.57648156274,0.382859808093,0.201680672269,2.01465221053,0.978545359402,0.524369747899,1.74894926439,0.849489642704,0.463865546218,0.814492905316,0.428238537847,2.33333333333,1.90196078431,0.814492905316,2.33333333333,0,0,0,0,0.164242424242,17,17,17,1,0,0.352941176471,0.411764705882,0.235294117647,17,38,0.139705882353,1.87941176471,4.47058823529,3.45454545455,2.71428571429,1.73629084037,0.388380845872,0.198142414861,2.16591238756,0.968960804961,0.517027863777,1.82103719638,0.814674535221,0.442724458204,0.780836655359,0.415468642914,2.2,1.87941176471,0.780836655359,2.2,0.162418300654,0.0576923076923,3,0.00441176470588,0.182878787879,17,17,17,1,0,0.352941176471,0.470588235294,0.176470588235,1,0.00367647058824,-0.00294117647059,0.117647058824,0.0909090909091,-0.131868131868,0.0428779967836,-0.000646429005719,0.00418375031378,0.0672433415445,0.00470745949447,-0.00125512509413,-0.0576356768785,-0.0484994876259,-0.0278637770898,-0.00536091373311,-0.00219881566616,-0.05,-0.00294117647059,-0.00536091373311,-0.05,-0.00392156862745,-0.00353218210361,0,0,-0.00307359307359,0,0.0588235294118,-0.0588235294118,37,1,0,234,1,0.995744680851,0.00425531914894,0,0.973684210526,1,0.986666666667,0.984652666406,0.995744680851,0.973684210526,3,2,0,0,0,0
2684,WLNM_dir_neg,1,0.5,00:00:01,10,60,49,1984532222,threshold_sweep,0.2,0.666666666667,1,0.8,2,1,0,3,1,0.75,0.25,0,0.666666666667,1,0.8,0.833333333333,0.5,0.666666666667,0.707106781187,0.75,37,35,2,0,37,0,35,0,2,17,37,0.136029411765,1.88235294118,4.35294117647,3.36363636364,2.84615384615,1.69341284359,0.389027274878,0.193958664547,2.09866904602,0.964253345467,0.518282988871,1.87867287326,0.863174022847,0.470588235294,0.786197569093,0.41766745858,2.25,1.88235294118,0.786197569093,2.25,0.166339869281,0.0612244897959,3,0.00441176470588,0.185952380952,17,17,17,1,0,0.352941176471,0.411764705882,0.235294117647,17,0.128676470588,1.90196078431,4.11764705882,3.18181818182,2.69230769231,1.57648156274,0.382859808093,0.201680672269,2.01465221053,0.978545359402,0.524369747899,1.74894926439,0.849489642704,0.463865546218,0.814492905316,0.428238537847,2.33333333333,1.90196078431,0.814492905316,2.33333333333,0,0,0,0,0.164242424242,17,17,17,1,0,0.352941176471,0.411764705882,0.235294117647,17,38,0.139705882353,1.87941176471,4.47058823529,3.45454545455,2.71428571429,1.73629084037,0.388380845872,0.198142414861,2.16591238756,0.968960804961,0.517027863777,1.82103719638,0.814674535221,0.442724458204,0.780836655359,0.415468642914,2.2,1.87941176471,0.780836655359,2.2,0.162418300654,0.0576923076923,3,0.00441176470588,0.182878787879,17,17,17,1,0,0.352941176471,0.470588235294,0.176470588235,1,0.00367647058824,-0.00294117647059,0.117647058824,0.0909090909091,-0.131868131868,0.0428779967836,-0.000646429005719,0.00418375031378,0.0672433415445,0.00470745949447,-0.00125512509413,-0.0576356768785,-0.0484994876259,-0.0278637770898,-0.00536091373311,-0.00219881566616,-0.05,-0.00294117647059,-0.00536091373311,-0.05,-0.00392156862745,-0.00353218210361,0,0,-0.00307359307359,0,0.0588235294118,-0.0588235294118,37,1,0,234,1,0.995744680851,0.00425531914894,0,0.973684210526,1,0.986666666667,0.984652666406,0.995744680851,0.973684210526,3,2,0,0,0,0
2685,WLNM_dir_neg,1,0.5,00:00:01,10,60,49,1984532222,threshold_sweep,0.3,0.666666666667,1,0.8,2,1,0,3,1,0.75,0.25,0,0.666666666667,1,0.8,0.833333333333,0.5,0.666666666667,0.707106781187,0.75,37,35,2,0,37,0,35,0,2,17,37,0.136029411765,1.88235294118,4.35294117647,3.36363636364,2.84615384615,1.69341284359,0.389027274878,0.193958664547,2.09866904602,0.964253345467,0.518282988871,1.87867287326,0.863174022847,0.470588235294,0.786197569093,0.41766745858,2.25,1.88235294118,0.786197569093,2.25,0.166339869281,0.0612244897959,3,0.00441176470588,0.185952380952,17,17,17,1,0,0.352941176471,0.411764705882,0.235294117647,17,0.128676470588,1.90196078431,4.11764705882,3.18181818182,2.69230769231,1.57648156274,0.382859808093,0.201680672269,2.01465221053,0.978545359402,0.524369747899,1.74894926439,0.849489642704,0.463865546218,0.814492905316,0.428238537847,2.33333333333,1.90196078431,0.814492905316,2.33333333333,0,0,0,0,0.164242424242,17,17,17,1,0,0.352941176471,0.411764705882,0.235294117647,17,38,0.139705882353,1.87941176471,4.47058823529,3.45454545455,2.71428571429,1.73629084037,0.388380845872,0.198142414861,2.16591238756,0.968960804961,0.517027863777,1.82103719638,0.814674535221,0.442724458204,0.780836655359,0.415468642914,2.2,1.87941176471,0.780836655359,2.2,0.162418300654,0.0576923076923,3,0.00441176470588,0.182878787879,17,17,17,1,0,0.352941176471,0.470588235294,0.176470588235,1,0.00367647058824,-0.00294117647059,0.117647058824,0.0909090909091,-0.131868131868,0.0428779967836,-0.000646429005719,0.00418375031378,0.0672433415445,0.00470745949447,-0.00125512509413,-0.0576356768785,-0.0484994876259,-0.0278637770898,-0.00536091373311,-0.00219881566616,-0.05,-0.00294117647059,-0.00536091373311,-0.05,-0.00392156862745,-0.00353218210361,0,0,-0.00307359307359,0,0.0588235294118,-0.0588235294118,37,1,0,234,1,0.995744680851,0.00425531914894,0,0.973684210526,1,0.986666666667,0.984652666406,0.995744680851,0.973684210526,3,2,0,0,0,0
2686,WLNM_dir_neg,1,0.5,00:00:01,10,60,49,1984532222,threshold_sweep,0.4,0.666666666667,1,0.8,2,1,0,3,1,0.75,0.25,0,0.666666666667,1,0.8,0.833333333333,0.5,0.666666666667,0.707106781187,0.75,37,35,2,0,37,0,35,0,2,17,37,0.136029411765,1.88235294118,4.35294117647,3.36363636364,2.84615384615,1.69341284359,0.389027274878,0.193958664547,2.09866904602,0.964253345467,0.518282988871,1.87867287326,0.863174022847,0.470588235294,0.786197569093,0.41766745858,2.25,1.88235294118,0.786197569093,2.25,0.166339869281,0.0612244897959,3,0.00441176470588,0.185952380952,17,17,17,1,0,0.352941176471,0.411764705882,0.235294117647,17,0.128676470588,1.90196078431,4.11764705882,3.18181818182,2.69230769231,1.57648156274,0.382859808093,0.201680672269,2.01465221053,0.978545359402,0.524369747899,1.74894926439,0.849489642704,0.463865546218,0.814492905316,0.428238537847,2.33333333333,1.90196078431,0.814492905316,2.33333333333,0,0,0,0,0.164242424242,17,17,17,1,0,0.352941176471,0.411764705882,0.235294117647,17,38,0.139705882353,1.87941176471,4.47058823529,3.45454545455,2.71428571429,1.73629084037,0.388380845872,0.198142414861,2.16591238756,0.968960804961,0.517027863777,1.82103719638,0.814674535221,0.442724458204,0.780836655359,0.415468642914,2.2,1.87941176471,0.780836655359,2.2,0.162418300654,0.0576923076923,3,0.00441176470588,0.182878787879,17,17,17,1,0,0.352941176471,0.470588235294,0.176470588235,1,0.00367647058824,-0.00294117647059,0.117647058824,0.0909090909091,-0.131868131868,0.0428779967836,-0.000646429005719,0.00418375031378,0.0672433415445,0.00470745949447,-0.00125512509413,-0.0576356768785,-0.0484994876259,-0.0278637770898,-0.00536091373311,-0.00219881566616,-0.05,-0.00294117647059,-0.00536091373311,-0.05,-0.00392156862745,-0.00353218210361,0,0,-0.00307359307359,0,0.0588235294118,-0.0588235294118,37,1,0,234,1,0.995744680851,0.00425531914894,0,0.973684210526,1,0.986666666667,0.984652666406,0.995744680851,0.973684210526,3,2,0,0,0,0
2687,WLNM_dir_neg,1,0.5,00:00:01,10,60,49,1984532222,threshold_sweep,0.5,0.666666666667,1,0.8,2,1,0,3,1,0.75,0.25,0,0.666666666667,1,0.8,0.833333333333,0.5,0.666666666667,0.707106781187,0.75,37,35,2,0,37,0,35,0,2,17,37,0.136029411765,1.88235294118,4.35294117647,3.36363636364,2.84615384615,1.69341284359,0.389027274878,0.193958664547,2.09866904602,0.964253345467,0.518282988871,1.87867287326,0.863174022847,0.470588235294,0.786197569093,0.41766745858,2.25,1.88235294118,0.786197569093,2.25,0.166339869281,0.0612244897959,3,0.00441176470588,0.185952380952,17,17,17,1,0,0.352941176471,0.411764705882,0.235294117647,17,0.128676470588,1.90196078431,4.11764705882,3.18181818182,2.69230769231,1.57648156274,0.382859808093,0.201680672269,2.01465221053,0.978545359402,0.524369747899,1.74894926439,0.849489642704,0.463865546218,0.814492905316,0.428238537847,2.33333333333,1.90196078431,0.814492905316,2.33333333333,0,0,0,0,0.164242424242,17,17,17,1,0,0.352941176471,0.411764705882,0.235294117647,17,38,0.139705882353,1.87941176471,4.47058823529,3.45454545455,2.71428571429,1.73629084037,0.388380845872,0.198142414861,2.16591238756,0.968960804961,0.517027863777,1.82103719638,0.814674535221,0.442724458204,0.780836655359,0.415468642914,2.2,1.87941176471,0.780836655359,2.2,0.162418300654,0.0576923076923,3,0.00441176470588,0.182878787879,17,17,17,1,0,0.352941176471,0.470588235294,0.176470588235,1,0.00367647058824,-0.00294117647059,0.117647058824,0.0909090909091,-0.131868131868,0.0428779967836,-0.000646429005719,0.00418375031378,0.0672433415445,0.00470745949447,-0.00125512509413,-0.0576356768785,-0.0484994876259,-0.0278637770898,-0.00536091373311,-0.00219881566616,-0.05,-0.00294117647059,-0.00536091373311,-0.05,-0.00392156862745,-0.00353218210361,0,0,-0.00307359307359,0,0.0588235294118,-0.0588235294118,37,1,0,234,1,0.995744680851,0.00425531914894,0,0.973684210526,1,0.986666666667,0.984652666406,0.995744680851,0.973684210526,3,2,0,0,0,0
2688,WLNM_dir_neg,1,0.5,00:00:01,10,60,49,1984532222,threshold_sweep,0.6,0.666666666667,1,0.8,2,1,0,3,1,0.75,0.25,0,0.666666666667,1,0.8,0.833333333333,0.5,0.666666666667,0.707106781187,0.75,37,35,2,0,37,0,35,0,2,17,37,0.136029411765,1.88235294118,4.35294117647,3.36363636364,2.84615384615,1.69341284359,0.389027274878,0.193958664547,2.09866904602,0.964253345467,0.518282988871,1.87867287326,0.863174022847,0.470588235294,0.786197569093,0.41766745858,2.25,1.88235294118,0.786197569093,2.25,0.166339869281,0.0612244897959,3,0.00441176470588,0.185952380952,17,17,17,1,0,0.352941176471,0.411764705882,0.235294117647,17,0.128676470588,1.90196078431,4.11764705882,3.18181818182,2.69230769231,1.57648156274,0.382859808093,0.201680672269,2.01465221053,0.978545359402,0.524369747899,1.74894926439,0.849489642704,0.463865546218,0.814492905316,0.428238537847,2.33333333333,1.90196078431,0.814492905316,2.33333333333,0,0,0,0,0.164242424242,17,17,17,1,0,0.352941176471,0.411764705882,0.235294117647,17,38,0.139705882353,1.87941176471,4.47058823529,3.45454545455,2.71428571429,1.73629084037,0.388380845872,0.198142414861,2.16591238756,0.968960804961,0.517027863777,1.82103719638,0.814674535221,0.442724458204,0.780836655359,0.415468642914,2.2,1.87941176471,0.780836655359,2.2,0.162418300654,0.0576923076923,3,0.00441176470588,0.182878787879,17,17,17,1,0,0.352941176471,0.470588235294,0.176470588235,1,0.00367647058824,-0.00294117647059,0.117647058824,0.0909090909091,-0.131868131868,0.0428779967836,-0.000646429005719,0.00418375031378,0.0672433415445,0.00470745949447,-0.00125512509413,-0.0576356768785,-0.0484994876259,-0.0278637770898,-0.00536091373311,-0.00219881566616,-0.05,-0.00294117647059,-0.00536091373311,-0.05,-0.00392156862745,-0.00353218210361,0,0,-0.00307359307359,0,0.0588235294118,-0.0588235294118,37,1,0,234,1,0.995744680851,0.00425531914894,0,0.973684210526,1,0.986666666667,0.984652666406,0.995744680851,0.973684210526,3,2,0,0,0,0
2689,WLNM_dir_neg,1,0.5,00:00:01,10,60,49,1984532222,threshold_sweep,0.7,0.666666666667,1,0.8,2,1,0,3,1,0.75,0.25,0,0.666666666667,1,0.8,0.833333333333,0.5,0.666666666667,0.707106781187,0.75,37,35,2,0,37,0,35,0,2,17,37,0.136029411765,1.88235294118,4.35294117647,3.36363636364,2.84615384615,1.69341284359,0.389027274878,0.193958664547,2.09866904602,0.964253345467,0.518282988871,1.87867287326,0.863174022847,0.470588235294,0.786197569093,0.41766745858,2.25,1.88235294118,0.786197569093,2.25,0.166339869281,0.0612244897959,3,0.00441176470588,0.185952380952,17,17,17,1,0,0.352941176471,0.411764705882,0.235294117647,17,0.128676470588,1.90196078431,4.11764705882,3.18181818182,2.69230769231,1.57648156274,0.382859808093,0.201680672269,2.01465221053,0.978545359402,0.524369747899,1.74894926439,0.849489642704,0.463865546218,0.814492905316,0.428238537847,2.33333333333,1.90196078431,0.814492905316,2.33333333333,0,0,0,0,0.164242424242,17,17,17,1,0,0.352941176471,0.411764705882,0.235294117647,17,38,0.139705882353,1.87941176471,4.47058823529,3.45454545455,2.71428571429,1.73629084037,0.388380845872,0.198142414861,2.16591238756,0.968960804961,0.517027863777,1.82103719638,0.814674535221,0.442724458204,0.780836655359,0.415468642914,2.2,1.87941176471,0.780836655359,2.2,0.162418300654,0.0576923076923,3,0.00441176470588,0.182878787879,17,17,17,1,0,0.352941176471,0.470588235294,0.176470588235,1,0.00367647058824,-0.00294117647059,0.117647058824,0.0909090909091,-0.131868131868,0.0428779967836,-0.000646429005719,0.00418375031378,0.0672433415445,0.00470745949447,-0.00125512509413,-0.0576356768785,-0.0484994876259,-0.0278637770898,-0.00536091373311,-0.00219881566616,-0.05,-0.00294117647059,-0.00536091373311,-0.05,-0.00392156862745,-0.00353218210361,0,0,-0.00307359307359,0,0.0588235294118,-0.0588235294118,37,1,0,234,1,0.995744680851,0.00425531914894,0,0.973684210526,1,0.986666666667,0.984652666406,0.995744680851,0.973684210526,3,2,0,0,0,0
2690,WLNM_dir_neg,1,0.5,00:00:01,10,60,49,1984532222,threshold_sweep,0.8,0.666666666667,1,0.8,2,1,0,3,1,0.75,0.25,0,0.666666666667,1,0.8,0.833333333333,0.5,0.666666666667,0.707106781187,0.75,37,35,2,0,37,0,35,0,2,17,37,0.136029411765,1.88235294118,4.35294117647,3.36363636364,2.84615384615,1.69341284359,0.389027274878,0.193958664547,2.09866904602,0.964253345467,0.518282988871,1.87867287326,0.863174022847,0.470588235294,0.786197569093,0.41766745858,2.25,1.88235294118,0.786197569093,2.25,0.166339869281,0.0612244897959,3,0.00441176470588,0.185952380952,17,17,17,1,0,0.352941176471,0.411764705882,0.235294117647,17,0.128676470588,1.90196078431,4.11764705882,3.18181818182,2.69230769231,1.57648156274,0.382859808093,0.201680672269,2.01465221053,0.978545359402,0.524369747899,1.74894926439,0.849489642704,0.463865546218,0.814492905316,0.428238537847,2.33333333333,1.90196078431,0.814492905316,2.33333333333,0,0,0,0,0.164242424242,17,17,17,1,0,0.352941176471,0.411764705882,0.235294117647,17,38,0.139705882353,1.87941176471,4.47058823529,3.45454545455,2.71428571429,1.73629084037,0.388380845872,0.198142414861,2.16591238756,0.968960804961,0.517027863777,1.82103719638,0.814674535221,0.442724458204,0.780836655359,0.415468642914,2.2,1.87941176471,0.780836655359,2.2,0.162418300654,0.0576923076923,3,0.00441176470588,0.182878787879,17,17,17,1,0,0.352941176471,0.470588235294,0.176470588235,1,0.00367647058824,-0.00294117647059,0.117647058824,0.0909090909091,-0.131868131868,0.0428779967836,-0.000646429005719,0.00418375031378,0.0672433415445,0.00470745949447,-0.00125512509413,-0.0576356768785,-0.0484994876259,-0.0278637770898,-0.00536091373311,-0.00219881566616,-0.05,-0.00294117647059,-0.00536091373311,-0.05,-0.00392156862745,-0.00353218210361,0,0,-0.00307359307359,0,0.0588235294118,-0.0588235294118,37,1,0,234,1,0.995744680851,0.00425531914894,0,0.973684210526,1,0.986666666667,0.984652666406,0.995744680851,0.973684210526,3,2,0,0,0,0
2691,WLNM_dir_neg,1,0.5,00:00:01,10,60,49,1984532222,threshold_sweep,0.9,1,1,1,2,0,0,4,1,1,0,0,1,1,1,1,0.555555555556,1,1,1,37,35,2,0,37,0,35,0,2,17,37,0.136029411765,1.88235294118,4.35294117647,3.36363636364,2.84615384615,1.69341284359,0.389027274878,0.193958664547,2.09866904602,0.964253345467,0.518282988871,1.87867287326,0.863174022847,0.470588235294,0.786197569093,0.41766745858,2.25,1.88235294118,0.786197569093,2.25,0.166339869281,0.0612244897959,3,0.00441176470588,0.185952380952,17,17,17,1,0,0.352941176471,0.411764705882,0.235294117647,17,0.128676470588,1.90196078431,4.11764705882,3.18181818182,2.69230769231,1.57648156274,0.382859808093,0.201680672269,2.01465221053,0.978545359402,0.524369747899,1.74894926439,0.849489642704,0.463865546218,0.814492905316,0.428238537847,2.33333333333,1.90196078431,0.814492905316,2.33333333333,0,0,0,0,0.164242424242,17,17,17,1,0,0.352941176471,0.411764705882,0.235294117647,17,37,0.136029411765,1.88235294118,4.35294117647,3.36363636364,2.84615384615,1.69341284359,0.389027274878,0.193958664547,2.09866904602,0.964253345467,0.518282988871,1.87867287326,0.863174022847,0.470588235294,0.786197569093,0.41766745858,2.25,1.88235294118,0.786197569093,2.25,0.166339869281,0.0612244897959,3,0.00441176470588,0.185952380952,17,17,17,1,0,0.352941176471,0.411764705882,0.235294117647,0,0,0,0,0,0,0,0,0,0,0,0,0,0,0,0,0,0,0,0,0,0,0,0,0,0,0,0,0,37,0,0,235,1,1,0,0,1,1,1,1,1,1,2,2,0,0,0,0
2692,WLNM_dir_neg,0.875,0.291666666667,00:00:01,10,60,50,1984532223,threshold_sweep,0.1,0.666666666667,1,0.8,2,1,0,3,1,0.75,0.25,0,0.666666666667,1,0.8,0.833333333333,0.5,0.666666666667,0.707106781187,0.75,37,35,2,0,37,0,35,0,2,17,37,0.136029411765,1.88235294118,4.35294117647,3.36363636364,2.84615384615,1.69341284359,0.389027274878,0.193958664547,2.09866904602,0.964253345467,0.518282988871,1.87867287326,0.863174022847,0.470588235294,0.786197569093,0.41766745858,2.25,1.88235294118,0.786197569093,2.25,0.166339869281,0.0612244897959,3,0.00441176470588,0.185952380952,17,17,17,1,0,0.352941176471,0.411764705882,0.235294117647,17,0.128676470588,1.90196078431,4.11764705882,3.18181818182,2.69230769231,1.57648156274,0.382859808093,0.201680672269,2.01465221053,0.978545359402,0.524369747899,1.74894926439,0.849489642704,0.463865546218,0.814492905316,0.428238537847,2.33333333333,1.90196078431,0.814492905316,2.33333333333,0,0,0,0,0.164242424242,17,17,17,1,0,0.352941176471,0.411764705882,0.235294117647,17,38,0.139705882353,2.12117647059,4.47058823529,3.16666666667,2.92307692308,1.69991349261,0.380243807557,0.19040247678,2.04723630062,0.915868871331,0.495356037152,1.92124346989,0.859503657582,0.467492260062,0.878954509296,0.414371232891,2.45,2.12117647059,0.878954509296,2.45,0.164379084967,0.058064516129,3,0.00441176470588,0.165566378066,17,17,17,1,0,0.294117647059,0.470588235294,0.235294117647,1,0.00367647058824,0.238823529412,0.117647058824,-0.19696969697,0.0769230769231,0.00650064902221,-0.00878346732077,-0.00355618776671,-0.0514327453931,-0.0483844741355,-0.0229269517195,0.0425705966328,-0.00367036526551,-0.0030959752322,0.0927569402034,-0.00329622568991,0.2,0.238823529412,0.0927569402034,0.2,-0.00196078431373,-0.00315997366689,0,0,-0.020386002886,-0.0588235294118,0.0588235294118,0,37,1,0,234,1,0.995744680851,0.00425531914894,0,0.973684210526,1,0.986666666667,0.984652666406,0.995744680851,0.973684210526,3,2,0,0,0,0
2693,WLNM_dir_neg,0.875,0.291666666667,00:00:01,10,60,50,1984532223,threshold_sweep,0.2,0.666666666667,1,0.8,2,1,0,3,1,0.75,0.25,0,0.666666666667,1,0.8,0.833333333333,0.5,0.666666666667,0.707106781187,0.75,37,35,2,0,37,0,35,0,2,17,37,0.136029411765,1.88235294118,4.35294117647,3.36363636364,2.84615384615,1.69341284359,0.389027274878,0.193958664547,2.09866904602,0.964253345467,0.518282988871,1.87867287326,0.863174022847,0.470588235294,0.786197569093,0.41766745858,2.25,1.88235294118,0.786197569093,2.25,0.166339869281,0.0612244897959,3,0.00441176470588,0.185952380952,17,17,17,1,0,0.352941176471,0.411764705882,0.235294117647,17,0.128676470588,1.90196078431,4.11764705882,3.18181818182,2.69230769231,1.57648156274,0.382859808093,0.201680672269,2.01465221053,0.978545359402,0.524369747899,1.74894926439,0.849489642704,0.463865546218,0.814492905316,0.428238537847,2.33333333333,1.90196078431,0.814492905316,2.33333333333,0,0,0,0,0.164242424242,17,17,17,1,0,0.352941176471,0.411764705882,0.235294117647,17,38,0.139705882353,2.12117647059,4.47058823529,3.16666666667,2.92307692308,1.69991349261,0.380243807557,0.19040247678,2.04723630062,0.915868871331,0.495356037152,1.92124346989,0.859503657582,0.467492260062,0.878954509296,0.414371232891,2.45,2.12117647059,0.878954509296,2.45,0.164379084967,0.058064516129,3,0.00441176470588,0.165566378066,17,17,17,1,0,0.294117647059,0.470588235294,0.235294117647,1,0.00367647058824,0.238823529412,0.117647058824,-0.19696969697,0.0769230769231,0.00650064902221,-0.00878346732077,-0.00355618776671,-0.0514327453931,-0.0483844741355,-0.0229269517195,0.0425705966328,-0.00367036526551,-0.0030959752322,0.0927569402034,-0.00329622568991,0.2,0.238823529412,0.0927569402034,0.2,-0.00196078431373,-0.00315997366689,0,0,-0.020386002886,-0.0588235294118,0.0588235294118,0,37,1,0,234,1,0.995744680851,0.00425531914894,0,0.973684210526,1,0.986666666667,0.984652666406,0.995744680851,0.973684210526,3,2,0,0,0,0
2694,WLNM_dir_neg,0.875,0.291666666667,00:00:01,10,60,50,1984532223,threshold_sweep,0.3,0.666666666667,1,0.8,2,1,0,3,1,0.75,0.25,0,0.666666666667,1,0.8,0.833333333333,0.5,0.666666666667,0.707106781187,0.75,37,35,2,0,37,0,35,0,2,17,37,0.136029411765,1.88235294118,4.35294117647,3.36363636364,2.84615384615,1.69341284359,0.389027274878,0.193958664547,2.09866904602,0.964253345467,0.518282988871,1.87867287326,0.863174022847,0.470588235294,0.786197569093,0.41766745858,2.25,1.88235294118,0.786197569093,2.25,0.166339869281,0.0612244897959,3,0.00441176470588,0.185952380952,17,17,17,1,0,0.352941176471,0.411764705882,0.235294117647,17,0.128676470588,1.90196078431,4.11764705882,3.18181818182,2.69230769231,1.57648156274,0.382859808093,0.201680672269,2.01465221053,0.978545359402,0.524369747899,1.74894926439,0.849489642704,0.463865546218,0.814492905316,0.428238537847,2.33333333333,1.90196078431,0.814492905316,2.33333333333,0,0,0,0,0.164242424242,17,17,17,1,0,0.352941176471,0.411764705882,0.235294117647,17,38,0.139705882353,2.12117647059,4.47058823529,3.16666666667,2.92307692308,1.69991349261,0.380243807557,0.19040247678,2.04723630062,0.915868871331,0.495356037152,1.92124346989,0.859503657582,0.467492260062,0.878954509296,0.414371232891,2.45,2.12117647059,0.878954509296,2.45,0.164379084967,0.058064516129,3,0.00441176470588,0.165566378066,17,17,17,1,0,0.294117647059,0.470588235294,0.235294117647,1,0.00367647058824,0.238823529412,0.117647058824,-0.19696969697,0.0769230769231,0.00650064902221,-0.00878346732077,-0.00355618776671,-0.0514327453931,-0.0483844741355,-0.0229269517195,0.0425705966328,-0.00367036526551,-0.0030959752322,0.0927569402034,-0.00329622568991,0.2,0.238823529412,0.0927569402034,0.2,-0.00196078431373,-0.00315997366689,0,0,-0.020386002886,-0.0588235294118,0.0588235294118,0,37,1,0,234,1,0.995744680851,0.00425531914894,0,0.973684210526,1,0.986666666667,0.984652666406,0.995744680851,0.973684210526,3,2,0,0,0,0
2695,WLNM_dir_neg,0.875,0.291666666667,00:00:01,10,60,50,1984532223,threshold_sweep,0.4,0.666666666667,1,0.8,2,1,0,3,1,0.75,0.25,0,0.666666666667,1,0.8,0.833333333333,0.5,0.666666666667,0.707106781187,0.75,37,35,2,0,37,0,35,0,2,17,37,0.136029411765,1.88235294118,4.35294117647,3.36363636364,2.84615384615,1.69341284359,0.389027274878,0.193958664547,2.09866904602,0.964253345467,0.518282988871,1.87867287326,0.863174022847,0.470588235294,0.786197569093,0.41766745858,2.25,1.88235294118,0.786197569093,2.25,0.166339869281,0.0612244897959,3,0.00441176470588,0.185952380952,17,17,17,1,0,0.352941176471,0.411764705882,0.235294117647,17,0.128676470588,1.90196078431,4.11764705882,3.18181818182,2.69230769231,1.57648156274,0.382859808093,0.201680672269,2.01465221053,0.978545359402,0.524369747899,1.74894926439,0.849489642704,0.463865546218,0.814492905316,0.428238537847,2.33333333333,1.90196078431,0.814492905316,2.33333333333,0,0,0,0,0.164242424242,17,17,17,1,0,0.352941176471,0.411764705882,0.235294117647,17,38,0.139705882353,2.12117647059,4.47058823529,3.16666666667,2.92307692308,1.69991349261,0.380243807557,0.19040247678,2.04723630062,0.915868871331,0.495356037152,1.92124346989,0.859503657582,0.467492260062,0.878954509296,0.414371232891,2.45,2.12117647059,0.878954509296,2.45,0.164379084967,0.058064516129,3,0.00441176470588,0.165566378066,17,17,17,1,0,0.294117647059,0.470588235294,0.235294117647,1,0.00367647058824,0.238823529412,0.117647058824,-0.19696969697,0.0769230769231,0.00650064902221,-0.00878346732077,-0.00355618776671,-0.0514327453931,-0.0483844741355,-0.0229269517195,0.0425705966328,-0.00367036526551,-0.0030959752322,0.0927569402034,-0.00329622568991,0.2,0.238823529412,0.0927569402034,0.2,-0.00196078431373,-0.00315997366689,0,0,-0.020386002886,-0.0588235294118,0.0588235294118,0,37,1,0,234,1,0.995744680851,0.00425531914894,0,0.973684210526,1,0.986666666667,0.984652666406,0.995744680851,0.973684210526,3,2,0,0,0,0
2696,WLNM_dir_neg,0.875,0.291666666667,00:00:01,10,60,50,1984532223,threshold_sweep,0.5,0.5,0.5,0.5,1,1,1,3,0.5,0.75,0.25,0.5,0.5,0.5,0.5,0.666666666667,0.555555555556,0.25,0.25,0.25,37,35,2,0,37,0,35,0,2,17,37,0.136029411765,1.88235294118,4.35294117647,3.36363636364,2.84615384615,1.69341284359,0.389027274878,0.193958664547,2.09866904602,0.964253345467,0.518282988871,1.87867287326,0.863174022847,0.470588235294,0.786197569093,0.41766745858,2.25,1.88235294118,0.786197569093,2.25,0.166339869281,0.0612244897959,3,0.00441176470588,0.185952380952,17,17,17,1,0,0.352941176471,0.411764705882,0.235294117647,17,0.128676470588,1.90196078431,4.11764705882,3.18181818182,2.69230769231,1.57648156274,0.382859808093,0.201680672269,2.01465221053,0.978545359402,0.524369747899,1.74894926439,0.849489642704,0.463865546218,0.814492905316,0.428238537847,2.33333333333,1.90196078431,0.814492905316,2.33333333333,0,0,0,0,0.164242424242,17,17,17,1,0,0.352941176471,0.411764705882,0.235294117647,17,37,0.136029411765,2.13784313725,4.35294117647,3.08333333333,2.84615384615,1.72992689407,0.397415637827,0.201907790143,2.00733947421,0.92229110977,0.49920508744,1.84510481131,0.847750859249,0.461049284579,0.896156097806,0.419187021811,2.45,2.13784313725,0.896156097806,2.45,0.0702614379085,0.0202702702703,1,0.00147058823529,0.158080808081,17,17,17,1,0,0.294117647059,0.470588235294,0.235294117647,0,0,0.255490196078,0,-0.280303030303,0,0.0365140504826,0.00838836294872,0.00794912559618,-0.09132957181,-0.0419622356965,-0.0190779014308,-0.0335680619491,-0.0154231635982,-0.00953895071542,0.109958528713,0.00151956323083,0.2,0.255490196078,0.109958528713,0.2,-0.0960784313725,-0.0409542195256,-2,-0.00294117647059,-0.0278715728716,-0.0588235294118,0.0588235294118,0,36,1,1,234,0.972972972973,0.995744680851,0.00425531914894,0.027027027027,0.972972972973,0.972972972973,0.972972972973,0.968717653824,0.968717653824,0.947368421053,2,2,0,0,0,0
2697,WLNM_dir_neg,0.875,0.291666666667,00:00:01,10,60,50,1984532223,threshold_sweep,0.6,0.5,0.5,0.5,1,1,1,3,0.5,0.75,0.25,0.5,0.5,0.5,0.5,0.666666666667,0.555555555556,0.25,0.25,0.25,37,35,2,0,37,0,35,0,2,17,37,0.136029411765,1.88235294118,4.35294117647,3.36363636364,2.84615384615,1.69341284359,0.389027274878,0.193958664547,2.09866904602,0.964253345467,0.518282988871,1.87867287326,0.863174022847,0.470588235294,0.786197569093,0.41766745858,2.25,1.88235294118,0.786197569093,2.25,0.166339869281,0.0612244897959,3,0.00441176470588,0.185952380952,17,17,17,1,0,0.352941176471,0.411764705882,0.235294117647,17,0.128676470588,1.90196078431,4.11764705882,3.18181818182,2.69230769231,1.57648156274,0.382859808093,0.201680672269,2.01465221053,0.978545359402,0.524369747899,1.74894926439,0.849489642704,0.463865546218,0.814492905316,0.428238537847,2.33333333333,1.90196078431,0.814492905316,2.33333333333,0,0,0,0,0.164242424242,17,17,17,1,0,0.352941176471,0.411764705882,0.235294117647,17,37,0.136029411765,2.13784313725,4.35294117647,3.08333333333,2.84615384615,1.72992689407,0.397415637827,0.201907790143,2.00733947421,0.92229110977,0.49920508744,1.84510481131,0.847750859249,0.461049284579,0.896156097806,0.419187021811,2.45,2.13784313725,0.896156097806,2.45,0.0702614379085,0.0202702702703,1,0.00147058823529,0.158080808081,17,17,17,1,0,0.294117647059,0.470588235294,0.235294117647,0,0,0.255490196078,0,-0.280303030303,0,0.0365140504826,0.00838836294872,0.00794912559618,-0.09132957181,-0.0419622356965,-0.0190779014308,-0.0335680619491,-0.0154231635982,-0.00953895071542,0.109958528713,0.00151956323083,0.2,0.255490196078,0.109958528713,0.2,-0.0960784313725,-0.0409542195256,-2,-0.00294117647059,-0.0278715728716,-0.0588235294118,0.0588235294118,0,36,1,1,234,0.972972972973,0.995744680851,0.00425531914894,0.027027027027,0.972972972973,0.972972972973,0.972972972973,0.968717653824,0.968717653824,0.947368421053,2,2,0,0,0,0
2698,WLNM_dir_neg,0.875,0.291666666667,00:00:01,10,60,50,1984532223,threshold_sweep,0.7,0.5,0.5,0.5,1,1,1,3,0.5,0.75,0.25,0.5,0.5,0.5,0.5,0.666666666667,0.555555555556,0.25,0.25,0.25,37,35,2,0,37,0,35,0,2,17,37,0.136029411765,1.88235294118,4.35294117647,3.36363636364,2.84615384615,1.69341284359,0.389027274878,0.193958664547,2.09866904602,0.964253345467,0.518282988871,1.87867287326,0.863174022847,0.470588235294,0.786197569093,0.41766745858,2.25,1.88235294118,0.786197569093,2.25,0.166339869281,0.0612244897959,3,0.00441176470588,0.185952380952,17,17,17,1,0,0.352941176471,0.411764705882,0.235294117647,17,0.128676470588,1.90196078431,4.11764705882,3.18181818182,2.69230769231,1.57648156274,0.382859808093,0.201680672269,2.01465221053,0.978545359402,0.524369747899,1.74894926439,0.849489642704,0.463865546218,0.814492905316,0.428238537847,2.33333333333,1.90196078431,0.814492905316,2.33333333333,0,0,0,0,0.164242424242,17,17,17,1,0,0.352941176471,0.411764705882,0.235294117647,17,37,0.136029411765,2.13784313725,4.35294117647,3.08333333333,2.84615384615,1.72992689407,0.397415637827,0.201907790143,2.00733947421,0.92229110977,0.49920508744,1.84510481131,0.847750859249,0.461049284579,0.896156097806,0.419187021811,2.45,2.13784313725,0.896156097806,2.45,0.0702614379085,0.0202702702703,1,0.00147058823529,0.158080808081,17,17,17,1,0,0.294117647059,0.470588235294,0.235294117647,0,0,0.255490196078,0,-0.280303030303,0,0.0365140504826,0.00838836294872,0.00794912559618,-0.09132957181,-0.0419622356965,-0.0190779014308,-0.0335680619491,-0.0154231635982,-0.00953895071542,0.109958528713,0.00151956323083,0.2,0.255490196078,0.109958528713,0.2,-0.0960784313725,-0.0409542195256,-2,-0.00294117647059,-0.0278715728716,-0.0588235294118,0.0588235294118,0,36,1,1,234,0.972972972973,0.995744680851,0.00425531914894,0.027027027027,0.972972972973,0.972972972973,0.972972972973,0.968717653824,0.968717653824,0.947368421053,2,2,0,0,0,0
2699,WLNM_dir_neg,0.875,0.291666666667,00:00:01,10,60,50,1984532223,threshold_sweep,0.8,0.5,0.5,0.5,1,1,1,3,0.5,0.75,0.25,0.5,0.5,0.5,0.5,0.666666666667,0.555555555556,0.25,0.25,0.25,37,35,2,0,37,0,35,0,2,17,37,0.136029411765,1.88235294118,4.35294117647,3.36363636364,2.84615384615,1.69341284359,0.389027274878,0.193958664547,2.09866904602,0.964253345467,0.518282988871,1.87867287326,0.863174022847,0.470588235294,0.786197569093,0.41766745858,2.25,1.88235294118,0.786197569093,2.25,0.166339869281,0.0612244897959,3,0.00441176470588,0.185952380952,17,17,17,1,0,0.352941176471,0.411764705882,0.235294117647,17,0.128676470588,1.90196078431,4.11764705882,3.18181818182,2.69230769231,1.57648156274,0.382859808093,0.201680672269,2.01465221053,0.978545359402,0.524369747899,1.74894926439,0.849489642704,0.463865546218,0.814492905316,0.428238537847,2.33333333333,1.90196078431,0.814492905316,2.33333333333,0,0,0,0,0.164242424242,17,17,17,1,0,0.352941176471,0.411764705882,0.235294117647,17,37,0.136029411765,2.13784313725,4.35294117647,3.08333333333,2.84615384615,1.72992689407,0.397415637827,0.201907790143,2.00733947421,0.92229110977,0.49920508744,1.84510481131,0.847750859249,0.461049284579,0.896156097806,0.419187021811,2.45,2.13784313725,0.896156097806,2.45,0.0702614379085,0.0202702702703,1,0.00147058823529,0.158080808081,17,17,17,1,0,0.294117647059,0.470588235294,0.235294117647,0,0,0.255490196078,0,-0.280303030303,0,0.0365140504826,0.00838836294872,0.00794912559618,-0.09132957181,-0.0419622356965,-0.0190779014308,-0.0335680619491,-0.0154231635982,-0.00953895071542,0.109958528713,0.00151956323083,0.2,0.255490196078,0.109958528713,0.2,-0.0960784313725,-0.0409542195256,-2,-0.00294117647059,-0.0278715728716,-0.0588235294118,0.0588235294118,0,36,1,1,234,0.972972972973,0.995744680851,0.00425531914894,0.027027027027,0.972972972973,0.972972972973,0.972972972973,0.968717653824,0.968717653824,0.947368421053,2,2,0,0,0,0
2700,WLNM_dir_neg,0.875,0.291666666667,00:00:01,10,60,50,1984532223,threshold_sweep,0.9,0.5,0.5,0.5,1,1,1,3,0.5,0.75,0.25,0.5,0.5,0.5,0.5,0.666666666667,0.555555555556,0.25,0.25,0.25,37,35,2,0,37,0,35,0,2,17,37,0.136029411765,1.88235294118,4.35294117647,3.36363636364,2.84615384615,1.69341284359,0.389027274878,0.193958664547,2.09866904602,0.964253345467,0.518282988871,1.87867287326,0.863174022847,0.470588235294,0.786197569093,0.41766745858,2.25,1.88235294118,0.786197569093,2.25,0.166339869281,0.0612244897959,3,0.00441176470588,0.185952380952,17,17,17,1,0,0.352941176471,0.411764705882,0.235294117647,17,0.128676470588,1.90196078431,4.11764705882,3.18181818182,2.69230769231,1.57648156274,0.382859808093,0.201680672269,2.01465221053,0.978545359402,0.524369747899,1.74894926439,0.849489642704,0.463865546218,0.814492905316,0.428238537847,2.33333333333,1.90196078431,0.814492905316,2.33333333333,0,0,0,0,0.164242424242,17,17,17,1,0,0.352941176471,0.411764705882,0.235294117647,17,37,0.136029411765,2.13784313725,4.35294117647,3.08333333333,2.84615384615,1.72992689407,0.397415637827,0.201907790143,2.00733947421,0.92229110977,0.49920508744,1.84510481131,0.847750859249,0.461049284579,0.896156097806,0.419187021811,2.45,2.13784313725,0.896156097806,2.45,0.0702614379085,0.0202702702703,1,0.00147058823529,0.158080808081,17,17,17,1,0,0.294117647059,0.470588235294,0.235294117647,0,0,0.255490196078,0,-0.280303030303,0,0.0365140504826,0.00838836294872,0.00794912559618,-0.09132957181,-0.0419622356965,-0.0190779014308,-0.0335680619491,-0.0154231635982,-0.00953895071542,0.109958528713,0.00151956323083,0.2,0.255490196078,0.109958528713,0.2,-0.0960784313725,-0.0409542195256,-2,-0.00294117647059,-0.0278715728716,-0.0588235294118,0.0588235294118,0,36,1,1,234,0.972972972973,0.995744680851,0.00425531914894,0.027027027027,0.972972972973,0.972972972973,0.972972972973,0.968717653824,0.968717653824,0.947368421053,2,2,0,0,0,0
2701,WLNM_dir_neg,1,0.5,00:00:00,10,70,1,1985449474,threshold_sweep,0.1,0.666666666667,1,0.8,2,1,0,3,1,0.75,0.25,0,0.666666666667,1,0.8,0.833333333333,0.5,0.666666666667,0.707106781187,0.75,37,35,2,0,37,0,35,0,2,17,37,0.136029411765,1.88235294118,4.35294117647,3.36363636364,2.84615384615,1.69341284359,0.389027274878,0.193958664547,2.09866904602,0.964253345467,0.518282988871,1.87867287326,0.863174022847,0.470588235294,0.786197569093,0.41766745858,2.25,1.88235294118,0.786197569093,2.25,0.166339869281,0.0612244897959,3,0.00441176470588,0.185952380952,17,17,17,1,0,0.352941176471,0.411764705882,0.235294117647,17,0.128676470588,1.90196078431,4.11764705882,3.18181818182,2.69230769231,1.57648156274,0.382859808093,0.201680672269,2.01465221053,0.978545359402,0.524369747899,1.74894926439,0.849489642704,0.463865546218,0.814492905316,0.428238537847,2.33333333333,1.90196078431,0.814492905316,2.33333333333,0,0,0,0,0.164242424242,17,17,17,1,0,0.352941176471,0.411764705882,0.235294117647,17,38,0.139705882353,2.12117647059,4.47058823529,3.16666666667,2.92307692308,1.69991349261,0.380243807557,0.19040247678,2.04723630062,0.915868871331,0.495356037152,1.92124346989,0.859503657582,0.467492260062,0.878954509296,0.414371232891,2.45,2.12117647059,0.878954509296,2.45,0.164379084967,0.058064516129,3,0.00441176470588,0.165566378066,17,17,17,1,0,0.294117647059,0.470588235294,0.235294117647,1,0.00367647058824,0.238823529412,0.117647058824,-0.19696969697,0.0769230769231,0.00650064902221,-0.00878346732077,-0.00355618776671,-0.0514327453931,-0.0483844741355,-0.0229269517195,0.0425705966328,-0.00367036526551,-0.0030959752322,0.0927569402034,-0.00329622568991,0.2,0.238823529412,0.0927569402034,0.2,-0.00196078431373,-0.00315997366689,0,0,-0.020386002886,-0.0588235294118,0.0588235294118,0,37,1,0,234,1,0.995744680851,0.00425531914894,0,0.973684210526,1,0.986666666667,0.984652666406,0.995744680851,0.973684210526,3,2,0,0,0,0
2702,WLNM_dir_neg,1,0.5,00:00:00,10,70,1,1985449474,threshold_sweep,0.2,0.666666666667,1,0.8,2,1,0,3,1,0.75,0.25,0,0.666666666667,1,0.8,0.833333333333,0.5,0.666666666667,0.707106781187,0.75,37,35,2,0,37,0,35,0,2,17,37,0.136029411765,1.88235294118,4.35294117647,3.36363636364,2.84615384615,1.69341284359,0.389027274878,0.193958664547,2.09866904602,0.964253345467,0.518282988871,1.87867287326,0.863174022847,0.470588235294,0.786197569093,0.41766745858,2.25,1.88235294118,0.786197569093,2.25,0.166339869281,0.0612244897959,3,0.00441176470588,0.185952380952,17,17,17,1,0,0.352941176471,0.411764705882,0.235294117647,17,0.128676470588,1.90196078431,4.11764705882,3.18181818182,2.69230769231,1.57648156274,0.382859808093,0.201680672269,2.01465221053,0.978545359402,0.524369747899,1.74894926439,0.849489642704,0.463865546218,0.814492905316,0.428238537847,2.33333333333,1.90196078431,0.814492905316,2.33333333333,0,0,0,0,0.164242424242,17,17,17,1,0,0.352941176471,0.411764705882,0.235294117647,17,38,0.139705882353,2.12117647059,4.47058823529,3.16666666667,2.92307692308,1.69991349261,0.380243807557,0.19040247678,2.04723630062,0.915868871331,0.495356037152,1.92124346989,0.859503657582,0.467492260062,0.878954509296,0.414371232891,2.45,2.12117647059,0.878954509296,2.45,0.164379084967,0.058064516129,3,0.00441176470588,0.165566378066,17,17,17,1,0,0.294117647059,0.470588235294,0.235294117647,1,0.00367647058824,0.238823529412,0.117647058824,-0.19696969697,0.0769230769231,0.00650064902221,-0.00878346732077,-0.00355618776671,-0.0514327453931,-0.0483844741355,-0.0229269517195,0.0425705966328,-0.00367036526551,-0.0030959752322,0.0927569402034,-0.00329622568991,0.2,0.238823529412,0.0927569402034,0.2,-0.00196078431373,-0.00315997366689,0,0,-0.020386002886,-0.0588235294118,0.0588235294118,0,37,1,0,234,1,0.995744680851,0.00425531914894,0,0.973684210526,1,0.986666666667,0.984652666406,0.995744680851,0.973684210526,3,2,0,0,0,0
2703,WLNM_dir_neg,1,0.5,00:00:00,10,70,1,1985449474,threshold_sweep,0.3,0.666666666667,1,0.8,2,1,0,3,1,0.75,0.25,0,0.666666666667,1,0.8,0.833333333333,0.5,0.666666666667,0.707106781187,0.75,37,35,2,0,37,0,35,0,2,17,37,0.136029411765,1.88235294118,4.35294117647,3.36363636364,2.84615384615,1.69341284359,0.389027274878,0.193958664547,2.09866904602,0.964253345467,0.518282988871,1.87867287326,0.863174022847,0.470588235294,0.786197569093,0.41766745858,2.25,1.88235294118,0.786197569093,2.25,0.166339869281,0.0612244897959,3,0.00441176470588,0.185952380952,17,17,17,1,0,0.352941176471,0.411764705882,0.235294117647,17,0.128676470588,1.90196078431,4.11764705882,3.18181818182,2.69230769231,1.57648156274,0.382859808093,0.201680672269,2.01465221053,0.978545359402,0.524369747899,1.74894926439,0.849489642704,0.463865546218,0.814492905316,0.428238537847,2.33333333333,1.90196078431,0.814492905316,2.33333333333,0,0,0,0,0.164242424242,17,17,17,1,0,0.352941176471,0.411764705882,0.235294117647,17,38,0.139705882353,2.12117647059,4.47058823529,3.16666666667,2.92307692308,1.69991349261,0.380243807557,0.19040247678,2.04723630062,0.915868871331,0.495356037152,1.92124346989,0.859503657582,0.467492260062,0.878954509296,0.414371232891,2.45,2.12117647059,0.878954509296,2.45,0.164379084967,0.058064516129,3,0.00441176470588,0.165566378066,17,17,17,1,0,0.294117647059,0.470588235294,0.235294117647,1,0.00367647058824,0.238823529412,0.117647058824,-0.19696969697,0.0769230769231,0.00650064902221,-0.00878346732077,-0.00355618776671,-0.0514327453931,-0.0483844741355,-0.0229269517195,0.0425705966328,-0.00367036526551,-0.0030959752322,0.0927569402034,-0.00329622568991,0.2,0.238823529412,0.0927569402034,0.2,-0.00196078431373,-0.00315997366689,0,0,-0.020386002886,-0.0588235294118,0.0588235294118,0,37,1,0,234,1,0.995744680851,0.00425531914894,0,0.973684210526,1,0.986666666667,0.984652666406,0.995744680851,0.973684210526,3,2,0,0,0,0
2704,WLNM_dir_neg,1,0.5,00:00:00,10,70,1,1985449474,threshold_sweep,0.4,1,1,1,2,0,0,4,1,1,0,0,1,1,1,1,0.555555555556,1,1,1,37,35,2,0,37,0,35,0,2,17,37,0.136029411765,1.88235294118,4.35294117647,3.36363636364,2.84615384615,1.69341284359,0.389027274878,0.193958664547,2.09866904602,0.964253345467,0.518282988871,1.87867287326,0.863174022847,0.470588235294,0.786197569093,0.41766745858,2.25,1.88235294118,0.786197569093,2.25,0.166339869281,0.0612244897959,3,0.00441176470588,0.185952380952,17,17,17,1,0,0.352941176471,0.411764705882,0.235294117647,17,0.128676470588,1.90196078431,4.11764705882,3.18181818182,2.69230769231,1.57648156274,0.382859808093,0.201680672269,2.01465221053,0.978545359402,0.524369747899,1.74894926439,0.849489642704,0.463865546218,0.814492905316,0.428238537847,2.33333333333,1.90196078431,0.814492905316,2.33333333333,0,0,0,0,0.164242424242,17,17,17,1,0,0.352941176471,0.411764705882,0.235294117647,17,37,0.136029411765,1.88235294118,4.35294117647,3.36363636364,2.84615384615,1.69341284359,0.389027274878,0.193958664547,2.09866904602,0.964253345467,0.518282988871,1.87867287326,0.863174022847,0.470588235294,0.786197569093,0.41766745858,2.25,1.88235294118,0.786197569093,2.25,0.166339869281,0.0612244897959,3,0.00441176470588,0.185952380952,17,17,17,1,0,0.352941176471,0.411764705882,0.235294117647,0,0,0,0,0,0,0,0,0,0,0,0,0,0,0,0,0,0,0,0,0,0,0,0,0,0,0,0,0,37,0,0,235,1,1,0,0,1,1,1,1,1,1,2,2,0,0,0,0
2705,WLNM_dir_neg,1,0.5,00:00:00,10,70,1,1985449474,threshold_sweep,0.5,1,1,1,2,0,0,4,1,1,0,0,1,1,1,1,0.555555555556,1,1,1,37,35,2,0,37,0,35,0,2,17,37,0.136029411765,1.88235294118,4.35294117647,3.36363636364,2.84615384615,1.69341284359,0.389027274878,0.193958664547,2.09866904602,0.964253345467,0.518282988871,1.87867287326,0.863174022847,0.470588235294,0.786197569093,0.41766745858,2.25,1.88235294118,0.786197569093,2.25,0.166339869281,0.0612244897959,3,0.00441176470588,0.185952380952,17,17,17,1,0,0.352941176471,0.411764705882,0.235294117647,17,0.128676470588,1.90196078431,4.11764705882,3.18181818182,2.69230769231,1.57648156274,0.382859808093,0.201680672269,2.01465221053,0.978545359402,0.524369747899,1.74894926439,0.849489642704,0.463865546218,0.814492905316,0.428238537847,2.33333333333,1.90196078431,0.814492905316,2.33333333333,0,0,0,0,0.164242424242,17,17,17,1,0,0.352941176471,0.411764705882,0.235294117647,17,37,0.136029411765,1.88235294118,4.35294117647,3.36363636364,2.84615384615,1.69341284359,0.389027274878,0.193958664547,2.09866904602,0.964253345467,0.518282988871,1.87867287326,0.863174022847,0.470588235294,0.786197569093,0.41766745858,2.25,1.88235294118,0.786197569093,2.25,0.166339869281,0.0612244897959,3,0.00441176470588,0.185952380952,17,17,17,1,0,0.352941176471,0.411764705882,0.235294117647,0,0,0,0,0,0,0,0,0,0,0,0,0,0,0,0,0,0,0,0,0,0,0,0,0,0,0,0,0,37,0,0,235,1,1,0,0,1,1,1,1,1,1,2,2,0,0,0,0
2706,WLNM_dir_neg,1,0.5,00:00:00,10,70,1,1985449474,threshold_sweep,0.6,1,1,1,2,0,0,4,1,1,0,0,1,1,1,1,0.555555555556,1,1,1,37,35,2,0,37,0,35,0,2,17,37,0.136029411765,1.88235294118,4.35294117647,3.36363636364,2.84615384615,1.69341284359,0.389027274878,0.193958664547,2.09866904602,0.964253345467,0.518282988871,1.87867287326,0.863174022847,0.470588235294,0.786197569093,0.41766745858,2.25,1.88235294118,0.786197569093,2.25,0.166339869281,0.0612244897959,3,0.00441176470588,0.185952380952,17,17,17,1,0,0.352941176471,0.411764705882,0.235294117647,17,0.128676470588,1.90196078431,4.11764705882,3.18181818182,2.69230769231,1.57648156274,0.382859808093,0.201680672269,2.01465221053,0.978545359402,0.524369747899,1.74894926439,0.849489642704,0.463865546218,0.814492905316,0.428238537847,2.33333333333,1.90196078431,0.814492905316,2.33333333333,0,0,0,0,0.164242424242,17,17,17,1,0,0.352941176471,0.411764705882,0.235294117647,17,37,0.136029411765,1.88235294118,4.35294117647,3.36363636364,2.84615384615,1.69341284359,0.389027274878,0.193958664547,2.09866904602,0.964253345467,0.518282988871,1.87867287326,0.863174022847,0.470588235294,0.786197569093,0.41766745858,2.25,1.88235294118,0.786197569093,2.25,0.166339869281,0.0612244897959,3,0.00441176470588,0.185952380952,17,17,17,1,0,0.352941176471,0.411764705882,0.235294117647,0,0,0,0,0,0,0,0,0,0,0,0,0,0,0,0,0,0,0,0,0,0,0,0,0,0,0,0,0,37,0,0,235,1,1,0,0,1,1,1,1,1,1,2,2,0,0,0,0
2707,WLNM_dir_neg,1,0.5,00:00:00,10,70,1,1985449474,threshold_sweep,0.7,1,1,1,2,0,0,4,1,1,0,0,1,1,1,1,0.555555555556,1,1,1,37,35,2,0,37,0,35,0,2,17,37,0.136029411765,1.88235294118,4.35294117647,3.36363636364,2.84615384615,1.69341284359,0.389027274878,0.193958664547,2.09866904602,0.964253345467,0.518282988871,1.87867287326,0.863174022847,0.470588235294,0.786197569093,0.41766745858,2.25,1.88235294118,0.786197569093,2.25,0.166339869281,0.0612244897959,3,0.00441176470588,0.185952380952,17,17,17,1,0,0.352941176471,0.411764705882,0.235294117647,17,0.128676470588,1.90196078431,4.11764705882,3.18181818182,2.69230769231,1.57648156274,0.382859808093,0.201680672269,2.01465221053,0.978545359402,0.524369747899,1.74894926439,0.849489642704,0.463865546218,0.814492905316,0.428238537847,2.33333333333,1.90196078431,0.814492905316,2.33333333333,0,0,0,0,0.164242424242,17,17,17,1,0,0.352941176471,0.411764705882,0.235294117647,17,37,0.136029411765,1.88235294118,4.35294117647,3.36363636364,2.84615384615,1.69341284359,0.389027274878,0.193958664547,2.09866904602,0.964253345467,0.518282988871,1.87867287326,0.863174022847,0.470588235294,0.786197569093,0.41766745858,2.25,1.88235294118,0.786197569093,2.25,0.166339869281,0.0612244897959,3,0.00441176470588,0.185952380952,17,17,17,1,0,0.352941176471,0.411764705882,0.235294117647,0,0,0,0,0,0,0,0,0,0,0,0,0,0,0,0,0,0,0,0,0,0,0,0,0,0,0,0,0,37,0,0,235,1,1,0,0,1,1,1,1,1,1,2,2,0,0,0,0
2708,WLNM_dir_neg,1,0.5,00:00:00,10,70,1,1985449474,threshold_sweep,0.8,1,1,1,2,0,0,4,1,1,0,0,1,1,1,1,0.555555555556,1,1,1,37,35,2,0,37,0,35,0,2,17,37,0.136029411765,1.88235294118,4.35294117647,3.36363636364,2.84615384615,1.69341284359,0.389027274878,0.193958664547,2.09866904602,0.964253345467,0.518282988871,1.87867287326,0.863174022847,0.470588235294,0.786197569093,0.41766745858,2.25,1.88235294118,0.786197569093,2.25,0.166339869281,0.0612244897959,3,0.00441176470588,0.185952380952,17,17,17,1,0,0.352941176471,0.411764705882,0.235294117647,17,0.128676470588,1.90196078431,4.11764705882,3.18181818182,2.69230769231,1.57648156274,0.382859808093,0.201680672269,2.01465221053,0.978545359402,0.524369747899,1.74894926439,0.849489642704,0.463865546218,0.814492905316,0.428238537847,2.33333333333,1.90196078431,0.814492905316,2.33333333333,0,0,0,0,0.164242424242,17,17,17,1,0,0.352941176471,0.411764705882,0.235294117647,17,37,0.136029411765,1.88235294118,4.35294117647,3.36363636364,2.84615384615,1.69341284359,0.389027274878,0.193958664547,2.09866904602,0.964253345467,0.518282988871,1.87867287326,0.863174022847,0.470588235294,0.786197569093,0.41766745858,2.25,1.88235294118,0.786197569093,2.25,0.166339869281,0.0612244897959,3,0.00441176470588,0.185952380952,17,17,17,1,0,0.352941176471,0.411764705882,0.235294117647,0,0,0,0,0,0,0,0,0,0,0,0,0,0,0,0,0,0,0,0,0,0,0,0,0,0,0,0,0,37,0,0,235,1,1,0,0,1,1,1,1,1,1,2,2,0,0,0,0
2709,WLNM_dir_neg,1,0.5,00:00:00,10,70,1,1985449474,threshold_sweep,0.9,1,1,1,2,0,0,4,1,1,0,0,1,1,1,1,0.555555555556,1,1,1,37,35,2,0,37,0,35,0,2,17,37,0.136029411765,1.88235294118,4.35294117647,3.36363636364,2.84615384615,1.69341284359,0.389027274878,0.193958664547,2.09866904602,0.964253345467,0.518282988871,1.87867287326,0.863174022847,0.470588235294,0.786197569093,0.41766745858,2.25,1.88235294118,0.786197569093,2.25,0.166339869281,0.0612244897959,3,0.00441176470588,0.185952380952,17,17,17,1,0,0.352941176471,0.411764705882,0.235294117647,17,0.128676470588,1.90196078431,4.11764705882,3.18181818182,2.69230769231,1.57648156274,0.382859808093,0.201680672269,2.01465221053,0.978545359402,0.524369747899,1.74894926439,0.849489642704,0.463865546218,0.814492905316,0.428238537847,2.33333333333,1.90196078431,0.814492905316,2.33333333333,0,0,0,0,0.164242424242,17,17,17,1,0,0.352941176471,0.411764705882,0.235294117647,17,37,0.136029411765,1.88235294118,4.35294117647,3.36363636364,2.84615384615,1.69341284359,0.389027274878,0.193958664547,2.09866904602,0.964253345467,0.518282988871,1.87867287326,0.863174022847,0.470588235294,0.786197569093,0.41766745858,2.25,1.88235294118,0.786197569093,2.25,0.166339869281,0.0612244897959,3,0.00441176470588,0.185952380952,17,17,17,1,0,0.352941176471,0.411764705882,0.235294117647,0,0,0,0,0,0,0,0,0,0,0,0,0,0,0,0,0,0,0,0,0,0,0,0,0,0,0,0,0,37,0,0,235,1,1,0,0,1,1,1,1,1,1,2,2,0,0,0,0
2710,WLNM_dir_neg,0.875,0.291666666667,00:00:00,10,70,2,1985449475,threshold_sweep,0.1,0.666666666667,1,0.8,2,1,0,3,1,0.75,0.25,0,0.666666666667,1,0.8,0.833333333333,0.5,0.666666666667,0.707106781187,0.75,37,35,2,0,37,0,35,0,2,17,37,0.136029411765,1.88235294118,4.35294117647,3.36363636364,2.84615384615,1.69341284359,0.389027274878,0.193958664547,2.09866904602,0.964253345467,0.518282988871,1.87867287326,0.863174022847,0.470588235294,0.786197569093,0.41766745858,2.25,1.88235294118,0.786197569093,2.25,0.166339869281,0.0612244897959,3,0.00441176470588,0.185952380952,17,17,17,1,0,0.352941176471,0.411764705882,0.235294117647,17,0.128676470588,1.90196078431,4.11764705882,3.18181818182,2.69230769231,1.57648156274,0.382859808093,0.201680672269,2.01465221053,0.978545359402,0.524369747899,1.74894926439,0.849489642704,0.463865546218,0.814492905316,0.428238537847,2.33333333333,1.90196078431,0.814492905316,2.33333333333,0,0,0,0,0.164242424242,17,17,17,1,0,0.352941176471,0.411764705882,0.235294117647,17,38,0.139705882353,1.89460784314,4.47058823529,3.45454545455,2.71428571429,1.73629084037,0.388380845872,0.198142414861,2.19457888229,0.981785289445,0.529411764706,1.82103719638,0.814674535221,0.442724458204,0.806080091789,0.425460126067,2.25,1.89460784314,0.806080091789,2.25,0.209150326797,0.115384615385,6,0.00882352941176,0.183398268398,17,17,17,1,0,0.352941176471,0.470588235294,0.176470588235,1,0.00367647058824,0.0122549019608,0.117647058824,0.0909090909091,-0.131868131868,0.0428779967836,-0.000646429005719,0.00418375031378,0.0959098362728,0.0175319439782,0.0111287758347,-0.0576356768785,-0.0484994876259,-0.0278637770898,0.0198825226968,0.0077926674869,0,0.0122549019608,0.0198825226968,0,0.0428104575163,0.0541601255887,3,0.00441176470588,-0.00255411255411,0,0.0588235294118,-0.0588235294118,37,1,0,234,1,0.995744680851,0.00425531914894,0,0.973684210526,1,0.986666666667,0.984652666406,0.995744680851,0.973684210526,3,2,0,0,0,0
2711,WLNM_dir_neg,0.875,0.291666666667,00:00:00,10,70,2,1985449475,threshold_sweep,0.2,0.666666666667,1,0.8,2,1,0,3,1,0.75,0.25,0,0.666666666667,1,0.8,0.833333333333,0.5,0.666666666667,0.707106781187,0.75,37,35,2,0,37,0,35,0,2,17,37,0.136029411765,1.88235294118,4.35294117647,3.36363636364,2.84615384615,1.69341284359,0.389027274878,0.193958664547,2.09866904602,0.964253345467,0.518282988871,1.87867287326,0.863174022847,0.470588235294,0.786197569093,0.41766745858,2.25,1.88235294118,0.786197569093,2.25,0.166339869281,0.0612244897959,3,0.00441176470588,0.185952380952,17,17,17,1,0,0.352941176471,0.411764705882,0.235294117647,17,0.128676470588,1.90196078431,4.11764705882,3.18181818182,2.69230769231,1.57648156274,0.382859808093,0.201680672269,2.01465221053,0.978545359402,0.524369747899,1.74894926439,0.849489642704,0.463865546218,0.814492905316,0.428238537847,2.33333333333,1.90196078431,0.814492905316,2.33333333333,0,0,0,0,0.164242424242,17,17,17,1,0,0.352941176471,0.411764705882,0.235294117647,17,38,0.139705882353,1.89460784314,4.47058823529,3.45454545455,2.71428571429,1.73629084037,0.388380845872,0.198142414861,2.19457888229,0.981785289445,0.529411764706,1.82103719638,0.814674535221,0.442724458204,0.806080091789,0.425460126067,2.25,1.89460784314,0.806080091789,2.25,0.209150326797,0.115384615385,6,0.00882352941176,0.183398268398,17,17,17,1,0,0.352941176471,0.470588235294,0.176470588235,1,0.00367647058824,0.0122549019608,0.117647058824,0.0909090909091,-0.131868131868,0.0428779967836,-0.000646429005719,0.00418375031378,0.0959098362728,0.0175319439782,0.0111287758347,-0.0576356768785,-0.0484994876259,-0.0278637770898,0.0198825226968,0.0077926674869,0,0.0122549019608,0.0198825226968,0,0.0428104575163,0.0541601255887,3,0.00441176470588,-0.00255411255411,0,0.0588235294118,-0.0588235294118,37,1,0,234,1,0.995744680851,0.00425531914894,0,0.973684210526,1,0.986666666667,0.984652666406,0.995744680851,0.973684210526,3,2,0,0,0,0
2712,WLNM_dir_neg,0.875,0.291666666667,00:00:00,10,70,2,1985449475,threshold_sweep,0.3,0.666666666667,1,0.8,2,1,0,3,1,0.75,0.25,0,0.666666666667,1,0.8,0.833333333333,0.5,0.666666666667,0.707106781187,0.75,37,35,2,0,37,0,35,0,2,17,37,0.136029411765,1.88235294118,4.35294117647,3.36363636364,2.84615384615,1.69341284359,0.389027274878,0.193958664547,2.09866904602,0.964253345467,0.518282988871,1.87867287326,0.863174022847,0.470588235294,0.786197569093,0.41766745858,2.25,1.88235294118,0.786197569093,2.25,0.166339869281,0.0612244897959,3,0.00441176470588,0.185952380952,17,17,17,1,0,0.352941176471,0.411764705882,0.235294117647,17,0.128676470588,1.90196078431,4.11764705882,3.18181818182,2.69230769231,1.57648156274,0.382859808093,0.201680672269,2.01465221053,0.978545359402,0.524369747899,1.74894926439,0.849489642704,0.463865546218,0.814492905316,0.428238537847,2.33333333333,1.90196078431,0.814492905316,2.33333333333,0,0,0,0,0.164242424242,17,17,17,1,0,0.352941176471,0.411764705882,0.235294117647,17,38,0.139705882353,1.89460784314,4.47058823529,3.45454545455,2.71428571429,1.73629084037,0.388380845872,0.198142414861,2.19457888229,0.981785289445,0.529411764706,1.82103719638,0.814674535221,0.442724458204,0.806080091789,0.425460126067,2.25,1.89460784314,0.806080091789,2.25,0.209150326797,0.115384615385,6,0.00882352941176,0.183398268398,17,17,17,1,0,0.352941176471,0.470588235294,0.176470588235,1,0.00367647058824,0.0122549019608,0.117647058824,0.0909090909091,-0.131868131868,0.0428779967836,-0.000646429005719,0.00418375031378,0.0959098362728,0.0175319439782,0.0111287758347,-0.0576356768785,-0.0484994876259,-0.0278637770898,0.0198825226968,0.0077926674869,0,0.0122549019608,0.0198825226968,0,0.0428104575163,0.0541601255887,3,0.00441176470588,-0.00255411255411,0,0.0588235294118,-0.0588235294118,37,1,0,234,1,0.995744680851,0.00425531914894,0,0.973684210526,1,0.986666666667,0.984652666406,0.995744680851,0.973684210526,3,2,0,0,0,0
2713,WLNM_dir_neg,0.875,0.291666666667,00:00:00,10,70,2,1985449475,threshold_sweep,0.4,0.666666666667,1,0.8,2,1,0,3,1,0.75,0.25,0,0.666666666667,1,0.8,0.833333333333,0.5,0.666666666667,0.707106781187,0.75,37,35,2,0,37,0,35,0,2,17,37,0.136029411765,1.88235294118,4.35294117647,3.36363636364,2.84615384615,1.69341284359,0.389027274878,0.193958664547,2.09866904602,0.964253345467,0.518282988871,1.87867287326,0.863174022847,0.470588235294,0.786197569093,0.41766745858,2.25,1.88235294118,0.786197569093,2.25,0.166339869281,0.0612244897959,3,0.00441176470588,0.185952380952,17,17,17,1,0,0.352941176471,0.411764705882,0.235294117647,17,0.128676470588,1.90196078431,4.11764705882,3.18181818182,2.69230769231,1.57648156274,0.382859808093,0.201680672269,2.01465221053,0.978545359402,0.524369747899,1.74894926439,0.849489642704,0.463865546218,0.814492905316,0.428238537847,2.33333333333,1.90196078431,0.814492905316,2.33333333333,0,0,0,0,0.164242424242,17,17,17,1,0,0.352941176471,0.411764705882,0.235294117647,17,38,0.139705882353,1.89460784314,4.47058823529,3.45454545455,2.71428571429,1.73629084037,0.388380845872,0.198142414861,2.19457888229,0.981785289445,0.529411764706,1.82103719638,0.814674535221,0.442724458204,0.806080091789,0.425460126067,2.25,1.89460784314,0.806080091789,2.25,0.209150326797,0.115384615385,6,0.00882352941176,0.183398268398,17,17,17,1,0,0.352941176471,0.470588235294,0.176470588235,1,0.00367647058824,0.0122549019608,0.117647058824,0.0909090909091,-0.131868131868,0.0428779967836,-0.000646429005719,0.00418375031378,0.0959098362728,0.0175319439782,0.0111287758347,-0.0576356768785,-0.0484994876259,-0.0278637770898,0.0198825226968,0.0077926674869,0,0.0122549019608,0.0198825226968,0,0.0428104575163,0.0541601255887,3,0.00441176470588,-0.00255411255411,0,0.0588235294118,-0.0588235294118,37,1,0,234,1,0.995744680851,0.00425531914894,0,0.973684210526,1,0.986666666667,0.984652666406,0.995744680851,0.973684210526,3,2,0,0,0,0
2714,WLNM_dir_neg,0.875,0.291666666667,00:00:00,10,70,2,1985449475,threshold_sweep,0.5,0.666666666667,1,0.8,2,1,0,3,1,0.75,0.25,0,0.666666666667,1,0.8,0.833333333333,0.5,0.666666666667,0.707106781187,0.75,37,35,2,0,37,0,35,0,2,17,37,0.136029411765,1.88235294118,4.35294117647,3.36363636364,2.84615384615,1.69341284359,0.389027274878,0.193958664547,2.09866904602,0.964253345467,0.518282988871,1.87867287326,0.863174022847,0.470588235294,0.786197569093,0.41766745858,2.25,1.88235294118,0.786197569093,2.25,0.166339869281,0.0612244897959,3,0.00441176470588,0.185952380952,17,17,17,1,0,0.352941176471,0.411764705882,0.235294117647,17,0.128676470588,1.90196078431,4.11764705882,3.18181818182,2.69230769231,1.57648156274,0.382859808093,0.201680672269,2.01465221053,0.978545359402,0.524369747899,1.74894926439,0.849489642704,0.463865546218,0.814492905316,0.428238537847,2.33333333333,1.90196078431,0.814492905316,2.33333333333,0,0,0,0,0.164242424242,17,17,17,1,0,0.352941176471,0.411764705882,0.235294117647,17,38,0.139705882353,1.89460784314,4.47058823529,3.45454545455,2.71428571429,1.73629084037,0.388380845872,0.198142414861,2.19457888229,0.981785289445,0.529411764706,1.82103719638,0.814674535221,0.442724458204,0.806080091789,0.425460126067,2.25,1.89460784314,0.806080091789,2.25,0.209150326797,0.115384615385,6,0.00882352941176,0.183398268398,17,17,17,1,0,0.352941176471,0.470588235294,0.176470588235,1,0.00367647058824,0.0122549019608,0.117647058824,0.0909090909091,-0.131868131868,0.0428779967836,-0.000646429005719,0.00418375031378,0.0959098362728,0.0175319439782,0.0111287758347,-0.0576356768785,-0.0484994876259,-0.0278637770898,0.0198825226968,0.0077926674869,0,0.0122549019608,0.0198825226968,0,0.0428104575163,0.0541601255887,3,0.00441176470588,-0.00255411255411,0,0.0588235294118,-0.0588235294118,37,1,0,234,1,0.995744680851,0.00425531914894,0,0.973684210526,1,0.986666666667,0.984652666406,0.995744680851,0.973684210526,3,2,0,0,0,0
2715,WLNM_dir_neg,0.875,0.291666666667,00:00:00,10,70,2,1985449475,threshold_sweep,0.6,0.666666666667,1,0.8,2,1,0,3,1,0.75,0.25,0,0.666666666667,1,0.8,0.833333333333,0.5,0.666666666667,0.707106781187,0.75,37,35,2,0,37,0,35,0,2,17,37,0.136029411765,1.88235294118,4.35294117647,3.36363636364,2.84615384615,1.69341284359,0.389027274878,0.193958664547,2.09866904602,0.964253345467,0.518282988871,1.87867287326,0.863174022847,0.470588235294,0.786197569093,0.41766745858,2.25,1.88235294118,0.786197569093,2.25,0.166339869281,0.0612244897959,3,0.00441176470588,0.185952380952,17,17,17,1,0,0.352941176471,0.411764705882,0.235294117647,17,0.128676470588,1.90196078431,4.11764705882,3.18181818182,2.69230769231,1.57648156274,0.382859808093,0.201680672269,2.01465221053,0.978545359402,0.524369747899,1.74894926439,0.849489642704,0.463865546218,0.814492905316,0.428238537847,2.33333333333,1.90196078431,0.814492905316,2.33333333333,0,0,0,0,0.164242424242,17,17,17,1,0,0.352941176471,0.411764705882,0.235294117647,17,38,0.139705882353,1.89460784314,4.47058823529,3.45454545455,2.71428571429,1.73629084037,0.388380845872,0.198142414861,2.19457888229,0.981785289445,0.529411764706,1.82103719638,0.814674535221,0.442724458204,0.806080091789,0.425460126067,2.25,1.89460784314,0.806080091789,2.25,0.209150326797,0.115384615385,6,0.00882352941176,0.183398268398,17,17,17,1,0,0.352941176471,0.470588235294,0.176470588235,1,0.00367647058824,0.0122549019608,0.117647058824,0.0909090909091,-0.131868131868,0.0428779967836,-0.000646429005719,0.00418375031378,0.0959098362728,0.0175319439782,0.0111287758347,-0.0576356768785,-0.0484994876259,-0.0278637770898,0.0198825226968,0.0077926674869,0,0.0122549019608,0.0198825226968,0,0.0428104575163,0.0541601255887,3,0.00441176470588,-0.00255411255411,0,0.0588235294118,-0.0588235294118,37,1,0,234,1,0.995744680851,0.00425531914894,0,0.973684210526,1,0.986666666667,0.984652666406,0.995744680851,0.973684210526,3,2,0,0,0,0
2716,WLNM_dir_neg,0.875,0.291666666667,00:00:00,10,70,2,1985449475,threshold_sweep,0.7,0.666666666667,1,0.8,2,1,0,3,1,0.75,0.25,0,0.666666666667,1,0.8,0.833333333333,0.5,0.666666666667,0.707106781187,0.75,37,35,2,0,37,0,35,0,2,17,37,0.136029411765,1.88235294118,4.35294117647,3.36363636364,2.84615384615,1.69341284359,0.389027274878,0.193958664547,2.09866904602,0.964253345467,0.518282988871,1.87867287326,0.863174022847,0.470588235294,0.786197569093,0.41766745858,2.25,1.88235294118,0.786197569093,2.25,0.166339869281,0.0612244897959,3,0.00441176470588,0.185952380952,17,17,17,1,0,0.352941176471,0.411764705882,0.235294117647,17,0.128676470588,1.90196078431,4.11764705882,3.18181818182,2.69230769231,1.57648156274,0.382859808093,0.201680672269,2.01465221053,0.978545359402,0.524369747899,1.74894926439,0.849489642704,0.463865546218,0.814492905316,0.428238537847,2.33333333333,1.90196078431,0.814492905316,2.33333333333,0,0,0,0,0.164242424242,17,17,17,1,0,0.352941176471,0.411764705882,0.235294117647,17,38,0.139705882353,1.89460784314,4.47058823529,3.45454545455,2.71428571429,1.73629084037,0.388380845872,0.198142414861,2.19457888229,0.981785289445,0.529411764706,1.82103719638,0.814674535221,0.442724458204,0.806080091789,0.425460126067,2.25,1.89460784314,0.806080091789,2.25,0.209150326797,0.115384615385,6,0.00882352941176,0.183398268398,17,17,17,1,0,0.352941176471,0.470588235294,0.176470588235,1,0.00367647058824,0.0122549019608,0.117647058824,0.0909090909091,-0.131868131868,0.0428779967836,-0.000646429005719,0.00418375031378,0.0959098362728,0.0175319439782,0.0111287758347,-0.0576356768785,-0.0484994876259,-0.0278637770898,0.0198825226968,0.0077926674869,0,0.0122549019608,0.0198825226968,0,0.0428104575163,0.0541601255887,3,0.00441176470588,-0.00255411255411,0,0.0588235294118,-0.0588235294118,37,1,0,234,1,0.995744680851,0.00425531914894,0,0.973684210526,1,0.986666666667,0.984652666406,0.995744680851,0.973684210526,3,2,0,0,0,0
2717,WLNM_dir_neg,0.875,0.291666666667,00:00:00,10,70,2,1985449475,threshold_sweep,0.8,0.666666666667,1,0.8,2,1,0,3,1,0.75,0.25,0,0.666666666667,1,0.8,0.833333333333,0.5,0.666666666667,0.707106781187,0.75,37,35,2,0,37,0,35,0,2,17,37,0.136029411765,1.88235294118,4.35294117647,3.36363636364,2.84615384615,1.69341284359,0.389027274878,0.193958664547,2.09866904602,0.964253345467,0.518282988871,1.87867287326,0.863174022847,0.470588235294,0.786197569093,0.41766745858,2.25,1.88235294118,0.786197569093,2.25,0.166339869281,0.0612244897959,3,0.00441176470588,0.185952380952,17,17,17,1,0,0.352941176471,0.411764705882,0.235294117647,17,0.128676470588,1.90196078431,4.11764705882,3.18181818182,2.69230769231,1.57648156274,0.382859808093,0.201680672269,2.01465221053,0.978545359402,0.524369747899,1.74894926439,0.849489642704,0.463865546218,0.814492905316,0.428238537847,2.33333333333,1.90196078431,0.814492905316,2.33333333333,0,0,0,0,0.164242424242,17,17,17,1,0,0.352941176471,0.411764705882,0.235294117647,17,38,0.139705882353,1.89460784314,4.47058823529,3.45454545455,2.71428571429,1.73629084037,0.388380845872,0.198142414861,2.19457888229,0.981785289445,0.529411764706,1.82103719638,0.814674535221,0.442724458204,0.806080091789,0.425460126067,2.25,1.89460784314,0.806080091789,2.25,0.209150326797,0.115384615385,6,0.00882352941176,0.183398268398,17,17,17,1,0,0.352941176471,0.470588235294,0.176470588235,1,0.00367647058824,0.0122549019608,0.117647058824,0.0909090909091,-0.131868131868,0.0428779967836,-0.000646429005719,0.00418375031378,0.0959098362728,0.0175319439782,0.0111287758347,-0.0576356768785,-0.0484994876259,-0.0278637770898,0.0198825226968,0.0077926674869,0,0.0122549019608,0.0198825226968,0,0.0428104575163,0.0541601255887,3,0.00441176470588,-0.00255411255411,0,0.0588235294118,-0.0588235294118,37,1,0,234,1,0.995744680851,0.00425531914894,0,0.973684210526,1,0.986666666667,0.984652666406,0.995744680851,0.973684210526,3,2,0,0,0,0
2718,WLNM_dir_neg,0.875,0.291666666667,00:00:00,10,70,2,1985449475,threshold_sweep,0.9,0.666666666667,1,0.8,2,1,0,3,1,0.75,0.25,0,0.666666666667,1,0.8,0.833333333333,0.5,0.666666666667,0.707106781187,0.75,37,35,2,0,37,0,35,0,2,17,37,0.136029411765,1.88235294118,4.35294117647,3.36363636364,2.84615384615,1.69341284359,0.389027274878,0.193958664547,2.09866904602,0.964253345467,0.518282988871,1.87867287326,0.863174022847,0.470588235294,0.786197569093,0.41766745858,2.25,1.88235294118,0.786197569093,2.25,0.166339869281,0.0612244897959,3,0.00441176470588,0.185952380952,17,17,17,1,0,0.352941176471,0.411764705882,0.235294117647,17,0.128676470588,1.90196078431,4.11764705882,3.18181818182,2.69230769231,1.57648156274,0.382859808093,0.201680672269,2.01465221053,0.978545359402,0.524369747899,1.74894926439,0.849489642704,0.463865546218,0.814492905316,0.428238537847,2.33333333333,1.90196078431,0.814492905316,2.33333333333,0,0,0,0,0.164242424242,17,17,17,1,0,0.352941176471,0.411764705882,0.235294117647,17,38,0.139705882353,1.89460784314,4.47058823529,3.45454545455,2.71428571429,1.73629084037,0.388380845872,0.198142414861,2.19457888229,0.981785289445,0.529411764706,1.82103719638,0.814674535221,0.442724458204,0.806080091789,0.425460126067,2.25,1.89460784314,0.806080091789,2.25,0.209150326797,0.115384615385,6,0.00882352941176,0.183398268398,17,17,17,1,0,0.352941176471,0.470588235294,0.176470588235,1,0.00367647058824,0.0122549019608,0.117647058824,0.0909090909091,-0.131868131868,0.0428779967836,-0.000646429005719,0.00418375031378,0.0959098362728,0.0175319439782,0.0111287758347,-0.0576356768785,-0.0484994876259,-0.0278637770898,0.0198825226968,0.0077926674869,0,0.0122549019608,0.0198825226968,0,0.0428104575163,0.0541601255887,3,0.00441176470588,-0.00255411255411,0,0.0588235294118,-0.0588235294118,37,1,0,234,1,0.995744680851,0.00425531914894,0,0.973684210526,1,0.986666666667,0.984652666406,0.995744680851,0.973684210526,3,2,0,0,0,0
2719,WLNM_dir_neg,1,0.5,00:00:00,10,70,3,1985449476,threshold_sweep,0.1,1,1,1,2,0,0,4,1,1,0,0,1,1,1,1,0.555555555556,1,1,1,37,35,2,0,37,0,35,0,2,17,37,0.136029411765,1.88235294118,4.35294117647,3.36363636364,2.84615384615,1.69341284359,0.389027274878,0.193958664547,2.09866904602,0.964253345467,0.518282988871,1.87867287326,0.863174022847,0.470588235294,0.786197569093,0.41766745858,2.25,1.88235294118,0.786197569093,2.25,0.166339869281,0.0612244897959,3,0.00441176470588,0.185952380952,17,17,17,1,0,0.352941176471,0.411764705882,0.235294117647,17,0.128676470588,1.90196078431,4.11764705882,3.18181818182,2.69230769231,1.57648156274,0.382859808093,0.201680672269,2.01465221053,0.978545359402,0.524369747899,1.74894926439,0.849489642704,0.463865546218,0.814492905316,0.428238537847,2.33333333333,1.90196078431,0.814492905316,2.33333333333,0,0,0,0,0.164242424242,17,17,17,1,0,0.352941176471,0.411764705882,0.235294117647,17,37,0.136029411765,1.88235294118,4.35294117647,3.36363636364,2.84615384615,1.69341284359,0.389027274878,0.193958664547,2.09866904602,0.964253345467,0.518282988871,1.87867287326,0.863174022847,0.470588235294,0.786197569093,0.41766745858,2.25,1.88235294118,0.786197569093,2.25,0.166339869281,0.0612244897959,3,0.00441176470588,0.185952380952,17,17,17,1,0,0.352941176471,0.411764705882,0.235294117647,0,0,0,0,0,0,0,0,0,0,0,0,0,0,0,0,0,0,0,0,0,0,0,0,0,0,0,0,0,37,0,0,235,1,1,0,0,1,1,1,1,1,1,2,2,0,0,0,0
2720,WLNM_dir_neg,1,0.5,00:00:00,10,70,3,1985449476,threshold_sweep,0.2,1,1,1,2,0,0,4,1,1,0,0,1,1,1,1,0.555555555556,1,1,1,37,35,2,0,37,0,35,0,2,17,37,0.136029411765,1.88235294118,4.35294117647,3.36363636364,2.84615384615,1.69341284359,0.389027274878,0.193958664547,2.09866904602,0.964253345467,0.518282988871,1.87867287326,0.863174022847,0.470588235294,0.786197569093,0.41766745858,2.25,1.88235294118,0.786197569093,2.25,0.166339869281,0.0612244897959,3,0.00441176470588,0.185952380952,17,17,17,1,0,0.352941176471,0.411764705882,0.235294117647,17,0.128676470588,1.90196078431,4.11764705882,3.18181818182,2.69230769231,1.57648156274,0.382859808093,0.201680672269,2.01465221053,0.978545359402,0.524369747899,1.74894926439,0.849489642704,0.463865546218,0.814492905316,0.428238537847,2.33333333333,1.90196078431,0.814492905316,2.33333333333,0,0,0,0,0.164242424242,17,17,17,1,0,0.352941176471,0.411764705882,0.235294117647,17,37,0.136029411765,1.88235294118,4.35294117647,3.36363636364,2.84615384615,1.69341284359,0.389027274878,0.193958664547,2.09866904602,0.964253345467,0.518282988871,1.87867287326,0.863174022847,0.470588235294,0.786197569093,0.41766745858,2.25,1.88235294118,0.786197569093,2.25,0.166339869281,0.0612244897959,3,0.00441176470588,0.185952380952,17,17,17,1,0,0.352941176471,0.411764705882,0.235294117647,0,0,0,0,0,0,0,0,0,0,0,0,0,0,0,0,0,0,0,0,0,0,0,0,0,0,0,0,0,37,0,0,235,1,1,0,0,1,1,1,1,1,1,2,2,0,0,0,0
2721,WLNM_dir_neg,1,0.5,00:00:00,10,70,3,1985449476,threshold_sweep,0.3,1,1,1,2,0,0,4,1,1,0,0,1,1,1,1,0.555555555556,1,1,1,37,35,2,0,37,0,35,0,2,17,37,0.136029411765,1.88235294118,4.35294117647,3.36363636364,2.84615384615,1.69341284359,0.389027274878,0.193958664547,2.09866904602,0.964253345467,0.518282988871,1.87867287326,0.863174022847,0.470588235294,0.786197569093,0.41766745858,2.25,1.88235294118,0.786197569093,2.25,0.166339869281,0.0612244897959,3,0.00441176470588,0.185952380952,17,17,17,1,0,0.352941176471,0.411764705882,0.235294117647,17,0.128676470588,1.90196078431,4.11764705882,3.18181818182,2.69230769231,1.57648156274,0.382859808093,0.201680672269,2.01465221053,0.978545359402,0.524369747899,1.74894926439,0.849489642704,0.463865546218,0.814492905316,0.428238537847,2.33333333333,1.90196078431,0.814492905316,2.33333333333,0,0,0,0,0.164242424242,17,17,17,1,0,0.352941176471,0.411764705882,0.235294117647,17,37,0.136029411765,1.88235294118,4.35294117647,3.36363636364,2.84615384615,1.69341284359,0.389027274878,0.193958664547,2.09866904602,0.964253345467,0.518282988871,1.87867287326,0.863174022847,0.470588235294,0.786197569093,0.41766745858,2.25,1.88235294118,0.786197569093,2.25,0.166339869281,0.0612244897959,3,0.00441176470588,0.185952380952,17,17,17,1,0,0.352941176471,0.411764705882,0.235294117647,0,0,0,0,0,0,0,0,0,0,0,0,0,0,0,0,0,0,0,0,0,0,0,0,0,0,0,0,0,37,0,0,235,1,1,0,0,1,1,1,1,1,1,2,2,0,0,0,0
2722,WLNM_dir_neg,1,0.5,00:00:00,10,70,3,1985449476,threshold_sweep,0.4,1,1,1,2,0,0,4,1,1,0,0,1,1,1,1,0.555555555556,1,1,1,37,35,2,0,37,0,35,0,2,17,37,0.136029411765,1.88235294118,4.35294117647,3.36363636364,2.84615384615,1.69341284359,0.389027274878,0.193958664547,2.09866904602,0.964253345467,0.518282988871,1.87867287326,0.863174022847,0.470588235294,0.786197569093,0.41766745858,2.25,1.88235294118,0.786197569093,2.25,0.166339869281,0.0612244897959,3,0.00441176470588,0.185952380952,17,17,17,1,0,0.352941176471,0.411764705882,0.235294117647,17,0.128676470588,1.90196078431,4.11764705882,3.18181818182,2.69230769231,1.57648156274,0.382859808093,0.201680672269,2.01465221053,0.978545359402,0.524369747899,1.74894926439,0.849489642704,0.463865546218,0.814492905316,0.428238537847,2.33333333333,1.90196078431,0.814492905316,2.33333333333,0,0,0,0,0.164242424242,17,17,17,1,0,0.352941176471,0.411764705882,0.235294117647,17,37,0.136029411765,1.88235294118,4.35294117647,3.36363636364,2.84615384615,1.69341284359,0.389027274878,0.193958664547,2.09866904602,0.964253345467,0.518282988871,1.87867287326,0.863174022847,0.470588235294,0.786197569093,0.41766745858,2.25,1.88235294118,0.786197569093,2.25,0.166339869281,0.0612244897959,3,0.00441176470588,0.185952380952,17,17,17,1,0,0.352941176471,0.411764705882,0.235294117647,0,0,0,0,0,0,0,0,0,0,0,0,0,0,0,0,0,0,0,0,0,0,0,0,0,0,0,0,0,37,0,0,235,1,1,0,0,1,1,1,1,1,1,2,2,0,0,0,0
2723,WLNM_dir_neg,1,0.5,00:00:00,10,70,3,1985449476,threshold_sweep,0.5,1,1,1,2,0,0,4,1,1,0,0,1,1,1,1,0.555555555556,1,1,1,37,35,2,0,37,0,35,0,2,17,37,0.136029411765,1.88235294118,4.35294117647,3.36363636364,2.84615384615,1.69341284359,0.389027274878,0.193958664547,2.09866904602,0.964253345467,0.518282988871,1.87867287326,0.863174022847,0.470588235294,0.786197569093,0.41766745858,2.25,1.88235294118,0.786197569093,2.25,0.166339869281,0.0612244897959,3,0.00441176470588,0.185952380952,17,17,17,1,0,0.352941176471,0.411764705882,0.235294117647,17,0.128676470588,1.90196078431,4.11764705882,3.18181818182,2.69230769231,1.57648156274,0.382859808093,0.201680672269,2.01465221053,0.978545359402,0.524369747899,1.74894926439,0.849489642704,0.463865546218,0.814492905316,0.428238537847,2.33333333333,1.90196078431,0.814492905316,2.33333333333,0,0,0,0,0.164242424242,17,17,17,1,0,0.352941176471,0.411764705882,0.235294117647,17,37,0.136029411765,1.88235294118,4.35294117647,3.36363636364,2.84615384615,1.69341284359,0.389027274878,0.193958664547,2.09866904602,0.964253345467,0.518282988871,1.87867287326,0.863174022847,0.470588235294,0.786197569093,0.41766745858,2.25,1.88235294118,0.786197569093,2.25,0.166339869281,0.0612244897959,3,0.00441176470588,0.185952380952,17,17,17,1,0,0.352941176471,0.411764705882,0.235294117647,0,0,0,0,0,0,0,0,0,0,0,0,0,0,0,0,0,0,0,0,0,0,0,0,0,0,0,0,0,37,0,0,235,1,1,0,0,1,1,1,1,1,1,2,2,0,0,0,0
2724,WLNM_dir_neg,1,0.5,00:00:00,10,70,3,1985449476,threshold_sweep,0.6,1,1,1,2,0,0,4,1,1,0,0,1,1,1,1,0.555555555556,1,1,1,37,35,2,0,37,0,35,0,2,17,37,0.136029411765,1.88235294118,4.35294117647,3.36363636364,2.84615384615,1.69341284359,0.389027274878,0.193958664547,2.09866904602,0.964253345467,0.518282988871,1.87867287326,0.863174022847,0.470588235294,0.786197569093,0.41766745858,2.25,1.88235294118,0.786197569093,2.25,0.166339869281,0.0612244897959,3,0.00441176470588,0.185952380952,17,17,17,1,0,0.352941176471,0.411764705882,0.235294117647,17,0.128676470588,1.90196078431,4.11764705882,3.18181818182,2.69230769231,1.57648156274,0.382859808093,0.201680672269,2.01465221053,0.978545359402,0.524369747899,1.74894926439,0.849489642704,0.463865546218,0.814492905316,0.428238537847,2.33333333333,1.90196078431,0.814492905316,2.33333333333,0,0,0,0,0.164242424242,17,17,17,1,0,0.352941176471,0.411764705882,0.235294117647,17,37,0.136029411765,1.88235294118,4.35294117647,3.36363636364,2.84615384615,1.69341284359,0.389027274878,0.193958664547,2.09866904602,0.964253345467,0.518282988871,1.87867287326,0.863174022847,0.470588235294,0.786197569093,0.41766745858,2.25,1.88235294118,0.786197569093,2.25,0.166339869281,0.0612244897959,3,0.00441176470588,0.185952380952,17,17,17,1,0,0.352941176471,0.411764705882,0.235294117647,0,0,0,0,0,0,0,0,0,0,0,0,0,0,0,0,0,0,0,0,0,0,0,0,0,0,0,0,0,37,0,0,235,1,1,0,0,1,1,1,1,1,1,2,2,0,0,0,0
2725,WLNM_dir_neg,1,0.5,00:00:00,10,70,3,1985449476,threshold_sweep,0.7,1,1,1,2,0,0,4,1,1,0,0,1,1,1,1,0.555555555556,1,1,1,37,35,2,0,37,0,35,0,2,17,37,0.136029411765,1.88235294118,4.35294117647,3.36363636364,2.84615384615,1.69341284359,0.389027274878,0.193958664547,2.09866904602,0.964253345467,0.518282988871,1.87867287326,0.863174022847,0.470588235294,0.786197569093,0.41766745858,2.25,1.88235294118,0.786197569093,2.25,0.166339869281,0.0612244897959,3,0.00441176470588,0.185952380952,17,17,17,1,0,0.352941176471,0.411764705882,0.235294117647,17,0.128676470588,1.90196078431,4.11764705882,3.18181818182,2.69230769231,1.57648156274,0.382859808093,0.201680672269,2.01465221053,0.978545359402,0.524369747899,1.74894926439,0.849489642704,0.463865546218,0.814492905316,0.428238537847,2.33333333333,1.90196078431,0.814492905316,2.33333333333,0,0,0,0,0.164242424242,17,17,17,1,0,0.352941176471,0.411764705882,0.235294117647,17,37,0.136029411765,1.88235294118,4.35294117647,3.36363636364,2.84615384615,1.69341284359,0.389027274878,0.193958664547,2.09866904602,0.964253345467,0.518282988871,1.87867287326,0.863174022847,0.470588235294,0.786197569093,0.41766745858,2.25,1.88235294118,0.786197569093,2.25,0.166339869281,0.0612244897959,3,0.00441176470588,0.185952380952,17,17,17,1,0,0.352941176471,0.411764705882,0.235294117647,0,0,0,0,0,0,0,0,0,0,0,0,0,0,0,0,0,0,0,0,0,0,0,0,0,0,0,0,0,37,0,0,235,1,1,0,0,1,1,1,1,1,1,2,2,0,0,0,0
2726,WLNM_dir_neg,1,0.5,00:00:00,10,70,3,1985449476,threshold_sweep,0.8,1,1,1,2,0,0,4,1,1,0,0,1,1,1,1,0.555555555556,1,1,1,37,35,2,0,37,0,35,0,2,17,37,0.136029411765,1.88235294118,4.35294117647,3.36363636364,2.84615384615,1.69341284359,0.389027274878,0.193958664547,2.09866904602,0.964253345467,0.518282988871,1.87867287326,0.863174022847,0.470588235294,0.786197569093,0.41766745858,2.25,1.88235294118,0.786197569093,2.25,0.166339869281,0.0612244897959,3,0.00441176470588,0.185952380952,17,17,17,1,0,0.352941176471,0.411764705882,0.235294117647,17,0.128676470588,1.90196078431,4.11764705882,3.18181818182,2.69230769231,1.57648156274,0.382859808093,0.201680672269,2.01465221053,0.978545359402,0.524369747899,1.74894926439,0.849489642704,0.463865546218,0.814492905316,0.428238537847,2.33333333333,1.90196078431,0.814492905316,2.33333333333,0,0,0,0,0.164242424242,17,17,17,1,0,0.352941176471,0.411764705882,0.235294117647,17,37,0.136029411765,1.88235294118,4.35294117647,3.36363636364,2.84615384615,1.69341284359,0.389027274878,0.193958664547,2.09866904602,0.964253345467,0.518282988871,1.87867287326,0.863174022847,0.470588235294,0.786197569093,0.41766745858,2.25,1.88235294118,0.786197569093,2.25,0.166339869281,0.0612244897959,3,0.00441176470588,0.185952380952,17,17,17,1,0,0.352941176471,0.411764705882,0.235294117647,0,0,0,0,0,0,0,0,0,0,0,0,0,0,0,0,0,0,0,0,0,0,0,0,0,0,0,0,0,37,0,0,235,1,1,0,0,1,1,1,1,1,1,2,2,0,0,0,0
2727,WLNM_dir_neg,1,0.5,00:00:00,10,70,3,1985449476,threshold_sweep,0.9,1,1,1,2,0,0,4,1,1,0,0,1,1,1,1,0.555555555556,1,1,1,37,35,2,0,37,0,35,0,2,17,37,0.136029411765,1.88235294118,4.35294117647,3.36363636364,2.84615384615,1.69341284359,0.389027274878,0.193958664547,2.09866904602,0.964253345467,0.518282988871,1.87867287326,0.863174022847,0.470588235294,0.786197569093,0.41766745858,2.25,1.88235294118,0.786197569093,2.25,0.166339869281,0.0612244897959,3,0.00441176470588,0.185952380952,17,17,17,1,0,0.352941176471,0.411764705882,0.235294117647,17,0.128676470588,1.90196078431,4.11764705882,3.18181818182,2.69230769231,1.57648156274,0.382859808093,0.201680672269,2.01465221053,0.978545359402,0.524369747899,1.74894926439,0.849489642704,0.463865546218,0.814492905316,0.428238537847,2.33333333333,1.90196078431,0.814492905316,2.33333333333,0,0,0,0,0.164242424242,17,17,17,1,0,0.352941176471,0.411764705882,0.235294117647,17,37,0.136029411765,1.88235294118,4.35294117647,3.36363636364,2.84615384615,1.69341284359,0.389027274878,0.193958664547,2.09866904602,0.964253345467,0.518282988871,1.87867287326,0.863174022847,0.470588235294,0.786197569093,0.41766745858,2.25,1.88235294118,0.786197569093,2.25,0.166339869281,0.0612244897959,3,0.00441176470588,0.185952380952,17,17,17,1,0,0.352941176471,0.411764705882,0.235294117647,0,0,0,0,0,0,0,0,0,0,0,0,0,0,0,0,0,0,0,0,0,0,0,0,0,0,0,0,0,37,0,0,235,1,1,0,0,1,1,1,1,1,1,2,2,0,0,0,0
2728,WLNM_dir_neg,1,0.5,00:00:00,10,70,4,1985449477,threshold_sweep,0.1,1,1,1,2,0,0,4,1,1,0,0,1,1,1,1,0.555555555556,1,1,1,37,35,2,0,37,0,35,0,2,17,37,0.136029411765,1.88235294118,4.35294117647,3.36363636364,2.84615384615,1.69341284359,0.389027274878,0.193958664547,2.09866904602,0.964253345467,0.518282988871,1.87867287326,0.863174022847,0.470588235294,0.786197569093,0.41766745858,2.25,1.88235294118,0.786197569093,2.25,0.166339869281,0.0612244897959,3,0.00441176470588,0.185952380952,17,17,17,1,0,0.352941176471,0.411764705882,0.235294117647,17,0.128676470588,1.90196078431,4.11764705882,3.18181818182,2.69230769231,1.57648156274,0.382859808093,0.201680672269,2.01465221053,0.978545359402,0.524369747899,1.74894926439,0.849489642704,0.463865546218,0.814492905316,0.428238537847,2.33333333333,1.90196078431,0.814492905316,2.33333333333,0,0,0,0,0.164242424242,17,17,17,1,0,0.352941176471,0.411764705882,0.235294117647,17,37,0.136029411765,1.88235294118,4.35294117647,3.36363636364,2.84615384615,1.69341284359,0.389027274878,0.193958664547,2.09866904602,0.964253345467,0.518282988871,1.87867287326,0.863174022847,0.470588235294,0.786197569093,0.41766745858,2.25,1.88235294118,0.786197569093,2.25,0.166339869281,0.0612244897959,3,0.00441176470588,0.185952380952,17,17,17,1,0,0.352941176471,0.411764705882,0.235294117647,0,0,0,0,0,0,0,0,0,0,0,0,0,0,0,0,0,0,0,0,0,0,0,0,0,0,0,0,0,37,0,0,235,1,1,0,0,1,1,1,1,1,1,2,2,0,0,0,0
2729,WLNM_dir_neg,1,0.5,00:00:00,10,70,4,1985449477,threshold_sweep,0.2,1,1,1,2,0,0,4,1,1,0,0,1,1,1,1,0.555555555556,1,1,1,37,35,2,0,37,0,35,0,2,17,37,0.136029411765,1.88235294118,4.35294117647,3.36363636364,2.84615384615,1.69341284359,0.389027274878,0.193958664547,2.09866904602,0.964253345467,0.518282988871,1.87867287326,0.863174022847,0.470588235294,0.786197569093,0.41766745858,2.25,1.88235294118,0.786197569093,2.25,0.166339869281,0.0612244897959,3,0.00441176470588,0.185952380952,17,17,17,1,0,0.352941176471,0.411764705882,0.235294117647,17,0.128676470588,1.90196078431,4.11764705882,3.18181818182,2.69230769231,1.57648156274,0.382859808093,0.201680672269,2.01465221053,0.978545359402,0.524369747899,1.74894926439,0.849489642704,0.463865546218,0.814492905316,0.428238537847,2.33333333333,1.90196078431,0.814492905316,2.33333333333,0,0,0,0,0.164242424242,17,17,17,1,0,0.352941176471,0.411764705882,0.235294117647,17,37,0.136029411765,1.88235294118,4.35294117647,3.36363636364,2.84615384615,1.69341284359,0.389027274878,0.193958664547,2.09866904602,0.964253345467,0.518282988871,1.87867287326,0.863174022847,0.470588235294,0.786197569093,0.41766745858,2.25,1.88235294118,0.786197569093,2.25,0.166339869281,0.0612244897959,3,0.00441176470588,0.185952380952,17,17,17,1,0,0.352941176471,0.411764705882,0.235294117647,0,0,0,0,0,0,0,0,0,0,0,0,0,0,0,0,0,0,0,0,0,0,0,0,0,0,0,0,0,37,0,0,235,1,1,0,0,1,1,1,1,1,1,2,2,0,0,0,0
2730,WLNM_dir_neg,1,0.5,00:00:00,10,70,4,1985449477,threshold_sweep,0.3,1,1,1,2,0,0,4,1,1,0,0,1,1,1,1,0.555555555556,1,1,1,37,35,2,0,37,0,35,0,2,17,37,0.136029411765,1.88235294118,4.35294117647,3.36363636364,2.84615384615,1.69341284359,0.389027274878,0.193958664547,2.09866904602,0.964253345467,0.518282988871,1.87867287326,0.863174022847,0.470588235294,0.786197569093,0.41766745858,2.25,1.88235294118,0.786197569093,2.25,0.166339869281,0.0612244897959,3,0.00441176470588,0.185952380952,17,17,17,1,0,0.352941176471,0.411764705882,0.235294117647,17,0.128676470588,1.90196078431,4.11764705882,3.18181818182,2.69230769231,1.57648156274,0.382859808093,0.201680672269,2.01465221053,0.978545359402,0.524369747899,1.74894926439,0.849489642704,0.463865546218,0.814492905316,0.428238537847,2.33333333333,1.90196078431,0.814492905316,2.33333333333,0,0,0,0,0.164242424242,17,17,17,1,0,0.352941176471,0.411764705882,0.235294117647,17,37,0.136029411765,1.88235294118,4.35294117647,3.36363636364,2.84615384615,1.69341284359,0.389027274878,0.193958664547,2.09866904602,0.964253345467,0.518282988871,1.87867287326,0.863174022847,0.470588235294,0.786197569093,0.41766745858,2.25,1.88235294118,0.786197569093,2.25,0.166339869281,0.0612244897959,3,0.00441176470588,0.185952380952,17,17,17,1,0,0.352941176471,0.411764705882,0.235294117647,0,0,0,0,0,0,0,0,0,0,0,0,0,0,0,0,0,0,0,0,0,0,0,0,0,0,0,0,0,37,0,0,235,1,1,0,0,1,1,1,1,1,1,2,2,0,0,0,0
2731,WLNM_dir_neg,1,0.5,00:00:00,10,70,4,1985449477,threshold_sweep,0.4,1,1,1,2,0,0,4,1,1,0,0,1,1,1,1,0.555555555556,1,1,1,37,35,2,0,37,0,35,0,2,17,37,0.136029411765,1.88235294118,4.35294117647,3.36363636364,2.84615384615,1.69341284359,0.389027274878,0.193958664547,2.09866904602,0.964253345467,0.518282988871,1.87867287326,0.863174022847,0.470588235294,0.786197569093,0.41766745858,2.25,1.88235294118,0.786197569093,2.25,0.166339869281,0.0612244897959,3,0.00441176470588,0.185952380952,17,17,17,1,0,0.352941176471,0.411764705882,0.235294117647,17,0.128676470588,1.90196078431,4.11764705882,3.18181818182,2.69230769231,1.57648156274,0.382859808093,0.201680672269,2.01465221053,0.978545359402,0.524369747899,1.74894926439,0.849489642704,0.463865546218,0.814492905316,0.428238537847,2.33333333333,1.90196078431,0.814492905316,2.33333333333,0,0,0,0,0.164242424242,17,17,17,1,0,0.352941176471,0.411764705882,0.235294117647,17,37,0.136029411765,1.88235294118,4.35294117647,3.36363636364,2.84615384615,1.69341284359,0.389027274878,0.193958664547,2.09866904602,0.964253345467,0.518282988871,1.87867287326,0.863174022847,0.470588235294,0.786197569093,0.41766745858,2.25,1.88235294118,0.786197569093,2.25,0.166339869281,0.0612244897959,3,0.00441176470588,0.185952380952,17,17,17,1,0,0.352941176471,0.411764705882,0.235294117647,0,0,0,0,0,0,0,0,0,0,0,0,0,0,0,0,0,0,0,0,0,0,0,0,0,0,0,0,0,37,0,0,235,1,1,0,0,1,1,1,1,1,1,2,2,0,0,0,0
2732,WLNM_dir_neg,1,0.5,00:00:00,10,70,4,1985449477,threshold_sweep,0.5,1,1,1,2,0,0,4,1,1,0,0,1,1,1,1,0.555555555556,1,1,1,37,35,2,0,37,0,35,0,2,17,37,0.136029411765,1.88235294118,4.35294117647,3.36363636364,2.84615384615,1.69341284359,0.389027274878,0.193958664547,2.09866904602,0.964253345467,0.518282988871,1.87867287326,0.863174022847,0.470588235294,0.786197569093,0.41766745858,2.25,1.88235294118,0.786197569093,2.25,0.166339869281,0.0612244897959,3,0.00441176470588,0.185952380952,17,17,17,1,0,0.352941176471,0.411764705882,0.235294117647,17,0.128676470588,1.90196078431,4.11764705882,3.18181818182,2.69230769231,1.57648156274,0.382859808093,0.201680672269,2.01465221053,0.978545359402,0.524369747899,1.74894926439,0.849489642704,0.463865546218,0.814492905316,0.428238537847,2.33333333333,1.90196078431,0.814492905316,2.33333333333,0,0,0,0,0.164242424242,17,17,17,1,0,0.352941176471,0.411764705882,0.235294117647,17,37,0.136029411765,1.88235294118,4.35294117647,3.36363636364,2.84615384615,1.69341284359,0.389027274878,0.193958664547,2.09866904602,0.964253345467,0.518282988871,1.87867287326,0.863174022847,0.470588235294,0.786197569093,0.41766745858,2.25,1.88235294118,0.786197569093,2.25,0.166339869281,0.0612244897959,3,0.00441176470588,0.185952380952,17,17,17,1,0,0.352941176471,0.411764705882,0.235294117647,0,0,0,0,0,0,0,0,0,0,0,0,0,0,0,0,0,0,0,0,0,0,0,0,0,0,0,0,0,37,0,0,235,1,1,0,0,1,1,1,1,1,1,2,2,0,0,0,0
2733,WLNM_dir_neg,1,0.5,00:00:00,10,70,4,1985449477,threshold_sweep,0.6,1,1,1,2,0,0,4,1,1,0,0,1,1,1,1,0.555555555556,1,1,1,37,35,2,0,37,0,35,0,2,17,37,0.136029411765,1.88235294118,4.35294117647,3.36363636364,2.84615384615,1.69341284359,0.389027274878,0.193958664547,2.09866904602,0.964253345467,0.518282988871,1.87867287326,0.863174022847,0.470588235294,0.786197569093,0.41766745858,2.25,1.88235294118,0.786197569093,2.25,0.166339869281,0.0612244897959,3,0.00441176470588,0.185952380952,17,17,17,1,0,0.352941176471,0.411764705882,0.235294117647,17,0.128676470588,1.90196078431,4.11764705882,3.18181818182,2.69230769231,1.57648156274,0.382859808093,0.201680672269,2.01465221053,0.978545359402,0.524369747899,1.74894926439,0.849489642704,0.463865546218,0.814492905316,0.428238537847,2.33333333333,1.90196078431,0.814492905316,2.33333333333,0,0,0,0,0.164242424242,17,17,17,1,0,0.352941176471,0.411764705882,0.235294117647,17,37,0.136029411765,1.88235294118,4.35294117647,3.36363636364,2.84615384615,1.69341284359,0.389027274878,0.193958664547,2.09866904602,0.964253345467,0.518282988871,1.87867287326,0.863174022847,0.470588235294,0.786197569093,0.41766745858,2.25,1.88235294118,0.786197569093,2.25,0.166339869281,0.0612244897959,3,0.00441176470588,0.185952380952,17,17,17,1,0,0.352941176471,0.411764705882,0.235294117647,0,0,0,0,0,0,0,0,0,0,0,0,0,0,0,0,0,0,0,0,0,0,0,0,0,0,0,0,0,37,0,0,235,1,1,0,0,1,1,1,1,1,1,2,2,0,0,0,0
2734,WLNM_dir_neg,1,0.5,00:00:00,10,70,4,1985449477,threshold_sweep,0.7,1,1,1,2,0,0,4,1,1,0,0,1,1,1,1,0.555555555556,1,1,1,37,35,2,0,37,0,35,0,2,17,37,0.136029411765,1.88235294118,4.35294117647,3.36363636364,2.84615384615,1.69341284359,0.389027274878,0.193958664547,2.09866904602,0.964253345467,0.518282988871,1.87867287326,0.863174022847,0.470588235294,0.786197569093,0.41766745858,2.25,1.88235294118,0.786197569093,2.25,0.166339869281,0.0612244897959,3,0.00441176470588,0.185952380952,17,17,17,1,0,0.352941176471,0.411764705882,0.235294117647,17,0.128676470588,1.90196078431,4.11764705882,3.18181818182,2.69230769231,1.57648156274,0.382859808093,0.201680672269,2.01465221053,0.978545359402,0.524369747899,1.74894926439,0.849489642704,0.463865546218,0.814492905316,0.428238537847,2.33333333333,1.90196078431,0.814492905316,2.33333333333,0,0,0,0,0.164242424242,17,17,17,1,0,0.352941176471,0.411764705882,0.235294117647,17,37,0.136029411765,1.88235294118,4.35294117647,3.36363636364,2.84615384615,1.69341284359,0.389027274878,0.193958664547,2.09866904602,0.964253345467,0.518282988871,1.87867287326,0.863174022847,0.470588235294,0.786197569093,0.41766745858,2.25,1.88235294118,0.786197569093,2.25,0.166339869281,0.0612244897959,3,0.00441176470588,0.185952380952,17,17,17,1,0,0.352941176471,0.411764705882,0.235294117647,0,0,0,0,0,0,0,0,0,0,0,0,0,0,0,0,0,0,0,0,0,0,0,0,0,0,0,0,0,37,0,0,235,1,1,0,0,1,1,1,1,1,1,2,2,0,0,0,0
2735,WLNM_dir_neg,1,0.5,00:00:00,10,70,4,1985449477,threshold_sweep,0.8,1,1,1,2,0,0,4,1,1,0,0,1,1,1,1,0.555555555556,1,1,1,37,35,2,0,37,0,35,0,2,17,37,0.136029411765,1.88235294118,4.35294117647,3.36363636364,2.84615384615,1.69341284359,0.389027274878,0.193958664547,2.09866904602,0.964253345467,0.518282988871,1.87867287326,0.863174022847,0.470588235294,0.786197569093,0.41766745858,2.25,1.88235294118,0.786197569093,2.25,0.166339869281,0.0612244897959,3,0.00441176470588,0.185952380952,17,17,17,1,0,0.352941176471,0.411764705882,0.235294117647,17,0.128676470588,1.90196078431,4.11764705882,3.18181818182,2.69230769231,1.57648156274,0.382859808093,0.201680672269,2.01465221053,0.978545359402,0.524369747899,1.74894926439,0.849489642704,0.463865546218,0.814492905316,0.428238537847,2.33333333333,1.90196078431,0.814492905316,2.33333333333,0,0,0,0,0.164242424242,17,17,17,1,0,0.352941176471,0.411764705882,0.235294117647,17,37,0.136029411765,1.88235294118,4.35294117647,3.36363636364,2.84615384615,1.69341284359,0.389027274878,0.193958664547,2.09866904602,0.964253345467,0.518282988871,1.87867287326,0.863174022847,0.470588235294,0.786197569093,0.41766745858,2.25,1.88235294118,0.786197569093,2.25,0.166339869281,0.0612244897959,3,0.00441176470588,0.185952380952,17,17,17,1,0,0.352941176471,0.411764705882,0.235294117647,0,0,0,0,0,0,0,0,0,0,0,0,0,0,0,0,0,0,0,0,0,0,0,0,0,0,0,0,0,37,0,0,235,1,1,0,0,1,1,1,1,1,1,2,2,0,0,0,0
2736,WLNM_dir_neg,1,0.5,00:00:00,10,70,4,1985449477,threshold_sweep,0.9,1,1,1,2,0,0,4,1,1,0,0,1,1,1,1,0.555555555556,1,1,1,37,35,2,0,37,0,35,0,2,17,37,0.136029411765,1.88235294118,4.35294117647,3.36363636364,2.84615384615,1.69341284359,0.389027274878,0.193958664547,2.09866904602,0.964253345467,0.518282988871,1.87867287326,0.863174022847,0.470588235294,0.786197569093,0.41766745858,2.25,1.88235294118,0.786197569093,2.25,0.166339869281,0.0612244897959,3,0.00441176470588,0.185952380952,17,17,17,1,0,0.352941176471,0.411764705882,0.235294117647,17,0.128676470588,1.90196078431,4.11764705882,3.18181818182,2.69230769231,1.57648156274,0.382859808093,0.201680672269,2.01465221053,0.978545359402,0.524369747899,1.74894926439,0.849489642704,0.463865546218,0.814492905316,0.428238537847,2.33333333333,1.90196078431,0.814492905316,2.33333333333,0,0,0,0,0.164242424242,17,17,17,1,0,0.352941176471,0.411764705882,0.235294117647,17,37,0.136029411765,1.88235294118,4.35294117647,3.36363636364,2.84615384615,1.69341284359,0.389027274878,0.193958664547,2.09866904602,0.964253345467,0.518282988871,1.87867287326,0.863174022847,0.470588235294,0.786197569093,0.41766745858,2.25,1.88235294118,0.786197569093,2.25,0.166339869281,0.0612244897959,3,0.00441176470588,0.185952380952,17,17,17,1,0,0.352941176471,0.411764705882,0.235294117647,0,0,0,0,0,0,0,0,0,0,0,0,0,0,0,0,0,0,0,0,0,0,0,0,0,0,0,0,0,37,0,0,235,1,1,0,0,1,1,1,1,1,1,2,2,0,0,0,0
2737,WLNM_dir_neg,1,0.5,00:00:00,10,70,5,1985449478,threshold_sweep,0.1,1,1,1,2,0,0,4,1,1,0,0,1,1,1,1,0.555555555556,1,1,1,37,35,2,0,37,0,35,0,2,17,37,0.136029411765,1.88235294118,4.35294117647,3.36363636364,2.84615384615,1.69341284359,0.389027274878,0.193958664547,2.09866904602,0.964253345467,0.518282988871,1.87867287326,0.863174022847,0.470588235294,0.786197569093,0.41766745858,2.25,1.88235294118,0.786197569093,2.25,0.166339869281,0.0612244897959,3,0.00441176470588,0.185952380952,17,17,17,1,0,0.352941176471,0.411764705882,0.235294117647,17,0.128676470588,1.90196078431,4.11764705882,3.18181818182,2.69230769231,1.57648156274,0.382859808093,0.201680672269,2.01465221053,0.978545359402,0.524369747899,1.74894926439,0.849489642704,0.463865546218,0.814492905316,0.428238537847,2.33333333333,1.90196078431,0.814492905316,2.33333333333,0,0,0,0,0.164242424242,17,17,17,1,0,0.352941176471,0.411764705882,0.235294117647,17,37,0.136029411765,1.88235294118,4.35294117647,3.36363636364,2.84615384615,1.69341284359,0.389027274878,0.193958664547,2.09866904602,0.964253345467,0.518282988871,1.87867287326,0.863174022847,0.470588235294,0.786197569093,0.41766745858,2.25,1.88235294118,0.786197569093,2.25,0.166339869281,0.0612244897959,3,0.00441176470588,0.185952380952,17,17,17,1,0,0.352941176471,0.411764705882,0.235294117647,0,0,0,0,0,0,0,0,0,0,0,0,0,0,0,0,0,0,0,0,0,0,0,0,0,0,0,0,0,37,0,0,235,1,1,0,0,1,1,1,1,1,1,2,2,0,0,0,0
2738,WLNM_dir_neg,1,0.5,00:00:00,10,70,5,1985449478,threshold_sweep,0.2,1,1,1,2,0,0,4,1,1,0,0,1,1,1,1,0.555555555556,1,1,1,37,35,2,0,37,0,35,0,2,17,37,0.136029411765,1.88235294118,4.35294117647,3.36363636364,2.84615384615,1.69341284359,0.389027274878,0.193958664547,2.09866904602,0.964253345467,0.518282988871,1.87867287326,0.863174022847,0.470588235294,0.786197569093,0.41766745858,2.25,1.88235294118,0.786197569093,2.25,0.166339869281,0.0612244897959,3,0.00441176470588,0.185952380952,17,17,17,1,0,0.352941176471,0.411764705882,0.235294117647,17,0.128676470588,1.90196078431,4.11764705882,3.18181818182,2.69230769231,1.57648156274,0.382859808093,0.201680672269,2.01465221053,0.978545359402,0.524369747899,1.74894926439,0.849489642704,0.463865546218,0.814492905316,0.428238537847,2.33333333333,1.90196078431,0.814492905316,2.33333333333,0,0,0,0,0.164242424242,17,17,17,1,0,0.352941176471,0.411764705882,0.235294117647,17,37,0.136029411765,1.88235294118,4.35294117647,3.36363636364,2.84615384615,1.69341284359,0.389027274878,0.193958664547,2.09866904602,0.964253345467,0.518282988871,1.87867287326,0.863174022847,0.470588235294,0.786197569093,0.41766745858,2.25,1.88235294118,0.786197569093,2.25,0.166339869281,0.0612244897959,3,0.00441176470588,0.185952380952,17,17,17,1,0,0.352941176471,0.411764705882,0.235294117647,0,0,0,0,0,0,0,0,0,0,0,0,0,0,0,0,0,0,0,0,0,0,0,0,0,0,0,0,0,37,0,0,235,1,1,0,0,1,1,1,1,1,1,2,2,0,0,0,0
2739,WLNM_dir_neg,1,0.5,00:00:00,10,70,5,1985449478,threshold_sweep,0.3,1,1,1,2,0,0,4,1,1,0,0,1,1,1,1,0.555555555556,1,1,1,37,35,2,0,37,0,35,0,2,17,37,0.136029411765,1.88235294118,4.35294117647,3.36363636364,2.84615384615,1.69341284359,0.389027274878,0.193958664547,2.09866904602,0.964253345467,0.518282988871,1.87867287326,0.863174022847,0.470588235294,0.786197569093,0.41766745858,2.25,1.88235294118,0.786197569093,2.25,0.166339869281,0.0612244897959,3,0.00441176470588,0.185952380952,17,17,17,1,0,0.352941176471,0.411764705882,0.235294117647,17,0.128676470588,1.90196078431,4.11764705882,3.18181818182,2.69230769231,1.57648156274,0.382859808093,0.201680672269,2.01465221053,0.978545359402,0.524369747899,1.74894926439,0.849489642704,0.463865546218,0.814492905316,0.428238537847,2.33333333333,1.90196078431,0.814492905316,2.33333333333,0,0,0,0,0.164242424242,17,17,17,1,0,0.352941176471,0.411764705882,0.235294117647,17,37,0.136029411765,1.88235294118,4.35294117647,3.36363636364,2.84615384615,1.69341284359,0.389027274878,0.193958664547,2.09866904602,0.964253345467,0.518282988871,1.87867287326,0.863174022847,0.470588235294,0.786197569093,0.41766745858,2.25,1.88235294118,0.786197569093,2.25,0.166339869281,0.0612244897959,3,0.00441176470588,0.185952380952,17,17,17,1,0,0.352941176471,0.411764705882,0.235294117647,0,0,0,0,0,0,0,0,0,0,0,0,0,0,0,0,0,0,0,0,0,0,0,0,0,0,0,0,0,37,0,0,235,1,1,0,0,1,1,1,1,1,1,2,2,0,0,0,0
2740,WLNM_dir_neg,1,0.5,00:00:00,10,70,5,1985449478,threshold_sweep,0.4,1,1,1,2,0,0,4,1,1,0,0,1,1,1,1,0.555555555556,1,1,1,37,35,2,0,37,0,35,0,2,17,37,0.136029411765,1.88235294118,4.35294117647,3.36363636364,2.84615384615,1.69341284359,0.389027274878,0.193958664547,2.09866904602,0.964253345467,0.518282988871,1.87867287326,0.863174022847,0.470588235294,0.786197569093,0.41766745858,2.25,1.88235294118,0.786197569093,2.25,0.166339869281,0.0612244897959,3,0.00441176470588,0.185952380952,17,17,17,1,0,0.352941176471,0.411764705882,0.235294117647,17,0.128676470588,1.90196078431,4.11764705882,3.18181818182,2.69230769231,1.57648156274,0.382859808093,0.201680672269,2.01465221053,0.978545359402,0.524369747899,1.74894926439,0.849489642704,0.463865546218,0.814492905316,0.428238537847,2.33333333333,1.90196078431,0.814492905316,2.33333333333,0,0,0,0,0.164242424242,17,17,17,1,0,0.352941176471,0.411764705882,0.235294117647,17,37,0.136029411765,1.88235294118,4.35294117647,3.36363636364,2.84615384615,1.69341284359,0.389027274878,0.193958664547,2.09866904602,0.964253345467,0.518282988871,1.87867287326,0.863174022847,0.470588235294,0.786197569093,0.41766745858,2.25,1.88235294118,0.786197569093,2.25,0.166339869281,0.0612244897959,3,0.00441176470588,0.185952380952,17,17,17,1,0,0.352941176471,0.411764705882,0.235294117647,0,0,0,0,0,0,0,0,0,0,0,0,0,0,0,0,0,0,0,0,0,0,0,0,0,0,0,0,0,37,0,0,235,1,1,0,0,1,1,1,1,1,1,2,2,0,0,0,0
2741,WLNM_dir_neg,1,0.5,00:00:00,10,70,5,1985449478,threshold_sweep,0.5,1,1,1,2,0,0,4,1,1,0,0,1,1,1,1,0.555555555556,1,1,1,37,35,2,0,37,0,35,0,2,17,37,0.136029411765,1.88235294118,4.35294117647,3.36363636364,2.84615384615,1.69341284359,0.389027274878,0.193958664547,2.09866904602,0.964253345467,0.518282988871,1.87867287326,0.863174022847,0.470588235294,0.786197569093,0.41766745858,2.25,1.88235294118,0.786197569093,2.25,0.166339869281,0.0612244897959,3,0.00441176470588,0.185952380952,17,17,17,1,0,0.352941176471,0.411764705882,0.235294117647,17,0.128676470588,1.90196078431,4.11764705882,3.18181818182,2.69230769231,1.57648156274,0.382859808093,0.201680672269,2.01465221053,0.978545359402,0.524369747899,1.74894926439,0.849489642704,0.463865546218,0.814492905316,0.428238537847,2.33333333333,1.90196078431,0.814492905316,2.33333333333,0,0,0,0,0.164242424242,17,17,17,1,0,0.352941176471,0.411764705882,0.235294117647,17,37,0.136029411765,1.88235294118,4.35294117647,3.36363636364,2.84615384615,1.69341284359,0.389027274878,0.193958664547,2.09866904602,0.964253345467,0.518282988871,1.87867287326,0.863174022847,0.470588235294,0.786197569093,0.41766745858,2.25,1.88235294118,0.786197569093,2.25,0.166339869281,0.0612244897959,3,0.00441176470588,0.185952380952,17,17,17,1,0,0.352941176471,0.411764705882,0.235294117647,0,0,0,0,0,0,0,0,0,0,0,0,0,0,0,0,0,0,0,0,0,0,0,0,0,0,0,0,0,37,0,0,235,1,1,0,0,1,1,1,1,1,1,2,2,0,0,0,0
2742,WLNM_dir_neg,1,0.5,00:00:00,10,70,5,1985449478,threshold_sweep,0.6,1,1,1,2,0,0,4,1,1,0,0,1,1,1,1,0.555555555556,1,1,1,37,35,2,0,37,0,35,0,2,17,37,0.136029411765,1.88235294118,4.35294117647,3.36363636364,2.84615384615,1.69341284359,0.389027274878,0.193958664547,2.09866904602,0.964253345467,0.518282988871,1.87867287326,0.863174022847,0.470588235294,0.786197569093,0.41766745858,2.25,1.88235294118,0.786197569093,2.25,0.166339869281,0.0612244897959,3,0.00441176470588,0.185952380952,17,17,17,1,0,0.352941176471,0.411764705882,0.235294117647,17,0.128676470588,1.90196078431,4.11764705882,3.18181818182,2.69230769231,1.57648156274,0.382859808093,0.201680672269,2.01465221053,0.978545359402,0.524369747899,1.74894926439,0.849489642704,0.463865546218,0.814492905316,0.428238537847,2.33333333333,1.90196078431,0.814492905316,2.33333333333,0,0,0,0,0.164242424242,17,17,17,1,0,0.352941176471,0.411764705882,0.235294117647,17,37,0.136029411765,1.88235294118,4.35294117647,3.36363636364,2.84615384615,1.69341284359,0.389027274878,0.193958664547,2.09866904602,0.964253345467,0.518282988871,1.87867287326,0.863174022847,0.470588235294,0.786197569093,0.41766745858,2.25,1.88235294118,0.786197569093,2.25,0.166339869281,0.0612244897959,3,0.00441176470588,0.185952380952,17,17,17,1,0,0.352941176471,0.411764705882,0.235294117647,0,0,0,0,0,0,0,0,0,0,0,0,0,0,0,0,0,0,0,0,0,0,0,0,0,0,0,0,0,37,0,0,235,1,1,0,0,1,1,1,1,1,1,2,2,0,0,0,0
2743,WLNM_dir_neg,1,0.5,00:00:00,10,70,5,1985449478,threshold_sweep,0.7,1,1,1,2,0,0,4,1,1,0,0,1,1,1,1,0.555555555556,1,1,1,37,35,2,0,37,0,35,0,2,17,37,0.136029411765,1.88235294118,4.35294117647,3.36363636364,2.84615384615,1.69341284359,0.389027274878,0.193958664547,2.09866904602,0.964253345467,0.518282988871,1.87867287326,0.863174022847,0.470588235294,0.786197569093,0.41766745858,2.25,1.88235294118,0.786197569093,2.25,0.166339869281,0.0612244897959,3,0.00441176470588,0.185952380952,17,17,17,1,0,0.352941176471,0.411764705882,0.235294117647,17,0.128676470588,1.90196078431,4.11764705882,3.18181818182,2.69230769231,1.57648156274,0.382859808093,0.201680672269,2.01465221053,0.978545359402,0.524369747899,1.74894926439,0.849489642704,0.463865546218,0.814492905316,0.428238537847,2.33333333333,1.90196078431,0.814492905316,2.33333333333,0,0,0,0,0.164242424242,17,17,17,1,0,0.352941176471,0.411764705882,0.235294117647,17,37,0.136029411765,1.88235294118,4.35294117647,3.36363636364,2.84615384615,1.69341284359,0.389027274878,0.193958664547,2.09866904602,0.964253345467,0.518282988871,1.87867287326,0.863174022847,0.470588235294,0.786197569093,0.41766745858,2.25,1.88235294118,0.786197569093,2.25,0.166339869281,0.0612244897959,3,0.00441176470588,0.185952380952,17,17,17,1,0,0.352941176471,0.411764705882,0.235294117647,0,0,0,0,0,0,0,0,0,0,0,0,0,0,0,0,0,0,0,0,0,0,0,0,0,0,0,0,0,37,0,0,235,1,1,0,0,1,1,1,1,1,1,2,2,0,0,0,0
2744,WLNM_dir_neg,1,0.5,00:00:00,10,70,5,1985449478,threshold_sweep,0.8,1,1,1,2,0,0,4,1,1,0,0,1,1,1,1,0.555555555556,1,1,1,37,35,2,0,37,0,35,0,2,17,37,0.136029411765,1.88235294118,4.35294117647,3.36363636364,2.84615384615,1.69341284359,0.389027274878,0.193958664547,2.09866904602,0.964253345467,0.518282988871,1.87867287326,0.863174022847,0.470588235294,0.786197569093,0.41766745858,2.25,1.88235294118,0.786197569093,2.25,0.166339869281,0.0612244897959,3,0.00441176470588,0.185952380952,17,17,17,1,0,0.352941176471,0.411764705882,0.235294117647,17,0.128676470588,1.90196078431,4.11764705882,3.18181818182,2.69230769231,1.57648156274,0.382859808093,0.201680672269,2.01465221053,0.978545359402,0.524369747899,1.74894926439,0.849489642704,0.463865546218,0.814492905316,0.428238537847,2.33333333333,1.90196078431,0.814492905316,2.33333333333,0,0,0,0,0.164242424242,17,17,17,1,0,0.352941176471,0.411764705882,0.235294117647,17,37,0.136029411765,1.88235294118,4.35294117647,3.36363636364,2.84615384615,1.69341284359,0.389027274878,0.193958664547,2.09866904602,0.964253345467,0.518282988871,1.87867287326,0.863174022847,0.470588235294,0.786197569093,0.41766745858,2.25,1.88235294118,0.786197569093,2.25,0.166339869281,0.0612244897959,3,0.00441176470588,0.185952380952,17,17,17,1,0,0.352941176471,0.411764705882,0.235294117647,0,0,0,0,0,0,0,0,0,0,0,0,0,0,0,0,0,0,0,0,0,0,0,0,0,0,0,0,0,37,0,0,235,1,1,0,0,1,1,1,1,1,1,2,2,0,0,0,0
2745,WLNM_dir_neg,1,0.5,00:00:00,10,70,5,1985449478,threshold_sweep,0.9,1,1,1,2,0,0,4,1,1,0,0,1,1,1,1,0.555555555556,1,1,1,37,35,2,0,37,0,35,0,2,17,37,0.136029411765,1.88235294118,4.35294117647,3.36363636364,2.84615384615,1.69341284359,0.389027274878,0.193958664547,2.09866904602,0.964253345467,0.518282988871,1.87867287326,0.863174022847,0.470588235294,0.786197569093,0.41766745858,2.25,1.88235294118,0.786197569093,2.25,0.166339869281,0.0612244897959,3,0.00441176470588,0.185952380952,17,17,17,1,0,0.352941176471,0.411764705882,0.235294117647,17,0.128676470588,1.90196078431,4.11764705882,3.18181818182,2.69230769231,1.57648156274,0.382859808093,0.201680672269,2.01465221053,0.978545359402,0.524369747899,1.74894926439,0.849489642704,0.463865546218,0.814492905316,0.428238537847,2.33333333333,1.90196078431,0.814492905316,2.33333333333,0,0,0,0,0.164242424242,17,17,17,1,0,0.352941176471,0.411764705882,0.235294117647,17,37,0.136029411765,1.88235294118,4.35294117647,3.36363636364,2.84615384615,1.69341284359,0.389027274878,0.193958664547,2.09866904602,0.964253345467,0.518282988871,1.87867287326,0.863174022847,0.470588235294,0.786197569093,0.41766745858,2.25,1.88235294118,0.786197569093,2.25,0.166339869281,0.0612244897959,3,0.00441176470588,0.185952380952,17,17,17,1,0,0.352941176471,0.411764705882,0.235294117647,0,0,0,0,0,0,0,0,0,0,0,0,0,0,0,0,0,0,0,0,0,0,0,0,0,0,0,0,0,37,0,0,235,1,1,0,0,1,1,1,1,1,1,2,2,0,0,0,0
2746,WLNM_dir_neg,1,0.5,00:00:00,10,70,6,1985449479,threshold_sweep,0.1,0.666666666667,1,0.8,2,1,0,3,1,0.75,0.25,0,0.666666666667,1,0.8,0.833333333333,0.5,0.666666666667,0.707106781187,0.75,37,35,2,0,37,0,35,0,2,17,37,0.136029411765,1.88235294118,4.35294117647,3.36363636364,2.84615384615,1.69341284359,0.389027274878,0.193958664547,2.09866904602,0.964253345467,0.518282988871,1.87867287326,0.863174022847,0.470588235294,0.786197569093,0.41766745858,2.25,1.88235294118,0.786197569093,2.25,0.166339869281,0.0612244897959,3,0.00441176470588,0.185952380952,17,17,17,1,0,0.352941176471,0.411764705882,0.235294117647,17,0.128676470588,1.90196078431,4.11764705882,3.18181818182,2.69230769231,1.57648156274,0.382859808093,0.201680672269,2.01465221053,0.978545359402,0.524369747899,1.74894926439,0.849489642704,0.463865546218,0.814492905316,0.428238537847,2.33333333333,1.90196078431,0.814492905316,2.33333333333,0,0,0,0,0.164242424242,17,17,17,1,0,0.352941176471,0.411764705882,0.235294117647,17,38,0.139705882353,2.13617647059,4.47058823529,3.16666666667,2.92307692308,1.69991349261,0.380243807557,0.19040247678,2.04723630062,0.915868871331,0.495356037152,1.92124346989,0.859503657582,0.467492260062,0.898017833571,0.420385602938,2.5,2.13617647059,0.898017833571,2.5,0.180065359477,0.0774193548387,4,0.00588235294118,0.164051226551,17,17,17,1,0,0.294117647059,0.470588235294,0.235294117647,1,0.00367647058824,0.253823529412,0.117647058824,-0.19696969697,0.0769230769231,0.00650064902221,-0.00878346732077,-0.00355618776671,-0.0514327453931,-0.0483844741355,-0.0229269517195,0.0425705966328,-0.00367036526551,-0.0030959752322,0.111820264479,0.002718144358,0.25,0.253823529412,0.111820264479,0.25,0.0137254901961,0.0161948650428,1,0.00147058823529,-0.0219011544012,-0.0588235294118,0.0588235294118,0,37,1,0,234,1,0.995744680851,0.00425531914894,0,0.973684210526,1,0.986666666667,0.984652666406,0.995744680851,0.973684210526,3,2,0,0,0,0
2747,WLNM_dir_neg,1,0.5,00:00:00,10,70,6,1985449479,threshold_sweep,0.2,0.666666666667,1,0.8,2,1,0,3,1,0.75,0.25,0,0.666666666667,1,0.8,0.833333333333,0.5,0.666666666667,0.707106781187,0.75,37,35,2,0,37,0,35,0,2,17,37,0.136029411765,1.88235294118,4.35294117647,3.36363636364,2.84615384615,1.69341284359,0.389027274878,0.193958664547,2.09866904602,0.964253345467,0.518282988871,1.87867287326,0.863174022847,0.470588235294,0.786197569093,0.41766745858,2.25,1.88235294118,0.786197569093,2.25,0.166339869281,0.0612244897959,3,0.00441176470588,0.185952380952,17,17,17,1,0,0.352941176471,0.411764705882,0.235294117647,17,0.128676470588,1.90196078431,4.11764705882,3.18181818182,2.69230769231,1.57648156274,0.382859808093,0.201680672269,2.01465221053,0.978545359402,0.524369747899,1.74894926439,0.849489642704,0.463865546218,0.814492905316,0.428238537847,2.33333333333,1.90196078431,0.814492905316,2.33333333333,0,0,0,0,0.164242424242,17,17,17,1,0,0.352941176471,0.411764705882,0.235294117647,17,38,0.139705882353,2.13617647059,4.47058823529,3.16666666667,2.92307692308,1.69991349261,0.380243807557,0.19040247678,2.04723630062,0.915868871331,0.495356037152,1.92124346989,0.859503657582,0.467492260062,0.898017833571,0.420385602938,2.5,2.13617647059,0.898017833571,2.5,0.180065359477,0.0774193548387,4,0.00588235294118,0.164051226551,17,17,17,1,0,0.294117647059,0.470588235294,0.235294117647,1,0.00367647058824,0.253823529412,0.117647058824,-0.19696969697,0.0769230769231,0.00650064902221,-0.00878346732077,-0.00355618776671,-0.0514327453931,-0.0483844741355,-0.0229269517195,0.0425705966328,-0.00367036526551,-0.0030959752322,0.111820264479,0.002718144358,0.25,0.253823529412,0.111820264479,0.25,0.0137254901961,0.0161948650428,1,0.00147058823529,-0.0219011544012,-0.0588235294118,0.0588235294118,0,37,1,0,234,1,0.995744680851,0.00425531914894,0,0.973684210526,1,0.986666666667,0.984652666406,0.995744680851,0.973684210526,3,2,0,0,0,0
2748,WLNM_dir_neg,1,0.5,00:00:00,10,70,6,1985449479,threshold_sweep,0.3,0.666666666667,1,0.8,2,1,0,3,1,0.75,0.25,0,0.666666666667,1,0.8,0.833333333333,0.5,0.666666666667,0.707106781187,0.75,37,35,2,0,37,0,35,0,2,17,37,0.136029411765,1.88235294118,4.35294117647,3.36363636364,2.84615384615,1.69341284359,0.389027274878,0.193958664547,2.09866904602,0.964253345467,0.518282988871,1.87867287326,0.863174022847,0.470588235294,0.786197569093,0.41766745858,2.25,1.88235294118,0.786197569093,2.25,0.166339869281,0.0612244897959,3,0.00441176470588,0.185952380952,17,17,17,1,0,0.352941176471,0.411764705882,0.235294117647,17,0.128676470588,1.90196078431,4.11764705882,3.18181818182,2.69230769231,1.57648156274,0.382859808093,0.201680672269,2.01465221053,0.978545359402,0.524369747899,1.74894926439,0.849489642704,0.463865546218,0.814492905316,0.428238537847,2.33333333333,1.90196078431,0.814492905316,2.33333333333,0,0,0,0,0.164242424242,17,17,17,1,0,0.352941176471,0.411764705882,0.235294117647,17,38,0.139705882353,2.13617647059,4.47058823529,3.16666666667,2.92307692308,1.69991349261,0.380243807557,0.19040247678,2.04723630062,0.915868871331,0.495356037152,1.92124346989,0.859503657582,0.467492260062,0.898017833571,0.420385602938,2.5,2.13617647059,0.898017833571,2.5,0.180065359477,0.0774193548387,4,0.00588235294118,0.164051226551,17,17,17,1,0,0.294117647059,0.470588235294,0.235294117647,1,0.00367647058824,0.253823529412,0.117647058824,-0.19696969697,0.0769230769231,0.00650064902221,-0.00878346732077,-0.00355618776671,-0.0514327453931,-0.0483844741355,-0.0229269517195,0.0425705966328,-0.00367036526551,-0.0030959752322,0.111820264479,0.002718144358,0.25,0.253823529412,0.111820264479,0.25,0.0137254901961,0.0161948650428,1,0.00147058823529,-0.0219011544012,-0.0588235294118,0.0588235294118,0,37,1,0,234,1,0.995744680851,0.00425531914894,0,0.973684210526,1,0.986666666667,0.984652666406,0.995744680851,0.973684210526,3,2,0,0,0,0
2749,WLNM_dir_neg,1,0.5,00:00:00,10,70,6,1985449479,threshold_sweep,0.4,0.666666666667,1,0.8,2,1,0,3,1,0.75,0.25,0,0.666666666667,1,0.8,0.833333333333,0.5,0.666666666667,0.707106781187,0.75,37,35,2,0,37,0,35,0,2,17,37,0.136029411765,1.88235294118,4.35294117647,3.36363636364,2.84615384615,1.69341284359,0.389027274878,0.193958664547,2.09866904602,0.964253345467,0.518282988871,1.87867287326,0.863174022847,0.470588235294,0.786197569093,0.41766745858,2.25,1.88235294118,0.786197569093,2.25,0.166339869281,0.0612244897959,3,0.00441176470588,0.185952380952,17,17,17,1,0,0.352941176471,0.411764705882,0.235294117647,17,0.128676470588,1.90196078431,4.11764705882,3.18181818182,2.69230769231,1.57648156274,0.382859808093,0.201680672269,2.01465221053,0.978545359402,0.524369747899,1.74894926439,0.849489642704,0.463865546218,0.814492905316,0.428238537847,2.33333333333,1.90196078431,0.814492905316,2.33333333333,0,0,0,0,0.164242424242,17,17,17,1,0,0.352941176471,0.411764705882,0.235294117647,17,38,0.139705882353,2.13617647059,4.47058823529,3.16666666667,2.92307692308,1.69991349261,0.380243807557,0.19040247678,2.04723630062,0.915868871331,0.495356037152,1.92124346989,0.859503657582,0.467492260062,0.898017833571,0.420385602938,2.5,2.13617647059,0.898017833571,2.5,0.180065359477,0.0774193548387,4,0.00588235294118,0.164051226551,17,17,17,1,0,0.294117647059,0.470588235294,0.235294117647,1,0.00367647058824,0.253823529412,0.117647058824,-0.19696969697,0.0769230769231,0.00650064902221,-0.00878346732077,-0.00355618776671,-0.0514327453931,-0.0483844741355,-0.0229269517195,0.0425705966328,-0.00367036526551,-0.0030959752322,0.111820264479,0.002718144358,0.25,0.253823529412,0.111820264479,0.25,0.0137254901961,0.0161948650428,1,0.00147058823529,-0.0219011544012,-0.0588235294118,0.0588235294118,0,37,1,0,234,1,0.995744680851,0.00425531914894,0,0.973684210526,1,0.986666666667,0.984652666406,0.995744680851,0.973684210526,3,2,0,0,0,0
2750,WLNM_dir_neg,1,0.5,00:00:00,10,70,6,1985449479,threshold_sweep,0.5,0.666666666667,1,0.8,2,1,0,3,1,0.75,0.25,0,0.666666666667,1,0.8,0.833333333333,0.5,0.666666666667,0.707106781187,0.75,37,35,2,0,37,0,35,0,2,17,37,0.136029411765,1.88235294118,4.35294117647,3.36363636364,2.84615384615,1.69341284359,0.389027274878,0.193958664547,2.09866904602,0.964253345467,0.518282988871,1.87867287326,0.863174022847,0.470588235294,0.786197569093,0.41766745858,2.25,1.88235294118,0.786197569093,2.25,0.166339869281,0.0612244897959,3,0.00441176470588,0.185952380952,17,17,17,1,0,0.352941176471,0.411764705882,0.235294117647,17,0.128676470588,1.90196078431,4.11764705882,3.18181818182,2.69230769231,1.57648156274,0.382859808093,0.201680672269,2.01465221053,0.978545359402,0.524369747899,1.74894926439,0.849489642704,0.463865546218,0.814492905316,0.428238537847,2.33333333333,1.90196078431,0.814492905316,2.33333333333,0,0,0,0,0.164242424242,17,17,17,1,0,0.352941176471,0.411764705882,0.235294117647,17,38,0.139705882353,2.13617647059,4.47058823529,3.16666666667,2.92307692308,1.69991349261,0.380243807557,0.19040247678,2.04723630062,0.915868871331,0.495356037152,1.92124346989,0.859503657582,0.467492260062,0.898017833571,0.420385602938,2.5,2.13617647059,0.898017833571,2.5,0.180065359477,0.0774193548387,4,0.00588235294118,0.164051226551,17,17,17,1,0,0.294117647059,0.470588235294,0.235294117647,1,0.00367647058824,0.253823529412,0.117647058824,-0.19696969697,0.0769230769231,0.00650064902221,-0.00878346732077,-0.00355618776671,-0.0514327453931,-0.0483844741355,-0.0229269517195,0.0425705966328,-0.00367036526551,-0.0030959752322,0.111820264479,0.002718144358,0.25,0.253823529412,0.111820264479,0.25,0.0137254901961,0.0161948650428,1,0.00147058823529,-0.0219011544012,-0.0588235294118,0.0588235294118,0,37,1,0,234,1,0.995744680851,0.00425531914894,0,0.973684210526,1,0.986666666667,0.984652666406,0.995744680851,0.973684210526,3,2,0,0,0,0
2751,WLNM_dir_neg,1,0.5,00:00:00,10,70,6,1985449479,threshold_sweep,0.6,0.666666666667,1,0.8,2,1,0,3,1,0.75,0.25,0,0.666666666667,1,0.8,0.833333333333,0.5,0.666666666667,0.707106781187,0.75,37,35,2,0,37,0,35,0,2,17,37,0.136029411765,1.88235294118,4.35294117647,3.36363636364,2.84615384615,1.69341284359,0.389027274878,0.193958664547,2.09866904602,0.964253345467,0.518282988871,1.87867287326,0.863174022847,0.470588235294,0.786197569093,0.41766745858,2.25,1.88235294118,0.786197569093,2.25,0.166339869281,0.0612244897959,3,0.00441176470588,0.185952380952,17,17,17,1,0,0.352941176471,0.411764705882,0.235294117647,17,0.128676470588,1.90196078431,4.11764705882,3.18181818182,2.69230769231,1.57648156274,0.382859808093,0.201680672269,2.01465221053,0.978545359402,0.524369747899,1.74894926439,0.849489642704,0.463865546218,0.814492905316,0.428238537847,2.33333333333,1.90196078431,0.814492905316,2.33333333333,0,0,0,0,0.164242424242,17,17,17,1,0,0.352941176471,0.411764705882,0.235294117647,17,38,0.139705882353,2.13617647059,4.47058823529,3.16666666667,2.92307692308,1.69991349261,0.380243807557,0.19040247678,2.04723630062,0.915868871331,0.495356037152,1.92124346989,0.859503657582,0.467492260062,0.898017833571,0.420385602938,2.5,2.13617647059,0.898017833571,2.5,0.180065359477,0.0774193548387,4,0.00588235294118,0.164051226551,17,17,17,1,0,0.294117647059,0.470588235294,0.235294117647,1,0.00367647058824,0.253823529412,0.117647058824,-0.19696969697,0.0769230769231,0.00650064902221,-0.00878346732077,-0.00355618776671,-0.0514327453931,-0.0483844741355,-0.0229269517195,0.0425705966328,-0.00367036526551,-0.0030959752322,0.111820264479,0.002718144358,0.25,0.253823529412,0.111820264479,0.25,0.0137254901961,0.0161948650428,1,0.00147058823529,-0.0219011544012,-0.0588235294118,0.0588235294118,0,37,1,0,234,1,0.995744680851,0.00425531914894,0,0.973684210526,1,0.986666666667,0.984652666406,0.995744680851,0.973684210526,3,2,0,0,0,0
2752,WLNM_dir_neg,1,0.5,00:00:00,10,70,6,1985449479,threshold_sweep,0.7,0.666666666667,1,0.8,2,1,0,3,1,0.75,0.25,0,0.666666666667,1,0.8,0.833333333333,0.5,0.666666666667,0.707106781187,0.75,37,35,2,0,37,0,35,0,2,17,37,0.136029411765,1.88235294118,4.35294117647,3.36363636364,2.84615384615,1.69341284359,0.389027274878,0.193958664547,2.09866904602,0.964253345467,0.518282988871,1.87867287326,0.863174022847,0.470588235294,0.786197569093,0.41766745858,2.25,1.88235294118,0.786197569093,2.25,0.166339869281,0.0612244897959,3,0.00441176470588,0.185952380952,17,17,17,1,0,0.352941176471,0.411764705882,0.235294117647,17,0.128676470588,1.90196078431,4.11764705882,3.18181818182,2.69230769231,1.57648156274,0.382859808093,0.201680672269,2.01465221053,0.978545359402,0.524369747899,1.74894926439,0.849489642704,0.463865546218,0.814492905316,0.428238537847,2.33333333333,1.90196078431,0.814492905316,2.33333333333,0,0,0,0,0.164242424242,17,17,17,1,0,0.352941176471,0.411764705882,0.235294117647,17,38,0.139705882353,2.13617647059,4.47058823529,3.16666666667,2.92307692308,1.69991349261,0.380243807557,0.19040247678,2.04723630062,0.915868871331,0.495356037152,1.92124346989,0.859503657582,0.467492260062,0.898017833571,0.420385602938,2.5,2.13617647059,0.898017833571,2.5,0.180065359477,0.0774193548387,4,0.00588235294118,0.164051226551,17,17,17,1,0,0.294117647059,0.470588235294,0.235294117647,1,0.00367647058824,0.253823529412,0.117647058824,-0.19696969697,0.0769230769231,0.00650064902221,-0.00878346732077,-0.00355618776671,-0.0514327453931,-0.0483844741355,-0.0229269517195,0.0425705966328,-0.00367036526551,-0.0030959752322,0.111820264479,0.002718144358,0.25,0.253823529412,0.111820264479,0.25,0.0137254901961,0.0161948650428,1,0.00147058823529,-0.0219011544012,-0.0588235294118,0.0588235294118,0,37,1,0,234,1,0.995744680851,0.00425531914894,0,0.973684210526,1,0.986666666667,0.984652666406,0.995744680851,0.973684210526,3,2,0,0,0,0
2753,WLNM_dir_neg,1,0.5,00:00:00,10,70,6,1985449479,threshold_sweep,0.8,0.666666666667,1,0.8,2,1,0,3,1,0.75,0.25,0,0.666666666667,1,0.8,0.833333333333,0.5,0.666666666667,0.707106781187,0.75,37,35,2,0,37,0,35,0,2,17,37,0.136029411765,1.88235294118,4.35294117647,3.36363636364,2.84615384615,1.69341284359,0.389027274878,0.193958664547,2.09866904602,0.964253345467,0.518282988871,1.87867287326,0.863174022847,0.470588235294,0.786197569093,0.41766745858,2.25,1.88235294118,0.786197569093,2.25,0.166339869281,0.0612244897959,3,0.00441176470588,0.185952380952,17,17,17,1,0,0.352941176471,0.411764705882,0.235294117647,17,0.128676470588,1.90196078431,4.11764705882,3.18181818182,2.69230769231,1.57648156274,0.382859808093,0.201680672269,2.01465221053,0.978545359402,0.524369747899,1.74894926439,0.849489642704,0.463865546218,0.814492905316,0.428238537847,2.33333333333,1.90196078431,0.814492905316,2.33333333333,0,0,0,0,0.164242424242,17,17,17,1,0,0.352941176471,0.411764705882,0.235294117647,17,38,0.139705882353,2.13617647059,4.47058823529,3.16666666667,2.92307692308,1.69991349261,0.380243807557,0.19040247678,2.04723630062,0.915868871331,0.495356037152,1.92124346989,0.859503657582,0.467492260062,0.898017833571,0.420385602938,2.5,2.13617647059,0.898017833571,2.5,0.180065359477,0.0774193548387,4,0.00588235294118,0.164051226551,17,17,17,1,0,0.294117647059,0.470588235294,0.235294117647,1,0.00367647058824,0.253823529412,0.117647058824,-0.19696969697,0.0769230769231,0.00650064902221,-0.00878346732077,-0.00355618776671,-0.0514327453931,-0.0483844741355,-0.0229269517195,0.0425705966328,-0.00367036526551,-0.0030959752322,0.111820264479,0.002718144358,0.25,0.253823529412,0.111820264479,0.25,0.0137254901961,0.0161948650428,1,0.00147058823529,-0.0219011544012,-0.0588235294118,0.0588235294118,0,37,1,0,234,1,0.995744680851,0.00425531914894,0,0.973684210526,1,0.986666666667,0.984652666406,0.995744680851,0.973684210526,3,2,0,0,0,0
2754,WLNM_dir_neg,1,0.5,00:00:00,10,70,6,1985449479,threshold_sweep,0.9,0.666666666667,1,0.8,2,1,0,3,1,0.75,0.25,0,0.666666666667,1,0.8,0.833333333333,0.5,0.666666666667,0.707106781187,0.75,37,35,2,0,37,0,35,0,2,17,37,0.136029411765,1.88235294118,4.35294117647,3.36363636364,2.84615384615,1.69341284359,0.389027274878,0.193958664547,2.09866904602,0.964253345467,0.518282988871,1.87867287326,0.863174022847,0.470588235294,0.786197569093,0.41766745858,2.25,1.88235294118,0.786197569093,2.25,0.166339869281,0.0612244897959,3,0.00441176470588,0.185952380952,17,17,17,1,0,0.352941176471,0.411764705882,0.235294117647,17,0.128676470588,1.90196078431,4.11764705882,3.18181818182,2.69230769231,1.57648156274,0.382859808093,0.201680672269,2.01465221053,0.978545359402,0.524369747899,1.74894926439,0.849489642704,0.463865546218,0.814492905316,0.428238537847,2.33333333333,1.90196078431,0.814492905316,2.33333333333,0,0,0,0,0.164242424242,17,17,17,1,0,0.352941176471,0.411764705882,0.235294117647,17,38,0.139705882353,2.13617647059,4.47058823529,3.16666666667,2.92307692308,1.69991349261,0.380243807557,0.19040247678,2.04723630062,0.915868871331,0.495356037152,1.92124346989,0.859503657582,0.467492260062,0.898017833571,0.420385602938,2.5,2.13617647059,0.898017833571,2.5,0.180065359477,0.0774193548387,4,0.00588235294118,0.164051226551,17,17,17,1,0,0.294117647059,0.470588235294,0.235294117647,1,0.00367647058824,0.253823529412,0.117647058824,-0.19696969697,0.0769230769231,0.00650064902221,-0.00878346732077,-0.00355618776671,-0.0514327453931,-0.0483844741355,-0.0229269517195,0.0425705966328,-0.00367036526551,-0.0030959752322,0.111820264479,0.002718144358,0.25,0.253823529412,0.111820264479,0.25,0.0137254901961,0.0161948650428,1,0.00147058823529,-0.0219011544012,-0.0588235294118,0.0588235294118,0,37,1,0,234,1,0.995744680851,0.00425531914894,0,0.973684210526,1,0.986666666667,0.984652666406,0.995744680851,0.973684210526,3,2,0,0,0,0
2755,WLNM_dir_neg,1,0.5,00:00:00,10,70,7,1985449480,threshold_sweep,0.1,1,1,1,2,0,0,4,1,1,0,0,1,1,1,1,0.555555555556,1,1,1,37,35,2,0,37,0,35,0,2,17,37,0.136029411765,1.88235294118,4.35294117647,3.36363636364,2.84615384615,1.69341284359,0.389027274878,0.193958664547,2.09866904602,0.964253345467,0.518282988871,1.87867287326,0.863174022847,0.470588235294,0.786197569093,0.41766745858,2.25,1.88235294118,0.786197569093,2.25,0.166339869281,0.0612244897959,3,0.00441176470588,0.185952380952,17,17,17,1,0,0.352941176471,0.411764705882,0.235294117647,17,0.128676470588,1.90196078431,4.11764705882,3.18181818182,2.69230769231,1.57648156274,0.382859808093,0.201680672269,2.01465221053,0.978545359402,0.524369747899,1.74894926439,0.849489642704,0.463865546218,0.814492905316,0.428238537847,2.33333333333,1.90196078431,0.814492905316,2.33333333333,0,0,0,0,0.164242424242,17,17,17,1,0,0.352941176471,0.411764705882,0.235294117647,17,37,0.136029411765,1.88235294118,4.35294117647,3.36363636364,2.84615384615,1.69341284359,0.389027274878,0.193958664547,2.09866904602,0.964253345467,0.518282988871,1.87867287326,0.863174022847,0.470588235294,0.786197569093,0.41766745858,2.25,1.88235294118,0.786197569093,2.25,0.166339869281,0.0612244897959,3,0.00441176470588,0.185952380952,17,17,17,1,0,0.352941176471,0.411764705882,0.235294117647,0,0,0,0,0,0,0,0,0,0,0,0,0,0,0,0,0,0,0,0,0,0,0,0,0,0,0,0,0,37,0,0,235,1,1,0,0,1,1,1,1,1,1,2,2,0,0,0,0
2756,WLNM_dir_neg,1,0.5,00:00:00,10,70,7,1985449480,threshold_sweep,0.2,1,1,1,2,0,0,4,1,1,0,0,1,1,1,1,0.555555555556,1,1,1,37,35,2,0,37,0,35,0,2,17,37,0.136029411765,1.88235294118,4.35294117647,3.36363636364,2.84615384615,1.69341284359,0.389027274878,0.193958664547,2.09866904602,0.964253345467,0.518282988871,1.87867287326,0.863174022847,0.470588235294,0.786197569093,0.41766745858,2.25,1.88235294118,0.786197569093,2.25,0.166339869281,0.0612244897959,3,0.00441176470588,0.185952380952,17,17,17,1,0,0.352941176471,0.411764705882,0.235294117647,17,0.128676470588,1.90196078431,4.11764705882,3.18181818182,2.69230769231,1.57648156274,0.382859808093,0.201680672269,2.01465221053,0.978545359402,0.524369747899,1.74894926439,0.849489642704,0.463865546218,0.814492905316,0.428238537847,2.33333333333,1.90196078431,0.814492905316,2.33333333333,0,0,0,0,0.164242424242,17,17,17,1,0,0.352941176471,0.411764705882,0.235294117647,17,37,0.136029411765,1.88235294118,4.35294117647,3.36363636364,2.84615384615,1.69341284359,0.389027274878,0.193958664547,2.09866904602,0.964253345467,0.518282988871,1.87867287326,0.863174022847,0.470588235294,0.786197569093,0.41766745858,2.25,1.88235294118,0.786197569093,2.25,0.166339869281,0.0612244897959,3,0.00441176470588,0.185952380952,17,17,17,1,0,0.352941176471,0.411764705882,0.235294117647,0,0,0,0,0,0,0,0,0,0,0,0,0,0,0,0,0,0,0,0,0,0,0,0,0,0,0,0,0,37,0,0,235,1,1,0,0,1,1,1,1,1,1,2,2,0,0,0,0
2757,WLNM_dir_neg,1,0.5,00:00:00,10,70,7,1985449480,threshold_sweep,0.3,1,1,1,2,0,0,4,1,1,0,0,1,1,1,1,0.555555555556,1,1,1,37,35,2,0,37,0,35,0,2,17,37,0.136029411765,1.88235294118,4.35294117647,3.36363636364,2.84615384615,1.69341284359,0.389027274878,0.193958664547,2.09866904602,0.964253345467,0.518282988871,1.87867287326,0.863174022847,0.470588235294,0.786197569093,0.41766745858,2.25,1.88235294118,0.786197569093,2.25,0.166339869281,0.0612244897959,3,0.00441176470588,0.185952380952,17,17,17,1,0,0.352941176471,0.411764705882,0.235294117647,17,0.128676470588,1.90196078431,4.11764705882,3.18181818182,2.69230769231,1.57648156274,0.382859808093,0.201680672269,2.01465221053,0.978545359402,0.524369747899,1.74894926439,0.849489642704,0.463865546218,0.814492905316,0.428238537847,2.33333333333,1.90196078431,0.814492905316,2.33333333333,0,0,0,0,0.164242424242,17,17,17,1,0,0.352941176471,0.411764705882,0.235294117647,17,37,0.136029411765,1.88235294118,4.35294117647,3.36363636364,2.84615384615,1.69341284359,0.389027274878,0.193958664547,2.09866904602,0.964253345467,0.518282988871,1.87867287326,0.863174022847,0.470588235294,0.786197569093,0.41766745858,2.25,1.88235294118,0.786197569093,2.25,0.166339869281,0.0612244897959,3,0.00441176470588,0.185952380952,17,17,17,1,0,0.352941176471,0.411764705882,0.235294117647,0,0,0,0,0,0,0,0,0,0,0,0,0,0,0,0,0,0,0,0,0,0,0,0,0,0,0,0,0,37,0,0,235,1,1,0,0,1,1,1,1,1,1,2,2,0,0,0,0
2758,WLNM_dir_neg,1,0.5,00:00:00,10,70,7,1985449480,threshold_sweep,0.4,1,0.5,0.666666666667,1,0,1,4,0.5,1,0,0.5,1,0.5,0.666666666667,0.833333333333,0.611111111111,0.571428571429,0.632455532034,0.5,37,35,2,0,37,0,35,0,2,17,37,0.136029411765,1.88235294118,4.35294117647,3.36363636364,2.84615384615,1.69341284359,0.389027274878,0.193958664547,2.09866904602,0.964253345467,0.518282988871,1.87867287326,0.863174022847,0.470588235294,0.786197569093,0.41766745858,2.25,1.88235294118,0.786197569093,2.25,0.166339869281,0.0612244897959,3,0.00441176470588,0.185952380952,17,17,17,1,0,0.352941176471,0.411764705882,0.235294117647,17,0.128676470588,1.90196078431,4.11764705882,3.18181818182,2.69230769231,1.57648156274,0.382859808093,0.201680672269,2.01465221053,0.978545359402,0.524369747899,1.74894926439,0.849489642704,0.463865546218,0.814492905316,0.428238537847,2.33333333333,1.90196078431,0.814492905316,2.33333333333,0,0,0,0,0.164242424242,17,17,17,1,0,0.352941176471,0.411764705882,0.235294117647,17,36,0.132352941176,1.89705882353,4.23529411765,3.27272727273,2.76923076923,1.71498585143,0.40492721492,0.204248366013,2.05798302171,0.971825315808,0.522875816993,1.79869233546,0.849382491746,0.464052287582,0.805541469338,0.424626510969,2.25,1.89705882353,0.805541469338,2.25,0.0702614379085,0.0214285714286,1,0.00147058823529,0.175454545455,17,17,17,1,0,0.352941176471,0.411764705882,0.235294117647,-1,-0.00367647058824,0.0147058823529,-0.117647058824,-0.0909090909091,-0.0769230769231,0.0215730078386,0.0158999400418,0.0102897014662,-0.0406860243059,0.00757197034072,0.00459282812224,-0.0799805377942,-0.0137915311015,-0.00653594771242,0.0193439002456,0.00695905238854,0,0.0147058823529,0.0193439002456,0,-0.0960784313725,-0.0397959183673,-2,-0.00294117647059,-0.0104978354978,0,0,0,36,0,1,235,0.972972972973,1,0,0.027027027027,1,0.972972972973,0.986301369863,0.984301887704,0.972972972973,0.972972972973,1,2,0,0,0,0
2759,WLNM_dir_neg,1,0.5,00:00:00,10,70,7,1985449480,threshold_sweep,0.5,1,0.5,0.666666666667,1,0,1,4,0.5,1,0,0.5,1,0.5,0.666666666667,0.833333333333,0.611111111111,0.571428571429,0.632455532034,0.5,37,35,2,0,37,0,35,0,2,17,37,0.136029411765,1.88235294118,4.35294117647,3.36363636364,2.84615384615,1.69341284359,0.389027274878,0.193958664547,2.09866904602,0.964253345467,0.518282988871,1.87867287326,0.863174022847,0.470588235294,0.786197569093,0.41766745858,2.25,1.88235294118,0.786197569093,2.25,0.166339869281,0.0612244897959,3,0.00441176470588,0.185952380952,17,17,17,1,0,0.352941176471,0.411764705882,0.235294117647,17,0.128676470588,1.90196078431,4.11764705882,3.18181818182,2.69230769231,1.57648156274,0.382859808093,0.201680672269,2.01465221053,0.978545359402,0.524369747899,1.74894926439,0.849489642704,0.463865546218,0.814492905316,0.428238537847,2.33333333333,1.90196078431,0.814492905316,2.33333333333,0,0,0,0,0.164242424242,17,17,17,1,0,0.352941176471,0.411764705882,0.235294117647,17,36,0.132352941176,1.89705882353,4.23529411765,3.27272727273,2.76923076923,1.71498585143,0.40492721492,0.204248366013,2.05798302171,0.971825315808,0.522875816993,1.79869233546,0.849382491746,0.464052287582,0.805541469338,0.424626510969,2.25,1.89705882353,0.805541469338,2.25,0.0702614379085,0.0214285714286,1,0.00147058823529,0.175454545455,17,17,17,1,0,0.352941176471,0.411764705882,0.235294117647,-1,-0.00367647058824,0.0147058823529,-0.117647058824,-0.0909090909091,-0.0769230769231,0.0215730078386,0.0158999400418,0.0102897014662,-0.0406860243059,0.00757197034072,0.00459282812224,-0.0799805377942,-0.0137915311015,-0.00653594771242,0.0193439002456,0.00695905238854,0,0.0147058823529,0.0193439002456,0,-0.0960784313725,-0.0397959183673,-2,-0.00294117647059,-0.0104978354978,0,0,0,36,0,1,235,0.972972972973,1,0,0.027027027027,1,0.972972972973,0.986301369863,0.984301887704,0.972972972973,0.972972972973,1,2,0,0,0,0
2760,WLNM_dir_neg,1,0.5,00:00:00,10,70,7,1985449480,threshold_sweep,0.6,1,0.5,0.666666666667,1,0,1,4,0.5,1,0,0.5,1,0.5,0.666666666667,0.833333333333,0.611111111111,0.571428571429,0.632455532034,0.5,37,35,2,0,37,0,35,0,2,17,37,0.136029411765,1.88235294118,4.35294117647,3.36363636364,2.84615384615,1.69341284359,0.389027274878,0.193958664547,2.09866904602,0.964253345467,0.518282988871,1.87867287326,0.863174022847,0.470588235294,0.786197569093,0.41766745858,2.25,1.88235294118,0.786197569093,2.25,0.166339869281,0.0612244897959,3,0.00441176470588,0.185952380952,17,17,17,1,0,0.352941176471,0.411764705882,0.235294117647,17,0.128676470588,1.90196078431,4.11764705882,3.18181818182,2.69230769231,1.57648156274,0.382859808093,0.201680672269,2.01465221053,0.978545359402,0.524369747899,1.74894926439,0.849489642704,0.463865546218,0.814492905316,0.428238537847,2.33333333333,1.90196078431,0.814492905316,2.33333333333,0,0,0,0,0.164242424242,17,17,17,1,0,0.352941176471,0.411764705882,0.235294117647,17,36,0.132352941176,1.89705882353,4.23529411765,3.27272727273,2.76923076923,1.71498585143,0.40492721492,0.204248366013,2.05798302171,0.971825315808,0.522875816993,1.79869233546,0.849382491746,0.464052287582,0.805541469338,0.424626510969,2.25,1.89705882353,0.805541469338,2.25,0.0702614379085,0.0214285714286,1,0.00147058823529,0.175454545455,17,17,17,1,0,0.352941176471,0.411764705882,0.235294117647,-1,-0.00367647058824,0.0147058823529,-0.117647058824,-0.0909090909091,-0.0769230769231,0.0215730078386,0.0158999400418,0.0102897014662,-0.0406860243059,0.00757197034072,0.00459282812224,-0.0799805377942,-0.0137915311015,-0.00653594771242,0.0193439002456,0.00695905238854,0,0.0147058823529,0.0193439002456,0,-0.0960784313725,-0.0397959183673,-2,-0.00294117647059,-0.0104978354978,0,0,0,36,0,1,235,0.972972972973,1,0,0.027027027027,1,0.972972972973,0.986301369863,0.984301887704,0.972972972973,0.972972972973,1,2,0,0,0,0
2761,WLNM_dir_neg,1,0.5,00:00:00,10,70,7,1985449480,threshold_sweep,0.7,1,0.5,0.666666666667,1,0,1,4,0.5,1,0,0.5,1,0.5,0.666666666667,0.833333333333,0.611111111111,0.571428571429,0.632455532034,0.5,37,35,2,0,37,0,35,0,2,17,37,0.136029411765,1.88235294118,4.35294117647,3.36363636364,2.84615384615,1.69341284359,0.389027274878,0.193958664547,2.09866904602,0.964253345467,0.518282988871,1.87867287326,0.863174022847,0.470588235294,0.786197569093,0.41766745858,2.25,1.88235294118,0.786197569093,2.25,0.166339869281,0.0612244897959,3,0.00441176470588,0.185952380952,17,17,17,1,0,0.352941176471,0.411764705882,0.235294117647,17,0.128676470588,1.90196078431,4.11764705882,3.18181818182,2.69230769231,1.57648156274,0.382859808093,0.201680672269,2.01465221053,0.978545359402,0.524369747899,1.74894926439,0.849489642704,0.463865546218,0.814492905316,0.428238537847,2.33333333333,1.90196078431,0.814492905316,2.33333333333,0,0,0,0,0.164242424242,17,17,17,1,0,0.352941176471,0.411764705882,0.235294117647,17,36,0.132352941176,1.89705882353,4.23529411765,3.27272727273,2.76923076923,1.71498585143,0.40492721492,0.204248366013,2.05798302171,0.971825315808,0.522875816993,1.79869233546,0.849382491746,0.464052287582,0.805541469338,0.424626510969,2.25,1.89705882353,0.805541469338,2.25,0.0702614379085,0.0214285714286,1,0.00147058823529,0.175454545455,17,17,17,1,0,0.352941176471,0.411764705882,0.235294117647,-1,-0.00367647058824,0.0147058823529,-0.117647058824,-0.0909090909091,-0.0769230769231,0.0215730078386,0.0158999400418,0.0102897014662,-0.0406860243059,0.00757197034072,0.00459282812224,-0.0799805377942,-0.0137915311015,-0.00653594771242,0.0193439002456,0.00695905238854,0,0.0147058823529,0.0193439002456,0,-0.0960784313725,-0.0397959183673,-2,-0.00294117647059,-0.0104978354978,0,0,0,36,0,1,235,0.972972972973,1,0,0.027027027027,1,0.972972972973,0.986301369863,0.984301887704,0.972972972973,0.972972972973,1,2,0,0,0,0
2762,WLNM_dir_neg,1,0.5,00:00:00,10,70,7,1985449480,threshold_sweep,0.8,1,0.5,0.666666666667,1,0,1,4,0.5,1,0,0.5,1,0.5,0.666666666667,0.833333333333,0.611111111111,0.571428571429,0.632455532034,0.5,37,35,2,0,37,0,35,0,2,17,37,0.136029411765,1.88235294118,4.35294117647,3.36363636364,2.84615384615,1.69341284359,0.389027274878,0.193958664547,2.09866904602,0.964253345467,0.518282988871,1.87867287326,0.863174022847,0.470588235294,0.786197569093,0.41766745858,2.25,1.88235294118,0.786197569093,2.25,0.166339869281,0.0612244897959,3,0.00441176470588,0.185952380952,17,17,17,1,0,0.352941176471,0.411764705882,0.235294117647,17,0.128676470588,1.90196078431,4.11764705882,3.18181818182,2.69230769231,1.57648156274,0.382859808093,0.201680672269,2.01465221053,0.978545359402,0.524369747899,1.74894926439,0.849489642704,0.463865546218,0.814492905316,0.428238537847,2.33333333333,1.90196078431,0.814492905316,2.33333333333,0,0,0,0,0.164242424242,17,17,17,1,0,0.352941176471,0.411764705882,0.235294117647,17,36,0.132352941176,1.89705882353,4.23529411765,3.27272727273,2.76923076923,1.71498585143,0.40492721492,0.204248366013,2.05798302171,0.971825315808,0.522875816993,1.79869233546,0.849382491746,0.464052287582,0.805541469338,0.424626510969,2.25,1.89705882353,0.805541469338,2.25,0.0702614379085,0.0214285714286,1,0.00147058823529,0.175454545455,17,17,17,1,0,0.352941176471,0.411764705882,0.235294117647,-1,-0.00367647058824,0.0147058823529,-0.117647058824,-0.0909090909091,-0.0769230769231,0.0215730078386,0.0158999400418,0.0102897014662,-0.0406860243059,0.00757197034072,0.00459282812224,-0.0799805377942,-0.0137915311015,-0.00653594771242,0.0193439002456,0.00695905238854,0,0.0147058823529,0.0193439002456,0,-0.0960784313725,-0.0397959183673,-2,-0.00294117647059,-0.0104978354978,0,0,0,36,0,1,235,0.972972972973,1,0,0.027027027027,1,0.972972972973,0.986301369863,0.984301887704,0.972972972973,0.972972972973,1,2,0,0,0,0
2763,WLNM_dir_neg,1,0.5,00:00:00,10,70,7,1985449480,threshold_sweep,0.9,1,0.5,0.666666666667,1,0,1,4,0.5,1,0,0.5,1,0.5,0.666666666667,0.833333333333,0.611111111111,0.571428571429,0.632455532034,0.5,37,35,2,0,37,0,35,0,2,17,37,0.136029411765,1.88235294118,4.35294117647,3.36363636364,2.84615384615,1.69341284359,0.389027274878,0.193958664547,2.09866904602,0.964253345467,0.518282988871,1.87867287326,0.863174022847,0.470588235294,0.786197569093,0.41766745858,2.25,1.88235294118,0.786197569093,2.25,0.166339869281,0.0612244897959,3,0.00441176470588,0.185952380952,17,17,17,1,0,0.352941176471,0.411764705882,0.235294117647,17,0.128676470588,1.90196078431,4.11764705882,3.18181818182,2.69230769231,1.57648156274,0.382859808093,0.201680672269,2.01465221053,0.978545359402,0.524369747899,1.74894926439,0.849489642704,0.463865546218,0.814492905316,0.428238537847,2.33333333333,1.90196078431,0.814492905316,2.33333333333,0,0,0,0,0.164242424242,17,17,17,1,0,0.352941176471,0.411764705882,0.235294117647,17,36,0.132352941176,1.89705882353,4.23529411765,3.27272727273,2.76923076923,1.71498585143,0.40492721492,0.204248366013,2.05798302171,0.971825315808,0.522875816993,1.79869233546,0.849382491746,0.464052287582,0.805541469338,0.424626510969,2.25,1.89705882353,0.805541469338,2.25,0.0702614379085,0.0214285714286,1,0.00147058823529,0.175454545455,17,17,17,1,0,0.352941176471,0.411764705882,0.235294117647,-1,-0.00367647058824,0.0147058823529,-0.117647058824,-0.0909090909091,-0.0769230769231,0.0215730078386,0.0158999400418,0.0102897014662,-0.0406860243059,0.00757197034072,0.00459282812224,-0.0799805377942,-0.0137915311015,-0.00653594771242,0.0193439002456,0.00695905238854,0,0.0147058823529,0.0193439002456,0,-0.0960784313725,-0.0397959183673,-2,-0.00294117647059,-0.0104978354978,0,0,0,36,0,1,235,0.972972972973,1,0,0.027027027027,1,0.972972972973,0.986301369863,0.984301887704,0.972972972973,0.972972972973,1,2,0,0,0,0
2764,WLNM_dir_neg,1,0.5,00:00:00,10,70,8,1985449481,threshold_sweep,0.1,1,0.5,0.666666666667,1,0,1,4,0.5,1,0,0.5,1,0.5,0.666666666667,0.833333333333,0.611111111111,0.571428571429,0.632455532034,0.5,37,35,2,0,37,0,35,0,2,17,37,0.136029411765,1.88235294118,4.35294117647,3.36363636364,2.84615384615,1.69341284359,0.389027274878,0.193958664547,2.09866904602,0.964253345467,0.518282988871,1.87867287326,0.863174022847,0.470588235294,0.786197569093,0.41766745858,2.25,1.88235294118,0.786197569093,2.25,0.166339869281,0.0612244897959,3,0.00441176470588,0.185952380952,17,17,17,1,0,0.352941176471,0.411764705882,0.235294117647,17,0.128676470588,1.90196078431,4.11764705882,3.18181818182,2.69230769231,1.57648156274,0.382859808093,0.201680672269,2.01465221053,0.978545359402,0.524369747899,1.74894926439,0.849489642704,0.463865546218,0.814492905316,0.428238537847,2.33333333333,1.90196078431,0.814492905316,2.33333333333,0,0,0,0,0.164242424242,17,17,17,1,0,0.352941176471,0.411764705882,0.235294117647,17,36,0.132352941176,1.89705882353,4.23529411765,3.27272727273,2.76923076923,1.71498585143,0.40492721492,0.204248366013,2.05798302171,0.971825315808,0.522875816993,1.79869233546,0.849382491746,0.464052287582,0.805541469338,0.424626510969,2.25,1.89705882353,0.805541469338,2.25,0.0702614379085,0.0214285714286,1,0.00147058823529,0.175454545455,17,17,17,1,0,0.352941176471,0.411764705882,0.235294117647,-1,-0.00367647058824,0.0147058823529,-0.117647058824,-0.0909090909091,-0.0769230769231,0.0215730078386,0.0158999400418,0.0102897014662,-0.0406860243059,0.00757197034072,0.00459282812224,-0.0799805377942,-0.0137915311015,-0.00653594771242,0.0193439002456,0.00695905238854,0,0.0147058823529,0.0193439002456,0,-0.0960784313725,-0.0397959183673,-2,-0.00294117647059,-0.0104978354978,0,0,0,36,0,1,235,0.972972972973,1,0,0.027027027027,1,0.972972972973,0.986301369863,0.984301887704,0.972972972973,0.972972972973,1,2,0,0,0,0
2765,WLNM_dir_neg,1,0.5,00:00:00,10,70,8,1985449481,threshold_sweep,0.2,1,0.5,0.666666666667,1,0,1,4,0.5,1,0,0.5,1,0.5,0.666666666667,0.833333333333,0.611111111111,0.571428571429,0.632455532034,0.5,37,35,2,0,37,0,35,0,2,17,37,0.136029411765,1.88235294118,4.35294117647,3.36363636364,2.84615384615,1.69341284359,0.389027274878,0.193958664547,2.09866904602,0.964253345467,0.518282988871,1.87867287326,0.863174022847,0.470588235294,0.786197569093,0.41766745858,2.25,1.88235294118,0.786197569093,2.25,0.166339869281,0.0612244897959,3,0.00441176470588,0.185952380952,17,17,17,1,0,0.352941176471,0.411764705882,0.235294117647,17,0.128676470588,1.90196078431,4.11764705882,3.18181818182,2.69230769231,1.57648156274,0.382859808093,0.201680672269,2.01465221053,0.978545359402,0.524369747899,1.74894926439,0.849489642704,0.463865546218,0.814492905316,0.428238537847,2.33333333333,1.90196078431,0.814492905316,2.33333333333,0,0,0,0,0.164242424242,17,17,17,1,0,0.352941176471,0.411764705882,0.235294117647,17,36,0.132352941176,1.89705882353,4.23529411765,3.27272727273,2.76923076923,1.71498585143,0.40492721492,0.204248366013,2.05798302171,0.971825315808,0.522875816993,1.79869233546,0.849382491746,0.464052287582,0.805541469338,0.424626510969,2.25,1.89705882353,0.805541469338,2.25,0.0702614379085,0.0214285714286,1,0.00147058823529,0.175454545455,17,17,17,1,0,0.352941176471,0.411764705882,0.235294117647,-1,-0.00367647058824,0.0147058823529,-0.117647058824,-0.0909090909091,-0.0769230769231,0.0215730078386,0.0158999400418,0.0102897014662,-0.0406860243059,0.00757197034072,0.00459282812224,-0.0799805377942,-0.0137915311015,-0.00653594771242,0.0193439002456,0.00695905238854,0,0.0147058823529,0.0193439002456,0,-0.0960784313725,-0.0397959183673,-2,-0.00294117647059,-0.0104978354978,0,0,0,36,0,1,235,0.972972972973,1,0,0.027027027027,1,0.972972972973,0.986301369863,0.984301887704,0.972972972973,0.972972972973,1,2,0,0,0,0
2766,WLNM_dir_neg,1,0.5,00:00:00,10,70,8,1985449481,threshold_sweep,0.3,1,0.5,0.666666666667,1,0,1,4,0.5,1,0,0.5,1,0.5,0.666666666667,0.833333333333,0.611111111111,0.571428571429,0.632455532034,0.5,37,35,2,0,37,0,35,0,2,17,37,0.136029411765,1.88235294118,4.35294117647,3.36363636364,2.84615384615,1.69341284359,0.389027274878,0.193958664547,2.09866904602,0.964253345467,0.518282988871,1.87867287326,0.863174022847,0.470588235294,0.786197569093,0.41766745858,2.25,1.88235294118,0.786197569093,2.25,0.166339869281,0.0612244897959,3,0.00441176470588,0.185952380952,17,17,17,1,0,0.352941176471,0.411764705882,0.235294117647,17,0.128676470588,1.90196078431,4.11764705882,3.18181818182,2.69230769231,1.57648156274,0.382859808093,0.201680672269,2.01465221053,0.978545359402,0.524369747899,1.74894926439,0.849489642704,0.463865546218,0.814492905316,0.428238537847,2.33333333333,1.90196078431,0.814492905316,2.33333333333,0,0,0,0,0.164242424242,17,17,17,1,0,0.352941176471,0.411764705882,0.235294117647,17,36,0.132352941176,1.89705882353,4.23529411765,3.27272727273,2.76923076923,1.71498585143,0.40492721492,0.204248366013,2.05798302171,0.971825315808,0.522875816993,1.79869233546,0.849382491746,0.464052287582,0.805541469338,0.424626510969,2.25,1.89705882353,0.805541469338,2.25,0.0702614379085,0.0214285714286,1,0.00147058823529,0.175454545455,17,17,17,1,0,0.352941176471,0.411764705882,0.235294117647,-1,-0.00367647058824,0.0147058823529,-0.117647058824,-0.0909090909091,-0.0769230769231,0.0215730078386,0.0158999400418,0.0102897014662,-0.0406860243059,0.00757197034072,0.00459282812224,-0.0799805377942,-0.0137915311015,-0.00653594771242,0.0193439002456,0.00695905238854,0,0.0147058823529,0.0193439002456,0,-0.0960784313725,-0.0397959183673,-2,-0.00294117647059,-0.0104978354978,0,0,0,36,0,1,235,0.972972972973,1,0,0.027027027027,1,0.972972972973,0.986301369863,0.984301887704,0.972972972973,0.972972972973,1,2,0,0,0,0
2767,WLNM_dir_neg,1,0.5,00:00:00,10,70,8,1985449481,threshold_sweep,0.4,1,0.5,0.666666666667,1,0,1,4,0.5,1,0,0.5,1,0.5,0.666666666667,0.833333333333,0.611111111111,0.571428571429,0.632455532034,0.5,37,35,2,0,37,0,35,0,2,17,37,0.136029411765,1.88235294118,4.35294117647,3.36363636364,2.84615384615,1.69341284359,0.389027274878,0.193958664547,2.09866904602,0.964253345467,0.518282988871,1.87867287326,0.863174022847,0.470588235294,0.786197569093,0.41766745858,2.25,1.88235294118,0.786197569093,2.25,0.166339869281,0.0612244897959,3,0.00441176470588,0.185952380952,17,17,17,1,0,0.352941176471,0.411764705882,0.235294117647,17,0.128676470588,1.90196078431,4.11764705882,3.18181818182,2.69230769231,1.57648156274,0.382859808093,0.201680672269,2.01465221053,0.978545359402,0.524369747899,1.74894926439,0.849489642704,0.463865546218,0.814492905316,0.428238537847,2.33333333333,1.90196078431,0.814492905316,2.33333333333,0,0,0,0,0.164242424242,17,17,17,1,0,0.352941176471,0.411764705882,0.235294117647,17,36,0.132352941176,1.89705882353,4.23529411765,3.27272727273,2.76923076923,1.71498585143,0.40492721492,0.204248366013,2.05798302171,0.971825315808,0.522875816993,1.79869233546,0.849382491746,0.464052287582,0.805541469338,0.424626510969,2.25,1.89705882353,0.805541469338,2.25,0.0702614379085,0.0214285714286,1,0.00147058823529,0.175454545455,17,17,17,1,0,0.352941176471,0.411764705882,0.235294117647,-1,-0.00367647058824,0.0147058823529,-0.117647058824,-0.0909090909091,-0.0769230769231,0.0215730078386,0.0158999400418,0.0102897014662,-0.0406860243059,0.00757197034072,0.00459282812224,-0.0799805377942,-0.0137915311015,-0.00653594771242,0.0193439002456,0.00695905238854,0,0.0147058823529,0.0193439002456,0,-0.0960784313725,-0.0397959183673,-2,-0.00294117647059,-0.0104978354978,0,0,0,36,0,1,235,0.972972972973,1,0,0.027027027027,1,0.972972972973,0.986301369863,0.984301887704,0.972972972973,0.972972972973,1,2,0,0,0,0
2768,WLNM_dir_neg,1,0.5,00:00:00,10,70,8,1985449481,threshold_sweep,0.5,1,0.5,0.666666666667,1,0,1,4,0.5,1,0,0.5,1,0.5,0.666666666667,0.833333333333,0.611111111111,0.571428571429,0.632455532034,0.5,37,35,2,0,37,0,35,0,2,17,37,0.136029411765,1.88235294118,4.35294117647,3.36363636364,2.84615384615,1.69341284359,0.389027274878,0.193958664547,2.09866904602,0.964253345467,0.518282988871,1.87867287326,0.863174022847,0.470588235294,0.786197569093,0.41766745858,2.25,1.88235294118,0.786197569093,2.25,0.166339869281,0.0612244897959,3,0.00441176470588,0.185952380952,17,17,17,1,0,0.352941176471,0.411764705882,0.235294117647,17,0.128676470588,1.90196078431,4.11764705882,3.18181818182,2.69230769231,1.57648156274,0.382859808093,0.201680672269,2.01465221053,0.978545359402,0.524369747899,1.74894926439,0.849489642704,0.463865546218,0.814492905316,0.428238537847,2.33333333333,1.90196078431,0.814492905316,2.33333333333,0,0,0,0,0.164242424242,17,17,17,1,0,0.352941176471,0.411764705882,0.235294117647,17,36,0.132352941176,1.89705882353,4.23529411765,3.27272727273,2.76923076923,1.71498585143,0.40492721492,0.204248366013,2.05798302171,0.971825315808,0.522875816993,1.79869233546,0.849382491746,0.464052287582,0.805541469338,0.424626510969,2.25,1.89705882353,0.805541469338,2.25,0.0702614379085,0.0214285714286,1,0.00147058823529,0.175454545455,17,17,17,1,0,0.352941176471,0.411764705882,0.235294117647,-1,-0.00367647058824,0.0147058823529,-0.117647058824,-0.0909090909091,-0.0769230769231,0.0215730078386,0.0158999400418,0.0102897014662,-0.0406860243059,0.00757197034072,0.00459282812224,-0.0799805377942,-0.0137915311015,-0.00653594771242,0.0193439002456,0.00695905238854,0,0.0147058823529,0.0193439002456,0,-0.0960784313725,-0.0397959183673,-2,-0.00294117647059,-0.0104978354978,0,0,0,36,0,1,235,0.972972972973,1,0,0.027027027027,1,0.972972972973,0.986301369863,0.984301887704,0.972972972973,0.972972972973,1,2,0,0,0,0
2769,WLNM_dir_neg,1,0.5,00:00:00,10,70,8,1985449481,threshold_sweep,0.6,1,0.5,0.666666666667,1,0,1,4,0.5,1,0,0.5,1,0.5,0.666666666667,0.833333333333,0.611111111111,0.571428571429,0.632455532034,0.5,37,35,2,0,37,0,35,0,2,17,37,0.136029411765,1.88235294118,4.35294117647,3.36363636364,2.84615384615,1.69341284359,0.389027274878,0.193958664547,2.09866904602,0.964253345467,0.518282988871,1.87867287326,0.863174022847,0.470588235294,0.786197569093,0.41766745858,2.25,1.88235294118,0.786197569093,2.25,0.166339869281,0.0612244897959,3,0.00441176470588,0.185952380952,17,17,17,1,0,0.352941176471,0.411764705882,0.235294117647,17,0.128676470588,1.90196078431,4.11764705882,3.18181818182,2.69230769231,1.57648156274,0.382859808093,0.201680672269,2.01465221053,0.978545359402,0.524369747899,1.74894926439,0.849489642704,0.463865546218,0.814492905316,0.428238537847,2.33333333333,1.90196078431,0.814492905316,2.33333333333,0,0,0,0,0.164242424242,17,17,17,1,0,0.352941176471,0.411764705882,0.235294117647,17,36,0.132352941176,1.89705882353,4.23529411765,3.27272727273,2.76923076923,1.71498585143,0.40492721492,0.204248366013,2.05798302171,0.971825315808,0.522875816993,1.79869233546,0.849382491746,0.464052287582,0.805541469338,0.424626510969,2.25,1.89705882353,0.805541469338,2.25,0.0702614379085,0.0214285714286,1,0.00147058823529,0.175454545455,17,17,17,1,0,0.352941176471,0.411764705882,0.235294117647,-1,-0.00367647058824,0.0147058823529,-0.117647058824,-0.0909090909091,-0.0769230769231,0.0215730078386,0.0158999400418,0.0102897014662,-0.0406860243059,0.00757197034072,0.00459282812224,-0.0799805377942,-0.0137915311015,-0.00653594771242,0.0193439002456,0.00695905238854,0,0.0147058823529,0.0193439002456,0,-0.0960784313725,-0.0397959183673,-2,-0.00294117647059,-0.0104978354978,0,0,0,36,0,1,235,0.972972972973,1,0,0.027027027027,1,0.972972972973,0.986301369863,0.984301887704,0.972972972973,0.972972972973,1,2,0,0,0,0
2770,WLNM_dir_neg,1,0.5,00:00:00,10,70,8,1985449481,threshold_sweep,0.7,1,0.5,0.666666666667,1,0,1,4,0.5,1,0,0.5,1,0.5,0.666666666667,0.833333333333,0.611111111111,0.571428571429,0.632455532034,0.5,37,35,2,0,37,0,35,0,2,17,37,0.136029411765,1.88235294118,4.35294117647,3.36363636364,2.84615384615,1.69341284359,0.389027274878,0.193958664547,2.09866904602,0.964253345467,0.518282988871,1.87867287326,0.863174022847,0.470588235294,0.786197569093,0.41766745858,2.25,1.88235294118,0.786197569093,2.25,0.166339869281,0.0612244897959,3,0.00441176470588,0.185952380952,17,17,17,1,0,0.352941176471,0.411764705882,0.235294117647,17,0.128676470588,1.90196078431,4.11764705882,3.18181818182,2.69230769231,1.57648156274,0.382859808093,0.201680672269,2.01465221053,0.978545359402,0.524369747899,1.74894926439,0.849489642704,0.463865546218,0.814492905316,0.428238537847,2.33333333333,1.90196078431,0.814492905316,2.33333333333,0,0,0,0,0.164242424242,17,17,17,1,0,0.352941176471,0.411764705882,0.235294117647,17,36,0.132352941176,1.89705882353,4.23529411765,3.27272727273,2.76923076923,1.71498585143,0.40492721492,0.204248366013,2.05798302171,0.971825315808,0.522875816993,1.79869233546,0.849382491746,0.464052287582,0.805541469338,0.424626510969,2.25,1.89705882353,0.805541469338,2.25,0.0702614379085,0.0214285714286,1,0.00147058823529,0.175454545455,17,17,17,1,0,0.352941176471,0.411764705882,0.235294117647,-1,-0.00367647058824,0.0147058823529,-0.117647058824,-0.0909090909091,-0.0769230769231,0.0215730078386,0.0158999400418,0.0102897014662,-0.0406860243059,0.00757197034072,0.00459282812224,-0.0799805377942,-0.0137915311015,-0.00653594771242,0.0193439002456,0.00695905238854,0,0.0147058823529,0.0193439002456,0,-0.0960784313725,-0.0397959183673,-2,-0.00294117647059,-0.0104978354978,0,0,0,36,0,1,235,0.972972972973,1,0,0.027027027027,1,0.972972972973,0.986301369863,0.984301887704,0.972972972973,0.972972972973,1,2,0,0,0,0
2771,WLNM_dir_neg,1,0.5,00:00:00,10,70,8,1985449481,threshold_sweep,0.8,1,0.5,0.666666666667,1,0,1,4,0.5,1,0,0.5,1,0.5,0.666666666667,0.833333333333,0.611111111111,0.571428571429,0.632455532034,0.5,37,35,2,0,37,0,35,0,2,17,37,0.136029411765,1.88235294118,4.35294117647,3.36363636364,2.84615384615,1.69341284359,0.389027274878,0.193958664547,2.09866904602,0.964253345467,0.518282988871,1.87867287326,0.863174022847,0.470588235294,0.786197569093,0.41766745858,2.25,1.88235294118,0.786197569093,2.25,0.166339869281,0.0612244897959,3,0.00441176470588,0.185952380952,17,17,17,1,0,0.352941176471,0.411764705882,0.235294117647,17,0.128676470588,1.90196078431,4.11764705882,3.18181818182,2.69230769231,1.57648156274,0.382859808093,0.201680672269,2.01465221053,0.978545359402,0.524369747899,1.74894926439,0.849489642704,0.463865546218,0.814492905316,0.428238537847,2.33333333333,1.90196078431,0.814492905316,2.33333333333,0,0,0,0,0.164242424242,17,17,17,1,0,0.352941176471,0.411764705882,0.235294117647,17,36,0.132352941176,1.89705882353,4.23529411765,3.27272727273,2.76923076923,1.71498585143,0.40492721492,0.204248366013,2.05798302171,0.971825315808,0.522875816993,1.79869233546,0.849382491746,0.464052287582,0.805541469338,0.424626510969,2.25,1.89705882353,0.805541469338,2.25,0.0702614379085,0.0214285714286,1,0.00147058823529,0.175454545455,17,17,17,1,0,0.352941176471,0.411764705882,0.235294117647,-1,-0.00367647058824,0.0147058823529,-0.117647058824,-0.0909090909091,-0.0769230769231,0.0215730078386,0.0158999400418,0.0102897014662,-0.0406860243059,0.00757197034072,0.00459282812224,-0.0799805377942,-0.0137915311015,-0.00653594771242,0.0193439002456,0.00695905238854,0,0.0147058823529,0.0193439002456,0,-0.0960784313725,-0.0397959183673,-2,-0.00294117647059,-0.0104978354978,0,0,0,36,0,1,235,0.972972972973,1,0,0.027027027027,1,0.972972972973,0.986301369863,0.984301887704,0.972972972973,0.972972972973,1,2,0,0,0,0
2772,WLNM_dir_neg,1,0.5,00:00:00,10,70,8,1985449481,threshold_sweep,0.9,1,0.5,0.666666666667,1,0,1,4,0.5,1,0,0.5,1,0.5,0.666666666667,0.833333333333,0.611111111111,0.571428571429,0.632455532034,0.5,37,35,2,0,37,0,35,0,2,17,37,0.136029411765,1.88235294118,4.35294117647,3.36363636364,2.84615384615,1.69341284359,0.389027274878,0.193958664547,2.09866904602,0.964253345467,0.518282988871,1.87867287326,0.863174022847,0.470588235294,0.786197569093,0.41766745858,2.25,1.88235294118,0.786197569093,2.25,0.166339869281,0.0612244897959,3,0.00441176470588,0.185952380952,17,17,17,1,0,0.352941176471,0.411764705882,0.235294117647,17,0.128676470588,1.90196078431,4.11764705882,3.18181818182,2.69230769231,1.57648156274,0.382859808093,0.201680672269,2.01465221053,0.978545359402,0.524369747899,1.74894926439,0.849489642704,0.463865546218,0.814492905316,0.428238537847,2.33333333333,1.90196078431,0.814492905316,2.33333333333,0,0,0,0,0.164242424242,17,17,17,1,0,0.352941176471,0.411764705882,0.235294117647,17,36,0.132352941176,1.89705882353,4.23529411765,3.27272727273,2.76923076923,1.71498585143,0.40492721492,0.204248366013,2.05798302171,0.971825315808,0.522875816993,1.79869233546,0.849382491746,0.464052287582,0.805541469338,0.424626510969,2.25,1.89705882353,0.805541469338,2.25,0.0702614379085,0.0214285714286,1,0.00147058823529,0.175454545455,17,17,17,1,0,0.352941176471,0.411764705882,0.235294117647,-1,-0.00367647058824,0.0147058823529,-0.117647058824,-0.0909090909091,-0.0769230769231,0.0215730078386,0.0158999400418,0.0102897014662,-0.0406860243059,0.00757197034072,0.00459282812224,-0.0799805377942,-0.0137915311015,-0.00653594771242,0.0193439002456,0.00695905238854,0,0.0147058823529,0.0193439002456,0,-0.0960784313725,-0.0397959183673,-2,-0.00294117647059,-0.0104978354978,0,0,0,36,0,1,235,0.972972972973,1,0,0.027027027027,1,0.972972972973,0.986301369863,0.984301887704,0.972972972973,0.972972972973,1,2,0,0,0,0
2773,WLNM_dir_neg,1,0.5,00:00:00,10,70,9,1985449482,threshold_sweep,0.1,1,1,1,2,0,0,4,1,1,0,0,1,1,1,1,0.555555555556,1,1,1,37,35,2,0,37,0,35,0,2,17,37,0.136029411765,1.88235294118,4.35294117647,3.36363636364,2.84615384615,1.69341284359,0.389027274878,0.193958664547,2.09866904602,0.964253345467,0.518282988871,1.87867287326,0.863174022847,0.470588235294,0.786197569093,0.41766745858,2.25,1.88235294118,0.786197569093,2.25,0.166339869281,0.0612244897959,3,0.00441176470588,0.185952380952,17,17,17,1,0,0.352941176471,0.411764705882,0.235294117647,17,0.128676470588,1.90196078431,4.11764705882,3.18181818182,2.69230769231,1.57648156274,0.382859808093,0.201680672269,2.01465221053,0.978545359402,0.524369747899,1.74894926439,0.849489642704,0.463865546218,0.814492905316,0.428238537847,2.33333333333,1.90196078431,0.814492905316,2.33333333333,0,0,0,0,0.164242424242,17,17,17,1,0,0.352941176471,0.411764705882,0.235294117647,17,37,0.136029411765,1.88235294118,4.35294117647,3.36363636364,2.84615384615,1.69341284359,0.389027274878,0.193958664547,2.09866904602,0.964253345467,0.518282988871,1.87867287326,0.863174022847,0.470588235294,0.786197569093,0.41766745858,2.25,1.88235294118,0.786197569093,2.25,0.166339869281,0.0612244897959,3,0.00441176470588,0.185952380952,17,17,17,1,0,0.352941176471,0.411764705882,0.235294117647,0,0,0,0,0,0,0,0,0,0,0,0,0,0,0,0,0,0,0,0,0,0,0,0,0,0,0,0,0,37,0,0,235,1,1,0,0,1,1,1,1,1,1,2,2,0,0,0,0
2774,WLNM_dir_neg,1,0.5,00:00:00,10,70,9,1985449482,threshold_sweep,0.2,1,1,1,2,0,0,4,1,1,0,0,1,1,1,1,0.555555555556,1,1,1,37,35,2,0,37,0,35,0,2,17,37,0.136029411765,1.88235294118,4.35294117647,3.36363636364,2.84615384615,1.69341284359,0.389027274878,0.193958664547,2.09866904602,0.964253345467,0.518282988871,1.87867287326,0.863174022847,0.470588235294,0.786197569093,0.41766745858,2.25,1.88235294118,0.786197569093,2.25,0.166339869281,0.0612244897959,3,0.00441176470588,0.185952380952,17,17,17,1,0,0.352941176471,0.411764705882,0.235294117647,17,0.128676470588,1.90196078431,4.11764705882,3.18181818182,2.69230769231,1.57648156274,0.382859808093,0.201680672269,2.01465221053,0.978545359402,0.524369747899,1.74894926439,0.849489642704,0.463865546218,0.814492905316,0.428238537847,2.33333333333,1.90196078431,0.814492905316,2.33333333333,0,0,0,0,0.164242424242,17,17,17,1,0,0.352941176471,0.411764705882,0.235294117647,17,37,0.136029411765,1.88235294118,4.35294117647,3.36363636364,2.84615384615,1.69341284359,0.389027274878,0.193958664547,2.09866904602,0.964253345467,0.518282988871,1.87867287326,0.863174022847,0.470588235294,0.786197569093,0.41766745858,2.25,1.88235294118,0.786197569093,2.25,0.166339869281,0.0612244897959,3,0.00441176470588,0.185952380952,17,17,17,1,0,0.352941176471,0.411764705882,0.235294117647,0,0,0,0,0,0,0,0,0,0,0,0,0,0,0,0,0,0,0,0,0,0,0,0,0,0,0,0,0,37,0,0,235,1,1,0,0,1,1,1,1,1,1,2,2,0,0,0,0
2775,WLNM_dir_neg,1,0.5,00:00:00,10,70,9,1985449482,threshold_sweep,0.3,1,1,1,2,0,0,4,1,1,0,0,1,1,1,1,0.555555555556,1,1,1,37,35,2,0,37,0,35,0,2,17,37,0.136029411765,1.88235294118,4.35294117647,3.36363636364,2.84615384615,1.69341284359,0.389027274878,0.193958664547,2.09866904602,0.964253345467,0.518282988871,1.87867287326,0.863174022847,0.470588235294,0.786197569093,0.41766745858,2.25,1.88235294118,0.786197569093,2.25,0.166339869281,0.0612244897959,3,0.00441176470588,0.185952380952,17,17,17,1,0,0.352941176471,0.411764705882,0.235294117647,17,0.128676470588,1.90196078431,4.11764705882,3.18181818182,2.69230769231,1.57648156274,0.382859808093,0.201680672269,2.01465221053,0.978545359402,0.524369747899,1.74894926439,0.849489642704,0.463865546218,0.814492905316,0.428238537847,2.33333333333,1.90196078431,0.814492905316,2.33333333333,0,0,0,0,0.164242424242,17,17,17,1,0,0.352941176471,0.411764705882,0.235294117647,17,37,0.136029411765,1.88235294118,4.35294117647,3.36363636364,2.84615384615,1.69341284359,0.389027274878,0.193958664547,2.09866904602,0.964253345467,0.518282988871,1.87867287326,0.863174022847,0.470588235294,0.786197569093,0.41766745858,2.25,1.88235294118,0.786197569093,2.25,0.166339869281,0.0612244897959,3,0.00441176470588,0.185952380952,17,17,17,1,0,0.352941176471,0.411764705882,0.235294117647,0,0,0,0,0,0,0,0,0,0,0,0,0,0,0,0,0,0,0,0,0,0,0,0,0,0,0,0,0,37,0,0,235,1,1,0,0,1,1,1,1,1,1,2,2,0,0,0,0
2776,WLNM_dir_neg,1,0.5,00:00:00,10,70,9,1985449482,threshold_sweep,0.4,1,1,1,2,0,0,4,1,1,0,0,1,1,1,1,0.555555555556,1,1,1,37,35,2,0,37,0,35,0,2,17,37,0.136029411765,1.88235294118,4.35294117647,3.36363636364,2.84615384615,1.69341284359,0.389027274878,0.193958664547,2.09866904602,0.964253345467,0.518282988871,1.87867287326,0.863174022847,0.470588235294,0.786197569093,0.41766745858,2.25,1.88235294118,0.786197569093,2.25,0.166339869281,0.0612244897959,3,0.00441176470588,0.185952380952,17,17,17,1,0,0.352941176471,0.411764705882,0.235294117647,17,0.128676470588,1.90196078431,4.11764705882,3.18181818182,2.69230769231,1.57648156274,0.382859808093,0.201680672269,2.01465221053,0.978545359402,0.524369747899,1.74894926439,0.849489642704,0.463865546218,0.814492905316,0.428238537847,2.33333333333,1.90196078431,0.814492905316,2.33333333333,0,0,0,0,0.164242424242,17,17,17,1,0,0.352941176471,0.411764705882,0.235294117647,17,37,0.136029411765,1.88235294118,4.35294117647,3.36363636364,2.84615384615,1.69341284359,0.389027274878,0.193958664547,2.09866904602,0.964253345467,0.518282988871,1.87867287326,0.863174022847,0.470588235294,0.786197569093,0.41766745858,2.25,1.88235294118,0.786197569093,2.25,0.166339869281,0.0612244897959,3,0.00441176470588,0.185952380952,17,17,17,1,0,0.352941176471,0.411764705882,0.235294117647,0,0,0,0,0,0,0,0,0,0,0,0,0,0,0,0,0,0,0,0,0,0,0,0,0,0,0,0,0,37,0,0,235,1,1,0,0,1,1,1,1,1,1,2,2,0,0,0,0
2777,WLNM_dir_neg,1,0.5,00:00:00,10,70,9,1985449482,threshold_sweep,0.5,1,1,1,2,0,0,4,1,1,0,0,1,1,1,1,0.555555555556,1,1,1,37,35,2,0,37,0,35,0,2,17,37,0.136029411765,1.88235294118,4.35294117647,3.36363636364,2.84615384615,1.69341284359,0.389027274878,0.193958664547,2.09866904602,0.964253345467,0.518282988871,1.87867287326,0.863174022847,0.470588235294,0.786197569093,0.41766745858,2.25,1.88235294118,0.786197569093,2.25,0.166339869281,0.0612244897959,3,0.00441176470588,0.185952380952,17,17,17,1,0,0.352941176471,0.411764705882,0.235294117647,17,0.128676470588,1.90196078431,4.11764705882,3.18181818182,2.69230769231,1.57648156274,0.382859808093,0.201680672269,2.01465221053,0.978545359402,0.524369747899,1.74894926439,0.849489642704,0.463865546218,0.814492905316,0.428238537847,2.33333333333,1.90196078431,0.814492905316,2.33333333333,0,0,0,0,0.164242424242,17,17,17,1,0,0.352941176471,0.411764705882,0.235294117647,17,37,0.136029411765,1.88235294118,4.35294117647,3.36363636364,2.84615384615,1.69341284359,0.389027274878,0.193958664547,2.09866904602,0.964253345467,0.518282988871,1.87867287326,0.863174022847,0.470588235294,0.786197569093,0.41766745858,2.25,1.88235294118,0.786197569093,2.25,0.166339869281,0.0612244897959,3,0.00441176470588,0.185952380952,17,17,17,1,0,0.352941176471,0.411764705882,0.235294117647,0,0,0,0,0,0,0,0,0,0,0,0,0,0,0,0,0,0,0,0,0,0,0,0,0,0,0,0,0,37,0,0,235,1,1,0,0,1,1,1,1,1,1,2,2,0,0,0,0
2778,WLNM_dir_neg,1,0.5,00:00:00,10,70,9,1985449482,threshold_sweep,0.6,1,1,1,2,0,0,4,1,1,0,0,1,1,1,1,0.555555555556,1,1,1,37,35,2,0,37,0,35,0,2,17,37,0.136029411765,1.88235294118,4.35294117647,3.36363636364,2.84615384615,1.69341284359,0.389027274878,0.193958664547,2.09866904602,0.964253345467,0.518282988871,1.87867287326,0.863174022847,0.470588235294,0.786197569093,0.41766745858,2.25,1.88235294118,0.786197569093,2.25,0.166339869281,0.0612244897959,3,0.00441176470588,0.185952380952,17,17,17,1,0,0.352941176471,0.411764705882,0.235294117647,17,0.128676470588,1.90196078431,4.11764705882,3.18181818182,2.69230769231,1.57648156274,0.382859808093,0.201680672269,2.01465221053,0.978545359402,0.524369747899,1.74894926439,0.849489642704,0.463865546218,0.814492905316,0.428238537847,2.33333333333,1.90196078431,0.814492905316,2.33333333333,0,0,0,0,0.164242424242,17,17,17,1,0,0.352941176471,0.411764705882,0.235294117647,17,37,0.136029411765,1.88235294118,4.35294117647,3.36363636364,2.84615384615,1.69341284359,0.389027274878,0.193958664547,2.09866904602,0.964253345467,0.518282988871,1.87867287326,0.863174022847,0.470588235294,0.786197569093,0.41766745858,2.25,1.88235294118,0.786197569093,2.25,0.166339869281,0.0612244897959,3,0.00441176470588,0.185952380952,17,17,17,1,0,0.352941176471,0.411764705882,0.235294117647,0,0,0,0,0,0,0,0,0,0,0,0,0,0,0,0,0,0,0,0,0,0,0,0,0,0,0,0,0,37,0,0,235,1,1,0,0,1,1,1,1,1,1,2,2,0,0,0,0
2779,WLNM_dir_neg,1,0.5,00:00:00,10,70,9,1985449482,threshold_sweep,0.7,1,1,1,2,0,0,4,1,1,0,0,1,1,1,1,0.555555555556,1,1,1,37,35,2,0,37,0,35,0,2,17,37,0.136029411765,1.88235294118,4.35294117647,3.36363636364,2.84615384615,1.69341284359,0.389027274878,0.193958664547,2.09866904602,0.964253345467,0.518282988871,1.87867287326,0.863174022847,0.470588235294,0.786197569093,0.41766745858,2.25,1.88235294118,0.786197569093,2.25,0.166339869281,0.0612244897959,3,0.00441176470588,0.185952380952,17,17,17,1,0,0.352941176471,0.411764705882,0.235294117647,17,0.128676470588,1.90196078431,4.11764705882,3.18181818182,2.69230769231,1.57648156274,0.382859808093,0.201680672269,2.01465221053,0.978545359402,0.524369747899,1.74894926439,0.849489642704,0.463865546218,0.814492905316,0.428238537847,2.33333333333,1.90196078431,0.814492905316,2.33333333333,0,0,0,0,0.164242424242,17,17,17,1,0,0.352941176471,0.411764705882,0.235294117647,17,37,0.136029411765,1.88235294118,4.35294117647,3.36363636364,2.84615384615,1.69341284359,0.389027274878,0.193958664547,2.09866904602,0.964253345467,0.518282988871,1.87867287326,0.863174022847,0.470588235294,0.786197569093,0.41766745858,2.25,1.88235294118,0.786197569093,2.25,0.166339869281,0.0612244897959,3,0.00441176470588,0.185952380952,17,17,17,1,0,0.352941176471,0.411764705882,0.235294117647,0,0,0,0,0,0,0,0,0,0,0,0,0,0,0,0,0,0,0,0,0,0,0,0,0,0,0,0,0,37,0,0,235,1,1,0,0,1,1,1,1,1,1,2,2,0,0,0,0
2780,WLNM_dir_neg,1,0.5,00:00:00,10,70,9,1985449482,threshold_sweep,0.8,1,1,1,2,0,0,4,1,1,0,0,1,1,1,1,0.555555555556,1,1,1,37,35,2,0,37,0,35,0,2,17,37,0.136029411765,1.88235294118,4.35294117647,3.36363636364,2.84615384615,1.69341284359,0.389027274878,0.193958664547,2.09866904602,0.964253345467,0.518282988871,1.87867287326,0.863174022847,0.470588235294,0.786197569093,0.41766745858,2.25,1.88235294118,0.786197569093,2.25,0.166339869281,0.0612244897959,3,0.00441176470588,0.185952380952,17,17,17,1,0,0.352941176471,0.411764705882,0.235294117647,17,0.128676470588,1.90196078431,4.11764705882,3.18181818182,2.69230769231,1.57648156274,0.382859808093,0.201680672269,2.01465221053,0.978545359402,0.524369747899,1.74894926439,0.849489642704,0.463865546218,0.814492905316,0.428238537847,2.33333333333,1.90196078431,0.814492905316,2.33333333333,0,0,0,0,0.164242424242,17,17,17,1,0,0.352941176471,0.411764705882,0.235294117647,17,37,0.136029411765,1.88235294118,4.35294117647,3.36363636364,2.84615384615,1.69341284359,0.389027274878,0.193958664547,2.09866904602,0.964253345467,0.518282988871,1.87867287326,0.863174022847,0.470588235294,0.786197569093,0.41766745858,2.25,1.88235294118,0.786197569093,2.25,0.166339869281,0.0612244897959,3,0.00441176470588,0.185952380952,17,17,17,1,0,0.352941176471,0.411764705882,0.235294117647,0,0,0,0,0,0,0,0,0,0,0,0,0,0,0,0,0,0,0,0,0,0,0,0,0,0,0,0,0,37,0,0,235,1,1,0,0,1,1,1,1,1,1,2,2,0,0,0,0
2781,WLNM_dir_neg,1,0.5,00:00:00,10,70,9,1985449482,threshold_sweep,0.9,1,1,1,2,0,0,4,1,1,0,0,1,1,1,1,0.555555555556,1,1,1,37,35,2,0,37,0,35,0,2,17,37,0.136029411765,1.88235294118,4.35294117647,3.36363636364,2.84615384615,1.69341284359,0.389027274878,0.193958664547,2.09866904602,0.964253345467,0.518282988871,1.87867287326,0.863174022847,0.470588235294,0.786197569093,0.41766745858,2.25,1.88235294118,0.786197569093,2.25,0.166339869281,0.0612244897959,3,0.00441176470588,0.185952380952,17,17,17,1,0,0.352941176471,0.411764705882,0.235294117647,17,0.128676470588,1.90196078431,4.11764705882,3.18181818182,2.69230769231,1.57648156274,0.382859808093,0.201680672269,2.01465221053,0.978545359402,0.524369747899,1.74894926439,0.849489642704,0.463865546218,0.814492905316,0.428238537847,2.33333333333,1.90196078431,0.814492905316,2.33333333333,0,0,0,0,0.164242424242,17,17,17,1,0,0.352941176471,0.411764705882,0.235294117647,17,37,0.136029411765,1.88235294118,4.35294117647,3.36363636364,2.84615384615,1.69341284359,0.389027274878,0.193958664547,2.09866904602,0.964253345467,0.518282988871,1.87867287326,0.863174022847,0.470588235294,0.786197569093,0.41766745858,2.25,1.88235294118,0.786197569093,2.25,0.166339869281,0.0612244897959,3,0.00441176470588,0.185952380952,17,17,17,1,0,0.352941176471,0.411764705882,0.235294117647,0,0,0,0,0,0,0,0,0,0,0,0,0,0,0,0,0,0,0,0,0,0,0,0,0,0,0,0,0,37,0,0,235,1,1,0,0,1,1,1,1,1,1,2,2,0,0,0,0
2782,WLNM_dir_neg,1,0.5,00:00:00,10,70,10,1985449483,threshold_sweep,0.1,0.666666666667,1,0.8,2,1,0,3,1,0.75,0.25,0,0.666666666667,1,0.8,0.833333333333,0.5,0.666666666667,0.707106781187,0.75,37,35,2,0,37,0,35,0,2,17,37,0.136029411765,1.88235294118,4.35294117647,3.36363636364,2.84615384615,1.69341284359,0.389027274878,0.193958664547,2.09866904602,0.964253345467,0.518282988871,1.87867287326,0.863174022847,0.470588235294,0.786197569093,0.41766745858,2.25,1.88235294118,0.786197569093,2.25,0.166339869281,0.0612244897959,3,0.00441176470588,0.185952380952,17,17,17,1,0,0.352941176471,0.411764705882,0.235294117647,17,0.128676470588,1.90196078431,4.11764705882,3.18181818182,2.69230769231,1.57648156274,0.382859808093,0.201680672269,2.01465221053,0.978545359402,0.524369747899,1.74894926439,0.849489642704,0.463865546218,0.814492905316,0.428238537847,2.33333333333,1.90196078431,0.814492905316,2.33333333333,0,0,0,0,0.164242424242,17,17,17,1,0,0.352941176471,0.411764705882,0.235294117647,17,38,0.139705882353,2.09294117647,4.47058823529,3.16666666667,2.92307692308,1.62471716996,0.36342357749,0.179566563467,2.04723630062,0.915868871331,0.495356037152,1.88843227853,0.84482496671,0.461300309598,0.8705082187,0.415925793083,2.45,2.09294117647,0.8705082187,2.45,0.166339869281,0.0588235294118,3,0.00441176470588,0.161778499278,17,17,17,1,0,0.294117647059,0.470588235294,0.235294117647,1,0.00367647058824,0.210588235294,0.117647058824,-0.19696969697,0.0769230769231,-0.0686956736295,-0.0256036973876,-0.0143921010794,-0.0514327453931,-0.0483844741355,-0.0229269517195,0.00975940527302,-0.018349056137,-0.00928792569659,0.084310649607,-0.00174166549743,0.2,0.210588235294,0.084310649607,0.2,0,-0.00240096038415,0,0,-0.0241738816739,-0.0588235294118,0.0588235294118,0,37,1,0,234,1,0.995744680851,0.00425531914894,0,0.973684210526,1,0.986666666667,0.984652666406,0.995744680851,0.973684210526,3,2,0,0,0,0
2783,WLNM_dir_neg,1,0.5,00:00:00,10,70,10,1985449483,threshold_sweep,0.2,0.666666666667,1,0.8,2,1,0,3,1,0.75,0.25,0,0.666666666667,1,0.8,0.833333333333,0.5,0.666666666667,0.707106781187,0.75,37,35,2,0,37,0,35,0,2,17,37,0.136029411765,1.88235294118,4.35294117647,3.36363636364,2.84615384615,1.69341284359,0.389027274878,0.193958664547,2.09866904602,0.964253345467,0.518282988871,1.87867287326,0.863174022847,0.470588235294,0.786197569093,0.41766745858,2.25,1.88235294118,0.786197569093,2.25,0.166339869281,0.0612244897959,3,0.00441176470588,0.185952380952,17,17,17,1,0,0.352941176471,0.411764705882,0.235294117647,17,0.128676470588,1.90196078431,4.11764705882,3.18181818182,2.69230769231,1.57648156274,0.382859808093,0.201680672269,2.01465221053,0.978545359402,0.524369747899,1.74894926439,0.849489642704,0.463865546218,0.814492905316,0.428238537847,2.33333333333,1.90196078431,0.814492905316,2.33333333333,0,0,0,0,0.164242424242,17,17,17,1,0,0.352941176471,0.411764705882,0.235294117647,17,38,0.139705882353,2.09294117647,4.47058823529,3.16666666667,2.92307692308,1.62471716996,0.36342357749,0.179566563467,2.04723630062,0.915868871331,0.495356037152,1.88843227853,0.84482496671,0.461300309598,0.8705082187,0.415925793083,2.45,2.09294117647,0.8705082187,2.45,0.166339869281,0.0588235294118,3,0.00441176470588,0.161778499278,17,17,17,1,0,0.294117647059,0.470588235294,0.235294117647,1,0.00367647058824,0.210588235294,0.117647058824,-0.19696969697,0.0769230769231,-0.0686956736295,-0.0256036973876,-0.0143921010794,-0.0514327453931,-0.0483844741355,-0.0229269517195,0.00975940527302,-0.018349056137,-0.00928792569659,0.084310649607,-0.00174166549743,0.2,0.210588235294,0.084310649607,0.2,0,-0.00240096038415,0,0,-0.0241738816739,-0.0588235294118,0.0588235294118,0,37,1,0,234,1,0.995744680851,0.00425531914894,0,0.973684210526,1,0.986666666667,0.984652666406,0.995744680851,0.973684210526,3,2,0,0,0,0
2784,WLNM_dir_neg,1,0.5,00:00:00,10,70,10,1985449483,threshold_sweep,0.3,0.666666666667,1,0.8,2,1,0,3,1,0.75,0.25,0,0.666666666667,1,0.8,0.833333333333,0.5,0.666666666667,0.707106781187,0.75,37,35,2,0,37,0,35,0,2,17,37,0.136029411765,1.88235294118,4.35294117647,3.36363636364,2.84615384615,1.69341284359,0.389027274878,0.193958664547,2.09866904602,0.964253345467,0.518282988871,1.87867287326,0.863174022847,0.470588235294,0.786197569093,0.41766745858,2.25,1.88235294118,0.786197569093,2.25,0.166339869281,0.0612244897959,3,0.00441176470588,0.185952380952,17,17,17,1,0,0.352941176471,0.411764705882,0.235294117647,17,0.128676470588,1.90196078431,4.11764705882,3.18181818182,2.69230769231,1.57648156274,0.382859808093,0.201680672269,2.01465221053,0.978545359402,0.524369747899,1.74894926439,0.849489642704,0.463865546218,0.814492905316,0.428238537847,2.33333333333,1.90196078431,0.814492905316,2.33333333333,0,0,0,0,0.164242424242,17,17,17,1,0,0.352941176471,0.411764705882,0.235294117647,17,38,0.139705882353,2.09294117647,4.47058823529,3.16666666667,2.92307692308,1.62471716996,0.36342357749,0.179566563467,2.04723630062,0.915868871331,0.495356037152,1.88843227853,0.84482496671,0.461300309598,0.8705082187,0.415925793083,2.45,2.09294117647,0.8705082187,2.45,0.166339869281,0.0588235294118,3,0.00441176470588,0.161778499278,17,17,17,1,0,0.294117647059,0.470588235294,0.235294117647,1,0.00367647058824,0.210588235294,0.117647058824,-0.19696969697,0.0769230769231,-0.0686956736295,-0.0256036973876,-0.0143921010794,-0.0514327453931,-0.0483844741355,-0.0229269517195,0.00975940527302,-0.018349056137,-0.00928792569659,0.084310649607,-0.00174166549743,0.2,0.210588235294,0.084310649607,0.2,0,-0.00240096038415,0,0,-0.0241738816739,-0.0588235294118,0.0588235294118,0,37,1,0,234,1,0.995744680851,0.00425531914894,0,0.973684210526,1,0.986666666667,0.984652666406,0.995744680851,0.973684210526,3,2,0,0,0,0
2785,WLNM_dir_neg,1,0.5,00:00:00,10,70,10,1985449483,threshold_sweep,0.4,0.666666666667,1,0.8,2,1,0,3,1,0.75,0.25,0,0.666666666667,1,0.8,0.833333333333,0.5,0.666666666667,0.707106781187,0.75,37,35,2,0,37,0,35,0,2,17,37,0.136029411765,1.88235294118,4.35294117647,3.36363636364,2.84615384615,1.69341284359,0.389027274878,0.193958664547,2.09866904602,0.964253345467,0.518282988871,1.87867287326,0.863174022847,0.470588235294,0.786197569093,0.41766745858,2.25,1.88235294118,0.786197569093,2.25,0.166339869281,0.0612244897959,3,0.00441176470588,0.185952380952,17,17,17,1,0,0.352941176471,0.411764705882,0.235294117647,17,0.128676470588,1.90196078431,4.11764705882,3.18181818182,2.69230769231,1.57648156274,0.382859808093,0.201680672269,2.01465221053,0.978545359402,0.524369747899,1.74894926439,0.849489642704,0.463865546218,0.814492905316,0.428238537847,2.33333333333,1.90196078431,0.814492905316,2.33333333333,0,0,0,0,0.164242424242,17,17,17,1,0,0.352941176471,0.411764705882,0.235294117647,17,38,0.139705882353,2.09294117647,4.47058823529,3.16666666667,2.92307692308,1.62471716996,0.36342357749,0.179566563467,2.04723630062,0.915868871331,0.495356037152,1.88843227853,0.84482496671,0.461300309598,0.8705082187,0.415925793083,2.45,2.09294117647,0.8705082187,2.45,0.166339869281,0.0588235294118,3,0.00441176470588,0.161778499278,17,17,17,1,0,0.294117647059,0.470588235294,0.235294117647,1,0.00367647058824,0.210588235294,0.117647058824,-0.19696969697,0.0769230769231,-0.0686956736295,-0.0256036973876,-0.0143921010794,-0.0514327453931,-0.0483844741355,-0.0229269517195,0.00975940527302,-0.018349056137,-0.00928792569659,0.084310649607,-0.00174166549743,0.2,0.210588235294,0.084310649607,0.2,0,-0.00240096038415,0,0,-0.0241738816739,-0.0588235294118,0.0588235294118,0,37,1,0,234,1,0.995744680851,0.00425531914894,0,0.973684210526,1,0.986666666667,0.984652666406,0.995744680851,0.973684210526,3,2,0,0,0,0
2786,WLNM_dir_neg,1,0.5,00:00:00,10,70,10,1985449483,threshold_sweep,0.5,0.666666666667,1,0.8,2,1,0,3,1,0.75,0.25,0,0.666666666667,1,0.8,0.833333333333,0.5,0.666666666667,0.707106781187,0.75,37,35,2,0,37,0,35,0,2,17,37,0.136029411765,1.88235294118,4.35294117647,3.36363636364,2.84615384615,1.69341284359,0.389027274878,0.193958664547,2.09866904602,0.964253345467,0.518282988871,1.87867287326,0.863174022847,0.470588235294,0.786197569093,0.41766745858,2.25,1.88235294118,0.786197569093,2.25,0.166339869281,0.0612244897959,3,0.00441176470588,0.185952380952,17,17,17,1,0,0.352941176471,0.411764705882,0.235294117647,17,0.128676470588,1.90196078431,4.11764705882,3.18181818182,2.69230769231,1.57648156274,0.382859808093,0.201680672269,2.01465221053,0.978545359402,0.524369747899,1.74894926439,0.849489642704,0.463865546218,0.814492905316,0.428238537847,2.33333333333,1.90196078431,0.814492905316,2.33333333333,0,0,0,0,0.164242424242,17,17,17,1,0,0.352941176471,0.411764705882,0.235294117647,17,38,0.139705882353,2.09294117647,4.47058823529,3.16666666667,2.92307692308,1.62471716996,0.36342357749,0.179566563467,2.04723630062,0.915868871331,0.495356037152,1.88843227853,0.84482496671,0.461300309598,0.8705082187,0.415925793083,2.45,2.09294117647,0.8705082187,2.45,0.166339869281,0.0588235294118,3,0.00441176470588,0.161778499278,17,17,17,1,0,0.294117647059,0.470588235294,0.235294117647,1,0.00367647058824,0.210588235294,0.117647058824,-0.19696969697,0.0769230769231,-0.0686956736295,-0.0256036973876,-0.0143921010794,-0.0514327453931,-0.0483844741355,-0.0229269517195,0.00975940527302,-0.018349056137,-0.00928792569659,0.084310649607,-0.00174166549743,0.2,0.210588235294,0.084310649607,0.2,0,-0.00240096038415,0,0,-0.0241738816739,-0.0588235294118,0.0588235294118,0,37,1,0,234,1,0.995744680851,0.00425531914894,0,0.973684210526,1,0.986666666667,0.984652666406,0.995744680851,0.973684210526,3,2,0,0,0,0
2787,WLNM_dir_neg,1,0.5,00:00:00,10,70,10,1985449483,threshold_sweep,0.6,0.666666666667,1,0.8,2,1,0,3,1,0.75,0.25,0,0.666666666667,1,0.8,0.833333333333,0.5,0.666666666667,0.707106781187,0.75,37,35,2,0,37,0,35,0,2,17,37,0.136029411765,1.88235294118,4.35294117647,3.36363636364,2.84615384615,1.69341284359,0.389027274878,0.193958664547,2.09866904602,0.964253345467,0.518282988871,1.87867287326,0.863174022847,0.470588235294,0.786197569093,0.41766745858,2.25,1.88235294118,0.786197569093,2.25,0.166339869281,0.0612244897959,3,0.00441176470588,0.185952380952,17,17,17,1,0,0.352941176471,0.411764705882,0.235294117647,17,0.128676470588,1.90196078431,4.11764705882,3.18181818182,2.69230769231,1.57648156274,0.382859808093,0.201680672269,2.01465221053,0.978545359402,0.524369747899,1.74894926439,0.849489642704,0.463865546218,0.814492905316,0.428238537847,2.33333333333,1.90196078431,0.814492905316,2.33333333333,0,0,0,0,0.164242424242,17,17,17,1,0,0.352941176471,0.411764705882,0.235294117647,17,38,0.139705882353,2.09294117647,4.47058823529,3.16666666667,2.92307692308,1.62471716996,0.36342357749,0.179566563467,2.04723630062,0.915868871331,0.495356037152,1.88843227853,0.84482496671,0.461300309598,0.8705082187,0.415925793083,2.45,2.09294117647,0.8705082187,2.45,0.166339869281,0.0588235294118,3,0.00441176470588,0.161778499278,17,17,17,1,0,0.294117647059,0.470588235294,0.235294117647,1,0.00367647058824,0.210588235294,0.117647058824,-0.19696969697,0.0769230769231,-0.0686956736295,-0.0256036973876,-0.0143921010794,-0.0514327453931,-0.0483844741355,-0.0229269517195,0.00975940527302,-0.018349056137,-0.00928792569659,0.084310649607,-0.00174166549743,0.2,0.210588235294,0.084310649607,0.2,0,-0.00240096038415,0,0,-0.0241738816739,-0.0588235294118,0.0588235294118,0,37,1,0,234,1,0.995744680851,0.00425531914894,0,0.973684210526,1,0.986666666667,0.984652666406,0.995744680851,0.973684210526,3,2,0,0,0,0
2788,WLNM_dir_neg,1,0.5,00:00:00,10,70,10,1985449483,threshold_sweep,0.7,0.666666666667,1,0.8,2,1,0,3,1,0.75,0.25,0,0.666666666667,1,0.8,0.833333333333,0.5,0.666666666667,0.707106781187,0.75,37,35,2,0,37,0,35,0,2,17,37,0.136029411765,1.88235294118,4.35294117647,3.36363636364,2.84615384615,1.69341284359,0.389027274878,0.193958664547,2.09866904602,0.964253345467,0.518282988871,1.87867287326,0.863174022847,0.470588235294,0.786197569093,0.41766745858,2.25,1.88235294118,0.786197569093,2.25,0.166339869281,0.0612244897959,3,0.00441176470588,0.185952380952,17,17,17,1,0,0.352941176471,0.411764705882,0.235294117647,17,0.128676470588,1.90196078431,4.11764705882,3.18181818182,2.69230769231,1.57648156274,0.382859808093,0.201680672269,2.01465221053,0.978545359402,0.524369747899,1.74894926439,0.849489642704,0.463865546218,0.814492905316,0.428238537847,2.33333333333,1.90196078431,0.814492905316,2.33333333333,0,0,0,0,0.164242424242,17,17,17,1,0,0.352941176471,0.411764705882,0.235294117647,17,38,0.139705882353,2.09294117647,4.47058823529,3.16666666667,2.92307692308,1.62471716996,0.36342357749,0.179566563467,2.04723630062,0.915868871331,0.495356037152,1.88843227853,0.84482496671,0.461300309598,0.8705082187,0.415925793083,2.45,2.09294117647,0.8705082187,2.45,0.166339869281,0.0588235294118,3,0.00441176470588,0.161778499278,17,17,17,1,0,0.294117647059,0.470588235294,0.235294117647,1,0.00367647058824,0.210588235294,0.117647058824,-0.19696969697,0.0769230769231,-0.0686956736295,-0.0256036973876,-0.0143921010794,-0.0514327453931,-0.0483844741355,-0.0229269517195,0.00975940527302,-0.018349056137,-0.00928792569659,0.084310649607,-0.00174166549743,0.2,0.210588235294,0.084310649607,0.2,0,-0.00240096038415,0,0,-0.0241738816739,-0.0588235294118,0.0588235294118,0,37,1,0,234,1,0.995744680851,0.00425531914894,0,0.973684210526,1,0.986666666667,0.984652666406,0.995744680851,0.973684210526,3,2,0,0,0,0
2789,WLNM_dir_neg,1,0.5,00:00:00,10,70,10,1985449483,threshold_sweep,0.8,0.666666666667,1,0.8,2,1,0,3,1,0.75,0.25,0,0.666666666667,1,0.8,0.833333333333,0.5,0.666666666667,0.707106781187,0.75,37,35,2,0,37,0,35,0,2,17,37,0.136029411765,1.88235294118,4.35294117647,3.36363636364,2.84615384615,1.69341284359,0.389027274878,0.193958664547,2.09866904602,0.964253345467,0.518282988871,1.87867287326,0.863174022847,0.470588235294,0.786197569093,0.41766745858,2.25,1.88235294118,0.786197569093,2.25,0.166339869281,0.0612244897959,3,0.00441176470588,0.185952380952,17,17,17,1,0,0.352941176471,0.411764705882,0.235294117647,17,0.128676470588,1.90196078431,4.11764705882,3.18181818182,2.69230769231,1.57648156274,0.382859808093,0.201680672269,2.01465221053,0.978545359402,0.524369747899,1.74894926439,0.849489642704,0.463865546218,0.814492905316,0.428238537847,2.33333333333,1.90196078431,0.814492905316,2.33333333333,0,0,0,0,0.164242424242,17,17,17,1,0,0.352941176471,0.411764705882,0.235294117647,17,38,0.139705882353,2.09294117647,4.47058823529,3.16666666667,2.92307692308,1.62471716996,0.36342357749,0.179566563467,2.04723630062,0.915868871331,0.495356037152,1.88843227853,0.84482496671,0.461300309598,0.8705082187,0.415925793083,2.45,2.09294117647,0.8705082187,2.45,0.166339869281,0.0588235294118,3,0.00441176470588,0.161778499278,17,17,17,1,0,0.294117647059,0.470588235294,0.235294117647,1,0.00367647058824,0.210588235294,0.117647058824,-0.19696969697,0.0769230769231,-0.0686956736295,-0.0256036973876,-0.0143921010794,-0.0514327453931,-0.0483844741355,-0.0229269517195,0.00975940527302,-0.018349056137,-0.00928792569659,0.084310649607,-0.00174166549743,0.2,0.210588235294,0.084310649607,0.2,0,-0.00240096038415,0,0,-0.0241738816739,-0.0588235294118,0.0588235294118,0,37,1,0,234,1,0.995744680851,0.00425531914894,0,0.973684210526,1,0.986666666667,0.984652666406,0.995744680851,0.973684210526,3,2,0,0,0,0
2790,WLNM_dir_neg,1,0.5,00:00:00,10,70,10,1985449483,threshold_sweep,0.9,0.666666666667,1,0.8,2,1,0,3,1,0.75,0.25,0,0.666666666667,1,0.8,0.833333333333,0.5,0.666666666667,0.707106781187,0.75,37,35,2,0,37,0,35,0,2,17,37,0.136029411765,1.88235294118,4.35294117647,3.36363636364,2.84615384615,1.69341284359,0.389027274878,0.193958664547,2.09866904602,0.964253345467,0.518282988871,1.87867287326,0.863174022847,0.470588235294,0.786197569093,0.41766745858,2.25,1.88235294118,0.786197569093,2.25,0.166339869281,0.0612244897959,3,0.00441176470588,0.185952380952,17,17,17,1,0,0.352941176471,0.411764705882,0.235294117647,17,0.128676470588,1.90196078431,4.11764705882,3.18181818182,2.69230769231,1.57648156274,0.382859808093,0.201680672269,2.01465221053,0.978545359402,0.524369747899,1.74894926439,0.849489642704,0.463865546218,0.814492905316,0.428238537847,2.33333333333,1.90196078431,0.814492905316,2.33333333333,0,0,0,0,0.164242424242,17,17,17,1,0,0.352941176471,0.411764705882,0.235294117647,17,38,0.139705882353,2.09294117647,4.47058823529,3.16666666667,2.92307692308,1.62471716996,0.36342357749,0.179566563467,2.04723630062,0.915868871331,0.495356037152,1.88843227853,0.84482496671,0.461300309598,0.8705082187,0.415925793083,2.45,2.09294117647,0.8705082187,2.45,0.166339869281,0.0588235294118,3,0.00441176470588,0.161778499278,17,17,17,1,0,0.294117647059,0.470588235294,0.235294117647,1,0.00367647058824,0.210588235294,0.117647058824,-0.19696969697,0.0769230769231,-0.0686956736295,-0.0256036973876,-0.0143921010794,-0.0514327453931,-0.0483844741355,-0.0229269517195,0.00975940527302,-0.018349056137,-0.00928792569659,0.084310649607,-0.00174166549743,0.2,0.210588235294,0.084310649607,0.2,0,-0.00240096038415,0,0,-0.0241738816739,-0.0588235294118,0.0588235294118,0,37,1,0,234,1,0.995744680851,0.00425531914894,0,0.973684210526,1,0.986666666667,0.984652666406,0.995744680851,0.973684210526,3,2,0,0,0,0
2791,WLNM_dir_neg,1,0.5,00:00:00,10,70,11,1985449484,threshold_sweep,0.1,0.666666666667,1,0.8,2,1,0,3,1,0.75,0.25,0,0.666666666667,1,0.8,0.833333333333,0.5,0.666666666667,0.707106781187,0.75,37,35,2,0,37,0,35,0,2,17,37,0.136029411765,1.88235294118,4.35294117647,3.36363636364,2.84615384615,1.69341284359,0.389027274878,0.193958664547,2.09866904602,0.964253345467,0.518282988871,1.87867287326,0.863174022847,0.470588235294,0.786197569093,0.41766745858,2.25,1.88235294118,0.786197569093,2.25,0.166339869281,0.0612244897959,3,0.00441176470588,0.185952380952,17,17,17,1,0,0.352941176471,0.411764705882,0.235294117647,17,0.128676470588,1.90196078431,4.11764705882,3.18181818182,2.69230769231,1.57648156274,0.382859808093,0.201680672269,2.01465221053,0.978545359402,0.524369747899,1.74894926439,0.849489642704,0.463865546218,0.814492905316,0.428238537847,2.33333333333,1.90196078431,0.814492905316,2.33333333333,0,0,0,0,0.164242424242,17,17,17,1,0,0.352941176471,0.411764705882,0.235294117647,17,38,0.139705882353,1.89411764706,4.47058823529,3.45454545455,2.71428571429,1.80684971217,0.404163751405,0.208978328173,2.19457888229,0.981785289445,0.529411764706,1.82103719638,0.814674535221,0.442724458204,0.791753091258,0.418006290416,2.25,1.89411764706,0.791753091258,2.25,0.234407096172,0.132911392405,7,0.0102941176471,0.177388167388,17,17,17,1,0,0.352941176471,0.470588235294,0.176470588235,1,0.00367647058824,0.0117647058824,0.117647058824,0.0909090909091,-0.131868131868,0.113436868579,0.0151364765275,0.0150196636265,0.0959098362728,0.0175319439782,0.0111287758347,-0.0576356768785,-0.0484994876259,-0.0278637770898,0.00555552216527,0.000338831835203,0,0.0117647058824,0.00555552216527,0,0.0680672268908,0.0716869026091,4,0.00588235294118,-0.00856421356421,0,0.0588235294118,-0.0588235294118,37,1,0,234,1,0.995744680851,0.00425531914894,0,0.973684210526,1,0.986666666667,0.984652666406,0.995744680851,0.973684210526,3,2,0,0,0,0
2792,WLNM_dir_neg,1,0.5,00:00:00,10,70,11,1985449484,threshold_sweep,0.2,1,1,1,2,0,0,4,1,1,0,0,1,1,1,1,0.555555555556,1,1,1,37,35,2,0,37,0,35,0,2,17,37,0.136029411765,1.88235294118,4.35294117647,3.36363636364,2.84615384615,1.69341284359,0.389027274878,0.193958664547,2.09866904602,0.964253345467,0.518282988871,1.87867287326,0.863174022847,0.470588235294,0.786197569093,0.41766745858,2.25,1.88235294118,0.786197569093,2.25,0.166339869281,0.0612244897959,3,0.00441176470588,0.185952380952,17,17,17,1,0,0.352941176471,0.411764705882,0.235294117647,17,0.128676470588,1.90196078431,4.11764705882,3.18181818182,2.69230769231,1.57648156274,0.382859808093,0.201680672269,2.01465221053,0.978545359402,0.524369747899,1.74894926439,0.849489642704,0.463865546218,0.814492905316,0.428238537847,2.33333333333,1.90196078431,0.814492905316,2.33333333333,0,0,0,0,0.164242424242,17,17,17,1,0,0.352941176471,0.411764705882,0.235294117647,17,37,0.136029411765,1.88235294118,4.35294117647,3.36363636364,2.84615384615,1.69341284359,0.389027274878,0.193958664547,2.09866904602,0.964253345467,0.518282988871,1.87867287326,0.863174022847,0.470588235294,0.786197569093,0.41766745858,2.25,1.88235294118,0.786197569093,2.25,0.166339869281,0.0612244897959,3,0.00441176470588,0.185952380952,17,17,17,1,0,0.352941176471,0.411764705882,0.235294117647,0,0,0,0,0,0,0,0,0,0,0,0,0,0,0,0,0,0,0,0,0,0,0,0,0,0,0,0,0,37,0,0,235,1,1,0,0,1,1,1,1,1,1,2,2,0,0,0,0
2793,WLNM_dir_neg,1,0.5,00:00:00,10,70,11,1985449484,threshold_sweep,0.3,1,1,1,2,0,0,4,1,1,0,0,1,1,1,1,0.555555555556,1,1,1,37,35,2,0,37,0,35,0,2,17,37,0.136029411765,1.88235294118,4.35294117647,3.36363636364,2.84615384615,1.69341284359,0.389027274878,0.193958664547,2.09866904602,0.964253345467,0.518282988871,1.87867287326,0.863174022847,0.470588235294,0.786197569093,0.41766745858,2.25,1.88235294118,0.786197569093,2.25,0.166339869281,0.0612244897959,3,0.00441176470588,0.185952380952,17,17,17,1,0,0.352941176471,0.411764705882,0.235294117647,17,0.128676470588,1.90196078431,4.11764705882,3.18181818182,2.69230769231,1.57648156274,0.382859808093,0.201680672269,2.01465221053,0.978545359402,0.524369747899,1.74894926439,0.849489642704,0.463865546218,0.814492905316,0.428238537847,2.33333333333,1.90196078431,0.814492905316,2.33333333333,0,0,0,0,0.164242424242,17,17,17,1,0,0.352941176471,0.411764705882,0.235294117647,17,37,0.136029411765,1.88235294118,4.35294117647,3.36363636364,2.84615384615,1.69341284359,0.389027274878,0.193958664547,2.09866904602,0.964253345467,0.518282988871,1.87867287326,0.863174022847,0.470588235294,0.786197569093,0.41766745858,2.25,1.88235294118,0.786197569093,2.25,0.166339869281,0.0612244897959,3,0.00441176470588,0.185952380952,17,17,17,1,0,0.352941176471,0.411764705882,0.235294117647,0,0,0,0,0,0,0,0,0,0,0,0,0,0,0,0,0,0,0,0,0,0,0,0,0,0,0,0,0,37,0,0,235,1,1,0,0,1,1,1,1,1,1,2,2,0,0,0,0
2794,WLNM_dir_neg,1,0.5,00:00:00,10,70,11,1985449484,threshold_sweep,0.4,1,1,1,2,0,0,4,1,1,0,0,1,1,1,1,0.555555555556,1,1,1,37,35,2,0,37,0,35,0,2,17,37,0.136029411765,1.88235294118,4.35294117647,3.36363636364,2.84615384615,1.69341284359,0.389027274878,0.193958664547,2.09866904602,0.964253345467,0.518282988871,1.87867287326,0.863174022847,0.470588235294,0.786197569093,0.41766745858,2.25,1.88235294118,0.786197569093,2.25,0.166339869281,0.0612244897959,3,0.00441176470588,0.185952380952,17,17,17,1,0,0.352941176471,0.411764705882,0.235294117647,17,0.128676470588,1.90196078431,4.11764705882,3.18181818182,2.69230769231,1.57648156274,0.382859808093,0.201680672269,2.01465221053,0.978545359402,0.524369747899,1.74894926439,0.849489642704,0.463865546218,0.814492905316,0.428238537847,2.33333333333,1.90196078431,0.814492905316,2.33333333333,0,0,0,0,0.164242424242,17,17,17,1,0,0.352941176471,0.411764705882,0.235294117647,17,37,0.136029411765,1.88235294118,4.35294117647,3.36363636364,2.84615384615,1.69341284359,0.389027274878,0.193958664547,2.09866904602,0.964253345467,0.518282988871,1.87867287326,0.863174022847,0.470588235294,0.786197569093,0.41766745858,2.25,1.88235294118,0.786197569093,2.25,0.166339869281,0.0612244897959,3,0.00441176470588,0.185952380952,17,17,17,1,0,0.352941176471,0.411764705882,0.235294117647,0,0,0,0,0,0,0,0,0,0,0,0,0,0,0,0,0,0,0,0,0,0,0,0,0,0,0,0,0,37,0,0,235,1,1,0,0,1,1,1,1,1,1,2,2,0,0,0,0
2795,WLNM_dir_neg,1,0.5,00:00:00,10,70,11,1985449484,threshold_sweep,0.5,1,1,1,2,0,0,4,1,1,0,0,1,1,1,1,0.555555555556,1,1,1,37,35,2,0,37,0,35,0,2,17,37,0.136029411765,1.88235294118,4.35294117647,3.36363636364,2.84615384615,1.69341284359,0.389027274878,0.193958664547,2.09866904602,0.964253345467,0.518282988871,1.87867287326,0.863174022847,0.470588235294,0.786197569093,0.41766745858,2.25,1.88235294118,0.786197569093,2.25,0.166339869281,0.0612244897959,3,0.00441176470588,0.185952380952,17,17,17,1,0,0.352941176471,0.411764705882,0.235294117647,17,0.128676470588,1.90196078431,4.11764705882,3.18181818182,2.69230769231,1.57648156274,0.382859808093,0.201680672269,2.01465221053,0.978545359402,0.524369747899,1.74894926439,0.849489642704,0.463865546218,0.814492905316,0.428238537847,2.33333333333,1.90196078431,0.814492905316,2.33333333333,0,0,0,0,0.164242424242,17,17,17,1,0,0.352941176471,0.411764705882,0.235294117647,17,37,0.136029411765,1.88235294118,4.35294117647,3.36363636364,2.84615384615,1.69341284359,0.389027274878,0.193958664547,2.09866904602,0.964253345467,0.518282988871,1.87867287326,0.863174022847,0.470588235294,0.786197569093,0.41766745858,2.25,1.88235294118,0.786197569093,2.25,0.166339869281,0.0612244897959,3,0.00441176470588,0.185952380952,17,17,17,1,0,0.352941176471,0.411764705882,0.235294117647,0,0,0,0,0,0,0,0,0,0,0,0,0,0,0,0,0,0,0,0,0,0,0,0,0,0,0,0,0,37,0,0,235,1,1,0,0,1,1,1,1,1,1,2,2,0,0,0,0
2796,WLNM_dir_neg,1,0.5,00:00:00,10,70,11,1985449484,threshold_sweep,0.6,1,1,1,2,0,0,4,1,1,0,0,1,1,1,1,0.555555555556,1,1,1,37,35,2,0,37,0,35,0,2,17,37,0.136029411765,1.88235294118,4.35294117647,3.36363636364,2.84615384615,1.69341284359,0.389027274878,0.193958664547,2.09866904602,0.964253345467,0.518282988871,1.87867287326,0.863174022847,0.470588235294,0.786197569093,0.41766745858,2.25,1.88235294118,0.786197569093,2.25,0.166339869281,0.0612244897959,3,0.00441176470588,0.185952380952,17,17,17,1,0,0.352941176471,0.411764705882,0.235294117647,17,0.128676470588,1.90196078431,4.11764705882,3.18181818182,2.69230769231,1.57648156274,0.382859808093,0.201680672269,2.01465221053,0.978545359402,0.524369747899,1.74894926439,0.849489642704,0.463865546218,0.814492905316,0.428238537847,2.33333333333,1.90196078431,0.814492905316,2.33333333333,0,0,0,0,0.164242424242,17,17,17,1,0,0.352941176471,0.411764705882,0.235294117647,17,37,0.136029411765,1.88235294118,4.35294117647,3.36363636364,2.84615384615,1.69341284359,0.389027274878,0.193958664547,2.09866904602,0.964253345467,0.518282988871,1.87867287326,0.863174022847,0.470588235294,0.786197569093,0.41766745858,2.25,1.88235294118,0.786197569093,2.25,0.166339869281,0.0612244897959,3,0.00441176470588,0.185952380952,17,17,17,1,0,0.352941176471,0.411764705882,0.235294117647,0,0,0,0,0,0,0,0,0,0,0,0,0,0,0,0,0,0,0,0,0,0,0,0,0,0,0,0,0,37,0,0,235,1,1,0,0,1,1,1,1,1,1,2,2,0,0,0,0
2797,WLNM_dir_neg,1,0.5,00:00:00,10,70,11,1985449484,threshold_sweep,0.7,1,1,1,2,0,0,4,1,1,0,0,1,1,1,1,0.555555555556,1,1,1,37,35,2,0,37,0,35,0,2,17,37,0.136029411765,1.88235294118,4.35294117647,3.36363636364,2.84615384615,1.69341284359,0.389027274878,0.193958664547,2.09866904602,0.964253345467,0.518282988871,1.87867287326,0.863174022847,0.470588235294,0.786197569093,0.41766745858,2.25,1.88235294118,0.786197569093,2.25,0.166339869281,0.0612244897959,3,0.00441176470588,0.185952380952,17,17,17,1,0,0.352941176471,0.411764705882,0.235294117647,17,0.128676470588,1.90196078431,4.11764705882,3.18181818182,2.69230769231,1.57648156274,0.382859808093,0.201680672269,2.01465221053,0.978545359402,0.524369747899,1.74894926439,0.849489642704,0.463865546218,0.814492905316,0.428238537847,2.33333333333,1.90196078431,0.814492905316,2.33333333333,0,0,0,0,0.164242424242,17,17,17,1,0,0.352941176471,0.411764705882,0.235294117647,17,37,0.136029411765,1.88235294118,4.35294117647,3.36363636364,2.84615384615,1.69341284359,0.389027274878,0.193958664547,2.09866904602,0.964253345467,0.518282988871,1.87867287326,0.863174022847,0.470588235294,0.786197569093,0.41766745858,2.25,1.88235294118,0.786197569093,2.25,0.166339869281,0.0612244897959,3,0.00441176470588,0.185952380952,17,17,17,1,0,0.352941176471,0.411764705882,0.235294117647,0,0,0,0,0,0,0,0,0,0,0,0,0,0,0,0,0,0,0,0,0,0,0,0,0,0,0,0,0,37,0,0,235,1,1,0,0,1,1,1,1,1,1,2,2,0,0,0,0
2798,WLNM_dir_neg,1,0.5,00:00:00,10,70,11,1985449484,threshold_sweep,0.8,1,1,1,2,0,0,4,1,1,0,0,1,1,1,1,0.555555555556,1,1,1,37,35,2,0,37,0,35,0,2,17,37,0.136029411765,1.88235294118,4.35294117647,3.36363636364,2.84615384615,1.69341284359,0.389027274878,0.193958664547,2.09866904602,0.964253345467,0.518282988871,1.87867287326,0.863174022847,0.470588235294,0.786197569093,0.41766745858,2.25,1.88235294118,0.786197569093,2.25,0.166339869281,0.0612244897959,3,0.00441176470588,0.185952380952,17,17,17,1,0,0.352941176471,0.411764705882,0.235294117647,17,0.128676470588,1.90196078431,4.11764705882,3.18181818182,2.69230769231,1.57648156274,0.382859808093,0.201680672269,2.01465221053,0.978545359402,0.524369747899,1.74894926439,0.849489642704,0.463865546218,0.814492905316,0.428238537847,2.33333333333,1.90196078431,0.814492905316,2.33333333333,0,0,0,0,0.164242424242,17,17,17,1,0,0.352941176471,0.411764705882,0.235294117647,17,37,0.136029411765,1.88235294118,4.35294117647,3.36363636364,2.84615384615,1.69341284359,0.389027274878,0.193958664547,2.09866904602,0.964253345467,0.518282988871,1.87867287326,0.863174022847,0.470588235294,0.786197569093,0.41766745858,2.25,1.88235294118,0.786197569093,2.25,0.166339869281,0.0612244897959,3,0.00441176470588,0.185952380952,17,17,17,1,0,0.352941176471,0.411764705882,0.235294117647,0,0,0,0,0,0,0,0,0,0,0,0,0,0,0,0,0,0,0,0,0,0,0,0,0,0,0,0,0,37,0,0,235,1,1,0,0,1,1,1,1,1,1,2,2,0,0,0,0
2799,WLNM_dir_neg,1,0.5,00:00:00,10,70,11,1985449484,threshold_sweep,0.9,1,1,1,2,0,0,4,1,1,0,0,1,1,1,1,0.555555555556,1,1,1,37,35,2,0,37,0,35,0,2,17,37,0.136029411765,1.88235294118,4.35294117647,3.36363636364,2.84615384615,1.69341284359,0.389027274878,0.193958664547,2.09866904602,0.964253345467,0.518282988871,1.87867287326,0.863174022847,0.470588235294,0.786197569093,0.41766745858,2.25,1.88235294118,0.786197569093,2.25,0.166339869281,0.0612244897959,3,0.00441176470588,0.185952380952,17,17,17,1,0,0.352941176471,0.411764705882,0.235294117647,17,0.128676470588,1.90196078431,4.11764705882,3.18181818182,2.69230769231,1.57648156274,0.382859808093,0.201680672269,2.01465221053,0.978545359402,0.524369747899,1.74894926439,0.849489642704,0.463865546218,0.814492905316,0.428238537847,2.33333333333,1.90196078431,0.814492905316,2.33333333333,0,0,0,0,0.164242424242,17,17,17,1,0,0.352941176471,0.411764705882,0.235294117647,17,37,0.136029411765,1.88235294118,4.35294117647,3.36363636364,2.84615384615,1.69341284359,0.389027274878,0.193958664547,2.09866904602,0.964253345467,0.518282988871,1.87867287326,0.863174022847,0.470588235294,0.786197569093,0.41766745858,2.25,1.88235294118,0.786197569093,2.25,0.166339869281,0.0612244897959,3,0.00441176470588,0.185952380952,17,17,17,1,0,0.352941176471,0.411764705882,0.235294117647,0,0,0,0,0,0,0,0,0,0,0,0,0,0,0,0,0,0,0,0,0,0,0,0,0,0,0,0,0,37,0,0,235,1,1,0,0,1,1,1,1,1,1,2,2,0,0,0,0
2800,WLNM_dir_neg,1,0.5,00:00:00,10,70,12,1985449485,threshold_sweep,0.1,1,1,1,2,0,0,4,1,1,0,0,1,1,1,1,0.555555555556,1,1,1,37,35,2,0,37,0,35,0,2,17,37,0.136029411765,1.88235294118,4.35294117647,3.36363636364,2.84615384615,1.69341284359,0.389027274878,0.193958664547,2.09866904602,0.964253345467,0.518282988871,1.87867287326,0.863174022847,0.470588235294,0.786197569093,0.41766745858,2.25,1.88235294118,0.786197569093,2.25,0.166339869281,0.0612244897959,3,0.00441176470588,0.185952380952,17,17,17,1,0,0.352941176471,0.411764705882,0.235294117647,17,0.128676470588,1.90196078431,4.11764705882,3.18181818182,2.69230769231,1.57648156274,0.382859808093,0.201680672269,2.01465221053,0.978545359402,0.524369747899,1.74894926439,0.849489642704,0.463865546218,0.814492905316,0.428238537847,2.33333333333,1.90196078431,0.814492905316,2.33333333333,0,0,0,0,0.164242424242,17,17,17,1,0,0.352941176471,0.411764705882,0.235294117647,17,37,0.136029411765,1.88235294118,4.35294117647,3.36363636364,2.84615384615,1.69341284359,0.389027274878,0.193958664547,2.09866904602,0.964253345467,0.518282988871,1.87867287326,0.863174022847,0.470588235294,0.786197569093,0.41766745858,2.25,1.88235294118,0.786197569093,2.25,0.166339869281,0.0612244897959,3,0.00441176470588,0.185952380952,17,17,17,1,0,0.352941176471,0.411764705882,0.235294117647,0,0,0,0,0,0,0,0,0,0,0,0,0,0,0,0,0,0,0,0,0,0,0,0,0,0,0,0,0,37,0,0,235,1,1,0,0,1,1,1,1,1,1,2,2,0,0,0,0
2801,WLNM_dir_neg,1,0.5,00:00:00,10,70,12,1985449485,threshold_sweep,0.2,1,1,1,2,0,0,4,1,1,0,0,1,1,1,1,0.555555555556,1,1,1,37,35,2,0,37,0,35,0,2,17,37,0.136029411765,1.88235294118,4.35294117647,3.36363636364,2.84615384615,1.69341284359,0.389027274878,0.193958664547,2.09866904602,0.964253345467,0.518282988871,1.87867287326,0.863174022847,0.470588235294,0.786197569093,0.41766745858,2.25,1.88235294118,0.786197569093,2.25,0.166339869281,0.0612244897959,3,0.00441176470588,0.185952380952,17,17,17,1,0,0.352941176471,0.411764705882,0.235294117647,17,0.128676470588,1.90196078431,4.11764705882,3.18181818182,2.69230769231,1.57648156274,0.382859808093,0.201680672269,2.01465221053,0.978545359402,0.524369747899,1.74894926439,0.849489642704,0.463865546218,0.814492905316,0.428238537847,2.33333333333,1.90196078431,0.814492905316,2.33333333333,0,0,0,0,0.164242424242,17,17,17,1,0,0.352941176471,0.411764705882,0.235294117647,17,37,0.136029411765,1.88235294118,4.35294117647,3.36363636364,2.84615384615,1.69341284359,0.389027274878,0.193958664547,2.09866904602,0.964253345467,0.518282988871,1.87867287326,0.863174022847,0.470588235294,0.786197569093,0.41766745858,2.25,1.88235294118,0.786197569093,2.25,0.166339869281,0.0612244897959,3,0.00441176470588,0.185952380952,17,17,17,1,0,0.352941176471,0.411764705882,0.235294117647,0,0,0,0,0,0,0,0,0,0,0,0,0,0,0,0,0,0,0,0,0,0,0,0,0,0,0,0,0,37,0,0,235,1,1,0,0,1,1,1,1,1,1,2,2,0,0,0,0
2802,WLNM_dir_neg,1,0.5,00:00:00,10,70,12,1985449485,threshold_sweep,0.3,1,1,1,2,0,0,4,1,1,0,0,1,1,1,1,0.555555555556,1,1,1,37,35,2,0,37,0,35,0,2,17,37,0.136029411765,1.88235294118,4.35294117647,3.36363636364,2.84615384615,1.69341284359,0.389027274878,0.193958664547,2.09866904602,0.964253345467,0.518282988871,1.87867287326,0.863174022847,0.470588235294,0.786197569093,0.41766745858,2.25,1.88235294118,0.786197569093,2.25,0.166339869281,0.0612244897959,3,0.00441176470588,0.185952380952,17,17,17,1,0,0.352941176471,0.411764705882,0.235294117647,17,0.128676470588,1.90196078431,4.11764705882,3.18181818182,2.69230769231,1.57648156274,0.382859808093,0.201680672269,2.01465221053,0.978545359402,0.524369747899,1.74894926439,0.849489642704,0.463865546218,0.814492905316,0.428238537847,2.33333333333,1.90196078431,0.814492905316,2.33333333333,0,0,0,0,0.164242424242,17,17,17,1,0,0.352941176471,0.411764705882,0.235294117647,17,37,0.136029411765,1.88235294118,4.35294117647,3.36363636364,2.84615384615,1.69341284359,0.389027274878,0.193958664547,2.09866904602,0.964253345467,0.518282988871,1.87867287326,0.863174022847,0.470588235294,0.786197569093,0.41766745858,2.25,1.88235294118,0.786197569093,2.25,0.166339869281,0.0612244897959,3,0.00441176470588,0.185952380952,17,17,17,1,0,0.352941176471,0.411764705882,0.235294117647,0,0,0,0,0,0,0,0,0,0,0,0,0,0,0,0,0,0,0,0,0,0,0,0,0,0,0,0,0,37,0,0,235,1,1,0,0,1,1,1,1,1,1,2,2,0,0,0,0
2803,WLNM_dir_neg,1,0.5,00:00:00,10,70,12,1985449485,threshold_sweep,0.4,1,1,1,2,0,0,4,1,1,0,0,1,1,1,1,0.555555555556,1,1,1,37,35,2,0,37,0,35,0,2,17,37,0.136029411765,1.88235294118,4.35294117647,3.36363636364,2.84615384615,1.69341284359,0.389027274878,0.193958664547,2.09866904602,0.964253345467,0.518282988871,1.87867287326,0.863174022847,0.470588235294,0.786197569093,0.41766745858,2.25,1.88235294118,0.786197569093,2.25,0.166339869281,0.0612244897959,3,0.00441176470588,0.185952380952,17,17,17,1,0,0.352941176471,0.411764705882,0.235294117647,17,0.128676470588,1.90196078431,4.11764705882,3.18181818182,2.69230769231,1.57648156274,0.382859808093,0.201680672269,2.01465221053,0.978545359402,0.524369747899,1.74894926439,0.849489642704,0.463865546218,0.814492905316,0.428238537847,2.33333333333,1.90196078431,0.814492905316,2.33333333333,0,0,0,0,0.164242424242,17,17,17,1,0,0.352941176471,0.411764705882,0.235294117647,17,37,0.136029411765,1.88235294118,4.35294117647,3.36363636364,2.84615384615,1.69341284359,0.389027274878,0.193958664547,2.09866904602,0.964253345467,0.518282988871,1.87867287326,0.863174022847,0.470588235294,0.786197569093,0.41766745858,2.25,1.88235294118,0.786197569093,2.25,0.166339869281,0.0612244897959,3,0.00441176470588,0.185952380952,17,17,17,1,0,0.352941176471,0.411764705882,0.235294117647,0,0,0,0,0,0,0,0,0,0,0,0,0,0,0,0,0,0,0,0,0,0,0,0,0,0,0,0,0,37,0,0,235,1,1,0,0,1,1,1,1,1,1,2,2,0,0,0,0
2804,WLNM_dir_neg,1,0.5,00:00:00,10,70,12,1985449485,threshold_sweep,0.5,1,1,1,2,0,0,4,1,1,0,0,1,1,1,1,0.555555555556,1,1,1,37,35,2,0,37,0,35,0,2,17,37,0.136029411765,1.88235294118,4.35294117647,3.36363636364,2.84615384615,1.69341284359,0.389027274878,0.193958664547,2.09866904602,0.964253345467,0.518282988871,1.87867287326,0.863174022847,0.470588235294,0.786197569093,0.41766745858,2.25,1.88235294118,0.786197569093,2.25,0.166339869281,0.0612244897959,3,0.00441176470588,0.185952380952,17,17,17,1,0,0.352941176471,0.411764705882,0.235294117647,17,0.128676470588,1.90196078431,4.11764705882,3.18181818182,2.69230769231,1.57648156274,0.382859808093,0.201680672269,2.01465221053,0.978545359402,0.524369747899,1.74894926439,0.849489642704,0.463865546218,0.814492905316,0.428238537847,2.33333333333,1.90196078431,0.814492905316,2.33333333333,0,0,0,0,0.164242424242,17,17,17,1,0,0.352941176471,0.411764705882,0.235294117647,17,37,0.136029411765,1.88235294118,4.35294117647,3.36363636364,2.84615384615,1.69341284359,0.389027274878,0.193958664547,2.09866904602,0.964253345467,0.518282988871,1.87867287326,0.863174022847,0.470588235294,0.786197569093,0.41766745858,2.25,1.88235294118,0.786197569093,2.25,0.166339869281,0.0612244897959,3,0.00441176470588,0.185952380952,17,17,17,1,0,0.352941176471,0.411764705882,0.235294117647,0,0,0,0,0,0,0,0,0,0,0,0,0,0,0,0,0,0,0,0,0,0,0,0,0,0,0,0,0,37,0,0,235,1,1,0,0,1,1,1,1,1,1,2,2,0,0,0,0
2805,WLNM_dir_neg,1,0.5,00:00:00,10,70,12,1985449485,threshold_sweep,0.6,1,1,1,2,0,0,4,1,1,0,0,1,1,1,1,0.555555555556,1,1,1,37,35,2,0,37,0,35,0,2,17,37,0.136029411765,1.88235294118,4.35294117647,3.36363636364,2.84615384615,1.69341284359,0.389027274878,0.193958664547,2.09866904602,0.964253345467,0.518282988871,1.87867287326,0.863174022847,0.470588235294,0.786197569093,0.41766745858,2.25,1.88235294118,0.786197569093,2.25,0.166339869281,0.0612244897959,3,0.00441176470588,0.185952380952,17,17,17,1,0,0.352941176471,0.411764705882,0.235294117647,17,0.128676470588,1.90196078431,4.11764705882,3.18181818182,2.69230769231,1.57648156274,0.382859808093,0.201680672269,2.01465221053,0.978545359402,0.524369747899,1.74894926439,0.849489642704,0.463865546218,0.814492905316,0.428238537847,2.33333333333,1.90196078431,0.814492905316,2.33333333333,0,0,0,0,0.164242424242,17,17,17,1,0,0.352941176471,0.411764705882,0.235294117647,17,37,0.136029411765,1.88235294118,4.35294117647,3.36363636364,2.84615384615,1.69341284359,0.389027274878,0.193958664547,2.09866904602,0.964253345467,0.518282988871,1.87867287326,0.863174022847,0.470588235294,0.786197569093,0.41766745858,2.25,1.88235294118,0.786197569093,2.25,0.166339869281,0.0612244897959,3,0.00441176470588,0.185952380952,17,17,17,1,0,0.352941176471,0.411764705882,0.235294117647,0,0,0,0,0,0,0,0,0,0,0,0,0,0,0,0,0,0,0,0,0,0,0,0,0,0,0,0,0,37,0,0,235,1,1,0,0,1,1,1,1,1,1,2,2,0,0,0,0
2806,WLNM_dir_neg,1,0.5,00:00:00,10,70,12,1985449485,threshold_sweep,0.7,1,1,1,2,0,0,4,1,1,0,0,1,1,1,1,0.555555555556,1,1,1,37,35,2,0,37,0,35,0,2,17,37,0.136029411765,1.88235294118,4.35294117647,3.36363636364,2.84615384615,1.69341284359,0.389027274878,0.193958664547,2.09866904602,0.964253345467,0.518282988871,1.87867287326,0.863174022847,0.470588235294,0.786197569093,0.41766745858,2.25,1.88235294118,0.786197569093,2.25,0.166339869281,0.0612244897959,3,0.00441176470588,0.185952380952,17,17,17,1,0,0.352941176471,0.411764705882,0.235294117647,17,0.128676470588,1.90196078431,4.11764705882,3.18181818182,2.69230769231,1.57648156274,0.382859808093,0.201680672269,2.01465221053,0.978545359402,0.524369747899,1.74894926439,0.849489642704,0.463865546218,0.814492905316,0.428238537847,2.33333333333,1.90196078431,0.814492905316,2.33333333333,0,0,0,0,0.164242424242,17,17,17,1,0,0.352941176471,0.411764705882,0.235294117647,17,37,0.136029411765,1.88235294118,4.35294117647,3.36363636364,2.84615384615,1.69341284359,0.389027274878,0.193958664547,2.09866904602,0.964253345467,0.518282988871,1.87867287326,0.863174022847,0.470588235294,0.786197569093,0.41766745858,2.25,1.88235294118,0.786197569093,2.25,0.166339869281,0.0612244897959,3,0.00441176470588,0.185952380952,17,17,17,1,0,0.352941176471,0.411764705882,0.235294117647,0,0,0,0,0,0,0,0,0,0,0,0,0,0,0,0,0,0,0,0,0,0,0,0,0,0,0,0,0,37,0,0,235,1,1,0,0,1,1,1,1,1,1,2,2,0,0,0,0
2807,WLNM_dir_neg,1,0.5,00:00:00,10,70,12,1985449485,threshold_sweep,0.8,1,1,1,2,0,0,4,1,1,0,0,1,1,1,1,0.555555555556,1,1,1,37,35,2,0,37,0,35,0,2,17,37,0.136029411765,1.88235294118,4.35294117647,3.36363636364,2.84615384615,1.69341284359,0.389027274878,0.193958664547,2.09866904602,0.964253345467,0.518282988871,1.87867287326,0.863174022847,0.470588235294,0.786197569093,0.41766745858,2.25,1.88235294118,0.786197569093,2.25,0.166339869281,0.0612244897959,3,0.00441176470588,0.185952380952,17,17,17,1,0,0.352941176471,0.411764705882,0.235294117647,17,0.128676470588,1.90196078431,4.11764705882,3.18181818182,2.69230769231,1.57648156274,0.382859808093,0.201680672269,2.01465221053,0.978545359402,0.524369747899,1.74894926439,0.849489642704,0.463865546218,0.814492905316,0.428238537847,2.33333333333,1.90196078431,0.814492905316,2.33333333333,0,0,0,0,0.164242424242,17,17,17,1,0,0.352941176471,0.411764705882,0.235294117647,17,37,0.136029411765,1.88235294118,4.35294117647,3.36363636364,2.84615384615,1.69341284359,0.389027274878,0.193958664547,2.09866904602,0.964253345467,0.518282988871,1.87867287326,0.863174022847,0.470588235294,0.786197569093,0.41766745858,2.25,1.88235294118,0.786197569093,2.25,0.166339869281,0.0612244897959,3,0.00441176470588,0.185952380952,17,17,17,1,0,0.352941176471,0.411764705882,0.235294117647,0,0,0,0,0,0,0,0,0,0,0,0,0,0,0,0,0,0,0,0,0,0,0,0,0,0,0,0,0,37,0,0,235,1,1,0,0,1,1,1,1,1,1,2,2,0,0,0,0
2808,WLNM_dir_neg,1,0.5,00:00:00,10,70,12,1985449485,threshold_sweep,0.9,1,1,1,2,0,0,4,1,1,0,0,1,1,1,1,0.555555555556,1,1,1,37,35,2,0,37,0,35,0,2,17,37,0.136029411765,1.88235294118,4.35294117647,3.36363636364,2.84615384615,1.69341284359,0.389027274878,0.193958664547,2.09866904602,0.964253345467,0.518282988871,1.87867287326,0.863174022847,0.470588235294,0.786197569093,0.41766745858,2.25,1.88235294118,0.786197569093,2.25,0.166339869281,0.0612244897959,3,0.00441176470588,0.185952380952,17,17,17,1,0,0.352941176471,0.411764705882,0.235294117647,17,0.128676470588,1.90196078431,4.11764705882,3.18181818182,2.69230769231,1.57648156274,0.382859808093,0.201680672269,2.01465221053,0.978545359402,0.524369747899,1.74894926439,0.849489642704,0.463865546218,0.814492905316,0.428238537847,2.33333333333,1.90196078431,0.814492905316,2.33333333333,0,0,0,0,0.164242424242,17,17,17,1,0,0.352941176471,0.411764705882,0.235294117647,17,37,0.136029411765,1.88235294118,4.35294117647,3.36363636364,2.84615384615,1.69341284359,0.389027274878,0.193958664547,2.09866904602,0.964253345467,0.518282988871,1.87867287326,0.863174022847,0.470588235294,0.786197569093,0.41766745858,2.25,1.88235294118,0.786197569093,2.25,0.166339869281,0.0612244897959,3,0.00441176470588,0.185952380952,17,17,17,1,0,0.352941176471,0.411764705882,0.235294117647,0,0,0,0,0,0,0,0,0,0,0,0,0,0,0,0,0,0,0,0,0,0,0,0,0,0,0,0,0,37,0,0,235,1,1,0,0,1,1,1,1,1,1,2,2,0,0,0,0
2809,WLNM_dir_neg,1,0.5,00:00:00,10,70,13,1985449486,threshold_sweep,0.1,1,1,1,2,0,0,4,1,1,0,0,1,1,1,1,0.555555555556,1,1,1,37,35,2,0,37,0,35,0,2,17,37,0.136029411765,1.88235294118,4.35294117647,3.36363636364,2.84615384615,1.69341284359,0.389027274878,0.193958664547,2.09866904602,0.964253345467,0.518282988871,1.87867287326,0.863174022847,0.470588235294,0.786197569093,0.41766745858,2.25,1.88235294118,0.786197569093,2.25,0.166339869281,0.0612244897959,3,0.00441176470588,0.185952380952,17,17,17,1,0,0.352941176471,0.411764705882,0.235294117647,17,0.128676470588,1.90196078431,4.11764705882,3.18181818182,2.69230769231,1.57648156274,0.382859808093,0.201680672269,2.01465221053,0.978545359402,0.524369747899,1.74894926439,0.849489642704,0.463865546218,0.814492905316,0.428238537847,2.33333333333,1.90196078431,0.814492905316,2.33333333333,0,0,0,0,0.164242424242,17,17,17,1,0,0.352941176471,0.411764705882,0.235294117647,17,37,0.136029411765,1.88235294118,4.35294117647,3.36363636364,2.84615384615,1.69341284359,0.389027274878,0.193958664547,2.09866904602,0.964253345467,0.518282988871,1.87867287326,0.863174022847,0.470588235294,0.786197569093,0.41766745858,2.25,1.88235294118,0.786197569093,2.25,0.166339869281,0.0612244897959,3,0.00441176470588,0.185952380952,17,17,17,1,0,0.352941176471,0.411764705882,0.235294117647,0,0,0,0,0,0,0,0,0,0,0,0,0,0,0,0,0,0,0,0,0,0,0,0,0,0,0,0,0,37,0,0,235,1,1,0,0,1,1,1,1,1,1,2,2,0,0,0,0
2810,WLNM_dir_neg,1,0.5,00:00:00,10,70,13,1985449486,threshold_sweep,0.2,1,1,1,2,0,0,4,1,1,0,0,1,1,1,1,0.555555555556,1,1,1,37,35,2,0,37,0,35,0,2,17,37,0.136029411765,1.88235294118,4.35294117647,3.36363636364,2.84615384615,1.69341284359,0.389027274878,0.193958664547,2.09866904602,0.964253345467,0.518282988871,1.87867287326,0.863174022847,0.470588235294,0.786197569093,0.41766745858,2.25,1.88235294118,0.786197569093,2.25,0.166339869281,0.0612244897959,3,0.00441176470588,0.185952380952,17,17,17,1,0,0.352941176471,0.411764705882,0.235294117647,17,0.128676470588,1.90196078431,4.11764705882,3.18181818182,2.69230769231,1.57648156274,0.382859808093,0.201680672269,2.01465221053,0.978545359402,0.524369747899,1.74894926439,0.849489642704,0.463865546218,0.814492905316,0.428238537847,2.33333333333,1.90196078431,0.814492905316,2.33333333333,0,0,0,0,0.164242424242,17,17,17,1,0,0.352941176471,0.411764705882,0.235294117647,17,37,0.136029411765,1.88235294118,4.35294117647,3.36363636364,2.84615384615,1.69341284359,0.389027274878,0.193958664547,2.09866904602,0.964253345467,0.518282988871,1.87867287326,0.863174022847,0.470588235294,0.786197569093,0.41766745858,2.25,1.88235294118,0.786197569093,2.25,0.166339869281,0.0612244897959,3,0.00441176470588,0.185952380952,17,17,17,1,0,0.352941176471,0.411764705882,0.235294117647,0,0,0,0,0,0,0,0,0,0,0,0,0,0,0,0,0,0,0,0,0,0,0,0,0,0,0,0,0,37,0,0,235,1,1,0,0,1,1,1,1,1,1,2,2,0,0,0,0
2811,WLNM_dir_neg,1,0.5,00:00:00,10,70,13,1985449486,threshold_sweep,0.3,1,1,1,2,0,0,4,1,1,0,0,1,1,1,1,0.555555555556,1,1,1,37,35,2,0,37,0,35,0,2,17,37,0.136029411765,1.88235294118,4.35294117647,3.36363636364,2.84615384615,1.69341284359,0.389027274878,0.193958664547,2.09866904602,0.964253345467,0.518282988871,1.87867287326,0.863174022847,0.470588235294,0.786197569093,0.41766745858,2.25,1.88235294118,0.786197569093,2.25,0.166339869281,0.0612244897959,3,0.00441176470588,0.185952380952,17,17,17,1,0,0.352941176471,0.411764705882,0.235294117647,17,0.128676470588,1.90196078431,4.11764705882,3.18181818182,2.69230769231,1.57648156274,0.382859808093,0.201680672269,2.01465221053,0.978545359402,0.524369747899,1.74894926439,0.849489642704,0.463865546218,0.814492905316,0.428238537847,2.33333333333,1.90196078431,0.814492905316,2.33333333333,0,0,0,0,0.164242424242,17,17,17,1,0,0.352941176471,0.411764705882,0.235294117647,17,37,0.136029411765,1.88235294118,4.35294117647,3.36363636364,2.84615384615,1.69341284359,0.389027274878,0.193958664547,2.09866904602,0.964253345467,0.518282988871,1.87867287326,0.863174022847,0.470588235294,0.786197569093,0.41766745858,2.25,1.88235294118,0.786197569093,2.25,0.166339869281,0.0612244897959,3,0.00441176470588,0.185952380952,17,17,17,1,0,0.352941176471,0.411764705882,0.235294117647,0,0,0,0,0,0,0,0,0,0,0,0,0,0,0,0,0,0,0,0,0,0,0,0,0,0,0,0,0,37,0,0,235,1,1,0,0,1,1,1,1,1,1,2,2,0,0,0,0
2812,WLNM_dir_neg,1,0.5,00:00:00,10,70,13,1985449486,threshold_sweep,0.4,1,1,1,2,0,0,4,1,1,0,0,1,1,1,1,0.555555555556,1,1,1,37,35,2,0,37,0,35,0,2,17,37,0.136029411765,1.88235294118,4.35294117647,3.36363636364,2.84615384615,1.69341284359,0.389027274878,0.193958664547,2.09866904602,0.964253345467,0.518282988871,1.87867287326,0.863174022847,0.470588235294,0.786197569093,0.41766745858,2.25,1.88235294118,0.786197569093,2.25,0.166339869281,0.0612244897959,3,0.00441176470588,0.185952380952,17,17,17,1,0,0.352941176471,0.411764705882,0.235294117647,17,0.128676470588,1.90196078431,4.11764705882,3.18181818182,2.69230769231,1.57648156274,0.382859808093,0.201680672269,2.01465221053,0.978545359402,0.524369747899,1.74894926439,0.849489642704,0.463865546218,0.814492905316,0.428238537847,2.33333333333,1.90196078431,0.814492905316,2.33333333333,0,0,0,0,0.164242424242,17,17,17,1,0,0.352941176471,0.411764705882,0.235294117647,17,37,0.136029411765,1.88235294118,4.35294117647,3.36363636364,2.84615384615,1.69341284359,0.389027274878,0.193958664547,2.09866904602,0.964253345467,0.518282988871,1.87867287326,0.863174022847,0.470588235294,0.786197569093,0.41766745858,2.25,1.88235294118,0.786197569093,2.25,0.166339869281,0.0612244897959,3,0.00441176470588,0.185952380952,17,17,17,1,0,0.352941176471,0.411764705882,0.235294117647,0,0,0,0,0,0,0,0,0,0,0,0,0,0,0,0,0,0,0,0,0,0,0,0,0,0,0,0,0,37,0,0,235,1,1,0,0,1,1,1,1,1,1,2,2,0,0,0,0
2813,WLNM_dir_neg,1,0.5,00:00:00,10,70,13,1985449486,threshold_sweep,0.5,1,1,1,2,0,0,4,1,1,0,0,1,1,1,1,0.555555555556,1,1,1,37,35,2,0,37,0,35,0,2,17,37,0.136029411765,1.88235294118,4.35294117647,3.36363636364,2.84615384615,1.69341284359,0.389027274878,0.193958664547,2.09866904602,0.964253345467,0.518282988871,1.87867287326,0.863174022847,0.470588235294,0.786197569093,0.41766745858,2.25,1.88235294118,0.786197569093,2.25,0.166339869281,0.0612244897959,3,0.00441176470588,0.185952380952,17,17,17,1,0,0.352941176471,0.411764705882,0.235294117647,17,0.128676470588,1.90196078431,4.11764705882,3.18181818182,2.69230769231,1.57648156274,0.382859808093,0.201680672269,2.01465221053,0.978545359402,0.524369747899,1.74894926439,0.849489642704,0.463865546218,0.814492905316,0.428238537847,2.33333333333,1.90196078431,0.814492905316,2.33333333333,0,0,0,0,0.164242424242,17,17,17,1,0,0.352941176471,0.411764705882,0.235294117647,17,37,0.136029411765,1.88235294118,4.35294117647,3.36363636364,2.84615384615,1.69341284359,0.389027274878,0.193958664547,2.09866904602,0.964253345467,0.518282988871,1.87867287326,0.863174022847,0.470588235294,0.786197569093,0.41766745858,2.25,1.88235294118,0.786197569093,2.25,0.166339869281,0.0612244897959,3,0.00441176470588,0.185952380952,17,17,17,1,0,0.352941176471,0.411764705882,0.235294117647,0,0,0,0,0,0,0,0,0,0,0,0,0,0,0,0,0,0,0,0,0,0,0,0,0,0,0,0,0,37,0,0,235,1,1,0,0,1,1,1,1,1,1,2,2,0,0,0,0
2814,WLNM_dir_neg,1,0.5,00:00:00,10,70,13,1985449486,threshold_sweep,0.6,1,1,1,2,0,0,4,1,1,0,0,1,1,1,1,0.555555555556,1,1,1,37,35,2,0,37,0,35,0,2,17,37,0.136029411765,1.88235294118,4.35294117647,3.36363636364,2.84615384615,1.69341284359,0.389027274878,0.193958664547,2.09866904602,0.964253345467,0.518282988871,1.87867287326,0.863174022847,0.470588235294,0.786197569093,0.41766745858,2.25,1.88235294118,0.786197569093,2.25,0.166339869281,0.0612244897959,3,0.00441176470588,0.185952380952,17,17,17,1,0,0.352941176471,0.411764705882,0.235294117647,17,0.128676470588,1.90196078431,4.11764705882,3.18181818182,2.69230769231,1.57648156274,0.382859808093,0.201680672269,2.01465221053,0.978545359402,0.524369747899,1.74894926439,0.849489642704,0.463865546218,0.814492905316,0.428238537847,2.33333333333,1.90196078431,0.814492905316,2.33333333333,0,0,0,0,0.164242424242,17,17,17,1,0,0.352941176471,0.411764705882,0.235294117647,17,37,0.136029411765,1.88235294118,4.35294117647,3.36363636364,2.84615384615,1.69341284359,0.389027274878,0.193958664547,2.09866904602,0.964253345467,0.518282988871,1.87867287326,0.863174022847,0.470588235294,0.786197569093,0.41766745858,2.25,1.88235294118,0.786197569093,2.25,0.166339869281,0.0612244897959,3,0.00441176470588,0.185952380952,17,17,17,1,0,0.352941176471,0.411764705882,0.235294117647,0,0,0,0,0,0,0,0,0,0,0,0,0,0,0,0,0,0,0,0,0,0,0,0,0,0,0,0,0,37,0,0,235,1,1,0,0,1,1,1,1,1,1,2,2,0,0,0,0
2815,WLNM_dir_neg,1,0.5,00:00:00,10,70,13,1985449486,threshold_sweep,0.7,1,1,1,2,0,0,4,1,1,0,0,1,1,1,1,0.555555555556,1,1,1,37,35,2,0,37,0,35,0,2,17,37,0.136029411765,1.88235294118,4.35294117647,3.36363636364,2.84615384615,1.69341284359,0.389027274878,0.193958664547,2.09866904602,0.964253345467,0.518282988871,1.87867287326,0.863174022847,0.470588235294,0.786197569093,0.41766745858,2.25,1.88235294118,0.786197569093,2.25,0.166339869281,0.0612244897959,3,0.00441176470588,0.185952380952,17,17,17,1,0,0.352941176471,0.411764705882,0.235294117647,17,0.128676470588,1.90196078431,4.11764705882,3.18181818182,2.69230769231,1.57648156274,0.382859808093,0.201680672269,2.01465221053,0.978545359402,0.524369747899,1.74894926439,0.849489642704,0.463865546218,0.814492905316,0.428238537847,2.33333333333,1.90196078431,0.814492905316,2.33333333333,0,0,0,0,0.164242424242,17,17,17,1,0,0.352941176471,0.411764705882,0.235294117647,17,37,0.136029411765,1.88235294118,4.35294117647,3.36363636364,2.84615384615,1.69341284359,0.389027274878,0.193958664547,2.09866904602,0.964253345467,0.518282988871,1.87867287326,0.863174022847,0.470588235294,0.786197569093,0.41766745858,2.25,1.88235294118,0.786197569093,2.25,0.166339869281,0.0612244897959,3,0.00441176470588,0.185952380952,17,17,17,1,0,0.352941176471,0.411764705882,0.235294117647,0,0,0,0,0,0,0,0,0,0,0,0,0,0,0,0,0,0,0,0,0,0,0,0,0,0,0,0,0,37,0,0,235,1,1,0,0,1,1,1,1,1,1,2,2,0,0,0,0
2816,WLNM_dir_neg,1,0.5,00:00:00,10,70,13,1985449486,threshold_sweep,0.8,1,1,1,2,0,0,4,1,1,0,0,1,1,1,1,0.555555555556,1,1,1,37,35,2,0,37,0,35,0,2,17,37,0.136029411765,1.88235294118,4.35294117647,3.36363636364,2.84615384615,1.69341284359,0.389027274878,0.193958664547,2.09866904602,0.964253345467,0.518282988871,1.87867287326,0.863174022847,0.470588235294,0.786197569093,0.41766745858,2.25,1.88235294118,0.786197569093,2.25,0.166339869281,0.0612244897959,3,0.00441176470588,0.185952380952,17,17,17,1,0,0.352941176471,0.411764705882,0.235294117647,17,0.128676470588,1.90196078431,4.11764705882,3.18181818182,2.69230769231,1.57648156274,0.382859808093,0.201680672269,2.01465221053,0.978545359402,0.524369747899,1.74894926439,0.849489642704,0.463865546218,0.814492905316,0.428238537847,2.33333333333,1.90196078431,0.814492905316,2.33333333333,0,0,0,0,0.164242424242,17,17,17,1,0,0.352941176471,0.411764705882,0.235294117647,17,37,0.136029411765,1.88235294118,4.35294117647,3.36363636364,2.84615384615,1.69341284359,0.389027274878,0.193958664547,2.09866904602,0.964253345467,0.518282988871,1.87867287326,0.863174022847,0.470588235294,0.786197569093,0.41766745858,2.25,1.88235294118,0.786197569093,2.25,0.166339869281,0.0612244897959,3,0.00441176470588,0.185952380952,17,17,17,1,0,0.352941176471,0.411764705882,0.235294117647,0,0,0,0,0,0,0,0,0,0,0,0,0,0,0,0,0,0,0,0,0,0,0,0,0,0,0,0,0,37,0,0,235,1,1,0,0,1,1,1,1,1,1,2,2,0,0,0,0
2817,WLNM_dir_neg,1,0.5,00:00:00,10,70,13,1985449486,threshold_sweep,0.9,1,1,1,2,0,0,4,1,1,0,0,1,1,1,1,0.555555555556,1,1,1,37,35,2,0,37,0,35,0,2,17,37,0.136029411765,1.88235294118,4.35294117647,3.36363636364,2.84615384615,1.69341284359,0.389027274878,0.193958664547,2.09866904602,0.964253345467,0.518282988871,1.87867287326,0.863174022847,0.470588235294,0.786197569093,0.41766745858,2.25,1.88235294118,0.786197569093,2.25,0.166339869281,0.0612244897959,3,0.00441176470588,0.185952380952,17,17,17,1,0,0.352941176471,0.411764705882,0.235294117647,17,0.128676470588,1.90196078431,4.11764705882,3.18181818182,2.69230769231,1.57648156274,0.382859808093,0.201680672269,2.01465221053,0.978545359402,0.524369747899,1.74894926439,0.849489642704,0.463865546218,0.814492905316,0.428238537847,2.33333333333,1.90196078431,0.814492905316,2.33333333333,0,0,0,0,0.164242424242,17,17,17,1,0,0.352941176471,0.411764705882,0.235294117647,17,37,0.136029411765,1.88235294118,4.35294117647,3.36363636364,2.84615384615,1.69341284359,0.389027274878,0.193958664547,2.09866904602,0.964253345467,0.518282988871,1.87867287326,0.863174022847,0.470588235294,0.786197569093,0.41766745858,2.25,1.88235294118,0.786197569093,2.25,0.166339869281,0.0612244897959,3,0.00441176470588,0.185952380952,17,17,17,1,0,0.352941176471,0.411764705882,0.235294117647,0,0,0,0,0,0,0,0,0,0,0,0,0,0,0,0,0,0,0,0,0,0,0,0,0,0,0,0,0,37,0,0,235,1,1,0,0,1,1,1,1,1,1,2,2,0,0,0,0
2818,WLNM_dir_neg,1,0.5,00:00:00,10,70,14,1985449487,threshold_sweep,0.1,1,1,1,2,0,0,4,1,1,0,0,1,1,1,1,0.555555555556,1,1,1,37,35,2,0,37,0,35,0,2,17,37,0.136029411765,1.88235294118,4.35294117647,3.36363636364,2.84615384615,1.69341284359,0.389027274878,0.193958664547,2.09866904602,0.964253345467,0.518282988871,1.87867287326,0.863174022847,0.470588235294,0.786197569093,0.41766745858,2.25,1.88235294118,0.786197569093,2.25,0.166339869281,0.0612244897959,3,0.00441176470588,0.185952380952,17,17,17,1,0,0.352941176471,0.411764705882,0.235294117647,17,0.128676470588,1.90196078431,4.11764705882,3.18181818182,2.69230769231,1.57648156274,0.382859808093,0.201680672269,2.01465221053,0.978545359402,0.524369747899,1.74894926439,0.849489642704,0.463865546218,0.814492905316,0.428238537847,2.33333333333,1.90196078431,0.814492905316,2.33333333333,0,0,0,0,0.164242424242,17,17,17,1,0,0.352941176471,0.411764705882,0.235294117647,17,37,0.136029411765,1.88235294118,4.35294117647,3.36363636364,2.84615384615,1.69341284359,0.389027274878,0.193958664547,2.09866904602,0.964253345467,0.518282988871,1.87867287326,0.863174022847,0.470588235294,0.786197569093,0.41766745858,2.25,1.88235294118,0.786197569093,2.25,0.166339869281,0.0612244897959,3,0.00441176470588,0.185952380952,17,17,17,1,0,0.352941176471,0.411764705882,0.235294117647,0,0,0,0,0,0,0,0,0,0,0,0,0,0,0,0,0,0,0,0,0,0,0,0,0,0,0,0,0,37,0,0,235,1,1,0,0,1,1,1,1,1,1,2,2,0,0,0,0
2819,WLNM_dir_neg,1,0.5,00:00:00,10,70,14,1985449487,threshold_sweep,0.2,1,1,1,2,0,0,4,1,1,0,0,1,1,1,1,0.555555555556,1,1,1,37,35,2,0,37,0,35,0,2,17,37,0.136029411765,1.88235294118,4.35294117647,3.36363636364,2.84615384615,1.69341284359,0.389027274878,0.193958664547,2.09866904602,0.964253345467,0.518282988871,1.87867287326,0.863174022847,0.470588235294,0.786197569093,0.41766745858,2.25,1.88235294118,0.786197569093,2.25,0.166339869281,0.0612244897959,3,0.00441176470588,0.185952380952,17,17,17,1,0,0.352941176471,0.411764705882,0.235294117647,17,0.128676470588,1.90196078431,4.11764705882,3.18181818182,2.69230769231,1.57648156274,0.382859808093,0.201680672269,2.01465221053,0.978545359402,0.524369747899,1.74894926439,0.849489642704,0.463865546218,0.814492905316,0.428238537847,2.33333333333,1.90196078431,0.814492905316,2.33333333333,0,0,0,0,0.164242424242,17,17,17,1,0,0.352941176471,0.411764705882,0.235294117647,17,37,0.136029411765,1.88235294118,4.35294117647,3.36363636364,2.84615384615,1.69341284359,0.389027274878,0.193958664547,2.09866904602,0.964253345467,0.518282988871,1.87867287326,0.863174022847,0.470588235294,0.786197569093,0.41766745858,2.25,1.88235294118,0.786197569093,2.25,0.166339869281,0.0612244897959,3,0.00441176470588,0.185952380952,17,17,17,1,0,0.352941176471,0.411764705882,0.235294117647,0,0,0,0,0,0,0,0,0,0,0,0,0,0,0,0,0,0,0,0,0,0,0,0,0,0,0,0,0,37,0,0,235,1,1,0,0,1,1,1,1,1,1,2,2,0,0,0,0
2820,WLNM_dir_neg,1,0.5,00:00:00,10,70,14,1985449487,threshold_sweep,0.3,1,1,1,2,0,0,4,1,1,0,0,1,1,1,1,0.555555555556,1,1,1,37,35,2,0,37,0,35,0,2,17,37,0.136029411765,1.88235294118,4.35294117647,3.36363636364,2.84615384615,1.69341284359,0.389027274878,0.193958664547,2.09866904602,0.964253345467,0.518282988871,1.87867287326,0.863174022847,0.470588235294,0.786197569093,0.41766745858,2.25,1.88235294118,0.786197569093,2.25,0.166339869281,0.0612244897959,3,0.00441176470588,0.185952380952,17,17,17,1,0,0.352941176471,0.411764705882,0.235294117647,17,0.128676470588,1.90196078431,4.11764705882,3.18181818182,2.69230769231,1.57648156274,0.382859808093,0.201680672269,2.01465221053,0.978545359402,0.524369747899,1.74894926439,0.849489642704,0.463865546218,0.814492905316,0.428238537847,2.33333333333,1.90196078431,0.814492905316,2.33333333333,0,0,0,0,0.164242424242,17,17,17,1,0,0.352941176471,0.411764705882,0.235294117647,17,37,0.136029411765,1.88235294118,4.35294117647,3.36363636364,2.84615384615,1.69341284359,0.389027274878,0.193958664547,2.09866904602,0.964253345467,0.518282988871,1.87867287326,0.863174022847,0.470588235294,0.786197569093,0.41766745858,2.25,1.88235294118,0.786197569093,2.25,0.166339869281,0.0612244897959,3,0.00441176470588,0.185952380952,17,17,17,1,0,0.352941176471,0.411764705882,0.235294117647,0,0,0,0,0,0,0,0,0,0,0,0,0,0,0,0,0,0,0,0,0,0,0,0,0,0,0,0,0,37,0,0,235,1,1,0,0,1,1,1,1,1,1,2,2,0,0,0,0
2821,WLNM_dir_neg,1,0.5,00:00:00,10,70,14,1985449487,threshold_sweep,0.4,1,1,1,2,0,0,4,1,1,0,0,1,1,1,1,0.555555555556,1,1,1,37,35,2,0,37,0,35,0,2,17,37,0.136029411765,1.88235294118,4.35294117647,3.36363636364,2.84615384615,1.69341284359,0.389027274878,0.193958664547,2.09866904602,0.964253345467,0.518282988871,1.87867287326,0.863174022847,0.470588235294,0.786197569093,0.41766745858,2.25,1.88235294118,0.786197569093,2.25,0.166339869281,0.0612244897959,3,0.00441176470588,0.185952380952,17,17,17,1,0,0.352941176471,0.411764705882,0.235294117647,17,0.128676470588,1.90196078431,4.11764705882,3.18181818182,2.69230769231,1.57648156274,0.382859808093,0.201680672269,2.01465221053,0.978545359402,0.524369747899,1.74894926439,0.849489642704,0.463865546218,0.814492905316,0.428238537847,2.33333333333,1.90196078431,0.814492905316,2.33333333333,0,0,0,0,0.164242424242,17,17,17,1,0,0.352941176471,0.411764705882,0.235294117647,17,37,0.136029411765,1.88235294118,4.35294117647,3.36363636364,2.84615384615,1.69341284359,0.389027274878,0.193958664547,2.09866904602,0.964253345467,0.518282988871,1.87867287326,0.863174022847,0.470588235294,0.786197569093,0.41766745858,2.25,1.88235294118,0.786197569093,2.25,0.166339869281,0.0612244897959,3,0.00441176470588,0.185952380952,17,17,17,1,0,0.352941176471,0.411764705882,0.235294117647,0,0,0,0,0,0,0,0,0,0,0,0,0,0,0,0,0,0,0,0,0,0,0,0,0,0,0,0,0,37,0,0,235,1,1,0,0,1,1,1,1,1,1,2,2,0,0,0,0
2822,WLNM_dir_neg,1,0.5,00:00:00,10,70,14,1985449487,threshold_sweep,0.5,1,1,1,2,0,0,4,1,1,0,0,1,1,1,1,0.555555555556,1,1,1,37,35,2,0,37,0,35,0,2,17,37,0.136029411765,1.88235294118,4.35294117647,3.36363636364,2.84615384615,1.69341284359,0.389027274878,0.193958664547,2.09866904602,0.964253345467,0.518282988871,1.87867287326,0.863174022847,0.470588235294,0.786197569093,0.41766745858,2.25,1.88235294118,0.786197569093,2.25,0.166339869281,0.0612244897959,3,0.00441176470588,0.185952380952,17,17,17,1,0,0.352941176471,0.411764705882,0.235294117647,17,0.128676470588,1.90196078431,4.11764705882,3.18181818182,2.69230769231,1.57648156274,0.382859808093,0.201680672269,2.01465221053,0.978545359402,0.524369747899,1.74894926439,0.849489642704,0.463865546218,0.814492905316,0.428238537847,2.33333333333,1.90196078431,0.814492905316,2.33333333333,0,0,0,0,0.164242424242,17,17,17,1,0,0.352941176471,0.411764705882,0.235294117647,17,37,0.136029411765,1.88235294118,4.35294117647,3.36363636364,2.84615384615,1.69341284359,0.389027274878,0.193958664547,2.09866904602,0.964253345467,0.518282988871,1.87867287326,0.863174022847,0.470588235294,0.786197569093,0.41766745858,2.25,1.88235294118,0.786197569093,2.25,0.166339869281,0.0612244897959,3,0.00441176470588,0.185952380952,17,17,17,1,0,0.352941176471,0.411764705882,0.235294117647,0,0,0,0,0,0,0,0,0,0,0,0,0,0,0,0,0,0,0,0,0,0,0,0,0,0,0,0,0,37,0,0,235,1,1,0,0,1,1,1,1,1,1,2,2,0,0,0,0
2823,WLNM_dir_neg,1,0.5,00:00:00,10,70,14,1985449487,threshold_sweep,0.6,1,1,1,2,0,0,4,1,1,0,0,1,1,1,1,0.555555555556,1,1,1,37,35,2,0,37,0,35,0,2,17,37,0.136029411765,1.88235294118,4.35294117647,3.36363636364,2.84615384615,1.69341284359,0.389027274878,0.193958664547,2.09866904602,0.964253345467,0.518282988871,1.87867287326,0.863174022847,0.470588235294,0.786197569093,0.41766745858,2.25,1.88235294118,0.786197569093,2.25,0.166339869281,0.0612244897959,3,0.00441176470588,0.185952380952,17,17,17,1,0,0.352941176471,0.411764705882,0.235294117647,17,0.128676470588,1.90196078431,4.11764705882,3.18181818182,2.69230769231,1.57648156274,0.382859808093,0.201680672269,2.01465221053,0.978545359402,0.524369747899,1.74894926439,0.849489642704,0.463865546218,0.814492905316,0.428238537847,2.33333333333,1.90196078431,0.814492905316,2.33333333333,0,0,0,0,0.164242424242,17,17,17,1,0,0.352941176471,0.411764705882,0.235294117647,17,37,0.136029411765,1.88235294118,4.35294117647,3.36363636364,2.84615384615,1.69341284359,0.389027274878,0.193958664547,2.09866904602,0.964253345467,0.518282988871,1.87867287326,0.863174022847,0.470588235294,0.786197569093,0.41766745858,2.25,1.88235294118,0.786197569093,2.25,0.166339869281,0.0612244897959,3,0.00441176470588,0.185952380952,17,17,17,1,0,0.352941176471,0.411764705882,0.235294117647,0,0,0,0,0,0,0,0,0,0,0,0,0,0,0,0,0,0,0,0,0,0,0,0,0,0,0,0,0,37,0,0,235,1,1,0,0,1,1,1,1,1,1,2,2,0,0,0,0
2824,WLNM_dir_neg,1,0.5,00:00:00,10,70,14,1985449487,threshold_sweep,0.7,1,1,1,2,0,0,4,1,1,0,0,1,1,1,1,0.555555555556,1,1,1,37,35,2,0,37,0,35,0,2,17,37,0.136029411765,1.88235294118,4.35294117647,3.36363636364,2.84615384615,1.69341284359,0.389027274878,0.193958664547,2.09866904602,0.964253345467,0.518282988871,1.87867287326,0.863174022847,0.470588235294,0.786197569093,0.41766745858,2.25,1.88235294118,0.786197569093,2.25,0.166339869281,0.0612244897959,3,0.00441176470588,0.185952380952,17,17,17,1,0,0.352941176471,0.411764705882,0.235294117647,17,0.128676470588,1.90196078431,4.11764705882,3.18181818182,2.69230769231,1.57648156274,0.382859808093,0.201680672269,2.01465221053,0.978545359402,0.524369747899,1.74894926439,0.849489642704,0.463865546218,0.814492905316,0.428238537847,2.33333333333,1.90196078431,0.814492905316,2.33333333333,0,0,0,0,0.164242424242,17,17,17,1,0,0.352941176471,0.411764705882,0.235294117647,17,37,0.136029411765,1.88235294118,4.35294117647,3.36363636364,2.84615384615,1.69341284359,0.389027274878,0.193958664547,2.09866904602,0.964253345467,0.518282988871,1.87867287326,0.863174022847,0.470588235294,0.786197569093,0.41766745858,2.25,1.88235294118,0.786197569093,2.25,0.166339869281,0.0612244897959,3,0.00441176470588,0.185952380952,17,17,17,1,0,0.352941176471,0.411764705882,0.235294117647,0,0,0,0,0,0,0,0,0,0,0,0,0,0,0,0,0,0,0,0,0,0,0,0,0,0,0,0,0,37,0,0,235,1,1,0,0,1,1,1,1,1,1,2,2,0,0,0,0
2825,WLNM_dir_neg,1,0.5,00:00:00,10,70,14,1985449487,threshold_sweep,0.8,1,1,1,2,0,0,4,1,1,0,0,1,1,1,1,0.555555555556,1,1,1,37,35,2,0,37,0,35,0,2,17,37,0.136029411765,1.88235294118,4.35294117647,3.36363636364,2.84615384615,1.69341284359,0.389027274878,0.193958664547,2.09866904602,0.964253345467,0.518282988871,1.87867287326,0.863174022847,0.470588235294,0.786197569093,0.41766745858,2.25,1.88235294118,0.786197569093,2.25,0.166339869281,0.0612244897959,3,0.00441176470588,0.185952380952,17,17,17,1,0,0.352941176471,0.411764705882,0.235294117647,17,0.128676470588,1.90196078431,4.11764705882,3.18181818182,2.69230769231,1.57648156274,0.382859808093,0.201680672269,2.01465221053,0.978545359402,0.524369747899,1.74894926439,0.849489642704,0.463865546218,0.814492905316,0.428238537847,2.33333333333,1.90196078431,0.814492905316,2.33333333333,0,0,0,0,0.164242424242,17,17,17,1,0,0.352941176471,0.411764705882,0.235294117647,17,37,0.136029411765,1.88235294118,4.35294117647,3.36363636364,2.84615384615,1.69341284359,0.389027274878,0.193958664547,2.09866904602,0.964253345467,0.518282988871,1.87867287326,0.863174022847,0.470588235294,0.786197569093,0.41766745858,2.25,1.88235294118,0.786197569093,2.25,0.166339869281,0.0612244897959,3,0.00441176470588,0.185952380952,17,17,17,1,0,0.352941176471,0.411764705882,0.235294117647,0,0,0,0,0,0,0,0,0,0,0,0,0,0,0,0,0,0,0,0,0,0,0,0,0,0,0,0,0,37,0,0,235,1,1,0,0,1,1,1,1,1,1,2,2,0,0,0,0
2826,WLNM_dir_neg,1,0.5,00:00:00,10,70,14,1985449487,threshold_sweep,0.9,1,1,1,2,0,0,4,1,1,0,0,1,1,1,1,0.555555555556,1,1,1,37,35,2,0,37,0,35,0,2,17,37,0.136029411765,1.88235294118,4.35294117647,3.36363636364,2.84615384615,1.69341284359,0.389027274878,0.193958664547,2.09866904602,0.964253345467,0.518282988871,1.87867287326,0.863174022847,0.470588235294,0.786197569093,0.41766745858,2.25,1.88235294118,0.786197569093,2.25,0.166339869281,0.0612244897959,3,0.00441176470588,0.185952380952,17,17,17,1,0,0.352941176471,0.411764705882,0.235294117647,17,0.128676470588,1.90196078431,4.11764705882,3.18181818182,2.69230769231,1.57648156274,0.382859808093,0.201680672269,2.01465221053,0.978545359402,0.524369747899,1.74894926439,0.849489642704,0.463865546218,0.814492905316,0.428238537847,2.33333333333,1.90196078431,0.814492905316,2.33333333333,0,0,0,0,0.164242424242,17,17,17,1,0,0.352941176471,0.411764705882,0.235294117647,17,37,0.136029411765,1.88235294118,4.35294117647,3.36363636364,2.84615384615,1.69341284359,0.389027274878,0.193958664547,2.09866904602,0.964253345467,0.518282988871,1.87867287326,0.863174022847,0.470588235294,0.786197569093,0.41766745858,2.25,1.88235294118,0.786197569093,2.25,0.166339869281,0.0612244897959,3,0.00441176470588,0.185952380952,17,17,17,1,0,0.352941176471,0.411764705882,0.235294117647,0,0,0,0,0,0,0,0,0,0,0,0,0,0,0,0,0,0,0,0,0,0,0,0,0,0,0,0,0,37,0,0,235,1,1,0,0,1,1,1,1,1,1,2,2,0,0,0,0
2827,WLNM_dir_neg,1,0.5,00:00:00,10,70,15,1985449488,threshold_sweep,0.1,1,1,1,2,0,0,4,1,1,0,0,1,1,1,1,0.555555555556,1,1,1,37,35,2,0,37,0,35,0,2,17,37,0.136029411765,1.88235294118,4.35294117647,3.36363636364,2.84615384615,1.69341284359,0.389027274878,0.193958664547,2.09866904602,0.964253345467,0.518282988871,1.87867287326,0.863174022847,0.470588235294,0.786197569093,0.41766745858,2.25,1.88235294118,0.786197569093,2.25,0.166339869281,0.0612244897959,3,0.00441176470588,0.185952380952,17,17,17,1,0,0.352941176471,0.411764705882,0.235294117647,17,0.128676470588,1.90196078431,4.11764705882,3.18181818182,2.69230769231,1.57648156274,0.382859808093,0.201680672269,2.01465221053,0.978545359402,0.524369747899,1.74894926439,0.849489642704,0.463865546218,0.814492905316,0.428238537847,2.33333333333,1.90196078431,0.814492905316,2.33333333333,0,0,0,0,0.164242424242,17,17,17,1,0,0.352941176471,0.411764705882,0.235294117647,17,37,0.136029411765,1.88235294118,4.35294117647,3.36363636364,2.84615384615,1.69341284359,0.389027274878,0.193958664547,2.09866904602,0.964253345467,0.518282988871,1.87867287326,0.863174022847,0.470588235294,0.786197569093,0.41766745858,2.25,1.88235294118,0.786197569093,2.25,0.166339869281,0.0612244897959,3,0.00441176470588,0.185952380952,17,17,17,1,0,0.352941176471,0.411764705882,0.235294117647,0,0,0,0,0,0,0,0,0,0,0,0,0,0,0,0,0,0,0,0,0,0,0,0,0,0,0,0,0,37,0,0,235,1,1,0,0,1,1,1,1,1,1,2,2,0,0,0,0
2828,WLNM_dir_neg,1,0.5,00:00:00,10,70,15,1985449488,threshold_sweep,0.2,1,1,1,2,0,0,4,1,1,0,0,1,1,1,1,0.555555555556,1,1,1,37,35,2,0,37,0,35,0,2,17,37,0.136029411765,1.88235294118,4.35294117647,3.36363636364,2.84615384615,1.69341284359,0.389027274878,0.193958664547,2.09866904602,0.964253345467,0.518282988871,1.87867287326,0.863174022847,0.470588235294,0.786197569093,0.41766745858,2.25,1.88235294118,0.786197569093,2.25,0.166339869281,0.0612244897959,3,0.00441176470588,0.185952380952,17,17,17,1,0,0.352941176471,0.411764705882,0.235294117647,17,0.128676470588,1.90196078431,4.11764705882,3.18181818182,2.69230769231,1.57648156274,0.382859808093,0.201680672269,2.01465221053,0.978545359402,0.524369747899,1.74894926439,0.849489642704,0.463865546218,0.814492905316,0.428238537847,2.33333333333,1.90196078431,0.814492905316,2.33333333333,0,0,0,0,0.164242424242,17,17,17,1,0,0.352941176471,0.411764705882,0.235294117647,17,37,0.136029411765,1.88235294118,4.35294117647,3.36363636364,2.84615384615,1.69341284359,0.389027274878,0.193958664547,2.09866904602,0.964253345467,0.518282988871,1.87867287326,0.863174022847,0.470588235294,0.786197569093,0.41766745858,2.25,1.88235294118,0.786197569093,2.25,0.166339869281,0.0612244897959,3,0.00441176470588,0.185952380952,17,17,17,1,0,0.352941176471,0.411764705882,0.235294117647,0,0,0,0,0,0,0,0,0,0,0,0,0,0,0,0,0,0,0,0,0,0,0,0,0,0,0,0,0,37,0,0,235,1,1,0,0,1,1,1,1,1,1,2,2,0,0,0,0
2829,WLNM_dir_neg,1,0.5,00:00:00,10,70,15,1985449488,threshold_sweep,0.3,1,1,1,2,0,0,4,1,1,0,0,1,1,1,1,0.555555555556,1,1,1,37,35,2,0,37,0,35,0,2,17,37,0.136029411765,1.88235294118,4.35294117647,3.36363636364,2.84615384615,1.69341284359,0.389027274878,0.193958664547,2.09866904602,0.964253345467,0.518282988871,1.87867287326,0.863174022847,0.470588235294,0.786197569093,0.41766745858,2.25,1.88235294118,0.786197569093,2.25,0.166339869281,0.0612244897959,3,0.00441176470588,0.185952380952,17,17,17,1,0,0.352941176471,0.411764705882,0.235294117647,17,0.128676470588,1.90196078431,4.11764705882,3.18181818182,2.69230769231,1.57648156274,0.382859808093,0.201680672269,2.01465221053,0.978545359402,0.524369747899,1.74894926439,0.849489642704,0.463865546218,0.814492905316,0.428238537847,2.33333333333,1.90196078431,0.814492905316,2.33333333333,0,0,0,0,0.164242424242,17,17,17,1,0,0.352941176471,0.411764705882,0.235294117647,17,37,0.136029411765,1.88235294118,4.35294117647,3.36363636364,2.84615384615,1.69341284359,0.389027274878,0.193958664547,2.09866904602,0.964253345467,0.518282988871,1.87867287326,0.863174022847,0.470588235294,0.786197569093,0.41766745858,2.25,1.88235294118,0.786197569093,2.25,0.166339869281,0.0612244897959,3,0.00441176470588,0.185952380952,17,17,17,1,0,0.352941176471,0.411764705882,0.235294117647,0,0,0,0,0,0,0,0,0,0,0,0,0,0,0,0,0,0,0,0,0,0,0,0,0,0,0,0,0,37,0,0,235,1,1,0,0,1,1,1,1,1,1,2,2,0,0,0,0
2830,WLNM_dir_neg,1,0.5,00:00:00,10,70,15,1985449488,threshold_sweep,0.4,1,1,1,2,0,0,4,1,1,0,0,1,1,1,1,0.555555555556,1,1,1,37,35,2,0,37,0,35,0,2,17,37,0.136029411765,1.88235294118,4.35294117647,3.36363636364,2.84615384615,1.69341284359,0.389027274878,0.193958664547,2.09866904602,0.964253345467,0.518282988871,1.87867287326,0.863174022847,0.470588235294,0.786197569093,0.41766745858,2.25,1.88235294118,0.786197569093,2.25,0.166339869281,0.0612244897959,3,0.00441176470588,0.185952380952,17,17,17,1,0,0.352941176471,0.411764705882,0.235294117647,17,0.128676470588,1.90196078431,4.11764705882,3.18181818182,2.69230769231,1.57648156274,0.382859808093,0.201680672269,2.01465221053,0.978545359402,0.524369747899,1.74894926439,0.849489642704,0.463865546218,0.814492905316,0.428238537847,2.33333333333,1.90196078431,0.814492905316,2.33333333333,0,0,0,0,0.164242424242,17,17,17,1,0,0.352941176471,0.411764705882,0.235294117647,17,37,0.136029411765,1.88235294118,4.35294117647,3.36363636364,2.84615384615,1.69341284359,0.389027274878,0.193958664547,2.09866904602,0.964253345467,0.518282988871,1.87867287326,0.863174022847,0.470588235294,0.786197569093,0.41766745858,2.25,1.88235294118,0.786197569093,2.25,0.166339869281,0.0612244897959,3,0.00441176470588,0.185952380952,17,17,17,1,0,0.352941176471,0.411764705882,0.235294117647,0,0,0,0,0,0,0,0,0,0,0,0,0,0,0,0,0,0,0,0,0,0,0,0,0,0,0,0,0,37,0,0,235,1,1,0,0,1,1,1,1,1,1,2,2,0,0,0,0
2831,WLNM_dir_neg,1,0.5,00:00:00,10,70,15,1985449488,threshold_sweep,0.5,1,1,1,2,0,0,4,1,1,0,0,1,1,1,1,0.555555555556,1,1,1,37,35,2,0,37,0,35,0,2,17,37,0.136029411765,1.88235294118,4.35294117647,3.36363636364,2.84615384615,1.69341284359,0.389027274878,0.193958664547,2.09866904602,0.964253345467,0.518282988871,1.87867287326,0.863174022847,0.470588235294,0.786197569093,0.41766745858,2.25,1.88235294118,0.786197569093,2.25,0.166339869281,0.0612244897959,3,0.00441176470588,0.185952380952,17,17,17,1,0,0.352941176471,0.411764705882,0.235294117647,17,0.128676470588,1.90196078431,4.11764705882,3.18181818182,2.69230769231,1.57648156274,0.382859808093,0.201680672269,2.01465221053,0.978545359402,0.524369747899,1.74894926439,0.849489642704,0.463865546218,0.814492905316,0.428238537847,2.33333333333,1.90196078431,0.814492905316,2.33333333333,0,0,0,0,0.164242424242,17,17,17,1,0,0.352941176471,0.411764705882,0.235294117647,17,37,0.136029411765,1.88235294118,4.35294117647,3.36363636364,2.84615384615,1.69341284359,0.389027274878,0.193958664547,2.09866904602,0.964253345467,0.518282988871,1.87867287326,0.863174022847,0.470588235294,0.786197569093,0.41766745858,2.25,1.88235294118,0.786197569093,2.25,0.166339869281,0.0612244897959,3,0.00441176470588,0.185952380952,17,17,17,1,0,0.352941176471,0.411764705882,0.235294117647,0,0,0,0,0,0,0,0,0,0,0,0,0,0,0,0,0,0,0,0,0,0,0,0,0,0,0,0,0,37,0,0,235,1,1,0,0,1,1,1,1,1,1,2,2,0,0,0,0
2832,WLNM_dir_neg,1,0.5,00:00:00,10,70,15,1985449488,threshold_sweep,0.6,1,1,1,2,0,0,4,1,1,0,0,1,1,1,1,0.555555555556,1,1,1,37,35,2,0,37,0,35,0,2,17,37,0.136029411765,1.88235294118,4.35294117647,3.36363636364,2.84615384615,1.69341284359,0.389027274878,0.193958664547,2.09866904602,0.964253345467,0.518282988871,1.87867287326,0.863174022847,0.470588235294,0.786197569093,0.41766745858,2.25,1.88235294118,0.786197569093,2.25,0.166339869281,0.0612244897959,3,0.00441176470588,0.185952380952,17,17,17,1,0,0.352941176471,0.411764705882,0.235294117647,17,0.128676470588,1.90196078431,4.11764705882,3.18181818182,2.69230769231,1.57648156274,0.382859808093,0.201680672269,2.01465221053,0.978545359402,0.524369747899,1.74894926439,0.849489642704,0.463865546218,0.814492905316,0.428238537847,2.33333333333,1.90196078431,0.814492905316,2.33333333333,0,0,0,0,0.164242424242,17,17,17,1,0,0.352941176471,0.411764705882,0.235294117647,17,37,0.136029411765,1.88235294118,4.35294117647,3.36363636364,2.84615384615,1.69341284359,0.389027274878,0.193958664547,2.09866904602,0.964253345467,0.518282988871,1.87867287326,0.863174022847,0.470588235294,0.786197569093,0.41766745858,2.25,1.88235294118,0.786197569093,2.25,0.166339869281,0.0612244897959,3,0.00441176470588,0.185952380952,17,17,17,1,0,0.352941176471,0.411764705882,0.235294117647,0,0,0,0,0,0,0,0,0,0,0,0,0,0,0,0,0,0,0,0,0,0,0,0,0,0,0,0,0,37,0,0,235,1,1,0,0,1,1,1,1,1,1,2,2,0,0,0,0
2833,WLNM_dir_neg,1,0.5,00:00:00,10,70,15,1985449488,threshold_sweep,0.7,1,1,1,2,0,0,4,1,1,0,0,1,1,1,1,0.555555555556,1,1,1,37,35,2,0,37,0,35,0,2,17,37,0.136029411765,1.88235294118,4.35294117647,3.36363636364,2.84615384615,1.69341284359,0.389027274878,0.193958664547,2.09866904602,0.964253345467,0.518282988871,1.87867287326,0.863174022847,0.470588235294,0.786197569093,0.41766745858,2.25,1.88235294118,0.786197569093,2.25,0.166339869281,0.0612244897959,3,0.00441176470588,0.185952380952,17,17,17,1,0,0.352941176471,0.411764705882,0.235294117647,17,0.128676470588,1.90196078431,4.11764705882,3.18181818182,2.69230769231,1.57648156274,0.382859808093,0.201680672269,2.01465221053,0.978545359402,0.524369747899,1.74894926439,0.849489642704,0.463865546218,0.814492905316,0.428238537847,2.33333333333,1.90196078431,0.814492905316,2.33333333333,0,0,0,0,0.164242424242,17,17,17,1,0,0.352941176471,0.411764705882,0.235294117647,17,37,0.136029411765,1.88235294118,4.35294117647,3.36363636364,2.84615384615,1.69341284359,0.389027274878,0.193958664547,2.09866904602,0.964253345467,0.518282988871,1.87867287326,0.863174022847,0.470588235294,0.786197569093,0.41766745858,2.25,1.88235294118,0.786197569093,2.25,0.166339869281,0.0612244897959,3,0.00441176470588,0.185952380952,17,17,17,1,0,0.352941176471,0.411764705882,0.235294117647,0,0,0,0,0,0,0,0,0,0,0,0,0,0,0,0,0,0,0,0,0,0,0,0,0,0,0,0,0,37,0,0,235,1,1,0,0,1,1,1,1,1,1,2,2,0,0,0,0
2834,WLNM_dir_neg,1,0.5,00:00:00,10,70,15,1985449488,threshold_sweep,0.8,1,1,1,2,0,0,4,1,1,0,0,1,1,1,1,0.555555555556,1,1,1,37,35,2,0,37,0,35,0,2,17,37,0.136029411765,1.88235294118,4.35294117647,3.36363636364,2.84615384615,1.69341284359,0.389027274878,0.193958664547,2.09866904602,0.964253345467,0.518282988871,1.87867287326,0.863174022847,0.470588235294,0.786197569093,0.41766745858,2.25,1.88235294118,0.786197569093,2.25,0.166339869281,0.0612244897959,3,0.00441176470588,0.185952380952,17,17,17,1,0,0.352941176471,0.411764705882,0.235294117647,17,0.128676470588,1.90196078431,4.11764705882,3.18181818182,2.69230769231,1.57648156274,0.382859808093,0.201680672269,2.01465221053,0.978545359402,0.524369747899,1.74894926439,0.849489642704,0.463865546218,0.814492905316,0.428238537847,2.33333333333,1.90196078431,0.814492905316,2.33333333333,0,0,0,0,0.164242424242,17,17,17,1,0,0.352941176471,0.411764705882,0.235294117647,17,37,0.136029411765,1.88235294118,4.35294117647,3.36363636364,2.84615384615,1.69341284359,0.389027274878,0.193958664547,2.09866904602,0.964253345467,0.518282988871,1.87867287326,0.863174022847,0.470588235294,0.786197569093,0.41766745858,2.25,1.88235294118,0.786197569093,2.25,0.166339869281,0.0612244897959,3,0.00441176470588,0.185952380952,17,17,17,1,0,0.352941176471,0.411764705882,0.235294117647,0,0,0,0,0,0,0,0,0,0,0,0,0,0,0,0,0,0,0,0,0,0,0,0,0,0,0,0,0,37,0,0,235,1,1,0,0,1,1,1,1,1,1,2,2,0,0,0,0
2835,WLNM_dir_neg,1,0.5,00:00:00,10,70,15,1985449488,threshold_sweep,0.9,1,1,1,2,0,0,4,1,1,0,0,1,1,1,1,0.555555555556,1,1,1,37,35,2,0,37,0,35,0,2,17,37,0.136029411765,1.88235294118,4.35294117647,3.36363636364,2.84615384615,1.69341284359,0.389027274878,0.193958664547,2.09866904602,0.964253345467,0.518282988871,1.87867287326,0.863174022847,0.470588235294,0.786197569093,0.41766745858,2.25,1.88235294118,0.786197569093,2.25,0.166339869281,0.0612244897959,3,0.00441176470588,0.185952380952,17,17,17,1,0,0.352941176471,0.411764705882,0.235294117647,17,0.128676470588,1.90196078431,4.11764705882,3.18181818182,2.69230769231,1.57648156274,0.382859808093,0.201680672269,2.01465221053,0.978545359402,0.524369747899,1.74894926439,0.849489642704,0.463865546218,0.814492905316,0.428238537847,2.33333333333,1.90196078431,0.814492905316,2.33333333333,0,0,0,0,0.164242424242,17,17,17,1,0,0.352941176471,0.411764705882,0.235294117647,17,37,0.136029411765,1.88235294118,4.35294117647,3.36363636364,2.84615384615,1.69341284359,0.389027274878,0.193958664547,2.09866904602,0.964253345467,0.518282988871,1.87867287326,0.863174022847,0.470588235294,0.786197569093,0.41766745858,2.25,1.88235294118,0.786197569093,2.25,0.166339869281,0.0612244897959,3,0.00441176470588,0.185952380952,17,17,17,1,0,0.352941176471,0.411764705882,0.235294117647,0,0,0,0,0,0,0,0,0,0,0,0,0,0,0,0,0,0,0,0,0,0,0,0,0,0,0,0,0,37,0,0,235,1,1,0,0,1,1,1,1,1,1,2,2,0,0,0,0
2836,WLNM_dir_neg,1,0.5,00:00:00,10,70,16,1985449489,threshold_sweep,0.1,1,1,1,2,0,0,4,1,1,0,0,1,1,1,1,0.555555555556,1,1,1,37,35,2,0,37,0,35,0,2,17,37,0.136029411765,1.88235294118,4.35294117647,3.36363636364,2.84615384615,1.69341284359,0.389027274878,0.193958664547,2.09866904602,0.964253345467,0.518282988871,1.87867287326,0.863174022847,0.470588235294,0.786197569093,0.41766745858,2.25,1.88235294118,0.786197569093,2.25,0.166339869281,0.0612244897959,3,0.00441176470588,0.185952380952,17,17,17,1,0,0.352941176471,0.411764705882,0.235294117647,17,0.128676470588,1.90196078431,4.11764705882,3.18181818182,2.69230769231,1.57648156274,0.382859808093,0.201680672269,2.01465221053,0.978545359402,0.524369747899,1.74894926439,0.849489642704,0.463865546218,0.814492905316,0.428238537847,2.33333333333,1.90196078431,0.814492905316,2.33333333333,0,0,0,0,0.164242424242,17,17,17,1,0,0.352941176471,0.411764705882,0.235294117647,17,37,0.136029411765,1.88235294118,4.35294117647,3.36363636364,2.84615384615,1.69341284359,0.389027274878,0.193958664547,2.09866904602,0.964253345467,0.518282988871,1.87867287326,0.863174022847,0.470588235294,0.786197569093,0.41766745858,2.25,1.88235294118,0.786197569093,2.25,0.166339869281,0.0612244897959,3,0.00441176470588,0.185952380952,17,17,17,1,0,0.352941176471,0.411764705882,0.235294117647,0,0,0,0,0,0,0,0,0,0,0,0,0,0,0,0,0,0,0,0,0,0,0,0,0,0,0,0,0,37,0,0,235,1,1,0,0,1,1,1,1,1,1,2,2,0,0,0,0
2837,WLNM_dir_neg,1,0.5,00:00:00,10,70,16,1985449489,threshold_sweep,0.2,1,1,1,2,0,0,4,1,1,0,0,1,1,1,1,0.555555555556,1,1,1,37,35,2,0,37,0,35,0,2,17,37,0.136029411765,1.88235294118,4.35294117647,3.36363636364,2.84615384615,1.69341284359,0.389027274878,0.193958664547,2.09866904602,0.964253345467,0.518282988871,1.87867287326,0.863174022847,0.470588235294,0.786197569093,0.41766745858,2.25,1.88235294118,0.786197569093,2.25,0.166339869281,0.0612244897959,3,0.00441176470588,0.185952380952,17,17,17,1,0,0.352941176471,0.411764705882,0.235294117647,17,0.128676470588,1.90196078431,4.11764705882,3.18181818182,2.69230769231,1.57648156274,0.382859808093,0.201680672269,2.01465221053,0.978545359402,0.524369747899,1.74894926439,0.849489642704,0.463865546218,0.814492905316,0.428238537847,2.33333333333,1.90196078431,0.814492905316,2.33333333333,0,0,0,0,0.164242424242,17,17,17,1,0,0.352941176471,0.411764705882,0.235294117647,17,37,0.136029411765,1.88235294118,4.35294117647,3.36363636364,2.84615384615,1.69341284359,0.389027274878,0.193958664547,2.09866904602,0.964253345467,0.518282988871,1.87867287326,0.863174022847,0.470588235294,0.786197569093,0.41766745858,2.25,1.88235294118,0.786197569093,2.25,0.166339869281,0.0612244897959,3,0.00441176470588,0.185952380952,17,17,17,1,0,0.352941176471,0.411764705882,0.235294117647,0,0,0,0,0,0,0,0,0,0,0,0,0,0,0,0,0,0,0,0,0,0,0,0,0,0,0,0,0,37,0,0,235,1,1,0,0,1,1,1,1,1,1,2,2,0,0,0,0
2838,WLNM_dir_neg,1,0.5,00:00:00,10,70,16,1985449489,threshold_sweep,0.3,1,1,1,2,0,0,4,1,1,0,0,1,1,1,1,0.555555555556,1,1,1,37,35,2,0,37,0,35,0,2,17,37,0.136029411765,1.88235294118,4.35294117647,3.36363636364,2.84615384615,1.69341284359,0.389027274878,0.193958664547,2.09866904602,0.964253345467,0.518282988871,1.87867287326,0.863174022847,0.470588235294,0.786197569093,0.41766745858,2.25,1.88235294118,0.786197569093,2.25,0.166339869281,0.0612244897959,3,0.00441176470588,0.185952380952,17,17,17,1,0,0.352941176471,0.411764705882,0.235294117647,17,0.128676470588,1.90196078431,4.11764705882,3.18181818182,2.69230769231,1.57648156274,0.382859808093,0.201680672269,2.01465221053,0.978545359402,0.524369747899,1.74894926439,0.849489642704,0.463865546218,0.814492905316,0.428238537847,2.33333333333,1.90196078431,0.814492905316,2.33333333333,0,0,0,0,0.164242424242,17,17,17,1,0,0.352941176471,0.411764705882,0.235294117647,17,37,0.136029411765,1.88235294118,4.35294117647,3.36363636364,2.84615384615,1.69341284359,0.389027274878,0.193958664547,2.09866904602,0.964253345467,0.518282988871,1.87867287326,0.863174022847,0.470588235294,0.786197569093,0.41766745858,2.25,1.88235294118,0.786197569093,2.25,0.166339869281,0.0612244897959,3,0.00441176470588,0.185952380952,17,17,17,1,0,0.352941176471,0.411764705882,0.235294117647,0,0,0,0,0,0,0,0,0,0,0,0,0,0,0,0,0,0,0,0,0,0,0,0,0,0,0,0,0,37,0,0,235,1,1,0,0,1,1,1,1,1,1,2,2,0,0,0,0
2839,WLNM_dir_neg,1,0.5,00:00:00,10,70,16,1985449489,threshold_sweep,0.4,1,1,1,2,0,0,4,1,1,0,0,1,1,1,1,0.555555555556,1,1,1,37,35,2,0,37,0,35,0,2,17,37,0.136029411765,1.88235294118,4.35294117647,3.36363636364,2.84615384615,1.69341284359,0.389027274878,0.193958664547,2.09866904602,0.964253345467,0.518282988871,1.87867287326,0.863174022847,0.470588235294,0.786197569093,0.41766745858,2.25,1.88235294118,0.786197569093,2.25,0.166339869281,0.0612244897959,3,0.00441176470588,0.185952380952,17,17,17,1,0,0.352941176471,0.411764705882,0.235294117647,17,0.128676470588,1.90196078431,4.11764705882,3.18181818182,2.69230769231,1.57648156274,0.382859808093,0.201680672269,2.01465221053,0.978545359402,0.524369747899,1.74894926439,0.849489642704,0.463865546218,0.814492905316,0.428238537847,2.33333333333,1.90196078431,0.814492905316,2.33333333333,0,0,0,0,0.164242424242,17,17,17,1,0,0.352941176471,0.411764705882,0.235294117647,17,37,0.136029411765,1.88235294118,4.35294117647,3.36363636364,2.84615384615,1.69341284359,0.389027274878,0.193958664547,2.09866904602,0.964253345467,0.518282988871,1.87867287326,0.863174022847,0.470588235294,0.786197569093,0.41766745858,2.25,1.88235294118,0.786197569093,2.25,0.166339869281,0.0612244897959,3,0.00441176470588,0.185952380952,17,17,17,1,0,0.352941176471,0.411764705882,0.235294117647,0,0,0,0,0,0,0,0,0,0,0,0,0,0,0,0,0,0,0,0,0,0,0,0,0,0,0,0,0,37,0,0,235,1,1,0,0,1,1,1,1,1,1,2,2,0,0,0,0
2840,WLNM_dir_neg,1,0.5,00:00:00,10,70,16,1985449489,threshold_sweep,0.5,1,1,1,2,0,0,4,1,1,0,0,1,1,1,1,0.555555555556,1,1,1,37,35,2,0,37,0,35,0,2,17,37,0.136029411765,1.88235294118,4.35294117647,3.36363636364,2.84615384615,1.69341284359,0.389027274878,0.193958664547,2.09866904602,0.964253345467,0.518282988871,1.87867287326,0.863174022847,0.470588235294,0.786197569093,0.41766745858,2.25,1.88235294118,0.786197569093,2.25,0.166339869281,0.0612244897959,3,0.00441176470588,0.185952380952,17,17,17,1,0,0.352941176471,0.411764705882,0.235294117647,17,0.128676470588,1.90196078431,4.11764705882,3.18181818182,2.69230769231,1.57648156274,0.382859808093,0.201680672269,2.01465221053,0.978545359402,0.524369747899,1.74894926439,0.849489642704,0.463865546218,0.814492905316,0.428238537847,2.33333333333,1.90196078431,0.814492905316,2.33333333333,0,0,0,0,0.164242424242,17,17,17,1,0,0.352941176471,0.411764705882,0.235294117647,17,37,0.136029411765,1.88235294118,4.35294117647,3.36363636364,2.84615384615,1.69341284359,0.389027274878,0.193958664547,2.09866904602,0.964253345467,0.518282988871,1.87867287326,0.863174022847,0.470588235294,0.786197569093,0.41766745858,2.25,1.88235294118,0.786197569093,2.25,0.166339869281,0.0612244897959,3,0.00441176470588,0.185952380952,17,17,17,1,0,0.352941176471,0.411764705882,0.235294117647,0,0,0,0,0,0,0,0,0,0,0,0,0,0,0,0,0,0,0,0,0,0,0,0,0,0,0,0,0,37,0,0,235,1,1,0,0,1,1,1,1,1,1,2,2,0,0,0,0
2841,WLNM_dir_neg,1,0.5,00:00:00,10,70,16,1985449489,threshold_sweep,0.6,1,1,1,2,0,0,4,1,1,0,0,1,1,1,1,0.555555555556,1,1,1,37,35,2,0,37,0,35,0,2,17,37,0.136029411765,1.88235294118,4.35294117647,3.36363636364,2.84615384615,1.69341284359,0.389027274878,0.193958664547,2.09866904602,0.964253345467,0.518282988871,1.87867287326,0.863174022847,0.470588235294,0.786197569093,0.41766745858,2.25,1.88235294118,0.786197569093,2.25,0.166339869281,0.0612244897959,3,0.00441176470588,0.185952380952,17,17,17,1,0,0.352941176471,0.411764705882,0.235294117647,17,0.128676470588,1.90196078431,4.11764705882,3.18181818182,2.69230769231,1.57648156274,0.382859808093,0.201680672269,2.01465221053,0.978545359402,0.524369747899,1.74894926439,0.849489642704,0.463865546218,0.814492905316,0.428238537847,2.33333333333,1.90196078431,0.814492905316,2.33333333333,0,0,0,0,0.164242424242,17,17,17,1,0,0.352941176471,0.411764705882,0.235294117647,17,37,0.136029411765,1.88235294118,4.35294117647,3.36363636364,2.84615384615,1.69341284359,0.389027274878,0.193958664547,2.09866904602,0.964253345467,0.518282988871,1.87867287326,0.863174022847,0.470588235294,0.786197569093,0.41766745858,2.25,1.88235294118,0.786197569093,2.25,0.166339869281,0.0612244897959,3,0.00441176470588,0.185952380952,17,17,17,1,0,0.352941176471,0.411764705882,0.235294117647,0,0,0,0,0,0,0,0,0,0,0,0,0,0,0,0,0,0,0,0,0,0,0,0,0,0,0,0,0,37,0,0,235,1,1,0,0,1,1,1,1,1,1,2,2,0,0,0,0
2842,WLNM_dir_neg,1,0.5,00:00:00,10,70,16,1985449489,threshold_sweep,0.7,1,1,1,2,0,0,4,1,1,0,0,1,1,1,1,0.555555555556,1,1,1,37,35,2,0,37,0,35,0,2,17,37,0.136029411765,1.88235294118,4.35294117647,3.36363636364,2.84615384615,1.69341284359,0.389027274878,0.193958664547,2.09866904602,0.964253345467,0.518282988871,1.87867287326,0.863174022847,0.470588235294,0.786197569093,0.41766745858,2.25,1.88235294118,0.786197569093,2.25,0.166339869281,0.0612244897959,3,0.00441176470588,0.185952380952,17,17,17,1,0,0.352941176471,0.411764705882,0.235294117647,17,0.128676470588,1.90196078431,4.11764705882,3.18181818182,2.69230769231,1.57648156274,0.382859808093,0.201680672269,2.01465221053,0.978545359402,0.524369747899,1.74894926439,0.849489642704,0.463865546218,0.814492905316,0.428238537847,2.33333333333,1.90196078431,0.814492905316,2.33333333333,0,0,0,0,0.164242424242,17,17,17,1,0,0.352941176471,0.411764705882,0.235294117647,17,37,0.136029411765,1.88235294118,4.35294117647,3.36363636364,2.84615384615,1.69341284359,0.389027274878,0.193958664547,2.09866904602,0.964253345467,0.518282988871,1.87867287326,0.863174022847,0.470588235294,0.786197569093,0.41766745858,2.25,1.88235294118,0.786197569093,2.25,0.166339869281,0.0612244897959,3,0.00441176470588,0.185952380952,17,17,17,1,0,0.352941176471,0.411764705882,0.235294117647,0,0,0,0,0,0,0,0,0,0,0,0,0,0,0,0,0,0,0,0,0,0,0,0,0,0,0,0,0,37,0,0,235,1,1,0,0,1,1,1,1,1,1,2,2,0,0,0,0
2843,WLNM_dir_neg,1,0.5,00:00:00,10,70,16,1985449489,threshold_sweep,0.8,1,1,1,2,0,0,4,1,1,0,0,1,1,1,1,0.555555555556,1,1,1,37,35,2,0,37,0,35,0,2,17,37,0.136029411765,1.88235294118,4.35294117647,3.36363636364,2.84615384615,1.69341284359,0.389027274878,0.193958664547,2.09866904602,0.964253345467,0.518282988871,1.87867287326,0.863174022847,0.470588235294,0.786197569093,0.41766745858,2.25,1.88235294118,0.786197569093,2.25,0.166339869281,0.0612244897959,3,0.00441176470588,0.185952380952,17,17,17,1,0,0.352941176471,0.411764705882,0.235294117647,17,0.128676470588,1.90196078431,4.11764705882,3.18181818182,2.69230769231,1.57648156274,0.382859808093,0.201680672269,2.01465221053,0.978545359402,0.524369747899,1.74894926439,0.849489642704,0.463865546218,0.814492905316,0.428238537847,2.33333333333,1.90196078431,0.814492905316,2.33333333333,0,0,0,0,0.164242424242,17,17,17,1,0,0.352941176471,0.411764705882,0.235294117647,17,37,0.136029411765,1.88235294118,4.35294117647,3.36363636364,2.84615384615,1.69341284359,0.389027274878,0.193958664547,2.09866904602,0.964253345467,0.518282988871,1.87867287326,0.863174022847,0.470588235294,0.786197569093,0.41766745858,2.25,1.88235294118,0.786197569093,2.25,0.166339869281,0.0612244897959,3,0.00441176470588,0.185952380952,17,17,17,1,0,0.352941176471,0.411764705882,0.235294117647,0,0,0,0,0,0,0,0,0,0,0,0,0,0,0,0,0,0,0,0,0,0,0,0,0,0,0,0,0,37,0,0,235,1,1,0,0,1,1,1,1,1,1,2,2,0,0,0,0
2844,WLNM_dir_neg,1,0.5,00:00:00,10,70,16,1985449489,threshold_sweep,0.9,1,1,1,2,0,0,4,1,1,0,0,1,1,1,1,0.555555555556,1,1,1,37,35,2,0,37,0,35,0,2,17,37,0.136029411765,1.88235294118,4.35294117647,3.36363636364,2.84615384615,1.69341284359,0.389027274878,0.193958664547,2.09866904602,0.964253345467,0.518282988871,1.87867287326,0.863174022847,0.470588235294,0.786197569093,0.41766745858,2.25,1.88235294118,0.786197569093,2.25,0.166339869281,0.0612244897959,3,0.00441176470588,0.185952380952,17,17,17,1,0,0.352941176471,0.411764705882,0.235294117647,17,0.128676470588,1.90196078431,4.11764705882,3.18181818182,2.69230769231,1.57648156274,0.382859808093,0.201680672269,2.01465221053,0.978545359402,0.524369747899,1.74894926439,0.849489642704,0.463865546218,0.814492905316,0.428238537847,2.33333333333,1.90196078431,0.814492905316,2.33333333333,0,0,0,0,0.164242424242,17,17,17,1,0,0.352941176471,0.411764705882,0.235294117647,17,37,0.136029411765,1.88235294118,4.35294117647,3.36363636364,2.84615384615,1.69341284359,0.389027274878,0.193958664547,2.09866904602,0.964253345467,0.518282988871,1.87867287326,0.863174022847,0.470588235294,0.786197569093,0.41766745858,2.25,1.88235294118,0.786197569093,2.25,0.166339869281,0.0612244897959,3,0.00441176470588,0.185952380952,17,17,17,1,0,0.352941176471,0.411764705882,0.235294117647,0,0,0,0,0,0,0,0,0,0,0,0,0,0,0,0,0,0,0,0,0,0,0,0,0,0,0,0,0,37,0,0,235,1,1,0,0,1,1,1,1,1,1,2,2,0,0,0,0
2845,WLNM_dir_neg,1,0.5,00:00:00,10,70,17,1985449490,threshold_sweep,0.1,1,1,1,2,0,0,4,1,1,0,0,1,1,1,1,0.555555555556,1,1,1,37,35,2,0,37,0,35,0,2,17,37,0.136029411765,1.88235294118,4.35294117647,3.36363636364,2.84615384615,1.69341284359,0.389027274878,0.193958664547,2.09866904602,0.964253345467,0.518282988871,1.87867287326,0.863174022847,0.470588235294,0.786197569093,0.41766745858,2.25,1.88235294118,0.786197569093,2.25,0.166339869281,0.0612244897959,3,0.00441176470588,0.185952380952,17,17,17,1,0,0.352941176471,0.411764705882,0.235294117647,17,0.128676470588,1.90196078431,4.11764705882,3.18181818182,2.69230769231,1.57648156274,0.382859808093,0.201680672269,2.01465221053,0.978545359402,0.524369747899,1.74894926439,0.849489642704,0.463865546218,0.814492905316,0.428238537847,2.33333333333,1.90196078431,0.814492905316,2.33333333333,0,0,0,0,0.164242424242,17,17,17,1,0,0.352941176471,0.411764705882,0.235294117647,17,37,0.136029411765,1.88235294118,4.35294117647,3.36363636364,2.84615384615,1.69341284359,0.389027274878,0.193958664547,2.09866904602,0.964253345467,0.518282988871,1.87867287326,0.863174022847,0.470588235294,0.786197569093,0.41766745858,2.25,1.88235294118,0.786197569093,2.25,0.166339869281,0.0612244897959,3,0.00441176470588,0.185952380952,17,17,17,1,0,0.352941176471,0.411764705882,0.235294117647,0,0,0,0,0,0,0,0,0,0,0,0,0,0,0,0,0,0,0,0,0,0,0,0,0,0,0,0,0,37,0,0,235,1,1,0,0,1,1,1,1,1,1,2,2,0,0,0,0
2846,WLNM_dir_neg,1,0.5,00:00:00,10,70,17,1985449490,threshold_sweep,0.2,1,1,1,2,0,0,4,1,1,0,0,1,1,1,1,0.555555555556,1,1,1,37,35,2,0,37,0,35,0,2,17,37,0.136029411765,1.88235294118,4.35294117647,3.36363636364,2.84615384615,1.69341284359,0.389027274878,0.193958664547,2.09866904602,0.964253345467,0.518282988871,1.87867287326,0.863174022847,0.470588235294,0.786197569093,0.41766745858,2.25,1.88235294118,0.786197569093,2.25,0.166339869281,0.0612244897959,3,0.00441176470588,0.185952380952,17,17,17,1,0,0.352941176471,0.411764705882,0.235294117647,17,0.128676470588,1.90196078431,4.11764705882,3.18181818182,2.69230769231,1.57648156274,0.382859808093,0.201680672269,2.01465221053,0.978545359402,0.524369747899,1.74894926439,0.849489642704,0.463865546218,0.814492905316,0.428238537847,2.33333333333,1.90196078431,0.814492905316,2.33333333333,0,0,0,0,0.164242424242,17,17,17,1,0,0.352941176471,0.411764705882,0.235294117647,17,37,0.136029411765,1.88235294118,4.35294117647,3.36363636364,2.84615384615,1.69341284359,0.389027274878,0.193958664547,2.09866904602,0.964253345467,0.518282988871,1.87867287326,0.863174022847,0.470588235294,0.786197569093,0.41766745858,2.25,1.88235294118,0.786197569093,2.25,0.166339869281,0.0612244897959,3,0.00441176470588,0.185952380952,17,17,17,1,0,0.352941176471,0.411764705882,0.235294117647,0,0,0,0,0,0,0,0,0,0,0,0,0,0,0,0,0,0,0,0,0,0,0,0,0,0,0,0,0,37,0,0,235,1,1,0,0,1,1,1,1,1,1,2,2,0,0,0,0
2847,WLNM_dir_neg,1,0.5,00:00:00,10,70,17,1985449490,threshold_sweep,0.3,1,1,1,2,0,0,4,1,1,0,0,1,1,1,1,0.555555555556,1,1,1,37,35,2,0,37,0,35,0,2,17,37,0.136029411765,1.88235294118,4.35294117647,3.36363636364,2.84615384615,1.69341284359,0.389027274878,0.193958664547,2.09866904602,0.964253345467,0.518282988871,1.87867287326,0.863174022847,0.470588235294,0.786197569093,0.41766745858,2.25,1.88235294118,0.786197569093,2.25,0.166339869281,0.0612244897959,3,0.00441176470588,0.185952380952,17,17,17,1,0,0.352941176471,0.411764705882,0.235294117647,17,0.128676470588,1.90196078431,4.11764705882,3.18181818182,2.69230769231,1.57648156274,0.382859808093,0.201680672269,2.01465221053,0.978545359402,0.524369747899,1.74894926439,0.849489642704,0.463865546218,0.814492905316,0.428238537847,2.33333333333,1.90196078431,0.814492905316,2.33333333333,0,0,0,0,0.164242424242,17,17,17,1,0,0.352941176471,0.411764705882,0.235294117647,17,37,0.136029411765,1.88235294118,4.35294117647,3.36363636364,2.84615384615,1.69341284359,0.389027274878,0.193958664547,2.09866904602,0.964253345467,0.518282988871,1.87867287326,0.863174022847,0.470588235294,0.786197569093,0.41766745858,2.25,1.88235294118,0.786197569093,2.25,0.166339869281,0.0612244897959,3,0.00441176470588,0.185952380952,17,17,17,1,0,0.352941176471,0.411764705882,0.235294117647,0,0,0,0,0,0,0,0,0,0,0,0,0,0,0,0,0,0,0,0,0,0,0,0,0,0,0,0,0,37,0,0,235,1,1,0,0,1,1,1,1,1,1,2,2,0,0,0,0
2848,WLNM_dir_neg,1,0.5,00:00:00,10,70,17,1985449490,threshold_sweep,0.4,1,1,1,2,0,0,4,1,1,0,0,1,1,1,1,0.555555555556,1,1,1,37,35,2,0,37,0,35,0,2,17,37,0.136029411765,1.88235294118,4.35294117647,3.36363636364,2.84615384615,1.69341284359,0.389027274878,0.193958664547,2.09866904602,0.964253345467,0.518282988871,1.87867287326,0.863174022847,0.470588235294,0.786197569093,0.41766745858,2.25,1.88235294118,0.786197569093,2.25,0.166339869281,0.0612244897959,3,0.00441176470588,0.185952380952,17,17,17,1,0,0.352941176471,0.411764705882,0.235294117647,17,0.128676470588,1.90196078431,4.11764705882,3.18181818182,2.69230769231,1.57648156274,0.382859808093,0.201680672269,2.01465221053,0.978545359402,0.524369747899,1.74894926439,0.849489642704,0.463865546218,0.814492905316,0.428238537847,2.33333333333,1.90196078431,0.814492905316,2.33333333333,0,0,0,0,0.164242424242,17,17,17,1,0,0.352941176471,0.411764705882,0.235294117647,17,37,0.136029411765,1.88235294118,4.35294117647,3.36363636364,2.84615384615,1.69341284359,0.389027274878,0.193958664547,2.09866904602,0.964253345467,0.518282988871,1.87867287326,0.863174022847,0.470588235294,0.786197569093,0.41766745858,2.25,1.88235294118,0.786197569093,2.25,0.166339869281,0.0612244897959,3,0.00441176470588,0.185952380952,17,17,17,1,0,0.352941176471,0.411764705882,0.235294117647,0,0,0,0,0,0,0,0,0,0,0,0,0,0,0,0,0,0,0,0,0,0,0,0,0,0,0,0,0,37,0,0,235,1,1,0,0,1,1,1,1,1,1,2,2,0,0,0,0
2849,WLNM_dir_neg,1,0.5,00:00:00,10,70,17,1985449490,threshold_sweep,0.5,1,1,1,2,0,0,4,1,1,0,0,1,1,1,1,0.555555555556,1,1,1,37,35,2,0,37,0,35,0,2,17,37,0.136029411765,1.88235294118,4.35294117647,3.36363636364,2.84615384615,1.69341284359,0.389027274878,0.193958664547,2.09866904602,0.964253345467,0.518282988871,1.87867287326,0.863174022847,0.470588235294,0.786197569093,0.41766745858,2.25,1.88235294118,0.786197569093,2.25,0.166339869281,0.0612244897959,3,0.00441176470588,0.185952380952,17,17,17,1,0,0.352941176471,0.411764705882,0.235294117647,17,0.128676470588,1.90196078431,4.11764705882,3.18181818182,2.69230769231,1.57648156274,0.382859808093,0.201680672269,2.01465221053,0.978545359402,0.524369747899,1.74894926439,0.849489642704,0.463865546218,0.814492905316,0.428238537847,2.33333333333,1.90196078431,0.814492905316,2.33333333333,0,0,0,0,0.164242424242,17,17,17,1,0,0.352941176471,0.411764705882,0.235294117647,17,37,0.136029411765,1.88235294118,4.35294117647,3.36363636364,2.84615384615,1.69341284359,0.389027274878,0.193958664547,2.09866904602,0.964253345467,0.518282988871,1.87867287326,0.863174022847,0.470588235294,0.786197569093,0.41766745858,2.25,1.88235294118,0.786197569093,2.25,0.166339869281,0.0612244897959,3,0.00441176470588,0.185952380952,17,17,17,1,0,0.352941176471,0.411764705882,0.235294117647,0,0,0,0,0,0,0,0,0,0,0,0,0,0,0,0,0,0,0,0,0,0,0,0,0,0,0,0,0,37,0,0,235,1,1,0,0,1,1,1,1,1,1,2,2,0,0,0,0
2850,WLNM_dir_neg,1,0.5,00:00:00,10,70,17,1985449490,threshold_sweep,0.6,1,1,1,2,0,0,4,1,1,0,0,1,1,1,1,0.555555555556,1,1,1,37,35,2,0,37,0,35,0,2,17,37,0.136029411765,1.88235294118,4.35294117647,3.36363636364,2.84615384615,1.69341284359,0.389027274878,0.193958664547,2.09866904602,0.964253345467,0.518282988871,1.87867287326,0.863174022847,0.470588235294,0.786197569093,0.41766745858,2.25,1.88235294118,0.786197569093,2.25,0.166339869281,0.0612244897959,3,0.00441176470588,0.185952380952,17,17,17,1,0,0.352941176471,0.411764705882,0.235294117647,17,0.128676470588,1.90196078431,4.11764705882,3.18181818182,2.69230769231,1.57648156274,0.382859808093,0.201680672269,2.01465221053,0.978545359402,0.524369747899,1.74894926439,0.849489642704,0.463865546218,0.814492905316,0.428238537847,2.33333333333,1.90196078431,0.814492905316,2.33333333333,0,0,0,0,0.164242424242,17,17,17,1,0,0.352941176471,0.411764705882,0.235294117647,17,37,0.136029411765,1.88235294118,4.35294117647,3.36363636364,2.84615384615,1.69341284359,0.389027274878,0.193958664547,2.09866904602,0.964253345467,0.518282988871,1.87867287326,0.863174022847,0.470588235294,0.786197569093,0.41766745858,2.25,1.88235294118,0.786197569093,2.25,0.166339869281,0.0612244897959,3,0.00441176470588,0.185952380952,17,17,17,1,0,0.352941176471,0.411764705882,0.235294117647,0,0,0,0,0,0,0,0,0,0,0,0,0,0,0,0,0,0,0,0,0,0,0,0,0,0,0,0,0,37,0,0,235,1,1,0,0,1,1,1,1,1,1,2,2,0,0,0,0
2851,WLNM_dir_neg,1,0.5,00:00:00,10,70,17,1985449490,threshold_sweep,0.7,1,1,1,2,0,0,4,1,1,0,0,1,1,1,1,0.555555555556,1,1,1,37,35,2,0,37,0,35,0,2,17,37,0.136029411765,1.88235294118,4.35294117647,3.36363636364,2.84615384615,1.69341284359,0.389027274878,0.193958664547,2.09866904602,0.964253345467,0.518282988871,1.87867287326,0.863174022847,0.470588235294,0.786197569093,0.41766745858,2.25,1.88235294118,0.786197569093,2.25,0.166339869281,0.0612244897959,3,0.00441176470588,0.185952380952,17,17,17,1,0,0.352941176471,0.411764705882,0.235294117647,17,0.128676470588,1.90196078431,4.11764705882,3.18181818182,2.69230769231,1.57648156274,0.382859808093,0.201680672269,2.01465221053,0.978545359402,0.524369747899,1.74894926439,0.849489642704,0.463865546218,0.814492905316,0.428238537847,2.33333333333,1.90196078431,0.814492905316,2.33333333333,0,0,0,0,0.164242424242,17,17,17,1,0,0.352941176471,0.411764705882,0.235294117647,17,37,0.136029411765,1.88235294118,4.35294117647,3.36363636364,2.84615384615,1.69341284359,0.389027274878,0.193958664547,2.09866904602,0.964253345467,0.518282988871,1.87867287326,0.863174022847,0.470588235294,0.786197569093,0.41766745858,2.25,1.88235294118,0.786197569093,2.25,0.166339869281,0.0612244897959,3,0.00441176470588,0.185952380952,17,17,17,1,0,0.352941176471,0.411764705882,0.235294117647,0,0,0,0,0,0,0,0,0,0,0,0,0,0,0,0,0,0,0,0,0,0,0,0,0,0,0,0,0,37,0,0,235,1,1,0,0,1,1,1,1,1,1,2,2,0,0,0,0
2852,WLNM_dir_neg,1,0.5,00:00:00,10,70,17,1985449490,threshold_sweep,0.8,1,1,1,2,0,0,4,1,1,0,0,1,1,1,1,0.555555555556,1,1,1,37,35,2,0,37,0,35,0,2,17,37,0.136029411765,1.88235294118,4.35294117647,3.36363636364,2.84615384615,1.69341284359,0.389027274878,0.193958664547,2.09866904602,0.964253345467,0.518282988871,1.87867287326,0.863174022847,0.470588235294,0.786197569093,0.41766745858,2.25,1.88235294118,0.786197569093,2.25,0.166339869281,0.0612244897959,3,0.00441176470588,0.185952380952,17,17,17,1,0,0.352941176471,0.411764705882,0.235294117647,17,0.128676470588,1.90196078431,4.11764705882,3.18181818182,2.69230769231,1.57648156274,0.382859808093,0.201680672269,2.01465221053,0.978545359402,0.524369747899,1.74894926439,0.849489642704,0.463865546218,0.814492905316,0.428238537847,2.33333333333,1.90196078431,0.814492905316,2.33333333333,0,0,0,0,0.164242424242,17,17,17,1,0,0.352941176471,0.411764705882,0.235294117647,17,37,0.136029411765,1.88235294118,4.35294117647,3.36363636364,2.84615384615,1.69341284359,0.389027274878,0.193958664547,2.09866904602,0.964253345467,0.518282988871,1.87867287326,0.863174022847,0.470588235294,0.786197569093,0.41766745858,2.25,1.88235294118,0.786197569093,2.25,0.166339869281,0.0612244897959,3,0.00441176470588,0.185952380952,17,17,17,1,0,0.352941176471,0.411764705882,0.235294117647,0,0,0,0,0,0,0,0,0,0,0,0,0,0,0,0,0,0,0,0,0,0,0,0,0,0,0,0,0,37,0,0,235,1,1,0,0,1,1,1,1,1,1,2,2,0,0,0,0
2853,WLNM_dir_neg,1,0.5,00:00:00,10,70,17,1985449490,threshold_sweep,0.9,1,1,1,2,0,0,4,1,1,0,0,1,1,1,1,0.555555555556,1,1,1,37,35,2,0,37,0,35,0,2,17,37,0.136029411765,1.88235294118,4.35294117647,3.36363636364,2.84615384615,1.69341284359,0.389027274878,0.193958664547,2.09866904602,0.964253345467,0.518282988871,1.87867287326,0.863174022847,0.470588235294,0.786197569093,0.41766745858,2.25,1.88235294118,0.786197569093,2.25,0.166339869281,0.0612244897959,3,0.00441176470588,0.185952380952,17,17,17,1,0,0.352941176471,0.411764705882,0.235294117647,17,0.128676470588,1.90196078431,4.11764705882,3.18181818182,2.69230769231,1.57648156274,0.382859808093,0.201680672269,2.01465221053,0.978545359402,0.524369747899,1.74894926439,0.849489642704,0.463865546218,0.814492905316,0.428238537847,2.33333333333,1.90196078431,0.814492905316,2.33333333333,0,0,0,0,0.164242424242,17,17,17,1,0,0.352941176471,0.411764705882,0.235294117647,17,37,0.136029411765,1.88235294118,4.35294117647,3.36363636364,2.84615384615,1.69341284359,0.389027274878,0.193958664547,2.09866904602,0.964253345467,0.518282988871,1.87867287326,0.863174022847,0.470588235294,0.786197569093,0.41766745858,2.25,1.88235294118,0.786197569093,2.25,0.166339869281,0.0612244897959,3,0.00441176470588,0.185952380952,17,17,17,1,0,0.352941176471,0.411764705882,0.235294117647,0,0,0,0,0,0,0,0,0,0,0,0,0,0,0,0,0,0,0,0,0,0,0,0,0,0,0,0,0,37,0,0,235,1,1,0,0,1,1,1,1,1,1,2,2,0,0,0,0
2854,WLNM_dir_neg,1,0.5,00:00:00,10,70,18,1985449491,threshold_sweep,0.1,0.666666666667,1,0.8,2,1,0,3,1,0.75,0.25,0,0.666666666667,1,0.8,0.833333333333,0.5,0.666666666667,0.707106781187,0.75,37,35,2,0,37,0,35,0,2,17,37,0.136029411765,1.88235294118,4.35294117647,3.36363636364,2.84615384615,1.69341284359,0.389027274878,0.193958664547,2.09866904602,0.964253345467,0.518282988871,1.87867287326,0.863174022847,0.470588235294,0.786197569093,0.41766745858,2.25,1.88235294118,0.786197569093,2.25,0.166339869281,0.0612244897959,3,0.00441176470588,0.185952380952,17,17,17,1,0,0.352941176471,0.411764705882,0.235294117647,17,0.128676470588,1.90196078431,4.11764705882,3.18181818182,2.69230769231,1.57648156274,0.382859808093,0.201680672269,2.01465221053,0.978545359402,0.524369747899,1.74894926439,0.849489642704,0.463865546218,0.814492905316,0.428238537847,2.33333333333,1.90196078431,0.814492905316,2.33333333333,0,0,0,0,0.164242424242,17,17,17,1,0,0.352941176471,0.411764705882,0.235294117647,17,38,0.139705882353,1.95334224599,4.47058823529,3.45454545455,2.71428571429,1.87475488594,0.419353066592,0.201238390093,2.19457888229,0.981785289445,0.529411764706,1.82103719638,0.814674535221,0.442724458204,0.870642232038,0.445719245476,2.45454545455,1.95334224599,0.870642232038,2.45454545455,0.166339869281,0.0612244897959,3,0.00441176470588,0.178506493506,17,17,17,1,0,0.352941176471,0.470588235294,0.176470588235,1,0.00367647058824,0.0709893048128,0.117647058824,0.0909090909091,-0.131868131868,0.181342042353,0.0303257917137,0.00727972554598,0.0959098362728,0.0175319439782,0.0111287758347,-0.0576356768785,-0.0484994876259,-0.0278637770898,0.0844446629454,0.0280517868952,0.204545454545,0.0709893048128,0.0844446629454,0.204545454545,0,0,0,0,-0.00744588744589,0,0.0588235294118,-0.0588235294118,37,1,0,234,1,0.995744680851,0.00425531914894,0,0.973684210526,1,0.986666666667,0.984652666406,0.995744680851,0.973684210526,3,2,0,0,0,0
2855,WLNM_dir_neg,1,0.5,00:00:00,10,70,18,1985449491,threshold_sweep,0.2,0.666666666667,1,0.8,2,1,0,3,1,0.75,0.25,0,0.666666666667,1,0.8,0.833333333333,0.5,0.666666666667,0.707106781187,0.75,37,35,2,0,37,0,35,0,2,17,37,0.136029411765,1.88235294118,4.35294117647,3.36363636364,2.84615384615,1.69341284359,0.389027274878,0.193958664547,2.09866904602,0.964253345467,0.518282988871,1.87867287326,0.863174022847,0.470588235294,0.786197569093,0.41766745858,2.25,1.88235294118,0.786197569093,2.25,0.166339869281,0.0612244897959,3,0.00441176470588,0.185952380952,17,17,17,1,0,0.352941176471,0.411764705882,0.235294117647,17,0.128676470588,1.90196078431,4.11764705882,3.18181818182,2.69230769231,1.57648156274,0.382859808093,0.201680672269,2.01465221053,0.978545359402,0.524369747899,1.74894926439,0.849489642704,0.463865546218,0.814492905316,0.428238537847,2.33333333333,1.90196078431,0.814492905316,2.33333333333,0,0,0,0,0.164242424242,17,17,17,1,0,0.352941176471,0.411764705882,0.235294117647,17,38,0.139705882353,1.95334224599,4.47058823529,3.45454545455,2.71428571429,1.87475488594,0.419353066592,0.201238390093,2.19457888229,0.981785289445,0.529411764706,1.82103719638,0.814674535221,0.442724458204,0.870642232038,0.445719245476,2.45454545455,1.95334224599,0.870642232038,2.45454545455,0.166339869281,0.0612244897959,3,0.00441176470588,0.178506493506,17,17,17,1,0,0.352941176471,0.470588235294,0.176470588235,1,0.00367647058824,0.0709893048128,0.117647058824,0.0909090909091,-0.131868131868,0.181342042353,0.0303257917137,0.00727972554598,0.0959098362728,0.0175319439782,0.0111287758347,-0.0576356768785,-0.0484994876259,-0.0278637770898,0.0844446629454,0.0280517868952,0.204545454545,0.0709893048128,0.0844446629454,0.204545454545,0,0,0,0,-0.00744588744589,0,0.0588235294118,-0.0588235294118,37,1,0,234,1,0.995744680851,0.00425531914894,0,0.973684210526,1,0.986666666667,0.984652666406,0.995744680851,0.973684210526,3,2,0,0,0,0
2856,WLNM_dir_neg,1,0.5,00:00:00,10,70,18,1985449491,threshold_sweep,0.3,0.666666666667,1,0.8,2,1,0,3,1,0.75,0.25,0,0.666666666667,1,0.8,0.833333333333,0.5,0.666666666667,0.707106781187,0.75,37,35,2,0,37,0,35,0,2,17,37,0.136029411765,1.88235294118,4.35294117647,3.36363636364,2.84615384615,1.69341284359,0.389027274878,0.193958664547,2.09866904602,0.964253345467,0.518282988871,1.87867287326,0.863174022847,0.470588235294,0.786197569093,0.41766745858,2.25,1.88235294118,0.786197569093,2.25,0.166339869281,0.0612244897959,3,0.00441176470588,0.185952380952,17,17,17,1,0,0.352941176471,0.411764705882,0.235294117647,17,0.128676470588,1.90196078431,4.11764705882,3.18181818182,2.69230769231,1.57648156274,0.382859808093,0.201680672269,2.01465221053,0.978545359402,0.524369747899,1.74894926439,0.849489642704,0.463865546218,0.814492905316,0.428238537847,2.33333333333,1.90196078431,0.814492905316,2.33333333333,0,0,0,0,0.164242424242,17,17,17,1,0,0.352941176471,0.411764705882,0.235294117647,17,38,0.139705882353,1.95334224599,4.47058823529,3.45454545455,2.71428571429,1.87475488594,0.419353066592,0.201238390093,2.19457888229,0.981785289445,0.529411764706,1.82103719638,0.814674535221,0.442724458204,0.870642232038,0.445719245476,2.45454545455,1.95334224599,0.870642232038,2.45454545455,0.166339869281,0.0612244897959,3,0.00441176470588,0.178506493506,17,17,17,1,0,0.352941176471,0.470588235294,0.176470588235,1,0.00367647058824,0.0709893048128,0.117647058824,0.0909090909091,-0.131868131868,0.181342042353,0.0303257917137,0.00727972554598,0.0959098362728,0.0175319439782,0.0111287758347,-0.0576356768785,-0.0484994876259,-0.0278637770898,0.0844446629454,0.0280517868952,0.204545454545,0.0709893048128,0.0844446629454,0.204545454545,0,0,0,0,-0.00744588744589,0,0.0588235294118,-0.0588235294118,37,1,0,234,1,0.995744680851,0.00425531914894,0,0.973684210526,1,0.986666666667,0.984652666406,0.995744680851,0.973684210526,3,2,0,0,0,0
2857,WLNM_dir_neg,1,0.5,00:00:00,10,70,18,1985449491,threshold_sweep,0.4,0.666666666667,1,0.8,2,1,0,3,1,0.75,0.25,0,0.666666666667,1,0.8,0.833333333333,0.5,0.666666666667,0.707106781187,0.75,37,35,2,0,37,0,35,0,2,17,37,0.136029411765,1.88235294118,4.35294117647,3.36363636364,2.84615384615,1.69341284359,0.389027274878,0.193958664547,2.09866904602,0.964253345467,0.518282988871,1.87867287326,0.863174022847,0.470588235294,0.786197569093,0.41766745858,2.25,1.88235294118,0.786197569093,2.25,0.166339869281,0.0612244897959,3,0.00441176470588,0.185952380952,17,17,17,1,0,0.352941176471,0.411764705882,0.235294117647,17,0.128676470588,1.90196078431,4.11764705882,3.18181818182,2.69230769231,1.57648156274,0.382859808093,0.201680672269,2.01465221053,0.978545359402,0.524369747899,1.74894926439,0.849489642704,0.463865546218,0.814492905316,0.428238537847,2.33333333333,1.90196078431,0.814492905316,2.33333333333,0,0,0,0,0.164242424242,17,17,17,1,0,0.352941176471,0.411764705882,0.235294117647,17,38,0.139705882353,1.95334224599,4.47058823529,3.45454545455,2.71428571429,1.87475488594,0.419353066592,0.201238390093,2.19457888229,0.981785289445,0.529411764706,1.82103719638,0.814674535221,0.442724458204,0.870642232038,0.445719245476,2.45454545455,1.95334224599,0.870642232038,2.45454545455,0.166339869281,0.0612244897959,3,0.00441176470588,0.178506493506,17,17,17,1,0,0.352941176471,0.470588235294,0.176470588235,1,0.00367647058824,0.0709893048128,0.117647058824,0.0909090909091,-0.131868131868,0.181342042353,0.0303257917137,0.00727972554598,0.0959098362728,0.0175319439782,0.0111287758347,-0.0576356768785,-0.0484994876259,-0.0278637770898,0.0844446629454,0.0280517868952,0.204545454545,0.0709893048128,0.0844446629454,0.204545454545,0,0,0,0,-0.00744588744589,0,0.0588235294118,-0.0588235294118,37,1,0,234,1,0.995744680851,0.00425531914894,0,0.973684210526,1,0.986666666667,0.984652666406,0.995744680851,0.973684210526,3,2,0,0,0,0
2858,WLNM_dir_neg,1,0.5,00:00:00,10,70,18,1985449491,threshold_sweep,0.5,0.666666666667,1,0.8,2,1,0,3,1,0.75,0.25,0,0.666666666667,1,0.8,0.833333333333,0.5,0.666666666667,0.707106781187,0.75,37,35,2,0,37,0,35,0,2,17,37,0.136029411765,1.88235294118,4.35294117647,3.36363636364,2.84615384615,1.69341284359,0.389027274878,0.193958664547,2.09866904602,0.964253345467,0.518282988871,1.87867287326,0.863174022847,0.470588235294,0.786197569093,0.41766745858,2.25,1.88235294118,0.786197569093,2.25,0.166339869281,0.0612244897959,3,0.00441176470588,0.185952380952,17,17,17,1,0,0.352941176471,0.411764705882,0.235294117647,17,0.128676470588,1.90196078431,4.11764705882,3.18181818182,2.69230769231,1.57648156274,0.382859808093,0.201680672269,2.01465221053,0.978545359402,0.524369747899,1.74894926439,0.849489642704,0.463865546218,0.814492905316,0.428238537847,2.33333333333,1.90196078431,0.814492905316,2.33333333333,0,0,0,0,0.164242424242,17,17,17,1,0,0.352941176471,0.411764705882,0.235294117647,17,38,0.139705882353,1.95334224599,4.47058823529,3.45454545455,2.71428571429,1.87475488594,0.419353066592,0.201238390093,2.19457888229,0.981785289445,0.529411764706,1.82103719638,0.814674535221,0.442724458204,0.870642232038,0.445719245476,2.45454545455,1.95334224599,0.870642232038,2.45454545455,0.166339869281,0.0612244897959,3,0.00441176470588,0.178506493506,17,17,17,1,0,0.352941176471,0.470588235294,0.176470588235,1,0.00367647058824,0.0709893048128,0.117647058824,0.0909090909091,-0.131868131868,0.181342042353,0.0303257917137,0.00727972554598,0.0959098362728,0.0175319439782,0.0111287758347,-0.0576356768785,-0.0484994876259,-0.0278637770898,0.0844446629454,0.0280517868952,0.204545454545,0.0709893048128,0.0844446629454,0.204545454545,0,0,0,0,-0.00744588744589,0,0.0588235294118,-0.0588235294118,37,1,0,234,1,0.995744680851,0.00425531914894,0,0.973684210526,1,0.986666666667,0.984652666406,0.995744680851,0.973684210526,3,2,0,0,0,0
2859,WLNM_dir_neg,1,0.5,00:00:00,10,70,18,1985449491,threshold_sweep,0.6,0.666666666667,1,0.8,2,1,0,3,1,0.75,0.25,0,0.666666666667,1,0.8,0.833333333333,0.5,0.666666666667,0.707106781187,0.75,37,35,2,0,37,0,35,0,2,17,37,0.136029411765,1.88235294118,4.35294117647,3.36363636364,2.84615384615,1.69341284359,0.389027274878,0.193958664547,2.09866904602,0.964253345467,0.518282988871,1.87867287326,0.863174022847,0.470588235294,0.786197569093,0.41766745858,2.25,1.88235294118,0.786197569093,2.25,0.166339869281,0.0612244897959,3,0.00441176470588,0.185952380952,17,17,17,1,0,0.352941176471,0.411764705882,0.235294117647,17,0.128676470588,1.90196078431,4.11764705882,3.18181818182,2.69230769231,1.57648156274,0.382859808093,0.201680672269,2.01465221053,0.978545359402,0.524369747899,1.74894926439,0.849489642704,0.463865546218,0.814492905316,0.428238537847,2.33333333333,1.90196078431,0.814492905316,2.33333333333,0,0,0,0,0.164242424242,17,17,17,1,0,0.352941176471,0.411764705882,0.235294117647,17,38,0.139705882353,1.95334224599,4.47058823529,3.45454545455,2.71428571429,1.87475488594,0.419353066592,0.201238390093,2.19457888229,0.981785289445,0.529411764706,1.82103719638,0.814674535221,0.442724458204,0.870642232038,0.445719245476,2.45454545455,1.95334224599,0.870642232038,2.45454545455,0.166339869281,0.0612244897959,3,0.00441176470588,0.178506493506,17,17,17,1,0,0.352941176471,0.470588235294,0.176470588235,1,0.00367647058824,0.0709893048128,0.117647058824,0.0909090909091,-0.131868131868,0.181342042353,0.0303257917137,0.00727972554598,0.0959098362728,0.0175319439782,0.0111287758347,-0.0576356768785,-0.0484994876259,-0.0278637770898,0.0844446629454,0.0280517868952,0.204545454545,0.0709893048128,0.0844446629454,0.204545454545,0,0,0,0,-0.00744588744589,0,0.0588235294118,-0.0588235294118,37,1,0,234,1,0.995744680851,0.00425531914894,0,0.973684210526,1,0.986666666667,0.984652666406,0.995744680851,0.973684210526,3,2,0,0,0,0
2860,WLNM_dir_neg,1,0.5,00:00:00,10,70,18,1985449491,threshold_sweep,0.7,1,1,1,2,0,0,4,1,1,0,0,1,1,1,1,0.555555555556,1,1,1,37,35,2,0,37,0,35,0,2,17,37,0.136029411765,1.88235294118,4.35294117647,3.36363636364,2.84615384615,1.69341284359,0.389027274878,0.193958664547,2.09866904602,0.964253345467,0.518282988871,1.87867287326,0.863174022847,0.470588235294,0.786197569093,0.41766745858,2.25,1.88235294118,0.786197569093,2.25,0.166339869281,0.0612244897959,3,0.00441176470588,0.185952380952,17,17,17,1,0,0.352941176471,0.411764705882,0.235294117647,17,0.128676470588,1.90196078431,4.11764705882,3.18181818182,2.69230769231,1.57648156274,0.382859808093,0.201680672269,2.01465221053,0.978545359402,0.524369747899,1.74894926439,0.849489642704,0.463865546218,0.814492905316,0.428238537847,2.33333333333,1.90196078431,0.814492905316,2.33333333333,0,0,0,0,0.164242424242,17,17,17,1,0,0.352941176471,0.411764705882,0.235294117647,17,37,0.136029411765,1.88235294118,4.35294117647,3.36363636364,2.84615384615,1.69341284359,0.389027274878,0.193958664547,2.09866904602,0.964253345467,0.518282988871,1.87867287326,0.863174022847,0.470588235294,0.786197569093,0.41766745858,2.25,1.88235294118,0.786197569093,2.25,0.166339869281,0.0612244897959,3,0.00441176470588,0.185952380952,17,17,17,1,0,0.352941176471,0.411764705882,0.235294117647,0,0,0,0,0,0,0,0,0,0,0,0,0,0,0,0,0,0,0,0,0,0,0,0,0,0,0,0,0,37,0,0,235,1,1,0,0,1,1,1,1,1,1,2,2,0,0,0,0
2861,WLNM_dir_neg,1,0.5,00:00:00,10,70,18,1985449491,threshold_sweep,0.8,1,1,1,2,0,0,4,1,1,0,0,1,1,1,1,0.555555555556,1,1,1,37,35,2,0,37,0,35,0,2,17,37,0.136029411765,1.88235294118,4.35294117647,3.36363636364,2.84615384615,1.69341284359,0.389027274878,0.193958664547,2.09866904602,0.964253345467,0.518282988871,1.87867287326,0.863174022847,0.470588235294,0.786197569093,0.41766745858,2.25,1.88235294118,0.786197569093,2.25,0.166339869281,0.0612244897959,3,0.00441176470588,0.185952380952,17,17,17,1,0,0.352941176471,0.411764705882,0.235294117647,17,0.128676470588,1.90196078431,4.11764705882,3.18181818182,2.69230769231,1.57648156274,0.382859808093,0.201680672269,2.01465221053,0.978545359402,0.524369747899,1.74894926439,0.849489642704,0.463865546218,0.814492905316,0.428238537847,2.33333333333,1.90196078431,0.814492905316,2.33333333333,0,0,0,0,0.164242424242,17,17,17,1,0,0.352941176471,0.411764705882,0.235294117647,17,37,0.136029411765,1.88235294118,4.35294117647,3.36363636364,2.84615384615,1.69341284359,0.389027274878,0.193958664547,2.09866904602,0.964253345467,0.518282988871,1.87867287326,0.863174022847,0.470588235294,0.786197569093,0.41766745858,2.25,1.88235294118,0.786197569093,2.25,0.166339869281,0.0612244897959,3,0.00441176470588,0.185952380952,17,17,17,1,0,0.352941176471,0.411764705882,0.235294117647,0,0,0,0,0,0,0,0,0,0,0,0,0,0,0,0,0,0,0,0,0,0,0,0,0,0,0,0,0,37,0,0,235,1,1,0,0,1,1,1,1,1,1,2,2,0,0,0,0
2862,WLNM_dir_neg,1,0.5,00:00:00,10,70,18,1985449491,threshold_sweep,0.9,1,1,1,2,0,0,4,1,1,0,0,1,1,1,1,0.555555555556,1,1,1,37,35,2,0,37,0,35,0,2,17,37,0.136029411765,1.88235294118,4.35294117647,3.36363636364,2.84615384615,1.69341284359,0.389027274878,0.193958664547,2.09866904602,0.964253345467,0.518282988871,1.87867287326,0.863174022847,0.470588235294,0.786197569093,0.41766745858,2.25,1.88235294118,0.786197569093,2.25,0.166339869281,0.0612244897959,3,0.00441176470588,0.185952380952,17,17,17,1,0,0.352941176471,0.411764705882,0.235294117647,17,0.128676470588,1.90196078431,4.11764705882,3.18181818182,2.69230769231,1.57648156274,0.382859808093,0.201680672269,2.01465221053,0.978545359402,0.524369747899,1.74894926439,0.849489642704,0.463865546218,0.814492905316,0.428238537847,2.33333333333,1.90196078431,0.814492905316,2.33333333333,0,0,0,0,0.164242424242,17,17,17,1,0,0.352941176471,0.411764705882,0.235294117647,17,37,0.136029411765,1.88235294118,4.35294117647,3.36363636364,2.84615384615,1.69341284359,0.389027274878,0.193958664547,2.09866904602,0.964253345467,0.518282988871,1.87867287326,0.863174022847,0.470588235294,0.786197569093,0.41766745858,2.25,1.88235294118,0.786197569093,2.25,0.166339869281,0.0612244897959,3,0.00441176470588,0.185952380952,17,17,17,1,0,0.352941176471,0.411764705882,0.235294117647,0,0,0,0,0,0,0,0,0,0,0,0,0,0,0,0,0,0,0,0,0,0,0,0,0,0,0,0,0,37,0,0,235,1,1,0,0,1,1,1,1,1,1,2,2,0,0,0,0
2863,WLNM_dir_neg,1,0.5,00:00:00,10,70,19,1985449492,threshold_sweep,0.1,1,1,1,2,0,0,4,1,1,0,0,1,1,1,1,0.555555555556,1,1,1,37,35,2,0,37,0,35,0,2,17,37,0.136029411765,1.88235294118,4.35294117647,3.36363636364,2.84615384615,1.69341284359,0.389027274878,0.193958664547,2.09866904602,0.964253345467,0.518282988871,1.87867287326,0.863174022847,0.470588235294,0.786197569093,0.41766745858,2.25,1.88235294118,0.786197569093,2.25,0.166339869281,0.0612244897959,3,0.00441176470588,0.185952380952,17,17,17,1,0,0.352941176471,0.411764705882,0.235294117647,17,0.128676470588,1.90196078431,4.11764705882,3.18181818182,2.69230769231,1.57648156274,0.382859808093,0.201680672269,2.01465221053,0.978545359402,0.524369747899,1.74894926439,0.849489642704,0.463865546218,0.814492905316,0.428238537847,2.33333333333,1.90196078431,0.814492905316,2.33333333333,0,0,0,0,0.164242424242,17,17,17,1,0,0.352941176471,0.411764705882,0.235294117647,17,37,0.136029411765,1.88235294118,4.35294117647,3.36363636364,2.84615384615,1.69341284359,0.389027274878,0.193958664547,2.09866904602,0.964253345467,0.518282988871,1.87867287326,0.863174022847,0.470588235294,0.786197569093,0.41766745858,2.25,1.88235294118,0.786197569093,2.25,0.166339869281,0.0612244897959,3,0.00441176470588,0.185952380952,17,17,17,1,0,0.352941176471,0.411764705882,0.235294117647,0,0,0,0,0,0,0,0,0,0,0,0,0,0,0,0,0,0,0,0,0,0,0,0,0,0,0,0,0,37,0,0,235,1,1,0,0,1,1,1,1,1,1,2,2,0,0,0,0
2864,WLNM_dir_neg,1,0.5,00:00:00,10,70,19,1985449492,threshold_sweep,0.2,1,1,1,2,0,0,4,1,1,0,0,1,1,1,1,0.555555555556,1,1,1,37,35,2,0,37,0,35,0,2,17,37,0.136029411765,1.88235294118,4.35294117647,3.36363636364,2.84615384615,1.69341284359,0.389027274878,0.193958664547,2.09866904602,0.964253345467,0.518282988871,1.87867287326,0.863174022847,0.470588235294,0.786197569093,0.41766745858,2.25,1.88235294118,0.786197569093,2.25,0.166339869281,0.0612244897959,3,0.00441176470588,0.185952380952,17,17,17,1,0,0.352941176471,0.411764705882,0.235294117647,17,0.128676470588,1.90196078431,4.11764705882,3.18181818182,2.69230769231,1.57648156274,0.382859808093,0.201680672269,2.01465221053,0.978545359402,0.524369747899,1.74894926439,0.849489642704,0.463865546218,0.814492905316,0.428238537847,2.33333333333,1.90196078431,0.814492905316,2.33333333333,0,0,0,0,0.164242424242,17,17,17,1,0,0.352941176471,0.411764705882,0.235294117647,17,37,0.136029411765,1.88235294118,4.35294117647,3.36363636364,2.84615384615,1.69341284359,0.389027274878,0.193958664547,2.09866904602,0.964253345467,0.518282988871,1.87867287326,0.863174022847,0.470588235294,0.786197569093,0.41766745858,2.25,1.88235294118,0.786197569093,2.25,0.166339869281,0.0612244897959,3,0.00441176470588,0.185952380952,17,17,17,1,0,0.352941176471,0.411764705882,0.235294117647,0,0,0,0,0,0,0,0,0,0,0,0,0,0,0,0,0,0,0,0,0,0,0,0,0,0,0,0,0,37,0,0,235,1,1,0,0,1,1,1,1,1,1,2,2,0,0,0,0
2865,WLNM_dir_neg,1,0.5,00:00:00,10,70,19,1985449492,threshold_sweep,0.3,1,1,1,2,0,0,4,1,1,0,0,1,1,1,1,0.555555555556,1,1,1,37,35,2,0,37,0,35,0,2,17,37,0.136029411765,1.88235294118,4.35294117647,3.36363636364,2.84615384615,1.69341284359,0.389027274878,0.193958664547,2.09866904602,0.964253345467,0.518282988871,1.87867287326,0.863174022847,0.470588235294,0.786197569093,0.41766745858,2.25,1.88235294118,0.786197569093,2.25,0.166339869281,0.0612244897959,3,0.00441176470588,0.185952380952,17,17,17,1,0,0.352941176471,0.411764705882,0.235294117647,17,0.128676470588,1.90196078431,4.11764705882,3.18181818182,2.69230769231,1.57648156274,0.382859808093,0.201680672269,2.01465221053,0.978545359402,0.524369747899,1.74894926439,0.849489642704,0.463865546218,0.814492905316,0.428238537847,2.33333333333,1.90196078431,0.814492905316,2.33333333333,0,0,0,0,0.164242424242,17,17,17,1,0,0.352941176471,0.411764705882,0.235294117647,17,37,0.136029411765,1.88235294118,4.35294117647,3.36363636364,2.84615384615,1.69341284359,0.389027274878,0.193958664547,2.09866904602,0.964253345467,0.518282988871,1.87867287326,0.863174022847,0.470588235294,0.786197569093,0.41766745858,2.25,1.88235294118,0.786197569093,2.25,0.166339869281,0.0612244897959,3,0.00441176470588,0.185952380952,17,17,17,1,0,0.352941176471,0.411764705882,0.235294117647,0,0,0,0,0,0,0,0,0,0,0,0,0,0,0,0,0,0,0,0,0,0,0,0,0,0,0,0,0,37,0,0,235,1,1,0,0,1,1,1,1,1,1,2,2,0,0,0,0
2866,WLNM_dir_neg,1,0.5,00:00:00,10,70,19,1985449492,threshold_sweep,0.4,1,1,1,2,0,0,4,1,1,0,0,1,1,1,1,0.555555555556,1,1,1,37,35,2,0,37,0,35,0,2,17,37,0.136029411765,1.88235294118,4.35294117647,3.36363636364,2.84615384615,1.69341284359,0.389027274878,0.193958664547,2.09866904602,0.964253345467,0.518282988871,1.87867287326,0.863174022847,0.470588235294,0.786197569093,0.41766745858,2.25,1.88235294118,0.786197569093,2.25,0.166339869281,0.0612244897959,3,0.00441176470588,0.185952380952,17,17,17,1,0,0.352941176471,0.411764705882,0.235294117647,17,0.128676470588,1.90196078431,4.11764705882,3.18181818182,2.69230769231,1.57648156274,0.382859808093,0.201680672269,2.01465221053,0.978545359402,0.524369747899,1.74894926439,0.849489642704,0.463865546218,0.814492905316,0.428238537847,2.33333333333,1.90196078431,0.814492905316,2.33333333333,0,0,0,0,0.164242424242,17,17,17,1,0,0.352941176471,0.411764705882,0.235294117647,17,37,0.136029411765,1.88235294118,4.35294117647,3.36363636364,2.84615384615,1.69341284359,0.389027274878,0.193958664547,2.09866904602,0.964253345467,0.518282988871,1.87867287326,0.863174022847,0.470588235294,0.786197569093,0.41766745858,2.25,1.88235294118,0.786197569093,2.25,0.166339869281,0.0612244897959,3,0.00441176470588,0.185952380952,17,17,17,1,0,0.352941176471,0.411764705882,0.235294117647,0,0,0,0,0,0,0,0,0,0,0,0,0,0,0,0,0,0,0,0,0,0,0,0,0,0,0,0,0,37,0,0,235,1,1,0,0,1,1,1,1,1,1,2,2,0,0,0,0
2867,WLNM_dir_neg,1,0.5,00:00:00,10,70,19,1985449492,threshold_sweep,0.5,1,1,1,2,0,0,4,1,1,0,0,1,1,1,1,0.555555555556,1,1,1,37,35,2,0,37,0,35,0,2,17,37,0.136029411765,1.88235294118,4.35294117647,3.36363636364,2.84615384615,1.69341284359,0.389027274878,0.193958664547,2.09866904602,0.964253345467,0.518282988871,1.87867287326,0.863174022847,0.470588235294,0.786197569093,0.41766745858,2.25,1.88235294118,0.786197569093,2.25,0.166339869281,0.0612244897959,3,0.00441176470588,0.185952380952,17,17,17,1,0,0.352941176471,0.411764705882,0.235294117647,17,0.128676470588,1.90196078431,4.11764705882,3.18181818182,2.69230769231,1.57648156274,0.382859808093,0.201680672269,2.01465221053,0.978545359402,0.524369747899,1.74894926439,0.849489642704,0.463865546218,0.814492905316,0.428238537847,2.33333333333,1.90196078431,0.814492905316,2.33333333333,0,0,0,0,0.164242424242,17,17,17,1,0,0.352941176471,0.411764705882,0.235294117647,17,37,0.136029411765,1.88235294118,4.35294117647,3.36363636364,2.84615384615,1.69341284359,0.389027274878,0.193958664547,2.09866904602,0.964253345467,0.518282988871,1.87867287326,0.863174022847,0.470588235294,0.786197569093,0.41766745858,2.25,1.88235294118,0.786197569093,2.25,0.166339869281,0.0612244897959,3,0.00441176470588,0.185952380952,17,17,17,1,0,0.352941176471,0.411764705882,0.235294117647,0,0,0,0,0,0,0,0,0,0,0,0,0,0,0,0,0,0,0,0,0,0,0,0,0,0,0,0,0,37,0,0,235,1,1,0,0,1,1,1,1,1,1,2,2,0,0,0,0
2868,WLNM_dir_neg,1,0.5,00:00:00,10,70,19,1985449492,threshold_sweep,0.6,1,1,1,2,0,0,4,1,1,0,0,1,1,1,1,0.555555555556,1,1,1,37,35,2,0,37,0,35,0,2,17,37,0.136029411765,1.88235294118,4.35294117647,3.36363636364,2.84615384615,1.69341284359,0.389027274878,0.193958664547,2.09866904602,0.964253345467,0.518282988871,1.87867287326,0.863174022847,0.470588235294,0.786197569093,0.41766745858,2.25,1.88235294118,0.786197569093,2.25,0.166339869281,0.0612244897959,3,0.00441176470588,0.185952380952,17,17,17,1,0,0.352941176471,0.411764705882,0.235294117647,17,0.128676470588,1.90196078431,4.11764705882,3.18181818182,2.69230769231,1.57648156274,0.382859808093,0.201680672269,2.01465221053,0.978545359402,0.524369747899,1.74894926439,0.849489642704,0.463865546218,0.814492905316,0.428238537847,2.33333333333,1.90196078431,0.814492905316,2.33333333333,0,0,0,0,0.164242424242,17,17,17,1,0,0.352941176471,0.411764705882,0.235294117647,17,37,0.136029411765,1.88235294118,4.35294117647,3.36363636364,2.84615384615,1.69341284359,0.389027274878,0.193958664547,2.09866904602,0.964253345467,0.518282988871,1.87867287326,0.863174022847,0.470588235294,0.786197569093,0.41766745858,2.25,1.88235294118,0.786197569093,2.25,0.166339869281,0.0612244897959,3,0.00441176470588,0.185952380952,17,17,17,1,0,0.352941176471,0.411764705882,0.235294117647,0,0,0,0,0,0,0,0,0,0,0,0,0,0,0,0,0,0,0,0,0,0,0,0,0,0,0,0,0,37,0,0,235,1,1,0,0,1,1,1,1,1,1,2,2,0,0,0,0
2869,WLNM_dir_neg,1,0.5,00:00:00,10,70,19,1985449492,threshold_sweep,0.7,1,1,1,2,0,0,4,1,1,0,0,1,1,1,1,0.555555555556,1,1,1,37,35,2,0,37,0,35,0,2,17,37,0.136029411765,1.88235294118,4.35294117647,3.36363636364,2.84615384615,1.69341284359,0.389027274878,0.193958664547,2.09866904602,0.964253345467,0.518282988871,1.87867287326,0.863174022847,0.470588235294,0.786197569093,0.41766745858,2.25,1.88235294118,0.786197569093,2.25,0.166339869281,0.0612244897959,3,0.00441176470588,0.185952380952,17,17,17,1,0,0.352941176471,0.411764705882,0.235294117647,17,0.128676470588,1.90196078431,4.11764705882,3.18181818182,2.69230769231,1.57648156274,0.382859808093,0.201680672269,2.01465221053,0.978545359402,0.524369747899,1.74894926439,0.849489642704,0.463865546218,0.814492905316,0.428238537847,2.33333333333,1.90196078431,0.814492905316,2.33333333333,0,0,0,0,0.164242424242,17,17,17,1,0,0.352941176471,0.411764705882,0.235294117647,17,37,0.136029411765,1.88235294118,4.35294117647,3.36363636364,2.84615384615,1.69341284359,0.389027274878,0.193958664547,2.09866904602,0.964253345467,0.518282988871,1.87867287326,0.863174022847,0.470588235294,0.786197569093,0.41766745858,2.25,1.88235294118,0.786197569093,2.25,0.166339869281,0.0612244897959,3,0.00441176470588,0.185952380952,17,17,17,1,0,0.352941176471,0.411764705882,0.235294117647,0,0,0,0,0,0,0,0,0,0,0,0,0,0,0,0,0,0,0,0,0,0,0,0,0,0,0,0,0,37,0,0,235,1,1,0,0,1,1,1,1,1,1,2,2,0,0,0,0
2870,WLNM_dir_neg,1,0.5,00:00:00,10,70,19,1985449492,threshold_sweep,0.8,1,1,1,2,0,0,4,1,1,0,0,1,1,1,1,0.555555555556,1,1,1,37,35,2,0,37,0,35,0,2,17,37,0.136029411765,1.88235294118,4.35294117647,3.36363636364,2.84615384615,1.69341284359,0.389027274878,0.193958664547,2.09866904602,0.964253345467,0.518282988871,1.87867287326,0.863174022847,0.470588235294,0.786197569093,0.41766745858,2.25,1.88235294118,0.786197569093,2.25,0.166339869281,0.0612244897959,3,0.00441176470588,0.185952380952,17,17,17,1,0,0.352941176471,0.411764705882,0.235294117647,17,0.128676470588,1.90196078431,4.11764705882,3.18181818182,2.69230769231,1.57648156274,0.382859808093,0.201680672269,2.01465221053,0.978545359402,0.524369747899,1.74894926439,0.849489642704,0.463865546218,0.814492905316,0.428238537847,2.33333333333,1.90196078431,0.814492905316,2.33333333333,0,0,0,0,0.164242424242,17,17,17,1,0,0.352941176471,0.411764705882,0.235294117647,17,37,0.136029411765,1.88235294118,4.35294117647,3.36363636364,2.84615384615,1.69341284359,0.389027274878,0.193958664547,2.09866904602,0.964253345467,0.518282988871,1.87867287326,0.863174022847,0.470588235294,0.786197569093,0.41766745858,2.25,1.88235294118,0.786197569093,2.25,0.166339869281,0.0612244897959,3,0.00441176470588,0.185952380952,17,17,17,1,0,0.352941176471,0.411764705882,0.235294117647,0,0,0,0,0,0,0,0,0,0,0,0,0,0,0,0,0,0,0,0,0,0,0,0,0,0,0,0,0,37,0,0,235,1,1,0,0,1,1,1,1,1,1,2,2,0,0,0,0
2871,WLNM_dir_neg,1,0.5,00:00:00,10,70,19,1985449492,threshold_sweep,0.9,1,1,1,2,0,0,4,1,1,0,0,1,1,1,1,0.555555555556,1,1,1,37,35,2,0,37,0,35,0,2,17,37,0.136029411765,1.88235294118,4.35294117647,3.36363636364,2.84615384615,1.69341284359,0.389027274878,0.193958664547,2.09866904602,0.964253345467,0.518282988871,1.87867287326,0.863174022847,0.470588235294,0.786197569093,0.41766745858,2.25,1.88235294118,0.786197569093,2.25,0.166339869281,0.0612244897959,3,0.00441176470588,0.185952380952,17,17,17,1,0,0.352941176471,0.411764705882,0.235294117647,17,0.128676470588,1.90196078431,4.11764705882,3.18181818182,2.69230769231,1.57648156274,0.382859808093,0.201680672269,2.01465221053,0.978545359402,0.524369747899,1.74894926439,0.849489642704,0.463865546218,0.814492905316,0.428238537847,2.33333333333,1.90196078431,0.814492905316,2.33333333333,0,0,0,0,0.164242424242,17,17,17,1,0,0.352941176471,0.411764705882,0.235294117647,17,37,0.136029411765,1.88235294118,4.35294117647,3.36363636364,2.84615384615,1.69341284359,0.389027274878,0.193958664547,2.09866904602,0.964253345467,0.518282988871,1.87867287326,0.863174022847,0.470588235294,0.786197569093,0.41766745858,2.25,1.88235294118,0.786197569093,2.25,0.166339869281,0.0612244897959,3,0.00441176470588,0.185952380952,17,17,17,1,0,0.352941176471,0.411764705882,0.235294117647,0,0,0,0,0,0,0,0,0,0,0,0,0,0,0,0,0,0,0,0,0,0,0,0,0,0,0,0,0,37,0,0,235,1,1,0,0,1,1,1,1,1,1,2,2,0,0,0,0
2872,WLNM_dir_neg,1,0.5,00:00:00,10,70,20,1985449493,threshold_sweep,0.1,0.5,1,0.666666666667,2,2,0,2,1,0.5,0.5,0,0.5,1,0.666666666667,0.666666666667,0.444444444444,0.4,0.5,0.5,37,35,2,0,37,0,35,0,2,17,37,0.136029411765,1.88235294118,4.35294117647,3.36363636364,2.84615384615,1.69341284359,0.389027274878,0.193958664547,2.09866904602,0.964253345467,0.518282988871,1.87867287326,0.863174022847,0.470588235294,0.786197569093,0.41766745858,2.25,1.88235294118,0.786197569093,2.25,0.166339869281,0.0612244897959,3,0.00441176470588,0.185952380952,17,17,17,1,0,0.352941176471,0.411764705882,0.235294117647,17,0.128676470588,1.90196078431,4.11764705882,3.18181818182,2.69230769231,1.57648156274,0.382859808093,0.201680672269,2.01465221053,0.978545359402,0.524369747899,1.74894926439,0.849489642704,0.463865546218,0.814492905316,0.428238537847,2.33333333333,1.90196078431,0.814492905316,2.33333333333,0,0,0,0,0.164242424242,17,17,17,1,0,0.352941176471,0.411764705882,0.235294117647,17,39,0.143382352941,2.02488687783,4.58823529412,3.54545454545,2.78571428571,1.8391174354,0.400833287202,0.211161387632,2.11437655948,0.921651320801,0.494720965309,1.79459974236,0.782261426159,0.428355957768,0.916613103467,0.452673733779,2.63461538462,2.02488687783,0.916613103467,2.63461538462,0.166339869281,0.0612244897959,3,0.00441176470588,0.175735930736,17,17,17,1,0,0.352941176471,0.470588235294,0.176470588235,2,0.00735294117647,0.142533936652,0.235294117647,0.181818181818,-0.0604395604396,0.145704591809,0.0118060123237,0.0172027230851,0.0157075134677,-0.0426020246662,-0.023562023562,-0.0840731308911,-0.0809125966883,-0.0422322775264,0.130415534375,0.035006275199,0.384615384615,0.142533936652,0.130415534375,0.384615384615,0,0,0,0,-0.0102164502165,0,0.0588235294118,-0.0588235294118,37,2,0,233,1,0.991489361702,0.00851063829787,0,0.948717948718,1,0.973684210526,0.969867905134,0.991489361702,0.948717948718,4,2,0,0,0,0
2873,WLNM_dir_neg,1,0.5,00:00:00,10,70,20,1985449493,threshold_sweep,0.2,1,1,1,2,0,0,4,1,1,0,0,1,1,1,1,0.555555555556,1,1,1,37,35,2,0,37,0,35,0,2,17,37,0.136029411765,1.88235294118,4.35294117647,3.36363636364,2.84615384615,1.69341284359,0.389027274878,0.193958664547,2.09866904602,0.964253345467,0.518282988871,1.87867287326,0.863174022847,0.470588235294,0.786197569093,0.41766745858,2.25,1.88235294118,0.786197569093,2.25,0.166339869281,0.0612244897959,3,0.00441176470588,0.185952380952,17,17,17,1,0,0.352941176471,0.411764705882,0.235294117647,17,0.128676470588,1.90196078431,4.11764705882,3.18181818182,2.69230769231,1.57648156274,0.382859808093,0.201680672269,2.01465221053,0.978545359402,0.524369747899,1.74894926439,0.849489642704,0.463865546218,0.814492905316,0.428238537847,2.33333333333,1.90196078431,0.814492905316,2.33333333333,0,0,0,0,0.164242424242,17,17,17,1,0,0.352941176471,0.411764705882,0.235294117647,17,37,0.136029411765,1.88235294118,4.35294117647,3.36363636364,2.84615384615,1.69341284359,0.389027274878,0.193958664547,2.09866904602,0.964253345467,0.518282988871,1.87867287326,0.863174022847,0.470588235294,0.786197569093,0.41766745858,2.25,1.88235294118,0.786197569093,2.25,0.166339869281,0.0612244897959,3,0.00441176470588,0.185952380952,17,17,17,1,0,0.352941176471,0.411764705882,0.235294117647,0,0,0,0,0,0,0,0,0,0,0,0,0,0,0,0,0,0,0,0,0,0,0,0,0,0,0,0,0,37,0,0,235,1,1,0,0,1,1,1,1,1,1,2,2,0,0,0,0
2874,WLNM_dir_neg,1,0.5,00:00:00,10,70,20,1985449493,threshold_sweep,0.3,1,1,1,2,0,0,4,1,1,0,0,1,1,1,1,0.555555555556,1,1,1,37,35,2,0,37,0,35,0,2,17,37,0.136029411765,1.88235294118,4.35294117647,3.36363636364,2.84615384615,1.69341284359,0.389027274878,0.193958664547,2.09866904602,0.964253345467,0.518282988871,1.87867287326,0.863174022847,0.470588235294,0.786197569093,0.41766745858,2.25,1.88235294118,0.786197569093,2.25,0.166339869281,0.0612244897959,3,0.00441176470588,0.185952380952,17,17,17,1,0,0.352941176471,0.411764705882,0.235294117647,17,0.128676470588,1.90196078431,4.11764705882,3.18181818182,2.69230769231,1.57648156274,0.382859808093,0.201680672269,2.01465221053,0.978545359402,0.524369747899,1.74894926439,0.849489642704,0.463865546218,0.814492905316,0.428238537847,2.33333333333,1.90196078431,0.814492905316,2.33333333333,0,0,0,0,0.164242424242,17,17,17,1,0,0.352941176471,0.411764705882,0.235294117647,17,37,0.136029411765,1.88235294118,4.35294117647,3.36363636364,2.84615384615,1.69341284359,0.389027274878,0.193958664547,2.09866904602,0.964253345467,0.518282988871,1.87867287326,0.863174022847,0.470588235294,0.786197569093,0.41766745858,2.25,1.88235294118,0.786197569093,2.25,0.166339869281,0.0612244897959,3,0.00441176470588,0.185952380952,17,17,17,1,0,0.352941176471,0.411764705882,0.235294117647,0,0,0,0,0,0,0,0,0,0,0,0,0,0,0,0,0,0,0,0,0,0,0,0,0,0,0,0,0,37,0,0,235,1,1,0,0,1,1,1,1,1,1,2,2,0,0,0,0
2875,WLNM_dir_neg,1,0.5,00:00:00,10,70,20,1985449493,threshold_sweep,0.4,1,1,1,2,0,0,4,1,1,0,0,1,1,1,1,0.555555555556,1,1,1,37,35,2,0,37,0,35,0,2,17,37,0.136029411765,1.88235294118,4.35294117647,3.36363636364,2.84615384615,1.69341284359,0.389027274878,0.193958664547,2.09866904602,0.964253345467,0.518282988871,1.87867287326,0.863174022847,0.470588235294,0.786197569093,0.41766745858,2.25,1.88235294118,0.786197569093,2.25,0.166339869281,0.0612244897959,3,0.00441176470588,0.185952380952,17,17,17,1,0,0.352941176471,0.411764705882,0.235294117647,17,0.128676470588,1.90196078431,4.11764705882,3.18181818182,2.69230769231,1.57648156274,0.382859808093,0.201680672269,2.01465221053,0.978545359402,0.524369747899,1.74894926439,0.849489642704,0.463865546218,0.814492905316,0.428238537847,2.33333333333,1.90196078431,0.814492905316,2.33333333333,0,0,0,0,0.164242424242,17,17,17,1,0,0.352941176471,0.411764705882,0.235294117647,17,37,0.136029411765,1.88235294118,4.35294117647,3.36363636364,2.84615384615,1.69341284359,0.389027274878,0.193958664547,2.09866904602,0.964253345467,0.518282988871,1.87867287326,0.863174022847,0.470588235294,0.786197569093,0.41766745858,2.25,1.88235294118,0.786197569093,2.25,0.166339869281,0.0612244897959,3,0.00441176470588,0.185952380952,17,17,17,1,0,0.352941176471,0.411764705882,0.235294117647,0,0,0,0,0,0,0,0,0,0,0,0,0,0,0,0,0,0,0,0,0,0,0,0,0,0,0,0,0,37,0,0,235,1,1,0,0,1,1,1,1,1,1,2,2,0,0,0,0
2876,WLNM_dir_neg,1,0.5,00:00:00,10,70,20,1985449493,threshold_sweep,0.5,1,1,1,2,0,0,4,1,1,0,0,1,1,1,1,0.555555555556,1,1,1,37,35,2,0,37,0,35,0,2,17,37,0.136029411765,1.88235294118,4.35294117647,3.36363636364,2.84615384615,1.69341284359,0.389027274878,0.193958664547,2.09866904602,0.964253345467,0.518282988871,1.87867287326,0.863174022847,0.470588235294,0.786197569093,0.41766745858,2.25,1.88235294118,0.786197569093,2.25,0.166339869281,0.0612244897959,3,0.00441176470588,0.185952380952,17,17,17,1,0,0.352941176471,0.411764705882,0.235294117647,17,0.128676470588,1.90196078431,4.11764705882,3.18181818182,2.69230769231,1.57648156274,0.382859808093,0.201680672269,2.01465221053,0.978545359402,0.524369747899,1.74894926439,0.849489642704,0.463865546218,0.814492905316,0.428238537847,2.33333333333,1.90196078431,0.814492905316,2.33333333333,0,0,0,0,0.164242424242,17,17,17,1,0,0.352941176471,0.411764705882,0.235294117647,17,37,0.136029411765,1.88235294118,4.35294117647,3.36363636364,2.84615384615,1.69341284359,0.389027274878,0.193958664547,2.09866904602,0.964253345467,0.518282988871,1.87867287326,0.863174022847,0.470588235294,0.786197569093,0.41766745858,2.25,1.88235294118,0.786197569093,2.25,0.166339869281,0.0612244897959,3,0.00441176470588,0.185952380952,17,17,17,1,0,0.352941176471,0.411764705882,0.235294117647,0,0,0,0,0,0,0,0,0,0,0,0,0,0,0,0,0,0,0,0,0,0,0,0,0,0,0,0,0,37,0,0,235,1,1,0,0,1,1,1,1,1,1,2,2,0,0,0,0
2877,WLNM_dir_neg,1,0.5,00:00:00,10,70,20,1985449493,threshold_sweep,0.6,1,1,1,2,0,0,4,1,1,0,0,1,1,1,1,0.555555555556,1,1,1,37,35,2,0,37,0,35,0,2,17,37,0.136029411765,1.88235294118,4.35294117647,3.36363636364,2.84615384615,1.69341284359,0.389027274878,0.193958664547,2.09866904602,0.964253345467,0.518282988871,1.87867287326,0.863174022847,0.470588235294,0.786197569093,0.41766745858,2.25,1.88235294118,0.786197569093,2.25,0.166339869281,0.0612244897959,3,0.00441176470588,0.185952380952,17,17,17,1,0,0.352941176471,0.411764705882,0.235294117647,17,0.128676470588,1.90196078431,4.11764705882,3.18181818182,2.69230769231,1.57648156274,0.382859808093,0.201680672269,2.01465221053,0.978545359402,0.524369747899,1.74894926439,0.849489642704,0.463865546218,0.814492905316,0.428238537847,2.33333333333,1.90196078431,0.814492905316,2.33333333333,0,0,0,0,0.164242424242,17,17,17,1,0,0.352941176471,0.411764705882,0.235294117647,17,37,0.136029411765,1.88235294118,4.35294117647,3.36363636364,2.84615384615,1.69341284359,0.389027274878,0.193958664547,2.09866904602,0.964253345467,0.518282988871,1.87867287326,0.863174022847,0.470588235294,0.786197569093,0.41766745858,2.25,1.88235294118,0.786197569093,2.25,0.166339869281,0.0612244897959,3,0.00441176470588,0.185952380952,17,17,17,1,0,0.352941176471,0.411764705882,0.235294117647,0,0,0,0,0,0,0,0,0,0,0,0,0,0,0,0,0,0,0,0,0,0,0,0,0,0,0,0,0,37,0,0,235,1,1,0,0,1,1,1,1,1,1,2,2,0,0,0,0
2878,WLNM_dir_neg,1,0.5,00:00:00,10,70,20,1985449493,threshold_sweep,0.7,1,1,1,2,0,0,4,1,1,0,0,1,1,1,1,0.555555555556,1,1,1,37,35,2,0,37,0,35,0,2,17,37,0.136029411765,1.88235294118,4.35294117647,3.36363636364,2.84615384615,1.69341284359,0.389027274878,0.193958664547,2.09866904602,0.964253345467,0.518282988871,1.87867287326,0.863174022847,0.470588235294,0.786197569093,0.41766745858,2.25,1.88235294118,0.786197569093,2.25,0.166339869281,0.0612244897959,3,0.00441176470588,0.185952380952,17,17,17,1,0,0.352941176471,0.411764705882,0.235294117647,17,0.128676470588,1.90196078431,4.11764705882,3.18181818182,2.69230769231,1.57648156274,0.382859808093,0.201680672269,2.01465221053,0.978545359402,0.524369747899,1.74894926439,0.849489642704,0.463865546218,0.814492905316,0.428238537847,2.33333333333,1.90196078431,0.814492905316,2.33333333333,0,0,0,0,0.164242424242,17,17,17,1,0,0.352941176471,0.411764705882,0.235294117647,17,37,0.136029411765,1.88235294118,4.35294117647,3.36363636364,2.84615384615,1.69341284359,0.389027274878,0.193958664547,2.09866904602,0.964253345467,0.518282988871,1.87867287326,0.863174022847,0.470588235294,0.786197569093,0.41766745858,2.25,1.88235294118,0.786197569093,2.25,0.166339869281,0.0612244897959,3,0.00441176470588,0.185952380952,17,17,17,1,0,0.352941176471,0.411764705882,0.235294117647,0,0,0,0,0,0,0,0,0,0,0,0,0,0,0,0,0,0,0,0,0,0,0,0,0,0,0,0,0,37,0,0,235,1,1,0,0,1,1,1,1,1,1,2,2,0,0,0,0
2879,WLNM_dir_neg,1,0.5,00:00:00,10,70,20,1985449493,threshold_sweep,0.8,1,1,1,2,0,0,4,1,1,0,0,1,1,1,1,0.555555555556,1,1,1,37,35,2,0,37,0,35,0,2,17,37,0.136029411765,1.88235294118,4.35294117647,3.36363636364,2.84615384615,1.69341284359,0.389027274878,0.193958664547,2.09866904602,0.964253345467,0.518282988871,1.87867287326,0.863174022847,0.470588235294,0.786197569093,0.41766745858,2.25,1.88235294118,0.786197569093,2.25,0.166339869281,0.0612244897959,3,0.00441176470588,0.185952380952,17,17,17,1,0,0.352941176471,0.411764705882,0.235294117647,17,0.128676470588,1.90196078431,4.11764705882,3.18181818182,2.69230769231,1.57648156274,0.382859808093,0.201680672269,2.01465221053,0.978545359402,0.524369747899,1.74894926439,0.849489642704,0.463865546218,0.814492905316,0.428238537847,2.33333333333,1.90196078431,0.814492905316,2.33333333333,0,0,0,0,0.164242424242,17,17,17,1,0,0.352941176471,0.411764705882,0.235294117647,17,37,0.136029411765,1.88235294118,4.35294117647,3.36363636364,2.84615384615,1.69341284359,0.389027274878,0.193958664547,2.09866904602,0.964253345467,0.518282988871,1.87867287326,0.863174022847,0.470588235294,0.786197569093,0.41766745858,2.25,1.88235294118,0.786197569093,2.25,0.166339869281,0.0612244897959,3,0.00441176470588,0.185952380952,17,17,17,1,0,0.352941176471,0.411764705882,0.235294117647,0,0,0,0,0,0,0,0,0,0,0,0,0,0,0,0,0,0,0,0,0,0,0,0,0,0,0,0,0,37,0,0,235,1,1,0,0,1,1,1,1,1,1,2,2,0,0,0,0
2880,WLNM_dir_neg,1,0.5,00:00:00,10,70,20,1985449493,threshold_sweep,0.9,1,1,1,2,0,0,4,1,1,0,0,1,1,1,1,0.555555555556,1,1,1,37,35,2,0,37,0,35,0,2,17,37,0.136029411765,1.88235294118,4.35294117647,3.36363636364,2.84615384615,1.69341284359,0.389027274878,0.193958664547,2.09866904602,0.964253345467,0.518282988871,1.87867287326,0.863174022847,0.470588235294,0.786197569093,0.41766745858,2.25,1.88235294118,0.786197569093,2.25,0.166339869281,0.0612244897959,3,0.00441176470588,0.185952380952,17,17,17,1,0,0.352941176471,0.411764705882,0.235294117647,17,0.128676470588,1.90196078431,4.11764705882,3.18181818182,2.69230769231,1.57648156274,0.382859808093,0.201680672269,2.01465221053,0.978545359402,0.524369747899,1.74894926439,0.849489642704,0.463865546218,0.814492905316,0.428238537847,2.33333333333,1.90196078431,0.814492905316,2.33333333333,0,0,0,0,0.164242424242,17,17,17,1,0,0.352941176471,0.411764705882,0.235294117647,17,37,0.136029411765,1.88235294118,4.35294117647,3.36363636364,2.84615384615,1.69341284359,0.389027274878,0.193958664547,2.09866904602,0.964253345467,0.518282988871,1.87867287326,0.863174022847,0.470588235294,0.786197569093,0.41766745858,2.25,1.88235294118,0.786197569093,2.25,0.166339869281,0.0612244897959,3,0.00441176470588,0.185952380952,17,17,17,1,0,0.352941176471,0.411764705882,0.235294117647,0,0,0,0,0,0,0,0,0,0,0,0,0,0,0,0,0,0,0,0,0,0,0,0,0,0,0,0,0,37,0,0,235,1,1,0,0,1,1,1,1,1,1,2,2,0,0,0,0
2881,WLNM_dir_neg,1,0.5,00:00:00,10,70,21,1985449494,threshold_sweep,0.1,1,1,1,2,0,0,4,1,1,0,0,1,1,1,1,0.555555555556,1,1,1,37,35,2,0,37,0,35,0,2,17,37,0.136029411765,1.88235294118,4.35294117647,3.36363636364,2.84615384615,1.69341284359,0.389027274878,0.193958664547,2.09866904602,0.964253345467,0.518282988871,1.87867287326,0.863174022847,0.470588235294,0.786197569093,0.41766745858,2.25,1.88235294118,0.786197569093,2.25,0.166339869281,0.0612244897959,3,0.00441176470588,0.185952380952,17,17,17,1,0,0.352941176471,0.411764705882,0.235294117647,17,0.128676470588,1.90196078431,4.11764705882,3.18181818182,2.69230769231,1.57648156274,0.382859808093,0.201680672269,2.01465221053,0.978545359402,0.524369747899,1.74894926439,0.849489642704,0.463865546218,0.814492905316,0.428238537847,2.33333333333,1.90196078431,0.814492905316,2.33333333333,0,0,0,0,0.164242424242,17,17,17,1,0,0.352941176471,0.411764705882,0.235294117647,17,37,0.136029411765,1.88235294118,4.35294117647,3.36363636364,2.84615384615,1.69341284359,0.389027274878,0.193958664547,2.09866904602,0.964253345467,0.518282988871,1.87867287326,0.863174022847,0.470588235294,0.786197569093,0.41766745858,2.25,1.88235294118,0.786197569093,2.25,0.166339869281,0.0612244897959,3,0.00441176470588,0.185952380952,17,17,17,1,0,0.352941176471,0.411764705882,0.235294117647,0,0,0,0,0,0,0,0,0,0,0,0,0,0,0,0,0,0,0,0,0,0,0,0,0,0,0,0,0,37,0,0,235,1,1,0,0,1,1,1,1,1,1,2,2,0,0,0,0
2882,WLNM_dir_neg,1,0.5,00:00:00,10,70,21,1985449494,threshold_sweep,0.2,1,1,1,2,0,0,4,1,1,0,0,1,1,1,1,0.555555555556,1,1,1,37,35,2,0,37,0,35,0,2,17,37,0.136029411765,1.88235294118,4.35294117647,3.36363636364,2.84615384615,1.69341284359,0.389027274878,0.193958664547,2.09866904602,0.964253345467,0.518282988871,1.87867287326,0.863174022847,0.470588235294,0.786197569093,0.41766745858,2.25,1.88235294118,0.786197569093,2.25,0.166339869281,0.0612244897959,3,0.00441176470588,0.185952380952,17,17,17,1,0,0.352941176471,0.411764705882,0.235294117647,17,0.128676470588,1.90196078431,4.11764705882,3.18181818182,2.69230769231,1.57648156274,0.382859808093,0.201680672269,2.01465221053,0.978545359402,0.524369747899,1.74894926439,0.849489642704,0.463865546218,0.814492905316,0.428238537847,2.33333333333,1.90196078431,0.814492905316,2.33333333333,0,0,0,0,0.164242424242,17,17,17,1,0,0.352941176471,0.411764705882,0.235294117647,17,37,0.136029411765,1.88235294118,4.35294117647,3.36363636364,2.84615384615,1.69341284359,0.389027274878,0.193958664547,2.09866904602,0.964253345467,0.518282988871,1.87867287326,0.863174022847,0.470588235294,0.786197569093,0.41766745858,2.25,1.88235294118,0.786197569093,2.25,0.166339869281,0.0612244897959,3,0.00441176470588,0.185952380952,17,17,17,1,0,0.352941176471,0.411764705882,0.235294117647,0,0,0,0,0,0,0,0,0,0,0,0,0,0,0,0,0,0,0,0,0,0,0,0,0,0,0,0,0,37,0,0,235,1,1,0,0,1,1,1,1,1,1,2,2,0,0,0,0
2883,WLNM_dir_neg,1,0.5,00:00:00,10,70,21,1985449494,threshold_sweep,0.3,1,1,1,2,0,0,4,1,1,0,0,1,1,1,1,0.555555555556,1,1,1,37,35,2,0,37,0,35,0,2,17,37,0.136029411765,1.88235294118,4.35294117647,3.36363636364,2.84615384615,1.69341284359,0.389027274878,0.193958664547,2.09866904602,0.964253345467,0.518282988871,1.87867287326,0.863174022847,0.470588235294,0.786197569093,0.41766745858,2.25,1.88235294118,0.786197569093,2.25,0.166339869281,0.0612244897959,3,0.00441176470588,0.185952380952,17,17,17,1,0,0.352941176471,0.411764705882,0.235294117647,17,0.128676470588,1.90196078431,4.11764705882,3.18181818182,2.69230769231,1.57648156274,0.382859808093,0.201680672269,2.01465221053,0.978545359402,0.524369747899,1.74894926439,0.849489642704,0.463865546218,0.814492905316,0.428238537847,2.33333333333,1.90196078431,0.814492905316,2.33333333333,0,0,0,0,0.164242424242,17,17,17,1,0,0.352941176471,0.411764705882,0.235294117647,17,37,0.136029411765,1.88235294118,4.35294117647,3.36363636364,2.84615384615,1.69341284359,0.389027274878,0.193958664547,2.09866904602,0.964253345467,0.518282988871,1.87867287326,0.863174022847,0.470588235294,0.786197569093,0.41766745858,2.25,1.88235294118,0.786197569093,2.25,0.166339869281,0.0612244897959,3,0.00441176470588,0.185952380952,17,17,17,1,0,0.352941176471,0.411764705882,0.235294117647,0,0,0,0,0,0,0,0,0,0,0,0,0,0,0,0,0,0,0,0,0,0,0,0,0,0,0,0,0,37,0,0,235,1,1,0,0,1,1,1,1,1,1,2,2,0,0,0,0
2884,WLNM_dir_neg,1,0.5,00:00:00,10,70,21,1985449494,threshold_sweep,0.4,1,1,1,2,0,0,4,1,1,0,0,1,1,1,1,0.555555555556,1,1,1,37,35,2,0,37,0,35,0,2,17,37,0.136029411765,1.88235294118,4.35294117647,3.36363636364,2.84615384615,1.69341284359,0.389027274878,0.193958664547,2.09866904602,0.964253345467,0.518282988871,1.87867287326,0.863174022847,0.470588235294,0.786197569093,0.41766745858,2.25,1.88235294118,0.786197569093,2.25,0.166339869281,0.0612244897959,3,0.00441176470588,0.185952380952,17,17,17,1,0,0.352941176471,0.411764705882,0.235294117647,17,0.128676470588,1.90196078431,4.11764705882,3.18181818182,2.69230769231,1.57648156274,0.382859808093,0.201680672269,2.01465221053,0.978545359402,0.524369747899,1.74894926439,0.849489642704,0.463865546218,0.814492905316,0.428238537847,2.33333333333,1.90196078431,0.814492905316,2.33333333333,0,0,0,0,0.164242424242,17,17,17,1,0,0.352941176471,0.411764705882,0.235294117647,17,37,0.136029411765,1.88235294118,4.35294117647,3.36363636364,2.84615384615,1.69341284359,0.389027274878,0.193958664547,2.09866904602,0.964253345467,0.518282988871,1.87867287326,0.863174022847,0.470588235294,0.786197569093,0.41766745858,2.25,1.88235294118,0.786197569093,2.25,0.166339869281,0.0612244897959,3,0.00441176470588,0.185952380952,17,17,17,1,0,0.352941176471,0.411764705882,0.235294117647,0,0,0,0,0,0,0,0,0,0,0,0,0,0,0,0,0,0,0,0,0,0,0,0,0,0,0,0,0,37,0,0,235,1,1,0,0,1,1,1,1,1,1,2,2,0,0,0,0
2885,WLNM_dir_neg,1,0.5,00:00:00,10,70,21,1985449494,threshold_sweep,0.5,1,1,1,2,0,0,4,1,1,0,0,1,1,1,1,0.555555555556,1,1,1,37,35,2,0,37,0,35,0,2,17,37,0.136029411765,1.88235294118,4.35294117647,3.36363636364,2.84615384615,1.69341284359,0.389027274878,0.193958664547,2.09866904602,0.964253345467,0.518282988871,1.87867287326,0.863174022847,0.470588235294,0.786197569093,0.41766745858,2.25,1.88235294118,0.786197569093,2.25,0.166339869281,0.0612244897959,3,0.00441176470588,0.185952380952,17,17,17,1,0,0.352941176471,0.411764705882,0.235294117647,17,0.128676470588,1.90196078431,4.11764705882,3.18181818182,2.69230769231,1.57648156274,0.382859808093,0.201680672269,2.01465221053,0.978545359402,0.524369747899,1.74894926439,0.849489642704,0.463865546218,0.814492905316,0.428238537847,2.33333333333,1.90196078431,0.814492905316,2.33333333333,0,0,0,0,0.164242424242,17,17,17,1,0,0.352941176471,0.411764705882,0.235294117647,17,37,0.136029411765,1.88235294118,4.35294117647,3.36363636364,2.84615384615,1.69341284359,0.389027274878,0.193958664547,2.09866904602,0.964253345467,0.518282988871,1.87867287326,0.863174022847,0.470588235294,0.786197569093,0.41766745858,2.25,1.88235294118,0.786197569093,2.25,0.166339869281,0.0612244897959,3,0.00441176470588,0.185952380952,17,17,17,1,0,0.352941176471,0.411764705882,0.235294117647,0,0,0,0,0,0,0,0,0,0,0,0,0,0,0,0,0,0,0,0,0,0,0,0,0,0,0,0,0,37,0,0,235,1,1,0,0,1,1,1,1,1,1,2,2,0,0,0,0
2886,WLNM_dir_neg,1,0.5,00:00:00,10,70,21,1985449494,threshold_sweep,0.6,1,1,1,2,0,0,4,1,1,0,0,1,1,1,1,0.555555555556,1,1,1,37,35,2,0,37,0,35,0,2,17,37,0.136029411765,1.88235294118,4.35294117647,3.36363636364,2.84615384615,1.69341284359,0.389027274878,0.193958664547,2.09866904602,0.964253345467,0.518282988871,1.87867287326,0.863174022847,0.470588235294,0.786197569093,0.41766745858,2.25,1.88235294118,0.786197569093,2.25,0.166339869281,0.0612244897959,3,0.00441176470588,0.185952380952,17,17,17,1,0,0.352941176471,0.411764705882,0.235294117647,17,0.128676470588,1.90196078431,4.11764705882,3.18181818182,2.69230769231,1.57648156274,0.382859808093,0.201680672269,2.01465221053,0.978545359402,0.524369747899,1.74894926439,0.849489642704,0.463865546218,0.814492905316,0.428238537847,2.33333333333,1.90196078431,0.814492905316,2.33333333333,0,0,0,0,0.164242424242,17,17,17,1,0,0.352941176471,0.411764705882,0.235294117647,17,37,0.136029411765,1.88235294118,4.35294117647,3.36363636364,2.84615384615,1.69341284359,0.389027274878,0.193958664547,2.09866904602,0.964253345467,0.518282988871,1.87867287326,0.863174022847,0.470588235294,0.786197569093,0.41766745858,2.25,1.88235294118,0.786197569093,2.25,0.166339869281,0.0612244897959,3,0.00441176470588,0.185952380952,17,17,17,1,0,0.352941176471,0.411764705882,0.235294117647,0,0,0,0,0,0,0,0,0,0,0,0,0,0,0,0,0,0,0,0,0,0,0,0,0,0,0,0,0,37,0,0,235,1,1,0,0,1,1,1,1,1,1,2,2,0,0,0,0
2887,WLNM_dir_neg,1,0.5,00:00:00,10,70,21,1985449494,threshold_sweep,0.7,1,1,1,2,0,0,4,1,1,0,0,1,1,1,1,0.555555555556,1,1,1,37,35,2,0,37,0,35,0,2,17,37,0.136029411765,1.88235294118,4.35294117647,3.36363636364,2.84615384615,1.69341284359,0.389027274878,0.193958664547,2.09866904602,0.964253345467,0.518282988871,1.87867287326,0.863174022847,0.470588235294,0.786197569093,0.41766745858,2.25,1.88235294118,0.786197569093,2.25,0.166339869281,0.0612244897959,3,0.00441176470588,0.185952380952,17,17,17,1,0,0.352941176471,0.411764705882,0.235294117647,17,0.128676470588,1.90196078431,4.11764705882,3.18181818182,2.69230769231,1.57648156274,0.382859808093,0.201680672269,2.01465221053,0.978545359402,0.524369747899,1.74894926439,0.849489642704,0.463865546218,0.814492905316,0.428238537847,2.33333333333,1.90196078431,0.814492905316,2.33333333333,0,0,0,0,0.164242424242,17,17,17,1,0,0.352941176471,0.411764705882,0.235294117647,17,37,0.136029411765,1.88235294118,4.35294117647,3.36363636364,2.84615384615,1.69341284359,0.389027274878,0.193958664547,2.09866904602,0.964253345467,0.518282988871,1.87867287326,0.863174022847,0.470588235294,0.786197569093,0.41766745858,2.25,1.88235294118,0.786197569093,2.25,0.166339869281,0.0612244897959,3,0.00441176470588,0.185952380952,17,17,17,1,0,0.352941176471,0.411764705882,0.235294117647,0,0,0,0,0,0,0,0,0,0,0,0,0,0,0,0,0,0,0,0,0,0,0,0,0,0,0,0,0,37,0,0,235,1,1,0,0,1,1,1,1,1,1,2,2,0,0,0,0
2888,WLNM_dir_neg,1,0.5,00:00:00,10,70,21,1985449494,threshold_sweep,0.8,1,1,1,2,0,0,4,1,1,0,0,1,1,1,1,0.555555555556,1,1,1,37,35,2,0,37,0,35,0,2,17,37,0.136029411765,1.88235294118,4.35294117647,3.36363636364,2.84615384615,1.69341284359,0.389027274878,0.193958664547,2.09866904602,0.964253345467,0.518282988871,1.87867287326,0.863174022847,0.470588235294,0.786197569093,0.41766745858,2.25,1.88235294118,0.786197569093,2.25,0.166339869281,0.0612244897959,3,0.00441176470588,0.185952380952,17,17,17,1,0,0.352941176471,0.411764705882,0.235294117647,17,0.128676470588,1.90196078431,4.11764705882,3.18181818182,2.69230769231,1.57648156274,0.382859808093,0.201680672269,2.01465221053,0.978545359402,0.524369747899,1.74894926439,0.849489642704,0.463865546218,0.814492905316,0.428238537847,2.33333333333,1.90196078431,0.814492905316,2.33333333333,0,0,0,0,0.164242424242,17,17,17,1,0,0.352941176471,0.411764705882,0.235294117647,17,37,0.136029411765,1.88235294118,4.35294117647,3.36363636364,2.84615384615,1.69341284359,0.389027274878,0.193958664547,2.09866904602,0.964253345467,0.518282988871,1.87867287326,0.863174022847,0.470588235294,0.786197569093,0.41766745858,2.25,1.88235294118,0.786197569093,2.25,0.166339869281,0.0612244897959,3,0.00441176470588,0.185952380952,17,17,17,1,0,0.352941176471,0.411764705882,0.235294117647,0,0,0,0,0,0,0,0,0,0,0,0,0,0,0,0,0,0,0,0,0,0,0,0,0,0,0,0,0,37,0,0,235,1,1,0,0,1,1,1,1,1,1,2,2,0,0,0,0
2889,WLNM_dir_neg,1,0.5,00:00:00,10,70,21,1985449494,threshold_sweep,0.9,1,1,1,2,0,0,4,1,1,0,0,1,1,1,1,0.555555555556,1,1,1,37,35,2,0,37,0,35,0,2,17,37,0.136029411765,1.88235294118,4.35294117647,3.36363636364,2.84615384615,1.69341284359,0.389027274878,0.193958664547,2.09866904602,0.964253345467,0.518282988871,1.87867287326,0.863174022847,0.470588235294,0.786197569093,0.41766745858,2.25,1.88235294118,0.786197569093,2.25,0.166339869281,0.0612244897959,3,0.00441176470588,0.185952380952,17,17,17,1,0,0.352941176471,0.411764705882,0.235294117647,17,0.128676470588,1.90196078431,4.11764705882,3.18181818182,2.69230769231,1.57648156274,0.382859808093,0.201680672269,2.01465221053,0.978545359402,0.524369747899,1.74894926439,0.849489642704,0.463865546218,0.814492905316,0.428238537847,2.33333333333,1.90196078431,0.814492905316,2.33333333333,0,0,0,0,0.164242424242,17,17,17,1,0,0.352941176471,0.411764705882,0.235294117647,17,37,0.136029411765,1.88235294118,4.35294117647,3.36363636364,2.84615384615,1.69341284359,0.389027274878,0.193958664547,2.09866904602,0.964253345467,0.518282988871,1.87867287326,0.863174022847,0.470588235294,0.786197569093,0.41766745858,2.25,1.88235294118,0.786197569093,2.25,0.166339869281,0.0612244897959,3,0.00441176470588,0.185952380952,17,17,17,1,0,0.352941176471,0.411764705882,0.235294117647,0,0,0,0,0,0,0,0,0,0,0,0,0,0,0,0,0,0,0,0,0,0,0,0,0,0,0,0,0,37,0,0,235,1,1,0,0,1,1,1,1,1,1,2,2,0,0,0,0
2890,WLNM_dir_neg,1,0.5,00:00:00,10,70,22,1985449495,threshold_sweep,0.1,0.666666666667,1,0.8,2,1,0,3,1,0.75,0.25,0,0.666666666667,1,0.8,0.833333333333,0.5,0.666666666667,0.707106781187,0.75,37,35,2,0,37,0,35,0,2,17,37,0.136029411765,1.88235294118,4.35294117647,3.36363636364,2.84615384615,1.69341284359,0.389027274878,0.193958664547,2.09866904602,0.964253345467,0.518282988871,1.87867287326,0.863174022847,0.470588235294,0.786197569093,0.41766745858,2.25,1.88235294118,0.786197569093,2.25,0.166339869281,0.0612244897959,3,0.00441176470588,0.185952380952,17,17,17,1,0,0.352941176471,0.411764705882,0.235294117647,17,0.128676470588,1.90196078431,4.11764705882,3.18181818182,2.69230769231,1.57648156274,0.382859808093,0.201680672269,2.01465221053,0.978545359402,0.524369747899,1.74894926439,0.849489642704,0.463865546218,0.814492905316,0.428238537847,2.33333333333,1.90196078431,0.814492905316,2.33333333333,0,0,0,0,0.164242424242,17,17,17,1,0,0.352941176471,0.411764705882,0.235294117647,17,38,0.139705882353,1.98764705882,4.47058823529,3.16666666667,2.92307692308,1.58578241961,0.354714488598,0.171826625387,2.04723630062,0.915868871331,0.495356037152,1.92124346989,0.859503657582,0.467492260062,0.792996921587,0.398962641817,2.35,1.98764705882,0.792996921587,2.35,0.232679738562,0.0986842105263,5,0.00735294117647,0.164051226551,17,17,17,1,0,0.294117647059,0.470588235294,0.235294117647,1,0.00367647058824,0.105294117647,0.117647058824,-0.19696969697,0.0769230769231,-0.107630423974,-0.0343127862804,-0.0221320391599,-0.0514327453931,-0.0483844741355,-0.0229269517195,0.0425705966328,-0.00367036526551,-0.0030959752322,0.00679935249481,-0.0187048167638,0.1,0.105294117647,0.00679935249481,0.1,0.066339869281,0.0374597207304,2,0.00294117647059,-0.0219011544012,-0.0588235294118,0.0588235294118,0,37,1,0,234,1,0.995744680851,0.00425531914894,0,0.973684210526,1,0.986666666667,0.984652666406,0.995744680851,0.973684210526,3,2,0,0,0,0
2891,WLNM_dir_neg,1,0.5,00:00:00,10,70,22,1985449495,threshold_sweep,0.2,0.666666666667,1,0.8,2,1,0,3,1,0.75,0.25,0,0.666666666667,1,0.8,0.833333333333,0.5,0.666666666667,0.707106781187,0.75,37,35,2,0,37,0,35,0,2,17,37,0.136029411765,1.88235294118,4.35294117647,3.36363636364,2.84615384615,1.69341284359,0.389027274878,0.193958664547,2.09866904602,0.964253345467,0.518282988871,1.87867287326,0.863174022847,0.470588235294,0.786197569093,0.41766745858,2.25,1.88235294118,0.786197569093,2.25,0.166339869281,0.0612244897959,3,0.00441176470588,0.185952380952,17,17,17,1,0,0.352941176471,0.411764705882,0.235294117647,17,0.128676470588,1.90196078431,4.11764705882,3.18181818182,2.69230769231,1.57648156274,0.382859808093,0.201680672269,2.01465221053,0.978545359402,0.524369747899,1.74894926439,0.849489642704,0.463865546218,0.814492905316,0.428238537847,2.33333333333,1.90196078431,0.814492905316,2.33333333333,0,0,0,0,0.164242424242,17,17,17,1,0,0.352941176471,0.411764705882,0.235294117647,17,38,0.139705882353,1.98764705882,4.47058823529,3.16666666667,2.92307692308,1.58578241961,0.354714488598,0.171826625387,2.04723630062,0.915868871331,0.495356037152,1.92124346989,0.859503657582,0.467492260062,0.792996921587,0.398962641817,2.35,1.98764705882,0.792996921587,2.35,0.232679738562,0.0986842105263,5,0.00735294117647,0.164051226551,17,17,17,1,0,0.294117647059,0.470588235294,0.235294117647,1,0.00367647058824,0.105294117647,0.117647058824,-0.19696969697,0.0769230769231,-0.107630423974,-0.0343127862804,-0.0221320391599,-0.0514327453931,-0.0483844741355,-0.0229269517195,0.0425705966328,-0.00367036526551,-0.0030959752322,0.00679935249481,-0.0187048167638,0.1,0.105294117647,0.00679935249481,0.1,0.066339869281,0.0374597207304,2,0.00294117647059,-0.0219011544012,-0.0588235294118,0.0588235294118,0,37,1,0,234,1,0.995744680851,0.00425531914894,0,0.973684210526,1,0.986666666667,0.984652666406,0.995744680851,0.973684210526,3,2,0,0,0,0
2892,WLNM_dir_neg,1,0.5,00:00:00,10,70,22,1985449495,threshold_sweep,0.3,1,1,1,2,0,0,4,1,1,0,0,1,1,1,1,0.555555555556,1,1,1,37,35,2,0,37,0,35,0,2,17,37,0.136029411765,1.88235294118,4.35294117647,3.36363636364,2.84615384615,1.69341284359,0.389027274878,0.193958664547,2.09866904602,0.964253345467,0.518282988871,1.87867287326,0.863174022847,0.470588235294,0.786197569093,0.41766745858,2.25,1.88235294118,0.786197569093,2.25,0.166339869281,0.0612244897959,3,0.00441176470588,0.185952380952,17,17,17,1,0,0.352941176471,0.411764705882,0.235294117647,17,0.128676470588,1.90196078431,4.11764705882,3.18181818182,2.69230769231,1.57648156274,0.382859808093,0.201680672269,2.01465221053,0.978545359402,0.524369747899,1.74894926439,0.849489642704,0.463865546218,0.814492905316,0.428238537847,2.33333333333,1.90196078431,0.814492905316,2.33333333333,0,0,0,0,0.164242424242,17,17,17,1,0,0.352941176471,0.411764705882,0.235294117647,17,37,0.136029411765,1.88235294118,4.35294117647,3.36363636364,2.84615384615,1.69341284359,0.389027274878,0.193958664547,2.09866904602,0.964253345467,0.518282988871,1.87867287326,0.863174022847,0.470588235294,0.786197569093,0.41766745858,2.25,1.88235294118,0.786197569093,2.25,0.166339869281,0.0612244897959,3,0.00441176470588,0.185952380952,17,17,17,1,0,0.352941176471,0.411764705882,0.235294117647,0,0,0,0,0,0,0,0,0,0,0,0,0,0,0,0,0,0,0,0,0,0,0,0,0,0,0,0,0,37,0,0,235,1,1,0,0,1,1,1,1,1,1,2,2,0,0,0,0
2893,WLNM_dir_neg,1,0.5,00:00:00,10,70,22,1985449495,threshold_sweep,0.4,1,1,1,2,0,0,4,1,1,0,0,1,1,1,1,0.555555555556,1,1,1,37,35,2,0,37,0,35,0,2,17,37,0.136029411765,1.88235294118,4.35294117647,3.36363636364,2.84615384615,1.69341284359,0.389027274878,0.193958664547,2.09866904602,0.964253345467,0.518282988871,1.87867287326,0.863174022847,0.470588235294,0.786197569093,0.41766745858,2.25,1.88235294118,0.786197569093,2.25,0.166339869281,0.0612244897959,3,0.00441176470588,0.185952380952,17,17,17,1,0,0.352941176471,0.411764705882,0.235294117647,17,0.128676470588,1.90196078431,4.11764705882,3.18181818182,2.69230769231,1.57648156274,0.382859808093,0.201680672269,2.01465221053,0.978545359402,0.524369747899,1.74894926439,0.849489642704,0.463865546218,0.814492905316,0.428238537847,2.33333333333,1.90196078431,0.814492905316,2.33333333333,0,0,0,0,0.164242424242,17,17,17,1,0,0.352941176471,0.411764705882,0.235294117647,17,37,0.136029411765,1.88235294118,4.35294117647,3.36363636364,2.84615384615,1.69341284359,0.389027274878,0.193958664547,2.09866904602,0.964253345467,0.518282988871,1.87867287326,0.863174022847,0.470588235294,0.786197569093,0.41766745858,2.25,1.88235294118,0.786197569093,2.25,0.166339869281,0.0612244897959,3,0.00441176470588,0.185952380952,17,17,17,1,0,0.352941176471,0.411764705882,0.235294117647,0,0,0,0,0,0,0,0,0,0,0,0,0,0,0,0,0,0,0,0,0,0,0,0,0,0,0,0,0,37,0,0,235,1,1,0,0,1,1,1,1,1,1,2,2,0,0,0,0
2894,WLNM_dir_neg,1,0.5,00:00:00,10,70,22,1985449495,threshold_sweep,0.5,1,1,1,2,0,0,4,1,1,0,0,1,1,1,1,0.555555555556,1,1,1,37,35,2,0,37,0,35,0,2,17,37,0.136029411765,1.88235294118,4.35294117647,3.36363636364,2.84615384615,1.69341284359,0.389027274878,0.193958664547,2.09866904602,0.964253345467,0.518282988871,1.87867287326,0.863174022847,0.470588235294,0.786197569093,0.41766745858,2.25,1.88235294118,0.786197569093,2.25,0.166339869281,0.0612244897959,3,0.00441176470588,0.185952380952,17,17,17,1,0,0.352941176471,0.411764705882,0.235294117647,17,0.128676470588,1.90196078431,4.11764705882,3.18181818182,2.69230769231,1.57648156274,0.382859808093,0.201680672269,2.01465221053,0.978545359402,0.524369747899,1.74894926439,0.849489642704,0.463865546218,0.814492905316,0.428238537847,2.33333333333,1.90196078431,0.814492905316,2.33333333333,0,0,0,0,0.164242424242,17,17,17,1,0,0.352941176471,0.411764705882,0.235294117647,17,37,0.136029411765,1.88235294118,4.35294117647,3.36363636364,2.84615384615,1.69341284359,0.389027274878,0.193958664547,2.09866904602,0.964253345467,0.518282988871,1.87867287326,0.863174022847,0.470588235294,0.786197569093,0.41766745858,2.25,1.88235294118,0.786197569093,2.25,0.166339869281,0.0612244897959,3,0.00441176470588,0.185952380952,17,17,17,1,0,0.352941176471,0.411764705882,0.235294117647,0,0,0,0,0,0,0,0,0,0,0,0,0,0,0,0,0,0,0,0,0,0,0,0,0,0,0,0,0,37,0,0,235,1,1,0,0,1,1,1,1,1,1,2,2,0,0,0,0
2895,WLNM_dir_neg,1,0.5,00:00:00,10,70,22,1985449495,threshold_sweep,0.6,1,1,1,2,0,0,4,1,1,0,0,1,1,1,1,0.555555555556,1,1,1,37,35,2,0,37,0,35,0,2,17,37,0.136029411765,1.88235294118,4.35294117647,3.36363636364,2.84615384615,1.69341284359,0.389027274878,0.193958664547,2.09866904602,0.964253345467,0.518282988871,1.87867287326,0.863174022847,0.470588235294,0.786197569093,0.41766745858,2.25,1.88235294118,0.786197569093,2.25,0.166339869281,0.0612244897959,3,0.00441176470588,0.185952380952,17,17,17,1,0,0.352941176471,0.411764705882,0.235294117647,17,0.128676470588,1.90196078431,4.11764705882,3.18181818182,2.69230769231,1.57648156274,0.382859808093,0.201680672269,2.01465221053,0.978545359402,0.524369747899,1.74894926439,0.849489642704,0.463865546218,0.814492905316,0.428238537847,2.33333333333,1.90196078431,0.814492905316,2.33333333333,0,0,0,0,0.164242424242,17,17,17,1,0,0.352941176471,0.411764705882,0.235294117647,17,37,0.136029411765,1.88235294118,4.35294117647,3.36363636364,2.84615384615,1.69341284359,0.389027274878,0.193958664547,2.09866904602,0.964253345467,0.518282988871,1.87867287326,0.863174022847,0.470588235294,0.786197569093,0.41766745858,2.25,1.88235294118,0.786197569093,2.25,0.166339869281,0.0612244897959,3,0.00441176470588,0.185952380952,17,17,17,1,0,0.352941176471,0.411764705882,0.235294117647,0,0,0,0,0,0,0,0,0,0,0,0,0,0,0,0,0,0,0,0,0,0,0,0,0,0,0,0,0,37,0,0,235,1,1,0,0,1,1,1,1,1,1,2,2,0,0,0,0
2896,WLNM_dir_neg,1,0.5,00:00:00,10,70,22,1985449495,threshold_sweep,0.7,1,1,1,2,0,0,4,1,1,0,0,1,1,1,1,0.555555555556,1,1,1,37,35,2,0,37,0,35,0,2,17,37,0.136029411765,1.88235294118,4.35294117647,3.36363636364,2.84615384615,1.69341284359,0.389027274878,0.193958664547,2.09866904602,0.964253345467,0.518282988871,1.87867287326,0.863174022847,0.470588235294,0.786197569093,0.41766745858,2.25,1.88235294118,0.786197569093,2.25,0.166339869281,0.0612244897959,3,0.00441176470588,0.185952380952,17,17,17,1,0,0.352941176471,0.411764705882,0.235294117647,17,0.128676470588,1.90196078431,4.11764705882,3.18181818182,2.69230769231,1.57648156274,0.382859808093,0.201680672269,2.01465221053,0.978545359402,0.524369747899,1.74894926439,0.849489642704,0.463865546218,0.814492905316,0.428238537847,2.33333333333,1.90196078431,0.814492905316,2.33333333333,0,0,0,0,0.164242424242,17,17,17,1,0,0.352941176471,0.411764705882,0.235294117647,17,37,0.136029411765,1.88235294118,4.35294117647,3.36363636364,2.84615384615,1.69341284359,0.389027274878,0.193958664547,2.09866904602,0.964253345467,0.518282988871,1.87867287326,0.863174022847,0.470588235294,0.786197569093,0.41766745858,2.25,1.88235294118,0.786197569093,2.25,0.166339869281,0.0612244897959,3,0.00441176470588,0.185952380952,17,17,17,1,0,0.352941176471,0.411764705882,0.235294117647,0,0,0,0,0,0,0,0,0,0,0,0,0,0,0,0,0,0,0,0,0,0,0,0,0,0,0,0,0,37,0,0,235,1,1,0,0,1,1,1,1,1,1,2,2,0,0,0,0
2897,WLNM_dir_neg,1,0.5,00:00:00,10,70,22,1985449495,threshold_sweep,0.8,1,1,1,2,0,0,4,1,1,0,0,1,1,1,1,0.555555555556,1,1,1,37,35,2,0,37,0,35,0,2,17,37,0.136029411765,1.88235294118,4.35294117647,3.36363636364,2.84615384615,1.69341284359,0.389027274878,0.193958664547,2.09866904602,0.964253345467,0.518282988871,1.87867287326,0.863174022847,0.470588235294,0.786197569093,0.41766745858,2.25,1.88235294118,0.786197569093,2.25,0.166339869281,0.0612244897959,3,0.00441176470588,0.185952380952,17,17,17,1,0,0.352941176471,0.411764705882,0.235294117647,17,0.128676470588,1.90196078431,4.11764705882,3.18181818182,2.69230769231,1.57648156274,0.382859808093,0.201680672269,2.01465221053,0.978545359402,0.524369747899,1.74894926439,0.849489642704,0.463865546218,0.814492905316,0.428238537847,2.33333333333,1.90196078431,0.814492905316,2.33333333333,0,0,0,0,0.164242424242,17,17,17,1,0,0.352941176471,0.411764705882,0.235294117647,17,37,0.136029411765,1.88235294118,4.35294117647,3.36363636364,2.84615384615,1.69341284359,0.389027274878,0.193958664547,2.09866904602,0.964253345467,0.518282988871,1.87867287326,0.863174022847,0.470588235294,0.786197569093,0.41766745858,2.25,1.88235294118,0.786197569093,2.25,0.166339869281,0.0612244897959,3,0.00441176470588,0.185952380952,17,17,17,1,0,0.352941176471,0.411764705882,0.235294117647,0,0,0,0,0,0,0,0,0,0,0,0,0,0,0,0,0,0,0,0,0,0,0,0,0,0,0,0,0,37,0,0,235,1,1,0,0,1,1,1,1,1,1,2,2,0,0,0,0
2898,WLNM_dir_neg,1,0.5,00:00:00,10,70,22,1985449495,threshold_sweep,0.9,1,1,1,2,0,0,4,1,1,0,0,1,1,1,1,0.555555555556,1,1,1,37,35,2,0,37,0,35,0,2,17,37,0.136029411765,1.88235294118,4.35294117647,3.36363636364,2.84615384615,1.69341284359,0.389027274878,0.193958664547,2.09866904602,0.964253345467,0.518282988871,1.87867287326,0.863174022847,0.470588235294,0.786197569093,0.41766745858,2.25,1.88235294118,0.786197569093,2.25,0.166339869281,0.0612244897959,3,0.00441176470588,0.185952380952,17,17,17,1,0,0.352941176471,0.411764705882,0.235294117647,17,0.128676470588,1.90196078431,4.11764705882,3.18181818182,2.69230769231,1.57648156274,0.382859808093,0.201680672269,2.01465221053,0.978545359402,0.524369747899,1.74894926439,0.849489642704,0.463865546218,0.814492905316,0.428238537847,2.33333333333,1.90196078431,0.814492905316,2.33333333333,0,0,0,0,0.164242424242,17,17,17,1,0,0.352941176471,0.411764705882,0.235294117647,17,37,0.136029411765,1.88235294118,4.35294117647,3.36363636364,2.84615384615,1.69341284359,0.389027274878,0.193958664547,2.09866904602,0.964253345467,0.518282988871,1.87867287326,0.863174022847,0.470588235294,0.786197569093,0.41766745858,2.25,1.88235294118,0.786197569093,2.25,0.166339869281,0.0612244897959,3,0.00441176470588,0.185952380952,17,17,17,1,0,0.352941176471,0.411764705882,0.235294117647,0,0,0,0,0,0,0,0,0,0,0,0,0,0,0,0,0,0,0,0,0,0,0,0,0,0,0,0,0,37,0,0,235,1,1,0,0,1,1,1,1,1,1,2,2,0,0,0,0
2899,WLNM_dir_neg,0.875,0.291666666667,00:00:00,10,70,23,1985449496,threshold_sweep,0.1,0.666666666667,1,0.8,2,1,0,3,1,0.75,0.25,0,0.666666666667,1,0.8,0.833333333333,0.5,0.666666666667,0.707106781187,0.75,37,35,2,0,37,0,35,0,2,17,37,0.136029411765,1.88235294118,4.35294117647,3.36363636364,2.84615384615,1.69341284359,0.389027274878,0.193958664547,2.09866904602,0.964253345467,0.518282988871,1.87867287326,0.863174022847,0.470588235294,0.786197569093,0.41766745858,2.25,1.88235294118,0.786197569093,2.25,0.166339869281,0.0612244897959,3,0.00441176470588,0.185952380952,17,17,17,1,0,0.352941176471,0.411764705882,0.235294117647,17,0.128676470588,1.90196078431,4.11764705882,3.18181818182,2.69230769231,1.57648156274,0.382859808093,0.201680672269,2.01465221053,0.978545359402,0.524369747899,1.74894926439,0.849489642704,0.463865546218,0.814492905316,0.428238537847,2.33333333333,1.90196078431,0.814492905316,2.33333333333,0,0,0,0,0.164242424242,17,17,17,1,0,0.352941176471,0.411764705882,0.235294117647,17,38,0.139705882353,1.9,4.47058823529,3.45454545455,2.71428571429,1.73629084037,0.388380845872,0.198142414861,2.1368613597,0.955964292498,0.510835913313,1.82103719638,0.814674535221,0.442724458204,0.795298686029,0.418578255805,2.25,1.9,0.795298686029,2.25,0.217320261438,0.115384615385,6,0.00882352941176,0.17867965368,17,17,17,1,0,0.352941176471,0.470588235294,0.176470588235,1,0.00367647058824,0.0176470588235,0.117647058824,0.0909090909091,-0.131868131868,0.0428779967836,-0.000646429005719,0.00418375031378,0.0381923136861,-0.00828905296849,-0.00744707555853,-0.0576356768785,-0.0484994876259,-0.0278637770898,0.00910111693678,0.000910797224492,0,0.0176470588235,0.00910111693678,0,0.0509803921569,0.0541601255887,3,0.00441176470588,-0.00727272727273,0,0.0588235294118,-0.0588235294118,37,1,0,234,1,0.995744680851,0.00425531914894,0,0.973684210526,1,0.986666666667,0.984652666406,0.995744680851,0.973684210526,3,2,0,0,0,0
2900,WLNM_dir_neg,0.875,0.291666666667,00:00:00,10,70,23,1985449496,threshold_sweep,0.2,0.666666666667,1,0.8,2,1,0,3,1,0.75,0.25,0,0.666666666667,1,0.8,0.833333333333,0.5,0.666666666667,0.707106781187,0.75,37,35,2,0,37,0,35,0,2,17,37,0.136029411765,1.88235294118,4.35294117647,3.36363636364,2.84615384615,1.69341284359,0.389027274878,0.193958664547,2.09866904602,0.964253345467,0.518282988871,1.87867287326,0.863174022847,0.470588235294,0.786197569093,0.41766745858,2.25,1.88235294118,0.786197569093,2.25,0.166339869281,0.0612244897959,3,0.00441176470588,0.185952380952,17,17,17,1,0,0.352941176471,0.411764705882,0.235294117647,17,0.128676470588,1.90196078431,4.11764705882,3.18181818182,2.69230769231,1.57648156274,0.382859808093,0.201680672269,2.01465221053,0.978545359402,0.524369747899,1.74894926439,0.849489642704,0.463865546218,0.814492905316,0.428238537847,2.33333333333,1.90196078431,0.814492905316,2.33333333333,0,0,0,0,0.164242424242,17,17,17,1,0,0.352941176471,0.411764705882,0.235294117647,17,38,0.139705882353,1.9,4.47058823529,3.45454545455,2.71428571429,1.73629084037,0.388380845872,0.198142414861,2.1368613597,0.955964292498,0.510835913313,1.82103719638,0.814674535221,0.442724458204,0.795298686029,0.418578255805,2.25,1.9,0.795298686029,2.25,0.217320261438,0.115384615385,6,0.00882352941176,0.17867965368,17,17,17,1,0,0.352941176471,0.470588235294,0.176470588235,1,0.00367647058824,0.0176470588235,0.117647058824,0.0909090909091,-0.131868131868,0.0428779967836,-0.000646429005719,0.00418375031378,0.0381923136861,-0.00828905296849,-0.00744707555853,-0.0576356768785,-0.0484994876259,-0.0278637770898,0.00910111693678,0.000910797224492,0,0.0176470588235,0.00910111693678,0,0.0509803921569,0.0541601255887,3,0.00441176470588,-0.00727272727273,0,0.0588235294118,-0.0588235294118,37,1,0,234,1,0.995744680851,0.00425531914894,0,0.973684210526,1,0.986666666667,0.984652666406,0.995744680851,0.973684210526,3,2,0,0,0,0
2901,WLNM_dir_neg,0.875,0.291666666667,00:00:00,10,70,23,1985449496,threshold_sweep,0.3,0.666666666667,1,0.8,2,1,0,3,1,0.75,0.25,0,0.666666666667,1,0.8,0.833333333333,0.5,0.666666666667,0.707106781187,0.75,37,35,2,0,37,0,35,0,2,17,37,0.136029411765,1.88235294118,4.35294117647,3.36363636364,2.84615384615,1.69341284359,0.389027274878,0.193958664547,2.09866904602,0.964253345467,0.518282988871,1.87867287326,0.863174022847,0.470588235294,0.786197569093,0.41766745858,2.25,1.88235294118,0.786197569093,2.25,0.166339869281,0.0612244897959,3,0.00441176470588,0.185952380952,17,17,17,1,0,0.352941176471,0.411764705882,0.235294117647,17,0.128676470588,1.90196078431,4.11764705882,3.18181818182,2.69230769231,1.57648156274,0.382859808093,0.201680672269,2.01465221053,0.978545359402,0.524369747899,1.74894926439,0.849489642704,0.463865546218,0.814492905316,0.428238537847,2.33333333333,1.90196078431,0.814492905316,2.33333333333,0,0,0,0,0.164242424242,17,17,17,1,0,0.352941176471,0.411764705882,0.235294117647,17,38,0.139705882353,1.9,4.47058823529,3.45454545455,2.71428571429,1.73629084037,0.388380845872,0.198142414861,2.1368613597,0.955964292498,0.510835913313,1.82103719638,0.814674535221,0.442724458204,0.795298686029,0.418578255805,2.25,1.9,0.795298686029,2.25,0.217320261438,0.115384615385,6,0.00882352941176,0.17867965368,17,17,17,1,0,0.352941176471,0.470588235294,0.176470588235,1,0.00367647058824,0.0176470588235,0.117647058824,0.0909090909091,-0.131868131868,0.0428779967836,-0.000646429005719,0.00418375031378,0.0381923136861,-0.00828905296849,-0.00744707555853,-0.0576356768785,-0.0484994876259,-0.0278637770898,0.00910111693678,0.000910797224492,0,0.0176470588235,0.00910111693678,0,0.0509803921569,0.0541601255887,3,0.00441176470588,-0.00727272727273,0,0.0588235294118,-0.0588235294118,37,1,0,234,1,0.995744680851,0.00425531914894,0,0.973684210526,1,0.986666666667,0.984652666406,0.995744680851,0.973684210526,3,2,0,0,0,0
2902,WLNM_dir_neg,0.875,0.291666666667,00:00:00,10,70,23,1985449496,threshold_sweep,0.4,0.666666666667,1,0.8,2,1,0,3,1,0.75,0.25,0,0.666666666667,1,0.8,0.833333333333,0.5,0.666666666667,0.707106781187,0.75,37,35,2,0,37,0,35,0,2,17,37,0.136029411765,1.88235294118,4.35294117647,3.36363636364,2.84615384615,1.69341284359,0.389027274878,0.193958664547,2.09866904602,0.964253345467,0.518282988871,1.87867287326,0.863174022847,0.470588235294,0.786197569093,0.41766745858,2.25,1.88235294118,0.786197569093,2.25,0.166339869281,0.0612244897959,3,0.00441176470588,0.185952380952,17,17,17,1,0,0.352941176471,0.411764705882,0.235294117647,17,0.128676470588,1.90196078431,4.11764705882,3.18181818182,2.69230769231,1.57648156274,0.382859808093,0.201680672269,2.01465221053,0.978545359402,0.524369747899,1.74894926439,0.849489642704,0.463865546218,0.814492905316,0.428238537847,2.33333333333,1.90196078431,0.814492905316,2.33333333333,0,0,0,0,0.164242424242,17,17,17,1,0,0.352941176471,0.411764705882,0.235294117647,17,38,0.139705882353,1.9,4.47058823529,3.45454545455,2.71428571429,1.73629084037,0.388380845872,0.198142414861,2.1368613597,0.955964292498,0.510835913313,1.82103719638,0.814674535221,0.442724458204,0.795298686029,0.418578255805,2.25,1.9,0.795298686029,2.25,0.217320261438,0.115384615385,6,0.00882352941176,0.17867965368,17,17,17,1,0,0.352941176471,0.470588235294,0.176470588235,1,0.00367647058824,0.0176470588235,0.117647058824,0.0909090909091,-0.131868131868,0.0428779967836,-0.000646429005719,0.00418375031378,0.0381923136861,-0.00828905296849,-0.00744707555853,-0.0576356768785,-0.0484994876259,-0.0278637770898,0.00910111693678,0.000910797224492,0,0.0176470588235,0.00910111693678,0,0.0509803921569,0.0541601255887,3,0.00441176470588,-0.00727272727273,0,0.0588235294118,-0.0588235294118,37,1,0,234,1,0.995744680851,0.00425531914894,0,0.973684210526,1,0.986666666667,0.984652666406,0.995744680851,0.973684210526,3,2,0,0,0,0
2903,WLNM_dir_neg,0.875,0.291666666667,00:00:00,10,70,23,1985449496,threshold_sweep,0.5,0.666666666667,1,0.8,2,1,0,3,1,0.75,0.25,0,0.666666666667,1,0.8,0.833333333333,0.5,0.666666666667,0.707106781187,0.75,37,35,2,0,37,0,35,0,2,17,37,0.136029411765,1.88235294118,4.35294117647,3.36363636364,2.84615384615,1.69341284359,0.389027274878,0.193958664547,2.09866904602,0.964253345467,0.518282988871,1.87867287326,0.863174022847,0.470588235294,0.786197569093,0.41766745858,2.25,1.88235294118,0.786197569093,2.25,0.166339869281,0.0612244897959,3,0.00441176470588,0.185952380952,17,17,17,1,0,0.352941176471,0.411764705882,0.235294117647,17,0.128676470588,1.90196078431,4.11764705882,3.18181818182,2.69230769231,1.57648156274,0.382859808093,0.201680672269,2.01465221053,0.978545359402,0.524369747899,1.74894926439,0.849489642704,0.463865546218,0.814492905316,0.428238537847,2.33333333333,1.90196078431,0.814492905316,2.33333333333,0,0,0,0,0.164242424242,17,17,17,1,0,0.352941176471,0.411764705882,0.235294117647,17,38,0.139705882353,1.9,4.47058823529,3.45454545455,2.71428571429,1.73629084037,0.388380845872,0.198142414861,2.1368613597,0.955964292498,0.510835913313,1.82103719638,0.814674535221,0.442724458204,0.795298686029,0.418578255805,2.25,1.9,0.795298686029,2.25,0.217320261438,0.115384615385,6,0.00882352941176,0.17867965368,17,17,17,1,0,0.352941176471,0.470588235294,0.176470588235,1,0.00367647058824,0.0176470588235,0.117647058824,0.0909090909091,-0.131868131868,0.0428779967836,-0.000646429005719,0.00418375031378,0.0381923136861,-0.00828905296849,-0.00744707555853,-0.0576356768785,-0.0484994876259,-0.0278637770898,0.00910111693678,0.000910797224492,0,0.0176470588235,0.00910111693678,0,0.0509803921569,0.0541601255887,3,0.00441176470588,-0.00727272727273,0,0.0588235294118,-0.0588235294118,37,1,0,234,1,0.995744680851,0.00425531914894,0,0.973684210526,1,0.986666666667,0.984652666406,0.995744680851,0.973684210526,3,2,0,0,0,0
2904,WLNM_dir_neg,0.875,0.291666666667,00:00:00,10,70,23,1985449496,threshold_sweep,0.6,0.666666666667,1,0.8,2,1,0,3,1,0.75,0.25,0,0.666666666667,1,0.8,0.833333333333,0.5,0.666666666667,0.707106781187,0.75,37,35,2,0,37,0,35,0,2,17,37,0.136029411765,1.88235294118,4.35294117647,3.36363636364,2.84615384615,1.69341284359,0.389027274878,0.193958664547,2.09866904602,0.964253345467,0.518282988871,1.87867287326,0.863174022847,0.470588235294,0.786197569093,0.41766745858,2.25,1.88235294118,0.786197569093,2.25,0.166339869281,0.0612244897959,3,0.00441176470588,0.185952380952,17,17,17,1,0,0.352941176471,0.411764705882,0.235294117647,17,0.128676470588,1.90196078431,4.11764705882,3.18181818182,2.69230769231,1.57648156274,0.382859808093,0.201680672269,2.01465221053,0.978545359402,0.524369747899,1.74894926439,0.849489642704,0.463865546218,0.814492905316,0.428238537847,2.33333333333,1.90196078431,0.814492905316,2.33333333333,0,0,0,0,0.164242424242,17,17,17,1,0,0.352941176471,0.411764705882,0.235294117647,17,38,0.139705882353,1.9,4.47058823529,3.45454545455,2.71428571429,1.73629084037,0.388380845872,0.198142414861,2.1368613597,0.955964292498,0.510835913313,1.82103719638,0.814674535221,0.442724458204,0.795298686029,0.418578255805,2.25,1.9,0.795298686029,2.25,0.217320261438,0.115384615385,6,0.00882352941176,0.17867965368,17,17,17,1,0,0.352941176471,0.470588235294,0.176470588235,1,0.00367647058824,0.0176470588235,0.117647058824,0.0909090909091,-0.131868131868,0.0428779967836,-0.000646429005719,0.00418375031378,0.0381923136861,-0.00828905296849,-0.00744707555853,-0.0576356768785,-0.0484994876259,-0.0278637770898,0.00910111693678,0.000910797224492,0,0.0176470588235,0.00910111693678,0,0.0509803921569,0.0541601255887,3,0.00441176470588,-0.00727272727273,0,0.0588235294118,-0.0588235294118,37,1,0,234,1,0.995744680851,0.00425531914894,0,0.973684210526,1,0.986666666667,0.984652666406,0.995744680851,0.973684210526,3,2,0,0,0,0
2905,WLNM_dir_neg,0.875,0.291666666667,00:00:00,10,70,23,1985449496,threshold_sweep,0.7,0.666666666667,1,0.8,2,1,0,3,1,0.75,0.25,0,0.666666666667,1,0.8,0.833333333333,0.5,0.666666666667,0.707106781187,0.75,37,35,2,0,37,0,35,0,2,17,37,0.136029411765,1.88235294118,4.35294117647,3.36363636364,2.84615384615,1.69341284359,0.389027274878,0.193958664547,2.09866904602,0.964253345467,0.518282988871,1.87867287326,0.863174022847,0.470588235294,0.786197569093,0.41766745858,2.25,1.88235294118,0.786197569093,2.25,0.166339869281,0.0612244897959,3,0.00441176470588,0.185952380952,17,17,17,1,0,0.352941176471,0.411764705882,0.235294117647,17,0.128676470588,1.90196078431,4.11764705882,3.18181818182,2.69230769231,1.57648156274,0.382859808093,0.201680672269,2.01465221053,0.978545359402,0.524369747899,1.74894926439,0.849489642704,0.463865546218,0.814492905316,0.428238537847,2.33333333333,1.90196078431,0.814492905316,2.33333333333,0,0,0,0,0.164242424242,17,17,17,1,0,0.352941176471,0.411764705882,0.235294117647,17,38,0.139705882353,1.9,4.47058823529,3.45454545455,2.71428571429,1.73629084037,0.388380845872,0.198142414861,2.1368613597,0.955964292498,0.510835913313,1.82103719638,0.814674535221,0.442724458204,0.795298686029,0.418578255805,2.25,1.9,0.795298686029,2.25,0.217320261438,0.115384615385,6,0.00882352941176,0.17867965368,17,17,17,1,0,0.352941176471,0.470588235294,0.176470588235,1,0.00367647058824,0.0176470588235,0.117647058824,0.0909090909091,-0.131868131868,0.0428779967836,-0.000646429005719,0.00418375031378,0.0381923136861,-0.00828905296849,-0.00744707555853,-0.0576356768785,-0.0484994876259,-0.0278637770898,0.00910111693678,0.000910797224492,0,0.0176470588235,0.00910111693678,0,0.0509803921569,0.0541601255887,3,0.00441176470588,-0.00727272727273,0,0.0588235294118,-0.0588235294118,37,1,0,234,1,0.995744680851,0.00425531914894,0,0.973684210526,1,0.986666666667,0.984652666406,0.995744680851,0.973684210526,3,2,0,0,0,0
2906,WLNM_dir_neg,0.875,0.291666666667,00:00:00,10,70,23,1985449496,threshold_sweep,0.8,0.666666666667,1,0.8,2,1,0,3,1,0.75,0.25,0,0.666666666667,1,0.8,0.833333333333,0.5,0.666666666667,0.707106781187,0.75,37,35,2,0,37,0,35,0,2,17,37,0.136029411765,1.88235294118,4.35294117647,3.36363636364,2.84615384615,1.69341284359,0.389027274878,0.193958664547,2.09866904602,0.964253345467,0.518282988871,1.87867287326,0.863174022847,0.470588235294,0.786197569093,0.41766745858,2.25,1.88235294118,0.786197569093,2.25,0.166339869281,0.0612244897959,3,0.00441176470588,0.185952380952,17,17,17,1,0,0.352941176471,0.411764705882,0.235294117647,17,0.128676470588,1.90196078431,4.11764705882,3.18181818182,2.69230769231,1.57648156274,0.382859808093,0.201680672269,2.01465221053,0.978545359402,0.524369747899,1.74894926439,0.849489642704,0.463865546218,0.814492905316,0.428238537847,2.33333333333,1.90196078431,0.814492905316,2.33333333333,0,0,0,0,0.164242424242,17,17,17,1,0,0.352941176471,0.411764705882,0.235294117647,17,38,0.139705882353,1.9,4.47058823529,3.45454545455,2.71428571429,1.73629084037,0.388380845872,0.198142414861,2.1368613597,0.955964292498,0.510835913313,1.82103719638,0.814674535221,0.442724458204,0.795298686029,0.418578255805,2.25,1.9,0.795298686029,2.25,0.217320261438,0.115384615385,6,0.00882352941176,0.17867965368,17,17,17,1,0,0.352941176471,0.470588235294,0.176470588235,1,0.00367647058824,0.0176470588235,0.117647058824,0.0909090909091,-0.131868131868,0.0428779967836,-0.000646429005719,0.00418375031378,0.0381923136861,-0.00828905296849,-0.00744707555853,-0.0576356768785,-0.0484994876259,-0.0278637770898,0.00910111693678,0.000910797224492,0,0.0176470588235,0.00910111693678,0,0.0509803921569,0.0541601255887,3,0.00441176470588,-0.00727272727273,0,0.0588235294118,-0.0588235294118,37,1,0,234,1,0.995744680851,0.00425531914894,0,0.973684210526,1,0.986666666667,0.984652666406,0.995744680851,0.973684210526,3,2,0,0,0,0
2907,WLNM_dir_neg,0.875,0.291666666667,00:00:00,10,70,23,1985449496,threshold_sweep,0.9,0.666666666667,1,0.8,2,1,0,3,1,0.75,0.25,0,0.666666666667,1,0.8,0.833333333333,0.5,0.666666666667,0.707106781187,0.75,37,35,2,0,37,0,35,0,2,17,37,0.136029411765,1.88235294118,4.35294117647,3.36363636364,2.84615384615,1.69341284359,0.389027274878,0.193958664547,2.09866904602,0.964253345467,0.518282988871,1.87867287326,0.863174022847,0.470588235294,0.786197569093,0.41766745858,2.25,1.88235294118,0.786197569093,2.25,0.166339869281,0.0612244897959,3,0.00441176470588,0.185952380952,17,17,17,1,0,0.352941176471,0.411764705882,0.235294117647,17,0.128676470588,1.90196078431,4.11764705882,3.18181818182,2.69230769231,1.57648156274,0.382859808093,0.201680672269,2.01465221053,0.978545359402,0.524369747899,1.74894926439,0.849489642704,0.463865546218,0.814492905316,0.428238537847,2.33333333333,1.90196078431,0.814492905316,2.33333333333,0,0,0,0,0.164242424242,17,17,17,1,0,0.352941176471,0.411764705882,0.235294117647,17,38,0.139705882353,1.9,4.47058823529,3.45454545455,2.71428571429,1.73629084037,0.388380845872,0.198142414861,2.1368613597,0.955964292498,0.510835913313,1.82103719638,0.814674535221,0.442724458204,0.795298686029,0.418578255805,2.25,1.9,0.795298686029,2.25,0.217320261438,0.115384615385,6,0.00882352941176,0.17867965368,17,17,17,1,0,0.352941176471,0.470588235294,0.176470588235,1,0.00367647058824,0.0176470588235,0.117647058824,0.0909090909091,-0.131868131868,0.0428779967836,-0.000646429005719,0.00418375031378,0.0381923136861,-0.00828905296849,-0.00744707555853,-0.0576356768785,-0.0484994876259,-0.0278637770898,0.00910111693678,0.000910797224492,0,0.0176470588235,0.00910111693678,0,0.0509803921569,0.0541601255887,3,0.00441176470588,-0.00727272727273,0,0.0588235294118,-0.0588235294118,37,1,0,234,1,0.995744680851,0.00425531914894,0,0.973684210526,1,0.986666666667,0.984652666406,0.995744680851,0.973684210526,3,2,0,0,0,0
2908,WLNM_dir_neg,1,0.5,00:00:00,10,70,24,1985449497,threshold_sweep,0.1,1,1,1,2,0,0,4,1,1,0,0,1,1,1,1,0.555555555556,1,1,1,37,35,2,0,37,0,35,0,2,17,37,0.136029411765,1.88235294118,4.35294117647,3.36363636364,2.84615384615,1.69341284359,0.389027274878,0.193958664547,2.09866904602,0.964253345467,0.518282988871,1.87867287326,0.863174022847,0.470588235294,0.786197569093,0.41766745858,2.25,1.88235294118,0.786197569093,2.25,0.166339869281,0.0612244897959,3,0.00441176470588,0.185952380952,17,17,17,1,0,0.352941176471,0.411764705882,0.235294117647,17,0.128676470588,1.90196078431,4.11764705882,3.18181818182,2.69230769231,1.57648156274,0.382859808093,0.201680672269,2.01465221053,0.978545359402,0.524369747899,1.74894926439,0.849489642704,0.463865546218,0.814492905316,0.428238537847,2.33333333333,1.90196078431,0.814492905316,2.33333333333,0,0,0,0,0.164242424242,17,17,17,1,0,0.352941176471,0.411764705882,0.235294117647,17,37,0.136029411765,1.88235294118,4.35294117647,3.36363636364,2.84615384615,1.69341284359,0.389027274878,0.193958664547,2.09866904602,0.964253345467,0.518282988871,1.87867287326,0.863174022847,0.470588235294,0.786197569093,0.41766745858,2.25,1.88235294118,0.786197569093,2.25,0.166339869281,0.0612244897959,3,0.00441176470588,0.185952380952,17,17,17,1,0,0.352941176471,0.411764705882,0.235294117647,0,0,0,0,0,0,0,0,0,0,0,0,0,0,0,0,0,0,0,0,0,0,0,0,0,0,0,0,0,37,0,0,235,1,1,0,0,1,1,1,1,1,1,2,2,0,0,0,0
2909,WLNM_dir_neg,1,0.5,00:00:00,10,70,24,1985449497,threshold_sweep,0.2,1,1,1,2,0,0,4,1,1,0,0,1,1,1,1,0.555555555556,1,1,1,37,35,2,0,37,0,35,0,2,17,37,0.136029411765,1.88235294118,4.35294117647,3.36363636364,2.84615384615,1.69341284359,0.389027274878,0.193958664547,2.09866904602,0.964253345467,0.518282988871,1.87867287326,0.863174022847,0.470588235294,0.786197569093,0.41766745858,2.25,1.88235294118,0.786197569093,2.25,0.166339869281,0.0612244897959,3,0.00441176470588,0.185952380952,17,17,17,1,0,0.352941176471,0.411764705882,0.235294117647,17,0.128676470588,1.90196078431,4.11764705882,3.18181818182,2.69230769231,1.57648156274,0.382859808093,0.201680672269,2.01465221053,0.978545359402,0.524369747899,1.74894926439,0.849489642704,0.463865546218,0.814492905316,0.428238537847,2.33333333333,1.90196078431,0.814492905316,2.33333333333,0,0,0,0,0.164242424242,17,17,17,1,0,0.352941176471,0.411764705882,0.235294117647,17,37,0.136029411765,1.88235294118,4.35294117647,3.36363636364,2.84615384615,1.69341284359,0.389027274878,0.193958664547,2.09866904602,0.964253345467,0.518282988871,1.87867287326,0.863174022847,0.470588235294,0.786197569093,0.41766745858,2.25,1.88235294118,0.786197569093,2.25,0.166339869281,0.0612244897959,3,0.00441176470588,0.185952380952,17,17,17,1,0,0.352941176471,0.411764705882,0.235294117647,0,0,0,0,0,0,0,0,0,0,0,0,0,0,0,0,0,0,0,0,0,0,0,0,0,0,0,0,0,37,0,0,235,1,1,0,0,1,1,1,1,1,1,2,2,0,0,0,0
2910,WLNM_dir_neg,1,0.5,00:00:00,10,70,24,1985449497,threshold_sweep,0.3,1,1,1,2,0,0,4,1,1,0,0,1,1,1,1,0.555555555556,1,1,1,37,35,2,0,37,0,35,0,2,17,37,0.136029411765,1.88235294118,4.35294117647,3.36363636364,2.84615384615,1.69341284359,0.389027274878,0.193958664547,2.09866904602,0.964253345467,0.518282988871,1.87867287326,0.863174022847,0.470588235294,0.786197569093,0.41766745858,2.25,1.88235294118,0.786197569093,2.25,0.166339869281,0.0612244897959,3,0.00441176470588,0.185952380952,17,17,17,1,0,0.352941176471,0.411764705882,0.235294117647,17,0.128676470588,1.90196078431,4.11764705882,3.18181818182,2.69230769231,1.57648156274,0.382859808093,0.201680672269,2.01465221053,0.978545359402,0.524369747899,1.74894926439,0.849489642704,0.463865546218,0.814492905316,0.428238537847,2.33333333333,1.90196078431,0.814492905316,2.33333333333,0,0,0,0,0.164242424242,17,17,17,1,0,0.352941176471,0.411764705882,0.235294117647,17,37,0.136029411765,1.88235294118,4.35294117647,3.36363636364,2.84615384615,1.69341284359,0.389027274878,0.193958664547,2.09866904602,0.964253345467,0.518282988871,1.87867287326,0.863174022847,0.470588235294,0.786197569093,0.41766745858,2.25,1.88235294118,0.786197569093,2.25,0.166339869281,0.0612244897959,3,0.00441176470588,0.185952380952,17,17,17,1,0,0.352941176471,0.411764705882,0.235294117647,0,0,0,0,0,0,0,0,0,0,0,0,0,0,0,0,0,0,0,0,0,0,0,0,0,0,0,0,0,37,0,0,235,1,1,0,0,1,1,1,1,1,1,2,2,0,0,0,0
2911,WLNM_dir_neg,1,0.5,00:00:00,10,70,24,1985449497,threshold_sweep,0.4,1,1,1,2,0,0,4,1,1,0,0,1,1,1,1,0.555555555556,1,1,1,37,35,2,0,37,0,35,0,2,17,37,0.136029411765,1.88235294118,4.35294117647,3.36363636364,2.84615384615,1.69341284359,0.389027274878,0.193958664547,2.09866904602,0.964253345467,0.518282988871,1.87867287326,0.863174022847,0.470588235294,0.786197569093,0.41766745858,2.25,1.88235294118,0.786197569093,2.25,0.166339869281,0.0612244897959,3,0.00441176470588,0.185952380952,17,17,17,1,0,0.352941176471,0.411764705882,0.235294117647,17,0.128676470588,1.90196078431,4.11764705882,3.18181818182,2.69230769231,1.57648156274,0.382859808093,0.201680672269,2.01465221053,0.978545359402,0.524369747899,1.74894926439,0.849489642704,0.463865546218,0.814492905316,0.428238537847,2.33333333333,1.90196078431,0.814492905316,2.33333333333,0,0,0,0,0.164242424242,17,17,17,1,0,0.352941176471,0.411764705882,0.235294117647,17,37,0.136029411765,1.88235294118,4.35294117647,3.36363636364,2.84615384615,1.69341284359,0.389027274878,0.193958664547,2.09866904602,0.964253345467,0.518282988871,1.87867287326,0.863174022847,0.470588235294,0.786197569093,0.41766745858,2.25,1.88235294118,0.786197569093,2.25,0.166339869281,0.0612244897959,3,0.00441176470588,0.185952380952,17,17,17,1,0,0.352941176471,0.411764705882,0.235294117647,0,0,0,0,0,0,0,0,0,0,0,0,0,0,0,0,0,0,0,0,0,0,0,0,0,0,0,0,0,37,0,0,235,1,1,0,0,1,1,1,1,1,1,2,2,0,0,0,0
2912,WLNM_dir_neg,1,0.5,00:00:00,10,70,24,1985449497,threshold_sweep,0.5,1,1,1,2,0,0,4,1,1,0,0,1,1,1,1,0.555555555556,1,1,1,37,35,2,0,37,0,35,0,2,17,37,0.136029411765,1.88235294118,4.35294117647,3.36363636364,2.84615384615,1.69341284359,0.389027274878,0.193958664547,2.09866904602,0.964253345467,0.518282988871,1.87867287326,0.863174022847,0.470588235294,0.786197569093,0.41766745858,2.25,1.88235294118,0.786197569093,2.25,0.166339869281,0.0612244897959,3,0.00441176470588,0.185952380952,17,17,17,1,0,0.352941176471,0.411764705882,0.235294117647,17,0.128676470588,1.90196078431,4.11764705882,3.18181818182,2.69230769231,1.57648156274,0.382859808093,0.201680672269,2.01465221053,0.978545359402,0.524369747899,1.74894926439,0.849489642704,0.463865546218,0.814492905316,0.428238537847,2.33333333333,1.90196078431,0.814492905316,2.33333333333,0,0,0,0,0.164242424242,17,17,17,1,0,0.352941176471,0.411764705882,0.235294117647,17,37,0.136029411765,1.88235294118,4.35294117647,3.36363636364,2.84615384615,1.69341284359,0.389027274878,0.193958664547,2.09866904602,0.964253345467,0.518282988871,1.87867287326,0.863174022847,0.470588235294,0.786197569093,0.41766745858,2.25,1.88235294118,0.786197569093,2.25,0.166339869281,0.0612244897959,3,0.00441176470588,0.185952380952,17,17,17,1,0,0.352941176471,0.411764705882,0.235294117647,0,0,0,0,0,0,0,0,0,0,0,0,0,0,0,0,0,0,0,0,0,0,0,0,0,0,0,0,0,37,0,0,235,1,1,0,0,1,1,1,1,1,1,2,2,0,0,0,0
2913,WLNM_dir_neg,1,0.5,00:00:00,10,70,24,1985449497,threshold_sweep,0.6,1,1,1,2,0,0,4,1,1,0,0,1,1,1,1,0.555555555556,1,1,1,37,35,2,0,37,0,35,0,2,17,37,0.136029411765,1.88235294118,4.35294117647,3.36363636364,2.84615384615,1.69341284359,0.389027274878,0.193958664547,2.09866904602,0.964253345467,0.518282988871,1.87867287326,0.863174022847,0.470588235294,0.786197569093,0.41766745858,2.25,1.88235294118,0.786197569093,2.25,0.166339869281,0.0612244897959,3,0.00441176470588,0.185952380952,17,17,17,1,0,0.352941176471,0.411764705882,0.235294117647,17,0.128676470588,1.90196078431,4.11764705882,3.18181818182,2.69230769231,1.57648156274,0.382859808093,0.201680672269,2.01465221053,0.978545359402,0.524369747899,1.74894926439,0.849489642704,0.463865546218,0.814492905316,0.428238537847,2.33333333333,1.90196078431,0.814492905316,2.33333333333,0,0,0,0,0.164242424242,17,17,17,1,0,0.352941176471,0.411764705882,0.235294117647,17,37,0.136029411765,1.88235294118,4.35294117647,3.36363636364,2.84615384615,1.69341284359,0.389027274878,0.193958664547,2.09866904602,0.964253345467,0.518282988871,1.87867287326,0.863174022847,0.470588235294,0.786197569093,0.41766745858,2.25,1.88235294118,0.786197569093,2.25,0.166339869281,0.0612244897959,3,0.00441176470588,0.185952380952,17,17,17,1,0,0.352941176471,0.411764705882,0.235294117647,0,0,0,0,0,0,0,0,0,0,0,0,0,0,0,0,0,0,0,0,0,0,0,0,0,0,0,0,0,37,0,0,235,1,1,0,0,1,1,1,1,1,1,2,2,0,0,0,0
2914,WLNM_dir_neg,1,0.5,00:00:00,10,70,24,1985449497,threshold_sweep,0.7,1,0.5,0.666666666667,1,0,1,4,0.5,1,0,0.5,1,0.5,0.666666666667,0.833333333333,0.611111111111,0.571428571429,0.632455532034,0.5,37,35,2,0,37,0,35,0,2,17,37,0.136029411765,1.88235294118,4.35294117647,3.36363636364,2.84615384615,1.69341284359,0.389027274878,0.193958664547,2.09866904602,0.964253345467,0.518282988871,1.87867287326,0.863174022847,0.470588235294,0.786197569093,0.41766745858,2.25,1.88235294118,0.786197569093,2.25,0.166339869281,0.0612244897959,3,0.00441176470588,0.185952380952,17,17,17,1,0,0.352941176471,0.411764705882,0.235294117647,17,0.128676470588,1.90196078431,4.11764705882,3.18181818182,2.69230769231,1.57648156274,0.382859808093,0.201680672269,2.01465221053,0.978545359402,0.524369747899,1.74894926439,0.849489642704,0.463865546218,0.814492905316,0.428238537847,2.33333333333,1.90196078431,0.814492905316,2.33333333333,0,0,0,0,0.164242424242,17,17,17,1,0,0.352941176471,0.411764705882,0.235294117647,17,36,0.132352941176,1.89705882353,4.23529411765,3.27272727273,2.76923076923,1.71498585143,0.40492721492,0.204248366013,2.05798302171,0.971825315808,0.522875816993,1.79869233546,0.849382491746,0.464052287582,0.805541469338,0.424626510969,2.25,1.89705882353,0.805541469338,2.25,0.0702614379085,0.0214285714286,1,0.00147058823529,0.175454545455,17,17,17,1,0,0.352941176471,0.411764705882,0.235294117647,-1,-0.00367647058824,0.0147058823529,-0.117647058824,-0.0909090909091,-0.0769230769231,0.0215730078386,0.0158999400418,0.0102897014662,-0.0406860243059,0.00757197034072,0.00459282812224,-0.0799805377942,-0.0137915311015,-0.00653594771242,0.0193439002456,0.00695905238854,0,0.0147058823529,0.0193439002456,0,-0.0960784313725,-0.0397959183673,-2,-0.00294117647059,-0.0104978354978,0,0,0,36,0,1,235,0.972972972973,1,0,0.027027027027,1,0.972972972973,0.986301369863,0.984301887704,0.972972972973,0.972972972973,1,2,0,0,0,0
2915,WLNM_dir_neg,1,0.5,00:00:00,10,70,24,1985449497,threshold_sweep,0.8,1,0.5,0.666666666667,1,0,1,4,0.5,1,0,0.5,1,0.5,0.666666666667,0.833333333333,0.611111111111,0.571428571429,0.632455532034,0.5,37,35,2,0,37,0,35,0,2,17,37,0.136029411765,1.88235294118,4.35294117647,3.36363636364,2.84615384615,1.69341284359,0.389027274878,0.193958664547,2.09866904602,0.964253345467,0.518282988871,1.87867287326,0.863174022847,0.470588235294,0.786197569093,0.41766745858,2.25,1.88235294118,0.786197569093,2.25,0.166339869281,0.0612244897959,3,0.00441176470588,0.185952380952,17,17,17,1,0,0.352941176471,0.411764705882,0.235294117647,17,0.128676470588,1.90196078431,4.11764705882,3.18181818182,2.69230769231,1.57648156274,0.382859808093,0.201680672269,2.01465221053,0.978545359402,0.524369747899,1.74894926439,0.849489642704,0.463865546218,0.814492905316,0.428238537847,2.33333333333,1.90196078431,0.814492905316,2.33333333333,0,0,0,0,0.164242424242,17,17,17,1,0,0.352941176471,0.411764705882,0.235294117647,17,36,0.132352941176,1.89705882353,4.23529411765,3.27272727273,2.76923076923,1.71498585143,0.40492721492,0.204248366013,2.05798302171,0.971825315808,0.522875816993,1.79869233546,0.849382491746,0.464052287582,0.805541469338,0.424626510969,2.25,1.89705882353,0.805541469338,2.25,0.0702614379085,0.0214285714286,1,0.00147058823529,0.175454545455,17,17,17,1,0,0.352941176471,0.411764705882,0.235294117647,-1,-0.00367647058824,0.0147058823529,-0.117647058824,-0.0909090909091,-0.0769230769231,0.0215730078386,0.0158999400418,0.0102897014662,-0.0406860243059,0.00757197034072,0.00459282812224,-0.0799805377942,-0.0137915311015,-0.00653594771242,0.0193439002456,0.00695905238854,0,0.0147058823529,0.0193439002456,0,-0.0960784313725,-0.0397959183673,-2,-0.00294117647059,-0.0104978354978,0,0,0,36,0,1,235,0.972972972973,1,0,0.027027027027,1,0.972972972973,0.986301369863,0.984301887704,0.972972972973,0.972972972973,1,2,0,0,0,0
2916,WLNM_dir_neg,1,0.5,00:00:00,10,70,24,1985449497,threshold_sweep,0.9,1,0.5,0.666666666667,1,0,1,4,0.5,1,0,0.5,1,0.5,0.666666666667,0.833333333333,0.611111111111,0.571428571429,0.632455532034,0.5,37,35,2,0,37,0,35,0,2,17,37,0.136029411765,1.88235294118,4.35294117647,3.36363636364,2.84615384615,1.69341284359,0.389027274878,0.193958664547,2.09866904602,0.964253345467,0.518282988871,1.87867287326,0.863174022847,0.470588235294,0.786197569093,0.41766745858,2.25,1.88235294118,0.786197569093,2.25,0.166339869281,0.0612244897959,3,0.00441176470588,0.185952380952,17,17,17,1,0,0.352941176471,0.411764705882,0.235294117647,17,0.128676470588,1.90196078431,4.11764705882,3.18181818182,2.69230769231,1.57648156274,0.382859808093,0.201680672269,2.01465221053,0.978545359402,0.524369747899,1.74894926439,0.849489642704,0.463865546218,0.814492905316,0.428238537847,2.33333333333,1.90196078431,0.814492905316,2.33333333333,0,0,0,0,0.164242424242,17,17,17,1,0,0.352941176471,0.411764705882,0.235294117647,17,36,0.132352941176,1.89705882353,4.23529411765,3.27272727273,2.76923076923,1.71498585143,0.40492721492,0.204248366013,2.05798302171,0.971825315808,0.522875816993,1.79869233546,0.849382491746,0.464052287582,0.805541469338,0.424626510969,2.25,1.89705882353,0.805541469338,2.25,0.0702614379085,0.0214285714286,1,0.00147058823529,0.175454545455,17,17,17,1,0,0.352941176471,0.411764705882,0.235294117647,-1,-0.00367647058824,0.0147058823529,-0.117647058824,-0.0909090909091,-0.0769230769231,0.0215730078386,0.0158999400418,0.0102897014662,-0.0406860243059,0.00757197034072,0.00459282812224,-0.0799805377942,-0.0137915311015,-0.00653594771242,0.0193439002456,0.00695905238854,0,0.0147058823529,0.0193439002456,0,-0.0960784313725,-0.0397959183673,-2,-0.00294117647059,-0.0104978354978,0,0,0,36,0,1,235,0.972972972973,1,0,0.027027027027,1,0.972972972973,0.986301369863,0.984301887704,0.972972972973,0.972972972973,1,2,0,0,0,0
2917,WLNM_dir_neg,1,0.5,00:00:00,10,70,25,1985449498,threshold_sweep,0.1,0.666666666667,1,0.8,2,1,0,3,1,0.75,0.25,0,0.666666666667,1,0.8,0.833333333333,0.5,0.666666666667,0.707106781187,0.75,37,35,2,0,37,0,35,0,2,17,37,0.136029411765,1.88235294118,4.35294117647,3.36363636364,2.84615384615,1.69341284359,0.389027274878,0.193958664547,2.09866904602,0.964253345467,0.518282988871,1.87867287326,0.863174022847,0.470588235294,0.786197569093,0.41766745858,2.25,1.88235294118,0.786197569093,2.25,0.166339869281,0.0612244897959,3,0.00441176470588,0.185952380952,17,17,17,1,0,0.352941176471,0.411764705882,0.235294117647,17,0.128676470588,1.90196078431,4.11764705882,3.18181818182,2.69230769231,1.57648156274,0.382859808093,0.201680672269,2.01465221053,0.978545359402,0.524369747899,1.74894926439,0.849489642704,0.463865546218,0.814492905316,0.428238537847,2.33333333333,1.90196078431,0.814492905316,2.33333333333,0,0,0,0,0.164242424242,17,17,17,1,0,0.352941176471,0.411764705882,0.235294117647,17,38,0.139705882353,1.9,4.47058823529,3.45454545455,2.71428571429,1.69991349261,0.380243807557,0.187306501548,2.16591238756,0.968960804961,0.517027863777,1.82103719638,0.814674535221,0.442724458204,0.809899685146,0.426262992182,2.25,1.9,0.809899685146,2.25,0.185620915033,0.0967741935484,5,0.00735294117647,0.181154401154,17,17,17,1,0,0.352941176471,0.470588235294,0.176470588235,1,0.00367647058824,0.0176470588235,0.117647058824,0.0909090909091,-0.131868131868,0.00650064902221,-0.00878346732077,-0.00665216299891,0.0672433415445,0.00470745949447,-0.00125512509413,-0.0576356768785,-0.0484994876259,-0.0278637770898,0.0237021160537,0.00859553360181,0,0.0176470588235,0.0237021160537,0,0.0192810457516,0.0355497037525,2,0.00294117647059,-0.00479797979798,0,0.0588235294118,-0.0588235294118,37,1,0,234,1,0.995744680851,0.00425531914894,0,0.973684210526,1,0.986666666667,0.984652666406,0.995744680851,0.973684210526,3,2,0,0,0,0
2918,WLNM_dir_neg,1,0.5,00:00:00,10,70,25,1985449498,threshold_sweep,0.2,1,1,1,2,0,0,4,1,1,0,0,1,1,1,1,0.555555555556,1,1,1,37,35,2,0,37,0,35,0,2,17,37,0.136029411765,1.88235294118,4.35294117647,3.36363636364,2.84615384615,1.69341284359,0.389027274878,0.193958664547,2.09866904602,0.964253345467,0.518282988871,1.87867287326,0.863174022847,0.470588235294,0.786197569093,0.41766745858,2.25,1.88235294118,0.786197569093,2.25,0.166339869281,0.0612244897959,3,0.00441176470588,0.185952380952,17,17,17,1,0,0.352941176471,0.411764705882,0.235294117647,17,0.128676470588,1.90196078431,4.11764705882,3.18181818182,2.69230769231,1.57648156274,0.382859808093,0.201680672269,2.01465221053,0.978545359402,0.524369747899,1.74894926439,0.849489642704,0.463865546218,0.814492905316,0.428238537847,2.33333333333,1.90196078431,0.814492905316,2.33333333333,0,0,0,0,0.164242424242,17,17,17,1,0,0.352941176471,0.411764705882,0.235294117647,17,37,0.136029411765,1.88235294118,4.35294117647,3.36363636364,2.84615384615,1.69341284359,0.389027274878,0.193958664547,2.09866904602,0.964253345467,0.518282988871,1.87867287326,0.863174022847,0.470588235294,0.786197569093,0.41766745858,2.25,1.88235294118,0.786197569093,2.25,0.166339869281,0.0612244897959,3,0.00441176470588,0.185952380952,17,17,17,1,0,0.352941176471,0.411764705882,0.235294117647,0,0,0,0,0,0,0,0,0,0,0,0,0,0,0,0,0,0,0,0,0,0,0,0,0,0,0,0,0,37,0,0,235,1,1,0,0,1,1,1,1,1,1,2,2,0,0,0,0
2919,WLNM_dir_neg,1,0.5,00:00:00,10,70,25,1985449498,threshold_sweep,0.3,1,1,1,2,0,0,4,1,1,0,0,1,1,1,1,0.555555555556,1,1,1,37,35,2,0,37,0,35,0,2,17,37,0.136029411765,1.88235294118,4.35294117647,3.36363636364,2.84615384615,1.69341284359,0.389027274878,0.193958664547,2.09866904602,0.964253345467,0.518282988871,1.87867287326,0.863174022847,0.470588235294,0.786197569093,0.41766745858,2.25,1.88235294118,0.786197569093,2.25,0.166339869281,0.0612244897959,3,0.00441176470588,0.185952380952,17,17,17,1,0,0.352941176471,0.411764705882,0.235294117647,17,0.128676470588,1.90196078431,4.11764705882,3.18181818182,2.69230769231,1.57648156274,0.382859808093,0.201680672269,2.01465221053,0.978545359402,0.524369747899,1.74894926439,0.849489642704,0.463865546218,0.814492905316,0.428238537847,2.33333333333,1.90196078431,0.814492905316,2.33333333333,0,0,0,0,0.164242424242,17,17,17,1,0,0.352941176471,0.411764705882,0.235294117647,17,37,0.136029411765,1.88235294118,4.35294117647,3.36363636364,2.84615384615,1.69341284359,0.389027274878,0.193958664547,2.09866904602,0.964253345467,0.518282988871,1.87867287326,0.863174022847,0.470588235294,0.786197569093,0.41766745858,2.25,1.88235294118,0.786197569093,2.25,0.166339869281,0.0612244897959,3,0.00441176470588,0.185952380952,17,17,17,1,0,0.352941176471,0.411764705882,0.235294117647,0,0,0,0,0,0,0,0,0,0,0,0,0,0,0,0,0,0,0,0,0,0,0,0,0,0,0,0,0,37,0,0,235,1,1,0,0,1,1,1,1,1,1,2,2,0,0,0,0
2920,WLNM_dir_neg,1,0.5,00:00:00,10,70,25,1985449498,threshold_sweep,0.4,1,1,1,2,0,0,4,1,1,0,0,1,1,1,1,0.555555555556,1,1,1,37,35,2,0,37,0,35,0,2,17,37,0.136029411765,1.88235294118,4.35294117647,3.36363636364,2.84615384615,1.69341284359,0.389027274878,0.193958664547,2.09866904602,0.964253345467,0.518282988871,1.87867287326,0.863174022847,0.470588235294,0.786197569093,0.41766745858,2.25,1.88235294118,0.786197569093,2.25,0.166339869281,0.0612244897959,3,0.00441176470588,0.185952380952,17,17,17,1,0,0.352941176471,0.411764705882,0.235294117647,17,0.128676470588,1.90196078431,4.11764705882,3.18181818182,2.69230769231,1.57648156274,0.382859808093,0.201680672269,2.01465221053,0.978545359402,0.524369747899,1.74894926439,0.849489642704,0.463865546218,0.814492905316,0.428238537847,2.33333333333,1.90196078431,0.814492905316,2.33333333333,0,0,0,0,0.164242424242,17,17,17,1,0,0.352941176471,0.411764705882,0.235294117647,17,37,0.136029411765,1.88235294118,4.35294117647,3.36363636364,2.84615384615,1.69341284359,0.389027274878,0.193958664547,2.09866904602,0.964253345467,0.518282988871,1.87867287326,0.863174022847,0.470588235294,0.786197569093,0.41766745858,2.25,1.88235294118,0.786197569093,2.25,0.166339869281,0.0612244897959,3,0.00441176470588,0.185952380952,17,17,17,1,0,0.352941176471,0.411764705882,0.235294117647,0,0,0,0,0,0,0,0,0,0,0,0,0,0,0,0,0,0,0,0,0,0,0,0,0,0,0,0,0,37,0,0,235,1,1,0,0,1,1,1,1,1,1,2,2,0,0,0,0
2921,WLNM_dir_neg,1,0.5,00:00:00,10,70,25,1985449498,threshold_sweep,0.5,1,1,1,2,0,0,4,1,1,0,0,1,1,1,1,0.555555555556,1,1,1,37,35,2,0,37,0,35,0,2,17,37,0.136029411765,1.88235294118,4.35294117647,3.36363636364,2.84615384615,1.69341284359,0.389027274878,0.193958664547,2.09866904602,0.964253345467,0.518282988871,1.87867287326,0.863174022847,0.470588235294,0.786197569093,0.41766745858,2.25,1.88235294118,0.786197569093,2.25,0.166339869281,0.0612244897959,3,0.00441176470588,0.185952380952,17,17,17,1,0,0.352941176471,0.411764705882,0.235294117647,17,0.128676470588,1.90196078431,4.11764705882,3.18181818182,2.69230769231,1.57648156274,0.382859808093,0.201680672269,2.01465221053,0.978545359402,0.524369747899,1.74894926439,0.849489642704,0.463865546218,0.814492905316,0.428238537847,2.33333333333,1.90196078431,0.814492905316,2.33333333333,0,0,0,0,0.164242424242,17,17,17,1,0,0.352941176471,0.411764705882,0.235294117647,17,37,0.136029411765,1.88235294118,4.35294117647,3.36363636364,2.84615384615,1.69341284359,0.389027274878,0.193958664547,2.09866904602,0.964253345467,0.518282988871,1.87867287326,0.863174022847,0.470588235294,0.786197569093,0.41766745858,2.25,1.88235294118,0.786197569093,2.25,0.166339869281,0.0612244897959,3,0.00441176470588,0.185952380952,17,17,17,1,0,0.352941176471,0.411764705882,0.235294117647,0,0,0,0,0,0,0,0,0,0,0,0,0,0,0,0,0,0,0,0,0,0,0,0,0,0,0,0,0,37,0,0,235,1,1,0,0,1,1,1,1,1,1,2,2,0,0,0,0
2922,WLNM_dir_neg,1,0.5,00:00:00,10,70,25,1985449498,threshold_sweep,0.6,1,1,1,2,0,0,4,1,1,0,0,1,1,1,1,0.555555555556,1,1,1,37,35,2,0,37,0,35,0,2,17,37,0.136029411765,1.88235294118,4.35294117647,3.36363636364,2.84615384615,1.69341284359,0.389027274878,0.193958664547,2.09866904602,0.964253345467,0.518282988871,1.87867287326,0.863174022847,0.470588235294,0.786197569093,0.41766745858,2.25,1.88235294118,0.786197569093,2.25,0.166339869281,0.0612244897959,3,0.00441176470588,0.185952380952,17,17,17,1,0,0.352941176471,0.411764705882,0.235294117647,17,0.128676470588,1.90196078431,4.11764705882,3.18181818182,2.69230769231,1.57648156274,0.382859808093,0.201680672269,2.01465221053,0.978545359402,0.524369747899,1.74894926439,0.849489642704,0.463865546218,0.814492905316,0.428238537847,2.33333333333,1.90196078431,0.814492905316,2.33333333333,0,0,0,0,0.164242424242,17,17,17,1,0,0.352941176471,0.411764705882,0.235294117647,17,37,0.136029411765,1.88235294118,4.35294117647,3.36363636364,2.84615384615,1.69341284359,0.389027274878,0.193958664547,2.09866904602,0.964253345467,0.518282988871,1.87867287326,0.863174022847,0.470588235294,0.786197569093,0.41766745858,2.25,1.88235294118,0.786197569093,2.25,0.166339869281,0.0612244897959,3,0.00441176470588,0.185952380952,17,17,17,1,0,0.352941176471,0.411764705882,0.235294117647,0,0,0,0,0,0,0,0,0,0,0,0,0,0,0,0,0,0,0,0,0,0,0,0,0,0,0,0,0,37,0,0,235,1,1,0,0,1,1,1,1,1,1,2,2,0,0,0,0
2923,WLNM_dir_neg,1,0.5,00:00:00,10,70,25,1985449498,threshold_sweep,0.7,1,1,1,2,0,0,4,1,1,0,0,1,1,1,1,0.555555555556,1,1,1,37,35,2,0,37,0,35,0,2,17,37,0.136029411765,1.88235294118,4.35294117647,3.36363636364,2.84615384615,1.69341284359,0.389027274878,0.193958664547,2.09866904602,0.964253345467,0.518282988871,1.87867287326,0.863174022847,0.470588235294,0.786197569093,0.41766745858,2.25,1.88235294118,0.786197569093,2.25,0.166339869281,0.0612244897959,3,0.00441176470588,0.185952380952,17,17,17,1,0,0.352941176471,0.411764705882,0.235294117647,17,0.128676470588,1.90196078431,4.11764705882,3.18181818182,2.69230769231,1.57648156274,0.382859808093,0.201680672269,2.01465221053,0.978545359402,0.524369747899,1.74894926439,0.849489642704,0.463865546218,0.814492905316,0.428238537847,2.33333333333,1.90196078431,0.814492905316,2.33333333333,0,0,0,0,0.164242424242,17,17,17,1,0,0.352941176471,0.411764705882,0.235294117647,17,37,0.136029411765,1.88235294118,4.35294117647,3.36363636364,2.84615384615,1.69341284359,0.389027274878,0.193958664547,2.09866904602,0.964253345467,0.518282988871,1.87867287326,0.863174022847,0.470588235294,0.786197569093,0.41766745858,2.25,1.88235294118,0.786197569093,2.25,0.166339869281,0.0612244897959,3,0.00441176470588,0.185952380952,17,17,17,1,0,0.352941176471,0.411764705882,0.235294117647,0,0,0,0,0,0,0,0,0,0,0,0,0,0,0,0,0,0,0,0,0,0,0,0,0,0,0,0,0,37,0,0,235,1,1,0,0,1,1,1,1,1,1,2,2,0,0,0,0
2924,WLNM_dir_neg,1,0.5,00:00:00,10,70,25,1985449498,threshold_sweep,0.8,1,1,1,2,0,0,4,1,1,0,0,1,1,1,1,0.555555555556,1,1,1,37,35,2,0,37,0,35,0,2,17,37,0.136029411765,1.88235294118,4.35294117647,3.36363636364,2.84615384615,1.69341284359,0.389027274878,0.193958664547,2.09866904602,0.964253345467,0.518282988871,1.87867287326,0.863174022847,0.470588235294,0.786197569093,0.41766745858,2.25,1.88235294118,0.786197569093,2.25,0.166339869281,0.0612244897959,3,0.00441176470588,0.185952380952,17,17,17,1,0,0.352941176471,0.411764705882,0.235294117647,17,0.128676470588,1.90196078431,4.11764705882,3.18181818182,2.69230769231,1.57648156274,0.382859808093,0.201680672269,2.01465221053,0.978545359402,0.524369747899,1.74894926439,0.849489642704,0.463865546218,0.814492905316,0.428238537847,2.33333333333,1.90196078431,0.814492905316,2.33333333333,0,0,0,0,0.164242424242,17,17,17,1,0,0.352941176471,0.411764705882,0.235294117647,17,37,0.136029411765,1.88235294118,4.35294117647,3.36363636364,2.84615384615,1.69341284359,0.389027274878,0.193958664547,2.09866904602,0.964253345467,0.518282988871,1.87867287326,0.863174022847,0.470588235294,0.786197569093,0.41766745858,2.25,1.88235294118,0.786197569093,2.25,0.166339869281,0.0612244897959,3,0.00441176470588,0.185952380952,17,17,17,1,0,0.352941176471,0.411764705882,0.235294117647,0,0,0,0,0,0,0,0,0,0,0,0,0,0,0,0,0,0,0,0,0,0,0,0,0,0,0,0,0,37,0,0,235,1,1,0,0,1,1,1,1,1,1,2,2,0,0,0,0
2925,WLNM_dir_neg,1,0.5,00:00:00,10,70,25,1985449498,threshold_sweep,0.9,1,1,1,2,0,0,4,1,1,0,0,1,1,1,1,0.555555555556,1,1,1,37,35,2,0,37,0,35,0,2,17,37,0.136029411765,1.88235294118,4.35294117647,3.36363636364,2.84615384615,1.69341284359,0.389027274878,0.193958664547,2.09866904602,0.964253345467,0.518282988871,1.87867287326,0.863174022847,0.470588235294,0.786197569093,0.41766745858,2.25,1.88235294118,0.786197569093,2.25,0.166339869281,0.0612244897959,3,0.00441176470588,0.185952380952,17,17,17,1,0,0.352941176471,0.411764705882,0.235294117647,17,0.128676470588,1.90196078431,4.11764705882,3.18181818182,2.69230769231,1.57648156274,0.382859808093,0.201680672269,2.01465221053,0.978545359402,0.524369747899,1.74894926439,0.849489642704,0.463865546218,0.814492905316,0.428238537847,2.33333333333,1.90196078431,0.814492905316,2.33333333333,0,0,0,0,0.164242424242,17,17,17,1,0,0.352941176471,0.411764705882,0.235294117647,17,37,0.136029411765,1.88235294118,4.35294117647,3.36363636364,2.84615384615,1.69341284359,0.389027274878,0.193958664547,2.09866904602,0.964253345467,0.518282988871,1.87867287326,0.863174022847,0.470588235294,0.786197569093,0.41766745858,2.25,1.88235294118,0.786197569093,2.25,0.166339869281,0.0612244897959,3,0.00441176470588,0.185952380952,17,17,17,1,0,0.352941176471,0.411764705882,0.235294117647,0,0,0,0,0,0,0,0,0,0,0,0,0,0,0,0,0,0,0,0,0,0,0,0,0,0,0,0,0,37,0,0,235,1,1,0,0,1,1,1,1,1,1,2,2,0,0,0,0
2926,WLNM_dir_neg,1,0.5,00:00:00,10,70,26,1985449499,threshold_sweep,0.1,1,1,1,2,0,0,4,1,1,0,0,1,1,1,1,0.555555555556,1,1,1,37,35,2,0,37,0,35,0,2,17,37,0.136029411765,1.88235294118,4.35294117647,3.36363636364,2.84615384615,1.69341284359,0.389027274878,0.193958664547,2.09866904602,0.964253345467,0.518282988871,1.87867287326,0.863174022847,0.470588235294,0.786197569093,0.41766745858,2.25,1.88235294118,0.786197569093,2.25,0.166339869281,0.0612244897959,3,0.00441176470588,0.185952380952,17,17,17,1,0,0.352941176471,0.411764705882,0.235294117647,17,0.128676470588,1.90196078431,4.11764705882,3.18181818182,2.69230769231,1.57648156274,0.382859808093,0.201680672269,2.01465221053,0.978545359402,0.524369747899,1.74894926439,0.849489642704,0.463865546218,0.814492905316,0.428238537847,2.33333333333,1.90196078431,0.814492905316,2.33333333333,0,0,0,0,0.164242424242,17,17,17,1,0,0.352941176471,0.411764705882,0.235294117647,17,37,0.136029411765,1.88235294118,4.35294117647,3.36363636364,2.84615384615,1.69341284359,0.389027274878,0.193958664547,2.09866904602,0.964253345467,0.518282988871,1.87867287326,0.863174022847,0.470588235294,0.786197569093,0.41766745858,2.25,1.88235294118,0.786197569093,2.25,0.166339869281,0.0612244897959,3,0.00441176470588,0.185952380952,17,17,17,1,0,0.352941176471,0.411764705882,0.235294117647,0,0,0,0,0,0,0,0,0,0,0,0,0,0,0,0,0,0,0,0,0,0,0,0,0,0,0,0,0,37,0,0,235,1,1,0,0,1,1,1,1,1,1,2,2,0,0,0,0
2927,WLNM_dir_neg,1,0.5,00:00:00,10,70,26,1985449499,threshold_sweep,0.2,1,1,1,2,0,0,4,1,1,0,0,1,1,1,1,0.555555555556,1,1,1,37,35,2,0,37,0,35,0,2,17,37,0.136029411765,1.88235294118,4.35294117647,3.36363636364,2.84615384615,1.69341284359,0.389027274878,0.193958664547,2.09866904602,0.964253345467,0.518282988871,1.87867287326,0.863174022847,0.470588235294,0.786197569093,0.41766745858,2.25,1.88235294118,0.786197569093,2.25,0.166339869281,0.0612244897959,3,0.00441176470588,0.185952380952,17,17,17,1,0,0.352941176471,0.411764705882,0.235294117647,17,0.128676470588,1.90196078431,4.11764705882,3.18181818182,2.69230769231,1.57648156274,0.382859808093,0.201680672269,2.01465221053,0.978545359402,0.524369747899,1.74894926439,0.849489642704,0.463865546218,0.814492905316,0.428238537847,2.33333333333,1.90196078431,0.814492905316,2.33333333333,0,0,0,0,0.164242424242,17,17,17,1,0,0.352941176471,0.411764705882,0.235294117647,17,37,0.136029411765,1.88235294118,4.35294117647,3.36363636364,2.84615384615,1.69341284359,0.389027274878,0.193958664547,2.09866904602,0.964253345467,0.518282988871,1.87867287326,0.863174022847,0.470588235294,0.786197569093,0.41766745858,2.25,1.88235294118,0.786197569093,2.25,0.166339869281,0.0612244897959,3,0.00441176470588,0.185952380952,17,17,17,1,0,0.352941176471,0.411764705882,0.235294117647,0,0,0,0,0,0,0,0,0,0,0,0,0,0,0,0,0,0,0,0,0,0,0,0,0,0,0,0,0,37,0,0,235,1,1,0,0,1,1,1,1,1,1,2,2,0,0,0,0
2928,WLNM_dir_neg,1,0.5,00:00:00,10,70,26,1985449499,threshold_sweep,0.3,1,1,1,2,0,0,4,1,1,0,0,1,1,1,1,0.555555555556,1,1,1,37,35,2,0,37,0,35,0,2,17,37,0.136029411765,1.88235294118,4.35294117647,3.36363636364,2.84615384615,1.69341284359,0.389027274878,0.193958664547,2.09866904602,0.964253345467,0.518282988871,1.87867287326,0.863174022847,0.470588235294,0.786197569093,0.41766745858,2.25,1.88235294118,0.786197569093,2.25,0.166339869281,0.0612244897959,3,0.00441176470588,0.185952380952,17,17,17,1,0,0.352941176471,0.411764705882,0.235294117647,17,0.128676470588,1.90196078431,4.11764705882,3.18181818182,2.69230769231,1.57648156274,0.382859808093,0.201680672269,2.01465221053,0.978545359402,0.524369747899,1.74894926439,0.849489642704,0.463865546218,0.814492905316,0.428238537847,2.33333333333,1.90196078431,0.814492905316,2.33333333333,0,0,0,0,0.164242424242,17,17,17,1,0,0.352941176471,0.411764705882,0.235294117647,17,37,0.136029411765,1.88235294118,4.35294117647,3.36363636364,2.84615384615,1.69341284359,0.389027274878,0.193958664547,2.09866904602,0.964253345467,0.518282988871,1.87867287326,0.863174022847,0.470588235294,0.786197569093,0.41766745858,2.25,1.88235294118,0.786197569093,2.25,0.166339869281,0.0612244897959,3,0.00441176470588,0.185952380952,17,17,17,1,0,0.352941176471,0.411764705882,0.235294117647,0,0,0,0,0,0,0,0,0,0,0,0,0,0,0,0,0,0,0,0,0,0,0,0,0,0,0,0,0,37,0,0,235,1,1,0,0,1,1,1,1,1,1,2,2,0,0,0,0
2929,WLNM_dir_neg,1,0.5,00:00:00,10,70,26,1985449499,threshold_sweep,0.4,1,1,1,2,0,0,4,1,1,0,0,1,1,1,1,0.555555555556,1,1,1,37,35,2,0,37,0,35,0,2,17,37,0.136029411765,1.88235294118,4.35294117647,3.36363636364,2.84615384615,1.69341284359,0.389027274878,0.193958664547,2.09866904602,0.964253345467,0.518282988871,1.87867287326,0.863174022847,0.470588235294,0.786197569093,0.41766745858,2.25,1.88235294118,0.786197569093,2.25,0.166339869281,0.0612244897959,3,0.00441176470588,0.185952380952,17,17,17,1,0,0.352941176471,0.411764705882,0.235294117647,17,0.128676470588,1.90196078431,4.11764705882,3.18181818182,2.69230769231,1.57648156274,0.382859808093,0.201680672269,2.01465221053,0.978545359402,0.524369747899,1.74894926439,0.849489642704,0.463865546218,0.814492905316,0.428238537847,2.33333333333,1.90196078431,0.814492905316,2.33333333333,0,0,0,0,0.164242424242,17,17,17,1,0,0.352941176471,0.411764705882,0.235294117647,17,37,0.136029411765,1.88235294118,4.35294117647,3.36363636364,2.84615384615,1.69341284359,0.389027274878,0.193958664547,2.09866904602,0.964253345467,0.518282988871,1.87867287326,0.863174022847,0.470588235294,0.786197569093,0.41766745858,2.25,1.88235294118,0.786197569093,2.25,0.166339869281,0.0612244897959,3,0.00441176470588,0.185952380952,17,17,17,1,0,0.352941176471,0.411764705882,0.235294117647,0,0,0,0,0,0,0,0,0,0,0,0,0,0,0,0,0,0,0,0,0,0,0,0,0,0,0,0,0,37,0,0,235,1,1,0,0,1,1,1,1,1,1,2,2,0,0,0,0
2930,WLNM_dir_neg,1,0.5,00:00:00,10,70,26,1985449499,threshold_sweep,0.5,1,1,1,2,0,0,4,1,1,0,0,1,1,1,1,0.555555555556,1,1,1,37,35,2,0,37,0,35,0,2,17,37,0.136029411765,1.88235294118,4.35294117647,3.36363636364,2.84615384615,1.69341284359,0.389027274878,0.193958664547,2.09866904602,0.964253345467,0.518282988871,1.87867287326,0.863174022847,0.470588235294,0.786197569093,0.41766745858,2.25,1.88235294118,0.786197569093,2.25,0.166339869281,0.0612244897959,3,0.00441176470588,0.185952380952,17,17,17,1,0,0.352941176471,0.411764705882,0.235294117647,17,0.128676470588,1.90196078431,4.11764705882,3.18181818182,2.69230769231,1.57648156274,0.382859808093,0.201680672269,2.01465221053,0.978545359402,0.524369747899,1.74894926439,0.849489642704,0.463865546218,0.814492905316,0.428238537847,2.33333333333,1.90196078431,0.814492905316,2.33333333333,0,0,0,0,0.164242424242,17,17,17,1,0,0.352941176471,0.411764705882,0.235294117647,17,37,0.136029411765,1.88235294118,4.35294117647,3.36363636364,2.84615384615,1.69341284359,0.389027274878,0.193958664547,2.09866904602,0.964253345467,0.518282988871,1.87867287326,0.863174022847,0.470588235294,0.786197569093,0.41766745858,2.25,1.88235294118,0.786197569093,2.25,0.166339869281,0.0612244897959,3,0.00441176470588,0.185952380952,17,17,17,1,0,0.352941176471,0.411764705882,0.235294117647,0,0,0,0,0,0,0,0,0,0,0,0,0,0,0,0,0,0,0,0,0,0,0,0,0,0,0,0,0,37,0,0,235,1,1,0,0,1,1,1,1,1,1,2,2,0,0,0,0
2931,WLNM_dir_neg,1,0.5,00:00:00,10,70,26,1985449499,threshold_sweep,0.6,1,1,1,2,0,0,4,1,1,0,0,1,1,1,1,0.555555555556,1,1,1,37,35,2,0,37,0,35,0,2,17,37,0.136029411765,1.88235294118,4.35294117647,3.36363636364,2.84615384615,1.69341284359,0.389027274878,0.193958664547,2.09866904602,0.964253345467,0.518282988871,1.87867287326,0.863174022847,0.470588235294,0.786197569093,0.41766745858,2.25,1.88235294118,0.786197569093,2.25,0.166339869281,0.0612244897959,3,0.00441176470588,0.185952380952,17,17,17,1,0,0.352941176471,0.411764705882,0.235294117647,17,0.128676470588,1.90196078431,4.11764705882,3.18181818182,2.69230769231,1.57648156274,0.382859808093,0.201680672269,2.01465221053,0.978545359402,0.524369747899,1.74894926439,0.849489642704,0.463865546218,0.814492905316,0.428238537847,2.33333333333,1.90196078431,0.814492905316,2.33333333333,0,0,0,0,0.164242424242,17,17,17,1,0,0.352941176471,0.411764705882,0.235294117647,17,37,0.136029411765,1.88235294118,4.35294117647,3.36363636364,2.84615384615,1.69341284359,0.389027274878,0.193958664547,2.09866904602,0.964253345467,0.518282988871,1.87867287326,0.863174022847,0.470588235294,0.786197569093,0.41766745858,2.25,1.88235294118,0.786197569093,2.25,0.166339869281,0.0612244897959,3,0.00441176470588,0.185952380952,17,17,17,1,0,0.352941176471,0.411764705882,0.235294117647,0,0,0,0,0,0,0,0,0,0,0,0,0,0,0,0,0,0,0,0,0,0,0,0,0,0,0,0,0,37,0,0,235,1,1,0,0,1,1,1,1,1,1,2,2,0,0,0,0
2932,WLNM_dir_neg,1,0.5,00:00:00,10,70,26,1985449499,threshold_sweep,0.7,1,1,1,2,0,0,4,1,1,0,0,1,1,1,1,0.555555555556,1,1,1,37,35,2,0,37,0,35,0,2,17,37,0.136029411765,1.88235294118,4.35294117647,3.36363636364,2.84615384615,1.69341284359,0.389027274878,0.193958664547,2.09866904602,0.964253345467,0.518282988871,1.87867287326,0.863174022847,0.470588235294,0.786197569093,0.41766745858,2.25,1.88235294118,0.786197569093,2.25,0.166339869281,0.0612244897959,3,0.00441176470588,0.185952380952,17,17,17,1,0,0.352941176471,0.411764705882,0.235294117647,17,0.128676470588,1.90196078431,4.11764705882,3.18181818182,2.69230769231,1.57648156274,0.382859808093,0.201680672269,2.01465221053,0.978545359402,0.524369747899,1.74894926439,0.849489642704,0.463865546218,0.814492905316,0.428238537847,2.33333333333,1.90196078431,0.814492905316,2.33333333333,0,0,0,0,0.164242424242,17,17,17,1,0,0.352941176471,0.411764705882,0.235294117647,17,37,0.136029411765,1.88235294118,4.35294117647,3.36363636364,2.84615384615,1.69341284359,0.389027274878,0.193958664547,2.09866904602,0.964253345467,0.518282988871,1.87867287326,0.863174022847,0.470588235294,0.786197569093,0.41766745858,2.25,1.88235294118,0.786197569093,2.25,0.166339869281,0.0612244897959,3,0.00441176470588,0.185952380952,17,17,17,1,0,0.352941176471,0.411764705882,0.235294117647,0,0,0,0,0,0,0,0,0,0,0,0,0,0,0,0,0,0,0,0,0,0,0,0,0,0,0,0,0,37,0,0,235,1,1,0,0,1,1,1,1,1,1,2,2,0,0,0,0
2933,WLNM_dir_neg,1,0.5,00:00:00,10,70,26,1985449499,threshold_sweep,0.8,1,1,1,2,0,0,4,1,1,0,0,1,1,1,1,0.555555555556,1,1,1,37,35,2,0,37,0,35,0,2,17,37,0.136029411765,1.88235294118,4.35294117647,3.36363636364,2.84615384615,1.69341284359,0.389027274878,0.193958664547,2.09866904602,0.964253345467,0.518282988871,1.87867287326,0.863174022847,0.470588235294,0.786197569093,0.41766745858,2.25,1.88235294118,0.786197569093,2.25,0.166339869281,0.0612244897959,3,0.00441176470588,0.185952380952,17,17,17,1,0,0.352941176471,0.411764705882,0.235294117647,17,0.128676470588,1.90196078431,4.11764705882,3.18181818182,2.69230769231,1.57648156274,0.382859808093,0.201680672269,2.01465221053,0.978545359402,0.524369747899,1.74894926439,0.849489642704,0.463865546218,0.814492905316,0.428238537847,2.33333333333,1.90196078431,0.814492905316,2.33333333333,0,0,0,0,0.164242424242,17,17,17,1,0,0.352941176471,0.411764705882,0.235294117647,17,37,0.136029411765,1.88235294118,4.35294117647,3.36363636364,2.84615384615,1.69341284359,0.389027274878,0.193958664547,2.09866904602,0.964253345467,0.518282988871,1.87867287326,0.863174022847,0.470588235294,0.786197569093,0.41766745858,2.25,1.88235294118,0.786197569093,2.25,0.166339869281,0.0612244897959,3,0.00441176470588,0.185952380952,17,17,17,1,0,0.352941176471,0.411764705882,0.235294117647,0,0,0,0,0,0,0,0,0,0,0,0,0,0,0,0,0,0,0,0,0,0,0,0,0,0,0,0,0,37,0,0,235,1,1,0,0,1,1,1,1,1,1,2,2,0,0,0,0
2934,WLNM_dir_neg,1,0.5,00:00:00,10,70,26,1985449499,threshold_sweep,0.9,1,1,1,2,0,0,4,1,1,0,0,1,1,1,1,0.555555555556,1,1,1,37,35,2,0,37,0,35,0,2,17,37,0.136029411765,1.88235294118,4.35294117647,3.36363636364,2.84615384615,1.69341284359,0.389027274878,0.193958664547,2.09866904602,0.964253345467,0.518282988871,1.87867287326,0.863174022847,0.470588235294,0.786197569093,0.41766745858,2.25,1.88235294118,0.786197569093,2.25,0.166339869281,0.0612244897959,3,0.00441176470588,0.185952380952,17,17,17,1,0,0.352941176471,0.411764705882,0.235294117647,17,0.128676470588,1.90196078431,4.11764705882,3.18181818182,2.69230769231,1.57648156274,0.382859808093,0.201680672269,2.01465221053,0.978545359402,0.524369747899,1.74894926439,0.849489642704,0.463865546218,0.814492905316,0.428238537847,2.33333333333,1.90196078431,0.814492905316,2.33333333333,0,0,0,0,0.164242424242,17,17,17,1,0,0.352941176471,0.411764705882,0.235294117647,17,37,0.136029411765,1.88235294118,4.35294117647,3.36363636364,2.84615384615,1.69341284359,0.389027274878,0.193958664547,2.09866904602,0.964253345467,0.518282988871,1.87867287326,0.863174022847,0.470588235294,0.786197569093,0.41766745858,2.25,1.88235294118,0.786197569093,2.25,0.166339869281,0.0612244897959,3,0.00441176470588,0.185952380952,17,17,17,1,0,0.352941176471,0.411764705882,0.235294117647,0,0,0,0,0,0,0,0,0,0,0,0,0,0,0,0,0,0,0,0,0,0,0,0,0,0,0,0,0,37,0,0,235,1,1,0,0,1,1,1,1,1,1,2,2,0,0,0,0
2935,WLNM_dir_neg,0.75,0.416666666667,00:00:00,10,70,27,1985449500,threshold_sweep,0.1,0.5,1,0.666666666667,2,2,0,2,1,0.5,0.5,0,0.5,1,0.666666666667,0.666666666667,0.444444444444,0.4,0.5,0.5,37,35,2,0,37,0,35,0,2,17,37,0.136029411765,1.88235294118,4.35294117647,3.36363636364,2.84615384615,1.69341284359,0.389027274878,0.193958664547,2.09866904602,0.964253345467,0.518282988871,1.87867287326,0.863174022847,0.470588235294,0.786197569093,0.41766745858,2.25,1.88235294118,0.786197569093,2.25,0.166339869281,0.0612244897959,3,0.00441176470588,0.185952380952,17,17,17,1,0,0.352941176471,0.411764705882,0.235294117647,17,0.128676470588,1.90196078431,4.11764705882,3.18181818182,2.69230769231,1.57648156274,0.382859808093,0.201680672269,2.01465221053,0.978545359402,0.524369747899,1.74894926439,0.849489642704,0.463865546218,0.814492905316,0.428238537847,2.33333333333,1.90196078431,0.814492905316,2.33333333333,0,0,0,0,0.164242424242,17,17,17,1,0,0.352941176471,0.411764705882,0.235294117647,17,39,0.143382352941,3.06411764706,4.58823529412,3,3,1.73417211982,0.377960590218,0.193061840121,1.99263349247,0.868583830049,0.470588235294,1.92888263907,0.840794996516,0.458521870287,1.51794510194,0.495393870859,5,3.06411764706,1.51794510194,5,0.180065359477,0.0774193548387,4,0.00588235294118,0.144581807082,17,17,17,1,0,0.235294117647,0.529411764706,0.235294117647,2,0.00735294117647,1.18176470588,0.235294117647,-0.363636363636,0.153846153846,0.040759276238,-0.0110666846598,-0.000896824426236,-0.106035553551,-0.0956695154179,-0.0476947535771,0.0502097658116,-0.0223790263307,-0.0120663650075,0.731747532852,0.0777264122787,2.75,1.18176470588,0.731747532852,2.75,0.0137254901961,0.0161948650428,1,0.00147058823529,-0.0413705738706,-0.117647058824,0.117647058824,0,37,2,0,233,1,0.991489361702,0.00851063829787,0,0.948717948718,1,0.973684210526,0.969867905134,0.991489361702,0.948717948718,4,2,0,0,0,0
2936,WLNM_dir_neg,0.75,0.416666666667,00:00:00,10,70,27,1985449500,threshold_sweep,0.2,0.5,1,0.666666666667,2,2,0,2,1,0.5,0.5,0,0.5,1,0.666666666667,0.666666666667,0.444444444444,0.4,0.5,0.5,37,35,2,0,37,0,35,0,2,17,37,0.136029411765,1.88235294118,4.35294117647,3.36363636364,2.84615384615,1.69341284359,0.389027274878,0.193958664547,2.09866904602,0.964253345467,0.518282988871,1.87867287326,0.863174022847,0.470588235294,0.786197569093,0.41766745858,2.25,1.88235294118,0.786197569093,2.25,0.166339869281,0.0612244897959,3,0.00441176470588,0.185952380952,17,17,17,1,0,0.352941176471,0.411764705882,0.235294117647,17,0.128676470588,1.90196078431,4.11764705882,3.18181818182,2.69230769231,1.57648156274,0.382859808093,0.201680672269,2.01465221053,0.978545359402,0.524369747899,1.74894926439,0.849489642704,0.463865546218,0.814492905316,0.428238537847,2.33333333333,1.90196078431,0.814492905316,2.33333333333,0,0,0,0,0.164242424242,17,17,17,1,0,0.352941176471,0.411764705882,0.235294117647,17,39,0.143382352941,3.06411764706,4.58823529412,3,3,1.73417211982,0.377960590218,0.193061840121,1.99263349247,0.868583830049,0.470588235294,1.92888263907,0.840794996516,0.458521870287,1.51794510194,0.495393870859,5,3.06411764706,1.51794510194,5,0.180065359477,0.0774193548387,4,0.00588235294118,0.144581807082,17,17,17,1,0,0.235294117647,0.529411764706,0.235294117647,2,0.00735294117647,1.18176470588,0.235294117647,-0.363636363636,0.153846153846,0.040759276238,-0.0110666846598,-0.000896824426236,-0.106035553551,-0.0956695154179,-0.0476947535771,0.0502097658116,-0.0223790263307,-0.0120663650075,0.731747532852,0.0777264122787,2.75,1.18176470588,0.731747532852,2.75,0.0137254901961,0.0161948650428,1,0.00147058823529,-0.0413705738706,-0.117647058824,0.117647058824,0,37,2,0,233,1,0.991489361702,0.00851063829787,0,0.948717948718,1,0.973684210526,0.969867905134,0.991489361702,0.948717948718,4,2,0,0,0,0
2937,WLNM_dir_neg,0.75,0.416666666667,00:00:00,10,70,27,1985449500,threshold_sweep,0.3,0.666666666667,1,0.8,2,1,0,3,1,0.75,0.25,0,0.666666666667,1,0.8,0.833333333333,0.5,0.666666666667,0.707106781187,0.75,37,35,2,0,37,0,35,0,2,17,37,0.136029411765,1.88235294118,4.35294117647,3.36363636364,2.84615384615,1.69341284359,0.389027274878,0.193958664547,2.09866904602,0.964253345467,0.518282988871,1.87867287326,0.863174022847,0.470588235294,0.786197569093,0.41766745858,2.25,1.88235294118,0.786197569093,2.25,0.166339869281,0.0612244897959,3,0.00441176470588,0.185952380952,17,17,17,1,0,0.352941176471,0.411764705882,0.235294117647,17,0.128676470588,1.90196078431,4.11764705882,3.18181818182,2.69230769231,1.57648156274,0.382859808093,0.201680672269,2.01465221053,0.978545359402,0.524369747899,1.74894926439,0.849489642704,0.463865546218,0.814492905316,0.428238537847,2.33333333333,1.90196078431,0.814492905316,2.33333333333,0,0,0,0,0.164242424242,17,17,17,1,0,0.352941176471,0.411764705882,0.235294117647,17,38,0.139705882353,2.13617647059,4.47058823529,3.16666666667,2.92307692308,1.69991349261,0.380243807557,0.19040247678,2.04723630062,0.915868871331,0.495356037152,1.92124346989,0.859503657582,0.467492260062,0.898017833571,0.420385602938,2.5,2.13617647059,0.898017833571,2.5,0.180065359477,0.0774193548387,4,0.00588235294118,0.164051226551,17,17,17,1,0,0.294117647059,0.470588235294,0.235294117647,1,0.00367647058824,0.253823529412,0.117647058824,-0.19696969697,0.0769230769231,0.00650064902221,-0.00878346732077,-0.00355618776671,-0.0514327453931,-0.0483844741355,-0.0229269517195,0.0425705966328,-0.00367036526551,-0.0030959752322,0.111820264479,0.002718144358,0.25,0.253823529412,0.111820264479,0.25,0.0137254901961,0.0161948650428,1,0.00147058823529,-0.0219011544012,-0.0588235294118,0.0588235294118,0,37,1,0,234,1,0.995744680851,0.00425531914894,0,0.973684210526,1,0.986666666667,0.984652666406,0.995744680851,0.973684210526,3,2,0,0,0,0
2938,WLNM_dir_neg,0.75,0.416666666667,00:00:00,10,70,27,1985449500,threshold_sweep,0.4,0.666666666667,1,0.8,2,1,0,3,1,0.75,0.25,0,0.666666666667,1,0.8,0.833333333333,0.5,0.666666666667,0.707106781187,0.75,37,35,2,0,37,0,35,0,2,17,37,0.136029411765,1.88235294118,4.35294117647,3.36363636364,2.84615384615,1.69341284359,0.389027274878,0.193958664547,2.09866904602,0.964253345467,0.518282988871,1.87867287326,0.863174022847,0.470588235294,0.786197569093,0.41766745858,2.25,1.88235294118,0.786197569093,2.25,0.166339869281,0.0612244897959,3,0.00441176470588,0.185952380952,17,17,17,1,0,0.352941176471,0.411764705882,0.235294117647,17,0.128676470588,1.90196078431,4.11764705882,3.18181818182,2.69230769231,1.57648156274,0.382859808093,0.201680672269,2.01465221053,0.978545359402,0.524369747899,1.74894926439,0.849489642704,0.463865546218,0.814492905316,0.428238537847,2.33333333333,1.90196078431,0.814492905316,2.33333333333,0,0,0,0,0.164242424242,17,17,17,1,0,0.352941176471,0.411764705882,0.235294117647,17,38,0.139705882353,2.13617647059,4.47058823529,3.16666666667,2.92307692308,1.69991349261,0.380243807557,0.19040247678,2.04723630062,0.915868871331,0.495356037152,1.92124346989,0.859503657582,0.467492260062,0.898017833571,0.420385602938,2.5,2.13617647059,0.898017833571,2.5,0.180065359477,0.0774193548387,4,0.00588235294118,0.164051226551,17,17,17,1,0,0.294117647059,0.470588235294,0.235294117647,1,0.00367647058824,0.253823529412,0.117647058824,-0.19696969697,0.0769230769231,0.00650064902221,-0.00878346732077,-0.00355618776671,-0.0514327453931,-0.0483844741355,-0.0229269517195,0.0425705966328,-0.00367036526551,-0.0030959752322,0.111820264479,0.002718144358,0.25,0.253823529412,0.111820264479,0.25,0.0137254901961,0.0161948650428,1,0.00147058823529,-0.0219011544012,-0.0588235294118,0.0588235294118,0,37,1,0,234,1,0.995744680851,0.00425531914894,0,0.973684210526,1,0.986666666667,0.984652666406,0.995744680851,0.973684210526,3,2,0,0,0,0
2939,WLNM_dir_neg,0.75,0.416666666667,00:00:00,10,70,27,1985449500,threshold_sweep,0.5,0.666666666667,1,0.8,2,1,0,3,1,0.75,0.25,0,0.666666666667,1,0.8,0.833333333333,0.5,0.666666666667,0.707106781187,0.75,37,35,2,0,37,0,35,0,2,17,37,0.136029411765,1.88235294118,4.35294117647,3.36363636364,2.84615384615,1.69341284359,0.389027274878,0.193958664547,2.09866904602,0.964253345467,0.518282988871,1.87867287326,0.863174022847,0.470588235294,0.786197569093,0.41766745858,2.25,1.88235294118,0.786197569093,2.25,0.166339869281,0.0612244897959,3,0.00441176470588,0.185952380952,17,17,17,1,0,0.352941176471,0.411764705882,0.235294117647,17,0.128676470588,1.90196078431,4.11764705882,3.18181818182,2.69230769231,1.57648156274,0.382859808093,0.201680672269,2.01465221053,0.978545359402,0.524369747899,1.74894926439,0.849489642704,0.463865546218,0.814492905316,0.428238537847,2.33333333333,1.90196078431,0.814492905316,2.33333333333,0,0,0,0,0.164242424242,17,17,17,1,0,0.352941176471,0.411764705882,0.235294117647,17,38,0.139705882353,2.13617647059,4.47058823529,3.16666666667,2.92307692308,1.69991349261,0.380243807557,0.19040247678,2.04723630062,0.915868871331,0.495356037152,1.92124346989,0.859503657582,0.467492260062,0.898017833571,0.420385602938,2.5,2.13617647059,0.898017833571,2.5,0.180065359477,0.0774193548387,4,0.00588235294118,0.164051226551,17,17,17,1,0,0.294117647059,0.470588235294,0.235294117647,1,0.00367647058824,0.253823529412,0.117647058824,-0.19696969697,0.0769230769231,0.00650064902221,-0.00878346732077,-0.00355618776671,-0.0514327453931,-0.0483844741355,-0.0229269517195,0.0425705966328,-0.00367036526551,-0.0030959752322,0.111820264479,0.002718144358,0.25,0.253823529412,0.111820264479,0.25,0.0137254901961,0.0161948650428,1,0.00147058823529,-0.0219011544012,-0.0588235294118,0.0588235294118,0,37,1,0,234,1,0.995744680851,0.00425531914894,0,0.973684210526,1,0.986666666667,0.984652666406,0.995744680851,0.973684210526,3,2,0,0,0,0
2940,WLNM_dir_neg,0.75,0.416666666667,00:00:00,10,70,27,1985449500,threshold_sweep,0.6,0.666666666667,1,0.8,2,1,0,3,1,0.75,0.25,0,0.666666666667,1,0.8,0.833333333333,0.5,0.666666666667,0.707106781187,0.75,37,35,2,0,37,0,35,0,2,17,37,0.136029411765,1.88235294118,4.35294117647,3.36363636364,2.84615384615,1.69341284359,0.389027274878,0.193958664547,2.09866904602,0.964253345467,0.518282988871,1.87867287326,0.863174022847,0.470588235294,0.786197569093,0.41766745858,2.25,1.88235294118,0.786197569093,2.25,0.166339869281,0.0612244897959,3,0.00441176470588,0.185952380952,17,17,17,1,0,0.352941176471,0.411764705882,0.235294117647,17,0.128676470588,1.90196078431,4.11764705882,3.18181818182,2.69230769231,1.57648156274,0.382859808093,0.201680672269,2.01465221053,0.978545359402,0.524369747899,1.74894926439,0.849489642704,0.463865546218,0.814492905316,0.428238537847,2.33333333333,1.90196078431,0.814492905316,2.33333333333,0,0,0,0,0.164242424242,17,17,17,1,0,0.352941176471,0.411764705882,0.235294117647,17,38,0.139705882353,2.13617647059,4.47058823529,3.16666666667,2.92307692308,1.69991349261,0.380243807557,0.19040247678,2.04723630062,0.915868871331,0.495356037152,1.92124346989,0.859503657582,0.467492260062,0.898017833571,0.420385602938,2.5,2.13617647059,0.898017833571,2.5,0.180065359477,0.0774193548387,4,0.00588235294118,0.164051226551,17,17,17,1,0,0.294117647059,0.470588235294,0.235294117647,1,0.00367647058824,0.253823529412,0.117647058824,-0.19696969697,0.0769230769231,0.00650064902221,-0.00878346732077,-0.00355618776671,-0.0514327453931,-0.0483844741355,-0.0229269517195,0.0425705966328,-0.00367036526551,-0.0030959752322,0.111820264479,0.002718144358,0.25,0.253823529412,0.111820264479,0.25,0.0137254901961,0.0161948650428,1,0.00147058823529,-0.0219011544012,-0.0588235294118,0.0588235294118,0,37,1,0,234,1,0.995744680851,0.00425531914894,0,0.973684210526,1,0.986666666667,0.984652666406,0.995744680851,0.973684210526,3,2,0,0,0,0
2941,WLNM_dir_neg,0.75,0.416666666667,00:00:00,10,70,27,1985449500,threshold_sweep,0.7,0.666666666667,1,0.8,2,1,0,3,1,0.75,0.25,0,0.666666666667,1,0.8,0.833333333333,0.5,0.666666666667,0.707106781187,0.75,37,35,2,0,37,0,35,0,2,17,37,0.136029411765,1.88235294118,4.35294117647,3.36363636364,2.84615384615,1.69341284359,0.389027274878,0.193958664547,2.09866904602,0.964253345467,0.518282988871,1.87867287326,0.863174022847,0.470588235294,0.786197569093,0.41766745858,2.25,1.88235294118,0.786197569093,2.25,0.166339869281,0.0612244897959,3,0.00441176470588,0.185952380952,17,17,17,1,0,0.352941176471,0.411764705882,0.235294117647,17,0.128676470588,1.90196078431,4.11764705882,3.18181818182,2.69230769231,1.57648156274,0.382859808093,0.201680672269,2.01465221053,0.978545359402,0.524369747899,1.74894926439,0.849489642704,0.463865546218,0.814492905316,0.428238537847,2.33333333333,1.90196078431,0.814492905316,2.33333333333,0,0,0,0,0.164242424242,17,17,17,1,0,0.352941176471,0.411764705882,0.235294117647,17,38,0.139705882353,2.13617647059,4.47058823529,3.16666666667,2.92307692308,1.69991349261,0.380243807557,0.19040247678,2.04723630062,0.915868871331,0.495356037152,1.92124346989,0.859503657582,0.467492260062,0.898017833571,0.420385602938,2.5,2.13617647059,0.898017833571,2.5,0.180065359477,0.0774193548387,4,0.00588235294118,0.164051226551,17,17,17,1,0,0.294117647059,0.470588235294,0.235294117647,1,0.00367647058824,0.253823529412,0.117647058824,-0.19696969697,0.0769230769231,0.00650064902221,-0.00878346732077,-0.00355618776671,-0.0514327453931,-0.0483844741355,-0.0229269517195,0.0425705966328,-0.00367036526551,-0.0030959752322,0.111820264479,0.002718144358,0.25,0.253823529412,0.111820264479,0.25,0.0137254901961,0.0161948650428,1,0.00147058823529,-0.0219011544012,-0.0588235294118,0.0588235294118,0,37,1,0,234,1,0.995744680851,0.00425531914894,0,0.973684210526,1,0.986666666667,0.984652666406,0.995744680851,0.973684210526,3,2,0,0,0,0
2942,WLNM_dir_neg,0.75,0.416666666667,00:00:00,10,70,27,1985449500,threshold_sweep,0.8,0.666666666667,1,0.8,2,1,0,3,1,0.75,0.25,0,0.666666666667,1,0.8,0.833333333333,0.5,0.666666666667,0.707106781187,0.75,37,35,2,0,37,0,35,0,2,17,37,0.136029411765,1.88235294118,4.35294117647,3.36363636364,2.84615384615,1.69341284359,0.389027274878,0.193958664547,2.09866904602,0.964253345467,0.518282988871,1.87867287326,0.863174022847,0.470588235294,0.786197569093,0.41766745858,2.25,1.88235294118,0.786197569093,2.25,0.166339869281,0.0612244897959,3,0.00441176470588,0.185952380952,17,17,17,1,0,0.352941176471,0.411764705882,0.235294117647,17,0.128676470588,1.90196078431,4.11764705882,3.18181818182,2.69230769231,1.57648156274,0.382859808093,0.201680672269,2.01465221053,0.978545359402,0.524369747899,1.74894926439,0.849489642704,0.463865546218,0.814492905316,0.428238537847,2.33333333333,1.90196078431,0.814492905316,2.33333333333,0,0,0,0,0.164242424242,17,17,17,1,0,0.352941176471,0.411764705882,0.235294117647,17,38,0.139705882353,2.13617647059,4.47058823529,3.16666666667,2.92307692308,1.69991349261,0.380243807557,0.19040247678,2.04723630062,0.915868871331,0.495356037152,1.92124346989,0.859503657582,0.467492260062,0.898017833571,0.420385602938,2.5,2.13617647059,0.898017833571,2.5,0.180065359477,0.0774193548387,4,0.00588235294118,0.164051226551,17,17,17,1,0,0.294117647059,0.470588235294,0.235294117647,1,0.00367647058824,0.253823529412,0.117647058824,-0.19696969697,0.0769230769231,0.00650064902221,-0.00878346732077,-0.00355618776671,-0.0514327453931,-0.0483844741355,-0.0229269517195,0.0425705966328,-0.00367036526551,-0.0030959752322,0.111820264479,0.002718144358,0.25,0.253823529412,0.111820264479,0.25,0.0137254901961,0.0161948650428,1,0.00147058823529,-0.0219011544012,-0.0588235294118,0.0588235294118,0,37,1,0,234,1,0.995744680851,0.00425531914894,0,0.973684210526,1,0.986666666667,0.984652666406,0.995744680851,0.973684210526,3,2,0,0,0,0
2943,WLNM_dir_neg,0.75,0.416666666667,00:00:00,10,70,27,1985449500,threshold_sweep,0.9,0.5,0.5,0.5,1,1,1,3,0.5,0.75,0.25,0.5,0.5,0.5,0.5,0.666666666667,0.555555555556,0.25,0.25,0.25,37,35,2,0,37,0,35,0,2,17,37,0.136029411765,1.88235294118,4.35294117647,3.36363636364,2.84615384615,1.69341284359,0.389027274878,0.193958664547,2.09866904602,0.964253345467,0.518282988871,1.87867287326,0.863174022847,0.470588235294,0.786197569093,0.41766745858,2.25,1.88235294118,0.786197569093,2.25,0.166339869281,0.0612244897959,3,0.00441176470588,0.185952380952,17,17,17,1,0,0.352941176471,0.411764705882,0.235294117647,17,0.128676470588,1.90196078431,4.11764705882,3.18181818182,2.69230769231,1.57648156274,0.382859808093,0.201680672269,2.01465221053,0.978545359402,0.524369747899,1.74894926439,0.849489642704,0.463865546218,0.814492905316,0.428238537847,2.33333333333,1.90196078431,0.814492905316,2.33333333333,0,0,0,0,0.164242424242,17,17,17,1,0,0.352941176471,0.411764705882,0.235294117647,17,37,0.136029411765,2.14352941176,4.35294117647,3.08333333333,2.84615384615,1.69341284359,0.389027274878,0.193958664547,2.00733947421,0.92229110977,0.49920508744,1.84510481131,0.847750859249,0.461049284579,0.909236913409,0.424177484302,2.5,2.14352941176,0.909236913409,2.5,0.0898692810458,0.0408163265306,2,0.00294117647059,0.155303030303,17,17,17,1,0,0.294117647059,0.470588235294,0.235294117647,0,0,0.261176470588,0,-0.280303030303,0,0,0,0,-0.09132957181,-0.0419622356965,-0.0190779014308,-0.0335680619491,-0.0154231635982,-0.00953895071542,0.123039344317,0.00651002572134,0.25,0.261176470588,0.123039344317,0.25,-0.0764705882353,-0.0204081632653,-1,-0.00147058823529,-0.0306493506494,-0.0588235294118,0.0588235294118,0,36,1,1,234,0.972972972973,0.995744680851,0.00425531914894,0.027027027027,0.972972972973,0.972972972973,0.972972972973,0.968717653824,0.968717653824,0.947368421053,2,2,0,0,0,0
2944,WLNM_dir_neg,1,0.5,00:00:00,10,70,28,1985449501,threshold_sweep,0.1,1,1,1,2,0,0,4,1,1,0,0,1,1,1,1,0.555555555556,1,1,1,37,35,2,0,37,0,35,0,2,17,37,0.136029411765,1.88235294118,4.35294117647,3.36363636364,2.84615384615,1.69341284359,0.389027274878,0.193958664547,2.09866904602,0.964253345467,0.518282988871,1.87867287326,0.863174022847,0.470588235294,0.786197569093,0.41766745858,2.25,1.88235294118,0.786197569093,2.25,0.166339869281,0.0612244897959,3,0.00441176470588,0.185952380952,17,17,17,1,0,0.352941176471,0.411764705882,0.235294117647,17,0.128676470588,1.90196078431,4.11764705882,3.18181818182,2.69230769231,1.57648156274,0.382859808093,0.201680672269,2.01465221053,0.978545359402,0.524369747899,1.74894926439,0.849489642704,0.463865546218,0.814492905316,0.428238537847,2.33333333333,1.90196078431,0.814492905316,2.33333333333,0,0,0,0,0.164242424242,17,17,17,1,0,0.352941176471,0.411764705882,0.235294117647,17,37,0.136029411765,1.88235294118,4.35294117647,3.36363636364,2.84615384615,1.69341284359,0.389027274878,0.193958664547,2.09866904602,0.964253345467,0.518282988871,1.87867287326,0.863174022847,0.470588235294,0.786197569093,0.41766745858,2.25,1.88235294118,0.786197569093,2.25,0.166339869281,0.0612244897959,3,0.00441176470588,0.185952380952,17,17,17,1,0,0.352941176471,0.411764705882,0.235294117647,0,0,0,0,0,0,0,0,0,0,0,0,0,0,0,0,0,0,0,0,0,0,0,0,0,0,0,0,0,37,0,0,235,1,1,0,0,1,1,1,1,1,1,2,2,0,0,0,0
2945,WLNM_dir_neg,1,0.5,00:00:00,10,70,28,1985449501,threshold_sweep,0.2,1,1,1,2,0,0,4,1,1,0,0,1,1,1,1,0.555555555556,1,1,1,37,35,2,0,37,0,35,0,2,17,37,0.136029411765,1.88235294118,4.35294117647,3.36363636364,2.84615384615,1.69341284359,0.389027274878,0.193958664547,2.09866904602,0.964253345467,0.518282988871,1.87867287326,0.863174022847,0.470588235294,0.786197569093,0.41766745858,2.25,1.88235294118,0.786197569093,2.25,0.166339869281,0.0612244897959,3,0.00441176470588,0.185952380952,17,17,17,1,0,0.352941176471,0.411764705882,0.235294117647,17,0.128676470588,1.90196078431,4.11764705882,3.18181818182,2.69230769231,1.57648156274,0.382859808093,0.201680672269,2.01465221053,0.978545359402,0.524369747899,1.74894926439,0.849489642704,0.463865546218,0.814492905316,0.428238537847,2.33333333333,1.90196078431,0.814492905316,2.33333333333,0,0,0,0,0.164242424242,17,17,17,1,0,0.352941176471,0.411764705882,0.235294117647,17,37,0.136029411765,1.88235294118,4.35294117647,3.36363636364,2.84615384615,1.69341284359,0.389027274878,0.193958664547,2.09866904602,0.964253345467,0.518282988871,1.87867287326,0.863174022847,0.470588235294,0.786197569093,0.41766745858,2.25,1.88235294118,0.786197569093,2.25,0.166339869281,0.0612244897959,3,0.00441176470588,0.185952380952,17,17,17,1,0,0.352941176471,0.411764705882,0.235294117647,0,0,0,0,0,0,0,0,0,0,0,0,0,0,0,0,0,0,0,0,0,0,0,0,0,0,0,0,0,37,0,0,235,1,1,0,0,1,1,1,1,1,1,2,2,0,0,0,0
2946,WLNM_dir_neg,1,0.5,00:00:00,10,70,28,1985449501,threshold_sweep,0.3,1,1,1,2,0,0,4,1,1,0,0,1,1,1,1,0.555555555556,1,1,1,37,35,2,0,37,0,35,0,2,17,37,0.136029411765,1.88235294118,4.35294117647,3.36363636364,2.84615384615,1.69341284359,0.389027274878,0.193958664547,2.09866904602,0.964253345467,0.518282988871,1.87867287326,0.863174022847,0.470588235294,0.786197569093,0.41766745858,2.25,1.88235294118,0.786197569093,2.25,0.166339869281,0.0612244897959,3,0.00441176470588,0.185952380952,17,17,17,1,0,0.352941176471,0.411764705882,0.235294117647,17,0.128676470588,1.90196078431,4.11764705882,3.18181818182,2.69230769231,1.57648156274,0.382859808093,0.201680672269,2.01465221053,0.978545359402,0.524369747899,1.74894926439,0.849489642704,0.463865546218,0.814492905316,0.428238537847,2.33333333333,1.90196078431,0.814492905316,2.33333333333,0,0,0,0,0.164242424242,17,17,17,1,0,0.352941176471,0.411764705882,0.235294117647,17,37,0.136029411765,1.88235294118,4.35294117647,3.36363636364,2.84615384615,1.69341284359,0.389027274878,0.193958664547,2.09866904602,0.964253345467,0.518282988871,1.87867287326,0.863174022847,0.470588235294,0.786197569093,0.41766745858,2.25,1.88235294118,0.786197569093,2.25,0.166339869281,0.0612244897959,3,0.00441176470588,0.185952380952,17,17,17,1,0,0.352941176471,0.411764705882,0.235294117647,0,0,0,0,0,0,0,0,0,0,0,0,0,0,0,0,0,0,0,0,0,0,0,0,0,0,0,0,0,37,0,0,235,1,1,0,0,1,1,1,1,1,1,2,2,0,0,0,0
2947,WLNM_dir_neg,1,0.5,00:00:00,10,70,28,1985449501,threshold_sweep,0.4,1,1,1,2,0,0,4,1,1,0,0,1,1,1,1,0.555555555556,1,1,1,37,35,2,0,37,0,35,0,2,17,37,0.136029411765,1.88235294118,4.35294117647,3.36363636364,2.84615384615,1.69341284359,0.389027274878,0.193958664547,2.09866904602,0.964253345467,0.518282988871,1.87867287326,0.863174022847,0.470588235294,0.786197569093,0.41766745858,2.25,1.88235294118,0.786197569093,2.25,0.166339869281,0.0612244897959,3,0.00441176470588,0.185952380952,17,17,17,1,0,0.352941176471,0.411764705882,0.235294117647,17,0.128676470588,1.90196078431,4.11764705882,3.18181818182,2.69230769231,1.57648156274,0.382859808093,0.201680672269,2.01465221053,0.978545359402,0.524369747899,1.74894926439,0.849489642704,0.463865546218,0.814492905316,0.428238537847,2.33333333333,1.90196078431,0.814492905316,2.33333333333,0,0,0,0,0.164242424242,17,17,17,1,0,0.352941176471,0.411764705882,0.235294117647,17,37,0.136029411765,1.88235294118,4.35294117647,3.36363636364,2.84615384615,1.69341284359,0.389027274878,0.193958664547,2.09866904602,0.964253345467,0.518282988871,1.87867287326,0.863174022847,0.470588235294,0.786197569093,0.41766745858,2.25,1.88235294118,0.786197569093,2.25,0.166339869281,0.0612244897959,3,0.00441176470588,0.185952380952,17,17,17,1,0,0.352941176471,0.411764705882,0.235294117647,0,0,0,0,0,0,0,0,0,0,0,0,0,0,0,0,0,0,0,0,0,0,0,0,0,0,0,0,0,37,0,0,235,1,1,0,0,1,1,1,1,1,1,2,2,0,0,0,0
2948,WLNM_dir_neg,1,0.5,00:00:00,10,70,28,1985449501,threshold_sweep,0.5,1,1,1,2,0,0,4,1,1,0,0,1,1,1,1,0.555555555556,1,1,1,37,35,2,0,37,0,35,0,2,17,37,0.136029411765,1.88235294118,4.35294117647,3.36363636364,2.84615384615,1.69341284359,0.389027274878,0.193958664547,2.09866904602,0.964253345467,0.518282988871,1.87867287326,0.863174022847,0.470588235294,0.786197569093,0.41766745858,2.25,1.88235294118,0.786197569093,2.25,0.166339869281,0.0612244897959,3,0.00441176470588,0.185952380952,17,17,17,1,0,0.352941176471,0.411764705882,0.235294117647,17,0.128676470588,1.90196078431,4.11764705882,3.18181818182,2.69230769231,1.57648156274,0.382859808093,0.201680672269,2.01465221053,0.978545359402,0.524369747899,1.74894926439,0.849489642704,0.463865546218,0.814492905316,0.428238537847,2.33333333333,1.90196078431,0.814492905316,2.33333333333,0,0,0,0,0.164242424242,17,17,17,1,0,0.352941176471,0.411764705882,0.235294117647,17,37,0.136029411765,1.88235294118,4.35294117647,3.36363636364,2.84615384615,1.69341284359,0.389027274878,0.193958664547,2.09866904602,0.964253345467,0.518282988871,1.87867287326,0.863174022847,0.470588235294,0.786197569093,0.41766745858,2.25,1.88235294118,0.786197569093,2.25,0.166339869281,0.0612244897959,3,0.00441176470588,0.185952380952,17,17,17,1,0,0.352941176471,0.411764705882,0.235294117647,0,0,0,0,0,0,0,0,0,0,0,0,0,0,0,0,0,0,0,0,0,0,0,0,0,0,0,0,0,37,0,0,235,1,1,0,0,1,1,1,1,1,1,2,2,0,0,0,0
2949,WLNM_dir_neg,1,0.5,00:00:00,10,70,28,1985449501,threshold_sweep,0.6,1,1,1,2,0,0,4,1,1,0,0,1,1,1,1,0.555555555556,1,1,1,37,35,2,0,37,0,35,0,2,17,37,0.136029411765,1.88235294118,4.35294117647,3.36363636364,2.84615384615,1.69341284359,0.389027274878,0.193958664547,2.09866904602,0.964253345467,0.518282988871,1.87867287326,0.863174022847,0.470588235294,0.786197569093,0.41766745858,2.25,1.88235294118,0.786197569093,2.25,0.166339869281,0.0612244897959,3,0.00441176470588,0.185952380952,17,17,17,1,0,0.352941176471,0.411764705882,0.235294117647,17,0.128676470588,1.90196078431,4.11764705882,3.18181818182,2.69230769231,1.57648156274,0.382859808093,0.201680672269,2.01465221053,0.978545359402,0.524369747899,1.74894926439,0.849489642704,0.463865546218,0.814492905316,0.428238537847,2.33333333333,1.90196078431,0.814492905316,2.33333333333,0,0,0,0,0.164242424242,17,17,17,1,0,0.352941176471,0.411764705882,0.235294117647,17,37,0.136029411765,1.88235294118,4.35294117647,3.36363636364,2.84615384615,1.69341284359,0.389027274878,0.193958664547,2.09866904602,0.964253345467,0.518282988871,1.87867287326,0.863174022847,0.470588235294,0.786197569093,0.41766745858,2.25,1.88235294118,0.786197569093,2.25,0.166339869281,0.0612244897959,3,0.00441176470588,0.185952380952,17,17,17,1,0,0.352941176471,0.411764705882,0.235294117647,0,0,0,0,0,0,0,0,0,0,0,0,0,0,0,0,0,0,0,0,0,0,0,0,0,0,0,0,0,37,0,0,235,1,1,0,0,1,1,1,1,1,1,2,2,0,0,0,0
2950,WLNM_dir_neg,1,0.5,00:00:00,10,70,28,1985449501,threshold_sweep,0.7,1,1,1,2,0,0,4,1,1,0,0,1,1,1,1,0.555555555556,1,1,1,37,35,2,0,37,0,35,0,2,17,37,0.136029411765,1.88235294118,4.35294117647,3.36363636364,2.84615384615,1.69341284359,0.389027274878,0.193958664547,2.09866904602,0.964253345467,0.518282988871,1.87867287326,0.863174022847,0.470588235294,0.786197569093,0.41766745858,2.25,1.88235294118,0.786197569093,2.25,0.166339869281,0.0612244897959,3,0.00441176470588,0.185952380952,17,17,17,1,0,0.352941176471,0.411764705882,0.235294117647,17,0.128676470588,1.90196078431,4.11764705882,3.18181818182,2.69230769231,1.57648156274,0.382859808093,0.201680672269,2.01465221053,0.978545359402,0.524369747899,1.74894926439,0.849489642704,0.463865546218,0.814492905316,0.428238537847,2.33333333333,1.90196078431,0.814492905316,2.33333333333,0,0,0,0,0.164242424242,17,17,17,1,0,0.352941176471,0.411764705882,0.235294117647,17,37,0.136029411765,1.88235294118,4.35294117647,3.36363636364,2.84615384615,1.69341284359,0.389027274878,0.193958664547,2.09866904602,0.964253345467,0.518282988871,1.87867287326,0.863174022847,0.470588235294,0.786197569093,0.41766745858,2.25,1.88235294118,0.786197569093,2.25,0.166339869281,0.0612244897959,3,0.00441176470588,0.185952380952,17,17,17,1,0,0.352941176471,0.411764705882,0.235294117647,0,0,0,0,0,0,0,0,0,0,0,0,0,0,0,0,0,0,0,0,0,0,0,0,0,0,0,0,0,37,0,0,235,1,1,0,0,1,1,1,1,1,1,2,2,0,0,0,0
2951,WLNM_dir_neg,1,0.5,00:00:00,10,70,28,1985449501,threshold_sweep,0.8,1,1,1,2,0,0,4,1,1,0,0,1,1,1,1,0.555555555556,1,1,1,37,35,2,0,37,0,35,0,2,17,37,0.136029411765,1.88235294118,4.35294117647,3.36363636364,2.84615384615,1.69341284359,0.389027274878,0.193958664547,2.09866904602,0.964253345467,0.518282988871,1.87867287326,0.863174022847,0.470588235294,0.786197569093,0.41766745858,2.25,1.88235294118,0.786197569093,2.25,0.166339869281,0.0612244897959,3,0.00441176470588,0.185952380952,17,17,17,1,0,0.352941176471,0.411764705882,0.235294117647,17,0.128676470588,1.90196078431,4.11764705882,3.18181818182,2.69230769231,1.57648156274,0.382859808093,0.201680672269,2.01465221053,0.978545359402,0.524369747899,1.74894926439,0.849489642704,0.463865546218,0.814492905316,0.428238537847,2.33333333333,1.90196078431,0.814492905316,2.33333333333,0,0,0,0,0.164242424242,17,17,17,1,0,0.352941176471,0.411764705882,0.235294117647,17,37,0.136029411765,1.88235294118,4.35294117647,3.36363636364,2.84615384615,1.69341284359,0.389027274878,0.193958664547,2.09866904602,0.964253345467,0.518282988871,1.87867287326,0.863174022847,0.470588235294,0.786197569093,0.41766745858,2.25,1.88235294118,0.786197569093,2.25,0.166339869281,0.0612244897959,3,0.00441176470588,0.185952380952,17,17,17,1,0,0.352941176471,0.411764705882,0.235294117647,0,0,0,0,0,0,0,0,0,0,0,0,0,0,0,0,0,0,0,0,0,0,0,0,0,0,0,0,0,37,0,0,235,1,1,0,0,1,1,1,1,1,1,2,2,0,0,0,0
2952,WLNM_dir_neg,1,0.5,00:00:00,10,70,28,1985449501,threshold_sweep,0.9,1,1,1,2,0,0,4,1,1,0,0,1,1,1,1,0.555555555556,1,1,1,37,35,2,0,37,0,35,0,2,17,37,0.136029411765,1.88235294118,4.35294117647,3.36363636364,2.84615384615,1.69341284359,0.389027274878,0.193958664547,2.09866904602,0.964253345467,0.518282988871,1.87867287326,0.863174022847,0.470588235294,0.786197569093,0.41766745858,2.25,1.88235294118,0.786197569093,2.25,0.166339869281,0.0612244897959,3,0.00441176470588,0.185952380952,17,17,17,1,0,0.352941176471,0.411764705882,0.235294117647,17,0.128676470588,1.90196078431,4.11764705882,3.18181818182,2.69230769231,1.57648156274,0.382859808093,0.201680672269,2.01465221053,0.978545359402,0.524369747899,1.74894926439,0.849489642704,0.463865546218,0.814492905316,0.428238537847,2.33333333333,1.90196078431,0.814492905316,2.33333333333,0,0,0,0,0.164242424242,17,17,17,1,0,0.352941176471,0.411764705882,0.235294117647,17,37,0.136029411765,1.88235294118,4.35294117647,3.36363636364,2.84615384615,1.69341284359,0.389027274878,0.193958664547,2.09866904602,0.964253345467,0.518282988871,1.87867287326,0.863174022847,0.470588235294,0.786197569093,0.41766745858,2.25,1.88235294118,0.786197569093,2.25,0.166339869281,0.0612244897959,3,0.00441176470588,0.185952380952,17,17,17,1,0,0.352941176471,0.411764705882,0.235294117647,0,0,0,0,0,0,0,0,0,0,0,0,0,0,0,0,0,0,0,0,0,0,0,0,0,0,0,0,0,37,0,0,235,1,1,0,0,1,1,1,1,1,1,2,2,0,0,0,0
2953,WLNM_dir_neg,0.875,0.291666666667,00:00:00,10,70,29,1985449502,threshold_sweep,0.1,0.666666666667,1,0.8,2,1,0,3,1,0.75,0.25,0,0.666666666667,1,0.8,0.833333333333,0.5,0.666666666667,0.707106781187,0.75,37,35,2,0,37,0,35,0,2,17,37,0.136029411765,1.88235294118,4.35294117647,3.36363636364,2.84615384615,1.69341284359,0.389027274878,0.193958664547,2.09866904602,0.964253345467,0.518282988871,1.87867287326,0.863174022847,0.470588235294,0.786197569093,0.41766745858,2.25,1.88235294118,0.786197569093,2.25,0.166339869281,0.0612244897959,3,0.00441176470588,0.185952380952,17,17,17,1,0,0.352941176471,0.411764705882,0.235294117647,17,0.128676470588,1.90196078431,4.11764705882,3.18181818182,2.69230769231,1.57648156274,0.382859808093,0.201680672269,2.01465221053,0.978545359402,0.524369747899,1.74894926439,0.849489642704,0.463865546218,0.814492905316,0.428238537847,2.33333333333,1.90196078431,0.814492905316,2.33333333333,0,0,0,0,0.164242424242,17,17,17,1,0,0.352941176471,0.411764705882,0.235294117647,17,38,0.139705882353,1.88970588235,4.47058823529,3.45454545455,2.71428571429,1.73629084037,0.388380845872,0.198142414861,2.19457888229,0.981785289445,0.529411764706,1.82103719638,0.814674535221,0.442724458204,0.797802588732,0.42218347108,2.25,1.88970588235,0.797802588732,2.25,0.185620915033,0.0961538461538,5,0.00735294117647,0.183398268398,17,17,17,1,0,0.352941176471,0.470588235294,0.176470588235,1,0.00367647058824,0.00735294117647,0.117647058824,0.0909090909091,-0.131868131868,0.0428779967836,-0.000646429005719,0.00418375031378,0.0959098362728,0.0175319439782,0.0111287758347,-0.0576356768785,-0.0484994876259,-0.0278637770898,0.0116050196399,0.00451601249979,0,0.00735294117647,0.0116050196399,0,0.0192810457516,0.0349293563579,2,0.00294117647059,-0.00255411255411,0,0.0588235294118,-0.0588235294118,37,1,0,234,1,0.995744680851,0.00425531914894,0,0.973684210526,1,0.986666666667,0.984652666406,0.995744680851,0.973684210526,3,2,0,0,0,0
2954,WLNM_dir_neg,0.875,0.291666666667,00:00:00,10,70,29,1985449502,threshold_sweep,0.2,0.666666666667,1,0.8,2,1,0,3,1,0.75,0.25,0,0.666666666667,1,0.8,0.833333333333,0.5,0.666666666667,0.707106781187,0.75,37,35,2,0,37,0,35,0,2,17,37,0.136029411765,1.88235294118,4.35294117647,3.36363636364,2.84615384615,1.69341284359,0.389027274878,0.193958664547,2.09866904602,0.964253345467,0.518282988871,1.87867287326,0.863174022847,0.470588235294,0.786197569093,0.41766745858,2.25,1.88235294118,0.786197569093,2.25,0.166339869281,0.0612244897959,3,0.00441176470588,0.185952380952,17,17,17,1,0,0.352941176471,0.411764705882,0.235294117647,17,0.128676470588,1.90196078431,4.11764705882,3.18181818182,2.69230769231,1.57648156274,0.382859808093,0.201680672269,2.01465221053,0.978545359402,0.524369747899,1.74894926439,0.849489642704,0.463865546218,0.814492905316,0.428238537847,2.33333333333,1.90196078431,0.814492905316,2.33333333333,0,0,0,0,0.164242424242,17,17,17,1,0,0.352941176471,0.411764705882,0.235294117647,17,38,0.139705882353,1.88970588235,4.47058823529,3.45454545455,2.71428571429,1.73629084037,0.388380845872,0.198142414861,2.19457888229,0.981785289445,0.529411764706,1.82103719638,0.814674535221,0.442724458204,0.797802588732,0.42218347108,2.25,1.88970588235,0.797802588732,2.25,0.185620915033,0.0961538461538,5,0.00735294117647,0.183398268398,17,17,17,1,0,0.352941176471,0.470588235294,0.176470588235,1,0.00367647058824,0.00735294117647,0.117647058824,0.0909090909091,-0.131868131868,0.0428779967836,-0.000646429005719,0.00418375031378,0.0959098362728,0.0175319439782,0.0111287758347,-0.0576356768785,-0.0484994876259,-0.0278637770898,0.0116050196399,0.00451601249979,0,0.00735294117647,0.0116050196399,0,0.0192810457516,0.0349293563579,2,0.00294117647059,-0.00255411255411,0,0.0588235294118,-0.0588235294118,37,1,0,234,1,0.995744680851,0.00425531914894,0,0.973684210526,1,0.986666666667,0.984652666406,0.995744680851,0.973684210526,3,2,0,0,0,0
2955,WLNM_dir_neg,0.875,0.291666666667,00:00:00,10,70,29,1985449502,threshold_sweep,0.3,0.666666666667,1,0.8,2,1,0,3,1,0.75,0.25,0,0.666666666667,1,0.8,0.833333333333,0.5,0.666666666667,0.707106781187,0.75,37,35,2,0,37,0,35,0,2,17,37,0.136029411765,1.88235294118,4.35294117647,3.36363636364,2.84615384615,1.69341284359,0.389027274878,0.193958664547,2.09866904602,0.964253345467,0.518282988871,1.87867287326,0.863174022847,0.470588235294,0.786197569093,0.41766745858,2.25,1.88235294118,0.786197569093,2.25,0.166339869281,0.0612244897959,3,0.00441176470588,0.185952380952,17,17,17,1,0,0.352941176471,0.411764705882,0.235294117647,17,0.128676470588,1.90196078431,4.11764705882,3.18181818182,2.69230769231,1.57648156274,0.382859808093,0.201680672269,2.01465221053,0.978545359402,0.524369747899,1.74894926439,0.849489642704,0.463865546218,0.814492905316,0.428238537847,2.33333333333,1.90196078431,0.814492905316,2.33333333333,0,0,0,0,0.164242424242,17,17,17,1,0,0.352941176471,0.411764705882,0.235294117647,17,38,0.139705882353,1.88970588235,4.47058823529,3.45454545455,2.71428571429,1.73629084037,0.388380845872,0.198142414861,2.19457888229,0.981785289445,0.529411764706,1.82103719638,0.814674535221,0.442724458204,0.797802588732,0.42218347108,2.25,1.88970588235,0.797802588732,2.25,0.185620915033,0.0961538461538,5,0.00735294117647,0.183398268398,17,17,17,1,0,0.352941176471,0.470588235294,0.176470588235,1,0.00367647058824,0.00735294117647,0.117647058824,0.0909090909091,-0.131868131868,0.0428779967836,-0.000646429005719,0.00418375031378,0.0959098362728,0.0175319439782,0.0111287758347,-0.0576356768785,-0.0484994876259,-0.0278637770898,0.0116050196399,0.00451601249979,0,0.00735294117647,0.0116050196399,0,0.0192810457516,0.0349293563579,2,0.00294117647059,-0.00255411255411,0,0.0588235294118,-0.0588235294118,37,1,0,234,1,0.995744680851,0.00425531914894,0,0.973684210526,1,0.986666666667,0.984652666406,0.995744680851,0.973684210526,3,2,0,0,0,0
2956,WLNM_dir_neg,0.875,0.291666666667,00:00:00,10,70,29,1985449502,threshold_sweep,0.4,0.666666666667,1,0.8,2,1,0,3,1,0.75,0.25,0,0.666666666667,1,0.8,0.833333333333,0.5,0.666666666667,0.707106781187,0.75,37,35,2,0,37,0,35,0,2,17,37,0.136029411765,1.88235294118,4.35294117647,3.36363636364,2.84615384615,1.69341284359,0.389027274878,0.193958664547,2.09866904602,0.964253345467,0.518282988871,1.87867287326,0.863174022847,0.470588235294,0.786197569093,0.41766745858,2.25,1.88235294118,0.786197569093,2.25,0.166339869281,0.0612244897959,3,0.00441176470588,0.185952380952,17,17,17,1,0,0.352941176471,0.411764705882,0.235294117647,17,0.128676470588,1.90196078431,4.11764705882,3.18181818182,2.69230769231,1.57648156274,0.382859808093,0.201680672269,2.01465221053,0.978545359402,0.524369747899,1.74894926439,0.849489642704,0.463865546218,0.814492905316,0.428238537847,2.33333333333,1.90196078431,0.814492905316,2.33333333333,0,0,0,0,0.164242424242,17,17,17,1,0,0.352941176471,0.411764705882,0.235294117647,17,38,0.139705882353,1.88970588235,4.47058823529,3.45454545455,2.71428571429,1.73629084037,0.388380845872,0.198142414861,2.19457888229,0.981785289445,0.529411764706,1.82103719638,0.814674535221,0.442724458204,0.797802588732,0.42218347108,2.25,1.88970588235,0.797802588732,2.25,0.185620915033,0.0961538461538,5,0.00735294117647,0.183398268398,17,17,17,1,0,0.352941176471,0.470588235294,0.176470588235,1,0.00367647058824,0.00735294117647,0.117647058824,0.0909090909091,-0.131868131868,0.0428779967836,-0.000646429005719,0.00418375031378,0.0959098362728,0.0175319439782,0.0111287758347,-0.0576356768785,-0.0484994876259,-0.0278637770898,0.0116050196399,0.00451601249979,0,0.00735294117647,0.0116050196399,0,0.0192810457516,0.0349293563579,2,0.00294117647059,-0.00255411255411,0,0.0588235294118,-0.0588235294118,37,1,0,234,1,0.995744680851,0.00425531914894,0,0.973684210526,1,0.986666666667,0.984652666406,0.995744680851,0.973684210526,3,2,0,0,0,0
2957,WLNM_dir_neg,0.875,0.291666666667,00:00:00,10,70,29,1985449502,threshold_sweep,0.5,0.666666666667,1,0.8,2,1,0,3,1,0.75,0.25,0,0.666666666667,1,0.8,0.833333333333,0.5,0.666666666667,0.707106781187,0.75,37,35,2,0,37,0,35,0,2,17,37,0.136029411765,1.88235294118,4.35294117647,3.36363636364,2.84615384615,1.69341284359,0.389027274878,0.193958664547,2.09866904602,0.964253345467,0.518282988871,1.87867287326,0.863174022847,0.470588235294,0.786197569093,0.41766745858,2.25,1.88235294118,0.786197569093,2.25,0.166339869281,0.0612244897959,3,0.00441176470588,0.185952380952,17,17,17,1,0,0.352941176471,0.411764705882,0.235294117647,17,0.128676470588,1.90196078431,4.11764705882,3.18181818182,2.69230769231,1.57648156274,0.382859808093,0.201680672269,2.01465221053,0.978545359402,0.524369747899,1.74894926439,0.849489642704,0.463865546218,0.814492905316,0.428238537847,2.33333333333,1.90196078431,0.814492905316,2.33333333333,0,0,0,0,0.164242424242,17,17,17,1,0,0.352941176471,0.411764705882,0.235294117647,17,38,0.139705882353,1.88970588235,4.47058823529,3.45454545455,2.71428571429,1.73629084037,0.388380845872,0.198142414861,2.19457888229,0.981785289445,0.529411764706,1.82103719638,0.814674535221,0.442724458204,0.797802588732,0.42218347108,2.25,1.88970588235,0.797802588732,2.25,0.185620915033,0.0961538461538,5,0.00735294117647,0.183398268398,17,17,17,1,0,0.352941176471,0.470588235294,0.176470588235,1,0.00367647058824,0.00735294117647,0.117647058824,0.0909090909091,-0.131868131868,0.0428779967836,-0.000646429005719,0.00418375031378,0.0959098362728,0.0175319439782,0.0111287758347,-0.0576356768785,-0.0484994876259,-0.0278637770898,0.0116050196399,0.00451601249979,0,0.00735294117647,0.0116050196399,0,0.0192810457516,0.0349293563579,2,0.00294117647059,-0.00255411255411,0,0.0588235294118,-0.0588235294118,37,1,0,234,1,0.995744680851,0.00425531914894,0,0.973684210526,1,0.986666666667,0.984652666406,0.995744680851,0.973684210526,3,2,0,0,0,0
2958,WLNM_dir_neg,0.875,0.291666666667,00:00:00,10,70,29,1985449502,threshold_sweep,0.6,0.666666666667,1,0.8,2,1,0,3,1,0.75,0.25,0,0.666666666667,1,0.8,0.833333333333,0.5,0.666666666667,0.707106781187,0.75,37,35,2,0,37,0,35,0,2,17,37,0.136029411765,1.88235294118,4.35294117647,3.36363636364,2.84615384615,1.69341284359,0.389027274878,0.193958664547,2.09866904602,0.964253345467,0.518282988871,1.87867287326,0.863174022847,0.470588235294,0.786197569093,0.41766745858,2.25,1.88235294118,0.786197569093,2.25,0.166339869281,0.0612244897959,3,0.00441176470588,0.185952380952,17,17,17,1,0,0.352941176471,0.411764705882,0.235294117647,17,0.128676470588,1.90196078431,4.11764705882,3.18181818182,2.69230769231,1.57648156274,0.382859808093,0.201680672269,2.01465221053,0.978545359402,0.524369747899,1.74894926439,0.849489642704,0.463865546218,0.814492905316,0.428238537847,2.33333333333,1.90196078431,0.814492905316,2.33333333333,0,0,0,0,0.164242424242,17,17,17,1,0,0.352941176471,0.411764705882,0.235294117647,17,38,0.139705882353,1.88970588235,4.47058823529,3.45454545455,2.71428571429,1.73629084037,0.388380845872,0.198142414861,2.19457888229,0.981785289445,0.529411764706,1.82103719638,0.814674535221,0.442724458204,0.797802588732,0.42218347108,2.25,1.88970588235,0.797802588732,2.25,0.185620915033,0.0961538461538,5,0.00735294117647,0.183398268398,17,17,17,1,0,0.352941176471,0.470588235294,0.176470588235,1,0.00367647058824,0.00735294117647,0.117647058824,0.0909090909091,-0.131868131868,0.0428779967836,-0.000646429005719,0.00418375031378,0.0959098362728,0.0175319439782,0.0111287758347,-0.0576356768785,-0.0484994876259,-0.0278637770898,0.0116050196399,0.00451601249979,0,0.00735294117647,0.0116050196399,0,0.0192810457516,0.0349293563579,2,0.00294117647059,-0.00255411255411,0,0.0588235294118,-0.0588235294118,37,1,0,234,1,0.995744680851,0.00425531914894,0,0.973684210526,1,0.986666666667,0.984652666406,0.995744680851,0.973684210526,3,2,0,0,0,0
2959,WLNM_dir_neg,0.875,0.291666666667,00:00:00,10,70,29,1985449502,threshold_sweep,0.7,0.666666666667,1,0.8,2,1,0,3,1,0.75,0.25,0,0.666666666667,1,0.8,0.833333333333,0.5,0.666666666667,0.707106781187,0.75,37,35,2,0,37,0,35,0,2,17,37,0.136029411765,1.88235294118,4.35294117647,3.36363636364,2.84615384615,1.69341284359,0.389027274878,0.193958664547,2.09866904602,0.964253345467,0.518282988871,1.87867287326,0.863174022847,0.470588235294,0.786197569093,0.41766745858,2.25,1.88235294118,0.786197569093,2.25,0.166339869281,0.0612244897959,3,0.00441176470588,0.185952380952,17,17,17,1,0,0.352941176471,0.411764705882,0.235294117647,17,0.128676470588,1.90196078431,4.11764705882,3.18181818182,2.69230769231,1.57648156274,0.382859808093,0.201680672269,2.01465221053,0.978545359402,0.524369747899,1.74894926439,0.849489642704,0.463865546218,0.814492905316,0.428238537847,2.33333333333,1.90196078431,0.814492905316,2.33333333333,0,0,0,0,0.164242424242,17,17,17,1,0,0.352941176471,0.411764705882,0.235294117647,17,38,0.139705882353,1.88970588235,4.47058823529,3.45454545455,2.71428571429,1.73629084037,0.388380845872,0.198142414861,2.19457888229,0.981785289445,0.529411764706,1.82103719638,0.814674535221,0.442724458204,0.797802588732,0.42218347108,2.25,1.88970588235,0.797802588732,2.25,0.185620915033,0.0961538461538,5,0.00735294117647,0.183398268398,17,17,17,1,0,0.352941176471,0.470588235294,0.176470588235,1,0.00367647058824,0.00735294117647,0.117647058824,0.0909090909091,-0.131868131868,0.0428779967836,-0.000646429005719,0.00418375031378,0.0959098362728,0.0175319439782,0.0111287758347,-0.0576356768785,-0.0484994876259,-0.0278637770898,0.0116050196399,0.00451601249979,0,0.00735294117647,0.0116050196399,0,0.0192810457516,0.0349293563579,2,0.00294117647059,-0.00255411255411,0,0.0588235294118,-0.0588235294118,37,1,0,234,1,0.995744680851,0.00425531914894,0,0.973684210526,1,0.986666666667,0.984652666406,0.995744680851,0.973684210526,3,2,0,0,0,0
2960,WLNM_dir_neg,0.875,0.291666666667,00:00:00,10,70,29,1985449502,threshold_sweep,0.8,0.666666666667,1,0.8,2,1,0,3,1,0.75,0.25,0,0.666666666667,1,0.8,0.833333333333,0.5,0.666666666667,0.707106781187,0.75,37,35,2,0,37,0,35,0,2,17,37,0.136029411765,1.88235294118,4.35294117647,3.36363636364,2.84615384615,1.69341284359,0.389027274878,0.193958664547,2.09866904602,0.964253345467,0.518282988871,1.87867287326,0.863174022847,0.470588235294,0.786197569093,0.41766745858,2.25,1.88235294118,0.786197569093,2.25,0.166339869281,0.0612244897959,3,0.00441176470588,0.185952380952,17,17,17,1,0,0.352941176471,0.411764705882,0.235294117647,17,0.128676470588,1.90196078431,4.11764705882,3.18181818182,2.69230769231,1.57648156274,0.382859808093,0.201680672269,2.01465221053,0.978545359402,0.524369747899,1.74894926439,0.849489642704,0.463865546218,0.814492905316,0.428238537847,2.33333333333,1.90196078431,0.814492905316,2.33333333333,0,0,0,0,0.164242424242,17,17,17,1,0,0.352941176471,0.411764705882,0.235294117647,17,38,0.139705882353,1.88970588235,4.47058823529,3.45454545455,2.71428571429,1.73629084037,0.388380845872,0.198142414861,2.19457888229,0.981785289445,0.529411764706,1.82103719638,0.814674535221,0.442724458204,0.797802588732,0.42218347108,2.25,1.88970588235,0.797802588732,2.25,0.185620915033,0.0961538461538,5,0.00735294117647,0.183398268398,17,17,17,1,0,0.352941176471,0.470588235294,0.176470588235,1,0.00367647058824,0.00735294117647,0.117647058824,0.0909090909091,-0.131868131868,0.0428779967836,-0.000646429005719,0.00418375031378,0.0959098362728,0.0175319439782,0.0111287758347,-0.0576356768785,-0.0484994876259,-0.0278637770898,0.0116050196399,0.00451601249979,0,0.00735294117647,0.0116050196399,0,0.0192810457516,0.0349293563579,2,0.00294117647059,-0.00255411255411,0,0.0588235294118,-0.0588235294118,37,1,0,234,1,0.995744680851,0.00425531914894,0,0.973684210526,1,0.986666666667,0.984652666406,0.995744680851,0.973684210526,3,2,0,0,0,0
2961,WLNM_dir_neg,0.875,0.291666666667,00:00:00,10,70,29,1985449502,threshold_sweep,0.9,0.666666666667,1,0.8,2,1,0,3,1,0.75,0.25,0,0.666666666667,1,0.8,0.833333333333,0.5,0.666666666667,0.707106781187,0.75,37,35,2,0,37,0,35,0,2,17,37,0.136029411765,1.88235294118,4.35294117647,3.36363636364,2.84615384615,1.69341284359,0.389027274878,0.193958664547,2.09866904602,0.964253345467,0.518282988871,1.87867287326,0.863174022847,0.470588235294,0.786197569093,0.41766745858,2.25,1.88235294118,0.786197569093,2.25,0.166339869281,0.0612244897959,3,0.00441176470588,0.185952380952,17,17,17,1,0,0.352941176471,0.411764705882,0.235294117647,17,0.128676470588,1.90196078431,4.11764705882,3.18181818182,2.69230769231,1.57648156274,0.382859808093,0.201680672269,2.01465221053,0.978545359402,0.524369747899,1.74894926439,0.849489642704,0.463865546218,0.814492905316,0.428238537847,2.33333333333,1.90196078431,0.814492905316,2.33333333333,0,0,0,0,0.164242424242,17,17,17,1,0,0.352941176471,0.411764705882,0.235294117647,17,38,0.139705882353,1.88970588235,4.47058823529,3.45454545455,2.71428571429,1.73629084037,0.388380845872,0.198142414861,2.19457888229,0.981785289445,0.529411764706,1.82103719638,0.814674535221,0.442724458204,0.797802588732,0.42218347108,2.25,1.88970588235,0.797802588732,2.25,0.185620915033,0.0961538461538,5,0.00735294117647,0.183398268398,17,17,17,1,0,0.352941176471,0.470588235294,0.176470588235,1,0.00367647058824,0.00735294117647,0.117647058824,0.0909090909091,-0.131868131868,0.0428779967836,-0.000646429005719,0.00418375031378,0.0959098362728,0.0175319439782,0.0111287758347,-0.0576356768785,-0.0484994876259,-0.0278637770898,0.0116050196399,0.00451601249979,0,0.00735294117647,0.0116050196399,0,0.0192810457516,0.0349293563579,2,0.00294117647059,-0.00255411255411,0,0.0588235294118,-0.0588235294118,37,1,0,234,1,0.995744680851,0.00425531914894,0,0.973684210526,1,0.986666666667,0.984652666406,0.995744680851,0.973684210526,3,2,0,0,0,0
2962,WLNM_dir_neg,1,0.5,00:00:00,10,70,30,1985449503,threshold_sweep,0.1,1,1,1,2,0,0,4,1,1,0,0,1,1,1,1,0.555555555556,1,1,1,37,35,2,0,37,0,35,0,2,17,37,0.136029411765,1.88235294118,4.35294117647,3.36363636364,2.84615384615,1.69341284359,0.389027274878,0.193958664547,2.09866904602,0.964253345467,0.518282988871,1.87867287326,0.863174022847,0.470588235294,0.786197569093,0.41766745858,2.25,1.88235294118,0.786197569093,2.25,0.166339869281,0.0612244897959,3,0.00441176470588,0.185952380952,17,17,17,1,0,0.352941176471,0.411764705882,0.235294117647,17,0.128676470588,1.90196078431,4.11764705882,3.18181818182,2.69230769231,1.57648156274,0.382859808093,0.201680672269,2.01465221053,0.978545359402,0.524369747899,1.74894926439,0.849489642704,0.463865546218,0.814492905316,0.428238537847,2.33333333333,1.90196078431,0.814492905316,2.33333333333,0,0,0,0,0.164242424242,17,17,17,1,0,0.352941176471,0.411764705882,0.235294117647,17,37,0.136029411765,1.88235294118,4.35294117647,3.36363636364,2.84615384615,1.69341284359,0.389027274878,0.193958664547,2.09866904602,0.964253345467,0.518282988871,1.87867287326,0.863174022847,0.470588235294,0.786197569093,0.41766745858,2.25,1.88235294118,0.786197569093,2.25,0.166339869281,0.0612244897959,3,0.00441176470588,0.185952380952,17,17,17,1,0,0.352941176471,0.411764705882,0.235294117647,0,0,0,0,0,0,0,0,0,0,0,0,0,0,0,0,0,0,0,0,0,0,0,0,0,0,0,0,0,37,0,0,235,1,1,0,0,1,1,1,1,1,1,2,2,0,0,0,0
2963,WLNM_dir_neg,1,0.5,00:00:00,10,70,30,1985449503,threshold_sweep,0.2,1,1,1,2,0,0,4,1,1,0,0,1,1,1,1,0.555555555556,1,1,1,37,35,2,0,37,0,35,0,2,17,37,0.136029411765,1.88235294118,4.35294117647,3.36363636364,2.84615384615,1.69341284359,0.389027274878,0.193958664547,2.09866904602,0.964253345467,0.518282988871,1.87867287326,0.863174022847,0.470588235294,0.786197569093,0.41766745858,2.25,1.88235294118,0.786197569093,2.25,0.166339869281,0.0612244897959,3,0.00441176470588,0.185952380952,17,17,17,1,0,0.352941176471,0.411764705882,0.235294117647,17,0.128676470588,1.90196078431,4.11764705882,3.18181818182,2.69230769231,1.57648156274,0.382859808093,0.201680672269,2.01465221053,0.978545359402,0.524369747899,1.74894926439,0.849489642704,0.463865546218,0.814492905316,0.428238537847,2.33333333333,1.90196078431,0.814492905316,2.33333333333,0,0,0,0,0.164242424242,17,17,17,1,0,0.352941176471,0.411764705882,0.235294117647,17,37,0.136029411765,1.88235294118,4.35294117647,3.36363636364,2.84615384615,1.69341284359,0.389027274878,0.193958664547,2.09866904602,0.964253345467,0.518282988871,1.87867287326,0.863174022847,0.470588235294,0.786197569093,0.41766745858,2.25,1.88235294118,0.786197569093,2.25,0.166339869281,0.0612244897959,3,0.00441176470588,0.185952380952,17,17,17,1,0,0.352941176471,0.411764705882,0.235294117647,0,0,0,0,0,0,0,0,0,0,0,0,0,0,0,0,0,0,0,0,0,0,0,0,0,0,0,0,0,37,0,0,235,1,1,0,0,1,1,1,1,1,1,2,2,0,0,0,0
2964,WLNM_dir_neg,1,0.5,00:00:00,10,70,30,1985449503,threshold_sweep,0.3,1,1,1,2,0,0,4,1,1,0,0,1,1,1,1,0.555555555556,1,1,1,37,35,2,0,37,0,35,0,2,17,37,0.136029411765,1.88235294118,4.35294117647,3.36363636364,2.84615384615,1.69341284359,0.389027274878,0.193958664547,2.09866904602,0.964253345467,0.518282988871,1.87867287326,0.863174022847,0.470588235294,0.786197569093,0.41766745858,2.25,1.88235294118,0.786197569093,2.25,0.166339869281,0.0612244897959,3,0.00441176470588,0.185952380952,17,17,17,1,0,0.352941176471,0.411764705882,0.235294117647,17,0.128676470588,1.90196078431,4.11764705882,3.18181818182,2.69230769231,1.57648156274,0.382859808093,0.201680672269,2.01465221053,0.978545359402,0.524369747899,1.74894926439,0.849489642704,0.463865546218,0.814492905316,0.428238537847,2.33333333333,1.90196078431,0.814492905316,2.33333333333,0,0,0,0,0.164242424242,17,17,17,1,0,0.352941176471,0.411764705882,0.235294117647,17,37,0.136029411765,1.88235294118,4.35294117647,3.36363636364,2.84615384615,1.69341284359,0.389027274878,0.193958664547,2.09866904602,0.964253345467,0.518282988871,1.87867287326,0.863174022847,0.470588235294,0.786197569093,0.41766745858,2.25,1.88235294118,0.786197569093,2.25,0.166339869281,0.0612244897959,3,0.00441176470588,0.185952380952,17,17,17,1,0,0.352941176471,0.411764705882,0.235294117647,0,0,0,0,0,0,0,0,0,0,0,0,0,0,0,0,0,0,0,0,0,0,0,0,0,0,0,0,0,37,0,0,235,1,1,0,0,1,1,1,1,1,1,2,2,0,0,0,0
2965,WLNM_dir_neg,1,0.5,00:00:00,10,70,30,1985449503,threshold_sweep,0.4,1,1,1,2,0,0,4,1,1,0,0,1,1,1,1,0.555555555556,1,1,1,37,35,2,0,37,0,35,0,2,17,37,0.136029411765,1.88235294118,4.35294117647,3.36363636364,2.84615384615,1.69341284359,0.389027274878,0.193958664547,2.09866904602,0.964253345467,0.518282988871,1.87867287326,0.863174022847,0.470588235294,0.786197569093,0.41766745858,2.25,1.88235294118,0.786197569093,2.25,0.166339869281,0.0612244897959,3,0.00441176470588,0.185952380952,17,17,17,1,0,0.352941176471,0.411764705882,0.235294117647,17,0.128676470588,1.90196078431,4.11764705882,3.18181818182,2.69230769231,1.57648156274,0.382859808093,0.201680672269,2.01465221053,0.978545359402,0.524369747899,1.74894926439,0.849489642704,0.463865546218,0.814492905316,0.428238537847,2.33333333333,1.90196078431,0.814492905316,2.33333333333,0,0,0,0,0.164242424242,17,17,17,1,0,0.352941176471,0.411764705882,0.235294117647,17,37,0.136029411765,1.88235294118,4.35294117647,3.36363636364,2.84615384615,1.69341284359,0.389027274878,0.193958664547,2.09866904602,0.964253345467,0.518282988871,1.87867287326,0.863174022847,0.470588235294,0.786197569093,0.41766745858,2.25,1.88235294118,0.786197569093,2.25,0.166339869281,0.0612244897959,3,0.00441176470588,0.185952380952,17,17,17,1,0,0.352941176471,0.411764705882,0.235294117647,0,0,0,0,0,0,0,0,0,0,0,0,0,0,0,0,0,0,0,0,0,0,0,0,0,0,0,0,0,37,0,0,235,1,1,0,0,1,1,1,1,1,1,2,2,0,0,0,0
2966,WLNM_dir_neg,1,0.5,00:00:00,10,70,30,1985449503,threshold_sweep,0.5,1,1,1,2,0,0,4,1,1,0,0,1,1,1,1,0.555555555556,1,1,1,37,35,2,0,37,0,35,0,2,17,37,0.136029411765,1.88235294118,4.35294117647,3.36363636364,2.84615384615,1.69341284359,0.389027274878,0.193958664547,2.09866904602,0.964253345467,0.518282988871,1.87867287326,0.863174022847,0.470588235294,0.786197569093,0.41766745858,2.25,1.88235294118,0.786197569093,2.25,0.166339869281,0.0612244897959,3,0.00441176470588,0.185952380952,17,17,17,1,0,0.352941176471,0.411764705882,0.235294117647,17,0.128676470588,1.90196078431,4.11764705882,3.18181818182,2.69230769231,1.57648156274,0.382859808093,0.201680672269,2.01465221053,0.978545359402,0.524369747899,1.74894926439,0.849489642704,0.463865546218,0.814492905316,0.428238537847,2.33333333333,1.90196078431,0.814492905316,2.33333333333,0,0,0,0,0.164242424242,17,17,17,1,0,0.352941176471,0.411764705882,0.235294117647,17,37,0.136029411765,1.88235294118,4.35294117647,3.36363636364,2.84615384615,1.69341284359,0.389027274878,0.193958664547,2.09866904602,0.964253345467,0.518282988871,1.87867287326,0.863174022847,0.470588235294,0.786197569093,0.41766745858,2.25,1.88235294118,0.786197569093,2.25,0.166339869281,0.0612244897959,3,0.00441176470588,0.185952380952,17,17,17,1,0,0.352941176471,0.411764705882,0.235294117647,0,0,0,0,0,0,0,0,0,0,0,0,0,0,0,0,0,0,0,0,0,0,0,0,0,0,0,0,0,37,0,0,235,1,1,0,0,1,1,1,1,1,1,2,2,0,0,0,0
2967,WLNM_dir_neg,1,0.5,00:00:00,10,70,30,1985449503,threshold_sweep,0.6,1,1,1,2,0,0,4,1,1,0,0,1,1,1,1,0.555555555556,1,1,1,37,35,2,0,37,0,35,0,2,17,37,0.136029411765,1.88235294118,4.35294117647,3.36363636364,2.84615384615,1.69341284359,0.389027274878,0.193958664547,2.09866904602,0.964253345467,0.518282988871,1.87867287326,0.863174022847,0.470588235294,0.786197569093,0.41766745858,2.25,1.88235294118,0.786197569093,2.25,0.166339869281,0.0612244897959,3,0.00441176470588,0.185952380952,17,17,17,1,0,0.352941176471,0.411764705882,0.235294117647,17,0.128676470588,1.90196078431,4.11764705882,3.18181818182,2.69230769231,1.57648156274,0.382859808093,0.201680672269,2.01465221053,0.978545359402,0.524369747899,1.74894926439,0.849489642704,0.463865546218,0.814492905316,0.428238537847,2.33333333333,1.90196078431,0.814492905316,2.33333333333,0,0,0,0,0.164242424242,17,17,17,1,0,0.352941176471,0.411764705882,0.235294117647,17,37,0.136029411765,1.88235294118,4.35294117647,3.36363636364,2.84615384615,1.69341284359,0.389027274878,0.193958664547,2.09866904602,0.964253345467,0.518282988871,1.87867287326,0.863174022847,0.470588235294,0.786197569093,0.41766745858,2.25,1.88235294118,0.786197569093,2.25,0.166339869281,0.0612244897959,3,0.00441176470588,0.185952380952,17,17,17,1,0,0.352941176471,0.411764705882,0.235294117647,0,0,0,0,0,0,0,0,0,0,0,0,0,0,0,0,0,0,0,0,0,0,0,0,0,0,0,0,0,37,0,0,235,1,1,0,0,1,1,1,1,1,1,2,2,0,0,0,0
2968,WLNM_dir_neg,1,0.5,00:00:00,10,70,30,1985449503,threshold_sweep,0.7,1,1,1,2,0,0,4,1,1,0,0,1,1,1,1,0.555555555556,1,1,1,37,35,2,0,37,0,35,0,2,17,37,0.136029411765,1.88235294118,4.35294117647,3.36363636364,2.84615384615,1.69341284359,0.389027274878,0.193958664547,2.09866904602,0.964253345467,0.518282988871,1.87867287326,0.863174022847,0.470588235294,0.786197569093,0.41766745858,2.25,1.88235294118,0.786197569093,2.25,0.166339869281,0.0612244897959,3,0.00441176470588,0.185952380952,17,17,17,1,0,0.352941176471,0.411764705882,0.235294117647,17,0.128676470588,1.90196078431,4.11764705882,3.18181818182,2.69230769231,1.57648156274,0.382859808093,0.201680672269,2.01465221053,0.978545359402,0.524369747899,1.74894926439,0.849489642704,0.463865546218,0.814492905316,0.428238537847,2.33333333333,1.90196078431,0.814492905316,2.33333333333,0,0,0,0,0.164242424242,17,17,17,1,0,0.352941176471,0.411764705882,0.235294117647,17,37,0.136029411765,1.88235294118,4.35294117647,3.36363636364,2.84615384615,1.69341284359,0.389027274878,0.193958664547,2.09866904602,0.964253345467,0.518282988871,1.87867287326,0.863174022847,0.470588235294,0.786197569093,0.41766745858,2.25,1.88235294118,0.786197569093,2.25,0.166339869281,0.0612244897959,3,0.00441176470588,0.185952380952,17,17,17,1,0,0.352941176471,0.411764705882,0.235294117647,0,0,0,0,0,0,0,0,0,0,0,0,0,0,0,0,0,0,0,0,0,0,0,0,0,0,0,0,0,37,0,0,235,1,1,0,0,1,1,1,1,1,1,2,2,0,0,0,0
2969,WLNM_dir_neg,1,0.5,00:00:00,10,70,30,1985449503,threshold_sweep,0.8,1,1,1,2,0,0,4,1,1,0,0,1,1,1,1,0.555555555556,1,1,1,37,35,2,0,37,0,35,0,2,17,37,0.136029411765,1.88235294118,4.35294117647,3.36363636364,2.84615384615,1.69341284359,0.389027274878,0.193958664547,2.09866904602,0.964253345467,0.518282988871,1.87867287326,0.863174022847,0.470588235294,0.786197569093,0.41766745858,2.25,1.88235294118,0.786197569093,2.25,0.166339869281,0.0612244897959,3,0.00441176470588,0.185952380952,17,17,17,1,0,0.352941176471,0.411764705882,0.235294117647,17,0.128676470588,1.90196078431,4.11764705882,3.18181818182,2.69230769231,1.57648156274,0.382859808093,0.201680672269,2.01465221053,0.978545359402,0.524369747899,1.74894926439,0.849489642704,0.463865546218,0.814492905316,0.428238537847,2.33333333333,1.90196078431,0.814492905316,2.33333333333,0,0,0,0,0.164242424242,17,17,17,1,0,0.352941176471,0.411764705882,0.235294117647,17,37,0.136029411765,1.88235294118,4.35294117647,3.36363636364,2.84615384615,1.69341284359,0.389027274878,0.193958664547,2.09866904602,0.964253345467,0.518282988871,1.87867287326,0.863174022847,0.470588235294,0.786197569093,0.41766745858,2.25,1.88235294118,0.786197569093,2.25,0.166339869281,0.0612244897959,3,0.00441176470588,0.185952380952,17,17,17,1,0,0.352941176471,0.411764705882,0.235294117647,0,0,0,0,0,0,0,0,0,0,0,0,0,0,0,0,0,0,0,0,0,0,0,0,0,0,0,0,0,37,0,0,235,1,1,0,0,1,1,1,1,1,1,2,2,0,0,0,0
2970,WLNM_dir_neg,1,0.5,00:00:00,10,70,30,1985449503,threshold_sweep,0.9,1,1,1,2,0,0,4,1,1,0,0,1,1,1,1,0.555555555556,1,1,1,37,35,2,0,37,0,35,0,2,17,37,0.136029411765,1.88235294118,4.35294117647,3.36363636364,2.84615384615,1.69341284359,0.389027274878,0.193958664547,2.09866904602,0.964253345467,0.518282988871,1.87867287326,0.863174022847,0.470588235294,0.786197569093,0.41766745858,2.25,1.88235294118,0.786197569093,2.25,0.166339869281,0.0612244897959,3,0.00441176470588,0.185952380952,17,17,17,1,0,0.352941176471,0.411764705882,0.235294117647,17,0.128676470588,1.90196078431,4.11764705882,3.18181818182,2.69230769231,1.57648156274,0.382859808093,0.201680672269,2.01465221053,0.978545359402,0.524369747899,1.74894926439,0.849489642704,0.463865546218,0.814492905316,0.428238537847,2.33333333333,1.90196078431,0.814492905316,2.33333333333,0,0,0,0,0.164242424242,17,17,17,1,0,0.352941176471,0.411764705882,0.235294117647,17,37,0.136029411765,1.88235294118,4.35294117647,3.36363636364,2.84615384615,1.69341284359,0.389027274878,0.193958664547,2.09866904602,0.964253345467,0.518282988871,1.87867287326,0.863174022847,0.470588235294,0.786197569093,0.41766745858,2.25,1.88235294118,0.786197569093,2.25,0.166339869281,0.0612244897959,3,0.00441176470588,0.185952380952,17,17,17,1,0,0.352941176471,0.411764705882,0.235294117647,0,0,0,0,0,0,0,0,0,0,0,0,0,0,0,0,0,0,0,0,0,0,0,0,0,0,0,0,0,37,0,0,235,1,1,0,0,1,1,1,1,1,1,2,2,0,0,0,0
2971,WLNM_dir_neg,1,0.5,00:00:00,10,70,31,1985449504,threshold_sweep,0.1,1,1,1,2,0,0,4,1,1,0,0,1,1,1,1,0.555555555556,1,1,1,37,35,2,0,37,0,35,0,2,17,37,0.136029411765,1.88235294118,4.35294117647,3.36363636364,2.84615384615,1.69341284359,0.389027274878,0.193958664547,2.09866904602,0.964253345467,0.518282988871,1.87867287326,0.863174022847,0.470588235294,0.786197569093,0.41766745858,2.25,1.88235294118,0.786197569093,2.25,0.166339869281,0.0612244897959,3,0.00441176470588,0.185952380952,17,17,17,1,0,0.352941176471,0.411764705882,0.235294117647,17,0.128676470588,1.90196078431,4.11764705882,3.18181818182,2.69230769231,1.57648156274,0.382859808093,0.201680672269,2.01465221053,0.978545359402,0.524369747899,1.74894926439,0.849489642704,0.463865546218,0.814492905316,0.428238537847,2.33333333333,1.90196078431,0.814492905316,2.33333333333,0,0,0,0,0.164242424242,17,17,17,1,0,0.352941176471,0.411764705882,0.235294117647,17,37,0.136029411765,1.88235294118,4.35294117647,3.36363636364,2.84615384615,1.69341284359,0.389027274878,0.193958664547,2.09866904602,0.964253345467,0.518282988871,1.87867287326,0.863174022847,0.470588235294,0.786197569093,0.41766745858,2.25,1.88235294118,0.786197569093,2.25,0.166339869281,0.0612244897959,3,0.00441176470588,0.185952380952,17,17,17,1,0,0.352941176471,0.411764705882,0.235294117647,0,0,0,0,0,0,0,0,0,0,0,0,0,0,0,0,0,0,0,0,0,0,0,0,0,0,0,0,0,37,0,0,235,1,1,0,0,1,1,1,1,1,1,2,2,0,0,0,0
2972,WLNM_dir_neg,1,0.5,00:00:00,10,70,31,1985449504,threshold_sweep,0.2,1,1,1,2,0,0,4,1,1,0,0,1,1,1,1,0.555555555556,1,1,1,37,35,2,0,37,0,35,0,2,17,37,0.136029411765,1.88235294118,4.35294117647,3.36363636364,2.84615384615,1.69341284359,0.389027274878,0.193958664547,2.09866904602,0.964253345467,0.518282988871,1.87867287326,0.863174022847,0.470588235294,0.786197569093,0.41766745858,2.25,1.88235294118,0.786197569093,2.25,0.166339869281,0.0612244897959,3,0.00441176470588,0.185952380952,17,17,17,1,0,0.352941176471,0.411764705882,0.235294117647,17,0.128676470588,1.90196078431,4.11764705882,3.18181818182,2.69230769231,1.57648156274,0.382859808093,0.201680672269,2.01465221053,0.978545359402,0.524369747899,1.74894926439,0.849489642704,0.463865546218,0.814492905316,0.428238537847,2.33333333333,1.90196078431,0.814492905316,2.33333333333,0,0,0,0,0.164242424242,17,17,17,1,0,0.352941176471,0.411764705882,0.235294117647,17,37,0.136029411765,1.88235294118,4.35294117647,3.36363636364,2.84615384615,1.69341284359,0.389027274878,0.193958664547,2.09866904602,0.964253345467,0.518282988871,1.87867287326,0.863174022847,0.470588235294,0.786197569093,0.41766745858,2.25,1.88235294118,0.786197569093,2.25,0.166339869281,0.0612244897959,3,0.00441176470588,0.185952380952,17,17,17,1,0,0.352941176471,0.411764705882,0.235294117647,0,0,0,0,0,0,0,0,0,0,0,0,0,0,0,0,0,0,0,0,0,0,0,0,0,0,0,0,0,37,0,0,235,1,1,0,0,1,1,1,1,1,1,2,2,0,0,0,0
2973,WLNM_dir_neg,1,0.5,00:00:00,10,70,31,1985449504,threshold_sweep,0.3,1,1,1,2,0,0,4,1,1,0,0,1,1,1,1,0.555555555556,1,1,1,37,35,2,0,37,0,35,0,2,17,37,0.136029411765,1.88235294118,4.35294117647,3.36363636364,2.84615384615,1.69341284359,0.389027274878,0.193958664547,2.09866904602,0.964253345467,0.518282988871,1.87867287326,0.863174022847,0.470588235294,0.786197569093,0.41766745858,2.25,1.88235294118,0.786197569093,2.25,0.166339869281,0.0612244897959,3,0.00441176470588,0.185952380952,17,17,17,1,0,0.352941176471,0.411764705882,0.235294117647,17,0.128676470588,1.90196078431,4.11764705882,3.18181818182,2.69230769231,1.57648156274,0.382859808093,0.201680672269,2.01465221053,0.978545359402,0.524369747899,1.74894926439,0.849489642704,0.463865546218,0.814492905316,0.428238537847,2.33333333333,1.90196078431,0.814492905316,2.33333333333,0,0,0,0,0.164242424242,17,17,17,1,0,0.352941176471,0.411764705882,0.235294117647,17,37,0.136029411765,1.88235294118,4.35294117647,3.36363636364,2.84615384615,1.69341284359,0.389027274878,0.193958664547,2.09866904602,0.964253345467,0.518282988871,1.87867287326,0.863174022847,0.470588235294,0.786197569093,0.41766745858,2.25,1.88235294118,0.786197569093,2.25,0.166339869281,0.0612244897959,3,0.00441176470588,0.185952380952,17,17,17,1,0,0.352941176471,0.411764705882,0.235294117647,0,0,0,0,0,0,0,0,0,0,0,0,0,0,0,0,0,0,0,0,0,0,0,0,0,0,0,0,0,37,0,0,235,1,1,0,0,1,1,1,1,1,1,2,2,0,0,0,0
2974,WLNM_dir_neg,1,0.5,00:00:00,10,70,31,1985449504,threshold_sweep,0.4,1,1,1,2,0,0,4,1,1,0,0,1,1,1,1,0.555555555556,1,1,1,37,35,2,0,37,0,35,0,2,17,37,0.136029411765,1.88235294118,4.35294117647,3.36363636364,2.84615384615,1.69341284359,0.389027274878,0.193958664547,2.09866904602,0.964253345467,0.518282988871,1.87867287326,0.863174022847,0.470588235294,0.786197569093,0.41766745858,2.25,1.88235294118,0.786197569093,2.25,0.166339869281,0.0612244897959,3,0.00441176470588,0.185952380952,17,17,17,1,0,0.352941176471,0.411764705882,0.235294117647,17,0.128676470588,1.90196078431,4.11764705882,3.18181818182,2.69230769231,1.57648156274,0.382859808093,0.201680672269,2.01465221053,0.978545359402,0.524369747899,1.74894926439,0.849489642704,0.463865546218,0.814492905316,0.428238537847,2.33333333333,1.90196078431,0.814492905316,2.33333333333,0,0,0,0,0.164242424242,17,17,17,1,0,0.352941176471,0.411764705882,0.235294117647,17,37,0.136029411765,1.88235294118,4.35294117647,3.36363636364,2.84615384615,1.69341284359,0.389027274878,0.193958664547,2.09866904602,0.964253345467,0.518282988871,1.87867287326,0.863174022847,0.470588235294,0.786197569093,0.41766745858,2.25,1.88235294118,0.786197569093,2.25,0.166339869281,0.0612244897959,3,0.00441176470588,0.185952380952,17,17,17,1,0,0.352941176471,0.411764705882,0.235294117647,0,0,0,0,0,0,0,0,0,0,0,0,0,0,0,0,0,0,0,0,0,0,0,0,0,0,0,0,0,37,0,0,235,1,1,0,0,1,1,1,1,1,1,2,2,0,0,0,0
2975,WLNM_dir_neg,1,0.5,00:00:00,10,70,31,1985449504,threshold_sweep,0.5,1,1,1,2,0,0,4,1,1,0,0,1,1,1,1,0.555555555556,1,1,1,37,35,2,0,37,0,35,0,2,17,37,0.136029411765,1.88235294118,4.35294117647,3.36363636364,2.84615384615,1.69341284359,0.389027274878,0.193958664547,2.09866904602,0.964253345467,0.518282988871,1.87867287326,0.863174022847,0.470588235294,0.786197569093,0.41766745858,2.25,1.88235294118,0.786197569093,2.25,0.166339869281,0.0612244897959,3,0.00441176470588,0.185952380952,17,17,17,1,0,0.352941176471,0.411764705882,0.235294117647,17,0.128676470588,1.90196078431,4.11764705882,3.18181818182,2.69230769231,1.57648156274,0.382859808093,0.201680672269,2.01465221053,0.978545359402,0.524369747899,1.74894926439,0.849489642704,0.463865546218,0.814492905316,0.428238537847,2.33333333333,1.90196078431,0.814492905316,2.33333333333,0,0,0,0,0.164242424242,17,17,17,1,0,0.352941176471,0.411764705882,0.235294117647,17,37,0.136029411765,1.88235294118,4.35294117647,3.36363636364,2.84615384615,1.69341284359,0.389027274878,0.193958664547,2.09866904602,0.964253345467,0.518282988871,1.87867287326,0.863174022847,0.470588235294,0.786197569093,0.41766745858,2.25,1.88235294118,0.786197569093,2.25,0.166339869281,0.0612244897959,3,0.00441176470588,0.185952380952,17,17,17,1,0,0.352941176471,0.411764705882,0.235294117647,0,0,0,0,0,0,0,0,0,0,0,0,0,0,0,0,0,0,0,0,0,0,0,0,0,0,0,0,0,37,0,0,235,1,1,0,0,1,1,1,1,1,1,2,2,0,0,0,0
2976,WLNM_dir_neg,1,0.5,00:00:00,10,70,31,1985449504,threshold_sweep,0.6,1,1,1,2,0,0,4,1,1,0,0,1,1,1,1,0.555555555556,1,1,1,37,35,2,0,37,0,35,0,2,17,37,0.136029411765,1.88235294118,4.35294117647,3.36363636364,2.84615384615,1.69341284359,0.389027274878,0.193958664547,2.09866904602,0.964253345467,0.518282988871,1.87867287326,0.863174022847,0.470588235294,0.786197569093,0.41766745858,2.25,1.88235294118,0.786197569093,2.25,0.166339869281,0.0612244897959,3,0.00441176470588,0.185952380952,17,17,17,1,0,0.352941176471,0.411764705882,0.235294117647,17,0.128676470588,1.90196078431,4.11764705882,3.18181818182,2.69230769231,1.57648156274,0.382859808093,0.201680672269,2.01465221053,0.978545359402,0.524369747899,1.74894926439,0.849489642704,0.463865546218,0.814492905316,0.428238537847,2.33333333333,1.90196078431,0.814492905316,2.33333333333,0,0,0,0,0.164242424242,17,17,17,1,0,0.352941176471,0.411764705882,0.235294117647,17,37,0.136029411765,1.88235294118,4.35294117647,3.36363636364,2.84615384615,1.69341284359,0.389027274878,0.193958664547,2.09866904602,0.964253345467,0.518282988871,1.87867287326,0.863174022847,0.470588235294,0.786197569093,0.41766745858,2.25,1.88235294118,0.786197569093,2.25,0.166339869281,0.0612244897959,3,0.00441176470588,0.185952380952,17,17,17,1,0,0.352941176471,0.411764705882,0.235294117647,0,0,0,0,0,0,0,0,0,0,0,0,0,0,0,0,0,0,0,0,0,0,0,0,0,0,0,0,0,37,0,0,235,1,1,0,0,1,1,1,1,1,1,2,2,0,0,0,0
2977,WLNM_dir_neg,1,0.5,00:00:00,10,70,31,1985449504,threshold_sweep,0.7,1,1,1,2,0,0,4,1,1,0,0,1,1,1,1,0.555555555556,1,1,1,37,35,2,0,37,0,35,0,2,17,37,0.136029411765,1.88235294118,4.35294117647,3.36363636364,2.84615384615,1.69341284359,0.389027274878,0.193958664547,2.09866904602,0.964253345467,0.518282988871,1.87867287326,0.863174022847,0.470588235294,0.786197569093,0.41766745858,2.25,1.88235294118,0.786197569093,2.25,0.166339869281,0.0612244897959,3,0.00441176470588,0.185952380952,17,17,17,1,0,0.352941176471,0.411764705882,0.235294117647,17,0.128676470588,1.90196078431,4.11764705882,3.18181818182,2.69230769231,1.57648156274,0.382859808093,0.201680672269,2.01465221053,0.978545359402,0.524369747899,1.74894926439,0.849489642704,0.463865546218,0.814492905316,0.428238537847,2.33333333333,1.90196078431,0.814492905316,2.33333333333,0,0,0,0,0.164242424242,17,17,17,1,0,0.352941176471,0.411764705882,0.235294117647,17,37,0.136029411765,1.88235294118,4.35294117647,3.36363636364,2.84615384615,1.69341284359,0.389027274878,0.193958664547,2.09866904602,0.964253345467,0.518282988871,1.87867287326,0.863174022847,0.470588235294,0.786197569093,0.41766745858,2.25,1.88235294118,0.786197569093,2.25,0.166339869281,0.0612244897959,3,0.00441176470588,0.185952380952,17,17,17,1,0,0.352941176471,0.411764705882,0.235294117647,0,0,0,0,0,0,0,0,0,0,0,0,0,0,0,0,0,0,0,0,0,0,0,0,0,0,0,0,0,37,0,0,235,1,1,0,0,1,1,1,1,1,1,2,2,0,0,0,0
2978,WLNM_dir_neg,1,0.5,00:00:00,10,70,31,1985449504,threshold_sweep,0.8,1,1,1,2,0,0,4,1,1,0,0,1,1,1,1,0.555555555556,1,1,1,37,35,2,0,37,0,35,0,2,17,37,0.136029411765,1.88235294118,4.35294117647,3.36363636364,2.84615384615,1.69341284359,0.389027274878,0.193958664547,2.09866904602,0.964253345467,0.518282988871,1.87867287326,0.863174022847,0.470588235294,0.786197569093,0.41766745858,2.25,1.88235294118,0.786197569093,2.25,0.166339869281,0.0612244897959,3,0.00441176470588,0.185952380952,17,17,17,1,0,0.352941176471,0.411764705882,0.235294117647,17,0.128676470588,1.90196078431,4.11764705882,3.18181818182,2.69230769231,1.57648156274,0.382859808093,0.201680672269,2.01465221053,0.978545359402,0.524369747899,1.74894926439,0.849489642704,0.463865546218,0.814492905316,0.428238537847,2.33333333333,1.90196078431,0.814492905316,2.33333333333,0,0,0,0,0.164242424242,17,17,17,1,0,0.352941176471,0.411764705882,0.235294117647,17,37,0.136029411765,1.88235294118,4.35294117647,3.36363636364,2.84615384615,1.69341284359,0.389027274878,0.193958664547,2.09866904602,0.964253345467,0.518282988871,1.87867287326,0.863174022847,0.470588235294,0.786197569093,0.41766745858,2.25,1.88235294118,0.786197569093,2.25,0.166339869281,0.0612244897959,3,0.00441176470588,0.185952380952,17,17,17,1,0,0.352941176471,0.411764705882,0.235294117647,0,0,0,0,0,0,0,0,0,0,0,0,0,0,0,0,0,0,0,0,0,0,0,0,0,0,0,0,0,37,0,0,235,1,1,0,0,1,1,1,1,1,1,2,2,0,0,0,0
2979,WLNM_dir_neg,1,0.5,00:00:00,10,70,31,1985449504,threshold_sweep,0.9,1,1,1,2,0,0,4,1,1,0,0,1,1,1,1,0.555555555556,1,1,1,37,35,2,0,37,0,35,0,2,17,37,0.136029411765,1.88235294118,4.35294117647,3.36363636364,2.84615384615,1.69341284359,0.389027274878,0.193958664547,2.09866904602,0.964253345467,0.518282988871,1.87867287326,0.863174022847,0.470588235294,0.786197569093,0.41766745858,2.25,1.88235294118,0.786197569093,2.25,0.166339869281,0.0612244897959,3,0.00441176470588,0.185952380952,17,17,17,1,0,0.352941176471,0.411764705882,0.235294117647,17,0.128676470588,1.90196078431,4.11764705882,3.18181818182,2.69230769231,1.57648156274,0.382859808093,0.201680672269,2.01465221053,0.978545359402,0.524369747899,1.74894926439,0.849489642704,0.463865546218,0.814492905316,0.428238537847,2.33333333333,1.90196078431,0.814492905316,2.33333333333,0,0,0,0,0.164242424242,17,17,17,1,0,0.352941176471,0.411764705882,0.235294117647,17,37,0.136029411765,1.88235294118,4.35294117647,3.36363636364,2.84615384615,1.69341284359,0.389027274878,0.193958664547,2.09866904602,0.964253345467,0.518282988871,1.87867287326,0.863174022847,0.470588235294,0.786197569093,0.41766745858,2.25,1.88235294118,0.786197569093,2.25,0.166339869281,0.0612244897959,3,0.00441176470588,0.185952380952,17,17,17,1,0,0.352941176471,0.411764705882,0.235294117647,0,0,0,0,0,0,0,0,0,0,0,0,0,0,0,0,0,0,0,0,0,0,0,0,0,0,0,0,0,37,0,0,235,1,1,0,0,1,1,1,1,1,1,2,2,0,0,0,0
2980,WLNM_dir_neg,1,0.5,00:00:00,10,70,32,1985449505,threshold_sweep,0.1,1,1,1,2,0,0,4,1,1,0,0,1,1,1,1,0.555555555556,1,1,1,37,35,2,0,37,0,35,0,2,17,37,0.136029411765,1.88235294118,4.35294117647,3.36363636364,2.84615384615,1.69341284359,0.389027274878,0.193958664547,2.09866904602,0.964253345467,0.518282988871,1.87867287326,0.863174022847,0.470588235294,0.786197569093,0.41766745858,2.25,1.88235294118,0.786197569093,2.25,0.166339869281,0.0612244897959,3,0.00441176470588,0.185952380952,17,17,17,1,0,0.352941176471,0.411764705882,0.235294117647,17,0.128676470588,1.90196078431,4.11764705882,3.18181818182,2.69230769231,1.57648156274,0.382859808093,0.201680672269,2.01465221053,0.978545359402,0.524369747899,1.74894926439,0.849489642704,0.463865546218,0.814492905316,0.428238537847,2.33333333333,1.90196078431,0.814492905316,2.33333333333,0,0,0,0,0.164242424242,17,17,17,1,0,0.352941176471,0.411764705882,0.235294117647,17,37,0.136029411765,1.88235294118,4.35294117647,3.36363636364,2.84615384615,1.69341284359,0.389027274878,0.193958664547,2.09866904602,0.964253345467,0.518282988871,1.87867287326,0.863174022847,0.470588235294,0.786197569093,0.41766745858,2.25,1.88235294118,0.786197569093,2.25,0.166339869281,0.0612244897959,3,0.00441176470588,0.185952380952,17,17,17,1,0,0.352941176471,0.411764705882,0.235294117647,0,0,0,0,0,0,0,0,0,0,0,0,0,0,0,0,0,0,0,0,0,0,0,0,0,0,0,0,0,37,0,0,235,1,1,0,0,1,1,1,1,1,1,2,2,0,0,0,0
2981,WLNM_dir_neg,1,0.5,00:00:00,10,70,32,1985449505,threshold_sweep,0.2,1,1,1,2,0,0,4,1,1,0,0,1,1,1,1,0.555555555556,1,1,1,37,35,2,0,37,0,35,0,2,17,37,0.136029411765,1.88235294118,4.35294117647,3.36363636364,2.84615384615,1.69341284359,0.389027274878,0.193958664547,2.09866904602,0.964253345467,0.518282988871,1.87867287326,0.863174022847,0.470588235294,0.786197569093,0.41766745858,2.25,1.88235294118,0.786197569093,2.25,0.166339869281,0.0612244897959,3,0.00441176470588,0.185952380952,17,17,17,1,0,0.352941176471,0.411764705882,0.235294117647,17,0.128676470588,1.90196078431,4.11764705882,3.18181818182,2.69230769231,1.57648156274,0.382859808093,0.201680672269,2.01465221053,0.978545359402,0.524369747899,1.74894926439,0.849489642704,0.463865546218,0.814492905316,0.428238537847,2.33333333333,1.90196078431,0.814492905316,2.33333333333,0,0,0,0,0.164242424242,17,17,17,1,0,0.352941176471,0.411764705882,0.235294117647,17,37,0.136029411765,1.88235294118,4.35294117647,3.36363636364,2.84615384615,1.69341284359,0.389027274878,0.193958664547,2.09866904602,0.964253345467,0.518282988871,1.87867287326,0.863174022847,0.470588235294,0.786197569093,0.41766745858,2.25,1.88235294118,0.786197569093,2.25,0.166339869281,0.0612244897959,3,0.00441176470588,0.185952380952,17,17,17,1,0,0.352941176471,0.411764705882,0.235294117647,0,0,0,0,0,0,0,0,0,0,0,0,0,0,0,0,0,0,0,0,0,0,0,0,0,0,0,0,0,37,0,0,235,1,1,0,0,1,1,1,1,1,1,2,2,0,0,0,0
2982,WLNM_dir_neg,1,0.5,00:00:00,10,70,32,1985449505,threshold_sweep,0.3,1,1,1,2,0,0,4,1,1,0,0,1,1,1,1,0.555555555556,1,1,1,37,35,2,0,37,0,35,0,2,17,37,0.136029411765,1.88235294118,4.35294117647,3.36363636364,2.84615384615,1.69341284359,0.389027274878,0.193958664547,2.09866904602,0.964253345467,0.518282988871,1.87867287326,0.863174022847,0.470588235294,0.786197569093,0.41766745858,2.25,1.88235294118,0.786197569093,2.25,0.166339869281,0.0612244897959,3,0.00441176470588,0.185952380952,17,17,17,1,0,0.352941176471,0.411764705882,0.235294117647,17,0.128676470588,1.90196078431,4.11764705882,3.18181818182,2.69230769231,1.57648156274,0.382859808093,0.201680672269,2.01465221053,0.978545359402,0.524369747899,1.74894926439,0.849489642704,0.463865546218,0.814492905316,0.428238537847,2.33333333333,1.90196078431,0.814492905316,2.33333333333,0,0,0,0,0.164242424242,17,17,17,1,0,0.352941176471,0.411764705882,0.235294117647,17,37,0.136029411765,1.88235294118,4.35294117647,3.36363636364,2.84615384615,1.69341284359,0.389027274878,0.193958664547,2.09866904602,0.964253345467,0.518282988871,1.87867287326,0.863174022847,0.470588235294,0.786197569093,0.41766745858,2.25,1.88235294118,0.786197569093,2.25,0.166339869281,0.0612244897959,3,0.00441176470588,0.185952380952,17,17,17,1,0,0.352941176471,0.411764705882,0.235294117647,0,0,0,0,0,0,0,0,0,0,0,0,0,0,0,0,0,0,0,0,0,0,0,0,0,0,0,0,0,37,0,0,235,1,1,0,0,1,1,1,1,1,1,2,2,0,0,0,0
2983,WLNM_dir_neg,1,0.5,00:00:00,10,70,32,1985449505,threshold_sweep,0.4,1,1,1,2,0,0,4,1,1,0,0,1,1,1,1,0.555555555556,1,1,1,37,35,2,0,37,0,35,0,2,17,37,0.136029411765,1.88235294118,4.35294117647,3.36363636364,2.84615384615,1.69341284359,0.389027274878,0.193958664547,2.09866904602,0.964253345467,0.518282988871,1.87867287326,0.863174022847,0.470588235294,0.786197569093,0.41766745858,2.25,1.88235294118,0.786197569093,2.25,0.166339869281,0.0612244897959,3,0.00441176470588,0.185952380952,17,17,17,1,0,0.352941176471,0.411764705882,0.235294117647,17,0.128676470588,1.90196078431,4.11764705882,3.18181818182,2.69230769231,1.57648156274,0.382859808093,0.201680672269,2.01465221053,0.978545359402,0.524369747899,1.74894926439,0.849489642704,0.463865546218,0.814492905316,0.428238537847,2.33333333333,1.90196078431,0.814492905316,2.33333333333,0,0,0,0,0.164242424242,17,17,17,1,0,0.352941176471,0.411764705882,0.235294117647,17,37,0.136029411765,1.88235294118,4.35294117647,3.36363636364,2.84615384615,1.69341284359,0.389027274878,0.193958664547,2.09866904602,0.964253345467,0.518282988871,1.87867287326,0.863174022847,0.470588235294,0.786197569093,0.41766745858,2.25,1.88235294118,0.786197569093,2.25,0.166339869281,0.0612244897959,3,0.00441176470588,0.185952380952,17,17,17,1,0,0.352941176471,0.411764705882,0.235294117647,0,0,0,0,0,0,0,0,0,0,0,0,0,0,0,0,0,0,0,0,0,0,0,0,0,0,0,0,0,37,0,0,235,1,1,0,0,1,1,1,1,1,1,2,2,0,0,0,0
2984,WLNM_dir_neg,1,0.5,00:00:00,10,70,32,1985449505,threshold_sweep,0.5,1,1,1,2,0,0,4,1,1,0,0,1,1,1,1,0.555555555556,1,1,1,37,35,2,0,37,0,35,0,2,17,37,0.136029411765,1.88235294118,4.35294117647,3.36363636364,2.84615384615,1.69341284359,0.389027274878,0.193958664547,2.09866904602,0.964253345467,0.518282988871,1.87867287326,0.863174022847,0.470588235294,0.786197569093,0.41766745858,2.25,1.88235294118,0.786197569093,2.25,0.166339869281,0.0612244897959,3,0.00441176470588,0.185952380952,17,17,17,1,0,0.352941176471,0.411764705882,0.235294117647,17,0.128676470588,1.90196078431,4.11764705882,3.18181818182,2.69230769231,1.57648156274,0.382859808093,0.201680672269,2.01465221053,0.978545359402,0.524369747899,1.74894926439,0.849489642704,0.463865546218,0.814492905316,0.428238537847,2.33333333333,1.90196078431,0.814492905316,2.33333333333,0,0,0,0,0.164242424242,17,17,17,1,0,0.352941176471,0.411764705882,0.235294117647,17,37,0.136029411765,1.88235294118,4.35294117647,3.36363636364,2.84615384615,1.69341284359,0.389027274878,0.193958664547,2.09866904602,0.964253345467,0.518282988871,1.87867287326,0.863174022847,0.470588235294,0.786197569093,0.41766745858,2.25,1.88235294118,0.786197569093,2.25,0.166339869281,0.0612244897959,3,0.00441176470588,0.185952380952,17,17,17,1,0,0.352941176471,0.411764705882,0.235294117647,0,0,0,0,0,0,0,0,0,0,0,0,0,0,0,0,0,0,0,0,0,0,0,0,0,0,0,0,0,37,0,0,235,1,1,0,0,1,1,1,1,1,1,2,2,0,0,0,0
2985,WLNM_dir_neg,1,0.5,00:00:00,10,70,32,1985449505,threshold_sweep,0.6,1,1,1,2,0,0,4,1,1,0,0,1,1,1,1,0.555555555556,1,1,1,37,35,2,0,37,0,35,0,2,17,37,0.136029411765,1.88235294118,4.35294117647,3.36363636364,2.84615384615,1.69341284359,0.389027274878,0.193958664547,2.09866904602,0.964253345467,0.518282988871,1.87867287326,0.863174022847,0.470588235294,0.786197569093,0.41766745858,2.25,1.88235294118,0.786197569093,2.25,0.166339869281,0.0612244897959,3,0.00441176470588,0.185952380952,17,17,17,1,0,0.352941176471,0.411764705882,0.235294117647,17,0.128676470588,1.90196078431,4.11764705882,3.18181818182,2.69230769231,1.57648156274,0.382859808093,0.201680672269,2.01465221053,0.978545359402,0.524369747899,1.74894926439,0.849489642704,0.463865546218,0.814492905316,0.428238537847,2.33333333333,1.90196078431,0.814492905316,2.33333333333,0,0,0,0,0.164242424242,17,17,17,1,0,0.352941176471,0.411764705882,0.235294117647,17,37,0.136029411765,1.88235294118,4.35294117647,3.36363636364,2.84615384615,1.69341284359,0.389027274878,0.193958664547,2.09866904602,0.964253345467,0.518282988871,1.87867287326,0.863174022847,0.470588235294,0.786197569093,0.41766745858,2.25,1.88235294118,0.786197569093,2.25,0.166339869281,0.0612244897959,3,0.00441176470588,0.185952380952,17,17,17,1,0,0.352941176471,0.411764705882,0.235294117647,0,0,0,0,0,0,0,0,0,0,0,0,0,0,0,0,0,0,0,0,0,0,0,0,0,0,0,0,0,37,0,0,235,1,1,0,0,1,1,1,1,1,1,2,2,0,0,0,0
2986,WLNM_dir_neg,1,0.5,00:00:00,10,70,32,1985449505,threshold_sweep,0.7,1,1,1,2,0,0,4,1,1,0,0,1,1,1,1,0.555555555556,1,1,1,37,35,2,0,37,0,35,0,2,17,37,0.136029411765,1.88235294118,4.35294117647,3.36363636364,2.84615384615,1.69341284359,0.389027274878,0.193958664547,2.09866904602,0.964253345467,0.518282988871,1.87867287326,0.863174022847,0.470588235294,0.786197569093,0.41766745858,2.25,1.88235294118,0.786197569093,2.25,0.166339869281,0.0612244897959,3,0.00441176470588,0.185952380952,17,17,17,1,0,0.352941176471,0.411764705882,0.235294117647,17,0.128676470588,1.90196078431,4.11764705882,3.18181818182,2.69230769231,1.57648156274,0.382859808093,0.201680672269,2.01465221053,0.978545359402,0.524369747899,1.74894926439,0.849489642704,0.463865546218,0.814492905316,0.428238537847,2.33333333333,1.90196078431,0.814492905316,2.33333333333,0,0,0,0,0.164242424242,17,17,17,1,0,0.352941176471,0.411764705882,0.235294117647,17,37,0.136029411765,1.88235294118,4.35294117647,3.36363636364,2.84615384615,1.69341284359,0.389027274878,0.193958664547,2.09866904602,0.964253345467,0.518282988871,1.87867287326,0.863174022847,0.470588235294,0.786197569093,0.41766745858,2.25,1.88235294118,0.786197569093,2.25,0.166339869281,0.0612244897959,3,0.00441176470588,0.185952380952,17,17,17,1,0,0.352941176471,0.411764705882,0.235294117647,0,0,0,0,0,0,0,0,0,0,0,0,0,0,0,0,0,0,0,0,0,0,0,0,0,0,0,0,0,37,0,0,235,1,1,0,0,1,1,1,1,1,1,2,2,0,0,0,0
2987,WLNM_dir_neg,1,0.5,00:00:00,10,70,32,1985449505,threshold_sweep,0.8,1,1,1,2,0,0,4,1,1,0,0,1,1,1,1,0.555555555556,1,1,1,37,35,2,0,37,0,35,0,2,17,37,0.136029411765,1.88235294118,4.35294117647,3.36363636364,2.84615384615,1.69341284359,0.389027274878,0.193958664547,2.09866904602,0.964253345467,0.518282988871,1.87867287326,0.863174022847,0.470588235294,0.786197569093,0.41766745858,2.25,1.88235294118,0.786197569093,2.25,0.166339869281,0.0612244897959,3,0.00441176470588,0.185952380952,17,17,17,1,0,0.352941176471,0.411764705882,0.235294117647,17,0.128676470588,1.90196078431,4.11764705882,3.18181818182,2.69230769231,1.57648156274,0.382859808093,0.201680672269,2.01465221053,0.978545359402,0.524369747899,1.74894926439,0.849489642704,0.463865546218,0.814492905316,0.428238537847,2.33333333333,1.90196078431,0.814492905316,2.33333333333,0,0,0,0,0.164242424242,17,17,17,1,0,0.352941176471,0.411764705882,0.235294117647,17,37,0.136029411765,1.88235294118,4.35294117647,3.36363636364,2.84615384615,1.69341284359,0.389027274878,0.193958664547,2.09866904602,0.964253345467,0.518282988871,1.87867287326,0.863174022847,0.470588235294,0.786197569093,0.41766745858,2.25,1.88235294118,0.786197569093,2.25,0.166339869281,0.0612244897959,3,0.00441176470588,0.185952380952,17,17,17,1,0,0.352941176471,0.411764705882,0.235294117647,0,0,0,0,0,0,0,0,0,0,0,0,0,0,0,0,0,0,0,0,0,0,0,0,0,0,0,0,0,37,0,0,235,1,1,0,0,1,1,1,1,1,1,2,2,0,0,0,0
2988,WLNM_dir_neg,1,0.5,00:00:00,10,70,32,1985449505,threshold_sweep,0.9,1,1,1,2,0,0,4,1,1,0,0,1,1,1,1,0.555555555556,1,1,1,37,35,2,0,37,0,35,0,2,17,37,0.136029411765,1.88235294118,4.35294117647,3.36363636364,2.84615384615,1.69341284359,0.389027274878,0.193958664547,2.09866904602,0.964253345467,0.518282988871,1.87867287326,0.863174022847,0.470588235294,0.786197569093,0.41766745858,2.25,1.88235294118,0.786197569093,2.25,0.166339869281,0.0612244897959,3,0.00441176470588,0.185952380952,17,17,17,1,0,0.352941176471,0.411764705882,0.235294117647,17,0.128676470588,1.90196078431,4.11764705882,3.18181818182,2.69230769231,1.57648156274,0.382859808093,0.201680672269,2.01465221053,0.978545359402,0.524369747899,1.74894926439,0.849489642704,0.463865546218,0.814492905316,0.428238537847,2.33333333333,1.90196078431,0.814492905316,2.33333333333,0,0,0,0,0.164242424242,17,17,17,1,0,0.352941176471,0.411764705882,0.235294117647,17,37,0.136029411765,1.88235294118,4.35294117647,3.36363636364,2.84615384615,1.69341284359,0.389027274878,0.193958664547,2.09866904602,0.964253345467,0.518282988871,1.87867287326,0.863174022847,0.470588235294,0.786197569093,0.41766745858,2.25,1.88235294118,0.786197569093,2.25,0.166339869281,0.0612244897959,3,0.00441176470588,0.185952380952,17,17,17,1,0,0.352941176471,0.411764705882,0.235294117647,0,0,0,0,0,0,0,0,0,0,0,0,0,0,0,0,0,0,0,0,0,0,0,0,0,0,0,0,0,37,0,0,235,1,1,0,0,1,1,1,1,1,1,2,2,0,0,0,0
2989,WLNM_dir_neg,1,0.5,00:00:00,10,70,33,1985449506,threshold_sweep,0.1,0.5,1,0.666666666667,2,2,0,2,1,0.5,0.5,0,0.5,1,0.666666666667,0.666666666667,0.444444444444,0.4,0.5,0.5,37,35,2,0,37,0,35,0,2,17,37,0.136029411765,1.88235294118,4.35294117647,3.36363636364,2.84615384615,1.69341284359,0.389027274878,0.193958664547,2.09866904602,0.964253345467,0.518282988871,1.87867287326,0.863174022847,0.470588235294,0.786197569093,0.41766745858,2.25,1.88235294118,0.786197569093,2.25,0.166339869281,0.0612244897959,3,0.00441176470588,0.185952380952,17,17,17,1,0,0.352941176471,0.411764705882,0.235294117647,17,0.128676470588,1.90196078431,4.11764705882,3.18181818182,2.69230769231,1.57648156274,0.382859808093,0.201680672269,2.01465221053,0.978545359402,0.524369747899,1.74894926439,0.849489642704,0.463865546218,0.814492905316,0.428238537847,2.33333333333,1.90196078431,0.814492905316,2.33333333333,0,0,0,0,0.164242424242,17,17,17,1,0,0.352941176471,0.411764705882,0.235294117647,17,39,0.143382352941,1.98588235294,4.58823529412,3.25,2.78571428571,1.69774937525,0.370022299735,0.191553544495,2.11437655948,0.921651320801,0.494720965309,1.92888263907,0.840794996516,0.455505279035,0.789802655917,0.397708683371,2.32,1.98588235294,0.789802655917,2.32,0.158496732026,0.0552147239264,3,0.00441176470588,0.18952020202,17,17,17,1,0,0.294117647059,0.529411764706,0.176470588235,2,0.00735294117647,0.103529411765,0.235294117647,-0.113636363636,-0.0604395604396,0.00433653166789,-0.019004975143,-0.00240512005218,0.0157075134677,-0.0426020246662,-0.023562023562,0.0502097658116,-0.0223790263307,-0.0150829562594,0.0036050868248,-0.0199587752097,0.07,0.103529411765,0.0036050868248,0.07,-0.0078431372549,-0.00600976586954,0,0,0.00356782106782,-0.0588235294118,0.117647058824,-0.0588235294118,37,2,0,233,1,0.991489361702,0.00851063829787,0,0.948717948718,1,0.973684210526,0.969867905134,0.991489361702,0.948717948718,4,2,0,0,0,0
2990,WLNM_dir_neg,1,0.5,00:00:00,10,70,33,1985449506,threshold_sweep,0.2,0.5,1,0.666666666667,2,2,0,2,1,0.5,0.5,0,0.5,1,0.666666666667,0.666666666667,0.444444444444,0.4,0.5,0.5,37,35,2,0,37,0,35,0,2,17,37,0.136029411765,1.88235294118,4.35294117647,3.36363636364,2.84615384615,1.69341284359,0.389027274878,0.193958664547,2.09866904602,0.964253345467,0.518282988871,1.87867287326,0.863174022847,0.470588235294,0.786197569093,0.41766745858,2.25,1.88235294118,0.786197569093,2.25,0.166339869281,0.0612244897959,3,0.00441176470588,0.185952380952,17,17,17,1,0,0.352941176471,0.411764705882,0.235294117647,17,0.128676470588,1.90196078431,4.11764705882,3.18181818182,2.69230769231,1.57648156274,0.382859808093,0.201680672269,2.01465221053,0.978545359402,0.524369747899,1.74894926439,0.849489642704,0.463865546218,0.814492905316,0.428238537847,2.33333333333,1.90196078431,0.814492905316,2.33333333333,0,0,0,0,0.164242424242,17,17,17,1,0,0.352941176471,0.411764705882,0.235294117647,17,39,0.143382352941,1.98588235294,4.58823529412,3.25,2.78571428571,1.69774937525,0.370022299735,0.191553544495,2.11437655948,0.921651320801,0.494720965309,1.92888263907,0.840794996516,0.455505279035,0.789802655917,0.397708683371,2.32,1.98588235294,0.789802655917,2.32,0.158496732026,0.0552147239264,3,0.00441176470588,0.18952020202,17,17,17,1,0,0.294117647059,0.529411764706,0.176470588235,2,0.00735294117647,0.103529411765,0.235294117647,-0.113636363636,-0.0604395604396,0.00433653166789,-0.019004975143,-0.00240512005218,0.0157075134677,-0.0426020246662,-0.023562023562,0.0502097658116,-0.0223790263307,-0.0150829562594,0.0036050868248,-0.0199587752097,0.07,0.103529411765,0.0036050868248,0.07,-0.0078431372549,-0.00600976586954,0,0,0.00356782106782,-0.0588235294118,0.117647058824,-0.0588235294118,37,2,0,233,1,0.991489361702,0.00851063829787,0,0.948717948718,1,0.973684210526,0.969867905134,0.991489361702,0.948717948718,4,2,0,0,0,0
2991,WLNM_dir_neg,1,0.5,00:00:00,10,70,33,1985449506,threshold_sweep,0.3,0.5,1,0.666666666667,2,2,0,2,1,0.5,0.5,0,0.5,1,0.666666666667,0.666666666667,0.444444444444,0.4,0.5,0.5,37,35,2,0,37,0,35,0,2,17,37,0.136029411765,1.88235294118,4.35294117647,3.36363636364,2.84615384615,1.69341284359,0.389027274878,0.193958664547,2.09866904602,0.964253345467,0.518282988871,1.87867287326,0.863174022847,0.470588235294,0.786197569093,0.41766745858,2.25,1.88235294118,0.786197569093,2.25,0.166339869281,0.0612244897959,3,0.00441176470588,0.185952380952,17,17,17,1,0,0.352941176471,0.411764705882,0.235294117647,17,0.128676470588,1.90196078431,4.11764705882,3.18181818182,2.69230769231,1.57648156274,0.382859808093,0.201680672269,2.01465221053,0.978545359402,0.524369747899,1.74894926439,0.849489642704,0.463865546218,0.814492905316,0.428238537847,2.33333333333,1.90196078431,0.814492905316,2.33333333333,0,0,0,0,0.164242424242,17,17,17,1,0,0.352941176471,0.411764705882,0.235294117647,17,39,0.143382352941,1.98588235294,4.58823529412,3.25,2.78571428571,1.69774937525,0.370022299735,0.191553544495,2.11437655948,0.921651320801,0.494720965309,1.92888263907,0.840794996516,0.455505279035,0.789802655917,0.397708683371,2.32,1.98588235294,0.789802655917,2.32,0.158496732026,0.0552147239264,3,0.00441176470588,0.18952020202,17,17,17,1,0,0.294117647059,0.529411764706,0.176470588235,2,0.00735294117647,0.103529411765,0.235294117647,-0.113636363636,-0.0604395604396,0.00433653166789,-0.019004975143,-0.00240512005218,0.0157075134677,-0.0426020246662,-0.023562023562,0.0502097658116,-0.0223790263307,-0.0150829562594,0.0036050868248,-0.0199587752097,0.07,0.103529411765,0.0036050868248,0.07,-0.0078431372549,-0.00600976586954,0,0,0.00356782106782,-0.0588235294118,0.117647058824,-0.0588235294118,37,2,0,233,1,0.991489361702,0.00851063829787,0,0.948717948718,1,0.973684210526,0.969867905134,0.991489361702,0.948717948718,4,2,0,0,0,0
2992,WLNM_dir_neg,1,0.5,00:00:00,10,70,33,1985449506,threshold_sweep,0.4,0.5,1,0.666666666667,2,2,0,2,1,0.5,0.5,0,0.5,1,0.666666666667,0.666666666667,0.444444444444,0.4,0.5,0.5,37,35,2,0,37,0,35,0,2,17,37,0.136029411765,1.88235294118,4.35294117647,3.36363636364,2.84615384615,1.69341284359,0.389027274878,0.193958664547,2.09866904602,0.964253345467,0.518282988871,1.87867287326,0.863174022847,0.470588235294,0.786197569093,0.41766745858,2.25,1.88235294118,0.786197569093,2.25,0.166339869281,0.0612244897959,3,0.00441176470588,0.185952380952,17,17,17,1,0,0.352941176471,0.411764705882,0.235294117647,17,0.128676470588,1.90196078431,4.11764705882,3.18181818182,2.69230769231,1.57648156274,0.382859808093,0.201680672269,2.01465221053,0.978545359402,0.524369747899,1.74894926439,0.849489642704,0.463865546218,0.814492905316,0.428238537847,2.33333333333,1.90196078431,0.814492905316,2.33333333333,0,0,0,0,0.164242424242,17,17,17,1,0,0.352941176471,0.411764705882,0.235294117647,17,39,0.143382352941,1.98588235294,4.58823529412,3.25,2.78571428571,1.69774937525,0.370022299735,0.191553544495,2.11437655948,0.921651320801,0.494720965309,1.92888263907,0.840794996516,0.455505279035,0.789802655917,0.397708683371,2.32,1.98588235294,0.789802655917,2.32,0.158496732026,0.0552147239264,3,0.00441176470588,0.18952020202,17,17,17,1,0,0.294117647059,0.529411764706,0.176470588235,2,0.00735294117647,0.103529411765,0.235294117647,-0.113636363636,-0.0604395604396,0.00433653166789,-0.019004975143,-0.00240512005218,0.0157075134677,-0.0426020246662,-0.023562023562,0.0502097658116,-0.0223790263307,-0.0150829562594,0.0036050868248,-0.0199587752097,0.07,0.103529411765,0.0036050868248,0.07,-0.0078431372549,-0.00600976586954,0,0,0.00356782106782,-0.0588235294118,0.117647058824,-0.0588235294118,37,2,0,233,1,0.991489361702,0.00851063829787,0,0.948717948718,1,0.973684210526,0.969867905134,0.991489361702,0.948717948718,4,2,0,0,0,0
2993,WLNM_dir_neg,1,0.5,00:00:00,10,70,33,1985449506,threshold_sweep,0.5,0.5,1,0.666666666667,2,2,0,2,1,0.5,0.5,0,0.5,1,0.666666666667,0.666666666667,0.444444444444,0.4,0.5,0.5,37,35,2,0,37,0,35,0,2,17,37,0.136029411765,1.88235294118,4.35294117647,3.36363636364,2.84615384615,1.69341284359,0.389027274878,0.193958664547,2.09866904602,0.964253345467,0.518282988871,1.87867287326,0.863174022847,0.470588235294,0.786197569093,0.41766745858,2.25,1.88235294118,0.786197569093,2.25,0.166339869281,0.0612244897959,3,0.00441176470588,0.185952380952,17,17,17,1,0,0.352941176471,0.411764705882,0.235294117647,17,0.128676470588,1.90196078431,4.11764705882,3.18181818182,2.69230769231,1.57648156274,0.382859808093,0.201680672269,2.01465221053,0.978545359402,0.524369747899,1.74894926439,0.849489642704,0.463865546218,0.814492905316,0.428238537847,2.33333333333,1.90196078431,0.814492905316,2.33333333333,0,0,0,0,0.164242424242,17,17,17,1,0,0.352941176471,0.411764705882,0.235294117647,17,39,0.143382352941,1.98588235294,4.58823529412,3.25,2.78571428571,1.69774937525,0.370022299735,0.191553544495,2.11437655948,0.921651320801,0.494720965309,1.92888263907,0.840794996516,0.455505279035,0.789802655917,0.397708683371,2.32,1.98588235294,0.789802655917,2.32,0.158496732026,0.0552147239264,3,0.00441176470588,0.18952020202,17,17,17,1,0,0.294117647059,0.529411764706,0.176470588235,2,0.00735294117647,0.103529411765,0.235294117647,-0.113636363636,-0.0604395604396,0.00433653166789,-0.019004975143,-0.00240512005218,0.0157075134677,-0.0426020246662,-0.023562023562,0.0502097658116,-0.0223790263307,-0.0150829562594,0.0036050868248,-0.0199587752097,0.07,0.103529411765,0.0036050868248,0.07,-0.0078431372549,-0.00600976586954,0,0,0.00356782106782,-0.0588235294118,0.117647058824,-0.0588235294118,37,2,0,233,1,0.991489361702,0.00851063829787,0,0.948717948718,1,0.973684210526,0.969867905134,0.991489361702,0.948717948718,4,2,0,0,0,0
2994,WLNM_dir_neg,1,0.5,00:00:00,10,70,33,1985449506,threshold_sweep,0.6,0.5,1,0.666666666667,2,2,0,2,1,0.5,0.5,0,0.5,1,0.666666666667,0.666666666667,0.444444444444,0.4,0.5,0.5,37,35,2,0,37,0,35,0,2,17,37,0.136029411765,1.88235294118,4.35294117647,3.36363636364,2.84615384615,1.69341284359,0.389027274878,0.193958664547,2.09866904602,0.964253345467,0.518282988871,1.87867287326,0.863174022847,0.470588235294,0.786197569093,0.41766745858,2.25,1.88235294118,0.786197569093,2.25,0.166339869281,0.0612244897959,3,0.00441176470588,0.185952380952,17,17,17,1,0,0.352941176471,0.411764705882,0.235294117647,17,0.128676470588,1.90196078431,4.11764705882,3.18181818182,2.69230769231,1.57648156274,0.382859808093,0.201680672269,2.01465221053,0.978545359402,0.524369747899,1.74894926439,0.849489642704,0.463865546218,0.814492905316,0.428238537847,2.33333333333,1.90196078431,0.814492905316,2.33333333333,0,0,0,0,0.164242424242,17,17,17,1,0,0.352941176471,0.411764705882,0.235294117647,17,39,0.143382352941,1.98588235294,4.58823529412,3.25,2.78571428571,1.69774937525,0.370022299735,0.191553544495,2.11437655948,0.921651320801,0.494720965309,1.92888263907,0.840794996516,0.455505279035,0.789802655917,0.397708683371,2.32,1.98588235294,0.789802655917,2.32,0.158496732026,0.0552147239264,3,0.00441176470588,0.18952020202,17,17,17,1,0,0.294117647059,0.529411764706,0.176470588235,2,0.00735294117647,0.103529411765,0.235294117647,-0.113636363636,-0.0604395604396,0.00433653166789,-0.019004975143,-0.00240512005218,0.0157075134677,-0.0426020246662,-0.023562023562,0.0502097658116,-0.0223790263307,-0.0150829562594,0.0036050868248,-0.0199587752097,0.07,0.103529411765,0.0036050868248,0.07,-0.0078431372549,-0.00600976586954,0,0,0.00356782106782,-0.0588235294118,0.117647058824,-0.0588235294118,37,2,0,233,1,0.991489361702,0.00851063829787,0,0.948717948718,1,0.973684210526,0.969867905134,0.991489361702,0.948717948718,4,2,0,0,0,0
2995,WLNM_dir_neg,1,0.5,00:00:00,10,70,33,1985449506,threshold_sweep,0.7,0.5,1,0.666666666667,2,2,0,2,1,0.5,0.5,0,0.5,1,0.666666666667,0.666666666667,0.444444444444,0.4,0.5,0.5,37,35,2,0,37,0,35,0,2,17,37,0.136029411765,1.88235294118,4.35294117647,3.36363636364,2.84615384615,1.69341284359,0.389027274878,0.193958664547,2.09866904602,0.964253345467,0.518282988871,1.87867287326,0.863174022847,0.470588235294,0.786197569093,0.41766745858,2.25,1.88235294118,0.786197569093,2.25,0.166339869281,0.0612244897959,3,0.00441176470588,0.185952380952,17,17,17,1,0,0.352941176471,0.411764705882,0.235294117647,17,0.128676470588,1.90196078431,4.11764705882,3.18181818182,2.69230769231,1.57648156274,0.382859808093,0.201680672269,2.01465221053,0.978545359402,0.524369747899,1.74894926439,0.849489642704,0.463865546218,0.814492905316,0.428238537847,2.33333333333,1.90196078431,0.814492905316,2.33333333333,0,0,0,0,0.164242424242,17,17,17,1,0,0.352941176471,0.411764705882,0.235294117647,17,39,0.143382352941,1.98588235294,4.58823529412,3.25,2.78571428571,1.69774937525,0.370022299735,0.191553544495,2.11437655948,0.921651320801,0.494720965309,1.92888263907,0.840794996516,0.455505279035,0.789802655917,0.397708683371,2.32,1.98588235294,0.789802655917,2.32,0.158496732026,0.0552147239264,3,0.00441176470588,0.18952020202,17,17,17,1,0,0.294117647059,0.529411764706,0.176470588235,2,0.00735294117647,0.103529411765,0.235294117647,-0.113636363636,-0.0604395604396,0.00433653166789,-0.019004975143,-0.00240512005218,0.0157075134677,-0.0426020246662,-0.023562023562,0.0502097658116,-0.0223790263307,-0.0150829562594,0.0036050868248,-0.0199587752097,0.07,0.103529411765,0.0036050868248,0.07,-0.0078431372549,-0.00600976586954,0,0,0.00356782106782,-0.0588235294118,0.117647058824,-0.0588235294118,37,2,0,233,1,0.991489361702,0.00851063829787,0,0.948717948718,1,0.973684210526,0.969867905134,0.991489361702,0.948717948718,4,2,0,0,0,0
2996,WLNM_dir_neg,1,0.5,00:00:00,10,70,33,1985449506,threshold_sweep,0.8,0.5,1,0.666666666667,2,2,0,2,1,0.5,0.5,0,0.5,1,0.666666666667,0.666666666667,0.444444444444,0.4,0.5,0.5,37,35,2,0,37,0,35,0,2,17,37,0.136029411765,1.88235294118,4.35294117647,3.36363636364,2.84615384615,1.69341284359,0.389027274878,0.193958664547,2.09866904602,0.964253345467,0.518282988871,1.87867287326,0.863174022847,0.470588235294,0.786197569093,0.41766745858,2.25,1.88235294118,0.786197569093,2.25,0.166339869281,0.0612244897959,3,0.00441176470588,0.185952380952,17,17,17,1,0,0.352941176471,0.411764705882,0.235294117647,17,0.128676470588,1.90196078431,4.11764705882,3.18181818182,2.69230769231,1.57648156274,0.382859808093,0.201680672269,2.01465221053,0.978545359402,0.524369747899,1.74894926439,0.849489642704,0.463865546218,0.814492905316,0.428238537847,2.33333333333,1.90196078431,0.814492905316,2.33333333333,0,0,0,0,0.164242424242,17,17,17,1,0,0.352941176471,0.411764705882,0.235294117647,17,39,0.143382352941,1.98588235294,4.58823529412,3.25,2.78571428571,1.69774937525,0.370022299735,0.191553544495,2.11437655948,0.921651320801,0.494720965309,1.92888263907,0.840794996516,0.455505279035,0.789802655917,0.397708683371,2.32,1.98588235294,0.789802655917,2.32,0.158496732026,0.0552147239264,3,0.00441176470588,0.18952020202,17,17,17,1,0,0.294117647059,0.529411764706,0.176470588235,2,0.00735294117647,0.103529411765,0.235294117647,-0.113636363636,-0.0604395604396,0.00433653166789,-0.019004975143,-0.00240512005218,0.0157075134677,-0.0426020246662,-0.023562023562,0.0502097658116,-0.0223790263307,-0.0150829562594,0.0036050868248,-0.0199587752097,0.07,0.103529411765,0.0036050868248,0.07,-0.0078431372549,-0.00600976586954,0,0,0.00356782106782,-0.0588235294118,0.117647058824,-0.0588235294118,37,2,0,233,1,0.991489361702,0.00851063829787,0,0.948717948718,1,0.973684210526,0.969867905134,0.991489361702,0.948717948718,4,2,0,0,0,0
2997,WLNM_dir_neg,1,0.5,00:00:00,10,70,33,1985449506,threshold_sweep,0.9,0.666666666667,1,0.8,2,1,0,3,1,0.75,0.25,0,0.666666666667,1,0.8,0.833333333333,0.5,0.666666666667,0.707106781187,0.75,37,35,2,0,37,0,35,0,2,17,37,0.136029411765,1.88235294118,4.35294117647,3.36363636364,2.84615384615,1.69341284359,0.389027274878,0.193958664547,2.09866904602,0.964253345467,0.518282988871,1.87867287326,0.863174022847,0.470588235294,0.786197569093,0.41766745858,2.25,1.88235294118,0.786197569093,2.25,0.166339869281,0.0612244897959,3,0.00441176470588,0.185952380952,17,17,17,1,0,0.352941176471,0.411764705882,0.235294117647,17,0.128676470588,1.90196078431,4.11764705882,3.18181818182,2.69230769231,1.57648156274,0.382859808093,0.201680672269,2.01465221053,0.978545359402,0.524369747899,1.74894926439,0.849489642704,0.463865546218,0.814492905316,0.428238537847,2.33333333333,1.90196078431,0.814492905316,2.33333333333,0,0,0,0,0.164242424242,17,17,17,1,0,0.352941176471,0.411764705882,0.235294117647,17,38,0.139705882353,1.98764705882,4.47058823529,3.16666666667,2.92307692308,1.66274047354,0.371928790134,0.188854489164,2.04723630062,0.915868871331,0.495356037152,1.98523965067,0.888133527931,0.482972136223,0.792996921587,0.398962641817,2.35,1.98764705882,0.792996921587,2.35,0.162418300654,0.0584415584416,3,0.00441176470588,0.192081529582,17,17,17,1,0,0.294117647059,0.470588235294,0.235294117647,1,0.00367647058824,0.105294117647,0.117647058824,-0.19696969697,0.0769230769231,-0.030672370045,-0.0170984847437,-0.00510417538281,-0.0514327453931,-0.0483844741355,-0.0229269517195,0.106566777414,0.0249595050838,0.0123839009288,0.00679935249481,-0.0187048167638,0.1,0.105294117647,0.00679935249481,0.1,-0.00392156862745,-0.00278293135436,0,0,0.00612914862915,-0.0588235294118,0.0588235294118,0,37,1,0,234,1,0.995744680851,0.00425531914894,0,0.973684210526,1,0.986666666667,0.984652666406,0.995744680851,0.973684210526,3,2,0,0,0,0
2998,WLNM_dir_neg,0.875,0.291666666667,00:00:00,10,70,34,1985449507,threshold_sweep,0.1,0.5,1,0.666666666667,2,2,0,2,1,0.5,0.5,0,0.5,1,0.666666666667,0.666666666667,0.444444444444,0.4,0.5,0.5,37,35,2,0,37,0,35,0,2,17,37,0.136029411765,1.88235294118,4.35294117647,3.36363636364,2.84615384615,1.69341284359,0.389027274878,0.193958664547,2.09866904602,0.964253345467,0.518282988871,1.87867287326,0.863174022847,0.470588235294,0.786197569093,0.41766745858,2.25,1.88235294118,0.786197569093,2.25,0.166339869281,0.0612244897959,3,0.00441176470588,0.185952380952,17,17,17,1,0,0.352941176471,0.411764705882,0.235294117647,17,0.128676470588,1.90196078431,4.11764705882,3.18181818182,2.69230769231,1.57648156274,0.382859808093,0.201680672269,2.01465221053,0.978545359402,0.524369747899,1.74894926439,0.849489642704,0.463865546218,0.814492905316,0.428238537847,2.33333333333,1.90196078431,0.814492905316,2.33333333333,0,0,0,0,0.164242424242,17,17,17,1,0,0.352941176471,0.411764705882,0.235294117647,17,39,0.143382352941,1.89705882353,4.58823529412,3.54545454545,2.78571428571,1.80481382452,0.39335685919,0.202111613876,2.20126968709,0.959527812321,0.509803921569,1.79459974236,0.782261426159,0.428355957768,0.790069337985,0.416470658783,2.2,1.89705882353,0.790069337985,2.2,0.210037348273,0.10843373494,6,0.00882352941176,0.177878787879,17,17,17,1,0,0.352941176471,0.470588235294,0.176470588235,2,0.00735294117647,0.0147058823529,0.235294117647,0.181818181818,-0.0604395604396,0.111400980933,0.00432958431217,0.00815294932942,0.102600641072,-0.00472553314626,-0.0084790673026,-0.0840731308911,-0.0809125966883,-0.0422322775264,0.0038717688921,-0.00119679979781,-0.05,0.0147058823529,0.0038717688921,-0.05,0.0436974789916,0.0472092451438,3,0.00441176470588,-0.00807359307359,0,0.0588235294118,-0.0588235294118,37,2,0,233,1,0.991489361702,0.00851063829787,0,0.948717948718,1,0.973684210526,0.969867905134,0.991489361702,0.948717948718,4,2,0,0,0,0
2999,WLNM_dir_neg,0.875,0.291666666667,00:00:00,10,70,34,1985449507,threshold_sweep,0.2,0.5,1,0.666666666667,2,2,0,2,1,0.5,0.5,0,0.5,1,0.666666666667,0.666666666667,0.444444444444,0.4,0.5,0.5,37,35,2,0,37,0,35,0,2,17,37,0.136029411765,1.88235294118,4.35294117647,3.36363636364,2.84615384615,1.69341284359,0.389027274878,0.193958664547,2.09866904602,0.964253345467,0.518282988871,1.87867287326,0.863174022847,0.470588235294,0.786197569093,0.41766745858,2.25,1.88235294118,0.786197569093,2.25,0.166339869281,0.0612244897959,3,0.00441176470588,0.185952380952,17,17,17,1,0,0.352941176471,0.411764705882,0.235294117647,17,0.128676470588,1.90196078431,4.11764705882,3.18181818182,2.69230769231,1.57648156274,0.382859808093,0.201680672269,2.01465221053,0.978545359402,0.524369747899,1.74894926439,0.849489642704,0.463865546218,0.814492905316,0.428238537847,2.33333333333,1.90196078431,0.814492905316,2.33333333333,0,0,0,0,0.164242424242,17,17,17,1,0,0.352941176471,0.411764705882,0.235294117647,17,39,0.143382352941,1.89705882353,4.58823529412,3.54545454545,2.78571428571,1.80481382452,0.39335685919,0.202111613876,2.20126968709,0.959527812321,0.509803921569,1.79459974236,0.782261426159,0.428355957768,0.790069337985,0.416470658783,2.2,1.89705882353,0.790069337985,2.2,0.210037348273,0.10843373494,6,0.00882352941176,0.177878787879,17,17,17,1,0,0.352941176471,0.470588235294,0.176470588235,2,0.00735294117647,0.0147058823529,0.235294117647,0.181818181818,-0.0604395604396,0.111400980933,0.00432958431217,0.00815294932942,0.102600641072,-0.00472553314626,-0.0084790673026,-0.0840731308911,-0.0809125966883,-0.0422322775264,0.0038717688921,-0.00119679979781,-0.05,0.0147058823529,0.0038717688921,-0.05,0.0436974789916,0.0472092451438,3,0.00441176470588,-0.00807359307359,0,0.0588235294118,-0.0588235294118,37,2,0,233,1,0.991489361702,0.00851063829787,0,0.948717948718,1,0.973684210526,0.969867905134,0.991489361702,0.948717948718,4,2,0,0,0,0
3000,WLNM_dir_neg,0.875,0.291666666667,00:00:00,10,70,34,1985449507,threshold_sweep,0.3,0.5,1,0.666666666667,2,2,0,2,1,0.5,0.5,0,0.5,1,0.666666666667,0.666666666667,0.444444444444,0.4,0.5,0.5,37,35,2,0,37,0,35,0,2,17,37,0.136029411765,1.88235294118,4.35294117647,3.36363636364,2.84615384615,1.69341284359,0.389027274878,0.193958664547,2.09866904602,0.964253345467,0.518282988871,1.87867287326,0.863174022847,0.470588235294,0.786197569093,0.41766745858,2.25,1.88235294118,0.786197569093,2.25,0.166339869281,0.0612244897959,3,0.00441176470588,0.185952380952,17,17,17,1,0,0.352941176471,0.411764705882,0.235294117647,17,0.128676470588,1.90196078431,4.11764705882,3.18181818182,2.69230769231,1.57648156274,0.382859808093,0.201680672269,2.01465221053,0.978545359402,0.524369747899,1.74894926439,0.849489642704,0.463865546218,0.814492905316,0.428238537847,2.33333333333,1.90196078431,0.814492905316,2.33333333333,0,0,0,0,0.164242424242,17,17,17,1,0,0.352941176471,0.411764705882,0.235294117647,17,39,0.143382352941,1.89705882353,4.58823529412,3.54545454545,2.78571428571,1.80481382452,0.39335685919,0.202111613876,2.20126968709,0.959527812321,0.509803921569,1.79459974236,0.782261426159,0.428355957768,0.790069337985,0.416470658783,2.2,1.89705882353,0.790069337985,2.2,0.210037348273,0.10843373494,6,0.00882352941176,0.177878787879,17,17,17,1,0,0.352941176471,0.470588235294,0.176470588235,2,0.00735294117647,0.0147058823529,0.235294117647,0.181818181818,-0.0604395604396,0.111400980933,0.00432958431217,0.00815294932942,0.102600641072,-0.00472553314626,-0.0084790673026,-0.0840731308911,-0.0809125966883,-0.0422322775264,0.0038717688921,-0.00119679979781,-0.05,0.0147058823529,0.0038717688921,-0.05,0.0436974789916,0.0472092451438,3,0.00441176470588,-0.00807359307359,0,0.0588235294118,-0.0588235294118,37,2,0,233,1,0.991489361702,0.00851063829787,0,0.948717948718,1,0.973684210526,0.969867905134,0.991489361702,0.948717948718,4,2,0,0,0,0
3001,WLNM_dir_neg,0.875,0.291666666667,00:00:00,10,70,34,1985449507,threshold_sweep,0.4,0.5,1,0.666666666667,2,2,0,2,1,0.5,0.5,0,0.5,1,0.666666666667,0.666666666667,0.444444444444,0.4,0.5,0.5,37,35,2,0,37,0,35,0,2,17,37,0.136029411765,1.88235294118,4.35294117647,3.36363636364,2.84615384615,1.69341284359,0.389027274878,0.193958664547,2.09866904602,0.964253345467,0.518282988871,1.87867287326,0.863174022847,0.470588235294,0.786197569093,0.41766745858,2.25,1.88235294118,0.786197569093,2.25,0.166339869281,0.0612244897959,3,0.00441176470588,0.185952380952,17,17,17,1,0,0.352941176471,0.411764705882,0.235294117647,17,0.128676470588,1.90196078431,4.11764705882,3.18181818182,2.69230769231,1.57648156274,0.382859808093,0.201680672269,2.01465221053,0.978545359402,0.524369747899,1.74894926439,0.849489642704,0.463865546218,0.814492905316,0.428238537847,2.33333333333,1.90196078431,0.814492905316,2.33333333333,0,0,0,0,0.164242424242,17,17,17,1,0,0.352941176471,0.411764705882,0.235294117647,17,39,0.143382352941,1.89705882353,4.58823529412,3.54545454545,2.78571428571,1.80481382452,0.39335685919,0.202111613876,2.20126968709,0.959527812321,0.509803921569,1.79459974236,0.782261426159,0.428355957768,0.790069337985,0.416470658783,2.2,1.89705882353,0.790069337985,2.2,0.210037348273,0.10843373494,6,0.00882352941176,0.177878787879,17,17,17,1,0,0.352941176471,0.470588235294,0.176470588235,2,0.00735294117647,0.0147058823529,0.235294117647,0.181818181818,-0.0604395604396,0.111400980933,0.00432958431217,0.00815294932942,0.102600641072,-0.00472553314626,-0.0084790673026,-0.0840731308911,-0.0809125966883,-0.0422322775264,0.0038717688921,-0.00119679979781,-0.05,0.0147058823529,0.0038717688921,-0.05,0.0436974789916,0.0472092451438,3,0.00441176470588,-0.00807359307359,0,0.0588235294118,-0.0588235294118,37,2,0,233,1,0.991489361702,0.00851063829787,0,0.948717948718,1,0.973684210526,0.969867905134,0.991489361702,0.948717948718,4,2,0,0,0,0
3002,WLNM_dir_neg,0.875,0.291666666667,00:00:00,10,70,34,1985449507,threshold_sweep,0.5,0.5,1,0.666666666667,2,2,0,2,1,0.5,0.5,0,0.5,1,0.666666666667,0.666666666667,0.444444444444,0.4,0.5,0.5,37,35,2,0,37,0,35,0,2,17,37,0.136029411765,1.88235294118,4.35294117647,3.36363636364,2.84615384615,1.69341284359,0.389027274878,0.193958664547,2.09866904602,0.964253345467,0.518282988871,1.87867287326,0.863174022847,0.470588235294,0.786197569093,0.41766745858,2.25,1.88235294118,0.786197569093,2.25,0.166339869281,0.0612244897959,3,0.00441176470588,0.185952380952,17,17,17,1,0,0.352941176471,0.411764705882,0.235294117647,17,0.128676470588,1.90196078431,4.11764705882,3.18181818182,2.69230769231,1.57648156274,0.382859808093,0.201680672269,2.01465221053,0.978545359402,0.524369747899,1.74894926439,0.849489642704,0.463865546218,0.814492905316,0.428238537847,2.33333333333,1.90196078431,0.814492905316,2.33333333333,0,0,0,0,0.164242424242,17,17,17,1,0,0.352941176471,0.411764705882,0.235294117647,17,39,0.143382352941,1.89705882353,4.58823529412,3.54545454545,2.78571428571,1.80481382452,0.39335685919,0.202111613876,2.20126968709,0.959527812321,0.509803921569,1.79459974236,0.782261426159,0.428355957768,0.790069337985,0.416470658783,2.2,1.89705882353,0.790069337985,2.2,0.210037348273,0.10843373494,6,0.00882352941176,0.177878787879,17,17,17,1,0,0.352941176471,0.470588235294,0.176470588235,2,0.00735294117647,0.0147058823529,0.235294117647,0.181818181818,-0.0604395604396,0.111400980933,0.00432958431217,0.00815294932942,0.102600641072,-0.00472553314626,-0.0084790673026,-0.0840731308911,-0.0809125966883,-0.0422322775264,0.0038717688921,-0.00119679979781,-0.05,0.0147058823529,0.0038717688921,-0.05,0.0436974789916,0.0472092451438,3,0.00441176470588,-0.00807359307359,0,0.0588235294118,-0.0588235294118,37,2,0,233,1,0.991489361702,0.00851063829787,0,0.948717948718,1,0.973684210526,0.969867905134,0.991489361702,0.948717948718,4,2,0,0,0,0
3003,WLNM_dir_neg,0.875,0.291666666667,00:00:00,10,70,34,1985449507,threshold_sweep,0.6,0.5,1,0.666666666667,2,2,0,2,1,0.5,0.5,0,0.5,1,0.666666666667,0.666666666667,0.444444444444,0.4,0.5,0.5,37,35,2,0,37,0,35,0,2,17,37,0.136029411765,1.88235294118,4.35294117647,3.36363636364,2.84615384615,1.69341284359,0.389027274878,0.193958664547,2.09866904602,0.964253345467,0.518282988871,1.87867287326,0.863174022847,0.470588235294,0.786197569093,0.41766745858,2.25,1.88235294118,0.786197569093,2.25,0.166339869281,0.0612244897959,3,0.00441176470588,0.185952380952,17,17,17,1,0,0.352941176471,0.411764705882,0.235294117647,17,0.128676470588,1.90196078431,4.11764705882,3.18181818182,2.69230769231,1.57648156274,0.382859808093,0.201680672269,2.01465221053,0.978545359402,0.524369747899,1.74894926439,0.849489642704,0.463865546218,0.814492905316,0.428238537847,2.33333333333,1.90196078431,0.814492905316,2.33333333333,0,0,0,0,0.164242424242,17,17,17,1,0,0.352941176471,0.411764705882,0.235294117647,17,39,0.143382352941,1.89705882353,4.58823529412,3.54545454545,2.78571428571,1.80481382452,0.39335685919,0.202111613876,2.20126968709,0.959527812321,0.509803921569,1.79459974236,0.782261426159,0.428355957768,0.790069337985,0.416470658783,2.2,1.89705882353,0.790069337985,2.2,0.210037348273,0.10843373494,6,0.00882352941176,0.177878787879,17,17,17,1,0,0.352941176471,0.470588235294,0.176470588235,2,0.00735294117647,0.0147058823529,0.235294117647,0.181818181818,-0.0604395604396,0.111400980933,0.00432958431217,0.00815294932942,0.102600641072,-0.00472553314626,-0.0084790673026,-0.0840731308911,-0.0809125966883,-0.0422322775264,0.0038717688921,-0.00119679979781,-0.05,0.0147058823529,0.0038717688921,-0.05,0.0436974789916,0.0472092451438,3,0.00441176470588,-0.00807359307359,0,0.0588235294118,-0.0588235294118,37,2,0,233,1,0.991489361702,0.00851063829787,0,0.948717948718,1,0.973684210526,0.969867905134,0.991489361702,0.948717948718,4,2,0,0,0,0
3004,WLNM_dir_neg,0.875,0.291666666667,00:00:00,10,70,34,1985449507,threshold_sweep,0.7,0.5,1,0.666666666667,2,2,0,2,1,0.5,0.5,0,0.5,1,0.666666666667,0.666666666667,0.444444444444,0.4,0.5,0.5,37,35,2,0,37,0,35,0,2,17,37,0.136029411765,1.88235294118,4.35294117647,3.36363636364,2.84615384615,1.69341284359,0.389027274878,0.193958664547,2.09866904602,0.964253345467,0.518282988871,1.87867287326,0.863174022847,0.470588235294,0.786197569093,0.41766745858,2.25,1.88235294118,0.786197569093,2.25,0.166339869281,0.0612244897959,3,0.00441176470588,0.185952380952,17,17,17,1,0,0.352941176471,0.411764705882,0.235294117647,17,0.128676470588,1.90196078431,4.11764705882,3.18181818182,2.69230769231,1.57648156274,0.382859808093,0.201680672269,2.01465221053,0.978545359402,0.524369747899,1.74894926439,0.849489642704,0.463865546218,0.814492905316,0.428238537847,2.33333333333,1.90196078431,0.814492905316,2.33333333333,0,0,0,0,0.164242424242,17,17,17,1,0,0.352941176471,0.411764705882,0.235294117647,17,39,0.143382352941,1.89705882353,4.58823529412,3.54545454545,2.78571428571,1.80481382452,0.39335685919,0.202111613876,2.20126968709,0.959527812321,0.509803921569,1.79459974236,0.782261426159,0.428355957768,0.790069337985,0.416470658783,2.2,1.89705882353,0.790069337985,2.2,0.210037348273,0.10843373494,6,0.00882352941176,0.177878787879,17,17,17,1,0,0.352941176471,0.470588235294,0.176470588235,2,0.00735294117647,0.0147058823529,0.235294117647,0.181818181818,-0.0604395604396,0.111400980933,0.00432958431217,0.00815294932942,0.102600641072,-0.00472553314626,-0.0084790673026,-0.0840731308911,-0.0809125966883,-0.0422322775264,0.0038717688921,-0.00119679979781,-0.05,0.0147058823529,0.0038717688921,-0.05,0.0436974789916,0.0472092451438,3,0.00441176470588,-0.00807359307359,0,0.0588235294118,-0.0588235294118,37,2,0,233,1,0.991489361702,0.00851063829787,0,0.948717948718,1,0.973684210526,0.969867905134,0.991489361702,0.948717948718,4,2,0,0,0,0
3005,WLNM_dir_neg,0.875,0.291666666667,00:00:00,10,70,34,1985449507,threshold_sweep,0.8,0.5,1,0.666666666667,2,2,0,2,1,0.5,0.5,0,0.5,1,0.666666666667,0.666666666667,0.444444444444,0.4,0.5,0.5,37,35,2,0,37,0,35,0,2,17,37,0.136029411765,1.88235294118,4.35294117647,3.36363636364,2.84615384615,1.69341284359,0.389027274878,0.193958664547,2.09866904602,0.964253345467,0.518282988871,1.87867287326,0.863174022847,0.470588235294,0.786197569093,0.41766745858,2.25,1.88235294118,0.786197569093,2.25,0.166339869281,0.0612244897959,3,0.00441176470588,0.185952380952,17,17,17,1,0,0.352941176471,0.411764705882,0.235294117647,17,0.128676470588,1.90196078431,4.11764705882,3.18181818182,2.69230769231,1.57648156274,0.382859808093,0.201680672269,2.01465221053,0.978545359402,0.524369747899,1.74894926439,0.849489642704,0.463865546218,0.814492905316,0.428238537847,2.33333333333,1.90196078431,0.814492905316,2.33333333333,0,0,0,0,0.164242424242,17,17,17,1,0,0.352941176471,0.411764705882,0.235294117647,17,39,0.143382352941,1.89705882353,4.58823529412,3.54545454545,2.78571428571,1.80481382452,0.39335685919,0.202111613876,2.20126968709,0.959527812321,0.509803921569,1.79459974236,0.782261426159,0.428355957768,0.790069337985,0.416470658783,2.2,1.89705882353,0.790069337985,2.2,0.210037348273,0.10843373494,6,0.00882352941176,0.177878787879,17,17,17,1,0,0.352941176471,0.470588235294,0.176470588235,2,0.00735294117647,0.0147058823529,0.235294117647,0.181818181818,-0.0604395604396,0.111400980933,0.00432958431217,0.00815294932942,0.102600641072,-0.00472553314626,-0.0084790673026,-0.0840731308911,-0.0809125966883,-0.0422322775264,0.0038717688921,-0.00119679979781,-0.05,0.0147058823529,0.0038717688921,-0.05,0.0436974789916,0.0472092451438,3,0.00441176470588,-0.00807359307359,0,0.0588235294118,-0.0588235294118,37,2,0,233,1,0.991489361702,0.00851063829787,0,0.948717948718,1,0.973684210526,0.969867905134,0.991489361702,0.948717948718,4,2,0,0,0,0
3006,WLNM_dir_neg,0.875,0.291666666667,00:00:00,10,70,34,1985449507,threshold_sweep,0.9,0.5,1,0.666666666667,2,2,0,2,1,0.5,0.5,0,0.5,1,0.666666666667,0.666666666667,0.444444444444,0.4,0.5,0.5,37,35,2,0,37,0,35,0,2,17,37,0.136029411765,1.88235294118,4.35294117647,3.36363636364,2.84615384615,1.69341284359,0.389027274878,0.193958664547,2.09866904602,0.964253345467,0.518282988871,1.87867287326,0.863174022847,0.470588235294,0.786197569093,0.41766745858,2.25,1.88235294118,0.786197569093,2.25,0.166339869281,0.0612244897959,3,0.00441176470588,0.185952380952,17,17,17,1,0,0.352941176471,0.411764705882,0.235294117647,17,0.128676470588,1.90196078431,4.11764705882,3.18181818182,2.69230769231,1.57648156274,0.382859808093,0.201680672269,2.01465221053,0.978545359402,0.524369747899,1.74894926439,0.849489642704,0.463865546218,0.814492905316,0.428238537847,2.33333333333,1.90196078431,0.814492905316,2.33333333333,0,0,0,0,0.164242424242,17,17,17,1,0,0.352941176471,0.411764705882,0.235294117647,17,39,0.143382352941,1.89705882353,4.58823529412,3.54545454545,2.78571428571,1.80481382452,0.39335685919,0.202111613876,2.20126968709,0.959527812321,0.509803921569,1.79459974236,0.782261426159,0.428355957768,0.790069337985,0.416470658783,2.2,1.89705882353,0.790069337985,2.2,0.210037348273,0.10843373494,6,0.00882352941176,0.177878787879,17,17,17,1,0,0.352941176471,0.470588235294,0.176470588235,2,0.00735294117647,0.0147058823529,0.235294117647,0.181818181818,-0.0604395604396,0.111400980933,0.00432958431217,0.00815294932942,0.102600641072,-0.00472553314626,-0.0084790673026,-0.0840731308911,-0.0809125966883,-0.0422322775264,0.0038717688921,-0.00119679979781,-0.05,0.0147058823529,0.0038717688921,-0.05,0.0436974789916,0.0472092451438,3,0.00441176470588,-0.00807359307359,0,0.0588235294118,-0.0588235294118,37,2,0,233,1,0.991489361702,0.00851063829787,0,0.948717948718,1,0.973684210526,0.969867905134,0.991489361702,0.948717948718,4,2,0,0,0,0
3007,WLNM_dir_neg,1,0.5,00:00:00,10,70,35,1985449508,threshold_sweep,0.1,1,1,1,2,0,0,4,1,1,0,0,1,1,1,1,0.555555555556,1,1,1,37,35,2,0,37,0,35,0,2,17,37,0.136029411765,1.88235294118,4.35294117647,3.36363636364,2.84615384615,1.69341284359,0.389027274878,0.193958664547,2.09866904602,0.964253345467,0.518282988871,1.87867287326,0.863174022847,0.470588235294,0.786197569093,0.41766745858,2.25,1.88235294118,0.786197569093,2.25,0.166339869281,0.0612244897959,3,0.00441176470588,0.185952380952,17,17,17,1,0,0.352941176471,0.411764705882,0.235294117647,17,0.128676470588,1.90196078431,4.11764705882,3.18181818182,2.69230769231,1.57648156274,0.382859808093,0.201680672269,2.01465221053,0.978545359402,0.524369747899,1.74894926439,0.849489642704,0.463865546218,0.814492905316,0.428238537847,2.33333333333,1.90196078431,0.814492905316,2.33333333333,0,0,0,0,0.164242424242,17,17,17,1,0,0.352941176471,0.411764705882,0.235294117647,17,37,0.136029411765,1.88235294118,4.35294117647,3.36363636364,2.84615384615,1.69341284359,0.389027274878,0.193958664547,2.09866904602,0.964253345467,0.518282988871,1.87867287326,0.863174022847,0.470588235294,0.786197569093,0.41766745858,2.25,1.88235294118,0.786197569093,2.25,0.166339869281,0.0612244897959,3,0.00441176470588,0.185952380952,17,17,17,1,0,0.352941176471,0.411764705882,0.235294117647,0,0,0,0,0,0,0,0,0,0,0,0,0,0,0,0,0,0,0,0,0,0,0,0,0,0,0,0,0,37,0,0,235,1,1,0,0,1,1,1,1,1,1,2,2,0,0,0,0
3008,WLNM_dir_neg,1,0.5,00:00:00,10,70,35,1985449508,threshold_sweep,0.2,1,1,1,2,0,0,4,1,1,0,0,1,1,1,1,0.555555555556,1,1,1,37,35,2,0,37,0,35,0,2,17,37,0.136029411765,1.88235294118,4.35294117647,3.36363636364,2.84615384615,1.69341284359,0.389027274878,0.193958664547,2.09866904602,0.964253345467,0.518282988871,1.87867287326,0.863174022847,0.470588235294,0.786197569093,0.41766745858,2.25,1.88235294118,0.786197569093,2.25,0.166339869281,0.0612244897959,3,0.00441176470588,0.185952380952,17,17,17,1,0,0.352941176471,0.411764705882,0.235294117647,17,0.128676470588,1.90196078431,4.11764705882,3.18181818182,2.69230769231,1.57648156274,0.382859808093,0.201680672269,2.01465221053,0.978545359402,0.524369747899,1.74894926439,0.849489642704,0.463865546218,0.814492905316,0.428238537847,2.33333333333,1.90196078431,0.814492905316,2.33333333333,0,0,0,0,0.164242424242,17,17,17,1,0,0.352941176471,0.411764705882,0.235294117647,17,37,0.136029411765,1.88235294118,4.35294117647,3.36363636364,2.84615384615,1.69341284359,0.389027274878,0.193958664547,2.09866904602,0.964253345467,0.518282988871,1.87867287326,0.863174022847,0.470588235294,0.786197569093,0.41766745858,2.25,1.88235294118,0.786197569093,2.25,0.166339869281,0.0612244897959,3,0.00441176470588,0.185952380952,17,17,17,1,0,0.352941176471,0.411764705882,0.235294117647,0,0,0,0,0,0,0,0,0,0,0,0,0,0,0,0,0,0,0,0,0,0,0,0,0,0,0,0,0,37,0,0,235,1,1,0,0,1,1,1,1,1,1,2,2,0,0,0,0
3009,WLNM_dir_neg,1,0.5,00:00:00,10,70,35,1985449508,threshold_sweep,0.3,1,1,1,2,0,0,4,1,1,0,0,1,1,1,1,0.555555555556,1,1,1,37,35,2,0,37,0,35,0,2,17,37,0.136029411765,1.88235294118,4.35294117647,3.36363636364,2.84615384615,1.69341284359,0.389027274878,0.193958664547,2.09866904602,0.964253345467,0.518282988871,1.87867287326,0.863174022847,0.470588235294,0.786197569093,0.41766745858,2.25,1.88235294118,0.786197569093,2.25,0.166339869281,0.0612244897959,3,0.00441176470588,0.185952380952,17,17,17,1,0,0.352941176471,0.411764705882,0.235294117647,17,0.128676470588,1.90196078431,4.11764705882,3.18181818182,2.69230769231,1.57648156274,0.382859808093,0.201680672269,2.01465221053,0.978545359402,0.524369747899,1.74894926439,0.849489642704,0.463865546218,0.814492905316,0.428238537847,2.33333333333,1.90196078431,0.814492905316,2.33333333333,0,0,0,0,0.164242424242,17,17,17,1,0,0.352941176471,0.411764705882,0.235294117647,17,37,0.136029411765,1.88235294118,4.35294117647,3.36363636364,2.84615384615,1.69341284359,0.389027274878,0.193958664547,2.09866904602,0.964253345467,0.518282988871,1.87867287326,0.863174022847,0.470588235294,0.786197569093,0.41766745858,2.25,1.88235294118,0.786197569093,2.25,0.166339869281,0.0612244897959,3,0.00441176470588,0.185952380952,17,17,17,1,0,0.352941176471,0.411764705882,0.235294117647,0,0,0,0,0,0,0,0,0,0,0,0,0,0,0,0,0,0,0,0,0,0,0,0,0,0,0,0,0,37,0,0,235,1,1,0,0,1,1,1,1,1,1,2,2,0,0,0,0
3010,WLNM_dir_neg,1,0.5,00:00:00,10,70,35,1985449508,threshold_sweep,0.4,1,1,1,2,0,0,4,1,1,0,0,1,1,1,1,0.555555555556,1,1,1,37,35,2,0,37,0,35,0,2,17,37,0.136029411765,1.88235294118,4.35294117647,3.36363636364,2.84615384615,1.69341284359,0.389027274878,0.193958664547,2.09866904602,0.964253345467,0.518282988871,1.87867287326,0.863174022847,0.470588235294,0.786197569093,0.41766745858,2.25,1.88235294118,0.786197569093,2.25,0.166339869281,0.0612244897959,3,0.00441176470588,0.185952380952,17,17,17,1,0,0.352941176471,0.411764705882,0.235294117647,17,0.128676470588,1.90196078431,4.11764705882,3.18181818182,2.69230769231,1.57648156274,0.382859808093,0.201680672269,2.01465221053,0.978545359402,0.524369747899,1.74894926439,0.849489642704,0.463865546218,0.814492905316,0.428238537847,2.33333333333,1.90196078431,0.814492905316,2.33333333333,0,0,0,0,0.164242424242,17,17,17,1,0,0.352941176471,0.411764705882,0.235294117647,17,37,0.136029411765,1.88235294118,4.35294117647,3.36363636364,2.84615384615,1.69341284359,0.389027274878,0.193958664547,2.09866904602,0.964253345467,0.518282988871,1.87867287326,0.863174022847,0.470588235294,0.786197569093,0.41766745858,2.25,1.88235294118,0.786197569093,2.25,0.166339869281,0.0612244897959,3,0.00441176470588,0.185952380952,17,17,17,1,0,0.352941176471,0.411764705882,0.235294117647,0,0,0,0,0,0,0,0,0,0,0,0,0,0,0,0,0,0,0,0,0,0,0,0,0,0,0,0,0,37,0,0,235,1,1,0,0,1,1,1,1,1,1,2,2,0,0,0,0
3011,WLNM_dir_neg,1,0.5,00:00:00,10,70,35,1985449508,threshold_sweep,0.5,1,1,1,2,0,0,4,1,1,0,0,1,1,1,1,0.555555555556,1,1,1,37,35,2,0,37,0,35,0,2,17,37,0.136029411765,1.88235294118,4.35294117647,3.36363636364,2.84615384615,1.69341284359,0.389027274878,0.193958664547,2.09866904602,0.964253345467,0.518282988871,1.87867287326,0.863174022847,0.470588235294,0.786197569093,0.41766745858,2.25,1.88235294118,0.786197569093,2.25,0.166339869281,0.0612244897959,3,0.00441176470588,0.185952380952,17,17,17,1,0,0.352941176471,0.411764705882,0.235294117647,17,0.128676470588,1.90196078431,4.11764705882,3.18181818182,2.69230769231,1.57648156274,0.382859808093,0.201680672269,2.01465221053,0.978545359402,0.524369747899,1.74894926439,0.849489642704,0.463865546218,0.814492905316,0.428238537847,2.33333333333,1.90196078431,0.814492905316,2.33333333333,0,0,0,0,0.164242424242,17,17,17,1,0,0.352941176471,0.411764705882,0.235294117647,17,37,0.136029411765,1.88235294118,4.35294117647,3.36363636364,2.84615384615,1.69341284359,0.389027274878,0.193958664547,2.09866904602,0.964253345467,0.518282988871,1.87867287326,0.863174022847,0.470588235294,0.786197569093,0.41766745858,2.25,1.88235294118,0.786197569093,2.25,0.166339869281,0.0612244897959,3,0.00441176470588,0.185952380952,17,17,17,1,0,0.352941176471,0.411764705882,0.235294117647,0,0,0,0,0,0,0,0,0,0,0,0,0,0,0,0,0,0,0,0,0,0,0,0,0,0,0,0,0,37,0,0,235,1,1,0,0,1,1,1,1,1,1,2,2,0,0,0,0
3012,WLNM_dir_neg,1,0.5,00:00:00,10,70,35,1985449508,threshold_sweep,0.6,1,1,1,2,0,0,4,1,1,0,0,1,1,1,1,0.555555555556,1,1,1,37,35,2,0,37,0,35,0,2,17,37,0.136029411765,1.88235294118,4.35294117647,3.36363636364,2.84615384615,1.69341284359,0.389027274878,0.193958664547,2.09866904602,0.964253345467,0.518282988871,1.87867287326,0.863174022847,0.470588235294,0.786197569093,0.41766745858,2.25,1.88235294118,0.786197569093,2.25,0.166339869281,0.0612244897959,3,0.00441176470588,0.185952380952,17,17,17,1,0,0.352941176471,0.411764705882,0.235294117647,17,0.128676470588,1.90196078431,4.11764705882,3.18181818182,2.69230769231,1.57648156274,0.382859808093,0.201680672269,2.01465221053,0.978545359402,0.524369747899,1.74894926439,0.849489642704,0.463865546218,0.814492905316,0.428238537847,2.33333333333,1.90196078431,0.814492905316,2.33333333333,0,0,0,0,0.164242424242,17,17,17,1,0,0.352941176471,0.411764705882,0.235294117647,17,37,0.136029411765,1.88235294118,4.35294117647,3.36363636364,2.84615384615,1.69341284359,0.389027274878,0.193958664547,2.09866904602,0.964253345467,0.518282988871,1.87867287326,0.863174022847,0.470588235294,0.786197569093,0.41766745858,2.25,1.88235294118,0.786197569093,2.25,0.166339869281,0.0612244897959,3,0.00441176470588,0.185952380952,17,17,17,1,0,0.352941176471,0.411764705882,0.235294117647,0,0,0,0,0,0,0,0,0,0,0,0,0,0,0,0,0,0,0,0,0,0,0,0,0,0,0,0,0,37,0,0,235,1,1,0,0,1,1,1,1,1,1,2,2,0,0,0,0
3013,WLNM_dir_neg,1,0.5,00:00:00,10,70,35,1985449508,threshold_sweep,0.7,1,1,1,2,0,0,4,1,1,0,0,1,1,1,1,0.555555555556,1,1,1,37,35,2,0,37,0,35,0,2,17,37,0.136029411765,1.88235294118,4.35294117647,3.36363636364,2.84615384615,1.69341284359,0.389027274878,0.193958664547,2.09866904602,0.964253345467,0.518282988871,1.87867287326,0.863174022847,0.470588235294,0.786197569093,0.41766745858,2.25,1.88235294118,0.786197569093,2.25,0.166339869281,0.0612244897959,3,0.00441176470588,0.185952380952,17,17,17,1,0,0.352941176471,0.411764705882,0.235294117647,17,0.128676470588,1.90196078431,4.11764705882,3.18181818182,2.69230769231,1.57648156274,0.382859808093,0.201680672269,2.01465221053,0.978545359402,0.524369747899,1.74894926439,0.849489642704,0.463865546218,0.814492905316,0.428238537847,2.33333333333,1.90196078431,0.814492905316,2.33333333333,0,0,0,0,0.164242424242,17,17,17,1,0,0.352941176471,0.411764705882,0.235294117647,17,37,0.136029411765,1.88235294118,4.35294117647,3.36363636364,2.84615384615,1.69341284359,0.389027274878,0.193958664547,2.09866904602,0.964253345467,0.518282988871,1.87867287326,0.863174022847,0.470588235294,0.786197569093,0.41766745858,2.25,1.88235294118,0.786197569093,2.25,0.166339869281,0.0612244897959,3,0.00441176470588,0.185952380952,17,17,17,1,0,0.352941176471,0.411764705882,0.235294117647,0,0,0,0,0,0,0,0,0,0,0,0,0,0,0,0,0,0,0,0,0,0,0,0,0,0,0,0,0,37,0,0,235,1,1,0,0,1,1,1,1,1,1,2,2,0,0,0,0
3014,WLNM_dir_neg,1,0.5,00:00:00,10,70,35,1985449508,threshold_sweep,0.8,1,1,1,2,0,0,4,1,1,0,0,1,1,1,1,0.555555555556,1,1,1,37,35,2,0,37,0,35,0,2,17,37,0.136029411765,1.88235294118,4.35294117647,3.36363636364,2.84615384615,1.69341284359,0.389027274878,0.193958664547,2.09866904602,0.964253345467,0.518282988871,1.87867287326,0.863174022847,0.470588235294,0.786197569093,0.41766745858,2.25,1.88235294118,0.786197569093,2.25,0.166339869281,0.0612244897959,3,0.00441176470588,0.185952380952,17,17,17,1,0,0.352941176471,0.411764705882,0.235294117647,17,0.128676470588,1.90196078431,4.11764705882,3.18181818182,2.69230769231,1.57648156274,0.382859808093,0.201680672269,2.01465221053,0.978545359402,0.524369747899,1.74894926439,0.849489642704,0.463865546218,0.814492905316,0.428238537847,2.33333333333,1.90196078431,0.814492905316,2.33333333333,0,0,0,0,0.164242424242,17,17,17,1,0,0.352941176471,0.411764705882,0.235294117647,17,37,0.136029411765,1.88235294118,4.35294117647,3.36363636364,2.84615384615,1.69341284359,0.389027274878,0.193958664547,2.09866904602,0.964253345467,0.518282988871,1.87867287326,0.863174022847,0.470588235294,0.786197569093,0.41766745858,2.25,1.88235294118,0.786197569093,2.25,0.166339869281,0.0612244897959,3,0.00441176470588,0.185952380952,17,17,17,1,0,0.352941176471,0.411764705882,0.235294117647,0,0,0,0,0,0,0,0,0,0,0,0,0,0,0,0,0,0,0,0,0,0,0,0,0,0,0,0,0,37,0,0,235,1,1,0,0,1,1,1,1,1,1,2,2,0,0,0,0
3015,WLNM_dir_neg,1,0.5,00:00:00,10,70,35,1985449508,threshold_sweep,0.9,1,1,1,2,0,0,4,1,1,0,0,1,1,1,1,0.555555555556,1,1,1,37,35,2,0,37,0,35,0,2,17,37,0.136029411765,1.88235294118,4.35294117647,3.36363636364,2.84615384615,1.69341284359,0.389027274878,0.193958664547,2.09866904602,0.964253345467,0.518282988871,1.87867287326,0.863174022847,0.470588235294,0.786197569093,0.41766745858,2.25,1.88235294118,0.786197569093,2.25,0.166339869281,0.0612244897959,3,0.00441176470588,0.185952380952,17,17,17,1,0,0.352941176471,0.411764705882,0.235294117647,17,0.128676470588,1.90196078431,4.11764705882,3.18181818182,2.69230769231,1.57648156274,0.382859808093,0.201680672269,2.01465221053,0.978545359402,0.524369747899,1.74894926439,0.849489642704,0.463865546218,0.814492905316,0.428238537847,2.33333333333,1.90196078431,0.814492905316,2.33333333333,0,0,0,0,0.164242424242,17,17,17,1,0,0.352941176471,0.411764705882,0.235294117647,17,37,0.136029411765,1.88235294118,4.35294117647,3.36363636364,2.84615384615,1.69341284359,0.389027274878,0.193958664547,2.09866904602,0.964253345467,0.518282988871,1.87867287326,0.863174022847,0.470588235294,0.786197569093,0.41766745858,2.25,1.88235294118,0.786197569093,2.25,0.166339869281,0.0612244897959,3,0.00441176470588,0.185952380952,17,17,17,1,0,0.352941176471,0.411764705882,0.235294117647,0,0,0,0,0,0,0,0,0,0,0,0,0,0,0,0,0,0,0,0,0,0,0,0,0,0,0,0,0,37,0,0,235,1,1,0,0,1,1,1,1,1,1,2,2,0,0,0,0
3016,WLNM_dir_neg,1,0.5,00:00:00,10,70,36,1985449509,threshold_sweep,0.1,0.666666666667,1,0.8,2,1,0,3,1,0.75,0.25,0,0.666666666667,1,0.8,0.833333333333,0.5,0.666666666667,0.707106781187,0.75,37,35,2,0,37,0,35,0,2,17,37,0.136029411765,1.88235294118,4.35294117647,3.36363636364,2.84615384615,1.69341284359,0.389027274878,0.193958664547,2.09866904602,0.964253345467,0.518282988871,1.87867287326,0.863174022847,0.470588235294,0.786197569093,0.41766745858,2.25,1.88235294118,0.786197569093,2.25,0.166339869281,0.0612244897959,3,0.00441176470588,0.185952380952,17,17,17,1,0,0.352941176471,0.411764705882,0.235294117647,17,0.128676470588,1.90196078431,4.11764705882,3.18181818182,2.69230769231,1.57648156274,0.382859808093,0.201680672269,2.01465221053,0.978545359402,0.524369747899,1.74894926439,0.849489642704,0.463865546218,0.814492905316,0.428238537847,2.33333333333,1.90196078431,0.814492905316,2.33333333333,0,0,0,0,0.164242424242,17,17,17,1,0,0.352941176471,0.411764705882,0.235294117647,17,38,0.139705882353,1.89705882353,4.47058823529,3.45454545455,2.71428571429,1.73629084037,0.388380845872,0.198142414861,2.16591238756,0.968960804961,0.517027863777,1.82103719638,0.814674535221,0.442724458204,0.805541469338,0.424626510969,2.25,1.89705882353,0.805541469338,2.25,0.185620915033,0.0961538461538,5,0.00735294117647,0.181154401154,17,17,17,1,0,0.352941176471,0.470588235294,0.176470588235,1,0.00367647058824,0.0147058823529,0.117647058824,0.0909090909091,-0.131868131868,0.0428779967836,-0.000646429005719,0.00418375031378,0.0672433415445,0.00470745949447,-0.00125512509413,-0.0576356768785,-0.0484994876259,-0.0278637770898,0.0193439002456,0.00695905238854,0,0.0147058823529,0.0193439002456,0,0.0192810457516,0.0349293563579,2,0.00294117647059,-0.00479797979798,0,0.0588235294118,-0.0588235294118,37,1,0,234,1,0.995744680851,0.00425531914894,0,0.973684210526,1,0.986666666667,0.984652666406,0.995744680851,0.973684210526,3,2,0,0,0,0
3017,WLNM_dir_neg,1,0.5,00:00:00,10,70,36,1985449509,threshold_sweep,0.2,0.666666666667,1,0.8,2,1,0,3,1,0.75,0.25,0,0.666666666667,1,0.8,0.833333333333,0.5,0.666666666667,0.707106781187,0.75,37,35,2,0,37,0,35,0,2,17,37,0.136029411765,1.88235294118,4.35294117647,3.36363636364,2.84615384615,1.69341284359,0.389027274878,0.193958664547,2.09866904602,0.964253345467,0.518282988871,1.87867287326,0.863174022847,0.470588235294,0.786197569093,0.41766745858,2.25,1.88235294118,0.786197569093,2.25,0.166339869281,0.0612244897959,3,0.00441176470588,0.185952380952,17,17,17,1,0,0.352941176471,0.411764705882,0.235294117647,17,0.128676470588,1.90196078431,4.11764705882,3.18181818182,2.69230769231,1.57648156274,0.382859808093,0.201680672269,2.01465221053,0.978545359402,0.524369747899,1.74894926439,0.849489642704,0.463865546218,0.814492905316,0.428238537847,2.33333333333,1.90196078431,0.814492905316,2.33333333333,0,0,0,0,0.164242424242,17,17,17,1,0,0.352941176471,0.411764705882,0.235294117647,17,38,0.139705882353,1.89705882353,4.47058823529,3.45454545455,2.71428571429,1.73629084037,0.388380845872,0.198142414861,2.16591238756,0.968960804961,0.517027863777,1.82103719638,0.814674535221,0.442724458204,0.805541469338,0.424626510969,2.25,1.89705882353,0.805541469338,2.25,0.185620915033,0.0961538461538,5,0.00735294117647,0.181154401154,17,17,17,1,0,0.352941176471,0.470588235294,0.176470588235,1,0.00367647058824,0.0147058823529,0.117647058824,0.0909090909091,-0.131868131868,0.0428779967836,-0.000646429005719,0.00418375031378,0.0672433415445,0.00470745949447,-0.00125512509413,-0.0576356768785,-0.0484994876259,-0.0278637770898,0.0193439002456,0.00695905238854,0,0.0147058823529,0.0193439002456,0,0.0192810457516,0.0349293563579,2,0.00294117647059,-0.00479797979798,0,0.0588235294118,-0.0588235294118,37,1,0,234,1,0.995744680851,0.00425531914894,0,0.973684210526,1,0.986666666667,0.984652666406,0.995744680851,0.973684210526,3,2,0,0,0,0
3018,WLNM_dir_neg,1,0.5,00:00:00,10,70,36,1985449509,threshold_sweep,0.3,0.666666666667,1,0.8,2,1,0,3,1,0.75,0.25,0,0.666666666667,1,0.8,0.833333333333,0.5,0.666666666667,0.707106781187,0.75,37,35,2,0,37,0,35,0,2,17,37,0.136029411765,1.88235294118,4.35294117647,3.36363636364,2.84615384615,1.69341284359,0.389027274878,0.193958664547,2.09866904602,0.964253345467,0.518282988871,1.87867287326,0.863174022847,0.470588235294,0.786197569093,0.41766745858,2.25,1.88235294118,0.786197569093,2.25,0.166339869281,0.0612244897959,3,0.00441176470588,0.185952380952,17,17,17,1,0,0.352941176471,0.411764705882,0.235294117647,17,0.128676470588,1.90196078431,4.11764705882,3.18181818182,2.69230769231,1.57648156274,0.382859808093,0.201680672269,2.01465221053,0.978545359402,0.524369747899,1.74894926439,0.849489642704,0.463865546218,0.814492905316,0.428238537847,2.33333333333,1.90196078431,0.814492905316,2.33333333333,0,0,0,0,0.164242424242,17,17,17,1,0,0.352941176471,0.411764705882,0.235294117647,17,38,0.139705882353,1.89705882353,4.47058823529,3.45454545455,2.71428571429,1.73629084037,0.388380845872,0.198142414861,2.16591238756,0.968960804961,0.517027863777,1.82103719638,0.814674535221,0.442724458204,0.805541469338,0.424626510969,2.25,1.89705882353,0.805541469338,2.25,0.185620915033,0.0961538461538,5,0.00735294117647,0.181154401154,17,17,17,1,0,0.352941176471,0.470588235294,0.176470588235,1,0.00367647058824,0.0147058823529,0.117647058824,0.0909090909091,-0.131868131868,0.0428779967836,-0.000646429005719,0.00418375031378,0.0672433415445,0.00470745949447,-0.00125512509413,-0.0576356768785,-0.0484994876259,-0.0278637770898,0.0193439002456,0.00695905238854,0,0.0147058823529,0.0193439002456,0,0.0192810457516,0.0349293563579,2,0.00294117647059,-0.00479797979798,0,0.0588235294118,-0.0588235294118,37,1,0,234,1,0.995744680851,0.00425531914894,0,0.973684210526,1,0.986666666667,0.984652666406,0.995744680851,0.973684210526,3,2,0,0,0,0
3019,WLNM_dir_neg,1,0.5,00:00:00,10,70,36,1985449509,threshold_sweep,0.4,0.666666666667,1,0.8,2,1,0,3,1,0.75,0.25,0,0.666666666667,1,0.8,0.833333333333,0.5,0.666666666667,0.707106781187,0.75,37,35,2,0,37,0,35,0,2,17,37,0.136029411765,1.88235294118,4.35294117647,3.36363636364,2.84615384615,1.69341284359,0.389027274878,0.193958664547,2.09866904602,0.964253345467,0.518282988871,1.87867287326,0.863174022847,0.470588235294,0.786197569093,0.41766745858,2.25,1.88235294118,0.786197569093,2.25,0.166339869281,0.0612244897959,3,0.00441176470588,0.185952380952,17,17,17,1,0,0.352941176471,0.411764705882,0.235294117647,17,0.128676470588,1.90196078431,4.11764705882,3.18181818182,2.69230769231,1.57648156274,0.382859808093,0.201680672269,2.01465221053,0.978545359402,0.524369747899,1.74894926439,0.849489642704,0.463865546218,0.814492905316,0.428238537847,2.33333333333,1.90196078431,0.814492905316,2.33333333333,0,0,0,0,0.164242424242,17,17,17,1,0,0.352941176471,0.411764705882,0.235294117647,17,38,0.139705882353,1.89705882353,4.47058823529,3.45454545455,2.71428571429,1.73629084037,0.388380845872,0.198142414861,2.16591238756,0.968960804961,0.517027863777,1.82103719638,0.814674535221,0.442724458204,0.805541469338,0.424626510969,2.25,1.89705882353,0.805541469338,2.25,0.185620915033,0.0961538461538,5,0.00735294117647,0.181154401154,17,17,17,1,0,0.352941176471,0.470588235294,0.176470588235,1,0.00367647058824,0.0147058823529,0.117647058824,0.0909090909091,-0.131868131868,0.0428779967836,-0.000646429005719,0.00418375031378,0.0672433415445,0.00470745949447,-0.00125512509413,-0.0576356768785,-0.0484994876259,-0.0278637770898,0.0193439002456,0.00695905238854,0,0.0147058823529,0.0193439002456,0,0.0192810457516,0.0349293563579,2,0.00294117647059,-0.00479797979798,0,0.0588235294118,-0.0588235294118,37,1,0,234,1,0.995744680851,0.00425531914894,0,0.973684210526,1,0.986666666667,0.984652666406,0.995744680851,0.973684210526,3,2,0,0,0,0
3020,WLNM_dir_neg,1,0.5,00:00:00,10,70,36,1985449509,threshold_sweep,0.5,0.666666666667,1,0.8,2,1,0,3,1,0.75,0.25,0,0.666666666667,1,0.8,0.833333333333,0.5,0.666666666667,0.707106781187,0.75,37,35,2,0,37,0,35,0,2,17,37,0.136029411765,1.88235294118,4.35294117647,3.36363636364,2.84615384615,1.69341284359,0.389027274878,0.193958664547,2.09866904602,0.964253345467,0.518282988871,1.87867287326,0.863174022847,0.470588235294,0.786197569093,0.41766745858,2.25,1.88235294118,0.786197569093,2.25,0.166339869281,0.0612244897959,3,0.00441176470588,0.185952380952,17,17,17,1,0,0.352941176471,0.411764705882,0.235294117647,17,0.128676470588,1.90196078431,4.11764705882,3.18181818182,2.69230769231,1.57648156274,0.382859808093,0.201680672269,2.01465221053,0.978545359402,0.524369747899,1.74894926439,0.849489642704,0.463865546218,0.814492905316,0.428238537847,2.33333333333,1.90196078431,0.814492905316,2.33333333333,0,0,0,0,0.164242424242,17,17,17,1,0,0.352941176471,0.411764705882,0.235294117647,17,38,0.139705882353,1.89705882353,4.47058823529,3.45454545455,2.71428571429,1.73629084037,0.388380845872,0.198142414861,2.16591238756,0.968960804961,0.517027863777,1.82103719638,0.814674535221,0.442724458204,0.805541469338,0.424626510969,2.25,1.89705882353,0.805541469338,2.25,0.185620915033,0.0961538461538,5,0.00735294117647,0.181154401154,17,17,17,1,0,0.352941176471,0.470588235294,0.176470588235,1,0.00367647058824,0.0147058823529,0.117647058824,0.0909090909091,-0.131868131868,0.0428779967836,-0.000646429005719,0.00418375031378,0.0672433415445,0.00470745949447,-0.00125512509413,-0.0576356768785,-0.0484994876259,-0.0278637770898,0.0193439002456,0.00695905238854,0,0.0147058823529,0.0193439002456,0,0.0192810457516,0.0349293563579,2,0.00294117647059,-0.00479797979798,0,0.0588235294118,-0.0588235294118,37,1,0,234,1,0.995744680851,0.00425531914894,0,0.973684210526,1,0.986666666667,0.984652666406,0.995744680851,0.973684210526,3,2,0,0,0,0
3021,WLNM_dir_neg,1,0.5,00:00:00,10,70,36,1985449509,threshold_sweep,0.6,0.666666666667,1,0.8,2,1,0,3,1,0.75,0.25,0,0.666666666667,1,0.8,0.833333333333,0.5,0.666666666667,0.707106781187,0.75,37,35,2,0,37,0,35,0,2,17,37,0.136029411765,1.88235294118,4.35294117647,3.36363636364,2.84615384615,1.69341284359,0.389027274878,0.193958664547,2.09866904602,0.964253345467,0.518282988871,1.87867287326,0.863174022847,0.470588235294,0.786197569093,0.41766745858,2.25,1.88235294118,0.786197569093,2.25,0.166339869281,0.0612244897959,3,0.00441176470588,0.185952380952,17,17,17,1,0,0.352941176471,0.411764705882,0.235294117647,17,0.128676470588,1.90196078431,4.11764705882,3.18181818182,2.69230769231,1.57648156274,0.382859808093,0.201680672269,2.01465221053,0.978545359402,0.524369747899,1.74894926439,0.849489642704,0.463865546218,0.814492905316,0.428238537847,2.33333333333,1.90196078431,0.814492905316,2.33333333333,0,0,0,0,0.164242424242,17,17,17,1,0,0.352941176471,0.411764705882,0.235294117647,17,38,0.139705882353,1.89705882353,4.47058823529,3.45454545455,2.71428571429,1.73629084037,0.388380845872,0.198142414861,2.16591238756,0.968960804961,0.517027863777,1.82103719638,0.814674535221,0.442724458204,0.805541469338,0.424626510969,2.25,1.89705882353,0.805541469338,2.25,0.185620915033,0.0961538461538,5,0.00735294117647,0.181154401154,17,17,17,1,0,0.352941176471,0.470588235294,0.176470588235,1,0.00367647058824,0.0147058823529,0.117647058824,0.0909090909091,-0.131868131868,0.0428779967836,-0.000646429005719,0.00418375031378,0.0672433415445,0.00470745949447,-0.00125512509413,-0.0576356768785,-0.0484994876259,-0.0278637770898,0.0193439002456,0.00695905238854,0,0.0147058823529,0.0193439002456,0,0.0192810457516,0.0349293563579,2,0.00294117647059,-0.00479797979798,0,0.0588235294118,-0.0588235294118,37,1,0,234,1,0.995744680851,0.00425531914894,0,0.973684210526,1,0.986666666667,0.984652666406,0.995744680851,0.973684210526,3,2,0,0,0,0
3022,WLNM_dir_neg,1,0.5,00:00:00,10,70,36,1985449509,threshold_sweep,0.7,0.666666666667,1,0.8,2,1,0,3,1,0.75,0.25,0,0.666666666667,1,0.8,0.833333333333,0.5,0.666666666667,0.707106781187,0.75,37,35,2,0,37,0,35,0,2,17,37,0.136029411765,1.88235294118,4.35294117647,3.36363636364,2.84615384615,1.69341284359,0.389027274878,0.193958664547,2.09866904602,0.964253345467,0.518282988871,1.87867287326,0.863174022847,0.470588235294,0.786197569093,0.41766745858,2.25,1.88235294118,0.786197569093,2.25,0.166339869281,0.0612244897959,3,0.00441176470588,0.185952380952,17,17,17,1,0,0.352941176471,0.411764705882,0.235294117647,17,0.128676470588,1.90196078431,4.11764705882,3.18181818182,2.69230769231,1.57648156274,0.382859808093,0.201680672269,2.01465221053,0.978545359402,0.524369747899,1.74894926439,0.849489642704,0.463865546218,0.814492905316,0.428238537847,2.33333333333,1.90196078431,0.814492905316,2.33333333333,0,0,0,0,0.164242424242,17,17,17,1,0,0.352941176471,0.411764705882,0.235294117647,17,38,0.139705882353,1.89705882353,4.47058823529,3.45454545455,2.71428571429,1.73629084037,0.388380845872,0.198142414861,2.16591238756,0.968960804961,0.517027863777,1.82103719638,0.814674535221,0.442724458204,0.805541469338,0.424626510969,2.25,1.89705882353,0.805541469338,2.25,0.185620915033,0.0961538461538,5,0.00735294117647,0.181154401154,17,17,17,1,0,0.352941176471,0.470588235294,0.176470588235,1,0.00367647058824,0.0147058823529,0.117647058824,0.0909090909091,-0.131868131868,0.0428779967836,-0.000646429005719,0.00418375031378,0.0672433415445,0.00470745949447,-0.00125512509413,-0.0576356768785,-0.0484994876259,-0.0278637770898,0.0193439002456,0.00695905238854,0,0.0147058823529,0.0193439002456,0,0.0192810457516,0.0349293563579,2,0.00294117647059,-0.00479797979798,0,0.0588235294118,-0.0588235294118,37,1,0,234,1,0.995744680851,0.00425531914894,0,0.973684210526,1,0.986666666667,0.984652666406,0.995744680851,0.973684210526,3,2,0,0,0,0
3023,WLNM_dir_neg,1,0.5,00:00:00,10,70,36,1985449509,threshold_sweep,0.8,0.666666666667,1,0.8,2,1,0,3,1,0.75,0.25,0,0.666666666667,1,0.8,0.833333333333,0.5,0.666666666667,0.707106781187,0.75,37,35,2,0,37,0,35,0,2,17,37,0.136029411765,1.88235294118,4.35294117647,3.36363636364,2.84615384615,1.69341284359,0.389027274878,0.193958664547,2.09866904602,0.964253345467,0.518282988871,1.87867287326,0.863174022847,0.470588235294,0.786197569093,0.41766745858,2.25,1.88235294118,0.786197569093,2.25,0.166339869281,0.0612244897959,3,0.00441176470588,0.185952380952,17,17,17,1,0,0.352941176471,0.411764705882,0.235294117647,17,0.128676470588,1.90196078431,4.11764705882,3.18181818182,2.69230769231,1.57648156274,0.382859808093,0.201680672269,2.01465221053,0.978545359402,0.524369747899,1.74894926439,0.849489642704,0.463865546218,0.814492905316,0.428238537847,2.33333333333,1.90196078431,0.814492905316,2.33333333333,0,0,0,0,0.164242424242,17,17,17,1,0,0.352941176471,0.411764705882,0.235294117647,17,38,0.139705882353,1.89705882353,4.47058823529,3.45454545455,2.71428571429,1.73629084037,0.388380845872,0.198142414861,2.16591238756,0.968960804961,0.517027863777,1.82103719638,0.814674535221,0.442724458204,0.805541469338,0.424626510969,2.25,1.89705882353,0.805541469338,2.25,0.185620915033,0.0961538461538,5,0.00735294117647,0.181154401154,17,17,17,1,0,0.352941176471,0.470588235294,0.176470588235,1,0.00367647058824,0.0147058823529,0.117647058824,0.0909090909091,-0.131868131868,0.0428779967836,-0.000646429005719,0.00418375031378,0.0672433415445,0.00470745949447,-0.00125512509413,-0.0576356768785,-0.0484994876259,-0.0278637770898,0.0193439002456,0.00695905238854,0,0.0147058823529,0.0193439002456,0,0.0192810457516,0.0349293563579,2,0.00294117647059,-0.00479797979798,0,0.0588235294118,-0.0588235294118,37,1,0,234,1,0.995744680851,0.00425531914894,0,0.973684210526,1,0.986666666667,0.984652666406,0.995744680851,0.973684210526,3,2,0,0,0,0
3024,WLNM_dir_neg,1,0.5,00:00:00,10,70,36,1985449509,threshold_sweep,0.9,0.666666666667,1,0.8,2,1,0,3,1,0.75,0.25,0,0.666666666667,1,0.8,0.833333333333,0.5,0.666666666667,0.707106781187,0.75,37,35,2,0,37,0,35,0,2,17,37,0.136029411765,1.88235294118,4.35294117647,3.36363636364,2.84615384615,1.69341284359,0.389027274878,0.193958664547,2.09866904602,0.964253345467,0.518282988871,1.87867287326,0.863174022847,0.470588235294,0.786197569093,0.41766745858,2.25,1.88235294118,0.786197569093,2.25,0.166339869281,0.0612244897959,3,0.00441176470588,0.185952380952,17,17,17,1,0,0.352941176471,0.411764705882,0.235294117647,17,0.128676470588,1.90196078431,4.11764705882,3.18181818182,2.69230769231,1.57648156274,0.382859808093,0.201680672269,2.01465221053,0.978545359402,0.524369747899,1.74894926439,0.849489642704,0.463865546218,0.814492905316,0.428238537847,2.33333333333,1.90196078431,0.814492905316,2.33333333333,0,0,0,0,0.164242424242,17,17,17,1,0,0.352941176471,0.411764705882,0.235294117647,17,38,0.139705882353,1.89705882353,4.47058823529,3.45454545455,2.71428571429,1.73629084037,0.388380845872,0.198142414861,2.16591238756,0.968960804961,0.517027863777,1.82103719638,0.814674535221,0.442724458204,0.805541469338,0.424626510969,2.25,1.89705882353,0.805541469338,2.25,0.185620915033,0.0961538461538,5,0.00735294117647,0.181154401154,17,17,17,1,0,0.352941176471,0.470588235294,0.176470588235,1,0.00367647058824,0.0147058823529,0.117647058824,0.0909090909091,-0.131868131868,0.0428779967836,-0.000646429005719,0.00418375031378,0.0672433415445,0.00470745949447,-0.00125512509413,-0.0576356768785,-0.0484994876259,-0.0278637770898,0.0193439002456,0.00695905238854,0,0.0147058823529,0.0193439002456,0,0.0192810457516,0.0349293563579,2,0.00294117647059,-0.00479797979798,0,0.0588235294118,-0.0588235294118,37,1,0,234,1,0.995744680851,0.00425531914894,0,0.973684210526,1,0.986666666667,0.984652666406,0.995744680851,0.973684210526,3,2,0,0,0,0
3025,WLNM_dir_neg,1,0.5,00:00:00,10,70,37,1985449510,threshold_sweep,0.1,1,1,1,2,0,0,4,1,1,0,0,1,1,1,1,0.555555555556,1,1,1,37,35,2,0,37,0,35,0,2,17,37,0.136029411765,1.88235294118,4.35294117647,3.36363636364,2.84615384615,1.69341284359,0.389027274878,0.193958664547,2.09866904602,0.964253345467,0.518282988871,1.87867287326,0.863174022847,0.470588235294,0.786197569093,0.41766745858,2.25,1.88235294118,0.786197569093,2.25,0.166339869281,0.0612244897959,3,0.00441176470588,0.185952380952,17,17,17,1,0,0.352941176471,0.411764705882,0.235294117647,17,0.128676470588,1.90196078431,4.11764705882,3.18181818182,2.69230769231,1.57648156274,0.382859808093,0.201680672269,2.01465221053,0.978545359402,0.524369747899,1.74894926439,0.849489642704,0.463865546218,0.814492905316,0.428238537847,2.33333333333,1.90196078431,0.814492905316,2.33333333333,0,0,0,0,0.164242424242,17,17,17,1,0,0.352941176471,0.411764705882,0.235294117647,17,37,0.136029411765,1.88235294118,4.35294117647,3.36363636364,2.84615384615,1.69341284359,0.389027274878,0.193958664547,2.09866904602,0.964253345467,0.518282988871,1.87867287326,0.863174022847,0.470588235294,0.786197569093,0.41766745858,2.25,1.88235294118,0.786197569093,2.25,0.166339869281,0.0612244897959,3,0.00441176470588,0.185952380952,17,17,17,1,0,0.352941176471,0.411764705882,0.235294117647,0,0,0,0,0,0,0,0,0,0,0,0,0,0,0,0,0,0,0,0,0,0,0,0,0,0,0,0,0,37,0,0,235,1,1,0,0,1,1,1,1,1,1,2,2,0,0,0,0
3026,WLNM_dir_neg,1,0.5,00:00:00,10,70,37,1985449510,threshold_sweep,0.2,1,1,1,2,0,0,4,1,1,0,0,1,1,1,1,0.555555555556,1,1,1,37,35,2,0,37,0,35,0,2,17,37,0.136029411765,1.88235294118,4.35294117647,3.36363636364,2.84615384615,1.69341284359,0.389027274878,0.193958664547,2.09866904602,0.964253345467,0.518282988871,1.87867287326,0.863174022847,0.470588235294,0.786197569093,0.41766745858,2.25,1.88235294118,0.786197569093,2.25,0.166339869281,0.0612244897959,3,0.00441176470588,0.185952380952,17,17,17,1,0,0.352941176471,0.411764705882,0.235294117647,17,0.128676470588,1.90196078431,4.11764705882,3.18181818182,2.69230769231,1.57648156274,0.382859808093,0.201680672269,2.01465221053,0.978545359402,0.524369747899,1.74894926439,0.849489642704,0.463865546218,0.814492905316,0.428238537847,2.33333333333,1.90196078431,0.814492905316,2.33333333333,0,0,0,0,0.164242424242,17,17,17,1,0,0.352941176471,0.411764705882,0.235294117647,17,37,0.136029411765,1.88235294118,4.35294117647,3.36363636364,2.84615384615,1.69341284359,0.389027274878,0.193958664547,2.09866904602,0.964253345467,0.518282988871,1.87867287326,0.863174022847,0.470588235294,0.786197569093,0.41766745858,2.25,1.88235294118,0.786197569093,2.25,0.166339869281,0.0612244897959,3,0.00441176470588,0.185952380952,17,17,17,1,0,0.352941176471,0.411764705882,0.235294117647,0,0,0,0,0,0,0,0,0,0,0,0,0,0,0,0,0,0,0,0,0,0,0,0,0,0,0,0,0,37,0,0,235,1,1,0,0,1,1,1,1,1,1,2,2,0,0,0,0
3027,WLNM_dir_neg,1,0.5,00:00:00,10,70,37,1985449510,threshold_sweep,0.3,1,1,1,2,0,0,4,1,1,0,0,1,1,1,1,0.555555555556,1,1,1,37,35,2,0,37,0,35,0,2,17,37,0.136029411765,1.88235294118,4.35294117647,3.36363636364,2.84615384615,1.69341284359,0.389027274878,0.193958664547,2.09866904602,0.964253345467,0.518282988871,1.87867287326,0.863174022847,0.470588235294,0.786197569093,0.41766745858,2.25,1.88235294118,0.786197569093,2.25,0.166339869281,0.0612244897959,3,0.00441176470588,0.185952380952,17,17,17,1,0,0.352941176471,0.411764705882,0.235294117647,17,0.128676470588,1.90196078431,4.11764705882,3.18181818182,2.69230769231,1.57648156274,0.382859808093,0.201680672269,2.01465221053,0.978545359402,0.524369747899,1.74894926439,0.849489642704,0.463865546218,0.814492905316,0.428238537847,2.33333333333,1.90196078431,0.814492905316,2.33333333333,0,0,0,0,0.164242424242,17,17,17,1,0,0.352941176471,0.411764705882,0.235294117647,17,37,0.136029411765,1.88235294118,4.35294117647,3.36363636364,2.84615384615,1.69341284359,0.389027274878,0.193958664547,2.09866904602,0.964253345467,0.518282988871,1.87867287326,0.863174022847,0.470588235294,0.786197569093,0.41766745858,2.25,1.88235294118,0.786197569093,2.25,0.166339869281,0.0612244897959,3,0.00441176470588,0.185952380952,17,17,17,1,0,0.352941176471,0.411764705882,0.235294117647,0,0,0,0,0,0,0,0,0,0,0,0,0,0,0,0,0,0,0,0,0,0,0,0,0,0,0,0,0,37,0,0,235,1,1,0,0,1,1,1,1,1,1,2,2,0,0,0,0
3028,WLNM_dir_neg,1,0.5,00:00:00,10,70,37,1985449510,threshold_sweep,0.4,1,1,1,2,0,0,4,1,1,0,0,1,1,1,1,0.555555555556,1,1,1,37,35,2,0,37,0,35,0,2,17,37,0.136029411765,1.88235294118,4.35294117647,3.36363636364,2.84615384615,1.69341284359,0.389027274878,0.193958664547,2.09866904602,0.964253345467,0.518282988871,1.87867287326,0.863174022847,0.470588235294,0.786197569093,0.41766745858,2.25,1.88235294118,0.786197569093,2.25,0.166339869281,0.0612244897959,3,0.00441176470588,0.185952380952,17,17,17,1,0,0.352941176471,0.411764705882,0.235294117647,17,0.128676470588,1.90196078431,4.11764705882,3.18181818182,2.69230769231,1.57648156274,0.382859808093,0.201680672269,2.01465221053,0.978545359402,0.524369747899,1.74894926439,0.849489642704,0.463865546218,0.814492905316,0.428238537847,2.33333333333,1.90196078431,0.814492905316,2.33333333333,0,0,0,0,0.164242424242,17,17,17,1,0,0.352941176471,0.411764705882,0.235294117647,17,37,0.136029411765,1.88235294118,4.35294117647,3.36363636364,2.84615384615,1.69341284359,0.389027274878,0.193958664547,2.09866904602,0.964253345467,0.518282988871,1.87867287326,0.863174022847,0.470588235294,0.786197569093,0.41766745858,2.25,1.88235294118,0.786197569093,2.25,0.166339869281,0.0612244897959,3,0.00441176470588,0.185952380952,17,17,17,1,0,0.352941176471,0.411764705882,0.235294117647,0,0,0,0,0,0,0,0,0,0,0,0,0,0,0,0,0,0,0,0,0,0,0,0,0,0,0,0,0,37,0,0,235,1,1,0,0,1,1,1,1,1,1,2,2,0,0,0,0
3029,WLNM_dir_neg,1,0.5,00:00:00,10,70,37,1985449510,threshold_sweep,0.5,1,1,1,2,0,0,4,1,1,0,0,1,1,1,1,0.555555555556,1,1,1,37,35,2,0,37,0,35,0,2,17,37,0.136029411765,1.88235294118,4.35294117647,3.36363636364,2.84615384615,1.69341284359,0.389027274878,0.193958664547,2.09866904602,0.964253345467,0.518282988871,1.87867287326,0.863174022847,0.470588235294,0.786197569093,0.41766745858,2.25,1.88235294118,0.786197569093,2.25,0.166339869281,0.0612244897959,3,0.00441176470588,0.185952380952,17,17,17,1,0,0.352941176471,0.411764705882,0.235294117647,17,0.128676470588,1.90196078431,4.11764705882,3.18181818182,2.69230769231,1.57648156274,0.382859808093,0.201680672269,2.01465221053,0.978545359402,0.524369747899,1.74894926439,0.849489642704,0.463865546218,0.814492905316,0.428238537847,2.33333333333,1.90196078431,0.814492905316,2.33333333333,0,0,0,0,0.164242424242,17,17,17,1,0,0.352941176471,0.411764705882,0.235294117647,17,37,0.136029411765,1.88235294118,4.35294117647,3.36363636364,2.84615384615,1.69341284359,0.389027274878,0.193958664547,2.09866904602,0.964253345467,0.518282988871,1.87867287326,0.863174022847,0.470588235294,0.786197569093,0.41766745858,2.25,1.88235294118,0.786197569093,2.25,0.166339869281,0.0612244897959,3,0.00441176470588,0.185952380952,17,17,17,1,0,0.352941176471,0.411764705882,0.235294117647,0,0,0,0,0,0,0,0,0,0,0,0,0,0,0,0,0,0,0,0,0,0,0,0,0,0,0,0,0,37,0,0,235,1,1,0,0,1,1,1,1,1,1,2,2,0,0,0,0
3030,WLNM_dir_neg,1,0.5,00:00:00,10,70,37,1985449510,threshold_sweep,0.6,1,1,1,2,0,0,4,1,1,0,0,1,1,1,1,0.555555555556,1,1,1,37,35,2,0,37,0,35,0,2,17,37,0.136029411765,1.88235294118,4.35294117647,3.36363636364,2.84615384615,1.69341284359,0.389027274878,0.193958664547,2.09866904602,0.964253345467,0.518282988871,1.87867287326,0.863174022847,0.470588235294,0.786197569093,0.41766745858,2.25,1.88235294118,0.786197569093,2.25,0.166339869281,0.0612244897959,3,0.00441176470588,0.185952380952,17,17,17,1,0,0.352941176471,0.411764705882,0.235294117647,17,0.128676470588,1.90196078431,4.11764705882,3.18181818182,2.69230769231,1.57648156274,0.382859808093,0.201680672269,2.01465221053,0.978545359402,0.524369747899,1.74894926439,0.849489642704,0.463865546218,0.814492905316,0.428238537847,2.33333333333,1.90196078431,0.814492905316,2.33333333333,0,0,0,0,0.164242424242,17,17,17,1,0,0.352941176471,0.411764705882,0.235294117647,17,37,0.136029411765,1.88235294118,4.35294117647,3.36363636364,2.84615384615,1.69341284359,0.389027274878,0.193958664547,2.09866904602,0.964253345467,0.518282988871,1.87867287326,0.863174022847,0.470588235294,0.786197569093,0.41766745858,2.25,1.88235294118,0.786197569093,2.25,0.166339869281,0.0612244897959,3,0.00441176470588,0.185952380952,17,17,17,1,0,0.352941176471,0.411764705882,0.235294117647,0,0,0,0,0,0,0,0,0,0,0,0,0,0,0,0,0,0,0,0,0,0,0,0,0,0,0,0,0,37,0,0,235,1,1,0,0,1,1,1,1,1,1,2,2,0,0,0,0
3031,WLNM_dir_neg,1,0.5,00:00:00,10,70,37,1985449510,threshold_sweep,0.7,1,1,1,2,0,0,4,1,1,0,0,1,1,1,1,0.555555555556,1,1,1,37,35,2,0,37,0,35,0,2,17,37,0.136029411765,1.88235294118,4.35294117647,3.36363636364,2.84615384615,1.69341284359,0.389027274878,0.193958664547,2.09866904602,0.964253345467,0.518282988871,1.87867287326,0.863174022847,0.470588235294,0.786197569093,0.41766745858,2.25,1.88235294118,0.786197569093,2.25,0.166339869281,0.0612244897959,3,0.00441176470588,0.185952380952,17,17,17,1,0,0.352941176471,0.411764705882,0.235294117647,17,0.128676470588,1.90196078431,4.11764705882,3.18181818182,2.69230769231,1.57648156274,0.382859808093,0.201680672269,2.01465221053,0.978545359402,0.524369747899,1.74894926439,0.849489642704,0.463865546218,0.814492905316,0.428238537847,2.33333333333,1.90196078431,0.814492905316,2.33333333333,0,0,0,0,0.164242424242,17,17,17,1,0,0.352941176471,0.411764705882,0.235294117647,17,37,0.136029411765,1.88235294118,4.35294117647,3.36363636364,2.84615384615,1.69341284359,0.389027274878,0.193958664547,2.09866904602,0.964253345467,0.518282988871,1.87867287326,0.863174022847,0.470588235294,0.786197569093,0.41766745858,2.25,1.88235294118,0.786197569093,2.25,0.166339869281,0.0612244897959,3,0.00441176470588,0.185952380952,17,17,17,1,0,0.352941176471,0.411764705882,0.235294117647,0,0,0,0,0,0,0,0,0,0,0,0,0,0,0,0,0,0,0,0,0,0,0,0,0,0,0,0,0,37,0,0,235,1,1,0,0,1,1,1,1,1,1,2,2,0,0,0,0
3032,WLNM_dir_neg,1,0.5,00:00:00,10,70,37,1985449510,threshold_sweep,0.8,1,1,1,2,0,0,4,1,1,0,0,1,1,1,1,0.555555555556,1,1,1,37,35,2,0,37,0,35,0,2,17,37,0.136029411765,1.88235294118,4.35294117647,3.36363636364,2.84615384615,1.69341284359,0.389027274878,0.193958664547,2.09866904602,0.964253345467,0.518282988871,1.87867287326,0.863174022847,0.470588235294,0.786197569093,0.41766745858,2.25,1.88235294118,0.786197569093,2.25,0.166339869281,0.0612244897959,3,0.00441176470588,0.185952380952,17,17,17,1,0,0.352941176471,0.411764705882,0.235294117647,17,0.128676470588,1.90196078431,4.11764705882,3.18181818182,2.69230769231,1.57648156274,0.382859808093,0.201680672269,2.01465221053,0.978545359402,0.524369747899,1.74894926439,0.849489642704,0.463865546218,0.814492905316,0.428238537847,2.33333333333,1.90196078431,0.814492905316,2.33333333333,0,0,0,0,0.164242424242,17,17,17,1,0,0.352941176471,0.411764705882,0.235294117647,17,37,0.136029411765,1.88235294118,4.35294117647,3.36363636364,2.84615384615,1.69341284359,0.389027274878,0.193958664547,2.09866904602,0.964253345467,0.518282988871,1.87867287326,0.863174022847,0.470588235294,0.786197569093,0.41766745858,2.25,1.88235294118,0.786197569093,2.25,0.166339869281,0.0612244897959,3,0.00441176470588,0.185952380952,17,17,17,1,0,0.352941176471,0.411764705882,0.235294117647,0,0,0,0,0,0,0,0,0,0,0,0,0,0,0,0,0,0,0,0,0,0,0,0,0,0,0,0,0,37,0,0,235,1,1,0,0,1,1,1,1,1,1,2,2,0,0,0,0
3033,WLNM_dir_neg,1,0.5,00:00:00,10,70,37,1985449510,threshold_sweep,0.9,1,1,1,2,0,0,4,1,1,0,0,1,1,1,1,0.555555555556,1,1,1,37,35,2,0,37,0,35,0,2,17,37,0.136029411765,1.88235294118,4.35294117647,3.36363636364,2.84615384615,1.69341284359,0.389027274878,0.193958664547,2.09866904602,0.964253345467,0.518282988871,1.87867287326,0.863174022847,0.470588235294,0.786197569093,0.41766745858,2.25,1.88235294118,0.786197569093,2.25,0.166339869281,0.0612244897959,3,0.00441176470588,0.185952380952,17,17,17,1,0,0.352941176471,0.411764705882,0.235294117647,17,0.128676470588,1.90196078431,4.11764705882,3.18181818182,2.69230769231,1.57648156274,0.382859808093,0.201680672269,2.01465221053,0.978545359402,0.524369747899,1.74894926439,0.849489642704,0.463865546218,0.814492905316,0.428238537847,2.33333333333,1.90196078431,0.814492905316,2.33333333333,0,0,0,0,0.164242424242,17,17,17,1,0,0.352941176471,0.411764705882,0.235294117647,17,37,0.136029411765,1.88235294118,4.35294117647,3.36363636364,2.84615384615,1.69341284359,0.389027274878,0.193958664547,2.09866904602,0.964253345467,0.518282988871,1.87867287326,0.863174022847,0.470588235294,0.786197569093,0.41766745858,2.25,1.88235294118,0.786197569093,2.25,0.166339869281,0.0612244897959,3,0.00441176470588,0.185952380952,17,17,17,1,0,0.352941176471,0.411764705882,0.235294117647,0,0,0,0,0,0,0,0,0,0,0,0,0,0,0,0,0,0,0,0,0,0,0,0,0,0,0,0,0,37,0,0,235,1,1,0,0,1,1,1,1,1,1,2,2,0,0,0,0
3034,WLNM_dir_neg,1,0.5,00:00:00,10,70,38,1985449511,threshold_sweep,0.1,0.666666666667,1,0.8,2,1,0,3,1,0.75,0.25,0,0.666666666667,1,0.8,0.833333333333,0.5,0.666666666667,0.707106781187,0.75,37,35,2,0,37,0,35,0,2,17,37,0.136029411765,1.88235294118,4.35294117647,3.36363636364,2.84615384615,1.69341284359,0.389027274878,0.193958664547,2.09866904602,0.964253345467,0.518282988871,1.87867287326,0.863174022847,0.470588235294,0.786197569093,0.41766745858,2.25,1.88235294118,0.786197569093,2.25,0.166339869281,0.0612244897959,3,0.00441176470588,0.185952380952,17,17,17,1,0,0.352941176471,0.411764705882,0.235294117647,17,0.128676470588,1.90196078431,4.11764705882,3.18181818182,2.69230769231,1.57648156274,0.382859808093,0.201680672269,2.01465221053,0.978545359402,0.524369747899,1.74894926439,0.849489642704,0.463865546218,0.814492905316,0.428238537847,2.33333333333,1.90196078431,0.814492905316,2.33333333333,0,0,0,0,0.164242424242,17,17,17,1,0,0.352941176471,0.411764705882,0.235294117647,17,38,0.139705882353,2.89764705882,4.47058823529,3.16666666667,2.92307692308,1.77192152263,0.396350866904,0.205882352941,2.04723630062,0.915868871331,0.495356037152,1.92124346989,0.859503657582,0.467492260062,1.68464584339,0.581384071003,5,2.89764705882,1.68464584339,5,0.166339869281,0.0612244897959,3,0.00441176470588,0.165566378066,17,17,17,1,0,0.294117647059,0.470588235294,0.235294117647,1,0.00367647058824,1.01529411765,0.117647058824,-0.19696969697,0.0769230769231,0.0785086790417,0.0073235920257,0.0119236883943,-0.0514327453931,-0.0483844741355,-0.0229269517195,0.0425705966328,-0.00367036526551,-0.0030959752322,0.898448274296,0.163716612423,2.75,1.01529411765,0.898448274296,2.75,0,0,0,0,-0.020386002886,-0.0588235294118,0.0588235294118,0,37,1,0,234,1,0.995744680851,0.00425531914894,0,0.973684210526,1,0.986666666667,0.984652666406,0.995744680851,0.973684210526,3,2,0,0,0,0
3035,WLNM_dir_neg,1,0.5,00:00:00,10,70,38,1985449511,threshold_sweep,0.2,0.666666666667,1,0.8,2,1,0,3,1,0.75,0.25,0,0.666666666667,1,0.8,0.833333333333,0.5,0.666666666667,0.707106781187,0.75,37,35,2,0,37,0,35,0,2,17,37,0.136029411765,1.88235294118,4.35294117647,3.36363636364,2.84615384615,1.69341284359,0.389027274878,0.193958664547,2.09866904602,0.964253345467,0.518282988871,1.87867287326,0.863174022847,0.470588235294,0.786197569093,0.41766745858,2.25,1.88235294118,0.786197569093,2.25,0.166339869281,0.0612244897959,3,0.00441176470588,0.185952380952,17,17,17,1,0,0.352941176471,0.411764705882,0.235294117647,17,0.128676470588,1.90196078431,4.11764705882,3.18181818182,2.69230769231,1.57648156274,0.382859808093,0.201680672269,2.01465221053,0.978545359402,0.524369747899,1.74894926439,0.849489642704,0.463865546218,0.814492905316,0.428238537847,2.33333333333,1.90196078431,0.814492905316,2.33333333333,0,0,0,0,0.164242424242,17,17,17,1,0,0.352941176471,0.411764705882,0.235294117647,17,38,0.139705882353,2.89764705882,4.47058823529,3.16666666667,2.92307692308,1.77192152263,0.396350866904,0.205882352941,2.04723630062,0.915868871331,0.495356037152,1.92124346989,0.859503657582,0.467492260062,1.68464584339,0.581384071003,5,2.89764705882,1.68464584339,5,0.166339869281,0.0612244897959,3,0.00441176470588,0.165566378066,17,17,17,1,0,0.294117647059,0.470588235294,0.235294117647,1,0.00367647058824,1.01529411765,0.117647058824,-0.19696969697,0.0769230769231,0.0785086790417,0.0073235920257,0.0119236883943,-0.0514327453931,-0.0483844741355,-0.0229269517195,0.0425705966328,-0.00367036526551,-0.0030959752322,0.898448274296,0.163716612423,2.75,1.01529411765,0.898448274296,2.75,0,0,0,0,-0.020386002886,-0.0588235294118,0.0588235294118,0,37,1,0,234,1,0.995744680851,0.00425531914894,0,0.973684210526,1,0.986666666667,0.984652666406,0.995744680851,0.973684210526,3,2,0,0,0,0
3036,WLNM_dir_neg,1,0.5,00:00:00,10,70,38,1985449511,threshold_sweep,0.3,0.666666666667,1,0.8,2,1,0,3,1,0.75,0.25,0,0.666666666667,1,0.8,0.833333333333,0.5,0.666666666667,0.707106781187,0.75,37,35,2,0,37,0,35,0,2,17,37,0.136029411765,1.88235294118,4.35294117647,3.36363636364,2.84615384615,1.69341284359,0.389027274878,0.193958664547,2.09866904602,0.964253345467,0.518282988871,1.87867287326,0.863174022847,0.470588235294,0.786197569093,0.41766745858,2.25,1.88235294118,0.786197569093,2.25,0.166339869281,0.0612244897959,3,0.00441176470588,0.185952380952,17,17,17,1,0,0.352941176471,0.411764705882,0.235294117647,17,0.128676470588,1.90196078431,4.11764705882,3.18181818182,2.69230769231,1.57648156274,0.382859808093,0.201680672269,2.01465221053,0.978545359402,0.524369747899,1.74894926439,0.849489642704,0.463865546218,0.814492905316,0.428238537847,2.33333333333,1.90196078431,0.814492905316,2.33333333333,0,0,0,0,0.164242424242,17,17,17,1,0,0.352941176471,0.411764705882,0.235294117647,17,38,0.139705882353,2.89764705882,4.47058823529,3.16666666667,2.92307692308,1.77192152263,0.396350866904,0.205882352941,2.04723630062,0.915868871331,0.495356037152,1.92124346989,0.859503657582,0.467492260062,1.68464584339,0.581384071003,5,2.89764705882,1.68464584339,5,0.166339869281,0.0612244897959,3,0.00441176470588,0.165566378066,17,17,17,1,0,0.294117647059,0.470588235294,0.235294117647,1,0.00367647058824,1.01529411765,0.117647058824,-0.19696969697,0.0769230769231,0.0785086790417,0.0073235920257,0.0119236883943,-0.0514327453931,-0.0483844741355,-0.0229269517195,0.0425705966328,-0.00367036526551,-0.0030959752322,0.898448274296,0.163716612423,2.75,1.01529411765,0.898448274296,2.75,0,0,0,0,-0.020386002886,-0.0588235294118,0.0588235294118,0,37,1,0,234,1,0.995744680851,0.00425531914894,0,0.973684210526,1,0.986666666667,0.984652666406,0.995744680851,0.973684210526,3,2,0,0,0,0
3037,WLNM_dir_neg,1,0.5,00:00:00,10,70,38,1985449511,threshold_sweep,0.4,0.666666666667,1,0.8,2,1,0,3,1,0.75,0.25,0,0.666666666667,1,0.8,0.833333333333,0.5,0.666666666667,0.707106781187,0.75,37,35,2,0,37,0,35,0,2,17,37,0.136029411765,1.88235294118,4.35294117647,3.36363636364,2.84615384615,1.69341284359,0.389027274878,0.193958664547,2.09866904602,0.964253345467,0.518282988871,1.87867287326,0.863174022847,0.470588235294,0.786197569093,0.41766745858,2.25,1.88235294118,0.786197569093,2.25,0.166339869281,0.0612244897959,3,0.00441176470588,0.185952380952,17,17,17,1,0,0.352941176471,0.411764705882,0.235294117647,17,0.128676470588,1.90196078431,4.11764705882,3.18181818182,2.69230769231,1.57648156274,0.382859808093,0.201680672269,2.01465221053,0.978545359402,0.524369747899,1.74894926439,0.849489642704,0.463865546218,0.814492905316,0.428238537847,2.33333333333,1.90196078431,0.814492905316,2.33333333333,0,0,0,0,0.164242424242,17,17,17,1,0,0.352941176471,0.411764705882,0.235294117647,17,38,0.139705882353,2.89764705882,4.47058823529,3.16666666667,2.92307692308,1.77192152263,0.396350866904,0.205882352941,2.04723630062,0.915868871331,0.495356037152,1.92124346989,0.859503657582,0.467492260062,1.68464584339,0.581384071003,5,2.89764705882,1.68464584339,5,0.166339869281,0.0612244897959,3,0.00441176470588,0.165566378066,17,17,17,1,0,0.294117647059,0.470588235294,0.235294117647,1,0.00367647058824,1.01529411765,0.117647058824,-0.19696969697,0.0769230769231,0.0785086790417,0.0073235920257,0.0119236883943,-0.0514327453931,-0.0483844741355,-0.0229269517195,0.0425705966328,-0.00367036526551,-0.0030959752322,0.898448274296,0.163716612423,2.75,1.01529411765,0.898448274296,2.75,0,0,0,0,-0.020386002886,-0.0588235294118,0.0588235294118,0,37,1,0,234,1,0.995744680851,0.00425531914894,0,0.973684210526,1,0.986666666667,0.984652666406,0.995744680851,0.973684210526,3,2,0,0,0,0
3038,WLNM_dir_neg,1,0.5,00:00:00,10,70,38,1985449511,threshold_sweep,0.5,0.666666666667,1,0.8,2,1,0,3,1,0.75,0.25,0,0.666666666667,1,0.8,0.833333333333,0.5,0.666666666667,0.707106781187,0.75,37,35,2,0,37,0,35,0,2,17,37,0.136029411765,1.88235294118,4.35294117647,3.36363636364,2.84615384615,1.69341284359,0.389027274878,0.193958664547,2.09866904602,0.964253345467,0.518282988871,1.87867287326,0.863174022847,0.470588235294,0.786197569093,0.41766745858,2.25,1.88235294118,0.786197569093,2.25,0.166339869281,0.0612244897959,3,0.00441176470588,0.185952380952,17,17,17,1,0,0.352941176471,0.411764705882,0.235294117647,17,0.128676470588,1.90196078431,4.11764705882,3.18181818182,2.69230769231,1.57648156274,0.382859808093,0.201680672269,2.01465221053,0.978545359402,0.524369747899,1.74894926439,0.849489642704,0.463865546218,0.814492905316,0.428238537847,2.33333333333,1.90196078431,0.814492905316,2.33333333333,0,0,0,0,0.164242424242,17,17,17,1,0,0.352941176471,0.411764705882,0.235294117647,17,38,0.139705882353,2.89764705882,4.47058823529,3.16666666667,2.92307692308,1.77192152263,0.396350866904,0.205882352941,2.04723630062,0.915868871331,0.495356037152,1.92124346989,0.859503657582,0.467492260062,1.68464584339,0.581384071003,5,2.89764705882,1.68464584339,5,0.166339869281,0.0612244897959,3,0.00441176470588,0.165566378066,17,17,17,1,0,0.294117647059,0.470588235294,0.235294117647,1,0.00367647058824,1.01529411765,0.117647058824,-0.19696969697,0.0769230769231,0.0785086790417,0.0073235920257,0.0119236883943,-0.0514327453931,-0.0483844741355,-0.0229269517195,0.0425705966328,-0.00367036526551,-0.0030959752322,0.898448274296,0.163716612423,2.75,1.01529411765,0.898448274296,2.75,0,0,0,0,-0.020386002886,-0.0588235294118,0.0588235294118,0,37,1,0,234,1,0.995744680851,0.00425531914894,0,0.973684210526,1,0.986666666667,0.984652666406,0.995744680851,0.973684210526,3,2,0,0,0,0
3039,WLNM_dir_neg,1,0.5,00:00:00,10,70,38,1985449511,threshold_sweep,0.6,0.666666666667,1,0.8,2,1,0,3,1,0.75,0.25,0,0.666666666667,1,0.8,0.833333333333,0.5,0.666666666667,0.707106781187,0.75,37,35,2,0,37,0,35,0,2,17,37,0.136029411765,1.88235294118,4.35294117647,3.36363636364,2.84615384615,1.69341284359,0.389027274878,0.193958664547,2.09866904602,0.964253345467,0.518282988871,1.87867287326,0.863174022847,0.470588235294,0.786197569093,0.41766745858,2.25,1.88235294118,0.786197569093,2.25,0.166339869281,0.0612244897959,3,0.00441176470588,0.185952380952,17,17,17,1,0,0.352941176471,0.411764705882,0.235294117647,17,0.128676470588,1.90196078431,4.11764705882,3.18181818182,2.69230769231,1.57648156274,0.382859808093,0.201680672269,2.01465221053,0.978545359402,0.524369747899,1.74894926439,0.849489642704,0.463865546218,0.814492905316,0.428238537847,2.33333333333,1.90196078431,0.814492905316,2.33333333333,0,0,0,0,0.164242424242,17,17,17,1,0,0.352941176471,0.411764705882,0.235294117647,17,38,0.139705882353,2.89764705882,4.47058823529,3.16666666667,2.92307692308,1.77192152263,0.396350866904,0.205882352941,2.04723630062,0.915868871331,0.495356037152,1.92124346989,0.859503657582,0.467492260062,1.68464584339,0.581384071003,5,2.89764705882,1.68464584339,5,0.166339869281,0.0612244897959,3,0.00441176470588,0.165566378066,17,17,17,1,0,0.294117647059,0.470588235294,0.235294117647,1,0.00367647058824,1.01529411765,0.117647058824,-0.19696969697,0.0769230769231,0.0785086790417,0.0073235920257,0.0119236883943,-0.0514327453931,-0.0483844741355,-0.0229269517195,0.0425705966328,-0.00367036526551,-0.0030959752322,0.898448274296,0.163716612423,2.75,1.01529411765,0.898448274296,2.75,0,0,0,0,-0.020386002886,-0.0588235294118,0.0588235294118,0,37,1,0,234,1,0.995744680851,0.00425531914894,0,0.973684210526,1,0.986666666667,0.984652666406,0.995744680851,0.973684210526,3,2,0,0,0,0
3040,WLNM_dir_neg,1,0.5,00:00:00,10,70,38,1985449511,threshold_sweep,0.7,0.666666666667,1,0.8,2,1,0,3,1,0.75,0.25,0,0.666666666667,1,0.8,0.833333333333,0.5,0.666666666667,0.707106781187,0.75,37,35,2,0,37,0,35,0,2,17,37,0.136029411765,1.88235294118,4.35294117647,3.36363636364,2.84615384615,1.69341284359,0.389027274878,0.193958664547,2.09866904602,0.964253345467,0.518282988871,1.87867287326,0.863174022847,0.470588235294,0.786197569093,0.41766745858,2.25,1.88235294118,0.786197569093,2.25,0.166339869281,0.0612244897959,3,0.00441176470588,0.185952380952,17,17,17,1,0,0.352941176471,0.411764705882,0.235294117647,17,0.128676470588,1.90196078431,4.11764705882,3.18181818182,2.69230769231,1.57648156274,0.382859808093,0.201680672269,2.01465221053,0.978545359402,0.524369747899,1.74894926439,0.849489642704,0.463865546218,0.814492905316,0.428238537847,2.33333333333,1.90196078431,0.814492905316,2.33333333333,0,0,0,0,0.164242424242,17,17,17,1,0,0.352941176471,0.411764705882,0.235294117647,17,38,0.139705882353,2.89764705882,4.47058823529,3.16666666667,2.92307692308,1.77192152263,0.396350866904,0.205882352941,2.04723630062,0.915868871331,0.495356037152,1.92124346989,0.859503657582,0.467492260062,1.68464584339,0.581384071003,5,2.89764705882,1.68464584339,5,0.166339869281,0.0612244897959,3,0.00441176470588,0.165566378066,17,17,17,1,0,0.294117647059,0.470588235294,0.235294117647,1,0.00367647058824,1.01529411765,0.117647058824,-0.19696969697,0.0769230769231,0.0785086790417,0.0073235920257,0.0119236883943,-0.0514327453931,-0.0483844741355,-0.0229269517195,0.0425705966328,-0.00367036526551,-0.0030959752322,0.898448274296,0.163716612423,2.75,1.01529411765,0.898448274296,2.75,0,0,0,0,-0.020386002886,-0.0588235294118,0.0588235294118,0,37,1,0,234,1,0.995744680851,0.00425531914894,0,0.973684210526,1,0.986666666667,0.984652666406,0.995744680851,0.973684210526,3,2,0,0,0,0
3041,WLNM_dir_neg,1,0.5,00:00:00,10,70,38,1985449511,threshold_sweep,0.8,0.666666666667,1,0.8,2,1,0,3,1,0.75,0.25,0,0.666666666667,1,0.8,0.833333333333,0.5,0.666666666667,0.707106781187,0.75,37,35,2,0,37,0,35,0,2,17,37,0.136029411765,1.88235294118,4.35294117647,3.36363636364,2.84615384615,1.69341284359,0.389027274878,0.193958664547,2.09866904602,0.964253345467,0.518282988871,1.87867287326,0.863174022847,0.470588235294,0.786197569093,0.41766745858,2.25,1.88235294118,0.786197569093,2.25,0.166339869281,0.0612244897959,3,0.00441176470588,0.185952380952,17,17,17,1,0,0.352941176471,0.411764705882,0.235294117647,17,0.128676470588,1.90196078431,4.11764705882,3.18181818182,2.69230769231,1.57648156274,0.382859808093,0.201680672269,2.01465221053,0.978545359402,0.524369747899,1.74894926439,0.849489642704,0.463865546218,0.814492905316,0.428238537847,2.33333333333,1.90196078431,0.814492905316,2.33333333333,0,0,0,0,0.164242424242,17,17,17,1,0,0.352941176471,0.411764705882,0.235294117647,17,38,0.139705882353,2.89764705882,4.47058823529,3.16666666667,2.92307692308,1.77192152263,0.396350866904,0.205882352941,2.04723630062,0.915868871331,0.495356037152,1.92124346989,0.859503657582,0.467492260062,1.68464584339,0.581384071003,5,2.89764705882,1.68464584339,5,0.166339869281,0.0612244897959,3,0.00441176470588,0.165566378066,17,17,17,1,0,0.294117647059,0.470588235294,0.235294117647,1,0.00367647058824,1.01529411765,0.117647058824,-0.19696969697,0.0769230769231,0.0785086790417,0.0073235920257,0.0119236883943,-0.0514327453931,-0.0483844741355,-0.0229269517195,0.0425705966328,-0.00367036526551,-0.0030959752322,0.898448274296,0.163716612423,2.75,1.01529411765,0.898448274296,2.75,0,0,0,0,-0.020386002886,-0.0588235294118,0.0588235294118,0,37,1,0,234,1,0.995744680851,0.00425531914894,0,0.973684210526,1,0.986666666667,0.984652666406,0.995744680851,0.973684210526,3,2,0,0,0,0
3042,WLNM_dir_neg,1,0.5,00:00:00,10,70,38,1985449511,threshold_sweep,0.9,0.666666666667,1,0.8,2,1,0,3,1,0.75,0.25,0,0.666666666667,1,0.8,0.833333333333,0.5,0.666666666667,0.707106781187,0.75,37,35,2,0,37,0,35,0,2,17,37,0.136029411765,1.88235294118,4.35294117647,3.36363636364,2.84615384615,1.69341284359,0.389027274878,0.193958664547,2.09866904602,0.964253345467,0.518282988871,1.87867287326,0.863174022847,0.470588235294,0.786197569093,0.41766745858,2.25,1.88235294118,0.786197569093,2.25,0.166339869281,0.0612244897959,3,0.00441176470588,0.185952380952,17,17,17,1,0,0.352941176471,0.411764705882,0.235294117647,17,0.128676470588,1.90196078431,4.11764705882,3.18181818182,2.69230769231,1.57648156274,0.382859808093,0.201680672269,2.01465221053,0.978545359402,0.524369747899,1.74894926439,0.849489642704,0.463865546218,0.814492905316,0.428238537847,2.33333333333,1.90196078431,0.814492905316,2.33333333333,0,0,0,0,0.164242424242,17,17,17,1,0,0.352941176471,0.411764705882,0.235294117647,17,38,0.139705882353,2.89764705882,4.47058823529,3.16666666667,2.92307692308,1.77192152263,0.396350866904,0.205882352941,2.04723630062,0.915868871331,0.495356037152,1.92124346989,0.859503657582,0.467492260062,1.68464584339,0.581384071003,5,2.89764705882,1.68464584339,5,0.166339869281,0.0612244897959,3,0.00441176470588,0.165566378066,17,17,17,1,0,0.294117647059,0.470588235294,0.235294117647,1,0.00367647058824,1.01529411765,0.117647058824,-0.19696969697,0.0769230769231,0.0785086790417,0.0073235920257,0.0119236883943,-0.0514327453931,-0.0483844741355,-0.0229269517195,0.0425705966328,-0.00367036526551,-0.0030959752322,0.898448274296,0.163716612423,2.75,1.01529411765,0.898448274296,2.75,0,0,0,0,-0.020386002886,-0.0588235294118,0.0588235294118,0,37,1,0,234,1,0.995744680851,0.00425531914894,0,0.973684210526,1,0.986666666667,0.984652666406,0.995744680851,0.973684210526,3,2,0,0,0,0
3043,WLNM_dir_neg,1,0.5,00:00:00,10,70,39,1985449512,threshold_sweep,0.1,1,1,1,2,0,0,4,1,1,0,0,1,1,1,1,0.555555555556,1,1,1,37,35,2,0,37,0,35,0,2,17,37,0.136029411765,1.88235294118,4.35294117647,3.36363636364,2.84615384615,1.69341284359,0.389027274878,0.193958664547,2.09866904602,0.964253345467,0.518282988871,1.87867287326,0.863174022847,0.470588235294,0.786197569093,0.41766745858,2.25,1.88235294118,0.786197569093,2.25,0.166339869281,0.0612244897959,3,0.00441176470588,0.185952380952,17,17,17,1,0,0.352941176471,0.411764705882,0.235294117647,17,0.128676470588,1.90196078431,4.11764705882,3.18181818182,2.69230769231,1.57648156274,0.382859808093,0.201680672269,2.01465221053,0.978545359402,0.524369747899,1.74894926439,0.849489642704,0.463865546218,0.814492905316,0.428238537847,2.33333333333,1.90196078431,0.814492905316,2.33333333333,0,0,0,0,0.164242424242,17,17,17,1,0,0.352941176471,0.411764705882,0.235294117647,17,37,0.136029411765,1.88235294118,4.35294117647,3.36363636364,2.84615384615,1.69341284359,0.389027274878,0.193958664547,2.09866904602,0.964253345467,0.518282988871,1.87867287326,0.863174022847,0.470588235294,0.786197569093,0.41766745858,2.25,1.88235294118,0.786197569093,2.25,0.166339869281,0.0612244897959,3,0.00441176470588,0.185952380952,17,17,17,1,0,0.352941176471,0.411764705882,0.235294117647,0,0,0,0,0,0,0,0,0,0,0,0,0,0,0,0,0,0,0,0,0,0,0,0,0,0,0,0,0,37,0,0,235,1,1,0,0,1,1,1,1,1,1,2,2,0,0,0,0
3044,WLNM_dir_neg,1,0.5,00:00:00,10,70,39,1985449512,threshold_sweep,0.2,1,1,1,2,0,0,4,1,1,0,0,1,1,1,1,0.555555555556,1,1,1,37,35,2,0,37,0,35,0,2,17,37,0.136029411765,1.88235294118,4.35294117647,3.36363636364,2.84615384615,1.69341284359,0.389027274878,0.193958664547,2.09866904602,0.964253345467,0.518282988871,1.87867287326,0.863174022847,0.470588235294,0.786197569093,0.41766745858,2.25,1.88235294118,0.786197569093,2.25,0.166339869281,0.0612244897959,3,0.00441176470588,0.185952380952,17,17,17,1,0,0.352941176471,0.411764705882,0.235294117647,17,0.128676470588,1.90196078431,4.11764705882,3.18181818182,2.69230769231,1.57648156274,0.382859808093,0.201680672269,2.01465221053,0.978545359402,0.524369747899,1.74894926439,0.849489642704,0.463865546218,0.814492905316,0.428238537847,2.33333333333,1.90196078431,0.814492905316,2.33333333333,0,0,0,0,0.164242424242,17,17,17,1,0,0.352941176471,0.411764705882,0.235294117647,17,37,0.136029411765,1.88235294118,4.35294117647,3.36363636364,2.84615384615,1.69341284359,0.389027274878,0.193958664547,2.09866904602,0.964253345467,0.518282988871,1.87867287326,0.863174022847,0.470588235294,0.786197569093,0.41766745858,2.25,1.88235294118,0.786197569093,2.25,0.166339869281,0.0612244897959,3,0.00441176470588,0.185952380952,17,17,17,1,0,0.352941176471,0.411764705882,0.235294117647,0,0,0,0,0,0,0,0,0,0,0,0,0,0,0,0,0,0,0,0,0,0,0,0,0,0,0,0,0,37,0,0,235,1,1,0,0,1,1,1,1,1,1,2,2,0,0,0,0
3045,WLNM_dir_neg,1,0.5,00:00:00,10,70,39,1985449512,threshold_sweep,0.3,1,1,1,2,0,0,4,1,1,0,0,1,1,1,1,0.555555555556,1,1,1,37,35,2,0,37,0,35,0,2,17,37,0.136029411765,1.88235294118,4.35294117647,3.36363636364,2.84615384615,1.69341284359,0.389027274878,0.193958664547,2.09866904602,0.964253345467,0.518282988871,1.87867287326,0.863174022847,0.470588235294,0.786197569093,0.41766745858,2.25,1.88235294118,0.786197569093,2.25,0.166339869281,0.0612244897959,3,0.00441176470588,0.185952380952,17,17,17,1,0,0.352941176471,0.411764705882,0.235294117647,17,0.128676470588,1.90196078431,4.11764705882,3.18181818182,2.69230769231,1.57648156274,0.382859808093,0.201680672269,2.01465221053,0.978545359402,0.524369747899,1.74894926439,0.849489642704,0.463865546218,0.814492905316,0.428238537847,2.33333333333,1.90196078431,0.814492905316,2.33333333333,0,0,0,0,0.164242424242,17,17,17,1,0,0.352941176471,0.411764705882,0.235294117647,17,37,0.136029411765,1.88235294118,4.35294117647,3.36363636364,2.84615384615,1.69341284359,0.389027274878,0.193958664547,2.09866904602,0.964253345467,0.518282988871,1.87867287326,0.863174022847,0.470588235294,0.786197569093,0.41766745858,2.25,1.88235294118,0.786197569093,2.25,0.166339869281,0.0612244897959,3,0.00441176470588,0.185952380952,17,17,17,1,0,0.352941176471,0.411764705882,0.235294117647,0,0,0,0,0,0,0,0,0,0,0,0,0,0,0,0,0,0,0,0,0,0,0,0,0,0,0,0,0,37,0,0,235,1,1,0,0,1,1,1,1,1,1,2,2,0,0,0,0
3046,WLNM_dir_neg,1,0.5,00:00:00,10,70,39,1985449512,threshold_sweep,0.4,1,0.5,0.666666666667,1,0,1,4,0.5,1,0,0.5,1,0.5,0.666666666667,0.833333333333,0.611111111111,0.571428571429,0.632455532034,0.5,37,35,2,0,37,0,35,0,2,17,37,0.136029411765,1.88235294118,4.35294117647,3.36363636364,2.84615384615,1.69341284359,0.389027274878,0.193958664547,2.09866904602,0.964253345467,0.518282988871,1.87867287326,0.863174022847,0.470588235294,0.786197569093,0.41766745858,2.25,1.88235294118,0.786197569093,2.25,0.166339869281,0.0612244897959,3,0.00441176470588,0.185952380952,17,17,17,1,0,0.352941176471,0.411764705882,0.235294117647,17,0.128676470588,1.90196078431,4.11764705882,3.18181818182,2.69230769231,1.57648156274,0.382859808093,0.201680672269,2.01465221053,0.978545359402,0.524369747899,1.74894926439,0.849489642704,0.463865546218,0.814492905316,0.428238537847,2.33333333333,1.90196078431,0.814492905316,2.33333333333,0,0,0,0,0.164242424242,17,17,17,1,0,0.352941176471,0.411764705882,0.235294117647,17,36,0.132352941176,1.89705882353,4.23529411765,3.27272727273,2.76923076923,1.71498585143,0.40492721492,0.204248366013,2.05798302171,0.971825315808,0.522875816993,1.79869233546,0.849382491746,0.464052287582,0.805541469338,0.424626510969,2.25,1.89705882353,0.805541469338,2.25,0.0702614379085,0.0214285714286,1,0.00147058823529,0.175454545455,17,17,17,1,0,0.352941176471,0.411764705882,0.235294117647,-1,-0.00367647058824,0.0147058823529,-0.117647058824,-0.0909090909091,-0.0769230769231,0.0215730078386,0.0158999400418,0.0102897014662,-0.0406860243059,0.00757197034072,0.00459282812224,-0.0799805377942,-0.0137915311015,-0.00653594771242,0.0193439002456,0.00695905238854,0,0.0147058823529,0.0193439002456,0,-0.0960784313725,-0.0397959183673,-2,-0.00294117647059,-0.0104978354978,0,0,0,36,0,1,235,0.972972972973,1,0,0.027027027027,1,0.972972972973,0.986301369863,0.984301887704,0.972972972973,0.972972972973,1,2,0,0,0,0
3047,WLNM_dir_neg,1,0.5,00:00:00,10,70,39,1985449512,threshold_sweep,0.5,1,0.5,0.666666666667,1,0,1,4,0.5,1,0,0.5,1,0.5,0.666666666667,0.833333333333,0.611111111111,0.571428571429,0.632455532034,0.5,37,35,2,0,37,0,35,0,2,17,37,0.136029411765,1.88235294118,4.35294117647,3.36363636364,2.84615384615,1.69341284359,0.389027274878,0.193958664547,2.09866904602,0.964253345467,0.518282988871,1.87867287326,0.863174022847,0.470588235294,0.786197569093,0.41766745858,2.25,1.88235294118,0.786197569093,2.25,0.166339869281,0.0612244897959,3,0.00441176470588,0.185952380952,17,17,17,1,0,0.352941176471,0.411764705882,0.235294117647,17,0.128676470588,1.90196078431,4.11764705882,3.18181818182,2.69230769231,1.57648156274,0.382859808093,0.201680672269,2.01465221053,0.978545359402,0.524369747899,1.74894926439,0.849489642704,0.463865546218,0.814492905316,0.428238537847,2.33333333333,1.90196078431,0.814492905316,2.33333333333,0,0,0,0,0.164242424242,17,17,17,1,0,0.352941176471,0.411764705882,0.235294117647,17,36,0.132352941176,1.89705882353,4.23529411765,3.27272727273,2.76923076923,1.71498585143,0.40492721492,0.204248366013,2.05798302171,0.971825315808,0.522875816993,1.79869233546,0.849382491746,0.464052287582,0.805541469338,0.424626510969,2.25,1.89705882353,0.805541469338,2.25,0.0702614379085,0.0214285714286,1,0.00147058823529,0.175454545455,17,17,17,1,0,0.352941176471,0.411764705882,0.235294117647,-1,-0.00367647058824,0.0147058823529,-0.117647058824,-0.0909090909091,-0.0769230769231,0.0215730078386,0.0158999400418,0.0102897014662,-0.0406860243059,0.00757197034072,0.00459282812224,-0.0799805377942,-0.0137915311015,-0.00653594771242,0.0193439002456,0.00695905238854,0,0.0147058823529,0.0193439002456,0,-0.0960784313725,-0.0397959183673,-2,-0.00294117647059,-0.0104978354978,0,0,0,36,0,1,235,0.972972972973,1,0,0.027027027027,1,0.972972972973,0.986301369863,0.984301887704,0.972972972973,0.972972972973,1,2,0,0,0,0
3048,WLNM_dir_neg,1,0.5,00:00:00,10,70,39,1985449512,threshold_sweep,0.6,1,0.5,0.666666666667,1,0,1,4,0.5,1,0,0.5,1,0.5,0.666666666667,0.833333333333,0.611111111111,0.571428571429,0.632455532034,0.5,37,35,2,0,37,0,35,0,2,17,37,0.136029411765,1.88235294118,4.35294117647,3.36363636364,2.84615384615,1.69341284359,0.389027274878,0.193958664547,2.09866904602,0.964253345467,0.518282988871,1.87867287326,0.863174022847,0.470588235294,0.786197569093,0.41766745858,2.25,1.88235294118,0.786197569093,2.25,0.166339869281,0.0612244897959,3,0.00441176470588,0.185952380952,17,17,17,1,0,0.352941176471,0.411764705882,0.235294117647,17,0.128676470588,1.90196078431,4.11764705882,3.18181818182,2.69230769231,1.57648156274,0.382859808093,0.201680672269,2.01465221053,0.978545359402,0.524369747899,1.74894926439,0.849489642704,0.463865546218,0.814492905316,0.428238537847,2.33333333333,1.90196078431,0.814492905316,2.33333333333,0,0,0,0,0.164242424242,17,17,17,1,0,0.352941176471,0.411764705882,0.235294117647,17,36,0.132352941176,1.89705882353,4.23529411765,3.27272727273,2.76923076923,1.71498585143,0.40492721492,0.204248366013,2.05798302171,0.971825315808,0.522875816993,1.79869233546,0.849382491746,0.464052287582,0.805541469338,0.424626510969,2.25,1.89705882353,0.805541469338,2.25,0.0702614379085,0.0214285714286,1,0.00147058823529,0.175454545455,17,17,17,1,0,0.352941176471,0.411764705882,0.235294117647,-1,-0.00367647058824,0.0147058823529,-0.117647058824,-0.0909090909091,-0.0769230769231,0.0215730078386,0.0158999400418,0.0102897014662,-0.0406860243059,0.00757197034072,0.00459282812224,-0.0799805377942,-0.0137915311015,-0.00653594771242,0.0193439002456,0.00695905238854,0,0.0147058823529,0.0193439002456,0,-0.0960784313725,-0.0397959183673,-2,-0.00294117647059,-0.0104978354978,0,0,0,36,0,1,235,0.972972972973,1,0,0.027027027027,1,0.972972972973,0.986301369863,0.984301887704,0.972972972973,0.972972972973,1,2,0,0,0,0
3049,WLNM_dir_neg,1,0.5,00:00:00,10,70,39,1985449512,threshold_sweep,0.7,1,0.5,0.666666666667,1,0,1,4,0.5,1,0,0.5,1,0.5,0.666666666667,0.833333333333,0.611111111111,0.571428571429,0.632455532034,0.5,37,35,2,0,37,0,35,0,2,17,37,0.136029411765,1.88235294118,4.35294117647,3.36363636364,2.84615384615,1.69341284359,0.389027274878,0.193958664547,2.09866904602,0.964253345467,0.518282988871,1.87867287326,0.863174022847,0.470588235294,0.786197569093,0.41766745858,2.25,1.88235294118,0.786197569093,2.25,0.166339869281,0.0612244897959,3,0.00441176470588,0.185952380952,17,17,17,1,0,0.352941176471,0.411764705882,0.235294117647,17,0.128676470588,1.90196078431,4.11764705882,3.18181818182,2.69230769231,1.57648156274,0.382859808093,0.201680672269,2.01465221053,0.978545359402,0.524369747899,1.74894926439,0.849489642704,0.463865546218,0.814492905316,0.428238537847,2.33333333333,1.90196078431,0.814492905316,2.33333333333,0,0,0,0,0.164242424242,17,17,17,1,0,0.352941176471,0.411764705882,0.235294117647,17,36,0.132352941176,1.89705882353,4.23529411765,3.27272727273,2.76923076923,1.71498585143,0.40492721492,0.204248366013,2.05798302171,0.971825315808,0.522875816993,1.79869233546,0.849382491746,0.464052287582,0.805541469338,0.424626510969,2.25,1.89705882353,0.805541469338,2.25,0.0702614379085,0.0214285714286,1,0.00147058823529,0.175454545455,17,17,17,1,0,0.352941176471,0.411764705882,0.235294117647,-1,-0.00367647058824,0.0147058823529,-0.117647058824,-0.0909090909091,-0.0769230769231,0.0215730078386,0.0158999400418,0.0102897014662,-0.0406860243059,0.00757197034072,0.00459282812224,-0.0799805377942,-0.0137915311015,-0.00653594771242,0.0193439002456,0.00695905238854,0,0.0147058823529,0.0193439002456,0,-0.0960784313725,-0.0397959183673,-2,-0.00294117647059,-0.0104978354978,0,0,0,36,0,1,235,0.972972972973,1,0,0.027027027027,1,0.972972972973,0.986301369863,0.984301887704,0.972972972973,0.972972972973,1,2,0,0,0,0
3050,WLNM_dir_neg,1,0.5,00:00:00,10,70,39,1985449512,threshold_sweep,0.8,1,0.5,0.666666666667,1,0,1,4,0.5,1,0,0.5,1,0.5,0.666666666667,0.833333333333,0.611111111111,0.571428571429,0.632455532034,0.5,37,35,2,0,37,0,35,0,2,17,37,0.136029411765,1.88235294118,4.35294117647,3.36363636364,2.84615384615,1.69341284359,0.389027274878,0.193958664547,2.09866904602,0.964253345467,0.518282988871,1.87867287326,0.863174022847,0.470588235294,0.786197569093,0.41766745858,2.25,1.88235294118,0.786197569093,2.25,0.166339869281,0.0612244897959,3,0.00441176470588,0.185952380952,17,17,17,1,0,0.352941176471,0.411764705882,0.235294117647,17,0.128676470588,1.90196078431,4.11764705882,3.18181818182,2.69230769231,1.57648156274,0.382859808093,0.201680672269,2.01465221053,0.978545359402,0.524369747899,1.74894926439,0.849489642704,0.463865546218,0.814492905316,0.428238537847,2.33333333333,1.90196078431,0.814492905316,2.33333333333,0,0,0,0,0.164242424242,17,17,17,1,0,0.352941176471,0.411764705882,0.235294117647,17,36,0.132352941176,1.89705882353,4.23529411765,3.27272727273,2.76923076923,1.71498585143,0.40492721492,0.204248366013,2.05798302171,0.971825315808,0.522875816993,1.79869233546,0.849382491746,0.464052287582,0.805541469338,0.424626510969,2.25,1.89705882353,0.805541469338,2.25,0.0702614379085,0.0214285714286,1,0.00147058823529,0.175454545455,17,17,17,1,0,0.352941176471,0.411764705882,0.235294117647,-1,-0.00367647058824,0.0147058823529,-0.117647058824,-0.0909090909091,-0.0769230769231,0.0215730078386,0.0158999400418,0.0102897014662,-0.0406860243059,0.00757197034072,0.00459282812224,-0.0799805377942,-0.0137915311015,-0.00653594771242,0.0193439002456,0.00695905238854,0,0.0147058823529,0.0193439002456,0,-0.0960784313725,-0.0397959183673,-2,-0.00294117647059,-0.0104978354978,0,0,0,36,0,1,235,0.972972972973,1,0,0.027027027027,1,0.972972972973,0.986301369863,0.984301887704,0.972972972973,0.972972972973,1,2,0,0,0,0
3051,WLNM_dir_neg,1,0.5,00:00:00,10,70,39,1985449512,threshold_sweep,0.9,1,0.5,0.666666666667,1,0,1,4,0.5,1,0,0.5,1,0.5,0.666666666667,0.833333333333,0.611111111111,0.571428571429,0.632455532034,0.5,37,35,2,0,37,0,35,0,2,17,37,0.136029411765,1.88235294118,4.35294117647,3.36363636364,2.84615384615,1.69341284359,0.389027274878,0.193958664547,2.09866904602,0.964253345467,0.518282988871,1.87867287326,0.863174022847,0.470588235294,0.786197569093,0.41766745858,2.25,1.88235294118,0.786197569093,2.25,0.166339869281,0.0612244897959,3,0.00441176470588,0.185952380952,17,17,17,1,0,0.352941176471,0.411764705882,0.235294117647,17,0.128676470588,1.90196078431,4.11764705882,3.18181818182,2.69230769231,1.57648156274,0.382859808093,0.201680672269,2.01465221053,0.978545359402,0.524369747899,1.74894926439,0.849489642704,0.463865546218,0.814492905316,0.428238537847,2.33333333333,1.90196078431,0.814492905316,2.33333333333,0,0,0,0,0.164242424242,17,17,17,1,0,0.352941176471,0.411764705882,0.235294117647,17,36,0.132352941176,1.89705882353,4.23529411765,3.27272727273,2.76923076923,1.71498585143,0.40492721492,0.204248366013,2.05798302171,0.971825315808,0.522875816993,1.79869233546,0.849382491746,0.464052287582,0.805541469338,0.424626510969,2.25,1.89705882353,0.805541469338,2.25,0.0702614379085,0.0214285714286,1,0.00147058823529,0.175454545455,17,17,17,1,0,0.352941176471,0.411764705882,0.235294117647,-1,-0.00367647058824,0.0147058823529,-0.117647058824,-0.0909090909091,-0.0769230769231,0.0215730078386,0.0158999400418,0.0102897014662,-0.0406860243059,0.00757197034072,0.00459282812224,-0.0799805377942,-0.0137915311015,-0.00653594771242,0.0193439002456,0.00695905238854,0,0.0147058823529,0.0193439002456,0,-0.0960784313725,-0.0397959183673,-2,-0.00294117647059,-0.0104978354978,0,0,0,36,0,1,235,0.972972972973,1,0,0.027027027027,1,0.972972972973,0.986301369863,0.984301887704,0.972972972973,0.972972972973,1,2,0,0,0,0
3052,WLNM_dir_neg,1,0.5,00:00:00,10,70,40,1985449513,threshold_sweep,0.1,0.666666666667,1,0.8,2,1,0,3,1,0.75,0.25,0,0.666666666667,1,0.8,0.833333333333,0.5,0.666666666667,0.707106781187,0.75,37,35,2,0,37,0,35,0,2,17,37,0.136029411765,1.88235294118,4.35294117647,3.36363636364,2.84615384615,1.69341284359,0.389027274878,0.193958664547,2.09866904602,0.964253345467,0.518282988871,1.87867287326,0.863174022847,0.470588235294,0.786197569093,0.41766745858,2.25,1.88235294118,0.786197569093,2.25,0.166339869281,0.0612244897959,3,0.00441176470588,0.185952380952,17,17,17,1,0,0.352941176471,0.411764705882,0.235294117647,17,0.128676470588,1.90196078431,4.11764705882,3.18181818182,2.69230769231,1.57648156274,0.382859808093,0.201680672269,2.01465221053,0.978545359402,0.524369747899,1.74894926439,0.849489642704,0.463865546218,0.814492905316,0.428238537847,2.33333333333,1.90196078431,0.814492905316,2.33333333333,0,0,0,0,0.164242424242,17,17,17,1,0,0.352941176471,0.411764705882,0.235294117647,17,38,0.139705882353,1.98764705882,4.47058823529,3.16666666667,2.92307692308,1.66274047354,0.371928790134,0.188854489164,2.04723630062,0.915868871331,0.495356037152,1.98523965067,0.888133527931,0.482972136223,0.792996921587,0.398962641817,2.35,1.98764705882,0.792996921587,2.35,0.162418300654,0.0584415584416,3,0.00441176470588,0.192081529582,17,17,17,1,0,0.294117647059,0.470588235294,0.235294117647,1,0.00367647058824,0.105294117647,0.117647058824,-0.19696969697,0.0769230769231,-0.030672370045,-0.0170984847437,-0.00510417538281,-0.0514327453931,-0.0483844741355,-0.0229269517195,0.106566777414,0.0249595050838,0.0123839009288,0.00679935249481,-0.0187048167638,0.1,0.105294117647,0.00679935249481,0.1,-0.00392156862745,-0.00278293135436,0,0,0.00612914862915,-0.0588235294118,0.0588235294118,0,37,1,0,234,1,0.995744680851,0.00425531914894,0,0.973684210526,1,0.986666666667,0.984652666406,0.995744680851,0.973684210526,3,2,0,0,0,0
3053,WLNM_dir_neg,1,0.5,00:00:00,10,70,40,1985449513,threshold_sweep,0.2,0.666666666667,1,0.8,2,1,0,3,1,0.75,0.25,0,0.666666666667,1,0.8,0.833333333333,0.5,0.666666666667,0.707106781187,0.75,37,35,2,0,37,0,35,0,2,17,37,0.136029411765,1.88235294118,4.35294117647,3.36363636364,2.84615384615,1.69341284359,0.389027274878,0.193958664547,2.09866904602,0.964253345467,0.518282988871,1.87867287326,0.863174022847,0.470588235294,0.786197569093,0.41766745858,2.25,1.88235294118,0.786197569093,2.25,0.166339869281,0.0612244897959,3,0.00441176470588,0.185952380952,17,17,17,1,0,0.352941176471,0.411764705882,0.235294117647,17,0.128676470588,1.90196078431,4.11764705882,3.18181818182,2.69230769231,1.57648156274,0.382859808093,0.201680672269,2.01465221053,0.978545359402,0.524369747899,1.74894926439,0.849489642704,0.463865546218,0.814492905316,0.428238537847,2.33333333333,1.90196078431,0.814492905316,2.33333333333,0,0,0,0,0.164242424242,17,17,17,1,0,0.352941176471,0.411764705882,0.235294117647,17,38,0.139705882353,1.98764705882,4.47058823529,3.16666666667,2.92307692308,1.66274047354,0.371928790134,0.188854489164,2.04723630062,0.915868871331,0.495356037152,1.98523965067,0.888133527931,0.482972136223,0.792996921587,0.398962641817,2.35,1.98764705882,0.792996921587,2.35,0.162418300654,0.0584415584416,3,0.00441176470588,0.192081529582,17,17,17,1,0,0.294117647059,0.470588235294,0.235294117647,1,0.00367647058824,0.105294117647,0.117647058824,-0.19696969697,0.0769230769231,-0.030672370045,-0.0170984847437,-0.00510417538281,-0.0514327453931,-0.0483844741355,-0.0229269517195,0.106566777414,0.0249595050838,0.0123839009288,0.00679935249481,-0.0187048167638,0.1,0.105294117647,0.00679935249481,0.1,-0.00392156862745,-0.00278293135436,0,0,0.00612914862915,-0.0588235294118,0.0588235294118,0,37,1,0,234,1,0.995744680851,0.00425531914894,0,0.973684210526,1,0.986666666667,0.984652666406,0.995744680851,0.973684210526,3,2,0,0,0,0
3054,WLNM_dir_neg,1,0.5,00:00:00,10,70,40,1985449513,threshold_sweep,0.3,0.666666666667,1,0.8,2,1,0,3,1,0.75,0.25,0,0.666666666667,1,0.8,0.833333333333,0.5,0.666666666667,0.707106781187,0.75,37,35,2,0,37,0,35,0,2,17,37,0.136029411765,1.88235294118,4.35294117647,3.36363636364,2.84615384615,1.69341284359,0.389027274878,0.193958664547,2.09866904602,0.964253345467,0.518282988871,1.87867287326,0.863174022847,0.470588235294,0.786197569093,0.41766745858,2.25,1.88235294118,0.786197569093,2.25,0.166339869281,0.0612244897959,3,0.00441176470588,0.185952380952,17,17,17,1,0,0.352941176471,0.411764705882,0.235294117647,17,0.128676470588,1.90196078431,4.11764705882,3.18181818182,2.69230769231,1.57648156274,0.382859808093,0.201680672269,2.01465221053,0.978545359402,0.524369747899,1.74894926439,0.849489642704,0.463865546218,0.814492905316,0.428238537847,2.33333333333,1.90196078431,0.814492905316,2.33333333333,0,0,0,0,0.164242424242,17,17,17,1,0,0.352941176471,0.411764705882,0.235294117647,17,38,0.139705882353,1.98764705882,4.47058823529,3.16666666667,2.92307692308,1.66274047354,0.371928790134,0.188854489164,2.04723630062,0.915868871331,0.495356037152,1.98523965067,0.888133527931,0.482972136223,0.792996921587,0.398962641817,2.35,1.98764705882,0.792996921587,2.35,0.162418300654,0.0584415584416,3,0.00441176470588,0.192081529582,17,17,17,1,0,0.294117647059,0.470588235294,0.235294117647,1,0.00367647058824,0.105294117647,0.117647058824,-0.19696969697,0.0769230769231,-0.030672370045,-0.0170984847437,-0.00510417538281,-0.0514327453931,-0.0483844741355,-0.0229269517195,0.106566777414,0.0249595050838,0.0123839009288,0.00679935249481,-0.0187048167638,0.1,0.105294117647,0.00679935249481,0.1,-0.00392156862745,-0.00278293135436,0,0,0.00612914862915,-0.0588235294118,0.0588235294118,0,37,1,0,234,1,0.995744680851,0.00425531914894,0,0.973684210526,1,0.986666666667,0.984652666406,0.995744680851,0.973684210526,3,2,0,0,0,0
3055,WLNM_dir_neg,1,0.5,00:00:00,10,70,40,1985449513,threshold_sweep,0.4,0.666666666667,1,0.8,2,1,0,3,1,0.75,0.25,0,0.666666666667,1,0.8,0.833333333333,0.5,0.666666666667,0.707106781187,0.75,37,35,2,0,37,0,35,0,2,17,37,0.136029411765,1.88235294118,4.35294117647,3.36363636364,2.84615384615,1.69341284359,0.389027274878,0.193958664547,2.09866904602,0.964253345467,0.518282988871,1.87867287326,0.863174022847,0.470588235294,0.786197569093,0.41766745858,2.25,1.88235294118,0.786197569093,2.25,0.166339869281,0.0612244897959,3,0.00441176470588,0.185952380952,17,17,17,1,0,0.352941176471,0.411764705882,0.235294117647,17,0.128676470588,1.90196078431,4.11764705882,3.18181818182,2.69230769231,1.57648156274,0.382859808093,0.201680672269,2.01465221053,0.978545359402,0.524369747899,1.74894926439,0.849489642704,0.463865546218,0.814492905316,0.428238537847,2.33333333333,1.90196078431,0.814492905316,2.33333333333,0,0,0,0,0.164242424242,17,17,17,1,0,0.352941176471,0.411764705882,0.235294117647,17,38,0.139705882353,1.98764705882,4.47058823529,3.16666666667,2.92307692308,1.66274047354,0.371928790134,0.188854489164,2.04723630062,0.915868871331,0.495356037152,1.98523965067,0.888133527931,0.482972136223,0.792996921587,0.398962641817,2.35,1.98764705882,0.792996921587,2.35,0.162418300654,0.0584415584416,3,0.00441176470588,0.192081529582,17,17,17,1,0,0.294117647059,0.470588235294,0.235294117647,1,0.00367647058824,0.105294117647,0.117647058824,-0.19696969697,0.0769230769231,-0.030672370045,-0.0170984847437,-0.00510417538281,-0.0514327453931,-0.0483844741355,-0.0229269517195,0.106566777414,0.0249595050838,0.0123839009288,0.00679935249481,-0.0187048167638,0.1,0.105294117647,0.00679935249481,0.1,-0.00392156862745,-0.00278293135436,0,0,0.00612914862915,-0.0588235294118,0.0588235294118,0,37,1,0,234,1,0.995744680851,0.00425531914894,0,0.973684210526,1,0.986666666667,0.984652666406,0.995744680851,0.973684210526,3,2,0,0,0,0
3056,WLNM_dir_neg,1,0.5,00:00:00,10,70,40,1985449513,threshold_sweep,0.5,0.666666666667,1,0.8,2,1,0,3,1,0.75,0.25,0,0.666666666667,1,0.8,0.833333333333,0.5,0.666666666667,0.707106781187,0.75,37,35,2,0,37,0,35,0,2,17,37,0.136029411765,1.88235294118,4.35294117647,3.36363636364,2.84615384615,1.69341284359,0.389027274878,0.193958664547,2.09866904602,0.964253345467,0.518282988871,1.87867287326,0.863174022847,0.470588235294,0.786197569093,0.41766745858,2.25,1.88235294118,0.786197569093,2.25,0.166339869281,0.0612244897959,3,0.00441176470588,0.185952380952,17,17,17,1,0,0.352941176471,0.411764705882,0.235294117647,17,0.128676470588,1.90196078431,4.11764705882,3.18181818182,2.69230769231,1.57648156274,0.382859808093,0.201680672269,2.01465221053,0.978545359402,0.524369747899,1.74894926439,0.849489642704,0.463865546218,0.814492905316,0.428238537847,2.33333333333,1.90196078431,0.814492905316,2.33333333333,0,0,0,0,0.164242424242,17,17,17,1,0,0.352941176471,0.411764705882,0.235294117647,17,38,0.139705882353,1.98764705882,4.47058823529,3.16666666667,2.92307692308,1.66274047354,0.371928790134,0.188854489164,2.04723630062,0.915868871331,0.495356037152,1.98523965067,0.888133527931,0.482972136223,0.792996921587,0.398962641817,2.35,1.98764705882,0.792996921587,2.35,0.162418300654,0.0584415584416,3,0.00441176470588,0.192081529582,17,17,17,1,0,0.294117647059,0.470588235294,0.235294117647,1,0.00367647058824,0.105294117647,0.117647058824,-0.19696969697,0.0769230769231,-0.030672370045,-0.0170984847437,-0.00510417538281,-0.0514327453931,-0.0483844741355,-0.0229269517195,0.106566777414,0.0249595050838,0.0123839009288,0.00679935249481,-0.0187048167638,0.1,0.105294117647,0.00679935249481,0.1,-0.00392156862745,-0.00278293135436,0,0,0.00612914862915,-0.0588235294118,0.0588235294118,0,37,1,0,234,1,0.995744680851,0.00425531914894,0,0.973684210526,1,0.986666666667,0.984652666406,0.995744680851,0.973684210526,3,2,0,0,0,0
3057,WLNM_dir_neg,1,0.5,00:00:00,10,70,40,1985449513,threshold_sweep,0.6,0.666666666667,1,0.8,2,1,0,3,1,0.75,0.25,0,0.666666666667,1,0.8,0.833333333333,0.5,0.666666666667,0.707106781187,0.75,37,35,2,0,37,0,35,0,2,17,37,0.136029411765,1.88235294118,4.35294117647,3.36363636364,2.84615384615,1.69341284359,0.389027274878,0.193958664547,2.09866904602,0.964253345467,0.518282988871,1.87867287326,0.863174022847,0.470588235294,0.786197569093,0.41766745858,2.25,1.88235294118,0.786197569093,2.25,0.166339869281,0.0612244897959,3,0.00441176470588,0.185952380952,17,17,17,1,0,0.352941176471,0.411764705882,0.235294117647,17,0.128676470588,1.90196078431,4.11764705882,3.18181818182,2.69230769231,1.57648156274,0.382859808093,0.201680672269,2.01465221053,0.978545359402,0.524369747899,1.74894926439,0.849489642704,0.463865546218,0.814492905316,0.428238537847,2.33333333333,1.90196078431,0.814492905316,2.33333333333,0,0,0,0,0.164242424242,17,17,17,1,0,0.352941176471,0.411764705882,0.235294117647,17,38,0.139705882353,1.98764705882,4.47058823529,3.16666666667,2.92307692308,1.66274047354,0.371928790134,0.188854489164,2.04723630062,0.915868871331,0.495356037152,1.98523965067,0.888133527931,0.482972136223,0.792996921587,0.398962641817,2.35,1.98764705882,0.792996921587,2.35,0.162418300654,0.0584415584416,3,0.00441176470588,0.192081529582,17,17,17,1,0,0.294117647059,0.470588235294,0.235294117647,1,0.00367647058824,0.105294117647,0.117647058824,-0.19696969697,0.0769230769231,-0.030672370045,-0.0170984847437,-0.00510417538281,-0.0514327453931,-0.0483844741355,-0.0229269517195,0.106566777414,0.0249595050838,0.0123839009288,0.00679935249481,-0.0187048167638,0.1,0.105294117647,0.00679935249481,0.1,-0.00392156862745,-0.00278293135436,0,0,0.00612914862915,-0.0588235294118,0.0588235294118,0,37,1,0,234,1,0.995744680851,0.00425531914894,0,0.973684210526,1,0.986666666667,0.984652666406,0.995744680851,0.973684210526,3,2,0,0,0,0
3058,WLNM_dir_neg,1,0.5,00:00:00,10,70,40,1985449513,threshold_sweep,0.7,0.666666666667,1,0.8,2,1,0,3,1,0.75,0.25,0,0.666666666667,1,0.8,0.833333333333,0.5,0.666666666667,0.707106781187,0.75,37,35,2,0,37,0,35,0,2,17,37,0.136029411765,1.88235294118,4.35294117647,3.36363636364,2.84615384615,1.69341284359,0.389027274878,0.193958664547,2.09866904602,0.964253345467,0.518282988871,1.87867287326,0.863174022847,0.470588235294,0.786197569093,0.41766745858,2.25,1.88235294118,0.786197569093,2.25,0.166339869281,0.0612244897959,3,0.00441176470588,0.185952380952,17,17,17,1,0,0.352941176471,0.411764705882,0.235294117647,17,0.128676470588,1.90196078431,4.11764705882,3.18181818182,2.69230769231,1.57648156274,0.382859808093,0.201680672269,2.01465221053,0.978545359402,0.524369747899,1.74894926439,0.849489642704,0.463865546218,0.814492905316,0.428238537847,2.33333333333,1.90196078431,0.814492905316,2.33333333333,0,0,0,0,0.164242424242,17,17,17,1,0,0.352941176471,0.411764705882,0.235294117647,17,38,0.139705882353,1.98764705882,4.47058823529,3.16666666667,2.92307692308,1.66274047354,0.371928790134,0.188854489164,2.04723630062,0.915868871331,0.495356037152,1.98523965067,0.888133527931,0.482972136223,0.792996921587,0.398962641817,2.35,1.98764705882,0.792996921587,2.35,0.162418300654,0.0584415584416,3,0.00441176470588,0.192081529582,17,17,17,1,0,0.294117647059,0.470588235294,0.235294117647,1,0.00367647058824,0.105294117647,0.117647058824,-0.19696969697,0.0769230769231,-0.030672370045,-0.0170984847437,-0.00510417538281,-0.0514327453931,-0.0483844741355,-0.0229269517195,0.106566777414,0.0249595050838,0.0123839009288,0.00679935249481,-0.0187048167638,0.1,0.105294117647,0.00679935249481,0.1,-0.00392156862745,-0.00278293135436,0,0,0.00612914862915,-0.0588235294118,0.0588235294118,0,37,1,0,234,1,0.995744680851,0.00425531914894,0,0.973684210526,1,0.986666666667,0.984652666406,0.995744680851,0.973684210526,3,2,0,0,0,0
3059,WLNM_dir_neg,1,0.5,00:00:00,10,70,40,1985449513,threshold_sweep,0.8,0.666666666667,1,0.8,2,1,0,3,1,0.75,0.25,0,0.666666666667,1,0.8,0.833333333333,0.5,0.666666666667,0.707106781187,0.75,37,35,2,0,37,0,35,0,2,17,37,0.136029411765,1.88235294118,4.35294117647,3.36363636364,2.84615384615,1.69341284359,0.389027274878,0.193958664547,2.09866904602,0.964253345467,0.518282988871,1.87867287326,0.863174022847,0.470588235294,0.786197569093,0.41766745858,2.25,1.88235294118,0.786197569093,2.25,0.166339869281,0.0612244897959,3,0.00441176470588,0.185952380952,17,17,17,1,0,0.352941176471,0.411764705882,0.235294117647,17,0.128676470588,1.90196078431,4.11764705882,3.18181818182,2.69230769231,1.57648156274,0.382859808093,0.201680672269,2.01465221053,0.978545359402,0.524369747899,1.74894926439,0.849489642704,0.463865546218,0.814492905316,0.428238537847,2.33333333333,1.90196078431,0.814492905316,2.33333333333,0,0,0,0,0.164242424242,17,17,17,1,0,0.352941176471,0.411764705882,0.235294117647,17,38,0.139705882353,1.98764705882,4.47058823529,3.16666666667,2.92307692308,1.66274047354,0.371928790134,0.188854489164,2.04723630062,0.915868871331,0.495356037152,1.98523965067,0.888133527931,0.482972136223,0.792996921587,0.398962641817,2.35,1.98764705882,0.792996921587,2.35,0.162418300654,0.0584415584416,3,0.00441176470588,0.192081529582,17,17,17,1,0,0.294117647059,0.470588235294,0.235294117647,1,0.00367647058824,0.105294117647,0.117647058824,-0.19696969697,0.0769230769231,-0.030672370045,-0.0170984847437,-0.00510417538281,-0.0514327453931,-0.0483844741355,-0.0229269517195,0.106566777414,0.0249595050838,0.0123839009288,0.00679935249481,-0.0187048167638,0.1,0.105294117647,0.00679935249481,0.1,-0.00392156862745,-0.00278293135436,0,0,0.00612914862915,-0.0588235294118,0.0588235294118,0,37,1,0,234,1,0.995744680851,0.00425531914894,0,0.973684210526,1,0.986666666667,0.984652666406,0.995744680851,0.973684210526,3,2,0,0,0,0
3060,WLNM_dir_neg,1,0.5,00:00:00,10,70,40,1985449513,threshold_sweep,0.9,0.666666666667,1,0.8,2,1,0,3,1,0.75,0.25,0,0.666666666667,1,0.8,0.833333333333,0.5,0.666666666667,0.707106781187,0.75,37,35,2,0,37,0,35,0,2,17,37,0.136029411765,1.88235294118,4.35294117647,3.36363636364,2.84615384615,1.69341284359,0.389027274878,0.193958664547,2.09866904602,0.964253345467,0.518282988871,1.87867287326,0.863174022847,0.470588235294,0.786197569093,0.41766745858,2.25,1.88235294118,0.786197569093,2.25,0.166339869281,0.0612244897959,3,0.00441176470588,0.185952380952,17,17,17,1,0,0.352941176471,0.411764705882,0.235294117647,17,0.128676470588,1.90196078431,4.11764705882,3.18181818182,2.69230769231,1.57648156274,0.382859808093,0.201680672269,2.01465221053,0.978545359402,0.524369747899,1.74894926439,0.849489642704,0.463865546218,0.814492905316,0.428238537847,2.33333333333,1.90196078431,0.814492905316,2.33333333333,0,0,0,0,0.164242424242,17,17,17,1,0,0.352941176471,0.411764705882,0.235294117647,17,38,0.139705882353,1.98764705882,4.47058823529,3.16666666667,2.92307692308,1.66274047354,0.371928790134,0.188854489164,2.04723630062,0.915868871331,0.495356037152,1.98523965067,0.888133527931,0.482972136223,0.792996921587,0.398962641817,2.35,1.98764705882,0.792996921587,2.35,0.162418300654,0.0584415584416,3,0.00441176470588,0.192081529582,17,17,17,1,0,0.294117647059,0.470588235294,0.235294117647,1,0.00367647058824,0.105294117647,0.117647058824,-0.19696969697,0.0769230769231,-0.030672370045,-0.0170984847437,-0.00510417538281,-0.0514327453931,-0.0483844741355,-0.0229269517195,0.106566777414,0.0249595050838,0.0123839009288,0.00679935249481,-0.0187048167638,0.1,0.105294117647,0.00679935249481,0.1,-0.00392156862745,-0.00278293135436,0,0,0.00612914862915,-0.0588235294118,0.0588235294118,0,37,1,0,234,1,0.995744680851,0.00425531914894,0,0.973684210526,1,0.986666666667,0.984652666406,0.995744680851,0.973684210526,3,2,0,0,0,0
3061,WLNM_dir_neg,1,0.5,00:00:00,10,70,41,1985449514,threshold_sweep,0.1,1,0.5,0.666666666667,1,0,1,4,0.5,1,0,0.5,1,0.5,0.666666666667,0.833333333333,0.611111111111,0.571428571429,0.632455532034,0.5,37,35,2,0,37,0,35,0,2,17,37,0.136029411765,1.88235294118,4.35294117647,3.36363636364,2.84615384615,1.69341284359,0.389027274878,0.193958664547,2.09866904602,0.964253345467,0.518282988871,1.87867287326,0.863174022847,0.470588235294,0.786197569093,0.41766745858,2.25,1.88235294118,0.786197569093,2.25,0.166339869281,0.0612244897959,3,0.00441176470588,0.185952380952,17,17,17,1,0,0.352941176471,0.411764705882,0.235294117647,17,0.128676470588,1.90196078431,4.11764705882,3.18181818182,2.69230769231,1.57648156274,0.382859808093,0.201680672269,2.01465221053,0.978545359402,0.524369747899,1.74894926439,0.849489642704,0.463865546218,0.814492905316,0.428238537847,2.33333333333,1.90196078431,0.814492905316,2.33333333333,0,0,0,0,0.164242424242,17,17,17,1,0,0.352941176471,0.411764705882,0.235294117647,17,36,0.132352941176,1.89705882353,4.23529411765,3.27272727273,2.76923076923,1.71498585143,0.40492721492,0.204248366013,2.05798302171,0.971825315808,0.522875816993,1.79869233546,0.849382491746,0.464052287582,0.805541469338,0.424626510969,2.25,1.89705882353,0.805541469338,2.25,0.0702614379085,0.0214285714286,1,0.00147058823529,0.175454545455,17,17,17,1,0,0.352941176471,0.411764705882,0.235294117647,-1,-0.00367647058824,0.0147058823529,-0.117647058824,-0.0909090909091,-0.0769230769231,0.0215730078386,0.0158999400418,0.0102897014662,-0.0406860243059,0.00757197034072,0.00459282812224,-0.0799805377942,-0.0137915311015,-0.00653594771242,0.0193439002456,0.00695905238854,0,0.0147058823529,0.0193439002456,0,-0.0960784313725,-0.0397959183673,-2,-0.00294117647059,-0.0104978354978,0,0,0,36,0,1,235,0.972972972973,1,0,0.027027027027,1,0.972972972973,0.986301369863,0.984301887704,0.972972972973,0.972972972973,1,2,0,0,0,0
3062,WLNM_dir_neg,1,0.5,00:00:00,10,70,41,1985449514,threshold_sweep,0.2,1,0.5,0.666666666667,1,0,1,4,0.5,1,0,0.5,1,0.5,0.666666666667,0.833333333333,0.611111111111,0.571428571429,0.632455532034,0.5,37,35,2,0,37,0,35,0,2,17,37,0.136029411765,1.88235294118,4.35294117647,3.36363636364,2.84615384615,1.69341284359,0.389027274878,0.193958664547,2.09866904602,0.964253345467,0.518282988871,1.87867287326,0.863174022847,0.470588235294,0.786197569093,0.41766745858,2.25,1.88235294118,0.786197569093,2.25,0.166339869281,0.0612244897959,3,0.00441176470588,0.185952380952,17,17,17,1,0,0.352941176471,0.411764705882,0.235294117647,17,0.128676470588,1.90196078431,4.11764705882,3.18181818182,2.69230769231,1.57648156274,0.382859808093,0.201680672269,2.01465221053,0.978545359402,0.524369747899,1.74894926439,0.849489642704,0.463865546218,0.814492905316,0.428238537847,2.33333333333,1.90196078431,0.814492905316,2.33333333333,0,0,0,0,0.164242424242,17,17,17,1,0,0.352941176471,0.411764705882,0.235294117647,17,36,0.132352941176,1.89705882353,4.23529411765,3.27272727273,2.76923076923,1.71498585143,0.40492721492,0.204248366013,2.05798302171,0.971825315808,0.522875816993,1.79869233546,0.849382491746,0.464052287582,0.805541469338,0.424626510969,2.25,1.89705882353,0.805541469338,2.25,0.0702614379085,0.0214285714286,1,0.00147058823529,0.175454545455,17,17,17,1,0,0.352941176471,0.411764705882,0.235294117647,-1,-0.00367647058824,0.0147058823529,-0.117647058824,-0.0909090909091,-0.0769230769231,0.0215730078386,0.0158999400418,0.0102897014662,-0.0406860243059,0.00757197034072,0.00459282812224,-0.0799805377942,-0.0137915311015,-0.00653594771242,0.0193439002456,0.00695905238854,0,0.0147058823529,0.0193439002456,0,-0.0960784313725,-0.0397959183673,-2,-0.00294117647059,-0.0104978354978,0,0,0,36,0,1,235,0.972972972973,1,0,0.027027027027,1,0.972972972973,0.986301369863,0.984301887704,0.972972972973,0.972972972973,1,2,0,0,0,0
3063,WLNM_dir_neg,1,0.5,00:00:00,10,70,41,1985449514,threshold_sweep,0.3,1,0.5,0.666666666667,1,0,1,4,0.5,1,0,0.5,1,0.5,0.666666666667,0.833333333333,0.611111111111,0.571428571429,0.632455532034,0.5,37,35,2,0,37,0,35,0,2,17,37,0.136029411765,1.88235294118,4.35294117647,3.36363636364,2.84615384615,1.69341284359,0.389027274878,0.193958664547,2.09866904602,0.964253345467,0.518282988871,1.87867287326,0.863174022847,0.470588235294,0.786197569093,0.41766745858,2.25,1.88235294118,0.786197569093,2.25,0.166339869281,0.0612244897959,3,0.00441176470588,0.185952380952,17,17,17,1,0,0.352941176471,0.411764705882,0.235294117647,17,0.128676470588,1.90196078431,4.11764705882,3.18181818182,2.69230769231,1.57648156274,0.382859808093,0.201680672269,2.01465221053,0.978545359402,0.524369747899,1.74894926439,0.849489642704,0.463865546218,0.814492905316,0.428238537847,2.33333333333,1.90196078431,0.814492905316,2.33333333333,0,0,0,0,0.164242424242,17,17,17,1,0,0.352941176471,0.411764705882,0.235294117647,17,36,0.132352941176,1.89705882353,4.23529411765,3.27272727273,2.76923076923,1.71498585143,0.40492721492,0.204248366013,2.05798302171,0.971825315808,0.522875816993,1.79869233546,0.849382491746,0.464052287582,0.805541469338,0.424626510969,2.25,1.89705882353,0.805541469338,2.25,0.0702614379085,0.0214285714286,1,0.00147058823529,0.175454545455,17,17,17,1,0,0.352941176471,0.411764705882,0.235294117647,-1,-0.00367647058824,0.0147058823529,-0.117647058824,-0.0909090909091,-0.0769230769231,0.0215730078386,0.0158999400418,0.0102897014662,-0.0406860243059,0.00757197034072,0.00459282812224,-0.0799805377942,-0.0137915311015,-0.00653594771242,0.0193439002456,0.00695905238854,0,0.0147058823529,0.0193439002456,0,-0.0960784313725,-0.0397959183673,-2,-0.00294117647059,-0.0104978354978,0,0,0,36,0,1,235,0.972972972973,1,0,0.027027027027,1,0.972972972973,0.986301369863,0.984301887704,0.972972972973,0.972972972973,1,2,0,0,0,0
3064,WLNM_dir_neg,1,0.5,00:00:00,10,70,41,1985449514,threshold_sweep,0.4,1,0.5,0.666666666667,1,0,1,4,0.5,1,0,0.5,1,0.5,0.666666666667,0.833333333333,0.611111111111,0.571428571429,0.632455532034,0.5,37,35,2,0,37,0,35,0,2,17,37,0.136029411765,1.88235294118,4.35294117647,3.36363636364,2.84615384615,1.69341284359,0.389027274878,0.193958664547,2.09866904602,0.964253345467,0.518282988871,1.87867287326,0.863174022847,0.470588235294,0.786197569093,0.41766745858,2.25,1.88235294118,0.786197569093,2.25,0.166339869281,0.0612244897959,3,0.00441176470588,0.185952380952,17,17,17,1,0,0.352941176471,0.411764705882,0.235294117647,17,0.128676470588,1.90196078431,4.11764705882,3.18181818182,2.69230769231,1.57648156274,0.382859808093,0.201680672269,2.01465221053,0.978545359402,0.524369747899,1.74894926439,0.849489642704,0.463865546218,0.814492905316,0.428238537847,2.33333333333,1.90196078431,0.814492905316,2.33333333333,0,0,0,0,0.164242424242,17,17,17,1,0,0.352941176471,0.411764705882,0.235294117647,17,36,0.132352941176,1.89705882353,4.23529411765,3.27272727273,2.76923076923,1.71498585143,0.40492721492,0.204248366013,2.05798302171,0.971825315808,0.522875816993,1.79869233546,0.849382491746,0.464052287582,0.805541469338,0.424626510969,2.25,1.89705882353,0.805541469338,2.25,0.0702614379085,0.0214285714286,1,0.00147058823529,0.175454545455,17,17,17,1,0,0.352941176471,0.411764705882,0.235294117647,-1,-0.00367647058824,0.0147058823529,-0.117647058824,-0.0909090909091,-0.0769230769231,0.0215730078386,0.0158999400418,0.0102897014662,-0.0406860243059,0.00757197034072,0.00459282812224,-0.0799805377942,-0.0137915311015,-0.00653594771242,0.0193439002456,0.00695905238854,0,0.0147058823529,0.0193439002456,0,-0.0960784313725,-0.0397959183673,-2,-0.00294117647059,-0.0104978354978,0,0,0,36,0,1,235,0.972972972973,1,0,0.027027027027,1,0.972972972973,0.986301369863,0.984301887704,0.972972972973,0.972972972973,1,2,0,0,0,0
3065,WLNM_dir_neg,1,0.5,00:00:00,10,70,41,1985449514,threshold_sweep,0.5,1,0.5,0.666666666667,1,0,1,4,0.5,1,0,0.5,1,0.5,0.666666666667,0.833333333333,0.611111111111,0.571428571429,0.632455532034,0.5,37,35,2,0,37,0,35,0,2,17,37,0.136029411765,1.88235294118,4.35294117647,3.36363636364,2.84615384615,1.69341284359,0.389027274878,0.193958664547,2.09866904602,0.964253345467,0.518282988871,1.87867287326,0.863174022847,0.470588235294,0.786197569093,0.41766745858,2.25,1.88235294118,0.786197569093,2.25,0.166339869281,0.0612244897959,3,0.00441176470588,0.185952380952,17,17,17,1,0,0.352941176471,0.411764705882,0.235294117647,17,0.128676470588,1.90196078431,4.11764705882,3.18181818182,2.69230769231,1.57648156274,0.382859808093,0.201680672269,2.01465221053,0.978545359402,0.524369747899,1.74894926439,0.849489642704,0.463865546218,0.814492905316,0.428238537847,2.33333333333,1.90196078431,0.814492905316,2.33333333333,0,0,0,0,0.164242424242,17,17,17,1,0,0.352941176471,0.411764705882,0.235294117647,17,36,0.132352941176,1.89705882353,4.23529411765,3.27272727273,2.76923076923,1.71498585143,0.40492721492,0.204248366013,2.05798302171,0.971825315808,0.522875816993,1.79869233546,0.849382491746,0.464052287582,0.805541469338,0.424626510969,2.25,1.89705882353,0.805541469338,2.25,0.0702614379085,0.0214285714286,1,0.00147058823529,0.175454545455,17,17,17,1,0,0.352941176471,0.411764705882,0.235294117647,-1,-0.00367647058824,0.0147058823529,-0.117647058824,-0.0909090909091,-0.0769230769231,0.0215730078386,0.0158999400418,0.0102897014662,-0.0406860243059,0.00757197034072,0.00459282812224,-0.0799805377942,-0.0137915311015,-0.00653594771242,0.0193439002456,0.00695905238854,0,0.0147058823529,0.0193439002456,0,-0.0960784313725,-0.0397959183673,-2,-0.00294117647059,-0.0104978354978,0,0,0,36,0,1,235,0.972972972973,1,0,0.027027027027,1,0.972972972973,0.986301369863,0.984301887704,0.972972972973,0.972972972973,1,2,0,0,0,0
3066,WLNM_dir_neg,1,0.5,00:00:00,10,70,41,1985449514,threshold_sweep,0.6,1,0.5,0.666666666667,1,0,1,4,0.5,1,0,0.5,1,0.5,0.666666666667,0.833333333333,0.611111111111,0.571428571429,0.632455532034,0.5,37,35,2,0,37,0,35,0,2,17,37,0.136029411765,1.88235294118,4.35294117647,3.36363636364,2.84615384615,1.69341284359,0.389027274878,0.193958664547,2.09866904602,0.964253345467,0.518282988871,1.87867287326,0.863174022847,0.470588235294,0.786197569093,0.41766745858,2.25,1.88235294118,0.786197569093,2.25,0.166339869281,0.0612244897959,3,0.00441176470588,0.185952380952,17,17,17,1,0,0.352941176471,0.411764705882,0.235294117647,17,0.128676470588,1.90196078431,4.11764705882,3.18181818182,2.69230769231,1.57648156274,0.382859808093,0.201680672269,2.01465221053,0.978545359402,0.524369747899,1.74894926439,0.849489642704,0.463865546218,0.814492905316,0.428238537847,2.33333333333,1.90196078431,0.814492905316,2.33333333333,0,0,0,0,0.164242424242,17,17,17,1,0,0.352941176471,0.411764705882,0.235294117647,17,36,0.132352941176,1.89705882353,4.23529411765,3.27272727273,2.76923076923,1.71498585143,0.40492721492,0.204248366013,2.05798302171,0.971825315808,0.522875816993,1.79869233546,0.849382491746,0.464052287582,0.805541469338,0.424626510969,2.25,1.89705882353,0.805541469338,2.25,0.0702614379085,0.0214285714286,1,0.00147058823529,0.175454545455,17,17,17,1,0,0.352941176471,0.411764705882,0.235294117647,-1,-0.00367647058824,0.0147058823529,-0.117647058824,-0.0909090909091,-0.0769230769231,0.0215730078386,0.0158999400418,0.0102897014662,-0.0406860243059,0.00757197034072,0.00459282812224,-0.0799805377942,-0.0137915311015,-0.00653594771242,0.0193439002456,0.00695905238854,0,0.0147058823529,0.0193439002456,0,-0.0960784313725,-0.0397959183673,-2,-0.00294117647059,-0.0104978354978,0,0,0,36,0,1,235,0.972972972973,1,0,0.027027027027,1,0.972972972973,0.986301369863,0.984301887704,0.972972972973,0.972972972973,1,2,0,0,0,0
3067,WLNM_dir_neg,1,0.5,00:00:00,10,70,41,1985449514,threshold_sweep,0.7,1,0.5,0.666666666667,1,0,1,4,0.5,1,0,0.5,1,0.5,0.666666666667,0.833333333333,0.611111111111,0.571428571429,0.632455532034,0.5,37,35,2,0,37,0,35,0,2,17,37,0.136029411765,1.88235294118,4.35294117647,3.36363636364,2.84615384615,1.69341284359,0.389027274878,0.193958664547,2.09866904602,0.964253345467,0.518282988871,1.87867287326,0.863174022847,0.470588235294,0.786197569093,0.41766745858,2.25,1.88235294118,0.786197569093,2.25,0.166339869281,0.0612244897959,3,0.00441176470588,0.185952380952,17,17,17,1,0,0.352941176471,0.411764705882,0.235294117647,17,0.128676470588,1.90196078431,4.11764705882,3.18181818182,2.69230769231,1.57648156274,0.382859808093,0.201680672269,2.01465221053,0.978545359402,0.524369747899,1.74894926439,0.849489642704,0.463865546218,0.814492905316,0.428238537847,2.33333333333,1.90196078431,0.814492905316,2.33333333333,0,0,0,0,0.164242424242,17,17,17,1,0,0.352941176471,0.411764705882,0.235294117647,17,36,0.132352941176,1.89705882353,4.23529411765,3.27272727273,2.76923076923,1.71498585143,0.40492721492,0.204248366013,2.05798302171,0.971825315808,0.522875816993,1.79869233546,0.849382491746,0.464052287582,0.805541469338,0.424626510969,2.25,1.89705882353,0.805541469338,2.25,0.0702614379085,0.0214285714286,1,0.00147058823529,0.175454545455,17,17,17,1,0,0.352941176471,0.411764705882,0.235294117647,-1,-0.00367647058824,0.0147058823529,-0.117647058824,-0.0909090909091,-0.0769230769231,0.0215730078386,0.0158999400418,0.0102897014662,-0.0406860243059,0.00757197034072,0.00459282812224,-0.0799805377942,-0.0137915311015,-0.00653594771242,0.0193439002456,0.00695905238854,0,0.0147058823529,0.0193439002456,0,-0.0960784313725,-0.0397959183673,-2,-0.00294117647059,-0.0104978354978,0,0,0,36,0,1,235,0.972972972973,1,0,0.027027027027,1,0.972972972973,0.986301369863,0.984301887704,0.972972972973,0.972972972973,1,2,0,0,0,0
3068,WLNM_dir_neg,1,0.5,00:00:00,10,70,41,1985449514,threshold_sweep,0.8,1,0.5,0.666666666667,1,0,1,4,0.5,1,0,0.5,1,0.5,0.666666666667,0.833333333333,0.611111111111,0.571428571429,0.632455532034,0.5,37,35,2,0,37,0,35,0,2,17,37,0.136029411765,1.88235294118,4.35294117647,3.36363636364,2.84615384615,1.69341284359,0.389027274878,0.193958664547,2.09866904602,0.964253345467,0.518282988871,1.87867287326,0.863174022847,0.470588235294,0.786197569093,0.41766745858,2.25,1.88235294118,0.786197569093,2.25,0.166339869281,0.0612244897959,3,0.00441176470588,0.185952380952,17,17,17,1,0,0.352941176471,0.411764705882,0.235294117647,17,0.128676470588,1.90196078431,4.11764705882,3.18181818182,2.69230769231,1.57648156274,0.382859808093,0.201680672269,2.01465221053,0.978545359402,0.524369747899,1.74894926439,0.849489642704,0.463865546218,0.814492905316,0.428238537847,2.33333333333,1.90196078431,0.814492905316,2.33333333333,0,0,0,0,0.164242424242,17,17,17,1,0,0.352941176471,0.411764705882,0.235294117647,17,36,0.132352941176,1.89705882353,4.23529411765,3.27272727273,2.76923076923,1.71498585143,0.40492721492,0.204248366013,2.05798302171,0.971825315808,0.522875816993,1.79869233546,0.849382491746,0.464052287582,0.805541469338,0.424626510969,2.25,1.89705882353,0.805541469338,2.25,0.0702614379085,0.0214285714286,1,0.00147058823529,0.175454545455,17,17,17,1,0,0.352941176471,0.411764705882,0.235294117647,-1,-0.00367647058824,0.0147058823529,-0.117647058824,-0.0909090909091,-0.0769230769231,0.0215730078386,0.0158999400418,0.0102897014662,-0.0406860243059,0.00757197034072,0.00459282812224,-0.0799805377942,-0.0137915311015,-0.00653594771242,0.0193439002456,0.00695905238854,0,0.0147058823529,0.0193439002456,0,-0.0960784313725,-0.0397959183673,-2,-0.00294117647059,-0.0104978354978,0,0,0,36,0,1,235,0.972972972973,1,0,0.027027027027,1,0.972972972973,0.986301369863,0.984301887704,0.972972972973,0.972972972973,1,2,0,0,0,0
3069,WLNM_dir_neg,1,0.5,00:00:00,10,70,41,1985449514,threshold_sweep,0.9,1,0.5,0.666666666667,1,0,1,4,0.5,1,0,0.5,1,0.5,0.666666666667,0.833333333333,0.611111111111,0.571428571429,0.632455532034,0.5,37,35,2,0,37,0,35,0,2,17,37,0.136029411765,1.88235294118,4.35294117647,3.36363636364,2.84615384615,1.69341284359,0.389027274878,0.193958664547,2.09866904602,0.964253345467,0.518282988871,1.87867287326,0.863174022847,0.470588235294,0.786197569093,0.41766745858,2.25,1.88235294118,0.786197569093,2.25,0.166339869281,0.0612244897959,3,0.00441176470588,0.185952380952,17,17,17,1,0,0.352941176471,0.411764705882,0.235294117647,17,0.128676470588,1.90196078431,4.11764705882,3.18181818182,2.69230769231,1.57648156274,0.382859808093,0.201680672269,2.01465221053,0.978545359402,0.524369747899,1.74894926439,0.849489642704,0.463865546218,0.814492905316,0.428238537847,2.33333333333,1.90196078431,0.814492905316,2.33333333333,0,0,0,0,0.164242424242,17,17,17,1,0,0.352941176471,0.411764705882,0.235294117647,17,36,0.132352941176,1.89705882353,4.23529411765,3.27272727273,2.76923076923,1.71498585143,0.40492721492,0.204248366013,2.05798302171,0.971825315808,0.522875816993,1.79869233546,0.849382491746,0.464052287582,0.805541469338,0.424626510969,2.25,1.89705882353,0.805541469338,2.25,0.0702614379085,0.0214285714286,1,0.00147058823529,0.175454545455,17,17,17,1,0,0.352941176471,0.411764705882,0.235294117647,-1,-0.00367647058824,0.0147058823529,-0.117647058824,-0.0909090909091,-0.0769230769231,0.0215730078386,0.0158999400418,0.0102897014662,-0.0406860243059,0.00757197034072,0.00459282812224,-0.0799805377942,-0.0137915311015,-0.00653594771242,0.0193439002456,0.00695905238854,0,0.0147058823529,0.0193439002456,0,-0.0960784313725,-0.0397959183673,-2,-0.00294117647059,-0.0104978354978,0,0,0,36,0,1,235,0.972972972973,1,0,0.027027027027,1,0.972972972973,0.986301369863,0.984301887704,0.972972972973,0.972972972973,1,2,0,0,0,0
3070,WLNM_dir_neg,1,0.5,00:00:00,10,70,42,1985449515,threshold_sweep,0.1,1,1,1,2,0,0,4,1,1,0,0,1,1,1,1,0.555555555556,1,1,1,37,35,2,0,37,0,35,0,2,17,37,0.136029411765,1.88235294118,4.35294117647,3.36363636364,2.84615384615,1.69341284359,0.389027274878,0.193958664547,2.09866904602,0.964253345467,0.518282988871,1.87867287326,0.863174022847,0.470588235294,0.786197569093,0.41766745858,2.25,1.88235294118,0.786197569093,2.25,0.166339869281,0.0612244897959,3,0.00441176470588,0.185952380952,17,17,17,1,0,0.352941176471,0.411764705882,0.235294117647,17,0.128676470588,1.90196078431,4.11764705882,3.18181818182,2.69230769231,1.57648156274,0.382859808093,0.201680672269,2.01465221053,0.978545359402,0.524369747899,1.74894926439,0.849489642704,0.463865546218,0.814492905316,0.428238537847,2.33333333333,1.90196078431,0.814492905316,2.33333333333,0,0,0,0,0.164242424242,17,17,17,1,0,0.352941176471,0.411764705882,0.235294117647,17,37,0.136029411765,1.88235294118,4.35294117647,3.36363636364,2.84615384615,1.69341284359,0.389027274878,0.193958664547,2.09866904602,0.964253345467,0.518282988871,1.87867287326,0.863174022847,0.470588235294,0.786197569093,0.41766745858,2.25,1.88235294118,0.786197569093,2.25,0.166339869281,0.0612244897959,3,0.00441176470588,0.185952380952,17,17,17,1,0,0.352941176471,0.411764705882,0.235294117647,0,0,0,0,0,0,0,0,0,0,0,0,0,0,0,0,0,0,0,0,0,0,0,0,0,0,0,0,0,37,0,0,235,1,1,0,0,1,1,1,1,1,1,2,2,0,0,0,0
3071,WLNM_dir_neg,1,0.5,00:00:00,10,70,42,1985449515,threshold_sweep,0.2,1,1,1,2,0,0,4,1,1,0,0,1,1,1,1,0.555555555556,1,1,1,37,35,2,0,37,0,35,0,2,17,37,0.136029411765,1.88235294118,4.35294117647,3.36363636364,2.84615384615,1.69341284359,0.389027274878,0.193958664547,2.09866904602,0.964253345467,0.518282988871,1.87867287326,0.863174022847,0.470588235294,0.786197569093,0.41766745858,2.25,1.88235294118,0.786197569093,2.25,0.166339869281,0.0612244897959,3,0.00441176470588,0.185952380952,17,17,17,1,0,0.352941176471,0.411764705882,0.235294117647,17,0.128676470588,1.90196078431,4.11764705882,3.18181818182,2.69230769231,1.57648156274,0.382859808093,0.201680672269,2.01465221053,0.978545359402,0.524369747899,1.74894926439,0.849489642704,0.463865546218,0.814492905316,0.428238537847,2.33333333333,1.90196078431,0.814492905316,2.33333333333,0,0,0,0,0.164242424242,17,17,17,1,0,0.352941176471,0.411764705882,0.235294117647,17,37,0.136029411765,1.88235294118,4.35294117647,3.36363636364,2.84615384615,1.69341284359,0.389027274878,0.193958664547,2.09866904602,0.964253345467,0.518282988871,1.87867287326,0.863174022847,0.470588235294,0.786197569093,0.41766745858,2.25,1.88235294118,0.786197569093,2.25,0.166339869281,0.0612244897959,3,0.00441176470588,0.185952380952,17,17,17,1,0,0.352941176471,0.411764705882,0.235294117647,0,0,0,0,0,0,0,0,0,0,0,0,0,0,0,0,0,0,0,0,0,0,0,0,0,0,0,0,0,37,0,0,235,1,1,0,0,1,1,1,1,1,1,2,2,0,0,0,0
3072,WLNM_dir_neg,1,0.5,00:00:00,10,70,42,1985449515,threshold_sweep,0.3,1,1,1,2,0,0,4,1,1,0,0,1,1,1,1,0.555555555556,1,1,1,37,35,2,0,37,0,35,0,2,17,37,0.136029411765,1.88235294118,4.35294117647,3.36363636364,2.84615384615,1.69341284359,0.389027274878,0.193958664547,2.09866904602,0.964253345467,0.518282988871,1.87867287326,0.863174022847,0.470588235294,0.786197569093,0.41766745858,2.25,1.88235294118,0.786197569093,2.25,0.166339869281,0.0612244897959,3,0.00441176470588,0.185952380952,17,17,17,1,0,0.352941176471,0.411764705882,0.235294117647,17,0.128676470588,1.90196078431,4.11764705882,3.18181818182,2.69230769231,1.57648156274,0.382859808093,0.201680672269,2.01465221053,0.978545359402,0.524369747899,1.74894926439,0.849489642704,0.463865546218,0.814492905316,0.428238537847,2.33333333333,1.90196078431,0.814492905316,2.33333333333,0,0,0,0,0.164242424242,17,17,17,1,0,0.352941176471,0.411764705882,0.235294117647,17,37,0.136029411765,1.88235294118,4.35294117647,3.36363636364,2.84615384615,1.69341284359,0.389027274878,0.193958664547,2.09866904602,0.964253345467,0.518282988871,1.87867287326,0.863174022847,0.470588235294,0.786197569093,0.41766745858,2.25,1.88235294118,0.786197569093,2.25,0.166339869281,0.0612244897959,3,0.00441176470588,0.185952380952,17,17,17,1,0,0.352941176471,0.411764705882,0.235294117647,0,0,0,0,0,0,0,0,0,0,0,0,0,0,0,0,0,0,0,0,0,0,0,0,0,0,0,0,0,37,0,0,235,1,1,0,0,1,1,1,1,1,1,2,2,0,0,0,0
3073,WLNM_dir_neg,1,0.5,00:00:00,10,70,42,1985449515,threshold_sweep,0.4,1,1,1,2,0,0,4,1,1,0,0,1,1,1,1,0.555555555556,1,1,1,37,35,2,0,37,0,35,0,2,17,37,0.136029411765,1.88235294118,4.35294117647,3.36363636364,2.84615384615,1.69341284359,0.389027274878,0.193958664547,2.09866904602,0.964253345467,0.518282988871,1.87867287326,0.863174022847,0.470588235294,0.786197569093,0.41766745858,2.25,1.88235294118,0.786197569093,2.25,0.166339869281,0.0612244897959,3,0.00441176470588,0.185952380952,17,17,17,1,0,0.352941176471,0.411764705882,0.235294117647,17,0.128676470588,1.90196078431,4.11764705882,3.18181818182,2.69230769231,1.57648156274,0.382859808093,0.201680672269,2.01465221053,0.978545359402,0.524369747899,1.74894926439,0.849489642704,0.463865546218,0.814492905316,0.428238537847,2.33333333333,1.90196078431,0.814492905316,2.33333333333,0,0,0,0,0.164242424242,17,17,17,1,0,0.352941176471,0.411764705882,0.235294117647,17,37,0.136029411765,1.88235294118,4.35294117647,3.36363636364,2.84615384615,1.69341284359,0.389027274878,0.193958664547,2.09866904602,0.964253345467,0.518282988871,1.87867287326,0.863174022847,0.470588235294,0.786197569093,0.41766745858,2.25,1.88235294118,0.786197569093,2.25,0.166339869281,0.0612244897959,3,0.00441176470588,0.185952380952,17,17,17,1,0,0.352941176471,0.411764705882,0.235294117647,0,0,0,0,0,0,0,0,0,0,0,0,0,0,0,0,0,0,0,0,0,0,0,0,0,0,0,0,0,37,0,0,235,1,1,0,0,1,1,1,1,1,1,2,2,0,0,0,0
3074,WLNM_dir_neg,1,0.5,00:00:00,10,70,42,1985449515,threshold_sweep,0.5,1,1,1,2,0,0,4,1,1,0,0,1,1,1,1,0.555555555556,1,1,1,37,35,2,0,37,0,35,0,2,17,37,0.136029411765,1.88235294118,4.35294117647,3.36363636364,2.84615384615,1.69341284359,0.389027274878,0.193958664547,2.09866904602,0.964253345467,0.518282988871,1.87867287326,0.863174022847,0.470588235294,0.786197569093,0.41766745858,2.25,1.88235294118,0.786197569093,2.25,0.166339869281,0.0612244897959,3,0.00441176470588,0.185952380952,17,17,17,1,0,0.352941176471,0.411764705882,0.235294117647,17,0.128676470588,1.90196078431,4.11764705882,3.18181818182,2.69230769231,1.57648156274,0.382859808093,0.201680672269,2.01465221053,0.978545359402,0.524369747899,1.74894926439,0.849489642704,0.463865546218,0.814492905316,0.428238537847,2.33333333333,1.90196078431,0.814492905316,2.33333333333,0,0,0,0,0.164242424242,17,17,17,1,0,0.352941176471,0.411764705882,0.235294117647,17,37,0.136029411765,1.88235294118,4.35294117647,3.36363636364,2.84615384615,1.69341284359,0.389027274878,0.193958664547,2.09866904602,0.964253345467,0.518282988871,1.87867287326,0.863174022847,0.470588235294,0.786197569093,0.41766745858,2.25,1.88235294118,0.786197569093,2.25,0.166339869281,0.0612244897959,3,0.00441176470588,0.185952380952,17,17,17,1,0,0.352941176471,0.411764705882,0.235294117647,0,0,0,0,0,0,0,0,0,0,0,0,0,0,0,0,0,0,0,0,0,0,0,0,0,0,0,0,0,37,0,0,235,1,1,0,0,1,1,1,1,1,1,2,2,0,0,0,0
3075,WLNM_dir_neg,1,0.5,00:00:00,10,70,42,1985449515,threshold_sweep,0.6,1,1,1,2,0,0,4,1,1,0,0,1,1,1,1,0.555555555556,1,1,1,37,35,2,0,37,0,35,0,2,17,37,0.136029411765,1.88235294118,4.35294117647,3.36363636364,2.84615384615,1.69341284359,0.389027274878,0.193958664547,2.09866904602,0.964253345467,0.518282988871,1.87867287326,0.863174022847,0.470588235294,0.786197569093,0.41766745858,2.25,1.88235294118,0.786197569093,2.25,0.166339869281,0.0612244897959,3,0.00441176470588,0.185952380952,17,17,17,1,0,0.352941176471,0.411764705882,0.235294117647,17,0.128676470588,1.90196078431,4.11764705882,3.18181818182,2.69230769231,1.57648156274,0.382859808093,0.201680672269,2.01465221053,0.978545359402,0.524369747899,1.74894926439,0.849489642704,0.463865546218,0.814492905316,0.428238537847,2.33333333333,1.90196078431,0.814492905316,2.33333333333,0,0,0,0,0.164242424242,17,17,17,1,0,0.352941176471,0.411764705882,0.235294117647,17,37,0.136029411765,1.88235294118,4.35294117647,3.36363636364,2.84615384615,1.69341284359,0.389027274878,0.193958664547,2.09866904602,0.964253345467,0.518282988871,1.87867287326,0.863174022847,0.470588235294,0.786197569093,0.41766745858,2.25,1.88235294118,0.786197569093,2.25,0.166339869281,0.0612244897959,3,0.00441176470588,0.185952380952,17,17,17,1,0,0.352941176471,0.411764705882,0.235294117647,0,0,0,0,0,0,0,0,0,0,0,0,0,0,0,0,0,0,0,0,0,0,0,0,0,0,0,0,0,37,0,0,235,1,1,0,0,1,1,1,1,1,1,2,2,0,0,0,0
3076,WLNM_dir_neg,1,0.5,00:00:00,10,70,42,1985449515,threshold_sweep,0.7,1,1,1,2,0,0,4,1,1,0,0,1,1,1,1,0.555555555556,1,1,1,37,35,2,0,37,0,35,0,2,17,37,0.136029411765,1.88235294118,4.35294117647,3.36363636364,2.84615384615,1.69341284359,0.389027274878,0.193958664547,2.09866904602,0.964253345467,0.518282988871,1.87867287326,0.863174022847,0.470588235294,0.786197569093,0.41766745858,2.25,1.88235294118,0.786197569093,2.25,0.166339869281,0.0612244897959,3,0.00441176470588,0.185952380952,17,17,17,1,0,0.352941176471,0.411764705882,0.235294117647,17,0.128676470588,1.90196078431,4.11764705882,3.18181818182,2.69230769231,1.57648156274,0.382859808093,0.201680672269,2.01465221053,0.978545359402,0.524369747899,1.74894926439,0.849489642704,0.463865546218,0.814492905316,0.428238537847,2.33333333333,1.90196078431,0.814492905316,2.33333333333,0,0,0,0,0.164242424242,17,17,17,1,0,0.352941176471,0.411764705882,0.235294117647,17,37,0.136029411765,1.88235294118,4.35294117647,3.36363636364,2.84615384615,1.69341284359,0.389027274878,0.193958664547,2.09866904602,0.964253345467,0.518282988871,1.87867287326,0.863174022847,0.470588235294,0.786197569093,0.41766745858,2.25,1.88235294118,0.786197569093,2.25,0.166339869281,0.0612244897959,3,0.00441176470588,0.185952380952,17,17,17,1,0,0.352941176471,0.411764705882,0.235294117647,0,0,0,0,0,0,0,0,0,0,0,0,0,0,0,0,0,0,0,0,0,0,0,0,0,0,0,0,0,37,0,0,235,1,1,0,0,1,1,1,1,1,1,2,2,0,0,0,0
3077,WLNM_dir_neg,1,0.5,00:00:00,10,70,42,1985449515,threshold_sweep,0.8,1,0.5,0.666666666667,1,0,1,4,0.5,1,0,0.5,1,0.5,0.666666666667,0.833333333333,0.611111111111,0.571428571429,0.632455532034,0.5,37,35,2,0,37,0,35,0,2,17,37,0.136029411765,1.88235294118,4.35294117647,3.36363636364,2.84615384615,1.69341284359,0.389027274878,0.193958664547,2.09866904602,0.964253345467,0.518282988871,1.87867287326,0.863174022847,0.470588235294,0.786197569093,0.41766745858,2.25,1.88235294118,0.786197569093,2.25,0.166339869281,0.0612244897959,3,0.00441176470588,0.185952380952,17,17,17,1,0,0.352941176471,0.411764705882,0.235294117647,17,0.128676470588,1.90196078431,4.11764705882,3.18181818182,2.69230769231,1.57648156274,0.382859808093,0.201680672269,2.01465221053,0.978545359402,0.524369747899,1.74894926439,0.849489642704,0.463865546218,0.814492905316,0.428238537847,2.33333333333,1.90196078431,0.814492905316,2.33333333333,0,0,0,0,0.164242424242,17,17,17,1,0,0.352941176471,0.411764705882,0.235294117647,17,36,0.132352941176,1.89705882353,4.23529411765,3.27272727273,2.76923076923,1.71498585143,0.40492721492,0.204248366013,2.05798302171,0.971825315808,0.522875816993,1.79869233546,0.849382491746,0.464052287582,0.805541469338,0.424626510969,2.25,1.89705882353,0.805541469338,2.25,0.0702614379085,0.0214285714286,1,0.00147058823529,0.175454545455,17,17,17,1,0,0.352941176471,0.411764705882,0.235294117647,-1,-0.00367647058824,0.0147058823529,-0.117647058824,-0.0909090909091,-0.0769230769231,0.0215730078386,0.0158999400418,0.0102897014662,-0.0406860243059,0.00757197034072,0.00459282812224,-0.0799805377942,-0.0137915311015,-0.00653594771242,0.0193439002456,0.00695905238854,0,0.0147058823529,0.0193439002456,0,-0.0960784313725,-0.0397959183673,-2,-0.00294117647059,-0.0104978354978,0,0,0,36,0,1,235,0.972972972973,1,0,0.027027027027,1,0.972972972973,0.986301369863,0.984301887704,0.972972972973,0.972972972973,1,2,0,0,0,0
3078,WLNM_dir_neg,1,0.5,00:00:00,10,70,42,1985449515,threshold_sweep,0.9,1,0.5,0.666666666667,1,0,1,4,0.5,1,0,0.5,1,0.5,0.666666666667,0.833333333333,0.611111111111,0.571428571429,0.632455532034,0.5,37,35,2,0,37,0,35,0,2,17,37,0.136029411765,1.88235294118,4.35294117647,3.36363636364,2.84615384615,1.69341284359,0.389027274878,0.193958664547,2.09866904602,0.964253345467,0.518282988871,1.87867287326,0.863174022847,0.470588235294,0.786197569093,0.41766745858,2.25,1.88235294118,0.786197569093,2.25,0.166339869281,0.0612244897959,3,0.00441176470588,0.185952380952,17,17,17,1,0,0.352941176471,0.411764705882,0.235294117647,17,0.128676470588,1.90196078431,4.11764705882,3.18181818182,2.69230769231,1.57648156274,0.382859808093,0.201680672269,2.01465221053,0.978545359402,0.524369747899,1.74894926439,0.849489642704,0.463865546218,0.814492905316,0.428238537847,2.33333333333,1.90196078431,0.814492905316,2.33333333333,0,0,0,0,0.164242424242,17,17,17,1,0,0.352941176471,0.411764705882,0.235294117647,17,36,0.132352941176,1.89705882353,4.23529411765,3.27272727273,2.76923076923,1.71498585143,0.40492721492,0.204248366013,2.05798302171,0.971825315808,0.522875816993,1.79869233546,0.849382491746,0.464052287582,0.805541469338,0.424626510969,2.25,1.89705882353,0.805541469338,2.25,0.0702614379085,0.0214285714286,1,0.00147058823529,0.175454545455,17,17,17,1,0,0.352941176471,0.411764705882,0.235294117647,-1,-0.00367647058824,0.0147058823529,-0.117647058824,-0.0909090909091,-0.0769230769231,0.0215730078386,0.0158999400418,0.0102897014662,-0.0406860243059,0.00757197034072,0.00459282812224,-0.0799805377942,-0.0137915311015,-0.00653594771242,0.0193439002456,0.00695905238854,0,0.0147058823529,0.0193439002456,0,-0.0960784313725,-0.0397959183673,-2,-0.00294117647059,-0.0104978354978,0,0,0,36,0,1,235,0.972972972973,1,0,0.027027027027,1,0.972972972973,0.986301369863,0.984301887704,0.972972972973,0.972972972973,1,2,0,0,0,0
3079,WLNM_dir_neg,1,0.5,00:00:00,10,70,43,1985449516,threshold_sweep,0.1,0.666666666667,1,0.8,2,1,0,3,1,0.75,0.25,0,0.666666666667,1,0.8,0.833333333333,0.5,0.666666666667,0.707106781187,0.75,37,35,2,0,37,0,35,0,2,17,37,0.136029411765,1.88235294118,4.35294117647,3.36363636364,2.84615384615,1.69341284359,0.389027274878,0.193958664547,2.09866904602,0.964253345467,0.518282988871,1.87867287326,0.863174022847,0.470588235294,0.786197569093,0.41766745858,2.25,1.88235294118,0.786197569093,2.25,0.166339869281,0.0612244897959,3,0.00441176470588,0.185952380952,17,17,17,1,0,0.352941176471,0.411764705882,0.235294117647,17,0.128676470588,1.90196078431,4.11764705882,3.18181818182,2.69230769231,1.57648156274,0.382859808093,0.201680672269,2.01465221053,0.978545359402,0.524369747899,1.74894926439,0.849489642704,0.463865546218,0.814492905316,0.428238537847,2.33333333333,1.90196078431,0.814492905316,2.33333333333,0,0,0,0,0.164242424242,17,17,17,1,0,0.352941176471,0.411764705882,0.235294117647,17,38,0.139705882353,1.89460784314,4.47058823529,3.45454545455,2.71428571429,1.73629084037,0.388380845872,0.198142414861,2.19457888229,0.981785289445,0.529411764706,1.82103719638,0.814674535221,0.442724458204,0.806080091789,0.425460126067,2.25,1.89460784314,0.806080091789,2.25,0.209150326797,0.115384615385,6,0.00882352941176,0.183398268398,17,17,17,1,0,0.352941176471,0.470588235294,0.176470588235,1,0.00367647058824,0.0122549019608,0.117647058824,0.0909090909091,-0.131868131868,0.0428779967836,-0.000646429005719,0.00418375031378,0.0959098362728,0.0175319439782,0.0111287758347,-0.0576356768785,-0.0484994876259,-0.0278637770898,0.0198825226968,0.0077926674869,0,0.0122549019608,0.0198825226968,0,0.0428104575163,0.0541601255887,3,0.00441176470588,-0.00255411255411,0,0.0588235294118,-0.0588235294118,37,1,0,234,1,0.995744680851,0.00425531914894,0,0.973684210526,1,0.986666666667,0.984652666406,0.995744680851,0.973684210526,3,2,0,0,0,0
3080,WLNM_dir_neg,1,0.5,00:00:00,10,70,43,1985449516,threshold_sweep,0.2,0.666666666667,1,0.8,2,1,0,3,1,0.75,0.25,0,0.666666666667,1,0.8,0.833333333333,0.5,0.666666666667,0.707106781187,0.75,37,35,2,0,37,0,35,0,2,17,37,0.136029411765,1.88235294118,4.35294117647,3.36363636364,2.84615384615,1.69341284359,0.389027274878,0.193958664547,2.09866904602,0.964253345467,0.518282988871,1.87867287326,0.863174022847,0.470588235294,0.786197569093,0.41766745858,2.25,1.88235294118,0.786197569093,2.25,0.166339869281,0.0612244897959,3,0.00441176470588,0.185952380952,17,17,17,1,0,0.352941176471,0.411764705882,0.235294117647,17,0.128676470588,1.90196078431,4.11764705882,3.18181818182,2.69230769231,1.57648156274,0.382859808093,0.201680672269,2.01465221053,0.978545359402,0.524369747899,1.74894926439,0.849489642704,0.463865546218,0.814492905316,0.428238537847,2.33333333333,1.90196078431,0.814492905316,2.33333333333,0,0,0,0,0.164242424242,17,17,17,1,0,0.352941176471,0.411764705882,0.235294117647,17,38,0.139705882353,1.89460784314,4.47058823529,3.45454545455,2.71428571429,1.73629084037,0.388380845872,0.198142414861,2.19457888229,0.981785289445,0.529411764706,1.82103719638,0.814674535221,0.442724458204,0.806080091789,0.425460126067,2.25,1.89460784314,0.806080091789,2.25,0.209150326797,0.115384615385,6,0.00882352941176,0.183398268398,17,17,17,1,0,0.352941176471,0.470588235294,0.176470588235,1,0.00367647058824,0.0122549019608,0.117647058824,0.0909090909091,-0.131868131868,0.0428779967836,-0.000646429005719,0.00418375031378,0.0959098362728,0.0175319439782,0.0111287758347,-0.0576356768785,-0.0484994876259,-0.0278637770898,0.0198825226968,0.0077926674869,0,0.0122549019608,0.0198825226968,0,0.0428104575163,0.0541601255887,3,0.00441176470588,-0.00255411255411,0,0.0588235294118,-0.0588235294118,37,1,0,234,1,0.995744680851,0.00425531914894,0,0.973684210526,1,0.986666666667,0.984652666406,0.995744680851,0.973684210526,3,2,0,0,0,0
3081,WLNM_dir_neg,1,0.5,00:00:00,10,70,43,1985449516,threshold_sweep,0.3,0.666666666667,1,0.8,2,1,0,3,1,0.75,0.25,0,0.666666666667,1,0.8,0.833333333333,0.5,0.666666666667,0.707106781187,0.75,37,35,2,0,37,0,35,0,2,17,37,0.136029411765,1.88235294118,4.35294117647,3.36363636364,2.84615384615,1.69341284359,0.389027274878,0.193958664547,2.09866904602,0.964253345467,0.518282988871,1.87867287326,0.863174022847,0.470588235294,0.786197569093,0.41766745858,2.25,1.88235294118,0.786197569093,2.25,0.166339869281,0.0612244897959,3,0.00441176470588,0.185952380952,17,17,17,1,0,0.352941176471,0.411764705882,0.235294117647,17,0.128676470588,1.90196078431,4.11764705882,3.18181818182,2.69230769231,1.57648156274,0.382859808093,0.201680672269,2.01465221053,0.978545359402,0.524369747899,1.74894926439,0.849489642704,0.463865546218,0.814492905316,0.428238537847,2.33333333333,1.90196078431,0.814492905316,2.33333333333,0,0,0,0,0.164242424242,17,17,17,1,0,0.352941176471,0.411764705882,0.235294117647,17,38,0.139705882353,1.89460784314,4.47058823529,3.45454545455,2.71428571429,1.73629084037,0.388380845872,0.198142414861,2.19457888229,0.981785289445,0.529411764706,1.82103719638,0.814674535221,0.442724458204,0.806080091789,0.425460126067,2.25,1.89460784314,0.806080091789,2.25,0.209150326797,0.115384615385,6,0.00882352941176,0.183398268398,17,17,17,1,0,0.352941176471,0.470588235294,0.176470588235,1,0.00367647058824,0.0122549019608,0.117647058824,0.0909090909091,-0.131868131868,0.0428779967836,-0.000646429005719,0.00418375031378,0.0959098362728,0.0175319439782,0.0111287758347,-0.0576356768785,-0.0484994876259,-0.0278637770898,0.0198825226968,0.0077926674869,0,0.0122549019608,0.0198825226968,0,0.0428104575163,0.0541601255887,3,0.00441176470588,-0.00255411255411,0,0.0588235294118,-0.0588235294118,37,1,0,234,1,0.995744680851,0.00425531914894,0,0.973684210526,1,0.986666666667,0.984652666406,0.995744680851,0.973684210526,3,2,0,0,0,0
3082,WLNM_dir_neg,1,0.5,00:00:00,10,70,43,1985449516,threshold_sweep,0.4,0.666666666667,1,0.8,2,1,0,3,1,0.75,0.25,0,0.666666666667,1,0.8,0.833333333333,0.5,0.666666666667,0.707106781187,0.75,37,35,2,0,37,0,35,0,2,17,37,0.136029411765,1.88235294118,4.35294117647,3.36363636364,2.84615384615,1.69341284359,0.389027274878,0.193958664547,2.09866904602,0.964253345467,0.518282988871,1.87867287326,0.863174022847,0.470588235294,0.786197569093,0.41766745858,2.25,1.88235294118,0.786197569093,2.25,0.166339869281,0.0612244897959,3,0.00441176470588,0.185952380952,17,17,17,1,0,0.352941176471,0.411764705882,0.235294117647,17,0.128676470588,1.90196078431,4.11764705882,3.18181818182,2.69230769231,1.57648156274,0.382859808093,0.201680672269,2.01465221053,0.978545359402,0.524369747899,1.74894926439,0.849489642704,0.463865546218,0.814492905316,0.428238537847,2.33333333333,1.90196078431,0.814492905316,2.33333333333,0,0,0,0,0.164242424242,17,17,17,1,0,0.352941176471,0.411764705882,0.235294117647,17,38,0.139705882353,1.89460784314,4.47058823529,3.45454545455,2.71428571429,1.73629084037,0.388380845872,0.198142414861,2.19457888229,0.981785289445,0.529411764706,1.82103719638,0.814674535221,0.442724458204,0.806080091789,0.425460126067,2.25,1.89460784314,0.806080091789,2.25,0.209150326797,0.115384615385,6,0.00882352941176,0.183398268398,17,17,17,1,0,0.352941176471,0.470588235294,0.176470588235,1,0.00367647058824,0.0122549019608,0.117647058824,0.0909090909091,-0.131868131868,0.0428779967836,-0.000646429005719,0.00418375031378,0.0959098362728,0.0175319439782,0.0111287758347,-0.0576356768785,-0.0484994876259,-0.0278637770898,0.0198825226968,0.0077926674869,0,0.0122549019608,0.0198825226968,0,0.0428104575163,0.0541601255887,3,0.00441176470588,-0.00255411255411,0,0.0588235294118,-0.0588235294118,37,1,0,234,1,0.995744680851,0.00425531914894,0,0.973684210526,1,0.986666666667,0.984652666406,0.995744680851,0.973684210526,3,2,0,0,0,0
3083,WLNM_dir_neg,1,0.5,00:00:00,10,70,43,1985449516,threshold_sweep,0.5,0.666666666667,1,0.8,2,1,0,3,1,0.75,0.25,0,0.666666666667,1,0.8,0.833333333333,0.5,0.666666666667,0.707106781187,0.75,37,35,2,0,37,0,35,0,2,17,37,0.136029411765,1.88235294118,4.35294117647,3.36363636364,2.84615384615,1.69341284359,0.389027274878,0.193958664547,2.09866904602,0.964253345467,0.518282988871,1.87867287326,0.863174022847,0.470588235294,0.786197569093,0.41766745858,2.25,1.88235294118,0.786197569093,2.25,0.166339869281,0.0612244897959,3,0.00441176470588,0.185952380952,17,17,17,1,0,0.352941176471,0.411764705882,0.235294117647,17,0.128676470588,1.90196078431,4.11764705882,3.18181818182,2.69230769231,1.57648156274,0.382859808093,0.201680672269,2.01465221053,0.978545359402,0.524369747899,1.74894926439,0.849489642704,0.463865546218,0.814492905316,0.428238537847,2.33333333333,1.90196078431,0.814492905316,2.33333333333,0,0,0,0,0.164242424242,17,17,17,1,0,0.352941176471,0.411764705882,0.235294117647,17,38,0.139705882353,1.89460784314,4.47058823529,3.45454545455,2.71428571429,1.73629084037,0.388380845872,0.198142414861,2.19457888229,0.981785289445,0.529411764706,1.82103719638,0.814674535221,0.442724458204,0.806080091789,0.425460126067,2.25,1.89460784314,0.806080091789,2.25,0.209150326797,0.115384615385,6,0.00882352941176,0.183398268398,17,17,17,1,0,0.352941176471,0.470588235294,0.176470588235,1,0.00367647058824,0.0122549019608,0.117647058824,0.0909090909091,-0.131868131868,0.0428779967836,-0.000646429005719,0.00418375031378,0.0959098362728,0.0175319439782,0.0111287758347,-0.0576356768785,-0.0484994876259,-0.0278637770898,0.0198825226968,0.0077926674869,0,0.0122549019608,0.0198825226968,0,0.0428104575163,0.0541601255887,3,0.00441176470588,-0.00255411255411,0,0.0588235294118,-0.0588235294118,37,1,0,234,1,0.995744680851,0.00425531914894,0,0.973684210526,1,0.986666666667,0.984652666406,0.995744680851,0.973684210526,3,2,0,0,0,0
3084,WLNM_dir_neg,1,0.5,00:00:00,10,70,43,1985449516,threshold_sweep,0.6,0.666666666667,1,0.8,2,1,0,3,1,0.75,0.25,0,0.666666666667,1,0.8,0.833333333333,0.5,0.666666666667,0.707106781187,0.75,37,35,2,0,37,0,35,0,2,17,37,0.136029411765,1.88235294118,4.35294117647,3.36363636364,2.84615384615,1.69341284359,0.389027274878,0.193958664547,2.09866904602,0.964253345467,0.518282988871,1.87867287326,0.863174022847,0.470588235294,0.786197569093,0.41766745858,2.25,1.88235294118,0.786197569093,2.25,0.166339869281,0.0612244897959,3,0.00441176470588,0.185952380952,17,17,17,1,0,0.352941176471,0.411764705882,0.235294117647,17,0.128676470588,1.90196078431,4.11764705882,3.18181818182,2.69230769231,1.57648156274,0.382859808093,0.201680672269,2.01465221053,0.978545359402,0.524369747899,1.74894926439,0.849489642704,0.463865546218,0.814492905316,0.428238537847,2.33333333333,1.90196078431,0.814492905316,2.33333333333,0,0,0,0,0.164242424242,17,17,17,1,0,0.352941176471,0.411764705882,0.235294117647,17,38,0.139705882353,1.89460784314,4.47058823529,3.45454545455,2.71428571429,1.73629084037,0.388380845872,0.198142414861,2.19457888229,0.981785289445,0.529411764706,1.82103719638,0.814674535221,0.442724458204,0.806080091789,0.425460126067,2.25,1.89460784314,0.806080091789,2.25,0.209150326797,0.115384615385,6,0.00882352941176,0.183398268398,17,17,17,1,0,0.352941176471,0.470588235294,0.176470588235,1,0.00367647058824,0.0122549019608,0.117647058824,0.0909090909091,-0.131868131868,0.0428779967836,-0.000646429005719,0.00418375031378,0.0959098362728,0.0175319439782,0.0111287758347,-0.0576356768785,-0.0484994876259,-0.0278637770898,0.0198825226968,0.0077926674869,0,0.0122549019608,0.0198825226968,0,0.0428104575163,0.0541601255887,3,0.00441176470588,-0.00255411255411,0,0.0588235294118,-0.0588235294118,37,1,0,234,1,0.995744680851,0.00425531914894,0,0.973684210526,1,0.986666666667,0.984652666406,0.995744680851,0.973684210526,3,2,0,0,0,0
3085,WLNM_dir_neg,1,0.5,00:00:00,10,70,43,1985449516,threshold_sweep,0.7,0.666666666667,1,0.8,2,1,0,3,1,0.75,0.25,0,0.666666666667,1,0.8,0.833333333333,0.5,0.666666666667,0.707106781187,0.75,37,35,2,0,37,0,35,0,2,17,37,0.136029411765,1.88235294118,4.35294117647,3.36363636364,2.84615384615,1.69341284359,0.389027274878,0.193958664547,2.09866904602,0.964253345467,0.518282988871,1.87867287326,0.863174022847,0.470588235294,0.786197569093,0.41766745858,2.25,1.88235294118,0.786197569093,2.25,0.166339869281,0.0612244897959,3,0.00441176470588,0.185952380952,17,17,17,1,0,0.352941176471,0.411764705882,0.235294117647,17,0.128676470588,1.90196078431,4.11764705882,3.18181818182,2.69230769231,1.57648156274,0.382859808093,0.201680672269,2.01465221053,0.978545359402,0.524369747899,1.74894926439,0.849489642704,0.463865546218,0.814492905316,0.428238537847,2.33333333333,1.90196078431,0.814492905316,2.33333333333,0,0,0,0,0.164242424242,17,17,17,1,0,0.352941176471,0.411764705882,0.235294117647,17,38,0.139705882353,1.89460784314,4.47058823529,3.45454545455,2.71428571429,1.73629084037,0.388380845872,0.198142414861,2.19457888229,0.981785289445,0.529411764706,1.82103719638,0.814674535221,0.442724458204,0.806080091789,0.425460126067,2.25,1.89460784314,0.806080091789,2.25,0.209150326797,0.115384615385,6,0.00882352941176,0.183398268398,17,17,17,1,0,0.352941176471,0.470588235294,0.176470588235,1,0.00367647058824,0.0122549019608,0.117647058824,0.0909090909091,-0.131868131868,0.0428779967836,-0.000646429005719,0.00418375031378,0.0959098362728,0.0175319439782,0.0111287758347,-0.0576356768785,-0.0484994876259,-0.0278637770898,0.0198825226968,0.0077926674869,0,0.0122549019608,0.0198825226968,0,0.0428104575163,0.0541601255887,3,0.00441176470588,-0.00255411255411,0,0.0588235294118,-0.0588235294118,37,1,0,234,1,0.995744680851,0.00425531914894,0,0.973684210526,1,0.986666666667,0.984652666406,0.995744680851,0.973684210526,3,2,0,0,0,0
3086,WLNM_dir_neg,1,0.5,00:00:00,10,70,43,1985449516,threshold_sweep,0.8,0.666666666667,1,0.8,2,1,0,3,1,0.75,0.25,0,0.666666666667,1,0.8,0.833333333333,0.5,0.666666666667,0.707106781187,0.75,37,35,2,0,37,0,35,0,2,17,37,0.136029411765,1.88235294118,4.35294117647,3.36363636364,2.84615384615,1.69341284359,0.389027274878,0.193958664547,2.09866904602,0.964253345467,0.518282988871,1.87867287326,0.863174022847,0.470588235294,0.786197569093,0.41766745858,2.25,1.88235294118,0.786197569093,2.25,0.166339869281,0.0612244897959,3,0.00441176470588,0.185952380952,17,17,17,1,0,0.352941176471,0.411764705882,0.235294117647,17,0.128676470588,1.90196078431,4.11764705882,3.18181818182,2.69230769231,1.57648156274,0.382859808093,0.201680672269,2.01465221053,0.978545359402,0.524369747899,1.74894926439,0.849489642704,0.463865546218,0.814492905316,0.428238537847,2.33333333333,1.90196078431,0.814492905316,2.33333333333,0,0,0,0,0.164242424242,17,17,17,1,0,0.352941176471,0.411764705882,0.235294117647,17,38,0.139705882353,1.89460784314,4.47058823529,3.45454545455,2.71428571429,1.73629084037,0.388380845872,0.198142414861,2.19457888229,0.981785289445,0.529411764706,1.82103719638,0.814674535221,0.442724458204,0.806080091789,0.425460126067,2.25,1.89460784314,0.806080091789,2.25,0.209150326797,0.115384615385,6,0.00882352941176,0.183398268398,17,17,17,1,0,0.352941176471,0.470588235294,0.176470588235,1,0.00367647058824,0.0122549019608,0.117647058824,0.0909090909091,-0.131868131868,0.0428779967836,-0.000646429005719,0.00418375031378,0.0959098362728,0.0175319439782,0.0111287758347,-0.0576356768785,-0.0484994876259,-0.0278637770898,0.0198825226968,0.0077926674869,0,0.0122549019608,0.0198825226968,0,0.0428104575163,0.0541601255887,3,0.00441176470588,-0.00255411255411,0,0.0588235294118,-0.0588235294118,37,1,0,234,1,0.995744680851,0.00425531914894,0,0.973684210526,1,0.986666666667,0.984652666406,0.995744680851,0.973684210526,3,2,0,0,0,0
3087,WLNM_dir_neg,1,0.5,00:00:00,10,70,43,1985449516,threshold_sweep,0.9,1,1,1,2,0,0,4,1,1,0,0,1,1,1,1,0.555555555556,1,1,1,37,35,2,0,37,0,35,0,2,17,37,0.136029411765,1.88235294118,4.35294117647,3.36363636364,2.84615384615,1.69341284359,0.389027274878,0.193958664547,2.09866904602,0.964253345467,0.518282988871,1.87867287326,0.863174022847,0.470588235294,0.786197569093,0.41766745858,2.25,1.88235294118,0.786197569093,2.25,0.166339869281,0.0612244897959,3,0.00441176470588,0.185952380952,17,17,17,1,0,0.352941176471,0.411764705882,0.235294117647,17,0.128676470588,1.90196078431,4.11764705882,3.18181818182,2.69230769231,1.57648156274,0.382859808093,0.201680672269,2.01465221053,0.978545359402,0.524369747899,1.74894926439,0.849489642704,0.463865546218,0.814492905316,0.428238537847,2.33333333333,1.90196078431,0.814492905316,2.33333333333,0,0,0,0,0.164242424242,17,17,17,1,0,0.352941176471,0.411764705882,0.235294117647,17,37,0.136029411765,1.88235294118,4.35294117647,3.36363636364,2.84615384615,1.69341284359,0.389027274878,0.193958664547,2.09866904602,0.964253345467,0.518282988871,1.87867287326,0.863174022847,0.470588235294,0.786197569093,0.41766745858,2.25,1.88235294118,0.786197569093,2.25,0.166339869281,0.0612244897959,3,0.00441176470588,0.185952380952,17,17,17,1,0,0.352941176471,0.411764705882,0.235294117647,0,0,0,0,0,0,0,0,0,0,0,0,0,0,0,0,0,0,0,0,0,0,0,0,0,0,0,0,0,37,0,0,235,1,1,0,0,1,1,1,1,1,1,2,2,0,0,0,0
3088,WLNM_dir_neg,1,0.5,00:00:00,10,70,44,1985449517,threshold_sweep,0.1,1,1,1,2,0,0,4,1,1,0,0,1,1,1,1,0.555555555556,1,1,1,37,35,2,0,37,0,35,0,2,17,37,0.136029411765,1.88235294118,4.35294117647,3.36363636364,2.84615384615,1.69341284359,0.389027274878,0.193958664547,2.09866904602,0.964253345467,0.518282988871,1.87867287326,0.863174022847,0.470588235294,0.786197569093,0.41766745858,2.25,1.88235294118,0.786197569093,2.25,0.166339869281,0.0612244897959,3,0.00441176470588,0.185952380952,17,17,17,1,0,0.352941176471,0.411764705882,0.235294117647,17,0.128676470588,1.90196078431,4.11764705882,3.18181818182,2.69230769231,1.57648156274,0.382859808093,0.201680672269,2.01465221053,0.978545359402,0.524369747899,1.74894926439,0.849489642704,0.463865546218,0.814492905316,0.428238537847,2.33333333333,1.90196078431,0.814492905316,2.33333333333,0,0,0,0,0.164242424242,17,17,17,1,0,0.352941176471,0.411764705882,0.235294117647,17,37,0.136029411765,1.88235294118,4.35294117647,3.36363636364,2.84615384615,1.69341284359,0.389027274878,0.193958664547,2.09866904602,0.964253345467,0.518282988871,1.87867287326,0.863174022847,0.470588235294,0.786197569093,0.41766745858,2.25,1.88235294118,0.786197569093,2.25,0.166339869281,0.0612244897959,3,0.00441176470588,0.185952380952,17,17,17,1,0,0.352941176471,0.411764705882,0.235294117647,0,0,0,0,0,0,0,0,0,0,0,0,0,0,0,0,0,0,0,0,0,0,0,0,0,0,0,0,0,37,0,0,235,1,1,0,0,1,1,1,1,1,1,2,2,0,0,0,0
3089,WLNM_dir_neg,1,0.5,00:00:00,10,70,44,1985449517,threshold_sweep,0.2,1,1,1,2,0,0,4,1,1,0,0,1,1,1,1,0.555555555556,1,1,1,37,35,2,0,37,0,35,0,2,17,37,0.136029411765,1.88235294118,4.35294117647,3.36363636364,2.84615384615,1.69341284359,0.389027274878,0.193958664547,2.09866904602,0.964253345467,0.518282988871,1.87867287326,0.863174022847,0.470588235294,0.786197569093,0.41766745858,2.25,1.88235294118,0.786197569093,2.25,0.166339869281,0.0612244897959,3,0.00441176470588,0.185952380952,17,17,17,1,0,0.352941176471,0.411764705882,0.235294117647,17,0.128676470588,1.90196078431,4.11764705882,3.18181818182,2.69230769231,1.57648156274,0.382859808093,0.201680672269,2.01465221053,0.978545359402,0.524369747899,1.74894926439,0.849489642704,0.463865546218,0.814492905316,0.428238537847,2.33333333333,1.90196078431,0.814492905316,2.33333333333,0,0,0,0,0.164242424242,17,17,17,1,0,0.352941176471,0.411764705882,0.235294117647,17,37,0.136029411765,1.88235294118,4.35294117647,3.36363636364,2.84615384615,1.69341284359,0.389027274878,0.193958664547,2.09866904602,0.964253345467,0.518282988871,1.87867287326,0.863174022847,0.470588235294,0.786197569093,0.41766745858,2.25,1.88235294118,0.786197569093,2.25,0.166339869281,0.0612244897959,3,0.00441176470588,0.185952380952,17,17,17,1,0,0.352941176471,0.411764705882,0.235294117647,0,0,0,0,0,0,0,0,0,0,0,0,0,0,0,0,0,0,0,0,0,0,0,0,0,0,0,0,0,37,0,0,235,1,1,0,0,1,1,1,1,1,1,2,2,0,0,0,0
3090,WLNM_dir_neg,1,0.5,00:00:00,10,70,44,1985449517,threshold_sweep,0.3,1,1,1,2,0,0,4,1,1,0,0,1,1,1,1,0.555555555556,1,1,1,37,35,2,0,37,0,35,0,2,17,37,0.136029411765,1.88235294118,4.35294117647,3.36363636364,2.84615384615,1.69341284359,0.389027274878,0.193958664547,2.09866904602,0.964253345467,0.518282988871,1.87867287326,0.863174022847,0.470588235294,0.786197569093,0.41766745858,2.25,1.88235294118,0.786197569093,2.25,0.166339869281,0.0612244897959,3,0.00441176470588,0.185952380952,17,17,17,1,0,0.352941176471,0.411764705882,0.235294117647,17,0.128676470588,1.90196078431,4.11764705882,3.18181818182,2.69230769231,1.57648156274,0.382859808093,0.201680672269,2.01465221053,0.978545359402,0.524369747899,1.74894926439,0.849489642704,0.463865546218,0.814492905316,0.428238537847,2.33333333333,1.90196078431,0.814492905316,2.33333333333,0,0,0,0,0.164242424242,17,17,17,1,0,0.352941176471,0.411764705882,0.235294117647,17,37,0.136029411765,1.88235294118,4.35294117647,3.36363636364,2.84615384615,1.69341284359,0.389027274878,0.193958664547,2.09866904602,0.964253345467,0.518282988871,1.87867287326,0.863174022847,0.470588235294,0.786197569093,0.41766745858,2.25,1.88235294118,0.786197569093,2.25,0.166339869281,0.0612244897959,3,0.00441176470588,0.185952380952,17,17,17,1,0,0.352941176471,0.411764705882,0.235294117647,0,0,0,0,0,0,0,0,0,0,0,0,0,0,0,0,0,0,0,0,0,0,0,0,0,0,0,0,0,37,0,0,235,1,1,0,0,1,1,1,1,1,1,2,2,0,0,0,0
3091,WLNM_dir_neg,1,0.5,00:00:00,10,70,44,1985449517,threshold_sweep,0.4,1,1,1,2,0,0,4,1,1,0,0,1,1,1,1,0.555555555556,1,1,1,37,35,2,0,37,0,35,0,2,17,37,0.136029411765,1.88235294118,4.35294117647,3.36363636364,2.84615384615,1.69341284359,0.389027274878,0.193958664547,2.09866904602,0.964253345467,0.518282988871,1.87867287326,0.863174022847,0.470588235294,0.786197569093,0.41766745858,2.25,1.88235294118,0.786197569093,2.25,0.166339869281,0.0612244897959,3,0.00441176470588,0.185952380952,17,17,17,1,0,0.352941176471,0.411764705882,0.235294117647,17,0.128676470588,1.90196078431,4.11764705882,3.18181818182,2.69230769231,1.57648156274,0.382859808093,0.201680672269,2.01465221053,0.978545359402,0.524369747899,1.74894926439,0.849489642704,0.463865546218,0.814492905316,0.428238537847,2.33333333333,1.90196078431,0.814492905316,2.33333333333,0,0,0,0,0.164242424242,17,17,17,1,0,0.352941176471,0.411764705882,0.235294117647,17,37,0.136029411765,1.88235294118,4.35294117647,3.36363636364,2.84615384615,1.69341284359,0.389027274878,0.193958664547,2.09866904602,0.964253345467,0.518282988871,1.87867287326,0.863174022847,0.470588235294,0.786197569093,0.41766745858,2.25,1.88235294118,0.786197569093,2.25,0.166339869281,0.0612244897959,3,0.00441176470588,0.185952380952,17,17,17,1,0,0.352941176471,0.411764705882,0.235294117647,0,0,0,0,0,0,0,0,0,0,0,0,0,0,0,0,0,0,0,0,0,0,0,0,0,0,0,0,0,37,0,0,235,1,1,0,0,1,1,1,1,1,1,2,2,0,0,0,0
3092,WLNM_dir_neg,1,0.5,00:00:00,10,70,44,1985449517,threshold_sweep,0.5,1,1,1,2,0,0,4,1,1,0,0,1,1,1,1,0.555555555556,1,1,1,37,35,2,0,37,0,35,0,2,17,37,0.136029411765,1.88235294118,4.35294117647,3.36363636364,2.84615384615,1.69341284359,0.389027274878,0.193958664547,2.09866904602,0.964253345467,0.518282988871,1.87867287326,0.863174022847,0.470588235294,0.786197569093,0.41766745858,2.25,1.88235294118,0.786197569093,2.25,0.166339869281,0.0612244897959,3,0.00441176470588,0.185952380952,17,17,17,1,0,0.352941176471,0.411764705882,0.235294117647,17,0.128676470588,1.90196078431,4.11764705882,3.18181818182,2.69230769231,1.57648156274,0.382859808093,0.201680672269,2.01465221053,0.978545359402,0.524369747899,1.74894926439,0.849489642704,0.463865546218,0.814492905316,0.428238537847,2.33333333333,1.90196078431,0.814492905316,2.33333333333,0,0,0,0,0.164242424242,17,17,17,1,0,0.352941176471,0.411764705882,0.235294117647,17,37,0.136029411765,1.88235294118,4.35294117647,3.36363636364,2.84615384615,1.69341284359,0.389027274878,0.193958664547,2.09866904602,0.964253345467,0.518282988871,1.87867287326,0.863174022847,0.470588235294,0.786197569093,0.41766745858,2.25,1.88235294118,0.786197569093,2.25,0.166339869281,0.0612244897959,3,0.00441176470588,0.185952380952,17,17,17,1,0,0.352941176471,0.411764705882,0.235294117647,0,0,0,0,0,0,0,0,0,0,0,0,0,0,0,0,0,0,0,0,0,0,0,0,0,0,0,0,0,37,0,0,235,1,1,0,0,1,1,1,1,1,1,2,2,0,0,0,0
3093,WLNM_dir_neg,1,0.5,00:00:00,10,70,44,1985449517,threshold_sweep,0.6,1,1,1,2,0,0,4,1,1,0,0,1,1,1,1,0.555555555556,1,1,1,37,35,2,0,37,0,35,0,2,17,37,0.136029411765,1.88235294118,4.35294117647,3.36363636364,2.84615384615,1.69341284359,0.389027274878,0.193958664547,2.09866904602,0.964253345467,0.518282988871,1.87867287326,0.863174022847,0.470588235294,0.786197569093,0.41766745858,2.25,1.88235294118,0.786197569093,2.25,0.166339869281,0.0612244897959,3,0.00441176470588,0.185952380952,17,17,17,1,0,0.352941176471,0.411764705882,0.235294117647,17,0.128676470588,1.90196078431,4.11764705882,3.18181818182,2.69230769231,1.57648156274,0.382859808093,0.201680672269,2.01465221053,0.978545359402,0.524369747899,1.74894926439,0.849489642704,0.463865546218,0.814492905316,0.428238537847,2.33333333333,1.90196078431,0.814492905316,2.33333333333,0,0,0,0,0.164242424242,17,17,17,1,0,0.352941176471,0.411764705882,0.235294117647,17,37,0.136029411765,1.88235294118,4.35294117647,3.36363636364,2.84615384615,1.69341284359,0.389027274878,0.193958664547,2.09866904602,0.964253345467,0.518282988871,1.87867287326,0.863174022847,0.470588235294,0.786197569093,0.41766745858,2.25,1.88235294118,0.786197569093,2.25,0.166339869281,0.0612244897959,3,0.00441176470588,0.185952380952,17,17,17,1,0,0.352941176471,0.411764705882,0.235294117647,0,0,0,0,0,0,0,0,0,0,0,0,0,0,0,0,0,0,0,0,0,0,0,0,0,0,0,0,0,37,0,0,235,1,1,0,0,1,1,1,1,1,1,2,2,0,0,0,0
3094,WLNM_dir_neg,1,0.5,00:00:00,10,70,44,1985449517,threshold_sweep,0.7,1,1,1,2,0,0,4,1,1,0,0,1,1,1,1,0.555555555556,1,1,1,37,35,2,0,37,0,35,0,2,17,37,0.136029411765,1.88235294118,4.35294117647,3.36363636364,2.84615384615,1.69341284359,0.389027274878,0.193958664547,2.09866904602,0.964253345467,0.518282988871,1.87867287326,0.863174022847,0.470588235294,0.786197569093,0.41766745858,2.25,1.88235294118,0.786197569093,2.25,0.166339869281,0.0612244897959,3,0.00441176470588,0.185952380952,17,17,17,1,0,0.352941176471,0.411764705882,0.235294117647,17,0.128676470588,1.90196078431,4.11764705882,3.18181818182,2.69230769231,1.57648156274,0.382859808093,0.201680672269,2.01465221053,0.978545359402,0.524369747899,1.74894926439,0.849489642704,0.463865546218,0.814492905316,0.428238537847,2.33333333333,1.90196078431,0.814492905316,2.33333333333,0,0,0,0,0.164242424242,17,17,17,1,0,0.352941176471,0.411764705882,0.235294117647,17,37,0.136029411765,1.88235294118,4.35294117647,3.36363636364,2.84615384615,1.69341284359,0.389027274878,0.193958664547,2.09866904602,0.964253345467,0.518282988871,1.87867287326,0.863174022847,0.470588235294,0.786197569093,0.41766745858,2.25,1.88235294118,0.786197569093,2.25,0.166339869281,0.0612244897959,3,0.00441176470588,0.185952380952,17,17,17,1,0,0.352941176471,0.411764705882,0.235294117647,0,0,0,0,0,0,0,0,0,0,0,0,0,0,0,0,0,0,0,0,0,0,0,0,0,0,0,0,0,37,0,0,235,1,1,0,0,1,1,1,1,1,1,2,2,0,0,0,0
3095,WLNM_dir_neg,1,0.5,00:00:00,10,70,44,1985449517,threshold_sweep,0.8,1,1,1,2,0,0,4,1,1,0,0,1,1,1,1,0.555555555556,1,1,1,37,35,2,0,37,0,35,0,2,17,37,0.136029411765,1.88235294118,4.35294117647,3.36363636364,2.84615384615,1.69341284359,0.389027274878,0.193958664547,2.09866904602,0.964253345467,0.518282988871,1.87867287326,0.863174022847,0.470588235294,0.786197569093,0.41766745858,2.25,1.88235294118,0.786197569093,2.25,0.166339869281,0.0612244897959,3,0.00441176470588,0.185952380952,17,17,17,1,0,0.352941176471,0.411764705882,0.235294117647,17,0.128676470588,1.90196078431,4.11764705882,3.18181818182,2.69230769231,1.57648156274,0.382859808093,0.201680672269,2.01465221053,0.978545359402,0.524369747899,1.74894926439,0.849489642704,0.463865546218,0.814492905316,0.428238537847,2.33333333333,1.90196078431,0.814492905316,2.33333333333,0,0,0,0,0.164242424242,17,17,17,1,0,0.352941176471,0.411764705882,0.235294117647,17,37,0.136029411765,1.88235294118,4.35294117647,3.36363636364,2.84615384615,1.69341284359,0.389027274878,0.193958664547,2.09866904602,0.964253345467,0.518282988871,1.87867287326,0.863174022847,0.470588235294,0.786197569093,0.41766745858,2.25,1.88235294118,0.786197569093,2.25,0.166339869281,0.0612244897959,3,0.00441176470588,0.185952380952,17,17,17,1,0,0.352941176471,0.411764705882,0.235294117647,0,0,0,0,0,0,0,0,0,0,0,0,0,0,0,0,0,0,0,0,0,0,0,0,0,0,0,0,0,37,0,0,235,1,1,0,0,1,1,1,1,1,1,2,2,0,0,0,0
3096,WLNM_dir_neg,1,0.5,00:00:00,10,70,44,1985449517,threshold_sweep,0.9,1,1,1,2,0,0,4,1,1,0,0,1,1,1,1,0.555555555556,1,1,1,37,35,2,0,37,0,35,0,2,17,37,0.136029411765,1.88235294118,4.35294117647,3.36363636364,2.84615384615,1.69341284359,0.389027274878,0.193958664547,2.09866904602,0.964253345467,0.518282988871,1.87867287326,0.863174022847,0.470588235294,0.786197569093,0.41766745858,2.25,1.88235294118,0.786197569093,2.25,0.166339869281,0.0612244897959,3,0.00441176470588,0.185952380952,17,17,17,1,0,0.352941176471,0.411764705882,0.235294117647,17,0.128676470588,1.90196078431,4.11764705882,3.18181818182,2.69230769231,1.57648156274,0.382859808093,0.201680672269,2.01465221053,0.978545359402,0.524369747899,1.74894926439,0.849489642704,0.463865546218,0.814492905316,0.428238537847,2.33333333333,1.90196078431,0.814492905316,2.33333333333,0,0,0,0,0.164242424242,17,17,17,1,0,0.352941176471,0.411764705882,0.235294117647,17,37,0.136029411765,1.88235294118,4.35294117647,3.36363636364,2.84615384615,1.69341284359,0.389027274878,0.193958664547,2.09866904602,0.964253345467,0.518282988871,1.87867287326,0.863174022847,0.470588235294,0.786197569093,0.41766745858,2.25,1.88235294118,0.786197569093,2.25,0.166339869281,0.0612244897959,3,0.00441176470588,0.185952380952,17,17,17,1,0,0.352941176471,0.411764705882,0.235294117647,0,0,0,0,0,0,0,0,0,0,0,0,0,0,0,0,0,0,0,0,0,0,0,0,0,0,0,0,0,37,0,0,235,1,1,0,0,1,1,1,1,1,1,2,2,0,0,0,0
3097,WLNM_dir_neg,1,0.5,00:00:00,10,70,45,1985449518,threshold_sweep,0.1,1,1,1,2,0,0,4,1,1,0,0,1,1,1,1,0.555555555556,1,1,1,37,35,2,0,37,0,35,0,2,17,37,0.136029411765,1.88235294118,4.35294117647,3.36363636364,2.84615384615,1.69341284359,0.389027274878,0.193958664547,2.09866904602,0.964253345467,0.518282988871,1.87867287326,0.863174022847,0.470588235294,0.786197569093,0.41766745858,2.25,1.88235294118,0.786197569093,2.25,0.166339869281,0.0612244897959,3,0.00441176470588,0.185952380952,17,17,17,1,0,0.352941176471,0.411764705882,0.235294117647,17,0.128676470588,1.90196078431,4.11764705882,3.18181818182,2.69230769231,1.57648156274,0.382859808093,0.201680672269,2.01465221053,0.978545359402,0.524369747899,1.74894926439,0.849489642704,0.463865546218,0.814492905316,0.428238537847,2.33333333333,1.90196078431,0.814492905316,2.33333333333,0,0,0,0,0.164242424242,17,17,17,1,0,0.352941176471,0.411764705882,0.235294117647,17,37,0.136029411765,1.88235294118,4.35294117647,3.36363636364,2.84615384615,1.69341284359,0.389027274878,0.193958664547,2.09866904602,0.964253345467,0.518282988871,1.87867287326,0.863174022847,0.470588235294,0.786197569093,0.41766745858,2.25,1.88235294118,0.786197569093,2.25,0.166339869281,0.0612244897959,3,0.00441176470588,0.185952380952,17,17,17,1,0,0.352941176471,0.411764705882,0.235294117647,0,0,0,0,0,0,0,0,0,0,0,0,0,0,0,0,0,0,0,0,0,0,0,0,0,0,0,0,0,37,0,0,235,1,1,0,0,1,1,1,1,1,1,2,2,0,0,0,0
3098,WLNM_dir_neg,1,0.5,00:00:00,10,70,45,1985449518,threshold_sweep,0.2,1,1,1,2,0,0,4,1,1,0,0,1,1,1,1,0.555555555556,1,1,1,37,35,2,0,37,0,35,0,2,17,37,0.136029411765,1.88235294118,4.35294117647,3.36363636364,2.84615384615,1.69341284359,0.389027274878,0.193958664547,2.09866904602,0.964253345467,0.518282988871,1.87867287326,0.863174022847,0.470588235294,0.786197569093,0.41766745858,2.25,1.88235294118,0.786197569093,2.25,0.166339869281,0.0612244897959,3,0.00441176470588,0.185952380952,17,17,17,1,0,0.352941176471,0.411764705882,0.235294117647,17,0.128676470588,1.90196078431,4.11764705882,3.18181818182,2.69230769231,1.57648156274,0.382859808093,0.201680672269,2.01465221053,0.978545359402,0.524369747899,1.74894926439,0.849489642704,0.463865546218,0.814492905316,0.428238537847,2.33333333333,1.90196078431,0.814492905316,2.33333333333,0,0,0,0,0.164242424242,17,17,17,1,0,0.352941176471,0.411764705882,0.235294117647,17,37,0.136029411765,1.88235294118,4.35294117647,3.36363636364,2.84615384615,1.69341284359,0.389027274878,0.193958664547,2.09866904602,0.964253345467,0.518282988871,1.87867287326,0.863174022847,0.470588235294,0.786197569093,0.41766745858,2.25,1.88235294118,0.786197569093,2.25,0.166339869281,0.0612244897959,3,0.00441176470588,0.185952380952,17,17,17,1,0,0.352941176471,0.411764705882,0.235294117647,0,0,0,0,0,0,0,0,0,0,0,0,0,0,0,0,0,0,0,0,0,0,0,0,0,0,0,0,0,37,0,0,235,1,1,0,0,1,1,1,1,1,1,2,2,0,0,0,0
3099,WLNM_dir_neg,1,0.5,00:00:00,10,70,45,1985449518,threshold_sweep,0.3,1,1,1,2,0,0,4,1,1,0,0,1,1,1,1,0.555555555556,1,1,1,37,35,2,0,37,0,35,0,2,17,37,0.136029411765,1.88235294118,4.35294117647,3.36363636364,2.84615384615,1.69341284359,0.389027274878,0.193958664547,2.09866904602,0.964253345467,0.518282988871,1.87867287326,0.863174022847,0.470588235294,0.786197569093,0.41766745858,2.25,1.88235294118,0.786197569093,2.25,0.166339869281,0.0612244897959,3,0.00441176470588,0.185952380952,17,17,17,1,0,0.352941176471,0.411764705882,0.235294117647,17,0.128676470588,1.90196078431,4.11764705882,3.18181818182,2.69230769231,1.57648156274,0.382859808093,0.201680672269,2.01465221053,0.978545359402,0.524369747899,1.74894926439,0.849489642704,0.463865546218,0.814492905316,0.428238537847,2.33333333333,1.90196078431,0.814492905316,2.33333333333,0,0,0,0,0.164242424242,17,17,17,1,0,0.352941176471,0.411764705882,0.235294117647,17,37,0.136029411765,1.88235294118,4.35294117647,3.36363636364,2.84615384615,1.69341284359,0.389027274878,0.193958664547,2.09866904602,0.964253345467,0.518282988871,1.87867287326,0.863174022847,0.470588235294,0.786197569093,0.41766745858,2.25,1.88235294118,0.786197569093,2.25,0.166339869281,0.0612244897959,3,0.00441176470588,0.185952380952,17,17,17,1,0,0.352941176471,0.411764705882,0.235294117647,0,0,0,0,0,0,0,0,0,0,0,0,0,0,0,0,0,0,0,0,0,0,0,0,0,0,0,0,0,37,0,0,235,1,1,0,0,1,1,1,1,1,1,2,2,0,0,0,0
3100,WLNM_dir_neg,1,0.5,00:00:00,10,70,45,1985449518,threshold_sweep,0.4,1,1,1,2,0,0,4,1,1,0,0,1,1,1,1,0.555555555556,1,1,1,37,35,2,0,37,0,35,0,2,17,37,0.136029411765,1.88235294118,4.35294117647,3.36363636364,2.84615384615,1.69341284359,0.389027274878,0.193958664547,2.09866904602,0.964253345467,0.518282988871,1.87867287326,0.863174022847,0.470588235294,0.786197569093,0.41766745858,2.25,1.88235294118,0.786197569093,2.25,0.166339869281,0.0612244897959,3,0.00441176470588,0.185952380952,17,17,17,1,0,0.352941176471,0.411764705882,0.235294117647,17,0.128676470588,1.90196078431,4.11764705882,3.18181818182,2.69230769231,1.57648156274,0.382859808093,0.201680672269,2.01465221053,0.978545359402,0.524369747899,1.74894926439,0.849489642704,0.463865546218,0.814492905316,0.428238537847,2.33333333333,1.90196078431,0.814492905316,2.33333333333,0,0,0,0,0.164242424242,17,17,17,1,0,0.352941176471,0.411764705882,0.235294117647,17,37,0.136029411765,1.88235294118,4.35294117647,3.36363636364,2.84615384615,1.69341284359,0.389027274878,0.193958664547,2.09866904602,0.964253345467,0.518282988871,1.87867287326,0.863174022847,0.470588235294,0.786197569093,0.41766745858,2.25,1.88235294118,0.786197569093,2.25,0.166339869281,0.0612244897959,3,0.00441176470588,0.185952380952,17,17,17,1,0,0.352941176471,0.411764705882,0.235294117647,0,0,0,0,0,0,0,0,0,0,0,0,0,0,0,0,0,0,0,0,0,0,0,0,0,0,0,0,0,37,0,0,235,1,1,0,0,1,1,1,1,1,1,2,2,0,0,0,0
3101,WLNM_dir_neg,1,0.5,00:00:00,10,70,45,1985449518,threshold_sweep,0.5,1,1,1,2,0,0,4,1,1,0,0,1,1,1,1,0.555555555556,1,1,1,37,35,2,0,37,0,35,0,2,17,37,0.136029411765,1.88235294118,4.35294117647,3.36363636364,2.84615384615,1.69341284359,0.389027274878,0.193958664547,2.09866904602,0.964253345467,0.518282988871,1.87867287326,0.863174022847,0.470588235294,0.786197569093,0.41766745858,2.25,1.88235294118,0.786197569093,2.25,0.166339869281,0.0612244897959,3,0.00441176470588,0.185952380952,17,17,17,1,0,0.352941176471,0.411764705882,0.235294117647,17,0.128676470588,1.90196078431,4.11764705882,3.18181818182,2.69230769231,1.57648156274,0.382859808093,0.201680672269,2.01465221053,0.978545359402,0.524369747899,1.74894926439,0.849489642704,0.463865546218,0.814492905316,0.428238537847,2.33333333333,1.90196078431,0.814492905316,2.33333333333,0,0,0,0,0.164242424242,17,17,17,1,0,0.352941176471,0.411764705882,0.235294117647,17,37,0.136029411765,1.88235294118,4.35294117647,3.36363636364,2.84615384615,1.69341284359,0.389027274878,0.193958664547,2.09866904602,0.964253345467,0.518282988871,1.87867287326,0.863174022847,0.470588235294,0.786197569093,0.41766745858,2.25,1.88235294118,0.786197569093,2.25,0.166339869281,0.0612244897959,3,0.00441176470588,0.185952380952,17,17,17,1,0,0.352941176471,0.411764705882,0.235294117647,0,0,0,0,0,0,0,0,0,0,0,0,0,0,0,0,0,0,0,0,0,0,0,0,0,0,0,0,0,37,0,0,235,1,1,0,0,1,1,1,1,1,1,2,2,0,0,0,0
3102,WLNM_dir_neg,1,0.5,00:00:00,10,70,45,1985449518,threshold_sweep,0.6,1,1,1,2,0,0,4,1,1,0,0,1,1,1,1,0.555555555556,1,1,1,37,35,2,0,37,0,35,0,2,17,37,0.136029411765,1.88235294118,4.35294117647,3.36363636364,2.84615384615,1.69341284359,0.389027274878,0.193958664547,2.09866904602,0.964253345467,0.518282988871,1.87867287326,0.863174022847,0.470588235294,0.786197569093,0.41766745858,2.25,1.88235294118,0.786197569093,2.25,0.166339869281,0.0612244897959,3,0.00441176470588,0.185952380952,17,17,17,1,0,0.352941176471,0.411764705882,0.235294117647,17,0.128676470588,1.90196078431,4.11764705882,3.18181818182,2.69230769231,1.57648156274,0.382859808093,0.201680672269,2.01465221053,0.978545359402,0.524369747899,1.74894926439,0.849489642704,0.463865546218,0.814492905316,0.428238537847,2.33333333333,1.90196078431,0.814492905316,2.33333333333,0,0,0,0,0.164242424242,17,17,17,1,0,0.352941176471,0.411764705882,0.235294117647,17,37,0.136029411765,1.88235294118,4.35294117647,3.36363636364,2.84615384615,1.69341284359,0.389027274878,0.193958664547,2.09866904602,0.964253345467,0.518282988871,1.87867287326,0.863174022847,0.470588235294,0.786197569093,0.41766745858,2.25,1.88235294118,0.786197569093,2.25,0.166339869281,0.0612244897959,3,0.00441176470588,0.185952380952,17,17,17,1,0,0.352941176471,0.411764705882,0.235294117647,0,0,0,0,0,0,0,0,0,0,0,0,0,0,0,0,0,0,0,0,0,0,0,0,0,0,0,0,0,37,0,0,235,1,1,0,0,1,1,1,1,1,1,2,2,0,0,0,0
3103,WLNM_dir_neg,1,0.5,00:00:00,10,70,45,1985449518,threshold_sweep,0.7,1,1,1,2,0,0,4,1,1,0,0,1,1,1,1,0.555555555556,1,1,1,37,35,2,0,37,0,35,0,2,17,37,0.136029411765,1.88235294118,4.35294117647,3.36363636364,2.84615384615,1.69341284359,0.389027274878,0.193958664547,2.09866904602,0.964253345467,0.518282988871,1.87867287326,0.863174022847,0.470588235294,0.786197569093,0.41766745858,2.25,1.88235294118,0.786197569093,2.25,0.166339869281,0.0612244897959,3,0.00441176470588,0.185952380952,17,17,17,1,0,0.352941176471,0.411764705882,0.235294117647,17,0.128676470588,1.90196078431,4.11764705882,3.18181818182,2.69230769231,1.57648156274,0.382859808093,0.201680672269,2.01465221053,0.978545359402,0.524369747899,1.74894926439,0.849489642704,0.463865546218,0.814492905316,0.428238537847,2.33333333333,1.90196078431,0.814492905316,2.33333333333,0,0,0,0,0.164242424242,17,17,17,1,0,0.352941176471,0.411764705882,0.235294117647,17,37,0.136029411765,1.88235294118,4.35294117647,3.36363636364,2.84615384615,1.69341284359,0.389027274878,0.193958664547,2.09866904602,0.964253345467,0.518282988871,1.87867287326,0.863174022847,0.470588235294,0.786197569093,0.41766745858,2.25,1.88235294118,0.786197569093,2.25,0.166339869281,0.0612244897959,3,0.00441176470588,0.185952380952,17,17,17,1,0,0.352941176471,0.411764705882,0.235294117647,0,0,0,0,0,0,0,0,0,0,0,0,0,0,0,0,0,0,0,0,0,0,0,0,0,0,0,0,0,37,0,0,235,1,1,0,0,1,1,1,1,1,1,2,2,0,0,0,0
3104,WLNM_dir_neg,1,0.5,00:00:00,10,70,45,1985449518,threshold_sweep,0.8,1,1,1,2,0,0,4,1,1,0,0,1,1,1,1,0.555555555556,1,1,1,37,35,2,0,37,0,35,0,2,17,37,0.136029411765,1.88235294118,4.35294117647,3.36363636364,2.84615384615,1.69341284359,0.389027274878,0.193958664547,2.09866904602,0.964253345467,0.518282988871,1.87867287326,0.863174022847,0.470588235294,0.786197569093,0.41766745858,2.25,1.88235294118,0.786197569093,2.25,0.166339869281,0.0612244897959,3,0.00441176470588,0.185952380952,17,17,17,1,0,0.352941176471,0.411764705882,0.235294117647,17,0.128676470588,1.90196078431,4.11764705882,3.18181818182,2.69230769231,1.57648156274,0.382859808093,0.201680672269,2.01465221053,0.978545359402,0.524369747899,1.74894926439,0.849489642704,0.463865546218,0.814492905316,0.428238537847,2.33333333333,1.90196078431,0.814492905316,2.33333333333,0,0,0,0,0.164242424242,17,17,17,1,0,0.352941176471,0.411764705882,0.235294117647,17,37,0.136029411765,1.88235294118,4.35294117647,3.36363636364,2.84615384615,1.69341284359,0.389027274878,0.193958664547,2.09866904602,0.964253345467,0.518282988871,1.87867287326,0.863174022847,0.470588235294,0.786197569093,0.41766745858,2.25,1.88235294118,0.786197569093,2.25,0.166339869281,0.0612244897959,3,0.00441176470588,0.185952380952,17,17,17,1,0,0.352941176471,0.411764705882,0.235294117647,0,0,0,0,0,0,0,0,0,0,0,0,0,0,0,0,0,0,0,0,0,0,0,0,0,0,0,0,0,37,0,0,235,1,1,0,0,1,1,1,1,1,1,2,2,0,0,0,0
3105,WLNM_dir_neg,1,0.5,00:00:00,10,70,45,1985449518,threshold_sweep,0.9,1,0.5,0.666666666667,1,0,1,4,0.5,1,0,0.5,1,0.5,0.666666666667,0.833333333333,0.611111111111,0.571428571429,0.632455532034,0.5,37,35,2,0,37,0,35,0,2,17,37,0.136029411765,1.88235294118,4.35294117647,3.36363636364,2.84615384615,1.69341284359,0.389027274878,0.193958664547,2.09866904602,0.964253345467,0.518282988871,1.87867287326,0.863174022847,0.470588235294,0.786197569093,0.41766745858,2.25,1.88235294118,0.786197569093,2.25,0.166339869281,0.0612244897959,3,0.00441176470588,0.185952380952,17,17,17,1,0,0.352941176471,0.411764705882,0.235294117647,17,0.128676470588,1.90196078431,4.11764705882,3.18181818182,2.69230769231,1.57648156274,0.382859808093,0.201680672269,2.01465221053,0.978545359402,0.524369747899,1.74894926439,0.849489642704,0.463865546218,0.814492905316,0.428238537847,2.33333333333,1.90196078431,0.814492905316,2.33333333333,0,0,0,0,0.164242424242,17,17,17,1,0,0.352941176471,0.411764705882,0.235294117647,17,36,0.132352941176,1.89705882353,4.23529411765,3.27272727273,2.76923076923,1.71498585143,0.40492721492,0.204248366013,2.05798302171,0.971825315808,0.522875816993,1.79869233546,0.849382491746,0.464052287582,0.805541469338,0.424626510969,2.25,1.89705882353,0.805541469338,2.25,0.0702614379085,0.0214285714286,1,0.00147058823529,0.175454545455,17,17,17,1,0,0.352941176471,0.411764705882,0.235294117647,-1,-0.00367647058824,0.0147058823529,-0.117647058824,-0.0909090909091,-0.0769230769231,0.0215730078386,0.0158999400418,0.0102897014662,-0.0406860243059,0.00757197034072,0.00459282812224,-0.0799805377942,-0.0137915311015,-0.00653594771242,0.0193439002456,0.00695905238854,0,0.0147058823529,0.0193439002456,0,-0.0960784313725,-0.0397959183673,-2,-0.00294117647059,-0.0104978354978,0,0,0,36,0,1,235,0.972972972973,1,0,0.027027027027,1,0.972972972973,0.986301369863,0.984301887704,0.972972972973,0.972972972973,1,2,0,0,0,0
3106,WLNM_dir_neg,1,0.5,00:00:00,10,70,46,1985449519,threshold_sweep,0.1,0.666666666667,1,0.8,2,1,0,3,1,0.75,0.25,0,0.666666666667,1,0.8,0.833333333333,0.5,0.666666666667,0.707106781187,0.75,37,35,2,0,37,0,35,0,2,17,37,0.136029411765,1.88235294118,4.35294117647,3.36363636364,2.84615384615,1.69341284359,0.389027274878,0.193958664547,2.09866904602,0.964253345467,0.518282988871,1.87867287326,0.863174022847,0.470588235294,0.786197569093,0.41766745858,2.25,1.88235294118,0.786197569093,2.25,0.166339869281,0.0612244897959,3,0.00441176470588,0.185952380952,17,17,17,1,0,0.352941176471,0.411764705882,0.235294117647,17,0.128676470588,1.90196078431,4.11764705882,3.18181818182,2.69230769231,1.57648156274,0.382859808093,0.201680672269,2.01465221053,0.978545359402,0.524369747899,1.74894926439,0.849489642704,0.463865546218,0.814492905316,0.428238537847,2.33333333333,1.90196078431,0.814492905316,2.33333333333,0,0,0,0,0.164242424242,17,17,17,1,0,0.352941176471,0.411764705882,0.235294117647,17,38,0.139705882353,1.90992647059,4.47058823529,3.45454545455,2.71428571429,1.62471716996,0.36342357749,0.179566563467,2.07754096725,0.929426222189,0.501547987616,1.82103719638,0.814674535221,0.442724458204,0.833698985343,0.43650841966,2.375,1.90992647059,0.833698985343,2.375,0.146405228758,0.078431372549,4,0.00588235294118,0.183528138528,17,17,17,1,0,0.352941176471,0.470588235294,0.176470588235,1,0.00367647058824,0.0275735294118,0.117647058824,0.0909090909091,-0.131868131868,-0.0686956736295,-0.0256036973876,-0.0143921010794,-0.0211280787694,-0.0348271232775,-0.0167350012551,-0.0576356768785,-0.0484994876259,-0.0278637770898,0.0475014162503,0.0188409610794,0.125,0.0275735294118,0.0475014162503,0.125,-0.0199346405229,0.0172068827531,1,0.00147058823529,-0.00242424242424,0,0.0588235294118,-0.0588235294118,37,1,0,234,1,0.995744680851,0.00425531914894,0,0.973684210526,1,0.986666666667,0.984652666406,0.995744680851,0.973684210526,3,2,0,0,0,0
3107,WLNM_dir_neg,1,0.5,00:00:00,10,70,46,1985449519,threshold_sweep,0.2,0.666666666667,1,0.8,2,1,0,3,1,0.75,0.25,0,0.666666666667,1,0.8,0.833333333333,0.5,0.666666666667,0.707106781187,0.75,37,35,2,0,37,0,35,0,2,17,37,0.136029411765,1.88235294118,4.35294117647,3.36363636364,2.84615384615,1.69341284359,0.389027274878,0.193958664547,2.09866904602,0.964253345467,0.518282988871,1.87867287326,0.863174022847,0.470588235294,0.786197569093,0.41766745858,2.25,1.88235294118,0.786197569093,2.25,0.166339869281,0.0612244897959,3,0.00441176470588,0.185952380952,17,17,17,1,0,0.352941176471,0.411764705882,0.235294117647,17,0.128676470588,1.90196078431,4.11764705882,3.18181818182,2.69230769231,1.57648156274,0.382859808093,0.201680672269,2.01465221053,0.978545359402,0.524369747899,1.74894926439,0.849489642704,0.463865546218,0.814492905316,0.428238537847,2.33333333333,1.90196078431,0.814492905316,2.33333333333,0,0,0,0,0.164242424242,17,17,17,1,0,0.352941176471,0.411764705882,0.235294117647,17,38,0.139705882353,1.90992647059,4.47058823529,3.45454545455,2.71428571429,1.62471716996,0.36342357749,0.179566563467,2.07754096725,0.929426222189,0.501547987616,1.82103719638,0.814674535221,0.442724458204,0.833698985343,0.43650841966,2.375,1.90992647059,0.833698985343,2.375,0.146405228758,0.078431372549,4,0.00588235294118,0.183528138528,17,17,17,1,0,0.352941176471,0.470588235294,0.176470588235,1,0.00367647058824,0.0275735294118,0.117647058824,0.0909090909091,-0.131868131868,-0.0686956736295,-0.0256036973876,-0.0143921010794,-0.0211280787694,-0.0348271232775,-0.0167350012551,-0.0576356768785,-0.0484994876259,-0.0278637770898,0.0475014162503,0.0188409610794,0.125,0.0275735294118,0.0475014162503,0.125,-0.0199346405229,0.0172068827531,1,0.00147058823529,-0.00242424242424,0,0.0588235294118,-0.0588235294118,37,1,0,234,1,0.995744680851,0.00425531914894,0,0.973684210526,1,0.986666666667,0.984652666406,0.995744680851,0.973684210526,3,2,0,0,0,0
3108,WLNM_dir_neg,1,0.5,00:00:00,10,70,46,1985449519,threshold_sweep,0.3,0.666666666667,1,0.8,2,1,0,3,1,0.75,0.25,0,0.666666666667,1,0.8,0.833333333333,0.5,0.666666666667,0.707106781187,0.75,37,35,2,0,37,0,35,0,2,17,37,0.136029411765,1.88235294118,4.35294117647,3.36363636364,2.84615384615,1.69341284359,0.389027274878,0.193958664547,2.09866904602,0.964253345467,0.518282988871,1.87867287326,0.863174022847,0.470588235294,0.786197569093,0.41766745858,2.25,1.88235294118,0.786197569093,2.25,0.166339869281,0.0612244897959,3,0.00441176470588,0.185952380952,17,17,17,1,0,0.352941176471,0.411764705882,0.235294117647,17,0.128676470588,1.90196078431,4.11764705882,3.18181818182,2.69230769231,1.57648156274,0.382859808093,0.201680672269,2.01465221053,0.978545359402,0.524369747899,1.74894926439,0.849489642704,0.463865546218,0.814492905316,0.428238537847,2.33333333333,1.90196078431,0.814492905316,2.33333333333,0,0,0,0,0.164242424242,17,17,17,1,0,0.352941176471,0.411764705882,0.235294117647,17,38,0.139705882353,1.90992647059,4.47058823529,3.45454545455,2.71428571429,1.62471716996,0.36342357749,0.179566563467,2.07754096725,0.929426222189,0.501547987616,1.82103719638,0.814674535221,0.442724458204,0.833698985343,0.43650841966,2.375,1.90992647059,0.833698985343,2.375,0.146405228758,0.078431372549,4,0.00588235294118,0.183528138528,17,17,17,1,0,0.352941176471,0.470588235294,0.176470588235,1,0.00367647058824,0.0275735294118,0.117647058824,0.0909090909091,-0.131868131868,-0.0686956736295,-0.0256036973876,-0.0143921010794,-0.0211280787694,-0.0348271232775,-0.0167350012551,-0.0576356768785,-0.0484994876259,-0.0278637770898,0.0475014162503,0.0188409610794,0.125,0.0275735294118,0.0475014162503,0.125,-0.0199346405229,0.0172068827531,1,0.00147058823529,-0.00242424242424,0,0.0588235294118,-0.0588235294118,37,1,0,234,1,0.995744680851,0.00425531914894,0,0.973684210526,1,0.986666666667,0.984652666406,0.995744680851,0.973684210526,3,2,0,0,0,0
3109,WLNM_dir_neg,1,0.5,00:00:00,10,70,46,1985449519,threshold_sweep,0.4,0.666666666667,1,0.8,2,1,0,3,1,0.75,0.25,0,0.666666666667,1,0.8,0.833333333333,0.5,0.666666666667,0.707106781187,0.75,37,35,2,0,37,0,35,0,2,17,37,0.136029411765,1.88235294118,4.35294117647,3.36363636364,2.84615384615,1.69341284359,0.389027274878,0.193958664547,2.09866904602,0.964253345467,0.518282988871,1.87867287326,0.863174022847,0.470588235294,0.786197569093,0.41766745858,2.25,1.88235294118,0.786197569093,2.25,0.166339869281,0.0612244897959,3,0.00441176470588,0.185952380952,17,17,17,1,0,0.352941176471,0.411764705882,0.235294117647,17,0.128676470588,1.90196078431,4.11764705882,3.18181818182,2.69230769231,1.57648156274,0.382859808093,0.201680672269,2.01465221053,0.978545359402,0.524369747899,1.74894926439,0.849489642704,0.463865546218,0.814492905316,0.428238537847,2.33333333333,1.90196078431,0.814492905316,2.33333333333,0,0,0,0,0.164242424242,17,17,17,1,0,0.352941176471,0.411764705882,0.235294117647,17,38,0.139705882353,1.90992647059,4.47058823529,3.45454545455,2.71428571429,1.62471716996,0.36342357749,0.179566563467,2.07754096725,0.929426222189,0.501547987616,1.82103719638,0.814674535221,0.442724458204,0.833698985343,0.43650841966,2.375,1.90992647059,0.833698985343,2.375,0.146405228758,0.078431372549,4,0.00588235294118,0.183528138528,17,17,17,1,0,0.352941176471,0.470588235294,0.176470588235,1,0.00367647058824,0.0275735294118,0.117647058824,0.0909090909091,-0.131868131868,-0.0686956736295,-0.0256036973876,-0.0143921010794,-0.0211280787694,-0.0348271232775,-0.0167350012551,-0.0576356768785,-0.0484994876259,-0.0278637770898,0.0475014162503,0.0188409610794,0.125,0.0275735294118,0.0475014162503,0.125,-0.0199346405229,0.0172068827531,1,0.00147058823529,-0.00242424242424,0,0.0588235294118,-0.0588235294118,37,1,0,234,1,0.995744680851,0.00425531914894,0,0.973684210526,1,0.986666666667,0.984652666406,0.995744680851,0.973684210526,3,2,0,0,0,0
3110,WLNM_dir_neg,1,0.5,00:00:00,10,70,46,1985449519,threshold_sweep,0.5,0.666666666667,1,0.8,2,1,0,3,1,0.75,0.25,0,0.666666666667,1,0.8,0.833333333333,0.5,0.666666666667,0.707106781187,0.75,37,35,2,0,37,0,35,0,2,17,37,0.136029411765,1.88235294118,4.35294117647,3.36363636364,2.84615384615,1.69341284359,0.389027274878,0.193958664547,2.09866904602,0.964253345467,0.518282988871,1.87867287326,0.863174022847,0.470588235294,0.786197569093,0.41766745858,2.25,1.88235294118,0.786197569093,2.25,0.166339869281,0.0612244897959,3,0.00441176470588,0.185952380952,17,17,17,1,0,0.352941176471,0.411764705882,0.235294117647,17,0.128676470588,1.90196078431,4.11764705882,3.18181818182,2.69230769231,1.57648156274,0.382859808093,0.201680672269,2.01465221053,0.978545359402,0.524369747899,1.74894926439,0.849489642704,0.463865546218,0.814492905316,0.428238537847,2.33333333333,1.90196078431,0.814492905316,2.33333333333,0,0,0,0,0.164242424242,17,17,17,1,0,0.352941176471,0.411764705882,0.235294117647,17,38,0.139705882353,1.90992647059,4.47058823529,3.45454545455,2.71428571429,1.62471716996,0.36342357749,0.179566563467,2.07754096725,0.929426222189,0.501547987616,1.82103719638,0.814674535221,0.442724458204,0.833698985343,0.43650841966,2.375,1.90992647059,0.833698985343,2.375,0.146405228758,0.078431372549,4,0.00588235294118,0.183528138528,17,17,17,1,0,0.352941176471,0.470588235294,0.176470588235,1,0.00367647058824,0.0275735294118,0.117647058824,0.0909090909091,-0.131868131868,-0.0686956736295,-0.0256036973876,-0.0143921010794,-0.0211280787694,-0.0348271232775,-0.0167350012551,-0.0576356768785,-0.0484994876259,-0.0278637770898,0.0475014162503,0.0188409610794,0.125,0.0275735294118,0.0475014162503,0.125,-0.0199346405229,0.0172068827531,1,0.00147058823529,-0.00242424242424,0,0.0588235294118,-0.0588235294118,37,1,0,234,1,0.995744680851,0.00425531914894,0,0.973684210526,1,0.986666666667,0.984652666406,0.995744680851,0.973684210526,3,2,0,0,0,0
3111,WLNM_dir_neg,1,0.5,00:00:00,10,70,46,1985449519,threshold_sweep,0.6,0.666666666667,1,0.8,2,1,0,3,1,0.75,0.25,0,0.666666666667,1,0.8,0.833333333333,0.5,0.666666666667,0.707106781187,0.75,37,35,2,0,37,0,35,0,2,17,37,0.136029411765,1.88235294118,4.35294117647,3.36363636364,2.84615384615,1.69341284359,0.389027274878,0.193958664547,2.09866904602,0.964253345467,0.518282988871,1.87867287326,0.863174022847,0.470588235294,0.786197569093,0.41766745858,2.25,1.88235294118,0.786197569093,2.25,0.166339869281,0.0612244897959,3,0.00441176470588,0.185952380952,17,17,17,1,0,0.352941176471,0.411764705882,0.235294117647,17,0.128676470588,1.90196078431,4.11764705882,3.18181818182,2.69230769231,1.57648156274,0.382859808093,0.201680672269,2.01465221053,0.978545359402,0.524369747899,1.74894926439,0.849489642704,0.463865546218,0.814492905316,0.428238537847,2.33333333333,1.90196078431,0.814492905316,2.33333333333,0,0,0,0,0.164242424242,17,17,17,1,0,0.352941176471,0.411764705882,0.235294117647,17,38,0.139705882353,1.90992647059,4.47058823529,3.45454545455,2.71428571429,1.62471716996,0.36342357749,0.179566563467,2.07754096725,0.929426222189,0.501547987616,1.82103719638,0.814674535221,0.442724458204,0.833698985343,0.43650841966,2.375,1.90992647059,0.833698985343,2.375,0.146405228758,0.078431372549,4,0.00588235294118,0.183528138528,17,17,17,1,0,0.352941176471,0.470588235294,0.176470588235,1,0.00367647058824,0.0275735294118,0.117647058824,0.0909090909091,-0.131868131868,-0.0686956736295,-0.0256036973876,-0.0143921010794,-0.0211280787694,-0.0348271232775,-0.0167350012551,-0.0576356768785,-0.0484994876259,-0.0278637770898,0.0475014162503,0.0188409610794,0.125,0.0275735294118,0.0475014162503,0.125,-0.0199346405229,0.0172068827531,1,0.00147058823529,-0.00242424242424,0,0.0588235294118,-0.0588235294118,37,1,0,234,1,0.995744680851,0.00425531914894,0,0.973684210526,1,0.986666666667,0.984652666406,0.995744680851,0.973684210526,3,2,0,0,0,0
3112,WLNM_dir_neg,1,0.5,00:00:00,10,70,46,1985449519,threshold_sweep,0.7,0.666666666667,1,0.8,2,1,0,3,1,0.75,0.25,0,0.666666666667,1,0.8,0.833333333333,0.5,0.666666666667,0.707106781187,0.75,37,35,2,0,37,0,35,0,2,17,37,0.136029411765,1.88235294118,4.35294117647,3.36363636364,2.84615384615,1.69341284359,0.389027274878,0.193958664547,2.09866904602,0.964253345467,0.518282988871,1.87867287326,0.863174022847,0.470588235294,0.786197569093,0.41766745858,2.25,1.88235294118,0.786197569093,2.25,0.166339869281,0.0612244897959,3,0.00441176470588,0.185952380952,17,17,17,1,0,0.352941176471,0.411764705882,0.235294117647,17,0.128676470588,1.90196078431,4.11764705882,3.18181818182,2.69230769231,1.57648156274,0.382859808093,0.201680672269,2.01465221053,0.978545359402,0.524369747899,1.74894926439,0.849489642704,0.463865546218,0.814492905316,0.428238537847,2.33333333333,1.90196078431,0.814492905316,2.33333333333,0,0,0,0,0.164242424242,17,17,17,1,0,0.352941176471,0.411764705882,0.235294117647,17,38,0.139705882353,1.90992647059,4.47058823529,3.45454545455,2.71428571429,1.62471716996,0.36342357749,0.179566563467,2.07754096725,0.929426222189,0.501547987616,1.82103719638,0.814674535221,0.442724458204,0.833698985343,0.43650841966,2.375,1.90992647059,0.833698985343,2.375,0.146405228758,0.078431372549,4,0.00588235294118,0.183528138528,17,17,17,1,0,0.352941176471,0.470588235294,0.176470588235,1,0.00367647058824,0.0275735294118,0.117647058824,0.0909090909091,-0.131868131868,-0.0686956736295,-0.0256036973876,-0.0143921010794,-0.0211280787694,-0.0348271232775,-0.0167350012551,-0.0576356768785,-0.0484994876259,-0.0278637770898,0.0475014162503,0.0188409610794,0.125,0.0275735294118,0.0475014162503,0.125,-0.0199346405229,0.0172068827531,1,0.00147058823529,-0.00242424242424,0,0.0588235294118,-0.0588235294118,37,1,0,234,1,0.995744680851,0.00425531914894,0,0.973684210526,1,0.986666666667,0.984652666406,0.995744680851,0.973684210526,3,2,0,0,0,0
3113,WLNM_dir_neg,1,0.5,00:00:00,10,70,46,1985449519,threshold_sweep,0.8,0.666666666667,1,0.8,2,1,0,3,1,0.75,0.25,0,0.666666666667,1,0.8,0.833333333333,0.5,0.666666666667,0.707106781187,0.75,37,35,2,0,37,0,35,0,2,17,37,0.136029411765,1.88235294118,4.35294117647,3.36363636364,2.84615384615,1.69341284359,0.389027274878,0.193958664547,2.09866904602,0.964253345467,0.518282988871,1.87867287326,0.863174022847,0.470588235294,0.786197569093,0.41766745858,2.25,1.88235294118,0.786197569093,2.25,0.166339869281,0.0612244897959,3,0.00441176470588,0.185952380952,17,17,17,1,0,0.352941176471,0.411764705882,0.235294117647,17,0.128676470588,1.90196078431,4.11764705882,3.18181818182,2.69230769231,1.57648156274,0.382859808093,0.201680672269,2.01465221053,0.978545359402,0.524369747899,1.74894926439,0.849489642704,0.463865546218,0.814492905316,0.428238537847,2.33333333333,1.90196078431,0.814492905316,2.33333333333,0,0,0,0,0.164242424242,17,17,17,1,0,0.352941176471,0.411764705882,0.235294117647,17,38,0.139705882353,1.90992647059,4.47058823529,3.45454545455,2.71428571429,1.62471716996,0.36342357749,0.179566563467,2.07754096725,0.929426222189,0.501547987616,1.82103719638,0.814674535221,0.442724458204,0.833698985343,0.43650841966,2.375,1.90992647059,0.833698985343,2.375,0.146405228758,0.078431372549,4,0.00588235294118,0.183528138528,17,17,17,1,0,0.352941176471,0.470588235294,0.176470588235,1,0.00367647058824,0.0275735294118,0.117647058824,0.0909090909091,-0.131868131868,-0.0686956736295,-0.0256036973876,-0.0143921010794,-0.0211280787694,-0.0348271232775,-0.0167350012551,-0.0576356768785,-0.0484994876259,-0.0278637770898,0.0475014162503,0.0188409610794,0.125,0.0275735294118,0.0475014162503,0.125,-0.0199346405229,0.0172068827531,1,0.00147058823529,-0.00242424242424,0,0.0588235294118,-0.0588235294118,37,1,0,234,1,0.995744680851,0.00425531914894,0,0.973684210526,1,0.986666666667,0.984652666406,0.995744680851,0.973684210526,3,2,0,0,0,0
3114,WLNM_dir_neg,1,0.5,00:00:00,10,70,46,1985449519,threshold_sweep,0.9,0.666666666667,1,0.8,2,1,0,3,1,0.75,0.25,0,0.666666666667,1,0.8,0.833333333333,0.5,0.666666666667,0.707106781187,0.75,37,35,2,0,37,0,35,0,2,17,37,0.136029411765,1.88235294118,4.35294117647,3.36363636364,2.84615384615,1.69341284359,0.389027274878,0.193958664547,2.09866904602,0.964253345467,0.518282988871,1.87867287326,0.863174022847,0.470588235294,0.786197569093,0.41766745858,2.25,1.88235294118,0.786197569093,2.25,0.166339869281,0.0612244897959,3,0.00441176470588,0.185952380952,17,17,17,1,0,0.352941176471,0.411764705882,0.235294117647,17,0.128676470588,1.90196078431,4.11764705882,3.18181818182,2.69230769231,1.57648156274,0.382859808093,0.201680672269,2.01465221053,0.978545359402,0.524369747899,1.74894926439,0.849489642704,0.463865546218,0.814492905316,0.428238537847,2.33333333333,1.90196078431,0.814492905316,2.33333333333,0,0,0,0,0.164242424242,17,17,17,1,0,0.352941176471,0.411764705882,0.235294117647,17,38,0.139705882353,1.90992647059,4.47058823529,3.45454545455,2.71428571429,1.62471716996,0.36342357749,0.179566563467,2.07754096725,0.929426222189,0.501547987616,1.82103719638,0.814674535221,0.442724458204,0.833698985343,0.43650841966,2.375,1.90992647059,0.833698985343,2.375,0.146405228758,0.078431372549,4,0.00588235294118,0.183528138528,17,17,17,1,0,0.352941176471,0.470588235294,0.176470588235,1,0.00367647058824,0.0275735294118,0.117647058824,0.0909090909091,-0.131868131868,-0.0686956736295,-0.0256036973876,-0.0143921010794,-0.0211280787694,-0.0348271232775,-0.0167350012551,-0.0576356768785,-0.0484994876259,-0.0278637770898,0.0475014162503,0.0188409610794,0.125,0.0275735294118,0.0475014162503,0.125,-0.0199346405229,0.0172068827531,1,0.00147058823529,-0.00242424242424,0,0.0588235294118,-0.0588235294118,37,1,0,234,1,0.995744680851,0.00425531914894,0,0.973684210526,1,0.986666666667,0.984652666406,0.995744680851,0.973684210526,3,2,0,0,0,0
3115,WLNM_dir_neg,1,0.5,00:00:00,10,70,47,1985449520,threshold_sweep,0.1,1,1,1,2,0,0,4,1,1,0,0,1,1,1,1,0.555555555556,1,1,1,37,35,2,0,37,0,35,0,2,17,37,0.136029411765,1.88235294118,4.35294117647,3.36363636364,2.84615384615,1.69341284359,0.389027274878,0.193958664547,2.09866904602,0.964253345467,0.518282988871,1.87867287326,0.863174022847,0.470588235294,0.786197569093,0.41766745858,2.25,1.88235294118,0.786197569093,2.25,0.166339869281,0.0612244897959,3,0.00441176470588,0.185952380952,17,17,17,1,0,0.352941176471,0.411764705882,0.235294117647,17,0.128676470588,1.90196078431,4.11764705882,3.18181818182,2.69230769231,1.57648156274,0.382859808093,0.201680672269,2.01465221053,0.978545359402,0.524369747899,1.74894926439,0.849489642704,0.463865546218,0.814492905316,0.428238537847,2.33333333333,1.90196078431,0.814492905316,2.33333333333,0,0,0,0,0.164242424242,17,17,17,1,0,0.352941176471,0.411764705882,0.235294117647,17,37,0.136029411765,1.88235294118,4.35294117647,3.36363636364,2.84615384615,1.69341284359,0.389027274878,0.193958664547,2.09866904602,0.964253345467,0.518282988871,1.87867287326,0.863174022847,0.470588235294,0.786197569093,0.41766745858,2.25,1.88235294118,0.786197569093,2.25,0.166339869281,0.0612244897959,3,0.00441176470588,0.185952380952,17,17,17,1,0,0.352941176471,0.411764705882,0.235294117647,0,0,0,0,0,0,0,0,0,0,0,0,0,0,0,0,0,0,0,0,0,0,0,0,0,0,0,0,0,37,0,0,235,1,1,0,0,1,1,1,1,1,1,2,2,0,0,0,0
3116,WLNM_dir_neg,1,0.5,00:00:00,10,70,47,1985449520,threshold_sweep,0.2,1,1,1,2,0,0,4,1,1,0,0,1,1,1,1,0.555555555556,1,1,1,37,35,2,0,37,0,35,0,2,17,37,0.136029411765,1.88235294118,4.35294117647,3.36363636364,2.84615384615,1.69341284359,0.389027274878,0.193958664547,2.09866904602,0.964253345467,0.518282988871,1.87867287326,0.863174022847,0.470588235294,0.786197569093,0.41766745858,2.25,1.88235294118,0.786197569093,2.25,0.166339869281,0.0612244897959,3,0.00441176470588,0.185952380952,17,17,17,1,0,0.352941176471,0.411764705882,0.235294117647,17,0.128676470588,1.90196078431,4.11764705882,3.18181818182,2.69230769231,1.57648156274,0.382859808093,0.201680672269,2.01465221053,0.978545359402,0.524369747899,1.74894926439,0.849489642704,0.463865546218,0.814492905316,0.428238537847,2.33333333333,1.90196078431,0.814492905316,2.33333333333,0,0,0,0,0.164242424242,17,17,17,1,0,0.352941176471,0.411764705882,0.235294117647,17,37,0.136029411765,1.88235294118,4.35294117647,3.36363636364,2.84615384615,1.69341284359,0.389027274878,0.193958664547,2.09866904602,0.964253345467,0.518282988871,1.87867287326,0.863174022847,0.470588235294,0.786197569093,0.41766745858,2.25,1.88235294118,0.786197569093,2.25,0.166339869281,0.0612244897959,3,0.00441176470588,0.185952380952,17,17,17,1,0,0.352941176471,0.411764705882,0.235294117647,0,0,0,0,0,0,0,0,0,0,0,0,0,0,0,0,0,0,0,0,0,0,0,0,0,0,0,0,0,37,0,0,235,1,1,0,0,1,1,1,1,1,1,2,2,0,0,0,0
3117,WLNM_dir_neg,1,0.5,00:00:00,10,70,47,1985449520,threshold_sweep,0.3,1,1,1,2,0,0,4,1,1,0,0,1,1,1,1,0.555555555556,1,1,1,37,35,2,0,37,0,35,0,2,17,37,0.136029411765,1.88235294118,4.35294117647,3.36363636364,2.84615384615,1.69341284359,0.389027274878,0.193958664547,2.09866904602,0.964253345467,0.518282988871,1.87867287326,0.863174022847,0.470588235294,0.786197569093,0.41766745858,2.25,1.88235294118,0.786197569093,2.25,0.166339869281,0.0612244897959,3,0.00441176470588,0.185952380952,17,17,17,1,0,0.352941176471,0.411764705882,0.235294117647,17,0.128676470588,1.90196078431,4.11764705882,3.18181818182,2.69230769231,1.57648156274,0.382859808093,0.201680672269,2.01465221053,0.978545359402,0.524369747899,1.74894926439,0.849489642704,0.463865546218,0.814492905316,0.428238537847,2.33333333333,1.90196078431,0.814492905316,2.33333333333,0,0,0,0,0.164242424242,17,17,17,1,0,0.352941176471,0.411764705882,0.235294117647,17,37,0.136029411765,1.88235294118,4.35294117647,3.36363636364,2.84615384615,1.69341284359,0.389027274878,0.193958664547,2.09866904602,0.964253345467,0.518282988871,1.87867287326,0.863174022847,0.470588235294,0.786197569093,0.41766745858,2.25,1.88235294118,0.786197569093,2.25,0.166339869281,0.0612244897959,3,0.00441176470588,0.185952380952,17,17,17,1,0,0.352941176471,0.411764705882,0.235294117647,0,0,0,0,0,0,0,0,0,0,0,0,0,0,0,0,0,0,0,0,0,0,0,0,0,0,0,0,0,37,0,0,235,1,1,0,0,1,1,1,1,1,1,2,2,0,0,0,0
3118,WLNM_dir_neg,1,0.5,00:00:00,10,70,47,1985449520,threshold_sweep,0.4,1,1,1,2,0,0,4,1,1,0,0,1,1,1,1,0.555555555556,1,1,1,37,35,2,0,37,0,35,0,2,17,37,0.136029411765,1.88235294118,4.35294117647,3.36363636364,2.84615384615,1.69341284359,0.389027274878,0.193958664547,2.09866904602,0.964253345467,0.518282988871,1.87867287326,0.863174022847,0.470588235294,0.786197569093,0.41766745858,2.25,1.88235294118,0.786197569093,2.25,0.166339869281,0.0612244897959,3,0.00441176470588,0.185952380952,17,17,17,1,0,0.352941176471,0.411764705882,0.235294117647,17,0.128676470588,1.90196078431,4.11764705882,3.18181818182,2.69230769231,1.57648156274,0.382859808093,0.201680672269,2.01465221053,0.978545359402,0.524369747899,1.74894926439,0.849489642704,0.463865546218,0.814492905316,0.428238537847,2.33333333333,1.90196078431,0.814492905316,2.33333333333,0,0,0,0,0.164242424242,17,17,17,1,0,0.352941176471,0.411764705882,0.235294117647,17,37,0.136029411765,1.88235294118,4.35294117647,3.36363636364,2.84615384615,1.69341284359,0.389027274878,0.193958664547,2.09866904602,0.964253345467,0.518282988871,1.87867287326,0.863174022847,0.470588235294,0.786197569093,0.41766745858,2.25,1.88235294118,0.786197569093,2.25,0.166339869281,0.0612244897959,3,0.00441176470588,0.185952380952,17,17,17,1,0,0.352941176471,0.411764705882,0.235294117647,0,0,0,0,0,0,0,0,0,0,0,0,0,0,0,0,0,0,0,0,0,0,0,0,0,0,0,0,0,37,0,0,235,1,1,0,0,1,1,1,1,1,1,2,2,0,0,0,0
3119,WLNM_dir_neg,1,0.5,00:00:00,10,70,47,1985449520,threshold_sweep,0.5,1,1,1,2,0,0,4,1,1,0,0,1,1,1,1,0.555555555556,1,1,1,37,35,2,0,37,0,35,0,2,17,37,0.136029411765,1.88235294118,4.35294117647,3.36363636364,2.84615384615,1.69341284359,0.389027274878,0.193958664547,2.09866904602,0.964253345467,0.518282988871,1.87867287326,0.863174022847,0.470588235294,0.786197569093,0.41766745858,2.25,1.88235294118,0.786197569093,2.25,0.166339869281,0.0612244897959,3,0.00441176470588,0.185952380952,17,17,17,1,0,0.352941176471,0.411764705882,0.235294117647,17,0.128676470588,1.90196078431,4.11764705882,3.18181818182,2.69230769231,1.57648156274,0.382859808093,0.201680672269,2.01465221053,0.978545359402,0.524369747899,1.74894926439,0.849489642704,0.463865546218,0.814492905316,0.428238537847,2.33333333333,1.90196078431,0.814492905316,2.33333333333,0,0,0,0,0.164242424242,17,17,17,1,0,0.352941176471,0.411764705882,0.235294117647,17,37,0.136029411765,1.88235294118,4.35294117647,3.36363636364,2.84615384615,1.69341284359,0.389027274878,0.193958664547,2.09866904602,0.964253345467,0.518282988871,1.87867287326,0.863174022847,0.470588235294,0.786197569093,0.41766745858,2.25,1.88235294118,0.786197569093,2.25,0.166339869281,0.0612244897959,3,0.00441176470588,0.185952380952,17,17,17,1,0,0.352941176471,0.411764705882,0.235294117647,0,0,0,0,0,0,0,0,0,0,0,0,0,0,0,0,0,0,0,0,0,0,0,0,0,0,0,0,0,37,0,0,235,1,1,0,0,1,1,1,1,1,1,2,2,0,0,0,0
3120,WLNM_dir_neg,1,0.5,00:00:00,10,70,47,1985449520,threshold_sweep,0.6,1,1,1,2,0,0,4,1,1,0,0,1,1,1,1,0.555555555556,1,1,1,37,35,2,0,37,0,35,0,2,17,37,0.136029411765,1.88235294118,4.35294117647,3.36363636364,2.84615384615,1.69341284359,0.389027274878,0.193958664547,2.09866904602,0.964253345467,0.518282988871,1.87867287326,0.863174022847,0.470588235294,0.786197569093,0.41766745858,2.25,1.88235294118,0.786197569093,2.25,0.166339869281,0.0612244897959,3,0.00441176470588,0.185952380952,17,17,17,1,0,0.352941176471,0.411764705882,0.235294117647,17,0.128676470588,1.90196078431,4.11764705882,3.18181818182,2.69230769231,1.57648156274,0.382859808093,0.201680672269,2.01465221053,0.978545359402,0.524369747899,1.74894926439,0.849489642704,0.463865546218,0.814492905316,0.428238537847,2.33333333333,1.90196078431,0.814492905316,2.33333333333,0,0,0,0,0.164242424242,17,17,17,1,0,0.352941176471,0.411764705882,0.235294117647,17,37,0.136029411765,1.88235294118,4.35294117647,3.36363636364,2.84615384615,1.69341284359,0.389027274878,0.193958664547,2.09866904602,0.964253345467,0.518282988871,1.87867287326,0.863174022847,0.470588235294,0.786197569093,0.41766745858,2.25,1.88235294118,0.786197569093,2.25,0.166339869281,0.0612244897959,3,0.00441176470588,0.185952380952,17,17,17,1,0,0.352941176471,0.411764705882,0.235294117647,0,0,0,0,0,0,0,0,0,0,0,0,0,0,0,0,0,0,0,0,0,0,0,0,0,0,0,0,0,37,0,0,235,1,1,0,0,1,1,1,1,1,1,2,2,0,0,0,0
3121,WLNM_dir_neg,1,0.5,00:00:00,10,70,47,1985449520,threshold_sweep,0.7,1,1,1,2,0,0,4,1,1,0,0,1,1,1,1,0.555555555556,1,1,1,37,35,2,0,37,0,35,0,2,17,37,0.136029411765,1.88235294118,4.35294117647,3.36363636364,2.84615384615,1.69341284359,0.389027274878,0.193958664547,2.09866904602,0.964253345467,0.518282988871,1.87867287326,0.863174022847,0.470588235294,0.786197569093,0.41766745858,2.25,1.88235294118,0.786197569093,2.25,0.166339869281,0.0612244897959,3,0.00441176470588,0.185952380952,17,17,17,1,0,0.352941176471,0.411764705882,0.235294117647,17,0.128676470588,1.90196078431,4.11764705882,3.18181818182,2.69230769231,1.57648156274,0.382859808093,0.201680672269,2.01465221053,0.978545359402,0.524369747899,1.74894926439,0.849489642704,0.463865546218,0.814492905316,0.428238537847,2.33333333333,1.90196078431,0.814492905316,2.33333333333,0,0,0,0,0.164242424242,17,17,17,1,0,0.352941176471,0.411764705882,0.235294117647,17,37,0.136029411765,1.88235294118,4.35294117647,3.36363636364,2.84615384615,1.69341284359,0.389027274878,0.193958664547,2.09866904602,0.964253345467,0.518282988871,1.87867287326,0.863174022847,0.470588235294,0.786197569093,0.41766745858,2.25,1.88235294118,0.786197569093,2.25,0.166339869281,0.0612244897959,3,0.00441176470588,0.185952380952,17,17,17,1,0,0.352941176471,0.411764705882,0.235294117647,0,0,0,0,0,0,0,0,0,0,0,0,0,0,0,0,0,0,0,0,0,0,0,0,0,0,0,0,0,37,0,0,235,1,1,0,0,1,1,1,1,1,1,2,2,0,0,0,0
3122,WLNM_dir_neg,1,0.5,00:00:00,10,70,47,1985449520,threshold_sweep,0.8,1,1,1,2,0,0,4,1,1,0,0,1,1,1,1,0.555555555556,1,1,1,37,35,2,0,37,0,35,0,2,17,37,0.136029411765,1.88235294118,4.35294117647,3.36363636364,2.84615384615,1.69341284359,0.389027274878,0.193958664547,2.09866904602,0.964253345467,0.518282988871,1.87867287326,0.863174022847,0.470588235294,0.786197569093,0.41766745858,2.25,1.88235294118,0.786197569093,2.25,0.166339869281,0.0612244897959,3,0.00441176470588,0.185952380952,17,17,17,1,0,0.352941176471,0.411764705882,0.235294117647,17,0.128676470588,1.90196078431,4.11764705882,3.18181818182,2.69230769231,1.57648156274,0.382859808093,0.201680672269,2.01465221053,0.978545359402,0.524369747899,1.74894926439,0.849489642704,0.463865546218,0.814492905316,0.428238537847,2.33333333333,1.90196078431,0.814492905316,2.33333333333,0,0,0,0,0.164242424242,17,17,17,1,0,0.352941176471,0.411764705882,0.235294117647,17,37,0.136029411765,1.88235294118,4.35294117647,3.36363636364,2.84615384615,1.69341284359,0.389027274878,0.193958664547,2.09866904602,0.964253345467,0.518282988871,1.87867287326,0.863174022847,0.470588235294,0.786197569093,0.41766745858,2.25,1.88235294118,0.786197569093,2.25,0.166339869281,0.0612244897959,3,0.00441176470588,0.185952380952,17,17,17,1,0,0.352941176471,0.411764705882,0.235294117647,0,0,0,0,0,0,0,0,0,0,0,0,0,0,0,0,0,0,0,0,0,0,0,0,0,0,0,0,0,37,0,0,235,1,1,0,0,1,1,1,1,1,1,2,2,0,0,0,0
3123,WLNM_dir_neg,1,0.5,00:00:00,10,70,47,1985449520,threshold_sweep,0.9,1,1,1,2,0,0,4,1,1,0,0,1,1,1,1,0.555555555556,1,1,1,37,35,2,0,37,0,35,0,2,17,37,0.136029411765,1.88235294118,4.35294117647,3.36363636364,2.84615384615,1.69341284359,0.389027274878,0.193958664547,2.09866904602,0.964253345467,0.518282988871,1.87867287326,0.863174022847,0.470588235294,0.786197569093,0.41766745858,2.25,1.88235294118,0.786197569093,2.25,0.166339869281,0.0612244897959,3,0.00441176470588,0.185952380952,17,17,17,1,0,0.352941176471,0.411764705882,0.235294117647,17,0.128676470588,1.90196078431,4.11764705882,3.18181818182,2.69230769231,1.57648156274,0.382859808093,0.201680672269,2.01465221053,0.978545359402,0.524369747899,1.74894926439,0.849489642704,0.463865546218,0.814492905316,0.428238537847,2.33333333333,1.90196078431,0.814492905316,2.33333333333,0,0,0,0,0.164242424242,17,17,17,1,0,0.352941176471,0.411764705882,0.235294117647,17,37,0.136029411765,1.88235294118,4.35294117647,3.36363636364,2.84615384615,1.69341284359,0.389027274878,0.193958664547,2.09866904602,0.964253345467,0.518282988871,1.87867287326,0.863174022847,0.470588235294,0.786197569093,0.41766745858,2.25,1.88235294118,0.786197569093,2.25,0.166339869281,0.0612244897959,3,0.00441176470588,0.185952380952,17,17,17,1,0,0.352941176471,0.411764705882,0.235294117647,0,0,0,0,0,0,0,0,0,0,0,0,0,0,0,0,0,0,0,0,0,0,0,0,0,0,0,0,0,37,0,0,235,1,1,0,0,1,1,1,1,1,1,2,2,0,0,0,0
3124,WLNM_dir_neg,1,0.5,00:00:00,10,70,48,1985449521,threshold_sweep,0.1,1,1,1,2,0,0,4,1,1,0,0,1,1,1,1,0.555555555556,1,1,1,37,35,2,0,37,0,35,0,2,17,37,0.136029411765,1.88235294118,4.35294117647,3.36363636364,2.84615384615,1.69341284359,0.389027274878,0.193958664547,2.09866904602,0.964253345467,0.518282988871,1.87867287326,0.863174022847,0.470588235294,0.786197569093,0.41766745858,2.25,1.88235294118,0.786197569093,2.25,0.166339869281,0.0612244897959,3,0.00441176470588,0.185952380952,17,17,17,1,0,0.352941176471,0.411764705882,0.235294117647,17,0.128676470588,1.90196078431,4.11764705882,3.18181818182,2.69230769231,1.57648156274,0.382859808093,0.201680672269,2.01465221053,0.978545359402,0.524369747899,1.74894926439,0.849489642704,0.463865546218,0.814492905316,0.428238537847,2.33333333333,1.90196078431,0.814492905316,2.33333333333,0,0,0,0,0.164242424242,17,17,17,1,0,0.352941176471,0.411764705882,0.235294117647,17,37,0.136029411765,1.88235294118,4.35294117647,3.36363636364,2.84615384615,1.69341284359,0.389027274878,0.193958664547,2.09866904602,0.964253345467,0.518282988871,1.87867287326,0.863174022847,0.470588235294,0.786197569093,0.41766745858,2.25,1.88235294118,0.786197569093,2.25,0.166339869281,0.0612244897959,3,0.00441176470588,0.185952380952,17,17,17,1,0,0.352941176471,0.411764705882,0.235294117647,0,0,0,0,0,0,0,0,0,0,0,0,0,0,0,0,0,0,0,0,0,0,0,0,0,0,0,0,0,37,0,0,235,1,1,0,0,1,1,1,1,1,1,2,2,0,0,0,0
3125,WLNM_dir_neg,1,0.5,00:00:00,10,70,48,1985449521,threshold_sweep,0.2,1,1,1,2,0,0,4,1,1,0,0,1,1,1,1,0.555555555556,1,1,1,37,35,2,0,37,0,35,0,2,17,37,0.136029411765,1.88235294118,4.35294117647,3.36363636364,2.84615384615,1.69341284359,0.389027274878,0.193958664547,2.09866904602,0.964253345467,0.518282988871,1.87867287326,0.863174022847,0.470588235294,0.786197569093,0.41766745858,2.25,1.88235294118,0.786197569093,2.25,0.166339869281,0.0612244897959,3,0.00441176470588,0.185952380952,17,17,17,1,0,0.352941176471,0.411764705882,0.235294117647,17,0.128676470588,1.90196078431,4.11764705882,3.18181818182,2.69230769231,1.57648156274,0.382859808093,0.201680672269,2.01465221053,0.978545359402,0.524369747899,1.74894926439,0.849489642704,0.463865546218,0.814492905316,0.428238537847,2.33333333333,1.90196078431,0.814492905316,2.33333333333,0,0,0,0,0.164242424242,17,17,17,1,0,0.352941176471,0.411764705882,0.235294117647,17,37,0.136029411765,1.88235294118,4.35294117647,3.36363636364,2.84615384615,1.69341284359,0.389027274878,0.193958664547,2.09866904602,0.964253345467,0.518282988871,1.87867287326,0.863174022847,0.470588235294,0.786197569093,0.41766745858,2.25,1.88235294118,0.786197569093,2.25,0.166339869281,0.0612244897959,3,0.00441176470588,0.185952380952,17,17,17,1,0,0.352941176471,0.411764705882,0.235294117647,0,0,0,0,0,0,0,0,0,0,0,0,0,0,0,0,0,0,0,0,0,0,0,0,0,0,0,0,0,37,0,0,235,1,1,0,0,1,1,1,1,1,1,2,2,0,0,0,0
3126,WLNM_dir_neg,1,0.5,00:00:00,10,70,48,1985449521,threshold_sweep,0.3,1,1,1,2,0,0,4,1,1,0,0,1,1,1,1,0.555555555556,1,1,1,37,35,2,0,37,0,35,0,2,17,37,0.136029411765,1.88235294118,4.35294117647,3.36363636364,2.84615384615,1.69341284359,0.389027274878,0.193958664547,2.09866904602,0.964253345467,0.518282988871,1.87867287326,0.863174022847,0.470588235294,0.786197569093,0.41766745858,2.25,1.88235294118,0.786197569093,2.25,0.166339869281,0.0612244897959,3,0.00441176470588,0.185952380952,17,17,17,1,0,0.352941176471,0.411764705882,0.235294117647,17,0.128676470588,1.90196078431,4.11764705882,3.18181818182,2.69230769231,1.57648156274,0.382859808093,0.201680672269,2.01465221053,0.978545359402,0.524369747899,1.74894926439,0.849489642704,0.463865546218,0.814492905316,0.428238537847,2.33333333333,1.90196078431,0.814492905316,2.33333333333,0,0,0,0,0.164242424242,17,17,17,1,0,0.352941176471,0.411764705882,0.235294117647,17,37,0.136029411765,1.88235294118,4.35294117647,3.36363636364,2.84615384615,1.69341284359,0.389027274878,0.193958664547,2.09866904602,0.964253345467,0.518282988871,1.87867287326,0.863174022847,0.470588235294,0.786197569093,0.41766745858,2.25,1.88235294118,0.786197569093,2.25,0.166339869281,0.0612244897959,3,0.00441176470588,0.185952380952,17,17,17,1,0,0.352941176471,0.411764705882,0.235294117647,0,0,0,0,0,0,0,0,0,0,0,0,0,0,0,0,0,0,0,0,0,0,0,0,0,0,0,0,0,37,0,0,235,1,1,0,0,1,1,1,1,1,1,2,2,0,0,0,0
3127,WLNM_dir_neg,1,0.5,00:00:00,10,70,48,1985449521,threshold_sweep,0.4,1,1,1,2,0,0,4,1,1,0,0,1,1,1,1,0.555555555556,1,1,1,37,35,2,0,37,0,35,0,2,17,37,0.136029411765,1.88235294118,4.35294117647,3.36363636364,2.84615384615,1.69341284359,0.389027274878,0.193958664547,2.09866904602,0.964253345467,0.518282988871,1.87867287326,0.863174022847,0.470588235294,0.786197569093,0.41766745858,2.25,1.88235294118,0.786197569093,2.25,0.166339869281,0.0612244897959,3,0.00441176470588,0.185952380952,17,17,17,1,0,0.352941176471,0.411764705882,0.235294117647,17,0.128676470588,1.90196078431,4.11764705882,3.18181818182,2.69230769231,1.57648156274,0.382859808093,0.201680672269,2.01465221053,0.978545359402,0.524369747899,1.74894926439,0.849489642704,0.463865546218,0.814492905316,0.428238537847,2.33333333333,1.90196078431,0.814492905316,2.33333333333,0,0,0,0,0.164242424242,17,17,17,1,0,0.352941176471,0.411764705882,0.235294117647,17,37,0.136029411765,1.88235294118,4.35294117647,3.36363636364,2.84615384615,1.69341284359,0.389027274878,0.193958664547,2.09866904602,0.964253345467,0.518282988871,1.87867287326,0.863174022847,0.470588235294,0.786197569093,0.41766745858,2.25,1.88235294118,0.786197569093,2.25,0.166339869281,0.0612244897959,3,0.00441176470588,0.185952380952,17,17,17,1,0,0.352941176471,0.411764705882,0.235294117647,0,0,0,0,0,0,0,0,0,0,0,0,0,0,0,0,0,0,0,0,0,0,0,0,0,0,0,0,0,37,0,0,235,1,1,0,0,1,1,1,1,1,1,2,2,0,0,0,0
3128,WLNM_dir_neg,1,0.5,00:00:00,10,70,48,1985449521,threshold_sweep,0.5,1,1,1,2,0,0,4,1,1,0,0,1,1,1,1,0.555555555556,1,1,1,37,35,2,0,37,0,35,0,2,17,37,0.136029411765,1.88235294118,4.35294117647,3.36363636364,2.84615384615,1.69341284359,0.389027274878,0.193958664547,2.09866904602,0.964253345467,0.518282988871,1.87867287326,0.863174022847,0.470588235294,0.786197569093,0.41766745858,2.25,1.88235294118,0.786197569093,2.25,0.166339869281,0.0612244897959,3,0.00441176470588,0.185952380952,17,17,17,1,0,0.352941176471,0.411764705882,0.235294117647,17,0.128676470588,1.90196078431,4.11764705882,3.18181818182,2.69230769231,1.57648156274,0.382859808093,0.201680672269,2.01465221053,0.978545359402,0.524369747899,1.74894926439,0.849489642704,0.463865546218,0.814492905316,0.428238537847,2.33333333333,1.90196078431,0.814492905316,2.33333333333,0,0,0,0,0.164242424242,17,17,17,1,0,0.352941176471,0.411764705882,0.235294117647,17,37,0.136029411765,1.88235294118,4.35294117647,3.36363636364,2.84615384615,1.69341284359,0.389027274878,0.193958664547,2.09866904602,0.964253345467,0.518282988871,1.87867287326,0.863174022847,0.470588235294,0.786197569093,0.41766745858,2.25,1.88235294118,0.786197569093,2.25,0.166339869281,0.0612244897959,3,0.00441176470588,0.185952380952,17,17,17,1,0,0.352941176471,0.411764705882,0.235294117647,0,0,0,0,0,0,0,0,0,0,0,0,0,0,0,0,0,0,0,0,0,0,0,0,0,0,0,0,0,37,0,0,235,1,1,0,0,1,1,1,1,1,1,2,2,0,0,0,0
3129,WLNM_dir_neg,1,0.5,00:00:00,10,70,48,1985449521,threshold_sweep,0.6,1,0.5,0.666666666667,1,0,1,4,0.5,1,0,0.5,1,0.5,0.666666666667,0.833333333333,0.611111111111,0.571428571429,0.632455532034,0.5,37,35,2,0,37,0,35,0,2,17,37,0.136029411765,1.88235294118,4.35294117647,3.36363636364,2.84615384615,1.69341284359,0.389027274878,0.193958664547,2.09866904602,0.964253345467,0.518282988871,1.87867287326,0.863174022847,0.470588235294,0.786197569093,0.41766745858,2.25,1.88235294118,0.786197569093,2.25,0.166339869281,0.0612244897959,3,0.00441176470588,0.185952380952,17,17,17,1,0,0.352941176471,0.411764705882,0.235294117647,17,0.128676470588,1.90196078431,4.11764705882,3.18181818182,2.69230769231,1.57648156274,0.382859808093,0.201680672269,2.01465221053,0.978545359402,0.524369747899,1.74894926439,0.849489642704,0.463865546218,0.814492905316,0.428238537847,2.33333333333,1.90196078431,0.814492905316,2.33333333333,0,0,0,0,0.164242424242,17,17,17,1,0,0.352941176471,0.411764705882,0.235294117647,17,36,0.132352941176,1.89705882353,4.23529411765,3.27272727273,2.76923076923,1.71498585143,0.40492721492,0.204248366013,2.05798302171,0.971825315808,0.522875816993,1.79869233546,0.849382491746,0.464052287582,0.805541469338,0.424626510969,2.25,1.89705882353,0.805541469338,2.25,0.0702614379085,0.0214285714286,1,0.00147058823529,0.175454545455,17,17,17,1,0,0.352941176471,0.411764705882,0.235294117647,-1,-0.00367647058824,0.0147058823529,-0.117647058824,-0.0909090909091,-0.0769230769231,0.0215730078386,0.0158999400418,0.0102897014662,-0.0406860243059,0.00757197034072,0.00459282812224,-0.0799805377942,-0.0137915311015,-0.00653594771242,0.0193439002456,0.00695905238854,0,0.0147058823529,0.0193439002456,0,-0.0960784313725,-0.0397959183673,-2,-0.00294117647059,-0.0104978354978,0,0,0,36,0,1,235,0.972972972973,1,0,0.027027027027,1,0.972972972973,0.986301369863,0.984301887704,0.972972972973,0.972972972973,1,2,0,0,0,0
3130,WLNM_dir_neg,1,0.5,00:00:00,10,70,48,1985449521,threshold_sweep,0.7,1,0.5,0.666666666667,1,0,1,4,0.5,1,0,0.5,1,0.5,0.666666666667,0.833333333333,0.611111111111,0.571428571429,0.632455532034,0.5,37,35,2,0,37,0,35,0,2,17,37,0.136029411765,1.88235294118,4.35294117647,3.36363636364,2.84615384615,1.69341284359,0.389027274878,0.193958664547,2.09866904602,0.964253345467,0.518282988871,1.87867287326,0.863174022847,0.470588235294,0.786197569093,0.41766745858,2.25,1.88235294118,0.786197569093,2.25,0.166339869281,0.0612244897959,3,0.00441176470588,0.185952380952,17,17,17,1,0,0.352941176471,0.411764705882,0.235294117647,17,0.128676470588,1.90196078431,4.11764705882,3.18181818182,2.69230769231,1.57648156274,0.382859808093,0.201680672269,2.01465221053,0.978545359402,0.524369747899,1.74894926439,0.849489642704,0.463865546218,0.814492905316,0.428238537847,2.33333333333,1.90196078431,0.814492905316,2.33333333333,0,0,0,0,0.164242424242,17,17,17,1,0,0.352941176471,0.411764705882,0.235294117647,17,36,0.132352941176,1.89705882353,4.23529411765,3.27272727273,2.76923076923,1.71498585143,0.40492721492,0.204248366013,2.05798302171,0.971825315808,0.522875816993,1.79869233546,0.849382491746,0.464052287582,0.805541469338,0.424626510969,2.25,1.89705882353,0.805541469338,2.25,0.0702614379085,0.0214285714286,1,0.00147058823529,0.175454545455,17,17,17,1,0,0.352941176471,0.411764705882,0.235294117647,-1,-0.00367647058824,0.0147058823529,-0.117647058824,-0.0909090909091,-0.0769230769231,0.0215730078386,0.0158999400418,0.0102897014662,-0.0406860243059,0.00757197034072,0.00459282812224,-0.0799805377942,-0.0137915311015,-0.00653594771242,0.0193439002456,0.00695905238854,0,0.0147058823529,0.0193439002456,0,-0.0960784313725,-0.0397959183673,-2,-0.00294117647059,-0.0104978354978,0,0,0,36,0,1,235,0.972972972973,1,0,0.027027027027,1,0.972972972973,0.986301369863,0.984301887704,0.972972972973,0.972972972973,1,2,0,0,0,0
3131,WLNM_dir_neg,1,0.5,00:00:00,10,70,48,1985449521,threshold_sweep,0.8,1,0.5,0.666666666667,1,0,1,4,0.5,1,0,0.5,1,0.5,0.666666666667,0.833333333333,0.611111111111,0.571428571429,0.632455532034,0.5,37,35,2,0,37,0,35,0,2,17,37,0.136029411765,1.88235294118,4.35294117647,3.36363636364,2.84615384615,1.69341284359,0.389027274878,0.193958664547,2.09866904602,0.964253345467,0.518282988871,1.87867287326,0.863174022847,0.470588235294,0.786197569093,0.41766745858,2.25,1.88235294118,0.786197569093,2.25,0.166339869281,0.0612244897959,3,0.00441176470588,0.185952380952,17,17,17,1,0,0.352941176471,0.411764705882,0.235294117647,17,0.128676470588,1.90196078431,4.11764705882,3.18181818182,2.69230769231,1.57648156274,0.382859808093,0.201680672269,2.01465221053,0.978545359402,0.524369747899,1.74894926439,0.849489642704,0.463865546218,0.814492905316,0.428238537847,2.33333333333,1.90196078431,0.814492905316,2.33333333333,0,0,0,0,0.164242424242,17,17,17,1,0,0.352941176471,0.411764705882,0.235294117647,17,36,0.132352941176,1.89705882353,4.23529411765,3.27272727273,2.76923076923,1.71498585143,0.40492721492,0.204248366013,2.05798302171,0.971825315808,0.522875816993,1.79869233546,0.849382491746,0.464052287582,0.805541469338,0.424626510969,2.25,1.89705882353,0.805541469338,2.25,0.0702614379085,0.0214285714286,1,0.00147058823529,0.175454545455,17,17,17,1,0,0.352941176471,0.411764705882,0.235294117647,-1,-0.00367647058824,0.0147058823529,-0.117647058824,-0.0909090909091,-0.0769230769231,0.0215730078386,0.0158999400418,0.0102897014662,-0.0406860243059,0.00757197034072,0.00459282812224,-0.0799805377942,-0.0137915311015,-0.00653594771242,0.0193439002456,0.00695905238854,0,0.0147058823529,0.0193439002456,0,-0.0960784313725,-0.0397959183673,-2,-0.00294117647059,-0.0104978354978,0,0,0,36,0,1,235,0.972972972973,1,0,0.027027027027,1,0.972972972973,0.986301369863,0.984301887704,0.972972972973,0.972972972973,1,2,0,0,0,0
3132,WLNM_dir_neg,1,0.5,00:00:00,10,70,48,1985449521,threshold_sweep,0.9,1,0.5,0.666666666667,1,0,1,4,0.5,1,0,0.5,1,0.5,0.666666666667,0.833333333333,0.611111111111,0.571428571429,0.632455532034,0.5,37,35,2,0,37,0,35,0,2,17,37,0.136029411765,1.88235294118,4.35294117647,3.36363636364,2.84615384615,1.69341284359,0.389027274878,0.193958664547,2.09866904602,0.964253345467,0.518282988871,1.87867287326,0.863174022847,0.470588235294,0.786197569093,0.41766745858,2.25,1.88235294118,0.786197569093,2.25,0.166339869281,0.0612244897959,3,0.00441176470588,0.185952380952,17,17,17,1,0,0.352941176471,0.411764705882,0.235294117647,17,0.128676470588,1.90196078431,4.11764705882,3.18181818182,2.69230769231,1.57648156274,0.382859808093,0.201680672269,2.01465221053,0.978545359402,0.524369747899,1.74894926439,0.849489642704,0.463865546218,0.814492905316,0.428238537847,2.33333333333,1.90196078431,0.814492905316,2.33333333333,0,0,0,0,0.164242424242,17,17,17,1,0,0.352941176471,0.411764705882,0.235294117647,17,36,0.132352941176,1.89705882353,4.23529411765,3.27272727273,2.76923076923,1.71498585143,0.40492721492,0.204248366013,2.05798302171,0.971825315808,0.522875816993,1.79869233546,0.849382491746,0.464052287582,0.805541469338,0.424626510969,2.25,1.89705882353,0.805541469338,2.25,0.0702614379085,0.0214285714286,1,0.00147058823529,0.175454545455,17,17,17,1,0,0.352941176471,0.411764705882,0.235294117647,-1,-0.00367647058824,0.0147058823529,-0.117647058824,-0.0909090909091,-0.0769230769231,0.0215730078386,0.0158999400418,0.0102897014662,-0.0406860243059,0.00757197034072,0.00459282812224,-0.0799805377942,-0.0137915311015,-0.00653594771242,0.0193439002456,0.00695905238854,0,0.0147058823529,0.0193439002456,0,-0.0960784313725,-0.0397959183673,-2,-0.00294117647059,-0.0104978354978,0,0,0,36,0,1,235,0.972972972973,1,0,0.027027027027,1,0.972972972973,0.986301369863,0.984301887704,0.972972972973,0.972972972973,1,2,0,0,0,0
3133,WLNM_dir_neg,1,0.5,00:00:00,10,70,49,1985449522,threshold_sweep,0.1,1,1,1,2,0,0,4,1,1,0,0,1,1,1,1,0.555555555556,1,1,1,37,35,2,0,37,0,35,0,2,17,37,0.136029411765,1.88235294118,4.35294117647,3.36363636364,2.84615384615,1.69341284359,0.389027274878,0.193958664547,2.09866904602,0.964253345467,0.518282988871,1.87867287326,0.863174022847,0.470588235294,0.786197569093,0.41766745858,2.25,1.88235294118,0.786197569093,2.25,0.166339869281,0.0612244897959,3,0.00441176470588,0.185952380952,17,17,17,1,0,0.352941176471,0.411764705882,0.235294117647,17,0.128676470588,1.90196078431,4.11764705882,3.18181818182,2.69230769231,1.57648156274,0.382859808093,0.201680672269,2.01465221053,0.978545359402,0.524369747899,1.74894926439,0.849489642704,0.463865546218,0.814492905316,0.428238537847,2.33333333333,1.90196078431,0.814492905316,2.33333333333,0,0,0,0,0.164242424242,17,17,17,1,0,0.352941176471,0.411764705882,0.235294117647,17,37,0.136029411765,1.88235294118,4.35294117647,3.36363636364,2.84615384615,1.69341284359,0.389027274878,0.193958664547,2.09866904602,0.964253345467,0.518282988871,1.87867287326,0.863174022847,0.470588235294,0.786197569093,0.41766745858,2.25,1.88235294118,0.786197569093,2.25,0.166339869281,0.0612244897959,3,0.00441176470588,0.185952380952,17,17,17,1,0,0.352941176471,0.411764705882,0.235294117647,0,0,0,0,0,0,0,0,0,0,0,0,0,0,0,0,0,0,0,0,0,0,0,0,0,0,0,0,0,37,0,0,235,1,1,0,0,1,1,1,1,1,1,2,2,0,0,0,0
3134,WLNM_dir_neg,1,0.5,00:00:00,10,70,49,1985449522,threshold_sweep,0.2,1,1,1,2,0,0,4,1,1,0,0,1,1,1,1,0.555555555556,1,1,1,37,35,2,0,37,0,35,0,2,17,37,0.136029411765,1.88235294118,4.35294117647,3.36363636364,2.84615384615,1.69341284359,0.389027274878,0.193958664547,2.09866904602,0.964253345467,0.518282988871,1.87867287326,0.863174022847,0.470588235294,0.786197569093,0.41766745858,2.25,1.88235294118,0.786197569093,2.25,0.166339869281,0.0612244897959,3,0.00441176470588,0.185952380952,17,17,17,1,0,0.352941176471,0.411764705882,0.235294117647,17,0.128676470588,1.90196078431,4.11764705882,3.18181818182,2.69230769231,1.57648156274,0.382859808093,0.201680672269,2.01465221053,0.978545359402,0.524369747899,1.74894926439,0.849489642704,0.463865546218,0.814492905316,0.428238537847,2.33333333333,1.90196078431,0.814492905316,2.33333333333,0,0,0,0,0.164242424242,17,17,17,1,0,0.352941176471,0.411764705882,0.235294117647,17,37,0.136029411765,1.88235294118,4.35294117647,3.36363636364,2.84615384615,1.69341284359,0.389027274878,0.193958664547,2.09866904602,0.964253345467,0.518282988871,1.87867287326,0.863174022847,0.470588235294,0.786197569093,0.41766745858,2.25,1.88235294118,0.786197569093,2.25,0.166339869281,0.0612244897959,3,0.00441176470588,0.185952380952,17,17,17,1,0,0.352941176471,0.411764705882,0.235294117647,0,0,0,0,0,0,0,0,0,0,0,0,0,0,0,0,0,0,0,0,0,0,0,0,0,0,0,0,0,37,0,0,235,1,1,0,0,1,1,1,1,1,1,2,2,0,0,0,0
3135,WLNM_dir_neg,1,0.5,00:00:00,10,70,49,1985449522,threshold_sweep,0.3,1,1,1,2,0,0,4,1,1,0,0,1,1,1,1,0.555555555556,1,1,1,37,35,2,0,37,0,35,0,2,17,37,0.136029411765,1.88235294118,4.35294117647,3.36363636364,2.84615384615,1.69341284359,0.389027274878,0.193958664547,2.09866904602,0.964253345467,0.518282988871,1.87867287326,0.863174022847,0.470588235294,0.786197569093,0.41766745858,2.25,1.88235294118,0.786197569093,2.25,0.166339869281,0.0612244897959,3,0.00441176470588,0.185952380952,17,17,17,1,0,0.352941176471,0.411764705882,0.235294117647,17,0.128676470588,1.90196078431,4.11764705882,3.18181818182,2.69230769231,1.57648156274,0.382859808093,0.201680672269,2.01465221053,0.978545359402,0.524369747899,1.74894926439,0.849489642704,0.463865546218,0.814492905316,0.428238537847,2.33333333333,1.90196078431,0.814492905316,2.33333333333,0,0,0,0,0.164242424242,17,17,17,1,0,0.352941176471,0.411764705882,0.235294117647,17,37,0.136029411765,1.88235294118,4.35294117647,3.36363636364,2.84615384615,1.69341284359,0.389027274878,0.193958664547,2.09866904602,0.964253345467,0.518282988871,1.87867287326,0.863174022847,0.470588235294,0.786197569093,0.41766745858,2.25,1.88235294118,0.786197569093,2.25,0.166339869281,0.0612244897959,3,0.00441176470588,0.185952380952,17,17,17,1,0,0.352941176471,0.411764705882,0.235294117647,0,0,0,0,0,0,0,0,0,0,0,0,0,0,0,0,0,0,0,0,0,0,0,0,0,0,0,0,0,37,0,0,235,1,1,0,0,1,1,1,1,1,1,2,2,0,0,0,0
3136,WLNM_dir_neg,1,0.5,00:00:00,10,70,49,1985449522,threshold_sweep,0.4,1,1,1,2,0,0,4,1,1,0,0,1,1,1,1,0.555555555556,1,1,1,37,35,2,0,37,0,35,0,2,17,37,0.136029411765,1.88235294118,4.35294117647,3.36363636364,2.84615384615,1.69341284359,0.389027274878,0.193958664547,2.09866904602,0.964253345467,0.518282988871,1.87867287326,0.863174022847,0.470588235294,0.786197569093,0.41766745858,2.25,1.88235294118,0.786197569093,2.25,0.166339869281,0.0612244897959,3,0.00441176470588,0.185952380952,17,17,17,1,0,0.352941176471,0.411764705882,0.235294117647,17,0.128676470588,1.90196078431,4.11764705882,3.18181818182,2.69230769231,1.57648156274,0.382859808093,0.201680672269,2.01465221053,0.978545359402,0.524369747899,1.74894926439,0.849489642704,0.463865546218,0.814492905316,0.428238537847,2.33333333333,1.90196078431,0.814492905316,2.33333333333,0,0,0,0,0.164242424242,17,17,17,1,0,0.352941176471,0.411764705882,0.235294117647,17,37,0.136029411765,1.88235294118,4.35294117647,3.36363636364,2.84615384615,1.69341284359,0.389027274878,0.193958664547,2.09866904602,0.964253345467,0.518282988871,1.87867287326,0.863174022847,0.470588235294,0.786197569093,0.41766745858,2.25,1.88235294118,0.786197569093,2.25,0.166339869281,0.0612244897959,3,0.00441176470588,0.185952380952,17,17,17,1,0,0.352941176471,0.411764705882,0.235294117647,0,0,0,0,0,0,0,0,0,0,0,0,0,0,0,0,0,0,0,0,0,0,0,0,0,0,0,0,0,37,0,0,235,1,1,0,0,1,1,1,1,1,1,2,2,0,0,0,0
3137,WLNM_dir_neg,1,0.5,00:00:00,10,70,49,1985449522,threshold_sweep,0.5,1,1,1,2,0,0,4,1,1,0,0,1,1,1,1,0.555555555556,1,1,1,37,35,2,0,37,0,35,0,2,17,37,0.136029411765,1.88235294118,4.35294117647,3.36363636364,2.84615384615,1.69341284359,0.389027274878,0.193958664547,2.09866904602,0.964253345467,0.518282988871,1.87867287326,0.863174022847,0.470588235294,0.786197569093,0.41766745858,2.25,1.88235294118,0.786197569093,2.25,0.166339869281,0.0612244897959,3,0.00441176470588,0.185952380952,17,17,17,1,0,0.352941176471,0.411764705882,0.235294117647,17,0.128676470588,1.90196078431,4.11764705882,3.18181818182,2.69230769231,1.57648156274,0.382859808093,0.201680672269,2.01465221053,0.978545359402,0.524369747899,1.74894926439,0.849489642704,0.463865546218,0.814492905316,0.428238537847,2.33333333333,1.90196078431,0.814492905316,2.33333333333,0,0,0,0,0.164242424242,17,17,17,1,0,0.352941176471,0.411764705882,0.235294117647,17,37,0.136029411765,1.88235294118,4.35294117647,3.36363636364,2.84615384615,1.69341284359,0.389027274878,0.193958664547,2.09866904602,0.964253345467,0.518282988871,1.87867287326,0.863174022847,0.470588235294,0.786197569093,0.41766745858,2.25,1.88235294118,0.786197569093,2.25,0.166339869281,0.0612244897959,3,0.00441176470588,0.185952380952,17,17,17,1,0,0.352941176471,0.411764705882,0.235294117647,0,0,0,0,0,0,0,0,0,0,0,0,0,0,0,0,0,0,0,0,0,0,0,0,0,0,0,0,0,37,0,0,235,1,1,0,0,1,1,1,1,1,1,2,2,0,0,0,0
3138,WLNM_dir_neg,1,0.5,00:00:00,10,70,49,1985449522,threshold_sweep,0.6,1,1,1,2,0,0,4,1,1,0,0,1,1,1,1,0.555555555556,1,1,1,37,35,2,0,37,0,35,0,2,17,37,0.136029411765,1.88235294118,4.35294117647,3.36363636364,2.84615384615,1.69341284359,0.389027274878,0.193958664547,2.09866904602,0.964253345467,0.518282988871,1.87867287326,0.863174022847,0.470588235294,0.786197569093,0.41766745858,2.25,1.88235294118,0.786197569093,2.25,0.166339869281,0.0612244897959,3,0.00441176470588,0.185952380952,17,17,17,1,0,0.352941176471,0.411764705882,0.235294117647,17,0.128676470588,1.90196078431,4.11764705882,3.18181818182,2.69230769231,1.57648156274,0.382859808093,0.201680672269,2.01465221053,0.978545359402,0.524369747899,1.74894926439,0.849489642704,0.463865546218,0.814492905316,0.428238537847,2.33333333333,1.90196078431,0.814492905316,2.33333333333,0,0,0,0,0.164242424242,17,17,17,1,0,0.352941176471,0.411764705882,0.235294117647,17,37,0.136029411765,1.88235294118,4.35294117647,3.36363636364,2.84615384615,1.69341284359,0.389027274878,0.193958664547,2.09866904602,0.964253345467,0.518282988871,1.87867287326,0.863174022847,0.470588235294,0.786197569093,0.41766745858,2.25,1.88235294118,0.786197569093,2.25,0.166339869281,0.0612244897959,3,0.00441176470588,0.185952380952,17,17,17,1,0,0.352941176471,0.411764705882,0.235294117647,0,0,0,0,0,0,0,0,0,0,0,0,0,0,0,0,0,0,0,0,0,0,0,0,0,0,0,0,0,37,0,0,235,1,1,0,0,1,1,1,1,1,1,2,2,0,0,0,0
3139,WLNM_dir_neg,1,0.5,00:00:00,10,70,49,1985449522,threshold_sweep,0.7,1,1,1,2,0,0,4,1,1,0,0,1,1,1,1,0.555555555556,1,1,1,37,35,2,0,37,0,35,0,2,17,37,0.136029411765,1.88235294118,4.35294117647,3.36363636364,2.84615384615,1.69341284359,0.389027274878,0.193958664547,2.09866904602,0.964253345467,0.518282988871,1.87867287326,0.863174022847,0.470588235294,0.786197569093,0.41766745858,2.25,1.88235294118,0.786197569093,2.25,0.166339869281,0.0612244897959,3,0.00441176470588,0.185952380952,17,17,17,1,0,0.352941176471,0.411764705882,0.235294117647,17,0.128676470588,1.90196078431,4.11764705882,3.18181818182,2.69230769231,1.57648156274,0.382859808093,0.201680672269,2.01465221053,0.978545359402,0.524369747899,1.74894926439,0.849489642704,0.463865546218,0.814492905316,0.428238537847,2.33333333333,1.90196078431,0.814492905316,2.33333333333,0,0,0,0,0.164242424242,17,17,17,1,0,0.352941176471,0.411764705882,0.235294117647,17,37,0.136029411765,1.88235294118,4.35294117647,3.36363636364,2.84615384615,1.69341284359,0.389027274878,0.193958664547,2.09866904602,0.964253345467,0.518282988871,1.87867287326,0.863174022847,0.470588235294,0.786197569093,0.41766745858,2.25,1.88235294118,0.786197569093,2.25,0.166339869281,0.0612244897959,3,0.00441176470588,0.185952380952,17,17,17,1,0,0.352941176471,0.411764705882,0.235294117647,0,0,0,0,0,0,0,0,0,0,0,0,0,0,0,0,0,0,0,0,0,0,0,0,0,0,0,0,0,37,0,0,235,1,1,0,0,1,1,1,1,1,1,2,2,0,0,0,0
3140,WLNM_dir_neg,1,0.5,00:00:00,10,70,49,1985449522,threshold_sweep,0.8,1,0.5,0.666666666667,1,0,1,4,0.5,1,0,0.5,1,0.5,0.666666666667,0.833333333333,0.611111111111,0.571428571429,0.632455532034,0.5,37,35,2,0,37,0,35,0,2,17,37,0.136029411765,1.88235294118,4.35294117647,3.36363636364,2.84615384615,1.69341284359,0.389027274878,0.193958664547,2.09866904602,0.964253345467,0.518282988871,1.87867287326,0.863174022847,0.470588235294,0.786197569093,0.41766745858,2.25,1.88235294118,0.786197569093,2.25,0.166339869281,0.0612244897959,3,0.00441176470588,0.185952380952,17,17,17,1,0,0.352941176471,0.411764705882,0.235294117647,17,0.128676470588,1.90196078431,4.11764705882,3.18181818182,2.69230769231,1.57648156274,0.382859808093,0.201680672269,2.01465221053,0.978545359402,0.524369747899,1.74894926439,0.849489642704,0.463865546218,0.814492905316,0.428238537847,2.33333333333,1.90196078431,0.814492905316,2.33333333333,0,0,0,0,0.164242424242,17,17,17,1,0,0.352941176471,0.411764705882,0.235294117647,17,36,0.132352941176,1.89705882353,4.23529411765,3.27272727273,2.76923076923,1.71498585143,0.40492721492,0.204248366013,2.05798302171,0.971825315808,0.522875816993,1.79869233546,0.849382491746,0.464052287582,0.805541469338,0.424626510969,2.25,1.89705882353,0.805541469338,2.25,0.0702614379085,0.0214285714286,1,0.00147058823529,0.175454545455,17,17,17,1,0,0.352941176471,0.411764705882,0.235294117647,-1,-0.00367647058824,0.0147058823529,-0.117647058824,-0.0909090909091,-0.0769230769231,0.0215730078386,0.0158999400418,0.0102897014662,-0.0406860243059,0.00757197034072,0.00459282812224,-0.0799805377942,-0.0137915311015,-0.00653594771242,0.0193439002456,0.00695905238854,0,0.0147058823529,0.0193439002456,0,-0.0960784313725,-0.0397959183673,-2,-0.00294117647059,-0.0104978354978,0,0,0,36,0,1,235,0.972972972973,1,0,0.027027027027,1,0.972972972973,0.986301369863,0.984301887704,0.972972972973,0.972972972973,1,2,0,0,0,0
3141,WLNM_dir_neg,1,0.5,00:00:00,10,70,49,1985449522,threshold_sweep,0.9,1,0.5,0.666666666667,1,0,1,4,0.5,1,0,0.5,1,0.5,0.666666666667,0.833333333333,0.611111111111,0.571428571429,0.632455532034,0.5,37,35,2,0,37,0,35,0,2,17,37,0.136029411765,1.88235294118,4.35294117647,3.36363636364,2.84615384615,1.69341284359,0.389027274878,0.193958664547,2.09866904602,0.964253345467,0.518282988871,1.87867287326,0.863174022847,0.470588235294,0.786197569093,0.41766745858,2.25,1.88235294118,0.786197569093,2.25,0.166339869281,0.0612244897959,3,0.00441176470588,0.185952380952,17,17,17,1,0,0.352941176471,0.411764705882,0.235294117647,17,0.128676470588,1.90196078431,4.11764705882,3.18181818182,2.69230769231,1.57648156274,0.382859808093,0.201680672269,2.01465221053,0.978545359402,0.524369747899,1.74894926439,0.849489642704,0.463865546218,0.814492905316,0.428238537847,2.33333333333,1.90196078431,0.814492905316,2.33333333333,0,0,0,0,0.164242424242,17,17,17,1,0,0.352941176471,0.411764705882,0.235294117647,17,36,0.132352941176,1.89705882353,4.23529411765,3.27272727273,2.76923076923,1.71498585143,0.40492721492,0.204248366013,2.05798302171,0.971825315808,0.522875816993,1.79869233546,0.849382491746,0.464052287582,0.805541469338,0.424626510969,2.25,1.89705882353,0.805541469338,2.25,0.0702614379085,0.0214285714286,1,0.00147058823529,0.175454545455,17,17,17,1,0,0.352941176471,0.411764705882,0.235294117647,-1,-0.00367647058824,0.0147058823529,-0.117647058824,-0.0909090909091,-0.0769230769231,0.0215730078386,0.0158999400418,0.0102897014662,-0.0406860243059,0.00757197034072,0.00459282812224,-0.0799805377942,-0.0137915311015,-0.00653594771242,0.0193439002456,0.00695905238854,0,0.0147058823529,0.0193439002456,0,-0.0960784313725,-0.0397959183673,-2,-0.00294117647059,-0.0104978354978,0,0,0,36,0,1,235,0.972972972973,1,0,0.027027027027,1,0.972972972973,0.986301369863,0.984301887704,0.972972972973,0.972972972973,1,2,0,0,0,0
3142,WLNM_dir_neg,1,0.5,00:00:00,10,70,50,1985449523,threshold_sweep,0.1,1,1,1,2,0,0,4,1,1,0,0,1,1,1,1,0.555555555556,1,1,1,37,35,2,0,37,0,35,0,2,17,37,0.136029411765,1.88235294118,4.35294117647,3.36363636364,2.84615384615,1.69341284359,0.389027274878,0.193958664547,2.09866904602,0.964253345467,0.518282988871,1.87867287326,0.863174022847,0.470588235294,0.786197569093,0.41766745858,2.25,1.88235294118,0.786197569093,2.25,0.166339869281,0.0612244897959,3,0.00441176470588,0.185952380952,17,17,17,1,0,0.352941176471,0.411764705882,0.235294117647,17,0.128676470588,1.90196078431,4.11764705882,3.18181818182,2.69230769231,1.57648156274,0.382859808093,0.201680672269,2.01465221053,0.978545359402,0.524369747899,1.74894926439,0.849489642704,0.463865546218,0.814492905316,0.428238537847,2.33333333333,1.90196078431,0.814492905316,2.33333333333,0,0,0,0,0.164242424242,17,17,17,1,0,0.352941176471,0.411764705882,0.235294117647,17,37,0.136029411765,1.88235294118,4.35294117647,3.36363636364,2.84615384615,1.69341284359,0.389027274878,0.193958664547,2.09866904602,0.964253345467,0.518282988871,1.87867287326,0.863174022847,0.470588235294,0.786197569093,0.41766745858,2.25,1.88235294118,0.786197569093,2.25,0.166339869281,0.0612244897959,3,0.00441176470588,0.185952380952,17,17,17,1,0,0.352941176471,0.411764705882,0.235294117647,0,0,0,0,0,0,0,0,0,0,0,0,0,0,0,0,0,0,0,0,0,0,0,0,0,0,0,0,0,37,0,0,235,1,1,0,0,1,1,1,1,1,1,2,2,0,0,0,0
3143,WLNM_dir_neg,1,0.5,00:00:00,10,70,50,1985449523,threshold_sweep,0.2,1,1,1,2,0,0,4,1,1,0,0,1,1,1,1,0.555555555556,1,1,1,37,35,2,0,37,0,35,0,2,17,37,0.136029411765,1.88235294118,4.35294117647,3.36363636364,2.84615384615,1.69341284359,0.389027274878,0.193958664547,2.09866904602,0.964253345467,0.518282988871,1.87867287326,0.863174022847,0.470588235294,0.786197569093,0.41766745858,2.25,1.88235294118,0.786197569093,2.25,0.166339869281,0.0612244897959,3,0.00441176470588,0.185952380952,17,17,17,1,0,0.352941176471,0.411764705882,0.235294117647,17,0.128676470588,1.90196078431,4.11764705882,3.18181818182,2.69230769231,1.57648156274,0.382859808093,0.201680672269,2.01465221053,0.978545359402,0.524369747899,1.74894926439,0.849489642704,0.463865546218,0.814492905316,0.428238537847,2.33333333333,1.90196078431,0.814492905316,2.33333333333,0,0,0,0,0.164242424242,17,17,17,1,0,0.352941176471,0.411764705882,0.235294117647,17,37,0.136029411765,1.88235294118,4.35294117647,3.36363636364,2.84615384615,1.69341284359,0.389027274878,0.193958664547,2.09866904602,0.964253345467,0.518282988871,1.87867287326,0.863174022847,0.470588235294,0.786197569093,0.41766745858,2.25,1.88235294118,0.786197569093,2.25,0.166339869281,0.0612244897959,3,0.00441176470588,0.185952380952,17,17,17,1,0,0.352941176471,0.411764705882,0.235294117647,0,0,0,0,0,0,0,0,0,0,0,0,0,0,0,0,0,0,0,0,0,0,0,0,0,0,0,0,0,37,0,0,235,1,1,0,0,1,1,1,1,1,1,2,2,0,0,0,0
3144,WLNM_dir_neg,1,0.5,00:00:00,10,70,50,1985449523,threshold_sweep,0.3,1,1,1,2,0,0,4,1,1,0,0,1,1,1,1,0.555555555556,1,1,1,37,35,2,0,37,0,35,0,2,17,37,0.136029411765,1.88235294118,4.35294117647,3.36363636364,2.84615384615,1.69341284359,0.389027274878,0.193958664547,2.09866904602,0.964253345467,0.518282988871,1.87867287326,0.863174022847,0.470588235294,0.786197569093,0.41766745858,2.25,1.88235294118,0.786197569093,2.25,0.166339869281,0.0612244897959,3,0.00441176470588,0.185952380952,17,17,17,1,0,0.352941176471,0.411764705882,0.235294117647,17,0.128676470588,1.90196078431,4.11764705882,3.18181818182,2.69230769231,1.57648156274,0.382859808093,0.201680672269,2.01465221053,0.978545359402,0.524369747899,1.74894926439,0.849489642704,0.463865546218,0.814492905316,0.428238537847,2.33333333333,1.90196078431,0.814492905316,2.33333333333,0,0,0,0,0.164242424242,17,17,17,1,0,0.352941176471,0.411764705882,0.235294117647,17,37,0.136029411765,1.88235294118,4.35294117647,3.36363636364,2.84615384615,1.69341284359,0.389027274878,0.193958664547,2.09866904602,0.964253345467,0.518282988871,1.87867287326,0.863174022847,0.470588235294,0.786197569093,0.41766745858,2.25,1.88235294118,0.786197569093,2.25,0.166339869281,0.0612244897959,3,0.00441176470588,0.185952380952,17,17,17,1,0,0.352941176471,0.411764705882,0.235294117647,0,0,0,0,0,0,0,0,0,0,0,0,0,0,0,0,0,0,0,0,0,0,0,0,0,0,0,0,0,37,0,0,235,1,1,0,0,1,1,1,1,1,1,2,2,0,0,0,0
3145,WLNM_dir_neg,1,0.5,00:00:00,10,70,50,1985449523,threshold_sweep,0.4,1,1,1,2,0,0,4,1,1,0,0,1,1,1,1,0.555555555556,1,1,1,37,35,2,0,37,0,35,0,2,17,37,0.136029411765,1.88235294118,4.35294117647,3.36363636364,2.84615384615,1.69341284359,0.389027274878,0.193958664547,2.09866904602,0.964253345467,0.518282988871,1.87867287326,0.863174022847,0.470588235294,0.786197569093,0.41766745858,2.25,1.88235294118,0.786197569093,2.25,0.166339869281,0.0612244897959,3,0.00441176470588,0.185952380952,17,17,17,1,0,0.352941176471,0.411764705882,0.235294117647,17,0.128676470588,1.90196078431,4.11764705882,3.18181818182,2.69230769231,1.57648156274,0.382859808093,0.201680672269,2.01465221053,0.978545359402,0.524369747899,1.74894926439,0.849489642704,0.463865546218,0.814492905316,0.428238537847,2.33333333333,1.90196078431,0.814492905316,2.33333333333,0,0,0,0,0.164242424242,17,17,17,1,0,0.352941176471,0.411764705882,0.235294117647,17,37,0.136029411765,1.88235294118,4.35294117647,3.36363636364,2.84615384615,1.69341284359,0.389027274878,0.193958664547,2.09866904602,0.964253345467,0.518282988871,1.87867287326,0.863174022847,0.470588235294,0.786197569093,0.41766745858,2.25,1.88235294118,0.786197569093,2.25,0.166339869281,0.0612244897959,3,0.00441176470588,0.185952380952,17,17,17,1,0,0.352941176471,0.411764705882,0.235294117647,0,0,0,0,0,0,0,0,0,0,0,0,0,0,0,0,0,0,0,0,0,0,0,0,0,0,0,0,0,37,0,0,235,1,1,0,0,1,1,1,1,1,1,2,2,0,0,0,0
3146,WLNM_dir_neg,1,0.5,00:00:00,10,70,50,1985449523,threshold_sweep,0.5,1,1,1,2,0,0,4,1,1,0,0,1,1,1,1,0.555555555556,1,1,1,37,35,2,0,37,0,35,0,2,17,37,0.136029411765,1.88235294118,4.35294117647,3.36363636364,2.84615384615,1.69341284359,0.389027274878,0.193958664547,2.09866904602,0.964253345467,0.518282988871,1.87867287326,0.863174022847,0.470588235294,0.786197569093,0.41766745858,2.25,1.88235294118,0.786197569093,2.25,0.166339869281,0.0612244897959,3,0.00441176470588,0.185952380952,17,17,17,1,0,0.352941176471,0.411764705882,0.235294117647,17,0.128676470588,1.90196078431,4.11764705882,3.18181818182,2.69230769231,1.57648156274,0.382859808093,0.201680672269,2.01465221053,0.978545359402,0.524369747899,1.74894926439,0.849489642704,0.463865546218,0.814492905316,0.428238537847,2.33333333333,1.90196078431,0.814492905316,2.33333333333,0,0,0,0,0.164242424242,17,17,17,1,0,0.352941176471,0.411764705882,0.235294117647,17,37,0.136029411765,1.88235294118,4.35294117647,3.36363636364,2.84615384615,1.69341284359,0.389027274878,0.193958664547,2.09866904602,0.964253345467,0.518282988871,1.87867287326,0.863174022847,0.470588235294,0.786197569093,0.41766745858,2.25,1.88235294118,0.786197569093,2.25,0.166339869281,0.0612244897959,3,0.00441176470588,0.185952380952,17,17,17,1,0,0.352941176471,0.411764705882,0.235294117647,0,0,0,0,0,0,0,0,0,0,0,0,0,0,0,0,0,0,0,0,0,0,0,0,0,0,0,0,0,37,0,0,235,1,1,0,0,1,1,1,1,1,1,2,2,0,0,0,0
3147,WLNM_dir_neg,1,0.5,00:00:00,10,70,50,1985449523,threshold_sweep,0.6,1,1,1,2,0,0,4,1,1,0,0,1,1,1,1,0.555555555556,1,1,1,37,35,2,0,37,0,35,0,2,17,37,0.136029411765,1.88235294118,4.35294117647,3.36363636364,2.84615384615,1.69341284359,0.389027274878,0.193958664547,2.09866904602,0.964253345467,0.518282988871,1.87867287326,0.863174022847,0.470588235294,0.786197569093,0.41766745858,2.25,1.88235294118,0.786197569093,2.25,0.166339869281,0.0612244897959,3,0.00441176470588,0.185952380952,17,17,17,1,0,0.352941176471,0.411764705882,0.235294117647,17,0.128676470588,1.90196078431,4.11764705882,3.18181818182,2.69230769231,1.57648156274,0.382859808093,0.201680672269,2.01465221053,0.978545359402,0.524369747899,1.74894926439,0.849489642704,0.463865546218,0.814492905316,0.428238537847,2.33333333333,1.90196078431,0.814492905316,2.33333333333,0,0,0,0,0.164242424242,17,17,17,1,0,0.352941176471,0.411764705882,0.235294117647,17,37,0.136029411765,1.88235294118,4.35294117647,3.36363636364,2.84615384615,1.69341284359,0.389027274878,0.193958664547,2.09866904602,0.964253345467,0.518282988871,1.87867287326,0.863174022847,0.470588235294,0.786197569093,0.41766745858,2.25,1.88235294118,0.786197569093,2.25,0.166339869281,0.0612244897959,3,0.00441176470588,0.185952380952,17,17,17,1,0,0.352941176471,0.411764705882,0.235294117647,0,0,0,0,0,0,0,0,0,0,0,0,0,0,0,0,0,0,0,0,0,0,0,0,0,0,0,0,0,37,0,0,235,1,1,0,0,1,1,1,1,1,1,2,2,0,0,0,0
3148,WLNM_dir_neg,1,0.5,00:00:00,10,70,50,1985449523,threshold_sweep,0.7,1,1,1,2,0,0,4,1,1,0,0,1,1,1,1,0.555555555556,1,1,1,37,35,2,0,37,0,35,0,2,17,37,0.136029411765,1.88235294118,4.35294117647,3.36363636364,2.84615384615,1.69341284359,0.389027274878,0.193958664547,2.09866904602,0.964253345467,0.518282988871,1.87867287326,0.863174022847,0.470588235294,0.786197569093,0.41766745858,2.25,1.88235294118,0.786197569093,2.25,0.166339869281,0.0612244897959,3,0.00441176470588,0.185952380952,17,17,17,1,0,0.352941176471,0.411764705882,0.235294117647,17,0.128676470588,1.90196078431,4.11764705882,3.18181818182,2.69230769231,1.57648156274,0.382859808093,0.201680672269,2.01465221053,0.978545359402,0.524369747899,1.74894926439,0.849489642704,0.463865546218,0.814492905316,0.428238537847,2.33333333333,1.90196078431,0.814492905316,2.33333333333,0,0,0,0,0.164242424242,17,17,17,1,0,0.352941176471,0.411764705882,0.235294117647,17,37,0.136029411765,1.88235294118,4.35294117647,3.36363636364,2.84615384615,1.69341284359,0.389027274878,0.193958664547,2.09866904602,0.964253345467,0.518282988871,1.87867287326,0.863174022847,0.470588235294,0.786197569093,0.41766745858,2.25,1.88235294118,0.786197569093,2.25,0.166339869281,0.0612244897959,3,0.00441176470588,0.185952380952,17,17,17,1,0,0.352941176471,0.411764705882,0.235294117647,0,0,0,0,0,0,0,0,0,0,0,0,0,0,0,0,0,0,0,0,0,0,0,0,0,0,0,0,0,37,0,0,235,1,1,0,0,1,1,1,1,1,1,2,2,0,0,0,0
3149,WLNM_dir_neg,1,0.5,00:00:00,10,70,50,1985449523,threshold_sweep,0.8,1,1,1,2,0,0,4,1,1,0,0,1,1,1,1,0.555555555556,1,1,1,37,35,2,0,37,0,35,0,2,17,37,0.136029411765,1.88235294118,4.35294117647,3.36363636364,2.84615384615,1.69341284359,0.389027274878,0.193958664547,2.09866904602,0.964253345467,0.518282988871,1.87867287326,0.863174022847,0.470588235294,0.786197569093,0.41766745858,2.25,1.88235294118,0.786197569093,2.25,0.166339869281,0.0612244897959,3,0.00441176470588,0.185952380952,17,17,17,1,0,0.352941176471,0.411764705882,0.235294117647,17,0.128676470588,1.90196078431,4.11764705882,3.18181818182,2.69230769231,1.57648156274,0.382859808093,0.201680672269,2.01465221053,0.978545359402,0.524369747899,1.74894926439,0.849489642704,0.463865546218,0.814492905316,0.428238537847,2.33333333333,1.90196078431,0.814492905316,2.33333333333,0,0,0,0,0.164242424242,17,17,17,1,0,0.352941176471,0.411764705882,0.235294117647,17,37,0.136029411765,1.88235294118,4.35294117647,3.36363636364,2.84615384615,1.69341284359,0.389027274878,0.193958664547,2.09866904602,0.964253345467,0.518282988871,1.87867287326,0.863174022847,0.470588235294,0.786197569093,0.41766745858,2.25,1.88235294118,0.786197569093,2.25,0.166339869281,0.0612244897959,3,0.00441176470588,0.185952380952,17,17,17,1,0,0.352941176471,0.411764705882,0.235294117647,0,0,0,0,0,0,0,0,0,0,0,0,0,0,0,0,0,0,0,0,0,0,0,0,0,0,0,0,0,37,0,0,235,1,1,0,0,1,1,1,1,1,1,2,2,0,0,0,0
3150,WLNM_dir_neg,1,0.5,00:00:00,10,70,50,1985449523,threshold_sweep,0.9,1,1,1,2,0,0,4,1,1,0,0,1,1,1,1,0.555555555556,1,1,1,37,35,2,0,37,0,35,0,2,17,37,0.136029411765,1.88235294118,4.35294117647,3.36363636364,2.84615384615,1.69341284359,0.389027274878,0.193958664547,2.09866904602,0.964253345467,0.518282988871,1.87867287326,0.863174022847,0.470588235294,0.786197569093,0.41766745858,2.25,1.88235294118,0.786197569093,2.25,0.166339869281,0.0612244897959,3,0.00441176470588,0.185952380952,17,17,17,1,0,0.352941176471,0.411764705882,0.235294117647,17,0.128676470588,1.90196078431,4.11764705882,3.18181818182,2.69230769231,1.57648156274,0.382859808093,0.201680672269,2.01465221053,0.978545359402,0.524369747899,1.74894926439,0.849489642704,0.463865546218,0.814492905316,0.428238537847,2.33333333333,1.90196078431,0.814492905316,2.33333333333,0,0,0,0,0.164242424242,17,17,17,1,0,0.352941176471,0.411764705882,0.235294117647,17,37,0.136029411765,1.88235294118,4.35294117647,3.36363636364,2.84615384615,1.69341284359,0.389027274878,0.193958664547,2.09866904602,0.964253345467,0.518282988871,1.87867287326,0.863174022847,0.470588235294,0.786197569093,0.41766745858,2.25,1.88235294118,0.786197569093,2.25,0.166339869281,0.0612244897959,3,0.00441176470588,0.185952380952,17,17,17,1,0,0.352941176471,0.411764705882,0.235294117647,0,0,0,0,0,0,0,0,0,0,0,0,0,0,0,0,0,0,0,0,0,0,0,0,0,0,0,0,0,37,0,0,235,1,1,0,0,1,1,1,1,1,1,2,2,0,0,0,0
3151,WLNM_dir_neg,1,0.5,00:00:00,10,80,1,1986366774,threshold_sweep,0.1,1,1,1,2,0,0,4,1,1,0,0,1,1,1,1,0.555555555556,1,1,1,37,35,2,0,37,0,35,0,2,17,37,0.136029411765,1.88235294118,4.35294117647,3.36363636364,2.84615384615,1.69341284359,0.389027274878,0.193958664547,2.09866904602,0.964253345467,0.518282988871,1.87867287326,0.863174022847,0.470588235294,0.786197569093,0.41766745858,2.25,1.88235294118,0.786197569093,2.25,0.166339869281,0.0612244897959,3,0.00441176470588,0.185952380952,17,17,17,1,0,0.352941176471,0.411764705882,0.235294117647,17,0.128676470588,1.90196078431,4.11764705882,3.18181818182,2.69230769231,1.57648156274,0.382859808093,0.201680672269,2.01465221053,0.978545359402,0.524369747899,1.74894926439,0.849489642704,0.463865546218,0.814492905316,0.428238537847,2.33333333333,1.90196078431,0.814492905316,2.33333333333,0,0,0,0,0.164242424242,17,17,17,1,0,0.352941176471,0.411764705882,0.235294117647,17,37,0.136029411765,1.88235294118,4.35294117647,3.36363636364,2.84615384615,1.69341284359,0.389027274878,0.193958664547,2.09866904602,0.964253345467,0.518282988871,1.87867287326,0.863174022847,0.470588235294,0.786197569093,0.41766745858,2.25,1.88235294118,0.786197569093,2.25,0.166339869281,0.0612244897959,3,0.00441176470588,0.185952380952,17,17,17,1,0,0.352941176471,0.411764705882,0.235294117647,0,0,0,0,0,0,0,0,0,0,0,0,0,0,0,0,0,0,0,0,0,0,0,0,0,0,0,0,0,37,0,0,235,1,1,0,0,1,1,1,1,1,1,2,2,0,0,0,0
3152,WLNM_dir_neg,1,0.5,00:00:00,10,80,1,1986366774,threshold_sweep,0.2,1,1,1,2,0,0,4,1,1,0,0,1,1,1,1,0.555555555556,1,1,1,37,35,2,0,37,0,35,0,2,17,37,0.136029411765,1.88235294118,4.35294117647,3.36363636364,2.84615384615,1.69341284359,0.389027274878,0.193958664547,2.09866904602,0.964253345467,0.518282988871,1.87867287326,0.863174022847,0.470588235294,0.786197569093,0.41766745858,2.25,1.88235294118,0.786197569093,2.25,0.166339869281,0.0612244897959,3,0.00441176470588,0.185952380952,17,17,17,1,0,0.352941176471,0.411764705882,0.235294117647,17,0.128676470588,1.90196078431,4.11764705882,3.18181818182,2.69230769231,1.57648156274,0.382859808093,0.201680672269,2.01465221053,0.978545359402,0.524369747899,1.74894926439,0.849489642704,0.463865546218,0.814492905316,0.428238537847,2.33333333333,1.90196078431,0.814492905316,2.33333333333,0,0,0,0,0.164242424242,17,17,17,1,0,0.352941176471,0.411764705882,0.235294117647,17,37,0.136029411765,1.88235294118,4.35294117647,3.36363636364,2.84615384615,1.69341284359,0.389027274878,0.193958664547,2.09866904602,0.964253345467,0.518282988871,1.87867287326,0.863174022847,0.470588235294,0.786197569093,0.41766745858,2.25,1.88235294118,0.786197569093,2.25,0.166339869281,0.0612244897959,3,0.00441176470588,0.185952380952,17,17,17,1,0,0.352941176471,0.411764705882,0.235294117647,0,0,0,0,0,0,0,0,0,0,0,0,0,0,0,0,0,0,0,0,0,0,0,0,0,0,0,0,0,37,0,0,235,1,1,0,0,1,1,1,1,1,1,2,2,0,0,0,0
3153,WLNM_dir_neg,1,0.5,00:00:00,10,80,1,1986366774,threshold_sweep,0.3,1,1,1,2,0,0,4,1,1,0,0,1,1,1,1,0.555555555556,1,1,1,37,35,2,0,37,0,35,0,2,17,37,0.136029411765,1.88235294118,4.35294117647,3.36363636364,2.84615384615,1.69341284359,0.389027274878,0.193958664547,2.09866904602,0.964253345467,0.518282988871,1.87867287326,0.863174022847,0.470588235294,0.786197569093,0.41766745858,2.25,1.88235294118,0.786197569093,2.25,0.166339869281,0.0612244897959,3,0.00441176470588,0.185952380952,17,17,17,1,0,0.352941176471,0.411764705882,0.235294117647,17,0.128676470588,1.90196078431,4.11764705882,3.18181818182,2.69230769231,1.57648156274,0.382859808093,0.201680672269,2.01465221053,0.978545359402,0.524369747899,1.74894926439,0.849489642704,0.463865546218,0.814492905316,0.428238537847,2.33333333333,1.90196078431,0.814492905316,2.33333333333,0,0,0,0,0.164242424242,17,17,17,1,0,0.352941176471,0.411764705882,0.235294117647,17,37,0.136029411765,1.88235294118,4.35294117647,3.36363636364,2.84615384615,1.69341284359,0.389027274878,0.193958664547,2.09866904602,0.964253345467,0.518282988871,1.87867287326,0.863174022847,0.470588235294,0.786197569093,0.41766745858,2.25,1.88235294118,0.786197569093,2.25,0.166339869281,0.0612244897959,3,0.00441176470588,0.185952380952,17,17,17,1,0,0.352941176471,0.411764705882,0.235294117647,0,0,0,0,0,0,0,0,0,0,0,0,0,0,0,0,0,0,0,0,0,0,0,0,0,0,0,0,0,37,0,0,235,1,1,0,0,1,1,1,1,1,1,2,2,0,0,0,0
3154,WLNM_dir_neg,1,0.5,00:00:00,10,80,1,1986366774,threshold_sweep,0.4,1,1,1,2,0,0,4,1,1,0,0,1,1,1,1,0.555555555556,1,1,1,37,35,2,0,37,0,35,0,2,17,37,0.136029411765,1.88235294118,4.35294117647,3.36363636364,2.84615384615,1.69341284359,0.389027274878,0.193958664547,2.09866904602,0.964253345467,0.518282988871,1.87867287326,0.863174022847,0.470588235294,0.786197569093,0.41766745858,2.25,1.88235294118,0.786197569093,2.25,0.166339869281,0.0612244897959,3,0.00441176470588,0.185952380952,17,17,17,1,0,0.352941176471,0.411764705882,0.235294117647,17,0.128676470588,1.90196078431,4.11764705882,3.18181818182,2.69230769231,1.57648156274,0.382859808093,0.201680672269,2.01465221053,0.978545359402,0.524369747899,1.74894926439,0.849489642704,0.463865546218,0.814492905316,0.428238537847,2.33333333333,1.90196078431,0.814492905316,2.33333333333,0,0,0,0,0.164242424242,17,17,17,1,0,0.352941176471,0.411764705882,0.235294117647,17,37,0.136029411765,1.88235294118,4.35294117647,3.36363636364,2.84615384615,1.69341284359,0.389027274878,0.193958664547,2.09866904602,0.964253345467,0.518282988871,1.87867287326,0.863174022847,0.470588235294,0.786197569093,0.41766745858,2.25,1.88235294118,0.786197569093,2.25,0.166339869281,0.0612244897959,3,0.00441176470588,0.185952380952,17,17,17,1,0,0.352941176471,0.411764705882,0.235294117647,0,0,0,0,0,0,0,0,0,0,0,0,0,0,0,0,0,0,0,0,0,0,0,0,0,0,0,0,0,37,0,0,235,1,1,0,0,1,1,1,1,1,1,2,2,0,0,0,0
3155,WLNM_dir_neg,1,0.5,00:00:00,10,80,1,1986366774,threshold_sweep,0.5,1,1,1,2,0,0,4,1,1,0,0,1,1,1,1,0.555555555556,1,1,1,37,35,2,0,37,0,35,0,2,17,37,0.136029411765,1.88235294118,4.35294117647,3.36363636364,2.84615384615,1.69341284359,0.389027274878,0.193958664547,2.09866904602,0.964253345467,0.518282988871,1.87867287326,0.863174022847,0.470588235294,0.786197569093,0.41766745858,2.25,1.88235294118,0.786197569093,2.25,0.166339869281,0.0612244897959,3,0.00441176470588,0.185952380952,17,17,17,1,0,0.352941176471,0.411764705882,0.235294117647,17,0.128676470588,1.90196078431,4.11764705882,3.18181818182,2.69230769231,1.57648156274,0.382859808093,0.201680672269,2.01465221053,0.978545359402,0.524369747899,1.74894926439,0.849489642704,0.463865546218,0.814492905316,0.428238537847,2.33333333333,1.90196078431,0.814492905316,2.33333333333,0,0,0,0,0.164242424242,17,17,17,1,0,0.352941176471,0.411764705882,0.235294117647,17,37,0.136029411765,1.88235294118,4.35294117647,3.36363636364,2.84615384615,1.69341284359,0.389027274878,0.193958664547,2.09866904602,0.964253345467,0.518282988871,1.87867287326,0.863174022847,0.470588235294,0.786197569093,0.41766745858,2.25,1.88235294118,0.786197569093,2.25,0.166339869281,0.0612244897959,3,0.00441176470588,0.185952380952,17,17,17,1,0,0.352941176471,0.411764705882,0.235294117647,0,0,0,0,0,0,0,0,0,0,0,0,0,0,0,0,0,0,0,0,0,0,0,0,0,0,0,0,0,37,0,0,235,1,1,0,0,1,1,1,1,1,1,2,2,0,0,0,0
3156,WLNM_dir_neg,1,0.5,00:00:00,10,80,1,1986366774,threshold_sweep,0.6,1,1,1,2,0,0,4,1,1,0,0,1,1,1,1,0.555555555556,1,1,1,37,35,2,0,37,0,35,0,2,17,37,0.136029411765,1.88235294118,4.35294117647,3.36363636364,2.84615384615,1.69341284359,0.389027274878,0.193958664547,2.09866904602,0.964253345467,0.518282988871,1.87867287326,0.863174022847,0.470588235294,0.786197569093,0.41766745858,2.25,1.88235294118,0.786197569093,2.25,0.166339869281,0.0612244897959,3,0.00441176470588,0.185952380952,17,17,17,1,0,0.352941176471,0.411764705882,0.235294117647,17,0.128676470588,1.90196078431,4.11764705882,3.18181818182,2.69230769231,1.57648156274,0.382859808093,0.201680672269,2.01465221053,0.978545359402,0.524369747899,1.74894926439,0.849489642704,0.463865546218,0.814492905316,0.428238537847,2.33333333333,1.90196078431,0.814492905316,2.33333333333,0,0,0,0,0.164242424242,17,17,17,1,0,0.352941176471,0.411764705882,0.235294117647,17,37,0.136029411765,1.88235294118,4.35294117647,3.36363636364,2.84615384615,1.69341284359,0.389027274878,0.193958664547,2.09866904602,0.964253345467,0.518282988871,1.87867287326,0.863174022847,0.470588235294,0.786197569093,0.41766745858,2.25,1.88235294118,0.786197569093,2.25,0.166339869281,0.0612244897959,3,0.00441176470588,0.185952380952,17,17,17,1,0,0.352941176471,0.411764705882,0.235294117647,0,0,0,0,0,0,0,0,0,0,0,0,0,0,0,0,0,0,0,0,0,0,0,0,0,0,0,0,0,37,0,0,235,1,1,0,0,1,1,1,1,1,1,2,2,0,0,0,0
3157,WLNM_dir_neg,1,0.5,00:00:00,10,80,1,1986366774,threshold_sweep,0.7,1,1,1,2,0,0,4,1,1,0,0,1,1,1,1,0.555555555556,1,1,1,37,35,2,0,37,0,35,0,2,17,37,0.136029411765,1.88235294118,4.35294117647,3.36363636364,2.84615384615,1.69341284359,0.389027274878,0.193958664547,2.09866904602,0.964253345467,0.518282988871,1.87867287326,0.863174022847,0.470588235294,0.786197569093,0.41766745858,2.25,1.88235294118,0.786197569093,2.25,0.166339869281,0.0612244897959,3,0.00441176470588,0.185952380952,17,17,17,1,0,0.352941176471,0.411764705882,0.235294117647,17,0.128676470588,1.90196078431,4.11764705882,3.18181818182,2.69230769231,1.57648156274,0.382859808093,0.201680672269,2.01465221053,0.978545359402,0.524369747899,1.74894926439,0.849489642704,0.463865546218,0.814492905316,0.428238537847,2.33333333333,1.90196078431,0.814492905316,2.33333333333,0,0,0,0,0.164242424242,17,17,17,1,0,0.352941176471,0.411764705882,0.235294117647,17,37,0.136029411765,1.88235294118,4.35294117647,3.36363636364,2.84615384615,1.69341284359,0.389027274878,0.193958664547,2.09866904602,0.964253345467,0.518282988871,1.87867287326,0.863174022847,0.470588235294,0.786197569093,0.41766745858,2.25,1.88235294118,0.786197569093,2.25,0.166339869281,0.0612244897959,3,0.00441176470588,0.185952380952,17,17,17,1,0,0.352941176471,0.411764705882,0.235294117647,0,0,0,0,0,0,0,0,0,0,0,0,0,0,0,0,0,0,0,0,0,0,0,0,0,0,0,0,0,37,0,0,235,1,1,0,0,1,1,1,1,1,1,2,2,0,0,0,0
3158,WLNM_dir_neg,1,0.5,00:00:00,10,80,1,1986366774,threshold_sweep,0.8,1,0.5,0.666666666667,1,0,1,4,0.5,1,0,0.5,1,0.5,0.666666666667,0.833333333333,0.611111111111,0.571428571429,0.632455532034,0.5,37,35,2,0,37,0,35,0,2,17,37,0.136029411765,1.88235294118,4.35294117647,3.36363636364,2.84615384615,1.69341284359,0.389027274878,0.193958664547,2.09866904602,0.964253345467,0.518282988871,1.87867287326,0.863174022847,0.470588235294,0.786197569093,0.41766745858,2.25,1.88235294118,0.786197569093,2.25,0.166339869281,0.0612244897959,3,0.00441176470588,0.185952380952,17,17,17,1,0,0.352941176471,0.411764705882,0.235294117647,17,0.128676470588,1.90196078431,4.11764705882,3.18181818182,2.69230769231,1.57648156274,0.382859808093,0.201680672269,2.01465221053,0.978545359402,0.524369747899,1.74894926439,0.849489642704,0.463865546218,0.814492905316,0.428238537847,2.33333333333,1.90196078431,0.814492905316,2.33333333333,0,0,0,0,0.164242424242,17,17,17,1,0,0.352941176471,0.411764705882,0.235294117647,17,36,0.132352941176,1.89705882353,4.23529411765,3.27272727273,2.76923076923,1.71498585143,0.40492721492,0.204248366013,2.05798302171,0.971825315808,0.522875816993,1.79869233546,0.849382491746,0.464052287582,0.805541469338,0.424626510969,2.25,1.89705882353,0.805541469338,2.25,0.0702614379085,0.0214285714286,1,0.00147058823529,0.175454545455,17,17,17,1,0,0.352941176471,0.411764705882,0.235294117647,-1,-0.00367647058824,0.0147058823529,-0.117647058824,-0.0909090909091,-0.0769230769231,0.0215730078386,0.0158999400418,0.0102897014662,-0.0406860243059,0.00757197034072,0.00459282812224,-0.0799805377942,-0.0137915311015,-0.00653594771242,0.0193439002456,0.00695905238854,0,0.0147058823529,0.0193439002456,0,-0.0960784313725,-0.0397959183673,-2,-0.00294117647059,-0.0104978354978,0,0,0,36,0,1,235,0.972972972973,1,0,0.027027027027,1,0.972972972973,0.986301369863,0.984301887704,0.972972972973,0.972972972973,1,2,0,0,0,0
3159,WLNM_dir_neg,1,0.5,00:00:00,10,80,1,1986366774,threshold_sweep,0.9,1,0.5,0.666666666667,1,0,1,4,0.5,1,0,0.5,1,0.5,0.666666666667,0.833333333333,0.611111111111,0.571428571429,0.632455532034,0.5,37,35,2,0,37,0,35,0,2,17,37,0.136029411765,1.88235294118,4.35294117647,3.36363636364,2.84615384615,1.69341284359,0.389027274878,0.193958664547,2.09866904602,0.964253345467,0.518282988871,1.87867287326,0.863174022847,0.470588235294,0.786197569093,0.41766745858,2.25,1.88235294118,0.786197569093,2.25,0.166339869281,0.0612244897959,3,0.00441176470588,0.185952380952,17,17,17,1,0,0.352941176471,0.411764705882,0.235294117647,17,0.128676470588,1.90196078431,4.11764705882,3.18181818182,2.69230769231,1.57648156274,0.382859808093,0.201680672269,2.01465221053,0.978545359402,0.524369747899,1.74894926439,0.849489642704,0.463865546218,0.814492905316,0.428238537847,2.33333333333,1.90196078431,0.814492905316,2.33333333333,0,0,0,0,0.164242424242,17,17,17,1,0,0.352941176471,0.411764705882,0.235294117647,17,36,0.132352941176,1.89705882353,4.23529411765,3.27272727273,2.76923076923,1.71498585143,0.40492721492,0.204248366013,2.05798302171,0.971825315808,0.522875816993,1.79869233546,0.849382491746,0.464052287582,0.805541469338,0.424626510969,2.25,1.89705882353,0.805541469338,2.25,0.0702614379085,0.0214285714286,1,0.00147058823529,0.175454545455,17,17,17,1,0,0.352941176471,0.411764705882,0.235294117647,-1,-0.00367647058824,0.0147058823529,-0.117647058824,-0.0909090909091,-0.0769230769231,0.0215730078386,0.0158999400418,0.0102897014662,-0.0406860243059,0.00757197034072,0.00459282812224,-0.0799805377942,-0.0137915311015,-0.00653594771242,0.0193439002456,0.00695905238854,0,0.0147058823529,0.0193439002456,0,-0.0960784313725,-0.0397959183673,-2,-0.00294117647059,-0.0104978354978,0,0,0,36,0,1,235,0.972972972973,1,0,0.027027027027,1,0.972972972973,0.986301369863,0.984301887704,0.972972972973,0.972972972973,1,2,0,0,0,0
3160,WLNM_dir_neg,1,0.5,00:00:00,10,80,2,1986366775,threshold_sweep,0.1,1,1,1,2,0,0,4,1,1,0,0,1,1,1,1,0.555555555556,1,1,1,37,35,2,0,37,0,35,0,2,17,37,0.136029411765,1.88235294118,4.35294117647,3.36363636364,2.84615384615,1.69341284359,0.389027274878,0.193958664547,2.09866904602,0.964253345467,0.518282988871,1.87867287326,0.863174022847,0.470588235294,0.786197569093,0.41766745858,2.25,1.88235294118,0.786197569093,2.25,0.166339869281,0.0612244897959,3,0.00441176470588,0.185952380952,17,17,17,1,0,0.352941176471,0.411764705882,0.235294117647,17,0.128676470588,1.90196078431,4.11764705882,3.18181818182,2.69230769231,1.57648156274,0.382859808093,0.201680672269,2.01465221053,0.978545359402,0.524369747899,1.74894926439,0.849489642704,0.463865546218,0.814492905316,0.428238537847,2.33333333333,1.90196078431,0.814492905316,2.33333333333,0,0,0,0,0.164242424242,17,17,17,1,0,0.352941176471,0.411764705882,0.235294117647,17,37,0.136029411765,1.88235294118,4.35294117647,3.36363636364,2.84615384615,1.69341284359,0.389027274878,0.193958664547,2.09866904602,0.964253345467,0.518282988871,1.87867287326,0.863174022847,0.470588235294,0.786197569093,0.41766745858,2.25,1.88235294118,0.786197569093,2.25,0.166339869281,0.0612244897959,3,0.00441176470588,0.185952380952,17,17,17,1,0,0.352941176471,0.411764705882,0.235294117647,0,0,0,0,0,0,0,0,0,0,0,0,0,0,0,0,0,0,0,0,0,0,0,0,0,0,0,0,0,37,0,0,235,1,1,0,0,1,1,1,1,1,1,2,2,0,0,0,0
3161,WLNM_dir_neg,1,0.5,00:00:00,10,80,2,1986366775,threshold_sweep,0.2,1,1,1,2,0,0,4,1,1,0,0,1,1,1,1,0.555555555556,1,1,1,37,35,2,0,37,0,35,0,2,17,37,0.136029411765,1.88235294118,4.35294117647,3.36363636364,2.84615384615,1.69341284359,0.389027274878,0.193958664547,2.09866904602,0.964253345467,0.518282988871,1.87867287326,0.863174022847,0.470588235294,0.786197569093,0.41766745858,2.25,1.88235294118,0.786197569093,2.25,0.166339869281,0.0612244897959,3,0.00441176470588,0.185952380952,17,17,17,1,0,0.352941176471,0.411764705882,0.235294117647,17,0.128676470588,1.90196078431,4.11764705882,3.18181818182,2.69230769231,1.57648156274,0.382859808093,0.201680672269,2.01465221053,0.978545359402,0.524369747899,1.74894926439,0.849489642704,0.463865546218,0.814492905316,0.428238537847,2.33333333333,1.90196078431,0.814492905316,2.33333333333,0,0,0,0,0.164242424242,17,17,17,1,0,0.352941176471,0.411764705882,0.235294117647,17,37,0.136029411765,1.88235294118,4.35294117647,3.36363636364,2.84615384615,1.69341284359,0.389027274878,0.193958664547,2.09866904602,0.964253345467,0.518282988871,1.87867287326,0.863174022847,0.470588235294,0.786197569093,0.41766745858,2.25,1.88235294118,0.786197569093,2.25,0.166339869281,0.0612244897959,3,0.00441176470588,0.185952380952,17,17,17,1,0,0.352941176471,0.411764705882,0.235294117647,0,0,0,0,0,0,0,0,0,0,0,0,0,0,0,0,0,0,0,0,0,0,0,0,0,0,0,0,0,37,0,0,235,1,1,0,0,1,1,1,1,1,1,2,2,0,0,0,0
3162,WLNM_dir_neg,1,0.5,00:00:00,10,80,2,1986366775,threshold_sweep,0.3,1,1,1,2,0,0,4,1,1,0,0,1,1,1,1,0.555555555556,1,1,1,37,35,2,0,37,0,35,0,2,17,37,0.136029411765,1.88235294118,4.35294117647,3.36363636364,2.84615384615,1.69341284359,0.389027274878,0.193958664547,2.09866904602,0.964253345467,0.518282988871,1.87867287326,0.863174022847,0.470588235294,0.786197569093,0.41766745858,2.25,1.88235294118,0.786197569093,2.25,0.166339869281,0.0612244897959,3,0.00441176470588,0.185952380952,17,17,17,1,0,0.352941176471,0.411764705882,0.235294117647,17,0.128676470588,1.90196078431,4.11764705882,3.18181818182,2.69230769231,1.57648156274,0.382859808093,0.201680672269,2.01465221053,0.978545359402,0.524369747899,1.74894926439,0.849489642704,0.463865546218,0.814492905316,0.428238537847,2.33333333333,1.90196078431,0.814492905316,2.33333333333,0,0,0,0,0.164242424242,17,17,17,1,0,0.352941176471,0.411764705882,0.235294117647,17,37,0.136029411765,1.88235294118,4.35294117647,3.36363636364,2.84615384615,1.69341284359,0.389027274878,0.193958664547,2.09866904602,0.964253345467,0.518282988871,1.87867287326,0.863174022847,0.470588235294,0.786197569093,0.41766745858,2.25,1.88235294118,0.786197569093,2.25,0.166339869281,0.0612244897959,3,0.00441176470588,0.185952380952,17,17,17,1,0,0.352941176471,0.411764705882,0.235294117647,0,0,0,0,0,0,0,0,0,0,0,0,0,0,0,0,0,0,0,0,0,0,0,0,0,0,0,0,0,37,0,0,235,1,1,0,0,1,1,1,1,1,1,2,2,0,0,0,0
3163,WLNM_dir_neg,1,0.5,00:00:00,10,80,2,1986366775,threshold_sweep,0.4,1,1,1,2,0,0,4,1,1,0,0,1,1,1,1,0.555555555556,1,1,1,37,35,2,0,37,0,35,0,2,17,37,0.136029411765,1.88235294118,4.35294117647,3.36363636364,2.84615384615,1.69341284359,0.389027274878,0.193958664547,2.09866904602,0.964253345467,0.518282988871,1.87867287326,0.863174022847,0.470588235294,0.786197569093,0.41766745858,2.25,1.88235294118,0.786197569093,2.25,0.166339869281,0.0612244897959,3,0.00441176470588,0.185952380952,17,17,17,1,0,0.352941176471,0.411764705882,0.235294117647,17,0.128676470588,1.90196078431,4.11764705882,3.18181818182,2.69230769231,1.57648156274,0.382859808093,0.201680672269,2.01465221053,0.978545359402,0.524369747899,1.74894926439,0.849489642704,0.463865546218,0.814492905316,0.428238537847,2.33333333333,1.90196078431,0.814492905316,2.33333333333,0,0,0,0,0.164242424242,17,17,17,1,0,0.352941176471,0.411764705882,0.235294117647,17,37,0.136029411765,1.88235294118,4.35294117647,3.36363636364,2.84615384615,1.69341284359,0.389027274878,0.193958664547,2.09866904602,0.964253345467,0.518282988871,1.87867287326,0.863174022847,0.470588235294,0.786197569093,0.41766745858,2.25,1.88235294118,0.786197569093,2.25,0.166339869281,0.0612244897959,3,0.00441176470588,0.185952380952,17,17,17,1,0,0.352941176471,0.411764705882,0.235294117647,0,0,0,0,0,0,0,0,0,0,0,0,0,0,0,0,0,0,0,0,0,0,0,0,0,0,0,0,0,37,0,0,235,1,1,0,0,1,1,1,1,1,1,2,2,0,0,0,0
3164,WLNM_dir_neg,1,0.5,00:00:00,10,80,2,1986366775,threshold_sweep,0.5,1,1,1,2,0,0,4,1,1,0,0,1,1,1,1,0.555555555556,1,1,1,37,35,2,0,37,0,35,0,2,17,37,0.136029411765,1.88235294118,4.35294117647,3.36363636364,2.84615384615,1.69341284359,0.389027274878,0.193958664547,2.09866904602,0.964253345467,0.518282988871,1.87867287326,0.863174022847,0.470588235294,0.786197569093,0.41766745858,2.25,1.88235294118,0.786197569093,2.25,0.166339869281,0.0612244897959,3,0.00441176470588,0.185952380952,17,17,17,1,0,0.352941176471,0.411764705882,0.235294117647,17,0.128676470588,1.90196078431,4.11764705882,3.18181818182,2.69230769231,1.57648156274,0.382859808093,0.201680672269,2.01465221053,0.978545359402,0.524369747899,1.74894926439,0.849489642704,0.463865546218,0.814492905316,0.428238537847,2.33333333333,1.90196078431,0.814492905316,2.33333333333,0,0,0,0,0.164242424242,17,17,17,1,0,0.352941176471,0.411764705882,0.235294117647,17,37,0.136029411765,1.88235294118,4.35294117647,3.36363636364,2.84615384615,1.69341284359,0.389027274878,0.193958664547,2.09866904602,0.964253345467,0.518282988871,1.87867287326,0.863174022847,0.470588235294,0.786197569093,0.41766745858,2.25,1.88235294118,0.786197569093,2.25,0.166339869281,0.0612244897959,3,0.00441176470588,0.185952380952,17,17,17,1,0,0.352941176471,0.411764705882,0.235294117647,0,0,0,0,0,0,0,0,0,0,0,0,0,0,0,0,0,0,0,0,0,0,0,0,0,0,0,0,0,37,0,0,235,1,1,0,0,1,1,1,1,1,1,2,2,0,0,0,0
3165,WLNM_dir_neg,1,0.5,00:00:00,10,80,2,1986366775,threshold_sweep,0.6,1,1,1,2,0,0,4,1,1,0,0,1,1,1,1,0.555555555556,1,1,1,37,35,2,0,37,0,35,0,2,17,37,0.136029411765,1.88235294118,4.35294117647,3.36363636364,2.84615384615,1.69341284359,0.389027274878,0.193958664547,2.09866904602,0.964253345467,0.518282988871,1.87867287326,0.863174022847,0.470588235294,0.786197569093,0.41766745858,2.25,1.88235294118,0.786197569093,2.25,0.166339869281,0.0612244897959,3,0.00441176470588,0.185952380952,17,17,17,1,0,0.352941176471,0.411764705882,0.235294117647,17,0.128676470588,1.90196078431,4.11764705882,3.18181818182,2.69230769231,1.57648156274,0.382859808093,0.201680672269,2.01465221053,0.978545359402,0.524369747899,1.74894926439,0.849489642704,0.463865546218,0.814492905316,0.428238537847,2.33333333333,1.90196078431,0.814492905316,2.33333333333,0,0,0,0,0.164242424242,17,17,17,1,0,0.352941176471,0.411764705882,0.235294117647,17,37,0.136029411765,1.88235294118,4.35294117647,3.36363636364,2.84615384615,1.69341284359,0.389027274878,0.193958664547,2.09866904602,0.964253345467,0.518282988871,1.87867287326,0.863174022847,0.470588235294,0.786197569093,0.41766745858,2.25,1.88235294118,0.786197569093,2.25,0.166339869281,0.0612244897959,3,0.00441176470588,0.185952380952,17,17,17,1,0,0.352941176471,0.411764705882,0.235294117647,0,0,0,0,0,0,0,0,0,0,0,0,0,0,0,0,0,0,0,0,0,0,0,0,0,0,0,0,0,37,0,0,235,1,1,0,0,1,1,1,1,1,1,2,2,0,0,0,0
3166,WLNM_dir_neg,1,0.5,00:00:00,10,80,2,1986366775,threshold_sweep,0.7,1,1,1,2,0,0,4,1,1,0,0,1,1,1,1,0.555555555556,1,1,1,37,35,2,0,37,0,35,0,2,17,37,0.136029411765,1.88235294118,4.35294117647,3.36363636364,2.84615384615,1.69341284359,0.389027274878,0.193958664547,2.09866904602,0.964253345467,0.518282988871,1.87867287326,0.863174022847,0.470588235294,0.786197569093,0.41766745858,2.25,1.88235294118,0.786197569093,2.25,0.166339869281,0.0612244897959,3,0.00441176470588,0.185952380952,17,17,17,1,0,0.352941176471,0.411764705882,0.235294117647,17,0.128676470588,1.90196078431,4.11764705882,3.18181818182,2.69230769231,1.57648156274,0.382859808093,0.201680672269,2.01465221053,0.978545359402,0.524369747899,1.74894926439,0.849489642704,0.463865546218,0.814492905316,0.428238537847,2.33333333333,1.90196078431,0.814492905316,2.33333333333,0,0,0,0,0.164242424242,17,17,17,1,0,0.352941176471,0.411764705882,0.235294117647,17,37,0.136029411765,1.88235294118,4.35294117647,3.36363636364,2.84615384615,1.69341284359,0.389027274878,0.193958664547,2.09866904602,0.964253345467,0.518282988871,1.87867287326,0.863174022847,0.470588235294,0.786197569093,0.41766745858,2.25,1.88235294118,0.786197569093,2.25,0.166339869281,0.0612244897959,3,0.00441176470588,0.185952380952,17,17,17,1,0,0.352941176471,0.411764705882,0.235294117647,0,0,0,0,0,0,0,0,0,0,0,0,0,0,0,0,0,0,0,0,0,0,0,0,0,0,0,0,0,37,0,0,235,1,1,0,0,1,1,1,1,1,1,2,2,0,0,0,0
3167,WLNM_dir_neg,1,0.5,00:00:00,10,80,2,1986366775,threshold_sweep,0.8,1,1,1,2,0,0,4,1,1,0,0,1,1,1,1,0.555555555556,1,1,1,37,35,2,0,37,0,35,0,2,17,37,0.136029411765,1.88235294118,4.35294117647,3.36363636364,2.84615384615,1.69341284359,0.389027274878,0.193958664547,2.09866904602,0.964253345467,0.518282988871,1.87867287326,0.863174022847,0.470588235294,0.786197569093,0.41766745858,2.25,1.88235294118,0.786197569093,2.25,0.166339869281,0.0612244897959,3,0.00441176470588,0.185952380952,17,17,17,1,0,0.352941176471,0.411764705882,0.235294117647,17,0.128676470588,1.90196078431,4.11764705882,3.18181818182,2.69230769231,1.57648156274,0.382859808093,0.201680672269,2.01465221053,0.978545359402,0.524369747899,1.74894926439,0.849489642704,0.463865546218,0.814492905316,0.428238537847,2.33333333333,1.90196078431,0.814492905316,2.33333333333,0,0,0,0,0.164242424242,17,17,17,1,0,0.352941176471,0.411764705882,0.235294117647,17,37,0.136029411765,1.88235294118,4.35294117647,3.36363636364,2.84615384615,1.69341284359,0.389027274878,0.193958664547,2.09866904602,0.964253345467,0.518282988871,1.87867287326,0.863174022847,0.470588235294,0.786197569093,0.41766745858,2.25,1.88235294118,0.786197569093,2.25,0.166339869281,0.0612244897959,3,0.00441176470588,0.185952380952,17,17,17,1,0,0.352941176471,0.411764705882,0.235294117647,0,0,0,0,0,0,0,0,0,0,0,0,0,0,0,0,0,0,0,0,0,0,0,0,0,0,0,0,0,37,0,0,235,1,1,0,0,1,1,1,1,1,1,2,2,0,0,0,0
3168,WLNM_dir_neg,1,0.5,00:00:00,10,80,2,1986366775,threshold_sweep,0.9,1,0.5,0.666666666667,1,0,1,4,0.5,1,0,0.5,1,0.5,0.666666666667,0.833333333333,0.611111111111,0.571428571429,0.632455532034,0.5,37,35,2,0,37,0,35,0,2,17,37,0.136029411765,1.88235294118,4.35294117647,3.36363636364,2.84615384615,1.69341284359,0.389027274878,0.193958664547,2.09866904602,0.964253345467,0.518282988871,1.87867287326,0.863174022847,0.470588235294,0.786197569093,0.41766745858,2.25,1.88235294118,0.786197569093,2.25,0.166339869281,0.0612244897959,3,0.00441176470588,0.185952380952,17,17,17,1,0,0.352941176471,0.411764705882,0.235294117647,17,0.128676470588,1.90196078431,4.11764705882,3.18181818182,2.69230769231,1.57648156274,0.382859808093,0.201680672269,2.01465221053,0.978545359402,0.524369747899,1.74894926439,0.849489642704,0.463865546218,0.814492905316,0.428238537847,2.33333333333,1.90196078431,0.814492905316,2.33333333333,0,0,0,0,0.164242424242,17,17,17,1,0,0.352941176471,0.411764705882,0.235294117647,17,36,0.132352941176,1.89705882353,4.23529411765,3.27272727273,2.76923076923,1.71498585143,0.40492721492,0.204248366013,2.05798302171,0.971825315808,0.522875816993,1.79869233546,0.849382491746,0.464052287582,0.805541469338,0.424626510969,2.25,1.89705882353,0.805541469338,2.25,0.0702614379085,0.0214285714286,1,0.00147058823529,0.175454545455,17,17,17,1,0,0.352941176471,0.411764705882,0.235294117647,-1,-0.00367647058824,0.0147058823529,-0.117647058824,-0.0909090909091,-0.0769230769231,0.0215730078386,0.0158999400418,0.0102897014662,-0.0406860243059,0.00757197034072,0.00459282812224,-0.0799805377942,-0.0137915311015,-0.00653594771242,0.0193439002456,0.00695905238854,0,0.0147058823529,0.0193439002456,0,-0.0960784313725,-0.0397959183673,-2,-0.00294117647059,-0.0104978354978,0,0,0,36,0,1,235,0.972972972973,1,0,0.027027027027,1,0.972972972973,0.986301369863,0.984301887704,0.972972972973,0.972972972973,1,2,0,0,0,0
3169,WLNM_dir_neg,1,0.5,00:00:00,10,80,3,1986366776,threshold_sweep,0.1,1,1,1,2,0,0,4,1,1,0,0,1,1,1,1,0.555555555556,1,1,1,37,35,2,0,37,0,35,0,2,17,37,0.136029411765,1.88235294118,4.35294117647,3.36363636364,2.84615384615,1.69341284359,0.389027274878,0.193958664547,2.09866904602,0.964253345467,0.518282988871,1.87867287326,0.863174022847,0.470588235294,0.786197569093,0.41766745858,2.25,1.88235294118,0.786197569093,2.25,0.166339869281,0.0612244897959,3,0.00441176470588,0.185952380952,17,17,17,1,0,0.352941176471,0.411764705882,0.235294117647,17,0.128676470588,1.90196078431,4.11764705882,3.18181818182,2.69230769231,1.57648156274,0.382859808093,0.201680672269,2.01465221053,0.978545359402,0.524369747899,1.74894926439,0.849489642704,0.463865546218,0.814492905316,0.428238537847,2.33333333333,1.90196078431,0.814492905316,2.33333333333,0,0,0,0,0.164242424242,17,17,17,1,0,0.352941176471,0.411764705882,0.235294117647,17,37,0.136029411765,1.88235294118,4.35294117647,3.36363636364,2.84615384615,1.69341284359,0.389027274878,0.193958664547,2.09866904602,0.964253345467,0.518282988871,1.87867287326,0.863174022847,0.470588235294,0.786197569093,0.41766745858,2.25,1.88235294118,0.786197569093,2.25,0.166339869281,0.0612244897959,3,0.00441176470588,0.185952380952,17,17,17,1,0,0.352941176471,0.411764705882,0.235294117647,0,0,0,0,0,0,0,0,0,0,0,0,0,0,0,0,0,0,0,0,0,0,0,0,0,0,0,0,0,37,0,0,235,1,1,0,0,1,1,1,1,1,1,2,2,0,0,0,0
3170,WLNM_dir_neg,1,0.5,00:00:00,10,80,3,1986366776,threshold_sweep,0.2,1,1,1,2,0,0,4,1,1,0,0,1,1,1,1,0.555555555556,1,1,1,37,35,2,0,37,0,35,0,2,17,37,0.136029411765,1.88235294118,4.35294117647,3.36363636364,2.84615384615,1.69341284359,0.389027274878,0.193958664547,2.09866904602,0.964253345467,0.518282988871,1.87867287326,0.863174022847,0.470588235294,0.786197569093,0.41766745858,2.25,1.88235294118,0.786197569093,2.25,0.166339869281,0.0612244897959,3,0.00441176470588,0.185952380952,17,17,17,1,0,0.352941176471,0.411764705882,0.235294117647,17,0.128676470588,1.90196078431,4.11764705882,3.18181818182,2.69230769231,1.57648156274,0.382859808093,0.201680672269,2.01465221053,0.978545359402,0.524369747899,1.74894926439,0.849489642704,0.463865546218,0.814492905316,0.428238537847,2.33333333333,1.90196078431,0.814492905316,2.33333333333,0,0,0,0,0.164242424242,17,17,17,1,0,0.352941176471,0.411764705882,0.235294117647,17,37,0.136029411765,1.88235294118,4.35294117647,3.36363636364,2.84615384615,1.69341284359,0.389027274878,0.193958664547,2.09866904602,0.964253345467,0.518282988871,1.87867287326,0.863174022847,0.470588235294,0.786197569093,0.41766745858,2.25,1.88235294118,0.786197569093,2.25,0.166339869281,0.0612244897959,3,0.00441176470588,0.185952380952,17,17,17,1,0,0.352941176471,0.411764705882,0.235294117647,0,0,0,0,0,0,0,0,0,0,0,0,0,0,0,0,0,0,0,0,0,0,0,0,0,0,0,0,0,37,0,0,235,1,1,0,0,1,1,1,1,1,1,2,2,0,0,0,0
3171,WLNM_dir_neg,1,0.5,00:00:00,10,80,3,1986366776,threshold_sweep,0.3,1,1,1,2,0,0,4,1,1,0,0,1,1,1,1,0.555555555556,1,1,1,37,35,2,0,37,0,35,0,2,17,37,0.136029411765,1.88235294118,4.35294117647,3.36363636364,2.84615384615,1.69341284359,0.389027274878,0.193958664547,2.09866904602,0.964253345467,0.518282988871,1.87867287326,0.863174022847,0.470588235294,0.786197569093,0.41766745858,2.25,1.88235294118,0.786197569093,2.25,0.166339869281,0.0612244897959,3,0.00441176470588,0.185952380952,17,17,17,1,0,0.352941176471,0.411764705882,0.235294117647,17,0.128676470588,1.90196078431,4.11764705882,3.18181818182,2.69230769231,1.57648156274,0.382859808093,0.201680672269,2.01465221053,0.978545359402,0.524369747899,1.74894926439,0.849489642704,0.463865546218,0.814492905316,0.428238537847,2.33333333333,1.90196078431,0.814492905316,2.33333333333,0,0,0,0,0.164242424242,17,17,17,1,0,0.352941176471,0.411764705882,0.235294117647,17,37,0.136029411765,1.88235294118,4.35294117647,3.36363636364,2.84615384615,1.69341284359,0.389027274878,0.193958664547,2.09866904602,0.964253345467,0.518282988871,1.87867287326,0.863174022847,0.470588235294,0.786197569093,0.41766745858,2.25,1.88235294118,0.786197569093,2.25,0.166339869281,0.0612244897959,3,0.00441176470588,0.185952380952,17,17,17,1,0,0.352941176471,0.411764705882,0.235294117647,0,0,0,0,0,0,0,0,0,0,0,0,0,0,0,0,0,0,0,0,0,0,0,0,0,0,0,0,0,37,0,0,235,1,1,0,0,1,1,1,1,1,1,2,2,0,0,0,0
3172,WLNM_dir_neg,1,0.5,00:00:00,10,80,3,1986366776,threshold_sweep,0.4,1,1,1,2,0,0,4,1,1,0,0,1,1,1,1,0.555555555556,1,1,1,37,35,2,0,37,0,35,0,2,17,37,0.136029411765,1.88235294118,4.35294117647,3.36363636364,2.84615384615,1.69341284359,0.389027274878,0.193958664547,2.09866904602,0.964253345467,0.518282988871,1.87867287326,0.863174022847,0.470588235294,0.786197569093,0.41766745858,2.25,1.88235294118,0.786197569093,2.25,0.166339869281,0.0612244897959,3,0.00441176470588,0.185952380952,17,17,17,1,0,0.352941176471,0.411764705882,0.235294117647,17,0.128676470588,1.90196078431,4.11764705882,3.18181818182,2.69230769231,1.57648156274,0.382859808093,0.201680672269,2.01465221053,0.978545359402,0.524369747899,1.74894926439,0.849489642704,0.463865546218,0.814492905316,0.428238537847,2.33333333333,1.90196078431,0.814492905316,2.33333333333,0,0,0,0,0.164242424242,17,17,17,1,0,0.352941176471,0.411764705882,0.235294117647,17,37,0.136029411765,1.88235294118,4.35294117647,3.36363636364,2.84615384615,1.69341284359,0.389027274878,0.193958664547,2.09866904602,0.964253345467,0.518282988871,1.87867287326,0.863174022847,0.470588235294,0.786197569093,0.41766745858,2.25,1.88235294118,0.786197569093,2.25,0.166339869281,0.0612244897959,3,0.00441176470588,0.185952380952,17,17,17,1,0,0.352941176471,0.411764705882,0.235294117647,0,0,0,0,0,0,0,0,0,0,0,0,0,0,0,0,0,0,0,0,0,0,0,0,0,0,0,0,0,37,0,0,235,1,1,0,0,1,1,1,1,1,1,2,2,0,0,0,0
3173,WLNM_dir_neg,1,0.5,00:00:00,10,80,3,1986366776,threshold_sweep,0.5,1,1,1,2,0,0,4,1,1,0,0,1,1,1,1,0.555555555556,1,1,1,37,35,2,0,37,0,35,0,2,17,37,0.136029411765,1.88235294118,4.35294117647,3.36363636364,2.84615384615,1.69341284359,0.389027274878,0.193958664547,2.09866904602,0.964253345467,0.518282988871,1.87867287326,0.863174022847,0.470588235294,0.786197569093,0.41766745858,2.25,1.88235294118,0.786197569093,2.25,0.166339869281,0.0612244897959,3,0.00441176470588,0.185952380952,17,17,17,1,0,0.352941176471,0.411764705882,0.235294117647,17,0.128676470588,1.90196078431,4.11764705882,3.18181818182,2.69230769231,1.57648156274,0.382859808093,0.201680672269,2.01465221053,0.978545359402,0.524369747899,1.74894926439,0.849489642704,0.463865546218,0.814492905316,0.428238537847,2.33333333333,1.90196078431,0.814492905316,2.33333333333,0,0,0,0,0.164242424242,17,17,17,1,0,0.352941176471,0.411764705882,0.235294117647,17,37,0.136029411765,1.88235294118,4.35294117647,3.36363636364,2.84615384615,1.69341284359,0.389027274878,0.193958664547,2.09866904602,0.964253345467,0.518282988871,1.87867287326,0.863174022847,0.470588235294,0.786197569093,0.41766745858,2.25,1.88235294118,0.786197569093,2.25,0.166339869281,0.0612244897959,3,0.00441176470588,0.185952380952,17,17,17,1,0,0.352941176471,0.411764705882,0.235294117647,0,0,0,0,0,0,0,0,0,0,0,0,0,0,0,0,0,0,0,0,0,0,0,0,0,0,0,0,0,37,0,0,235,1,1,0,0,1,1,1,1,1,1,2,2,0,0,0,0
3174,WLNM_dir_neg,1,0.5,00:00:00,10,80,3,1986366776,threshold_sweep,0.6,1,1,1,2,0,0,4,1,1,0,0,1,1,1,1,0.555555555556,1,1,1,37,35,2,0,37,0,35,0,2,17,37,0.136029411765,1.88235294118,4.35294117647,3.36363636364,2.84615384615,1.69341284359,0.389027274878,0.193958664547,2.09866904602,0.964253345467,0.518282988871,1.87867287326,0.863174022847,0.470588235294,0.786197569093,0.41766745858,2.25,1.88235294118,0.786197569093,2.25,0.166339869281,0.0612244897959,3,0.00441176470588,0.185952380952,17,17,17,1,0,0.352941176471,0.411764705882,0.235294117647,17,0.128676470588,1.90196078431,4.11764705882,3.18181818182,2.69230769231,1.57648156274,0.382859808093,0.201680672269,2.01465221053,0.978545359402,0.524369747899,1.74894926439,0.849489642704,0.463865546218,0.814492905316,0.428238537847,2.33333333333,1.90196078431,0.814492905316,2.33333333333,0,0,0,0,0.164242424242,17,17,17,1,0,0.352941176471,0.411764705882,0.235294117647,17,37,0.136029411765,1.88235294118,4.35294117647,3.36363636364,2.84615384615,1.69341284359,0.389027274878,0.193958664547,2.09866904602,0.964253345467,0.518282988871,1.87867287326,0.863174022847,0.470588235294,0.786197569093,0.41766745858,2.25,1.88235294118,0.786197569093,2.25,0.166339869281,0.0612244897959,3,0.00441176470588,0.185952380952,17,17,17,1,0,0.352941176471,0.411764705882,0.235294117647,0,0,0,0,0,0,0,0,0,0,0,0,0,0,0,0,0,0,0,0,0,0,0,0,0,0,0,0,0,37,0,0,235,1,1,0,0,1,1,1,1,1,1,2,2,0,0,0,0
3175,WLNM_dir_neg,1,0.5,00:00:00,10,80,3,1986366776,threshold_sweep,0.7,1,1,1,2,0,0,4,1,1,0,0,1,1,1,1,0.555555555556,1,1,1,37,35,2,0,37,0,35,0,2,17,37,0.136029411765,1.88235294118,4.35294117647,3.36363636364,2.84615384615,1.69341284359,0.389027274878,0.193958664547,2.09866904602,0.964253345467,0.518282988871,1.87867287326,0.863174022847,0.470588235294,0.786197569093,0.41766745858,2.25,1.88235294118,0.786197569093,2.25,0.166339869281,0.0612244897959,3,0.00441176470588,0.185952380952,17,17,17,1,0,0.352941176471,0.411764705882,0.235294117647,17,0.128676470588,1.90196078431,4.11764705882,3.18181818182,2.69230769231,1.57648156274,0.382859808093,0.201680672269,2.01465221053,0.978545359402,0.524369747899,1.74894926439,0.849489642704,0.463865546218,0.814492905316,0.428238537847,2.33333333333,1.90196078431,0.814492905316,2.33333333333,0,0,0,0,0.164242424242,17,17,17,1,0,0.352941176471,0.411764705882,0.235294117647,17,37,0.136029411765,1.88235294118,4.35294117647,3.36363636364,2.84615384615,1.69341284359,0.389027274878,0.193958664547,2.09866904602,0.964253345467,0.518282988871,1.87867287326,0.863174022847,0.470588235294,0.786197569093,0.41766745858,2.25,1.88235294118,0.786197569093,2.25,0.166339869281,0.0612244897959,3,0.00441176470588,0.185952380952,17,17,17,1,0,0.352941176471,0.411764705882,0.235294117647,0,0,0,0,0,0,0,0,0,0,0,0,0,0,0,0,0,0,0,0,0,0,0,0,0,0,0,0,0,37,0,0,235,1,1,0,0,1,1,1,1,1,1,2,2,0,0,0,0
3176,WLNM_dir_neg,1,0.5,00:00:00,10,80,3,1986366776,threshold_sweep,0.8,1,1,1,2,0,0,4,1,1,0,0,1,1,1,1,0.555555555556,1,1,1,37,35,2,0,37,0,35,0,2,17,37,0.136029411765,1.88235294118,4.35294117647,3.36363636364,2.84615384615,1.69341284359,0.389027274878,0.193958664547,2.09866904602,0.964253345467,0.518282988871,1.87867287326,0.863174022847,0.470588235294,0.786197569093,0.41766745858,2.25,1.88235294118,0.786197569093,2.25,0.166339869281,0.0612244897959,3,0.00441176470588,0.185952380952,17,17,17,1,0,0.352941176471,0.411764705882,0.235294117647,17,0.128676470588,1.90196078431,4.11764705882,3.18181818182,2.69230769231,1.57648156274,0.382859808093,0.201680672269,2.01465221053,0.978545359402,0.524369747899,1.74894926439,0.849489642704,0.463865546218,0.814492905316,0.428238537847,2.33333333333,1.90196078431,0.814492905316,2.33333333333,0,0,0,0,0.164242424242,17,17,17,1,0,0.352941176471,0.411764705882,0.235294117647,17,37,0.136029411765,1.88235294118,4.35294117647,3.36363636364,2.84615384615,1.69341284359,0.389027274878,0.193958664547,2.09866904602,0.964253345467,0.518282988871,1.87867287326,0.863174022847,0.470588235294,0.786197569093,0.41766745858,2.25,1.88235294118,0.786197569093,2.25,0.166339869281,0.0612244897959,3,0.00441176470588,0.185952380952,17,17,17,1,0,0.352941176471,0.411764705882,0.235294117647,0,0,0,0,0,0,0,0,0,0,0,0,0,0,0,0,0,0,0,0,0,0,0,0,0,0,0,0,0,37,0,0,235,1,1,0,0,1,1,1,1,1,1,2,2,0,0,0,0
3177,WLNM_dir_neg,1,0.5,00:00:00,10,80,3,1986366776,threshold_sweep,0.9,1,1,1,2,0,0,4,1,1,0,0,1,1,1,1,0.555555555556,1,1,1,37,35,2,0,37,0,35,0,2,17,37,0.136029411765,1.88235294118,4.35294117647,3.36363636364,2.84615384615,1.69341284359,0.389027274878,0.193958664547,2.09866904602,0.964253345467,0.518282988871,1.87867287326,0.863174022847,0.470588235294,0.786197569093,0.41766745858,2.25,1.88235294118,0.786197569093,2.25,0.166339869281,0.0612244897959,3,0.00441176470588,0.185952380952,17,17,17,1,0,0.352941176471,0.411764705882,0.235294117647,17,0.128676470588,1.90196078431,4.11764705882,3.18181818182,2.69230769231,1.57648156274,0.382859808093,0.201680672269,2.01465221053,0.978545359402,0.524369747899,1.74894926439,0.849489642704,0.463865546218,0.814492905316,0.428238537847,2.33333333333,1.90196078431,0.814492905316,2.33333333333,0,0,0,0,0.164242424242,17,17,17,1,0,0.352941176471,0.411764705882,0.235294117647,17,37,0.136029411765,1.88235294118,4.35294117647,3.36363636364,2.84615384615,1.69341284359,0.389027274878,0.193958664547,2.09866904602,0.964253345467,0.518282988871,1.87867287326,0.863174022847,0.470588235294,0.786197569093,0.41766745858,2.25,1.88235294118,0.786197569093,2.25,0.166339869281,0.0612244897959,3,0.00441176470588,0.185952380952,17,17,17,1,0,0.352941176471,0.411764705882,0.235294117647,0,0,0,0,0,0,0,0,0,0,0,0,0,0,0,0,0,0,0,0,0,0,0,0,0,0,0,0,0,37,0,0,235,1,1,0,0,1,1,1,1,1,1,2,2,0,0,0,0
3178,WLNM_dir_neg,1,0.5,00:00:00,10,80,4,1986366777,threshold_sweep,0.1,0.666666666667,1,0.8,2,1,0,3,1,0.75,0.25,0,0.666666666667,1,0.8,0.833333333333,0.5,0.666666666667,0.707106781187,0.75,37,35,2,0,37,0,35,0,2,17,37,0.136029411765,1.88235294118,4.35294117647,3.36363636364,2.84615384615,1.69341284359,0.389027274878,0.193958664547,2.09866904602,0.964253345467,0.518282988871,1.87867287326,0.863174022847,0.470588235294,0.786197569093,0.41766745858,2.25,1.88235294118,0.786197569093,2.25,0.166339869281,0.0612244897959,3,0.00441176470588,0.185952380952,17,17,17,1,0,0.352941176471,0.411764705882,0.235294117647,17,0.128676470588,1.90196078431,4.11764705882,3.18181818182,2.69230769231,1.57648156274,0.382859808093,0.201680672269,2.01465221053,0.978545359402,0.524369747899,1.74894926439,0.849489642704,0.463865546218,0.814492905316,0.428238537847,2.33333333333,1.90196078431,0.814492905316,2.33333333333,0,0,0,0,0.164242424242,17,17,17,1,0,0.352941176471,0.411764705882,0.235294117647,17,38,0.139705882353,1.88823529412,4.47058823529,3.45454545455,2.71428571429,1.69991349261,0.380243807557,0.187306501548,2.16591238756,0.968960804961,0.517027863777,1.82103719638,0.814674535221,0.442724458204,0.797364685183,0.422280362869,2.35,1.88823529412,0.797364685183,2.35,0.185620915033,0.0967741935484,5,0.00735294117647,0.182878787879,17,17,17,1,0,0.352941176471,0.470588235294,0.176470588235,1,0.00367647058824,0.00588235294118,0.117647058824,0.0909090909091,-0.131868131868,0.00650064902221,-0.00878346732077,-0.00665216299891,0.0672433415445,0.00470745949447,-0.00125512509413,-0.0576356768785,-0.0484994876259,-0.0278637770898,0.0111671160901,0.00461290428891,0.1,0.00588235294118,0.0111671160901,0.1,0.0192810457516,0.0355497037525,2,0.00294117647059,-0.00307359307359,0,0.0588235294118,-0.0588235294118,37,1,0,234,1,0.995744680851,0.00425531914894,0,0.973684210526,1,0.986666666667,0.984652666406,0.995744680851,0.973684210526,3,2,0,0,0,0
3179,WLNM_dir_neg,1,0.5,00:00:00,10,80,4,1986366777,threshold_sweep,0.2,1,1,1,2,0,0,4,1,1,0,0,1,1,1,1,0.555555555556,1,1,1,37,35,2,0,37,0,35,0,2,17,37,0.136029411765,1.88235294118,4.35294117647,3.36363636364,2.84615384615,1.69341284359,0.389027274878,0.193958664547,2.09866904602,0.964253345467,0.518282988871,1.87867287326,0.863174022847,0.470588235294,0.786197569093,0.41766745858,2.25,1.88235294118,0.786197569093,2.25,0.166339869281,0.0612244897959,3,0.00441176470588,0.185952380952,17,17,17,1,0,0.352941176471,0.411764705882,0.235294117647,17,0.128676470588,1.90196078431,4.11764705882,3.18181818182,2.69230769231,1.57648156274,0.382859808093,0.201680672269,2.01465221053,0.978545359402,0.524369747899,1.74894926439,0.849489642704,0.463865546218,0.814492905316,0.428238537847,2.33333333333,1.90196078431,0.814492905316,2.33333333333,0,0,0,0,0.164242424242,17,17,17,1,0,0.352941176471,0.411764705882,0.235294117647,17,37,0.136029411765,1.88235294118,4.35294117647,3.36363636364,2.84615384615,1.69341284359,0.389027274878,0.193958664547,2.09866904602,0.964253345467,0.518282988871,1.87867287326,0.863174022847,0.470588235294,0.786197569093,0.41766745858,2.25,1.88235294118,0.786197569093,2.25,0.166339869281,0.0612244897959,3,0.00441176470588,0.185952380952,17,17,17,1,0,0.352941176471,0.411764705882,0.235294117647,0,0,0,0,0,0,0,0,0,0,0,0,0,0,0,0,0,0,0,0,0,0,0,0,0,0,0,0,0,37,0,0,235,1,1,0,0,1,1,1,1,1,1,2,2,0,0,0,0
3180,WLNM_dir_neg,1,0.5,00:00:00,10,80,4,1986366777,threshold_sweep,0.3,1,1,1,2,0,0,4,1,1,0,0,1,1,1,1,0.555555555556,1,1,1,37,35,2,0,37,0,35,0,2,17,37,0.136029411765,1.88235294118,4.35294117647,3.36363636364,2.84615384615,1.69341284359,0.389027274878,0.193958664547,2.09866904602,0.964253345467,0.518282988871,1.87867287326,0.863174022847,0.470588235294,0.786197569093,0.41766745858,2.25,1.88235294118,0.786197569093,2.25,0.166339869281,0.0612244897959,3,0.00441176470588,0.185952380952,17,17,17,1,0,0.352941176471,0.411764705882,0.235294117647,17,0.128676470588,1.90196078431,4.11764705882,3.18181818182,2.69230769231,1.57648156274,0.382859808093,0.201680672269,2.01465221053,0.978545359402,0.524369747899,1.74894926439,0.849489642704,0.463865546218,0.814492905316,0.428238537847,2.33333333333,1.90196078431,0.814492905316,2.33333333333,0,0,0,0,0.164242424242,17,17,17,1,0,0.352941176471,0.411764705882,0.235294117647,17,37,0.136029411765,1.88235294118,4.35294117647,3.36363636364,2.84615384615,1.69341284359,0.389027274878,0.193958664547,2.09866904602,0.964253345467,0.518282988871,1.87867287326,0.863174022847,0.470588235294,0.786197569093,0.41766745858,2.25,1.88235294118,0.786197569093,2.25,0.166339869281,0.0612244897959,3,0.00441176470588,0.185952380952,17,17,17,1,0,0.352941176471,0.411764705882,0.235294117647,0,0,0,0,0,0,0,0,0,0,0,0,0,0,0,0,0,0,0,0,0,0,0,0,0,0,0,0,0,37,0,0,235,1,1,0,0,1,1,1,1,1,1,2,2,0,0,0,0
3181,WLNM_dir_neg,1,0.5,00:00:00,10,80,4,1986366777,threshold_sweep,0.4,1,1,1,2,0,0,4,1,1,0,0,1,1,1,1,0.555555555556,1,1,1,37,35,2,0,37,0,35,0,2,17,37,0.136029411765,1.88235294118,4.35294117647,3.36363636364,2.84615384615,1.69341284359,0.389027274878,0.193958664547,2.09866904602,0.964253345467,0.518282988871,1.87867287326,0.863174022847,0.470588235294,0.786197569093,0.41766745858,2.25,1.88235294118,0.786197569093,2.25,0.166339869281,0.0612244897959,3,0.00441176470588,0.185952380952,17,17,17,1,0,0.352941176471,0.411764705882,0.235294117647,17,0.128676470588,1.90196078431,4.11764705882,3.18181818182,2.69230769231,1.57648156274,0.382859808093,0.201680672269,2.01465221053,0.978545359402,0.524369747899,1.74894926439,0.849489642704,0.463865546218,0.814492905316,0.428238537847,2.33333333333,1.90196078431,0.814492905316,2.33333333333,0,0,0,0,0.164242424242,17,17,17,1,0,0.352941176471,0.411764705882,0.235294117647,17,37,0.136029411765,1.88235294118,4.35294117647,3.36363636364,2.84615384615,1.69341284359,0.389027274878,0.193958664547,2.09866904602,0.964253345467,0.518282988871,1.87867287326,0.863174022847,0.470588235294,0.786197569093,0.41766745858,2.25,1.88235294118,0.786197569093,2.25,0.166339869281,0.0612244897959,3,0.00441176470588,0.185952380952,17,17,17,1,0,0.352941176471,0.411764705882,0.235294117647,0,0,0,0,0,0,0,0,0,0,0,0,0,0,0,0,0,0,0,0,0,0,0,0,0,0,0,0,0,37,0,0,235,1,1,0,0,1,1,1,1,1,1,2,2,0,0,0,0
3182,WLNM_dir_neg,1,0.5,00:00:00,10,80,4,1986366777,threshold_sweep,0.5,1,1,1,2,0,0,4,1,1,0,0,1,1,1,1,0.555555555556,1,1,1,37,35,2,0,37,0,35,0,2,17,37,0.136029411765,1.88235294118,4.35294117647,3.36363636364,2.84615384615,1.69341284359,0.389027274878,0.193958664547,2.09866904602,0.964253345467,0.518282988871,1.87867287326,0.863174022847,0.470588235294,0.786197569093,0.41766745858,2.25,1.88235294118,0.786197569093,2.25,0.166339869281,0.0612244897959,3,0.00441176470588,0.185952380952,17,17,17,1,0,0.352941176471,0.411764705882,0.235294117647,17,0.128676470588,1.90196078431,4.11764705882,3.18181818182,2.69230769231,1.57648156274,0.382859808093,0.201680672269,2.01465221053,0.978545359402,0.524369747899,1.74894926439,0.849489642704,0.463865546218,0.814492905316,0.428238537847,2.33333333333,1.90196078431,0.814492905316,2.33333333333,0,0,0,0,0.164242424242,17,17,17,1,0,0.352941176471,0.411764705882,0.235294117647,17,37,0.136029411765,1.88235294118,4.35294117647,3.36363636364,2.84615384615,1.69341284359,0.389027274878,0.193958664547,2.09866904602,0.964253345467,0.518282988871,1.87867287326,0.863174022847,0.470588235294,0.786197569093,0.41766745858,2.25,1.88235294118,0.786197569093,2.25,0.166339869281,0.0612244897959,3,0.00441176470588,0.185952380952,17,17,17,1,0,0.352941176471,0.411764705882,0.235294117647,0,0,0,0,0,0,0,0,0,0,0,0,0,0,0,0,0,0,0,0,0,0,0,0,0,0,0,0,0,37,0,0,235,1,1,0,0,1,1,1,1,1,1,2,2,0,0,0,0
3183,WLNM_dir_neg,1,0.5,00:00:00,10,80,4,1986366777,threshold_sweep,0.6,1,1,1,2,0,0,4,1,1,0,0,1,1,1,1,0.555555555556,1,1,1,37,35,2,0,37,0,35,0,2,17,37,0.136029411765,1.88235294118,4.35294117647,3.36363636364,2.84615384615,1.69341284359,0.389027274878,0.193958664547,2.09866904602,0.964253345467,0.518282988871,1.87867287326,0.863174022847,0.470588235294,0.786197569093,0.41766745858,2.25,1.88235294118,0.786197569093,2.25,0.166339869281,0.0612244897959,3,0.00441176470588,0.185952380952,17,17,17,1,0,0.352941176471,0.411764705882,0.235294117647,17,0.128676470588,1.90196078431,4.11764705882,3.18181818182,2.69230769231,1.57648156274,0.382859808093,0.201680672269,2.01465221053,0.978545359402,0.524369747899,1.74894926439,0.849489642704,0.463865546218,0.814492905316,0.428238537847,2.33333333333,1.90196078431,0.814492905316,2.33333333333,0,0,0,0,0.164242424242,17,17,17,1,0,0.352941176471,0.411764705882,0.235294117647,17,37,0.136029411765,1.88235294118,4.35294117647,3.36363636364,2.84615384615,1.69341284359,0.389027274878,0.193958664547,2.09866904602,0.964253345467,0.518282988871,1.87867287326,0.863174022847,0.470588235294,0.786197569093,0.41766745858,2.25,1.88235294118,0.786197569093,2.25,0.166339869281,0.0612244897959,3,0.00441176470588,0.185952380952,17,17,17,1,0,0.352941176471,0.411764705882,0.235294117647,0,0,0,0,0,0,0,0,0,0,0,0,0,0,0,0,0,0,0,0,0,0,0,0,0,0,0,0,0,37,0,0,235,1,1,0,0,1,1,1,1,1,1,2,2,0,0,0,0
3184,WLNM_dir_neg,1,0.5,00:00:00,10,80,4,1986366777,threshold_sweep,0.7,1,1,1,2,0,0,4,1,1,0,0,1,1,1,1,0.555555555556,1,1,1,37,35,2,0,37,0,35,0,2,17,37,0.136029411765,1.88235294118,4.35294117647,3.36363636364,2.84615384615,1.69341284359,0.389027274878,0.193958664547,2.09866904602,0.964253345467,0.518282988871,1.87867287326,0.863174022847,0.470588235294,0.786197569093,0.41766745858,2.25,1.88235294118,0.786197569093,2.25,0.166339869281,0.0612244897959,3,0.00441176470588,0.185952380952,17,17,17,1,0,0.352941176471,0.411764705882,0.235294117647,17,0.128676470588,1.90196078431,4.11764705882,3.18181818182,2.69230769231,1.57648156274,0.382859808093,0.201680672269,2.01465221053,0.978545359402,0.524369747899,1.74894926439,0.849489642704,0.463865546218,0.814492905316,0.428238537847,2.33333333333,1.90196078431,0.814492905316,2.33333333333,0,0,0,0,0.164242424242,17,17,17,1,0,0.352941176471,0.411764705882,0.235294117647,17,37,0.136029411765,1.88235294118,4.35294117647,3.36363636364,2.84615384615,1.69341284359,0.389027274878,0.193958664547,2.09866904602,0.964253345467,0.518282988871,1.87867287326,0.863174022847,0.470588235294,0.786197569093,0.41766745858,2.25,1.88235294118,0.786197569093,2.25,0.166339869281,0.0612244897959,3,0.00441176470588,0.185952380952,17,17,17,1,0,0.352941176471,0.411764705882,0.235294117647,0,0,0,0,0,0,0,0,0,0,0,0,0,0,0,0,0,0,0,0,0,0,0,0,0,0,0,0,0,37,0,0,235,1,1,0,0,1,1,1,1,1,1,2,2,0,0,0,0
3185,WLNM_dir_neg,1,0.5,00:00:00,10,80,4,1986366777,threshold_sweep,0.8,1,1,1,2,0,0,4,1,1,0,0,1,1,1,1,0.555555555556,1,1,1,37,35,2,0,37,0,35,0,2,17,37,0.136029411765,1.88235294118,4.35294117647,3.36363636364,2.84615384615,1.69341284359,0.389027274878,0.193958664547,2.09866904602,0.964253345467,0.518282988871,1.87867287326,0.863174022847,0.470588235294,0.786197569093,0.41766745858,2.25,1.88235294118,0.786197569093,2.25,0.166339869281,0.0612244897959,3,0.00441176470588,0.185952380952,17,17,17,1,0,0.352941176471,0.411764705882,0.235294117647,17,0.128676470588,1.90196078431,4.11764705882,3.18181818182,2.69230769231,1.57648156274,0.382859808093,0.201680672269,2.01465221053,0.978545359402,0.524369747899,1.74894926439,0.849489642704,0.463865546218,0.814492905316,0.428238537847,2.33333333333,1.90196078431,0.814492905316,2.33333333333,0,0,0,0,0.164242424242,17,17,17,1,0,0.352941176471,0.411764705882,0.235294117647,17,37,0.136029411765,1.88235294118,4.35294117647,3.36363636364,2.84615384615,1.69341284359,0.389027274878,0.193958664547,2.09866904602,0.964253345467,0.518282988871,1.87867287326,0.863174022847,0.470588235294,0.786197569093,0.41766745858,2.25,1.88235294118,0.786197569093,2.25,0.166339869281,0.0612244897959,3,0.00441176470588,0.185952380952,17,17,17,1,0,0.352941176471,0.411764705882,0.235294117647,0,0,0,0,0,0,0,0,0,0,0,0,0,0,0,0,0,0,0,0,0,0,0,0,0,0,0,0,0,37,0,0,235,1,1,0,0,1,1,1,1,1,1,2,2,0,0,0,0
3186,WLNM_dir_neg,1,0.5,00:00:00,10,80,4,1986366777,threshold_sweep,0.9,1,1,1,2,0,0,4,1,1,0,0,1,1,1,1,0.555555555556,1,1,1,37,35,2,0,37,0,35,0,2,17,37,0.136029411765,1.88235294118,4.35294117647,3.36363636364,2.84615384615,1.69341284359,0.389027274878,0.193958664547,2.09866904602,0.964253345467,0.518282988871,1.87867287326,0.863174022847,0.470588235294,0.786197569093,0.41766745858,2.25,1.88235294118,0.786197569093,2.25,0.166339869281,0.0612244897959,3,0.00441176470588,0.185952380952,17,17,17,1,0,0.352941176471,0.411764705882,0.235294117647,17,0.128676470588,1.90196078431,4.11764705882,3.18181818182,2.69230769231,1.57648156274,0.382859808093,0.201680672269,2.01465221053,0.978545359402,0.524369747899,1.74894926439,0.849489642704,0.463865546218,0.814492905316,0.428238537847,2.33333333333,1.90196078431,0.814492905316,2.33333333333,0,0,0,0,0.164242424242,17,17,17,1,0,0.352941176471,0.411764705882,0.235294117647,17,37,0.136029411765,1.88235294118,4.35294117647,3.36363636364,2.84615384615,1.69341284359,0.389027274878,0.193958664547,2.09866904602,0.964253345467,0.518282988871,1.87867287326,0.863174022847,0.470588235294,0.786197569093,0.41766745858,2.25,1.88235294118,0.786197569093,2.25,0.166339869281,0.0612244897959,3,0.00441176470588,0.185952380952,17,17,17,1,0,0.352941176471,0.411764705882,0.235294117647,0,0,0,0,0,0,0,0,0,0,0,0,0,0,0,0,0,0,0,0,0,0,0,0,0,0,0,0,0,37,0,0,235,1,1,0,0,1,1,1,1,1,1,2,2,0,0,0,0
3187,WLNM_dir_neg,1,0.5,00:00:00,10,80,5,1986366778,threshold_sweep,0.1,1,1,1,2,0,0,4,1,1,0,0,1,1,1,1,0.555555555556,1,1,1,37,35,2,0,37,0,35,0,2,17,37,0.136029411765,1.88235294118,4.35294117647,3.36363636364,2.84615384615,1.69341284359,0.389027274878,0.193958664547,2.09866904602,0.964253345467,0.518282988871,1.87867287326,0.863174022847,0.470588235294,0.786197569093,0.41766745858,2.25,1.88235294118,0.786197569093,2.25,0.166339869281,0.0612244897959,3,0.00441176470588,0.185952380952,17,17,17,1,0,0.352941176471,0.411764705882,0.235294117647,17,0.128676470588,1.90196078431,4.11764705882,3.18181818182,2.69230769231,1.57648156274,0.382859808093,0.201680672269,2.01465221053,0.978545359402,0.524369747899,1.74894926439,0.849489642704,0.463865546218,0.814492905316,0.428238537847,2.33333333333,1.90196078431,0.814492905316,2.33333333333,0,0,0,0,0.164242424242,17,17,17,1,0,0.352941176471,0.411764705882,0.235294117647,17,37,0.136029411765,1.88235294118,4.35294117647,3.36363636364,2.84615384615,1.69341284359,0.389027274878,0.193958664547,2.09866904602,0.964253345467,0.518282988871,1.87867287326,0.863174022847,0.470588235294,0.786197569093,0.41766745858,2.25,1.88235294118,0.786197569093,2.25,0.166339869281,0.0612244897959,3,0.00441176470588,0.185952380952,17,17,17,1,0,0.352941176471,0.411764705882,0.235294117647,0,0,0,0,0,0,0,0,0,0,0,0,0,0,0,0,0,0,0,0,0,0,0,0,0,0,0,0,0,37,0,0,235,1,1,0,0,1,1,1,1,1,1,2,2,0,0,0,0
3188,WLNM_dir_neg,1,0.5,00:00:00,10,80,5,1986366778,threshold_sweep,0.2,1,1,1,2,0,0,4,1,1,0,0,1,1,1,1,0.555555555556,1,1,1,37,35,2,0,37,0,35,0,2,17,37,0.136029411765,1.88235294118,4.35294117647,3.36363636364,2.84615384615,1.69341284359,0.389027274878,0.193958664547,2.09866904602,0.964253345467,0.518282988871,1.87867287326,0.863174022847,0.470588235294,0.786197569093,0.41766745858,2.25,1.88235294118,0.786197569093,2.25,0.166339869281,0.0612244897959,3,0.00441176470588,0.185952380952,17,17,17,1,0,0.352941176471,0.411764705882,0.235294117647,17,0.128676470588,1.90196078431,4.11764705882,3.18181818182,2.69230769231,1.57648156274,0.382859808093,0.201680672269,2.01465221053,0.978545359402,0.524369747899,1.74894926439,0.849489642704,0.463865546218,0.814492905316,0.428238537847,2.33333333333,1.90196078431,0.814492905316,2.33333333333,0,0,0,0,0.164242424242,17,17,17,1,0,0.352941176471,0.411764705882,0.235294117647,17,37,0.136029411765,1.88235294118,4.35294117647,3.36363636364,2.84615384615,1.69341284359,0.389027274878,0.193958664547,2.09866904602,0.964253345467,0.518282988871,1.87867287326,0.863174022847,0.470588235294,0.786197569093,0.41766745858,2.25,1.88235294118,0.786197569093,2.25,0.166339869281,0.0612244897959,3,0.00441176470588,0.185952380952,17,17,17,1,0,0.352941176471,0.411764705882,0.235294117647,0,0,0,0,0,0,0,0,0,0,0,0,0,0,0,0,0,0,0,0,0,0,0,0,0,0,0,0,0,37,0,0,235,1,1,0,0,1,1,1,1,1,1,2,2,0,0,0,0
3189,WLNM_dir_neg,1,0.5,00:00:00,10,80,5,1986366778,threshold_sweep,0.3,1,1,1,2,0,0,4,1,1,0,0,1,1,1,1,0.555555555556,1,1,1,37,35,2,0,37,0,35,0,2,17,37,0.136029411765,1.88235294118,4.35294117647,3.36363636364,2.84615384615,1.69341284359,0.389027274878,0.193958664547,2.09866904602,0.964253345467,0.518282988871,1.87867287326,0.863174022847,0.470588235294,0.786197569093,0.41766745858,2.25,1.88235294118,0.786197569093,2.25,0.166339869281,0.0612244897959,3,0.00441176470588,0.185952380952,17,17,17,1,0,0.352941176471,0.411764705882,0.235294117647,17,0.128676470588,1.90196078431,4.11764705882,3.18181818182,2.69230769231,1.57648156274,0.382859808093,0.201680672269,2.01465221053,0.978545359402,0.524369747899,1.74894926439,0.849489642704,0.463865546218,0.814492905316,0.428238537847,2.33333333333,1.90196078431,0.814492905316,2.33333333333,0,0,0,0,0.164242424242,17,17,17,1,0,0.352941176471,0.411764705882,0.235294117647,17,37,0.136029411765,1.88235294118,4.35294117647,3.36363636364,2.84615384615,1.69341284359,0.389027274878,0.193958664547,2.09866904602,0.964253345467,0.518282988871,1.87867287326,0.863174022847,0.470588235294,0.786197569093,0.41766745858,2.25,1.88235294118,0.786197569093,2.25,0.166339869281,0.0612244897959,3,0.00441176470588,0.185952380952,17,17,17,1,0,0.352941176471,0.411764705882,0.235294117647,0,0,0,0,0,0,0,0,0,0,0,0,0,0,0,0,0,0,0,0,0,0,0,0,0,0,0,0,0,37,0,0,235,1,1,0,0,1,1,1,1,1,1,2,2,0,0,0,0
3190,WLNM_dir_neg,1,0.5,00:00:00,10,80,5,1986366778,threshold_sweep,0.4,1,1,1,2,0,0,4,1,1,0,0,1,1,1,1,0.555555555556,1,1,1,37,35,2,0,37,0,35,0,2,17,37,0.136029411765,1.88235294118,4.35294117647,3.36363636364,2.84615384615,1.69341284359,0.389027274878,0.193958664547,2.09866904602,0.964253345467,0.518282988871,1.87867287326,0.863174022847,0.470588235294,0.786197569093,0.41766745858,2.25,1.88235294118,0.786197569093,2.25,0.166339869281,0.0612244897959,3,0.00441176470588,0.185952380952,17,17,17,1,0,0.352941176471,0.411764705882,0.235294117647,17,0.128676470588,1.90196078431,4.11764705882,3.18181818182,2.69230769231,1.57648156274,0.382859808093,0.201680672269,2.01465221053,0.978545359402,0.524369747899,1.74894926439,0.849489642704,0.463865546218,0.814492905316,0.428238537847,2.33333333333,1.90196078431,0.814492905316,2.33333333333,0,0,0,0,0.164242424242,17,17,17,1,0,0.352941176471,0.411764705882,0.235294117647,17,37,0.136029411765,1.88235294118,4.35294117647,3.36363636364,2.84615384615,1.69341284359,0.389027274878,0.193958664547,2.09866904602,0.964253345467,0.518282988871,1.87867287326,0.863174022847,0.470588235294,0.786197569093,0.41766745858,2.25,1.88235294118,0.786197569093,2.25,0.166339869281,0.0612244897959,3,0.00441176470588,0.185952380952,17,17,17,1,0,0.352941176471,0.411764705882,0.235294117647,0,0,0,0,0,0,0,0,0,0,0,0,0,0,0,0,0,0,0,0,0,0,0,0,0,0,0,0,0,37,0,0,235,1,1,0,0,1,1,1,1,1,1,2,2,0,0,0,0
3191,WLNM_dir_neg,1,0.5,00:00:00,10,80,5,1986366778,threshold_sweep,0.5,1,1,1,2,0,0,4,1,1,0,0,1,1,1,1,0.555555555556,1,1,1,37,35,2,0,37,0,35,0,2,17,37,0.136029411765,1.88235294118,4.35294117647,3.36363636364,2.84615384615,1.69341284359,0.389027274878,0.193958664547,2.09866904602,0.964253345467,0.518282988871,1.87867287326,0.863174022847,0.470588235294,0.786197569093,0.41766745858,2.25,1.88235294118,0.786197569093,2.25,0.166339869281,0.0612244897959,3,0.00441176470588,0.185952380952,17,17,17,1,0,0.352941176471,0.411764705882,0.235294117647,17,0.128676470588,1.90196078431,4.11764705882,3.18181818182,2.69230769231,1.57648156274,0.382859808093,0.201680672269,2.01465221053,0.978545359402,0.524369747899,1.74894926439,0.849489642704,0.463865546218,0.814492905316,0.428238537847,2.33333333333,1.90196078431,0.814492905316,2.33333333333,0,0,0,0,0.164242424242,17,17,17,1,0,0.352941176471,0.411764705882,0.235294117647,17,37,0.136029411765,1.88235294118,4.35294117647,3.36363636364,2.84615384615,1.69341284359,0.389027274878,0.193958664547,2.09866904602,0.964253345467,0.518282988871,1.87867287326,0.863174022847,0.470588235294,0.786197569093,0.41766745858,2.25,1.88235294118,0.786197569093,2.25,0.166339869281,0.0612244897959,3,0.00441176470588,0.185952380952,17,17,17,1,0,0.352941176471,0.411764705882,0.235294117647,0,0,0,0,0,0,0,0,0,0,0,0,0,0,0,0,0,0,0,0,0,0,0,0,0,0,0,0,0,37,0,0,235,1,1,0,0,1,1,1,1,1,1,2,2,0,0,0,0
3192,WLNM_dir_neg,1,0.5,00:00:00,10,80,5,1986366778,threshold_sweep,0.6,1,1,1,2,0,0,4,1,1,0,0,1,1,1,1,0.555555555556,1,1,1,37,35,2,0,37,0,35,0,2,17,37,0.136029411765,1.88235294118,4.35294117647,3.36363636364,2.84615384615,1.69341284359,0.389027274878,0.193958664547,2.09866904602,0.964253345467,0.518282988871,1.87867287326,0.863174022847,0.470588235294,0.786197569093,0.41766745858,2.25,1.88235294118,0.786197569093,2.25,0.166339869281,0.0612244897959,3,0.00441176470588,0.185952380952,17,17,17,1,0,0.352941176471,0.411764705882,0.235294117647,17,0.128676470588,1.90196078431,4.11764705882,3.18181818182,2.69230769231,1.57648156274,0.382859808093,0.201680672269,2.01465221053,0.978545359402,0.524369747899,1.74894926439,0.849489642704,0.463865546218,0.814492905316,0.428238537847,2.33333333333,1.90196078431,0.814492905316,2.33333333333,0,0,0,0,0.164242424242,17,17,17,1,0,0.352941176471,0.411764705882,0.235294117647,17,37,0.136029411765,1.88235294118,4.35294117647,3.36363636364,2.84615384615,1.69341284359,0.389027274878,0.193958664547,2.09866904602,0.964253345467,0.518282988871,1.87867287326,0.863174022847,0.470588235294,0.786197569093,0.41766745858,2.25,1.88235294118,0.786197569093,2.25,0.166339869281,0.0612244897959,3,0.00441176470588,0.185952380952,17,17,17,1,0,0.352941176471,0.411764705882,0.235294117647,0,0,0,0,0,0,0,0,0,0,0,0,0,0,0,0,0,0,0,0,0,0,0,0,0,0,0,0,0,37,0,0,235,1,1,0,0,1,1,1,1,1,1,2,2,0,0,0,0
3193,WLNM_dir_neg,1,0.5,00:00:00,10,80,5,1986366778,threshold_sweep,0.7,1,1,1,2,0,0,4,1,1,0,0,1,1,1,1,0.555555555556,1,1,1,37,35,2,0,37,0,35,0,2,17,37,0.136029411765,1.88235294118,4.35294117647,3.36363636364,2.84615384615,1.69341284359,0.389027274878,0.193958664547,2.09866904602,0.964253345467,0.518282988871,1.87867287326,0.863174022847,0.470588235294,0.786197569093,0.41766745858,2.25,1.88235294118,0.786197569093,2.25,0.166339869281,0.0612244897959,3,0.00441176470588,0.185952380952,17,17,17,1,0,0.352941176471,0.411764705882,0.235294117647,17,0.128676470588,1.90196078431,4.11764705882,3.18181818182,2.69230769231,1.57648156274,0.382859808093,0.201680672269,2.01465221053,0.978545359402,0.524369747899,1.74894926439,0.849489642704,0.463865546218,0.814492905316,0.428238537847,2.33333333333,1.90196078431,0.814492905316,2.33333333333,0,0,0,0,0.164242424242,17,17,17,1,0,0.352941176471,0.411764705882,0.235294117647,17,37,0.136029411765,1.88235294118,4.35294117647,3.36363636364,2.84615384615,1.69341284359,0.389027274878,0.193958664547,2.09866904602,0.964253345467,0.518282988871,1.87867287326,0.863174022847,0.470588235294,0.786197569093,0.41766745858,2.25,1.88235294118,0.786197569093,2.25,0.166339869281,0.0612244897959,3,0.00441176470588,0.185952380952,17,17,17,1,0,0.352941176471,0.411764705882,0.235294117647,0,0,0,0,0,0,0,0,0,0,0,0,0,0,0,0,0,0,0,0,0,0,0,0,0,0,0,0,0,37,0,0,235,1,1,0,0,1,1,1,1,1,1,2,2,0,0,0,0
3194,WLNM_dir_neg,1,0.5,00:00:00,10,80,5,1986366778,threshold_sweep,0.8,1,1,1,2,0,0,4,1,1,0,0,1,1,1,1,0.555555555556,1,1,1,37,35,2,0,37,0,35,0,2,17,37,0.136029411765,1.88235294118,4.35294117647,3.36363636364,2.84615384615,1.69341284359,0.389027274878,0.193958664547,2.09866904602,0.964253345467,0.518282988871,1.87867287326,0.863174022847,0.470588235294,0.786197569093,0.41766745858,2.25,1.88235294118,0.786197569093,2.25,0.166339869281,0.0612244897959,3,0.00441176470588,0.185952380952,17,17,17,1,0,0.352941176471,0.411764705882,0.235294117647,17,0.128676470588,1.90196078431,4.11764705882,3.18181818182,2.69230769231,1.57648156274,0.382859808093,0.201680672269,2.01465221053,0.978545359402,0.524369747899,1.74894926439,0.849489642704,0.463865546218,0.814492905316,0.428238537847,2.33333333333,1.90196078431,0.814492905316,2.33333333333,0,0,0,0,0.164242424242,17,17,17,1,0,0.352941176471,0.411764705882,0.235294117647,17,37,0.136029411765,1.88235294118,4.35294117647,3.36363636364,2.84615384615,1.69341284359,0.389027274878,0.193958664547,2.09866904602,0.964253345467,0.518282988871,1.87867287326,0.863174022847,0.470588235294,0.786197569093,0.41766745858,2.25,1.88235294118,0.786197569093,2.25,0.166339869281,0.0612244897959,3,0.00441176470588,0.185952380952,17,17,17,1,0,0.352941176471,0.411764705882,0.235294117647,0,0,0,0,0,0,0,0,0,0,0,0,0,0,0,0,0,0,0,0,0,0,0,0,0,0,0,0,0,37,0,0,235,1,1,0,0,1,1,1,1,1,1,2,2,0,0,0,0
3195,WLNM_dir_neg,1,0.5,00:00:00,10,80,5,1986366778,threshold_sweep,0.9,1,1,1,2,0,0,4,1,1,0,0,1,1,1,1,0.555555555556,1,1,1,37,35,2,0,37,0,35,0,2,17,37,0.136029411765,1.88235294118,4.35294117647,3.36363636364,2.84615384615,1.69341284359,0.389027274878,0.193958664547,2.09866904602,0.964253345467,0.518282988871,1.87867287326,0.863174022847,0.470588235294,0.786197569093,0.41766745858,2.25,1.88235294118,0.786197569093,2.25,0.166339869281,0.0612244897959,3,0.00441176470588,0.185952380952,17,17,17,1,0,0.352941176471,0.411764705882,0.235294117647,17,0.128676470588,1.90196078431,4.11764705882,3.18181818182,2.69230769231,1.57648156274,0.382859808093,0.201680672269,2.01465221053,0.978545359402,0.524369747899,1.74894926439,0.849489642704,0.463865546218,0.814492905316,0.428238537847,2.33333333333,1.90196078431,0.814492905316,2.33333333333,0,0,0,0,0.164242424242,17,17,17,1,0,0.352941176471,0.411764705882,0.235294117647,17,37,0.136029411765,1.88235294118,4.35294117647,3.36363636364,2.84615384615,1.69341284359,0.389027274878,0.193958664547,2.09866904602,0.964253345467,0.518282988871,1.87867287326,0.863174022847,0.470588235294,0.786197569093,0.41766745858,2.25,1.88235294118,0.786197569093,2.25,0.166339869281,0.0612244897959,3,0.00441176470588,0.185952380952,17,17,17,1,0,0.352941176471,0.411764705882,0.235294117647,0,0,0,0,0,0,0,0,0,0,0,0,0,0,0,0,0,0,0,0,0,0,0,0,0,0,0,0,0,37,0,0,235,1,1,0,0,1,1,1,1,1,1,2,2,0,0,0,0
3196,WLNM_dir_neg,1,0.5,00:00:00,10,80,6,1986366779,threshold_sweep,0.1,0.666666666667,1,0.8,2,1,0,3,1,0.75,0.25,0,0.666666666667,1,0.8,0.833333333333,0.5,0.666666666667,0.707106781187,0.75,37,35,2,0,37,0,35,0,2,17,37,0.136029411765,1.88235294118,4.35294117647,3.36363636364,2.84615384615,1.69341284359,0.389027274878,0.193958664547,2.09866904602,0.964253345467,0.518282988871,1.87867287326,0.863174022847,0.470588235294,0.786197569093,0.41766745858,2.25,1.88235294118,0.786197569093,2.25,0.166339869281,0.0612244897959,3,0.00441176470588,0.185952380952,17,17,17,1,0,0.352941176471,0.411764705882,0.235294117647,17,0.128676470588,1.90196078431,4.11764705882,3.18181818182,2.69230769231,1.57648156274,0.382859808093,0.201680672269,2.01465221053,0.978545359402,0.524369747899,1.74894926439,0.849489642704,0.463865546218,0.814492905316,0.428238537847,2.33333333333,1.90196078431,0.814492905316,2.33333333333,0,0,0,0,0.164242424242,17,17,17,1,0,0.352941176471,0.411764705882,0.235294117647,17,38,0.139705882353,1.87941176471,4.47058823529,3.45454545455,2.71428571429,1.73629084037,0.388380845872,0.198142414861,2.16591238756,0.968960804961,0.517027863777,1.82103719638,0.814674535221,0.442724458204,0.780836655359,0.415468642914,2.2,1.87941176471,0.780836655359,2.2,0.162418300654,0.0576923076923,3,0.00441176470588,0.182878787879,17,17,17,1,0,0.352941176471,0.470588235294,0.176470588235,1,0.00367647058824,-0.00294117647059,0.117647058824,0.0909090909091,-0.131868131868,0.0428779967836,-0.000646429005719,0.00418375031378,0.0672433415445,0.00470745949447,-0.00125512509413,-0.0576356768785,-0.0484994876259,-0.0278637770898,-0.00536091373311,-0.00219881566616,-0.05,-0.00294117647059,-0.00536091373311,-0.05,-0.00392156862745,-0.00353218210361,0,0,-0.00307359307359,0,0.0588235294118,-0.0588235294118,37,1,0,234,1,0.995744680851,0.00425531914894,0,0.973684210526,1,0.986666666667,0.984652666406,0.995744680851,0.973684210526,3,2,0,0,0,0
3197,WLNM_dir_neg,1,0.5,00:00:00,10,80,6,1986366779,threshold_sweep,0.2,0.666666666667,1,0.8,2,1,0,3,1,0.75,0.25,0,0.666666666667,1,0.8,0.833333333333,0.5,0.666666666667,0.707106781187,0.75,37,35,2,0,37,0,35,0,2,17,37,0.136029411765,1.88235294118,4.35294117647,3.36363636364,2.84615384615,1.69341284359,0.389027274878,0.193958664547,2.09866904602,0.964253345467,0.518282988871,1.87867287326,0.863174022847,0.470588235294,0.786197569093,0.41766745858,2.25,1.88235294118,0.786197569093,2.25,0.166339869281,0.0612244897959,3,0.00441176470588,0.185952380952,17,17,17,1,0,0.352941176471,0.411764705882,0.235294117647,17,0.128676470588,1.90196078431,4.11764705882,3.18181818182,2.69230769231,1.57648156274,0.382859808093,0.201680672269,2.01465221053,0.978545359402,0.524369747899,1.74894926439,0.849489642704,0.463865546218,0.814492905316,0.428238537847,2.33333333333,1.90196078431,0.814492905316,2.33333333333,0,0,0,0,0.164242424242,17,17,17,1,0,0.352941176471,0.411764705882,0.235294117647,17,38,0.139705882353,1.87941176471,4.47058823529,3.45454545455,2.71428571429,1.73629084037,0.388380845872,0.198142414861,2.16591238756,0.968960804961,0.517027863777,1.82103719638,0.814674535221,0.442724458204,0.780836655359,0.415468642914,2.2,1.87941176471,0.780836655359,2.2,0.162418300654,0.0576923076923,3,0.00441176470588,0.182878787879,17,17,17,1,0,0.352941176471,0.470588235294,0.176470588235,1,0.00367647058824,-0.00294117647059,0.117647058824,0.0909090909091,-0.131868131868,0.0428779967836,-0.000646429005719,0.00418375031378,0.0672433415445,0.00470745949447,-0.00125512509413,-0.0576356768785,-0.0484994876259,-0.0278637770898,-0.00536091373311,-0.00219881566616,-0.05,-0.00294117647059,-0.00536091373311,-0.05,-0.00392156862745,-0.00353218210361,0,0,-0.00307359307359,0,0.0588235294118,-0.0588235294118,37,1,0,234,1,0.995744680851,0.00425531914894,0,0.973684210526,1,0.986666666667,0.984652666406,0.995744680851,0.973684210526,3,2,0,0,0,0
3198,WLNM_dir_neg,1,0.5,00:00:00,10,80,6,1986366779,threshold_sweep,0.3,0.666666666667,1,0.8,2,1,0,3,1,0.75,0.25,0,0.666666666667,1,0.8,0.833333333333,0.5,0.666666666667,0.707106781187,0.75,37,35,2,0,37,0,35,0,2,17,37,0.136029411765,1.88235294118,4.35294117647,3.36363636364,2.84615384615,1.69341284359,0.389027274878,0.193958664547,2.09866904602,0.964253345467,0.518282988871,1.87867287326,0.863174022847,0.470588235294,0.786197569093,0.41766745858,2.25,1.88235294118,0.786197569093,2.25,0.166339869281,0.0612244897959,3,0.00441176470588,0.185952380952,17,17,17,1,0,0.352941176471,0.411764705882,0.235294117647,17,0.128676470588,1.90196078431,4.11764705882,3.18181818182,2.69230769231,1.57648156274,0.382859808093,0.201680672269,2.01465221053,0.978545359402,0.524369747899,1.74894926439,0.849489642704,0.463865546218,0.814492905316,0.428238537847,2.33333333333,1.90196078431,0.814492905316,2.33333333333,0,0,0,0,0.164242424242,17,17,17,1,0,0.352941176471,0.411764705882,0.235294117647,17,38,0.139705882353,1.87941176471,4.47058823529,3.45454545455,2.71428571429,1.73629084037,0.388380845872,0.198142414861,2.16591238756,0.968960804961,0.517027863777,1.82103719638,0.814674535221,0.442724458204,0.780836655359,0.415468642914,2.2,1.87941176471,0.780836655359,2.2,0.162418300654,0.0576923076923,3,0.00441176470588,0.182878787879,17,17,17,1,0,0.352941176471,0.470588235294,0.176470588235,1,0.00367647058824,-0.00294117647059,0.117647058824,0.0909090909091,-0.131868131868,0.0428779967836,-0.000646429005719,0.00418375031378,0.0672433415445,0.00470745949447,-0.00125512509413,-0.0576356768785,-0.0484994876259,-0.0278637770898,-0.00536091373311,-0.00219881566616,-0.05,-0.00294117647059,-0.00536091373311,-0.05,-0.00392156862745,-0.00353218210361,0,0,-0.00307359307359,0,0.0588235294118,-0.0588235294118,37,1,0,234,1,0.995744680851,0.00425531914894,0,0.973684210526,1,0.986666666667,0.984652666406,0.995744680851,0.973684210526,3,2,0,0,0,0
3199,WLNM_dir_neg,1,0.5,00:00:00,10,80,6,1986366779,threshold_sweep,0.4,0.666666666667,1,0.8,2,1,0,3,1,0.75,0.25,0,0.666666666667,1,0.8,0.833333333333,0.5,0.666666666667,0.707106781187,0.75,37,35,2,0,37,0,35,0,2,17,37,0.136029411765,1.88235294118,4.35294117647,3.36363636364,2.84615384615,1.69341284359,0.389027274878,0.193958664547,2.09866904602,0.964253345467,0.518282988871,1.87867287326,0.863174022847,0.470588235294,0.786197569093,0.41766745858,2.25,1.88235294118,0.786197569093,2.25,0.166339869281,0.0612244897959,3,0.00441176470588,0.185952380952,17,17,17,1,0,0.352941176471,0.411764705882,0.235294117647,17,0.128676470588,1.90196078431,4.11764705882,3.18181818182,2.69230769231,1.57648156274,0.382859808093,0.201680672269,2.01465221053,0.978545359402,0.524369747899,1.74894926439,0.849489642704,0.463865546218,0.814492905316,0.428238537847,2.33333333333,1.90196078431,0.814492905316,2.33333333333,0,0,0,0,0.164242424242,17,17,17,1,0,0.352941176471,0.411764705882,0.235294117647,17,38,0.139705882353,1.87941176471,4.47058823529,3.45454545455,2.71428571429,1.73629084037,0.388380845872,0.198142414861,2.16591238756,0.968960804961,0.517027863777,1.82103719638,0.814674535221,0.442724458204,0.780836655359,0.415468642914,2.2,1.87941176471,0.780836655359,2.2,0.162418300654,0.0576923076923,3,0.00441176470588,0.182878787879,17,17,17,1,0,0.352941176471,0.470588235294,0.176470588235,1,0.00367647058824,-0.00294117647059,0.117647058824,0.0909090909091,-0.131868131868,0.0428779967836,-0.000646429005719,0.00418375031378,0.0672433415445,0.00470745949447,-0.00125512509413,-0.0576356768785,-0.0484994876259,-0.0278637770898,-0.00536091373311,-0.00219881566616,-0.05,-0.00294117647059,-0.00536091373311,-0.05,-0.00392156862745,-0.00353218210361,0,0,-0.00307359307359,0,0.0588235294118,-0.0588235294118,37,1,0,234,1,0.995744680851,0.00425531914894,0,0.973684210526,1,0.986666666667,0.984652666406,0.995744680851,0.973684210526,3,2,0,0,0,0
3200,WLNM_dir_neg,1,0.5,00:00:00,10,80,6,1986366779,threshold_sweep,0.5,0.666666666667,1,0.8,2,1,0,3,1,0.75,0.25,0,0.666666666667,1,0.8,0.833333333333,0.5,0.666666666667,0.707106781187,0.75,37,35,2,0,37,0,35,0,2,17,37,0.136029411765,1.88235294118,4.35294117647,3.36363636364,2.84615384615,1.69341284359,0.389027274878,0.193958664547,2.09866904602,0.964253345467,0.518282988871,1.87867287326,0.863174022847,0.470588235294,0.786197569093,0.41766745858,2.25,1.88235294118,0.786197569093,2.25,0.166339869281,0.0612244897959,3,0.00441176470588,0.185952380952,17,17,17,1,0,0.352941176471,0.411764705882,0.235294117647,17,0.128676470588,1.90196078431,4.11764705882,3.18181818182,2.69230769231,1.57648156274,0.382859808093,0.201680672269,2.01465221053,0.978545359402,0.524369747899,1.74894926439,0.849489642704,0.463865546218,0.814492905316,0.428238537847,2.33333333333,1.90196078431,0.814492905316,2.33333333333,0,0,0,0,0.164242424242,17,17,17,1,0,0.352941176471,0.411764705882,0.235294117647,17,38,0.139705882353,1.87941176471,4.47058823529,3.45454545455,2.71428571429,1.73629084037,0.388380845872,0.198142414861,2.16591238756,0.968960804961,0.517027863777,1.82103719638,0.814674535221,0.442724458204,0.780836655359,0.415468642914,2.2,1.87941176471,0.780836655359,2.2,0.162418300654,0.0576923076923,3,0.00441176470588,0.182878787879,17,17,17,1,0,0.352941176471,0.470588235294,0.176470588235,1,0.00367647058824,-0.00294117647059,0.117647058824,0.0909090909091,-0.131868131868,0.0428779967836,-0.000646429005719,0.00418375031378,0.0672433415445,0.00470745949447,-0.00125512509413,-0.0576356768785,-0.0484994876259,-0.0278637770898,-0.00536091373311,-0.00219881566616,-0.05,-0.00294117647059,-0.00536091373311,-0.05,-0.00392156862745,-0.00353218210361,0,0,-0.00307359307359,0,0.0588235294118,-0.0588235294118,37,1,0,234,1,0.995744680851,0.00425531914894,0,0.973684210526,1,0.986666666667,0.984652666406,0.995744680851,0.973684210526,3,2,0,0,0,0
3201,WLNM_dir_neg,1,0.5,00:00:00,10,80,6,1986366779,threshold_sweep,0.6,0.666666666667,1,0.8,2,1,0,3,1,0.75,0.25,0,0.666666666667,1,0.8,0.833333333333,0.5,0.666666666667,0.707106781187,0.75,37,35,2,0,37,0,35,0,2,17,37,0.136029411765,1.88235294118,4.35294117647,3.36363636364,2.84615384615,1.69341284359,0.389027274878,0.193958664547,2.09866904602,0.964253345467,0.518282988871,1.87867287326,0.863174022847,0.470588235294,0.786197569093,0.41766745858,2.25,1.88235294118,0.786197569093,2.25,0.166339869281,0.0612244897959,3,0.00441176470588,0.185952380952,17,17,17,1,0,0.352941176471,0.411764705882,0.235294117647,17,0.128676470588,1.90196078431,4.11764705882,3.18181818182,2.69230769231,1.57648156274,0.382859808093,0.201680672269,2.01465221053,0.978545359402,0.524369747899,1.74894926439,0.849489642704,0.463865546218,0.814492905316,0.428238537847,2.33333333333,1.90196078431,0.814492905316,2.33333333333,0,0,0,0,0.164242424242,17,17,17,1,0,0.352941176471,0.411764705882,0.235294117647,17,38,0.139705882353,1.87941176471,4.47058823529,3.45454545455,2.71428571429,1.73629084037,0.388380845872,0.198142414861,2.16591238756,0.968960804961,0.517027863777,1.82103719638,0.814674535221,0.442724458204,0.780836655359,0.415468642914,2.2,1.87941176471,0.780836655359,2.2,0.162418300654,0.0576923076923,3,0.00441176470588,0.182878787879,17,17,17,1,0,0.352941176471,0.470588235294,0.176470588235,1,0.00367647058824,-0.00294117647059,0.117647058824,0.0909090909091,-0.131868131868,0.0428779967836,-0.000646429005719,0.00418375031378,0.0672433415445,0.00470745949447,-0.00125512509413,-0.0576356768785,-0.0484994876259,-0.0278637770898,-0.00536091373311,-0.00219881566616,-0.05,-0.00294117647059,-0.00536091373311,-0.05,-0.00392156862745,-0.00353218210361,0,0,-0.00307359307359,0,0.0588235294118,-0.0588235294118,37,1,0,234,1,0.995744680851,0.00425531914894,0,0.973684210526,1,0.986666666667,0.984652666406,0.995744680851,0.973684210526,3,2,0,0,0,0
3202,WLNM_dir_neg,1,0.5,00:00:00,10,80,6,1986366779,threshold_sweep,0.7,0.666666666667,1,0.8,2,1,0,3,1,0.75,0.25,0,0.666666666667,1,0.8,0.833333333333,0.5,0.666666666667,0.707106781187,0.75,37,35,2,0,37,0,35,0,2,17,37,0.136029411765,1.88235294118,4.35294117647,3.36363636364,2.84615384615,1.69341284359,0.389027274878,0.193958664547,2.09866904602,0.964253345467,0.518282988871,1.87867287326,0.863174022847,0.470588235294,0.786197569093,0.41766745858,2.25,1.88235294118,0.786197569093,2.25,0.166339869281,0.0612244897959,3,0.00441176470588,0.185952380952,17,17,17,1,0,0.352941176471,0.411764705882,0.235294117647,17,0.128676470588,1.90196078431,4.11764705882,3.18181818182,2.69230769231,1.57648156274,0.382859808093,0.201680672269,2.01465221053,0.978545359402,0.524369747899,1.74894926439,0.849489642704,0.463865546218,0.814492905316,0.428238537847,2.33333333333,1.90196078431,0.814492905316,2.33333333333,0,0,0,0,0.164242424242,17,17,17,1,0,0.352941176471,0.411764705882,0.235294117647,17,38,0.139705882353,1.87941176471,4.47058823529,3.45454545455,2.71428571429,1.73629084037,0.388380845872,0.198142414861,2.16591238756,0.968960804961,0.517027863777,1.82103719638,0.814674535221,0.442724458204,0.780836655359,0.415468642914,2.2,1.87941176471,0.780836655359,2.2,0.162418300654,0.0576923076923,3,0.00441176470588,0.182878787879,17,17,17,1,0,0.352941176471,0.470588235294,0.176470588235,1,0.00367647058824,-0.00294117647059,0.117647058824,0.0909090909091,-0.131868131868,0.0428779967836,-0.000646429005719,0.00418375031378,0.0672433415445,0.00470745949447,-0.00125512509413,-0.0576356768785,-0.0484994876259,-0.0278637770898,-0.00536091373311,-0.00219881566616,-0.05,-0.00294117647059,-0.00536091373311,-0.05,-0.00392156862745,-0.00353218210361,0,0,-0.00307359307359,0,0.0588235294118,-0.0588235294118,37,1,0,234,1,0.995744680851,0.00425531914894,0,0.973684210526,1,0.986666666667,0.984652666406,0.995744680851,0.973684210526,3,2,0,0,0,0
3203,WLNM_dir_neg,1,0.5,00:00:00,10,80,6,1986366779,threshold_sweep,0.8,0.666666666667,1,0.8,2,1,0,3,1,0.75,0.25,0,0.666666666667,1,0.8,0.833333333333,0.5,0.666666666667,0.707106781187,0.75,37,35,2,0,37,0,35,0,2,17,37,0.136029411765,1.88235294118,4.35294117647,3.36363636364,2.84615384615,1.69341284359,0.389027274878,0.193958664547,2.09866904602,0.964253345467,0.518282988871,1.87867287326,0.863174022847,0.470588235294,0.786197569093,0.41766745858,2.25,1.88235294118,0.786197569093,2.25,0.166339869281,0.0612244897959,3,0.00441176470588,0.185952380952,17,17,17,1,0,0.352941176471,0.411764705882,0.235294117647,17,0.128676470588,1.90196078431,4.11764705882,3.18181818182,2.69230769231,1.57648156274,0.382859808093,0.201680672269,2.01465221053,0.978545359402,0.524369747899,1.74894926439,0.849489642704,0.463865546218,0.814492905316,0.428238537847,2.33333333333,1.90196078431,0.814492905316,2.33333333333,0,0,0,0,0.164242424242,17,17,17,1,0,0.352941176471,0.411764705882,0.235294117647,17,38,0.139705882353,1.87941176471,4.47058823529,3.45454545455,2.71428571429,1.73629084037,0.388380845872,0.198142414861,2.16591238756,0.968960804961,0.517027863777,1.82103719638,0.814674535221,0.442724458204,0.780836655359,0.415468642914,2.2,1.87941176471,0.780836655359,2.2,0.162418300654,0.0576923076923,3,0.00441176470588,0.182878787879,17,17,17,1,0,0.352941176471,0.470588235294,0.176470588235,1,0.00367647058824,-0.00294117647059,0.117647058824,0.0909090909091,-0.131868131868,0.0428779967836,-0.000646429005719,0.00418375031378,0.0672433415445,0.00470745949447,-0.00125512509413,-0.0576356768785,-0.0484994876259,-0.0278637770898,-0.00536091373311,-0.00219881566616,-0.05,-0.00294117647059,-0.00536091373311,-0.05,-0.00392156862745,-0.00353218210361,0,0,-0.00307359307359,0,0.0588235294118,-0.0588235294118,37,1,0,234,1,0.995744680851,0.00425531914894,0,0.973684210526,1,0.986666666667,0.984652666406,0.995744680851,0.973684210526,3,2,0,0,0,0
3204,WLNM_dir_neg,1,0.5,00:00:00,10,80,6,1986366779,threshold_sweep,0.9,0.666666666667,1,0.8,2,1,0,3,1,0.75,0.25,0,0.666666666667,1,0.8,0.833333333333,0.5,0.666666666667,0.707106781187,0.75,37,35,2,0,37,0,35,0,2,17,37,0.136029411765,1.88235294118,4.35294117647,3.36363636364,2.84615384615,1.69341284359,0.389027274878,0.193958664547,2.09866904602,0.964253345467,0.518282988871,1.87867287326,0.863174022847,0.470588235294,0.786197569093,0.41766745858,2.25,1.88235294118,0.786197569093,2.25,0.166339869281,0.0612244897959,3,0.00441176470588,0.185952380952,17,17,17,1,0,0.352941176471,0.411764705882,0.235294117647,17,0.128676470588,1.90196078431,4.11764705882,3.18181818182,2.69230769231,1.57648156274,0.382859808093,0.201680672269,2.01465221053,0.978545359402,0.524369747899,1.74894926439,0.849489642704,0.463865546218,0.814492905316,0.428238537847,2.33333333333,1.90196078431,0.814492905316,2.33333333333,0,0,0,0,0.164242424242,17,17,17,1,0,0.352941176471,0.411764705882,0.235294117647,17,38,0.139705882353,1.87941176471,4.47058823529,3.45454545455,2.71428571429,1.73629084037,0.388380845872,0.198142414861,2.16591238756,0.968960804961,0.517027863777,1.82103719638,0.814674535221,0.442724458204,0.780836655359,0.415468642914,2.2,1.87941176471,0.780836655359,2.2,0.162418300654,0.0576923076923,3,0.00441176470588,0.182878787879,17,17,17,1,0,0.352941176471,0.470588235294,0.176470588235,1,0.00367647058824,-0.00294117647059,0.117647058824,0.0909090909091,-0.131868131868,0.0428779967836,-0.000646429005719,0.00418375031378,0.0672433415445,0.00470745949447,-0.00125512509413,-0.0576356768785,-0.0484994876259,-0.0278637770898,-0.00536091373311,-0.00219881566616,-0.05,-0.00294117647059,-0.00536091373311,-0.05,-0.00392156862745,-0.00353218210361,0,0,-0.00307359307359,0,0.0588235294118,-0.0588235294118,37,1,0,234,1,0.995744680851,0.00425531914894,0,0.973684210526,1,0.986666666667,0.984652666406,0.995744680851,0.973684210526,3,2,0,0,0,0
3205,WLNM_dir_neg,1,0.5,00:00:00,10,80,7,1986366780,threshold_sweep,0.1,1,1,1,2,0,0,4,1,1,0,0,1,1,1,1,0.555555555556,1,1,1,37,35,2,0,37,0,35,0,2,17,37,0.136029411765,1.88235294118,4.35294117647,3.36363636364,2.84615384615,1.69341284359,0.389027274878,0.193958664547,2.09866904602,0.964253345467,0.518282988871,1.87867287326,0.863174022847,0.470588235294,0.786197569093,0.41766745858,2.25,1.88235294118,0.786197569093,2.25,0.166339869281,0.0612244897959,3,0.00441176470588,0.185952380952,17,17,17,1,0,0.352941176471,0.411764705882,0.235294117647,17,0.128676470588,1.90196078431,4.11764705882,3.18181818182,2.69230769231,1.57648156274,0.382859808093,0.201680672269,2.01465221053,0.978545359402,0.524369747899,1.74894926439,0.849489642704,0.463865546218,0.814492905316,0.428238537847,2.33333333333,1.90196078431,0.814492905316,2.33333333333,0,0,0,0,0.164242424242,17,17,17,1,0,0.352941176471,0.411764705882,0.235294117647,17,37,0.136029411765,1.88235294118,4.35294117647,3.36363636364,2.84615384615,1.69341284359,0.389027274878,0.193958664547,2.09866904602,0.964253345467,0.518282988871,1.87867287326,0.863174022847,0.470588235294,0.786197569093,0.41766745858,2.25,1.88235294118,0.786197569093,2.25,0.166339869281,0.0612244897959,3,0.00441176470588,0.185952380952,17,17,17,1,0,0.352941176471,0.411764705882,0.235294117647,0,0,0,0,0,0,0,0,0,0,0,0,0,0,0,0,0,0,0,0,0,0,0,0,0,0,0,0,0,37,0,0,235,1,1,0,0,1,1,1,1,1,1,2,2,0,0,0,0
3206,WLNM_dir_neg,1,0.5,00:00:00,10,80,7,1986366780,threshold_sweep,0.2,1,1,1,2,0,0,4,1,1,0,0,1,1,1,1,0.555555555556,1,1,1,37,35,2,0,37,0,35,0,2,17,37,0.136029411765,1.88235294118,4.35294117647,3.36363636364,2.84615384615,1.69341284359,0.389027274878,0.193958664547,2.09866904602,0.964253345467,0.518282988871,1.87867287326,0.863174022847,0.470588235294,0.786197569093,0.41766745858,2.25,1.88235294118,0.786197569093,2.25,0.166339869281,0.0612244897959,3,0.00441176470588,0.185952380952,17,17,17,1,0,0.352941176471,0.411764705882,0.235294117647,17,0.128676470588,1.90196078431,4.11764705882,3.18181818182,2.69230769231,1.57648156274,0.382859808093,0.201680672269,2.01465221053,0.978545359402,0.524369747899,1.74894926439,0.849489642704,0.463865546218,0.814492905316,0.428238537847,2.33333333333,1.90196078431,0.814492905316,2.33333333333,0,0,0,0,0.164242424242,17,17,17,1,0,0.352941176471,0.411764705882,0.235294117647,17,37,0.136029411765,1.88235294118,4.35294117647,3.36363636364,2.84615384615,1.69341284359,0.389027274878,0.193958664547,2.09866904602,0.964253345467,0.518282988871,1.87867287326,0.863174022847,0.470588235294,0.786197569093,0.41766745858,2.25,1.88235294118,0.786197569093,2.25,0.166339869281,0.0612244897959,3,0.00441176470588,0.185952380952,17,17,17,1,0,0.352941176471,0.411764705882,0.235294117647,0,0,0,0,0,0,0,0,0,0,0,0,0,0,0,0,0,0,0,0,0,0,0,0,0,0,0,0,0,37,0,0,235,1,1,0,0,1,1,1,1,1,1,2,2,0,0,0,0
3207,WLNM_dir_neg,1,0.5,00:00:00,10,80,7,1986366780,threshold_sweep,0.3,1,1,1,2,0,0,4,1,1,0,0,1,1,1,1,0.555555555556,1,1,1,37,35,2,0,37,0,35,0,2,17,37,0.136029411765,1.88235294118,4.35294117647,3.36363636364,2.84615384615,1.69341284359,0.389027274878,0.193958664547,2.09866904602,0.964253345467,0.518282988871,1.87867287326,0.863174022847,0.470588235294,0.786197569093,0.41766745858,2.25,1.88235294118,0.786197569093,2.25,0.166339869281,0.0612244897959,3,0.00441176470588,0.185952380952,17,17,17,1,0,0.352941176471,0.411764705882,0.235294117647,17,0.128676470588,1.90196078431,4.11764705882,3.18181818182,2.69230769231,1.57648156274,0.382859808093,0.201680672269,2.01465221053,0.978545359402,0.524369747899,1.74894926439,0.849489642704,0.463865546218,0.814492905316,0.428238537847,2.33333333333,1.90196078431,0.814492905316,2.33333333333,0,0,0,0,0.164242424242,17,17,17,1,0,0.352941176471,0.411764705882,0.235294117647,17,37,0.136029411765,1.88235294118,4.35294117647,3.36363636364,2.84615384615,1.69341284359,0.389027274878,0.193958664547,2.09866904602,0.964253345467,0.518282988871,1.87867287326,0.863174022847,0.470588235294,0.786197569093,0.41766745858,2.25,1.88235294118,0.786197569093,2.25,0.166339869281,0.0612244897959,3,0.00441176470588,0.185952380952,17,17,17,1,0,0.352941176471,0.411764705882,0.235294117647,0,0,0,0,0,0,0,0,0,0,0,0,0,0,0,0,0,0,0,0,0,0,0,0,0,0,0,0,0,37,0,0,235,1,1,0,0,1,1,1,1,1,1,2,2,0,0,0,0
3208,WLNM_dir_neg,1,0.5,00:00:00,10,80,7,1986366780,threshold_sweep,0.4,1,1,1,2,0,0,4,1,1,0,0,1,1,1,1,0.555555555556,1,1,1,37,35,2,0,37,0,35,0,2,17,37,0.136029411765,1.88235294118,4.35294117647,3.36363636364,2.84615384615,1.69341284359,0.389027274878,0.193958664547,2.09866904602,0.964253345467,0.518282988871,1.87867287326,0.863174022847,0.470588235294,0.786197569093,0.41766745858,2.25,1.88235294118,0.786197569093,2.25,0.166339869281,0.0612244897959,3,0.00441176470588,0.185952380952,17,17,17,1,0,0.352941176471,0.411764705882,0.235294117647,17,0.128676470588,1.90196078431,4.11764705882,3.18181818182,2.69230769231,1.57648156274,0.382859808093,0.201680672269,2.01465221053,0.978545359402,0.524369747899,1.74894926439,0.849489642704,0.463865546218,0.814492905316,0.428238537847,2.33333333333,1.90196078431,0.814492905316,2.33333333333,0,0,0,0,0.164242424242,17,17,17,1,0,0.352941176471,0.411764705882,0.235294117647,17,37,0.136029411765,1.88235294118,4.35294117647,3.36363636364,2.84615384615,1.69341284359,0.389027274878,0.193958664547,2.09866904602,0.964253345467,0.518282988871,1.87867287326,0.863174022847,0.470588235294,0.786197569093,0.41766745858,2.25,1.88235294118,0.786197569093,2.25,0.166339869281,0.0612244897959,3,0.00441176470588,0.185952380952,17,17,17,1,0,0.352941176471,0.411764705882,0.235294117647,0,0,0,0,0,0,0,0,0,0,0,0,0,0,0,0,0,0,0,0,0,0,0,0,0,0,0,0,0,37,0,0,235,1,1,0,0,1,1,1,1,1,1,2,2,0,0,0,0
3209,WLNM_dir_neg,1,0.5,00:00:00,10,80,7,1986366780,threshold_sweep,0.5,1,1,1,2,0,0,4,1,1,0,0,1,1,1,1,0.555555555556,1,1,1,37,35,2,0,37,0,35,0,2,17,37,0.136029411765,1.88235294118,4.35294117647,3.36363636364,2.84615384615,1.69341284359,0.389027274878,0.193958664547,2.09866904602,0.964253345467,0.518282988871,1.87867287326,0.863174022847,0.470588235294,0.786197569093,0.41766745858,2.25,1.88235294118,0.786197569093,2.25,0.166339869281,0.0612244897959,3,0.00441176470588,0.185952380952,17,17,17,1,0,0.352941176471,0.411764705882,0.235294117647,17,0.128676470588,1.90196078431,4.11764705882,3.18181818182,2.69230769231,1.57648156274,0.382859808093,0.201680672269,2.01465221053,0.978545359402,0.524369747899,1.74894926439,0.849489642704,0.463865546218,0.814492905316,0.428238537847,2.33333333333,1.90196078431,0.814492905316,2.33333333333,0,0,0,0,0.164242424242,17,17,17,1,0,0.352941176471,0.411764705882,0.235294117647,17,37,0.136029411765,1.88235294118,4.35294117647,3.36363636364,2.84615384615,1.69341284359,0.389027274878,0.193958664547,2.09866904602,0.964253345467,0.518282988871,1.87867287326,0.863174022847,0.470588235294,0.786197569093,0.41766745858,2.25,1.88235294118,0.786197569093,2.25,0.166339869281,0.0612244897959,3,0.00441176470588,0.185952380952,17,17,17,1,0,0.352941176471,0.411764705882,0.235294117647,0,0,0,0,0,0,0,0,0,0,0,0,0,0,0,0,0,0,0,0,0,0,0,0,0,0,0,0,0,37,0,0,235,1,1,0,0,1,1,1,1,1,1,2,2,0,0,0,0
3210,WLNM_dir_neg,1,0.5,00:00:00,10,80,7,1986366780,threshold_sweep,0.6,1,1,1,2,0,0,4,1,1,0,0,1,1,1,1,0.555555555556,1,1,1,37,35,2,0,37,0,35,0,2,17,37,0.136029411765,1.88235294118,4.35294117647,3.36363636364,2.84615384615,1.69341284359,0.389027274878,0.193958664547,2.09866904602,0.964253345467,0.518282988871,1.87867287326,0.863174022847,0.470588235294,0.786197569093,0.41766745858,2.25,1.88235294118,0.786197569093,2.25,0.166339869281,0.0612244897959,3,0.00441176470588,0.185952380952,17,17,17,1,0,0.352941176471,0.411764705882,0.235294117647,17,0.128676470588,1.90196078431,4.11764705882,3.18181818182,2.69230769231,1.57648156274,0.382859808093,0.201680672269,2.01465221053,0.978545359402,0.524369747899,1.74894926439,0.849489642704,0.463865546218,0.814492905316,0.428238537847,2.33333333333,1.90196078431,0.814492905316,2.33333333333,0,0,0,0,0.164242424242,17,17,17,1,0,0.352941176471,0.411764705882,0.235294117647,17,37,0.136029411765,1.88235294118,4.35294117647,3.36363636364,2.84615384615,1.69341284359,0.389027274878,0.193958664547,2.09866904602,0.964253345467,0.518282988871,1.87867287326,0.863174022847,0.470588235294,0.786197569093,0.41766745858,2.25,1.88235294118,0.786197569093,2.25,0.166339869281,0.0612244897959,3,0.00441176470588,0.185952380952,17,17,17,1,0,0.352941176471,0.411764705882,0.235294117647,0,0,0,0,0,0,0,0,0,0,0,0,0,0,0,0,0,0,0,0,0,0,0,0,0,0,0,0,0,37,0,0,235,1,1,0,0,1,1,1,1,1,1,2,2,0,0,0,0
3211,WLNM_dir_neg,1,0.5,00:00:00,10,80,7,1986366780,threshold_sweep,0.7,1,1,1,2,0,0,4,1,1,0,0,1,1,1,1,0.555555555556,1,1,1,37,35,2,0,37,0,35,0,2,17,37,0.136029411765,1.88235294118,4.35294117647,3.36363636364,2.84615384615,1.69341284359,0.389027274878,0.193958664547,2.09866904602,0.964253345467,0.518282988871,1.87867287326,0.863174022847,0.470588235294,0.786197569093,0.41766745858,2.25,1.88235294118,0.786197569093,2.25,0.166339869281,0.0612244897959,3,0.00441176470588,0.185952380952,17,17,17,1,0,0.352941176471,0.411764705882,0.235294117647,17,0.128676470588,1.90196078431,4.11764705882,3.18181818182,2.69230769231,1.57648156274,0.382859808093,0.201680672269,2.01465221053,0.978545359402,0.524369747899,1.74894926439,0.849489642704,0.463865546218,0.814492905316,0.428238537847,2.33333333333,1.90196078431,0.814492905316,2.33333333333,0,0,0,0,0.164242424242,17,17,17,1,0,0.352941176471,0.411764705882,0.235294117647,17,37,0.136029411765,1.88235294118,4.35294117647,3.36363636364,2.84615384615,1.69341284359,0.389027274878,0.193958664547,2.09866904602,0.964253345467,0.518282988871,1.87867287326,0.863174022847,0.470588235294,0.786197569093,0.41766745858,2.25,1.88235294118,0.786197569093,2.25,0.166339869281,0.0612244897959,3,0.00441176470588,0.185952380952,17,17,17,1,0,0.352941176471,0.411764705882,0.235294117647,0,0,0,0,0,0,0,0,0,0,0,0,0,0,0,0,0,0,0,0,0,0,0,0,0,0,0,0,0,37,0,0,235,1,1,0,0,1,1,1,1,1,1,2,2,0,0,0,0
3212,WLNM_dir_neg,1,0.5,00:00:00,10,80,7,1986366780,threshold_sweep,0.8,1,1,1,2,0,0,4,1,1,0,0,1,1,1,1,0.555555555556,1,1,1,37,35,2,0,37,0,35,0,2,17,37,0.136029411765,1.88235294118,4.35294117647,3.36363636364,2.84615384615,1.69341284359,0.389027274878,0.193958664547,2.09866904602,0.964253345467,0.518282988871,1.87867287326,0.863174022847,0.470588235294,0.786197569093,0.41766745858,2.25,1.88235294118,0.786197569093,2.25,0.166339869281,0.0612244897959,3,0.00441176470588,0.185952380952,17,17,17,1,0,0.352941176471,0.411764705882,0.235294117647,17,0.128676470588,1.90196078431,4.11764705882,3.18181818182,2.69230769231,1.57648156274,0.382859808093,0.201680672269,2.01465221053,0.978545359402,0.524369747899,1.74894926439,0.849489642704,0.463865546218,0.814492905316,0.428238537847,2.33333333333,1.90196078431,0.814492905316,2.33333333333,0,0,0,0,0.164242424242,17,17,17,1,0,0.352941176471,0.411764705882,0.235294117647,17,37,0.136029411765,1.88235294118,4.35294117647,3.36363636364,2.84615384615,1.69341284359,0.389027274878,0.193958664547,2.09866904602,0.964253345467,0.518282988871,1.87867287326,0.863174022847,0.470588235294,0.786197569093,0.41766745858,2.25,1.88235294118,0.786197569093,2.25,0.166339869281,0.0612244897959,3,0.00441176470588,0.185952380952,17,17,17,1,0,0.352941176471,0.411764705882,0.235294117647,0,0,0,0,0,0,0,0,0,0,0,0,0,0,0,0,0,0,0,0,0,0,0,0,0,0,0,0,0,37,0,0,235,1,1,0,0,1,1,1,1,1,1,2,2,0,0,0,0
3213,WLNM_dir_neg,1,0.5,00:00:00,10,80,7,1986366780,threshold_sweep,0.9,1,1,1,2,0,0,4,1,1,0,0,1,1,1,1,0.555555555556,1,1,1,37,35,2,0,37,0,35,0,2,17,37,0.136029411765,1.88235294118,4.35294117647,3.36363636364,2.84615384615,1.69341284359,0.389027274878,0.193958664547,2.09866904602,0.964253345467,0.518282988871,1.87867287326,0.863174022847,0.470588235294,0.786197569093,0.41766745858,2.25,1.88235294118,0.786197569093,2.25,0.166339869281,0.0612244897959,3,0.00441176470588,0.185952380952,17,17,17,1,0,0.352941176471,0.411764705882,0.235294117647,17,0.128676470588,1.90196078431,4.11764705882,3.18181818182,2.69230769231,1.57648156274,0.382859808093,0.201680672269,2.01465221053,0.978545359402,0.524369747899,1.74894926439,0.849489642704,0.463865546218,0.814492905316,0.428238537847,2.33333333333,1.90196078431,0.814492905316,2.33333333333,0,0,0,0,0.164242424242,17,17,17,1,0,0.352941176471,0.411764705882,0.235294117647,17,37,0.136029411765,1.88235294118,4.35294117647,3.36363636364,2.84615384615,1.69341284359,0.389027274878,0.193958664547,2.09866904602,0.964253345467,0.518282988871,1.87867287326,0.863174022847,0.470588235294,0.786197569093,0.41766745858,2.25,1.88235294118,0.786197569093,2.25,0.166339869281,0.0612244897959,3,0.00441176470588,0.185952380952,17,17,17,1,0,0.352941176471,0.411764705882,0.235294117647,0,0,0,0,0,0,0,0,0,0,0,0,0,0,0,0,0,0,0,0,0,0,0,0,0,0,0,0,0,37,0,0,235,1,1,0,0,1,1,1,1,1,1,2,2,0,0,0,0
3214,WLNM_dir_neg,1,0.5,00:00:00,10,80,8,1986366781,threshold_sweep,0.1,0.666666666667,1,0.8,2,1,0,3,1,0.75,0.25,0,0.666666666667,1,0.8,0.833333333333,0.5,0.666666666667,0.707106781187,0.75,37,35,2,0,37,0,35,0,2,17,37,0.136029411765,1.88235294118,4.35294117647,3.36363636364,2.84615384615,1.69341284359,0.389027274878,0.193958664547,2.09866904602,0.964253345467,0.518282988871,1.87867287326,0.863174022847,0.470588235294,0.786197569093,0.41766745858,2.25,1.88235294118,0.786197569093,2.25,0.166339869281,0.0612244897959,3,0.00441176470588,0.185952380952,17,17,17,1,0,0.352941176471,0.411764705882,0.235294117647,17,0.128676470588,1.90196078431,4.11764705882,3.18181818182,2.69230769231,1.57648156274,0.382859808093,0.201680672269,2.01465221053,0.978545359402,0.524369747899,1.74894926439,0.849489642704,0.463865546218,0.814492905316,0.428238537847,2.33333333333,1.90196078431,0.814492905316,2.33333333333,0,0,0,0,0.164242424242,17,17,17,1,0,0.352941176471,0.411764705882,0.235294117647,17,38,0.139705882353,1.90992647059,4.47058823529,3.45454545455,2.71428571429,1.62471716996,0.36342357749,0.179566563467,2.07754096725,0.929426222189,0.501547987616,1.82103719638,0.814674535221,0.442724458204,0.833698985343,0.43650841966,2.375,1.90992647059,0.833698985343,2.375,0.146405228758,0.078431372549,4,0.00588235294118,0.183528138528,17,17,17,1,0,0.352941176471,0.470588235294,0.176470588235,1,0.00367647058824,0.0275735294118,0.117647058824,0.0909090909091,-0.131868131868,-0.0686956736295,-0.0256036973876,-0.0143921010794,-0.0211280787694,-0.0348271232775,-0.0167350012551,-0.0576356768785,-0.0484994876259,-0.0278637770898,0.0475014162503,0.0188409610794,0.125,0.0275735294118,0.0475014162503,0.125,-0.0199346405229,0.0172068827531,1,0.00147058823529,-0.00242424242424,0,0.0588235294118,-0.0588235294118,37,1,0,234,1,0.995744680851,0.00425531914894,0,0.973684210526,1,0.986666666667,0.984652666406,0.995744680851,0.973684210526,3,2,0,0,0,0
3215,WLNM_dir_neg,1,0.5,00:00:00,10,80,8,1986366781,threshold_sweep,0.2,0.666666666667,1,0.8,2,1,0,3,1,0.75,0.25,0,0.666666666667,1,0.8,0.833333333333,0.5,0.666666666667,0.707106781187,0.75,37,35,2,0,37,0,35,0,2,17,37,0.136029411765,1.88235294118,4.35294117647,3.36363636364,2.84615384615,1.69341284359,0.389027274878,0.193958664547,2.09866904602,0.964253345467,0.518282988871,1.87867287326,0.863174022847,0.470588235294,0.786197569093,0.41766745858,2.25,1.88235294118,0.786197569093,2.25,0.166339869281,0.0612244897959,3,0.00441176470588,0.185952380952,17,17,17,1,0,0.352941176471,0.411764705882,0.235294117647,17,0.128676470588,1.90196078431,4.11764705882,3.18181818182,2.69230769231,1.57648156274,0.382859808093,0.201680672269,2.01465221053,0.978545359402,0.524369747899,1.74894926439,0.849489642704,0.463865546218,0.814492905316,0.428238537847,2.33333333333,1.90196078431,0.814492905316,2.33333333333,0,0,0,0,0.164242424242,17,17,17,1,0,0.352941176471,0.411764705882,0.235294117647,17,38,0.139705882353,1.90992647059,4.47058823529,3.45454545455,2.71428571429,1.62471716996,0.36342357749,0.179566563467,2.07754096725,0.929426222189,0.501547987616,1.82103719638,0.814674535221,0.442724458204,0.833698985343,0.43650841966,2.375,1.90992647059,0.833698985343,2.375,0.146405228758,0.078431372549,4,0.00588235294118,0.183528138528,17,17,17,1,0,0.352941176471,0.470588235294,0.176470588235,1,0.00367647058824,0.0275735294118,0.117647058824,0.0909090909091,-0.131868131868,-0.0686956736295,-0.0256036973876,-0.0143921010794,-0.0211280787694,-0.0348271232775,-0.0167350012551,-0.0576356768785,-0.0484994876259,-0.0278637770898,0.0475014162503,0.0188409610794,0.125,0.0275735294118,0.0475014162503,0.125,-0.0199346405229,0.0172068827531,1,0.00147058823529,-0.00242424242424,0,0.0588235294118,-0.0588235294118,37,1,0,234,1,0.995744680851,0.00425531914894,0,0.973684210526,1,0.986666666667,0.984652666406,0.995744680851,0.973684210526,3,2,0,0,0,0
3216,WLNM_dir_neg,1,0.5,00:00:00,10,80,8,1986366781,threshold_sweep,0.3,0.666666666667,1,0.8,2,1,0,3,1,0.75,0.25,0,0.666666666667,1,0.8,0.833333333333,0.5,0.666666666667,0.707106781187,0.75,37,35,2,0,37,0,35,0,2,17,37,0.136029411765,1.88235294118,4.35294117647,3.36363636364,2.84615384615,1.69341284359,0.389027274878,0.193958664547,2.09866904602,0.964253345467,0.518282988871,1.87867287326,0.863174022847,0.470588235294,0.786197569093,0.41766745858,2.25,1.88235294118,0.786197569093,2.25,0.166339869281,0.0612244897959,3,0.00441176470588,0.185952380952,17,17,17,1,0,0.352941176471,0.411764705882,0.235294117647,17,0.128676470588,1.90196078431,4.11764705882,3.18181818182,2.69230769231,1.57648156274,0.382859808093,0.201680672269,2.01465221053,0.978545359402,0.524369747899,1.74894926439,0.849489642704,0.463865546218,0.814492905316,0.428238537847,2.33333333333,1.90196078431,0.814492905316,2.33333333333,0,0,0,0,0.164242424242,17,17,17,1,0,0.352941176471,0.411764705882,0.235294117647,17,38,0.139705882353,1.90992647059,4.47058823529,3.45454545455,2.71428571429,1.62471716996,0.36342357749,0.179566563467,2.07754096725,0.929426222189,0.501547987616,1.82103719638,0.814674535221,0.442724458204,0.833698985343,0.43650841966,2.375,1.90992647059,0.833698985343,2.375,0.146405228758,0.078431372549,4,0.00588235294118,0.183528138528,17,17,17,1,0,0.352941176471,0.470588235294,0.176470588235,1,0.00367647058824,0.0275735294118,0.117647058824,0.0909090909091,-0.131868131868,-0.0686956736295,-0.0256036973876,-0.0143921010794,-0.0211280787694,-0.0348271232775,-0.0167350012551,-0.0576356768785,-0.0484994876259,-0.0278637770898,0.0475014162503,0.0188409610794,0.125,0.0275735294118,0.0475014162503,0.125,-0.0199346405229,0.0172068827531,1,0.00147058823529,-0.00242424242424,0,0.0588235294118,-0.0588235294118,37,1,0,234,1,0.995744680851,0.00425531914894,0,0.973684210526,1,0.986666666667,0.984652666406,0.995744680851,0.973684210526,3,2,0,0,0,0
3217,WLNM_dir_neg,1,0.5,00:00:00,10,80,8,1986366781,threshold_sweep,0.4,0.666666666667,1,0.8,2,1,0,3,1,0.75,0.25,0,0.666666666667,1,0.8,0.833333333333,0.5,0.666666666667,0.707106781187,0.75,37,35,2,0,37,0,35,0,2,17,37,0.136029411765,1.88235294118,4.35294117647,3.36363636364,2.84615384615,1.69341284359,0.389027274878,0.193958664547,2.09866904602,0.964253345467,0.518282988871,1.87867287326,0.863174022847,0.470588235294,0.786197569093,0.41766745858,2.25,1.88235294118,0.786197569093,2.25,0.166339869281,0.0612244897959,3,0.00441176470588,0.185952380952,17,17,17,1,0,0.352941176471,0.411764705882,0.235294117647,17,0.128676470588,1.90196078431,4.11764705882,3.18181818182,2.69230769231,1.57648156274,0.382859808093,0.201680672269,2.01465221053,0.978545359402,0.524369747899,1.74894926439,0.849489642704,0.463865546218,0.814492905316,0.428238537847,2.33333333333,1.90196078431,0.814492905316,2.33333333333,0,0,0,0,0.164242424242,17,17,17,1,0,0.352941176471,0.411764705882,0.235294117647,17,38,0.139705882353,1.90992647059,4.47058823529,3.45454545455,2.71428571429,1.62471716996,0.36342357749,0.179566563467,2.07754096725,0.929426222189,0.501547987616,1.82103719638,0.814674535221,0.442724458204,0.833698985343,0.43650841966,2.375,1.90992647059,0.833698985343,2.375,0.146405228758,0.078431372549,4,0.00588235294118,0.183528138528,17,17,17,1,0,0.352941176471,0.470588235294,0.176470588235,1,0.00367647058824,0.0275735294118,0.117647058824,0.0909090909091,-0.131868131868,-0.0686956736295,-0.0256036973876,-0.0143921010794,-0.0211280787694,-0.0348271232775,-0.0167350012551,-0.0576356768785,-0.0484994876259,-0.0278637770898,0.0475014162503,0.0188409610794,0.125,0.0275735294118,0.0475014162503,0.125,-0.0199346405229,0.0172068827531,1,0.00147058823529,-0.00242424242424,0,0.0588235294118,-0.0588235294118,37,1,0,234,1,0.995744680851,0.00425531914894,0,0.973684210526,1,0.986666666667,0.984652666406,0.995744680851,0.973684210526,3,2,0,0,0,0
3218,WLNM_dir_neg,1,0.5,00:00:00,10,80,8,1986366781,threshold_sweep,0.5,0.666666666667,1,0.8,2,1,0,3,1,0.75,0.25,0,0.666666666667,1,0.8,0.833333333333,0.5,0.666666666667,0.707106781187,0.75,37,35,2,0,37,0,35,0,2,17,37,0.136029411765,1.88235294118,4.35294117647,3.36363636364,2.84615384615,1.69341284359,0.389027274878,0.193958664547,2.09866904602,0.964253345467,0.518282988871,1.87867287326,0.863174022847,0.470588235294,0.786197569093,0.41766745858,2.25,1.88235294118,0.786197569093,2.25,0.166339869281,0.0612244897959,3,0.00441176470588,0.185952380952,17,17,17,1,0,0.352941176471,0.411764705882,0.235294117647,17,0.128676470588,1.90196078431,4.11764705882,3.18181818182,2.69230769231,1.57648156274,0.382859808093,0.201680672269,2.01465221053,0.978545359402,0.524369747899,1.74894926439,0.849489642704,0.463865546218,0.814492905316,0.428238537847,2.33333333333,1.90196078431,0.814492905316,2.33333333333,0,0,0,0,0.164242424242,17,17,17,1,0,0.352941176471,0.411764705882,0.235294117647,17,38,0.139705882353,1.90992647059,4.47058823529,3.45454545455,2.71428571429,1.62471716996,0.36342357749,0.179566563467,2.07754096725,0.929426222189,0.501547987616,1.82103719638,0.814674535221,0.442724458204,0.833698985343,0.43650841966,2.375,1.90992647059,0.833698985343,2.375,0.146405228758,0.078431372549,4,0.00588235294118,0.183528138528,17,17,17,1,0,0.352941176471,0.470588235294,0.176470588235,1,0.00367647058824,0.0275735294118,0.117647058824,0.0909090909091,-0.131868131868,-0.0686956736295,-0.0256036973876,-0.0143921010794,-0.0211280787694,-0.0348271232775,-0.0167350012551,-0.0576356768785,-0.0484994876259,-0.0278637770898,0.0475014162503,0.0188409610794,0.125,0.0275735294118,0.0475014162503,0.125,-0.0199346405229,0.0172068827531,1,0.00147058823529,-0.00242424242424,0,0.0588235294118,-0.0588235294118,37,1,0,234,1,0.995744680851,0.00425531914894,0,0.973684210526,1,0.986666666667,0.984652666406,0.995744680851,0.973684210526,3,2,0,0,0,0
3219,WLNM_dir_neg,1,0.5,00:00:00,10,80,8,1986366781,threshold_sweep,0.6,0.666666666667,1,0.8,2,1,0,3,1,0.75,0.25,0,0.666666666667,1,0.8,0.833333333333,0.5,0.666666666667,0.707106781187,0.75,37,35,2,0,37,0,35,0,2,17,37,0.136029411765,1.88235294118,4.35294117647,3.36363636364,2.84615384615,1.69341284359,0.389027274878,0.193958664547,2.09866904602,0.964253345467,0.518282988871,1.87867287326,0.863174022847,0.470588235294,0.786197569093,0.41766745858,2.25,1.88235294118,0.786197569093,2.25,0.166339869281,0.0612244897959,3,0.00441176470588,0.185952380952,17,17,17,1,0,0.352941176471,0.411764705882,0.235294117647,17,0.128676470588,1.90196078431,4.11764705882,3.18181818182,2.69230769231,1.57648156274,0.382859808093,0.201680672269,2.01465221053,0.978545359402,0.524369747899,1.74894926439,0.849489642704,0.463865546218,0.814492905316,0.428238537847,2.33333333333,1.90196078431,0.814492905316,2.33333333333,0,0,0,0,0.164242424242,17,17,17,1,0,0.352941176471,0.411764705882,0.235294117647,17,38,0.139705882353,1.90992647059,4.47058823529,3.45454545455,2.71428571429,1.62471716996,0.36342357749,0.179566563467,2.07754096725,0.929426222189,0.501547987616,1.82103719638,0.814674535221,0.442724458204,0.833698985343,0.43650841966,2.375,1.90992647059,0.833698985343,2.375,0.146405228758,0.078431372549,4,0.00588235294118,0.183528138528,17,17,17,1,0,0.352941176471,0.470588235294,0.176470588235,1,0.00367647058824,0.0275735294118,0.117647058824,0.0909090909091,-0.131868131868,-0.0686956736295,-0.0256036973876,-0.0143921010794,-0.0211280787694,-0.0348271232775,-0.0167350012551,-0.0576356768785,-0.0484994876259,-0.0278637770898,0.0475014162503,0.0188409610794,0.125,0.0275735294118,0.0475014162503,0.125,-0.0199346405229,0.0172068827531,1,0.00147058823529,-0.00242424242424,0,0.0588235294118,-0.0588235294118,37,1,0,234,1,0.995744680851,0.00425531914894,0,0.973684210526,1,0.986666666667,0.984652666406,0.995744680851,0.973684210526,3,2,0,0,0,0
3220,WLNM_dir_neg,1,0.5,00:00:00,10,80,8,1986366781,threshold_sweep,0.7,1,1,1,2,0,0,4,1,1,0,0,1,1,1,1,0.555555555556,1,1,1,37,35,2,0,37,0,35,0,2,17,37,0.136029411765,1.88235294118,4.35294117647,3.36363636364,2.84615384615,1.69341284359,0.389027274878,0.193958664547,2.09866904602,0.964253345467,0.518282988871,1.87867287326,0.863174022847,0.470588235294,0.786197569093,0.41766745858,2.25,1.88235294118,0.786197569093,2.25,0.166339869281,0.0612244897959,3,0.00441176470588,0.185952380952,17,17,17,1,0,0.352941176471,0.411764705882,0.235294117647,17,0.128676470588,1.90196078431,4.11764705882,3.18181818182,2.69230769231,1.57648156274,0.382859808093,0.201680672269,2.01465221053,0.978545359402,0.524369747899,1.74894926439,0.849489642704,0.463865546218,0.814492905316,0.428238537847,2.33333333333,1.90196078431,0.814492905316,2.33333333333,0,0,0,0,0.164242424242,17,17,17,1,0,0.352941176471,0.411764705882,0.235294117647,17,37,0.136029411765,1.88235294118,4.35294117647,3.36363636364,2.84615384615,1.69341284359,0.389027274878,0.193958664547,2.09866904602,0.964253345467,0.518282988871,1.87867287326,0.863174022847,0.470588235294,0.786197569093,0.41766745858,2.25,1.88235294118,0.786197569093,2.25,0.166339869281,0.0612244897959,3,0.00441176470588,0.185952380952,17,17,17,1,0,0.352941176471,0.411764705882,0.235294117647,0,0,0,0,0,0,0,0,0,0,0,0,0,0,0,0,0,0,0,0,0,0,0,0,0,0,0,0,0,37,0,0,235,1,1,0,0,1,1,1,1,1,1,2,2,0,0,0,0
3221,WLNM_dir_neg,1,0.5,00:00:00,10,80,8,1986366781,threshold_sweep,0.8,1,1,1,2,0,0,4,1,1,0,0,1,1,1,1,0.555555555556,1,1,1,37,35,2,0,37,0,35,0,2,17,37,0.136029411765,1.88235294118,4.35294117647,3.36363636364,2.84615384615,1.69341284359,0.389027274878,0.193958664547,2.09866904602,0.964253345467,0.518282988871,1.87867287326,0.863174022847,0.470588235294,0.786197569093,0.41766745858,2.25,1.88235294118,0.786197569093,2.25,0.166339869281,0.0612244897959,3,0.00441176470588,0.185952380952,17,17,17,1,0,0.352941176471,0.411764705882,0.235294117647,17,0.128676470588,1.90196078431,4.11764705882,3.18181818182,2.69230769231,1.57648156274,0.382859808093,0.201680672269,2.01465221053,0.978545359402,0.524369747899,1.74894926439,0.849489642704,0.463865546218,0.814492905316,0.428238537847,2.33333333333,1.90196078431,0.814492905316,2.33333333333,0,0,0,0,0.164242424242,17,17,17,1,0,0.352941176471,0.411764705882,0.235294117647,17,37,0.136029411765,1.88235294118,4.35294117647,3.36363636364,2.84615384615,1.69341284359,0.389027274878,0.193958664547,2.09866904602,0.964253345467,0.518282988871,1.87867287326,0.863174022847,0.470588235294,0.786197569093,0.41766745858,2.25,1.88235294118,0.786197569093,2.25,0.166339869281,0.0612244897959,3,0.00441176470588,0.185952380952,17,17,17,1,0,0.352941176471,0.411764705882,0.235294117647,0,0,0,0,0,0,0,0,0,0,0,0,0,0,0,0,0,0,0,0,0,0,0,0,0,0,0,0,0,37,0,0,235,1,1,0,0,1,1,1,1,1,1,2,2,0,0,0,0
3222,WLNM_dir_neg,1,0.5,00:00:00,10,80,8,1986366781,threshold_sweep,0.9,1,1,1,2,0,0,4,1,1,0,0,1,1,1,1,0.555555555556,1,1,1,37,35,2,0,37,0,35,0,2,17,37,0.136029411765,1.88235294118,4.35294117647,3.36363636364,2.84615384615,1.69341284359,0.389027274878,0.193958664547,2.09866904602,0.964253345467,0.518282988871,1.87867287326,0.863174022847,0.470588235294,0.786197569093,0.41766745858,2.25,1.88235294118,0.786197569093,2.25,0.166339869281,0.0612244897959,3,0.00441176470588,0.185952380952,17,17,17,1,0,0.352941176471,0.411764705882,0.235294117647,17,0.128676470588,1.90196078431,4.11764705882,3.18181818182,2.69230769231,1.57648156274,0.382859808093,0.201680672269,2.01465221053,0.978545359402,0.524369747899,1.74894926439,0.849489642704,0.463865546218,0.814492905316,0.428238537847,2.33333333333,1.90196078431,0.814492905316,2.33333333333,0,0,0,0,0.164242424242,17,17,17,1,0,0.352941176471,0.411764705882,0.235294117647,17,37,0.136029411765,1.88235294118,4.35294117647,3.36363636364,2.84615384615,1.69341284359,0.389027274878,0.193958664547,2.09866904602,0.964253345467,0.518282988871,1.87867287326,0.863174022847,0.470588235294,0.786197569093,0.41766745858,2.25,1.88235294118,0.786197569093,2.25,0.166339869281,0.0612244897959,3,0.00441176470588,0.185952380952,17,17,17,1,0,0.352941176471,0.411764705882,0.235294117647,0,0,0,0,0,0,0,0,0,0,0,0,0,0,0,0,0,0,0,0,0,0,0,0,0,0,0,0,0,37,0,0,235,1,1,0,0,1,1,1,1,1,1,2,2,0,0,0,0
3223,WLNM_dir_neg,1,0.5,00:00:00,10,80,9,1986366782,threshold_sweep,0.1,0.666666666667,1,0.8,2,1,0,3,1,0.75,0.25,0,0.666666666667,1,0.8,0.833333333333,0.5,0.666666666667,0.707106781187,0.75,37,35,2,0,37,0,35,0,2,17,37,0.136029411765,1.88235294118,4.35294117647,3.36363636364,2.84615384615,1.69341284359,0.389027274878,0.193958664547,2.09866904602,0.964253345467,0.518282988871,1.87867287326,0.863174022847,0.470588235294,0.786197569093,0.41766745858,2.25,1.88235294118,0.786197569093,2.25,0.166339869281,0.0612244897959,3,0.00441176470588,0.185952380952,17,17,17,1,0,0.352941176471,0.411764705882,0.235294117647,17,0.128676470588,1.90196078431,4.11764705882,3.18181818182,2.69230769231,1.57648156274,0.382859808093,0.201680672269,2.01465221053,0.978545359402,0.524369747899,1.74894926439,0.849489642704,0.463865546218,0.814492905316,0.428238537847,2.33333333333,1.90196078431,0.814492905316,2.33333333333,0,0,0,0,0.164242424242,17,17,17,1,0,0.352941176471,0.411764705882,0.235294117647,17,38,0.139705882353,1.96507352941,4.47058823529,3.45454545455,2.71428571429,1.62471716996,0.36342357749,0.179566563467,2.07754096725,0.929426222189,0.501547987616,1.82103719638,0.814674535221,0.442724458204,0.861353004384,0.438331182774,2.25,1.96507352941,0.861353004384,2.25,0.123202614379,0.0588235294118,3,0.00441176470588,0.178376623377,17,17,17,1,0,0.352941176471,0.470588235294,0.176470588235,1,0.00367647058824,0.0827205882353,0.117647058824,0.0909090909091,-0.131868131868,-0.0686956736295,-0.0256036973876,-0.0143921010794,-0.0211280787694,-0.0348271232775,-0.0167350012551,-0.0576356768785,-0.0484994876259,-0.0278637770898,0.0751554352917,0.0206637241932,0,0.0827205882353,0.0751554352917,0,-0.043137254902,-0.00240096038415,0,0,-0.00757575757576,0,0.0588235294118,-0.0588235294118,37,1,0,234,1,0.995744680851,0.00425531914894,0,0.973684210526,1,0.986666666667,0.984652666406,0.995744680851,0.973684210526,3,2,0,0,0,0
3224,WLNM_dir_neg,1,0.5,00:00:00,10,80,9,1986366782,threshold_sweep,0.2,1,1,1,2,0,0,4,1,1,0,0,1,1,1,1,0.555555555556,1,1,1,37,35,2,0,37,0,35,0,2,17,37,0.136029411765,1.88235294118,4.35294117647,3.36363636364,2.84615384615,1.69341284359,0.389027274878,0.193958664547,2.09866904602,0.964253345467,0.518282988871,1.87867287326,0.863174022847,0.470588235294,0.786197569093,0.41766745858,2.25,1.88235294118,0.786197569093,2.25,0.166339869281,0.0612244897959,3,0.00441176470588,0.185952380952,17,17,17,1,0,0.352941176471,0.411764705882,0.235294117647,17,0.128676470588,1.90196078431,4.11764705882,3.18181818182,2.69230769231,1.57648156274,0.382859808093,0.201680672269,2.01465221053,0.978545359402,0.524369747899,1.74894926439,0.849489642704,0.463865546218,0.814492905316,0.428238537847,2.33333333333,1.90196078431,0.814492905316,2.33333333333,0,0,0,0,0.164242424242,17,17,17,1,0,0.352941176471,0.411764705882,0.235294117647,17,37,0.136029411765,1.88235294118,4.35294117647,3.36363636364,2.84615384615,1.69341284359,0.389027274878,0.193958664547,2.09866904602,0.964253345467,0.518282988871,1.87867287326,0.863174022847,0.470588235294,0.786197569093,0.41766745858,2.25,1.88235294118,0.786197569093,2.25,0.166339869281,0.0612244897959,3,0.00441176470588,0.185952380952,17,17,17,1,0,0.352941176471,0.411764705882,0.235294117647,0,0,0,0,0,0,0,0,0,0,0,0,0,0,0,0,0,0,0,0,0,0,0,0,0,0,0,0,0,37,0,0,235,1,1,0,0,1,1,1,1,1,1,2,2,0,0,0,0
3225,WLNM_dir_neg,1,0.5,00:00:00,10,80,9,1986366782,threshold_sweep,0.3,1,1,1,2,0,0,4,1,1,0,0,1,1,1,1,0.555555555556,1,1,1,37,35,2,0,37,0,35,0,2,17,37,0.136029411765,1.88235294118,4.35294117647,3.36363636364,2.84615384615,1.69341284359,0.389027274878,0.193958664547,2.09866904602,0.964253345467,0.518282988871,1.87867287326,0.863174022847,0.470588235294,0.786197569093,0.41766745858,2.25,1.88235294118,0.786197569093,2.25,0.166339869281,0.0612244897959,3,0.00441176470588,0.185952380952,17,17,17,1,0,0.352941176471,0.411764705882,0.235294117647,17,0.128676470588,1.90196078431,4.11764705882,3.18181818182,2.69230769231,1.57648156274,0.382859808093,0.201680672269,2.01465221053,0.978545359402,0.524369747899,1.74894926439,0.849489642704,0.463865546218,0.814492905316,0.428238537847,2.33333333333,1.90196078431,0.814492905316,2.33333333333,0,0,0,0,0.164242424242,17,17,17,1,0,0.352941176471,0.411764705882,0.235294117647,17,37,0.136029411765,1.88235294118,4.35294117647,3.36363636364,2.84615384615,1.69341284359,0.389027274878,0.193958664547,2.09866904602,0.964253345467,0.518282988871,1.87867287326,0.863174022847,0.470588235294,0.786197569093,0.41766745858,2.25,1.88235294118,0.786197569093,2.25,0.166339869281,0.0612244897959,3,0.00441176470588,0.185952380952,17,17,17,1,0,0.352941176471,0.411764705882,0.235294117647,0,0,0,0,0,0,0,0,0,0,0,0,0,0,0,0,0,0,0,0,0,0,0,0,0,0,0,0,0,37,0,0,235,1,1,0,0,1,1,1,1,1,1,2,2,0,0,0,0
3226,WLNM_dir_neg,1,0.5,00:00:00,10,80,9,1986366782,threshold_sweep,0.4,1,1,1,2,0,0,4,1,1,0,0,1,1,1,1,0.555555555556,1,1,1,37,35,2,0,37,0,35,0,2,17,37,0.136029411765,1.88235294118,4.35294117647,3.36363636364,2.84615384615,1.69341284359,0.389027274878,0.193958664547,2.09866904602,0.964253345467,0.518282988871,1.87867287326,0.863174022847,0.470588235294,0.786197569093,0.41766745858,2.25,1.88235294118,0.786197569093,2.25,0.166339869281,0.0612244897959,3,0.00441176470588,0.185952380952,17,17,17,1,0,0.352941176471,0.411764705882,0.235294117647,17,0.128676470588,1.90196078431,4.11764705882,3.18181818182,2.69230769231,1.57648156274,0.382859808093,0.201680672269,2.01465221053,0.978545359402,0.524369747899,1.74894926439,0.849489642704,0.463865546218,0.814492905316,0.428238537847,2.33333333333,1.90196078431,0.814492905316,2.33333333333,0,0,0,0,0.164242424242,17,17,17,1,0,0.352941176471,0.411764705882,0.235294117647,17,37,0.136029411765,1.88235294118,4.35294117647,3.36363636364,2.84615384615,1.69341284359,0.389027274878,0.193958664547,2.09866904602,0.964253345467,0.518282988871,1.87867287326,0.863174022847,0.470588235294,0.786197569093,0.41766745858,2.25,1.88235294118,0.786197569093,2.25,0.166339869281,0.0612244897959,3,0.00441176470588,0.185952380952,17,17,17,1,0,0.352941176471,0.411764705882,0.235294117647,0,0,0,0,0,0,0,0,0,0,0,0,0,0,0,0,0,0,0,0,0,0,0,0,0,0,0,0,0,37,0,0,235,1,1,0,0,1,1,1,1,1,1,2,2,0,0,0,0
3227,WLNM_dir_neg,1,0.5,00:00:00,10,80,9,1986366782,threshold_sweep,0.5,1,1,1,2,0,0,4,1,1,0,0,1,1,1,1,0.555555555556,1,1,1,37,35,2,0,37,0,35,0,2,17,37,0.136029411765,1.88235294118,4.35294117647,3.36363636364,2.84615384615,1.69341284359,0.389027274878,0.193958664547,2.09866904602,0.964253345467,0.518282988871,1.87867287326,0.863174022847,0.470588235294,0.786197569093,0.41766745858,2.25,1.88235294118,0.786197569093,2.25,0.166339869281,0.0612244897959,3,0.00441176470588,0.185952380952,17,17,17,1,0,0.352941176471,0.411764705882,0.235294117647,17,0.128676470588,1.90196078431,4.11764705882,3.18181818182,2.69230769231,1.57648156274,0.382859808093,0.201680672269,2.01465221053,0.978545359402,0.524369747899,1.74894926439,0.849489642704,0.463865546218,0.814492905316,0.428238537847,2.33333333333,1.90196078431,0.814492905316,2.33333333333,0,0,0,0,0.164242424242,17,17,17,1,0,0.352941176471,0.411764705882,0.235294117647,17,37,0.136029411765,1.88235294118,4.35294117647,3.36363636364,2.84615384615,1.69341284359,0.389027274878,0.193958664547,2.09866904602,0.964253345467,0.518282988871,1.87867287326,0.863174022847,0.470588235294,0.786197569093,0.41766745858,2.25,1.88235294118,0.786197569093,2.25,0.166339869281,0.0612244897959,3,0.00441176470588,0.185952380952,17,17,17,1,0,0.352941176471,0.411764705882,0.235294117647,0,0,0,0,0,0,0,0,0,0,0,0,0,0,0,0,0,0,0,0,0,0,0,0,0,0,0,0,0,37,0,0,235,1,1,0,0,1,1,1,1,1,1,2,2,0,0,0,0
3228,WLNM_dir_neg,1,0.5,00:00:00,10,80,9,1986366782,threshold_sweep,0.6,1,1,1,2,0,0,4,1,1,0,0,1,1,1,1,0.555555555556,1,1,1,37,35,2,0,37,0,35,0,2,17,37,0.136029411765,1.88235294118,4.35294117647,3.36363636364,2.84615384615,1.69341284359,0.389027274878,0.193958664547,2.09866904602,0.964253345467,0.518282988871,1.87867287326,0.863174022847,0.470588235294,0.786197569093,0.41766745858,2.25,1.88235294118,0.786197569093,2.25,0.166339869281,0.0612244897959,3,0.00441176470588,0.185952380952,17,17,17,1,0,0.352941176471,0.411764705882,0.235294117647,17,0.128676470588,1.90196078431,4.11764705882,3.18181818182,2.69230769231,1.57648156274,0.382859808093,0.201680672269,2.01465221053,0.978545359402,0.524369747899,1.74894926439,0.849489642704,0.463865546218,0.814492905316,0.428238537847,2.33333333333,1.90196078431,0.814492905316,2.33333333333,0,0,0,0,0.164242424242,17,17,17,1,0,0.352941176471,0.411764705882,0.235294117647,17,37,0.136029411765,1.88235294118,4.35294117647,3.36363636364,2.84615384615,1.69341284359,0.389027274878,0.193958664547,2.09866904602,0.964253345467,0.518282988871,1.87867287326,0.863174022847,0.470588235294,0.786197569093,0.41766745858,2.25,1.88235294118,0.786197569093,2.25,0.166339869281,0.0612244897959,3,0.00441176470588,0.185952380952,17,17,17,1,0,0.352941176471,0.411764705882,0.235294117647,0,0,0,0,0,0,0,0,0,0,0,0,0,0,0,0,0,0,0,0,0,0,0,0,0,0,0,0,0,37,0,0,235,1,1,0,0,1,1,1,1,1,1,2,2,0,0,0,0
3229,WLNM_dir_neg,1,0.5,00:00:00,10,80,9,1986366782,threshold_sweep,0.7,1,1,1,2,0,0,4,1,1,0,0,1,1,1,1,0.555555555556,1,1,1,37,35,2,0,37,0,35,0,2,17,37,0.136029411765,1.88235294118,4.35294117647,3.36363636364,2.84615384615,1.69341284359,0.389027274878,0.193958664547,2.09866904602,0.964253345467,0.518282988871,1.87867287326,0.863174022847,0.470588235294,0.786197569093,0.41766745858,2.25,1.88235294118,0.786197569093,2.25,0.166339869281,0.0612244897959,3,0.00441176470588,0.185952380952,17,17,17,1,0,0.352941176471,0.411764705882,0.235294117647,17,0.128676470588,1.90196078431,4.11764705882,3.18181818182,2.69230769231,1.57648156274,0.382859808093,0.201680672269,2.01465221053,0.978545359402,0.524369747899,1.74894926439,0.849489642704,0.463865546218,0.814492905316,0.428238537847,2.33333333333,1.90196078431,0.814492905316,2.33333333333,0,0,0,0,0.164242424242,17,17,17,1,0,0.352941176471,0.411764705882,0.235294117647,17,37,0.136029411765,1.88235294118,4.35294117647,3.36363636364,2.84615384615,1.69341284359,0.389027274878,0.193958664547,2.09866904602,0.964253345467,0.518282988871,1.87867287326,0.863174022847,0.470588235294,0.786197569093,0.41766745858,2.25,1.88235294118,0.786197569093,2.25,0.166339869281,0.0612244897959,3,0.00441176470588,0.185952380952,17,17,17,1,0,0.352941176471,0.411764705882,0.235294117647,0,0,0,0,0,0,0,0,0,0,0,0,0,0,0,0,0,0,0,0,0,0,0,0,0,0,0,0,0,37,0,0,235,1,1,0,0,1,1,1,1,1,1,2,2,0,0,0,0
3230,WLNM_dir_neg,1,0.5,00:00:00,10,80,9,1986366782,threshold_sweep,0.8,1,1,1,2,0,0,4,1,1,0,0,1,1,1,1,0.555555555556,1,1,1,37,35,2,0,37,0,35,0,2,17,37,0.136029411765,1.88235294118,4.35294117647,3.36363636364,2.84615384615,1.69341284359,0.389027274878,0.193958664547,2.09866904602,0.964253345467,0.518282988871,1.87867287326,0.863174022847,0.470588235294,0.786197569093,0.41766745858,2.25,1.88235294118,0.786197569093,2.25,0.166339869281,0.0612244897959,3,0.00441176470588,0.185952380952,17,17,17,1,0,0.352941176471,0.411764705882,0.235294117647,17,0.128676470588,1.90196078431,4.11764705882,3.18181818182,2.69230769231,1.57648156274,0.382859808093,0.201680672269,2.01465221053,0.978545359402,0.524369747899,1.74894926439,0.849489642704,0.463865546218,0.814492905316,0.428238537847,2.33333333333,1.90196078431,0.814492905316,2.33333333333,0,0,0,0,0.164242424242,17,17,17,1,0,0.352941176471,0.411764705882,0.235294117647,17,37,0.136029411765,1.88235294118,4.35294117647,3.36363636364,2.84615384615,1.69341284359,0.389027274878,0.193958664547,2.09866904602,0.964253345467,0.518282988871,1.87867287326,0.863174022847,0.470588235294,0.786197569093,0.41766745858,2.25,1.88235294118,0.786197569093,2.25,0.166339869281,0.0612244897959,3,0.00441176470588,0.185952380952,17,17,17,1,0,0.352941176471,0.411764705882,0.235294117647,0,0,0,0,0,0,0,0,0,0,0,0,0,0,0,0,0,0,0,0,0,0,0,0,0,0,0,0,0,37,0,0,235,1,1,0,0,1,1,1,1,1,1,2,2,0,0,0,0
3231,WLNM_dir_neg,1,0.5,00:00:00,10,80,9,1986366782,threshold_sweep,0.9,1,1,1,2,0,0,4,1,1,0,0,1,1,1,1,0.555555555556,1,1,1,37,35,2,0,37,0,35,0,2,17,37,0.136029411765,1.88235294118,4.35294117647,3.36363636364,2.84615384615,1.69341284359,0.389027274878,0.193958664547,2.09866904602,0.964253345467,0.518282988871,1.87867287326,0.863174022847,0.470588235294,0.786197569093,0.41766745858,2.25,1.88235294118,0.786197569093,2.25,0.166339869281,0.0612244897959,3,0.00441176470588,0.185952380952,17,17,17,1,0,0.352941176471,0.411764705882,0.235294117647,17,0.128676470588,1.90196078431,4.11764705882,3.18181818182,2.69230769231,1.57648156274,0.382859808093,0.201680672269,2.01465221053,0.978545359402,0.524369747899,1.74894926439,0.849489642704,0.463865546218,0.814492905316,0.428238537847,2.33333333333,1.90196078431,0.814492905316,2.33333333333,0,0,0,0,0.164242424242,17,17,17,1,0,0.352941176471,0.411764705882,0.235294117647,17,37,0.136029411765,1.88235294118,4.35294117647,3.36363636364,2.84615384615,1.69341284359,0.389027274878,0.193958664547,2.09866904602,0.964253345467,0.518282988871,1.87867287326,0.863174022847,0.470588235294,0.786197569093,0.41766745858,2.25,1.88235294118,0.786197569093,2.25,0.166339869281,0.0612244897959,3,0.00441176470588,0.185952380952,17,17,17,1,0,0.352941176471,0.411764705882,0.235294117647,0,0,0,0,0,0,0,0,0,0,0,0,0,0,0,0,0,0,0,0,0,0,0,0,0,0,0,0,0,37,0,0,235,1,1,0,0,1,1,1,1,1,1,2,2,0,0,0,0
3232,WLNM_dir_neg,1,0.5,00:00:00,10,80,10,1986366783,threshold_sweep,0.1,0.666666666667,1,0.8,2,1,0,3,1,0.75,0.25,0,0.666666666667,1,0.8,0.833333333333,0.5,0.666666666667,0.707106781187,0.75,37,35,2,0,37,0,35,0,2,17,37,0.136029411765,1.88235294118,4.35294117647,3.36363636364,2.84615384615,1.69341284359,0.389027274878,0.193958664547,2.09866904602,0.964253345467,0.518282988871,1.87867287326,0.863174022847,0.470588235294,0.786197569093,0.41766745858,2.25,1.88235294118,0.786197569093,2.25,0.166339869281,0.0612244897959,3,0.00441176470588,0.185952380952,17,17,17,1,0,0.352941176471,0.411764705882,0.235294117647,17,0.128676470588,1.90196078431,4.11764705882,3.18181818182,2.69230769231,1.57648156274,0.382859808093,0.201680672269,2.01465221053,0.978545359402,0.524369747899,1.74894926439,0.849489642704,0.463865546218,0.814492905316,0.428238537847,2.33333333333,1.90196078431,0.814492905316,2.33333333333,0,0,0,0,0.164242424242,17,17,17,1,0,0.352941176471,0.411764705882,0.235294117647,17,38,0.139705882353,1.87941176471,4.47058823529,3.45454545455,2.71428571429,1.73629084037,0.388380845872,0.198142414861,2.16591238756,0.968960804961,0.517027863777,1.82103719638,0.814674535221,0.442724458204,0.780836655359,0.415468642914,2.2,1.87941176471,0.780836655359,2.2,0.162418300654,0.0576923076923,3,0.00441176470588,0.182878787879,17,17,17,1,0,0.352941176471,0.470588235294,0.176470588235,1,0.00367647058824,-0.00294117647059,0.117647058824,0.0909090909091,-0.131868131868,0.0428779967836,-0.000646429005719,0.00418375031378,0.0672433415445,0.00470745949447,-0.00125512509413,-0.0576356768785,-0.0484994876259,-0.0278637770898,-0.00536091373311,-0.00219881566616,-0.05,-0.00294117647059,-0.00536091373311,-0.05,-0.00392156862745,-0.00353218210361,0,0,-0.00307359307359,0,0.0588235294118,-0.0588235294118,37,1,0,234,1,0.995744680851,0.00425531914894,0,0.973684210526,1,0.986666666667,0.984652666406,0.995744680851,0.973684210526,3,2,0,0,0,0
3233,WLNM_dir_neg,1,0.5,00:00:00,10,80,10,1986366783,threshold_sweep,0.2,0.666666666667,1,0.8,2,1,0,3,1,0.75,0.25,0,0.666666666667,1,0.8,0.833333333333,0.5,0.666666666667,0.707106781187,0.75,37,35,2,0,37,0,35,0,2,17,37,0.136029411765,1.88235294118,4.35294117647,3.36363636364,2.84615384615,1.69341284359,0.389027274878,0.193958664547,2.09866904602,0.964253345467,0.518282988871,1.87867287326,0.863174022847,0.470588235294,0.786197569093,0.41766745858,2.25,1.88235294118,0.786197569093,2.25,0.166339869281,0.0612244897959,3,0.00441176470588,0.185952380952,17,17,17,1,0,0.352941176471,0.411764705882,0.235294117647,17,0.128676470588,1.90196078431,4.11764705882,3.18181818182,2.69230769231,1.57648156274,0.382859808093,0.201680672269,2.01465221053,0.978545359402,0.524369747899,1.74894926439,0.849489642704,0.463865546218,0.814492905316,0.428238537847,2.33333333333,1.90196078431,0.814492905316,2.33333333333,0,0,0,0,0.164242424242,17,17,17,1,0,0.352941176471,0.411764705882,0.235294117647,17,38,0.139705882353,1.87941176471,4.47058823529,3.45454545455,2.71428571429,1.73629084037,0.388380845872,0.198142414861,2.16591238756,0.968960804961,0.517027863777,1.82103719638,0.814674535221,0.442724458204,0.780836655359,0.415468642914,2.2,1.87941176471,0.780836655359,2.2,0.162418300654,0.0576923076923,3,0.00441176470588,0.182878787879,17,17,17,1,0,0.352941176471,0.470588235294,0.176470588235,1,0.00367647058824,-0.00294117647059,0.117647058824,0.0909090909091,-0.131868131868,0.0428779967836,-0.000646429005719,0.00418375031378,0.0672433415445,0.00470745949447,-0.00125512509413,-0.0576356768785,-0.0484994876259,-0.0278637770898,-0.00536091373311,-0.00219881566616,-0.05,-0.00294117647059,-0.00536091373311,-0.05,-0.00392156862745,-0.00353218210361,0,0,-0.00307359307359,0,0.0588235294118,-0.0588235294118,37,1,0,234,1,0.995744680851,0.00425531914894,0,0.973684210526,1,0.986666666667,0.984652666406,0.995744680851,0.973684210526,3,2,0,0,0,0
3234,WLNM_dir_neg,1,0.5,00:00:00,10,80,10,1986366783,threshold_sweep,0.3,0.666666666667,1,0.8,2,1,0,3,1,0.75,0.25,0,0.666666666667,1,0.8,0.833333333333,0.5,0.666666666667,0.707106781187,0.75,37,35,2,0,37,0,35,0,2,17,37,0.136029411765,1.88235294118,4.35294117647,3.36363636364,2.84615384615,1.69341284359,0.389027274878,0.193958664547,2.09866904602,0.964253345467,0.518282988871,1.87867287326,0.863174022847,0.470588235294,0.786197569093,0.41766745858,2.25,1.88235294118,0.786197569093,2.25,0.166339869281,0.0612244897959,3,0.00441176470588,0.185952380952,17,17,17,1,0,0.352941176471,0.411764705882,0.235294117647,17,0.128676470588,1.90196078431,4.11764705882,3.18181818182,2.69230769231,1.57648156274,0.382859808093,0.201680672269,2.01465221053,0.978545359402,0.524369747899,1.74894926439,0.849489642704,0.463865546218,0.814492905316,0.428238537847,2.33333333333,1.90196078431,0.814492905316,2.33333333333,0,0,0,0,0.164242424242,17,17,17,1,0,0.352941176471,0.411764705882,0.235294117647,17,38,0.139705882353,1.87941176471,4.47058823529,3.45454545455,2.71428571429,1.73629084037,0.388380845872,0.198142414861,2.16591238756,0.968960804961,0.517027863777,1.82103719638,0.814674535221,0.442724458204,0.780836655359,0.415468642914,2.2,1.87941176471,0.780836655359,2.2,0.162418300654,0.0576923076923,3,0.00441176470588,0.182878787879,17,17,17,1,0,0.352941176471,0.470588235294,0.176470588235,1,0.00367647058824,-0.00294117647059,0.117647058824,0.0909090909091,-0.131868131868,0.0428779967836,-0.000646429005719,0.00418375031378,0.0672433415445,0.00470745949447,-0.00125512509413,-0.0576356768785,-0.0484994876259,-0.0278637770898,-0.00536091373311,-0.00219881566616,-0.05,-0.00294117647059,-0.00536091373311,-0.05,-0.00392156862745,-0.00353218210361,0,0,-0.00307359307359,0,0.0588235294118,-0.0588235294118,37,1,0,234,1,0.995744680851,0.00425531914894,0,0.973684210526,1,0.986666666667,0.984652666406,0.995744680851,0.973684210526,3,2,0,0,0,0
3235,WLNM_dir_neg,1,0.5,00:00:00,10,80,10,1986366783,threshold_sweep,0.4,0.666666666667,1,0.8,2,1,0,3,1,0.75,0.25,0,0.666666666667,1,0.8,0.833333333333,0.5,0.666666666667,0.707106781187,0.75,37,35,2,0,37,0,35,0,2,17,37,0.136029411765,1.88235294118,4.35294117647,3.36363636364,2.84615384615,1.69341284359,0.389027274878,0.193958664547,2.09866904602,0.964253345467,0.518282988871,1.87867287326,0.863174022847,0.470588235294,0.786197569093,0.41766745858,2.25,1.88235294118,0.786197569093,2.25,0.166339869281,0.0612244897959,3,0.00441176470588,0.185952380952,17,17,17,1,0,0.352941176471,0.411764705882,0.235294117647,17,0.128676470588,1.90196078431,4.11764705882,3.18181818182,2.69230769231,1.57648156274,0.382859808093,0.201680672269,2.01465221053,0.978545359402,0.524369747899,1.74894926439,0.849489642704,0.463865546218,0.814492905316,0.428238537847,2.33333333333,1.90196078431,0.814492905316,2.33333333333,0,0,0,0,0.164242424242,17,17,17,1,0,0.352941176471,0.411764705882,0.235294117647,17,38,0.139705882353,1.87941176471,4.47058823529,3.45454545455,2.71428571429,1.73629084037,0.388380845872,0.198142414861,2.16591238756,0.968960804961,0.517027863777,1.82103719638,0.814674535221,0.442724458204,0.780836655359,0.415468642914,2.2,1.87941176471,0.780836655359,2.2,0.162418300654,0.0576923076923,3,0.00441176470588,0.182878787879,17,17,17,1,0,0.352941176471,0.470588235294,0.176470588235,1,0.00367647058824,-0.00294117647059,0.117647058824,0.0909090909091,-0.131868131868,0.0428779967836,-0.000646429005719,0.00418375031378,0.0672433415445,0.00470745949447,-0.00125512509413,-0.0576356768785,-0.0484994876259,-0.0278637770898,-0.00536091373311,-0.00219881566616,-0.05,-0.00294117647059,-0.00536091373311,-0.05,-0.00392156862745,-0.00353218210361,0,0,-0.00307359307359,0,0.0588235294118,-0.0588235294118,37,1,0,234,1,0.995744680851,0.00425531914894,0,0.973684210526,1,0.986666666667,0.984652666406,0.995744680851,0.973684210526,3,2,0,0,0,0
3236,WLNM_dir_neg,1,0.5,00:00:00,10,80,10,1986366783,threshold_sweep,0.5,0.666666666667,1,0.8,2,1,0,3,1,0.75,0.25,0,0.666666666667,1,0.8,0.833333333333,0.5,0.666666666667,0.707106781187,0.75,37,35,2,0,37,0,35,0,2,17,37,0.136029411765,1.88235294118,4.35294117647,3.36363636364,2.84615384615,1.69341284359,0.389027274878,0.193958664547,2.09866904602,0.964253345467,0.518282988871,1.87867287326,0.863174022847,0.470588235294,0.786197569093,0.41766745858,2.25,1.88235294118,0.786197569093,2.25,0.166339869281,0.0612244897959,3,0.00441176470588,0.185952380952,17,17,17,1,0,0.352941176471,0.411764705882,0.235294117647,17,0.128676470588,1.90196078431,4.11764705882,3.18181818182,2.69230769231,1.57648156274,0.382859808093,0.201680672269,2.01465221053,0.978545359402,0.524369747899,1.74894926439,0.849489642704,0.463865546218,0.814492905316,0.428238537847,2.33333333333,1.90196078431,0.814492905316,2.33333333333,0,0,0,0,0.164242424242,17,17,17,1,0,0.352941176471,0.411764705882,0.235294117647,17,38,0.139705882353,1.87941176471,4.47058823529,3.45454545455,2.71428571429,1.73629084037,0.388380845872,0.198142414861,2.16591238756,0.968960804961,0.517027863777,1.82103719638,0.814674535221,0.442724458204,0.780836655359,0.415468642914,2.2,1.87941176471,0.780836655359,2.2,0.162418300654,0.0576923076923,3,0.00441176470588,0.182878787879,17,17,17,1,0,0.352941176471,0.470588235294,0.176470588235,1,0.00367647058824,-0.00294117647059,0.117647058824,0.0909090909091,-0.131868131868,0.0428779967836,-0.000646429005719,0.00418375031378,0.0672433415445,0.00470745949447,-0.00125512509413,-0.0576356768785,-0.0484994876259,-0.0278637770898,-0.00536091373311,-0.00219881566616,-0.05,-0.00294117647059,-0.00536091373311,-0.05,-0.00392156862745,-0.00353218210361,0,0,-0.00307359307359,0,0.0588235294118,-0.0588235294118,37,1,0,234,1,0.995744680851,0.00425531914894,0,0.973684210526,1,0.986666666667,0.984652666406,0.995744680851,0.973684210526,3,2,0,0,0,0
3237,WLNM_dir_neg,1,0.5,00:00:00,10,80,10,1986366783,threshold_sweep,0.6,0.666666666667,1,0.8,2,1,0,3,1,0.75,0.25,0,0.666666666667,1,0.8,0.833333333333,0.5,0.666666666667,0.707106781187,0.75,37,35,2,0,37,0,35,0,2,17,37,0.136029411765,1.88235294118,4.35294117647,3.36363636364,2.84615384615,1.69341284359,0.389027274878,0.193958664547,2.09866904602,0.964253345467,0.518282988871,1.87867287326,0.863174022847,0.470588235294,0.786197569093,0.41766745858,2.25,1.88235294118,0.786197569093,2.25,0.166339869281,0.0612244897959,3,0.00441176470588,0.185952380952,17,17,17,1,0,0.352941176471,0.411764705882,0.235294117647,17,0.128676470588,1.90196078431,4.11764705882,3.18181818182,2.69230769231,1.57648156274,0.382859808093,0.201680672269,2.01465221053,0.978545359402,0.524369747899,1.74894926439,0.849489642704,0.463865546218,0.814492905316,0.428238537847,2.33333333333,1.90196078431,0.814492905316,2.33333333333,0,0,0,0,0.164242424242,17,17,17,1,0,0.352941176471,0.411764705882,0.235294117647,17,38,0.139705882353,1.87941176471,4.47058823529,3.45454545455,2.71428571429,1.73629084037,0.388380845872,0.198142414861,2.16591238756,0.968960804961,0.517027863777,1.82103719638,0.814674535221,0.442724458204,0.780836655359,0.415468642914,2.2,1.87941176471,0.780836655359,2.2,0.162418300654,0.0576923076923,3,0.00441176470588,0.182878787879,17,17,17,1,0,0.352941176471,0.470588235294,0.176470588235,1,0.00367647058824,-0.00294117647059,0.117647058824,0.0909090909091,-0.131868131868,0.0428779967836,-0.000646429005719,0.00418375031378,0.0672433415445,0.00470745949447,-0.00125512509413,-0.0576356768785,-0.0484994876259,-0.0278637770898,-0.00536091373311,-0.00219881566616,-0.05,-0.00294117647059,-0.00536091373311,-0.05,-0.00392156862745,-0.00353218210361,0,0,-0.00307359307359,0,0.0588235294118,-0.0588235294118,37,1,0,234,1,0.995744680851,0.00425531914894,0,0.973684210526,1,0.986666666667,0.984652666406,0.995744680851,0.973684210526,3,2,0,0,0,0
3238,WLNM_dir_neg,1,0.5,00:00:00,10,80,10,1986366783,threshold_sweep,0.7,0.666666666667,1,0.8,2,1,0,3,1,0.75,0.25,0,0.666666666667,1,0.8,0.833333333333,0.5,0.666666666667,0.707106781187,0.75,37,35,2,0,37,0,35,0,2,17,37,0.136029411765,1.88235294118,4.35294117647,3.36363636364,2.84615384615,1.69341284359,0.389027274878,0.193958664547,2.09866904602,0.964253345467,0.518282988871,1.87867287326,0.863174022847,0.470588235294,0.786197569093,0.41766745858,2.25,1.88235294118,0.786197569093,2.25,0.166339869281,0.0612244897959,3,0.00441176470588,0.185952380952,17,17,17,1,0,0.352941176471,0.411764705882,0.235294117647,17,0.128676470588,1.90196078431,4.11764705882,3.18181818182,2.69230769231,1.57648156274,0.382859808093,0.201680672269,2.01465221053,0.978545359402,0.524369747899,1.74894926439,0.849489642704,0.463865546218,0.814492905316,0.428238537847,2.33333333333,1.90196078431,0.814492905316,2.33333333333,0,0,0,0,0.164242424242,17,17,17,1,0,0.352941176471,0.411764705882,0.235294117647,17,38,0.139705882353,1.87941176471,4.47058823529,3.45454545455,2.71428571429,1.73629084037,0.388380845872,0.198142414861,2.16591238756,0.968960804961,0.517027863777,1.82103719638,0.814674535221,0.442724458204,0.780836655359,0.415468642914,2.2,1.87941176471,0.780836655359,2.2,0.162418300654,0.0576923076923,3,0.00441176470588,0.182878787879,17,17,17,1,0,0.352941176471,0.470588235294,0.176470588235,1,0.00367647058824,-0.00294117647059,0.117647058824,0.0909090909091,-0.131868131868,0.0428779967836,-0.000646429005719,0.00418375031378,0.0672433415445,0.00470745949447,-0.00125512509413,-0.0576356768785,-0.0484994876259,-0.0278637770898,-0.00536091373311,-0.00219881566616,-0.05,-0.00294117647059,-0.00536091373311,-0.05,-0.00392156862745,-0.00353218210361,0,0,-0.00307359307359,0,0.0588235294118,-0.0588235294118,37,1,0,234,1,0.995744680851,0.00425531914894,0,0.973684210526,1,0.986666666667,0.984652666406,0.995744680851,0.973684210526,3,2,0,0,0,0
3239,WLNM_dir_neg,1,0.5,00:00:00,10,80,10,1986366783,threshold_sweep,0.8,0.666666666667,1,0.8,2,1,0,3,1,0.75,0.25,0,0.666666666667,1,0.8,0.833333333333,0.5,0.666666666667,0.707106781187,0.75,37,35,2,0,37,0,35,0,2,17,37,0.136029411765,1.88235294118,4.35294117647,3.36363636364,2.84615384615,1.69341284359,0.389027274878,0.193958664547,2.09866904602,0.964253345467,0.518282988871,1.87867287326,0.863174022847,0.470588235294,0.786197569093,0.41766745858,2.25,1.88235294118,0.786197569093,2.25,0.166339869281,0.0612244897959,3,0.00441176470588,0.185952380952,17,17,17,1,0,0.352941176471,0.411764705882,0.235294117647,17,0.128676470588,1.90196078431,4.11764705882,3.18181818182,2.69230769231,1.57648156274,0.382859808093,0.201680672269,2.01465221053,0.978545359402,0.524369747899,1.74894926439,0.849489642704,0.463865546218,0.814492905316,0.428238537847,2.33333333333,1.90196078431,0.814492905316,2.33333333333,0,0,0,0,0.164242424242,17,17,17,1,0,0.352941176471,0.411764705882,0.235294117647,17,38,0.139705882353,1.87941176471,4.47058823529,3.45454545455,2.71428571429,1.73629084037,0.388380845872,0.198142414861,2.16591238756,0.968960804961,0.517027863777,1.82103719638,0.814674535221,0.442724458204,0.780836655359,0.415468642914,2.2,1.87941176471,0.780836655359,2.2,0.162418300654,0.0576923076923,3,0.00441176470588,0.182878787879,17,17,17,1,0,0.352941176471,0.470588235294,0.176470588235,1,0.00367647058824,-0.00294117647059,0.117647058824,0.0909090909091,-0.131868131868,0.0428779967836,-0.000646429005719,0.00418375031378,0.0672433415445,0.00470745949447,-0.00125512509413,-0.0576356768785,-0.0484994876259,-0.0278637770898,-0.00536091373311,-0.00219881566616,-0.05,-0.00294117647059,-0.00536091373311,-0.05,-0.00392156862745,-0.00353218210361,0,0,-0.00307359307359,0,0.0588235294118,-0.0588235294118,37,1,0,234,1,0.995744680851,0.00425531914894,0,0.973684210526,1,0.986666666667,0.984652666406,0.995744680851,0.973684210526,3,2,0,0,0,0
3240,WLNM_dir_neg,1,0.5,00:00:00,10,80,10,1986366783,threshold_sweep,0.9,0.666666666667,1,0.8,2,1,0,3,1,0.75,0.25,0,0.666666666667,1,0.8,0.833333333333,0.5,0.666666666667,0.707106781187,0.75,37,35,2,0,37,0,35,0,2,17,37,0.136029411765,1.88235294118,4.35294117647,3.36363636364,2.84615384615,1.69341284359,0.389027274878,0.193958664547,2.09866904602,0.964253345467,0.518282988871,1.87867287326,0.863174022847,0.470588235294,0.786197569093,0.41766745858,2.25,1.88235294118,0.786197569093,2.25,0.166339869281,0.0612244897959,3,0.00441176470588,0.185952380952,17,17,17,1,0,0.352941176471,0.411764705882,0.235294117647,17,0.128676470588,1.90196078431,4.11764705882,3.18181818182,2.69230769231,1.57648156274,0.382859808093,0.201680672269,2.01465221053,0.978545359402,0.524369747899,1.74894926439,0.849489642704,0.463865546218,0.814492905316,0.428238537847,2.33333333333,1.90196078431,0.814492905316,2.33333333333,0,0,0,0,0.164242424242,17,17,17,1,0,0.352941176471,0.411764705882,0.235294117647,17,38,0.139705882353,1.87941176471,4.47058823529,3.45454545455,2.71428571429,1.73629084037,0.388380845872,0.198142414861,2.16591238756,0.968960804961,0.517027863777,1.82103719638,0.814674535221,0.442724458204,0.780836655359,0.415468642914,2.2,1.87941176471,0.780836655359,2.2,0.162418300654,0.0576923076923,3,0.00441176470588,0.182878787879,17,17,17,1,0,0.352941176471,0.470588235294,0.176470588235,1,0.00367647058824,-0.00294117647059,0.117647058824,0.0909090909091,-0.131868131868,0.0428779967836,-0.000646429005719,0.00418375031378,0.0672433415445,0.00470745949447,-0.00125512509413,-0.0576356768785,-0.0484994876259,-0.0278637770898,-0.00536091373311,-0.00219881566616,-0.05,-0.00294117647059,-0.00536091373311,-0.05,-0.00392156862745,-0.00353218210361,0,0,-0.00307359307359,0,0.0588235294118,-0.0588235294118,37,1,0,234,1,0.995744680851,0.00425531914894,0,0.973684210526,1,0.986666666667,0.984652666406,0.995744680851,0.973684210526,3,2,0,0,0,0
3241,WLNM_dir_neg,1,0.5,00:00:00,10,80,11,1986366784,threshold_sweep,0.1,1,1,1,2,0,0,4,1,1,0,0,1,1,1,1,0.555555555556,1,1,1,37,35,2,0,37,0,35,0,2,17,37,0.136029411765,1.88235294118,4.35294117647,3.36363636364,2.84615384615,1.69341284359,0.389027274878,0.193958664547,2.09866904602,0.964253345467,0.518282988871,1.87867287326,0.863174022847,0.470588235294,0.786197569093,0.41766745858,2.25,1.88235294118,0.786197569093,2.25,0.166339869281,0.0612244897959,3,0.00441176470588,0.185952380952,17,17,17,1,0,0.352941176471,0.411764705882,0.235294117647,17,0.128676470588,1.90196078431,4.11764705882,3.18181818182,2.69230769231,1.57648156274,0.382859808093,0.201680672269,2.01465221053,0.978545359402,0.524369747899,1.74894926439,0.849489642704,0.463865546218,0.814492905316,0.428238537847,2.33333333333,1.90196078431,0.814492905316,2.33333333333,0,0,0,0,0.164242424242,17,17,17,1,0,0.352941176471,0.411764705882,0.235294117647,17,37,0.136029411765,1.88235294118,4.35294117647,3.36363636364,2.84615384615,1.69341284359,0.389027274878,0.193958664547,2.09866904602,0.964253345467,0.518282988871,1.87867287326,0.863174022847,0.470588235294,0.786197569093,0.41766745858,2.25,1.88235294118,0.786197569093,2.25,0.166339869281,0.0612244897959,3,0.00441176470588,0.185952380952,17,17,17,1,0,0.352941176471,0.411764705882,0.235294117647,0,0,0,0,0,0,0,0,0,0,0,0,0,0,0,0,0,0,0,0,0,0,0,0,0,0,0,0,0,37,0,0,235,1,1,0,0,1,1,1,1,1,1,2,2,0,0,0,0
3242,WLNM_dir_neg,1,0.5,00:00:00,10,80,11,1986366784,threshold_sweep,0.2,1,1,1,2,0,0,4,1,1,0,0,1,1,1,1,0.555555555556,1,1,1,37,35,2,0,37,0,35,0,2,17,37,0.136029411765,1.88235294118,4.35294117647,3.36363636364,2.84615384615,1.69341284359,0.389027274878,0.193958664547,2.09866904602,0.964253345467,0.518282988871,1.87867287326,0.863174022847,0.470588235294,0.786197569093,0.41766745858,2.25,1.88235294118,0.786197569093,2.25,0.166339869281,0.0612244897959,3,0.00441176470588,0.185952380952,17,17,17,1,0,0.352941176471,0.411764705882,0.235294117647,17,0.128676470588,1.90196078431,4.11764705882,3.18181818182,2.69230769231,1.57648156274,0.382859808093,0.201680672269,2.01465221053,0.978545359402,0.524369747899,1.74894926439,0.849489642704,0.463865546218,0.814492905316,0.428238537847,2.33333333333,1.90196078431,0.814492905316,2.33333333333,0,0,0,0,0.164242424242,17,17,17,1,0,0.352941176471,0.411764705882,0.235294117647,17,37,0.136029411765,1.88235294118,4.35294117647,3.36363636364,2.84615384615,1.69341284359,0.389027274878,0.193958664547,2.09866904602,0.964253345467,0.518282988871,1.87867287326,0.863174022847,0.470588235294,0.786197569093,0.41766745858,2.25,1.88235294118,0.786197569093,2.25,0.166339869281,0.0612244897959,3,0.00441176470588,0.185952380952,17,17,17,1,0,0.352941176471,0.411764705882,0.235294117647,0,0,0,0,0,0,0,0,0,0,0,0,0,0,0,0,0,0,0,0,0,0,0,0,0,0,0,0,0,37,0,0,235,1,1,0,0,1,1,1,1,1,1,2,2,0,0,0,0
3243,WLNM_dir_neg,1,0.5,00:00:00,10,80,11,1986366784,threshold_sweep,0.3,1,1,1,2,0,0,4,1,1,0,0,1,1,1,1,0.555555555556,1,1,1,37,35,2,0,37,0,35,0,2,17,37,0.136029411765,1.88235294118,4.35294117647,3.36363636364,2.84615384615,1.69341284359,0.389027274878,0.193958664547,2.09866904602,0.964253345467,0.518282988871,1.87867287326,0.863174022847,0.470588235294,0.786197569093,0.41766745858,2.25,1.88235294118,0.786197569093,2.25,0.166339869281,0.0612244897959,3,0.00441176470588,0.185952380952,17,17,17,1,0,0.352941176471,0.411764705882,0.235294117647,17,0.128676470588,1.90196078431,4.11764705882,3.18181818182,2.69230769231,1.57648156274,0.382859808093,0.201680672269,2.01465221053,0.978545359402,0.524369747899,1.74894926439,0.849489642704,0.463865546218,0.814492905316,0.428238537847,2.33333333333,1.90196078431,0.814492905316,2.33333333333,0,0,0,0,0.164242424242,17,17,17,1,0,0.352941176471,0.411764705882,0.235294117647,17,37,0.136029411765,1.88235294118,4.35294117647,3.36363636364,2.84615384615,1.69341284359,0.389027274878,0.193958664547,2.09866904602,0.964253345467,0.518282988871,1.87867287326,0.863174022847,0.470588235294,0.786197569093,0.41766745858,2.25,1.88235294118,0.786197569093,2.25,0.166339869281,0.0612244897959,3,0.00441176470588,0.185952380952,17,17,17,1,0,0.352941176471,0.411764705882,0.235294117647,0,0,0,0,0,0,0,0,0,0,0,0,0,0,0,0,0,0,0,0,0,0,0,0,0,0,0,0,0,37,0,0,235,1,1,0,0,1,1,1,1,1,1,2,2,0,0,0,0
3244,WLNM_dir_neg,1,0.5,00:00:00,10,80,11,1986366784,threshold_sweep,0.4,1,1,1,2,0,0,4,1,1,0,0,1,1,1,1,0.555555555556,1,1,1,37,35,2,0,37,0,35,0,2,17,37,0.136029411765,1.88235294118,4.35294117647,3.36363636364,2.84615384615,1.69341284359,0.389027274878,0.193958664547,2.09866904602,0.964253345467,0.518282988871,1.87867287326,0.863174022847,0.470588235294,0.786197569093,0.41766745858,2.25,1.88235294118,0.786197569093,2.25,0.166339869281,0.0612244897959,3,0.00441176470588,0.185952380952,17,17,17,1,0,0.352941176471,0.411764705882,0.235294117647,17,0.128676470588,1.90196078431,4.11764705882,3.18181818182,2.69230769231,1.57648156274,0.382859808093,0.201680672269,2.01465221053,0.978545359402,0.524369747899,1.74894926439,0.849489642704,0.463865546218,0.814492905316,0.428238537847,2.33333333333,1.90196078431,0.814492905316,2.33333333333,0,0,0,0,0.164242424242,17,17,17,1,0,0.352941176471,0.411764705882,0.235294117647,17,37,0.136029411765,1.88235294118,4.35294117647,3.36363636364,2.84615384615,1.69341284359,0.389027274878,0.193958664547,2.09866904602,0.964253345467,0.518282988871,1.87867287326,0.863174022847,0.470588235294,0.786197569093,0.41766745858,2.25,1.88235294118,0.786197569093,2.25,0.166339869281,0.0612244897959,3,0.00441176470588,0.185952380952,17,17,17,1,0,0.352941176471,0.411764705882,0.235294117647,0,0,0,0,0,0,0,0,0,0,0,0,0,0,0,0,0,0,0,0,0,0,0,0,0,0,0,0,0,37,0,0,235,1,1,0,0,1,1,1,1,1,1,2,2,0,0,0,0
3245,WLNM_dir_neg,1,0.5,00:00:00,10,80,11,1986366784,threshold_sweep,0.5,1,1,1,2,0,0,4,1,1,0,0,1,1,1,1,0.555555555556,1,1,1,37,35,2,0,37,0,35,0,2,17,37,0.136029411765,1.88235294118,4.35294117647,3.36363636364,2.84615384615,1.69341284359,0.389027274878,0.193958664547,2.09866904602,0.964253345467,0.518282988871,1.87867287326,0.863174022847,0.470588235294,0.786197569093,0.41766745858,2.25,1.88235294118,0.786197569093,2.25,0.166339869281,0.0612244897959,3,0.00441176470588,0.185952380952,17,17,17,1,0,0.352941176471,0.411764705882,0.235294117647,17,0.128676470588,1.90196078431,4.11764705882,3.18181818182,2.69230769231,1.57648156274,0.382859808093,0.201680672269,2.01465221053,0.978545359402,0.524369747899,1.74894926439,0.849489642704,0.463865546218,0.814492905316,0.428238537847,2.33333333333,1.90196078431,0.814492905316,2.33333333333,0,0,0,0,0.164242424242,17,17,17,1,0,0.352941176471,0.411764705882,0.235294117647,17,37,0.136029411765,1.88235294118,4.35294117647,3.36363636364,2.84615384615,1.69341284359,0.389027274878,0.193958664547,2.09866904602,0.964253345467,0.518282988871,1.87867287326,0.863174022847,0.470588235294,0.786197569093,0.41766745858,2.25,1.88235294118,0.786197569093,2.25,0.166339869281,0.0612244897959,3,0.00441176470588,0.185952380952,17,17,17,1,0,0.352941176471,0.411764705882,0.235294117647,0,0,0,0,0,0,0,0,0,0,0,0,0,0,0,0,0,0,0,0,0,0,0,0,0,0,0,0,0,37,0,0,235,1,1,0,0,1,1,1,1,1,1,2,2,0,0,0,0
3246,WLNM_dir_neg,1,0.5,00:00:00,10,80,11,1986366784,threshold_sweep,0.6,1,1,1,2,0,0,4,1,1,0,0,1,1,1,1,0.555555555556,1,1,1,37,35,2,0,37,0,35,0,2,17,37,0.136029411765,1.88235294118,4.35294117647,3.36363636364,2.84615384615,1.69341284359,0.389027274878,0.193958664547,2.09866904602,0.964253345467,0.518282988871,1.87867287326,0.863174022847,0.470588235294,0.786197569093,0.41766745858,2.25,1.88235294118,0.786197569093,2.25,0.166339869281,0.0612244897959,3,0.00441176470588,0.185952380952,17,17,17,1,0,0.352941176471,0.411764705882,0.235294117647,17,0.128676470588,1.90196078431,4.11764705882,3.18181818182,2.69230769231,1.57648156274,0.382859808093,0.201680672269,2.01465221053,0.978545359402,0.524369747899,1.74894926439,0.849489642704,0.463865546218,0.814492905316,0.428238537847,2.33333333333,1.90196078431,0.814492905316,2.33333333333,0,0,0,0,0.164242424242,17,17,17,1,0,0.352941176471,0.411764705882,0.235294117647,17,37,0.136029411765,1.88235294118,4.35294117647,3.36363636364,2.84615384615,1.69341284359,0.389027274878,0.193958664547,2.09866904602,0.964253345467,0.518282988871,1.87867287326,0.863174022847,0.470588235294,0.786197569093,0.41766745858,2.25,1.88235294118,0.786197569093,2.25,0.166339869281,0.0612244897959,3,0.00441176470588,0.185952380952,17,17,17,1,0,0.352941176471,0.411764705882,0.235294117647,0,0,0,0,0,0,0,0,0,0,0,0,0,0,0,0,0,0,0,0,0,0,0,0,0,0,0,0,0,37,0,0,235,1,1,0,0,1,1,1,1,1,1,2,2,0,0,0,0
3247,WLNM_dir_neg,1,0.5,00:00:00,10,80,11,1986366784,threshold_sweep,0.7,1,1,1,2,0,0,4,1,1,0,0,1,1,1,1,0.555555555556,1,1,1,37,35,2,0,37,0,35,0,2,17,37,0.136029411765,1.88235294118,4.35294117647,3.36363636364,2.84615384615,1.69341284359,0.389027274878,0.193958664547,2.09866904602,0.964253345467,0.518282988871,1.87867287326,0.863174022847,0.470588235294,0.786197569093,0.41766745858,2.25,1.88235294118,0.786197569093,2.25,0.166339869281,0.0612244897959,3,0.00441176470588,0.185952380952,17,17,17,1,0,0.352941176471,0.411764705882,0.235294117647,17,0.128676470588,1.90196078431,4.11764705882,3.18181818182,2.69230769231,1.57648156274,0.382859808093,0.201680672269,2.01465221053,0.978545359402,0.524369747899,1.74894926439,0.849489642704,0.463865546218,0.814492905316,0.428238537847,2.33333333333,1.90196078431,0.814492905316,2.33333333333,0,0,0,0,0.164242424242,17,17,17,1,0,0.352941176471,0.411764705882,0.235294117647,17,37,0.136029411765,1.88235294118,4.35294117647,3.36363636364,2.84615384615,1.69341284359,0.389027274878,0.193958664547,2.09866904602,0.964253345467,0.518282988871,1.87867287326,0.863174022847,0.470588235294,0.786197569093,0.41766745858,2.25,1.88235294118,0.786197569093,2.25,0.166339869281,0.0612244897959,3,0.00441176470588,0.185952380952,17,17,17,1,0,0.352941176471,0.411764705882,0.235294117647,0,0,0,0,0,0,0,0,0,0,0,0,0,0,0,0,0,0,0,0,0,0,0,0,0,0,0,0,0,37,0,0,235,1,1,0,0,1,1,1,1,1,1,2,2,0,0,0,0
3248,WLNM_dir_neg,1,0.5,00:00:00,10,80,11,1986366784,threshold_sweep,0.8,1,1,1,2,0,0,4,1,1,0,0,1,1,1,1,0.555555555556,1,1,1,37,35,2,0,37,0,35,0,2,17,37,0.136029411765,1.88235294118,4.35294117647,3.36363636364,2.84615384615,1.69341284359,0.389027274878,0.193958664547,2.09866904602,0.964253345467,0.518282988871,1.87867287326,0.863174022847,0.470588235294,0.786197569093,0.41766745858,2.25,1.88235294118,0.786197569093,2.25,0.166339869281,0.0612244897959,3,0.00441176470588,0.185952380952,17,17,17,1,0,0.352941176471,0.411764705882,0.235294117647,17,0.128676470588,1.90196078431,4.11764705882,3.18181818182,2.69230769231,1.57648156274,0.382859808093,0.201680672269,2.01465221053,0.978545359402,0.524369747899,1.74894926439,0.849489642704,0.463865546218,0.814492905316,0.428238537847,2.33333333333,1.90196078431,0.814492905316,2.33333333333,0,0,0,0,0.164242424242,17,17,17,1,0,0.352941176471,0.411764705882,0.235294117647,17,37,0.136029411765,1.88235294118,4.35294117647,3.36363636364,2.84615384615,1.69341284359,0.389027274878,0.193958664547,2.09866904602,0.964253345467,0.518282988871,1.87867287326,0.863174022847,0.470588235294,0.786197569093,0.41766745858,2.25,1.88235294118,0.786197569093,2.25,0.166339869281,0.0612244897959,3,0.00441176470588,0.185952380952,17,17,17,1,0,0.352941176471,0.411764705882,0.235294117647,0,0,0,0,0,0,0,0,0,0,0,0,0,0,0,0,0,0,0,0,0,0,0,0,0,0,0,0,0,37,0,0,235,1,1,0,0,1,1,1,1,1,1,2,2,0,0,0,0
3249,WLNM_dir_neg,1,0.5,00:00:00,10,80,11,1986366784,threshold_sweep,0.9,1,1,1,2,0,0,4,1,1,0,0,1,1,1,1,0.555555555556,1,1,1,37,35,2,0,37,0,35,0,2,17,37,0.136029411765,1.88235294118,4.35294117647,3.36363636364,2.84615384615,1.69341284359,0.389027274878,0.193958664547,2.09866904602,0.964253345467,0.518282988871,1.87867287326,0.863174022847,0.470588235294,0.786197569093,0.41766745858,2.25,1.88235294118,0.786197569093,2.25,0.166339869281,0.0612244897959,3,0.00441176470588,0.185952380952,17,17,17,1,0,0.352941176471,0.411764705882,0.235294117647,17,0.128676470588,1.90196078431,4.11764705882,3.18181818182,2.69230769231,1.57648156274,0.382859808093,0.201680672269,2.01465221053,0.978545359402,0.524369747899,1.74894926439,0.849489642704,0.463865546218,0.814492905316,0.428238537847,2.33333333333,1.90196078431,0.814492905316,2.33333333333,0,0,0,0,0.164242424242,17,17,17,1,0,0.352941176471,0.411764705882,0.235294117647,17,37,0.136029411765,1.88235294118,4.35294117647,3.36363636364,2.84615384615,1.69341284359,0.389027274878,0.193958664547,2.09866904602,0.964253345467,0.518282988871,1.87867287326,0.863174022847,0.470588235294,0.786197569093,0.41766745858,2.25,1.88235294118,0.786197569093,2.25,0.166339869281,0.0612244897959,3,0.00441176470588,0.185952380952,17,17,17,1,0,0.352941176471,0.411764705882,0.235294117647,0,0,0,0,0,0,0,0,0,0,0,0,0,0,0,0,0,0,0,0,0,0,0,0,0,0,0,0,0,37,0,0,235,1,1,0,0,1,1,1,1,1,1,2,2,0,0,0,0
3250,WLNM_dir_neg,1,0.5,00:00:00,10,80,12,1986366785,threshold_sweep,0.1,1,1,1,2,0,0,4,1,1,0,0,1,1,1,1,0.555555555556,1,1,1,37,35,2,0,37,0,35,0,2,17,37,0.136029411765,1.88235294118,4.35294117647,3.36363636364,2.84615384615,1.69341284359,0.389027274878,0.193958664547,2.09866904602,0.964253345467,0.518282988871,1.87867287326,0.863174022847,0.470588235294,0.786197569093,0.41766745858,2.25,1.88235294118,0.786197569093,2.25,0.166339869281,0.0612244897959,3,0.00441176470588,0.185952380952,17,17,17,1,0,0.352941176471,0.411764705882,0.235294117647,17,0.128676470588,1.90196078431,4.11764705882,3.18181818182,2.69230769231,1.57648156274,0.382859808093,0.201680672269,2.01465221053,0.978545359402,0.524369747899,1.74894926439,0.849489642704,0.463865546218,0.814492905316,0.428238537847,2.33333333333,1.90196078431,0.814492905316,2.33333333333,0,0,0,0,0.164242424242,17,17,17,1,0,0.352941176471,0.411764705882,0.235294117647,17,37,0.136029411765,1.88235294118,4.35294117647,3.36363636364,2.84615384615,1.69341284359,0.389027274878,0.193958664547,2.09866904602,0.964253345467,0.518282988871,1.87867287326,0.863174022847,0.470588235294,0.786197569093,0.41766745858,2.25,1.88235294118,0.786197569093,2.25,0.166339869281,0.0612244897959,3,0.00441176470588,0.185952380952,17,17,17,1,0,0.352941176471,0.411764705882,0.235294117647,0,0,0,0,0,0,0,0,0,0,0,0,0,0,0,0,0,0,0,0,0,0,0,0,0,0,0,0,0,37,0,0,235,1,1,0,0,1,1,1,1,1,1,2,2,0,0,0,0
3251,WLNM_dir_neg,1,0.5,00:00:00,10,80,12,1986366785,threshold_sweep,0.2,1,1,1,2,0,0,4,1,1,0,0,1,1,1,1,0.555555555556,1,1,1,37,35,2,0,37,0,35,0,2,17,37,0.136029411765,1.88235294118,4.35294117647,3.36363636364,2.84615384615,1.69341284359,0.389027274878,0.193958664547,2.09866904602,0.964253345467,0.518282988871,1.87867287326,0.863174022847,0.470588235294,0.786197569093,0.41766745858,2.25,1.88235294118,0.786197569093,2.25,0.166339869281,0.0612244897959,3,0.00441176470588,0.185952380952,17,17,17,1,0,0.352941176471,0.411764705882,0.235294117647,17,0.128676470588,1.90196078431,4.11764705882,3.18181818182,2.69230769231,1.57648156274,0.382859808093,0.201680672269,2.01465221053,0.978545359402,0.524369747899,1.74894926439,0.849489642704,0.463865546218,0.814492905316,0.428238537847,2.33333333333,1.90196078431,0.814492905316,2.33333333333,0,0,0,0,0.164242424242,17,17,17,1,0,0.352941176471,0.411764705882,0.235294117647,17,37,0.136029411765,1.88235294118,4.35294117647,3.36363636364,2.84615384615,1.69341284359,0.389027274878,0.193958664547,2.09866904602,0.964253345467,0.518282988871,1.87867287326,0.863174022847,0.470588235294,0.786197569093,0.41766745858,2.25,1.88235294118,0.786197569093,2.25,0.166339869281,0.0612244897959,3,0.00441176470588,0.185952380952,17,17,17,1,0,0.352941176471,0.411764705882,0.235294117647,0,0,0,0,0,0,0,0,0,0,0,0,0,0,0,0,0,0,0,0,0,0,0,0,0,0,0,0,0,37,0,0,235,1,1,0,0,1,1,1,1,1,1,2,2,0,0,0,0
3252,WLNM_dir_neg,1,0.5,00:00:00,10,80,12,1986366785,threshold_sweep,0.3,1,1,1,2,0,0,4,1,1,0,0,1,1,1,1,0.555555555556,1,1,1,37,35,2,0,37,0,35,0,2,17,37,0.136029411765,1.88235294118,4.35294117647,3.36363636364,2.84615384615,1.69341284359,0.389027274878,0.193958664547,2.09866904602,0.964253345467,0.518282988871,1.87867287326,0.863174022847,0.470588235294,0.786197569093,0.41766745858,2.25,1.88235294118,0.786197569093,2.25,0.166339869281,0.0612244897959,3,0.00441176470588,0.185952380952,17,17,17,1,0,0.352941176471,0.411764705882,0.235294117647,17,0.128676470588,1.90196078431,4.11764705882,3.18181818182,2.69230769231,1.57648156274,0.382859808093,0.201680672269,2.01465221053,0.978545359402,0.524369747899,1.74894926439,0.849489642704,0.463865546218,0.814492905316,0.428238537847,2.33333333333,1.90196078431,0.814492905316,2.33333333333,0,0,0,0,0.164242424242,17,17,17,1,0,0.352941176471,0.411764705882,0.235294117647,17,37,0.136029411765,1.88235294118,4.35294117647,3.36363636364,2.84615384615,1.69341284359,0.389027274878,0.193958664547,2.09866904602,0.964253345467,0.518282988871,1.87867287326,0.863174022847,0.470588235294,0.786197569093,0.41766745858,2.25,1.88235294118,0.786197569093,2.25,0.166339869281,0.0612244897959,3,0.00441176470588,0.185952380952,17,17,17,1,0,0.352941176471,0.411764705882,0.235294117647,0,0,0,0,0,0,0,0,0,0,0,0,0,0,0,0,0,0,0,0,0,0,0,0,0,0,0,0,0,37,0,0,235,1,1,0,0,1,1,1,1,1,1,2,2,0,0,0,0
3253,WLNM_dir_neg,1,0.5,00:00:00,10,80,12,1986366785,threshold_sweep,0.4,1,1,1,2,0,0,4,1,1,0,0,1,1,1,1,0.555555555556,1,1,1,37,35,2,0,37,0,35,0,2,17,37,0.136029411765,1.88235294118,4.35294117647,3.36363636364,2.84615384615,1.69341284359,0.389027274878,0.193958664547,2.09866904602,0.964253345467,0.518282988871,1.87867287326,0.863174022847,0.470588235294,0.786197569093,0.41766745858,2.25,1.88235294118,0.786197569093,2.25,0.166339869281,0.0612244897959,3,0.00441176470588,0.185952380952,17,17,17,1,0,0.352941176471,0.411764705882,0.235294117647,17,0.128676470588,1.90196078431,4.11764705882,3.18181818182,2.69230769231,1.57648156274,0.382859808093,0.201680672269,2.01465221053,0.978545359402,0.524369747899,1.74894926439,0.849489642704,0.463865546218,0.814492905316,0.428238537847,2.33333333333,1.90196078431,0.814492905316,2.33333333333,0,0,0,0,0.164242424242,17,17,17,1,0,0.352941176471,0.411764705882,0.235294117647,17,37,0.136029411765,1.88235294118,4.35294117647,3.36363636364,2.84615384615,1.69341284359,0.389027274878,0.193958664547,2.09866904602,0.964253345467,0.518282988871,1.87867287326,0.863174022847,0.470588235294,0.786197569093,0.41766745858,2.25,1.88235294118,0.786197569093,2.25,0.166339869281,0.0612244897959,3,0.00441176470588,0.185952380952,17,17,17,1,0,0.352941176471,0.411764705882,0.235294117647,0,0,0,0,0,0,0,0,0,0,0,0,0,0,0,0,0,0,0,0,0,0,0,0,0,0,0,0,0,37,0,0,235,1,1,0,0,1,1,1,1,1,1,2,2,0,0,0,0
3254,WLNM_dir_neg,1,0.5,00:00:00,10,80,12,1986366785,threshold_sweep,0.5,1,1,1,2,0,0,4,1,1,0,0,1,1,1,1,0.555555555556,1,1,1,37,35,2,0,37,0,35,0,2,17,37,0.136029411765,1.88235294118,4.35294117647,3.36363636364,2.84615384615,1.69341284359,0.389027274878,0.193958664547,2.09866904602,0.964253345467,0.518282988871,1.87867287326,0.863174022847,0.470588235294,0.786197569093,0.41766745858,2.25,1.88235294118,0.786197569093,2.25,0.166339869281,0.0612244897959,3,0.00441176470588,0.185952380952,17,17,17,1,0,0.352941176471,0.411764705882,0.235294117647,17,0.128676470588,1.90196078431,4.11764705882,3.18181818182,2.69230769231,1.57648156274,0.382859808093,0.201680672269,2.01465221053,0.978545359402,0.524369747899,1.74894926439,0.849489642704,0.463865546218,0.814492905316,0.428238537847,2.33333333333,1.90196078431,0.814492905316,2.33333333333,0,0,0,0,0.164242424242,17,17,17,1,0,0.352941176471,0.411764705882,0.235294117647,17,37,0.136029411765,1.88235294118,4.35294117647,3.36363636364,2.84615384615,1.69341284359,0.389027274878,0.193958664547,2.09866904602,0.964253345467,0.518282988871,1.87867287326,0.863174022847,0.470588235294,0.786197569093,0.41766745858,2.25,1.88235294118,0.786197569093,2.25,0.166339869281,0.0612244897959,3,0.00441176470588,0.185952380952,17,17,17,1,0,0.352941176471,0.411764705882,0.235294117647,0,0,0,0,0,0,0,0,0,0,0,0,0,0,0,0,0,0,0,0,0,0,0,0,0,0,0,0,0,37,0,0,235,1,1,0,0,1,1,1,1,1,1,2,2,0,0,0,0
3255,WLNM_dir_neg,1,0.5,00:00:00,10,80,12,1986366785,threshold_sweep,0.6,1,1,1,2,0,0,4,1,1,0,0,1,1,1,1,0.555555555556,1,1,1,37,35,2,0,37,0,35,0,2,17,37,0.136029411765,1.88235294118,4.35294117647,3.36363636364,2.84615384615,1.69341284359,0.389027274878,0.193958664547,2.09866904602,0.964253345467,0.518282988871,1.87867287326,0.863174022847,0.470588235294,0.786197569093,0.41766745858,2.25,1.88235294118,0.786197569093,2.25,0.166339869281,0.0612244897959,3,0.00441176470588,0.185952380952,17,17,17,1,0,0.352941176471,0.411764705882,0.235294117647,17,0.128676470588,1.90196078431,4.11764705882,3.18181818182,2.69230769231,1.57648156274,0.382859808093,0.201680672269,2.01465221053,0.978545359402,0.524369747899,1.74894926439,0.849489642704,0.463865546218,0.814492905316,0.428238537847,2.33333333333,1.90196078431,0.814492905316,2.33333333333,0,0,0,0,0.164242424242,17,17,17,1,0,0.352941176471,0.411764705882,0.235294117647,17,37,0.136029411765,1.88235294118,4.35294117647,3.36363636364,2.84615384615,1.69341284359,0.389027274878,0.193958664547,2.09866904602,0.964253345467,0.518282988871,1.87867287326,0.863174022847,0.470588235294,0.786197569093,0.41766745858,2.25,1.88235294118,0.786197569093,2.25,0.166339869281,0.0612244897959,3,0.00441176470588,0.185952380952,17,17,17,1,0,0.352941176471,0.411764705882,0.235294117647,0,0,0,0,0,0,0,0,0,0,0,0,0,0,0,0,0,0,0,0,0,0,0,0,0,0,0,0,0,37,0,0,235,1,1,0,0,1,1,1,1,1,1,2,2,0,0,0,0
3256,WLNM_dir_neg,1,0.5,00:00:00,10,80,12,1986366785,threshold_sweep,0.7,1,1,1,2,0,0,4,1,1,0,0,1,1,1,1,0.555555555556,1,1,1,37,35,2,0,37,0,35,0,2,17,37,0.136029411765,1.88235294118,4.35294117647,3.36363636364,2.84615384615,1.69341284359,0.389027274878,0.193958664547,2.09866904602,0.964253345467,0.518282988871,1.87867287326,0.863174022847,0.470588235294,0.786197569093,0.41766745858,2.25,1.88235294118,0.786197569093,2.25,0.166339869281,0.0612244897959,3,0.00441176470588,0.185952380952,17,17,17,1,0,0.352941176471,0.411764705882,0.235294117647,17,0.128676470588,1.90196078431,4.11764705882,3.18181818182,2.69230769231,1.57648156274,0.382859808093,0.201680672269,2.01465221053,0.978545359402,0.524369747899,1.74894926439,0.849489642704,0.463865546218,0.814492905316,0.428238537847,2.33333333333,1.90196078431,0.814492905316,2.33333333333,0,0,0,0,0.164242424242,17,17,17,1,0,0.352941176471,0.411764705882,0.235294117647,17,37,0.136029411765,1.88235294118,4.35294117647,3.36363636364,2.84615384615,1.69341284359,0.389027274878,0.193958664547,2.09866904602,0.964253345467,0.518282988871,1.87867287326,0.863174022847,0.470588235294,0.786197569093,0.41766745858,2.25,1.88235294118,0.786197569093,2.25,0.166339869281,0.0612244897959,3,0.00441176470588,0.185952380952,17,17,17,1,0,0.352941176471,0.411764705882,0.235294117647,0,0,0,0,0,0,0,0,0,0,0,0,0,0,0,0,0,0,0,0,0,0,0,0,0,0,0,0,0,37,0,0,235,1,1,0,0,1,1,1,1,1,1,2,2,0,0,0,0
3257,WLNM_dir_neg,1,0.5,00:00:00,10,80,12,1986366785,threshold_sweep,0.8,1,1,1,2,0,0,4,1,1,0,0,1,1,1,1,0.555555555556,1,1,1,37,35,2,0,37,0,35,0,2,17,37,0.136029411765,1.88235294118,4.35294117647,3.36363636364,2.84615384615,1.69341284359,0.389027274878,0.193958664547,2.09866904602,0.964253345467,0.518282988871,1.87867287326,0.863174022847,0.470588235294,0.786197569093,0.41766745858,2.25,1.88235294118,0.786197569093,2.25,0.166339869281,0.0612244897959,3,0.00441176470588,0.185952380952,17,17,17,1,0,0.352941176471,0.411764705882,0.235294117647,17,0.128676470588,1.90196078431,4.11764705882,3.18181818182,2.69230769231,1.57648156274,0.382859808093,0.201680672269,2.01465221053,0.978545359402,0.524369747899,1.74894926439,0.849489642704,0.463865546218,0.814492905316,0.428238537847,2.33333333333,1.90196078431,0.814492905316,2.33333333333,0,0,0,0,0.164242424242,17,17,17,1,0,0.352941176471,0.411764705882,0.235294117647,17,37,0.136029411765,1.88235294118,4.35294117647,3.36363636364,2.84615384615,1.69341284359,0.389027274878,0.193958664547,2.09866904602,0.964253345467,0.518282988871,1.87867287326,0.863174022847,0.470588235294,0.786197569093,0.41766745858,2.25,1.88235294118,0.786197569093,2.25,0.166339869281,0.0612244897959,3,0.00441176470588,0.185952380952,17,17,17,1,0,0.352941176471,0.411764705882,0.235294117647,0,0,0,0,0,0,0,0,0,0,0,0,0,0,0,0,0,0,0,0,0,0,0,0,0,0,0,0,0,37,0,0,235,1,1,0,0,1,1,1,1,1,1,2,2,0,0,0,0
3258,WLNM_dir_neg,1,0.5,00:00:00,10,80,12,1986366785,threshold_sweep,0.9,1,1,1,2,0,0,4,1,1,0,0,1,1,1,1,0.555555555556,1,1,1,37,35,2,0,37,0,35,0,2,17,37,0.136029411765,1.88235294118,4.35294117647,3.36363636364,2.84615384615,1.69341284359,0.389027274878,0.193958664547,2.09866904602,0.964253345467,0.518282988871,1.87867287326,0.863174022847,0.470588235294,0.786197569093,0.41766745858,2.25,1.88235294118,0.786197569093,2.25,0.166339869281,0.0612244897959,3,0.00441176470588,0.185952380952,17,17,17,1,0,0.352941176471,0.411764705882,0.235294117647,17,0.128676470588,1.90196078431,4.11764705882,3.18181818182,2.69230769231,1.57648156274,0.382859808093,0.201680672269,2.01465221053,0.978545359402,0.524369747899,1.74894926439,0.849489642704,0.463865546218,0.814492905316,0.428238537847,2.33333333333,1.90196078431,0.814492905316,2.33333333333,0,0,0,0,0.164242424242,17,17,17,1,0,0.352941176471,0.411764705882,0.235294117647,17,37,0.136029411765,1.88235294118,4.35294117647,3.36363636364,2.84615384615,1.69341284359,0.389027274878,0.193958664547,2.09866904602,0.964253345467,0.518282988871,1.87867287326,0.863174022847,0.470588235294,0.786197569093,0.41766745858,2.25,1.88235294118,0.786197569093,2.25,0.166339869281,0.0612244897959,3,0.00441176470588,0.185952380952,17,17,17,1,0,0.352941176471,0.411764705882,0.235294117647,0,0,0,0,0,0,0,0,0,0,0,0,0,0,0,0,0,0,0,0,0,0,0,0,0,0,0,0,0,37,0,0,235,1,1,0,0,1,1,1,1,1,1,2,2,0,0,0,0
3259,WLNM_dir_neg,0.875,0.291666666667,00:00:00,10,80,13,1986366786,threshold_sweep,0.1,0.5,1,0.666666666667,2,2,0,2,1,0.5,0.5,0,0.5,1,0.666666666667,0.666666666667,0.444444444444,0.4,0.5,0.5,37,35,2,0,37,0,35,0,2,17,37,0.136029411765,1.88235294118,4.35294117647,3.36363636364,2.84615384615,1.69341284359,0.389027274878,0.193958664547,2.09866904602,0.964253345467,0.518282988871,1.87867287326,0.863174022847,0.470588235294,0.786197569093,0.41766745858,2.25,1.88235294118,0.786197569093,2.25,0.166339869281,0.0612244897959,3,0.00441176470588,0.185952380952,17,17,17,1,0,0.352941176471,0.411764705882,0.235294117647,17,0.128676470588,1.90196078431,4.11764705882,3.18181818182,2.69230769231,1.57648156274,0.382859808093,0.201680672269,2.01465221053,0.978545359402,0.524369747899,1.74894926439,0.849489642704,0.463865546218,0.814492905316,0.428238537847,2.33333333333,1.90196078431,0.814492905316,2.33333333333,0,0,0,0,0.164242424242,17,17,17,1,0,0.352941176471,0.411764705882,0.235294117647,17,39,0.143382352941,2.22647058824,4.58823529412,3,3,1.66052791039,0.361909929187,0.184012066365,1.99263349247,0.868583830049,0.470588235294,2.02375597227,0.882150039194,0.47963800905,0.87394894857,0.39252660834,2.6,2.22647058824,0.87394894857,2.6,0.16045751634,0.0555555555556,3,0.00441176470588,0.171504884005,17,17,17,1,0,0.235294117647,0.529411764706,0.235294117647,2,0.00735294117647,0.344117647059,0.235294117647,-0.363636363636,0.153846153846,-0.0328849331988,-0.0271173456909,-0.00994659818189,-0.106035553551,-0.0956695154179,-0.0476947535771,0.145083099013,0.018976016347,0.00904977375566,0.087751379477,-0.0251408502401,0.35,0.344117647059,0.087751379477,0.35,-0.00588235294118,-0.00566893424036,0,0,-0.0144474969475,-0.117647058824,0.117647058824,0,37,2,0,233,1,0.991489361702,0.00851063829787,0,0.948717948718,1,0.973684210526,0.969867905134,0.991489361702,0.948717948718,4,2,0,0,0,0
3260,WLNM_dir_neg,0.875,0.291666666667,00:00:00,10,80,13,1986366786,threshold_sweep,0.2,0.5,1,0.666666666667,2,2,0,2,1,0.5,0.5,0,0.5,1,0.666666666667,0.666666666667,0.444444444444,0.4,0.5,0.5,37,35,2,0,37,0,35,0,2,17,37,0.136029411765,1.88235294118,4.35294117647,3.36363636364,2.84615384615,1.69341284359,0.389027274878,0.193958664547,2.09866904602,0.964253345467,0.518282988871,1.87867287326,0.863174022847,0.470588235294,0.786197569093,0.41766745858,2.25,1.88235294118,0.786197569093,2.25,0.166339869281,0.0612244897959,3,0.00441176470588,0.185952380952,17,17,17,1,0,0.352941176471,0.411764705882,0.235294117647,17,0.128676470588,1.90196078431,4.11764705882,3.18181818182,2.69230769231,1.57648156274,0.382859808093,0.201680672269,2.01465221053,0.978545359402,0.524369747899,1.74894926439,0.849489642704,0.463865546218,0.814492905316,0.428238537847,2.33333333333,1.90196078431,0.814492905316,2.33333333333,0,0,0,0,0.164242424242,17,17,17,1,0,0.352941176471,0.411764705882,0.235294117647,17,39,0.143382352941,2.22647058824,4.58823529412,3,3,1.66052791039,0.361909929187,0.184012066365,1.99263349247,0.868583830049,0.470588235294,2.02375597227,0.882150039194,0.47963800905,0.87394894857,0.39252660834,2.6,2.22647058824,0.87394894857,2.6,0.16045751634,0.0555555555556,3,0.00441176470588,0.171504884005,17,17,17,1,0,0.235294117647,0.529411764706,0.235294117647,2,0.00735294117647,0.344117647059,0.235294117647,-0.363636363636,0.153846153846,-0.0328849331988,-0.0271173456909,-0.00994659818189,-0.106035553551,-0.0956695154179,-0.0476947535771,0.145083099013,0.018976016347,0.00904977375566,0.087751379477,-0.0251408502401,0.35,0.344117647059,0.087751379477,0.35,-0.00588235294118,-0.00566893424036,0,0,-0.0144474969475,-0.117647058824,0.117647058824,0,37,2,0,233,1,0.991489361702,0.00851063829787,0,0.948717948718,1,0.973684210526,0.969867905134,0.991489361702,0.948717948718,4,2,0,0,0,0
3261,WLNM_dir_neg,0.875,0.291666666667,00:00:00,10,80,13,1986366786,threshold_sweep,0.3,0.5,1,0.666666666667,2,2,0,2,1,0.5,0.5,0,0.5,1,0.666666666667,0.666666666667,0.444444444444,0.4,0.5,0.5,37,35,2,0,37,0,35,0,2,17,37,0.136029411765,1.88235294118,4.35294117647,3.36363636364,2.84615384615,1.69341284359,0.389027274878,0.193958664547,2.09866904602,0.964253345467,0.518282988871,1.87867287326,0.863174022847,0.470588235294,0.786197569093,0.41766745858,2.25,1.88235294118,0.786197569093,2.25,0.166339869281,0.0612244897959,3,0.00441176470588,0.185952380952,17,17,17,1,0,0.352941176471,0.411764705882,0.235294117647,17,0.128676470588,1.90196078431,4.11764705882,3.18181818182,2.69230769231,1.57648156274,0.382859808093,0.201680672269,2.01465221053,0.978545359402,0.524369747899,1.74894926439,0.849489642704,0.463865546218,0.814492905316,0.428238537847,2.33333333333,1.90196078431,0.814492905316,2.33333333333,0,0,0,0,0.164242424242,17,17,17,1,0,0.352941176471,0.411764705882,0.235294117647,17,39,0.143382352941,2.22647058824,4.58823529412,3,3,1.66052791039,0.361909929187,0.184012066365,1.99263349247,0.868583830049,0.470588235294,2.02375597227,0.882150039194,0.47963800905,0.87394894857,0.39252660834,2.6,2.22647058824,0.87394894857,2.6,0.16045751634,0.0555555555556,3,0.00441176470588,0.171504884005,17,17,17,1,0,0.235294117647,0.529411764706,0.235294117647,2,0.00735294117647,0.344117647059,0.235294117647,-0.363636363636,0.153846153846,-0.0328849331988,-0.0271173456909,-0.00994659818189,-0.106035553551,-0.0956695154179,-0.0476947535771,0.145083099013,0.018976016347,0.00904977375566,0.087751379477,-0.0251408502401,0.35,0.344117647059,0.087751379477,0.35,-0.00588235294118,-0.00566893424036,0,0,-0.0144474969475,-0.117647058824,0.117647058824,0,37,2,0,233,1,0.991489361702,0.00851063829787,0,0.948717948718,1,0.973684210526,0.969867905134,0.991489361702,0.948717948718,4,2,0,0,0,0
3262,WLNM_dir_neg,0.875,0.291666666667,00:00:00,10,80,13,1986366786,threshold_sweep,0.4,0.5,1,0.666666666667,2,2,0,2,1,0.5,0.5,0,0.5,1,0.666666666667,0.666666666667,0.444444444444,0.4,0.5,0.5,37,35,2,0,37,0,35,0,2,17,37,0.136029411765,1.88235294118,4.35294117647,3.36363636364,2.84615384615,1.69341284359,0.389027274878,0.193958664547,2.09866904602,0.964253345467,0.518282988871,1.87867287326,0.863174022847,0.470588235294,0.786197569093,0.41766745858,2.25,1.88235294118,0.786197569093,2.25,0.166339869281,0.0612244897959,3,0.00441176470588,0.185952380952,17,17,17,1,0,0.352941176471,0.411764705882,0.235294117647,17,0.128676470588,1.90196078431,4.11764705882,3.18181818182,2.69230769231,1.57648156274,0.382859808093,0.201680672269,2.01465221053,0.978545359402,0.524369747899,1.74894926439,0.849489642704,0.463865546218,0.814492905316,0.428238537847,2.33333333333,1.90196078431,0.814492905316,2.33333333333,0,0,0,0,0.164242424242,17,17,17,1,0,0.352941176471,0.411764705882,0.235294117647,17,39,0.143382352941,2.22647058824,4.58823529412,3,3,1.66052791039,0.361909929187,0.184012066365,1.99263349247,0.868583830049,0.470588235294,2.02375597227,0.882150039194,0.47963800905,0.87394894857,0.39252660834,2.6,2.22647058824,0.87394894857,2.6,0.16045751634,0.0555555555556,3,0.00441176470588,0.171504884005,17,17,17,1,0,0.235294117647,0.529411764706,0.235294117647,2,0.00735294117647,0.344117647059,0.235294117647,-0.363636363636,0.153846153846,-0.0328849331988,-0.0271173456909,-0.00994659818189,-0.106035553551,-0.0956695154179,-0.0476947535771,0.145083099013,0.018976016347,0.00904977375566,0.087751379477,-0.0251408502401,0.35,0.344117647059,0.087751379477,0.35,-0.00588235294118,-0.00566893424036,0,0,-0.0144474969475,-0.117647058824,0.117647058824,0,37,2,0,233,1,0.991489361702,0.00851063829787,0,0.948717948718,1,0.973684210526,0.969867905134,0.991489361702,0.948717948718,4,2,0,0,0,0
3263,WLNM_dir_neg,0.875,0.291666666667,00:00:00,10,80,13,1986366786,threshold_sweep,0.5,0.5,1,0.666666666667,2,2,0,2,1,0.5,0.5,0,0.5,1,0.666666666667,0.666666666667,0.444444444444,0.4,0.5,0.5,37,35,2,0,37,0,35,0,2,17,37,0.136029411765,1.88235294118,4.35294117647,3.36363636364,2.84615384615,1.69341284359,0.389027274878,0.193958664547,2.09866904602,0.964253345467,0.518282988871,1.87867287326,0.863174022847,0.470588235294,0.786197569093,0.41766745858,2.25,1.88235294118,0.786197569093,2.25,0.166339869281,0.0612244897959,3,0.00441176470588,0.185952380952,17,17,17,1,0,0.352941176471,0.411764705882,0.235294117647,17,0.128676470588,1.90196078431,4.11764705882,3.18181818182,2.69230769231,1.57648156274,0.382859808093,0.201680672269,2.01465221053,0.978545359402,0.524369747899,1.74894926439,0.849489642704,0.463865546218,0.814492905316,0.428238537847,2.33333333333,1.90196078431,0.814492905316,2.33333333333,0,0,0,0,0.164242424242,17,17,17,1,0,0.352941176471,0.411764705882,0.235294117647,17,39,0.143382352941,2.22647058824,4.58823529412,3,3,1.66052791039,0.361909929187,0.184012066365,1.99263349247,0.868583830049,0.470588235294,2.02375597227,0.882150039194,0.47963800905,0.87394894857,0.39252660834,2.6,2.22647058824,0.87394894857,2.6,0.16045751634,0.0555555555556,3,0.00441176470588,0.171504884005,17,17,17,1,0,0.235294117647,0.529411764706,0.235294117647,2,0.00735294117647,0.344117647059,0.235294117647,-0.363636363636,0.153846153846,-0.0328849331988,-0.0271173456909,-0.00994659818189,-0.106035553551,-0.0956695154179,-0.0476947535771,0.145083099013,0.018976016347,0.00904977375566,0.087751379477,-0.0251408502401,0.35,0.344117647059,0.087751379477,0.35,-0.00588235294118,-0.00566893424036,0,0,-0.0144474969475,-0.117647058824,0.117647058824,0,37,2,0,233,1,0.991489361702,0.00851063829787,0,0.948717948718,1,0.973684210526,0.969867905134,0.991489361702,0.948717948718,4,2,0,0,0,0
3264,WLNM_dir_neg,0.875,0.291666666667,00:00:00,10,80,13,1986366786,threshold_sweep,0.6,0.5,1,0.666666666667,2,2,0,2,1,0.5,0.5,0,0.5,1,0.666666666667,0.666666666667,0.444444444444,0.4,0.5,0.5,37,35,2,0,37,0,35,0,2,17,37,0.136029411765,1.88235294118,4.35294117647,3.36363636364,2.84615384615,1.69341284359,0.389027274878,0.193958664547,2.09866904602,0.964253345467,0.518282988871,1.87867287326,0.863174022847,0.470588235294,0.786197569093,0.41766745858,2.25,1.88235294118,0.786197569093,2.25,0.166339869281,0.0612244897959,3,0.00441176470588,0.185952380952,17,17,17,1,0,0.352941176471,0.411764705882,0.235294117647,17,0.128676470588,1.90196078431,4.11764705882,3.18181818182,2.69230769231,1.57648156274,0.382859808093,0.201680672269,2.01465221053,0.978545359402,0.524369747899,1.74894926439,0.849489642704,0.463865546218,0.814492905316,0.428238537847,2.33333333333,1.90196078431,0.814492905316,2.33333333333,0,0,0,0,0.164242424242,17,17,17,1,0,0.352941176471,0.411764705882,0.235294117647,17,39,0.143382352941,2.22647058824,4.58823529412,3,3,1.66052791039,0.361909929187,0.184012066365,1.99263349247,0.868583830049,0.470588235294,2.02375597227,0.882150039194,0.47963800905,0.87394894857,0.39252660834,2.6,2.22647058824,0.87394894857,2.6,0.16045751634,0.0555555555556,3,0.00441176470588,0.171504884005,17,17,17,1,0,0.235294117647,0.529411764706,0.235294117647,2,0.00735294117647,0.344117647059,0.235294117647,-0.363636363636,0.153846153846,-0.0328849331988,-0.0271173456909,-0.00994659818189,-0.106035553551,-0.0956695154179,-0.0476947535771,0.145083099013,0.018976016347,0.00904977375566,0.087751379477,-0.0251408502401,0.35,0.344117647059,0.087751379477,0.35,-0.00588235294118,-0.00566893424036,0,0,-0.0144474969475,-0.117647058824,0.117647058824,0,37,2,0,233,1,0.991489361702,0.00851063829787,0,0.948717948718,1,0.973684210526,0.969867905134,0.991489361702,0.948717948718,4,2,0,0,0,0
3265,WLNM_dir_neg,0.875,0.291666666667,00:00:00,10,80,13,1986366786,threshold_sweep,0.7,0.5,1,0.666666666667,2,2,0,2,1,0.5,0.5,0,0.5,1,0.666666666667,0.666666666667,0.444444444444,0.4,0.5,0.5,37,35,2,0,37,0,35,0,2,17,37,0.136029411765,1.88235294118,4.35294117647,3.36363636364,2.84615384615,1.69341284359,0.389027274878,0.193958664547,2.09866904602,0.964253345467,0.518282988871,1.87867287326,0.863174022847,0.470588235294,0.786197569093,0.41766745858,2.25,1.88235294118,0.786197569093,2.25,0.166339869281,0.0612244897959,3,0.00441176470588,0.185952380952,17,17,17,1,0,0.352941176471,0.411764705882,0.235294117647,17,0.128676470588,1.90196078431,4.11764705882,3.18181818182,2.69230769231,1.57648156274,0.382859808093,0.201680672269,2.01465221053,0.978545359402,0.524369747899,1.74894926439,0.849489642704,0.463865546218,0.814492905316,0.428238537847,2.33333333333,1.90196078431,0.814492905316,2.33333333333,0,0,0,0,0.164242424242,17,17,17,1,0,0.352941176471,0.411764705882,0.235294117647,17,39,0.143382352941,2.22647058824,4.58823529412,3,3,1.66052791039,0.361909929187,0.184012066365,1.99263349247,0.868583830049,0.470588235294,2.02375597227,0.882150039194,0.47963800905,0.87394894857,0.39252660834,2.6,2.22647058824,0.87394894857,2.6,0.16045751634,0.0555555555556,3,0.00441176470588,0.171504884005,17,17,17,1,0,0.235294117647,0.529411764706,0.235294117647,2,0.00735294117647,0.344117647059,0.235294117647,-0.363636363636,0.153846153846,-0.0328849331988,-0.0271173456909,-0.00994659818189,-0.106035553551,-0.0956695154179,-0.0476947535771,0.145083099013,0.018976016347,0.00904977375566,0.087751379477,-0.0251408502401,0.35,0.344117647059,0.087751379477,0.35,-0.00588235294118,-0.00566893424036,0,0,-0.0144474969475,-0.117647058824,0.117647058824,0,37,2,0,233,1,0.991489361702,0.00851063829787,0,0.948717948718,1,0.973684210526,0.969867905134,0.991489361702,0.948717948718,4,2,0,0,0,0
3266,WLNM_dir_neg,0.875,0.291666666667,00:00:00,10,80,13,1986366786,threshold_sweep,0.8,0.666666666667,1,0.8,2,1,0,3,1,0.75,0.25,0,0.666666666667,1,0.8,0.833333333333,0.5,0.666666666667,0.707106781187,0.75,37,35,2,0,37,0,35,0,2,17,37,0.136029411765,1.88235294118,4.35294117647,3.36363636364,2.84615384615,1.69341284359,0.389027274878,0.193958664547,2.09866904602,0.964253345467,0.518282988871,1.87867287326,0.863174022847,0.470588235294,0.786197569093,0.41766745858,2.25,1.88235294118,0.786197569093,2.25,0.166339869281,0.0612244897959,3,0.00441176470588,0.185952380952,17,17,17,1,0,0.352941176471,0.411764705882,0.235294117647,17,0.128676470588,1.90196078431,4.11764705882,3.18181818182,2.69230769231,1.57648156274,0.382859808093,0.201680672269,2.01465221053,0.978545359402,0.524369747899,1.74894926439,0.849489642704,0.463865546218,0.814492905316,0.428238537847,2.33333333333,1.90196078431,0.814492905316,2.33333333333,0,0,0,0,0.164242424242,17,17,17,1,0,0.352941176471,0.411764705882,0.235294117647,17,38,0.139705882353,1.98764705882,4.47058823529,3.16666666667,2.92307692308,1.66274047354,0.371928790134,0.188854489164,2.04723630062,0.915868871331,0.495356037152,1.98523965067,0.888133527931,0.482972136223,0.792996921587,0.398962641817,2.35,1.98764705882,0.792996921587,2.35,0.162418300654,0.0584415584416,3,0.00441176470588,0.192081529582,17,17,17,1,0,0.294117647059,0.470588235294,0.235294117647,1,0.00367647058824,0.105294117647,0.117647058824,-0.19696969697,0.0769230769231,-0.030672370045,-0.0170984847437,-0.00510417538281,-0.0514327453931,-0.0483844741355,-0.0229269517195,0.106566777414,0.0249595050838,0.0123839009288,0.00679935249481,-0.0187048167638,0.1,0.105294117647,0.00679935249481,0.1,-0.00392156862745,-0.00278293135436,0,0,0.00612914862915,-0.0588235294118,0.0588235294118,0,37,1,0,234,1,0.995744680851,0.00425531914894,0,0.973684210526,1,0.986666666667,0.984652666406,0.995744680851,0.973684210526,3,2,0,0,0,0
3267,WLNM_dir_neg,0.875,0.291666666667,00:00:00,10,80,13,1986366786,threshold_sweep,0.9,0.666666666667,1,0.8,2,1,0,3,1,0.75,0.25,0,0.666666666667,1,0.8,0.833333333333,0.5,0.666666666667,0.707106781187,0.75,37,35,2,0,37,0,35,0,2,17,37,0.136029411765,1.88235294118,4.35294117647,3.36363636364,2.84615384615,1.69341284359,0.389027274878,0.193958664547,2.09866904602,0.964253345467,0.518282988871,1.87867287326,0.863174022847,0.470588235294,0.786197569093,0.41766745858,2.25,1.88235294118,0.786197569093,2.25,0.166339869281,0.0612244897959,3,0.00441176470588,0.185952380952,17,17,17,1,0,0.352941176471,0.411764705882,0.235294117647,17,0.128676470588,1.90196078431,4.11764705882,3.18181818182,2.69230769231,1.57648156274,0.382859808093,0.201680672269,2.01465221053,0.978545359402,0.524369747899,1.74894926439,0.849489642704,0.463865546218,0.814492905316,0.428238537847,2.33333333333,1.90196078431,0.814492905316,2.33333333333,0,0,0,0,0.164242424242,17,17,17,1,0,0.352941176471,0.411764705882,0.235294117647,17,38,0.139705882353,1.98764705882,4.47058823529,3.16666666667,2.92307692308,1.66274047354,0.371928790134,0.188854489164,2.04723630062,0.915868871331,0.495356037152,1.98523965067,0.888133527931,0.482972136223,0.792996921587,0.398962641817,2.35,1.98764705882,0.792996921587,2.35,0.162418300654,0.0584415584416,3,0.00441176470588,0.192081529582,17,17,17,1,0,0.294117647059,0.470588235294,0.235294117647,1,0.00367647058824,0.105294117647,0.117647058824,-0.19696969697,0.0769230769231,-0.030672370045,-0.0170984847437,-0.00510417538281,-0.0514327453931,-0.0483844741355,-0.0229269517195,0.106566777414,0.0249595050838,0.0123839009288,0.00679935249481,-0.0187048167638,0.1,0.105294117647,0.00679935249481,0.1,-0.00392156862745,-0.00278293135436,0,0,0.00612914862915,-0.0588235294118,0.0588235294118,0,37,1,0,234,1,0.995744680851,0.00425531914894,0,0.973684210526,1,0.986666666667,0.984652666406,0.995744680851,0.973684210526,3,2,0,0,0,0
3268,WLNM_dir_neg,1,0.5,00:00:00,10,80,14,1986366787,threshold_sweep,0.1,1,1,1,2,0,0,4,1,1,0,0,1,1,1,1,0.555555555556,1,1,1,37,35,2,0,37,0,35,0,2,17,37,0.136029411765,1.88235294118,4.35294117647,3.36363636364,2.84615384615,1.69341284359,0.389027274878,0.193958664547,2.09866904602,0.964253345467,0.518282988871,1.87867287326,0.863174022847,0.470588235294,0.786197569093,0.41766745858,2.25,1.88235294118,0.786197569093,2.25,0.166339869281,0.0612244897959,3,0.00441176470588,0.185952380952,17,17,17,1,0,0.352941176471,0.411764705882,0.235294117647,17,0.128676470588,1.90196078431,4.11764705882,3.18181818182,2.69230769231,1.57648156274,0.382859808093,0.201680672269,2.01465221053,0.978545359402,0.524369747899,1.74894926439,0.849489642704,0.463865546218,0.814492905316,0.428238537847,2.33333333333,1.90196078431,0.814492905316,2.33333333333,0,0,0,0,0.164242424242,17,17,17,1,0,0.352941176471,0.411764705882,0.235294117647,17,37,0.136029411765,1.88235294118,4.35294117647,3.36363636364,2.84615384615,1.69341284359,0.389027274878,0.193958664547,2.09866904602,0.964253345467,0.518282988871,1.87867287326,0.863174022847,0.470588235294,0.786197569093,0.41766745858,2.25,1.88235294118,0.786197569093,2.25,0.166339869281,0.0612244897959,3,0.00441176470588,0.185952380952,17,17,17,1,0,0.352941176471,0.411764705882,0.235294117647,0,0,0,0,0,0,0,0,0,0,0,0,0,0,0,0,0,0,0,0,0,0,0,0,0,0,0,0,0,37,0,0,235,1,1,0,0,1,1,1,1,1,1,2,2,0,0,0,0
3269,WLNM_dir_neg,1,0.5,00:00:00,10,80,14,1986366787,threshold_sweep,0.2,1,1,1,2,0,0,4,1,1,0,0,1,1,1,1,0.555555555556,1,1,1,37,35,2,0,37,0,35,0,2,17,37,0.136029411765,1.88235294118,4.35294117647,3.36363636364,2.84615384615,1.69341284359,0.389027274878,0.193958664547,2.09866904602,0.964253345467,0.518282988871,1.87867287326,0.863174022847,0.470588235294,0.786197569093,0.41766745858,2.25,1.88235294118,0.786197569093,2.25,0.166339869281,0.0612244897959,3,0.00441176470588,0.185952380952,17,17,17,1,0,0.352941176471,0.411764705882,0.235294117647,17,0.128676470588,1.90196078431,4.11764705882,3.18181818182,2.69230769231,1.57648156274,0.382859808093,0.201680672269,2.01465221053,0.978545359402,0.524369747899,1.74894926439,0.849489642704,0.463865546218,0.814492905316,0.428238537847,2.33333333333,1.90196078431,0.814492905316,2.33333333333,0,0,0,0,0.164242424242,17,17,17,1,0,0.352941176471,0.411764705882,0.235294117647,17,37,0.136029411765,1.88235294118,4.35294117647,3.36363636364,2.84615384615,1.69341284359,0.389027274878,0.193958664547,2.09866904602,0.964253345467,0.518282988871,1.87867287326,0.863174022847,0.470588235294,0.786197569093,0.41766745858,2.25,1.88235294118,0.786197569093,2.25,0.166339869281,0.0612244897959,3,0.00441176470588,0.185952380952,17,17,17,1,0,0.352941176471,0.411764705882,0.235294117647,0,0,0,0,0,0,0,0,0,0,0,0,0,0,0,0,0,0,0,0,0,0,0,0,0,0,0,0,0,37,0,0,235,1,1,0,0,1,1,1,1,1,1,2,2,0,0,0,0
3270,WLNM_dir_neg,1,0.5,00:00:00,10,80,14,1986366787,threshold_sweep,0.3,1,1,1,2,0,0,4,1,1,0,0,1,1,1,1,0.555555555556,1,1,1,37,35,2,0,37,0,35,0,2,17,37,0.136029411765,1.88235294118,4.35294117647,3.36363636364,2.84615384615,1.69341284359,0.389027274878,0.193958664547,2.09866904602,0.964253345467,0.518282988871,1.87867287326,0.863174022847,0.470588235294,0.786197569093,0.41766745858,2.25,1.88235294118,0.786197569093,2.25,0.166339869281,0.0612244897959,3,0.00441176470588,0.185952380952,17,17,17,1,0,0.352941176471,0.411764705882,0.235294117647,17,0.128676470588,1.90196078431,4.11764705882,3.18181818182,2.69230769231,1.57648156274,0.382859808093,0.201680672269,2.01465221053,0.978545359402,0.524369747899,1.74894926439,0.849489642704,0.463865546218,0.814492905316,0.428238537847,2.33333333333,1.90196078431,0.814492905316,2.33333333333,0,0,0,0,0.164242424242,17,17,17,1,0,0.352941176471,0.411764705882,0.235294117647,17,37,0.136029411765,1.88235294118,4.35294117647,3.36363636364,2.84615384615,1.69341284359,0.389027274878,0.193958664547,2.09866904602,0.964253345467,0.518282988871,1.87867287326,0.863174022847,0.470588235294,0.786197569093,0.41766745858,2.25,1.88235294118,0.786197569093,2.25,0.166339869281,0.0612244897959,3,0.00441176470588,0.185952380952,17,17,17,1,0,0.352941176471,0.411764705882,0.235294117647,0,0,0,0,0,0,0,0,0,0,0,0,0,0,0,0,0,0,0,0,0,0,0,0,0,0,0,0,0,37,0,0,235,1,1,0,0,1,1,1,1,1,1,2,2,0,0,0,0
3271,WLNM_dir_neg,1,0.5,00:00:00,10,80,14,1986366787,threshold_sweep,0.4,1,1,1,2,0,0,4,1,1,0,0,1,1,1,1,0.555555555556,1,1,1,37,35,2,0,37,0,35,0,2,17,37,0.136029411765,1.88235294118,4.35294117647,3.36363636364,2.84615384615,1.69341284359,0.389027274878,0.193958664547,2.09866904602,0.964253345467,0.518282988871,1.87867287326,0.863174022847,0.470588235294,0.786197569093,0.41766745858,2.25,1.88235294118,0.786197569093,2.25,0.166339869281,0.0612244897959,3,0.00441176470588,0.185952380952,17,17,17,1,0,0.352941176471,0.411764705882,0.235294117647,17,0.128676470588,1.90196078431,4.11764705882,3.18181818182,2.69230769231,1.57648156274,0.382859808093,0.201680672269,2.01465221053,0.978545359402,0.524369747899,1.74894926439,0.849489642704,0.463865546218,0.814492905316,0.428238537847,2.33333333333,1.90196078431,0.814492905316,2.33333333333,0,0,0,0,0.164242424242,17,17,17,1,0,0.352941176471,0.411764705882,0.235294117647,17,37,0.136029411765,1.88235294118,4.35294117647,3.36363636364,2.84615384615,1.69341284359,0.389027274878,0.193958664547,2.09866904602,0.964253345467,0.518282988871,1.87867287326,0.863174022847,0.470588235294,0.786197569093,0.41766745858,2.25,1.88235294118,0.786197569093,2.25,0.166339869281,0.0612244897959,3,0.00441176470588,0.185952380952,17,17,17,1,0,0.352941176471,0.411764705882,0.235294117647,0,0,0,0,0,0,0,0,0,0,0,0,0,0,0,0,0,0,0,0,0,0,0,0,0,0,0,0,0,37,0,0,235,1,1,0,0,1,1,1,1,1,1,2,2,0,0,0,0
3272,WLNM_dir_neg,1,0.5,00:00:00,10,80,14,1986366787,threshold_sweep,0.5,1,1,1,2,0,0,4,1,1,0,0,1,1,1,1,0.555555555556,1,1,1,37,35,2,0,37,0,35,0,2,17,37,0.136029411765,1.88235294118,4.35294117647,3.36363636364,2.84615384615,1.69341284359,0.389027274878,0.193958664547,2.09866904602,0.964253345467,0.518282988871,1.87867287326,0.863174022847,0.470588235294,0.786197569093,0.41766745858,2.25,1.88235294118,0.786197569093,2.25,0.166339869281,0.0612244897959,3,0.00441176470588,0.185952380952,17,17,17,1,0,0.352941176471,0.411764705882,0.235294117647,17,0.128676470588,1.90196078431,4.11764705882,3.18181818182,2.69230769231,1.57648156274,0.382859808093,0.201680672269,2.01465221053,0.978545359402,0.524369747899,1.74894926439,0.849489642704,0.463865546218,0.814492905316,0.428238537847,2.33333333333,1.90196078431,0.814492905316,2.33333333333,0,0,0,0,0.164242424242,17,17,17,1,0,0.352941176471,0.411764705882,0.235294117647,17,37,0.136029411765,1.88235294118,4.35294117647,3.36363636364,2.84615384615,1.69341284359,0.389027274878,0.193958664547,2.09866904602,0.964253345467,0.518282988871,1.87867287326,0.863174022847,0.470588235294,0.786197569093,0.41766745858,2.25,1.88235294118,0.786197569093,2.25,0.166339869281,0.0612244897959,3,0.00441176470588,0.185952380952,17,17,17,1,0,0.352941176471,0.411764705882,0.235294117647,0,0,0,0,0,0,0,0,0,0,0,0,0,0,0,0,0,0,0,0,0,0,0,0,0,0,0,0,0,37,0,0,235,1,1,0,0,1,1,1,1,1,1,2,2,0,0,0,0
3273,WLNM_dir_neg,1,0.5,00:00:00,10,80,14,1986366787,threshold_sweep,0.6,1,1,1,2,0,0,4,1,1,0,0,1,1,1,1,0.555555555556,1,1,1,37,35,2,0,37,0,35,0,2,17,37,0.136029411765,1.88235294118,4.35294117647,3.36363636364,2.84615384615,1.69341284359,0.389027274878,0.193958664547,2.09866904602,0.964253345467,0.518282988871,1.87867287326,0.863174022847,0.470588235294,0.786197569093,0.41766745858,2.25,1.88235294118,0.786197569093,2.25,0.166339869281,0.0612244897959,3,0.00441176470588,0.185952380952,17,17,17,1,0,0.352941176471,0.411764705882,0.235294117647,17,0.128676470588,1.90196078431,4.11764705882,3.18181818182,2.69230769231,1.57648156274,0.382859808093,0.201680672269,2.01465221053,0.978545359402,0.524369747899,1.74894926439,0.849489642704,0.463865546218,0.814492905316,0.428238537847,2.33333333333,1.90196078431,0.814492905316,2.33333333333,0,0,0,0,0.164242424242,17,17,17,1,0,0.352941176471,0.411764705882,0.235294117647,17,37,0.136029411765,1.88235294118,4.35294117647,3.36363636364,2.84615384615,1.69341284359,0.389027274878,0.193958664547,2.09866904602,0.964253345467,0.518282988871,1.87867287326,0.863174022847,0.470588235294,0.786197569093,0.41766745858,2.25,1.88235294118,0.786197569093,2.25,0.166339869281,0.0612244897959,3,0.00441176470588,0.185952380952,17,17,17,1,0,0.352941176471,0.411764705882,0.235294117647,0,0,0,0,0,0,0,0,0,0,0,0,0,0,0,0,0,0,0,0,0,0,0,0,0,0,0,0,0,37,0,0,235,1,1,0,0,1,1,1,1,1,1,2,2,0,0,0,0
3274,WLNM_dir_neg,1,0.5,00:00:00,10,80,14,1986366787,threshold_sweep,0.7,1,1,1,2,0,0,4,1,1,0,0,1,1,1,1,0.555555555556,1,1,1,37,35,2,0,37,0,35,0,2,17,37,0.136029411765,1.88235294118,4.35294117647,3.36363636364,2.84615384615,1.69341284359,0.389027274878,0.193958664547,2.09866904602,0.964253345467,0.518282988871,1.87867287326,0.863174022847,0.470588235294,0.786197569093,0.41766745858,2.25,1.88235294118,0.786197569093,2.25,0.166339869281,0.0612244897959,3,0.00441176470588,0.185952380952,17,17,17,1,0,0.352941176471,0.411764705882,0.235294117647,17,0.128676470588,1.90196078431,4.11764705882,3.18181818182,2.69230769231,1.57648156274,0.382859808093,0.201680672269,2.01465221053,0.978545359402,0.524369747899,1.74894926439,0.849489642704,0.463865546218,0.814492905316,0.428238537847,2.33333333333,1.90196078431,0.814492905316,2.33333333333,0,0,0,0,0.164242424242,17,17,17,1,0,0.352941176471,0.411764705882,0.235294117647,17,37,0.136029411765,1.88235294118,4.35294117647,3.36363636364,2.84615384615,1.69341284359,0.389027274878,0.193958664547,2.09866904602,0.964253345467,0.518282988871,1.87867287326,0.863174022847,0.470588235294,0.786197569093,0.41766745858,2.25,1.88235294118,0.786197569093,2.25,0.166339869281,0.0612244897959,3,0.00441176470588,0.185952380952,17,17,17,1,0,0.352941176471,0.411764705882,0.235294117647,0,0,0,0,0,0,0,0,0,0,0,0,0,0,0,0,0,0,0,0,0,0,0,0,0,0,0,0,0,37,0,0,235,1,1,0,0,1,1,1,1,1,1,2,2,0,0,0,0
3275,WLNM_dir_neg,1,0.5,00:00:00,10,80,14,1986366787,threshold_sweep,0.8,1,1,1,2,0,0,4,1,1,0,0,1,1,1,1,0.555555555556,1,1,1,37,35,2,0,37,0,35,0,2,17,37,0.136029411765,1.88235294118,4.35294117647,3.36363636364,2.84615384615,1.69341284359,0.389027274878,0.193958664547,2.09866904602,0.964253345467,0.518282988871,1.87867287326,0.863174022847,0.470588235294,0.786197569093,0.41766745858,2.25,1.88235294118,0.786197569093,2.25,0.166339869281,0.0612244897959,3,0.00441176470588,0.185952380952,17,17,17,1,0,0.352941176471,0.411764705882,0.235294117647,17,0.128676470588,1.90196078431,4.11764705882,3.18181818182,2.69230769231,1.57648156274,0.382859808093,0.201680672269,2.01465221053,0.978545359402,0.524369747899,1.74894926439,0.849489642704,0.463865546218,0.814492905316,0.428238537847,2.33333333333,1.90196078431,0.814492905316,2.33333333333,0,0,0,0,0.164242424242,17,17,17,1,0,0.352941176471,0.411764705882,0.235294117647,17,37,0.136029411765,1.88235294118,4.35294117647,3.36363636364,2.84615384615,1.69341284359,0.389027274878,0.193958664547,2.09866904602,0.964253345467,0.518282988871,1.87867287326,0.863174022847,0.470588235294,0.786197569093,0.41766745858,2.25,1.88235294118,0.786197569093,2.25,0.166339869281,0.0612244897959,3,0.00441176470588,0.185952380952,17,17,17,1,0,0.352941176471,0.411764705882,0.235294117647,0,0,0,0,0,0,0,0,0,0,0,0,0,0,0,0,0,0,0,0,0,0,0,0,0,0,0,0,0,37,0,0,235,1,1,0,0,1,1,1,1,1,1,2,2,0,0,0,0
3276,WLNM_dir_neg,1,0.5,00:00:00,10,80,14,1986366787,threshold_sweep,0.9,1,1,1,2,0,0,4,1,1,0,0,1,1,1,1,0.555555555556,1,1,1,37,35,2,0,37,0,35,0,2,17,37,0.136029411765,1.88235294118,4.35294117647,3.36363636364,2.84615384615,1.69341284359,0.389027274878,0.193958664547,2.09866904602,0.964253345467,0.518282988871,1.87867287326,0.863174022847,0.470588235294,0.786197569093,0.41766745858,2.25,1.88235294118,0.786197569093,2.25,0.166339869281,0.0612244897959,3,0.00441176470588,0.185952380952,17,17,17,1,0,0.352941176471,0.411764705882,0.235294117647,17,0.128676470588,1.90196078431,4.11764705882,3.18181818182,2.69230769231,1.57648156274,0.382859808093,0.201680672269,2.01465221053,0.978545359402,0.524369747899,1.74894926439,0.849489642704,0.463865546218,0.814492905316,0.428238537847,2.33333333333,1.90196078431,0.814492905316,2.33333333333,0,0,0,0,0.164242424242,17,17,17,1,0,0.352941176471,0.411764705882,0.235294117647,17,37,0.136029411765,1.88235294118,4.35294117647,3.36363636364,2.84615384615,1.69341284359,0.389027274878,0.193958664547,2.09866904602,0.964253345467,0.518282988871,1.87867287326,0.863174022847,0.470588235294,0.786197569093,0.41766745858,2.25,1.88235294118,0.786197569093,2.25,0.166339869281,0.0612244897959,3,0.00441176470588,0.185952380952,17,17,17,1,0,0.352941176471,0.411764705882,0.235294117647,0,0,0,0,0,0,0,0,0,0,0,0,0,0,0,0,0,0,0,0,0,0,0,0,0,0,0,0,0,37,0,0,235,1,1,0,0,1,1,1,1,1,1,2,2,0,0,0,0
3277,WLNM_dir_neg,1,0.5,00:00:00,10,80,15,1986366788,threshold_sweep,0.1,1,1,1,2,0,0,4,1,1,0,0,1,1,1,1,0.555555555556,1,1,1,37,35,2,0,37,0,35,0,2,17,37,0.136029411765,1.88235294118,4.35294117647,3.36363636364,2.84615384615,1.69341284359,0.389027274878,0.193958664547,2.09866904602,0.964253345467,0.518282988871,1.87867287326,0.863174022847,0.470588235294,0.786197569093,0.41766745858,2.25,1.88235294118,0.786197569093,2.25,0.166339869281,0.0612244897959,3,0.00441176470588,0.185952380952,17,17,17,1,0,0.352941176471,0.411764705882,0.235294117647,17,0.128676470588,1.90196078431,4.11764705882,3.18181818182,2.69230769231,1.57648156274,0.382859808093,0.201680672269,2.01465221053,0.978545359402,0.524369747899,1.74894926439,0.849489642704,0.463865546218,0.814492905316,0.428238537847,2.33333333333,1.90196078431,0.814492905316,2.33333333333,0,0,0,0,0.164242424242,17,17,17,1,0,0.352941176471,0.411764705882,0.235294117647,17,37,0.136029411765,1.88235294118,4.35294117647,3.36363636364,2.84615384615,1.69341284359,0.389027274878,0.193958664547,2.09866904602,0.964253345467,0.518282988871,1.87867287326,0.863174022847,0.470588235294,0.786197569093,0.41766745858,2.25,1.88235294118,0.786197569093,2.25,0.166339869281,0.0612244897959,3,0.00441176470588,0.185952380952,17,17,17,1,0,0.352941176471,0.411764705882,0.235294117647,0,0,0,0,0,0,0,0,0,0,0,0,0,0,0,0,0,0,0,0,0,0,0,0,0,0,0,0,0,37,0,0,235,1,1,0,0,1,1,1,1,1,1,2,2,0,0,0,0
3278,WLNM_dir_neg,1,0.5,00:00:00,10,80,15,1986366788,threshold_sweep,0.2,1,1,1,2,0,0,4,1,1,0,0,1,1,1,1,0.555555555556,1,1,1,37,35,2,0,37,0,35,0,2,17,37,0.136029411765,1.88235294118,4.35294117647,3.36363636364,2.84615384615,1.69341284359,0.389027274878,0.193958664547,2.09866904602,0.964253345467,0.518282988871,1.87867287326,0.863174022847,0.470588235294,0.786197569093,0.41766745858,2.25,1.88235294118,0.786197569093,2.25,0.166339869281,0.0612244897959,3,0.00441176470588,0.185952380952,17,17,17,1,0,0.352941176471,0.411764705882,0.235294117647,17,0.128676470588,1.90196078431,4.11764705882,3.18181818182,2.69230769231,1.57648156274,0.382859808093,0.201680672269,2.01465221053,0.978545359402,0.524369747899,1.74894926439,0.849489642704,0.463865546218,0.814492905316,0.428238537847,2.33333333333,1.90196078431,0.814492905316,2.33333333333,0,0,0,0,0.164242424242,17,17,17,1,0,0.352941176471,0.411764705882,0.235294117647,17,37,0.136029411765,1.88235294118,4.35294117647,3.36363636364,2.84615384615,1.69341284359,0.389027274878,0.193958664547,2.09866904602,0.964253345467,0.518282988871,1.87867287326,0.863174022847,0.470588235294,0.786197569093,0.41766745858,2.25,1.88235294118,0.786197569093,2.25,0.166339869281,0.0612244897959,3,0.00441176470588,0.185952380952,17,17,17,1,0,0.352941176471,0.411764705882,0.235294117647,0,0,0,0,0,0,0,0,0,0,0,0,0,0,0,0,0,0,0,0,0,0,0,0,0,0,0,0,0,37,0,0,235,1,1,0,0,1,1,1,1,1,1,2,2,0,0,0,0
3279,WLNM_dir_neg,1,0.5,00:00:00,10,80,15,1986366788,threshold_sweep,0.3,1,1,1,2,0,0,4,1,1,0,0,1,1,1,1,0.555555555556,1,1,1,37,35,2,0,37,0,35,0,2,17,37,0.136029411765,1.88235294118,4.35294117647,3.36363636364,2.84615384615,1.69341284359,0.389027274878,0.193958664547,2.09866904602,0.964253345467,0.518282988871,1.87867287326,0.863174022847,0.470588235294,0.786197569093,0.41766745858,2.25,1.88235294118,0.786197569093,2.25,0.166339869281,0.0612244897959,3,0.00441176470588,0.185952380952,17,17,17,1,0,0.352941176471,0.411764705882,0.235294117647,17,0.128676470588,1.90196078431,4.11764705882,3.18181818182,2.69230769231,1.57648156274,0.382859808093,0.201680672269,2.01465221053,0.978545359402,0.524369747899,1.74894926439,0.849489642704,0.463865546218,0.814492905316,0.428238537847,2.33333333333,1.90196078431,0.814492905316,2.33333333333,0,0,0,0,0.164242424242,17,17,17,1,0,0.352941176471,0.411764705882,0.235294117647,17,37,0.136029411765,1.88235294118,4.35294117647,3.36363636364,2.84615384615,1.69341284359,0.389027274878,0.193958664547,2.09866904602,0.964253345467,0.518282988871,1.87867287326,0.863174022847,0.470588235294,0.786197569093,0.41766745858,2.25,1.88235294118,0.786197569093,2.25,0.166339869281,0.0612244897959,3,0.00441176470588,0.185952380952,17,17,17,1,0,0.352941176471,0.411764705882,0.235294117647,0,0,0,0,0,0,0,0,0,0,0,0,0,0,0,0,0,0,0,0,0,0,0,0,0,0,0,0,0,37,0,0,235,1,1,0,0,1,1,1,1,1,1,2,2,0,0,0,0
3280,WLNM_dir_neg,1,0.5,00:00:00,10,80,15,1986366788,threshold_sweep,0.4,1,1,1,2,0,0,4,1,1,0,0,1,1,1,1,0.555555555556,1,1,1,37,35,2,0,37,0,35,0,2,17,37,0.136029411765,1.88235294118,4.35294117647,3.36363636364,2.84615384615,1.69341284359,0.389027274878,0.193958664547,2.09866904602,0.964253345467,0.518282988871,1.87867287326,0.863174022847,0.470588235294,0.786197569093,0.41766745858,2.25,1.88235294118,0.786197569093,2.25,0.166339869281,0.0612244897959,3,0.00441176470588,0.185952380952,17,17,17,1,0,0.352941176471,0.411764705882,0.235294117647,17,0.128676470588,1.90196078431,4.11764705882,3.18181818182,2.69230769231,1.57648156274,0.382859808093,0.201680672269,2.01465221053,0.978545359402,0.524369747899,1.74894926439,0.849489642704,0.463865546218,0.814492905316,0.428238537847,2.33333333333,1.90196078431,0.814492905316,2.33333333333,0,0,0,0,0.164242424242,17,17,17,1,0,0.352941176471,0.411764705882,0.235294117647,17,37,0.136029411765,1.88235294118,4.35294117647,3.36363636364,2.84615384615,1.69341284359,0.389027274878,0.193958664547,2.09866904602,0.964253345467,0.518282988871,1.87867287326,0.863174022847,0.470588235294,0.786197569093,0.41766745858,2.25,1.88235294118,0.786197569093,2.25,0.166339869281,0.0612244897959,3,0.00441176470588,0.185952380952,17,17,17,1,0,0.352941176471,0.411764705882,0.235294117647,0,0,0,0,0,0,0,0,0,0,0,0,0,0,0,0,0,0,0,0,0,0,0,0,0,0,0,0,0,37,0,0,235,1,1,0,0,1,1,1,1,1,1,2,2,0,0,0,0
3281,WLNM_dir_neg,1,0.5,00:00:00,10,80,15,1986366788,threshold_sweep,0.5,1,1,1,2,0,0,4,1,1,0,0,1,1,1,1,0.555555555556,1,1,1,37,35,2,0,37,0,35,0,2,17,37,0.136029411765,1.88235294118,4.35294117647,3.36363636364,2.84615384615,1.69341284359,0.389027274878,0.193958664547,2.09866904602,0.964253345467,0.518282988871,1.87867287326,0.863174022847,0.470588235294,0.786197569093,0.41766745858,2.25,1.88235294118,0.786197569093,2.25,0.166339869281,0.0612244897959,3,0.00441176470588,0.185952380952,17,17,17,1,0,0.352941176471,0.411764705882,0.235294117647,17,0.128676470588,1.90196078431,4.11764705882,3.18181818182,2.69230769231,1.57648156274,0.382859808093,0.201680672269,2.01465221053,0.978545359402,0.524369747899,1.74894926439,0.849489642704,0.463865546218,0.814492905316,0.428238537847,2.33333333333,1.90196078431,0.814492905316,2.33333333333,0,0,0,0,0.164242424242,17,17,17,1,0,0.352941176471,0.411764705882,0.235294117647,17,37,0.136029411765,1.88235294118,4.35294117647,3.36363636364,2.84615384615,1.69341284359,0.389027274878,0.193958664547,2.09866904602,0.964253345467,0.518282988871,1.87867287326,0.863174022847,0.470588235294,0.786197569093,0.41766745858,2.25,1.88235294118,0.786197569093,2.25,0.166339869281,0.0612244897959,3,0.00441176470588,0.185952380952,17,17,17,1,0,0.352941176471,0.411764705882,0.235294117647,0,0,0,0,0,0,0,0,0,0,0,0,0,0,0,0,0,0,0,0,0,0,0,0,0,0,0,0,0,37,0,0,235,1,1,0,0,1,1,1,1,1,1,2,2,0,0,0,0
3282,WLNM_dir_neg,1,0.5,00:00:00,10,80,15,1986366788,threshold_sweep,0.6,1,1,1,2,0,0,4,1,1,0,0,1,1,1,1,0.555555555556,1,1,1,37,35,2,0,37,0,35,0,2,17,37,0.136029411765,1.88235294118,4.35294117647,3.36363636364,2.84615384615,1.69341284359,0.389027274878,0.193958664547,2.09866904602,0.964253345467,0.518282988871,1.87867287326,0.863174022847,0.470588235294,0.786197569093,0.41766745858,2.25,1.88235294118,0.786197569093,2.25,0.166339869281,0.0612244897959,3,0.00441176470588,0.185952380952,17,17,17,1,0,0.352941176471,0.411764705882,0.235294117647,17,0.128676470588,1.90196078431,4.11764705882,3.18181818182,2.69230769231,1.57648156274,0.382859808093,0.201680672269,2.01465221053,0.978545359402,0.524369747899,1.74894926439,0.849489642704,0.463865546218,0.814492905316,0.428238537847,2.33333333333,1.90196078431,0.814492905316,2.33333333333,0,0,0,0,0.164242424242,17,17,17,1,0,0.352941176471,0.411764705882,0.235294117647,17,37,0.136029411765,1.88235294118,4.35294117647,3.36363636364,2.84615384615,1.69341284359,0.389027274878,0.193958664547,2.09866904602,0.964253345467,0.518282988871,1.87867287326,0.863174022847,0.470588235294,0.786197569093,0.41766745858,2.25,1.88235294118,0.786197569093,2.25,0.166339869281,0.0612244897959,3,0.00441176470588,0.185952380952,17,17,17,1,0,0.352941176471,0.411764705882,0.235294117647,0,0,0,0,0,0,0,0,0,0,0,0,0,0,0,0,0,0,0,0,0,0,0,0,0,0,0,0,0,37,0,0,235,1,1,0,0,1,1,1,1,1,1,2,2,0,0,0,0
3283,WLNM_dir_neg,1,0.5,00:00:00,10,80,15,1986366788,threshold_sweep,0.7,1,1,1,2,0,0,4,1,1,0,0,1,1,1,1,0.555555555556,1,1,1,37,35,2,0,37,0,35,0,2,17,37,0.136029411765,1.88235294118,4.35294117647,3.36363636364,2.84615384615,1.69341284359,0.389027274878,0.193958664547,2.09866904602,0.964253345467,0.518282988871,1.87867287326,0.863174022847,0.470588235294,0.786197569093,0.41766745858,2.25,1.88235294118,0.786197569093,2.25,0.166339869281,0.0612244897959,3,0.00441176470588,0.185952380952,17,17,17,1,0,0.352941176471,0.411764705882,0.235294117647,17,0.128676470588,1.90196078431,4.11764705882,3.18181818182,2.69230769231,1.57648156274,0.382859808093,0.201680672269,2.01465221053,0.978545359402,0.524369747899,1.74894926439,0.849489642704,0.463865546218,0.814492905316,0.428238537847,2.33333333333,1.90196078431,0.814492905316,2.33333333333,0,0,0,0,0.164242424242,17,17,17,1,0,0.352941176471,0.411764705882,0.235294117647,17,37,0.136029411765,1.88235294118,4.35294117647,3.36363636364,2.84615384615,1.69341284359,0.389027274878,0.193958664547,2.09866904602,0.964253345467,0.518282988871,1.87867287326,0.863174022847,0.470588235294,0.786197569093,0.41766745858,2.25,1.88235294118,0.786197569093,2.25,0.166339869281,0.0612244897959,3,0.00441176470588,0.185952380952,17,17,17,1,0,0.352941176471,0.411764705882,0.235294117647,0,0,0,0,0,0,0,0,0,0,0,0,0,0,0,0,0,0,0,0,0,0,0,0,0,0,0,0,0,37,0,0,235,1,1,0,0,1,1,1,1,1,1,2,2,0,0,0,0
3284,WLNM_dir_neg,1,0.5,00:00:00,10,80,15,1986366788,threshold_sweep,0.8,1,1,1,2,0,0,4,1,1,0,0,1,1,1,1,0.555555555556,1,1,1,37,35,2,0,37,0,35,0,2,17,37,0.136029411765,1.88235294118,4.35294117647,3.36363636364,2.84615384615,1.69341284359,0.389027274878,0.193958664547,2.09866904602,0.964253345467,0.518282988871,1.87867287326,0.863174022847,0.470588235294,0.786197569093,0.41766745858,2.25,1.88235294118,0.786197569093,2.25,0.166339869281,0.0612244897959,3,0.00441176470588,0.185952380952,17,17,17,1,0,0.352941176471,0.411764705882,0.235294117647,17,0.128676470588,1.90196078431,4.11764705882,3.18181818182,2.69230769231,1.57648156274,0.382859808093,0.201680672269,2.01465221053,0.978545359402,0.524369747899,1.74894926439,0.849489642704,0.463865546218,0.814492905316,0.428238537847,2.33333333333,1.90196078431,0.814492905316,2.33333333333,0,0,0,0,0.164242424242,17,17,17,1,0,0.352941176471,0.411764705882,0.235294117647,17,37,0.136029411765,1.88235294118,4.35294117647,3.36363636364,2.84615384615,1.69341284359,0.389027274878,0.193958664547,2.09866904602,0.964253345467,0.518282988871,1.87867287326,0.863174022847,0.470588235294,0.786197569093,0.41766745858,2.25,1.88235294118,0.786197569093,2.25,0.166339869281,0.0612244897959,3,0.00441176470588,0.185952380952,17,17,17,1,0,0.352941176471,0.411764705882,0.235294117647,0,0,0,0,0,0,0,0,0,0,0,0,0,0,0,0,0,0,0,0,0,0,0,0,0,0,0,0,0,37,0,0,235,1,1,0,0,1,1,1,1,1,1,2,2,0,0,0,0
3285,WLNM_dir_neg,1,0.5,00:00:00,10,80,15,1986366788,threshold_sweep,0.9,1,1,1,2,0,0,4,1,1,0,0,1,1,1,1,0.555555555556,1,1,1,37,35,2,0,37,0,35,0,2,17,37,0.136029411765,1.88235294118,4.35294117647,3.36363636364,2.84615384615,1.69341284359,0.389027274878,0.193958664547,2.09866904602,0.964253345467,0.518282988871,1.87867287326,0.863174022847,0.470588235294,0.786197569093,0.41766745858,2.25,1.88235294118,0.786197569093,2.25,0.166339869281,0.0612244897959,3,0.00441176470588,0.185952380952,17,17,17,1,0,0.352941176471,0.411764705882,0.235294117647,17,0.128676470588,1.90196078431,4.11764705882,3.18181818182,2.69230769231,1.57648156274,0.382859808093,0.201680672269,2.01465221053,0.978545359402,0.524369747899,1.74894926439,0.849489642704,0.463865546218,0.814492905316,0.428238537847,2.33333333333,1.90196078431,0.814492905316,2.33333333333,0,0,0,0,0.164242424242,17,17,17,1,0,0.352941176471,0.411764705882,0.235294117647,17,37,0.136029411765,1.88235294118,4.35294117647,3.36363636364,2.84615384615,1.69341284359,0.389027274878,0.193958664547,2.09866904602,0.964253345467,0.518282988871,1.87867287326,0.863174022847,0.470588235294,0.786197569093,0.41766745858,2.25,1.88235294118,0.786197569093,2.25,0.166339869281,0.0612244897959,3,0.00441176470588,0.185952380952,17,17,17,1,0,0.352941176471,0.411764705882,0.235294117647,0,0,0,0,0,0,0,0,0,0,0,0,0,0,0,0,0,0,0,0,0,0,0,0,0,0,0,0,0,37,0,0,235,1,1,0,0,1,1,1,1,1,1,2,2,0,0,0,0
3286,WLNM_dir_neg,1,0.5,00:00:00,10,80,16,1986366789,threshold_sweep,0.1,1,1,1,2,0,0,4,1,1,0,0,1,1,1,1,0.555555555556,1,1,1,37,35,2,0,37,0,35,0,2,17,37,0.136029411765,1.88235294118,4.35294117647,3.36363636364,2.84615384615,1.69341284359,0.389027274878,0.193958664547,2.09866904602,0.964253345467,0.518282988871,1.87867287326,0.863174022847,0.470588235294,0.786197569093,0.41766745858,2.25,1.88235294118,0.786197569093,2.25,0.166339869281,0.0612244897959,3,0.00441176470588,0.185952380952,17,17,17,1,0,0.352941176471,0.411764705882,0.235294117647,17,0.128676470588,1.90196078431,4.11764705882,3.18181818182,2.69230769231,1.57648156274,0.382859808093,0.201680672269,2.01465221053,0.978545359402,0.524369747899,1.74894926439,0.849489642704,0.463865546218,0.814492905316,0.428238537847,2.33333333333,1.90196078431,0.814492905316,2.33333333333,0,0,0,0,0.164242424242,17,17,17,1,0,0.352941176471,0.411764705882,0.235294117647,17,37,0.136029411765,1.88235294118,4.35294117647,3.36363636364,2.84615384615,1.69341284359,0.389027274878,0.193958664547,2.09866904602,0.964253345467,0.518282988871,1.87867287326,0.863174022847,0.470588235294,0.786197569093,0.41766745858,2.25,1.88235294118,0.786197569093,2.25,0.166339869281,0.0612244897959,3,0.00441176470588,0.185952380952,17,17,17,1,0,0.352941176471,0.411764705882,0.235294117647,0,0,0,0,0,0,0,0,0,0,0,0,0,0,0,0,0,0,0,0,0,0,0,0,0,0,0,0,0,37,0,0,235,1,1,0,0,1,1,1,1,1,1,2,2,0,0,0,0
3287,WLNM_dir_neg,1,0.5,00:00:00,10,80,16,1986366789,threshold_sweep,0.2,1,1,1,2,0,0,4,1,1,0,0,1,1,1,1,0.555555555556,1,1,1,37,35,2,0,37,0,35,0,2,17,37,0.136029411765,1.88235294118,4.35294117647,3.36363636364,2.84615384615,1.69341284359,0.389027274878,0.193958664547,2.09866904602,0.964253345467,0.518282988871,1.87867287326,0.863174022847,0.470588235294,0.786197569093,0.41766745858,2.25,1.88235294118,0.786197569093,2.25,0.166339869281,0.0612244897959,3,0.00441176470588,0.185952380952,17,17,17,1,0,0.352941176471,0.411764705882,0.235294117647,17,0.128676470588,1.90196078431,4.11764705882,3.18181818182,2.69230769231,1.57648156274,0.382859808093,0.201680672269,2.01465221053,0.978545359402,0.524369747899,1.74894926439,0.849489642704,0.463865546218,0.814492905316,0.428238537847,2.33333333333,1.90196078431,0.814492905316,2.33333333333,0,0,0,0,0.164242424242,17,17,17,1,0,0.352941176471,0.411764705882,0.235294117647,17,37,0.136029411765,1.88235294118,4.35294117647,3.36363636364,2.84615384615,1.69341284359,0.389027274878,0.193958664547,2.09866904602,0.964253345467,0.518282988871,1.87867287326,0.863174022847,0.470588235294,0.786197569093,0.41766745858,2.25,1.88235294118,0.786197569093,2.25,0.166339869281,0.0612244897959,3,0.00441176470588,0.185952380952,17,17,17,1,0,0.352941176471,0.411764705882,0.235294117647,0,0,0,0,0,0,0,0,0,0,0,0,0,0,0,0,0,0,0,0,0,0,0,0,0,0,0,0,0,37,0,0,235,1,1,0,0,1,1,1,1,1,1,2,2,0,0,0,0
3288,WLNM_dir_neg,1,0.5,00:00:00,10,80,16,1986366789,threshold_sweep,0.3,1,1,1,2,0,0,4,1,1,0,0,1,1,1,1,0.555555555556,1,1,1,37,35,2,0,37,0,35,0,2,17,37,0.136029411765,1.88235294118,4.35294117647,3.36363636364,2.84615384615,1.69341284359,0.389027274878,0.193958664547,2.09866904602,0.964253345467,0.518282988871,1.87867287326,0.863174022847,0.470588235294,0.786197569093,0.41766745858,2.25,1.88235294118,0.786197569093,2.25,0.166339869281,0.0612244897959,3,0.00441176470588,0.185952380952,17,17,17,1,0,0.352941176471,0.411764705882,0.235294117647,17,0.128676470588,1.90196078431,4.11764705882,3.18181818182,2.69230769231,1.57648156274,0.382859808093,0.201680672269,2.01465221053,0.978545359402,0.524369747899,1.74894926439,0.849489642704,0.463865546218,0.814492905316,0.428238537847,2.33333333333,1.90196078431,0.814492905316,2.33333333333,0,0,0,0,0.164242424242,17,17,17,1,0,0.352941176471,0.411764705882,0.235294117647,17,37,0.136029411765,1.88235294118,4.35294117647,3.36363636364,2.84615384615,1.69341284359,0.389027274878,0.193958664547,2.09866904602,0.964253345467,0.518282988871,1.87867287326,0.863174022847,0.470588235294,0.786197569093,0.41766745858,2.25,1.88235294118,0.786197569093,2.25,0.166339869281,0.0612244897959,3,0.00441176470588,0.185952380952,17,17,17,1,0,0.352941176471,0.411764705882,0.235294117647,0,0,0,0,0,0,0,0,0,0,0,0,0,0,0,0,0,0,0,0,0,0,0,0,0,0,0,0,0,37,0,0,235,1,1,0,0,1,1,1,1,1,1,2,2,0,0,0,0
3289,WLNM_dir_neg,1,0.5,00:00:00,10,80,16,1986366789,threshold_sweep,0.4,1,1,1,2,0,0,4,1,1,0,0,1,1,1,1,0.555555555556,1,1,1,37,35,2,0,37,0,35,0,2,17,37,0.136029411765,1.88235294118,4.35294117647,3.36363636364,2.84615384615,1.69341284359,0.389027274878,0.193958664547,2.09866904602,0.964253345467,0.518282988871,1.87867287326,0.863174022847,0.470588235294,0.786197569093,0.41766745858,2.25,1.88235294118,0.786197569093,2.25,0.166339869281,0.0612244897959,3,0.00441176470588,0.185952380952,17,17,17,1,0,0.352941176471,0.411764705882,0.235294117647,17,0.128676470588,1.90196078431,4.11764705882,3.18181818182,2.69230769231,1.57648156274,0.382859808093,0.201680672269,2.01465221053,0.978545359402,0.524369747899,1.74894926439,0.849489642704,0.463865546218,0.814492905316,0.428238537847,2.33333333333,1.90196078431,0.814492905316,2.33333333333,0,0,0,0,0.164242424242,17,17,17,1,0,0.352941176471,0.411764705882,0.235294117647,17,37,0.136029411765,1.88235294118,4.35294117647,3.36363636364,2.84615384615,1.69341284359,0.389027274878,0.193958664547,2.09866904602,0.964253345467,0.518282988871,1.87867287326,0.863174022847,0.470588235294,0.786197569093,0.41766745858,2.25,1.88235294118,0.786197569093,2.25,0.166339869281,0.0612244897959,3,0.00441176470588,0.185952380952,17,17,17,1,0,0.352941176471,0.411764705882,0.235294117647,0,0,0,0,0,0,0,0,0,0,0,0,0,0,0,0,0,0,0,0,0,0,0,0,0,0,0,0,0,37,0,0,235,1,1,0,0,1,1,1,1,1,1,2,2,0,0,0,0
3290,WLNM_dir_neg,1,0.5,00:00:00,10,80,16,1986366789,threshold_sweep,0.5,1,1,1,2,0,0,4,1,1,0,0,1,1,1,1,0.555555555556,1,1,1,37,35,2,0,37,0,35,0,2,17,37,0.136029411765,1.88235294118,4.35294117647,3.36363636364,2.84615384615,1.69341284359,0.389027274878,0.193958664547,2.09866904602,0.964253345467,0.518282988871,1.87867287326,0.863174022847,0.470588235294,0.786197569093,0.41766745858,2.25,1.88235294118,0.786197569093,2.25,0.166339869281,0.0612244897959,3,0.00441176470588,0.185952380952,17,17,17,1,0,0.352941176471,0.411764705882,0.235294117647,17,0.128676470588,1.90196078431,4.11764705882,3.18181818182,2.69230769231,1.57648156274,0.382859808093,0.201680672269,2.01465221053,0.978545359402,0.524369747899,1.74894926439,0.849489642704,0.463865546218,0.814492905316,0.428238537847,2.33333333333,1.90196078431,0.814492905316,2.33333333333,0,0,0,0,0.164242424242,17,17,17,1,0,0.352941176471,0.411764705882,0.235294117647,17,37,0.136029411765,1.88235294118,4.35294117647,3.36363636364,2.84615384615,1.69341284359,0.389027274878,0.193958664547,2.09866904602,0.964253345467,0.518282988871,1.87867287326,0.863174022847,0.470588235294,0.786197569093,0.41766745858,2.25,1.88235294118,0.786197569093,2.25,0.166339869281,0.0612244897959,3,0.00441176470588,0.185952380952,17,17,17,1,0,0.352941176471,0.411764705882,0.235294117647,0,0,0,0,0,0,0,0,0,0,0,0,0,0,0,0,0,0,0,0,0,0,0,0,0,0,0,0,0,37,0,0,235,1,1,0,0,1,1,1,1,1,1,2,2,0,0,0,0
3291,WLNM_dir_neg,1,0.5,00:00:00,10,80,16,1986366789,threshold_sweep,0.6,1,1,1,2,0,0,4,1,1,0,0,1,1,1,1,0.555555555556,1,1,1,37,35,2,0,37,0,35,0,2,17,37,0.136029411765,1.88235294118,4.35294117647,3.36363636364,2.84615384615,1.69341284359,0.389027274878,0.193958664547,2.09866904602,0.964253345467,0.518282988871,1.87867287326,0.863174022847,0.470588235294,0.786197569093,0.41766745858,2.25,1.88235294118,0.786197569093,2.25,0.166339869281,0.0612244897959,3,0.00441176470588,0.185952380952,17,17,17,1,0,0.352941176471,0.411764705882,0.235294117647,17,0.128676470588,1.90196078431,4.11764705882,3.18181818182,2.69230769231,1.57648156274,0.382859808093,0.201680672269,2.01465221053,0.978545359402,0.524369747899,1.74894926439,0.849489642704,0.463865546218,0.814492905316,0.428238537847,2.33333333333,1.90196078431,0.814492905316,2.33333333333,0,0,0,0,0.164242424242,17,17,17,1,0,0.352941176471,0.411764705882,0.235294117647,17,37,0.136029411765,1.88235294118,4.35294117647,3.36363636364,2.84615384615,1.69341284359,0.389027274878,0.193958664547,2.09866904602,0.964253345467,0.518282988871,1.87867287326,0.863174022847,0.470588235294,0.786197569093,0.41766745858,2.25,1.88235294118,0.786197569093,2.25,0.166339869281,0.0612244897959,3,0.00441176470588,0.185952380952,17,17,17,1,0,0.352941176471,0.411764705882,0.235294117647,0,0,0,0,0,0,0,0,0,0,0,0,0,0,0,0,0,0,0,0,0,0,0,0,0,0,0,0,0,37,0,0,235,1,1,0,0,1,1,1,1,1,1,2,2,0,0,0,0
3292,WLNM_dir_neg,1,0.5,00:00:00,10,80,16,1986366789,threshold_sweep,0.7,1,1,1,2,0,0,4,1,1,0,0,1,1,1,1,0.555555555556,1,1,1,37,35,2,0,37,0,35,0,2,17,37,0.136029411765,1.88235294118,4.35294117647,3.36363636364,2.84615384615,1.69341284359,0.389027274878,0.193958664547,2.09866904602,0.964253345467,0.518282988871,1.87867287326,0.863174022847,0.470588235294,0.786197569093,0.41766745858,2.25,1.88235294118,0.786197569093,2.25,0.166339869281,0.0612244897959,3,0.00441176470588,0.185952380952,17,17,17,1,0,0.352941176471,0.411764705882,0.235294117647,17,0.128676470588,1.90196078431,4.11764705882,3.18181818182,2.69230769231,1.57648156274,0.382859808093,0.201680672269,2.01465221053,0.978545359402,0.524369747899,1.74894926439,0.849489642704,0.463865546218,0.814492905316,0.428238537847,2.33333333333,1.90196078431,0.814492905316,2.33333333333,0,0,0,0,0.164242424242,17,17,17,1,0,0.352941176471,0.411764705882,0.235294117647,17,37,0.136029411765,1.88235294118,4.35294117647,3.36363636364,2.84615384615,1.69341284359,0.389027274878,0.193958664547,2.09866904602,0.964253345467,0.518282988871,1.87867287326,0.863174022847,0.470588235294,0.786197569093,0.41766745858,2.25,1.88235294118,0.786197569093,2.25,0.166339869281,0.0612244897959,3,0.00441176470588,0.185952380952,17,17,17,1,0,0.352941176471,0.411764705882,0.235294117647,0,0,0,0,0,0,0,0,0,0,0,0,0,0,0,0,0,0,0,0,0,0,0,0,0,0,0,0,0,37,0,0,235,1,1,0,0,1,1,1,1,1,1,2,2,0,0,0,0
3293,WLNM_dir_neg,1,0.5,00:00:00,10,80,16,1986366789,threshold_sweep,0.8,1,1,1,2,0,0,4,1,1,0,0,1,1,1,1,0.555555555556,1,1,1,37,35,2,0,37,0,35,0,2,17,37,0.136029411765,1.88235294118,4.35294117647,3.36363636364,2.84615384615,1.69341284359,0.389027274878,0.193958664547,2.09866904602,0.964253345467,0.518282988871,1.87867287326,0.863174022847,0.470588235294,0.786197569093,0.41766745858,2.25,1.88235294118,0.786197569093,2.25,0.166339869281,0.0612244897959,3,0.00441176470588,0.185952380952,17,17,17,1,0,0.352941176471,0.411764705882,0.235294117647,17,0.128676470588,1.90196078431,4.11764705882,3.18181818182,2.69230769231,1.57648156274,0.382859808093,0.201680672269,2.01465221053,0.978545359402,0.524369747899,1.74894926439,0.849489642704,0.463865546218,0.814492905316,0.428238537847,2.33333333333,1.90196078431,0.814492905316,2.33333333333,0,0,0,0,0.164242424242,17,17,17,1,0,0.352941176471,0.411764705882,0.235294117647,17,37,0.136029411765,1.88235294118,4.35294117647,3.36363636364,2.84615384615,1.69341284359,0.389027274878,0.193958664547,2.09866904602,0.964253345467,0.518282988871,1.87867287326,0.863174022847,0.470588235294,0.786197569093,0.41766745858,2.25,1.88235294118,0.786197569093,2.25,0.166339869281,0.0612244897959,3,0.00441176470588,0.185952380952,17,17,17,1,0,0.352941176471,0.411764705882,0.235294117647,0,0,0,0,0,0,0,0,0,0,0,0,0,0,0,0,0,0,0,0,0,0,0,0,0,0,0,0,0,37,0,0,235,1,1,0,0,1,1,1,1,1,1,2,2,0,0,0,0
3294,WLNM_dir_neg,1,0.5,00:00:00,10,80,16,1986366789,threshold_sweep,0.9,1,1,1,2,0,0,4,1,1,0,0,1,1,1,1,0.555555555556,1,1,1,37,35,2,0,37,0,35,0,2,17,37,0.136029411765,1.88235294118,4.35294117647,3.36363636364,2.84615384615,1.69341284359,0.389027274878,0.193958664547,2.09866904602,0.964253345467,0.518282988871,1.87867287326,0.863174022847,0.470588235294,0.786197569093,0.41766745858,2.25,1.88235294118,0.786197569093,2.25,0.166339869281,0.0612244897959,3,0.00441176470588,0.185952380952,17,17,17,1,0,0.352941176471,0.411764705882,0.235294117647,17,0.128676470588,1.90196078431,4.11764705882,3.18181818182,2.69230769231,1.57648156274,0.382859808093,0.201680672269,2.01465221053,0.978545359402,0.524369747899,1.74894926439,0.849489642704,0.463865546218,0.814492905316,0.428238537847,2.33333333333,1.90196078431,0.814492905316,2.33333333333,0,0,0,0,0.164242424242,17,17,17,1,0,0.352941176471,0.411764705882,0.235294117647,17,37,0.136029411765,1.88235294118,4.35294117647,3.36363636364,2.84615384615,1.69341284359,0.389027274878,0.193958664547,2.09866904602,0.964253345467,0.518282988871,1.87867287326,0.863174022847,0.470588235294,0.786197569093,0.41766745858,2.25,1.88235294118,0.786197569093,2.25,0.166339869281,0.0612244897959,3,0.00441176470588,0.185952380952,17,17,17,1,0,0.352941176471,0.411764705882,0.235294117647,0,0,0,0,0,0,0,0,0,0,0,0,0,0,0,0,0,0,0,0,0,0,0,0,0,0,0,0,0,37,0,0,235,1,1,0,0,1,1,1,1,1,1,2,2,0,0,0,0
3295,WLNM_dir_neg,0.875,0.291666666667,00:00:00,10,80,17,1986366790,threshold_sweep,0.1,0.666666666667,1,0.8,2,1,0,3,1,0.75,0.25,0,0.666666666667,1,0.8,0.833333333333,0.5,0.666666666667,0.707106781187,0.75,37,35,2,0,37,0,35,0,2,17,37,0.136029411765,1.88235294118,4.35294117647,3.36363636364,2.84615384615,1.69341284359,0.389027274878,0.193958664547,2.09866904602,0.964253345467,0.518282988871,1.87867287326,0.863174022847,0.470588235294,0.786197569093,0.41766745858,2.25,1.88235294118,0.786197569093,2.25,0.166339869281,0.0612244897959,3,0.00441176470588,0.185952380952,17,17,17,1,0,0.352941176471,0.411764705882,0.235294117647,17,0.128676470588,1.90196078431,4.11764705882,3.18181818182,2.69230769231,1.57648156274,0.382859808093,0.201680672269,2.01465221053,0.978545359402,0.524369747899,1.74894926439,0.849489642704,0.463865546218,0.814492905316,0.428238537847,2.33333333333,1.90196078431,0.814492905316,2.33333333333,0,0,0,0,0.164242424242,17,17,17,1,0,0.352941176471,0.411764705882,0.235294117647,17,38,0.139705882353,2.09294117647,4.47058823529,3.16666666667,2.92307692308,1.62471716996,0.36342357749,0.179566563467,2.04723630062,0.915868871331,0.495356037152,1.88843227853,0.84482496671,0.461300309598,0.8705082187,0.415925793083,2.45,2.09294117647,0.8705082187,2.45,0.166339869281,0.0588235294118,3,0.00441176470588,0.161778499278,17,17,17,1,0,0.294117647059,0.470588235294,0.235294117647,1,0.00367647058824,0.210588235294,0.117647058824,-0.19696969697,0.0769230769231,-0.0686956736295,-0.0256036973876,-0.0143921010794,-0.0514327453931,-0.0483844741355,-0.0229269517195,0.00975940527302,-0.018349056137,-0.00928792569659,0.084310649607,-0.00174166549743,0.2,0.210588235294,0.084310649607,0.2,0,-0.00240096038415,0,0,-0.0241738816739,-0.0588235294118,0.0588235294118,0,37,1,0,234,1,0.995744680851,0.00425531914894,0,0.973684210526,1,0.986666666667,0.984652666406,0.995744680851,0.973684210526,3,2,0,0,0,0
3296,WLNM_dir_neg,0.875,0.291666666667,00:00:00,10,80,17,1986366790,threshold_sweep,0.2,0.666666666667,1,0.8,2,1,0,3,1,0.75,0.25,0,0.666666666667,1,0.8,0.833333333333,0.5,0.666666666667,0.707106781187,0.75,37,35,2,0,37,0,35,0,2,17,37,0.136029411765,1.88235294118,4.35294117647,3.36363636364,2.84615384615,1.69341284359,0.389027274878,0.193958664547,2.09866904602,0.964253345467,0.518282988871,1.87867287326,0.863174022847,0.470588235294,0.786197569093,0.41766745858,2.25,1.88235294118,0.786197569093,2.25,0.166339869281,0.0612244897959,3,0.00441176470588,0.185952380952,17,17,17,1,0,0.352941176471,0.411764705882,0.235294117647,17,0.128676470588,1.90196078431,4.11764705882,3.18181818182,2.69230769231,1.57648156274,0.382859808093,0.201680672269,2.01465221053,0.978545359402,0.524369747899,1.74894926439,0.849489642704,0.463865546218,0.814492905316,0.428238537847,2.33333333333,1.90196078431,0.814492905316,2.33333333333,0,0,0,0,0.164242424242,17,17,17,1,0,0.352941176471,0.411764705882,0.235294117647,17,38,0.139705882353,2.09294117647,4.47058823529,3.16666666667,2.92307692308,1.62471716996,0.36342357749,0.179566563467,2.04723630062,0.915868871331,0.495356037152,1.88843227853,0.84482496671,0.461300309598,0.8705082187,0.415925793083,2.45,2.09294117647,0.8705082187,2.45,0.166339869281,0.0588235294118,3,0.00441176470588,0.161778499278,17,17,17,1,0,0.294117647059,0.470588235294,0.235294117647,1,0.00367647058824,0.210588235294,0.117647058824,-0.19696969697,0.0769230769231,-0.0686956736295,-0.0256036973876,-0.0143921010794,-0.0514327453931,-0.0483844741355,-0.0229269517195,0.00975940527302,-0.018349056137,-0.00928792569659,0.084310649607,-0.00174166549743,0.2,0.210588235294,0.084310649607,0.2,0,-0.00240096038415,0,0,-0.0241738816739,-0.0588235294118,0.0588235294118,0,37,1,0,234,1,0.995744680851,0.00425531914894,0,0.973684210526,1,0.986666666667,0.984652666406,0.995744680851,0.973684210526,3,2,0,0,0,0
3297,WLNM_dir_neg,0.875,0.291666666667,00:00:00,10,80,17,1986366790,threshold_sweep,0.3,0.666666666667,1,0.8,2,1,0,3,1,0.75,0.25,0,0.666666666667,1,0.8,0.833333333333,0.5,0.666666666667,0.707106781187,0.75,37,35,2,0,37,0,35,0,2,17,37,0.136029411765,1.88235294118,4.35294117647,3.36363636364,2.84615384615,1.69341284359,0.389027274878,0.193958664547,2.09866904602,0.964253345467,0.518282988871,1.87867287326,0.863174022847,0.470588235294,0.786197569093,0.41766745858,2.25,1.88235294118,0.786197569093,2.25,0.166339869281,0.0612244897959,3,0.00441176470588,0.185952380952,17,17,17,1,0,0.352941176471,0.411764705882,0.235294117647,17,0.128676470588,1.90196078431,4.11764705882,3.18181818182,2.69230769231,1.57648156274,0.382859808093,0.201680672269,2.01465221053,0.978545359402,0.524369747899,1.74894926439,0.849489642704,0.463865546218,0.814492905316,0.428238537847,2.33333333333,1.90196078431,0.814492905316,2.33333333333,0,0,0,0,0.164242424242,17,17,17,1,0,0.352941176471,0.411764705882,0.235294117647,17,38,0.139705882353,2.09294117647,4.47058823529,3.16666666667,2.92307692308,1.62471716996,0.36342357749,0.179566563467,2.04723630062,0.915868871331,0.495356037152,1.88843227853,0.84482496671,0.461300309598,0.8705082187,0.415925793083,2.45,2.09294117647,0.8705082187,2.45,0.166339869281,0.0588235294118,3,0.00441176470588,0.161778499278,17,17,17,1,0,0.294117647059,0.470588235294,0.235294117647,1,0.00367647058824,0.210588235294,0.117647058824,-0.19696969697,0.0769230769231,-0.0686956736295,-0.0256036973876,-0.0143921010794,-0.0514327453931,-0.0483844741355,-0.0229269517195,0.00975940527302,-0.018349056137,-0.00928792569659,0.084310649607,-0.00174166549743,0.2,0.210588235294,0.084310649607,0.2,0,-0.00240096038415,0,0,-0.0241738816739,-0.0588235294118,0.0588235294118,0,37,1,0,234,1,0.995744680851,0.00425531914894,0,0.973684210526,1,0.986666666667,0.984652666406,0.995744680851,0.973684210526,3,2,0,0,0,0
3298,WLNM_dir_neg,0.875,0.291666666667,00:00:00,10,80,17,1986366790,threshold_sweep,0.4,0.666666666667,1,0.8,2,1,0,3,1,0.75,0.25,0,0.666666666667,1,0.8,0.833333333333,0.5,0.666666666667,0.707106781187,0.75,37,35,2,0,37,0,35,0,2,17,37,0.136029411765,1.88235294118,4.35294117647,3.36363636364,2.84615384615,1.69341284359,0.389027274878,0.193958664547,2.09866904602,0.964253345467,0.518282988871,1.87867287326,0.863174022847,0.470588235294,0.786197569093,0.41766745858,2.25,1.88235294118,0.786197569093,2.25,0.166339869281,0.0612244897959,3,0.00441176470588,0.185952380952,17,17,17,1,0,0.352941176471,0.411764705882,0.235294117647,17,0.128676470588,1.90196078431,4.11764705882,3.18181818182,2.69230769231,1.57648156274,0.382859808093,0.201680672269,2.01465221053,0.978545359402,0.524369747899,1.74894926439,0.849489642704,0.463865546218,0.814492905316,0.428238537847,2.33333333333,1.90196078431,0.814492905316,2.33333333333,0,0,0,0,0.164242424242,17,17,17,1,0,0.352941176471,0.411764705882,0.235294117647,17,38,0.139705882353,2.09294117647,4.47058823529,3.16666666667,2.92307692308,1.62471716996,0.36342357749,0.179566563467,2.04723630062,0.915868871331,0.495356037152,1.88843227853,0.84482496671,0.461300309598,0.8705082187,0.415925793083,2.45,2.09294117647,0.8705082187,2.45,0.166339869281,0.0588235294118,3,0.00441176470588,0.161778499278,17,17,17,1,0,0.294117647059,0.470588235294,0.235294117647,1,0.00367647058824,0.210588235294,0.117647058824,-0.19696969697,0.0769230769231,-0.0686956736295,-0.0256036973876,-0.0143921010794,-0.0514327453931,-0.0483844741355,-0.0229269517195,0.00975940527302,-0.018349056137,-0.00928792569659,0.084310649607,-0.00174166549743,0.2,0.210588235294,0.084310649607,0.2,0,-0.00240096038415,0,0,-0.0241738816739,-0.0588235294118,0.0588235294118,0,37,1,0,234,1,0.995744680851,0.00425531914894,0,0.973684210526,1,0.986666666667,0.984652666406,0.995744680851,0.973684210526,3,2,0,0,0,0
3299,WLNM_dir_neg,0.875,0.291666666667,00:00:00,10,80,17,1986366790,threshold_sweep,0.5,0.666666666667,1,0.8,2,1,0,3,1,0.75,0.25,0,0.666666666667,1,0.8,0.833333333333,0.5,0.666666666667,0.707106781187,0.75,37,35,2,0,37,0,35,0,2,17,37,0.136029411765,1.88235294118,4.35294117647,3.36363636364,2.84615384615,1.69341284359,0.389027274878,0.193958664547,2.09866904602,0.964253345467,0.518282988871,1.87867287326,0.863174022847,0.470588235294,0.786197569093,0.41766745858,2.25,1.88235294118,0.786197569093,2.25,0.166339869281,0.0612244897959,3,0.00441176470588,0.185952380952,17,17,17,1,0,0.352941176471,0.411764705882,0.235294117647,17,0.128676470588,1.90196078431,4.11764705882,3.18181818182,2.69230769231,1.57648156274,0.382859808093,0.201680672269,2.01465221053,0.978545359402,0.524369747899,1.74894926439,0.849489642704,0.463865546218,0.814492905316,0.428238537847,2.33333333333,1.90196078431,0.814492905316,2.33333333333,0,0,0,0,0.164242424242,17,17,17,1,0,0.352941176471,0.411764705882,0.235294117647,17,38,0.139705882353,2.09294117647,4.47058823529,3.16666666667,2.92307692308,1.62471716996,0.36342357749,0.179566563467,2.04723630062,0.915868871331,0.495356037152,1.88843227853,0.84482496671,0.461300309598,0.8705082187,0.415925793083,2.45,2.09294117647,0.8705082187,2.45,0.166339869281,0.0588235294118,3,0.00441176470588,0.161778499278,17,17,17,1,0,0.294117647059,0.470588235294,0.235294117647,1,0.00367647058824,0.210588235294,0.117647058824,-0.19696969697,0.0769230769231,-0.0686956736295,-0.0256036973876,-0.0143921010794,-0.0514327453931,-0.0483844741355,-0.0229269517195,0.00975940527302,-0.018349056137,-0.00928792569659,0.084310649607,-0.00174166549743,0.2,0.210588235294,0.084310649607,0.2,0,-0.00240096038415,0,0,-0.0241738816739,-0.0588235294118,0.0588235294118,0,37,1,0,234,1,0.995744680851,0.00425531914894,0,0.973684210526,1,0.986666666667,0.984652666406,0.995744680851,0.973684210526,3,2,0,0,0,0
3300,WLNM_dir_neg,0.875,0.291666666667,00:00:00,10,80,17,1986366790,threshold_sweep,0.6,0.666666666667,1,0.8,2,1,0,3,1,0.75,0.25,0,0.666666666667,1,0.8,0.833333333333,0.5,0.666666666667,0.707106781187,0.75,37,35,2,0,37,0,35,0,2,17,37,0.136029411765,1.88235294118,4.35294117647,3.36363636364,2.84615384615,1.69341284359,0.389027274878,0.193958664547,2.09866904602,0.964253345467,0.518282988871,1.87867287326,0.863174022847,0.470588235294,0.786197569093,0.41766745858,2.25,1.88235294118,0.786197569093,2.25,0.166339869281,0.0612244897959,3,0.00441176470588,0.185952380952,17,17,17,1,0,0.352941176471,0.411764705882,0.235294117647,17,0.128676470588,1.90196078431,4.11764705882,3.18181818182,2.69230769231,1.57648156274,0.382859808093,0.201680672269,2.01465221053,0.978545359402,0.524369747899,1.74894926439,0.849489642704,0.463865546218,0.814492905316,0.428238537847,2.33333333333,1.90196078431,0.814492905316,2.33333333333,0,0,0,0,0.164242424242,17,17,17,1,0,0.352941176471,0.411764705882,0.235294117647,17,38,0.139705882353,2.09294117647,4.47058823529,3.16666666667,2.92307692308,1.62471716996,0.36342357749,0.179566563467,2.04723630062,0.915868871331,0.495356037152,1.88843227853,0.84482496671,0.461300309598,0.8705082187,0.415925793083,2.45,2.09294117647,0.8705082187,2.45,0.166339869281,0.0588235294118,3,0.00441176470588,0.161778499278,17,17,17,1,0,0.294117647059,0.470588235294,0.235294117647,1,0.00367647058824,0.210588235294,0.117647058824,-0.19696969697,0.0769230769231,-0.0686956736295,-0.0256036973876,-0.0143921010794,-0.0514327453931,-0.0483844741355,-0.0229269517195,0.00975940527302,-0.018349056137,-0.00928792569659,0.084310649607,-0.00174166549743,0.2,0.210588235294,0.084310649607,0.2,0,-0.00240096038415,0,0,-0.0241738816739,-0.0588235294118,0.0588235294118,0,37,1,0,234,1,0.995744680851,0.00425531914894,0,0.973684210526,1,0.986666666667,0.984652666406,0.995744680851,0.973684210526,3,2,0,0,0,0
3301,WLNM_dir_neg,0.875,0.291666666667,00:00:00,10,80,17,1986366790,threshold_sweep,0.7,0.666666666667,1,0.8,2,1,0,3,1,0.75,0.25,0,0.666666666667,1,0.8,0.833333333333,0.5,0.666666666667,0.707106781187,0.75,37,35,2,0,37,0,35,0,2,17,37,0.136029411765,1.88235294118,4.35294117647,3.36363636364,2.84615384615,1.69341284359,0.389027274878,0.193958664547,2.09866904602,0.964253345467,0.518282988871,1.87867287326,0.863174022847,0.470588235294,0.786197569093,0.41766745858,2.25,1.88235294118,0.786197569093,2.25,0.166339869281,0.0612244897959,3,0.00441176470588,0.185952380952,17,17,17,1,0,0.352941176471,0.411764705882,0.235294117647,17,0.128676470588,1.90196078431,4.11764705882,3.18181818182,2.69230769231,1.57648156274,0.382859808093,0.201680672269,2.01465221053,0.978545359402,0.524369747899,1.74894926439,0.849489642704,0.463865546218,0.814492905316,0.428238537847,2.33333333333,1.90196078431,0.814492905316,2.33333333333,0,0,0,0,0.164242424242,17,17,17,1,0,0.352941176471,0.411764705882,0.235294117647,17,38,0.139705882353,2.09294117647,4.47058823529,3.16666666667,2.92307692308,1.62471716996,0.36342357749,0.179566563467,2.04723630062,0.915868871331,0.495356037152,1.88843227853,0.84482496671,0.461300309598,0.8705082187,0.415925793083,2.45,2.09294117647,0.8705082187,2.45,0.166339869281,0.0588235294118,3,0.00441176470588,0.161778499278,17,17,17,1,0,0.294117647059,0.470588235294,0.235294117647,1,0.00367647058824,0.210588235294,0.117647058824,-0.19696969697,0.0769230769231,-0.0686956736295,-0.0256036973876,-0.0143921010794,-0.0514327453931,-0.0483844741355,-0.0229269517195,0.00975940527302,-0.018349056137,-0.00928792569659,0.084310649607,-0.00174166549743,0.2,0.210588235294,0.084310649607,0.2,0,-0.00240096038415,0,0,-0.0241738816739,-0.0588235294118,0.0588235294118,0,37,1,0,234,1,0.995744680851,0.00425531914894,0,0.973684210526,1,0.986666666667,0.984652666406,0.995744680851,0.973684210526,3,2,0,0,0,0
3302,WLNM_dir_neg,0.875,0.291666666667,00:00:00,10,80,17,1986366790,threshold_sweep,0.8,0.666666666667,1,0.8,2,1,0,3,1,0.75,0.25,0,0.666666666667,1,0.8,0.833333333333,0.5,0.666666666667,0.707106781187,0.75,37,35,2,0,37,0,35,0,2,17,37,0.136029411765,1.88235294118,4.35294117647,3.36363636364,2.84615384615,1.69341284359,0.389027274878,0.193958664547,2.09866904602,0.964253345467,0.518282988871,1.87867287326,0.863174022847,0.470588235294,0.786197569093,0.41766745858,2.25,1.88235294118,0.786197569093,2.25,0.166339869281,0.0612244897959,3,0.00441176470588,0.185952380952,17,17,17,1,0,0.352941176471,0.411764705882,0.235294117647,17,0.128676470588,1.90196078431,4.11764705882,3.18181818182,2.69230769231,1.57648156274,0.382859808093,0.201680672269,2.01465221053,0.978545359402,0.524369747899,1.74894926439,0.849489642704,0.463865546218,0.814492905316,0.428238537847,2.33333333333,1.90196078431,0.814492905316,2.33333333333,0,0,0,0,0.164242424242,17,17,17,1,0,0.352941176471,0.411764705882,0.235294117647,17,38,0.139705882353,2.09294117647,4.47058823529,3.16666666667,2.92307692308,1.62471716996,0.36342357749,0.179566563467,2.04723630062,0.915868871331,0.495356037152,1.88843227853,0.84482496671,0.461300309598,0.8705082187,0.415925793083,2.45,2.09294117647,0.8705082187,2.45,0.166339869281,0.0588235294118,3,0.00441176470588,0.161778499278,17,17,17,1,0,0.294117647059,0.470588235294,0.235294117647,1,0.00367647058824,0.210588235294,0.117647058824,-0.19696969697,0.0769230769231,-0.0686956736295,-0.0256036973876,-0.0143921010794,-0.0514327453931,-0.0483844741355,-0.0229269517195,0.00975940527302,-0.018349056137,-0.00928792569659,0.084310649607,-0.00174166549743,0.2,0.210588235294,0.084310649607,0.2,0,-0.00240096038415,0,0,-0.0241738816739,-0.0588235294118,0.0588235294118,0,37,1,0,234,1,0.995744680851,0.00425531914894,0,0.973684210526,1,0.986666666667,0.984652666406,0.995744680851,0.973684210526,3,2,0,0,0,0
3303,WLNM_dir_neg,0.875,0.291666666667,00:00:00,10,80,17,1986366790,threshold_sweep,0.9,0.666666666667,1,0.8,2,1,0,3,1,0.75,0.25,0,0.666666666667,1,0.8,0.833333333333,0.5,0.666666666667,0.707106781187,0.75,37,35,2,0,37,0,35,0,2,17,37,0.136029411765,1.88235294118,4.35294117647,3.36363636364,2.84615384615,1.69341284359,0.389027274878,0.193958664547,2.09866904602,0.964253345467,0.518282988871,1.87867287326,0.863174022847,0.470588235294,0.786197569093,0.41766745858,2.25,1.88235294118,0.786197569093,2.25,0.166339869281,0.0612244897959,3,0.00441176470588,0.185952380952,17,17,17,1,0,0.352941176471,0.411764705882,0.235294117647,17,0.128676470588,1.90196078431,4.11764705882,3.18181818182,2.69230769231,1.57648156274,0.382859808093,0.201680672269,2.01465221053,0.978545359402,0.524369747899,1.74894926439,0.849489642704,0.463865546218,0.814492905316,0.428238537847,2.33333333333,1.90196078431,0.814492905316,2.33333333333,0,0,0,0,0.164242424242,17,17,17,1,0,0.352941176471,0.411764705882,0.235294117647,17,38,0.139705882353,2.09294117647,4.47058823529,3.16666666667,2.92307692308,1.62471716996,0.36342357749,0.179566563467,2.04723630062,0.915868871331,0.495356037152,1.88843227853,0.84482496671,0.461300309598,0.8705082187,0.415925793083,2.45,2.09294117647,0.8705082187,2.45,0.166339869281,0.0588235294118,3,0.00441176470588,0.161778499278,17,17,17,1,0,0.294117647059,0.470588235294,0.235294117647,1,0.00367647058824,0.210588235294,0.117647058824,-0.19696969697,0.0769230769231,-0.0686956736295,-0.0256036973876,-0.0143921010794,-0.0514327453931,-0.0483844741355,-0.0229269517195,0.00975940527302,-0.018349056137,-0.00928792569659,0.084310649607,-0.00174166549743,0.2,0.210588235294,0.084310649607,0.2,0,-0.00240096038415,0,0,-0.0241738816739,-0.0588235294118,0.0588235294118,0,37,1,0,234,1,0.995744680851,0.00425531914894,0,0.973684210526,1,0.986666666667,0.984652666406,0.995744680851,0.973684210526,3,2,0,0,0,0
3304,WLNM_dir_neg,1,0.5,00:00:00,10,80,18,1986366791,threshold_sweep,0.1,1,1,1,2,0,0,4,1,1,0,0,1,1,1,1,0.555555555556,1,1,1,37,35,2,0,37,0,35,0,2,17,37,0.136029411765,1.88235294118,4.35294117647,3.36363636364,2.84615384615,1.69341284359,0.389027274878,0.193958664547,2.09866904602,0.964253345467,0.518282988871,1.87867287326,0.863174022847,0.470588235294,0.786197569093,0.41766745858,2.25,1.88235294118,0.786197569093,2.25,0.166339869281,0.0612244897959,3,0.00441176470588,0.185952380952,17,17,17,1,0,0.352941176471,0.411764705882,0.235294117647,17,0.128676470588,1.90196078431,4.11764705882,3.18181818182,2.69230769231,1.57648156274,0.382859808093,0.201680672269,2.01465221053,0.978545359402,0.524369747899,1.74894926439,0.849489642704,0.463865546218,0.814492905316,0.428238537847,2.33333333333,1.90196078431,0.814492905316,2.33333333333,0,0,0,0,0.164242424242,17,17,17,1,0,0.352941176471,0.411764705882,0.235294117647,17,37,0.136029411765,1.88235294118,4.35294117647,3.36363636364,2.84615384615,1.69341284359,0.389027274878,0.193958664547,2.09866904602,0.964253345467,0.518282988871,1.87867287326,0.863174022847,0.470588235294,0.786197569093,0.41766745858,2.25,1.88235294118,0.786197569093,2.25,0.166339869281,0.0612244897959,3,0.00441176470588,0.185952380952,17,17,17,1,0,0.352941176471,0.411764705882,0.235294117647,0,0,0,0,0,0,0,0,0,0,0,0,0,0,0,0,0,0,0,0,0,0,0,0,0,0,0,0,0,37,0,0,235,1,1,0,0,1,1,1,1,1,1,2,2,0,0,0,0
3305,WLNM_dir_neg,1,0.5,00:00:00,10,80,18,1986366791,threshold_sweep,0.2,1,1,1,2,0,0,4,1,1,0,0,1,1,1,1,0.555555555556,1,1,1,37,35,2,0,37,0,35,0,2,17,37,0.136029411765,1.88235294118,4.35294117647,3.36363636364,2.84615384615,1.69341284359,0.389027274878,0.193958664547,2.09866904602,0.964253345467,0.518282988871,1.87867287326,0.863174022847,0.470588235294,0.786197569093,0.41766745858,2.25,1.88235294118,0.786197569093,2.25,0.166339869281,0.0612244897959,3,0.00441176470588,0.185952380952,17,17,17,1,0,0.352941176471,0.411764705882,0.235294117647,17,0.128676470588,1.90196078431,4.11764705882,3.18181818182,2.69230769231,1.57648156274,0.382859808093,0.201680672269,2.01465221053,0.978545359402,0.524369747899,1.74894926439,0.849489642704,0.463865546218,0.814492905316,0.428238537847,2.33333333333,1.90196078431,0.814492905316,2.33333333333,0,0,0,0,0.164242424242,17,17,17,1,0,0.352941176471,0.411764705882,0.235294117647,17,37,0.136029411765,1.88235294118,4.35294117647,3.36363636364,2.84615384615,1.69341284359,0.389027274878,0.193958664547,2.09866904602,0.964253345467,0.518282988871,1.87867287326,0.863174022847,0.470588235294,0.786197569093,0.41766745858,2.25,1.88235294118,0.786197569093,2.25,0.166339869281,0.0612244897959,3,0.00441176470588,0.185952380952,17,17,17,1,0,0.352941176471,0.411764705882,0.235294117647,0,0,0,0,0,0,0,0,0,0,0,0,0,0,0,0,0,0,0,0,0,0,0,0,0,0,0,0,0,37,0,0,235,1,1,0,0,1,1,1,1,1,1,2,2,0,0,0,0
3306,WLNM_dir_neg,1,0.5,00:00:00,10,80,18,1986366791,threshold_sweep,0.3,1,1,1,2,0,0,4,1,1,0,0,1,1,1,1,0.555555555556,1,1,1,37,35,2,0,37,0,35,0,2,17,37,0.136029411765,1.88235294118,4.35294117647,3.36363636364,2.84615384615,1.69341284359,0.389027274878,0.193958664547,2.09866904602,0.964253345467,0.518282988871,1.87867287326,0.863174022847,0.470588235294,0.786197569093,0.41766745858,2.25,1.88235294118,0.786197569093,2.25,0.166339869281,0.0612244897959,3,0.00441176470588,0.185952380952,17,17,17,1,0,0.352941176471,0.411764705882,0.235294117647,17,0.128676470588,1.90196078431,4.11764705882,3.18181818182,2.69230769231,1.57648156274,0.382859808093,0.201680672269,2.01465221053,0.978545359402,0.524369747899,1.74894926439,0.849489642704,0.463865546218,0.814492905316,0.428238537847,2.33333333333,1.90196078431,0.814492905316,2.33333333333,0,0,0,0,0.164242424242,17,17,17,1,0,0.352941176471,0.411764705882,0.235294117647,17,37,0.136029411765,1.88235294118,4.35294117647,3.36363636364,2.84615384615,1.69341284359,0.389027274878,0.193958664547,2.09866904602,0.964253345467,0.518282988871,1.87867287326,0.863174022847,0.470588235294,0.786197569093,0.41766745858,2.25,1.88235294118,0.786197569093,2.25,0.166339869281,0.0612244897959,3,0.00441176470588,0.185952380952,17,17,17,1,0,0.352941176471,0.411764705882,0.235294117647,0,0,0,0,0,0,0,0,0,0,0,0,0,0,0,0,0,0,0,0,0,0,0,0,0,0,0,0,0,37,0,0,235,1,1,0,0,1,1,1,1,1,1,2,2,0,0,0,0
3307,WLNM_dir_neg,1,0.5,00:00:00,10,80,18,1986366791,threshold_sweep,0.4,1,1,1,2,0,0,4,1,1,0,0,1,1,1,1,0.555555555556,1,1,1,37,35,2,0,37,0,35,0,2,17,37,0.136029411765,1.88235294118,4.35294117647,3.36363636364,2.84615384615,1.69341284359,0.389027274878,0.193958664547,2.09866904602,0.964253345467,0.518282988871,1.87867287326,0.863174022847,0.470588235294,0.786197569093,0.41766745858,2.25,1.88235294118,0.786197569093,2.25,0.166339869281,0.0612244897959,3,0.00441176470588,0.185952380952,17,17,17,1,0,0.352941176471,0.411764705882,0.235294117647,17,0.128676470588,1.90196078431,4.11764705882,3.18181818182,2.69230769231,1.57648156274,0.382859808093,0.201680672269,2.01465221053,0.978545359402,0.524369747899,1.74894926439,0.849489642704,0.463865546218,0.814492905316,0.428238537847,2.33333333333,1.90196078431,0.814492905316,2.33333333333,0,0,0,0,0.164242424242,17,17,17,1,0,0.352941176471,0.411764705882,0.235294117647,17,37,0.136029411765,1.88235294118,4.35294117647,3.36363636364,2.84615384615,1.69341284359,0.389027274878,0.193958664547,2.09866904602,0.964253345467,0.518282988871,1.87867287326,0.863174022847,0.470588235294,0.786197569093,0.41766745858,2.25,1.88235294118,0.786197569093,2.25,0.166339869281,0.0612244897959,3,0.00441176470588,0.185952380952,17,17,17,1,0,0.352941176471,0.411764705882,0.235294117647,0,0,0,0,0,0,0,0,0,0,0,0,0,0,0,0,0,0,0,0,0,0,0,0,0,0,0,0,0,37,0,0,235,1,1,0,0,1,1,1,1,1,1,2,2,0,0,0,0
3308,WLNM_dir_neg,1,0.5,00:00:00,10,80,18,1986366791,threshold_sweep,0.5,1,1,1,2,0,0,4,1,1,0,0,1,1,1,1,0.555555555556,1,1,1,37,35,2,0,37,0,35,0,2,17,37,0.136029411765,1.88235294118,4.35294117647,3.36363636364,2.84615384615,1.69341284359,0.389027274878,0.193958664547,2.09866904602,0.964253345467,0.518282988871,1.87867287326,0.863174022847,0.470588235294,0.786197569093,0.41766745858,2.25,1.88235294118,0.786197569093,2.25,0.166339869281,0.0612244897959,3,0.00441176470588,0.185952380952,17,17,17,1,0,0.352941176471,0.411764705882,0.235294117647,17,0.128676470588,1.90196078431,4.11764705882,3.18181818182,2.69230769231,1.57648156274,0.382859808093,0.201680672269,2.01465221053,0.978545359402,0.524369747899,1.74894926439,0.849489642704,0.463865546218,0.814492905316,0.428238537847,2.33333333333,1.90196078431,0.814492905316,2.33333333333,0,0,0,0,0.164242424242,17,17,17,1,0,0.352941176471,0.411764705882,0.235294117647,17,37,0.136029411765,1.88235294118,4.35294117647,3.36363636364,2.84615384615,1.69341284359,0.389027274878,0.193958664547,2.09866904602,0.964253345467,0.518282988871,1.87867287326,0.863174022847,0.470588235294,0.786197569093,0.41766745858,2.25,1.88235294118,0.786197569093,2.25,0.166339869281,0.0612244897959,3,0.00441176470588,0.185952380952,17,17,17,1,0,0.352941176471,0.411764705882,0.235294117647,0,0,0,0,0,0,0,0,0,0,0,0,0,0,0,0,0,0,0,0,0,0,0,0,0,0,0,0,0,37,0,0,235,1,1,0,0,1,1,1,1,1,1,2,2,0,0,0,0
3309,WLNM_dir_neg,1,0.5,00:00:00,10,80,18,1986366791,threshold_sweep,0.6,1,1,1,2,0,0,4,1,1,0,0,1,1,1,1,0.555555555556,1,1,1,37,35,2,0,37,0,35,0,2,17,37,0.136029411765,1.88235294118,4.35294117647,3.36363636364,2.84615384615,1.69341284359,0.389027274878,0.193958664547,2.09866904602,0.964253345467,0.518282988871,1.87867287326,0.863174022847,0.470588235294,0.786197569093,0.41766745858,2.25,1.88235294118,0.786197569093,2.25,0.166339869281,0.0612244897959,3,0.00441176470588,0.185952380952,17,17,17,1,0,0.352941176471,0.411764705882,0.235294117647,17,0.128676470588,1.90196078431,4.11764705882,3.18181818182,2.69230769231,1.57648156274,0.382859808093,0.201680672269,2.01465221053,0.978545359402,0.524369747899,1.74894926439,0.849489642704,0.463865546218,0.814492905316,0.428238537847,2.33333333333,1.90196078431,0.814492905316,2.33333333333,0,0,0,0,0.164242424242,17,17,17,1,0,0.352941176471,0.411764705882,0.235294117647,17,37,0.136029411765,1.88235294118,4.35294117647,3.36363636364,2.84615384615,1.69341284359,0.389027274878,0.193958664547,2.09866904602,0.964253345467,0.518282988871,1.87867287326,0.863174022847,0.470588235294,0.786197569093,0.41766745858,2.25,1.88235294118,0.786197569093,2.25,0.166339869281,0.0612244897959,3,0.00441176470588,0.185952380952,17,17,17,1,0,0.352941176471,0.411764705882,0.235294117647,0,0,0,0,0,0,0,0,0,0,0,0,0,0,0,0,0,0,0,0,0,0,0,0,0,0,0,0,0,37,0,0,235,1,1,0,0,1,1,1,1,1,1,2,2,0,0,0,0
3310,WLNM_dir_neg,1,0.5,00:00:00,10,80,18,1986366791,threshold_sweep,0.7,1,1,1,2,0,0,4,1,1,0,0,1,1,1,1,0.555555555556,1,1,1,37,35,2,0,37,0,35,0,2,17,37,0.136029411765,1.88235294118,4.35294117647,3.36363636364,2.84615384615,1.69341284359,0.389027274878,0.193958664547,2.09866904602,0.964253345467,0.518282988871,1.87867287326,0.863174022847,0.470588235294,0.786197569093,0.41766745858,2.25,1.88235294118,0.786197569093,2.25,0.166339869281,0.0612244897959,3,0.00441176470588,0.185952380952,17,17,17,1,0,0.352941176471,0.411764705882,0.235294117647,17,0.128676470588,1.90196078431,4.11764705882,3.18181818182,2.69230769231,1.57648156274,0.382859808093,0.201680672269,2.01465221053,0.978545359402,0.524369747899,1.74894926439,0.849489642704,0.463865546218,0.814492905316,0.428238537847,2.33333333333,1.90196078431,0.814492905316,2.33333333333,0,0,0,0,0.164242424242,17,17,17,1,0,0.352941176471,0.411764705882,0.235294117647,17,37,0.136029411765,1.88235294118,4.35294117647,3.36363636364,2.84615384615,1.69341284359,0.389027274878,0.193958664547,2.09866904602,0.964253345467,0.518282988871,1.87867287326,0.863174022847,0.470588235294,0.786197569093,0.41766745858,2.25,1.88235294118,0.786197569093,2.25,0.166339869281,0.0612244897959,3,0.00441176470588,0.185952380952,17,17,17,1,0,0.352941176471,0.411764705882,0.235294117647,0,0,0,0,0,0,0,0,0,0,0,0,0,0,0,0,0,0,0,0,0,0,0,0,0,0,0,0,0,37,0,0,235,1,1,0,0,1,1,1,1,1,1,2,2,0,0,0,0
3311,WLNM_dir_neg,1,0.5,00:00:00,10,80,18,1986366791,threshold_sweep,0.8,1,1,1,2,0,0,4,1,1,0,0,1,1,1,1,0.555555555556,1,1,1,37,35,2,0,37,0,35,0,2,17,37,0.136029411765,1.88235294118,4.35294117647,3.36363636364,2.84615384615,1.69341284359,0.389027274878,0.193958664547,2.09866904602,0.964253345467,0.518282988871,1.87867287326,0.863174022847,0.470588235294,0.786197569093,0.41766745858,2.25,1.88235294118,0.786197569093,2.25,0.166339869281,0.0612244897959,3,0.00441176470588,0.185952380952,17,17,17,1,0,0.352941176471,0.411764705882,0.235294117647,17,0.128676470588,1.90196078431,4.11764705882,3.18181818182,2.69230769231,1.57648156274,0.382859808093,0.201680672269,2.01465221053,0.978545359402,0.524369747899,1.74894926439,0.849489642704,0.463865546218,0.814492905316,0.428238537847,2.33333333333,1.90196078431,0.814492905316,2.33333333333,0,0,0,0,0.164242424242,17,17,17,1,0,0.352941176471,0.411764705882,0.235294117647,17,37,0.136029411765,1.88235294118,4.35294117647,3.36363636364,2.84615384615,1.69341284359,0.389027274878,0.193958664547,2.09866904602,0.964253345467,0.518282988871,1.87867287326,0.863174022847,0.470588235294,0.786197569093,0.41766745858,2.25,1.88235294118,0.786197569093,2.25,0.166339869281,0.0612244897959,3,0.00441176470588,0.185952380952,17,17,17,1,0,0.352941176471,0.411764705882,0.235294117647,0,0,0,0,0,0,0,0,0,0,0,0,0,0,0,0,0,0,0,0,0,0,0,0,0,0,0,0,0,37,0,0,235,1,1,0,0,1,1,1,1,1,1,2,2,0,0,0,0
3312,WLNM_dir_neg,1,0.5,00:00:00,10,80,18,1986366791,threshold_sweep,0.9,1,0.5,0.666666666667,1,0,1,4,0.5,1,0,0.5,1,0.5,0.666666666667,0.833333333333,0.611111111111,0.571428571429,0.632455532034,0.5,37,35,2,0,37,0,35,0,2,17,37,0.136029411765,1.88235294118,4.35294117647,3.36363636364,2.84615384615,1.69341284359,0.389027274878,0.193958664547,2.09866904602,0.964253345467,0.518282988871,1.87867287326,0.863174022847,0.470588235294,0.786197569093,0.41766745858,2.25,1.88235294118,0.786197569093,2.25,0.166339869281,0.0612244897959,3,0.00441176470588,0.185952380952,17,17,17,1,0,0.352941176471,0.411764705882,0.235294117647,17,0.128676470588,1.90196078431,4.11764705882,3.18181818182,2.69230769231,1.57648156274,0.382859808093,0.201680672269,2.01465221053,0.978545359402,0.524369747899,1.74894926439,0.849489642704,0.463865546218,0.814492905316,0.428238537847,2.33333333333,1.90196078431,0.814492905316,2.33333333333,0,0,0,0,0.164242424242,17,17,17,1,0,0.352941176471,0.411764705882,0.235294117647,17,36,0.132352941176,1.89705882353,4.23529411765,3.27272727273,2.76923076923,1.71498585143,0.40492721492,0.204248366013,2.05798302171,0.971825315808,0.522875816993,1.79869233546,0.849382491746,0.464052287582,0.805541469338,0.424626510969,2.25,1.89705882353,0.805541469338,2.25,0.0702614379085,0.0214285714286,1,0.00147058823529,0.175454545455,17,17,17,1,0,0.352941176471,0.411764705882,0.235294117647,-1,-0.00367647058824,0.0147058823529,-0.117647058824,-0.0909090909091,-0.0769230769231,0.0215730078386,0.0158999400418,0.0102897014662,-0.0406860243059,0.00757197034072,0.00459282812224,-0.0799805377942,-0.0137915311015,-0.00653594771242,0.0193439002456,0.00695905238854,0,0.0147058823529,0.0193439002456,0,-0.0960784313725,-0.0397959183673,-2,-0.00294117647059,-0.0104978354978,0,0,0,36,0,1,235,0.972972972973,1,0,0.027027027027,1,0.972972972973,0.986301369863,0.984301887704,0.972972972973,0.972972972973,1,2,0,0,0,0
3313,WLNM_dir_neg,0.875,0.291666666667,00:00:00,10,80,19,1986366792,threshold_sweep,0.1,0.5,0.5,0.5,1,1,1,3,0.5,0.75,0.25,0.5,0.5,0.5,0.5,0.666666666667,0.555555555556,0.25,0.25,0.25,37,35,2,0,37,0,35,0,2,17,37,0.136029411765,1.88235294118,4.35294117647,3.36363636364,2.84615384615,1.69341284359,0.389027274878,0.193958664547,2.09866904602,0.964253345467,0.518282988871,1.87867287326,0.863174022847,0.470588235294,0.786197569093,0.41766745858,2.25,1.88235294118,0.786197569093,2.25,0.166339869281,0.0612244897959,3,0.00441176470588,0.185952380952,17,17,17,1,0,0.352941176471,0.411764705882,0.235294117647,17,0.128676470588,1.90196078431,4.11764705882,3.18181818182,2.69230769231,1.57648156274,0.382859808093,0.201680672269,2.01465221053,0.978545359402,0.524369747899,1.74894926439,0.849489642704,0.463865546218,0.814492905316,0.428238537847,2.33333333333,1.90196078431,0.814492905316,2.33333333333,0,0,0,0,0.164242424242,17,17,17,1,0,0.352941176471,0.411764705882,0.235294117647,17,37,0.136029411765,2.18490196078,4.35294117647,3.08333333333,2.84615384615,1.72992689407,0.397415637827,0.200317965024,2.00733947421,0.92229110977,0.49920508744,1.81091462104,0.832041852911,0.454689984102,0.913882223787,0.418271501509,2.45,2.18490196078,0.913882223787,2.45,0.0702614379085,0.0202702702703,1,0.00147058823529,0.15303030303,17,17,17,1,0,0.294117647059,0.470588235294,0.235294117647,0,0,0.302549019608,0,-0.280303030303,0,0.0365140504826,0.00838836294872,0.00635930047695,-0.09132957181,-0.0419622356965,-0.0190779014308,-0.0677582522128,-0.0311321699356,-0.0158982511924,0.127684654695,0.000604042928571,0.2,0.302549019608,0.127684654695,0.2,-0.0960784313725,-0.0409542195256,-2,-0.00294117647059,-0.0329220779221,-0.0588235294118,0.0588235294118,0,36,1,1,234,0.972972972973,0.995744680851,0.00425531914894,0.027027027027,0.972972972973,0.972972972973,0.972972972973,0.968717653824,0.968717653824,0.947368421053,2,2,0,0,0,0
3314,WLNM_dir_neg,0.875,0.291666666667,00:00:00,10,80,19,1986366792,threshold_sweep,0.2,1,0.5,0.666666666667,1,0,1,4,0.5,1,0,0.5,1,0.5,0.666666666667,0.833333333333,0.611111111111,0.571428571429,0.632455532034,0.5,37,35,2,0,37,0,35,0,2,17,37,0.136029411765,1.88235294118,4.35294117647,3.36363636364,2.84615384615,1.69341284359,0.389027274878,0.193958664547,2.09866904602,0.964253345467,0.518282988871,1.87867287326,0.863174022847,0.470588235294,0.786197569093,0.41766745858,2.25,1.88235294118,0.786197569093,2.25,0.166339869281,0.0612244897959,3,0.00441176470588,0.185952380952,17,17,17,1,0,0.352941176471,0.411764705882,0.235294117647,17,0.128676470588,1.90196078431,4.11764705882,3.18181818182,2.69230769231,1.57648156274,0.382859808093,0.201680672269,2.01465221053,0.978545359402,0.524369747899,1.74894926439,0.849489642704,0.463865546218,0.814492905316,0.428238537847,2.33333333333,1.90196078431,0.814492905316,2.33333333333,0,0,0,0,0.164242424242,17,17,17,1,0,0.352941176471,0.411764705882,0.235294117647,17,36,0.132352941176,1.89705882353,4.23529411765,3.27272727273,2.76923076923,1.71498585143,0.40492721492,0.204248366013,2.05798302171,0.971825315808,0.522875816993,1.79869233546,0.849382491746,0.464052287582,0.805541469338,0.424626510969,2.25,1.89705882353,0.805541469338,2.25,0.0702614379085,0.0214285714286,1,0.00147058823529,0.175454545455,17,17,17,1,0,0.352941176471,0.411764705882,0.235294117647,-1,-0.00367647058824,0.0147058823529,-0.117647058824,-0.0909090909091,-0.0769230769231,0.0215730078386,0.0158999400418,0.0102897014662,-0.0406860243059,0.00757197034072,0.00459282812224,-0.0799805377942,-0.0137915311015,-0.00653594771242,0.0193439002456,0.00695905238854,0,0.0147058823529,0.0193439002456,0,-0.0960784313725,-0.0397959183673,-2,-0.00294117647059,-0.0104978354978,0,0,0,36,0,1,235,0.972972972973,1,0,0.027027027027,1,0.972972972973,0.986301369863,0.984301887704,0.972972972973,0.972972972973,1,2,0,0,0,0
3315,WLNM_dir_neg,0.875,0.291666666667,00:00:00,10,80,19,1986366792,threshold_sweep,0.3,1,0.5,0.666666666667,1,0,1,4,0.5,1,0,0.5,1,0.5,0.666666666667,0.833333333333,0.611111111111,0.571428571429,0.632455532034,0.5,37,35,2,0,37,0,35,0,2,17,37,0.136029411765,1.88235294118,4.35294117647,3.36363636364,2.84615384615,1.69341284359,0.389027274878,0.193958664547,2.09866904602,0.964253345467,0.518282988871,1.87867287326,0.863174022847,0.470588235294,0.786197569093,0.41766745858,2.25,1.88235294118,0.786197569093,2.25,0.166339869281,0.0612244897959,3,0.00441176470588,0.185952380952,17,17,17,1,0,0.352941176471,0.411764705882,0.235294117647,17,0.128676470588,1.90196078431,4.11764705882,3.18181818182,2.69230769231,1.57648156274,0.382859808093,0.201680672269,2.01465221053,0.978545359402,0.524369747899,1.74894926439,0.849489642704,0.463865546218,0.814492905316,0.428238537847,2.33333333333,1.90196078431,0.814492905316,2.33333333333,0,0,0,0,0.164242424242,17,17,17,1,0,0.352941176471,0.411764705882,0.235294117647,17,36,0.132352941176,1.89705882353,4.23529411765,3.27272727273,2.76923076923,1.71498585143,0.40492721492,0.204248366013,2.05798302171,0.971825315808,0.522875816993,1.79869233546,0.849382491746,0.464052287582,0.805541469338,0.424626510969,2.25,1.89705882353,0.805541469338,2.25,0.0702614379085,0.0214285714286,1,0.00147058823529,0.175454545455,17,17,17,1,0,0.352941176471,0.411764705882,0.235294117647,-1,-0.00367647058824,0.0147058823529,-0.117647058824,-0.0909090909091,-0.0769230769231,0.0215730078386,0.0158999400418,0.0102897014662,-0.0406860243059,0.00757197034072,0.00459282812224,-0.0799805377942,-0.0137915311015,-0.00653594771242,0.0193439002456,0.00695905238854,0,0.0147058823529,0.0193439002456,0,-0.0960784313725,-0.0397959183673,-2,-0.00294117647059,-0.0104978354978,0,0,0,36,0,1,235,0.972972972973,1,0,0.027027027027,1,0.972972972973,0.986301369863,0.984301887704,0.972972972973,0.972972972973,1,2,0,0,0,0
3316,WLNM_dir_neg,0.875,0.291666666667,00:00:00,10,80,19,1986366792,threshold_sweep,0.4,1,0.5,0.666666666667,1,0,1,4,0.5,1,0,0.5,1,0.5,0.666666666667,0.833333333333,0.611111111111,0.571428571429,0.632455532034,0.5,37,35,2,0,37,0,35,0,2,17,37,0.136029411765,1.88235294118,4.35294117647,3.36363636364,2.84615384615,1.69341284359,0.389027274878,0.193958664547,2.09866904602,0.964253345467,0.518282988871,1.87867287326,0.863174022847,0.470588235294,0.786197569093,0.41766745858,2.25,1.88235294118,0.786197569093,2.25,0.166339869281,0.0612244897959,3,0.00441176470588,0.185952380952,17,17,17,1,0,0.352941176471,0.411764705882,0.235294117647,17,0.128676470588,1.90196078431,4.11764705882,3.18181818182,2.69230769231,1.57648156274,0.382859808093,0.201680672269,2.01465221053,0.978545359402,0.524369747899,1.74894926439,0.849489642704,0.463865546218,0.814492905316,0.428238537847,2.33333333333,1.90196078431,0.814492905316,2.33333333333,0,0,0,0,0.164242424242,17,17,17,1,0,0.352941176471,0.411764705882,0.235294117647,17,36,0.132352941176,1.89705882353,4.23529411765,3.27272727273,2.76923076923,1.71498585143,0.40492721492,0.204248366013,2.05798302171,0.971825315808,0.522875816993,1.79869233546,0.849382491746,0.464052287582,0.805541469338,0.424626510969,2.25,1.89705882353,0.805541469338,2.25,0.0702614379085,0.0214285714286,1,0.00147058823529,0.175454545455,17,17,17,1,0,0.352941176471,0.411764705882,0.235294117647,-1,-0.00367647058824,0.0147058823529,-0.117647058824,-0.0909090909091,-0.0769230769231,0.0215730078386,0.0158999400418,0.0102897014662,-0.0406860243059,0.00757197034072,0.00459282812224,-0.0799805377942,-0.0137915311015,-0.00653594771242,0.0193439002456,0.00695905238854,0,0.0147058823529,0.0193439002456,0,-0.0960784313725,-0.0397959183673,-2,-0.00294117647059,-0.0104978354978,0,0,0,36,0,1,235,0.972972972973,1,0,0.027027027027,1,0.972972972973,0.986301369863,0.984301887704,0.972972972973,0.972972972973,1,2,0,0,0,0
3317,WLNM_dir_neg,0.875,0.291666666667,00:00:00,10,80,19,1986366792,threshold_sweep,0.5,1,0.5,0.666666666667,1,0,1,4,0.5,1,0,0.5,1,0.5,0.666666666667,0.833333333333,0.611111111111,0.571428571429,0.632455532034,0.5,37,35,2,0,37,0,35,0,2,17,37,0.136029411765,1.88235294118,4.35294117647,3.36363636364,2.84615384615,1.69341284359,0.389027274878,0.193958664547,2.09866904602,0.964253345467,0.518282988871,1.87867287326,0.863174022847,0.470588235294,0.786197569093,0.41766745858,2.25,1.88235294118,0.786197569093,2.25,0.166339869281,0.0612244897959,3,0.00441176470588,0.185952380952,17,17,17,1,0,0.352941176471,0.411764705882,0.235294117647,17,0.128676470588,1.90196078431,4.11764705882,3.18181818182,2.69230769231,1.57648156274,0.382859808093,0.201680672269,2.01465221053,0.978545359402,0.524369747899,1.74894926439,0.849489642704,0.463865546218,0.814492905316,0.428238537847,2.33333333333,1.90196078431,0.814492905316,2.33333333333,0,0,0,0,0.164242424242,17,17,17,1,0,0.352941176471,0.411764705882,0.235294117647,17,36,0.132352941176,1.89705882353,4.23529411765,3.27272727273,2.76923076923,1.71498585143,0.40492721492,0.204248366013,2.05798302171,0.971825315808,0.522875816993,1.79869233546,0.849382491746,0.464052287582,0.805541469338,0.424626510969,2.25,1.89705882353,0.805541469338,2.25,0.0702614379085,0.0214285714286,1,0.00147058823529,0.175454545455,17,17,17,1,0,0.352941176471,0.411764705882,0.235294117647,-1,-0.00367647058824,0.0147058823529,-0.117647058824,-0.0909090909091,-0.0769230769231,0.0215730078386,0.0158999400418,0.0102897014662,-0.0406860243059,0.00757197034072,0.00459282812224,-0.0799805377942,-0.0137915311015,-0.00653594771242,0.0193439002456,0.00695905238854,0,0.0147058823529,0.0193439002456,0,-0.0960784313725,-0.0397959183673,-2,-0.00294117647059,-0.0104978354978,0,0,0,36,0,1,235,0.972972972973,1,0,0.027027027027,1,0.972972972973,0.986301369863,0.984301887704,0.972972972973,0.972972972973,1,2,0,0,0,0
3318,WLNM_dir_neg,0.875,0.291666666667,00:00:00,10,80,19,1986366792,threshold_sweep,0.6,1,0.5,0.666666666667,1,0,1,4,0.5,1,0,0.5,1,0.5,0.666666666667,0.833333333333,0.611111111111,0.571428571429,0.632455532034,0.5,37,35,2,0,37,0,35,0,2,17,37,0.136029411765,1.88235294118,4.35294117647,3.36363636364,2.84615384615,1.69341284359,0.389027274878,0.193958664547,2.09866904602,0.964253345467,0.518282988871,1.87867287326,0.863174022847,0.470588235294,0.786197569093,0.41766745858,2.25,1.88235294118,0.786197569093,2.25,0.166339869281,0.0612244897959,3,0.00441176470588,0.185952380952,17,17,17,1,0,0.352941176471,0.411764705882,0.235294117647,17,0.128676470588,1.90196078431,4.11764705882,3.18181818182,2.69230769231,1.57648156274,0.382859808093,0.201680672269,2.01465221053,0.978545359402,0.524369747899,1.74894926439,0.849489642704,0.463865546218,0.814492905316,0.428238537847,2.33333333333,1.90196078431,0.814492905316,2.33333333333,0,0,0,0,0.164242424242,17,17,17,1,0,0.352941176471,0.411764705882,0.235294117647,17,36,0.132352941176,1.89705882353,4.23529411765,3.27272727273,2.76923076923,1.71498585143,0.40492721492,0.204248366013,2.05798302171,0.971825315808,0.522875816993,1.79869233546,0.849382491746,0.464052287582,0.805541469338,0.424626510969,2.25,1.89705882353,0.805541469338,2.25,0.0702614379085,0.0214285714286,1,0.00147058823529,0.175454545455,17,17,17,1,0,0.352941176471,0.411764705882,0.235294117647,-1,-0.00367647058824,0.0147058823529,-0.117647058824,-0.0909090909091,-0.0769230769231,0.0215730078386,0.0158999400418,0.0102897014662,-0.0406860243059,0.00757197034072,0.00459282812224,-0.0799805377942,-0.0137915311015,-0.00653594771242,0.0193439002456,0.00695905238854,0,0.0147058823529,0.0193439002456,0,-0.0960784313725,-0.0397959183673,-2,-0.00294117647059,-0.0104978354978,0,0,0,36,0,1,235,0.972972972973,1,0,0.027027027027,1,0.972972972973,0.986301369863,0.984301887704,0.972972972973,0.972972972973,1,2,0,0,0,0
3319,WLNM_dir_neg,0.875,0.291666666667,00:00:00,10,80,19,1986366792,threshold_sweep,0.7,1,0.5,0.666666666667,1,0,1,4,0.5,1,0,0.5,1,0.5,0.666666666667,0.833333333333,0.611111111111,0.571428571429,0.632455532034,0.5,37,35,2,0,37,0,35,0,2,17,37,0.136029411765,1.88235294118,4.35294117647,3.36363636364,2.84615384615,1.69341284359,0.389027274878,0.193958664547,2.09866904602,0.964253345467,0.518282988871,1.87867287326,0.863174022847,0.470588235294,0.786197569093,0.41766745858,2.25,1.88235294118,0.786197569093,2.25,0.166339869281,0.0612244897959,3,0.00441176470588,0.185952380952,17,17,17,1,0,0.352941176471,0.411764705882,0.235294117647,17,0.128676470588,1.90196078431,4.11764705882,3.18181818182,2.69230769231,1.57648156274,0.382859808093,0.201680672269,2.01465221053,0.978545359402,0.524369747899,1.74894926439,0.849489642704,0.463865546218,0.814492905316,0.428238537847,2.33333333333,1.90196078431,0.814492905316,2.33333333333,0,0,0,0,0.164242424242,17,17,17,1,0,0.352941176471,0.411764705882,0.235294117647,17,36,0.132352941176,1.89705882353,4.23529411765,3.27272727273,2.76923076923,1.71498585143,0.40492721492,0.204248366013,2.05798302171,0.971825315808,0.522875816993,1.79869233546,0.849382491746,0.464052287582,0.805541469338,0.424626510969,2.25,1.89705882353,0.805541469338,2.25,0.0702614379085,0.0214285714286,1,0.00147058823529,0.175454545455,17,17,17,1,0,0.352941176471,0.411764705882,0.235294117647,-1,-0.00367647058824,0.0147058823529,-0.117647058824,-0.0909090909091,-0.0769230769231,0.0215730078386,0.0158999400418,0.0102897014662,-0.0406860243059,0.00757197034072,0.00459282812224,-0.0799805377942,-0.0137915311015,-0.00653594771242,0.0193439002456,0.00695905238854,0,0.0147058823529,0.0193439002456,0,-0.0960784313725,-0.0397959183673,-2,-0.00294117647059,-0.0104978354978,0,0,0,36,0,1,235,0.972972972973,1,0,0.027027027027,1,0.972972972973,0.986301369863,0.984301887704,0.972972972973,0.972972972973,1,2,0,0,0,0
3320,WLNM_dir_neg,0.875,0.291666666667,00:00:00,10,80,19,1986366792,threshold_sweep,0.8,1,0.5,0.666666666667,1,0,1,4,0.5,1,0,0.5,1,0.5,0.666666666667,0.833333333333,0.611111111111,0.571428571429,0.632455532034,0.5,37,35,2,0,37,0,35,0,2,17,37,0.136029411765,1.88235294118,4.35294117647,3.36363636364,2.84615384615,1.69341284359,0.389027274878,0.193958664547,2.09866904602,0.964253345467,0.518282988871,1.87867287326,0.863174022847,0.470588235294,0.786197569093,0.41766745858,2.25,1.88235294118,0.786197569093,2.25,0.166339869281,0.0612244897959,3,0.00441176470588,0.185952380952,17,17,17,1,0,0.352941176471,0.411764705882,0.235294117647,17,0.128676470588,1.90196078431,4.11764705882,3.18181818182,2.69230769231,1.57648156274,0.382859808093,0.201680672269,2.01465221053,0.978545359402,0.524369747899,1.74894926439,0.849489642704,0.463865546218,0.814492905316,0.428238537847,2.33333333333,1.90196078431,0.814492905316,2.33333333333,0,0,0,0,0.164242424242,17,17,17,1,0,0.352941176471,0.411764705882,0.235294117647,17,36,0.132352941176,1.89705882353,4.23529411765,3.27272727273,2.76923076923,1.71498585143,0.40492721492,0.204248366013,2.05798302171,0.971825315808,0.522875816993,1.79869233546,0.849382491746,0.464052287582,0.805541469338,0.424626510969,2.25,1.89705882353,0.805541469338,2.25,0.0702614379085,0.0214285714286,1,0.00147058823529,0.175454545455,17,17,17,1,0,0.352941176471,0.411764705882,0.235294117647,-1,-0.00367647058824,0.0147058823529,-0.117647058824,-0.0909090909091,-0.0769230769231,0.0215730078386,0.0158999400418,0.0102897014662,-0.0406860243059,0.00757197034072,0.00459282812224,-0.0799805377942,-0.0137915311015,-0.00653594771242,0.0193439002456,0.00695905238854,0,0.0147058823529,0.0193439002456,0,-0.0960784313725,-0.0397959183673,-2,-0.00294117647059,-0.0104978354978,0,0,0,36,0,1,235,0.972972972973,1,0,0.027027027027,1,0.972972972973,0.986301369863,0.984301887704,0.972972972973,0.972972972973,1,2,0,0,0,0
3321,WLNM_dir_neg,0.875,0.291666666667,00:00:00,10,80,19,1986366792,threshold_sweep,0.9,1,0.5,0.666666666667,1,0,1,4,0.5,1,0,0.5,1,0.5,0.666666666667,0.833333333333,0.611111111111,0.571428571429,0.632455532034,0.5,37,35,2,0,37,0,35,0,2,17,37,0.136029411765,1.88235294118,4.35294117647,3.36363636364,2.84615384615,1.69341284359,0.389027274878,0.193958664547,2.09866904602,0.964253345467,0.518282988871,1.87867287326,0.863174022847,0.470588235294,0.786197569093,0.41766745858,2.25,1.88235294118,0.786197569093,2.25,0.166339869281,0.0612244897959,3,0.00441176470588,0.185952380952,17,17,17,1,0,0.352941176471,0.411764705882,0.235294117647,17,0.128676470588,1.90196078431,4.11764705882,3.18181818182,2.69230769231,1.57648156274,0.382859808093,0.201680672269,2.01465221053,0.978545359402,0.524369747899,1.74894926439,0.849489642704,0.463865546218,0.814492905316,0.428238537847,2.33333333333,1.90196078431,0.814492905316,2.33333333333,0,0,0,0,0.164242424242,17,17,17,1,0,0.352941176471,0.411764705882,0.235294117647,17,36,0.132352941176,1.89705882353,4.23529411765,3.27272727273,2.76923076923,1.71498585143,0.40492721492,0.204248366013,2.05798302171,0.971825315808,0.522875816993,1.79869233546,0.849382491746,0.464052287582,0.805541469338,0.424626510969,2.25,1.89705882353,0.805541469338,2.25,0.0702614379085,0.0214285714286,1,0.00147058823529,0.175454545455,17,17,17,1,0,0.352941176471,0.411764705882,0.235294117647,-1,-0.00367647058824,0.0147058823529,-0.117647058824,-0.0909090909091,-0.0769230769231,0.0215730078386,0.0158999400418,0.0102897014662,-0.0406860243059,0.00757197034072,0.00459282812224,-0.0799805377942,-0.0137915311015,-0.00653594771242,0.0193439002456,0.00695905238854,0,0.0147058823529,0.0193439002456,0,-0.0960784313725,-0.0397959183673,-2,-0.00294117647059,-0.0104978354978,0,0,0,36,0,1,235,0.972972972973,1,0,0.027027027027,1,0.972972972973,0.986301369863,0.984301887704,0.972972972973,0.972972972973,1,2,0,0,0,0
3322,WLNM_dir_neg,1,0.5,00:00:00,10,80,20,1986366793,threshold_sweep,0.1,0.5,1,0.666666666667,2,2,0,2,1,0.5,0.5,0,0.5,1,0.666666666667,0.666666666667,0.444444444444,0.4,0.5,0.5,37,35,2,0,37,0,35,0,2,17,37,0.136029411765,1.88235294118,4.35294117647,3.36363636364,2.84615384615,1.69341284359,0.389027274878,0.193958664547,2.09866904602,0.964253345467,0.518282988871,1.87867287326,0.863174022847,0.470588235294,0.786197569093,0.41766745858,2.25,1.88235294118,0.786197569093,2.25,0.166339869281,0.0612244897959,3,0.00441176470588,0.185952380952,17,17,17,1,0,0.352941176471,0.411764705882,0.235294117647,17,0.128676470588,1.90196078431,4.11764705882,3.18181818182,2.69230769231,1.57648156274,0.382859808093,0.201680672269,2.01465221053,0.978545359402,0.524369747899,1.74894926439,0.849489642704,0.463865546218,0.814492905316,0.428238537847,2.33333333333,1.90196078431,0.814492905316,2.33333333333,0,0,0,0,0.164242424242,17,17,17,1,0,0.352941176471,0.411764705882,0.235294117647,17,39,0.143382352941,1.90931372549,4.58823529412,3.54545454545,2.6,1.76984545686,0.385735548291,0.199095022624,2.25734096567,0.983969138882,0.52790346908,1.75942838311,0.766930320843,0.413273001508,0.824725766464,0.431948796813,2.25,1.90931372549,0.824725766464,2.25,0.200980392157,0.127272727273,7,0.0102941176471,0.17772005772,17,17,17,1,0,0.352941176471,0.529411764706,0.117647058824,2,0.00735294117647,0.0269607843137,0.235294117647,0.181818181818,-0.246153846154,0.076432613276,-0.00329172658744,0.00513635807753,0.158671919654,0.0197157934152,0.00962048020872,-0.119244490145,-0.0962437020041,-0.0573152337858,0.0385281973712,0.0142813382324,0,0.0269607843137,0.0385281973712,0,0.0346405228758,0.0660482374768,4,0.00588235294118,-0.00823232323232,0,0.117647058824,-0.117647058824,37,2,0,233,1,0.991489361702,0.00851063829787,0,0.948717948718,1,0.973684210526,0.969867905134,0.991489361702,0.948717948718,4,2,0,0,0,0
3323,WLNM_dir_neg,1,0.5,00:00:00,10,80,20,1986366793,threshold_sweep,0.2,0.5,1,0.666666666667,2,2,0,2,1,0.5,0.5,0,0.5,1,0.666666666667,0.666666666667,0.444444444444,0.4,0.5,0.5,37,35,2,0,37,0,35,0,2,17,37,0.136029411765,1.88235294118,4.35294117647,3.36363636364,2.84615384615,1.69341284359,0.389027274878,0.193958664547,2.09866904602,0.964253345467,0.518282988871,1.87867287326,0.863174022847,0.470588235294,0.786197569093,0.41766745858,2.25,1.88235294118,0.786197569093,2.25,0.166339869281,0.0612244897959,3,0.00441176470588,0.185952380952,17,17,17,1,0,0.352941176471,0.411764705882,0.235294117647,17,0.128676470588,1.90196078431,4.11764705882,3.18181818182,2.69230769231,1.57648156274,0.382859808093,0.201680672269,2.01465221053,0.978545359402,0.524369747899,1.74894926439,0.849489642704,0.463865546218,0.814492905316,0.428238537847,2.33333333333,1.90196078431,0.814492905316,2.33333333333,0,0,0,0,0.164242424242,17,17,17,1,0,0.352941176471,0.411764705882,0.235294117647,17,39,0.143382352941,1.90931372549,4.58823529412,3.54545454545,2.6,1.76984545686,0.385735548291,0.199095022624,2.25734096567,0.983969138882,0.52790346908,1.75942838311,0.766930320843,0.413273001508,0.824725766464,0.431948796813,2.25,1.90931372549,0.824725766464,2.25,0.200980392157,0.127272727273,7,0.0102941176471,0.17772005772,17,17,17,1,0,0.352941176471,0.529411764706,0.117647058824,2,0.00735294117647,0.0269607843137,0.235294117647,0.181818181818,-0.246153846154,0.076432613276,-0.00329172658744,0.00513635807753,0.158671919654,0.0197157934152,0.00962048020872,-0.119244490145,-0.0962437020041,-0.0573152337858,0.0385281973712,0.0142813382324,0,0.0269607843137,0.0385281973712,0,0.0346405228758,0.0660482374768,4,0.00588235294118,-0.00823232323232,0,0.117647058824,-0.117647058824,37,2,0,233,1,0.991489361702,0.00851063829787,0,0.948717948718,1,0.973684210526,0.969867905134,0.991489361702,0.948717948718,4,2,0,0,0,0
3324,WLNM_dir_neg,1,0.5,00:00:00,10,80,20,1986366793,threshold_sweep,0.3,0.5,1,0.666666666667,2,2,0,2,1,0.5,0.5,0,0.5,1,0.666666666667,0.666666666667,0.444444444444,0.4,0.5,0.5,37,35,2,0,37,0,35,0,2,17,37,0.136029411765,1.88235294118,4.35294117647,3.36363636364,2.84615384615,1.69341284359,0.389027274878,0.193958664547,2.09866904602,0.964253345467,0.518282988871,1.87867287326,0.863174022847,0.470588235294,0.786197569093,0.41766745858,2.25,1.88235294118,0.786197569093,2.25,0.166339869281,0.0612244897959,3,0.00441176470588,0.185952380952,17,17,17,1,0,0.352941176471,0.411764705882,0.235294117647,17,0.128676470588,1.90196078431,4.11764705882,3.18181818182,2.69230769231,1.57648156274,0.382859808093,0.201680672269,2.01465221053,0.978545359402,0.524369747899,1.74894926439,0.849489642704,0.463865546218,0.814492905316,0.428238537847,2.33333333333,1.90196078431,0.814492905316,2.33333333333,0,0,0,0,0.164242424242,17,17,17,1,0,0.352941176471,0.411764705882,0.235294117647,17,39,0.143382352941,1.90931372549,4.58823529412,3.54545454545,2.6,1.76984545686,0.385735548291,0.199095022624,2.25734096567,0.983969138882,0.52790346908,1.75942838311,0.766930320843,0.413273001508,0.824725766464,0.431948796813,2.25,1.90931372549,0.824725766464,2.25,0.200980392157,0.127272727273,7,0.0102941176471,0.17772005772,17,17,17,1,0,0.352941176471,0.529411764706,0.117647058824,2,0.00735294117647,0.0269607843137,0.235294117647,0.181818181818,-0.246153846154,0.076432613276,-0.00329172658744,0.00513635807753,0.158671919654,0.0197157934152,0.00962048020872,-0.119244490145,-0.0962437020041,-0.0573152337858,0.0385281973712,0.0142813382324,0,0.0269607843137,0.0385281973712,0,0.0346405228758,0.0660482374768,4,0.00588235294118,-0.00823232323232,0,0.117647058824,-0.117647058824,37,2,0,233,1,0.991489361702,0.00851063829787,0,0.948717948718,1,0.973684210526,0.969867905134,0.991489361702,0.948717948718,4,2,0,0,0,0
3325,WLNM_dir_neg,1,0.5,00:00:00,10,80,20,1986366793,threshold_sweep,0.4,0.5,1,0.666666666667,2,2,0,2,1,0.5,0.5,0,0.5,1,0.666666666667,0.666666666667,0.444444444444,0.4,0.5,0.5,37,35,2,0,37,0,35,0,2,17,37,0.136029411765,1.88235294118,4.35294117647,3.36363636364,2.84615384615,1.69341284359,0.389027274878,0.193958664547,2.09866904602,0.964253345467,0.518282988871,1.87867287326,0.863174022847,0.470588235294,0.786197569093,0.41766745858,2.25,1.88235294118,0.786197569093,2.25,0.166339869281,0.0612244897959,3,0.00441176470588,0.185952380952,17,17,17,1,0,0.352941176471,0.411764705882,0.235294117647,17,0.128676470588,1.90196078431,4.11764705882,3.18181818182,2.69230769231,1.57648156274,0.382859808093,0.201680672269,2.01465221053,0.978545359402,0.524369747899,1.74894926439,0.849489642704,0.463865546218,0.814492905316,0.428238537847,2.33333333333,1.90196078431,0.814492905316,2.33333333333,0,0,0,0,0.164242424242,17,17,17,1,0,0.352941176471,0.411764705882,0.235294117647,17,39,0.143382352941,1.90931372549,4.58823529412,3.54545454545,2.6,1.76984545686,0.385735548291,0.199095022624,2.25734096567,0.983969138882,0.52790346908,1.75942838311,0.766930320843,0.413273001508,0.824725766464,0.431948796813,2.25,1.90931372549,0.824725766464,2.25,0.200980392157,0.127272727273,7,0.0102941176471,0.17772005772,17,17,17,1,0,0.352941176471,0.529411764706,0.117647058824,2,0.00735294117647,0.0269607843137,0.235294117647,0.181818181818,-0.246153846154,0.076432613276,-0.00329172658744,0.00513635807753,0.158671919654,0.0197157934152,0.00962048020872,-0.119244490145,-0.0962437020041,-0.0573152337858,0.0385281973712,0.0142813382324,0,0.0269607843137,0.0385281973712,0,0.0346405228758,0.0660482374768,4,0.00588235294118,-0.00823232323232,0,0.117647058824,-0.117647058824,37,2,0,233,1,0.991489361702,0.00851063829787,0,0.948717948718,1,0.973684210526,0.969867905134,0.991489361702,0.948717948718,4,2,0,0,0,0
3326,WLNM_dir_neg,1,0.5,00:00:00,10,80,20,1986366793,threshold_sweep,0.5,0.5,1,0.666666666667,2,2,0,2,1,0.5,0.5,0,0.5,1,0.666666666667,0.666666666667,0.444444444444,0.4,0.5,0.5,37,35,2,0,37,0,35,0,2,17,37,0.136029411765,1.88235294118,4.35294117647,3.36363636364,2.84615384615,1.69341284359,0.389027274878,0.193958664547,2.09866904602,0.964253345467,0.518282988871,1.87867287326,0.863174022847,0.470588235294,0.786197569093,0.41766745858,2.25,1.88235294118,0.786197569093,2.25,0.166339869281,0.0612244897959,3,0.00441176470588,0.185952380952,17,17,17,1,0,0.352941176471,0.411764705882,0.235294117647,17,0.128676470588,1.90196078431,4.11764705882,3.18181818182,2.69230769231,1.57648156274,0.382859808093,0.201680672269,2.01465221053,0.978545359402,0.524369747899,1.74894926439,0.849489642704,0.463865546218,0.814492905316,0.428238537847,2.33333333333,1.90196078431,0.814492905316,2.33333333333,0,0,0,0,0.164242424242,17,17,17,1,0,0.352941176471,0.411764705882,0.235294117647,17,39,0.143382352941,1.90931372549,4.58823529412,3.54545454545,2.6,1.76984545686,0.385735548291,0.199095022624,2.25734096567,0.983969138882,0.52790346908,1.75942838311,0.766930320843,0.413273001508,0.824725766464,0.431948796813,2.25,1.90931372549,0.824725766464,2.25,0.200980392157,0.127272727273,7,0.0102941176471,0.17772005772,17,17,17,1,0,0.352941176471,0.529411764706,0.117647058824,2,0.00735294117647,0.0269607843137,0.235294117647,0.181818181818,-0.246153846154,0.076432613276,-0.00329172658744,0.00513635807753,0.158671919654,0.0197157934152,0.00962048020872,-0.119244490145,-0.0962437020041,-0.0573152337858,0.0385281973712,0.0142813382324,0,0.0269607843137,0.0385281973712,0,0.0346405228758,0.0660482374768,4,0.00588235294118,-0.00823232323232,0,0.117647058824,-0.117647058824,37,2,0,233,1,0.991489361702,0.00851063829787,0,0.948717948718,1,0.973684210526,0.969867905134,0.991489361702,0.948717948718,4,2,0,0,0,0
3327,WLNM_dir_neg,1,0.5,00:00:00,10,80,20,1986366793,threshold_sweep,0.6,0.5,1,0.666666666667,2,2,0,2,1,0.5,0.5,0,0.5,1,0.666666666667,0.666666666667,0.444444444444,0.4,0.5,0.5,37,35,2,0,37,0,35,0,2,17,37,0.136029411765,1.88235294118,4.35294117647,3.36363636364,2.84615384615,1.69341284359,0.389027274878,0.193958664547,2.09866904602,0.964253345467,0.518282988871,1.87867287326,0.863174022847,0.470588235294,0.786197569093,0.41766745858,2.25,1.88235294118,0.786197569093,2.25,0.166339869281,0.0612244897959,3,0.00441176470588,0.185952380952,17,17,17,1,0,0.352941176471,0.411764705882,0.235294117647,17,0.128676470588,1.90196078431,4.11764705882,3.18181818182,2.69230769231,1.57648156274,0.382859808093,0.201680672269,2.01465221053,0.978545359402,0.524369747899,1.74894926439,0.849489642704,0.463865546218,0.814492905316,0.428238537847,2.33333333333,1.90196078431,0.814492905316,2.33333333333,0,0,0,0,0.164242424242,17,17,17,1,0,0.352941176471,0.411764705882,0.235294117647,17,39,0.143382352941,1.90931372549,4.58823529412,3.54545454545,2.6,1.76984545686,0.385735548291,0.199095022624,2.25734096567,0.983969138882,0.52790346908,1.75942838311,0.766930320843,0.413273001508,0.824725766464,0.431948796813,2.25,1.90931372549,0.824725766464,2.25,0.200980392157,0.127272727273,7,0.0102941176471,0.17772005772,17,17,17,1,0,0.352941176471,0.529411764706,0.117647058824,2,0.00735294117647,0.0269607843137,0.235294117647,0.181818181818,-0.246153846154,0.076432613276,-0.00329172658744,0.00513635807753,0.158671919654,0.0197157934152,0.00962048020872,-0.119244490145,-0.0962437020041,-0.0573152337858,0.0385281973712,0.0142813382324,0,0.0269607843137,0.0385281973712,0,0.0346405228758,0.0660482374768,4,0.00588235294118,-0.00823232323232,0,0.117647058824,-0.117647058824,37,2,0,233,1,0.991489361702,0.00851063829787,0,0.948717948718,1,0.973684210526,0.969867905134,0.991489361702,0.948717948718,4,2,0,0,0,0
3328,WLNM_dir_neg,1,0.5,00:00:00,10,80,20,1986366793,threshold_sweep,0.7,0.5,1,0.666666666667,2,2,0,2,1,0.5,0.5,0,0.5,1,0.666666666667,0.666666666667,0.444444444444,0.4,0.5,0.5,37,35,2,0,37,0,35,0,2,17,37,0.136029411765,1.88235294118,4.35294117647,3.36363636364,2.84615384615,1.69341284359,0.389027274878,0.193958664547,2.09866904602,0.964253345467,0.518282988871,1.87867287326,0.863174022847,0.470588235294,0.786197569093,0.41766745858,2.25,1.88235294118,0.786197569093,2.25,0.166339869281,0.0612244897959,3,0.00441176470588,0.185952380952,17,17,17,1,0,0.352941176471,0.411764705882,0.235294117647,17,0.128676470588,1.90196078431,4.11764705882,3.18181818182,2.69230769231,1.57648156274,0.382859808093,0.201680672269,2.01465221053,0.978545359402,0.524369747899,1.74894926439,0.849489642704,0.463865546218,0.814492905316,0.428238537847,2.33333333333,1.90196078431,0.814492905316,2.33333333333,0,0,0,0,0.164242424242,17,17,17,1,0,0.352941176471,0.411764705882,0.235294117647,17,39,0.143382352941,1.90931372549,4.58823529412,3.54545454545,2.6,1.76984545686,0.385735548291,0.199095022624,2.25734096567,0.983969138882,0.52790346908,1.75942838311,0.766930320843,0.413273001508,0.824725766464,0.431948796813,2.25,1.90931372549,0.824725766464,2.25,0.200980392157,0.127272727273,7,0.0102941176471,0.17772005772,17,17,17,1,0,0.352941176471,0.529411764706,0.117647058824,2,0.00735294117647,0.0269607843137,0.235294117647,0.181818181818,-0.246153846154,0.076432613276,-0.00329172658744,0.00513635807753,0.158671919654,0.0197157934152,0.00962048020872,-0.119244490145,-0.0962437020041,-0.0573152337858,0.0385281973712,0.0142813382324,0,0.0269607843137,0.0385281973712,0,0.0346405228758,0.0660482374768,4,0.00588235294118,-0.00823232323232,0,0.117647058824,-0.117647058824,37,2,0,233,1,0.991489361702,0.00851063829787,0,0.948717948718,1,0.973684210526,0.969867905134,0.991489361702,0.948717948718,4,2,0,0,0,0
3329,WLNM_dir_neg,1,0.5,00:00:00,10,80,20,1986366793,threshold_sweep,0.8,0.5,1,0.666666666667,2,2,0,2,1,0.5,0.5,0,0.5,1,0.666666666667,0.666666666667,0.444444444444,0.4,0.5,0.5,37,35,2,0,37,0,35,0,2,17,37,0.136029411765,1.88235294118,4.35294117647,3.36363636364,2.84615384615,1.69341284359,0.389027274878,0.193958664547,2.09866904602,0.964253345467,0.518282988871,1.87867287326,0.863174022847,0.470588235294,0.786197569093,0.41766745858,2.25,1.88235294118,0.786197569093,2.25,0.166339869281,0.0612244897959,3,0.00441176470588,0.185952380952,17,17,17,1,0,0.352941176471,0.411764705882,0.235294117647,17,0.128676470588,1.90196078431,4.11764705882,3.18181818182,2.69230769231,1.57648156274,0.382859808093,0.201680672269,2.01465221053,0.978545359402,0.524369747899,1.74894926439,0.849489642704,0.463865546218,0.814492905316,0.428238537847,2.33333333333,1.90196078431,0.814492905316,2.33333333333,0,0,0,0,0.164242424242,17,17,17,1,0,0.352941176471,0.411764705882,0.235294117647,17,39,0.143382352941,1.90931372549,4.58823529412,3.54545454545,2.6,1.76984545686,0.385735548291,0.199095022624,2.25734096567,0.983969138882,0.52790346908,1.75942838311,0.766930320843,0.413273001508,0.824725766464,0.431948796813,2.25,1.90931372549,0.824725766464,2.25,0.200980392157,0.127272727273,7,0.0102941176471,0.17772005772,17,17,17,1,0,0.352941176471,0.529411764706,0.117647058824,2,0.00735294117647,0.0269607843137,0.235294117647,0.181818181818,-0.246153846154,0.076432613276,-0.00329172658744,0.00513635807753,0.158671919654,0.0197157934152,0.00962048020872,-0.119244490145,-0.0962437020041,-0.0573152337858,0.0385281973712,0.0142813382324,0,0.0269607843137,0.0385281973712,0,0.0346405228758,0.0660482374768,4,0.00588235294118,-0.00823232323232,0,0.117647058824,-0.117647058824,37,2,0,233,1,0.991489361702,0.00851063829787,0,0.948717948718,1,0.973684210526,0.969867905134,0.991489361702,0.948717948718,4,2,0,0,0,0
3330,WLNM_dir_neg,1,0.5,00:00:00,10,80,20,1986366793,threshold_sweep,0.9,0.5,1,0.666666666667,2,2,0,2,1,0.5,0.5,0,0.5,1,0.666666666667,0.666666666667,0.444444444444,0.4,0.5,0.5,37,35,2,0,37,0,35,0,2,17,37,0.136029411765,1.88235294118,4.35294117647,3.36363636364,2.84615384615,1.69341284359,0.389027274878,0.193958664547,2.09866904602,0.964253345467,0.518282988871,1.87867287326,0.863174022847,0.470588235294,0.786197569093,0.41766745858,2.25,1.88235294118,0.786197569093,2.25,0.166339869281,0.0612244897959,3,0.00441176470588,0.185952380952,17,17,17,1,0,0.352941176471,0.411764705882,0.235294117647,17,0.128676470588,1.90196078431,4.11764705882,3.18181818182,2.69230769231,1.57648156274,0.382859808093,0.201680672269,2.01465221053,0.978545359402,0.524369747899,1.74894926439,0.849489642704,0.463865546218,0.814492905316,0.428238537847,2.33333333333,1.90196078431,0.814492905316,2.33333333333,0,0,0,0,0.164242424242,17,17,17,1,0,0.352941176471,0.411764705882,0.235294117647,17,39,0.143382352941,1.90931372549,4.58823529412,3.54545454545,2.6,1.76984545686,0.385735548291,0.199095022624,2.25734096567,0.983969138882,0.52790346908,1.75942838311,0.766930320843,0.413273001508,0.824725766464,0.431948796813,2.25,1.90931372549,0.824725766464,2.25,0.200980392157,0.127272727273,7,0.0102941176471,0.17772005772,17,17,17,1,0,0.352941176471,0.529411764706,0.117647058824,2,0.00735294117647,0.0269607843137,0.235294117647,0.181818181818,-0.246153846154,0.076432613276,-0.00329172658744,0.00513635807753,0.158671919654,0.0197157934152,0.00962048020872,-0.119244490145,-0.0962437020041,-0.0573152337858,0.0385281973712,0.0142813382324,0,0.0269607843137,0.0385281973712,0,0.0346405228758,0.0660482374768,4,0.00588235294118,-0.00823232323232,0,0.117647058824,-0.117647058824,37,2,0,233,1,0.991489361702,0.00851063829787,0,0.948717948718,1,0.973684210526,0.969867905134,0.991489361702,0.948717948718,4,2,0,0,0,0
3331,WLNM_dir_neg,1,0.5,00:00:00,10,80,21,1986366794,threshold_sweep,0.1,1,0.5,0.666666666667,1,0,1,4,0.5,1,0,0.5,1,0.5,0.666666666667,0.833333333333,0.611111111111,0.571428571429,0.632455532034,0.5,37,35,2,0,37,0,35,0,2,17,37,0.136029411765,1.88235294118,4.35294117647,3.36363636364,2.84615384615,1.69341284359,0.389027274878,0.193958664547,2.09866904602,0.964253345467,0.518282988871,1.87867287326,0.863174022847,0.470588235294,0.786197569093,0.41766745858,2.25,1.88235294118,0.786197569093,2.25,0.166339869281,0.0612244897959,3,0.00441176470588,0.185952380952,17,17,17,1,0,0.352941176471,0.411764705882,0.235294117647,17,0.128676470588,1.90196078431,4.11764705882,3.18181818182,2.69230769231,1.57648156274,0.382859808093,0.201680672269,2.01465221053,0.978545359402,0.524369747899,1.74894926439,0.849489642704,0.463865546218,0.814492905316,0.428238537847,2.33333333333,1.90196078431,0.814492905316,2.33333333333,0,0,0,0,0.164242424242,17,17,17,1,0,0.352941176471,0.411764705882,0.235294117647,17,36,0.132352941176,1.89705882353,4.23529411765,3.27272727273,2.76923076923,1.71498585143,0.40492721492,0.204248366013,2.05798302171,0.971825315808,0.522875816993,1.79869233546,0.849382491746,0.464052287582,0.805541469338,0.424626510969,2.25,1.89705882353,0.805541469338,2.25,0.0702614379085,0.0214285714286,1,0.00147058823529,0.175454545455,17,17,17,1,0,0.352941176471,0.411764705882,0.235294117647,-1,-0.00367647058824,0.0147058823529,-0.117647058824,-0.0909090909091,-0.0769230769231,0.0215730078386,0.0158999400418,0.0102897014662,-0.0406860243059,0.00757197034072,0.00459282812224,-0.0799805377942,-0.0137915311015,-0.00653594771242,0.0193439002456,0.00695905238854,0,0.0147058823529,0.0193439002456,0,-0.0960784313725,-0.0397959183673,-2,-0.00294117647059,-0.0104978354978,0,0,0,36,0,1,235,0.972972972973,1,0,0.027027027027,1,0.972972972973,0.986301369863,0.984301887704,0.972972972973,0.972972972973,1,2,0,0,0,0
3332,WLNM_dir_neg,1,0.5,00:00:00,10,80,21,1986366794,threshold_sweep,0.2,1,0.5,0.666666666667,1,0,1,4,0.5,1,0,0.5,1,0.5,0.666666666667,0.833333333333,0.611111111111,0.571428571429,0.632455532034,0.5,37,35,2,0,37,0,35,0,2,17,37,0.136029411765,1.88235294118,4.35294117647,3.36363636364,2.84615384615,1.69341284359,0.389027274878,0.193958664547,2.09866904602,0.964253345467,0.518282988871,1.87867287326,0.863174022847,0.470588235294,0.786197569093,0.41766745858,2.25,1.88235294118,0.786197569093,2.25,0.166339869281,0.0612244897959,3,0.00441176470588,0.185952380952,17,17,17,1,0,0.352941176471,0.411764705882,0.235294117647,17,0.128676470588,1.90196078431,4.11764705882,3.18181818182,2.69230769231,1.57648156274,0.382859808093,0.201680672269,2.01465221053,0.978545359402,0.524369747899,1.74894926439,0.849489642704,0.463865546218,0.814492905316,0.428238537847,2.33333333333,1.90196078431,0.814492905316,2.33333333333,0,0,0,0,0.164242424242,17,17,17,1,0,0.352941176471,0.411764705882,0.235294117647,17,36,0.132352941176,1.89705882353,4.23529411765,3.27272727273,2.76923076923,1.71498585143,0.40492721492,0.204248366013,2.05798302171,0.971825315808,0.522875816993,1.79869233546,0.849382491746,0.464052287582,0.805541469338,0.424626510969,2.25,1.89705882353,0.805541469338,2.25,0.0702614379085,0.0214285714286,1,0.00147058823529,0.175454545455,17,17,17,1,0,0.352941176471,0.411764705882,0.235294117647,-1,-0.00367647058824,0.0147058823529,-0.117647058824,-0.0909090909091,-0.0769230769231,0.0215730078386,0.0158999400418,0.0102897014662,-0.0406860243059,0.00757197034072,0.00459282812224,-0.0799805377942,-0.0137915311015,-0.00653594771242,0.0193439002456,0.00695905238854,0,0.0147058823529,0.0193439002456,0,-0.0960784313725,-0.0397959183673,-2,-0.00294117647059,-0.0104978354978,0,0,0,36,0,1,235,0.972972972973,1,0,0.027027027027,1,0.972972972973,0.986301369863,0.984301887704,0.972972972973,0.972972972973,1,2,0,0,0,0
3333,WLNM_dir_neg,1,0.5,00:00:00,10,80,21,1986366794,threshold_sweep,0.3,1,0.5,0.666666666667,1,0,1,4,0.5,1,0,0.5,1,0.5,0.666666666667,0.833333333333,0.611111111111,0.571428571429,0.632455532034,0.5,37,35,2,0,37,0,35,0,2,17,37,0.136029411765,1.88235294118,4.35294117647,3.36363636364,2.84615384615,1.69341284359,0.389027274878,0.193958664547,2.09866904602,0.964253345467,0.518282988871,1.87867287326,0.863174022847,0.470588235294,0.786197569093,0.41766745858,2.25,1.88235294118,0.786197569093,2.25,0.166339869281,0.0612244897959,3,0.00441176470588,0.185952380952,17,17,17,1,0,0.352941176471,0.411764705882,0.235294117647,17,0.128676470588,1.90196078431,4.11764705882,3.18181818182,2.69230769231,1.57648156274,0.382859808093,0.201680672269,2.01465221053,0.978545359402,0.524369747899,1.74894926439,0.849489642704,0.463865546218,0.814492905316,0.428238537847,2.33333333333,1.90196078431,0.814492905316,2.33333333333,0,0,0,0,0.164242424242,17,17,17,1,0,0.352941176471,0.411764705882,0.235294117647,17,36,0.132352941176,1.89705882353,4.23529411765,3.27272727273,2.76923076923,1.71498585143,0.40492721492,0.204248366013,2.05798302171,0.971825315808,0.522875816993,1.79869233546,0.849382491746,0.464052287582,0.805541469338,0.424626510969,2.25,1.89705882353,0.805541469338,2.25,0.0702614379085,0.0214285714286,1,0.00147058823529,0.175454545455,17,17,17,1,0,0.352941176471,0.411764705882,0.235294117647,-1,-0.00367647058824,0.0147058823529,-0.117647058824,-0.0909090909091,-0.0769230769231,0.0215730078386,0.0158999400418,0.0102897014662,-0.0406860243059,0.00757197034072,0.00459282812224,-0.0799805377942,-0.0137915311015,-0.00653594771242,0.0193439002456,0.00695905238854,0,0.0147058823529,0.0193439002456,0,-0.0960784313725,-0.0397959183673,-2,-0.00294117647059,-0.0104978354978,0,0,0,36,0,1,235,0.972972972973,1,0,0.027027027027,1,0.972972972973,0.986301369863,0.984301887704,0.972972972973,0.972972972973,1,2,0,0,0,0
3334,WLNM_dir_neg,1,0.5,00:00:00,10,80,21,1986366794,threshold_sweep,0.4,1,0.5,0.666666666667,1,0,1,4,0.5,1,0,0.5,1,0.5,0.666666666667,0.833333333333,0.611111111111,0.571428571429,0.632455532034,0.5,37,35,2,0,37,0,35,0,2,17,37,0.136029411765,1.88235294118,4.35294117647,3.36363636364,2.84615384615,1.69341284359,0.389027274878,0.193958664547,2.09866904602,0.964253345467,0.518282988871,1.87867287326,0.863174022847,0.470588235294,0.786197569093,0.41766745858,2.25,1.88235294118,0.786197569093,2.25,0.166339869281,0.0612244897959,3,0.00441176470588,0.185952380952,17,17,17,1,0,0.352941176471,0.411764705882,0.235294117647,17,0.128676470588,1.90196078431,4.11764705882,3.18181818182,2.69230769231,1.57648156274,0.382859808093,0.201680672269,2.01465221053,0.978545359402,0.524369747899,1.74894926439,0.849489642704,0.463865546218,0.814492905316,0.428238537847,2.33333333333,1.90196078431,0.814492905316,2.33333333333,0,0,0,0,0.164242424242,17,17,17,1,0,0.352941176471,0.411764705882,0.235294117647,17,36,0.132352941176,1.89705882353,4.23529411765,3.27272727273,2.76923076923,1.71498585143,0.40492721492,0.204248366013,2.05798302171,0.971825315808,0.522875816993,1.79869233546,0.849382491746,0.464052287582,0.805541469338,0.424626510969,2.25,1.89705882353,0.805541469338,2.25,0.0702614379085,0.0214285714286,1,0.00147058823529,0.175454545455,17,17,17,1,0,0.352941176471,0.411764705882,0.235294117647,-1,-0.00367647058824,0.0147058823529,-0.117647058824,-0.0909090909091,-0.0769230769231,0.0215730078386,0.0158999400418,0.0102897014662,-0.0406860243059,0.00757197034072,0.00459282812224,-0.0799805377942,-0.0137915311015,-0.00653594771242,0.0193439002456,0.00695905238854,0,0.0147058823529,0.0193439002456,0,-0.0960784313725,-0.0397959183673,-2,-0.00294117647059,-0.0104978354978,0,0,0,36,0,1,235,0.972972972973,1,0,0.027027027027,1,0.972972972973,0.986301369863,0.984301887704,0.972972972973,0.972972972973,1,2,0,0,0,0
3335,WLNM_dir_neg,1,0.5,00:00:00,10,80,21,1986366794,threshold_sweep,0.5,1,0.5,0.666666666667,1,0,1,4,0.5,1,0,0.5,1,0.5,0.666666666667,0.833333333333,0.611111111111,0.571428571429,0.632455532034,0.5,37,35,2,0,37,0,35,0,2,17,37,0.136029411765,1.88235294118,4.35294117647,3.36363636364,2.84615384615,1.69341284359,0.389027274878,0.193958664547,2.09866904602,0.964253345467,0.518282988871,1.87867287326,0.863174022847,0.470588235294,0.786197569093,0.41766745858,2.25,1.88235294118,0.786197569093,2.25,0.166339869281,0.0612244897959,3,0.00441176470588,0.185952380952,17,17,17,1,0,0.352941176471,0.411764705882,0.235294117647,17,0.128676470588,1.90196078431,4.11764705882,3.18181818182,2.69230769231,1.57648156274,0.382859808093,0.201680672269,2.01465221053,0.978545359402,0.524369747899,1.74894926439,0.849489642704,0.463865546218,0.814492905316,0.428238537847,2.33333333333,1.90196078431,0.814492905316,2.33333333333,0,0,0,0,0.164242424242,17,17,17,1,0,0.352941176471,0.411764705882,0.235294117647,17,36,0.132352941176,1.89705882353,4.23529411765,3.27272727273,2.76923076923,1.71498585143,0.40492721492,0.204248366013,2.05798302171,0.971825315808,0.522875816993,1.79869233546,0.849382491746,0.464052287582,0.805541469338,0.424626510969,2.25,1.89705882353,0.805541469338,2.25,0.0702614379085,0.0214285714286,1,0.00147058823529,0.175454545455,17,17,17,1,0,0.352941176471,0.411764705882,0.235294117647,-1,-0.00367647058824,0.0147058823529,-0.117647058824,-0.0909090909091,-0.0769230769231,0.0215730078386,0.0158999400418,0.0102897014662,-0.0406860243059,0.00757197034072,0.00459282812224,-0.0799805377942,-0.0137915311015,-0.00653594771242,0.0193439002456,0.00695905238854,0,0.0147058823529,0.0193439002456,0,-0.0960784313725,-0.0397959183673,-2,-0.00294117647059,-0.0104978354978,0,0,0,36,0,1,235,0.972972972973,1,0,0.027027027027,1,0.972972972973,0.986301369863,0.984301887704,0.972972972973,0.972972972973,1,2,0,0,0,0
3336,WLNM_dir_neg,1,0.5,00:00:00,10,80,21,1986366794,threshold_sweep,0.6,1,0.5,0.666666666667,1,0,1,4,0.5,1,0,0.5,1,0.5,0.666666666667,0.833333333333,0.611111111111,0.571428571429,0.632455532034,0.5,37,35,2,0,37,0,35,0,2,17,37,0.136029411765,1.88235294118,4.35294117647,3.36363636364,2.84615384615,1.69341284359,0.389027274878,0.193958664547,2.09866904602,0.964253345467,0.518282988871,1.87867287326,0.863174022847,0.470588235294,0.786197569093,0.41766745858,2.25,1.88235294118,0.786197569093,2.25,0.166339869281,0.0612244897959,3,0.00441176470588,0.185952380952,17,17,17,1,0,0.352941176471,0.411764705882,0.235294117647,17,0.128676470588,1.90196078431,4.11764705882,3.18181818182,2.69230769231,1.57648156274,0.382859808093,0.201680672269,2.01465221053,0.978545359402,0.524369747899,1.74894926439,0.849489642704,0.463865546218,0.814492905316,0.428238537847,2.33333333333,1.90196078431,0.814492905316,2.33333333333,0,0,0,0,0.164242424242,17,17,17,1,0,0.352941176471,0.411764705882,0.235294117647,17,36,0.132352941176,1.89705882353,4.23529411765,3.27272727273,2.76923076923,1.71498585143,0.40492721492,0.204248366013,2.05798302171,0.971825315808,0.522875816993,1.79869233546,0.849382491746,0.464052287582,0.805541469338,0.424626510969,2.25,1.89705882353,0.805541469338,2.25,0.0702614379085,0.0214285714286,1,0.00147058823529,0.175454545455,17,17,17,1,0,0.352941176471,0.411764705882,0.235294117647,-1,-0.00367647058824,0.0147058823529,-0.117647058824,-0.0909090909091,-0.0769230769231,0.0215730078386,0.0158999400418,0.0102897014662,-0.0406860243059,0.00757197034072,0.00459282812224,-0.0799805377942,-0.0137915311015,-0.00653594771242,0.0193439002456,0.00695905238854,0,0.0147058823529,0.0193439002456,0,-0.0960784313725,-0.0397959183673,-2,-0.00294117647059,-0.0104978354978,0,0,0,36,0,1,235,0.972972972973,1,0,0.027027027027,1,0.972972972973,0.986301369863,0.984301887704,0.972972972973,0.972972972973,1,2,0,0,0,0
3337,WLNM_dir_neg,1,0.5,00:00:00,10,80,21,1986366794,threshold_sweep,0.7,1,0.5,0.666666666667,1,0,1,4,0.5,1,0,0.5,1,0.5,0.666666666667,0.833333333333,0.611111111111,0.571428571429,0.632455532034,0.5,37,35,2,0,37,0,35,0,2,17,37,0.136029411765,1.88235294118,4.35294117647,3.36363636364,2.84615384615,1.69341284359,0.389027274878,0.193958664547,2.09866904602,0.964253345467,0.518282988871,1.87867287326,0.863174022847,0.470588235294,0.786197569093,0.41766745858,2.25,1.88235294118,0.786197569093,2.25,0.166339869281,0.0612244897959,3,0.00441176470588,0.185952380952,17,17,17,1,0,0.352941176471,0.411764705882,0.235294117647,17,0.128676470588,1.90196078431,4.11764705882,3.18181818182,2.69230769231,1.57648156274,0.382859808093,0.201680672269,2.01465221053,0.978545359402,0.524369747899,1.74894926439,0.849489642704,0.463865546218,0.814492905316,0.428238537847,2.33333333333,1.90196078431,0.814492905316,2.33333333333,0,0,0,0,0.164242424242,17,17,17,1,0,0.352941176471,0.411764705882,0.235294117647,17,36,0.132352941176,1.89705882353,4.23529411765,3.27272727273,2.76923076923,1.71498585143,0.40492721492,0.204248366013,2.05798302171,0.971825315808,0.522875816993,1.79869233546,0.849382491746,0.464052287582,0.805541469338,0.424626510969,2.25,1.89705882353,0.805541469338,2.25,0.0702614379085,0.0214285714286,1,0.00147058823529,0.175454545455,17,17,17,1,0,0.352941176471,0.411764705882,0.235294117647,-1,-0.00367647058824,0.0147058823529,-0.117647058824,-0.0909090909091,-0.0769230769231,0.0215730078386,0.0158999400418,0.0102897014662,-0.0406860243059,0.00757197034072,0.00459282812224,-0.0799805377942,-0.0137915311015,-0.00653594771242,0.0193439002456,0.00695905238854,0,0.0147058823529,0.0193439002456,0,-0.0960784313725,-0.0397959183673,-2,-0.00294117647059,-0.0104978354978,0,0,0,36,0,1,235,0.972972972973,1,0,0.027027027027,1,0.972972972973,0.986301369863,0.984301887704,0.972972972973,0.972972972973,1,2,0,0,0,0
3338,WLNM_dir_neg,1,0.5,00:00:00,10,80,21,1986366794,threshold_sweep,0.8,1,0.5,0.666666666667,1,0,1,4,0.5,1,0,0.5,1,0.5,0.666666666667,0.833333333333,0.611111111111,0.571428571429,0.632455532034,0.5,37,35,2,0,37,0,35,0,2,17,37,0.136029411765,1.88235294118,4.35294117647,3.36363636364,2.84615384615,1.69341284359,0.389027274878,0.193958664547,2.09866904602,0.964253345467,0.518282988871,1.87867287326,0.863174022847,0.470588235294,0.786197569093,0.41766745858,2.25,1.88235294118,0.786197569093,2.25,0.166339869281,0.0612244897959,3,0.00441176470588,0.185952380952,17,17,17,1,0,0.352941176471,0.411764705882,0.235294117647,17,0.128676470588,1.90196078431,4.11764705882,3.18181818182,2.69230769231,1.57648156274,0.382859808093,0.201680672269,2.01465221053,0.978545359402,0.524369747899,1.74894926439,0.849489642704,0.463865546218,0.814492905316,0.428238537847,2.33333333333,1.90196078431,0.814492905316,2.33333333333,0,0,0,0,0.164242424242,17,17,17,1,0,0.352941176471,0.411764705882,0.235294117647,17,36,0.132352941176,1.89705882353,4.23529411765,3.27272727273,2.76923076923,1.71498585143,0.40492721492,0.204248366013,2.05798302171,0.971825315808,0.522875816993,1.79869233546,0.849382491746,0.464052287582,0.805541469338,0.424626510969,2.25,1.89705882353,0.805541469338,2.25,0.0702614379085,0.0214285714286,1,0.00147058823529,0.175454545455,17,17,17,1,0,0.352941176471,0.411764705882,0.235294117647,-1,-0.00367647058824,0.0147058823529,-0.117647058824,-0.0909090909091,-0.0769230769231,0.0215730078386,0.0158999400418,0.0102897014662,-0.0406860243059,0.00757197034072,0.00459282812224,-0.0799805377942,-0.0137915311015,-0.00653594771242,0.0193439002456,0.00695905238854,0,0.0147058823529,0.0193439002456,0,-0.0960784313725,-0.0397959183673,-2,-0.00294117647059,-0.0104978354978,0,0,0,36,0,1,235,0.972972972973,1,0,0.027027027027,1,0.972972972973,0.986301369863,0.984301887704,0.972972972973,0.972972972973,1,2,0,0,0,0
3339,WLNM_dir_neg,1,0.5,00:00:00,10,80,21,1986366794,threshold_sweep,0.9,1,0.5,0.666666666667,1,0,1,4,0.5,1,0,0.5,1,0.5,0.666666666667,0.833333333333,0.611111111111,0.571428571429,0.632455532034,0.5,37,35,2,0,37,0,35,0,2,17,37,0.136029411765,1.88235294118,4.35294117647,3.36363636364,2.84615384615,1.69341284359,0.389027274878,0.193958664547,2.09866904602,0.964253345467,0.518282988871,1.87867287326,0.863174022847,0.470588235294,0.786197569093,0.41766745858,2.25,1.88235294118,0.786197569093,2.25,0.166339869281,0.0612244897959,3,0.00441176470588,0.185952380952,17,17,17,1,0,0.352941176471,0.411764705882,0.235294117647,17,0.128676470588,1.90196078431,4.11764705882,3.18181818182,2.69230769231,1.57648156274,0.382859808093,0.201680672269,2.01465221053,0.978545359402,0.524369747899,1.74894926439,0.849489642704,0.463865546218,0.814492905316,0.428238537847,2.33333333333,1.90196078431,0.814492905316,2.33333333333,0,0,0,0,0.164242424242,17,17,17,1,0,0.352941176471,0.411764705882,0.235294117647,17,36,0.132352941176,1.89705882353,4.23529411765,3.27272727273,2.76923076923,1.71498585143,0.40492721492,0.204248366013,2.05798302171,0.971825315808,0.522875816993,1.79869233546,0.849382491746,0.464052287582,0.805541469338,0.424626510969,2.25,1.89705882353,0.805541469338,2.25,0.0702614379085,0.0214285714286,1,0.00147058823529,0.175454545455,17,17,17,1,0,0.352941176471,0.411764705882,0.235294117647,-1,-0.00367647058824,0.0147058823529,-0.117647058824,-0.0909090909091,-0.0769230769231,0.0215730078386,0.0158999400418,0.0102897014662,-0.0406860243059,0.00757197034072,0.00459282812224,-0.0799805377942,-0.0137915311015,-0.00653594771242,0.0193439002456,0.00695905238854,0,0.0147058823529,0.0193439002456,0,-0.0960784313725,-0.0397959183673,-2,-0.00294117647059,-0.0104978354978,0,0,0,36,0,1,235,0.972972972973,1,0,0.027027027027,1,0.972972972973,0.986301369863,0.984301887704,0.972972972973,0.972972972973,1,2,0,0,0,0
3340,WLNM_dir_neg,1,0.5,00:00:00,10,80,22,1986366795,threshold_sweep,0.1,0.5,1,0.666666666667,2,2,0,2,1,0.5,0.5,0,0.5,1,0.666666666667,0.666666666667,0.444444444444,0.4,0.5,0.5,37,35,2,0,37,0,35,0,2,17,37,0.136029411765,1.88235294118,4.35294117647,3.36363636364,2.84615384615,1.69341284359,0.389027274878,0.193958664547,2.09866904602,0.964253345467,0.518282988871,1.87867287326,0.863174022847,0.470588235294,0.786197569093,0.41766745858,2.25,1.88235294118,0.786197569093,2.25,0.166339869281,0.0612244897959,3,0.00441176470588,0.185952380952,17,17,17,1,0,0.352941176471,0.411764705882,0.235294117647,17,0.128676470588,1.90196078431,4.11764705882,3.18181818182,2.69230769231,1.57648156274,0.382859808093,0.201680672269,2.01465221053,0.978545359402,0.524369747899,1.74894926439,0.849489642704,0.463865546218,0.814492905316,0.428238537847,2.33333333333,1.90196078431,0.814492905316,2.33333333333,0,0,0,0,0.164242424242,17,17,17,1,0,0.352941176471,0.411764705882,0.235294117647,17,39,0.143382352941,2.00049019608,4.58823529412,3.25,2.78571428571,1.69774937525,0.370022299735,0.191553544495,2.14373231428,0.934447419046,0.506787330317,1.92888263907,0.840794996516,0.455505279035,0.812630708441,0.406215791526,2.35,2.00049019608,0.812630708441,2.35,0.263725490196,0.147239263804,8,0.0117647058824,0.174549062049,17,17,17,1,0,0.294117647059,0.529411764706,0.176470588235,2,0.00735294117647,0.118137254902,0.235294117647,-0.113636363636,-0.0604395604396,0.00433653166789,-0.019004975143,-0.00240512005218,0.0450632682653,-0.0298059264211,-0.0114956585545,0.0502097658116,-0.0223790263307,-0.0150829562594,0.026433139348,-0.0114516670541,0.1,0.118137254902,0.026433139348,0.1,0.097385620915,0.0860147740078,5,0.00735294117647,-0.0114033189033,-0.0588235294118,0.117647058824,-0.0588235294118,37,2,0,233,1,0.991489361702,0.00851063829787,0,0.948717948718,1,0.973684210526,0.969867905134,0.991489361702,0.948717948718,4,2,0,0,0,0
3341,WLNM_dir_neg,1,0.5,00:00:00,10,80,22,1986366795,threshold_sweep,0.2,0.5,1,0.666666666667,2,2,0,2,1,0.5,0.5,0,0.5,1,0.666666666667,0.666666666667,0.444444444444,0.4,0.5,0.5,37,35,2,0,37,0,35,0,2,17,37,0.136029411765,1.88235294118,4.35294117647,3.36363636364,2.84615384615,1.69341284359,0.389027274878,0.193958664547,2.09866904602,0.964253345467,0.518282988871,1.87867287326,0.863174022847,0.470588235294,0.786197569093,0.41766745858,2.25,1.88235294118,0.786197569093,2.25,0.166339869281,0.0612244897959,3,0.00441176470588,0.185952380952,17,17,17,1,0,0.352941176471,0.411764705882,0.235294117647,17,0.128676470588,1.90196078431,4.11764705882,3.18181818182,2.69230769231,1.57648156274,0.382859808093,0.201680672269,2.01465221053,0.978545359402,0.524369747899,1.74894926439,0.849489642704,0.463865546218,0.814492905316,0.428238537847,2.33333333333,1.90196078431,0.814492905316,2.33333333333,0,0,0,0,0.164242424242,17,17,17,1,0,0.352941176471,0.411764705882,0.235294117647,17,39,0.143382352941,2.00049019608,4.58823529412,3.25,2.78571428571,1.69774937525,0.370022299735,0.191553544495,2.14373231428,0.934447419046,0.506787330317,1.92888263907,0.840794996516,0.455505279035,0.812630708441,0.406215791526,2.35,2.00049019608,0.812630708441,2.35,0.263725490196,0.147239263804,8,0.0117647058824,0.174549062049,17,17,17,1,0,0.294117647059,0.529411764706,0.176470588235,2,0.00735294117647,0.118137254902,0.235294117647,-0.113636363636,-0.0604395604396,0.00433653166789,-0.019004975143,-0.00240512005218,0.0450632682653,-0.0298059264211,-0.0114956585545,0.0502097658116,-0.0223790263307,-0.0150829562594,0.026433139348,-0.0114516670541,0.1,0.118137254902,0.026433139348,0.1,0.097385620915,0.0860147740078,5,0.00735294117647,-0.0114033189033,-0.0588235294118,0.117647058824,-0.0588235294118,37,2,0,233,1,0.991489361702,0.00851063829787,0,0.948717948718,1,0.973684210526,0.969867905134,0.991489361702,0.948717948718,4,2,0,0,0,0
3342,WLNM_dir_neg,1,0.5,00:00:00,10,80,22,1986366795,threshold_sweep,0.3,0.5,1,0.666666666667,2,2,0,2,1,0.5,0.5,0,0.5,1,0.666666666667,0.666666666667,0.444444444444,0.4,0.5,0.5,37,35,2,0,37,0,35,0,2,17,37,0.136029411765,1.88235294118,4.35294117647,3.36363636364,2.84615384615,1.69341284359,0.389027274878,0.193958664547,2.09866904602,0.964253345467,0.518282988871,1.87867287326,0.863174022847,0.470588235294,0.786197569093,0.41766745858,2.25,1.88235294118,0.786197569093,2.25,0.166339869281,0.0612244897959,3,0.00441176470588,0.185952380952,17,17,17,1,0,0.352941176471,0.411764705882,0.235294117647,17,0.128676470588,1.90196078431,4.11764705882,3.18181818182,2.69230769231,1.57648156274,0.382859808093,0.201680672269,2.01465221053,0.978545359402,0.524369747899,1.74894926439,0.849489642704,0.463865546218,0.814492905316,0.428238537847,2.33333333333,1.90196078431,0.814492905316,2.33333333333,0,0,0,0,0.164242424242,17,17,17,1,0,0.352941176471,0.411764705882,0.235294117647,17,39,0.143382352941,2.00049019608,4.58823529412,3.25,2.78571428571,1.69774937525,0.370022299735,0.191553544495,2.14373231428,0.934447419046,0.506787330317,1.92888263907,0.840794996516,0.455505279035,0.812630708441,0.406215791526,2.35,2.00049019608,0.812630708441,2.35,0.263725490196,0.147239263804,8,0.0117647058824,0.174549062049,17,17,17,1,0,0.294117647059,0.529411764706,0.176470588235,2,0.00735294117647,0.118137254902,0.235294117647,-0.113636363636,-0.0604395604396,0.00433653166789,-0.019004975143,-0.00240512005218,0.0450632682653,-0.0298059264211,-0.0114956585545,0.0502097658116,-0.0223790263307,-0.0150829562594,0.026433139348,-0.0114516670541,0.1,0.118137254902,0.026433139348,0.1,0.097385620915,0.0860147740078,5,0.00735294117647,-0.0114033189033,-0.0588235294118,0.117647058824,-0.0588235294118,37,2,0,233,1,0.991489361702,0.00851063829787,0,0.948717948718,1,0.973684210526,0.969867905134,0.991489361702,0.948717948718,4,2,0,0,0,0
3343,WLNM_dir_neg,1,0.5,00:00:00,10,80,22,1986366795,threshold_sweep,0.4,0.5,1,0.666666666667,2,2,0,2,1,0.5,0.5,0,0.5,1,0.666666666667,0.666666666667,0.444444444444,0.4,0.5,0.5,37,35,2,0,37,0,35,0,2,17,37,0.136029411765,1.88235294118,4.35294117647,3.36363636364,2.84615384615,1.69341284359,0.389027274878,0.193958664547,2.09866904602,0.964253345467,0.518282988871,1.87867287326,0.863174022847,0.470588235294,0.786197569093,0.41766745858,2.25,1.88235294118,0.786197569093,2.25,0.166339869281,0.0612244897959,3,0.00441176470588,0.185952380952,17,17,17,1,0,0.352941176471,0.411764705882,0.235294117647,17,0.128676470588,1.90196078431,4.11764705882,3.18181818182,2.69230769231,1.57648156274,0.382859808093,0.201680672269,2.01465221053,0.978545359402,0.524369747899,1.74894926439,0.849489642704,0.463865546218,0.814492905316,0.428238537847,2.33333333333,1.90196078431,0.814492905316,2.33333333333,0,0,0,0,0.164242424242,17,17,17,1,0,0.352941176471,0.411764705882,0.235294117647,17,39,0.143382352941,2.00049019608,4.58823529412,3.25,2.78571428571,1.69774937525,0.370022299735,0.191553544495,2.14373231428,0.934447419046,0.506787330317,1.92888263907,0.840794996516,0.455505279035,0.812630708441,0.406215791526,2.35,2.00049019608,0.812630708441,2.35,0.263725490196,0.147239263804,8,0.0117647058824,0.174549062049,17,17,17,1,0,0.294117647059,0.529411764706,0.176470588235,2,0.00735294117647,0.118137254902,0.235294117647,-0.113636363636,-0.0604395604396,0.00433653166789,-0.019004975143,-0.00240512005218,0.0450632682653,-0.0298059264211,-0.0114956585545,0.0502097658116,-0.0223790263307,-0.0150829562594,0.026433139348,-0.0114516670541,0.1,0.118137254902,0.026433139348,0.1,0.097385620915,0.0860147740078,5,0.00735294117647,-0.0114033189033,-0.0588235294118,0.117647058824,-0.0588235294118,37,2,0,233,1,0.991489361702,0.00851063829787,0,0.948717948718,1,0.973684210526,0.969867905134,0.991489361702,0.948717948718,4,2,0,0,0,0
3344,WLNM_dir_neg,1,0.5,00:00:00,10,80,22,1986366795,threshold_sweep,0.5,0.5,1,0.666666666667,2,2,0,2,1,0.5,0.5,0,0.5,1,0.666666666667,0.666666666667,0.444444444444,0.4,0.5,0.5,37,35,2,0,37,0,35,0,2,17,37,0.136029411765,1.88235294118,4.35294117647,3.36363636364,2.84615384615,1.69341284359,0.389027274878,0.193958664547,2.09866904602,0.964253345467,0.518282988871,1.87867287326,0.863174022847,0.470588235294,0.786197569093,0.41766745858,2.25,1.88235294118,0.786197569093,2.25,0.166339869281,0.0612244897959,3,0.00441176470588,0.185952380952,17,17,17,1,0,0.352941176471,0.411764705882,0.235294117647,17,0.128676470588,1.90196078431,4.11764705882,3.18181818182,2.69230769231,1.57648156274,0.382859808093,0.201680672269,2.01465221053,0.978545359402,0.524369747899,1.74894926439,0.849489642704,0.463865546218,0.814492905316,0.428238537847,2.33333333333,1.90196078431,0.814492905316,2.33333333333,0,0,0,0,0.164242424242,17,17,17,1,0,0.352941176471,0.411764705882,0.235294117647,17,39,0.143382352941,2.00049019608,4.58823529412,3.25,2.78571428571,1.69774937525,0.370022299735,0.191553544495,2.14373231428,0.934447419046,0.506787330317,1.92888263907,0.840794996516,0.455505279035,0.812630708441,0.406215791526,2.35,2.00049019608,0.812630708441,2.35,0.263725490196,0.147239263804,8,0.0117647058824,0.174549062049,17,17,17,1,0,0.294117647059,0.529411764706,0.176470588235,2,0.00735294117647,0.118137254902,0.235294117647,-0.113636363636,-0.0604395604396,0.00433653166789,-0.019004975143,-0.00240512005218,0.0450632682653,-0.0298059264211,-0.0114956585545,0.0502097658116,-0.0223790263307,-0.0150829562594,0.026433139348,-0.0114516670541,0.1,0.118137254902,0.026433139348,0.1,0.097385620915,0.0860147740078,5,0.00735294117647,-0.0114033189033,-0.0588235294118,0.117647058824,-0.0588235294118,37,2,0,233,1,0.991489361702,0.00851063829787,0,0.948717948718,1,0.973684210526,0.969867905134,0.991489361702,0.948717948718,4,2,0,0,0,0
3345,WLNM_dir_neg,1,0.5,00:00:00,10,80,22,1986366795,threshold_sweep,0.6,0.5,1,0.666666666667,2,2,0,2,1,0.5,0.5,0,0.5,1,0.666666666667,0.666666666667,0.444444444444,0.4,0.5,0.5,37,35,2,0,37,0,35,0,2,17,37,0.136029411765,1.88235294118,4.35294117647,3.36363636364,2.84615384615,1.69341284359,0.389027274878,0.193958664547,2.09866904602,0.964253345467,0.518282988871,1.87867287326,0.863174022847,0.470588235294,0.786197569093,0.41766745858,2.25,1.88235294118,0.786197569093,2.25,0.166339869281,0.0612244897959,3,0.00441176470588,0.185952380952,17,17,17,1,0,0.352941176471,0.411764705882,0.235294117647,17,0.128676470588,1.90196078431,4.11764705882,3.18181818182,2.69230769231,1.57648156274,0.382859808093,0.201680672269,2.01465221053,0.978545359402,0.524369747899,1.74894926439,0.849489642704,0.463865546218,0.814492905316,0.428238537847,2.33333333333,1.90196078431,0.814492905316,2.33333333333,0,0,0,0,0.164242424242,17,17,17,1,0,0.352941176471,0.411764705882,0.235294117647,17,39,0.143382352941,2.00049019608,4.58823529412,3.25,2.78571428571,1.69774937525,0.370022299735,0.191553544495,2.14373231428,0.934447419046,0.506787330317,1.92888263907,0.840794996516,0.455505279035,0.812630708441,0.406215791526,2.35,2.00049019608,0.812630708441,2.35,0.263725490196,0.147239263804,8,0.0117647058824,0.174549062049,17,17,17,1,0,0.294117647059,0.529411764706,0.176470588235,2,0.00735294117647,0.118137254902,0.235294117647,-0.113636363636,-0.0604395604396,0.00433653166789,-0.019004975143,-0.00240512005218,0.0450632682653,-0.0298059264211,-0.0114956585545,0.0502097658116,-0.0223790263307,-0.0150829562594,0.026433139348,-0.0114516670541,0.1,0.118137254902,0.026433139348,0.1,0.097385620915,0.0860147740078,5,0.00735294117647,-0.0114033189033,-0.0588235294118,0.117647058824,-0.0588235294118,37,2,0,233,1,0.991489361702,0.00851063829787,0,0.948717948718,1,0.973684210526,0.969867905134,0.991489361702,0.948717948718,4,2,0,0,0,0
3346,WLNM_dir_neg,1,0.5,00:00:00,10,80,22,1986366795,threshold_sweep,0.7,0.5,1,0.666666666667,2,2,0,2,1,0.5,0.5,0,0.5,1,0.666666666667,0.666666666667,0.444444444444,0.4,0.5,0.5,37,35,2,0,37,0,35,0,2,17,37,0.136029411765,1.88235294118,4.35294117647,3.36363636364,2.84615384615,1.69341284359,0.389027274878,0.193958664547,2.09866904602,0.964253345467,0.518282988871,1.87867287326,0.863174022847,0.470588235294,0.786197569093,0.41766745858,2.25,1.88235294118,0.786197569093,2.25,0.166339869281,0.0612244897959,3,0.00441176470588,0.185952380952,17,17,17,1,0,0.352941176471,0.411764705882,0.235294117647,17,0.128676470588,1.90196078431,4.11764705882,3.18181818182,2.69230769231,1.57648156274,0.382859808093,0.201680672269,2.01465221053,0.978545359402,0.524369747899,1.74894926439,0.849489642704,0.463865546218,0.814492905316,0.428238537847,2.33333333333,1.90196078431,0.814492905316,2.33333333333,0,0,0,0,0.164242424242,17,17,17,1,0,0.352941176471,0.411764705882,0.235294117647,17,39,0.143382352941,2.00049019608,4.58823529412,3.25,2.78571428571,1.69774937525,0.370022299735,0.191553544495,2.14373231428,0.934447419046,0.506787330317,1.92888263907,0.840794996516,0.455505279035,0.812630708441,0.406215791526,2.35,2.00049019608,0.812630708441,2.35,0.263725490196,0.147239263804,8,0.0117647058824,0.174549062049,17,17,17,1,0,0.294117647059,0.529411764706,0.176470588235,2,0.00735294117647,0.118137254902,0.235294117647,-0.113636363636,-0.0604395604396,0.00433653166789,-0.019004975143,-0.00240512005218,0.0450632682653,-0.0298059264211,-0.0114956585545,0.0502097658116,-0.0223790263307,-0.0150829562594,0.026433139348,-0.0114516670541,0.1,0.118137254902,0.026433139348,0.1,0.097385620915,0.0860147740078,5,0.00735294117647,-0.0114033189033,-0.0588235294118,0.117647058824,-0.0588235294118,37,2,0,233,1,0.991489361702,0.00851063829787,0,0.948717948718,1,0.973684210526,0.969867905134,0.991489361702,0.948717948718,4,2,0,0,0,0
3347,WLNM_dir_neg,1,0.5,00:00:00,10,80,22,1986366795,threshold_sweep,0.8,0.5,1,0.666666666667,2,2,0,2,1,0.5,0.5,0,0.5,1,0.666666666667,0.666666666667,0.444444444444,0.4,0.5,0.5,37,35,2,0,37,0,35,0,2,17,37,0.136029411765,1.88235294118,4.35294117647,3.36363636364,2.84615384615,1.69341284359,0.389027274878,0.193958664547,2.09866904602,0.964253345467,0.518282988871,1.87867287326,0.863174022847,0.470588235294,0.786197569093,0.41766745858,2.25,1.88235294118,0.786197569093,2.25,0.166339869281,0.0612244897959,3,0.00441176470588,0.185952380952,17,17,17,1,0,0.352941176471,0.411764705882,0.235294117647,17,0.128676470588,1.90196078431,4.11764705882,3.18181818182,2.69230769231,1.57648156274,0.382859808093,0.201680672269,2.01465221053,0.978545359402,0.524369747899,1.74894926439,0.849489642704,0.463865546218,0.814492905316,0.428238537847,2.33333333333,1.90196078431,0.814492905316,2.33333333333,0,0,0,0,0.164242424242,17,17,17,1,0,0.352941176471,0.411764705882,0.235294117647,17,39,0.143382352941,2.00049019608,4.58823529412,3.25,2.78571428571,1.69774937525,0.370022299735,0.191553544495,2.14373231428,0.934447419046,0.506787330317,1.92888263907,0.840794996516,0.455505279035,0.812630708441,0.406215791526,2.35,2.00049019608,0.812630708441,2.35,0.263725490196,0.147239263804,8,0.0117647058824,0.174549062049,17,17,17,1,0,0.294117647059,0.529411764706,0.176470588235,2,0.00735294117647,0.118137254902,0.235294117647,-0.113636363636,-0.0604395604396,0.00433653166789,-0.019004975143,-0.00240512005218,0.0450632682653,-0.0298059264211,-0.0114956585545,0.0502097658116,-0.0223790263307,-0.0150829562594,0.026433139348,-0.0114516670541,0.1,0.118137254902,0.026433139348,0.1,0.097385620915,0.0860147740078,5,0.00735294117647,-0.0114033189033,-0.0588235294118,0.117647058824,-0.0588235294118,37,2,0,233,1,0.991489361702,0.00851063829787,0,0.948717948718,1,0.973684210526,0.969867905134,0.991489361702,0.948717948718,4,2,0,0,0,0
3348,WLNM_dir_neg,1,0.5,00:00:00,10,80,22,1986366795,threshold_sweep,0.9,0.5,1,0.666666666667,2,2,0,2,1,0.5,0.5,0,0.5,1,0.666666666667,0.666666666667,0.444444444444,0.4,0.5,0.5,37,35,2,0,37,0,35,0,2,17,37,0.136029411765,1.88235294118,4.35294117647,3.36363636364,2.84615384615,1.69341284359,0.389027274878,0.193958664547,2.09866904602,0.964253345467,0.518282988871,1.87867287326,0.863174022847,0.470588235294,0.786197569093,0.41766745858,2.25,1.88235294118,0.786197569093,2.25,0.166339869281,0.0612244897959,3,0.00441176470588,0.185952380952,17,17,17,1,0,0.352941176471,0.411764705882,0.235294117647,17,0.128676470588,1.90196078431,4.11764705882,3.18181818182,2.69230769231,1.57648156274,0.382859808093,0.201680672269,2.01465221053,0.978545359402,0.524369747899,1.74894926439,0.849489642704,0.463865546218,0.814492905316,0.428238537847,2.33333333333,1.90196078431,0.814492905316,2.33333333333,0,0,0,0,0.164242424242,17,17,17,1,0,0.352941176471,0.411764705882,0.235294117647,17,39,0.143382352941,2.00049019608,4.58823529412,3.25,2.78571428571,1.69774937525,0.370022299735,0.191553544495,2.14373231428,0.934447419046,0.506787330317,1.92888263907,0.840794996516,0.455505279035,0.812630708441,0.406215791526,2.35,2.00049019608,0.812630708441,2.35,0.263725490196,0.147239263804,8,0.0117647058824,0.174549062049,17,17,17,1,0,0.294117647059,0.529411764706,0.176470588235,2,0.00735294117647,0.118137254902,0.235294117647,-0.113636363636,-0.0604395604396,0.00433653166789,-0.019004975143,-0.00240512005218,0.0450632682653,-0.0298059264211,-0.0114956585545,0.0502097658116,-0.0223790263307,-0.0150829562594,0.026433139348,-0.0114516670541,0.1,0.118137254902,0.026433139348,0.1,0.097385620915,0.0860147740078,5,0.00735294117647,-0.0114033189033,-0.0588235294118,0.117647058824,-0.0588235294118,37,2,0,233,1,0.991489361702,0.00851063829787,0,0.948717948718,1,0.973684210526,0.969867905134,0.991489361702,0.948717948718,4,2,0,0,0,0
3349,WLNM_dir_neg,1,0.5,00:00:00,10,80,23,1986366796,threshold_sweep,0.1,0.666666666667,1,0.8,2,1,0,3,1,0.75,0.25,0,0.666666666667,1,0.8,0.833333333333,0.5,0.666666666667,0.707106781187,0.75,37,35,2,0,37,0,35,0,2,17,37,0.136029411765,1.88235294118,4.35294117647,3.36363636364,2.84615384615,1.69341284359,0.389027274878,0.193958664547,2.09866904602,0.964253345467,0.518282988871,1.87867287326,0.863174022847,0.470588235294,0.786197569093,0.41766745858,2.25,1.88235294118,0.786197569093,2.25,0.166339869281,0.0612244897959,3,0.00441176470588,0.185952380952,17,17,17,1,0,0.352941176471,0.411764705882,0.235294117647,17,0.128676470588,1.90196078431,4.11764705882,3.18181818182,2.69230769231,1.57648156274,0.382859808093,0.201680672269,2.01465221053,0.978545359402,0.524369747899,1.74894926439,0.849489642704,0.463865546218,0.814492905316,0.428238537847,2.33333333333,1.90196078431,0.814492905316,2.33333333333,0,0,0,0,0.164242424242,17,17,17,1,0,0.352941176471,0.411764705882,0.235294117647,17,38,0.139705882353,1.87941176471,4.47058823529,3.45454545455,2.71428571429,1.73629084037,0.388380845872,0.198142414861,2.16591238756,0.968960804961,0.517027863777,1.82103719638,0.814674535221,0.442724458204,0.780836655359,0.415468642914,2.2,1.87941176471,0.780836655359,2.2,0.162418300654,0.0576923076923,3,0.00441176470588,0.182878787879,17,17,17,1,0,0.352941176471,0.470588235294,0.176470588235,1,0.00367647058824,-0.00294117647059,0.117647058824,0.0909090909091,-0.131868131868,0.0428779967836,-0.000646429005719,0.00418375031378,0.0672433415445,0.00470745949447,-0.00125512509413,-0.0576356768785,-0.0484994876259,-0.0278637770898,-0.00536091373311,-0.00219881566616,-0.05,-0.00294117647059,-0.00536091373311,-0.05,-0.00392156862745,-0.00353218210361,0,0,-0.00307359307359,0,0.0588235294118,-0.0588235294118,37,1,0,234,1,0.995744680851,0.00425531914894,0,0.973684210526,1,0.986666666667,0.984652666406,0.995744680851,0.973684210526,3,2,0,0,0,0
3350,WLNM_dir_neg,1,0.5,00:00:00,10,80,23,1986366796,threshold_sweep,0.2,0.666666666667,1,0.8,2,1,0,3,1,0.75,0.25,0,0.666666666667,1,0.8,0.833333333333,0.5,0.666666666667,0.707106781187,0.75,37,35,2,0,37,0,35,0,2,17,37,0.136029411765,1.88235294118,4.35294117647,3.36363636364,2.84615384615,1.69341284359,0.389027274878,0.193958664547,2.09866904602,0.964253345467,0.518282988871,1.87867287326,0.863174022847,0.470588235294,0.786197569093,0.41766745858,2.25,1.88235294118,0.786197569093,2.25,0.166339869281,0.0612244897959,3,0.00441176470588,0.185952380952,17,17,17,1,0,0.352941176471,0.411764705882,0.235294117647,17,0.128676470588,1.90196078431,4.11764705882,3.18181818182,2.69230769231,1.57648156274,0.382859808093,0.201680672269,2.01465221053,0.978545359402,0.524369747899,1.74894926439,0.849489642704,0.463865546218,0.814492905316,0.428238537847,2.33333333333,1.90196078431,0.814492905316,2.33333333333,0,0,0,0,0.164242424242,17,17,17,1,0,0.352941176471,0.411764705882,0.235294117647,17,38,0.139705882353,1.87941176471,4.47058823529,3.45454545455,2.71428571429,1.73629084037,0.388380845872,0.198142414861,2.16591238756,0.968960804961,0.517027863777,1.82103719638,0.814674535221,0.442724458204,0.780836655359,0.415468642914,2.2,1.87941176471,0.780836655359,2.2,0.162418300654,0.0576923076923,3,0.00441176470588,0.182878787879,17,17,17,1,0,0.352941176471,0.470588235294,0.176470588235,1,0.00367647058824,-0.00294117647059,0.117647058824,0.0909090909091,-0.131868131868,0.0428779967836,-0.000646429005719,0.00418375031378,0.0672433415445,0.00470745949447,-0.00125512509413,-0.0576356768785,-0.0484994876259,-0.0278637770898,-0.00536091373311,-0.00219881566616,-0.05,-0.00294117647059,-0.00536091373311,-0.05,-0.00392156862745,-0.00353218210361,0,0,-0.00307359307359,0,0.0588235294118,-0.0588235294118,37,1,0,234,1,0.995744680851,0.00425531914894,0,0.973684210526,1,0.986666666667,0.984652666406,0.995744680851,0.973684210526,3,2,0,0,0,0
3351,WLNM_dir_neg,1,0.5,00:00:00,10,80,23,1986366796,threshold_sweep,0.3,0.666666666667,1,0.8,2,1,0,3,1,0.75,0.25,0,0.666666666667,1,0.8,0.833333333333,0.5,0.666666666667,0.707106781187,0.75,37,35,2,0,37,0,35,0,2,17,37,0.136029411765,1.88235294118,4.35294117647,3.36363636364,2.84615384615,1.69341284359,0.389027274878,0.193958664547,2.09866904602,0.964253345467,0.518282988871,1.87867287326,0.863174022847,0.470588235294,0.786197569093,0.41766745858,2.25,1.88235294118,0.786197569093,2.25,0.166339869281,0.0612244897959,3,0.00441176470588,0.185952380952,17,17,17,1,0,0.352941176471,0.411764705882,0.235294117647,17,0.128676470588,1.90196078431,4.11764705882,3.18181818182,2.69230769231,1.57648156274,0.382859808093,0.201680672269,2.01465221053,0.978545359402,0.524369747899,1.74894926439,0.849489642704,0.463865546218,0.814492905316,0.428238537847,2.33333333333,1.90196078431,0.814492905316,2.33333333333,0,0,0,0,0.164242424242,17,17,17,1,0,0.352941176471,0.411764705882,0.235294117647,17,38,0.139705882353,1.87941176471,4.47058823529,3.45454545455,2.71428571429,1.73629084037,0.388380845872,0.198142414861,2.16591238756,0.968960804961,0.517027863777,1.82103719638,0.814674535221,0.442724458204,0.780836655359,0.415468642914,2.2,1.87941176471,0.780836655359,2.2,0.162418300654,0.0576923076923,3,0.00441176470588,0.182878787879,17,17,17,1,0,0.352941176471,0.470588235294,0.176470588235,1,0.00367647058824,-0.00294117647059,0.117647058824,0.0909090909091,-0.131868131868,0.0428779967836,-0.000646429005719,0.00418375031378,0.0672433415445,0.00470745949447,-0.00125512509413,-0.0576356768785,-0.0484994876259,-0.0278637770898,-0.00536091373311,-0.00219881566616,-0.05,-0.00294117647059,-0.00536091373311,-0.05,-0.00392156862745,-0.00353218210361,0,0,-0.00307359307359,0,0.0588235294118,-0.0588235294118,37,1,0,234,1,0.995744680851,0.00425531914894,0,0.973684210526,1,0.986666666667,0.984652666406,0.995744680851,0.973684210526,3,2,0,0,0,0
3352,WLNM_dir_neg,1,0.5,00:00:00,10,80,23,1986366796,threshold_sweep,0.4,0.666666666667,1,0.8,2,1,0,3,1,0.75,0.25,0,0.666666666667,1,0.8,0.833333333333,0.5,0.666666666667,0.707106781187,0.75,37,35,2,0,37,0,35,0,2,17,37,0.136029411765,1.88235294118,4.35294117647,3.36363636364,2.84615384615,1.69341284359,0.389027274878,0.193958664547,2.09866904602,0.964253345467,0.518282988871,1.87867287326,0.863174022847,0.470588235294,0.786197569093,0.41766745858,2.25,1.88235294118,0.786197569093,2.25,0.166339869281,0.0612244897959,3,0.00441176470588,0.185952380952,17,17,17,1,0,0.352941176471,0.411764705882,0.235294117647,17,0.128676470588,1.90196078431,4.11764705882,3.18181818182,2.69230769231,1.57648156274,0.382859808093,0.201680672269,2.01465221053,0.978545359402,0.524369747899,1.74894926439,0.849489642704,0.463865546218,0.814492905316,0.428238537847,2.33333333333,1.90196078431,0.814492905316,2.33333333333,0,0,0,0,0.164242424242,17,17,17,1,0,0.352941176471,0.411764705882,0.235294117647,17,38,0.139705882353,1.87941176471,4.47058823529,3.45454545455,2.71428571429,1.73629084037,0.388380845872,0.198142414861,2.16591238756,0.968960804961,0.517027863777,1.82103719638,0.814674535221,0.442724458204,0.780836655359,0.415468642914,2.2,1.87941176471,0.780836655359,2.2,0.162418300654,0.0576923076923,3,0.00441176470588,0.182878787879,17,17,17,1,0,0.352941176471,0.470588235294,0.176470588235,1,0.00367647058824,-0.00294117647059,0.117647058824,0.0909090909091,-0.131868131868,0.0428779967836,-0.000646429005719,0.00418375031378,0.0672433415445,0.00470745949447,-0.00125512509413,-0.0576356768785,-0.0484994876259,-0.0278637770898,-0.00536091373311,-0.00219881566616,-0.05,-0.00294117647059,-0.00536091373311,-0.05,-0.00392156862745,-0.00353218210361,0,0,-0.00307359307359,0,0.0588235294118,-0.0588235294118,37,1,0,234,1,0.995744680851,0.00425531914894,0,0.973684210526,1,0.986666666667,0.984652666406,0.995744680851,0.973684210526,3,2,0,0,0,0
3353,WLNM_dir_neg,1,0.5,00:00:00,10,80,23,1986366796,threshold_sweep,0.5,0.666666666667,1,0.8,2,1,0,3,1,0.75,0.25,0,0.666666666667,1,0.8,0.833333333333,0.5,0.666666666667,0.707106781187,0.75,37,35,2,0,37,0,35,0,2,17,37,0.136029411765,1.88235294118,4.35294117647,3.36363636364,2.84615384615,1.69341284359,0.389027274878,0.193958664547,2.09866904602,0.964253345467,0.518282988871,1.87867287326,0.863174022847,0.470588235294,0.786197569093,0.41766745858,2.25,1.88235294118,0.786197569093,2.25,0.166339869281,0.0612244897959,3,0.00441176470588,0.185952380952,17,17,17,1,0,0.352941176471,0.411764705882,0.235294117647,17,0.128676470588,1.90196078431,4.11764705882,3.18181818182,2.69230769231,1.57648156274,0.382859808093,0.201680672269,2.01465221053,0.978545359402,0.524369747899,1.74894926439,0.849489642704,0.463865546218,0.814492905316,0.428238537847,2.33333333333,1.90196078431,0.814492905316,2.33333333333,0,0,0,0,0.164242424242,17,17,17,1,0,0.352941176471,0.411764705882,0.235294117647,17,38,0.139705882353,1.87941176471,4.47058823529,3.45454545455,2.71428571429,1.73629084037,0.388380845872,0.198142414861,2.16591238756,0.968960804961,0.517027863777,1.82103719638,0.814674535221,0.442724458204,0.780836655359,0.415468642914,2.2,1.87941176471,0.780836655359,2.2,0.162418300654,0.0576923076923,3,0.00441176470588,0.182878787879,17,17,17,1,0,0.352941176471,0.470588235294,0.176470588235,1,0.00367647058824,-0.00294117647059,0.117647058824,0.0909090909091,-0.131868131868,0.0428779967836,-0.000646429005719,0.00418375031378,0.0672433415445,0.00470745949447,-0.00125512509413,-0.0576356768785,-0.0484994876259,-0.0278637770898,-0.00536091373311,-0.00219881566616,-0.05,-0.00294117647059,-0.00536091373311,-0.05,-0.00392156862745,-0.00353218210361,0,0,-0.00307359307359,0,0.0588235294118,-0.0588235294118,37,1,0,234,1,0.995744680851,0.00425531914894,0,0.973684210526,1,0.986666666667,0.984652666406,0.995744680851,0.973684210526,3,2,0,0,0,0
3354,WLNM_dir_neg,1,0.5,00:00:00,10,80,23,1986366796,threshold_sweep,0.6,1,1,1,2,0,0,4,1,1,0,0,1,1,1,1,0.555555555556,1,1,1,37,35,2,0,37,0,35,0,2,17,37,0.136029411765,1.88235294118,4.35294117647,3.36363636364,2.84615384615,1.69341284359,0.389027274878,0.193958664547,2.09866904602,0.964253345467,0.518282988871,1.87867287326,0.863174022847,0.470588235294,0.786197569093,0.41766745858,2.25,1.88235294118,0.786197569093,2.25,0.166339869281,0.0612244897959,3,0.00441176470588,0.185952380952,17,17,17,1,0,0.352941176471,0.411764705882,0.235294117647,17,0.128676470588,1.90196078431,4.11764705882,3.18181818182,2.69230769231,1.57648156274,0.382859808093,0.201680672269,2.01465221053,0.978545359402,0.524369747899,1.74894926439,0.849489642704,0.463865546218,0.814492905316,0.428238537847,2.33333333333,1.90196078431,0.814492905316,2.33333333333,0,0,0,0,0.164242424242,17,17,17,1,0,0.352941176471,0.411764705882,0.235294117647,17,37,0.136029411765,1.88235294118,4.35294117647,3.36363636364,2.84615384615,1.69341284359,0.389027274878,0.193958664547,2.09866904602,0.964253345467,0.518282988871,1.87867287326,0.863174022847,0.470588235294,0.786197569093,0.41766745858,2.25,1.88235294118,0.786197569093,2.25,0.166339869281,0.0612244897959,3,0.00441176470588,0.185952380952,17,17,17,1,0,0.352941176471,0.411764705882,0.235294117647,0,0,0,0,0,0,0,0,0,0,0,0,0,0,0,0,0,0,0,0,0,0,0,0,0,0,0,0,0,37,0,0,235,1,1,0,0,1,1,1,1,1,1,2,2,0,0,0,0
3355,WLNM_dir_neg,1,0.5,00:00:00,10,80,23,1986366796,threshold_sweep,0.7,1,1,1,2,0,0,4,1,1,0,0,1,1,1,1,0.555555555556,1,1,1,37,35,2,0,37,0,35,0,2,17,37,0.136029411765,1.88235294118,4.35294117647,3.36363636364,2.84615384615,1.69341284359,0.389027274878,0.193958664547,2.09866904602,0.964253345467,0.518282988871,1.87867287326,0.863174022847,0.470588235294,0.786197569093,0.41766745858,2.25,1.88235294118,0.786197569093,2.25,0.166339869281,0.0612244897959,3,0.00441176470588,0.185952380952,17,17,17,1,0,0.352941176471,0.411764705882,0.235294117647,17,0.128676470588,1.90196078431,4.11764705882,3.18181818182,2.69230769231,1.57648156274,0.382859808093,0.201680672269,2.01465221053,0.978545359402,0.524369747899,1.74894926439,0.849489642704,0.463865546218,0.814492905316,0.428238537847,2.33333333333,1.90196078431,0.814492905316,2.33333333333,0,0,0,0,0.164242424242,17,17,17,1,0,0.352941176471,0.411764705882,0.235294117647,17,37,0.136029411765,1.88235294118,4.35294117647,3.36363636364,2.84615384615,1.69341284359,0.389027274878,0.193958664547,2.09866904602,0.964253345467,0.518282988871,1.87867287326,0.863174022847,0.470588235294,0.786197569093,0.41766745858,2.25,1.88235294118,0.786197569093,2.25,0.166339869281,0.0612244897959,3,0.00441176470588,0.185952380952,17,17,17,1,0,0.352941176471,0.411764705882,0.235294117647,0,0,0,0,0,0,0,0,0,0,0,0,0,0,0,0,0,0,0,0,0,0,0,0,0,0,0,0,0,37,0,0,235,1,1,0,0,1,1,1,1,1,1,2,2,0,0,0,0
3356,WLNM_dir_neg,1,0.5,00:00:00,10,80,23,1986366796,threshold_sweep,0.8,1,1,1,2,0,0,4,1,1,0,0,1,1,1,1,0.555555555556,1,1,1,37,35,2,0,37,0,35,0,2,17,37,0.136029411765,1.88235294118,4.35294117647,3.36363636364,2.84615384615,1.69341284359,0.389027274878,0.193958664547,2.09866904602,0.964253345467,0.518282988871,1.87867287326,0.863174022847,0.470588235294,0.786197569093,0.41766745858,2.25,1.88235294118,0.786197569093,2.25,0.166339869281,0.0612244897959,3,0.00441176470588,0.185952380952,17,17,17,1,0,0.352941176471,0.411764705882,0.235294117647,17,0.128676470588,1.90196078431,4.11764705882,3.18181818182,2.69230769231,1.57648156274,0.382859808093,0.201680672269,2.01465221053,0.978545359402,0.524369747899,1.74894926439,0.849489642704,0.463865546218,0.814492905316,0.428238537847,2.33333333333,1.90196078431,0.814492905316,2.33333333333,0,0,0,0,0.164242424242,17,17,17,1,0,0.352941176471,0.411764705882,0.235294117647,17,37,0.136029411765,1.88235294118,4.35294117647,3.36363636364,2.84615384615,1.69341284359,0.389027274878,0.193958664547,2.09866904602,0.964253345467,0.518282988871,1.87867287326,0.863174022847,0.470588235294,0.786197569093,0.41766745858,2.25,1.88235294118,0.786197569093,2.25,0.166339869281,0.0612244897959,3,0.00441176470588,0.185952380952,17,17,17,1,0,0.352941176471,0.411764705882,0.235294117647,0,0,0,0,0,0,0,0,0,0,0,0,0,0,0,0,0,0,0,0,0,0,0,0,0,0,0,0,0,37,0,0,235,1,1,0,0,1,1,1,1,1,1,2,2,0,0,0,0
3357,WLNM_dir_neg,1,0.5,00:00:00,10,80,23,1986366796,threshold_sweep,0.9,1,1,1,2,0,0,4,1,1,0,0,1,1,1,1,0.555555555556,1,1,1,37,35,2,0,37,0,35,0,2,17,37,0.136029411765,1.88235294118,4.35294117647,3.36363636364,2.84615384615,1.69341284359,0.389027274878,0.193958664547,2.09866904602,0.964253345467,0.518282988871,1.87867287326,0.863174022847,0.470588235294,0.786197569093,0.41766745858,2.25,1.88235294118,0.786197569093,2.25,0.166339869281,0.0612244897959,3,0.00441176470588,0.185952380952,17,17,17,1,0,0.352941176471,0.411764705882,0.235294117647,17,0.128676470588,1.90196078431,4.11764705882,3.18181818182,2.69230769231,1.57648156274,0.382859808093,0.201680672269,2.01465221053,0.978545359402,0.524369747899,1.74894926439,0.849489642704,0.463865546218,0.814492905316,0.428238537847,2.33333333333,1.90196078431,0.814492905316,2.33333333333,0,0,0,0,0.164242424242,17,17,17,1,0,0.352941176471,0.411764705882,0.235294117647,17,37,0.136029411765,1.88235294118,4.35294117647,3.36363636364,2.84615384615,1.69341284359,0.389027274878,0.193958664547,2.09866904602,0.964253345467,0.518282988871,1.87867287326,0.863174022847,0.470588235294,0.786197569093,0.41766745858,2.25,1.88235294118,0.786197569093,2.25,0.166339869281,0.0612244897959,3,0.00441176470588,0.185952380952,17,17,17,1,0,0.352941176471,0.411764705882,0.235294117647,0,0,0,0,0,0,0,0,0,0,0,0,0,0,0,0,0,0,0,0,0,0,0,0,0,0,0,0,0,37,0,0,235,1,1,0,0,1,1,1,1,1,1,2,2,0,0,0,0
3358,WLNM_dir_neg,1,0.5,00:00:00,10,80,24,1986366797,threshold_sweep,0.1,1,1,1,2,0,0,4,1,1,0,0,1,1,1,1,0.555555555556,1,1,1,37,35,2,0,37,0,35,0,2,17,37,0.136029411765,1.88235294118,4.35294117647,3.36363636364,2.84615384615,1.69341284359,0.389027274878,0.193958664547,2.09866904602,0.964253345467,0.518282988871,1.87867287326,0.863174022847,0.470588235294,0.786197569093,0.41766745858,2.25,1.88235294118,0.786197569093,2.25,0.166339869281,0.0612244897959,3,0.00441176470588,0.185952380952,17,17,17,1,0,0.352941176471,0.411764705882,0.235294117647,17,0.128676470588,1.90196078431,4.11764705882,3.18181818182,2.69230769231,1.57648156274,0.382859808093,0.201680672269,2.01465221053,0.978545359402,0.524369747899,1.74894926439,0.849489642704,0.463865546218,0.814492905316,0.428238537847,2.33333333333,1.90196078431,0.814492905316,2.33333333333,0,0,0,0,0.164242424242,17,17,17,1,0,0.352941176471,0.411764705882,0.235294117647,17,37,0.136029411765,1.88235294118,4.35294117647,3.36363636364,2.84615384615,1.69341284359,0.389027274878,0.193958664547,2.09866904602,0.964253345467,0.518282988871,1.87867287326,0.863174022847,0.470588235294,0.786197569093,0.41766745858,2.25,1.88235294118,0.786197569093,2.25,0.166339869281,0.0612244897959,3,0.00441176470588,0.185952380952,17,17,17,1,0,0.352941176471,0.411764705882,0.235294117647,0,0,0,0,0,0,0,0,0,0,0,0,0,0,0,0,0,0,0,0,0,0,0,0,0,0,0,0,0,37,0,0,235,1,1,0,0,1,1,1,1,1,1,2,2,0,0,0,0
3359,WLNM_dir_neg,1,0.5,00:00:00,10,80,24,1986366797,threshold_sweep,0.2,1,1,1,2,0,0,4,1,1,0,0,1,1,1,1,0.555555555556,1,1,1,37,35,2,0,37,0,35,0,2,17,37,0.136029411765,1.88235294118,4.35294117647,3.36363636364,2.84615384615,1.69341284359,0.389027274878,0.193958664547,2.09866904602,0.964253345467,0.518282988871,1.87867287326,0.863174022847,0.470588235294,0.786197569093,0.41766745858,2.25,1.88235294118,0.786197569093,2.25,0.166339869281,0.0612244897959,3,0.00441176470588,0.185952380952,17,17,17,1,0,0.352941176471,0.411764705882,0.235294117647,17,0.128676470588,1.90196078431,4.11764705882,3.18181818182,2.69230769231,1.57648156274,0.382859808093,0.201680672269,2.01465221053,0.978545359402,0.524369747899,1.74894926439,0.849489642704,0.463865546218,0.814492905316,0.428238537847,2.33333333333,1.90196078431,0.814492905316,2.33333333333,0,0,0,0,0.164242424242,17,17,17,1,0,0.352941176471,0.411764705882,0.235294117647,17,37,0.136029411765,1.88235294118,4.35294117647,3.36363636364,2.84615384615,1.69341284359,0.389027274878,0.193958664547,2.09866904602,0.964253345467,0.518282988871,1.87867287326,0.863174022847,0.470588235294,0.786197569093,0.41766745858,2.25,1.88235294118,0.786197569093,2.25,0.166339869281,0.0612244897959,3,0.00441176470588,0.185952380952,17,17,17,1,0,0.352941176471,0.411764705882,0.235294117647,0,0,0,0,0,0,0,0,0,0,0,0,0,0,0,0,0,0,0,0,0,0,0,0,0,0,0,0,0,37,0,0,235,1,1,0,0,1,1,1,1,1,1,2,2,0,0,0,0
3360,WLNM_dir_neg,1,0.5,00:00:00,10,80,24,1986366797,threshold_sweep,0.3,1,1,1,2,0,0,4,1,1,0,0,1,1,1,1,0.555555555556,1,1,1,37,35,2,0,37,0,35,0,2,17,37,0.136029411765,1.88235294118,4.35294117647,3.36363636364,2.84615384615,1.69341284359,0.389027274878,0.193958664547,2.09866904602,0.964253345467,0.518282988871,1.87867287326,0.863174022847,0.470588235294,0.786197569093,0.41766745858,2.25,1.88235294118,0.786197569093,2.25,0.166339869281,0.0612244897959,3,0.00441176470588,0.185952380952,17,17,17,1,0,0.352941176471,0.411764705882,0.235294117647,17,0.128676470588,1.90196078431,4.11764705882,3.18181818182,2.69230769231,1.57648156274,0.382859808093,0.201680672269,2.01465221053,0.978545359402,0.524369747899,1.74894926439,0.849489642704,0.463865546218,0.814492905316,0.428238537847,2.33333333333,1.90196078431,0.814492905316,2.33333333333,0,0,0,0,0.164242424242,17,17,17,1,0,0.352941176471,0.411764705882,0.235294117647,17,37,0.136029411765,1.88235294118,4.35294117647,3.36363636364,2.84615384615,1.69341284359,0.389027274878,0.193958664547,2.09866904602,0.964253345467,0.518282988871,1.87867287326,0.863174022847,0.470588235294,0.786197569093,0.41766745858,2.25,1.88235294118,0.786197569093,2.25,0.166339869281,0.0612244897959,3,0.00441176470588,0.185952380952,17,17,17,1,0,0.352941176471,0.411764705882,0.235294117647,0,0,0,0,0,0,0,0,0,0,0,0,0,0,0,0,0,0,0,0,0,0,0,0,0,0,0,0,0,37,0,0,235,1,1,0,0,1,1,1,1,1,1,2,2,0,0,0,0
3361,WLNM_dir_neg,1,0.5,00:00:00,10,80,24,1986366797,threshold_sweep,0.4,1,1,1,2,0,0,4,1,1,0,0,1,1,1,1,0.555555555556,1,1,1,37,35,2,0,37,0,35,0,2,17,37,0.136029411765,1.88235294118,4.35294117647,3.36363636364,2.84615384615,1.69341284359,0.389027274878,0.193958664547,2.09866904602,0.964253345467,0.518282988871,1.87867287326,0.863174022847,0.470588235294,0.786197569093,0.41766745858,2.25,1.88235294118,0.786197569093,2.25,0.166339869281,0.0612244897959,3,0.00441176470588,0.185952380952,17,17,17,1,0,0.352941176471,0.411764705882,0.235294117647,17,0.128676470588,1.90196078431,4.11764705882,3.18181818182,2.69230769231,1.57648156274,0.382859808093,0.201680672269,2.01465221053,0.978545359402,0.524369747899,1.74894926439,0.849489642704,0.463865546218,0.814492905316,0.428238537847,2.33333333333,1.90196078431,0.814492905316,2.33333333333,0,0,0,0,0.164242424242,17,17,17,1,0,0.352941176471,0.411764705882,0.235294117647,17,37,0.136029411765,1.88235294118,4.35294117647,3.36363636364,2.84615384615,1.69341284359,0.389027274878,0.193958664547,2.09866904602,0.964253345467,0.518282988871,1.87867287326,0.863174022847,0.470588235294,0.786197569093,0.41766745858,2.25,1.88235294118,0.786197569093,2.25,0.166339869281,0.0612244897959,3,0.00441176470588,0.185952380952,17,17,17,1,0,0.352941176471,0.411764705882,0.235294117647,0,0,0,0,0,0,0,0,0,0,0,0,0,0,0,0,0,0,0,0,0,0,0,0,0,0,0,0,0,37,0,0,235,1,1,0,0,1,1,1,1,1,1,2,2,0,0,0,0
3362,WLNM_dir_neg,1,0.5,00:00:00,10,80,24,1986366797,threshold_sweep,0.5,1,1,1,2,0,0,4,1,1,0,0,1,1,1,1,0.555555555556,1,1,1,37,35,2,0,37,0,35,0,2,17,37,0.136029411765,1.88235294118,4.35294117647,3.36363636364,2.84615384615,1.69341284359,0.389027274878,0.193958664547,2.09866904602,0.964253345467,0.518282988871,1.87867287326,0.863174022847,0.470588235294,0.786197569093,0.41766745858,2.25,1.88235294118,0.786197569093,2.25,0.166339869281,0.0612244897959,3,0.00441176470588,0.185952380952,17,17,17,1,0,0.352941176471,0.411764705882,0.235294117647,17,0.128676470588,1.90196078431,4.11764705882,3.18181818182,2.69230769231,1.57648156274,0.382859808093,0.201680672269,2.01465221053,0.978545359402,0.524369747899,1.74894926439,0.849489642704,0.463865546218,0.814492905316,0.428238537847,2.33333333333,1.90196078431,0.814492905316,2.33333333333,0,0,0,0,0.164242424242,17,17,17,1,0,0.352941176471,0.411764705882,0.235294117647,17,37,0.136029411765,1.88235294118,4.35294117647,3.36363636364,2.84615384615,1.69341284359,0.389027274878,0.193958664547,2.09866904602,0.964253345467,0.518282988871,1.87867287326,0.863174022847,0.470588235294,0.786197569093,0.41766745858,2.25,1.88235294118,0.786197569093,2.25,0.166339869281,0.0612244897959,3,0.00441176470588,0.185952380952,17,17,17,1,0,0.352941176471,0.411764705882,0.235294117647,0,0,0,0,0,0,0,0,0,0,0,0,0,0,0,0,0,0,0,0,0,0,0,0,0,0,0,0,0,37,0,0,235,1,1,0,0,1,1,1,1,1,1,2,2,0,0,0,0
3363,WLNM_dir_neg,1,0.5,00:00:00,10,80,24,1986366797,threshold_sweep,0.6,1,1,1,2,0,0,4,1,1,0,0,1,1,1,1,0.555555555556,1,1,1,37,35,2,0,37,0,35,0,2,17,37,0.136029411765,1.88235294118,4.35294117647,3.36363636364,2.84615384615,1.69341284359,0.389027274878,0.193958664547,2.09866904602,0.964253345467,0.518282988871,1.87867287326,0.863174022847,0.470588235294,0.786197569093,0.41766745858,2.25,1.88235294118,0.786197569093,2.25,0.166339869281,0.0612244897959,3,0.00441176470588,0.185952380952,17,17,17,1,0,0.352941176471,0.411764705882,0.235294117647,17,0.128676470588,1.90196078431,4.11764705882,3.18181818182,2.69230769231,1.57648156274,0.382859808093,0.201680672269,2.01465221053,0.978545359402,0.524369747899,1.74894926439,0.849489642704,0.463865546218,0.814492905316,0.428238537847,2.33333333333,1.90196078431,0.814492905316,2.33333333333,0,0,0,0,0.164242424242,17,17,17,1,0,0.352941176471,0.411764705882,0.235294117647,17,37,0.136029411765,1.88235294118,4.35294117647,3.36363636364,2.84615384615,1.69341284359,0.389027274878,0.193958664547,2.09866904602,0.964253345467,0.518282988871,1.87867287326,0.863174022847,0.470588235294,0.786197569093,0.41766745858,2.25,1.88235294118,0.786197569093,2.25,0.166339869281,0.0612244897959,3,0.00441176470588,0.185952380952,17,17,17,1,0,0.352941176471,0.411764705882,0.235294117647,0,0,0,0,0,0,0,0,0,0,0,0,0,0,0,0,0,0,0,0,0,0,0,0,0,0,0,0,0,37,0,0,235,1,1,0,0,1,1,1,1,1,1,2,2,0,0,0,0
3364,WLNM_dir_neg,1,0.5,00:00:00,10,80,24,1986366797,threshold_sweep,0.7,1,1,1,2,0,0,4,1,1,0,0,1,1,1,1,0.555555555556,1,1,1,37,35,2,0,37,0,35,0,2,17,37,0.136029411765,1.88235294118,4.35294117647,3.36363636364,2.84615384615,1.69341284359,0.389027274878,0.193958664547,2.09866904602,0.964253345467,0.518282988871,1.87867287326,0.863174022847,0.470588235294,0.786197569093,0.41766745858,2.25,1.88235294118,0.786197569093,2.25,0.166339869281,0.0612244897959,3,0.00441176470588,0.185952380952,17,17,17,1,0,0.352941176471,0.411764705882,0.235294117647,17,0.128676470588,1.90196078431,4.11764705882,3.18181818182,2.69230769231,1.57648156274,0.382859808093,0.201680672269,2.01465221053,0.978545359402,0.524369747899,1.74894926439,0.849489642704,0.463865546218,0.814492905316,0.428238537847,2.33333333333,1.90196078431,0.814492905316,2.33333333333,0,0,0,0,0.164242424242,17,17,17,1,0,0.352941176471,0.411764705882,0.235294117647,17,37,0.136029411765,1.88235294118,4.35294117647,3.36363636364,2.84615384615,1.69341284359,0.389027274878,0.193958664547,2.09866904602,0.964253345467,0.518282988871,1.87867287326,0.863174022847,0.470588235294,0.786197569093,0.41766745858,2.25,1.88235294118,0.786197569093,2.25,0.166339869281,0.0612244897959,3,0.00441176470588,0.185952380952,17,17,17,1,0,0.352941176471,0.411764705882,0.235294117647,0,0,0,0,0,0,0,0,0,0,0,0,0,0,0,0,0,0,0,0,0,0,0,0,0,0,0,0,0,37,0,0,235,1,1,0,0,1,1,1,1,1,1,2,2,0,0,0,0
3365,WLNM_dir_neg,1,0.5,00:00:00,10,80,24,1986366797,threshold_sweep,0.8,1,1,1,2,0,0,4,1,1,0,0,1,1,1,1,0.555555555556,1,1,1,37,35,2,0,37,0,35,0,2,17,37,0.136029411765,1.88235294118,4.35294117647,3.36363636364,2.84615384615,1.69341284359,0.389027274878,0.193958664547,2.09866904602,0.964253345467,0.518282988871,1.87867287326,0.863174022847,0.470588235294,0.786197569093,0.41766745858,2.25,1.88235294118,0.786197569093,2.25,0.166339869281,0.0612244897959,3,0.00441176470588,0.185952380952,17,17,17,1,0,0.352941176471,0.411764705882,0.235294117647,17,0.128676470588,1.90196078431,4.11764705882,3.18181818182,2.69230769231,1.57648156274,0.382859808093,0.201680672269,2.01465221053,0.978545359402,0.524369747899,1.74894926439,0.849489642704,0.463865546218,0.814492905316,0.428238537847,2.33333333333,1.90196078431,0.814492905316,2.33333333333,0,0,0,0,0.164242424242,17,17,17,1,0,0.352941176471,0.411764705882,0.235294117647,17,37,0.136029411765,1.88235294118,4.35294117647,3.36363636364,2.84615384615,1.69341284359,0.389027274878,0.193958664547,2.09866904602,0.964253345467,0.518282988871,1.87867287326,0.863174022847,0.470588235294,0.786197569093,0.41766745858,2.25,1.88235294118,0.786197569093,2.25,0.166339869281,0.0612244897959,3,0.00441176470588,0.185952380952,17,17,17,1,0,0.352941176471,0.411764705882,0.235294117647,0,0,0,0,0,0,0,0,0,0,0,0,0,0,0,0,0,0,0,0,0,0,0,0,0,0,0,0,0,37,0,0,235,1,1,0,0,1,1,1,1,1,1,2,2,0,0,0,0
3366,WLNM_dir_neg,1,0.5,00:00:00,10,80,24,1986366797,threshold_sweep,0.9,1,1,1,2,0,0,4,1,1,0,0,1,1,1,1,0.555555555556,1,1,1,37,35,2,0,37,0,35,0,2,17,37,0.136029411765,1.88235294118,4.35294117647,3.36363636364,2.84615384615,1.69341284359,0.389027274878,0.193958664547,2.09866904602,0.964253345467,0.518282988871,1.87867287326,0.863174022847,0.470588235294,0.786197569093,0.41766745858,2.25,1.88235294118,0.786197569093,2.25,0.166339869281,0.0612244897959,3,0.00441176470588,0.185952380952,17,17,17,1,0,0.352941176471,0.411764705882,0.235294117647,17,0.128676470588,1.90196078431,4.11764705882,3.18181818182,2.69230769231,1.57648156274,0.382859808093,0.201680672269,2.01465221053,0.978545359402,0.524369747899,1.74894926439,0.849489642704,0.463865546218,0.814492905316,0.428238537847,2.33333333333,1.90196078431,0.814492905316,2.33333333333,0,0,0,0,0.164242424242,17,17,17,1,0,0.352941176471,0.411764705882,0.235294117647,17,37,0.136029411765,1.88235294118,4.35294117647,3.36363636364,2.84615384615,1.69341284359,0.389027274878,0.193958664547,2.09866904602,0.964253345467,0.518282988871,1.87867287326,0.863174022847,0.470588235294,0.786197569093,0.41766745858,2.25,1.88235294118,0.786197569093,2.25,0.166339869281,0.0612244897959,3,0.00441176470588,0.185952380952,17,17,17,1,0,0.352941176471,0.411764705882,0.235294117647,0,0,0,0,0,0,0,0,0,0,0,0,0,0,0,0,0,0,0,0,0,0,0,0,0,0,0,0,0,37,0,0,235,1,1,0,0,1,1,1,1,1,1,2,2,0,0,0,0
3367,WLNM_dir_neg,1,0.5,00:00:00,10,80,25,1986366798,threshold_sweep,0.1,0.666666666667,1,0.8,2,1,0,3,1,0.75,0.25,0,0.666666666667,1,0.8,0.833333333333,0.5,0.666666666667,0.707106781187,0.75,37,35,2,0,37,0,35,0,2,17,37,0.136029411765,1.88235294118,4.35294117647,3.36363636364,2.84615384615,1.69341284359,0.389027274878,0.193958664547,2.09866904602,0.964253345467,0.518282988871,1.87867287326,0.863174022847,0.470588235294,0.786197569093,0.41766745858,2.25,1.88235294118,0.786197569093,2.25,0.166339869281,0.0612244897959,3,0.00441176470588,0.185952380952,17,17,17,1,0,0.352941176471,0.411764705882,0.235294117647,17,0.128676470588,1.90196078431,4.11764705882,3.18181818182,2.69230769231,1.57648156274,0.382859808093,0.201680672269,2.01465221053,0.978545359402,0.524369747899,1.74894926439,0.849489642704,0.463865546218,0.814492905316,0.428238537847,2.33333333333,1.90196078431,0.814492905316,2.33333333333,0,0,0,0,0.164242424242,17,17,17,1,0,0.352941176471,0.411764705882,0.235294117647,17,38,0.139705882353,1.88970588235,4.47058823529,3.45454545455,2.71428571429,1.73629084037,0.388380845872,0.198142414861,2.19457888229,0.981785289445,0.529411764706,1.82103719638,0.814674535221,0.442724458204,0.797802588732,0.42218347108,2.25,1.88970588235,0.797802588732,2.25,0.185620915033,0.0961538461538,5,0.00735294117647,0.183398268398,17,17,17,1,0,0.352941176471,0.470588235294,0.176470588235,1,0.00367647058824,0.00735294117647,0.117647058824,0.0909090909091,-0.131868131868,0.0428779967836,-0.000646429005719,0.00418375031378,0.0959098362728,0.0175319439782,0.0111287758347,-0.0576356768785,-0.0484994876259,-0.0278637770898,0.0116050196399,0.00451601249979,0,0.00735294117647,0.0116050196399,0,0.0192810457516,0.0349293563579,2,0.00294117647059,-0.00255411255411,0,0.0588235294118,-0.0588235294118,37,1,0,234,1,0.995744680851,0.00425531914894,0,0.973684210526,1,0.986666666667,0.984652666406,0.995744680851,0.973684210526,3,2,0,0,0,0
3368,WLNM_dir_neg,1,0.5,00:00:00,10,80,25,1986366798,threshold_sweep,0.2,1,1,1,2,0,0,4,1,1,0,0,1,1,1,1,0.555555555556,1,1,1,37,35,2,0,37,0,35,0,2,17,37,0.136029411765,1.88235294118,4.35294117647,3.36363636364,2.84615384615,1.69341284359,0.389027274878,0.193958664547,2.09866904602,0.964253345467,0.518282988871,1.87867287326,0.863174022847,0.470588235294,0.786197569093,0.41766745858,2.25,1.88235294118,0.786197569093,2.25,0.166339869281,0.0612244897959,3,0.00441176470588,0.185952380952,17,17,17,1,0,0.352941176471,0.411764705882,0.235294117647,17,0.128676470588,1.90196078431,4.11764705882,3.18181818182,2.69230769231,1.57648156274,0.382859808093,0.201680672269,2.01465221053,0.978545359402,0.524369747899,1.74894926439,0.849489642704,0.463865546218,0.814492905316,0.428238537847,2.33333333333,1.90196078431,0.814492905316,2.33333333333,0,0,0,0,0.164242424242,17,17,17,1,0,0.352941176471,0.411764705882,0.235294117647,17,37,0.136029411765,1.88235294118,4.35294117647,3.36363636364,2.84615384615,1.69341284359,0.389027274878,0.193958664547,2.09866904602,0.964253345467,0.518282988871,1.87867287326,0.863174022847,0.470588235294,0.786197569093,0.41766745858,2.25,1.88235294118,0.786197569093,2.25,0.166339869281,0.0612244897959,3,0.00441176470588,0.185952380952,17,17,17,1,0,0.352941176471,0.411764705882,0.235294117647,0,0,0,0,0,0,0,0,0,0,0,0,0,0,0,0,0,0,0,0,0,0,0,0,0,0,0,0,0,37,0,0,235,1,1,0,0,1,1,1,1,1,1,2,2,0,0,0,0
3369,WLNM_dir_neg,1,0.5,00:00:00,10,80,25,1986366798,threshold_sweep,0.3,1,1,1,2,0,0,4,1,1,0,0,1,1,1,1,0.555555555556,1,1,1,37,35,2,0,37,0,35,0,2,17,37,0.136029411765,1.88235294118,4.35294117647,3.36363636364,2.84615384615,1.69341284359,0.389027274878,0.193958664547,2.09866904602,0.964253345467,0.518282988871,1.87867287326,0.863174022847,0.470588235294,0.786197569093,0.41766745858,2.25,1.88235294118,0.786197569093,2.25,0.166339869281,0.0612244897959,3,0.00441176470588,0.185952380952,17,17,17,1,0,0.352941176471,0.411764705882,0.235294117647,17,0.128676470588,1.90196078431,4.11764705882,3.18181818182,2.69230769231,1.57648156274,0.382859808093,0.201680672269,2.01465221053,0.978545359402,0.524369747899,1.74894926439,0.849489642704,0.463865546218,0.814492905316,0.428238537847,2.33333333333,1.90196078431,0.814492905316,2.33333333333,0,0,0,0,0.164242424242,17,17,17,1,0,0.352941176471,0.411764705882,0.235294117647,17,37,0.136029411765,1.88235294118,4.35294117647,3.36363636364,2.84615384615,1.69341284359,0.389027274878,0.193958664547,2.09866904602,0.964253345467,0.518282988871,1.87867287326,0.863174022847,0.470588235294,0.786197569093,0.41766745858,2.25,1.88235294118,0.786197569093,2.25,0.166339869281,0.0612244897959,3,0.00441176470588,0.185952380952,17,17,17,1,0,0.352941176471,0.411764705882,0.235294117647,0,0,0,0,0,0,0,0,0,0,0,0,0,0,0,0,0,0,0,0,0,0,0,0,0,0,0,0,0,37,0,0,235,1,1,0,0,1,1,1,1,1,1,2,2,0,0,0,0
3370,WLNM_dir_neg,1,0.5,00:00:00,10,80,25,1986366798,threshold_sweep,0.4,1,1,1,2,0,0,4,1,1,0,0,1,1,1,1,0.555555555556,1,1,1,37,35,2,0,37,0,35,0,2,17,37,0.136029411765,1.88235294118,4.35294117647,3.36363636364,2.84615384615,1.69341284359,0.389027274878,0.193958664547,2.09866904602,0.964253345467,0.518282988871,1.87867287326,0.863174022847,0.470588235294,0.786197569093,0.41766745858,2.25,1.88235294118,0.786197569093,2.25,0.166339869281,0.0612244897959,3,0.00441176470588,0.185952380952,17,17,17,1,0,0.352941176471,0.411764705882,0.235294117647,17,0.128676470588,1.90196078431,4.11764705882,3.18181818182,2.69230769231,1.57648156274,0.382859808093,0.201680672269,2.01465221053,0.978545359402,0.524369747899,1.74894926439,0.849489642704,0.463865546218,0.814492905316,0.428238537847,2.33333333333,1.90196078431,0.814492905316,2.33333333333,0,0,0,0,0.164242424242,17,17,17,1,0,0.352941176471,0.411764705882,0.235294117647,17,37,0.136029411765,1.88235294118,4.35294117647,3.36363636364,2.84615384615,1.69341284359,0.389027274878,0.193958664547,2.09866904602,0.964253345467,0.518282988871,1.87867287326,0.863174022847,0.470588235294,0.786197569093,0.41766745858,2.25,1.88235294118,0.786197569093,2.25,0.166339869281,0.0612244897959,3,0.00441176470588,0.185952380952,17,17,17,1,0,0.352941176471,0.411764705882,0.235294117647,0,0,0,0,0,0,0,0,0,0,0,0,0,0,0,0,0,0,0,0,0,0,0,0,0,0,0,0,0,37,0,0,235,1,1,0,0,1,1,1,1,1,1,2,2,0,0,0,0
3371,WLNM_dir_neg,1,0.5,00:00:00,10,80,25,1986366798,threshold_sweep,0.5,1,1,1,2,0,0,4,1,1,0,0,1,1,1,1,0.555555555556,1,1,1,37,35,2,0,37,0,35,0,2,17,37,0.136029411765,1.88235294118,4.35294117647,3.36363636364,2.84615384615,1.69341284359,0.389027274878,0.193958664547,2.09866904602,0.964253345467,0.518282988871,1.87867287326,0.863174022847,0.470588235294,0.786197569093,0.41766745858,2.25,1.88235294118,0.786197569093,2.25,0.166339869281,0.0612244897959,3,0.00441176470588,0.185952380952,17,17,17,1,0,0.352941176471,0.411764705882,0.235294117647,17,0.128676470588,1.90196078431,4.11764705882,3.18181818182,2.69230769231,1.57648156274,0.382859808093,0.201680672269,2.01465221053,0.978545359402,0.524369747899,1.74894926439,0.849489642704,0.463865546218,0.814492905316,0.428238537847,2.33333333333,1.90196078431,0.814492905316,2.33333333333,0,0,0,0,0.164242424242,17,17,17,1,0,0.352941176471,0.411764705882,0.235294117647,17,37,0.136029411765,1.88235294118,4.35294117647,3.36363636364,2.84615384615,1.69341284359,0.389027274878,0.193958664547,2.09866904602,0.964253345467,0.518282988871,1.87867287326,0.863174022847,0.470588235294,0.786197569093,0.41766745858,2.25,1.88235294118,0.786197569093,2.25,0.166339869281,0.0612244897959,3,0.00441176470588,0.185952380952,17,17,17,1,0,0.352941176471,0.411764705882,0.235294117647,0,0,0,0,0,0,0,0,0,0,0,0,0,0,0,0,0,0,0,0,0,0,0,0,0,0,0,0,0,37,0,0,235,1,1,0,0,1,1,1,1,1,1,2,2,0,0,0,0
3372,WLNM_dir_neg,1,0.5,00:00:00,10,80,25,1986366798,threshold_sweep,0.6,1,1,1,2,0,0,4,1,1,0,0,1,1,1,1,0.555555555556,1,1,1,37,35,2,0,37,0,35,0,2,17,37,0.136029411765,1.88235294118,4.35294117647,3.36363636364,2.84615384615,1.69341284359,0.389027274878,0.193958664547,2.09866904602,0.964253345467,0.518282988871,1.87867287326,0.863174022847,0.470588235294,0.786197569093,0.41766745858,2.25,1.88235294118,0.786197569093,2.25,0.166339869281,0.0612244897959,3,0.00441176470588,0.185952380952,17,17,17,1,0,0.352941176471,0.411764705882,0.235294117647,17,0.128676470588,1.90196078431,4.11764705882,3.18181818182,2.69230769231,1.57648156274,0.382859808093,0.201680672269,2.01465221053,0.978545359402,0.524369747899,1.74894926439,0.849489642704,0.463865546218,0.814492905316,0.428238537847,2.33333333333,1.90196078431,0.814492905316,2.33333333333,0,0,0,0,0.164242424242,17,17,17,1,0,0.352941176471,0.411764705882,0.235294117647,17,37,0.136029411765,1.88235294118,4.35294117647,3.36363636364,2.84615384615,1.69341284359,0.389027274878,0.193958664547,2.09866904602,0.964253345467,0.518282988871,1.87867287326,0.863174022847,0.470588235294,0.786197569093,0.41766745858,2.25,1.88235294118,0.786197569093,2.25,0.166339869281,0.0612244897959,3,0.00441176470588,0.185952380952,17,17,17,1,0,0.352941176471,0.411764705882,0.235294117647,0,0,0,0,0,0,0,0,0,0,0,0,0,0,0,0,0,0,0,0,0,0,0,0,0,0,0,0,0,37,0,0,235,1,1,0,0,1,1,1,1,1,1,2,2,0,0,0,0
3373,WLNM_dir_neg,1,0.5,00:00:00,10,80,25,1986366798,threshold_sweep,0.7,1,1,1,2,0,0,4,1,1,0,0,1,1,1,1,0.555555555556,1,1,1,37,35,2,0,37,0,35,0,2,17,37,0.136029411765,1.88235294118,4.35294117647,3.36363636364,2.84615384615,1.69341284359,0.389027274878,0.193958664547,2.09866904602,0.964253345467,0.518282988871,1.87867287326,0.863174022847,0.470588235294,0.786197569093,0.41766745858,2.25,1.88235294118,0.786197569093,2.25,0.166339869281,0.0612244897959,3,0.00441176470588,0.185952380952,17,17,17,1,0,0.352941176471,0.411764705882,0.235294117647,17,0.128676470588,1.90196078431,4.11764705882,3.18181818182,2.69230769231,1.57648156274,0.382859808093,0.201680672269,2.01465221053,0.978545359402,0.524369747899,1.74894926439,0.849489642704,0.463865546218,0.814492905316,0.428238537847,2.33333333333,1.90196078431,0.814492905316,2.33333333333,0,0,0,0,0.164242424242,17,17,17,1,0,0.352941176471,0.411764705882,0.235294117647,17,37,0.136029411765,1.88235294118,4.35294117647,3.36363636364,2.84615384615,1.69341284359,0.389027274878,0.193958664547,2.09866904602,0.964253345467,0.518282988871,1.87867287326,0.863174022847,0.470588235294,0.786197569093,0.41766745858,2.25,1.88235294118,0.786197569093,2.25,0.166339869281,0.0612244897959,3,0.00441176470588,0.185952380952,17,17,17,1,0,0.352941176471,0.411764705882,0.235294117647,0,0,0,0,0,0,0,0,0,0,0,0,0,0,0,0,0,0,0,0,0,0,0,0,0,0,0,0,0,37,0,0,235,1,1,0,0,1,1,1,1,1,1,2,2,0,0,0,0
3374,WLNM_dir_neg,1,0.5,00:00:00,10,80,25,1986366798,threshold_sweep,0.8,1,1,1,2,0,0,4,1,1,0,0,1,1,1,1,0.555555555556,1,1,1,37,35,2,0,37,0,35,0,2,17,37,0.136029411765,1.88235294118,4.35294117647,3.36363636364,2.84615384615,1.69341284359,0.389027274878,0.193958664547,2.09866904602,0.964253345467,0.518282988871,1.87867287326,0.863174022847,0.470588235294,0.786197569093,0.41766745858,2.25,1.88235294118,0.786197569093,2.25,0.166339869281,0.0612244897959,3,0.00441176470588,0.185952380952,17,17,17,1,0,0.352941176471,0.411764705882,0.235294117647,17,0.128676470588,1.90196078431,4.11764705882,3.18181818182,2.69230769231,1.57648156274,0.382859808093,0.201680672269,2.01465221053,0.978545359402,0.524369747899,1.74894926439,0.849489642704,0.463865546218,0.814492905316,0.428238537847,2.33333333333,1.90196078431,0.814492905316,2.33333333333,0,0,0,0,0.164242424242,17,17,17,1,0,0.352941176471,0.411764705882,0.235294117647,17,37,0.136029411765,1.88235294118,4.35294117647,3.36363636364,2.84615384615,1.69341284359,0.389027274878,0.193958664547,2.09866904602,0.964253345467,0.518282988871,1.87867287326,0.863174022847,0.470588235294,0.786197569093,0.41766745858,2.25,1.88235294118,0.786197569093,2.25,0.166339869281,0.0612244897959,3,0.00441176470588,0.185952380952,17,17,17,1,0,0.352941176471,0.411764705882,0.235294117647,0,0,0,0,0,0,0,0,0,0,0,0,0,0,0,0,0,0,0,0,0,0,0,0,0,0,0,0,0,37,0,0,235,1,1,0,0,1,1,1,1,1,1,2,2,0,0,0,0
3375,WLNM_dir_neg,1,0.5,00:00:00,10,80,25,1986366798,threshold_sweep,0.9,1,1,1,2,0,0,4,1,1,0,0,1,1,1,1,0.555555555556,1,1,1,37,35,2,0,37,0,35,0,2,17,37,0.136029411765,1.88235294118,4.35294117647,3.36363636364,2.84615384615,1.69341284359,0.389027274878,0.193958664547,2.09866904602,0.964253345467,0.518282988871,1.87867287326,0.863174022847,0.470588235294,0.786197569093,0.41766745858,2.25,1.88235294118,0.786197569093,2.25,0.166339869281,0.0612244897959,3,0.00441176470588,0.185952380952,17,17,17,1,0,0.352941176471,0.411764705882,0.235294117647,17,0.128676470588,1.90196078431,4.11764705882,3.18181818182,2.69230769231,1.57648156274,0.382859808093,0.201680672269,2.01465221053,0.978545359402,0.524369747899,1.74894926439,0.849489642704,0.463865546218,0.814492905316,0.428238537847,2.33333333333,1.90196078431,0.814492905316,2.33333333333,0,0,0,0,0.164242424242,17,17,17,1,0,0.352941176471,0.411764705882,0.235294117647,17,37,0.136029411765,1.88235294118,4.35294117647,3.36363636364,2.84615384615,1.69341284359,0.389027274878,0.193958664547,2.09866904602,0.964253345467,0.518282988871,1.87867287326,0.863174022847,0.470588235294,0.786197569093,0.41766745858,2.25,1.88235294118,0.786197569093,2.25,0.166339869281,0.0612244897959,3,0.00441176470588,0.185952380952,17,17,17,1,0,0.352941176471,0.411764705882,0.235294117647,0,0,0,0,0,0,0,0,0,0,0,0,0,0,0,0,0,0,0,0,0,0,0,0,0,0,0,0,0,37,0,0,235,1,1,0,0,1,1,1,1,1,1,2,2,0,0,0,0
3376,WLNM_dir_neg,0.875,0.291666666667,00:00:00,10,80,26,1986366799,threshold_sweep,0.1,0.666666666667,1,0.8,2,1,0,3,1,0.75,0.25,0,0.666666666667,1,0.8,0.833333333333,0.5,0.666666666667,0.707106781187,0.75,37,35,2,0,37,0,35,0,2,17,37,0.136029411765,1.88235294118,4.35294117647,3.36363636364,2.84615384615,1.69341284359,0.389027274878,0.193958664547,2.09866904602,0.964253345467,0.518282988871,1.87867287326,0.863174022847,0.470588235294,0.786197569093,0.41766745858,2.25,1.88235294118,0.786197569093,2.25,0.166339869281,0.0612244897959,3,0.00441176470588,0.185952380952,17,17,17,1,0,0.352941176471,0.411764705882,0.235294117647,17,0.128676470588,1.90196078431,4.11764705882,3.18181818182,2.69230769231,1.57648156274,0.382859808093,0.201680672269,2.01465221053,0.978545359402,0.524369747899,1.74894926439,0.849489642704,0.463865546218,0.814492905316,0.428238537847,2.33333333333,1.90196078431,0.814492905316,2.33333333333,0,0,0,0,0.164242424242,17,17,17,1,0,0.352941176471,0.411764705882,0.235294117647,17,38,0.139705882353,1.87941176471,4.47058823529,3.45454545455,2.71428571429,1.73629084037,0.388380845872,0.198142414861,2.16591238756,0.968960804961,0.517027863777,1.82103719638,0.814674535221,0.442724458204,0.780836655359,0.415468642914,2.2,1.87941176471,0.780836655359,2.2,0.162418300654,0.0576923076923,3,0.00441176470588,0.182878787879,17,17,17,1,0,0.352941176471,0.470588235294,0.176470588235,1,0.00367647058824,-0.00294117647059,0.117647058824,0.0909090909091,-0.131868131868,0.0428779967836,-0.000646429005719,0.00418375031378,0.0672433415445,0.00470745949447,-0.00125512509413,-0.0576356768785,-0.0484994876259,-0.0278637770898,-0.00536091373311,-0.00219881566616,-0.05,-0.00294117647059,-0.00536091373311,-0.05,-0.00392156862745,-0.00353218210361,0,0,-0.00307359307359,0,0.0588235294118,-0.0588235294118,37,1,0,234,1,0.995744680851,0.00425531914894,0,0.973684210526,1,0.986666666667,0.984652666406,0.995744680851,0.973684210526,3,2,0,0,0,0
3377,WLNM_dir_neg,0.875,0.291666666667,00:00:00,10,80,26,1986366799,threshold_sweep,0.2,0.666666666667,1,0.8,2,1,0,3,1,0.75,0.25,0,0.666666666667,1,0.8,0.833333333333,0.5,0.666666666667,0.707106781187,0.75,37,35,2,0,37,0,35,0,2,17,37,0.136029411765,1.88235294118,4.35294117647,3.36363636364,2.84615384615,1.69341284359,0.389027274878,0.193958664547,2.09866904602,0.964253345467,0.518282988871,1.87867287326,0.863174022847,0.470588235294,0.786197569093,0.41766745858,2.25,1.88235294118,0.786197569093,2.25,0.166339869281,0.0612244897959,3,0.00441176470588,0.185952380952,17,17,17,1,0,0.352941176471,0.411764705882,0.235294117647,17,0.128676470588,1.90196078431,4.11764705882,3.18181818182,2.69230769231,1.57648156274,0.382859808093,0.201680672269,2.01465221053,0.978545359402,0.524369747899,1.74894926439,0.849489642704,0.463865546218,0.814492905316,0.428238537847,2.33333333333,1.90196078431,0.814492905316,2.33333333333,0,0,0,0,0.164242424242,17,17,17,1,0,0.352941176471,0.411764705882,0.235294117647,17,38,0.139705882353,1.87941176471,4.47058823529,3.45454545455,2.71428571429,1.73629084037,0.388380845872,0.198142414861,2.16591238756,0.968960804961,0.517027863777,1.82103719638,0.814674535221,0.442724458204,0.780836655359,0.415468642914,2.2,1.87941176471,0.780836655359,2.2,0.162418300654,0.0576923076923,3,0.00441176470588,0.182878787879,17,17,17,1,0,0.352941176471,0.470588235294,0.176470588235,1,0.00367647058824,-0.00294117647059,0.117647058824,0.0909090909091,-0.131868131868,0.0428779967836,-0.000646429005719,0.00418375031378,0.0672433415445,0.00470745949447,-0.00125512509413,-0.0576356768785,-0.0484994876259,-0.0278637770898,-0.00536091373311,-0.00219881566616,-0.05,-0.00294117647059,-0.00536091373311,-0.05,-0.00392156862745,-0.00353218210361,0,0,-0.00307359307359,0,0.0588235294118,-0.0588235294118,37,1,0,234,1,0.995744680851,0.00425531914894,0,0.973684210526,1,0.986666666667,0.984652666406,0.995744680851,0.973684210526,3,2,0,0,0,0
3378,WLNM_dir_neg,0.875,0.291666666667,00:00:00,10,80,26,1986366799,threshold_sweep,0.3,0.666666666667,1,0.8,2,1,0,3,1,0.75,0.25,0,0.666666666667,1,0.8,0.833333333333,0.5,0.666666666667,0.707106781187,0.75,37,35,2,0,37,0,35,0,2,17,37,0.136029411765,1.88235294118,4.35294117647,3.36363636364,2.84615384615,1.69341284359,0.389027274878,0.193958664547,2.09866904602,0.964253345467,0.518282988871,1.87867287326,0.863174022847,0.470588235294,0.786197569093,0.41766745858,2.25,1.88235294118,0.786197569093,2.25,0.166339869281,0.0612244897959,3,0.00441176470588,0.185952380952,17,17,17,1,0,0.352941176471,0.411764705882,0.235294117647,17,0.128676470588,1.90196078431,4.11764705882,3.18181818182,2.69230769231,1.57648156274,0.382859808093,0.201680672269,2.01465221053,0.978545359402,0.524369747899,1.74894926439,0.849489642704,0.463865546218,0.814492905316,0.428238537847,2.33333333333,1.90196078431,0.814492905316,2.33333333333,0,0,0,0,0.164242424242,17,17,17,1,0,0.352941176471,0.411764705882,0.235294117647,17,38,0.139705882353,1.87941176471,4.47058823529,3.45454545455,2.71428571429,1.73629084037,0.388380845872,0.198142414861,2.16591238756,0.968960804961,0.517027863777,1.82103719638,0.814674535221,0.442724458204,0.780836655359,0.415468642914,2.2,1.87941176471,0.780836655359,2.2,0.162418300654,0.0576923076923,3,0.00441176470588,0.182878787879,17,17,17,1,0,0.352941176471,0.470588235294,0.176470588235,1,0.00367647058824,-0.00294117647059,0.117647058824,0.0909090909091,-0.131868131868,0.0428779967836,-0.000646429005719,0.00418375031378,0.0672433415445,0.00470745949447,-0.00125512509413,-0.0576356768785,-0.0484994876259,-0.0278637770898,-0.00536091373311,-0.00219881566616,-0.05,-0.00294117647059,-0.00536091373311,-0.05,-0.00392156862745,-0.00353218210361,0,0,-0.00307359307359,0,0.0588235294118,-0.0588235294118,37,1,0,234,1,0.995744680851,0.00425531914894,0,0.973684210526,1,0.986666666667,0.984652666406,0.995744680851,0.973684210526,3,2,0,0,0,0
3379,WLNM_dir_neg,0.875,0.291666666667,00:00:00,10,80,26,1986366799,threshold_sweep,0.4,0.666666666667,1,0.8,2,1,0,3,1,0.75,0.25,0,0.666666666667,1,0.8,0.833333333333,0.5,0.666666666667,0.707106781187,0.75,37,35,2,0,37,0,35,0,2,17,37,0.136029411765,1.88235294118,4.35294117647,3.36363636364,2.84615384615,1.69341284359,0.389027274878,0.193958664547,2.09866904602,0.964253345467,0.518282988871,1.87867287326,0.863174022847,0.470588235294,0.786197569093,0.41766745858,2.25,1.88235294118,0.786197569093,2.25,0.166339869281,0.0612244897959,3,0.00441176470588,0.185952380952,17,17,17,1,0,0.352941176471,0.411764705882,0.235294117647,17,0.128676470588,1.90196078431,4.11764705882,3.18181818182,2.69230769231,1.57648156274,0.382859808093,0.201680672269,2.01465221053,0.978545359402,0.524369747899,1.74894926439,0.849489642704,0.463865546218,0.814492905316,0.428238537847,2.33333333333,1.90196078431,0.814492905316,2.33333333333,0,0,0,0,0.164242424242,17,17,17,1,0,0.352941176471,0.411764705882,0.235294117647,17,38,0.139705882353,1.87941176471,4.47058823529,3.45454545455,2.71428571429,1.73629084037,0.388380845872,0.198142414861,2.16591238756,0.968960804961,0.517027863777,1.82103719638,0.814674535221,0.442724458204,0.780836655359,0.415468642914,2.2,1.87941176471,0.780836655359,2.2,0.162418300654,0.0576923076923,3,0.00441176470588,0.182878787879,17,17,17,1,0,0.352941176471,0.470588235294,0.176470588235,1,0.00367647058824,-0.00294117647059,0.117647058824,0.0909090909091,-0.131868131868,0.0428779967836,-0.000646429005719,0.00418375031378,0.0672433415445,0.00470745949447,-0.00125512509413,-0.0576356768785,-0.0484994876259,-0.0278637770898,-0.00536091373311,-0.00219881566616,-0.05,-0.00294117647059,-0.00536091373311,-0.05,-0.00392156862745,-0.00353218210361,0,0,-0.00307359307359,0,0.0588235294118,-0.0588235294118,37,1,0,234,1,0.995744680851,0.00425531914894,0,0.973684210526,1,0.986666666667,0.984652666406,0.995744680851,0.973684210526,3,2,0,0,0,0
3380,WLNM_dir_neg,0.875,0.291666666667,00:00:00,10,80,26,1986366799,threshold_sweep,0.5,0.666666666667,1,0.8,2,1,0,3,1,0.75,0.25,0,0.666666666667,1,0.8,0.833333333333,0.5,0.666666666667,0.707106781187,0.75,37,35,2,0,37,0,35,0,2,17,37,0.136029411765,1.88235294118,4.35294117647,3.36363636364,2.84615384615,1.69341284359,0.389027274878,0.193958664547,2.09866904602,0.964253345467,0.518282988871,1.87867287326,0.863174022847,0.470588235294,0.786197569093,0.41766745858,2.25,1.88235294118,0.786197569093,2.25,0.166339869281,0.0612244897959,3,0.00441176470588,0.185952380952,17,17,17,1,0,0.352941176471,0.411764705882,0.235294117647,17,0.128676470588,1.90196078431,4.11764705882,3.18181818182,2.69230769231,1.57648156274,0.382859808093,0.201680672269,2.01465221053,0.978545359402,0.524369747899,1.74894926439,0.849489642704,0.463865546218,0.814492905316,0.428238537847,2.33333333333,1.90196078431,0.814492905316,2.33333333333,0,0,0,0,0.164242424242,17,17,17,1,0,0.352941176471,0.411764705882,0.235294117647,17,38,0.139705882353,1.87941176471,4.47058823529,3.45454545455,2.71428571429,1.73629084037,0.388380845872,0.198142414861,2.16591238756,0.968960804961,0.517027863777,1.82103719638,0.814674535221,0.442724458204,0.780836655359,0.415468642914,2.2,1.87941176471,0.780836655359,2.2,0.162418300654,0.0576923076923,3,0.00441176470588,0.182878787879,17,17,17,1,0,0.352941176471,0.470588235294,0.176470588235,1,0.00367647058824,-0.00294117647059,0.117647058824,0.0909090909091,-0.131868131868,0.0428779967836,-0.000646429005719,0.00418375031378,0.0672433415445,0.00470745949447,-0.00125512509413,-0.0576356768785,-0.0484994876259,-0.0278637770898,-0.00536091373311,-0.00219881566616,-0.05,-0.00294117647059,-0.00536091373311,-0.05,-0.00392156862745,-0.00353218210361,0,0,-0.00307359307359,0,0.0588235294118,-0.0588235294118,37,1,0,234,1,0.995744680851,0.00425531914894,0,0.973684210526,1,0.986666666667,0.984652666406,0.995744680851,0.973684210526,3,2,0,0,0,0
3381,WLNM_dir_neg,0.875,0.291666666667,00:00:00,10,80,26,1986366799,threshold_sweep,0.6,0.666666666667,1,0.8,2,1,0,3,1,0.75,0.25,0,0.666666666667,1,0.8,0.833333333333,0.5,0.666666666667,0.707106781187,0.75,37,35,2,0,37,0,35,0,2,17,37,0.136029411765,1.88235294118,4.35294117647,3.36363636364,2.84615384615,1.69341284359,0.389027274878,0.193958664547,2.09866904602,0.964253345467,0.518282988871,1.87867287326,0.863174022847,0.470588235294,0.786197569093,0.41766745858,2.25,1.88235294118,0.786197569093,2.25,0.166339869281,0.0612244897959,3,0.00441176470588,0.185952380952,17,17,17,1,0,0.352941176471,0.411764705882,0.235294117647,17,0.128676470588,1.90196078431,4.11764705882,3.18181818182,2.69230769231,1.57648156274,0.382859808093,0.201680672269,2.01465221053,0.978545359402,0.524369747899,1.74894926439,0.849489642704,0.463865546218,0.814492905316,0.428238537847,2.33333333333,1.90196078431,0.814492905316,2.33333333333,0,0,0,0,0.164242424242,17,17,17,1,0,0.352941176471,0.411764705882,0.235294117647,17,38,0.139705882353,1.87941176471,4.47058823529,3.45454545455,2.71428571429,1.73629084037,0.388380845872,0.198142414861,2.16591238756,0.968960804961,0.517027863777,1.82103719638,0.814674535221,0.442724458204,0.780836655359,0.415468642914,2.2,1.87941176471,0.780836655359,2.2,0.162418300654,0.0576923076923,3,0.00441176470588,0.182878787879,17,17,17,1,0,0.352941176471,0.470588235294,0.176470588235,1,0.00367647058824,-0.00294117647059,0.117647058824,0.0909090909091,-0.131868131868,0.0428779967836,-0.000646429005719,0.00418375031378,0.0672433415445,0.00470745949447,-0.00125512509413,-0.0576356768785,-0.0484994876259,-0.0278637770898,-0.00536091373311,-0.00219881566616,-0.05,-0.00294117647059,-0.00536091373311,-0.05,-0.00392156862745,-0.00353218210361,0,0,-0.00307359307359,0,0.0588235294118,-0.0588235294118,37,1,0,234,1,0.995744680851,0.00425531914894,0,0.973684210526,1,0.986666666667,0.984652666406,0.995744680851,0.973684210526,3,2,0,0,0,0
3382,WLNM_dir_neg,0.875,0.291666666667,00:00:00,10,80,26,1986366799,threshold_sweep,0.7,0.666666666667,1,0.8,2,1,0,3,1,0.75,0.25,0,0.666666666667,1,0.8,0.833333333333,0.5,0.666666666667,0.707106781187,0.75,37,35,2,0,37,0,35,0,2,17,37,0.136029411765,1.88235294118,4.35294117647,3.36363636364,2.84615384615,1.69341284359,0.389027274878,0.193958664547,2.09866904602,0.964253345467,0.518282988871,1.87867287326,0.863174022847,0.470588235294,0.786197569093,0.41766745858,2.25,1.88235294118,0.786197569093,2.25,0.166339869281,0.0612244897959,3,0.00441176470588,0.185952380952,17,17,17,1,0,0.352941176471,0.411764705882,0.235294117647,17,0.128676470588,1.90196078431,4.11764705882,3.18181818182,2.69230769231,1.57648156274,0.382859808093,0.201680672269,2.01465221053,0.978545359402,0.524369747899,1.74894926439,0.849489642704,0.463865546218,0.814492905316,0.428238537847,2.33333333333,1.90196078431,0.814492905316,2.33333333333,0,0,0,0,0.164242424242,17,17,17,1,0,0.352941176471,0.411764705882,0.235294117647,17,38,0.139705882353,1.87941176471,4.47058823529,3.45454545455,2.71428571429,1.73629084037,0.388380845872,0.198142414861,2.16591238756,0.968960804961,0.517027863777,1.82103719638,0.814674535221,0.442724458204,0.780836655359,0.415468642914,2.2,1.87941176471,0.780836655359,2.2,0.162418300654,0.0576923076923,3,0.00441176470588,0.182878787879,17,17,17,1,0,0.352941176471,0.470588235294,0.176470588235,1,0.00367647058824,-0.00294117647059,0.117647058824,0.0909090909091,-0.131868131868,0.0428779967836,-0.000646429005719,0.00418375031378,0.0672433415445,0.00470745949447,-0.00125512509413,-0.0576356768785,-0.0484994876259,-0.0278637770898,-0.00536091373311,-0.00219881566616,-0.05,-0.00294117647059,-0.00536091373311,-0.05,-0.00392156862745,-0.00353218210361,0,0,-0.00307359307359,0,0.0588235294118,-0.0588235294118,37,1,0,234,1,0.995744680851,0.00425531914894,0,0.973684210526,1,0.986666666667,0.984652666406,0.995744680851,0.973684210526,3,2,0,0,0,0
3383,WLNM_dir_neg,0.875,0.291666666667,00:00:00,10,80,26,1986366799,threshold_sweep,0.8,0.666666666667,1,0.8,2,1,0,3,1,0.75,0.25,0,0.666666666667,1,0.8,0.833333333333,0.5,0.666666666667,0.707106781187,0.75,37,35,2,0,37,0,35,0,2,17,37,0.136029411765,1.88235294118,4.35294117647,3.36363636364,2.84615384615,1.69341284359,0.389027274878,0.193958664547,2.09866904602,0.964253345467,0.518282988871,1.87867287326,0.863174022847,0.470588235294,0.786197569093,0.41766745858,2.25,1.88235294118,0.786197569093,2.25,0.166339869281,0.0612244897959,3,0.00441176470588,0.185952380952,17,17,17,1,0,0.352941176471,0.411764705882,0.235294117647,17,0.128676470588,1.90196078431,4.11764705882,3.18181818182,2.69230769231,1.57648156274,0.382859808093,0.201680672269,2.01465221053,0.978545359402,0.524369747899,1.74894926439,0.849489642704,0.463865546218,0.814492905316,0.428238537847,2.33333333333,1.90196078431,0.814492905316,2.33333333333,0,0,0,0,0.164242424242,17,17,17,1,0,0.352941176471,0.411764705882,0.235294117647,17,38,0.139705882353,1.87941176471,4.47058823529,3.45454545455,2.71428571429,1.73629084037,0.388380845872,0.198142414861,2.16591238756,0.968960804961,0.517027863777,1.82103719638,0.814674535221,0.442724458204,0.780836655359,0.415468642914,2.2,1.87941176471,0.780836655359,2.2,0.162418300654,0.0576923076923,3,0.00441176470588,0.182878787879,17,17,17,1,0,0.352941176471,0.470588235294,0.176470588235,1,0.00367647058824,-0.00294117647059,0.117647058824,0.0909090909091,-0.131868131868,0.0428779967836,-0.000646429005719,0.00418375031378,0.0672433415445,0.00470745949447,-0.00125512509413,-0.0576356768785,-0.0484994876259,-0.0278637770898,-0.00536091373311,-0.00219881566616,-0.05,-0.00294117647059,-0.00536091373311,-0.05,-0.00392156862745,-0.00353218210361,0,0,-0.00307359307359,0,0.0588235294118,-0.0588235294118,37,1,0,234,1,0.995744680851,0.00425531914894,0,0.973684210526,1,0.986666666667,0.984652666406,0.995744680851,0.973684210526,3,2,0,0,0,0
3384,WLNM_dir_neg,0.875,0.291666666667,00:00:00,10,80,26,1986366799,threshold_sweep,0.9,0.666666666667,1,0.8,2,1,0,3,1,0.75,0.25,0,0.666666666667,1,0.8,0.833333333333,0.5,0.666666666667,0.707106781187,0.75,37,35,2,0,37,0,35,0,2,17,37,0.136029411765,1.88235294118,4.35294117647,3.36363636364,2.84615384615,1.69341284359,0.389027274878,0.193958664547,2.09866904602,0.964253345467,0.518282988871,1.87867287326,0.863174022847,0.470588235294,0.786197569093,0.41766745858,2.25,1.88235294118,0.786197569093,2.25,0.166339869281,0.0612244897959,3,0.00441176470588,0.185952380952,17,17,17,1,0,0.352941176471,0.411764705882,0.235294117647,17,0.128676470588,1.90196078431,4.11764705882,3.18181818182,2.69230769231,1.57648156274,0.382859808093,0.201680672269,2.01465221053,0.978545359402,0.524369747899,1.74894926439,0.849489642704,0.463865546218,0.814492905316,0.428238537847,2.33333333333,1.90196078431,0.814492905316,2.33333333333,0,0,0,0,0.164242424242,17,17,17,1,0,0.352941176471,0.411764705882,0.235294117647,17,38,0.139705882353,1.87941176471,4.47058823529,3.45454545455,2.71428571429,1.73629084037,0.388380845872,0.198142414861,2.16591238756,0.968960804961,0.517027863777,1.82103719638,0.814674535221,0.442724458204,0.780836655359,0.415468642914,2.2,1.87941176471,0.780836655359,2.2,0.162418300654,0.0576923076923,3,0.00441176470588,0.182878787879,17,17,17,1,0,0.352941176471,0.470588235294,0.176470588235,1,0.00367647058824,-0.00294117647059,0.117647058824,0.0909090909091,-0.131868131868,0.0428779967836,-0.000646429005719,0.00418375031378,0.0672433415445,0.00470745949447,-0.00125512509413,-0.0576356768785,-0.0484994876259,-0.0278637770898,-0.00536091373311,-0.00219881566616,-0.05,-0.00294117647059,-0.00536091373311,-0.05,-0.00392156862745,-0.00353218210361,0,0,-0.00307359307359,0,0.0588235294118,-0.0588235294118,37,1,0,234,1,0.995744680851,0.00425531914894,0,0.973684210526,1,0.986666666667,0.984652666406,0.995744680851,0.973684210526,3,2,0,0,0,0
3385,WLNM_dir_neg,1,0.5,00:00:00,10,80,27,1986366800,threshold_sweep,0.1,1,1,1,2,0,0,4,1,1,0,0,1,1,1,1,0.555555555556,1,1,1,37,35,2,0,37,0,35,0,2,17,37,0.136029411765,1.88235294118,4.35294117647,3.36363636364,2.84615384615,1.69341284359,0.389027274878,0.193958664547,2.09866904602,0.964253345467,0.518282988871,1.87867287326,0.863174022847,0.470588235294,0.786197569093,0.41766745858,2.25,1.88235294118,0.786197569093,2.25,0.166339869281,0.0612244897959,3,0.00441176470588,0.185952380952,17,17,17,1,0,0.352941176471,0.411764705882,0.235294117647,17,0.128676470588,1.90196078431,4.11764705882,3.18181818182,2.69230769231,1.57648156274,0.382859808093,0.201680672269,2.01465221053,0.978545359402,0.524369747899,1.74894926439,0.849489642704,0.463865546218,0.814492905316,0.428238537847,2.33333333333,1.90196078431,0.814492905316,2.33333333333,0,0,0,0,0.164242424242,17,17,17,1,0,0.352941176471,0.411764705882,0.235294117647,17,37,0.136029411765,1.88235294118,4.35294117647,3.36363636364,2.84615384615,1.69341284359,0.389027274878,0.193958664547,2.09866904602,0.964253345467,0.518282988871,1.87867287326,0.863174022847,0.470588235294,0.786197569093,0.41766745858,2.25,1.88235294118,0.786197569093,2.25,0.166339869281,0.0612244897959,3,0.00441176470588,0.185952380952,17,17,17,1,0,0.352941176471,0.411764705882,0.235294117647,0,0,0,0,0,0,0,0,0,0,0,0,0,0,0,0,0,0,0,0,0,0,0,0,0,0,0,0,0,37,0,0,235,1,1,0,0,1,1,1,1,1,1,2,2,0,0,0,0
3386,WLNM_dir_neg,1,0.5,00:00:00,10,80,27,1986366800,threshold_sweep,0.2,1,1,1,2,0,0,4,1,1,0,0,1,1,1,1,0.555555555556,1,1,1,37,35,2,0,37,0,35,0,2,17,37,0.136029411765,1.88235294118,4.35294117647,3.36363636364,2.84615384615,1.69341284359,0.389027274878,0.193958664547,2.09866904602,0.964253345467,0.518282988871,1.87867287326,0.863174022847,0.470588235294,0.786197569093,0.41766745858,2.25,1.88235294118,0.786197569093,2.25,0.166339869281,0.0612244897959,3,0.00441176470588,0.185952380952,17,17,17,1,0,0.352941176471,0.411764705882,0.235294117647,17,0.128676470588,1.90196078431,4.11764705882,3.18181818182,2.69230769231,1.57648156274,0.382859808093,0.201680672269,2.01465221053,0.978545359402,0.524369747899,1.74894926439,0.849489642704,0.463865546218,0.814492905316,0.428238537847,2.33333333333,1.90196078431,0.814492905316,2.33333333333,0,0,0,0,0.164242424242,17,17,17,1,0,0.352941176471,0.411764705882,0.235294117647,17,37,0.136029411765,1.88235294118,4.35294117647,3.36363636364,2.84615384615,1.69341284359,0.389027274878,0.193958664547,2.09866904602,0.964253345467,0.518282988871,1.87867287326,0.863174022847,0.470588235294,0.786197569093,0.41766745858,2.25,1.88235294118,0.786197569093,2.25,0.166339869281,0.0612244897959,3,0.00441176470588,0.185952380952,17,17,17,1,0,0.352941176471,0.411764705882,0.235294117647,0,0,0,0,0,0,0,0,0,0,0,0,0,0,0,0,0,0,0,0,0,0,0,0,0,0,0,0,0,37,0,0,235,1,1,0,0,1,1,1,1,1,1,2,2,0,0,0,0
3387,WLNM_dir_neg,1,0.5,00:00:00,10,80,27,1986366800,threshold_sweep,0.3,1,1,1,2,0,0,4,1,1,0,0,1,1,1,1,0.555555555556,1,1,1,37,35,2,0,37,0,35,0,2,17,37,0.136029411765,1.88235294118,4.35294117647,3.36363636364,2.84615384615,1.69341284359,0.389027274878,0.193958664547,2.09866904602,0.964253345467,0.518282988871,1.87867287326,0.863174022847,0.470588235294,0.786197569093,0.41766745858,2.25,1.88235294118,0.786197569093,2.25,0.166339869281,0.0612244897959,3,0.00441176470588,0.185952380952,17,17,17,1,0,0.352941176471,0.411764705882,0.235294117647,17,0.128676470588,1.90196078431,4.11764705882,3.18181818182,2.69230769231,1.57648156274,0.382859808093,0.201680672269,2.01465221053,0.978545359402,0.524369747899,1.74894926439,0.849489642704,0.463865546218,0.814492905316,0.428238537847,2.33333333333,1.90196078431,0.814492905316,2.33333333333,0,0,0,0,0.164242424242,17,17,17,1,0,0.352941176471,0.411764705882,0.235294117647,17,37,0.136029411765,1.88235294118,4.35294117647,3.36363636364,2.84615384615,1.69341284359,0.389027274878,0.193958664547,2.09866904602,0.964253345467,0.518282988871,1.87867287326,0.863174022847,0.470588235294,0.786197569093,0.41766745858,2.25,1.88235294118,0.786197569093,2.25,0.166339869281,0.0612244897959,3,0.00441176470588,0.185952380952,17,17,17,1,0,0.352941176471,0.411764705882,0.235294117647,0,0,0,0,0,0,0,0,0,0,0,0,0,0,0,0,0,0,0,0,0,0,0,0,0,0,0,0,0,37,0,0,235,1,1,0,0,1,1,1,1,1,1,2,2,0,0,0,0
3388,WLNM_dir_neg,1,0.5,00:00:00,10,80,27,1986366800,threshold_sweep,0.4,1,1,1,2,0,0,4,1,1,0,0,1,1,1,1,0.555555555556,1,1,1,37,35,2,0,37,0,35,0,2,17,37,0.136029411765,1.88235294118,4.35294117647,3.36363636364,2.84615384615,1.69341284359,0.389027274878,0.193958664547,2.09866904602,0.964253345467,0.518282988871,1.87867287326,0.863174022847,0.470588235294,0.786197569093,0.41766745858,2.25,1.88235294118,0.786197569093,2.25,0.166339869281,0.0612244897959,3,0.00441176470588,0.185952380952,17,17,17,1,0,0.352941176471,0.411764705882,0.235294117647,17,0.128676470588,1.90196078431,4.11764705882,3.18181818182,2.69230769231,1.57648156274,0.382859808093,0.201680672269,2.01465221053,0.978545359402,0.524369747899,1.74894926439,0.849489642704,0.463865546218,0.814492905316,0.428238537847,2.33333333333,1.90196078431,0.814492905316,2.33333333333,0,0,0,0,0.164242424242,17,17,17,1,0,0.352941176471,0.411764705882,0.235294117647,17,37,0.136029411765,1.88235294118,4.35294117647,3.36363636364,2.84615384615,1.69341284359,0.389027274878,0.193958664547,2.09866904602,0.964253345467,0.518282988871,1.87867287326,0.863174022847,0.470588235294,0.786197569093,0.41766745858,2.25,1.88235294118,0.786197569093,2.25,0.166339869281,0.0612244897959,3,0.00441176470588,0.185952380952,17,17,17,1,0,0.352941176471,0.411764705882,0.235294117647,0,0,0,0,0,0,0,0,0,0,0,0,0,0,0,0,0,0,0,0,0,0,0,0,0,0,0,0,0,37,0,0,235,1,1,0,0,1,1,1,1,1,1,2,2,0,0,0,0
3389,WLNM_dir_neg,1,0.5,00:00:00,10,80,27,1986366800,threshold_sweep,0.5,1,1,1,2,0,0,4,1,1,0,0,1,1,1,1,0.555555555556,1,1,1,37,35,2,0,37,0,35,0,2,17,37,0.136029411765,1.88235294118,4.35294117647,3.36363636364,2.84615384615,1.69341284359,0.389027274878,0.193958664547,2.09866904602,0.964253345467,0.518282988871,1.87867287326,0.863174022847,0.470588235294,0.786197569093,0.41766745858,2.25,1.88235294118,0.786197569093,2.25,0.166339869281,0.0612244897959,3,0.00441176470588,0.185952380952,17,17,17,1,0,0.352941176471,0.411764705882,0.235294117647,17,0.128676470588,1.90196078431,4.11764705882,3.18181818182,2.69230769231,1.57648156274,0.382859808093,0.201680672269,2.01465221053,0.978545359402,0.524369747899,1.74894926439,0.849489642704,0.463865546218,0.814492905316,0.428238537847,2.33333333333,1.90196078431,0.814492905316,2.33333333333,0,0,0,0,0.164242424242,17,17,17,1,0,0.352941176471,0.411764705882,0.235294117647,17,37,0.136029411765,1.88235294118,4.35294117647,3.36363636364,2.84615384615,1.69341284359,0.389027274878,0.193958664547,2.09866904602,0.964253345467,0.518282988871,1.87867287326,0.863174022847,0.470588235294,0.786197569093,0.41766745858,2.25,1.88235294118,0.786197569093,2.25,0.166339869281,0.0612244897959,3,0.00441176470588,0.185952380952,17,17,17,1,0,0.352941176471,0.411764705882,0.235294117647,0,0,0,0,0,0,0,0,0,0,0,0,0,0,0,0,0,0,0,0,0,0,0,0,0,0,0,0,0,37,0,0,235,1,1,0,0,1,1,1,1,1,1,2,2,0,0,0,0
3390,WLNM_dir_neg,1,0.5,00:00:00,10,80,27,1986366800,threshold_sweep,0.6,1,1,1,2,0,0,4,1,1,0,0,1,1,1,1,0.555555555556,1,1,1,37,35,2,0,37,0,35,0,2,17,37,0.136029411765,1.88235294118,4.35294117647,3.36363636364,2.84615384615,1.69341284359,0.389027274878,0.193958664547,2.09866904602,0.964253345467,0.518282988871,1.87867287326,0.863174022847,0.470588235294,0.786197569093,0.41766745858,2.25,1.88235294118,0.786197569093,2.25,0.166339869281,0.0612244897959,3,0.00441176470588,0.185952380952,17,17,17,1,0,0.352941176471,0.411764705882,0.235294117647,17,0.128676470588,1.90196078431,4.11764705882,3.18181818182,2.69230769231,1.57648156274,0.382859808093,0.201680672269,2.01465221053,0.978545359402,0.524369747899,1.74894926439,0.849489642704,0.463865546218,0.814492905316,0.428238537847,2.33333333333,1.90196078431,0.814492905316,2.33333333333,0,0,0,0,0.164242424242,17,17,17,1,0,0.352941176471,0.411764705882,0.235294117647,17,37,0.136029411765,1.88235294118,4.35294117647,3.36363636364,2.84615384615,1.69341284359,0.389027274878,0.193958664547,2.09866904602,0.964253345467,0.518282988871,1.87867287326,0.863174022847,0.470588235294,0.786197569093,0.41766745858,2.25,1.88235294118,0.786197569093,2.25,0.166339869281,0.0612244897959,3,0.00441176470588,0.185952380952,17,17,17,1,0,0.352941176471,0.411764705882,0.235294117647,0,0,0,0,0,0,0,0,0,0,0,0,0,0,0,0,0,0,0,0,0,0,0,0,0,0,0,0,0,37,0,0,235,1,1,0,0,1,1,1,1,1,1,2,2,0,0,0,0
3391,WLNM_dir_neg,1,0.5,00:00:00,10,80,27,1986366800,threshold_sweep,0.7,1,1,1,2,0,0,4,1,1,0,0,1,1,1,1,0.555555555556,1,1,1,37,35,2,0,37,0,35,0,2,17,37,0.136029411765,1.88235294118,4.35294117647,3.36363636364,2.84615384615,1.69341284359,0.389027274878,0.193958664547,2.09866904602,0.964253345467,0.518282988871,1.87867287326,0.863174022847,0.470588235294,0.786197569093,0.41766745858,2.25,1.88235294118,0.786197569093,2.25,0.166339869281,0.0612244897959,3,0.00441176470588,0.185952380952,17,17,17,1,0,0.352941176471,0.411764705882,0.235294117647,17,0.128676470588,1.90196078431,4.11764705882,3.18181818182,2.69230769231,1.57648156274,0.382859808093,0.201680672269,2.01465221053,0.978545359402,0.524369747899,1.74894926439,0.849489642704,0.463865546218,0.814492905316,0.428238537847,2.33333333333,1.90196078431,0.814492905316,2.33333333333,0,0,0,0,0.164242424242,17,17,17,1,0,0.352941176471,0.411764705882,0.235294117647,17,37,0.136029411765,1.88235294118,4.35294117647,3.36363636364,2.84615384615,1.69341284359,0.389027274878,0.193958664547,2.09866904602,0.964253345467,0.518282988871,1.87867287326,0.863174022847,0.470588235294,0.786197569093,0.41766745858,2.25,1.88235294118,0.786197569093,2.25,0.166339869281,0.0612244897959,3,0.00441176470588,0.185952380952,17,17,17,1,0,0.352941176471,0.411764705882,0.235294117647,0,0,0,0,0,0,0,0,0,0,0,0,0,0,0,0,0,0,0,0,0,0,0,0,0,0,0,0,0,37,0,0,235,1,1,0,0,1,1,1,1,1,1,2,2,0,0,0,0
3392,WLNM_dir_neg,1,0.5,00:00:00,10,80,27,1986366800,threshold_sweep,0.8,1,1,1,2,0,0,4,1,1,0,0,1,1,1,1,0.555555555556,1,1,1,37,35,2,0,37,0,35,0,2,17,37,0.136029411765,1.88235294118,4.35294117647,3.36363636364,2.84615384615,1.69341284359,0.389027274878,0.193958664547,2.09866904602,0.964253345467,0.518282988871,1.87867287326,0.863174022847,0.470588235294,0.786197569093,0.41766745858,2.25,1.88235294118,0.786197569093,2.25,0.166339869281,0.0612244897959,3,0.00441176470588,0.185952380952,17,17,17,1,0,0.352941176471,0.411764705882,0.235294117647,17,0.128676470588,1.90196078431,4.11764705882,3.18181818182,2.69230769231,1.57648156274,0.382859808093,0.201680672269,2.01465221053,0.978545359402,0.524369747899,1.74894926439,0.849489642704,0.463865546218,0.814492905316,0.428238537847,2.33333333333,1.90196078431,0.814492905316,2.33333333333,0,0,0,0,0.164242424242,17,17,17,1,0,0.352941176471,0.411764705882,0.235294117647,17,37,0.136029411765,1.88235294118,4.35294117647,3.36363636364,2.84615384615,1.69341284359,0.389027274878,0.193958664547,2.09866904602,0.964253345467,0.518282988871,1.87867287326,0.863174022847,0.470588235294,0.786197569093,0.41766745858,2.25,1.88235294118,0.786197569093,2.25,0.166339869281,0.0612244897959,3,0.00441176470588,0.185952380952,17,17,17,1,0,0.352941176471,0.411764705882,0.235294117647,0,0,0,0,0,0,0,0,0,0,0,0,0,0,0,0,0,0,0,0,0,0,0,0,0,0,0,0,0,37,0,0,235,1,1,0,0,1,1,1,1,1,1,2,2,0,0,0,0
3393,WLNM_dir_neg,1,0.5,00:00:00,10,80,27,1986366800,threshold_sweep,0.9,1,1,1,2,0,0,4,1,1,0,0,1,1,1,1,0.555555555556,1,1,1,37,35,2,0,37,0,35,0,2,17,37,0.136029411765,1.88235294118,4.35294117647,3.36363636364,2.84615384615,1.69341284359,0.389027274878,0.193958664547,2.09866904602,0.964253345467,0.518282988871,1.87867287326,0.863174022847,0.470588235294,0.786197569093,0.41766745858,2.25,1.88235294118,0.786197569093,2.25,0.166339869281,0.0612244897959,3,0.00441176470588,0.185952380952,17,17,17,1,0,0.352941176471,0.411764705882,0.235294117647,17,0.128676470588,1.90196078431,4.11764705882,3.18181818182,2.69230769231,1.57648156274,0.382859808093,0.201680672269,2.01465221053,0.978545359402,0.524369747899,1.74894926439,0.849489642704,0.463865546218,0.814492905316,0.428238537847,2.33333333333,1.90196078431,0.814492905316,2.33333333333,0,0,0,0,0.164242424242,17,17,17,1,0,0.352941176471,0.411764705882,0.235294117647,17,37,0.136029411765,1.88235294118,4.35294117647,3.36363636364,2.84615384615,1.69341284359,0.389027274878,0.193958664547,2.09866904602,0.964253345467,0.518282988871,1.87867287326,0.863174022847,0.470588235294,0.786197569093,0.41766745858,2.25,1.88235294118,0.786197569093,2.25,0.166339869281,0.0612244897959,3,0.00441176470588,0.185952380952,17,17,17,1,0,0.352941176471,0.411764705882,0.235294117647,0,0,0,0,0,0,0,0,0,0,0,0,0,0,0,0,0,0,0,0,0,0,0,0,0,0,0,0,0,37,0,0,235,1,1,0,0,1,1,1,1,1,1,2,2,0,0,0,0
3394,WLNM_dir_neg,1,0.5,00:00:00,10,80,28,1986366801,threshold_sweep,0.1,0.666666666667,1,0.8,2,1,0,3,1,0.75,0.25,0,0.666666666667,1,0.8,0.833333333333,0.5,0.666666666667,0.707106781187,0.75,37,35,2,0,37,0,35,0,2,17,37,0.136029411765,1.88235294118,4.35294117647,3.36363636364,2.84615384615,1.69341284359,0.389027274878,0.193958664547,2.09866904602,0.964253345467,0.518282988871,1.87867287326,0.863174022847,0.470588235294,0.786197569093,0.41766745858,2.25,1.88235294118,0.786197569093,2.25,0.166339869281,0.0612244897959,3,0.00441176470588,0.185952380952,17,17,17,1,0,0.352941176471,0.411764705882,0.235294117647,17,0.128676470588,1.90196078431,4.11764705882,3.18181818182,2.69230769231,1.57648156274,0.382859808093,0.201680672269,2.01465221053,0.978545359402,0.524369747899,1.74894926439,0.849489642704,0.463865546218,0.814492905316,0.428238537847,2.33333333333,1.90196078431,0.814492905316,2.33333333333,0,0,0,0,0.164242424242,17,17,17,1,0,0.352941176471,0.411764705882,0.235294117647,17,38,0.139705882353,1.98764705882,4.47058823529,3.16666666667,2.92307692308,1.66274047354,0.371928790134,0.188854489164,2.04723630062,0.915868871331,0.495356037152,1.98523965067,0.888133527931,0.482972136223,0.792996921587,0.398962641817,2.35,1.98764705882,0.792996921587,2.35,0.22091503268,0.0974025974026,5,0.00735294117647,0.176677489177,17,17,17,1,0,0.294117647059,0.470588235294,0.235294117647,1,0.00367647058824,0.105294117647,0.117647058824,-0.19696969697,0.0769230769231,-0.030672370045,-0.0170984847437,-0.00510417538281,-0.0514327453931,-0.0483844741355,-0.0229269517195,0.106566777414,0.0249595050838,0.0123839009288,0.00679935249481,-0.0187048167638,0.1,0.105294117647,0.00679935249481,0.1,0.0545751633987,0.0361781076067,2,0.00294117647059,-0.00927489177489,-0.0588235294118,0.0588235294118,0,37,1,0,234,1,0.995744680851,0.00425531914894,0,0.973684210526,1,0.986666666667,0.984652666406,0.995744680851,0.973684210526,3,2,0,0,0,0
3395,WLNM_dir_neg,1,0.5,00:00:00,10,80,28,1986366801,threshold_sweep,0.2,1,1,1,2,0,0,4,1,1,0,0,1,1,1,1,0.555555555556,1,1,1,37,35,2,0,37,0,35,0,2,17,37,0.136029411765,1.88235294118,4.35294117647,3.36363636364,2.84615384615,1.69341284359,0.389027274878,0.193958664547,2.09866904602,0.964253345467,0.518282988871,1.87867287326,0.863174022847,0.470588235294,0.786197569093,0.41766745858,2.25,1.88235294118,0.786197569093,2.25,0.166339869281,0.0612244897959,3,0.00441176470588,0.185952380952,17,17,17,1,0,0.352941176471,0.411764705882,0.235294117647,17,0.128676470588,1.90196078431,4.11764705882,3.18181818182,2.69230769231,1.57648156274,0.382859808093,0.201680672269,2.01465221053,0.978545359402,0.524369747899,1.74894926439,0.849489642704,0.463865546218,0.814492905316,0.428238537847,2.33333333333,1.90196078431,0.814492905316,2.33333333333,0,0,0,0,0.164242424242,17,17,17,1,0,0.352941176471,0.411764705882,0.235294117647,17,37,0.136029411765,1.88235294118,4.35294117647,3.36363636364,2.84615384615,1.69341284359,0.389027274878,0.193958664547,2.09866904602,0.964253345467,0.518282988871,1.87867287326,0.863174022847,0.470588235294,0.786197569093,0.41766745858,2.25,1.88235294118,0.786197569093,2.25,0.166339869281,0.0612244897959,3,0.00441176470588,0.185952380952,17,17,17,1,0,0.352941176471,0.411764705882,0.235294117647,0,0,0,0,0,0,0,0,0,0,0,0,0,0,0,0,0,0,0,0,0,0,0,0,0,0,0,0,0,37,0,0,235,1,1,0,0,1,1,1,1,1,1,2,2,0,0,0,0
3396,WLNM_dir_neg,1,0.5,00:00:00,10,80,28,1986366801,threshold_sweep,0.3,1,1,1,2,0,0,4,1,1,0,0,1,1,1,1,0.555555555556,1,1,1,37,35,2,0,37,0,35,0,2,17,37,0.136029411765,1.88235294118,4.35294117647,3.36363636364,2.84615384615,1.69341284359,0.389027274878,0.193958664547,2.09866904602,0.964253345467,0.518282988871,1.87867287326,0.863174022847,0.470588235294,0.786197569093,0.41766745858,2.25,1.88235294118,0.786197569093,2.25,0.166339869281,0.0612244897959,3,0.00441176470588,0.185952380952,17,17,17,1,0,0.352941176471,0.411764705882,0.235294117647,17,0.128676470588,1.90196078431,4.11764705882,3.18181818182,2.69230769231,1.57648156274,0.382859808093,0.201680672269,2.01465221053,0.978545359402,0.524369747899,1.74894926439,0.849489642704,0.463865546218,0.814492905316,0.428238537847,2.33333333333,1.90196078431,0.814492905316,2.33333333333,0,0,0,0,0.164242424242,17,17,17,1,0,0.352941176471,0.411764705882,0.235294117647,17,37,0.136029411765,1.88235294118,4.35294117647,3.36363636364,2.84615384615,1.69341284359,0.389027274878,0.193958664547,2.09866904602,0.964253345467,0.518282988871,1.87867287326,0.863174022847,0.470588235294,0.786197569093,0.41766745858,2.25,1.88235294118,0.786197569093,2.25,0.166339869281,0.0612244897959,3,0.00441176470588,0.185952380952,17,17,17,1,0,0.352941176471,0.411764705882,0.235294117647,0,0,0,0,0,0,0,0,0,0,0,0,0,0,0,0,0,0,0,0,0,0,0,0,0,0,0,0,0,37,0,0,235,1,1,0,0,1,1,1,1,1,1,2,2,0,0,0,0
3397,WLNM_dir_neg,1,0.5,00:00:00,10,80,28,1986366801,threshold_sweep,0.4,1,1,1,2,0,0,4,1,1,0,0,1,1,1,1,0.555555555556,1,1,1,37,35,2,0,37,0,35,0,2,17,37,0.136029411765,1.88235294118,4.35294117647,3.36363636364,2.84615384615,1.69341284359,0.389027274878,0.193958664547,2.09866904602,0.964253345467,0.518282988871,1.87867287326,0.863174022847,0.470588235294,0.786197569093,0.41766745858,2.25,1.88235294118,0.786197569093,2.25,0.166339869281,0.0612244897959,3,0.00441176470588,0.185952380952,17,17,17,1,0,0.352941176471,0.411764705882,0.235294117647,17,0.128676470588,1.90196078431,4.11764705882,3.18181818182,2.69230769231,1.57648156274,0.382859808093,0.201680672269,2.01465221053,0.978545359402,0.524369747899,1.74894926439,0.849489642704,0.463865546218,0.814492905316,0.428238537847,2.33333333333,1.90196078431,0.814492905316,2.33333333333,0,0,0,0,0.164242424242,17,17,17,1,0,0.352941176471,0.411764705882,0.235294117647,17,37,0.136029411765,1.88235294118,4.35294117647,3.36363636364,2.84615384615,1.69341284359,0.389027274878,0.193958664547,2.09866904602,0.964253345467,0.518282988871,1.87867287326,0.863174022847,0.470588235294,0.786197569093,0.41766745858,2.25,1.88235294118,0.786197569093,2.25,0.166339869281,0.0612244897959,3,0.00441176470588,0.185952380952,17,17,17,1,0,0.352941176471,0.411764705882,0.235294117647,0,0,0,0,0,0,0,0,0,0,0,0,0,0,0,0,0,0,0,0,0,0,0,0,0,0,0,0,0,37,0,0,235,1,1,0,0,1,1,1,1,1,1,2,2,0,0,0,0
3398,WLNM_dir_neg,1,0.5,00:00:00,10,80,28,1986366801,threshold_sweep,0.5,1,1,1,2,0,0,4,1,1,0,0,1,1,1,1,0.555555555556,1,1,1,37,35,2,0,37,0,35,0,2,17,37,0.136029411765,1.88235294118,4.35294117647,3.36363636364,2.84615384615,1.69341284359,0.389027274878,0.193958664547,2.09866904602,0.964253345467,0.518282988871,1.87867287326,0.863174022847,0.470588235294,0.786197569093,0.41766745858,2.25,1.88235294118,0.786197569093,2.25,0.166339869281,0.0612244897959,3,0.00441176470588,0.185952380952,17,17,17,1,0,0.352941176471,0.411764705882,0.235294117647,17,0.128676470588,1.90196078431,4.11764705882,3.18181818182,2.69230769231,1.57648156274,0.382859808093,0.201680672269,2.01465221053,0.978545359402,0.524369747899,1.74894926439,0.849489642704,0.463865546218,0.814492905316,0.428238537847,2.33333333333,1.90196078431,0.814492905316,2.33333333333,0,0,0,0,0.164242424242,17,17,17,1,0,0.352941176471,0.411764705882,0.235294117647,17,37,0.136029411765,1.88235294118,4.35294117647,3.36363636364,2.84615384615,1.69341284359,0.389027274878,0.193958664547,2.09866904602,0.964253345467,0.518282988871,1.87867287326,0.863174022847,0.470588235294,0.786197569093,0.41766745858,2.25,1.88235294118,0.786197569093,2.25,0.166339869281,0.0612244897959,3,0.00441176470588,0.185952380952,17,17,17,1,0,0.352941176471,0.411764705882,0.235294117647,0,0,0,0,0,0,0,0,0,0,0,0,0,0,0,0,0,0,0,0,0,0,0,0,0,0,0,0,0,37,0,0,235,1,1,0,0,1,1,1,1,1,1,2,2,0,0,0,0
3399,WLNM_dir_neg,1,0.5,00:00:00,10,80,28,1986366801,threshold_sweep,0.6,1,1,1,2,0,0,4,1,1,0,0,1,1,1,1,0.555555555556,1,1,1,37,35,2,0,37,0,35,0,2,17,37,0.136029411765,1.88235294118,4.35294117647,3.36363636364,2.84615384615,1.69341284359,0.389027274878,0.193958664547,2.09866904602,0.964253345467,0.518282988871,1.87867287326,0.863174022847,0.470588235294,0.786197569093,0.41766745858,2.25,1.88235294118,0.786197569093,2.25,0.166339869281,0.0612244897959,3,0.00441176470588,0.185952380952,17,17,17,1,0,0.352941176471,0.411764705882,0.235294117647,17,0.128676470588,1.90196078431,4.11764705882,3.18181818182,2.69230769231,1.57648156274,0.382859808093,0.201680672269,2.01465221053,0.978545359402,0.524369747899,1.74894926439,0.849489642704,0.463865546218,0.814492905316,0.428238537847,2.33333333333,1.90196078431,0.814492905316,2.33333333333,0,0,0,0,0.164242424242,17,17,17,1,0,0.352941176471,0.411764705882,0.235294117647,17,37,0.136029411765,1.88235294118,4.35294117647,3.36363636364,2.84615384615,1.69341284359,0.389027274878,0.193958664547,2.09866904602,0.964253345467,0.518282988871,1.87867287326,0.863174022847,0.470588235294,0.786197569093,0.41766745858,2.25,1.88235294118,0.786197569093,2.25,0.166339869281,0.0612244897959,3,0.00441176470588,0.185952380952,17,17,17,1,0,0.352941176471,0.411764705882,0.235294117647,0,0,0,0,0,0,0,0,0,0,0,0,0,0,0,0,0,0,0,0,0,0,0,0,0,0,0,0,0,37,0,0,235,1,1,0,0,1,1,1,1,1,1,2,2,0,0,0,0
3400,WLNM_dir_neg,1,0.5,00:00:00,10,80,28,1986366801,threshold_sweep,0.7,1,1,1,2,0,0,4,1,1,0,0,1,1,1,1,0.555555555556,1,1,1,37,35,2,0,37,0,35,0,2,17,37,0.136029411765,1.88235294118,4.35294117647,3.36363636364,2.84615384615,1.69341284359,0.389027274878,0.193958664547,2.09866904602,0.964253345467,0.518282988871,1.87867287326,0.863174022847,0.470588235294,0.786197569093,0.41766745858,2.25,1.88235294118,0.786197569093,2.25,0.166339869281,0.0612244897959,3,0.00441176470588,0.185952380952,17,17,17,1,0,0.352941176471,0.411764705882,0.235294117647,17,0.128676470588,1.90196078431,4.11764705882,3.18181818182,2.69230769231,1.57648156274,0.382859808093,0.201680672269,2.01465221053,0.978545359402,0.524369747899,1.74894926439,0.849489642704,0.463865546218,0.814492905316,0.428238537847,2.33333333333,1.90196078431,0.814492905316,2.33333333333,0,0,0,0,0.164242424242,17,17,17,1,0,0.352941176471,0.411764705882,0.235294117647,17,37,0.136029411765,1.88235294118,4.35294117647,3.36363636364,2.84615384615,1.69341284359,0.389027274878,0.193958664547,2.09866904602,0.964253345467,0.518282988871,1.87867287326,0.863174022847,0.470588235294,0.786197569093,0.41766745858,2.25,1.88235294118,0.786197569093,2.25,0.166339869281,0.0612244897959,3,0.00441176470588,0.185952380952,17,17,17,1,0,0.352941176471,0.411764705882,0.235294117647,0,0,0,0,0,0,0,0,0,0,0,0,0,0,0,0,0,0,0,0,0,0,0,0,0,0,0,0,0,37,0,0,235,1,1,0,0,1,1,1,1,1,1,2,2,0,0,0,0
3401,WLNM_dir_neg,1,0.5,00:00:00,10,80,28,1986366801,threshold_sweep,0.8,1,1,1,2,0,0,4,1,1,0,0,1,1,1,1,0.555555555556,1,1,1,37,35,2,0,37,0,35,0,2,17,37,0.136029411765,1.88235294118,4.35294117647,3.36363636364,2.84615384615,1.69341284359,0.389027274878,0.193958664547,2.09866904602,0.964253345467,0.518282988871,1.87867287326,0.863174022847,0.470588235294,0.786197569093,0.41766745858,2.25,1.88235294118,0.786197569093,2.25,0.166339869281,0.0612244897959,3,0.00441176470588,0.185952380952,17,17,17,1,0,0.352941176471,0.411764705882,0.235294117647,17,0.128676470588,1.90196078431,4.11764705882,3.18181818182,2.69230769231,1.57648156274,0.382859808093,0.201680672269,2.01465221053,0.978545359402,0.524369747899,1.74894926439,0.849489642704,0.463865546218,0.814492905316,0.428238537847,2.33333333333,1.90196078431,0.814492905316,2.33333333333,0,0,0,0,0.164242424242,17,17,17,1,0,0.352941176471,0.411764705882,0.235294117647,17,37,0.136029411765,1.88235294118,4.35294117647,3.36363636364,2.84615384615,1.69341284359,0.389027274878,0.193958664547,2.09866904602,0.964253345467,0.518282988871,1.87867287326,0.863174022847,0.470588235294,0.786197569093,0.41766745858,2.25,1.88235294118,0.786197569093,2.25,0.166339869281,0.0612244897959,3,0.00441176470588,0.185952380952,17,17,17,1,0,0.352941176471,0.411764705882,0.235294117647,0,0,0,0,0,0,0,0,0,0,0,0,0,0,0,0,0,0,0,0,0,0,0,0,0,0,0,0,0,37,0,0,235,1,1,0,0,1,1,1,1,1,1,2,2,0,0,0,0
3402,WLNM_dir_neg,1,0.5,00:00:00,10,80,28,1986366801,threshold_sweep,0.9,1,1,1,2,0,0,4,1,1,0,0,1,1,1,1,0.555555555556,1,1,1,37,35,2,0,37,0,35,0,2,17,37,0.136029411765,1.88235294118,4.35294117647,3.36363636364,2.84615384615,1.69341284359,0.389027274878,0.193958664547,2.09866904602,0.964253345467,0.518282988871,1.87867287326,0.863174022847,0.470588235294,0.786197569093,0.41766745858,2.25,1.88235294118,0.786197569093,2.25,0.166339869281,0.0612244897959,3,0.00441176470588,0.185952380952,17,17,17,1,0,0.352941176471,0.411764705882,0.235294117647,17,0.128676470588,1.90196078431,4.11764705882,3.18181818182,2.69230769231,1.57648156274,0.382859808093,0.201680672269,2.01465221053,0.978545359402,0.524369747899,1.74894926439,0.849489642704,0.463865546218,0.814492905316,0.428238537847,2.33333333333,1.90196078431,0.814492905316,2.33333333333,0,0,0,0,0.164242424242,17,17,17,1,0,0.352941176471,0.411764705882,0.235294117647,17,37,0.136029411765,1.88235294118,4.35294117647,3.36363636364,2.84615384615,1.69341284359,0.389027274878,0.193958664547,2.09866904602,0.964253345467,0.518282988871,1.87867287326,0.863174022847,0.470588235294,0.786197569093,0.41766745858,2.25,1.88235294118,0.786197569093,2.25,0.166339869281,0.0612244897959,3,0.00441176470588,0.185952380952,17,17,17,1,0,0.352941176471,0.411764705882,0.235294117647,0,0,0,0,0,0,0,0,0,0,0,0,0,0,0,0,0,0,0,0,0,0,0,0,0,0,0,0,0,37,0,0,235,1,1,0,0,1,1,1,1,1,1,2,2,0,0,0,0
3403,WLNM_dir_neg,1,0.5,00:00:00,10,80,29,1986366802,threshold_sweep,0.1,1,1,1,2,0,0,4,1,1,0,0,1,1,1,1,0.555555555556,1,1,1,37,35,2,0,37,0,35,0,2,17,37,0.136029411765,1.88235294118,4.35294117647,3.36363636364,2.84615384615,1.69341284359,0.389027274878,0.193958664547,2.09866904602,0.964253345467,0.518282988871,1.87867287326,0.863174022847,0.470588235294,0.786197569093,0.41766745858,2.25,1.88235294118,0.786197569093,2.25,0.166339869281,0.0612244897959,3,0.00441176470588,0.185952380952,17,17,17,1,0,0.352941176471,0.411764705882,0.235294117647,17,0.128676470588,1.90196078431,4.11764705882,3.18181818182,2.69230769231,1.57648156274,0.382859808093,0.201680672269,2.01465221053,0.978545359402,0.524369747899,1.74894926439,0.849489642704,0.463865546218,0.814492905316,0.428238537847,2.33333333333,1.90196078431,0.814492905316,2.33333333333,0,0,0,0,0.164242424242,17,17,17,1,0,0.352941176471,0.411764705882,0.235294117647,17,37,0.136029411765,1.88235294118,4.35294117647,3.36363636364,2.84615384615,1.69341284359,0.389027274878,0.193958664547,2.09866904602,0.964253345467,0.518282988871,1.87867287326,0.863174022847,0.470588235294,0.786197569093,0.41766745858,2.25,1.88235294118,0.786197569093,2.25,0.166339869281,0.0612244897959,3,0.00441176470588,0.185952380952,17,17,17,1,0,0.352941176471,0.411764705882,0.235294117647,0,0,0,0,0,0,0,0,0,0,0,0,0,0,0,0,0,0,0,0,0,0,0,0,0,0,0,0,0,37,0,0,235,1,1,0,0,1,1,1,1,1,1,2,2,0,0,0,0
3404,WLNM_dir_neg,1,0.5,00:00:00,10,80,29,1986366802,threshold_sweep,0.2,1,1,1,2,0,0,4,1,1,0,0,1,1,1,1,0.555555555556,1,1,1,37,35,2,0,37,0,35,0,2,17,37,0.136029411765,1.88235294118,4.35294117647,3.36363636364,2.84615384615,1.69341284359,0.389027274878,0.193958664547,2.09866904602,0.964253345467,0.518282988871,1.87867287326,0.863174022847,0.470588235294,0.786197569093,0.41766745858,2.25,1.88235294118,0.786197569093,2.25,0.166339869281,0.0612244897959,3,0.00441176470588,0.185952380952,17,17,17,1,0,0.352941176471,0.411764705882,0.235294117647,17,0.128676470588,1.90196078431,4.11764705882,3.18181818182,2.69230769231,1.57648156274,0.382859808093,0.201680672269,2.01465221053,0.978545359402,0.524369747899,1.74894926439,0.849489642704,0.463865546218,0.814492905316,0.428238537847,2.33333333333,1.90196078431,0.814492905316,2.33333333333,0,0,0,0,0.164242424242,17,17,17,1,0,0.352941176471,0.411764705882,0.235294117647,17,37,0.136029411765,1.88235294118,4.35294117647,3.36363636364,2.84615384615,1.69341284359,0.389027274878,0.193958664547,2.09866904602,0.964253345467,0.518282988871,1.87867287326,0.863174022847,0.470588235294,0.786197569093,0.41766745858,2.25,1.88235294118,0.786197569093,2.25,0.166339869281,0.0612244897959,3,0.00441176470588,0.185952380952,17,17,17,1,0,0.352941176471,0.411764705882,0.235294117647,0,0,0,0,0,0,0,0,0,0,0,0,0,0,0,0,0,0,0,0,0,0,0,0,0,0,0,0,0,37,0,0,235,1,1,0,0,1,1,1,1,1,1,2,2,0,0,0,0
3405,WLNM_dir_neg,1,0.5,00:00:00,10,80,29,1986366802,threshold_sweep,0.3,1,1,1,2,0,0,4,1,1,0,0,1,1,1,1,0.555555555556,1,1,1,37,35,2,0,37,0,35,0,2,17,37,0.136029411765,1.88235294118,4.35294117647,3.36363636364,2.84615384615,1.69341284359,0.389027274878,0.193958664547,2.09866904602,0.964253345467,0.518282988871,1.87867287326,0.863174022847,0.470588235294,0.786197569093,0.41766745858,2.25,1.88235294118,0.786197569093,2.25,0.166339869281,0.0612244897959,3,0.00441176470588,0.185952380952,17,17,17,1,0,0.352941176471,0.411764705882,0.235294117647,17,0.128676470588,1.90196078431,4.11764705882,3.18181818182,2.69230769231,1.57648156274,0.382859808093,0.201680672269,2.01465221053,0.978545359402,0.524369747899,1.74894926439,0.849489642704,0.463865546218,0.814492905316,0.428238537847,2.33333333333,1.90196078431,0.814492905316,2.33333333333,0,0,0,0,0.164242424242,17,17,17,1,0,0.352941176471,0.411764705882,0.235294117647,17,37,0.136029411765,1.88235294118,4.35294117647,3.36363636364,2.84615384615,1.69341284359,0.389027274878,0.193958664547,2.09866904602,0.964253345467,0.518282988871,1.87867287326,0.863174022847,0.470588235294,0.786197569093,0.41766745858,2.25,1.88235294118,0.786197569093,2.25,0.166339869281,0.0612244897959,3,0.00441176470588,0.185952380952,17,17,17,1,0,0.352941176471,0.411764705882,0.235294117647,0,0,0,0,0,0,0,0,0,0,0,0,0,0,0,0,0,0,0,0,0,0,0,0,0,0,0,0,0,37,0,0,235,1,1,0,0,1,1,1,1,1,1,2,2,0,0,0,0
3406,WLNM_dir_neg,1,0.5,00:00:00,10,80,29,1986366802,threshold_sweep,0.4,1,1,1,2,0,0,4,1,1,0,0,1,1,1,1,0.555555555556,1,1,1,37,35,2,0,37,0,35,0,2,17,37,0.136029411765,1.88235294118,4.35294117647,3.36363636364,2.84615384615,1.69341284359,0.389027274878,0.193958664547,2.09866904602,0.964253345467,0.518282988871,1.87867287326,0.863174022847,0.470588235294,0.786197569093,0.41766745858,2.25,1.88235294118,0.786197569093,2.25,0.166339869281,0.0612244897959,3,0.00441176470588,0.185952380952,17,17,17,1,0,0.352941176471,0.411764705882,0.235294117647,17,0.128676470588,1.90196078431,4.11764705882,3.18181818182,2.69230769231,1.57648156274,0.382859808093,0.201680672269,2.01465221053,0.978545359402,0.524369747899,1.74894926439,0.849489642704,0.463865546218,0.814492905316,0.428238537847,2.33333333333,1.90196078431,0.814492905316,2.33333333333,0,0,0,0,0.164242424242,17,17,17,1,0,0.352941176471,0.411764705882,0.235294117647,17,37,0.136029411765,1.88235294118,4.35294117647,3.36363636364,2.84615384615,1.69341284359,0.389027274878,0.193958664547,2.09866904602,0.964253345467,0.518282988871,1.87867287326,0.863174022847,0.470588235294,0.786197569093,0.41766745858,2.25,1.88235294118,0.786197569093,2.25,0.166339869281,0.0612244897959,3,0.00441176470588,0.185952380952,17,17,17,1,0,0.352941176471,0.411764705882,0.235294117647,0,0,0,0,0,0,0,0,0,0,0,0,0,0,0,0,0,0,0,0,0,0,0,0,0,0,0,0,0,37,0,0,235,1,1,0,0,1,1,1,1,1,1,2,2,0,0,0,0
3407,WLNM_dir_neg,1,0.5,00:00:00,10,80,29,1986366802,threshold_sweep,0.5,1,1,1,2,0,0,4,1,1,0,0,1,1,1,1,0.555555555556,1,1,1,37,35,2,0,37,0,35,0,2,17,37,0.136029411765,1.88235294118,4.35294117647,3.36363636364,2.84615384615,1.69341284359,0.389027274878,0.193958664547,2.09866904602,0.964253345467,0.518282988871,1.87867287326,0.863174022847,0.470588235294,0.786197569093,0.41766745858,2.25,1.88235294118,0.786197569093,2.25,0.166339869281,0.0612244897959,3,0.00441176470588,0.185952380952,17,17,17,1,0,0.352941176471,0.411764705882,0.235294117647,17,0.128676470588,1.90196078431,4.11764705882,3.18181818182,2.69230769231,1.57648156274,0.382859808093,0.201680672269,2.01465221053,0.978545359402,0.524369747899,1.74894926439,0.849489642704,0.463865546218,0.814492905316,0.428238537847,2.33333333333,1.90196078431,0.814492905316,2.33333333333,0,0,0,0,0.164242424242,17,17,17,1,0,0.352941176471,0.411764705882,0.235294117647,17,37,0.136029411765,1.88235294118,4.35294117647,3.36363636364,2.84615384615,1.69341284359,0.389027274878,0.193958664547,2.09866904602,0.964253345467,0.518282988871,1.87867287326,0.863174022847,0.470588235294,0.786197569093,0.41766745858,2.25,1.88235294118,0.786197569093,2.25,0.166339869281,0.0612244897959,3,0.00441176470588,0.185952380952,17,17,17,1,0,0.352941176471,0.411764705882,0.235294117647,0,0,0,0,0,0,0,0,0,0,0,0,0,0,0,0,0,0,0,0,0,0,0,0,0,0,0,0,0,37,0,0,235,1,1,0,0,1,1,1,1,1,1,2,2,0,0,0,0
3408,WLNM_dir_neg,1,0.5,00:00:00,10,80,29,1986366802,threshold_sweep,0.6,1,1,1,2,0,0,4,1,1,0,0,1,1,1,1,0.555555555556,1,1,1,37,35,2,0,37,0,35,0,2,17,37,0.136029411765,1.88235294118,4.35294117647,3.36363636364,2.84615384615,1.69341284359,0.389027274878,0.193958664547,2.09866904602,0.964253345467,0.518282988871,1.87867287326,0.863174022847,0.470588235294,0.786197569093,0.41766745858,2.25,1.88235294118,0.786197569093,2.25,0.166339869281,0.0612244897959,3,0.00441176470588,0.185952380952,17,17,17,1,0,0.352941176471,0.411764705882,0.235294117647,17,0.128676470588,1.90196078431,4.11764705882,3.18181818182,2.69230769231,1.57648156274,0.382859808093,0.201680672269,2.01465221053,0.978545359402,0.524369747899,1.74894926439,0.849489642704,0.463865546218,0.814492905316,0.428238537847,2.33333333333,1.90196078431,0.814492905316,2.33333333333,0,0,0,0,0.164242424242,17,17,17,1,0,0.352941176471,0.411764705882,0.235294117647,17,37,0.136029411765,1.88235294118,4.35294117647,3.36363636364,2.84615384615,1.69341284359,0.389027274878,0.193958664547,2.09866904602,0.964253345467,0.518282988871,1.87867287326,0.863174022847,0.470588235294,0.786197569093,0.41766745858,2.25,1.88235294118,0.786197569093,2.25,0.166339869281,0.0612244897959,3,0.00441176470588,0.185952380952,17,17,17,1,0,0.352941176471,0.411764705882,0.235294117647,0,0,0,0,0,0,0,0,0,0,0,0,0,0,0,0,0,0,0,0,0,0,0,0,0,0,0,0,0,37,0,0,235,1,1,0,0,1,1,1,1,1,1,2,2,0,0,0,0
3409,WLNM_dir_neg,1,0.5,00:00:00,10,80,29,1986366802,threshold_sweep,0.7,1,1,1,2,0,0,4,1,1,0,0,1,1,1,1,0.555555555556,1,1,1,37,35,2,0,37,0,35,0,2,17,37,0.136029411765,1.88235294118,4.35294117647,3.36363636364,2.84615384615,1.69341284359,0.389027274878,0.193958664547,2.09866904602,0.964253345467,0.518282988871,1.87867287326,0.863174022847,0.470588235294,0.786197569093,0.41766745858,2.25,1.88235294118,0.786197569093,2.25,0.166339869281,0.0612244897959,3,0.00441176470588,0.185952380952,17,17,17,1,0,0.352941176471,0.411764705882,0.235294117647,17,0.128676470588,1.90196078431,4.11764705882,3.18181818182,2.69230769231,1.57648156274,0.382859808093,0.201680672269,2.01465221053,0.978545359402,0.524369747899,1.74894926439,0.849489642704,0.463865546218,0.814492905316,0.428238537847,2.33333333333,1.90196078431,0.814492905316,2.33333333333,0,0,0,0,0.164242424242,17,17,17,1,0,0.352941176471,0.411764705882,0.235294117647,17,37,0.136029411765,1.88235294118,4.35294117647,3.36363636364,2.84615384615,1.69341284359,0.389027274878,0.193958664547,2.09866904602,0.964253345467,0.518282988871,1.87867287326,0.863174022847,0.470588235294,0.786197569093,0.41766745858,2.25,1.88235294118,0.786197569093,2.25,0.166339869281,0.0612244897959,3,0.00441176470588,0.185952380952,17,17,17,1,0,0.352941176471,0.411764705882,0.235294117647,0,0,0,0,0,0,0,0,0,0,0,0,0,0,0,0,0,0,0,0,0,0,0,0,0,0,0,0,0,37,0,0,235,1,1,0,0,1,1,1,1,1,1,2,2,0,0,0,0
3410,WLNM_dir_neg,1,0.5,00:00:00,10,80,29,1986366802,threshold_sweep,0.8,1,1,1,2,0,0,4,1,1,0,0,1,1,1,1,0.555555555556,1,1,1,37,35,2,0,37,0,35,0,2,17,37,0.136029411765,1.88235294118,4.35294117647,3.36363636364,2.84615384615,1.69341284359,0.389027274878,0.193958664547,2.09866904602,0.964253345467,0.518282988871,1.87867287326,0.863174022847,0.470588235294,0.786197569093,0.41766745858,2.25,1.88235294118,0.786197569093,2.25,0.166339869281,0.0612244897959,3,0.00441176470588,0.185952380952,17,17,17,1,0,0.352941176471,0.411764705882,0.235294117647,17,0.128676470588,1.90196078431,4.11764705882,3.18181818182,2.69230769231,1.57648156274,0.382859808093,0.201680672269,2.01465221053,0.978545359402,0.524369747899,1.74894926439,0.849489642704,0.463865546218,0.814492905316,0.428238537847,2.33333333333,1.90196078431,0.814492905316,2.33333333333,0,0,0,0,0.164242424242,17,17,17,1,0,0.352941176471,0.411764705882,0.235294117647,17,37,0.136029411765,1.88235294118,4.35294117647,3.36363636364,2.84615384615,1.69341284359,0.389027274878,0.193958664547,2.09866904602,0.964253345467,0.518282988871,1.87867287326,0.863174022847,0.470588235294,0.786197569093,0.41766745858,2.25,1.88235294118,0.786197569093,2.25,0.166339869281,0.0612244897959,3,0.00441176470588,0.185952380952,17,17,17,1,0,0.352941176471,0.411764705882,0.235294117647,0,0,0,0,0,0,0,0,0,0,0,0,0,0,0,0,0,0,0,0,0,0,0,0,0,0,0,0,0,37,0,0,235,1,1,0,0,1,1,1,1,1,1,2,2,0,0,0,0
3411,WLNM_dir_neg,1,0.5,00:00:00,10,80,29,1986366802,threshold_sweep,0.9,1,1,1,2,0,0,4,1,1,0,0,1,1,1,1,0.555555555556,1,1,1,37,35,2,0,37,0,35,0,2,17,37,0.136029411765,1.88235294118,4.35294117647,3.36363636364,2.84615384615,1.69341284359,0.389027274878,0.193958664547,2.09866904602,0.964253345467,0.518282988871,1.87867287326,0.863174022847,0.470588235294,0.786197569093,0.41766745858,2.25,1.88235294118,0.786197569093,2.25,0.166339869281,0.0612244897959,3,0.00441176470588,0.185952380952,17,17,17,1,0,0.352941176471,0.411764705882,0.235294117647,17,0.128676470588,1.90196078431,4.11764705882,3.18181818182,2.69230769231,1.57648156274,0.382859808093,0.201680672269,2.01465221053,0.978545359402,0.524369747899,1.74894926439,0.849489642704,0.463865546218,0.814492905316,0.428238537847,2.33333333333,1.90196078431,0.814492905316,2.33333333333,0,0,0,0,0.164242424242,17,17,17,1,0,0.352941176471,0.411764705882,0.235294117647,17,37,0.136029411765,1.88235294118,4.35294117647,3.36363636364,2.84615384615,1.69341284359,0.389027274878,0.193958664547,2.09866904602,0.964253345467,0.518282988871,1.87867287326,0.863174022847,0.470588235294,0.786197569093,0.41766745858,2.25,1.88235294118,0.786197569093,2.25,0.166339869281,0.0612244897959,3,0.00441176470588,0.185952380952,17,17,17,1,0,0.352941176471,0.411764705882,0.235294117647,0,0,0,0,0,0,0,0,0,0,0,0,0,0,0,0,0,0,0,0,0,0,0,0,0,0,0,0,0,37,0,0,235,1,1,0,0,1,1,1,1,1,1,2,2,0,0,0,0
3412,WLNM_dir_neg,0.875,0.291666666667,00:00:00,10,80,30,1986366803,threshold_sweep,0.1,0.666666666667,1,0.8,2,1,0,3,1,0.75,0.25,0,0.666666666667,1,0.8,0.833333333333,0.5,0.666666666667,0.707106781187,0.75,37,35,2,0,37,0,35,0,2,17,37,0.136029411765,1.88235294118,4.35294117647,3.36363636364,2.84615384615,1.69341284359,0.389027274878,0.193958664547,2.09866904602,0.964253345467,0.518282988871,1.87867287326,0.863174022847,0.470588235294,0.786197569093,0.41766745858,2.25,1.88235294118,0.786197569093,2.25,0.166339869281,0.0612244897959,3,0.00441176470588,0.185952380952,17,17,17,1,0,0.352941176471,0.411764705882,0.235294117647,17,0.128676470588,1.90196078431,4.11764705882,3.18181818182,2.69230769231,1.57648156274,0.382859808093,0.201680672269,2.01465221053,0.978545359402,0.524369747899,1.74894926439,0.849489642704,0.463865546218,0.814492905316,0.428238537847,2.33333333333,1.90196078431,0.814492905316,2.33333333333,0,0,0,0,0.164242424242,17,17,17,1,0,0.352941176471,0.411764705882,0.235294117647,17,38,0.139705882353,1.98764705882,4.47058823529,3.16666666667,2.92307692308,1.66274047354,0.371928790134,0.188854489164,2.04723630062,0.915868871331,0.495356037152,1.98523965067,0.888133527931,0.482972136223,0.792996921587,0.398962641817,2.35,1.98764705882,0.792996921587,2.35,0.162418300654,0.0584415584416,3,0.00441176470588,0.192081529582,17,17,17,1,0,0.294117647059,0.470588235294,0.235294117647,1,0.00367647058824,0.105294117647,0.117647058824,-0.19696969697,0.0769230769231,-0.030672370045,-0.0170984847437,-0.00510417538281,-0.0514327453931,-0.0483844741355,-0.0229269517195,0.106566777414,0.0249595050838,0.0123839009288,0.00679935249481,-0.0187048167638,0.1,0.105294117647,0.00679935249481,0.1,-0.00392156862745,-0.00278293135436,0,0,0.00612914862915,-0.0588235294118,0.0588235294118,0,37,1,0,234,1,0.995744680851,0.00425531914894,0,0.973684210526,1,0.986666666667,0.984652666406,0.995744680851,0.973684210526,3,2,0,0,0,0
3413,WLNM_dir_neg,0.875,0.291666666667,00:00:00,10,80,30,1986366803,threshold_sweep,0.2,0.666666666667,1,0.8,2,1,0,3,1,0.75,0.25,0,0.666666666667,1,0.8,0.833333333333,0.5,0.666666666667,0.707106781187,0.75,37,35,2,0,37,0,35,0,2,17,37,0.136029411765,1.88235294118,4.35294117647,3.36363636364,2.84615384615,1.69341284359,0.389027274878,0.193958664547,2.09866904602,0.964253345467,0.518282988871,1.87867287326,0.863174022847,0.470588235294,0.786197569093,0.41766745858,2.25,1.88235294118,0.786197569093,2.25,0.166339869281,0.0612244897959,3,0.00441176470588,0.185952380952,17,17,17,1,0,0.352941176471,0.411764705882,0.235294117647,17,0.128676470588,1.90196078431,4.11764705882,3.18181818182,2.69230769231,1.57648156274,0.382859808093,0.201680672269,2.01465221053,0.978545359402,0.524369747899,1.74894926439,0.849489642704,0.463865546218,0.814492905316,0.428238537847,2.33333333333,1.90196078431,0.814492905316,2.33333333333,0,0,0,0,0.164242424242,17,17,17,1,0,0.352941176471,0.411764705882,0.235294117647,17,38,0.139705882353,1.98764705882,4.47058823529,3.16666666667,2.92307692308,1.66274047354,0.371928790134,0.188854489164,2.04723630062,0.915868871331,0.495356037152,1.98523965067,0.888133527931,0.482972136223,0.792996921587,0.398962641817,2.35,1.98764705882,0.792996921587,2.35,0.162418300654,0.0584415584416,3,0.00441176470588,0.192081529582,17,17,17,1,0,0.294117647059,0.470588235294,0.235294117647,1,0.00367647058824,0.105294117647,0.117647058824,-0.19696969697,0.0769230769231,-0.030672370045,-0.0170984847437,-0.00510417538281,-0.0514327453931,-0.0483844741355,-0.0229269517195,0.106566777414,0.0249595050838,0.0123839009288,0.00679935249481,-0.0187048167638,0.1,0.105294117647,0.00679935249481,0.1,-0.00392156862745,-0.00278293135436,0,0,0.00612914862915,-0.0588235294118,0.0588235294118,0,37,1,0,234,1,0.995744680851,0.00425531914894,0,0.973684210526,1,0.986666666667,0.984652666406,0.995744680851,0.973684210526,3,2,0,0,0,0
3414,WLNM_dir_neg,0.875,0.291666666667,00:00:00,10,80,30,1986366803,threshold_sweep,0.3,0.666666666667,1,0.8,2,1,0,3,1,0.75,0.25,0,0.666666666667,1,0.8,0.833333333333,0.5,0.666666666667,0.707106781187,0.75,37,35,2,0,37,0,35,0,2,17,37,0.136029411765,1.88235294118,4.35294117647,3.36363636364,2.84615384615,1.69341284359,0.389027274878,0.193958664547,2.09866904602,0.964253345467,0.518282988871,1.87867287326,0.863174022847,0.470588235294,0.786197569093,0.41766745858,2.25,1.88235294118,0.786197569093,2.25,0.166339869281,0.0612244897959,3,0.00441176470588,0.185952380952,17,17,17,1,0,0.352941176471,0.411764705882,0.235294117647,17,0.128676470588,1.90196078431,4.11764705882,3.18181818182,2.69230769231,1.57648156274,0.382859808093,0.201680672269,2.01465221053,0.978545359402,0.524369747899,1.74894926439,0.849489642704,0.463865546218,0.814492905316,0.428238537847,2.33333333333,1.90196078431,0.814492905316,2.33333333333,0,0,0,0,0.164242424242,17,17,17,1,0,0.352941176471,0.411764705882,0.235294117647,17,38,0.139705882353,1.98764705882,4.47058823529,3.16666666667,2.92307692308,1.66274047354,0.371928790134,0.188854489164,2.04723630062,0.915868871331,0.495356037152,1.98523965067,0.888133527931,0.482972136223,0.792996921587,0.398962641817,2.35,1.98764705882,0.792996921587,2.35,0.162418300654,0.0584415584416,3,0.00441176470588,0.192081529582,17,17,17,1,0,0.294117647059,0.470588235294,0.235294117647,1,0.00367647058824,0.105294117647,0.117647058824,-0.19696969697,0.0769230769231,-0.030672370045,-0.0170984847437,-0.00510417538281,-0.0514327453931,-0.0483844741355,-0.0229269517195,0.106566777414,0.0249595050838,0.0123839009288,0.00679935249481,-0.0187048167638,0.1,0.105294117647,0.00679935249481,0.1,-0.00392156862745,-0.00278293135436,0,0,0.00612914862915,-0.0588235294118,0.0588235294118,0,37,1,0,234,1,0.995744680851,0.00425531914894,0,0.973684210526,1,0.986666666667,0.984652666406,0.995744680851,0.973684210526,3,2,0,0,0,0
3415,WLNM_dir_neg,0.875,0.291666666667,00:00:00,10,80,30,1986366803,threshold_sweep,0.4,0.666666666667,1,0.8,2,1,0,3,1,0.75,0.25,0,0.666666666667,1,0.8,0.833333333333,0.5,0.666666666667,0.707106781187,0.75,37,35,2,0,37,0,35,0,2,17,37,0.136029411765,1.88235294118,4.35294117647,3.36363636364,2.84615384615,1.69341284359,0.389027274878,0.193958664547,2.09866904602,0.964253345467,0.518282988871,1.87867287326,0.863174022847,0.470588235294,0.786197569093,0.41766745858,2.25,1.88235294118,0.786197569093,2.25,0.166339869281,0.0612244897959,3,0.00441176470588,0.185952380952,17,17,17,1,0,0.352941176471,0.411764705882,0.235294117647,17,0.128676470588,1.90196078431,4.11764705882,3.18181818182,2.69230769231,1.57648156274,0.382859808093,0.201680672269,2.01465221053,0.978545359402,0.524369747899,1.74894926439,0.849489642704,0.463865546218,0.814492905316,0.428238537847,2.33333333333,1.90196078431,0.814492905316,2.33333333333,0,0,0,0,0.164242424242,17,17,17,1,0,0.352941176471,0.411764705882,0.235294117647,17,38,0.139705882353,1.98764705882,4.47058823529,3.16666666667,2.92307692308,1.66274047354,0.371928790134,0.188854489164,2.04723630062,0.915868871331,0.495356037152,1.98523965067,0.888133527931,0.482972136223,0.792996921587,0.398962641817,2.35,1.98764705882,0.792996921587,2.35,0.162418300654,0.0584415584416,3,0.00441176470588,0.192081529582,17,17,17,1,0,0.294117647059,0.470588235294,0.235294117647,1,0.00367647058824,0.105294117647,0.117647058824,-0.19696969697,0.0769230769231,-0.030672370045,-0.0170984847437,-0.00510417538281,-0.0514327453931,-0.0483844741355,-0.0229269517195,0.106566777414,0.0249595050838,0.0123839009288,0.00679935249481,-0.0187048167638,0.1,0.105294117647,0.00679935249481,0.1,-0.00392156862745,-0.00278293135436,0,0,0.00612914862915,-0.0588235294118,0.0588235294118,0,37,1,0,234,1,0.995744680851,0.00425531914894,0,0.973684210526,1,0.986666666667,0.984652666406,0.995744680851,0.973684210526,3,2,0,0,0,0
3416,WLNM_dir_neg,0.875,0.291666666667,00:00:00,10,80,30,1986366803,threshold_sweep,0.5,0.666666666667,1,0.8,2,1,0,3,1,0.75,0.25,0,0.666666666667,1,0.8,0.833333333333,0.5,0.666666666667,0.707106781187,0.75,37,35,2,0,37,0,35,0,2,17,37,0.136029411765,1.88235294118,4.35294117647,3.36363636364,2.84615384615,1.69341284359,0.389027274878,0.193958664547,2.09866904602,0.964253345467,0.518282988871,1.87867287326,0.863174022847,0.470588235294,0.786197569093,0.41766745858,2.25,1.88235294118,0.786197569093,2.25,0.166339869281,0.0612244897959,3,0.00441176470588,0.185952380952,17,17,17,1,0,0.352941176471,0.411764705882,0.235294117647,17,0.128676470588,1.90196078431,4.11764705882,3.18181818182,2.69230769231,1.57648156274,0.382859808093,0.201680672269,2.01465221053,0.978545359402,0.524369747899,1.74894926439,0.849489642704,0.463865546218,0.814492905316,0.428238537847,2.33333333333,1.90196078431,0.814492905316,2.33333333333,0,0,0,0,0.164242424242,17,17,17,1,0,0.352941176471,0.411764705882,0.235294117647,17,38,0.139705882353,1.98764705882,4.47058823529,3.16666666667,2.92307692308,1.66274047354,0.371928790134,0.188854489164,2.04723630062,0.915868871331,0.495356037152,1.98523965067,0.888133527931,0.482972136223,0.792996921587,0.398962641817,2.35,1.98764705882,0.792996921587,2.35,0.162418300654,0.0584415584416,3,0.00441176470588,0.192081529582,17,17,17,1,0,0.294117647059,0.470588235294,0.235294117647,1,0.00367647058824,0.105294117647,0.117647058824,-0.19696969697,0.0769230769231,-0.030672370045,-0.0170984847437,-0.00510417538281,-0.0514327453931,-0.0483844741355,-0.0229269517195,0.106566777414,0.0249595050838,0.0123839009288,0.00679935249481,-0.0187048167638,0.1,0.105294117647,0.00679935249481,0.1,-0.00392156862745,-0.00278293135436,0,0,0.00612914862915,-0.0588235294118,0.0588235294118,0,37,1,0,234,1,0.995744680851,0.00425531914894,0,0.973684210526,1,0.986666666667,0.984652666406,0.995744680851,0.973684210526,3,2,0,0,0,0
3417,WLNM_dir_neg,0.875,0.291666666667,00:00:00,10,80,30,1986366803,threshold_sweep,0.6,0.666666666667,1,0.8,2,1,0,3,1,0.75,0.25,0,0.666666666667,1,0.8,0.833333333333,0.5,0.666666666667,0.707106781187,0.75,37,35,2,0,37,0,35,0,2,17,37,0.136029411765,1.88235294118,4.35294117647,3.36363636364,2.84615384615,1.69341284359,0.389027274878,0.193958664547,2.09866904602,0.964253345467,0.518282988871,1.87867287326,0.863174022847,0.470588235294,0.786197569093,0.41766745858,2.25,1.88235294118,0.786197569093,2.25,0.166339869281,0.0612244897959,3,0.00441176470588,0.185952380952,17,17,17,1,0,0.352941176471,0.411764705882,0.235294117647,17,0.128676470588,1.90196078431,4.11764705882,3.18181818182,2.69230769231,1.57648156274,0.382859808093,0.201680672269,2.01465221053,0.978545359402,0.524369747899,1.74894926439,0.849489642704,0.463865546218,0.814492905316,0.428238537847,2.33333333333,1.90196078431,0.814492905316,2.33333333333,0,0,0,0,0.164242424242,17,17,17,1,0,0.352941176471,0.411764705882,0.235294117647,17,38,0.139705882353,1.98764705882,4.47058823529,3.16666666667,2.92307692308,1.66274047354,0.371928790134,0.188854489164,2.04723630062,0.915868871331,0.495356037152,1.98523965067,0.888133527931,0.482972136223,0.792996921587,0.398962641817,2.35,1.98764705882,0.792996921587,2.35,0.162418300654,0.0584415584416,3,0.00441176470588,0.192081529582,17,17,17,1,0,0.294117647059,0.470588235294,0.235294117647,1,0.00367647058824,0.105294117647,0.117647058824,-0.19696969697,0.0769230769231,-0.030672370045,-0.0170984847437,-0.00510417538281,-0.0514327453931,-0.0483844741355,-0.0229269517195,0.106566777414,0.0249595050838,0.0123839009288,0.00679935249481,-0.0187048167638,0.1,0.105294117647,0.00679935249481,0.1,-0.00392156862745,-0.00278293135436,0,0,0.00612914862915,-0.0588235294118,0.0588235294118,0,37,1,0,234,1,0.995744680851,0.00425531914894,0,0.973684210526,1,0.986666666667,0.984652666406,0.995744680851,0.973684210526,3,2,0,0,0,0
3418,WLNM_dir_neg,0.875,0.291666666667,00:00:00,10,80,30,1986366803,threshold_sweep,0.7,0.666666666667,1,0.8,2,1,0,3,1,0.75,0.25,0,0.666666666667,1,0.8,0.833333333333,0.5,0.666666666667,0.707106781187,0.75,37,35,2,0,37,0,35,0,2,17,37,0.136029411765,1.88235294118,4.35294117647,3.36363636364,2.84615384615,1.69341284359,0.389027274878,0.193958664547,2.09866904602,0.964253345467,0.518282988871,1.87867287326,0.863174022847,0.470588235294,0.786197569093,0.41766745858,2.25,1.88235294118,0.786197569093,2.25,0.166339869281,0.0612244897959,3,0.00441176470588,0.185952380952,17,17,17,1,0,0.352941176471,0.411764705882,0.235294117647,17,0.128676470588,1.90196078431,4.11764705882,3.18181818182,2.69230769231,1.57648156274,0.382859808093,0.201680672269,2.01465221053,0.978545359402,0.524369747899,1.74894926439,0.849489642704,0.463865546218,0.814492905316,0.428238537847,2.33333333333,1.90196078431,0.814492905316,2.33333333333,0,0,0,0,0.164242424242,17,17,17,1,0,0.352941176471,0.411764705882,0.235294117647,17,38,0.139705882353,1.98764705882,4.47058823529,3.16666666667,2.92307692308,1.66274047354,0.371928790134,0.188854489164,2.04723630062,0.915868871331,0.495356037152,1.98523965067,0.888133527931,0.482972136223,0.792996921587,0.398962641817,2.35,1.98764705882,0.792996921587,2.35,0.162418300654,0.0584415584416,3,0.00441176470588,0.192081529582,17,17,17,1,0,0.294117647059,0.470588235294,0.235294117647,1,0.00367647058824,0.105294117647,0.117647058824,-0.19696969697,0.0769230769231,-0.030672370045,-0.0170984847437,-0.00510417538281,-0.0514327453931,-0.0483844741355,-0.0229269517195,0.106566777414,0.0249595050838,0.0123839009288,0.00679935249481,-0.0187048167638,0.1,0.105294117647,0.00679935249481,0.1,-0.00392156862745,-0.00278293135436,0,0,0.00612914862915,-0.0588235294118,0.0588235294118,0,37,1,0,234,1,0.995744680851,0.00425531914894,0,0.973684210526,1,0.986666666667,0.984652666406,0.995744680851,0.973684210526,3,2,0,0,0,0
3419,WLNM_dir_neg,0.875,0.291666666667,00:00:00,10,80,30,1986366803,threshold_sweep,0.8,0.666666666667,1,0.8,2,1,0,3,1,0.75,0.25,0,0.666666666667,1,0.8,0.833333333333,0.5,0.666666666667,0.707106781187,0.75,37,35,2,0,37,0,35,0,2,17,37,0.136029411765,1.88235294118,4.35294117647,3.36363636364,2.84615384615,1.69341284359,0.389027274878,0.193958664547,2.09866904602,0.964253345467,0.518282988871,1.87867287326,0.863174022847,0.470588235294,0.786197569093,0.41766745858,2.25,1.88235294118,0.786197569093,2.25,0.166339869281,0.0612244897959,3,0.00441176470588,0.185952380952,17,17,17,1,0,0.352941176471,0.411764705882,0.235294117647,17,0.128676470588,1.90196078431,4.11764705882,3.18181818182,2.69230769231,1.57648156274,0.382859808093,0.201680672269,2.01465221053,0.978545359402,0.524369747899,1.74894926439,0.849489642704,0.463865546218,0.814492905316,0.428238537847,2.33333333333,1.90196078431,0.814492905316,2.33333333333,0,0,0,0,0.164242424242,17,17,17,1,0,0.352941176471,0.411764705882,0.235294117647,17,38,0.139705882353,1.98764705882,4.47058823529,3.16666666667,2.92307692308,1.66274047354,0.371928790134,0.188854489164,2.04723630062,0.915868871331,0.495356037152,1.98523965067,0.888133527931,0.482972136223,0.792996921587,0.398962641817,2.35,1.98764705882,0.792996921587,2.35,0.162418300654,0.0584415584416,3,0.00441176470588,0.192081529582,17,17,17,1,0,0.294117647059,0.470588235294,0.235294117647,1,0.00367647058824,0.105294117647,0.117647058824,-0.19696969697,0.0769230769231,-0.030672370045,-0.0170984847437,-0.00510417538281,-0.0514327453931,-0.0483844741355,-0.0229269517195,0.106566777414,0.0249595050838,0.0123839009288,0.00679935249481,-0.0187048167638,0.1,0.105294117647,0.00679935249481,0.1,-0.00392156862745,-0.00278293135436,0,0,0.00612914862915,-0.0588235294118,0.0588235294118,0,37,1,0,234,1,0.995744680851,0.00425531914894,0,0.973684210526,1,0.986666666667,0.984652666406,0.995744680851,0.973684210526,3,2,0,0,0,0
3420,WLNM_dir_neg,0.875,0.291666666667,00:00:00,10,80,30,1986366803,threshold_sweep,0.9,0.666666666667,1,0.8,2,1,0,3,1,0.75,0.25,0,0.666666666667,1,0.8,0.833333333333,0.5,0.666666666667,0.707106781187,0.75,37,35,2,0,37,0,35,0,2,17,37,0.136029411765,1.88235294118,4.35294117647,3.36363636364,2.84615384615,1.69341284359,0.389027274878,0.193958664547,2.09866904602,0.964253345467,0.518282988871,1.87867287326,0.863174022847,0.470588235294,0.786197569093,0.41766745858,2.25,1.88235294118,0.786197569093,2.25,0.166339869281,0.0612244897959,3,0.00441176470588,0.185952380952,17,17,17,1,0,0.352941176471,0.411764705882,0.235294117647,17,0.128676470588,1.90196078431,4.11764705882,3.18181818182,2.69230769231,1.57648156274,0.382859808093,0.201680672269,2.01465221053,0.978545359402,0.524369747899,1.74894926439,0.849489642704,0.463865546218,0.814492905316,0.428238537847,2.33333333333,1.90196078431,0.814492905316,2.33333333333,0,0,0,0,0.164242424242,17,17,17,1,0,0.352941176471,0.411764705882,0.235294117647,17,38,0.139705882353,1.98764705882,4.47058823529,3.16666666667,2.92307692308,1.66274047354,0.371928790134,0.188854489164,2.04723630062,0.915868871331,0.495356037152,1.98523965067,0.888133527931,0.482972136223,0.792996921587,0.398962641817,2.35,1.98764705882,0.792996921587,2.35,0.162418300654,0.0584415584416,3,0.00441176470588,0.192081529582,17,17,17,1,0,0.294117647059,0.470588235294,0.235294117647,1,0.00367647058824,0.105294117647,0.117647058824,-0.19696969697,0.0769230769231,-0.030672370045,-0.0170984847437,-0.00510417538281,-0.0514327453931,-0.0483844741355,-0.0229269517195,0.106566777414,0.0249595050838,0.0123839009288,0.00679935249481,-0.0187048167638,0.1,0.105294117647,0.00679935249481,0.1,-0.00392156862745,-0.00278293135436,0,0,0.00612914862915,-0.0588235294118,0.0588235294118,0,37,1,0,234,1,0.995744680851,0.00425531914894,0,0.973684210526,1,0.986666666667,0.984652666406,0.995744680851,0.973684210526,3,2,0,0,0,0
3421,WLNM_dir_neg,1,0.5,00:00:00,10,80,31,1986366804,threshold_sweep,0.1,0.666666666667,1,0.8,2,1,0,3,1,0.75,0.25,0,0.666666666667,1,0.8,0.833333333333,0.5,0.666666666667,0.707106781187,0.75,37,35,2,0,37,0,35,0,2,17,37,0.136029411765,1.88235294118,4.35294117647,3.36363636364,2.84615384615,1.69341284359,0.389027274878,0.193958664547,2.09866904602,0.964253345467,0.518282988871,1.87867287326,0.863174022847,0.470588235294,0.786197569093,0.41766745858,2.25,1.88235294118,0.786197569093,2.25,0.166339869281,0.0612244897959,3,0.00441176470588,0.185952380952,17,17,17,1,0,0.352941176471,0.411764705882,0.235294117647,17,0.128676470588,1.90196078431,4.11764705882,3.18181818182,2.69230769231,1.57648156274,0.382859808093,0.201680672269,2.01465221053,0.978545359402,0.524369747899,1.74894926439,0.849489642704,0.463865546218,0.814492905316,0.428238537847,2.33333333333,1.90196078431,0.814492905316,2.33333333333,0,0,0,0,0.164242424242,17,17,17,1,0,0.352941176471,0.411764705882,0.235294117647,17,38,0.139705882353,1.95334224599,4.47058823529,3.45454545455,2.71428571429,1.87475488594,0.419353066592,0.201238390093,2.19457888229,0.981785289445,0.529411764706,1.82103719638,0.814674535221,0.442724458204,0.870642232038,0.445719245476,2.45454545455,1.95334224599,0.870642232038,2.45454545455,0.166339869281,0.0612244897959,3,0.00441176470588,0.178506493506,17,17,17,1,0,0.352941176471,0.470588235294,0.176470588235,1,0.00367647058824,0.0709893048128,0.117647058824,0.0909090909091,-0.131868131868,0.181342042353,0.0303257917137,0.00727972554598,0.0959098362728,0.0175319439782,0.0111287758347,-0.0576356768785,-0.0484994876259,-0.0278637770898,0.0844446629454,0.0280517868952,0.204545454545,0.0709893048128,0.0844446629454,0.204545454545,0,0,0,0,-0.00744588744589,0,0.0588235294118,-0.0588235294118,37,1,0,234,1,0.995744680851,0.00425531914894,0,0.973684210526,1,0.986666666667,0.984652666406,0.995744680851,0.973684210526,3,2,0,0,0,0
3422,WLNM_dir_neg,1,0.5,00:00:00,10,80,31,1986366804,threshold_sweep,0.2,1,1,1,2,0,0,4,1,1,0,0,1,1,1,1,0.555555555556,1,1,1,37,35,2,0,37,0,35,0,2,17,37,0.136029411765,1.88235294118,4.35294117647,3.36363636364,2.84615384615,1.69341284359,0.389027274878,0.193958664547,2.09866904602,0.964253345467,0.518282988871,1.87867287326,0.863174022847,0.470588235294,0.786197569093,0.41766745858,2.25,1.88235294118,0.786197569093,2.25,0.166339869281,0.0612244897959,3,0.00441176470588,0.185952380952,17,17,17,1,0,0.352941176471,0.411764705882,0.235294117647,17,0.128676470588,1.90196078431,4.11764705882,3.18181818182,2.69230769231,1.57648156274,0.382859808093,0.201680672269,2.01465221053,0.978545359402,0.524369747899,1.74894926439,0.849489642704,0.463865546218,0.814492905316,0.428238537847,2.33333333333,1.90196078431,0.814492905316,2.33333333333,0,0,0,0,0.164242424242,17,17,17,1,0,0.352941176471,0.411764705882,0.235294117647,17,37,0.136029411765,1.88235294118,4.35294117647,3.36363636364,2.84615384615,1.69341284359,0.389027274878,0.193958664547,2.09866904602,0.964253345467,0.518282988871,1.87867287326,0.863174022847,0.470588235294,0.786197569093,0.41766745858,2.25,1.88235294118,0.786197569093,2.25,0.166339869281,0.0612244897959,3,0.00441176470588,0.185952380952,17,17,17,1,0,0.352941176471,0.411764705882,0.235294117647,0,0,0,0,0,0,0,0,0,0,0,0,0,0,0,0,0,0,0,0,0,0,0,0,0,0,0,0,0,37,0,0,235,1,1,0,0,1,1,1,1,1,1,2,2,0,0,0,0
3423,WLNM_dir_neg,1,0.5,00:00:00,10,80,31,1986366804,threshold_sweep,0.3,1,1,1,2,0,0,4,1,1,0,0,1,1,1,1,0.555555555556,1,1,1,37,35,2,0,37,0,35,0,2,17,37,0.136029411765,1.88235294118,4.35294117647,3.36363636364,2.84615384615,1.69341284359,0.389027274878,0.193958664547,2.09866904602,0.964253345467,0.518282988871,1.87867287326,0.863174022847,0.470588235294,0.786197569093,0.41766745858,2.25,1.88235294118,0.786197569093,2.25,0.166339869281,0.0612244897959,3,0.00441176470588,0.185952380952,17,17,17,1,0,0.352941176471,0.411764705882,0.235294117647,17,0.128676470588,1.90196078431,4.11764705882,3.18181818182,2.69230769231,1.57648156274,0.382859808093,0.201680672269,2.01465221053,0.978545359402,0.524369747899,1.74894926439,0.849489642704,0.463865546218,0.814492905316,0.428238537847,2.33333333333,1.90196078431,0.814492905316,2.33333333333,0,0,0,0,0.164242424242,17,17,17,1,0,0.352941176471,0.411764705882,0.235294117647,17,37,0.136029411765,1.88235294118,4.35294117647,3.36363636364,2.84615384615,1.69341284359,0.389027274878,0.193958664547,2.09866904602,0.964253345467,0.518282988871,1.87867287326,0.863174022847,0.470588235294,0.786197569093,0.41766745858,2.25,1.88235294118,0.786197569093,2.25,0.166339869281,0.0612244897959,3,0.00441176470588,0.185952380952,17,17,17,1,0,0.352941176471,0.411764705882,0.235294117647,0,0,0,0,0,0,0,0,0,0,0,0,0,0,0,0,0,0,0,0,0,0,0,0,0,0,0,0,0,37,0,0,235,1,1,0,0,1,1,1,1,1,1,2,2,0,0,0,0
3424,WLNM_dir_neg,1,0.5,00:00:00,10,80,31,1986366804,threshold_sweep,0.4,1,1,1,2,0,0,4,1,1,0,0,1,1,1,1,0.555555555556,1,1,1,37,35,2,0,37,0,35,0,2,17,37,0.136029411765,1.88235294118,4.35294117647,3.36363636364,2.84615384615,1.69341284359,0.389027274878,0.193958664547,2.09866904602,0.964253345467,0.518282988871,1.87867287326,0.863174022847,0.470588235294,0.786197569093,0.41766745858,2.25,1.88235294118,0.786197569093,2.25,0.166339869281,0.0612244897959,3,0.00441176470588,0.185952380952,17,17,17,1,0,0.352941176471,0.411764705882,0.235294117647,17,0.128676470588,1.90196078431,4.11764705882,3.18181818182,2.69230769231,1.57648156274,0.382859808093,0.201680672269,2.01465221053,0.978545359402,0.524369747899,1.74894926439,0.849489642704,0.463865546218,0.814492905316,0.428238537847,2.33333333333,1.90196078431,0.814492905316,2.33333333333,0,0,0,0,0.164242424242,17,17,17,1,0,0.352941176471,0.411764705882,0.235294117647,17,37,0.136029411765,1.88235294118,4.35294117647,3.36363636364,2.84615384615,1.69341284359,0.389027274878,0.193958664547,2.09866904602,0.964253345467,0.518282988871,1.87867287326,0.863174022847,0.470588235294,0.786197569093,0.41766745858,2.25,1.88235294118,0.786197569093,2.25,0.166339869281,0.0612244897959,3,0.00441176470588,0.185952380952,17,17,17,1,0,0.352941176471,0.411764705882,0.235294117647,0,0,0,0,0,0,0,0,0,0,0,0,0,0,0,0,0,0,0,0,0,0,0,0,0,0,0,0,0,37,0,0,235,1,1,0,0,1,1,1,1,1,1,2,2,0,0,0,0
3425,WLNM_dir_neg,1,0.5,00:00:00,10,80,31,1986366804,threshold_sweep,0.5,1,1,1,2,0,0,4,1,1,0,0,1,1,1,1,0.555555555556,1,1,1,37,35,2,0,37,0,35,0,2,17,37,0.136029411765,1.88235294118,4.35294117647,3.36363636364,2.84615384615,1.69341284359,0.389027274878,0.193958664547,2.09866904602,0.964253345467,0.518282988871,1.87867287326,0.863174022847,0.470588235294,0.786197569093,0.41766745858,2.25,1.88235294118,0.786197569093,2.25,0.166339869281,0.0612244897959,3,0.00441176470588,0.185952380952,17,17,17,1,0,0.352941176471,0.411764705882,0.235294117647,17,0.128676470588,1.90196078431,4.11764705882,3.18181818182,2.69230769231,1.57648156274,0.382859808093,0.201680672269,2.01465221053,0.978545359402,0.524369747899,1.74894926439,0.849489642704,0.463865546218,0.814492905316,0.428238537847,2.33333333333,1.90196078431,0.814492905316,2.33333333333,0,0,0,0,0.164242424242,17,17,17,1,0,0.352941176471,0.411764705882,0.235294117647,17,37,0.136029411765,1.88235294118,4.35294117647,3.36363636364,2.84615384615,1.69341284359,0.389027274878,0.193958664547,2.09866904602,0.964253345467,0.518282988871,1.87867287326,0.863174022847,0.470588235294,0.786197569093,0.41766745858,2.25,1.88235294118,0.786197569093,2.25,0.166339869281,0.0612244897959,3,0.00441176470588,0.185952380952,17,17,17,1,0,0.352941176471,0.411764705882,0.235294117647,0,0,0,0,0,0,0,0,0,0,0,0,0,0,0,0,0,0,0,0,0,0,0,0,0,0,0,0,0,37,0,0,235,1,1,0,0,1,1,1,1,1,1,2,2,0,0,0,0
3426,WLNM_dir_neg,1,0.5,00:00:00,10,80,31,1986366804,threshold_sweep,0.6,1,1,1,2,0,0,4,1,1,0,0,1,1,1,1,0.555555555556,1,1,1,37,35,2,0,37,0,35,0,2,17,37,0.136029411765,1.88235294118,4.35294117647,3.36363636364,2.84615384615,1.69341284359,0.389027274878,0.193958664547,2.09866904602,0.964253345467,0.518282988871,1.87867287326,0.863174022847,0.470588235294,0.786197569093,0.41766745858,2.25,1.88235294118,0.786197569093,2.25,0.166339869281,0.0612244897959,3,0.00441176470588,0.185952380952,17,17,17,1,0,0.352941176471,0.411764705882,0.235294117647,17,0.128676470588,1.90196078431,4.11764705882,3.18181818182,2.69230769231,1.57648156274,0.382859808093,0.201680672269,2.01465221053,0.978545359402,0.524369747899,1.74894926439,0.849489642704,0.463865546218,0.814492905316,0.428238537847,2.33333333333,1.90196078431,0.814492905316,2.33333333333,0,0,0,0,0.164242424242,17,17,17,1,0,0.352941176471,0.411764705882,0.235294117647,17,37,0.136029411765,1.88235294118,4.35294117647,3.36363636364,2.84615384615,1.69341284359,0.389027274878,0.193958664547,2.09866904602,0.964253345467,0.518282988871,1.87867287326,0.863174022847,0.470588235294,0.786197569093,0.41766745858,2.25,1.88235294118,0.786197569093,2.25,0.166339869281,0.0612244897959,3,0.00441176470588,0.185952380952,17,17,17,1,0,0.352941176471,0.411764705882,0.235294117647,0,0,0,0,0,0,0,0,0,0,0,0,0,0,0,0,0,0,0,0,0,0,0,0,0,0,0,0,0,37,0,0,235,1,1,0,0,1,1,1,1,1,1,2,2,0,0,0,0
3427,WLNM_dir_neg,1,0.5,00:00:00,10,80,31,1986366804,threshold_sweep,0.7,1,1,1,2,0,0,4,1,1,0,0,1,1,1,1,0.555555555556,1,1,1,37,35,2,0,37,0,35,0,2,17,37,0.136029411765,1.88235294118,4.35294117647,3.36363636364,2.84615384615,1.69341284359,0.389027274878,0.193958664547,2.09866904602,0.964253345467,0.518282988871,1.87867287326,0.863174022847,0.470588235294,0.786197569093,0.41766745858,2.25,1.88235294118,0.786197569093,2.25,0.166339869281,0.0612244897959,3,0.00441176470588,0.185952380952,17,17,17,1,0,0.352941176471,0.411764705882,0.235294117647,17,0.128676470588,1.90196078431,4.11764705882,3.18181818182,2.69230769231,1.57648156274,0.382859808093,0.201680672269,2.01465221053,0.978545359402,0.524369747899,1.74894926439,0.849489642704,0.463865546218,0.814492905316,0.428238537847,2.33333333333,1.90196078431,0.814492905316,2.33333333333,0,0,0,0,0.164242424242,17,17,17,1,0,0.352941176471,0.411764705882,0.235294117647,17,37,0.136029411765,1.88235294118,4.35294117647,3.36363636364,2.84615384615,1.69341284359,0.389027274878,0.193958664547,2.09866904602,0.964253345467,0.518282988871,1.87867287326,0.863174022847,0.470588235294,0.786197569093,0.41766745858,2.25,1.88235294118,0.786197569093,2.25,0.166339869281,0.0612244897959,3,0.00441176470588,0.185952380952,17,17,17,1,0,0.352941176471,0.411764705882,0.235294117647,0,0,0,0,0,0,0,0,0,0,0,0,0,0,0,0,0,0,0,0,0,0,0,0,0,0,0,0,0,37,0,0,235,1,1,0,0,1,1,1,1,1,1,2,2,0,0,0,0
3428,WLNM_dir_neg,1,0.5,00:00:00,10,80,31,1986366804,threshold_sweep,0.8,1,1,1,2,0,0,4,1,1,0,0,1,1,1,1,0.555555555556,1,1,1,37,35,2,0,37,0,35,0,2,17,37,0.136029411765,1.88235294118,4.35294117647,3.36363636364,2.84615384615,1.69341284359,0.389027274878,0.193958664547,2.09866904602,0.964253345467,0.518282988871,1.87867287326,0.863174022847,0.470588235294,0.786197569093,0.41766745858,2.25,1.88235294118,0.786197569093,2.25,0.166339869281,0.0612244897959,3,0.00441176470588,0.185952380952,17,17,17,1,0,0.352941176471,0.411764705882,0.235294117647,17,0.128676470588,1.90196078431,4.11764705882,3.18181818182,2.69230769231,1.57648156274,0.382859808093,0.201680672269,2.01465221053,0.978545359402,0.524369747899,1.74894926439,0.849489642704,0.463865546218,0.814492905316,0.428238537847,2.33333333333,1.90196078431,0.814492905316,2.33333333333,0,0,0,0,0.164242424242,17,17,17,1,0,0.352941176471,0.411764705882,0.235294117647,17,37,0.136029411765,1.88235294118,4.35294117647,3.36363636364,2.84615384615,1.69341284359,0.389027274878,0.193958664547,2.09866904602,0.964253345467,0.518282988871,1.87867287326,0.863174022847,0.470588235294,0.786197569093,0.41766745858,2.25,1.88235294118,0.786197569093,2.25,0.166339869281,0.0612244897959,3,0.00441176470588,0.185952380952,17,17,17,1,0,0.352941176471,0.411764705882,0.235294117647,0,0,0,0,0,0,0,0,0,0,0,0,0,0,0,0,0,0,0,0,0,0,0,0,0,0,0,0,0,37,0,0,235,1,1,0,0,1,1,1,1,1,1,2,2,0,0,0,0
3429,WLNM_dir_neg,1,0.5,00:00:00,10,80,31,1986366804,threshold_sweep,0.9,1,1,1,2,0,0,4,1,1,0,0,1,1,1,1,0.555555555556,1,1,1,37,35,2,0,37,0,35,0,2,17,37,0.136029411765,1.88235294118,4.35294117647,3.36363636364,2.84615384615,1.69341284359,0.389027274878,0.193958664547,2.09866904602,0.964253345467,0.518282988871,1.87867287326,0.863174022847,0.470588235294,0.786197569093,0.41766745858,2.25,1.88235294118,0.786197569093,2.25,0.166339869281,0.0612244897959,3,0.00441176470588,0.185952380952,17,17,17,1,0,0.352941176471,0.411764705882,0.235294117647,17,0.128676470588,1.90196078431,4.11764705882,3.18181818182,2.69230769231,1.57648156274,0.382859808093,0.201680672269,2.01465221053,0.978545359402,0.524369747899,1.74894926439,0.849489642704,0.463865546218,0.814492905316,0.428238537847,2.33333333333,1.90196078431,0.814492905316,2.33333333333,0,0,0,0,0.164242424242,17,17,17,1,0,0.352941176471,0.411764705882,0.235294117647,17,37,0.136029411765,1.88235294118,4.35294117647,3.36363636364,2.84615384615,1.69341284359,0.389027274878,0.193958664547,2.09866904602,0.964253345467,0.518282988871,1.87867287326,0.863174022847,0.470588235294,0.786197569093,0.41766745858,2.25,1.88235294118,0.786197569093,2.25,0.166339869281,0.0612244897959,3,0.00441176470588,0.185952380952,17,17,17,1,0,0.352941176471,0.411764705882,0.235294117647,0,0,0,0,0,0,0,0,0,0,0,0,0,0,0,0,0,0,0,0,0,0,0,0,0,0,0,0,0,37,0,0,235,1,1,0,0,1,1,1,1,1,1,2,2,0,0,0,0
3430,WLNM_dir_neg,1,0.5,00:00:00,10,80,32,1986366805,threshold_sweep,0.1,1,1,1,2,0,0,4,1,1,0,0,1,1,1,1,0.555555555556,1,1,1,37,35,2,0,37,0,35,0,2,17,37,0.136029411765,1.88235294118,4.35294117647,3.36363636364,2.84615384615,1.69341284359,0.389027274878,0.193958664547,2.09866904602,0.964253345467,0.518282988871,1.87867287326,0.863174022847,0.470588235294,0.786197569093,0.41766745858,2.25,1.88235294118,0.786197569093,2.25,0.166339869281,0.0612244897959,3,0.00441176470588,0.185952380952,17,17,17,1,0,0.352941176471,0.411764705882,0.235294117647,17,0.128676470588,1.90196078431,4.11764705882,3.18181818182,2.69230769231,1.57648156274,0.382859808093,0.201680672269,2.01465221053,0.978545359402,0.524369747899,1.74894926439,0.849489642704,0.463865546218,0.814492905316,0.428238537847,2.33333333333,1.90196078431,0.814492905316,2.33333333333,0,0,0,0,0.164242424242,17,17,17,1,0,0.352941176471,0.411764705882,0.235294117647,17,37,0.136029411765,1.88235294118,4.35294117647,3.36363636364,2.84615384615,1.69341284359,0.389027274878,0.193958664547,2.09866904602,0.964253345467,0.518282988871,1.87867287326,0.863174022847,0.470588235294,0.786197569093,0.41766745858,2.25,1.88235294118,0.786197569093,2.25,0.166339869281,0.0612244897959,3,0.00441176470588,0.185952380952,17,17,17,1,0,0.352941176471,0.411764705882,0.235294117647,0,0,0,0,0,0,0,0,0,0,0,0,0,0,0,0,0,0,0,0,0,0,0,0,0,0,0,0,0,37,0,0,235,1,1,0,0,1,1,1,1,1,1,2,2,0,0,0,0
3431,WLNM_dir_neg,1,0.5,00:00:00,10,80,32,1986366805,threshold_sweep,0.2,1,1,1,2,0,0,4,1,1,0,0,1,1,1,1,0.555555555556,1,1,1,37,35,2,0,37,0,35,0,2,17,37,0.136029411765,1.88235294118,4.35294117647,3.36363636364,2.84615384615,1.69341284359,0.389027274878,0.193958664547,2.09866904602,0.964253345467,0.518282988871,1.87867287326,0.863174022847,0.470588235294,0.786197569093,0.41766745858,2.25,1.88235294118,0.786197569093,2.25,0.166339869281,0.0612244897959,3,0.00441176470588,0.185952380952,17,17,17,1,0,0.352941176471,0.411764705882,0.235294117647,17,0.128676470588,1.90196078431,4.11764705882,3.18181818182,2.69230769231,1.57648156274,0.382859808093,0.201680672269,2.01465221053,0.978545359402,0.524369747899,1.74894926439,0.849489642704,0.463865546218,0.814492905316,0.428238537847,2.33333333333,1.90196078431,0.814492905316,2.33333333333,0,0,0,0,0.164242424242,17,17,17,1,0,0.352941176471,0.411764705882,0.235294117647,17,37,0.136029411765,1.88235294118,4.35294117647,3.36363636364,2.84615384615,1.69341284359,0.389027274878,0.193958664547,2.09866904602,0.964253345467,0.518282988871,1.87867287326,0.863174022847,0.470588235294,0.786197569093,0.41766745858,2.25,1.88235294118,0.786197569093,2.25,0.166339869281,0.0612244897959,3,0.00441176470588,0.185952380952,17,17,17,1,0,0.352941176471,0.411764705882,0.235294117647,0,0,0,0,0,0,0,0,0,0,0,0,0,0,0,0,0,0,0,0,0,0,0,0,0,0,0,0,0,37,0,0,235,1,1,0,0,1,1,1,1,1,1,2,2,0,0,0,0
3432,WLNM_dir_neg,1,0.5,00:00:00,10,80,32,1986366805,threshold_sweep,0.3,1,1,1,2,0,0,4,1,1,0,0,1,1,1,1,0.555555555556,1,1,1,37,35,2,0,37,0,35,0,2,17,37,0.136029411765,1.88235294118,4.35294117647,3.36363636364,2.84615384615,1.69341284359,0.389027274878,0.193958664547,2.09866904602,0.964253345467,0.518282988871,1.87867287326,0.863174022847,0.470588235294,0.786197569093,0.41766745858,2.25,1.88235294118,0.786197569093,2.25,0.166339869281,0.0612244897959,3,0.00441176470588,0.185952380952,17,17,17,1,0,0.352941176471,0.411764705882,0.235294117647,17,0.128676470588,1.90196078431,4.11764705882,3.18181818182,2.69230769231,1.57648156274,0.382859808093,0.201680672269,2.01465221053,0.978545359402,0.524369747899,1.74894926439,0.849489642704,0.463865546218,0.814492905316,0.428238537847,2.33333333333,1.90196078431,0.814492905316,2.33333333333,0,0,0,0,0.164242424242,17,17,17,1,0,0.352941176471,0.411764705882,0.235294117647,17,37,0.136029411765,1.88235294118,4.35294117647,3.36363636364,2.84615384615,1.69341284359,0.389027274878,0.193958664547,2.09866904602,0.964253345467,0.518282988871,1.87867287326,0.863174022847,0.470588235294,0.786197569093,0.41766745858,2.25,1.88235294118,0.786197569093,2.25,0.166339869281,0.0612244897959,3,0.00441176470588,0.185952380952,17,17,17,1,0,0.352941176471,0.411764705882,0.235294117647,0,0,0,0,0,0,0,0,0,0,0,0,0,0,0,0,0,0,0,0,0,0,0,0,0,0,0,0,0,37,0,0,235,1,1,0,0,1,1,1,1,1,1,2,2,0,0,0,0
3433,WLNM_dir_neg,1,0.5,00:00:00,10,80,32,1986366805,threshold_sweep,0.4,1,1,1,2,0,0,4,1,1,0,0,1,1,1,1,0.555555555556,1,1,1,37,35,2,0,37,0,35,0,2,17,37,0.136029411765,1.88235294118,4.35294117647,3.36363636364,2.84615384615,1.69341284359,0.389027274878,0.193958664547,2.09866904602,0.964253345467,0.518282988871,1.87867287326,0.863174022847,0.470588235294,0.786197569093,0.41766745858,2.25,1.88235294118,0.786197569093,2.25,0.166339869281,0.0612244897959,3,0.00441176470588,0.185952380952,17,17,17,1,0,0.352941176471,0.411764705882,0.235294117647,17,0.128676470588,1.90196078431,4.11764705882,3.18181818182,2.69230769231,1.57648156274,0.382859808093,0.201680672269,2.01465221053,0.978545359402,0.524369747899,1.74894926439,0.849489642704,0.463865546218,0.814492905316,0.428238537847,2.33333333333,1.90196078431,0.814492905316,2.33333333333,0,0,0,0,0.164242424242,17,17,17,1,0,0.352941176471,0.411764705882,0.235294117647,17,37,0.136029411765,1.88235294118,4.35294117647,3.36363636364,2.84615384615,1.69341284359,0.389027274878,0.193958664547,2.09866904602,0.964253345467,0.518282988871,1.87867287326,0.863174022847,0.470588235294,0.786197569093,0.41766745858,2.25,1.88235294118,0.786197569093,2.25,0.166339869281,0.0612244897959,3,0.00441176470588,0.185952380952,17,17,17,1,0,0.352941176471,0.411764705882,0.235294117647,0,0,0,0,0,0,0,0,0,0,0,0,0,0,0,0,0,0,0,0,0,0,0,0,0,0,0,0,0,37,0,0,235,1,1,0,0,1,1,1,1,1,1,2,2,0,0,0,0
3434,WLNM_dir_neg,1,0.5,00:00:00,10,80,32,1986366805,threshold_sweep,0.5,1,1,1,2,0,0,4,1,1,0,0,1,1,1,1,0.555555555556,1,1,1,37,35,2,0,37,0,35,0,2,17,37,0.136029411765,1.88235294118,4.35294117647,3.36363636364,2.84615384615,1.69341284359,0.389027274878,0.193958664547,2.09866904602,0.964253345467,0.518282988871,1.87867287326,0.863174022847,0.470588235294,0.786197569093,0.41766745858,2.25,1.88235294118,0.786197569093,2.25,0.166339869281,0.0612244897959,3,0.00441176470588,0.185952380952,17,17,17,1,0,0.352941176471,0.411764705882,0.235294117647,17,0.128676470588,1.90196078431,4.11764705882,3.18181818182,2.69230769231,1.57648156274,0.382859808093,0.201680672269,2.01465221053,0.978545359402,0.524369747899,1.74894926439,0.849489642704,0.463865546218,0.814492905316,0.428238537847,2.33333333333,1.90196078431,0.814492905316,2.33333333333,0,0,0,0,0.164242424242,17,17,17,1,0,0.352941176471,0.411764705882,0.235294117647,17,37,0.136029411765,1.88235294118,4.35294117647,3.36363636364,2.84615384615,1.69341284359,0.389027274878,0.193958664547,2.09866904602,0.964253345467,0.518282988871,1.87867287326,0.863174022847,0.470588235294,0.786197569093,0.41766745858,2.25,1.88235294118,0.786197569093,2.25,0.166339869281,0.0612244897959,3,0.00441176470588,0.185952380952,17,17,17,1,0,0.352941176471,0.411764705882,0.235294117647,0,0,0,0,0,0,0,0,0,0,0,0,0,0,0,0,0,0,0,0,0,0,0,0,0,0,0,0,0,37,0,0,235,1,1,0,0,1,1,1,1,1,1,2,2,0,0,0,0
3435,WLNM_dir_neg,1,0.5,00:00:00,10,80,32,1986366805,threshold_sweep,0.6,1,1,1,2,0,0,4,1,1,0,0,1,1,1,1,0.555555555556,1,1,1,37,35,2,0,37,0,35,0,2,17,37,0.136029411765,1.88235294118,4.35294117647,3.36363636364,2.84615384615,1.69341284359,0.389027274878,0.193958664547,2.09866904602,0.964253345467,0.518282988871,1.87867287326,0.863174022847,0.470588235294,0.786197569093,0.41766745858,2.25,1.88235294118,0.786197569093,2.25,0.166339869281,0.0612244897959,3,0.00441176470588,0.185952380952,17,17,17,1,0,0.352941176471,0.411764705882,0.235294117647,17,0.128676470588,1.90196078431,4.11764705882,3.18181818182,2.69230769231,1.57648156274,0.382859808093,0.201680672269,2.01465221053,0.978545359402,0.524369747899,1.74894926439,0.849489642704,0.463865546218,0.814492905316,0.428238537847,2.33333333333,1.90196078431,0.814492905316,2.33333333333,0,0,0,0,0.164242424242,17,17,17,1,0,0.352941176471,0.411764705882,0.235294117647,17,37,0.136029411765,1.88235294118,4.35294117647,3.36363636364,2.84615384615,1.69341284359,0.389027274878,0.193958664547,2.09866904602,0.964253345467,0.518282988871,1.87867287326,0.863174022847,0.470588235294,0.786197569093,0.41766745858,2.25,1.88235294118,0.786197569093,2.25,0.166339869281,0.0612244897959,3,0.00441176470588,0.185952380952,17,17,17,1,0,0.352941176471,0.411764705882,0.235294117647,0,0,0,0,0,0,0,0,0,0,0,0,0,0,0,0,0,0,0,0,0,0,0,0,0,0,0,0,0,37,0,0,235,1,1,0,0,1,1,1,1,1,1,2,2,0,0,0,0
3436,WLNM_dir_neg,1,0.5,00:00:00,10,80,32,1986366805,threshold_sweep,0.7,1,1,1,2,0,0,4,1,1,0,0,1,1,1,1,0.555555555556,1,1,1,37,35,2,0,37,0,35,0,2,17,37,0.136029411765,1.88235294118,4.35294117647,3.36363636364,2.84615384615,1.69341284359,0.389027274878,0.193958664547,2.09866904602,0.964253345467,0.518282988871,1.87867287326,0.863174022847,0.470588235294,0.786197569093,0.41766745858,2.25,1.88235294118,0.786197569093,2.25,0.166339869281,0.0612244897959,3,0.00441176470588,0.185952380952,17,17,17,1,0,0.352941176471,0.411764705882,0.235294117647,17,0.128676470588,1.90196078431,4.11764705882,3.18181818182,2.69230769231,1.57648156274,0.382859808093,0.201680672269,2.01465221053,0.978545359402,0.524369747899,1.74894926439,0.849489642704,0.463865546218,0.814492905316,0.428238537847,2.33333333333,1.90196078431,0.814492905316,2.33333333333,0,0,0,0,0.164242424242,17,17,17,1,0,0.352941176471,0.411764705882,0.235294117647,17,37,0.136029411765,1.88235294118,4.35294117647,3.36363636364,2.84615384615,1.69341284359,0.389027274878,0.193958664547,2.09866904602,0.964253345467,0.518282988871,1.87867287326,0.863174022847,0.470588235294,0.786197569093,0.41766745858,2.25,1.88235294118,0.786197569093,2.25,0.166339869281,0.0612244897959,3,0.00441176470588,0.185952380952,17,17,17,1,0,0.352941176471,0.411764705882,0.235294117647,0,0,0,0,0,0,0,0,0,0,0,0,0,0,0,0,0,0,0,0,0,0,0,0,0,0,0,0,0,37,0,0,235,1,1,0,0,1,1,1,1,1,1,2,2,0,0,0,0
3437,WLNM_dir_neg,1,0.5,00:00:00,10,80,32,1986366805,threshold_sweep,0.8,1,1,1,2,0,0,4,1,1,0,0,1,1,1,1,0.555555555556,1,1,1,37,35,2,0,37,0,35,0,2,17,37,0.136029411765,1.88235294118,4.35294117647,3.36363636364,2.84615384615,1.69341284359,0.389027274878,0.193958664547,2.09866904602,0.964253345467,0.518282988871,1.87867287326,0.863174022847,0.470588235294,0.786197569093,0.41766745858,2.25,1.88235294118,0.786197569093,2.25,0.166339869281,0.0612244897959,3,0.00441176470588,0.185952380952,17,17,17,1,0,0.352941176471,0.411764705882,0.235294117647,17,0.128676470588,1.90196078431,4.11764705882,3.18181818182,2.69230769231,1.57648156274,0.382859808093,0.201680672269,2.01465221053,0.978545359402,0.524369747899,1.74894926439,0.849489642704,0.463865546218,0.814492905316,0.428238537847,2.33333333333,1.90196078431,0.814492905316,2.33333333333,0,0,0,0,0.164242424242,17,17,17,1,0,0.352941176471,0.411764705882,0.235294117647,17,37,0.136029411765,1.88235294118,4.35294117647,3.36363636364,2.84615384615,1.69341284359,0.389027274878,0.193958664547,2.09866904602,0.964253345467,0.518282988871,1.87867287326,0.863174022847,0.470588235294,0.786197569093,0.41766745858,2.25,1.88235294118,0.786197569093,2.25,0.166339869281,0.0612244897959,3,0.00441176470588,0.185952380952,17,17,17,1,0,0.352941176471,0.411764705882,0.235294117647,0,0,0,0,0,0,0,0,0,0,0,0,0,0,0,0,0,0,0,0,0,0,0,0,0,0,0,0,0,37,0,0,235,1,1,0,0,1,1,1,1,1,1,2,2,0,0,0,0
3438,WLNM_dir_neg,1,0.5,00:00:00,10,80,32,1986366805,threshold_sweep,0.9,1,1,1,2,0,0,4,1,1,0,0,1,1,1,1,0.555555555556,1,1,1,37,35,2,0,37,0,35,0,2,17,37,0.136029411765,1.88235294118,4.35294117647,3.36363636364,2.84615384615,1.69341284359,0.389027274878,0.193958664547,2.09866904602,0.964253345467,0.518282988871,1.87867287326,0.863174022847,0.470588235294,0.786197569093,0.41766745858,2.25,1.88235294118,0.786197569093,2.25,0.166339869281,0.0612244897959,3,0.00441176470588,0.185952380952,17,17,17,1,0,0.352941176471,0.411764705882,0.235294117647,17,0.128676470588,1.90196078431,4.11764705882,3.18181818182,2.69230769231,1.57648156274,0.382859808093,0.201680672269,2.01465221053,0.978545359402,0.524369747899,1.74894926439,0.849489642704,0.463865546218,0.814492905316,0.428238537847,2.33333333333,1.90196078431,0.814492905316,2.33333333333,0,0,0,0,0.164242424242,17,17,17,1,0,0.352941176471,0.411764705882,0.235294117647,17,37,0.136029411765,1.88235294118,4.35294117647,3.36363636364,2.84615384615,1.69341284359,0.389027274878,0.193958664547,2.09866904602,0.964253345467,0.518282988871,1.87867287326,0.863174022847,0.470588235294,0.786197569093,0.41766745858,2.25,1.88235294118,0.786197569093,2.25,0.166339869281,0.0612244897959,3,0.00441176470588,0.185952380952,17,17,17,1,0,0.352941176471,0.411764705882,0.235294117647,0,0,0,0,0,0,0,0,0,0,0,0,0,0,0,0,0,0,0,0,0,0,0,0,0,0,0,0,0,37,0,0,235,1,1,0,0,1,1,1,1,1,1,2,2,0,0,0,0
3439,WLNM_dir_neg,1,0.5,00:00:00,10,80,33,1986366806,threshold_sweep,0.1,1,1,1,2,0,0,4,1,1,0,0,1,1,1,1,0.555555555556,1,1,1,37,35,2,0,37,0,35,0,2,17,37,0.136029411765,1.88235294118,4.35294117647,3.36363636364,2.84615384615,1.69341284359,0.389027274878,0.193958664547,2.09866904602,0.964253345467,0.518282988871,1.87867287326,0.863174022847,0.470588235294,0.786197569093,0.41766745858,2.25,1.88235294118,0.786197569093,2.25,0.166339869281,0.0612244897959,3,0.00441176470588,0.185952380952,17,17,17,1,0,0.352941176471,0.411764705882,0.235294117647,17,0.128676470588,1.90196078431,4.11764705882,3.18181818182,2.69230769231,1.57648156274,0.382859808093,0.201680672269,2.01465221053,0.978545359402,0.524369747899,1.74894926439,0.849489642704,0.463865546218,0.814492905316,0.428238537847,2.33333333333,1.90196078431,0.814492905316,2.33333333333,0,0,0,0,0.164242424242,17,17,17,1,0,0.352941176471,0.411764705882,0.235294117647,17,37,0.136029411765,1.88235294118,4.35294117647,3.36363636364,2.84615384615,1.69341284359,0.389027274878,0.193958664547,2.09866904602,0.964253345467,0.518282988871,1.87867287326,0.863174022847,0.470588235294,0.786197569093,0.41766745858,2.25,1.88235294118,0.786197569093,2.25,0.166339869281,0.0612244897959,3,0.00441176470588,0.185952380952,17,17,17,1,0,0.352941176471,0.411764705882,0.235294117647,0,0,0,0,0,0,0,0,0,0,0,0,0,0,0,0,0,0,0,0,0,0,0,0,0,0,0,0,0,37,0,0,235,1,1,0,0,1,1,1,1,1,1,2,2,0,0,0,0
3440,WLNM_dir_neg,1,0.5,00:00:00,10,80,33,1986366806,threshold_sweep,0.2,1,1,1,2,0,0,4,1,1,0,0,1,1,1,1,0.555555555556,1,1,1,37,35,2,0,37,0,35,0,2,17,37,0.136029411765,1.88235294118,4.35294117647,3.36363636364,2.84615384615,1.69341284359,0.389027274878,0.193958664547,2.09866904602,0.964253345467,0.518282988871,1.87867287326,0.863174022847,0.470588235294,0.786197569093,0.41766745858,2.25,1.88235294118,0.786197569093,2.25,0.166339869281,0.0612244897959,3,0.00441176470588,0.185952380952,17,17,17,1,0,0.352941176471,0.411764705882,0.235294117647,17,0.128676470588,1.90196078431,4.11764705882,3.18181818182,2.69230769231,1.57648156274,0.382859808093,0.201680672269,2.01465221053,0.978545359402,0.524369747899,1.74894926439,0.849489642704,0.463865546218,0.814492905316,0.428238537847,2.33333333333,1.90196078431,0.814492905316,2.33333333333,0,0,0,0,0.164242424242,17,17,17,1,0,0.352941176471,0.411764705882,0.235294117647,17,37,0.136029411765,1.88235294118,4.35294117647,3.36363636364,2.84615384615,1.69341284359,0.389027274878,0.193958664547,2.09866904602,0.964253345467,0.518282988871,1.87867287326,0.863174022847,0.470588235294,0.786197569093,0.41766745858,2.25,1.88235294118,0.786197569093,2.25,0.166339869281,0.0612244897959,3,0.00441176470588,0.185952380952,17,17,17,1,0,0.352941176471,0.411764705882,0.235294117647,0,0,0,0,0,0,0,0,0,0,0,0,0,0,0,0,0,0,0,0,0,0,0,0,0,0,0,0,0,37,0,0,235,1,1,0,0,1,1,1,1,1,1,2,2,0,0,0,0
3441,WLNM_dir_neg,1,0.5,00:00:00,10,80,33,1986366806,threshold_sweep,0.3,1,1,1,2,0,0,4,1,1,0,0,1,1,1,1,0.555555555556,1,1,1,37,35,2,0,37,0,35,0,2,17,37,0.136029411765,1.88235294118,4.35294117647,3.36363636364,2.84615384615,1.69341284359,0.389027274878,0.193958664547,2.09866904602,0.964253345467,0.518282988871,1.87867287326,0.863174022847,0.470588235294,0.786197569093,0.41766745858,2.25,1.88235294118,0.786197569093,2.25,0.166339869281,0.0612244897959,3,0.00441176470588,0.185952380952,17,17,17,1,0,0.352941176471,0.411764705882,0.235294117647,17,0.128676470588,1.90196078431,4.11764705882,3.18181818182,2.69230769231,1.57648156274,0.382859808093,0.201680672269,2.01465221053,0.978545359402,0.524369747899,1.74894926439,0.849489642704,0.463865546218,0.814492905316,0.428238537847,2.33333333333,1.90196078431,0.814492905316,2.33333333333,0,0,0,0,0.164242424242,17,17,17,1,0,0.352941176471,0.411764705882,0.235294117647,17,37,0.136029411765,1.88235294118,4.35294117647,3.36363636364,2.84615384615,1.69341284359,0.389027274878,0.193958664547,2.09866904602,0.964253345467,0.518282988871,1.87867287326,0.863174022847,0.470588235294,0.786197569093,0.41766745858,2.25,1.88235294118,0.786197569093,2.25,0.166339869281,0.0612244897959,3,0.00441176470588,0.185952380952,17,17,17,1,0,0.352941176471,0.411764705882,0.235294117647,0,0,0,0,0,0,0,0,0,0,0,0,0,0,0,0,0,0,0,0,0,0,0,0,0,0,0,0,0,37,0,0,235,1,1,0,0,1,1,1,1,1,1,2,2,0,0,0,0
3442,WLNM_dir_neg,1,0.5,00:00:00,10,80,33,1986366806,threshold_sweep,0.4,1,1,1,2,0,0,4,1,1,0,0,1,1,1,1,0.555555555556,1,1,1,37,35,2,0,37,0,35,0,2,17,37,0.136029411765,1.88235294118,4.35294117647,3.36363636364,2.84615384615,1.69341284359,0.389027274878,0.193958664547,2.09866904602,0.964253345467,0.518282988871,1.87867287326,0.863174022847,0.470588235294,0.786197569093,0.41766745858,2.25,1.88235294118,0.786197569093,2.25,0.166339869281,0.0612244897959,3,0.00441176470588,0.185952380952,17,17,17,1,0,0.352941176471,0.411764705882,0.235294117647,17,0.128676470588,1.90196078431,4.11764705882,3.18181818182,2.69230769231,1.57648156274,0.382859808093,0.201680672269,2.01465221053,0.978545359402,0.524369747899,1.74894926439,0.849489642704,0.463865546218,0.814492905316,0.428238537847,2.33333333333,1.90196078431,0.814492905316,2.33333333333,0,0,0,0,0.164242424242,17,17,17,1,0,0.352941176471,0.411764705882,0.235294117647,17,37,0.136029411765,1.88235294118,4.35294117647,3.36363636364,2.84615384615,1.69341284359,0.389027274878,0.193958664547,2.09866904602,0.964253345467,0.518282988871,1.87867287326,0.863174022847,0.470588235294,0.786197569093,0.41766745858,2.25,1.88235294118,0.786197569093,2.25,0.166339869281,0.0612244897959,3,0.00441176470588,0.185952380952,17,17,17,1,0,0.352941176471,0.411764705882,0.235294117647,0,0,0,0,0,0,0,0,0,0,0,0,0,0,0,0,0,0,0,0,0,0,0,0,0,0,0,0,0,37,0,0,235,1,1,0,0,1,1,1,1,1,1,2,2,0,0,0,0
3443,WLNM_dir_neg,1,0.5,00:00:00,10,80,33,1986366806,threshold_sweep,0.5,1,1,1,2,0,0,4,1,1,0,0,1,1,1,1,0.555555555556,1,1,1,37,35,2,0,37,0,35,0,2,17,37,0.136029411765,1.88235294118,4.35294117647,3.36363636364,2.84615384615,1.69341284359,0.389027274878,0.193958664547,2.09866904602,0.964253345467,0.518282988871,1.87867287326,0.863174022847,0.470588235294,0.786197569093,0.41766745858,2.25,1.88235294118,0.786197569093,2.25,0.166339869281,0.0612244897959,3,0.00441176470588,0.185952380952,17,17,17,1,0,0.352941176471,0.411764705882,0.235294117647,17,0.128676470588,1.90196078431,4.11764705882,3.18181818182,2.69230769231,1.57648156274,0.382859808093,0.201680672269,2.01465221053,0.978545359402,0.524369747899,1.74894926439,0.849489642704,0.463865546218,0.814492905316,0.428238537847,2.33333333333,1.90196078431,0.814492905316,2.33333333333,0,0,0,0,0.164242424242,17,17,17,1,0,0.352941176471,0.411764705882,0.235294117647,17,37,0.136029411765,1.88235294118,4.35294117647,3.36363636364,2.84615384615,1.69341284359,0.389027274878,0.193958664547,2.09866904602,0.964253345467,0.518282988871,1.87867287326,0.863174022847,0.470588235294,0.786197569093,0.41766745858,2.25,1.88235294118,0.786197569093,2.25,0.166339869281,0.0612244897959,3,0.00441176470588,0.185952380952,17,17,17,1,0,0.352941176471,0.411764705882,0.235294117647,0,0,0,0,0,0,0,0,0,0,0,0,0,0,0,0,0,0,0,0,0,0,0,0,0,0,0,0,0,37,0,0,235,1,1,0,0,1,1,1,1,1,1,2,2,0,0,0,0
3444,WLNM_dir_neg,1,0.5,00:00:00,10,80,33,1986366806,threshold_sweep,0.6,1,1,1,2,0,0,4,1,1,0,0,1,1,1,1,0.555555555556,1,1,1,37,35,2,0,37,0,35,0,2,17,37,0.136029411765,1.88235294118,4.35294117647,3.36363636364,2.84615384615,1.69341284359,0.389027274878,0.193958664547,2.09866904602,0.964253345467,0.518282988871,1.87867287326,0.863174022847,0.470588235294,0.786197569093,0.41766745858,2.25,1.88235294118,0.786197569093,2.25,0.166339869281,0.0612244897959,3,0.00441176470588,0.185952380952,17,17,17,1,0,0.352941176471,0.411764705882,0.235294117647,17,0.128676470588,1.90196078431,4.11764705882,3.18181818182,2.69230769231,1.57648156274,0.382859808093,0.201680672269,2.01465221053,0.978545359402,0.524369747899,1.74894926439,0.849489642704,0.463865546218,0.814492905316,0.428238537847,2.33333333333,1.90196078431,0.814492905316,2.33333333333,0,0,0,0,0.164242424242,17,17,17,1,0,0.352941176471,0.411764705882,0.235294117647,17,37,0.136029411765,1.88235294118,4.35294117647,3.36363636364,2.84615384615,1.69341284359,0.389027274878,0.193958664547,2.09866904602,0.964253345467,0.518282988871,1.87867287326,0.863174022847,0.470588235294,0.786197569093,0.41766745858,2.25,1.88235294118,0.786197569093,2.25,0.166339869281,0.0612244897959,3,0.00441176470588,0.185952380952,17,17,17,1,0,0.352941176471,0.411764705882,0.235294117647,0,0,0,0,0,0,0,0,0,0,0,0,0,0,0,0,0,0,0,0,0,0,0,0,0,0,0,0,0,37,0,0,235,1,1,0,0,1,1,1,1,1,1,2,2,0,0,0,0
3445,WLNM_dir_neg,1,0.5,00:00:00,10,80,33,1986366806,threshold_sweep,0.7,1,1,1,2,0,0,4,1,1,0,0,1,1,1,1,0.555555555556,1,1,1,37,35,2,0,37,0,35,0,2,17,37,0.136029411765,1.88235294118,4.35294117647,3.36363636364,2.84615384615,1.69341284359,0.389027274878,0.193958664547,2.09866904602,0.964253345467,0.518282988871,1.87867287326,0.863174022847,0.470588235294,0.786197569093,0.41766745858,2.25,1.88235294118,0.786197569093,2.25,0.166339869281,0.0612244897959,3,0.00441176470588,0.185952380952,17,17,17,1,0,0.352941176471,0.411764705882,0.235294117647,17,0.128676470588,1.90196078431,4.11764705882,3.18181818182,2.69230769231,1.57648156274,0.382859808093,0.201680672269,2.01465221053,0.978545359402,0.524369747899,1.74894926439,0.849489642704,0.463865546218,0.814492905316,0.428238537847,2.33333333333,1.90196078431,0.814492905316,2.33333333333,0,0,0,0,0.164242424242,17,17,17,1,0,0.352941176471,0.411764705882,0.235294117647,17,37,0.136029411765,1.88235294118,4.35294117647,3.36363636364,2.84615384615,1.69341284359,0.389027274878,0.193958664547,2.09866904602,0.964253345467,0.518282988871,1.87867287326,0.863174022847,0.470588235294,0.786197569093,0.41766745858,2.25,1.88235294118,0.786197569093,2.25,0.166339869281,0.0612244897959,3,0.00441176470588,0.185952380952,17,17,17,1,0,0.352941176471,0.411764705882,0.235294117647,0,0,0,0,0,0,0,0,0,0,0,0,0,0,0,0,0,0,0,0,0,0,0,0,0,0,0,0,0,37,0,0,235,1,1,0,0,1,1,1,1,1,1,2,2,0,0,0,0
3446,WLNM_dir_neg,1,0.5,00:00:00,10,80,33,1986366806,threshold_sweep,0.8,1,1,1,2,0,0,4,1,1,0,0,1,1,1,1,0.555555555556,1,1,1,37,35,2,0,37,0,35,0,2,17,37,0.136029411765,1.88235294118,4.35294117647,3.36363636364,2.84615384615,1.69341284359,0.389027274878,0.193958664547,2.09866904602,0.964253345467,0.518282988871,1.87867287326,0.863174022847,0.470588235294,0.786197569093,0.41766745858,2.25,1.88235294118,0.786197569093,2.25,0.166339869281,0.0612244897959,3,0.00441176470588,0.185952380952,17,17,17,1,0,0.352941176471,0.411764705882,0.235294117647,17,0.128676470588,1.90196078431,4.11764705882,3.18181818182,2.69230769231,1.57648156274,0.382859808093,0.201680672269,2.01465221053,0.978545359402,0.524369747899,1.74894926439,0.849489642704,0.463865546218,0.814492905316,0.428238537847,2.33333333333,1.90196078431,0.814492905316,2.33333333333,0,0,0,0,0.164242424242,17,17,17,1,0,0.352941176471,0.411764705882,0.235294117647,17,37,0.136029411765,1.88235294118,4.35294117647,3.36363636364,2.84615384615,1.69341284359,0.389027274878,0.193958664547,2.09866904602,0.964253345467,0.518282988871,1.87867287326,0.863174022847,0.470588235294,0.786197569093,0.41766745858,2.25,1.88235294118,0.786197569093,2.25,0.166339869281,0.0612244897959,3,0.00441176470588,0.185952380952,17,17,17,1,0,0.352941176471,0.411764705882,0.235294117647,0,0,0,0,0,0,0,0,0,0,0,0,0,0,0,0,0,0,0,0,0,0,0,0,0,0,0,0,0,37,0,0,235,1,1,0,0,1,1,1,1,1,1,2,2,0,0,0,0
3447,WLNM_dir_neg,1,0.5,00:00:00,10,80,33,1986366806,threshold_sweep,0.9,1,1,1,2,0,0,4,1,1,0,0,1,1,1,1,0.555555555556,1,1,1,37,35,2,0,37,0,35,0,2,17,37,0.136029411765,1.88235294118,4.35294117647,3.36363636364,2.84615384615,1.69341284359,0.389027274878,0.193958664547,2.09866904602,0.964253345467,0.518282988871,1.87867287326,0.863174022847,0.470588235294,0.786197569093,0.41766745858,2.25,1.88235294118,0.786197569093,2.25,0.166339869281,0.0612244897959,3,0.00441176470588,0.185952380952,17,17,17,1,0,0.352941176471,0.411764705882,0.235294117647,17,0.128676470588,1.90196078431,4.11764705882,3.18181818182,2.69230769231,1.57648156274,0.382859808093,0.201680672269,2.01465221053,0.978545359402,0.524369747899,1.74894926439,0.849489642704,0.463865546218,0.814492905316,0.428238537847,2.33333333333,1.90196078431,0.814492905316,2.33333333333,0,0,0,0,0.164242424242,17,17,17,1,0,0.352941176471,0.411764705882,0.235294117647,17,37,0.136029411765,1.88235294118,4.35294117647,3.36363636364,2.84615384615,1.69341284359,0.389027274878,0.193958664547,2.09866904602,0.964253345467,0.518282988871,1.87867287326,0.863174022847,0.470588235294,0.786197569093,0.41766745858,2.25,1.88235294118,0.786197569093,2.25,0.166339869281,0.0612244897959,3,0.00441176470588,0.185952380952,17,17,17,1,0,0.352941176471,0.411764705882,0.235294117647,0,0,0,0,0,0,0,0,0,0,0,0,0,0,0,0,0,0,0,0,0,0,0,0,0,0,0,0,0,37,0,0,235,1,1,0,0,1,1,1,1,1,1,2,2,0,0,0,0
3448,WLNM_dir_neg,1,0.5,00:00:00,10,80,34,1986366807,threshold_sweep,0.1,1,1,1,2,0,0,4,1,1,0,0,1,1,1,1,0.555555555556,1,1,1,37,35,2,0,37,0,35,0,2,17,37,0.136029411765,1.88235294118,4.35294117647,3.36363636364,2.84615384615,1.69341284359,0.389027274878,0.193958664547,2.09866904602,0.964253345467,0.518282988871,1.87867287326,0.863174022847,0.470588235294,0.786197569093,0.41766745858,2.25,1.88235294118,0.786197569093,2.25,0.166339869281,0.0612244897959,3,0.00441176470588,0.185952380952,17,17,17,1,0,0.352941176471,0.411764705882,0.235294117647,17,0.128676470588,1.90196078431,4.11764705882,3.18181818182,2.69230769231,1.57648156274,0.382859808093,0.201680672269,2.01465221053,0.978545359402,0.524369747899,1.74894926439,0.849489642704,0.463865546218,0.814492905316,0.428238537847,2.33333333333,1.90196078431,0.814492905316,2.33333333333,0,0,0,0,0.164242424242,17,17,17,1,0,0.352941176471,0.411764705882,0.235294117647,17,37,0.136029411765,1.88235294118,4.35294117647,3.36363636364,2.84615384615,1.69341284359,0.389027274878,0.193958664547,2.09866904602,0.964253345467,0.518282988871,1.87867287326,0.863174022847,0.470588235294,0.786197569093,0.41766745858,2.25,1.88235294118,0.786197569093,2.25,0.166339869281,0.0612244897959,3,0.00441176470588,0.185952380952,17,17,17,1,0,0.352941176471,0.411764705882,0.235294117647,0,0,0,0,0,0,0,0,0,0,0,0,0,0,0,0,0,0,0,0,0,0,0,0,0,0,0,0,0,37,0,0,235,1,1,0,0,1,1,1,1,1,1,2,2,0,0,0,0
3449,WLNM_dir_neg,1,0.5,00:00:00,10,80,34,1986366807,threshold_sweep,0.2,1,1,1,2,0,0,4,1,1,0,0,1,1,1,1,0.555555555556,1,1,1,37,35,2,0,37,0,35,0,2,17,37,0.136029411765,1.88235294118,4.35294117647,3.36363636364,2.84615384615,1.69341284359,0.389027274878,0.193958664547,2.09866904602,0.964253345467,0.518282988871,1.87867287326,0.863174022847,0.470588235294,0.786197569093,0.41766745858,2.25,1.88235294118,0.786197569093,2.25,0.166339869281,0.0612244897959,3,0.00441176470588,0.185952380952,17,17,17,1,0,0.352941176471,0.411764705882,0.235294117647,17,0.128676470588,1.90196078431,4.11764705882,3.18181818182,2.69230769231,1.57648156274,0.382859808093,0.201680672269,2.01465221053,0.978545359402,0.524369747899,1.74894926439,0.849489642704,0.463865546218,0.814492905316,0.428238537847,2.33333333333,1.90196078431,0.814492905316,2.33333333333,0,0,0,0,0.164242424242,17,17,17,1,0,0.352941176471,0.411764705882,0.235294117647,17,37,0.136029411765,1.88235294118,4.35294117647,3.36363636364,2.84615384615,1.69341284359,0.389027274878,0.193958664547,2.09866904602,0.964253345467,0.518282988871,1.87867287326,0.863174022847,0.470588235294,0.786197569093,0.41766745858,2.25,1.88235294118,0.786197569093,2.25,0.166339869281,0.0612244897959,3,0.00441176470588,0.185952380952,17,17,17,1,0,0.352941176471,0.411764705882,0.235294117647,0,0,0,0,0,0,0,0,0,0,0,0,0,0,0,0,0,0,0,0,0,0,0,0,0,0,0,0,0,37,0,0,235,1,1,0,0,1,1,1,1,1,1,2,2,0,0,0,0
3450,WLNM_dir_neg,1,0.5,00:00:00,10,80,34,1986366807,threshold_sweep,0.3,1,1,1,2,0,0,4,1,1,0,0,1,1,1,1,0.555555555556,1,1,1,37,35,2,0,37,0,35,0,2,17,37,0.136029411765,1.88235294118,4.35294117647,3.36363636364,2.84615384615,1.69341284359,0.389027274878,0.193958664547,2.09866904602,0.964253345467,0.518282988871,1.87867287326,0.863174022847,0.470588235294,0.786197569093,0.41766745858,2.25,1.88235294118,0.786197569093,2.25,0.166339869281,0.0612244897959,3,0.00441176470588,0.185952380952,17,17,17,1,0,0.352941176471,0.411764705882,0.235294117647,17,0.128676470588,1.90196078431,4.11764705882,3.18181818182,2.69230769231,1.57648156274,0.382859808093,0.201680672269,2.01465221053,0.978545359402,0.524369747899,1.74894926439,0.849489642704,0.463865546218,0.814492905316,0.428238537847,2.33333333333,1.90196078431,0.814492905316,2.33333333333,0,0,0,0,0.164242424242,17,17,17,1,0,0.352941176471,0.411764705882,0.235294117647,17,37,0.136029411765,1.88235294118,4.35294117647,3.36363636364,2.84615384615,1.69341284359,0.389027274878,0.193958664547,2.09866904602,0.964253345467,0.518282988871,1.87867287326,0.863174022847,0.470588235294,0.786197569093,0.41766745858,2.25,1.88235294118,0.786197569093,2.25,0.166339869281,0.0612244897959,3,0.00441176470588,0.185952380952,17,17,17,1,0,0.352941176471,0.411764705882,0.235294117647,0,0,0,0,0,0,0,0,0,0,0,0,0,0,0,0,0,0,0,0,0,0,0,0,0,0,0,0,0,37,0,0,235,1,1,0,0,1,1,1,1,1,1,2,2,0,0,0,0
3451,WLNM_dir_neg,1,0.5,00:00:00,10,80,34,1986366807,threshold_sweep,0.4,1,1,1,2,0,0,4,1,1,0,0,1,1,1,1,0.555555555556,1,1,1,37,35,2,0,37,0,35,0,2,17,37,0.136029411765,1.88235294118,4.35294117647,3.36363636364,2.84615384615,1.69341284359,0.389027274878,0.193958664547,2.09866904602,0.964253345467,0.518282988871,1.87867287326,0.863174022847,0.470588235294,0.786197569093,0.41766745858,2.25,1.88235294118,0.786197569093,2.25,0.166339869281,0.0612244897959,3,0.00441176470588,0.185952380952,17,17,17,1,0,0.352941176471,0.411764705882,0.235294117647,17,0.128676470588,1.90196078431,4.11764705882,3.18181818182,2.69230769231,1.57648156274,0.382859808093,0.201680672269,2.01465221053,0.978545359402,0.524369747899,1.74894926439,0.849489642704,0.463865546218,0.814492905316,0.428238537847,2.33333333333,1.90196078431,0.814492905316,2.33333333333,0,0,0,0,0.164242424242,17,17,17,1,0,0.352941176471,0.411764705882,0.235294117647,17,37,0.136029411765,1.88235294118,4.35294117647,3.36363636364,2.84615384615,1.69341284359,0.389027274878,0.193958664547,2.09866904602,0.964253345467,0.518282988871,1.87867287326,0.863174022847,0.470588235294,0.786197569093,0.41766745858,2.25,1.88235294118,0.786197569093,2.25,0.166339869281,0.0612244897959,3,0.00441176470588,0.185952380952,17,17,17,1,0,0.352941176471,0.411764705882,0.235294117647,0,0,0,0,0,0,0,0,0,0,0,0,0,0,0,0,0,0,0,0,0,0,0,0,0,0,0,0,0,37,0,0,235,1,1,0,0,1,1,1,1,1,1,2,2,0,0,0,0
3452,WLNM_dir_neg,1,0.5,00:00:00,10,80,34,1986366807,threshold_sweep,0.5,1,1,1,2,0,0,4,1,1,0,0,1,1,1,1,0.555555555556,1,1,1,37,35,2,0,37,0,35,0,2,17,37,0.136029411765,1.88235294118,4.35294117647,3.36363636364,2.84615384615,1.69341284359,0.389027274878,0.193958664547,2.09866904602,0.964253345467,0.518282988871,1.87867287326,0.863174022847,0.470588235294,0.786197569093,0.41766745858,2.25,1.88235294118,0.786197569093,2.25,0.166339869281,0.0612244897959,3,0.00441176470588,0.185952380952,17,17,17,1,0,0.352941176471,0.411764705882,0.235294117647,17,0.128676470588,1.90196078431,4.11764705882,3.18181818182,2.69230769231,1.57648156274,0.382859808093,0.201680672269,2.01465221053,0.978545359402,0.524369747899,1.74894926439,0.849489642704,0.463865546218,0.814492905316,0.428238537847,2.33333333333,1.90196078431,0.814492905316,2.33333333333,0,0,0,0,0.164242424242,17,17,17,1,0,0.352941176471,0.411764705882,0.235294117647,17,37,0.136029411765,1.88235294118,4.35294117647,3.36363636364,2.84615384615,1.69341284359,0.389027274878,0.193958664547,2.09866904602,0.964253345467,0.518282988871,1.87867287326,0.863174022847,0.470588235294,0.786197569093,0.41766745858,2.25,1.88235294118,0.786197569093,2.25,0.166339869281,0.0612244897959,3,0.00441176470588,0.185952380952,17,17,17,1,0,0.352941176471,0.411764705882,0.235294117647,0,0,0,0,0,0,0,0,0,0,0,0,0,0,0,0,0,0,0,0,0,0,0,0,0,0,0,0,0,37,0,0,235,1,1,0,0,1,1,1,1,1,1,2,2,0,0,0,0
3453,WLNM_dir_neg,1,0.5,00:00:00,10,80,34,1986366807,threshold_sweep,0.6,1,1,1,2,0,0,4,1,1,0,0,1,1,1,1,0.555555555556,1,1,1,37,35,2,0,37,0,35,0,2,17,37,0.136029411765,1.88235294118,4.35294117647,3.36363636364,2.84615384615,1.69341284359,0.389027274878,0.193958664547,2.09866904602,0.964253345467,0.518282988871,1.87867287326,0.863174022847,0.470588235294,0.786197569093,0.41766745858,2.25,1.88235294118,0.786197569093,2.25,0.166339869281,0.0612244897959,3,0.00441176470588,0.185952380952,17,17,17,1,0,0.352941176471,0.411764705882,0.235294117647,17,0.128676470588,1.90196078431,4.11764705882,3.18181818182,2.69230769231,1.57648156274,0.382859808093,0.201680672269,2.01465221053,0.978545359402,0.524369747899,1.74894926439,0.849489642704,0.463865546218,0.814492905316,0.428238537847,2.33333333333,1.90196078431,0.814492905316,2.33333333333,0,0,0,0,0.164242424242,17,17,17,1,0,0.352941176471,0.411764705882,0.235294117647,17,37,0.136029411765,1.88235294118,4.35294117647,3.36363636364,2.84615384615,1.69341284359,0.389027274878,0.193958664547,2.09866904602,0.964253345467,0.518282988871,1.87867287326,0.863174022847,0.470588235294,0.786197569093,0.41766745858,2.25,1.88235294118,0.786197569093,2.25,0.166339869281,0.0612244897959,3,0.00441176470588,0.185952380952,17,17,17,1,0,0.352941176471,0.411764705882,0.235294117647,0,0,0,0,0,0,0,0,0,0,0,0,0,0,0,0,0,0,0,0,0,0,0,0,0,0,0,0,0,37,0,0,235,1,1,0,0,1,1,1,1,1,1,2,2,0,0,0,0
3454,WLNM_dir_neg,1,0.5,00:00:00,10,80,34,1986366807,threshold_sweep,0.7,1,1,1,2,0,0,4,1,1,0,0,1,1,1,1,0.555555555556,1,1,1,37,35,2,0,37,0,35,0,2,17,37,0.136029411765,1.88235294118,4.35294117647,3.36363636364,2.84615384615,1.69341284359,0.389027274878,0.193958664547,2.09866904602,0.964253345467,0.518282988871,1.87867287326,0.863174022847,0.470588235294,0.786197569093,0.41766745858,2.25,1.88235294118,0.786197569093,2.25,0.166339869281,0.0612244897959,3,0.00441176470588,0.185952380952,17,17,17,1,0,0.352941176471,0.411764705882,0.235294117647,17,0.128676470588,1.90196078431,4.11764705882,3.18181818182,2.69230769231,1.57648156274,0.382859808093,0.201680672269,2.01465221053,0.978545359402,0.524369747899,1.74894926439,0.849489642704,0.463865546218,0.814492905316,0.428238537847,2.33333333333,1.90196078431,0.814492905316,2.33333333333,0,0,0,0,0.164242424242,17,17,17,1,0,0.352941176471,0.411764705882,0.235294117647,17,37,0.136029411765,1.88235294118,4.35294117647,3.36363636364,2.84615384615,1.69341284359,0.389027274878,0.193958664547,2.09866904602,0.964253345467,0.518282988871,1.87867287326,0.863174022847,0.470588235294,0.786197569093,0.41766745858,2.25,1.88235294118,0.786197569093,2.25,0.166339869281,0.0612244897959,3,0.00441176470588,0.185952380952,17,17,17,1,0,0.352941176471,0.411764705882,0.235294117647,0,0,0,0,0,0,0,0,0,0,0,0,0,0,0,0,0,0,0,0,0,0,0,0,0,0,0,0,0,37,0,0,235,1,1,0,0,1,1,1,1,1,1,2,2,0,0,0,0
3455,WLNM_dir_neg,1,0.5,00:00:00,10,80,34,1986366807,threshold_sweep,0.8,1,1,1,2,0,0,4,1,1,0,0,1,1,1,1,0.555555555556,1,1,1,37,35,2,0,37,0,35,0,2,17,37,0.136029411765,1.88235294118,4.35294117647,3.36363636364,2.84615384615,1.69341284359,0.389027274878,0.193958664547,2.09866904602,0.964253345467,0.518282988871,1.87867287326,0.863174022847,0.470588235294,0.786197569093,0.41766745858,2.25,1.88235294118,0.786197569093,2.25,0.166339869281,0.0612244897959,3,0.00441176470588,0.185952380952,17,17,17,1,0,0.352941176471,0.411764705882,0.235294117647,17,0.128676470588,1.90196078431,4.11764705882,3.18181818182,2.69230769231,1.57648156274,0.382859808093,0.201680672269,2.01465221053,0.978545359402,0.524369747899,1.74894926439,0.849489642704,0.463865546218,0.814492905316,0.428238537847,2.33333333333,1.90196078431,0.814492905316,2.33333333333,0,0,0,0,0.164242424242,17,17,17,1,0,0.352941176471,0.411764705882,0.235294117647,17,37,0.136029411765,1.88235294118,4.35294117647,3.36363636364,2.84615384615,1.69341284359,0.389027274878,0.193958664547,2.09866904602,0.964253345467,0.518282988871,1.87867287326,0.863174022847,0.470588235294,0.786197569093,0.41766745858,2.25,1.88235294118,0.786197569093,2.25,0.166339869281,0.0612244897959,3,0.00441176470588,0.185952380952,17,17,17,1,0,0.352941176471,0.411764705882,0.235294117647,0,0,0,0,0,0,0,0,0,0,0,0,0,0,0,0,0,0,0,0,0,0,0,0,0,0,0,0,0,37,0,0,235,1,1,0,0,1,1,1,1,1,1,2,2,0,0,0,0
3456,WLNM_dir_neg,1,0.5,00:00:00,10,80,34,1986366807,threshold_sweep,0.9,1,1,1,2,0,0,4,1,1,0,0,1,1,1,1,0.555555555556,1,1,1,37,35,2,0,37,0,35,0,2,17,37,0.136029411765,1.88235294118,4.35294117647,3.36363636364,2.84615384615,1.69341284359,0.389027274878,0.193958664547,2.09866904602,0.964253345467,0.518282988871,1.87867287326,0.863174022847,0.470588235294,0.786197569093,0.41766745858,2.25,1.88235294118,0.786197569093,2.25,0.166339869281,0.0612244897959,3,0.00441176470588,0.185952380952,17,17,17,1,0,0.352941176471,0.411764705882,0.235294117647,17,0.128676470588,1.90196078431,4.11764705882,3.18181818182,2.69230769231,1.57648156274,0.382859808093,0.201680672269,2.01465221053,0.978545359402,0.524369747899,1.74894926439,0.849489642704,0.463865546218,0.814492905316,0.428238537847,2.33333333333,1.90196078431,0.814492905316,2.33333333333,0,0,0,0,0.164242424242,17,17,17,1,0,0.352941176471,0.411764705882,0.235294117647,17,37,0.136029411765,1.88235294118,4.35294117647,3.36363636364,2.84615384615,1.69341284359,0.389027274878,0.193958664547,2.09866904602,0.964253345467,0.518282988871,1.87867287326,0.863174022847,0.470588235294,0.786197569093,0.41766745858,2.25,1.88235294118,0.786197569093,2.25,0.166339869281,0.0612244897959,3,0.00441176470588,0.185952380952,17,17,17,1,0,0.352941176471,0.411764705882,0.235294117647,0,0,0,0,0,0,0,0,0,0,0,0,0,0,0,0,0,0,0,0,0,0,0,0,0,0,0,0,0,37,0,0,235,1,1,0,0,1,1,1,1,1,1,2,2,0,0,0,0
3457,WLNM_dir_neg,1,0.5,00:00:00,10,80,35,1986366808,threshold_sweep,0.1,1,1,1,2,0,0,4,1,1,0,0,1,1,1,1,0.555555555556,1,1,1,37,35,2,0,37,0,35,0,2,17,37,0.136029411765,1.88235294118,4.35294117647,3.36363636364,2.84615384615,1.69341284359,0.389027274878,0.193958664547,2.09866904602,0.964253345467,0.518282988871,1.87867287326,0.863174022847,0.470588235294,0.786197569093,0.41766745858,2.25,1.88235294118,0.786197569093,2.25,0.166339869281,0.0612244897959,3,0.00441176470588,0.185952380952,17,17,17,1,0,0.352941176471,0.411764705882,0.235294117647,17,0.128676470588,1.90196078431,4.11764705882,3.18181818182,2.69230769231,1.57648156274,0.382859808093,0.201680672269,2.01465221053,0.978545359402,0.524369747899,1.74894926439,0.849489642704,0.463865546218,0.814492905316,0.428238537847,2.33333333333,1.90196078431,0.814492905316,2.33333333333,0,0,0,0,0.164242424242,17,17,17,1,0,0.352941176471,0.411764705882,0.235294117647,17,37,0.136029411765,1.88235294118,4.35294117647,3.36363636364,2.84615384615,1.69341284359,0.389027274878,0.193958664547,2.09866904602,0.964253345467,0.518282988871,1.87867287326,0.863174022847,0.470588235294,0.786197569093,0.41766745858,2.25,1.88235294118,0.786197569093,2.25,0.166339869281,0.0612244897959,3,0.00441176470588,0.185952380952,17,17,17,1,0,0.352941176471,0.411764705882,0.235294117647,0,0,0,0,0,0,0,0,0,0,0,0,0,0,0,0,0,0,0,0,0,0,0,0,0,0,0,0,0,37,0,0,235,1,1,0,0,1,1,1,1,1,1,2,2,0,0,0,0
3458,WLNM_dir_neg,1,0.5,00:00:00,10,80,35,1986366808,threshold_sweep,0.2,1,1,1,2,0,0,4,1,1,0,0,1,1,1,1,0.555555555556,1,1,1,37,35,2,0,37,0,35,0,2,17,37,0.136029411765,1.88235294118,4.35294117647,3.36363636364,2.84615384615,1.69341284359,0.389027274878,0.193958664547,2.09866904602,0.964253345467,0.518282988871,1.87867287326,0.863174022847,0.470588235294,0.786197569093,0.41766745858,2.25,1.88235294118,0.786197569093,2.25,0.166339869281,0.0612244897959,3,0.00441176470588,0.185952380952,17,17,17,1,0,0.352941176471,0.411764705882,0.235294117647,17,0.128676470588,1.90196078431,4.11764705882,3.18181818182,2.69230769231,1.57648156274,0.382859808093,0.201680672269,2.01465221053,0.978545359402,0.524369747899,1.74894926439,0.849489642704,0.463865546218,0.814492905316,0.428238537847,2.33333333333,1.90196078431,0.814492905316,2.33333333333,0,0,0,0,0.164242424242,17,17,17,1,0,0.352941176471,0.411764705882,0.235294117647,17,37,0.136029411765,1.88235294118,4.35294117647,3.36363636364,2.84615384615,1.69341284359,0.389027274878,0.193958664547,2.09866904602,0.964253345467,0.518282988871,1.87867287326,0.863174022847,0.470588235294,0.786197569093,0.41766745858,2.25,1.88235294118,0.786197569093,2.25,0.166339869281,0.0612244897959,3,0.00441176470588,0.185952380952,17,17,17,1,0,0.352941176471,0.411764705882,0.235294117647,0,0,0,0,0,0,0,0,0,0,0,0,0,0,0,0,0,0,0,0,0,0,0,0,0,0,0,0,0,37,0,0,235,1,1,0,0,1,1,1,1,1,1,2,2,0,0,0,0
3459,WLNM_dir_neg,1,0.5,00:00:00,10,80,35,1986366808,threshold_sweep,0.3,1,1,1,2,0,0,4,1,1,0,0,1,1,1,1,0.555555555556,1,1,1,37,35,2,0,37,0,35,0,2,17,37,0.136029411765,1.88235294118,4.35294117647,3.36363636364,2.84615384615,1.69341284359,0.389027274878,0.193958664547,2.09866904602,0.964253345467,0.518282988871,1.87867287326,0.863174022847,0.470588235294,0.786197569093,0.41766745858,2.25,1.88235294118,0.786197569093,2.25,0.166339869281,0.0612244897959,3,0.00441176470588,0.185952380952,17,17,17,1,0,0.352941176471,0.411764705882,0.235294117647,17,0.128676470588,1.90196078431,4.11764705882,3.18181818182,2.69230769231,1.57648156274,0.382859808093,0.201680672269,2.01465221053,0.978545359402,0.524369747899,1.74894926439,0.849489642704,0.463865546218,0.814492905316,0.428238537847,2.33333333333,1.90196078431,0.814492905316,2.33333333333,0,0,0,0,0.164242424242,17,17,17,1,0,0.352941176471,0.411764705882,0.235294117647,17,37,0.136029411765,1.88235294118,4.35294117647,3.36363636364,2.84615384615,1.69341284359,0.389027274878,0.193958664547,2.09866904602,0.964253345467,0.518282988871,1.87867287326,0.863174022847,0.470588235294,0.786197569093,0.41766745858,2.25,1.88235294118,0.786197569093,2.25,0.166339869281,0.0612244897959,3,0.00441176470588,0.185952380952,17,17,17,1,0,0.352941176471,0.411764705882,0.235294117647,0,0,0,0,0,0,0,0,0,0,0,0,0,0,0,0,0,0,0,0,0,0,0,0,0,0,0,0,0,37,0,0,235,1,1,0,0,1,1,1,1,1,1,2,2,0,0,0,0
3460,WLNM_dir_neg,1,0.5,00:00:00,10,80,35,1986366808,threshold_sweep,0.4,1,1,1,2,0,0,4,1,1,0,0,1,1,1,1,0.555555555556,1,1,1,37,35,2,0,37,0,35,0,2,17,37,0.136029411765,1.88235294118,4.35294117647,3.36363636364,2.84615384615,1.69341284359,0.389027274878,0.193958664547,2.09866904602,0.964253345467,0.518282988871,1.87867287326,0.863174022847,0.470588235294,0.786197569093,0.41766745858,2.25,1.88235294118,0.786197569093,2.25,0.166339869281,0.0612244897959,3,0.00441176470588,0.185952380952,17,17,17,1,0,0.352941176471,0.411764705882,0.235294117647,17,0.128676470588,1.90196078431,4.11764705882,3.18181818182,2.69230769231,1.57648156274,0.382859808093,0.201680672269,2.01465221053,0.978545359402,0.524369747899,1.74894926439,0.849489642704,0.463865546218,0.814492905316,0.428238537847,2.33333333333,1.90196078431,0.814492905316,2.33333333333,0,0,0,0,0.164242424242,17,17,17,1,0,0.352941176471,0.411764705882,0.235294117647,17,37,0.136029411765,1.88235294118,4.35294117647,3.36363636364,2.84615384615,1.69341284359,0.389027274878,0.193958664547,2.09866904602,0.964253345467,0.518282988871,1.87867287326,0.863174022847,0.470588235294,0.786197569093,0.41766745858,2.25,1.88235294118,0.786197569093,2.25,0.166339869281,0.0612244897959,3,0.00441176470588,0.185952380952,17,17,17,1,0,0.352941176471,0.411764705882,0.235294117647,0,0,0,0,0,0,0,0,0,0,0,0,0,0,0,0,0,0,0,0,0,0,0,0,0,0,0,0,0,37,0,0,235,1,1,0,0,1,1,1,1,1,1,2,2,0,0,0,0
3461,WLNM_dir_neg,1,0.5,00:00:00,10,80,35,1986366808,threshold_sweep,0.5,1,1,1,2,0,0,4,1,1,0,0,1,1,1,1,0.555555555556,1,1,1,37,35,2,0,37,0,35,0,2,17,37,0.136029411765,1.88235294118,4.35294117647,3.36363636364,2.84615384615,1.69341284359,0.389027274878,0.193958664547,2.09866904602,0.964253345467,0.518282988871,1.87867287326,0.863174022847,0.470588235294,0.786197569093,0.41766745858,2.25,1.88235294118,0.786197569093,2.25,0.166339869281,0.0612244897959,3,0.00441176470588,0.185952380952,17,17,17,1,0,0.352941176471,0.411764705882,0.235294117647,17,0.128676470588,1.90196078431,4.11764705882,3.18181818182,2.69230769231,1.57648156274,0.382859808093,0.201680672269,2.01465221053,0.978545359402,0.524369747899,1.74894926439,0.849489642704,0.463865546218,0.814492905316,0.428238537847,2.33333333333,1.90196078431,0.814492905316,2.33333333333,0,0,0,0,0.164242424242,17,17,17,1,0,0.352941176471,0.411764705882,0.235294117647,17,37,0.136029411765,1.88235294118,4.35294117647,3.36363636364,2.84615384615,1.69341284359,0.389027274878,0.193958664547,2.09866904602,0.964253345467,0.518282988871,1.87867287326,0.863174022847,0.470588235294,0.786197569093,0.41766745858,2.25,1.88235294118,0.786197569093,2.25,0.166339869281,0.0612244897959,3,0.00441176470588,0.185952380952,17,17,17,1,0,0.352941176471,0.411764705882,0.235294117647,0,0,0,0,0,0,0,0,0,0,0,0,0,0,0,0,0,0,0,0,0,0,0,0,0,0,0,0,0,37,0,0,235,1,1,0,0,1,1,1,1,1,1,2,2,0,0,0,0
3462,WLNM_dir_neg,1,0.5,00:00:00,10,80,35,1986366808,threshold_sweep,0.6,1,1,1,2,0,0,4,1,1,0,0,1,1,1,1,0.555555555556,1,1,1,37,35,2,0,37,0,35,0,2,17,37,0.136029411765,1.88235294118,4.35294117647,3.36363636364,2.84615384615,1.69341284359,0.389027274878,0.193958664547,2.09866904602,0.964253345467,0.518282988871,1.87867287326,0.863174022847,0.470588235294,0.786197569093,0.41766745858,2.25,1.88235294118,0.786197569093,2.25,0.166339869281,0.0612244897959,3,0.00441176470588,0.185952380952,17,17,17,1,0,0.352941176471,0.411764705882,0.235294117647,17,0.128676470588,1.90196078431,4.11764705882,3.18181818182,2.69230769231,1.57648156274,0.382859808093,0.201680672269,2.01465221053,0.978545359402,0.524369747899,1.74894926439,0.849489642704,0.463865546218,0.814492905316,0.428238537847,2.33333333333,1.90196078431,0.814492905316,2.33333333333,0,0,0,0,0.164242424242,17,17,17,1,0,0.352941176471,0.411764705882,0.235294117647,17,37,0.136029411765,1.88235294118,4.35294117647,3.36363636364,2.84615384615,1.69341284359,0.389027274878,0.193958664547,2.09866904602,0.964253345467,0.518282988871,1.87867287326,0.863174022847,0.470588235294,0.786197569093,0.41766745858,2.25,1.88235294118,0.786197569093,2.25,0.166339869281,0.0612244897959,3,0.00441176470588,0.185952380952,17,17,17,1,0,0.352941176471,0.411764705882,0.235294117647,0,0,0,0,0,0,0,0,0,0,0,0,0,0,0,0,0,0,0,0,0,0,0,0,0,0,0,0,0,37,0,0,235,1,1,0,0,1,1,1,1,1,1,2,2,0,0,0,0
3463,WLNM_dir_neg,1,0.5,00:00:00,10,80,35,1986366808,threshold_sweep,0.7,1,1,1,2,0,0,4,1,1,0,0,1,1,1,1,0.555555555556,1,1,1,37,35,2,0,37,0,35,0,2,17,37,0.136029411765,1.88235294118,4.35294117647,3.36363636364,2.84615384615,1.69341284359,0.389027274878,0.193958664547,2.09866904602,0.964253345467,0.518282988871,1.87867287326,0.863174022847,0.470588235294,0.786197569093,0.41766745858,2.25,1.88235294118,0.786197569093,2.25,0.166339869281,0.0612244897959,3,0.00441176470588,0.185952380952,17,17,17,1,0,0.352941176471,0.411764705882,0.235294117647,17,0.128676470588,1.90196078431,4.11764705882,3.18181818182,2.69230769231,1.57648156274,0.382859808093,0.201680672269,2.01465221053,0.978545359402,0.524369747899,1.74894926439,0.849489642704,0.463865546218,0.814492905316,0.428238537847,2.33333333333,1.90196078431,0.814492905316,2.33333333333,0,0,0,0,0.164242424242,17,17,17,1,0,0.352941176471,0.411764705882,0.235294117647,17,37,0.136029411765,1.88235294118,4.35294117647,3.36363636364,2.84615384615,1.69341284359,0.389027274878,0.193958664547,2.09866904602,0.964253345467,0.518282988871,1.87867287326,0.863174022847,0.470588235294,0.786197569093,0.41766745858,2.25,1.88235294118,0.786197569093,2.25,0.166339869281,0.0612244897959,3,0.00441176470588,0.185952380952,17,17,17,1,0,0.352941176471,0.411764705882,0.235294117647,0,0,0,0,0,0,0,0,0,0,0,0,0,0,0,0,0,0,0,0,0,0,0,0,0,0,0,0,0,37,0,0,235,1,1,0,0,1,1,1,1,1,1,2,2,0,0,0,0
3464,WLNM_dir_neg,1,0.5,00:00:00,10,80,35,1986366808,threshold_sweep,0.8,1,1,1,2,0,0,4,1,1,0,0,1,1,1,1,0.555555555556,1,1,1,37,35,2,0,37,0,35,0,2,17,37,0.136029411765,1.88235294118,4.35294117647,3.36363636364,2.84615384615,1.69341284359,0.389027274878,0.193958664547,2.09866904602,0.964253345467,0.518282988871,1.87867287326,0.863174022847,0.470588235294,0.786197569093,0.41766745858,2.25,1.88235294118,0.786197569093,2.25,0.166339869281,0.0612244897959,3,0.00441176470588,0.185952380952,17,17,17,1,0,0.352941176471,0.411764705882,0.235294117647,17,0.128676470588,1.90196078431,4.11764705882,3.18181818182,2.69230769231,1.57648156274,0.382859808093,0.201680672269,2.01465221053,0.978545359402,0.524369747899,1.74894926439,0.849489642704,0.463865546218,0.814492905316,0.428238537847,2.33333333333,1.90196078431,0.814492905316,2.33333333333,0,0,0,0,0.164242424242,17,17,17,1,0,0.352941176471,0.411764705882,0.235294117647,17,37,0.136029411765,1.88235294118,4.35294117647,3.36363636364,2.84615384615,1.69341284359,0.389027274878,0.193958664547,2.09866904602,0.964253345467,0.518282988871,1.87867287326,0.863174022847,0.470588235294,0.786197569093,0.41766745858,2.25,1.88235294118,0.786197569093,2.25,0.166339869281,0.0612244897959,3,0.00441176470588,0.185952380952,17,17,17,1,0,0.352941176471,0.411764705882,0.235294117647,0,0,0,0,0,0,0,0,0,0,0,0,0,0,0,0,0,0,0,0,0,0,0,0,0,0,0,0,0,37,0,0,235,1,1,0,0,1,1,1,1,1,1,2,2,0,0,0,0
3465,WLNM_dir_neg,1,0.5,00:00:00,10,80,35,1986366808,threshold_sweep,0.9,1,1,1,2,0,0,4,1,1,0,0,1,1,1,1,0.555555555556,1,1,1,37,35,2,0,37,0,35,0,2,17,37,0.136029411765,1.88235294118,4.35294117647,3.36363636364,2.84615384615,1.69341284359,0.389027274878,0.193958664547,2.09866904602,0.964253345467,0.518282988871,1.87867287326,0.863174022847,0.470588235294,0.786197569093,0.41766745858,2.25,1.88235294118,0.786197569093,2.25,0.166339869281,0.0612244897959,3,0.00441176470588,0.185952380952,17,17,17,1,0,0.352941176471,0.411764705882,0.235294117647,17,0.128676470588,1.90196078431,4.11764705882,3.18181818182,2.69230769231,1.57648156274,0.382859808093,0.201680672269,2.01465221053,0.978545359402,0.524369747899,1.74894926439,0.849489642704,0.463865546218,0.814492905316,0.428238537847,2.33333333333,1.90196078431,0.814492905316,2.33333333333,0,0,0,0,0.164242424242,17,17,17,1,0,0.352941176471,0.411764705882,0.235294117647,17,37,0.136029411765,1.88235294118,4.35294117647,3.36363636364,2.84615384615,1.69341284359,0.389027274878,0.193958664547,2.09866904602,0.964253345467,0.518282988871,1.87867287326,0.863174022847,0.470588235294,0.786197569093,0.41766745858,2.25,1.88235294118,0.786197569093,2.25,0.166339869281,0.0612244897959,3,0.00441176470588,0.185952380952,17,17,17,1,0,0.352941176471,0.411764705882,0.235294117647,0,0,0,0,0,0,0,0,0,0,0,0,0,0,0,0,0,0,0,0,0,0,0,0,0,0,0,0,0,37,0,0,235,1,1,0,0,1,1,1,1,1,1,2,2,0,0,0,0
3466,WLNM_dir_neg,1,0.5,00:00:00,10,80,36,1986366809,threshold_sweep,0.1,1,1,1,2,0,0,4,1,1,0,0,1,1,1,1,0.555555555556,1,1,1,37,35,2,0,37,0,35,0,2,17,37,0.136029411765,1.88235294118,4.35294117647,3.36363636364,2.84615384615,1.69341284359,0.389027274878,0.193958664547,2.09866904602,0.964253345467,0.518282988871,1.87867287326,0.863174022847,0.470588235294,0.786197569093,0.41766745858,2.25,1.88235294118,0.786197569093,2.25,0.166339869281,0.0612244897959,3,0.00441176470588,0.185952380952,17,17,17,1,0,0.352941176471,0.411764705882,0.235294117647,17,0.128676470588,1.90196078431,4.11764705882,3.18181818182,2.69230769231,1.57648156274,0.382859808093,0.201680672269,2.01465221053,0.978545359402,0.524369747899,1.74894926439,0.849489642704,0.463865546218,0.814492905316,0.428238537847,2.33333333333,1.90196078431,0.814492905316,2.33333333333,0,0,0,0,0.164242424242,17,17,17,1,0,0.352941176471,0.411764705882,0.235294117647,17,37,0.136029411765,1.88235294118,4.35294117647,3.36363636364,2.84615384615,1.69341284359,0.389027274878,0.193958664547,2.09866904602,0.964253345467,0.518282988871,1.87867287326,0.863174022847,0.470588235294,0.786197569093,0.41766745858,2.25,1.88235294118,0.786197569093,2.25,0.166339869281,0.0612244897959,3,0.00441176470588,0.185952380952,17,17,17,1,0,0.352941176471,0.411764705882,0.235294117647,0,0,0,0,0,0,0,0,0,0,0,0,0,0,0,0,0,0,0,0,0,0,0,0,0,0,0,0,0,37,0,0,235,1,1,0,0,1,1,1,1,1,1,2,2,0,0,0,0
3467,WLNM_dir_neg,1,0.5,00:00:00,10,80,36,1986366809,threshold_sweep,0.2,1,1,1,2,0,0,4,1,1,0,0,1,1,1,1,0.555555555556,1,1,1,37,35,2,0,37,0,35,0,2,17,37,0.136029411765,1.88235294118,4.35294117647,3.36363636364,2.84615384615,1.69341284359,0.389027274878,0.193958664547,2.09866904602,0.964253345467,0.518282988871,1.87867287326,0.863174022847,0.470588235294,0.786197569093,0.41766745858,2.25,1.88235294118,0.786197569093,2.25,0.166339869281,0.0612244897959,3,0.00441176470588,0.185952380952,17,17,17,1,0,0.352941176471,0.411764705882,0.235294117647,17,0.128676470588,1.90196078431,4.11764705882,3.18181818182,2.69230769231,1.57648156274,0.382859808093,0.201680672269,2.01465221053,0.978545359402,0.524369747899,1.74894926439,0.849489642704,0.463865546218,0.814492905316,0.428238537847,2.33333333333,1.90196078431,0.814492905316,2.33333333333,0,0,0,0,0.164242424242,17,17,17,1,0,0.352941176471,0.411764705882,0.235294117647,17,37,0.136029411765,1.88235294118,4.35294117647,3.36363636364,2.84615384615,1.69341284359,0.389027274878,0.193958664547,2.09866904602,0.964253345467,0.518282988871,1.87867287326,0.863174022847,0.470588235294,0.786197569093,0.41766745858,2.25,1.88235294118,0.786197569093,2.25,0.166339869281,0.0612244897959,3,0.00441176470588,0.185952380952,17,17,17,1,0,0.352941176471,0.411764705882,0.235294117647,0,0,0,0,0,0,0,0,0,0,0,0,0,0,0,0,0,0,0,0,0,0,0,0,0,0,0,0,0,37,0,0,235,1,1,0,0,1,1,1,1,1,1,2,2,0,0,0,0
3468,WLNM_dir_neg,1,0.5,00:00:00,10,80,36,1986366809,threshold_sweep,0.3,1,1,1,2,0,0,4,1,1,0,0,1,1,1,1,0.555555555556,1,1,1,37,35,2,0,37,0,35,0,2,17,37,0.136029411765,1.88235294118,4.35294117647,3.36363636364,2.84615384615,1.69341284359,0.389027274878,0.193958664547,2.09866904602,0.964253345467,0.518282988871,1.87867287326,0.863174022847,0.470588235294,0.786197569093,0.41766745858,2.25,1.88235294118,0.786197569093,2.25,0.166339869281,0.0612244897959,3,0.00441176470588,0.185952380952,17,17,17,1,0,0.352941176471,0.411764705882,0.235294117647,17,0.128676470588,1.90196078431,4.11764705882,3.18181818182,2.69230769231,1.57648156274,0.382859808093,0.201680672269,2.01465221053,0.978545359402,0.524369747899,1.74894926439,0.849489642704,0.463865546218,0.814492905316,0.428238537847,2.33333333333,1.90196078431,0.814492905316,2.33333333333,0,0,0,0,0.164242424242,17,17,17,1,0,0.352941176471,0.411764705882,0.235294117647,17,37,0.136029411765,1.88235294118,4.35294117647,3.36363636364,2.84615384615,1.69341284359,0.389027274878,0.193958664547,2.09866904602,0.964253345467,0.518282988871,1.87867287326,0.863174022847,0.470588235294,0.786197569093,0.41766745858,2.25,1.88235294118,0.786197569093,2.25,0.166339869281,0.0612244897959,3,0.00441176470588,0.185952380952,17,17,17,1,0,0.352941176471,0.411764705882,0.235294117647,0,0,0,0,0,0,0,0,0,0,0,0,0,0,0,0,0,0,0,0,0,0,0,0,0,0,0,0,0,37,0,0,235,1,1,0,0,1,1,1,1,1,1,2,2,0,0,0,0
3469,WLNM_dir_neg,1,0.5,00:00:00,10,80,36,1986366809,threshold_sweep,0.4,1,1,1,2,0,0,4,1,1,0,0,1,1,1,1,0.555555555556,1,1,1,37,35,2,0,37,0,35,0,2,17,37,0.136029411765,1.88235294118,4.35294117647,3.36363636364,2.84615384615,1.69341284359,0.389027274878,0.193958664547,2.09866904602,0.964253345467,0.518282988871,1.87867287326,0.863174022847,0.470588235294,0.786197569093,0.41766745858,2.25,1.88235294118,0.786197569093,2.25,0.166339869281,0.0612244897959,3,0.00441176470588,0.185952380952,17,17,17,1,0,0.352941176471,0.411764705882,0.235294117647,17,0.128676470588,1.90196078431,4.11764705882,3.18181818182,2.69230769231,1.57648156274,0.382859808093,0.201680672269,2.01465221053,0.978545359402,0.524369747899,1.74894926439,0.849489642704,0.463865546218,0.814492905316,0.428238537847,2.33333333333,1.90196078431,0.814492905316,2.33333333333,0,0,0,0,0.164242424242,17,17,17,1,0,0.352941176471,0.411764705882,0.235294117647,17,37,0.136029411765,1.88235294118,4.35294117647,3.36363636364,2.84615384615,1.69341284359,0.389027274878,0.193958664547,2.09866904602,0.964253345467,0.518282988871,1.87867287326,0.863174022847,0.470588235294,0.786197569093,0.41766745858,2.25,1.88235294118,0.786197569093,2.25,0.166339869281,0.0612244897959,3,0.00441176470588,0.185952380952,17,17,17,1,0,0.352941176471,0.411764705882,0.235294117647,0,0,0,0,0,0,0,0,0,0,0,0,0,0,0,0,0,0,0,0,0,0,0,0,0,0,0,0,0,37,0,0,235,1,1,0,0,1,1,1,1,1,1,2,2,0,0,0,0
3470,WLNM_dir_neg,1,0.5,00:00:00,10,80,36,1986366809,threshold_sweep,0.5,1,1,1,2,0,0,4,1,1,0,0,1,1,1,1,0.555555555556,1,1,1,37,35,2,0,37,0,35,0,2,17,37,0.136029411765,1.88235294118,4.35294117647,3.36363636364,2.84615384615,1.69341284359,0.389027274878,0.193958664547,2.09866904602,0.964253345467,0.518282988871,1.87867287326,0.863174022847,0.470588235294,0.786197569093,0.41766745858,2.25,1.88235294118,0.786197569093,2.25,0.166339869281,0.0612244897959,3,0.00441176470588,0.185952380952,17,17,17,1,0,0.352941176471,0.411764705882,0.235294117647,17,0.128676470588,1.90196078431,4.11764705882,3.18181818182,2.69230769231,1.57648156274,0.382859808093,0.201680672269,2.01465221053,0.978545359402,0.524369747899,1.74894926439,0.849489642704,0.463865546218,0.814492905316,0.428238537847,2.33333333333,1.90196078431,0.814492905316,2.33333333333,0,0,0,0,0.164242424242,17,17,17,1,0,0.352941176471,0.411764705882,0.235294117647,17,37,0.136029411765,1.88235294118,4.35294117647,3.36363636364,2.84615384615,1.69341284359,0.389027274878,0.193958664547,2.09866904602,0.964253345467,0.518282988871,1.87867287326,0.863174022847,0.470588235294,0.786197569093,0.41766745858,2.25,1.88235294118,0.786197569093,2.25,0.166339869281,0.0612244897959,3,0.00441176470588,0.185952380952,17,17,17,1,0,0.352941176471,0.411764705882,0.235294117647,0,0,0,0,0,0,0,0,0,0,0,0,0,0,0,0,0,0,0,0,0,0,0,0,0,0,0,0,0,37,0,0,235,1,1,0,0,1,1,1,1,1,1,2,2,0,0,0,0
3471,WLNM_dir_neg,1,0.5,00:00:00,10,80,36,1986366809,threshold_sweep,0.6,1,1,1,2,0,0,4,1,1,0,0,1,1,1,1,0.555555555556,1,1,1,37,35,2,0,37,0,35,0,2,17,37,0.136029411765,1.88235294118,4.35294117647,3.36363636364,2.84615384615,1.69341284359,0.389027274878,0.193958664547,2.09866904602,0.964253345467,0.518282988871,1.87867287326,0.863174022847,0.470588235294,0.786197569093,0.41766745858,2.25,1.88235294118,0.786197569093,2.25,0.166339869281,0.0612244897959,3,0.00441176470588,0.185952380952,17,17,17,1,0,0.352941176471,0.411764705882,0.235294117647,17,0.128676470588,1.90196078431,4.11764705882,3.18181818182,2.69230769231,1.57648156274,0.382859808093,0.201680672269,2.01465221053,0.978545359402,0.524369747899,1.74894926439,0.849489642704,0.463865546218,0.814492905316,0.428238537847,2.33333333333,1.90196078431,0.814492905316,2.33333333333,0,0,0,0,0.164242424242,17,17,17,1,0,0.352941176471,0.411764705882,0.235294117647,17,37,0.136029411765,1.88235294118,4.35294117647,3.36363636364,2.84615384615,1.69341284359,0.389027274878,0.193958664547,2.09866904602,0.964253345467,0.518282988871,1.87867287326,0.863174022847,0.470588235294,0.786197569093,0.41766745858,2.25,1.88235294118,0.786197569093,2.25,0.166339869281,0.0612244897959,3,0.00441176470588,0.185952380952,17,17,17,1,0,0.352941176471,0.411764705882,0.235294117647,0,0,0,0,0,0,0,0,0,0,0,0,0,0,0,0,0,0,0,0,0,0,0,0,0,0,0,0,0,37,0,0,235,1,1,0,0,1,1,1,1,1,1,2,2,0,0,0,0
3472,WLNM_dir_neg,1,0.5,00:00:00,10,80,36,1986366809,threshold_sweep,0.7,1,1,1,2,0,0,4,1,1,0,0,1,1,1,1,0.555555555556,1,1,1,37,35,2,0,37,0,35,0,2,17,37,0.136029411765,1.88235294118,4.35294117647,3.36363636364,2.84615384615,1.69341284359,0.389027274878,0.193958664547,2.09866904602,0.964253345467,0.518282988871,1.87867287326,0.863174022847,0.470588235294,0.786197569093,0.41766745858,2.25,1.88235294118,0.786197569093,2.25,0.166339869281,0.0612244897959,3,0.00441176470588,0.185952380952,17,17,17,1,0,0.352941176471,0.411764705882,0.235294117647,17,0.128676470588,1.90196078431,4.11764705882,3.18181818182,2.69230769231,1.57648156274,0.382859808093,0.201680672269,2.01465221053,0.978545359402,0.524369747899,1.74894926439,0.849489642704,0.463865546218,0.814492905316,0.428238537847,2.33333333333,1.90196078431,0.814492905316,2.33333333333,0,0,0,0,0.164242424242,17,17,17,1,0,0.352941176471,0.411764705882,0.235294117647,17,37,0.136029411765,1.88235294118,4.35294117647,3.36363636364,2.84615384615,1.69341284359,0.389027274878,0.193958664547,2.09866904602,0.964253345467,0.518282988871,1.87867287326,0.863174022847,0.470588235294,0.786197569093,0.41766745858,2.25,1.88235294118,0.786197569093,2.25,0.166339869281,0.0612244897959,3,0.00441176470588,0.185952380952,17,17,17,1,0,0.352941176471,0.411764705882,0.235294117647,0,0,0,0,0,0,0,0,0,0,0,0,0,0,0,0,0,0,0,0,0,0,0,0,0,0,0,0,0,37,0,0,235,1,1,0,0,1,1,1,1,1,1,2,2,0,0,0,0
3473,WLNM_dir_neg,1,0.5,00:00:00,10,80,36,1986366809,threshold_sweep,0.8,1,1,1,2,0,0,4,1,1,0,0,1,1,1,1,0.555555555556,1,1,1,37,35,2,0,37,0,35,0,2,17,37,0.136029411765,1.88235294118,4.35294117647,3.36363636364,2.84615384615,1.69341284359,0.389027274878,0.193958664547,2.09866904602,0.964253345467,0.518282988871,1.87867287326,0.863174022847,0.470588235294,0.786197569093,0.41766745858,2.25,1.88235294118,0.786197569093,2.25,0.166339869281,0.0612244897959,3,0.00441176470588,0.185952380952,17,17,17,1,0,0.352941176471,0.411764705882,0.235294117647,17,0.128676470588,1.90196078431,4.11764705882,3.18181818182,2.69230769231,1.57648156274,0.382859808093,0.201680672269,2.01465221053,0.978545359402,0.524369747899,1.74894926439,0.849489642704,0.463865546218,0.814492905316,0.428238537847,2.33333333333,1.90196078431,0.814492905316,2.33333333333,0,0,0,0,0.164242424242,17,17,17,1,0,0.352941176471,0.411764705882,0.235294117647,17,37,0.136029411765,1.88235294118,4.35294117647,3.36363636364,2.84615384615,1.69341284359,0.389027274878,0.193958664547,2.09866904602,0.964253345467,0.518282988871,1.87867287326,0.863174022847,0.470588235294,0.786197569093,0.41766745858,2.25,1.88235294118,0.786197569093,2.25,0.166339869281,0.0612244897959,3,0.00441176470588,0.185952380952,17,17,17,1,0,0.352941176471,0.411764705882,0.235294117647,0,0,0,0,0,0,0,0,0,0,0,0,0,0,0,0,0,0,0,0,0,0,0,0,0,0,0,0,0,37,0,0,235,1,1,0,0,1,1,1,1,1,1,2,2,0,0,0,0
3474,WLNM_dir_neg,1,0.5,00:00:00,10,80,36,1986366809,threshold_sweep,0.9,1,1,1,2,0,0,4,1,1,0,0,1,1,1,1,0.555555555556,1,1,1,37,35,2,0,37,0,35,0,2,17,37,0.136029411765,1.88235294118,4.35294117647,3.36363636364,2.84615384615,1.69341284359,0.389027274878,0.193958664547,2.09866904602,0.964253345467,0.518282988871,1.87867287326,0.863174022847,0.470588235294,0.786197569093,0.41766745858,2.25,1.88235294118,0.786197569093,2.25,0.166339869281,0.0612244897959,3,0.00441176470588,0.185952380952,17,17,17,1,0,0.352941176471,0.411764705882,0.235294117647,17,0.128676470588,1.90196078431,4.11764705882,3.18181818182,2.69230769231,1.57648156274,0.382859808093,0.201680672269,2.01465221053,0.978545359402,0.524369747899,1.74894926439,0.849489642704,0.463865546218,0.814492905316,0.428238537847,2.33333333333,1.90196078431,0.814492905316,2.33333333333,0,0,0,0,0.164242424242,17,17,17,1,0,0.352941176471,0.411764705882,0.235294117647,17,37,0.136029411765,1.88235294118,4.35294117647,3.36363636364,2.84615384615,1.69341284359,0.389027274878,0.193958664547,2.09866904602,0.964253345467,0.518282988871,1.87867287326,0.863174022847,0.470588235294,0.786197569093,0.41766745858,2.25,1.88235294118,0.786197569093,2.25,0.166339869281,0.0612244897959,3,0.00441176470588,0.185952380952,17,17,17,1,0,0.352941176471,0.411764705882,0.235294117647,0,0,0,0,0,0,0,0,0,0,0,0,0,0,0,0,0,0,0,0,0,0,0,0,0,0,0,0,0,37,0,0,235,1,1,0,0,1,1,1,1,1,1,2,2,0,0,0,0
3475,WLNM_dir_neg,1,0.5,00:00:00,10,80,37,1986366810,threshold_sweep,0.1,1,1,1,2,0,0,4,1,1,0,0,1,1,1,1,0.555555555556,1,1,1,37,35,2,0,37,0,35,0,2,17,37,0.136029411765,1.88235294118,4.35294117647,3.36363636364,2.84615384615,1.69341284359,0.389027274878,0.193958664547,2.09866904602,0.964253345467,0.518282988871,1.87867287326,0.863174022847,0.470588235294,0.786197569093,0.41766745858,2.25,1.88235294118,0.786197569093,2.25,0.166339869281,0.0612244897959,3,0.00441176470588,0.185952380952,17,17,17,1,0,0.352941176471,0.411764705882,0.235294117647,17,0.128676470588,1.90196078431,4.11764705882,3.18181818182,2.69230769231,1.57648156274,0.382859808093,0.201680672269,2.01465221053,0.978545359402,0.524369747899,1.74894926439,0.849489642704,0.463865546218,0.814492905316,0.428238537847,2.33333333333,1.90196078431,0.814492905316,2.33333333333,0,0,0,0,0.164242424242,17,17,17,1,0,0.352941176471,0.411764705882,0.235294117647,17,37,0.136029411765,1.88235294118,4.35294117647,3.36363636364,2.84615384615,1.69341284359,0.389027274878,0.193958664547,2.09866904602,0.964253345467,0.518282988871,1.87867287326,0.863174022847,0.470588235294,0.786197569093,0.41766745858,2.25,1.88235294118,0.786197569093,2.25,0.166339869281,0.0612244897959,3,0.00441176470588,0.185952380952,17,17,17,1,0,0.352941176471,0.411764705882,0.235294117647,0,0,0,0,0,0,0,0,0,0,0,0,0,0,0,0,0,0,0,0,0,0,0,0,0,0,0,0,0,37,0,0,235,1,1,0,0,1,1,1,1,1,1,2,2,0,0,0,0
3476,WLNM_dir_neg,1,0.5,00:00:00,10,80,37,1986366810,threshold_sweep,0.2,1,1,1,2,0,0,4,1,1,0,0,1,1,1,1,0.555555555556,1,1,1,37,35,2,0,37,0,35,0,2,17,37,0.136029411765,1.88235294118,4.35294117647,3.36363636364,2.84615384615,1.69341284359,0.389027274878,0.193958664547,2.09866904602,0.964253345467,0.518282988871,1.87867287326,0.863174022847,0.470588235294,0.786197569093,0.41766745858,2.25,1.88235294118,0.786197569093,2.25,0.166339869281,0.0612244897959,3,0.00441176470588,0.185952380952,17,17,17,1,0,0.352941176471,0.411764705882,0.235294117647,17,0.128676470588,1.90196078431,4.11764705882,3.18181818182,2.69230769231,1.57648156274,0.382859808093,0.201680672269,2.01465221053,0.978545359402,0.524369747899,1.74894926439,0.849489642704,0.463865546218,0.814492905316,0.428238537847,2.33333333333,1.90196078431,0.814492905316,2.33333333333,0,0,0,0,0.164242424242,17,17,17,1,0,0.352941176471,0.411764705882,0.235294117647,17,37,0.136029411765,1.88235294118,4.35294117647,3.36363636364,2.84615384615,1.69341284359,0.389027274878,0.193958664547,2.09866904602,0.964253345467,0.518282988871,1.87867287326,0.863174022847,0.470588235294,0.786197569093,0.41766745858,2.25,1.88235294118,0.786197569093,2.25,0.166339869281,0.0612244897959,3,0.00441176470588,0.185952380952,17,17,17,1,0,0.352941176471,0.411764705882,0.235294117647,0,0,0,0,0,0,0,0,0,0,0,0,0,0,0,0,0,0,0,0,0,0,0,0,0,0,0,0,0,37,0,0,235,1,1,0,0,1,1,1,1,1,1,2,2,0,0,0,0
3477,WLNM_dir_neg,1,0.5,00:00:00,10,80,37,1986366810,threshold_sweep,0.3,1,1,1,2,0,0,4,1,1,0,0,1,1,1,1,0.555555555556,1,1,1,37,35,2,0,37,0,35,0,2,17,37,0.136029411765,1.88235294118,4.35294117647,3.36363636364,2.84615384615,1.69341284359,0.389027274878,0.193958664547,2.09866904602,0.964253345467,0.518282988871,1.87867287326,0.863174022847,0.470588235294,0.786197569093,0.41766745858,2.25,1.88235294118,0.786197569093,2.25,0.166339869281,0.0612244897959,3,0.00441176470588,0.185952380952,17,17,17,1,0,0.352941176471,0.411764705882,0.235294117647,17,0.128676470588,1.90196078431,4.11764705882,3.18181818182,2.69230769231,1.57648156274,0.382859808093,0.201680672269,2.01465221053,0.978545359402,0.524369747899,1.74894926439,0.849489642704,0.463865546218,0.814492905316,0.428238537847,2.33333333333,1.90196078431,0.814492905316,2.33333333333,0,0,0,0,0.164242424242,17,17,17,1,0,0.352941176471,0.411764705882,0.235294117647,17,37,0.136029411765,1.88235294118,4.35294117647,3.36363636364,2.84615384615,1.69341284359,0.389027274878,0.193958664547,2.09866904602,0.964253345467,0.518282988871,1.87867287326,0.863174022847,0.470588235294,0.786197569093,0.41766745858,2.25,1.88235294118,0.786197569093,2.25,0.166339869281,0.0612244897959,3,0.00441176470588,0.185952380952,17,17,17,1,0,0.352941176471,0.411764705882,0.235294117647,0,0,0,0,0,0,0,0,0,0,0,0,0,0,0,0,0,0,0,0,0,0,0,0,0,0,0,0,0,37,0,0,235,1,1,0,0,1,1,1,1,1,1,2,2,0,0,0,0
3478,WLNM_dir_neg,1,0.5,00:00:00,10,80,37,1986366810,threshold_sweep,0.4,1,1,1,2,0,0,4,1,1,0,0,1,1,1,1,0.555555555556,1,1,1,37,35,2,0,37,0,35,0,2,17,37,0.136029411765,1.88235294118,4.35294117647,3.36363636364,2.84615384615,1.69341284359,0.389027274878,0.193958664547,2.09866904602,0.964253345467,0.518282988871,1.87867287326,0.863174022847,0.470588235294,0.786197569093,0.41766745858,2.25,1.88235294118,0.786197569093,2.25,0.166339869281,0.0612244897959,3,0.00441176470588,0.185952380952,17,17,17,1,0,0.352941176471,0.411764705882,0.235294117647,17,0.128676470588,1.90196078431,4.11764705882,3.18181818182,2.69230769231,1.57648156274,0.382859808093,0.201680672269,2.01465221053,0.978545359402,0.524369747899,1.74894926439,0.849489642704,0.463865546218,0.814492905316,0.428238537847,2.33333333333,1.90196078431,0.814492905316,2.33333333333,0,0,0,0,0.164242424242,17,17,17,1,0,0.352941176471,0.411764705882,0.235294117647,17,37,0.136029411765,1.88235294118,4.35294117647,3.36363636364,2.84615384615,1.69341284359,0.389027274878,0.193958664547,2.09866904602,0.964253345467,0.518282988871,1.87867287326,0.863174022847,0.470588235294,0.786197569093,0.41766745858,2.25,1.88235294118,0.786197569093,2.25,0.166339869281,0.0612244897959,3,0.00441176470588,0.185952380952,17,17,17,1,0,0.352941176471,0.411764705882,0.235294117647,0,0,0,0,0,0,0,0,0,0,0,0,0,0,0,0,0,0,0,0,0,0,0,0,0,0,0,0,0,37,0,0,235,1,1,0,0,1,1,1,1,1,1,2,2,0,0,0,0
3479,WLNM_dir_neg,1,0.5,00:00:00,10,80,37,1986366810,threshold_sweep,0.5,1,1,1,2,0,0,4,1,1,0,0,1,1,1,1,0.555555555556,1,1,1,37,35,2,0,37,0,35,0,2,17,37,0.136029411765,1.88235294118,4.35294117647,3.36363636364,2.84615384615,1.69341284359,0.389027274878,0.193958664547,2.09866904602,0.964253345467,0.518282988871,1.87867287326,0.863174022847,0.470588235294,0.786197569093,0.41766745858,2.25,1.88235294118,0.786197569093,2.25,0.166339869281,0.0612244897959,3,0.00441176470588,0.185952380952,17,17,17,1,0,0.352941176471,0.411764705882,0.235294117647,17,0.128676470588,1.90196078431,4.11764705882,3.18181818182,2.69230769231,1.57648156274,0.382859808093,0.201680672269,2.01465221053,0.978545359402,0.524369747899,1.74894926439,0.849489642704,0.463865546218,0.814492905316,0.428238537847,2.33333333333,1.90196078431,0.814492905316,2.33333333333,0,0,0,0,0.164242424242,17,17,17,1,0,0.352941176471,0.411764705882,0.235294117647,17,37,0.136029411765,1.88235294118,4.35294117647,3.36363636364,2.84615384615,1.69341284359,0.389027274878,0.193958664547,2.09866904602,0.964253345467,0.518282988871,1.87867287326,0.863174022847,0.470588235294,0.786197569093,0.41766745858,2.25,1.88235294118,0.786197569093,2.25,0.166339869281,0.0612244897959,3,0.00441176470588,0.185952380952,17,17,17,1,0,0.352941176471,0.411764705882,0.235294117647,0,0,0,0,0,0,0,0,0,0,0,0,0,0,0,0,0,0,0,0,0,0,0,0,0,0,0,0,0,37,0,0,235,1,1,0,0,1,1,1,1,1,1,2,2,0,0,0,0
3480,WLNM_dir_neg,1,0.5,00:00:00,10,80,37,1986366810,threshold_sweep,0.6,1,1,1,2,0,0,4,1,1,0,0,1,1,1,1,0.555555555556,1,1,1,37,35,2,0,37,0,35,0,2,17,37,0.136029411765,1.88235294118,4.35294117647,3.36363636364,2.84615384615,1.69341284359,0.389027274878,0.193958664547,2.09866904602,0.964253345467,0.518282988871,1.87867287326,0.863174022847,0.470588235294,0.786197569093,0.41766745858,2.25,1.88235294118,0.786197569093,2.25,0.166339869281,0.0612244897959,3,0.00441176470588,0.185952380952,17,17,17,1,0,0.352941176471,0.411764705882,0.235294117647,17,0.128676470588,1.90196078431,4.11764705882,3.18181818182,2.69230769231,1.57648156274,0.382859808093,0.201680672269,2.01465221053,0.978545359402,0.524369747899,1.74894926439,0.849489642704,0.463865546218,0.814492905316,0.428238537847,2.33333333333,1.90196078431,0.814492905316,2.33333333333,0,0,0,0,0.164242424242,17,17,17,1,0,0.352941176471,0.411764705882,0.235294117647,17,37,0.136029411765,1.88235294118,4.35294117647,3.36363636364,2.84615384615,1.69341284359,0.389027274878,0.193958664547,2.09866904602,0.964253345467,0.518282988871,1.87867287326,0.863174022847,0.470588235294,0.786197569093,0.41766745858,2.25,1.88235294118,0.786197569093,2.25,0.166339869281,0.0612244897959,3,0.00441176470588,0.185952380952,17,17,17,1,0,0.352941176471,0.411764705882,0.235294117647,0,0,0,0,0,0,0,0,0,0,0,0,0,0,0,0,0,0,0,0,0,0,0,0,0,0,0,0,0,37,0,0,235,1,1,0,0,1,1,1,1,1,1,2,2,0,0,0,0
3481,WLNM_dir_neg,1,0.5,00:00:00,10,80,37,1986366810,threshold_sweep,0.7,1,1,1,2,0,0,4,1,1,0,0,1,1,1,1,0.555555555556,1,1,1,37,35,2,0,37,0,35,0,2,17,37,0.136029411765,1.88235294118,4.35294117647,3.36363636364,2.84615384615,1.69341284359,0.389027274878,0.193958664547,2.09866904602,0.964253345467,0.518282988871,1.87867287326,0.863174022847,0.470588235294,0.786197569093,0.41766745858,2.25,1.88235294118,0.786197569093,2.25,0.166339869281,0.0612244897959,3,0.00441176470588,0.185952380952,17,17,17,1,0,0.352941176471,0.411764705882,0.235294117647,17,0.128676470588,1.90196078431,4.11764705882,3.18181818182,2.69230769231,1.57648156274,0.382859808093,0.201680672269,2.01465221053,0.978545359402,0.524369747899,1.74894926439,0.849489642704,0.463865546218,0.814492905316,0.428238537847,2.33333333333,1.90196078431,0.814492905316,2.33333333333,0,0,0,0,0.164242424242,17,17,17,1,0,0.352941176471,0.411764705882,0.235294117647,17,37,0.136029411765,1.88235294118,4.35294117647,3.36363636364,2.84615384615,1.69341284359,0.389027274878,0.193958664547,2.09866904602,0.964253345467,0.518282988871,1.87867287326,0.863174022847,0.470588235294,0.786197569093,0.41766745858,2.25,1.88235294118,0.786197569093,2.25,0.166339869281,0.0612244897959,3,0.00441176470588,0.185952380952,17,17,17,1,0,0.352941176471,0.411764705882,0.235294117647,0,0,0,0,0,0,0,0,0,0,0,0,0,0,0,0,0,0,0,0,0,0,0,0,0,0,0,0,0,37,0,0,235,1,1,0,0,1,1,1,1,1,1,2,2,0,0,0,0
3482,WLNM_dir_neg,1,0.5,00:00:00,10,80,37,1986366810,threshold_sweep,0.8,1,1,1,2,0,0,4,1,1,0,0,1,1,1,1,0.555555555556,1,1,1,37,35,2,0,37,0,35,0,2,17,37,0.136029411765,1.88235294118,4.35294117647,3.36363636364,2.84615384615,1.69341284359,0.389027274878,0.193958664547,2.09866904602,0.964253345467,0.518282988871,1.87867287326,0.863174022847,0.470588235294,0.786197569093,0.41766745858,2.25,1.88235294118,0.786197569093,2.25,0.166339869281,0.0612244897959,3,0.00441176470588,0.185952380952,17,17,17,1,0,0.352941176471,0.411764705882,0.235294117647,17,0.128676470588,1.90196078431,4.11764705882,3.18181818182,2.69230769231,1.57648156274,0.382859808093,0.201680672269,2.01465221053,0.978545359402,0.524369747899,1.74894926439,0.849489642704,0.463865546218,0.814492905316,0.428238537847,2.33333333333,1.90196078431,0.814492905316,2.33333333333,0,0,0,0,0.164242424242,17,17,17,1,0,0.352941176471,0.411764705882,0.235294117647,17,37,0.136029411765,1.88235294118,4.35294117647,3.36363636364,2.84615384615,1.69341284359,0.389027274878,0.193958664547,2.09866904602,0.964253345467,0.518282988871,1.87867287326,0.863174022847,0.470588235294,0.786197569093,0.41766745858,2.25,1.88235294118,0.786197569093,2.25,0.166339869281,0.0612244897959,3,0.00441176470588,0.185952380952,17,17,17,1,0,0.352941176471,0.411764705882,0.235294117647,0,0,0,0,0,0,0,0,0,0,0,0,0,0,0,0,0,0,0,0,0,0,0,0,0,0,0,0,0,37,0,0,235,1,1,0,0,1,1,1,1,1,1,2,2,0,0,0,0
3483,WLNM_dir_neg,1,0.5,00:00:00,10,80,37,1986366810,threshold_sweep,0.9,1,1,1,2,0,0,4,1,1,0,0,1,1,1,1,0.555555555556,1,1,1,37,35,2,0,37,0,35,0,2,17,37,0.136029411765,1.88235294118,4.35294117647,3.36363636364,2.84615384615,1.69341284359,0.389027274878,0.193958664547,2.09866904602,0.964253345467,0.518282988871,1.87867287326,0.863174022847,0.470588235294,0.786197569093,0.41766745858,2.25,1.88235294118,0.786197569093,2.25,0.166339869281,0.0612244897959,3,0.00441176470588,0.185952380952,17,17,17,1,0,0.352941176471,0.411764705882,0.235294117647,17,0.128676470588,1.90196078431,4.11764705882,3.18181818182,2.69230769231,1.57648156274,0.382859808093,0.201680672269,2.01465221053,0.978545359402,0.524369747899,1.74894926439,0.849489642704,0.463865546218,0.814492905316,0.428238537847,2.33333333333,1.90196078431,0.814492905316,2.33333333333,0,0,0,0,0.164242424242,17,17,17,1,0,0.352941176471,0.411764705882,0.235294117647,17,37,0.136029411765,1.88235294118,4.35294117647,3.36363636364,2.84615384615,1.69341284359,0.389027274878,0.193958664547,2.09866904602,0.964253345467,0.518282988871,1.87867287326,0.863174022847,0.470588235294,0.786197569093,0.41766745858,2.25,1.88235294118,0.786197569093,2.25,0.166339869281,0.0612244897959,3,0.00441176470588,0.185952380952,17,17,17,1,0,0.352941176471,0.411764705882,0.235294117647,0,0,0,0,0,0,0,0,0,0,0,0,0,0,0,0,0,0,0,0,0,0,0,0,0,0,0,0,0,37,0,0,235,1,1,0,0,1,1,1,1,1,1,2,2,0,0,0,0
3484,WLNM_dir_neg,1,0.5,00:00:00,10,80,38,1986366811,threshold_sweep,0.1,1,1,1,2,0,0,4,1,1,0,0,1,1,1,1,0.555555555556,1,1,1,37,35,2,0,37,0,35,0,2,17,37,0.136029411765,1.88235294118,4.35294117647,3.36363636364,2.84615384615,1.69341284359,0.389027274878,0.193958664547,2.09866904602,0.964253345467,0.518282988871,1.87867287326,0.863174022847,0.470588235294,0.786197569093,0.41766745858,2.25,1.88235294118,0.786197569093,2.25,0.166339869281,0.0612244897959,3,0.00441176470588,0.185952380952,17,17,17,1,0,0.352941176471,0.411764705882,0.235294117647,17,0.128676470588,1.90196078431,4.11764705882,3.18181818182,2.69230769231,1.57648156274,0.382859808093,0.201680672269,2.01465221053,0.978545359402,0.524369747899,1.74894926439,0.849489642704,0.463865546218,0.814492905316,0.428238537847,2.33333333333,1.90196078431,0.814492905316,2.33333333333,0,0,0,0,0.164242424242,17,17,17,1,0,0.352941176471,0.411764705882,0.235294117647,17,37,0.136029411765,1.88235294118,4.35294117647,3.36363636364,2.84615384615,1.69341284359,0.389027274878,0.193958664547,2.09866904602,0.964253345467,0.518282988871,1.87867287326,0.863174022847,0.470588235294,0.786197569093,0.41766745858,2.25,1.88235294118,0.786197569093,2.25,0.166339869281,0.0612244897959,3,0.00441176470588,0.185952380952,17,17,17,1,0,0.352941176471,0.411764705882,0.235294117647,0,0,0,0,0,0,0,0,0,0,0,0,0,0,0,0,0,0,0,0,0,0,0,0,0,0,0,0,0,37,0,0,235,1,1,0,0,1,1,1,1,1,1,2,2,0,0,0,0
3485,WLNM_dir_neg,1,0.5,00:00:00,10,80,38,1986366811,threshold_sweep,0.2,1,1,1,2,0,0,4,1,1,0,0,1,1,1,1,0.555555555556,1,1,1,37,35,2,0,37,0,35,0,2,17,37,0.136029411765,1.88235294118,4.35294117647,3.36363636364,2.84615384615,1.69341284359,0.389027274878,0.193958664547,2.09866904602,0.964253345467,0.518282988871,1.87867287326,0.863174022847,0.470588235294,0.786197569093,0.41766745858,2.25,1.88235294118,0.786197569093,2.25,0.166339869281,0.0612244897959,3,0.00441176470588,0.185952380952,17,17,17,1,0,0.352941176471,0.411764705882,0.235294117647,17,0.128676470588,1.90196078431,4.11764705882,3.18181818182,2.69230769231,1.57648156274,0.382859808093,0.201680672269,2.01465221053,0.978545359402,0.524369747899,1.74894926439,0.849489642704,0.463865546218,0.814492905316,0.428238537847,2.33333333333,1.90196078431,0.814492905316,2.33333333333,0,0,0,0,0.164242424242,17,17,17,1,0,0.352941176471,0.411764705882,0.235294117647,17,37,0.136029411765,1.88235294118,4.35294117647,3.36363636364,2.84615384615,1.69341284359,0.389027274878,0.193958664547,2.09866904602,0.964253345467,0.518282988871,1.87867287326,0.863174022847,0.470588235294,0.786197569093,0.41766745858,2.25,1.88235294118,0.786197569093,2.25,0.166339869281,0.0612244897959,3,0.00441176470588,0.185952380952,17,17,17,1,0,0.352941176471,0.411764705882,0.235294117647,0,0,0,0,0,0,0,0,0,0,0,0,0,0,0,0,0,0,0,0,0,0,0,0,0,0,0,0,0,37,0,0,235,1,1,0,0,1,1,1,1,1,1,2,2,0,0,0,0
3486,WLNM_dir_neg,1,0.5,00:00:00,10,80,38,1986366811,threshold_sweep,0.3,1,1,1,2,0,0,4,1,1,0,0,1,1,1,1,0.555555555556,1,1,1,37,35,2,0,37,0,35,0,2,17,37,0.136029411765,1.88235294118,4.35294117647,3.36363636364,2.84615384615,1.69341284359,0.389027274878,0.193958664547,2.09866904602,0.964253345467,0.518282988871,1.87867287326,0.863174022847,0.470588235294,0.786197569093,0.41766745858,2.25,1.88235294118,0.786197569093,2.25,0.166339869281,0.0612244897959,3,0.00441176470588,0.185952380952,17,17,17,1,0,0.352941176471,0.411764705882,0.235294117647,17,0.128676470588,1.90196078431,4.11764705882,3.18181818182,2.69230769231,1.57648156274,0.382859808093,0.201680672269,2.01465221053,0.978545359402,0.524369747899,1.74894926439,0.849489642704,0.463865546218,0.814492905316,0.428238537847,2.33333333333,1.90196078431,0.814492905316,2.33333333333,0,0,0,0,0.164242424242,17,17,17,1,0,0.352941176471,0.411764705882,0.235294117647,17,37,0.136029411765,1.88235294118,4.35294117647,3.36363636364,2.84615384615,1.69341284359,0.389027274878,0.193958664547,2.09866904602,0.964253345467,0.518282988871,1.87867287326,0.863174022847,0.470588235294,0.786197569093,0.41766745858,2.25,1.88235294118,0.786197569093,2.25,0.166339869281,0.0612244897959,3,0.00441176470588,0.185952380952,17,17,17,1,0,0.352941176471,0.411764705882,0.235294117647,0,0,0,0,0,0,0,0,0,0,0,0,0,0,0,0,0,0,0,0,0,0,0,0,0,0,0,0,0,37,0,0,235,1,1,0,0,1,1,1,1,1,1,2,2,0,0,0,0
3487,WLNM_dir_neg,1,0.5,00:00:00,10,80,38,1986366811,threshold_sweep,0.4,1,1,1,2,0,0,4,1,1,0,0,1,1,1,1,0.555555555556,1,1,1,37,35,2,0,37,0,35,0,2,17,37,0.136029411765,1.88235294118,4.35294117647,3.36363636364,2.84615384615,1.69341284359,0.389027274878,0.193958664547,2.09866904602,0.964253345467,0.518282988871,1.87867287326,0.863174022847,0.470588235294,0.786197569093,0.41766745858,2.25,1.88235294118,0.786197569093,2.25,0.166339869281,0.0612244897959,3,0.00441176470588,0.185952380952,17,17,17,1,0,0.352941176471,0.411764705882,0.235294117647,17,0.128676470588,1.90196078431,4.11764705882,3.18181818182,2.69230769231,1.57648156274,0.382859808093,0.201680672269,2.01465221053,0.978545359402,0.524369747899,1.74894926439,0.849489642704,0.463865546218,0.814492905316,0.428238537847,2.33333333333,1.90196078431,0.814492905316,2.33333333333,0,0,0,0,0.164242424242,17,17,17,1,0,0.352941176471,0.411764705882,0.235294117647,17,37,0.136029411765,1.88235294118,4.35294117647,3.36363636364,2.84615384615,1.69341284359,0.389027274878,0.193958664547,2.09866904602,0.964253345467,0.518282988871,1.87867287326,0.863174022847,0.470588235294,0.786197569093,0.41766745858,2.25,1.88235294118,0.786197569093,2.25,0.166339869281,0.0612244897959,3,0.00441176470588,0.185952380952,17,17,17,1,0,0.352941176471,0.411764705882,0.235294117647,0,0,0,0,0,0,0,0,0,0,0,0,0,0,0,0,0,0,0,0,0,0,0,0,0,0,0,0,0,37,0,0,235,1,1,0,0,1,1,1,1,1,1,2,2,0,0,0,0
3488,WLNM_dir_neg,1,0.5,00:00:00,10,80,38,1986366811,threshold_sweep,0.5,1,1,1,2,0,0,4,1,1,0,0,1,1,1,1,0.555555555556,1,1,1,37,35,2,0,37,0,35,0,2,17,37,0.136029411765,1.88235294118,4.35294117647,3.36363636364,2.84615384615,1.69341284359,0.389027274878,0.193958664547,2.09866904602,0.964253345467,0.518282988871,1.87867287326,0.863174022847,0.470588235294,0.786197569093,0.41766745858,2.25,1.88235294118,0.786197569093,2.25,0.166339869281,0.0612244897959,3,0.00441176470588,0.185952380952,17,17,17,1,0,0.352941176471,0.411764705882,0.235294117647,17,0.128676470588,1.90196078431,4.11764705882,3.18181818182,2.69230769231,1.57648156274,0.382859808093,0.201680672269,2.01465221053,0.978545359402,0.524369747899,1.74894926439,0.849489642704,0.463865546218,0.814492905316,0.428238537847,2.33333333333,1.90196078431,0.814492905316,2.33333333333,0,0,0,0,0.164242424242,17,17,17,1,0,0.352941176471,0.411764705882,0.235294117647,17,37,0.136029411765,1.88235294118,4.35294117647,3.36363636364,2.84615384615,1.69341284359,0.389027274878,0.193958664547,2.09866904602,0.964253345467,0.518282988871,1.87867287326,0.863174022847,0.470588235294,0.786197569093,0.41766745858,2.25,1.88235294118,0.786197569093,2.25,0.166339869281,0.0612244897959,3,0.00441176470588,0.185952380952,17,17,17,1,0,0.352941176471,0.411764705882,0.235294117647,0,0,0,0,0,0,0,0,0,0,0,0,0,0,0,0,0,0,0,0,0,0,0,0,0,0,0,0,0,37,0,0,235,1,1,0,0,1,1,1,1,1,1,2,2,0,0,0,0
3489,WLNM_dir_neg,1,0.5,00:00:00,10,80,38,1986366811,threshold_sweep,0.6,1,1,1,2,0,0,4,1,1,0,0,1,1,1,1,0.555555555556,1,1,1,37,35,2,0,37,0,35,0,2,17,37,0.136029411765,1.88235294118,4.35294117647,3.36363636364,2.84615384615,1.69341284359,0.389027274878,0.193958664547,2.09866904602,0.964253345467,0.518282988871,1.87867287326,0.863174022847,0.470588235294,0.786197569093,0.41766745858,2.25,1.88235294118,0.786197569093,2.25,0.166339869281,0.0612244897959,3,0.00441176470588,0.185952380952,17,17,17,1,0,0.352941176471,0.411764705882,0.235294117647,17,0.128676470588,1.90196078431,4.11764705882,3.18181818182,2.69230769231,1.57648156274,0.382859808093,0.201680672269,2.01465221053,0.978545359402,0.524369747899,1.74894926439,0.849489642704,0.463865546218,0.814492905316,0.428238537847,2.33333333333,1.90196078431,0.814492905316,2.33333333333,0,0,0,0,0.164242424242,17,17,17,1,0,0.352941176471,0.411764705882,0.235294117647,17,37,0.136029411765,1.88235294118,4.35294117647,3.36363636364,2.84615384615,1.69341284359,0.389027274878,0.193958664547,2.09866904602,0.964253345467,0.518282988871,1.87867287326,0.863174022847,0.470588235294,0.786197569093,0.41766745858,2.25,1.88235294118,0.786197569093,2.25,0.166339869281,0.0612244897959,3,0.00441176470588,0.185952380952,17,17,17,1,0,0.352941176471,0.411764705882,0.235294117647,0,0,0,0,0,0,0,0,0,0,0,0,0,0,0,0,0,0,0,0,0,0,0,0,0,0,0,0,0,37,0,0,235,1,1,0,0,1,1,1,1,1,1,2,2,0,0,0,0
3490,WLNM_dir_neg,1,0.5,00:00:00,10,80,38,1986366811,threshold_sweep,0.7,1,1,1,2,0,0,4,1,1,0,0,1,1,1,1,0.555555555556,1,1,1,37,35,2,0,37,0,35,0,2,17,37,0.136029411765,1.88235294118,4.35294117647,3.36363636364,2.84615384615,1.69341284359,0.389027274878,0.193958664547,2.09866904602,0.964253345467,0.518282988871,1.87867287326,0.863174022847,0.470588235294,0.786197569093,0.41766745858,2.25,1.88235294118,0.786197569093,2.25,0.166339869281,0.0612244897959,3,0.00441176470588,0.185952380952,17,17,17,1,0,0.352941176471,0.411764705882,0.235294117647,17,0.128676470588,1.90196078431,4.11764705882,3.18181818182,2.69230769231,1.57648156274,0.382859808093,0.201680672269,2.01465221053,0.978545359402,0.524369747899,1.74894926439,0.849489642704,0.463865546218,0.814492905316,0.428238537847,2.33333333333,1.90196078431,0.814492905316,2.33333333333,0,0,0,0,0.164242424242,17,17,17,1,0,0.352941176471,0.411764705882,0.235294117647,17,37,0.136029411765,1.88235294118,4.35294117647,3.36363636364,2.84615384615,1.69341284359,0.389027274878,0.193958664547,2.09866904602,0.964253345467,0.518282988871,1.87867287326,0.863174022847,0.470588235294,0.786197569093,0.41766745858,2.25,1.88235294118,0.786197569093,2.25,0.166339869281,0.0612244897959,3,0.00441176470588,0.185952380952,17,17,17,1,0,0.352941176471,0.411764705882,0.235294117647,0,0,0,0,0,0,0,0,0,0,0,0,0,0,0,0,0,0,0,0,0,0,0,0,0,0,0,0,0,37,0,0,235,1,1,0,0,1,1,1,1,1,1,2,2,0,0,0,0
3491,WLNM_dir_neg,1,0.5,00:00:00,10,80,38,1986366811,threshold_sweep,0.8,1,1,1,2,0,0,4,1,1,0,0,1,1,1,1,0.555555555556,1,1,1,37,35,2,0,37,0,35,0,2,17,37,0.136029411765,1.88235294118,4.35294117647,3.36363636364,2.84615384615,1.69341284359,0.389027274878,0.193958664547,2.09866904602,0.964253345467,0.518282988871,1.87867287326,0.863174022847,0.470588235294,0.786197569093,0.41766745858,2.25,1.88235294118,0.786197569093,2.25,0.166339869281,0.0612244897959,3,0.00441176470588,0.185952380952,17,17,17,1,0,0.352941176471,0.411764705882,0.235294117647,17,0.128676470588,1.90196078431,4.11764705882,3.18181818182,2.69230769231,1.57648156274,0.382859808093,0.201680672269,2.01465221053,0.978545359402,0.524369747899,1.74894926439,0.849489642704,0.463865546218,0.814492905316,0.428238537847,2.33333333333,1.90196078431,0.814492905316,2.33333333333,0,0,0,0,0.164242424242,17,17,17,1,0,0.352941176471,0.411764705882,0.235294117647,17,37,0.136029411765,1.88235294118,4.35294117647,3.36363636364,2.84615384615,1.69341284359,0.389027274878,0.193958664547,2.09866904602,0.964253345467,0.518282988871,1.87867287326,0.863174022847,0.470588235294,0.786197569093,0.41766745858,2.25,1.88235294118,0.786197569093,2.25,0.166339869281,0.0612244897959,3,0.00441176470588,0.185952380952,17,17,17,1,0,0.352941176471,0.411764705882,0.235294117647,0,0,0,0,0,0,0,0,0,0,0,0,0,0,0,0,0,0,0,0,0,0,0,0,0,0,0,0,0,37,0,0,235,1,1,0,0,1,1,1,1,1,1,2,2,0,0,0,0
3492,WLNM_dir_neg,1,0.5,00:00:00,10,80,38,1986366811,threshold_sweep,0.9,1,1,1,2,0,0,4,1,1,0,0,1,1,1,1,0.555555555556,1,1,1,37,35,2,0,37,0,35,0,2,17,37,0.136029411765,1.88235294118,4.35294117647,3.36363636364,2.84615384615,1.69341284359,0.389027274878,0.193958664547,2.09866904602,0.964253345467,0.518282988871,1.87867287326,0.863174022847,0.470588235294,0.786197569093,0.41766745858,2.25,1.88235294118,0.786197569093,2.25,0.166339869281,0.0612244897959,3,0.00441176470588,0.185952380952,17,17,17,1,0,0.352941176471,0.411764705882,0.235294117647,17,0.128676470588,1.90196078431,4.11764705882,3.18181818182,2.69230769231,1.57648156274,0.382859808093,0.201680672269,2.01465221053,0.978545359402,0.524369747899,1.74894926439,0.849489642704,0.463865546218,0.814492905316,0.428238537847,2.33333333333,1.90196078431,0.814492905316,2.33333333333,0,0,0,0,0.164242424242,17,17,17,1,0,0.352941176471,0.411764705882,0.235294117647,17,37,0.136029411765,1.88235294118,4.35294117647,3.36363636364,2.84615384615,1.69341284359,0.389027274878,0.193958664547,2.09866904602,0.964253345467,0.518282988871,1.87867287326,0.863174022847,0.470588235294,0.786197569093,0.41766745858,2.25,1.88235294118,0.786197569093,2.25,0.166339869281,0.0612244897959,3,0.00441176470588,0.185952380952,17,17,17,1,0,0.352941176471,0.411764705882,0.235294117647,0,0,0,0,0,0,0,0,0,0,0,0,0,0,0,0,0,0,0,0,0,0,0,0,0,0,0,0,0,37,0,0,235,1,1,0,0,1,1,1,1,1,1,2,2,0,0,0,0
3493,WLNM_dir_neg,1,0.5,00:00:00,10,80,39,1986366812,threshold_sweep,0.1,1,1,1,2,0,0,4,1,1,0,0,1,1,1,1,0.555555555556,1,1,1,37,35,2,0,37,0,35,0,2,17,37,0.136029411765,1.88235294118,4.35294117647,3.36363636364,2.84615384615,1.69341284359,0.389027274878,0.193958664547,2.09866904602,0.964253345467,0.518282988871,1.87867287326,0.863174022847,0.470588235294,0.786197569093,0.41766745858,2.25,1.88235294118,0.786197569093,2.25,0.166339869281,0.0612244897959,3,0.00441176470588,0.185952380952,17,17,17,1,0,0.352941176471,0.411764705882,0.235294117647,17,0.128676470588,1.90196078431,4.11764705882,3.18181818182,2.69230769231,1.57648156274,0.382859808093,0.201680672269,2.01465221053,0.978545359402,0.524369747899,1.74894926439,0.849489642704,0.463865546218,0.814492905316,0.428238537847,2.33333333333,1.90196078431,0.814492905316,2.33333333333,0,0,0,0,0.164242424242,17,17,17,1,0,0.352941176471,0.411764705882,0.235294117647,17,37,0.136029411765,1.88235294118,4.35294117647,3.36363636364,2.84615384615,1.69341284359,0.389027274878,0.193958664547,2.09866904602,0.964253345467,0.518282988871,1.87867287326,0.863174022847,0.470588235294,0.786197569093,0.41766745858,2.25,1.88235294118,0.786197569093,2.25,0.166339869281,0.0612244897959,3,0.00441176470588,0.185952380952,17,17,17,1,0,0.352941176471,0.411764705882,0.235294117647,0,0,0,0,0,0,0,0,0,0,0,0,0,0,0,0,0,0,0,0,0,0,0,0,0,0,0,0,0,37,0,0,235,1,1,0,0,1,1,1,1,1,1,2,2,0,0,0,0
3494,WLNM_dir_neg,1,0.5,00:00:00,10,80,39,1986366812,threshold_sweep,0.2,1,1,1,2,0,0,4,1,1,0,0,1,1,1,1,0.555555555556,1,1,1,37,35,2,0,37,0,35,0,2,17,37,0.136029411765,1.88235294118,4.35294117647,3.36363636364,2.84615384615,1.69341284359,0.389027274878,0.193958664547,2.09866904602,0.964253345467,0.518282988871,1.87867287326,0.863174022847,0.470588235294,0.786197569093,0.41766745858,2.25,1.88235294118,0.786197569093,2.25,0.166339869281,0.0612244897959,3,0.00441176470588,0.185952380952,17,17,17,1,0,0.352941176471,0.411764705882,0.235294117647,17,0.128676470588,1.90196078431,4.11764705882,3.18181818182,2.69230769231,1.57648156274,0.382859808093,0.201680672269,2.01465221053,0.978545359402,0.524369747899,1.74894926439,0.849489642704,0.463865546218,0.814492905316,0.428238537847,2.33333333333,1.90196078431,0.814492905316,2.33333333333,0,0,0,0,0.164242424242,17,17,17,1,0,0.352941176471,0.411764705882,0.235294117647,17,37,0.136029411765,1.88235294118,4.35294117647,3.36363636364,2.84615384615,1.69341284359,0.389027274878,0.193958664547,2.09866904602,0.964253345467,0.518282988871,1.87867287326,0.863174022847,0.470588235294,0.786197569093,0.41766745858,2.25,1.88235294118,0.786197569093,2.25,0.166339869281,0.0612244897959,3,0.00441176470588,0.185952380952,17,17,17,1,0,0.352941176471,0.411764705882,0.235294117647,0,0,0,0,0,0,0,0,0,0,0,0,0,0,0,0,0,0,0,0,0,0,0,0,0,0,0,0,0,37,0,0,235,1,1,0,0,1,1,1,1,1,1,2,2,0,0,0,0
3495,WLNM_dir_neg,1,0.5,00:00:00,10,80,39,1986366812,threshold_sweep,0.3,1,1,1,2,0,0,4,1,1,0,0,1,1,1,1,0.555555555556,1,1,1,37,35,2,0,37,0,35,0,2,17,37,0.136029411765,1.88235294118,4.35294117647,3.36363636364,2.84615384615,1.69341284359,0.389027274878,0.193958664547,2.09866904602,0.964253345467,0.518282988871,1.87867287326,0.863174022847,0.470588235294,0.786197569093,0.41766745858,2.25,1.88235294118,0.786197569093,2.25,0.166339869281,0.0612244897959,3,0.00441176470588,0.185952380952,17,17,17,1,0,0.352941176471,0.411764705882,0.235294117647,17,0.128676470588,1.90196078431,4.11764705882,3.18181818182,2.69230769231,1.57648156274,0.382859808093,0.201680672269,2.01465221053,0.978545359402,0.524369747899,1.74894926439,0.849489642704,0.463865546218,0.814492905316,0.428238537847,2.33333333333,1.90196078431,0.814492905316,2.33333333333,0,0,0,0,0.164242424242,17,17,17,1,0,0.352941176471,0.411764705882,0.235294117647,17,37,0.136029411765,1.88235294118,4.35294117647,3.36363636364,2.84615384615,1.69341284359,0.389027274878,0.193958664547,2.09866904602,0.964253345467,0.518282988871,1.87867287326,0.863174022847,0.470588235294,0.786197569093,0.41766745858,2.25,1.88235294118,0.786197569093,2.25,0.166339869281,0.0612244897959,3,0.00441176470588,0.185952380952,17,17,17,1,0,0.352941176471,0.411764705882,0.235294117647,0,0,0,0,0,0,0,0,0,0,0,0,0,0,0,0,0,0,0,0,0,0,0,0,0,0,0,0,0,37,0,0,235,1,1,0,0,1,1,1,1,1,1,2,2,0,0,0,0
3496,WLNM_dir_neg,1,0.5,00:00:00,10,80,39,1986366812,threshold_sweep,0.4,1,1,1,2,0,0,4,1,1,0,0,1,1,1,1,0.555555555556,1,1,1,37,35,2,0,37,0,35,0,2,17,37,0.136029411765,1.88235294118,4.35294117647,3.36363636364,2.84615384615,1.69341284359,0.389027274878,0.193958664547,2.09866904602,0.964253345467,0.518282988871,1.87867287326,0.863174022847,0.470588235294,0.786197569093,0.41766745858,2.25,1.88235294118,0.786197569093,2.25,0.166339869281,0.0612244897959,3,0.00441176470588,0.185952380952,17,17,17,1,0,0.352941176471,0.411764705882,0.235294117647,17,0.128676470588,1.90196078431,4.11764705882,3.18181818182,2.69230769231,1.57648156274,0.382859808093,0.201680672269,2.01465221053,0.978545359402,0.524369747899,1.74894926439,0.849489642704,0.463865546218,0.814492905316,0.428238537847,2.33333333333,1.90196078431,0.814492905316,2.33333333333,0,0,0,0,0.164242424242,17,17,17,1,0,0.352941176471,0.411764705882,0.235294117647,17,37,0.136029411765,1.88235294118,4.35294117647,3.36363636364,2.84615384615,1.69341284359,0.389027274878,0.193958664547,2.09866904602,0.964253345467,0.518282988871,1.87867287326,0.863174022847,0.470588235294,0.786197569093,0.41766745858,2.25,1.88235294118,0.786197569093,2.25,0.166339869281,0.0612244897959,3,0.00441176470588,0.185952380952,17,17,17,1,0,0.352941176471,0.411764705882,0.235294117647,0,0,0,0,0,0,0,0,0,0,0,0,0,0,0,0,0,0,0,0,0,0,0,0,0,0,0,0,0,37,0,0,235,1,1,0,0,1,1,1,1,1,1,2,2,0,0,0,0
3497,WLNM_dir_neg,1,0.5,00:00:00,10,80,39,1986366812,threshold_sweep,0.5,1,1,1,2,0,0,4,1,1,0,0,1,1,1,1,0.555555555556,1,1,1,37,35,2,0,37,0,35,0,2,17,37,0.136029411765,1.88235294118,4.35294117647,3.36363636364,2.84615384615,1.69341284359,0.389027274878,0.193958664547,2.09866904602,0.964253345467,0.518282988871,1.87867287326,0.863174022847,0.470588235294,0.786197569093,0.41766745858,2.25,1.88235294118,0.786197569093,2.25,0.166339869281,0.0612244897959,3,0.00441176470588,0.185952380952,17,17,17,1,0,0.352941176471,0.411764705882,0.235294117647,17,0.128676470588,1.90196078431,4.11764705882,3.18181818182,2.69230769231,1.57648156274,0.382859808093,0.201680672269,2.01465221053,0.978545359402,0.524369747899,1.74894926439,0.849489642704,0.463865546218,0.814492905316,0.428238537847,2.33333333333,1.90196078431,0.814492905316,2.33333333333,0,0,0,0,0.164242424242,17,17,17,1,0,0.352941176471,0.411764705882,0.235294117647,17,37,0.136029411765,1.88235294118,4.35294117647,3.36363636364,2.84615384615,1.69341284359,0.389027274878,0.193958664547,2.09866904602,0.964253345467,0.518282988871,1.87867287326,0.863174022847,0.470588235294,0.786197569093,0.41766745858,2.25,1.88235294118,0.786197569093,2.25,0.166339869281,0.0612244897959,3,0.00441176470588,0.185952380952,17,17,17,1,0,0.352941176471,0.411764705882,0.235294117647,0,0,0,0,0,0,0,0,0,0,0,0,0,0,0,0,0,0,0,0,0,0,0,0,0,0,0,0,0,37,0,0,235,1,1,0,0,1,1,1,1,1,1,2,2,0,0,0,0
3498,WLNM_dir_neg,1,0.5,00:00:00,10,80,39,1986366812,threshold_sweep,0.6,1,1,1,2,0,0,4,1,1,0,0,1,1,1,1,0.555555555556,1,1,1,37,35,2,0,37,0,35,0,2,17,37,0.136029411765,1.88235294118,4.35294117647,3.36363636364,2.84615384615,1.69341284359,0.389027274878,0.193958664547,2.09866904602,0.964253345467,0.518282988871,1.87867287326,0.863174022847,0.470588235294,0.786197569093,0.41766745858,2.25,1.88235294118,0.786197569093,2.25,0.166339869281,0.0612244897959,3,0.00441176470588,0.185952380952,17,17,17,1,0,0.352941176471,0.411764705882,0.235294117647,17,0.128676470588,1.90196078431,4.11764705882,3.18181818182,2.69230769231,1.57648156274,0.382859808093,0.201680672269,2.01465221053,0.978545359402,0.524369747899,1.74894926439,0.849489642704,0.463865546218,0.814492905316,0.428238537847,2.33333333333,1.90196078431,0.814492905316,2.33333333333,0,0,0,0,0.164242424242,17,17,17,1,0,0.352941176471,0.411764705882,0.235294117647,17,37,0.136029411765,1.88235294118,4.35294117647,3.36363636364,2.84615384615,1.69341284359,0.389027274878,0.193958664547,2.09866904602,0.964253345467,0.518282988871,1.87867287326,0.863174022847,0.470588235294,0.786197569093,0.41766745858,2.25,1.88235294118,0.786197569093,2.25,0.166339869281,0.0612244897959,3,0.00441176470588,0.185952380952,17,17,17,1,0,0.352941176471,0.411764705882,0.235294117647,0,0,0,0,0,0,0,0,0,0,0,0,0,0,0,0,0,0,0,0,0,0,0,0,0,0,0,0,0,37,0,0,235,1,1,0,0,1,1,1,1,1,1,2,2,0,0,0,0
3499,WLNM_dir_neg,1,0.5,00:00:00,10,80,39,1986366812,threshold_sweep,0.7,1,0.5,0.666666666667,1,0,1,4,0.5,1,0,0.5,1,0.5,0.666666666667,0.833333333333,0.611111111111,0.571428571429,0.632455532034,0.5,37,35,2,0,37,0,35,0,2,17,37,0.136029411765,1.88235294118,4.35294117647,3.36363636364,2.84615384615,1.69341284359,0.389027274878,0.193958664547,2.09866904602,0.964253345467,0.518282988871,1.87867287326,0.863174022847,0.470588235294,0.786197569093,0.41766745858,2.25,1.88235294118,0.786197569093,2.25,0.166339869281,0.0612244897959,3,0.00441176470588,0.185952380952,17,17,17,1,0,0.352941176471,0.411764705882,0.235294117647,17,0.128676470588,1.90196078431,4.11764705882,3.18181818182,2.69230769231,1.57648156274,0.382859808093,0.201680672269,2.01465221053,0.978545359402,0.524369747899,1.74894926439,0.849489642704,0.463865546218,0.814492905316,0.428238537847,2.33333333333,1.90196078431,0.814492905316,2.33333333333,0,0,0,0,0.164242424242,17,17,17,1,0,0.352941176471,0.411764705882,0.235294117647,17,36,0.132352941176,1.89705882353,4.23529411765,3.27272727273,2.76923076923,1.71498585143,0.40492721492,0.204248366013,2.05798302171,0.971825315808,0.522875816993,1.79869233546,0.849382491746,0.464052287582,0.805541469338,0.424626510969,2.25,1.89705882353,0.805541469338,2.25,0.0702614379085,0.0214285714286,1,0.00147058823529,0.175454545455,17,17,17,1,0,0.352941176471,0.411764705882,0.235294117647,-1,-0.00367647058824,0.0147058823529,-0.117647058824,-0.0909090909091,-0.0769230769231,0.0215730078386,0.0158999400418,0.0102897014662,-0.0406860243059,0.00757197034072,0.00459282812224,-0.0799805377942,-0.0137915311015,-0.00653594771242,0.0193439002456,0.00695905238854,0,0.0147058823529,0.0193439002456,0,-0.0960784313725,-0.0397959183673,-2,-0.00294117647059,-0.0104978354978,0,0,0,36,0,1,235,0.972972972973,1,0,0.027027027027,1,0.972972972973,0.986301369863,0.984301887704,0.972972972973,0.972972972973,1,2,0,0,0,0
3500,WLNM_dir_neg,1,0.5,00:00:00,10,80,39,1986366812,threshold_sweep,0.8,1,0.5,0.666666666667,1,0,1,4,0.5,1,0,0.5,1,0.5,0.666666666667,0.833333333333,0.611111111111,0.571428571429,0.632455532034,0.5,37,35,2,0,37,0,35,0,2,17,37,0.136029411765,1.88235294118,4.35294117647,3.36363636364,2.84615384615,1.69341284359,0.389027274878,0.193958664547,2.09866904602,0.964253345467,0.518282988871,1.87867287326,0.863174022847,0.470588235294,0.786197569093,0.41766745858,2.25,1.88235294118,0.786197569093,2.25,0.166339869281,0.0612244897959,3,0.00441176470588,0.185952380952,17,17,17,1,0,0.352941176471,0.411764705882,0.235294117647,17,0.128676470588,1.90196078431,4.11764705882,3.18181818182,2.69230769231,1.57648156274,0.382859808093,0.201680672269,2.01465221053,0.978545359402,0.524369747899,1.74894926439,0.849489642704,0.463865546218,0.814492905316,0.428238537847,2.33333333333,1.90196078431,0.814492905316,2.33333333333,0,0,0,0,0.164242424242,17,17,17,1,0,0.352941176471,0.411764705882,0.235294117647,17,36,0.132352941176,1.89705882353,4.23529411765,3.27272727273,2.76923076923,1.71498585143,0.40492721492,0.204248366013,2.05798302171,0.971825315808,0.522875816993,1.79869233546,0.849382491746,0.464052287582,0.805541469338,0.424626510969,2.25,1.89705882353,0.805541469338,2.25,0.0702614379085,0.0214285714286,1,0.00147058823529,0.175454545455,17,17,17,1,0,0.352941176471,0.411764705882,0.235294117647,-1,-0.00367647058824,0.0147058823529,-0.117647058824,-0.0909090909091,-0.0769230769231,0.0215730078386,0.0158999400418,0.0102897014662,-0.0406860243059,0.00757197034072,0.00459282812224,-0.0799805377942,-0.0137915311015,-0.00653594771242,0.0193439002456,0.00695905238854,0,0.0147058823529,0.0193439002456,0,-0.0960784313725,-0.0397959183673,-2,-0.00294117647059,-0.0104978354978,0,0,0,36,0,1,235,0.972972972973,1,0,0.027027027027,1,0.972972972973,0.986301369863,0.984301887704,0.972972972973,0.972972972973,1,2,0,0,0,0
3501,WLNM_dir_neg,1,0.5,00:00:00,10,80,39,1986366812,threshold_sweep,0.9,1,0.5,0.666666666667,1,0,1,4,0.5,1,0,0.5,1,0.5,0.666666666667,0.833333333333,0.611111111111,0.571428571429,0.632455532034,0.5,37,35,2,0,37,0,35,0,2,17,37,0.136029411765,1.88235294118,4.35294117647,3.36363636364,2.84615384615,1.69341284359,0.389027274878,0.193958664547,2.09866904602,0.964253345467,0.518282988871,1.87867287326,0.863174022847,0.470588235294,0.786197569093,0.41766745858,2.25,1.88235294118,0.786197569093,2.25,0.166339869281,0.0612244897959,3,0.00441176470588,0.185952380952,17,17,17,1,0,0.352941176471,0.411764705882,0.235294117647,17,0.128676470588,1.90196078431,4.11764705882,3.18181818182,2.69230769231,1.57648156274,0.382859808093,0.201680672269,2.01465221053,0.978545359402,0.524369747899,1.74894926439,0.849489642704,0.463865546218,0.814492905316,0.428238537847,2.33333333333,1.90196078431,0.814492905316,2.33333333333,0,0,0,0,0.164242424242,17,17,17,1,0,0.352941176471,0.411764705882,0.235294117647,17,36,0.132352941176,1.89705882353,4.23529411765,3.27272727273,2.76923076923,1.71498585143,0.40492721492,0.204248366013,2.05798302171,0.971825315808,0.522875816993,1.79869233546,0.849382491746,0.464052287582,0.805541469338,0.424626510969,2.25,1.89705882353,0.805541469338,2.25,0.0702614379085,0.0214285714286,1,0.00147058823529,0.175454545455,17,17,17,1,0,0.352941176471,0.411764705882,0.235294117647,-1,-0.00367647058824,0.0147058823529,-0.117647058824,-0.0909090909091,-0.0769230769231,0.0215730078386,0.0158999400418,0.0102897014662,-0.0406860243059,0.00757197034072,0.00459282812224,-0.0799805377942,-0.0137915311015,-0.00653594771242,0.0193439002456,0.00695905238854,0,0.0147058823529,0.0193439002456,0,-0.0960784313725,-0.0397959183673,-2,-0.00294117647059,-0.0104978354978,0,0,0,36,0,1,235,0.972972972973,1,0,0.027027027027,1,0.972972972973,0.986301369863,0.984301887704,0.972972972973,0.972972972973,1,2,0,0,0,0
3502,WLNM_dir_neg,1,0.5,00:00:00,10,80,40,1986366813,threshold_sweep,0.1,1,1,1,2,0,0,4,1,1,0,0,1,1,1,1,0.555555555556,1,1,1,37,35,2,0,37,0,35,0,2,17,37,0.136029411765,1.88235294118,4.35294117647,3.36363636364,2.84615384615,1.69341284359,0.389027274878,0.193958664547,2.09866904602,0.964253345467,0.518282988871,1.87867287326,0.863174022847,0.470588235294,0.786197569093,0.41766745858,2.25,1.88235294118,0.786197569093,2.25,0.166339869281,0.0612244897959,3,0.00441176470588,0.185952380952,17,17,17,1,0,0.352941176471,0.411764705882,0.235294117647,17,0.128676470588,1.90196078431,4.11764705882,3.18181818182,2.69230769231,1.57648156274,0.382859808093,0.201680672269,2.01465221053,0.978545359402,0.524369747899,1.74894926439,0.849489642704,0.463865546218,0.814492905316,0.428238537847,2.33333333333,1.90196078431,0.814492905316,2.33333333333,0,0,0,0,0.164242424242,17,17,17,1,0,0.352941176471,0.411764705882,0.235294117647,17,37,0.136029411765,1.88235294118,4.35294117647,3.36363636364,2.84615384615,1.69341284359,0.389027274878,0.193958664547,2.09866904602,0.964253345467,0.518282988871,1.87867287326,0.863174022847,0.470588235294,0.786197569093,0.41766745858,2.25,1.88235294118,0.786197569093,2.25,0.166339869281,0.0612244897959,3,0.00441176470588,0.185952380952,17,17,17,1,0,0.352941176471,0.411764705882,0.235294117647,0,0,0,0,0,0,0,0,0,0,0,0,0,0,0,0,0,0,0,0,0,0,0,0,0,0,0,0,0,37,0,0,235,1,1,0,0,1,1,1,1,1,1,2,2,0,0,0,0
3503,WLNM_dir_neg,1,0.5,00:00:00,10,80,40,1986366813,threshold_sweep,0.2,1,1,1,2,0,0,4,1,1,0,0,1,1,1,1,0.555555555556,1,1,1,37,35,2,0,37,0,35,0,2,17,37,0.136029411765,1.88235294118,4.35294117647,3.36363636364,2.84615384615,1.69341284359,0.389027274878,0.193958664547,2.09866904602,0.964253345467,0.518282988871,1.87867287326,0.863174022847,0.470588235294,0.786197569093,0.41766745858,2.25,1.88235294118,0.786197569093,2.25,0.166339869281,0.0612244897959,3,0.00441176470588,0.185952380952,17,17,17,1,0,0.352941176471,0.411764705882,0.235294117647,17,0.128676470588,1.90196078431,4.11764705882,3.18181818182,2.69230769231,1.57648156274,0.382859808093,0.201680672269,2.01465221053,0.978545359402,0.524369747899,1.74894926439,0.849489642704,0.463865546218,0.814492905316,0.428238537847,2.33333333333,1.90196078431,0.814492905316,2.33333333333,0,0,0,0,0.164242424242,17,17,17,1,0,0.352941176471,0.411764705882,0.235294117647,17,37,0.136029411765,1.88235294118,4.35294117647,3.36363636364,2.84615384615,1.69341284359,0.389027274878,0.193958664547,2.09866904602,0.964253345467,0.518282988871,1.87867287326,0.863174022847,0.470588235294,0.786197569093,0.41766745858,2.25,1.88235294118,0.786197569093,2.25,0.166339869281,0.0612244897959,3,0.00441176470588,0.185952380952,17,17,17,1,0,0.352941176471,0.411764705882,0.235294117647,0,0,0,0,0,0,0,0,0,0,0,0,0,0,0,0,0,0,0,0,0,0,0,0,0,0,0,0,0,37,0,0,235,1,1,0,0,1,1,1,1,1,1,2,2,0,0,0,0
3504,WLNM_dir_neg,1,0.5,00:00:00,10,80,40,1986366813,threshold_sweep,0.3,1,1,1,2,0,0,4,1,1,0,0,1,1,1,1,0.555555555556,1,1,1,37,35,2,0,37,0,35,0,2,17,37,0.136029411765,1.88235294118,4.35294117647,3.36363636364,2.84615384615,1.69341284359,0.389027274878,0.193958664547,2.09866904602,0.964253345467,0.518282988871,1.87867287326,0.863174022847,0.470588235294,0.786197569093,0.41766745858,2.25,1.88235294118,0.786197569093,2.25,0.166339869281,0.0612244897959,3,0.00441176470588,0.185952380952,17,17,17,1,0,0.352941176471,0.411764705882,0.235294117647,17,0.128676470588,1.90196078431,4.11764705882,3.18181818182,2.69230769231,1.57648156274,0.382859808093,0.201680672269,2.01465221053,0.978545359402,0.524369747899,1.74894926439,0.849489642704,0.463865546218,0.814492905316,0.428238537847,2.33333333333,1.90196078431,0.814492905316,2.33333333333,0,0,0,0,0.164242424242,17,17,17,1,0,0.352941176471,0.411764705882,0.235294117647,17,37,0.136029411765,1.88235294118,4.35294117647,3.36363636364,2.84615384615,1.69341284359,0.389027274878,0.193958664547,2.09866904602,0.964253345467,0.518282988871,1.87867287326,0.863174022847,0.470588235294,0.786197569093,0.41766745858,2.25,1.88235294118,0.786197569093,2.25,0.166339869281,0.0612244897959,3,0.00441176470588,0.185952380952,17,17,17,1,0,0.352941176471,0.411764705882,0.235294117647,0,0,0,0,0,0,0,0,0,0,0,0,0,0,0,0,0,0,0,0,0,0,0,0,0,0,0,0,0,37,0,0,235,1,1,0,0,1,1,1,1,1,1,2,2,0,0,0,0
3505,WLNM_dir_neg,1,0.5,00:00:00,10,80,40,1986366813,threshold_sweep,0.4,1,1,1,2,0,0,4,1,1,0,0,1,1,1,1,0.555555555556,1,1,1,37,35,2,0,37,0,35,0,2,17,37,0.136029411765,1.88235294118,4.35294117647,3.36363636364,2.84615384615,1.69341284359,0.389027274878,0.193958664547,2.09866904602,0.964253345467,0.518282988871,1.87867287326,0.863174022847,0.470588235294,0.786197569093,0.41766745858,2.25,1.88235294118,0.786197569093,2.25,0.166339869281,0.0612244897959,3,0.00441176470588,0.185952380952,17,17,17,1,0,0.352941176471,0.411764705882,0.235294117647,17,0.128676470588,1.90196078431,4.11764705882,3.18181818182,2.69230769231,1.57648156274,0.382859808093,0.201680672269,2.01465221053,0.978545359402,0.524369747899,1.74894926439,0.849489642704,0.463865546218,0.814492905316,0.428238537847,2.33333333333,1.90196078431,0.814492905316,2.33333333333,0,0,0,0,0.164242424242,17,17,17,1,0,0.352941176471,0.411764705882,0.235294117647,17,37,0.136029411765,1.88235294118,4.35294117647,3.36363636364,2.84615384615,1.69341284359,0.389027274878,0.193958664547,2.09866904602,0.964253345467,0.518282988871,1.87867287326,0.863174022847,0.470588235294,0.786197569093,0.41766745858,2.25,1.88235294118,0.786197569093,2.25,0.166339869281,0.0612244897959,3,0.00441176470588,0.185952380952,17,17,17,1,0,0.352941176471,0.411764705882,0.235294117647,0,0,0,0,0,0,0,0,0,0,0,0,0,0,0,0,0,0,0,0,0,0,0,0,0,0,0,0,0,37,0,0,235,1,1,0,0,1,1,1,1,1,1,2,2,0,0,0,0
3506,WLNM_dir_neg,1,0.5,00:00:00,10,80,40,1986366813,threshold_sweep,0.5,1,1,1,2,0,0,4,1,1,0,0,1,1,1,1,0.555555555556,1,1,1,37,35,2,0,37,0,35,0,2,17,37,0.136029411765,1.88235294118,4.35294117647,3.36363636364,2.84615384615,1.69341284359,0.389027274878,0.193958664547,2.09866904602,0.964253345467,0.518282988871,1.87867287326,0.863174022847,0.470588235294,0.786197569093,0.41766745858,2.25,1.88235294118,0.786197569093,2.25,0.166339869281,0.0612244897959,3,0.00441176470588,0.185952380952,17,17,17,1,0,0.352941176471,0.411764705882,0.235294117647,17,0.128676470588,1.90196078431,4.11764705882,3.18181818182,2.69230769231,1.57648156274,0.382859808093,0.201680672269,2.01465221053,0.978545359402,0.524369747899,1.74894926439,0.849489642704,0.463865546218,0.814492905316,0.428238537847,2.33333333333,1.90196078431,0.814492905316,2.33333333333,0,0,0,0,0.164242424242,17,17,17,1,0,0.352941176471,0.411764705882,0.235294117647,17,37,0.136029411765,1.88235294118,4.35294117647,3.36363636364,2.84615384615,1.69341284359,0.389027274878,0.193958664547,2.09866904602,0.964253345467,0.518282988871,1.87867287326,0.863174022847,0.470588235294,0.786197569093,0.41766745858,2.25,1.88235294118,0.786197569093,2.25,0.166339869281,0.0612244897959,3,0.00441176470588,0.185952380952,17,17,17,1,0,0.352941176471,0.411764705882,0.235294117647,0,0,0,0,0,0,0,0,0,0,0,0,0,0,0,0,0,0,0,0,0,0,0,0,0,0,0,0,0,37,0,0,235,1,1,0,0,1,1,1,1,1,1,2,2,0,0,0,0
3507,WLNM_dir_neg,1,0.5,00:00:00,10,80,40,1986366813,threshold_sweep,0.6,1,1,1,2,0,0,4,1,1,0,0,1,1,1,1,0.555555555556,1,1,1,37,35,2,0,37,0,35,0,2,17,37,0.136029411765,1.88235294118,4.35294117647,3.36363636364,2.84615384615,1.69341284359,0.389027274878,0.193958664547,2.09866904602,0.964253345467,0.518282988871,1.87867287326,0.863174022847,0.470588235294,0.786197569093,0.41766745858,2.25,1.88235294118,0.786197569093,2.25,0.166339869281,0.0612244897959,3,0.00441176470588,0.185952380952,17,17,17,1,0,0.352941176471,0.411764705882,0.235294117647,17,0.128676470588,1.90196078431,4.11764705882,3.18181818182,2.69230769231,1.57648156274,0.382859808093,0.201680672269,2.01465221053,0.978545359402,0.524369747899,1.74894926439,0.849489642704,0.463865546218,0.814492905316,0.428238537847,2.33333333333,1.90196078431,0.814492905316,2.33333333333,0,0,0,0,0.164242424242,17,17,17,1,0,0.352941176471,0.411764705882,0.235294117647,17,37,0.136029411765,1.88235294118,4.35294117647,3.36363636364,2.84615384615,1.69341284359,0.389027274878,0.193958664547,2.09866904602,0.964253345467,0.518282988871,1.87867287326,0.863174022847,0.470588235294,0.786197569093,0.41766745858,2.25,1.88235294118,0.786197569093,2.25,0.166339869281,0.0612244897959,3,0.00441176470588,0.185952380952,17,17,17,1,0,0.352941176471,0.411764705882,0.235294117647,0,0,0,0,0,0,0,0,0,0,0,0,0,0,0,0,0,0,0,0,0,0,0,0,0,0,0,0,0,37,0,0,235,1,1,0,0,1,1,1,1,1,1,2,2,0,0,0,0
3508,WLNM_dir_neg,1,0.5,00:00:00,10,80,40,1986366813,threshold_sweep,0.7,1,1,1,2,0,0,4,1,1,0,0,1,1,1,1,0.555555555556,1,1,1,37,35,2,0,37,0,35,0,2,17,37,0.136029411765,1.88235294118,4.35294117647,3.36363636364,2.84615384615,1.69341284359,0.389027274878,0.193958664547,2.09866904602,0.964253345467,0.518282988871,1.87867287326,0.863174022847,0.470588235294,0.786197569093,0.41766745858,2.25,1.88235294118,0.786197569093,2.25,0.166339869281,0.0612244897959,3,0.00441176470588,0.185952380952,17,17,17,1,0,0.352941176471,0.411764705882,0.235294117647,17,0.128676470588,1.90196078431,4.11764705882,3.18181818182,2.69230769231,1.57648156274,0.382859808093,0.201680672269,2.01465221053,0.978545359402,0.524369747899,1.74894926439,0.849489642704,0.463865546218,0.814492905316,0.428238537847,2.33333333333,1.90196078431,0.814492905316,2.33333333333,0,0,0,0,0.164242424242,17,17,17,1,0,0.352941176471,0.411764705882,0.235294117647,17,37,0.136029411765,1.88235294118,4.35294117647,3.36363636364,2.84615384615,1.69341284359,0.389027274878,0.193958664547,2.09866904602,0.964253345467,0.518282988871,1.87867287326,0.863174022847,0.470588235294,0.786197569093,0.41766745858,2.25,1.88235294118,0.786197569093,2.25,0.166339869281,0.0612244897959,3,0.00441176470588,0.185952380952,17,17,17,1,0,0.352941176471,0.411764705882,0.235294117647,0,0,0,0,0,0,0,0,0,0,0,0,0,0,0,0,0,0,0,0,0,0,0,0,0,0,0,0,0,37,0,0,235,1,1,0,0,1,1,1,1,1,1,2,2,0,0,0,0
3509,WLNM_dir_neg,1,0.5,00:00:00,10,80,40,1986366813,threshold_sweep,0.8,1,1,1,2,0,0,4,1,1,0,0,1,1,1,1,0.555555555556,1,1,1,37,35,2,0,37,0,35,0,2,17,37,0.136029411765,1.88235294118,4.35294117647,3.36363636364,2.84615384615,1.69341284359,0.389027274878,0.193958664547,2.09866904602,0.964253345467,0.518282988871,1.87867287326,0.863174022847,0.470588235294,0.786197569093,0.41766745858,2.25,1.88235294118,0.786197569093,2.25,0.166339869281,0.0612244897959,3,0.00441176470588,0.185952380952,17,17,17,1,0,0.352941176471,0.411764705882,0.235294117647,17,0.128676470588,1.90196078431,4.11764705882,3.18181818182,2.69230769231,1.57648156274,0.382859808093,0.201680672269,2.01465221053,0.978545359402,0.524369747899,1.74894926439,0.849489642704,0.463865546218,0.814492905316,0.428238537847,2.33333333333,1.90196078431,0.814492905316,2.33333333333,0,0,0,0,0.164242424242,17,17,17,1,0,0.352941176471,0.411764705882,0.235294117647,17,37,0.136029411765,1.88235294118,4.35294117647,3.36363636364,2.84615384615,1.69341284359,0.389027274878,0.193958664547,2.09866904602,0.964253345467,0.518282988871,1.87867287326,0.863174022847,0.470588235294,0.786197569093,0.41766745858,2.25,1.88235294118,0.786197569093,2.25,0.166339869281,0.0612244897959,3,0.00441176470588,0.185952380952,17,17,17,1,0,0.352941176471,0.411764705882,0.235294117647,0,0,0,0,0,0,0,0,0,0,0,0,0,0,0,0,0,0,0,0,0,0,0,0,0,0,0,0,0,37,0,0,235,1,1,0,0,1,1,1,1,1,1,2,2,0,0,0,0
3510,WLNM_dir_neg,1,0.5,00:00:00,10,80,40,1986366813,threshold_sweep,0.9,1,1,1,2,0,0,4,1,1,0,0,1,1,1,1,0.555555555556,1,1,1,37,35,2,0,37,0,35,0,2,17,37,0.136029411765,1.88235294118,4.35294117647,3.36363636364,2.84615384615,1.69341284359,0.389027274878,0.193958664547,2.09866904602,0.964253345467,0.518282988871,1.87867287326,0.863174022847,0.470588235294,0.786197569093,0.41766745858,2.25,1.88235294118,0.786197569093,2.25,0.166339869281,0.0612244897959,3,0.00441176470588,0.185952380952,17,17,17,1,0,0.352941176471,0.411764705882,0.235294117647,17,0.128676470588,1.90196078431,4.11764705882,3.18181818182,2.69230769231,1.57648156274,0.382859808093,0.201680672269,2.01465221053,0.978545359402,0.524369747899,1.74894926439,0.849489642704,0.463865546218,0.814492905316,0.428238537847,2.33333333333,1.90196078431,0.814492905316,2.33333333333,0,0,0,0,0.164242424242,17,17,17,1,0,0.352941176471,0.411764705882,0.235294117647,17,37,0.136029411765,1.88235294118,4.35294117647,3.36363636364,2.84615384615,1.69341284359,0.389027274878,0.193958664547,2.09866904602,0.964253345467,0.518282988871,1.87867287326,0.863174022847,0.470588235294,0.786197569093,0.41766745858,2.25,1.88235294118,0.786197569093,2.25,0.166339869281,0.0612244897959,3,0.00441176470588,0.185952380952,17,17,17,1,0,0.352941176471,0.411764705882,0.235294117647,0,0,0,0,0,0,0,0,0,0,0,0,0,0,0,0,0,0,0,0,0,0,0,0,0,0,0,0,0,37,0,0,235,1,1,0,0,1,1,1,1,1,1,2,2,0,0,0,0
3511,WLNM_dir_neg,0.875,0.291666666667,00:00:00,10,80,41,1986366814,threshold_sweep,0.1,0.666666666667,1,0.8,2,1,0,3,1,0.75,0.25,0,0.666666666667,1,0.8,0.833333333333,0.5,0.666666666667,0.707106781187,0.75,37,35,2,0,37,0,35,0,2,17,37,0.136029411765,1.88235294118,4.35294117647,3.36363636364,2.84615384615,1.69341284359,0.389027274878,0.193958664547,2.09866904602,0.964253345467,0.518282988871,1.87867287326,0.863174022847,0.470588235294,0.786197569093,0.41766745858,2.25,1.88235294118,0.786197569093,2.25,0.166339869281,0.0612244897959,3,0.00441176470588,0.185952380952,17,17,17,1,0,0.352941176471,0.411764705882,0.235294117647,17,0.128676470588,1.90196078431,4.11764705882,3.18181818182,2.69230769231,1.57648156274,0.382859808093,0.201680672269,2.01465221053,0.978545359402,0.524369747899,1.74894926439,0.849489642704,0.463865546218,0.814492905316,0.428238537847,2.33333333333,1.90196078431,0.814492905316,2.33333333333,0,0,0,0,0.164242424242,17,17,17,1,0,0.352941176471,0.411764705882,0.235294117647,17,38,0.139705882353,1.89117647059,4.47058823529,3.45454545455,2.71428571429,1.73629084037,0.388380845872,0.198142414861,2.16591238756,0.968960804961,0.517027863777,1.82103719638,0.814674535221,0.442724458204,0.803164696318,0.424690508162,2.4,1.89117647059,0.803164696318,2.4,0.209150326797,0.115384615385,6,0.00882352941176,0.182878787879,17,17,17,1,0,0.352941176471,0.470588235294,0.176470588235,1,0.00367647058824,0.00882352941176,0.117647058824,0.0909090909091,-0.131868131868,0.0428779967836,-0.000646429005719,0.00418375031378,0.0672433415445,0.00470745949447,-0.00125512509413,-0.0576356768785,-0.0484994876259,-0.0278637770898,0.0169671272255,0.00702304958156,0.15,0.00882352941176,0.0169671272255,0.15,0.0428104575163,0.0541601255887,3,0.00441176470588,-0.00307359307359,0,0.0588235294118,-0.0588235294118,37,1,0,234,1,0.995744680851,0.00425531914894,0,0.973684210526,1,0.986666666667,0.984652666406,0.995744680851,0.973684210526,3,2,0,0,0,0
3512,WLNM_dir_neg,0.875,0.291666666667,00:00:00,10,80,41,1986366814,threshold_sweep,0.2,0.666666666667,1,0.8,2,1,0,3,1,0.75,0.25,0,0.666666666667,1,0.8,0.833333333333,0.5,0.666666666667,0.707106781187,0.75,37,35,2,0,37,0,35,0,2,17,37,0.136029411765,1.88235294118,4.35294117647,3.36363636364,2.84615384615,1.69341284359,0.389027274878,0.193958664547,2.09866904602,0.964253345467,0.518282988871,1.87867287326,0.863174022847,0.470588235294,0.786197569093,0.41766745858,2.25,1.88235294118,0.786197569093,2.25,0.166339869281,0.0612244897959,3,0.00441176470588,0.185952380952,17,17,17,1,0,0.352941176471,0.411764705882,0.235294117647,17,0.128676470588,1.90196078431,4.11764705882,3.18181818182,2.69230769231,1.57648156274,0.382859808093,0.201680672269,2.01465221053,0.978545359402,0.524369747899,1.74894926439,0.849489642704,0.463865546218,0.814492905316,0.428238537847,2.33333333333,1.90196078431,0.814492905316,2.33333333333,0,0,0,0,0.164242424242,17,17,17,1,0,0.352941176471,0.411764705882,0.235294117647,17,38,0.139705882353,1.89117647059,4.47058823529,3.45454545455,2.71428571429,1.73629084037,0.388380845872,0.198142414861,2.16591238756,0.968960804961,0.517027863777,1.82103719638,0.814674535221,0.442724458204,0.803164696318,0.424690508162,2.4,1.89117647059,0.803164696318,2.4,0.209150326797,0.115384615385,6,0.00882352941176,0.182878787879,17,17,17,1,0,0.352941176471,0.470588235294,0.176470588235,1,0.00367647058824,0.00882352941176,0.117647058824,0.0909090909091,-0.131868131868,0.0428779967836,-0.000646429005719,0.00418375031378,0.0672433415445,0.00470745949447,-0.00125512509413,-0.0576356768785,-0.0484994876259,-0.0278637770898,0.0169671272255,0.00702304958156,0.15,0.00882352941176,0.0169671272255,0.15,0.0428104575163,0.0541601255887,3,0.00441176470588,-0.00307359307359,0,0.0588235294118,-0.0588235294118,37,1,0,234,1,0.995744680851,0.00425531914894,0,0.973684210526,1,0.986666666667,0.984652666406,0.995744680851,0.973684210526,3,2,0,0,0,0
3513,WLNM_dir_neg,0.875,0.291666666667,00:00:00,10,80,41,1986366814,threshold_sweep,0.3,0.666666666667,1,0.8,2,1,0,3,1,0.75,0.25,0,0.666666666667,1,0.8,0.833333333333,0.5,0.666666666667,0.707106781187,0.75,37,35,2,0,37,0,35,0,2,17,37,0.136029411765,1.88235294118,4.35294117647,3.36363636364,2.84615384615,1.69341284359,0.389027274878,0.193958664547,2.09866904602,0.964253345467,0.518282988871,1.87867287326,0.863174022847,0.470588235294,0.786197569093,0.41766745858,2.25,1.88235294118,0.786197569093,2.25,0.166339869281,0.0612244897959,3,0.00441176470588,0.185952380952,17,17,17,1,0,0.352941176471,0.411764705882,0.235294117647,17,0.128676470588,1.90196078431,4.11764705882,3.18181818182,2.69230769231,1.57648156274,0.382859808093,0.201680672269,2.01465221053,0.978545359402,0.524369747899,1.74894926439,0.849489642704,0.463865546218,0.814492905316,0.428238537847,2.33333333333,1.90196078431,0.814492905316,2.33333333333,0,0,0,0,0.164242424242,17,17,17,1,0,0.352941176471,0.411764705882,0.235294117647,17,38,0.139705882353,1.89117647059,4.47058823529,3.45454545455,2.71428571429,1.73629084037,0.388380845872,0.198142414861,2.16591238756,0.968960804961,0.517027863777,1.82103719638,0.814674535221,0.442724458204,0.803164696318,0.424690508162,2.4,1.89117647059,0.803164696318,2.4,0.209150326797,0.115384615385,6,0.00882352941176,0.182878787879,17,17,17,1,0,0.352941176471,0.470588235294,0.176470588235,1,0.00367647058824,0.00882352941176,0.117647058824,0.0909090909091,-0.131868131868,0.0428779967836,-0.000646429005719,0.00418375031378,0.0672433415445,0.00470745949447,-0.00125512509413,-0.0576356768785,-0.0484994876259,-0.0278637770898,0.0169671272255,0.00702304958156,0.15,0.00882352941176,0.0169671272255,0.15,0.0428104575163,0.0541601255887,3,0.00441176470588,-0.00307359307359,0,0.0588235294118,-0.0588235294118,37,1,0,234,1,0.995744680851,0.00425531914894,0,0.973684210526,1,0.986666666667,0.984652666406,0.995744680851,0.973684210526,3,2,0,0,0,0
3514,WLNM_dir_neg,0.875,0.291666666667,00:00:00,10,80,41,1986366814,threshold_sweep,0.4,0.666666666667,1,0.8,2,1,0,3,1,0.75,0.25,0,0.666666666667,1,0.8,0.833333333333,0.5,0.666666666667,0.707106781187,0.75,37,35,2,0,37,0,35,0,2,17,37,0.136029411765,1.88235294118,4.35294117647,3.36363636364,2.84615384615,1.69341284359,0.389027274878,0.193958664547,2.09866904602,0.964253345467,0.518282988871,1.87867287326,0.863174022847,0.470588235294,0.786197569093,0.41766745858,2.25,1.88235294118,0.786197569093,2.25,0.166339869281,0.0612244897959,3,0.00441176470588,0.185952380952,17,17,17,1,0,0.352941176471,0.411764705882,0.235294117647,17,0.128676470588,1.90196078431,4.11764705882,3.18181818182,2.69230769231,1.57648156274,0.382859808093,0.201680672269,2.01465221053,0.978545359402,0.524369747899,1.74894926439,0.849489642704,0.463865546218,0.814492905316,0.428238537847,2.33333333333,1.90196078431,0.814492905316,2.33333333333,0,0,0,0,0.164242424242,17,17,17,1,0,0.352941176471,0.411764705882,0.235294117647,17,38,0.139705882353,1.89117647059,4.47058823529,3.45454545455,2.71428571429,1.73629084037,0.388380845872,0.198142414861,2.16591238756,0.968960804961,0.517027863777,1.82103719638,0.814674535221,0.442724458204,0.803164696318,0.424690508162,2.4,1.89117647059,0.803164696318,2.4,0.209150326797,0.115384615385,6,0.00882352941176,0.182878787879,17,17,17,1,0,0.352941176471,0.470588235294,0.176470588235,1,0.00367647058824,0.00882352941176,0.117647058824,0.0909090909091,-0.131868131868,0.0428779967836,-0.000646429005719,0.00418375031378,0.0672433415445,0.00470745949447,-0.00125512509413,-0.0576356768785,-0.0484994876259,-0.0278637770898,0.0169671272255,0.00702304958156,0.15,0.00882352941176,0.0169671272255,0.15,0.0428104575163,0.0541601255887,3,0.00441176470588,-0.00307359307359,0,0.0588235294118,-0.0588235294118,37,1,0,234,1,0.995744680851,0.00425531914894,0,0.973684210526,1,0.986666666667,0.984652666406,0.995744680851,0.973684210526,3,2,0,0,0,0
3515,WLNM_dir_neg,0.875,0.291666666667,00:00:00,10,80,41,1986366814,threshold_sweep,0.5,0.666666666667,1,0.8,2,1,0,3,1,0.75,0.25,0,0.666666666667,1,0.8,0.833333333333,0.5,0.666666666667,0.707106781187,0.75,37,35,2,0,37,0,35,0,2,17,37,0.136029411765,1.88235294118,4.35294117647,3.36363636364,2.84615384615,1.69341284359,0.389027274878,0.193958664547,2.09866904602,0.964253345467,0.518282988871,1.87867287326,0.863174022847,0.470588235294,0.786197569093,0.41766745858,2.25,1.88235294118,0.786197569093,2.25,0.166339869281,0.0612244897959,3,0.00441176470588,0.185952380952,17,17,17,1,0,0.352941176471,0.411764705882,0.235294117647,17,0.128676470588,1.90196078431,4.11764705882,3.18181818182,2.69230769231,1.57648156274,0.382859808093,0.201680672269,2.01465221053,0.978545359402,0.524369747899,1.74894926439,0.849489642704,0.463865546218,0.814492905316,0.428238537847,2.33333333333,1.90196078431,0.814492905316,2.33333333333,0,0,0,0,0.164242424242,17,17,17,1,0,0.352941176471,0.411764705882,0.235294117647,17,38,0.139705882353,1.89117647059,4.47058823529,3.45454545455,2.71428571429,1.73629084037,0.388380845872,0.198142414861,2.16591238756,0.968960804961,0.517027863777,1.82103719638,0.814674535221,0.442724458204,0.803164696318,0.424690508162,2.4,1.89117647059,0.803164696318,2.4,0.209150326797,0.115384615385,6,0.00882352941176,0.182878787879,17,17,17,1,0,0.352941176471,0.470588235294,0.176470588235,1,0.00367647058824,0.00882352941176,0.117647058824,0.0909090909091,-0.131868131868,0.0428779967836,-0.000646429005719,0.00418375031378,0.0672433415445,0.00470745949447,-0.00125512509413,-0.0576356768785,-0.0484994876259,-0.0278637770898,0.0169671272255,0.00702304958156,0.15,0.00882352941176,0.0169671272255,0.15,0.0428104575163,0.0541601255887,3,0.00441176470588,-0.00307359307359,0,0.0588235294118,-0.0588235294118,37,1,0,234,1,0.995744680851,0.00425531914894,0,0.973684210526,1,0.986666666667,0.984652666406,0.995744680851,0.973684210526,3,2,0,0,0,0
3516,WLNM_dir_neg,0.875,0.291666666667,00:00:00,10,80,41,1986366814,threshold_sweep,0.6,0.666666666667,1,0.8,2,1,0,3,1,0.75,0.25,0,0.666666666667,1,0.8,0.833333333333,0.5,0.666666666667,0.707106781187,0.75,37,35,2,0,37,0,35,0,2,17,37,0.136029411765,1.88235294118,4.35294117647,3.36363636364,2.84615384615,1.69341284359,0.389027274878,0.193958664547,2.09866904602,0.964253345467,0.518282988871,1.87867287326,0.863174022847,0.470588235294,0.786197569093,0.41766745858,2.25,1.88235294118,0.786197569093,2.25,0.166339869281,0.0612244897959,3,0.00441176470588,0.185952380952,17,17,17,1,0,0.352941176471,0.411764705882,0.235294117647,17,0.128676470588,1.90196078431,4.11764705882,3.18181818182,2.69230769231,1.57648156274,0.382859808093,0.201680672269,2.01465221053,0.978545359402,0.524369747899,1.74894926439,0.849489642704,0.463865546218,0.814492905316,0.428238537847,2.33333333333,1.90196078431,0.814492905316,2.33333333333,0,0,0,0,0.164242424242,17,17,17,1,0,0.352941176471,0.411764705882,0.235294117647,17,38,0.139705882353,1.89117647059,4.47058823529,3.45454545455,2.71428571429,1.73629084037,0.388380845872,0.198142414861,2.16591238756,0.968960804961,0.517027863777,1.82103719638,0.814674535221,0.442724458204,0.803164696318,0.424690508162,2.4,1.89117647059,0.803164696318,2.4,0.209150326797,0.115384615385,6,0.00882352941176,0.182878787879,17,17,17,1,0,0.352941176471,0.470588235294,0.176470588235,1,0.00367647058824,0.00882352941176,0.117647058824,0.0909090909091,-0.131868131868,0.0428779967836,-0.000646429005719,0.00418375031378,0.0672433415445,0.00470745949447,-0.00125512509413,-0.0576356768785,-0.0484994876259,-0.0278637770898,0.0169671272255,0.00702304958156,0.15,0.00882352941176,0.0169671272255,0.15,0.0428104575163,0.0541601255887,3,0.00441176470588,-0.00307359307359,0,0.0588235294118,-0.0588235294118,37,1,0,234,1,0.995744680851,0.00425531914894,0,0.973684210526,1,0.986666666667,0.984652666406,0.995744680851,0.973684210526,3,2,0,0,0,0
3517,WLNM_dir_neg,0.875,0.291666666667,00:00:00,10,80,41,1986366814,threshold_sweep,0.7,0.666666666667,1,0.8,2,1,0,3,1,0.75,0.25,0,0.666666666667,1,0.8,0.833333333333,0.5,0.666666666667,0.707106781187,0.75,37,35,2,0,37,0,35,0,2,17,37,0.136029411765,1.88235294118,4.35294117647,3.36363636364,2.84615384615,1.69341284359,0.389027274878,0.193958664547,2.09866904602,0.964253345467,0.518282988871,1.87867287326,0.863174022847,0.470588235294,0.786197569093,0.41766745858,2.25,1.88235294118,0.786197569093,2.25,0.166339869281,0.0612244897959,3,0.00441176470588,0.185952380952,17,17,17,1,0,0.352941176471,0.411764705882,0.235294117647,17,0.128676470588,1.90196078431,4.11764705882,3.18181818182,2.69230769231,1.57648156274,0.382859808093,0.201680672269,2.01465221053,0.978545359402,0.524369747899,1.74894926439,0.849489642704,0.463865546218,0.814492905316,0.428238537847,2.33333333333,1.90196078431,0.814492905316,2.33333333333,0,0,0,0,0.164242424242,17,17,17,1,0,0.352941176471,0.411764705882,0.235294117647,17,38,0.139705882353,1.89117647059,4.47058823529,3.45454545455,2.71428571429,1.73629084037,0.388380845872,0.198142414861,2.16591238756,0.968960804961,0.517027863777,1.82103719638,0.814674535221,0.442724458204,0.803164696318,0.424690508162,2.4,1.89117647059,0.803164696318,2.4,0.209150326797,0.115384615385,6,0.00882352941176,0.182878787879,17,17,17,1,0,0.352941176471,0.470588235294,0.176470588235,1,0.00367647058824,0.00882352941176,0.117647058824,0.0909090909091,-0.131868131868,0.0428779967836,-0.000646429005719,0.00418375031378,0.0672433415445,0.00470745949447,-0.00125512509413,-0.0576356768785,-0.0484994876259,-0.0278637770898,0.0169671272255,0.00702304958156,0.15,0.00882352941176,0.0169671272255,0.15,0.0428104575163,0.0541601255887,3,0.00441176470588,-0.00307359307359,0,0.0588235294118,-0.0588235294118,37,1,0,234,1,0.995744680851,0.00425531914894,0,0.973684210526,1,0.986666666667,0.984652666406,0.995744680851,0.973684210526,3,2,0,0,0,0
3518,WLNM_dir_neg,0.875,0.291666666667,00:00:00,10,80,41,1986366814,threshold_sweep,0.8,0.666666666667,1,0.8,2,1,0,3,1,0.75,0.25,0,0.666666666667,1,0.8,0.833333333333,0.5,0.666666666667,0.707106781187,0.75,37,35,2,0,37,0,35,0,2,17,37,0.136029411765,1.88235294118,4.35294117647,3.36363636364,2.84615384615,1.69341284359,0.389027274878,0.193958664547,2.09866904602,0.964253345467,0.518282988871,1.87867287326,0.863174022847,0.470588235294,0.786197569093,0.41766745858,2.25,1.88235294118,0.786197569093,2.25,0.166339869281,0.0612244897959,3,0.00441176470588,0.185952380952,17,17,17,1,0,0.352941176471,0.411764705882,0.235294117647,17,0.128676470588,1.90196078431,4.11764705882,3.18181818182,2.69230769231,1.57648156274,0.382859808093,0.201680672269,2.01465221053,0.978545359402,0.524369747899,1.74894926439,0.849489642704,0.463865546218,0.814492905316,0.428238537847,2.33333333333,1.90196078431,0.814492905316,2.33333333333,0,0,0,0,0.164242424242,17,17,17,1,0,0.352941176471,0.411764705882,0.235294117647,17,38,0.139705882353,1.89117647059,4.47058823529,3.45454545455,2.71428571429,1.73629084037,0.388380845872,0.198142414861,2.16591238756,0.968960804961,0.517027863777,1.82103719638,0.814674535221,0.442724458204,0.803164696318,0.424690508162,2.4,1.89117647059,0.803164696318,2.4,0.209150326797,0.115384615385,6,0.00882352941176,0.182878787879,17,17,17,1,0,0.352941176471,0.470588235294,0.176470588235,1,0.00367647058824,0.00882352941176,0.117647058824,0.0909090909091,-0.131868131868,0.0428779967836,-0.000646429005719,0.00418375031378,0.0672433415445,0.00470745949447,-0.00125512509413,-0.0576356768785,-0.0484994876259,-0.0278637770898,0.0169671272255,0.00702304958156,0.15,0.00882352941176,0.0169671272255,0.15,0.0428104575163,0.0541601255887,3,0.00441176470588,-0.00307359307359,0,0.0588235294118,-0.0588235294118,37,1,0,234,1,0.995744680851,0.00425531914894,0,0.973684210526,1,0.986666666667,0.984652666406,0.995744680851,0.973684210526,3,2,0,0,0,0
3519,WLNM_dir_neg,0.875,0.291666666667,00:00:00,10,80,41,1986366814,threshold_sweep,0.9,0.666666666667,1,0.8,2,1,0,3,1,0.75,0.25,0,0.666666666667,1,0.8,0.833333333333,0.5,0.666666666667,0.707106781187,0.75,37,35,2,0,37,0,35,0,2,17,37,0.136029411765,1.88235294118,4.35294117647,3.36363636364,2.84615384615,1.69341284359,0.389027274878,0.193958664547,2.09866904602,0.964253345467,0.518282988871,1.87867287326,0.863174022847,0.470588235294,0.786197569093,0.41766745858,2.25,1.88235294118,0.786197569093,2.25,0.166339869281,0.0612244897959,3,0.00441176470588,0.185952380952,17,17,17,1,0,0.352941176471,0.411764705882,0.235294117647,17,0.128676470588,1.90196078431,4.11764705882,3.18181818182,2.69230769231,1.57648156274,0.382859808093,0.201680672269,2.01465221053,0.978545359402,0.524369747899,1.74894926439,0.849489642704,0.463865546218,0.814492905316,0.428238537847,2.33333333333,1.90196078431,0.814492905316,2.33333333333,0,0,0,0,0.164242424242,17,17,17,1,0,0.352941176471,0.411764705882,0.235294117647,17,38,0.139705882353,1.89117647059,4.47058823529,3.45454545455,2.71428571429,1.73629084037,0.388380845872,0.198142414861,2.16591238756,0.968960804961,0.517027863777,1.82103719638,0.814674535221,0.442724458204,0.803164696318,0.424690508162,2.4,1.89117647059,0.803164696318,2.4,0.209150326797,0.115384615385,6,0.00882352941176,0.182878787879,17,17,17,1,0,0.352941176471,0.470588235294,0.176470588235,1,0.00367647058824,0.00882352941176,0.117647058824,0.0909090909091,-0.131868131868,0.0428779967836,-0.000646429005719,0.00418375031378,0.0672433415445,0.00470745949447,-0.00125512509413,-0.0576356768785,-0.0484994876259,-0.0278637770898,0.0169671272255,0.00702304958156,0.15,0.00882352941176,0.0169671272255,0.15,0.0428104575163,0.0541601255887,3,0.00441176470588,-0.00307359307359,0,0.0588235294118,-0.0588235294118,37,1,0,234,1,0.995744680851,0.00425531914894,0,0.973684210526,1,0.986666666667,0.984652666406,0.995744680851,0.973684210526,3,2,0,0,0,0
3520,WLNM_dir_neg,1,0.5,00:00:00,10,80,42,1986366815,threshold_sweep,0.1,1,1,1,2,0,0,4,1,1,0,0,1,1,1,1,0.555555555556,1,1,1,37,35,2,0,37,0,35,0,2,17,37,0.136029411765,1.88235294118,4.35294117647,3.36363636364,2.84615384615,1.69341284359,0.389027274878,0.193958664547,2.09866904602,0.964253345467,0.518282988871,1.87867287326,0.863174022847,0.470588235294,0.786197569093,0.41766745858,2.25,1.88235294118,0.786197569093,2.25,0.166339869281,0.0612244897959,3,0.00441176470588,0.185952380952,17,17,17,1,0,0.352941176471,0.411764705882,0.235294117647,17,0.128676470588,1.90196078431,4.11764705882,3.18181818182,2.69230769231,1.57648156274,0.382859808093,0.201680672269,2.01465221053,0.978545359402,0.524369747899,1.74894926439,0.849489642704,0.463865546218,0.814492905316,0.428238537847,2.33333333333,1.90196078431,0.814492905316,2.33333333333,0,0,0,0,0.164242424242,17,17,17,1,0,0.352941176471,0.411764705882,0.235294117647,17,37,0.136029411765,1.88235294118,4.35294117647,3.36363636364,2.84615384615,1.69341284359,0.389027274878,0.193958664547,2.09866904602,0.964253345467,0.518282988871,1.87867287326,0.863174022847,0.470588235294,0.786197569093,0.41766745858,2.25,1.88235294118,0.786197569093,2.25,0.166339869281,0.0612244897959,3,0.00441176470588,0.185952380952,17,17,17,1,0,0.352941176471,0.411764705882,0.235294117647,0,0,0,0,0,0,0,0,0,0,0,0,0,0,0,0,0,0,0,0,0,0,0,0,0,0,0,0,0,37,0,0,235,1,1,0,0,1,1,1,1,1,1,2,2,0,0,0,0
3521,WLNM_dir_neg,1,0.5,00:00:00,10,80,42,1986366815,threshold_sweep,0.2,1,1,1,2,0,0,4,1,1,0,0,1,1,1,1,0.555555555556,1,1,1,37,35,2,0,37,0,35,0,2,17,37,0.136029411765,1.88235294118,4.35294117647,3.36363636364,2.84615384615,1.69341284359,0.389027274878,0.193958664547,2.09866904602,0.964253345467,0.518282988871,1.87867287326,0.863174022847,0.470588235294,0.786197569093,0.41766745858,2.25,1.88235294118,0.786197569093,2.25,0.166339869281,0.0612244897959,3,0.00441176470588,0.185952380952,17,17,17,1,0,0.352941176471,0.411764705882,0.235294117647,17,0.128676470588,1.90196078431,4.11764705882,3.18181818182,2.69230769231,1.57648156274,0.382859808093,0.201680672269,2.01465221053,0.978545359402,0.524369747899,1.74894926439,0.849489642704,0.463865546218,0.814492905316,0.428238537847,2.33333333333,1.90196078431,0.814492905316,2.33333333333,0,0,0,0,0.164242424242,17,17,17,1,0,0.352941176471,0.411764705882,0.235294117647,17,37,0.136029411765,1.88235294118,4.35294117647,3.36363636364,2.84615384615,1.69341284359,0.389027274878,0.193958664547,2.09866904602,0.964253345467,0.518282988871,1.87867287326,0.863174022847,0.470588235294,0.786197569093,0.41766745858,2.25,1.88235294118,0.786197569093,2.25,0.166339869281,0.0612244897959,3,0.00441176470588,0.185952380952,17,17,17,1,0,0.352941176471,0.411764705882,0.235294117647,0,0,0,0,0,0,0,0,0,0,0,0,0,0,0,0,0,0,0,0,0,0,0,0,0,0,0,0,0,37,0,0,235,1,1,0,0,1,1,1,1,1,1,2,2,0,0,0,0
3522,WLNM_dir_neg,1,0.5,00:00:00,10,80,42,1986366815,threshold_sweep,0.3,1,1,1,2,0,0,4,1,1,0,0,1,1,1,1,0.555555555556,1,1,1,37,35,2,0,37,0,35,0,2,17,37,0.136029411765,1.88235294118,4.35294117647,3.36363636364,2.84615384615,1.69341284359,0.389027274878,0.193958664547,2.09866904602,0.964253345467,0.518282988871,1.87867287326,0.863174022847,0.470588235294,0.786197569093,0.41766745858,2.25,1.88235294118,0.786197569093,2.25,0.166339869281,0.0612244897959,3,0.00441176470588,0.185952380952,17,17,17,1,0,0.352941176471,0.411764705882,0.235294117647,17,0.128676470588,1.90196078431,4.11764705882,3.18181818182,2.69230769231,1.57648156274,0.382859808093,0.201680672269,2.01465221053,0.978545359402,0.524369747899,1.74894926439,0.849489642704,0.463865546218,0.814492905316,0.428238537847,2.33333333333,1.90196078431,0.814492905316,2.33333333333,0,0,0,0,0.164242424242,17,17,17,1,0,0.352941176471,0.411764705882,0.235294117647,17,37,0.136029411765,1.88235294118,4.35294117647,3.36363636364,2.84615384615,1.69341284359,0.389027274878,0.193958664547,2.09866904602,0.964253345467,0.518282988871,1.87867287326,0.863174022847,0.470588235294,0.786197569093,0.41766745858,2.25,1.88235294118,0.786197569093,2.25,0.166339869281,0.0612244897959,3,0.00441176470588,0.185952380952,17,17,17,1,0,0.352941176471,0.411764705882,0.235294117647,0,0,0,0,0,0,0,0,0,0,0,0,0,0,0,0,0,0,0,0,0,0,0,0,0,0,0,0,0,37,0,0,235,1,1,0,0,1,1,1,1,1,1,2,2,0,0,0,0
3523,WLNM_dir_neg,1,0.5,00:00:00,10,80,42,1986366815,threshold_sweep,0.4,1,1,1,2,0,0,4,1,1,0,0,1,1,1,1,0.555555555556,1,1,1,37,35,2,0,37,0,35,0,2,17,37,0.136029411765,1.88235294118,4.35294117647,3.36363636364,2.84615384615,1.69341284359,0.389027274878,0.193958664547,2.09866904602,0.964253345467,0.518282988871,1.87867287326,0.863174022847,0.470588235294,0.786197569093,0.41766745858,2.25,1.88235294118,0.786197569093,2.25,0.166339869281,0.0612244897959,3,0.00441176470588,0.185952380952,17,17,17,1,0,0.352941176471,0.411764705882,0.235294117647,17,0.128676470588,1.90196078431,4.11764705882,3.18181818182,2.69230769231,1.57648156274,0.382859808093,0.201680672269,2.01465221053,0.978545359402,0.524369747899,1.74894926439,0.849489642704,0.463865546218,0.814492905316,0.428238537847,2.33333333333,1.90196078431,0.814492905316,2.33333333333,0,0,0,0,0.164242424242,17,17,17,1,0,0.352941176471,0.411764705882,0.235294117647,17,37,0.136029411765,1.88235294118,4.35294117647,3.36363636364,2.84615384615,1.69341284359,0.389027274878,0.193958664547,2.09866904602,0.964253345467,0.518282988871,1.87867287326,0.863174022847,0.470588235294,0.786197569093,0.41766745858,2.25,1.88235294118,0.786197569093,2.25,0.166339869281,0.0612244897959,3,0.00441176470588,0.185952380952,17,17,17,1,0,0.352941176471,0.411764705882,0.235294117647,0,0,0,0,0,0,0,0,0,0,0,0,0,0,0,0,0,0,0,0,0,0,0,0,0,0,0,0,0,37,0,0,235,1,1,0,0,1,1,1,1,1,1,2,2,0,0,0,0
3524,WLNM_dir_neg,1,0.5,00:00:00,10,80,42,1986366815,threshold_sweep,0.5,1,1,1,2,0,0,4,1,1,0,0,1,1,1,1,0.555555555556,1,1,1,37,35,2,0,37,0,35,0,2,17,37,0.136029411765,1.88235294118,4.35294117647,3.36363636364,2.84615384615,1.69341284359,0.389027274878,0.193958664547,2.09866904602,0.964253345467,0.518282988871,1.87867287326,0.863174022847,0.470588235294,0.786197569093,0.41766745858,2.25,1.88235294118,0.786197569093,2.25,0.166339869281,0.0612244897959,3,0.00441176470588,0.185952380952,17,17,17,1,0,0.352941176471,0.411764705882,0.235294117647,17,0.128676470588,1.90196078431,4.11764705882,3.18181818182,2.69230769231,1.57648156274,0.382859808093,0.201680672269,2.01465221053,0.978545359402,0.524369747899,1.74894926439,0.849489642704,0.463865546218,0.814492905316,0.428238537847,2.33333333333,1.90196078431,0.814492905316,2.33333333333,0,0,0,0,0.164242424242,17,17,17,1,0,0.352941176471,0.411764705882,0.235294117647,17,37,0.136029411765,1.88235294118,4.35294117647,3.36363636364,2.84615384615,1.69341284359,0.389027274878,0.193958664547,2.09866904602,0.964253345467,0.518282988871,1.87867287326,0.863174022847,0.470588235294,0.786197569093,0.41766745858,2.25,1.88235294118,0.786197569093,2.25,0.166339869281,0.0612244897959,3,0.00441176470588,0.185952380952,17,17,17,1,0,0.352941176471,0.411764705882,0.235294117647,0,0,0,0,0,0,0,0,0,0,0,0,0,0,0,0,0,0,0,0,0,0,0,0,0,0,0,0,0,37,0,0,235,1,1,0,0,1,1,1,1,1,1,2,2,0,0,0,0
3525,WLNM_dir_neg,1,0.5,00:00:00,10,80,42,1986366815,threshold_sweep,0.6,1,1,1,2,0,0,4,1,1,0,0,1,1,1,1,0.555555555556,1,1,1,37,35,2,0,37,0,35,0,2,17,37,0.136029411765,1.88235294118,4.35294117647,3.36363636364,2.84615384615,1.69341284359,0.389027274878,0.193958664547,2.09866904602,0.964253345467,0.518282988871,1.87867287326,0.863174022847,0.470588235294,0.786197569093,0.41766745858,2.25,1.88235294118,0.786197569093,2.25,0.166339869281,0.0612244897959,3,0.00441176470588,0.185952380952,17,17,17,1,0,0.352941176471,0.411764705882,0.235294117647,17,0.128676470588,1.90196078431,4.11764705882,3.18181818182,2.69230769231,1.57648156274,0.382859808093,0.201680672269,2.01465221053,0.978545359402,0.524369747899,1.74894926439,0.849489642704,0.463865546218,0.814492905316,0.428238537847,2.33333333333,1.90196078431,0.814492905316,2.33333333333,0,0,0,0,0.164242424242,17,17,17,1,0,0.352941176471,0.411764705882,0.235294117647,17,37,0.136029411765,1.88235294118,4.35294117647,3.36363636364,2.84615384615,1.69341284359,0.389027274878,0.193958664547,2.09866904602,0.964253345467,0.518282988871,1.87867287326,0.863174022847,0.470588235294,0.786197569093,0.41766745858,2.25,1.88235294118,0.786197569093,2.25,0.166339869281,0.0612244897959,3,0.00441176470588,0.185952380952,17,17,17,1,0,0.352941176471,0.411764705882,0.235294117647,0,0,0,0,0,0,0,0,0,0,0,0,0,0,0,0,0,0,0,0,0,0,0,0,0,0,0,0,0,37,0,0,235,1,1,0,0,1,1,1,1,1,1,2,2,0,0,0,0
3526,WLNM_dir_neg,1,0.5,00:00:00,10,80,42,1986366815,threshold_sweep,0.7,1,1,1,2,0,0,4,1,1,0,0,1,1,1,1,0.555555555556,1,1,1,37,35,2,0,37,0,35,0,2,17,37,0.136029411765,1.88235294118,4.35294117647,3.36363636364,2.84615384615,1.69341284359,0.389027274878,0.193958664547,2.09866904602,0.964253345467,0.518282988871,1.87867287326,0.863174022847,0.470588235294,0.786197569093,0.41766745858,2.25,1.88235294118,0.786197569093,2.25,0.166339869281,0.0612244897959,3,0.00441176470588,0.185952380952,17,17,17,1,0,0.352941176471,0.411764705882,0.235294117647,17,0.128676470588,1.90196078431,4.11764705882,3.18181818182,2.69230769231,1.57648156274,0.382859808093,0.201680672269,2.01465221053,0.978545359402,0.524369747899,1.74894926439,0.849489642704,0.463865546218,0.814492905316,0.428238537847,2.33333333333,1.90196078431,0.814492905316,2.33333333333,0,0,0,0,0.164242424242,17,17,17,1,0,0.352941176471,0.411764705882,0.235294117647,17,37,0.136029411765,1.88235294118,4.35294117647,3.36363636364,2.84615384615,1.69341284359,0.389027274878,0.193958664547,2.09866904602,0.964253345467,0.518282988871,1.87867287326,0.863174022847,0.470588235294,0.786197569093,0.41766745858,2.25,1.88235294118,0.786197569093,2.25,0.166339869281,0.0612244897959,3,0.00441176470588,0.185952380952,17,17,17,1,0,0.352941176471,0.411764705882,0.235294117647,0,0,0,0,0,0,0,0,0,0,0,0,0,0,0,0,0,0,0,0,0,0,0,0,0,0,0,0,0,37,0,0,235,1,1,0,0,1,1,1,1,1,1,2,2,0,0,0,0
3527,WLNM_dir_neg,1,0.5,00:00:00,10,80,42,1986366815,threshold_sweep,0.8,1,1,1,2,0,0,4,1,1,0,0,1,1,1,1,0.555555555556,1,1,1,37,35,2,0,37,0,35,0,2,17,37,0.136029411765,1.88235294118,4.35294117647,3.36363636364,2.84615384615,1.69341284359,0.389027274878,0.193958664547,2.09866904602,0.964253345467,0.518282988871,1.87867287326,0.863174022847,0.470588235294,0.786197569093,0.41766745858,2.25,1.88235294118,0.786197569093,2.25,0.166339869281,0.0612244897959,3,0.00441176470588,0.185952380952,17,17,17,1,0,0.352941176471,0.411764705882,0.235294117647,17,0.128676470588,1.90196078431,4.11764705882,3.18181818182,2.69230769231,1.57648156274,0.382859808093,0.201680672269,2.01465221053,0.978545359402,0.524369747899,1.74894926439,0.849489642704,0.463865546218,0.814492905316,0.428238537847,2.33333333333,1.90196078431,0.814492905316,2.33333333333,0,0,0,0,0.164242424242,17,17,17,1,0,0.352941176471,0.411764705882,0.235294117647,17,37,0.136029411765,1.88235294118,4.35294117647,3.36363636364,2.84615384615,1.69341284359,0.389027274878,0.193958664547,2.09866904602,0.964253345467,0.518282988871,1.87867287326,0.863174022847,0.470588235294,0.786197569093,0.41766745858,2.25,1.88235294118,0.786197569093,2.25,0.166339869281,0.0612244897959,3,0.00441176470588,0.185952380952,17,17,17,1,0,0.352941176471,0.411764705882,0.235294117647,0,0,0,0,0,0,0,0,0,0,0,0,0,0,0,0,0,0,0,0,0,0,0,0,0,0,0,0,0,37,0,0,235,1,1,0,0,1,1,1,1,1,1,2,2,0,0,0,0
3528,WLNM_dir_neg,1,0.5,00:00:00,10,80,42,1986366815,threshold_sweep,0.9,1,1,1,2,0,0,4,1,1,0,0,1,1,1,1,0.555555555556,1,1,1,37,35,2,0,37,0,35,0,2,17,37,0.136029411765,1.88235294118,4.35294117647,3.36363636364,2.84615384615,1.69341284359,0.389027274878,0.193958664547,2.09866904602,0.964253345467,0.518282988871,1.87867287326,0.863174022847,0.470588235294,0.786197569093,0.41766745858,2.25,1.88235294118,0.786197569093,2.25,0.166339869281,0.0612244897959,3,0.00441176470588,0.185952380952,17,17,17,1,0,0.352941176471,0.411764705882,0.235294117647,17,0.128676470588,1.90196078431,4.11764705882,3.18181818182,2.69230769231,1.57648156274,0.382859808093,0.201680672269,2.01465221053,0.978545359402,0.524369747899,1.74894926439,0.849489642704,0.463865546218,0.814492905316,0.428238537847,2.33333333333,1.90196078431,0.814492905316,2.33333333333,0,0,0,0,0.164242424242,17,17,17,1,0,0.352941176471,0.411764705882,0.235294117647,17,37,0.136029411765,1.88235294118,4.35294117647,3.36363636364,2.84615384615,1.69341284359,0.389027274878,0.193958664547,2.09866904602,0.964253345467,0.518282988871,1.87867287326,0.863174022847,0.470588235294,0.786197569093,0.41766745858,2.25,1.88235294118,0.786197569093,2.25,0.166339869281,0.0612244897959,3,0.00441176470588,0.185952380952,17,17,17,1,0,0.352941176471,0.411764705882,0.235294117647,0,0,0,0,0,0,0,0,0,0,0,0,0,0,0,0,0,0,0,0,0,0,0,0,0,0,0,0,0,37,0,0,235,1,1,0,0,1,1,1,1,1,1,2,2,0,0,0,0
3529,WLNM_dir_neg,1,0.5,00:00:00,10,80,43,1986366816,threshold_sweep,0.1,1,1,1,2,0,0,4,1,1,0,0,1,1,1,1,0.555555555556,1,1,1,37,35,2,0,37,0,35,0,2,17,37,0.136029411765,1.88235294118,4.35294117647,3.36363636364,2.84615384615,1.69341284359,0.389027274878,0.193958664547,2.09866904602,0.964253345467,0.518282988871,1.87867287326,0.863174022847,0.470588235294,0.786197569093,0.41766745858,2.25,1.88235294118,0.786197569093,2.25,0.166339869281,0.0612244897959,3,0.00441176470588,0.185952380952,17,17,17,1,0,0.352941176471,0.411764705882,0.235294117647,17,0.128676470588,1.90196078431,4.11764705882,3.18181818182,2.69230769231,1.57648156274,0.382859808093,0.201680672269,2.01465221053,0.978545359402,0.524369747899,1.74894926439,0.849489642704,0.463865546218,0.814492905316,0.428238537847,2.33333333333,1.90196078431,0.814492905316,2.33333333333,0,0,0,0,0.164242424242,17,17,17,1,0,0.352941176471,0.411764705882,0.235294117647,17,37,0.136029411765,1.88235294118,4.35294117647,3.36363636364,2.84615384615,1.69341284359,0.389027274878,0.193958664547,2.09866904602,0.964253345467,0.518282988871,1.87867287326,0.863174022847,0.470588235294,0.786197569093,0.41766745858,2.25,1.88235294118,0.786197569093,2.25,0.166339869281,0.0612244897959,3,0.00441176470588,0.185952380952,17,17,17,1,0,0.352941176471,0.411764705882,0.235294117647,0,0,0,0,0,0,0,0,0,0,0,0,0,0,0,0,0,0,0,0,0,0,0,0,0,0,0,0,0,37,0,0,235,1,1,0,0,1,1,1,1,1,1,2,2,0,0,0,0
3530,WLNM_dir_neg,1,0.5,00:00:00,10,80,43,1986366816,threshold_sweep,0.2,1,1,1,2,0,0,4,1,1,0,0,1,1,1,1,0.555555555556,1,1,1,37,35,2,0,37,0,35,0,2,17,37,0.136029411765,1.88235294118,4.35294117647,3.36363636364,2.84615384615,1.69341284359,0.389027274878,0.193958664547,2.09866904602,0.964253345467,0.518282988871,1.87867287326,0.863174022847,0.470588235294,0.786197569093,0.41766745858,2.25,1.88235294118,0.786197569093,2.25,0.166339869281,0.0612244897959,3,0.00441176470588,0.185952380952,17,17,17,1,0,0.352941176471,0.411764705882,0.235294117647,17,0.128676470588,1.90196078431,4.11764705882,3.18181818182,2.69230769231,1.57648156274,0.382859808093,0.201680672269,2.01465221053,0.978545359402,0.524369747899,1.74894926439,0.849489642704,0.463865546218,0.814492905316,0.428238537847,2.33333333333,1.90196078431,0.814492905316,2.33333333333,0,0,0,0,0.164242424242,17,17,17,1,0,0.352941176471,0.411764705882,0.235294117647,17,37,0.136029411765,1.88235294118,4.35294117647,3.36363636364,2.84615384615,1.69341284359,0.389027274878,0.193958664547,2.09866904602,0.964253345467,0.518282988871,1.87867287326,0.863174022847,0.470588235294,0.786197569093,0.41766745858,2.25,1.88235294118,0.786197569093,2.25,0.166339869281,0.0612244897959,3,0.00441176470588,0.185952380952,17,17,17,1,0,0.352941176471,0.411764705882,0.235294117647,0,0,0,0,0,0,0,0,0,0,0,0,0,0,0,0,0,0,0,0,0,0,0,0,0,0,0,0,0,37,0,0,235,1,1,0,0,1,1,1,1,1,1,2,2,0,0,0,0
3531,WLNM_dir_neg,1,0.5,00:00:00,10,80,43,1986366816,threshold_sweep,0.3,1,1,1,2,0,0,4,1,1,0,0,1,1,1,1,0.555555555556,1,1,1,37,35,2,0,37,0,35,0,2,17,37,0.136029411765,1.88235294118,4.35294117647,3.36363636364,2.84615384615,1.69341284359,0.389027274878,0.193958664547,2.09866904602,0.964253345467,0.518282988871,1.87867287326,0.863174022847,0.470588235294,0.786197569093,0.41766745858,2.25,1.88235294118,0.786197569093,2.25,0.166339869281,0.0612244897959,3,0.00441176470588,0.185952380952,17,17,17,1,0,0.352941176471,0.411764705882,0.235294117647,17,0.128676470588,1.90196078431,4.11764705882,3.18181818182,2.69230769231,1.57648156274,0.382859808093,0.201680672269,2.01465221053,0.978545359402,0.524369747899,1.74894926439,0.849489642704,0.463865546218,0.814492905316,0.428238537847,2.33333333333,1.90196078431,0.814492905316,2.33333333333,0,0,0,0,0.164242424242,17,17,17,1,0,0.352941176471,0.411764705882,0.235294117647,17,37,0.136029411765,1.88235294118,4.35294117647,3.36363636364,2.84615384615,1.69341284359,0.389027274878,0.193958664547,2.09866904602,0.964253345467,0.518282988871,1.87867287326,0.863174022847,0.470588235294,0.786197569093,0.41766745858,2.25,1.88235294118,0.786197569093,2.25,0.166339869281,0.0612244897959,3,0.00441176470588,0.185952380952,17,17,17,1,0,0.352941176471,0.411764705882,0.235294117647,0,0,0,0,0,0,0,0,0,0,0,0,0,0,0,0,0,0,0,0,0,0,0,0,0,0,0,0,0,37,0,0,235,1,1,0,0,1,1,1,1,1,1,2,2,0,0,0,0
3532,WLNM_dir_neg,1,0.5,00:00:00,10,80,43,1986366816,threshold_sweep,0.4,1,1,1,2,0,0,4,1,1,0,0,1,1,1,1,0.555555555556,1,1,1,37,35,2,0,37,0,35,0,2,17,37,0.136029411765,1.88235294118,4.35294117647,3.36363636364,2.84615384615,1.69341284359,0.389027274878,0.193958664547,2.09866904602,0.964253345467,0.518282988871,1.87867287326,0.863174022847,0.470588235294,0.786197569093,0.41766745858,2.25,1.88235294118,0.786197569093,2.25,0.166339869281,0.0612244897959,3,0.00441176470588,0.185952380952,17,17,17,1,0,0.352941176471,0.411764705882,0.235294117647,17,0.128676470588,1.90196078431,4.11764705882,3.18181818182,2.69230769231,1.57648156274,0.382859808093,0.201680672269,2.01465221053,0.978545359402,0.524369747899,1.74894926439,0.849489642704,0.463865546218,0.814492905316,0.428238537847,2.33333333333,1.90196078431,0.814492905316,2.33333333333,0,0,0,0,0.164242424242,17,17,17,1,0,0.352941176471,0.411764705882,0.235294117647,17,37,0.136029411765,1.88235294118,4.35294117647,3.36363636364,2.84615384615,1.69341284359,0.389027274878,0.193958664547,2.09866904602,0.964253345467,0.518282988871,1.87867287326,0.863174022847,0.470588235294,0.786197569093,0.41766745858,2.25,1.88235294118,0.786197569093,2.25,0.166339869281,0.0612244897959,3,0.00441176470588,0.185952380952,17,17,17,1,0,0.352941176471,0.411764705882,0.235294117647,0,0,0,0,0,0,0,0,0,0,0,0,0,0,0,0,0,0,0,0,0,0,0,0,0,0,0,0,0,37,0,0,235,1,1,0,0,1,1,1,1,1,1,2,2,0,0,0,0
3533,WLNM_dir_neg,1,0.5,00:00:00,10,80,43,1986366816,threshold_sweep,0.5,1,1,1,2,0,0,4,1,1,0,0,1,1,1,1,0.555555555556,1,1,1,37,35,2,0,37,0,35,0,2,17,37,0.136029411765,1.88235294118,4.35294117647,3.36363636364,2.84615384615,1.69341284359,0.389027274878,0.193958664547,2.09866904602,0.964253345467,0.518282988871,1.87867287326,0.863174022847,0.470588235294,0.786197569093,0.41766745858,2.25,1.88235294118,0.786197569093,2.25,0.166339869281,0.0612244897959,3,0.00441176470588,0.185952380952,17,17,17,1,0,0.352941176471,0.411764705882,0.235294117647,17,0.128676470588,1.90196078431,4.11764705882,3.18181818182,2.69230769231,1.57648156274,0.382859808093,0.201680672269,2.01465221053,0.978545359402,0.524369747899,1.74894926439,0.849489642704,0.463865546218,0.814492905316,0.428238537847,2.33333333333,1.90196078431,0.814492905316,2.33333333333,0,0,0,0,0.164242424242,17,17,17,1,0,0.352941176471,0.411764705882,0.235294117647,17,37,0.136029411765,1.88235294118,4.35294117647,3.36363636364,2.84615384615,1.69341284359,0.389027274878,0.193958664547,2.09866904602,0.964253345467,0.518282988871,1.87867287326,0.863174022847,0.470588235294,0.786197569093,0.41766745858,2.25,1.88235294118,0.786197569093,2.25,0.166339869281,0.0612244897959,3,0.00441176470588,0.185952380952,17,17,17,1,0,0.352941176471,0.411764705882,0.235294117647,0,0,0,0,0,0,0,0,0,0,0,0,0,0,0,0,0,0,0,0,0,0,0,0,0,0,0,0,0,37,0,0,235,1,1,0,0,1,1,1,1,1,1,2,2,0,0,0,0
3534,WLNM_dir_neg,1,0.5,00:00:00,10,80,43,1986366816,threshold_sweep,0.6,1,1,1,2,0,0,4,1,1,0,0,1,1,1,1,0.555555555556,1,1,1,37,35,2,0,37,0,35,0,2,17,37,0.136029411765,1.88235294118,4.35294117647,3.36363636364,2.84615384615,1.69341284359,0.389027274878,0.193958664547,2.09866904602,0.964253345467,0.518282988871,1.87867287326,0.863174022847,0.470588235294,0.786197569093,0.41766745858,2.25,1.88235294118,0.786197569093,2.25,0.166339869281,0.0612244897959,3,0.00441176470588,0.185952380952,17,17,17,1,0,0.352941176471,0.411764705882,0.235294117647,17,0.128676470588,1.90196078431,4.11764705882,3.18181818182,2.69230769231,1.57648156274,0.382859808093,0.201680672269,2.01465221053,0.978545359402,0.524369747899,1.74894926439,0.849489642704,0.463865546218,0.814492905316,0.428238537847,2.33333333333,1.90196078431,0.814492905316,2.33333333333,0,0,0,0,0.164242424242,17,17,17,1,0,0.352941176471,0.411764705882,0.235294117647,17,37,0.136029411765,1.88235294118,4.35294117647,3.36363636364,2.84615384615,1.69341284359,0.389027274878,0.193958664547,2.09866904602,0.964253345467,0.518282988871,1.87867287326,0.863174022847,0.470588235294,0.786197569093,0.41766745858,2.25,1.88235294118,0.786197569093,2.25,0.166339869281,0.0612244897959,3,0.00441176470588,0.185952380952,17,17,17,1,0,0.352941176471,0.411764705882,0.235294117647,0,0,0,0,0,0,0,0,0,0,0,0,0,0,0,0,0,0,0,0,0,0,0,0,0,0,0,0,0,37,0,0,235,1,1,0,0,1,1,1,1,1,1,2,2,0,0,0,0
3535,WLNM_dir_neg,1,0.5,00:00:00,10,80,43,1986366816,threshold_sweep,0.7,1,1,1,2,0,0,4,1,1,0,0,1,1,1,1,0.555555555556,1,1,1,37,35,2,0,37,0,35,0,2,17,37,0.136029411765,1.88235294118,4.35294117647,3.36363636364,2.84615384615,1.69341284359,0.389027274878,0.193958664547,2.09866904602,0.964253345467,0.518282988871,1.87867287326,0.863174022847,0.470588235294,0.786197569093,0.41766745858,2.25,1.88235294118,0.786197569093,2.25,0.166339869281,0.0612244897959,3,0.00441176470588,0.185952380952,17,17,17,1,0,0.352941176471,0.411764705882,0.235294117647,17,0.128676470588,1.90196078431,4.11764705882,3.18181818182,2.69230769231,1.57648156274,0.382859808093,0.201680672269,2.01465221053,0.978545359402,0.524369747899,1.74894926439,0.849489642704,0.463865546218,0.814492905316,0.428238537847,2.33333333333,1.90196078431,0.814492905316,2.33333333333,0,0,0,0,0.164242424242,17,17,17,1,0,0.352941176471,0.411764705882,0.235294117647,17,37,0.136029411765,1.88235294118,4.35294117647,3.36363636364,2.84615384615,1.69341284359,0.389027274878,0.193958664547,2.09866904602,0.964253345467,0.518282988871,1.87867287326,0.863174022847,0.470588235294,0.786197569093,0.41766745858,2.25,1.88235294118,0.786197569093,2.25,0.166339869281,0.0612244897959,3,0.00441176470588,0.185952380952,17,17,17,1,0,0.352941176471,0.411764705882,0.235294117647,0,0,0,0,0,0,0,0,0,0,0,0,0,0,0,0,0,0,0,0,0,0,0,0,0,0,0,0,0,37,0,0,235,1,1,0,0,1,1,1,1,1,1,2,2,0,0,0,0
3536,WLNM_dir_neg,1,0.5,00:00:00,10,80,43,1986366816,threshold_sweep,0.8,1,1,1,2,0,0,4,1,1,0,0,1,1,1,1,0.555555555556,1,1,1,37,35,2,0,37,0,35,0,2,17,37,0.136029411765,1.88235294118,4.35294117647,3.36363636364,2.84615384615,1.69341284359,0.389027274878,0.193958664547,2.09866904602,0.964253345467,0.518282988871,1.87867287326,0.863174022847,0.470588235294,0.786197569093,0.41766745858,2.25,1.88235294118,0.786197569093,2.25,0.166339869281,0.0612244897959,3,0.00441176470588,0.185952380952,17,17,17,1,0,0.352941176471,0.411764705882,0.235294117647,17,0.128676470588,1.90196078431,4.11764705882,3.18181818182,2.69230769231,1.57648156274,0.382859808093,0.201680672269,2.01465221053,0.978545359402,0.524369747899,1.74894926439,0.849489642704,0.463865546218,0.814492905316,0.428238537847,2.33333333333,1.90196078431,0.814492905316,2.33333333333,0,0,0,0,0.164242424242,17,17,17,1,0,0.352941176471,0.411764705882,0.235294117647,17,37,0.136029411765,1.88235294118,4.35294117647,3.36363636364,2.84615384615,1.69341284359,0.389027274878,0.193958664547,2.09866904602,0.964253345467,0.518282988871,1.87867287326,0.863174022847,0.470588235294,0.786197569093,0.41766745858,2.25,1.88235294118,0.786197569093,2.25,0.166339869281,0.0612244897959,3,0.00441176470588,0.185952380952,17,17,17,1,0,0.352941176471,0.411764705882,0.235294117647,0,0,0,0,0,0,0,0,0,0,0,0,0,0,0,0,0,0,0,0,0,0,0,0,0,0,0,0,0,37,0,0,235,1,1,0,0,1,1,1,1,1,1,2,2,0,0,0,0
3537,WLNM_dir_neg,1,0.5,00:00:00,10,80,43,1986366816,threshold_sweep,0.9,1,1,1,2,0,0,4,1,1,0,0,1,1,1,1,0.555555555556,1,1,1,37,35,2,0,37,0,35,0,2,17,37,0.136029411765,1.88235294118,4.35294117647,3.36363636364,2.84615384615,1.69341284359,0.389027274878,0.193958664547,2.09866904602,0.964253345467,0.518282988871,1.87867287326,0.863174022847,0.470588235294,0.786197569093,0.41766745858,2.25,1.88235294118,0.786197569093,2.25,0.166339869281,0.0612244897959,3,0.00441176470588,0.185952380952,17,17,17,1,0,0.352941176471,0.411764705882,0.235294117647,17,0.128676470588,1.90196078431,4.11764705882,3.18181818182,2.69230769231,1.57648156274,0.382859808093,0.201680672269,2.01465221053,0.978545359402,0.524369747899,1.74894926439,0.849489642704,0.463865546218,0.814492905316,0.428238537847,2.33333333333,1.90196078431,0.814492905316,2.33333333333,0,0,0,0,0.164242424242,17,17,17,1,0,0.352941176471,0.411764705882,0.235294117647,17,37,0.136029411765,1.88235294118,4.35294117647,3.36363636364,2.84615384615,1.69341284359,0.389027274878,0.193958664547,2.09866904602,0.964253345467,0.518282988871,1.87867287326,0.863174022847,0.470588235294,0.786197569093,0.41766745858,2.25,1.88235294118,0.786197569093,2.25,0.166339869281,0.0612244897959,3,0.00441176470588,0.185952380952,17,17,17,1,0,0.352941176471,0.411764705882,0.235294117647,0,0,0,0,0,0,0,0,0,0,0,0,0,0,0,0,0,0,0,0,0,0,0,0,0,0,0,0,0,37,0,0,235,1,1,0,0,1,1,1,1,1,1,2,2,0,0,0,0
3538,WLNM_dir_neg,1,0.5,00:00:00,10,80,44,1986366817,threshold_sweep,0.1,1,1,1,2,0,0,4,1,1,0,0,1,1,1,1,0.555555555556,1,1,1,37,35,2,0,37,0,35,0,2,17,37,0.136029411765,1.88235294118,4.35294117647,3.36363636364,2.84615384615,1.69341284359,0.389027274878,0.193958664547,2.09866904602,0.964253345467,0.518282988871,1.87867287326,0.863174022847,0.470588235294,0.786197569093,0.41766745858,2.25,1.88235294118,0.786197569093,2.25,0.166339869281,0.0612244897959,3,0.00441176470588,0.185952380952,17,17,17,1,0,0.352941176471,0.411764705882,0.235294117647,17,0.128676470588,1.90196078431,4.11764705882,3.18181818182,2.69230769231,1.57648156274,0.382859808093,0.201680672269,2.01465221053,0.978545359402,0.524369747899,1.74894926439,0.849489642704,0.463865546218,0.814492905316,0.428238537847,2.33333333333,1.90196078431,0.814492905316,2.33333333333,0,0,0,0,0.164242424242,17,17,17,1,0,0.352941176471,0.411764705882,0.235294117647,17,37,0.136029411765,1.88235294118,4.35294117647,3.36363636364,2.84615384615,1.69341284359,0.389027274878,0.193958664547,2.09866904602,0.964253345467,0.518282988871,1.87867287326,0.863174022847,0.470588235294,0.786197569093,0.41766745858,2.25,1.88235294118,0.786197569093,2.25,0.166339869281,0.0612244897959,3,0.00441176470588,0.185952380952,17,17,17,1,0,0.352941176471,0.411764705882,0.235294117647,0,0,0,0,0,0,0,0,0,0,0,0,0,0,0,0,0,0,0,0,0,0,0,0,0,0,0,0,0,37,0,0,235,1,1,0,0,1,1,1,1,1,1,2,2,0,0,0,0
3539,WLNM_dir_neg,1,0.5,00:00:00,10,80,44,1986366817,threshold_sweep,0.2,1,1,1,2,0,0,4,1,1,0,0,1,1,1,1,0.555555555556,1,1,1,37,35,2,0,37,0,35,0,2,17,37,0.136029411765,1.88235294118,4.35294117647,3.36363636364,2.84615384615,1.69341284359,0.389027274878,0.193958664547,2.09866904602,0.964253345467,0.518282988871,1.87867287326,0.863174022847,0.470588235294,0.786197569093,0.41766745858,2.25,1.88235294118,0.786197569093,2.25,0.166339869281,0.0612244897959,3,0.00441176470588,0.185952380952,17,17,17,1,0,0.352941176471,0.411764705882,0.235294117647,17,0.128676470588,1.90196078431,4.11764705882,3.18181818182,2.69230769231,1.57648156274,0.382859808093,0.201680672269,2.01465221053,0.978545359402,0.524369747899,1.74894926439,0.849489642704,0.463865546218,0.814492905316,0.428238537847,2.33333333333,1.90196078431,0.814492905316,2.33333333333,0,0,0,0,0.164242424242,17,17,17,1,0,0.352941176471,0.411764705882,0.235294117647,17,37,0.136029411765,1.88235294118,4.35294117647,3.36363636364,2.84615384615,1.69341284359,0.389027274878,0.193958664547,2.09866904602,0.964253345467,0.518282988871,1.87867287326,0.863174022847,0.470588235294,0.786197569093,0.41766745858,2.25,1.88235294118,0.786197569093,2.25,0.166339869281,0.0612244897959,3,0.00441176470588,0.185952380952,17,17,17,1,0,0.352941176471,0.411764705882,0.235294117647,0,0,0,0,0,0,0,0,0,0,0,0,0,0,0,0,0,0,0,0,0,0,0,0,0,0,0,0,0,37,0,0,235,1,1,0,0,1,1,1,1,1,1,2,2,0,0,0,0
3540,WLNM_dir_neg,1,0.5,00:00:00,10,80,44,1986366817,threshold_sweep,0.3,1,1,1,2,0,0,4,1,1,0,0,1,1,1,1,0.555555555556,1,1,1,37,35,2,0,37,0,35,0,2,17,37,0.136029411765,1.88235294118,4.35294117647,3.36363636364,2.84615384615,1.69341284359,0.389027274878,0.193958664547,2.09866904602,0.964253345467,0.518282988871,1.87867287326,0.863174022847,0.470588235294,0.786197569093,0.41766745858,2.25,1.88235294118,0.786197569093,2.25,0.166339869281,0.0612244897959,3,0.00441176470588,0.185952380952,17,17,17,1,0,0.352941176471,0.411764705882,0.235294117647,17,0.128676470588,1.90196078431,4.11764705882,3.18181818182,2.69230769231,1.57648156274,0.382859808093,0.201680672269,2.01465221053,0.978545359402,0.524369747899,1.74894926439,0.849489642704,0.463865546218,0.814492905316,0.428238537847,2.33333333333,1.90196078431,0.814492905316,2.33333333333,0,0,0,0,0.164242424242,17,17,17,1,0,0.352941176471,0.411764705882,0.235294117647,17,37,0.136029411765,1.88235294118,4.35294117647,3.36363636364,2.84615384615,1.69341284359,0.389027274878,0.193958664547,2.09866904602,0.964253345467,0.518282988871,1.87867287326,0.863174022847,0.470588235294,0.786197569093,0.41766745858,2.25,1.88235294118,0.786197569093,2.25,0.166339869281,0.0612244897959,3,0.00441176470588,0.185952380952,17,17,17,1,0,0.352941176471,0.411764705882,0.235294117647,0,0,0,0,0,0,0,0,0,0,0,0,0,0,0,0,0,0,0,0,0,0,0,0,0,0,0,0,0,37,0,0,235,1,1,0,0,1,1,1,1,1,1,2,2,0,0,0,0
3541,WLNM_dir_neg,1,0.5,00:00:00,10,80,44,1986366817,threshold_sweep,0.4,1,1,1,2,0,0,4,1,1,0,0,1,1,1,1,0.555555555556,1,1,1,37,35,2,0,37,0,35,0,2,17,37,0.136029411765,1.88235294118,4.35294117647,3.36363636364,2.84615384615,1.69341284359,0.389027274878,0.193958664547,2.09866904602,0.964253345467,0.518282988871,1.87867287326,0.863174022847,0.470588235294,0.786197569093,0.41766745858,2.25,1.88235294118,0.786197569093,2.25,0.166339869281,0.0612244897959,3,0.00441176470588,0.185952380952,17,17,17,1,0,0.352941176471,0.411764705882,0.235294117647,17,0.128676470588,1.90196078431,4.11764705882,3.18181818182,2.69230769231,1.57648156274,0.382859808093,0.201680672269,2.01465221053,0.978545359402,0.524369747899,1.74894926439,0.849489642704,0.463865546218,0.814492905316,0.428238537847,2.33333333333,1.90196078431,0.814492905316,2.33333333333,0,0,0,0,0.164242424242,17,17,17,1,0,0.352941176471,0.411764705882,0.235294117647,17,37,0.136029411765,1.88235294118,4.35294117647,3.36363636364,2.84615384615,1.69341284359,0.389027274878,0.193958664547,2.09866904602,0.964253345467,0.518282988871,1.87867287326,0.863174022847,0.470588235294,0.786197569093,0.41766745858,2.25,1.88235294118,0.786197569093,2.25,0.166339869281,0.0612244897959,3,0.00441176470588,0.185952380952,17,17,17,1,0,0.352941176471,0.411764705882,0.235294117647,0,0,0,0,0,0,0,0,0,0,0,0,0,0,0,0,0,0,0,0,0,0,0,0,0,0,0,0,0,37,0,0,235,1,1,0,0,1,1,1,1,1,1,2,2,0,0,0,0
3542,WLNM_dir_neg,1,0.5,00:00:00,10,80,44,1986366817,threshold_sweep,0.5,1,1,1,2,0,0,4,1,1,0,0,1,1,1,1,0.555555555556,1,1,1,37,35,2,0,37,0,35,0,2,17,37,0.136029411765,1.88235294118,4.35294117647,3.36363636364,2.84615384615,1.69341284359,0.389027274878,0.193958664547,2.09866904602,0.964253345467,0.518282988871,1.87867287326,0.863174022847,0.470588235294,0.786197569093,0.41766745858,2.25,1.88235294118,0.786197569093,2.25,0.166339869281,0.0612244897959,3,0.00441176470588,0.185952380952,17,17,17,1,0,0.352941176471,0.411764705882,0.235294117647,17,0.128676470588,1.90196078431,4.11764705882,3.18181818182,2.69230769231,1.57648156274,0.382859808093,0.201680672269,2.01465221053,0.978545359402,0.524369747899,1.74894926439,0.849489642704,0.463865546218,0.814492905316,0.428238537847,2.33333333333,1.90196078431,0.814492905316,2.33333333333,0,0,0,0,0.164242424242,17,17,17,1,0,0.352941176471,0.411764705882,0.235294117647,17,37,0.136029411765,1.88235294118,4.35294117647,3.36363636364,2.84615384615,1.69341284359,0.389027274878,0.193958664547,2.09866904602,0.964253345467,0.518282988871,1.87867287326,0.863174022847,0.470588235294,0.786197569093,0.41766745858,2.25,1.88235294118,0.786197569093,2.25,0.166339869281,0.0612244897959,3,0.00441176470588,0.185952380952,17,17,17,1,0,0.352941176471,0.411764705882,0.235294117647,0,0,0,0,0,0,0,0,0,0,0,0,0,0,0,0,0,0,0,0,0,0,0,0,0,0,0,0,0,37,0,0,235,1,1,0,0,1,1,1,1,1,1,2,2,0,0,0,0
3543,WLNM_dir_neg,1,0.5,00:00:00,10,80,44,1986366817,threshold_sweep,0.6,1,1,1,2,0,0,4,1,1,0,0,1,1,1,1,0.555555555556,1,1,1,37,35,2,0,37,0,35,0,2,17,37,0.136029411765,1.88235294118,4.35294117647,3.36363636364,2.84615384615,1.69341284359,0.389027274878,0.193958664547,2.09866904602,0.964253345467,0.518282988871,1.87867287326,0.863174022847,0.470588235294,0.786197569093,0.41766745858,2.25,1.88235294118,0.786197569093,2.25,0.166339869281,0.0612244897959,3,0.00441176470588,0.185952380952,17,17,17,1,0,0.352941176471,0.411764705882,0.235294117647,17,0.128676470588,1.90196078431,4.11764705882,3.18181818182,2.69230769231,1.57648156274,0.382859808093,0.201680672269,2.01465221053,0.978545359402,0.524369747899,1.74894926439,0.849489642704,0.463865546218,0.814492905316,0.428238537847,2.33333333333,1.90196078431,0.814492905316,2.33333333333,0,0,0,0,0.164242424242,17,17,17,1,0,0.352941176471,0.411764705882,0.235294117647,17,37,0.136029411765,1.88235294118,4.35294117647,3.36363636364,2.84615384615,1.69341284359,0.389027274878,0.193958664547,2.09866904602,0.964253345467,0.518282988871,1.87867287326,0.863174022847,0.470588235294,0.786197569093,0.41766745858,2.25,1.88235294118,0.786197569093,2.25,0.166339869281,0.0612244897959,3,0.00441176470588,0.185952380952,17,17,17,1,0,0.352941176471,0.411764705882,0.235294117647,0,0,0,0,0,0,0,0,0,0,0,0,0,0,0,0,0,0,0,0,0,0,0,0,0,0,0,0,0,37,0,0,235,1,1,0,0,1,1,1,1,1,1,2,2,0,0,0,0
3544,WLNM_dir_neg,1,0.5,00:00:00,10,80,44,1986366817,threshold_sweep,0.7,1,1,1,2,0,0,4,1,1,0,0,1,1,1,1,0.555555555556,1,1,1,37,35,2,0,37,0,35,0,2,17,37,0.136029411765,1.88235294118,4.35294117647,3.36363636364,2.84615384615,1.69341284359,0.389027274878,0.193958664547,2.09866904602,0.964253345467,0.518282988871,1.87867287326,0.863174022847,0.470588235294,0.786197569093,0.41766745858,2.25,1.88235294118,0.786197569093,2.25,0.166339869281,0.0612244897959,3,0.00441176470588,0.185952380952,17,17,17,1,0,0.352941176471,0.411764705882,0.235294117647,17,0.128676470588,1.90196078431,4.11764705882,3.18181818182,2.69230769231,1.57648156274,0.382859808093,0.201680672269,2.01465221053,0.978545359402,0.524369747899,1.74894926439,0.849489642704,0.463865546218,0.814492905316,0.428238537847,2.33333333333,1.90196078431,0.814492905316,2.33333333333,0,0,0,0,0.164242424242,17,17,17,1,0,0.352941176471,0.411764705882,0.235294117647,17,37,0.136029411765,1.88235294118,4.35294117647,3.36363636364,2.84615384615,1.69341284359,0.389027274878,0.193958664547,2.09866904602,0.964253345467,0.518282988871,1.87867287326,0.863174022847,0.470588235294,0.786197569093,0.41766745858,2.25,1.88235294118,0.786197569093,2.25,0.166339869281,0.0612244897959,3,0.00441176470588,0.185952380952,17,17,17,1,0,0.352941176471,0.411764705882,0.235294117647,0,0,0,0,0,0,0,0,0,0,0,0,0,0,0,0,0,0,0,0,0,0,0,0,0,0,0,0,0,37,0,0,235,1,1,0,0,1,1,1,1,1,1,2,2,0,0,0,0
3545,WLNM_dir_neg,1,0.5,00:00:00,10,80,44,1986366817,threshold_sweep,0.8,1,0.5,0.666666666667,1,0,1,4,0.5,1,0,0.5,1,0.5,0.666666666667,0.833333333333,0.611111111111,0.571428571429,0.632455532034,0.5,37,35,2,0,37,0,35,0,2,17,37,0.136029411765,1.88235294118,4.35294117647,3.36363636364,2.84615384615,1.69341284359,0.389027274878,0.193958664547,2.09866904602,0.964253345467,0.518282988871,1.87867287326,0.863174022847,0.470588235294,0.786197569093,0.41766745858,2.25,1.88235294118,0.786197569093,2.25,0.166339869281,0.0612244897959,3,0.00441176470588,0.185952380952,17,17,17,1,0,0.352941176471,0.411764705882,0.235294117647,17,0.128676470588,1.90196078431,4.11764705882,3.18181818182,2.69230769231,1.57648156274,0.382859808093,0.201680672269,2.01465221053,0.978545359402,0.524369747899,1.74894926439,0.849489642704,0.463865546218,0.814492905316,0.428238537847,2.33333333333,1.90196078431,0.814492905316,2.33333333333,0,0,0,0,0.164242424242,17,17,17,1,0,0.352941176471,0.411764705882,0.235294117647,17,36,0.132352941176,1.89705882353,4.23529411765,3.27272727273,2.76923076923,1.71498585143,0.40492721492,0.204248366013,2.05798302171,0.971825315808,0.522875816993,1.79869233546,0.849382491746,0.464052287582,0.805541469338,0.424626510969,2.25,1.89705882353,0.805541469338,2.25,0.0702614379085,0.0214285714286,1,0.00147058823529,0.175454545455,17,17,17,1,0,0.352941176471,0.411764705882,0.235294117647,-1,-0.00367647058824,0.0147058823529,-0.117647058824,-0.0909090909091,-0.0769230769231,0.0215730078386,0.0158999400418,0.0102897014662,-0.0406860243059,0.00757197034072,0.00459282812224,-0.0799805377942,-0.0137915311015,-0.00653594771242,0.0193439002456,0.00695905238854,0,0.0147058823529,0.0193439002456,0,-0.0960784313725,-0.0397959183673,-2,-0.00294117647059,-0.0104978354978,0,0,0,36,0,1,235,0.972972972973,1,0,0.027027027027,1,0.972972972973,0.986301369863,0.984301887704,0.972972972973,0.972972972973,1,2,0,0,0,0
3546,WLNM_dir_neg,1,0.5,00:00:00,10,80,44,1986366817,threshold_sweep,0.9,1,0.5,0.666666666667,1,0,1,4,0.5,1,0,0.5,1,0.5,0.666666666667,0.833333333333,0.611111111111,0.571428571429,0.632455532034,0.5,37,35,2,0,37,0,35,0,2,17,37,0.136029411765,1.88235294118,4.35294117647,3.36363636364,2.84615384615,1.69341284359,0.389027274878,0.193958664547,2.09866904602,0.964253345467,0.518282988871,1.87867287326,0.863174022847,0.470588235294,0.786197569093,0.41766745858,2.25,1.88235294118,0.786197569093,2.25,0.166339869281,0.0612244897959,3,0.00441176470588,0.185952380952,17,17,17,1,0,0.352941176471,0.411764705882,0.235294117647,17,0.128676470588,1.90196078431,4.11764705882,3.18181818182,2.69230769231,1.57648156274,0.382859808093,0.201680672269,2.01465221053,0.978545359402,0.524369747899,1.74894926439,0.849489642704,0.463865546218,0.814492905316,0.428238537847,2.33333333333,1.90196078431,0.814492905316,2.33333333333,0,0,0,0,0.164242424242,17,17,17,1,0,0.352941176471,0.411764705882,0.235294117647,17,36,0.132352941176,1.89705882353,4.23529411765,3.27272727273,2.76923076923,1.71498585143,0.40492721492,0.204248366013,2.05798302171,0.971825315808,0.522875816993,1.79869233546,0.849382491746,0.464052287582,0.805541469338,0.424626510969,2.25,1.89705882353,0.805541469338,2.25,0.0702614379085,0.0214285714286,1,0.00147058823529,0.175454545455,17,17,17,1,0,0.352941176471,0.411764705882,0.235294117647,-1,-0.00367647058824,0.0147058823529,-0.117647058824,-0.0909090909091,-0.0769230769231,0.0215730078386,0.0158999400418,0.0102897014662,-0.0406860243059,0.00757197034072,0.00459282812224,-0.0799805377942,-0.0137915311015,-0.00653594771242,0.0193439002456,0.00695905238854,0,0.0147058823529,0.0193439002456,0,-0.0960784313725,-0.0397959183673,-2,-0.00294117647059,-0.0104978354978,0,0,0,36,0,1,235,0.972972972973,1,0,0.027027027027,1,0.972972972973,0.986301369863,0.984301887704,0.972972972973,0.972972972973,1,2,0,0,0,0
3547,WLNM_dir_neg,1,0.5,00:00:00,10,80,45,1986366818,threshold_sweep,0.1,1,1,1,2,0,0,4,1,1,0,0,1,1,1,1,0.555555555556,1,1,1,37,35,2,0,37,0,35,0,2,17,37,0.136029411765,1.88235294118,4.35294117647,3.36363636364,2.84615384615,1.69341284359,0.389027274878,0.193958664547,2.09866904602,0.964253345467,0.518282988871,1.87867287326,0.863174022847,0.470588235294,0.786197569093,0.41766745858,2.25,1.88235294118,0.786197569093,2.25,0.166339869281,0.0612244897959,3,0.00441176470588,0.185952380952,17,17,17,1,0,0.352941176471,0.411764705882,0.235294117647,17,0.128676470588,1.90196078431,4.11764705882,3.18181818182,2.69230769231,1.57648156274,0.382859808093,0.201680672269,2.01465221053,0.978545359402,0.524369747899,1.74894926439,0.849489642704,0.463865546218,0.814492905316,0.428238537847,2.33333333333,1.90196078431,0.814492905316,2.33333333333,0,0,0,0,0.164242424242,17,17,17,1,0,0.352941176471,0.411764705882,0.235294117647,17,37,0.136029411765,1.88235294118,4.35294117647,3.36363636364,2.84615384615,1.69341284359,0.389027274878,0.193958664547,2.09866904602,0.964253345467,0.518282988871,1.87867287326,0.863174022847,0.470588235294,0.786197569093,0.41766745858,2.25,1.88235294118,0.786197569093,2.25,0.166339869281,0.0612244897959,3,0.00441176470588,0.185952380952,17,17,17,1,0,0.352941176471,0.411764705882,0.235294117647,0,0,0,0,0,0,0,0,0,0,0,0,0,0,0,0,0,0,0,0,0,0,0,0,0,0,0,0,0,37,0,0,235,1,1,0,0,1,1,1,1,1,1,2,2,0,0,0,0
3548,WLNM_dir_neg,1,0.5,00:00:00,10,80,45,1986366818,threshold_sweep,0.2,1,1,1,2,0,0,4,1,1,0,0,1,1,1,1,0.555555555556,1,1,1,37,35,2,0,37,0,35,0,2,17,37,0.136029411765,1.88235294118,4.35294117647,3.36363636364,2.84615384615,1.69341284359,0.389027274878,0.193958664547,2.09866904602,0.964253345467,0.518282988871,1.87867287326,0.863174022847,0.470588235294,0.786197569093,0.41766745858,2.25,1.88235294118,0.786197569093,2.25,0.166339869281,0.0612244897959,3,0.00441176470588,0.185952380952,17,17,17,1,0,0.352941176471,0.411764705882,0.235294117647,17,0.128676470588,1.90196078431,4.11764705882,3.18181818182,2.69230769231,1.57648156274,0.382859808093,0.201680672269,2.01465221053,0.978545359402,0.524369747899,1.74894926439,0.849489642704,0.463865546218,0.814492905316,0.428238537847,2.33333333333,1.90196078431,0.814492905316,2.33333333333,0,0,0,0,0.164242424242,17,17,17,1,0,0.352941176471,0.411764705882,0.235294117647,17,37,0.136029411765,1.88235294118,4.35294117647,3.36363636364,2.84615384615,1.69341284359,0.389027274878,0.193958664547,2.09866904602,0.964253345467,0.518282988871,1.87867287326,0.863174022847,0.470588235294,0.786197569093,0.41766745858,2.25,1.88235294118,0.786197569093,2.25,0.166339869281,0.0612244897959,3,0.00441176470588,0.185952380952,17,17,17,1,0,0.352941176471,0.411764705882,0.235294117647,0,0,0,0,0,0,0,0,0,0,0,0,0,0,0,0,0,0,0,0,0,0,0,0,0,0,0,0,0,37,0,0,235,1,1,0,0,1,1,1,1,1,1,2,2,0,0,0,0
3549,WLNM_dir_neg,1,0.5,00:00:00,10,80,45,1986366818,threshold_sweep,0.3,1,1,1,2,0,0,4,1,1,0,0,1,1,1,1,0.555555555556,1,1,1,37,35,2,0,37,0,35,0,2,17,37,0.136029411765,1.88235294118,4.35294117647,3.36363636364,2.84615384615,1.69341284359,0.389027274878,0.193958664547,2.09866904602,0.964253345467,0.518282988871,1.87867287326,0.863174022847,0.470588235294,0.786197569093,0.41766745858,2.25,1.88235294118,0.786197569093,2.25,0.166339869281,0.0612244897959,3,0.00441176470588,0.185952380952,17,17,17,1,0,0.352941176471,0.411764705882,0.235294117647,17,0.128676470588,1.90196078431,4.11764705882,3.18181818182,2.69230769231,1.57648156274,0.382859808093,0.201680672269,2.01465221053,0.978545359402,0.524369747899,1.74894926439,0.849489642704,0.463865546218,0.814492905316,0.428238537847,2.33333333333,1.90196078431,0.814492905316,2.33333333333,0,0,0,0,0.164242424242,17,17,17,1,0,0.352941176471,0.411764705882,0.235294117647,17,37,0.136029411765,1.88235294118,4.35294117647,3.36363636364,2.84615384615,1.69341284359,0.389027274878,0.193958664547,2.09866904602,0.964253345467,0.518282988871,1.87867287326,0.863174022847,0.470588235294,0.786197569093,0.41766745858,2.25,1.88235294118,0.786197569093,2.25,0.166339869281,0.0612244897959,3,0.00441176470588,0.185952380952,17,17,17,1,0,0.352941176471,0.411764705882,0.235294117647,0,0,0,0,0,0,0,0,0,0,0,0,0,0,0,0,0,0,0,0,0,0,0,0,0,0,0,0,0,37,0,0,235,1,1,0,0,1,1,1,1,1,1,2,2,0,0,0,0
3550,WLNM_dir_neg,1,0.5,00:00:00,10,80,45,1986366818,threshold_sweep,0.4,1,1,1,2,0,0,4,1,1,0,0,1,1,1,1,0.555555555556,1,1,1,37,35,2,0,37,0,35,0,2,17,37,0.136029411765,1.88235294118,4.35294117647,3.36363636364,2.84615384615,1.69341284359,0.389027274878,0.193958664547,2.09866904602,0.964253345467,0.518282988871,1.87867287326,0.863174022847,0.470588235294,0.786197569093,0.41766745858,2.25,1.88235294118,0.786197569093,2.25,0.166339869281,0.0612244897959,3,0.00441176470588,0.185952380952,17,17,17,1,0,0.352941176471,0.411764705882,0.235294117647,17,0.128676470588,1.90196078431,4.11764705882,3.18181818182,2.69230769231,1.57648156274,0.382859808093,0.201680672269,2.01465221053,0.978545359402,0.524369747899,1.74894926439,0.849489642704,0.463865546218,0.814492905316,0.428238537847,2.33333333333,1.90196078431,0.814492905316,2.33333333333,0,0,0,0,0.164242424242,17,17,17,1,0,0.352941176471,0.411764705882,0.235294117647,17,37,0.136029411765,1.88235294118,4.35294117647,3.36363636364,2.84615384615,1.69341284359,0.389027274878,0.193958664547,2.09866904602,0.964253345467,0.518282988871,1.87867287326,0.863174022847,0.470588235294,0.786197569093,0.41766745858,2.25,1.88235294118,0.786197569093,2.25,0.166339869281,0.0612244897959,3,0.00441176470588,0.185952380952,17,17,17,1,0,0.352941176471,0.411764705882,0.235294117647,0,0,0,0,0,0,0,0,0,0,0,0,0,0,0,0,0,0,0,0,0,0,0,0,0,0,0,0,0,37,0,0,235,1,1,0,0,1,1,1,1,1,1,2,2,0,0,0,0
3551,WLNM_dir_neg,1,0.5,00:00:00,10,80,45,1986366818,threshold_sweep,0.5,1,1,1,2,0,0,4,1,1,0,0,1,1,1,1,0.555555555556,1,1,1,37,35,2,0,37,0,35,0,2,17,37,0.136029411765,1.88235294118,4.35294117647,3.36363636364,2.84615384615,1.69341284359,0.389027274878,0.193958664547,2.09866904602,0.964253345467,0.518282988871,1.87867287326,0.863174022847,0.470588235294,0.786197569093,0.41766745858,2.25,1.88235294118,0.786197569093,2.25,0.166339869281,0.0612244897959,3,0.00441176470588,0.185952380952,17,17,17,1,0,0.352941176471,0.411764705882,0.235294117647,17,0.128676470588,1.90196078431,4.11764705882,3.18181818182,2.69230769231,1.57648156274,0.382859808093,0.201680672269,2.01465221053,0.978545359402,0.524369747899,1.74894926439,0.849489642704,0.463865546218,0.814492905316,0.428238537847,2.33333333333,1.90196078431,0.814492905316,2.33333333333,0,0,0,0,0.164242424242,17,17,17,1,0,0.352941176471,0.411764705882,0.235294117647,17,37,0.136029411765,1.88235294118,4.35294117647,3.36363636364,2.84615384615,1.69341284359,0.389027274878,0.193958664547,2.09866904602,0.964253345467,0.518282988871,1.87867287326,0.863174022847,0.470588235294,0.786197569093,0.41766745858,2.25,1.88235294118,0.786197569093,2.25,0.166339869281,0.0612244897959,3,0.00441176470588,0.185952380952,17,17,17,1,0,0.352941176471,0.411764705882,0.235294117647,0,0,0,0,0,0,0,0,0,0,0,0,0,0,0,0,0,0,0,0,0,0,0,0,0,0,0,0,0,37,0,0,235,1,1,0,0,1,1,1,1,1,1,2,2,0,0,0,0
3552,WLNM_dir_neg,1,0.5,00:00:00,10,80,45,1986366818,threshold_sweep,0.6,1,1,1,2,0,0,4,1,1,0,0,1,1,1,1,0.555555555556,1,1,1,37,35,2,0,37,0,35,0,2,17,37,0.136029411765,1.88235294118,4.35294117647,3.36363636364,2.84615384615,1.69341284359,0.389027274878,0.193958664547,2.09866904602,0.964253345467,0.518282988871,1.87867287326,0.863174022847,0.470588235294,0.786197569093,0.41766745858,2.25,1.88235294118,0.786197569093,2.25,0.166339869281,0.0612244897959,3,0.00441176470588,0.185952380952,17,17,17,1,0,0.352941176471,0.411764705882,0.235294117647,17,0.128676470588,1.90196078431,4.11764705882,3.18181818182,2.69230769231,1.57648156274,0.382859808093,0.201680672269,2.01465221053,0.978545359402,0.524369747899,1.74894926439,0.849489642704,0.463865546218,0.814492905316,0.428238537847,2.33333333333,1.90196078431,0.814492905316,2.33333333333,0,0,0,0,0.164242424242,17,17,17,1,0,0.352941176471,0.411764705882,0.235294117647,17,37,0.136029411765,1.88235294118,4.35294117647,3.36363636364,2.84615384615,1.69341284359,0.389027274878,0.193958664547,2.09866904602,0.964253345467,0.518282988871,1.87867287326,0.863174022847,0.470588235294,0.786197569093,0.41766745858,2.25,1.88235294118,0.786197569093,2.25,0.166339869281,0.0612244897959,3,0.00441176470588,0.185952380952,17,17,17,1,0,0.352941176471,0.411764705882,0.235294117647,0,0,0,0,0,0,0,0,0,0,0,0,0,0,0,0,0,0,0,0,0,0,0,0,0,0,0,0,0,37,0,0,235,1,1,0,0,1,1,1,1,1,1,2,2,0,0,0,0
3553,WLNM_dir_neg,1,0.5,00:00:00,10,80,45,1986366818,threshold_sweep,0.7,1,1,1,2,0,0,4,1,1,0,0,1,1,1,1,0.555555555556,1,1,1,37,35,2,0,37,0,35,0,2,17,37,0.136029411765,1.88235294118,4.35294117647,3.36363636364,2.84615384615,1.69341284359,0.389027274878,0.193958664547,2.09866904602,0.964253345467,0.518282988871,1.87867287326,0.863174022847,0.470588235294,0.786197569093,0.41766745858,2.25,1.88235294118,0.786197569093,2.25,0.166339869281,0.0612244897959,3,0.00441176470588,0.185952380952,17,17,17,1,0,0.352941176471,0.411764705882,0.235294117647,17,0.128676470588,1.90196078431,4.11764705882,3.18181818182,2.69230769231,1.57648156274,0.382859808093,0.201680672269,2.01465221053,0.978545359402,0.524369747899,1.74894926439,0.849489642704,0.463865546218,0.814492905316,0.428238537847,2.33333333333,1.90196078431,0.814492905316,2.33333333333,0,0,0,0,0.164242424242,17,17,17,1,0,0.352941176471,0.411764705882,0.235294117647,17,37,0.136029411765,1.88235294118,4.35294117647,3.36363636364,2.84615384615,1.69341284359,0.389027274878,0.193958664547,2.09866904602,0.964253345467,0.518282988871,1.87867287326,0.863174022847,0.470588235294,0.786197569093,0.41766745858,2.25,1.88235294118,0.786197569093,2.25,0.166339869281,0.0612244897959,3,0.00441176470588,0.185952380952,17,17,17,1,0,0.352941176471,0.411764705882,0.235294117647,0,0,0,0,0,0,0,0,0,0,0,0,0,0,0,0,0,0,0,0,0,0,0,0,0,0,0,0,0,37,0,0,235,1,1,0,0,1,1,1,1,1,1,2,2,0,0,0,0
3554,WLNM_dir_neg,1,0.5,00:00:00,10,80,45,1986366818,threshold_sweep,0.8,1,1,1,2,0,0,4,1,1,0,0,1,1,1,1,0.555555555556,1,1,1,37,35,2,0,37,0,35,0,2,17,37,0.136029411765,1.88235294118,4.35294117647,3.36363636364,2.84615384615,1.69341284359,0.389027274878,0.193958664547,2.09866904602,0.964253345467,0.518282988871,1.87867287326,0.863174022847,0.470588235294,0.786197569093,0.41766745858,2.25,1.88235294118,0.786197569093,2.25,0.166339869281,0.0612244897959,3,0.00441176470588,0.185952380952,17,17,17,1,0,0.352941176471,0.411764705882,0.235294117647,17,0.128676470588,1.90196078431,4.11764705882,3.18181818182,2.69230769231,1.57648156274,0.382859808093,0.201680672269,2.01465221053,0.978545359402,0.524369747899,1.74894926439,0.849489642704,0.463865546218,0.814492905316,0.428238537847,2.33333333333,1.90196078431,0.814492905316,2.33333333333,0,0,0,0,0.164242424242,17,17,17,1,0,0.352941176471,0.411764705882,0.235294117647,17,37,0.136029411765,1.88235294118,4.35294117647,3.36363636364,2.84615384615,1.69341284359,0.389027274878,0.193958664547,2.09866904602,0.964253345467,0.518282988871,1.87867287326,0.863174022847,0.470588235294,0.786197569093,0.41766745858,2.25,1.88235294118,0.786197569093,2.25,0.166339869281,0.0612244897959,3,0.00441176470588,0.185952380952,17,17,17,1,0,0.352941176471,0.411764705882,0.235294117647,0,0,0,0,0,0,0,0,0,0,0,0,0,0,0,0,0,0,0,0,0,0,0,0,0,0,0,0,0,37,0,0,235,1,1,0,0,1,1,1,1,1,1,2,2,0,0,0,0
3555,WLNM_dir_neg,1,0.5,00:00:00,10,80,45,1986366818,threshold_sweep,0.9,1,1,1,2,0,0,4,1,1,0,0,1,1,1,1,0.555555555556,1,1,1,37,35,2,0,37,0,35,0,2,17,37,0.136029411765,1.88235294118,4.35294117647,3.36363636364,2.84615384615,1.69341284359,0.389027274878,0.193958664547,2.09866904602,0.964253345467,0.518282988871,1.87867287326,0.863174022847,0.470588235294,0.786197569093,0.41766745858,2.25,1.88235294118,0.786197569093,2.25,0.166339869281,0.0612244897959,3,0.00441176470588,0.185952380952,17,17,17,1,0,0.352941176471,0.411764705882,0.235294117647,17,0.128676470588,1.90196078431,4.11764705882,3.18181818182,2.69230769231,1.57648156274,0.382859808093,0.201680672269,2.01465221053,0.978545359402,0.524369747899,1.74894926439,0.849489642704,0.463865546218,0.814492905316,0.428238537847,2.33333333333,1.90196078431,0.814492905316,2.33333333333,0,0,0,0,0.164242424242,17,17,17,1,0,0.352941176471,0.411764705882,0.235294117647,17,37,0.136029411765,1.88235294118,4.35294117647,3.36363636364,2.84615384615,1.69341284359,0.389027274878,0.193958664547,2.09866904602,0.964253345467,0.518282988871,1.87867287326,0.863174022847,0.470588235294,0.786197569093,0.41766745858,2.25,1.88235294118,0.786197569093,2.25,0.166339869281,0.0612244897959,3,0.00441176470588,0.185952380952,17,17,17,1,0,0.352941176471,0.411764705882,0.235294117647,0,0,0,0,0,0,0,0,0,0,0,0,0,0,0,0,0,0,0,0,0,0,0,0,0,0,0,0,0,37,0,0,235,1,1,0,0,1,1,1,1,1,1,2,2,0,0,0,0
3556,WLNM_dir_neg,1,0.5,00:00:00,10,80,46,1986366819,threshold_sweep,0.1,1,1,1,2,0,0,4,1,1,0,0,1,1,1,1,0.555555555556,1,1,1,37,35,2,0,37,0,35,0,2,17,37,0.136029411765,1.88235294118,4.35294117647,3.36363636364,2.84615384615,1.69341284359,0.389027274878,0.193958664547,2.09866904602,0.964253345467,0.518282988871,1.87867287326,0.863174022847,0.470588235294,0.786197569093,0.41766745858,2.25,1.88235294118,0.786197569093,2.25,0.166339869281,0.0612244897959,3,0.00441176470588,0.185952380952,17,17,17,1,0,0.352941176471,0.411764705882,0.235294117647,17,0.128676470588,1.90196078431,4.11764705882,3.18181818182,2.69230769231,1.57648156274,0.382859808093,0.201680672269,2.01465221053,0.978545359402,0.524369747899,1.74894926439,0.849489642704,0.463865546218,0.814492905316,0.428238537847,2.33333333333,1.90196078431,0.814492905316,2.33333333333,0,0,0,0,0.164242424242,17,17,17,1,0,0.352941176471,0.411764705882,0.235294117647,17,37,0.136029411765,1.88235294118,4.35294117647,3.36363636364,2.84615384615,1.69341284359,0.389027274878,0.193958664547,2.09866904602,0.964253345467,0.518282988871,1.87867287326,0.863174022847,0.470588235294,0.786197569093,0.41766745858,2.25,1.88235294118,0.786197569093,2.25,0.166339869281,0.0612244897959,3,0.00441176470588,0.185952380952,17,17,17,1,0,0.352941176471,0.411764705882,0.235294117647,0,0,0,0,0,0,0,0,0,0,0,0,0,0,0,0,0,0,0,0,0,0,0,0,0,0,0,0,0,37,0,0,235,1,1,0,0,1,1,1,1,1,1,2,2,0,0,0,0
3557,WLNM_dir_neg,1,0.5,00:00:00,10,80,46,1986366819,threshold_sweep,0.2,1,1,1,2,0,0,4,1,1,0,0,1,1,1,1,0.555555555556,1,1,1,37,35,2,0,37,0,35,0,2,17,37,0.136029411765,1.88235294118,4.35294117647,3.36363636364,2.84615384615,1.69341284359,0.389027274878,0.193958664547,2.09866904602,0.964253345467,0.518282988871,1.87867287326,0.863174022847,0.470588235294,0.786197569093,0.41766745858,2.25,1.88235294118,0.786197569093,2.25,0.166339869281,0.0612244897959,3,0.00441176470588,0.185952380952,17,17,17,1,0,0.352941176471,0.411764705882,0.235294117647,17,0.128676470588,1.90196078431,4.11764705882,3.18181818182,2.69230769231,1.57648156274,0.382859808093,0.201680672269,2.01465221053,0.978545359402,0.524369747899,1.74894926439,0.849489642704,0.463865546218,0.814492905316,0.428238537847,2.33333333333,1.90196078431,0.814492905316,2.33333333333,0,0,0,0,0.164242424242,17,17,17,1,0,0.352941176471,0.411764705882,0.235294117647,17,37,0.136029411765,1.88235294118,4.35294117647,3.36363636364,2.84615384615,1.69341284359,0.389027274878,0.193958664547,2.09866904602,0.964253345467,0.518282988871,1.87867287326,0.863174022847,0.470588235294,0.786197569093,0.41766745858,2.25,1.88235294118,0.786197569093,2.25,0.166339869281,0.0612244897959,3,0.00441176470588,0.185952380952,17,17,17,1,0,0.352941176471,0.411764705882,0.235294117647,0,0,0,0,0,0,0,0,0,0,0,0,0,0,0,0,0,0,0,0,0,0,0,0,0,0,0,0,0,37,0,0,235,1,1,0,0,1,1,1,1,1,1,2,2,0,0,0,0
3558,WLNM_dir_neg,1,0.5,00:00:00,10,80,46,1986366819,threshold_sweep,0.3,1,1,1,2,0,0,4,1,1,0,0,1,1,1,1,0.555555555556,1,1,1,37,35,2,0,37,0,35,0,2,17,37,0.136029411765,1.88235294118,4.35294117647,3.36363636364,2.84615384615,1.69341284359,0.389027274878,0.193958664547,2.09866904602,0.964253345467,0.518282988871,1.87867287326,0.863174022847,0.470588235294,0.786197569093,0.41766745858,2.25,1.88235294118,0.786197569093,2.25,0.166339869281,0.0612244897959,3,0.00441176470588,0.185952380952,17,17,17,1,0,0.352941176471,0.411764705882,0.235294117647,17,0.128676470588,1.90196078431,4.11764705882,3.18181818182,2.69230769231,1.57648156274,0.382859808093,0.201680672269,2.01465221053,0.978545359402,0.524369747899,1.74894926439,0.849489642704,0.463865546218,0.814492905316,0.428238537847,2.33333333333,1.90196078431,0.814492905316,2.33333333333,0,0,0,0,0.164242424242,17,17,17,1,0,0.352941176471,0.411764705882,0.235294117647,17,37,0.136029411765,1.88235294118,4.35294117647,3.36363636364,2.84615384615,1.69341284359,0.389027274878,0.193958664547,2.09866904602,0.964253345467,0.518282988871,1.87867287326,0.863174022847,0.470588235294,0.786197569093,0.41766745858,2.25,1.88235294118,0.786197569093,2.25,0.166339869281,0.0612244897959,3,0.00441176470588,0.185952380952,17,17,17,1,0,0.352941176471,0.411764705882,0.235294117647,0,0,0,0,0,0,0,0,0,0,0,0,0,0,0,0,0,0,0,0,0,0,0,0,0,0,0,0,0,37,0,0,235,1,1,0,0,1,1,1,1,1,1,2,2,0,0,0,0
3559,WLNM_dir_neg,1,0.5,00:00:00,10,80,46,1986366819,threshold_sweep,0.4,1,1,1,2,0,0,4,1,1,0,0,1,1,1,1,0.555555555556,1,1,1,37,35,2,0,37,0,35,0,2,17,37,0.136029411765,1.88235294118,4.35294117647,3.36363636364,2.84615384615,1.69341284359,0.389027274878,0.193958664547,2.09866904602,0.964253345467,0.518282988871,1.87867287326,0.863174022847,0.470588235294,0.786197569093,0.41766745858,2.25,1.88235294118,0.786197569093,2.25,0.166339869281,0.0612244897959,3,0.00441176470588,0.185952380952,17,17,17,1,0,0.352941176471,0.411764705882,0.235294117647,17,0.128676470588,1.90196078431,4.11764705882,3.18181818182,2.69230769231,1.57648156274,0.382859808093,0.201680672269,2.01465221053,0.978545359402,0.524369747899,1.74894926439,0.849489642704,0.463865546218,0.814492905316,0.428238537847,2.33333333333,1.90196078431,0.814492905316,2.33333333333,0,0,0,0,0.164242424242,17,17,17,1,0,0.352941176471,0.411764705882,0.235294117647,17,37,0.136029411765,1.88235294118,4.35294117647,3.36363636364,2.84615384615,1.69341284359,0.389027274878,0.193958664547,2.09866904602,0.964253345467,0.518282988871,1.87867287326,0.863174022847,0.470588235294,0.786197569093,0.41766745858,2.25,1.88235294118,0.786197569093,2.25,0.166339869281,0.0612244897959,3,0.00441176470588,0.185952380952,17,17,17,1,0,0.352941176471,0.411764705882,0.235294117647,0,0,0,0,0,0,0,0,0,0,0,0,0,0,0,0,0,0,0,0,0,0,0,0,0,0,0,0,0,37,0,0,235,1,1,0,0,1,1,1,1,1,1,2,2,0,0,0,0
3560,WLNM_dir_neg,1,0.5,00:00:00,10,80,46,1986366819,threshold_sweep,0.5,1,1,1,2,0,0,4,1,1,0,0,1,1,1,1,0.555555555556,1,1,1,37,35,2,0,37,0,35,0,2,17,37,0.136029411765,1.88235294118,4.35294117647,3.36363636364,2.84615384615,1.69341284359,0.389027274878,0.193958664547,2.09866904602,0.964253345467,0.518282988871,1.87867287326,0.863174022847,0.470588235294,0.786197569093,0.41766745858,2.25,1.88235294118,0.786197569093,2.25,0.166339869281,0.0612244897959,3,0.00441176470588,0.185952380952,17,17,17,1,0,0.352941176471,0.411764705882,0.235294117647,17,0.128676470588,1.90196078431,4.11764705882,3.18181818182,2.69230769231,1.57648156274,0.382859808093,0.201680672269,2.01465221053,0.978545359402,0.524369747899,1.74894926439,0.849489642704,0.463865546218,0.814492905316,0.428238537847,2.33333333333,1.90196078431,0.814492905316,2.33333333333,0,0,0,0,0.164242424242,17,17,17,1,0,0.352941176471,0.411764705882,0.235294117647,17,37,0.136029411765,1.88235294118,4.35294117647,3.36363636364,2.84615384615,1.69341284359,0.389027274878,0.193958664547,2.09866904602,0.964253345467,0.518282988871,1.87867287326,0.863174022847,0.470588235294,0.786197569093,0.41766745858,2.25,1.88235294118,0.786197569093,2.25,0.166339869281,0.0612244897959,3,0.00441176470588,0.185952380952,17,17,17,1,0,0.352941176471,0.411764705882,0.235294117647,0,0,0,0,0,0,0,0,0,0,0,0,0,0,0,0,0,0,0,0,0,0,0,0,0,0,0,0,0,37,0,0,235,1,1,0,0,1,1,1,1,1,1,2,2,0,0,0,0
3561,WLNM_dir_neg,1,0.5,00:00:00,10,80,46,1986366819,threshold_sweep,0.6,1,1,1,2,0,0,4,1,1,0,0,1,1,1,1,0.555555555556,1,1,1,37,35,2,0,37,0,35,0,2,17,37,0.136029411765,1.88235294118,4.35294117647,3.36363636364,2.84615384615,1.69341284359,0.389027274878,0.193958664547,2.09866904602,0.964253345467,0.518282988871,1.87867287326,0.863174022847,0.470588235294,0.786197569093,0.41766745858,2.25,1.88235294118,0.786197569093,2.25,0.166339869281,0.0612244897959,3,0.00441176470588,0.185952380952,17,17,17,1,0,0.352941176471,0.411764705882,0.235294117647,17,0.128676470588,1.90196078431,4.11764705882,3.18181818182,2.69230769231,1.57648156274,0.382859808093,0.201680672269,2.01465221053,0.978545359402,0.524369747899,1.74894926439,0.849489642704,0.463865546218,0.814492905316,0.428238537847,2.33333333333,1.90196078431,0.814492905316,2.33333333333,0,0,0,0,0.164242424242,17,17,17,1,0,0.352941176471,0.411764705882,0.235294117647,17,37,0.136029411765,1.88235294118,4.35294117647,3.36363636364,2.84615384615,1.69341284359,0.389027274878,0.193958664547,2.09866904602,0.964253345467,0.518282988871,1.87867287326,0.863174022847,0.470588235294,0.786197569093,0.41766745858,2.25,1.88235294118,0.786197569093,2.25,0.166339869281,0.0612244897959,3,0.00441176470588,0.185952380952,17,17,17,1,0,0.352941176471,0.411764705882,0.235294117647,0,0,0,0,0,0,0,0,0,0,0,0,0,0,0,0,0,0,0,0,0,0,0,0,0,0,0,0,0,37,0,0,235,1,1,0,0,1,1,1,1,1,1,2,2,0,0,0,0
3562,WLNM_dir_neg,1,0.5,00:00:00,10,80,46,1986366819,threshold_sweep,0.7,1,1,1,2,0,0,4,1,1,0,0,1,1,1,1,0.555555555556,1,1,1,37,35,2,0,37,0,35,0,2,17,37,0.136029411765,1.88235294118,4.35294117647,3.36363636364,2.84615384615,1.69341284359,0.389027274878,0.193958664547,2.09866904602,0.964253345467,0.518282988871,1.87867287326,0.863174022847,0.470588235294,0.786197569093,0.41766745858,2.25,1.88235294118,0.786197569093,2.25,0.166339869281,0.0612244897959,3,0.00441176470588,0.185952380952,17,17,17,1,0,0.352941176471,0.411764705882,0.235294117647,17,0.128676470588,1.90196078431,4.11764705882,3.18181818182,2.69230769231,1.57648156274,0.382859808093,0.201680672269,2.01465221053,0.978545359402,0.524369747899,1.74894926439,0.849489642704,0.463865546218,0.814492905316,0.428238537847,2.33333333333,1.90196078431,0.814492905316,2.33333333333,0,0,0,0,0.164242424242,17,17,17,1,0,0.352941176471,0.411764705882,0.235294117647,17,37,0.136029411765,1.88235294118,4.35294117647,3.36363636364,2.84615384615,1.69341284359,0.389027274878,0.193958664547,2.09866904602,0.964253345467,0.518282988871,1.87867287326,0.863174022847,0.470588235294,0.786197569093,0.41766745858,2.25,1.88235294118,0.786197569093,2.25,0.166339869281,0.0612244897959,3,0.00441176470588,0.185952380952,17,17,17,1,0,0.352941176471,0.411764705882,0.235294117647,0,0,0,0,0,0,0,0,0,0,0,0,0,0,0,0,0,0,0,0,0,0,0,0,0,0,0,0,0,37,0,0,235,1,1,0,0,1,1,1,1,1,1,2,2,0,0,0,0
3563,WLNM_dir_neg,1,0.5,00:00:00,10,80,46,1986366819,threshold_sweep,0.8,1,1,1,2,0,0,4,1,1,0,0,1,1,1,1,0.555555555556,1,1,1,37,35,2,0,37,0,35,0,2,17,37,0.136029411765,1.88235294118,4.35294117647,3.36363636364,2.84615384615,1.69341284359,0.389027274878,0.193958664547,2.09866904602,0.964253345467,0.518282988871,1.87867287326,0.863174022847,0.470588235294,0.786197569093,0.41766745858,2.25,1.88235294118,0.786197569093,2.25,0.166339869281,0.0612244897959,3,0.00441176470588,0.185952380952,17,17,17,1,0,0.352941176471,0.411764705882,0.235294117647,17,0.128676470588,1.90196078431,4.11764705882,3.18181818182,2.69230769231,1.57648156274,0.382859808093,0.201680672269,2.01465221053,0.978545359402,0.524369747899,1.74894926439,0.849489642704,0.463865546218,0.814492905316,0.428238537847,2.33333333333,1.90196078431,0.814492905316,2.33333333333,0,0,0,0,0.164242424242,17,17,17,1,0,0.352941176471,0.411764705882,0.235294117647,17,37,0.136029411765,1.88235294118,4.35294117647,3.36363636364,2.84615384615,1.69341284359,0.389027274878,0.193958664547,2.09866904602,0.964253345467,0.518282988871,1.87867287326,0.863174022847,0.470588235294,0.786197569093,0.41766745858,2.25,1.88235294118,0.786197569093,2.25,0.166339869281,0.0612244897959,3,0.00441176470588,0.185952380952,17,17,17,1,0,0.352941176471,0.411764705882,0.235294117647,0,0,0,0,0,0,0,0,0,0,0,0,0,0,0,0,0,0,0,0,0,0,0,0,0,0,0,0,0,37,0,0,235,1,1,0,0,1,1,1,1,1,1,2,2,0,0,0,0
3564,WLNM_dir_neg,1,0.5,00:00:00,10,80,46,1986366819,threshold_sweep,0.9,1,1,1,2,0,0,4,1,1,0,0,1,1,1,1,0.555555555556,1,1,1,37,35,2,0,37,0,35,0,2,17,37,0.136029411765,1.88235294118,4.35294117647,3.36363636364,2.84615384615,1.69341284359,0.389027274878,0.193958664547,2.09866904602,0.964253345467,0.518282988871,1.87867287326,0.863174022847,0.470588235294,0.786197569093,0.41766745858,2.25,1.88235294118,0.786197569093,2.25,0.166339869281,0.0612244897959,3,0.00441176470588,0.185952380952,17,17,17,1,0,0.352941176471,0.411764705882,0.235294117647,17,0.128676470588,1.90196078431,4.11764705882,3.18181818182,2.69230769231,1.57648156274,0.382859808093,0.201680672269,2.01465221053,0.978545359402,0.524369747899,1.74894926439,0.849489642704,0.463865546218,0.814492905316,0.428238537847,2.33333333333,1.90196078431,0.814492905316,2.33333333333,0,0,0,0,0.164242424242,17,17,17,1,0,0.352941176471,0.411764705882,0.235294117647,17,37,0.136029411765,1.88235294118,4.35294117647,3.36363636364,2.84615384615,1.69341284359,0.389027274878,0.193958664547,2.09866904602,0.964253345467,0.518282988871,1.87867287326,0.863174022847,0.470588235294,0.786197569093,0.41766745858,2.25,1.88235294118,0.786197569093,2.25,0.166339869281,0.0612244897959,3,0.00441176470588,0.185952380952,17,17,17,1,0,0.352941176471,0.411764705882,0.235294117647,0,0,0,0,0,0,0,0,0,0,0,0,0,0,0,0,0,0,0,0,0,0,0,0,0,0,0,0,0,37,0,0,235,1,1,0,0,1,1,1,1,1,1,2,2,0,0,0,0
3565,WLNM_dir_neg,1,0.5,00:00:00,10,80,47,1986366820,threshold_sweep,0.1,1,1,1,2,0,0,4,1,1,0,0,1,1,1,1,0.555555555556,1,1,1,37,35,2,0,37,0,35,0,2,17,37,0.136029411765,1.88235294118,4.35294117647,3.36363636364,2.84615384615,1.69341284359,0.389027274878,0.193958664547,2.09866904602,0.964253345467,0.518282988871,1.87867287326,0.863174022847,0.470588235294,0.786197569093,0.41766745858,2.25,1.88235294118,0.786197569093,2.25,0.166339869281,0.0612244897959,3,0.00441176470588,0.185952380952,17,17,17,1,0,0.352941176471,0.411764705882,0.235294117647,17,0.128676470588,1.90196078431,4.11764705882,3.18181818182,2.69230769231,1.57648156274,0.382859808093,0.201680672269,2.01465221053,0.978545359402,0.524369747899,1.74894926439,0.849489642704,0.463865546218,0.814492905316,0.428238537847,2.33333333333,1.90196078431,0.814492905316,2.33333333333,0,0,0,0,0.164242424242,17,17,17,1,0,0.352941176471,0.411764705882,0.235294117647,17,37,0.136029411765,1.88235294118,4.35294117647,3.36363636364,2.84615384615,1.69341284359,0.389027274878,0.193958664547,2.09866904602,0.964253345467,0.518282988871,1.87867287326,0.863174022847,0.470588235294,0.786197569093,0.41766745858,2.25,1.88235294118,0.786197569093,2.25,0.166339869281,0.0612244897959,3,0.00441176470588,0.185952380952,17,17,17,1,0,0.352941176471,0.411764705882,0.235294117647,0,0,0,0,0,0,0,0,0,0,0,0,0,0,0,0,0,0,0,0,0,0,0,0,0,0,0,0,0,37,0,0,235,1,1,0,0,1,1,1,1,1,1,2,2,0,0,0,0
3566,WLNM_dir_neg,1,0.5,00:00:00,10,80,47,1986366820,threshold_sweep,0.2,1,1,1,2,0,0,4,1,1,0,0,1,1,1,1,0.555555555556,1,1,1,37,35,2,0,37,0,35,0,2,17,37,0.136029411765,1.88235294118,4.35294117647,3.36363636364,2.84615384615,1.69341284359,0.389027274878,0.193958664547,2.09866904602,0.964253345467,0.518282988871,1.87867287326,0.863174022847,0.470588235294,0.786197569093,0.41766745858,2.25,1.88235294118,0.786197569093,2.25,0.166339869281,0.0612244897959,3,0.00441176470588,0.185952380952,17,17,17,1,0,0.352941176471,0.411764705882,0.235294117647,17,0.128676470588,1.90196078431,4.11764705882,3.18181818182,2.69230769231,1.57648156274,0.382859808093,0.201680672269,2.01465221053,0.978545359402,0.524369747899,1.74894926439,0.849489642704,0.463865546218,0.814492905316,0.428238537847,2.33333333333,1.90196078431,0.814492905316,2.33333333333,0,0,0,0,0.164242424242,17,17,17,1,0,0.352941176471,0.411764705882,0.235294117647,17,37,0.136029411765,1.88235294118,4.35294117647,3.36363636364,2.84615384615,1.69341284359,0.389027274878,0.193958664547,2.09866904602,0.964253345467,0.518282988871,1.87867287326,0.863174022847,0.470588235294,0.786197569093,0.41766745858,2.25,1.88235294118,0.786197569093,2.25,0.166339869281,0.0612244897959,3,0.00441176470588,0.185952380952,17,17,17,1,0,0.352941176471,0.411764705882,0.235294117647,0,0,0,0,0,0,0,0,0,0,0,0,0,0,0,0,0,0,0,0,0,0,0,0,0,0,0,0,0,37,0,0,235,1,1,0,0,1,1,1,1,1,1,2,2,0,0,0,0
3567,WLNM_dir_neg,1,0.5,00:00:00,10,80,47,1986366820,threshold_sweep,0.3,1,1,1,2,0,0,4,1,1,0,0,1,1,1,1,0.555555555556,1,1,1,37,35,2,0,37,0,35,0,2,17,37,0.136029411765,1.88235294118,4.35294117647,3.36363636364,2.84615384615,1.69341284359,0.389027274878,0.193958664547,2.09866904602,0.964253345467,0.518282988871,1.87867287326,0.863174022847,0.470588235294,0.786197569093,0.41766745858,2.25,1.88235294118,0.786197569093,2.25,0.166339869281,0.0612244897959,3,0.00441176470588,0.185952380952,17,17,17,1,0,0.352941176471,0.411764705882,0.235294117647,17,0.128676470588,1.90196078431,4.11764705882,3.18181818182,2.69230769231,1.57648156274,0.382859808093,0.201680672269,2.01465221053,0.978545359402,0.524369747899,1.74894926439,0.849489642704,0.463865546218,0.814492905316,0.428238537847,2.33333333333,1.90196078431,0.814492905316,2.33333333333,0,0,0,0,0.164242424242,17,17,17,1,0,0.352941176471,0.411764705882,0.235294117647,17,37,0.136029411765,1.88235294118,4.35294117647,3.36363636364,2.84615384615,1.69341284359,0.389027274878,0.193958664547,2.09866904602,0.964253345467,0.518282988871,1.87867287326,0.863174022847,0.470588235294,0.786197569093,0.41766745858,2.25,1.88235294118,0.786197569093,2.25,0.166339869281,0.0612244897959,3,0.00441176470588,0.185952380952,17,17,17,1,0,0.352941176471,0.411764705882,0.235294117647,0,0,0,0,0,0,0,0,0,0,0,0,0,0,0,0,0,0,0,0,0,0,0,0,0,0,0,0,0,37,0,0,235,1,1,0,0,1,1,1,1,1,1,2,2,0,0,0,0
3568,WLNM_dir_neg,1,0.5,00:00:00,10,80,47,1986366820,threshold_sweep,0.4,1,1,1,2,0,0,4,1,1,0,0,1,1,1,1,0.555555555556,1,1,1,37,35,2,0,37,0,35,0,2,17,37,0.136029411765,1.88235294118,4.35294117647,3.36363636364,2.84615384615,1.69341284359,0.389027274878,0.193958664547,2.09866904602,0.964253345467,0.518282988871,1.87867287326,0.863174022847,0.470588235294,0.786197569093,0.41766745858,2.25,1.88235294118,0.786197569093,2.25,0.166339869281,0.0612244897959,3,0.00441176470588,0.185952380952,17,17,17,1,0,0.352941176471,0.411764705882,0.235294117647,17,0.128676470588,1.90196078431,4.11764705882,3.18181818182,2.69230769231,1.57648156274,0.382859808093,0.201680672269,2.01465221053,0.978545359402,0.524369747899,1.74894926439,0.849489642704,0.463865546218,0.814492905316,0.428238537847,2.33333333333,1.90196078431,0.814492905316,2.33333333333,0,0,0,0,0.164242424242,17,17,17,1,0,0.352941176471,0.411764705882,0.235294117647,17,37,0.136029411765,1.88235294118,4.35294117647,3.36363636364,2.84615384615,1.69341284359,0.389027274878,0.193958664547,2.09866904602,0.964253345467,0.518282988871,1.87867287326,0.863174022847,0.470588235294,0.786197569093,0.41766745858,2.25,1.88235294118,0.786197569093,2.25,0.166339869281,0.0612244897959,3,0.00441176470588,0.185952380952,17,17,17,1,0,0.352941176471,0.411764705882,0.235294117647,0,0,0,0,0,0,0,0,0,0,0,0,0,0,0,0,0,0,0,0,0,0,0,0,0,0,0,0,0,37,0,0,235,1,1,0,0,1,1,1,1,1,1,2,2,0,0,0,0
3569,WLNM_dir_neg,1,0.5,00:00:00,10,80,47,1986366820,threshold_sweep,0.5,1,1,1,2,0,0,4,1,1,0,0,1,1,1,1,0.555555555556,1,1,1,37,35,2,0,37,0,35,0,2,17,37,0.136029411765,1.88235294118,4.35294117647,3.36363636364,2.84615384615,1.69341284359,0.389027274878,0.193958664547,2.09866904602,0.964253345467,0.518282988871,1.87867287326,0.863174022847,0.470588235294,0.786197569093,0.41766745858,2.25,1.88235294118,0.786197569093,2.25,0.166339869281,0.0612244897959,3,0.00441176470588,0.185952380952,17,17,17,1,0,0.352941176471,0.411764705882,0.235294117647,17,0.128676470588,1.90196078431,4.11764705882,3.18181818182,2.69230769231,1.57648156274,0.382859808093,0.201680672269,2.01465221053,0.978545359402,0.524369747899,1.74894926439,0.849489642704,0.463865546218,0.814492905316,0.428238537847,2.33333333333,1.90196078431,0.814492905316,2.33333333333,0,0,0,0,0.164242424242,17,17,17,1,0,0.352941176471,0.411764705882,0.235294117647,17,37,0.136029411765,1.88235294118,4.35294117647,3.36363636364,2.84615384615,1.69341284359,0.389027274878,0.193958664547,2.09866904602,0.964253345467,0.518282988871,1.87867287326,0.863174022847,0.470588235294,0.786197569093,0.41766745858,2.25,1.88235294118,0.786197569093,2.25,0.166339869281,0.0612244897959,3,0.00441176470588,0.185952380952,17,17,17,1,0,0.352941176471,0.411764705882,0.235294117647,0,0,0,0,0,0,0,0,0,0,0,0,0,0,0,0,0,0,0,0,0,0,0,0,0,0,0,0,0,37,0,0,235,1,1,0,0,1,1,1,1,1,1,2,2,0,0,0,0
3570,WLNM_dir_neg,1,0.5,00:00:00,10,80,47,1986366820,threshold_sweep,0.6,1,1,1,2,0,0,4,1,1,0,0,1,1,1,1,0.555555555556,1,1,1,37,35,2,0,37,0,35,0,2,17,37,0.136029411765,1.88235294118,4.35294117647,3.36363636364,2.84615384615,1.69341284359,0.389027274878,0.193958664547,2.09866904602,0.964253345467,0.518282988871,1.87867287326,0.863174022847,0.470588235294,0.786197569093,0.41766745858,2.25,1.88235294118,0.786197569093,2.25,0.166339869281,0.0612244897959,3,0.00441176470588,0.185952380952,17,17,17,1,0,0.352941176471,0.411764705882,0.235294117647,17,0.128676470588,1.90196078431,4.11764705882,3.18181818182,2.69230769231,1.57648156274,0.382859808093,0.201680672269,2.01465221053,0.978545359402,0.524369747899,1.74894926439,0.849489642704,0.463865546218,0.814492905316,0.428238537847,2.33333333333,1.90196078431,0.814492905316,2.33333333333,0,0,0,0,0.164242424242,17,17,17,1,0,0.352941176471,0.411764705882,0.235294117647,17,37,0.136029411765,1.88235294118,4.35294117647,3.36363636364,2.84615384615,1.69341284359,0.389027274878,0.193958664547,2.09866904602,0.964253345467,0.518282988871,1.87867287326,0.863174022847,0.470588235294,0.786197569093,0.41766745858,2.25,1.88235294118,0.786197569093,2.25,0.166339869281,0.0612244897959,3,0.00441176470588,0.185952380952,17,17,17,1,0,0.352941176471,0.411764705882,0.235294117647,0,0,0,0,0,0,0,0,0,0,0,0,0,0,0,0,0,0,0,0,0,0,0,0,0,0,0,0,0,37,0,0,235,1,1,0,0,1,1,1,1,1,1,2,2,0,0,0,0
3571,WLNM_dir_neg,1,0.5,00:00:00,10,80,47,1986366820,threshold_sweep,0.7,1,1,1,2,0,0,4,1,1,0,0,1,1,1,1,0.555555555556,1,1,1,37,35,2,0,37,0,35,0,2,17,37,0.136029411765,1.88235294118,4.35294117647,3.36363636364,2.84615384615,1.69341284359,0.389027274878,0.193958664547,2.09866904602,0.964253345467,0.518282988871,1.87867287326,0.863174022847,0.470588235294,0.786197569093,0.41766745858,2.25,1.88235294118,0.786197569093,2.25,0.166339869281,0.0612244897959,3,0.00441176470588,0.185952380952,17,17,17,1,0,0.352941176471,0.411764705882,0.235294117647,17,0.128676470588,1.90196078431,4.11764705882,3.18181818182,2.69230769231,1.57648156274,0.382859808093,0.201680672269,2.01465221053,0.978545359402,0.524369747899,1.74894926439,0.849489642704,0.463865546218,0.814492905316,0.428238537847,2.33333333333,1.90196078431,0.814492905316,2.33333333333,0,0,0,0,0.164242424242,17,17,17,1,0,0.352941176471,0.411764705882,0.235294117647,17,37,0.136029411765,1.88235294118,4.35294117647,3.36363636364,2.84615384615,1.69341284359,0.389027274878,0.193958664547,2.09866904602,0.964253345467,0.518282988871,1.87867287326,0.863174022847,0.470588235294,0.786197569093,0.41766745858,2.25,1.88235294118,0.786197569093,2.25,0.166339869281,0.0612244897959,3,0.00441176470588,0.185952380952,17,17,17,1,0,0.352941176471,0.411764705882,0.235294117647,0,0,0,0,0,0,0,0,0,0,0,0,0,0,0,0,0,0,0,0,0,0,0,0,0,0,0,0,0,37,0,0,235,1,1,0,0,1,1,1,1,1,1,2,2,0,0,0,0
3572,WLNM_dir_neg,1,0.5,00:00:00,10,80,47,1986366820,threshold_sweep,0.8,1,1,1,2,0,0,4,1,1,0,0,1,1,1,1,0.555555555556,1,1,1,37,35,2,0,37,0,35,0,2,17,37,0.136029411765,1.88235294118,4.35294117647,3.36363636364,2.84615384615,1.69341284359,0.389027274878,0.193958664547,2.09866904602,0.964253345467,0.518282988871,1.87867287326,0.863174022847,0.470588235294,0.786197569093,0.41766745858,2.25,1.88235294118,0.786197569093,2.25,0.166339869281,0.0612244897959,3,0.00441176470588,0.185952380952,17,17,17,1,0,0.352941176471,0.411764705882,0.235294117647,17,0.128676470588,1.90196078431,4.11764705882,3.18181818182,2.69230769231,1.57648156274,0.382859808093,0.201680672269,2.01465221053,0.978545359402,0.524369747899,1.74894926439,0.849489642704,0.463865546218,0.814492905316,0.428238537847,2.33333333333,1.90196078431,0.814492905316,2.33333333333,0,0,0,0,0.164242424242,17,17,17,1,0,0.352941176471,0.411764705882,0.235294117647,17,37,0.136029411765,1.88235294118,4.35294117647,3.36363636364,2.84615384615,1.69341284359,0.389027274878,0.193958664547,2.09866904602,0.964253345467,0.518282988871,1.87867287326,0.863174022847,0.470588235294,0.786197569093,0.41766745858,2.25,1.88235294118,0.786197569093,2.25,0.166339869281,0.0612244897959,3,0.00441176470588,0.185952380952,17,17,17,1,0,0.352941176471,0.411764705882,0.235294117647,0,0,0,0,0,0,0,0,0,0,0,0,0,0,0,0,0,0,0,0,0,0,0,0,0,0,0,0,0,37,0,0,235,1,1,0,0,1,1,1,1,1,1,2,2,0,0,0,0
3573,WLNM_dir_neg,1,0.5,00:00:00,10,80,47,1986366820,threshold_sweep,0.9,1,1,1,2,0,0,4,1,1,0,0,1,1,1,1,0.555555555556,1,1,1,37,35,2,0,37,0,35,0,2,17,37,0.136029411765,1.88235294118,4.35294117647,3.36363636364,2.84615384615,1.69341284359,0.389027274878,0.193958664547,2.09866904602,0.964253345467,0.518282988871,1.87867287326,0.863174022847,0.470588235294,0.786197569093,0.41766745858,2.25,1.88235294118,0.786197569093,2.25,0.166339869281,0.0612244897959,3,0.00441176470588,0.185952380952,17,17,17,1,0,0.352941176471,0.411764705882,0.235294117647,17,0.128676470588,1.90196078431,4.11764705882,3.18181818182,2.69230769231,1.57648156274,0.382859808093,0.201680672269,2.01465221053,0.978545359402,0.524369747899,1.74894926439,0.849489642704,0.463865546218,0.814492905316,0.428238537847,2.33333333333,1.90196078431,0.814492905316,2.33333333333,0,0,0,0,0.164242424242,17,17,17,1,0,0.352941176471,0.411764705882,0.235294117647,17,37,0.136029411765,1.88235294118,4.35294117647,3.36363636364,2.84615384615,1.69341284359,0.389027274878,0.193958664547,2.09866904602,0.964253345467,0.518282988871,1.87867287326,0.863174022847,0.470588235294,0.786197569093,0.41766745858,2.25,1.88235294118,0.786197569093,2.25,0.166339869281,0.0612244897959,3,0.00441176470588,0.185952380952,17,17,17,1,0,0.352941176471,0.411764705882,0.235294117647,0,0,0,0,0,0,0,0,0,0,0,0,0,0,0,0,0,0,0,0,0,0,0,0,0,0,0,0,0,37,0,0,235,1,1,0,0,1,1,1,1,1,1,2,2,0,0,0,0
3574,WLNM_dir_neg,1,0.5,00:00:00,10,80,48,1986366821,threshold_sweep,0.1,1,1,1,2,0,0,4,1,1,0,0,1,1,1,1,0.555555555556,1,1,1,37,35,2,0,37,0,35,0,2,17,37,0.136029411765,1.88235294118,4.35294117647,3.36363636364,2.84615384615,1.69341284359,0.389027274878,0.193958664547,2.09866904602,0.964253345467,0.518282988871,1.87867287326,0.863174022847,0.470588235294,0.786197569093,0.41766745858,2.25,1.88235294118,0.786197569093,2.25,0.166339869281,0.0612244897959,3,0.00441176470588,0.185952380952,17,17,17,1,0,0.352941176471,0.411764705882,0.235294117647,17,0.128676470588,1.90196078431,4.11764705882,3.18181818182,2.69230769231,1.57648156274,0.382859808093,0.201680672269,2.01465221053,0.978545359402,0.524369747899,1.74894926439,0.849489642704,0.463865546218,0.814492905316,0.428238537847,2.33333333333,1.90196078431,0.814492905316,2.33333333333,0,0,0,0,0.164242424242,17,17,17,1,0,0.352941176471,0.411764705882,0.235294117647,17,37,0.136029411765,1.88235294118,4.35294117647,3.36363636364,2.84615384615,1.69341284359,0.389027274878,0.193958664547,2.09866904602,0.964253345467,0.518282988871,1.87867287326,0.863174022847,0.470588235294,0.786197569093,0.41766745858,2.25,1.88235294118,0.786197569093,2.25,0.166339869281,0.0612244897959,3,0.00441176470588,0.185952380952,17,17,17,1,0,0.352941176471,0.411764705882,0.235294117647,0,0,0,0,0,0,0,0,0,0,0,0,0,0,0,0,0,0,0,0,0,0,0,0,0,0,0,0,0,37,0,0,235,1,1,0,0,1,1,1,1,1,1,2,2,0,0,0,0
3575,WLNM_dir_neg,1,0.5,00:00:00,10,80,48,1986366821,threshold_sweep,0.2,1,1,1,2,0,0,4,1,1,0,0,1,1,1,1,0.555555555556,1,1,1,37,35,2,0,37,0,35,0,2,17,37,0.136029411765,1.88235294118,4.35294117647,3.36363636364,2.84615384615,1.69341284359,0.389027274878,0.193958664547,2.09866904602,0.964253345467,0.518282988871,1.87867287326,0.863174022847,0.470588235294,0.786197569093,0.41766745858,2.25,1.88235294118,0.786197569093,2.25,0.166339869281,0.0612244897959,3,0.00441176470588,0.185952380952,17,17,17,1,0,0.352941176471,0.411764705882,0.235294117647,17,0.128676470588,1.90196078431,4.11764705882,3.18181818182,2.69230769231,1.57648156274,0.382859808093,0.201680672269,2.01465221053,0.978545359402,0.524369747899,1.74894926439,0.849489642704,0.463865546218,0.814492905316,0.428238537847,2.33333333333,1.90196078431,0.814492905316,2.33333333333,0,0,0,0,0.164242424242,17,17,17,1,0,0.352941176471,0.411764705882,0.235294117647,17,37,0.136029411765,1.88235294118,4.35294117647,3.36363636364,2.84615384615,1.69341284359,0.389027274878,0.193958664547,2.09866904602,0.964253345467,0.518282988871,1.87867287326,0.863174022847,0.470588235294,0.786197569093,0.41766745858,2.25,1.88235294118,0.786197569093,2.25,0.166339869281,0.0612244897959,3,0.00441176470588,0.185952380952,17,17,17,1,0,0.352941176471,0.411764705882,0.235294117647,0,0,0,0,0,0,0,0,0,0,0,0,0,0,0,0,0,0,0,0,0,0,0,0,0,0,0,0,0,37,0,0,235,1,1,0,0,1,1,1,1,1,1,2,2,0,0,0,0
3576,WLNM_dir_neg,1,0.5,00:00:00,10,80,48,1986366821,threshold_sweep,0.3,1,1,1,2,0,0,4,1,1,0,0,1,1,1,1,0.555555555556,1,1,1,37,35,2,0,37,0,35,0,2,17,37,0.136029411765,1.88235294118,4.35294117647,3.36363636364,2.84615384615,1.69341284359,0.389027274878,0.193958664547,2.09866904602,0.964253345467,0.518282988871,1.87867287326,0.863174022847,0.470588235294,0.786197569093,0.41766745858,2.25,1.88235294118,0.786197569093,2.25,0.166339869281,0.0612244897959,3,0.00441176470588,0.185952380952,17,17,17,1,0,0.352941176471,0.411764705882,0.235294117647,17,0.128676470588,1.90196078431,4.11764705882,3.18181818182,2.69230769231,1.57648156274,0.382859808093,0.201680672269,2.01465221053,0.978545359402,0.524369747899,1.74894926439,0.849489642704,0.463865546218,0.814492905316,0.428238537847,2.33333333333,1.90196078431,0.814492905316,2.33333333333,0,0,0,0,0.164242424242,17,17,17,1,0,0.352941176471,0.411764705882,0.235294117647,17,37,0.136029411765,1.88235294118,4.35294117647,3.36363636364,2.84615384615,1.69341284359,0.389027274878,0.193958664547,2.09866904602,0.964253345467,0.518282988871,1.87867287326,0.863174022847,0.470588235294,0.786197569093,0.41766745858,2.25,1.88235294118,0.786197569093,2.25,0.166339869281,0.0612244897959,3,0.00441176470588,0.185952380952,17,17,17,1,0,0.352941176471,0.411764705882,0.235294117647,0,0,0,0,0,0,0,0,0,0,0,0,0,0,0,0,0,0,0,0,0,0,0,0,0,0,0,0,0,37,0,0,235,1,1,0,0,1,1,1,1,1,1,2,2,0,0,0,0
3577,WLNM_dir_neg,1,0.5,00:00:00,10,80,48,1986366821,threshold_sweep,0.4,1,1,1,2,0,0,4,1,1,0,0,1,1,1,1,0.555555555556,1,1,1,37,35,2,0,37,0,35,0,2,17,37,0.136029411765,1.88235294118,4.35294117647,3.36363636364,2.84615384615,1.69341284359,0.389027274878,0.193958664547,2.09866904602,0.964253345467,0.518282988871,1.87867287326,0.863174022847,0.470588235294,0.786197569093,0.41766745858,2.25,1.88235294118,0.786197569093,2.25,0.166339869281,0.0612244897959,3,0.00441176470588,0.185952380952,17,17,17,1,0,0.352941176471,0.411764705882,0.235294117647,17,0.128676470588,1.90196078431,4.11764705882,3.18181818182,2.69230769231,1.57648156274,0.382859808093,0.201680672269,2.01465221053,0.978545359402,0.524369747899,1.74894926439,0.849489642704,0.463865546218,0.814492905316,0.428238537847,2.33333333333,1.90196078431,0.814492905316,2.33333333333,0,0,0,0,0.164242424242,17,17,17,1,0,0.352941176471,0.411764705882,0.235294117647,17,37,0.136029411765,1.88235294118,4.35294117647,3.36363636364,2.84615384615,1.69341284359,0.389027274878,0.193958664547,2.09866904602,0.964253345467,0.518282988871,1.87867287326,0.863174022847,0.470588235294,0.786197569093,0.41766745858,2.25,1.88235294118,0.786197569093,2.25,0.166339869281,0.0612244897959,3,0.00441176470588,0.185952380952,17,17,17,1,0,0.352941176471,0.411764705882,0.235294117647,0,0,0,0,0,0,0,0,0,0,0,0,0,0,0,0,0,0,0,0,0,0,0,0,0,0,0,0,0,37,0,0,235,1,1,0,0,1,1,1,1,1,1,2,2,0,0,0,0
3578,WLNM_dir_neg,1,0.5,00:00:00,10,80,48,1986366821,threshold_sweep,0.5,1,1,1,2,0,0,4,1,1,0,0,1,1,1,1,0.555555555556,1,1,1,37,35,2,0,37,0,35,0,2,17,37,0.136029411765,1.88235294118,4.35294117647,3.36363636364,2.84615384615,1.69341284359,0.389027274878,0.193958664547,2.09866904602,0.964253345467,0.518282988871,1.87867287326,0.863174022847,0.470588235294,0.786197569093,0.41766745858,2.25,1.88235294118,0.786197569093,2.25,0.166339869281,0.0612244897959,3,0.00441176470588,0.185952380952,17,17,17,1,0,0.352941176471,0.411764705882,0.235294117647,17,0.128676470588,1.90196078431,4.11764705882,3.18181818182,2.69230769231,1.57648156274,0.382859808093,0.201680672269,2.01465221053,0.978545359402,0.524369747899,1.74894926439,0.849489642704,0.463865546218,0.814492905316,0.428238537847,2.33333333333,1.90196078431,0.814492905316,2.33333333333,0,0,0,0,0.164242424242,17,17,17,1,0,0.352941176471,0.411764705882,0.235294117647,17,37,0.136029411765,1.88235294118,4.35294117647,3.36363636364,2.84615384615,1.69341284359,0.389027274878,0.193958664547,2.09866904602,0.964253345467,0.518282988871,1.87867287326,0.863174022847,0.470588235294,0.786197569093,0.41766745858,2.25,1.88235294118,0.786197569093,2.25,0.166339869281,0.0612244897959,3,0.00441176470588,0.185952380952,17,17,17,1,0,0.352941176471,0.411764705882,0.235294117647,0,0,0,0,0,0,0,0,0,0,0,0,0,0,0,0,0,0,0,0,0,0,0,0,0,0,0,0,0,37,0,0,235,1,1,0,0,1,1,1,1,1,1,2,2,0,0,0,0
3579,WLNM_dir_neg,1,0.5,00:00:00,10,80,48,1986366821,threshold_sweep,0.6,1,1,1,2,0,0,4,1,1,0,0,1,1,1,1,0.555555555556,1,1,1,37,35,2,0,37,0,35,0,2,17,37,0.136029411765,1.88235294118,4.35294117647,3.36363636364,2.84615384615,1.69341284359,0.389027274878,0.193958664547,2.09866904602,0.964253345467,0.518282988871,1.87867287326,0.863174022847,0.470588235294,0.786197569093,0.41766745858,2.25,1.88235294118,0.786197569093,2.25,0.166339869281,0.0612244897959,3,0.00441176470588,0.185952380952,17,17,17,1,0,0.352941176471,0.411764705882,0.235294117647,17,0.128676470588,1.90196078431,4.11764705882,3.18181818182,2.69230769231,1.57648156274,0.382859808093,0.201680672269,2.01465221053,0.978545359402,0.524369747899,1.74894926439,0.849489642704,0.463865546218,0.814492905316,0.428238537847,2.33333333333,1.90196078431,0.814492905316,2.33333333333,0,0,0,0,0.164242424242,17,17,17,1,0,0.352941176471,0.411764705882,0.235294117647,17,37,0.136029411765,1.88235294118,4.35294117647,3.36363636364,2.84615384615,1.69341284359,0.389027274878,0.193958664547,2.09866904602,0.964253345467,0.518282988871,1.87867287326,0.863174022847,0.470588235294,0.786197569093,0.41766745858,2.25,1.88235294118,0.786197569093,2.25,0.166339869281,0.0612244897959,3,0.00441176470588,0.185952380952,17,17,17,1,0,0.352941176471,0.411764705882,0.235294117647,0,0,0,0,0,0,0,0,0,0,0,0,0,0,0,0,0,0,0,0,0,0,0,0,0,0,0,0,0,37,0,0,235,1,1,0,0,1,1,1,1,1,1,2,2,0,0,0,0
3580,WLNM_dir_neg,1,0.5,00:00:00,10,80,48,1986366821,threshold_sweep,0.7,1,1,1,2,0,0,4,1,1,0,0,1,1,1,1,0.555555555556,1,1,1,37,35,2,0,37,0,35,0,2,17,37,0.136029411765,1.88235294118,4.35294117647,3.36363636364,2.84615384615,1.69341284359,0.389027274878,0.193958664547,2.09866904602,0.964253345467,0.518282988871,1.87867287326,0.863174022847,0.470588235294,0.786197569093,0.41766745858,2.25,1.88235294118,0.786197569093,2.25,0.166339869281,0.0612244897959,3,0.00441176470588,0.185952380952,17,17,17,1,0,0.352941176471,0.411764705882,0.235294117647,17,0.128676470588,1.90196078431,4.11764705882,3.18181818182,2.69230769231,1.57648156274,0.382859808093,0.201680672269,2.01465221053,0.978545359402,0.524369747899,1.74894926439,0.849489642704,0.463865546218,0.814492905316,0.428238537847,2.33333333333,1.90196078431,0.814492905316,2.33333333333,0,0,0,0,0.164242424242,17,17,17,1,0,0.352941176471,0.411764705882,0.235294117647,17,37,0.136029411765,1.88235294118,4.35294117647,3.36363636364,2.84615384615,1.69341284359,0.389027274878,0.193958664547,2.09866904602,0.964253345467,0.518282988871,1.87867287326,0.863174022847,0.470588235294,0.786197569093,0.41766745858,2.25,1.88235294118,0.786197569093,2.25,0.166339869281,0.0612244897959,3,0.00441176470588,0.185952380952,17,17,17,1,0,0.352941176471,0.411764705882,0.235294117647,0,0,0,0,0,0,0,0,0,0,0,0,0,0,0,0,0,0,0,0,0,0,0,0,0,0,0,0,0,37,0,0,235,1,1,0,0,1,1,1,1,1,1,2,2,0,0,0,0
3581,WLNM_dir_neg,1,0.5,00:00:00,10,80,48,1986366821,threshold_sweep,0.8,1,1,1,2,0,0,4,1,1,0,0,1,1,1,1,0.555555555556,1,1,1,37,35,2,0,37,0,35,0,2,17,37,0.136029411765,1.88235294118,4.35294117647,3.36363636364,2.84615384615,1.69341284359,0.389027274878,0.193958664547,2.09866904602,0.964253345467,0.518282988871,1.87867287326,0.863174022847,0.470588235294,0.786197569093,0.41766745858,2.25,1.88235294118,0.786197569093,2.25,0.166339869281,0.0612244897959,3,0.00441176470588,0.185952380952,17,17,17,1,0,0.352941176471,0.411764705882,0.235294117647,17,0.128676470588,1.90196078431,4.11764705882,3.18181818182,2.69230769231,1.57648156274,0.382859808093,0.201680672269,2.01465221053,0.978545359402,0.524369747899,1.74894926439,0.849489642704,0.463865546218,0.814492905316,0.428238537847,2.33333333333,1.90196078431,0.814492905316,2.33333333333,0,0,0,0,0.164242424242,17,17,17,1,0,0.352941176471,0.411764705882,0.235294117647,17,37,0.136029411765,1.88235294118,4.35294117647,3.36363636364,2.84615384615,1.69341284359,0.389027274878,0.193958664547,2.09866904602,0.964253345467,0.518282988871,1.87867287326,0.863174022847,0.470588235294,0.786197569093,0.41766745858,2.25,1.88235294118,0.786197569093,2.25,0.166339869281,0.0612244897959,3,0.00441176470588,0.185952380952,17,17,17,1,0,0.352941176471,0.411764705882,0.235294117647,0,0,0,0,0,0,0,0,0,0,0,0,0,0,0,0,0,0,0,0,0,0,0,0,0,0,0,0,0,37,0,0,235,1,1,0,0,1,1,1,1,1,1,2,2,0,0,0,0
3582,WLNM_dir_neg,1,0.5,00:00:00,10,80,48,1986366821,threshold_sweep,0.9,1,1,1,2,0,0,4,1,1,0,0,1,1,1,1,0.555555555556,1,1,1,37,35,2,0,37,0,35,0,2,17,37,0.136029411765,1.88235294118,4.35294117647,3.36363636364,2.84615384615,1.69341284359,0.389027274878,0.193958664547,2.09866904602,0.964253345467,0.518282988871,1.87867287326,0.863174022847,0.470588235294,0.786197569093,0.41766745858,2.25,1.88235294118,0.786197569093,2.25,0.166339869281,0.0612244897959,3,0.00441176470588,0.185952380952,17,17,17,1,0,0.352941176471,0.411764705882,0.235294117647,17,0.128676470588,1.90196078431,4.11764705882,3.18181818182,2.69230769231,1.57648156274,0.382859808093,0.201680672269,2.01465221053,0.978545359402,0.524369747899,1.74894926439,0.849489642704,0.463865546218,0.814492905316,0.428238537847,2.33333333333,1.90196078431,0.814492905316,2.33333333333,0,0,0,0,0.164242424242,17,17,17,1,0,0.352941176471,0.411764705882,0.235294117647,17,37,0.136029411765,1.88235294118,4.35294117647,3.36363636364,2.84615384615,1.69341284359,0.389027274878,0.193958664547,2.09866904602,0.964253345467,0.518282988871,1.87867287326,0.863174022847,0.470588235294,0.786197569093,0.41766745858,2.25,1.88235294118,0.786197569093,2.25,0.166339869281,0.0612244897959,3,0.00441176470588,0.185952380952,17,17,17,1,0,0.352941176471,0.411764705882,0.235294117647,0,0,0,0,0,0,0,0,0,0,0,0,0,0,0,0,0,0,0,0,0,0,0,0,0,0,0,0,0,37,0,0,235,1,1,0,0,1,1,1,1,1,1,2,2,0,0,0,0
3583,WLNM_dir_neg,1,0.5,00:00:00,10,80,49,1986366822,threshold_sweep,0.1,1,1,1,2,0,0,4,1,1,0,0,1,1,1,1,0.555555555556,1,1,1,37,35,2,0,37,0,35,0,2,17,37,0.136029411765,1.88235294118,4.35294117647,3.36363636364,2.84615384615,1.69341284359,0.389027274878,0.193958664547,2.09866904602,0.964253345467,0.518282988871,1.87867287326,0.863174022847,0.470588235294,0.786197569093,0.41766745858,2.25,1.88235294118,0.786197569093,2.25,0.166339869281,0.0612244897959,3,0.00441176470588,0.185952380952,17,17,17,1,0,0.352941176471,0.411764705882,0.235294117647,17,0.128676470588,1.90196078431,4.11764705882,3.18181818182,2.69230769231,1.57648156274,0.382859808093,0.201680672269,2.01465221053,0.978545359402,0.524369747899,1.74894926439,0.849489642704,0.463865546218,0.814492905316,0.428238537847,2.33333333333,1.90196078431,0.814492905316,2.33333333333,0,0,0,0,0.164242424242,17,17,17,1,0,0.352941176471,0.411764705882,0.235294117647,17,37,0.136029411765,1.88235294118,4.35294117647,3.36363636364,2.84615384615,1.69341284359,0.389027274878,0.193958664547,2.09866904602,0.964253345467,0.518282988871,1.87867287326,0.863174022847,0.470588235294,0.786197569093,0.41766745858,2.25,1.88235294118,0.786197569093,2.25,0.166339869281,0.0612244897959,3,0.00441176470588,0.185952380952,17,17,17,1,0,0.352941176471,0.411764705882,0.235294117647,0,0,0,0,0,0,0,0,0,0,0,0,0,0,0,0,0,0,0,0,0,0,0,0,0,0,0,0,0,37,0,0,235,1,1,0,0,1,1,1,1,1,1,2,2,0,0,0,0
3584,WLNM_dir_neg,1,0.5,00:00:00,10,80,49,1986366822,threshold_sweep,0.2,1,1,1,2,0,0,4,1,1,0,0,1,1,1,1,0.555555555556,1,1,1,37,35,2,0,37,0,35,0,2,17,37,0.136029411765,1.88235294118,4.35294117647,3.36363636364,2.84615384615,1.69341284359,0.389027274878,0.193958664547,2.09866904602,0.964253345467,0.518282988871,1.87867287326,0.863174022847,0.470588235294,0.786197569093,0.41766745858,2.25,1.88235294118,0.786197569093,2.25,0.166339869281,0.0612244897959,3,0.00441176470588,0.185952380952,17,17,17,1,0,0.352941176471,0.411764705882,0.235294117647,17,0.128676470588,1.90196078431,4.11764705882,3.18181818182,2.69230769231,1.57648156274,0.382859808093,0.201680672269,2.01465221053,0.978545359402,0.524369747899,1.74894926439,0.849489642704,0.463865546218,0.814492905316,0.428238537847,2.33333333333,1.90196078431,0.814492905316,2.33333333333,0,0,0,0,0.164242424242,17,17,17,1,0,0.352941176471,0.411764705882,0.235294117647,17,37,0.136029411765,1.88235294118,4.35294117647,3.36363636364,2.84615384615,1.69341284359,0.389027274878,0.193958664547,2.09866904602,0.964253345467,0.518282988871,1.87867287326,0.863174022847,0.470588235294,0.786197569093,0.41766745858,2.25,1.88235294118,0.786197569093,2.25,0.166339869281,0.0612244897959,3,0.00441176470588,0.185952380952,17,17,17,1,0,0.352941176471,0.411764705882,0.235294117647,0,0,0,0,0,0,0,0,0,0,0,0,0,0,0,0,0,0,0,0,0,0,0,0,0,0,0,0,0,37,0,0,235,1,1,0,0,1,1,1,1,1,1,2,2,0,0,0,0
3585,WLNM_dir_neg,1,0.5,00:00:00,10,80,49,1986366822,threshold_sweep,0.3,1,1,1,2,0,0,4,1,1,0,0,1,1,1,1,0.555555555556,1,1,1,37,35,2,0,37,0,35,0,2,17,37,0.136029411765,1.88235294118,4.35294117647,3.36363636364,2.84615384615,1.69341284359,0.389027274878,0.193958664547,2.09866904602,0.964253345467,0.518282988871,1.87867287326,0.863174022847,0.470588235294,0.786197569093,0.41766745858,2.25,1.88235294118,0.786197569093,2.25,0.166339869281,0.0612244897959,3,0.00441176470588,0.185952380952,17,17,17,1,0,0.352941176471,0.411764705882,0.235294117647,17,0.128676470588,1.90196078431,4.11764705882,3.18181818182,2.69230769231,1.57648156274,0.382859808093,0.201680672269,2.01465221053,0.978545359402,0.524369747899,1.74894926439,0.849489642704,0.463865546218,0.814492905316,0.428238537847,2.33333333333,1.90196078431,0.814492905316,2.33333333333,0,0,0,0,0.164242424242,17,17,17,1,0,0.352941176471,0.411764705882,0.235294117647,17,37,0.136029411765,1.88235294118,4.35294117647,3.36363636364,2.84615384615,1.69341284359,0.389027274878,0.193958664547,2.09866904602,0.964253345467,0.518282988871,1.87867287326,0.863174022847,0.470588235294,0.786197569093,0.41766745858,2.25,1.88235294118,0.786197569093,2.25,0.166339869281,0.0612244897959,3,0.00441176470588,0.185952380952,17,17,17,1,0,0.352941176471,0.411764705882,0.235294117647,0,0,0,0,0,0,0,0,0,0,0,0,0,0,0,0,0,0,0,0,0,0,0,0,0,0,0,0,0,37,0,0,235,1,1,0,0,1,1,1,1,1,1,2,2,0,0,0,0
3586,WLNM_dir_neg,1,0.5,00:00:00,10,80,49,1986366822,threshold_sweep,0.4,1,1,1,2,0,0,4,1,1,0,0,1,1,1,1,0.555555555556,1,1,1,37,35,2,0,37,0,35,0,2,17,37,0.136029411765,1.88235294118,4.35294117647,3.36363636364,2.84615384615,1.69341284359,0.389027274878,0.193958664547,2.09866904602,0.964253345467,0.518282988871,1.87867287326,0.863174022847,0.470588235294,0.786197569093,0.41766745858,2.25,1.88235294118,0.786197569093,2.25,0.166339869281,0.0612244897959,3,0.00441176470588,0.185952380952,17,17,17,1,0,0.352941176471,0.411764705882,0.235294117647,17,0.128676470588,1.90196078431,4.11764705882,3.18181818182,2.69230769231,1.57648156274,0.382859808093,0.201680672269,2.01465221053,0.978545359402,0.524369747899,1.74894926439,0.849489642704,0.463865546218,0.814492905316,0.428238537847,2.33333333333,1.90196078431,0.814492905316,2.33333333333,0,0,0,0,0.164242424242,17,17,17,1,0,0.352941176471,0.411764705882,0.235294117647,17,37,0.136029411765,1.88235294118,4.35294117647,3.36363636364,2.84615384615,1.69341284359,0.389027274878,0.193958664547,2.09866904602,0.964253345467,0.518282988871,1.87867287326,0.863174022847,0.470588235294,0.786197569093,0.41766745858,2.25,1.88235294118,0.786197569093,2.25,0.166339869281,0.0612244897959,3,0.00441176470588,0.185952380952,17,17,17,1,0,0.352941176471,0.411764705882,0.235294117647,0,0,0,0,0,0,0,0,0,0,0,0,0,0,0,0,0,0,0,0,0,0,0,0,0,0,0,0,0,37,0,0,235,1,1,0,0,1,1,1,1,1,1,2,2,0,0,0,0
3587,WLNM_dir_neg,1,0.5,00:00:00,10,80,49,1986366822,threshold_sweep,0.5,1,1,1,2,0,0,4,1,1,0,0,1,1,1,1,0.555555555556,1,1,1,37,35,2,0,37,0,35,0,2,17,37,0.136029411765,1.88235294118,4.35294117647,3.36363636364,2.84615384615,1.69341284359,0.389027274878,0.193958664547,2.09866904602,0.964253345467,0.518282988871,1.87867287326,0.863174022847,0.470588235294,0.786197569093,0.41766745858,2.25,1.88235294118,0.786197569093,2.25,0.166339869281,0.0612244897959,3,0.00441176470588,0.185952380952,17,17,17,1,0,0.352941176471,0.411764705882,0.235294117647,17,0.128676470588,1.90196078431,4.11764705882,3.18181818182,2.69230769231,1.57648156274,0.382859808093,0.201680672269,2.01465221053,0.978545359402,0.524369747899,1.74894926439,0.849489642704,0.463865546218,0.814492905316,0.428238537847,2.33333333333,1.90196078431,0.814492905316,2.33333333333,0,0,0,0,0.164242424242,17,17,17,1,0,0.352941176471,0.411764705882,0.235294117647,17,37,0.136029411765,1.88235294118,4.35294117647,3.36363636364,2.84615384615,1.69341284359,0.389027274878,0.193958664547,2.09866904602,0.964253345467,0.518282988871,1.87867287326,0.863174022847,0.470588235294,0.786197569093,0.41766745858,2.25,1.88235294118,0.786197569093,2.25,0.166339869281,0.0612244897959,3,0.00441176470588,0.185952380952,17,17,17,1,0,0.352941176471,0.411764705882,0.235294117647,0,0,0,0,0,0,0,0,0,0,0,0,0,0,0,0,0,0,0,0,0,0,0,0,0,0,0,0,0,37,0,0,235,1,1,0,0,1,1,1,1,1,1,2,2,0,0,0,0
3588,WLNM_dir_neg,1,0.5,00:00:00,10,80,49,1986366822,threshold_sweep,0.6,1,1,1,2,0,0,4,1,1,0,0,1,1,1,1,0.555555555556,1,1,1,37,35,2,0,37,0,35,0,2,17,37,0.136029411765,1.88235294118,4.35294117647,3.36363636364,2.84615384615,1.69341284359,0.389027274878,0.193958664547,2.09866904602,0.964253345467,0.518282988871,1.87867287326,0.863174022847,0.470588235294,0.786197569093,0.41766745858,2.25,1.88235294118,0.786197569093,2.25,0.166339869281,0.0612244897959,3,0.00441176470588,0.185952380952,17,17,17,1,0,0.352941176471,0.411764705882,0.235294117647,17,0.128676470588,1.90196078431,4.11764705882,3.18181818182,2.69230769231,1.57648156274,0.382859808093,0.201680672269,2.01465221053,0.978545359402,0.524369747899,1.74894926439,0.849489642704,0.463865546218,0.814492905316,0.428238537847,2.33333333333,1.90196078431,0.814492905316,2.33333333333,0,0,0,0,0.164242424242,17,17,17,1,0,0.352941176471,0.411764705882,0.235294117647,17,37,0.136029411765,1.88235294118,4.35294117647,3.36363636364,2.84615384615,1.69341284359,0.389027274878,0.193958664547,2.09866904602,0.964253345467,0.518282988871,1.87867287326,0.863174022847,0.470588235294,0.786197569093,0.41766745858,2.25,1.88235294118,0.786197569093,2.25,0.166339869281,0.0612244897959,3,0.00441176470588,0.185952380952,17,17,17,1,0,0.352941176471,0.411764705882,0.235294117647,0,0,0,0,0,0,0,0,0,0,0,0,0,0,0,0,0,0,0,0,0,0,0,0,0,0,0,0,0,37,0,0,235,1,1,0,0,1,1,1,1,1,1,2,2,0,0,0,0
3589,WLNM_dir_neg,1,0.5,00:00:00,10,80,49,1986366822,threshold_sweep,0.7,1,1,1,2,0,0,4,1,1,0,0,1,1,1,1,0.555555555556,1,1,1,37,35,2,0,37,0,35,0,2,17,37,0.136029411765,1.88235294118,4.35294117647,3.36363636364,2.84615384615,1.69341284359,0.389027274878,0.193958664547,2.09866904602,0.964253345467,0.518282988871,1.87867287326,0.863174022847,0.470588235294,0.786197569093,0.41766745858,2.25,1.88235294118,0.786197569093,2.25,0.166339869281,0.0612244897959,3,0.00441176470588,0.185952380952,17,17,17,1,0,0.352941176471,0.411764705882,0.235294117647,17,0.128676470588,1.90196078431,4.11764705882,3.18181818182,2.69230769231,1.57648156274,0.382859808093,0.201680672269,2.01465221053,0.978545359402,0.524369747899,1.74894926439,0.849489642704,0.463865546218,0.814492905316,0.428238537847,2.33333333333,1.90196078431,0.814492905316,2.33333333333,0,0,0,0,0.164242424242,17,17,17,1,0,0.352941176471,0.411764705882,0.235294117647,17,37,0.136029411765,1.88235294118,4.35294117647,3.36363636364,2.84615384615,1.69341284359,0.389027274878,0.193958664547,2.09866904602,0.964253345467,0.518282988871,1.87867287326,0.863174022847,0.470588235294,0.786197569093,0.41766745858,2.25,1.88235294118,0.786197569093,2.25,0.166339869281,0.0612244897959,3,0.00441176470588,0.185952380952,17,17,17,1,0,0.352941176471,0.411764705882,0.235294117647,0,0,0,0,0,0,0,0,0,0,0,0,0,0,0,0,0,0,0,0,0,0,0,0,0,0,0,0,0,37,0,0,235,1,1,0,0,1,1,1,1,1,1,2,2,0,0,0,0
3590,WLNM_dir_neg,1,0.5,00:00:00,10,80,49,1986366822,threshold_sweep,0.8,1,1,1,2,0,0,4,1,1,0,0,1,1,1,1,0.555555555556,1,1,1,37,35,2,0,37,0,35,0,2,17,37,0.136029411765,1.88235294118,4.35294117647,3.36363636364,2.84615384615,1.69341284359,0.389027274878,0.193958664547,2.09866904602,0.964253345467,0.518282988871,1.87867287326,0.863174022847,0.470588235294,0.786197569093,0.41766745858,2.25,1.88235294118,0.786197569093,2.25,0.166339869281,0.0612244897959,3,0.00441176470588,0.185952380952,17,17,17,1,0,0.352941176471,0.411764705882,0.235294117647,17,0.128676470588,1.90196078431,4.11764705882,3.18181818182,2.69230769231,1.57648156274,0.382859808093,0.201680672269,2.01465221053,0.978545359402,0.524369747899,1.74894926439,0.849489642704,0.463865546218,0.814492905316,0.428238537847,2.33333333333,1.90196078431,0.814492905316,2.33333333333,0,0,0,0,0.164242424242,17,17,17,1,0,0.352941176471,0.411764705882,0.235294117647,17,37,0.136029411765,1.88235294118,4.35294117647,3.36363636364,2.84615384615,1.69341284359,0.389027274878,0.193958664547,2.09866904602,0.964253345467,0.518282988871,1.87867287326,0.863174022847,0.470588235294,0.786197569093,0.41766745858,2.25,1.88235294118,0.786197569093,2.25,0.166339869281,0.0612244897959,3,0.00441176470588,0.185952380952,17,17,17,1,0,0.352941176471,0.411764705882,0.235294117647,0,0,0,0,0,0,0,0,0,0,0,0,0,0,0,0,0,0,0,0,0,0,0,0,0,0,0,0,0,37,0,0,235,1,1,0,0,1,1,1,1,1,1,2,2,0,0,0,0
3591,WLNM_dir_neg,1,0.5,00:00:00,10,80,49,1986366822,threshold_sweep,0.9,1,1,1,2,0,0,4,1,1,0,0,1,1,1,1,0.555555555556,1,1,1,37,35,2,0,37,0,35,0,2,17,37,0.136029411765,1.88235294118,4.35294117647,3.36363636364,2.84615384615,1.69341284359,0.389027274878,0.193958664547,2.09866904602,0.964253345467,0.518282988871,1.87867287326,0.863174022847,0.470588235294,0.786197569093,0.41766745858,2.25,1.88235294118,0.786197569093,2.25,0.166339869281,0.0612244897959,3,0.00441176470588,0.185952380952,17,17,17,1,0,0.352941176471,0.411764705882,0.235294117647,17,0.128676470588,1.90196078431,4.11764705882,3.18181818182,2.69230769231,1.57648156274,0.382859808093,0.201680672269,2.01465221053,0.978545359402,0.524369747899,1.74894926439,0.849489642704,0.463865546218,0.814492905316,0.428238537847,2.33333333333,1.90196078431,0.814492905316,2.33333333333,0,0,0,0,0.164242424242,17,17,17,1,0,0.352941176471,0.411764705882,0.235294117647,17,37,0.136029411765,1.88235294118,4.35294117647,3.36363636364,2.84615384615,1.69341284359,0.389027274878,0.193958664547,2.09866904602,0.964253345467,0.518282988871,1.87867287326,0.863174022847,0.470588235294,0.786197569093,0.41766745858,2.25,1.88235294118,0.786197569093,2.25,0.166339869281,0.0612244897959,3,0.00441176470588,0.185952380952,17,17,17,1,0,0.352941176471,0.411764705882,0.235294117647,0,0,0,0,0,0,0,0,0,0,0,0,0,0,0,0,0,0,0,0,0,0,0,0,0,0,0,0,0,37,0,0,235,1,1,0,0,1,1,1,1,1,1,2,2,0,0,0,0
3592,WLNM_dir_neg,1,0.5,00:00:00,10,80,50,1986366823,threshold_sweep,0.1,1,1,1,2,0,0,4,1,1,0,0,1,1,1,1,0.555555555556,1,1,1,37,35,2,0,37,0,35,0,2,17,37,0.136029411765,1.88235294118,4.35294117647,3.36363636364,2.84615384615,1.69341284359,0.389027274878,0.193958664547,2.09866904602,0.964253345467,0.518282988871,1.87867287326,0.863174022847,0.470588235294,0.786197569093,0.41766745858,2.25,1.88235294118,0.786197569093,2.25,0.166339869281,0.0612244897959,3,0.00441176470588,0.185952380952,17,17,17,1,0,0.352941176471,0.411764705882,0.235294117647,17,0.128676470588,1.90196078431,4.11764705882,3.18181818182,2.69230769231,1.57648156274,0.382859808093,0.201680672269,2.01465221053,0.978545359402,0.524369747899,1.74894926439,0.849489642704,0.463865546218,0.814492905316,0.428238537847,2.33333333333,1.90196078431,0.814492905316,2.33333333333,0,0,0,0,0.164242424242,17,17,17,1,0,0.352941176471,0.411764705882,0.235294117647,17,37,0.136029411765,1.88235294118,4.35294117647,3.36363636364,2.84615384615,1.69341284359,0.389027274878,0.193958664547,2.09866904602,0.964253345467,0.518282988871,1.87867287326,0.863174022847,0.470588235294,0.786197569093,0.41766745858,2.25,1.88235294118,0.786197569093,2.25,0.166339869281,0.0612244897959,3,0.00441176470588,0.185952380952,17,17,17,1,0,0.352941176471,0.411764705882,0.235294117647,0,0,0,0,0,0,0,0,0,0,0,0,0,0,0,0,0,0,0,0,0,0,0,0,0,0,0,0,0,37,0,0,235,1,1,0,0,1,1,1,1,1,1,2,2,0,0,0,0
3593,WLNM_dir_neg,1,0.5,00:00:00,10,80,50,1986366823,threshold_sweep,0.2,1,1,1,2,0,0,4,1,1,0,0,1,1,1,1,0.555555555556,1,1,1,37,35,2,0,37,0,35,0,2,17,37,0.136029411765,1.88235294118,4.35294117647,3.36363636364,2.84615384615,1.69341284359,0.389027274878,0.193958664547,2.09866904602,0.964253345467,0.518282988871,1.87867287326,0.863174022847,0.470588235294,0.786197569093,0.41766745858,2.25,1.88235294118,0.786197569093,2.25,0.166339869281,0.0612244897959,3,0.00441176470588,0.185952380952,17,17,17,1,0,0.352941176471,0.411764705882,0.235294117647,17,0.128676470588,1.90196078431,4.11764705882,3.18181818182,2.69230769231,1.57648156274,0.382859808093,0.201680672269,2.01465221053,0.978545359402,0.524369747899,1.74894926439,0.849489642704,0.463865546218,0.814492905316,0.428238537847,2.33333333333,1.90196078431,0.814492905316,2.33333333333,0,0,0,0,0.164242424242,17,17,17,1,0,0.352941176471,0.411764705882,0.235294117647,17,37,0.136029411765,1.88235294118,4.35294117647,3.36363636364,2.84615384615,1.69341284359,0.389027274878,0.193958664547,2.09866904602,0.964253345467,0.518282988871,1.87867287326,0.863174022847,0.470588235294,0.786197569093,0.41766745858,2.25,1.88235294118,0.786197569093,2.25,0.166339869281,0.0612244897959,3,0.00441176470588,0.185952380952,17,17,17,1,0,0.352941176471,0.411764705882,0.235294117647,0,0,0,0,0,0,0,0,0,0,0,0,0,0,0,0,0,0,0,0,0,0,0,0,0,0,0,0,0,37,0,0,235,1,1,0,0,1,1,1,1,1,1,2,2,0,0,0,0
3594,WLNM_dir_neg,1,0.5,00:00:00,10,80,50,1986366823,threshold_sweep,0.3,1,1,1,2,0,0,4,1,1,0,0,1,1,1,1,0.555555555556,1,1,1,37,35,2,0,37,0,35,0,2,17,37,0.136029411765,1.88235294118,4.35294117647,3.36363636364,2.84615384615,1.69341284359,0.389027274878,0.193958664547,2.09866904602,0.964253345467,0.518282988871,1.87867287326,0.863174022847,0.470588235294,0.786197569093,0.41766745858,2.25,1.88235294118,0.786197569093,2.25,0.166339869281,0.0612244897959,3,0.00441176470588,0.185952380952,17,17,17,1,0,0.352941176471,0.411764705882,0.235294117647,17,0.128676470588,1.90196078431,4.11764705882,3.18181818182,2.69230769231,1.57648156274,0.382859808093,0.201680672269,2.01465221053,0.978545359402,0.524369747899,1.74894926439,0.849489642704,0.463865546218,0.814492905316,0.428238537847,2.33333333333,1.90196078431,0.814492905316,2.33333333333,0,0,0,0,0.164242424242,17,17,17,1,0,0.352941176471,0.411764705882,0.235294117647,17,37,0.136029411765,1.88235294118,4.35294117647,3.36363636364,2.84615384615,1.69341284359,0.389027274878,0.193958664547,2.09866904602,0.964253345467,0.518282988871,1.87867287326,0.863174022847,0.470588235294,0.786197569093,0.41766745858,2.25,1.88235294118,0.786197569093,2.25,0.166339869281,0.0612244897959,3,0.00441176470588,0.185952380952,17,17,17,1,0,0.352941176471,0.411764705882,0.235294117647,0,0,0,0,0,0,0,0,0,0,0,0,0,0,0,0,0,0,0,0,0,0,0,0,0,0,0,0,0,37,0,0,235,1,1,0,0,1,1,1,1,1,1,2,2,0,0,0,0
3595,WLNM_dir_neg,1,0.5,00:00:00,10,80,50,1986366823,threshold_sweep,0.4,1,1,1,2,0,0,4,1,1,0,0,1,1,1,1,0.555555555556,1,1,1,37,35,2,0,37,0,35,0,2,17,37,0.136029411765,1.88235294118,4.35294117647,3.36363636364,2.84615384615,1.69341284359,0.389027274878,0.193958664547,2.09866904602,0.964253345467,0.518282988871,1.87867287326,0.863174022847,0.470588235294,0.786197569093,0.41766745858,2.25,1.88235294118,0.786197569093,2.25,0.166339869281,0.0612244897959,3,0.00441176470588,0.185952380952,17,17,17,1,0,0.352941176471,0.411764705882,0.235294117647,17,0.128676470588,1.90196078431,4.11764705882,3.18181818182,2.69230769231,1.57648156274,0.382859808093,0.201680672269,2.01465221053,0.978545359402,0.524369747899,1.74894926439,0.849489642704,0.463865546218,0.814492905316,0.428238537847,2.33333333333,1.90196078431,0.814492905316,2.33333333333,0,0,0,0,0.164242424242,17,17,17,1,0,0.352941176471,0.411764705882,0.235294117647,17,37,0.136029411765,1.88235294118,4.35294117647,3.36363636364,2.84615384615,1.69341284359,0.389027274878,0.193958664547,2.09866904602,0.964253345467,0.518282988871,1.87867287326,0.863174022847,0.470588235294,0.786197569093,0.41766745858,2.25,1.88235294118,0.786197569093,2.25,0.166339869281,0.0612244897959,3,0.00441176470588,0.185952380952,17,17,17,1,0,0.352941176471,0.411764705882,0.235294117647,0,0,0,0,0,0,0,0,0,0,0,0,0,0,0,0,0,0,0,0,0,0,0,0,0,0,0,0,0,37,0,0,235,1,1,0,0,1,1,1,1,1,1,2,2,0,0,0,0
3596,WLNM_dir_neg,1,0.5,00:00:00,10,80,50,1986366823,threshold_sweep,0.5,1,1,1,2,0,0,4,1,1,0,0,1,1,1,1,0.555555555556,1,1,1,37,35,2,0,37,0,35,0,2,17,37,0.136029411765,1.88235294118,4.35294117647,3.36363636364,2.84615384615,1.69341284359,0.389027274878,0.193958664547,2.09866904602,0.964253345467,0.518282988871,1.87867287326,0.863174022847,0.470588235294,0.786197569093,0.41766745858,2.25,1.88235294118,0.786197569093,2.25,0.166339869281,0.0612244897959,3,0.00441176470588,0.185952380952,17,17,17,1,0,0.352941176471,0.411764705882,0.235294117647,17,0.128676470588,1.90196078431,4.11764705882,3.18181818182,2.69230769231,1.57648156274,0.382859808093,0.201680672269,2.01465221053,0.978545359402,0.524369747899,1.74894926439,0.849489642704,0.463865546218,0.814492905316,0.428238537847,2.33333333333,1.90196078431,0.814492905316,2.33333333333,0,0,0,0,0.164242424242,17,17,17,1,0,0.352941176471,0.411764705882,0.235294117647,17,37,0.136029411765,1.88235294118,4.35294117647,3.36363636364,2.84615384615,1.69341284359,0.389027274878,0.193958664547,2.09866904602,0.964253345467,0.518282988871,1.87867287326,0.863174022847,0.470588235294,0.786197569093,0.41766745858,2.25,1.88235294118,0.786197569093,2.25,0.166339869281,0.0612244897959,3,0.00441176470588,0.185952380952,17,17,17,1,0,0.352941176471,0.411764705882,0.235294117647,0,0,0,0,0,0,0,0,0,0,0,0,0,0,0,0,0,0,0,0,0,0,0,0,0,0,0,0,0,37,0,0,235,1,1,0,0,1,1,1,1,1,1,2,2,0,0,0,0
3597,WLNM_dir_neg,1,0.5,00:00:00,10,80,50,1986366823,threshold_sweep,0.6,1,1,1,2,0,0,4,1,1,0,0,1,1,1,1,0.555555555556,1,1,1,37,35,2,0,37,0,35,0,2,17,37,0.136029411765,1.88235294118,4.35294117647,3.36363636364,2.84615384615,1.69341284359,0.389027274878,0.193958664547,2.09866904602,0.964253345467,0.518282988871,1.87867287326,0.863174022847,0.470588235294,0.786197569093,0.41766745858,2.25,1.88235294118,0.786197569093,2.25,0.166339869281,0.0612244897959,3,0.00441176470588,0.185952380952,17,17,17,1,0,0.352941176471,0.411764705882,0.235294117647,17,0.128676470588,1.90196078431,4.11764705882,3.18181818182,2.69230769231,1.57648156274,0.382859808093,0.201680672269,2.01465221053,0.978545359402,0.524369747899,1.74894926439,0.849489642704,0.463865546218,0.814492905316,0.428238537847,2.33333333333,1.90196078431,0.814492905316,2.33333333333,0,0,0,0,0.164242424242,17,17,17,1,0,0.352941176471,0.411764705882,0.235294117647,17,37,0.136029411765,1.88235294118,4.35294117647,3.36363636364,2.84615384615,1.69341284359,0.389027274878,0.193958664547,2.09866904602,0.964253345467,0.518282988871,1.87867287326,0.863174022847,0.470588235294,0.786197569093,0.41766745858,2.25,1.88235294118,0.786197569093,2.25,0.166339869281,0.0612244897959,3,0.00441176470588,0.185952380952,17,17,17,1,0,0.352941176471,0.411764705882,0.235294117647,0,0,0,0,0,0,0,0,0,0,0,0,0,0,0,0,0,0,0,0,0,0,0,0,0,0,0,0,0,37,0,0,235,1,1,0,0,1,1,1,1,1,1,2,2,0,0,0,0
3598,WLNM_dir_neg,1,0.5,00:00:00,10,80,50,1986366823,threshold_sweep,0.7,1,0.5,0.666666666667,1,0,1,4,0.5,1,0,0.5,1,0.5,0.666666666667,0.833333333333,0.611111111111,0.571428571429,0.632455532034,0.5,37,35,2,0,37,0,35,0,2,17,37,0.136029411765,1.88235294118,4.35294117647,3.36363636364,2.84615384615,1.69341284359,0.389027274878,0.193958664547,2.09866904602,0.964253345467,0.518282988871,1.87867287326,0.863174022847,0.470588235294,0.786197569093,0.41766745858,2.25,1.88235294118,0.786197569093,2.25,0.166339869281,0.0612244897959,3,0.00441176470588,0.185952380952,17,17,17,1,0,0.352941176471,0.411764705882,0.235294117647,17,0.128676470588,1.90196078431,4.11764705882,3.18181818182,2.69230769231,1.57648156274,0.382859808093,0.201680672269,2.01465221053,0.978545359402,0.524369747899,1.74894926439,0.849489642704,0.463865546218,0.814492905316,0.428238537847,2.33333333333,1.90196078431,0.814492905316,2.33333333333,0,0,0,0,0.164242424242,17,17,17,1,0,0.352941176471,0.411764705882,0.235294117647,17,36,0.132352941176,1.89705882353,4.23529411765,3.27272727273,2.76923076923,1.71498585143,0.40492721492,0.204248366013,2.05798302171,0.971825315808,0.522875816993,1.79869233546,0.849382491746,0.464052287582,0.805541469338,0.424626510969,2.25,1.89705882353,0.805541469338,2.25,0.0702614379085,0.0214285714286,1,0.00147058823529,0.175454545455,17,17,17,1,0,0.352941176471,0.411764705882,0.235294117647,-1,-0.00367647058824,0.0147058823529,-0.117647058824,-0.0909090909091,-0.0769230769231,0.0215730078386,0.0158999400418,0.0102897014662,-0.0406860243059,0.00757197034072,0.00459282812224,-0.0799805377942,-0.0137915311015,-0.00653594771242,0.0193439002456,0.00695905238854,0,0.0147058823529,0.0193439002456,0,-0.0960784313725,-0.0397959183673,-2,-0.00294117647059,-0.0104978354978,0,0,0,36,0,1,235,0.972972972973,1,0,0.027027027027,1,0.972972972973,0.986301369863,0.984301887704,0.972972972973,0.972972972973,1,2,0,0,0,0
3599,WLNM_dir_neg,1,0.5,00:00:00,10,80,50,1986366823,threshold_sweep,0.8,1,0.5,0.666666666667,1,0,1,4,0.5,1,0,0.5,1,0.5,0.666666666667,0.833333333333,0.611111111111,0.571428571429,0.632455532034,0.5,37,35,2,0,37,0,35,0,2,17,37,0.136029411765,1.88235294118,4.35294117647,3.36363636364,2.84615384615,1.69341284359,0.389027274878,0.193958664547,2.09866904602,0.964253345467,0.518282988871,1.87867287326,0.863174022847,0.470588235294,0.786197569093,0.41766745858,2.25,1.88235294118,0.786197569093,2.25,0.166339869281,0.0612244897959,3,0.00441176470588,0.185952380952,17,17,17,1,0,0.352941176471,0.411764705882,0.235294117647,17,0.128676470588,1.90196078431,4.11764705882,3.18181818182,2.69230769231,1.57648156274,0.382859808093,0.201680672269,2.01465221053,0.978545359402,0.524369747899,1.74894926439,0.849489642704,0.463865546218,0.814492905316,0.428238537847,2.33333333333,1.90196078431,0.814492905316,2.33333333333,0,0,0,0,0.164242424242,17,17,17,1,0,0.352941176471,0.411764705882,0.235294117647,17,36,0.132352941176,1.89705882353,4.23529411765,3.27272727273,2.76923076923,1.71498585143,0.40492721492,0.204248366013,2.05798302171,0.971825315808,0.522875816993,1.79869233546,0.849382491746,0.464052287582,0.805541469338,0.424626510969,2.25,1.89705882353,0.805541469338,2.25,0.0702614379085,0.0214285714286,1,0.00147058823529,0.175454545455,17,17,17,1,0,0.352941176471,0.411764705882,0.235294117647,-1,-0.00367647058824,0.0147058823529,-0.117647058824,-0.0909090909091,-0.0769230769231,0.0215730078386,0.0158999400418,0.0102897014662,-0.0406860243059,0.00757197034072,0.00459282812224,-0.0799805377942,-0.0137915311015,-0.00653594771242,0.0193439002456,0.00695905238854,0,0.0147058823529,0.0193439002456,0,-0.0960784313725,-0.0397959183673,-2,-0.00294117647059,-0.0104978354978,0,0,0,36,0,1,235,0.972972972973,1,0,0.027027027027,1,0.972972972973,0.986301369863,0.984301887704,0.972972972973,0.972972972973,1,2,0,0,0,0
3600,WLNM_dir_neg,1,0.5,00:00:00,10,80,50,1986366823,threshold_sweep,0.9,1,0.5,0.666666666667,1,0,1,4,0.5,1,0,0.5,1,0.5,0.666666666667,0.833333333333,0.611111111111,0.571428571429,0.632455532034,0.5,37,35,2,0,37,0,35,0,2,17,37,0.136029411765,1.88235294118,4.35294117647,3.36363636364,2.84615384615,1.69341284359,0.389027274878,0.193958664547,2.09866904602,0.964253345467,0.518282988871,1.87867287326,0.863174022847,0.470588235294,0.786197569093,0.41766745858,2.25,1.88235294118,0.786197569093,2.25,0.166339869281,0.0612244897959,3,0.00441176470588,0.185952380952,17,17,17,1,0,0.352941176471,0.411764705882,0.235294117647,17,0.128676470588,1.90196078431,4.11764705882,3.18181818182,2.69230769231,1.57648156274,0.382859808093,0.201680672269,2.01465221053,0.978545359402,0.524369747899,1.74894926439,0.849489642704,0.463865546218,0.814492905316,0.428238537847,2.33333333333,1.90196078431,0.814492905316,2.33333333333,0,0,0,0,0.164242424242,17,17,17,1,0,0.352941176471,0.411764705882,0.235294117647,17,36,0.132352941176,1.89705882353,4.23529411765,3.27272727273,2.76923076923,1.71498585143,0.40492721492,0.204248366013,2.05798302171,0.971825315808,0.522875816993,1.79869233546,0.849382491746,0.464052287582,0.805541469338,0.424626510969,2.25,1.89705882353,0.805541469338,2.25,0.0702614379085,0.0214285714286,1,0.00147058823529,0.175454545455,17,17,17,1,0,0.352941176471,0.411764705882,0.235294117647,-1,-0.00367647058824,0.0147058823529,-0.117647058824,-0.0909090909091,-0.0769230769231,0.0215730078386,0.0158999400418,0.0102897014662,-0.0406860243059,0.00757197034072,0.00459282812224,-0.0799805377942,-0.0137915311015,-0.00653594771242,0.0193439002456,0.00695905238854,0,0.0147058823529,0.0193439002456,0,-0.0960784313725,-0.0397959183673,-2,-0.00294117647059,-0.0104978354978,0,0,0,36,0,1,235,0.972972972973,1,0,0.027027027027,1,0.972972972973,0.986301369863,0.984301887704,0.972972972973,0.972972972973,1,2,0,0,0,0
3601,WLNM_dir_neg,1,0.5,00:00:00,10,90,1,1987284074,threshold_sweep,0.1,1,1,1,2,0,0,4,1,1,0,0,1,1,1,1,0.555555555556,1,1,1,37,35,2,0,37,0,35,0,2,17,37,0.136029411765,1.88235294118,4.35294117647,3.36363636364,2.84615384615,1.69341284359,0.389027274878,0.193958664547,2.09866904602,0.964253345467,0.518282988871,1.87867287326,0.863174022847,0.470588235294,0.786197569093,0.41766745858,2.25,1.88235294118,0.786197569093,2.25,0.166339869281,0.0612244897959,3,0.00441176470588,0.185952380952,17,17,17,1,0,0.352941176471,0.411764705882,0.235294117647,17,0.128676470588,1.90196078431,4.11764705882,3.18181818182,2.69230769231,1.57648156274,0.382859808093,0.201680672269,2.01465221053,0.978545359402,0.524369747899,1.74894926439,0.849489642704,0.463865546218,0.814492905316,0.428238537847,2.33333333333,1.90196078431,0.814492905316,2.33333333333,0,0,0,0,0.164242424242,17,17,17,1,0,0.352941176471,0.411764705882,0.235294117647,17,37,0.136029411765,1.88235294118,4.35294117647,3.36363636364,2.84615384615,1.69341284359,0.389027274878,0.193958664547,2.09866904602,0.964253345467,0.518282988871,1.87867287326,0.863174022847,0.470588235294,0.786197569093,0.41766745858,2.25,1.88235294118,0.786197569093,2.25,0.166339869281,0.0612244897959,3,0.00441176470588,0.185952380952,17,17,17,1,0,0.352941176471,0.411764705882,0.235294117647,0,0,0,0,0,0,0,0,0,0,0,0,0,0,0,0,0,0,0,0,0,0,0,0,0,0,0,0,0,37,0,0,235,1,1,0,0,1,1,1,1,1,1,2,2,0,0,0,0
3602,WLNM_dir_neg,1,0.5,00:00:00,10,90,1,1987284074,threshold_sweep,0.2,1,1,1,2,0,0,4,1,1,0,0,1,1,1,1,0.555555555556,1,1,1,37,35,2,0,37,0,35,0,2,17,37,0.136029411765,1.88235294118,4.35294117647,3.36363636364,2.84615384615,1.69341284359,0.389027274878,0.193958664547,2.09866904602,0.964253345467,0.518282988871,1.87867287326,0.863174022847,0.470588235294,0.786197569093,0.41766745858,2.25,1.88235294118,0.786197569093,2.25,0.166339869281,0.0612244897959,3,0.00441176470588,0.185952380952,17,17,17,1,0,0.352941176471,0.411764705882,0.235294117647,17,0.128676470588,1.90196078431,4.11764705882,3.18181818182,2.69230769231,1.57648156274,0.382859808093,0.201680672269,2.01465221053,0.978545359402,0.524369747899,1.74894926439,0.849489642704,0.463865546218,0.814492905316,0.428238537847,2.33333333333,1.90196078431,0.814492905316,2.33333333333,0,0,0,0,0.164242424242,17,17,17,1,0,0.352941176471,0.411764705882,0.235294117647,17,37,0.136029411765,1.88235294118,4.35294117647,3.36363636364,2.84615384615,1.69341284359,0.389027274878,0.193958664547,2.09866904602,0.964253345467,0.518282988871,1.87867287326,0.863174022847,0.470588235294,0.786197569093,0.41766745858,2.25,1.88235294118,0.786197569093,2.25,0.166339869281,0.0612244897959,3,0.00441176470588,0.185952380952,17,17,17,1,0,0.352941176471,0.411764705882,0.235294117647,0,0,0,0,0,0,0,0,0,0,0,0,0,0,0,0,0,0,0,0,0,0,0,0,0,0,0,0,0,37,0,0,235,1,1,0,0,1,1,1,1,1,1,2,2,0,0,0,0
3603,WLNM_dir_neg,1,0.5,00:00:00,10,90,1,1987284074,threshold_sweep,0.3,1,1,1,2,0,0,4,1,1,0,0,1,1,1,1,0.555555555556,1,1,1,37,35,2,0,37,0,35,0,2,17,37,0.136029411765,1.88235294118,4.35294117647,3.36363636364,2.84615384615,1.69341284359,0.389027274878,0.193958664547,2.09866904602,0.964253345467,0.518282988871,1.87867287326,0.863174022847,0.470588235294,0.786197569093,0.41766745858,2.25,1.88235294118,0.786197569093,2.25,0.166339869281,0.0612244897959,3,0.00441176470588,0.185952380952,17,17,17,1,0,0.352941176471,0.411764705882,0.235294117647,17,0.128676470588,1.90196078431,4.11764705882,3.18181818182,2.69230769231,1.57648156274,0.382859808093,0.201680672269,2.01465221053,0.978545359402,0.524369747899,1.74894926439,0.849489642704,0.463865546218,0.814492905316,0.428238537847,2.33333333333,1.90196078431,0.814492905316,2.33333333333,0,0,0,0,0.164242424242,17,17,17,1,0,0.352941176471,0.411764705882,0.235294117647,17,37,0.136029411765,1.88235294118,4.35294117647,3.36363636364,2.84615384615,1.69341284359,0.389027274878,0.193958664547,2.09866904602,0.964253345467,0.518282988871,1.87867287326,0.863174022847,0.470588235294,0.786197569093,0.41766745858,2.25,1.88235294118,0.786197569093,2.25,0.166339869281,0.0612244897959,3,0.00441176470588,0.185952380952,17,17,17,1,0,0.352941176471,0.411764705882,0.235294117647,0,0,0,0,0,0,0,0,0,0,0,0,0,0,0,0,0,0,0,0,0,0,0,0,0,0,0,0,0,37,0,0,235,1,1,0,0,1,1,1,1,1,1,2,2,0,0,0,0
3604,WLNM_dir_neg,1,0.5,00:00:00,10,90,1,1987284074,threshold_sweep,0.4,1,1,1,2,0,0,4,1,1,0,0,1,1,1,1,0.555555555556,1,1,1,37,35,2,0,37,0,35,0,2,17,37,0.136029411765,1.88235294118,4.35294117647,3.36363636364,2.84615384615,1.69341284359,0.389027274878,0.193958664547,2.09866904602,0.964253345467,0.518282988871,1.87867287326,0.863174022847,0.470588235294,0.786197569093,0.41766745858,2.25,1.88235294118,0.786197569093,2.25,0.166339869281,0.0612244897959,3,0.00441176470588,0.185952380952,17,17,17,1,0,0.352941176471,0.411764705882,0.235294117647,17,0.128676470588,1.90196078431,4.11764705882,3.18181818182,2.69230769231,1.57648156274,0.382859808093,0.201680672269,2.01465221053,0.978545359402,0.524369747899,1.74894926439,0.849489642704,0.463865546218,0.814492905316,0.428238537847,2.33333333333,1.90196078431,0.814492905316,2.33333333333,0,0,0,0,0.164242424242,17,17,17,1,0,0.352941176471,0.411764705882,0.235294117647,17,37,0.136029411765,1.88235294118,4.35294117647,3.36363636364,2.84615384615,1.69341284359,0.389027274878,0.193958664547,2.09866904602,0.964253345467,0.518282988871,1.87867287326,0.863174022847,0.470588235294,0.786197569093,0.41766745858,2.25,1.88235294118,0.786197569093,2.25,0.166339869281,0.0612244897959,3,0.00441176470588,0.185952380952,17,17,17,1,0,0.352941176471,0.411764705882,0.235294117647,0,0,0,0,0,0,0,0,0,0,0,0,0,0,0,0,0,0,0,0,0,0,0,0,0,0,0,0,0,37,0,0,235,1,1,0,0,1,1,1,1,1,1,2,2,0,0,0,0
3605,WLNM_dir_neg,1,0.5,00:00:00,10,90,1,1987284074,threshold_sweep,0.5,1,1,1,2,0,0,4,1,1,0,0,1,1,1,1,0.555555555556,1,1,1,37,35,2,0,37,0,35,0,2,17,37,0.136029411765,1.88235294118,4.35294117647,3.36363636364,2.84615384615,1.69341284359,0.389027274878,0.193958664547,2.09866904602,0.964253345467,0.518282988871,1.87867287326,0.863174022847,0.470588235294,0.786197569093,0.41766745858,2.25,1.88235294118,0.786197569093,2.25,0.166339869281,0.0612244897959,3,0.00441176470588,0.185952380952,17,17,17,1,0,0.352941176471,0.411764705882,0.235294117647,17,0.128676470588,1.90196078431,4.11764705882,3.18181818182,2.69230769231,1.57648156274,0.382859808093,0.201680672269,2.01465221053,0.978545359402,0.524369747899,1.74894926439,0.849489642704,0.463865546218,0.814492905316,0.428238537847,2.33333333333,1.90196078431,0.814492905316,2.33333333333,0,0,0,0,0.164242424242,17,17,17,1,0,0.352941176471,0.411764705882,0.235294117647,17,37,0.136029411765,1.88235294118,4.35294117647,3.36363636364,2.84615384615,1.69341284359,0.389027274878,0.193958664547,2.09866904602,0.964253345467,0.518282988871,1.87867287326,0.863174022847,0.470588235294,0.786197569093,0.41766745858,2.25,1.88235294118,0.786197569093,2.25,0.166339869281,0.0612244897959,3,0.00441176470588,0.185952380952,17,17,17,1,0,0.352941176471,0.411764705882,0.235294117647,0,0,0,0,0,0,0,0,0,0,0,0,0,0,0,0,0,0,0,0,0,0,0,0,0,0,0,0,0,37,0,0,235,1,1,0,0,1,1,1,1,1,1,2,2,0,0,0,0
3606,WLNM_dir_neg,1,0.5,00:00:00,10,90,1,1987284074,threshold_sweep,0.6,1,1,1,2,0,0,4,1,1,0,0,1,1,1,1,0.555555555556,1,1,1,37,35,2,0,37,0,35,0,2,17,37,0.136029411765,1.88235294118,4.35294117647,3.36363636364,2.84615384615,1.69341284359,0.389027274878,0.193958664547,2.09866904602,0.964253345467,0.518282988871,1.87867287326,0.863174022847,0.470588235294,0.786197569093,0.41766745858,2.25,1.88235294118,0.786197569093,2.25,0.166339869281,0.0612244897959,3,0.00441176470588,0.185952380952,17,17,17,1,0,0.352941176471,0.411764705882,0.235294117647,17,0.128676470588,1.90196078431,4.11764705882,3.18181818182,2.69230769231,1.57648156274,0.382859808093,0.201680672269,2.01465221053,0.978545359402,0.524369747899,1.74894926439,0.849489642704,0.463865546218,0.814492905316,0.428238537847,2.33333333333,1.90196078431,0.814492905316,2.33333333333,0,0,0,0,0.164242424242,17,17,17,1,0,0.352941176471,0.411764705882,0.235294117647,17,37,0.136029411765,1.88235294118,4.35294117647,3.36363636364,2.84615384615,1.69341284359,0.389027274878,0.193958664547,2.09866904602,0.964253345467,0.518282988871,1.87867287326,0.863174022847,0.470588235294,0.786197569093,0.41766745858,2.25,1.88235294118,0.786197569093,2.25,0.166339869281,0.0612244897959,3,0.00441176470588,0.185952380952,17,17,17,1,0,0.352941176471,0.411764705882,0.235294117647,0,0,0,0,0,0,0,0,0,0,0,0,0,0,0,0,0,0,0,0,0,0,0,0,0,0,0,0,0,37,0,0,235,1,1,0,0,1,1,1,1,1,1,2,2,0,0,0,0
3607,WLNM_dir_neg,1,0.5,00:00:00,10,90,1,1987284074,threshold_sweep,0.7,1,1,1,2,0,0,4,1,1,0,0,1,1,1,1,0.555555555556,1,1,1,37,35,2,0,37,0,35,0,2,17,37,0.136029411765,1.88235294118,4.35294117647,3.36363636364,2.84615384615,1.69341284359,0.389027274878,0.193958664547,2.09866904602,0.964253345467,0.518282988871,1.87867287326,0.863174022847,0.470588235294,0.786197569093,0.41766745858,2.25,1.88235294118,0.786197569093,2.25,0.166339869281,0.0612244897959,3,0.00441176470588,0.185952380952,17,17,17,1,0,0.352941176471,0.411764705882,0.235294117647,17,0.128676470588,1.90196078431,4.11764705882,3.18181818182,2.69230769231,1.57648156274,0.382859808093,0.201680672269,2.01465221053,0.978545359402,0.524369747899,1.74894926439,0.849489642704,0.463865546218,0.814492905316,0.428238537847,2.33333333333,1.90196078431,0.814492905316,2.33333333333,0,0,0,0,0.164242424242,17,17,17,1,0,0.352941176471,0.411764705882,0.235294117647,17,37,0.136029411765,1.88235294118,4.35294117647,3.36363636364,2.84615384615,1.69341284359,0.389027274878,0.193958664547,2.09866904602,0.964253345467,0.518282988871,1.87867287326,0.863174022847,0.470588235294,0.786197569093,0.41766745858,2.25,1.88235294118,0.786197569093,2.25,0.166339869281,0.0612244897959,3,0.00441176470588,0.185952380952,17,17,17,1,0,0.352941176471,0.411764705882,0.235294117647,0,0,0,0,0,0,0,0,0,0,0,0,0,0,0,0,0,0,0,0,0,0,0,0,0,0,0,0,0,37,0,0,235,1,1,0,0,1,1,1,1,1,1,2,2,0,0,0,0
3608,WLNM_dir_neg,1,0.5,00:00:00,10,90,1,1987284074,threshold_sweep,0.8,1,1,1,2,0,0,4,1,1,0,0,1,1,1,1,0.555555555556,1,1,1,37,35,2,0,37,0,35,0,2,17,37,0.136029411765,1.88235294118,4.35294117647,3.36363636364,2.84615384615,1.69341284359,0.389027274878,0.193958664547,2.09866904602,0.964253345467,0.518282988871,1.87867287326,0.863174022847,0.470588235294,0.786197569093,0.41766745858,2.25,1.88235294118,0.786197569093,2.25,0.166339869281,0.0612244897959,3,0.00441176470588,0.185952380952,17,17,17,1,0,0.352941176471,0.411764705882,0.235294117647,17,0.128676470588,1.90196078431,4.11764705882,3.18181818182,2.69230769231,1.57648156274,0.382859808093,0.201680672269,2.01465221053,0.978545359402,0.524369747899,1.74894926439,0.849489642704,0.463865546218,0.814492905316,0.428238537847,2.33333333333,1.90196078431,0.814492905316,2.33333333333,0,0,0,0,0.164242424242,17,17,17,1,0,0.352941176471,0.411764705882,0.235294117647,17,37,0.136029411765,1.88235294118,4.35294117647,3.36363636364,2.84615384615,1.69341284359,0.389027274878,0.193958664547,2.09866904602,0.964253345467,0.518282988871,1.87867287326,0.863174022847,0.470588235294,0.786197569093,0.41766745858,2.25,1.88235294118,0.786197569093,2.25,0.166339869281,0.0612244897959,3,0.00441176470588,0.185952380952,17,17,17,1,0,0.352941176471,0.411764705882,0.235294117647,0,0,0,0,0,0,0,0,0,0,0,0,0,0,0,0,0,0,0,0,0,0,0,0,0,0,0,0,0,37,0,0,235,1,1,0,0,1,1,1,1,1,1,2,2,0,0,0,0
3609,WLNM_dir_neg,1,0.5,00:00:00,10,90,1,1987284074,threshold_sweep,0.9,1,1,1,2,0,0,4,1,1,0,0,1,1,1,1,0.555555555556,1,1,1,37,35,2,0,37,0,35,0,2,17,37,0.136029411765,1.88235294118,4.35294117647,3.36363636364,2.84615384615,1.69341284359,0.389027274878,0.193958664547,2.09866904602,0.964253345467,0.518282988871,1.87867287326,0.863174022847,0.470588235294,0.786197569093,0.41766745858,2.25,1.88235294118,0.786197569093,2.25,0.166339869281,0.0612244897959,3,0.00441176470588,0.185952380952,17,17,17,1,0,0.352941176471,0.411764705882,0.235294117647,17,0.128676470588,1.90196078431,4.11764705882,3.18181818182,2.69230769231,1.57648156274,0.382859808093,0.201680672269,2.01465221053,0.978545359402,0.524369747899,1.74894926439,0.849489642704,0.463865546218,0.814492905316,0.428238537847,2.33333333333,1.90196078431,0.814492905316,2.33333333333,0,0,0,0,0.164242424242,17,17,17,1,0,0.352941176471,0.411764705882,0.235294117647,17,37,0.136029411765,1.88235294118,4.35294117647,3.36363636364,2.84615384615,1.69341284359,0.389027274878,0.193958664547,2.09866904602,0.964253345467,0.518282988871,1.87867287326,0.863174022847,0.470588235294,0.786197569093,0.41766745858,2.25,1.88235294118,0.786197569093,2.25,0.166339869281,0.0612244897959,3,0.00441176470588,0.185952380952,17,17,17,1,0,0.352941176471,0.411764705882,0.235294117647,0,0,0,0,0,0,0,0,0,0,0,0,0,0,0,0,0,0,0,0,0,0,0,0,0,0,0,0,0,37,0,0,235,1,1,0,0,1,1,1,1,1,1,2,2,0,0,0,0
3610,WLNM_dir_neg,1,0.5,00:00:00,10,90,2,1987284075,threshold_sweep,0.1,1,1,1,2,0,0,4,1,1,0,0,1,1,1,1,0.555555555556,1,1,1,37,35,2,0,37,0,35,0,2,17,37,0.136029411765,1.88235294118,4.35294117647,3.36363636364,2.84615384615,1.69341284359,0.389027274878,0.193958664547,2.09866904602,0.964253345467,0.518282988871,1.87867287326,0.863174022847,0.470588235294,0.786197569093,0.41766745858,2.25,1.88235294118,0.786197569093,2.25,0.166339869281,0.0612244897959,3,0.00441176470588,0.185952380952,17,17,17,1,0,0.352941176471,0.411764705882,0.235294117647,17,0.128676470588,1.90196078431,4.11764705882,3.18181818182,2.69230769231,1.57648156274,0.382859808093,0.201680672269,2.01465221053,0.978545359402,0.524369747899,1.74894926439,0.849489642704,0.463865546218,0.814492905316,0.428238537847,2.33333333333,1.90196078431,0.814492905316,2.33333333333,0,0,0,0,0.164242424242,17,17,17,1,0,0.352941176471,0.411764705882,0.235294117647,17,37,0.136029411765,1.88235294118,4.35294117647,3.36363636364,2.84615384615,1.69341284359,0.389027274878,0.193958664547,2.09866904602,0.964253345467,0.518282988871,1.87867287326,0.863174022847,0.470588235294,0.786197569093,0.41766745858,2.25,1.88235294118,0.786197569093,2.25,0.166339869281,0.0612244897959,3,0.00441176470588,0.185952380952,17,17,17,1,0,0.352941176471,0.411764705882,0.235294117647,0,0,0,0,0,0,0,0,0,0,0,0,0,0,0,0,0,0,0,0,0,0,0,0,0,0,0,0,0,37,0,0,235,1,1,0,0,1,1,1,1,1,1,2,2,0,0,0,0
3611,WLNM_dir_neg,1,0.5,00:00:00,10,90,2,1987284075,threshold_sweep,0.2,1,1,1,2,0,0,4,1,1,0,0,1,1,1,1,0.555555555556,1,1,1,37,35,2,0,37,0,35,0,2,17,37,0.136029411765,1.88235294118,4.35294117647,3.36363636364,2.84615384615,1.69341284359,0.389027274878,0.193958664547,2.09866904602,0.964253345467,0.518282988871,1.87867287326,0.863174022847,0.470588235294,0.786197569093,0.41766745858,2.25,1.88235294118,0.786197569093,2.25,0.166339869281,0.0612244897959,3,0.00441176470588,0.185952380952,17,17,17,1,0,0.352941176471,0.411764705882,0.235294117647,17,0.128676470588,1.90196078431,4.11764705882,3.18181818182,2.69230769231,1.57648156274,0.382859808093,0.201680672269,2.01465221053,0.978545359402,0.524369747899,1.74894926439,0.849489642704,0.463865546218,0.814492905316,0.428238537847,2.33333333333,1.90196078431,0.814492905316,2.33333333333,0,0,0,0,0.164242424242,17,17,17,1,0,0.352941176471,0.411764705882,0.235294117647,17,37,0.136029411765,1.88235294118,4.35294117647,3.36363636364,2.84615384615,1.69341284359,0.389027274878,0.193958664547,2.09866904602,0.964253345467,0.518282988871,1.87867287326,0.863174022847,0.470588235294,0.786197569093,0.41766745858,2.25,1.88235294118,0.786197569093,2.25,0.166339869281,0.0612244897959,3,0.00441176470588,0.185952380952,17,17,17,1,0,0.352941176471,0.411764705882,0.235294117647,0,0,0,0,0,0,0,0,0,0,0,0,0,0,0,0,0,0,0,0,0,0,0,0,0,0,0,0,0,37,0,0,235,1,1,0,0,1,1,1,1,1,1,2,2,0,0,0,0
3612,WLNM_dir_neg,1,0.5,00:00:00,10,90,2,1987284075,threshold_sweep,0.3,1,1,1,2,0,0,4,1,1,0,0,1,1,1,1,0.555555555556,1,1,1,37,35,2,0,37,0,35,0,2,17,37,0.136029411765,1.88235294118,4.35294117647,3.36363636364,2.84615384615,1.69341284359,0.389027274878,0.193958664547,2.09866904602,0.964253345467,0.518282988871,1.87867287326,0.863174022847,0.470588235294,0.786197569093,0.41766745858,2.25,1.88235294118,0.786197569093,2.25,0.166339869281,0.0612244897959,3,0.00441176470588,0.185952380952,17,17,17,1,0,0.352941176471,0.411764705882,0.235294117647,17,0.128676470588,1.90196078431,4.11764705882,3.18181818182,2.69230769231,1.57648156274,0.382859808093,0.201680672269,2.01465221053,0.978545359402,0.524369747899,1.74894926439,0.849489642704,0.463865546218,0.814492905316,0.428238537847,2.33333333333,1.90196078431,0.814492905316,2.33333333333,0,0,0,0,0.164242424242,17,17,17,1,0,0.352941176471,0.411764705882,0.235294117647,17,37,0.136029411765,1.88235294118,4.35294117647,3.36363636364,2.84615384615,1.69341284359,0.389027274878,0.193958664547,2.09866904602,0.964253345467,0.518282988871,1.87867287326,0.863174022847,0.470588235294,0.786197569093,0.41766745858,2.25,1.88235294118,0.786197569093,2.25,0.166339869281,0.0612244897959,3,0.00441176470588,0.185952380952,17,17,17,1,0,0.352941176471,0.411764705882,0.235294117647,0,0,0,0,0,0,0,0,0,0,0,0,0,0,0,0,0,0,0,0,0,0,0,0,0,0,0,0,0,37,0,0,235,1,1,0,0,1,1,1,1,1,1,2,2,0,0,0,0
3613,WLNM_dir_neg,1,0.5,00:00:00,10,90,2,1987284075,threshold_sweep,0.4,1,1,1,2,0,0,4,1,1,0,0,1,1,1,1,0.555555555556,1,1,1,37,35,2,0,37,0,35,0,2,17,37,0.136029411765,1.88235294118,4.35294117647,3.36363636364,2.84615384615,1.69341284359,0.389027274878,0.193958664547,2.09866904602,0.964253345467,0.518282988871,1.87867287326,0.863174022847,0.470588235294,0.786197569093,0.41766745858,2.25,1.88235294118,0.786197569093,2.25,0.166339869281,0.0612244897959,3,0.00441176470588,0.185952380952,17,17,17,1,0,0.352941176471,0.411764705882,0.235294117647,17,0.128676470588,1.90196078431,4.11764705882,3.18181818182,2.69230769231,1.57648156274,0.382859808093,0.201680672269,2.01465221053,0.978545359402,0.524369747899,1.74894926439,0.849489642704,0.463865546218,0.814492905316,0.428238537847,2.33333333333,1.90196078431,0.814492905316,2.33333333333,0,0,0,0,0.164242424242,17,17,17,1,0,0.352941176471,0.411764705882,0.235294117647,17,37,0.136029411765,1.88235294118,4.35294117647,3.36363636364,2.84615384615,1.69341284359,0.389027274878,0.193958664547,2.09866904602,0.964253345467,0.518282988871,1.87867287326,0.863174022847,0.470588235294,0.786197569093,0.41766745858,2.25,1.88235294118,0.786197569093,2.25,0.166339869281,0.0612244897959,3,0.00441176470588,0.185952380952,17,17,17,1,0,0.352941176471,0.411764705882,0.235294117647,0,0,0,0,0,0,0,0,0,0,0,0,0,0,0,0,0,0,0,0,0,0,0,0,0,0,0,0,0,37,0,0,235,1,1,0,0,1,1,1,1,1,1,2,2,0,0,0,0
3614,WLNM_dir_neg,1,0.5,00:00:00,10,90,2,1987284075,threshold_sweep,0.5,1,1,1,2,0,0,4,1,1,0,0,1,1,1,1,0.555555555556,1,1,1,37,35,2,0,37,0,35,0,2,17,37,0.136029411765,1.88235294118,4.35294117647,3.36363636364,2.84615384615,1.69341284359,0.389027274878,0.193958664547,2.09866904602,0.964253345467,0.518282988871,1.87867287326,0.863174022847,0.470588235294,0.786197569093,0.41766745858,2.25,1.88235294118,0.786197569093,2.25,0.166339869281,0.0612244897959,3,0.00441176470588,0.185952380952,17,17,17,1,0,0.352941176471,0.411764705882,0.235294117647,17,0.128676470588,1.90196078431,4.11764705882,3.18181818182,2.69230769231,1.57648156274,0.382859808093,0.201680672269,2.01465221053,0.978545359402,0.524369747899,1.74894926439,0.849489642704,0.463865546218,0.814492905316,0.428238537847,2.33333333333,1.90196078431,0.814492905316,2.33333333333,0,0,0,0,0.164242424242,17,17,17,1,0,0.352941176471,0.411764705882,0.235294117647,17,37,0.136029411765,1.88235294118,4.35294117647,3.36363636364,2.84615384615,1.69341284359,0.389027274878,0.193958664547,2.09866904602,0.964253345467,0.518282988871,1.87867287326,0.863174022847,0.470588235294,0.786197569093,0.41766745858,2.25,1.88235294118,0.786197569093,2.25,0.166339869281,0.0612244897959,3,0.00441176470588,0.185952380952,17,17,17,1,0,0.352941176471,0.411764705882,0.235294117647,0,0,0,0,0,0,0,0,0,0,0,0,0,0,0,0,0,0,0,0,0,0,0,0,0,0,0,0,0,37,0,0,235,1,1,0,0,1,1,1,1,1,1,2,2,0,0,0,0
3615,WLNM_dir_neg,1,0.5,00:00:00,10,90,2,1987284075,threshold_sweep,0.6,1,1,1,2,0,0,4,1,1,0,0,1,1,1,1,0.555555555556,1,1,1,37,35,2,0,37,0,35,0,2,17,37,0.136029411765,1.88235294118,4.35294117647,3.36363636364,2.84615384615,1.69341284359,0.389027274878,0.193958664547,2.09866904602,0.964253345467,0.518282988871,1.87867287326,0.863174022847,0.470588235294,0.786197569093,0.41766745858,2.25,1.88235294118,0.786197569093,2.25,0.166339869281,0.0612244897959,3,0.00441176470588,0.185952380952,17,17,17,1,0,0.352941176471,0.411764705882,0.235294117647,17,0.128676470588,1.90196078431,4.11764705882,3.18181818182,2.69230769231,1.57648156274,0.382859808093,0.201680672269,2.01465221053,0.978545359402,0.524369747899,1.74894926439,0.849489642704,0.463865546218,0.814492905316,0.428238537847,2.33333333333,1.90196078431,0.814492905316,2.33333333333,0,0,0,0,0.164242424242,17,17,17,1,0,0.352941176471,0.411764705882,0.235294117647,17,37,0.136029411765,1.88235294118,4.35294117647,3.36363636364,2.84615384615,1.69341284359,0.389027274878,0.193958664547,2.09866904602,0.964253345467,0.518282988871,1.87867287326,0.863174022847,0.470588235294,0.786197569093,0.41766745858,2.25,1.88235294118,0.786197569093,2.25,0.166339869281,0.0612244897959,3,0.00441176470588,0.185952380952,17,17,17,1,0,0.352941176471,0.411764705882,0.235294117647,0,0,0,0,0,0,0,0,0,0,0,0,0,0,0,0,0,0,0,0,0,0,0,0,0,0,0,0,0,37,0,0,235,1,1,0,0,1,1,1,1,1,1,2,2,0,0,0,0
3616,WLNM_dir_neg,1,0.5,00:00:00,10,90,2,1987284075,threshold_sweep,0.7,1,1,1,2,0,0,4,1,1,0,0,1,1,1,1,0.555555555556,1,1,1,37,35,2,0,37,0,35,0,2,17,37,0.136029411765,1.88235294118,4.35294117647,3.36363636364,2.84615384615,1.69341284359,0.389027274878,0.193958664547,2.09866904602,0.964253345467,0.518282988871,1.87867287326,0.863174022847,0.470588235294,0.786197569093,0.41766745858,2.25,1.88235294118,0.786197569093,2.25,0.166339869281,0.0612244897959,3,0.00441176470588,0.185952380952,17,17,17,1,0,0.352941176471,0.411764705882,0.235294117647,17,0.128676470588,1.90196078431,4.11764705882,3.18181818182,2.69230769231,1.57648156274,0.382859808093,0.201680672269,2.01465221053,0.978545359402,0.524369747899,1.74894926439,0.849489642704,0.463865546218,0.814492905316,0.428238537847,2.33333333333,1.90196078431,0.814492905316,2.33333333333,0,0,0,0,0.164242424242,17,17,17,1,0,0.352941176471,0.411764705882,0.235294117647,17,37,0.136029411765,1.88235294118,4.35294117647,3.36363636364,2.84615384615,1.69341284359,0.389027274878,0.193958664547,2.09866904602,0.964253345467,0.518282988871,1.87867287326,0.863174022847,0.470588235294,0.786197569093,0.41766745858,2.25,1.88235294118,0.786197569093,2.25,0.166339869281,0.0612244897959,3,0.00441176470588,0.185952380952,17,17,17,1,0,0.352941176471,0.411764705882,0.235294117647,0,0,0,0,0,0,0,0,0,0,0,0,0,0,0,0,0,0,0,0,0,0,0,0,0,0,0,0,0,37,0,0,235,1,1,0,0,1,1,1,1,1,1,2,2,0,0,0,0
3617,WLNM_dir_neg,1,0.5,00:00:00,10,90,2,1987284075,threshold_sweep,0.8,1,1,1,2,0,0,4,1,1,0,0,1,1,1,1,0.555555555556,1,1,1,37,35,2,0,37,0,35,0,2,17,37,0.136029411765,1.88235294118,4.35294117647,3.36363636364,2.84615384615,1.69341284359,0.389027274878,0.193958664547,2.09866904602,0.964253345467,0.518282988871,1.87867287326,0.863174022847,0.470588235294,0.786197569093,0.41766745858,2.25,1.88235294118,0.786197569093,2.25,0.166339869281,0.0612244897959,3,0.00441176470588,0.185952380952,17,17,17,1,0,0.352941176471,0.411764705882,0.235294117647,17,0.128676470588,1.90196078431,4.11764705882,3.18181818182,2.69230769231,1.57648156274,0.382859808093,0.201680672269,2.01465221053,0.978545359402,0.524369747899,1.74894926439,0.849489642704,0.463865546218,0.814492905316,0.428238537847,2.33333333333,1.90196078431,0.814492905316,2.33333333333,0,0,0,0,0.164242424242,17,17,17,1,0,0.352941176471,0.411764705882,0.235294117647,17,37,0.136029411765,1.88235294118,4.35294117647,3.36363636364,2.84615384615,1.69341284359,0.389027274878,0.193958664547,2.09866904602,0.964253345467,0.518282988871,1.87867287326,0.863174022847,0.470588235294,0.786197569093,0.41766745858,2.25,1.88235294118,0.786197569093,2.25,0.166339869281,0.0612244897959,3,0.00441176470588,0.185952380952,17,17,17,1,0,0.352941176471,0.411764705882,0.235294117647,0,0,0,0,0,0,0,0,0,0,0,0,0,0,0,0,0,0,0,0,0,0,0,0,0,0,0,0,0,37,0,0,235,1,1,0,0,1,1,1,1,1,1,2,2,0,0,0,0
3618,WLNM_dir_neg,1,0.5,00:00:00,10,90,2,1987284075,threshold_sweep,0.9,1,1,1,2,0,0,4,1,1,0,0,1,1,1,1,0.555555555556,1,1,1,37,35,2,0,37,0,35,0,2,17,37,0.136029411765,1.88235294118,4.35294117647,3.36363636364,2.84615384615,1.69341284359,0.389027274878,0.193958664547,2.09866904602,0.964253345467,0.518282988871,1.87867287326,0.863174022847,0.470588235294,0.786197569093,0.41766745858,2.25,1.88235294118,0.786197569093,2.25,0.166339869281,0.0612244897959,3,0.00441176470588,0.185952380952,17,17,17,1,0,0.352941176471,0.411764705882,0.235294117647,17,0.128676470588,1.90196078431,4.11764705882,3.18181818182,2.69230769231,1.57648156274,0.382859808093,0.201680672269,2.01465221053,0.978545359402,0.524369747899,1.74894926439,0.849489642704,0.463865546218,0.814492905316,0.428238537847,2.33333333333,1.90196078431,0.814492905316,2.33333333333,0,0,0,0,0.164242424242,17,17,17,1,0,0.352941176471,0.411764705882,0.235294117647,17,37,0.136029411765,1.88235294118,4.35294117647,3.36363636364,2.84615384615,1.69341284359,0.389027274878,0.193958664547,2.09866904602,0.964253345467,0.518282988871,1.87867287326,0.863174022847,0.470588235294,0.786197569093,0.41766745858,2.25,1.88235294118,0.786197569093,2.25,0.166339869281,0.0612244897959,3,0.00441176470588,0.185952380952,17,17,17,1,0,0.352941176471,0.411764705882,0.235294117647,0,0,0,0,0,0,0,0,0,0,0,0,0,0,0,0,0,0,0,0,0,0,0,0,0,0,0,0,0,37,0,0,235,1,1,0,0,1,1,1,1,1,1,2,2,0,0,0,0
3619,WLNM_dir_neg,1,0.5,00:00:00,10,90,3,1987284076,threshold_sweep,0.1,1,1,1,2,0,0,4,1,1,0,0,1,1,1,1,0.555555555556,1,1,1,37,35,2,0,37,0,35,0,2,17,37,0.136029411765,1.88235294118,4.35294117647,3.36363636364,2.84615384615,1.69341284359,0.389027274878,0.193958664547,2.09866904602,0.964253345467,0.518282988871,1.87867287326,0.863174022847,0.470588235294,0.786197569093,0.41766745858,2.25,1.88235294118,0.786197569093,2.25,0.166339869281,0.0612244897959,3,0.00441176470588,0.185952380952,17,17,17,1,0,0.352941176471,0.411764705882,0.235294117647,17,0.128676470588,1.90196078431,4.11764705882,3.18181818182,2.69230769231,1.57648156274,0.382859808093,0.201680672269,2.01465221053,0.978545359402,0.524369747899,1.74894926439,0.849489642704,0.463865546218,0.814492905316,0.428238537847,2.33333333333,1.90196078431,0.814492905316,2.33333333333,0,0,0,0,0.164242424242,17,17,17,1,0,0.352941176471,0.411764705882,0.235294117647,17,37,0.136029411765,1.88235294118,4.35294117647,3.36363636364,2.84615384615,1.69341284359,0.389027274878,0.193958664547,2.09866904602,0.964253345467,0.518282988871,1.87867287326,0.863174022847,0.470588235294,0.786197569093,0.41766745858,2.25,1.88235294118,0.786197569093,2.25,0.166339869281,0.0612244897959,3,0.00441176470588,0.185952380952,17,17,17,1,0,0.352941176471,0.411764705882,0.235294117647,0,0,0,0,0,0,0,0,0,0,0,0,0,0,0,0,0,0,0,0,0,0,0,0,0,0,0,0,0,37,0,0,235,1,1,0,0,1,1,1,1,1,1,2,2,0,0,0,0
3620,WLNM_dir_neg,1,0.5,00:00:00,10,90,3,1987284076,threshold_sweep,0.2,1,1,1,2,0,0,4,1,1,0,0,1,1,1,1,0.555555555556,1,1,1,37,35,2,0,37,0,35,0,2,17,37,0.136029411765,1.88235294118,4.35294117647,3.36363636364,2.84615384615,1.69341284359,0.389027274878,0.193958664547,2.09866904602,0.964253345467,0.518282988871,1.87867287326,0.863174022847,0.470588235294,0.786197569093,0.41766745858,2.25,1.88235294118,0.786197569093,2.25,0.166339869281,0.0612244897959,3,0.00441176470588,0.185952380952,17,17,17,1,0,0.352941176471,0.411764705882,0.235294117647,17,0.128676470588,1.90196078431,4.11764705882,3.18181818182,2.69230769231,1.57648156274,0.382859808093,0.201680672269,2.01465221053,0.978545359402,0.524369747899,1.74894926439,0.849489642704,0.463865546218,0.814492905316,0.428238537847,2.33333333333,1.90196078431,0.814492905316,2.33333333333,0,0,0,0,0.164242424242,17,17,17,1,0,0.352941176471,0.411764705882,0.235294117647,17,37,0.136029411765,1.88235294118,4.35294117647,3.36363636364,2.84615384615,1.69341284359,0.389027274878,0.193958664547,2.09866904602,0.964253345467,0.518282988871,1.87867287326,0.863174022847,0.470588235294,0.786197569093,0.41766745858,2.25,1.88235294118,0.786197569093,2.25,0.166339869281,0.0612244897959,3,0.00441176470588,0.185952380952,17,17,17,1,0,0.352941176471,0.411764705882,0.235294117647,0,0,0,0,0,0,0,0,0,0,0,0,0,0,0,0,0,0,0,0,0,0,0,0,0,0,0,0,0,37,0,0,235,1,1,0,0,1,1,1,1,1,1,2,2,0,0,0,0
3621,WLNM_dir_neg,1,0.5,00:00:00,10,90,3,1987284076,threshold_sweep,0.3,1,1,1,2,0,0,4,1,1,0,0,1,1,1,1,0.555555555556,1,1,1,37,35,2,0,37,0,35,0,2,17,37,0.136029411765,1.88235294118,4.35294117647,3.36363636364,2.84615384615,1.69341284359,0.389027274878,0.193958664547,2.09866904602,0.964253345467,0.518282988871,1.87867287326,0.863174022847,0.470588235294,0.786197569093,0.41766745858,2.25,1.88235294118,0.786197569093,2.25,0.166339869281,0.0612244897959,3,0.00441176470588,0.185952380952,17,17,17,1,0,0.352941176471,0.411764705882,0.235294117647,17,0.128676470588,1.90196078431,4.11764705882,3.18181818182,2.69230769231,1.57648156274,0.382859808093,0.201680672269,2.01465221053,0.978545359402,0.524369747899,1.74894926439,0.849489642704,0.463865546218,0.814492905316,0.428238537847,2.33333333333,1.90196078431,0.814492905316,2.33333333333,0,0,0,0,0.164242424242,17,17,17,1,0,0.352941176471,0.411764705882,0.235294117647,17,37,0.136029411765,1.88235294118,4.35294117647,3.36363636364,2.84615384615,1.69341284359,0.389027274878,0.193958664547,2.09866904602,0.964253345467,0.518282988871,1.87867287326,0.863174022847,0.470588235294,0.786197569093,0.41766745858,2.25,1.88235294118,0.786197569093,2.25,0.166339869281,0.0612244897959,3,0.00441176470588,0.185952380952,17,17,17,1,0,0.352941176471,0.411764705882,0.235294117647,0,0,0,0,0,0,0,0,0,0,0,0,0,0,0,0,0,0,0,0,0,0,0,0,0,0,0,0,0,37,0,0,235,1,1,0,0,1,1,1,1,1,1,2,2,0,0,0,0
3622,WLNM_dir_neg,1,0.5,00:00:00,10,90,3,1987284076,threshold_sweep,0.4,1,1,1,2,0,0,4,1,1,0,0,1,1,1,1,0.555555555556,1,1,1,37,35,2,0,37,0,35,0,2,17,37,0.136029411765,1.88235294118,4.35294117647,3.36363636364,2.84615384615,1.69341284359,0.389027274878,0.193958664547,2.09866904602,0.964253345467,0.518282988871,1.87867287326,0.863174022847,0.470588235294,0.786197569093,0.41766745858,2.25,1.88235294118,0.786197569093,2.25,0.166339869281,0.0612244897959,3,0.00441176470588,0.185952380952,17,17,17,1,0,0.352941176471,0.411764705882,0.235294117647,17,0.128676470588,1.90196078431,4.11764705882,3.18181818182,2.69230769231,1.57648156274,0.382859808093,0.201680672269,2.01465221053,0.978545359402,0.524369747899,1.74894926439,0.849489642704,0.463865546218,0.814492905316,0.428238537847,2.33333333333,1.90196078431,0.814492905316,2.33333333333,0,0,0,0,0.164242424242,17,17,17,1,0,0.352941176471,0.411764705882,0.235294117647,17,37,0.136029411765,1.88235294118,4.35294117647,3.36363636364,2.84615384615,1.69341284359,0.389027274878,0.193958664547,2.09866904602,0.964253345467,0.518282988871,1.87867287326,0.863174022847,0.470588235294,0.786197569093,0.41766745858,2.25,1.88235294118,0.786197569093,2.25,0.166339869281,0.0612244897959,3,0.00441176470588,0.185952380952,17,17,17,1,0,0.352941176471,0.411764705882,0.235294117647,0,0,0,0,0,0,0,0,0,0,0,0,0,0,0,0,0,0,0,0,0,0,0,0,0,0,0,0,0,37,0,0,235,1,1,0,0,1,1,1,1,1,1,2,2,0,0,0,0
3623,WLNM_dir_neg,1,0.5,00:00:00,10,90,3,1987284076,threshold_sweep,0.5,1,1,1,2,0,0,4,1,1,0,0,1,1,1,1,0.555555555556,1,1,1,37,35,2,0,37,0,35,0,2,17,37,0.136029411765,1.88235294118,4.35294117647,3.36363636364,2.84615384615,1.69341284359,0.389027274878,0.193958664547,2.09866904602,0.964253345467,0.518282988871,1.87867287326,0.863174022847,0.470588235294,0.786197569093,0.41766745858,2.25,1.88235294118,0.786197569093,2.25,0.166339869281,0.0612244897959,3,0.00441176470588,0.185952380952,17,17,17,1,0,0.352941176471,0.411764705882,0.235294117647,17,0.128676470588,1.90196078431,4.11764705882,3.18181818182,2.69230769231,1.57648156274,0.382859808093,0.201680672269,2.01465221053,0.978545359402,0.524369747899,1.74894926439,0.849489642704,0.463865546218,0.814492905316,0.428238537847,2.33333333333,1.90196078431,0.814492905316,2.33333333333,0,0,0,0,0.164242424242,17,17,17,1,0,0.352941176471,0.411764705882,0.235294117647,17,37,0.136029411765,1.88235294118,4.35294117647,3.36363636364,2.84615384615,1.69341284359,0.389027274878,0.193958664547,2.09866904602,0.964253345467,0.518282988871,1.87867287326,0.863174022847,0.470588235294,0.786197569093,0.41766745858,2.25,1.88235294118,0.786197569093,2.25,0.166339869281,0.0612244897959,3,0.00441176470588,0.185952380952,17,17,17,1,0,0.352941176471,0.411764705882,0.235294117647,0,0,0,0,0,0,0,0,0,0,0,0,0,0,0,0,0,0,0,0,0,0,0,0,0,0,0,0,0,37,0,0,235,1,1,0,0,1,1,1,1,1,1,2,2,0,0,0,0
3624,WLNM_dir_neg,1,0.5,00:00:00,10,90,3,1987284076,threshold_sweep,0.6,1,1,1,2,0,0,4,1,1,0,0,1,1,1,1,0.555555555556,1,1,1,37,35,2,0,37,0,35,0,2,17,37,0.136029411765,1.88235294118,4.35294117647,3.36363636364,2.84615384615,1.69341284359,0.389027274878,0.193958664547,2.09866904602,0.964253345467,0.518282988871,1.87867287326,0.863174022847,0.470588235294,0.786197569093,0.41766745858,2.25,1.88235294118,0.786197569093,2.25,0.166339869281,0.0612244897959,3,0.00441176470588,0.185952380952,17,17,17,1,0,0.352941176471,0.411764705882,0.235294117647,17,0.128676470588,1.90196078431,4.11764705882,3.18181818182,2.69230769231,1.57648156274,0.382859808093,0.201680672269,2.01465221053,0.978545359402,0.524369747899,1.74894926439,0.849489642704,0.463865546218,0.814492905316,0.428238537847,2.33333333333,1.90196078431,0.814492905316,2.33333333333,0,0,0,0,0.164242424242,17,17,17,1,0,0.352941176471,0.411764705882,0.235294117647,17,37,0.136029411765,1.88235294118,4.35294117647,3.36363636364,2.84615384615,1.69341284359,0.389027274878,0.193958664547,2.09866904602,0.964253345467,0.518282988871,1.87867287326,0.863174022847,0.470588235294,0.786197569093,0.41766745858,2.25,1.88235294118,0.786197569093,2.25,0.166339869281,0.0612244897959,3,0.00441176470588,0.185952380952,17,17,17,1,0,0.352941176471,0.411764705882,0.235294117647,0,0,0,0,0,0,0,0,0,0,0,0,0,0,0,0,0,0,0,0,0,0,0,0,0,0,0,0,0,37,0,0,235,1,1,0,0,1,1,1,1,1,1,2,2,0,0,0,0
3625,WLNM_dir_neg,1,0.5,00:00:00,10,90,3,1987284076,threshold_sweep,0.7,1,1,1,2,0,0,4,1,1,0,0,1,1,1,1,0.555555555556,1,1,1,37,35,2,0,37,0,35,0,2,17,37,0.136029411765,1.88235294118,4.35294117647,3.36363636364,2.84615384615,1.69341284359,0.389027274878,0.193958664547,2.09866904602,0.964253345467,0.518282988871,1.87867287326,0.863174022847,0.470588235294,0.786197569093,0.41766745858,2.25,1.88235294118,0.786197569093,2.25,0.166339869281,0.0612244897959,3,0.00441176470588,0.185952380952,17,17,17,1,0,0.352941176471,0.411764705882,0.235294117647,17,0.128676470588,1.90196078431,4.11764705882,3.18181818182,2.69230769231,1.57648156274,0.382859808093,0.201680672269,2.01465221053,0.978545359402,0.524369747899,1.74894926439,0.849489642704,0.463865546218,0.814492905316,0.428238537847,2.33333333333,1.90196078431,0.814492905316,2.33333333333,0,0,0,0,0.164242424242,17,17,17,1,0,0.352941176471,0.411764705882,0.235294117647,17,37,0.136029411765,1.88235294118,4.35294117647,3.36363636364,2.84615384615,1.69341284359,0.389027274878,0.193958664547,2.09866904602,0.964253345467,0.518282988871,1.87867287326,0.863174022847,0.470588235294,0.786197569093,0.41766745858,2.25,1.88235294118,0.786197569093,2.25,0.166339869281,0.0612244897959,3,0.00441176470588,0.185952380952,17,17,17,1,0,0.352941176471,0.411764705882,0.235294117647,0,0,0,0,0,0,0,0,0,0,0,0,0,0,0,0,0,0,0,0,0,0,0,0,0,0,0,0,0,37,0,0,235,1,1,0,0,1,1,1,1,1,1,2,2,0,0,0,0
3626,WLNM_dir_neg,1,0.5,00:00:00,10,90,3,1987284076,threshold_sweep,0.8,1,1,1,2,0,0,4,1,1,0,0,1,1,1,1,0.555555555556,1,1,1,37,35,2,0,37,0,35,0,2,17,37,0.136029411765,1.88235294118,4.35294117647,3.36363636364,2.84615384615,1.69341284359,0.389027274878,0.193958664547,2.09866904602,0.964253345467,0.518282988871,1.87867287326,0.863174022847,0.470588235294,0.786197569093,0.41766745858,2.25,1.88235294118,0.786197569093,2.25,0.166339869281,0.0612244897959,3,0.00441176470588,0.185952380952,17,17,17,1,0,0.352941176471,0.411764705882,0.235294117647,17,0.128676470588,1.90196078431,4.11764705882,3.18181818182,2.69230769231,1.57648156274,0.382859808093,0.201680672269,2.01465221053,0.978545359402,0.524369747899,1.74894926439,0.849489642704,0.463865546218,0.814492905316,0.428238537847,2.33333333333,1.90196078431,0.814492905316,2.33333333333,0,0,0,0,0.164242424242,17,17,17,1,0,0.352941176471,0.411764705882,0.235294117647,17,37,0.136029411765,1.88235294118,4.35294117647,3.36363636364,2.84615384615,1.69341284359,0.389027274878,0.193958664547,2.09866904602,0.964253345467,0.518282988871,1.87867287326,0.863174022847,0.470588235294,0.786197569093,0.41766745858,2.25,1.88235294118,0.786197569093,2.25,0.166339869281,0.0612244897959,3,0.00441176470588,0.185952380952,17,17,17,1,0,0.352941176471,0.411764705882,0.235294117647,0,0,0,0,0,0,0,0,0,0,0,0,0,0,0,0,0,0,0,0,0,0,0,0,0,0,0,0,0,37,0,0,235,1,1,0,0,1,1,1,1,1,1,2,2,0,0,0,0
3627,WLNM_dir_neg,1,0.5,00:00:00,10,90,3,1987284076,threshold_sweep,0.9,1,1,1,2,0,0,4,1,1,0,0,1,1,1,1,0.555555555556,1,1,1,37,35,2,0,37,0,35,0,2,17,37,0.136029411765,1.88235294118,4.35294117647,3.36363636364,2.84615384615,1.69341284359,0.389027274878,0.193958664547,2.09866904602,0.964253345467,0.518282988871,1.87867287326,0.863174022847,0.470588235294,0.786197569093,0.41766745858,2.25,1.88235294118,0.786197569093,2.25,0.166339869281,0.0612244897959,3,0.00441176470588,0.185952380952,17,17,17,1,0,0.352941176471,0.411764705882,0.235294117647,17,0.128676470588,1.90196078431,4.11764705882,3.18181818182,2.69230769231,1.57648156274,0.382859808093,0.201680672269,2.01465221053,0.978545359402,0.524369747899,1.74894926439,0.849489642704,0.463865546218,0.814492905316,0.428238537847,2.33333333333,1.90196078431,0.814492905316,2.33333333333,0,0,0,0,0.164242424242,17,17,17,1,0,0.352941176471,0.411764705882,0.235294117647,17,37,0.136029411765,1.88235294118,4.35294117647,3.36363636364,2.84615384615,1.69341284359,0.389027274878,0.193958664547,2.09866904602,0.964253345467,0.518282988871,1.87867287326,0.863174022847,0.470588235294,0.786197569093,0.41766745858,2.25,1.88235294118,0.786197569093,2.25,0.166339869281,0.0612244897959,3,0.00441176470588,0.185952380952,17,17,17,1,0,0.352941176471,0.411764705882,0.235294117647,0,0,0,0,0,0,0,0,0,0,0,0,0,0,0,0,0,0,0,0,0,0,0,0,0,0,0,0,0,37,0,0,235,1,1,0,0,1,1,1,1,1,1,2,2,0,0,0,0
3628,WLNM_dir_neg,0.75,0.416666666667,00:00:00,10,90,4,1987284077,threshold_sweep,0.1,0.666666666667,1,0.8,2,1,0,3,1,0.75,0.25,0,0.666666666667,1,0.8,0.833333333333,0.5,0.666666666667,0.707106781187,0.75,37,35,2,0,37,0,35,0,2,17,37,0.136029411765,1.88235294118,4.35294117647,3.36363636364,2.84615384615,1.69341284359,0.389027274878,0.193958664547,2.09866904602,0.964253345467,0.518282988871,1.87867287326,0.863174022847,0.470588235294,0.786197569093,0.41766745858,2.25,1.88235294118,0.786197569093,2.25,0.166339869281,0.0612244897959,3,0.00441176470588,0.185952380952,17,17,17,1,0,0.352941176471,0.411764705882,0.235294117647,17,0.128676470588,1.90196078431,4.11764705882,3.18181818182,2.69230769231,1.57648156274,0.382859808093,0.201680672269,2.01465221053,0.978545359402,0.524369747899,1.74894926439,0.849489642704,0.463865546218,0.814492905316,0.428238537847,2.33333333333,1.90196078431,0.814492905316,2.33333333333,0,0,0,0,0.164242424242,17,17,17,1,0,0.352941176471,0.411764705882,0.235294117647,17,38,0.139705882353,1.9,4.47058823529,3.45454545455,2.71428571429,1.73629084037,0.388380845872,0.198142414861,2.1368613597,0.955964292498,0.510835913313,1.82103719638,0.814674535221,0.442724458204,0.795298686029,0.418578255805,2.25,1.9,0.795298686029,2.25,0.217320261438,0.115384615385,6,0.00882352941176,0.17867965368,17,17,17,1,0,0.352941176471,0.470588235294,0.176470588235,1,0.00367647058824,0.0176470588235,0.117647058824,0.0909090909091,-0.131868131868,0.0428779967836,-0.000646429005719,0.00418375031378,0.0381923136861,-0.00828905296849,-0.00744707555853,-0.0576356768785,-0.0484994876259,-0.0278637770898,0.00910111693678,0.000910797224492,0,0.0176470588235,0.00910111693678,0,0.0509803921569,0.0541601255887,3,0.00441176470588,-0.00727272727273,0,0.0588235294118,-0.0588235294118,37,1,0,234,1,0.995744680851,0.00425531914894,0,0.973684210526,1,0.986666666667,0.984652666406,0.995744680851,0.973684210526,3,2,0,0,0,0
3629,WLNM_dir_neg,0.75,0.416666666667,00:00:00,10,90,4,1987284077,threshold_sweep,0.2,0.666666666667,1,0.8,2,1,0,3,1,0.75,0.25,0,0.666666666667,1,0.8,0.833333333333,0.5,0.666666666667,0.707106781187,0.75,37,35,2,0,37,0,35,0,2,17,37,0.136029411765,1.88235294118,4.35294117647,3.36363636364,2.84615384615,1.69341284359,0.389027274878,0.193958664547,2.09866904602,0.964253345467,0.518282988871,1.87867287326,0.863174022847,0.470588235294,0.786197569093,0.41766745858,2.25,1.88235294118,0.786197569093,2.25,0.166339869281,0.0612244897959,3,0.00441176470588,0.185952380952,17,17,17,1,0,0.352941176471,0.411764705882,0.235294117647,17,0.128676470588,1.90196078431,4.11764705882,3.18181818182,2.69230769231,1.57648156274,0.382859808093,0.201680672269,2.01465221053,0.978545359402,0.524369747899,1.74894926439,0.849489642704,0.463865546218,0.814492905316,0.428238537847,2.33333333333,1.90196078431,0.814492905316,2.33333333333,0,0,0,0,0.164242424242,17,17,17,1,0,0.352941176471,0.411764705882,0.235294117647,17,38,0.139705882353,1.9,4.47058823529,3.45454545455,2.71428571429,1.73629084037,0.388380845872,0.198142414861,2.1368613597,0.955964292498,0.510835913313,1.82103719638,0.814674535221,0.442724458204,0.795298686029,0.418578255805,2.25,1.9,0.795298686029,2.25,0.217320261438,0.115384615385,6,0.00882352941176,0.17867965368,17,17,17,1,0,0.352941176471,0.470588235294,0.176470588235,1,0.00367647058824,0.0176470588235,0.117647058824,0.0909090909091,-0.131868131868,0.0428779967836,-0.000646429005719,0.00418375031378,0.0381923136861,-0.00828905296849,-0.00744707555853,-0.0576356768785,-0.0484994876259,-0.0278637770898,0.00910111693678,0.000910797224492,0,0.0176470588235,0.00910111693678,0,0.0509803921569,0.0541601255887,3,0.00441176470588,-0.00727272727273,0,0.0588235294118,-0.0588235294118,37,1,0,234,1,0.995744680851,0.00425531914894,0,0.973684210526,1,0.986666666667,0.984652666406,0.995744680851,0.973684210526,3,2,0,0,0,0
3630,WLNM_dir_neg,0.75,0.416666666667,00:00:00,10,90,4,1987284077,threshold_sweep,0.3,0.666666666667,1,0.8,2,1,0,3,1,0.75,0.25,0,0.666666666667,1,0.8,0.833333333333,0.5,0.666666666667,0.707106781187,0.75,37,35,2,0,37,0,35,0,2,17,37,0.136029411765,1.88235294118,4.35294117647,3.36363636364,2.84615384615,1.69341284359,0.389027274878,0.193958664547,2.09866904602,0.964253345467,0.518282988871,1.87867287326,0.863174022847,0.470588235294,0.786197569093,0.41766745858,2.25,1.88235294118,0.786197569093,2.25,0.166339869281,0.0612244897959,3,0.00441176470588,0.185952380952,17,17,17,1,0,0.352941176471,0.411764705882,0.235294117647,17,0.128676470588,1.90196078431,4.11764705882,3.18181818182,2.69230769231,1.57648156274,0.382859808093,0.201680672269,2.01465221053,0.978545359402,0.524369747899,1.74894926439,0.849489642704,0.463865546218,0.814492905316,0.428238537847,2.33333333333,1.90196078431,0.814492905316,2.33333333333,0,0,0,0,0.164242424242,17,17,17,1,0,0.352941176471,0.411764705882,0.235294117647,17,38,0.139705882353,1.9,4.47058823529,3.45454545455,2.71428571429,1.73629084037,0.388380845872,0.198142414861,2.1368613597,0.955964292498,0.510835913313,1.82103719638,0.814674535221,0.442724458204,0.795298686029,0.418578255805,2.25,1.9,0.795298686029,2.25,0.217320261438,0.115384615385,6,0.00882352941176,0.17867965368,17,17,17,1,0,0.352941176471,0.470588235294,0.176470588235,1,0.00367647058824,0.0176470588235,0.117647058824,0.0909090909091,-0.131868131868,0.0428779967836,-0.000646429005719,0.00418375031378,0.0381923136861,-0.00828905296849,-0.00744707555853,-0.0576356768785,-0.0484994876259,-0.0278637770898,0.00910111693678,0.000910797224492,0,0.0176470588235,0.00910111693678,0,0.0509803921569,0.0541601255887,3,0.00441176470588,-0.00727272727273,0,0.0588235294118,-0.0588235294118,37,1,0,234,1,0.995744680851,0.00425531914894,0,0.973684210526,1,0.986666666667,0.984652666406,0.995744680851,0.973684210526,3,2,0,0,0,0
3631,WLNM_dir_neg,0.75,0.416666666667,00:00:00,10,90,4,1987284077,threshold_sweep,0.4,0.666666666667,1,0.8,2,1,0,3,1,0.75,0.25,0,0.666666666667,1,0.8,0.833333333333,0.5,0.666666666667,0.707106781187,0.75,37,35,2,0,37,0,35,0,2,17,37,0.136029411765,1.88235294118,4.35294117647,3.36363636364,2.84615384615,1.69341284359,0.389027274878,0.193958664547,2.09866904602,0.964253345467,0.518282988871,1.87867287326,0.863174022847,0.470588235294,0.786197569093,0.41766745858,2.25,1.88235294118,0.786197569093,2.25,0.166339869281,0.0612244897959,3,0.00441176470588,0.185952380952,17,17,17,1,0,0.352941176471,0.411764705882,0.235294117647,17,0.128676470588,1.90196078431,4.11764705882,3.18181818182,2.69230769231,1.57648156274,0.382859808093,0.201680672269,2.01465221053,0.978545359402,0.524369747899,1.74894926439,0.849489642704,0.463865546218,0.814492905316,0.428238537847,2.33333333333,1.90196078431,0.814492905316,2.33333333333,0,0,0,0,0.164242424242,17,17,17,1,0,0.352941176471,0.411764705882,0.235294117647,17,38,0.139705882353,1.9,4.47058823529,3.45454545455,2.71428571429,1.73629084037,0.388380845872,0.198142414861,2.1368613597,0.955964292498,0.510835913313,1.82103719638,0.814674535221,0.442724458204,0.795298686029,0.418578255805,2.25,1.9,0.795298686029,2.25,0.217320261438,0.115384615385,6,0.00882352941176,0.17867965368,17,17,17,1,0,0.352941176471,0.470588235294,0.176470588235,1,0.00367647058824,0.0176470588235,0.117647058824,0.0909090909091,-0.131868131868,0.0428779967836,-0.000646429005719,0.00418375031378,0.0381923136861,-0.00828905296849,-0.00744707555853,-0.0576356768785,-0.0484994876259,-0.0278637770898,0.00910111693678,0.000910797224492,0,0.0176470588235,0.00910111693678,0,0.0509803921569,0.0541601255887,3,0.00441176470588,-0.00727272727273,0,0.0588235294118,-0.0588235294118,37,1,0,234,1,0.995744680851,0.00425531914894,0,0.973684210526,1,0.986666666667,0.984652666406,0.995744680851,0.973684210526,3,2,0,0,0,0
3632,WLNM_dir_neg,0.75,0.416666666667,00:00:00,10,90,4,1987284077,threshold_sweep,0.5,0.666666666667,1,0.8,2,1,0,3,1,0.75,0.25,0,0.666666666667,1,0.8,0.833333333333,0.5,0.666666666667,0.707106781187,0.75,37,35,2,0,37,0,35,0,2,17,37,0.136029411765,1.88235294118,4.35294117647,3.36363636364,2.84615384615,1.69341284359,0.389027274878,0.193958664547,2.09866904602,0.964253345467,0.518282988871,1.87867287326,0.863174022847,0.470588235294,0.786197569093,0.41766745858,2.25,1.88235294118,0.786197569093,2.25,0.166339869281,0.0612244897959,3,0.00441176470588,0.185952380952,17,17,17,1,0,0.352941176471,0.411764705882,0.235294117647,17,0.128676470588,1.90196078431,4.11764705882,3.18181818182,2.69230769231,1.57648156274,0.382859808093,0.201680672269,2.01465221053,0.978545359402,0.524369747899,1.74894926439,0.849489642704,0.463865546218,0.814492905316,0.428238537847,2.33333333333,1.90196078431,0.814492905316,2.33333333333,0,0,0,0,0.164242424242,17,17,17,1,0,0.352941176471,0.411764705882,0.235294117647,17,38,0.139705882353,1.9,4.47058823529,3.45454545455,2.71428571429,1.73629084037,0.388380845872,0.198142414861,2.1368613597,0.955964292498,0.510835913313,1.82103719638,0.814674535221,0.442724458204,0.795298686029,0.418578255805,2.25,1.9,0.795298686029,2.25,0.217320261438,0.115384615385,6,0.00882352941176,0.17867965368,17,17,17,1,0,0.352941176471,0.470588235294,0.176470588235,1,0.00367647058824,0.0176470588235,0.117647058824,0.0909090909091,-0.131868131868,0.0428779967836,-0.000646429005719,0.00418375031378,0.0381923136861,-0.00828905296849,-0.00744707555853,-0.0576356768785,-0.0484994876259,-0.0278637770898,0.00910111693678,0.000910797224492,0,0.0176470588235,0.00910111693678,0,0.0509803921569,0.0541601255887,3,0.00441176470588,-0.00727272727273,0,0.0588235294118,-0.0588235294118,37,1,0,234,1,0.995744680851,0.00425531914894,0,0.973684210526,1,0.986666666667,0.984652666406,0.995744680851,0.973684210526,3,2,0,0,0,0
3633,WLNM_dir_neg,0.75,0.416666666667,00:00:00,10,90,4,1987284077,threshold_sweep,0.6,0.666666666667,1,0.8,2,1,0,3,1,0.75,0.25,0,0.666666666667,1,0.8,0.833333333333,0.5,0.666666666667,0.707106781187,0.75,37,35,2,0,37,0,35,0,2,17,37,0.136029411765,1.88235294118,4.35294117647,3.36363636364,2.84615384615,1.69341284359,0.389027274878,0.193958664547,2.09866904602,0.964253345467,0.518282988871,1.87867287326,0.863174022847,0.470588235294,0.786197569093,0.41766745858,2.25,1.88235294118,0.786197569093,2.25,0.166339869281,0.0612244897959,3,0.00441176470588,0.185952380952,17,17,17,1,0,0.352941176471,0.411764705882,0.235294117647,17,0.128676470588,1.90196078431,4.11764705882,3.18181818182,2.69230769231,1.57648156274,0.382859808093,0.201680672269,2.01465221053,0.978545359402,0.524369747899,1.74894926439,0.849489642704,0.463865546218,0.814492905316,0.428238537847,2.33333333333,1.90196078431,0.814492905316,2.33333333333,0,0,0,0,0.164242424242,17,17,17,1,0,0.352941176471,0.411764705882,0.235294117647,17,38,0.139705882353,1.9,4.47058823529,3.45454545455,2.71428571429,1.73629084037,0.388380845872,0.198142414861,2.1368613597,0.955964292498,0.510835913313,1.82103719638,0.814674535221,0.442724458204,0.795298686029,0.418578255805,2.25,1.9,0.795298686029,2.25,0.217320261438,0.115384615385,6,0.00882352941176,0.17867965368,17,17,17,1,0,0.352941176471,0.470588235294,0.176470588235,1,0.00367647058824,0.0176470588235,0.117647058824,0.0909090909091,-0.131868131868,0.0428779967836,-0.000646429005719,0.00418375031378,0.0381923136861,-0.00828905296849,-0.00744707555853,-0.0576356768785,-0.0484994876259,-0.0278637770898,0.00910111693678,0.000910797224492,0,0.0176470588235,0.00910111693678,0,0.0509803921569,0.0541601255887,3,0.00441176470588,-0.00727272727273,0,0.0588235294118,-0.0588235294118,37,1,0,234,1,0.995744680851,0.00425531914894,0,0.973684210526,1,0.986666666667,0.984652666406,0.995744680851,0.973684210526,3,2,0,0,0,0
3634,WLNM_dir_neg,0.75,0.416666666667,00:00:00,10,90,4,1987284077,threshold_sweep,0.7,0.666666666667,1,0.8,2,1,0,3,1,0.75,0.25,0,0.666666666667,1,0.8,0.833333333333,0.5,0.666666666667,0.707106781187,0.75,37,35,2,0,37,0,35,0,2,17,37,0.136029411765,1.88235294118,4.35294117647,3.36363636364,2.84615384615,1.69341284359,0.389027274878,0.193958664547,2.09866904602,0.964253345467,0.518282988871,1.87867287326,0.863174022847,0.470588235294,0.786197569093,0.41766745858,2.25,1.88235294118,0.786197569093,2.25,0.166339869281,0.0612244897959,3,0.00441176470588,0.185952380952,17,17,17,1,0,0.352941176471,0.411764705882,0.235294117647,17,0.128676470588,1.90196078431,4.11764705882,3.18181818182,2.69230769231,1.57648156274,0.382859808093,0.201680672269,2.01465221053,0.978545359402,0.524369747899,1.74894926439,0.849489642704,0.463865546218,0.814492905316,0.428238537847,2.33333333333,1.90196078431,0.814492905316,2.33333333333,0,0,0,0,0.164242424242,17,17,17,1,0,0.352941176471,0.411764705882,0.235294117647,17,38,0.139705882353,1.9,4.47058823529,3.45454545455,2.71428571429,1.73629084037,0.388380845872,0.198142414861,2.1368613597,0.955964292498,0.510835913313,1.82103719638,0.814674535221,0.442724458204,0.795298686029,0.418578255805,2.25,1.9,0.795298686029,2.25,0.217320261438,0.115384615385,6,0.00882352941176,0.17867965368,17,17,17,1,0,0.352941176471,0.470588235294,0.176470588235,1,0.00367647058824,0.0176470588235,0.117647058824,0.0909090909091,-0.131868131868,0.0428779967836,-0.000646429005719,0.00418375031378,0.0381923136861,-0.00828905296849,-0.00744707555853,-0.0576356768785,-0.0484994876259,-0.0278637770898,0.00910111693678,0.000910797224492,0,0.0176470588235,0.00910111693678,0,0.0509803921569,0.0541601255887,3,0.00441176470588,-0.00727272727273,0,0.0588235294118,-0.0588235294118,37,1,0,234,1,0.995744680851,0.00425531914894,0,0.973684210526,1,0.986666666667,0.984652666406,0.995744680851,0.973684210526,3,2,0,0,0,0
3635,WLNM_dir_neg,0.75,0.416666666667,00:00:00,10,90,4,1987284077,threshold_sweep,0.8,0.666666666667,1,0.8,2,1,0,3,1,0.75,0.25,0,0.666666666667,1,0.8,0.833333333333,0.5,0.666666666667,0.707106781187,0.75,37,35,2,0,37,0,35,0,2,17,37,0.136029411765,1.88235294118,4.35294117647,3.36363636364,2.84615384615,1.69341284359,0.389027274878,0.193958664547,2.09866904602,0.964253345467,0.518282988871,1.87867287326,0.863174022847,0.470588235294,0.786197569093,0.41766745858,2.25,1.88235294118,0.786197569093,2.25,0.166339869281,0.0612244897959,3,0.00441176470588,0.185952380952,17,17,17,1,0,0.352941176471,0.411764705882,0.235294117647,17,0.128676470588,1.90196078431,4.11764705882,3.18181818182,2.69230769231,1.57648156274,0.382859808093,0.201680672269,2.01465221053,0.978545359402,0.524369747899,1.74894926439,0.849489642704,0.463865546218,0.814492905316,0.428238537847,2.33333333333,1.90196078431,0.814492905316,2.33333333333,0,0,0,0,0.164242424242,17,17,17,1,0,0.352941176471,0.411764705882,0.235294117647,17,38,0.139705882353,1.9,4.47058823529,3.45454545455,2.71428571429,1.73629084037,0.388380845872,0.198142414861,2.1368613597,0.955964292498,0.510835913313,1.82103719638,0.814674535221,0.442724458204,0.795298686029,0.418578255805,2.25,1.9,0.795298686029,2.25,0.217320261438,0.115384615385,6,0.00882352941176,0.17867965368,17,17,17,1,0,0.352941176471,0.470588235294,0.176470588235,1,0.00367647058824,0.0176470588235,0.117647058824,0.0909090909091,-0.131868131868,0.0428779967836,-0.000646429005719,0.00418375031378,0.0381923136861,-0.00828905296849,-0.00744707555853,-0.0576356768785,-0.0484994876259,-0.0278637770898,0.00910111693678,0.000910797224492,0,0.0176470588235,0.00910111693678,0,0.0509803921569,0.0541601255887,3,0.00441176470588,-0.00727272727273,0,0.0588235294118,-0.0588235294118,37,1,0,234,1,0.995744680851,0.00425531914894,0,0.973684210526,1,0.986666666667,0.984652666406,0.995744680851,0.973684210526,3,2,0,0,0,0
3636,WLNM_dir_neg,0.75,0.416666666667,00:00:00,10,90,4,1987284077,threshold_sweep,0.9,0.666666666667,1,0.8,2,1,0,3,1,0.75,0.25,0,0.666666666667,1,0.8,0.833333333333,0.5,0.666666666667,0.707106781187,0.75,37,35,2,0,37,0,35,0,2,17,37,0.136029411765,1.88235294118,4.35294117647,3.36363636364,2.84615384615,1.69341284359,0.389027274878,0.193958664547,2.09866904602,0.964253345467,0.518282988871,1.87867287326,0.863174022847,0.470588235294,0.786197569093,0.41766745858,2.25,1.88235294118,0.786197569093,2.25,0.166339869281,0.0612244897959,3,0.00441176470588,0.185952380952,17,17,17,1,0,0.352941176471,0.411764705882,0.235294117647,17,0.128676470588,1.90196078431,4.11764705882,3.18181818182,2.69230769231,1.57648156274,0.382859808093,0.201680672269,2.01465221053,0.978545359402,0.524369747899,1.74894926439,0.849489642704,0.463865546218,0.814492905316,0.428238537847,2.33333333333,1.90196078431,0.814492905316,2.33333333333,0,0,0,0,0.164242424242,17,17,17,1,0,0.352941176471,0.411764705882,0.235294117647,17,38,0.139705882353,1.9,4.47058823529,3.45454545455,2.71428571429,1.73629084037,0.388380845872,0.198142414861,2.1368613597,0.955964292498,0.510835913313,1.82103719638,0.814674535221,0.442724458204,0.795298686029,0.418578255805,2.25,1.9,0.795298686029,2.25,0.217320261438,0.115384615385,6,0.00882352941176,0.17867965368,17,17,17,1,0,0.352941176471,0.470588235294,0.176470588235,1,0.00367647058824,0.0176470588235,0.117647058824,0.0909090909091,-0.131868131868,0.0428779967836,-0.000646429005719,0.00418375031378,0.0381923136861,-0.00828905296849,-0.00744707555853,-0.0576356768785,-0.0484994876259,-0.0278637770898,0.00910111693678,0.000910797224492,0,0.0176470588235,0.00910111693678,0,0.0509803921569,0.0541601255887,3,0.00441176470588,-0.00727272727273,0,0.0588235294118,-0.0588235294118,37,1,0,234,1,0.995744680851,0.00425531914894,0,0.973684210526,1,0.986666666667,0.984652666406,0.995744680851,0.973684210526,3,2,0,0,0,0
3637,WLNM_dir_neg,1,0.5,00:00:00,10,90,5,1987284078,threshold_sweep,0.1,1,1,1,2,0,0,4,1,1,0,0,1,1,1,1,0.555555555556,1,1,1,37,35,2,0,37,0,35,0,2,17,37,0.136029411765,1.88235294118,4.35294117647,3.36363636364,2.84615384615,1.69341284359,0.389027274878,0.193958664547,2.09866904602,0.964253345467,0.518282988871,1.87867287326,0.863174022847,0.470588235294,0.786197569093,0.41766745858,2.25,1.88235294118,0.786197569093,2.25,0.166339869281,0.0612244897959,3,0.00441176470588,0.185952380952,17,17,17,1,0,0.352941176471,0.411764705882,0.235294117647,17,0.128676470588,1.90196078431,4.11764705882,3.18181818182,2.69230769231,1.57648156274,0.382859808093,0.201680672269,2.01465221053,0.978545359402,0.524369747899,1.74894926439,0.849489642704,0.463865546218,0.814492905316,0.428238537847,2.33333333333,1.90196078431,0.814492905316,2.33333333333,0,0,0,0,0.164242424242,17,17,17,1,0,0.352941176471,0.411764705882,0.235294117647,17,37,0.136029411765,1.88235294118,4.35294117647,3.36363636364,2.84615384615,1.69341284359,0.389027274878,0.193958664547,2.09866904602,0.964253345467,0.518282988871,1.87867287326,0.863174022847,0.470588235294,0.786197569093,0.41766745858,2.25,1.88235294118,0.786197569093,2.25,0.166339869281,0.0612244897959,3,0.00441176470588,0.185952380952,17,17,17,1,0,0.352941176471,0.411764705882,0.235294117647,0,0,0,0,0,0,0,0,0,0,0,0,0,0,0,0,0,0,0,0,0,0,0,0,0,0,0,0,0,37,0,0,235,1,1,0,0,1,1,1,1,1,1,2,2,0,0,0,0
3638,WLNM_dir_neg,1,0.5,00:00:00,10,90,5,1987284078,threshold_sweep,0.2,1,1,1,2,0,0,4,1,1,0,0,1,1,1,1,0.555555555556,1,1,1,37,35,2,0,37,0,35,0,2,17,37,0.136029411765,1.88235294118,4.35294117647,3.36363636364,2.84615384615,1.69341284359,0.389027274878,0.193958664547,2.09866904602,0.964253345467,0.518282988871,1.87867287326,0.863174022847,0.470588235294,0.786197569093,0.41766745858,2.25,1.88235294118,0.786197569093,2.25,0.166339869281,0.0612244897959,3,0.00441176470588,0.185952380952,17,17,17,1,0,0.352941176471,0.411764705882,0.235294117647,17,0.128676470588,1.90196078431,4.11764705882,3.18181818182,2.69230769231,1.57648156274,0.382859808093,0.201680672269,2.01465221053,0.978545359402,0.524369747899,1.74894926439,0.849489642704,0.463865546218,0.814492905316,0.428238537847,2.33333333333,1.90196078431,0.814492905316,2.33333333333,0,0,0,0,0.164242424242,17,17,17,1,0,0.352941176471,0.411764705882,0.235294117647,17,37,0.136029411765,1.88235294118,4.35294117647,3.36363636364,2.84615384615,1.69341284359,0.389027274878,0.193958664547,2.09866904602,0.964253345467,0.518282988871,1.87867287326,0.863174022847,0.470588235294,0.786197569093,0.41766745858,2.25,1.88235294118,0.786197569093,2.25,0.166339869281,0.0612244897959,3,0.00441176470588,0.185952380952,17,17,17,1,0,0.352941176471,0.411764705882,0.235294117647,0,0,0,0,0,0,0,0,0,0,0,0,0,0,0,0,0,0,0,0,0,0,0,0,0,0,0,0,0,37,0,0,235,1,1,0,0,1,1,1,1,1,1,2,2,0,0,0,0
3639,WLNM_dir_neg,1,0.5,00:00:00,10,90,5,1987284078,threshold_sweep,0.3,1,1,1,2,0,0,4,1,1,0,0,1,1,1,1,0.555555555556,1,1,1,37,35,2,0,37,0,35,0,2,17,37,0.136029411765,1.88235294118,4.35294117647,3.36363636364,2.84615384615,1.69341284359,0.389027274878,0.193958664547,2.09866904602,0.964253345467,0.518282988871,1.87867287326,0.863174022847,0.470588235294,0.786197569093,0.41766745858,2.25,1.88235294118,0.786197569093,2.25,0.166339869281,0.0612244897959,3,0.00441176470588,0.185952380952,17,17,17,1,0,0.352941176471,0.411764705882,0.235294117647,17,0.128676470588,1.90196078431,4.11764705882,3.18181818182,2.69230769231,1.57648156274,0.382859808093,0.201680672269,2.01465221053,0.978545359402,0.524369747899,1.74894926439,0.849489642704,0.463865546218,0.814492905316,0.428238537847,2.33333333333,1.90196078431,0.814492905316,2.33333333333,0,0,0,0,0.164242424242,17,17,17,1,0,0.352941176471,0.411764705882,0.235294117647,17,37,0.136029411765,1.88235294118,4.35294117647,3.36363636364,2.84615384615,1.69341284359,0.389027274878,0.193958664547,2.09866904602,0.964253345467,0.518282988871,1.87867287326,0.863174022847,0.470588235294,0.786197569093,0.41766745858,2.25,1.88235294118,0.786197569093,2.25,0.166339869281,0.0612244897959,3,0.00441176470588,0.185952380952,17,17,17,1,0,0.352941176471,0.411764705882,0.235294117647,0,0,0,0,0,0,0,0,0,0,0,0,0,0,0,0,0,0,0,0,0,0,0,0,0,0,0,0,0,37,0,0,235,1,1,0,0,1,1,1,1,1,1,2,2,0,0,0,0
3640,WLNM_dir_neg,1,0.5,00:00:00,10,90,5,1987284078,threshold_sweep,0.4,1,1,1,2,0,0,4,1,1,0,0,1,1,1,1,0.555555555556,1,1,1,37,35,2,0,37,0,35,0,2,17,37,0.136029411765,1.88235294118,4.35294117647,3.36363636364,2.84615384615,1.69341284359,0.389027274878,0.193958664547,2.09866904602,0.964253345467,0.518282988871,1.87867287326,0.863174022847,0.470588235294,0.786197569093,0.41766745858,2.25,1.88235294118,0.786197569093,2.25,0.166339869281,0.0612244897959,3,0.00441176470588,0.185952380952,17,17,17,1,0,0.352941176471,0.411764705882,0.235294117647,17,0.128676470588,1.90196078431,4.11764705882,3.18181818182,2.69230769231,1.57648156274,0.382859808093,0.201680672269,2.01465221053,0.978545359402,0.524369747899,1.74894926439,0.849489642704,0.463865546218,0.814492905316,0.428238537847,2.33333333333,1.90196078431,0.814492905316,2.33333333333,0,0,0,0,0.164242424242,17,17,17,1,0,0.352941176471,0.411764705882,0.235294117647,17,37,0.136029411765,1.88235294118,4.35294117647,3.36363636364,2.84615384615,1.69341284359,0.389027274878,0.193958664547,2.09866904602,0.964253345467,0.518282988871,1.87867287326,0.863174022847,0.470588235294,0.786197569093,0.41766745858,2.25,1.88235294118,0.786197569093,2.25,0.166339869281,0.0612244897959,3,0.00441176470588,0.185952380952,17,17,17,1,0,0.352941176471,0.411764705882,0.235294117647,0,0,0,0,0,0,0,0,0,0,0,0,0,0,0,0,0,0,0,0,0,0,0,0,0,0,0,0,0,37,0,0,235,1,1,0,0,1,1,1,1,1,1,2,2,0,0,0,0
3641,WLNM_dir_neg,1,0.5,00:00:00,10,90,5,1987284078,threshold_sweep,0.5,1,1,1,2,0,0,4,1,1,0,0,1,1,1,1,0.555555555556,1,1,1,37,35,2,0,37,0,35,0,2,17,37,0.136029411765,1.88235294118,4.35294117647,3.36363636364,2.84615384615,1.69341284359,0.389027274878,0.193958664547,2.09866904602,0.964253345467,0.518282988871,1.87867287326,0.863174022847,0.470588235294,0.786197569093,0.41766745858,2.25,1.88235294118,0.786197569093,2.25,0.166339869281,0.0612244897959,3,0.00441176470588,0.185952380952,17,17,17,1,0,0.352941176471,0.411764705882,0.235294117647,17,0.128676470588,1.90196078431,4.11764705882,3.18181818182,2.69230769231,1.57648156274,0.382859808093,0.201680672269,2.01465221053,0.978545359402,0.524369747899,1.74894926439,0.849489642704,0.463865546218,0.814492905316,0.428238537847,2.33333333333,1.90196078431,0.814492905316,2.33333333333,0,0,0,0,0.164242424242,17,17,17,1,0,0.352941176471,0.411764705882,0.235294117647,17,37,0.136029411765,1.88235294118,4.35294117647,3.36363636364,2.84615384615,1.69341284359,0.389027274878,0.193958664547,2.09866904602,0.964253345467,0.518282988871,1.87867287326,0.863174022847,0.470588235294,0.786197569093,0.41766745858,2.25,1.88235294118,0.786197569093,2.25,0.166339869281,0.0612244897959,3,0.00441176470588,0.185952380952,17,17,17,1,0,0.352941176471,0.411764705882,0.235294117647,0,0,0,0,0,0,0,0,0,0,0,0,0,0,0,0,0,0,0,0,0,0,0,0,0,0,0,0,0,37,0,0,235,1,1,0,0,1,1,1,1,1,1,2,2,0,0,0,0
3642,WLNM_dir_neg,1,0.5,00:00:00,10,90,5,1987284078,threshold_sweep,0.6,1,1,1,2,0,0,4,1,1,0,0,1,1,1,1,0.555555555556,1,1,1,37,35,2,0,37,0,35,0,2,17,37,0.136029411765,1.88235294118,4.35294117647,3.36363636364,2.84615384615,1.69341284359,0.389027274878,0.193958664547,2.09866904602,0.964253345467,0.518282988871,1.87867287326,0.863174022847,0.470588235294,0.786197569093,0.41766745858,2.25,1.88235294118,0.786197569093,2.25,0.166339869281,0.0612244897959,3,0.00441176470588,0.185952380952,17,17,17,1,0,0.352941176471,0.411764705882,0.235294117647,17,0.128676470588,1.90196078431,4.11764705882,3.18181818182,2.69230769231,1.57648156274,0.382859808093,0.201680672269,2.01465221053,0.978545359402,0.524369747899,1.74894926439,0.849489642704,0.463865546218,0.814492905316,0.428238537847,2.33333333333,1.90196078431,0.814492905316,2.33333333333,0,0,0,0,0.164242424242,17,17,17,1,0,0.352941176471,0.411764705882,0.235294117647,17,37,0.136029411765,1.88235294118,4.35294117647,3.36363636364,2.84615384615,1.69341284359,0.389027274878,0.193958664547,2.09866904602,0.964253345467,0.518282988871,1.87867287326,0.863174022847,0.470588235294,0.786197569093,0.41766745858,2.25,1.88235294118,0.786197569093,2.25,0.166339869281,0.0612244897959,3,0.00441176470588,0.185952380952,17,17,17,1,0,0.352941176471,0.411764705882,0.235294117647,0,0,0,0,0,0,0,0,0,0,0,0,0,0,0,0,0,0,0,0,0,0,0,0,0,0,0,0,0,37,0,0,235,1,1,0,0,1,1,1,1,1,1,2,2,0,0,0,0
3643,WLNM_dir_neg,1,0.5,00:00:00,10,90,5,1987284078,threshold_sweep,0.7,1,1,1,2,0,0,4,1,1,0,0,1,1,1,1,0.555555555556,1,1,1,37,35,2,0,37,0,35,0,2,17,37,0.136029411765,1.88235294118,4.35294117647,3.36363636364,2.84615384615,1.69341284359,0.389027274878,0.193958664547,2.09866904602,0.964253345467,0.518282988871,1.87867287326,0.863174022847,0.470588235294,0.786197569093,0.41766745858,2.25,1.88235294118,0.786197569093,2.25,0.166339869281,0.0612244897959,3,0.00441176470588,0.185952380952,17,17,17,1,0,0.352941176471,0.411764705882,0.235294117647,17,0.128676470588,1.90196078431,4.11764705882,3.18181818182,2.69230769231,1.57648156274,0.382859808093,0.201680672269,2.01465221053,0.978545359402,0.524369747899,1.74894926439,0.849489642704,0.463865546218,0.814492905316,0.428238537847,2.33333333333,1.90196078431,0.814492905316,2.33333333333,0,0,0,0,0.164242424242,17,17,17,1,0,0.352941176471,0.411764705882,0.235294117647,17,37,0.136029411765,1.88235294118,4.35294117647,3.36363636364,2.84615384615,1.69341284359,0.389027274878,0.193958664547,2.09866904602,0.964253345467,0.518282988871,1.87867287326,0.863174022847,0.470588235294,0.786197569093,0.41766745858,2.25,1.88235294118,0.786197569093,2.25,0.166339869281,0.0612244897959,3,0.00441176470588,0.185952380952,17,17,17,1,0,0.352941176471,0.411764705882,0.235294117647,0,0,0,0,0,0,0,0,0,0,0,0,0,0,0,0,0,0,0,0,0,0,0,0,0,0,0,0,0,37,0,0,235,1,1,0,0,1,1,1,1,1,1,2,2,0,0,0,0
3644,WLNM_dir_neg,1,0.5,00:00:00,10,90,5,1987284078,threshold_sweep,0.8,1,0.5,0.666666666667,1,0,1,4,0.5,1,0,0.5,1,0.5,0.666666666667,0.833333333333,0.611111111111,0.571428571429,0.632455532034,0.5,37,35,2,0,37,0,35,0,2,17,37,0.136029411765,1.88235294118,4.35294117647,3.36363636364,2.84615384615,1.69341284359,0.389027274878,0.193958664547,2.09866904602,0.964253345467,0.518282988871,1.87867287326,0.863174022847,0.470588235294,0.786197569093,0.41766745858,2.25,1.88235294118,0.786197569093,2.25,0.166339869281,0.0612244897959,3,0.00441176470588,0.185952380952,17,17,17,1,0,0.352941176471,0.411764705882,0.235294117647,17,0.128676470588,1.90196078431,4.11764705882,3.18181818182,2.69230769231,1.57648156274,0.382859808093,0.201680672269,2.01465221053,0.978545359402,0.524369747899,1.74894926439,0.849489642704,0.463865546218,0.814492905316,0.428238537847,2.33333333333,1.90196078431,0.814492905316,2.33333333333,0,0,0,0,0.164242424242,17,17,17,1,0,0.352941176471,0.411764705882,0.235294117647,17,36,0.132352941176,1.89705882353,4.23529411765,3.27272727273,2.76923076923,1.71498585143,0.40492721492,0.204248366013,2.05798302171,0.971825315808,0.522875816993,1.79869233546,0.849382491746,0.464052287582,0.805541469338,0.424626510969,2.25,1.89705882353,0.805541469338,2.25,0.0702614379085,0.0214285714286,1,0.00147058823529,0.175454545455,17,17,17,1,0,0.352941176471,0.411764705882,0.235294117647,-1,-0.00367647058824,0.0147058823529,-0.117647058824,-0.0909090909091,-0.0769230769231,0.0215730078386,0.0158999400418,0.0102897014662,-0.0406860243059,0.00757197034072,0.00459282812224,-0.0799805377942,-0.0137915311015,-0.00653594771242,0.0193439002456,0.00695905238854,0,0.0147058823529,0.0193439002456,0,-0.0960784313725,-0.0397959183673,-2,-0.00294117647059,-0.0104978354978,0,0,0,36,0,1,235,0.972972972973,1,0,0.027027027027,1,0.972972972973,0.986301369863,0.984301887704,0.972972972973,0.972972972973,1,2,0,0,0,0
3645,WLNM_dir_neg,1,0.5,00:00:00,10,90,5,1987284078,threshold_sweep,0.9,1,0.5,0.666666666667,1,0,1,4,0.5,1,0,0.5,1,0.5,0.666666666667,0.833333333333,0.611111111111,0.571428571429,0.632455532034,0.5,37,35,2,0,37,0,35,0,2,17,37,0.136029411765,1.88235294118,4.35294117647,3.36363636364,2.84615384615,1.69341284359,0.389027274878,0.193958664547,2.09866904602,0.964253345467,0.518282988871,1.87867287326,0.863174022847,0.470588235294,0.786197569093,0.41766745858,2.25,1.88235294118,0.786197569093,2.25,0.166339869281,0.0612244897959,3,0.00441176470588,0.185952380952,17,17,17,1,0,0.352941176471,0.411764705882,0.235294117647,17,0.128676470588,1.90196078431,4.11764705882,3.18181818182,2.69230769231,1.57648156274,0.382859808093,0.201680672269,2.01465221053,0.978545359402,0.524369747899,1.74894926439,0.849489642704,0.463865546218,0.814492905316,0.428238537847,2.33333333333,1.90196078431,0.814492905316,2.33333333333,0,0,0,0,0.164242424242,17,17,17,1,0,0.352941176471,0.411764705882,0.235294117647,17,36,0.132352941176,1.89705882353,4.23529411765,3.27272727273,2.76923076923,1.71498585143,0.40492721492,0.204248366013,2.05798302171,0.971825315808,0.522875816993,1.79869233546,0.849382491746,0.464052287582,0.805541469338,0.424626510969,2.25,1.89705882353,0.805541469338,2.25,0.0702614379085,0.0214285714286,1,0.00147058823529,0.175454545455,17,17,17,1,0,0.352941176471,0.411764705882,0.235294117647,-1,-0.00367647058824,0.0147058823529,-0.117647058824,-0.0909090909091,-0.0769230769231,0.0215730078386,0.0158999400418,0.0102897014662,-0.0406860243059,0.00757197034072,0.00459282812224,-0.0799805377942,-0.0137915311015,-0.00653594771242,0.0193439002456,0.00695905238854,0,0.0147058823529,0.0193439002456,0,-0.0960784313725,-0.0397959183673,-2,-0.00294117647059,-0.0104978354978,0,0,0,36,0,1,235,0.972972972973,1,0,0.027027027027,1,0.972972972973,0.986301369863,0.984301887704,0.972972972973,0.972972972973,1,2,0,0,0,0
3646,WLNM_dir_neg,1,0.5,00:00:00,10,90,6,1987284079,threshold_sweep,0.1,1,1,1,2,0,0,4,1,1,0,0,1,1,1,1,0.555555555556,1,1,1,37,35,2,0,37,0,35,0,2,17,37,0.136029411765,1.88235294118,4.35294117647,3.36363636364,2.84615384615,1.69341284359,0.389027274878,0.193958664547,2.09866904602,0.964253345467,0.518282988871,1.87867287326,0.863174022847,0.470588235294,0.786197569093,0.41766745858,2.25,1.88235294118,0.786197569093,2.25,0.166339869281,0.0612244897959,3,0.00441176470588,0.185952380952,17,17,17,1,0,0.352941176471,0.411764705882,0.235294117647,17,0.128676470588,1.90196078431,4.11764705882,3.18181818182,2.69230769231,1.57648156274,0.382859808093,0.201680672269,2.01465221053,0.978545359402,0.524369747899,1.74894926439,0.849489642704,0.463865546218,0.814492905316,0.428238537847,2.33333333333,1.90196078431,0.814492905316,2.33333333333,0,0,0,0,0.164242424242,17,17,17,1,0,0.352941176471,0.411764705882,0.235294117647,17,37,0.136029411765,1.88235294118,4.35294117647,3.36363636364,2.84615384615,1.69341284359,0.389027274878,0.193958664547,2.09866904602,0.964253345467,0.518282988871,1.87867287326,0.863174022847,0.470588235294,0.786197569093,0.41766745858,2.25,1.88235294118,0.786197569093,2.25,0.166339869281,0.0612244897959,3,0.00441176470588,0.185952380952,17,17,17,1,0,0.352941176471,0.411764705882,0.235294117647,0,0,0,0,0,0,0,0,0,0,0,0,0,0,0,0,0,0,0,0,0,0,0,0,0,0,0,0,0,37,0,0,235,1,1,0,0,1,1,1,1,1,1,2,2,0,0,0,0
3647,WLNM_dir_neg,1,0.5,00:00:00,10,90,6,1987284079,threshold_sweep,0.2,1,1,1,2,0,0,4,1,1,0,0,1,1,1,1,0.555555555556,1,1,1,37,35,2,0,37,0,35,0,2,17,37,0.136029411765,1.88235294118,4.35294117647,3.36363636364,2.84615384615,1.69341284359,0.389027274878,0.193958664547,2.09866904602,0.964253345467,0.518282988871,1.87867287326,0.863174022847,0.470588235294,0.786197569093,0.41766745858,2.25,1.88235294118,0.786197569093,2.25,0.166339869281,0.0612244897959,3,0.00441176470588,0.185952380952,17,17,17,1,0,0.352941176471,0.411764705882,0.235294117647,17,0.128676470588,1.90196078431,4.11764705882,3.18181818182,2.69230769231,1.57648156274,0.382859808093,0.201680672269,2.01465221053,0.978545359402,0.524369747899,1.74894926439,0.849489642704,0.463865546218,0.814492905316,0.428238537847,2.33333333333,1.90196078431,0.814492905316,2.33333333333,0,0,0,0,0.164242424242,17,17,17,1,0,0.352941176471,0.411764705882,0.235294117647,17,37,0.136029411765,1.88235294118,4.35294117647,3.36363636364,2.84615384615,1.69341284359,0.389027274878,0.193958664547,2.09866904602,0.964253345467,0.518282988871,1.87867287326,0.863174022847,0.470588235294,0.786197569093,0.41766745858,2.25,1.88235294118,0.786197569093,2.25,0.166339869281,0.0612244897959,3,0.00441176470588,0.185952380952,17,17,17,1,0,0.352941176471,0.411764705882,0.235294117647,0,0,0,0,0,0,0,0,0,0,0,0,0,0,0,0,0,0,0,0,0,0,0,0,0,0,0,0,0,37,0,0,235,1,1,0,0,1,1,1,1,1,1,2,2,0,0,0,0
3648,WLNM_dir_neg,1,0.5,00:00:00,10,90,6,1987284079,threshold_sweep,0.3,1,1,1,2,0,0,4,1,1,0,0,1,1,1,1,0.555555555556,1,1,1,37,35,2,0,37,0,35,0,2,17,37,0.136029411765,1.88235294118,4.35294117647,3.36363636364,2.84615384615,1.69341284359,0.389027274878,0.193958664547,2.09866904602,0.964253345467,0.518282988871,1.87867287326,0.863174022847,0.470588235294,0.786197569093,0.41766745858,2.25,1.88235294118,0.786197569093,2.25,0.166339869281,0.0612244897959,3,0.00441176470588,0.185952380952,17,17,17,1,0,0.352941176471,0.411764705882,0.235294117647,17,0.128676470588,1.90196078431,4.11764705882,3.18181818182,2.69230769231,1.57648156274,0.382859808093,0.201680672269,2.01465221053,0.978545359402,0.524369747899,1.74894926439,0.849489642704,0.463865546218,0.814492905316,0.428238537847,2.33333333333,1.90196078431,0.814492905316,2.33333333333,0,0,0,0,0.164242424242,17,17,17,1,0,0.352941176471,0.411764705882,0.235294117647,17,37,0.136029411765,1.88235294118,4.35294117647,3.36363636364,2.84615384615,1.69341284359,0.389027274878,0.193958664547,2.09866904602,0.964253345467,0.518282988871,1.87867287326,0.863174022847,0.470588235294,0.786197569093,0.41766745858,2.25,1.88235294118,0.786197569093,2.25,0.166339869281,0.0612244897959,3,0.00441176470588,0.185952380952,17,17,17,1,0,0.352941176471,0.411764705882,0.235294117647,0,0,0,0,0,0,0,0,0,0,0,0,0,0,0,0,0,0,0,0,0,0,0,0,0,0,0,0,0,37,0,0,235,1,1,0,0,1,1,1,1,1,1,2,2,0,0,0,0
3649,WLNM_dir_neg,1,0.5,00:00:00,10,90,6,1987284079,threshold_sweep,0.4,1,1,1,2,0,0,4,1,1,0,0,1,1,1,1,0.555555555556,1,1,1,37,35,2,0,37,0,35,0,2,17,37,0.136029411765,1.88235294118,4.35294117647,3.36363636364,2.84615384615,1.69341284359,0.389027274878,0.193958664547,2.09866904602,0.964253345467,0.518282988871,1.87867287326,0.863174022847,0.470588235294,0.786197569093,0.41766745858,2.25,1.88235294118,0.786197569093,2.25,0.166339869281,0.0612244897959,3,0.00441176470588,0.185952380952,17,17,17,1,0,0.352941176471,0.411764705882,0.235294117647,17,0.128676470588,1.90196078431,4.11764705882,3.18181818182,2.69230769231,1.57648156274,0.382859808093,0.201680672269,2.01465221053,0.978545359402,0.524369747899,1.74894926439,0.849489642704,0.463865546218,0.814492905316,0.428238537847,2.33333333333,1.90196078431,0.814492905316,2.33333333333,0,0,0,0,0.164242424242,17,17,17,1,0,0.352941176471,0.411764705882,0.235294117647,17,37,0.136029411765,1.88235294118,4.35294117647,3.36363636364,2.84615384615,1.69341284359,0.389027274878,0.193958664547,2.09866904602,0.964253345467,0.518282988871,1.87867287326,0.863174022847,0.470588235294,0.786197569093,0.41766745858,2.25,1.88235294118,0.786197569093,2.25,0.166339869281,0.0612244897959,3,0.00441176470588,0.185952380952,17,17,17,1,0,0.352941176471,0.411764705882,0.235294117647,0,0,0,0,0,0,0,0,0,0,0,0,0,0,0,0,0,0,0,0,0,0,0,0,0,0,0,0,0,37,0,0,235,1,1,0,0,1,1,1,1,1,1,2,2,0,0,0,0
3650,WLNM_dir_neg,1,0.5,00:00:00,10,90,6,1987284079,threshold_sweep,0.5,1,1,1,2,0,0,4,1,1,0,0,1,1,1,1,0.555555555556,1,1,1,37,35,2,0,37,0,35,0,2,17,37,0.136029411765,1.88235294118,4.35294117647,3.36363636364,2.84615384615,1.69341284359,0.389027274878,0.193958664547,2.09866904602,0.964253345467,0.518282988871,1.87867287326,0.863174022847,0.470588235294,0.786197569093,0.41766745858,2.25,1.88235294118,0.786197569093,2.25,0.166339869281,0.0612244897959,3,0.00441176470588,0.185952380952,17,17,17,1,0,0.352941176471,0.411764705882,0.235294117647,17,0.128676470588,1.90196078431,4.11764705882,3.18181818182,2.69230769231,1.57648156274,0.382859808093,0.201680672269,2.01465221053,0.978545359402,0.524369747899,1.74894926439,0.849489642704,0.463865546218,0.814492905316,0.428238537847,2.33333333333,1.90196078431,0.814492905316,2.33333333333,0,0,0,0,0.164242424242,17,17,17,1,0,0.352941176471,0.411764705882,0.235294117647,17,37,0.136029411765,1.88235294118,4.35294117647,3.36363636364,2.84615384615,1.69341284359,0.389027274878,0.193958664547,2.09866904602,0.964253345467,0.518282988871,1.87867287326,0.863174022847,0.470588235294,0.786197569093,0.41766745858,2.25,1.88235294118,0.786197569093,2.25,0.166339869281,0.0612244897959,3,0.00441176470588,0.185952380952,17,17,17,1,0,0.352941176471,0.411764705882,0.235294117647,0,0,0,0,0,0,0,0,0,0,0,0,0,0,0,0,0,0,0,0,0,0,0,0,0,0,0,0,0,37,0,0,235,1,1,0,0,1,1,1,1,1,1,2,2,0,0,0,0
3651,WLNM_dir_neg,1,0.5,00:00:00,10,90,6,1987284079,threshold_sweep,0.6,1,1,1,2,0,0,4,1,1,0,0,1,1,1,1,0.555555555556,1,1,1,37,35,2,0,37,0,35,0,2,17,37,0.136029411765,1.88235294118,4.35294117647,3.36363636364,2.84615384615,1.69341284359,0.389027274878,0.193958664547,2.09866904602,0.964253345467,0.518282988871,1.87867287326,0.863174022847,0.470588235294,0.786197569093,0.41766745858,2.25,1.88235294118,0.786197569093,2.25,0.166339869281,0.0612244897959,3,0.00441176470588,0.185952380952,17,17,17,1,0,0.352941176471,0.411764705882,0.235294117647,17,0.128676470588,1.90196078431,4.11764705882,3.18181818182,2.69230769231,1.57648156274,0.382859808093,0.201680672269,2.01465221053,0.978545359402,0.524369747899,1.74894926439,0.849489642704,0.463865546218,0.814492905316,0.428238537847,2.33333333333,1.90196078431,0.814492905316,2.33333333333,0,0,0,0,0.164242424242,17,17,17,1,0,0.352941176471,0.411764705882,0.235294117647,17,37,0.136029411765,1.88235294118,4.35294117647,3.36363636364,2.84615384615,1.69341284359,0.389027274878,0.193958664547,2.09866904602,0.964253345467,0.518282988871,1.87867287326,0.863174022847,0.470588235294,0.786197569093,0.41766745858,2.25,1.88235294118,0.786197569093,2.25,0.166339869281,0.0612244897959,3,0.00441176470588,0.185952380952,17,17,17,1,0,0.352941176471,0.411764705882,0.235294117647,0,0,0,0,0,0,0,0,0,0,0,0,0,0,0,0,0,0,0,0,0,0,0,0,0,0,0,0,0,37,0,0,235,1,1,0,0,1,1,1,1,1,1,2,2,0,0,0,0
3652,WLNM_dir_neg,1,0.5,00:00:00,10,90,6,1987284079,threshold_sweep,0.7,1,1,1,2,0,0,4,1,1,0,0,1,1,1,1,0.555555555556,1,1,1,37,35,2,0,37,0,35,0,2,17,37,0.136029411765,1.88235294118,4.35294117647,3.36363636364,2.84615384615,1.69341284359,0.389027274878,0.193958664547,2.09866904602,0.964253345467,0.518282988871,1.87867287326,0.863174022847,0.470588235294,0.786197569093,0.41766745858,2.25,1.88235294118,0.786197569093,2.25,0.166339869281,0.0612244897959,3,0.00441176470588,0.185952380952,17,17,17,1,0,0.352941176471,0.411764705882,0.235294117647,17,0.128676470588,1.90196078431,4.11764705882,3.18181818182,2.69230769231,1.57648156274,0.382859808093,0.201680672269,2.01465221053,0.978545359402,0.524369747899,1.74894926439,0.849489642704,0.463865546218,0.814492905316,0.428238537847,2.33333333333,1.90196078431,0.814492905316,2.33333333333,0,0,0,0,0.164242424242,17,17,17,1,0,0.352941176471,0.411764705882,0.235294117647,17,37,0.136029411765,1.88235294118,4.35294117647,3.36363636364,2.84615384615,1.69341284359,0.389027274878,0.193958664547,2.09866904602,0.964253345467,0.518282988871,1.87867287326,0.863174022847,0.470588235294,0.786197569093,0.41766745858,2.25,1.88235294118,0.786197569093,2.25,0.166339869281,0.0612244897959,3,0.00441176470588,0.185952380952,17,17,17,1,0,0.352941176471,0.411764705882,0.235294117647,0,0,0,0,0,0,0,0,0,0,0,0,0,0,0,0,0,0,0,0,0,0,0,0,0,0,0,0,0,37,0,0,235,1,1,0,0,1,1,1,1,1,1,2,2,0,0,0,0
3653,WLNM_dir_neg,1,0.5,00:00:00,10,90,6,1987284079,threshold_sweep,0.8,1,1,1,2,0,0,4,1,1,0,0,1,1,1,1,0.555555555556,1,1,1,37,35,2,0,37,0,35,0,2,17,37,0.136029411765,1.88235294118,4.35294117647,3.36363636364,2.84615384615,1.69341284359,0.389027274878,0.193958664547,2.09866904602,0.964253345467,0.518282988871,1.87867287326,0.863174022847,0.470588235294,0.786197569093,0.41766745858,2.25,1.88235294118,0.786197569093,2.25,0.166339869281,0.0612244897959,3,0.00441176470588,0.185952380952,17,17,17,1,0,0.352941176471,0.411764705882,0.235294117647,17,0.128676470588,1.90196078431,4.11764705882,3.18181818182,2.69230769231,1.57648156274,0.382859808093,0.201680672269,2.01465221053,0.978545359402,0.524369747899,1.74894926439,0.849489642704,0.463865546218,0.814492905316,0.428238537847,2.33333333333,1.90196078431,0.814492905316,2.33333333333,0,0,0,0,0.164242424242,17,17,17,1,0,0.352941176471,0.411764705882,0.235294117647,17,37,0.136029411765,1.88235294118,4.35294117647,3.36363636364,2.84615384615,1.69341284359,0.389027274878,0.193958664547,2.09866904602,0.964253345467,0.518282988871,1.87867287326,0.863174022847,0.470588235294,0.786197569093,0.41766745858,2.25,1.88235294118,0.786197569093,2.25,0.166339869281,0.0612244897959,3,0.00441176470588,0.185952380952,17,17,17,1,0,0.352941176471,0.411764705882,0.235294117647,0,0,0,0,0,0,0,0,0,0,0,0,0,0,0,0,0,0,0,0,0,0,0,0,0,0,0,0,0,37,0,0,235,1,1,0,0,1,1,1,1,1,1,2,2,0,0,0,0
3654,WLNM_dir_neg,1,0.5,00:00:00,10,90,6,1987284079,threshold_sweep,0.9,1,1,1,2,0,0,4,1,1,0,0,1,1,1,1,0.555555555556,1,1,1,37,35,2,0,37,0,35,0,2,17,37,0.136029411765,1.88235294118,4.35294117647,3.36363636364,2.84615384615,1.69341284359,0.389027274878,0.193958664547,2.09866904602,0.964253345467,0.518282988871,1.87867287326,0.863174022847,0.470588235294,0.786197569093,0.41766745858,2.25,1.88235294118,0.786197569093,2.25,0.166339869281,0.0612244897959,3,0.00441176470588,0.185952380952,17,17,17,1,0,0.352941176471,0.411764705882,0.235294117647,17,0.128676470588,1.90196078431,4.11764705882,3.18181818182,2.69230769231,1.57648156274,0.382859808093,0.201680672269,2.01465221053,0.978545359402,0.524369747899,1.74894926439,0.849489642704,0.463865546218,0.814492905316,0.428238537847,2.33333333333,1.90196078431,0.814492905316,2.33333333333,0,0,0,0,0.164242424242,17,17,17,1,0,0.352941176471,0.411764705882,0.235294117647,17,37,0.136029411765,1.88235294118,4.35294117647,3.36363636364,2.84615384615,1.69341284359,0.389027274878,0.193958664547,2.09866904602,0.964253345467,0.518282988871,1.87867287326,0.863174022847,0.470588235294,0.786197569093,0.41766745858,2.25,1.88235294118,0.786197569093,2.25,0.166339869281,0.0612244897959,3,0.00441176470588,0.185952380952,17,17,17,1,0,0.352941176471,0.411764705882,0.235294117647,0,0,0,0,0,0,0,0,0,0,0,0,0,0,0,0,0,0,0,0,0,0,0,0,0,0,0,0,0,37,0,0,235,1,1,0,0,1,1,1,1,1,1,2,2,0,0,0,0
3655,WLNM_dir_neg,1,0.5,00:00:00,10,90,7,1987284080,threshold_sweep,0.1,0.666666666667,1,0.8,2,1,0,3,1,0.75,0.25,0,0.666666666667,1,0.8,0.833333333333,0.5,0.666666666667,0.707106781187,0.75,37,35,2,0,37,0,35,0,2,17,37,0.136029411765,1.88235294118,4.35294117647,3.36363636364,2.84615384615,1.69341284359,0.389027274878,0.193958664547,2.09866904602,0.964253345467,0.518282988871,1.87867287326,0.863174022847,0.470588235294,0.786197569093,0.41766745858,2.25,1.88235294118,0.786197569093,2.25,0.166339869281,0.0612244897959,3,0.00441176470588,0.185952380952,17,17,17,1,0,0.352941176471,0.411764705882,0.235294117647,17,0.128676470588,1.90196078431,4.11764705882,3.18181818182,2.69230769231,1.57648156274,0.382859808093,0.201680672269,2.01465221053,0.978545359402,0.524369747899,1.74894926439,0.849489642704,0.463865546218,0.814492905316,0.428238537847,2.33333333333,1.90196078431,0.814492905316,2.33333333333,0,0,0,0,0.164242424242,17,17,17,1,0,0.352941176471,0.411764705882,0.235294117647,17,38,0.139705882353,1.90992647059,4.47058823529,3.45454545455,2.71428571429,1.62471716996,0.36342357749,0.179566563467,2.07754096725,0.929426222189,0.501547987616,1.82103719638,0.814674535221,0.442724458204,0.833698985343,0.43650841966,2.375,1.90992647059,0.833698985343,2.375,0.146405228758,0.078431372549,4,0.00588235294118,0.183528138528,17,17,17,1,0,0.352941176471,0.470588235294,0.176470588235,1,0.00367647058824,0.0275735294118,0.117647058824,0.0909090909091,-0.131868131868,-0.0686956736295,-0.0256036973876,-0.0143921010794,-0.0211280787694,-0.0348271232775,-0.0167350012551,-0.0576356768785,-0.0484994876259,-0.0278637770898,0.0475014162503,0.0188409610794,0.125,0.0275735294118,0.0475014162503,0.125,-0.0199346405229,0.0172068827531,1,0.00147058823529,-0.00242424242424,0,0.0588235294118,-0.0588235294118,37,1,0,234,1,0.995744680851,0.00425531914894,0,0.973684210526,1,0.986666666667,0.984652666406,0.995744680851,0.973684210526,3,2,0,0,0,0
3656,WLNM_dir_neg,1,0.5,00:00:00,10,90,7,1987284080,threshold_sweep,0.2,0.666666666667,1,0.8,2,1,0,3,1,0.75,0.25,0,0.666666666667,1,0.8,0.833333333333,0.5,0.666666666667,0.707106781187,0.75,37,35,2,0,37,0,35,0,2,17,37,0.136029411765,1.88235294118,4.35294117647,3.36363636364,2.84615384615,1.69341284359,0.389027274878,0.193958664547,2.09866904602,0.964253345467,0.518282988871,1.87867287326,0.863174022847,0.470588235294,0.786197569093,0.41766745858,2.25,1.88235294118,0.786197569093,2.25,0.166339869281,0.0612244897959,3,0.00441176470588,0.185952380952,17,17,17,1,0,0.352941176471,0.411764705882,0.235294117647,17,0.128676470588,1.90196078431,4.11764705882,3.18181818182,2.69230769231,1.57648156274,0.382859808093,0.201680672269,2.01465221053,0.978545359402,0.524369747899,1.74894926439,0.849489642704,0.463865546218,0.814492905316,0.428238537847,2.33333333333,1.90196078431,0.814492905316,2.33333333333,0,0,0,0,0.164242424242,17,17,17,1,0,0.352941176471,0.411764705882,0.235294117647,17,38,0.139705882353,1.90992647059,4.47058823529,3.45454545455,2.71428571429,1.62471716996,0.36342357749,0.179566563467,2.07754096725,0.929426222189,0.501547987616,1.82103719638,0.814674535221,0.442724458204,0.833698985343,0.43650841966,2.375,1.90992647059,0.833698985343,2.375,0.146405228758,0.078431372549,4,0.00588235294118,0.183528138528,17,17,17,1,0,0.352941176471,0.470588235294,0.176470588235,1,0.00367647058824,0.0275735294118,0.117647058824,0.0909090909091,-0.131868131868,-0.0686956736295,-0.0256036973876,-0.0143921010794,-0.0211280787694,-0.0348271232775,-0.0167350012551,-0.0576356768785,-0.0484994876259,-0.0278637770898,0.0475014162503,0.0188409610794,0.125,0.0275735294118,0.0475014162503,0.125,-0.0199346405229,0.0172068827531,1,0.00147058823529,-0.00242424242424,0,0.0588235294118,-0.0588235294118,37,1,0,234,1,0.995744680851,0.00425531914894,0,0.973684210526,1,0.986666666667,0.984652666406,0.995744680851,0.973684210526,3,2,0,0,0,0
3657,WLNM_dir_neg,1,0.5,00:00:00,10,90,7,1987284080,threshold_sweep,0.3,0.666666666667,1,0.8,2,1,0,3,1,0.75,0.25,0,0.666666666667,1,0.8,0.833333333333,0.5,0.666666666667,0.707106781187,0.75,37,35,2,0,37,0,35,0,2,17,37,0.136029411765,1.88235294118,4.35294117647,3.36363636364,2.84615384615,1.69341284359,0.389027274878,0.193958664547,2.09866904602,0.964253345467,0.518282988871,1.87867287326,0.863174022847,0.470588235294,0.786197569093,0.41766745858,2.25,1.88235294118,0.786197569093,2.25,0.166339869281,0.0612244897959,3,0.00441176470588,0.185952380952,17,17,17,1,0,0.352941176471,0.411764705882,0.235294117647,17,0.128676470588,1.90196078431,4.11764705882,3.18181818182,2.69230769231,1.57648156274,0.382859808093,0.201680672269,2.01465221053,0.978545359402,0.524369747899,1.74894926439,0.849489642704,0.463865546218,0.814492905316,0.428238537847,2.33333333333,1.90196078431,0.814492905316,2.33333333333,0,0,0,0,0.164242424242,17,17,17,1,0,0.352941176471,0.411764705882,0.235294117647,17,38,0.139705882353,1.90992647059,4.47058823529,3.45454545455,2.71428571429,1.62471716996,0.36342357749,0.179566563467,2.07754096725,0.929426222189,0.501547987616,1.82103719638,0.814674535221,0.442724458204,0.833698985343,0.43650841966,2.375,1.90992647059,0.833698985343,2.375,0.146405228758,0.078431372549,4,0.00588235294118,0.183528138528,17,17,17,1,0,0.352941176471,0.470588235294,0.176470588235,1,0.00367647058824,0.0275735294118,0.117647058824,0.0909090909091,-0.131868131868,-0.0686956736295,-0.0256036973876,-0.0143921010794,-0.0211280787694,-0.0348271232775,-0.0167350012551,-0.0576356768785,-0.0484994876259,-0.0278637770898,0.0475014162503,0.0188409610794,0.125,0.0275735294118,0.0475014162503,0.125,-0.0199346405229,0.0172068827531,1,0.00147058823529,-0.00242424242424,0,0.0588235294118,-0.0588235294118,37,1,0,234,1,0.995744680851,0.00425531914894,0,0.973684210526,1,0.986666666667,0.984652666406,0.995744680851,0.973684210526,3,2,0,0,0,0
3658,WLNM_dir_neg,1,0.5,00:00:00,10,90,7,1987284080,threshold_sweep,0.4,0.666666666667,1,0.8,2,1,0,3,1,0.75,0.25,0,0.666666666667,1,0.8,0.833333333333,0.5,0.666666666667,0.707106781187,0.75,37,35,2,0,37,0,35,0,2,17,37,0.136029411765,1.88235294118,4.35294117647,3.36363636364,2.84615384615,1.69341284359,0.389027274878,0.193958664547,2.09866904602,0.964253345467,0.518282988871,1.87867287326,0.863174022847,0.470588235294,0.786197569093,0.41766745858,2.25,1.88235294118,0.786197569093,2.25,0.166339869281,0.0612244897959,3,0.00441176470588,0.185952380952,17,17,17,1,0,0.352941176471,0.411764705882,0.235294117647,17,0.128676470588,1.90196078431,4.11764705882,3.18181818182,2.69230769231,1.57648156274,0.382859808093,0.201680672269,2.01465221053,0.978545359402,0.524369747899,1.74894926439,0.849489642704,0.463865546218,0.814492905316,0.428238537847,2.33333333333,1.90196078431,0.814492905316,2.33333333333,0,0,0,0,0.164242424242,17,17,17,1,0,0.352941176471,0.411764705882,0.235294117647,17,38,0.139705882353,1.90992647059,4.47058823529,3.45454545455,2.71428571429,1.62471716996,0.36342357749,0.179566563467,2.07754096725,0.929426222189,0.501547987616,1.82103719638,0.814674535221,0.442724458204,0.833698985343,0.43650841966,2.375,1.90992647059,0.833698985343,2.375,0.146405228758,0.078431372549,4,0.00588235294118,0.183528138528,17,17,17,1,0,0.352941176471,0.470588235294,0.176470588235,1,0.00367647058824,0.0275735294118,0.117647058824,0.0909090909091,-0.131868131868,-0.0686956736295,-0.0256036973876,-0.0143921010794,-0.0211280787694,-0.0348271232775,-0.0167350012551,-0.0576356768785,-0.0484994876259,-0.0278637770898,0.0475014162503,0.0188409610794,0.125,0.0275735294118,0.0475014162503,0.125,-0.0199346405229,0.0172068827531,1,0.00147058823529,-0.00242424242424,0,0.0588235294118,-0.0588235294118,37,1,0,234,1,0.995744680851,0.00425531914894,0,0.973684210526,1,0.986666666667,0.984652666406,0.995744680851,0.973684210526,3,2,0,0,0,0
3659,WLNM_dir_neg,1,0.5,00:00:00,10,90,7,1987284080,threshold_sweep,0.5,0.666666666667,1,0.8,2,1,0,3,1,0.75,0.25,0,0.666666666667,1,0.8,0.833333333333,0.5,0.666666666667,0.707106781187,0.75,37,35,2,0,37,0,35,0,2,17,37,0.136029411765,1.88235294118,4.35294117647,3.36363636364,2.84615384615,1.69341284359,0.389027274878,0.193958664547,2.09866904602,0.964253345467,0.518282988871,1.87867287326,0.863174022847,0.470588235294,0.786197569093,0.41766745858,2.25,1.88235294118,0.786197569093,2.25,0.166339869281,0.0612244897959,3,0.00441176470588,0.185952380952,17,17,17,1,0,0.352941176471,0.411764705882,0.235294117647,17,0.128676470588,1.90196078431,4.11764705882,3.18181818182,2.69230769231,1.57648156274,0.382859808093,0.201680672269,2.01465221053,0.978545359402,0.524369747899,1.74894926439,0.849489642704,0.463865546218,0.814492905316,0.428238537847,2.33333333333,1.90196078431,0.814492905316,2.33333333333,0,0,0,0,0.164242424242,17,17,17,1,0,0.352941176471,0.411764705882,0.235294117647,17,38,0.139705882353,1.90992647059,4.47058823529,3.45454545455,2.71428571429,1.62471716996,0.36342357749,0.179566563467,2.07754096725,0.929426222189,0.501547987616,1.82103719638,0.814674535221,0.442724458204,0.833698985343,0.43650841966,2.375,1.90992647059,0.833698985343,2.375,0.146405228758,0.078431372549,4,0.00588235294118,0.183528138528,17,17,17,1,0,0.352941176471,0.470588235294,0.176470588235,1,0.00367647058824,0.0275735294118,0.117647058824,0.0909090909091,-0.131868131868,-0.0686956736295,-0.0256036973876,-0.0143921010794,-0.0211280787694,-0.0348271232775,-0.0167350012551,-0.0576356768785,-0.0484994876259,-0.0278637770898,0.0475014162503,0.0188409610794,0.125,0.0275735294118,0.0475014162503,0.125,-0.0199346405229,0.0172068827531,1,0.00147058823529,-0.00242424242424,0,0.0588235294118,-0.0588235294118,37,1,0,234,1,0.995744680851,0.00425531914894,0,0.973684210526,1,0.986666666667,0.984652666406,0.995744680851,0.973684210526,3,2,0,0,0,0
3660,WLNM_dir_neg,1,0.5,00:00:00,10,90,7,1987284080,threshold_sweep,0.6,0.666666666667,1,0.8,2,1,0,3,1,0.75,0.25,0,0.666666666667,1,0.8,0.833333333333,0.5,0.666666666667,0.707106781187,0.75,37,35,2,0,37,0,35,0,2,17,37,0.136029411765,1.88235294118,4.35294117647,3.36363636364,2.84615384615,1.69341284359,0.389027274878,0.193958664547,2.09866904602,0.964253345467,0.518282988871,1.87867287326,0.863174022847,0.470588235294,0.786197569093,0.41766745858,2.25,1.88235294118,0.786197569093,2.25,0.166339869281,0.0612244897959,3,0.00441176470588,0.185952380952,17,17,17,1,0,0.352941176471,0.411764705882,0.235294117647,17,0.128676470588,1.90196078431,4.11764705882,3.18181818182,2.69230769231,1.57648156274,0.382859808093,0.201680672269,2.01465221053,0.978545359402,0.524369747899,1.74894926439,0.849489642704,0.463865546218,0.814492905316,0.428238537847,2.33333333333,1.90196078431,0.814492905316,2.33333333333,0,0,0,0,0.164242424242,17,17,17,1,0,0.352941176471,0.411764705882,0.235294117647,17,38,0.139705882353,1.90992647059,4.47058823529,3.45454545455,2.71428571429,1.62471716996,0.36342357749,0.179566563467,2.07754096725,0.929426222189,0.501547987616,1.82103719638,0.814674535221,0.442724458204,0.833698985343,0.43650841966,2.375,1.90992647059,0.833698985343,2.375,0.146405228758,0.078431372549,4,0.00588235294118,0.183528138528,17,17,17,1,0,0.352941176471,0.470588235294,0.176470588235,1,0.00367647058824,0.0275735294118,0.117647058824,0.0909090909091,-0.131868131868,-0.0686956736295,-0.0256036973876,-0.0143921010794,-0.0211280787694,-0.0348271232775,-0.0167350012551,-0.0576356768785,-0.0484994876259,-0.0278637770898,0.0475014162503,0.0188409610794,0.125,0.0275735294118,0.0475014162503,0.125,-0.0199346405229,0.0172068827531,1,0.00147058823529,-0.00242424242424,0,0.0588235294118,-0.0588235294118,37,1,0,234,1,0.995744680851,0.00425531914894,0,0.973684210526,1,0.986666666667,0.984652666406,0.995744680851,0.973684210526,3,2,0,0,0,0
3661,WLNM_dir_neg,1,0.5,00:00:00,10,90,7,1987284080,threshold_sweep,0.7,0.666666666667,1,0.8,2,1,0,3,1,0.75,0.25,0,0.666666666667,1,0.8,0.833333333333,0.5,0.666666666667,0.707106781187,0.75,37,35,2,0,37,0,35,0,2,17,37,0.136029411765,1.88235294118,4.35294117647,3.36363636364,2.84615384615,1.69341284359,0.389027274878,0.193958664547,2.09866904602,0.964253345467,0.518282988871,1.87867287326,0.863174022847,0.470588235294,0.786197569093,0.41766745858,2.25,1.88235294118,0.786197569093,2.25,0.166339869281,0.0612244897959,3,0.00441176470588,0.185952380952,17,17,17,1,0,0.352941176471,0.411764705882,0.235294117647,17,0.128676470588,1.90196078431,4.11764705882,3.18181818182,2.69230769231,1.57648156274,0.382859808093,0.201680672269,2.01465221053,0.978545359402,0.524369747899,1.74894926439,0.849489642704,0.463865546218,0.814492905316,0.428238537847,2.33333333333,1.90196078431,0.814492905316,2.33333333333,0,0,0,0,0.164242424242,17,17,17,1,0,0.352941176471,0.411764705882,0.235294117647,17,38,0.139705882353,1.90992647059,4.47058823529,3.45454545455,2.71428571429,1.62471716996,0.36342357749,0.179566563467,2.07754096725,0.929426222189,0.501547987616,1.82103719638,0.814674535221,0.442724458204,0.833698985343,0.43650841966,2.375,1.90992647059,0.833698985343,2.375,0.146405228758,0.078431372549,4,0.00588235294118,0.183528138528,17,17,17,1,0,0.352941176471,0.470588235294,0.176470588235,1,0.00367647058824,0.0275735294118,0.117647058824,0.0909090909091,-0.131868131868,-0.0686956736295,-0.0256036973876,-0.0143921010794,-0.0211280787694,-0.0348271232775,-0.0167350012551,-0.0576356768785,-0.0484994876259,-0.0278637770898,0.0475014162503,0.0188409610794,0.125,0.0275735294118,0.0475014162503,0.125,-0.0199346405229,0.0172068827531,1,0.00147058823529,-0.00242424242424,0,0.0588235294118,-0.0588235294118,37,1,0,234,1,0.995744680851,0.00425531914894,0,0.973684210526,1,0.986666666667,0.984652666406,0.995744680851,0.973684210526,3,2,0,0,0,0
3662,WLNM_dir_neg,1,0.5,00:00:00,10,90,7,1987284080,threshold_sweep,0.8,0.666666666667,1,0.8,2,1,0,3,1,0.75,0.25,0,0.666666666667,1,0.8,0.833333333333,0.5,0.666666666667,0.707106781187,0.75,37,35,2,0,37,0,35,0,2,17,37,0.136029411765,1.88235294118,4.35294117647,3.36363636364,2.84615384615,1.69341284359,0.389027274878,0.193958664547,2.09866904602,0.964253345467,0.518282988871,1.87867287326,0.863174022847,0.470588235294,0.786197569093,0.41766745858,2.25,1.88235294118,0.786197569093,2.25,0.166339869281,0.0612244897959,3,0.00441176470588,0.185952380952,17,17,17,1,0,0.352941176471,0.411764705882,0.235294117647,17,0.128676470588,1.90196078431,4.11764705882,3.18181818182,2.69230769231,1.57648156274,0.382859808093,0.201680672269,2.01465221053,0.978545359402,0.524369747899,1.74894926439,0.849489642704,0.463865546218,0.814492905316,0.428238537847,2.33333333333,1.90196078431,0.814492905316,2.33333333333,0,0,0,0,0.164242424242,17,17,17,1,0,0.352941176471,0.411764705882,0.235294117647,17,38,0.139705882353,1.90992647059,4.47058823529,3.45454545455,2.71428571429,1.62471716996,0.36342357749,0.179566563467,2.07754096725,0.929426222189,0.501547987616,1.82103719638,0.814674535221,0.442724458204,0.833698985343,0.43650841966,2.375,1.90992647059,0.833698985343,2.375,0.146405228758,0.078431372549,4,0.00588235294118,0.183528138528,17,17,17,1,0,0.352941176471,0.470588235294,0.176470588235,1,0.00367647058824,0.0275735294118,0.117647058824,0.0909090909091,-0.131868131868,-0.0686956736295,-0.0256036973876,-0.0143921010794,-0.0211280787694,-0.0348271232775,-0.0167350012551,-0.0576356768785,-0.0484994876259,-0.0278637770898,0.0475014162503,0.0188409610794,0.125,0.0275735294118,0.0475014162503,0.125,-0.0199346405229,0.0172068827531,1,0.00147058823529,-0.00242424242424,0,0.0588235294118,-0.0588235294118,37,1,0,234,1,0.995744680851,0.00425531914894,0,0.973684210526,1,0.986666666667,0.984652666406,0.995744680851,0.973684210526,3,2,0,0,0,0
3663,WLNM_dir_neg,1,0.5,00:00:00,10,90,7,1987284080,threshold_sweep,0.9,1,1,1,2,0,0,4,1,1,0,0,1,1,1,1,0.555555555556,1,1,1,37,35,2,0,37,0,35,0,2,17,37,0.136029411765,1.88235294118,4.35294117647,3.36363636364,2.84615384615,1.69341284359,0.389027274878,0.193958664547,2.09866904602,0.964253345467,0.518282988871,1.87867287326,0.863174022847,0.470588235294,0.786197569093,0.41766745858,2.25,1.88235294118,0.786197569093,2.25,0.166339869281,0.0612244897959,3,0.00441176470588,0.185952380952,17,17,17,1,0,0.352941176471,0.411764705882,0.235294117647,17,0.128676470588,1.90196078431,4.11764705882,3.18181818182,2.69230769231,1.57648156274,0.382859808093,0.201680672269,2.01465221053,0.978545359402,0.524369747899,1.74894926439,0.849489642704,0.463865546218,0.814492905316,0.428238537847,2.33333333333,1.90196078431,0.814492905316,2.33333333333,0,0,0,0,0.164242424242,17,17,17,1,0,0.352941176471,0.411764705882,0.235294117647,17,37,0.136029411765,1.88235294118,4.35294117647,3.36363636364,2.84615384615,1.69341284359,0.389027274878,0.193958664547,2.09866904602,0.964253345467,0.518282988871,1.87867287326,0.863174022847,0.470588235294,0.786197569093,0.41766745858,2.25,1.88235294118,0.786197569093,2.25,0.166339869281,0.0612244897959,3,0.00441176470588,0.185952380952,17,17,17,1,0,0.352941176471,0.411764705882,0.235294117647,0,0,0,0,0,0,0,0,0,0,0,0,0,0,0,0,0,0,0,0,0,0,0,0,0,0,0,0,0,37,0,0,235,1,1,0,0,1,1,1,1,1,1,2,2,0,0,0,0
3664,WLNM_dir_neg,1,0.5,00:00:00,10,90,8,1987284081,threshold_sweep,0.1,1,1,1,2,0,0,4,1,1,0,0,1,1,1,1,0.555555555556,1,1,1,37,35,2,0,37,0,35,0,2,17,37,0.136029411765,1.88235294118,4.35294117647,3.36363636364,2.84615384615,1.69341284359,0.389027274878,0.193958664547,2.09866904602,0.964253345467,0.518282988871,1.87867287326,0.863174022847,0.470588235294,0.786197569093,0.41766745858,2.25,1.88235294118,0.786197569093,2.25,0.166339869281,0.0612244897959,3,0.00441176470588,0.185952380952,17,17,17,1,0,0.352941176471,0.411764705882,0.235294117647,17,0.128676470588,1.90196078431,4.11764705882,3.18181818182,2.69230769231,1.57648156274,0.382859808093,0.201680672269,2.01465221053,0.978545359402,0.524369747899,1.74894926439,0.849489642704,0.463865546218,0.814492905316,0.428238537847,2.33333333333,1.90196078431,0.814492905316,2.33333333333,0,0,0,0,0.164242424242,17,17,17,1,0,0.352941176471,0.411764705882,0.235294117647,17,37,0.136029411765,1.88235294118,4.35294117647,3.36363636364,2.84615384615,1.69341284359,0.389027274878,0.193958664547,2.09866904602,0.964253345467,0.518282988871,1.87867287326,0.863174022847,0.470588235294,0.786197569093,0.41766745858,2.25,1.88235294118,0.786197569093,2.25,0.166339869281,0.0612244897959,3,0.00441176470588,0.185952380952,17,17,17,1,0,0.352941176471,0.411764705882,0.235294117647,0,0,0,0,0,0,0,0,0,0,0,0,0,0,0,0,0,0,0,0,0,0,0,0,0,0,0,0,0,37,0,0,235,1,1,0,0,1,1,1,1,1,1,2,2,0,0,0,0
3665,WLNM_dir_neg,1,0.5,00:00:00,10,90,8,1987284081,threshold_sweep,0.2,1,1,1,2,0,0,4,1,1,0,0,1,1,1,1,0.555555555556,1,1,1,37,35,2,0,37,0,35,0,2,17,37,0.136029411765,1.88235294118,4.35294117647,3.36363636364,2.84615384615,1.69341284359,0.389027274878,0.193958664547,2.09866904602,0.964253345467,0.518282988871,1.87867287326,0.863174022847,0.470588235294,0.786197569093,0.41766745858,2.25,1.88235294118,0.786197569093,2.25,0.166339869281,0.0612244897959,3,0.00441176470588,0.185952380952,17,17,17,1,0,0.352941176471,0.411764705882,0.235294117647,17,0.128676470588,1.90196078431,4.11764705882,3.18181818182,2.69230769231,1.57648156274,0.382859808093,0.201680672269,2.01465221053,0.978545359402,0.524369747899,1.74894926439,0.849489642704,0.463865546218,0.814492905316,0.428238537847,2.33333333333,1.90196078431,0.814492905316,2.33333333333,0,0,0,0,0.164242424242,17,17,17,1,0,0.352941176471,0.411764705882,0.235294117647,17,37,0.136029411765,1.88235294118,4.35294117647,3.36363636364,2.84615384615,1.69341284359,0.389027274878,0.193958664547,2.09866904602,0.964253345467,0.518282988871,1.87867287326,0.863174022847,0.470588235294,0.786197569093,0.41766745858,2.25,1.88235294118,0.786197569093,2.25,0.166339869281,0.0612244897959,3,0.00441176470588,0.185952380952,17,17,17,1,0,0.352941176471,0.411764705882,0.235294117647,0,0,0,0,0,0,0,0,0,0,0,0,0,0,0,0,0,0,0,0,0,0,0,0,0,0,0,0,0,37,0,0,235,1,1,0,0,1,1,1,1,1,1,2,2,0,0,0,0
3666,WLNM_dir_neg,1,0.5,00:00:00,10,90,8,1987284081,threshold_sweep,0.3,1,1,1,2,0,0,4,1,1,0,0,1,1,1,1,0.555555555556,1,1,1,37,35,2,0,37,0,35,0,2,17,37,0.136029411765,1.88235294118,4.35294117647,3.36363636364,2.84615384615,1.69341284359,0.389027274878,0.193958664547,2.09866904602,0.964253345467,0.518282988871,1.87867287326,0.863174022847,0.470588235294,0.786197569093,0.41766745858,2.25,1.88235294118,0.786197569093,2.25,0.166339869281,0.0612244897959,3,0.00441176470588,0.185952380952,17,17,17,1,0,0.352941176471,0.411764705882,0.235294117647,17,0.128676470588,1.90196078431,4.11764705882,3.18181818182,2.69230769231,1.57648156274,0.382859808093,0.201680672269,2.01465221053,0.978545359402,0.524369747899,1.74894926439,0.849489642704,0.463865546218,0.814492905316,0.428238537847,2.33333333333,1.90196078431,0.814492905316,2.33333333333,0,0,0,0,0.164242424242,17,17,17,1,0,0.352941176471,0.411764705882,0.235294117647,17,37,0.136029411765,1.88235294118,4.35294117647,3.36363636364,2.84615384615,1.69341284359,0.389027274878,0.193958664547,2.09866904602,0.964253345467,0.518282988871,1.87867287326,0.863174022847,0.470588235294,0.786197569093,0.41766745858,2.25,1.88235294118,0.786197569093,2.25,0.166339869281,0.0612244897959,3,0.00441176470588,0.185952380952,17,17,17,1,0,0.352941176471,0.411764705882,0.235294117647,0,0,0,0,0,0,0,0,0,0,0,0,0,0,0,0,0,0,0,0,0,0,0,0,0,0,0,0,0,37,0,0,235,1,1,0,0,1,1,1,1,1,1,2,2,0,0,0,0
3667,WLNM_dir_neg,1,0.5,00:00:00,10,90,8,1987284081,threshold_sweep,0.4,1,1,1,2,0,0,4,1,1,0,0,1,1,1,1,0.555555555556,1,1,1,37,35,2,0,37,0,35,0,2,17,37,0.136029411765,1.88235294118,4.35294117647,3.36363636364,2.84615384615,1.69341284359,0.389027274878,0.193958664547,2.09866904602,0.964253345467,0.518282988871,1.87867287326,0.863174022847,0.470588235294,0.786197569093,0.41766745858,2.25,1.88235294118,0.786197569093,2.25,0.166339869281,0.0612244897959,3,0.00441176470588,0.185952380952,17,17,17,1,0,0.352941176471,0.411764705882,0.235294117647,17,0.128676470588,1.90196078431,4.11764705882,3.18181818182,2.69230769231,1.57648156274,0.382859808093,0.201680672269,2.01465221053,0.978545359402,0.524369747899,1.74894926439,0.849489642704,0.463865546218,0.814492905316,0.428238537847,2.33333333333,1.90196078431,0.814492905316,2.33333333333,0,0,0,0,0.164242424242,17,17,17,1,0,0.352941176471,0.411764705882,0.235294117647,17,37,0.136029411765,1.88235294118,4.35294117647,3.36363636364,2.84615384615,1.69341284359,0.389027274878,0.193958664547,2.09866904602,0.964253345467,0.518282988871,1.87867287326,0.863174022847,0.470588235294,0.786197569093,0.41766745858,2.25,1.88235294118,0.786197569093,2.25,0.166339869281,0.0612244897959,3,0.00441176470588,0.185952380952,17,17,17,1,0,0.352941176471,0.411764705882,0.235294117647,0,0,0,0,0,0,0,0,0,0,0,0,0,0,0,0,0,0,0,0,0,0,0,0,0,0,0,0,0,37,0,0,235,1,1,0,0,1,1,1,1,1,1,2,2,0,0,0,0
3668,WLNM_dir_neg,1,0.5,00:00:00,10,90,8,1987284081,threshold_sweep,0.5,1,1,1,2,0,0,4,1,1,0,0,1,1,1,1,0.555555555556,1,1,1,37,35,2,0,37,0,35,0,2,17,37,0.136029411765,1.88235294118,4.35294117647,3.36363636364,2.84615384615,1.69341284359,0.389027274878,0.193958664547,2.09866904602,0.964253345467,0.518282988871,1.87867287326,0.863174022847,0.470588235294,0.786197569093,0.41766745858,2.25,1.88235294118,0.786197569093,2.25,0.166339869281,0.0612244897959,3,0.00441176470588,0.185952380952,17,17,17,1,0,0.352941176471,0.411764705882,0.235294117647,17,0.128676470588,1.90196078431,4.11764705882,3.18181818182,2.69230769231,1.57648156274,0.382859808093,0.201680672269,2.01465221053,0.978545359402,0.524369747899,1.74894926439,0.849489642704,0.463865546218,0.814492905316,0.428238537847,2.33333333333,1.90196078431,0.814492905316,2.33333333333,0,0,0,0,0.164242424242,17,17,17,1,0,0.352941176471,0.411764705882,0.235294117647,17,37,0.136029411765,1.88235294118,4.35294117647,3.36363636364,2.84615384615,1.69341284359,0.389027274878,0.193958664547,2.09866904602,0.964253345467,0.518282988871,1.87867287326,0.863174022847,0.470588235294,0.786197569093,0.41766745858,2.25,1.88235294118,0.786197569093,2.25,0.166339869281,0.0612244897959,3,0.00441176470588,0.185952380952,17,17,17,1,0,0.352941176471,0.411764705882,0.235294117647,0,0,0,0,0,0,0,0,0,0,0,0,0,0,0,0,0,0,0,0,0,0,0,0,0,0,0,0,0,37,0,0,235,1,1,0,0,1,1,1,1,1,1,2,2,0,0,0,0
3669,WLNM_dir_neg,1,0.5,00:00:00,10,90,8,1987284081,threshold_sweep,0.6,1,1,1,2,0,0,4,1,1,0,0,1,1,1,1,0.555555555556,1,1,1,37,35,2,0,37,0,35,0,2,17,37,0.136029411765,1.88235294118,4.35294117647,3.36363636364,2.84615384615,1.69341284359,0.389027274878,0.193958664547,2.09866904602,0.964253345467,0.518282988871,1.87867287326,0.863174022847,0.470588235294,0.786197569093,0.41766745858,2.25,1.88235294118,0.786197569093,2.25,0.166339869281,0.0612244897959,3,0.00441176470588,0.185952380952,17,17,17,1,0,0.352941176471,0.411764705882,0.235294117647,17,0.128676470588,1.90196078431,4.11764705882,3.18181818182,2.69230769231,1.57648156274,0.382859808093,0.201680672269,2.01465221053,0.978545359402,0.524369747899,1.74894926439,0.849489642704,0.463865546218,0.814492905316,0.428238537847,2.33333333333,1.90196078431,0.814492905316,2.33333333333,0,0,0,0,0.164242424242,17,17,17,1,0,0.352941176471,0.411764705882,0.235294117647,17,37,0.136029411765,1.88235294118,4.35294117647,3.36363636364,2.84615384615,1.69341284359,0.389027274878,0.193958664547,2.09866904602,0.964253345467,0.518282988871,1.87867287326,0.863174022847,0.470588235294,0.786197569093,0.41766745858,2.25,1.88235294118,0.786197569093,2.25,0.166339869281,0.0612244897959,3,0.00441176470588,0.185952380952,17,17,17,1,0,0.352941176471,0.411764705882,0.235294117647,0,0,0,0,0,0,0,0,0,0,0,0,0,0,0,0,0,0,0,0,0,0,0,0,0,0,0,0,0,37,0,0,235,1,1,0,0,1,1,1,1,1,1,2,2,0,0,0,0
3670,WLNM_dir_neg,1,0.5,00:00:00,10,90,8,1987284081,threshold_sweep,0.7,1,1,1,2,0,0,4,1,1,0,0,1,1,1,1,0.555555555556,1,1,1,37,35,2,0,37,0,35,0,2,17,37,0.136029411765,1.88235294118,4.35294117647,3.36363636364,2.84615384615,1.69341284359,0.389027274878,0.193958664547,2.09866904602,0.964253345467,0.518282988871,1.87867287326,0.863174022847,0.470588235294,0.786197569093,0.41766745858,2.25,1.88235294118,0.786197569093,2.25,0.166339869281,0.0612244897959,3,0.00441176470588,0.185952380952,17,17,17,1,0,0.352941176471,0.411764705882,0.235294117647,17,0.128676470588,1.90196078431,4.11764705882,3.18181818182,2.69230769231,1.57648156274,0.382859808093,0.201680672269,2.01465221053,0.978545359402,0.524369747899,1.74894926439,0.849489642704,0.463865546218,0.814492905316,0.428238537847,2.33333333333,1.90196078431,0.814492905316,2.33333333333,0,0,0,0,0.164242424242,17,17,17,1,0,0.352941176471,0.411764705882,0.235294117647,17,37,0.136029411765,1.88235294118,4.35294117647,3.36363636364,2.84615384615,1.69341284359,0.389027274878,0.193958664547,2.09866904602,0.964253345467,0.518282988871,1.87867287326,0.863174022847,0.470588235294,0.786197569093,0.41766745858,2.25,1.88235294118,0.786197569093,2.25,0.166339869281,0.0612244897959,3,0.00441176470588,0.185952380952,17,17,17,1,0,0.352941176471,0.411764705882,0.235294117647,0,0,0,0,0,0,0,0,0,0,0,0,0,0,0,0,0,0,0,0,0,0,0,0,0,0,0,0,0,37,0,0,235,1,1,0,0,1,1,1,1,1,1,2,2,0,0,0,0
3671,WLNM_dir_neg,1,0.5,00:00:00,10,90,8,1987284081,threshold_sweep,0.8,1,1,1,2,0,0,4,1,1,0,0,1,1,1,1,0.555555555556,1,1,1,37,35,2,0,37,0,35,0,2,17,37,0.136029411765,1.88235294118,4.35294117647,3.36363636364,2.84615384615,1.69341284359,0.389027274878,0.193958664547,2.09866904602,0.964253345467,0.518282988871,1.87867287326,0.863174022847,0.470588235294,0.786197569093,0.41766745858,2.25,1.88235294118,0.786197569093,2.25,0.166339869281,0.0612244897959,3,0.00441176470588,0.185952380952,17,17,17,1,0,0.352941176471,0.411764705882,0.235294117647,17,0.128676470588,1.90196078431,4.11764705882,3.18181818182,2.69230769231,1.57648156274,0.382859808093,0.201680672269,2.01465221053,0.978545359402,0.524369747899,1.74894926439,0.849489642704,0.463865546218,0.814492905316,0.428238537847,2.33333333333,1.90196078431,0.814492905316,2.33333333333,0,0,0,0,0.164242424242,17,17,17,1,0,0.352941176471,0.411764705882,0.235294117647,17,37,0.136029411765,1.88235294118,4.35294117647,3.36363636364,2.84615384615,1.69341284359,0.389027274878,0.193958664547,2.09866904602,0.964253345467,0.518282988871,1.87867287326,0.863174022847,0.470588235294,0.786197569093,0.41766745858,2.25,1.88235294118,0.786197569093,2.25,0.166339869281,0.0612244897959,3,0.00441176470588,0.185952380952,17,17,17,1,0,0.352941176471,0.411764705882,0.235294117647,0,0,0,0,0,0,0,0,0,0,0,0,0,0,0,0,0,0,0,0,0,0,0,0,0,0,0,0,0,37,0,0,235,1,1,0,0,1,1,1,1,1,1,2,2,0,0,0,0
3672,WLNM_dir_neg,1,0.5,00:00:00,10,90,8,1987284081,threshold_sweep,0.9,1,1,1,2,0,0,4,1,1,0,0,1,1,1,1,0.555555555556,1,1,1,37,35,2,0,37,0,35,0,2,17,37,0.136029411765,1.88235294118,4.35294117647,3.36363636364,2.84615384615,1.69341284359,0.389027274878,0.193958664547,2.09866904602,0.964253345467,0.518282988871,1.87867287326,0.863174022847,0.470588235294,0.786197569093,0.41766745858,2.25,1.88235294118,0.786197569093,2.25,0.166339869281,0.0612244897959,3,0.00441176470588,0.185952380952,17,17,17,1,0,0.352941176471,0.411764705882,0.235294117647,17,0.128676470588,1.90196078431,4.11764705882,3.18181818182,2.69230769231,1.57648156274,0.382859808093,0.201680672269,2.01465221053,0.978545359402,0.524369747899,1.74894926439,0.849489642704,0.463865546218,0.814492905316,0.428238537847,2.33333333333,1.90196078431,0.814492905316,2.33333333333,0,0,0,0,0.164242424242,17,17,17,1,0,0.352941176471,0.411764705882,0.235294117647,17,37,0.136029411765,1.88235294118,4.35294117647,3.36363636364,2.84615384615,1.69341284359,0.389027274878,0.193958664547,2.09866904602,0.964253345467,0.518282988871,1.87867287326,0.863174022847,0.470588235294,0.786197569093,0.41766745858,2.25,1.88235294118,0.786197569093,2.25,0.166339869281,0.0612244897959,3,0.00441176470588,0.185952380952,17,17,17,1,0,0.352941176471,0.411764705882,0.235294117647,0,0,0,0,0,0,0,0,0,0,0,0,0,0,0,0,0,0,0,0,0,0,0,0,0,0,0,0,0,37,0,0,235,1,1,0,0,1,1,1,1,1,1,2,2,0,0,0,0
3673,WLNM_dir_neg,0.875,0.291666666667,00:00:01,10,90,9,1987284082,threshold_sweep,0.1,0.666666666667,1,0.8,2,1,0,3,1,0.75,0.25,0,0.666666666667,1,0.8,0.833333333333,0.5,0.666666666667,0.707106781187,0.75,37,35,2,0,37,0,35,0,2,17,37,0.136029411765,1.88235294118,4.35294117647,3.36363636364,2.84615384615,1.69341284359,0.389027274878,0.193958664547,2.09866904602,0.964253345467,0.518282988871,1.87867287326,0.863174022847,0.470588235294,0.786197569093,0.41766745858,2.25,1.88235294118,0.786197569093,2.25,0.166339869281,0.0612244897959,3,0.00441176470588,0.185952380952,17,17,17,1,0,0.352941176471,0.411764705882,0.235294117647,17,0.128676470588,1.90196078431,4.11764705882,3.18181818182,2.69230769231,1.57648156274,0.382859808093,0.201680672269,2.01465221053,0.978545359402,0.524369747899,1.74894926439,0.849489642704,0.463865546218,0.814492905316,0.428238537847,2.33333333333,1.90196078431,0.814492905316,2.33333333333,0,0,0,0,0.164242424242,17,17,17,1,0,0.352941176471,0.411764705882,0.235294117647,17,38,0.139705882353,1.87941176471,4.47058823529,3.45454545455,2.71428571429,1.73629084037,0.388380845872,0.198142414861,2.16591238756,0.968960804961,0.517027863777,1.82103719638,0.814674535221,0.442724458204,0.780836655359,0.415468642914,2.2,1.87941176471,0.780836655359,2.2,0.162418300654,0.0576923076923,3,0.00441176470588,0.182878787879,17,17,17,1,0,0.352941176471,0.470588235294,0.176470588235,1,0.00367647058824,-0.00294117647059,0.117647058824,0.0909090909091,-0.131868131868,0.0428779967836,-0.000646429005719,0.00418375031378,0.0672433415445,0.00470745949447,-0.00125512509413,-0.0576356768785,-0.0484994876259,-0.0278637770898,-0.00536091373311,-0.00219881566616,-0.05,-0.00294117647059,-0.00536091373311,-0.05,-0.00392156862745,-0.00353218210361,0,0,-0.00307359307359,0,0.0588235294118,-0.0588235294118,37,1,0,234,1,0.995744680851,0.00425531914894,0,0.973684210526,1,0.986666666667,0.984652666406,0.995744680851,0.973684210526,3,2,0,0,0,0
3674,WLNM_dir_neg,0.875,0.291666666667,00:00:01,10,90,9,1987284082,threshold_sweep,0.2,0.666666666667,1,0.8,2,1,0,3,1,0.75,0.25,0,0.666666666667,1,0.8,0.833333333333,0.5,0.666666666667,0.707106781187,0.75,37,35,2,0,37,0,35,0,2,17,37,0.136029411765,1.88235294118,4.35294117647,3.36363636364,2.84615384615,1.69341284359,0.389027274878,0.193958664547,2.09866904602,0.964253345467,0.518282988871,1.87867287326,0.863174022847,0.470588235294,0.786197569093,0.41766745858,2.25,1.88235294118,0.786197569093,2.25,0.166339869281,0.0612244897959,3,0.00441176470588,0.185952380952,17,17,17,1,0,0.352941176471,0.411764705882,0.235294117647,17,0.128676470588,1.90196078431,4.11764705882,3.18181818182,2.69230769231,1.57648156274,0.382859808093,0.201680672269,2.01465221053,0.978545359402,0.524369747899,1.74894926439,0.849489642704,0.463865546218,0.814492905316,0.428238537847,2.33333333333,1.90196078431,0.814492905316,2.33333333333,0,0,0,0,0.164242424242,17,17,17,1,0,0.352941176471,0.411764705882,0.235294117647,17,38,0.139705882353,1.87941176471,4.47058823529,3.45454545455,2.71428571429,1.73629084037,0.388380845872,0.198142414861,2.16591238756,0.968960804961,0.517027863777,1.82103719638,0.814674535221,0.442724458204,0.780836655359,0.415468642914,2.2,1.87941176471,0.780836655359,2.2,0.162418300654,0.0576923076923,3,0.00441176470588,0.182878787879,17,17,17,1,0,0.352941176471,0.470588235294,0.176470588235,1,0.00367647058824,-0.00294117647059,0.117647058824,0.0909090909091,-0.131868131868,0.0428779967836,-0.000646429005719,0.00418375031378,0.0672433415445,0.00470745949447,-0.00125512509413,-0.0576356768785,-0.0484994876259,-0.0278637770898,-0.00536091373311,-0.00219881566616,-0.05,-0.00294117647059,-0.00536091373311,-0.05,-0.00392156862745,-0.00353218210361,0,0,-0.00307359307359,0,0.0588235294118,-0.0588235294118,37,1,0,234,1,0.995744680851,0.00425531914894,0,0.973684210526,1,0.986666666667,0.984652666406,0.995744680851,0.973684210526,3,2,0,0,0,0
3675,WLNM_dir_neg,0.875,0.291666666667,00:00:01,10,90,9,1987284082,threshold_sweep,0.3,0.666666666667,1,0.8,2,1,0,3,1,0.75,0.25,0,0.666666666667,1,0.8,0.833333333333,0.5,0.666666666667,0.707106781187,0.75,37,35,2,0,37,0,35,0,2,17,37,0.136029411765,1.88235294118,4.35294117647,3.36363636364,2.84615384615,1.69341284359,0.389027274878,0.193958664547,2.09866904602,0.964253345467,0.518282988871,1.87867287326,0.863174022847,0.470588235294,0.786197569093,0.41766745858,2.25,1.88235294118,0.786197569093,2.25,0.166339869281,0.0612244897959,3,0.00441176470588,0.185952380952,17,17,17,1,0,0.352941176471,0.411764705882,0.235294117647,17,0.128676470588,1.90196078431,4.11764705882,3.18181818182,2.69230769231,1.57648156274,0.382859808093,0.201680672269,2.01465221053,0.978545359402,0.524369747899,1.74894926439,0.849489642704,0.463865546218,0.814492905316,0.428238537847,2.33333333333,1.90196078431,0.814492905316,2.33333333333,0,0,0,0,0.164242424242,17,17,17,1,0,0.352941176471,0.411764705882,0.235294117647,17,38,0.139705882353,1.87941176471,4.47058823529,3.45454545455,2.71428571429,1.73629084037,0.388380845872,0.198142414861,2.16591238756,0.968960804961,0.517027863777,1.82103719638,0.814674535221,0.442724458204,0.780836655359,0.415468642914,2.2,1.87941176471,0.780836655359,2.2,0.162418300654,0.0576923076923,3,0.00441176470588,0.182878787879,17,17,17,1,0,0.352941176471,0.470588235294,0.176470588235,1,0.00367647058824,-0.00294117647059,0.117647058824,0.0909090909091,-0.131868131868,0.0428779967836,-0.000646429005719,0.00418375031378,0.0672433415445,0.00470745949447,-0.00125512509413,-0.0576356768785,-0.0484994876259,-0.0278637770898,-0.00536091373311,-0.00219881566616,-0.05,-0.00294117647059,-0.00536091373311,-0.05,-0.00392156862745,-0.00353218210361,0,0,-0.00307359307359,0,0.0588235294118,-0.0588235294118,37,1,0,234,1,0.995744680851,0.00425531914894,0,0.973684210526,1,0.986666666667,0.984652666406,0.995744680851,0.973684210526,3,2,0,0,0,0
3676,WLNM_dir_neg,0.875,0.291666666667,00:00:01,10,90,9,1987284082,threshold_sweep,0.4,0.666666666667,1,0.8,2,1,0,3,1,0.75,0.25,0,0.666666666667,1,0.8,0.833333333333,0.5,0.666666666667,0.707106781187,0.75,37,35,2,0,37,0,35,0,2,17,37,0.136029411765,1.88235294118,4.35294117647,3.36363636364,2.84615384615,1.69341284359,0.389027274878,0.193958664547,2.09866904602,0.964253345467,0.518282988871,1.87867287326,0.863174022847,0.470588235294,0.786197569093,0.41766745858,2.25,1.88235294118,0.786197569093,2.25,0.166339869281,0.0612244897959,3,0.00441176470588,0.185952380952,17,17,17,1,0,0.352941176471,0.411764705882,0.235294117647,17,0.128676470588,1.90196078431,4.11764705882,3.18181818182,2.69230769231,1.57648156274,0.382859808093,0.201680672269,2.01465221053,0.978545359402,0.524369747899,1.74894926439,0.849489642704,0.463865546218,0.814492905316,0.428238537847,2.33333333333,1.90196078431,0.814492905316,2.33333333333,0,0,0,0,0.164242424242,17,17,17,1,0,0.352941176471,0.411764705882,0.235294117647,17,38,0.139705882353,1.87941176471,4.47058823529,3.45454545455,2.71428571429,1.73629084037,0.388380845872,0.198142414861,2.16591238756,0.968960804961,0.517027863777,1.82103719638,0.814674535221,0.442724458204,0.780836655359,0.415468642914,2.2,1.87941176471,0.780836655359,2.2,0.162418300654,0.0576923076923,3,0.00441176470588,0.182878787879,17,17,17,1,0,0.352941176471,0.470588235294,0.176470588235,1,0.00367647058824,-0.00294117647059,0.117647058824,0.0909090909091,-0.131868131868,0.0428779967836,-0.000646429005719,0.00418375031378,0.0672433415445,0.00470745949447,-0.00125512509413,-0.0576356768785,-0.0484994876259,-0.0278637770898,-0.00536091373311,-0.00219881566616,-0.05,-0.00294117647059,-0.00536091373311,-0.05,-0.00392156862745,-0.00353218210361,0,0,-0.00307359307359,0,0.0588235294118,-0.0588235294118,37,1,0,234,1,0.995744680851,0.00425531914894,0,0.973684210526,1,0.986666666667,0.984652666406,0.995744680851,0.973684210526,3,2,0,0,0,0
3677,WLNM_dir_neg,0.875,0.291666666667,00:00:01,10,90,9,1987284082,threshold_sweep,0.5,0.666666666667,1,0.8,2,1,0,3,1,0.75,0.25,0,0.666666666667,1,0.8,0.833333333333,0.5,0.666666666667,0.707106781187,0.75,37,35,2,0,37,0,35,0,2,17,37,0.136029411765,1.88235294118,4.35294117647,3.36363636364,2.84615384615,1.69341284359,0.389027274878,0.193958664547,2.09866904602,0.964253345467,0.518282988871,1.87867287326,0.863174022847,0.470588235294,0.786197569093,0.41766745858,2.25,1.88235294118,0.786197569093,2.25,0.166339869281,0.0612244897959,3,0.00441176470588,0.185952380952,17,17,17,1,0,0.352941176471,0.411764705882,0.235294117647,17,0.128676470588,1.90196078431,4.11764705882,3.18181818182,2.69230769231,1.57648156274,0.382859808093,0.201680672269,2.01465221053,0.978545359402,0.524369747899,1.74894926439,0.849489642704,0.463865546218,0.814492905316,0.428238537847,2.33333333333,1.90196078431,0.814492905316,2.33333333333,0,0,0,0,0.164242424242,17,17,17,1,0,0.352941176471,0.411764705882,0.235294117647,17,38,0.139705882353,1.87941176471,4.47058823529,3.45454545455,2.71428571429,1.73629084037,0.388380845872,0.198142414861,2.16591238756,0.968960804961,0.517027863777,1.82103719638,0.814674535221,0.442724458204,0.780836655359,0.415468642914,2.2,1.87941176471,0.780836655359,2.2,0.162418300654,0.0576923076923,3,0.00441176470588,0.182878787879,17,17,17,1,0,0.352941176471,0.470588235294,0.176470588235,1,0.00367647058824,-0.00294117647059,0.117647058824,0.0909090909091,-0.131868131868,0.0428779967836,-0.000646429005719,0.00418375031378,0.0672433415445,0.00470745949447,-0.00125512509413,-0.0576356768785,-0.0484994876259,-0.0278637770898,-0.00536091373311,-0.00219881566616,-0.05,-0.00294117647059,-0.00536091373311,-0.05,-0.00392156862745,-0.00353218210361,0,0,-0.00307359307359,0,0.0588235294118,-0.0588235294118,37,1,0,234,1,0.995744680851,0.00425531914894,0,0.973684210526,1,0.986666666667,0.984652666406,0.995744680851,0.973684210526,3,2,0,0,0,0
3678,WLNM_dir_neg,0.875,0.291666666667,00:00:01,10,90,9,1987284082,threshold_sweep,0.6,0.666666666667,1,0.8,2,1,0,3,1,0.75,0.25,0,0.666666666667,1,0.8,0.833333333333,0.5,0.666666666667,0.707106781187,0.75,37,35,2,0,37,0,35,0,2,17,37,0.136029411765,1.88235294118,4.35294117647,3.36363636364,2.84615384615,1.69341284359,0.389027274878,0.193958664547,2.09866904602,0.964253345467,0.518282988871,1.87867287326,0.863174022847,0.470588235294,0.786197569093,0.41766745858,2.25,1.88235294118,0.786197569093,2.25,0.166339869281,0.0612244897959,3,0.00441176470588,0.185952380952,17,17,17,1,0,0.352941176471,0.411764705882,0.235294117647,17,0.128676470588,1.90196078431,4.11764705882,3.18181818182,2.69230769231,1.57648156274,0.382859808093,0.201680672269,2.01465221053,0.978545359402,0.524369747899,1.74894926439,0.849489642704,0.463865546218,0.814492905316,0.428238537847,2.33333333333,1.90196078431,0.814492905316,2.33333333333,0,0,0,0,0.164242424242,17,17,17,1,0,0.352941176471,0.411764705882,0.235294117647,17,38,0.139705882353,1.87941176471,4.47058823529,3.45454545455,2.71428571429,1.73629084037,0.388380845872,0.198142414861,2.16591238756,0.968960804961,0.517027863777,1.82103719638,0.814674535221,0.442724458204,0.780836655359,0.415468642914,2.2,1.87941176471,0.780836655359,2.2,0.162418300654,0.0576923076923,3,0.00441176470588,0.182878787879,17,17,17,1,0,0.352941176471,0.470588235294,0.176470588235,1,0.00367647058824,-0.00294117647059,0.117647058824,0.0909090909091,-0.131868131868,0.0428779967836,-0.000646429005719,0.00418375031378,0.0672433415445,0.00470745949447,-0.00125512509413,-0.0576356768785,-0.0484994876259,-0.0278637770898,-0.00536091373311,-0.00219881566616,-0.05,-0.00294117647059,-0.00536091373311,-0.05,-0.00392156862745,-0.00353218210361,0,0,-0.00307359307359,0,0.0588235294118,-0.0588235294118,37,1,0,234,1,0.995744680851,0.00425531914894,0,0.973684210526,1,0.986666666667,0.984652666406,0.995744680851,0.973684210526,3,2,0,0,0,0
3679,WLNM_dir_neg,0.875,0.291666666667,00:00:01,10,90,9,1987284082,threshold_sweep,0.7,0.666666666667,1,0.8,2,1,0,3,1,0.75,0.25,0,0.666666666667,1,0.8,0.833333333333,0.5,0.666666666667,0.707106781187,0.75,37,35,2,0,37,0,35,0,2,17,37,0.136029411765,1.88235294118,4.35294117647,3.36363636364,2.84615384615,1.69341284359,0.389027274878,0.193958664547,2.09866904602,0.964253345467,0.518282988871,1.87867287326,0.863174022847,0.470588235294,0.786197569093,0.41766745858,2.25,1.88235294118,0.786197569093,2.25,0.166339869281,0.0612244897959,3,0.00441176470588,0.185952380952,17,17,17,1,0,0.352941176471,0.411764705882,0.235294117647,17,0.128676470588,1.90196078431,4.11764705882,3.18181818182,2.69230769231,1.57648156274,0.382859808093,0.201680672269,2.01465221053,0.978545359402,0.524369747899,1.74894926439,0.849489642704,0.463865546218,0.814492905316,0.428238537847,2.33333333333,1.90196078431,0.814492905316,2.33333333333,0,0,0,0,0.164242424242,17,17,17,1,0,0.352941176471,0.411764705882,0.235294117647,17,38,0.139705882353,1.87941176471,4.47058823529,3.45454545455,2.71428571429,1.73629084037,0.388380845872,0.198142414861,2.16591238756,0.968960804961,0.517027863777,1.82103719638,0.814674535221,0.442724458204,0.780836655359,0.415468642914,2.2,1.87941176471,0.780836655359,2.2,0.162418300654,0.0576923076923,3,0.00441176470588,0.182878787879,17,17,17,1,0,0.352941176471,0.470588235294,0.176470588235,1,0.00367647058824,-0.00294117647059,0.117647058824,0.0909090909091,-0.131868131868,0.0428779967836,-0.000646429005719,0.00418375031378,0.0672433415445,0.00470745949447,-0.00125512509413,-0.0576356768785,-0.0484994876259,-0.0278637770898,-0.00536091373311,-0.00219881566616,-0.05,-0.00294117647059,-0.00536091373311,-0.05,-0.00392156862745,-0.00353218210361,0,0,-0.00307359307359,0,0.0588235294118,-0.0588235294118,37,1,0,234,1,0.995744680851,0.00425531914894,0,0.973684210526,1,0.986666666667,0.984652666406,0.995744680851,0.973684210526,3,2,0,0,0,0
3680,WLNM_dir_neg,0.875,0.291666666667,00:00:01,10,90,9,1987284082,threshold_sweep,0.8,0.666666666667,1,0.8,2,1,0,3,1,0.75,0.25,0,0.666666666667,1,0.8,0.833333333333,0.5,0.666666666667,0.707106781187,0.75,37,35,2,0,37,0,35,0,2,17,37,0.136029411765,1.88235294118,4.35294117647,3.36363636364,2.84615384615,1.69341284359,0.389027274878,0.193958664547,2.09866904602,0.964253345467,0.518282988871,1.87867287326,0.863174022847,0.470588235294,0.786197569093,0.41766745858,2.25,1.88235294118,0.786197569093,2.25,0.166339869281,0.0612244897959,3,0.00441176470588,0.185952380952,17,17,17,1,0,0.352941176471,0.411764705882,0.235294117647,17,0.128676470588,1.90196078431,4.11764705882,3.18181818182,2.69230769231,1.57648156274,0.382859808093,0.201680672269,2.01465221053,0.978545359402,0.524369747899,1.74894926439,0.849489642704,0.463865546218,0.814492905316,0.428238537847,2.33333333333,1.90196078431,0.814492905316,2.33333333333,0,0,0,0,0.164242424242,17,17,17,1,0,0.352941176471,0.411764705882,0.235294117647,17,38,0.139705882353,1.87941176471,4.47058823529,3.45454545455,2.71428571429,1.73629084037,0.388380845872,0.198142414861,2.16591238756,0.968960804961,0.517027863777,1.82103719638,0.814674535221,0.442724458204,0.780836655359,0.415468642914,2.2,1.87941176471,0.780836655359,2.2,0.162418300654,0.0576923076923,3,0.00441176470588,0.182878787879,17,17,17,1,0,0.352941176471,0.470588235294,0.176470588235,1,0.00367647058824,-0.00294117647059,0.117647058824,0.0909090909091,-0.131868131868,0.0428779967836,-0.000646429005719,0.00418375031378,0.0672433415445,0.00470745949447,-0.00125512509413,-0.0576356768785,-0.0484994876259,-0.0278637770898,-0.00536091373311,-0.00219881566616,-0.05,-0.00294117647059,-0.00536091373311,-0.05,-0.00392156862745,-0.00353218210361,0,0,-0.00307359307359,0,0.0588235294118,-0.0588235294118,37,1,0,234,1,0.995744680851,0.00425531914894,0,0.973684210526,1,0.986666666667,0.984652666406,0.995744680851,0.973684210526,3,2,0,0,0,0
3681,WLNM_dir_neg,0.875,0.291666666667,00:00:01,10,90,9,1987284082,threshold_sweep,0.9,0.666666666667,1,0.8,2,1,0,3,1,0.75,0.25,0,0.666666666667,1,0.8,0.833333333333,0.5,0.666666666667,0.707106781187,0.75,37,35,2,0,37,0,35,0,2,17,37,0.136029411765,1.88235294118,4.35294117647,3.36363636364,2.84615384615,1.69341284359,0.389027274878,0.193958664547,2.09866904602,0.964253345467,0.518282988871,1.87867287326,0.863174022847,0.470588235294,0.786197569093,0.41766745858,2.25,1.88235294118,0.786197569093,2.25,0.166339869281,0.0612244897959,3,0.00441176470588,0.185952380952,17,17,17,1,0,0.352941176471,0.411764705882,0.235294117647,17,0.128676470588,1.90196078431,4.11764705882,3.18181818182,2.69230769231,1.57648156274,0.382859808093,0.201680672269,2.01465221053,0.978545359402,0.524369747899,1.74894926439,0.849489642704,0.463865546218,0.814492905316,0.428238537847,2.33333333333,1.90196078431,0.814492905316,2.33333333333,0,0,0,0,0.164242424242,17,17,17,1,0,0.352941176471,0.411764705882,0.235294117647,17,38,0.139705882353,1.87941176471,4.47058823529,3.45454545455,2.71428571429,1.73629084037,0.388380845872,0.198142414861,2.16591238756,0.968960804961,0.517027863777,1.82103719638,0.814674535221,0.442724458204,0.780836655359,0.415468642914,2.2,1.87941176471,0.780836655359,2.2,0.162418300654,0.0576923076923,3,0.00441176470588,0.182878787879,17,17,17,1,0,0.352941176471,0.470588235294,0.176470588235,1,0.00367647058824,-0.00294117647059,0.117647058824,0.0909090909091,-0.131868131868,0.0428779967836,-0.000646429005719,0.00418375031378,0.0672433415445,0.00470745949447,-0.00125512509413,-0.0576356768785,-0.0484994876259,-0.0278637770898,-0.00536091373311,-0.00219881566616,-0.05,-0.00294117647059,-0.00536091373311,-0.05,-0.00392156862745,-0.00353218210361,0,0,-0.00307359307359,0,0.0588235294118,-0.0588235294118,37,1,0,234,1,0.995744680851,0.00425531914894,0,0.973684210526,1,0.986666666667,0.984652666406,0.995744680851,0.973684210526,3,2,0,0,0,0
3682,WLNM_dir_neg,1,0.5,00:00:00,10,90,10,1987284083,threshold_sweep,0.1,0.666666666667,1,0.8,2,1,0,3,1,0.75,0.25,0,0.666666666667,1,0.8,0.833333333333,0.5,0.666666666667,0.707106781187,0.75,37,35,2,0,37,0,35,0,2,17,37,0.136029411765,1.88235294118,4.35294117647,3.36363636364,2.84615384615,1.69341284359,0.389027274878,0.193958664547,2.09866904602,0.964253345467,0.518282988871,1.87867287326,0.863174022847,0.470588235294,0.786197569093,0.41766745858,2.25,1.88235294118,0.786197569093,2.25,0.166339869281,0.0612244897959,3,0.00441176470588,0.185952380952,17,17,17,1,0,0.352941176471,0.411764705882,0.235294117647,17,0.128676470588,1.90196078431,4.11764705882,3.18181818182,2.69230769231,1.57648156274,0.382859808093,0.201680672269,2.01465221053,0.978545359402,0.524369747899,1.74894926439,0.849489642704,0.463865546218,0.814492905316,0.428238537847,2.33333333333,1.90196078431,0.814492905316,2.33333333333,0,0,0,0,0.164242424242,17,17,17,1,0,0.352941176471,0.411764705882,0.235294117647,17,38,0.139705882353,1.87941176471,4.47058823529,3.45454545455,2.71428571429,1.73629084037,0.388380845872,0.198142414861,2.16591238756,0.968960804961,0.517027863777,1.82103719638,0.814674535221,0.442724458204,0.780836655359,0.415468642914,2.2,1.87941176471,0.780836655359,2.2,0.162418300654,0.0576923076923,3,0.00441176470588,0.182878787879,17,17,17,1,0,0.352941176471,0.470588235294,0.176470588235,1,0.00367647058824,-0.00294117647059,0.117647058824,0.0909090909091,-0.131868131868,0.0428779967836,-0.000646429005719,0.00418375031378,0.0672433415445,0.00470745949447,-0.00125512509413,-0.0576356768785,-0.0484994876259,-0.0278637770898,-0.00536091373311,-0.00219881566616,-0.05,-0.00294117647059,-0.00536091373311,-0.05,-0.00392156862745,-0.00353218210361,0,0,-0.00307359307359,0,0.0588235294118,-0.0588235294118,37,1,0,234,1,0.995744680851,0.00425531914894,0,0.973684210526,1,0.986666666667,0.984652666406,0.995744680851,0.973684210526,3,2,0,0,0,0
3683,WLNM_dir_neg,1,0.5,00:00:00,10,90,10,1987284083,threshold_sweep,0.2,0.666666666667,1,0.8,2,1,0,3,1,0.75,0.25,0,0.666666666667,1,0.8,0.833333333333,0.5,0.666666666667,0.707106781187,0.75,37,35,2,0,37,0,35,0,2,17,37,0.136029411765,1.88235294118,4.35294117647,3.36363636364,2.84615384615,1.69341284359,0.389027274878,0.193958664547,2.09866904602,0.964253345467,0.518282988871,1.87867287326,0.863174022847,0.470588235294,0.786197569093,0.41766745858,2.25,1.88235294118,0.786197569093,2.25,0.166339869281,0.0612244897959,3,0.00441176470588,0.185952380952,17,17,17,1,0,0.352941176471,0.411764705882,0.235294117647,17,0.128676470588,1.90196078431,4.11764705882,3.18181818182,2.69230769231,1.57648156274,0.382859808093,0.201680672269,2.01465221053,0.978545359402,0.524369747899,1.74894926439,0.849489642704,0.463865546218,0.814492905316,0.428238537847,2.33333333333,1.90196078431,0.814492905316,2.33333333333,0,0,0,0,0.164242424242,17,17,17,1,0,0.352941176471,0.411764705882,0.235294117647,17,38,0.139705882353,1.87941176471,4.47058823529,3.45454545455,2.71428571429,1.73629084037,0.388380845872,0.198142414861,2.16591238756,0.968960804961,0.517027863777,1.82103719638,0.814674535221,0.442724458204,0.780836655359,0.415468642914,2.2,1.87941176471,0.780836655359,2.2,0.162418300654,0.0576923076923,3,0.00441176470588,0.182878787879,17,17,17,1,0,0.352941176471,0.470588235294,0.176470588235,1,0.00367647058824,-0.00294117647059,0.117647058824,0.0909090909091,-0.131868131868,0.0428779967836,-0.000646429005719,0.00418375031378,0.0672433415445,0.00470745949447,-0.00125512509413,-0.0576356768785,-0.0484994876259,-0.0278637770898,-0.00536091373311,-0.00219881566616,-0.05,-0.00294117647059,-0.00536091373311,-0.05,-0.00392156862745,-0.00353218210361,0,0,-0.00307359307359,0,0.0588235294118,-0.0588235294118,37,1,0,234,1,0.995744680851,0.00425531914894,0,0.973684210526,1,0.986666666667,0.984652666406,0.995744680851,0.973684210526,3,2,0,0,0,0
3684,WLNM_dir_neg,1,0.5,00:00:00,10,90,10,1987284083,threshold_sweep,0.3,0.666666666667,1,0.8,2,1,0,3,1,0.75,0.25,0,0.666666666667,1,0.8,0.833333333333,0.5,0.666666666667,0.707106781187,0.75,37,35,2,0,37,0,35,0,2,17,37,0.136029411765,1.88235294118,4.35294117647,3.36363636364,2.84615384615,1.69341284359,0.389027274878,0.193958664547,2.09866904602,0.964253345467,0.518282988871,1.87867287326,0.863174022847,0.470588235294,0.786197569093,0.41766745858,2.25,1.88235294118,0.786197569093,2.25,0.166339869281,0.0612244897959,3,0.00441176470588,0.185952380952,17,17,17,1,0,0.352941176471,0.411764705882,0.235294117647,17,0.128676470588,1.90196078431,4.11764705882,3.18181818182,2.69230769231,1.57648156274,0.382859808093,0.201680672269,2.01465221053,0.978545359402,0.524369747899,1.74894926439,0.849489642704,0.463865546218,0.814492905316,0.428238537847,2.33333333333,1.90196078431,0.814492905316,2.33333333333,0,0,0,0,0.164242424242,17,17,17,1,0,0.352941176471,0.411764705882,0.235294117647,17,38,0.139705882353,1.87941176471,4.47058823529,3.45454545455,2.71428571429,1.73629084037,0.388380845872,0.198142414861,2.16591238756,0.968960804961,0.517027863777,1.82103719638,0.814674535221,0.442724458204,0.780836655359,0.415468642914,2.2,1.87941176471,0.780836655359,2.2,0.162418300654,0.0576923076923,3,0.00441176470588,0.182878787879,17,17,17,1,0,0.352941176471,0.470588235294,0.176470588235,1,0.00367647058824,-0.00294117647059,0.117647058824,0.0909090909091,-0.131868131868,0.0428779967836,-0.000646429005719,0.00418375031378,0.0672433415445,0.00470745949447,-0.00125512509413,-0.0576356768785,-0.0484994876259,-0.0278637770898,-0.00536091373311,-0.00219881566616,-0.05,-0.00294117647059,-0.00536091373311,-0.05,-0.00392156862745,-0.00353218210361,0,0,-0.00307359307359,0,0.0588235294118,-0.0588235294118,37,1,0,234,1,0.995744680851,0.00425531914894,0,0.973684210526,1,0.986666666667,0.984652666406,0.995744680851,0.973684210526,3,2,0,0,0,0
3685,WLNM_dir_neg,1,0.5,00:00:00,10,90,10,1987284083,threshold_sweep,0.4,0.666666666667,1,0.8,2,1,0,3,1,0.75,0.25,0,0.666666666667,1,0.8,0.833333333333,0.5,0.666666666667,0.707106781187,0.75,37,35,2,0,37,0,35,0,2,17,37,0.136029411765,1.88235294118,4.35294117647,3.36363636364,2.84615384615,1.69341284359,0.389027274878,0.193958664547,2.09866904602,0.964253345467,0.518282988871,1.87867287326,0.863174022847,0.470588235294,0.786197569093,0.41766745858,2.25,1.88235294118,0.786197569093,2.25,0.166339869281,0.0612244897959,3,0.00441176470588,0.185952380952,17,17,17,1,0,0.352941176471,0.411764705882,0.235294117647,17,0.128676470588,1.90196078431,4.11764705882,3.18181818182,2.69230769231,1.57648156274,0.382859808093,0.201680672269,2.01465221053,0.978545359402,0.524369747899,1.74894926439,0.849489642704,0.463865546218,0.814492905316,0.428238537847,2.33333333333,1.90196078431,0.814492905316,2.33333333333,0,0,0,0,0.164242424242,17,17,17,1,0,0.352941176471,0.411764705882,0.235294117647,17,38,0.139705882353,1.87941176471,4.47058823529,3.45454545455,2.71428571429,1.73629084037,0.388380845872,0.198142414861,2.16591238756,0.968960804961,0.517027863777,1.82103719638,0.814674535221,0.442724458204,0.780836655359,0.415468642914,2.2,1.87941176471,0.780836655359,2.2,0.162418300654,0.0576923076923,3,0.00441176470588,0.182878787879,17,17,17,1,0,0.352941176471,0.470588235294,0.176470588235,1,0.00367647058824,-0.00294117647059,0.117647058824,0.0909090909091,-0.131868131868,0.0428779967836,-0.000646429005719,0.00418375031378,0.0672433415445,0.00470745949447,-0.00125512509413,-0.0576356768785,-0.0484994876259,-0.0278637770898,-0.00536091373311,-0.00219881566616,-0.05,-0.00294117647059,-0.00536091373311,-0.05,-0.00392156862745,-0.00353218210361,0,0,-0.00307359307359,0,0.0588235294118,-0.0588235294118,37,1,0,234,1,0.995744680851,0.00425531914894,0,0.973684210526,1,0.986666666667,0.984652666406,0.995744680851,0.973684210526,3,2,0,0,0,0
3686,WLNM_dir_neg,1,0.5,00:00:00,10,90,10,1987284083,threshold_sweep,0.5,0.666666666667,1,0.8,2,1,0,3,1,0.75,0.25,0,0.666666666667,1,0.8,0.833333333333,0.5,0.666666666667,0.707106781187,0.75,37,35,2,0,37,0,35,0,2,17,37,0.136029411765,1.88235294118,4.35294117647,3.36363636364,2.84615384615,1.69341284359,0.389027274878,0.193958664547,2.09866904602,0.964253345467,0.518282988871,1.87867287326,0.863174022847,0.470588235294,0.786197569093,0.41766745858,2.25,1.88235294118,0.786197569093,2.25,0.166339869281,0.0612244897959,3,0.00441176470588,0.185952380952,17,17,17,1,0,0.352941176471,0.411764705882,0.235294117647,17,0.128676470588,1.90196078431,4.11764705882,3.18181818182,2.69230769231,1.57648156274,0.382859808093,0.201680672269,2.01465221053,0.978545359402,0.524369747899,1.74894926439,0.849489642704,0.463865546218,0.814492905316,0.428238537847,2.33333333333,1.90196078431,0.814492905316,2.33333333333,0,0,0,0,0.164242424242,17,17,17,1,0,0.352941176471,0.411764705882,0.235294117647,17,38,0.139705882353,1.87941176471,4.47058823529,3.45454545455,2.71428571429,1.73629084037,0.388380845872,0.198142414861,2.16591238756,0.968960804961,0.517027863777,1.82103719638,0.814674535221,0.442724458204,0.780836655359,0.415468642914,2.2,1.87941176471,0.780836655359,2.2,0.162418300654,0.0576923076923,3,0.00441176470588,0.182878787879,17,17,17,1,0,0.352941176471,0.470588235294,0.176470588235,1,0.00367647058824,-0.00294117647059,0.117647058824,0.0909090909091,-0.131868131868,0.0428779967836,-0.000646429005719,0.00418375031378,0.0672433415445,0.00470745949447,-0.00125512509413,-0.0576356768785,-0.0484994876259,-0.0278637770898,-0.00536091373311,-0.00219881566616,-0.05,-0.00294117647059,-0.00536091373311,-0.05,-0.00392156862745,-0.00353218210361,0,0,-0.00307359307359,0,0.0588235294118,-0.0588235294118,37,1,0,234,1,0.995744680851,0.00425531914894,0,0.973684210526,1,0.986666666667,0.984652666406,0.995744680851,0.973684210526,3,2,0,0,0,0
3687,WLNM_dir_neg,1,0.5,00:00:00,10,90,10,1987284083,threshold_sweep,0.6,0.666666666667,1,0.8,2,1,0,3,1,0.75,0.25,0,0.666666666667,1,0.8,0.833333333333,0.5,0.666666666667,0.707106781187,0.75,37,35,2,0,37,0,35,0,2,17,37,0.136029411765,1.88235294118,4.35294117647,3.36363636364,2.84615384615,1.69341284359,0.389027274878,0.193958664547,2.09866904602,0.964253345467,0.518282988871,1.87867287326,0.863174022847,0.470588235294,0.786197569093,0.41766745858,2.25,1.88235294118,0.786197569093,2.25,0.166339869281,0.0612244897959,3,0.00441176470588,0.185952380952,17,17,17,1,0,0.352941176471,0.411764705882,0.235294117647,17,0.128676470588,1.90196078431,4.11764705882,3.18181818182,2.69230769231,1.57648156274,0.382859808093,0.201680672269,2.01465221053,0.978545359402,0.524369747899,1.74894926439,0.849489642704,0.463865546218,0.814492905316,0.428238537847,2.33333333333,1.90196078431,0.814492905316,2.33333333333,0,0,0,0,0.164242424242,17,17,17,1,0,0.352941176471,0.411764705882,0.235294117647,17,38,0.139705882353,1.87941176471,4.47058823529,3.45454545455,2.71428571429,1.73629084037,0.388380845872,0.198142414861,2.16591238756,0.968960804961,0.517027863777,1.82103719638,0.814674535221,0.442724458204,0.780836655359,0.415468642914,2.2,1.87941176471,0.780836655359,2.2,0.162418300654,0.0576923076923,3,0.00441176470588,0.182878787879,17,17,17,1,0,0.352941176471,0.470588235294,0.176470588235,1,0.00367647058824,-0.00294117647059,0.117647058824,0.0909090909091,-0.131868131868,0.0428779967836,-0.000646429005719,0.00418375031378,0.0672433415445,0.00470745949447,-0.00125512509413,-0.0576356768785,-0.0484994876259,-0.0278637770898,-0.00536091373311,-0.00219881566616,-0.05,-0.00294117647059,-0.00536091373311,-0.05,-0.00392156862745,-0.00353218210361,0,0,-0.00307359307359,0,0.0588235294118,-0.0588235294118,37,1,0,234,1,0.995744680851,0.00425531914894,0,0.973684210526,1,0.986666666667,0.984652666406,0.995744680851,0.973684210526,3,2,0,0,0,0
3688,WLNM_dir_neg,1,0.5,00:00:00,10,90,10,1987284083,threshold_sweep,0.7,0.666666666667,1,0.8,2,1,0,3,1,0.75,0.25,0,0.666666666667,1,0.8,0.833333333333,0.5,0.666666666667,0.707106781187,0.75,37,35,2,0,37,0,35,0,2,17,37,0.136029411765,1.88235294118,4.35294117647,3.36363636364,2.84615384615,1.69341284359,0.389027274878,0.193958664547,2.09866904602,0.964253345467,0.518282988871,1.87867287326,0.863174022847,0.470588235294,0.786197569093,0.41766745858,2.25,1.88235294118,0.786197569093,2.25,0.166339869281,0.0612244897959,3,0.00441176470588,0.185952380952,17,17,17,1,0,0.352941176471,0.411764705882,0.235294117647,17,0.128676470588,1.90196078431,4.11764705882,3.18181818182,2.69230769231,1.57648156274,0.382859808093,0.201680672269,2.01465221053,0.978545359402,0.524369747899,1.74894926439,0.849489642704,0.463865546218,0.814492905316,0.428238537847,2.33333333333,1.90196078431,0.814492905316,2.33333333333,0,0,0,0,0.164242424242,17,17,17,1,0,0.352941176471,0.411764705882,0.235294117647,17,38,0.139705882353,1.87941176471,4.47058823529,3.45454545455,2.71428571429,1.73629084037,0.388380845872,0.198142414861,2.16591238756,0.968960804961,0.517027863777,1.82103719638,0.814674535221,0.442724458204,0.780836655359,0.415468642914,2.2,1.87941176471,0.780836655359,2.2,0.162418300654,0.0576923076923,3,0.00441176470588,0.182878787879,17,17,17,1,0,0.352941176471,0.470588235294,0.176470588235,1,0.00367647058824,-0.00294117647059,0.117647058824,0.0909090909091,-0.131868131868,0.0428779967836,-0.000646429005719,0.00418375031378,0.0672433415445,0.00470745949447,-0.00125512509413,-0.0576356768785,-0.0484994876259,-0.0278637770898,-0.00536091373311,-0.00219881566616,-0.05,-0.00294117647059,-0.00536091373311,-0.05,-0.00392156862745,-0.00353218210361,0,0,-0.00307359307359,0,0.0588235294118,-0.0588235294118,37,1,0,234,1,0.995744680851,0.00425531914894,0,0.973684210526,1,0.986666666667,0.984652666406,0.995744680851,0.973684210526,3,2,0,0,0,0
3689,WLNM_dir_neg,1,0.5,00:00:00,10,90,10,1987284083,threshold_sweep,0.8,0.666666666667,1,0.8,2,1,0,3,1,0.75,0.25,0,0.666666666667,1,0.8,0.833333333333,0.5,0.666666666667,0.707106781187,0.75,37,35,2,0,37,0,35,0,2,17,37,0.136029411765,1.88235294118,4.35294117647,3.36363636364,2.84615384615,1.69341284359,0.389027274878,0.193958664547,2.09866904602,0.964253345467,0.518282988871,1.87867287326,0.863174022847,0.470588235294,0.786197569093,0.41766745858,2.25,1.88235294118,0.786197569093,2.25,0.166339869281,0.0612244897959,3,0.00441176470588,0.185952380952,17,17,17,1,0,0.352941176471,0.411764705882,0.235294117647,17,0.128676470588,1.90196078431,4.11764705882,3.18181818182,2.69230769231,1.57648156274,0.382859808093,0.201680672269,2.01465221053,0.978545359402,0.524369747899,1.74894926439,0.849489642704,0.463865546218,0.814492905316,0.428238537847,2.33333333333,1.90196078431,0.814492905316,2.33333333333,0,0,0,0,0.164242424242,17,17,17,1,0,0.352941176471,0.411764705882,0.235294117647,17,38,0.139705882353,1.87941176471,4.47058823529,3.45454545455,2.71428571429,1.73629084037,0.388380845872,0.198142414861,2.16591238756,0.968960804961,0.517027863777,1.82103719638,0.814674535221,0.442724458204,0.780836655359,0.415468642914,2.2,1.87941176471,0.780836655359,2.2,0.162418300654,0.0576923076923,3,0.00441176470588,0.182878787879,17,17,17,1,0,0.352941176471,0.470588235294,0.176470588235,1,0.00367647058824,-0.00294117647059,0.117647058824,0.0909090909091,-0.131868131868,0.0428779967836,-0.000646429005719,0.00418375031378,0.0672433415445,0.00470745949447,-0.00125512509413,-0.0576356768785,-0.0484994876259,-0.0278637770898,-0.00536091373311,-0.00219881566616,-0.05,-0.00294117647059,-0.00536091373311,-0.05,-0.00392156862745,-0.00353218210361,0,0,-0.00307359307359,0,0.0588235294118,-0.0588235294118,37,1,0,234,1,0.995744680851,0.00425531914894,0,0.973684210526,1,0.986666666667,0.984652666406,0.995744680851,0.973684210526,3,2,0,0,0,0
3690,WLNM_dir_neg,1,0.5,00:00:00,10,90,10,1987284083,threshold_sweep,0.9,1,1,1,2,0,0,4,1,1,0,0,1,1,1,1,0.555555555556,1,1,1,37,35,2,0,37,0,35,0,2,17,37,0.136029411765,1.88235294118,4.35294117647,3.36363636364,2.84615384615,1.69341284359,0.389027274878,0.193958664547,2.09866904602,0.964253345467,0.518282988871,1.87867287326,0.863174022847,0.470588235294,0.786197569093,0.41766745858,2.25,1.88235294118,0.786197569093,2.25,0.166339869281,0.0612244897959,3,0.00441176470588,0.185952380952,17,17,17,1,0,0.352941176471,0.411764705882,0.235294117647,17,0.128676470588,1.90196078431,4.11764705882,3.18181818182,2.69230769231,1.57648156274,0.382859808093,0.201680672269,2.01465221053,0.978545359402,0.524369747899,1.74894926439,0.849489642704,0.463865546218,0.814492905316,0.428238537847,2.33333333333,1.90196078431,0.814492905316,2.33333333333,0,0,0,0,0.164242424242,17,17,17,1,0,0.352941176471,0.411764705882,0.235294117647,17,37,0.136029411765,1.88235294118,4.35294117647,3.36363636364,2.84615384615,1.69341284359,0.389027274878,0.193958664547,2.09866904602,0.964253345467,0.518282988871,1.87867287326,0.863174022847,0.470588235294,0.786197569093,0.41766745858,2.25,1.88235294118,0.786197569093,2.25,0.166339869281,0.0612244897959,3,0.00441176470588,0.185952380952,17,17,17,1,0,0.352941176471,0.411764705882,0.235294117647,0,0,0,0,0,0,0,0,0,0,0,0,0,0,0,0,0,0,0,0,0,0,0,0,0,0,0,0,0,37,0,0,235,1,1,0,0,1,1,1,1,1,1,2,2,0,0,0,0
3691,WLNM_dir_neg,1,0.5,00:00:00,10,90,11,1987284084,threshold_sweep,0.1,1,1,1,2,0,0,4,1,1,0,0,1,1,1,1,0.555555555556,1,1,1,37,35,2,0,37,0,35,0,2,17,37,0.136029411765,1.88235294118,4.35294117647,3.36363636364,2.84615384615,1.69341284359,0.389027274878,0.193958664547,2.09866904602,0.964253345467,0.518282988871,1.87867287326,0.863174022847,0.470588235294,0.786197569093,0.41766745858,2.25,1.88235294118,0.786197569093,2.25,0.166339869281,0.0612244897959,3,0.00441176470588,0.185952380952,17,17,17,1,0,0.352941176471,0.411764705882,0.235294117647,17,0.128676470588,1.90196078431,4.11764705882,3.18181818182,2.69230769231,1.57648156274,0.382859808093,0.201680672269,2.01465221053,0.978545359402,0.524369747899,1.74894926439,0.849489642704,0.463865546218,0.814492905316,0.428238537847,2.33333333333,1.90196078431,0.814492905316,2.33333333333,0,0,0,0,0.164242424242,17,17,17,1,0,0.352941176471,0.411764705882,0.235294117647,17,37,0.136029411765,1.88235294118,4.35294117647,3.36363636364,2.84615384615,1.69341284359,0.389027274878,0.193958664547,2.09866904602,0.964253345467,0.518282988871,1.87867287326,0.863174022847,0.470588235294,0.786197569093,0.41766745858,2.25,1.88235294118,0.786197569093,2.25,0.166339869281,0.0612244897959,3,0.00441176470588,0.185952380952,17,17,17,1,0,0.352941176471,0.411764705882,0.235294117647,0,0,0,0,0,0,0,0,0,0,0,0,0,0,0,0,0,0,0,0,0,0,0,0,0,0,0,0,0,37,0,0,235,1,1,0,0,1,1,1,1,1,1,2,2,0,0,0,0
3692,WLNM_dir_neg,1,0.5,00:00:00,10,90,11,1987284084,threshold_sweep,0.2,1,1,1,2,0,0,4,1,1,0,0,1,1,1,1,0.555555555556,1,1,1,37,35,2,0,37,0,35,0,2,17,37,0.136029411765,1.88235294118,4.35294117647,3.36363636364,2.84615384615,1.69341284359,0.389027274878,0.193958664547,2.09866904602,0.964253345467,0.518282988871,1.87867287326,0.863174022847,0.470588235294,0.786197569093,0.41766745858,2.25,1.88235294118,0.786197569093,2.25,0.166339869281,0.0612244897959,3,0.00441176470588,0.185952380952,17,17,17,1,0,0.352941176471,0.411764705882,0.235294117647,17,0.128676470588,1.90196078431,4.11764705882,3.18181818182,2.69230769231,1.57648156274,0.382859808093,0.201680672269,2.01465221053,0.978545359402,0.524369747899,1.74894926439,0.849489642704,0.463865546218,0.814492905316,0.428238537847,2.33333333333,1.90196078431,0.814492905316,2.33333333333,0,0,0,0,0.164242424242,17,17,17,1,0,0.352941176471,0.411764705882,0.235294117647,17,37,0.136029411765,1.88235294118,4.35294117647,3.36363636364,2.84615384615,1.69341284359,0.389027274878,0.193958664547,2.09866904602,0.964253345467,0.518282988871,1.87867287326,0.863174022847,0.470588235294,0.786197569093,0.41766745858,2.25,1.88235294118,0.786197569093,2.25,0.166339869281,0.0612244897959,3,0.00441176470588,0.185952380952,17,17,17,1,0,0.352941176471,0.411764705882,0.235294117647,0,0,0,0,0,0,0,0,0,0,0,0,0,0,0,0,0,0,0,0,0,0,0,0,0,0,0,0,0,37,0,0,235,1,1,0,0,1,1,1,1,1,1,2,2,0,0,0,0
3693,WLNM_dir_neg,1,0.5,00:00:00,10,90,11,1987284084,threshold_sweep,0.3,1,1,1,2,0,0,4,1,1,0,0,1,1,1,1,0.555555555556,1,1,1,37,35,2,0,37,0,35,0,2,17,37,0.136029411765,1.88235294118,4.35294117647,3.36363636364,2.84615384615,1.69341284359,0.389027274878,0.193958664547,2.09866904602,0.964253345467,0.518282988871,1.87867287326,0.863174022847,0.470588235294,0.786197569093,0.41766745858,2.25,1.88235294118,0.786197569093,2.25,0.166339869281,0.0612244897959,3,0.00441176470588,0.185952380952,17,17,17,1,0,0.352941176471,0.411764705882,0.235294117647,17,0.128676470588,1.90196078431,4.11764705882,3.18181818182,2.69230769231,1.57648156274,0.382859808093,0.201680672269,2.01465221053,0.978545359402,0.524369747899,1.74894926439,0.849489642704,0.463865546218,0.814492905316,0.428238537847,2.33333333333,1.90196078431,0.814492905316,2.33333333333,0,0,0,0,0.164242424242,17,17,17,1,0,0.352941176471,0.411764705882,0.235294117647,17,37,0.136029411765,1.88235294118,4.35294117647,3.36363636364,2.84615384615,1.69341284359,0.389027274878,0.193958664547,2.09866904602,0.964253345467,0.518282988871,1.87867287326,0.863174022847,0.470588235294,0.786197569093,0.41766745858,2.25,1.88235294118,0.786197569093,2.25,0.166339869281,0.0612244897959,3,0.00441176470588,0.185952380952,17,17,17,1,0,0.352941176471,0.411764705882,0.235294117647,0,0,0,0,0,0,0,0,0,0,0,0,0,0,0,0,0,0,0,0,0,0,0,0,0,0,0,0,0,37,0,0,235,1,1,0,0,1,1,1,1,1,1,2,2,0,0,0,0
3694,WLNM_dir_neg,1,0.5,00:00:00,10,90,11,1987284084,threshold_sweep,0.4,1,1,1,2,0,0,4,1,1,0,0,1,1,1,1,0.555555555556,1,1,1,37,35,2,0,37,0,35,0,2,17,37,0.136029411765,1.88235294118,4.35294117647,3.36363636364,2.84615384615,1.69341284359,0.389027274878,0.193958664547,2.09866904602,0.964253345467,0.518282988871,1.87867287326,0.863174022847,0.470588235294,0.786197569093,0.41766745858,2.25,1.88235294118,0.786197569093,2.25,0.166339869281,0.0612244897959,3,0.00441176470588,0.185952380952,17,17,17,1,0,0.352941176471,0.411764705882,0.235294117647,17,0.128676470588,1.90196078431,4.11764705882,3.18181818182,2.69230769231,1.57648156274,0.382859808093,0.201680672269,2.01465221053,0.978545359402,0.524369747899,1.74894926439,0.849489642704,0.463865546218,0.814492905316,0.428238537847,2.33333333333,1.90196078431,0.814492905316,2.33333333333,0,0,0,0,0.164242424242,17,17,17,1,0,0.352941176471,0.411764705882,0.235294117647,17,37,0.136029411765,1.88235294118,4.35294117647,3.36363636364,2.84615384615,1.69341284359,0.389027274878,0.193958664547,2.09866904602,0.964253345467,0.518282988871,1.87867287326,0.863174022847,0.470588235294,0.786197569093,0.41766745858,2.25,1.88235294118,0.786197569093,2.25,0.166339869281,0.0612244897959,3,0.00441176470588,0.185952380952,17,17,17,1,0,0.352941176471,0.411764705882,0.235294117647,0,0,0,0,0,0,0,0,0,0,0,0,0,0,0,0,0,0,0,0,0,0,0,0,0,0,0,0,0,37,0,0,235,1,1,0,0,1,1,1,1,1,1,2,2,0,0,0,0
3695,WLNM_dir_neg,1,0.5,00:00:00,10,90,11,1987284084,threshold_sweep,0.5,1,1,1,2,0,0,4,1,1,0,0,1,1,1,1,0.555555555556,1,1,1,37,35,2,0,37,0,35,0,2,17,37,0.136029411765,1.88235294118,4.35294117647,3.36363636364,2.84615384615,1.69341284359,0.389027274878,0.193958664547,2.09866904602,0.964253345467,0.518282988871,1.87867287326,0.863174022847,0.470588235294,0.786197569093,0.41766745858,2.25,1.88235294118,0.786197569093,2.25,0.166339869281,0.0612244897959,3,0.00441176470588,0.185952380952,17,17,17,1,0,0.352941176471,0.411764705882,0.235294117647,17,0.128676470588,1.90196078431,4.11764705882,3.18181818182,2.69230769231,1.57648156274,0.382859808093,0.201680672269,2.01465221053,0.978545359402,0.524369747899,1.74894926439,0.849489642704,0.463865546218,0.814492905316,0.428238537847,2.33333333333,1.90196078431,0.814492905316,2.33333333333,0,0,0,0,0.164242424242,17,17,17,1,0,0.352941176471,0.411764705882,0.235294117647,17,37,0.136029411765,1.88235294118,4.35294117647,3.36363636364,2.84615384615,1.69341284359,0.389027274878,0.193958664547,2.09866904602,0.964253345467,0.518282988871,1.87867287326,0.863174022847,0.470588235294,0.786197569093,0.41766745858,2.25,1.88235294118,0.786197569093,2.25,0.166339869281,0.0612244897959,3,0.00441176470588,0.185952380952,17,17,17,1,0,0.352941176471,0.411764705882,0.235294117647,0,0,0,0,0,0,0,0,0,0,0,0,0,0,0,0,0,0,0,0,0,0,0,0,0,0,0,0,0,37,0,0,235,1,1,0,0,1,1,1,1,1,1,2,2,0,0,0,0
3696,WLNM_dir_neg,1,0.5,00:00:00,10,90,11,1987284084,threshold_sweep,0.6,1,1,1,2,0,0,4,1,1,0,0,1,1,1,1,0.555555555556,1,1,1,37,35,2,0,37,0,35,0,2,17,37,0.136029411765,1.88235294118,4.35294117647,3.36363636364,2.84615384615,1.69341284359,0.389027274878,0.193958664547,2.09866904602,0.964253345467,0.518282988871,1.87867287326,0.863174022847,0.470588235294,0.786197569093,0.41766745858,2.25,1.88235294118,0.786197569093,2.25,0.166339869281,0.0612244897959,3,0.00441176470588,0.185952380952,17,17,17,1,0,0.352941176471,0.411764705882,0.235294117647,17,0.128676470588,1.90196078431,4.11764705882,3.18181818182,2.69230769231,1.57648156274,0.382859808093,0.201680672269,2.01465221053,0.978545359402,0.524369747899,1.74894926439,0.849489642704,0.463865546218,0.814492905316,0.428238537847,2.33333333333,1.90196078431,0.814492905316,2.33333333333,0,0,0,0,0.164242424242,17,17,17,1,0,0.352941176471,0.411764705882,0.235294117647,17,37,0.136029411765,1.88235294118,4.35294117647,3.36363636364,2.84615384615,1.69341284359,0.389027274878,0.193958664547,2.09866904602,0.964253345467,0.518282988871,1.87867287326,0.863174022847,0.470588235294,0.786197569093,0.41766745858,2.25,1.88235294118,0.786197569093,2.25,0.166339869281,0.0612244897959,3,0.00441176470588,0.185952380952,17,17,17,1,0,0.352941176471,0.411764705882,0.235294117647,0,0,0,0,0,0,0,0,0,0,0,0,0,0,0,0,0,0,0,0,0,0,0,0,0,0,0,0,0,37,0,0,235,1,1,0,0,1,1,1,1,1,1,2,2,0,0,0,0
3697,WLNM_dir_neg,1,0.5,00:00:00,10,90,11,1987284084,threshold_sweep,0.7,1,1,1,2,0,0,4,1,1,0,0,1,1,1,1,0.555555555556,1,1,1,37,35,2,0,37,0,35,0,2,17,37,0.136029411765,1.88235294118,4.35294117647,3.36363636364,2.84615384615,1.69341284359,0.389027274878,0.193958664547,2.09866904602,0.964253345467,0.518282988871,1.87867287326,0.863174022847,0.470588235294,0.786197569093,0.41766745858,2.25,1.88235294118,0.786197569093,2.25,0.166339869281,0.0612244897959,3,0.00441176470588,0.185952380952,17,17,17,1,0,0.352941176471,0.411764705882,0.235294117647,17,0.128676470588,1.90196078431,4.11764705882,3.18181818182,2.69230769231,1.57648156274,0.382859808093,0.201680672269,2.01465221053,0.978545359402,0.524369747899,1.74894926439,0.849489642704,0.463865546218,0.814492905316,0.428238537847,2.33333333333,1.90196078431,0.814492905316,2.33333333333,0,0,0,0,0.164242424242,17,17,17,1,0,0.352941176471,0.411764705882,0.235294117647,17,37,0.136029411765,1.88235294118,4.35294117647,3.36363636364,2.84615384615,1.69341284359,0.389027274878,0.193958664547,2.09866904602,0.964253345467,0.518282988871,1.87867287326,0.863174022847,0.470588235294,0.786197569093,0.41766745858,2.25,1.88235294118,0.786197569093,2.25,0.166339869281,0.0612244897959,3,0.00441176470588,0.185952380952,17,17,17,1,0,0.352941176471,0.411764705882,0.235294117647,0,0,0,0,0,0,0,0,0,0,0,0,0,0,0,0,0,0,0,0,0,0,0,0,0,0,0,0,0,37,0,0,235,1,1,0,0,1,1,1,1,1,1,2,2,0,0,0,0
3698,WLNM_dir_neg,1,0.5,00:00:00,10,90,11,1987284084,threshold_sweep,0.8,1,1,1,2,0,0,4,1,1,0,0,1,1,1,1,0.555555555556,1,1,1,37,35,2,0,37,0,35,0,2,17,37,0.136029411765,1.88235294118,4.35294117647,3.36363636364,2.84615384615,1.69341284359,0.389027274878,0.193958664547,2.09866904602,0.964253345467,0.518282988871,1.87867287326,0.863174022847,0.470588235294,0.786197569093,0.41766745858,2.25,1.88235294118,0.786197569093,2.25,0.166339869281,0.0612244897959,3,0.00441176470588,0.185952380952,17,17,17,1,0,0.352941176471,0.411764705882,0.235294117647,17,0.128676470588,1.90196078431,4.11764705882,3.18181818182,2.69230769231,1.57648156274,0.382859808093,0.201680672269,2.01465221053,0.978545359402,0.524369747899,1.74894926439,0.849489642704,0.463865546218,0.814492905316,0.428238537847,2.33333333333,1.90196078431,0.814492905316,2.33333333333,0,0,0,0,0.164242424242,17,17,17,1,0,0.352941176471,0.411764705882,0.235294117647,17,37,0.136029411765,1.88235294118,4.35294117647,3.36363636364,2.84615384615,1.69341284359,0.389027274878,0.193958664547,2.09866904602,0.964253345467,0.518282988871,1.87867287326,0.863174022847,0.470588235294,0.786197569093,0.41766745858,2.25,1.88235294118,0.786197569093,2.25,0.166339869281,0.0612244897959,3,0.00441176470588,0.185952380952,17,17,17,1,0,0.352941176471,0.411764705882,0.235294117647,0,0,0,0,0,0,0,0,0,0,0,0,0,0,0,0,0,0,0,0,0,0,0,0,0,0,0,0,0,37,0,0,235,1,1,0,0,1,1,1,1,1,1,2,2,0,0,0,0
3699,WLNM_dir_neg,1,0.5,00:00:00,10,90,11,1987284084,threshold_sweep,0.9,1,1,1,2,0,0,4,1,1,0,0,1,1,1,1,0.555555555556,1,1,1,37,35,2,0,37,0,35,0,2,17,37,0.136029411765,1.88235294118,4.35294117647,3.36363636364,2.84615384615,1.69341284359,0.389027274878,0.193958664547,2.09866904602,0.964253345467,0.518282988871,1.87867287326,0.863174022847,0.470588235294,0.786197569093,0.41766745858,2.25,1.88235294118,0.786197569093,2.25,0.166339869281,0.0612244897959,3,0.00441176470588,0.185952380952,17,17,17,1,0,0.352941176471,0.411764705882,0.235294117647,17,0.128676470588,1.90196078431,4.11764705882,3.18181818182,2.69230769231,1.57648156274,0.382859808093,0.201680672269,2.01465221053,0.978545359402,0.524369747899,1.74894926439,0.849489642704,0.463865546218,0.814492905316,0.428238537847,2.33333333333,1.90196078431,0.814492905316,2.33333333333,0,0,0,0,0.164242424242,17,17,17,1,0,0.352941176471,0.411764705882,0.235294117647,17,37,0.136029411765,1.88235294118,4.35294117647,3.36363636364,2.84615384615,1.69341284359,0.389027274878,0.193958664547,2.09866904602,0.964253345467,0.518282988871,1.87867287326,0.863174022847,0.470588235294,0.786197569093,0.41766745858,2.25,1.88235294118,0.786197569093,2.25,0.166339869281,0.0612244897959,3,0.00441176470588,0.185952380952,17,17,17,1,0,0.352941176471,0.411764705882,0.235294117647,0,0,0,0,0,0,0,0,0,0,0,0,0,0,0,0,0,0,0,0,0,0,0,0,0,0,0,0,0,37,0,0,235,1,1,0,0,1,1,1,1,1,1,2,2,0,0,0,0
3700,WLNM_dir_neg,1,0.5,00:00:00,10,90,12,1987284085,threshold_sweep,0.1,1,1,1,2,0,0,4,1,1,0,0,1,1,1,1,0.555555555556,1,1,1,37,35,2,0,37,0,35,0,2,17,37,0.136029411765,1.88235294118,4.35294117647,3.36363636364,2.84615384615,1.69341284359,0.389027274878,0.193958664547,2.09866904602,0.964253345467,0.518282988871,1.87867287326,0.863174022847,0.470588235294,0.786197569093,0.41766745858,2.25,1.88235294118,0.786197569093,2.25,0.166339869281,0.0612244897959,3,0.00441176470588,0.185952380952,17,17,17,1,0,0.352941176471,0.411764705882,0.235294117647,17,0.128676470588,1.90196078431,4.11764705882,3.18181818182,2.69230769231,1.57648156274,0.382859808093,0.201680672269,2.01465221053,0.978545359402,0.524369747899,1.74894926439,0.849489642704,0.463865546218,0.814492905316,0.428238537847,2.33333333333,1.90196078431,0.814492905316,2.33333333333,0,0,0,0,0.164242424242,17,17,17,1,0,0.352941176471,0.411764705882,0.235294117647,17,37,0.136029411765,1.88235294118,4.35294117647,3.36363636364,2.84615384615,1.69341284359,0.389027274878,0.193958664547,2.09866904602,0.964253345467,0.518282988871,1.87867287326,0.863174022847,0.470588235294,0.786197569093,0.41766745858,2.25,1.88235294118,0.786197569093,2.25,0.166339869281,0.0612244897959,3,0.00441176470588,0.185952380952,17,17,17,1,0,0.352941176471,0.411764705882,0.235294117647,0,0,0,0,0,0,0,0,0,0,0,0,0,0,0,0,0,0,0,0,0,0,0,0,0,0,0,0,0,37,0,0,235,1,1,0,0,1,1,1,1,1,1,2,2,0,0,0,0
3701,WLNM_dir_neg,1,0.5,00:00:00,10,90,12,1987284085,threshold_sweep,0.2,1,1,1,2,0,0,4,1,1,0,0,1,1,1,1,0.555555555556,1,1,1,37,35,2,0,37,0,35,0,2,17,37,0.136029411765,1.88235294118,4.35294117647,3.36363636364,2.84615384615,1.69341284359,0.389027274878,0.193958664547,2.09866904602,0.964253345467,0.518282988871,1.87867287326,0.863174022847,0.470588235294,0.786197569093,0.41766745858,2.25,1.88235294118,0.786197569093,2.25,0.166339869281,0.0612244897959,3,0.00441176470588,0.185952380952,17,17,17,1,0,0.352941176471,0.411764705882,0.235294117647,17,0.128676470588,1.90196078431,4.11764705882,3.18181818182,2.69230769231,1.57648156274,0.382859808093,0.201680672269,2.01465221053,0.978545359402,0.524369747899,1.74894926439,0.849489642704,0.463865546218,0.814492905316,0.428238537847,2.33333333333,1.90196078431,0.814492905316,2.33333333333,0,0,0,0,0.164242424242,17,17,17,1,0,0.352941176471,0.411764705882,0.235294117647,17,37,0.136029411765,1.88235294118,4.35294117647,3.36363636364,2.84615384615,1.69341284359,0.389027274878,0.193958664547,2.09866904602,0.964253345467,0.518282988871,1.87867287326,0.863174022847,0.470588235294,0.786197569093,0.41766745858,2.25,1.88235294118,0.786197569093,2.25,0.166339869281,0.0612244897959,3,0.00441176470588,0.185952380952,17,17,17,1,0,0.352941176471,0.411764705882,0.235294117647,0,0,0,0,0,0,0,0,0,0,0,0,0,0,0,0,0,0,0,0,0,0,0,0,0,0,0,0,0,37,0,0,235,1,1,0,0,1,1,1,1,1,1,2,2,0,0,0,0
3702,WLNM_dir_neg,1,0.5,00:00:00,10,90,12,1987284085,threshold_sweep,0.3,1,1,1,2,0,0,4,1,1,0,0,1,1,1,1,0.555555555556,1,1,1,37,35,2,0,37,0,35,0,2,17,37,0.136029411765,1.88235294118,4.35294117647,3.36363636364,2.84615384615,1.69341284359,0.389027274878,0.193958664547,2.09866904602,0.964253345467,0.518282988871,1.87867287326,0.863174022847,0.470588235294,0.786197569093,0.41766745858,2.25,1.88235294118,0.786197569093,2.25,0.166339869281,0.0612244897959,3,0.00441176470588,0.185952380952,17,17,17,1,0,0.352941176471,0.411764705882,0.235294117647,17,0.128676470588,1.90196078431,4.11764705882,3.18181818182,2.69230769231,1.57648156274,0.382859808093,0.201680672269,2.01465221053,0.978545359402,0.524369747899,1.74894926439,0.849489642704,0.463865546218,0.814492905316,0.428238537847,2.33333333333,1.90196078431,0.814492905316,2.33333333333,0,0,0,0,0.164242424242,17,17,17,1,0,0.352941176471,0.411764705882,0.235294117647,17,37,0.136029411765,1.88235294118,4.35294117647,3.36363636364,2.84615384615,1.69341284359,0.389027274878,0.193958664547,2.09866904602,0.964253345467,0.518282988871,1.87867287326,0.863174022847,0.470588235294,0.786197569093,0.41766745858,2.25,1.88235294118,0.786197569093,2.25,0.166339869281,0.0612244897959,3,0.00441176470588,0.185952380952,17,17,17,1,0,0.352941176471,0.411764705882,0.235294117647,0,0,0,0,0,0,0,0,0,0,0,0,0,0,0,0,0,0,0,0,0,0,0,0,0,0,0,0,0,37,0,0,235,1,1,0,0,1,1,1,1,1,1,2,2,0,0,0,0
3703,WLNM_dir_neg,1,0.5,00:00:00,10,90,12,1987284085,threshold_sweep,0.4,1,1,1,2,0,0,4,1,1,0,0,1,1,1,1,0.555555555556,1,1,1,37,35,2,0,37,0,35,0,2,17,37,0.136029411765,1.88235294118,4.35294117647,3.36363636364,2.84615384615,1.69341284359,0.389027274878,0.193958664547,2.09866904602,0.964253345467,0.518282988871,1.87867287326,0.863174022847,0.470588235294,0.786197569093,0.41766745858,2.25,1.88235294118,0.786197569093,2.25,0.166339869281,0.0612244897959,3,0.00441176470588,0.185952380952,17,17,17,1,0,0.352941176471,0.411764705882,0.235294117647,17,0.128676470588,1.90196078431,4.11764705882,3.18181818182,2.69230769231,1.57648156274,0.382859808093,0.201680672269,2.01465221053,0.978545359402,0.524369747899,1.74894926439,0.849489642704,0.463865546218,0.814492905316,0.428238537847,2.33333333333,1.90196078431,0.814492905316,2.33333333333,0,0,0,0,0.164242424242,17,17,17,1,0,0.352941176471,0.411764705882,0.235294117647,17,37,0.136029411765,1.88235294118,4.35294117647,3.36363636364,2.84615384615,1.69341284359,0.389027274878,0.193958664547,2.09866904602,0.964253345467,0.518282988871,1.87867287326,0.863174022847,0.470588235294,0.786197569093,0.41766745858,2.25,1.88235294118,0.786197569093,2.25,0.166339869281,0.0612244897959,3,0.00441176470588,0.185952380952,17,17,17,1,0,0.352941176471,0.411764705882,0.235294117647,0,0,0,0,0,0,0,0,0,0,0,0,0,0,0,0,0,0,0,0,0,0,0,0,0,0,0,0,0,37,0,0,235,1,1,0,0,1,1,1,1,1,1,2,2,0,0,0,0
3704,WLNM_dir_neg,1,0.5,00:00:00,10,90,12,1987284085,threshold_sweep,0.5,1,1,1,2,0,0,4,1,1,0,0,1,1,1,1,0.555555555556,1,1,1,37,35,2,0,37,0,35,0,2,17,37,0.136029411765,1.88235294118,4.35294117647,3.36363636364,2.84615384615,1.69341284359,0.389027274878,0.193958664547,2.09866904602,0.964253345467,0.518282988871,1.87867287326,0.863174022847,0.470588235294,0.786197569093,0.41766745858,2.25,1.88235294118,0.786197569093,2.25,0.166339869281,0.0612244897959,3,0.00441176470588,0.185952380952,17,17,17,1,0,0.352941176471,0.411764705882,0.235294117647,17,0.128676470588,1.90196078431,4.11764705882,3.18181818182,2.69230769231,1.57648156274,0.382859808093,0.201680672269,2.01465221053,0.978545359402,0.524369747899,1.74894926439,0.849489642704,0.463865546218,0.814492905316,0.428238537847,2.33333333333,1.90196078431,0.814492905316,2.33333333333,0,0,0,0,0.164242424242,17,17,17,1,0,0.352941176471,0.411764705882,0.235294117647,17,37,0.136029411765,1.88235294118,4.35294117647,3.36363636364,2.84615384615,1.69341284359,0.389027274878,0.193958664547,2.09866904602,0.964253345467,0.518282988871,1.87867287326,0.863174022847,0.470588235294,0.786197569093,0.41766745858,2.25,1.88235294118,0.786197569093,2.25,0.166339869281,0.0612244897959,3,0.00441176470588,0.185952380952,17,17,17,1,0,0.352941176471,0.411764705882,0.235294117647,0,0,0,0,0,0,0,0,0,0,0,0,0,0,0,0,0,0,0,0,0,0,0,0,0,0,0,0,0,37,0,0,235,1,1,0,0,1,1,1,1,1,1,2,2,0,0,0,0
3705,WLNM_dir_neg,1,0.5,00:00:00,10,90,12,1987284085,threshold_sweep,0.6,1,1,1,2,0,0,4,1,1,0,0,1,1,1,1,0.555555555556,1,1,1,37,35,2,0,37,0,35,0,2,17,37,0.136029411765,1.88235294118,4.35294117647,3.36363636364,2.84615384615,1.69341284359,0.389027274878,0.193958664547,2.09866904602,0.964253345467,0.518282988871,1.87867287326,0.863174022847,0.470588235294,0.786197569093,0.41766745858,2.25,1.88235294118,0.786197569093,2.25,0.166339869281,0.0612244897959,3,0.00441176470588,0.185952380952,17,17,17,1,0,0.352941176471,0.411764705882,0.235294117647,17,0.128676470588,1.90196078431,4.11764705882,3.18181818182,2.69230769231,1.57648156274,0.382859808093,0.201680672269,2.01465221053,0.978545359402,0.524369747899,1.74894926439,0.849489642704,0.463865546218,0.814492905316,0.428238537847,2.33333333333,1.90196078431,0.814492905316,2.33333333333,0,0,0,0,0.164242424242,17,17,17,1,0,0.352941176471,0.411764705882,0.235294117647,17,37,0.136029411765,1.88235294118,4.35294117647,3.36363636364,2.84615384615,1.69341284359,0.389027274878,0.193958664547,2.09866904602,0.964253345467,0.518282988871,1.87867287326,0.863174022847,0.470588235294,0.786197569093,0.41766745858,2.25,1.88235294118,0.786197569093,2.25,0.166339869281,0.0612244897959,3,0.00441176470588,0.185952380952,17,17,17,1,0,0.352941176471,0.411764705882,0.235294117647,0,0,0,0,0,0,0,0,0,0,0,0,0,0,0,0,0,0,0,0,0,0,0,0,0,0,0,0,0,37,0,0,235,1,1,0,0,1,1,1,1,1,1,2,2,0,0,0,0
3706,WLNM_dir_neg,1,0.5,00:00:00,10,90,12,1987284085,threshold_sweep,0.7,1,1,1,2,0,0,4,1,1,0,0,1,1,1,1,0.555555555556,1,1,1,37,35,2,0,37,0,35,0,2,17,37,0.136029411765,1.88235294118,4.35294117647,3.36363636364,2.84615384615,1.69341284359,0.389027274878,0.193958664547,2.09866904602,0.964253345467,0.518282988871,1.87867287326,0.863174022847,0.470588235294,0.786197569093,0.41766745858,2.25,1.88235294118,0.786197569093,2.25,0.166339869281,0.0612244897959,3,0.00441176470588,0.185952380952,17,17,17,1,0,0.352941176471,0.411764705882,0.235294117647,17,0.128676470588,1.90196078431,4.11764705882,3.18181818182,2.69230769231,1.57648156274,0.382859808093,0.201680672269,2.01465221053,0.978545359402,0.524369747899,1.74894926439,0.849489642704,0.463865546218,0.814492905316,0.428238537847,2.33333333333,1.90196078431,0.814492905316,2.33333333333,0,0,0,0,0.164242424242,17,17,17,1,0,0.352941176471,0.411764705882,0.235294117647,17,37,0.136029411765,1.88235294118,4.35294117647,3.36363636364,2.84615384615,1.69341284359,0.389027274878,0.193958664547,2.09866904602,0.964253345467,0.518282988871,1.87867287326,0.863174022847,0.470588235294,0.786197569093,0.41766745858,2.25,1.88235294118,0.786197569093,2.25,0.166339869281,0.0612244897959,3,0.00441176470588,0.185952380952,17,17,17,1,0,0.352941176471,0.411764705882,0.235294117647,0,0,0,0,0,0,0,0,0,0,0,0,0,0,0,0,0,0,0,0,0,0,0,0,0,0,0,0,0,37,0,0,235,1,1,0,0,1,1,1,1,1,1,2,2,0,0,0,0
3707,WLNM_dir_neg,1,0.5,00:00:00,10,90,12,1987284085,threshold_sweep,0.8,1,1,1,2,0,0,4,1,1,0,0,1,1,1,1,0.555555555556,1,1,1,37,35,2,0,37,0,35,0,2,17,37,0.136029411765,1.88235294118,4.35294117647,3.36363636364,2.84615384615,1.69341284359,0.389027274878,0.193958664547,2.09866904602,0.964253345467,0.518282988871,1.87867287326,0.863174022847,0.470588235294,0.786197569093,0.41766745858,2.25,1.88235294118,0.786197569093,2.25,0.166339869281,0.0612244897959,3,0.00441176470588,0.185952380952,17,17,17,1,0,0.352941176471,0.411764705882,0.235294117647,17,0.128676470588,1.90196078431,4.11764705882,3.18181818182,2.69230769231,1.57648156274,0.382859808093,0.201680672269,2.01465221053,0.978545359402,0.524369747899,1.74894926439,0.849489642704,0.463865546218,0.814492905316,0.428238537847,2.33333333333,1.90196078431,0.814492905316,2.33333333333,0,0,0,0,0.164242424242,17,17,17,1,0,0.352941176471,0.411764705882,0.235294117647,17,37,0.136029411765,1.88235294118,4.35294117647,3.36363636364,2.84615384615,1.69341284359,0.389027274878,0.193958664547,2.09866904602,0.964253345467,0.518282988871,1.87867287326,0.863174022847,0.470588235294,0.786197569093,0.41766745858,2.25,1.88235294118,0.786197569093,2.25,0.166339869281,0.0612244897959,3,0.00441176470588,0.185952380952,17,17,17,1,0,0.352941176471,0.411764705882,0.235294117647,0,0,0,0,0,0,0,0,0,0,0,0,0,0,0,0,0,0,0,0,0,0,0,0,0,0,0,0,0,37,0,0,235,1,1,0,0,1,1,1,1,1,1,2,2,0,0,0,0
3708,WLNM_dir_neg,1,0.5,00:00:00,10,90,12,1987284085,threshold_sweep,0.9,1,1,1,2,0,0,4,1,1,0,0,1,1,1,1,0.555555555556,1,1,1,37,35,2,0,37,0,35,0,2,17,37,0.136029411765,1.88235294118,4.35294117647,3.36363636364,2.84615384615,1.69341284359,0.389027274878,0.193958664547,2.09866904602,0.964253345467,0.518282988871,1.87867287326,0.863174022847,0.470588235294,0.786197569093,0.41766745858,2.25,1.88235294118,0.786197569093,2.25,0.166339869281,0.0612244897959,3,0.00441176470588,0.185952380952,17,17,17,1,0,0.352941176471,0.411764705882,0.235294117647,17,0.128676470588,1.90196078431,4.11764705882,3.18181818182,2.69230769231,1.57648156274,0.382859808093,0.201680672269,2.01465221053,0.978545359402,0.524369747899,1.74894926439,0.849489642704,0.463865546218,0.814492905316,0.428238537847,2.33333333333,1.90196078431,0.814492905316,2.33333333333,0,0,0,0,0.164242424242,17,17,17,1,0,0.352941176471,0.411764705882,0.235294117647,17,37,0.136029411765,1.88235294118,4.35294117647,3.36363636364,2.84615384615,1.69341284359,0.389027274878,0.193958664547,2.09866904602,0.964253345467,0.518282988871,1.87867287326,0.863174022847,0.470588235294,0.786197569093,0.41766745858,2.25,1.88235294118,0.786197569093,2.25,0.166339869281,0.0612244897959,3,0.00441176470588,0.185952380952,17,17,17,1,0,0.352941176471,0.411764705882,0.235294117647,0,0,0,0,0,0,0,0,0,0,0,0,0,0,0,0,0,0,0,0,0,0,0,0,0,0,0,0,0,37,0,0,235,1,1,0,0,1,1,1,1,1,1,2,2,0,0,0,0
3709,WLNM_dir_neg,1,0.5,00:00:00,10,90,13,1987284086,threshold_sweep,0.1,1,1,1,2,0,0,4,1,1,0,0,1,1,1,1,0.555555555556,1,1,1,37,35,2,0,37,0,35,0,2,17,37,0.136029411765,1.88235294118,4.35294117647,3.36363636364,2.84615384615,1.69341284359,0.389027274878,0.193958664547,2.09866904602,0.964253345467,0.518282988871,1.87867287326,0.863174022847,0.470588235294,0.786197569093,0.41766745858,2.25,1.88235294118,0.786197569093,2.25,0.166339869281,0.0612244897959,3,0.00441176470588,0.185952380952,17,17,17,1,0,0.352941176471,0.411764705882,0.235294117647,17,0.128676470588,1.90196078431,4.11764705882,3.18181818182,2.69230769231,1.57648156274,0.382859808093,0.201680672269,2.01465221053,0.978545359402,0.524369747899,1.74894926439,0.849489642704,0.463865546218,0.814492905316,0.428238537847,2.33333333333,1.90196078431,0.814492905316,2.33333333333,0,0,0,0,0.164242424242,17,17,17,1,0,0.352941176471,0.411764705882,0.235294117647,17,37,0.136029411765,1.88235294118,4.35294117647,3.36363636364,2.84615384615,1.69341284359,0.389027274878,0.193958664547,2.09866904602,0.964253345467,0.518282988871,1.87867287326,0.863174022847,0.470588235294,0.786197569093,0.41766745858,2.25,1.88235294118,0.786197569093,2.25,0.166339869281,0.0612244897959,3,0.00441176470588,0.185952380952,17,17,17,1,0,0.352941176471,0.411764705882,0.235294117647,0,0,0,0,0,0,0,0,0,0,0,0,0,0,0,0,0,0,0,0,0,0,0,0,0,0,0,0,0,37,0,0,235,1,1,0,0,1,1,1,1,1,1,2,2,0,0,0,0
3710,WLNM_dir_neg,1,0.5,00:00:00,10,90,13,1987284086,threshold_sweep,0.2,1,1,1,2,0,0,4,1,1,0,0,1,1,1,1,0.555555555556,1,1,1,37,35,2,0,37,0,35,0,2,17,37,0.136029411765,1.88235294118,4.35294117647,3.36363636364,2.84615384615,1.69341284359,0.389027274878,0.193958664547,2.09866904602,0.964253345467,0.518282988871,1.87867287326,0.863174022847,0.470588235294,0.786197569093,0.41766745858,2.25,1.88235294118,0.786197569093,2.25,0.166339869281,0.0612244897959,3,0.00441176470588,0.185952380952,17,17,17,1,0,0.352941176471,0.411764705882,0.235294117647,17,0.128676470588,1.90196078431,4.11764705882,3.18181818182,2.69230769231,1.57648156274,0.382859808093,0.201680672269,2.01465221053,0.978545359402,0.524369747899,1.74894926439,0.849489642704,0.463865546218,0.814492905316,0.428238537847,2.33333333333,1.90196078431,0.814492905316,2.33333333333,0,0,0,0,0.164242424242,17,17,17,1,0,0.352941176471,0.411764705882,0.235294117647,17,37,0.136029411765,1.88235294118,4.35294117647,3.36363636364,2.84615384615,1.69341284359,0.389027274878,0.193958664547,2.09866904602,0.964253345467,0.518282988871,1.87867287326,0.863174022847,0.470588235294,0.786197569093,0.41766745858,2.25,1.88235294118,0.786197569093,2.25,0.166339869281,0.0612244897959,3,0.00441176470588,0.185952380952,17,17,17,1,0,0.352941176471,0.411764705882,0.235294117647,0,0,0,0,0,0,0,0,0,0,0,0,0,0,0,0,0,0,0,0,0,0,0,0,0,0,0,0,0,37,0,0,235,1,1,0,0,1,1,1,1,1,1,2,2,0,0,0,0
3711,WLNM_dir_neg,1,0.5,00:00:00,10,90,13,1987284086,threshold_sweep,0.3,1,1,1,2,0,0,4,1,1,0,0,1,1,1,1,0.555555555556,1,1,1,37,35,2,0,37,0,35,0,2,17,37,0.136029411765,1.88235294118,4.35294117647,3.36363636364,2.84615384615,1.69341284359,0.389027274878,0.193958664547,2.09866904602,0.964253345467,0.518282988871,1.87867287326,0.863174022847,0.470588235294,0.786197569093,0.41766745858,2.25,1.88235294118,0.786197569093,2.25,0.166339869281,0.0612244897959,3,0.00441176470588,0.185952380952,17,17,17,1,0,0.352941176471,0.411764705882,0.235294117647,17,0.128676470588,1.90196078431,4.11764705882,3.18181818182,2.69230769231,1.57648156274,0.382859808093,0.201680672269,2.01465221053,0.978545359402,0.524369747899,1.74894926439,0.849489642704,0.463865546218,0.814492905316,0.428238537847,2.33333333333,1.90196078431,0.814492905316,2.33333333333,0,0,0,0,0.164242424242,17,17,17,1,0,0.352941176471,0.411764705882,0.235294117647,17,37,0.136029411765,1.88235294118,4.35294117647,3.36363636364,2.84615384615,1.69341284359,0.389027274878,0.193958664547,2.09866904602,0.964253345467,0.518282988871,1.87867287326,0.863174022847,0.470588235294,0.786197569093,0.41766745858,2.25,1.88235294118,0.786197569093,2.25,0.166339869281,0.0612244897959,3,0.00441176470588,0.185952380952,17,17,17,1,0,0.352941176471,0.411764705882,0.235294117647,0,0,0,0,0,0,0,0,0,0,0,0,0,0,0,0,0,0,0,0,0,0,0,0,0,0,0,0,0,37,0,0,235,1,1,0,0,1,1,1,1,1,1,2,2,0,0,0,0
3712,WLNM_dir_neg,1,0.5,00:00:00,10,90,13,1987284086,threshold_sweep,0.4,1,1,1,2,0,0,4,1,1,0,0,1,1,1,1,0.555555555556,1,1,1,37,35,2,0,37,0,35,0,2,17,37,0.136029411765,1.88235294118,4.35294117647,3.36363636364,2.84615384615,1.69341284359,0.389027274878,0.193958664547,2.09866904602,0.964253345467,0.518282988871,1.87867287326,0.863174022847,0.470588235294,0.786197569093,0.41766745858,2.25,1.88235294118,0.786197569093,2.25,0.166339869281,0.0612244897959,3,0.00441176470588,0.185952380952,17,17,17,1,0,0.352941176471,0.411764705882,0.235294117647,17,0.128676470588,1.90196078431,4.11764705882,3.18181818182,2.69230769231,1.57648156274,0.382859808093,0.201680672269,2.01465221053,0.978545359402,0.524369747899,1.74894926439,0.849489642704,0.463865546218,0.814492905316,0.428238537847,2.33333333333,1.90196078431,0.814492905316,2.33333333333,0,0,0,0,0.164242424242,17,17,17,1,0,0.352941176471,0.411764705882,0.235294117647,17,37,0.136029411765,1.88235294118,4.35294117647,3.36363636364,2.84615384615,1.69341284359,0.389027274878,0.193958664547,2.09866904602,0.964253345467,0.518282988871,1.87867287326,0.863174022847,0.470588235294,0.786197569093,0.41766745858,2.25,1.88235294118,0.786197569093,2.25,0.166339869281,0.0612244897959,3,0.00441176470588,0.185952380952,17,17,17,1,0,0.352941176471,0.411764705882,0.235294117647,0,0,0,0,0,0,0,0,0,0,0,0,0,0,0,0,0,0,0,0,0,0,0,0,0,0,0,0,0,37,0,0,235,1,1,0,0,1,1,1,1,1,1,2,2,0,0,0,0
3713,WLNM_dir_neg,1,0.5,00:00:00,10,90,13,1987284086,threshold_sweep,0.5,1,1,1,2,0,0,4,1,1,0,0,1,1,1,1,0.555555555556,1,1,1,37,35,2,0,37,0,35,0,2,17,37,0.136029411765,1.88235294118,4.35294117647,3.36363636364,2.84615384615,1.69341284359,0.389027274878,0.193958664547,2.09866904602,0.964253345467,0.518282988871,1.87867287326,0.863174022847,0.470588235294,0.786197569093,0.41766745858,2.25,1.88235294118,0.786197569093,2.25,0.166339869281,0.0612244897959,3,0.00441176470588,0.185952380952,17,17,17,1,0,0.352941176471,0.411764705882,0.235294117647,17,0.128676470588,1.90196078431,4.11764705882,3.18181818182,2.69230769231,1.57648156274,0.382859808093,0.201680672269,2.01465221053,0.978545359402,0.524369747899,1.74894926439,0.849489642704,0.463865546218,0.814492905316,0.428238537847,2.33333333333,1.90196078431,0.814492905316,2.33333333333,0,0,0,0,0.164242424242,17,17,17,1,0,0.352941176471,0.411764705882,0.235294117647,17,37,0.136029411765,1.88235294118,4.35294117647,3.36363636364,2.84615384615,1.69341284359,0.389027274878,0.193958664547,2.09866904602,0.964253345467,0.518282988871,1.87867287326,0.863174022847,0.470588235294,0.786197569093,0.41766745858,2.25,1.88235294118,0.786197569093,2.25,0.166339869281,0.0612244897959,3,0.00441176470588,0.185952380952,17,17,17,1,0,0.352941176471,0.411764705882,0.235294117647,0,0,0,0,0,0,0,0,0,0,0,0,0,0,0,0,0,0,0,0,0,0,0,0,0,0,0,0,0,37,0,0,235,1,1,0,0,1,1,1,1,1,1,2,2,0,0,0,0
3714,WLNM_dir_neg,1,0.5,00:00:00,10,90,13,1987284086,threshold_sweep,0.6,1,1,1,2,0,0,4,1,1,0,0,1,1,1,1,0.555555555556,1,1,1,37,35,2,0,37,0,35,0,2,17,37,0.136029411765,1.88235294118,4.35294117647,3.36363636364,2.84615384615,1.69341284359,0.389027274878,0.193958664547,2.09866904602,0.964253345467,0.518282988871,1.87867287326,0.863174022847,0.470588235294,0.786197569093,0.41766745858,2.25,1.88235294118,0.786197569093,2.25,0.166339869281,0.0612244897959,3,0.00441176470588,0.185952380952,17,17,17,1,0,0.352941176471,0.411764705882,0.235294117647,17,0.128676470588,1.90196078431,4.11764705882,3.18181818182,2.69230769231,1.57648156274,0.382859808093,0.201680672269,2.01465221053,0.978545359402,0.524369747899,1.74894926439,0.849489642704,0.463865546218,0.814492905316,0.428238537847,2.33333333333,1.90196078431,0.814492905316,2.33333333333,0,0,0,0,0.164242424242,17,17,17,1,0,0.352941176471,0.411764705882,0.235294117647,17,37,0.136029411765,1.88235294118,4.35294117647,3.36363636364,2.84615384615,1.69341284359,0.389027274878,0.193958664547,2.09866904602,0.964253345467,0.518282988871,1.87867287326,0.863174022847,0.470588235294,0.786197569093,0.41766745858,2.25,1.88235294118,0.786197569093,2.25,0.166339869281,0.0612244897959,3,0.00441176470588,0.185952380952,17,17,17,1,0,0.352941176471,0.411764705882,0.235294117647,0,0,0,0,0,0,0,0,0,0,0,0,0,0,0,0,0,0,0,0,0,0,0,0,0,0,0,0,0,37,0,0,235,1,1,0,0,1,1,1,1,1,1,2,2,0,0,0,0
3715,WLNM_dir_neg,1,0.5,00:00:00,10,90,13,1987284086,threshold_sweep,0.7,1,1,1,2,0,0,4,1,1,0,0,1,1,1,1,0.555555555556,1,1,1,37,35,2,0,37,0,35,0,2,17,37,0.136029411765,1.88235294118,4.35294117647,3.36363636364,2.84615384615,1.69341284359,0.389027274878,0.193958664547,2.09866904602,0.964253345467,0.518282988871,1.87867287326,0.863174022847,0.470588235294,0.786197569093,0.41766745858,2.25,1.88235294118,0.786197569093,2.25,0.166339869281,0.0612244897959,3,0.00441176470588,0.185952380952,17,17,17,1,0,0.352941176471,0.411764705882,0.235294117647,17,0.128676470588,1.90196078431,4.11764705882,3.18181818182,2.69230769231,1.57648156274,0.382859808093,0.201680672269,2.01465221053,0.978545359402,0.524369747899,1.74894926439,0.849489642704,0.463865546218,0.814492905316,0.428238537847,2.33333333333,1.90196078431,0.814492905316,2.33333333333,0,0,0,0,0.164242424242,17,17,17,1,0,0.352941176471,0.411764705882,0.235294117647,17,37,0.136029411765,1.88235294118,4.35294117647,3.36363636364,2.84615384615,1.69341284359,0.389027274878,0.193958664547,2.09866904602,0.964253345467,0.518282988871,1.87867287326,0.863174022847,0.470588235294,0.786197569093,0.41766745858,2.25,1.88235294118,0.786197569093,2.25,0.166339869281,0.0612244897959,3,0.00441176470588,0.185952380952,17,17,17,1,0,0.352941176471,0.411764705882,0.235294117647,0,0,0,0,0,0,0,0,0,0,0,0,0,0,0,0,0,0,0,0,0,0,0,0,0,0,0,0,0,37,0,0,235,1,1,0,0,1,1,1,1,1,1,2,2,0,0,0,0
3716,WLNM_dir_neg,1,0.5,00:00:00,10,90,13,1987284086,threshold_sweep,0.8,1,1,1,2,0,0,4,1,1,0,0,1,1,1,1,0.555555555556,1,1,1,37,35,2,0,37,0,35,0,2,17,37,0.136029411765,1.88235294118,4.35294117647,3.36363636364,2.84615384615,1.69341284359,0.389027274878,0.193958664547,2.09866904602,0.964253345467,0.518282988871,1.87867287326,0.863174022847,0.470588235294,0.786197569093,0.41766745858,2.25,1.88235294118,0.786197569093,2.25,0.166339869281,0.0612244897959,3,0.00441176470588,0.185952380952,17,17,17,1,0,0.352941176471,0.411764705882,0.235294117647,17,0.128676470588,1.90196078431,4.11764705882,3.18181818182,2.69230769231,1.57648156274,0.382859808093,0.201680672269,2.01465221053,0.978545359402,0.524369747899,1.74894926439,0.849489642704,0.463865546218,0.814492905316,0.428238537847,2.33333333333,1.90196078431,0.814492905316,2.33333333333,0,0,0,0,0.164242424242,17,17,17,1,0,0.352941176471,0.411764705882,0.235294117647,17,37,0.136029411765,1.88235294118,4.35294117647,3.36363636364,2.84615384615,1.69341284359,0.389027274878,0.193958664547,2.09866904602,0.964253345467,0.518282988871,1.87867287326,0.863174022847,0.470588235294,0.786197569093,0.41766745858,2.25,1.88235294118,0.786197569093,2.25,0.166339869281,0.0612244897959,3,0.00441176470588,0.185952380952,17,17,17,1,0,0.352941176471,0.411764705882,0.235294117647,0,0,0,0,0,0,0,0,0,0,0,0,0,0,0,0,0,0,0,0,0,0,0,0,0,0,0,0,0,37,0,0,235,1,1,0,0,1,1,1,1,1,1,2,2,0,0,0,0
3717,WLNM_dir_neg,1,0.5,00:00:00,10,90,13,1987284086,threshold_sweep,0.9,1,1,1,2,0,0,4,1,1,0,0,1,1,1,1,0.555555555556,1,1,1,37,35,2,0,37,0,35,0,2,17,37,0.136029411765,1.88235294118,4.35294117647,3.36363636364,2.84615384615,1.69341284359,0.389027274878,0.193958664547,2.09866904602,0.964253345467,0.518282988871,1.87867287326,0.863174022847,0.470588235294,0.786197569093,0.41766745858,2.25,1.88235294118,0.786197569093,2.25,0.166339869281,0.0612244897959,3,0.00441176470588,0.185952380952,17,17,17,1,0,0.352941176471,0.411764705882,0.235294117647,17,0.128676470588,1.90196078431,4.11764705882,3.18181818182,2.69230769231,1.57648156274,0.382859808093,0.201680672269,2.01465221053,0.978545359402,0.524369747899,1.74894926439,0.849489642704,0.463865546218,0.814492905316,0.428238537847,2.33333333333,1.90196078431,0.814492905316,2.33333333333,0,0,0,0,0.164242424242,17,17,17,1,0,0.352941176471,0.411764705882,0.235294117647,17,37,0.136029411765,1.88235294118,4.35294117647,3.36363636364,2.84615384615,1.69341284359,0.389027274878,0.193958664547,2.09866904602,0.964253345467,0.518282988871,1.87867287326,0.863174022847,0.470588235294,0.786197569093,0.41766745858,2.25,1.88235294118,0.786197569093,2.25,0.166339869281,0.0612244897959,3,0.00441176470588,0.185952380952,17,17,17,1,0,0.352941176471,0.411764705882,0.235294117647,0,0,0,0,0,0,0,0,0,0,0,0,0,0,0,0,0,0,0,0,0,0,0,0,0,0,0,0,0,37,0,0,235,1,1,0,0,1,1,1,1,1,1,2,2,0,0,0,0
3718,WLNM_dir_neg,1,0.5,00:00:00,10,90,14,1987284087,threshold_sweep,0.1,1,1,1,2,0,0,4,1,1,0,0,1,1,1,1,0.555555555556,1,1,1,37,35,2,0,37,0,35,0,2,17,37,0.136029411765,1.88235294118,4.35294117647,3.36363636364,2.84615384615,1.69341284359,0.389027274878,0.193958664547,2.09866904602,0.964253345467,0.518282988871,1.87867287326,0.863174022847,0.470588235294,0.786197569093,0.41766745858,2.25,1.88235294118,0.786197569093,2.25,0.166339869281,0.0612244897959,3,0.00441176470588,0.185952380952,17,17,17,1,0,0.352941176471,0.411764705882,0.235294117647,17,0.128676470588,1.90196078431,4.11764705882,3.18181818182,2.69230769231,1.57648156274,0.382859808093,0.201680672269,2.01465221053,0.978545359402,0.524369747899,1.74894926439,0.849489642704,0.463865546218,0.814492905316,0.428238537847,2.33333333333,1.90196078431,0.814492905316,2.33333333333,0,0,0,0,0.164242424242,17,17,17,1,0,0.352941176471,0.411764705882,0.235294117647,17,37,0.136029411765,1.88235294118,4.35294117647,3.36363636364,2.84615384615,1.69341284359,0.389027274878,0.193958664547,2.09866904602,0.964253345467,0.518282988871,1.87867287326,0.863174022847,0.470588235294,0.786197569093,0.41766745858,2.25,1.88235294118,0.786197569093,2.25,0.166339869281,0.0612244897959,3,0.00441176470588,0.185952380952,17,17,17,1,0,0.352941176471,0.411764705882,0.235294117647,0,0,0,0,0,0,0,0,0,0,0,0,0,0,0,0,0,0,0,0,0,0,0,0,0,0,0,0,0,37,0,0,235,1,1,0,0,1,1,1,1,1,1,2,2,0,0,0,0
3719,WLNM_dir_neg,1,0.5,00:00:00,10,90,14,1987284087,threshold_sweep,0.2,1,1,1,2,0,0,4,1,1,0,0,1,1,1,1,0.555555555556,1,1,1,37,35,2,0,37,0,35,0,2,17,37,0.136029411765,1.88235294118,4.35294117647,3.36363636364,2.84615384615,1.69341284359,0.389027274878,0.193958664547,2.09866904602,0.964253345467,0.518282988871,1.87867287326,0.863174022847,0.470588235294,0.786197569093,0.41766745858,2.25,1.88235294118,0.786197569093,2.25,0.166339869281,0.0612244897959,3,0.00441176470588,0.185952380952,17,17,17,1,0,0.352941176471,0.411764705882,0.235294117647,17,0.128676470588,1.90196078431,4.11764705882,3.18181818182,2.69230769231,1.57648156274,0.382859808093,0.201680672269,2.01465221053,0.978545359402,0.524369747899,1.74894926439,0.849489642704,0.463865546218,0.814492905316,0.428238537847,2.33333333333,1.90196078431,0.814492905316,2.33333333333,0,0,0,0,0.164242424242,17,17,17,1,0,0.352941176471,0.411764705882,0.235294117647,17,37,0.136029411765,1.88235294118,4.35294117647,3.36363636364,2.84615384615,1.69341284359,0.389027274878,0.193958664547,2.09866904602,0.964253345467,0.518282988871,1.87867287326,0.863174022847,0.470588235294,0.786197569093,0.41766745858,2.25,1.88235294118,0.786197569093,2.25,0.166339869281,0.0612244897959,3,0.00441176470588,0.185952380952,17,17,17,1,0,0.352941176471,0.411764705882,0.235294117647,0,0,0,0,0,0,0,0,0,0,0,0,0,0,0,0,0,0,0,0,0,0,0,0,0,0,0,0,0,37,0,0,235,1,1,0,0,1,1,1,1,1,1,2,2,0,0,0,0
3720,WLNM_dir_neg,1,0.5,00:00:00,10,90,14,1987284087,threshold_sweep,0.3,1,1,1,2,0,0,4,1,1,0,0,1,1,1,1,0.555555555556,1,1,1,37,35,2,0,37,0,35,0,2,17,37,0.136029411765,1.88235294118,4.35294117647,3.36363636364,2.84615384615,1.69341284359,0.389027274878,0.193958664547,2.09866904602,0.964253345467,0.518282988871,1.87867287326,0.863174022847,0.470588235294,0.786197569093,0.41766745858,2.25,1.88235294118,0.786197569093,2.25,0.166339869281,0.0612244897959,3,0.00441176470588,0.185952380952,17,17,17,1,0,0.352941176471,0.411764705882,0.235294117647,17,0.128676470588,1.90196078431,4.11764705882,3.18181818182,2.69230769231,1.57648156274,0.382859808093,0.201680672269,2.01465221053,0.978545359402,0.524369747899,1.74894926439,0.849489642704,0.463865546218,0.814492905316,0.428238537847,2.33333333333,1.90196078431,0.814492905316,2.33333333333,0,0,0,0,0.164242424242,17,17,17,1,0,0.352941176471,0.411764705882,0.235294117647,17,37,0.136029411765,1.88235294118,4.35294117647,3.36363636364,2.84615384615,1.69341284359,0.389027274878,0.193958664547,2.09866904602,0.964253345467,0.518282988871,1.87867287326,0.863174022847,0.470588235294,0.786197569093,0.41766745858,2.25,1.88235294118,0.786197569093,2.25,0.166339869281,0.0612244897959,3,0.00441176470588,0.185952380952,17,17,17,1,0,0.352941176471,0.411764705882,0.235294117647,0,0,0,0,0,0,0,0,0,0,0,0,0,0,0,0,0,0,0,0,0,0,0,0,0,0,0,0,0,37,0,0,235,1,1,0,0,1,1,1,1,1,1,2,2,0,0,0,0
3721,WLNM_dir_neg,1,0.5,00:00:00,10,90,14,1987284087,threshold_sweep,0.4,1,1,1,2,0,0,4,1,1,0,0,1,1,1,1,0.555555555556,1,1,1,37,35,2,0,37,0,35,0,2,17,37,0.136029411765,1.88235294118,4.35294117647,3.36363636364,2.84615384615,1.69341284359,0.389027274878,0.193958664547,2.09866904602,0.964253345467,0.518282988871,1.87867287326,0.863174022847,0.470588235294,0.786197569093,0.41766745858,2.25,1.88235294118,0.786197569093,2.25,0.166339869281,0.0612244897959,3,0.00441176470588,0.185952380952,17,17,17,1,0,0.352941176471,0.411764705882,0.235294117647,17,0.128676470588,1.90196078431,4.11764705882,3.18181818182,2.69230769231,1.57648156274,0.382859808093,0.201680672269,2.01465221053,0.978545359402,0.524369747899,1.74894926439,0.849489642704,0.463865546218,0.814492905316,0.428238537847,2.33333333333,1.90196078431,0.814492905316,2.33333333333,0,0,0,0,0.164242424242,17,17,17,1,0,0.352941176471,0.411764705882,0.235294117647,17,37,0.136029411765,1.88235294118,4.35294117647,3.36363636364,2.84615384615,1.69341284359,0.389027274878,0.193958664547,2.09866904602,0.964253345467,0.518282988871,1.87867287326,0.863174022847,0.470588235294,0.786197569093,0.41766745858,2.25,1.88235294118,0.786197569093,2.25,0.166339869281,0.0612244897959,3,0.00441176470588,0.185952380952,17,17,17,1,0,0.352941176471,0.411764705882,0.235294117647,0,0,0,0,0,0,0,0,0,0,0,0,0,0,0,0,0,0,0,0,0,0,0,0,0,0,0,0,0,37,0,0,235,1,1,0,0,1,1,1,1,1,1,2,2,0,0,0,0
3722,WLNM_dir_neg,1,0.5,00:00:00,10,90,14,1987284087,threshold_sweep,0.5,1,1,1,2,0,0,4,1,1,0,0,1,1,1,1,0.555555555556,1,1,1,37,35,2,0,37,0,35,0,2,17,37,0.136029411765,1.88235294118,4.35294117647,3.36363636364,2.84615384615,1.69341284359,0.389027274878,0.193958664547,2.09866904602,0.964253345467,0.518282988871,1.87867287326,0.863174022847,0.470588235294,0.786197569093,0.41766745858,2.25,1.88235294118,0.786197569093,2.25,0.166339869281,0.0612244897959,3,0.00441176470588,0.185952380952,17,17,17,1,0,0.352941176471,0.411764705882,0.235294117647,17,0.128676470588,1.90196078431,4.11764705882,3.18181818182,2.69230769231,1.57648156274,0.382859808093,0.201680672269,2.01465221053,0.978545359402,0.524369747899,1.74894926439,0.849489642704,0.463865546218,0.814492905316,0.428238537847,2.33333333333,1.90196078431,0.814492905316,2.33333333333,0,0,0,0,0.164242424242,17,17,17,1,0,0.352941176471,0.411764705882,0.235294117647,17,37,0.136029411765,1.88235294118,4.35294117647,3.36363636364,2.84615384615,1.69341284359,0.389027274878,0.193958664547,2.09866904602,0.964253345467,0.518282988871,1.87867287326,0.863174022847,0.470588235294,0.786197569093,0.41766745858,2.25,1.88235294118,0.786197569093,2.25,0.166339869281,0.0612244897959,3,0.00441176470588,0.185952380952,17,17,17,1,0,0.352941176471,0.411764705882,0.235294117647,0,0,0,0,0,0,0,0,0,0,0,0,0,0,0,0,0,0,0,0,0,0,0,0,0,0,0,0,0,37,0,0,235,1,1,0,0,1,1,1,1,1,1,2,2,0,0,0,0
3723,WLNM_dir_neg,1,0.5,00:00:00,10,90,14,1987284087,threshold_sweep,0.6,1,1,1,2,0,0,4,1,1,0,0,1,1,1,1,0.555555555556,1,1,1,37,35,2,0,37,0,35,0,2,17,37,0.136029411765,1.88235294118,4.35294117647,3.36363636364,2.84615384615,1.69341284359,0.389027274878,0.193958664547,2.09866904602,0.964253345467,0.518282988871,1.87867287326,0.863174022847,0.470588235294,0.786197569093,0.41766745858,2.25,1.88235294118,0.786197569093,2.25,0.166339869281,0.0612244897959,3,0.00441176470588,0.185952380952,17,17,17,1,0,0.352941176471,0.411764705882,0.235294117647,17,0.128676470588,1.90196078431,4.11764705882,3.18181818182,2.69230769231,1.57648156274,0.382859808093,0.201680672269,2.01465221053,0.978545359402,0.524369747899,1.74894926439,0.849489642704,0.463865546218,0.814492905316,0.428238537847,2.33333333333,1.90196078431,0.814492905316,2.33333333333,0,0,0,0,0.164242424242,17,17,17,1,0,0.352941176471,0.411764705882,0.235294117647,17,37,0.136029411765,1.88235294118,4.35294117647,3.36363636364,2.84615384615,1.69341284359,0.389027274878,0.193958664547,2.09866904602,0.964253345467,0.518282988871,1.87867287326,0.863174022847,0.470588235294,0.786197569093,0.41766745858,2.25,1.88235294118,0.786197569093,2.25,0.166339869281,0.0612244897959,3,0.00441176470588,0.185952380952,17,17,17,1,0,0.352941176471,0.411764705882,0.235294117647,0,0,0,0,0,0,0,0,0,0,0,0,0,0,0,0,0,0,0,0,0,0,0,0,0,0,0,0,0,37,0,0,235,1,1,0,0,1,1,1,1,1,1,2,2,0,0,0,0
3724,WLNM_dir_neg,1,0.5,00:00:00,10,90,14,1987284087,threshold_sweep,0.7,1,1,1,2,0,0,4,1,1,0,0,1,1,1,1,0.555555555556,1,1,1,37,35,2,0,37,0,35,0,2,17,37,0.136029411765,1.88235294118,4.35294117647,3.36363636364,2.84615384615,1.69341284359,0.389027274878,0.193958664547,2.09866904602,0.964253345467,0.518282988871,1.87867287326,0.863174022847,0.470588235294,0.786197569093,0.41766745858,2.25,1.88235294118,0.786197569093,2.25,0.166339869281,0.0612244897959,3,0.00441176470588,0.185952380952,17,17,17,1,0,0.352941176471,0.411764705882,0.235294117647,17,0.128676470588,1.90196078431,4.11764705882,3.18181818182,2.69230769231,1.57648156274,0.382859808093,0.201680672269,2.01465221053,0.978545359402,0.524369747899,1.74894926439,0.849489642704,0.463865546218,0.814492905316,0.428238537847,2.33333333333,1.90196078431,0.814492905316,2.33333333333,0,0,0,0,0.164242424242,17,17,17,1,0,0.352941176471,0.411764705882,0.235294117647,17,37,0.136029411765,1.88235294118,4.35294117647,3.36363636364,2.84615384615,1.69341284359,0.389027274878,0.193958664547,2.09866904602,0.964253345467,0.518282988871,1.87867287326,0.863174022847,0.470588235294,0.786197569093,0.41766745858,2.25,1.88235294118,0.786197569093,2.25,0.166339869281,0.0612244897959,3,0.00441176470588,0.185952380952,17,17,17,1,0,0.352941176471,0.411764705882,0.235294117647,0,0,0,0,0,0,0,0,0,0,0,0,0,0,0,0,0,0,0,0,0,0,0,0,0,0,0,0,0,37,0,0,235,1,1,0,0,1,1,1,1,1,1,2,2,0,0,0,0
3725,WLNM_dir_neg,1,0.5,00:00:00,10,90,14,1987284087,threshold_sweep,0.8,1,1,1,2,0,0,4,1,1,0,0,1,1,1,1,0.555555555556,1,1,1,37,35,2,0,37,0,35,0,2,17,37,0.136029411765,1.88235294118,4.35294117647,3.36363636364,2.84615384615,1.69341284359,0.389027274878,0.193958664547,2.09866904602,0.964253345467,0.518282988871,1.87867287326,0.863174022847,0.470588235294,0.786197569093,0.41766745858,2.25,1.88235294118,0.786197569093,2.25,0.166339869281,0.0612244897959,3,0.00441176470588,0.185952380952,17,17,17,1,0,0.352941176471,0.411764705882,0.235294117647,17,0.128676470588,1.90196078431,4.11764705882,3.18181818182,2.69230769231,1.57648156274,0.382859808093,0.201680672269,2.01465221053,0.978545359402,0.524369747899,1.74894926439,0.849489642704,0.463865546218,0.814492905316,0.428238537847,2.33333333333,1.90196078431,0.814492905316,2.33333333333,0,0,0,0,0.164242424242,17,17,17,1,0,0.352941176471,0.411764705882,0.235294117647,17,37,0.136029411765,1.88235294118,4.35294117647,3.36363636364,2.84615384615,1.69341284359,0.389027274878,0.193958664547,2.09866904602,0.964253345467,0.518282988871,1.87867287326,0.863174022847,0.470588235294,0.786197569093,0.41766745858,2.25,1.88235294118,0.786197569093,2.25,0.166339869281,0.0612244897959,3,0.00441176470588,0.185952380952,17,17,17,1,0,0.352941176471,0.411764705882,0.235294117647,0,0,0,0,0,0,0,0,0,0,0,0,0,0,0,0,0,0,0,0,0,0,0,0,0,0,0,0,0,37,0,0,235,1,1,0,0,1,1,1,1,1,1,2,2,0,0,0,0
3726,WLNM_dir_neg,1,0.5,00:00:00,10,90,14,1987284087,threshold_sweep,0.9,1,1,1,2,0,0,4,1,1,0,0,1,1,1,1,0.555555555556,1,1,1,37,35,2,0,37,0,35,0,2,17,37,0.136029411765,1.88235294118,4.35294117647,3.36363636364,2.84615384615,1.69341284359,0.389027274878,0.193958664547,2.09866904602,0.964253345467,0.518282988871,1.87867287326,0.863174022847,0.470588235294,0.786197569093,0.41766745858,2.25,1.88235294118,0.786197569093,2.25,0.166339869281,0.0612244897959,3,0.00441176470588,0.185952380952,17,17,17,1,0,0.352941176471,0.411764705882,0.235294117647,17,0.128676470588,1.90196078431,4.11764705882,3.18181818182,2.69230769231,1.57648156274,0.382859808093,0.201680672269,2.01465221053,0.978545359402,0.524369747899,1.74894926439,0.849489642704,0.463865546218,0.814492905316,0.428238537847,2.33333333333,1.90196078431,0.814492905316,2.33333333333,0,0,0,0,0.164242424242,17,17,17,1,0,0.352941176471,0.411764705882,0.235294117647,17,37,0.136029411765,1.88235294118,4.35294117647,3.36363636364,2.84615384615,1.69341284359,0.389027274878,0.193958664547,2.09866904602,0.964253345467,0.518282988871,1.87867287326,0.863174022847,0.470588235294,0.786197569093,0.41766745858,2.25,1.88235294118,0.786197569093,2.25,0.166339869281,0.0612244897959,3,0.00441176470588,0.185952380952,17,17,17,1,0,0.352941176471,0.411764705882,0.235294117647,0,0,0,0,0,0,0,0,0,0,0,0,0,0,0,0,0,0,0,0,0,0,0,0,0,0,0,0,0,37,0,0,235,1,1,0,0,1,1,1,1,1,1,2,2,0,0,0,0
3727,WLNM_dir_neg,1,0.5,00:00:00,10,90,15,1987284088,threshold_sweep,0.1,1,1,1,2,0,0,4,1,1,0,0,1,1,1,1,0.555555555556,1,1,1,37,35,2,0,37,0,35,0,2,17,37,0.136029411765,1.88235294118,4.35294117647,3.36363636364,2.84615384615,1.69341284359,0.389027274878,0.193958664547,2.09866904602,0.964253345467,0.518282988871,1.87867287326,0.863174022847,0.470588235294,0.786197569093,0.41766745858,2.25,1.88235294118,0.786197569093,2.25,0.166339869281,0.0612244897959,3,0.00441176470588,0.185952380952,17,17,17,1,0,0.352941176471,0.411764705882,0.235294117647,17,0.128676470588,1.90196078431,4.11764705882,3.18181818182,2.69230769231,1.57648156274,0.382859808093,0.201680672269,2.01465221053,0.978545359402,0.524369747899,1.74894926439,0.849489642704,0.463865546218,0.814492905316,0.428238537847,2.33333333333,1.90196078431,0.814492905316,2.33333333333,0,0,0,0,0.164242424242,17,17,17,1,0,0.352941176471,0.411764705882,0.235294117647,17,37,0.136029411765,1.88235294118,4.35294117647,3.36363636364,2.84615384615,1.69341284359,0.389027274878,0.193958664547,2.09866904602,0.964253345467,0.518282988871,1.87867287326,0.863174022847,0.470588235294,0.786197569093,0.41766745858,2.25,1.88235294118,0.786197569093,2.25,0.166339869281,0.0612244897959,3,0.00441176470588,0.185952380952,17,17,17,1,0,0.352941176471,0.411764705882,0.235294117647,0,0,0,0,0,0,0,0,0,0,0,0,0,0,0,0,0,0,0,0,0,0,0,0,0,0,0,0,0,37,0,0,235,1,1,0,0,1,1,1,1,1,1,2,2,0,0,0,0
3728,WLNM_dir_neg,1,0.5,00:00:00,10,90,15,1987284088,threshold_sweep,0.2,1,1,1,2,0,0,4,1,1,0,0,1,1,1,1,0.555555555556,1,1,1,37,35,2,0,37,0,35,0,2,17,37,0.136029411765,1.88235294118,4.35294117647,3.36363636364,2.84615384615,1.69341284359,0.389027274878,0.193958664547,2.09866904602,0.964253345467,0.518282988871,1.87867287326,0.863174022847,0.470588235294,0.786197569093,0.41766745858,2.25,1.88235294118,0.786197569093,2.25,0.166339869281,0.0612244897959,3,0.00441176470588,0.185952380952,17,17,17,1,0,0.352941176471,0.411764705882,0.235294117647,17,0.128676470588,1.90196078431,4.11764705882,3.18181818182,2.69230769231,1.57648156274,0.382859808093,0.201680672269,2.01465221053,0.978545359402,0.524369747899,1.74894926439,0.849489642704,0.463865546218,0.814492905316,0.428238537847,2.33333333333,1.90196078431,0.814492905316,2.33333333333,0,0,0,0,0.164242424242,17,17,17,1,0,0.352941176471,0.411764705882,0.235294117647,17,37,0.136029411765,1.88235294118,4.35294117647,3.36363636364,2.84615384615,1.69341284359,0.389027274878,0.193958664547,2.09866904602,0.964253345467,0.518282988871,1.87867287326,0.863174022847,0.470588235294,0.786197569093,0.41766745858,2.25,1.88235294118,0.786197569093,2.25,0.166339869281,0.0612244897959,3,0.00441176470588,0.185952380952,17,17,17,1,0,0.352941176471,0.411764705882,0.235294117647,0,0,0,0,0,0,0,0,0,0,0,0,0,0,0,0,0,0,0,0,0,0,0,0,0,0,0,0,0,37,0,0,235,1,1,0,0,1,1,1,1,1,1,2,2,0,0,0,0
3729,WLNM_dir_neg,1,0.5,00:00:00,10,90,15,1987284088,threshold_sweep,0.3,1,1,1,2,0,0,4,1,1,0,0,1,1,1,1,0.555555555556,1,1,1,37,35,2,0,37,0,35,0,2,17,37,0.136029411765,1.88235294118,4.35294117647,3.36363636364,2.84615384615,1.69341284359,0.389027274878,0.193958664547,2.09866904602,0.964253345467,0.518282988871,1.87867287326,0.863174022847,0.470588235294,0.786197569093,0.41766745858,2.25,1.88235294118,0.786197569093,2.25,0.166339869281,0.0612244897959,3,0.00441176470588,0.185952380952,17,17,17,1,0,0.352941176471,0.411764705882,0.235294117647,17,0.128676470588,1.90196078431,4.11764705882,3.18181818182,2.69230769231,1.57648156274,0.382859808093,0.201680672269,2.01465221053,0.978545359402,0.524369747899,1.74894926439,0.849489642704,0.463865546218,0.814492905316,0.428238537847,2.33333333333,1.90196078431,0.814492905316,2.33333333333,0,0,0,0,0.164242424242,17,17,17,1,0,0.352941176471,0.411764705882,0.235294117647,17,37,0.136029411765,1.88235294118,4.35294117647,3.36363636364,2.84615384615,1.69341284359,0.389027274878,0.193958664547,2.09866904602,0.964253345467,0.518282988871,1.87867287326,0.863174022847,0.470588235294,0.786197569093,0.41766745858,2.25,1.88235294118,0.786197569093,2.25,0.166339869281,0.0612244897959,3,0.00441176470588,0.185952380952,17,17,17,1,0,0.352941176471,0.411764705882,0.235294117647,0,0,0,0,0,0,0,0,0,0,0,0,0,0,0,0,0,0,0,0,0,0,0,0,0,0,0,0,0,37,0,0,235,1,1,0,0,1,1,1,1,1,1,2,2,0,0,0,0
3730,WLNM_dir_neg,1,0.5,00:00:00,10,90,15,1987284088,threshold_sweep,0.4,1,1,1,2,0,0,4,1,1,0,0,1,1,1,1,0.555555555556,1,1,1,37,35,2,0,37,0,35,0,2,17,37,0.136029411765,1.88235294118,4.35294117647,3.36363636364,2.84615384615,1.69341284359,0.389027274878,0.193958664547,2.09866904602,0.964253345467,0.518282988871,1.87867287326,0.863174022847,0.470588235294,0.786197569093,0.41766745858,2.25,1.88235294118,0.786197569093,2.25,0.166339869281,0.0612244897959,3,0.00441176470588,0.185952380952,17,17,17,1,0,0.352941176471,0.411764705882,0.235294117647,17,0.128676470588,1.90196078431,4.11764705882,3.18181818182,2.69230769231,1.57648156274,0.382859808093,0.201680672269,2.01465221053,0.978545359402,0.524369747899,1.74894926439,0.849489642704,0.463865546218,0.814492905316,0.428238537847,2.33333333333,1.90196078431,0.814492905316,2.33333333333,0,0,0,0,0.164242424242,17,17,17,1,0,0.352941176471,0.411764705882,0.235294117647,17,37,0.136029411765,1.88235294118,4.35294117647,3.36363636364,2.84615384615,1.69341284359,0.389027274878,0.193958664547,2.09866904602,0.964253345467,0.518282988871,1.87867287326,0.863174022847,0.470588235294,0.786197569093,0.41766745858,2.25,1.88235294118,0.786197569093,2.25,0.166339869281,0.0612244897959,3,0.00441176470588,0.185952380952,17,17,17,1,0,0.352941176471,0.411764705882,0.235294117647,0,0,0,0,0,0,0,0,0,0,0,0,0,0,0,0,0,0,0,0,0,0,0,0,0,0,0,0,0,37,0,0,235,1,1,0,0,1,1,1,1,1,1,2,2,0,0,0,0
3731,WLNM_dir_neg,1,0.5,00:00:00,10,90,15,1987284088,threshold_sweep,0.5,1,1,1,2,0,0,4,1,1,0,0,1,1,1,1,0.555555555556,1,1,1,37,35,2,0,37,0,35,0,2,17,37,0.136029411765,1.88235294118,4.35294117647,3.36363636364,2.84615384615,1.69341284359,0.389027274878,0.193958664547,2.09866904602,0.964253345467,0.518282988871,1.87867287326,0.863174022847,0.470588235294,0.786197569093,0.41766745858,2.25,1.88235294118,0.786197569093,2.25,0.166339869281,0.0612244897959,3,0.00441176470588,0.185952380952,17,17,17,1,0,0.352941176471,0.411764705882,0.235294117647,17,0.128676470588,1.90196078431,4.11764705882,3.18181818182,2.69230769231,1.57648156274,0.382859808093,0.201680672269,2.01465221053,0.978545359402,0.524369747899,1.74894926439,0.849489642704,0.463865546218,0.814492905316,0.428238537847,2.33333333333,1.90196078431,0.814492905316,2.33333333333,0,0,0,0,0.164242424242,17,17,17,1,0,0.352941176471,0.411764705882,0.235294117647,17,37,0.136029411765,1.88235294118,4.35294117647,3.36363636364,2.84615384615,1.69341284359,0.389027274878,0.193958664547,2.09866904602,0.964253345467,0.518282988871,1.87867287326,0.863174022847,0.470588235294,0.786197569093,0.41766745858,2.25,1.88235294118,0.786197569093,2.25,0.166339869281,0.0612244897959,3,0.00441176470588,0.185952380952,17,17,17,1,0,0.352941176471,0.411764705882,0.235294117647,0,0,0,0,0,0,0,0,0,0,0,0,0,0,0,0,0,0,0,0,0,0,0,0,0,0,0,0,0,37,0,0,235,1,1,0,0,1,1,1,1,1,1,2,2,0,0,0,0
3732,WLNM_dir_neg,1,0.5,00:00:00,10,90,15,1987284088,threshold_sweep,0.6,1,1,1,2,0,0,4,1,1,0,0,1,1,1,1,0.555555555556,1,1,1,37,35,2,0,37,0,35,0,2,17,37,0.136029411765,1.88235294118,4.35294117647,3.36363636364,2.84615384615,1.69341284359,0.389027274878,0.193958664547,2.09866904602,0.964253345467,0.518282988871,1.87867287326,0.863174022847,0.470588235294,0.786197569093,0.41766745858,2.25,1.88235294118,0.786197569093,2.25,0.166339869281,0.0612244897959,3,0.00441176470588,0.185952380952,17,17,17,1,0,0.352941176471,0.411764705882,0.235294117647,17,0.128676470588,1.90196078431,4.11764705882,3.18181818182,2.69230769231,1.57648156274,0.382859808093,0.201680672269,2.01465221053,0.978545359402,0.524369747899,1.74894926439,0.849489642704,0.463865546218,0.814492905316,0.428238537847,2.33333333333,1.90196078431,0.814492905316,2.33333333333,0,0,0,0,0.164242424242,17,17,17,1,0,0.352941176471,0.411764705882,0.235294117647,17,37,0.136029411765,1.88235294118,4.35294117647,3.36363636364,2.84615384615,1.69341284359,0.389027274878,0.193958664547,2.09866904602,0.964253345467,0.518282988871,1.87867287326,0.863174022847,0.470588235294,0.786197569093,0.41766745858,2.25,1.88235294118,0.786197569093,2.25,0.166339869281,0.0612244897959,3,0.00441176470588,0.185952380952,17,17,17,1,0,0.352941176471,0.411764705882,0.235294117647,0,0,0,0,0,0,0,0,0,0,0,0,0,0,0,0,0,0,0,0,0,0,0,0,0,0,0,0,0,37,0,0,235,1,1,0,0,1,1,1,1,1,1,2,2,0,0,0,0
3733,WLNM_dir_neg,1,0.5,00:00:00,10,90,15,1987284088,threshold_sweep,0.7,1,1,1,2,0,0,4,1,1,0,0,1,1,1,1,0.555555555556,1,1,1,37,35,2,0,37,0,35,0,2,17,37,0.136029411765,1.88235294118,4.35294117647,3.36363636364,2.84615384615,1.69341284359,0.389027274878,0.193958664547,2.09866904602,0.964253345467,0.518282988871,1.87867287326,0.863174022847,0.470588235294,0.786197569093,0.41766745858,2.25,1.88235294118,0.786197569093,2.25,0.166339869281,0.0612244897959,3,0.00441176470588,0.185952380952,17,17,17,1,0,0.352941176471,0.411764705882,0.235294117647,17,0.128676470588,1.90196078431,4.11764705882,3.18181818182,2.69230769231,1.57648156274,0.382859808093,0.201680672269,2.01465221053,0.978545359402,0.524369747899,1.74894926439,0.849489642704,0.463865546218,0.814492905316,0.428238537847,2.33333333333,1.90196078431,0.814492905316,2.33333333333,0,0,0,0,0.164242424242,17,17,17,1,0,0.352941176471,0.411764705882,0.235294117647,17,37,0.136029411765,1.88235294118,4.35294117647,3.36363636364,2.84615384615,1.69341284359,0.389027274878,0.193958664547,2.09866904602,0.964253345467,0.518282988871,1.87867287326,0.863174022847,0.470588235294,0.786197569093,0.41766745858,2.25,1.88235294118,0.786197569093,2.25,0.166339869281,0.0612244897959,3,0.00441176470588,0.185952380952,17,17,17,1,0,0.352941176471,0.411764705882,0.235294117647,0,0,0,0,0,0,0,0,0,0,0,0,0,0,0,0,0,0,0,0,0,0,0,0,0,0,0,0,0,37,0,0,235,1,1,0,0,1,1,1,1,1,1,2,2,0,0,0,0
3734,WLNM_dir_neg,1,0.5,00:00:00,10,90,15,1987284088,threshold_sweep,0.8,1,1,1,2,0,0,4,1,1,0,0,1,1,1,1,0.555555555556,1,1,1,37,35,2,0,37,0,35,0,2,17,37,0.136029411765,1.88235294118,4.35294117647,3.36363636364,2.84615384615,1.69341284359,0.389027274878,0.193958664547,2.09866904602,0.964253345467,0.518282988871,1.87867287326,0.863174022847,0.470588235294,0.786197569093,0.41766745858,2.25,1.88235294118,0.786197569093,2.25,0.166339869281,0.0612244897959,3,0.00441176470588,0.185952380952,17,17,17,1,0,0.352941176471,0.411764705882,0.235294117647,17,0.128676470588,1.90196078431,4.11764705882,3.18181818182,2.69230769231,1.57648156274,0.382859808093,0.201680672269,2.01465221053,0.978545359402,0.524369747899,1.74894926439,0.849489642704,0.463865546218,0.814492905316,0.428238537847,2.33333333333,1.90196078431,0.814492905316,2.33333333333,0,0,0,0,0.164242424242,17,17,17,1,0,0.352941176471,0.411764705882,0.235294117647,17,37,0.136029411765,1.88235294118,4.35294117647,3.36363636364,2.84615384615,1.69341284359,0.389027274878,0.193958664547,2.09866904602,0.964253345467,0.518282988871,1.87867287326,0.863174022847,0.470588235294,0.786197569093,0.41766745858,2.25,1.88235294118,0.786197569093,2.25,0.166339869281,0.0612244897959,3,0.00441176470588,0.185952380952,17,17,17,1,0,0.352941176471,0.411764705882,0.235294117647,0,0,0,0,0,0,0,0,0,0,0,0,0,0,0,0,0,0,0,0,0,0,0,0,0,0,0,0,0,37,0,0,235,1,1,0,0,1,1,1,1,1,1,2,2,0,0,0,0
3735,WLNM_dir_neg,1,0.5,00:00:00,10,90,15,1987284088,threshold_sweep,0.9,1,1,1,2,0,0,4,1,1,0,0,1,1,1,1,0.555555555556,1,1,1,37,35,2,0,37,0,35,0,2,17,37,0.136029411765,1.88235294118,4.35294117647,3.36363636364,2.84615384615,1.69341284359,0.389027274878,0.193958664547,2.09866904602,0.964253345467,0.518282988871,1.87867287326,0.863174022847,0.470588235294,0.786197569093,0.41766745858,2.25,1.88235294118,0.786197569093,2.25,0.166339869281,0.0612244897959,3,0.00441176470588,0.185952380952,17,17,17,1,0,0.352941176471,0.411764705882,0.235294117647,17,0.128676470588,1.90196078431,4.11764705882,3.18181818182,2.69230769231,1.57648156274,0.382859808093,0.201680672269,2.01465221053,0.978545359402,0.524369747899,1.74894926439,0.849489642704,0.463865546218,0.814492905316,0.428238537847,2.33333333333,1.90196078431,0.814492905316,2.33333333333,0,0,0,0,0.164242424242,17,17,17,1,0,0.352941176471,0.411764705882,0.235294117647,17,37,0.136029411765,1.88235294118,4.35294117647,3.36363636364,2.84615384615,1.69341284359,0.389027274878,0.193958664547,2.09866904602,0.964253345467,0.518282988871,1.87867287326,0.863174022847,0.470588235294,0.786197569093,0.41766745858,2.25,1.88235294118,0.786197569093,2.25,0.166339869281,0.0612244897959,3,0.00441176470588,0.185952380952,17,17,17,1,0,0.352941176471,0.411764705882,0.235294117647,0,0,0,0,0,0,0,0,0,0,0,0,0,0,0,0,0,0,0,0,0,0,0,0,0,0,0,0,0,37,0,0,235,1,1,0,0,1,1,1,1,1,1,2,2,0,0,0,0
3736,WLNM_dir_neg,1,0.5,00:00:00,10,90,16,1987284089,threshold_sweep,0.1,0.666666666667,1,0.8,2,1,0,3,1,0.75,0.25,0,0.666666666667,1,0.8,0.833333333333,0.5,0.666666666667,0.707106781187,0.75,37,35,2,0,37,0,35,0,2,17,37,0.136029411765,1.88235294118,4.35294117647,3.36363636364,2.84615384615,1.69341284359,0.389027274878,0.193958664547,2.09866904602,0.964253345467,0.518282988871,1.87867287326,0.863174022847,0.470588235294,0.786197569093,0.41766745858,2.25,1.88235294118,0.786197569093,2.25,0.166339869281,0.0612244897959,3,0.00441176470588,0.185952380952,17,17,17,1,0,0.352941176471,0.411764705882,0.235294117647,17,0.128676470588,1.90196078431,4.11764705882,3.18181818182,2.69230769231,1.57648156274,0.382859808093,0.201680672269,2.01465221053,0.978545359402,0.524369747899,1.74894926439,0.849489642704,0.463865546218,0.814492905316,0.428238537847,2.33333333333,1.90196078431,0.814492905316,2.33333333333,0,0,0,0,0.164242424242,17,17,17,1,0,0.352941176471,0.411764705882,0.235294117647,17,38,0.139705882353,2.13617647059,4.47058823529,3.16666666667,2.92307692308,1.73629084037,0.388380845872,0.198142414861,2.04723630062,0.915868871331,0.495356037152,1.95350363977,0.873935838844,0.473684210526,0.898017833571,0.420385602938,2.5,2.13617647059,0.898017833571,2.5,0.17614379085,0.0769230769231,4,0.00588235294118,0.169101731602,17,17,17,1,0,0.294117647059,0.470588235294,0.235294117647,1,0.00367647058824,0.253823529412,0.117647058824,-0.19696969697,0.0769230769231,0.0428779967836,-0.000646429005719,0.00418375031378,-0.0514327453931,-0.0483844741355,-0.0229269517195,0.0748307665129,0.0107618159966,0.0030959752322,0.111820264479,0.002718144358,0.25,0.253823529412,0.111820264479,0.25,0.00980392156863,0.0156985871272,1,0.00147058823529,-0.0168506493506,-0.0588235294118,0.0588235294118,0,37,1,0,234,1,0.995744680851,0.00425531914894,0,0.973684210526,1,0.986666666667,0.984652666406,0.995744680851,0.973684210526,3,2,0,0,0,0
3737,WLNM_dir_neg,1,0.5,00:00:00,10,90,16,1987284089,threshold_sweep,0.2,0.666666666667,1,0.8,2,1,0,3,1,0.75,0.25,0,0.666666666667,1,0.8,0.833333333333,0.5,0.666666666667,0.707106781187,0.75,37,35,2,0,37,0,35,0,2,17,37,0.136029411765,1.88235294118,4.35294117647,3.36363636364,2.84615384615,1.69341284359,0.389027274878,0.193958664547,2.09866904602,0.964253345467,0.518282988871,1.87867287326,0.863174022847,0.470588235294,0.786197569093,0.41766745858,2.25,1.88235294118,0.786197569093,2.25,0.166339869281,0.0612244897959,3,0.00441176470588,0.185952380952,17,17,17,1,0,0.352941176471,0.411764705882,0.235294117647,17,0.128676470588,1.90196078431,4.11764705882,3.18181818182,2.69230769231,1.57648156274,0.382859808093,0.201680672269,2.01465221053,0.978545359402,0.524369747899,1.74894926439,0.849489642704,0.463865546218,0.814492905316,0.428238537847,2.33333333333,1.90196078431,0.814492905316,2.33333333333,0,0,0,0,0.164242424242,17,17,17,1,0,0.352941176471,0.411764705882,0.235294117647,17,38,0.139705882353,2.13617647059,4.47058823529,3.16666666667,2.92307692308,1.73629084037,0.388380845872,0.198142414861,2.04723630062,0.915868871331,0.495356037152,1.95350363977,0.873935838844,0.473684210526,0.898017833571,0.420385602938,2.5,2.13617647059,0.898017833571,2.5,0.17614379085,0.0769230769231,4,0.00588235294118,0.169101731602,17,17,17,1,0,0.294117647059,0.470588235294,0.235294117647,1,0.00367647058824,0.253823529412,0.117647058824,-0.19696969697,0.0769230769231,0.0428779967836,-0.000646429005719,0.00418375031378,-0.0514327453931,-0.0483844741355,-0.0229269517195,0.0748307665129,0.0107618159966,0.0030959752322,0.111820264479,0.002718144358,0.25,0.253823529412,0.111820264479,0.25,0.00980392156863,0.0156985871272,1,0.00147058823529,-0.0168506493506,-0.0588235294118,0.0588235294118,0,37,1,0,234,1,0.995744680851,0.00425531914894,0,0.973684210526,1,0.986666666667,0.984652666406,0.995744680851,0.973684210526,3,2,0,0,0,0
3738,WLNM_dir_neg,1,0.5,00:00:00,10,90,16,1987284089,threshold_sweep,0.3,0.666666666667,1,0.8,2,1,0,3,1,0.75,0.25,0,0.666666666667,1,0.8,0.833333333333,0.5,0.666666666667,0.707106781187,0.75,37,35,2,0,37,0,35,0,2,17,37,0.136029411765,1.88235294118,4.35294117647,3.36363636364,2.84615384615,1.69341284359,0.389027274878,0.193958664547,2.09866904602,0.964253345467,0.518282988871,1.87867287326,0.863174022847,0.470588235294,0.786197569093,0.41766745858,2.25,1.88235294118,0.786197569093,2.25,0.166339869281,0.0612244897959,3,0.00441176470588,0.185952380952,17,17,17,1,0,0.352941176471,0.411764705882,0.235294117647,17,0.128676470588,1.90196078431,4.11764705882,3.18181818182,2.69230769231,1.57648156274,0.382859808093,0.201680672269,2.01465221053,0.978545359402,0.524369747899,1.74894926439,0.849489642704,0.463865546218,0.814492905316,0.428238537847,2.33333333333,1.90196078431,0.814492905316,2.33333333333,0,0,0,0,0.164242424242,17,17,17,1,0,0.352941176471,0.411764705882,0.235294117647,17,38,0.139705882353,2.13617647059,4.47058823529,3.16666666667,2.92307692308,1.73629084037,0.388380845872,0.198142414861,2.04723630062,0.915868871331,0.495356037152,1.95350363977,0.873935838844,0.473684210526,0.898017833571,0.420385602938,2.5,2.13617647059,0.898017833571,2.5,0.17614379085,0.0769230769231,4,0.00588235294118,0.169101731602,17,17,17,1,0,0.294117647059,0.470588235294,0.235294117647,1,0.00367647058824,0.253823529412,0.117647058824,-0.19696969697,0.0769230769231,0.0428779967836,-0.000646429005719,0.00418375031378,-0.0514327453931,-0.0483844741355,-0.0229269517195,0.0748307665129,0.0107618159966,0.0030959752322,0.111820264479,0.002718144358,0.25,0.253823529412,0.111820264479,0.25,0.00980392156863,0.0156985871272,1,0.00147058823529,-0.0168506493506,-0.0588235294118,0.0588235294118,0,37,1,0,234,1,0.995744680851,0.00425531914894,0,0.973684210526,1,0.986666666667,0.984652666406,0.995744680851,0.973684210526,3,2,0,0,0,0
3739,WLNM_dir_neg,1,0.5,00:00:00,10,90,16,1987284089,threshold_sweep,0.4,0.666666666667,1,0.8,2,1,0,3,1,0.75,0.25,0,0.666666666667,1,0.8,0.833333333333,0.5,0.666666666667,0.707106781187,0.75,37,35,2,0,37,0,35,0,2,17,37,0.136029411765,1.88235294118,4.35294117647,3.36363636364,2.84615384615,1.69341284359,0.389027274878,0.193958664547,2.09866904602,0.964253345467,0.518282988871,1.87867287326,0.863174022847,0.470588235294,0.786197569093,0.41766745858,2.25,1.88235294118,0.786197569093,2.25,0.166339869281,0.0612244897959,3,0.00441176470588,0.185952380952,17,17,17,1,0,0.352941176471,0.411764705882,0.235294117647,17,0.128676470588,1.90196078431,4.11764705882,3.18181818182,2.69230769231,1.57648156274,0.382859808093,0.201680672269,2.01465221053,0.978545359402,0.524369747899,1.74894926439,0.849489642704,0.463865546218,0.814492905316,0.428238537847,2.33333333333,1.90196078431,0.814492905316,2.33333333333,0,0,0,0,0.164242424242,17,17,17,1,0,0.352941176471,0.411764705882,0.235294117647,17,38,0.139705882353,2.13617647059,4.47058823529,3.16666666667,2.92307692308,1.73629084037,0.388380845872,0.198142414861,2.04723630062,0.915868871331,0.495356037152,1.95350363977,0.873935838844,0.473684210526,0.898017833571,0.420385602938,2.5,2.13617647059,0.898017833571,2.5,0.17614379085,0.0769230769231,4,0.00588235294118,0.169101731602,17,17,17,1,0,0.294117647059,0.470588235294,0.235294117647,1,0.00367647058824,0.253823529412,0.117647058824,-0.19696969697,0.0769230769231,0.0428779967836,-0.000646429005719,0.00418375031378,-0.0514327453931,-0.0483844741355,-0.0229269517195,0.0748307665129,0.0107618159966,0.0030959752322,0.111820264479,0.002718144358,0.25,0.253823529412,0.111820264479,0.25,0.00980392156863,0.0156985871272,1,0.00147058823529,-0.0168506493506,-0.0588235294118,0.0588235294118,0,37,1,0,234,1,0.995744680851,0.00425531914894,0,0.973684210526,1,0.986666666667,0.984652666406,0.995744680851,0.973684210526,3,2,0,0,0,0
3740,WLNM_dir_neg,1,0.5,00:00:00,10,90,16,1987284089,threshold_sweep,0.5,0.666666666667,1,0.8,2,1,0,3,1,0.75,0.25,0,0.666666666667,1,0.8,0.833333333333,0.5,0.666666666667,0.707106781187,0.75,37,35,2,0,37,0,35,0,2,17,37,0.136029411765,1.88235294118,4.35294117647,3.36363636364,2.84615384615,1.69341284359,0.389027274878,0.193958664547,2.09866904602,0.964253345467,0.518282988871,1.87867287326,0.863174022847,0.470588235294,0.786197569093,0.41766745858,2.25,1.88235294118,0.786197569093,2.25,0.166339869281,0.0612244897959,3,0.00441176470588,0.185952380952,17,17,17,1,0,0.352941176471,0.411764705882,0.235294117647,17,0.128676470588,1.90196078431,4.11764705882,3.18181818182,2.69230769231,1.57648156274,0.382859808093,0.201680672269,2.01465221053,0.978545359402,0.524369747899,1.74894926439,0.849489642704,0.463865546218,0.814492905316,0.428238537847,2.33333333333,1.90196078431,0.814492905316,2.33333333333,0,0,0,0,0.164242424242,17,17,17,1,0,0.352941176471,0.411764705882,0.235294117647,17,38,0.139705882353,2.13617647059,4.47058823529,3.16666666667,2.92307692308,1.73629084037,0.388380845872,0.198142414861,2.04723630062,0.915868871331,0.495356037152,1.95350363977,0.873935838844,0.473684210526,0.898017833571,0.420385602938,2.5,2.13617647059,0.898017833571,2.5,0.17614379085,0.0769230769231,4,0.00588235294118,0.169101731602,17,17,17,1,0,0.294117647059,0.470588235294,0.235294117647,1,0.00367647058824,0.253823529412,0.117647058824,-0.19696969697,0.0769230769231,0.0428779967836,-0.000646429005719,0.00418375031378,-0.0514327453931,-0.0483844741355,-0.0229269517195,0.0748307665129,0.0107618159966,0.0030959752322,0.111820264479,0.002718144358,0.25,0.253823529412,0.111820264479,0.25,0.00980392156863,0.0156985871272,1,0.00147058823529,-0.0168506493506,-0.0588235294118,0.0588235294118,0,37,1,0,234,1,0.995744680851,0.00425531914894,0,0.973684210526,1,0.986666666667,0.984652666406,0.995744680851,0.973684210526,3,2,0,0,0,0
3741,WLNM_dir_neg,1,0.5,00:00:00,10,90,16,1987284089,threshold_sweep,0.6,1,1,1,2,0,0,4,1,1,0,0,1,1,1,1,0.555555555556,1,1,1,37,35,2,0,37,0,35,0,2,17,37,0.136029411765,1.88235294118,4.35294117647,3.36363636364,2.84615384615,1.69341284359,0.389027274878,0.193958664547,2.09866904602,0.964253345467,0.518282988871,1.87867287326,0.863174022847,0.470588235294,0.786197569093,0.41766745858,2.25,1.88235294118,0.786197569093,2.25,0.166339869281,0.0612244897959,3,0.00441176470588,0.185952380952,17,17,17,1,0,0.352941176471,0.411764705882,0.235294117647,17,0.128676470588,1.90196078431,4.11764705882,3.18181818182,2.69230769231,1.57648156274,0.382859808093,0.201680672269,2.01465221053,0.978545359402,0.524369747899,1.74894926439,0.849489642704,0.463865546218,0.814492905316,0.428238537847,2.33333333333,1.90196078431,0.814492905316,2.33333333333,0,0,0,0,0.164242424242,17,17,17,1,0,0.352941176471,0.411764705882,0.235294117647,17,37,0.136029411765,1.88235294118,4.35294117647,3.36363636364,2.84615384615,1.69341284359,0.389027274878,0.193958664547,2.09866904602,0.964253345467,0.518282988871,1.87867287326,0.863174022847,0.470588235294,0.786197569093,0.41766745858,2.25,1.88235294118,0.786197569093,2.25,0.166339869281,0.0612244897959,3,0.00441176470588,0.185952380952,17,17,17,1,0,0.352941176471,0.411764705882,0.235294117647,0,0,0,0,0,0,0,0,0,0,0,0,0,0,0,0,0,0,0,0,0,0,0,0,0,0,0,0,0,37,0,0,235,1,1,0,0,1,1,1,1,1,1,2,2,0,0,0,0
3742,WLNM_dir_neg,1,0.5,00:00:00,10,90,16,1987284089,threshold_sweep,0.7,1,1,1,2,0,0,4,1,1,0,0,1,1,1,1,0.555555555556,1,1,1,37,35,2,0,37,0,35,0,2,17,37,0.136029411765,1.88235294118,4.35294117647,3.36363636364,2.84615384615,1.69341284359,0.389027274878,0.193958664547,2.09866904602,0.964253345467,0.518282988871,1.87867287326,0.863174022847,0.470588235294,0.786197569093,0.41766745858,2.25,1.88235294118,0.786197569093,2.25,0.166339869281,0.0612244897959,3,0.00441176470588,0.185952380952,17,17,17,1,0,0.352941176471,0.411764705882,0.235294117647,17,0.128676470588,1.90196078431,4.11764705882,3.18181818182,2.69230769231,1.57648156274,0.382859808093,0.201680672269,2.01465221053,0.978545359402,0.524369747899,1.74894926439,0.849489642704,0.463865546218,0.814492905316,0.428238537847,2.33333333333,1.90196078431,0.814492905316,2.33333333333,0,0,0,0,0.164242424242,17,17,17,1,0,0.352941176471,0.411764705882,0.235294117647,17,37,0.136029411765,1.88235294118,4.35294117647,3.36363636364,2.84615384615,1.69341284359,0.389027274878,0.193958664547,2.09866904602,0.964253345467,0.518282988871,1.87867287326,0.863174022847,0.470588235294,0.786197569093,0.41766745858,2.25,1.88235294118,0.786197569093,2.25,0.166339869281,0.0612244897959,3,0.00441176470588,0.185952380952,17,17,17,1,0,0.352941176471,0.411764705882,0.235294117647,0,0,0,0,0,0,0,0,0,0,0,0,0,0,0,0,0,0,0,0,0,0,0,0,0,0,0,0,0,37,0,0,235,1,1,0,0,1,1,1,1,1,1,2,2,0,0,0,0
3743,WLNM_dir_neg,1,0.5,00:00:00,10,90,16,1987284089,threshold_sweep,0.8,1,1,1,2,0,0,4,1,1,0,0,1,1,1,1,0.555555555556,1,1,1,37,35,2,0,37,0,35,0,2,17,37,0.136029411765,1.88235294118,4.35294117647,3.36363636364,2.84615384615,1.69341284359,0.389027274878,0.193958664547,2.09866904602,0.964253345467,0.518282988871,1.87867287326,0.863174022847,0.470588235294,0.786197569093,0.41766745858,2.25,1.88235294118,0.786197569093,2.25,0.166339869281,0.0612244897959,3,0.00441176470588,0.185952380952,17,17,17,1,0,0.352941176471,0.411764705882,0.235294117647,17,0.128676470588,1.90196078431,4.11764705882,3.18181818182,2.69230769231,1.57648156274,0.382859808093,0.201680672269,2.01465221053,0.978545359402,0.524369747899,1.74894926439,0.849489642704,0.463865546218,0.814492905316,0.428238537847,2.33333333333,1.90196078431,0.814492905316,2.33333333333,0,0,0,0,0.164242424242,17,17,17,1,0,0.352941176471,0.411764705882,0.235294117647,17,37,0.136029411765,1.88235294118,4.35294117647,3.36363636364,2.84615384615,1.69341284359,0.389027274878,0.193958664547,2.09866904602,0.964253345467,0.518282988871,1.87867287326,0.863174022847,0.470588235294,0.786197569093,0.41766745858,2.25,1.88235294118,0.786197569093,2.25,0.166339869281,0.0612244897959,3,0.00441176470588,0.185952380952,17,17,17,1,0,0.352941176471,0.411764705882,0.235294117647,0,0,0,0,0,0,0,0,0,0,0,0,0,0,0,0,0,0,0,0,0,0,0,0,0,0,0,0,0,37,0,0,235,1,1,0,0,1,1,1,1,1,1,2,2,0,0,0,0
3744,WLNM_dir_neg,1,0.5,00:00:00,10,90,16,1987284089,threshold_sweep,0.9,1,1,1,2,0,0,4,1,1,0,0,1,1,1,1,0.555555555556,1,1,1,37,35,2,0,37,0,35,0,2,17,37,0.136029411765,1.88235294118,4.35294117647,3.36363636364,2.84615384615,1.69341284359,0.389027274878,0.193958664547,2.09866904602,0.964253345467,0.518282988871,1.87867287326,0.863174022847,0.470588235294,0.786197569093,0.41766745858,2.25,1.88235294118,0.786197569093,2.25,0.166339869281,0.0612244897959,3,0.00441176470588,0.185952380952,17,17,17,1,0,0.352941176471,0.411764705882,0.235294117647,17,0.128676470588,1.90196078431,4.11764705882,3.18181818182,2.69230769231,1.57648156274,0.382859808093,0.201680672269,2.01465221053,0.978545359402,0.524369747899,1.74894926439,0.849489642704,0.463865546218,0.814492905316,0.428238537847,2.33333333333,1.90196078431,0.814492905316,2.33333333333,0,0,0,0,0.164242424242,17,17,17,1,0,0.352941176471,0.411764705882,0.235294117647,17,37,0.136029411765,1.88235294118,4.35294117647,3.36363636364,2.84615384615,1.69341284359,0.389027274878,0.193958664547,2.09866904602,0.964253345467,0.518282988871,1.87867287326,0.863174022847,0.470588235294,0.786197569093,0.41766745858,2.25,1.88235294118,0.786197569093,2.25,0.166339869281,0.0612244897959,3,0.00441176470588,0.185952380952,17,17,17,1,0,0.352941176471,0.411764705882,0.235294117647,0,0,0,0,0,0,0,0,0,0,0,0,0,0,0,0,0,0,0,0,0,0,0,0,0,0,0,0,0,37,0,0,235,1,1,0,0,1,1,1,1,1,1,2,2,0,0,0,0
3745,WLNM_dir_neg,1,0.5,00:00:01,10,90,17,1987284090,threshold_sweep,0.1,1,1,1,2,0,0,4,1,1,0,0,1,1,1,1,0.555555555556,1,1,1,37,35,2,0,37,0,35,0,2,17,37,0.136029411765,1.88235294118,4.35294117647,3.36363636364,2.84615384615,1.69341284359,0.389027274878,0.193958664547,2.09866904602,0.964253345467,0.518282988871,1.87867287326,0.863174022847,0.470588235294,0.786197569093,0.41766745858,2.25,1.88235294118,0.786197569093,2.25,0.166339869281,0.0612244897959,3,0.00441176470588,0.185952380952,17,17,17,1,0,0.352941176471,0.411764705882,0.235294117647,17,0.128676470588,1.90196078431,4.11764705882,3.18181818182,2.69230769231,1.57648156274,0.382859808093,0.201680672269,2.01465221053,0.978545359402,0.524369747899,1.74894926439,0.849489642704,0.463865546218,0.814492905316,0.428238537847,2.33333333333,1.90196078431,0.814492905316,2.33333333333,0,0,0,0,0.164242424242,17,17,17,1,0,0.352941176471,0.411764705882,0.235294117647,17,37,0.136029411765,1.88235294118,4.35294117647,3.36363636364,2.84615384615,1.69341284359,0.389027274878,0.193958664547,2.09866904602,0.964253345467,0.518282988871,1.87867287326,0.863174022847,0.470588235294,0.786197569093,0.41766745858,2.25,1.88235294118,0.786197569093,2.25,0.166339869281,0.0612244897959,3,0.00441176470588,0.185952380952,17,17,17,1,0,0.352941176471,0.411764705882,0.235294117647,0,0,0,0,0,0,0,0,0,0,0,0,0,0,0,0,0,0,0,0,0,0,0,0,0,0,0,0,0,37,0,0,235,1,1,0,0,1,1,1,1,1,1,2,2,0,0,0,0
3746,WLNM_dir_neg,1,0.5,00:00:01,10,90,17,1987284090,threshold_sweep,0.2,1,1,1,2,0,0,4,1,1,0,0,1,1,1,1,0.555555555556,1,1,1,37,35,2,0,37,0,35,0,2,17,37,0.136029411765,1.88235294118,4.35294117647,3.36363636364,2.84615384615,1.69341284359,0.389027274878,0.193958664547,2.09866904602,0.964253345467,0.518282988871,1.87867287326,0.863174022847,0.470588235294,0.786197569093,0.41766745858,2.25,1.88235294118,0.786197569093,2.25,0.166339869281,0.0612244897959,3,0.00441176470588,0.185952380952,17,17,17,1,0,0.352941176471,0.411764705882,0.235294117647,17,0.128676470588,1.90196078431,4.11764705882,3.18181818182,2.69230769231,1.57648156274,0.382859808093,0.201680672269,2.01465221053,0.978545359402,0.524369747899,1.74894926439,0.849489642704,0.463865546218,0.814492905316,0.428238537847,2.33333333333,1.90196078431,0.814492905316,2.33333333333,0,0,0,0,0.164242424242,17,17,17,1,0,0.352941176471,0.411764705882,0.235294117647,17,37,0.136029411765,1.88235294118,4.35294117647,3.36363636364,2.84615384615,1.69341284359,0.389027274878,0.193958664547,2.09866904602,0.964253345467,0.518282988871,1.87867287326,0.863174022847,0.470588235294,0.786197569093,0.41766745858,2.25,1.88235294118,0.786197569093,2.25,0.166339869281,0.0612244897959,3,0.00441176470588,0.185952380952,17,17,17,1,0,0.352941176471,0.411764705882,0.235294117647,0,0,0,0,0,0,0,0,0,0,0,0,0,0,0,0,0,0,0,0,0,0,0,0,0,0,0,0,0,37,0,0,235,1,1,0,0,1,1,1,1,1,1,2,2,0,0,0,0
3747,WLNM_dir_neg,1,0.5,00:00:01,10,90,17,1987284090,threshold_sweep,0.3,1,1,1,2,0,0,4,1,1,0,0,1,1,1,1,0.555555555556,1,1,1,37,35,2,0,37,0,35,0,2,17,37,0.136029411765,1.88235294118,4.35294117647,3.36363636364,2.84615384615,1.69341284359,0.389027274878,0.193958664547,2.09866904602,0.964253345467,0.518282988871,1.87867287326,0.863174022847,0.470588235294,0.786197569093,0.41766745858,2.25,1.88235294118,0.786197569093,2.25,0.166339869281,0.0612244897959,3,0.00441176470588,0.185952380952,17,17,17,1,0,0.352941176471,0.411764705882,0.235294117647,17,0.128676470588,1.90196078431,4.11764705882,3.18181818182,2.69230769231,1.57648156274,0.382859808093,0.201680672269,2.01465221053,0.978545359402,0.524369747899,1.74894926439,0.849489642704,0.463865546218,0.814492905316,0.428238537847,2.33333333333,1.90196078431,0.814492905316,2.33333333333,0,0,0,0,0.164242424242,17,17,17,1,0,0.352941176471,0.411764705882,0.235294117647,17,37,0.136029411765,1.88235294118,4.35294117647,3.36363636364,2.84615384615,1.69341284359,0.389027274878,0.193958664547,2.09866904602,0.964253345467,0.518282988871,1.87867287326,0.863174022847,0.470588235294,0.786197569093,0.41766745858,2.25,1.88235294118,0.786197569093,2.25,0.166339869281,0.0612244897959,3,0.00441176470588,0.185952380952,17,17,17,1,0,0.352941176471,0.411764705882,0.235294117647,0,0,0,0,0,0,0,0,0,0,0,0,0,0,0,0,0,0,0,0,0,0,0,0,0,0,0,0,0,37,0,0,235,1,1,0,0,1,1,1,1,1,1,2,2,0,0,0,0
3748,WLNM_dir_neg,1,0.5,00:00:01,10,90,17,1987284090,threshold_sweep,0.4,1,1,1,2,0,0,4,1,1,0,0,1,1,1,1,0.555555555556,1,1,1,37,35,2,0,37,0,35,0,2,17,37,0.136029411765,1.88235294118,4.35294117647,3.36363636364,2.84615384615,1.69341284359,0.389027274878,0.193958664547,2.09866904602,0.964253345467,0.518282988871,1.87867287326,0.863174022847,0.470588235294,0.786197569093,0.41766745858,2.25,1.88235294118,0.786197569093,2.25,0.166339869281,0.0612244897959,3,0.00441176470588,0.185952380952,17,17,17,1,0,0.352941176471,0.411764705882,0.235294117647,17,0.128676470588,1.90196078431,4.11764705882,3.18181818182,2.69230769231,1.57648156274,0.382859808093,0.201680672269,2.01465221053,0.978545359402,0.524369747899,1.74894926439,0.849489642704,0.463865546218,0.814492905316,0.428238537847,2.33333333333,1.90196078431,0.814492905316,2.33333333333,0,0,0,0,0.164242424242,17,17,17,1,0,0.352941176471,0.411764705882,0.235294117647,17,37,0.136029411765,1.88235294118,4.35294117647,3.36363636364,2.84615384615,1.69341284359,0.389027274878,0.193958664547,2.09866904602,0.964253345467,0.518282988871,1.87867287326,0.863174022847,0.470588235294,0.786197569093,0.41766745858,2.25,1.88235294118,0.786197569093,2.25,0.166339869281,0.0612244897959,3,0.00441176470588,0.185952380952,17,17,17,1,0,0.352941176471,0.411764705882,0.235294117647,0,0,0,0,0,0,0,0,0,0,0,0,0,0,0,0,0,0,0,0,0,0,0,0,0,0,0,0,0,37,0,0,235,1,1,0,0,1,1,1,1,1,1,2,2,0,0,0,0
3749,WLNM_dir_neg,1,0.5,00:00:01,10,90,17,1987284090,threshold_sweep,0.5,1,1,1,2,0,0,4,1,1,0,0,1,1,1,1,0.555555555556,1,1,1,37,35,2,0,37,0,35,0,2,17,37,0.136029411765,1.88235294118,4.35294117647,3.36363636364,2.84615384615,1.69341284359,0.389027274878,0.193958664547,2.09866904602,0.964253345467,0.518282988871,1.87867287326,0.863174022847,0.470588235294,0.786197569093,0.41766745858,2.25,1.88235294118,0.786197569093,2.25,0.166339869281,0.0612244897959,3,0.00441176470588,0.185952380952,17,17,17,1,0,0.352941176471,0.411764705882,0.235294117647,17,0.128676470588,1.90196078431,4.11764705882,3.18181818182,2.69230769231,1.57648156274,0.382859808093,0.201680672269,2.01465221053,0.978545359402,0.524369747899,1.74894926439,0.849489642704,0.463865546218,0.814492905316,0.428238537847,2.33333333333,1.90196078431,0.814492905316,2.33333333333,0,0,0,0,0.164242424242,17,17,17,1,0,0.352941176471,0.411764705882,0.235294117647,17,37,0.136029411765,1.88235294118,4.35294117647,3.36363636364,2.84615384615,1.69341284359,0.389027274878,0.193958664547,2.09866904602,0.964253345467,0.518282988871,1.87867287326,0.863174022847,0.470588235294,0.786197569093,0.41766745858,2.25,1.88235294118,0.786197569093,2.25,0.166339869281,0.0612244897959,3,0.00441176470588,0.185952380952,17,17,17,1,0,0.352941176471,0.411764705882,0.235294117647,0,0,0,0,0,0,0,0,0,0,0,0,0,0,0,0,0,0,0,0,0,0,0,0,0,0,0,0,0,37,0,0,235,1,1,0,0,1,1,1,1,1,1,2,2,0,0,0,0
3750,WLNM_dir_neg,1,0.5,00:00:01,10,90,17,1987284090,threshold_sweep,0.6,1,1,1,2,0,0,4,1,1,0,0,1,1,1,1,0.555555555556,1,1,1,37,35,2,0,37,0,35,0,2,17,37,0.136029411765,1.88235294118,4.35294117647,3.36363636364,2.84615384615,1.69341284359,0.389027274878,0.193958664547,2.09866904602,0.964253345467,0.518282988871,1.87867287326,0.863174022847,0.470588235294,0.786197569093,0.41766745858,2.25,1.88235294118,0.786197569093,2.25,0.166339869281,0.0612244897959,3,0.00441176470588,0.185952380952,17,17,17,1,0,0.352941176471,0.411764705882,0.235294117647,17,0.128676470588,1.90196078431,4.11764705882,3.18181818182,2.69230769231,1.57648156274,0.382859808093,0.201680672269,2.01465221053,0.978545359402,0.524369747899,1.74894926439,0.849489642704,0.463865546218,0.814492905316,0.428238537847,2.33333333333,1.90196078431,0.814492905316,2.33333333333,0,0,0,0,0.164242424242,17,17,17,1,0,0.352941176471,0.411764705882,0.235294117647,17,37,0.136029411765,1.88235294118,4.35294117647,3.36363636364,2.84615384615,1.69341284359,0.389027274878,0.193958664547,2.09866904602,0.964253345467,0.518282988871,1.87867287326,0.863174022847,0.470588235294,0.786197569093,0.41766745858,2.25,1.88235294118,0.786197569093,2.25,0.166339869281,0.0612244897959,3,0.00441176470588,0.185952380952,17,17,17,1,0,0.352941176471,0.411764705882,0.235294117647,0,0,0,0,0,0,0,0,0,0,0,0,0,0,0,0,0,0,0,0,0,0,0,0,0,0,0,0,0,37,0,0,235,1,1,0,0,1,1,1,1,1,1,2,2,0,0,0,0
3751,WLNM_dir_neg,1,0.5,00:00:01,10,90,17,1987284090,threshold_sweep,0.7,1,1,1,2,0,0,4,1,1,0,0,1,1,1,1,0.555555555556,1,1,1,37,35,2,0,37,0,35,0,2,17,37,0.136029411765,1.88235294118,4.35294117647,3.36363636364,2.84615384615,1.69341284359,0.389027274878,0.193958664547,2.09866904602,0.964253345467,0.518282988871,1.87867287326,0.863174022847,0.470588235294,0.786197569093,0.41766745858,2.25,1.88235294118,0.786197569093,2.25,0.166339869281,0.0612244897959,3,0.00441176470588,0.185952380952,17,17,17,1,0,0.352941176471,0.411764705882,0.235294117647,17,0.128676470588,1.90196078431,4.11764705882,3.18181818182,2.69230769231,1.57648156274,0.382859808093,0.201680672269,2.01465221053,0.978545359402,0.524369747899,1.74894926439,0.849489642704,0.463865546218,0.814492905316,0.428238537847,2.33333333333,1.90196078431,0.814492905316,2.33333333333,0,0,0,0,0.164242424242,17,17,17,1,0,0.352941176471,0.411764705882,0.235294117647,17,37,0.136029411765,1.88235294118,4.35294117647,3.36363636364,2.84615384615,1.69341284359,0.389027274878,0.193958664547,2.09866904602,0.964253345467,0.518282988871,1.87867287326,0.863174022847,0.470588235294,0.786197569093,0.41766745858,2.25,1.88235294118,0.786197569093,2.25,0.166339869281,0.0612244897959,3,0.00441176470588,0.185952380952,17,17,17,1,0,0.352941176471,0.411764705882,0.235294117647,0,0,0,0,0,0,0,0,0,0,0,0,0,0,0,0,0,0,0,0,0,0,0,0,0,0,0,0,0,37,0,0,235,1,1,0,0,1,1,1,1,1,1,2,2,0,0,0,0
3752,WLNM_dir_neg,1,0.5,00:00:01,10,90,17,1987284090,threshold_sweep,0.8,1,1,1,2,0,0,4,1,1,0,0,1,1,1,1,0.555555555556,1,1,1,37,35,2,0,37,0,35,0,2,17,37,0.136029411765,1.88235294118,4.35294117647,3.36363636364,2.84615384615,1.69341284359,0.389027274878,0.193958664547,2.09866904602,0.964253345467,0.518282988871,1.87867287326,0.863174022847,0.470588235294,0.786197569093,0.41766745858,2.25,1.88235294118,0.786197569093,2.25,0.166339869281,0.0612244897959,3,0.00441176470588,0.185952380952,17,17,17,1,0,0.352941176471,0.411764705882,0.235294117647,17,0.128676470588,1.90196078431,4.11764705882,3.18181818182,2.69230769231,1.57648156274,0.382859808093,0.201680672269,2.01465221053,0.978545359402,0.524369747899,1.74894926439,0.849489642704,0.463865546218,0.814492905316,0.428238537847,2.33333333333,1.90196078431,0.814492905316,2.33333333333,0,0,0,0,0.164242424242,17,17,17,1,0,0.352941176471,0.411764705882,0.235294117647,17,37,0.136029411765,1.88235294118,4.35294117647,3.36363636364,2.84615384615,1.69341284359,0.389027274878,0.193958664547,2.09866904602,0.964253345467,0.518282988871,1.87867287326,0.863174022847,0.470588235294,0.786197569093,0.41766745858,2.25,1.88235294118,0.786197569093,2.25,0.166339869281,0.0612244897959,3,0.00441176470588,0.185952380952,17,17,17,1,0,0.352941176471,0.411764705882,0.235294117647,0,0,0,0,0,0,0,0,0,0,0,0,0,0,0,0,0,0,0,0,0,0,0,0,0,0,0,0,0,37,0,0,235,1,1,0,0,1,1,1,1,1,1,2,2,0,0,0,0
3753,WLNM_dir_neg,1,0.5,00:00:01,10,90,17,1987284090,threshold_sweep,0.9,1,1,1,2,0,0,4,1,1,0,0,1,1,1,1,0.555555555556,1,1,1,37,35,2,0,37,0,35,0,2,17,37,0.136029411765,1.88235294118,4.35294117647,3.36363636364,2.84615384615,1.69341284359,0.389027274878,0.193958664547,2.09866904602,0.964253345467,0.518282988871,1.87867287326,0.863174022847,0.470588235294,0.786197569093,0.41766745858,2.25,1.88235294118,0.786197569093,2.25,0.166339869281,0.0612244897959,3,0.00441176470588,0.185952380952,17,17,17,1,0,0.352941176471,0.411764705882,0.235294117647,17,0.128676470588,1.90196078431,4.11764705882,3.18181818182,2.69230769231,1.57648156274,0.382859808093,0.201680672269,2.01465221053,0.978545359402,0.524369747899,1.74894926439,0.849489642704,0.463865546218,0.814492905316,0.428238537847,2.33333333333,1.90196078431,0.814492905316,2.33333333333,0,0,0,0,0.164242424242,17,17,17,1,0,0.352941176471,0.411764705882,0.235294117647,17,37,0.136029411765,1.88235294118,4.35294117647,3.36363636364,2.84615384615,1.69341284359,0.389027274878,0.193958664547,2.09866904602,0.964253345467,0.518282988871,1.87867287326,0.863174022847,0.470588235294,0.786197569093,0.41766745858,2.25,1.88235294118,0.786197569093,2.25,0.166339869281,0.0612244897959,3,0.00441176470588,0.185952380952,17,17,17,1,0,0.352941176471,0.411764705882,0.235294117647,0,0,0,0,0,0,0,0,0,0,0,0,0,0,0,0,0,0,0,0,0,0,0,0,0,0,0,0,0,37,0,0,235,1,1,0,0,1,1,1,1,1,1,2,2,0,0,0,0
3754,WLNM_dir_neg,1,0.5,00:00:00,10,90,18,1987284091,threshold_sweep,0.1,1,1,1,2,0,0,4,1,1,0,0,1,1,1,1,0.555555555556,1,1,1,37,35,2,0,37,0,35,0,2,17,37,0.136029411765,1.88235294118,4.35294117647,3.36363636364,2.84615384615,1.69341284359,0.389027274878,0.193958664547,2.09866904602,0.964253345467,0.518282988871,1.87867287326,0.863174022847,0.470588235294,0.786197569093,0.41766745858,2.25,1.88235294118,0.786197569093,2.25,0.166339869281,0.0612244897959,3,0.00441176470588,0.185952380952,17,17,17,1,0,0.352941176471,0.411764705882,0.235294117647,17,0.128676470588,1.90196078431,4.11764705882,3.18181818182,2.69230769231,1.57648156274,0.382859808093,0.201680672269,2.01465221053,0.978545359402,0.524369747899,1.74894926439,0.849489642704,0.463865546218,0.814492905316,0.428238537847,2.33333333333,1.90196078431,0.814492905316,2.33333333333,0,0,0,0,0.164242424242,17,17,17,1,0,0.352941176471,0.411764705882,0.235294117647,17,37,0.136029411765,1.88235294118,4.35294117647,3.36363636364,2.84615384615,1.69341284359,0.389027274878,0.193958664547,2.09866904602,0.964253345467,0.518282988871,1.87867287326,0.863174022847,0.470588235294,0.786197569093,0.41766745858,2.25,1.88235294118,0.786197569093,2.25,0.166339869281,0.0612244897959,3,0.00441176470588,0.185952380952,17,17,17,1,0,0.352941176471,0.411764705882,0.235294117647,0,0,0,0,0,0,0,0,0,0,0,0,0,0,0,0,0,0,0,0,0,0,0,0,0,0,0,0,0,37,0,0,235,1,1,0,0,1,1,1,1,1,1,2,2,0,0,0,0
3755,WLNM_dir_neg,1,0.5,00:00:00,10,90,18,1987284091,threshold_sweep,0.2,1,1,1,2,0,0,4,1,1,0,0,1,1,1,1,0.555555555556,1,1,1,37,35,2,0,37,0,35,0,2,17,37,0.136029411765,1.88235294118,4.35294117647,3.36363636364,2.84615384615,1.69341284359,0.389027274878,0.193958664547,2.09866904602,0.964253345467,0.518282988871,1.87867287326,0.863174022847,0.470588235294,0.786197569093,0.41766745858,2.25,1.88235294118,0.786197569093,2.25,0.166339869281,0.0612244897959,3,0.00441176470588,0.185952380952,17,17,17,1,0,0.352941176471,0.411764705882,0.235294117647,17,0.128676470588,1.90196078431,4.11764705882,3.18181818182,2.69230769231,1.57648156274,0.382859808093,0.201680672269,2.01465221053,0.978545359402,0.524369747899,1.74894926439,0.849489642704,0.463865546218,0.814492905316,0.428238537847,2.33333333333,1.90196078431,0.814492905316,2.33333333333,0,0,0,0,0.164242424242,17,17,17,1,0,0.352941176471,0.411764705882,0.235294117647,17,37,0.136029411765,1.88235294118,4.35294117647,3.36363636364,2.84615384615,1.69341284359,0.389027274878,0.193958664547,2.09866904602,0.964253345467,0.518282988871,1.87867287326,0.863174022847,0.470588235294,0.786197569093,0.41766745858,2.25,1.88235294118,0.786197569093,2.25,0.166339869281,0.0612244897959,3,0.00441176470588,0.185952380952,17,17,17,1,0,0.352941176471,0.411764705882,0.235294117647,0,0,0,0,0,0,0,0,0,0,0,0,0,0,0,0,0,0,0,0,0,0,0,0,0,0,0,0,0,37,0,0,235,1,1,0,0,1,1,1,1,1,1,2,2,0,0,0,0
3756,WLNM_dir_neg,1,0.5,00:00:00,10,90,18,1987284091,threshold_sweep,0.3,1,1,1,2,0,0,4,1,1,0,0,1,1,1,1,0.555555555556,1,1,1,37,35,2,0,37,0,35,0,2,17,37,0.136029411765,1.88235294118,4.35294117647,3.36363636364,2.84615384615,1.69341284359,0.389027274878,0.193958664547,2.09866904602,0.964253345467,0.518282988871,1.87867287326,0.863174022847,0.470588235294,0.786197569093,0.41766745858,2.25,1.88235294118,0.786197569093,2.25,0.166339869281,0.0612244897959,3,0.00441176470588,0.185952380952,17,17,17,1,0,0.352941176471,0.411764705882,0.235294117647,17,0.128676470588,1.90196078431,4.11764705882,3.18181818182,2.69230769231,1.57648156274,0.382859808093,0.201680672269,2.01465221053,0.978545359402,0.524369747899,1.74894926439,0.849489642704,0.463865546218,0.814492905316,0.428238537847,2.33333333333,1.90196078431,0.814492905316,2.33333333333,0,0,0,0,0.164242424242,17,17,17,1,0,0.352941176471,0.411764705882,0.235294117647,17,37,0.136029411765,1.88235294118,4.35294117647,3.36363636364,2.84615384615,1.69341284359,0.389027274878,0.193958664547,2.09866904602,0.964253345467,0.518282988871,1.87867287326,0.863174022847,0.470588235294,0.786197569093,0.41766745858,2.25,1.88235294118,0.786197569093,2.25,0.166339869281,0.0612244897959,3,0.00441176470588,0.185952380952,17,17,17,1,0,0.352941176471,0.411764705882,0.235294117647,0,0,0,0,0,0,0,0,0,0,0,0,0,0,0,0,0,0,0,0,0,0,0,0,0,0,0,0,0,37,0,0,235,1,1,0,0,1,1,1,1,1,1,2,2,0,0,0,0
3757,WLNM_dir_neg,1,0.5,00:00:00,10,90,18,1987284091,threshold_sweep,0.4,1,0.5,0.666666666667,1,0,1,4,0.5,1,0,0.5,1,0.5,0.666666666667,0.833333333333,0.611111111111,0.571428571429,0.632455532034,0.5,37,35,2,0,37,0,35,0,2,17,37,0.136029411765,1.88235294118,4.35294117647,3.36363636364,2.84615384615,1.69341284359,0.389027274878,0.193958664547,2.09866904602,0.964253345467,0.518282988871,1.87867287326,0.863174022847,0.470588235294,0.786197569093,0.41766745858,2.25,1.88235294118,0.786197569093,2.25,0.166339869281,0.0612244897959,3,0.00441176470588,0.185952380952,17,17,17,1,0,0.352941176471,0.411764705882,0.235294117647,17,0.128676470588,1.90196078431,4.11764705882,3.18181818182,2.69230769231,1.57648156274,0.382859808093,0.201680672269,2.01465221053,0.978545359402,0.524369747899,1.74894926439,0.849489642704,0.463865546218,0.814492905316,0.428238537847,2.33333333333,1.90196078431,0.814492905316,2.33333333333,0,0,0,0,0.164242424242,17,17,17,1,0,0.352941176471,0.411764705882,0.235294117647,17,36,0.132352941176,1.89705882353,4.23529411765,3.27272727273,2.76923076923,1.71498585143,0.40492721492,0.204248366013,2.05798302171,0.971825315808,0.522875816993,1.79869233546,0.849382491746,0.464052287582,0.805541469338,0.424626510969,2.25,1.89705882353,0.805541469338,2.25,0.0702614379085,0.0214285714286,1,0.00147058823529,0.175454545455,17,17,17,1,0,0.352941176471,0.411764705882,0.235294117647,-1,-0.00367647058824,0.0147058823529,-0.117647058824,-0.0909090909091,-0.0769230769231,0.0215730078386,0.0158999400418,0.0102897014662,-0.0406860243059,0.00757197034072,0.00459282812224,-0.0799805377942,-0.0137915311015,-0.00653594771242,0.0193439002456,0.00695905238854,0,0.0147058823529,0.0193439002456,0,-0.0960784313725,-0.0397959183673,-2,-0.00294117647059,-0.0104978354978,0,0,0,36,0,1,235,0.972972972973,1,0,0.027027027027,1,0.972972972973,0.986301369863,0.984301887704,0.972972972973,0.972972972973,1,2,0,0,0,0
3758,WLNM_dir_neg,1,0.5,00:00:00,10,90,18,1987284091,threshold_sweep,0.5,1,0.5,0.666666666667,1,0,1,4,0.5,1,0,0.5,1,0.5,0.666666666667,0.833333333333,0.611111111111,0.571428571429,0.632455532034,0.5,37,35,2,0,37,0,35,0,2,17,37,0.136029411765,1.88235294118,4.35294117647,3.36363636364,2.84615384615,1.69341284359,0.389027274878,0.193958664547,2.09866904602,0.964253345467,0.518282988871,1.87867287326,0.863174022847,0.470588235294,0.786197569093,0.41766745858,2.25,1.88235294118,0.786197569093,2.25,0.166339869281,0.0612244897959,3,0.00441176470588,0.185952380952,17,17,17,1,0,0.352941176471,0.411764705882,0.235294117647,17,0.128676470588,1.90196078431,4.11764705882,3.18181818182,2.69230769231,1.57648156274,0.382859808093,0.201680672269,2.01465221053,0.978545359402,0.524369747899,1.74894926439,0.849489642704,0.463865546218,0.814492905316,0.428238537847,2.33333333333,1.90196078431,0.814492905316,2.33333333333,0,0,0,0,0.164242424242,17,17,17,1,0,0.352941176471,0.411764705882,0.235294117647,17,36,0.132352941176,1.89705882353,4.23529411765,3.27272727273,2.76923076923,1.71498585143,0.40492721492,0.204248366013,2.05798302171,0.971825315808,0.522875816993,1.79869233546,0.849382491746,0.464052287582,0.805541469338,0.424626510969,2.25,1.89705882353,0.805541469338,2.25,0.0702614379085,0.0214285714286,1,0.00147058823529,0.175454545455,17,17,17,1,0,0.352941176471,0.411764705882,0.235294117647,-1,-0.00367647058824,0.0147058823529,-0.117647058824,-0.0909090909091,-0.0769230769231,0.0215730078386,0.0158999400418,0.0102897014662,-0.0406860243059,0.00757197034072,0.00459282812224,-0.0799805377942,-0.0137915311015,-0.00653594771242,0.0193439002456,0.00695905238854,0,0.0147058823529,0.0193439002456,0,-0.0960784313725,-0.0397959183673,-2,-0.00294117647059,-0.0104978354978,0,0,0,36,0,1,235,0.972972972973,1,0,0.027027027027,1,0.972972972973,0.986301369863,0.984301887704,0.972972972973,0.972972972973,1,2,0,0,0,0
3759,WLNM_dir_neg,1,0.5,00:00:00,10,90,18,1987284091,threshold_sweep,0.6,1,0.5,0.666666666667,1,0,1,4,0.5,1,0,0.5,1,0.5,0.666666666667,0.833333333333,0.611111111111,0.571428571429,0.632455532034,0.5,37,35,2,0,37,0,35,0,2,17,37,0.136029411765,1.88235294118,4.35294117647,3.36363636364,2.84615384615,1.69341284359,0.389027274878,0.193958664547,2.09866904602,0.964253345467,0.518282988871,1.87867287326,0.863174022847,0.470588235294,0.786197569093,0.41766745858,2.25,1.88235294118,0.786197569093,2.25,0.166339869281,0.0612244897959,3,0.00441176470588,0.185952380952,17,17,17,1,0,0.352941176471,0.411764705882,0.235294117647,17,0.128676470588,1.90196078431,4.11764705882,3.18181818182,2.69230769231,1.57648156274,0.382859808093,0.201680672269,2.01465221053,0.978545359402,0.524369747899,1.74894926439,0.849489642704,0.463865546218,0.814492905316,0.428238537847,2.33333333333,1.90196078431,0.814492905316,2.33333333333,0,0,0,0,0.164242424242,17,17,17,1,0,0.352941176471,0.411764705882,0.235294117647,17,36,0.132352941176,1.89705882353,4.23529411765,3.27272727273,2.76923076923,1.71498585143,0.40492721492,0.204248366013,2.05798302171,0.971825315808,0.522875816993,1.79869233546,0.849382491746,0.464052287582,0.805541469338,0.424626510969,2.25,1.89705882353,0.805541469338,2.25,0.0702614379085,0.0214285714286,1,0.00147058823529,0.175454545455,17,17,17,1,0,0.352941176471,0.411764705882,0.235294117647,-1,-0.00367647058824,0.0147058823529,-0.117647058824,-0.0909090909091,-0.0769230769231,0.0215730078386,0.0158999400418,0.0102897014662,-0.0406860243059,0.00757197034072,0.00459282812224,-0.0799805377942,-0.0137915311015,-0.00653594771242,0.0193439002456,0.00695905238854,0,0.0147058823529,0.0193439002456,0,-0.0960784313725,-0.0397959183673,-2,-0.00294117647059,-0.0104978354978,0,0,0,36,0,1,235,0.972972972973,1,0,0.027027027027,1,0.972972972973,0.986301369863,0.984301887704,0.972972972973,0.972972972973,1,2,0,0,0,0
3760,WLNM_dir_neg,1,0.5,00:00:00,10,90,18,1987284091,threshold_sweep,0.7,1,0.5,0.666666666667,1,0,1,4,0.5,1,0,0.5,1,0.5,0.666666666667,0.833333333333,0.611111111111,0.571428571429,0.632455532034,0.5,37,35,2,0,37,0,35,0,2,17,37,0.136029411765,1.88235294118,4.35294117647,3.36363636364,2.84615384615,1.69341284359,0.389027274878,0.193958664547,2.09866904602,0.964253345467,0.518282988871,1.87867287326,0.863174022847,0.470588235294,0.786197569093,0.41766745858,2.25,1.88235294118,0.786197569093,2.25,0.166339869281,0.0612244897959,3,0.00441176470588,0.185952380952,17,17,17,1,0,0.352941176471,0.411764705882,0.235294117647,17,0.128676470588,1.90196078431,4.11764705882,3.18181818182,2.69230769231,1.57648156274,0.382859808093,0.201680672269,2.01465221053,0.978545359402,0.524369747899,1.74894926439,0.849489642704,0.463865546218,0.814492905316,0.428238537847,2.33333333333,1.90196078431,0.814492905316,2.33333333333,0,0,0,0,0.164242424242,17,17,17,1,0,0.352941176471,0.411764705882,0.235294117647,17,36,0.132352941176,1.89705882353,4.23529411765,3.27272727273,2.76923076923,1.71498585143,0.40492721492,0.204248366013,2.05798302171,0.971825315808,0.522875816993,1.79869233546,0.849382491746,0.464052287582,0.805541469338,0.424626510969,2.25,1.89705882353,0.805541469338,2.25,0.0702614379085,0.0214285714286,1,0.00147058823529,0.175454545455,17,17,17,1,0,0.352941176471,0.411764705882,0.235294117647,-1,-0.00367647058824,0.0147058823529,-0.117647058824,-0.0909090909091,-0.0769230769231,0.0215730078386,0.0158999400418,0.0102897014662,-0.0406860243059,0.00757197034072,0.00459282812224,-0.0799805377942,-0.0137915311015,-0.00653594771242,0.0193439002456,0.00695905238854,0,0.0147058823529,0.0193439002456,0,-0.0960784313725,-0.0397959183673,-2,-0.00294117647059,-0.0104978354978,0,0,0,36,0,1,235,0.972972972973,1,0,0.027027027027,1,0.972972972973,0.986301369863,0.984301887704,0.972972972973,0.972972972973,1,2,0,0,0,0
3761,WLNM_dir_neg,1,0.5,00:00:00,10,90,18,1987284091,threshold_sweep,0.8,1,0.5,0.666666666667,1,0,1,4,0.5,1,0,0.5,1,0.5,0.666666666667,0.833333333333,0.611111111111,0.571428571429,0.632455532034,0.5,37,35,2,0,37,0,35,0,2,17,37,0.136029411765,1.88235294118,4.35294117647,3.36363636364,2.84615384615,1.69341284359,0.389027274878,0.193958664547,2.09866904602,0.964253345467,0.518282988871,1.87867287326,0.863174022847,0.470588235294,0.786197569093,0.41766745858,2.25,1.88235294118,0.786197569093,2.25,0.166339869281,0.0612244897959,3,0.00441176470588,0.185952380952,17,17,17,1,0,0.352941176471,0.411764705882,0.235294117647,17,0.128676470588,1.90196078431,4.11764705882,3.18181818182,2.69230769231,1.57648156274,0.382859808093,0.201680672269,2.01465221053,0.978545359402,0.524369747899,1.74894926439,0.849489642704,0.463865546218,0.814492905316,0.428238537847,2.33333333333,1.90196078431,0.814492905316,2.33333333333,0,0,0,0,0.164242424242,17,17,17,1,0,0.352941176471,0.411764705882,0.235294117647,17,36,0.132352941176,1.89705882353,4.23529411765,3.27272727273,2.76923076923,1.71498585143,0.40492721492,0.204248366013,2.05798302171,0.971825315808,0.522875816993,1.79869233546,0.849382491746,0.464052287582,0.805541469338,0.424626510969,2.25,1.89705882353,0.805541469338,2.25,0.0702614379085,0.0214285714286,1,0.00147058823529,0.175454545455,17,17,17,1,0,0.352941176471,0.411764705882,0.235294117647,-1,-0.00367647058824,0.0147058823529,-0.117647058824,-0.0909090909091,-0.0769230769231,0.0215730078386,0.0158999400418,0.0102897014662,-0.0406860243059,0.00757197034072,0.00459282812224,-0.0799805377942,-0.0137915311015,-0.00653594771242,0.0193439002456,0.00695905238854,0,0.0147058823529,0.0193439002456,0,-0.0960784313725,-0.0397959183673,-2,-0.00294117647059,-0.0104978354978,0,0,0,36,0,1,235,0.972972972973,1,0,0.027027027027,1,0.972972972973,0.986301369863,0.984301887704,0.972972972973,0.972972972973,1,2,0,0,0,0
3762,WLNM_dir_neg,1,0.5,00:00:00,10,90,18,1987284091,threshold_sweep,0.9,1,0.5,0.666666666667,1,0,1,4,0.5,1,0,0.5,1,0.5,0.666666666667,0.833333333333,0.611111111111,0.571428571429,0.632455532034,0.5,37,35,2,0,37,0,35,0,2,17,37,0.136029411765,1.88235294118,4.35294117647,3.36363636364,2.84615384615,1.69341284359,0.389027274878,0.193958664547,2.09866904602,0.964253345467,0.518282988871,1.87867287326,0.863174022847,0.470588235294,0.786197569093,0.41766745858,2.25,1.88235294118,0.786197569093,2.25,0.166339869281,0.0612244897959,3,0.00441176470588,0.185952380952,17,17,17,1,0,0.352941176471,0.411764705882,0.235294117647,17,0.128676470588,1.90196078431,4.11764705882,3.18181818182,2.69230769231,1.57648156274,0.382859808093,0.201680672269,2.01465221053,0.978545359402,0.524369747899,1.74894926439,0.849489642704,0.463865546218,0.814492905316,0.428238537847,2.33333333333,1.90196078431,0.814492905316,2.33333333333,0,0,0,0,0.164242424242,17,17,17,1,0,0.352941176471,0.411764705882,0.235294117647,17,36,0.132352941176,1.89705882353,4.23529411765,3.27272727273,2.76923076923,1.71498585143,0.40492721492,0.204248366013,2.05798302171,0.971825315808,0.522875816993,1.79869233546,0.849382491746,0.464052287582,0.805541469338,0.424626510969,2.25,1.89705882353,0.805541469338,2.25,0.0702614379085,0.0214285714286,1,0.00147058823529,0.175454545455,17,17,17,1,0,0.352941176471,0.411764705882,0.235294117647,-1,-0.00367647058824,0.0147058823529,-0.117647058824,-0.0909090909091,-0.0769230769231,0.0215730078386,0.0158999400418,0.0102897014662,-0.0406860243059,0.00757197034072,0.00459282812224,-0.0799805377942,-0.0137915311015,-0.00653594771242,0.0193439002456,0.00695905238854,0,0.0147058823529,0.0193439002456,0,-0.0960784313725,-0.0397959183673,-2,-0.00294117647059,-0.0104978354978,0,0,0,36,0,1,235,0.972972972973,1,0,0.027027027027,1,0.972972972973,0.986301369863,0.984301887704,0.972972972973,0.972972972973,1,2,0,0,0,0
3763,WLNM_dir_neg,1,0.5,00:00:00,10,90,19,1987284092,threshold_sweep,0.1,0.666666666667,1,0.8,2,1,0,3,1,0.75,0.25,0,0.666666666667,1,0.8,0.833333333333,0.5,0.666666666667,0.707106781187,0.75,37,35,2,0,37,0,35,0,2,17,37,0.136029411765,1.88235294118,4.35294117647,3.36363636364,2.84615384615,1.69341284359,0.389027274878,0.193958664547,2.09866904602,0.964253345467,0.518282988871,1.87867287326,0.863174022847,0.470588235294,0.786197569093,0.41766745858,2.25,1.88235294118,0.786197569093,2.25,0.166339869281,0.0612244897959,3,0.00441176470588,0.185952380952,17,17,17,1,0,0.352941176471,0.411764705882,0.235294117647,17,0.128676470588,1.90196078431,4.11764705882,3.18181818182,2.69230769231,1.57648156274,0.382859808093,0.201680672269,2.01465221053,0.978545359402,0.524369747899,1.74894926439,0.849489642704,0.463865546218,0.814492905316,0.428238537847,2.33333333333,1.90196078431,0.814492905316,2.33333333333,0,0,0,0,0.164242424242,17,17,17,1,0,0.352941176471,0.411764705882,0.235294117647,17,38,0.139705882353,1.91911764706,4.47058823529,3.45454545455,2.71428571429,1.66274047354,0.371928790134,0.188854489164,2.07754096725,0.929426222189,0.501547987616,1.82103719638,0.814674535221,0.442724458204,0.851172418076,0.443522792561,2.5,1.91911764706,0.851172418076,2.5,0.152287581699,0.0779220779221,4,0.00588235294118,0.183528138528,17,17,17,1,0,0.352941176471,0.470588235294,0.176470588235,1,0.00367647058824,0.0367647058824,0.117647058824,0.0909090909091,-0.131868131868,-0.030672370045,-0.0170984847437,-0.00510417538281,-0.0211280787694,-0.0348271232775,-0.0167350012551,-0.0576356768785,-0.0484994876259,-0.0278637770898,0.0649748489839,0.0258553339805,0.25,0.0367647058824,0.0649748489839,0.25,-0.0140522875817,0.0166975881262,1,0.00147058823529,-0.00242424242424,0,0.0588235294118,-0.0588235294118,37,1,0,234,1,0.995744680851,0.00425531914894,0,0.973684210526,1,0.986666666667,0.984652666406,0.995744680851,0.973684210526,3,2,0,0,0,0
3764,WLNM_dir_neg,1,0.5,00:00:00,10,90,19,1987284092,threshold_sweep,0.2,0.666666666667,1,0.8,2,1,0,3,1,0.75,0.25,0,0.666666666667,1,0.8,0.833333333333,0.5,0.666666666667,0.707106781187,0.75,37,35,2,0,37,0,35,0,2,17,37,0.136029411765,1.88235294118,4.35294117647,3.36363636364,2.84615384615,1.69341284359,0.389027274878,0.193958664547,2.09866904602,0.964253345467,0.518282988871,1.87867287326,0.863174022847,0.470588235294,0.786197569093,0.41766745858,2.25,1.88235294118,0.786197569093,2.25,0.166339869281,0.0612244897959,3,0.00441176470588,0.185952380952,17,17,17,1,0,0.352941176471,0.411764705882,0.235294117647,17,0.128676470588,1.90196078431,4.11764705882,3.18181818182,2.69230769231,1.57648156274,0.382859808093,0.201680672269,2.01465221053,0.978545359402,0.524369747899,1.74894926439,0.849489642704,0.463865546218,0.814492905316,0.428238537847,2.33333333333,1.90196078431,0.814492905316,2.33333333333,0,0,0,0,0.164242424242,17,17,17,1,0,0.352941176471,0.411764705882,0.235294117647,17,38,0.139705882353,1.91911764706,4.47058823529,3.45454545455,2.71428571429,1.66274047354,0.371928790134,0.188854489164,2.07754096725,0.929426222189,0.501547987616,1.82103719638,0.814674535221,0.442724458204,0.851172418076,0.443522792561,2.5,1.91911764706,0.851172418076,2.5,0.152287581699,0.0779220779221,4,0.00588235294118,0.183528138528,17,17,17,1,0,0.352941176471,0.470588235294,0.176470588235,1,0.00367647058824,0.0367647058824,0.117647058824,0.0909090909091,-0.131868131868,-0.030672370045,-0.0170984847437,-0.00510417538281,-0.0211280787694,-0.0348271232775,-0.0167350012551,-0.0576356768785,-0.0484994876259,-0.0278637770898,0.0649748489839,0.0258553339805,0.25,0.0367647058824,0.0649748489839,0.25,-0.0140522875817,0.0166975881262,1,0.00147058823529,-0.00242424242424,0,0.0588235294118,-0.0588235294118,37,1,0,234,1,0.995744680851,0.00425531914894,0,0.973684210526,1,0.986666666667,0.984652666406,0.995744680851,0.973684210526,3,2,0,0,0,0
3765,WLNM_dir_neg,1,0.5,00:00:00,10,90,19,1987284092,threshold_sweep,0.3,0.666666666667,1,0.8,2,1,0,3,1,0.75,0.25,0,0.666666666667,1,0.8,0.833333333333,0.5,0.666666666667,0.707106781187,0.75,37,35,2,0,37,0,35,0,2,17,37,0.136029411765,1.88235294118,4.35294117647,3.36363636364,2.84615384615,1.69341284359,0.389027274878,0.193958664547,2.09866904602,0.964253345467,0.518282988871,1.87867287326,0.863174022847,0.470588235294,0.786197569093,0.41766745858,2.25,1.88235294118,0.786197569093,2.25,0.166339869281,0.0612244897959,3,0.00441176470588,0.185952380952,17,17,17,1,0,0.352941176471,0.411764705882,0.235294117647,17,0.128676470588,1.90196078431,4.11764705882,3.18181818182,2.69230769231,1.57648156274,0.382859808093,0.201680672269,2.01465221053,0.978545359402,0.524369747899,1.74894926439,0.849489642704,0.463865546218,0.814492905316,0.428238537847,2.33333333333,1.90196078431,0.814492905316,2.33333333333,0,0,0,0,0.164242424242,17,17,17,1,0,0.352941176471,0.411764705882,0.235294117647,17,38,0.139705882353,1.91911764706,4.47058823529,3.45454545455,2.71428571429,1.66274047354,0.371928790134,0.188854489164,2.07754096725,0.929426222189,0.501547987616,1.82103719638,0.814674535221,0.442724458204,0.851172418076,0.443522792561,2.5,1.91911764706,0.851172418076,2.5,0.152287581699,0.0779220779221,4,0.00588235294118,0.183528138528,17,17,17,1,0,0.352941176471,0.470588235294,0.176470588235,1,0.00367647058824,0.0367647058824,0.117647058824,0.0909090909091,-0.131868131868,-0.030672370045,-0.0170984847437,-0.00510417538281,-0.0211280787694,-0.0348271232775,-0.0167350012551,-0.0576356768785,-0.0484994876259,-0.0278637770898,0.0649748489839,0.0258553339805,0.25,0.0367647058824,0.0649748489839,0.25,-0.0140522875817,0.0166975881262,1,0.00147058823529,-0.00242424242424,0,0.0588235294118,-0.0588235294118,37,1,0,234,1,0.995744680851,0.00425531914894,0,0.973684210526,1,0.986666666667,0.984652666406,0.995744680851,0.973684210526,3,2,0,0,0,0
3766,WLNM_dir_neg,1,0.5,00:00:00,10,90,19,1987284092,threshold_sweep,0.4,0.666666666667,1,0.8,2,1,0,3,1,0.75,0.25,0,0.666666666667,1,0.8,0.833333333333,0.5,0.666666666667,0.707106781187,0.75,37,35,2,0,37,0,35,0,2,17,37,0.136029411765,1.88235294118,4.35294117647,3.36363636364,2.84615384615,1.69341284359,0.389027274878,0.193958664547,2.09866904602,0.964253345467,0.518282988871,1.87867287326,0.863174022847,0.470588235294,0.786197569093,0.41766745858,2.25,1.88235294118,0.786197569093,2.25,0.166339869281,0.0612244897959,3,0.00441176470588,0.185952380952,17,17,17,1,0,0.352941176471,0.411764705882,0.235294117647,17,0.128676470588,1.90196078431,4.11764705882,3.18181818182,2.69230769231,1.57648156274,0.382859808093,0.201680672269,2.01465221053,0.978545359402,0.524369747899,1.74894926439,0.849489642704,0.463865546218,0.814492905316,0.428238537847,2.33333333333,1.90196078431,0.814492905316,2.33333333333,0,0,0,0,0.164242424242,17,17,17,1,0,0.352941176471,0.411764705882,0.235294117647,17,38,0.139705882353,1.91911764706,4.47058823529,3.45454545455,2.71428571429,1.66274047354,0.371928790134,0.188854489164,2.07754096725,0.929426222189,0.501547987616,1.82103719638,0.814674535221,0.442724458204,0.851172418076,0.443522792561,2.5,1.91911764706,0.851172418076,2.5,0.152287581699,0.0779220779221,4,0.00588235294118,0.183528138528,17,17,17,1,0,0.352941176471,0.470588235294,0.176470588235,1,0.00367647058824,0.0367647058824,0.117647058824,0.0909090909091,-0.131868131868,-0.030672370045,-0.0170984847437,-0.00510417538281,-0.0211280787694,-0.0348271232775,-0.0167350012551,-0.0576356768785,-0.0484994876259,-0.0278637770898,0.0649748489839,0.0258553339805,0.25,0.0367647058824,0.0649748489839,0.25,-0.0140522875817,0.0166975881262,1,0.00147058823529,-0.00242424242424,0,0.0588235294118,-0.0588235294118,37,1,0,234,1,0.995744680851,0.00425531914894,0,0.973684210526,1,0.986666666667,0.984652666406,0.995744680851,0.973684210526,3,2,0,0,0,0
3767,WLNM_dir_neg,1,0.5,00:00:00,10,90,19,1987284092,threshold_sweep,0.5,0.666666666667,1,0.8,2,1,0,3,1,0.75,0.25,0,0.666666666667,1,0.8,0.833333333333,0.5,0.666666666667,0.707106781187,0.75,37,35,2,0,37,0,35,0,2,17,37,0.136029411765,1.88235294118,4.35294117647,3.36363636364,2.84615384615,1.69341284359,0.389027274878,0.193958664547,2.09866904602,0.964253345467,0.518282988871,1.87867287326,0.863174022847,0.470588235294,0.786197569093,0.41766745858,2.25,1.88235294118,0.786197569093,2.25,0.166339869281,0.0612244897959,3,0.00441176470588,0.185952380952,17,17,17,1,0,0.352941176471,0.411764705882,0.235294117647,17,0.128676470588,1.90196078431,4.11764705882,3.18181818182,2.69230769231,1.57648156274,0.382859808093,0.201680672269,2.01465221053,0.978545359402,0.524369747899,1.74894926439,0.849489642704,0.463865546218,0.814492905316,0.428238537847,2.33333333333,1.90196078431,0.814492905316,2.33333333333,0,0,0,0,0.164242424242,17,17,17,1,0,0.352941176471,0.411764705882,0.235294117647,17,38,0.139705882353,1.91911764706,4.47058823529,3.45454545455,2.71428571429,1.66274047354,0.371928790134,0.188854489164,2.07754096725,0.929426222189,0.501547987616,1.82103719638,0.814674535221,0.442724458204,0.851172418076,0.443522792561,2.5,1.91911764706,0.851172418076,2.5,0.152287581699,0.0779220779221,4,0.00588235294118,0.183528138528,17,17,17,1,0,0.352941176471,0.470588235294,0.176470588235,1,0.00367647058824,0.0367647058824,0.117647058824,0.0909090909091,-0.131868131868,-0.030672370045,-0.0170984847437,-0.00510417538281,-0.0211280787694,-0.0348271232775,-0.0167350012551,-0.0576356768785,-0.0484994876259,-0.0278637770898,0.0649748489839,0.0258553339805,0.25,0.0367647058824,0.0649748489839,0.25,-0.0140522875817,0.0166975881262,1,0.00147058823529,-0.00242424242424,0,0.0588235294118,-0.0588235294118,37,1,0,234,1,0.995744680851,0.00425531914894,0,0.973684210526,1,0.986666666667,0.984652666406,0.995744680851,0.973684210526,3,2,0,0,0,0
3768,WLNM_dir_neg,1,0.5,00:00:00,10,90,19,1987284092,threshold_sweep,0.6,0.666666666667,1,0.8,2,1,0,3,1,0.75,0.25,0,0.666666666667,1,0.8,0.833333333333,0.5,0.666666666667,0.707106781187,0.75,37,35,2,0,37,0,35,0,2,17,37,0.136029411765,1.88235294118,4.35294117647,3.36363636364,2.84615384615,1.69341284359,0.389027274878,0.193958664547,2.09866904602,0.964253345467,0.518282988871,1.87867287326,0.863174022847,0.470588235294,0.786197569093,0.41766745858,2.25,1.88235294118,0.786197569093,2.25,0.166339869281,0.0612244897959,3,0.00441176470588,0.185952380952,17,17,17,1,0,0.352941176471,0.411764705882,0.235294117647,17,0.128676470588,1.90196078431,4.11764705882,3.18181818182,2.69230769231,1.57648156274,0.382859808093,0.201680672269,2.01465221053,0.978545359402,0.524369747899,1.74894926439,0.849489642704,0.463865546218,0.814492905316,0.428238537847,2.33333333333,1.90196078431,0.814492905316,2.33333333333,0,0,0,0,0.164242424242,17,17,17,1,0,0.352941176471,0.411764705882,0.235294117647,17,38,0.139705882353,1.91911764706,4.47058823529,3.45454545455,2.71428571429,1.66274047354,0.371928790134,0.188854489164,2.07754096725,0.929426222189,0.501547987616,1.82103719638,0.814674535221,0.442724458204,0.851172418076,0.443522792561,2.5,1.91911764706,0.851172418076,2.5,0.152287581699,0.0779220779221,4,0.00588235294118,0.183528138528,17,17,17,1,0,0.352941176471,0.470588235294,0.176470588235,1,0.00367647058824,0.0367647058824,0.117647058824,0.0909090909091,-0.131868131868,-0.030672370045,-0.0170984847437,-0.00510417538281,-0.0211280787694,-0.0348271232775,-0.0167350012551,-0.0576356768785,-0.0484994876259,-0.0278637770898,0.0649748489839,0.0258553339805,0.25,0.0367647058824,0.0649748489839,0.25,-0.0140522875817,0.0166975881262,1,0.00147058823529,-0.00242424242424,0,0.0588235294118,-0.0588235294118,37,1,0,234,1,0.995744680851,0.00425531914894,0,0.973684210526,1,0.986666666667,0.984652666406,0.995744680851,0.973684210526,3,2,0,0,0,0
3769,WLNM_dir_neg,1,0.5,00:00:00,10,90,19,1987284092,threshold_sweep,0.7,1,1,1,2,0,0,4,1,1,0,0,1,1,1,1,0.555555555556,1,1,1,37,35,2,0,37,0,35,0,2,17,37,0.136029411765,1.88235294118,4.35294117647,3.36363636364,2.84615384615,1.69341284359,0.389027274878,0.193958664547,2.09866904602,0.964253345467,0.518282988871,1.87867287326,0.863174022847,0.470588235294,0.786197569093,0.41766745858,2.25,1.88235294118,0.786197569093,2.25,0.166339869281,0.0612244897959,3,0.00441176470588,0.185952380952,17,17,17,1,0,0.352941176471,0.411764705882,0.235294117647,17,0.128676470588,1.90196078431,4.11764705882,3.18181818182,2.69230769231,1.57648156274,0.382859808093,0.201680672269,2.01465221053,0.978545359402,0.524369747899,1.74894926439,0.849489642704,0.463865546218,0.814492905316,0.428238537847,2.33333333333,1.90196078431,0.814492905316,2.33333333333,0,0,0,0,0.164242424242,17,17,17,1,0,0.352941176471,0.411764705882,0.235294117647,17,37,0.136029411765,1.88235294118,4.35294117647,3.36363636364,2.84615384615,1.69341284359,0.389027274878,0.193958664547,2.09866904602,0.964253345467,0.518282988871,1.87867287326,0.863174022847,0.470588235294,0.786197569093,0.41766745858,2.25,1.88235294118,0.786197569093,2.25,0.166339869281,0.0612244897959,3,0.00441176470588,0.185952380952,17,17,17,1,0,0.352941176471,0.411764705882,0.235294117647,0,0,0,0,0,0,0,0,0,0,0,0,0,0,0,0,0,0,0,0,0,0,0,0,0,0,0,0,0,37,0,0,235,1,1,0,0,1,1,1,1,1,1,2,2,0,0,0,0
3770,WLNM_dir_neg,1,0.5,00:00:00,10,90,19,1987284092,threshold_sweep,0.8,1,1,1,2,0,0,4,1,1,0,0,1,1,1,1,0.555555555556,1,1,1,37,35,2,0,37,0,35,0,2,17,37,0.136029411765,1.88235294118,4.35294117647,3.36363636364,2.84615384615,1.69341284359,0.389027274878,0.193958664547,2.09866904602,0.964253345467,0.518282988871,1.87867287326,0.863174022847,0.470588235294,0.786197569093,0.41766745858,2.25,1.88235294118,0.786197569093,2.25,0.166339869281,0.0612244897959,3,0.00441176470588,0.185952380952,17,17,17,1,0,0.352941176471,0.411764705882,0.235294117647,17,0.128676470588,1.90196078431,4.11764705882,3.18181818182,2.69230769231,1.57648156274,0.382859808093,0.201680672269,2.01465221053,0.978545359402,0.524369747899,1.74894926439,0.849489642704,0.463865546218,0.814492905316,0.428238537847,2.33333333333,1.90196078431,0.814492905316,2.33333333333,0,0,0,0,0.164242424242,17,17,17,1,0,0.352941176471,0.411764705882,0.235294117647,17,37,0.136029411765,1.88235294118,4.35294117647,3.36363636364,2.84615384615,1.69341284359,0.389027274878,0.193958664547,2.09866904602,0.964253345467,0.518282988871,1.87867287326,0.863174022847,0.470588235294,0.786197569093,0.41766745858,2.25,1.88235294118,0.786197569093,2.25,0.166339869281,0.0612244897959,3,0.00441176470588,0.185952380952,17,17,17,1,0,0.352941176471,0.411764705882,0.235294117647,0,0,0,0,0,0,0,0,0,0,0,0,0,0,0,0,0,0,0,0,0,0,0,0,0,0,0,0,0,37,0,0,235,1,1,0,0,1,1,1,1,1,1,2,2,0,0,0,0
3771,WLNM_dir_neg,1,0.5,00:00:00,10,90,19,1987284092,threshold_sweep,0.9,1,1,1,2,0,0,4,1,1,0,0,1,1,1,1,0.555555555556,1,1,1,37,35,2,0,37,0,35,0,2,17,37,0.136029411765,1.88235294118,4.35294117647,3.36363636364,2.84615384615,1.69341284359,0.389027274878,0.193958664547,2.09866904602,0.964253345467,0.518282988871,1.87867287326,0.863174022847,0.470588235294,0.786197569093,0.41766745858,2.25,1.88235294118,0.786197569093,2.25,0.166339869281,0.0612244897959,3,0.00441176470588,0.185952380952,17,17,17,1,0,0.352941176471,0.411764705882,0.235294117647,17,0.128676470588,1.90196078431,4.11764705882,3.18181818182,2.69230769231,1.57648156274,0.382859808093,0.201680672269,2.01465221053,0.978545359402,0.524369747899,1.74894926439,0.849489642704,0.463865546218,0.814492905316,0.428238537847,2.33333333333,1.90196078431,0.814492905316,2.33333333333,0,0,0,0,0.164242424242,17,17,17,1,0,0.352941176471,0.411764705882,0.235294117647,17,37,0.136029411765,1.88235294118,4.35294117647,3.36363636364,2.84615384615,1.69341284359,0.389027274878,0.193958664547,2.09866904602,0.964253345467,0.518282988871,1.87867287326,0.863174022847,0.470588235294,0.786197569093,0.41766745858,2.25,1.88235294118,0.786197569093,2.25,0.166339869281,0.0612244897959,3,0.00441176470588,0.185952380952,17,17,17,1,0,0.352941176471,0.411764705882,0.235294117647,0,0,0,0,0,0,0,0,0,0,0,0,0,0,0,0,0,0,0,0,0,0,0,0,0,0,0,0,0,37,0,0,235,1,1,0,0,1,1,1,1,1,1,2,2,0,0,0,0
3772,WLNM_dir_neg,1,0.5,00:00:00,10,90,20,1987284093,threshold_sweep,0.1,1,1,1,2,0,0,4,1,1,0,0,1,1,1,1,0.555555555556,1,1,1,37,35,2,0,37,0,35,0,2,17,37,0.136029411765,1.88235294118,4.35294117647,3.36363636364,2.84615384615,1.69341284359,0.389027274878,0.193958664547,2.09866904602,0.964253345467,0.518282988871,1.87867287326,0.863174022847,0.470588235294,0.786197569093,0.41766745858,2.25,1.88235294118,0.786197569093,2.25,0.166339869281,0.0612244897959,3,0.00441176470588,0.185952380952,17,17,17,1,0,0.352941176471,0.411764705882,0.235294117647,17,0.128676470588,1.90196078431,4.11764705882,3.18181818182,2.69230769231,1.57648156274,0.382859808093,0.201680672269,2.01465221053,0.978545359402,0.524369747899,1.74894926439,0.849489642704,0.463865546218,0.814492905316,0.428238537847,2.33333333333,1.90196078431,0.814492905316,2.33333333333,0,0,0,0,0.164242424242,17,17,17,1,0,0.352941176471,0.411764705882,0.235294117647,17,37,0.136029411765,1.88235294118,4.35294117647,3.36363636364,2.84615384615,1.69341284359,0.389027274878,0.193958664547,2.09866904602,0.964253345467,0.518282988871,1.87867287326,0.863174022847,0.470588235294,0.786197569093,0.41766745858,2.25,1.88235294118,0.786197569093,2.25,0.166339869281,0.0612244897959,3,0.00441176470588,0.185952380952,17,17,17,1,0,0.352941176471,0.411764705882,0.235294117647,0,0,0,0,0,0,0,0,0,0,0,0,0,0,0,0,0,0,0,0,0,0,0,0,0,0,0,0,0,37,0,0,235,1,1,0,0,1,1,1,1,1,1,2,2,0,0,0,0
3773,WLNM_dir_neg,1,0.5,00:00:00,10,90,20,1987284093,threshold_sweep,0.2,1,1,1,2,0,0,4,1,1,0,0,1,1,1,1,0.555555555556,1,1,1,37,35,2,0,37,0,35,0,2,17,37,0.136029411765,1.88235294118,4.35294117647,3.36363636364,2.84615384615,1.69341284359,0.389027274878,0.193958664547,2.09866904602,0.964253345467,0.518282988871,1.87867287326,0.863174022847,0.470588235294,0.786197569093,0.41766745858,2.25,1.88235294118,0.786197569093,2.25,0.166339869281,0.0612244897959,3,0.00441176470588,0.185952380952,17,17,17,1,0,0.352941176471,0.411764705882,0.235294117647,17,0.128676470588,1.90196078431,4.11764705882,3.18181818182,2.69230769231,1.57648156274,0.382859808093,0.201680672269,2.01465221053,0.978545359402,0.524369747899,1.74894926439,0.849489642704,0.463865546218,0.814492905316,0.428238537847,2.33333333333,1.90196078431,0.814492905316,2.33333333333,0,0,0,0,0.164242424242,17,17,17,1,0,0.352941176471,0.411764705882,0.235294117647,17,37,0.136029411765,1.88235294118,4.35294117647,3.36363636364,2.84615384615,1.69341284359,0.389027274878,0.193958664547,2.09866904602,0.964253345467,0.518282988871,1.87867287326,0.863174022847,0.470588235294,0.786197569093,0.41766745858,2.25,1.88235294118,0.786197569093,2.25,0.166339869281,0.0612244897959,3,0.00441176470588,0.185952380952,17,17,17,1,0,0.352941176471,0.411764705882,0.235294117647,0,0,0,0,0,0,0,0,0,0,0,0,0,0,0,0,0,0,0,0,0,0,0,0,0,0,0,0,0,37,0,0,235,1,1,0,0,1,1,1,1,1,1,2,2,0,0,0,0
3774,WLNM_dir_neg,1,0.5,00:00:00,10,90,20,1987284093,threshold_sweep,0.3,1,1,1,2,0,0,4,1,1,0,0,1,1,1,1,0.555555555556,1,1,1,37,35,2,0,37,0,35,0,2,17,37,0.136029411765,1.88235294118,4.35294117647,3.36363636364,2.84615384615,1.69341284359,0.389027274878,0.193958664547,2.09866904602,0.964253345467,0.518282988871,1.87867287326,0.863174022847,0.470588235294,0.786197569093,0.41766745858,2.25,1.88235294118,0.786197569093,2.25,0.166339869281,0.0612244897959,3,0.00441176470588,0.185952380952,17,17,17,1,0,0.352941176471,0.411764705882,0.235294117647,17,0.128676470588,1.90196078431,4.11764705882,3.18181818182,2.69230769231,1.57648156274,0.382859808093,0.201680672269,2.01465221053,0.978545359402,0.524369747899,1.74894926439,0.849489642704,0.463865546218,0.814492905316,0.428238537847,2.33333333333,1.90196078431,0.814492905316,2.33333333333,0,0,0,0,0.164242424242,17,17,17,1,0,0.352941176471,0.411764705882,0.235294117647,17,37,0.136029411765,1.88235294118,4.35294117647,3.36363636364,2.84615384615,1.69341284359,0.389027274878,0.193958664547,2.09866904602,0.964253345467,0.518282988871,1.87867287326,0.863174022847,0.470588235294,0.786197569093,0.41766745858,2.25,1.88235294118,0.786197569093,2.25,0.166339869281,0.0612244897959,3,0.00441176470588,0.185952380952,17,17,17,1,0,0.352941176471,0.411764705882,0.235294117647,0,0,0,0,0,0,0,0,0,0,0,0,0,0,0,0,0,0,0,0,0,0,0,0,0,0,0,0,0,37,0,0,235,1,1,0,0,1,1,1,1,1,1,2,2,0,0,0,0
3775,WLNM_dir_neg,1,0.5,00:00:00,10,90,20,1987284093,threshold_sweep,0.4,1,1,1,2,0,0,4,1,1,0,0,1,1,1,1,0.555555555556,1,1,1,37,35,2,0,37,0,35,0,2,17,37,0.136029411765,1.88235294118,4.35294117647,3.36363636364,2.84615384615,1.69341284359,0.389027274878,0.193958664547,2.09866904602,0.964253345467,0.518282988871,1.87867287326,0.863174022847,0.470588235294,0.786197569093,0.41766745858,2.25,1.88235294118,0.786197569093,2.25,0.166339869281,0.0612244897959,3,0.00441176470588,0.185952380952,17,17,17,1,0,0.352941176471,0.411764705882,0.235294117647,17,0.128676470588,1.90196078431,4.11764705882,3.18181818182,2.69230769231,1.57648156274,0.382859808093,0.201680672269,2.01465221053,0.978545359402,0.524369747899,1.74894926439,0.849489642704,0.463865546218,0.814492905316,0.428238537847,2.33333333333,1.90196078431,0.814492905316,2.33333333333,0,0,0,0,0.164242424242,17,17,17,1,0,0.352941176471,0.411764705882,0.235294117647,17,37,0.136029411765,1.88235294118,4.35294117647,3.36363636364,2.84615384615,1.69341284359,0.389027274878,0.193958664547,2.09866904602,0.964253345467,0.518282988871,1.87867287326,0.863174022847,0.470588235294,0.786197569093,0.41766745858,2.25,1.88235294118,0.786197569093,2.25,0.166339869281,0.0612244897959,3,0.00441176470588,0.185952380952,17,17,17,1,0,0.352941176471,0.411764705882,0.235294117647,0,0,0,0,0,0,0,0,0,0,0,0,0,0,0,0,0,0,0,0,0,0,0,0,0,0,0,0,0,37,0,0,235,1,1,0,0,1,1,1,1,1,1,2,2,0,0,0,0
3776,WLNM_dir_neg,1,0.5,00:00:00,10,90,20,1987284093,threshold_sweep,0.5,1,1,1,2,0,0,4,1,1,0,0,1,1,1,1,0.555555555556,1,1,1,37,35,2,0,37,0,35,0,2,17,37,0.136029411765,1.88235294118,4.35294117647,3.36363636364,2.84615384615,1.69341284359,0.389027274878,0.193958664547,2.09866904602,0.964253345467,0.518282988871,1.87867287326,0.863174022847,0.470588235294,0.786197569093,0.41766745858,2.25,1.88235294118,0.786197569093,2.25,0.166339869281,0.0612244897959,3,0.00441176470588,0.185952380952,17,17,17,1,0,0.352941176471,0.411764705882,0.235294117647,17,0.128676470588,1.90196078431,4.11764705882,3.18181818182,2.69230769231,1.57648156274,0.382859808093,0.201680672269,2.01465221053,0.978545359402,0.524369747899,1.74894926439,0.849489642704,0.463865546218,0.814492905316,0.428238537847,2.33333333333,1.90196078431,0.814492905316,2.33333333333,0,0,0,0,0.164242424242,17,17,17,1,0,0.352941176471,0.411764705882,0.235294117647,17,37,0.136029411765,1.88235294118,4.35294117647,3.36363636364,2.84615384615,1.69341284359,0.389027274878,0.193958664547,2.09866904602,0.964253345467,0.518282988871,1.87867287326,0.863174022847,0.470588235294,0.786197569093,0.41766745858,2.25,1.88235294118,0.786197569093,2.25,0.166339869281,0.0612244897959,3,0.00441176470588,0.185952380952,17,17,17,1,0,0.352941176471,0.411764705882,0.235294117647,0,0,0,0,0,0,0,0,0,0,0,0,0,0,0,0,0,0,0,0,0,0,0,0,0,0,0,0,0,37,0,0,235,1,1,0,0,1,1,1,1,1,1,2,2,0,0,0,0
3777,WLNM_dir_neg,1,0.5,00:00:00,10,90,20,1987284093,threshold_sweep,0.6,1,1,1,2,0,0,4,1,1,0,0,1,1,1,1,0.555555555556,1,1,1,37,35,2,0,37,0,35,0,2,17,37,0.136029411765,1.88235294118,4.35294117647,3.36363636364,2.84615384615,1.69341284359,0.389027274878,0.193958664547,2.09866904602,0.964253345467,0.518282988871,1.87867287326,0.863174022847,0.470588235294,0.786197569093,0.41766745858,2.25,1.88235294118,0.786197569093,2.25,0.166339869281,0.0612244897959,3,0.00441176470588,0.185952380952,17,17,17,1,0,0.352941176471,0.411764705882,0.235294117647,17,0.128676470588,1.90196078431,4.11764705882,3.18181818182,2.69230769231,1.57648156274,0.382859808093,0.201680672269,2.01465221053,0.978545359402,0.524369747899,1.74894926439,0.849489642704,0.463865546218,0.814492905316,0.428238537847,2.33333333333,1.90196078431,0.814492905316,2.33333333333,0,0,0,0,0.164242424242,17,17,17,1,0,0.352941176471,0.411764705882,0.235294117647,17,37,0.136029411765,1.88235294118,4.35294117647,3.36363636364,2.84615384615,1.69341284359,0.389027274878,0.193958664547,2.09866904602,0.964253345467,0.518282988871,1.87867287326,0.863174022847,0.470588235294,0.786197569093,0.41766745858,2.25,1.88235294118,0.786197569093,2.25,0.166339869281,0.0612244897959,3,0.00441176470588,0.185952380952,17,17,17,1,0,0.352941176471,0.411764705882,0.235294117647,0,0,0,0,0,0,0,0,0,0,0,0,0,0,0,0,0,0,0,0,0,0,0,0,0,0,0,0,0,37,0,0,235,1,1,0,0,1,1,1,1,1,1,2,2,0,0,0,0
3778,WLNM_dir_neg,1,0.5,00:00:00,10,90,20,1987284093,threshold_sweep,0.7,1,1,1,2,0,0,4,1,1,0,0,1,1,1,1,0.555555555556,1,1,1,37,35,2,0,37,0,35,0,2,17,37,0.136029411765,1.88235294118,4.35294117647,3.36363636364,2.84615384615,1.69341284359,0.389027274878,0.193958664547,2.09866904602,0.964253345467,0.518282988871,1.87867287326,0.863174022847,0.470588235294,0.786197569093,0.41766745858,2.25,1.88235294118,0.786197569093,2.25,0.166339869281,0.0612244897959,3,0.00441176470588,0.185952380952,17,17,17,1,0,0.352941176471,0.411764705882,0.235294117647,17,0.128676470588,1.90196078431,4.11764705882,3.18181818182,2.69230769231,1.57648156274,0.382859808093,0.201680672269,2.01465221053,0.978545359402,0.524369747899,1.74894926439,0.849489642704,0.463865546218,0.814492905316,0.428238537847,2.33333333333,1.90196078431,0.814492905316,2.33333333333,0,0,0,0,0.164242424242,17,17,17,1,0,0.352941176471,0.411764705882,0.235294117647,17,37,0.136029411765,1.88235294118,4.35294117647,3.36363636364,2.84615384615,1.69341284359,0.389027274878,0.193958664547,2.09866904602,0.964253345467,0.518282988871,1.87867287326,0.863174022847,0.470588235294,0.786197569093,0.41766745858,2.25,1.88235294118,0.786197569093,2.25,0.166339869281,0.0612244897959,3,0.00441176470588,0.185952380952,17,17,17,1,0,0.352941176471,0.411764705882,0.235294117647,0,0,0,0,0,0,0,0,0,0,0,0,0,0,0,0,0,0,0,0,0,0,0,0,0,0,0,0,0,37,0,0,235,1,1,0,0,1,1,1,1,1,1,2,2,0,0,0,0
3779,WLNM_dir_neg,1,0.5,00:00:00,10,90,20,1987284093,threshold_sweep,0.8,1,1,1,2,0,0,4,1,1,0,0,1,1,1,1,0.555555555556,1,1,1,37,35,2,0,37,0,35,0,2,17,37,0.136029411765,1.88235294118,4.35294117647,3.36363636364,2.84615384615,1.69341284359,0.389027274878,0.193958664547,2.09866904602,0.964253345467,0.518282988871,1.87867287326,0.863174022847,0.470588235294,0.786197569093,0.41766745858,2.25,1.88235294118,0.786197569093,2.25,0.166339869281,0.0612244897959,3,0.00441176470588,0.185952380952,17,17,17,1,0,0.352941176471,0.411764705882,0.235294117647,17,0.128676470588,1.90196078431,4.11764705882,3.18181818182,2.69230769231,1.57648156274,0.382859808093,0.201680672269,2.01465221053,0.978545359402,0.524369747899,1.74894926439,0.849489642704,0.463865546218,0.814492905316,0.428238537847,2.33333333333,1.90196078431,0.814492905316,2.33333333333,0,0,0,0,0.164242424242,17,17,17,1,0,0.352941176471,0.411764705882,0.235294117647,17,37,0.136029411765,1.88235294118,4.35294117647,3.36363636364,2.84615384615,1.69341284359,0.389027274878,0.193958664547,2.09866904602,0.964253345467,0.518282988871,1.87867287326,0.863174022847,0.470588235294,0.786197569093,0.41766745858,2.25,1.88235294118,0.786197569093,2.25,0.166339869281,0.0612244897959,3,0.00441176470588,0.185952380952,17,17,17,1,0,0.352941176471,0.411764705882,0.235294117647,0,0,0,0,0,0,0,0,0,0,0,0,0,0,0,0,0,0,0,0,0,0,0,0,0,0,0,0,0,37,0,0,235,1,1,0,0,1,1,1,1,1,1,2,2,0,0,0,0
3780,WLNM_dir_neg,1,0.5,00:00:00,10,90,20,1987284093,threshold_sweep,0.9,1,1,1,2,0,0,4,1,1,0,0,1,1,1,1,0.555555555556,1,1,1,37,35,2,0,37,0,35,0,2,17,37,0.136029411765,1.88235294118,4.35294117647,3.36363636364,2.84615384615,1.69341284359,0.389027274878,0.193958664547,2.09866904602,0.964253345467,0.518282988871,1.87867287326,0.863174022847,0.470588235294,0.786197569093,0.41766745858,2.25,1.88235294118,0.786197569093,2.25,0.166339869281,0.0612244897959,3,0.00441176470588,0.185952380952,17,17,17,1,0,0.352941176471,0.411764705882,0.235294117647,17,0.128676470588,1.90196078431,4.11764705882,3.18181818182,2.69230769231,1.57648156274,0.382859808093,0.201680672269,2.01465221053,0.978545359402,0.524369747899,1.74894926439,0.849489642704,0.463865546218,0.814492905316,0.428238537847,2.33333333333,1.90196078431,0.814492905316,2.33333333333,0,0,0,0,0.164242424242,17,17,17,1,0,0.352941176471,0.411764705882,0.235294117647,17,37,0.136029411765,1.88235294118,4.35294117647,3.36363636364,2.84615384615,1.69341284359,0.389027274878,0.193958664547,2.09866904602,0.964253345467,0.518282988871,1.87867287326,0.863174022847,0.470588235294,0.786197569093,0.41766745858,2.25,1.88235294118,0.786197569093,2.25,0.166339869281,0.0612244897959,3,0.00441176470588,0.185952380952,17,17,17,1,0,0.352941176471,0.411764705882,0.235294117647,0,0,0,0,0,0,0,0,0,0,0,0,0,0,0,0,0,0,0,0,0,0,0,0,0,0,0,0,0,37,0,0,235,1,1,0,0,1,1,1,1,1,1,2,2,0,0,0,0
3781,WLNM_dir_neg,1,0.5,00:00:01,10,90,21,1987284094,threshold_sweep,0.1,0.666666666667,1,0.8,2,1,0,3,1,0.75,0.25,0,0.666666666667,1,0.8,0.833333333333,0.5,0.666666666667,0.707106781187,0.75,37,35,2,0,37,0,35,0,2,17,37,0.136029411765,1.88235294118,4.35294117647,3.36363636364,2.84615384615,1.69341284359,0.389027274878,0.193958664547,2.09866904602,0.964253345467,0.518282988871,1.87867287326,0.863174022847,0.470588235294,0.786197569093,0.41766745858,2.25,1.88235294118,0.786197569093,2.25,0.166339869281,0.0612244897959,3,0.00441176470588,0.185952380952,17,17,17,1,0,0.352941176471,0.411764705882,0.235294117647,17,0.128676470588,1.90196078431,4.11764705882,3.18181818182,2.69230769231,1.57648156274,0.382859808093,0.201680672269,2.01465221053,0.978545359402,0.524369747899,1.74894926439,0.849489642704,0.463865546218,0.814492905316,0.428238537847,2.33333333333,1.90196078431,0.814492905316,2.33333333333,0,0,0,0,0.164242424242,17,17,17,1,0,0.352941176471,0.411764705882,0.235294117647,17,38,0.139705882353,2.89764705882,4.47058823529,3.16666666667,2.92307692308,1.77192152263,0.396350866904,0.205882352941,2.04723630062,0.915868871331,0.495356037152,1.92124346989,0.859503657582,0.467492260062,1.68464584339,0.581384071003,5,2.89764705882,1.68464584339,5,0.166339869281,0.0612244897959,3,0.00441176470588,0.165566378066,17,17,17,1,0,0.294117647059,0.470588235294,0.235294117647,1,0.00367647058824,1.01529411765,0.117647058824,-0.19696969697,0.0769230769231,0.0785086790417,0.0073235920257,0.0119236883943,-0.0514327453931,-0.0483844741355,-0.0229269517195,0.0425705966328,-0.00367036526551,-0.0030959752322,0.898448274296,0.163716612423,2.75,1.01529411765,0.898448274296,2.75,0,0,0,0,-0.020386002886,-0.0588235294118,0.0588235294118,0,37,1,0,234,1,0.995744680851,0.00425531914894,0,0.973684210526,1,0.986666666667,0.984652666406,0.995744680851,0.973684210526,3,2,0,0,0,0
3782,WLNM_dir_neg,1,0.5,00:00:01,10,90,21,1987284094,threshold_sweep,0.2,0.666666666667,1,0.8,2,1,0,3,1,0.75,0.25,0,0.666666666667,1,0.8,0.833333333333,0.5,0.666666666667,0.707106781187,0.75,37,35,2,0,37,0,35,0,2,17,37,0.136029411765,1.88235294118,4.35294117647,3.36363636364,2.84615384615,1.69341284359,0.389027274878,0.193958664547,2.09866904602,0.964253345467,0.518282988871,1.87867287326,0.863174022847,0.470588235294,0.786197569093,0.41766745858,2.25,1.88235294118,0.786197569093,2.25,0.166339869281,0.0612244897959,3,0.00441176470588,0.185952380952,17,17,17,1,0,0.352941176471,0.411764705882,0.235294117647,17,0.128676470588,1.90196078431,4.11764705882,3.18181818182,2.69230769231,1.57648156274,0.382859808093,0.201680672269,2.01465221053,0.978545359402,0.524369747899,1.74894926439,0.849489642704,0.463865546218,0.814492905316,0.428238537847,2.33333333333,1.90196078431,0.814492905316,2.33333333333,0,0,0,0,0.164242424242,17,17,17,1,0,0.352941176471,0.411764705882,0.235294117647,17,38,0.139705882353,2.89764705882,4.47058823529,3.16666666667,2.92307692308,1.77192152263,0.396350866904,0.205882352941,2.04723630062,0.915868871331,0.495356037152,1.92124346989,0.859503657582,0.467492260062,1.68464584339,0.581384071003,5,2.89764705882,1.68464584339,5,0.166339869281,0.0612244897959,3,0.00441176470588,0.165566378066,17,17,17,1,0,0.294117647059,0.470588235294,0.235294117647,1,0.00367647058824,1.01529411765,0.117647058824,-0.19696969697,0.0769230769231,0.0785086790417,0.0073235920257,0.0119236883943,-0.0514327453931,-0.0483844741355,-0.0229269517195,0.0425705966328,-0.00367036526551,-0.0030959752322,0.898448274296,0.163716612423,2.75,1.01529411765,0.898448274296,2.75,0,0,0,0,-0.020386002886,-0.0588235294118,0.0588235294118,0,37,1,0,234,1,0.995744680851,0.00425531914894,0,0.973684210526,1,0.986666666667,0.984652666406,0.995744680851,0.973684210526,3,2,0,0,0,0
3783,WLNM_dir_neg,1,0.5,00:00:01,10,90,21,1987284094,threshold_sweep,0.3,0.666666666667,1,0.8,2,1,0,3,1,0.75,0.25,0,0.666666666667,1,0.8,0.833333333333,0.5,0.666666666667,0.707106781187,0.75,37,35,2,0,37,0,35,0,2,17,37,0.136029411765,1.88235294118,4.35294117647,3.36363636364,2.84615384615,1.69341284359,0.389027274878,0.193958664547,2.09866904602,0.964253345467,0.518282988871,1.87867287326,0.863174022847,0.470588235294,0.786197569093,0.41766745858,2.25,1.88235294118,0.786197569093,2.25,0.166339869281,0.0612244897959,3,0.00441176470588,0.185952380952,17,17,17,1,0,0.352941176471,0.411764705882,0.235294117647,17,0.128676470588,1.90196078431,4.11764705882,3.18181818182,2.69230769231,1.57648156274,0.382859808093,0.201680672269,2.01465221053,0.978545359402,0.524369747899,1.74894926439,0.849489642704,0.463865546218,0.814492905316,0.428238537847,2.33333333333,1.90196078431,0.814492905316,2.33333333333,0,0,0,0,0.164242424242,17,17,17,1,0,0.352941176471,0.411764705882,0.235294117647,17,38,0.139705882353,2.89764705882,4.47058823529,3.16666666667,2.92307692308,1.77192152263,0.396350866904,0.205882352941,2.04723630062,0.915868871331,0.495356037152,1.92124346989,0.859503657582,0.467492260062,1.68464584339,0.581384071003,5,2.89764705882,1.68464584339,5,0.166339869281,0.0612244897959,3,0.00441176470588,0.165566378066,17,17,17,1,0,0.294117647059,0.470588235294,0.235294117647,1,0.00367647058824,1.01529411765,0.117647058824,-0.19696969697,0.0769230769231,0.0785086790417,0.0073235920257,0.0119236883943,-0.0514327453931,-0.0483844741355,-0.0229269517195,0.0425705966328,-0.00367036526551,-0.0030959752322,0.898448274296,0.163716612423,2.75,1.01529411765,0.898448274296,2.75,0,0,0,0,-0.020386002886,-0.0588235294118,0.0588235294118,0,37,1,0,234,1,0.995744680851,0.00425531914894,0,0.973684210526,1,0.986666666667,0.984652666406,0.995744680851,0.973684210526,3,2,0,0,0,0
3784,WLNM_dir_neg,1,0.5,00:00:01,10,90,21,1987284094,threshold_sweep,0.4,0.666666666667,1,0.8,2,1,0,3,1,0.75,0.25,0,0.666666666667,1,0.8,0.833333333333,0.5,0.666666666667,0.707106781187,0.75,37,35,2,0,37,0,35,0,2,17,37,0.136029411765,1.88235294118,4.35294117647,3.36363636364,2.84615384615,1.69341284359,0.389027274878,0.193958664547,2.09866904602,0.964253345467,0.518282988871,1.87867287326,0.863174022847,0.470588235294,0.786197569093,0.41766745858,2.25,1.88235294118,0.786197569093,2.25,0.166339869281,0.0612244897959,3,0.00441176470588,0.185952380952,17,17,17,1,0,0.352941176471,0.411764705882,0.235294117647,17,0.128676470588,1.90196078431,4.11764705882,3.18181818182,2.69230769231,1.57648156274,0.382859808093,0.201680672269,2.01465221053,0.978545359402,0.524369747899,1.74894926439,0.849489642704,0.463865546218,0.814492905316,0.428238537847,2.33333333333,1.90196078431,0.814492905316,2.33333333333,0,0,0,0,0.164242424242,17,17,17,1,0,0.352941176471,0.411764705882,0.235294117647,17,38,0.139705882353,2.89764705882,4.47058823529,3.16666666667,2.92307692308,1.77192152263,0.396350866904,0.205882352941,2.04723630062,0.915868871331,0.495356037152,1.92124346989,0.859503657582,0.467492260062,1.68464584339,0.581384071003,5,2.89764705882,1.68464584339,5,0.166339869281,0.0612244897959,3,0.00441176470588,0.165566378066,17,17,17,1,0,0.294117647059,0.470588235294,0.235294117647,1,0.00367647058824,1.01529411765,0.117647058824,-0.19696969697,0.0769230769231,0.0785086790417,0.0073235920257,0.0119236883943,-0.0514327453931,-0.0483844741355,-0.0229269517195,0.0425705966328,-0.00367036526551,-0.0030959752322,0.898448274296,0.163716612423,2.75,1.01529411765,0.898448274296,2.75,0,0,0,0,-0.020386002886,-0.0588235294118,0.0588235294118,0,37,1,0,234,1,0.995744680851,0.00425531914894,0,0.973684210526,1,0.986666666667,0.984652666406,0.995744680851,0.973684210526,3,2,0,0,0,0
3785,WLNM_dir_neg,1,0.5,00:00:01,10,90,21,1987284094,threshold_sweep,0.5,1,1,1,2,0,0,4,1,1,0,0,1,1,1,1,0.555555555556,1,1,1,37,35,2,0,37,0,35,0,2,17,37,0.136029411765,1.88235294118,4.35294117647,3.36363636364,2.84615384615,1.69341284359,0.389027274878,0.193958664547,2.09866904602,0.964253345467,0.518282988871,1.87867287326,0.863174022847,0.470588235294,0.786197569093,0.41766745858,2.25,1.88235294118,0.786197569093,2.25,0.166339869281,0.0612244897959,3,0.00441176470588,0.185952380952,17,17,17,1,0,0.352941176471,0.411764705882,0.235294117647,17,0.128676470588,1.90196078431,4.11764705882,3.18181818182,2.69230769231,1.57648156274,0.382859808093,0.201680672269,2.01465221053,0.978545359402,0.524369747899,1.74894926439,0.849489642704,0.463865546218,0.814492905316,0.428238537847,2.33333333333,1.90196078431,0.814492905316,2.33333333333,0,0,0,0,0.164242424242,17,17,17,1,0,0.352941176471,0.411764705882,0.235294117647,17,37,0.136029411765,1.88235294118,4.35294117647,3.36363636364,2.84615384615,1.69341284359,0.389027274878,0.193958664547,2.09866904602,0.964253345467,0.518282988871,1.87867287326,0.863174022847,0.470588235294,0.786197569093,0.41766745858,2.25,1.88235294118,0.786197569093,2.25,0.166339869281,0.0612244897959,3,0.00441176470588,0.185952380952,17,17,17,1,0,0.352941176471,0.411764705882,0.235294117647,0,0,0,0,0,0,0,0,0,0,0,0,0,0,0,0,0,0,0,0,0,0,0,0,0,0,0,0,0,37,0,0,235,1,1,0,0,1,1,1,1,1,1,2,2,0,0,0,0
3786,WLNM_dir_neg,1,0.5,00:00:01,10,90,21,1987284094,threshold_sweep,0.6,1,1,1,2,0,0,4,1,1,0,0,1,1,1,1,0.555555555556,1,1,1,37,35,2,0,37,0,35,0,2,17,37,0.136029411765,1.88235294118,4.35294117647,3.36363636364,2.84615384615,1.69341284359,0.389027274878,0.193958664547,2.09866904602,0.964253345467,0.518282988871,1.87867287326,0.863174022847,0.470588235294,0.786197569093,0.41766745858,2.25,1.88235294118,0.786197569093,2.25,0.166339869281,0.0612244897959,3,0.00441176470588,0.185952380952,17,17,17,1,0,0.352941176471,0.411764705882,0.235294117647,17,0.128676470588,1.90196078431,4.11764705882,3.18181818182,2.69230769231,1.57648156274,0.382859808093,0.201680672269,2.01465221053,0.978545359402,0.524369747899,1.74894926439,0.849489642704,0.463865546218,0.814492905316,0.428238537847,2.33333333333,1.90196078431,0.814492905316,2.33333333333,0,0,0,0,0.164242424242,17,17,17,1,0,0.352941176471,0.411764705882,0.235294117647,17,37,0.136029411765,1.88235294118,4.35294117647,3.36363636364,2.84615384615,1.69341284359,0.389027274878,0.193958664547,2.09866904602,0.964253345467,0.518282988871,1.87867287326,0.863174022847,0.470588235294,0.786197569093,0.41766745858,2.25,1.88235294118,0.786197569093,2.25,0.166339869281,0.0612244897959,3,0.00441176470588,0.185952380952,17,17,17,1,0,0.352941176471,0.411764705882,0.235294117647,0,0,0,0,0,0,0,0,0,0,0,0,0,0,0,0,0,0,0,0,0,0,0,0,0,0,0,0,0,37,0,0,235,1,1,0,0,1,1,1,1,1,1,2,2,0,0,0,0
3787,WLNM_dir_neg,1,0.5,00:00:01,10,90,21,1987284094,threshold_sweep,0.7,1,1,1,2,0,0,4,1,1,0,0,1,1,1,1,0.555555555556,1,1,1,37,35,2,0,37,0,35,0,2,17,37,0.136029411765,1.88235294118,4.35294117647,3.36363636364,2.84615384615,1.69341284359,0.389027274878,0.193958664547,2.09866904602,0.964253345467,0.518282988871,1.87867287326,0.863174022847,0.470588235294,0.786197569093,0.41766745858,2.25,1.88235294118,0.786197569093,2.25,0.166339869281,0.0612244897959,3,0.00441176470588,0.185952380952,17,17,17,1,0,0.352941176471,0.411764705882,0.235294117647,17,0.128676470588,1.90196078431,4.11764705882,3.18181818182,2.69230769231,1.57648156274,0.382859808093,0.201680672269,2.01465221053,0.978545359402,0.524369747899,1.74894926439,0.849489642704,0.463865546218,0.814492905316,0.428238537847,2.33333333333,1.90196078431,0.814492905316,2.33333333333,0,0,0,0,0.164242424242,17,17,17,1,0,0.352941176471,0.411764705882,0.235294117647,17,37,0.136029411765,1.88235294118,4.35294117647,3.36363636364,2.84615384615,1.69341284359,0.389027274878,0.193958664547,2.09866904602,0.964253345467,0.518282988871,1.87867287326,0.863174022847,0.470588235294,0.786197569093,0.41766745858,2.25,1.88235294118,0.786197569093,2.25,0.166339869281,0.0612244897959,3,0.00441176470588,0.185952380952,17,17,17,1,0,0.352941176471,0.411764705882,0.235294117647,0,0,0,0,0,0,0,0,0,0,0,0,0,0,0,0,0,0,0,0,0,0,0,0,0,0,0,0,0,37,0,0,235,1,1,0,0,1,1,1,1,1,1,2,2,0,0,0,0
3788,WLNM_dir_neg,1,0.5,00:00:01,10,90,21,1987284094,threshold_sweep,0.8,1,1,1,2,0,0,4,1,1,0,0,1,1,1,1,0.555555555556,1,1,1,37,35,2,0,37,0,35,0,2,17,37,0.136029411765,1.88235294118,4.35294117647,3.36363636364,2.84615384615,1.69341284359,0.389027274878,0.193958664547,2.09866904602,0.964253345467,0.518282988871,1.87867287326,0.863174022847,0.470588235294,0.786197569093,0.41766745858,2.25,1.88235294118,0.786197569093,2.25,0.166339869281,0.0612244897959,3,0.00441176470588,0.185952380952,17,17,17,1,0,0.352941176471,0.411764705882,0.235294117647,17,0.128676470588,1.90196078431,4.11764705882,3.18181818182,2.69230769231,1.57648156274,0.382859808093,0.201680672269,2.01465221053,0.978545359402,0.524369747899,1.74894926439,0.849489642704,0.463865546218,0.814492905316,0.428238537847,2.33333333333,1.90196078431,0.814492905316,2.33333333333,0,0,0,0,0.164242424242,17,17,17,1,0,0.352941176471,0.411764705882,0.235294117647,17,37,0.136029411765,1.88235294118,4.35294117647,3.36363636364,2.84615384615,1.69341284359,0.389027274878,0.193958664547,2.09866904602,0.964253345467,0.518282988871,1.87867287326,0.863174022847,0.470588235294,0.786197569093,0.41766745858,2.25,1.88235294118,0.786197569093,2.25,0.166339869281,0.0612244897959,3,0.00441176470588,0.185952380952,17,17,17,1,0,0.352941176471,0.411764705882,0.235294117647,0,0,0,0,0,0,0,0,0,0,0,0,0,0,0,0,0,0,0,0,0,0,0,0,0,0,0,0,0,37,0,0,235,1,1,0,0,1,1,1,1,1,1,2,2,0,0,0,0
3789,WLNM_dir_neg,1,0.5,00:00:01,10,90,21,1987284094,threshold_sweep,0.9,1,1,1,2,0,0,4,1,1,0,0,1,1,1,1,0.555555555556,1,1,1,37,35,2,0,37,0,35,0,2,17,37,0.136029411765,1.88235294118,4.35294117647,3.36363636364,2.84615384615,1.69341284359,0.389027274878,0.193958664547,2.09866904602,0.964253345467,0.518282988871,1.87867287326,0.863174022847,0.470588235294,0.786197569093,0.41766745858,2.25,1.88235294118,0.786197569093,2.25,0.166339869281,0.0612244897959,3,0.00441176470588,0.185952380952,17,17,17,1,0,0.352941176471,0.411764705882,0.235294117647,17,0.128676470588,1.90196078431,4.11764705882,3.18181818182,2.69230769231,1.57648156274,0.382859808093,0.201680672269,2.01465221053,0.978545359402,0.524369747899,1.74894926439,0.849489642704,0.463865546218,0.814492905316,0.428238537847,2.33333333333,1.90196078431,0.814492905316,2.33333333333,0,0,0,0,0.164242424242,17,17,17,1,0,0.352941176471,0.411764705882,0.235294117647,17,37,0.136029411765,1.88235294118,4.35294117647,3.36363636364,2.84615384615,1.69341284359,0.389027274878,0.193958664547,2.09866904602,0.964253345467,0.518282988871,1.87867287326,0.863174022847,0.470588235294,0.786197569093,0.41766745858,2.25,1.88235294118,0.786197569093,2.25,0.166339869281,0.0612244897959,3,0.00441176470588,0.185952380952,17,17,17,1,0,0.352941176471,0.411764705882,0.235294117647,0,0,0,0,0,0,0,0,0,0,0,0,0,0,0,0,0,0,0,0,0,0,0,0,0,0,0,0,0,37,0,0,235,1,1,0,0,1,1,1,1,1,1,2,2,0,0,0,0
3790,WLNM_dir_neg,1,0.5,00:00:00,10,90,22,1987284095,threshold_sweep,0.1,1,1,1,2,0,0,4,1,1,0,0,1,1,1,1,0.555555555556,1,1,1,37,35,2,0,37,0,35,0,2,17,37,0.136029411765,1.88235294118,4.35294117647,3.36363636364,2.84615384615,1.69341284359,0.389027274878,0.193958664547,2.09866904602,0.964253345467,0.518282988871,1.87867287326,0.863174022847,0.470588235294,0.786197569093,0.41766745858,2.25,1.88235294118,0.786197569093,2.25,0.166339869281,0.0612244897959,3,0.00441176470588,0.185952380952,17,17,17,1,0,0.352941176471,0.411764705882,0.235294117647,17,0.128676470588,1.90196078431,4.11764705882,3.18181818182,2.69230769231,1.57648156274,0.382859808093,0.201680672269,2.01465221053,0.978545359402,0.524369747899,1.74894926439,0.849489642704,0.463865546218,0.814492905316,0.428238537847,2.33333333333,1.90196078431,0.814492905316,2.33333333333,0,0,0,0,0.164242424242,17,17,17,1,0,0.352941176471,0.411764705882,0.235294117647,17,37,0.136029411765,1.88235294118,4.35294117647,3.36363636364,2.84615384615,1.69341284359,0.389027274878,0.193958664547,2.09866904602,0.964253345467,0.518282988871,1.87867287326,0.863174022847,0.470588235294,0.786197569093,0.41766745858,2.25,1.88235294118,0.786197569093,2.25,0.166339869281,0.0612244897959,3,0.00441176470588,0.185952380952,17,17,17,1,0,0.352941176471,0.411764705882,0.235294117647,0,0,0,0,0,0,0,0,0,0,0,0,0,0,0,0,0,0,0,0,0,0,0,0,0,0,0,0,0,37,0,0,235,1,1,0,0,1,1,1,1,1,1,2,2,0,0,0,0
3791,WLNM_dir_neg,1,0.5,00:00:00,10,90,22,1987284095,threshold_sweep,0.2,1,1,1,2,0,0,4,1,1,0,0,1,1,1,1,0.555555555556,1,1,1,37,35,2,0,37,0,35,0,2,17,37,0.136029411765,1.88235294118,4.35294117647,3.36363636364,2.84615384615,1.69341284359,0.389027274878,0.193958664547,2.09866904602,0.964253345467,0.518282988871,1.87867287326,0.863174022847,0.470588235294,0.786197569093,0.41766745858,2.25,1.88235294118,0.786197569093,2.25,0.166339869281,0.0612244897959,3,0.00441176470588,0.185952380952,17,17,17,1,0,0.352941176471,0.411764705882,0.235294117647,17,0.128676470588,1.90196078431,4.11764705882,3.18181818182,2.69230769231,1.57648156274,0.382859808093,0.201680672269,2.01465221053,0.978545359402,0.524369747899,1.74894926439,0.849489642704,0.463865546218,0.814492905316,0.428238537847,2.33333333333,1.90196078431,0.814492905316,2.33333333333,0,0,0,0,0.164242424242,17,17,17,1,0,0.352941176471,0.411764705882,0.235294117647,17,37,0.136029411765,1.88235294118,4.35294117647,3.36363636364,2.84615384615,1.69341284359,0.389027274878,0.193958664547,2.09866904602,0.964253345467,0.518282988871,1.87867287326,0.863174022847,0.470588235294,0.786197569093,0.41766745858,2.25,1.88235294118,0.786197569093,2.25,0.166339869281,0.0612244897959,3,0.00441176470588,0.185952380952,17,17,17,1,0,0.352941176471,0.411764705882,0.235294117647,0,0,0,0,0,0,0,0,0,0,0,0,0,0,0,0,0,0,0,0,0,0,0,0,0,0,0,0,0,37,0,0,235,1,1,0,0,1,1,1,1,1,1,2,2,0,0,0,0
3792,WLNM_dir_neg,1,0.5,00:00:00,10,90,22,1987284095,threshold_sweep,0.3,1,1,1,2,0,0,4,1,1,0,0,1,1,1,1,0.555555555556,1,1,1,37,35,2,0,37,0,35,0,2,17,37,0.136029411765,1.88235294118,4.35294117647,3.36363636364,2.84615384615,1.69341284359,0.389027274878,0.193958664547,2.09866904602,0.964253345467,0.518282988871,1.87867287326,0.863174022847,0.470588235294,0.786197569093,0.41766745858,2.25,1.88235294118,0.786197569093,2.25,0.166339869281,0.0612244897959,3,0.00441176470588,0.185952380952,17,17,17,1,0,0.352941176471,0.411764705882,0.235294117647,17,0.128676470588,1.90196078431,4.11764705882,3.18181818182,2.69230769231,1.57648156274,0.382859808093,0.201680672269,2.01465221053,0.978545359402,0.524369747899,1.74894926439,0.849489642704,0.463865546218,0.814492905316,0.428238537847,2.33333333333,1.90196078431,0.814492905316,2.33333333333,0,0,0,0,0.164242424242,17,17,17,1,0,0.352941176471,0.411764705882,0.235294117647,17,37,0.136029411765,1.88235294118,4.35294117647,3.36363636364,2.84615384615,1.69341284359,0.389027274878,0.193958664547,2.09866904602,0.964253345467,0.518282988871,1.87867287326,0.863174022847,0.470588235294,0.786197569093,0.41766745858,2.25,1.88235294118,0.786197569093,2.25,0.166339869281,0.0612244897959,3,0.00441176470588,0.185952380952,17,17,17,1,0,0.352941176471,0.411764705882,0.235294117647,0,0,0,0,0,0,0,0,0,0,0,0,0,0,0,0,0,0,0,0,0,0,0,0,0,0,0,0,0,37,0,0,235,1,1,0,0,1,1,1,1,1,1,2,2,0,0,0,0
3793,WLNM_dir_neg,1,0.5,00:00:00,10,90,22,1987284095,threshold_sweep,0.4,1,1,1,2,0,0,4,1,1,0,0,1,1,1,1,0.555555555556,1,1,1,37,35,2,0,37,0,35,0,2,17,37,0.136029411765,1.88235294118,4.35294117647,3.36363636364,2.84615384615,1.69341284359,0.389027274878,0.193958664547,2.09866904602,0.964253345467,0.518282988871,1.87867287326,0.863174022847,0.470588235294,0.786197569093,0.41766745858,2.25,1.88235294118,0.786197569093,2.25,0.166339869281,0.0612244897959,3,0.00441176470588,0.185952380952,17,17,17,1,0,0.352941176471,0.411764705882,0.235294117647,17,0.128676470588,1.90196078431,4.11764705882,3.18181818182,2.69230769231,1.57648156274,0.382859808093,0.201680672269,2.01465221053,0.978545359402,0.524369747899,1.74894926439,0.849489642704,0.463865546218,0.814492905316,0.428238537847,2.33333333333,1.90196078431,0.814492905316,2.33333333333,0,0,0,0,0.164242424242,17,17,17,1,0,0.352941176471,0.411764705882,0.235294117647,17,37,0.136029411765,1.88235294118,4.35294117647,3.36363636364,2.84615384615,1.69341284359,0.389027274878,0.193958664547,2.09866904602,0.964253345467,0.518282988871,1.87867287326,0.863174022847,0.470588235294,0.786197569093,0.41766745858,2.25,1.88235294118,0.786197569093,2.25,0.166339869281,0.0612244897959,3,0.00441176470588,0.185952380952,17,17,17,1,0,0.352941176471,0.411764705882,0.235294117647,0,0,0,0,0,0,0,0,0,0,0,0,0,0,0,0,0,0,0,0,0,0,0,0,0,0,0,0,0,37,0,0,235,1,1,0,0,1,1,1,1,1,1,2,2,0,0,0,0
3794,WLNM_dir_neg,1,0.5,00:00:00,10,90,22,1987284095,threshold_sweep,0.5,1,1,1,2,0,0,4,1,1,0,0,1,1,1,1,0.555555555556,1,1,1,37,35,2,0,37,0,35,0,2,17,37,0.136029411765,1.88235294118,4.35294117647,3.36363636364,2.84615384615,1.69341284359,0.389027274878,0.193958664547,2.09866904602,0.964253345467,0.518282988871,1.87867287326,0.863174022847,0.470588235294,0.786197569093,0.41766745858,2.25,1.88235294118,0.786197569093,2.25,0.166339869281,0.0612244897959,3,0.00441176470588,0.185952380952,17,17,17,1,0,0.352941176471,0.411764705882,0.235294117647,17,0.128676470588,1.90196078431,4.11764705882,3.18181818182,2.69230769231,1.57648156274,0.382859808093,0.201680672269,2.01465221053,0.978545359402,0.524369747899,1.74894926439,0.849489642704,0.463865546218,0.814492905316,0.428238537847,2.33333333333,1.90196078431,0.814492905316,2.33333333333,0,0,0,0,0.164242424242,17,17,17,1,0,0.352941176471,0.411764705882,0.235294117647,17,37,0.136029411765,1.88235294118,4.35294117647,3.36363636364,2.84615384615,1.69341284359,0.389027274878,0.193958664547,2.09866904602,0.964253345467,0.518282988871,1.87867287326,0.863174022847,0.470588235294,0.786197569093,0.41766745858,2.25,1.88235294118,0.786197569093,2.25,0.166339869281,0.0612244897959,3,0.00441176470588,0.185952380952,17,17,17,1,0,0.352941176471,0.411764705882,0.235294117647,0,0,0,0,0,0,0,0,0,0,0,0,0,0,0,0,0,0,0,0,0,0,0,0,0,0,0,0,0,37,0,0,235,1,1,0,0,1,1,1,1,1,1,2,2,0,0,0,0
3795,WLNM_dir_neg,1,0.5,00:00:00,10,90,22,1987284095,threshold_sweep,0.6,1,1,1,2,0,0,4,1,1,0,0,1,1,1,1,0.555555555556,1,1,1,37,35,2,0,37,0,35,0,2,17,37,0.136029411765,1.88235294118,4.35294117647,3.36363636364,2.84615384615,1.69341284359,0.389027274878,0.193958664547,2.09866904602,0.964253345467,0.518282988871,1.87867287326,0.863174022847,0.470588235294,0.786197569093,0.41766745858,2.25,1.88235294118,0.786197569093,2.25,0.166339869281,0.0612244897959,3,0.00441176470588,0.185952380952,17,17,17,1,0,0.352941176471,0.411764705882,0.235294117647,17,0.128676470588,1.90196078431,4.11764705882,3.18181818182,2.69230769231,1.57648156274,0.382859808093,0.201680672269,2.01465221053,0.978545359402,0.524369747899,1.74894926439,0.849489642704,0.463865546218,0.814492905316,0.428238537847,2.33333333333,1.90196078431,0.814492905316,2.33333333333,0,0,0,0,0.164242424242,17,17,17,1,0,0.352941176471,0.411764705882,0.235294117647,17,37,0.136029411765,1.88235294118,4.35294117647,3.36363636364,2.84615384615,1.69341284359,0.389027274878,0.193958664547,2.09866904602,0.964253345467,0.518282988871,1.87867287326,0.863174022847,0.470588235294,0.786197569093,0.41766745858,2.25,1.88235294118,0.786197569093,2.25,0.166339869281,0.0612244897959,3,0.00441176470588,0.185952380952,17,17,17,1,0,0.352941176471,0.411764705882,0.235294117647,0,0,0,0,0,0,0,0,0,0,0,0,0,0,0,0,0,0,0,0,0,0,0,0,0,0,0,0,0,37,0,0,235,1,1,0,0,1,1,1,1,1,1,2,2,0,0,0,0
3796,WLNM_dir_neg,1,0.5,00:00:00,10,90,22,1987284095,threshold_sweep,0.7,1,1,1,2,0,0,4,1,1,0,0,1,1,1,1,0.555555555556,1,1,1,37,35,2,0,37,0,35,0,2,17,37,0.136029411765,1.88235294118,4.35294117647,3.36363636364,2.84615384615,1.69341284359,0.389027274878,0.193958664547,2.09866904602,0.964253345467,0.518282988871,1.87867287326,0.863174022847,0.470588235294,0.786197569093,0.41766745858,2.25,1.88235294118,0.786197569093,2.25,0.166339869281,0.0612244897959,3,0.00441176470588,0.185952380952,17,17,17,1,0,0.352941176471,0.411764705882,0.235294117647,17,0.128676470588,1.90196078431,4.11764705882,3.18181818182,2.69230769231,1.57648156274,0.382859808093,0.201680672269,2.01465221053,0.978545359402,0.524369747899,1.74894926439,0.849489642704,0.463865546218,0.814492905316,0.428238537847,2.33333333333,1.90196078431,0.814492905316,2.33333333333,0,0,0,0,0.164242424242,17,17,17,1,0,0.352941176471,0.411764705882,0.235294117647,17,37,0.136029411765,1.88235294118,4.35294117647,3.36363636364,2.84615384615,1.69341284359,0.389027274878,0.193958664547,2.09866904602,0.964253345467,0.518282988871,1.87867287326,0.863174022847,0.470588235294,0.786197569093,0.41766745858,2.25,1.88235294118,0.786197569093,2.25,0.166339869281,0.0612244897959,3,0.00441176470588,0.185952380952,17,17,17,1,0,0.352941176471,0.411764705882,0.235294117647,0,0,0,0,0,0,0,0,0,0,0,0,0,0,0,0,0,0,0,0,0,0,0,0,0,0,0,0,0,37,0,0,235,1,1,0,0,1,1,1,1,1,1,2,2,0,0,0,0
3797,WLNM_dir_neg,1,0.5,00:00:00,10,90,22,1987284095,threshold_sweep,0.8,1,1,1,2,0,0,4,1,1,0,0,1,1,1,1,0.555555555556,1,1,1,37,35,2,0,37,0,35,0,2,17,37,0.136029411765,1.88235294118,4.35294117647,3.36363636364,2.84615384615,1.69341284359,0.389027274878,0.193958664547,2.09866904602,0.964253345467,0.518282988871,1.87867287326,0.863174022847,0.470588235294,0.786197569093,0.41766745858,2.25,1.88235294118,0.786197569093,2.25,0.166339869281,0.0612244897959,3,0.00441176470588,0.185952380952,17,17,17,1,0,0.352941176471,0.411764705882,0.235294117647,17,0.128676470588,1.90196078431,4.11764705882,3.18181818182,2.69230769231,1.57648156274,0.382859808093,0.201680672269,2.01465221053,0.978545359402,0.524369747899,1.74894926439,0.849489642704,0.463865546218,0.814492905316,0.428238537847,2.33333333333,1.90196078431,0.814492905316,2.33333333333,0,0,0,0,0.164242424242,17,17,17,1,0,0.352941176471,0.411764705882,0.235294117647,17,37,0.136029411765,1.88235294118,4.35294117647,3.36363636364,2.84615384615,1.69341284359,0.389027274878,0.193958664547,2.09866904602,0.964253345467,0.518282988871,1.87867287326,0.863174022847,0.470588235294,0.786197569093,0.41766745858,2.25,1.88235294118,0.786197569093,2.25,0.166339869281,0.0612244897959,3,0.00441176470588,0.185952380952,17,17,17,1,0,0.352941176471,0.411764705882,0.235294117647,0,0,0,0,0,0,0,0,0,0,0,0,0,0,0,0,0,0,0,0,0,0,0,0,0,0,0,0,0,37,0,0,235,1,1,0,0,1,1,1,1,1,1,2,2,0,0,0,0
3798,WLNM_dir_neg,1,0.5,00:00:00,10,90,22,1987284095,threshold_sweep,0.9,1,1,1,2,0,0,4,1,1,0,0,1,1,1,1,0.555555555556,1,1,1,37,35,2,0,37,0,35,0,2,17,37,0.136029411765,1.88235294118,4.35294117647,3.36363636364,2.84615384615,1.69341284359,0.389027274878,0.193958664547,2.09866904602,0.964253345467,0.518282988871,1.87867287326,0.863174022847,0.470588235294,0.786197569093,0.41766745858,2.25,1.88235294118,0.786197569093,2.25,0.166339869281,0.0612244897959,3,0.00441176470588,0.185952380952,17,17,17,1,0,0.352941176471,0.411764705882,0.235294117647,17,0.128676470588,1.90196078431,4.11764705882,3.18181818182,2.69230769231,1.57648156274,0.382859808093,0.201680672269,2.01465221053,0.978545359402,0.524369747899,1.74894926439,0.849489642704,0.463865546218,0.814492905316,0.428238537847,2.33333333333,1.90196078431,0.814492905316,2.33333333333,0,0,0,0,0.164242424242,17,17,17,1,0,0.352941176471,0.411764705882,0.235294117647,17,37,0.136029411765,1.88235294118,4.35294117647,3.36363636364,2.84615384615,1.69341284359,0.389027274878,0.193958664547,2.09866904602,0.964253345467,0.518282988871,1.87867287326,0.863174022847,0.470588235294,0.786197569093,0.41766745858,2.25,1.88235294118,0.786197569093,2.25,0.166339869281,0.0612244897959,3,0.00441176470588,0.185952380952,17,17,17,1,0,0.352941176471,0.411764705882,0.235294117647,0,0,0,0,0,0,0,0,0,0,0,0,0,0,0,0,0,0,0,0,0,0,0,0,0,0,0,0,0,37,0,0,235,1,1,0,0,1,1,1,1,1,1,2,2,0,0,0,0
3799,WLNM_dir_neg,1,0.5,00:00:01,10,90,23,1987284096,threshold_sweep,0.1,1,1,1,2,0,0,4,1,1,0,0,1,1,1,1,0.555555555556,1,1,1,37,35,2,0,37,0,35,0,2,17,37,0.136029411765,1.88235294118,4.35294117647,3.36363636364,2.84615384615,1.69341284359,0.389027274878,0.193958664547,2.09866904602,0.964253345467,0.518282988871,1.87867287326,0.863174022847,0.470588235294,0.786197569093,0.41766745858,2.25,1.88235294118,0.786197569093,2.25,0.166339869281,0.0612244897959,3,0.00441176470588,0.185952380952,17,17,17,1,0,0.352941176471,0.411764705882,0.235294117647,17,0.128676470588,1.90196078431,4.11764705882,3.18181818182,2.69230769231,1.57648156274,0.382859808093,0.201680672269,2.01465221053,0.978545359402,0.524369747899,1.74894926439,0.849489642704,0.463865546218,0.814492905316,0.428238537847,2.33333333333,1.90196078431,0.814492905316,2.33333333333,0,0,0,0,0.164242424242,17,17,17,1,0,0.352941176471,0.411764705882,0.235294117647,17,37,0.136029411765,1.88235294118,4.35294117647,3.36363636364,2.84615384615,1.69341284359,0.389027274878,0.193958664547,2.09866904602,0.964253345467,0.518282988871,1.87867287326,0.863174022847,0.470588235294,0.786197569093,0.41766745858,2.25,1.88235294118,0.786197569093,2.25,0.166339869281,0.0612244897959,3,0.00441176470588,0.185952380952,17,17,17,1,0,0.352941176471,0.411764705882,0.235294117647,0,0,0,0,0,0,0,0,0,0,0,0,0,0,0,0,0,0,0,0,0,0,0,0,0,0,0,0,0,37,0,0,235,1,1,0,0,1,1,1,1,1,1,2,2,0,0,0,0
3800,WLNM_dir_neg,1,0.5,00:00:01,10,90,23,1987284096,threshold_sweep,0.2,1,1,1,2,0,0,4,1,1,0,0,1,1,1,1,0.555555555556,1,1,1,37,35,2,0,37,0,35,0,2,17,37,0.136029411765,1.88235294118,4.35294117647,3.36363636364,2.84615384615,1.69341284359,0.389027274878,0.193958664547,2.09866904602,0.964253345467,0.518282988871,1.87867287326,0.863174022847,0.470588235294,0.786197569093,0.41766745858,2.25,1.88235294118,0.786197569093,2.25,0.166339869281,0.0612244897959,3,0.00441176470588,0.185952380952,17,17,17,1,0,0.352941176471,0.411764705882,0.235294117647,17,0.128676470588,1.90196078431,4.11764705882,3.18181818182,2.69230769231,1.57648156274,0.382859808093,0.201680672269,2.01465221053,0.978545359402,0.524369747899,1.74894926439,0.849489642704,0.463865546218,0.814492905316,0.428238537847,2.33333333333,1.90196078431,0.814492905316,2.33333333333,0,0,0,0,0.164242424242,17,17,17,1,0,0.352941176471,0.411764705882,0.235294117647,17,37,0.136029411765,1.88235294118,4.35294117647,3.36363636364,2.84615384615,1.69341284359,0.389027274878,0.193958664547,2.09866904602,0.964253345467,0.518282988871,1.87867287326,0.863174022847,0.470588235294,0.786197569093,0.41766745858,2.25,1.88235294118,0.786197569093,2.25,0.166339869281,0.0612244897959,3,0.00441176470588,0.185952380952,17,17,17,1,0,0.352941176471,0.411764705882,0.235294117647,0,0,0,0,0,0,0,0,0,0,0,0,0,0,0,0,0,0,0,0,0,0,0,0,0,0,0,0,0,37,0,0,235,1,1,0,0,1,1,1,1,1,1,2,2,0,0,0,0
3801,WLNM_dir_neg,1,0.5,00:00:01,10,90,23,1987284096,threshold_sweep,0.3,1,1,1,2,0,0,4,1,1,0,0,1,1,1,1,0.555555555556,1,1,1,37,35,2,0,37,0,35,0,2,17,37,0.136029411765,1.88235294118,4.35294117647,3.36363636364,2.84615384615,1.69341284359,0.389027274878,0.193958664547,2.09866904602,0.964253345467,0.518282988871,1.87867287326,0.863174022847,0.470588235294,0.786197569093,0.41766745858,2.25,1.88235294118,0.786197569093,2.25,0.166339869281,0.0612244897959,3,0.00441176470588,0.185952380952,17,17,17,1,0,0.352941176471,0.411764705882,0.235294117647,17,0.128676470588,1.90196078431,4.11764705882,3.18181818182,2.69230769231,1.57648156274,0.382859808093,0.201680672269,2.01465221053,0.978545359402,0.524369747899,1.74894926439,0.849489642704,0.463865546218,0.814492905316,0.428238537847,2.33333333333,1.90196078431,0.814492905316,2.33333333333,0,0,0,0,0.164242424242,17,17,17,1,0,0.352941176471,0.411764705882,0.235294117647,17,37,0.136029411765,1.88235294118,4.35294117647,3.36363636364,2.84615384615,1.69341284359,0.389027274878,0.193958664547,2.09866904602,0.964253345467,0.518282988871,1.87867287326,0.863174022847,0.470588235294,0.786197569093,0.41766745858,2.25,1.88235294118,0.786197569093,2.25,0.166339869281,0.0612244897959,3,0.00441176470588,0.185952380952,17,17,17,1,0,0.352941176471,0.411764705882,0.235294117647,0,0,0,0,0,0,0,0,0,0,0,0,0,0,0,0,0,0,0,0,0,0,0,0,0,0,0,0,0,37,0,0,235,1,1,0,0,1,1,1,1,1,1,2,2,0,0,0,0
3802,WLNM_dir_neg,1,0.5,00:00:01,10,90,23,1987284096,threshold_sweep,0.4,1,1,1,2,0,0,4,1,1,0,0,1,1,1,1,0.555555555556,1,1,1,37,35,2,0,37,0,35,0,2,17,37,0.136029411765,1.88235294118,4.35294117647,3.36363636364,2.84615384615,1.69341284359,0.389027274878,0.193958664547,2.09866904602,0.964253345467,0.518282988871,1.87867287326,0.863174022847,0.470588235294,0.786197569093,0.41766745858,2.25,1.88235294118,0.786197569093,2.25,0.166339869281,0.0612244897959,3,0.00441176470588,0.185952380952,17,17,17,1,0,0.352941176471,0.411764705882,0.235294117647,17,0.128676470588,1.90196078431,4.11764705882,3.18181818182,2.69230769231,1.57648156274,0.382859808093,0.201680672269,2.01465221053,0.978545359402,0.524369747899,1.74894926439,0.849489642704,0.463865546218,0.814492905316,0.428238537847,2.33333333333,1.90196078431,0.814492905316,2.33333333333,0,0,0,0,0.164242424242,17,17,17,1,0,0.352941176471,0.411764705882,0.235294117647,17,37,0.136029411765,1.88235294118,4.35294117647,3.36363636364,2.84615384615,1.69341284359,0.389027274878,0.193958664547,2.09866904602,0.964253345467,0.518282988871,1.87867287326,0.863174022847,0.470588235294,0.786197569093,0.41766745858,2.25,1.88235294118,0.786197569093,2.25,0.166339869281,0.0612244897959,3,0.00441176470588,0.185952380952,17,17,17,1,0,0.352941176471,0.411764705882,0.235294117647,0,0,0,0,0,0,0,0,0,0,0,0,0,0,0,0,0,0,0,0,0,0,0,0,0,0,0,0,0,37,0,0,235,1,1,0,0,1,1,1,1,1,1,2,2,0,0,0,0
3803,WLNM_dir_neg,1,0.5,00:00:01,10,90,23,1987284096,threshold_sweep,0.5,1,1,1,2,0,0,4,1,1,0,0,1,1,1,1,0.555555555556,1,1,1,37,35,2,0,37,0,35,0,2,17,37,0.136029411765,1.88235294118,4.35294117647,3.36363636364,2.84615384615,1.69341284359,0.389027274878,0.193958664547,2.09866904602,0.964253345467,0.518282988871,1.87867287326,0.863174022847,0.470588235294,0.786197569093,0.41766745858,2.25,1.88235294118,0.786197569093,2.25,0.166339869281,0.0612244897959,3,0.00441176470588,0.185952380952,17,17,17,1,0,0.352941176471,0.411764705882,0.235294117647,17,0.128676470588,1.90196078431,4.11764705882,3.18181818182,2.69230769231,1.57648156274,0.382859808093,0.201680672269,2.01465221053,0.978545359402,0.524369747899,1.74894926439,0.849489642704,0.463865546218,0.814492905316,0.428238537847,2.33333333333,1.90196078431,0.814492905316,2.33333333333,0,0,0,0,0.164242424242,17,17,17,1,0,0.352941176471,0.411764705882,0.235294117647,17,37,0.136029411765,1.88235294118,4.35294117647,3.36363636364,2.84615384615,1.69341284359,0.389027274878,0.193958664547,2.09866904602,0.964253345467,0.518282988871,1.87867287326,0.863174022847,0.470588235294,0.786197569093,0.41766745858,2.25,1.88235294118,0.786197569093,2.25,0.166339869281,0.0612244897959,3,0.00441176470588,0.185952380952,17,17,17,1,0,0.352941176471,0.411764705882,0.235294117647,0,0,0,0,0,0,0,0,0,0,0,0,0,0,0,0,0,0,0,0,0,0,0,0,0,0,0,0,0,37,0,0,235,1,1,0,0,1,1,1,1,1,1,2,2,0,0,0,0
3804,WLNM_dir_neg,1,0.5,00:00:01,10,90,23,1987284096,threshold_sweep,0.6,1,1,1,2,0,0,4,1,1,0,0,1,1,1,1,0.555555555556,1,1,1,37,35,2,0,37,0,35,0,2,17,37,0.136029411765,1.88235294118,4.35294117647,3.36363636364,2.84615384615,1.69341284359,0.389027274878,0.193958664547,2.09866904602,0.964253345467,0.518282988871,1.87867287326,0.863174022847,0.470588235294,0.786197569093,0.41766745858,2.25,1.88235294118,0.786197569093,2.25,0.166339869281,0.0612244897959,3,0.00441176470588,0.185952380952,17,17,17,1,0,0.352941176471,0.411764705882,0.235294117647,17,0.128676470588,1.90196078431,4.11764705882,3.18181818182,2.69230769231,1.57648156274,0.382859808093,0.201680672269,2.01465221053,0.978545359402,0.524369747899,1.74894926439,0.849489642704,0.463865546218,0.814492905316,0.428238537847,2.33333333333,1.90196078431,0.814492905316,2.33333333333,0,0,0,0,0.164242424242,17,17,17,1,0,0.352941176471,0.411764705882,0.235294117647,17,37,0.136029411765,1.88235294118,4.35294117647,3.36363636364,2.84615384615,1.69341284359,0.389027274878,0.193958664547,2.09866904602,0.964253345467,0.518282988871,1.87867287326,0.863174022847,0.470588235294,0.786197569093,0.41766745858,2.25,1.88235294118,0.786197569093,2.25,0.166339869281,0.0612244897959,3,0.00441176470588,0.185952380952,17,17,17,1,0,0.352941176471,0.411764705882,0.235294117647,0,0,0,0,0,0,0,0,0,0,0,0,0,0,0,0,0,0,0,0,0,0,0,0,0,0,0,0,0,37,0,0,235,1,1,0,0,1,1,1,1,1,1,2,2,0,0,0,0
3805,WLNM_dir_neg,1,0.5,00:00:01,10,90,23,1987284096,threshold_sweep,0.7,1,1,1,2,0,0,4,1,1,0,0,1,1,1,1,0.555555555556,1,1,1,37,35,2,0,37,0,35,0,2,17,37,0.136029411765,1.88235294118,4.35294117647,3.36363636364,2.84615384615,1.69341284359,0.389027274878,0.193958664547,2.09866904602,0.964253345467,0.518282988871,1.87867287326,0.863174022847,0.470588235294,0.786197569093,0.41766745858,2.25,1.88235294118,0.786197569093,2.25,0.166339869281,0.0612244897959,3,0.00441176470588,0.185952380952,17,17,17,1,0,0.352941176471,0.411764705882,0.235294117647,17,0.128676470588,1.90196078431,4.11764705882,3.18181818182,2.69230769231,1.57648156274,0.382859808093,0.201680672269,2.01465221053,0.978545359402,0.524369747899,1.74894926439,0.849489642704,0.463865546218,0.814492905316,0.428238537847,2.33333333333,1.90196078431,0.814492905316,2.33333333333,0,0,0,0,0.164242424242,17,17,17,1,0,0.352941176471,0.411764705882,0.235294117647,17,37,0.136029411765,1.88235294118,4.35294117647,3.36363636364,2.84615384615,1.69341284359,0.389027274878,0.193958664547,2.09866904602,0.964253345467,0.518282988871,1.87867287326,0.863174022847,0.470588235294,0.786197569093,0.41766745858,2.25,1.88235294118,0.786197569093,2.25,0.166339869281,0.0612244897959,3,0.00441176470588,0.185952380952,17,17,17,1,0,0.352941176471,0.411764705882,0.235294117647,0,0,0,0,0,0,0,0,0,0,0,0,0,0,0,0,0,0,0,0,0,0,0,0,0,0,0,0,0,37,0,0,235,1,1,0,0,1,1,1,1,1,1,2,2,0,0,0,0
3806,WLNM_dir_neg,1,0.5,00:00:01,10,90,23,1987284096,threshold_sweep,0.8,1,1,1,2,0,0,4,1,1,0,0,1,1,1,1,0.555555555556,1,1,1,37,35,2,0,37,0,35,0,2,17,37,0.136029411765,1.88235294118,4.35294117647,3.36363636364,2.84615384615,1.69341284359,0.389027274878,0.193958664547,2.09866904602,0.964253345467,0.518282988871,1.87867287326,0.863174022847,0.470588235294,0.786197569093,0.41766745858,2.25,1.88235294118,0.786197569093,2.25,0.166339869281,0.0612244897959,3,0.00441176470588,0.185952380952,17,17,17,1,0,0.352941176471,0.411764705882,0.235294117647,17,0.128676470588,1.90196078431,4.11764705882,3.18181818182,2.69230769231,1.57648156274,0.382859808093,0.201680672269,2.01465221053,0.978545359402,0.524369747899,1.74894926439,0.849489642704,0.463865546218,0.814492905316,0.428238537847,2.33333333333,1.90196078431,0.814492905316,2.33333333333,0,0,0,0,0.164242424242,17,17,17,1,0,0.352941176471,0.411764705882,0.235294117647,17,37,0.136029411765,1.88235294118,4.35294117647,3.36363636364,2.84615384615,1.69341284359,0.389027274878,0.193958664547,2.09866904602,0.964253345467,0.518282988871,1.87867287326,0.863174022847,0.470588235294,0.786197569093,0.41766745858,2.25,1.88235294118,0.786197569093,2.25,0.166339869281,0.0612244897959,3,0.00441176470588,0.185952380952,17,17,17,1,0,0.352941176471,0.411764705882,0.235294117647,0,0,0,0,0,0,0,0,0,0,0,0,0,0,0,0,0,0,0,0,0,0,0,0,0,0,0,0,0,37,0,0,235,1,1,0,0,1,1,1,1,1,1,2,2,0,0,0,0
3807,WLNM_dir_neg,1,0.5,00:00:01,10,90,23,1987284096,threshold_sweep,0.9,1,1,1,2,0,0,4,1,1,0,0,1,1,1,1,0.555555555556,1,1,1,37,35,2,0,37,0,35,0,2,17,37,0.136029411765,1.88235294118,4.35294117647,3.36363636364,2.84615384615,1.69341284359,0.389027274878,0.193958664547,2.09866904602,0.964253345467,0.518282988871,1.87867287326,0.863174022847,0.470588235294,0.786197569093,0.41766745858,2.25,1.88235294118,0.786197569093,2.25,0.166339869281,0.0612244897959,3,0.00441176470588,0.185952380952,17,17,17,1,0,0.352941176471,0.411764705882,0.235294117647,17,0.128676470588,1.90196078431,4.11764705882,3.18181818182,2.69230769231,1.57648156274,0.382859808093,0.201680672269,2.01465221053,0.978545359402,0.524369747899,1.74894926439,0.849489642704,0.463865546218,0.814492905316,0.428238537847,2.33333333333,1.90196078431,0.814492905316,2.33333333333,0,0,0,0,0.164242424242,17,17,17,1,0,0.352941176471,0.411764705882,0.235294117647,17,37,0.136029411765,1.88235294118,4.35294117647,3.36363636364,2.84615384615,1.69341284359,0.389027274878,0.193958664547,2.09866904602,0.964253345467,0.518282988871,1.87867287326,0.863174022847,0.470588235294,0.786197569093,0.41766745858,2.25,1.88235294118,0.786197569093,2.25,0.166339869281,0.0612244897959,3,0.00441176470588,0.185952380952,17,17,17,1,0,0.352941176471,0.411764705882,0.235294117647,0,0,0,0,0,0,0,0,0,0,0,0,0,0,0,0,0,0,0,0,0,0,0,0,0,0,0,0,0,37,0,0,235,1,1,0,0,1,1,1,1,1,1,2,2,0,0,0,0
3808,WLNM_dir_neg,1,0.5,00:00:00,10,90,24,1987284097,threshold_sweep,0.1,1,1,1,2,0,0,4,1,1,0,0,1,1,1,1,0.555555555556,1,1,1,37,35,2,0,37,0,35,0,2,17,37,0.136029411765,1.88235294118,4.35294117647,3.36363636364,2.84615384615,1.69341284359,0.389027274878,0.193958664547,2.09866904602,0.964253345467,0.518282988871,1.87867287326,0.863174022847,0.470588235294,0.786197569093,0.41766745858,2.25,1.88235294118,0.786197569093,2.25,0.166339869281,0.0612244897959,3,0.00441176470588,0.185952380952,17,17,17,1,0,0.352941176471,0.411764705882,0.235294117647,17,0.128676470588,1.90196078431,4.11764705882,3.18181818182,2.69230769231,1.57648156274,0.382859808093,0.201680672269,2.01465221053,0.978545359402,0.524369747899,1.74894926439,0.849489642704,0.463865546218,0.814492905316,0.428238537847,2.33333333333,1.90196078431,0.814492905316,2.33333333333,0,0,0,0,0.164242424242,17,17,17,1,0,0.352941176471,0.411764705882,0.235294117647,17,37,0.136029411765,1.88235294118,4.35294117647,3.36363636364,2.84615384615,1.69341284359,0.389027274878,0.193958664547,2.09866904602,0.964253345467,0.518282988871,1.87867287326,0.863174022847,0.470588235294,0.786197569093,0.41766745858,2.25,1.88235294118,0.786197569093,2.25,0.166339869281,0.0612244897959,3,0.00441176470588,0.185952380952,17,17,17,1,0,0.352941176471,0.411764705882,0.235294117647,0,0,0,0,0,0,0,0,0,0,0,0,0,0,0,0,0,0,0,0,0,0,0,0,0,0,0,0,0,37,0,0,235,1,1,0,0,1,1,1,1,1,1,2,2,0,0,0,0
3809,WLNM_dir_neg,1,0.5,00:00:00,10,90,24,1987284097,threshold_sweep,0.2,1,1,1,2,0,0,4,1,1,0,0,1,1,1,1,0.555555555556,1,1,1,37,35,2,0,37,0,35,0,2,17,37,0.136029411765,1.88235294118,4.35294117647,3.36363636364,2.84615384615,1.69341284359,0.389027274878,0.193958664547,2.09866904602,0.964253345467,0.518282988871,1.87867287326,0.863174022847,0.470588235294,0.786197569093,0.41766745858,2.25,1.88235294118,0.786197569093,2.25,0.166339869281,0.0612244897959,3,0.00441176470588,0.185952380952,17,17,17,1,0,0.352941176471,0.411764705882,0.235294117647,17,0.128676470588,1.90196078431,4.11764705882,3.18181818182,2.69230769231,1.57648156274,0.382859808093,0.201680672269,2.01465221053,0.978545359402,0.524369747899,1.74894926439,0.849489642704,0.463865546218,0.814492905316,0.428238537847,2.33333333333,1.90196078431,0.814492905316,2.33333333333,0,0,0,0,0.164242424242,17,17,17,1,0,0.352941176471,0.411764705882,0.235294117647,17,37,0.136029411765,1.88235294118,4.35294117647,3.36363636364,2.84615384615,1.69341284359,0.389027274878,0.193958664547,2.09866904602,0.964253345467,0.518282988871,1.87867287326,0.863174022847,0.470588235294,0.786197569093,0.41766745858,2.25,1.88235294118,0.786197569093,2.25,0.166339869281,0.0612244897959,3,0.00441176470588,0.185952380952,17,17,17,1,0,0.352941176471,0.411764705882,0.235294117647,0,0,0,0,0,0,0,0,0,0,0,0,0,0,0,0,0,0,0,0,0,0,0,0,0,0,0,0,0,37,0,0,235,1,1,0,0,1,1,1,1,1,1,2,2,0,0,0,0
3810,WLNM_dir_neg,1,0.5,00:00:00,10,90,24,1987284097,threshold_sweep,0.3,1,1,1,2,0,0,4,1,1,0,0,1,1,1,1,0.555555555556,1,1,1,37,35,2,0,37,0,35,0,2,17,37,0.136029411765,1.88235294118,4.35294117647,3.36363636364,2.84615384615,1.69341284359,0.389027274878,0.193958664547,2.09866904602,0.964253345467,0.518282988871,1.87867287326,0.863174022847,0.470588235294,0.786197569093,0.41766745858,2.25,1.88235294118,0.786197569093,2.25,0.166339869281,0.0612244897959,3,0.00441176470588,0.185952380952,17,17,17,1,0,0.352941176471,0.411764705882,0.235294117647,17,0.128676470588,1.90196078431,4.11764705882,3.18181818182,2.69230769231,1.57648156274,0.382859808093,0.201680672269,2.01465221053,0.978545359402,0.524369747899,1.74894926439,0.849489642704,0.463865546218,0.814492905316,0.428238537847,2.33333333333,1.90196078431,0.814492905316,2.33333333333,0,0,0,0,0.164242424242,17,17,17,1,0,0.352941176471,0.411764705882,0.235294117647,17,37,0.136029411765,1.88235294118,4.35294117647,3.36363636364,2.84615384615,1.69341284359,0.389027274878,0.193958664547,2.09866904602,0.964253345467,0.518282988871,1.87867287326,0.863174022847,0.470588235294,0.786197569093,0.41766745858,2.25,1.88235294118,0.786197569093,2.25,0.166339869281,0.0612244897959,3,0.00441176470588,0.185952380952,17,17,17,1,0,0.352941176471,0.411764705882,0.235294117647,0,0,0,0,0,0,0,0,0,0,0,0,0,0,0,0,0,0,0,0,0,0,0,0,0,0,0,0,0,37,0,0,235,1,1,0,0,1,1,1,1,1,1,2,2,0,0,0,0
3811,WLNM_dir_neg,1,0.5,00:00:00,10,90,24,1987284097,threshold_sweep,0.4,1,1,1,2,0,0,4,1,1,0,0,1,1,1,1,0.555555555556,1,1,1,37,35,2,0,37,0,35,0,2,17,37,0.136029411765,1.88235294118,4.35294117647,3.36363636364,2.84615384615,1.69341284359,0.389027274878,0.193958664547,2.09866904602,0.964253345467,0.518282988871,1.87867287326,0.863174022847,0.470588235294,0.786197569093,0.41766745858,2.25,1.88235294118,0.786197569093,2.25,0.166339869281,0.0612244897959,3,0.00441176470588,0.185952380952,17,17,17,1,0,0.352941176471,0.411764705882,0.235294117647,17,0.128676470588,1.90196078431,4.11764705882,3.18181818182,2.69230769231,1.57648156274,0.382859808093,0.201680672269,2.01465221053,0.978545359402,0.524369747899,1.74894926439,0.849489642704,0.463865546218,0.814492905316,0.428238537847,2.33333333333,1.90196078431,0.814492905316,2.33333333333,0,0,0,0,0.164242424242,17,17,17,1,0,0.352941176471,0.411764705882,0.235294117647,17,37,0.136029411765,1.88235294118,4.35294117647,3.36363636364,2.84615384615,1.69341284359,0.389027274878,0.193958664547,2.09866904602,0.964253345467,0.518282988871,1.87867287326,0.863174022847,0.470588235294,0.786197569093,0.41766745858,2.25,1.88235294118,0.786197569093,2.25,0.166339869281,0.0612244897959,3,0.00441176470588,0.185952380952,17,17,17,1,0,0.352941176471,0.411764705882,0.235294117647,0,0,0,0,0,0,0,0,0,0,0,0,0,0,0,0,0,0,0,0,0,0,0,0,0,0,0,0,0,37,0,0,235,1,1,0,0,1,1,1,1,1,1,2,2,0,0,0,0
3812,WLNM_dir_neg,1,0.5,00:00:00,10,90,24,1987284097,threshold_sweep,0.5,1,1,1,2,0,0,4,1,1,0,0,1,1,1,1,0.555555555556,1,1,1,37,35,2,0,37,0,35,0,2,17,37,0.136029411765,1.88235294118,4.35294117647,3.36363636364,2.84615384615,1.69341284359,0.389027274878,0.193958664547,2.09866904602,0.964253345467,0.518282988871,1.87867287326,0.863174022847,0.470588235294,0.786197569093,0.41766745858,2.25,1.88235294118,0.786197569093,2.25,0.166339869281,0.0612244897959,3,0.00441176470588,0.185952380952,17,17,17,1,0,0.352941176471,0.411764705882,0.235294117647,17,0.128676470588,1.90196078431,4.11764705882,3.18181818182,2.69230769231,1.57648156274,0.382859808093,0.201680672269,2.01465221053,0.978545359402,0.524369747899,1.74894926439,0.849489642704,0.463865546218,0.814492905316,0.428238537847,2.33333333333,1.90196078431,0.814492905316,2.33333333333,0,0,0,0,0.164242424242,17,17,17,1,0,0.352941176471,0.411764705882,0.235294117647,17,37,0.136029411765,1.88235294118,4.35294117647,3.36363636364,2.84615384615,1.69341284359,0.389027274878,0.193958664547,2.09866904602,0.964253345467,0.518282988871,1.87867287326,0.863174022847,0.470588235294,0.786197569093,0.41766745858,2.25,1.88235294118,0.786197569093,2.25,0.166339869281,0.0612244897959,3,0.00441176470588,0.185952380952,17,17,17,1,0,0.352941176471,0.411764705882,0.235294117647,0,0,0,0,0,0,0,0,0,0,0,0,0,0,0,0,0,0,0,0,0,0,0,0,0,0,0,0,0,37,0,0,235,1,1,0,0,1,1,1,1,1,1,2,2,0,0,0,0
3813,WLNM_dir_neg,1,0.5,00:00:00,10,90,24,1987284097,threshold_sweep,0.6,1,1,1,2,0,0,4,1,1,0,0,1,1,1,1,0.555555555556,1,1,1,37,35,2,0,37,0,35,0,2,17,37,0.136029411765,1.88235294118,4.35294117647,3.36363636364,2.84615384615,1.69341284359,0.389027274878,0.193958664547,2.09866904602,0.964253345467,0.518282988871,1.87867287326,0.863174022847,0.470588235294,0.786197569093,0.41766745858,2.25,1.88235294118,0.786197569093,2.25,0.166339869281,0.0612244897959,3,0.00441176470588,0.185952380952,17,17,17,1,0,0.352941176471,0.411764705882,0.235294117647,17,0.128676470588,1.90196078431,4.11764705882,3.18181818182,2.69230769231,1.57648156274,0.382859808093,0.201680672269,2.01465221053,0.978545359402,0.524369747899,1.74894926439,0.849489642704,0.463865546218,0.814492905316,0.428238537847,2.33333333333,1.90196078431,0.814492905316,2.33333333333,0,0,0,0,0.164242424242,17,17,17,1,0,0.352941176471,0.411764705882,0.235294117647,17,37,0.136029411765,1.88235294118,4.35294117647,3.36363636364,2.84615384615,1.69341284359,0.389027274878,0.193958664547,2.09866904602,0.964253345467,0.518282988871,1.87867287326,0.863174022847,0.470588235294,0.786197569093,0.41766745858,2.25,1.88235294118,0.786197569093,2.25,0.166339869281,0.0612244897959,3,0.00441176470588,0.185952380952,17,17,17,1,0,0.352941176471,0.411764705882,0.235294117647,0,0,0,0,0,0,0,0,0,0,0,0,0,0,0,0,0,0,0,0,0,0,0,0,0,0,0,0,0,37,0,0,235,1,1,0,0,1,1,1,1,1,1,2,2,0,0,0,0
3814,WLNM_dir_neg,1,0.5,00:00:00,10,90,24,1987284097,threshold_sweep,0.7,1,1,1,2,0,0,4,1,1,0,0,1,1,1,1,0.555555555556,1,1,1,37,35,2,0,37,0,35,0,2,17,37,0.136029411765,1.88235294118,4.35294117647,3.36363636364,2.84615384615,1.69341284359,0.389027274878,0.193958664547,2.09866904602,0.964253345467,0.518282988871,1.87867287326,0.863174022847,0.470588235294,0.786197569093,0.41766745858,2.25,1.88235294118,0.786197569093,2.25,0.166339869281,0.0612244897959,3,0.00441176470588,0.185952380952,17,17,17,1,0,0.352941176471,0.411764705882,0.235294117647,17,0.128676470588,1.90196078431,4.11764705882,3.18181818182,2.69230769231,1.57648156274,0.382859808093,0.201680672269,2.01465221053,0.978545359402,0.524369747899,1.74894926439,0.849489642704,0.463865546218,0.814492905316,0.428238537847,2.33333333333,1.90196078431,0.814492905316,2.33333333333,0,0,0,0,0.164242424242,17,17,17,1,0,0.352941176471,0.411764705882,0.235294117647,17,37,0.136029411765,1.88235294118,4.35294117647,3.36363636364,2.84615384615,1.69341284359,0.389027274878,0.193958664547,2.09866904602,0.964253345467,0.518282988871,1.87867287326,0.863174022847,0.470588235294,0.786197569093,0.41766745858,2.25,1.88235294118,0.786197569093,2.25,0.166339869281,0.0612244897959,3,0.00441176470588,0.185952380952,17,17,17,1,0,0.352941176471,0.411764705882,0.235294117647,0,0,0,0,0,0,0,0,0,0,0,0,0,0,0,0,0,0,0,0,0,0,0,0,0,0,0,0,0,37,0,0,235,1,1,0,0,1,1,1,1,1,1,2,2,0,0,0,0
3815,WLNM_dir_neg,1,0.5,00:00:00,10,90,24,1987284097,threshold_sweep,0.8,1,1,1,2,0,0,4,1,1,0,0,1,1,1,1,0.555555555556,1,1,1,37,35,2,0,37,0,35,0,2,17,37,0.136029411765,1.88235294118,4.35294117647,3.36363636364,2.84615384615,1.69341284359,0.389027274878,0.193958664547,2.09866904602,0.964253345467,0.518282988871,1.87867287326,0.863174022847,0.470588235294,0.786197569093,0.41766745858,2.25,1.88235294118,0.786197569093,2.25,0.166339869281,0.0612244897959,3,0.00441176470588,0.185952380952,17,17,17,1,0,0.352941176471,0.411764705882,0.235294117647,17,0.128676470588,1.90196078431,4.11764705882,3.18181818182,2.69230769231,1.57648156274,0.382859808093,0.201680672269,2.01465221053,0.978545359402,0.524369747899,1.74894926439,0.849489642704,0.463865546218,0.814492905316,0.428238537847,2.33333333333,1.90196078431,0.814492905316,2.33333333333,0,0,0,0,0.164242424242,17,17,17,1,0,0.352941176471,0.411764705882,0.235294117647,17,37,0.136029411765,1.88235294118,4.35294117647,3.36363636364,2.84615384615,1.69341284359,0.389027274878,0.193958664547,2.09866904602,0.964253345467,0.518282988871,1.87867287326,0.863174022847,0.470588235294,0.786197569093,0.41766745858,2.25,1.88235294118,0.786197569093,2.25,0.166339869281,0.0612244897959,3,0.00441176470588,0.185952380952,17,17,17,1,0,0.352941176471,0.411764705882,0.235294117647,0,0,0,0,0,0,0,0,0,0,0,0,0,0,0,0,0,0,0,0,0,0,0,0,0,0,0,0,0,37,0,0,235,1,1,0,0,1,1,1,1,1,1,2,2,0,0,0,0
3816,WLNM_dir_neg,1,0.5,00:00:00,10,90,24,1987284097,threshold_sweep,0.9,1,1,1,2,0,0,4,1,1,0,0,1,1,1,1,0.555555555556,1,1,1,37,35,2,0,37,0,35,0,2,17,37,0.136029411765,1.88235294118,4.35294117647,3.36363636364,2.84615384615,1.69341284359,0.389027274878,0.193958664547,2.09866904602,0.964253345467,0.518282988871,1.87867287326,0.863174022847,0.470588235294,0.786197569093,0.41766745858,2.25,1.88235294118,0.786197569093,2.25,0.166339869281,0.0612244897959,3,0.00441176470588,0.185952380952,17,17,17,1,0,0.352941176471,0.411764705882,0.235294117647,17,0.128676470588,1.90196078431,4.11764705882,3.18181818182,2.69230769231,1.57648156274,0.382859808093,0.201680672269,2.01465221053,0.978545359402,0.524369747899,1.74894926439,0.849489642704,0.463865546218,0.814492905316,0.428238537847,2.33333333333,1.90196078431,0.814492905316,2.33333333333,0,0,0,0,0.164242424242,17,17,17,1,0,0.352941176471,0.411764705882,0.235294117647,17,37,0.136029411765,1.88235294118,4.35294117647,3.36363636364,2.84615384615,1.69341284359,0.389027274878,0.193958664547,2.09866904602,0.964253345467,0.518282988871,1.87867287326,0.863174022847,0.470588235294,0.786197569093,0.41766745858,2.25,1.88235294118,0.786197569093,2.25,0.166339869281,0.0612244897959,3,0.00441176470588,0.185952380952,17,17,17,1,0,0.352941176471,0.411764705882,0.235294117647,0,0,0,0,0,0,0,0,0,0,0,0,0,0,0,0,0,0,0,0,0,0,0,0,0,0,0,0,0,37,0,0,235,1,1,0,0,1,1,1,1,1,1,2,2,0,0,0,0
3817,WLNM_dir_neg,1,0.5,00:00:00,10,90,25,1987284098,threshold_sweep,0.1,0.666666666667,1,0.8,2,1,0,3,1,0.75,0.25,0,0.666666666667,1,0.8,0.833333333333,0.5,0.666666666667,0.707106781187,0.75,37,35,2,0,37,0,35,0,2,17,37,0.136029411765,1.88235294118,4.35294117647,3.36363636364,2.84615384615,1.69341284359,0.389027274878,0.193958664547,2.09866904602,0.964253345467,0.518282988871,1.87867287326,0.863174022847,0.470588235294,0.786197569093,0.41766745858,2.25,1.88235294118,0.786197569093,2.25,0.166339869281,0.0612244897959,3,0.00441176470588,0.185952380952,17,17,17,1,0,0.352941176471,0.411764705882,0.235294117647,17,0.128676470588,1.90196078431,4.11764705882,3.18181818182,2.69230769231,1.57648156274,0.382859808093,0.201680672269,2.01465221053,0.978545359402,0.524369747899,1.74894926439,0.849489642704,0.463865546218,0.814492905316,0.428238537847,2.33333333333,1.90196078431,0.814492905316,2.33333333333,0,0,0,0,0.164242424242,17,17,17,1,0,0.352941176471,0.411764705882,0.235294117647,17,38,0.139705882353,1.9,4.47058823529,3.45454545455,2.71428571429,1.69991349261,0.380243807557,0.187306501548,2.16591238756,0.968960804961,0.517027863777,1.82103719638,0.814674535221,0.442724458204,0.809899685146,0.426262992182,2.25,1.9,0.809899685146,2.25,0.185620915033,0.0967741935484,5,0.00735294117647,0.181154401154,17,17,17,1,0,0.352941176471,0.470588235294,0.176470588235,1,0.00367647058824,0.0176470588235,0.117647058824,0.0909090909091,-0.131868131868,0.00650064902221,-0.00878346732077,-0.00665216299891,0.0672433415445,0.00470745949447,-0.00125512509413,-0.0576356768785,-0.0484994876259,-0.0278637770898,0.0237021160537,0.00859553360181,0,0.0176470588235,0.0237021160537,0,0.0192810457516,0.0355497037525,2,0.00294117647059,-0.00479797979798,0,0.0588235294118,-0.0588235294118,37,1,0,234,1,0.995744680851,0.00425531914894,0,0.973684210526,1,0.986666666667,0.984652666406,0.995744680851,0.973684210526,3,2,0,0,0,0
3818,WLNM_dir_neg,1,0.5,00:00:00,10,90,25,1987284098,threshold_sweep,0.2,0.666666666667,1,0.8,2,1,0,3,1,0.75,0.25,0,0.666666666667,1,0.8,0.833333333333,0.5,0.666666666667,0.707106781187,0.75,37,35,2,0,37,0,35,0,2,17,37,0.136029411765,1.88235294118,4.35294117647,3.36363636364,2.84615384615,1.69341284359,0.389027274878,0.193958664547,2.09866904602,0.964253345467,0.518282988871,1.87867287326,0.863174022847,0.470588235294,0.786197569093,0.41766745858,2.25,1.88235294118,0.786197569093,2.25,0.166339869281,0.0612244897959,3,0.00441176470588,0.185952380952,17,17,17,1,0,0.352941176471,0.411764705882,0.235294117647,17,0.128676470588,1.90196078431,4.11764705882,3.18181818182,2.69230769231,1.57648156274,0.382859808093,0.201680672269,2.01465221053,0.978545359402,0.524369747899,1.74894926439,0.849489642704,0.463865546218,0.814492905316,0.428238537847,2.33333333333,1.90196078431,0.814492905316,2.33333333333,0,0,0,0,0.164242424242,17,17,17,1,0,0.352941176471,0.411764705882,0.235294117647,17,38,0.139705882353,1.9,4.47058823529,3.45454545455,2.71428571429,1.69991349261,0.380243807557,0.187306501548,2.16591238756,0.968960804961,0.517027863777,1.82103719638,0.814674535221,0.442724458204,0.809899685146,0.426262992182,2.25,1.9,0.809899685146,2.25,0.185620915033,0.0967741935484,5,0.00735294117647,0.181154401154,17,17,17,1,0,0.352941176471,0.470588235294,0.176470588235,1,0.00367647058824,0.0176470588235,0.117647058824,0.0909090909091,-0.131868131868,0.00650064902221,-0.00878346732077,-0.00665216299891,0.0672433415445,0.00470745949447,-0.00125512509413,-0.0576356768785,-0.0484994876259,-0.0278637770898,0.0237021160537,0.00859553360181,0,0.0176470588235,0.0237021160537,0,0.0192810457516,0.0355497037525,2,0.00294117647059,-0.00479797979798,0,0.0588235294118,-0.0588235294118,37,1,0,234,1,0.995744680851,0.00425531914894,0,0.973684210526,1,0.986666666667,0.984652666406,0.995744680851,0.973684210526,3,2,0,0,0,0
3819,WLNM_dir_neg,1,0.5,00:00:00,10,90,25,1987284098,threshold_sweep,0.3,0.666666666667,1,0.8,2,1,0,3,1,0.75,0.25,0,0.666666666667,1,0.8,0.833333333333,0.5,0.666666666667,0.707106781187,0.75,37,35,2,0,37,0,35,0,2,17,37,0.136029411765,1.88235294118,4.35294117647,3.36363636364,2.84615384615,1.69341284359,0.389027274878,0.193958664547,2.09866904602,0.964253345467,0.518282988871,1.87867287326,0.863174022847,0.470588235294,0.786197569093,0.41766745858,2.25,1.88235294118,0.786197569093,2.25,0.166339869281,0.0612244897959,3,0.00441176470588,0.185952380952,17,17,17,1,0,0.352941176471,0.411764705882,0.235294117647,17,0.128676470588,1.90196078431,4.11764705882,3.18181818182,2.69230769231,1.57648156274,0.382859808093,0.201680672269,2.01465221053,0.978545359402,0.524369747899,1.74894926439,0.849489642704,0.463865546218,0.814492905316,0.428238537847,2.33333333333,1.90196078431,0.814492905316,2.33333333333,0,0,0,0,0.164242424242,17,17,17,1,0,0.352941176471,0.411764705882,0.235294117647,17,38,0.139705882353,1.9,4.47058823529,3.45454545455,2.71428571429,1.69991349261,0.380243807557,0.187306501548,2.16591238756,0.968960804961,0.517027863777,1.82103719638,0.814674535221,0.442724458204,0.809899685146,0.426262992182,2.25,1.9,0.809899685146,2.25,0.185620915033,0.0967741935484,5,0.00735294117647,0.181154401154,17,17,17,1,0,0.352941176471,0.470588235294,0.176470588235,1,0.00367647058824,0.0176470588235,0.117647058824,0.0909090909091,-0.131868131868,0.00650064902221,-0.00878346732077,-0.00665216299891,0.0672433415445,0.00470745949447,-0.00125512509413,-0.0576356768785,-0.0484994876259,-0.0278637770898,0.0237021160537,0.00859553360181,0,0.0176470588235,0.0237021160537,0,0.0192810457516,0.0355497037525,2,0.00294117647059,-0.00479797979798,0,0.0588235294118,-0.0588235294118,37,1,0,234,1,0.995744680851,0.00425531914894,0,0.973684210526,1,0.986666666667,0.984652666406,0.995744680851,0.973684210526,3,2,0,0,0,0
3820,WLNM_dir_neg,1,0.5,00:00:00,10,90,25,1987284098,threshold_sweep,0.4,0.666666666667,1,0.8,2,1,0,3,1,0.75,0.25,0,0.666666666667,1,0.8,0.833333333333,0.5,0.666666666667,0.707106781187,0.75,37,35,2,0,37,0,35,0,2,17,37,0.136029411765,1.88235294118,4.35294117647,3.36363636364,2.84615384615,1.69341284359,0.389027274878,0.193958664547,2.09866904602,0.964253345467,0.518282988871,1.87867287326,0.863174022847,0.470588235294,0.786197569093,0.41766745858,2.25,1.88235294118,0.786197569093,2.25,0.166339869281,0.0612244897959,3,0.00441176470588,0.185952380952,17,17,17,1,0,0.352941176471,0.411764705882,0.235294117647,17,0.128676470588,1.90196078431,4.11764705882,3.18181818182,2.69230769231,1.57648156274,0.382859808093,0.201680672269,2.01465221053,0.978545359402,0.524369747899,1.74894926439,0.849489642704,0.463865546218,0.814492905316,0.428238537847,2.33333333333,1.90196078431,0.814492905316,2.33333333333,0,0,0,0,0.164242424242,17,17,17,1,0,0.352941176471,0.411764705882,0.235294117647,17,38,0.139705882353,1.9,4.47058823529,3.45454545455,2.71428571429,1.69991349261,0.380243807557,0.187306501548,2.16591238756,0.968960804961,0.517027863777,1.82103719638,0.814674535221,0.442724458204,0.809899685146,0.426262992182,2.25,1.9,0.809899685146,2.25,0.185620915033,0.0967741935484,5,0.00735294117647,0.181154401154,17,17,17,1,0,0.352941176471,0.470588235294,0.176470588235,1,0.00367647058824,0.0176470588235,0.117647058824,0.0909090909091,-0.131868131868,0.00650064902221,-0.00878346732077,-0.00665216299891,0.0672433415445,0.00470745949447,-0.00125512509413,-0.0576356768785,-0.0484994876259,-0.0278637770898,0.0237021160537,0.00859553360181,0,0.0176470588235,0.0237021160537,0,0.0192810457516,0.0355497037525,2,0.00294117647059,-0.00479797979798,0,0.0588235294118,-0.0588235294118,37,1,0,234,1,0.995744680851,0.00425531914894,0,0.973684210526,1,0.986666666667,0.984652666406,0.995744680851,0.973684210526,3,2,0,0,0,0
3821,WLNM_dir_neg,1,0.5,00:00:00,10,90,25,1987284098,threshold_sweep,0.5,0.666666666667,1,0.8,2,1,0,3,1,0.75,0.25,0,0.666666666667,1,0.8,0.833333333333,0.5,0.666666666667,0.707106781187,0.75,37,35,2,0,37,0,35,0,2,17,37,0.136029411765,1.88235294118,4.35294117647,3.36363636364,2.84615384615,1.69341284359,0.389027274878,0.193958664547,2.09866904602,0.964253345467,0.518282988871,1.87867287326,0.863174022847,0.470588235294,0.786197569093,0.41766745858,2.25,1.88235294118,0.786197569093,2.25,0.166339869281,0.0612244897959,3,0.00441176470588,0.185952380952,17,17,17,1,0,0.352941176471,0.411764705882,0.235294117647,17,0.128676470588,1.90196078431,4.11764705882,3.18181818182,2.69230769231,1.57648156274,0.382859808093,0.201680672269,2.01465221053,0.978545359402,0.524369747899,1.74894926439,0.849489642704,0.463865546218,0.814492905316,0.428238537847,2.33333333333,1.90196078431,0.814492905316,2.33333333333,0,0,0,0,0.164242424242,17,17,17,1,0,0.352941176471,0.411764705882,0.235294117647,17,38,0.139705882353,1.9,4.47058823529,3.45454545455,2.71428571429,1.69991349261,0.380243807557,0.187306501548,2.16591238756,0.968960804961,0.517027863777,1.82103719638,0.814674535221,0.442724458204,0.809899685146,0.426262992182,2.25,1.9,0.809899685146,2.25,0.185620915033,0.0967741935484,5,0.00735294117647,0.181154401154,17,17,17,1,0,0.352941176471,0.470588235294,0.176470588235,1,0.00367647058824,0.0176470588235,0.117647058824,0.0909090909091,-0.131868131868,0.00650064902221,-0.00878346732077,-0.00665216299891,0.0672433415445,0.00470745949447,-0.00125512509413,-0.0576356768785,-0.0484994876259,-0.0278637770898,0.0237021160537,0.00859553360181,0,0.0176470588235,0.0237021160537,0,0.0192810457516,0.0355497037525,2,0.00294117647059,-0.00479797979798,0,0.0588235294118,-0.0588235294118,37,1,0,234,1,0.995744680851,0.00425531914894,0,0.973684210526,1,0.986666666667,0.984652666406,0.995744680851,0.973684210526,3,2,0,0,0,0
3822,WLNM_dir_neg,1,0.5,00:00:00,10,90,25,1987284098,threshold_sweep,0.6,0.666666666667,1,0.8,2,1,0,3,1,0.75,0.25,0,0.666666666667,1,0.8,0.833333333333,0.5,0.666666666667,0.707106781187,0.75,37,35,2,0,37,0,35,0,2,17,37,0.136029411765,1.88235294118,4.35294117647,3.36363636364,2.84615384615,1.69341284359,0.389027274878,0.193958664547,2.09866904602,0.964253345467,0.518282988871,1.87867287326,0.863174022847,0.470588235294,0.786197569093,0.41766745858,2.25,1.88235294118,0.786197569093,2.25,0.166339869281,0.0612244897959,3,0.00441176470588,0.185952380952,17,17,17,1,0,0.352941176471,0.411764705882,0.235294117647,17,0.128676470588,1.90196078431,4.11764705882,3.18181818182,2.69230769231,1.57648156274,0.382859808093,0.201680672269,2.01465221053,0.978545359402,0.524369747899,1.74894926439,0.849489642704,0.463865546218,0.814492905316,0.428238537847,2.33333333333,1.90196078431,0.814492905316,2.33333333333,0,0,0,0,0.164242424242,17,17,17,1,0,0.352941176471,0.411764705882,0.235294117647,17,38,0.139705882353,1.9,4.47058823529,3.45454545455,2.71428571429,1.69991349261,0.380243807557,0.187306501548,2.16591238756,0.968960804961,0.517027863777,1.82103719638,0.814674535221,0.442724458204,0.809899685146,0.426262992182,2.25,1.9,0.809899685146,2.25,0.185620915033,0.0967741935484,5,0.00735294117647,0.181154401154,17,17,17,1,0,0.352941176471,0.470588235294,0.176470588235,1,0.00367647058824,0.0176470588235,0.117647058824,0.0909090909091,-0.131868131868,0.00650064902221,-0.00878346732077,-0.00665216299891,0.0672433415445,0.00470745949447,-0.00125512509413,-0.0576356768785,-0.0484994876259,-0.0278637770898,0.0237021160537,0.00859553360181,0,0.0176470588235,0.0237021160537,0,0.0192810457516,0.0355497037525,2,0.00294117647059,-0.00479797979798,0,0.0588235294118,-0.0588235294118,37,1,0,234,1,0.995744680851,0.00425531914894,0,0.973684210526,1,0.986666666667,0.984652666406,0.995744680851,0.973684210526,3,2,0,0,0,0
3823,WLNM_dir_neg,1,0.5,00:00:00,10,90,25,1987284098,threshold_sweep,0.7,1,1,1,2,0,0,4,1,1,0,0,1,1,1,1,0.555555555556,1,1,1,37,35,2,0,37,0,35,0,2,17,37,0.136029411765,1.88235294118,4.35294117647,3.36363636364,2.84615384615,1.69341284359,0.389027274878,0.193958664547,2.09866904602,0.964253345467,0.518282988871,1.87867287326,0.863174022847,0.470588235294,0.786197569093,0.41766745858,2.25,1.88235294118,0.786197569093,2.25,0.166339869281,0.0612244897959,3,0.00441176470588,0.185952380952,17,17,17,1,0,0.352941176471,0.411764705882,0.235294117647,17,0.128676470588,1.90196078431,4.11764705882,3.18181818182,2.69230769231,1.57648156274,0.382859808093,0.201680672269,2.01465221053,0.978545359402,0.524369747899,1.74894926439,0.849489642704,0.463865546218,0.814492905316,0.428238537847,2.33333333333,1.90196078431,0.814492905316,2.33333333333,0,0,0,0,0.164242424242,17,17,17,1,0,0.352941176471,0.411764705882,0.235294117647,17,37,0.136029411765,1.88235294118,4.35294117647,3.36363636364,2.84615384615,1.69341284359,0.389027274878,0.193958664547,2.09866904602,0.964253345467,0.518282988871,1.87867287326,0.863174022847,0.470588235294,0.786197569093,0.41766745858,2.25,1.88235294118,0.786197569093,2.25,0.166339869281,0.0612244897959,3,0.00441176470588,0.185952380952,17,17,17,1,0,0.352941176471,0.411764705882,0.235294117647,0,0,0,0,0,0,0,0,0,0,0,0,0,0,0,0,0,0,0,0,0,0,0,0,0,0,0,0,0,37,0,0,235,1,1,0,0,1,1,1,1,1,1,2,2,0,0,0,0
3824,WLNM_dir_neg,1,0.5,00:00:00,10,90,25,1987284098,threshold_sweep,0.8,1,1,1,2,0,0,4,1,1,0,0,1,1,1,1,0.555555555556,1,1,1,37,35,2,0,37,0,35,0,2,17,37,0.136029411765,1.88235294118,4.35294117647,3.36363636364,2.84615384615,1.69341284359,0.389027274878,0.193958664547,2.09866904602,0.964253345467,0.518282988871,1.87867287326,0.863174022847,0.470588235294,0.786197569093,0.41766745858,2.25,1.88235294118,0.786197569093,2.25,0.166339869281,0.0612244897959,3,0.00441176470588,0.185952380952,17,17,17,1,0,0.352941176471,0.411764705882,0.235294117647,17,0.128676470588,1.90196078431,4.11764705882,3.18181818182,2.69230769231,1.57648156274,0.382859808093,0.201680672269,2.01465221053,0.978545359402,0.524369747899,1.74894926439,0.849489642704,0.463865546218,0.814492905316,0.428238537847,2.33333333333,1.90196078431,0.814492905316,2.33333333333,0,0,0,0,0.164242424242,17,17,17,1,0,0.352941176471,0.411764705882,0.235294117647,17,37,0.136029411765,1.88235294118,4.35294117647,3.36363636364,2.84615384615,1.69341284359,0.389027274878,0.193958664547,2.09866904602,0.964253345467,0.518282988871,1.87867287326,0.863174022847,0.470588235294,0.786197569093,0.41766745858,2.25,1.88235294118,0.786197569093,2.25,0.166339869281,0.0612244897959,3,0.00441176470588,0.185952380952,17,17,17,1,0,0.352941176471,0.411764705882,0.235294117647,0,0,0,0,0,0,0,0,0,0,0,0,0,0,0,0,0,0,0,0,0,0,0,0,0,0,0,0,0,37,0,0,235,1,1,0,0,1,1,1,1,1,1,2,2,0,0,0,0
3825,WLNM_dir_neg,1,0.5,00:00:00,10,90,25,1987284098,threshold_sweep,0.9,1,1,1,2,0,0,4,1,1,0,0,1,1,1,1,0.555555555556,1,1,1,37,35,2,0,37,0,35,0,2,17,37,0.136029411765,1.88235294118,4.35294117647,3.36363636364,2.84615384615,1.69341284359,0.389027274878,0.193958664547,2.09866904602,0.964253345467,0.518282988871,1.87867287326,0.863174022847,0.470588235294,0.786197569093,0.41766745858,2.25,1.88235294118,0.786197569093,2.25,0.166339869281,0.0612244897959,3,0.00441176470588,0.185952380952,17,17,17,1,0,0.352941176471,0.411764705882,0.235294117647,17,0.128676470588,1.90196078431,4.11764705882,3.18181818182,2.69230769231,1.57648156274,0.382859808093,0.201680672269,2.01465221053,0.978545359402,0.524369747899,1.74894926439,0.849489642704,0.463865546218,0.814492905316,0.428238537847,2.33333333333,1.90196078431,0.814492905316,2.33333333333,0,0,0,0,0.164242424242,17,17,17,1,0,0.352941176471,0.411764705882,0.235294117647,17,37,0.136029411765,1.88235294118,4.35294117647,3.36363636364,2.84615384615,1.69341284359,0.389027274878,0.193958664547,2.09866904602,0.964253345467,0.518282988871,1.87867287326,0.863174022847,0.470588235294,0.786197569093,0.41766745858,2.25,1.88235294118,0.786197569093,2.25,0.166339869281,0.0612244897959,3,0.00441176470588,0.185952380952,17,17,17,1,0,0.352941176471,0.411764705882,0.235294117647,0,0,0,0,0,0,0,0,0,0,0,0,0,0,0,0,0,0,0,0,0,0,0,0,0,0,0,0,0,37,0,0,235,1,1,0,0,1,1,1,1,1,1,2,2,0,0,0,0
3826,WLNM_dir_neg,1,0.5,00:00:00,10,90,26,1987284099,threshold_sweep,0.1,0.666666666667,1,0.8,2,1,0,3,1,0.75,0.25,0,0.666666666667,1,0.8,0.833333333333,0.5,0.666666666667,0.707106781187,0.75,37,35,2,0,37,0,35,0,2,17,37,0.136029411765,1.88235294118,4.35294117647,3.36363636364,2.84615384615,1.69341284359,0.389027274878,0.193958664547,2.09866904602,0.964253345467,0.518282988871,1.87867287326,0.863174022847,0.470588235294,0.786197569093,0.41766745858,2.25,1.88235294118,0.786197569093,2.25,0.166339869281,0.0612244897959,3,0.00441176470588,0.185952380952,17,17,17,1,0,0.352941176471,0.411764705882,0.235294117647,17,0.128676470588,1.90196078431,4.11764705882,3.18181818182,2.69230769231,1.57648156274,0.382859808093,0.201680672269,2.01465221053,0.978545359402,0.524369747899,1.74894926439,0.849489642704,0.463865546218,0.814492905316,0.428238537847,2.33333333333,1.90196078431,0.814492905316,2.33333333333,0,0,0,0,0.164242424242,17,17,17,1,0,0.352941176471,0.411764705882,0.235294117647,17,38,0.139705882353,1.89705882353,4.47058823529,3.45454545455,2.71428571429,1.73629084037,0.388380845872,0.198142414861,2.16591238756,0.968960804961,0.517027863777,1.82103719638,0.814674535221,0.442724458204,0.805541469338,0.424626510969,2.25,1.89705882353,0.805541469338,2.25,0.185620915033,0.0961538461538,5,0.00735294117647,0.181154401154,17,17,17,1,0,0.352941176471,0.470588235294,0.176470588235,1,0.00367647058824,0.0147058823529,0.117647058824,0.0909090909091,-0.131868131868,0.0428779967836,-0.000646429005719,0.00418375031378,0.0672433415445,0.00470745949447,-0.00125512509413,-0.0576356768785,-0.0484994876259,-0.0278637770898,0.0193439002456,0.00695905238854,0,0.0147058823529,0.0193439002456,0,0.0192810457516,0.0349293563579,2,0.00294117647059,-0.00479797979798,0,0.0588235294118,-0.0588235294118,37,1,0,234,1,0.995744680851,0.00425531914894,0,0.973684210526,1,0.986666666667,0.984652666406,0.995744680851,0.973684210526,3,2,0,0,0,0
3827,WLNM_dir_neg,1,0.5,00:00:00,10,90,26,1987284099,threshold_sweep,0.2,0.666666666667,1,0.8,2,1,0,3,1,0.75,0.25,0,0.666666666667,1,0.8,0.833333333333,0.5,0.666666666667,0.707106781187,0.75,37,35,2,0,37,0,35,0,2,17,37,0.136029411765,1.88235294118,4.35294117647,3.36363636364,2.84615384615,1.69341284359,0.389027274878,0.193958664547,2.09866904602,0.964253345467,0.518282988871,1.87867287326,0.863174022847,0.470588235294,0.786197569093,0.41766745858,2.25,1.88235294118,0.786197569093,2.25,0.166339869281,0.0612244897959,3,0.00441176470588,0.185952380952,17,17,17,1,0,0.352941176471,0.411764705882,0.235294117647,17,0.128676470588,1.90196078431,4.11764705882,3.18181818182,2.69230769231,1.57648156274,0.382859808093,0.201680672269,2.01465221053,0.978545359402,0.524369747899,1.74894926439,0.849489642704,0.463865546218,0.814492905316,0.428238537847,2.33333333333,1.90196078431,0.814492905316,2.33333333333,0,0,0,0,0.164242424242,17,17,17,1,0,0.352941176471,0.411764705882,0.235294117647,17,38,0.139705882353,1.89705882353,4.47058823529,3.45454545455,2.71428571429,1.73629084037,0.388380845872,0.198142414861,2.16591238756,0.968960804961,0.517027863777,1.82103719638,0.814674535221,0.442724458204,0.805541469338,0.424626510969,2.25,1.89705882353,0.805541469338,2.25,0.185620915033,0.0961538461538,5,0.00735294117647,0.181154401154,17,17,17,1,0,0.352941176471,0.470588235294,0.176470588235,1,0.00367647058824,0.0147058823529,0.117647058824,0.0909090909091,-0.131868131868,0.0428779967836,-0.000646429005719,0.00418375031378,0.0672433415445,0.00470745949447,-0.00125512509413,-0.0576356768785,-0.0484994876259,-0.0278637770898,0.0193439002456,0.00695905238854,0,0.0147058823529,0.0193439002456,0,0.0192810457516,0.0349293563579,2,0.00294117647059,-0.00479797979798,0,0.0588235294118,-0.0588235294118,37,1,0,234,1,0.995744680851,0.00425531914894,0,0.973684210526,1,0.986666666667,0.984652666406,0.995744680851,0.973684210526,3,2,0,0,0,0
3828,WLNM_dir_neg,1,0.5,00:00:00,10,90,26,1987284099,threshold_sweep,0.3,0.666666666667,1,0.8,2,1,0,3,1,0.75,0.25,0,0.666666666667,1,0.8,0.833333333333,0.5,0.666666666667,0.707106781187,0.75,37,35,2,0,37,0,35,0,2,17,37,0.136029411765,1.88235294118,4.35294117647,3.36363636364,2.84615384615,1.69341284359,0.389027274878,0.193958664547,2.09866904602,0.964253345467,0.518282988871,1.87867287326,0.863174022847,0.470588235294,0.786197569093,0.41766745858,2.25,1.88235294118,0.786197569093,2.25,0.166339869281,0.0612244897959,3,0.00441176470588,0.185952380952,17,17,17,1,0,0.352941176471,0.411764705882,0.235294117647,17,0.128676470588,1.90196078431,4.11764705882,3.18181818182,2.69230769231,1.57648156274,0.382859808093,0.201680672269,2.01465221053,0.978545359402,0.524369747899,1.74894926439,0.849489642704,0.463865546218,0.814492905316,0.428238537847,2.33333333333,1.90196078431,0.814492905316,2.33333333333,0,0,0,0,0.164242424242,17,17,17,1,0,0.352941176471,0.411764705882,0.235294117647,17,38,0.139705882353,1.89705882353,4.47058823529,3.45454545455,2.71428571429,1.73629084037,0.388380845872,0.198142414861,2.16591238756,0.968960804961,0.517027863777,1.82103719638,0.814674535221,0.442724458204,0.805541469338,0.424626510969,2.25,1.89705882353,0.805541469338,2.25,0.185620915033,0.0961538461538,5,0.00735294117647,0.181154401154,17,17,17,1,0,0.352941176471,0.470588235294,0.176470588235,1,0.00367647058824,0.0147058823529,0.117647058824,0.0909090909091,-0.131868131868,0.0428779967836,-0.000646429005719,0.00418375031378,0.0672433415445,0.00470745949447,-0.00125512509413,-0.0576356768785,-0.0484994876259,-0.0278637770898,0.0193439002456,0.00695905238854,0,0.0147058823529,0.0193439002456,0,0.0192810457516,0.0349293563579,2,0.00294117647059,-0.00479797979798,0,0.0588235294118,-0.0588235294118,37,1,0,234,1,0.995744680851,0.00425531914894,0,0.973684210526,1,0.986666666667,0.984652666406,0.995744680851,0.973684210526,3,2,0,0,0,0
3829,WLNM_dir_neg,1,0.5,00:00:00,10,90,26,1987284099,threshold_sweep,0.4,0.666666666667,1,0.8,2,1,0,3,1,0.75,0.25,0,0.666666666667,1,0.8,0.833333333333,0.5,0.666666666667,0.707106781187,0.75,37,35,2,0,37,0,35,0,2,17,37,0.136029411765,1.88235294118,4.35294117647,3.36363636364,2.84615384615,1.69341284359,0.389027274878,0.193958664547,2.09866904602,0.964253345467,0.518282988871,1.87867287326,0.863174022847,0.470588235294,0.786197569093,0.41766745858,2.25,1.88235294118,0.786197569093,2.25,0.166339869281,0.0612244897959,3,0.00441176470588,0.185952380952,17,17,17,1,0,0.352941176471,0.411764705882,0.235294117647,17,0.128676470588,1.90196078431,4.11764705882,3.18181818182,2.69230769231,1.57648156274,0.382859808093,0.201680672269,2.01465221053,0.978545359402,0.524369747899,1.74894926439,0.849489642704,0.463865546218,0.814492905316,0.428238537847,2.33333333333,1.90196078431,0.814492905316,2.33333333333,0,0,0,0,0.164242424242,17,17,17,1,0,0.352941176471,0.411764705882,0.235294117647,17,38,0.139705882353,1.89705882353,4.47058823529,3.45454545455,2.71428571429,1.73629084037,0.388380845872,0.198142414861,2.16591238756,0.968960804961,0.517027863777,1.82103719638,0.814674535221,0.442724458204,0.805541469338,0.424626510969,2.25,1.89705882353,0.805541469338,2.25,0.185620915033,0.0961538461538,5,0.00735294117647,0.181154401154,17,17,17,1,0,0.352941176471,0.470588235294,0.176470588235,1,0.00367647058824,0.0147058823529,0.117647058824,0.0909090909091,-0.131868131868,0.0428779967836,-0.000646429005719,0.00418375031378,0.0672433415445,0.00470745949447,-0.00125512509413,-0.0576356768785,-0.0484994876259,-0.0278637770898,0.0193439002456,0.00695905238854,0,0.0147058823529,0.0193439002456,0,0.0192810457516,0.0349293563579,2,0.00294117647059,-0.00479797979798,0,0.0588235294118,-0.0588235294118,37,1,0,234,1,0.995744680851,0.00425531914894,0,0.973684210526,1,0.986666666667,0.984652666406,0.995744680851,0.973684210526,3,2,0,0,0,0
3830,WLNM_dir_neg,1,0.5,00:00:00,10,90,26,1987284099,threshold_sweep,0.5,0.666666666667,1,0.8,2,1,0,3,1,0.75,0.25,0,0.666666666667,1,0.8,0.833333333333,0.5,0.666666666667,0.707106781187,0.75,37,35,2,0,37,0,35,0,2,17,37,0.136029411765,1.88235294118,4.35294117647,3.36363636364,2.84615384615,1.69341284359,0.389027274878,0.193958664547,2.09866904602,0.964253345467,0.518282988871,1.87867287326,0.863174022847,0.470588235294,0.786197569093,0.41766745858,2.25,1.88235294118,0.786197569093,2.25,0.166339869281,0.0612244897959,3,0.00441176470588,0.185952380952,17,17,17,1,0,0.352941176471,0.411764705882,0.235294117647,17,0.128676470588,1.90196078431,4.11764705882,3.18181818182,2.69230769231,1.57648156274,0.382859808093,0.201680672269,2.01465221053,0.978545359402,0.524369747899,1.74894926439,0.849489642704,0.463865546218,0.814492905316,0.428238537847,2.33333333333,1.90196078431,0.814492905316,2.33333333333,0,0,0,0,0.164242424242,17,17,17,1,0,0.352941176471,0.411764705882,0.235294117647,17,38,0.139705882353,1.89705882353,4.47058823529,3.45454545455,2.71428571429,1.73629084037,0.388380845872,0.198142414861,2.16591238756,0.968960804961,0.517027863777,1.82103719638,0.814674535221,0.442724458204,0.805541469338,0.424626510969,2.25,1.89705882353,0.805541469338,2.25,0.185620915033,0.0961538461538,5,0.00735294117647,0.181154401154,17,17,17,1,0,0.352941176471,0.470588235294,0.176470588235,1,0.00367647058824,0.0147058823529,0.117647058824,0.0909090909091,-0.131868131868,0.0428779967836,-0.000646429005719,0.00418375031378,0.0672433415445,0.00470745949447,-0.00125512509413,-0.0576356768785,-0.0484994876259,-0.0278637770898,0.0193439002456,0.00695905238854,0,0.0147058823529,0.0193439002456,0,0.0192810457516,0.0349293563579,2,0.00294117647059,-0.00479797979798,0,0.0588235294118,-0.0588235294118,37,1,0,234,1,0.995744680851,0.00425531914894,0,0.973684210526,1,0.986666666667,0.984652666406,0.995744680851,0.973684210526,3,2,0,0,0,0
3831,WLNM_dir_neg,1,0.5,00:00:00,10,90,26,1987284099,threshold_sweep,0.6,0.666666666667,1,0.8,2,1,0,3,1,0.75,0.25,0,0.666666666667,1,0.8,0.833333333333,0.5,0.666666666667,0.707106781187,0.75,37,35,2,0,37,0,35,0,2,17,37,0.136029411765,1.88235294118,4.35294117647,3.36363636364,2.84615384615,1.69341284359,0.389027274878,0.193958664547,2.09866904602,0.964253345467,0.518282988871,1.87867287326,0.863174022847,0.470588235294,0.786197569093,0.41766745858,2.25,1.88235294118,0.786197569093,2.25,0.166339869281,0.0612244897959,3,0.00441176470588,0.185952380952,17,17,17,1,0,0.352941176471,0.411764705882,0.235294117647,17,0.128676470588,1.90196078431,4.11764705882,3.18181818182,2.69230769231,1.57648156274,0.382859808093,0.201680672269,2.01465221053,0.978545359402,0.524369747899,1.74894926439,0.849489642704,0.463865546218,0.814492905316,0.428238537847,2.33333333333,1.90196078431,0.814492905316,2.33333333333,0,0,0,0,0.164242424242,17,17,17,1,0,0.352941176471,0.411764705882,0.235294117647,17,38,0.139705882353,1.89705882353,4.47058823529,3.45454545455,2.71428571429,1.73629084037,0.388380845872,0.198142414861,2.16591238756,0.968960804961,0.517027863777,1.82103719638,0.814674535221,0.442724458204,0.805541469338,0.424626510969,2.25,1.89705882353,0.805541469338,2.25,0.185620915033,0.0961538461538,5,0.00735294117647,0.181154401154,17,17,17,1,0,0.352941176471,0.470588235294,0.176470588235,1,0.00367647058824,0.0147058823529,0.117647058824,0.0909090909091,-0.131868131868,0.0428779967836,-0.000646429005719,0.00418375031378,0.0672433415445,0.00470745949447,-0.00125512509413,-0.0576356768785,-0.0484994876259,-0.0278637770898,0.0193439002456,0.00695905238854,0,0.0147058823529,0.0193439002456,0,0.0192810457516,0.0349293563579,2,0.00294117647059,-0.00479797979798,0,0.0588235294118,-0.0588235294118,37,1,0,234,1,0.995744680851,0.00425531914894,0,0.973684210526,1,0.986666666667,0.984652666406,0.995744680851,0.973684210526,3,2,0,0,0,0
3832,WLNM_dir_neg,1,0.5,00:00:00,10,90,26,1987284099,threshold_sweep,0.7,0.666666666667,1,0.8,2,1,0,3,1,0.75,0.25,0,0.666666666667,1,0.8,0.833333333333,0.5,0.666666666667,0.707106781187,0.75,37,35,2,0,37,0,35,0,2,17,37,0.136029411765,1.88235294118,4.35294117647,3.36363636364,2.84615384615,1.69341284359,0.389027274878,0.193958664547,2.09866904602,0.964253345467,0.518282988871,1.87867287326,0.863174022847,0.470588235294,0.786197569093,0.41766745858,2.25,1.88235294118,0.786197569093,2.25,0.166339869281,0.0612244897959,3,0.00441176470588,0.185952380952,17,17,17,1,0,0.352941176471,0.411764705882,0.235294117647,17,0.128676470588,1.90196078431,4.11764705882,3.18181818182,2.69230769231,1.57648156274,0.382859808093,0.201680672269,2.01465221053,0.978545359402,0.524369747899,1.74894926439,0.849489642704,0.463865546218,0.814492905316,0.428238537847,2.33333333333,1.90196078431,0.814492905316,2.33333333333,0,0,0,0,0.164242424242,17,17,17,1,0,0.352941176471,0.411764705882,0.235294117647,17,38,0.139705882353,1.89705882353,4.47058823529,3.45454545455,2.71428571429,1.73629084037,0.388380845872,0.198142414861,2.16591238756,0.968960804961,0.517027863777,1.82103719638,0.814674535221,0.442724458204,0.805541469338,0.424626510969,2.25,1.89705882353,0.805541469338,2.25,0.185620915033,0.0961538461538,5,0.00735294117647,0.181154401154,17,17,17,1,0,0.352941176471,0.470588235294,0.176470588235,1,0.00367647058824,0.0147058823529,0.117647058824,0.0909090909091,-0.131868131868,0.0428779967836,-0.000646429005719,0.00418375031378,0.0672433415445,0.00470745949447,-0.00125512509413,-0.0576356768785,-0.0484994876259,-0.0278637770898,0.0193439002456,0.00695905238854,0,0.0147058823529,0.0193439002456,0,0.0192810457516,0.0349293563579,2,0.00294117647059,-0.00479797979798,0,0.0588235294118,-0.0588235294118,37,1,0,234,1,0.995744680851,0.00425531914894,0,0.973684210526,1,0.986666666667,0.984652666406,0.995744680851,0.973684210526,3,2,0,0,0,0
3833,WLNM_dir_neg,1,0.5,00:00:00,10,90,26,1987284099,threshold_sweep,0.8,1,1,1,2,0,0,4,1,1,0,0,1,1,1,1,0.555555555556,1,1,1,37,35,2,0,37,0,35,0,2,17,37,0.136029411765,1.88235294118,4.35294117647,3.36363636364,2.84615384615,1.69341284359,0.389027274878,0.193958664547,2.09866904602,0.964253345467,0.518282988871,1.87867287326,0.863174022847,0.470588235294,0.786197569093,0.41766745858,2.25,1.88235294118,0.786197569093,2.25,0.166339869281,0.0612244897959,3,0.00441176470588,0.185952380952,17,17,17,1,0,0.352941176471,0.411764705882,0.235294117647,17,0.128676470588,1.90196078431,4.11764705882,3.18181818182,2.69230769231,1.57648156274,0.382859808093,0.201680672269,2.01465221053,0.978545359402,0.524369747899,1.74894926439,0.849489642704,0.463865546218,0.814492905316,0.428238537847,2.33333333333,1.90196078431,0.814492905316,2.33333333333,0,0,0,0,0.164242424242,17,17,17,1,0,0.352941176471,0.411764705882,0.235294117647,17,37,0.136029411765,1.88235294118,4.35294117647,3.36363636364,2.84615384615,1.69341284359,0.389027274878,0.193958664547,2.09866904602,0.964253345467,0.518282988871,1.87867287326,0.863174022847,0.470588235294,0.786197569093,0.41766745858,2.25,1.88235294118,0.786197569093,2.25,0.166339869281,0.0612244897959,3,0.00441176470588,0.185952380952,17,17,17,1,0,0.352941176471,0.411764705882,0.235294117647,0,0,0,0,0,0,0,0,0,0,0,0,0,0,0,0,0,0,0,0,0,0,0,0,0,0,0,0,0,37,0,0,235,1,1,0,0,1,1,1,1,1,1,2,2,0,0,0,0
3834,WLNM_dir_neg,1,0.5,00:00:00,10,90,26,1987284099,threshold_sweep,0.9,1,1,1,2,0,0,4,1,1,0,0,1,1,1,1,0.555555555556,1,1,1,37,35,2,0,37,0,35,0,2,17,37,0.136029411765,1.88235294118,4.35294117647,3.36363636364,2.84615384615,1.69341284359,0.389027274878,0.193958664547,2.09866904602,0.964253345467,0.518282988871,1.87867287326,0.863174022847,0.470588235294,0.786197569093,0.41766745858,2.25,1.88235294118,0.786197569093,2.25,0.166339869281,0.0612244897959,3,0.00441176470588,0.185952380952,17,17,17,1,0,0.352941176471,0.411764705882,0.235294117647,17,0.128676470588,1.90196078431,4.11764705882,3.18181818182,2.69230769231,1.57648156274,0.382859808093,0.201680672269,2.01465221053,0.978545359402,0.524369747899,1.74894926439,0.849489642704,0.463865546218,0.814492905316,0.428238537847,2.33333333333,1.90196078431,0.814492905316,2.33333333333,0,0,0,0,0.164242424242,17,17,17,1,0,0.352941176471,0.411764705882,0.235294117647,17,37,0.136029411765,1.88235294118,4.35294117647,3.36363636364,2.84615384615,1.69341284359,0.389027274878,0.193958664547,2.09866904602,0.964253345467,0.518282988871,1.87867287326,0.863174022847,0.470588235294,0.786197569093,0.41766745858,2.25,1.88235294118,0.786197569093,2.25,0.166339869281,0.0612244897959,3,0.00441176470588,0.185952380952,17,17,17,1,0,0.352941176471,0.411764705882,0.235294117647,0,0,0,0,0,0,0,0,0,0,0,0,0,0,0,0,0,0,0,0,0,0,0,0,0,0,0,0,0,37,0,0,235,1,1,0,0,1,1,1,1,1,1,2,2,0,0,0,0
3835,WLNM_dir_neg,1,0.5,00:00:00,10,90,27,1987284100,threshold_sweep,0.1,0.666666666667,1,0.8,2,1,0,3,1,0.75,0.25,0,0.666666666667,1,0.8,0.833333333333,0.5,0.666666666667,0.707106781187,0.75,37,35,2,0,37,0,35,0,2,17,37,0.136029411765,1.88235294118,4.35294117647,3.36363636364,2.84615384615,1.69341284359,0.389027274878,0.193958664547,2.09866904602,0.964253345467,0.518282988871,1.87867287326,0.863174022847,0.470588235294,0.786197569093,0.41766745858,2.25,1.88235294118,0.786197569093,2.25,0.166339869281,0.0612244897959,3,0.00441176470588,0.185952380952,17,17,17,1,0,0.352941176471,0.411764705882,0.235294117647,17,0.128676470588,1.90196078431,4.11764705882,3.18181818182,2.69230769231,1.57648156274,0.382859808093,0.201680672269,2.01465221053,0.978545359402,0.524369747899,1.74894926439,0.849489642704,0.463865546218,0.814492905316,0.428238537847,2.33333333333,1.90196078431,0.814492905316,2.33333333333,0,0,0,0,0.164242424242,17,17,17,1,0,0.352941176471,0.411764705882,0.235294117647,17,38,0.139705882353,1.98764705882,4.47058823529,3.16666666667,2.92307692308,1.66274047354,0.371928790134,0.188854489164,2.04723630062,0.915868871331,0.495356037152,1.98523965067,0.888133527931,0.482972136223,0.792996921587,0.398962641817,2.35,1.98764705882,0.792996921587,2.35,0.162418300654,0.0584415584416,3,0.00441176470588,0.192081529582,17,17,17,1,0,0.294117647059,0.470588235294,0.235294117647,1,0.00367647058824,0.105294117647,0.117647058824,-0.19696969697,0.0769230769231,-0.030672370045,-0.0170984847437,-0.00510417538281,-0.0514327453931,-0.0483844741355,-0.0229269517195,0.106566777414,0.0249595050838,0.0123839009288,0.00679935249481,-0.0187048167638,0.1,0.105294117647,0.00679935249481,0.1,-0.00392156862745,-0.00278293135436,0,0,0.00612914862915,-0.0588235294118,0.0588235294118,0,37,1,0,234,1,0.995744680851,0.00425531914894,0,0.973684210526,1,0.986666666667,0.984652666406,0.995744680851,0.973684210526,3,2,0,0,0,0
3836,WLNM_dir_neg,1,0.5,00:00:00,10,90,27,1987284100,threshold_sweep,0.2,0.666666666667,1,0.8,2,1,0,3,1,0.75,0.25,0,0.666666666667,1,0.8,0.833333333333,0.5,0.666666666667,0.707106781187,0.75,37,35,2,0,37,0,35,0,2,17,37,0.136029411765,1.88235294118,4.35294117647,3.36363636364,2.84615384615,1.69341284359,0.389027274878,0.193958664547,2.09866904602,0.964253345467,0.518282988871,1.87867287326,0.863174022847,0.470588235294,0.786197569093,0.41766745858,2.25,1.88235294118,0.786197569093,2.25,0.166339869281,0.0612244897959,3,0.00441176470588,0.185952380952,17,17,17,1,0,0.352941176471,0.411764705882,0.235294117647,17,0.128676470588,1.90196078431,4.11764705882,3.18181818182,2.69230769231,1.57648156274,0.382859808093,0.201680672269,2.01465221053,0.978545359402,0.524369747899,1.74894926439,0.849489642704,0.463865546218,0.814492905316,0.428238537847,2.33333333333,1.90196078431,0.814492905316,2.33333333333,0,0,0,0,0.164242424242,17,17,17,1,0,0.352941176471,0.411764705882,0.235294117647,17,38,0.139705882353,1.98764705882,4.47058823529,3.16666666667,2.92307692308,1.66274047354,0.371928790134,0.188854489164,2.04723630062,0.915868871331,0.495356037152,1.98523965067,0.888133527931,0.482972136223,0.792996921587,0.398962641817,2.35,1.98764705882,0.792996921587,2.35,0.162418300654,0.0584415584416,3,0.00441176470588,0.192081529582,17,17,17,1,0,0.294117647059,0.470588235294,0.235294117647,1,0.00367647058824,0.105294117647,0.117647058824,-0.19696969697,0.0769230769231,-0.030672370045,-0.0170984847437,-0.00510417538281,-0.0514327453931,-0.0483844741355,-0.0229269517195,0.106566777414,0.0249595050838,0.0123839009288,0.00679935249481,-0.0187048167638,0.1,0.105294117647,0.00679935249481,0.1,-0.00392156862745,-0.00278293135436,0,0,0.00612914862915,-0.0588235294118,0.0588235294118,0,37,1,0,234,1,0.995744680851,0.00425531914894,0,0.973684210526,1,0.986666666667,0.984652666406,0.995744680851,0.973684210526,3,2,0,0,0,0
3837,WLNM_dir_neg,1,0.5,00:00:00,10,90,27,1987284100,threshold_sweep,0.3,0.666666666667,1,0.8,2,1,0,3,1,0.75,0.25,0,0.666666666667,1,0.8,0.833333333333,0.5,0.666666666667,0.707106781187,0.75,37,35,2,0,37,0,35,0,2,17,37,0.136029411765,1.88235294118,4.35294117647,3.36363636364,2.84615384615,1.69341284359,0.389027274878,0.193958664547,2.09866904602,0.964253345467,0.518282988871,1.87867287326,0.863174022847,0.470588235294,0.786197569093,0.41766745858,2.25,1.88235294118,0.786197569093,2.25,0.166339869281,0.0612244897959,3,0.00441176470588,0.185952380952,17,17,17,1,0,0.352941176471,0.411764705882,0.235294117647,17,0.128676470588,1.90196078431,4.11764705882,3.18181818182,2.69230769231,1.57648156274,0.382859808093,0.201680672269,2.01465221053,0.978545359402,0.524369747899,1.74894926439,0.849489642704,0.463865546218,0.814492905316,0.428238537847,2.33333333333,1.90196078431,0.814492905316,2.33333333333,0,0,0,0,0.164242424242,17,17,17,1,0,0.352941176471,0.411764705882,0.235294117647,17,38,0.139705882353,1.98764705882,4.47058823529,3.16666666667,2.92307692308,1.66274047354,0.371928790134,0.188854489164,2.04723630062,0.915868871331,0.495356037152,1.98523965067,0.888133527931,0.482972136223,0.792996921587,0.398962641817,2.35,1.98764705882,0.792996921587,2.35,0.162418300654,0.0584415584416,3,0.00441176470588,0.192081529582,17,17,17,1,0,0.294117647059,0.470588235294,0.235294117647,1,0.00367647058824,0.105294117647,0.117647058824,-0.19696969697,0.0769230769231,-0.030672370045,-0.0170984847437,-0.00510417538281,-0.0514327453931,-0.0483844741355,-0.0229269517195,0.106566777414,0.0249595050838,0.0123839009288,0.00679935249481,-0.0187048167638,0.1,0.105294117647,0.00679935249481,0.1,-0.00392156862745,-0.00278293135436,0,0,0.00612914862915,-0.0588235294118,0.0588235294118,0,37,1,0,234,1,0.995744680851,0.00425531914894,0,0.973684210526,1,0.986666666667,0.984652666406,0.995744680851,0.973684210526,3,2,0,0,0,0
3838,WLNM_dir_neg,1,0.5,00:00:00,10,90,27,1987284100,threshold_sweep,0.4,0.666666666667,1,0.8,2,1,0,3,1,0.75,0.25,0,0.666666666667,1,0.8,0.833333333333,0.5,0.666666666667,0.707106781187,0.75,37,35,2,0,37,0,35,0,2,17,37,0.136029411765,1.88235294118,4.35294117647,3.36363636364,2.84615384615,1.69341284359,0.389027274878,0.193958664547,2.09866904602,0.964253345467,0.518282988871,1.87867287326,0.863174022847,0.470588235294,0.786197569093,0.41766745858,2.25,1.88235294118,0.786197569093,2.25,0.166339869281,0.0612244897959,3,0.00441176470588,0.185952380952,17,17,17,1,0,0.352941176471,0.411764705882,0.235294117647,17,0.128676470588,1.90196078431,4.11764705882,3.18181818182,2.69230769231,1.57648156274,0.382859808093,0.201680672269,2.01465221053,0.978545359402,0.524369747899,1.74894926439,0.849489642704,0.463865546218,0.814492905316,0.428238537847,2.33333333333,1.90196078431,0.814492905316,2.33333333333,0,0,0,0,0.164242424242,17,17,17,1,0,0.352941176471,0.411764705882,0.235294117647,17,38,0.139705882353,1.98764705882,4.47058823529,3.16666666667,2.92307692308,1.66274047354,0.371928790134,0.188854489164,2.04723630062,0.915868871331,0.495356037152,1.98523965067,0.888133527931,0.482972136223,0.792996921587,0.398962641817,2.35,1.98764705882,0.792996921587,2.35,0.162418300654,0.0584415584416,3,0.00441176470588,0.192081529582,17,17,17,1,0,0.294117647059,0.470588235294,0.235294117647,1,0.00367647058824,0.105294117647,0.117647058824,-0.19696969697,0.0769230769231,-0.030672370045,-0.0170984847437,-0.00510417538281,-0.0514327453931,-0.0483844741355,-0.0229269517195,0.106566777414,0.0249595050838,0.0123839009288,0.00679935249481,-0.0187048167638,0.1,0.105294117647,0.00679935249481,0.1,-0.00392156862745,-0.00278293135436,0,0,0.00612914862915,-0.0588235294118,0.0588235294118,0,37,1,0,234,1,0.995744680851,0.00425531914894,0,0.973684210526,1,0.986666666667,0.984652666406,0.995744680851,0.973684210526,3,2,0,0,0,0
3839,WLNM_dir_neg,1,0.5,00:00:00,10,90,27,1987284100,threshold_sweep,0.5,0.666666666667,1,0.8,2,1,0,3,1,0.75,0.25,0,0.666666666667,1,0.8,0.833333333333,0.5,0.666666666667,0.707106781187,0.75,37,35,2,0,37,0,35,0,2,17,37,0.136029411765,1.88235294118,4.35294117647,3.36363636364,2.84615384615,1.69341284359,0.389027274878,0.193958664547,2.09866904602,0.964253345467,0.518282988871,1.87867287326,0.863174022847,0.470588235294,0.786197569093,0.41766745858,2.25,1.88235294118,0.786197569093,2.25,0.166339869281,0.0612244897959,3,0.00441176470588,0.185952380952,17,17,17,1,0,0.352941176471,0.411764705882,0.235294117647,17,0.128676470588,1.90196078431,4.11764705882,3.18181818182,2.69230769231,1.57648156274,0.382859808093,0.201680672269,2.01465221053,0.978545359402,0.524369747899,1.74894926439,0.849489642704,0.463865546218,0.814492905316,0.428238537847,2.33333333333,1.90196078431,0.814492905316,2.33333333333,0,0,0,0,0.164242424242,17,17,17,1,0,0.352941176471,0.411764705882,0.235294117647,17,38,0.139705882353,1.98764705882,4.47058823529,3.16666666667,2.92307692308,1.66274047354,0.371928790134,0.188854489164,2.04723630062,0.915868871331,0.495356037152,1.98523965067,0.888133527931,0.482972136223,0.792996921587,0.398962641817,2.35,1.98764705882,0.792996921587,2.35,0.162418300654,0.0584415584416,3,0.00441176470588,0.192081529582,17,17,17,1,0,0.294117647059,0.470588235294,0.235294117647,1,0.00367647058824,0.105294117647,0.117647058824,-0.19696969697,0.0769230769231,-0.030672370045,-0.0170984847437,-0.00510417538281,-0.0514327453931,-0.0483844741355,-0.0229269517195,0.106566777414,0.0249595050838,0.0123839009288,0.00679935249481,-0.0187048167638,0.1,0.105294117647,0.00679935249481,0.1,-0.00392156862745,-0.00278293135436,0,0,0.00612914862915,-0.0588235294118,0.0588235294118,0,37,1,0,234,1,0.995744680851,0.00425531914894,0,0.973684210526,1,0.986666666667,0.984652666406,0.995744680851,0.973684210526,3,2,0,0,0,0
3840,WLNM_dir_neg,1,0.5,00:00:00,10,90,27,1987284100,threshold_sweep,0.6,0.666666666667,1,0.8,2,1,0,3,1,0.75,0.25,0,0.666666666667,1,0.8,0.833333333333,0.5,0.666666666667,0.707106781187,0.75,37,35,2,0,37,0,35,0,2,17,37,0.136029411765,1.88235294118,4.35294117647,3.36363636364,2.84615384615,1.69341284359,0.389027274878,0.193958664547,2.09866904602,0.964253345467,0.518282988871,1.87867287326,0.863174022847,0.470588235294,0.786197569093,0.41766745858,2.25,1.88235294118,0.786197569093,2.25,0.166339869281,0.0612244897959,3,0.00441176470588,0.185952380952,17,17,17,1,0,0.352941176471,0.411764705882,0.235294117647,17,0.128676470588,1.90196078431,4.11764705882,3.18181818182,2.69230769231,1.57648156274,0.382859808093,0.201680672269,2.01465221053,0.978545359402,0.524369747899,1.74894926439,0.849489642704,0.463865546218,0.814492905316,0.428238537847,2.33333333333,1.90196078431,0.814492905316,2.33333333333,0,0,0,0,0.164242424242,17,17,17,1,0,0.352941176471,0.411764705882,0.235294117647,17,38,0.139705882353,1.98764705882,4.47058823529,3.16666666667,2.92307692308,1.66274047354,0.371928790134,0.188854489164,2.04723630062,0.915868871331,0.495356037152,1.98523965067,0.888133527931,0.482972136223,0.792996921587,0.398962641817,2.35,1.98764705882,0.792996921587,2.35,0.162418300654,0.0584415584416,3,0.00441176470588,0.192081529582,17,17,17,1,0,0.294117647059,0.470588235294,0.235294117647,1,0.00367647058824,0.105294117647,0.117647058824,-0.19696969697,0.0769230769231,-0.030672370045,-0.0170984847437,-0.00510417538281,-0.0514327453931,-0.0483844741355,-0.0229269517195,0.106566777414,0.0249595050838,0.0123839009288,0.00679935249481,-0.0187048167638,0.1,0.105294117647,0.00679935249481,0.1,-0.00392156862745,-0.00278293135436,0,0,0.00612914862915,-0.0588235294118,0.0588235294118,0,37,1,0,234,1,0.995744680851,0.00425531914894,0,0.973684210526,1,0.986666666667,0.984652666406,0.995744680851,0.973684210526,3,2,0,0,0,0
3841,WLNM_dir_neg,1,0.5,00:00:00,10,90,27,1987284100,threshold_sweep,0.7,0.666666666667,1,0.8,2,1,0,3,1,0.75,0.25,0,0.666666666667,1,0.8,0.833333333333,0.5,0.666666666667,0.707106781187,0.75,37,35,2,0,37,0,35,0,2,17,37,0.136029411765,1.88235294118,4.35294117647,3.36363636364,2.84615384615,1.69341284359,0.389027274878,0.193958664547,2.09866904602,0.964253345467,0.518282988871,1.87867287326,0.863174022847,0.470588235294,0.786197569093,0.41766745858,2.25,1.88235294118,0.786197569093,2.25,0.166339869281,0.0612244897959,3,0.00441176470588,0.185952380952,17,17,17,1,0,0.352941176471,0.411764705882,0.235294117647,17,0.128676470588,1.90196078431,4.11764705882,3.18181818182,2.69230769231,1.57648156274,0.382859808093,0.201680672269,2.01465221053,0.978545359402,0.524369747899,1.74894926439,0.849489642704,0.463865546218,0.814492905316,0.428238537847,2.33333333333,1.90196078431,0.814492905316,2.33333333333,0,0,0,0,0.164242424242,17,17,17,1,0,0.352941176471,0.411764705882,0.235294117647,17,38,0.139705882353,1.98764705882,4.47058823529,3.16666666667,2.92307692308,1.66274047354,0.371928790134,0.188854489164,2.04723630062,0.915868871331,0.495356037152,1.98523965067,0.888133527931,0.482972136223,0.792996921587,0.398962641817,2.35,1.98764705882,0.792996921587,2.35,0.162418300654,0.0584415584416,3,0.00441176470588,0.192081529582,17,17,17,1,0,0.294117647059,0.470588235294,0.235294117647,1,0.00367647058824,0.105294117647,0.117647058824,-0.19696969697,0.0769230769231,-0.030672370045,-0.0170984847437,-0.00510417538281,-0.0514327453931,-0.0483844741355,-0.0229269517195,0.106566777414,0.0249595050838,0.0123839009288,0.00679935249481,-0.0187048167638,0.1,0.105294117647,0.00679935249481,0.1,-0.00392156862745,-0.00278293135436,0,0,0.00612914862915,-0.0588235294118,0.0588235294118,0,37,1,0,234,1,0.995744680851,0.00425531914894,0,0.973684210526,1,0.986666666667,0.984652666406,0.995744680851,0.973684210526,3,2,0,0,0,0
3842,WLNM_dir_neg,1,0.5,00:00:00,10,90,27,1987284100,threshold_sweep,0.8,0.666666666667,1,0.8,2,1,0,3,1,0.75,0.25,0,0.666666666667,1,0.8,0.833333333333,0.5,0.666666666667,0.707106781187,0.75,37,35,2,0,37,0,35,0,2,17,37,0.136029411765,1.88235294118,4.35294117647,3.36363636364,2.84615384615,1.69341284359,0.389027274878,0.193958664547,2.09866904602,0.964253345467,0.518282988871,1.87867287326,0.863174022847,0.470588235294,0.786197569093,0.41766745858,2.25,1.88235294118,0.786197569093,2.25,0.166339869281,0.0612244897959,3,0.00441176470588,0.185952380952,17,17,17,1,0,0.352941176471,0.411764705882,0.235294117647,17,0.128676470588,1.90196078431,4.11764705882,3.18181818182,2.69230769231,1.57648156274,0.382859808093,0.201680672269,2.01465221053,0.978545359402,0.524369747899,1.74894926439,0.849489642704,0.463865546218,0.814492905316,0.428238537847,2.33333333333,1.90196078431,0.814492905316,2.33333333333,0,0,0,0,0.164242424242,17,17,17,1,0,0.352941176471,0.411764705882,0.235294117647,17,38,0.139705882353,1.98764705882,4.47058823529,3.16666666667,2.92307692308,1.66274047354,0.371928790134,0.188854489164,2.04723630062,0.915868871331,0.495356037152,1.98523965067,0.888133527931,0.482972136223,0.792996921587,0.398962641817,2.35,1.98764705882,0.792996921587,2.35,0.162418300654,0.0584415584416,3,0.00441176470588,0.192081529582,17,17,17,1,0,0.294117647059,0.470588235294,0.235294117647,1,0.00367647058824,0.105294117647,0.117647058824,-0.19696969697,0.0769230769231,-0.030672370045,-0.0170984847437,-0.00510417538281,-0.0514327453931,-0.0483844741355,-0.0229269517195,0.106566777414,0.0249595050838,0.0123839009288,0.00679935249481,-0.0187048167638,0.1,0.105294117647,0.00679935249481,0.1,-0.00392156862745,-0.00278293135436,0,0,0.00612914862915,-0.0588235294118,0.0588235294118,0,37,1,0,234,1,0.995744680851,0.00425531914894,0,0.973684210526,1,0.986666666667,0.984652666406,0.995744680851,0.973684210526,3,2,0,0,0,0
3843,WLNM_dir_neg,1,0.5,00:00:00,10,90,27,1987284100,threshold_sweep,0.9,0.666666666667,1,0.8,2,1,0,3,1,0.75,0.25,0,0.666666666667,1,0.8,0.833333333333,0.5,0.666666666667,0.707106781187,0.75,37,35,2,0,37,0,35,0,2,17,37,0.136029411765,1.88235294118,4.35294117647,3.36363636364,2.84615384615,1.69341284359,0.389027274878,0.193958664547,2.09866904602,0.964253345467,0.518282988871,1.87867287326,0.863174022847,0.470588235294,0.786197569093,0.41766745858,2.25,1.88235294118,0.786197569093,2.25,0.166339869281,0.0612244897959,3,0.00441176470588,0.185952380952,17,17,17,1,0,0.352941176471,0.411764705882,0.235294117647,17,0.128676470588,1.90196078431,4.11764705882,3.18181818182,2.69230769231,1.57648156274,0.382859808093,0.201680672269,2.01465221053,0.978545359402,0.524369747899,1.74894926439,0.849489642704,0.463865546218,0.814492905316,0.428238537847,2.33333333333,1.90196078431,0.814492905316,2.33333333333,0,0,0,0,0.164242424242,17,17,17,1,0,0.352941176471,0.411764705882,0.235294117647,17,38,0.139705882353,1.98764705882,4.47058823529,3.16666666667,2.92307692308,1.66274047354,0.371928790134,0.188854489164,2.04723630062,0.915868871331,0.495356037152,1.98523965067,0.888133527931,0.482972136223,0.792996921587,0.398962641817,2.35,1.98764705882,0.792996921587,2.35,0.162418300654,0.0584415584416,3,0.00441176470588,0.192081529582,17,17,17,1,0,0.294117647059,0.470588235294,0.235294117647,1,0.00367647058824,0.105294117647,0.117647058824,-0.19696969697,0.0769230769231,-0.030672370045,-0.0170984847437,-0.00510417538281,-0.0514327453931,-0.0483844741355,-0.0229269517195,0.106566777414,0.0249595050838,0.0123839009288,0.00679935249481,-0.0187048167638,0.1,0.105294117647,0.00679935249481,0.1,-0.00392156862745,-0.00278293135436,0,0,0.00612914862915,-0.0588235294118,0.0588235294118,0,37,1,0,234,1,0.995744680851,0.00425531914894,0,0.973684210526,1,0.986666666667,0.984652666406,0.995744680851,0.973684210526,3,2,0,0,0,0
3844,WLNM_dir_neg,1,0.5,00:00:00,10,90,28,1987284101,threshold_sweep,0.1,0.666666666667,1,0.8,2,1,0,3,1,0.75,0.25,0,0.666666666667,1,0.8,0.833333333333,0.5,0.666666666667,0.707106781187,0.75,37,35,2,0,37,0,35,0,2,17,37,0.136029411765,1.88235294118,4.35294117647,3.36363636364,2.84615384615,1.69341284359,0.389027274878,0.193958664547,2.09866904602,0.964253345467,0.518282988871,1.87867287326,0.863174022847,0.470588235294,0.786197569093,0.41766745858,2.25,1.88235294118,0.786197569093,2.25,0.166339869281,0.0612244897959,3,0.00441176470588,0.185952380952,17,17,17,1,0,0.352941176471,0.411764705882,0.235294117647,17,0.128676470588,1.90196078431,4.11764705882,3.18181818182,2.69230769231,1.57648156274,0.382859808093,0.201680672269,2.01465221053,0.978545359402,0.524369747899,1.74894926439,0.849489642704,0.463865546218,0.814492905316,0.428238537847,2.33333333333,1.90196078431,0.814492905316,2.33333333333,0,0,0,0,0.164242424242,17,17,17,1,0,0.352941176471,0.411764705882,0.235294117647,17,38,0.139705882353,1.98764705882,4.47058823529,3.16666666667,2.92307692308,1.66274047354,0.371928790134,0.188854489164,2.04723630062,0.915868871331,0.495356037152,1.98523965067,0.888133527931,0.482972136223,0.792996921587,0.398962641817,2.35,1.98764705882,0.792996921587,2.35,0.22091503268,0.0974025974026,5,0.00735294117647,0.176677489177,17,17,17,1,0,0.294117647059,0.470588235294,0.235294117647,1,0.00367647058824,0.105294117647,0.117647058824,-0.19696969697,0.0769230769231,-0.030672370045,-0.0170984847437,-0.00510417538281,-0.0514327453931,-0.0483844741355,-0.0229269517195,0.106566777414,0.0249595050838,0.0123839009288,0.00679935249481,-0.0187048167638,0.1,0.105294117647,0.00679935249481,0.1,0.0545751633987,0.0361781076067,2,0.00294117647059,-0.00927489177489,-0.0588235294118,0.0588235294118,0,37,1,0,234,1,0.995744680851,0.00425531914894,0,0.973684210526,1,0.986666666667,0.984652666406,0.995744680851,0.973684210526,3,2,0,0,0,0
3845,WLNM_dir_neg,1,0.5,00:00:00,10,90,28,1987284101,threshold_sweep,0.2,0.666666666667,1,0.8,2,1,0,3,1,0.75,0.25,0,0.666666666667,1,0.8,0.833333333333,0.5,0.666666666667,0.707106781187,0.75,37,35,2,0,37,0,35,0,2,17,37,0.136029411765,1.88235294118,4.35294117647,3.36363636364,2.84615384615,1.69341284359,0.389027274878,0.193958664547,2.09866904602,0.964253345467,0.518282988871,1.87867287326,0.863174022847,0.470588235294,0.786197569093,0.41766745858,2.25,1.88235294118,0.786197569093,2.25,0.166339869281,0.0612244897959,3,0.00441176470588,0.185952380952,17,17,17,1,0,0.352941176471,0.411764705882,0.235294117647,17,0.128676470588,1.90196078431,4.11764705882,3.18181818182,2.69230769231,1.57648156274,0.382859808093,0.201680672269,2.01465221053,0.978545359402,0.524369747899,1.74894926439,0.849489642704,0.463865546218,0.814492905316,0.428238537847,2.33333333333,1.90196078431,0.814492905316,2.33333333333,0,0,0,0,0.164242424242,17,17,17,1,0,0.352941176471,0.411764705882,0.235294117647,17,38,0.139705882353,1.98764705882,4.47058823529,3.16666666667,2.92307692308,1.66274047354,0.371928790134,0.188854489164,2.04723630062,0.915868871331,0.495356037152,1.98523965067,0.888133527931,0.482972136223,0.792996921587,0.398962641817,2.35,1.98764705882,0.792996921587,2.35,0.22091503268,0.0974025974026,5,0.00735294117647,0.176677489177,17,17,17,1,0,0.294117647059,0.470588235294,0.235294117647,1,0.00367647058824,0.105294117647,0.117647058824,-0.19696969697,0.0769230769231,-0.030672370045,-0.0170984847437,-0.00510417538281,-0.0514327453931,-0.0483844741355,-0.0229269517195,0.106566777414,0.0249595050838,0.0123839009288,0.00679935249481,-0.0187048167638,0.1,0.105294117647,0.00679935249481,0.1,0.0545751633987,0.0361781076067,2,0.00294117647059,-0.00927489177489,-0.0588235294118,0.0588235294118,0,37,1,0,234,1,0.995744680851,0.00425531914894,0,0.973684210526,1,0.986666666667,0.984652666406,0.995744680851,0.973684210526,3,2,0,0,0,0
3846,WLNM_dir_neg,1,0.5,00:00:00,10,90,28,1987284101,threshold_sweep,0.3,0.666666666667,1,0.8,2,1,0,3,1,0.75,0.25,0,0.666666666667,1,0.8,0.833333333333,0.5,0.666666666667,0.707106781187,0.75,37,35,2,0,37,0,35,0,2,17,37,0.136029411765,1.88235294118,4.35294117647,3.36363636364,2.84615384615,1.69341284359,0.389027274878,0.193958664547,2.09866904602,0.964253345467,0.518282988871,1.87867287326,0.863174022847,0.470588235294,0.786197569093,0.41766745858,2.25,1.88235294118,0.786197569093,2.25,0.166339869281,0.0612244897959,3,0.00441176470588,0.185952380952,17,17,17,1,0,0.352941176471,0.411764705882,0.235294117647,17,0.128676470588,1.90196078431,4.11764705882,3.18181818182,2.69230769231,1.57648156274,0.382859808093,0.201680672269,2.01465221053,0.978545359402,0.524369747899,1.74894926439,0.849489642704,0.463865546218,0.814492905316,0.428238537847,2.33333333333,1.90196078431,0.814492905316,2.33333333333,0,0,0,0,0.164242424242,17,17,17,1,0,0.352941176471,0.411764705882,0.235294117647,17,38,0.139705882353,1.98764705882,4.47058823529,3.16666666667,2.92307692308,1.66274047354,0.371928790134,0.188854489164,2.04723630062,0.915868871331,0.495356037152,1.98523965067,0.888133527931,0.482972136223,0.792996921587,0.398962641817,2.35,1.98764705882,0.792996921587,2.35,0.22091503268,0.0974025974026,5,0.00735294117647,0.176677489177,17,17,17,1,0,0.294117647059,0.470588235294,0.235294117647,1,0.00367647058824,0.105294117647,0.117647058824,-0.19696969697,0.0769230769231,-0.030672370045,-0.0170984847437,-0.00510417538281,-0.0514327453931,-0.0483844741355,-0.0229269517195,0.106566777414,0.0249595050838,0.0123839009288,0.00679935249481,-0.0187048167638,0.1,0.105294117647,0.00679935249481,0.1,0.0545751633987,0.0361781076067,2,0.00294117647059,-0.00927489177489,-0.0588235294118,0.0588235294118,0,37,1,0,234,1,0.995744680851,0.00425531914894,0,0.973684210526,1,0.986666666667,0.984652666406,0.995744680851,0.973684210526,3,2,0,0,0,0
3847,WLNM_dir_neg,1,0.5,00:00:00,10,90,28,1987284101,threshold_sweep,0.4,0.666666666667,1,0.8,2,1,0,3,1,0.75,0.25,0,0.666666666667,1,0.8,0.833333333333,0.5,0.666666666667,0.707106781187,0.75,37,35,2,0,37,0,35,0,2,17,37,0.136029411765,1.88235294118,4.35294117647,3.36363636364,2.84615384615,1.69341284359,0.389027274878,0.193958664547,2.09866904602,0.964253345467,0.518282988871,1.87867287326,0.863174022847,0.470588235294,0.786197569093,0.41766745858,2.25,1.88235294118,0.786197569093,2.25,0.166339869281,0.0612244897959,3,0.00441176470588,0.185952380952,17,17,17,1,0,0.352941176471,0.411764705882,0.235294117647,17,0.128676470588,1.90196078431,4.11764705882,3.18181818182,2.69230769231,1.57648156274,0.382859808093,0.201680672269,2.01465221053,0.978545359402,0.524369747899,1.74894926439,0.849489642704,0.463865546218,0.814492905316,0.428238537847,2.33333333333,1.90196078431,0.814492905316,2.33333333333,0,0,0,0,0.164242424242,17,17,17,1,0,0.352941176471,0.411764705882,0.235294117647,17,38,0.139705882353,1.98764705882,4.47058823529,3.16666666667,2.92307692308,1.66274047354,0.371928790134,0.188854489164,2.04723630062,0.915868871331,0.495356037152,1.98523965067,0.888133527931,0.482972136223,0.792996921587,0.398962641817,2.35,1.98764705882,0.792996921587,2.35,0.22091503268,0.0974025974026,5,0.00735294117647,0.176677489177,17,17,17,1,0,0.294117647059,0.470588235294,0.235294117647,1,0.00367647058824,0.105294117647,0.117647058824,-0.19696969697,0.0769230769231,-0.030672370045,-0.0170984847437,-0.00510417538281,-0.0514327453931,-0.0483844741355,-0.0229269517195,0.106566777414,0.0249595050838,0.0123839009288,0.00679935249481,-0.0187048167638,0.1,0.105294117647,0.00679935249481,0.1,0.0545751633987,0.0361781076067,2,0.00294117647059,-0.00927489177489,-0.0588235294118,0.0588235294118,0,37,1,0,234,1,0.995744680851,0.00425531914894,0,0.973684210526,1,0.986666666667,0.984652666406,0.995744680851,0.973684210526,3,2,0,0,0,0
3848,WLNM_dir_neg,1,0.5,00:00:00,10,90,28,1987284101,threshold_sweep,0.5,0.666666666667,1,0.8,2,1,0,3,1,0.75,0.25,0,0.666666666667,1,0.8,0.833333333333,0.5,0.666666666667,0.707106781187,0.75,37,35,2,0,37,0,35,0,2,17,37,0.136029411765,1.88235294118,4.35294117647,3.36363636364,2.84615384615,1.69341284359,0.389027274878,0.193958664547,2.09866904602,0.964253345467,0.518282988871,1.87867287326,0.863174022847,0.470588235294,0.786197569093,0.41766745858,2.25,1.88235294118,0.786197569093,2.25,0.166339869281,0.0612244897959,3,0.00441176470588,0.185952380952,17,17,17,1,0,0.352941176471,0.411764705882,0.235294117647,17,0.128676470588,1.90196078431,4.11764705882,3.18181818182,2.69230769231,1.57648156274,0.382859808093,0.201680672269,2.01465221053,0.978545359402,0.524369747899,1.74894926439,0.849489642704,0.463865546218,0.814492905316,0.428238537847,2.33333333333,1.90196078431,0.814492905316,2.33333333333,0,0,0,0,0.164242424242,17,17,17,1,0,0.352941176471,0.411764705882,0.235294117647,17,38,0.139705882353,1.98764705882,4.47058823529,3.16666666667,2.92307692308,1.66274047354,0.371928790134,0.188854489164,2.04723630062,0.915868871331,0.495356037152,1.98523965067,0.888133527931,0.482972136223,0.792996921587,0.398962641817,2.35,1.98764705882,0.792996921587,2.35,0.22091503268,0.0974025974026,5,0.00735294117647,0.176677489177,17,17,17,1,0,0.294117647059,0.470588235294,0.235294117647,1,0.00367647058824,0.105294117647,0.117647058824,-0.19696969697,0.0769230769231,-0.030672370045,-0.0170984847437,-0.00510417538281,-0.0514327453931,-0.0483844741355,-0.0229269517195,0.106566777414,0.0249595050838,0.0123839009288,0.00679935249481,-0.0187048167638,0.1,0.105294117647,0.00679935249481,0.1,0.0545751633987,0.0361781076067,2,0.00294117647059,-0.00927489177489,-0.0588235294118,0.0588235294118,0,37,1,0,234,1,0.995744680851,0.00425531914894,0,0.973684210526,1,0.986666666667,0.984652666406,0.995744680851,0.973684210526,3,2,0,0,0,0
3849,WLNM_dir_neg,1,0.5,00:00:00,10,90,28,1987284101,threshold_sweep,0.6,0.666666666667,1,0.8,2,1,0,3,1,0.75,0.25,0,0.666666666667,1,0.8,0.833333333333,0.5,0.666666666667,0.707106781187,0.75,37,35,2,0,37,0,35,0,2,17,37,0.136029411765,1.88235294118,4.35294117647,3.36363636364,2.84615384615,1.69341284359,0.389027274878,0.193958664547,2.09866904602,0.964253345467,0.518282988871,1.87867287326,0.863174022847,0.470588235294,0.786197569093,0.41766745858,2.25,1.88235294118,0.786197569093,2.25,0.166339869281,0.0612244897959,3,0.00441176470588,0.185952380952,17,17,17,1,0,0.352941176471,0.411764705882,0.235294117647,17,0.128676470588,1.90196078431,4.11764705882,3.18181818182,2.69230769231,1.57648156274,0.382859808093,0.201680672269,2.01465221053,0.978545359402,0.524369747899,1.74894926439,0.849489642704,0.463865546218,0.814492905316,0.428238537847,2.33333333333,1.90196078431,0.814492905316,2.33333333333,0,0,0,0,0.164242424242,17,17,17,1,0,0.352941176471,0.411764705882,0.235294117647,17,38,0.139705882353,1.98764705882,4.47058823529,3.16666666667,2.92307692308,1.66274047354,0.371928790134,0.188854489164,2.04723630062,0.915868871331,0.495356037152,1.98523965067,0.888133527931,0.482972136223,0.792996921587,0.398962641817,2.35,1.98764705882,0.792996921587,2.35,0.22091503268,0.0974025974026,5,0.00735294117647,0.176677489177,17,17,17,1,0,0.294117647059,0.470588235294,0.235294117647,1,0.00367647058824,0.105294117647,0.117647058824,-0.19696969697,0.0769230769231,-0.030672370045,-0.0170984847437,-0.00510417538281,-0.0514327453931,-0.0483844741355,-0.0229269517195,0.106566777414,0.0249595050838,0.0123839009288,0.00679935249481,-0.0187048167638,0.1,0.105294117647,0.00679935249481,0.1,0.0545751633987,0.0361781076067,2,0.00294117647059,-0.00927489177489,-0.0588235294118,0.0588235294118,0,37,1,0,234,1,0.995744680851,0.00425531914894,0,0.973684210526,1,0.986666666667,0.984652666406,0.995744680851,0.973684210526,3,2,0,0,0,0
3850,WLNM_dir_neg,1,0.5,00:00:00,10,90,28,1987284101,threshold_sweep,0.7,1,1,1,2,0,0,4,1,1,0,0,1,1,1,1,0.555555555556,1,1,1,37,35,2,0,37,0,35,0,2,17,37,0.136029411765,1.88235294118,4.35294117647,3.36363636364,2.84615384615,1.69341284359,0.389027274878,0.193958664547,2.09866904602,0.964253345467,0.518282988871,1.87867287326,0.863174022847,0.470588235294,0.786197569093,0.41766745858,2.25,1.88235294118,0.786197569093,2.25,0.166339869281,0.0612244897959,3,0.00441176470588,0.185952380952,17,17,17,1,0,0.352941176471,0.411764705882,0.235294117647,17,0.128676470588,1.90196078431,4.11764705882,3.18181818182,2.69230769231,1.57648156274,0.382859808093,0.201680672269,2.01465221053,0.978545359402,0.524369747899,1.74894926439,0.849489642704,0.463865546218,0.814492905316,0.428238537847,2.33333333333,1.90196078431,0.814492905316,2.33333333333,0,0,0,0,0.164242424242,17,17,17,1,0,0.352941176471,0.411764705882,0.235294117647,17,37,0.136029411765,1.88235294118,4.35294117647,3.36363636364,2.84615384615,1.69341284359,0.389027274878,0.193958664547,2.09866904602,0.964253345467,0.518282988871,1.87867287326,0.863174022847,0.470588235294,0.786197569093,0.41766745858,2.25,1.88235294118,0.786197569093,2.25,0.166339869281,0.0612244897959,3,0.00441176470588,0.185952380952,17,17,17,1,0,0.352941176471,0.411764705882,0.235294117647,0,0,0,0,0,0,0,0,0,0,0,0,0,0,0,0,0,0,0,0,0,0,0,0,0,0,0,0,0,37,0,0,235,1,1,0,0,1,1,1,1,1,1,2,2,0,0,0,0
3851,WLNM_dir_neg,1,0.5,00:00:00,10,90,28,1987284101,threshold_sweep,0.8,1,1,1,2,0,0,4,1,1,0,0,1,1,1,1,0.555555555556,1,1,1,37,35,2,0,37,0,35,0,2,17,37,0.136029411765,1.88235294118,4.35294117647,3.36363636364,2.84615384615,1.69341284359,0.389027274878,0.193958664547,2.09866904602,0.964253345467,0.518282988871,1.87867287326,0.863174022847,0.470588235294,0.786197569093,0.41766745858,2.25,1.88235294118,0.786197569093,2.25,0.166339869281,0.0612244897959,3,0.00441176470588,0.185952380952,17,17,17,1,0,0.352941176471,0.411764705882,0.235294117647,17,0.128676470588,1.90196078431,4.11764705882,3.18181818182,2.69230769231,1.57648156274,0.382859808093,0.201680672269,2.01465221053,0.978545359402,0.524369747899,1.74894926439,0.849489642704,0.463865546218,0.814492905316,0.428238537847,2.33333333333,1.90196078431,0.814492905316,2.33333333333,0,0,0,0,0.164242424242,17,17,17,1,0,0.352941176471,0.411764705882,0.235294117647,17,37,0.136029411765,1.88235294118,4.35294117647,3.36363636364,2.84615384615,1.69341284359,0.389027274878,0.193958664547,2.09866904602,0.964253345467,0.518282988871,1.87867287326,0.863174022847,0.470588235294,0.786197569093,0.41766745858,2.25,1.88235294118,0.786197569093,2.25,0.166339869281,0.0612244897959,3,0.00441176470588,0.185952380952,17,17,17,1,0,0.352941176471,0.411764705882,0.235294117647,0,0,0,0,0,0,0,0,0,0,0,0,0,0,0,0,0,0,0,0,0,0,0,0,0,0,0,0,0,37,0,0,235,1,1,0,0,1,1,1,1,1,1,2,2,0,0,0,0
3852,WLNM_dir_neg,1,0.5,00:00:00,10,90,28,1987284101,threshold_sweep,0.9,1,1,1,2,0,0,4,1,1,0,0,1,1,1,1,0.555555555556,1,1,1,37,35,2,0,37,0,35,0,2,17,37,0.136029411765,1.88235294118,4.35294117647,3.36363636364,2.84615384615,1.69341284359,0.389027274878,0.193958664547,2.09866904602,0.964253345467,0.518282988871,1.87867287326,0.863174022847,0.470588235294,0.786197569093,0.41766745858,2.25,1.88235294118,0.786197569093,2.25,0.166339869281,0.0612244897959,3,0.00441176470588,0.185952380952,17,17,17,1,0,0.352941176471,0.411764705882,0.235294117647,17,0.128676470588,1.90196078431,4.11764705882,3.18181818182,2.69230769231,1.57648156274,0.382859808093,0.201680672269,2.01465221053,0.978545359402,0.524369747899,1.74894926439,0.849489642704,0.463865546218,0.814492905316,0.428238537847,2.33333333333,1.90196078431,0.814492905316,2.33333333333,0,0,0,0,0.164242424242,17,17,17,1,0,0.352941176471,0.411764705882,0.235294117647,17,37,0.136029411765,1.88235294118,4.35294117647,3.36363636364,2.84615384615,1.69341284359,0.389027274878,0.193958664547,2.09866904602,0.964253345467,0.518282988871,1.87867287326,0.863174022847,0.470588235294,0.786197569093,0.41766745858,2.25,1.88235294118,0.786197569093,2.25,0.166339869281,0.0612244897959,3,0.00441176470588,0.185952380952,17,17,17,1,0,0.352941176471,0.411764705882,0.235294117647,0,0,0,0,0,0,0,0,0,0,0,0,0,0,0,0,0,0,0,0,0,0,0,0,0,0,0,0,0,37,0,0,235,1,1,0,0,1,1,1,1,1,1,2,2,0,0,0,0
3853,WLNM_dir_neg,1,0.5,00:00:00,10,90,29,1987284102,threshold_sweep,0.1,0.666666666667,1,0.8,2,1,0,3,1,0.75,0.25,0,0.666666666667,1,0.8,0.833333333333,0.5,0.666666666667,0.707106781187,0.75,37,35,2,0,37,0,35,0,2,17,37,0.136029411765,1.88235294118,4.35294117647,3.36363636364,2.84615384615,1.69341284359,0.389027274878,0.193958664547,2.09866904602,0.964253345467,0.518282988871,1.87867287326,0.863174022847,0.470588235294,0.786197569093,0.41766745858,2.25,1.88235294118,0.786197569093,2.25,0.166339869281,0.0612244897959,3,0.00441176470588,0.185952380952,17,17,17,1,0,0.352941176471,0.411764705882,0.235294117647,17,0.128676470588,1.90196078431,4.11764705882,3.18181818182,2.69230769231,1.57648156274,0.382859808093,0.201680672269,2.01465221053,0.978545359402,0.524369747899,1.74894926439,0.849489642704,0.463865546218,0.814492905316,0.428238537847,2.33333333333,1.90196078431,0.814492905316,2.33333333333,0,0,0,0,0.164242424242,17,17,17,1,0,0.352941176471,0.411764705882,0.235294117647,17,38,0.139705882353,1.9,4.47058823529,3.45454545455,2.71428571429,1.73629084037,0.388380845872,0.198142414861,2.1368613597,0.955964292498,0.510835913313,1.82103719638,0.814674535221,0.442724458204,0.795298686029,0.418578255805,2.25,1.9,0.795298686029,2.25,0.217320261438,0.115384615385,6,0.00882352941176,0.17867965368,17,17,17,1,0,0.352941176471,0.470588235294,0.176470588235,1,0.00367647058824,0.0176470588235,0.117647058824,0.0909090909091,-0.131868131868,0.0428779967836,-0.000646429005719,0.00418375031378,0.0381923136861,-0.00828905296849,-0.00744707555853,-0.0576356768785,-0.0484994876259,-0.0278637770898,0.00910111693678,0.000910797224492,0,0.0176470588235,0.00910111693678,0,0.0509803921569,0.0541601255887,3,0.00441176470588,-0.00727272727273,0,0.0588235294118,-0.0588235294118,37,1,0,234,1,0.995744680851,0.00425531914894,0,0.973684210526,1,0.986666666667,0.984652666406,0.995744680851,0.973684210526,3,2,0,0,0,0
3854,WLNM_dir_neg,1,0.5,00:00:00,10,90,29,1987284102,threshold_sweep,0.2,0.666666666667,1,0.8,2,1,0,3,1,0.75,0.25,0,0.666666666667,1,0.8,0.833333333333,0.5,0.666666666667,0.707106781187,0.75,37,35,2,0,37,0,35,0,2,17,37,0.136029411765,1.88235294118,4.35294117647,3.36363636364,2.84615384615,1.69341284359,0.389027274878,0.193958664547,2.09866904602,0.964253345467,0.518282988871,1.87867287326,0.863174022847,0.470588235294,0.786197569093,0.41766745858,2.25,1.88235294118,0.786197569093,2.25,0.166339869281,0.0612244897959,3,0.00441176470588,0.185952380952,17,17,17,1,0,0.352941176471,0.411764705882,0.235294117647,17,0.128676470588,1.90196078431,4.11764705882,3.18181818182,2.69230769231,1.57648156274,0.382859808093,0.201680672269,2.01465221053,0.978545359402,0.524369747899,1.74894926439,0.849489642704,0.463865546218,0.814492905316,0.428238537847,2.33333333333,1.90196078431,0.814492905316,2.33333333333,0,0,0,0,0.164242424242,17,17,17,1,0,0.352941176471,0.411764705882,0.235294117647,17,38,0.139705882353,1.9,4.47058823529,3.45454545455,2.71428571429,1.73629084037,0.388380845872,0.198142414861,2.1368613597,0.955964292498,0.510835913313,1.82103719638,0.814674535221,0.442724458204,0.795298686029,0.418578255805,2.25,1.9,0.795298686029,2.25,0.217320261438,0.115384615385,6,0.00882352941176,0.17867965368,17,17,17,1,0,0.352941176471,0.470588235294,0.176470588235,1,0.00367647058824,0.0176470588235,0.117647058824,0.0909090909091,-0.131868131868,0.0428779967836,-0.000646429005719,0.00418375031378,0.0381923136861,-0.00828905296849,-0.00744707555853,-0.0576356768785,-0.0484994876259,-0.0278637770898,0.00910111693678,0.000910797224492,0,0.0176470588235,0.00910111693678,0,0.0509803921569,0.0541601255887,3,0.00441176470588,-0.00727272727273,0,0.0588235294118,-0.0588235294118,37,1,0,234,1,0.995744680851,0.00425531914894,0,0.973684210526,1,0.986666666667,0.984652666406,0.995744680851,0.973684210526,3,2,0,0,0,0
3855,WLNM_dir_neg,1,0.5,00:00:00,10,90,29,1987284102,threshold_sweep,0.3,0.666666666667,1,0.8,2,1,0,3,1,0.75,0.25,0,0.666666666667,1,0.8,0.833333333333,0.5,0.666666666667,0.707106781187,0.75,37,35,2,0,37,0,35,0,2,17,37,0.136029411765,1.88235294118,4.35294117647,3.36363636364,2.84615384615,1.69341284359,0.389027274878,0.193958664547,2.09866904602,0.964253345467,0.518282988871,1.87867287326,0.863174022847,0.470588235294,0.786197569093,0.41766745858,2.25,1.88235294118,0.786197569093,2.25,0.166339869281,0.0612244897959,3,0.00441176470588,0.185952380952,17,17,17,1,0,0.352941176471,0.411764705882,0.235294117647,17,0.128676470588,1.90196078431,4.11764705882,3.18181818182,2.69230769231,1.57648156274,0.382859808093,0.201680672269,2.01465221053,0.978545359402,0.524369747899,1.74894926439,0.849489642704,0.463865546218,0.814492905316,0.428238537847,2.33333333333,1.90196078431,0.814492905316,2.33333333333,0,0,0,0,0.164242424242,17,17,17,1,0,0.352941176471,0.411764705882,0.235294117647,17,38,0.139705882353,1.9,4.47058823529,3.45454545455,2.71428571429,1.73629084037,0.388380845872,0.198142414861,2.1368613597,0.955964292498,0.510835913313,1.82103719638,0.814674535221,0.442724458204,0.795298686029,0.418578255805,2.25,1.9,0.795298686029,2.25,0.217320261438,0.115384615385,6,0.00882352941176,0.17867965368,17,17,17,1,0,0.352941176471,0.470588235294,0.176470588235,1,0.00367647058824,0.0176470588235,0.117647058824,0.0909090909091,-0.131868131868,0.0428779967836,-0.000646429005719,0.00418375031378,0.0381923136861,-0.00828905296849,-0.00744707555853,-0.0576356768785,-0.0484994876259,-0.0278637770898,0.00910111693678,0.000910797224492,0,0.0176470588235,0.00910111693678,0,0.0509803921569,0.0541601255887,3,0.00441176470588,-0.00727272727273,0,0.0588235294118,-0.0588235294118,37,1,0,234,1,0.995744680851,0.00425531914894,0,0.973684210526,1,0.986666666667,0.984652666406,0.995744680851,0.973684210526,3,2,0,0,0,0
3856,WLNM_dir_neg,1,0.5,00:00:00,10,90,29,1987284102,threshold_sweep,0.4,0.666666666667,1,0.8,2,1,0,3,1,0.75,0.25,0,0.666666666667,1,0.8,0.833333333333,0.5,0.666666666667,0.707106781187,0.75,37,35,2,0,37,0,35,0,2,17,37,0.136029411765,1.88235294118,4.35294117647,3.36363636364,2.84615384615,1.69341284359,0.389027274878,0.193958664547,2.09866904602,0.964253345467,0.518282988871,1.87867287326,0.863174022847,0.470588235294,0.786197569093,0.41766745858,2.25,1.88235294118,0.786197569093,2.25,0.166339869281,0.0612244897959,3,0.00441176470588,0.185952380952,17,17,17,1,0,0.352941176471,0.411764705882,0.235294117647,17,0.128676470588,1.90196078431,4.11764705882,3.18181818182,2.69230769231,1.57648156274,0.382859808093,0.201680672269,2.01465221053,0.978545359402,0.524369747899,1.74894926439,0.849489642704,0.463865546218,0.814492905316,0.428238537847,2.33333333333,1.90196078431,0.814492905316,2.33333333333,0,0,0,0,0.164242424242,17,17,17,1,0,0.352941176471,0.411764705882,0.235294117647,17,38,0.139705882353,1.9,4.47058823529,3.45454545455,2.71428571429,1.73629084037,0.388380845872,0.198142414861,2.1368613597,0.955964292498,0.510835913313,1.82103719638,0.814674535221,0.442724458204,0.795298686029,0.418578255805,2.25,1.9,0.795298686029,2.25,0.217320261438,0.115384615385,6,0.00882352941176,0.17867965368,17,17,17,1,0,0.352941176471,0.470588235294,0.176470588235,1,0.00367647058824,0.0176470588235,0.117647058824,0.0909090909091,-0.131868131868,0.0428779967836,-0.000646429005719,0.00418375031378,0.0381923136861,-0.00828905296849,-0.00744707555853,-0.0576356768785,-0.0484994876259,-0.0278637770898,0.00910111693678,0.000910797224492,0,0.0176470588235,0.00910111693678,0,0.0509803921569,0.0541601255887,3,0.00441176470588,-0.00727272727273,0,0.0588235294118,-0.0588235294118,37,1,0,234,1,0.995744680851,0.00425531914894,0,0.973684210526,1,0.986666666667,0.984652666406,0.995744680851,0.973684210526,3,2,0,0,0,0
3857,WLNM_dir_neg,1,0.5,00:00:00,10,90,29,1987284102,threshold_sweep,0.5,0.666666666667,1,0.8,2,1,0,3,1,0.75,0.25,0,0.666666666667,1,0.8,0.833333333333,0.5,0.666666666667,0.707106781187,0.75,37,35,2,0,37,0,35,0,2,17,37,0.136029411765,1.88235294118,4.35294117647,3.36363636364,2.84615384615,1.69341284359,0.389027274878,0.193958664547,2.09866904602,0.964253345467,0.518282988871,1.87867287326,0.863174022847,0.470588235294,0.786197569093,0.41766745858,2.25,1.88235294118,0.786197569093,2.25,0.166339869281,0.0612244897959,3,0.00441176470588,0.185952380952,17,17,17,1,0,0.352941176471,0.411764705882,0.235294117647,17,0.128676470588,1.90196078431,4.11764705882,3.18181818182,2.69230769231,1.57648156274,0.382859808093,0.201680672269,2.01465221053,0.978545359402,0.524369747899,1.74894926439,0.849489642704,0.463865546218,0.814492905316,0.428238537847,2.33333333333,1.90196078431,0.814492905316,2.33333333333,0,0,0,0,0.164242424242,17,17,17,1,0,0.352941176471,0.411764705882,0.235294117647,17,38,0.139705882353,1.9,4.47058823529,3.45454545455,2.71428571429,1.73629084037,0.388380845872,0.198142414861,2.1368613597,0.955964292498,0.510835913313,1.82103719638,0.814674535221,0.442724458204,0.795298686029,0.418578255805,2.25,1.9,0.795298686029,2.25,0.217320261438,0.115384615385,6,0.00882352941176,0.17867965368,17,17,17,1,0,0.352941176471,0.470588235294,0.176470588235,1,0.00367647058824,0.0176470588235,0.117647058824,0.0909090909091,-0.131868131868,0.0428779967836,-0.000646429005719,0.00418375031378,0.0381923136861,-0.00828905296849,-0.00744707555853,-0.0576356768785,-0.0484994876259,-0.0278637770898,0.00910111693678,0.000910797224492,0,0.0176470588235,0.00910111693678,0,0.0509803921569,0.0541601255887,3,0.00441176470588,-0.00727272727273,0,0.0588235294118,-0.0588235294118,37,1,0,234,1,0.995744680851,0.00425531914894,0,0.973684210526,1,0.986666666667,0.984652666406,0.995744680851,0.973684210526,3,2,0,0,0,0
3858,WLNM_dir_neg,1,0.5,00:00:00,10,90,29,1987284102,threshold_sweep,0.6,0.666666666667,1,0.8,2,1,0,3,1,0.75,0.25,0,0.666666666667,1,0.8,0.833333333333,0.5,0.666666666667,0.707106781187,0.75,37,35,2,0,37,0,35,0,2,17,37,0.136029411765,1.88235294118,4.35294117647,3.36363636364,2.84615384615,1.69341284359,0.389027274878,0.193958664547,2.09866904602,0.964253345467,0.518282988871,1.87867287326,0.863174022847,0.470588235294,0.786197569093,0.41766745858,2.25,1.88235294118,0.786197569093,2.25,0.166339869281,0.0612244897959,3,0.00441176470588,0.185952380952,17,17,17,1,0,0.352941176471,0.411764705882,0.235294117647,17,0.128676470588,1.90196078431,4.11764705882,3.18181818182,2.69230769231,1.57648156274,0.382859808093,0.201680672269,2.01465221053,0.978545359402,0.524369747899,1.74894926439,0.849489642704,0.463865546218,0.814492905316,0.428238537847,2.33333333333,1.90196078431,0.814492905316,2.33333333333,0,0,0,0,0.164242424242,17,17,17,1,0,0.352941176471,0.411764705882,0.235294117647,17,38,0.139705882353,1.9,4.47058823529,3.45454545455,2.71428571429,1.73629084037,0.388380845872,0.198142414861,2.1368613597,0.955964292498,0.510835913313,1.82103719638,0.814674535221,0.442724458204,0.795298686029,0.418578255805,2.25,1.9,0.795298686029,2.25,0.217320261438,0.115384615385,6,0.00882352941176,0.17867965368,17,17,17,1,0,0.352941176471,0.470588235294,0.176470588235,1,0.00367647058824,0.0176470588235,0.117647058824,0.0909090909091,-0.131868131868,0.0428779967836,-0.000646429005719,0.00418375031378,0.0381923136861,-0.00828905296849,-0.00744707555853,-0.0576356768785,-0.0484994876259,-0.0278637770898,0.00910111693678,0.000910797224492,0,0.0176470588235,0.00910111693678,0,0.0509803921569,0.0541601255887,3,0.00441176470588,-0.00727272727273,0,0.0588235294118,-0.0588235294118,37,1,0,234,1,0.995744680851,0.00425531914894,0,0.973684210526,1,0.986666666667,0.984652666406,0.995744680851,0.973684210526,3,2,0,0,0,0
3859,WLNM_dir_neg,1,0.5,00:00:00,10,90,29,1987284102,threshold_sweep,0.7,0.666666666667,1,0.8,2,1,0,3,1,0.75,0.25,0,0.666666666667,1,0.8,0.833333333333,0.5,0.666666666667,0.707106781187,0.75,37,35,2,0,37,0,35,0,2,17,37,0.136029411765,1.88235294118,4.35294117647,3.36363636364,2.84615384615,1.69341284359,0.389027274878,0.193958664547,2.09866904602,0.964253345467,0.518282988871,1.87867287326,0.863174022847,0.470588235294,0.786197569093,0.41766745858,2.25,1.88235294118,0.786197569093,2.25,0.166339869281,0.0612244897959,3,0.00441176470588,0.185952380952,17,17,17,1,0,0.352941176471,0.411764705882,0.235294117647,17,0.128676470588,1.90196078431,4.11764705882,3.18181818182,2.69230769231,1.57648156274,0.382859808093,0.201680672269,2.01465221053,0.978545359402,0.524369747899,1.74894926439,0.849489642704,0.463865546218,0.814492905316,0.428238537847,2.33333333333,1.90196078431,0.814492905316,2.33333333333,0,0,0,0,0.164242424242,17,17,17,1,0,0.352941176471,0.411764705882,0.235294117647,17,38,0.139705882353,1.9,4.47058823529,3.45454545455,2.71428571429,1.73629084037,0.388380845872,0.198142414861,2.1368613597,0.955964292498,0.510835913313,1.82103719638,0.814674535221,0.442724458204,0.795298686029,0.418578255805,2.25,1.9,0.795298686029,2.25,0.217320261438,0.115384615385,6,0.00882352941176,0.17867965368,17,17,17,1,0,0.352941176471,0.470588235294,0.176470588235,1,0.00367647058824,0.0176470588235,0.117647058824,0.0909090909091,-0.131868131868,0.0428779967836,-0.000646429005719,0.00418375031378,0.0381923136861,-0.00828905296849,-0.00744707555853,-0.0576356768785,-0.0484994876259,-0.0278637770898,0.00910111693678,0.000910797224492,0,0.0176470588235,0.00910111693678,0,0.0509803921569,0.0541601255887,3,0.00441176470588,-0.00727272727273,0,0.0588235294118,-0.0588235294118,37,1,0,234,1,0.995744680851,0.00425531914894,0,0.973684210526,1,0.986666666667,0.984652666406,0.995744680851,0.973684210526,3,2,0,0,0,0
3860,WLNM_dir_neg,1,0.5,00:00:00,10,90,29,1987284102,threshold_sweep,0.8,0.666666666667,1,0.8,2,1,0,3,1,0.75,0.25,0,0.666666666667,1,0.8,0.833333333333,0.5,0.666666666667,0.707106781187,0.75,37,35,2,0,37,0,35,0,2,17,37,0.136029411765,1.88235294118,4.35294117647,3.36363636364,2.84615384615,1.69341284359,0.389027274878,0.193958664547,2.09866904602,0.964253345467,0.518282988871,1.87867287326,0.863174022847,0.470588235294,0.786197569093,0.41766745858,2.25,1.88235294118,0.786197569093,2.25,0.166339869281,0.0612244897959,3,0.00441176470588,0.185952380952,17,17,17,1,0,0.352941176471,0.411764705882,0.235294117647,17,0.128676470588,1.90196078431,4.11764705882,3.18181818182,2.69230769231,1.57648156274,0.382859808093,0.201680672269,2.01465221053,0.978545359402,0.524369747899,1.74894926439,0.849489642704,0.463865546218,0.814492905316,0.428238537847,2.33333333333,1.90196078431,0.814492905316,2.33333333333,0,0,0,0,0.164242424242,17,17,17,1,0,0.352941176471,0.411764705882,0.235294117647,17,38,0.139705882353,1.9,4.47058823529,3.45454545455,2.71428571429,1.73629084037,0.388380845872,0.198142414861,2.1368613597,0.955964292498,0.510835913313,1.82103719638,0.814674535221,0.442724458204,0.795298686029,0.418578255805,2.25,1.9,0.795298686029,2.25,0.217320261438,0.115384615385,6,0.00882352941176,0.17867965368,17,17,17,1,0,0.352941176471,0.470588235294,0.176470588235,1,0.00367647058824,0.0176470588235,0.117647058824,0.0909090909091,-0.131868131868,0.0428779967836,-0.000646429005719,0.00418375031378,0.0381923136861,-0.00828905296849,-0.00744707555853,-0.0576356768785,-0.0484994876259,-0.0278637770898,0.00910111693678,0.000910797224492,0,0.0176470588235,0.00910111693678,0,0.0509803921569,0.0541601255887,3,0.00441176470588,-0.00727272727273,0,0.0588235294118,-0.0588235294118,37,1,0,234,1,0.995744680851,0.00425531914894,0,0.973684210526,1,0.986666666667,0.984652666406,0.995744680851,0.973684210526,3,2,0,0,0,0
3861,WLNM_dir_neg,1,0.5,00:00:00,10,90,29,1987284102,threshold_sweep,0.9,1,1,1,2,0,0,4,1,1,0,0,1,1,1,1,0.555555555556,1,1,1,37,35,2,0,37,0,35,0,2,17,37,0.136029411765,1.88235294118,4.35294117647,3.36363636364,2.84615384615,1.69341284359,0.389027274878,0.193958664547,2.09866904602,0.964253345467,0.518282988871,1.87867287326,0.863174022847,0.470588235294,0.786197569093,0.41766745858,2.25,1.88235294118,0.786197569093,2.25,0.166339869281,0.0612244897959,3,0.00441176470588,0.185952380952,17,17,17,1,0,0.352941176471,0.411764705882,0.235294117647,17,0.128676470588,1.90196078431,4.11764705882,3.18181818182,2.69230769231,1.57648156274,0.382859808093,0.201680672269,2.01465221053,0.978545359402,0.524369747899,1.74894926439,0.849489642704,0.463865546218,0.814492905316,0.428238537847,2.33333333333,1.90196078431,0.814492905316,2.33333333333,0,0,0,0,0.164242424242,17,17,17,1,0,0.352941176471,0.411764705882,0.235294117647,17,37,0.136029411765,1.88235294118,4.35294117647,3.36363636364,2.84615384615,1.69341284359,0.389027274878,0.193958664547,2.09866904602,0.964253345467,0.518282988871,1.87867287326,0.863174022847,0.470588235294,0.786197569093,0.41766745858,2.25,1.88235294118,0.786197569093,2.25,0.166339869281,0.0612244897959,3,0.00441176470588,0.185952380952,17,17,17,1,0,0.352941176471,0.411764705882,0.235294117647,0,0,0,0,0,0,0,0,0,0,0,0,0,0,0,0,0,0,0,0,0,0,0,0,0,0,0,0,0,37,0,0,235,1,1,0,0,1,1,1,1,1,1,2,2,0,0,0,0
3862,WLNM_dir_neg,1,0.5,00:00:00,10,90,30,1987284103,threshold_sweep,0.1,1,1,1,2,0,0,4,1,1,0,0,1,1,1,1,0.555555555556,1,1,1,37,35,2,0,37,0,35,0,2,17,37,0.136029411765,1.88235294118,4.35294117647,3.36363636364,2.84615384615,1.69341284359,0.389027274878,0.193958664547,2.09866904602,0.964253345467,0.518282988871,1.87867287326,0.863174022847,0.470588235294,0.786197569093,0.41766745858,2.25,1.88235294118,0.786197569093,2.25,0.166339869281,0.0612244897959,3,0.00441176470588,0.185952380952,17,17,17,1,0,0.352941176471,0.411764705882,0.235294117647,17,0.128676470588,1.90196078431,4.11764705882,3.18181818182,2.69230769231,1.57648156274,0.382859808093,0.201680672269,2.01465221053,0.978545359402,0.524369747899,1.74894926439,0.849489642704,0.463865546218,0.814492905316,0.428238537847,2.33333333333,1.90196078431,0.814492905316,2.33333333333,0,0,0,0,0.164242424242,17,17,17,1,0,0.352941176471,0.411764705882,0.235294117647,17,37,0.136029411765,1.88235294118,4.35294117647,3.36363636364,2.84615384615,1.69341284359,0.389027274878,0.193958664547,2.09866904602,0.964253345467,0.518282988871,1.87867287326,0.863174022847,0.470588235294,0.786197569093,0.41766745858,2.25,1.88235294118,0.786197569093,2.25,0.166339869281,0.0612244897959,3,0.00441176470588,0.185952380952,17,17,17,1,0,0.352941176471,0.411764705882,0.235294117647,0,0,0,0,0,0,0,0,0,0,0,0,0,0,0,0,0,0,0,0,0,0,0,0,0,0,0,0,0,37,0,0,235,1,1,0,0,1,1,1,1,1,1,2,2,0,0,0,0
3863,WLNM_dir_neg,1,0.5,00:00:00,10,90,30,1987284103,threshold_sweep,0.2,1,1,1,2,0,0,4,1,1,0,0,1,1,1,1,0.555555555556,1,1,1,37,35,2,0,37,0,35,0,2,17,37,0.136029411765,1.88235294118,4.35294117647,3.36363636364,2.84615384615,1.69341284359,0.389027274878,0.193958664547,2.09866904602,0.964253345467,0.518282988871,1.87867287326,0.863174022847,0.470588235294,0.786197569093,0.41766745858,2.25,1.88235294118,0.786197569093,2.25,0.166339869281,0.0612244897959,3,0.00441176470588,0.185952380952,17,17,17,1,0,0.352941176471,0.411764705882,0.235294117647,17,0.128676470588,1.90196078431,4.11764705882,3.18181818182,2.69230769231,1.57648156274,0.382859808093,0.201680672269,2.01465221053,0.978545359402,0.524369747899,1.74894926439,0.849489642704,0.463865546218,0.814492905316,0.428238537847,2.33333333333,1.90196078431,0.814492905316,2.33333333333,0,0,0,0,0.164242424242,17,17,17,1,0,0.352941176471,0.411764705882,0.235294117647,17,37,0.136029411765,1.88235294118,4.35294117647,3.36363636364,2.84615384615,1.69341284359,0.389027274878,0.193958664547,2.09866904602,0.964253345467,0.518282988871,1.87867287326,0.863174022847,0.470588235294,0.786197569093,0.41766745858,2.25,1.88235294118,0.786197569093,2.25,0.166339869281,0.0612244897959,3,0.00441176470588,0.185952380952,17,17,17,1,0,0.352941176471,0.411764705882,0.235294117647,0,0,0,0,0,0,0,0,0,0,0,0,0,0,0,0,0,0,0,0,0,0,0,0,0,0,0,0,0,37,0,0,235,1,1,0,0,1,1,1,1,1,1,2,2,0,0,0,0
3864,WLNM_dir_neg,1,0.5,00:00:00,10,90,30,1987284103,threshold_sweep,0.3,1,1,1,2,0,0,4,1,1,0,0,1,1,1,1,0.555555555556,1,1,1,37,35,2,0,37,0,35,0,2,17,37,0.136029411765,1.88235294118,4.35294117647,3.36363636364,2.84615384615,1.69341284359,0.389027274878,0.193958664547,2.09866904602,0.964253345467,0.518282988871,1.87867287326,0.863174022847,0.470588235294,0.786197569093,0.41766745858,2.25,1.88235294118,0.786197569093,2.25,0.166339869281,0.0612244897959,3,0.00441176470588,0.185952380952,17,17,17,1,0,0.352941176471,0.411764705882,0.235294117647,17,0.128676470588,1.90196078431,4.11764705882,3.18181818182,2.69230769231,1.57648156274,0.382859808093,0.201680672269,2.01465221053,0.978545359402,0.524369747899,1.74894926439,0.849489642704,0.463865546218,0.814492905316,0.428238537847,2.33333333333,1.90196078431,0.814492905316,2.33333333333,0,0,0,0,0.164242424242,17,17,17,1,0,0.352941176471,0.411764705882,0.235294117647,17,37,0.136029411765,1.88235294118,4.35294117647,3.36363636364,2.84615384615,1.69341284359,0.389027274878,0.193958664547,2.09866904602,0.964253345467,0.518282988871,1.87867287326,0.863174022847,0.470588235294,0.786197569093,0.41766745858,2.25,1.88235294118,0.786197569093,2.25,0.166339869281,0.0612244897959,3,0.00441176470588,0.185952380952,17,17,17,1,0,0.352941176471,0.411764705882,0.235294117647,0,0,0,0,0,0,0,0,0,0,0,0,0,0,0,0,0,0,0,0,0,0,0,0,0,0,0,0,0,37,0,0,235,1,1,0,0,1,1,1,1,1,1,2,2,0,0,0,0
3865,WLNM_dir_neg,1,0.5,00:00:00,10,90,30,1987284103,threshold_sweep,0.4,1,0.5,0.666666666667,1,0,1,4,0.5,1,0,0.5,1,0.5,0.666666666667,0.833333333333,0.611111111111,0.571428571429,0.632455532034,0.5,37,35,2,0,37,0,35,0,2,17,37,0.136029411765,1.88235294118,4.35294117647,3.36363636364,2.84615384615,1.69341284359,0.389027274878,0.193958664547,2.09866904602,0.964253345467,0.518282988871,1.87867287326,0.863174022847,0.470588235294,0.786197569093,0.41766745858,2.25,1.88235294118,0.786197569093,2.25,0.166339869281,0.0612244897959,3,0.00441176470588,0.185952380952,17,17,17,1,0,0.352941176471,0.411764705882,0.235294117647,17,0.128676470588,1.90196078431,4.11764705882,3.18181818182,2.69230769231,1.57648156274,0.382859808093,0.201680672269,2.01465221053,0.978545359402,0.524369747899,1.74894926439,0.849489642704,0.463865546218,0.814492905316,0.428238537847,2.33333333333,1.90196078431,0.814492905316,2.33333333333,0,0,0,0,0.164242424242,17,17,17,1,0,0.352941176471,0.411764705882,0.235294117647,17,36,0.132352941176,1.89705882353,4.23529411765,3.27272727273,2.76923076923,1.71498585143,0.40492721492,0.204248366013,2.05798302171,0.971825315808,0.522875816993,1.79869233546,0.849382491746,0.464052287582,0.805541469338,0.424626510969,2.25,1.89705882353,0.805541469338,2.25,0.0702614379085,0.0214285714286,1,0.00147058823529,0.175454545455,17,17,17,1,0,0.352941176471,0.411764705882,0.235294117647,-1,-0.00367647058824,0.0147058823529,-0.117647058824,-0.0909090909091,-0.0769230769231,0.0215730078386,0.0158999400418,0.0102897014662,-0.0406860243059,0.00757197034072,0.00459282812224,-0.0799805377942,-0.0137915311015,-0.00653594771242,0.0193439002456,0.00695905238854,0,0.0147058823529,0.0193439002456,0,-0.0960784313725,-0.0397959183673,-2,-0.00294117647059,-0.0104978354978,0,0,0,36,0,1,235,0.972972972973,1,0,0.027027027027,1,0.972972972973,0.986301369863,0.984301887704,0.972972972973,0.972972972973,1,2,0,0,0,0
3866,WLNM_dir_neg,1,0.5,00:00:00,10,90,30,1987284103,threshold_sweep,0.5,1,0.5,0.666666666667,1,0,1,4,0.5,1,0,0.5,1,0.5,0.666666666667,0.833333333333,0.611111111111,0.571428571429,0.632455532034,0.5,37,35,2,0,37,0,35,0,2,17,37,0.136029411765,1.88235294118,4.35294117647,3.36363636364,2.84615384615,1.69341284359,0.389027274878,0.193958664547,2.09866904602,0.964253345467,0.518282988871,1.87867287326,0.863174022847,0.470588235294,0.786197569093,0.41766745858,2.25,1.88235294118,0.786197569093,2.25,0.166339869281,0.0612244897959,3,0.00441176470588,0.185952380952,17,17,17,1,0,0.352941176471,0.411764705882,0.235294117647,17,0.128676470588,1.90196078431,4.11764705882,3.18181818182,2.69230769231,1.57648156274,0.382859808093,0.201680672269,2.01465221053,0.978545359402,0.524369747899,1.74894926439,0.849489642704,0.463865546218,0.814492905316,0.428238537847,2.33333333333,1.90196078431,0.814492905316,2.33333333333,0,0,0,0,0.164242424242,17,17,17,1,0,0.352941176471,0.411764705882,0.235294117647,17,36,0.132352941176,1.89705882353,4.23529411765,3.27272727273,2.76923076923,1.71498585143,0.40492721492,0.204248366013,2.05798302171,0.971825315808,0.522875816993,1.79869233546,0.849382491746,0.464052287582,0.805541469338,0.424626510969,2.25,1.89705882353,0.805541469338,2.25,0.0702614379085,0.0214285714286,1,0.00147058823529,0.175454545455,17,17,17,1,0,0.352941176471,0.411764705882,0.235294117647,-1,-0.00367647058824,0.0147058823529,-0.117647058824,-0.0909090909091,-0.0769230769231,0.0215730078386,0.0158999400418,0.0102897014662,-0.0406860243059,0.00757197034072,0.00459282812224,-0.0799805377942,-0.0137915311015,-0.00653594771242,0.0193439002456,0.00695905238854,0,0.0147058823529,0.0193439002456,0,-0.0960784313725,-0.0397959183673,-2,-0.00294117647059,-0.0104978354978,0,0,0,36,0,1,235,0.972972972973,1,0,0.027027027027,1,0.972972972973,0.986301369863,0.984301887704,0.972972972973,0.972972972973,1,2,0,0,0,0
3867,WLNM_dir_neg,1,0.5,00:00:00,10,90,30,1987284103,threshold_sweep,0.6,1,0.5,0.666666666667,1,0,1,4,0.5,1,0,0.5,1,0.5,0.666666666667,0.833333333333,0.611111111111,0.571428571429,0.632455532034,0.5,37,35,2,0,37,0,35,0,2,17,37,0.136029411765,1.88235294118,4.35294117647,3.36363636364,2.84615384615,1.69341284359,0.389027274878,0.193958664547,2.09866904602,0.964253345467,0.518282988871,1.87867287326,0.863174022847,0.470588235294,0.786197569093,0.41766745858,2.25,1.88235294118,0.786197569093,2.25,0.166339869281,0.0612244897959,3,0.00441176470588,0.185952380952,17,17,17,1,0,0.352941176471,0.411764705882,0.235294117647,17,0.128676470588,1.90196078431,4.11764705882,3.18181818182,2.69230769231,1.57648156274,0.382859808093,0.201680672269,2.01465221053,0.978545359402,0.524369747899,1.74894926439,0.849489642704,0.463865546218,0.814492905316,0.428238537847,2.33333333333,1.90196078431,0.814492905316,2.33333333333,0,0,0,0,0.164242424242,17,17,17,1,0,0.352941176471,0.411764705882,0.235294117647,17,36,0.132352941176,1.89705882353,4.23529411765,3.27272727273,2.76923076923,1.71498585143,0.40492721492,0.204248366013,2.05798302171,0.971825315808,0.522875816993,1.79869233546,0.849382491746,0.464052287582,0.805541469338,0.424626510969,2.25,1.89705882353,0.805541469338,2.25,0.0702614379085,0.0214285714286,1,0.00147058823529,0.175454545455,17,17,17,1,0,0.352941176471,0.411764705882,0.235294117647,-1,-0.00367647058824,0.0147058823529,-0.117647058824,-0.0909090909091,-0.0769230769231,0.0215730078386,0.0158999400418,0.0102897014662,-0.0406860243059,0.00757197034072,0.00459282812224,-0.0799805377942,-0.0137915311015,-0.00653594771242,0.0193439002456,0.00695905238854,0,0.0147058823529,0.0193439002456,0,-0.0960784313725,-0.0397959183673,-2,-0.00294117647059,-0.0104978354978,0,0,0,36,0,1,235,0.972972972973,1,0,0.027027027027,1,0.972972972973,0.986301369863,0.984301887704,0.972972972973,0.972972972973,1,2,0,0,0,0
3868,WLNM_dir_neg,1,0.5,00:00:00,10,90,30,1987284103,threshold_sweep,0.7,1,0.5,0.666666666667,1,0,1,4,0.5,1,0,0.5,1,0.5,0.666666666667,0.833333333333,0.611111111111,0.571428571429,0.632455532034,0.5,37,35,2,0,37,0,35,0,2,17,37,0.136029411765,1.88235294118,4.35294117647,3.36363636364,2.84615384615,1.69341284359,0.389027274878,0.193958664547,2.09866904602,0.964253345467,0.518282988871,1.87867287326,0.863174022847,0.470588235294,0.786197569093,0.41766745858,2.25,1.88235294118,0.786197569093,2.25,0.166339869281,0.0612244897959,3,0.00441176470588,0.185952380952,17,17,17,1,0,0.352941176471,0.411764705882,0.235294117647,17,0.128676470588,1.90196078431,4.11764705882,3.18181818182,2.69230769231,1.57648156274,0.382859808093,0.201680672269,2.01465221053,0.978545359402,0.524369747899,1.74894926439,0.849489642704,0.463865546218,0.814492905316,0.428238537847,2.33333333333,1.90196078431,0.814492905316,2.33333333333,0,0,0,0,0.164242424242,17,17,17,1,0,0.352941176471,0.411764705882,0.235294117647,17,36,0.132352941176,1.89705882353,4.23529411765,3.27272727273,2.76923076923,1.71498585143,0.40492721492,0.204248366013,2.05798302171,0.971825315808,0.522875816993,1.79869233546,0.849382491746,0.464052287582,0.805541469338,0.424626510969,2.25,1.89705882353,0.805541469338,2.25,0.0702614379085,0.0214285714286,1,0.00147058823529,0.175454545455,17,17,17,1,0,0.352941176471,0.411764705882,0.235294117647,-1,-0.00367647058824,0.0147058823529,-0.117647058824,-0.0909090909091,-0.0769230769231,0.0215730078386,0.0158999400418,0.0102897014662,-0.0406860243059,0.00757197034072,0.00459282812224,-0.0799805377942,-0.0137915311015,-0.00653594771242,0.0193439002456,0.00695905238854,0,0.0147058823529,0.0193439002456,0,-0.0960784313725,-0.0397959183673,-2,-0.00294117647059,-0.0104978354978,0,0,0,36,0,1,235,0.972972972973,1,0,0.027027027027,1,0.972972972973,0.986301369863,0.984301887704,0.972972972973,0.972972972973,1,2,0,0,0,0
3869,WLNM_dir_neg,1,0.5,00:00:00,10,90,30,1987284103,threshold_sweep,0.8,1,0.5,0.666666666667,1,0,1,4,0.5,1,0,0.5,1,0.5,0.666666666667,0.833333333333,0.611111111111,0.571428571429,0.632455532034,0.5,37,35,2,0,37,0,35,0,2,17,37,0.136029411765,1.88235294118,4.35294117647,3.36363636364,2.84615384615,1.69341284359,0.389027274878,0.193958664547,2.09866904602,0.964253345467,0.518282988871,1.87867287326,0.863174022847,0.470588235294,0.786197569093,0.41766745858,2.25,1.88235294118,0.786197569093,2.25,0.166339869281,0.0612244897959,3,0.00441176470588,0.185952380952,17,17,17,1,0,0.352941176471,0.411764705882,0.235294117647,17,0.128676470588,1.90196078431,4.11764705882,3.18181818182,2.69230769231,1.57648156274,0.382859808093,0.201680672269,2.01465221053,0.978545359402,0.524369747899,1.74894926439,0.849489642704,0.463865546218,0.814492905316,0.428238537847,2.33333333333,1.90196078431,0.814492905316,2.33333333333,0,0,0,0,0.164242424242,17,17,17,1,0,0.352941176471,0.411764705882,0.235294117647,17,36,0.132352941176,1.89705882353,4.23529411765,3.27272727273,2.76923076923,1.71498585143,0.40492721492,0.204248366013,2.05798302171,0.971825315808,0.522875816993,1.79869233546,0.849382491746,0.464052287582,0.805541469338,0.424626510969,2.25,1.89705882353,0.805541469338,2.25,0.0702614379085,0.0214285714286,1,0.00147058823529,0.175454545455,17,17,17,1,0,0.352941176471,0.411764705882,0.235294117647,-1,-0.00367647058824,0.0147058823529,-0.117647058824,-0.0909090909091,-0.0769230769231,0.0215730078386,0.0158999400418,0.0102897014662,-0.0406860243059,0.00757197034072,0.00459282812224,-0.0799805377942,-0.0137915311015,-0.00653594771242,0.0193439002456,0.00695905238854,0,0.0147058823529,0.0193439002456,0,-0.0960784313725,-0.0397959183673,-2,-0.00294117647059,-0.0104978354978,0,0,0,36,0,1,235,0.972972972973,1,0,0.027027027027,1,0.972972972973,0.986301369863,0.984301887704,0.972972972973,0.972972972973,1,2,0,0,0,0
3870,WLNM_dir_neg,1,0.5,00:00:00,10,90,30,1987284103,threshold_sweep,0.9,1,0.5,0.666666666667,1,0,1,4,0.5,1,0,0.5,1,0.5,0.666666666667,0.833333333333,0.611111111111,0.571428571429,0.632455532034,0.5,37,35,2,0,37,0,35,0,2,17,37,0.136029411765,1.88235294118,4.35294117647,3.36363636364,2.84615384615,1.69341284359,0.389027274878,0.193958664547,2.09866904602,0.964253345467,0.518282988871,1.87867287326,0.863174022847,0.470588235294,0.786197569093,0.41766745858,2.25,1.88235294118,0.786197569093,2.25,0.166339869281,0.0612244897959,3,0.00441176470588,0.185952380952,17,17,17,1,0,0.352941176471,0.411764705882,0.235294117647,17,0.128676470588,1.90196078431,4.11764705882,3.18181818182,2.69230769231,1.57648156274,0.382859808093,0.201680672269,2.01465221053,0.978545359402,0.524369747899,1.74894926439,0.849489642704,0.463865546218,0.814492905316,0.428238537847,2.33333333333,1.90196078431,0.814492905316,2.33333333333,0,0,0,0,0.164242424242,17,17,17,1,0,0.352941176471,0.411764705882,0.235294117647,17,36,0.132352941176,1.89705882353,4.23529411765,3.27272727273,2.76923076923,1.71498585143,0.40492721492,0.204248366013,2.05798302171,0.971825315808,0.522875816993,1.79869233546,0.849382491746,0.464052287582,0.805541469338,0.424626510969,2.25,1.89705882353,0.805541469338,2.25,0.0702614379085,0.0214285714286,1,0.00147058823529,0.175454545455,17,17,17,1,0,0.352941176471,0.411764705882,0.235294117647,-1,-0.00367647058824,0.0147058823529,-0.117647058824,-0.0909090909091,-0.0769230769231,0.0215730078386,0.0158999400418,0.0102897014662,-0.0406860243059,0.00757197034072,0.00459282812224,-0.0799805377942,-0.0137915311015,-0.00653594771242,0.0193439002456,0.00695905238854,0,0.0147058823529,0.0193439002456,0,-0.0960784313725,-0.0397959183673,-2,-0.00294117647059,-0.0104978354978,0,0,0,36,0,1,235,0.972972972973,1,0,0.027027027027,1,0.972972972973,0.986301369863,0.984301887704,0.972972972973,0.972972972973,1,2,0,0,0,0
3871,WLNM_dir_neg,1,0.5,00:00:00,10,90,31,1987284104,threshold_sweep,0.1,0.666666666667,1,0.8,2,1,0,3,1,0.75,0.25,0,0.666666666667,1,0.8,0.833333333333,0.5,0.666666666667,0.707106781187,0.75,37,35,2,0,37,0,35,0,2,17,37,0.136029411765,1.88235294118,4.35294117647,3.36363636364,2.84615384615,1.69341284359,0.389027274878,0.193958664547,2.09866904602,0.964253345467,0.518282988871,1.87867287326,0.863174022847,0.470588235294,0.786197569093,0.41766745858,2.25,1.88235294118,0.786197569093,2.25,0.166339869281,0.0612244897959,3,0.00441176470588,0.185952380952,17,17,17,1,0,0.352941176471,0.411764705882,0.235294117647,17,0.128676470588,1.90196078431,4.11764705882,3.18181818182,2.69230769231,1.57648156274,0.382859808093,0.201680672269,2.01465221053,0.978545359402,0.524369747899,1.74894926439,0.849489642704,0.463865546218,0.814492905316,0.428238537847,2.33333333333,1.90196078431,0.814492905316,2.33333333333,0,0,0,0,0.164242424242,17,17,17,1,0,0.352941176471,0.411764705882,0.235294117647,17,38,0.139705882353,2.06794117647,4.47058823529,3.16666666667,2.92307692308,1.69991349261,0.380243807557,0.19040247678,2.04723630062,0.915868871331,0.495356037152,1.92124346989,0.859503657582,0.467492260062,0.837124611022,0.40481064962,2.475,2.06794117647,0.837124611022,2.475,0.218954248366,0.116129032258,6,0.00882352941176,0.164051226551,17,17,17,1,0,0.294117647059,0.470588235294,0.235294117647,1,0.00367647058824,0.185588235294,0.117647058824,-0.19696969697,0.0769230769231,0.00650064902221,-0.00878346732077,-0.00355618776671,-0.0514327453931,-0.0483844741355,-0.0229269517195,0.0425705966328,-0.00367036526551,-0.0030959752322,0.0509270419296,-0.0128568089608,0.225,0.185588235294,0.0509270419296,0.225,0.052614379085,0.0549045424621,3,0.00441176470588,-0.0219011544012,-0.0588235294118,0.0588235294118,0,37,1,0,234,1,0.995744680851,0.00425531914894,0,0.973684210526,1,0.986666666667,0.984652666406,0.995744680851,0.973684210526,3,2,0,0,0,0
3872,WLNM_dir_neg,1,0.5,00:00:00,10,90,31,1987284104,threshold_sweep,0.2,0.666666666667,1,0.8,2,1,0,3,1,0.75,0.25,0,0.666666666667,1,0.8,0.833333333333,0.5,0.666666666667,0.707106781187,0.75,37,35,2,0,37,0,35,0,2,17,37,0.136029411765,1.88235294118,4.35294117647,3.36363636364,2.84615384615,1.69341284359,0.389027274878,0.193958664547,2.09866904602,0.964253345467,0.518282988871,1.87867287326,0.863174022847,0.470588235294,0.786197569093,0.41766745858,2.25,1.88235294118,0.786197569093,2.25,0.166339869281,0.0612244897959,3,0.00441176470588,0.185952380952,17,17,17,1,0,0.352941176471,0.411764705882,0.235294117647,17,0.128676470588,1.90196078431,4.11764705882,3.18181818182,2.69230769231,1.57648156274,0.382859808093,0.201680672269,2.01465221053,0.978545359402,0.524369747899,1.74894926439,0.849489642704,0.463865546218,0.814492905316,0.428238537847,2.33333333333,1.90196078431,0.814492905316,2.33333333333,0,0,0,0,0.164242424242,17,17,17,1,0,0.352941176471,0.411764705882,0.235294117647,17,38,0.139705882353,2.06794117647,4.47058823529,3.16666666667,2.92307692308,1.69991349261,0.380243807557,0.19040247678,2.04723630062,0.915868871331,0.495356037152,1.92124346989,0.859503657582,0.467492260062,0.837124611022,0.40481064962,2.475,2.06794117647,0.837124611022,2.475,0.218954248366,0.116129032258,6,0.00882352941176,0.164051226551,17,17,17,1,0,0.294117647059,0.470588235294,0.235294117647,1,0.00367647058824,0.185588235294,0.117647058824,-0.19696969697,0.0769230769231,0.00650064902221,-0.00878346732077,-0.00355618776671,-0.0514327453931,-0.0483844741355,-0.0229269517195,0.0425705966328,-0.00367036526551,-0.0030959752322,0.0509270419296,-0.0128568089608,0.225,0.185588235294,0.0509270419296,0.225,0.052614379085,0.0549045424621,3,0.00441176470588,-0.0219011544012,-0.0588235294118,0.0588235294118,0,37,1,0,234,1,0.995744680851,0.00425531914894,0,0.973684210526,1,0.986666666667,0.984652666406,0.995744680851,0.973684210526,3,2,0,0,0,0
3873,WLNM_dir_neg,1,0.5,00:00:00,10,90,31,1987284104,threshold_sweep,0.3,0.666666666667,1,0.8,2,1,0,3,1,0.75,0.25,0,0.666666666667,1,0.8,0.833333333333,0.5,0.666666666667,0.707106781187,0.75,37,35,2,0,37,0,35,0,2,17,37,0.136029411765,1.88235294118,4.35294117647,3.36363636364,2.84615384615,1.69341284359,0.389027274878,0.193958664547,2.09866904602,0.964253345467,0.518282988871,1.87867287326,0.863174022847,0.470588235294,0.786197569093,0.41766745858,2.25,1.88235294118,0.786197569093,2.25,0.166339869281,0.0612244897959,3,0.00441176470588,0.185952380952,17,17,17,1,0,0.352941176471,0.411764705882,0.235294117647,17,0.128676470588,1.90196078431,4.11764705882,3.18181818182,2.69230769231,1.57648156274,0.382859808093,0.201680672269,2.01465221053,0.978545359402,0.524369747899,1.74894926439,0.849489642704,0.463865546218,0.814492905316,0.428238537847,2.33333333333,1.90196078431,0.814492905316,2.33333333333,0,0,0,0,0.164242424242,17,17,17,1,0,0.352941176471,0.411764705882,0.235294117647,17,38,0.139705882353,2.06794117647,4.47058823529,3.16666666667,2.92307692308,1.69991349261,0.380243807557,0.19040247678,2.04723630062,0.915868871331,0.495356037152,1.92124346989,0.859503657582,0.467492260062,0.837124611022,0.40481064962,2.475,2.06794117647,0.837124611022,2.475,0.218954248366,0.116129032258,6,0.00882352941176,0.164051226551,17,17,17,1,0,0.294117647059,0.470588235294,0.235294117647,1,0.00367647058824,0.185588235294,0.117647058824,-0.19696969697,0.0769230769231,0.00650064902221,-0.00878346732077,-0.00355618776671,-0.0514327453931,-0.0483844741355,-0.0229269517195,0.0425705966328,-0.00367036526551,-0.0030959752322,0.0509270419296,-0.0128568089608,0.225,0.185588235294,0.0509270419296,0.225,0.052614379085,0.0549045424621,3,0.00441176470588,-0.0219011544012,-0.0588235294118,0.0588235294118,0,37,1,0,234,1,0.995744680851,0.00425531914894,0,0.973684210526,1,0.986666666667,0.984652666406,0.995744680851,0.973684210526,3,2,0,0,0,0
3874,WLNM_dir_neg,1,0.5,00:00:00,10,90,31,1987284104,threshold_sweep,0.4,0.666666666667,1,0.8,2,1,0,3,1,0.75,0.25,0,0.666666666667,1,0.8,0.833333333333,0.5,0.666666666667,0.707106781187,0.75,37,35,2,0,37,0,35,0,2,17,37,0.136029411765,1.88235294118,4.35294117647,3.36363636364,2.84615384615,1.69341284359,0.389027274878,0.193958664547,2.09866904602,0.964253345467,0.518282988871,1.87867287326,0.863174022847,0.470588235294,0.786197569093,0.41766745858,2.25,1.88235294118,0.786197569093,2.25,0.166339869281,0.0612244897959,3,0.00441176470588,0.185952380952,17,17,17,1,0,0.352941176471,0.411764705882,0.235294117647,17,0.128676470588,1.90196078431,4.11764705882,3.18181818182,2.69230769231,1.57648156274,0.382859808093,0.201680672269,2.01465221053,0.978545359402,0.524369747899,1.74894926439,0.849489642704,0.463865546218,0.814492905316,0.428238537847,2.33333333333,1.90196078431,0.814492905316,2.33333333333,0,0,0,0,0.164242424242,17,17,17,1,0,0.352941176471,0.411764705882,0.235294117647,17,38,0.139705882353,2.06794117647,4.47058823529,3.16666666667,2.92307692308,1.69991349261,0.380243807557,0.19040247678,2.04723630062,0.915868871331,0.495356037152,1.92124346989,0.859503657582,0.467492260062,0.837124611022,0.40481064962,2.475,2.06794117647,0.837124611022,2.475,0.218954248366,0.116129032258,6,0.00882352941176,0.164051226551,17,17,17,1,0,0.294117647059,0.470588235294,0.235294117647,1,0.00367647058824,0.185588235294,0.117647058824,-0.19696969697,0.0769230769231,0.00650064902221,-0.00878346732077,-0.00355618776671,-0.0514327453931,-0.0483844741355,-0.0229269517195,0.0425705966328,-0.00367036526551,-0.0030959752322,0.0509270419296,-0.0128568089608,0.225,0.185588235294,0.0509270419296,0.225,0.052614379085,0.0549045424621,3,0.00441176470588,-0.0219011544012,-0.0588235294118,0.0588235294118,0,37,1,0,234,1,0.995744680851,0.00425531914894,0,0.973684210526,1,0.986666666667,0.984652666406,0.995744680851,0.973684210526,3,2,0,0,0,0
3875,WLNM_dir_neg,1,0.5,00:00:00,10,90,31,1987284104,threshold_sweep,0.5,0.666666666667,1,0.8,2,1,0,3,1,0.75,0.25,0,0.666666666667,1,0.8,0.833333333333,0.5,0.666666666667,0.707106781187,0.75,37,35,2,0,37,0,35,0,2,17,37,0.136029411765,1.88235294118,4.35294117647,3.36363636364,2.84615384615,1.69341284359,0.389027274878,0.193958664547,2.09866904602,0.964253345467,0.518282988871,1.87867287326,0.863174022847,0.470588235294,0.786197569093,0.41766745858,2.25,1.88235294118,0.786197569093,2.25,0.166339869281,0.0612244897959,3,0.00441176470588,0.185952380952,17,17,17,1,0,0.352941176471,0.411764705882,0.235294117647,17,0.128676470588,1.90196078431,4.11764705882,3.18181818182,2.69230769231,1.57648156274,0.382859808093,0.201680672269,2.01465221053,0.978545359402,0.524369747899,1.74894926439,0.849489642704,0.463865546218,0.814492905316,0.428238537847,2.33333333333,1.90196078431,0.814492905316,2.33333333333,0,0,0,0,0.164242424242,17,17,17,1,0,0.352941176471,0.411764705882,0.235294117647,17,38,0.139705882353,2.06794117647,4.47058823529,3.16666666667,2.92307692308,1.69991349261,0.380243807557,0.19040247678,2.04723630062,0.915868871331,0.495356037152,1.92124346989,0.859503657582,0.467492260062,0.837124611022,0.40481064962,2.475,2.06794117647,0.837124611022,2.475,0.218954248366,0.116129032258,6,0.00882352941176,0.164051226551,17,17,17,1,0,0.294117647059,0.470588235294,0.235294117647,1,0.00367647058824,0.185588235294,0.117647058824,-0.19696969697,0.0769230769231,0.00650064902221,-0.00878346732077,-0.00355618776671,-0.0514327453931,-0.0483844741355,-0.0229269517195,0.0425705966328,-0.00367036526551,-0.0030959752322,0.0509270419296,-0.0128568089608,0.225,0.185588235294,0.0509270419296,0.225,0.052614379085,0.0549045424621,3,0.00441176470588,-0.0219011544012,-0.0588235294118,0.0588235294118,0,37,1,0,234,1,0.995744680851,0.00425531914894,0,0.973684210526,1,0.986666666667,0.984652666406,0.995744680851,0.973684210526,3,2,0,0,0,0
3876,WLNM_dir_neg,1,0.5,00:00:00,10,90,31,1987284104,threshold_sweep,0.6,1,1,1,2,0,0,4,1,1,0,0,1,1,1,1,0.555555555556,1,1,1,37,35,2,0,37,0,35,0,2,17,37,0.136029411765,1.88235294118,4.35294117647,3.36363636364,2.84615384615,1.69341284359,0.389027274878,0.193958664547,2.09866904602,0.964253345467,0.518282988871,1.87867287326,0.863174022847,0.470588235294,0.786197569093,0.41766745858,2.25,1.88235294118,0.786197569093,2.25,0.166339869281,0.0612244897959,3,0.00441176470588,0.185952380952,17,17,17,1,0,0.352941176471,0.411764705882,0.235294117647,17,0.128676470588,1.90196078431,4.11764705882,3.18181818182,2.69230769231,1.57648156274,0.382859808093,0.201680672269,2.01465221053,0.978545359402,0.524369747899,1.74894926439,0.849489642704,0.463865546218,0.814492905316,0.428238537847,2.33333333333,1.90196078431,0.814492905316,2.33333333333,0,0,0,0,0.164242424242,17,17,17,1,0,0.352941176471,0.411764705882,0.235294117647,17,37,0.136029411765,1.88235294118,4.35294117647,3.36363636364,2.84615384615,1.69341284359,0.389027274878,0.193958664547,2.09866904602,0.964253345467,0.518282988871,1.87867287326,0.863174022847,0.470588235294,0.786197569093,0.41766745858,2.25,1.88235294118,0.786197569093,2.25,0.166339869281,0.0612244897959,3,0.00441176470588,0.185952380952,17,17,17,1,0,0.352941176471,0.411764705882,0.235294117647,0,0,0,0,0,0,0,0,0,0,0,0,0,0,0,0,0,0,0,0,0,0,0,0,0,0,0,0,0,37,0,0,235,1,1,0,0,1,1,1,1,1,1,2,2,0,0,0,0
3877,WLNM_dir_neg,1,0.5,00:00:00,10,90,31,1987284104,threshold_sweep,0.7,1,1,1,2,0,0,4,1,1,0,0,1,1,1,1,0.555555555556,1,1,1,37,35,2,0,37,0,35,0,2,17,37,0.136029411765,1.88235294118,4.35294117647,3.36363636364,2.84615384615,1.69341284359,0.389027274878,0.193958664547,2.09866904602,0.964253345467,0.518282988871,1.87867287326,0.863174022847,0.470588235294,0.786197569093,0.41766745858,2.25,1.88235294118,0.786197569093,2.25,0.166339869281,0.0612244897959,3,0.00441176470588,0.185952380952,17,17,17,1,0,0.352941176471,0.411764705882,0.235294117647,17,0.128676470588,1.90196078431,4.11764705882,3.18181818182,2.69230769231,1.57648156274,0.382859808093,0.201680672269,2.01465221053,0.978545359402,0.524369747899,1.74894926439,0.849489642704,0.463865546218,0.814492905316,0.428238537847,2.33333333333,1.90196078431,0.814492905316,2.33333333333,0,0,0,0,0.164242424242,17,17,17,1,0,0.352941176471,0.411764705882,0.235294117647,17,37,0.136029411765,1.88235294118,4.35294117647,3.36363636364,2.84615384615,1.69341284359,0.389027274878,0.193958664547,2.09866904602,0.964253345467,0.518282988871,1.87867287326,0.863174022847,0.470588235294,0.786197569093,0.41766745858,2.25,1.88235294118,0.786197569093,2.25,0.166339869281,0.0612244897959,3,0.00441176470588,0.185952380952,17,17,17,1,0,0.352941176471,0.411764705882,0.235294117647,0,0,0,0,0,0,0,0,0,0,0,0,0,0,0,0,0,0,0,0,0,0,0,0,0,0,0,0,0,37,0,0,235,1,1,0,0,1,1,1,1,1,1,2,2,0,0,0,0
3878,WLNM_dir_neg,1,0.5,00:00:00,10,90,31,1987284104,threshold_sweep,0.8,1,1,1,2,0,0,4,1,1,0,0,1,1,1,1,0.555555555556,1,1,1,37,35,2,0,37,0,35,0,2,17,37,0.136029411765,1.88235294118,4.35294117647,3.36363636364,2.84615384615,1.69341284359,0.389027274878,0.193958664547,2.09866904602,0.964253345467,0.518282988871,1.87867287326,0.863174022847,0.470588235294,0.786197569093,0.41766745858,2.25,1.88235294118,0.786197569093,2.25,0.166339869281,0.0612244897959,3,0.00441176470588,0.185952380952,17,17,17,1,0,0.352941176471,0.411764705882,0.235294117647,17,0.128676470588,1.90196078431,4.11764705882,3.18181818182,2.69230769231,1.57648156274,0.382859808093,0.201680672269,2.01465221053,0.978545359402,0.524369747899,1.74894926439,0.849489642704,0.463865546218,0.814492905316,0.428238537847,2.33333333333,1.90196078431,0.814492905316,2.33333333333,0,0,0,0,0.164242424242,17,17,17,1,0,0.352941176471,0.411764705882,0.235294117647,17,37,0.136029411765,1.88235294118,4.35294117647,3.36363636364,2.84615384615,1.69341284359,0.389027274878,0.193958664547,2.09866904602,0.964253345467,0.518282988871,1.87867287326,0.863174022847,0.470588235294,0.786197569093,0.41766745858,2.25,1.88235294118,0.786197569093,2.25,0.166339869281,0.0612244897959,3,0.00441176470588,0.185952380952,17,17,17,1,0,0.352941176471,0.411764705882,0.235294117647,0,0,0,0,0,0,0,0,0,0,0,0,0,0,0,0,0,0,0,0,0,0,0,0,0,0,0,0,0,37,0,0,235,1,1,0,0,1,1,1,1,1,1,2,2,0,0,0,0
3879,WLNM_dir_neg,1,0.5,00:00:00,10,90,31,1987284104,threshold_sweep,0.9,1,1,1,2,0,0,4,1,1,0,0,1,1,1,1,0.555555555556,1,1,1,37,35,2,0,37,0,35,0,2,17,37,0.136029411765,1.88235294118,4.35294117647,3.36363636364,2.84615384615,1.69341284359,0.389027274878,0.193958664547,2.09866904602,0.964253345467,0.518282988871,1.87867287326,0.863174022847,0.470588235294,0.786197569093,0.41766745858,2.25,1.88235294118,0.786197569093,2.25,0.166339869281,0.0612244897959,3,0.00441176470588,0.185952380952,17,17,17,1,0,0.352941176471,0.411764705882,0.235294117647,17,0.128676470588,1.90196078431,4.11764705882,3.18181818182,2.69230769231,1.57648156274,0.382859808093,0.201680672269,2.01465221053,0.978545359402,0.524369747899,1.74894926439,0.849489642704,0.463865546218,0.814492905316,0.428238537847,2.33333333333,1.90196078431,0.814492905316,2.33333333333,0,0,0,0,0.164242424242,17,17,17,1,0,0.352941176471,0.411764705882,0.235294117647,17,37,0.136029411765,1.88235294118,4.35294117647,3.36363636364,2.84615384615,1.69341284359,0.389027274878,0.193958664547,2.09866904602,0.964253345467,0.518282988871,1.87867287326,0.863174022847,0.470588235294,0.786197569093,0.41766745858,2.25,1.88235294118,0.786197569093,2.25,0.166339869281,0.0612244897959,3,0.00441176470588,0.185952380952,17,17,17,1,0,0.352941176471,0.411764705882,0.235294117647,0,0,0,0,0,0,0,0,0,0,0,0,0,0,0,0,0,0,0,0,0,0,0,0,0,0,0,0,0,37,0,0,235,1,1,0,0,1,1,1,1,1,1,2,2,0,0,0,0
3880,WLNM_dir_neg,1,0.5,00:00:00,10,90,32,1987284105,threshold_sweep,0.1,1,1,1,2,0,0,4,1,1,0,0,1,1,1,1,0.555555555556,1,1,1,37,35,2,0,37,0,35,0,2,17,37,0.136029411765,1.88235294118,4.35294117647,3.36363636364,2.84615384615,1.69341284359,0.389027274878,0.193958664547,2.09866904602,0.964253345467,0.518282988871,1.87867287326,0.863174022847,0.470588235294,0.786197569093,0.41766745858,2.25,1.88235294118,0.786197569093,2.25,0.166339869281,0.0612244897959,3,0.00441176470588,0.185952380952,17,17,17,1,0,0.352941176471,0.411764705882,0.235294117647,17,0.128676470588,1.90196078431,4.11764705882,3.18181818182,2.69230769231,1.57648156274,0.382859808093,0.201680672269,2.01465221053,0.978545359402,0.524369747899,1.74894926439,0.849489642704,0.463865546218,0.814492905316,0.428238537847,2.33333333333,1.90196078431,0.814492905316,2.33333333333,0,0,0,0,0.164242424242,17,17,17,1,0,0.352941176471,0.411764705882,0.235294117647,17,37,0.136029411765,1.88235294118,4.35294117647,3.36363636364,2.84615384615,1.69341284359,0.389027274878,0.193958664547,2.09866904602,0.964253345467,0.518282988871,1.87867287326,0.863174022847,0.470588235294,0.786197569093,0.41766745858,2.25,1.88235294118,0.786197569093,2.25,0.166339869281,0.0612244897959,3,0.00441176470588,0.185952380952,17,17,17,1,0,0.352941176471,0.411764705882,0.235294117647,0,0,0,0,0,0,0,0,0,0,0,0,0,0,0,0,0,0,0,0,0,0,0,0,0,0,0,0,0,37,0,0,235,1,1,0,0,1,1,1,1,1,1,2,2,0,0,0,0
3881,WLNM_dir_neg,1,0.5,00:00:00,10,90,32,1987284105,threshold_sweep,0.2,1,1,1,2,0,0,4,1,1,0,0,1,1,1,1,0.555555555556,1,1,1,37,35,2,0,37,0,35,0,2,17,37,0.136029411765,1.88235294118,4.35294117647,3.36363636364,2.84615384615,1.69341284359,0.389027274878,0.193958664547,2.09866904602,0.964253345467,0.518282988871,1.87867287326,0.863174022847,0.470588235294,0.786197569093,0.41766745858,2.25,1.88235294118,0.786197569093,2.25,0.166339869281,0.0612244897959,3,0.00441176470588,0.185952380952,17,17,17,1,0,0.352941176471,0.411764705882,0.235294117647,17,0.128676470588,1.90196078431,4.11764705882,3.18181818182,2.69230769231,1.57648156274,0.382859808093,0.201680672269,2.01465221053,0.978545359402,0.524369747899,1.74894926439,0.849489642704,0.463865546218,0.814492905316,0.428238537847,2.33333333333,1.90196078431,0.814492905316,2.33333333333,0,0,0,0,0.164242424242,17,17,17,1,0,0.352941176471,0.411764705882,0.235294117647,17,37,0.136029411765,1.88235294118,4.35294117647,3.36363636364,2.84615384615,1.69341284359,0.389027274878,0.193958664547,2.09866904602,0.964253345467,0.518282988871,1.87867287326,0.863174022847,0.470588235294,0.786197569093,0.41766745858,2.25,1.88235294118,0.786197569093,2.25,0.166339869281,0.0612244897959,3,0.00441176470588,0.185952380952,17,17,17,1,0,0.352941176471,0.411764705882,0.235294117647,0,0,0,0,0,0,0,0,0,0,0,0,0,0,0,0,0,0,0,0,0,0,0,0,0,0,0,0,0,37,0,0,235,1,1,0,0,1,1,1,1,1,1,2,2,0,0,0,0
3882,WLNM_dir_neg,1,0.5,00:00:00,10,90,32,1987284105,threshold_sweep,0.3,1,1,1,2,0,0,4,1,1,0,0,1,1,1,1,0.555555555556,1,1,1,37,35,2,0,37,0,35,0,2,17,37,0.136029411765,1.88235294118,4.35294117647,3.36363636364,2.84615384615,1.69341284359,0.389027274878,0.193958664547,2.09866904602,0.964253345467,0.518282988871,1.87867287326,0.863174022847,0.470588235294,0.786197569093,0.41766745858,2.25,1.88235294118,0.786197569093,2.25,0.166339869281,0.0612244897959,3,0.00441176470588,0.185952380952,17,17,17,1,0,0.352941176471,0.411764705882,0.235294117647,17,0.128676470588,1.90196078431,4.11764705882,3.18181818182,2.69230769231,1.57648156274,0.382859808093,0.201680672269,2.01465221053,0.978545359402,0.524369747899,1.74894926439,0.849489642704,0.463865546218,0.814492905316,0.428238537847,2.33333333333,1.90196078431,0.814492905316,2.33333333333,0,0,0,0,0.164242424242,17,17,17,1,0,0.352941176471,0.411764705882,0.235294117647,17,37,0.136029411765,1.88235294118,4.35294117647,3.36363636364,2.84615384615,1.69341284359,0.389027274878,0.193958664547,2.09866904602,0.964253345467,0.518282988871,1.87867287326,0.863174022847,0.470588235294,0.786197569093,0.41766745858,2.25,1.88235294118,0.786197569093,2.25,0.166339869281,0.0612244897959,3,0.00441176470588,0.185952380952,17,17,17,1,0,0.352941176471,0.411764705882,0.235294117647,0,0,0,0,0,0,0,0,0,0,0,0,0,0,0,0,0,0,0,0,0,0,0,0,0,0,0,0,0,37,0,0,235,1,1,0,0,1,1,1,1,1,1,2,2,0,0,0,0
3883,WLNM_dir_neg,1,0.5,00:00:00,10,90,32,1987284105,threshold_sweep,0.4,1,1,1,2,0,0,4,1,1,0,0,1,1,1,1,0.555555555556,1,1,1,37,35,2,0,37,0,35,0,2,17,37,0.136029411765,1.88235294118,4.35294117647,3.36363636364,2.84615384615,1.69341284359,0.389027274878,0.193958664547,2.09866904602,0.964253345467,0.518282988871,1.87867287326,0.863174022847,0.470588235294,0.786197569093,0.41766745858,2.25,1.88235294118,0.786197569093,2.25,0.166339869281,0.0612244897959,3,0.00441176470588,0.185952380952,17,17,17,1,0,0.352941176471,0.411764705882,0.235294117647,17,0.128676470588,1.90196078431,4.11764705882,3.18181818182,2.69230769231,1.57648156274,0.382859808093,0.201680672269,2.01465221053,0.978545359402,0.524369747899,1.74894926439,0.849489642704,0.463865546218,0.814492905316,0.428238537847,2.33333333333,1.90196078431,0.814492905316,2.33333333333,0,0,0,0,0.164242424242,17,17,17,1,0,0.352941176471,0.411764705882,0.235294117647,17,37,0.136029411765,1.88235294118,4.35294117647,3.36363636364,2.84615384615,1.69341284359,0.389027274878,0.193958664547,2.09866904602,0.964253345467,0.518282988871,1.87867287326,0.863174022847,0.470588235294,0.786197569093,0.41766745858,2.25,1.88235294118,0.786197569093,2.25,0.166339869281,0.0612244897959,3,0.00441176470588,0.185952380952,17,17,17,1,0,0.352941176471,0.411764705882,0.235294117647,0,0,0,0,0,0,0,0,0,0,0,0,0,0,0,0,0,0,0,0,0,0,0,0,0,0,0,0,0,37,0,0,235,1,1,0,0,1,1,1,1,1,1,2,2,0,0,0,0
3884,WLNM_dir_neg,1,0.5,00:00:00,10,90,32,1987284105,threshold_sweep,0.5,1,1,1,2,0,0,4,1,1,0,0,1,1,1,1,0.555555555556,1,1,1,37,35,2,0,37,0,35,0,2,17,37,0.136029411765,1.88235294118,4.35294117647,3.36363636364,2.84615384615,1.69341284359,0.389027274878,0.193958664547,2.09866904602,0.964253345467,0.518282988871,1.87867287326,0.863174022847,0.470588235294,0.786197569093,0.41766745858,2.25,1.88235294118,0.786197569093,2.25,0.166339869281,0.0612244897959,3,0.00441176470588,0.185952380952,17,17,17,1,0,0.352941176471,0.411764705882,0.235294117647,17,0.128676470588,1.90196078431,4.11764705882,3.18181818182,2.69230769231,1.57648156274,0.382859808093,0.201680672269,2.01465221053,0.978545359402,0.524369747899,1.74894926439,0.849489642704,0.463865546218,0.814492905316,0.428238537847,2.33333333333,1.90196078431,0.814492905316,2.33333333333,0,0,0,0,0.164242424242,17,17,17,1,0,0.352941176471,0.411764705882,0.235294117647,17,37,0.136029411765,1.88235294118,4.35294117647,3.36363636364,2.84615384615,1.69341284359,0.389027274878,0.193958664547,2.09866904602,0.964253345467,0.518282988871,1.87867287326,0.863174022847,0.470588235294,0.786197569093,0.41766745858,2.25,1.88235294118,0.786197569093,2.25,0.166339869281,0.0612244897959,3,0.00441176470588,0.185952380952,17,17,17,1,0,0.352941176471,0.411764705882,0.235294117647,0,0,0,0,0,0,0,0,0,0,0,0,0,0,0,0,0,0,0,0,0,0,0,0,0,0,0,0,0,37,0,0,235,1,1,0,0,1,1,1,1,1,1,2,2,0,0,0,0
3885,WLNM_dir_neg,1,0.5,00:00:00,10,90,32,1987284105,threshold_sweep,0.6,1,1,1,2,0,0,4,1,1,0,0,1,1,1,1,0.555555555556,1,1,1,37,35,2,0,37,0,35,0,2,17,37,0.136029411765,1.88235294118,4.35294117647,3.36363636364,2.84615384615,1.69341284359,0.389027274878,0.193958664547,2.09866904602,0.964253345467,0.518282988871,1.87867287326,0.863174022847,0.470588235294,0.786197569093,0.41766745858,2.25,1.88235294118,0.786197569093,2.25,0.166339869281,0.0612244897959,3,0.00441176470588,0.185952380952,17,17,17,1,0,0.352941176471,0.411764705882,0.235294117647,17,0.128676470588,1.90196078431,4.11764705882,3.18181818182,2.69230769231,1.57648156274,0.382859808093,0.201680672269,2.01465221053,0.978545359402,0.524369747899,1.74894926439,0.849489642704,0.463865546218,0.814492905316,0.428238537847,2.33333333333,1.90196078431,0.814492905316,2.33333333333,0,0,0,0,0.164242424242,17,17,17,1,0,0.352941176471,0.411764705882,0.235294117647,17,37,0.136029411765,1.88235294118,4.35294117647,3.36363636364,2.84615384615,1.69341284359,0.389027274878,0.193958664547,2.09866904602,0.964253345467,0.518282988871,1.87867287326,0.863174022847,0.470588235294,0.786197569093,0.41766745858,2.25,1.88235294118,0.786197569093,2.25,0.166339869281,0.0612244897959,3,0.00441176470588,0.185952380952,17,17,17,1,0,0.352941176471,0.411764705882,0.235294117647,0,0,0,0,0,0,0,0,0,0,0,0,0,0,0,0,0,0,0,0,0,0,0,0,0,0,0,0,0,37,0,0,235,1,1,0,0,1,1,1,1,1,1,2,2,0,0,0,0
3886,WLNM_dir_neg,1,0.5,00:00:00,10,90,32,1987284105,threshold_sweep,0.7,1,1,1,2,0,0,4,1,1,0,0,1,1,1,1,0.555555555556,1,1,1,37,35,2,0,37,0,35,0,2,17,37,0.136029411765,1.88235294118,4.35294117647,3.36363636364,2.84615384615,1.69341284359,0.389027274878,0.193958664547,2.09866904602,0.964253345467,0.518282988871,1.87867287326,0.863174022847,0.470588235294,0.786197569093,0.41766745858,2.25,1.88235294118,0.786197569093,2.25,0.166339869281,0.0612244897959,3,0.00441176470588,0.185952380952,17,17,17,1,0,0.352941176471,0.411764705882,0.235294117647,17,0.128676470588,1.90196078431,4.11764705882,3.18181818182,2.69230769231,1.57648156274,0.382859808093,0.201680672269,2.01465221053,0.978545359402,0.524369747899,1.74894926439,0.849489642704,0.463865546218,0.814492905316,0.428238537847,2.33333333333,1.90196078431,0.814492905316,2.33333333333,0,0,0,0,0.164242424242,17,17,17,1,0,0.352941176471,0.411764705882,0.235294117647,17,37,0.136029411765,1.88235294118,4.35294117647,3.36363636364,2.84615384615,1.69341284359,0.389027274878,0.193958664547,2.09866904602,0.964253345467,0.518282988871,1.87867287326,0.863174022847,0.470588235294,0.786197569093,0.41766745858,2.25,1.88235294118,0.786197569093,2.25,0.166339869281,0.0612244897959,3,0.00441176470588,0.185952380952,17,17,17,1,0,0.352941176471,0.411764705882,0.235294117647,0,0,0,0,0,0,0,0,0,0,0,0,0,0,0,0,0,0,0,0,0,0,0,0,0,0,0,0,0,37,0,0,235,1,1,0,0,1,1,1,1,1,1,2,2,0,0,0,0
3887,WLNM_dir_neg,1,0.5,00:00:00,10,90,32,1987284105,threshold_sweep,0.8,1,1,1,2,0,0,4,1,1,0,0,1,1,1,1,0.555555555556,1,1,1,37,35,2,0,37,0,35,0,2,17,37,0.136029411765,1.88235294118,4.35294117647,3.36363636364,2.84615384615,1.69341284359,0.389027274878,0.193958664547,2.09866904602,0.964253345467,0.518282988871,1.87867287326,0.863174022847,0.470588235294,0.786197569093,0.41766745858,2.25,1.88235294118,0.786197569093,2.25,0.166339869281,0.0612244897959,3,0.00441176470588,0.185952380952,17,17,17,1,0,0.352941176471,0.411764705882,0.235294117647,17,0.128676470588,1.90196078431,4.11764705882,3.18181818182,2.69230769231,1.57648156274,0.382859808093,0.201680672269,2.01465221053,0.978545359402,0.524369747899,1.74894926439,0.849489642704,0.463865546218,0.814492905316,0.428238537847,2.33333333333,1.90196078431,0.814492905316,2.33333333333,0,0,0,0,0.164242424242,17,17,17,1,0,0.352941176471,0.411764705882,0.235294117647,17,37,0.136029411765,1.88235294118,4.35294117647,3.36363636364,2.84615384615,1.69341284359,0.389027274878,0.193958664547,2.09866904602,0.964253345467,0.518282988871,1.87867287326,0.863174022847,0.470588235294,0.786197569093,0.41766745858,2.25,1.88235294118,0.786197569093,2.25,0.166339869281,0.0612244897959,3,0.00441176470588,0.185952380952,17,17,17,1,0,0.352941176471,0.411764705882,0.235294117647,0,0,0,0,0,0,0,0,0,0,0,0,0,0,0,0,0,0,0,0,0,0,0,0,0,0,0,0,0,37,0,0,235,1,1,0,0,1,1,1,1,1,1,2,2,0,0,0,0
3888,WLNM_dir_neg,1,0.5,00:00:00,10,90,32,1987284105,threshold_sweep,0.9,1,1,1,2,0,0,4,1,1,0,0,1,1,1,1,0.555555555556,1,1,1,37,35,2,0,37,0,35,0,2,17,37,0.136029411765,1.88235294118,4.35294117647,3.36363636364,2.84615384615,1.69341284359,0.389027274878,0.193958664547,2.09866904602,0.964253345467,0.518282988871,1.87867287326,0.863174022847,0.470588235294,0.786197569093,0.41766745858,2.25,1.88235294118,0.786197569093,2.25,0.166339869281,0.0612244897959,3,0.00441176470588,0.185952380952,17,17,17,1,0,0.352941176471,0.411764705882,0.235294117647,17,0.128676470588,1.90196078431,4.11764705882,3.18181818182,2.69230769231,1.57648156274,0.382859808093,0.201680672269,2.01465221053,0.978545359402,0.524369747899,1.74894926439,0.849489642704,0.463865546218,0.814492905316,0.428238537847,2.33333333333,1.90196078431,0.814492905316,2.33333333333,0,0,0,0,0.164242424242,17,17,17,1,0,0.352941176471,0.411764705882,0.235294117647,17,37,0.136029411765,1.88235294118,4.35294117647,3.36363636364,2.84615384615,1.69341284359,0.389027274878,0.193958664547,2.09866904602,0.964253345467,0.518282988871,1.87867287326,0.863174022847,0.470588235294,0.786197569093,0.41766745858,2.25,1.88235294118,0.786197569093,2.25,0.166339869281,0.0612244897959,3,0.00441176470588,0.185952380952,17,17,17,1,0,0.352941176471,0.411764705882,0.235294117647,0,0,0,0,0,0,0,0,0,0,0,0,0,0,0,0,0,0,0,0,0,0,0,0,0,0,0,0,0,37,0,0,235,1,1,0,0,1,1,1,1,1,1,2,2,0,0,0,0
3889,WLNM_dir_neg,1,0.5,00:00:00,10,90,33,1987284106,threshold_sweep,0.1,1,1,1,2,0,0,4,1,1,0,0,1,1,1,1,0.555555555556,1,1,1,37,35,2,0,37,0,35,0,2,17,37,0.136029411765,1.88235294118,4.35294117647,3.36363636364,2.84615384615,1.69341284359,0.389027274878,0.193958664547,2.09866904602,0.964253345467,0.518282988871,1.87867287326,0.863174022847,0.470588235294,0.786197569093,0.41766745858,2.25,1.88235294118,0.786197569093,2.25,0.166339869281,0.0612244897959,3,0.00441176470588,0.185952380952,17,17,17,1,0,0.352941176471,0.411764705882,0.235294117647,17,0.128676470588,1.90196078431,4.11764705882,3.18181818182,2.69230769231,1.57648156274,0.382859808093,0.201680672269,2.01465221053,0.978545359402,0.524369747899,1.74894926439,0.849489642704,0.463865546218,0.814492905316,0.428238537847,2.33333333333,1.90196078431,0.814492905316,2.33333333333,0,0,0,0,0.164242424242,17,17,17,1,0,0.352941176471,0.411764705882,0.235294117647,17,37,0.136029411765,1.88235294118,4.35294117647,3.36363636364,2.84615384615,1.69341284359,0.389027274878,0.193958664547,2.09866904602,0.964253345467,0.518282988871,1.87867287326,0.863174022847,0.470588235294,0.786197569093,0.41766745858,2.25,1.88235294118,0.786197569093,2.25,0.166339869281,0.0612244897959,3,0.00441176470588,0.185952380952,17,17,17,1,0,0.352941176471,0.411764705882,0.235294117647,0,0,0,0,0,0,0,0,0,0,0,0,0,0,0,0,0,0,0,0,0,0,0,0,0,0,0,0,0,37,0,0,235,1,1,0,0,1,1,1,1,1,1,2,2,0,0,0,0
3890,WLNM_dir_neg,1,0.5,00:00:00,10,90,33,1987284106,threshold_sweep,0.2,1,1,1,2,0,0,4,1,1,0,0,1,1,1,1,0.555555555556,1,1,1,37,35,2,0,37,0,35,0,2,17,37,0.136029411765,1.88235294118,4.35294117647,3.36363636364,2.84615384615,1.69341284359,0.389027274878,0.193958664547,2.09866904602,0.964253345467,0.518282988871,1.87867287326,0.863174022847,0.470588235294,0.786197569093,0.41766745858,2.25,1.88235294118,0.786197569093,2.25,0.166339869281,0.0612244897959,3,0.00441176470588,0.185952380952,17,17,17,1,0,0.352941176471,0.411764705882,0.235294117647,17,0.128676470588,1.90196078431,4.11764705882,3.18181818182,2.69230769231,1.57648156274,0.382859808093,0.201680672269,2.01465221053,0.978545359402,0.524369747899,1.74894926439,0.849489642704,0.463865546218,0.814492905316,0.428238537847,2.33333333333,1.90196078431,0.814492905316,2.33333333333,0,0,0,0,0.164242424242,17,17,17,1,0,0.352941176471,0.411764705882,0.235294117647,17,37,0.136029411765,1.88235294118,4.35294117647,3.36363636364,2.84615384615,1.69341284359,0.389027274878,0.193958664547,2.09866904602,0.964253345467,0.518282988871,1.87867287326,0.863174022847,0.470588235294,0.786197569093,0.41766745858,2.25,1.88235294118,0.786197569093,2.25,0.166339869281,0.0612244897959,3,0.00441176470588,0.185952380952,17,17,17,1,0,0.352941176471,0.411764705882,0.235294117647,0,0,0,0,0,0,0,0,0,0,0,0,0,0,0,0,0,0,0,0,0,0,0,0,0,0,0,0,0,37,0,0,235,1,1,0,0,1,1,1,1,1,1,2,2,0,0,0,0
3891,WLNM_dir_neg,1,0.5,00:00:00,10,90,33,1987284106,threshold_sweep,0.3,1,1,1,2,0,0,4,1,1,0,0,1,1,1,1,0.555555555556,1,1,1,37,35,2,0,37,0,35,0,2,17,37,0.136029411765,1.88235294118,4.35294117647,3.36363636364,2.84615384615,1.69341284359,0.389027274878,0.193958664547,2.09866904602,0.964253345467,0.518282988871,1.87867287326,0.863174022847,0.470588235294,0.786197569093,0.41766745858,2.25,1.88235294118,0.786197569093,2.25,0.166339869281,0.0612244897959,3,0.00441176470588,0.185952380952,17,17,17,1,0,0.352941176471,0.411764705882,0.235294117647,17,0.128676470588,1.90196078431,4.11764705882,3.18181818182,2.69230769231,1.57648156274,0.382859808093,0.201680672269,2.01465221053,0.978545359402,0.524369747899,1.74894926439,0.849489642704,0.463865546218,0.814492905316,0.428238537847,2.33333333333,1.90196078431,0.814492905316,2.33333333333,0,0,0,0,0.164242424242,17,17,17,1,0,0.352941176471,0.411764705882,0.235294117647,17,37,0.136029411765,1.88235294118,4.35294117647,3.36363636364,2.84615384615,1.69341284359,0.389027274878,0.193958664547,2.09866904602,0.964253345467,0.518282988871,1.87867287326,0.863174022847,0.470588235294,0.786197569093,0.41766745858,2.25,1.88235294118,0.786197569093,2.25,0.166339869281,0.0612244897959,3,0.00441176470588,0.185952380952,17,17,17,1,0,0.352941176471,0.411764705882,0.235294117647,0,0,0,0,0,0,0,0,0,0,0,0,0,0,0,0,0,0,0,0,0,0,0,0,0,0,0,0,0,37,0,0,235,1,1,0,0,1,1,1,1,1,1,2,2,0,0,0,0
3892,WLNM_dir_neg,1,0.5,00:00:00,10,90,33,1987284106,threshold_sweep,0.4,1,1,1,2,0,0,4,1,1,0,0,1,1,1,1,0.555555555556,1,1,1,37,35,2,0,37,0,35,0,2,17,37,0.136029411765,1.88235294118,4.35294117647,3.36363636364,2.84615384615,1.69341284359,0.389027274878,0.193958664547,2.09866904602,0.964253345467,0.518282988871,1.87867287326,0.863174022847,0.470588235294,0.786197569093,0.41766745858,2.25,1.88235294118,0.786197569093,2.25,0.166339869281,0.0612244897959,3,0.00441176470588,0.185952380952,17,17,17,1,0,0.352941176471,0.411764705882,0.235294117647,17,0.128676470588,1.90196078431,4.11764705882,3.18181818182,2.69230769231,1.57648156274,0.382859808093,0.201680672269,2.01465221053,0.978545359402,0.524369747899,1.74894926439,0.849489642704,0.463865546218,0.814492905316,0.428238537847,2.33333333333,1.90196078431,0.814492905316,2.33333333333,0,0,0,0,0.164242424242,17,17,17,1,0,0.352941176471,0.411764705882,0.235294117647,17,37,0.136029411765,1.88235294118,4.35294117647,3.36363636364,2.84615384615,1.69341284359,0.389027274878,0.193958664547,2.09866904602,0.964253345467,0.518282988871,1.87867287326,0.863174022847,0.470588235294,0.786197569093,0.41766745858,2.25,1.88235294118,0.786197569093,2.25,0.166339869281,0.0612244897959,3,0.00441176470588,0.185952380952,17,17,17,1,0,0.352941176471,0.411764705882,0.235294117647,0,0,0,0,0,0,0,0,0,0,0,0,0,0,0,0,0,0,0,0,0,0,0,0,0,0,0,0,0,37,0,0,235,1,1,0,0,1,1,1,1,1,1,2,2,0,0,0,0
3893,WLNM_dir_neg,1,0.5,00:00:00,10,90,33,1987284106,threshold_sweep,0.5,1,1,1,2,0,0,4,1,1,0,0,1,1,1,1,0.555555555556,1,1,1,37,35,2,0,37,0,35,0,2,17,37,0.136029411765,1.88235294118,4.35294117647,3.36363636364,2.84615384615,1.69341284359,0.389027274878,0.193958664547,2.09866904602,0.964253345467,0.518282988871,1.87867287326,0.863174022847,0.470588235294,0.786197569093,0.41766745858,2.25,1.88235294118,0.786197569093,2.25,0.166339869281,0.0612244897959,3,0.00441176470588,0.185952380952,17,17,17,1,0,0.352941176471,0.411764705882,0.235294117647,17,0.128676470588,1.90196078431,4.11764705882,3.18181818182,2.69230769231,1.57648156274,0.382859808093,0.201680672269,2.01465221053,0.978545359402,0.524369747899,1.74894926439,0.849489642704,0.463865546218,0.814492905316,0.428238537847,2.33333333333,1.90196078431,0.814492905316,2.33333333333,0,0,0,0,0.164242424242,17,17,17,1,0,0.352941176471,0.411764705882,0.235294117647,17,37,0.136029411765,1.88235294118,4.35294117647,3.36363636364,2.84615384615,1.69341284359,0.389027274878,0.193958664547,2.09866904602,0.964253345467,0.518282988871,1.87867287326,0.863174022847,0.470588235294,0.786197569093,0.41766745858,2.25,1.88235294118,0.786197569093,2.25,0.166339869281,0.0612244897959,3,0.00441176470588,0.185952380952,17,17,17,1,0,0.352941176471,0.411764705882,0.235294117647,0,0,0,0,0,0,0,0,0,0,0,0,0,0,0,0,0,0,0,0,0,0,0,0,0,0,0,0,0,37,0,0,235,1,1,0,0,1,1,1,1,1,1,2,2,0,0,0,0
3894,WLNM_dir_neg,1,0.5,00:00:00,10,90,33,1987284106,threshold_sweep,0.6,1,1,1,2,0,0,4,1,1,0,0,1,1,1,1,0.555555555556,1,1,1,37,35,2,0,37,0,35,0,2,17,37,0.136029411765,1.88235294118,4.35294117647,3.36363636364,2.84615384615,1.69341284359,0.389027274878,0.193958664547,2.09866904602,0.964253345467,0.518282988871,1.87867287326,0.863174022847,0.470588235294,0.786197569093,0.41766745858,2.25,1.88235294118,0.786197569093,2.25,0.166339869281,0.0612244897959,3,0.00441176470588,0.185952380952,17,17,17,1,0,0.352941176471,0.411764705882,0.235294117647,17,0.128676470588,1.90196078431,4.11764705882,3.18181818182,2.69230769231,1.57648156274,0.382859808093,0.201680672269,2.01465221053,0.978545359402,0.524369747899,1.74894926439,0.849489642704,0.463865546218,0.814492905316,0.428238537847,2.33333333333,1.90196078431,0.814492905316,2.33333333333,0,0,0,0,0.164242424242,17,17,17,1,0,0.352941176471,0.411764705882,0.235294117647,17,37,0.136029411765,1.88235294118,4.35294117647,3.36363636364,2.84615384615,1.69341284359,0.389027274878,0.193958664547,2.09866904602,0.964253345467,0.518282988871,1.87867287326,0.863174022847,0.470588235294,0.786197569093,0.41766745858,2.25,1.88235294118,0.786197569093,2.25,0.166339869281,0.0612244897959,3,0.00441176470588,0.185952380952,17,17,17,1,0,0.352941176471,0.411764705882,0.235294117647,0,0,0,0,0,0,0,0,0,0,0,0,0,0,0,0,0,0,0,0,0,0,0,0,0,0,0,0,0,37,0,0,235,1,1,0,0,1,1,1,1,1,1,2,2,0,0,0,0
3895,WLNM_dir_neg,1,0.5,00:00:00,10,90,33,1987284106,threshold_sweep,0.7,1,1,1,2,0,0,4,1,1,0,0,1,1,1,1,0.555555555556,1,1,1,37,35,2,0,37,0,35,0,2,17,37,0.136029411765,1.88235294118,4.35294117647,3.36363636364,2.84615384615,1.69341284359,0.389027274878,0.193958664547,2.09866904602,0.964253345467,0.518282988871,1.87867287326,0.863174022847,0.470588235294,0.786197569093,0.41766745858,2.25,1.88235294118,0.786197569093,2.25,0.166339869281,0.0612244897959,3,0.00441176470588,0.185952380952,17,17,17,1,0,0.352941176471,0.411764705882,0.235294117647,17,0.128676470588,1.90196078431,4.11764705882,3.18181818182,2.69230769231,1.57648156274,0.382859808093,0.201680672269,2.01465221053,0.978545359402,0.524369747899,1.74894926439,0.849489642704,0.463865546218,0.814492905316,0.428238537847,2.33333333333,1.90196078431,0.814492905316,2.33333333333,0,0,0,0,0.164242424242,17,17,17,1,0,0.352941176471,0.411764705882,0.235294117647,17,37,0.136029411765,1.88235294118,4.35294117647,3.36363636364,2.84615384615,1.69341284359,0.389027274878,0.193958664547,2.09866904602,0.964253345467,0.518282988871,1.87867287326,0.863174022847,0.470588235294,0.786197569093,0.41766745858,2.25,1.88235294118,0.786197569093,2.25,0.166339869281,0.0612244897959,3,0.00441176470588,0.185952380952,17,17,17,1,0,0.352941176471,0.411764705882,0.235294117647,0,0,0,0,0,0,0,0,0,0,0,0,0,0,0,0,0,0,0,0,0,0,0,0,0,0,0,0,0,37,0,0,235,1,1,0,0,1,1,1,1,1,1,2,2,0,0,0,0
3896,WLNM_dir_neg,1,0.5,00:00:00,10,90,33,1987284106,threshold_sweep,0.8,1,1,1,2,0,0,4,1,1,0,0,1,1,1,1,0.555555555556,1,1,1,37,35,2,0,37,0,35,0,2,17,37,0.136029411765,1.88235294118,4.35294117647,3.36363636364,2.84615384615,1.69341284359,0.389027274878,0.193958664547,2.09866904602,0.964253345467,0.518282988871,1.87867287326,0.863174022847,0.470588235294,0.786197569093,0.41766745858,2.25,1.88235294118,0.786197569093,2.25,0.166339869281,0.0612244897959,3,0.00441176470588,0.185952380952,17,17,17,1,0,0.352941176471,0.411764705882,0.235294117647,17,0.128676470588,1.90196078431,4.11764705882,3.18181818182,2.69230769231,1.57648156274,0.382859808093,0.201680672269,2.01465221053,0.978545359402,0.524369747899,1.74894926439,0.849489642704,0.463865546218,0.814492905316,0.428238537847,2.33333333333,1.90196078431,0.814492905316,2.33333333333,0,0,0,0,0.164242424242,17,17,17,1,0,0.352941176471,0.411764705882,0.235294117647,17,37,0.136029411765,1.88235294118,4.35294117647,3.36363636364,2.84615384615,1.69341284359,0.389027274878,0.193958664547,2.09866904602,0.964253345467,0.518282988871,1.87867287326,0.863174022847,0.470588235294,0.786197569093,0.41766745858,2.25,1.88235294118,0.786197569093,2.25,0.166339869281,0.0612244897959,3,0.00441176470588,0.185952380952,17,17,17,1,0,0.352941176471,0.411764705882,0.235294117647,0,0,0,0,0,0,0,0,0,0,0,0,0,0,0,0,0,0,0,0,0,0,0,0,0,0,0,0,0,37,0,0,235,1,1,0,0,1,1,1,1,1,1,2,2,0,0,0,0
3897,WLNM_dir_neg,1,0.5,00:00:00,10,90,33,1987284106,threshold_sweep,0.9,1,1,1,2,0,0,4,1,1,0,0,1,1,1,1,0.555555555556,1,1,1,37,35,2,0,37,0,35,0,2,17,37,0.136029411765,1.88235294118,4.35294117647,3.36363636364,2.84615384615,1.69341284359,0.389027274878,0.193958664547,2.09866904602,0.964253345467,0.518282988871,1.87867287326,0.863174022847,0.470588235294,0.786197569093,0.41766745858,2.25,1.88235294118,0.786197569093,2.25,0.166339869281,0.0612244897959,3,0.00441176470588,0.185952380952,17,17,17,1,0,0.352941176471,0.411764705882,0.235294117647,17,0.128676470588,1.90196078431,4.11764705882,3.18181818182,2.69230769231,1.57648156274,0.382859808093,0.201680672269,2.01465221053,0.978545359402,0.524369747899,1.74894926439,0.849489642704,0.463865546218,0.814492905316,0.428238537847,2.33333333333,1.90196078431,0.814492905316,2.33333333333,0,0,0,0,0.164242424242,17,17,17,1,0,0.352941176471,0.411764705882,0.235294117647,17,37,0.136029411765,1.88235294118,4.35294117647,3.36363636364,2.84615384615,1.69341284359,0.389027274878,0.193958664547,2.09866904602,0.964253345467,0.518282988871,1.87867287326,0.863174022847,0.470588235294,0.786197569093,0.41766745858,2.25,1.88235294118,0.786197569093,2.25,0.166339869281,0.0612244897959,3,0.00441176470588,0.185952380952,17,17,17,1,0,0.352941176471,0.411764705882,0.235294117647,0,0,0,0,0,0,0,0,0,0,0,0,0,0,0,0,0,0,0,0,0,0,0,0,0,0,0,0,0,37,0,0,235,1,1,0,0,1,1,1,1,1,1,2,2,0,0,0,0
3898,WLNM_dir_neg,1,0.5,00:00:00,10,90,34,1987284107,threshold_sweep,0.1,1,1,1,2,0,0,4,1,1,0,0,1,1,1,1,0.555555555556,1,1,1,37,35,2,0,37,0,35,0,2,17,37,0.136029411765,1.88235294118,4.35294117647,3.36363636364,2.84615384615,1.69341284359,0.389027274878,0.193958664547,2.09866904602,0.964253345467,0.518282988871,1.87867287326,0.863174022847,0.470588235294,0.786197569093,0.41766745858,2.25,1.88235294118,0.786197569093,2.25,0.166339869281,0.0612244897959,3,0.00441176470588,0.185952380952,17,17,17,1,0,0.352941176471,0.411764705882,0.235294117647,17,0.128676470588,1.90196078431,4.11764705882,3.18181818182,2.69230769231,1.57648156274,0.382859808093,0.201680672269,2.01465221053,0.978545359402,0.524369747899,1.74894926439,0.849489642704,0.463865546218,0.814492905316,0.428238537847,2.33333333333,1.90196078431,0.814492905316,2.33333333333,0,0,0,0,0.164242424242,17,17,17,1,0,0.352941176471,0.411764705882,0.235294117647,17,37,0.136029411765,1.88235294118,4.35294117647,3.36363636364,2.84615384615,1.69341284359,0.389027274878,0.193958664547,2.09866904602,0.964253345467,0.518282988871,1.87867287326,0.863174022847,0.470588235294,0.786197569093,0.41766745858,2.25,1.88235294118,0.786197569093,2.25,0.166339869281,0.0612244897959,3,0.00441176470588,0.185952380952,17,17,17,1,0,0.352941176471,0.411764705882,0.235294117647,0,0,0,0,0,0,0,0,0,0,0,0,0,0,0,0,0,0,0,0,0,0,0,0,0,0,0,0,0,37,0,0,235,1,1,0,0,1,1,1,1,1,1,2,2,0,0,0,0
3899,WLNM_dir_neg,1,0.5,00:00:00,10,90,34,1987284107,threshold_sweep,0.2,1,1,1,2,0,0,4,1,1,0,0,1,1,1,1,0.555555555556,1,1,1,37,35,2,0,37,0,35,0,2,17,37,0.136029411765,1.88235294118,4.35294117647,3.36363636364,2.84615384615,1.69341284359,0.389027274878,0.193958664547,2.09866904602,0.964253345467,0.518282988871,1.87867287326,0.863174022847,0.470588235294,0.786197569093,0.41766745858,2.25,1.88235294118,0.786197569093,2.25,0.166339869281,0.0612244897959,3,0.00441176470588,0.185952380952,17,17,17,1,0,0.352941176471,0.411764705882,0.235294117647,17,0.128676470588,1.90196078431,4.11764705882,3.18181818182,2.69230769231,1.57648156274,0.382859808093,0.201680672269,2.01465221053,0.978545359402,0.524369747899,1.74894926439,0.849489642704,0.463865546218,0.814492905316,0.428238537847,2.33333333333,1.90196078431,0.814492905316,2.33333333333,0,0,0,0,0.164242424242,17,17,17,1,0,0.352941176471,0.411764705882,0.235294117647,17,37,0.136029411765,1.88235294118,4.35294117647,3.36363636364,2.84615384615,1.69341284359,0.389027274878,0.193958664547,2.09866904602,0.964253345467,0.518282988871,1.87867287326,0.863174022847,0.470588235294,0.786197569093,0.41766745858,2.25,1.88235294118,0.786197569093,2.25,0.166339869281,0.0612244897959,3,0.00441176470588,0.185952380952,17,17,17,1,0,0.352941176471,0.411764705882,0.235294117647,0,0,0,0,0,0,0,0,0,0,0,0,0,0,0,0,0,0,0,0,0,0,0,0,0,0,0,0,0,37,0,0,235,1,1,0,0,1,1,1,1,1,1,2,2,0,0,0,0
3900,WLNM_dir_neg,1,0.5,00:00:00,10,90,34,1987284107,threshold_sweep,0.3,1,1,1,2,0,0,4,1,1,0,0,1,1,1,1,0.555555555556,1,1,1,37,35,2,0,37,0,35,0,2,17,37,0.136029411765,1.88235294118,4.35294117647,3.36363636364,2.84615384615,1.69341284359,0.389027274878,0.193958664547,2.09866904602,0.964253345467,0.518282988871,1.87867287326,0.863174022847,0.470588235294,0.786197569093,0.41766745858,2.25,1.88235294118,0.786197569093,2.25,0.166339869281,0.0612244897959,3,0.00441176470588,0.185952380952,17,17,17,1,0,0.352941176471,0.411764705882,0.235294117647,17,0.128676470588,1.90196078431,4.11764705882,3.18181818182,2.69230769231,1.57648156274,0.382859808093,0.201680672269,2.01465221053,0.978545359402,0.524369747899,1.74894926439,0.849489642704,0.463865546218,0.814492905316,0.428238537847,2.33333333333,1.90196078431,0.814492905316,2.33333333333,0,0,0,0,0.164242424242,17,17,17,1,0,0.352941176471,0.411764705882,0.235294117647,17,37,0.136029411765,1.88235294118,4.35294117647,3.36363636364,2.84615384615,1.69341284359,0.389027274878,0.193958664547,2.09866904602,0.964253345467,0.518282988871,1.87867287326,0.863174022847,0.470588235294,0.786197569093,0.41766745858,2.25,1.88235294118,0.786197569093,2.25,0.166339869281,0.0612244897959,3,0.00441176470588,0.185952380952,17,17,17,1,0,0.352941176471,0.411764705882,0.235294117647,0,0,0,0,0,0,0,0,0,0,0,0,0,0,0,0,0,0,0,0,0,0,0,0,0,0,0,0,0,37,0,0,235,1,1,0,0,1,1,1,1,1,1,2,2,0,0,0,0
3901,WLNM_dir_neg,1,0.5,00:00:00,10,90,34,1987284107,threshold_sweep,0.4,1,1,1,2,0,0,4,1,1,0,0,1,1,1,1,0.555555555556,1,1,1,37,35,2,0,37,0,35,0,2,17,37,0.136029411765,1.88235294118,4.35294117647,3.36363636364,2.84615384615,1.69341284359,0.389027274878,0.193958664547,2.09866904602,0.964253345467,0.518282988871,1.87867287326,0.863174022847,0.470588235294,0.786197569093,0.41766745858,2.25,1.88235294118,0.786197569093,2.25,0.166339869281,0.0612244897959,3,0.00441176470588,0.185952380952,17,17,17,1,0,0.352941176471,0.411764705882,0.235294117647,17,0.128676470588,1.90196078431,4.11764705882,3.18181818182,2.69230769231,1.57648156274,0.382859808093,0.201680672269,2.01465221053,0.978545359402,0.524369747899,1.74894926439,0.849489642704,0.463865546218,0.814492905316,0.428238537847,2.33333333333,1.90196078431,0.814492905316,2.33333333333,0,0,0,0,0.164242424242,17,17,17,1,0,0.352941176471,0.411764705882,0.235294117647,17,37,0.136029411765,1.88235294118,4.35294117647,3.36363636364,2.84615384615,1.69341284359,0.389027274878,0.193958664547,2.09866904602,0.964253345467,0.518282988871,1.87867287326,0.863174022847,0.470588235294,0.786197569093,0.41766745858,2.25,1.88235294118,0.786197569093,2.25,0.166339869281,0.0612244897959,3,0.00441176470588,0.185952380952,17,17,17,1,0,0.352941176471,0.411764705882,0.235294117647,0,0,0,0,0,0,0,0,0,0,0,0,0,0,0,0,0,0,0,0,0,0,0,0,0,0,0,0,0,37,0,0,235,1,1,0,0,1,1,1,1,1,1,2,2,0,0,0,0
3902,WLNM_dir_neg,1,0.5,00:00:00,10,90,34,1987284107,threshold_sweep,0.5,1,1,1,2,0,0,4,1,1,0,0,1,1,1,1,0.555555555556,1,1,1,37,35,2,0,37,0,35,0,2,17,37,0.136029411765,1.88235294118,4.35294117647,3.36363636364,2.84615384615,1.69341284359,0.389027274878,0.193958664547,2.09866904602,0.964253345467,0.518282988871,1.87867287326,0.863174022847,0.470588235294,0.786197569093,0.41766745858,2.25,1.88235294118,0.786197569093,2.25,0.166339869281,0.0612244897959,3,0.00441176470588,0.185952380952,17,17,17,1,0,0.352941176471,0.411764705882,0.235294117647,17,0.128676470588,1.90196078431,4.11764705882,3.18181818182,2.69230769231,1.57648156274,0.382859808093,0.201680672269,2.01465221053,0.978545359402,0.524369747899,1.74894926439,0.849489642704,0.463865546218,0.814492905316,0.428238537847,2.33333333333,1.90196078431,0.814492905316,2.33333333333,0,0,0,0,0.164242424242,17,17,17,1,0,0.352941176471,0.411764705882,0.235294117647,17,37,0.136029411765,1.88235294118,4.35294117647,3.36363636364,2.84615384615,1.69341284359,0.389027274878,0.193958664547,2.09866904602,0.964253345467,0.518282988871,1.87867287326,0.863174022847,0.470588235294,0.786197569093,0.41766745858,2.25,1.88235294118,0.786197569093,2.25,0.166339869281,0.0612244897959,3,0.00441176470588,0.185952380952,17,17,17,1,0,0.352941176471,0.411764705882,0.235294117647,0,0,0,0,0,0,0,0,0,0,0,0,0,0,0,0,0,0,0,0,0,0,0,0,0,0,0,0,0,37,0,0,235,1,1,0,0,1,1,1,1,1,1,2,2,0,0,0,0
3903,WLNM_dir_neg,1,0.5,00:00:00,10,90,34,1987284107,threshold_sweep,0.6,1,1,1,2,0,0,4,1,1,0,0,1,1,1,1,0.555555555556,1,1,1,37,35,2,0,37,0,35,0,2,17,37,0.136029411765,1.88235294118,4.35294117647,3.36363636364,2.84615384615,1.69341284359,0.389027274878,0.193958664547,2.09866904602,0.964253345467,0.518282988871,1.87867287326,0.863174022847,0.470588235294,0.786197569093,0.41766745858,2.25,1.88235294118,0.786197569093,2.25,0.166339869281,0.0612244897959,3,0.00441176470588,0.185952380952,17,17,17,1,0,0.352941176471,0.411764705882,0.235294117647,17,0.128676470588,1.90196078431,4.11764705882,3.18181818182,2.69230769231,1.57648156274,0.382859808093,0.201680672269,2.01465221053,0.978545359402,0.524369747899,1.74894926439,0.849489642704,0.463865546218,0.814492905316,0.428238537847,2.33333333333,1.90196078431,0.814492905316,2.33333333333,0,0,0,0,0.164242424242,17,17,17,1,0,0.352941176471,0.411764705882,0.235294117647,17,37,0.136029411765,1.88235294118,4.35294117647,3.36363636364,2.84615384615,1.69341284359,0.389027274878,0.193958664547,2.09866904602,0.964253345467,0.518282988871,1.87867287326,0.863174022847,0.470588235294,0.786197569093,0.41766745858,2.25,1.88235294118,0.786197569093,2.25,0.166339869281,0.0612244897959,3,0.00441176470588,0.185952380952,17,17,17,1,0,0.352941176471,0.411764705882,0.235294117647,0,0,0,0,0,0,0,0,0,0,0,0,0,0,0,0,0,0,0,0,0,0,0,0,0,0,0,0,0,37,0,0,235,1,1,0,0,1,1,1,1,1,1,2,2,0,0,0,0
3904,WLNM_dir_neg,1,0.5,00:00:00,10,90,34,1987284107,threshold_sweep,0.7,1,1,1,2,0,0,4,1,1,0,0,1,1,1,1,0.555555555556,1,1,1,37,35,2,0,37,0,35,0,2,17,37,0.136029411765,1.88235294118,4.35294117647,3.36363636364,2.84615384615,1.69341284359,0.389027274878,0.193958664547,2.09866904602,0.964253345467,0.518282988871,1.87867287326,0.863174022847,0.470588235294,0.786197569093,0.41766745858,2.25,1.88235294118,0.786197569093,2.25,0.166339869281,0.0612244897959,3,0.00441176470588,0.185952380952,17,17,17,1,0,0.352941176471,0.411764705882,0.235294117647,17,0.128676470588,1.90196078431,4.11764705882,3.18181818182,2.69230769231,1.57648156274,0.382859808093,0.201680672269,2.01465221053,0.978545359402,0.524369747899,1.74894926439,0.849489642704,0.463865546218,0.814492905316,0.428238537847,2.33333333333,1.90196078431,0.814492905316,2.33333333333,0,0,0,0,0.164242424242,17,17,17,1,0,0.352941176471,0.411764705882,0.235294117647,17,37,0.136029411765,1.88235294118,4.35294117647,3.36363636364,2.84615384615,1.69341284359,0.389027274878,0.193958664547,2.09866904602,0.964253345467,0.518282988871,1.87867287326,0.863174022847,0.470588235294,0.786197569093,0.41766745858,2.25,1.88235294118,0.786197569093,2.25,0.166339869281,0.0612244897959,3,0.00441176470588,0.185952380952,17,17,17,1,0,0.352941176471,0.411764705882,0.235294117647,0,0,0,0,0,0,0,0,0,0,0,0,0,0,0,0,0,0,0,0,0,0,0,0,0,0,0,0,0,37,0,0,235,1,1,0,0,1,1,1,1,1,1,2,2,0,0,0,0
3905,WLNM_dir_neg,1,0.5,00:00:00,10,90,34,1987284107,threshold_sweep,0.8,1,1,1,2,0,0,4,1,1,0,0,1,1,1,1,0.555555555556,1,1,1,37,35,2,0,37,0,35,0,2,17,37,0.136029411765,1.88235294118,4.35294117647,3.36363636364,2.84615384615,1.69341284359,0.389027274878,0.193958664547,2.09866904602,0.964253345467,0.518282988871,1.87867287326,0.863174022847,0.470588235294,0.786197569093,0.41766745858,2.25,1.88235294118,0.786197569093,2.25,0.166339869281,0.0612244897959,3,0.00441176470588,0.185952380952,17,17,17,1,0,0.352941176471,0.411764705882,0.235294117647,17,0.128676470588,1.90196078431,4.11764705882,3.18181818182,2.69230769231,1.57648156274,0.382859808093,0.201680672269,2.01465221053,0.978545359402,0.524369747899,1.74894926439,0.849489642704,0.463865546218,0.814492905316,0.428238537847,2.33333333333,1.90196078431,0.814492905316,2.33333333333,0,0,0,0,0.164242424242,17,17,17,1,0,0.352941176471,0.411764705882,0.235294117647,17,37,0.136029411765,1.88235294118,4.35294117647,3.36363636364,2.84615384615,1.69341284359,0.389027274878,0.193958664547,2.09866904602,0.964253345467,0.518282988871,1.87867287326,0.863174022847,0.470588235294,0.786197569093,0.41766745858,2.25,1.88235294118,0.786197569093,2.25,0.166339869281,0.0612244897959,3,0.00441176470588,0.185952380952,17,17,17,1,0,0.352941176471,0.411764705882,0.235294117647,0,0,0,0,0,0,0,0,0,0,0,0,0,0,0,0,0,0,0,0,0,0,0,0,0,0,0,0,0,37,0,0,235,1,1,0,0,1,1,1,1,1,1,2,2,0,0,0,0
3906,WLNM_dir_neg,1,0.5,00:00:00,10,90,34,1987284107,threshold_sweep,0.9,1,1,1,2,0,0,4,1,1,0,0,1,1,1,1,0.555555555556,1,1,1,37,35,2,0,37,0,35,0,2,17,37,0.136029411765,1.88235294118,4.35294117647,3.36363636364,2.84615384615,1.69341284359,0.389027274878,0.193958664547,2.09866904602,0.964253345467,0.518282988871,1.87867287326,0.863174022847,0.470588235294,0.786197569093,0.41766745858,2.25,1.88235294118,0.786197569093,2.25,0.166339869281,0.0612244897959,3,0.00441176470588,0.185952380952,17,17,17,1,0,0.352941176471,0.411764705882,0.235294117647,17,0.128676470588,1.90196078431,4.11764705882,3.18181818182,2.69230769231,1.57648156274,0.382859808093,0.201680672269,2.01465221053,0.978545359402,0.524369747899,1.74894926439,0.849489642704,0.463865546218,0.814492905316,0.428238537847,2.33333333333,1.90196078431,0.814492905316,2.33333333333,0,0,0,0,0.164242424242,17,17,17,1,0,0.352941176471,0.411764705882,0.235294117647,17,37,0.136029411765,1.88235294118,4.35294117647,3.36363636364,2.84615384615,1.69341284359,0.389027274878,0.193958664547,2.09866904602,0.964253345467,0.518282988871,1.87867287326,0.863174022847,0.470588235294,0.786197569093,0.41766745858,2.25,1.88235294118,0.786197569093,2.25,0.166339869281,0.0612244897959,3,0.00441176470588,0.185952380952,17,17,17,1,0,0.352941176471,0.411764705882,0.235294117647,0,0,0,0,0,0,0,0,0,0,0,0,0,0,0,0,0,0,0,0,0,0,0,0,0,0,0,0,0,37,0,0,235,1,1,0,0,1,1,1,1,1,1,2,2,0,0,0,0
3907,WLNM_dir_neg,1,0.5,00:00:00,10,90,35,1987284108,threshold_sweep,0.1,0.666666666667,1,0.8,2,1,0,3,1,0.75,0.25,0,0.666666666667,1,0.8,0.833333333333,0.5,0.666666666667,0.707106781187,0.75,37,35,2,0,37,0,35,0,2,17,37,0.136029411765,1.88235294118,4.35294117647,3.36363636364,2.84615384615,1.69341284359,0.389027274878,0.193958664547,2.09866904602,0.964253345467,0.518282988871,1.87867287326,0.863174022847,0.470588235294,0.786197569093,0.41766745858,2.25,1.88235294118,0.786197569093,2.25,0.166339869281,0.0612244897959,3,0.00441176470588,0.185952380952,17,17,17,1,0,0.352941176471,0.411764705882,0.235294117647,17,0.128676470588,1.90196078431,4.11764705882,3.18181818182,2.69230769231,1.57648156274,0.382859808093,0.201680672269,2.01465221053,0.978545359402,0.524369747899,1.74894926439,0.849489642704,0.463865546218,0.814492905316,0.428238537847,2.33333333333,1.90196078431,0.814492905316,2.33333333333,0,0,0,0,0.164242424242,17,17,17,1,0,0.352941176471,0.411764705882,0.235294117647,17,38,0.139705882353,1.98764705882,4.47058823529,3.16666666667,2.92307692308,1.58578241961,0.354714488598,0.171826625387,2.04723630062,0.915868871331,0.495356037152,1.92124346989,0.859503657582,0.467492260062,0.792996921587,0.398962641817,2.35,1.98764705882,0.792996921587,2.35,0.232679738562,0.0986842105263,5,0.00735294117647,0.164051226551,17,17,17,1,0,0.294117647059,0.470588235294,0.235294117647,1,0.00367647058824,0.105294117647,0.117647058824,-0.19696969697,0.0769230769231,-0.107630423974,-0.0343127862804,-0.0221320391599,-0.0514327453931,-0.0483844741355,-0.0229269517195,0.0425705966328,-0.00367036526551,-0.0030959752322,0.00679935249481,-0.0187048167638,0.1,0.105294117647,0.00679935249481,0.1,0.066339869281,0.0374597207304,2,0.00294117647059,-0.0219011544012,-0.0588235294118,0.0588235294118,0,37,1,0,234,1,0.995744680851,0.00425531914894,0,0.973684210526,1,0.986666666667,0.984652666406,0.995744680851,0.973684210526,3,2,0,0,0,0
3908,WLNM_dir_neg,1,0.5,00:00:00,10,90,35,1987284108,threshold_sweep,0.2,0.666666666667,1,0.8,2,1,0,3,1,0.75,0.25,0,0.666666666667,1,0.8,0.833333333333,0.5,0.666666666667,0.707106781187,0.75,37,35,2,0,37,0,35,0,2,17,37,0.136029411765,1.88235294118,4.35294117647,3.36363636364,2.84615384615,1.69341284359,0.389027274878,0.193958664547,2.09866904602,0.964253345467,0.518282988871,1.87867287326,0.863174022847,0.470588235294,0.786197569093,0.41766745858,2.25,1.88235294118,0.786197569093,2.25,0.166339869281,0.0612244897959,3,0.00441176470588,0.185952380952,17,17,17,1,0,0.352941176471,0.411764705882,0.235294117647,17,0.128676470588,1.90196078431,4.11764705882,3.18181818182,2.69230769231,1.57648156274,0.382859808093,0.201680672269,2.01465221053,0.978545359402,0.524369747899,1.74894926439,0.849489642704,0.463865546218,0.814492905316,0.428238537847,2.33333333333,1.90196078431,0.814492905316,2.33333333333,0,0,0,0,0.164242424242,17,17,17,1,0,0.352941176471,0.411764705882,0.235294117647,17,38,0.139705882353,1.98764705882,4.47058823529,3.16666666667,2.92307692308,1.58578241961,0.354714488598,0.171826625387,2.04723630062,0.915868871331,0.495356037152,1.92124346989,0.859503657582,0.467492260062,0.792996921587,0.398962641817,2.35,1.98764705882,0.792996921587,2.35,0.232679738562,0.0986842105263,5,0.00735294117647,0.164051226551,17,17,17,1,0,0.294117647059,0.470588235294,0.235294117647,1,0.00367647058824,0.105294117647,0.117647058824,-0.19696969697,0.0769230769231,-0.107630423974,-0.0343127862804,-0.0221320391599,-0.0514327453931,-0.0483844741355,-0.0229269517195,0.0425705966328,-0.00367036526551,-0.0030959752322,0.00679935249481,-0.0187048167638,0.1,0.105294117647,0.00679935249481,0.1,0.066339869281,0.0374597207304,2,0.00294117647059,-0.0219011544012,-0.0588235294118,0.0588235294118,0,37,1,0,234,1,0.995744680851,0.00425531914894,0,0.973684210526,1,0.986666666667,0.984652666406,0.995744680851,0.973684210526,3,2,0,0,0,0
3909,WLNM_dir_neg,1,0.5,00:00:00,10,90,35,1987284108,threshold_sweep,0.3,1,1,1,2,0,0,4,1,1,0,0,1,1,1,1,0.555555555556,1,1,1,37,35,2,0,37,0,35,0,2,17,37,0.136029411765,1.88235294118,4.35294117647,3.36363636364,2.84615384615,1.69341284359,0.389027274878,0.193958664547,2.09866904602,0.964253345467,0.518282988871,1.87867287326,0.863174022847,0.470588235294,0.786197569093,0.41766745858,2.25,1.88235294118,0.786197569093,2.25,0.166339869281,0.0612244897959,3,0.00441176470588,0.185952380952,17,17,17,1,0,0.352941176471,0.411764705882,0.235294117647,17,0.128676470588,1.90196078431,4.11764705882,3.18181818182,2.69230769231,1.57648156274,0.382859808093,0.201680672269,2.01465221053,0.978545359402,0.524369747899,1.74894926439,0.849489642704,0.463865546218,0.814492905316,0.428238537847,2.33333333333,1.90196078431,0.814492905316,2.33333333333,0,0,0,0,0.164242424242,17,17,17,1,0,0.352941176471,0.411764705882,0.235294117647,17,37,0.136029411765,1.88235294118,4.35294117647,3.36363636364,2.84615384615,1.69341284359,0.389027274878,0.193958664547,2.09866904602,0.964253345467,0.518282988871,1.87867287326,0.863174022847,0.470588235294,0.786197569093,0.41766745858,2.25,1.88235294118,0.786197569093,2.25,0.166339869281,0.0612244897959,3,0.00441176470588,0.185952380952,17,17,17,1,0,0.352941176471,0.411764705882,0.235294117647,0,0,0,0,0,0,0,0,0,0,0,0,0,0,0,0,0,0,0,0,0,0,0,0,0,0,0,0,0,37,0,0,235,1,1,0,0,1,1,1,1,1,1,2,2,0,0,0,0
3910,WLNM_dir_neg,1,0.5,00:00:00,10,90,35,1987284108,threshold_sweep,0.4,1,1,1,2,0,0,4,1,1,0,0,1,1,1,1,0.555555555556,1,1,1,37,35,2,0,37,0,35,0,2,17,37,0.136029411765,1.88235294118,4.35294117647,3.36363636364,2.84615384615,1.69341284359,0.389027274878,0.193958664547,2.09866904602,0.964253345467,0.518282988871,1.87867287326,0.863174022847,0.470588235294,0.786197569093,0.41766745858,2.25,1.88235294118,0.786197569093,2.25,0.166339869281,0.0612244897959,3,0.00441176470588,0.185952380952,17,17,17,1,0,0.352941176471,0.411764705882,0.235294117647,17,0.128676470588,1.90196078431,4.11764705882,3.18181818182,2.69230769231,1.57648156274,0.382859808093,0.201680672269,2.01465221053,0.978545359402,0.524369747899,1.74894926439,0.849489642704,0.463865546218,0.814492905316,0.428238537847,2.33333333333,1.90196078431,0.814492905316,2.33333333333,0,0,0,0,0.164242424242,17,17,17,1,0,0.352941176471,0.411764705882,0.235294117647,17,37,0.136029411765,1.88235294118,4.35294117647,3.36363636364,2.84615384615,1.69341284359,0.389027274878,0.193958664547,2.09866904602,0.964253345467,0.518282988871,1.87867287326,0.863174022847,0.470588235294,0.786197569093,0.41766745858,2.25,1.88235294118,0.786197569093,2.25,0.166339869281,0.0612244897959,3,0.00441176470588,0.185952380952,17,17,17,1,0,0.352941176471,0.411764705882,0.235294117647,0,0,0,0,0,0,0,0,0,0,0,0,0,0,0,0,0,0,0,0,0,0,0,0,0,0,0,0,0,37,0,0,235,1,1,0,0,1,1,1,1,1,1,2,2,0,0,0,0
3911,WLNM_dir_neg,1,0.5,00:00:00,10,90,35,1987284108,threshold_sweep,0.5,1,1,1,2,0,0,4,1,1,0,0,1,1,1,1,0.555555555556,1,1,1,37,35,2,0,37,0,35,0,2,17,37,0.136029411765,1.88235294118,4.35294117647,3.36363636364,2.84615384615,1.69341284359,0.389027274878,0.193958664547,2.09866904602,0.964253345467,0.518282988871,1.87867287326,0.863174022847,0.470588235294,0.786197569093,0.41766745858,2.25,1.88235294118,0.786197569093,2.25,0.166339869281,0.0612244897959,3,0.00441176470588,0.185952380952,17,17,17,1,0,0.352941176471,0.411764705882,0.235294117647,17,0.128676470588,1.90196078431,4.11764705882,3.18181818182,2.69230769231,1.57648156274,0.382859808093,0.201680672269,2.01465221053,0.978545359402,0.524369747899,1.74894926439,0.849489642704,0.463865546218,0.814492905316,0.428238537847,2.33333333333,1.90196078431,0.814492905316,2.33333333333,0,0,0,0,0.164242424242,17,17,17,1,0,0.352941176471,0.411764705882,0.235294117647,17,37,0.136029411765,1.88235294118,4.35294117647,3.36363636364,2.84615384615,1.69341284359,0.389027274878,0.193958664547,2.09866904602,0.964253345467,0.518282988871,1.87867287326,0.863174022847,0.470588235294,0.786197569093,0.41766745858,2.25,1.88235294118,0.786197569093,2.25,0.166339869281,0.0612244897959,3,0.00441176470588,0.185952380952,17,17,17,1,0,0.352941176471,0.411764705882,0.235294117647,0,0,0,0,0,0,0,0,0,0,0,0,0,0,0,0,0,0,0,0,0,0,0,0,0,0,0,0,0,37,0,0,235,1,1,0,0,1,1,1,1,1,1,2,2,0,0,0,0
3912,WLNM_dir_neg,1,0.5,00:00:00,10,90,35,1987284108,threshold_sweep,0.6,1,1,1,2,0,0,4,1,1,0,0,1,1,1,1,0.555555555556,1,1,1,37,35,2,0,37,0,35,0,2,17,37,0.136029411765,1.88235294118,4.35294117647,3.36363636364,2.84615384615,1.69341284359,0.389027274878,0.193958664547,2.09866904602,0.964253345467,0.518282988871,1.87867287326,0.863174022847,0.470588235294,0.786197569093,0.41766745858,2.25,1.88235294118,0.786197569093,2.25,0.166339869281,0.0612244897959,3,0.00441176470588,0.185952380952,17,17,17,1,0,0.352941176471,0.411764705882,0.235294117647,17,0.128676470588,1.90196078431,4.11764705882,3.18181818182,2.69230769231,1.57648156274,0.382859808093,0.201680672269,2.01465221053,0.978545359402,0.524369747899,1.74894926439,0.849489642704,0.463865546218,0.814492905316,0.428238537847,2.33333333333,1.90196078431,0.814492905316,2.33333333333,0,0,0,0,0.164242424242,17,17,17,1,0,0.352941176471,0.411764705882,0.235294117647,17,37,0.136029411765,1.88235294118,4.35294117647,3.36363636364,2.84615384615,1.69341284359,0.389027274878,0.193958664547,2.09866904602,0.964253345467,0.518282988871,1.87867287326,0.863174022847,0.470588235294,0.786197569093,0.41766745858,2.25,1.88235294118,0.786197569093,2.25,0.166339869281,0.0612244897959,3,0.00441176470588,0.185952380952,17,17,17,1,0,0.352941176471,0.411764705882,0.235294117647,0,0,0,0,0,0,0,0,0,0,0,0,0,0,0,0,0,0,0,0,0,0,0,0,0,0,0,0,0,37,0,0,235,1,1,0,0,1,1,1,1,1,1,2,2,0,0,0,0
3913,WLNM_dir_neg,1,0.5,00:00:00,10,90,35,1987284108,threshold_sweep,0.7,1,1,1,2,0,0,4,1,1,0,0,1,1,1,1,0.555555555556,1,1,1,37,35,2,0,37,0,35,0,2,17,37,0.136029411765,1.88235294118,4.35294117647,3.36363636364,2.84615384615,1.69341284359,0.389027274878,0.193958664547,2.09866904602,0.964253345467,0.518282988871,1.87867287326,0.863174022847,0.470588235294,0.786197569093,0.41766745858,2.25,1.88235294118,0.786197569093,2.25,0.166339869281,0.0612244897959,3,0.00441176470588,0.185952380952,17,17,17,1,0,0.352941176471,0.411764705882,0.235294117647,17,0.128676470588,1.90196078431,4.11764705882,3.18181818182,2.69230769231,1.57648156274,0.382859808093,0.201680672269,2.01465221053,0.978545359402,0.524369747899,1.74894926439,0.849489642704,0.463865546218,0.814492905316,0.428238537847,2.33333333333,1.90196078431,0.814492905316,2.33333333333,0,0,0,0,0.164242424242,17,17,17,1,0,0.352941176471,0.411764705882,0.235294117647,17,37,0.136029411765,1.88235294118,4.35294117647,3.36363636364,2.84615384615,1.69341284359,0.389027274878,0.193958664547,2.09866904602,0.964253345467,0.518282988871,1.87867287326,0.863174022847,0.470588235294,0.786197569093,0.41766745858,2.25,1.88235294118,0.786197569093,2.25,0.166339869281,0.0612244897959,3,0.00441176470588,0.185952380952,17,17,17,1,0,0.352941176471,0.411764705882,0.235294117647,0,0,0,0,0,0,0,0,0,0,0,0,0,0,0,0,0,0,0,0,0,0,0,0,0,0,0,0,0,37,0,0,235,1,1,0,0,1,1,1,1,1,1,2,2,0,0,0,0
3914,WLNM_dir_neg,1,0.5,00:00:00,10,90,35,1987284108,threshold_sweep,0.8,1,1,1,2,0,0,4,1,1,0,0,1,1,1,1,0.555555555556,1,1,1,37,35,2,0,37,0,35,0,2,17,37,0.136029411765,1.88235294118,4.35294117647,3.36363636364,2.84615384615,1.69341284359,0.389027274878,0.193958664547,2.09866904602,0.964253345467,0.518282988871,1.87867287326,0.863174022847,0.470588235294,0.786197569093,0.41766745858,2.25,1.88235294118,0.786197569093,2.25,0.166339869281,0.0612244897959,3,0.00441176470588,0.185952380952,17,17,17,1,0,0.352941176471,0.411764705882,0.235294117647,17,0.128676470588,1.90196078431,4.11764705882,3.18181818182,2.69230769231,1.57648156274,0.382859808093,0.201680672269,2.01465221053,0.978545359402,0.524369747899,1.74894926439,0.849489642704,0.463865546218,0.814492905316,0.428238537847,2.33333333333,1.90196078431,0.814492905316,2.33333333333,0,0,0,0,0.164242424242,17,17,17,1,0,0.352941176471,0.411764705882,0.235294117647,17,37,0.136029411765,1.88235294118,4.35294117647,3.36363636364,2.84615384615,1.69341284359,0.389027274878,0.193958664547,2.09866904602,0.964253345467,0.518282988871,1.87867287326,0.863174022847,0.470588235294,0.786197569093,0.41766745858,2.25,1.88235294118,0.786197569093,2.25,0.166339869281,0.0612244897959,3,0.00441176470588,0.185952380952,17,17,17,1,0,0.352941176471,0.411764705882,0.235294117647,0,0,0,0,0,0,0,0,0,0,0,0,0,0,0,0,0,0,0,0,0,0,0,0,0,0,0,0,0,37,0,0,235,1,1,0,0,1,1,1,1,1,1,2,2,0,0,0,0
3915,WLNM_dir_neg,1,0.5,00:00:00,10,90,35,1987284108,threshold_sweep,0.9,1,1,1,2,0,0,4,1,1,0,0,1,1,1,1,0.555555555556,1,1,1,37,35,2,0,37,0,35,0,2,17,37,0.136029411765,1.88235294118,4.35294117647,3.36363636364,2.84615384615,1.69341284359,0.389027274878,0.193958664547,2.09866904602,0.964253345467,0.518282988871,1.87867287326,0.863174022847,0.470588235294,0.786197569093,0.41766745858,2.25,1.88235294118,0.786197569093,2.25,0.166339869281,0.0612244897959,3,0.00441176470588,0.185952380952,17,17,17,1,0,0.352941176471,0.411764705882,0.235294117647,17,0.128676470588,1.90196078431,4.11764705882,3.18181818182,2.69230769231,1.57648156274,0.382859808093,0.201680672269,2.01465221053,0.978545359402,0.524369747899,1.74894926439,0.849489642704,0.463865546218,0.814492905316,0.428238537847,2.33333333333,1.90196078431,0.814492905316,2.33333333333,0,0,0,0,0.164242424242,17,17,17,1,0,0.352941176471,0.411764705882,0.235294117647,17,37,0.136029411765,1.88235294118,4.35294117647,3.36363636364,2.84615384615,1.69341284359,0.389027274878,0.193958664547,2.09866904602,0.964253345467,0.518282988871,1.87867287326,0.863174022847,0.470588235294,0.786197569093,0.41766745858,2.25,1.88235294118,0.786197569093,2.25,0.166339869281,0.0612244897959,3,0.00441176470588,0.185952380952,17,17,17,1,0,0.352941176471,0.411764705882,0.235294117647,0,0,0,0,0,0,0,0,0,0,0,0,0,0,0,0,0,0,0,0,0,0,0,0,0,0,0,0,0,37,0,0,235,1,1,0,0,1,1,1,1,1,1,2,2,0,0,0,0
3916,WLNM_dir_neg,1,0.5,00:00:00,10,90,36,1987284109,threshold_sweep,0.1,1,1,1,2,0,0,4,1,1,0,0,1,1,1,1,0.555555555556,1,1,1,37,35,2,0,37,0,35,0,2,17,37,0.136029411765,1.88235294118,4.35294117647,3.36363636364,2.84615384615,1.69341284359,0.389027274878,0.193958664547,2.09866904602,0.964253345467,0.518282988871,1.87867287326,0.863174022847,0.470588235294,0.786197569093,0.41766745858,2.25,1.88235294118,0.786197569093,2.25,0.166339869281,0.0612244897959,3,0.00441176470588,0.185952380952,17,17,17,1,0,0.352941176471,0.411764705882,0.235294117647,17,0.128676470588,1.90196078431,4.11764705882,3.18181818182,2.69230769231,1.57648156274,0.382859808093,0.201680672269,2.01465221053,0.978545359402,0.524369747899,1.74894926439,0.849489642704,0.463865546218,0.814492905316,0.428238537847,2.33333333333,1.90196078431,0.814492905316,2.33333333333,0,0,0,0,0.164242424242,17,17,17,1,0,0.352941176471,0.411764705882,0.235294117647,17,37,0.136029411765,1.88235294118,4.35294117647,3.36363636364,2.84615384615,1.69341284359,0.389027274878,0.193958664547,2.09866904602,0.964253345467,0.518282988871,1.87867287326,0.863174022847,0.470588235294,0.786197569093,0.41766745858,2.25,1.88235294118,0.786197569093,2.25,0.166339869281,0.0612244897959,3,0.00441176470588,0.185952380952,17,17,17,1,0,0.352941176471,0.411764705882,0.235294117647,0,0,0,0,0,0,0,0,0,0,0,0,0,0,0,0,0,0,0,0,0,0,0,0,0,0,0,0,0,37,0,0,235,1,1,0,0,1,1,1,1,1,1,2,2,0,0,0,0
3917,WLNM_dir_neg,1,0.5,00:00:00,10,90,36,1987284109,threshold_sweep,0.2,1,1,1,2,0,0,4,1,1,0,0,1,1,1,1,0.555555555556,1,1,1,37,35,2,0,37,0,35,0,2,17,37,0.136029411765,1.88235294118,4.35294117647,3.36363636364,2.84615384615,1.69341284359,0.389027274878,0.193958664547,2.09866904602,0.964253345467,0.518282988871,1.87867287326,0.863174022847,0.470588235294,0.786197569093,0.41766745858,2.25,1.88235294118,0.786197569093,2.25,0.166339869281,0.0612244897959,3,0.00441176470588,0.185952380952,17,17,17,1,0,0.352941176471,0.411764705882,0.235294117647,17,0.128676470588,1.90196078431,4.11764705882,3.18181818182,2.69230769231,1.57648156274,0.382859808093,0.201680672269,2.01465221053,0.978545359402,0.524369747899,1.74894926439,0.849489642704,0.463865546218,0.814492905316,0.428238537847,2.33333333333,1.90196078431,0.814492905316,2.33333333333,0,0,0,0,0.164242424242,17,17,17,1,0,0.352941176471,0.411764705882,0.235294117647,17,37,0.136029411765,1.88235294118,4.35294117647,3.36363636364,2.84615384615,1.69341284359,0.389027274878,0.193958664547,2.09866904602,0.964253345467,0.518282988871,1.87867287326,0.863174022847,0.470588235294,0.786197569093,0.41766745858,2.25,1.88235294118,0.786197569093,2.25,0.166339869281,0.0612244897959,3,0.00441176470588,0.185952380952,17,17,17,1,0,0.352941176471,0.411764705882,0.235294117647,0,0,0,0,0,0,0,0,0,0,0,0,0,0,0,0,0,0,0,0,0,0,0,0,0,0,0,0,0,37,0,0,235,1,1,0,0,1,1,1,1,1,1,2,2,0,0,0,0
3918,WLNM_dir_neg,1,0.5,00:00:00,10,90,36,1987284109,threshold_sweep,0.3,1,1,1,2,0,0,4,1,1,0,0,1,1,1,1,0.555555555556,1,1,1,37,35,2,0,37,0,35,0,2,17,37,0.136029411765,1.88235294118,4.35294117647,3.36363636364,2.84615384615,1.69341284359,0.389027274878,0.193958664547,2.09866904602,0.964253345467,0.518282988871,1.87867287326,0.863174022847,0.470588235294,0.786197569093,0.41766745858,2.25,1.88235294118,0.786197569093,2.25,0.166339869281,0.0612244897959,3,0.00441176470588,0.185952380952,17,17,17,1,0,0.352941176471,0.411764705882,0.235294117647,17,0.128676470588,1.90196078431,4.11764705882,3.18181818182,2.69230769231,1.57648156274,0.382859808093,0.201680672269,2.01465221053,0.978545359402,0.524369747899,1.74894926439,0.849489642704,0.463865546218,0.814492905316,0.428238537847,2.33333333333,1.90196078431,0.814492905316,2.33333333333,0,0,0,0,0.164242424242,17,17,17,1,0,0.352941176471,0.411764705882,0.235294117647,17,37,0.136029411765,1.88235294118,4.35294117647,3.36363636364,2.84615384615,1.69341284359,0.389027274878,0.193958664547,2.09866904602,0.964253345467,0.518282988871,1.87867287326,0.863174022847,0.470588235294,0.786197569093,0.41766745858,2.25,1.88235294118,0.786197569093,2.25,0.166339869281,0.0612244897959,3,0.00441176470588,0.185952380952,17,17,17,1,0,0.352941176471,0.411764705882,0.235294117647,0,0,0,0,0,0,0,0,0,0,0,0,0,0,0,0,0,0,0,0,0,0,0,0,0,0,0,0,0,37,0,0,235,1,1,0,0,1,1,1,1,1,1,2,2,0,0,0,0
3919,WLNM_dir_neg,1,0.5,00:00:00,10,90,36,1987284109,threshold_sweep,0.4,1,1,1,2,0,0,4,1,1,0,0,1,1,1,1,0.555555555556,1,1,1,37,35,2,0,37,0,35,0,2,17,37,0.136029411765,1.88235294118,4.35294117647,3.36363636364,2.84615384615,1.69341284359,0.389027274878,0.193958664547,2.09866904602,0.964253345467,0.518282988871,1.87867287326,0.863174022847,0.470588235294,0.786197569093,0.41766745858,2.25,1.88235294118,0.786197569093,2.25,0.166339869281,0.0612244897959,3,0.00441176470588,0.185952380952,17,17,17,1,0,0.352941176471,0.411764705882,0.235294117647,17,0.128676470588,1.90196078431,4.11764705882,3.18181818182,2.69230769231,1.57648156274,0.382859808093,0.201680672269,2.01465221053,0.978545359402,0.524369747899,1.74894926439,0.849489642704,0.463865546218,0.814492905316,0.428238537847,2.33333333333,1.90196078431,0.814492905316,2.33333333333,0,0,0,0,0.164242424242,17,17,17,1,0,0.352941176471,0.411764705882,0.235294117647,17,37,0.136029411765,1.88235294118,4.35294117647,3.36363636364,2.84615384615,1.69341284359,0.389027274878,0.193958664547,2.09866904602,0.964253345467,0.518282988871,1.87867287326,0.863174022847,0.470588235294,0.786197569093,0.41766745858,2.25,1.88235294118,0.786197569093,2.25,0.166339869281,0.0612244897959,3,0.00441176470588,0.185952380952,17,17,17,1,0,0.352941176471,0.411764705882,0.235294117647,0,0,0,0,0,0,0,0,0,0,0,0,0,0,0,0,0,0,0,0,0,0,0,0,0,0,0,0,0,37,0,0,235,1,1,0,0,1,1,1,1,1,1,2,2,0,0,0,0
3920,WLNM_dir_neg,1,0.5,00:00:00,10,90,36,1987284109,threshold_sweep,0.5,1,1,1,2,0,0,4,1,1,0,0,1,1,1,1,0.555555555556,1,1,1,37,35,2,0,37,0,35,0,2,17,37,0.136029411765,1.88235294118,4.35294117647,3.36363636364,2.84615384615,1.69341284359,0.389027274878,0.193958664547,2.09866904602,0.964253345467,0.518282988871,1.87867287326,0.863174022847,0.470588235294,0.786197569093,0.41766745858,2.25,1.88235294118,0.786197569093,2.25,0.166339869281,0.0612244897959,3,0.00441176470588,0.185952380952,17,17,17,1,0,0.352941176471,0.411764705882,0.235294117647,17,0.128676470588,1.90196078431,4.11764705882,3.18181818182,2.69230769231,1.57648156274,0.382859808093,0.201680672269,2.01465221053,0.978545359402,0.524369747899,1.74894926439,0.849489642704,0.463865546218,0.814492905316,0.428238537847,2.33333333333,1.90196078431,0.814492905316,2.33333333333,0,0,0,0,0.164242424242,17,17,17,1,0,0.352941176471,0.411764705882,0.235294117647,17,37,0.136029411765,1.88235294118,4.35294117647,3.36363636364,2.84615384615,1.69341284359,0.389027274878,0.193958664547,2.09866904602,0.964253345467,0.518282988871,1.87867287326,0.863174022847,0.470588235294,0.786197569093,0.41766745858,2.25,1.88235294118,0.786197569093,2.25,0.166339869281,0.0612244897959,3,0.00441176470588,0.185952380952,17,17,17,1,0,0.352941176471,0.411764705882,0.235294117647,0,0,0,0,0,0,0,0,0,0,0,0,0,0,0,0,0,0,0,0,0,0,0,0,0,0,0,0,0,37,0,0,235,1,1,0,0,1,1,1,1,1,1,2,2,0,0,0,0
3921,WLNM_dir_neg,1,0.5,00:00:00,10,90,36,1987284109,threshold_sweep,0.6,1,1,1,2,0,0,4,1,1,0,0,1,1,1,1,0.555555555556,1,1,1,37,35,2,0,37,0,35,0,2,17,37,0.136029411765,1.88235294118,4.35294117647,3.36363636364,2.84615384615,1.69341284359,0.389027274878,0.193958664547,2.09866904602,0.964253345467,0.518282988871,1.87867287326,0.863174022847,0.470588235294,0.786197569093,0.41766745858,2.25,1.88235294118,0.786197569093,2.25,0.166339869281,0.0612244897959,3,0.00441176470588,0.185952380952,17,17,17,1,0,0.352941176471,0.411764705882,0.235294117647,17,0.128676470588,1.90196078431,4.11764705882,3.18181818182,2.69230769231,1.57648156274,0.382859808093,0.201680672269,2.01465221053,0.978545359402,0.524369747899,1.74894926439,0.849489642704,0.463865546218,0.814492905316,0.428238537847,2.33333333333,1.90196078431,0.814492905316,2.33333333333,0,0,0,0,0.164242424242,17,17,17,1,0,0.352941176471,0.411764705882,0.235294117647,17,37,0.136029411765,1.88235294118,4.35294117647,3.36363636364,2.84615384615,1.69341284359,0.389027274878,0.193958664547,2.09866904602,0.964253345467,0.518282988871,1.87867287326,0.863174022847,0.470588235294,0.786197569093,0.41766745858,2.25,1.88235294118,0.786197569093,2.25,0.166339869281,0.0612244897959,3,0.00441176470588,0.185952380952,17,17,17,1,0,0.352941176471,0.411764705882,0.235294117647,0,0,0,0,0,0,0,0,0,0,0,0,0,0,0,0,0,0,0,0,0,0,0,0,0,0,0,0,0,37,0,0,235,1,1,0,0,1,1,1,1,1,1,2,2,0,0,0,0
3922,WLNM_dir_neg,1,0.5,00:00:00,10,90,36,1987284109,threshold_sweep,0.7,1,1,1,2,0,0,4,1,1,0,0,1,1,1,1,0.555555555556,1,1,1,37,35,2,0,37,0,35,0,2,17,37,0.136029411765,1.88235294118,4.35294117647,3.36363636364,2.84615384615,1.69341284359,0.389027274878,0.193958664547,2.09866904602,0.964253345467,0.518282988871,1.87867287326,0.863174022847,0.470588235294,0.786197569093,0.41766745858,2.25,1.88235294118,0.786197569093,2.25,0.166339869281,0.0612244897959,3,0.00441176470588,0.185952380952,17,17,17,1,0,0.352941176471,0.411764705882,0.235294117647,17,0.128676470588,1.90196078431,4.11764705882,3.18181818182,2.69230769231,1.57648156274,0.382859808093,0.201680672269,2.01465221053,0.978545359402,0.524369747899,1.74894926439,0.849489642704,0.463865546218,0.814492905316,0.428238537847,2.33333333333,1.90196078431,0.814492905316,2.33333333333,0,0,0,0,0.164242424242,17,17,17,1,0,0.352941176471,0.411764705882,0.235294117647,17,37,0.136029411765,1.88235294118,4.35294117647,3.36363636364,2.84615384615,1.69341284359,0.389027274878,0.193958664547,2.09866904602,0.964253345467,0.518282988871,1.87867287326,0.863174022847,0.470588235294,0.786197569093,0.41766745858,2.25,1.88235294118,0.786197569093,2.25,0.166339869281,0.0612244897959,3,0.00441176470588,0.185952380952,17,17,17,1,0,0.352941176471,0.411764705882,0.235294117647,0,0,0,0,0,0,0,0,0,0,0,0,0,0,0,0,0,0,0,0,0,0,0,0,0,0,0,0,0,37,0,0,235,1,1,0,0,1,1,1,1,1,1,2,2,0,0,0,0
3923,WLNM_dir_neg,1,0.5,00:00:00,10,90,36,1987284109,threshold_sweep,0.8,1,1,1,2,0,0,4,1,1,0,0,1,1,1,1,0.555555555556,1,1,1,37,35,2,0,37,0,35,0,2,17,37,0.136029411765,1.88235294118,4.35294117647,3.36363636364,2.84615384615,1.69341284359,0.389027274878,0.193958664547,2.09866904602,0.964253345467,0.518282988871,1.87867287326,0.863174022847,0.470588235294,0.786197569093,0.41766745858,2.25,1.88235294118,0.786197569093,2.25,0.166339869281,0.0612244897959,3,0.00441176470588,0.185952380952,17,17,17,1,0,0.352941176471,0.411764705882,0.235294117647,17,0.128676470588,1.90196078431,4.11764705882,3.18181818182,2.69230769231,1.57648156274,0.382859808093,0.201680672269,2.01465221053,0.978545359402,0.524369747899,1.74894926439,0.849489642704,0.463865546218,0.814492905316,0.428238537847,2.33333333333,1.90196078431,0.814492905316,2.33333333333,0,0,0,0,0.164242424242,17,17,17,1,0,0.352941176471,0.411764705882,0.235294117647,17,37,0.136029411765,1.88235294118,4.35294117647,3.36363636364,2.84615384615,1.69341284359,0.389027274878,0.193958664547,2.09866904602,0.964253345467,0.518282988871,1.87867287326,0.863174022847,0.470588235294,0.786197569093,0.41766745858,2.25,1.88235294118,0.786197569093,2.25,0.166339869281,0.0612244897959,3,0.00441176470588,0.185952380952,17,17,17,1,0,0.352941176471,0.411764705882,0.235294117647,0,0,0,0,0,0,0,0,0,0,0,0,0,0,0,0,0,0,0,0,0,0,0,0,0,0,0,0,0,37,0,0,235,1,1,0,0,1,1,1,1,1,1,2,2,0,0,0,0
3924,WLNM_dir_neg,1,0.5,00:00:00,10,90,36,1987284109,threshold_sweep,0.9,1,1,1,2,0,0,4,1,1,0,0,1,1,1,1,0.555555555556,1,1,1,37,35,2,0,37,0,35,0,2,17,37,0.136029411765,1.88235294118,4.35294117647,3.36363636364,2.84615384615,1.69341284359,0.389027274878,0.193958664547,2.09866904602,0.964253345467,0.518282988871,1.87867287326,0.863174022847,0.470588235294,0.786197569093,0.41766745858,2.25,1.88235294118,0.786197569093,2.25,0.166339869281,0.0612244897959,3,0.00441176470588,0.185952380952,17,17,17,1,0,0.352941176471,0.411764705882,0.235294117647,17,0.128676470588,1.90196078431,4.11764705882,3.18181818182,2.69230769231,1.57648156274,0.382859808093,0.201680672269,2.01465221053,0.978545359402,0.524369747899,1.74894926439,0.849489642704,0.463865546218,0.814492905316,0.428238537847,2.33333333333,1.90196078431,0.814492905316,2.33333333333,0,0,0,0,0.164242424242,17,17,17,1,0,0.352941176471,0.411764705882,0.235294117647,17,37,0.136029411765,1.88235294118,4.35294117647,3.36363636364,2.84615384615,1.69341284359,0.389027274878,0.193958664547,2.09866904602,0.964253345467,0.518282988871,1.87867287326,0.863174022847,0.470588235294,0.786197569093,0.41766745858,2.25,1.88235294118,0.786197569093,2.25,0.166339869281,0.0612244897959,3,0.00441176470588,0.185952380952,17,17,17,1,0,0.352941176471,0.411764705882,0.235294117647,0,0,0,0,0,0,0,0,0,0,0,0,0,0,0,0,0,0,0,0,0,0,0,0,0,0,0,0,0,37,0,0,235,1,1,0,0,1,1,1,1,1,1,2,2,0,0,0,0
3925,WLNM_dir_neg,1,0.5,00:00:00,10,90,37,1987284110,threshold_sweep,0.1,1,1,1,2,0,0,4,1,1,0,0,1,1,1,1,0.555555555556,1,1,1,37,35,2,0,37,0,35,0,2,17,37,0.136029411765,1.88235294118,4.35294117647,3.36363636364,2.84615384615,1.69341284359,0.389027274878,0.193958664547,2.09866904602,0.964253345467,0.518282988871,1.87867287326,0.863174022847,0.470588235294,0.786197569093,0.41766745858,2.25,1.88235294118,0.786197569093,2.25,0.166339869281,0.0612244897959,3,0.00441176470588,0.185952380952,17,17,17,1,0,0.352941176471,0.411764705882,0.235294117647,17,0.128676470588,1.90196078431,4.11764705882,3.18181818182,2.69230769231,1.57648156274,0.382859808093,0.201680672269,2.01465221053,0.978545359402,0.524369747899,1.74894926439,0.849489642704,0.463865546218,0.814492905316,0.428238537847,2.33333333333,1.90196078431,0.814492905316,2.33333333333,0,0,0,0,0.164242424242,17,17,17,1,0,0.352941176471,0.411764705882,0.235294117647,17,37,0.136029411765,1.88235294118,4.35294117647,3.36363636364,2.84615384615,1.69341284359,0.389027274878,0.193958664547,2.09866904602,0.964253345467,0.518282988871,1.87867287326,0.863174022847,0.470588235294,0.786197569093,0.41766745858,2.25,1.88235294118,0.786197569093,2.25,0.166339869281,0.0612244897959,3,0.00441176470588,0.185952380952,17,17,17,1,0,0.352941176471,0.411764705882,0.235294117647,0,0,0,0,0,0,0,0,0,0,0,0,0,0,0,0,0,0,0,0,0,0,0,0,0,0,0,0,0,37,0,0,235,1,1,0,0,1,1,1,1,1,1,2,2,0,0,0,0
3926,WLNM_dir_neg,1,0.5,00:00:00,10,90,37,1987284110,threshold_sweep,0.2,1,1,1,2,0,0,4,1,1,0,0,1,1,1,1,0.555555555556,1,1,1,37,35,2,0,37,0,35,0,2,17,37,0.136029411765,1.88235294118,4.35294117647,3.36363636364,2.84615384615,1.69341284359,0.389027274878,0.193958664547,2.09866904602,0.964253345467,0.518282988871,1.87867287326,0.863174022847,0.470588235294,0.786197569093,0.41766745858,2.25,1.88235294118,0.786197569093,2.25,0.166339869281,0.0612244897959,3,0.00441176470588,0.185952380952,17,17,17,1,0,0.352941176471,0.411764705882,0.235294117647,17,0.128676470588,1.90196078431,4.11764705882,3.18181818182,2.69230769231,1.57648156274,0.382859808093,0.201680672269,2.01465221053,0.978545359402,0.524369747899,1.74894926439,0.849489642704,0.463865546218,0.814492905316,0.428238537847,2.33333333333,1.90196078431,0.814492905316,2.33333333333,0,0,0,0,0.164242424242,17,17,17,1,0,0.352941176471,0.411764705882,0.235294117647,17,37,0.136029411765,1.88235294118,4.35294117647,3.36363636364,2.84615384615,1.69341284359,0.389027274878,0.193958664547,2.09866904602,0.964253345467,0.518282988871,1.87867287326,0.863174022847,0.470588235294,0.786197569093,0.41766745858,2.25,1.88235294118,0.786197569093,2.25,0.166339869281,0.0612244897959,3,0.00441176470588,0.185952380952,17,17,17,1,0,0.352941176471,0.411764705882,0.235294117647,0,0,0,0,0,0,0,0,0,0,0,0,0,0,0,0,0,0,0,0,0,0,0,0,0,0,0,0,0,37,0,0,235,1,1,0,0,1,1,1,1,1,1,2,2,0,0,0,0
3927,WLNM_dir_neg,1,0.5,00:00:00,10,90,37,1987284110,threshold_sweep,0.3,1,1,1,2,0,0,4,1,1,0,0,1,1,1,1,0.555555555556,1,1,1,37,35,2,0,37,0,35,0,2,17,37,0.136029411765,1.88235294118,4.35294117647,3.36363636364,2.84615384615,1.69341284359,0.389027274878,0.193958664547,2.09866904602,0.964253345467,0.518282988871,1.87867287326,0.863174022847,0.470588235294,0.786197569093,0.41766745858,2.25,1.88235294118,0.786197569093,2.25,0.166339869281,0.0612244897959,3,0.00441176470588,0.185952380952,17,17,17,1,0,0.352941176471,0.411764705882,0.235294117647,17,0.128676470588,1.90196078431,4.11764705882,3.18181818182,2.69230769231,1.57648156274,0.382859808093,0.201680672269,2.01465221053,0.978545359402,0.524369747899,1.74894926439,0.849489642704,0.463865546218,0.814492905316,0.428238537847,2.33333333333,1.90196078431,0.814492905316,2.33333333333,0,0,0,0,0.164242424242,17,17,17,1,0,0.352941176471,0.411764705882,0.235294117647,17,37,0.136029411765,1.88235294118,4.35294117647,3.36363636364,2.84615384615,1.69341284359,0.389027274878,0.193958664547,2.09866904602,0.964253345467,0.518282988871,1.87867287326,0.863174022847,0.470588235294,0.786197569093,0.41766745858,2.25,1.88235294118,0.786197569093,2.25,0.166339869281,0.0612244897959,3,0.00441176470588,0.185952380952,17,17,17,1,0,0.352941176471,0.411764705882,0.235294117647,0,0,0,0,0,0,0,0,0,0,0,0,0,0,0,0,0,0,0,0,0,0,0,0,0,0,0,0,0,37,0,0,235,1,1,0,0,1,1,1,1,1,1,2,2,0,0,0,0
3928,WLNM_dir_neg,1,0.5,00:00:00,10,90,37,1987284110,threshold_sweep,0.4,1,1,1,2,0,0,4,1,1,0,0,1,1,1,1,0.555555555556,1,1,1,37,35,2,0,37,0,35,0,2,17,37,0.136029411765,1.88235294118,4.35294117647,3.36363636364,2.84615384615,1.69341284359,0.389027274878,0.193958664547,2.09866904602,0.964253345467,0.518282988871,1.87867287326,0.863174022847,0.470588235294,0.786197569093,0.41766745858,2.25,1.88235294118,0.786197569093,2.25,0.166339869281,0.0612244897959,3,0.00441176470588,0.185952380952,17,17,17,1,0,0.352941176471,0.411764705882,0.235294117647,17,0.128676470588,1.90196078431,4.11764705882,3.18181818182,2.69230769231,1.57648156274,0.382859808093,0.201680672269,2.01465221053,0.978545359402,0.524369747899,1.74894926439,0.849489642704,0.463865546218,0.814492905316,0.428238537847,2.33333333333,1.90196078431,0.814492905316,2.33333333333,0,0,0,0,0.164242424242,17,17,17,1,0,0.352941176471,0.411764705882,0.235294117647,17,37,0.136029411765,1.88235294118,4.35294117647,3.36363636364,2.84615384615,1.69341284359,0.389027274878,0.193958664547,2.09866904602,0.964253345467,0.518282988871,1.87867287326,0.863174022847,0.470588235294,0.786197569093,0.41766745858,2.25,1.88235294118,0.786197569093,2.25,0.166339869281,0.0612244897959,3,0.00441176470588,0.185952380952,17,17,17,1,0,0.352941176471,0.411764705882,0.235294117647,0,0,0,0,0,0,0,0,0,0,0,0,0,0,0,0,0,0,0,0,0,0,0,0,0,0,0,0,0,37,0,0,235,1,1,0,0,1,1,1,1,1,1,2,2,0,0,0,0
3929,WLNM_dir_neg,1,0.5,00:00:00,10,90,37,1987284110,threshold_sweep,0.5,1,1,1,2,0,0,4,1,1,0,0,1,1,1,1,0.555555555556,1,1,1,37,35,2,0,37,0,35,0,2,17,37,0.136029411765,1.88235294118,4.35294117647,3.36363636364,2.84615384615,1.69341284359,0.389027274878,0.193958664547,2.09866904602,0.964253345467,0.518282988871,1.87867287326,0.863174022847,0.470588235294,0.786197569093,0.41766745858,2.25,1.88235294118,0.786197569093,2.25,0.166339869281,0.0612244897959,3,0.00441176470588,0.185952380952,17,17,17,1,0,0.352941176471,0.411764705882,0.235294117647,17,0.128676470588,1.90196078431,4.11764705882,3.18181818182,2.69230769231,1.57648156274,0.382859808093,0.201680672269,2.01465221053,0.978545359402,0.524369747899,1.74894926439,0.849489642704,0.463865546218,0.814492905316,0.428238537847,2.33333333333,1.90196078431,0.814492905316,2.33333333333,0,0,0,0,0.164242424242,17,17,17,1,0,0.352941176471,0.411764705882,0.235294117647,17,37,0.136029411765,1.88235294118,4.35294117647,3.36363636364,2.84615384615,1.69341284359,0.389027274878,0.193958664547,2.09866904602,0.964253345467,0.518282988871,1.87867287326,0.863174022847,0.470588235294,0.786197569093,0.41766745858,2.25,1.88235294118,0.786197569093,2.25,0.166339869281,0.0612244897959,3,0.00441176470588,0.185952380952,17,17,17,1,0,0.352941176471,0.411764705882,0.235294117647,0,0,0,0,0,0,0,0,0,0,0,0,0,0,0,0,0,0,0,0,0,0,0,0,0,0,0,0,0,37,0,0,235,1,1,0,0,1,1,1,1,1,1,2,2,0,0,0,0
3930,WLNM_dir_neg,1,0.5,00:00:00,10,90,37,1987284110,threshold_sweep,0.6,1,1,1,2,0,0,4,1,1,0,0,1,1,1,1,0.555555555556,1,1,1,37,35,2,0,37,0,35,0,2,17,37,0.136029411765,1.88235294118,4.35294117647,3.36363636364,2.84615384615,1.69341284359,0.389027274878,0.193958664547,2.09866904602,0.964253345467,0.518282988871,1.87867287326,0.863174022847,0.470588235294,0.786197569093,0.41766745858,2.25,1.88235294118,0.786197569093,2.25,0.166339869281,0.0612244897959,3,0.00441176470588,0.185952380952,17,17,17,1,0,0.352941176471,0.411764705882,0.235294117647,17,0.128676470588,1.90196078431,4.11764705882,3.18181818182,2.69230769231,1.57648156274,0.382859808093,0.201680672269,2.01465221053,0.978545359402,0.524369747899,1.74894926439,0.849489642704,0.463865546218,0.814492905316,0.428238537847,2.33333333333,1.90196078431,0.814492905316,2.33333333333,0,0,0,0,0.164242424242,17,17,17,1,0,0.352941176471,0.411764705882,0.235294117647,17,37,0.136029411765,1.88235294118,4.35294117647,3.36363636364,2.84615384615,1.69341284359,0.389027274878,0.193958664547,2.09866904602,0.964253345467,0.518282988871,1.87867287326,0.863174022847,0.470588235294,0.786197569093,0.41766745858,2.25,1.88235294118,0.786197569093,2.25,0.166339869281,0.0612244897959,3,0.00441176470588,0.185952380952,17,17,17,1,0,0.352941176471,0.411764705882,0.235294117647,0,0,0,0,0,0,0,0,0,0,0,0,0,0,0,0,0,0,0,0,0,0,0,0,0,0,0,0,0,37,0,0,235,1,1,0,0,1,1,1,1,1,1,2,2,0,0,0,0
3931,WLNM_dir_neg,1,0.5,00:00:00,10,90,37,1987284110,threshold_sweep,0.7,1,1,1,2,0,0,4,1,1,0,0,1,1,1,1,0.555555555556,1,1,1,37,35,2,0,37,0,35,0,2,17,37,0.136029411765,1.88235294118,4.35294117647,3.36363636364,2.84615384615,1.69341284359,0.389027274878,0.193958664547,2.09866904602,0.964253345467,0.518282988871,1.87867287326,0.863174022847,0.470588235294,0.786197569093,0.41766745858,2.25,1.88235294118,0.786197569093,2.25,0.166339869281,0.0612244897959,3,0.00441176470588,0.185952380952,17,17,17,1,0,0.352941176471,0.411764705882,0.235294117647,17,0.128676470588,1.90196078431,4.11764705882,3.18181818182,2.69230769231,1.57648156274,0.382859808093,0.201680672269,2.01465221053,0.978545359402,0.524369747899,1.74894926439,0.849489642704,0.463865546218,0.814492905316,0.428238537847,2.33333333333,1.90196078431,0.814492905316,2.33333333333,0,0,0,0,0.164242424242,17,17,17,1,0,0.352941176471,0.411764705882,0.235294117647,17,37,0.136029411765,1.88235294118,4.35294117647,3.36363636364,2.84615384615,1.69341284359,0.389027274878,0.193958664547,2.09866904602,0.964253345467,0.518282988871,1.87867287326,0.863174022847,0.470588235294,0.786197569093,0.41766745858,2.25,1.88235294118,0.786197569093,2.25,0.166339869281,0.0612244897959,3,0.00441176470588,0.185952380952,17,17,17,1,0,0.352941176471,0.411764705882,0.235294117647,0,0,0,0,0,0,0,0,0,0,0,0,0,0,0,0,0,0,0,0,0,0,0,0,0,0,0,0,0,37,0,0,235,1,1,0,0,1,1,1,1,1,1,2,2,0,0,0,0
3932,WLNM_dir_neg,1,0.5,00:00:00,10,90,37,1987284110,threshold_sweep,0.8,1,1,1,2,0,0,4,1,1,0,0,1,1,1,1,0.555555555556,1,1,1,37,35,2,0,37,0,35,0,2,17,37,0.136029411765,1.88235294118,4.35294117647,3.36363636364,2.84615384615,1.69341284359,0.389027274878,0.193958664547,2.09866904602,0.964253345467,0.518282988871,1.87867287326,0.863174022847,0.470588235294,0.786197569093,0.41766745858,2.25,1.88235294118,0.786197569093,2.25,0.166339869281,0.0612244897959,3,0.00441176470588,0.185952380952,17,17,17,1,0,0.352941176471,0.411764705882,0.235294117647,17,0.128676470588,1.90196078431,4.11764705882,3.18181818182,2.69230769231,1.57648156274,0.382859808093,0.201680672269,2.01465221053,0.978545359402,0.524369747899,1.74894926439,0.849489642704,0.463865546218,0.814492905316,0.428238537847,2.33333333333,1.90196078431,0.814492905316,2.33333333333,0,0,0,0,0.164242424242,17,17,17,1,0,0.352941176471,0.411764705882,0.235294117647,17,37,0.136029411765,1.88235294118,4.35294117647,3.36363636364,2.84615384615,1.69341284359,0.389027274878,0.193958664547,2.09866904602,0.964253345467,0.518282988871,1.87867287326,0.863174022847,0.470588235294,0.786197569093,0.41766745858,2.25,1.88235294118,0.786197569093,2.25,0.166339869281,0.0612244897959,3,0.00441176470588,0.185952380952,17,17,17,1,0,0.352941176471,0.411764705882,0.235294117647,0,0,0,0,0,0,0,0,0,0,0,0,0,0,0,0,0,0,0,0,0,0,0,0,0,0,0,0,0,37,0,0,235,1,1,0,0,1,1,1,1,1,1,2,2,0,0,0,0
3933,WLNM_dir_neg,1,0.5,00:00:00,10,90,37,1987284110,threshold_sweep,0.9,1,1,1,2,0,0,4,1,1,0,0,1,1,1,1,0.555555555556,1,1,1,37,35,2,0,37,0,35,0,2,17,37,0.136029411765,1.88235294118,4.35294117647,3.36363636364,2.84615384615,1.69341284359,0.389027274878,0.193958664547,2.09866904602,0.964253345467,0.518282988871,1.87867287326,0.863174022847,0.470588235294,0.786197569093,0.41766745858,2.25,1.88235294118,0.786197569093,2.25,0.166339869281,0.0612244897959,3,0.00441176470588,0.185952380952,17,17,17,1,0,0.352941176471,0.411764705882,0.235294117647,17,0.128676470588,1.90196078431,4.11764705882,3.18181818182,2.69230769231,1.57648156274,0.382859808093,0.201680672269,2.01465221053,0.978545359402,0.524369747899,1.74894926439,0.849489642704,0.463865546218,0.814492905316,0.428238537847,2.33333333333,1.90196078431,0.814492905316,2.33333333333,0,0,0,0,0.164242424242,17,17,17,1,0,0.352941176471,0.411764705882,0.235294117647,17,37,0.136029411765,1.88235294118,4.35294117647,3.36363636364,2.84615384615,1.69341284359,0.389027274878,0.193958664547,2.09866904602,0.964253345467,0.518282988871,1.87867287326,0.863174022847,0.470588235294,0.786197569093,0.41766745858,2.25,1.88235294118,0.786197569093,2.25,0.166339869281,0.0612244897959,3,0.00441176470588,0.185952380952,17,17,17,1,0,0.352941176471,0.411764705882,0.235294117647,0,0,0,0,0,0,0,0,0,0,0,0,0,0,0,0,0,0,0,0,0,0,0,0,0,0,0,0,0,37,0,0,235,1,1,0,0,1,1,1,1,1,1,2,2,0,0,0,0
3934,WLNM_dir_neg,1,0.5,00:00:00,10,90,38,1987284111,threshold_sweep,0.1,1,1,1,2,0,0,4,1,1,0,0,1,1,1,1,0.555555555556,1,1,1,37,35,2,0,37,0,35,0,2,17,37,0.136029411765,1.88235294118,4.35294117647,3.36363636364,2.84615384615,1.69341284359,0.389027274878,0.193958664547,2.09866904602,0.964253345467,0.518282988871,1.87867287326,0.863174022847,0.470588235294,0.786197569093,0.41766745858,2.25,1.88235294118,0.786197569093,2.25,0.166339869281,0.0612244897959,3,0.00441176470588,0.185952380952,17,17,17,1,0,0.352941176471,0.411764705882,0.235294117647,17,0.128676470588,1.90196078431,4.11764705882,3.18181818182,2.69230769231,1.57648156274,0.382859808093,0.201680672269,2.01465221053,0.978545359402,0.524369747899,1.74894926439,0.849489642704,0.463865546218,0.814492905316,0.428238537847,2.33333333333,1.90196078431,0.814492905316,2.33333333333,0,0,0,0,0.164242424242,17,17,17,1,0,0.352941176471,0.411764705882,0.235294117647,17,37,0.136029411765,1.88235294118,4.35294117647,3.36363636364,2.84615384615,1.69341284359,0.389027274878,0.193958664547,2.09866904602,0.964253345467,0.518282988871,1.87867287326,0.863174022847,0.470588235294,0.786197569093,0.41766745858,2.25,1.88235294118,0.786197569093,2.25,0.166339869281,0.0612244897959,3,0.00441176470588,0.185952380952,17,17,17,1,0,0.352941176471,0.411764705882,0.235294117647,0,0,0,0,0,0,0,0,0,0,0,0,0,0,0,0,0,0,0,0,0,0,0,0,0,0,0,0,0,37,0,0,235,1,1,0,0,1,1,1,1,1,1,2,2,0,0,0,0
3935,WLNM_dir_neg,1,0.5,00:00:00,10,90,38,1987284111,threshold_sweep,0.2,1,1,1,2,0,0,4,1,1,0,0,1,1,1,1,0.555555555556,1,1,1,37,35,2,0,37,0,35,0,2,17,37,0.136029411765,1.88235294118,4.35294117647,3.36363636364,2.84615384615,1.69341284359,0.389027274878,0.193958664547,2.09866904602,0.964253345467,0.518282988871,1.87867287326,0.863174022847,0.470588235294,0.786197569093,0.41766745858,2.25,1.88235294118,0.786197569093,2.25,0.166339869281,0.0612244897959,3,0.00441176470588,0.185952380952,17,17,17,1,0,0.352941176471,0.411764705882,0.235294117647,17,0.128676470588,1.90196078431,4.11764705882,3.18181818182,2.69230769231,1.57648156274,0.382859808093,0.201680672269,2.01465221053,0.978545359402,0.524369747899,1.74894926439,0.849489642704,0.463865546218,0.814492905316,0.428238537847,2.33333333333,1.90196078431,0.814492905316,2.33333333333,0,0,0,0,0.164242424242,17,17,17,1,0,0.352941176471,0.411764705882,0.235294117647,17,37,0.136029411765,1.88235294118,4.35294117647,3.36363636364,2.84615384615,1.69341284359,0.389027274878,0.193958664547,2.09866904602,0.964253345467,0.518282988871,1.87867287326,0.863174022847,0.470588235294,0.786197569093,0.41766745858,2.25,1.88235294118,0.786197569093,2.25,0.166339869281,0.0612244897959,3,0.00441176470588,0.185952380952,17,17,17,1,0,0.352941176471,0.411764705882,0.235294117647,0,0,0,0,0,0,0,0,0,0,0,0,0,0,0,0,0,0,0,0,0,0,0,0,0,0,0,0,0,37,0,0,235,1,1,0,0,1,1,1,1,1,1,2,2,0,0,0,0
3936,WLNM_dir_neg,1,0.5,00:00:00,10,90,38,1987284111,threshold_sweep,0.3,1,1,1,2,0,0,4,1,1,0,0,1,1,1,1,0.555555555556,1,1,1,37,35,2,0,37,0,35,0,2,17,37,0.136029411765,1.88235294118,4.35294117647,3.36363636364,2.84615384615,1.69341284359,0.389027274878,0.193958664547,2.09866904602,0.964253345467,0.518282988871,1.87867287326,0.863174022847,0.470588235294,0.786197569093,0.41766745858,2.25,1.88235294118,0.786197569093,2.25,0.166339869281,0.0612244897959,3,0.00441176470588,0.185952380952,17,17,17,1,0,0.352941176471,0.411764705882,0.235294117647,17,0.128676470588,1.90196078431,4.11764705882,3.18181818182,2.69230769231,1.57648156274,0.382859808093,0.201680672269,2.01465221053,0.978545359402,0.524369747899,1.74894926439,0.849489642704,0.463865546218,0.814492905316,0.428238537847,2.33333333333,1.90196078431,0.814492905316,2.33333333333,0,0,0,0,0.164242424242,17,17,17,1,0,0.352941176471,0.411764705882,0.235294117647,17,37,0.136029411765,1.88235294118,4.35294117647,3.36363636364,2.84615384615,1.69341284359,0.389027274878,0.193958664547,2.09866904602,0.964253345467,0.518282988871,1.87867287326,0.863174022847,0.470588235294,0.786197569093,0.41766745858,2.25,1.88235294118,0.786197569093,2.25,0.166339869281,0.0612244897959,3,0.00441176470588,0.185952380952,17,17,17,1,0,0.352941176471,0.411764705882,0.235294117647,0,0,0,0,0,0,0,0,0,0,0,0,0,0,0,0,0,0,0,0,0,0,0,0,0,0,0,0,0,37,0,0,235,1,1,0,0,1,1,1,1,1,1,2,2,0,0,0,0
3937,WLNM_dir_neg,1,0.5,00:00:00,10,90,38,1987284111,threshold_sweep,0.4,1,1,1,2,0,0,4,1,1,0,0,1,1,1,1,0.555555555556,1,1,1,37,35,2,0,37,0,35,0,2,17,37,0.136029411765,1.88235294118,4.35294117647,3.36363636364,2.84615384615,1.69341284359,0.389027274878,0.193958664547,2.09866904602,0.964253345467,0.518282988871,1.87867287326,0.863174022847,0.470588235294,0.786197569093,0.41766745858,2.25,1.88235294118,0.786197569093,2.25,0.166339869281,0.0612244897959,3,0.00441176470588,0.185952380952,17,17,17,1,0,0.352941176471,0.411764705882,0.235294117647,17,0.128676470588,1.90196078431,4.11764705882,3.18181818182,2.69230769231,1.57648156274,0.382859808093,0.201680672269,2.01465221053,0.978545359402,0.524369747899,1.74894926439,0.849489642704,0.463865546218,0.814492905316,0.428238537847,2.33333333333,1.90196078431,0.814492905316,2.33333333333,0,0,0,0,0.164242424242,17,17,17,1,0,0.352941176471,0.411764705882,0.235294117647,17,37,0.136029411765,1.88235294118,4.35294117647,3.36363636364,2.84615384615,1.69341284359,0.389027274878,0.193958664547,2.09866904602,0.964253345467,0.518282988871,1.87867287326,0.863174022847,0.470588235294,0.786197569093,0.41766745858,2.25,1.88235294118,0.786197569093,2.25,0.166339869281,0.0612244897959,3,0.00441176470588,0.185952380952,17,17,17,1,0,0.352941176471,0.411764705882,0.235294117647,0,0,0,0,0,0,0,0,0,0,0,0,0,0,0,0,0,0,0,0,0,0,0,0,0,0,0,0,0,37,0,0,235,1,1,0,0,1,1,1,1,1,1,2,2,0,0,0,0
3938,WLNM_dir_neg,1,0.5,00:00:00,10,90,38,1987284111,threshold_sweep,0.5,1,1,1,2,0,0,4,1,1,0,0,1,1,1,1,0.555555555556,1,1,1,37,35,2,0,37,0,35,0,2,17,37,0.136029411765,1.88235294118,4.35294117647,3.36363636364,2.84615384615,1.69341284359,0.389027274878,0.193958664547,2.09866904602,0.964253345467,0.518282988871,1.87867287326,0.863174022847,0.470588235294,0.786197569093,0.41766745858,2.25,1.88235294118,0.786197569093,2.25,0.166339869281,0.0612244897959,3,0.00441176470588,0.185952380952,17,17,17,1,0,0.352941176471,0.411764705882,0.235294117647,17,0.128676470588,1.90196078431,4.11764705882,3.18181818182,2.69230769231,1.57648156274,0.382859808093,0.201680672269,2.01465221053,0.978545359402,0.524369747899,1.74894926439,0.849489642704,0.463865546218,0.814492905316,0.428238537847,2.33333333333,1.90196078431,0.814492905316,2.33333333333,0,0,0,0,0.164242424242,17,17,17,1,0,0.352941176471,0.411764705882,0.235294117647,17,37,0.136029411765,1.88235294118,4.35294117647,3.36363636364,2.84615384615,1.69341284359,0.389027274878,0.193958664547,2.09866904602,0.964253345467,0.518282988871,1.87867287326,0.863174022847,0.470588235294,0.786197569093,0.41766745858,2.25,1.88235294118,0.786197569093,2.25,0.166339869281,0.0612244897959,3,0.00441176470588,0.185952380952,17,17,17,1,0,0.352941176471,0.411764705882,0.235294117647,0,0,0,0,0,0,0,0,0,0,0,0,0,0,0,0,0,0,0,0,0,0,0,0,0,0,0,0,0,37,0,0,235,1,1,0,0,1,1,1,1,1,1,2,2,0,0,0,0
3939,WLNM_dir_neg,1,0.5,00:00:00,10,90,38,1987284111,threshold_sweep,0.6,1,1,1,2,0,0,4,1,1,0,0,1,1,1,1,0.555555555556,1,1,1,37,35,2,0,37,0,35,0,2,17,37,0.136029411765,1.88235294118,4.35294117647,3.36363636364,2.84615384615,1.69341284359,0.389027274878,0.193958664547,2.09866904602,0.964253345467,0.518282988871,1.87867287326,0.863174022847,0.470588235294,0.786197569093,0.41766745858,2.25,1.88235294118,0.786197569093,2.25,0.166339869281,0.0612244897959,3,0.00441176470588,0.185952380952,17,17,17,1,0,0.352941176471,0.411764705882,0.235294117647,17,0.128676470588,1.90196078431,4.11764705882,3.18181818182,2.69230769231,1.57648156274,0.382859808093,0.201680672269,2.01465221053,0.978545359402,0.524369747899,1.74894926439,0.849489642704,0.463865546218,0.814492905316,0.428238537847,2.33333333333,1.90196078431,0.814492905316,2.33333333333,0,0,0,0,0.164242424242,17,17,17,1,0,0.352941176471,0.411764705882,0.235294117647,17,37,0.136029411765,1.88235294118,4.35294117647,3.36363636364,2.84615384615,1.69341284359,0.389027274878,0.193958664547,2.09866904602,0.964253345467,0.518282988871,1.87867287326,0.863174022847,0.470588235294,0.786197569093,0.41766745858,2.25,1.88235294118,0.786197569093,2.25,0.166339869281,0.0612244897959,3,0.00441176470588,0.185952380952,17,17,17,1,0,0.352941176471,0.411764705882,0.235294117647,0,0,0,0,0,0,0,0,0,0,0,0,0,0,0,0,0,0,0,0,0,0,0,0,0,0,0,0,0,37,0,0,235,1,1,0,0,1,1,1,1,1,1,2,2,0,0,0,0
3940,WLNM_dir_neg,1,0.5,00:00:00,10,90,38,1987284111,threshold_sweep,0.7,1,1,1,2,0,0,4,1,1,0,0,1,1,1,1,0.555555555556,1,1,1,37,35,2,0,37,0,35,0,2,17,37,0.136029411765,1.88235294118,4.35294117647,3.36363636364,2.84615384615,1.69341284359,0.389027274878,0.193958664547,2.09866904602,0.964253345467,0.518282988871,1.87867287326,0.863174022847,0.470588235294,0.786197569093,0.41766745858,2.25,1.88235294118,0.786197569093,2.25,0.166339869281,0.0612244897959,3,0.00441176470588,0.185952380952,17,17,17,1,0,0.352941176471,0.411764705882,0.235294117647,17,0.128676470588,1.90196078431,4.11764705882,3.18181818182,2.69230769231,1.57648156274,0.382859808093,0.201680672269,2.01465221053,0.978545359402,0.524369747899,1.74894926439,0.849489642704,0.463865546218,0.814492905316,0.428238537847,2.33333333333,1.90196078431,0.814492905316,2.33333333333,0,0,0,0,0.164242424242,17,17,17,1,0,0.352941176471,0.411764705882,0.235294117647,17,37,0.136029411765,1.88235294118,4.35294117647,3.36363636364,2.84615384615,1.69341284359,0.389027274878,0.193958664547,2.09866904602,0.964253345467,0.518282988871,1.87867287326,0.863174022847,0.470588235294,0.786197569093,0.41766745858,2.25,1.88235294118,0.786197569093,2.25,0.166339869281,0.0612244897959,3,0.00441176470588,0.185952380952,17,17,17,1,0,0.352941176471,0.411764705882,0.235294117647,0,0,0,0,0,0,0,0,0,0,0,0,0,0,0,0,0,0,0,0,0,0,0,0,0,0,0,0,0,37,0,0,235,1,1,0,0,1,1,1,1,1,1,2,2,0,0,0,0
3941,WLNM_dir_neg,1,0.5,00:00:00,10,90,38,1987284111,threshold_sweep,0.8,1,1,1,2,0,0,4,1,1,0,0,1,1,1,1,0.555555555556,1,1,1,37,35,2,0,37,0,35,0,2,17,37,0.136029411765,1.88235294118,4.35294117647,3.36363636364,2.84615384615,1.69341284359,0.389027274878,0.193958664547,2.09866904602,0.964253345467,0.518282988871,1.87867287326,0.863174022847,0.470588235294,0.786197569093,0.41766745858,2.25,1.88235294118,0.786197569093,2.25,0.166339869281,0.0612244897959,3,0.00441176470588,0.185952380952,17,17,17,1,0,0.352941176471,0.411764705882,0.235294117647,17,0.128676470588,1.90196078431,4.11764705882,3.18181818182,2.69230769231,1.57648156274,0.382859808093,0.201680672269,2.01465221053,0.978545359402,0.524369747899,1.74894926439,0.849489642704,0.463865546218,0.814492905316,0.428238537847,2.33333333333,1.90196078431,0.814492905316,2.33333333333,0,0,0,0,0.164242424242,17,17,17,1,0,0.352941176471,0.411764705882,0.235294117647,17,37,0.136029411765,1.88235294118,4.35294117647,3.36363636364,2.84615384615,1.69341284359,0.389027274878,0.193958664547,2.09866904602,0.964253345467,0.518282988871,1.87867287326,0.863174022847,0.470588235294,0.786197569093,0.41766745858,2.25,1.88235294118,0.786197569093,2.25,0.166339869281,0.0612244897959,3,0.00441176470588,0.185952380952,17,17,17,1,0,0.352941176471,0.411764705882,0.235294117647,0,0,0,0,0,0,0,0,0,0,0,0,0,0,0,0,0,0,0,0,0,0,0,0,0,0,0,0,0,37,0,0,235,1,1,0,0,1,1,1,1,1,1,2,2,0,0,0,0
3942,WLNM_dir_neg,1,0.5,00:00:00,10,90,38,1987284111,threshold_sweep,0.9,1,1,1,2,0,0,4,1,1,0,0,1,1,1,1,0.555555555556,1,1,1,37,35,2,0,37,0,35,0,2,17,37,0.136029411765,1.88235294118,4.35294117647,3.36363636364,2.84615384615,1.69341284359,0.389027274878,0.193958664547,2.09866904602,0.964253345467,0.518282988871,1.87867287326,0.863174022847,0.470588235294,0.786197569093,0.41766745858,2.25,1.88235294118,0.786197569093,2.25,0.166339869281,0.0612244897959,3,0.00441176470588,0.185952380952,17,17,17,1,0,0.352941176471,0.411764705882,0.235294117647,17,0.128676470588,1.90196078431,4.11764705882,3.18181818182,2.69230769231,1.57648156274,0.382859808093,0.201680672269,2.01465221053,0.978545359402,0.524369747899,1.74894926439,0.849489642704,0.463865546218,0.814492905316,0.428238537847,2.33333333333,1.90196078431,0.814492905316,2.33333333333,0,0,0,0,0.164242424242,17,17,17,1,0,0.352941176471,0.411764705882,0.235294117647,17,37,0.136029411765,1.88235294118,4.35294117647,3.36363636364,2.84615384615,1.69341284359,0.389027274878,0.193958664547,2.09866904602,0.964253345467,0.518282988871,1.87867287326,0.863174022847,0.470588235294,0.786197569093,0.41766745858,2.25,1.88235294118,0.786197569093,2.25,0.166339869281,0.0612244897959,3,0.00441176470588,0.185952380952,17,17,17,1,0,0.352941176471,0.411764705882,0.235294117647,0,0,0,0,0,0,0,0,0,0,0,0,0,0,0,0,0,0,0,0,0,0,0,0,0,0,0,0,0,37,0,0,235,1,1,0,0,1,1,1,1,1,1,2,2,0,0,0,0
3943,WLNM_dir_neg,1,0.5,00:00:00,10,90,39,1987284112,threshold_sweep,0.1,1,1,1,2,0,0,4,1,1,0,0,1,1,1,1,0.555555555556,1,1,1,37,35,2,0,37,0,35,0,2,17,37,0.136029411765,1.88235294118,4.35294117647,3.36363636364,2.84615384615,1.69341284359,0.389027274878,0.193958664547,2.09866904602,0.964253345467,0.518282988871,1.87867287326,0.863174022847,0.470588235294,0.786197569093,0.41766745858,2.25,1.88235294118,0.786197569093,2.25,0.166339869281,0.0612244897959,3,0.00441176470588,0.185952380952,17,17,17,1,0,0.352941176471,0.411764705882,0.235294117647,17,0.128676470588,1.90196078431,4.11764705882,3.18181818182,2.69230769231,1.57648156274,0.382859808093,0.201680672269,2.01465221053,0.978545359402,0.524369747899,1.74894926439,0.849489642704,0.463865546218,0.814492905316,0.428238537847,2.33333333333,1.90196078431,0.814492905316,2.33333333333,0,0,0,0,0.164242424242,17,17,17,1,0,0.352941176471,0.411764705882,0.235294117647,17,37,0.136029411765,1.88235294118,4.35294117647,3.36363636364,2.84615384615,1.69341284359,0.389027274878,0.193958664547,2.09866904602,0.964253345467,0.518282988871,1.87867287326,0.863174022847,0.470588235294,0.786197569093,0.41766745858,2.25,1.88235294118,0.786197569093,2.25,0.166339869281,0.0612244897959,3,0.00441176470588,0.185952380952,17,17,17,1,0,0.352941176471,0.411764705882,0.235294117647,0,0,0,0,0,0,0,0,0,0,0,0,0,0,0,0,0,0,0,0,0,0,0,0,0,0,0,0,0,37,0,0,235,1,1,0,0,1,1,1,1,1,1,2,2,0,0,0,0
3944,WLNM_dir_neg,1,0.5,00:00:00,10,90,39,1987284112,threshold_sweep,0.2,1,1,1,2,0,0,4,1,1,0,0,1,1,1,1,0.555555555556,1,1,1,37,35,2,0,37,0,35,0,2,17,37,0.136029411765,1.88235294118,4.35294117647,3.36363636364,2.84615384615,1.69341284359,0.389027274878,0.193958664547,2.09866904602,0.964253345467,0.518282988871,1.87867287326,0.863174022847,0.470588235294,0.786197569093,0.41766745858,2.25,1.88235294118,0.786197569093,2.25,0.166339869281,0.0612244897959,3,0.00441176470588,0.185952380952,17,17,17,1,0,0.352941176471,0.411764705882,0.235294117647,17,0.128676470588,1.90196078431,4.11764705882,3.18181818182,2.69230769231,1.57648156274,0.382859808093,0.201680672269,2.01465221053,0.978545359402,0.524369747899,1.74894926439,0.849489642704,0.463865546218,0.814492905316,0.428238537847,2.33333333333,1.90196078431,0.814492905316,2.33333333333,0,0,0,0,0.164242424242,17,17,17,1,0,0.352941176471,0.411764705882,0.235294117647,17,37,0.136029411765,1.88235294118,4.35294117647,3.36363636364,2.84615384615,1.69341284359,0.389027274878,0.193958664547,2.09866904602,0.964253345467,0.518282988871,1.87867287326,0.863174022847,0.470588235294,0.786197569093,0.41766745858,2.25,1.88235294118,0.786197569093,2.25,0.166339869281,0.0612244897959,3,0.00441176470588,0.185952380952,17,17,17,1,0,0.352941176471,0.411764705882,0.235294117647,0,0,0,0,0,0,0,0,0,0,0,0,0,0,0,0,0,0,0,0,0,0,0,0,0,0,0,0,0,37,0,0,235,1,1,0,0,1,1,1,1,1,1,2,2,0,0,0,0
3945,WLNM_dir_neg,1,0.5,00:00:00,10,90,39,1987284112,threshold_sweep,0.3,1,1,1,2,0,0,4,1,1,0,0,1,1,1,1,0.555555555556,1,1,1,37,35,2,0,37,0,35,0,2,17,37,0.136029411765,1.88235294118,4.35294117647,3.36363636364,2.84615384615,1.69341284359,0.389027274878,0.193958664547,2.09866904602,0.964253345467,0.518282988871,1.87867287326,0.863174022847,0.470588235294,0.786197569093,0.41766745858,2.25,1.88235294118,0.786197569093,2.25,0.166339869281,0.0612244897959,3,0.00441176470588,0.185952380952,17,17,17,1,0,0.352941176471,0.411764705882,0.235294117647,17,0.128676470588,1.90196078431,4.11764705882,3.18181818182,2.69230769231,1.57648156274,0.382859808093,0.201680672269,2.01465221053,0.978545359402,0.524369747899,1.74894926439,0.849489642704,0.463865546218,0.814492905316,0.428238537847,2.33333333333,1.90196078431,0.814492905316,2.33333333333,0,0,0,0,0.164242424242,17,17,17,1,0,0.352941176471,0.411764705882,0.235294117647,17,37,0.136029411765,1.88235294118,4.35294117647,3.36363636364,2.84615384615,1.69341284359,0.389027274878,0.193958664547,2.09866904602,0.964253345467,0.518282988871,1.87867287326,0.863174022847,0.470588235294,0.786197569093,0.41766745858,2.25,1.88235294118,0.786197569093,2.25,0.166339869281,0.0612244897959,3,0.00441176470588,0.185952380952,17,17,17,1,0,0.352941176471,0.411764705882,0.235294117647,0,0,0,0,0,0,0,0,0,0,0,0,0,0,0,0,0,0,0,0,0,0,0,0,0,0,0,0,0,37,0,0,235,1,1,0,0,1,1,1,1,1,1,2,2,0,0,0,0
3946,WLNM_dir_neg,1,0.5,00:00:00,10,90,39,1987284112,threshold_sweep,0.4,1,1,1,2,0,0,4,1,1,0,0,1,1,1,1,0.555555555556,1,1,1,37,35,2,0,37,0,35,0,2,17,37,0.136029411765,1.88235294118,4.35294117647,3.36363636364,2.84615384615,1.69341284359,0.389027274878,0.193958664547,2.09866904602,0.964253345467,0.518282988871,1.87867287326,0.863174022847,0.470588235294,0.786197569093,0.41766745858,2.25,1.88235294118,0.786197569093,2.25,0.166339869281,0.0612244897959,3,0.00441176470588,0.185952380952,17,17,17,1,0,0.352941176471,0.411764705882,0.235294117647,17,0.128676470588,1.90196078431,4.11764705882,3.18181818182,2.69230769231,1.57648156274,0.382859808093,0.201680672269,2.01465221053,0.978545359402,0.524369747899,1.74894926439,0.849489642704,0.463865546218,0.814492905316,0.428238537847,2.33333333333,1.90196078431,0.814492905316,2.33333333333,0,0,0,0,0.164242424242,17,17,17,1,0,0.352941176471,0.411764705882,0.235294117647,17,37,0.136029411765,1.88235294118,4.35294117647,3.36363636364,2.84615384615,1.69341284359,0.389027274878,0.193958664547,2.09866904602,0.964253345467,0.518282988871,1.87867287326,0.863174022847,0.470588235294,0.786197569093,0.41766745858,2.25,1.88235294118,0.786197569093,2.25,0.166339869281,0.0612244897959,3,0.00441176470588,0.185952380952,17,17,17,1,0,0.352941176471,0.411764705882,0.235294117647,0,0,0,0,0,0,0,0,0,0,0,0,0,0,0,0,0,0,0,0,0,0,0,0,0,0,0,0,0,37,0,0,235,1,1,0,0,1,1,1,1,1,1,2,2,0,0,0,0
3947,WLNM_dir_neg,1,0.5,00:00:00,10,90,39,1987284112,threshold_sweep,0.5,1,1,1,2,0,0,4,1,1,0,0,1,1,1,1,0.555555555556,1,1,1,37,35,2,0,37,0,35,0,2,17,37,0.136029411765,1.88235294118,4.35294117647,3.36363636364,2.84615384615,1.69341284359,0.389027274878,0.193958664547,2.09866904602,0.964253345467,0.518282988871,1.87867287326,0.863174022847,0.470588235294,0.786197569093,0.41766745858,2.25,1.88235294118,0.786197569093,2.25,0.166339869281,0.0612244897959,3,0.00441176470588,0.185952380952,17,17,17,1,0,0.352941176471,0.411764705882,0.235294117647,17,0.128676470588,1.90196078431,4.11764705882,3.18181818182,2.69230769231,1.57648156274,0.382859808093,0.201680672269,2.01465221053,0.978545359402,0.524369747899,1.74894926439,0.849489642704,0.463865546218,0.814492905316,0.428238537847,2.33333333333,1.90196078431,0.814492905316,2.33333333333,0,0,0,0,0.164242424242,17,17,17,1,0,0.352941176471,0.411764705882,0.235294117647,17,37,0.136029411765,1.88235294118,4.35294117647,3.36363636364,2.84615384615,1.69341284359,0.389027274878,0.193958664547,2.09866904602,0.964253345467,0.518282988871,1.87867287326,0.863174022847,0.470588235294,0.786197569093,0.41766745858,2.25,1.88235294118,0.786197569093,2.25,0.166339869281,0.0612244897959,3,0.00441176470588,0.185952380952,17,17,17,1,0,0.352941176471,0.411764705882,0.235294117647,0,0,0,0,0,0,0,0,0,0,0,0,0,0,0,0,0,0,0,0,0,0,0,0,0,0,0,0,0,37,0,0,235,1,1,0,0,1,1,1,1,1,1,2,2,0,0,0,0
3948,WLNM_dir_neg,1,0.5,00:00:00,10,90,39,1987284112,threshold_sweep,0.6,1,1,1,2,0,0,4,1,1,0,0,1,1,1,1,0.555555555556,1,1,1,37,35,2,0,37,0,35,0,2,17,37,0.136029411765,1.88235294118,4.35294117647,3.36363636364,2.84615384615,1.69341284359,0.389027274878,0.193958664547,2.09866904602,0.964253345467,0.518282988871,1.87867287326,0.863174022847,0.470588235294,0.786197569093,0.41766745858,2.25,1.88235294118,0.786197569093,2.25,0.166339869281,0.0612244897959,3,0.00441176470588,0.185952380952,17,17,17,1,0,0.352941176471,0.411764705882,0.235294117647,17,0.128676470588,1.90196078431,4.11764705882,3.18181818182,2.69230769231,1.57648156274,0.382859808093,0.201680672269,2.01465221053,0.978545359402,0.524369747899,1.74894926439,0.849489642704,0.463865546218,0.814492905316,0.428238537847,2.33333333333,1.90196078431,0.814492905316,2.33333333333,0,0,0,0,0.164242424242,17,17,17,1,0,0.352941176471,0.411764705882,0.235294117647,17,37,0.136029411765,1.88235294118,4.35294117647,3.36363636364,2.84615384615,1.69341284359,0.389027274878,0.193958664547,2.09866904602,0.964253345467,0.518282988871,1.87867287326,0.863174022847,0.470588235294,0.786197569093,0.41766745858,2.25,1.88235294118,0.786197569093,2.25,0.166339869281,0.0612244897959,3,0.00441176470588,0.185952380952,17,17,17,1,0,0.352941176471,0.411764705882,0.235294117647,0,0,0,0,0,0,0,0,0,0,0,0,0,0,0,0,0,0,0,0,0,0,0,0,0,0,0,0,0,37,0,0,235,1,1,0,0,1,1,1,1,1,1,2,2,0,0,0,0
3949,WLNM_dir_neg,1,0.5,00:00:00,10,90,39,1987284112,threshold_sweep,0.7,1,1,1,2,0,0,4,1,1,0,0,1,1,1,1,0.555555555556,1,1,1,37,35,2,0,37,0,35,0,2,17,37,0.136029411765,1.88235294118,4.35294117647,3.36363636364,2.84615384615,1.69341284359,0.389027274878,0.193958664547,2.09866904602,0.964253345467,0.518282988871,1.87867287326,0.863174022847,0.470588235294,0.786197569093,0.41766745858,2.25,1.88235294118,0.786197569093,2.25,0.166339869281,0.0612244897959,3,0.00441176470588,0.185952380952,17,17,17,1,0,0.352941176471,0.411764705882,0.235294117647,17,0.128676470588,1.90196078431,4.11764705882,3.18181818182,2.69230769231,1.57648156274,0.382859808093,0.201680672269,2.01465221053,0.978545359402,0.524369747899,1.74894926439,0.849489642704,0.463865546218,0.814492905316,0.428238537847,2.33333333333,1.90196078431,0.814492905316,2.33333333333,0,0,0,0,0.164242424242,17,17,17,1,0,0.352941176471,0.411764705882,0.235294117647,17,37,0.136029411765,1.88235294118,4.35294117647,3.36363636364,2.84615384615,1.69341284359,0.389027274878,0.193958664547,2.09866904602,0.964253345467,0.518282988871,1.87867287326,0.863174022847,0.470588235294,0.786197569093,0.41766745858,2.25,1.88235294118,0.786197569093,2.25,0.166339869281,0.0612244897959,3,0.00441176470588,0.185952380952,17,17,17,1,0,0.352941176471,0.411764705882,0.235294117647,0,0,0,0,0,0,0,0,0,0,0,0,0,0,0,0,0,0,0,0,0,0,0,0,0,0,0,0,0,37,0,0,235,1,1,0,0,1,1,1,1,1,1,2,2,0,0,0,0
3950,WLNM_dir_neg,1,0.5,00:00:00,10,90,39,1987284112,threshold_sweep,0.8,1,1,1,2,0,0,4,1,1,0,0,1,1,1,1,0.555555555556,1,1,1,37,35,2,0,37,0,35,0,2,17,37,0.136029411765,1.88235294118,4.35294117647,3.36363636364,2.84615384615,1.69341284359,0.389027274878,0.193958664547,2.09866904602,0.964253345467,0.518282988871,1.87867287326,0.863174022847,0.470588235294,0.786197569093,0.41766745858,2.25,1.88235294118,0.786197569093,2.25,0.166339869281,0.0612244897959,3,0.00441176470588,0.185952380952,17,17,17,1,0,0.352941176471,0.411764705882,0.235294117647,17,0.128676470588,1.90196078431,4.11764705882,3.18181818182,2.69230769231,1.57648156274,0.382859808093,0.201680672269,2.01465221053,0.978545359402,0.524369747899,1.74894926439,0.849489642704,0.463865546218,0.814492905316,0.428238537847,2.33333333333,1.90196078431,0.814492905316,2.33333333333,0,0,0,0,0.164242424242,17,17,17,1,0,0.352941176471,0.411764705882,0.235294117647,17,37,0.136029411765,1.88235294118,4.35294117647,3.36363636364,2.84615384615,1.69341284359,0.389027274878,0.193958664547,2.09866904602,0.964253345467,0.518282988871,1.87867287326,0.863174022847,0.470588235294,0.786197569093,0.41766745858,2.25,1.88235294118,0.786197569093,2.25,0.166339869281,0.0612244897959,3,0.00441176470588,0.185952380952,17,17,17,1,0,0.352941176471,0.411764705882,0.235294117647,0,0,0,0,0,0,0,0,0,0,0,0,0,0,0,0,0,0,0,0,0,0,0,0,0,0,0,0,0,37,0,0,235,1,1,0,0,1,1,1,1,1,1,2,2,0,0,0,0
3951,WLNM_dir_neg,1,0.5,00:00:00,10,90,39,1987284112,threshold_sweep,0.9,1,1,1,2,0,0,4,1,1,0,0,1,1,1,1,0.555555555556,1,1,1,37,35,2,0,37,0,35,0,2,17,37,0.136029411765,1.88235294118,4.35294117647,3.36363636364,2.84615384615,1.69341284359,0.389027274878,0.193958664547,2.09866904602,0.964253345467,0.518282988871,1.87867287326,0.863174022847,0.470588235294,0.786197569093,0.41766745858,2.25,1.88235294118,0.786197569093,2.25,0.166339869281,0.0612244897959,3,0.00441176470588,0.185952380952,17,17,17,1,0,0.352941176471,0.411764705882,0.235294117647,17,0.128676470588,1.90196078431,4.11764705882,3.18181818182,2.69230769231,1.57648156274,0.382859808093,0.201680672269,2.01465221053,0.978545359402,0.524369747899,1.74894926439,0.849489642704,0.463865546218,0.814492905316,0.428238537847,2.33333333333,1.90196078431,0.814492905316,2.33333333333,0,0,0,0,0.164242424242,17,17,17,1,0,0.352941176471,0.411764705882,0.235294117647,17,37,0.136029411765,1.88235294118,4.35294117647,3.36363636364,2.84615384615,1.69341284359,0.389027274878,0.193958664547,2.09866904602,0.964253345467,0.518282988871,1.87867287326,0.863174022847,0.470588235294,0.786197569093,0.41766745858,2.25,1.88235294118,0.786197569093,2.25,0.166339869281,0.0612244897959,3,0.00441176470588,0.185952380952,17,17,17,1,0,0.352941176471,0.411764705882,0.235294117647,0,0,0,0,0,0,0,0,0,0,0,0,0,0,0,0,0,0,0,0,0,0,0,0,0,0,0,0,0,37,0,0,235,1,1,0,0,1,1,1,1,1,1,2,2,0,0,0,0
3952,WLNM_dir_neg,1,0.5,00:00:00,10,90,40,1987284113,threshold_sweep,0.1,1,1,1,2,0,0,4,1,1,0,0,1,1,1,1,0.555555555556,1,1,1,37,35,2,0,37,0,35,0,2,17,37,0.136029411765,1.88235294118,4.35294117647,3.36363636364,2.84615384615,1.69341284359,0.389027274878,0.193958664547,2.09866904602,0.964253345467,0.518282988871,1.87867287326,0.863174022847,0.470588235294,0.786197569093,0.41766745858,2.25,1.88235294118,0.786197569093,2.25,0.166339869281,0.0612244897959,3,0.00441176470588,0.185952380952,17,17,17,1,0,0.352941176471,0.411764705882,0.235294117647,17,0.128676470588,1.90196078431,4.11764705882,3.18181818182,2.69230769231,1.57648156274,0.382859808093,0.201680672269,2.01465221053,0.978545359402,0.524369747899,1.74894926439,0.849489642704,0.463865546218,0.814492905316,0.428238537847,2.33333333333,1.90196078431,0.814492905316,2.33333333333,0,0,0,0,0.164242424242,17,17,17,1,0,0.352941176471,0.411764705882,0.235294117647,17,37,0.136029411765,1.88235294118,4.35294117647,3.36363636364,2.84615384615,1.69341284359,0.389027274878,0.193958664547,2.09866904602,0.964253345467,0.518282988871,1.87867287326,0.863174022847,0.470588235294,0.786197569093,0.41766745858,2.25,1.88235294118,0.786197569093,2.25,0.166339869281,0.0612244897959,3,0.00441176470588,0.185952380952,17,17,17,1,0,0.352941176471,0.411764705882,0.235294117647,0,0,0,0,0,0,0,0,0,0,0,0,0,0,0,0,0,0,0,0,0,0,0,0,0,0,0,0,0,37,0,0,235,1,1,0,0,1,1,1,1,1,1,2,2,0,0,0,0
3953,WLNM_dir_neg,1,0.5,00:00:00,10,90,40,1987284113,threshold_sweep,0.2,1,1,1,2,0,0,4,1,1,0,0,1,1,1,1,0.555555555556,1,1,1,37,35,2,0,37,0,35,0,2,17,37,0.136029411765,1.88235294118,4.35294117647,3.36363636364,2.84615384615,1.69341284359,0.389027274878,0.193958664547,2.09866904602,0.964253345467,0.518282988871,1.87867287326,0.863174022847,0.470588235294,0.786197569093,0.41766745858,2.25,1.88235294118,0.786197569093,2.25,0.166339869281,0.0612244897959,3,0.00441176470588,0.185952380952,17,17,17,1,0,0.352941176471,0.411764705882,0.235294117647,17,0.128676470588,1.90196078431,4.11764705882,3.18181818182,2.69230769231,1.57648156274,0.382859808093,0.201680672269,2.01465221053,0.978545359402,0.524369747899,1.74894926439,0.849489642704,0.463865546218,0.814492905316,0.428238537847,2.33333333333,1.90196078431,0.814492905316,2.33333333333,0,0,0,0,0.164242424242,17,17,17,1,0,0.352941176471,0.411764705882,0.235294117647,17,37,0.136029411765,1.88235294118,4.35294117647,3.36363636364,2.84615384615,1.69341284359,0.389027274878,0.193958664547,2.09866904602,0.964253345467,0.518282988871,1.87867287326,0.863174022847,0.470588235294,0.786197569093,0.41766745858,2.25,1.88235294118,0.786197569093,2.25,0.166339869281,0.0612244897959,3,0.00441176470588,0.185952380952,17,17,17,1,0,0.352941176471,0.411764705882,0.235294117647,0,0,0,0,0,0,0,0,0,0,0,0,0,0,0,0,0,0,0,0,0,0,0,0,0,0,0,0,0,37,0,0,235,1,1,0,0,1,1,1,1,1,1,2,2,0,0,0,0
3954,WLNM_dir_neg,1,0.5,00:00:00,10,90,40,1987284113,threshold_sweep,0.3,1,1,1,2,0,0,4,1,1,0,0,1,1,1,1,0.555555555556,1,1,1,37,35,2,0,37,0,35,0,2,17,37,0.136029411765,1.88235294118,4.35294117647,3.36363636364,2.84615384615,1.69341284359,0.389027274878,0.193958664547,2.09866904602,0.964253345467,0.518282988871,1.87867287326,0.863174022847,0.470588235294,0.786197569093,0.41766745858,2.25,1.88235294118,0.786197569093,2.25,0.166339869281,0.0612244897959,3,0.00441176470588,0.185952380952,17,17,17,1,0,0.352941176471,0.411764705882,0.235294117647,17,0.128676470588,1.90196078431,4.11764705882,3.18181818182,2.69230769231,1.57648156274,0.382859808093,0.201680672269,2.01465221053,0.978545359402,0.524369747899,1.74894926439,0.849489642704,0.463865546218,0.814492905316,0.428238537847,2.33333333333,1.90196078431,0.814492905316,2.33333333333,0,0,0,0,0.164242424242,17,17,17,1,0,0.352941176471,0.411764705882,0.235294117647,17,37,0.136029411765,1.88235294118,4.35294117647,3.36363636364,2.84615384615,1.69341284359,0.389027274878,0.193958664547,2.09866904602,0.964253345467,0.518282988871,1.87867287326,0.863174022847,0.470588235294,0.786197569093,0.41766745858,2.25,1.88235294118,0.786197569093,2.25,0.166339869281,0.0612244897959,3,0.00441176470588,0.185952380952,17,17,17,1,0,0.352941176471,0.411764705882,0.235294117647,0,0,0,0,0,0,0,0,0,0,0,0,0,0,0,0,0,0,0,0,0,0,0,0,0,0,0,0,0,37,0,0,235,1,1,0,0,1,1,1,1,1,1,2,2,0,0,0,0
3955,WLNM_dir_neg,1,0.5,00:00:00,10,90,40,1987284113,threshold_sweep,0.4,1,1,1,2,0,0,4,1,1,0,0,1,1,1,1,0.555555555556,1,1,1,37,35,2,0,37,0,35,0,2,17,37,0.136029411765,1.88235294118,4.35294117647,3.36363636364,2.84615384615,1.69341284359,0.389027274878,0.193958664547,2.09866904602,0.964253345467,0.518282988871,1.87867287326,0.863174022847,0.470588235294,0.786197569093,0.41766745858,2.25,1.88235294118,0.786197569093,2.25,0.166339869281,0.0612244897959,3,0.00441176470588,0.185952380952,17,17,17,1,0,0.352941176471,0.411764705882,0.235294117647,17,0.128676470588,1.90196078431,4.11764705882,3.18181818182,2.69230769231,1.57648156274,0.382859808093,0.201680672269,2.01465221053,0.978545359402,0.524369747899,1.74894926439,0.849489642704,0.463865546218,0.814492905316,0.428238537847,2.33333333333,1.90196078431,0.814492905316,2.33333333333,0,0,0,0,0.164242424242,17,17,17,1,0,0.352941176471,0.411764705882,0.235294117647,17,37,0.136029411765,1.88235294118,4.35294117647,3.36363636364,2.84615384615,1.69341284359,0.389027274878,0.193958664547,2.09866904602,0.964253345467,0.518282988871,1.87867287326,0.863174022847,0.470588235294,0.786197569093,0.41766745858,2.25,1.88235294118,0.786197569093,2.25,0.166339869281,0.0612244897959,3,0.00441176470588,0.185952380952,17,17,17,1,0,0.352941176471,0.411764705882,0.235294117647,0,0,0,0,0,0,0,0,0,0,0,0,0,0,0,0,0,0,0,0,0,0,0,0,0,0,0,0,0,37,0,0,235,1,1,0,0,1,1,1,1,1,1,2,2,0,0,0,0
3956,WLNM_dir_neg,1,0.5,00:00:00,10,90,40,1987284113,threshold_sweep,0.5,1,1,1,2,0,0,4,1,1,0,0,1,1,1,1,0.555555555556,1,1,1,37,35,2,0,37,0,35,0,2,17,37,0.136029411765,1.88235294118,4.35294117647,3.36363636364,2.84615384615,1.69341284359,0.389027274878,0.193958664547,2.09866904602,0.964253345467,0.518282988871,1.87867287326,0.863174022847,0.470588235294,0.786197569093,0.41766745858,2.25,1.88235294118,0.786197569093,2.25,0.166339869281,0.0612244897959,3,0.00441176470588,0.185952380952,17,17,17,1,0,0.352941176471,0.411764705882,0.235294117647,17,0.128676470588,1.90196078431,4.11764705882,3.18181818182,2.69230769231,1.57648156274,0.382859808093,0.201680672269,2.01465221053,0.978545359402,0.524369747899,1.74894926439,0.849489642704,0.463865546218,0.814492905316,0.428238537847,2.33333333333,1.90196078431,0.814492905316,2.33333333333,0,0,0,0,0.164242424242,17,17,17,1,0,0.352941176471,0.411764705882,0.235294117647,17,37,0.136029411765,1.88235294118,4.35294117647,3.36363636364,2.84615384615,1.69341284359,0.389027274878,0.193958664547,2.09866904602,0.964253345467,0.518282988871,1.87867287326,0.863174022847,0.470588235294,0.786197569093,0.41766745858,2.25,1.88235294118,0.786197569093,2.25,0.166339869281,0.0612244897959,3,0.00441176470588,0.185952380952,17,17,17,1,0,0.352941176471,0.411764705882,0.235294117647,0,0,0,0,0,0,0,0,0,0,0,0,0,0,0,0,0,0,0,0,0,0,0,0,0,0,0,0,0,37,0,0,235,1,1,0,0,1,1,1,1,1,1,2,2,0,0,0,0
3957,WLNM_dir_neg,1,0.5,00:00:00,10,90,40,1987284113,threshold_sweep,0.6,1,1,1,2,0,0,4,1,1,0,0,1,1,1,1,0.555555555556,1,1,1,37,35,2,0,37,0,35,0,2,17,37,0.136029411765,1.88235294118,4.35294117647,3.36363636364,2.84615384615,1.69341284359,0.389027274878,0.193958664547,2.09866904602,0.964253345467,0.518282988871,1.87867287326,0.863174022847,0.470588235294,0.786197569093,0.41766745858,2.25,1.88235294118,0.786197569093,2.25,0.166339869281,0.0612244897959,3,0.00441176470588,0.185952380952,17,17,17,1,0,0.352941176471,0.411764705882,0.235294117647,17,0.128676470588,1.90196078431,4.11764705882,3.18181818182,2.69230769231,1.57648156274,0.382859808093,0.201680672269,2.01465221053,0.978545359402,0.524369747899,1.74894926439,0.849489642704,0.463865546218,0.814492905316,0.428238537847,2.33333333333,1.90196078431,0.814492905316,2.33333333333,0,0,0,0,0.164242424242,17,17,17,1,0,0.352941176471,0.411764705882,0.235294117647,17,37,0.136029411765,1.88235294118,4.35294117647,3.36363636364,2.84615384615,1.69341284359,0.389027274878,0.193958664547,2.09866904602,0.964253345467,0.518282988871,1.87867287326,0.863174022847,0.470588235294,0.786197569093,0.41766745858,2.25,1.88235294118,0.786197569093,2.25,0.166339869281,0.0612244897959,3,0.00441176470588,0.185952380952,17,17,17,1,0,0.352941176471,0.411764705882,0.235294117647,0,0,0,0,0,0,0,0,0,0,0,0,0,0,0,0,0,0,0,0,0,0,0,0,0,0,0,0,0,37,0,0,235,1,1,0,0,1,1,1,1,1,1,2,2,0,0,0,0
3958,WLNM_dir_neg,1,0.5,00:00:00,10,90,40,1987284113,threshold_sweep,0.7,1,1,1,2,0,0,4,1,1,0,0,1,1,1,1,0.555555555556,1,1,1,37,35,2,0,37,0,35,0,2,17,37,0.136029411765,1.88235294118,4.35294117647,3.36363636364,2.84615384615,1.69341284359,0.389027274878,0.193958664547,2.09866904602,0.964253345467,0.518282988871,1.87867287326,0.863174022847,0.470588235294,0.786197569093,0.41766745858,2.25,1.88235294118,0.786197569093,2.25,0.166339869281,0.0612244897959,3,0.00441176470588,0.185952380952,17,17,17,1,0,0.352941176471,0.411764705882,0.235294117647,17,0.128676470588,1.90196078431,4.11764705882,3.18181818182,2.69230769231,1.57648156274,0.382859808093,0.201680672269,2.01465221053,0.978545359402,0.524369747899,1.74894926439,0.849489642704,0.463865546218,0.814492905316,0.428238537847,2.33333333333,1.90196078431,0.814492905316,2.33333333333,0,0,0,0,0.164242424242,17,17,17,1,0,0.352941176471,0.411764705882,0.235294117647,17,37,0.136029411765,1.88235294118,4.35294117647,3.36363636364,2.84615384615,1.69341284359,0.389027274878,0.193958664547,2.09866904602,0.964253345467,0.518282988871,1.87867287326,0.863174022847,0.470588235294,0.786197569093,0.41766745858,2.25,1.88235294118,0.786197569093,2.25,0.166339869281,0.0612244897959,3,0.00441176470588,0.185952380952,17,17,17,1,0,0.352941176471,0.411764705882,0.235294117647,0,0,0,0,0,0,0,0,0,0,0,0,0,0,0,0,0,0,0,0,0,0,0,0,0,0,0,0,0,37,0,0,235,1,1,0,0,1,1,1,1,1,1,2,2,0,0,0,0
3959,WLNM_dir_neg,1,0.5,00:00:00,10,90,40,1987284113,threshold_sweep,0.8,1,1,1,2,0,0,4,1,1,0,0,1,1,1,1,0.555555555556,1,1,1,37,35,2,0,37,0,35,0,2,17,37,0.136029411765,1.88235294118,4.35294117647,3.36363636364,2.84615384615,1.69341284359,0.389027274878,0.193958664547,2.09866904602,0.964253345467,0.518282988871,1.87867287326,0.863174022847,0.470588235294,0.786197569093,0.41766745858,2.25,1.88235294118,0.786197569093,2.25,0.166339869281,0.0612244897959,3,0.00441176470588,0.185952380952,17,17,17,1,0,0.352941176471,0.411764705882,0.235294117647,17,0.128676470588,1.90196078431,4.11764705882,3.18181818182,2.69230769231,1.57648156274,0.382859808093,0.201680672269,2.01465221053,0.978545359402,0.524369747899,1.74894926439,0.849489642704,0.463865546218,0.814492905316,0.428238537847,2.33333333333,1.90196078431,0.814492905316,2.33333333333,0,0,0,0,0.164242424242,17,17,17,1,0,0.352941176471,0.411764705882,0.235294117647,17,37,0.136029411765,1.88235294118,4.35294117647,3.36363636364,2.84615384615,1.69341284359,0.389027274878,0.193958664547,2.09866904602,0.964253345467,0.518282988871,1.87867287326,0.863174022847,0.470588235294,0.786197569093,0.41766745858,2.25,1.88235294118,0.786197569093,2.25,0.166339869281,0.0612244897959,3,0.00441176470588,0.185952380952,17,17,17,1,0,0.352941176471,0.411764705882,0.235294117647,0,0,0,0,0,0,0,0,0,0,0,0,0,0,0,0,0,0,0,0,0,0,0,0,0,0,0,0,0,37,0,0,235,1,1,0,0,1,1,1,1,1,1,2,2,0,0,0,0
3960,WLNM_dir_neg,1,0.5,00:00:00,10,90,40,1987284113,threshold_sweep,0.9,1,1,1,2,0,0,4,1,1,0,0,1,1,1,1,0.555555555556,1,1,1,37,35,2,0,37,0,35,0,2,17,37,0.136029411765,1.88235294118,4.35294117647,3.36363636364,2.84615384615,1.69341284359,0.389027274878,0.193958664547,2.09866904602,0.964253345467,0.518282988871,1.87867287326,0.863174022847,0.470588235294,0.786197569093,0.41766745858,2.25,1.88235294118,0.786197569093,2.25,0.166339869281,0.0612244897959,3,0.00441176470588,0.185952380952,17,17,17,1,0,0.352941176471,0.411764705882,0.235294117647,17,0.128676470588,1.90196078431,4.11764705882,3.18181818182,2.69230769231,1.57648156274,0.382859808093,0.201680672269,2.01465221053,0.978545359402,0.524369747899,1.74894926439,0.849489642704,0.463865546218,0.814492905316,0.428238537847,2.33333333333,1.90196078431,0.814492905316,2.33333333333,0,0,0,0,0.164242424242,17,17,17,1,0,0.352941176471,0.411764705882,0.235294117647,17,37,0.136029411765,1.88235294118,4.35294117647,3.36363636364,2.84615384615,1.69341284359,0.389027274878,0.193958664547,2.09866904602,0.964253345467,0.518282988871,1.87867287326,0.863174022847,0.470588235294,0.786197569093,0.41766745858,2.25,1.88235294118,0.786197569093,2.25,0.166339869281,0.0612244897959,3,0.00441176470588,0.185952380952,17,17,17,1,0,0.352941176471,0.411764705882,0.235294117647,0,0,0,0,0,0,0,0,0,0,0,0,0,0,0,0,0,0,0,0,0,0,0,0,0,0,0,0,0,37,0,0,235,1,1,0,0,1,1,1,1,1,1,2,2,0,0,0,0
3961,WLNM_dir_neg,1,0.5,00:00:00,10,90,41,1987284114,threshold_sweep,0.1,1,1,1,2,0,0,4,1,1,0,0,1,1,1,1,0.555555555556,1,1,1,37,35,2,0,37,0,35,0,2,17,37,0.136029411765,1.88235294118,4.35294117647,3.36363636364,2.84615384615,1.69341284359,0.389027274878,0.193958664547,2.09866904602,0.964253345467,0.518282988871,1.87867287326,0.863174022847,0.470588235294,0.786197569093,0.41766745858,2.25,1.88235294118,0.786197569093,2.25,0.166339869281,0.0612244897959,3,0.00441176470588,0.185952380952,17,17,17,1,0,0.352941176471,0.411764705882,0.235294117647,17,0.128676470588,1.90196078431,4.11764705882,3.18181818182,2.69230769231,1.57648156274,0.382859808093,0.201680672269,2.01465221053,0.978545359402,0.524369747899,1.74894926439,0.849489642704,0.463865546218,0.814492905316,0.428238537847,2.33333333333,1.90196078431,0.814492905316,2.33333333333,0,0,0,0,0.164242424242,17,17,17,1,0,0.352941176471,0.411764705882,0.235294117647,17,37,0.136029411765,1.88235294118,4.35294117647,3.36363636364,2.84615384615,1.69341284359,0.389027274878,0.193958664547,2.09866904602,0.964253345467,0.518282988871,1.87867287326,0.863174022847,0.470588235294,0.786197569093,0.41766745858,2.25,1.88235294118,0.786197569093,2.25,0.166339869281,0.0612244897959,3,0.00441176470588,0.185952380952,17,17,17,1,0,0.352941176471,0.411764705882,0.235294117647,0,0,0,0,0,0,0,0,0,0,0,0,0,0,0,0,0,0,0,0,0,0,0,0,0,0,0,0,0,37,0,0,235,1,1,0,0,1,1,1,1,1,1,2,2,0,0,0,0
3962,WLNM_dir_neg,1,0.5,00:00:00,10,90,41,1987284114,threshold_sweep,0.2,1,1,1,2,0,0,4,1,1,0,0,1,1,1,1,0.555555555556,1,1,1,37,35,2,0,37,0,35,0,2,17,37,0.136029411765,1.88235294118,4.35294117647,3.36363636364,2.84615384615,1.69341284359,0.389027274878,0.193958664547,2.09866904602,0.964253345467,0.518282988871,1.87867287326,0.863174022847,0.470588235294,0.786197569093,0.41766745858,2.25,1.88235294118,0.786197569093,2.25,0.166339869281,0.0612244897959,3,0.00441176470588,0.185952380952,17,17,17,1,0,0.352941176471,0.411764705882,0.235294117647,17,0.128676470588,1.90196078431,4.11764705882,3.18181818182,2.69230769231,1.57648156274,0.382859808093,0.201680672269,2.01465221053,0.978545359402,0.524369747899,1.74894926439,0.849489642704,0.463865546218,0.814492905316,0.428238537847,2.33333333333,1.90196078431,0.814492905316,2.33333333333,0,0,0,0,0.164242424242,17,17,17,1,0,0.352941176471,0.411764705882,0.235294117647,17,37,0.136029411765,1.88235294118,4.35294117647,3.36363636364,2.84615384615,1.69341284359,0.389027274878,0.193958664547,2.09866904602,0.964253345467,0.518282988871,1.87867287326,0.863174022847,0.470588235294,0.786197569093,0.41766745858,2.25,1.88235294118,0.786197569093,2.25,0.166339869281,0.0612244897959,3,0.00441176470588,0.185952380952,17,17,17,1,0,0.352941176471,0.411764705882,0.235294117647,0,0,0,0,0,0,0,0,0,0,0,0,0,0,0,0,0,0,0,0,0,0,0,0,0,0,0,0,0,37,0,0,235,1,1,0,0,1,1,1,1,1,1,2,2,0,0,0,0
3963,WLNM_dir_neg,1,0.5,00:00:00,10,90,41,1987284114,threshold_sweep,0.3,1,1,1,2,0,0,4,1,1,0,0,1,1,1,1,0.555555555556,1,1,1,37,35,2,0,37,0,35,0,2,17,37,0.136029411765,1.88235294118,4.35294117647,3.36363636364,2.84615384615,1.69341284359,0.389027274878,0.193958664547,2.09866904602,0.964253345467,0.518282988871,1.87867287326,0.863174022847,0.470588235294,0.786197569093,0.41766745858,2.25,1.88235294118,0.786197569093,2.25,0.166339869281,0.0612244897959,3,0.00441176470588,0.185952380952,17,17,17,1,0,0.352941176471,0.411764705882,0.235294117647,17,0.128676470588,1.90196078431,4.11764705882,3.18181818182,2.69230769231,1.57648156274,0.382859808093,0.201680672269,2.01465221053,0.978545359402,0.524369747899,1.74894926439,0.849489642704,0.463865546218,0.814492905316,0.428238537847,2.33333333333,1.90196078431,0.814492905316,2.33333333333,0,0,0,0,0.164242424242,17,17,17,1,0,0.352941176471,0.411764705882,0.235294117647,17,37,0.136029411765,1.88235294118,4.35294117647,3.36363636364,2.84615384615,1.69341284359,0.389027274878,0.193958664547,2.09866904602,0.964253345467,0.518282988871,1.87867287326,0.863174022847,0.470588235294,0.786197569093,0.41766745858,2.25,1.88235294118,0.786197569093,2.25,0.166339869281,0.0612244897959,3,0.00441176470588,0.185952380952,17,17,17,1,0,0.352941176471,0.411764705882,0.235294117647,0,0,0,0,0,0,0,0,0,0,0,0,0,0,0,0,0,0,0,0,0,0,0,0,0,0,0,0,0,37,0,0,235,1,1,0,0,1,1,1,1,1,1,2,2,0,0,0,0
3964,WLNM_dir_neg,1,0.5,00:00:00,10,90,41,1987284114,threshold_sweep,0.4,1,1,1,2,0,0,4,1,1,0,0,1,1,1,1,0.555555555556,1,1,1,37,35,2,0,37,0,35,0,2,17,37,0.136029411765,1.88235294118,4.35294117647,3.36363636364,2.84615384615,1.69341284359,0.389027274878,0.193958664547,2.09866904602,0.964253345467,0.518282988871,1.87867287326,0.863174022847,0.470588235294,0.786197569093,0.41766745858,2.25,1.88235294118,0.786197569093,2.25,0.166339869281,0.0612244897959,3,0.00441176470588,0.185952380952,17,17,17,1,0,0.352941176471,0.411764705882,0.235294117647,17,0.128676470588,1.90196078431,4.11764705882,3.18181818182,2.69230769231,1.57648156274,0.382859808093,0.201680672269,2.01465221053,0.978545359402,0.524369747899,1.74894926439,0.849489642704,0.463865546218,0.814492905316,0.428238537847,2.33333333333,1.90196078431,0.814492905316,2.33333333333,0,0,0,0,0.164242424242,17,17,17,1,0,0.352941176471,0.411764705882,0.235294117647,17,37,0.136029411765,1.88235294118,4.35294117647,3.36363636364,2.84615384615,1.69341284359,0.389027274878,0.193958664547,2.09866904602,0.964253345467,0.518282988871,1.87867287326,0.863174022847,0.470588235294,0.786197569093,0.41766745858,2.25,1.88235294118,0.786197569093,2.25,0.166339869281,0.0612244897959,3,0.00441176470588,0.185952380952,17,17,17,1,0,0.352941176471,0.411764705882,0.235294117647,0,0,0,0,0,0,0,0,0,0,0,0,0,0,0,0,0,0,0,0,0,0,0,0,0,0,0,0,0,37,0,0,235,1,1,0,0,1,1,1,1,1,1,2,2,0,0,0,0
3965,WLNM_dir_neg,1,0.5,00:00:00,10,90,41,1987284114,threshold_sweep,0.5,1,1,1,2,0,0,4,1,1,0,0,1,1,1,1,0.555555555556,1,1,1,37,35,2,0,37,0,35,0,2,17,37,0.136029411765,1.88235294118,4.35294117647,3.36363636364,2.84615384615,1.69341284359,0.389027274878,0.193958664547,2.09866904602,0.964253345467,0.518282988871,1.87867287326,0.863174022847,0.470588235294,0.786197569093,0.41766745858,2.25,1.88235294118,0.786197569093,2.25,0.166339869281,0.0612244897959,3,0.00441176470588,0.185952380952,17,17,17,1,0,0.352941176471,0.411764705882,0.235294117647,17,0.128676470588,1.90196078431,4.11764705882,3.18181818182,2.69230769231,1.57648156274,0.382859808093,0.201680672269,2.01465221053,0.978545359402,0.524369747899,1.74894926439,0.849489642704,0.463865546218,0.814492905316,0.428238537847,2.33333333333,1.90196078431,0.814492905316,2.33333333333,0,0,0,0,0.164242424242,17,17,17,1,0,0.352941176471,0.411764705882,0.235294117647,17,37,0.136029411765,1.88235294118,4.35294117647,3.36363636364,2.84615384615,1.69341284359,0.389027274878,0.193958664547,2.09866904602,0.964253345467,0.518282988871,1.87867287326,0.863174022847,0.470588235294,0.786197569093,0.41766745858,2.25,1.88235294118,0.786197569093,2.25,0.166339869281,0.0612244897959,3,0.00441176470588,0.185952380952,17,17,17,1,0,0.352941176471,0.411764705882,0.235294117647,0,0,0,0,0,0,0,0,0,0,0,0,0,0,0,0,0,0,0,0,0,0,0,0,0,0,0,0,0,37,0,0,235,1,1,0,0,1,1,1,1,1,1,2,2,0,0,0,0
3966,WLNM_dir_neg,1,0.5,00:00:00,10,90,41,1987284114,threshold_sweep,0.6,1,1,1,2,0,0,4,1,1,0,0,1,1,1,1,0.555555555556,1,1,1,37,35,2,0,37,0,35,0,2,17,37,0.136029411765,1.88235294118,4.35294117647,3.36363636364,2.84615384615,1.69341284359,0.389027274878,0.193958664547,2.09866904602,0.964253345467,0.518282988871,1.87867287326,0.863174022847,0.470588235294,0.786197569093,0.41766745858,2.25,1.88235294118,0.786197569093,2.25,0.166339869281,0.0612244897959,3,0.00441176470588,0.185952380952,17,17,17,1,0,0.352941176471,0.411764705882,0.235294117647,17,0.128676470588,1.90196078431,4.11764705882,3.18181818182,2.69230769231,1.57648156274,0.382859808093,0.201680672269,2.01465221053,0.978545359402,0.524369747899,1.74894926439,0.849489642704,0.463865546218,0.814492905316,0.428238537847,2.33333333333,1.90196078431,0.814492905316,2.33333333333,0,0,0,0,0.164242424242,17,17,17,1,0,0.352941176471,0.411764705882,0.235294117647,17,37,0.136029411765,1.88235294118,4.35294117647,3.36363636364,2.84615384615,1.69341284359,0.389027274878,0.193958664547,2.09866904602,0.964253345467,0.518282988871,1.87867287326,0.863174022847,0.470588235294,0.786197569093,0.41766745858,2.25,1.88235294118,0.786197569093,2.25,0.166339869281,0.0612244897959,3,0.00441176470588,0.185952380952,17,17,17,1,0,0.352941176471,0.411764705882,0.235294117647,0,0,0,0,0,0,0,0,0,0,0,0,0,0,0,0,0,0,0,0,0,0,0,0,0,0,0,0,0,37,0,0,235,1,1,0,0,1,1,1,1,1,1,2,2,0,0,0,0
3967,WLNM_dir_neg,1,0.5,00:00:00,10,90,41,1987284114,threshold_sweep,0.7,1,1,1,2,0,0,4,1,1,0,0,1,1,1,1,0.555555555556,1,1,1,37,35,2,0,37,0,35,0,2,17,37,0.136029411765,1.88235294118,4.35294117647,3.36363636364,2.84615384615,1.69341284359,0.389027274878,0.193958664547,2.09866904602,0.964253345467,0.518282988871,1.87867287326,0.863174022847,0.470588235294,0.786197569093,0.41766745858,2.25,1.88235294118,0.786197569093,2.25,0.166339869281,0.0612244897959,3,0.00441176470588,0.185952380952,17,17,17,1,0,0.352941176471,0.411764705882,0.235294117647,17,0.128676470588,1.90196078431,4.11764705882,3.18181818182,2.69230769231,1.57648156274,0.382859808093,0.201680672269,2.01465221053,0.978545359402,0.524369747899,1.74894926439,0.849489642704,0.463865546218,0.814492905316,0.428238537847,2.33333333333,1.90196078431,0.814492905316,2.33333333333,0,0,0,0,0.164242424242,17,17,17,1,0,0.352941176471,0.411764705882,0.235294117647,17,37,0.136029411765,1.88235294118,4.35294117647,3.36363636364,2.84615384615,1.69341284359,0.389027274878,0.193958664547,2.09866904602,0.964253345467,0.518282988871,1.87867287326,0.863174022847,0.470588235294,0.786197569093,0.41766745858,2.25,1.88235294118,0.786197569093,2.25,0.166339869281,0.0612244897959,3,0.00441176470588,0.185952380952,17,17,17,1,0,0.352941176471,0.411764705882,0.235294117647,0,0,0,0,0,0,0,0,0,0,0,0,0,0,0,0,0,0,0,0,0,0,0,0,0,0,0,0,0,37,0,0,235,1,1,0,0,1,1,1,1,1,1,2,2,0,0,0,0
3968,WLNM_dir_neg,1,0.5,00:00:00,10,90,41,1987284114,threshold_sweep,0.8,1,1,1,2,0,0,4,1,1,0,0,1,1,1,1,0.555555555556,1,1,1,37,35,2,0,37,0,35,0,2,17,37,0.136029411765,1.88235294118,4.35294117647,3.36363636364,2.84615384615,1.69341284359,0.389027274878,0.193958664547,2.09866904602,0.964253345467,0.518282988871,1.87867287326,0.863174022847,0.470588235294,0.786197569093,0.41766745858,2.25,1.88235294118,0.786197569093,2.25,0.166339869281,0.0612244897959,3,0.00441176470588,0.185952380952,17,17,17,1,0,0.352941176471,0.411764705882,0.235294117647,17,0.128676470588,1.90196078431,4.11764705882,3.18181818182,2.69230769231,1.57648156274,0.382859808093,0.201680672269,2.01465221053,0.978545359402,0.524369747899,1.74894926439,0.849489642704,0.463865546218,0.814492905316,0.428238537847,2.33333333333,1.90196078431,0.814492905316,2.33333333333,0,0,0,0,0.164242424242,17,17,17,1,0,0.352941176471,0.411764705882,0.235294117647,17,37,0.136029411765,1.88235294118,4.35294117647,3.36363636364,2.84615384615,1.69341284359,0.389027274878,0.193958664547,2.09866904602,0.964253345467,0.518282988871,1.87867287326,0.863174022847,0.470588235294,0.786197569093,0.41766745858,2.25,1.88235294118,0.786197569093,2.25,0.166339869281,0.0612244897959,3,0.00441176470588,0.185952380952,17,17,17,1,0,0.352941176471,0.411764705882,0.235294117647,0,0,0,0,0,0,0,0,0,0,0,0,0,0,0,0,0,0,0,0,0,0,0,0,0,0,0,0,0,37,0,0,235,1,1,0,0,1,1,1,1,1,1,2,2,0,0,0,0
3969,WLNM_dir_neg,1,0.5,00:00:00,10,90,41,1987284114,threshold_sweep,0.9,1,1,1,2,0,0,4,1,1,0,0,1,1,1,1,0.555555555556,1,1,1,37,35,2,0,37,0,35,0,2,17,37,0.136029411765,1.88235294118,4.35294117647,3.36363636364,2.84615384615,1.69341284359,0.389027274878,0.193958664547,2.09866904602,0.964253345467,0.518282988871,1.87867287326,0.863174022847,0.470588235294,0.786197569093,0.41766745858,2.25,1.88235294118,0.786197569093,2.25,0.166339869281,0.0612244897959,3,0.00441176470588,0.185952380952,17,17,17,1,0,0.352941176471,0.411764705882,0.235294117647,17,0.128676470588,1.90196078431,4.11764705882,3.18181818182,2.69230769231,1.57648156274,0.382859808093,0.201680672269,2.01465221053,0.978545359402,0.524369747899,1.74894926439,0.849489642704,0.463865546218,0.814492905316,0.428238537847,2.33333333333,1.90196078431,0.814492905316,2.33333333333,0,0,0,0,0.164242424242,17,17,17,1,0,0.352941176471,0.411764705882,0.235294117647,17,37,0.136029411765,1.88235294118,4.35294117647,3.36363636364,2.84615384615,1.69341284359,0.389027274878,0.193958664547,2.09866904602,0.964253345467,0.518282988871,1.87867287326,0.863174022847,0.470588235294,0.786197569093,0.41766745858,2.25,1.88235294118,0.786197569093,2.25,0.166339869281,0.0612244897959,3,0.00441176470588,0.185952380952,17,17,17,1,0,0.352941176471,0.411764705882,0.235294117647,0,0,0,0,0,0,0,0,0,0,0,0,0,0,0,0,0,0,0,0,0,0,0,0,0,0,0,0,0,37,0,0,235,1,1,0,0,1,1,1,1,1,1,2,2,0,0,0,0
3970,WLNM_dir_neg,1,0.5,00:00:00,10,90,42,1987284115,threshold_sweep,0.1,0.666666666667,1,0.8,2,1,0,3,1,0.75,0.25,0,0.666666666667,1,0.8,0.833333333333,0.5,0.666666666667,0.707106781187,0.75,37,35,2,0,37,0,35,0,2,17,37,0.136029411765,1.88235294118,4.35294117647,3.36363636364,2.84615384615,1.69341284359,0.389027274878,0.193958664547,2.09866904602,0.964253345467,0.518282988871,1.87867287326,0.863174022847,0.470588235294,0.786197569093,0.41766745858,2.25,1.88235294118,0.786197569093,2.25,0.166339869281,0.0612244897959,3,0.00441176470588,0.185952380952,17,17,17,1,0,0.352941176471,0.411764705882,0.235294117647,17,0.128676470588,1.90196078431,4.11764705882,3.18181818182,2.69230769231,1.57648156274,0.382859808093,0.201680672269,2.01465221053,0.978545359402,0.524369747899,1.74894926439,0.849489642704,0.463865546218,0.814492905316,0.428238537847,2.33333333333,1.90196078431,0.814492905316,2.33333333333,0,0,0,0,0.164242424242,17,17,17,1,0,0.352941176471,0.411764705882,0.235294117647,17,38,0.139705882353,1.98764705882,4.47058823529,3.16666666667,2.92307692308,1.66274047354,0.371928790134,0.188854489164,2.04723630062,0.915868871331,0.495356037152,1.98523965067,0.888133527931,0.482972136223,0.792996921587,0.398962641817,2.35,1.98764705882,0.792996921587,2.35,0.162418300654,0.0584415584416,3,0.00441176470588,0.192081529582,17,17,17,1,0,0.294117647059,0.470588235294,0.235294117647,1,0.00367647058824,0.105294117647,0.117647058824,-0.19696969697,0.0769230769231,-0.030672370045,-0.0170984847437,-0.00510417538281,-0.0514327453931,-0.0483844741355,-0.0229269517195,0.106566777414,0.0249595050838,0.0123839009288,0.00679935249481,-0.0187048167638,0.1,0.105294117647,0.00679935249481,0.1,-0.00392156862745,-0.00278293135436,0,0,0.00612914862915,-0.0588235294118,0.0588235294118,0,37,1,0,234,1,0.995744680851,0.00425531914894,0,0.973684210526,1,0.986666666667,0.984652666406,0.995744680851,0.973684210526,3,2,0,0,0,0
3971,WLNM_dir_neg,1,0.5,00:00:00,10,90,42,1987284115,threshold_sweep,0.2,0.666666666667,1,0.8,2,1,0,3,1,0.75,0.25,0,0.666666666667,1,0.8,0.833333333333,0.5,0.666666666667,0.707106781187,0.75,37,35,2,0,37,0,35,0,2,17,37,0.136029411765,1.88235294118,4.35294117647,3.36363636364,2.84615384615,1.69341284359,0.389027274878,0.193958664547,2.09866904602,0.964253345467,0.518282988871,1.87867287326,0.863174022847,0.470588235294,0.786197569093,0.41766745858,2.25,1.88235294118,0.786197569093,2.25,0.166339869281,0.0612244897959,3,0.00441176470588,0.185952380952,17,17,17,1,0,0.352941176471,0.411764705882,0.235294117647,17,0.128676470588,1.90196078431,4.11764705882,3.18181818182,2.69230769231,1.57648156274,0.382859808093,0.201680672269,2.01465221053,0.978545359402,0.524369747899,1.74894926439,0.849489642704,0.463865546218,0.814492905316,0.428238537847,2.33333333333,1.90196078431,0.814492905316,2.33333333333,0,0,0,0,0.164242424242,17,17,17,1,0,0.352941176471,0.411764705882,0.235294117647,17,38,0.139705882353,1.98764705882,4.47058823529,3.16666666667,2.92307692308,1.66274047354,0.371928790134,0.188854489164,2.04723630062,0.915868871331,0.495356037152,1.98523965067,0.888133527931,0.482972136223,0.792996921587,0.398962641817,2.35,1.98764705882,0.792996921587,2.35,0.162418300654,0.0584415584416,3,0.00441176470588,0.192081529582,17,17,17,1,0,0.294117647059,0.470588235294,0.235294117647,1,0.00367647058824,0.105294117647,0.117647058824,-0.19696969697,0.0769230769231,-0.030672370045,-0.0170984847437,-0.00510417538281,-0.0514327453931,-0.0483844741355,-0.0229269517195,0.106566777414,0.0249595050838,0.0123839009288,0.00679935249481,-0.0187048167638,0.1,0.105294117647,0.00679935249481,0.1,-0.00392156862745,-0.00278293135436,0,0,0.00612914862915,-0.0588235294118,0.0588235294118,0,37,1,0,234,1,0.995744680851,0.00425531914894,0,0.973684210526,1,0.986666666667,0.984652666406,0.995744680851,0.973684210526,3,2,0,0,0,0
3972,WLNM_dir_neg,1,0.5,00:00:00,10,90,42,1987284115,threshold_sweep,0.3,0.666666666667,1,0.8,2,1,0,3,1,0.75,0.25,0,0.666666666667,1,0.8,0.833333333333,0.5,0.666666666667,0.707106781187,0.75,37,35,2,0,37,0,35,0,2,17,37,0.136029411765,1.88235294118,4.35294117647,3.36363636364,2.84615384615,1.69341284359,0.389027274878,0.193958664547,2.09866904602,0.964253345467,0.518282988871,1.87867287326,0.863174022847,0.470588235294,0.786197569093,0.41766745858,2.25,1.88235294118,0.786197569093,2.25,0.166339869281,0.0612244897959,3,0.00441176470588,0.185952380952,17,17,17,1,0,0.352941176471,0.411764705882,0.235294117647,17,0.128676470588,1.90196078431,4.11764705882,3.18181818182,2.69230769231,1.57648156274,0.382859808093,0.201680672269,2.01465221053,0.978545359402,0.524369747899,1.74894926439,0.849489642704,0.463865546218,0.814492905316,0.428238537847,2.33333333333,1.90196078431,0.814492905316,2.33333333333,0,0,0,0,0.164242424242,17,17,17,1,0,0.352941176471,0.411764705882,0.235294117647,17,38,0.139705882353,1.98764705882,4.47058823529,3.16666666667,2.92307692308,1.66274047354,0.371928790134,0.188854489164,2.04723630062,0.915868871331,0.495356037152,1.98523965067,0.888133527931,0.482972136223,0.792996921587,0.398962641817,2.35,1.98764705882,0.792996921587,2.35,0.162418300654,0.0584415584416,3,0.00441176470588,0.192081529582,17,17,17,1,0,0.294117647059,0.470588235294,0.235294117647,1,0.00367647058824,0.105294117647,0.117647058824,-0.19696969697,0.0769230769231,-0.030672370045,-0.0170984847437,-0.00510417538281,-0.0514327453931,-0.0483844741355,-0.0229269517195,0.106566777414,0.0249595050838,0.0123839009288,0.00679935249481,-0.0187048167638,0.1,0.105294117647,0.00679935249481,0.1,-0.00392156862745,-0.00278293135436,0,0,0.00612914862915,-0.0588235294118,0.0588235294118,0,37,1,0,234,1,0.995744680851,0.00425531914894,0,0.973684210526,1,0.986666666667,0.984652666406,0.995744680851,0.973684210526,3,2,0,0,0,0
3973,WLNM_dir_neg,1,0.5,00:00:00,10,90,42,1987284115,threshold_sweep,0.4,0.666666666667,1,0.8,2,1,0,3,1,0.75,0.25,0,0.666666666667,1,0.8,0.833333333333,0.5,0.666666666667,0.707106781187,0.75,37,35,2,0,37,0,35,0,2,17,37,0.136029411765,1.88235294118,4.35294117647,3.36363636364,2.84615384615,1.69341284359,0.389027274878,0.193958664547,2.09866904602,0.964253345467,0.518282988871,1.87867287326,0.863174022847,0.470588235294,0.786197569093,0.41766745858,2.25,1.88235294118,0.786197569093,2.25,0.166339869281,0.0612244897959,3,0.00441176470588,0.185952380952,17,17,17,1,0,0.352941176471,0.411764705882,0.235294117647,17,0.128676470588,1.90196078431,4.11764705882,3.18181818182,2.69230769231,1.57648156274,0.382859808093,0.201680672269,2.01465221053,0.978545359402,0.524369747899,1.74894926439,0.849489642704,0.463865546218,0.814492905316,0.428238537847,2.33333333333,1.90196078431,0.814492905316,2.33333333333,0,0,0,0,0.164242424242,17,17,17,1,0,0.352941176471,0.411764705882,0.235294117647,17,38,0.139705882353,1.98764705882,4.47058823529,3.16666666667,2.92307692308,1.66274047354,0.371928790134,0.188854489164,2.04723630062,0.915868871331,0.495356037152,1.98523965067,0.888133527931,0.482972136223,0.792996921587,0.398962641817,2.35,1.98764705882,0.792996921587,2.35,0.162418300654,0.0584415584416,3,0.00441176470588,0.192081529582,17,17,17,1,0,0.294117647059,0.470588235294,0.235294117647,1,0.00367647058824,0.105294117647,0.117647058824,-0.19696969697,0.0769230769231,-0.030672370045,-0.0170984847437,-0.00510417538281,-0.0514327453931,-0.0483844741355,-0.0229269517195,0.106566777414,0.0249595050838,0.0123839009288,0.00679935249481,-0.0187048167638,0.1,0.105294117647,0.00679935249481,0.1,-0.00392156862745,-0.00278293135436,0,0,0.00612914862915,-0.0588235294118,0.0588235294118,0,37,1,0,234,1,0.995744680851,0.00425531914894,0,0.973684210526,1,0.986666666667,0.984652666406,0.995744680851,0.973684210526,3,2,0,0,0,0
3974,WLNM_dir_neg,1,0.5,00:00:00,10,90,42,1987284115,threshold_sweep,0.5,0.666666666667,1,0.8,2,1,0,3,1,0.75,0.25,0,0.666666666667,1,0.8,0.833333333333,0.5,0.666666666667,0.707106781187,0.75,37,35,2,0,37,0,35,0,2,17,37,0.136029411765,1.88235294118,4.35294117647,3.36363636364,2.84615384615,1.69341284359,0.389027274878,0.193958664547,2.09866904602,0.964253345467,0.518282988871,1.87867287326,0.863174022847,0.470588235294,0.786197569093,0.41766745858,2.25,1.88235294118,0.786197569093,2.25,0.166339869281,0.0612244897959,3,0.00441176470588,0.185952380952,17,17,17,1,0,0.352941176471,0.411764705882,0.235294117647,17,0.128676470588,1.90196078431,4.11764705882,3.18181818182,2.69230769231,1.57648156274,0.382859808093,0.201680672269,2.01465221053,0.978545359402,0.524369747899,1.74894926439,0.849489642704,0.463865546218,0.814492905316,0.428238537847,2.33333333333,1.90196078431,0.814492905316,2.33333333333,0,0,0,0,0.164242424242,17,17,17,1,0,0.352941176471,0.411764705882,0.235294117647,17,38,0.139705882353,1.98764705882,4.47058823529,3.16666666667,2.92307692308,1.66274047354,0.371928790134,0.188854489164,2.04723630062,0.915868871331,0.495356037152,1.98523965067,0.888133527931,0.482972136223,0.792996921587,0.398962641817,2.35,1.98764705882,0.792996921587,2.35,0.162418300654,0.0584415584416,3,0.00441176470588,0.192081529582,17,17,17,1,0,0.294117647059,0.470588235294,0.235294117647,1,0.00367647058824,0.105294117647,0.117647058824,-0.19696969697,0.0769230769231,-0.030672370045,-0.0170984847437,-0.00510417538281,-0.0514327453931,-0.0483844741355,-0.0229269517195,0.106566777414,0.0249595050838,0.0123839009288,0.00679935249481,-0.0187048167638,0.1,0.105294117647,0.00679935249481,0.1,-0.00392156862745,-0.00278293135436,0,0,0.00612914862915,-0.0588235294118,0.0588235294118,0,37,1,0,234,1,0.995744680851,0.00425531914894,0,0.973684210526,1,0.986666666667,0.984652666406,0.995744680851,0.973684210526,3,2,0,0,0,0
3975,WLNM_dir_neg,1,0.5,00:00:00,10,90,42,1987284115,threshold_sweep,0.6,0.666666666667,1,0.8,2,1,0,3,1,0.75,0.25,0,0.666666666667,1,0.8,0.833333333333,0.5,0.666666666667,0.707106781187,0.75,37,35,2,0,37,0,35,0,2,17,37,0.136029411765,1.88235294118,4.35294117647,3.36363636364,2.84615384615,1.69341284359,0.389027274878,0.193958664547,2.09866904602,0.964253345467,0.518282988871,1.87867287326,0.863174022847,0.470588235294,0.786197569093,0.41766745858,2.25,1.88235294118,0.786197569093,2.25,0.166339869281,0.0612244897959,3,0.00441176470588,0.185952380952,17,17,17,1,0,0.352941176471,0.411764705882,0.235294117647,17,0.128676470588,1.90196078431,4.11764705882,3.18181818182,2.69230769231,1.57648156274,0.382859808093,0.201680672269,2.01465221053,0.978545359402,0.524369747899,1.74894926439,0.849489642704,0.463865546218,0.814492905316,0.428238537847,2.33333333333,1.90196078431,0.814492905316,2.33333333333,0,0,0,0,0.164242424242,17,17,17,1,0,0.352941176471,0.411764705882,0.235294117647,17,38,0.139705882353,1.98764705882,4.47058823529,3.16666666667,2.92307692308,1.66274047354,0.371928790134,0.188854489164,2.04723630062,0.915868871331,0.495356037152,1.98523965067,0.888133527931,0.482972136223,0.792996921587,0.398962641817,2.35,1.98764705882,0.792996921587,2.35,0.162418300654,0.0584415584416,3,0.00441176470588,0.192081529582,17,17,17,1,0,0.294117647059,0.470588235294,0.235294117647,1,0.00367647058824,0.105294117647,0.117647058824,-0.19696969697,0.0769230769231,-0.030672370045,-0.0170984847437,-0.00510417538281,-0.0514327453931,-0.0483844741355,-0.0229269517195,0.106566777414,0.0249595050838,0.0123839009288,0.00679935249481,-0.0187048167638,0.1,0.105294117647,0.00679935249481,0.1,-0.00392156862745,-0.00278293135436,0,0,0.00612914862915,-0.0588235294118,0.0588235294118,0,37,1,0,234,1,0.995744680851,0.00425531914894,0,0.973684210526,1,0.986666666667,0.984652666406,0.995744680851,0.973684210526,3,2,0,0,0,0
3976,WLNM_dir_neg,1,0.5,00:00:00,10,90,42,1987284115,threshold_sweep,0.7,0.666666666667,1,0.8,2,1,0,3,1,0.75,0.25,0,0.666666666667,1,0.8,0.833333333333,0.5,0.666666666667,0.707106781187,0.75,37,35,2,0,37,0,35,0,2,17,37,0.136029411765,1.88235294118,4.35294117647,3.36363636364,2.84615384615,1.69341284359,0.389027274878,0.193958664547,2.09866904602,0.964253345467,0.518282988871,1.87867287326,0.863174022847,0.470588235294,0.786197569093,0.41766745858,2.25,1.88235294118,0.786197569093,2.25,0.166339869281,0.0612244897959,3,0.00441176470588,0.185952380952,17,17,17,1,0,0.352941176471,0.411764705882,0.235294117647,17,0.128676470588,1.90196078431,4.11764705882,3.18181818182,2.69230769231,1.57648156274,0.382859808093,0.201680672269,2.01465221053,0.978545359402,0.524369747899,1.74894926439,0.849489642704,0.463865546218,0.814492905316,0.428238537847,2.33333333333,1.90196078431,0.814492905316,2.33333333333,0,0,0,0,0.164242424242,17,17,17,1,0,0.352941176471,0.411764705882,0.235294117647,17,38,0.139705882353,1.98764705882,4.47058823529,3.16666666667,2.92307692308,1.66274047354,0.371928790134,0.188854489164,2.04723630062,0.915868871331,0.495356037152,1.98523965067,0.888133527931,0.482972136223,0.792996921587,0.398962641817,2.35,1.98764705882,0.792996921587,2.35,0.162418300654,0.0584415584416,3,0.00441176470588,0.192081529582,17,17,17,1,0,0.294117647059,0.470588235294,0.235294117647,1,0.00367647058824,0.105294117647,0.117647058824,-0.19696969697,0.0769230769231,-0.030672370045,-0.0170984847437,-0.00510417538281,-0.0514327453931,-0.0483844741355,-0.0229269517195,0.106566777414,0.0249595050838,0.0123839009288,0.00679935249481,-0.0187048167638,0.1,0.105294117647,0.00679935249481,0.1,-0.00392156862745,-0.00278293135436,0,0,0.00612914862915,-0.0588235294118,0.0588235294118,0,37,1,0,234,1,0.995744680851,0.00425531914894,0,0.973684210526,1,0.986666666667,0.984652666406,0.995744680851,0.973684210526,3,2,0,0,0,0
3977,WLNM_dir_neg,1,0.5,00:00:00,10,90,42,1987284115,threshold_sweep,0.8,0.666666666667,1,0.8,2,1,0,3,1,0.75,0.25,0,0.666666666667,1,0.8,0.833333333333,0.5,0.666666666667,0.707106781187,0.75,37,35,2,0,37,0,35,0,2,17,37,0.136029411765,1.88235294118,4.35294117647,3.36363636364,2.84615384615,1.69341284359,0.389027274878,0.193958664547,2.09866904602,0.964253345467,0.518282988871,1.87867287326,0.863174022847,0.470588235294,0.786197569093,0.41766745858,2.25,1.88235294118,0.786197569093,2.25,0.166339869281,0.0612244897959,3,0.00441176470588,0.185952380952,17,17,17,1,0,0.352941176471,0.411764705882,0.235294117647,17,0.128676470588,1.90196078431,4.11764705882,3.18181818182,2.69230769231,1.57648156274,0.382859808093,0.201680672269,2.01465221053,0.978545359402,0.524369747899,1.74894926439,0.849489642704,0.463865546218,0.814492905316,0.428238537847,2.33333333333,1.90196078431,0.814492905316,2.33333333333,0,0,0,0,0.164242424242,17,17,17,1,0,0.352941176471,0.411764705882,0.235294117647,17,38,0.139705882353,1.98764705882,4.47058823529,3.16666666667,2.92307692308,1.66274047354,0.371928790134,0.188854489164,2.04723630062,0.915868871331,0.495356037152,1.98523965067,0.888133527931,0.482972136223,0.792996921587,0.398962641817,2.35,1.98764705882,0.792996921587,2.35,0.162418300654,0.0584415584416,3,0.00441176470588,0.192081529582,17,17,17,1,0,0.294117647059,0.470588235294,0.235294117647,1,0.00367647058824,0.105294117647,0.117647058824,-0.19696969697,0.0769230769231,-0.030672370045,-0.0170984847437,-0.00510417538281,-0.0514327453931,-0.0483844741355,-0.0229269517195,0.106566777414,0.0249595050838,0.0123839009288,0.00679935249481,-0.0187048167638,0.1,0.105294117647,0.00679935249481,0.1,-0.00392156862745,-0.00278293135436,0,0,0.00612914862915,-0.0588235294118,0.0588235294118,0,37,1,0,234,1,0.995744680851,0.00425531914894,0,0.973684210526,1,0.986666666667,0.984652666406,0.995744680851,0.973684210526,3,2,0,0,0,0
3978,WLNM_dir_neg,1,0.5,00:00:00,10,90,42,1987284115,threshold_sweep,0.9,0.666666666667,1,0.8,2,1,0,3,1,0.75,0.25,0,0.666666666667,1,0.8,0.833333333333,0.5,0.666666666667,0.707106781187,0.75,37,35,2,0,37,0,35,0,2,17,37,0.136029411765,1.88235294118,4.35294117647,3.36363636364,2.84615384615,1.69341284359,0.389027274878,0.193958664547,2.09866904602,0.964253345467,0.518282988871,1.87867287326,0.863174022847,0.470588235294,0.786197569093,0.41766745858,2.25,1.88235294118,0.786197569093,2.25,0.166339869281,0.0612244897959,3,0.00441176470588,0.185952380952,17,17,17,1,0,0.352941176471,0.411764705882,0.235294117647,17,0.128676470588,1.90196078431,4.11764705882,3.18181818182,2.69230769231,1.57648156274,0.382859808093,0.201680672269,2.01465221053,0.978545359402,0.524369747899,1.74894926439,0.849489642704,0.463865546218,0.814492905316,0.428238537847,2.33333333333,1.90196078431,0.814492905316,2.33333333333,0,0,0,0,0.164242424242,17,17,17,1,0,0.352941176471,0.411764705882,0.235294117647,17,38,0.139705882353,1.98764705882,4.47058823529,3.16666666667,2.92307692308,1.66274047354,0.371928790134,0.188854489164,2.04723630062,0.915868871331,0.495356037152,1.98523965067,0.888133527931,0.482972136223,0.792996921587,0.398962641817,2.35,1.98764705882,0.792996921587,2.35,0.162418300654,0.0584415584416,3,0.00441176470588,0.192081529582,17,17,17,1,0,0.294117647059,0.470588235294,0.235294117647,1,0.00367647058824,0.105294117647,0.117647058824,-0.19696969697,0.0769230769231,-0.030672370045,-0.0170984847437,-0.00510417538281,-0.0514327453931,-0.0483844741355,-0.0229269517195,0.106566777414,0.0249595050838,0.0123839009288,0.00679935249481,-0.0187048167638,0.1,0.105294117647,0.00679935249481,0.1,-0.00392156862745,-0.00278293135436,0,0,0.00612914862915,-0.0588235294118,0.0588235294118,0,37,1,0,234,1,0.995744680851,0.00425531914894,0,0.973684210526,1,0.986666666667,0.984652666406,0.995744680851,0.973684210526,3,2,0,0,0,0
3979,WLNM_dir_neg,1,0.5,00:00:00,10,90,43,1987284116,threshold_sweep,0.1,1,1,1,2,0,0,4,1,1,0,0,1,1,1,1,0.555555555556,1,1,1,37,35,2,0,37,0,35,0,2,17,37,0.136029411765,1.88235294118,4.35294117647,3.36363636364,2.84615384615,1.69341284359,0.389027274878,0.193958664547,2.09866904602,0.964253345467,0.518282988871,1.87867287326,0.863174022847,0.470588235294,0.786197569093,0.41766745858,2.25,1.88235294118,0.786197569093,2.25,0.166339869281,0.0612244897959,3,0.00441176470588,0.185952380952,17,17,17,1,0,0.352941176471,0.411764705882,0.235294117647,17,0.128676470588,1.90196078431,4.11764705882,3.18181818182,2.69230769231,1.57648156274,0.382859808093,0.201680672269,2.01465221053,0.978545359402,0.524369747899,1.74894926439,0.849489642704,0.463865546218,0.814492905316,0.428238537847,2.33333333333,1.90196078431,0.814492905316,2.33333333333,0,0,0,0,0.164242424242,17,17,17,1,0,0.352941176471,0.411764705882,0.235294117647,17,37,0.136029411765,1.88235294118,4.35294117647,3.36363636364,2.84615384615,1.69341284359,0.389027274878,0.193958664547,2.09866904602,0.964253345467,0.518282988871,1.87867287326,0.863174022847,0.470588235294,0.786197569093,0.41766745858,2.25,1.88235294118,0.786197569093,2.25,0.166339869281,0.0612244897959,3,0.00441176470588,0.185952380952,17,17,17,1,0,0.352941176471,0.411764705882,0.235294117647,0,0,0,0,0,0,0,0,0,0,0,0,0,0,0,0,0,0,0,0,0,0,0,0,0,0,0,0,0,37,0,0,235,1,1,0,0,1,1,1,1,1,1,2,2,0,0,0,0
3980,WLNM_dir_neg,1,0.5,00:00:00,10,90,43,1987284116,threshold_sweep,0.2,1,1,1,2,0,0,4,1,1,0,0,1,1,1,1,0.555555555556,1,1,1,37,35,2,0,37,0,35,0,2,17,37,0.136029411765,1.88235294118,4.35294117647,3.36363636364,2.84615384615,1.69341284359,0.389027274878,0.193958664547,2.09866904602,0.964253345467,0.518282988871,1.87867287326,0.863174022847,0.470588235294,0.786197569093,0.41766745858,2.25,1.88235294118,0.786197569093,2.25,0.166339869281,0.0612244897959,3,0.00441176470588,0.185952380952,17,17,17,1,0,0.352941176471,0.411764705882,0.235294117647,17,0.128676470588,1.90196078431,4.11764705882,3.18181818182,2.69230769231,1.57648156274,0.382859808093,0.201680672269,2.01465221053,0.978545359402,0.524369747899,1.74894926439,0.849489642704,0.463865546218,0.814492905316,0.428238537847,2.33333333333,1.90196078431,0.814492905316,2.33333333333,0,0,0,0,0.164242424242,17,17,17,1,0,0.352941176471,0.411764705882,0.235294117647,17,37,0.136029411765,1.88235294118,4.35294117647,3.36363636364,2.84615384615,1.69341284359,0.389027274878,0.193958664547,2.09866904602,0.964253345467,0.518282988871,1.87867287326,0.863174022847,0.470588235294,0.786197569093,0.41766745858,2.25,1.88235294118,0.786197569093,2.25,0.166339869281,0.0612244897959,3,0.00441176470588,0.185952380952,17,17,17,1,0,0.352941176471,0.411764705882,0.235294117647,0,0,0,0,0,0,0,0,0,0,0,0,0,0,0,0,0,0,0,0,0,0,0,0,0,0,0,0,0,37,0,0,235,1,1,0,0,1,1,1,1,1,1,2,2,0,0,0,0
3981,WLNM_dir_neg,1,0.5,00:00:00,10,90,43,1987284116,threshold_sweep,0.3,1,1,1,2,0,0,4,1,1,0,0,1,1,1,1,0.555555555556,1,1,1,37,35,2,0,37,0,35,0,2,17,37,0.136029411765,1.88235294118,4.35294117647,3.36363636364,2.84615384615,1.69341284359,0.389027274878,0.193958664547,2.09866904602,0.964253345467,0.518282988871,1.87867287326,0.863174022847,0.470588235294,0.786197569093,0.41766745858,2.25,1.88235294118,0.786197569093,2.25,0.166339869281,0.0612244897959,3,0.00441176470588,0.185952380952,17,17,17,1,0,0.352941176471,0.411764705882,0.235294117647,17,0.128676470588,1.90196078431,4.11764705882,3.18181818182,2.69230769231,1.57648156274,0.382859808093,0.201680672269,2.01465221053,0.978545359402,0.524369747899,1.74894926439,0.849489642704,0.463865546218,0.814492905316,0.428238537847,2.33333333333,1.90196078431,0.814492905316,2.33333333333,0,0,0,0,0.164242424242,17,17,17,1,0,0.352941176471,0.411764705882,0.235294117647,17,37,0.136029411765,1.88235294118,4.35294117647,3.36363636364,2.84615384615,1.69341284359,0.389027274878,0.193958664547,2.09866904602,0.964253345467,0.518282988871,1.87867287326,0.863174022847,0.470588235294,0.786197569093,0.41766745858,2.25,1.88235294118,0.786197569093,2.25,0.166339869281,0.0612244897959,3,0.00441176470588,0.185952380952,17,17,17,1,0,0.352941176471,0.411764705882,0.235294117647,0,0,0,0,0,0,0,0,0,0,0,0,0,0,0,0,0,0,0,0,0,0,0,0,0,0,0,0,0,37,0,0,235,1,1,0,0,1,1,1,1,1,1,2,2,0,0,0,0
3982,WLNM_dir_neg,1,0.5,00:00:00,10,90,43,1987284116,threshold_sweep,0.4,1,1,1,2,0,0,4,1,1,0,0,1,1,1,1,0.555555555556,1,1,1,37,35,2,0,37,0,35,0,2,17,37,0.136029411765,1.88235294118,4.35294117647,3.36363636364,2.84615384615,1.69341284359,0.389027274878,0.193958664547,2.09866904602,0.964253345467,0.518282988871,1.87867287326,0.863174022847,0.470588235294,0.786197569093,0.41766745858,2.25,1.88235294118,0.786197569093,2.25,0.166339869281,0.0612244897959,3,0.00441176470588,0.185952380952,17,17,17,1,0,0.352941176471,0.411764705882,0.235294117647,17,0.128676470588,1.90196078431,4.11764705882,3.18181818182,2.69230769231,1.57648156274,0.382859808093,0.201680672269,2.01465221053,0.978545359402,0.524369747899,1.74894926439,0.849489642704,0.463865546218,0.814492905316,0.428238537847,2.33333333333,1.90196078431,0.814492905316,2.33333333333,0,0,0,0,0.164242424242,17,17,17,1,0,0.352941176471,0.411764705882,0.235294117647,17,37,0.136029411765,1.88235294118,4.35294117647,3.36363636364,2.84615384615,1.69341284359,0.389027274878,0.193958664547,2.09866904602,0.964253345467,0.518282988871,1.87867287326,0.863174022847,0.470588235294,0.786197569093,0.41766745858,2.25,1.88235294118,0.786197569093,2.25,0.166339869281,0.0612244897959,3,0.00441176470588,0.185952380952,17,17,17,1,0,0.352941176471,0.411764705882,0.235294117647,0,0,0,0,0,0,0,0,0,0,0,0,0,0,0,0,0,0,0,0,0,0,0,0,0,0,0,0,0,37,0,0,235,1,1,0,0,1,1,1,1,1,1,2,2,0,0,0,0
3983,WLNM_dir_neg,1,0.5,00:00:00,10,90,43,1987284116,threshold_sweep,0.5,1,1,1,2,0,0,4,1,1,0,0,1,1,1,1,0.555555555556,1,1,1,37,35,2,0,37,0,35,0,2,17,37,0.136029411765,1.88235294118,4.35294117647,3.36363636364,2.84615384615,1.69341284359,0.389027274878,0.193958664547,2.09866904602,0.964253345467,0.518282988871,1.87867287326,0.863174022847,0.470588235294,0.786197569093,0.41766745858,2.25,1.88235294118,0.786197569093,2.25,0.166339869281,0.0612244897959,3,0.00441176470588,0.185952380952,17,17,17,1,0,0.352941176471,0.411764705882,0.235294117647,17,0.128676470588,1.90196078431,4.11764705882,3.18181818182,2.69230769231,1.57648156274,0.382859808093,0.201680672269,2.01465221053,0.978545359402,0.524369747899,1.74894926439,0.849489642704,0.463865546218,0.814492905316,0.428238537847,2.33333333333,1.90196078431,0.814492905316,2.33333333333,0,0,0,0,0.164242424242,17,17,17,1,0,0.352941176471,0.411764705882,0.235294117647,17,37,0.136029411765,1.88235294118,4.35294117647,3.36363636364,2.84615384615,1.69341284359,0.389027274878,0.193958664547,2.09866904602,0.964253345467,0.518282988871,1.87867287326,0.863174022847,0.470588235294,0.786197569093,0.41766745858,2.25,1.88235294118,0.786197569093,2.25,0.166339869281,0.0612244897959,3,0.00441176470588,0.185952380952,17,17,17,1,0,0.352941176471,0.411764705882,0.235294117647,0,0,0,0,0,0,0,0,0,0,0,0,0,0,0,0,0,0,0,0,0,0,0,0,0,0,0,0,0,37,0,0,235,1,1,0,0,1,1,1,1,1,1,2,2,0,0,0,0
3984,WLNM_dir_neg,1,0.5,00:00:00,10,90,43,1987284116,threshold_sweep,0.6,1,1,1,2,0,0,4,1,1,0,0,1,1,1,1,0.555555555556,1,1,1,37,35,2,0,37,0,35,0,2,17,37,0.136029411765,1.88235294118,4.35294117647,3.36363636364,2.84615384615,1.69341284359,0.389027274878,0.193958664547,2.09866904602,0.964253345467,0.518282988871,1.87867287326,0.863174022847,0.470588235294,0.786197569093,0.41766745858,2.25,1.88235294118,0.786197569093,2.25,0.166339869281,0.0612244897959,3,0.00441176470588,0.185952380952,17,17,17,1,0,0.352941176471,0.411764705882,0.235294117647,17,0.128676470588,1.90196078431,4.11764705882,3.18181818182,2.69230769231,1.57648156274,0.382859808093,0.201680672269,2.01465221053,0.978545359402,0.524369747899,1.74894926439,0.849489642704,0.463865546218,0.814492905316,0.428238537847,2.33333333333,1.90196078431,0.814492905316,2.33333333333,0,0,0,0,0.164242424242,17,17,17,1,0,0.352941176471,0.411764705882,0.235294117647,17,37,0.136029411765,1.88235294118,4.35294117647,3.36363636364,2.84615384615,1.69341284359,0.389027274878,0.193958664547,2.09866904602,0.964253345467,0.518282988871,1.87867287326,0.863174022847,0.470588235294,0.786197569093,0.41766745858,2.25,1.88235294118,0.786197569093,2.25,0.166339869281,0.0612244897959,3,0.00441176470588,0.185952380952,17,17,17,1,0,0.352941176471,0.411764705882,0.235294117647,0,0,0,0,0,0,0,0,0,0,0,0,0,0,0,0,0,0,0,0,0,0,0,0,0,0,0,0,0,37,0,0,235,1,1,0,0,1,1,1,1,1,1,2,2,0,0,0,0
3985,WLNM_dir_neg,1,0.5,00:00:00,10,90,43,1987284116,threshold_sweep,0.7,1,1,1,2,0,0,4,1,1,0,0,1,1,1,1,0.555555555556,1,1,1,37,35,2,0,37,0,35,0,2,17,37,0.136029411765,1.88235294118,4.35294117647,3.36363636364,2.84615384615,1.69341284359,0.389027274878,0.193958664547,2.09866904602,0.964253345467,0.518282988871,1.87867287326,0.863174022847,0.470588235294,0.786197569093,0.41766745858,2.25,1.88235294118,0.786197569093,2.25,0.166339869281,0.0612244897959,3,0.00441176470588,0.185952380952,17,17,17,1,0,0.352941176471,0.411764705882,0.235294117647,17,0.128676470588,1.90196078431,4.11764705882,3.18181818182,2.69230769231,1.57648156274,0.382859808093,0.201680672269,2.01465221053,0.978545359402,0.524369747899,1.74894926439,0.849489642704,0.463865546218,0.814492905316,0.428238537847,2.33333333333,1.90196078431,0.814492905316,2.33333333333,0,0,0,0,0.164242424242,17,17,17,1,0,0.352941176471,0.411764705882,0.235294117647,17,37,0.136029411765,1.88235294118,4.35294117647,3.36363636364,2.84615384615,1.69341284359,0.389027274878,0.193958664547,2.09866904602,0.964253345467,0.518282988871,1.87867287326,0.863174022847,0.470588235294,0.786197569093,0.41766745858,2.25,1.88235294118,0.786197569093,2.25,0.166339869281,0.0612244897959,3,0.00441176470588,0.185952380952,17,17,17,1,0,0.352941176471,0.411764705882,0.235294117647,0,0,0,0,0,0,0,0,0,0,0,0,0,0,0,0,0,0,0,0,0,0,0,0,0,0,0,0,0,37,0,0,235,1,1,0,0,1,1,1,1,1,1,2,2,0,0,0,0
3986,WLNM_dir_neg,1,0.5,00:00:00,10,90,43,1987284116,threshold_sweep,0.8,1,1,1,2,0,0,4,1,1,0,0,1,1,1,1,0.555555555556,1,1,1,37,35,2,0,37,0,35,0,2,17,37,0.136029411765,1.88235294118,4.35294117647,3.36363636364,2.84615384615,1.69341284359,0.389027274878,0.193958664547,2.09866904602,0.964253345467,0.518282988871,1.87867287326,0.863174022847,0.470588235294,0.786197569093,0.41766745858,2.25,1.88235294118,0.786197569093,2.25,0.166339869281,0.0612244897959,3,0.00441176470588,0.185952380952,17,17,17,1,0,0.352941176471,0.411764705882,0.235294117647,17,0.128676470588,1.90196078431,4.11764705882,3.18181818182,2.69230769231,1.57648156274,0.382859808093,0.201680672269,2.01465221053,0.978545359402,0.524369747899,1.74894926439,0.849489642704,0.463865546218,0.814492905316,0.428238537847,2.33333333333,1.90196078431,0.814492905316,2.33333333333,0,0,0,0,0.164242424242,17,17,17,1,0,0.352941176471,0.411764705882,0.235294117647,17,37,0.136029411765,1.88235294118,4.35294117647,3.36363636364,2.84615384615,1.69341284359,0.389027274878,0.193958664547,2.09866904602,0.964253345467,0.518282988871,1.87867287326,0.863174022847,0.470588235294,0.786197569093,0.41766745858,2.25,1.88235294118,0.786197569093,2.25,0.166339869281,0.0612244897959,3,0.00441176470588,0.185952380952,17,17,17,1,0,0.352941176471,0.411764705882,0.235294117647,0,0,0,0,0,0,0,0,0,0,0,0,0,0,0,0,0,0,0,0,0,0,0,0,0,0,0,0,0,37,0,0,235,1,1,0,0,1,1,1,1,1,1,2,2,0,0,0,0
3987,WLNM_dir_neg,1,0.5,00:00:00,10,90,43,1987284116,threshold_sweep,0.9,1,1,1,2,0,0,4,1,1,0,0,1,1,1,1,0.555555555556,1,1,1,37,35,2,0,37,0,35,0,2,17,37,0.136029411765,1.88235294118,4.35294117647,3.36363636364,2.84615384615,1.69341284359,0.389027274878,0.193958664547,2.09866904602,0.964253345467,0.518282988871,1.87867287326,0.863174022847,0.470588235294,0.786197569093,0.41766745858,2.25,1.88235294118,0.786197569093,2.25,0.166339869281,0.0612244897959,3,0.00441176470588,0.185952380952,17,17,17,1,0,0.352941176471,0.411764705882,0.235294117647,17,0.128676470588,1.90196078431,4.11764705882,3.18181818182,2.69230769231,1.57648156274,0.382859808093,0.201680672269,2.01465221053,0.978545359402,0.524369747899,1.74894926439,0.849489642704,0.463865546218,0.814492905316,0.428238537847,2.33333333333,1.90196078431,0.814492905316,2.33333333333,0,0,0,0,0.164242424242,17,17,17,1,0,0.352941176471,0.411764705882,0.235294117647,17,37,0.136029411765,1.88235294118,4.35294117647,3.36363636364,2.84615384615,1.69341284359,0.389027274878,0.193958664547,2.09866904602,0.964253345467,0.518282988871,1.87867287326,0.863174022847,0.470588235294,0.786197569093,0.41766745858,2.25,1.88235294118,0.786197569093,2.25,0.166339869281,0.0612244897959,3,0.00441176470588,0.185952380952,17,17,17,1,0,0.352941176471,0.411764705882,0.235294117647,0,0,0,0,0,0,0,0,0,0,0,0,0,0,0,0,0,0,0,0,0,0,0,0,0,0,0,0,0,37,0,0,235,1,1,0,0,1,1,1,1,1,1,2,2,0,0,0,0
3988,WLNM_dir_neg,1,0.5,00:00:00,10,90,44,1987284117,threshold_sweep,0.1,1,1,1,2,0,0,4,1,1,0,0,1,1,1,1,0.555555555556,1,1,1,37,35,2,0,37,0,35,0,2,17,37,0.136029411765,1.88235294118,4.35294117647,3.36363636364,2.84615384615,1.69341284359,0.389027274878,0.193958664547,2.09866904602,0.964253345467,0.518282988871,1.87867287326,0.863174022847,0.470588235294,0.786197569093,0.41766745858,2.25,1.88235294118,0.786197569093,2.25,0.166339869281,0.0612244897959,3,0.00441176470588,0.185952380952,17,17,17,1,0,0.352941176471,0.411764705882,0.235294117647,17,0.128676470588,1.90196078431,4.11764705882,3.18181818182,2.69230769231,1.57648156274,0.382859808093,0.201680672269,2.01465221053,0.978545359402,0.524369747899,1.74894926439,0.849489642704,0.463865546218,0.814492905316,0.428238537847,2.33333333333,1.90196078431,0.814492905316,2.33333333333,0,0,0,0,0.164242424242,17,17,17,1,0,0.352941176471,0.411764705882,0.235294117647,17,37,0.136029411765,1.88235294118,4.35294117647,3.36363636364,2.84615384615,1.69341284359,0.389027274878,0.193958664547,2.09866904602,0.964253345467,0.518282988871,1.87867287326,0.863174022847,0.470588235294,0.786197569093,0.41766745858,2.25,1.88235294118,0.786197569093,2.25,0.166339869281,0.0612244897959,3,0.00441176470588,0.185952380952,17,17,17,1,0,0.352941176471,0.411764705882,0.235294117647,0,0,0,0,0,0,0,0,0,0,0,0,0,0,0,0,0,0,0,0,0,0,0,0,0,0,0,0,0,37,0,0,235,1,1,0,0,1,1,1,1,1,1,2,2,0,0,0,0
3989,WLNM_dir_neg,1,0.5,00:00:00,10,90,44,1987284117,threshold_sweep,0.2,1,1,1,2,0,0,4,1,1,0,0,1,1,1,1,0.555555555556,1,1,1,37,35,2,0,37,0,35,0,2,17,37,0.136029411765,1.88235294118,4.35294117647,3.36363636364,2.84615384615,1.69341284359,0.389027274878,0.193958664547,2.09866904602,0.964253345467,0.518282988871,1.87867287326,0.863174022847,0.470588235294,0.786197569093,0.41766745858,2.25,1.88235294118,0.786197569093,2.25,0.166339869281,0.0612244897959,3,0.00441176470588,0.185952380952,17,17,17,1,0,0.352941176471,0.411764705882,0.235294117647,17,0.128676470588,1.90196078431,4.11764705882,3.18181818182,2.69230769231,1.57648156274,0.382859808093,0.201680672269,2.01465221053,0.978545359402,0.524369747899,1.74894926439,0.849489642704,0.463865546218,0.814492905316,0.428238537847,2.33333333333,1.90196078431,0.814492905316,2.33333333333,0,0,0,0,0.164242424242,17,17,17,1,0,0.352941176471,0.411764705882,0.235294117647,17,37,0.136029411765,1.88235294118,4.35294117647,3.36363636364,2.84615384615,1.69341284359,0.389027274878,0.193958664547,2.09866904602,0.964253345467,0.518282988871,1.87867287326,0.863174022847,0.470588235294,0.786197569093,0.41766745858,2.25,1.88235294118,0.786197569093,2.25,0.166339869281,0.0612244897959,3,0.00441176470588,0.185952380952,17,17,17,1,0,0.352941176471,0.411764705882,0.235294117647,0,0,0,0,0,0,0,0,0,0,0,0,0,0,0,0,0,0,0,0,0,0,0,0,0,0,0,0,0,37,0,0,235,1,1,0,0,1,1,1,1,1,1,2,2,0,0,0,0
3990,WLNM_dir_neg,1,0.5,00:00:00,10,90,44,1987284117,threshold_sweep,0.3,1,1,1,2,0,0,4,1,1,0,0,1,1,1,1,0.555555555556,1,1,1,37,35,2,0,37,0,35,0,2,17,37,0.136029411765,1.88235294118,4.35294117647,3.36363636364,2.84615384615,1.69341284359,0.389027274878,0.193958664547,2.09866904602,0.964253345467,0.518282988871,1.87867287326,0.863174022847,0.470588235294,0.786197569093,0.41766745858,2.25,1.88235294118,0.786197569093,2.25,0.166339869281,0.0612244897959,3,0.00441176470588,0.185952380952,17,17,17,1,0,0.352941176471,0.411764705882,0.235294117647,17,0.128676470588,1.90196078431,4.11764705882,3.18181818182,2.69230769231,1.57648156274,0.382859808093,0.201680672269,2.01465221053,0.978545359402,0.524369747899,1.74894926439,0.849489642704,0.463865546218,0.814492905316,0.428238537847,2.33333333333,1.90196078431,0.814492905316,2.33333333333,0,0,0,0,0.164242424242,17,17,17,1,0,0.352941176471,0.411764705882,0.235294117647,17,37,0.136029411765,1.88235294118,4.35294117647,3.36363636364,2.84615384615,1.69341284359,0.389027274878,0.193958664547,2.09866904602,0.964253345467,0.518282988871,1.87867287326,0.863174022847,0.470588235294,0.786197569093,0.41766745858,2.25,1.88235294118,0.786197569093,2.25,0.166339869281,0.0612244897959,3,0.00441176470588,0.185952380952,17,17,17,1,0,0.352941176471,0.411764705882,0.235294117647,0,0,0,0,0,0,0,0,0,0,0,0,0,0,0,0,0,0,0,0,0,0,0,0,0,0,0,0,0,37,0,0,235,1,1,0,0,1,1,1,1,1,1,2,2,0,0,0,0
3991,WLNM_dir_neg,1,0.5,00:00:00,10,90,44,1987284117,threshold_sweep,0.4,1,1,1,2,0,0,4,1,1,0,0,1,1,1,1,0.555555555556,1,1,1,37,35,2,0,37,0,35,0,2,17,37,0.136029411765,1.88235294118,4.35294117647,3.36363636364,2.84615384615,1.69341284359,0.389027274878,0.193958664547,2.09866904602,0.964253345467,0.518282988871,1.87867287326,0.863174022847,0.470588235294,0.786197569093,0.41766745858,2.25,1.88235294118,0.786197569093,2.25,0.166339869281,0.0612244897959,3,0.00441176470588,0.185952380952,17,17,17,1,0,0.352941176471,0.411764705882,0.235294117647,17,0.128676470588,1.90196078431,4.11764705882,3.18181818182,2.69230769231,1.57648156274,0.382859808093,0.201680672269,2.01465221053,0.978545359402,0.524369747899,1.74894926439,0.849489642704,0.463865546218,0.814492905316,0.428238537847,2.33333333333,1.90196078431,0.814492905316,2.33333333333,0,0,0,0,0.164242424242,17,17,17,1,0,0.352941176471,0.411764705882,0.235294117647,17,37,0.136029411765,1.88235294118,4.35294117647,3.36363636364,2.84615384615,1.69341284359,0.389027274878,0.193958664547,2.09866904602,0.964253345467,0.518282988871,1.87867287326,0.863174022847,0.470588235294,0.786197569093,0.41766745858,2.25,1.88235294118,0.786197569093,2.25,0.166339869281,0.0612244897959,3,0.00441176470588,0.185952380952,17,17,17,1,0,0.352941176471,0.411764705882,0.235294117647,0,0,0,0,0,0,0,0,0,0,0,0,0,0,0,0,0,0,0,0,0,0,0,0,0,0,0,0,0,37,0,0,235,1,1,0,0,1,1,1,1,1,1,2,2,0,0,0,0
3992,WLNM_dir_neg,1,0.5,00:00:00,10,90,44,1987284117,threshold_sweep,0.5,1,1,1,2,0,0,4,1,1,0,0,1,1,1,1,0.555555555556,1,1,1,37,35,2,0,37,0,35,0,2,17,37,0.136029411765,1.88235294118,4.35294117647,3.36363636364,2.84615384615,1.69341284359,0.389027274878,0.193958664547,2.09866904602,0.964253345467,0.518282988871,1.87867287326,0.863174022847,0.470588235294,0.786197569093,0.41766745858,2.25,1.88235294118,0.786197569093,2.25,0.166339869281,0.0612244897959,3,0.00441176470588,0.185952380952,17,17,17,1,0,0.352941176471,0.411764705882,0.235294117647,17,0.128676470588,1.90196078431,4.11764705882,3.18181818182,2.69230769231,1.57648156274,0.382859808093,0.201680672269,2.01465221053,0.978545359402,0.524369747899,1.74894926439,0.849489642704,0.463865546218,0.814492905316,0.428238537847,2.33333333333,1.90196078431,0.814492905316,2.33333333333,0,0,0,0,0.164242424242,17,17,17,1,0,0.352941176471,0.411764705882,0.235294117647,17,37,0.136029411765,1.88235294118,4.35294117647,3.36363636364,2.84615384615,1.69341284359,0.389027274878,0.193958664547,2.09866904602,0.964253345467,0.518282988871,1.87867287326,0.863174022847,0.470588235294,0.786197569093,0.41766745858,2.25,1.88235294118,0.786197569093,2.25,0.166339869281,0.0612244897959,3,0.00441176470588,0.185952380952,17,17,17,1,0,0.352941176471,0.411764705882,0.235294117647,0,0,0,0,0,0,0,0,0,0,0,0,0,0,0,0,0,0,0,0,0,0,0,0,0,0,0,0,0,37,0,0,235,1,1,0,0,1,1,1,1,1,1,2,2,0,0,0,0
3993,WLNM_dir_neg,1,0.5,00:00:00,10,90,44,1987284117,threshold_sweep,0.6,1,1,1,2,0,0,4,1,1,0,0,1,1,1,1,0.555555555556,1,1,1,37,35,2,0,37,0,35,0,2,17,37,0.136029411765,1.88235294118,4.35294117647,3.36363636364,2.84615384615,1.69341284359,0.389027274878,0.193958664547,2.09866904602,0.964253345467,0.518282988871,1.87867287326,0.863174022847,0.470588235294,0.786197569093,0.41766745858,2.25,1.88235294118,0.786197569093,2.25,0.166339869281,0.0612244897959,3,0.00441176470588,0.185952380952,17,17,17,1,0,0.352941176471,0.411764705882,0.235294117647,17,0.128676470588,1.90196078431,4.11764705882,3.18181818182,2.69230769231,1.57648156274,0.382859808093,0.201680672269,2.01465221053,0.978545359402,0.524369747899,1.74894926439,0.849489642704,0.463865546218,0.814492905316,0.428238537847,2.33333333333,1.90196078431,0.814492905316,2.33333333333,0,0,0,0,0.164242424242,17,17,17,1,0,0.352941176471,0.411764705882,0.235294117647,17,37,0.136029411765,1.88235294118,4.35294117647,3.36363636364,2.84615384615,1.69341284359,0.389027274878,0.193958664547,2.09866904602,0.964253345467,0.518282988871,1.87867287326,0.863174022847,0.470588235294,0.786197569093,0.41766745858,2.25,1.88235294118,0.786197569093,2.25,0.166339869281,0.0612244897959,3,0.00441176470588,0.185952380952,17,17,17,1,0,0.352941176471,0.411764705882,0.235294117647,0,0,0,0,0,0,0,0,0,0,0,0,0,0,0,0,0,0,0,0,0,0,0,0,0,0,0,0,0,37,0,0,235,1,1,0,0,1,1,1,1,1,1,2,2,0,0,0,0
3994,WLNM_dir_neg,1,0.5,00:00:00,10,90,44,1987284117,threshold_sweep,0.7,1,1,1,2,0,0,4,1,1,0,0,1,1,1,1,0.555555555556,1,1,1,37,35,2,0,37,0,35,0,2,17,37,0.136029411765,1.88235294118,4.35294117647,3.36363636364,2.84615384615,1.69341284359,0.389027274878,0.193958664547,2.09866904602,0.964253345467,0.518282988871,1.87867287326,0.863174022847,0.470588235294,0.786197569093,0.41766745858,2.25,1.88235294118,0.786197569093,2.25,0.166339869281,0.0612244897959,3,0.00441176470588,0.185952380952,17,17,17,1,0,0.352941176471,0.411764705882,0.235294117647,17,0.128676470588,1.90196078431,4.11764705882,3.18181818182,2.69230769231,1.57648156274,0.382859808093,0.201680672269,2.01465221053,0.978545359402,0.524369747899,1.74894926439,0.849489642704,0.463865546218,0.814492905316,0.428238537847,2.33333333333,1.90196078431,0.814492905316,2.33333333333,0,0,0,0,0.164242424242,17,17,17,1,0,0.352941176471,0.411764705882,0.235294117647,17,37,0.136029411765,1.88235294118,4.35294117647,3.36363636364,2.84615384615,1.69341284359,0.389027274878,0.193958664547,2.09866904602,0.964253345467,0.518282988871,1.87867287326,0.863174022847,0.470588235294,0.786197569093,0.41766745858,2.25,1.88235294118,0.786197569093,2.25,0.166339869281,0.0612244897959,3,0.00441176470588,0.185952380952,17,17,17,1,0,0.352941176471,0.411764705882,0.235294117647,0,0,0,0,0,0,0,0,0,0,0,0,0,0,0,0,0,0,0,0,0,0,0,0,0,0,0,0,0,37,0,0,235,1,1,0,0,1,1,1,1,1,1,2,2,0,0,0,0
3995,WLNM_dir_neg,1,0.5,00:00:00,10,90,44,1987284117,threshold_sweep,0.8,1,1,1,2,0,0,4,1,1,0,0,1,1,1,1,0.555555555556,1,1,1,37,35,2,0,37,0,35,0,2,17,37,0.136029411765,1.88235294118,4.35294117647,3.36363636364,2.84615384615,1.69341284359,0.389027274878,0.193958664547,2.09866904602,0.964253345467,0.518282988871,1.87867287326,0.863174022847,0.470588235294,0.786197569093,0.41766745858,2.25,1.88235294118,0.786197569093,2.25,0.166339869281,0.0612244897959,3,0.00441176470588,0.185952380952,17,17,17,1,0,0.352941176471,0.411764705882,0.235294117647,17,0.128676470588,1.90196078431,4.11764705882,3.18181818182,2.69230769231,1.57648156274,0.382859808093,0.201680672269,2.01465221053,0.978545359402,0.524369747899,1.74894926439,0.849489642704,0.463865546218,0.814492905316,0.428238537847,2.33333333333,1.90196078431,0.814492905316,2.33333333333,0,0,0,0,0.164242424242,17,17,17,1,0,0.352941176471,0.411764705882,0.235294117647,17,37,0.136029411765,1.88235294118,4.35294117647,3.36363636364,2.84615384615,1.69341284359,0.389027274878,0.193958664547,2.09866904602,0.964253345467,0.518282988871,1.87867287326,0.863174022847,0.470588235294,0.786197569093,0.41766745858,2.25,1.88235294118,0.786197569093,2.25,0.166339869281,0.0612244897959,3,0.00441176470588,0.185952380952,17,17,17,1,0,0.352941176471,0.411764705882,0.235294117647,0,0,0,0,0,0,0,0,0,0,0,0,0,0,0,0,0,0,0,0,0,0,0,0,0,0,0,0,0,37,0,0,235,1,1,0,0,1,1,1,1,1,1,2,2,0,0,0,0
3996,WLNM_dir_neg,1,0.5,00:00:00,10,90,44,1987284117,threshold_sweep,0.9,1,1,1,2,0,0,4,1,1,0,0,1,1,1,1,0.555555555556,1,1,1,37,35,2,0,37,0,35,0,2,17,37,0.136029411765,1.88235294118,4.35294117647,3.36363636364,2.84615384615,1.69341284359,0.389027274878,0.193958664547,2.09866904602,0.964253345467,0.518282988871,1.87867287326,0.863174022847,0.470588235294,0.786197569093,0.41766745858,2.25,1.88235294118,0.786197569093,2.25,0.166339869281,0.0612244897959,3,0.00441176470588,0.185952380952,17,17,17,1,0,0.352941176471,0.411764705882,0.235294117647,17,0.128676470588,1.90196078431,4.11764705882,3.18181818182,2.69230769231,1.57648156274,0.382859808093,0.201680672269,2.01465221053,0.978545359402,0.524369747899,1.74894926439,0.849489642704,0.463865546218,0.814492905316,0.428238537847,2.33333333333,1.90196078431,0.814492905316,2.33333333333,0,0,0,0,0.164242424242,17,17,17,1,0,0.352941176471,0.411764705882,0.235294117647,17,37,0.136029411765,1.88235294118,4.35294117647,3.36363636364,2.84615384615,1.69341284359,0.389027274878,0.193958664547,2.09866904602,0.964253345467,0.518282988871,1.87867287326,0.863174022847,0.470588235294,0.786197569093,0.41766745858,2.25,1.88235294118,0.786197569093,2.25,0.166339869281,0.0612244897959,3,0.00441176470588,0.185952380952,17,17,17,1,0,0.352941176471,0.411764705882,0.235294117647,0,0,0,0,0,0,0,0,0,0,0,0,0,0,0,0,0,0,0,0,0,0,0,0,0,0,0,0,0,37,0,0,235,1,1,0,0,1,1,1,1,1,1,2,2,0,0,0,0
3997,WLNM_dir_neg,1,0.5,00:00:00,10,90,45,1987284118,threshold_sweep,0.1,0.666666666667,1,0.8,2,1,0,3,1,0.75,0.25,0,0.666666666667,1,0.8,0.833333333333,0.5,0.666666666667,0.707106781187,0.75,37,35,2,0,37,0,35,0,2,17,37,0.136029411765,1.88235294118,4.35294117647,3.36363636364,2.84615384615,1.69341284359,0.389027274878,0.193958664547,2.09866904602,0.964253345467,0.518282988871,1.87867287326,0.863174022847,0.470588235294,0.786197569093,0.41766745858,2.25,1.88235294118,0.786197569093,2.25,0.166339869281,0.0612244897959,3,0.00441176470588,0.185952380952,17,17,17,1,0,0.352941176471,0.411764705882,0.235294117647,17,0.128676470588,1.90196078431,4.11764705882,3.18181818182,2.69230769231,1.57648156274,0.382859808093,0.201680672269,2.01465221053,0.978545359402,0.524369747899,1.74894926439,0.849489642704,0.463865546218,0.814492905316,0.428238537847,2.33333333333,1.90196078431,0.814492905316,2.33333333333,0,0,0,0,0.164242424242,17,17,17,1,0,0.352941176471,0.411764705882,0.235294117647,17,38,0.139705882353,2.13617647059,4.47058823529,3.16666666667,2.92307692308,1.66274047354,0.371928790134,0.188854489164,2.04723630062,0.915868871331,0.495356037152,1.88843227853,0.84482496671,0.461300309598,0.898017833571,0.420385602938,2.5,2.13617647059,0.898017833571,2.5,0.162418300654,0.0584415584416,3,0.00441176470588,0.161020923521,17,17,17,1,0,0.294117647059,0.470588235294,0.235294117647,1,0.00367647058824,0.253823529412,0.117647058824,-0.19696969697,0.0769230769231,-0.030672370045,-0.0170984847437,-0.00510417538281,-0.0514327453931,-0.0483844741355,-0.0229269517195,0.00975940527302,-0.018349056137,-0.00928792569659,0.111820264479,0.002718144358,0.25,0.253823529412,0.111820264479,0.25,-0.00392156862745,-0.00278293135436,0,0,-0.0249314574315,-0.0588235294118,0.0588235294118,0,37,1,0,234,1,0.995744680851,0.00425531914894,0,0.973684210526,1,0.986666666667,0.984652666406,0.995744680851,0.973684210526,3,2,0,0,0,0
3998,WLNM_dir_neg,1,0.5,00:00:00,10,90,45,1987284118,threshold_sweep,0.2,0.666666666667,1,0.8,2,1,0,3,1,0.75,0.25,0,0.666666666667,1,0.8,0.833333333333,0.5,0.666666666667,0.707106781187,0.75,37,35,2,0,37,0,35,0,2,17,37,0.136029411765,1.88235294118,4.35294117647,3.36363636364,2.84615384615,1.69341284359,0.389027274878,0.193958664547,2.09866904602,0.964253345467,0.518282988871,1.87867287326,0.863174022847,0.470588235294,0.786197569093,0.41766745858,2.25,1.88235294118,0.786197569093,2.25,0.166339869281,0.0612244897959,3,0.00441176470588,0.185952380952,17,17,17,1,0,0.352941176471,0.411764705882,0.235294117647,17,0.128676470588,1.90196078431,4.11764705882,3.18181818182,2.69230769231,1.57648156274,0.382859808093,0.201680672269,2.01465221053,0.978545359402,0.524369747899,1.74894926439,0.849489642704,0.463865546218,0.814492905316,0.428238537847,2.33333333333,1.90196078431,0.814492905316,2.33333333333,0,0,0,0,0.164242424242,17,17,17,1,0,0.352941176471,0.411764705882,0.235294117647,17,38,0.139705882353,2.13617647059,4.47058823529,3.16666666667,2.92307692308,1.66274047354,0.371928790134,0.188854489164,2.04723630062,0.915868871331,0.495356037152,1.88843227853,0.84482496671,0.461300309598,0.898017833571,0.420385602938,2.5,2.13617647059,0.898017833571,2.5,0.162418300654,0.0584415584416,3,0.00441176470588,0.161020923521,17,17,17,1,0,0.294117647059,0.470588235294,0.235294117647,1,0.00367647058824,0.253823529412,0.117647058824,-0.19696969697,0.0769230769231,-0.030672370045,-0.0170984847437,-0.00510417538281,-0.0514327453931,-0.0483844741355,-0.0229269517195,0.00975940527302,-0.018349056137,-0.00928792569659,0.111820264479,0.002718144358,0.25,0.253823529412,0.111820264479,0.25,-0.00392156862745,-0.00278293135436,0,0,-0.0249314574315,-0.0588235294118,0.0588235294118,0,37,1,0,234,1,0.995744680851,0.00425531914894,0,0.973684210526,1,0.986666666667,0.984652666406,0.995744680851,0.973684210526,3,2,0,0,0,0
3999,WLNM_dir_neg,1,0.5,00:00:00,10,90,45,1987284118,threshold_sweep,0.3,1,1,1,2,0,0,4,1,1,0,0,1,1,1,1,0.555555555556,1,1,1,37,35,2,0,37,0,35,0,2,17,37,0.136029411765,1.88235294118,4.35294117647,3.36363636364,2.84615384615,1.69341284359,0.389027274878,0.193958664547,2.09866904602,0.964253345467,0.518282988871,1.87867287326,0.863174022847,0.470588235294,0.786197569093,0.41766745858,2.25,1.88235294118,0.786197569093,2.25,0.166339869281,0.0612244897959,3,0.00441176470588,0.185952380952,17,17,17,1,0,0.352941176471,0.411764705882,0.235294117647,17,0.128676470588,1.90196078431,4.11764705882,3.18181818182,2.69230769231,1.57648156274,0.382859808093,0.201680672269,2.01465221053,0.978545359402,0.524369747899,1.74894926439,0.849489642704,0.463865546218,0.814492905316,0.428238537847,2.33333333333,1.90196078431,0.814492905316,2.33333333333,0,0,0,0,0.164242424242,17,17,17,1,0,0.352941176471,0.411764705882,0.235294117647,17,37,0.136029411765,1.88235294118,4.35294117647,3.36363636364,2.84615384615,1.69341284359,0.389027274878,0.193958664547,2.09866904602,0.964253345467,0.518282988871,1.87867287326,0.863174022847,0.470588235294,0.786197569093,0.41766745858,2.25,1.88235294118,0.786197569093,2.25,0.166339869281,0.0612244897959,3,0.00441176470588,0.185952380952,17,17,17,1,0,0.352941176471,0.411764705882,0.235294117647,0,0,0,0,0,0,0,0,0,0,0,0,0,0,0,0,0,0,0,0,0,0,0,0,0,0,0,0,0,37,0,0,235,1,1,0,0,1,1,1,1,1,1,2,2,0,0,0,0
4000,WLNM_dir_neg,1,0.5,00:00:00,10,90,45,1987284118,threshold_sweep,0.4,1,1,1,2,0,0,4,1,1,0,0,1,1,1,1,0.555555555556,1,1,1,37,35,2,0,37,0,35,0,2,17,37,0.136029411765,1.88235294118,4.35294117647,3.36363636364,2.84615384615,1.69341284359,0.389027274878,0.193958664547,2.09866904602,0.964253345467,0.518282988871,1.87867287326,0.863174022847,0.470588235294,0.786197569093,0.41766745858,2.25,1.88235294118,0.786197569093,2.25,0.166339869281,0.0612244897959,3,0.00441176470588,0.185952380952,17,17,17,1,0,0.352941176471,0.411764705882,0.235294117647,17,0.128676470588,1.90196078431,4.11764705882,3.18181818182,2.69230769231,1.57648156274,0.382859808093,0.201680672269,2.01465221053,0.978545359402,0.524369747899,1.74894926439,0.849489642704,0.463865546218,0.814492905316,0.428238537847,2.33333333333,1.90196078431,0.814492905316,2.33333333333,0,0,0,0,0.164242424242,17,17,17,1,0,0.352941176471,0.411764705882,0.235294117647,17,37,0.136029411765,1.88235294118,4.35294117647,3.36363636364,2.84615384615,1.69341284359,0.389027274878,0.193958664547,2.09866904602,0.964253345467,0.518282988871,1.87867287326,0.863174022847,0.470588235294,0.786197569093,0.41766745858,2.25,1.88235294118,0.786197569093,2.25,0.166339869281,0.0612244897959,3,0.00441176470588,0.185952380952,17,17,17,1,0,0.352941176471,0.411764705882,0.235294117647,0,0,0,0,0,0,0,0,0,0,0,0,0,0,0,0,0,0,0,0,0,0,0,0,0,0,0,0,0,37,0,0,235,1,1,0,0,1,1,1,1,1,1,2,2,0,0,0,0
4001,WLNM_dir_neg,1,0.5,00:00:00,10,90,45,1987284118,threshold_sweep,0.5,1,1,1,2,0,0,4,1,1,0,0,1,1,1,1,0.555555555556,1,1,1,37,35,2,0,37,0,35,0,2,17,37,0.136029411765,1.88235294118,4.35294117647,3.36363636364,2.84615384615,1.69341284359,0.389027274878,0.193958664547,2.09866904602,0.964253345467,0.518282988871,1.87867287326,0.863174022847,0.470588235294,0.786197569093,0.41766745858,2.25,1.88235294118,0.786197569093,2.25,0.166339869281,0.0612244897959,3,0.00441176470588,0.185952380952,17,17,17,1,0,0.352941176471,0.411764705882,0.235294117647,17,0.128676470588,1.90196078431,4.11764705882,3.18181818182,2.69230769231,1.57648156274,0.382859808093,0.201680672269,2.01465221053,0.978545359402,0.524369747899,1.74894926439,0.849489642704,0.463865546218,0.814492905316,0.428238537847,2.33333333333,1.90196078431,0.814492905316,2.33333333333,0,0,0,0,0.164242424242,17,17,17,1,0,0.352941176471,0.411764705882,0.235294117647,17,37,0.136029411765,1.88235294118,4.35294117647,3.36363636364,2.84615384615,1.69341284359,0.389027274878,0.193958664547,2.09866904602,0.964253345467,0.518282988871,1.87867287326,0.863174022847,0.470588235294,0.786197569093,0.41766745858,2.25,1.88235294118,0.786197569093,2.25,0.166339869281,0.0612244897959,3,0.00441176470588,0.185952380952,17,17,17,1,0,0.352941176471,0.411764705882,0.235294117647,0,0,0,0,0,0,0,0,0,0,0,0,0,0,0,0,0,0,0,0,0,0,0,0,0,0,0,0,0,37,0,0,235,1,1,0,0,1,1,1,1,1,1,2,2,0,0,0,0
4002,WLNM_dir_neg,1,0.5,00:00:00,10,90,45,1987284118,threshold_sweep,0.6,1,1,1,2,0,0,4,1,1,0,0,1,1,1,1,0.555555555556,1,1,1,37,35,2,0,37,0,35,0,2,17,37,0.136029411765,1.88235294118,4.35294117647,3.36363636364,2.84615384615,1.69341284359,0.389027274878,0.193958664547,2.09866904602,0.964253345467,0.518282988871,1.87867287326,0.863174022847,0.470588235294,0.786197569093,0.41766745858,2.25,1.88235294118,0.786197569093,2.25,0.166339869281,0.0612244897959,3,0.00441176470588,0.185952380952,17,17,17,1,0,0.352941176471,0.411764705882,0.235294117647,17,0.128676470588,1.90196078431,4.11764705882,3.18181818182,2.69230769231,1.57648156274,0.382859808093,0.201680672269,2.01465221053,0.978545359402,0.524369747899,1.74894926439,0.849489642704,0.463865546218,0.814492905316,0.428238537847,2.33333333333,1.90196078431,0.814492905316,2.33333333333,0,0,0,0,0.164242424242,17,17,17,1,0,0.352941176471,0.411764705882,0.235294117647,17,37,0.136029411765,1.88235294118,4.35294117647,3.36363636364,2.84615384615,1.69341284359,0.389027274878,0.193958664547,2.09866904602,0.964253345467,0.518282988871,1.87867287326,0.863174022847,0.470588235294,0.786197569093,0.41766745858,2.25,1.88235294118,0.786197569093,2.25,0.166339869281,0.0612244897959,3,0.00441176470588,0.185952380952,17,17,17,1,0,0.352941176471,0.411764705882,0.235294117647,0,0,0,0,0,0,0,0,0,0,0,0,0,0,0,0,0,0,0,0,0,0,0,0,0,0,0,0,0,37,0,0,235,1,1,0,0,1,1,1,1,1,1,2,2,0,0,0,0
4003,WLNM_dir_neg,1,0.5,00:00:00,10,90,45,1987284118,threshold_sweep,0.7,1,1,1,2,0,0,4,1,1,0,0,1,1,1,1,0.555555555556,1,1,1,37,35,2,0,37,0,35,0,2,17,37,0.136029411765,1.88235294118,4.35294117647,3.36363636364,2.84615384615,1.69341284359,0.389027274878,0.193958664547,2.09866904602,0.964253345467,0.518282988871,1.87867287326,0.863174022847,0.470588235294,0.786197569093,0.41766745858,2.25,1.88235294118,0.786197569093,2.25,0.166339869281,0.0612244897959,3,0.00441176470588,0.185952380952,17,17,17,1,0,0.352941176471,0.411764705882,0.235294117647,17,0.128676470588,1.90196078431,4.11764705882,3.18181818182,2.69230769231,1.57648156274,0.382859808093,0.201680672269,2.01465221053,0.978545359402,0.524369747899,1.74894926439,0.849489642704,0.463865546218,0.814492905316,0.428238537847,2.33333333333,1.90196078431,0.814492905316,2.33333333333,0,0,0,0,0.164242424242,17,17,17,1,0,0.352941176471,0.411764705882,0.235294117647,17,37,0.136029411765,1.88235294118,4.35294117647,3.36363636364,2.84615384615,1.69341284359,0.389027274878,0.193958664547,2.09866904602,0.964253345467,0.518282988871,1.87867287326,0.863174022847,0.470588235294,0.786197569093,0.41766745858,2.25,1.88235294118,0.786197569093,2.25,0.166339869281,0.0612244897959,3,0.00441176470588,0.185952380952,17,17,17,1,0,0.352941176471,0.411764705882,0.235294117647,0,0,0,0,0,0,0,0,0,0,0,0,0,0,0,0,0,0,0,0,0,0,0,0,0,0,0,0,0,37,0,0,235,1,1,0,0,1,1,1,1,1,1,2,2,0,0,0,0
4004,WLNM_dir_neg,1,0.5,00:00:00,10,90,45,1987284118,threshold_sweep,0.8,1,0.5,0.666666666667,1,0,1,4,0.5,1,0,0.5,1,0.5,0.666666666667,0.833333333333,0.611111111111,0.571428571429,0.632455532034,0.5,37,35,2,0,37,0,35,0,2,17,37,0.136029411765,1.88235294118,4.35294117647,3.36363636364,2.84615384615,1.69341284359,0.389027274878,0.193958664547,2.09866904602,0.964253345467,0.518282988871,1.87867287326,0.863174022847,0.470588235294,0.786197569093,0.41766745858,2.25,1.88235294118,0.786197569093,2.25,0.166339869281,0.0612244897959,3,0.00441176470588,0.185952380952,17,17,17,1,0,0.352941176471,0.411764705882,0.235294117647,17,0.128676470588,1.90196078431,4.11764705882,3.18181818182,2.69230769231,1.57648156274,0.382859808093,0.201680672269,2.01465221053,0.978545359402,0.524369747899,1.74894926439,0.849489642704,0.463865546218,0.814492905316,0.428238537847,2.33333333333,1.90196078431,0.814492905316,2.33333333333,0,0,0,0,0.164242424242,17,17,17,1,0,0.352941176471,0.411764705882,0.235294117647,17,36,0.132352941176,1.89705882353,4.23529411765,3.27272727273,2.76923076923,1.71498585143,0.40492721492,0.204248366013,2.05798302171,0.971825315808,0.522875816993,1.79869233546,0.849382491746,0.464052287582,0.805541469338,0.424626510969,2.25,1.89705882353,0.805541469338,2.25,0.0702614379085,0.0214285714286,1,0.00147058823529,0.175454545455,17,17,17,1,0,0.352941176471,0.411764705882,0.235294117647,-1,-0.00367647058824,0.0147058823529,-0.117647058824,-0.0909090909091,-0.0769230769231,0.0215730078386,0.0158999400418,0.0102897014662,-0.0406860243059,0.00757197034072,0.00459282812224,-0.0799805377942,-0.0137915311015,-0.00653594771242,0.0193439002456,0.00695905238854,0,0.0147058823529,0.0193439002456,0,-0.0960784313725,-0.0397959183673,-2,-0.00294117647059,-0.0104978354978,0,0,0,36,0,1,235,0.972972972973,1,0,0.027027027027,1,0.972972972973,0.986301369863,0.984301887704,0.972972972973,0.972972972973,1,2,0,0,0,0
4005,WLNM_dir_neg,1,0.5,00:00:00,10,90,45,1987284118,threshold_sweep,0.9,1,0.5,0.666666666667,1,0,1,4,0.5,1,0,0.5,1,0.5,0.666666666667,0.833333333333,0.611111111111,0.571428571429,0.632455532034,0.5,37,35,2,0,37,0,35,0,2,17,37,0.136029411765,1.88235294118,4.35294117647,3.36363636364,2.84615384615,1.69341284359,0.389027274878,0.193958664547,2.09866904602,0.964253345467,0.518282988871,1.87867287326,0.863174022847,0.470588235294,0.786197569093,0.41766745858,2.25,1.88235294118,0.786197569093,2.25,0.166339869281,0.0612244897959,3,0.00441176470588,0.185952380952,17,17,17,1,0,0.352941176471,0.411764705882,0.235294117647,17,0.128676470588,1.90196078431,4.11764705882,3.18181818182,2.69230769231,1.57648156274,0.382859808093,0.201680672269,2.01465221053,0.978545359402,0.524369747899,1.74894926439,0.849489642704,0.463865546218,0.814492905316,0.428238537847,2.33333333333,1.90196078431,0.814492905316,2.33333333333,0,0,0,0,0.164242424242,17,17,17,1,0,0.352941176471,0.411764705882,0.235294117647,17,36,0.132352941176,1.89705882353,4.23529411765,3.27272727273,2.76923076923,1.71498585143,0.40492721492,0.204248366013,2.05798302171,0.971825315808,0.522875816993,1.79869233546,0.849382491746,0.464052287582,0.805541469338,0.424626510969,2.25,1.89705882353,0.805541469338,2.25,0.0702614379085,0.0214285714286,1,0.00147058823529,0.175454545455,17,17,17,1,0,0.352941176471,0.411764705882,0.235294117647,-1,-0.00367647058824,0.0147058823529,-0.117647058824,-0.0909090909091,-0.0769230769231,0.0215730078386,0.0158999400418,0.0102897014662,-0.0406860243059,0.00757197034072,0.00459282812224,-0.0799805377942,-0.0137915311015,-0.00653594771242,0.0193439002456,0.00695905238854,0,0.0147058823529,0.0193439002456,0,-0.0960784313725,-0.0397959183673,-2,-0.00294117647059,-0.0104978354978,0,0,0,36,0,1,235,0.972972972973,1,0,0.027027027027,1,0.972972972973,0.986301369863,0.984301887704,0.972972972973,0.972972972973,1,2,0,0,0,0
4006,WLNM_dir_neg,0.875,0.291666666667,00:00:01,10,90,46,1987284119,threshold_sweep,0.1,0.5,1,0.666666666667,2,2,0,2,1,0.5,0.5,0,0.5,1,0.666666666667,0.666666666667,0.444444444444,0.4,0.5,0.5,37,35,2,0,37,0,35,0,2,17,37,0.136029411765,1.88235294118,4.35294117647,3.36363636364,2.84615384615,1.69341284359,0.389027274878,0.193958664547,2.09866904602,0.964253345467,0.518282988871,1.87867287326,0.863174022847,0.470588235294,0.786197569093,0.41766745858,2.25,1.88235294118,0.786197569093,2.25,0.166339869281,0.0612244897959,3,0.00441176470588,0.185952380952,17,17,17,1,0,0.352941176471,0.411764705882,0.235294117647,17,0.128676470588,1.90196078431,4.11764705882,3.18181818182,2.69230769231,1.57648156274,0.382859808093,0.201680672269,2.01465221053,0.978545359402,0.524369747899,1.74894926439,0.849489642704,0.463865546218,0.814492905316,0.428238537847,2.33333333333,1.90196078431,0.814492905316,2.33333333333,0,0,0,0,0.164242424242,17,17,17,1,0,0.352941176471,0.411764705882,0.235294117647,17,39,0.143382352941,2.15382352941,4.58823529412,3.25,2.78571428571,1.73417211982,0.377960590218,0.193061840121,2.08460745353,0.908675043844,0.488687782805,1.86295148495,0.812055775493,0.440422322775,0.901560330434,0.418585978899,2.5,2.15382352941,0.901560330434,2.5,0.231045751634,0.128048780488,7,0.0102941176471,0.157990620491,17,17,17,1,0,0.294117647059,0.529411764706,0.176470588235,2,0.00735294117647,0.271470588235,0.235294117647,-0.113636363636,-0.0604395604396,0.040759276238,-0.0110666846598,-0.000896824426236,-0.0140615924905,-0.0555783016224,-0.0295952060658,-0.015721388301,-0.0511182473541,-0.0301659125189,0.115362761341,0.000918520318204,0.25,0.271470588235,0.115362761341,0.25,0.0647058823529,0.0668242906919,4,0.00588235294118,-0.0279617604618,-0.0588235294118,0.117647058824,-0.0588235294118,37,2,0,233,1,0.991489361702,0.00851063829787,0,0.948717948718,1,0.973684210526,0.969867905134,0.991489361702,0.948717948718,4,2,0,0,0,0
4007,WLNM_dir_neg,0.875,0.291666666667,00:00:01,10,90,46,1987284119,threshold_sweep,0.2,0.5,1,0.666666666667,2,2,0,2,1,0.5,0.5,0,0.5,1,0.666666666667,0.666666666667,0.444444444444,0.4,0.5,0.5,37,35,2,0,37,0,35,0,2,17,37,0.136029411765,1.88235294118,4.35294117647,3.36363636364,2.84615384615,1.69341284359,0.389027274878,0.193958664547,2.09866904602,0.964253345467,0.518282988871,1.87867287326,0.863174022847,0.470588235294,0.786197569093,0.41766745858,2.25,1.88235294118,0.786197569093,2.25,0.166339869281,0.0612244897959,3,0.00441176470588,0.185952380952,17,17,17,1,0,0.352941176471,0.411764705882,0.235294117647,17,0.128676470588,1.90196078431,4.11764705882,3.18181818182,2.69230769231,1.57648156274,0.382859808093,0.201680672269,2.01465221053,0.978545359402,0.524369747899,1.74894926439,0.849489642704,0.463865546218,0.814492905316,0.428238537847,2.33333333333,1.90196078431,0.814492905316,2.33333333333,0,0,0,0,0.164242424242,17,17,17,1,0,0.352941176471,0.411764705882,0.235294117647,17,39,0.143382352941,2.15382352941,4.58823529412,3.25,2.78571428571,1.73417211982,0.377960590218,0.193061840121,2.08460745353,0.908675043844,0.488687782805,1.86295148495,0.812055775493,0.440422322775,0.901560330434,0.418585978899,2.5,2.15382352941,0.901560330434,2.5,0.231045751634,0.128048780488,7,0.0102941176471,0.157990620491,17,17,17,1,0,0.294117647059,0.529411764706,0.176470588235,2,0.00735294117647,0.271470588235,0.235294117647,-0.113636363636,-0.0604395604396,0.040759276238,-0.0110666846598,-0.000896824426236,-0.0140615924905,-0.0555783016224,-0.0295952060658,-0.015721388301,-0.0511182473541,-0.0301659125189,0.115362761341,0.000918520318204,0.25,0.271470588235,0.115362761341,0.25,0.0647058823529,0.0668242906919,4,0.00588235294118,-0.0279617604618,-0.0588235294118,0.117647058824,-0.0588235294118,37,2,0,233,1,0.991489361702,0.00851063829787,0,0.948717948718,1,0.973684210526,0.969867905134,0.991489361702,0.948717948718,4,2,0,0,0,0
4008,WLNM_dir_neg,0.875,0.291666666667,00:00:01,10,90,46,1987284119,threshold_sweep,0.3,0.5,1,0.666666666667,2,2,0,2,1,0.5,0.5,0,0.5,1,0.666666666667,0.666666666667,0.444444444444,0.4,0.5,0.5,37,35,2,0,37,0,35,0,2,17,37,0.136029411765,1.88235294118,4.35294117647,3.36363636364,2.84615384615,1.69341284359,0.389027274878,0.193958664547,2.09866904602,0.964253345467,0.518282988871,1.87867287326,0.863174022847,0.470588235294,0.786197569093,0.41766745858,2.25,1.88235294118,0.786197569093,2.25,0.166339869281,0.0612244897959,3,0.00441176470588,0.185952380952,17,17,17,1,0,0.352941176471,0.411764705882,0.235294117647,17,0.128676470588,1.90196078431,4.11764705882,3.18181818182,2.69230769231,1.57648156274,0.382859808093,0.201680672269,2.01465221053,0.978545359402,0.524369747899,1.74894926439,0.849489642704,0.463865546218,0.814492905316,0.428238537847,2.33333333333,1.90196078431,0.814492905316,2.33333333333,0,0,0,0,0.164242424242,17,17,17,1,0,0.352941176471,0.411764705882,0.235294117647,17,39,0.143382352941,2.15382352941,4.58823529412,3.25,2.78571428571,1.73417211982,0.377960590218,0.193061840121,2.08460745353,0.908675043844,0.488687782805,1.86295148495,0.812055775493,0.440422322775,0.901560330434,0.418585978899,2.5,2.15382352941,0.901560330434,2.5,0.231045751634,0.128048780488,7,0.0102941176471,0.157990620491,17,17,17,1,0,0.294117647059,0.529411764706,0.176470588235,2,0.00735294117647,0.271470588235,0.235294117647,-0.113636363636,-0.0604395604396,0.040759276238,-0.0110666846598,-0.000896824426236,-0.0140615924905,-0.0555783016224,-0.0295952060658,-0.015721388301,-0.0511182473541,-0.0301659125189,0.115362761341,0.000918520318204,0.25,0.271470588235,0.115362761341,0.25,0.0647058823529,0.0668242906919,4,0.00588235294118,-0.0279617604618,-0.0588235294118,0.117647058824,-0.0588235294118,37,2,0,233,1,0.991489361702,0.00851063829787,0,0.948717948718,1,0.973684210526,0.969867905134,0.991489361702,0.948717948718,4,2,0,0,0,0
4009,WLNM_dir_neg,0.875,0.291666666667,00:00:01,10,90,46,1987284119,threshold_sweep,0.4,0.5,1,0.666666666667,2,2,0,2,1,0.5,0.5,0,0.5,1,0.666666666667,0.666666666667,0.444444444444,0.4,0.5,0.5,37,35,2,0,37,0,35,0,2,17,37,0.136029411765,1.88235294118,4.35294117647,3.36363636364,2.84615384615,1.69341284359,0.389027274878,0.193958664547,2.09866904602,0.964253345467,0.518282988871,1.87867287326,0.863174022847,0.470588235294,0.786197569093,0.41766745858,2.25,1.88235294118,0.786197569093,2.25,0.166339869281,0.0612244897959,3,0.00441176470588,0.185952380952,17,17,17,1,0,0.352941176471,0.411764705882,0.235294117647,17,0.128676470588,1.90196078431,4.11764705882,3.18181818182,2.69230769231,1.57648156274,0.382859808093,0.201680672269,2.01465221053,0.978545359402,0.524369747899,1.74894926439,0.849489642704,0.463865546218,0.814492905316,0.428238537847,2.33333333333,1.90196078431,0.814492905316,2.33333333333,0,0,0,0,0.164242424242,17,17,17,1,0,0.352941176471,0.411764705882,0.235294117647,17,39,0.143382352941,2.15382352941,4.58823529412,3.25,2.78571428571,1.73417211982,0.377960590218,0.193061840121,2.08460745353,0.908675043844,0.488687782805,1.86295148495,0.812055775493,0.440422322775,0.901560330434,0.418585978899,2.5,2.15382352941,0.901560330434,2.5,0.231045751634,0.128048780488,7,0.0102941176471,0.157990620491,17,17,17,1,0,0.294117647059,0.529411764706,0.176470588235,2,0.00735294117647,0.271470588235,0.235294117647,-0.113636363636,-0.0604395604396,0.040759276238,-0.0110666846598,-0.000896824426236,-0.0140615924905,-0.0555783016224,-0.0295952060658,-0.015721388301,-0.0511182473541,-0.0301659125189,0.115362761341,0.000918520318204,0.25,0.271470588235,0.115362761341,0.25,0.0647058823529,0.0668242906919,4,0.00588235294118,-0.0279617604618,-0.0588235294118,0.117647058824,-0.0588235294118,37,2,0,233,1,0.991489361702,0.00851063829787,0,0.948717948718,1,0.973684210526,0.969867905134,0.991489361702,0.948717948718,4,2,0,0,0,0
4010,WLNM_dir_neg,0.875,0.291666666667,00:00:01,10,90,46,1987284119,threshold_sweep,0.5,0.5,1,0.666666666667,2,2,0,2,1,0.5,0.5,0,0.5,1,0.666666666667,0.666666666667,0.444444444444,0.4,0.5,0.5,37,35,2,0,37,0,35,0,2,17,37,0.136029411765,1.88235294118,4.35294117647,3.36363636364,2.84615384615,1.69341284359,0.389027274878,0.193958664547,2.09866904602,0.964253345467,0.518282988871,1.87867287326,0.863174022847,0.470588235294,0.786197569093,0.41766745858,2.25,1.88235294118,0.786197569093,2.25,0.166339869281,0.0612244897959,3,0.00441176470588,0.185952380952,17,17,17,1,0,0.352941176471,0.411764705882,0.235294117647,17,0.128676470588,1.90196078431,4.11764705882,3.18181818182,2.69230769231,1.57648156274,0.382859808093,0.201680672269,2.01465221053,0.978545359402,0.524369747899,1.74894926439,0.849489642704,0.463865546218,0.814492905316,0.428238537847,2.33333333333,1.90196078431,0.814492905316,2.33333333333,0,0,0,0,0.164242424242,17,17,17,1,0,0.352941176471,0.411764705882,0.235294117647,17,39,0.143382352941,2.15382352941,4.58823529412,3.25,2.78571428571,1.73417211982,0.377960590218,0.193061840121,2.08460745353,0.908675043844,0.488687782805,1.86295148495,0.812055775493,0.440422322775,0.901560330434,0.418585978899,2.5,2.15382352941,0.901560330434,2.5,0.231045751634,0.128048780488,7,0.0102941176471,0.157990620491,17,17,17,1,0,0.294117647059,0.529411764706,0.176470588235,2,0.00735294117647,0.271470588235,0.235294117647,-0.113636363636,-0.0604395604396,0.040759276238,-0.0110666846598,-0.000896824426236,-0.0140615924905,-0.0555783016224,-0.0295952060658,-0.015721388301,-0.0511182473541,-0.0301659125189,0.115362761341,0.000918520318204,0.25,0.271470588235,0.115362761341,0.25,0.0647058823529,0.0668242906919,4,0.00588235294118,-0.0279617604618,-0.0588235294118,0.117647058824,-0.0588235294118,37,2,0,233,1,0.991489361702,0.00851063829787,0,0.948717948718,1,0.973684210526,0.969867905134,0.991489361702,0.948717948718,4,2,0,0,0,0
4011,WLNM_dir_neg,0.875,0.291666666667,00:00:01,10,90,46,1987284119,threshold_sweep,0.6,0.5,1,0.666666666667,2,2,0,2,1,0.5,0.5,0,0.5,1,0.666666666667,0.666666666667,0.444444444444,0.4,0.5,0.5,37,35,2,0,37,0,35,0,2,17,37,0.136029411765,1.88235294118,4.35294117647,3.36363636364,2.84615384615,1.69341284359,0.389027274878,0.193958664547,2.09866904602,0.964253345467,0.518282988871,1.87867287326,0.863174022847,0.470588235294,0.786197569093,0.41766745858,2.25,1.88235294118,0.786197569093,2.25,0.166339869281,0.0612244897959,3,0.00441176470588,0.185952380952,17,17,17,1,0,0.352941176471,0.411764705882,0.235294117647,17,0.128676470588,1.90196078431,4.11764705882,3.18181818182,2.69230769231,1.57648156274,0.382859808093,0.201680672269,2.01465221053,0.978545359402,0.524369747899,1.74894926439,0.849489642704,0.463865546218,0.814492905316,0.428238537847,2.33333333333,1.90196078431,0.814492905316,2.33333333333,0,0,0,0,0.164242424242,17,17,17,1,0,0.352941176471,0.411764705882,0.235294117647,17,39,0.143382352941,2.15382352941,4.58823529412,3.25,2.78571428571,1.73417211982,0.377960590218,0.193061840121,2.08460745353,0.908675043844,0.488687782805,1.86295148495,0.812055775493,0.440422322775,0.901560330434,0.418585978899,2.5,2.15382352941,0.901560330434,2.5,0.231045751634,0.128048780488,7,0.0102941176471,0.157990620491,17,17,17,1,0,0.294117647059,0.529411764706,0.176470588235,2,0.00735294117647,0.271470588235,0.235294117647,-0.113636363636,-0.0604395604396,0.040759276238,-0.0110666846598,-0.000896824426236,-0.0140615924905,-0.0555783016224,-0.0295952060658,-0.015721388301,-0.0511182473541,-0.0301659125189,0.115362761341,0.000918520318204,0.25,0.271470588235,0.115362761341,0.25,0.0647058823529,0.0668242906919,4,0.00588235294118,-0.0279617604618,-0.0588235294118,0.117647058824,-0.0588235294118,37,2,0,233,1,0.991489361702,0.00851063829787,0,0.948717948718,1,0.973684210526,0.969867905134,0.991489361702,0.948717948718,4,2,0,0,0,0
4012,WLNM_dir_neg,0.875,0.291666666667,00:00:01,10,90,46,1987284119,threshold_sweep,0.7,0.5,1,0.666666666667,2,2,0,2,1,0.5,0.5,0,0.5,1,0.666666666667,0.666666666667,0.444444444444,0.4,0.5,0.5,37,35,2,0,37,0,35,0,2,17,37,0.136029411765,1.88235294118,4.35294117647,3.36363636364,2.84615384615,1.69341284359,0.389027274878,0.193958664547,2.09866904602,0.964253345467,0.518282988871,1.87867287326,0.863174022847,0.470588235294,0.786197569093,0.41766745858,2.25,1.88235294118,0.786197569093,2.25,0.166339869281,0.0612244897959,3,0.00441176470588,0.185952380952,17,17,17,1,0,0.352941176471,0.411764705882,0.235294117647,17,0.128676470588,1.90196078431,4.11764705882,3.18181818182,2.69230769231,1.57648156274,0.382859808093,0.201680672269,2.01465221053,0.978545359402,0.524369747899,1.74894926439,0.849489642704,0.463865546218,0.814492905316,0.428238537847,2.33333333333,1.90196078431,0.814492905316,2.33333333333,0,0,0,0,0.164242424242,17,17,17,1,0,0.352941176471,0.411764705882,0.235294117647,17,39,0.143382352941,2.15382352941,4.58823529412,3.25,2.78571428571,1.73417211982,0.377960590218,0.193061840121,2.08460745353,0.908675043844,0.488687782805,1.86295148495,0.812055775493,0.440422322775,0.901560330434,0.418585978899,2.5,2.15382352941,0.901560330434,2.5,0.231045751634,0.128048780488,7,0.0102941176471,0.157990620491,17,17,17,1,0,0.294117647059,0.529411764706,0.176470588235,2,0.00735294117647,0.271470588235,0.235294117647,-0.113636363636,-0.0604395604396,0.040759276238,-0.0110666846598,-0.000896824426236,-0.0140615924905,-0.0555783016224,-0.0295952060658,-0.015721388301,-0.0511182473541,-0.0301659125189,0.115362761341,0.000918520318204,0.25,0.271470588235,0.115362761341,0.25,0.0647058823529,0.0668242906919,4,0.00588235294118,-0.0279617604618,-0.0588235294118,0.117647058824,-0.0588235294118,37,2,0,233,1,0.991489361702,0.00851063829787,0,0.948717948718,1,0.973684210526,0.969867905134,0.991489361702,0.948717948718,4,2,0,0,0,0
4013,WLNM_dir_neg,0.875,0.291666666667,00:00:01,10,90,46,1987284119,threshold_sweep,0.8,0.5,1,0.666666666667,2,2,0,2,1,0.5,0.5,0,0.5,1,0.666666666667,0.666666666667,0.444444444444,0.4,0.5,0.5,37,35,2,0,37,0,35,0,2,17,37,0.136029411765,1.88235294118,4.35294117647,3.36363636364,2.84615384615,1.69341284359,0.389027274878,0.193958664547,2.09866904602,0.964253345467,0.518282988871,1.87867287326,0.863174022847,0.470588235294,0.786197569093,0.41766745858,2.25,1.88235294118,0.786197569093,2.25,0.166339869281,0.0612244897959,3,0.00441176470588,0.185952380952,17,17,17,1,0,0.352941176471,0.411764705882,0.235294117647,17,0.128676470588,1.90196078431,4.11764705882,3.18181818182,2.69230769231,1.57648156274,0.382859808093,0.201680672269,2.01465221053,0.978545359402,0.524369747899,1.74894926439,0.849489642704,0.463865546218,0.814492905316,0.428238537847,2.33333333333,1.90196078431,0.814492905316,2.33333333333,0,0,0,0,0.164242424242,17,17,17,1,0,0.352941176471,0.411764705882,0.235294117647,17,39,0.143382352941,2.15382352941,4.58823529412,3.25,2.78571428571,1.73417211982,0.377960590218,0.193061840121,2.08460745353,0.908675043844,0.488687782805,1.86295148495,0.812055775493,0.440422322775,0.901560330434,0.418585978899,2.5,2.15382352941,0.901560330434,2.5,0.231045751634,0.128048780488,7,0.0102941176471,0.157990620491,17,17,17,1,0,0.294117647059,0.529411764706,0.176470588235,2,0.00735294117647,0.271470588235,0.235294117647,-0.113636363636,-0.0604395604396,0.040759276238,-0.0110666846598,-0.000896824426236,-0.0140615924905,-0.0555783016224,-0.0295952060658,-0.015721388301,-0.0511182473541,-0.0301659125189,0.115362761341,0.000918520318204,0.25,0.271470588235,0.115362761341,0.25,0.0647058823529,0.0668242906919,4,0.00588235294118,-0.0279617604618,-0.0588235294118,0.117647058824,-0.0588235294118,37,2,0,233,1,0.991489361702,0.00851063829787,0,0.948717948718,1,0.973684210526,0.969867905134,0.991489361702,0.948717948718,4,2,0,0,0,0
4014,WLNM_dir_neg,0.875,0.291666666667,00:00:01,10,90,46,1987284119,threshold_sweep,0.9,0.5,1,0.666666666667,2,2,0,2,1,0.5,0.5,0,0.5,1,0.666666666667,0.666666666667,0.444444444444,0.4,0.5,0.5,37,35,2,0,37,0,35,0,2,17,37,0.136029411765,1.88235294118,4.35294117647,3.36363636364,2.84615384615,1.69341284359,0.389027274878,0.193958664547,2.09866904602,0.964253345467,0.518282988871,1.87867287326,0.863174022847,0.470588235294,0.786197569093,0.41766745858,2.25,1.88235294118,0.786197569093,2.25,0.166339869281,0.0612244897959,3,0.00441176470588,0.185952380952,17,17,17,1,0,0.352941176471,0.411764705882,0.235294117647,17,0.128676470588,1.90196078431,4.11764705882,3.18181818182,2.69230769231,1.57648156274,0.382859808093,0.201680672269,2.01465221053,0.978545359402,0.524369747899,1.74894926439,0.849489642704,0.463865546218,0.814492905316,0.428238537847,2.33333333333,1.90196078431,0.814492905316,2.33333333333,0,0,0,0,0.164242424242,17,17,17,1,0,0.352941176471,0.411764705882,0.235294117647,17,39,0.143382352941,2.15382352941,4.58823529412,3.25,2.78571428571,1.73417211982,0.377960590218,0.193061840121,2.08460745353,0.908675043844,0.488687782805,1.86295148495,0.812055775493,0.440422322775,0.901560330434,0.418585978899,2.5,2.15382352941,0.901560330434,2.5,0.231045751634,0.128048780488,7,0.0102941176471,0.157990620491,17,17,17,1,0,0.294117647059,0.529411764706,0.176470588235,2,0.00735294117647,0.271470588235,0.235294117647,-0.113636363636,-0.0604395604396,0.040759276238,-0.0110666846598,-0.000896824426236,-0.0140615924905,-0.0555783016224,-0.0295952060658,-0.015721388301,-0.0511182473541,-0.0301659125189,0.115362761341,0.000918520318204,0.25,0.271470588235,0.115362761341,0.25,0.0647058823529,0.0668242906919,4,0.00588235294118,-0.0279617604618,-0.0588235294118,0.117647058824,-0.0588235294118,37,2,0,233,1,0.991489361702,0.00851063829787,0,0.948717948718,1,0.973684210526,0.969867905134,0.991489361702,0.948717948718,4,2,0,0,0,0
4015,WLNM_dir_neg,1,0.5,00:00:00,10,90,47,1987284120,threshold_sweep,0.1,0.666666666667,1,0.8,2,1,0,3,1,0.75,0.25,0,0.666666666667,1,0.8,0.833333333333,0.5,0.666666666667,0.707106781187,0.75,37,35,2,0,37,0,35,0,2,17,37,0.136029411765,1.88235294118,4.35294117647,3.36363636364,2.84615384615,1.69341284359,0.389027274878,0.193958664547,2.09866904602,0.964253345467,0.518282988871,1.87867287326,0.863174022847,0.470588235294,0.786197569093,0.41766745858,2.25,1.88235294118,0.786197569093,2.25,0.166339869281,0.0612244897959,3,0.00441176470588,0.185952380952,17,17,17,1,0,0.352941176471,0.411764705882,0.235294117647,17,0.128676470588,1.90196078431,4.11764705882,3.18181818182,2.69230769231,1.57648156274,0.382859808093,0.201680672269,2.01465221053,0.978545359402,0.524369747899,1.74894926439,0.849489642704,0.463865546218,0.814492905316,0.428238537847,2.33333333333,1.90196078431,0.814492905316,2.33333333333,0,0,0,0,0.164242424242,17,17,17,1,0,0.352941176471,0.411764705882,0.235294117647,17,38,0.139705882353,1.87941176471,4.47058823529,3.45454545455,2.71428571429,1.73629084037,0.388380845872,0.198142414861,2.16591238756,0.968960804961,0.517027863777,1.82103719638,0.814674535221,0.442724458204,0.780836655359,0.415468642914,2.2,1.87941176471,0.780836655359,2.2,0.162418300654,0.0576923076923,3,0.00441176470588,0.182878787879,17,17,17,1,0,0.352941176471,0.470588235294,0.176470588235,1,0.00367647058824,-0.00294117647059,0.117647058824,0.0909090909091,-0.131868131868,0.0428779967836,-0.000646429005719,0.00418375031378,0.0672433415445,0.00470745949447,-0.00125512509413,-0.0576356768785,-0.0484994876259,-0.0278637770898,-0.00536091373311,-0.00219881566616,-0.05,-0.00294117647059,-0.00536091373311,-0.05,-0.00392156862745,-0.00353218210361,0,0,-0.00307359307359,0,0.0588235294118,-0.0588235294118,37,1,0,234,1,0.995744680851,0.00425531914894,0,0.973684210526,1,0.986666666667,0.984652666406,0.995744680851,0.973684210526,3,2,0,0,0,0
4016,WLNM_dir_neg,1,0.5,00:00:00,10,90,47,1987284120,threshold_sweep,0.2,0.666666666667,1,0.8,2,1,0,3,1,0.75,0.25,0,0.666666666667,1,0.8,0.833333333333,0.5,0.666666666667,0.707106781187,0.75,37,35,2,0,37,0,35,0,2,17,37,0.136029411765,1.88235294118,4.35294117647,3.36363636364,2.84615384615,1.69341284359,0.389027274878,0.193958664547,2.09866904602,0.964253345467,0.518282988871,1.87867287326,0.863174022847,0.470588235294,0.786197569093,0.41766745858,2.25,1.88235294118,0.786197569093,2.25,0.166339869281,0.0612244897959,3,0.00441176470588,0.185952380952,17,17,17,1,0,0.352941176471,0.411764705882,0.235294117647,17,0.128676470588,1.90196078431,4.11764705882,3.18181818182,2.69230769231,1.57648156274,0.382859808093,0.201680672269,2.01465221053,0.978545359402,0.524369747899,1.74894926439,0.849489642704,0.463865546218,0.814492905316,0.428238537847,2.33333333333,1.90196078431,0.814492905316,2.33333333333,0,0,0,0,0.164242424242,17,17,17,1,0,0.352941176471,0.411764705882,0.235294117647,17,38,0.139705882353,1.87941176471,4.47058823529,3.45454545455,2.71428571429,1.73629084037,0.388380845872,0.198142414861,2.16591238756,0.968960804961,0.517027863777,1.82103719638,0.814674535221,0.442724458204,0.780836655359,0.415468642914,2.2,1.87941176471,0.780836655359,2.2,0.162418300654,0.0576923076923,3,0.00441176470588,0.182878787879,17,17,17,1,0,0.352941176471,0.470588235294,0.176470588235,1,0.00367647058824,-0.00294117647059,0.117647058824,0.0909090909091,-0.131868131868,0.0428779967836,-0.000646429005719,0.00418375031378,0.0672433415445,0.00470745949447,-0.00125512509413,-0.0576356768785,-0.0484994876259,-0.0278637770898,-0.00536091373311,-0.00219881566616,-0.05,-0.00294117647059,-0.00536091373311,-0.05,-0.00392156862745,-0.00353218210361,0,0,-0.00307359307359,0,0.0588235294118,-0.0588235294118,37,1,0,234,1,0.995744680851,0.00425531914894,0,0.973684210526,1,0.986666666667,0.984652666406,0.995744680851,0.973684210526,3,2,0,0,0,0
4017,WLNM_dir_neg,1,0.5,00:00:00,10,90,47,1987284120,threshold_sweep,0.3,0.666666666667,1,0.8,2,1,0,3,1,0.75,0.25,0,0.666666666667,1,0.8,0.833333333333,0.5,0.666666666667,0.707106781187,0.75,37,35,2,0,37,0,35,0,2,17,37,0.136029411765,1.88235294118,4.35294117647,3.36363636364,2.84615384615,1.69341284359,0.389027274878,0.193958664547,2.09866904602,0.964253345467,0.518282988871,1.87867287326,0.863174022847,0.470588235294,0.786197569093,0.41766745858,2.25,1.88235294118,0.786197569093,2.25,0.166339869281,0.0612244897959,3,0.00441176470588,0.185952380952,17,17,17,1,0,0.352941176471,0.411764705882,0.235294117647,17,0.128676470588,1.90196078431,4.11764705882,3.18181818182,2.69230769231,1.57648156274,0.382859808093,0.201680672269,2.01465221053,0.978545359402,0.524369747899,1.74894926439,0.849489642704,0.463865546218,0.814492905316,0.428238537847,2.33333333333,1.90196078431,0.814492905316,2.33333333333,0,0,0,0,0.164242424242,17,17,17,1,0,0.352941176471,0.411764705882,0.235294117647,17,38,0.139705882353,1.87941176471,4.47058823529,3.45454545455,2.71428571429,1.73629084037,0.388380845872,0.198142414861,2.16591238756,0.968960804961,0.517027863777,1.82103719638,0.814674535221,0.442724458204,0.780836655359,0.415468642914,2.2,1.87941176471,0.780836655359,2.2,0.162418300654,0.0576923076923,3,0.00441176470588,0.182878787879,17,17,17,1,0,0.352941176471,0.470588235294,0.176470588235,1,0.00367647058824,-0.00294117647059,0.117647058824,0.0909090909091,-0.131868131868,0.0428779967836,-0.000646429005719,0.00418375031378,0.0672433415445,0.00470745949447,-0.00125512509413,-0.0576356768785,-0.0484994876259,-0.0278637770898,-0.00536091373311,-0.00219881566616,-0.05,-0.00294117647059,-0.00536091373311,-0.05,-0.00392156862745,-0.00353218210361,0,0,-0.00307359307359,0,0.0588235294118,-0.0588235294118,37,1,0,234,1,0.995744680851,0.00425531914894,0,0.973684210526,1,0.986666666667,0.984652666406,0.995744680851,0.973684210526,3,2,0,0,0,0
4018,WLNM_dir_neg,1,0.5,00:00:00,10,90,47,1987284120,threshold_sweep,0.4,0.666666666667,1,0.8,2,1,0,3,1,0.75,0.25,0,0.666666666667,1,0.8,0.833333333333,0.5,0.666666666667,0.707106781187,0.75,37,35,2,0,37,0,35,0,2,17,37,0.136029411765,1.88235294118,4.35294117647,3.36363636364,2.84615384615,1.69341284359,0.389027274878,0.193958664547,2.09866904602,0.964253345467,0.518282988871,1.87867287326,0.863174022847,0.470588235294,0.786197569093,0.41766745858,2.25,1.88235294118,0.786197569093,2.25,0.166339869281,0.0612244897959,3,0.00441176470588,0.185952380952,17,17,17,1,0,0.352941176471,0.411764705882,0.235294117647,17,0.128676470588,1.90196078431,4.11764705882,3.18181818182,2.69230769231,1.57648156274,0.382859808093,0.201680672269,2.01465221053,0.978545359402,0.524369747899,1.74894926439,0.849489642704,0.463865546218,0.814492905316,0.428238537847,2.33333333333,1.90196078431,0.814492905316,2.33333333333,0,0,0,0,0.164242424242,17,17,17,1,0,0.352941176471,0.411764705882,0.235294117647,17,38,0.139705882353,1.87941176471,4.47058823529,3.45454545455,2.71428571429,1.73629084037,0.388380845872,0.198142414861,2.16591238756,0.968960804961,0.517027863777,1.82103719638,0.814674535221,0.442724458204,0.780836655359,0.415468642914,2.2,1.87941176471,0.780836655359,2.2,0.162418300654,0.0576923076923,3,0.00441176470588,0.182878787879,17,17,17,1,0,0.352941176471,0.470588235294,0.176470588235,1,0.00367647058824,-0.00294117647059,0.117647058824,0.0909090909091,-0.131868131868,0.0428779967836,-0.000646429005719,0.00418375031378,0.0672433415445,0.00470745949447,-0.00125512509413,-0.0576356768785,-0.0484994876259,-0.0278637770898,-0.00536091373311,-0.00219881566616,-0.05,-0.00294117647059,-0.00536091373311,-0.05,-0.00392156862745,-0.00353218210361,0,0,-0.00307359307359,0,0.0588235294118,-0.0588235294118,37,1,0,234,1,0.995744680851,0.00425531914894,0,0.973684210526,1,0.986666666667,0.984652666406,0.995744680851,0.973684210526,3,2,0,0,0,0
4019,WLNM_dir_neg,1,0.5,00:00:00,10,90,47,1987284120,threshold_sweep,0.5,0.666666666667,1,0.8,2,1,0,3,1,0.75,0.25,0,0.666666666667,1,0.8,0.833333333333,0.5,0.666666666667,0.707106781187,0.75,37,35,2,0,37,0,35,0,2,17,37,0.136029411765,1.88235294118,4.35294117647,3.36363636364,2.84615384615,1.69341284359,0.389027274878,0.193958664547,2.09866904602,0.964253345467,0.518282988871,1.87867287326,0.863174022847,0.470588235294,0.786197569093,0.41766745858,2.25,1.88235294118,0.786197569093,2.25,0.166339869281,0.0612244897959,3,0.00441176470588,0.185952380952,17,17,17,1,0,0.352941176471,0.411764705882,0.235294117647,17,0.128676470588,1.90196078431,4.11764705882,3.18181818182,2.69230769231,1.57648156274,0.382859808093,0.201680672269,2.01465221053,0.978545359402,0.524369747899,1.74894926439,0.849489642704,0.463865546218,0.814492905316,0.428238537847,2.33333333333,1.90196078431,0.814492905316,2.33333333333,0,0,0,0,0.164242424242,17,17,17,1,0,0.352941176471,0.411764705882,0.235294117647,17,38,0.139705882353,1.87941176471,4.47058823529,3.45454545455,2.71428571429,1.73629084037,0.388380845872,0.198142414861,2.16591238756,0.968960804961,0.517027863777,1.82103719638,0.814674535221,0.442724458204,0.780836655359,0.415468642914,2.2,1.87941176471,0.780836655359,2.2,0.162418300654,0.0576923076923,3,0.00441176470588,0.182878787879,17,17,17,1,0,0.352941176471,0.470588235294,0.176470588235,1,0.00367647058824,-0.00294117647059,0.117647058824,0.0909090909091,-0.131868131868,0.0428779967836,-0.000646429005719,0.00418375031378,0.0672433415445,0.00470745949447,-0.00125512509413,-0.0576356768785,-0.0484994876259,-0.0278637770898,-0.00536091373311,-0.00219881566616,-0.05,-0.00294117647059,-0.00536091373311,-0.05,-0.00392156862745,-0.00353218210361,0,0,-0.00307359307359,0,0.0588235294118,-0.0588235294118,37,1,0,234,1,0.995744680851,0.00425531914894,0,0.973684210526,1,0.986666666667,0.984652666406,0.995744680851,0.973684210526,3,2,0,0,0,0
4020,WLNM_dir_neg,1,0.5,00:00:00,10,90,47,1987284120,threshold_sweep,0.6,0.666666666667,1,0.8,2,1,0,3,1,0.75,0.25,0,0.666666666667,1,0.8,0.833333333333,0.5,0.666666666667,0.707106781187,0.75,37,35,2,0,37,0,35,0,2,17,37,0.136029411765,1.88235294118,4.35294117647,3.36363636364,2.84615384615,1.69341284359,0.389027274878,0.193958664547,2.09866904602,0.964253345467,0.518282988871,1.87867287326,0.863174022847,0.470588235294,0.786197569093,0.41766745858,2.25,1.88235294118,0.786197569093,2.25,0.166339869281,0.0612244897959,3,0.00441176470588,0.185952380952,17,17,17,1,0,0.352941176471,0.411764705882,0.235294117647,17,0.128676470588,1.90196078431,4.11764705882,3.18181818182,2.69230769231,1.57648156274,0.382859808093,0.201680672269,2.01465221053,0.978545359402,0.524369747899,1.74894926439,0.849489642704,0.463865546218,0.814492905316,0.428238537847,2.33333333333,1.90196078431,0.814492905316,2.33333333333,0,0,0,0,0.164242424242,17,17,17,1,0,0.352941176471,0.411764705882,0.235294117647,17,38,0.139705882353,1.87941176471,4.47058823529,3.45454545455,2.71428571429,1.73629084037,0.388380845872,0.198142414861,2.16591238756,0.968960804961,0.517027863777,1.82103719638,0.814674535221,0.442724458204,0.780836655359,0.415468642914,2.2,1.87941176471,0.780836655359,2.2,0.162418300654,0.0576923076923,3,0.00441176470588,0.182878787879,17,17,17,1,0,0.352941176471,0.470588235294,0.176470588235,1,0.00367647058824,-0.00294117647059,0.117647058824,0.0909090909091,-0.131868131868,0.0428779967836,-0.000646429005719,0.00418375031378,0.0672433415445,0.00470745949447,-0.00125512509413,-0.0576356768785,-0.0484994876259,-0.0278637770898,-0.00536091373311,-0.00219881566616,-0.05,-0.00294117647059,-0.00536091373311,-0.05,-0.00392156862745,-0.00353218210361,0,0,-0.00307359307359,0,0.0588235294118,-0.0588235294118,37,1,0,234,1,0.995744680851,0.00425531914894,0,0.973684210526,1,0.986666666667,0.984652666406,0.995744680851,0.973684210526,3,2,0,0,0,0
4021,WLNM_dir_neg,1,0.5,00:00:00,10,90,47,1987284120,threshold_sweep,0.7,0.666666666667,1,0.8,2,1,0,3,1,0.75,0.25,0,0.666666666667,1,0.8,0.833333333333,0.5,0.666666666667,0.707106781187,0.75,37,35,2,0,37,0,35,0,2,17,37,0.136029411765,1.88235294118,4.35294117647,3.36363636364,2.84615384615,1.69341284359,0.389027274878,0.193958664547,2.09866904602,0.964253345467,0.518282988871,1.87867287326,0.863174022847,0.470588235294,0.786197569093,0.41766745858,2.25,1.88235294118,0.786197569093,2.25,0.166339869281,0.0612244897959,3,0.00441176470588,0.185952380952,17,17,17,1,0,0.352941176471,0.411764705882,0.235294117647,17,0.128676470588,1.90196078431,4.11764705882,3.18181818182,2.69230769231,1.57648156274,0.382859808093,0.201680672269,2.01465221053,0.978545359402,0.524369747899,1.74894926439,0.849489642704,0.463865546218,0.814492905316,0.428238537847,2.33333333333,1.90196078431,0.814492905316,2.33333333333,0,0,0,0,0.164242424242,17,17,17,1,0,0.352941176471,0.411764705882,0.235294117647,17,38,0.139705882353,1.87941176471,4.47058823529,3.45454545455,2.71428571429,1.73629084037,0.388380845872,0.198142414861,2.16591238756,0.968960804961,0.517027863777,1.82103719638,0.814674535221,0.442724458204,0.780836655359,0.415468642914,2.2,1.87941176471,0.780836655359,2.2,0.162418300654,0.0576923076923,3,0.00441176470588,0.182878787879,17,17,17,1,0,0.352941176471,0.470588235294,0.176470588235,1,0.00367647058824,-0.00294117647059,0.117647058824,0.0909090909091,-0.131868131868,0.0428779967836,-0.000646429005719,0.00418375031378,0.0672433415445,0.00470745949447,-0.00125512509413,-0.0576356768785,-0.0484994876259,-0.0278637770898,-0.00536091373311,-0.00219881566616,-0.05,-0.00294117647059,-0.00536091373311,-0.05,-0.00392156862745,-0.00353218210361,0,0,-0.00307359307359,0,0.0588235294118,-0.0588235294118,37,1,0,234,1,0.995744680851,0.00425531914894,0,0.973684210526,1,0.986666666667,0.984652666406,0.995744680851,0.973684210526,3,2,0,0,0,0
4022,WLNM_dir_neg,1,0.5,00:00:00,10,90,47,1987284120,threshold_sweep,0.8,1,1,1,2,0,0,4,1,1,0,0,1,1,1,1,0.555555555556,1,1,1,37,35,2,0,37,0,35,0,2,17,37,0.136029411765,1.88235294118,4.35294117647,3.36363636364,2.84615384615,1.69341284359,0.389027274878,0.193958664547,2.09866904602,0.964253345467,0.518282988871,1.87867287326,0.863174022847,0.470588235294,0.786197569093,0.41766745858,2.25,1.88235294118,0.786197569093,2.25,0.166339869281,0.0612244897959,3,0.00441176470588,0.185952380952,17,17,17,1,0,0.352941176471,0.411764705882,0.235294117647,17,0.128676470588,1.90196078431,4.11764705882,3.18181818182,2.69230769231,1.57648156274,0.382859808093,0.201680672269,2.01465221053,0.978545359402,0.524369747899,1.74894926439,0.849489642704,0.463865546218,0.814492905316,0.428238537847,2.33333333333,1.90196078431,0.814492905316,2.33333333333,0,0,0,0,0.164242424242,17,17,17,1,0,0.352941176471,0.411764705882,0.235294117647,17,37,0.136029411765,1.88235294118,4.35294117647,3.36363636364,2.84615384615,1.69341284359,0.389027274878,0.193958664547,2.09866904602,0.964253345467,0.518282988871,1.87867287326,0.863174022847,0.470588235294,0.786197569093,0.41766745858,2.25,1.88235294118,0.786197569093,2.25,0.166339869281,0.0612244897959,3,0.00441176470588,0.185952380952,17,17,17,1,0,0.352941176471,0.411764705882,0.235294117647,0,0,0,0,0,0,0,0,0,0,0,0,0,0,0,0,0,0,0,0,0,0,0,0,0,0,0,0,0,37,0,0,235,1,1,0,0,1,1,1,1,1,1,2,2,0,0,0,0
4023,WLNM_dir_neg,1,0.5,00:00:00,10,90,47,1987284120,threshold_sweep,0.9,1,1,1,2,0,0,4,1,1,0,0,1,1,1,1,0.555555555556,1,1,1,37,35,2,0,37,0,35,0,2,17,37,0.136029411765,1.88235294118,4.35294117647,3.36363636364,2.84615384615,1.69341284359,0.389027274878,0.193958664547,2.09866904602,0.964253345467,0.518282988871,1.87867287326,0.863174022847,0.470588235294,0.786197569093,0.41766745858,2.25,1.88235294118,0.786197569093,2.25,0.166339869281,0.0612244897959,3,0.00441176470588,0.185952380952,17,17,17,1,0,0.352941176471,0.411764705882,0.235294117647,17,0.128676470588,1.90196078431,4.11764705882,3.18181818182,2.69230769231,1.57648156274,0.382859808093,0.201680672269,2.01465221053,0.978545359402,0.524369747899,1.74894926439,0.849489642704,0.463865546218,0.814492905316,0.428238537847,2.33333333333,1.90196078431,0.814492905316,2.33333333333,0,0,0,0,0.164242424242,17,17,17,1,0,0.352941176471,0.411764705882,0.235294117647,17,37,0.136029411765,1.88235294118,4.35294117647,3.36363636364,2.84615384615,1.69341284359,0.389027274878,0.193958664547,2.09866904602,0.964253345467,0.518282988871,1.87867287326,0.863174022847,0.470588235294,0.786197569093,0.41766745858,2.25,1.88235294118,0.786197569093,2.25,0.166339869281,0.0612244897959,3,0.00441176470588,0.185952380952,17,17,17,1,0,0.352941176471,0.411764705882,0.235294117647,0,0,0,0,0,0,0,0,0,0,0,0,0,0,0,0,0,0,0,0,0,0,0,0,0,0,0,0,0,37,0,0,235,1,1,0,0,1,1,1,1,1,1,2,2,0,0,0,0
4024,WLNM_dir_neg,1,0.5,00:00:00,10,90,48,1987284121,threshold_sweep,0.1,0.666666666667,1,0.8,2,1,0,3,1,0.75,0.25,0,0.666666666667,1,0.8,0.833333333333,0.5,0.666666666667,0.707106781187,0.75,37,35,2,0,37,0,35,0,2,17,37,0.136029411765,1.88235294118,4.35294117647,3.36363636364,2.84615384615,1.69341284359,0.389027274878,0.193958664547,2.09866904602,0.964253345467,0.518282988871,1.87867287326,0.863174022847,0.470588235294,0.786197569093,0.41766745858,2.25,1.88235294118,0.786197569093,2.25,0.166339869281,0.0612244897959,3,0.00441176470588,0.185952380952,17,17,17,1,0,0.352941176471,0.411764705882,0.235294117647,17,0.128676470588,1.90196078431,4.11764705882,3.18181818182,2.69230769231,1.57648156274,0.382859808093,0.201680672269,2.01465221053,0.978545359402,0.524369747899,1.74894926439,0.849489642704,0.463865546218,0.814492905316,0.428238537847,2.33333333333,1.90196078431,0.814492905316,2.33333333333,0,0,0,0,0.164242424242,17,17,17,1,0,0.352941176471,0.411764705882,0.235294117647,17,38,0.139705882353,1.94327731092,4.47058823529,3.45454545455,2.71428571429,1.73629084037,0.388380845872,0.198142414861,2.1074098962,0.942788637772,0.50773993808,1.82103719638,0.814674535221,0.442724458204,0.842798388495,0.433699495052,2.42857142857,1.94327731092,0.842798388495,2.42857142857,0.166339869281,0.0612244897959,3,0.00441176470588,0.177813852814,17,17,17,1,0,0.352941176471,0.470588235294,0.176470588235,1,0.00367647058824,0.0609243697479,0.117647058824,0.0909090909091,-0.131868131868,0.0428779967836,-0.000646429005719,0.00418375031378,0.00874085018076,-0.0214647076946,-0.0105430507907,-0.0576356768785,-0.0484994876259,-0.0278637770898,0.0566008194023,0.016032036472,0.178571428571,0.0609243697479,0.0566008194023,0.178571428571,0,0,0,0,-0.00813852813853,0,0.0588235294118,-0.0588235294118,37,1,0,234,1,0.995744680851,0.00425531914894,0,0.973684210526,1,0.986666666667,0.984652666406,0.995744680851,0.973684210526,3,2,0,0,0,0
4025,WLNM_dir_neg,1,0.5,00:00:00,10,90,48,1987284121,threshold_sweep,0.2,0.666666666667,1,0.8,2,1,0,3,1,0.75,0.25,0,0.666666666667,1,0.8,0.833333333333,0.5,0.666666666667,0.707106781187,0.75,37,35,2,0,37,0,35,0,2,17,37,0.136029411765,1.88235294118,4.35294117647,3.36363636364,2.84615384615,1.69341284359,0.389027274878,0.193958664547,2.09866904602,0.964253345467,0.518282988871,1.87867287326,0.863174022847,0.470588235294,0.786197569093,0.41766745858,2.25,1.88235294118,0.786197569093,2.25,0.166339869281,0.0612244897959,3,0.00441176470588,0.185952380952,17,17,17,1,0,0.352941176471,0.411764705882,0.235294117647,17,0.128676470588,1.90196078431,4.11764705882,3.18181818182,2.69230769231,1.57648156274,0.382859808093,0.201680672269,2.01465221053,0.978545359402,0.524369747899,1.74894926439,0.849489642704,0.463865546218,0.814492905316,0.428238537847,2.33333333333,1.90196078431,0.814492905316,2.33333333333,0,0,0,0,0.164242424242,17,17,17,1,0,0.352941176471,0.411764705882,0.235294117647,17,38,0.139705882353,1.94327731092,4.47058823529,3.45454545455,2.71428571429,1.73629084037,0.388380845872,0.198142414861,2.1074098962,0.942788637772,0.50773993808,1.82103719638,0.814674535221,0.442724458204,0.842798388495,0.433699495052,2.42857142857,1.94327731092,0.842798388495,2.42857142857,0.166339869281,0.0612244897959,3,0.00441176470588,0.177813852814,17,17,17,1,0,0.352941176471,0.470588235294,0.176470588235,1,0.00367647058824,0.0609243697479,0.117647058824,0.0909090909091,-0.131868131868,0.0428779967836,-0.000646429005719,0.00418375031378,0.00874085018076,-0.0214647076946,-0.0105430507907,-0.0576356768785,-0.0484994876259,-0.0278637770898,0.0566008194023,0.016032036472,0.178571428571,0.0609243697479,0.0566008194023,0.178571428571,0,0,0,0,-0.00813852813853,0,0.0588235294118,-0.0588235294118,37,1,0,234,1,0.995744680851,0.00425531914894,0,0.973684210526,1,0.986666666667,0.984652666406,0.995744680851,0.973684210526,3,2,0,0,0,0
4026,WLNM_dir_neg,1,0.5,00:00:00,10,90,48,1987284121,threshold_sweep,0.3,1,1,1,2,0,0,4,1,1,0,0,1,1,1,1,0.555555555556,1,1,1,37,35,2,0,37,0,35,0,2,17,37,0.136029411765,1.88235294118,4.35294117647,3.36363636364,2.84615384615,1.69341284359,0.389027274878,0.193958664547,2.09866904602,0.964253345467,0.518282988871,1.87867287326,0.863174022847,0.470588235294,0.786197569093,0.41766745858,2.25,1.88235294118,0.786197569093,2.25,0.166339869281,0.0612244897959,3,0.00441176470588,0.185952380952,17,17,17,1,0,0.352941176471,0.411764705882,0.235294117647,17,0.128676470588,1.90196078431,4.11764705882,3.18181818182,2.69230769231,1.57648156274,0.382859808093,0.201680672269,2.01465221053,0.978545359402,0.524369747899,1.74894926439,0.849489642704,0.463865546218,0.814492905316,0.428238537847,2.33333333333,1.90196078431,0.814492905316,2.33333333333,0,0,0,0,0.164242424242,17,17,17,1,0,0.352941176471,0.411764705882,0.235294117647,17,37,0.136029411765,1.88235294118,4.35294117647,3.36363636364,2.84615384615,1.69341284359,0.389027274878,0.193958664547,2.09866904602,0.964253345467,0.518282988871,1.87867287326,0.863174022847,0.470588235294,0.786197569093,0.41766745858,2.25,1.88235294118,0.786197569093,2.25,0.166339869281,0.0612244897959,3,0.00441176470588,0.185952380952,17,17,17,1,0,0.352941176471,0.411764705882,0.235294117647,0,0,0,0,0,0,0,0,0,0,0,0,0,0,0,0,0,0,0,0,0,0,0,0,0,0,0,0,0,37,0,0,235,1,1,0,0,1,1,1,1,1,1,2,2,0,0,0,0
4027,WLNM_dir_neg,1,0.5,00:00:00,10,90,48,1987284121,threshold_sweep,0.4,1,1,1,2,0,0,4,1,1,0,0,1,1,1,1,0.555555555556,1,1,1,37,35,2,0,37,0,35,0,2,17,37,0.136029411765,1.88235294118,4.35294117647,3.36363636364,2.84615384615,1.69341284359,0.389027274878,0.193958664547,2.09866904602,0.964253345467,0.518282988871,1.87867287326,0.863174022847,0.470588235294,0.786197569093,0.41766745858,2.25,1.88235294118,0.786197569093,2.25,0.166339869281,0.0612244897959,3,0.00441176470588,0.185952380952,17,17,17,1,0,0.352941176471,0.411764705882,0.235294117647,17,0.128676470588,1.90196078431,4.11764705882,3.18181818182,2.69230769231,1.57648156274,0.382859808093,0.201680672269,2.01465221053,0.978545359402,0.524369747899,1.74894926439,0.849489642704,0.463865546218,0.814492905316,0.428238537847,2.33333333333,1.90196078431,0.814492905316,2.33333333333,0,0,0,0,0.164242424242,17,17,17,1,0,0.352941176471,0.411764705882,0.235294117647,17,37,0.136029411765,1.88235294118,4.35294117647,3.36363636364,2.84615384615,1.69341284359,0.389027274878,0.193958664547,2.09866904602,0.964253345467,0.518282988871,1.87867287326,0.863174022847,0.470588235294,0.786197569093,0.41766745858,2.25,1.88235294118,0.786197569093,2.25,0.166339869281,0.0612244897959,3,0.00441176470588,0.185952380952,17,17,17,1,0,0.352941176471,0.411764705882,0.235294117647,0,0,0,0,0,0,0,0,0,0,0,0,0,0,0,0,0,0,0,0,0,0,0,0,0,0,0,0,0,37,0,0,235,1,1,0,0,1,1,1,1,1,1,2,2,0,0,0,0
4028,WLNM_dir_neg,1,0.5,00:00:00,10,90,48,1987284121,threshold_sweep,0.5,1,1,1,2,0,0,4,1,1,0,0,1,1,1,1,0.555555555556,1,1,1,37,35,2,0,37,0,35,0,2,17,37,0.136029411765,1.88235294118,4.35294117647,3.36363636364,2.84615384615,1.69341284359,0.389027274878,0.193958664547,2.09866904602,0.964253345467,0.518282988871,1.87867287326,0.863174022847,0.470588235294,0.786197569093,0.41766745858,2.25,1.88235294118,0.786197569093,2.25,0.166339869281,0.0612244897959,3,0.00441176470588,0.185952380952,17,17,17,1,0,0.352941176471,0.411764705882,0.235294117647,17,0.128676470588,1.90196078431,4.11764705882,3.18181818182,2.69230769231,1.57648156274,0.382859808093,0.201680672269,2.01465221053,0.978545359402,0.524369747899,1.74894926439,0.849489642704,0.463865546218,0.814492905316,0.428238537847,2.33333333333,1.90196078431,0.814492905316,2.33333333333,0,0,0,0,0.164242424242,17,17,17,1,0,0.352941176471,0.411764705882,0.235294117647,17,37,0.136029411765,1.88235294118,4.35294117647,3.36363636364,2.84615384615,1.69341284359,0.389027274878,0.193958664547,2.09866904602,0.964253345467,0.518282988871,1.87867287326,0.863174022847,0.470588235294,0.786197569093,0.41766745858,2.25,1.88235294118,0.786197569093,2.25,0.166339869281,0.0612244897959,3,0.00441176470588,0.185952380952,17,17,17,1,0,0.352941176471,0.411764705882,0.235294117647,0,0,0,0,0,0,0,0,0,0,0,0,0,0,0,0,0,0,0,0,0,0,0,0,0,0,0,0,0,37,0,0,235,1,1,0,0,1,1,1,1,1,1,2,2,0,0,0,0
4029,WLNM_dir_neg,1,0.5,00:00:00,10,90,48,1987284121,threshold_sweep,0.6,1,1,1,2,0,0,4,1,1,0,0,1,1,1,1,0.555555555556,1,1,1,37,35,2,0,37,0,35,0,2,17,37,0.136029411765,1.88235294118,4.35294117647,3.36363636364,2.84615384615,1.69341284359,0.389027274878,0.193958664547,2.09866904602,0.964253345467,0.518282988871,1.87867287326,0.863174022847,0.470588235294,0.786197569093,0.41766745858,2.25,1.88235294118,0.786197569093,2.25,0.166339869281,0.0612244897959,3,0.00441176470588,0.185952380952,17,17,17,1,0,0.352941176471,0.411764705882,0.235294117647,17,0.128676470588,1.90196078431,4.11764705882,3.18181818182,2.69230769231,1.57648156274,0.382859808093,0.201680672269,2.01465221053,0.978545359402,0.524369747899,1.74894926439,0.849489642704,0.463865546218,0.814492905316,0.428238537847,2.33333333333,1.90196078431,0.814492905316,2.33333333333,0,0,0,0,0.164242424242,17,17,17,1,0,0.352941176471,0.411764705882,0.235294117647,17,37,0.136029411765,1.88235294118,4.35294117647,3.36363636364,2.84615384615,1.69341284359,0.389027274878,0.193958664547,2.09866904602,0.964253345467,0.518282988871,1.87867287326,0.863174022847,0.470588235294,0.786197569093,0.41766745858,2.25,1.88235294118,0.786197569093,2.25,0.166339869281,0.0612244897959,3,0.00441176470588,0.185952380952,17,17,17,1,0,0.352941176471,0.411764705882,0.235294117647,0,0,0,0,0,0,0,0,0,0,0,0,0,0,0,0,0,0,0,0,0,0,0,0,0,0,0,0,0,37,0,0,235,1,1,0,0,1,1,1,1,1,1,2,2,0,0,0,0
4030,WLNM_dir_neg,1,0.5,00:00:00,10,90,48,1987284121,threshold_sweep,0.7,1,1,1,2,0,0,4,1,1,0,0,1,1,1,1,0.555555555556,1,1,1,37,35,2,0,37,0,35,0,2,17,37,0.136029411765,1.88235294118,4.35294117647,3.36363636364,2.84615384615,1.69341284359,0.389027274878,0.193958664547,2.09866904602,0.964253345467,0.518282988871,1.87867287326,0.863174022847,0.470588235294,0.786197569093,0.41766745858,2.25,1.88235294118,0.786197569093,2.25,0.166339869281,0.0612244897959,3,0.00441176470588,0.185952380952,17,17,17,1,0,0.352941176471,0.411764705882,0.235294117647,17,0.128676470588,1.90196078431,4.11764705882,3.18181818182,2.69230769231,1.57648156274,0.382859808093,0.201680672269,2.01465221053,0.978545359402,0.524369747899,1.74894926439,0.849489642704,0.463865546218,0.814492905316,0.428238537847,2.33333333333,1.90196078431,0.814492905316,2.33333333333,0,0,0,0,0.164242424242,17,17,17,1,0,0.352941176471,0.411764705882,0.235294117647,17,37,0.136029411765,1.88235294118,4.35294117647,3.36363636364,2.84615384615,1.69341284359,0.389027274878,0.193958664547,2.09866904602,0.964253345467,0.518282988871,1.87867287326,0.863174022847,0.470588235294,0.786197569093,0.41766745858,2.25,1.88235294118,0.786197569093,2.25,0.166339869281,0.0612244897959,3,0.00441176470588,0.185952380952,17,17,17,1,0,0.352941176471,0.411764705882,0.235294117647,0,0,0,0,0,0,0,0,0,0,0,0,0,0,0,0,0,0,0,0,0,0,0,0,0,0,0,0,0,37,0,0,235,1,1,0,0,1,1,1,1,1,1,2,2,0,0,0,0
4031,WLNM_dir_neg,1,0.5,00:00:00,10,90,48,1987284121,threshold_sweep,0.8,1,1,1,2,0,0,4,1,1,0,0,1,1,1,1,0.555555555556,1,1,1,37,35,2,0,37,0,35,0,2,17,37,0.136029411765,1.88235294118,4.35294117647,3.36363636364,2.84615384615,1.69341284359,0.389027274878,0.193958664547,2.09866904602,0.964253345467,0.518282988871,1.87867287326,0.863174022847,0.470588235294,0.786197569093,0.41766745858,2.25,1.88235294118,0.786197569093,2.25,0.166339869281,0.0612244897959,3,0.00441176470588,0.185952380952,17,17,17,1,0,0.352941176471,0.411764705882,0.235294117647,17,0.128676470588,1.90196078431,4.11764705882,3.18181818182,2.69230769231,1.57648156274,0.382859808093,0.201680672269,2.01465221053,0.978545359402,0.524369747899,1.74894926439,0.849489642704,0.463865546218,0.814492905316,0.428238537847,2.33333333333,1.90196078431,0.814492905316,2.33333333333,0,0,0,0,0.164242424242,17,17,17,1,0,0.352941176471,0.411764705882,0.235294117647,17,37,0.136029411765,1.88235294118,4.35294117647,3.36363636364,2.84615384615,1.69341284359,0.389027274878,0.193958664547,2.09866904602,0.964253345467,0.518282988871,1.87867287326,0.863174022847,0.470588235294,0.786197569093,0.41766745858,2.25,1.88235294118,0.786197569093,2.25,0.166339869281,0.0612244897959,3,0.00441176470588,0.185952380952,17,17,17,1,0,0.352941176471,0.411764705882,0.235294117647,0,0,0,0,0,0,0,0,0,0,0,0,0,0,0,0,0,0,0,0,0,0,0,0,0,0,0,0,0,37,0,0,235,1,1,0,0,1,1,1,1,1,1,2,2,0,0,0,0
4032,WLNM_dir_neg,1,0.5,00:00:00,10,90,48,1987284121,threshold_sweep,0.9,1,1,1,2,0,0,4,1,1,0,0,1,1,1,1,0.555555555556,1,1,1,37,35,2,0,37,0,35,0,2,17,37,0.136029411765,1.88235294118,4.35294117647,3.36363636364,2.84615384615,1.69341284359,0.389027274878,0.193958664547,2.09866904602,0.964253345467,0.518282988871,1.87867287326,0.863174022847,0.470588235294,0.786197569093,0.41766745858,2.25,1.88235294118,0.786197569093,2.25,0.166339869281,0.0612244897959,3,0.00441176470588,0.185952380952,17,17,17,1,0,0.352941176471,0.411764705882,0.235294117647,17,0.128676470588,1.90196078431,4.11764705882,3.18181818182,2.69230769231,1.57648156274,0.382859808093,0.201680672269,2.01465221053,0.978545359402,0.524369747899,1.74894926439,0.849489642704,0.463865546218,0.814492905316,0.428238537847,2.33333333333,1.90196078431,0.814492905316,2.33333333333,0,0,0,0,0.164242424242,17,17,17,1,0,0.352941176471,0.411764705882,0.235294117647,17,37,0.136029411765,1.88235294118,4.35294117647,3.36363636364,2.84615384615,1.69341284359,0.389027274878,0.193958664547,2.09866904602,0.964253345467,0.518282988871,1.87867287326,0.863174022847,0.470588235294,0.786197569093,0.41766745858,2.25,1.88235294118,0.786197569093,2.25,0.166339869281,0.0612244897959,3,0.00441176470588,0.185952380952,17,17,17,1,0,0.352941176471,0.411764705882,0.235294117647,0,0,0,0,0,0,0,0,0,0,0,0,0,0,0,0,0,0,0,0,0,0,0,0,0,0,0,0,0,37,0,0,235,1,1,0,0,1,1,1,1,1,1,2,2,0,0,0,0
4033,WLNM_dir_neg,1,0.5,00:00:00,10,90,49,1987284122,threshold_sweep,0.1,1,1,1,2,0,0,4,1,1,0,0,1,1,1,1,0.555555555556,1,1,1,37,35,2,0,37,0,35,0,2,17,37,0.136029411765,1.88235294118,4.35294117647,3.36363636364,2.84615384615,1.69341284359,0.389027274878,0.193958664547,2.09866904602,0.964253345467,0.518282988871,1.87867287326,0.863174022847,0.470588235294,0.786197569093,0.41766745858,2.25,1.88235294118,0.786197569093,2.25,0.166339869281,0.0612244897959,3,0.00441176470588,0.185952380952,17,17,17,1,0,0.352941176471,0.411764705882,0.235294117647,17,0.128676470588,1.90196078431,4.11764705882,3.18181818182,2.69230769231,1.57648156274,0.382859808093,0.201680672269,2.01465221053,0.978545359402,0.524369747899,1.74894926439,0.849489642704,0.463865546218,0.814492905316,0.428238537847,2.33333333333,1.90196078431,0.814492905316,2.33333333333,0,0,0,0,0.164242424242,17,17,17,1,0,0.352941176471,0.411764705882,0.235294117647,17,37,0.136029411765,1.88235294118,4.35294117647,3.36363636364,2.84615384615,1.69341284359,0.389027274878,0.193958664547,2.09866904602,0.964253345467,0.518282988871,1.87867287326,0.863174022847,0.470588235294,0.786197569093,0.41766745858,2.25,1.88235294118,0.786197569093,2.25,0.166339869281,0.0612244897959,3,0.00441176470588,0.185952380952,17,17,17,1,0,0.352941176471,0.411764705882,0.235294117647,0,0,0,0,0,0,0,0,0,0,0,0,0,0,0,0,0,0,0,0,0,0,0,0,0,0,0,0,0,37,0,0,235,1,1,0,0,1,1,1,1,1,1,2,2,0,0,0,0
4034,WLNM_dir_neg,1,0.5,00:00:00,10,90,49,1987284122,threshold_sweep,0.2,1,1,1,2,0,0,4,1,1,0,0,1,1,1,1,0.555555555556,1,1,1,37,35,2,0,37,0,35,0,2,17,37,0.136029411765,1.88235294118,4.35294117647,3.36363636364,2.84615384615,1.69341284359,0.389027274878,0.193958664547,2.09866904602,0.964253345467,0.518282988871,1.87867287326,0.863174022847,0.470588235294,0.786197569093,0.41766745858,2.25,1.88235294118,0.786197569093,2.25,0.166339869281,0.0612244897959,3,0.00441176470588,0.185952380952,17,17,17,1,0,0.352941176471,0.411764705882,0.235294117647,17,0.128676470588,1.90196078431,4.11764705882,3.18181818182,2.69230769231,1.57648156274,0.382859808093,0.201680672269,2.01465221053,0.978545359402,0.524369747899,1.74894926439,0.849489642704,0.463865546218,0.814492905316,0.428238537847,2.33333333333,1.90196078431,0.814492905316,2.33333333333,0,0,0,0,0.164242424242,17,17,17,1,0,0.352941176471,0.411764705882,0.235294117647,17,37,0.136029411765,1.88235294118,4.35294117647,3.36363636364,2.84615384615,1.69341284359,0.389027274878,0.193958664547,2.09866904602,0.964253345467,0.518282988871,1.87867287326,0.863174022847,0.470588235294,0.786197569093,0.41766745858,2.25,1.88235294118,0.786197569093,2.25,0.166339869281,0.0612244897959,3,0.00441176470588,0.185952380952,17,17,17,1,0,0.352941176471,0.411764705882,0.235294117647,0,0,0,0,0,0,0,0,0,0,0,0,0,0,0,0,0,0,0,0,0,0,0,0,0,0,0,0,0,37,0,0,235,1,1,0,0,1,1,1,1,1,1,2,2,0,0,0,0
4035,WLNM_dir_neg,1,0.5,00:00:00,10,90,49,1987284122,threshold_sweep,0.3,1,1,1,2,0,0,4,1,1,0,0,1,1,1,1,0.555555555556,1,1,1,37,35,2,0,37,0,35,0,2,17,37,0.136029411765,1.88235294118,4.35294117647,3.36363636364,2.84615384615,1.69341284359,0.389027274878,0.193958664547,2.09866904602,0.964253345467,0.518282988871,1.87867287326,0.863174022847,0.470588235294,0.786197569093,0.41766745858,2.25,1.88235294118,0.786197569093,2.25,0.166339869281,0.0612244897959,3,0.00441176470588,0.185952380952,17,17,17,1,0,0.352941176471,0.411764705882,0.235294117647,17,0.128676470588,1.90196078431,4.11764705882,3.18181818182,2.69230769231,1.57648156274,0.382859808093,0.201680672269,2.01465221053,0.978545359402,0.524369747899,1.74894926439,0.849489642704,0.463865546218,0.814492905316,0.428238537847,2.33333333333,1.90196078431,0.814492905316,2.33333333333,0,0,0,0,0.164242424242,17,17,17,1,0,0.352941176471,0.411764705882,0.235294117647,17,37,0.136029411765,1.88235294118,4.35294117647,3.36363636364,2.84615384615,1.69341284359,0.389027274878,0.193958664547,2.09866904602,0.964253345467,0.518282988871,1.87867287326,0.863174022847,0.470588235294,0.786197569093,0.41766745858,2.25,1.88235294118,0.786197569093,2.25,0.166339869281,0.0612244897959,3,0.00441176470588,0.185952380952,17,17,17,1,0,0.352941176471,0.411764705882,0.235294117647,0,0,0,0,0,0,0,0,0,0,0,0,0,0,0,0,0,0,0,0,0,0,0,0,0,0,0,0,0,37,0,0,235,1,1,0,0,1,1,1,1,1,1,2,2,0,0,0,0
4036,WLNM_dir_neg,1,0.5,00:00:00,10,90,49,1987284122,threshold_sweep,0.4,1,1,1,2,0,0,4,1,1,0,0,1,1,1,1,0.555555555556,1,1,1,37,35,2,0,37,0,35,0,2,17,37,0.136029411765,1.88235294118,4.35294117647,3.36363636364,2.84615384615,1.69341284359,0.389027274878,0.193958664547,2.09866904602,0.964253345467,0.518282988871,1.87867287326,0.863174022847,0.470588235294,0.786197569093,0.41766745858,2.25,1.88235294118,0.786197569093,2.25,0.166339869281,0.0612244897959,3,0.00441176470588,0.185952380952,17,17,17,1,0,0.352941176471,0.411764705882,0.235294117647,17,0.128676470588,1.90196078431,4.11764705882,3.18181818182,2.69230769231,1.57648156274,0.382859808093,0.201680672269,2.01465221053,0.978545359402,0.524369747899,1.74894926439,0.849489642704,0.463865546218,0.814492905316,0.428238537847,2.33333333333,1.90196078431,0.814492905316,2.33333333333,0,0,0,0,0.164242424242,17,17,17,1,0,0.352941176471,0.411764705882,0.235294117647,17,37,0.136029411765,1.88235294118,4.35294117647,3.36363636364,2.84615384615,1.69341284359,0.389027274878,0.193958664547,2.09866904602,0.964253345467,0.518282988871,1.87867287326,0.863174022847,0.470588235294,0.786197569093,0.41766745858,2.25,1.88235294118,0.786197569093,2.25,0.166339869281,0.0612244897959,3,0.00441176470588,0.185952380952,17,17,17,1,0,0.352941176471,0.411764705882,0.235294117647,0,0,0,0,0,0,0,0,0,0,0,0,0,0,0,0,0,0,0,0,0,0,0,0,0,0,0,0,0,37,0,0,235,1,1,0,0,1,1,1,1,1,1,2,2,0,0,0,0
4037,WLNM_dir_neg,1,0.5,00:00:00,10,90,49,1987284122,threshold_sweep,0.5,1,1,1,2,0,0,4,1,1,0,0,1,1,1,1,0.555555555556,1,1,1,37,35,2,0,37,0,35,0,2,17,37,0.136029411765,1.88235294118,4.35294117647,3.36363636364,2.84615384615,1.69341284359,0.389027274878,0.193958664547,2.09866904602,0.964253345467,0.518282988871,1.87867287326,0.863174022847,0.470588235294,0.786197569093,0.41766745858,2.25,1.88235294118,0.786197569093,2.25,0.166339869281,0.0612244897959,3,0.00441176470588,0.185952380952,17,17,17,1,0,0.352941176471,0.411764705882,0.235294117647,17,0.128676470588,1.90196078431,4.11764705882,3.18181818182,2.69230769231,1.57648156274,0.382859808093,0.201680672269,2.01465221053,0.978545359402,0.524369747899,1.74894926439,0.849489642704,0.463865546218,0.814492905316,0.428238537847,2.33333333333,1.90196078431,0.814492905316,2.33333333333,0,0,0,0,0.164242424242,17,17,17,1,0,0.352941176471,0.411764705882,0.235294117647,17,37,0.136029411765,1.88235294118,4.35294117647,3.36363636364,2.84615384615,1.69341284359,0.389027274878,0.193958664547,2.09866904602,0.964253345467,0.518282988871,1.87867287326,0.863174022847,0.470588235294,0.786197569093,0.41766745858,2.25,1.88235294118,0.786197569093,2.25,0.166339869281,0.0612244897959,3,0.00441176470588,0.185952380952,17,17,17,1,0,0.352941176471,0.411764705882,0.235294117647,0,0,0,0,0,0,0,0,0,0,0,0,0,0,0,0,0,0,0,0,0,0,0,0,0,0,0,0,0,37,0,0,235,1,1,0,0,1,1,1,1,1,1,2,2,0,0,0,0
4038,WLNM_dir_neg,1,0.5,00:00:00,10,90,49,1987284122,threshold_sweep,0.6,1,1,1,2,0,0,4,1,1,0,0,1,1,1,1,0.555555555556,1,1,1,37,35,2,0,37,0,35,0,2,17,37,0.136029411765,1.88235294118,4.35294117647,3.36363636364,2.84615384615,1.69341284359,0.389027274878,0.193958664547,2.09866904602,0.964253345467,0.518282988871,1.87867287326,0.863174022847,0.470588235294,0.786197569093,0.41766745858,2.25,1.88235294118,0.786197569093,2.25,0.166339869281,0.0612244897959,3,0.00441176470588,0.185952380952,17,17,17,1,0,0.352941176471,0.411764705882,0.235294117647,17,0.128676470588,1.90196078431,4.11764705882,3.18181818182,2.69230769231,1.57648156274,0.382859808093,0.201680672269,2.01465221053,0.978545359402,0.524369747899,1.74894926439,0.849489642704,0.463865546218,0.814492905316,0.428238537847,2.33333333333,1.90196078431,0.814492905316,2.33333333333,0,0,0,0,0.164242424242,17,17,17,1,0,0.352941176471,0.411764705882,0.235294117647,17,37,0.136029411765,1.88235294118,4.35294117647,3.36363636364,2.84615384615,1.69341284359,0.389027274878,0.193958664547,2.09866904602,0.964253345467,0.518282988871,1.87867287326,0.863174022847,0.470588235294,0.786197569093,0.41766745858,2.25,1.88235294118,0.786197569093,2.25,0.166339869281,0.0612244897959,3,0.00441176470588,0.185952380952,17,17,17,1,0,0.352941176471,0.411764705882,0.235294117647,0,0,0,0,0,0,0,0,0,0,0,0,0,0,0,0,0,0,0,0,0,0,0,0,0,0,0,0,0,37,0,0,235,1,1,0,0,1,1,1,1,1,1,2,2,0,0,0,0
4039,WLNM_dir_neg,1,0.5,00:00:00,10,90,49,1987284122,threshold_sweep,0.7,1,1,1,2,0,0,4,1,1,0,0,1,1,1,1,0.555555555556,1,1,1,37,35,2,0,37,0,35,0,2,17,37,0.136029411765,1.88235294118,4.35294117647,3.36363636364,2.84615384615,1.69341284359,0.389027274878,0.193958664547,2.09866904602,0.964253345467,0.518282988871,1.87867287326,0.863174022847,0.470588235294,0.786197569093,0.41766745858,2.25,1.88235294118,0.786197569093,2.25,0.166339869281,0.0612244897959,3,0.00441176470588,0.185952380952,17,17,17,1,0,0.352941176471,0.411764705882,0.235294117647,17,0.128676470588,1.90196078431,4.11764705882,3.18181818182,2.69230769231,1.57648156274,0.382859808093,0.201680672269,2.01465221053,0.978545359402,0.524369747899,1.74894926439,0.849489642704,0.463865546218,0.814492905316,0.428238537847,2.33333333333,1.90196078431,0.814492905316,2.33333333333,0,0,0,0,0.164242424242,17,17,17,1,0,0.352941176471,0.411764705882,0.235294117647,17,37,0.136029411765,1.88235294118,4.35294117647,3.36363636364,2.84615384615,1.69341284359,0.389027274878,0.193958664547,2.09866904602,0.964253345467,0.518282988871,1.87867287326,0.863174022847,0.470588235294,0.786197569093,0.41766745858,2.25,1.88235294118,0.786197569093,2.25,0.166339869281,0.0612244897959,3,0.00441176470588,0.185952380952,17,17,17,1,0,0.352941176471,0.411764705882,0.235294117647,0,0,0,0,0,0,0,0,0,0,0,0,0,0,0,0,0,0,0,0,0,0,0,0,0,0,0,0,0,37,0,0,235,1,1,0,0,1,1,1,1,1,1,2,2,0,0,0,0
4040,WLNM_dir_neg,1,0.5,00:00:00,10,90,49,1987284122,threshold_sweep,0.8,1,1,1,2,0,0,4,1,1,0,0,1,1,1,1,0.555555555556,1,1,1,37,35,2,0,37,0,35,0,2,17,37,0.136029411765,1.88235294118,4.35294117647,3.36363636364,2.84615384615,1.69341284359,0.389027274878,0.193958664547,2.09866904602,0.964253345467,0.518282988871,1.87867287326,0.863174022847,0.470588235294,0.786197569093,0.41766745858,2.25,1.88235294118,0.786197569093,2.25,0.166339869281,0.0612244897959,3,0.00441176470588,0.185952380952,17,17,17,1,0,0.352941176471,0.411764705882,0.235294117647,17,0.128676470588,1.90196078431,4.11764705882,3.18181818182,2.69230769231,1.57648156274,0.382859808093,0.201680672269,2.01465221053,0.978545359402,0.524369747899,1.74894926439,0.849489642704,0.463865546218,0.814492905316,0.428238537847,2.33333333333,1.90196078431,0.814492905316,2.33333333333,0,0,0,0,0.164242424242,17,17,17,1,0,0.352941176471,0.411764705882,0.235294117647,17,37,0.136029411765,1.88235294118,4.35294117647,3.36363636364,2.84615384615,1.69341284359,0.389027274878,0.193958664547,2.09866904602,0.964253345467,0.518282988871,1.87867287326,0.863174022847,0.470588235294,0.786197569093,0.41766745858,2.25,1.88235294118,0.786197569093,2.25,0.166339869281,0.0612244897959,3,0.00441176470588,0.185952380952,17,17,17,1,0,0.352941176471,0.411764705882,0.235294117647,0,0,0,0,0,0,0,0,0,0,0,0,0,0,0,0,0,0,0,0,0,0,0,0,0,0,0,0,0,37,0,0,235,1,1,0,0,1,1,1,1,1,1,2,2,0,0,0,0
4041,WLNM_dir_neg,1,0.5,00:00:00,10,90,49,1987284122,threshold_sweep,0.9,1,1,1,2,0,0,4,1,1,0,0,1,1,1,1,0.555555555556,1,1,1,37,35,2,0,37,0,35,0,2,17,37,0.136029411765,1.88235294118,4.35294117647,3.36363636364,2.84615384615,1.69341284359,0.389027274878,0.193958664547,2.09866904602,0.964253345467,0.518282988871,1.87867287326,0.863174022847,0.470588235294,0.786197569093,0.41766745858,2.25,1.88235294118,0.786197569093,2.25,0.166339869281,0.0612244897959,3,0.00441176470588,0.185952380952,17,17,17,1,0,0.352941176471,0.411764705882,0.235294117647,17,0.128676470588,1.90196078431,4.11764705882,3.18181818182,2.69230769231,1.57648156274,0.382859808093,0.201680672269,2.01465221053,0.978545359402,0.524369747899,1.74894926439,0.849489642704,0.463865546218,0.814492905316,0.428238537847,2.33333333333,1.90196078431,0.814492905316,2.33333333333,0,0,0,0,0.164242424242,17,17,17,1,0,0.352941176471,0.411764705882,0.235294117647,17,37,0.136029411765,1.88235294118,4.35294117647,3.36363636364,2.84615384615,1.69341284359,0.389027274878,0.193958664547,2.09866904602,0.964253345467,0.518282988871,1.87867287326,0.863174022847,0.470588235294,0.786197569093,0.41766745858,2.25,1.88235294118,0.786197569093,2.25,0.166339869281,0.0612244897959,3,0.00441176470588,0.185952380952,17,17,17,1,0,0.352941176471,0.411764705882,0.235294117647,0,0,0,0,0,0,0,0,0,0,0,0,0,0,0,0,0,0,0,0,0,0,0,0,0,0,0,0,0,37,0,0,235,1,1,0,0,1,1,1,1,1,1,2,2,0,0,0,0
4042,WLNM_dir_neg,1,0.5,00:00:00,10,90,50,1987284123,threshold_sweep,0.1,1,1,1,2,0,0,4,1,1,0,0,1,1,1,1,0.555555555556,1,1,1,37,35,2,0,37,0,35,0,2,17,37,0.136029411765,1.88235294118,4.35294117647,3.36363636364,2.84615384615,1.69341284359,0.389027274878,0.193958664547,2.09866904602,0.964253345467,0.518282988871,1.87867287326,0.863174022847,0.470588235294,0.786197569093,0.41766745858,2.25,1.88235294118,0.786197569093,2.25,0.166339869281,0.0612244897959,3,0.00441176470588,0.185952380952,17,17,17,1,0,0.352941176471,0.411764705882,0.235294117647,17,0.128676470588,1.90196078431,4.11764705882,3.18181818182,2.69230769231,1.57648156274,0.382859808093,0.201680672269,2.01465221053,0.978545359402,0.524369747899,1.74894926439,0.849489642704,0.463865546218,0.814492905316,0.428238537847,2.33333333333,1.90196078431,0.814492905316,2.33333333333,0,0,0,0,0.164242424242,17,17,17,1,0,0.352941176471,0.411764705882,0.235294117647,17,37,0.136029411765,1.88235294118,4.35294117647,3.36363636364,2.84615384615,1.69341284359,0.389027274878,0.193958664547,2.09866904602,0.964253345467,0.518282988871,1.87867287326,0.863174022847,0.470588235294,0.786197569093,0.41766745858,2.25,1.88235294118,0.786197569093,2.25,0.166339869281,0.0612244897959,3,0.00441176470588,0.185952380952,17,17,17,1,0,0.352941176471,0.411764705882,0.235294117647,0,0,0,0,0,0,0,0,0,0,0,0,0,0,0,0,0,0,0,0,0,0,0,0,0,0,0,0,0,37,0,0,235,1,1,0,0,1,1,1,1,1,1,2,2,0,0,0,0
4043,WLNM_dir_neg,1,0.5,00:00:00,10,90,50,1987284123,threshold_sweep,0.2,1,1,1,2,0,0,4,1,1,0,0,1,1,1,1,0.555555555556,1,1,1,37,35,2,0,37,0,35,0,2,17,37,0.136029411765,1.88235294118,4.35294117647,3.36363636364,2.84615384615,1.69341284359,0.389027274878,0.193958664547,2.09866904602,0.964253345467,0.518282988871,1.87867287326,0.863174022847,0.470588235294,0.786197569093,0.41766745858,2.25,1.88235294118,0.786197569093,2.25,0.166339869281,0.0612244897959,3,0.00441176470588,0.185952380952,17,17,17,1,0,0.352941176471,0.411764705882,0.235294117647,17,0.128676470588,1.90196078431,4.11764705882,3.18181818182,2.69230769231,1.57648156274,0.382859808093,0.201680672269,2.01465221053,0.978545359402,0.524369747899,1.74894926439,0.849489642704,0.463865546218,0.814492905316,0.428238537847,2.33333333333,1.90196078431,0.814492905316,2.33333333333,0,0,0,0,0.164242424242,17,17,17,1,0,0.352941176471,0.411764705882,0.235294117647,17,37,0.136029411765,1.88235294118,4.35294117647,3.36363636364,2.84615384615,1.69341284359,0.389027274878,0.193958664547,2.09866904602,0.964253345467,0.518282988871,1.87867287326,0.863174022847,0.470588235294,0.786197569093,0.41766745858,2.25,1.88235294118,0.786197569093,2.25,0.166339869281,0.0612244897959,3,0.00441176470588,0.185952380952,17,17,17,1,0,0.352941176471,0.411764705882,0.235294117647,0,0,0,0,0,0,0,0,0,0,0,0,0,0,0,0,0,0,0,0,0,0,0,0,0,0,0,0,0,37,0,0,235,1,1,0,0,1,1,1,1,1,1,2,2,0,0,0,0
4044,WLNM_dir_neg,1,0.5,00:00:00,10,90,50,1987284123,threshold_sweep,0.3,1,1,1,2,0,0,4,1,1,0,0,1,1,1,1,0.555555555556,1,1,1,37,35,2,0,37,0,35,0,2,17,37,0.136029411765,1.88235294118,4.35294117647,3.36363636364,2.84615384615,1.69341284359,0.389027274878,0.193958664547,2.09866904602,0.964253345467,0.518282988871,1.87867287326,0.863174022847,0.470588235294,0.786197569093,0.41766745858,2.25,1.88235294118,0.786197569093,2.25,0.166339869281,0.0612244897959,3,0.00441176470588,0.185952380952,17,17,17,1,0,0.352941176471,0.411764705882,0.235294117647,17,0.128676470588,1.90196078431,4.11764705882,3.18181818182,2.69230769231,1.57648156274,0.382859808093,0.201680672269,2.01465221053,0.978545359402,0.524369747899,1.74894926439,0.849489642704,0.463865546218,0.814492905316,0.428238537847,2.33333333333,1.90196078431,0.814492905316,2.33333333333,0,0,0,0,0.164242424242,17,17,17,1,0,0.352941176471,0.411764705882,0.235294117647,17,37,0.136029411765,1.88235294118,4.35294117647,3.36363636364,2.84615384615,1.69341284359,0.389027274878,0.193958664547,2.09866904602,0.964253345467,0.518282988871,1.87867287326,0.863174022847,0.470588235294,0.786197569093,0.41766745858,2.25,1.88235294118,0.786197569093,2.25,0.166339869281,0.0612244897959,3,0.00441176470588,0.185952380952,17,17,17,1,0,0.352941176471,0.411764705882,0.235294117647,0,0,0,0,0,0,0,0,0,0,0,0,0,0,0,0,0,0,0,0,0,0,0,0,0,0,0,0,0,37,0,0,235,1,1,0,0,1,1,1,1,1,1,2,2,0,0,0,0
4045,WLNM_dir_neg,1,0.5,00:00:00,10,90,50,1987284123,threshold_sweep,0.4,1,1,1,2,0,0,4,1,1,0,0,1,1,1,1,0.555555555556,1,1,1,37,35,2,0,37,0,35,0,2,17,37,0.136029411765,1.88235294118,4.35294117647,3.36363636364,2.84615384615,1.69341284359,0.389027274878,0.193958664547,2.09866904602,0.964253345467,0.518282988871,1.87867287326,0.863174022847,0.470588235294,0.786197569093,0.41766745858,2.25,1.88235294118,0.786197569093,2.25,0.166339869281,0.0612244897959,3,0.00441176470588,0.185952380952,17,17,17,1,0,0.352941176471,0.411764705882,0.235294117647,17,0.128676470588,1.90196078431,4.11764705882,3.18181818182,2.69230769231,1.57648156274,0.382859808093,0.201680672269,2.01465221053,0.978545359402,0.524369747899,1.74894926439,0.849489642704,0.463865546218,0.814492905316,0.428238537847,2.33333333333,1.90196078431,0.814492905316,2.33333333333,0,0,0,0,0.164242424242,17,17,17,1,0,0.352941176471,0.411764705882,0.235294117647,17,37,0.136029411765,1.88235294118,4.35294117647,3.36363636364,2.84615384615,1.69341284359,0.389027274878,0.193958664547,2.09866904602,0.964253345467,0.518282988871,1.87867287326,0.863174022847,0.470588235294,0.786197569093,0.41766745858,2.25,1.88235294118,0.786197569093,2.25,0.166339869281,0.0612244897959,3,0.00441176470588,0.185952380952,17,17,17,1,0,0.352941176471,0.411764705882,0.235294117647,0,0,0,0,0,0,0,0,0,0,0,0,0,0,0,0,0,0,0,0,0,0,0,0,0,0,0,0,0,37,0,0,235,1,1,0,0,1,1,1,1,1,1,2,2,0,0,0,0
4046,WLNM_dir_neg,1,0.5,00:00:00,10,90,50,1987284123,threshold_sweep,0.5,1,1,1,2,0,0,4,1,1,0,0,1,1,1,1,0.555555555556,1,1,1,37,35,2,0,37,0,35,0,2,17,37,0.136029411765,1.88235294118,4.35294117647,3.36363636364,2.84615384615,1.69341284359,0.389027274878,0.193958664547,2.09866904602,0.964253345467,0.518282988871,1.87867287326,0.863174022847,0.470588235294,0.786197569093,0.41766745858,2.25,1.88235294118,0.786197569093,2.25,0.166339869281,0.0612244897959,3,0.00441176470588,0.185952380952,17,17,17,1,0,0.352941176471,0.411764705882,0.235294117647,17,0.128676470588,1.90196078431,4.11764705882,3.18181818182,2.69230769231,1.57648156274,0.382859808093,0.201680672269,2.01465221053,0.978545359402,0.524369747899,1.74894926439,0.849489642704,0.463865546218,0.814492905316,0.428238537847,2.33333333333,1.90196078431,0.814492905316,2.33333333333,0,0,0,0,0.164242424242,17,17,17,1,0,0.352941176471,0.411764705882,0.235294117647,17,37,0.136029411765,1.88235294118,4.35294117647,3.36363636364,2.84615384615,1.69341284359,0.389027274878,0.193958664547,2.09866904602,0.964253345467,0.518282988871,1.87867287326,0.863174022847,0.470588235294,0.786197569093,0.41766745858,2.25,1.88235294118,0.786197569093,2.25,0.166339869281,0.0612244897959,3,0.00441176470588,0.185952380952,17,17,17,1,0,0.352941176471,0.411764705882,0.235294117647,0,0,0,0,0,0,0,0,0,0,0,0,0,0,0,0,0,0,0,0,0,0,0,0,0,0,0,0,0,37,0,0,235,1,1,0,0,1,1,1,1,1,1,2,2,0,0,0,0
4047,WLNM_dir_neg,1,0.5,00:00:00,10,90,50,1987284123,threshold_sweep,0.6,1,1,1,2,0,0,4,1,1,0,0,1,1,1,1,0.555555555556,1,1,1,37,35,2,0,37,0,35,0,2,17,37,0.136029411765,1.88235294118,4.35294117647,3.36363636364,2.84615384615,1.69341284359,0.389027274878,0.193958664547,2.09866904602,0.964253345467,0.518282988871,1.87867287326,0.863174022847,0.470588235294,0.786197569093,0.41766745858,2.25,1.88235294118,0.786197569093,2.25,0.166339869281,0.0612244897959,3,0.00441176470588,0.185952380952,17,17,17,1,0,0.352941176471,0.411764705882,0.235294117647,17,0.128676470588,1.90196078431,4.11764705882,3.18181818182,2.69230769231,1.57648156274,0.382859808093,0.201680672269,2.01465221053,0.978545359402,0.524369747899,1.74894926439,0.849489642704,0.463865546218,0.814492905316,0.428238537847,2.33333333333,1.90196078431,0.814492905316,2.33333333333,0,0,0,0,0.164242424242,17,17,17,1,0,0.352941176471,0.411764705882,0.235294117647,17,37,0.136029411765,1.88235294118,4.35294117647,3.36363636364,2.84615384615,1.69341284359,0.389027274878,0.193958664547,2.09866904602,0.964253345467,0.518282988871,1.87867287326,0.863174022847,0.470588235294,0.786197569093,0.41766745858,2.25,1.88235294118,0.786197569093,2.25,0.166339869281,0.0612244897959,3,0.00441176470588,0.185952380952,17,17,17,1,0,0.352941176471,0.411764705882,0.235294117647,0,0,0,0,0,0,0,0,0,0,0,0,0,0,0,0,0,0,0,0,0,0,0,0,0,0,0,0,0,37,0,0,235,1,1,0,0,1,1,1,1,1,1,2,2,0,0,0,0
4048,WLNM_dir_neg,1,0.5,00:00:00,10,90,50,1987284123,threshold_sweep,0.7,1,1,1,2,0,0,4,1,1,0,0,1,1,1,1,0.555555555556,1,1,1,37,35,2,0,37,0,35,0,2,17,37,0.136029411765,1.88235294118,4.35294117647,3.36363636364,2.84615384615,1.69341284359,0.389027274878,0.193958664547,2.09866904602,0.964253345467,0.518282988871,1.87867287326,0.863174022847,0.470588235294,0.786197569093,0.41766745858,2.25,1.88235294118,0.786197569093,2.25,0.166339869281,0.0612244897959,3,0.00441176470588,0.185952380952,17,17,17,1,0,0.352941176471,0.411764705882,0.235294117647,17,0.128676470588,1.90196078431,4.11764705882,3.18181818182,2.69230769231,1.57648156274,0.382859808093,0.201680672269,2.01465221053,0.978545359402,0.524369747899,1.74894926439,0.849489642704,0.463865546218,0.814492905316,0.428238537847,2.33333333333,1.90196078431,0.814492905316,2.33333333333,0,0,0,0,0.164242424242,17,17,17,1,0,0.352941176471,0.411764705882,0.235294117647,17,37,0.136029411765,1.88235294118,4.35294117647,3.36363636364,2.84615384615,1.69341284359,0.389027274878,0.193958664547,2.09866904602,0.964253345467,0.518282988871,1.87867287326,0.863174022847,0.470588235294,0.786197569093,0.41766745858,2.25,1.88235294118,0.786197569093,2.25,0.166339869281,0.0612244897959,3,0.00441176470588,0.185952380952,17,17,17,1,0,0.352941176471,0.411764705882,0.235294117647,0,0,0,0,0,0,0,0,0,0,0,0,0,0,0,0,0,0,0,0,0,0,0,0,0,0,0,0,0,37,0,0,235,1,1,0,0,1,1,1,1,1,1,2,2,0,0,0,0
4049,WLNM_dir_neg,1,0.5,00:00:00,10,90,50,1987284123,threshold_sweep,0.8,1,1,1,2,0,0,4,1,1,0,0,1,1,1,1,0.555555555556,1,1,1,37,35,2,0,37,0,35,0,2,17,37,0.136029411765,1.88235294118,4.35294117647,3.36363636364,2.84615384615,1.69341284359,0.389027274878,0.193958664547,2.09866904602,0.964253345467,0.518282988871,1.87867287326,0.863174022847,0.470588235294,0.786197569093,0.41766745858,2.25,1.88235294118,0.786197569093,2.25,0.166339869281,0.0612244897959,3,0.00441176470588,0.185952380952,17,17,17,1,0,0.352941176471,0.411764705882,0.235294117647,17,0.128676470588,1.90196078431,4.11764705882,3.18181818182,2.69230769231,1.57648156274,0.382859808093,0.201680672269,2.01465221053,0.978545359402,0.524369747899,1.74894926439,0.849489642704,0.463865546218,0.814492905316,0.428238537847,2.33333333333,1.90196078431,0.814492905316,2.33333333333,0,0,0,0,0.164242424242,17,17,17,1,0,0.352941176471,0.411764705882,0.235294117647,17,37,0.136029411765,1.88235294118,4.35294117647,3.36363636364,2.84615384615,1.69341284359,0.389027274878,0.193958664547,2.09866904602,0.964253345467,0.518282988871,1.87867287326,0.863174022847,0.470588235294,0.786197569093,0.41766745858,2.25,1.88235294118,0.786197569093,2.25,0.166339869281,0.0612244897959,3,0.00441176470588,0.185952380952,17,17,17,1,0,0.352941176471,0.411764705882,0.235294117647,0,0,0,0,0,0,0,0,0,0,0,0,0,0,0,0,0,0,0,0,0,0,0,0,0,0,0,0,0,37,0,0,235,1,1,0,0,1,1,1,1,1,1,2,2,0,0,0,0
4050,WLNM_dir_neg,1,0.5,00:00:00,10,90,50,1987284123,threshold_sweep,0.9,1,1,1,2,0,0,4,1,1,0,0,1,1,1,1,0.555555555556,1,1,1,37,35,2,0,37,0,35,0,2,17,37,0.136029411765,1.88235294118,4.35294117647,3.36363636364,2.84615384615,1.69341284359,0.389027274878,0.193958664547,2.09866904602,0.964253345467,0.518282988871,1.87867287326,0.863174022847,0.470588235294,0.786197569093,0.41766745858,2.25,1.88235294118,0.786197569093,2.25,0.166339869281,0.0612244897959,3,0.00441176470588,0.185952380952,17,17,17,1,0,0.352941176471,0.411764705882,0.235294117647,17,0.128676470588,1.90196078431,4.11764705882,3.18181818182,2.69230769231,1.57648156274,0.382859808093,0.201680672269,2.01465221053,0.978545359402,0.524369747899,1.74894926439,0.849489642704,0.463865546218,0.814492905316,0.428238537847,2.33333333333,1.90196078431,0.814492905316,2.33333333333,0,0,0,0,0.164242424242,17,17,17,1,0,0.352941176471,0.411764705882,0.235294117647,17,37,0.136029411765,1.88235294118,4.35294117647,3.36363636364,2.84615384615,1.69341284359,0.389027274878,0.193958664547,2.09866904602,0.964253345467,0.518282988871,1.87867287326,0.863174022847,0.470588235294,0.786197569093,0.41766745858,2.25,1.88235294118,0.786197569093,2.25,0.166339869281,0.0612244897959,3,0.00441176470588,0.185952380952,17,17,17,1,0,0.352941176471,0.411764705882,0.235294117647,0,0,0,0,0,0,0,0,0,0,0,0,0,0,0,0,0,0,0,0,0,0,0,0,0,0,0,0,0,37,0,0,235,1,1,0,0,1,1,1,1,1,1,2,2,0,0,0,0
