Iteration,Version,ROC_AUC,PR_AUC,TimeElapsed,K,TrainRatio,ExperimentID,Seed,ThresholdMode,Threshold,Precision,Recall,F1Score,TestTPR,TestMCC,TestTSS,TestAccuracy,TestExpectedAccuracy,TestKappa,TotalLinks,TrainLinks,TestLinks,BackboneTotal,NonBackboneTotal,BackboneTrainLinks,NonBackboneTrainLinks,BackboneTestLinks,NonBackboneTestLinks,EmpiricalNumSpecies,EmpiricalLinks,EmpiricalConnectance,EmpiricalMeanTrophicLevel,EmpiricalMeanDegree,EmpiricalMeanGenerality,EmpiricalMeanVulnerability,EmpiricalPropBasal,EmpiricalPropIntermediate,EmpiricalPropTop,PseudoNumSpecies,PseudoLinks,PseudoConnectance,PseudoMeanTrophicLevel,PseudoMeanDegree,PseudoMeanGenerality,PseudoMeanVulnerability,PseudoPropBasal,PseudoPropIntermediate,PseudoPropTop,DeltaLinks,DeltaConnectance,DeltaMeanTrophicLevel,DeltaMeanDegree,DeltaMeanGenerality,DeltaMeanVulnerability,DeltaPropBasal,DeltaPropIntermediate,DeltaPropTop,PseudoTP,PseudoFP,PseudoFN,PseudoTN,PseudoTPR,PseudoTNR,PseudoFPR,PseudoFNR,PseudoPrecision,PseudoRecall,PseudoF1Score,PseudoMCC,PseudoTSS,PseudoJaccardLinks,NumPredictedNovelLinks,NumTrueNovelLinks,EvaluateOnAllUnseen,CvK,FoldID,NumFolds
1,WLNM_dir_neg,0.6457,0.4204,00:00:30,10,10,1,1300943637,fixed,0.5000,0.4073,0.0737,0.1248,0.07369682444577591,0.03974445257088066,0.02007189934092279,0.6554823247453565,0.64656148059383534,0.025240158221887264,1942,273,1669,0,1942,0,273,0,1669,127,1942,0.1214,3.6558,30.5827,16.1833,17.1858,0.0551,0.8346,0.1102,127,575,0.0359,NaN,9.0551,4.5276,4.7131,0,0.9606,0.0394,-1367,-0.0854,NaN,-21.5276,-11.6558,-12.4727,-0.0551,0.1260,-0.0709,396,179,1546,13881,0.2039,0.9873,0.0127,0.7961,0.6887,0.2039,0.3147,0.3354211022321835,0.1912,0.1867,302,1669,0,0,0,0
2,WLNM_dir_neg,0.6482,0.4321,00:00:48,10,10,2,1300943638,fixed,0.5000,0.5566,0.1030,0.1738,0.1029940119760479,0.1214453755827629,0.06197604790419153,0.67365269461077848,0.6461077844311377,0.077834179357022165,1942,272,1670,0,1942,0,272,0,1670,127,1942,0.1214,3.6558,30.5827,16.1833,17.1858,0.0551,0.8346,0.1102,127,581,0.0363,11.9874,9.1496,4.6855,4.8017,0.0236,0.9291,0.0472,-1361,-0.0851,8.3315,-21.4331,-11.4978,-12.3842,-0.0315,0.0945,-0.0630,444,137,1498,13923,0.2286,0.9903,0.0097,0.7714,0.7642,0.2286,0.3520,0.3821127818241228,0.2189,0.2136,309,1670,0,0,0,0
3,WLNM_dir_neg,0.6650,0.4070,00:00:47,10,10,3,1300943639,fixed,0.5000,0.2821,0.0263,0.0482,0.02633153800119689,-0.01949619648030483,-0.007181328545780907,0.65310193496908042,0.65629363654498307,-0.0092861288450377163,1942,271,1671,0,1942,0,271,0,1671,127,1942,0.1214,3.6558,30.5827,16.1833,17.1858,0.0551,0.8346,0.1102,127,427,0.0267,NaN,6.7244,3.3622,3.4435,0,0.9764,0.0236,-1515,-0.0947,NaN,-23.8583,-12.8211,-13.7423,-0.0551,0.1417,-0.0866,315,112,1627,13948,0.1622,0.9920,0.0080,0.8378,0.7377,0.1622,0.2659,0.3125221777865481,0.1542,0.1534,156,1671,0,0,0,0
4,WLNM_dir_neg,0.6367,0.4106,00:00:47,10,10,4,1300943640,fixed,0.5000,0.4162,0.0461,0.0829,0.04605263157894737,0.034406337958037,0.01375598086124397,0.66048644338118023,0.65437267410951616,0.017688905979619484,1942,270,1672,0,1942,0,270,0,1672,127,1942,0.1214,3.6558,30.5827,16.1833,17.1858,0.0551,0.8346,0.1102,127,455,0.0284,NaN,7.1654,3.5827,3.8889,0,0.9213,0.0787,-1487,-0.0929,NaN,-23.4173,-12.6007,-13.2970,-0.0551,0.0866,-0.0315,347,108,1595,13952,0.1787,0.9923,0.0077,0.8213,0.7626,0.1787,0.2895,0.3359583321179999,0.1710,0.1693,185,1672,0,0,0,0
5,WLNM_dir_neg,0.6908,0.4451,00:00:48,10,10,5,1300943641,fixed,0.5000,0.3658,0.0563,0.0976,0.0562874251497006,0.01599464266632277,0.007485029940119681,0.65289421157684635,0.6495675316034597,0.0094930700588572847,1942,272,1670,0,1942,0,272,0,1670,127,1942,0.1214,3.6558,30.5827,16.1833,17.1858,0.0551,0.8346,0.1102,127,529,0.0331,NaN,8.3307,4.1654,4.5214,0,0.9213,0.0787,-1413,-0.0883,NaN,-22.2520,-12.0180,-12.6645,-0.0551,0.0866,-0.0315,366,163,1576,13897,0.1885,0.9884,0.0116,0.8115,0.6919,0.1885,0.2962,0.3230442868830113,0.1769,0.1739,257,1670,0,0,0,0
6,WLNM_dir_neg,0.6713,0.4985,00:00:20,10,20,1,1301860937,fixed,0.5000,0.5824,0.3069,0.4020,0.3069498069498069,0.2439266667480295,0.196911196911197,0.69562419562419564,0.60810810810810811,0.22331691297208542,1942,388,1554,0,1942,0,388,0,1554,127,1942,0.1214,3.6558,30.5827,16.1833,17.1858,0.0551,0.8346,0.1102,127,1207,0.0754,NaN,19.0079,9.5039,9.5794,0,0.9921,0.0079,-735,-0.0459,NaN,-11.5748,-6.6794,-7.6065,-0.0551,0.1575,-0.1024,865,342,1077,13718,0.4454,0.9757,0.0243,0.5546,0.7167,0.4454,0.5494,0.5206956381801359,0.4211,0.3787,819,1554,0,0,0,0
7,WLNM_dir_neg,0.6963,0.4969,00:00:36,10,20,2,1301860938,fixed,0.5000,0.5831,0.3295,0.4211,0.3294723294723295,0.2552631204626822,0.2117117117117118,0.69798369798369797,0.60388960388960389,0.23754512635379058,1942,388,1554,0,1942,0,388,0,1554,127,1942,0.1214,3.6558,30.5827,16.1833,17.1858,0.0551,0.8346,0.1102,127,1266,0.0791,NaN,19.9370,9.9685,10.6387,0,0.9370,0.0630,-676,-0.0422,NaN,-10.6457,-6.2148,-6.5472,-0.0551,0.1024,-0.0472,900,366,1042,13694,0.4634,0.9740,0.0260,0.5366,0.7109,0.4634,0.5611,0.5291731385865056,0.4374,0.3899,878,1554,0,0,0,0
8,WLNM_dir_neg,0.6763,0.5149,00:00:36,10,20,3,1301860939,fixed,0.5000,0.5904,0.3320,0.4250,0.332046332046332,0.2619293693107473,0.2168597168597168,0.7005577005577005,0.60417560417560423,0.24349710982658934,1942,388,1554,0,1942,0,388,0,1554,127,1942,0.1214,3.6558,30.5827,16.1833,17.1858,0.0551,0.8346,0.1102,127,1262,0.0789,NaN,19.8740,9.9370,10.0960,0,0.9843,0.0157,-680,-0.0425,NaN,-10.7087,-6.2463,-7.0898,-0.0551,0.1496,-0.0945,904,358,1038,13702,0.4655,0.9745,0.0255,0.5345,0.7163,0.4655,0.5643,0.5331239920086273,0.4400,0.3930,874,1554,0,0,0,0
9,WLNM_dir_neg,0.6778,0.5112,00:00:36,10,20,4,1301860940,fixed,0.5000,0.5926,0.2902,0.3896,0.2902187902187902,0.2429553155733682,0.1904761904761905,0.69691119691119696,0.61225511225511231,0.21832933800479443,1942,388,1554,0,1942,0,388,0,1554,127,1942,0.1214,3.6558,30.5827,16.1833,17.1858,0.0551,0.8346,0.1102,127,1149,0.0718,NaN,18.0945,9.0472,9.2661,0,0.9764,0.0236,-793,-0.0496,NaN,-12.4882,-7.1361,-7.9197,-0.0551,0.1417,-0.0866,839,310,1103,13750,0.4320,0.9780,0.0220,0.5680,0.7302,0.4320,0.5429,0.5185771056627996,0.4100,0.3726,761,1554,0,0,0,0
10,WLNM_dir_neg,0.7092,0.5270,00:00:36,10,20,5,1301860941,fixed,0.5000,0.6097,0.3649,0.4565,0.3648648648648649,0.2926355529492475,0.248069498069498,0.71042471042471045,0.60017160017160021,0.27575107296137341,1942,388,1554,0,1942,0,388,0,1554,127,1942,0.1214,3.6558,30.5827,16.1833,17.1858,0.0551,0.8346,0.1102,127,1318,0.0824,1,20.7559,10.4603,10.5440,0.0079,0.9764,0.0157,-624,-0.0390,-2.6558,-9.8268,-5.7230,-6.6418,-0.0472,0.1417,-0.0945,955,363,987,13697,0.4918,0.9742,0.0258,0.5082,0.7246,0.4918,0.5859,0.5534397003084658,0.4659,0.4143,930,1554,0,0,0,0
11,WLNM_dir_neg,0.7367,0.5980,00:00:21,10,30,1,1302778237,fixed,0.5000,0.7371,0.4949,0.5922,0.4948529411764706,0.4599183194105966,0.4066176470588236,0.77279411764705885,0.59207516339869282,0.44302022831964755,1942,582,1360,0,1942,0,582,0,1360,127,1942,0.1214,3.6558,30.5827,16.1833,17.1858,0.0551,0.8346,0.1102,127,1495,0.0934,6.7851,23.5433,12.0565,13.1140,0.0236,0.8740,0.1024,-447,-0.0279,3.1292,-7.0394,-4.1269,-4.0718,-0.0315,0.0394,-0.0079,1255,240,687,13820,0.6462,0.9829,0.0171,0.3538,0.8395,0.6462,0.7303,0.7059545901700822,0.6292,0.5752,913,1360,0,0,0,0
12,WLNM_dir_neg,0.7114,0.5887,00:00:36,10,30,2,1302778238,fixed,0.5000,0.7500,0.4831,0.5877,0.4830882352941177,0.4621690029263295,0.4025735294117647,0.77401960784313728,0.59509803921568627,0.44188861985472161,1942,582,1360,0,1942,0,582,0,1360,127,1942,0.1214,3.6558,30.5827,16.1833,17.1858,0.0551,0.8346,0.1102,127,1458,0.0911,19.0052,22.9606,11.5714,12.5690,0.0079,0.9055,0.0866,-484,-0.0302,15.3494,-7.6220,-4.6119,-4.6169,-0.0472,0.0709,-0.0236,1239,219,703,13841,0.6380,0.9844,0.0156,0.3620,0.8498,0.6380,0.7288,0.706291978872439,0.6224,0.5733,876,1360,0,0,0,0
13,WLNM_dir_neg,0.7537,0.6082,00:00:37,10,30,3,1302778239,fixed,0.5000,0.7404,0.4699,0.5749,0.4698529411764706,0.4472956604074507,0.3875,0.76838235294117652,0.59616013071895424,0.42646166295771809,1942,582,1360,0,1942,0,582,0,1360,127,1942,0.1214,3.6558,30.5827,16.1833,17.1858,0.0551,0.8346,0.1102,127,1445,0.0903,66.8528,22.7559,11.4683,12.7876,0.0079,0.8819,0.1102,-497,-0.0311,63.1969,-7.8268,-4.7151,-4.3982,-0.0472,0.0472,0,1221,224,721,13836,0.6287,0.9841,0.0159,0.3713,0.8450,0.6287,0.7210,0.6981797671829331,0.6128,0.5637,863,1360,0,0,0,0
14,WLNM_dir_neg,0.7223,0.5897,00:00:37,10,30,4,1302778240,fixed,0.5000,0.7257,0.5154,0.6028,0.5154411764705882,0.4635510824352362,0.4180147058823529,0.77352941176470591,0.58774509803921571,0.45065398335315104,1942,582,1360,0,1942,0,582,0,1360,127,1942,0.1214,3.6558,30.5827,16.1833,17.1858,0.0551,0.8346,0.1102,127,1548,0.0967,NaN,24.3780,12.1890,13.5789,0,0.8976,0.1024,-394,-0.0246,NaN,-6.2047,-3.9944,-3.6069,-0.0551,0.0630,-0.0079,1283,265,659,13795,0.6607,0.9812,0.0188,0.3393,0.8288,0.6607,0.7352,0.7089982152161391,0.6418,0.5813,966,1360,0,0,0,0
15,WLNM_dir_neg,0.7428,0.5858,00:00:37,10,30,5,1302778241,fixed,0.5000,0.7469,0.4949,0.5953,0.4948529411764706,0.4671099800015313,0.411029411764706,0.77573529411764708,0.59305555555555556,0.44890584220036139,1942,582,1360,0,1942,0,582,0,1360,127,1942,0.1214,3.6558,30.5827,16.1833,17.1858,0.0551,0.8346,0.1102,127,1483,0.0927,NaN,23.3543,11.6772,12.8957,0,0.9055,0.0945,-459,-0.0287,NaN,-7.2283,-4.5062,-4.2902,-0.0551,0.0709,-0.0157,1255,228,687,13832,0.6462,0.9838,0.0162,0.3538,0.8463,0.6462,0.7328,0.7094731613054562,0.6300,0.5783,901,1360,0,0,0,0
16,WLNM_dir_neg,0.7699,0.6431,00:00:21,10,40,1,1303695537,fixed,0.5000,0.7891,0.4974,0.6102,0.4974271012006861,0.4986742600519158,0.4309605488850772,0.78816466552315612,0.59662664379645514,0.47484053862508863,1942,776,1166,0,1942,0,776,0,1166,127,1942,0.1214,3.6558,30.5827,16.1833,17.1858,0.0551,0.8346,0.1102,127,1511,0.0944,NaN,23.7953,11.8976,13.3717,0,0.8898,0.1102,-431,-0.0269,NaN,-6.7874,-4.2857,-3.8142,-0.0551,0.0551,0,1356,155,586,13905,0.6982,0.9890,0.0110,0.3018,0.8974,0.6982,0.7854,0.7674230537312501,0.6872,0.6466,735,1166,0,0,0,0
17,WLNM_dir_neg,0.7512,0.6276,00:00:37,10,40,2,1303695538,fixed,0.5000,0.8300,0.5360,0.6514,0.5360205831903945,0.551834942257553,0.4811320754716981,0.80874785591766729,0.59491137793024584,0.52787579393083994,1942,776,1166,0,1942,0,776,0,1166,127,1942,0.1214,3.6558,30.5827,16.1833,17.1858,0.0551,0.8346,0.1102,127,1529,0.0956,5.2361,24.0787,12.3306,13.4123,0.0236,0.8740,0.1024,-413,-0.0258,1.5803,-6.5039,-3.8527,-3.7736,-0.0315,0.0394,-0.0079,1401,128,541,13932,0.7214,0.9909,0.0091,0.2786,0.9163,0.7214,0.8073,0.7912391850681604,0.7123,0.6768,753,1166,0,0,0,0
18,WLNM_dir_neg,0.7217,0.5674,00:00:37,10,40,3,1303695539,fixed,0.5000,0.8021,0.5317,0.6395,0.5317324185248714,0.5295921584605522,0.4661234991423671,0.80017152658662094,0.59300552696779107,0.50901428236946855,1942,776,1166,0,1942,0,776,0,1166,127,1942,0.1214,3.6558,30.5827,16.1833,17.1858,0.0551,0.8346,0.1102,127,1549,0.0968,9.3794,24.3937,12.2937,13.7080,0.0079,0.8819,0.1102,-393,-0.0246,5.7236,-6.1890,-3.8897,-3.4779,-0.0472,0.0472,0,1396,153,546,13907,0.7188,0.9891,0.0109,0.2812,0.9012,0.7188,0.7998,0.7818512138675172,0.7080,0.6663,773,1166,0,0,0,0
19,WLNM_dir_neg,0.7012,0.6111,00:00:37,10,40,4,1303695540,fixed,0.5000,0.8266,0.4743,0.6027,0.4742710120068611,0.508851037280568,0.4245283018867925,0.79159519725557459,0.60291595197255576,0.47516198704103663,1942,776,1166,0,1942,0,776,0,1166,127,1942,0.1214,3.6558,30.5827,16.1833,17.1858,0.0551,0.8346,0.1102,127,1445,0.0903,5.5924,22.7559,11.5600,12.6754,0.0157,0.8819,0.1024,-497,-0.0311,1.9366,-7.8268,-4.6233,-4.5104,-0.0394,0.0472,-0.0079,1329,116,613,13944,0.6843,0.9917,0.0083,0.3157,0.9197,0.6843,0.7848,0.7702923222963642,0.6761,0.6458,669,1166,0,0,0,0
20,WLNM_dir_neg,0.7143,0.5747,00:00:38,10,40,5,1303695541,fixed,0.5000,0.7801,0.5051,0.6132,0.5051457975986278,0.49725497288397,0.4339622641509435,0.78759291023441969,0.59472079283400037,0.47589936515400899,1942,776,1166,0,1942,0,776,0,1166,127,1942,0.1214,3.6558,30.5827,16.1833,17.1858,0.0551,0.8346,0.1102,127,1531,0.0957,1,24.1102,12.1508,13.5487,0.0079,0.8819,0.1102,-411,-0.0257,-2.6558,-6.4724,-4.0325,-3.6372,-0.0472,0.0472,0,1365,166,577,13894,0.7029,0.9882,0.0118,0.2971,0.8916,0.7029,0.7861,0.7671970013206222,0.6911,0.6475,755,1166,0,0,0,0
21,WLNM_dir_neg,0.7451,0.4415,00:00:19,10,50,1,1304612837,fixed,0.5000,0.8453,0.5685,0.6798,0.568486096807415,0.5838148330709994,0.5164778578784759,0.82148987298317888,0.59194415837052294,0.56253505328098719,1942,971,971,0,1942,0,971,0,971,127,1942,0.1214,3.6558,30.5827,16.1833,17.1858,0.0551,0.8346,0.1102,127,1624,0.1015,1,25.5748,13.2033,14.3717,0.0315,0.8583,0.1102,-318,-0.0199,-2.6558,-5.0079,-2.9801,-2.8142,-0.0236,0.0236,0,1523,101,419,13959,0.7842,0.9928,0.0072,0.2158,0.9378,0.7842,0.8542,0.8402902469126542,0.7771,0.7455,653,971,0,0,0,0
22,WLNM_dir_neg,0.7679,0.6364,00:00:36,10,50,2,1304612838,fixed,0.5000,0.8214,0.5685,0.6719,0.568486096807415,0.5669888726574319,0.5066941297631309,0.81496738757294884,0.58976999656711293,0.54895397489539743,1942,971,971,0,1942,0,971,0,971,127,1942,0.1214,3.6558,30.5827,16.1833,17.1858,0.0551,0.8346,0.1102,127,1643,0.1027,4.0891,25.8740,13.5785,14.5398,0.0472,0.8425,0.1102,-299,-0.0187,0.4332,-4.7087,-2.6048,-2.6460,-0.0079,0.0079,0,1523,120,419,13940,0.7842,0.9915,0.0085,0.2158,0.9270,0.7842,0.8497,0.8345162057261188,0.7757,0.7386,672,971,0,0,0,0
23,WLNM_dir_neg,0.7729,0.5880,00:00:36,10,50,3,1304612839,fixed,0.5000,0.8247,0.5232,0.6402,0.5231719876416066,0.5397591298390204,0.4675592173017509,0.80398214898729836,0.59617805240874244,0.51459336922640986,1942,971,971,0,1942,0,971,0,971,127,1942,0.1214,3.6558,30.5827,16.1833,17.1858,0.0551,0.8346,0.1102,127,1587,0.0992,5.0835,24.9921,12.6960,14.0442,0.0157,0.8740,0.1102,-355,-0.0222,1.4277,-5.5906,-3.4873,-3.1416,-0.0394,0.0394,0,1479,108,463,13952,0.7616,0.9923,0.0077,0.2384,0.9319,0.7616,0.8382,0.8236408836320602,0.7539,0.7215,616,971,0,0,0,0
24,WLNM_dir_neg,0.7498,0.5109,00:00:36,10,50,4,1304612840,fixed,0.5000,0.8544,0.5438,0.6646,0.5437693099897013,0.5735569492950547,0.4974253347064881,0.81702711980775833,0.59594919327154139,0.54715378079864063,1942,971,971,0,1942,0,971,0,971,127,1942,0.1214,3.6558,30.5827,16.1833,17.1858,0.0551,0.8346,0.1102,127,1589,0.0993,1,25.0236,12.9187,14.0619,0.0315,0.8583,0.1102,-353,-0.0221,-2.6558,-5.5591,-3.2646,-3.1239,-0.0236,0.0236,0,1499,90,443,13970,0.7719,0.9936,0.0064,0.2281,0.9434,0.7719,0.8491,0.8358223398431455,0.7655,0.7377,618,971,0,0,0,0
25,WLNM_dir_neg,0.8225,0.7623,00:00:36,10,50,5,1304612841,fixed,0.5000,0.8641,0.6025,0.7100,0.6024716786817713,0.6195459596271259,0.5550978372811533,0.83590799862684517,0.5891978487241103,0.60055710306406684,1942,971,971,0,1942,0,971,0,971,127,1942,0.1214,3.6558,30.5827,16.1833,17.1858,0.0551,0.8346,0.1102,127,1648,0.1030,4.2147,25.9528,13.5082,14.5841,0.0394,0.8504,0.1102,-294,-0.0184,0.5588,-4.6299,-2.6751,-2.6018,-0.0157,0.0157,0,1556,92,386,13968,0.8012,0.9935,0.0065,0.1988,0.9442,0.8012,0.8669,0.8537904399352012,0.7947,0.7650,677,971,0,0,0,0
26,WLNM_dir_neg,0.7781,0.6597,00:00:21,10,60,1,1305530137,fixed,0.5000,0.8663,0.5920,0.7034,0.592020592020592,0.6140576967928859,0.5463320463320462,0.83354783354783357,0.59073359073359077,0.59329140461215935,1942,1165,777,0,1942,0,1165,0,777,127,1942,0.1214,3.6558,30.5827,16.1833,17.1858,0.0551,0.8346,0.1102,127,1696,0.1060,6.5320,26.7087,13.6774,15.0088,0.0236,0.8661,0.1102,-246,-0.0154,2.8762,-3.8740,-2.5059,-2.1770,-0.0315,0.0315,0,1625,71,317,13989,0.8368,0.9950,0.0050,0.1632,0.9581,0.8368,0.8933,0.882308618606568,0.8317,0.8073,531,777,0,0,0,0
27,WLNM_dir_neg,0.8037,0.5778,00:00:37,10,60,2,1305530138,fixed,0.5000,0.8298,0.5521,0.6631,0.5521235521235521,0.5622271506910463,0.4954954954954955,0.81295581295581298,0.59273559273559273,0.54073033707865181,1942,1165,777,0,1942,0,1165,0,777,127,1942,0.1214,3.6558,30.5827,16.1833,17.1858,0.0551,0.8346,0.1102,127,1682,0.1051,7.0299,26.4882,13.5645,14.7544,0.0236,0.8740,0.1024,-260,-0.0162,3.3740,-4.0945,-2.6188,-2.4315,-0.0315,0.0394,-0.0079,1594,88,348,13972,0.8208,0.9937,0.0063,0.1792,0.9477,0.8208,0.8797,0.8672564398105252,0.8145,0.7852,517,777,0,0,0,0
28,WLNM_dir_neg,0.8093,0.5990,00:00:37,10,60,3,1305530139,fixed,0.5000,0.8650,0.6100,0.7155,0.61003861003861,0.6252165764004286,0.5624195624195623,0.83826683826683823,0.5883025883025883,0.60715526224383454,1942,1165,777,0,1942,0,1165,0,777,127,1942,0.1214,3.6558,30.5827,16.1833,17.1858,0.0551,0.8346,0.1102,127,1713,0.1070,1,26.9764,13.5952,15.1593,0.0079,0.8819,0.1102,-229,-0.0143,-2.6558,-3.6063,-2.5881,-2.0265,-0.0472,0.0472,0,1639,74,303,13986,0.8440,0.9947,0.0053,0.1560,0.9568,0.8440,0.8969,0.8858304303086127,0.8387,0.8130,548,777,0,0,0,0
29,WLNM_dir_neg,0.8717,0.7751,00:00:37,10,60,4,1305530140,fixed,0.5000,0.8750,0.5676,0.6885,0.5675675675675675,0.6035098490754186,0.527027027027027,0.8288288288288288,0.59459459459459463,0.57777777777777772,1942,1165,777,0,1942,0,1165,0,777,127,1942,0.1214,3.6558,30.5827,16.1833,17.1858,0.0551,0.8346,0.1102,127,1669,0.1043,4.5935,26.2835,13.5691,14.7699,0.0315,0.8583,0.1102,-273,-0.0171,0.9376,-4.2992,-2.6142,-2.4159,-0.0236,0.0236,0,1606,63,336,13997,0.8270,0.9955,0.0045,0.1730,0.9623,0.8270,0.8895,0.8787338500038131,0.8225,0.8010,504,777,0,0,0,0
30,WLNM_dir_neg,0.8849,0.6441,00:00:37,10,60,5,1305530141,fixed,0.5000,0.8696,0.6692,0.7564,0.6692406692406693,0.6682057382670413,0.6190476190476191,0.85628485628485629,0.58115258115258117,0.65687948105155347,1942,1165,777,0,1942,0,1165,0,777,127,1942,0.1214,3.6558,30.5827,16.1833,17.1858,0.0551,0.8346,0.1102,127,1763,0.1102,4.9941,27.7638,14.2177,15.3304,0.0236,0.8819,0.0945,-179,-0.0112,1.3383,-2.8189,-1.9656,-1.8554,-0.0315,0.0472,-0.0157,1685,78,257,13982,0.8677,0.9945,0.0055,0.1323,0.9558,0.8677,0.9096,0.8991172859486368,0.8621,0.8342,598,777,0,0,0,0
31,WLNM_dir_neg,0.7856,0.7564,00:00:38,10,70,1,1306447437,fixed,0.5000,0.8984,0.5918,0.7135,0.5917667238421955,0.6358198069603345,0.5583190394511148,0.84162378502001145,0.59348198970840482,0.61040787623066106,1942,1359,583,0,1942,0,1359,0,583,127,1942,0.1214,3.6558,30.5827,16.1833,17.1858,0.0551,0.8346,0.1102,127,1743,0.1089,6.8528,27.4488,14.1707,15.4248,0.0315,0.8583,0.1102,-199,-0.0124,3.1970,-3.1339,-2.0126,-1.7611,-0.0236,0.0236,0,1704,39,238,14021,0.8774,0.9972,0.0028,0.1226,0.9776,0.8774,0.9248,0.9167888475462819,0.8747,0.8602,384,583,0,0,0,0
32,WLNM_dir_neg,0.8055,0.6191,00:01:07,10,70,2,1306447438,fixed,0.5000,0.8697,0.5952,0.7067,0.5951972555746141,0.6185384449272056,0.5506003430531732,0.83533447684391082,0.59062321326472267,0.59776536312849171,1942,1359,583,0,1942,0,1359,0,583,127,1942,0.1214,3.6558,30.5827,16.1833,17.1858,0.0551,0.8346,0.1102,127,1758,0.1099,3.7164,27.6850,14.5289,15.5575,0.0472,0.8425,0.1102,-184,-0.0115,0.0606,-2.8976,-1.6544,-1.6283,-0.0079,0.0079,0,1706,52,236,14008,0.8785,0.9963,0.0037,0.1215,0.9704,0.8785,0.9222,0.9134596986525759,0.8748,0.8556,399,583,0,0,0,0
33,WLNM_dir_neg,0.8330,0.6002,00:01:06,10,70,3,1306447439,fixed,0.5000,0.8842,0.6158,0.7260,0.6157804459691252,0.6425493657123564,0.5754716981132075,0.84505431675242992,0.58928911759100433,0.62273781902552205,1942,1359,583,0,1942,0,1359,0,583,127,1942,0.1214,3.6558,30.5827,16.1833,17.1858,0.0551,0.8346,0.1102,127,1765,0.1103,1,27.7953,14.1200,15.6195,0.0157,0.8740,0.1102,-177,-0.0111,-2.6558,-2.7874,-2.0633,-1.5664,-0.0394,0.0394,0,1718,47,224,14013,0.8847,0.9967,0.0033,0.1153,0.9734,0.8847,0.9269,0.9186825076318805,0.8813,0.8638,406,583,0,0,0,0
34,WLNM_dir_neg,0.8137,0.5896,00:01:05,10,70,4,1306447440,fixed,0.5000,0.8813,0.6621,0.7561,0.6620926243567753,0.6718604825009873,0.6174957118353346,0.85763293310463118,0.58319039451114918,0.65843621399176955,1942,1359,583,0,1942,0,1359,0,583,127,1942,0.1214,3.6558,30.5827,16.1833,17.1858,0.0551,0.8346,0.1102,127,1797,0.1123,3.8526,28.2992,14.7295,15.9027,0.0394,0.8504,0.1102,-145,-0.0091,0.1968,-2.2835,-1.4538,-1.2832,-0.0157,0.0157,0,1745,52,197,14008,0.8986,0.9963,0.0037,0.1014,0.9711,0.8986,0.9334,0.925502488723951,0.8949,0.8751,438,583,0,0,0,0
35,WLNM_dir_neg,0.8314,0.6184,00:01:05,10,70,5,1306447441,fixed,0.5000,0.8935,0.6621,0.7606,0.6620926243567753,0.6805920346216839,0.6226415094339623,0.86106346483704976,0.58433390508862204,0.66574965612104542,1942,1359,583,0,1942,0,1359,0,583,127,1942,0.1214,3.6558,30.5827,16.1833,17.1858,0.0551,0.8346,0.1102,127,1791,0.1119,5.8759,28.2047,14.5610,15.8496,0.0315,0.8583,0.1102,-151,-0.0094,2.2200,-2.3780,-1.6224,-1.3363,-0.0236,0.0236,0,1745,46,197,14014,0.8986,0.9967,0.0033,0.1014,0.9743,0.8986,0.9349,0.9272977237841408,0.8953,0.8778,432,583,0,0,0,0
36,WLNM_dir_neg,0.8038,0.6337,00:00:25,10,80,1,1307364737,fixed,0.5000,0.9197,0.6478,0.7602,0.6478149100257069,0.6890187328602544,0.6195372750642674,0.86375321336760924,0.58840331333904594,0.66897987508674528,1942,1553,389,0,1942,0,1553,0,389,127,1942,0.1214,3.6558,30.5827,16.1833,17.1858,0.0551,0.8346,0.1102,127,1827,0.1142,3.6793,28.7717,15.2250,16.0263,0.0551,0.8425,0.1024,-115,-0.0072,0.0235,-1.8110,-0.9583,-1.1595,0,0.0079,-0.0079,1805,22,137,14038,0.9295,0.9984,0.0016,0.0705,0.9880,0.9295,0.9578,0.9527582142774689,0.9279,0.9190,274,389,0,0,0,0
37,WLNM_dir_neg,0.8286,0.6627,00:00:49,10,80,2,1307364738,fixed,0.5000,0.9223,0.6710,0.7768,0.6709511568123393,0.7068636618961832,0.6426735218508997,0.87146529562982,0.58583261925164243,0.68965517241379293,1942,1553,389,0,1942,0,1553,0,389,127,1942,0.1214,3.6558,30.5827,16.1833,17.1858,0.0551,0.8346,0.1102,127,1836,0.1147,3.9240,28.9134,15.0492,16.2478,0.0394,0.8504,0.1102,-106,-0.0066,0.2682,-1.6693,-1.1342,-0.9381,-0.0157,0.0157,0,1814,22,128,14038,0.9341,0.9984,0.0016,0.0659,0.9880,0.9341,0.9603,0.9554704543413868,0.9325,0.9236,283,389,0,0,0,0
38,WLNM_dir_neg,0.9253,0.6873,00:00:49,10,80,3,1307364739,fixed,0.5000,0.8952,0.7249,0.8011,0.7249357326478149,0.7247770766692274,0.6825192802056554,0.88003427592116534,0.57669237360754066,0.7165991902834008,1942,1553,389,0,1942,0,1553,0,389,127,1942,0.1214,3.6558,30.5827,16.1833,17.1858,0.0551,0.8346,0.1102,127,1868,0.1167,3.6635,29.4173,15.4380,16.5310,0.0472,0.8425,0.1102,-74,-0.0046,0.0077,-1.1654,-0.7453,-0.6549,-0.0079,0.0079,0,1835,33,107,14027,0.9449,0.9977,0.0023,0.0551,0.9823,0.9449,0.9633,0.9585240886102325,0.9426,0.9291,315,389,0,0,0,0
39,WLNM_dir_neg,0.8850,0.6559,00:00:49,10,80,4,1307364740,fixed,0.5000,0.9196,0.6761,0.7793,0.6760925449871465,0.7085687854350339,0.6465295629820051,0.87232219365895458,0.58497572122250785,0.69236063317274599,1942,1553,389,0,1942,0,1553,0,389,127,1942,0.1214,3.6558,30.5827,16.1833,17.1858,0.0551,0.8346,0.1102,127,1839,0.1149,4.3819,28.9606,15.0738,16.2743,0.0394,0.8504,0.1102,-103,-0.0064,0.7261,-1.6220,-1.1096,-0.9115,-0.0157,0.0157,0,1816,23,126,14037,0.9351,0.9984,0.0016,0.0649,0.9875,0.9351,0.9606,0.9557735387815233,0.9335,0.9242,286,389,0,0,0,0
40,WLNM_dir_neg,0.9011,0.7014,00:00:49,10,80,5,1307364741,fixed,0.5000,0.9172,0.6838,0.7835,0.6838046272493573,0.7122786367480856,0.6529562982005142,0.87403598971722363,0.58383319051699512,0.69732326698695946,1942,1553,389,0,1942,0,1553,0,389,127,1942,0.1214,3.6558,30.5827,16.1833,17.1858,0.0551,0.8346,0.1102,127,1843,0.1152,3.9029,29.0236,15.2314,16.3097,0.0472,0.8425,0.1102,-99,-0.0062,0.2471,-1.5591,-0.9519,-0.8761,-0.0079,0.0079,0,1819,24,123,14036,0.9367,0.9983,0.0017,0.0633,0.9870,0.9367,0.9612,0.9563780722926213,0.9350,0.9252,290,389,0,0,0,0
41,WLNM_dir_neg,0.8286,0.6806,00:00:27,10,90,1,1308282037,fixed,0.5000,0.9470,0.6410,0.7645,0.6410256410256411,0.7026761436063543,0.6230769230769231,0.8683760683760684,0.59145299145299146,0.67782426778242688,1942,1747,195,0,1942,0,1747,0,195,127,1942,0.1214,3.6558,30.5827,16.1833,17.1858,0.0551,0.8346,0.1102,127,1879,0.1174,4.0003,29.5906,15.4016,16.6283,0.0394,0.8504,0.1102,-63,-0.0039,0.3444,-0.9921,-0.7817,-0.5575,-0.0157,0.0157,0,1872,7,70,14053,0.9640,0.9995,0.0005,0.0360,0.9963,0.9640,0.9798,0.9772882081498566,0.9635,0.9605,132,195,0,0,0,0
42,WLNM_dir_neg,0.8312,0.7251,00:00:51,10,90,2,1308282038,fixed,0.5000,0.9191,0.6410,0.7553,0.6410256410256411,0.6838963382659065,0.6128205128205129,0.86153846153846159,0.58917378917378915,0.66296809986130389,1942,1747,195,0,1942,0,1747,0,195,127,1942,0.1214,3.6558,30.5827,16.1833,17.1858,0.0551,0.8346,0.1102,127,1883,0.1177,3.7007,29.6535,15.6917,16.6637,0.0551,0.8346,0.1102,-59,-0.0037,0.0449,-0.9291,-0.4917,-0.5221,0,0,0,1872,11,70,14049,0.9640,0.9992,0.0008,0.0360,0.9942,0.9640,0.9788,0.976099610000457,0.9632,0.9585,136,195,0,0,0,0
43,WLNM_dir_neg,0.7528,0.5337,00:00:51,10,90,3,1308282039,fixed,0.5000,0.9191,0.6410,0.7553,0.6410256410256411,0.6838963382659065,0.6128205128205129,0.86153846153846159,0.58917378917378915,0.66296809986130389,1942,1747,195,0,1942,0,1747,0,195,127,1942,0.1214,3.6558,30.5827,16.1833,17.1858,0.0551,0.8346,0.1102,127,1883,0.1177,3.6573,29.6535,15.6917,16.6637,0.0551,0.8346,0.1102,-59,-0.0037,0.0014,-0.9291,-0.4917,-0.5221,0,0,0,1872,11,70,14049,0.9640,0.9992,0.0008,0.0360,0.9942,0.9640,0.9788,0.976099610000457,0.9632,0.9585,136,195,0,0,0,0
44,WLNM_dir_neg,0.9125,0.7012,00:00:51,10,90,4,1308282040,fixed,0.5000,0.9211,0.7179,0.8069,0.717948717948718,0.7386761110158738,0.6871794871794872,0.88547008547008543,0.58005698005698003,0.72727272727272718,1942,1747,195,0,1942,0,1747,0,195,127,1942,0.1214,3.6558,30.5827,16.1833,17.1858,0.0551,0.8346,0.1102,127,1899,0.1187,3.9821,29.9055,15.6942,16.8053,0.0472,0.8425,0.1102,-43,-0.0027,0.3262,-0.6772,-0.4891,-0.3805,-0.0079,0.0079,0,1887,12,55,14048,0.9717,0.9991,0.0009,0.0283,0.9937,0.9717,0.9826,0.9802572820886614,0.9708,0.9657,152,195,0,0,0,0
45,WLNM_dir_neg,0.8102,0.6958,00:00:51,10,90,5,1308282041,fixed,0.5000,0.8824,0.6923,0.7759,0.6923076923076923,0.6931032800836721,0.6461538461538461,0.8666666666666667,0.57948717948717954,0.68292682926829273,1942,1747,195,0,1942,0,1747,0,195,127,1942,0.1214,3.6558,30.5827,16.1833,17.1858,0.0551,0.8346,0.1102,127,1900,0.1187,3.8241,29.9213,15.7025,16.8142,0.0472,0.8425,0.1102,-42,-0.0026,0.1682,-0.6614,-0.4809,-0.3717,-0.0079,0.0079,0,1882,18,60,14042,0.9691,0.9987,0.0013,0.0309,0.9905,0.9691,0.9797,0.9770041539932932,0.9678,0.9602,153,195,0,0,0,0
