Score,Label
1.29634261658573e-10,1
0.000123404708574526,1
0.770797908306122,1
0.533620655536652,1
0.00884615071117878,1
0.0028193574398756,1
0.00666419183835387,1
0.982139050960541,1
0.0233066380023956,1
0.00214688503183424,1
3.46914057445247e-05,1
7.65848938044655e-07,1
0.999997854232788,1
0.000183717129402794,1
0.0548943057656288,1
0.0019958873745054,1
1.45263072681701e-06,1
0.00143382360693067,1
0.996150970458984,1
0.0173380337655544,1
0.999763309955597,1
1.6620629139652e-06,1
0.999871492385864,1
0.0015822711866349,1
1.45654121297412e-06,1
0.99999988079071,1
0.0058000129647553,1
0.000773677951656282,1
0.0732620432972908,1
0.0201888661831617,1
0.970456898212433,1
0.000682744255755097,1
0.00884615071117878,1
0.00225534033961594,1
0.0136658623814583,1
0.00744342524558306,1
0.000773677951656282,1
0.000682744255755097,1
9.23433489674608e-08,1
0.00117984472308308,1
0.999871492385864,1
0.00094445887953043,1
0.707172095775604,1
0.981717467308044,1
0.0152781000360847,1
0.024883346632123,1
0.981717467308044,1
0.996140420436859,1
0.707172095775604,1
0.0152781000360847,1
0.707172095775604,1
0.71499490737915,1
0.067787267267704,1
0.0304872561246157,1
0.0352831482887268,1
0.0152781000360847,1
0.707172095775604,1
0.000210775513551198,1
0.0152781000360847,1
0.981717467308044,1
0.0370768643915653,1
0.999961018562317,1
0.0370768643915653,1
0.00268299831077456,1
0.024883346632123,1
0.0352831482887268,1
0.0152781000360847,1
0.0152781000360847,1
0.99999988079071,1
1,1
0.00248490390367806,1
1.37330956068854e-13,1
0.999247968196869,1
0.000715861504431814,1
0.990077495574951,1
0.99988865852356,1
0.999247968196869,1
0.990077495574951,1
0.00185404566582292,1
1,1
0.776900708675385,1
0.88306599855423,1
0.998723566532135,1
5.24373766630504e-10,1
0.00210086023434997,1
0.25259131193161,1
0.601272702217102,1
0.0028900783509016,1
0.961833834648132,1
1,1
9.55063660512678e-06,1
0.000145683137816377,1
0.979182422161102,1
0.66160649061203,1
5.89022420172114e-05,1
0.166616141796112,1
1,1
0.000263824971625581,1
0.0142444232478738,1
0.0028900783509016,1
0.998919010162354,1
0.00297179515473545,1
0.999989151954651,1
0.0028900783509016,1
2.56326729868306e-05,1
6.41355256902898e-07,1
0.999736487865448,1
1.34002087204266e-10,1
0.999970316886902,1
1.33625974285678e-06,1
0.0608828812837601,1
0.00363420625217259,1
0.0800672471523285,1
0.99311500787735,1
0.46120873093605,1
2.71573627301513e-12,1
0.0176284853368998,1
0.999996304512024,1
0.000104928294604179,1
0.124097846448421,1
0.000250145007157698,1
0.886233448982239,1
4.77709676260929e-08,1
0.416698127985001,1
5.42678353667725e-05,1
0.99999988079071,1
0.0011210439261049,1
0.000824600399937481,1
8.49654825287871e-05,1
0.0233066380023956,1
0.0201888661831617,1
1,1
0.490064561367035,1
0.0121062872931361,1
3.61935635737609e-05,1
0.0136658623814583,1
0.0233066380023956,1
0.173179015517235,1
9.08943275135243e-06,1
0.0136658623814583,1
0.701112270355225,1
0.000661083206068724,1
0.99999988079071,1
0.000619969796389341,1
2.22153157665161e-05,1
0.000108557462226599,1
0.000132468238007277,1
0.0070251883007586,1
0.0070251883007586,1
0.0070251883007586,1
0.0070251883007586,1
0.516895294189453,1
0.0138612296432257,1
0.994430840015411,1
2.53838561548037e-06,1
0.988449454307556,1
0.035754669457674,1
0.546902358531952,1
0.998365223407745,1
0.000700151780620217,1
4.42273949374794e-06,1
0.0124420989304781,1
0.915687143802643,1
0.546902358531952,1
0.681865155696869,1
3.57351927959826e-05,1
0.166906610131264,1
0.994430840015411,1
0.999662756919861,1
0.956143379211426,1
0.989013969898224,1
7.69443522585789e-06,1
0.996749401092529,1
0.999995350837708,1
0.0124420989304781,1
0.999988913536072,1
0.998631060123444,1
0.924880027770996,1
0.0124420989304781,1
0.843289911746979,1
0.998365223407745,1
0.9999840259552,1
0.0124420989304781,1
0.999557554721832,1
0.999521017074585,1
0.998299896717072,1
0.0259819030761719,1
4.71135808766121e-06,1
0.000226308533456177,1
0.999999046325684,1
0.00233912747353315,1
0.992660522460938,1
0.997392296791077,1
0.992660522460938,1
8.13651640783064e-05,1
0.999995946884155,1
0.00314560113474727,1
0.000576672260649502,1
0.000226308533456177,1
1.47604737321672e-08,1
0.000991921173408628,1
4.05925948143704e-06,1
2.82089473557789e-07,1
1.57221875269897e-05,1
0.00265294848941267,1
0.000226308533456177,1
0.00265294848941267,1
7.11561199295829e-07,1
4.77939806842187e-07,1
0.000576672260649502,1
2.93304692604579e-05,1
0.00163871655240655,1
6.4421932620462e-05,1
6.72402020427398e-05,1
0.893817245960236,1
0.0108899064362049,1
0.999935746192932,1
0.00323072914034128,1
0.999935746192932,1
0.00025215235655196,1
5.12486985826399e-06,1
0.907866835594177,1
4.63760807178915e-06,1
0.00243957620114088,1
0.99998414516449,1
0.999999403953552,1
0.000304006360238418,1
0.000934511888772249,1
3.89336491934955e-07,1
1.02219644304569e-07,1
1,1
0.297542482614517,1
0.00243957620114088,1
0.999998569488525,1
2.3177935872809e-06,1
1.47604737321672e-08,1
1.13110081656487e-05,1
4.77706234960351e-05,1
8.72179057864741e-08,1
1.08331378214643e-05,1
1.75483853581682e-06,1
2.6612909209689e-07,1
0.00274322764016688,1
1.08953841504444e-08,1
4.11534756494802e-07,1
1,1
0.970984041690826,1
0.080884225666523,1
0.0748777240514755,1
1,1
0.994525909423828,1
0.99999737739563,1
1,1
0.999885439872742,1
0.999885439872742,1
3.89097819211064e-17,1
1.52010959375559e-09,1
0.16174528002739,1
0.52930611371994,1
0.99999737739563,1
0.0264960024505854,1
1,1
0.996399402618408,1
0.99999988079071,1
0.999288260936737,1
5.54175385332201e-05,1
1.11274314415488e-12,1
0.981227517127991,1
0.00158636679407209,1
1,1
1,1
9.36411936436343e-07,1
0.0570174157619476,1
0.0264960024505854,1
0.99999988079071,1
2.21781792930642e-08,1
0.999988675117493,1
1,1
0.000430804881034419,1
0.99999988079071,1
1,1
0.999910473823547,1
0.130724340677261,1
1.53150616333118e-20,1
0.999988675117493,1
0.786810517311096,1
1.92589430514367e-10,1
1.9462671752013e-10,1
0.687986254692078,1
0.0946386381983757,1
1.14734075395972e-06,1
3.24403617923963e-06,1
0.396923214197159,1
0.678399682044983,1
2.32620867013367e-12,1
0.00885072629898787,1
1.15280562873465e-11,1
0.000956136384047568,1
0.00134765286929905,1
0.820512712001801,1
1.11671272406966e-06,1
9.71309432884482e-09,1
2.05702561104429e-13,1
6.94501466114161e-07,1
0.3551265001297,1
7.89109719789849e-07,1
3.19813642235545e-09,1
0.000901493185665458,1
1.24101916298969e-07,1
0.00152381253428757,1
0.00415024627000093,1
0.996204674243927,1
0.999845504760742,1
0.61655855178833,1
0.61655855178833,1
8.66432188217914e-08,1
1.61772383683312e-11,1
5.38844702191454e-08,1
0.770710110664368,1
1.61591809269383e-13,1
3.75249510398135e-06,1
0.00793436635285616,1
0.763909935951233,1
5.2462256137616e-15,1
1.62374693976322e-17,1
5.2462256137616e-15,1
5.2462256137616e-15,1
5.2462256137616e-15,1
0.0020686776842922,1
5.2462256137616e-15,1
5.2462256137616e-15,1
5.2462256137616e-15,1
0.00873271003365517,1
0.000203482864890248,1
5.2462256137616e-15,1
0.000866062706336379,1
5.2462256137616e-15,1
5.2462256137616e-15,1
5.2462256137616e-15,1
0.00873271003365517,1
0.0020686776842922,1
5.2462256137616e-15,1
0.0020686776842922,1
5.2462256137616e-15,1
0.00873271003365517,1
5.2462256137616e-15,1
0.0126282311975956,1
0.060545526444912,1
5.2462256137616e-15,1
5.2462256137616e-15,1
0.000402909645345062,1
3.77683719374567e-17,1
5.2462256137616e-15,1
0.00873271003365517,1
0.00873271003365517,1
5.2462256137616e-15,1
0.000402909645345062,1
5.2462256137616e-15,1
5.2462256137616e-15,1
5.2462256137616e-15,1
5.2462256137616e-15,1
0.00873271003365517,1
5.2462256137616e-15,1
2.73707499129664e-14,1
3.43051811179119e-16,1
5.2462256137616e-15,1
5.2462256137616e-15,1
5.2462256137616e-15,1
0.0020686776842922,1
5.2462256137616e-15,1
5.2462256137616e-15,1
5.2462256137616e-15,1
5.2462256137616e-15,1
0.0020686776842922,1
0.00873271003365517,1
0.00704134255647659,1
1.67151709140612e-10,1
0.316764116287231,1
0.999957323074341,1
0.000126739570987411,1
0.00374180171638727,1
0.99792468547821,1
0.50504195690155,1
5.43525771265485e-12,1
0.946557462215424,1
2.90178668365115e-05,1
0.000968348642345518,1
0.0724467560648918,1
0.0124678583815694,1
0.314340651035309,1
0.33059298992157,1
0.998363673686981,1
0.00406856089830399,1
5.40455573627696e-08,1
1.11876319319748e-09,1
0.999608218669891,1
0.723472833633423,1
0.0066796955652535,1
6.38933124719188e-06,1
3.47021268680692e-05,1
1.50768519233679e-05,1
1.57861052230146e-07,1
0.999997735023499,1
0.00904504768550396,1
2.95560994345578e-07,1
0.935687601566315,1
1.65808905876474e-05,1
0.99886167049408,1
0.00406856089830399,1
0.00259234244003892,1
8.95612320164219e-05,1
0.50504195690155,1
0.000229024924919941,1
0.898754298686981,1
0.976169586181641,1
0.998363673686981,1
0.314340651035309,1
0.000183719748747535,1
0.0588067136704922,1
0.000229024924919941,1
0.075300969183445,1
0.00109347887337208,1
5.43525771265485e-12,1
0.00430037640035152,1
0.976169586181641,1
0.000229024924919941,1
0.0272808782756329,1
1.21782659334713e-05,1
1.57861052230146e-07,1
0.553574860095978,1
0.0616794899106026,1
0.00413576699793339,1
5.2462256137616e-15,1
5.2462256137616e-15,1
9.01715582803496e-19,1
5.2462256137616e-15,1
5.2462256137616e-15,1
5.2462256137616e-15,1
2.73707499129664e-14,1
0.00873271003365517,1
0.0020686776842922,1
5.2462256137616e-15,1
5.2462256137616e-15,1
5.2462256137616e-15,1
5.2462256137616e-15,1
5.2462256137616e-15,1
5.2462256137616e-15,1
5.2462256137616e-15,1
5.2462256137616e-15,1
3.01687359751668e-05,1
7.09747541229218e-16,1
0.00873271003365517,1
5.2462256137616e-15,1
5.2462256137616e-15,1
5.2462256137616e-15,1
2.16591106436681e-05,1
0.000180435803486034,1
5.2462256137616e-15,1
5.2462256137616e-15,1
0.00873271003365517,1
0.00873271003365517,1
5.2462256137616e-15,1
5.2462256137616e-15,1
5.2462256137616e-15,1
5.2462256137616e-15,1
5.2462256137616e-15,1
5.2462256137616e-15,1
5.2462256137616e-15,1
1.33836804553961e-14,1
3.77683719374567e-17,1
0.00873271003365517,1
5.2462256137616e-15,1
5.2462256137616e-15,1
3.77683719374567e-17,1
5.2462256137616e-15,1
5.2462256137616e-15,1
5.2462256137616e-15,1
5.2462256137616e-15,1
5.2462256137616e-15,1
5.2462256137616e-15,1
5.2462256137616e-15,1
0.781450152397156,1
2.05614628612238e-06,1
2.05614628612238e-06,1
0.0200907904654741,1
0.999553501605988,1
0.0200907904654741,1
3.96209397877101e-05,1
0.689009487628937,1
1.06689976298036e-10,1
0.218283846974373,1
0.00166102929506451,1
0.689009487628937,1
6.53700044495054e-05,1
0.999971508979797,1
2.05614628612238e-06,1
0.000820989836938679,1
0.999963164329529,1
3.80250692044726e-12,1
1,1
0.999974131584167,1
3.80250692044726e-12,1
0.986526429653168,1
0.00470825610682368,1
0.999997496604919,1
0.000487010111100972,1
0.000553563761059195,1
0.512911081314087,1
5.47770379402679e-14,1
4.88746309201815e-06,1
1,1
0.99999988079071,1
0.0200907904654741,1
3.80250692044726e-12,1
5.35000680096463e-14,1
6.98331273517772e-15,1
0.0015797964297235,1
0.447801738977432,1
0.175941631197929,1
0.999994039535522,1
9.63146362664702e-08,1
0.999999284744263,1
0.293688714504242,1
1.06689976298036e-10,1
1,1
1,1
0.999804317951202,1
4.79315531709545e-10,1
0.999929547309875,1
0.999539375305176,1
1,1
2.05614628612238e-06,1
2.13063296209612e-17,1
0.000459995382698253,1
2.47899492933357e-07,1
4.46153626398882e-06,1
0.99860942363739,1
0.999997019767761,1
0.999982357025146,1
6.3706466768565e-09,1
2.07018985287633e-11,1
0.000180036397068761,1
0.000180036397068761,1
2.91910584593325e-08,1
0.011649870313704,1
0.999599993228912,1
0.170192360877991,1
3.07873584404206e-08,1
0.59002822637558,1
0.0640964433550835,1
0.999999046325684,1
0.9901442527771,1
1.48017650956484e-17,1
4.1426779541498e-12,1
0.59002822637558,1
9.74519753782488e-09,1
3.78234035451896e-05,1
0.99994432926178,1
6.56170755064522e-07,1
2.11744421108051e-07,1
0.99994432926178,1
0.59002822637558,1
0.999960780143738,1
0.00881965365260839,1
3.81120759951337e-11,1
0.678740262985229,1
1,1
0.0176982507109642,1
0.93301385641098,1
0.522035002708435,1
0.00460396613925695,1
0.887456953525543,1
0.691512227058411,1
0.000596301513724029,1
0.00108892121352255,1
0.999510526657104,1
0.994132816791534,1
0.940144002437592,1
0.0176982507109642,1
0.999778807163239,1
0.237400889396667,1
5.12521764903795e-05,1
0.277273803949356,1
0.934077143669128,1
0.934077143669128,1
0.760679244995117,1
0.934077143669128,1
0.630761504173279,1
0.752558052539825,1
0.0176982507109642,1
0.0176982507109642,1
5.08335870108567e-06,1
0.805410623550415,1
7.6223848736845e-05,1
0.989378869533539,1
0.999054253101349,1
0.99809318780899,1
0.999953150749207,1
0.553308129310608,1
0.99999988079071,1
0.809490323066711,1
0.999995946884155,1
0.342463135719299,1
0.990311741828918,1
6.01119543031103e-10,1
0.993985116481781,1
0.000160827592480928,1
1.40619122248609e-05,1
0.301621377468109,1
1.48500259911089e-06,1
0.794492661952972,1
0.999888300895691,1
4.27454726845629e-16,1
2.13757440567508e-12,1
4.64274732023192e-20,1
4.29253343406481e-18,1
4.64274732023192e-20,1
8.97508232015322e-19,1
4.64274732023192e-20,1
4.64274732023192e-20,1
4.64274732023192e-20,1
0.999553382396698,1
8.97508232015322e-19,1
4.64274732023192e-20,1
4.64274732023192e-20,1
1.50058159943865e-16,1
3.63998191915757e-19,1
4.64274732023192e-20,1
4.15374660589244e-16,1
0.999553382396698,1
4.64274732023192e-20,1
3.5218887945972e-14,1
1.83296089308968e-18,1
0.999553382396698,1
4.64274732023192e-20,1
4.39960927602281e-19,1
5.50983107608979e-14,1
4.64274732023192e-20,1
4.64274732023192e-20,1
6.01280234242756e-17,1
4.64274732023192e-20,1
5.69147617526552e-19,1
4.64274732023192e-20,1
4.64274732023192e-20,1
3.61338326068054e-16,1
4.64274732023192e-20,1
3.18952634432868e-18,1
4.64274732023192e-20,1
3.5218887945972e-14,1
0.00489009497687221,1
2.06035274459282e-05,1
0.00489009497687221,1
9.34015479288064e-05,1
0.0740501806139946,1
0.999168038368225,1
0.00489009497687221,1
0.000396283430745825,1
0.00489009497687221,1
0.983634829521179,1
9.08943911781535e-05,1
0.00207919301465154,1
0.00489009497687221,1
0.00489009497687221,1
2.06035274459282e-05,1
0.000494973210152239,1
0.0548323765397072,1
0.00012660477659665,1
0.00014714511053171,1
0.998076677322388,1
0.00012660477659665,1
0.00919508840888739,1
1,1
9.08943911781535e-05,1
0.000100111436040606,1
0.000494973210152239,1
0.998076677322388,1
0.24725253880024,1
0.00012660477659665,1
0.0740501806139946,1
0.00012660477659665,1
0.00489009497687221,1
0.00012660477659665,1
0.00177906139288098,1
0.305777162313461,1
0.0740501806139946,1
0.995007038116455,1
0.0193991102278233,1
0.00489009497687221,1
0.000481822353322059,1
0.991007149219513,1
0.998076677322388,1
0.000901493185665458,1
1.26364323449479e-08,1
2.54574805680363e-09,1
0.000110026492620818,1
0.998016834259033,1
0.986831903457642,1
0.0161195248365402,1
5.02505426592387e-13,1
1.20731283459463e-05,1
9.08047752545826e-08,1
0.973448753356934,1
4.80018425008666e-09,1
0.000143439610837959,1
0.055313166230917,1
5.99552549829241e-07,1
8.63283366925316e-06,1
0.878561198711395,1
0.0221213214099407,1
6.79750087329012e-08,1
9.7979645230506e-12,1
3.74997766172669e-09,1
7.07191429683007e-05,1
0.000560302054509521,1
4.80455628348864e-06,1
4.3475890265654e-07,1
0.0584064684808254,1
0.93409538269043,1
0.400808393955231,1
0.994525909423828,1
1.40588838348776e-08,1
0.574045300483704,1
5.73516517761163e-05,1
6.35387004876975e-06,1
8.95878019946394e-06,1
8.87033747858368e-05,1
5.54997204744723e-05,1
2.14512829188607e-06,1
3.34430683324172e-06,1
0.533103883266449,1
0.236466974020004,1
2.27125819947105e-05,1
1.20409673343147e-08,1
4.78364103884132e-09,1
0.000143439610837959,1
0.036199152469635,1
4.69372935185675e-06,1
0.000143439610837959,1
0.716444134712219,1
0.0102769266813993,1
4.53593543170427e-07,1
0.000588845286983997,1
0.036199152469635,1
0.999996662139893,1
0.00108208681922406,1
0.00992109160870314,1
0.0964221730828285,1
0.999305009841919,1
0.277273803949356,1
0.00112466153223068,1
0.988465428352356,1
0.665520131587982,1
1,1
0.665520131587982,1
0.0176982507109642,1
7.06854916643351e-05,1
0.000481072522234172,1
0.999454081058502,1
0.760679244995117,1
0.00469082128256559,1
1,1
0.997232854366302,1
0.237400889396667,1
0.922684967517853,1
0.277273803949356,1
0.000395599490730092,1
0.760679244995117,1
0.106968514621258,1
0.000484077638247982,1
0.743062436580658,1
0.899156153202057,1
0.237400889396667,1
0.277273803949356,1
0.000395599490730092,1
1.36905573526747e-05,1
0.237400889396667,1
5.54887083126232e-06,1
2.7728448912967e-05,1
0.237400889396667,1
3.57764838554431e-05,1
5.01266072205908e-07,1
1.36905573526747e-05,1
0.000141236974741332,1
2.84295964547709e-07,1
0.237400889396667,1
0.934077143669128,1
0.0176982507109642,1
0.00112466153223068,1
0.000395599490730092,1
0.000395599490730092,1
0.0904056876897812,1
0.999998092651367,1
1.82872065579431e-06,1
0.88525253534317,1
0.00963260605931282,1
0.99841046333313,1
1.36017987983905e-08,1
0.000496177119202912,1
0.237400889396667,1
3.80065159788501e-07,1
6.86283165123314e-05,1
2.68857043295156e-08,1
3.80065159788501e-07,1
0.998076677322388,1
0.983288466930389,1
0.998076677322388,1
0.999479472637177,1
0.989016890525818,1
0.999992370605469,1
0.000201515766093507,1
0.0103698102757335,1
0.0233507473021746,1
0.999985337257385,1
0.117437265813351,1
0.24725253880024,1
0.999793469905853,1
0.0103698102757335,1
0.0343405790627003,1
0.000494973210152239,1
0.972707152366638,1
0.193462565541267,1
0.0338298007845879,1
1.88537051144522e-05,1
0.668837487697601,1
7.40445557312341e-06,1
0.0179486684501171,1
0.0233507473021746,1
0.000494973210152239,1
0.000143498444231227,1
0.00919508840888739,1
0.99999988079071,1
0.999997735023499,1
0.828800559043884,1
1,1
0.0233507473021746,1
0.101537927985191,1
0.000494973210152239,1
3.01960226352094e-05,1
0.00012660477659665,1
0.0193991102278233,1
0.990208745002747,1
0.00012660477659665,1
1,1
3.01960226352094e-05,1
0.999229550361633,1
0.000201515766093507,1
0.00012660477659665,1
0.997147381305695,1
0.00362954009324312,1
0.00489009497687221,1
0.0485353246331215,1
0.0145665798336267,1
0.00489009497687221,1
0.00012660477659665,1
0.008465476334095,1
0.0702475234866142,1
0.999954462051392,1
0.00210130214691162,1
2.33261435340915e-13,1
2.33261435340915e-13,1
2.33261435340915e-13,1
2.04682547088686e-14,1
2.33261435340915e-13,1
0.00593549013137817,1
2.33261435340915e-13,1
2.33261435340915e-13,1
0.987367153167725,1
0.00593549013137817,1
2.33261435340915e-13,1
2.33261435340915e-13,1
0.859167039394379,1
2.33261435340915e-13,1
2.33261435340915e-13,1
2.33261435340915e-13,1
1.61593123864517e-12,1
2.33261435340915e-13,1
0.859167039394379,1
2.33261435340915e-13,1
0.690453946590424,1
2.33261435340915e-13,1
0.00216482765972614,1
0.000143595345434733,1
2.33261435340915e-13,1
2.33261435340915e-13,1
2.33261435340915e-13,1
2.33261435340915e-13,1
0.00593549013137817,1
2.33261435340915e-13,1
2.33261435340915e-13,1
2.33261435340915e-13,1
2.33261435340915e-13,1
2.33261435340915e-13,1
2.33261435340915e-13,1
2.33261435340915e-13,1
1.61593123864517e-12,1
2.33261435340915e-13,1
2.33261435340915e-13,1
1.61593123864517e-12,1
2.33261435340915e-13,1
0.859167039394379,1
2.33261435340915e-13,1
2.33261435340915e-13,1
2.33261435340915e-13,1
2.33261435340915e-13,1
2.33261435340915e-13,1
0.859167039394379,1
2.33261435340915e-13,1
2.33261435340915e-13,1
8.90455896907848e-19,1
8.90455896907848e-19,1
5.63369744735129e-14,1
4.00403916401425e-20,1
8.90455896907848e-19,1
8.90455896907848e-19,1
5.6171488273488e-19,1
8.90455896907848e-19,1
8.90455896907848e-19,1
6.32838456741603e-19,1
3.5839105121116e-12,1
8.90455896907848e-19,1
8.90455896907848e-19,1
5.6171488273488e-19,1
9.68258608599441e-14,1
8.90455896907848e-19,1
2.16637340977204e-18,1
8.90455896907848e-19,1
8.90455896907848e-19,1
0.00107229698915035,1
0.672838985919952,1
8.90455896907848e-19,1
8.90455896907848e-19,1
0.00199082051403821,1
5.63369744735129e-14,1
3.5839105121116e-12,1
6.32838456741603e-19,1
8.90455896907848e-19,1
8.90455896907848e-19,1
3.5839105121116e-12,1
2.09782572168774e-16,1
8.90455896907848e-19,1
8.90455896907848e-19,1
8.90455896907848e-19,1
8.90455896907848e-19,1
8.90455896907848e-19,1
8.90455896907848e-19,1
8.90455896907848e-19,1
6.32838456741603e-19,1
6.32838456741603e-19,1
3.5839105121116e-12,1
5.6171488273488e-19,1
8.90455896907848e-19,1
8.90455896907848e-19,1
8.90455896907848e-19,1
8.90455896907848e-19,1
8.90455896907848e-19,1
6.32838456741603e-19,1
8.90455896907848e-19,1
2.16637340977204e-18,1
2.16637340977204e-18,1
4.93884811055097e-18,1
4.93884811055097e-18,1
1.22690001316442e-15,1
4.93884811055097e-18,1
4.93884811055097e-18,1
4.78568574566822e-20,1
3.14973635124595e-17,1
4.93884811055097e-18,1
4.93884811055097e-18,1
4.93884811055097e-18,1
0.948330283164978,1
4.93884811055097e-18,1
4.78568574566822e-20,1
4.93884811055097e-18,1
1.07091974177465e-11,1
0.0233872272074223,1
1.31926457605513e-12,1
4.93884811055097e-18,1
0.99982738494873,1
4.93884811055097e-18,1
1.07091974177465e-11,1
4.93884811055097e-18,1
4.93884811055097e-18,1
4.93884811055097e-18,1
3.14973635124595e-17,1
4.93884811055097e-18,1
4.93884811055097e-18,1
4.35753949045382e-17,1
4.93884811055097e-18,1
4.93884811055097e-18,1
1.75294397053438e-11,1
1.07091974177465e-11,1
4.93884811055097e-18,1
4.93884811055097e-18,1
4.93884811055097e-18,1
4.93884811055097e-18,1
4.93884811055097e-18,1
4.93884811055097e-18,1
4.93884811055097e-18,1
1.07091974177465e-11,1
3.14973635124595e-17,1
4.93884811055097e-18,1
4.93884811055097e-18,1
1.07091974177465e-11,1
4.78568574566822e-20,1
4.78568574566822e-20,1
4.93884811055097e-18,1
4.93884811055097e-18,1
1.07091974177465e-11,1
0.940044760704041,1
4.93884811055097e-18,1
1.99102327913493e-14,1
1.99102327913493e-14,1
1.99102327913493e-14,1
1.99102327913493e-14,1
0.110124200582504,1
1.99102327913493e-14,1
1.99102327913493e-14,1
1.99102327913493e-14,1
1.99102327913493e-14,1
6.95592125138051e-17,1
1.75464446666892e-17,1
1.99102327913493e-14,1
0.110124200582504,1
1.99102327913493e-14,1
2.72776836925462e-13,1
0.110124200582504,1
1.99102327913493e-14,1
0.127923518419266,1
1.99102327913493e-14,1
1.99102327913493e-14,1
1.12738926538476e-13,1
1.99102327913493e-14,1
1.99102327913493e-14,1
1.99102327913493e-14,1
1.99102327913493e-14,1
1.75464446666892e-17,1
0.000118672593089286,1
0.0515524037182331,1
1.99102327913493e-14,1
1.99102327913493e-14,1
1.99102327913493e-14,1
1.99102327913493e-14,1
1.99102327913493e-14,1
1.99102327913493e-14,1
1.99102327913493e-14,1
1.99102327913493e-14,1
1.75464446666892e-17,1
1.99102327913493e-14,1
1.99102327913493e-14,1
6.95592125138051e-17,1
1.99102327913493e-14,1
1.99102327913493e-14,1
1.99102327913493e-14,1
1.99102327913493e-14,1
1.99102327913493e-14,1
1.99102327913493e-14,1
1.99102327913493e-14,1
1.99102327913493e-14,1
1.99102327913493e-14,1
6.95592125138051e-17,1
3.61725896580982e-16,1
1.47254115605495e-15,1
3.61725896580982e-16,1
3.61725896580982e-16,1
3.61725896580982e-16,1
3.61725896580982e-16,1
3.61725896580982e-16,1
3.61725896580982e-16,1
3.61725896580982e-16,1
3.61725896580982e-16,1
3.61725896580982e-16,1
3.61725896580982e-16,1
3.61725896580982e-16,1
3.61725896580982e-16,1
3.61725896580982e-16,1
3.61725896580982e-16,1
3.61725896580982e-16,1
3.61725896580982e-16,1
3.61725896580982e-16,1
0.0233066380023956,1
0.0241103135049343,1
0.00884615071117878,1
0.0241103135049343,1
0.343246012926102,1
0.0125827454030514,1
0.999912261962891,1
0.0241103135049343,1
0.00884615071117878,1
0.0125827454030514,1
0.0168878715485334,1
1,1
0.00884615071117878,1
0.00884615071117878,1
0.0241103135049343,1
0.0241103135049343,1
0.0241103135049343,1
1.07562345874612e-06,1
0.00884615071117878,1
1.62660853675334e-05,1
0.000301832857076079,1
0.00230875122360885,1
0.99937230348587,1
2.03741342374997e-06,1
5.09037863594131e-06,1
0.360483020544052,1
1.07562345874612e-06,1
0.000761273608077317,1
2.08873643714469e-05,1
0.99937230348587,1
0.986051559448242,1
0.00884615071117878,1
0.0163653250783682,1
0.0241103135049343,1
0.0241103135049343,1
0.0241103135049343,1
7.33302586013451e-05,1
4.94804226036649e-06,1
0.00884615071117878,1
5.36302604814409e-06,1
0.000761273608077317,1
0.999458491802216,1
0.72627454996109,1
1.70369091279099e-07,1
2.81252923741704e-05,1
6.23932010057615e-07,1
2.81252923741704e-05,1
1.30282145960336e-07,1
0.0640812739729881,1
5.23874454927409e-08,1
9.31407441839838e-07,1
8.90342198545113e-05,1
2.81252923741704e-05,1
1.65143592312234e-06,1
6.25767127004906e-09,1
4.25494448563768e-08,1
0.999999761581421,1
0.442550778388977,1
2.99897910324698e-12,1
1.65143592312234e-06,1
6.23932010057615e-07,1
7.6945971159148e-06,1
2.81252923741704e-05,1
2.81252923741704e-05,1
2.81252923741704e-05,1
4.23641637326e-08,1
2.93045379629042e-11,1
1.52584583856807e-10,1
5.49135320548899e-11,1
2.03165946004447e-05,1
6.23932010057615e-07,1
0.00026461627567187,1
6.9035849037391e-08,1
0.015189697034657,1
4.23641637326e-08,1
1.98508276483267e-09,1
3.4166816931247e-08,1
6.23932010057615e-07,1
3.19382729685458e-06,1
6.23932010057615e-07,1
2.7795166168687e-09,1
2.81252923741704e-05,1
2.81252923741704e-05,1
2.81252923741704e-05,1
0.000501073023770005,1
2.05702561104429e-13,1
1.14680442919735e-09,1
0.0855455100536346,1
0.997658252716064,1
0.000135802154545672,1
5.88138959756179e-07,1
1.65143592312234e-06,1
1.24531283063334e-08,1
7.89109719789849e-07,1
3.19813642235545e-09,1
1.98508276483267e-09,1
0.107582032680511,1
0.991124033927917,1
0.991124033927917,1
0.0363322235643864,1
3.14381537691588e-07,1
2.16009219400348e-08,1
7.51096784767924e-09,1
0.000580759136937559,1
6.01394134491784e-08,1
0.0772393941879272,1
1.29511974603959e-13,1
1.25443912111223e-05,1
7.18975798008614e-06,1
3.71257101505762e-06,1
0.999993443489075,1
0.000353911163983867,1
7.74154296223628e-10,1
9.11929673748091e-05,1
0.999979734420776,1
3.31615628965665e-05,1
0.337786644697189,1
0.994854032993317,1
0.937164187431335,1
2.50623202191491e-06,1
0.0605903305113316,1
0.00678817555308342,1
8.77695856615901e-05,1
0.345860481262207,1
0.052712831646204,1
8.42905956233153e-06,1
4.75362867291551e-06,1
5.17897280616353e-09,1
0.999588191509247,1
0.390003472566605,1
2.71907492788159e-06,1
0.000752038846258074,1
0.999588191509247,1
0.390003472566605,1
1.60886037825492e-09,1
0.802661538124084,1
0.963800370693207,1
7.85780684964266e-07,1
0.0886173695325851,1
2.92551021630061e-06,1
0.0646182522177696,1
1.35706434978289e-09,1
0.00781226623803377,1
0.46052560210228,1
3.79017599527742e-08,1
0.00438940804451704,1
6.23932010057615e-07,1
6.23932010057615e-07,1
4.17683487796694e-08,1
0.000476164917927235,1
1.12195891688316e-07,1
5.35433102299976e-08,1
6.49205268401154e-15,1
3.66478900559741e-07,1
2.12493503681799e-07,1
7.49250739318086e-06,1
7.84822304922272e-08,1
4.55233312095515e-05,1
0.147355541586876,1
0.56971949338913,1
3.40455744662904e-06,1
0.147355541586876,1
0.000638924306258559,1
0.00495318369939923,1
0.101984314620495,1
1.41219524962821e-09,1
0.00738575309514999,1
3.57602220901754e-06,1
0.999548375606537,1
0.0328056365251541,1
0.00720858341082931,1
2.33319426001799e-08,1
0.0329184494912624,1
3.57602220901754e-06,1
0.999548375606537,1
0.0328056365251541,1
0.00720858341082931,1
2.33319426001799e-08,1
0.0329184494912624,1
3.57602220901754e-06,1
6.85717968735844e-05,1
0.53309690952301,1
0.0328056365251541,1
0.00720858341082931,1
2.33319426001799e-08,1
0.0329184494912624,1
0.99592649936676,1
0.0170014798641205,1
4.07725019613281e-06,1
0.00884615071117878,1
0.000349831738276407,1
0.343246012926102,1
0.245675131678581,1
0.00884615071117878,1
0.245675131678581,1
0.000349831738276407,1
0.00884615071117878,1
0.0500477664172649,1
0.260094493627548,1
0.000749431434087455,1
0.00884615071117878,1
0.000300825660815462,1
0.999726951122284,1
0.999978542327881,1
0.0612199530005455,1
0.258149117231369,1
0.688229978084564,1
2.52250101766549e-05,1
0.00025215235655196,1
0.00025215235655196,1
1.87549335350923e-06,1
0.571745753288269,1
0.999629139900208,1
0.0200432445853949,1
9.74727881839499e-05,1
1.87549335350923e-06,1
0.0200432445853949,1
0.0013004377251491,1
1.87549335350923e-06,1
0.23083084821701,1
0.00170505279675126,1
0.003207603469491,1
0.961623907089233,1
0.27425143122673,1
0.00226185214705765,1
0.0956575125455856,1
0.999871373176575,1
0.284586638212204,1
0.99999988079071,1
0.983659148216248,1
0.000430909800343215,1
0.983659148216248,1
0.000912880699615926,1
0.999996185302734,1
0.999999403953552,1
5.20894827786833e-05,1
0.000239437897107564,1
0.060662530362606,1
0.997366964817047,1
0.999725878238678,1
0.000946815358474851,1
0.999986886978149,1
2.28612202590739e-06,1
0.994668543338776,1
0.989037454128265,1
0.999984860420227,1
0.999988555908203,1
0.060662530362606,1
0.999871373176575,1
9.88985266303644e-05,1
1,1
0.955297648906708,1
0.996507585048676,1
0.284586638212204,1
5.20894827786833e-05,1
0.987589418888092,1
0.99996280670166,1
0.060662530362606,1
0.996507585048676,1
0.966385424137115,1
0.998929083347321,1
0.567825675010681,1
0.999717891216278,1
0.999994277954102,1
0.000575576676055789,1
5.66557844194904e-07,1
5.05497999014892e-09,1
2.847609721357e-06,1
4.56185148323129e-07,1
6.589250256539e-10,1
5.66557844194904e-07,1
4.56185148323129e-07,1
1.08494394024383e-10,1
5.66557844194904e-07,1
0.000146577120176516,1
0.056987352669239,1
0.000418878131313249,1
0.147355541586876,1
0.000405700615374371,1
0.0433111935853958,1
0.999986171722412,1
0.0137982070446014,1
0.996919631958008,1
0.998537063598633,1
0.65446275472641,1
0.00946540385484695,1
0.00395115232095122,1
0.133016988635063,1
0.000346452899975702,1
0.0180453062057495,1
0.902749240398407,1
0.997689723968506,1
7.60729449211794e-07,1
0.000929547939449549,1
0.948130011558533,1
0.00106077978853136,1
1,1
0.133540153503418,1
0.174546793103218,1
0.996912717819214,1
0.99800580739975,1
1,1
0.00516438810154796,1
0.999999761581421,1
0.000269448850303888,1
0.999832510948181,1
1.51381573942899e-10,1
0.0588067136704922,1
0.998466730117798,1
0.553574860095978,1
4.03943062110557e-07,1
0.000261966197285801,1
0.000240015710005537,1
1,1
0.000240015710005537,1
0.999999523162842,1
0.999999761581421,1
0.000240015710005537,1
1,1
0.999999642372131,1
0.99648106098175,1
1,1
0.000240015710005537,1
0.00518355006352067,1
1.62543504995732e-14,1
1.62543504995732e-14,1
0.999997019767761,1
0.99648106098175,1
0.999999284744263,1
0.000240015710005537,1
0.99999988079071,1
0.99648106098175,1
0.999981760978699,1
6.77827500794592e-08,1
0.000240015710005537,1
0.999967336654663,1
0.000240015710005537,1
0.999993801116943,1
0.00589278619736433,1
6.33141535217874e-05,1
0.999879717826843,1
0.283113270998001,1
0.000240015710005537,1
0.103112809360027,1
3.66970998584293e-05,1
0.000240015710005537,1
0.000240015710005537,1
0.999999761581421,1
0.999967336654663,1
1,1
0.999318957328796,1
3.66970998584293e-05,1
0.99648106098175,1
1.62543504995732e-14,1
0.000240015710005537,1
0.000240015710005537,1
0.000240015710005537,1
0.999967336654663,1
1.62543504995732e-14,1
0.000240015710005537,1
0.999999165534973,1
0.99999988079071,1
0.99999988079071,1
0.352537274360657,1
0.99999988079071,1
0.923662662506104,1
0.998365223407745,1
0.995652675628662,1
4.46841704615508e-06,1
0.994430840015411,1
0.999957084655762,1
0.924880027770996,1
0.218561396002769,1
0.999990344047546,1
0.999947786331177,1
0.132968559861183,1
0.994252979755402,1
1.78511498916123e-08,1
2.54283645517717e-06,1
0.999999523162842,1
0.000385137798730284,1
0.924880027770996,1
0.988764882087708,1
0.0362553931772709,1
0.0124420989304781,1
0.999972105026245,1
0.0124420989304781,1
5.05286479892675e-05,1
0.000328464317135513,1
0.649361908435822,1
1.03643014881527e-05,1
1.72008934873347e-10,1
1.34140793761617e-06,1
0.0152781000360847,1
0.981717467308044,1
0.024883346632123,1
0.024883346632123,1
0.707172095775604,1
0.0152781000360847,1
0.981717467308044,1
0.0152781000360847,1
0.0152781000360847,1
0.0152781000360847,1
0.698065340518951,1
0.981717467308044,1
0.0152781000360847,1
0.0152781000360847,1
0.0152781000360847,1
2.0807968792013e-13,1
0.0304872561246157,1
0.0152781000360847,1
0.0152781000360847,1
0.0152781000360847,1
0.067787267267704,1
0.0152781000360847,1
0.0304872561246157,1
0.0152781000360847,1
0.0152781000360847,1
0.0152781000360847,1
0.0152781000360847,1
0.71499490737915,1
0.880584955215454,1
0.0152781000360847,1
2.0807968792013e-13,1
0.0152781000360847,1
0.024883346632123,1
0.0152781000360847,1
0.0152781000360847,1
0.0152781000360847,1
0.981717467308044,1
0.0152781000360847,1
0.981717467308044,1
0.981717467308044,1
0.999961018562317,1
0.71499490737915,1
0.0152781000360847,1
0.0152781000360847,1
0.981717467308044,1
0.981717467308044,1
0.0152781000360847,1
0.0152781000360847,1
0.997979938983917,1
0.0152781000360847,1
0.999063909053802,1
0.0152781000360847,1
0.0152781000360847,1
0.0152781000360847,1
0.0152781000360847,1
3.57602220901754e-06,1
0.999548375606537,1
0.0328056365251541,1
0.00720858341082931,1
2.33319426001799e-08,1
0.0329184494912624,1
0.000901493185665458,1
1.24101916298969e-07,1
0.307887524366379,1
3.95870229112916e-05,1
0.000144175151945092,1
0.0167275089770555,1
0.999845504760742,1
7.29817722216612e-16,1
2.92088913056432e-07,1
1.6961345522537e-13,1
1.6961345522537e-13,1
0.998187959194183,1
1.88987362001111e-13,1
2.23108926888926e-08,1
4.70762188342633e-06,1
0.528069317340851,1
3.86754777509379e-12,1
7.05270031176042e-06,1
5.72667522646952e-06,1
0.996873617172241,1
0.999984741210938,1
0.999417185783386,1
1.10692835733062e-05,1
0.00225827051326632,1
1.00188992746553e-06,1
5.68312515103475e-11,1
1.69497025126475e-06,1
0.999998688697815,1
1,1
0.383781492710114,1
3.6257108426696e-10,1
0.91267067193985,1
0.773918926715851,1
0.0102704968303442,1
7.32367552700453e-05,1
6.30828154157825e-08,1
0.00750736845657229,1
3.0524961402989e-06,1
0.0020290338434279,1
0.00116064888425171,1
9.96508388197981e-05,1
0.00108208681922406,1
1,1
0.999264895915985,1
0.943964123725891,1
0.999860644340515,1
0.00211303541436791,1
0.000175422785105184,1
0.400040924549103,1
0.00120410171803087,1
0.448395848274231,1
0.940144002437592,1
0.091032475233078,1
0.934077143669128,1
0.277273803949356,1
0.993414282798767,1
0.985701560974121,1
8.18995613371953e-05,1
0.0020290338434279,1
0.00108892121352255,1
0.00998939666897058,1
0.511587619781494,1
4.5913208168713e-07,1
0.869037508964539,1
1.24134647006002e-10,1
0.0386677719652653,1
4.9604812375037e-05,1
0.358377188444138,1
4.25795224145986e-05,1
0.300535768270493,1
0.000177721580257639,1
0.00211303541436791,1
0.448395848274231,1
0.000915521290153265,1
0.00998939666897058,1
5.1792390877381e-05,1
0.00364882871508598,1
0.00345865893177688,1
0.237400889396667,1
0.998238205909729,1
0.966188251972198,1
0.237400889396667,1
0.0104478616267443,1
1.51300573634217e-05,1
9.97342067421414e-05,1
0.00539127318188548,1
0.000306402245769277,1
0.000106875224446412,1
0.00108208681922406,1
1.34561014419887e-05,1
1,1
2.85351889033336e-05,1
0.00419371388852596,1
1,1
0.999998927116394,1
0.00314560113474727,1
5.56918575966847e-06,1
0.0290834065526724,1
0.999953031539917,1
0.998861193656921,1
0.449068427085876,1
0.999953031539917,1
0.542989432811737,1
0.879363119602203,1
0.000315872341161594,1
5.56918575966847e-06,1
7.44537331093253e-12,1
0.0435318946838379,1
0.0453956946730614,1
0.997703015804291,1
0.999935746192932,1
0.0851152166724205,1
4.07079795650134e-07,1
0.000193138039321639,1
4.55233312095515e-05,1
0.56971949338913,1
3.40455744662904e-06,1
7.84822304922272e-08,1
4.55233312095515e-05,1
0.56971949338913,1
3.40455744662904e-06,1
0.000193138039321639,1
4.55233312095515e-05,1
0.56971949338913,1
3.40455744662904e-06,1
0.999999642372131,1
4.55233312095515e-05,1
0.56971949338913,1
3.40455744662904e-06,1
0.99049323797226,1
0.475786596536636,1
0.0912168025970459,1
0.0264960024505854,1
0.0264960024505854,1
0.0912168025970459,1
0.000256641360465437,1
0.0144555130973458,1
0.862741649150848,1
0.0912168025970459,1
0.03884032741189,1
0.0144555130973458,1
0.03884032741189,1
0.862741649150848,1
0.946951746940613,1
0.0144555130973458,1
0.100510470569134,1
0.03884032741189,1
0.994405150413513,1
0.0144555130973458,1
0.946951746940613,1
0.994100391864777,1
0.994405150413513,1
1,1
0.0912168025970459,1
0.944000124931335,1
0.322386890649796,1
0.994100391864777,1
0.928437888622284,1
0.999517679214478,1
0.00265294848941267,1
0.0816091820597649,1
0.722640335559845,1
0.996902883052826,1
0.990625023841858,1
1.83621814358048e-05,1
0.00265294848941267,1
0.0531048960983753,1
0.99999988079071,1
0.189562678337097,1
1.65290589393408e-06,1
0.00314560113474727,1
0.00675311544910073,1
1.59188104476016e-07,1
0.999935746192932,1
0.00265294848941267,1
0.9689040184021,1
1.13256500091665e-15,1
0.542989432811737,1
0.0952512845396996,1
0.999985337257385,1
0.0134815871715546,1
0.000934511888772249,1
2.23562219616724e-05,1
5.04050241545428e-08,1
2.03424087885651e-06,1
0.514517724514008,1
1.49310119823554e-09,1
0.0886173695325851,1
0.976690351963043,1
0.00129877170547843,1
0.00161167106125504,1
0.999984502792358,1
9.7803916077055e-09,1
0.00288399192504585,1
6.23932010057615e-07,1
7.1885306169861e-06,1
6.23932010057615e-07,1
0.000339669466484338,1
0.940940618515015,1
2.3313127428537e-08,1
1.44151217926301e-14,1
4.2310894059483e-06,1
5.21419366017462e-11,1
4.22587327193469e-05,1
2.22350209355682e-08,1
0.000292946904664859,1
0.000418878131313249,1
0.137417152523994,1
0.000405700615374371,1
1.06141051503528e-08,1
0.855062782764435,1
7.6695803727489e-05,1
0.00545549858361483,1
0.000188252990483306,1
0.00545549858361483,1
0.855062782764435,1
0.000188252990483306,1
0.00331759313121438,1
0.0410505793988705,1
8.63242166815326e-06,1
0.855062782764435,1
1.84778031098176e-07,1
0.00469147646799684,1
0.893817245960236,1
0.999935746192932,1
0.999935746192932,1
4.07079795650134e-07,1
0.999999761581421,1
0.999977588653564,1
0.995620787143707,1
0.999999761581421,1
0.998700737953186,1
0.999999761581421,1
0.900257527828217,1
0.990562558174133,1
0.0152629427611828,1
0.00114079436752945,1
0.995864391326904,1
0.000105395396531094,1
2.69319647010094e-18,1
1.47254115605495e-15,1
2.08980866601505e-14,1
3.61725896580982e-16,1
2.69319647010094e-18,1
2.69319647010094e-18,1
0.999996662139893,1
0.0420968607068062,1
0.999996662139893,1
0.99972528219223,1
0.0163809601217508,0
0.000134411806357093,0
3.19129805914642e-10,0
0.000443071447080001,0
8.95040430659577e-10,0
5.91846927022743e-08,0
2.03444847102219e-06,0
9.42967304240483e-09,0
0.000534538994543254,0
2.47115002072196e-12,0
0.000358478486305103,0
2.5961239202843e-07,0
5.2462256137616e-15,0
0.683511912822723,0
3.0196368243196e-05,0
0.00284706545062363,0
0.999169945716858,0
6.77617947530962e-07,0
8.89528359825087e-13,0
8.13819671374727e-12,0
8.39754446535501e-11,0
8.46872405535493e-10,0
0.0912168025970459,0
1.32217086129365e-13,0
2.35963602790434e-06,0
0.999810993671417,0
3.4166816931247e-08,0
5.2462256137616e-15,0
5.30837880319268e-08,0
2.28167004934221e-06,0
2.69319647010094e-18,0
4.58992653875612e-05,0
2.28984713135372e-12,0
6.73593732875011e-12,0
0.522035002708435,0
0.337786644697189,0
9.24101257737675e-08,0
2.93045379629042e-11,0
5.04524155786612e-09,0
0.00207888637669384,0
0.000556967803277075,0
0.0250921566039324,0
0.0135016925632954,0
4.32031797004129e-08,0
0.00416993582621217,0
2.57446044997778e-05,0
0.999995350837708,0
2.23108926888926e-08,0
5.51822950001224e-07,0
0.00284706545062363,0
3.0196368243196e-05,0
1.02317656571708e-13,0
4.22653769760473e-08,0
5.41336048627272e-05,0
2.56594967495971e-09,0
9.42967304240483e-09,0
5.27218503520999e-07,0
1.21565672088764e-05,0
5.58015699619885e-12,0
0.98097288608551,0
0.247283577919006,0
1.22722609852133e-10,0
0.831125736236572,0
0.366657882928848,0
2.92597150064466e-07,0
0.000184888383955695,0
0.999521017074585,0
1.01918431028025e-06,0
2.0363883309108e-15,0
0.0912168025970459,0
8.34074762678938e-06,0
1.25432135789083e-08,0
1.63112717777025e-11,0
9.67102309346046e-08,0
0.000418878131313249,0
0.00406856089830399,0
0.707172095775604,0
6.06451208695624e-11,0
1.02941858131089e-05,0
6.9035849037391e-08,0
0.999992728233337,0
5.2462256137616e-15,0
0.000104234401078429,0
0.00108208681922406,0
0.000240015710005537,0
0.0615251995623112,0
5.56183294975199e-07,0
2.33261435340915e-13,0
1.18427565930918e-13,0
0.999262988567352,0
2.19394623995894e-11,0
4.64274732023192e-20,0
3.85233072108804e-08,0
0.997526228427887,0
2.81252923741704e-05,0
5.2462256137616e-15,0
0.000783312309067696,0
4.77709676260929e-08,0
7.71189734223299e-05,0
0.337786644697189,0
1.52743737658056e-08,0
4.83905241708271e-05,0
0.998177051544189,0
0.0144555130973458,0
0.000813227146863937,0
1.54843601194443e-05,0
1.18216439659591e-05,0
6.23932010057615e-07,0
5.2462256137616e-15,0
3.68851749144028e-09,0
1.0768751053547e-05,0
1.14662867010474e-14,0
1.66827064163044e-07,0
3.02108901450993e-07,0
0.0354466810822487,0
0.000256641360465437,0
1.78706832230091e-05,0
2.6537129542703e-06,0
0.0856673941016197,0
1.3784461572186e-08,0
9.29556343010063e-09,0
4.40033653958949e-09,0
1.84969863425977e-07,0
0.338596373796463,0
0.000344000436598435,0
5.09829405359596e-08,0
2.92597150064466e-07,0
2.96116672870994e-06,0
0.687986254692078,0
0.00202917377464473,0
2.33261435340915e-13,0
2.97438562668617e-09,0
2.08873643714469e-05,0
0.0145003087818623,0
1.99102327913493e-14,0
4.93884811055097e-18,0
0.00121850671712309,0
0.147355541586876,0
2.0363883309108e-15,0
5.45489520220599e-09,0
1.12792058359901e-07,0
5.73516517761163e-05,0
0.000556967803277075,0
0.000556967803277075,0
8.8032373057878e-11,0
1.12131813979465e-13,0
0.0276359412819147,0
3.14642843030066e-13,0
0.991744220256805,0
0.999922275543213,0
2.53861198729055e-08,0
5.67031975151622e-06,0
0.960436284542084,0
4.07376001021476e-06,0
0.277273803949356,0
3.45340401240735e-12,0
0.00884615071117878,0
1,0
0.999790012836456,0
0.469117522239685,0
0.981717467308044,0
0.00181753060314804,0
5.34294804310775e-06,0
8.82351969266892e-09,0
8.60722734405406e-13,0
3.57764838554431e-05,0
0.400808393955231,0
0.983659148216248,0
0.0661592558026314,0
8.34074762678938e-06,0
2.28984713135372e-12,0
1.18768005413078e-13,0
5.55623637410463e-06,0
0.00735787395387888,0
8.89528359825087e-13,0
7.0015788722344e-09,0
9.67102309346046e-08,0
0.999935746192932,0
1.76255863237884e-08,0
5.44547695824349e-09,0
1.17178131347345e-12,0
5.21222787153164e-10,0
5.28888088879853e-09,0
0.449345260858536,0
8.35650044170647e-14,0
3.95832830690779e-06,0
5.2462256137616e-15,0
1.46245981226837e-14,0
1.91289086615143e-06,0
0.718664169311523,0
0.343246012926102,0
1.18864163303756e-12,0
2.81252923741704e-05,0
1.01918431028025e-06,0
8.87033747858368e-05,0
1.85369248839606e-08,0
0.277273803949356,0
1.02317656571708e-13,0
0.000479181879200041,0
0.0405391417443752,0
2.59108082900639e-06,0
1,0
3.99698910769075e-05,0
4.20151587132711e-12,0
3.5060492109551e-07,0
2.28984713135372e-12,0
2.64480206624285e-07,0
0.000573914148844779,0
0.00675311544910073,0
1.74254822127295e-07,0
0.0233066380023956,0
0.000382142519811168,0
0.147355541586876,0
0.000541760353371501,0
1.94923799767821e-07,0
0.000319825601764023,0
2.90492124577213e-07,0
6.25767127004906e-09,0
8.47554565552855e-06,0
0.000594519311562181,0
6.18836202193052e-05,0
2.03165946004447e-05,0
2.6820861975807e-08,0
9.70413172041162e-09,0
3.9446188537795e-08,0
0.400808393955231,0
0.999935746192932,0
0.99657529592514,0
1.50574841484286e-08,0
1.22773153634625e-05,0
1.16303626451764e-10,0
0.00735787395387888,0
9.41692633205093e-06,0
0.028921939432621,0
1.01214488179568e-11,0
0.000789476209320128,0
0.990967690944672,0
0.107782982289791,0
6.73324620947824e-07,0
1.16067888633609e-09,0
0.798832297325134,0
0.987608551979065,0
6.9035849037391e-08,0
0.754468083381653,0
5.33049569639843e-05,0
6.19598722551018e-07,0
1.18216439659591e-05,0
3.95979714085115e-06,0
0.9998779296875,0
0.0124420989304781,0
2.37577241001896e-14,0
0.147355541586876,0
9.09473830881108e-13,0
1.98508276483267e-09,0
0.00220558396540582,0
5.2462256137616e-15,0
2.96058740902806e-16,0
2.05844347643536e-12,0
0.989090025424957,0
0.0893674790859222,0
0.99997878074646,0
4.98711419383291e-11,0
0.981632351875305,0
3.74859268958971e-07,0
5.9699276633296e-09,0
1.98508276483267e-09,0
0.00013931529247202,0
0.990967690944672,0
0.238898873329163,0
0.137417152523994,0
1.06141051503528e-08,0
2.33261435340915e-13,0
1.09203334375252e-07,0
5.2462256137616e-15,0
0.000332672760123387,0
2.20177618359685e-08,0
0.147355541586876,0
2.96058740902806e-16,0
0.00249000824987888,0
1.70283911415936e-08,0
7.29817722216612e-16,0
1.99637977260636e-08,0
0.000344000436598435,0
0.986604630947113,0
0.237400889396667,0
8.6158351564336e-09,0
0.002331756753847,0
4.36794422853382e-08,0
2.79161668004235e-07,0
2.67259883912629e-06,0
8.66916309405497e-07,0
2.76195737569651e-06,0
0.000157290109200403,0
1.3455638825377e-09,0
3.39341816868455e-08,0
0.000445464247604832,0
1.0118771569978e-05,0
0.98859578371048,0
0.0145003087818623,0
0.999935746192932,0
2.93045379629042e-11,0
5.33707655847593e-09,0
3.78968093173171e-06,0
0.00345383863896132,0
0.207840263843536,0
3.61725896580982e-16,0
0.0124420989304781,0
0.00050730665680021,0
0.0591752529144287,0
7.62891616545858e-08,0
0.000693877460435033,0
3.11787706763766e-10,0
0.00803461298346519,0
0.002331756753847,0
0.994297444820404,0
0.00143475108779967,0
0.00176509551238269,0
1.65486017067451e-06,0
2.81252923741704e-05,0
0.277273803949356,0
0.751022577285767,0
4.83905241708271e-05,0
1.81110415553576e-08,0
3.34711258709319e-10,0
2.28984713135372e-12,0
0.147355541586876,0
2.88142746285303e-05,0
0.000813227146863937,0
5.30837880319268e-08,0
0.162337198853493,0
3.61725896580982e-16,0
3.0196368243196e-05,0
0.996976137161255,0
0.0286256466060877,0
2.35664574574912e-05,0
0.000823990092612803,0
1.18216439659591e-05,0
3.1475046569085e-08,0
4.89756130264141e-05,0
0.0144555130973458,0
4.93884811055097e-18,0
8.95878019946394e-06,0
3.75118943338748e-05,0
1.37677716338658e-06,0
1.65921093753241e-07,0
1.74272081494564e-05,0
0.000573914148844779,0
2.24226724299115e-07,0
2.92279267455342e-09,0
9.02511572420384e-13,0
9.17527387400696e-08,0
0.0102835530415177,0
2.05806304620637e-06,0
4.59701681165825e-08,0
2.59108082900639e-06,0
9.72699217527406e-06,0
0.147355541586876,0
3.36621377473867e-12,0
5.23874454927409e-08,0
7.0058558776509e-07,0
1.00717616078327e-05,0
0.000479181879200041,0
0.00143475108779967,0
6.3706466768565e-09,0
0.0124420989304781,0
9.87138842889479e-11,0
2.81252923741704e-05,0
1.066939876182e-05,0
0.000874008692335337,0
2.73094087788195e-06,0
1.18216439659591e-05,0
0.647138714790344,0
0.000240015710005537,0
2.28435426130602e-09,0
0.247283577919006,0
3.61725896580982e-16,0
5.83176461077528e-06,0
2.7247876177583e-10,0
0.0253492817282677,0
5.07405104599457e-08,0
3.30568461492931e-09,0
1.35706434978289e-09,0
9.41669668463874e-07,0
7.22863218935443e-12,0
0.00822328589856625,0
0.994297444820404,0
4.07081330422443e-07,0
5.10969221068081e-06,0
3.75118943338748e-05,0
0.0063852583989501,0
0.00803461298346519,0
0.000874008692335337,0
0.944049954414368,0
0.00274322764016688,0
0.237400889396667,0
2.78113034823946e-08,0
0.000789476209320128,0
8.13651640783064e-05,0
0.999992847442627,0
0.00274322764016688,0
0.00884615071117878,0
0.147355541586876,0
8.87033747858368e-05,0
8.90455896907848e-19,0
1.86391218903736e-06,0
0.00243957620114088,0
0.999957919120789,0
4.46408790821806e-07,0
0.00143475108779967,0
7.43184513929407e-10,0
5.59847921977052e-06,0
4.96952129512389e-14,0
0.000252552243182436,0
1.65486017067451e-06,0
0.0328056365251541,0
2.5866390842566e-06,0
0.984748303890228,0
4.07376001021476e-06,0
2.5866390842566e-06,0
1.62048210950155e-14,0
5.18066857236656e-18,0
0.00884615071117878,0
0.000715861504431814,0
7.85456533147766e-10,0
1.21453336277e-09,0
1.22773153634625e-05,0
0.00884615071117878,0
3.22075366376851e-10,0
0.986955106258392,0
0.247283577919006,0
2.60769739135469e-11,0
4.10608924639178e-09,0
2.81315664096837e-08,0
4.64274732023192e-20,0
2.09884648723346e-12,0
1.46403337453194e-07,0
1.6781121303211e-05,0
7.57417684127404e-10,0
0.147355541586876,0
0.00884615071117878,0
5.45318044192777e-12,0
1.62911405254818e-07,0
8.9836237293639e-07,0
9.77394236656437e-08,0
0.000556967803277075,0
1.85369248839606e-08,0
0.000171247433172539,0
8.23579114239692e-07,0
0.000673772301524878,0
3.02108901450993e-07,0
0.119849070906639,0
3.71028431800369e-06,0
1.12133893708233e-05,0
0.999935746192932,0
1.49310119823554e-09,0
0.0405391417443752,0
0.712423264980316,0
4.56099186196823e-11,0
0.999996542930603,0
0.002331756753847,0
5.90352744467282e-09,0
2.09884648723346e-12,0
2.79161668004235e-07,0
5.30837880319268e-08,0
0.265345335006714,0
3.52355561394901e-10,0
1.74254822127295e-07,0
2.67259883912629e-06,0
1.78659550261612e-13,0
5.23669496033108e-06,0
1.15556852281484e-11,0
2.27628182969397e-09,0
1.82207005559876e-12,0
0.00735787395387888,0
1.91289086615143e-06,0
0.994297444820404,0
5.73516517761163e-05,0
2.67259883912629e-06,0
3.61725896580982e-16,0
1.50916265595491e-10,0
1.04042676696281e-07,0
0.000344000436598435,0
1.15821530144444e-09,0
2.03881882043788e-06,0
3.07685432687776e-10,0
7.79368534153946e-08,0
0.00112063786946237,0
6.92845000122011e-12,0
1.68061049521384e-08,0
0.000591648335102946,0
5.19898821949027e-05,0
0.237400889396667,0
3.58149021550958e-09,0
0.147355541586876,0
1.49310119823554e-09,0
6.59530763336136e-11,0
2.5961239202843e-07,0
1.85607760272433e-07,0
3.67630891560111e-05,0
0.000789476209320128,0
1.74506027406096e-08,0
0.000991921173408628,0
0.000534538994543254,0
5.02958075188076e-09,0
0.000973323942162097,0
1.81061277082506e-09,0
7.37837399356067e-05,0
6.23932010057615e-07,0
0.00012660477659665,0
4.07193169849052e-07,0
0.0163653250783682,0
0.967311203479767,0
4.80535472524579e-11,0
0.00249000824987888,0
0.0145003087818623,0
0.0135016925632954,0
0.000733701512217522,0
3.30568461492931e-09,0
1.65921093753241e-07,0
0.0102835530415177,0
0.000521375506650656,0
4.67661338916514e-05,0
0.872675836086273,0
7.6945971159148e-06,0
1.88938795164795e-12,0
4.93884811055097e-18,0
0.0144555130973458,0
0.312709599733353,0
4.81869878240915e-19,0
1.02941858131089e-05,0
0.000940900878049433,0
2.4131983082043e-05,0
0.98914110660553,0
2.92597150064466e-07,0
0.000789476209320128,0
8.90342198545113e-05,0
0.999999046325684,0
1.45594685818651e-06,0
2.32047099757438e-07,0
1.34522448735908e-10,0
4.37629799066031e-09,0
8.90455896907848e-19,0
0.00143475108779967,0
6.46399322956626e-11,0
0.999997496604919,0
2.32047099757438e-07,0
2.92551021630061e-06,0
1.78706832230091e-05,0
4.39960927602281e-19,0
3.34430683324172e-06,0
1.66254665145971e-07,0
0.11862388253212,0
0.872675836086273,0
0.469117522239685,0
8.23579114239692e-07,0
1.11948786241101e-07,0
0.00686868466436863,0
0.00185340875759721,0
1.62911405254818e-07,0
2.32620867013367e-12,0
1.8332428908252e-08,0
0.00489009497687221,0
0.000139671101351269,0
0.0165723767131567,0
0.000252552243182436,0
0.000907014997210354,0
0.343246012926102,0
0.00183577439747751,0
1.59988885570783e-05,0
0.567229270935059,0
1.62374693976322e-17,0
3.02791850117501e-05,0
0.00249000824987888,0
0.00282751978375018,0
4.90813882592089e-11,0
3.43328849794489e-07,0
3.3945006527869e-11,0
3.1475046569085e-08,0
9.60933220994775e-07,0
0.00243957620114088,0
3.08877576293831e-12,0
5.30837880319268e-08,0
0.00370245147496462,0
0.000874008692335337,0
0.989200353622437,0
0.000789476209320128,0
0.00101764837745577,0
1.39948070909668e-08,0
0.002331756753847,0
0.0152781000360847,0
1.89470174518647e-05,0
0.091472215950489,0
0.00185404566582292,0
1.32217086129365e-13,0
0.981717467308044,0
1.45858984978986e-05,0
0.0176982507109642,0
0.000556967803277075,0
1.3784461572186e-08,0
0.0584064684808254,0
0.00675311544910073,0
6.01347096562677e-08,0
2.14495662476111e-06,0
0.00108208681922406,0
9.20343779853283e-07,0
4.64274732023192e-20,0
4.93884811055097e-18,0
0.0168878715485334,0
1.6781121303211e-05,0
1.41052404131758e-12,0
2.0363883309108e-15,0
0.0508763119578362,0
0.999942779541016,0
8.8489381596446e-05,0
0.000184888383955695,0
6.73593732875011e-12,0
0.000232292484724894,0
0.00106057780794799,0
0.000182098141522147,0
0.000252552243182436,0
3.61725896580982e-16,0
2.66404238079276e-12,0
0.00266518676653504,0
0.332963764667511,0
5.90852795440913e-17,0
5.73516517761163e-05,0
2.74447522485843e-08,0
2.26349766307976e-05,0
0.00101764837745577,0
8.87033747858368e-05,0
1.66827064163044e-07,0
5.01763861393556e-06,0
1.65486017067451e-06,0
3.79623941171303e-07,0
0.0461440235376358,0
0.986329734325409,0
4.45775958723971e-06,0
0.00323837273754179,0
0.692013263702393,0
8.93828761006077e-11,0
8.90342198545113e-05,0
4.9613536390325e-08,0
4.88022564582025e-08,0
0.994525909423828,0
5.20737849001307e-05,0
0.000813227146863937,0
1.01918431028025e-06,0
0.00884615071117878,0
0.999987244606018,0
0.0124420989304781,0
1.4659041758236e-09,0
0.00013931529247202,0
2.05317178370024e-06,0
3.78030705405763e-07,0
0.00884615071117878,0
3.13582111666211e-11,0
9.29556343010063e-09,0
0.988454520702362,0
1.12195891688316e-07,0
5.58015699619885e-12,0
0.00822328589856625,0
0.0816091820597649,0
0.00322763016447425,0
3.68851749144028e-09,0
0.0144555130973458,0
0.00265294848941267,0
1.74582245361654e-12,0
5.73516517761163e-05,0
2.93045379629042e-11,0
2.81038392557775e-08,0
0.000681174045894295,0
0.00884615071117878,0
6.06451208695624e-11,0
6.30982966550555e-17,0
1.02242614374859e-08,0
0.99999988079071,0
0.00207888637669384,0
0.00323837273754179,0
0.983676016330719,0
1.97041322280711e-06,0
6.73593732875011e-12,0
0.000256641360465437,0
5.52776145923417e-05,0
0.924880027770996,0
0.0591752529144287,0
8.90455896907848e-19,0
4.40033653958949e-09,0
0.237400889396667,0
0.688229978084564,0
7.57417684127404e-10,0
0.999989748001099,0
5.2462256137616e-15,0
6.47168540979237e-09,0
1.78706832230091e-05,0
2.35846044915888e-08,0
5.74907197403718e-08,0
0.999996304512024,0
9.17516551623976e-09,0
0.0591752529144287,0
1.98966063180706e-06,0
0.000284137611743063,0
1.96025279342038e-10,0
8.23579114239692e-07,0
6.18836202193052e-05,0
4.31795124313794e-05,0
8.34074762678938e-06,0
1.12195891688316e-07,0
0.258149117231369,0
0.883610010147095,0
0.999694466590881,0
0.00330445053987205,0
7.6945971159148e-06,0
7.6945971159148e-06,0
0.856565654277802,0
2.28984713135372e-12,0
6.57464038766875e-09,0
3.16349684226225e-07,0
2.33261435340915e-13,0
2.03165946004447e-05,0
6.9035849037391e-08,0
6.23932010057615e-07,0
4.31795124313794e-05,0
0.883610010147095,0
0.997172832489014,0
1.81061277082506e-09,0
6.29415353614604e-07,0
0.00249000824987888,0
0.00106254313141108,0
0.237400889396667,0
5.89433766435832e-05,0
4.31795124313794e-05,0
3.61725896580982e-16,0
3.26278204454411e-09,0
0.00143475108779967,0
5.58015699619885e-12,0
9.72699217527406e-06,0
0.147355541586876,0
0.00207888637669384,0
1,0
6.61026788293384e-05,0
4.24476143123798e-09,0
8.22596213367888e-09,0
2.33261435340915e-13,0
0.000534538994543254,0
1.47604737321672e-08,0
2.76920992803298e-08,0
2.92597150064466e-07,0
7.71189734223299e-05,0
3.02791850117501e-05,0
2.91656504503024e-10,0
3.8166231243128e-13,0
0.00735787395387888,0
3.52355561394901e-10,0
0.0352831482887268,0
0.0152781000360847,0
5.92521400054422e-15,0
1.54469937275331e-12,0
1,0
0.000176210538484156,0
2.23108926888926e-08,0
2.74318789905692e-08,0
9.97085791709651e-09,0
1.63063645919337e-10,0
0.00143475108779967,0
8.90455896907848e-19,0
0.000733701512217522,0
0.99311500787735,0
0.170083522796631,0
3.92256260965951e-05,0
2.29707467269691e-07,0
0.00314560113474727,0
0.692013263702393,0
3.02791850117501e-05,0
0.989200353622437,0
0.000459739356301725,0
0.00207888637669384,0
4.19754142555462e-09,0
2.15399654734938e-06,0
0.000493760977406055,0
5.2462256137616e-15,0
1.11167937575374e-05,0
1.70283911415936e-08,0
0.00249000824987888,0
5.41423560207477e-06,0
2.78929892374435e-05,0
2.92597150064466e-07,0
2.33261435340915e-13,0
8.90455896907848e-19,0
9.62943090598856e-07,0
1.24101916298969e-07,0
3.04980503074148e-08,0
0.000464820128399879,0
0.515217781066895,0
1.01214488179568e-11,0
0.388080984354019,0
8.12794009874551e-09,0
2.67259883912629e-06,0
8.53241414154604e-13,0
0.277273803949356,0
6.08700023718711e-09,0
5.30837880319268e-08,0
1.65847213740022e-09,0
0.000874008692335337,0
1.39948070909668e-08,0
0.343246012926102,0
0.000789476209320128,0
5.66302915672168e-08,0
0.973984599113464,0
0.0124420989304781,0
0.974556148052216,0
2.76920992803298e-08,0
3.46700973485881e-10,0
4.61258184425439e-11,0
4.35450524108923e-14,0
8.87033747858368e-05,0
4.31795124313794e-05,0
0.036199152469635,0
0.883610010147095,0
0.994572699069977,0
0.000534538994543254,0
0.00249000824987888,0
0.00143475108779967,0
8.90455896907848e-19,0
1.01918431028025e-06,0
1.95781685761176e-05,0
3.3723435990396e-06,0
1.18864163303756e-12,0
2.03881882043788e-06,0
0.00678817555308342,0
6.14290476125268e-12,0
1,0
0.00416993582621217,0
3.14644843513179e-08,0
8.34074762678938e-06,0
0.000188160367542878,0
0.678399682044983,0
4.92655744892545e-05,0
0.00025215235655196,0
0.9948850274086,0
0.801650404930115,0
0.0125827454030514,0
0.277273803949356,0
6.51100146020767e-11,0
0.166906610131264,0
3.30435243783064e-14,0
3.66478900559741e-07,0
0.237400889396667,0
1.37838128466683e-06,0
0.719609975814819,0
6.14290476125268e-12,0
0.687986254692078,0
2.26349766307976e-05,0
0.400808393955231,0
0.999996066093445,0
1.2757154443932e-08,0
1.96409349288024e-13,0
1.04763886368126e-12,0
0.000591007992625237,0
0.237400889396667,0
1.87118384928908e-05,0
1.81061277082506e-09,0
0.130724340677261,0
9.45896044868277e-06,0
5.23874454927409e-08,0
0.00237547582946718,0
5.81381698339101e-07,0
0.00827489979565144,0
2.97438562668617e-09,0
0.0405391417443752,0
0.997790575027466,0
4.73119580419734e-05,0
0.66797947883606,0
1.01214488179568e-11,0
0.048530999571085,0
2.81252923741704e-05,0
5.24288134329254e-06,0
2.54004543093211e-12,0
5.30837880319268e-08,0
6.63347527734004e-05,0
8.95835050584992e-09,0
0.986604630947113,0
8.35437219848245e-07,0
2.20718243681972e-09,0
5.12253217274661e-13,0
8.66282656719619e-10,0
1.98508276483267e-09,0
2.21600481020712e-11,0
2.04142052098177e-05,0
0.441068917512894,0
5.55537352231461e-11,0
4.94587584398687e-05,0
9.72699217527406e-06,0
2.08543556196332e-15,0
0.181484133005142,0
0.00881696585565805,0
9.72699217527406e-06,0
8.86270079547558e-09,0
8.52656185656997e-08,0
8.87033747858368e-05,0
0.00489009497687221,0
4.93884811055097e-18,0
3.48975436281762e-06,0
4.89756130264141e-05,0
1.06141051503528e-08,0
0.147355541586876,0
1.53159290805505e-10,0
3.61725896580982e-16,0
2.33261435340915e-13,0
2.92597150064466e-07,0
0.995488703250885,0
0.104201331734657,0
0.947113931179047,0
3.61725896580982e-16,0
2.54681879141572e-07,0
1.61779086221142e-12,0
0.0912168025970459,0
4.0005247514208e-14,0
0.147355541586876,0
2.6537129542703e-06,0
5.38844702191454e-08,0
1.0118771569978e-05,0
1.8638752408151e-07,0
2.83305780612864e-05,0
2.03881882043788e-06,0
0.000874008692335337,0
0.546902358531952,0
0.000405700615374371,0
8.87033747858368e-05,0
2.33261435340915e-13,0
1.35706434978289e-09,0
0.00108208681922406,0
0.448395848274231,0
8.87033747858368e-05,0
0.00217289547435939,0
0.00108208681922406,0
0.113953046500683,0
0.961623907089233,0
6.14049931755289e-05,0
1.57185836315891e-16,0
0.284586638212204,0
0.914381802082062,0
0.297332614660263,0
2.54904719554361e-09,0
1.17870331450831e-06,0
1.96259092311024e-10,0
0.000434765359386802,0
4.47686517190959e-07,0
0.247283577919006,0
1.81110415553576e-08,0
2.33261435340915e-13,0
2.33261435340915e-13,0
0.99987781047821,0
0.0912168025970459,0
5.51822950001224e-07,0
2.62112807831727e-05,0
2.81252923741704e-05,0
7.14164270902984e-05,0
0.999622583389282,0
5.59501932002604e-05,0
1.6793544332927e-08,0
0.000206644399440847,0
0.147355541586876,0
0.000252552243182436,0
0.989200353622437,0
9.62943090598856e-07,0
0.000124266691273078,0
6.38360075910782e-09,0
0.00274322764016688,0
5.02695475006476e-05,0
1.12792058359901e-07,0
2.47459198314884e-13,0
0.237400889396667,0
1.6794177160051e-09,0
6.59530763336136e-11,0
1.97041322280711e-06,0
0.00225534033961594,0
7.9050259955693e-06,0
2.32805099642519e-08,0
6.30982966550555e-17,0
6.14290476125268e-12,0
4.17461611069633e-14,0
0.99737012386322,0
0.0152781000360847,0
0.0073699438944459,0
1.81737433990747e-08,0
0.0144555130973458,0
2.11022976870368e-09,0
3.73703142031445e-06,0
1.27412490280587e-12,0
8.23579114239692e-07,0
0.000240015710005537,0
0.0200907904654741,0
0.000789476209320128,0
6.41739143247833e-06,0
9.41692633205093e-06,0
8.65083490952934e-11,0
6.9035849037391e-08,0
4.93884811055097e-18,0
9.62943090598856e-07,0
3.48967951140366e-05,0
8.87033747858368e-05,0
0.997700273990631,0
5.65490904970434e-13,0
4.64274732023192e-20,0
0.9689040184021,0
7.68339602011392e-13,0
0.000534538994543254,0
1.46245981226837e-14,0
1.03897086489724e-08,0
2.97438562668617e-09,0
3.93540904042311e-06,0
5.28888088879853e-09,0
0.00323837273754179,0
0.000422510667704046,0
3.84126269636909e-06,0
0.0200907904654741,0
1.99102327913493e-14,0
0.999935746192932,0
0.0155529035255313,0
9.62943090598856e-07,0
0.999448955059052,0
0.999994397163391,0
2.76514765573665e-05,0
0.343246012926102,0
0.000103507190942764,0
0.998365223407745,0
1.33591913573095e-11,0
3.59571150632121e-10,0
0.00489009497687221,0
1,0
1.69317544873593e-07,0
9.31407441839838e-07,0
4.93884811055097e-18,0
9.67102309346046e-08,0
2.58347114368007e-07,0
3.57569042535033e-05,0
3.52170559381193e-07,0
1.37838128466683e-06,0
1.1636208228083e-06,0
0.000192117571714334,0
1.01364179272423e-08,0
4.93884811055097e-18,0
8.90455896907848e-19,0
0.00133845419622958,0
0.643829464912415,0
6.30982966550555e-17,0
3.79857256760374e-11,0
6.28302871064079e-07,0
2.97438562668617e-09,0
6.90889034871134e-09,0
7.13158442522399e-05,0
0.00187949859537184,0
0.00884615071117878,0
7.21661286284814e-10,0
0.999135911464691,0
0.00108208681922406,0
0.23792465031147,0
1,0
0.000693877460435033,0
1.85607760272433e-07,0
0.0152781000360847,0
0.000733701512217522,0
2.04622910675244e-17,0
5.349469311966e-09,0
0.000240015710005537,0
3.87724230677122e-06,0
6.11131034666812e-10,0
1.52010959375559e-09,0
0.000140749078127556,0
0.00884615071117878,0
0.00884615071117878,0
5.60127126902898e-08,0
0.924880027770996,0
0.00884615071117878,0
3.19127138936892e-05,0
5.33049569639843e-05,0
0.99363762140274,0
3.87514992326032e-05,0
0.791756987571716,0
3.8166231243128e-13,0
7.57417684127404e-10,0
6.23932010057615e-07,0
9.29556343010063e-09,0
0.973996043205261,0
5.53777738332428e-07,0
2.890373806963e-08,0
5.9076723547824e-13,0
0.997076153755188,0
0.00143475108779967,0
0.0506590232253075,0
0.00494911056011915,0
1.12792058359901e-07,0
3.61725896580982e-16,0
0.000188160367542878,0
1.22773153634625e-05,0
3.61725896580982e-16,0
0.000874008692335337,0
4.09163931180956e-06,0
0.999996066093445,0
3.30702154549556e-09,0
1.39948070909668e-08,0
9.67102309346046e-08,0
3.35673860263341e-07,0
0.266469240188599,0
0.687986254692078,0
3.0196368243196e-05,0
4.64274732023192e-20,0
1.98508276483267e-09,0
0.0231167152523994,0
0.00884615071117878,0
1.20975607842411e-06,0
0.0152781000360847,0
0.000180036397068761,0
1.52584583856807e-10,0
0.277273803949356,0
0.33059298992157,0
0.000300905405310914,0
1.61779086221142e-12,0
3.9810213942938e-15,0
0.361058950424194,0
0.00143475108779967,0
0.0152781000360847,0
2.91263791041274e-06,0
0.998695909976959,0
1.18763487932938e-09,0
0.00143475108779967,0
0.00884615071117878,0
2.59108082900639e-06,0
0.11862388253212,0
1.25443912111223e-05,0
0.00143475108779967,0
3.06099430247286e-08,0
0.0152781000360847,0
0.523918390274048,0
0.00884615071117878,0
3.57569042535033e-05,0
2.0363883309108e-15,0
3.57569042535033e-05,0
8.53241414154604e-13,0
6.23932010057615e-07,0
0.89409077167511,0
0.0912168025970459,0
1.50699233907731e-12,0
0.989200353622437,0
0.00114079436752945,0
0.000813227146863937,0
2.88142746285303e-05,0
0.00207888637669384,0
9.31407441839838e-07,0
0.0591752529144287,0
0.00180774158798158,0
5.2462256137616e-15,0
0.147355541586876,0
7.13230472945692e-14,0
1.01918431028025e-06,0
0.981905341148376,0
1.87899113370804e-05,0
0.000479181879200041,0
0.00180774158798158,0
5.2462256137616e-15,0
0.989200353622437,0
0.000144387042382732,0
0.46120873093605,0
0.000534538994543254,0
1.78165961983723e-07,0
7.56370500312187e-05,0
0.00136021408252418,0
0.0121046500280499,0
9.72699217527406e-06,0
6.73593732875011e-12,0
0.00735787395387888,0
4.64274732023192e-20,0
0.883610010147095,0
0.00463391467928886,0
5.20894827786833e-05,0
0.237400889396667,0
2.92597150064466e-07,0
0.0145003087818623,0
1.24101916298969e-07,0
9.67102309346046e-08,0
1.46409456647234e-05,0
0.00416993582621217,0
0.0328056365251541,0
0.99871838092804,0
2.97438562668617e-09,0
8.07202471531099e-10,0
0.00151632842607796,0
1,0
5.24288134329254e-06,0
5.90352744467282e-09,0
0.000789476209320128,0
1.93689484149218e-05,0
0.000693877460435033,0
1.45213346058881e-06,0
2.26349766307976e-05,0
4.22161338065052e-06,0
2.01076645112153e-07,0
1.46409456647234e-05,0
1.98508276483267e-09,0
6.18836202193052e-05,0
0.00256343465298414,0
8.81027744981111e-07,0
0.00143475108779967,0
0.0152781000360847,0
7.27687687884782e-10,0
1.41904118663994e-11,0
7.28953876427685e-12,0
2.24226724299115e-07,0
1.86391218903736e-06,0
3.9325621514763e-07,0
2.81252923741704e-05,0
0.00686868466436863,0
0.998997747898102,0
2.35846044915888e-08,0
5.50806102117551e-12,0
1.57221875269897e-05,0
0.000180036397068761,0
1.19001808407404e-09,0
0.688229978084564,0
5.58015699619885e-12,0
1.039354083332e-05,0
9.92283185041742e-06,0
3.07685432687776e-10,0
0.989200353622437,0
0.036199152469635,0
9.53797325564665e-08,0
0.00108208681922406,0
0.0961790010333061,0
9.47536625171223e-15,0
8.07202471531099e-10,0
4.89756130264141e-05,0
0.000589730800129473,0
4.59966717492044e-11,0
0.0250921566039324,0
8.23579114239692e-07,0
8.66916309405497e-07,0
0.00108208681922406,0
1.22121179835233e-09,0
6.38022783477216e-13,0
3.13582111666211e-11,0
5.62330797038157e-06,0
1.96392975340132e-05,0
2.0363883309108e-15,0
6.23932010057615e-07,0
5.2462256137616e-15,0
0.0144555130973458,0
0.248982310295105,0
6.94788980126759e-07,0
3.13582111666211e-11,0
9.18754449230619e-05,0
0.130724340677261,0
5.20894827786833e-05,0
0.247283577919006,0
2.29875283253023e-08,0
0.883610010147095,0
2.29168595211604e-09,0
1.57215924900811e-06,0
3.93386108044069e-05,0
1.70283911415936e-08,0
3.24792426908971e-06,0
2.47459198314884e-13,0
0.284586638212204,0
2.61759832937969e-05,0
3.73703142031445e-06,0
9.9440820161556e-12,0
1.01918431028025e-06,0
0.00143475108779967,0
2.47036436445969e-11,0
1.18588116038154e-06,0
2.5866390842566e-06,0
0.00951053015887737,0
0.00235967640765011,0
0.420667737722397,0
1.0118771569978e-05,0
4.42273949374794e-06,0
0.0233066380023956,0
1.24101916298969e-07,0
1.78165961983723e-07,0
3.67630891560111e-05,0
0.00108208681922406,0
0.247283577919006,0
9.03016051691241e-13,0
0.99937230348587,0
1.19248320528016e-13,0
2.29707467269691e-07,0
0.0163653250783682,0
0.000789476209320128,0
0.00884615071117878,0
5.61760753043927e-05,0
1.98966063180706e-06,0
0.00675311544910073,0
2.7540287192096e-05,0
6.53404094919097e-06,0
0.000252552243182436,0
4.05497441180458e-11,0
1.22121179835233e-09,0
0.448395848274231,0
3.95953208371866e-14,0
1,0
0.0176982507109642,0
0.000223426992306486,0
0.00074644893174991,0
0.000126230836031027,0
0.0584064684808254,0
1.38239879612923e-11,0
0.00915120635181665,0
5.65490904970434e-13,0
2.92597150064466e-07,0
2.51230312642292e-06,0
2.47036436445969e-11,0
0.000479181879200041,0
3.4166816931247e-08,0
2.80854408174491e-07,0
0.237400889396667,0
2.00176109501626e-05,0
0.99987781047821,0
0.9689040184021,0
1.33215660724773e-10,0
0.999935746192932,0
0.999985218048096,0
0.247283577919006,0
3.92841204011063e-10,0
0.00108208681922406,0
3.61725896580982e-16,0
0.000733701512217522,0
0.00323837273754179,0
4.58992653875612e-05,0
1.84507929767985e-11,0
1.90697191371214e-09,0
5.12253217274661e-13,0
4.39975167410012e-07,0
0.405435740947723,0
0.0233066380023956,0
0.277273803949356,0
0.969103455543518,0
0.263866066932678,0
0.00884615071117878,0
1.01364179272423e-08,0
1.01918431028025e-06,0
2.74149385859346e-07,0
8.90455896907848e-19,0
3.26827773733385e-07,0
1.99637977260636e-08,0
2.32805099642519e-08,0
3.80384932441302e-08,0
8.47842329676496e-06,0
5.69526541482901e-08,0
2.81252923741704e-05,0
1.31651842205649e-10,0
0.00416993582621217,0
6.86450931652871e-08,0
0.97014844417572,0
4.64274732023192e-20,0
0.00884615071117878,0
6.08980044489726e-05,0
2.59108082900639e-06,0
0.000217728680581786,0
8.4634841357456e-08,0
1.33322741735498e-09,0
1.78165961983723e-07,0
2.36448709500792e-08,0
2.13696102946415e-06,0
7.58667010813951e-06,0
0.00884615071117878,0
9.67102309346046e-08,0
0.147355541586876,0
1.0838966773008e-05,0
0.0508763119578362,0
0.000573914148844779,0
0.994485676288605,0
0.821953654289246,0
6.68082066113129e-05,0
6.90214510541409e-05,0
0.277273803949356,0
5.2462256137616e-15,0
5.2462256137616e-15,0
0.0152781000360847,0
8.39754446535501e-11,0
7.6945971159148e-06,0
2.29168595211604e-09,0
1.95781685761176e-05,0
4.24476143123798e-09,0
0.999701797962189,0
0.00143475108779967,0
5.93509430473205e-05,0
1.43818465403456e-06,0
0.00548340240493417,0
1.18216439659591e-05,0
1.75208146602213e-11,0
0.960626900196075,0
4.80535472524579e-11,0
8.27510282519484e-10,0
2.49520066067377e-12,0
3.72911728163672e-07,0
0.999957919120789,0
6.90966999172815e-07,0
5.80283312956453e-07,0
0.00143475108779967,0
5.12253217274661e-13,0
0.237400889396667,0
9.31407441839838e-07,0
0.00884615071117878,0
0.00190256023779511,0
5.30837880319268e-08,0
4.96916676695491e-08,0
0.00143475108779967,0
8.07926335255615e-05,0
5.73516517761163e-05,0
0.00323837273754179,0
3.70912033531567e-07,0
0.000225154290092178,0
0.0912168025970459,0
2.81252923741704e-05,0
0.0829041749238968,0
0.00884615071117878,0
4.77709676260929e-08,0
2.97438562668617e-09,0
0.000874008692335337,0
3.66478900559741e-07,0
4.76959285151679e-05,0
4.88022564582025e-08,0
0.0264960024505854,0
2.4440947754556e-07,0
2.06990757867231e-09,0
0.448395848274231,0
5.2462256137616e-15,0
5.2462256137616e-15,0
2.92551021630061e-06,0
0.00036158729926683,0
2.32620867013367e-12,0
6.60385694573051e-07,0
1.75669007118628e-10,0
1.89209492873488e-06,0
6.85868861705075e-11,0
0.00237547582946718,0
0.00143475108779967,0
8.27429791350198e-10,0
0.277273803949356,0
1.02941858131089e-05,0
0.00108208681922406,0
1.39948070909668e-08,0
2.33261435340915e-13,0
0.999310731887817,0
0.00207888637669384,0
2.99713249773959e-08,0
0.996983468532562,0
3.10698966554668e-10,0
0.999670505523682,0
2.78113034823946e-08,0
0.00339923612773418,0
0.351890385150909,0
2.44700579243862e-11,0
3.69933854926785e-06,0
2.26755094735742e-12,0
1.63063645919337e-10,0
0.00675311544910073,0
0.00322763016447425,0
0.000382142519811168,0
0.000184888383955695,0
4.07977580607621e-07,0
0.290172070264816,0
6.30322405381634e-10,0
8.23579114239692e-07,0
4.17841386490814e-11,0
3.19382729685458e-06,0
0.00998939666897058,0
3.57569042535033e-05,0
3.19382729685458e-06,0
0.00284706545062363,0
4.77009447566457e-12,0
6.18127327101092e-10,0
4.47503989420284e-09,0
1.862556564447e-05,0
0.978384852409363,0
5.55537352231461e-11,0
0.0912168025970459,0
0.00323837273754179,0
2.81392967735883e-05,0
6.69835409361497e-10,0
2.4440947754556e-07,0
0.707172095775604,0
1.86301818416723e-08,0
0.999999046325684,0
0.0019958873745054,0
5.49892831713805e-07,0
1.89632441693899e-11,0
1.95781685761176e-05,0
0.147355541586876,0
0.000434765359386802,0
5.18763670243061e-07,0
1.28184538539244e-07,0
1.31425413201214e-05,0
5.2462256137616e-15,0
2.39455584960524e-05,0
1.46043976911869e-09,0
2.97438562668617e-09,0
5.2462256137616e-15,0
0.0912168025970459,0
3.64657330464979e-06,0
0.988952994346619,0
2.79161668004235e-07,0
1,0
0.00279660988599062,0
3.18458219794593e-08,0
0.0277570188045502,0
1.74582245361654e-12,0
1.12195891688316e-07,0
0.00489009497687221,0
0.000798252411186695,0
0.363749146461487,0
7.03119420325526e-13,0
7.26298578571094e-13,0
0.999988675117493,0
1.52783547532204e-13,0
8.87033747858368e-05,0
9.63607726589544e-06,0
1.78063157818542e-06,0
0.00549906026571989,0
5.8081393861098e-11,0
0.870570182800293,0
2.71777366833703e-06,0
5.2462256137616e-15,0
3.0196368243196e-05,0
3.63174601503147e-10,0
1.14465638034744e-05,0
0.999935746192932,0
1.38728598053639e-10,0
9.42967304240483e-09,0
0.015189697034657,0
0.00919508840888739,0
0.0505765974521637,0
0.000436942704254761,0
0.00884615071117878,0
0.405435740947723,0
4.93884811055097e-18,0
3.76512467037404e-11,0
6.23932010057615e-07,0
4.93884811055097e-18,0
1.13889448982718e-08,0
3.26278204454411e-09,0
0.00827489979565144,0
0.363749146461487,0
6.35403637261334e-07,0
4.24476143123798e-09,0
0.277273803949356,0
1.39549249933424e-09,0
2.12197846849449e-05,0
1.04678554713189e-09,0
8.88929512931213e-17,0
9.53797325564665e-08,0
1.12251218519974e-13,0
5.73516517761163e-05,0
1.99102327913493e-14,0
0.911706626415253,0
2.92597150064466e-07,0
3.19127138936892e-05,0
1.01918431028025e-06,0
0.000240015710005537,0
1.60496540103222e-12,0
2.92597150064466e-07,0
4.64274732023192e-20,0
3.6789049649198e-17,0
0.0912168025970459,0
0.536055386066437,0
0.400808393955231,0
0.046310156583786,0
0.000180036397068761,0
0.00012660477659665,0
0.00323837273754179,0
7.37837399356067e-05,0
1.37648097364718e-08,0
8.90455896907848e-19,0
4.23460676302057e-07,0
0.0124420989304781,0
5.349469311966e-09,0
2.36448709500792e-08,0
6.43366433905612e-07,0
0.999942779541016,0
1.54469937275331e-12,0
3.79333453537356e-09,0
9.45004491326173e-11,0
8.90455896907848e-19,0
2.28984713135372e-12,0
1.48368599184323e-07,0
6.06451208695624e-11,0
2.09782572168774e-16,0
1.30038300127922e-08,0
5.79528978050803e-06,0
1.80073946864923e-08,0
4.22653769760473e-08,0
6.23932010057615e-07,0
1.87899113370804e-05,0
5.89433766435832e-05,0
8.4634841357456e-08,0
0.00207888637669384,0
8.35650044170647e-14,0
0.119939558207989,0
2.78929892374435e-05,0
0.00265294848941267,0
0.00735787395387888,0
3.93386108044069e-05,0
5.89433766435832e-05,0
6.68082066113129e-05,0
1.0118771569978e-05,0
0.00884615071117878,0
0.000541760353371501,0
1.01918431028025e-06,0
0.258149117231369,0
0.0405391417443752,0
0.96330738067627,0
0.000358478486305103,0
0.000232292484724894,0
0.944049954414368,0
1.37677716338658e-06,0
5.349469311966e-09,0
1.05471087863407e-07,0
8.96648853085935e-05,0
9.88022733289587e-14,0
0.515217781066895,0
3.68851749144028e-09,0
3.18782645081228e-06,0
9.72699217527406e-06,0
1.99102327913493e-14,0
0.999929666519165,0
1.02317656571708e-13,0
0.999935746192932,0
3.73703142031445e-06,0
2.32620867013367e-12,0
3.50598661214008e-09,0
0.0144555130973458,0
1.63200616043468e-06,0
2.0125767719037e-10,0
0.00632051890715957,0
0.000553563761059195,0
1.65921093753241e-07,0
6.98331273517772e-15,0
1.49310119823554e-09,0
2.81252923741704e-05,0
0.0129120834171772,0
0.0142264170572162,0
4.75921666520662e-08,0
0.00207888637669384,0
1.26172858827545e-08,0
6.8245213924456e-07,0
0.00143475108779967,0
5.58015699619885e-12,0
0.00735787395387888,0
0.00050730665680021,0
3.66970998584293e-05,0
7.2251923953319e-14,0
0.000789476209320128,0
0.00143475108779967,0
0.999989748001099,0
0.960869491100311,0
5.20894827786833e-05,0
1.02941858131089e-05,0
6.25767127004906e-09,0
1.01918431028025e-06,0
1.74582245361654e-12,0
3.72985253793701e-10,0
0.712423264980316,0
0.999929666519165,0
1.59103569785657e-06,0
1.85369248839606e-08,0
3.73703142031445e-06,0
5.55280166736338e-07,0
5.85868929192657e-06,0
5.30837880319268e-08,0
0.0121997278183699,0
0.994138121604919,0
1.01918431028025e-06,0
0.0584064684808254,0
5.85868929192657e-06,0
0.990550518035889,0
2.93304692604579e-05,0
0.00012660477659665,0
2.81392967735883e-05,0
1.12251218519974e-13,0
2.71777366833703e-06,0
0.147355541586876,0
3.9810213942938e-15,0
0.000301832857076079,0
5.2462256137616e-15,0
4.84423762827646e-05,0
0.99988865852356,0
0.00884615071117878,0
4.59392031189054e-05,0
5.2462256137616e-15,0
1.73846252948806e-08,0
0.000907014997210354,0
0.999935746192932,0
7.59917823112133e-11,0
4.83905241708271e-05,0
3.72985253793701e-10,0
0.00370245147496462,0
1.56785006311111e-07,0
0.000733701512217522,0
0.0152781000360847,0
1.0118771569978e-05,0
4.64274732023192e-20,0
1.14087342240055e-07,0
2.34090036244083e-09,0
2.12677105082548e-06,0
0.000291990203550085,0
0.760679244995117,0
0.00358617631718516,0
0.237400889396667,0
5.125427924213e-05,0
4.05497441180458e-11,0
2.29397974180756e-05,0
0.934077143669128,0
0.000290208728983998,0
8.90455896907848e-19,0
2.81392967735883e-05,0
3.61725896580982e-16,0
4.36794422853382e-08,0
6.47804254683138e-10,0
0.0176982507109642,0
9.80194996892149e-15,0
2.07485330999679e-12,0
0.000467374629806727,0
8.87033747858368e-05,0
1.06063176019688e-07,0
1.35706434978289e-09,0
1.18864163303756e-12,0
2.97438562668617e-09,0
2.37409008008171e-08,0
2.28984713135372e-12,0
2.54004543093211e-12,0
0.00464627193287015,0
0.00675311544910073,0
3.73703142031445e-06,0
1.22773153634625e-05,0
2.67259883912629e-06,0
0.0135016925632954,0
1.15642324559306e-16,0
0.0894574820995331,0
1.57342662987503e-06,0
1.85607760272433e-07,0
9.41692633205093e-06,0
3.73703142031445e-06,0
6.1425126096637e-10,0
3.0196368243196e-05,0
4.98711419383291e-11,0
5.20894827786833e-05,0
3.33292118739337e-05,0
0.00323837273754179,0
5.18763670243061e-07,0
0.00143475108779967,0
8.87033747858368e-05,0
0.119939558207989,0
4.98711419383291e-11,0
0.00800328142940998,0
2.04361423616906e-11,0
0.131676107645035,0
2.59108082900639e-06,0
0.00143475108779967,0
4.93884811055097e-18,0
0.0405391417443752,0
1.83468404912901e-08,0
0.0176982507109642,0
0.00143475108779967,0
0.000109247521322686,0
0.0405391417443752,0
1.8083437680616e-05,0
1.27135095340236e-07,0
0.00143475108779967,0
0.0163653250783682,0
1.06716166953176e-15,0
2.12197846849449e-05,0
0.00419371388852596,0
9.29556343010063e-09,0
1,0
5.2462256137616e-15,0
3.61725896580982e-16,0
0.0152781000360847,0
0.681360304355621,0
5.79490824748063e-06,0
1.01364179272423e-08,0
7.24482323091746e-12,0
0.00686868466436863,0
7.5398645549285e-08,0
3.61725896580982e-16,0
2.54004543093211e-12,0
0.0176982507109642,0
2.97438562668617e-09,0
0.00249000824987888,0
0.99999988079071,0
1.65486017067451e-06,0
9.88985266303644e-05,0
2.35846044915888e-08,0
0.00884615071117878,0
2.32805099642519e-08,0
0.0152781000360847,0
6.38360075910782e-09,0
0.000252552243182436,0
9.22399340197444e-05,0
0.000114391274109948,0
2.79161668004235e-07,0
0.999143481254578,0
0.0152781000360847,0
1.80073946864923e-08,0
2.13652313618695e-08,0
1.75398664481463e-08,0
0.999874472618103,0
5.49892831713805e-07,0
5.20894827786833e-05,0
0.000103933169157244,0
2.13072788579627e-12,0
2.24219448341501e-07,0
0.00108208681922406,0
0.0129120834171772,0
6.11131034666812e-10,0
1.70283911415936e-08,0
2.33261435340915e-13,0
0.999949336051941,0
4.64274732023192e-20,0
6.63347527734004e-05,0
0.00884615071117878,0
2.88142746285303e-05,0
1.38239879612923e-11,0
4.17461611069633e-14,0
8.66916309405497e-07,0
0.891947567462921,0
0.330318719148636,0
2.75070730082483e-11,0
1.98106668847231e-08,0
9.74860299152169e-08,0
1,0
1.33322741735498e-09,0
0.0186026226729155,0
0.00463391467928886,0
0.999979734420776,0
9.31407441839838e-07,0
0.94361937046051,0
0.412427127361298,0
1.35706434978289e-09,0
1.99102327913493e-14,0
1.99102327913493e-14,0
2.59108082900639e-06,0
0.000311263574985787,0
6.25024256351026e-07,0
5.30837880319268e-08,0
0.00185404566582292,0
0.000240015710005537,0
5.21153834402211e-15,0
0.999996304512024,0
0.99999988079071,0
0.737139403820038,0
0.0486656501889229,0
1.98508276483267e-09,0
0.000789476209320128,0
0.0268846470862627,0
2.18957006836717e-06,0
0.000488034565933049,0
1.96025279342038e-10,0
3.5114810543746e-06,0
0.947113931179047,0
8.81027744981111e-07,0
0.0259628780186176,0
3.95953208371866e-14,0
2.96058740902806e-16,0
0.00207888637669384,0
3.62044505486381e-10,0
0.237400889396667,0
1.65486017067451e-06,0
0.0912168025970459,0
8.87033747858368e-05,0
0.00323837273754179,0
0.999666452407837,0
0.861761689186096,0
0.000171799591043964,0
2.32718151796677e-15,0
1.1636208228083e-06,0
0.343246012926102,0
3.13582111666211e-11,0
4.89756130264141e-05,0
1.99102327913493e-14,0
0.00108208681922406,0
1.33322741735498e-09,0
4.17150404246058e-05,0
0.0069492980837822,0
0.000235884013818577,0
0.363749146461487,0
0.999557673931122,0
0.000534538994543254,0
2.33261435340915e-13,0
3.71028431800369e-06,0
8.90455896907848e-19,0
3.0196368243196e-05,0
1.49069355492339e-13,0
1.01214488179568e-11,0
1.98508276483267e-09,0
0.00677552772685885,0
0.000798252411186695,0
3.80065159788501e-07,0
1.59103569785657e-06,0
3.79623941171303e-07,0
0.00884615071117878,0
0.0405391417443752,0
0.00267408532090485,0
3.80250692044726e-12,0
0.990937173366547,0
3.47510020759501e-10,0
2.47036436445969e-11,0
0.00286214775405824,0
0.247283577919006,0
2.89757517748512e-05,0
2.81252923741704e-05,0
2.99713249773959e-08,0
1.85369248839606e-08,0
0.365866392850876,0
1.06063176019688e-07,0
1.42080978093873e-07,0
1.65486017067451e-06,0
0.10037312656641,0
0.999918937683105,0
0.99999988079071,0
0.00108208681922406,0
1.7619219079279e-06,0
1.22957660763159e-13,0
0.000789476209320128,0
3.4166816931247e-08,0
5.18066857236656e-18,0
5.12253217274661e-13,0
5.09388655700604e-07,0
5.9699276633296e-09,0
5.29962775885906e-08,0
1.22773153634625e-05,0
1.49310119823554e-09,0
0.0912168025970459,0
2.11360929824878e-05,0
4.61776144220494e-05,0
1.18216439659591e-05,0
1.23908731379193e-14,0
0.00108208681922406,0
3.65804282864701e-07,0
1.26172858827545e-08,0
0.998141288757324,0
3.61725896580982e-16,0
0.000619342317804694,0
0.999108612537384,0
0.991236090660095,0
1.94923799767821e-07,0
0.0076452917419374,0
6.9035849037391e-08,0
0.0912168025970459,0
7.09747541229218e-16,0
1.57215924900811e-06,0
9.29556343010063e-09,0
1.49504600699402e-07,0
3.23225799547799e-06,0
2.49344767055959e-10,0
0.000233282844419591,0
1.44271916724392e-05,0
5.2462256137616e-15,0
0.147355541586876,0
0.0176982507109642,0
0.991263747215271,0
3.80384932441302e-08,0
4.36794422853382e-08,0
0.000173740831087343,0
4.93884811055097e-18,0
0.00108208681922406,0
1.41025998345867e-06,0
0.11862388253212,0
0.0152781000360847,0
0.0195824410766363,0
6.54655062798382e-12,0
3.95953208371866e-14,0
0.0152781000360847,0
0.0157462507486343,0
4.22587327193469e-05,0
0.78810715675354,0
1.65030655807641e-08,0
1.08167319012864e-06,0
3.52170559381193e-07,0
7.43184513929407e-10,0
6.14049931755289e-05,0
5.2462256137616e-15,0
4.98711419383291e-11,0
0.000292946904664859,0
0.889963567256927,0
1.29303452922613e-06,0
1.47604112044064e-06,0
1.27383464887387e-10,0
8.90455896907848e-19,0
9.70413172041162e-09,0
0.999656558036804,0
0.000436966249253601,0
0.00185404566582292,0
5.55675967461866e-08,0
3.42063060543296e-07,0
1.57221875269897e-05,0
1.89895636140136e-05,0
2.92597150064466e-07,0
0.998917937278748,0
7.13700432086739e-09,0
0.000789476209320128,0
6.54655062798382e-12,0
1.61186815006431e-08,0
2.33261435340915e-13,0
0.237400889396667,0
0.940144002437592,0
1.70594576876307e-13,0
1.18216439659591e-05,0
0.000439969182480127,0
1.99910537048709e-05,0
0.000142119824886322,0
3.56487439567843e-09,0
3.53138895903271e-09,0
1.99102327913493e-14,0
0.563402473926544,0
2.92597150064466e-07,0
0.000874008692335337,0
2.47036436445969e-11,0
2.71777366833703e-06,0
5.349469311966e-09,0
0.000619828002527356,0
1.03765965004526e-12,0
0.990937173366547,0
3.14644843513179e-08,0
0.501205503940582,0
1.48114402687138e-11,0
4.54595783594414e-06,0
8.90455896907848e-19,0
1.066939876182e-05,0
0.687986254692078,0
1.67796478933724e-08,0
3.73703142031445e-06,0
0.57665741443634,0
0.000789476209320128,0
0.000108440137410071,0
0.0124420989304781,0
0.00884615071117878,0
4.04452782376552e-09,0
9.74860299152169e-08,0
0.999891400337219,0
2.33261435340915e-13,0
0.0152781000360847,0
6.9035849037391e-08,0
0.00219488423317671,0
1.70283911415936e-08,0
3.47452697724293e-08,0
0.993427693843842,0
0.999805152416229,0
4.93884811055097e-18,0
0.999942779541016,0
8.87033747858368e-05,0
2.1509698536204e-11,0
0.00686868466436863,0
0.000188160367542878,0
3.95979714085115e-06,0
0.000357603479642421,0
0.00340770138427615,0
5.31184762841974e-10,0
2.7540287192096e-05,0
0.00174146436620504,0
2.93436226428412e-08,0
1.26172858827545e-08,0
3.02791850117501e-05,0
0.000109247521322686,0
0.000240015710005537,0
0.000901493185665458,0
1.06063176019688e-07,0
0.98994779586792,0
1.0118771569978e-05,0
0.000119138261652552,0
1.98966063180706e-06,0
7.68339602011392e-13,0
0.970621943473816,0
2.84169027509051e-06,0
1.12285533759859e-06,0
2.48218930209987e-05,0
1.74635630401099e-07,0
0.999739229679108,0
0.870679974555969,0
5.2462256137616e-15,0
0.000445464247604832,0
9.41669668463874e-07,0
3.32399142932704e-11,0
0.00735787395387888,0
8.17241474493358e-09,0
0.002331756753847,0
0.986513674259186,0
2.47036436445969e-11,0
4.27176401348282e-14,0
0.0163653250783682,0
0.0859672352671623,0
0.00323837273754179,0
0.857572317123413,0
5.41336048627272e-05,0
0.188268482685089,0
0.0136658623814583,0
5.10969221068081e-06,0
1.98508276483267e-09,0
3.65804282864701e-07,0
0.0201145298779011,0
0.944049954414368,0
0.000263824971625581,0
3.02108901450993e-07,0
0.986604630947113,0
2.92597150064466e-07,0
1.14087342240055e-07,0
2.74149385859346e-07,0
2.22350209355682e-08,0
2.33261435340915e-13,0
6.64592603172309e-09,0
0.237400889396667,0
0.999981284141541,0
2.93342878876501e-07,0
0.00143475108779967,0
0.719609975814819,0
2.5866390842566e-06,0
1.31120043533883e-06,0
3.80250692044726e-12,0
6.61026788293384e-05,0
5.51822950001224e-07,0
0.0121046500280499,0
0.00416993582621217,0
6.28302871064079e-07,0
0.99654895067215,0
6.23932010057615e-07,0
5.41336048627272e-05,0
2.81252923741704e-05,0
0.00322763016447425,0
4.6322674052135e-07,0
2.24226724299115e-07,0
0.188268482685089,0
3.59571150632121e-10,0
8.70252654661119e-13,0
0.99654895067215,0
0.00135042483452708,0
2.19312278204598e-06,0
8.90342198545113e-05,0
0.130724340677261,0
1.14465638034744e-05,0
0.277273803949356,0
3.56652540833835e-10,0
3.61725896580982e-16,0
1.59012869538344e-09,0
1.39519634103635e-05,0
0.0163653250783682,0
0.33059298992157,0
1.29303452922613e-06,0
1.02066655927047e-06,0
1.80073946864923e-08,0
0.000424775033025071,0
0.000240015710005537,0
0.237400889396667,0
4.55966784329576e-08,0
1.48368599184323e-07,0
5.30837880319268e-08,0
2.32620867013367e-12,0
0.1968654692173,0
1.39948070909668e-08,0
2.92551021630061e-06,0
1.74582245361654e-12,0
0.000736483605578542,0
0.147355541586876,0
0.000855982594657689,0
0.983676016330719,0
0.33059298992157,0
3.0196368243196e-05,0
0.999973297119141,0
0.00249000824987888,0
2.96058740902806e-16,0
4.93884811055097e-18,0
2.64285731077507e-08,0
1.8083437680616e-05,0
0.00394123420119286,0
0.000382142519811168,0
0.00919508840888739,0
8.90455896907848e-19,0
0.00217289547435939,0
4.4976971480537e-07,0
4.57308496626396e-10,0
6.77617947530962e-07,0
2.92597150064466e-07,0
1.21953280540765e-05,0
0.0912168025970459,0
3.57569042535033e-05,0
0.00027817310183309,0
1.45855202311924e-17,0
0.00143475108779967,0
0.0152781000360847,0
2.47063979941231e-07,0
9.53797325564665e-08,0
0.000591007992625237,0
1.33678783598157e-08,0
0.00884615071117878,0
0.00873271003365517,0
0.000382142519811168,0
0.99363762140274,0
1.62998901487299e-07,0
0.33059298992157,0
0.000144175151945092,0
0.0238735917955637,0
1.95781685761176e-05,0
1.30073362925032e-06,0
0.000874008692335337,0
1.11687050718956e-08,0
1.74582245361654e-12,0
4.26920444932281e-15,0
3.0196368243196e-05,0
2.92597150064466e-07,0
0.147355541586876,0
2.09884648723346e-12,0
0.999983906745911,0
8.35650044170647e-14,0
6.14049931755289e-05,0
0.99999725818634,0
4.80535472524579e-11,0
6.77617947530962e-07,0
1.96025279342038e-10,0
0.99482262134552,0
0.752558052539825,0
0.000940900878049433,0
0.0233507473021746,0
5.2462256137616e-15,0
0.290172070264816,0
1.18943596291721e-11,0
0.998441278934479,0
4.1426779541498e-12,0
0.0107781803235412,0
1.30128401137257e-15,0
1.53512348232548e-13,0
7.28953876427685e-12,0
6.83597249917511e-07,0
9.72699217527406e-06,0
1.49069355492339e-13,0
0.147355541586876,0
4.39960927602281e-19,0
0.000733701512217522,0
1.39948070909668e-08,0
0.00884615071117878,0
1.45061562761839e-08,0
3.59571150632121e-10,0
0.237400889396667,0
2.1509698536204e-11,0
1.35494633468625e-06,0
1.94818827736754e-09,0
2.7540287192096e-05,0
0.997790575027466,0
5.9076723547824e-13,0
0.0297143459320068,0
0.000823990092612803,0
2.31065444555867e-10,0
0.999942779541016,0
0.147355541586876,0
0.0721776708960533,0
0.997700273990631,0
1.65143592312234e-06,0
1.42080978093873e-07,0
0.997722446918488,0
0.999997019767761,0
4.98711419383291e-11,0
4.96916676695491e-08,0
0.737139403820038,0
0.147355541586876,0
0.277273803949356,0
1.78165961983723e-07,0
1.86753879916068e-07,0
9.41669668463874e-07,0
5.33049569639843e-05,0
0.147355541586876,0
2.83305780612864e-05,0
0.00675311544910073,0
2.78929892374435e-05,0
1.24695512162404e-12,0
3.53306148781485e-08,0
0.000108440137410071,0
0.00323837273754179,0
0.99311500787735,0
0.000594519311562181,0
7.27687687884782e-10,0
0.00884615071117878,0
1.01918431028025e-06,0
4.28520066653171e-12,0
0.672002911567688,0
2.47899492933357e-07,0
0.0405391417443752,0
4.23641637326e-08,0
0.991236090660095,0
1,0
7.17513175914064e-05,0
1.99102327913493e-14,0
0.98432582616806,0
1.01214488179568e-11,0
6.18836202193052e-05,0
0.0163653250783682,0
9.75865777617414e-14,0
0.0912168025970459,0
0.00735787395387888,0
0.466426998376846,0
0.688229978084564,0
0.247283577919006,0
2.33261435340915e-13,0
0.999296426773071,0
2.33261435340915e-13,0
1.08159065348445e-06,0
7.57417684127404e-10,0
0.000395599490730092,0
5.39782574193737e-09,0
4.20151587132711e-12,0
0.000187627578270622,0
0.000291990203550085,0
0.00873271003365517,0
0.343246012926102,0
0.999910950660706,0
2.53861198729055e-08,0
3.42915228657148e-07,0
3.07685432687776e-10,0
2.47036436445969e-11,0
2.22350209355682e-08,0
0.00207888637669384,0
5.41228655492887e-05,0
3.75118943338748e-05,0
1.85607760272433e-07,0
2.04682547088686e-14,0
0.260165363550186,0
6.58410499454476e-07,0
2.24272093951594e-11,0
7.6945971159148e-06,0
0.000733701512217522,0
1.53512348232548e-13,0
4.94525220773312e-09,0
1,0
2.28038052850488e-12,0
2.88717365987123e-11,0
0.00249000824987888,0
8.53241414154604e-13,0
4.24476143123798e-09,0
1.27383464887387e-10,0
9.87256165707606e-10,0
1.01214488179568e-11,0
1,0
0.990937173366547,0
0.883610010147095,0
1.91203177735133e-08,0
1.85607760272433e-07,0
0.794492661952972,0
2.33981535318825e-13,0
1.02317656571708e-13,0
0.515217781066895,0
3.80903184122872e-05,0
0.956622898578644,0
0.277273803949356,0
0.277273803949356,0
1.59012869538344e-09,0
0.00735787395387888,0
1,0
2.92551021630061e-06,0
0.00243957620114088,0
0.00110741285607219,0
0.0299665275961161,0
2.67259883912629e-06,0
8.22596213367888e-09,0
8.23579114239692e-07,0
2.32620867013367e-12,0
0.000106096304079983,0
0.00143475108779967,0
1.6793544332927e-08,0
1.5865355180722e-06,0
1.29303452922613e-06,0
3.32399142932704e-11,0
0.00373309082351625,0
1.11873159767129e-05,0
1.6317976587743e-06,0
1.83468404912901e-08,0
4.64274732023192e-20,0
7.6223848736845e-05,0
0.0102835530415177,0
1.01918431028025e-06,0
0.989200353622437,0
1.31120043533883e-06,0
5.23874454927409e-08,0
0.00884615071117878,0
1,0
6.25767127004906e-09,0
6.38360075910782e-09,0
0.989200353622437,0
0.00241039856337011,0
3.84126269636909e-06,0
1.80073946864923e-08,0
0.00884615071117878,0
1.02168968396654e-07,0
0.107434205710888,0
3.57569042535033e-05,0
0.000188160367542878,0
9.67102309346046e-08,0
1.27558306306302e-17,0
3.48975436281762e-06,0
2.19312278204598e-06,0
0.687986254692078,0
1.02941858131089e-05,0
1.41904118663994e-11,0
2.28984713135372e-12,0
0.0591752529144287,0
0.343246012926102,0
0.000901493185665458,0
2.92597150064466e-07,0
0.00371561222709715,0
0.000252552243182436,0
0.823488652706146,0
4.07977580607621e-07,0
2.78113034823946e-08,0
0.00015018398698885,0
5.21222787153164e-10,0
1.3784461572186e-08,0
2.81252923741704e-05,0
9.30856856484752e-07,0
7.17729108146159e-07,0
1.45061562761839e-08,0
0.0329184494912624,0
2.19265862519587e-14,0
0.688229978084564,0
0.924880027770996,0
9.72699217527406e-06,0
6.23932010057615e-07,0
9.24101257737675e-08,0
5.30837880319268e-08,0
1.22773153634625e-05,0
0.284586638212204,0
0.247283577919006,0
3.61725896580982e-16,0
5.30837880319268e-08,0
0.000556967803277075,0
9.31407441839838e-07,0
0.000693877460435033,0
6.51100146020767e-11,0
3.85650053558173e-11,0
8.87033747858368e-05,0
0.0175441242754459,0
8.78079546851041e-08,0
0.00176790298428386,0
0.0328056365251541,0
6.23932010057615e-07,0
0.0102835530415177,0
2.78113034823946e-08,0
0.0152781000360847,0
0.951737105846405,0
1.27412490280587e-12,0
5.18560715201399e-12,0
1.99102327913493e-14,0
3.61725896580982e-16,0
2.12795470133642e-07,0
1.22121179835233e-09,0
5.8080750022782e-05,0
2.59108082900639e-06,0
3.5060492109551e-07,0
1.77905259968192e-10,0
8.51744607643923e-06,0
0.924880027770996,0
0.0011305317748338,0
0.147355541586876,0
0.00238352594897151,0
0.0912168025970459,0
4.54595783594414e-06,0
1.99102327913493e-14,0
0.0912168025970459,0
0.0152781000360847,0
3.07685432687776e-10,0
1.78165961983723e-07,0
0.000874008692335337,0
2.97438562668617e-09,0
8.39561087317975e-10,0
0.68549633026123,0
1.83468404912901e-08,0
0.067787267267704,0
7.56556761682958e-11,0
0.00735787395387888,0
1.0052770448965e-05,0
0.00101764837745577,0
4.93884811055097e-18,0
1.56283124397305e-06,0
2.88142746285303e-05,0
0.277273803949356,0
6.30094364169054e-05,0
0.999997138977051,0
1.60799047688176e-11,0
1.61318368441243e-07,0
5.38844702191454e-08,0
5.2462256137616e-15,0
4.94587584398687e-05,0
0.00185404566582292,0
8.51744607643923e-06,0
2.35664574574912e-05,0
2.92597150064466e-07,0
0.999623656272888,0
0.147355541586876,0
6.08700023718711e-09,0
0.228103160858154,0
1.81110415553576e-08,0
0.0405391417443752,0
3.61725896580982e-16,0
5.28888088879853e-09,0
7.26298578571094e-13,0
2.35846044915888e-08,0
5.28888088879853e-09,0
2.66247690561272e-09,0
7.1775452248346e-10,0
7.79707548526076e-12,0
0.149879351258278,0
3.89794099775465e-12,0
0.982810735702515,0
1.08167319012864e-06,0
1.83468404912901e-08,0
2.79965703953167e-08,0
0.0317320711910725,0
0.00284706545062363,0
0.147355541586876,0
9.67102309346046e-08,0
1.39948070909668e-08,0
0.00489009497687221,0
0.0144555130973458,0
0.00675311544910073,0
3.36621377473867e-12,0
2.71462834433578e-08,0
0.000994261470623314,0
0.999855637550354,0
3.75118943338748e-05,0
0.00675311544910073,0
0.0304872561246157,0
0.000252552243182436,0
0.999999523162842,0
0.515217781066895,0
2.97663458326269e-08,0
0.00143475108779967,0
3.26827773733385e-07,0
5.2462256137616e-15,0
0.00143475108779967,0
0.712423264980316,0
0.999997138977051,0
2.389701512584e-05,0
0.881475389003754,0
9.41692633205093e-06,0
0.277273803949356,0
0.658199906349182,0
0.000823990092612803,0
5.54490134363483e-12,0
8.89539771052952e-14,0
0.000817161984741688,0
0.00323837273754179,0
2.77698603667886e-07,0
6.08980044489726e-05,0
7.31194826908421e-11,0
0.000573914148844779,0
4.74513806025811e-09,0
0.989200353622437,0
0.147355541586876,0
0.0231167152523994,0
0.0124420989304781,0
4.93884811055097e-18,0
1.22690001316442e-15,0
4.37629799066031e-09,0
7.71189734223299e-05,0
0.0299146585166454,0
1,0
1.60496540103222e-12,0
0.999997138977051,0
7.41353864148336e-14,0
0.00108208681922406,0
0.985467314720154,0
0.999264895915985,0
1.01918431028025e-06,0
1.97486693881768e-13,0
0.00489009497687221,0
0.00230875122360885,0
7.6695803727489e-05,0
4.98711419383291e-11,0
6.80497862504126e-07,0
0.0163653250783682,0
1.01918431028025e-06,0
0.000813227146863937,0
2.92551021630061e-06,0
0.0259628780186176,0
1.20409673343147e-08,0
0.0912168025970459,0
5.18763670243061e-07,0
6.23932010057615e-07,0
0.999998807907104,0
1.52424947663654e-13,0
0.000421139498939738,0
2.64120501469733e-07,0
8.27510282519484e-10,0
0.996869742870331,0
0.799469351768494,0
8.327972200739e-10,0
6.14290476125268e-12,0
0.170083522796631,0
0.990098774433136,0
9.4447109855178e-11,0
0.999623656272888,0
9.72389216258307e-07,0
5.73912402046517e-08,0
0.0150279700756073,0
2.0363883309108e-15,0
0.999987244606018,0
7.41799510706187e-10,0
6.18836202193052e-05,0
5.41336048627272e-05,0
1.99102327913493e-14,0
0.449345260858536,0
4.22653769760473e-08,0
0.000573914148844779,0
3.95979714085115e-06,0
0.0124420989304781,0
1.57221875269897e-05,0
1.46846118598276e-10,0
1.54843601194443e-05,0
1.18216439659591e-05,0
1,0
4.65112410391599e-12,0
1.01364179272423e-08,0
2.94903301778504e-09,0
0.00323837273754179,0
3.61725896580982e-16,0
1.99102327913493e-14,0
0.00463391467928886,0
4.64274732023192e-20,0
0.924880027770996,0
0.002331756753847,0
0.00074644893174991,0
0.0912168025970459,0
1.15915846365944e-10,0
0.000188160367542878,0
2.35846044915888e-08,0
1.02941858131089e-05,0
0.00295186508446932,0
0.379635870456696,0
2.54574805680363e-09,0
9.67102309346046e-08,0
1.11167937575374e-05,0
0.000445464247604832,0
0.00143475108779967,0
0.247283577919006,0
0.444638729095459,0
0.961623907089233,0
0.00143475108779967,0
5.51822950001224e-07,0
4.64274732023192e-20,0
0.98108035326004,0
0.994430840015411,0
1.74254822127295e-07,0
0.970621943473816,0
4.89756130264141e-05,0
0.90436327457428,0
0.000232292484724894,0
4.07977580607621e-07,0
2.92597150064466e-07,0
0.015189697034657,0
5.73516517761163e-05,0
0.951399385929108,0
0.00259984959848225,0
3.95493238158906e-08,0
7.24792309503286e-11,0
0.999938011169434,0
2.67259883912629e-06,0
7.03119420325526e-13,0
3.59571150632121e-10,0
0.0144555130973458,0
0.000789476209320128,0
1.77905259968192e-10,0
5.33049569639843e-05,0
0.476956993341446,0
5.18763670243061e-07,0
5.00642123313355e-08,0
4.49403697849043e-13,0
2.96344779826541e-07,0
6.47804254683138e-10,0
3.85491725346521e-12,0
0.99992573261261,0
0.999583899974823,0
5.2462256137616e-15,0
9.72699217527406e-06,0
0.000344000436598435,0
0.00143475108779967,0
3.26827773733385e-07,0
0.000556967803277075,0
2.47036436445969e-11,0
0.999942779541016,0
0.994297444820404,0
6.28302871064079e-07,0
6.18836202193052e-05,0
9.80194996892149e-15,0
0.000479181879200041,0
1.96680707631458e-06,0
8.34074762678938e-06,0
3.85473716748436e-14,0
0.00489009497687221,0
3.75118943338748e-05,0
5.2462256137616e-15,0
7.67027685810717e-09,0
2.19265862519587e-14,0
6.18127327101092e-10,0
6.23932010057615e-07,0
0.0207434371113777,0
1.31794364310878e-09,0
3.39341816868455e-08,0
0.000418878131313249,0
3.61725896580982e-16,0
0.000534538994543254,0
2.35846044915888e-08,0
8.82351969266892e-09,0
4.93884811055097e-18,0
0.999143481254578,0
0.00884615071117878,0
0.147355541586876,0
0.0923900976777077,0
1.18216439659591e-05,0
0.939007103443146,0
2.96058740902806e-16,0
0.0144555130973458,0
6.22989547861656e-14,0
1.85369248839606e-08,0
1.17870331450831e-06,0
1.24101916298969e-07,0
0.0201145298779011,0
0.998861193656921,0
0.284586638212204,0
3.40501377094071e-10,0
0.000855982594657689,0
0.00735787395387888,0
5.86930930523977e-08,0
3.98992124062136e-12,0
9.7998659968207e-13,0
0.00249000824987888,0
4.93884811055097e-18,0
5.2462256137616e-15,0
0.00143475108779967,0
1.09430766315199e-06,0
4.61776144220494e-05,0
4.05925948143704e-06,0
8.86270079547558e-09,0
0.00207888637669384,0
0.661951303482056,0
1.57189763427823e-08,0
0.00143475108779967,0
0.237400889396667,0
5.45801459583828e-10,0
3.95832830690779e-06,0
1.25540977613525e-09,0
0.332963764667511,0
2.54681879141572e-07,0
8.87033747858368e-05,0
1.84969863425977e-07,0
1.8083437680616e-05,0
0.000319465412758291,0
1.95781685761176e-05,0
0.147355541586876,0
0.000104234401078429,0
1.06114883546837e-09,0
7.91945328759702e-12,0
0.0152781000360847,0
0.687986254692078,0
0.00482330191880465,0
2.32805099642519e-08,0
0.0405391417443752,0
9.29556343010063e-09,0
0.00143475108779967,0
1.21953280540765e-05,0
6.9035849037391e-08,0
0.99987781047821,0
0.00675311544910073,0
0.71499490737915,0
5.54490134363483e-12,0
0.944049954414368,0
3.65804282864701e-07,0
0.0163653250783682,0
2.14515534224802e-08,0
0.000109860106022097,0
0.444638729095459,0
0.476956993341446,0
0.147355541586876,0
5.59847921977052e-06,0
0.476956993341446,0
9.21615064726211e-05,0
6.73593732875011e-12,0
0.000162673255545087,0
0.000263824971625581,0
0.0912168025970459,0
0.237400889396667,0
4.27176401348282e-14,0
9.97721514295336e-08,0
0.00241039856337011,0
2.35846044915888e-08,0
7.71189734223299e-05,0
8.86209545569727e-06,0
0.999666452407837,0
0.000567129696719348,0
2.86217596112692e-06,0
1.86685262804076e-08,0
0.45111483335495,0
0.000789476209320128,0
5.34224775528003e-10,0
3.02791850117501e-05,0
0.999957919120789,0
6.30982966550555e-17,0
0.0890487879514694,0
1.49310119823554e-09,0
0.00497154425829649,0
8.90342198545113e-05,0
3.73703142031445e-06,0
4.23460676302057e-07,0
0.987978339195251,0
0.00143475108779967,0
0.00174750958103687,0
1.12792058359901e-07,0
1.08370568074889e-09,0
0.999987602233887,0
3.1475046569085e-08,0
0.000405700615374371,0
1.87899113370804e-05,0
6.31650198812395e-09,0
0.00101764837745577,0
5.61760753043927e-05,0
0.995620787143707,0
1.77593784123076e-09,0
0.917275965213776,0
4.4976971480537e-07,0
0.0152387293055654,0
9.53797325564665e-08,0
1.0118771569978e-05,0
2.47063979941231e-07,0
4.64274732023192e-20,0
0.000541760353371501,0
2.35664574574912e-05,0
0.997868776321411,0
7.31194826908421e-11,0
0.00249000824987888,0
0.999677300453186,0
0.388080984354019,0
4.59966717492044e-11,0
0.0540895983576775,0
0.999996781349182,0
4.64274732023192e-20,0
8.12794009874551e-09,0
0.0304872561246157,0
3.440739646976e-06,0
8.90455896907848e-19,0
8.59887627768785e-09,0
5.41336048627272e-05,0
0.0124420989304781,0
0.00884615071117878,0
0.991324543952942,0
1.62048210950155e-14,0
0.993427693843842,0
0.147355541586876,0
0.00323837273754179,0
1.01918431028025e-06,0
1.31120043533883e-06,0
9.67102309346046e-08,0
0.00143475108779967,0
1.59776956110136e-08,0
3.55767610926705e-08,0
0.00884615071117878,0
1.13183915573245e-08,0
3.61725896580982e-16,0
0.00143475108779967,0
0.00416993582621217,0
0.284586638212204,0
4.64274732023192e-20,0
1.0118771569978e-05,0
2.61782640009756e-09,0
0.237400889396667,0
0.0152781000360847,0
3.57569042535033e-05,0
9.72699217527406e-06,0
3.78030705405763e-07,0
1.01918431028025e-06,0
6.52750575813599e-10,0
4.92748966629541e-11,0
3.75118943338748e-05,0
3.72911728163672e-07,0
8.53241414154604e-13,0
1.18427565930918e-13,0
8.36151237137983e-09,0
4.93884811055097e-18,0
0.277273803949356,0
2.81252923741704e-05,0
0.000789476209320128,0
0.000813227146863937,0
0.991236090660095,0
0.000109860106022097,0
0.000633873743936419,0
7.94756149780085e-10,0
3.22283244535981e-09,0
0.237400889396667,0
1.17178131347345e-12,0
0.00225534033961594,0
2.41921815913315e-10,0
2.0363883309108e-15,0
0.994297444820404,0
5.2462256137616e-15,0
0.546902358531952,0
0.000789476209320128,0
4.97085601847136e-11,0
1.54672854385529e-11,0
1.29303452922613e-06,0
0.0121062872931361,0
1.99910537048709e-05,0
1.99102327913493e-14,0
6.23932010057615e-07,0
3.32399142932704e-11,0
0.00735787395387888,0
0.587257742881775,0
6.9035849037391e-08,0
5.2462256137616e-15,0
0.237400889396667,0
3.9446188537795e-08,0
6.28302871064079e-07,0
0.000907014997210354,0
3.30702154549556e-09,0
0.986604630947113,0
7.56370500312187e-05,0
5.18763670243061e-07,0
1.08167319012864e-06,0
2.09782572168774e-16,0
0.944049954414368,0
2.51414394369931e-06,0
0.9689040184021,0
2.99713249773959e-08,0
1.74582245361654e-12,0
0.00586233055219054,0
0.00775765022262931,0
0.277273803949356,0
0.99999988079071,0
1.70242242525376e-09,0
0.147355541586876,0
0.180871471762657,0
5.55280166736338e-07,0
3.61725896580982e-16,0
8.27510282519484e-10,0
2.28167004934221e-06,0
1,0
3.93386108044069e-05,0
6.9035849037391e-08,0
0.00884615071117878,0
0.000813227146863937,0
0.00104746629949659,0
0.0577259175479412,0
1,0
5.70050096015962e-09,0
4.61204444945906e-06,0
0.000405700615374371,0
1.01383506034836e-08,0
5.2462256137616e-15,0
5.20894827786833e-05,0
1.11876319319748e-09,0
0.924880027770996,0
0.015189697034657,0
5.41336048627272e-05,0
0.0061625144444406,0
0.015189697034657,0
1.75464446666892e-17,0
0.00074644893174991,0
4.50641212984982e-14,0
6.23932010057615e-07,0
2.97438562668617e-09,0
0.924880027770996,0
0.000240015710005537,0
0.0912168025970459,0
8.57784016261576e-06,0
1.59103569785657e-06,0
0.0299665275961161,0
0.000789476209320128,0
0.147355541586876,0
9.15467679961368e-13,0
3.67630891560111e-05,0
0.277273803949356,0
0.0897813141345978,0
7.58667010813951e-06,0
1.48368599184323e-07,0
5.30837880319268e-08,0
0.147355541586876,0
0.00351041578687727,0
1.74254822127295e-07,0
3.19382729685458e-06,0
0.00143475108779967,0
2.17139586311532e-05,0
2.20091962432889e-08,0
5.16739808494732e-13,0
1.39948070909668e-08,0
1.83468404912901e-08,0
0.0176982507109642,0
1.01364179272423e-08,0
2.81252923741704e-05,0
1.54727586050285e-05,0
1.84507929767985e-11,0
3.52355561394901e-10,0
0.0328056365251541,0
0.999854207038879,0
5.2462256137616e-15,0
0.939566016197205,0
2.81252923741704e-05,0
2.29168595211604e-09,0
0.0144555130973458,0
0.0011305317748338,0
0.994297444820404,0
5.17673577615785e-11,0
5.41228655492887e-05,0
0.000184744043508545,0
1.00277316050779e-06,0
1.3455638825377e-09,0
4.64274732023192e-20,0
0.992897987365723,0
6.28302871064079e-07,0
0.914513885974884,0
1,0
2.33261435340915e-13,0
7.97144963371466e-08,0
0.00108208681922406,0
0.000103933169157244,0
4.07081330422443e-07,0
7.43184513929407e-10,0
0.883610010147095,0
0.00884615071117878,0
9.67102309346046e-08,0
5.41423560207477e-06,0
0.997722446918488,0
1.48604639336157e-13,0
0.944792211055756,0
2.12795470133642e-07,0
3.53138895903271e-09,0
0.0264960024505854,0
0.247283577919006,0
0.527683794498444,0
1.89470174518647e-05,0
3.43328849794489e-07,0
0.000488034565933049,0
8.07202471531099e-10,0
0.94361937046051,0
2.33261435340915e-13,0
0.0969663262367249,0
4.64274732023192e-20,0
1.02941858131089e-05,0
0.237400889396667,0
1.53512348232548e-13,0
0.00012660477659665,0
5.73516517761163e-05,0
8.90455896907848e-19,0
0.000789476209320128,0
8.66916309405497e-07,0
0.00274322764016688,0
0.139569163322449,0
0.0912168025970459,0
0.00339923612773418,0
1.62911405254818e-07,0
4.56099186196823e-11,0
0.207840263843536,0
8.27510282519484e-10,0
5.91846927022743e-08,0
0.000991921173408628,0
7.57417684127404e-10,0
0.0264960024505854,0
0.147355541586876,0
3.61725896580982e-16,0
1.43931713769696e-10,0
0.000235884013818577,0
7.56556761682958e-11,0
8.15783385288427e-10,0
1.94923799767821e-07,0
6.23932010057615e-07,0
0.0584064684808254,0
1.99102327913493e-14,0
0.0102835530415177,0
5.30837880319268e-08,0
0.15559259057045,0
3.40396800311282e-05,0
0.987589418888092,0
1,0
0.00322763016447425,0
0.999866604804993,0
0.00180774158798158,0
3.11642907036003e-06,0
6.01347096562677e-08,0
5.11859958862715e-08,0
0.283113270998001,0
0.983676016330719,0
5.7265563818687e-13,0
3.61725896580982e-16,0
0.520581960678101,0
0.147355541586876,0
3.52355561394901e-10,0
7.59917823112133e-11,0
0.869037508964539,0
6.47168540979237e-09,0
5.73516517761163e-05,0
0.617048025131226,0
3.30702154549556e-09,0
2.26349766307976e-05,0
1.97041322280711e-06,0
2.32620867013367e-12,0
0.147355541586876,0
2.81392967735883e-05,0
5.9146714193048e-07,0
5.41336048627272e-05,0
0.00017411464068573,0
0.00735787395387888,0
0.00263184914365411,0
0.944049954414368,0
2.81252923741704e-05,0
0.0816091820597649,0
0.0912168025970459,0
6.51006303087343e-06,0
0.00750251719728112,0
7.17729108146159e-07,0
1.90697191371214e-09,0
9.62943090598856e-07,0
6.92845000122011e-12,0
7.57417684127404e-10,0
0.469978451728821,0
0.000798252411186695,0
1.85607760272433e-07,0
0.989200353622437,0
0.314340651035309,0
1.07388820058674e-10,0
9.53797325564665e-08,0
3.6789049649198e-17,0
8.23579114239692e-07,0
1.24101916298969e-07,0
5.51822950001224e-07,0
0.00249000824987888,0
0.00323837273754179,0
0.00884615071117878,0
9.70413172041162e-09,0
2.41046564042335e-05,0
0.169025599956512,0
4.12580343153723e-12,0
1.99102327913493e-14,0
9.74860299152169e-08,0
1.00201032182667e-06,0
3.66970998584293e-05,0
1.39948070909668e-08,0
0.000733701512217522,0
0.0264960024505854,0
5.54490134363483e-12,0
2.0363883309108e-15,0
1.18427565930918e-13,0
2.53861198729055e-08,0
0.00675311544910073,0
1.19163234835185e-10,0
3.57569042535033e-05,0
0.000901493185665458,0
3.73703142031445e-06,0
0.002331756753847,0
0.00775765022262931,0
1.89895636140136e-05,0
1.35706434978289e-09,0
0.000252552243182436,0
2.77763145817289e-08,0
0.1968654692173,0
1.86104430477396e-11,0
0.999999403953552,0
0.0405391417443752,0
0.00518355006352067,0
6.25767127004906e-09,0
0.0195824410766363,0
0.00274322764016688,0
1.98508276483267e-09,0
0.00225346791557968,0
4.73119580419734e-05,0
8.4634841357456e-08,0
0.0912168025970459,0
5.84155600336089e-07,0
0.023790281265974,0
8.87033747858368e-05,0
1.60945731408901e-07,0
3.95953208371866e-14,0
0.351890385150909,0
1.67445648457942e-06,0
0.996854245662689,0
0.998917937278748,0
0.343246012926102,0
0.801650404930115,0
1.12924176953744e-10,0
0.0152781000360847,0
0.000109860106022097,0
0.999861240386963,0
0.00143475108779967,0
1.73846252948806e-08,0
0.00249000824987888,0
0.0093171177431941,0
0.000252552243182436,0
4.23143964312089e-09,0
0.0152781000360847,0
3.68851749144028e-09,0
9.08205066707524e-09,0
4.12580343153723e-12,0
8.95835050584992e-09,0
2.92597150064466e-07,0
0.986513674259186,0
0.00314560113474727,0
6.77617947530962e-07,0
1.91289086615143e-06,0
0.247283577919006,0
4.64274732023192e-20,0
0.99999988079071,0
0.00374372163787484,0
7.79368534153946e-08,0
6.28302871064079e-07,0
1.0318907506246e-08,0
5.48835377145451e-09,0
0.000173187741893344,0
3.80250692044726e-12,0
2.81392967735883e-05,0
1.84507929767985e-11,0
0.924880027770996,0
0.999763548374176,0
0.00114079436752945,0
7.6945971159148e-06,0
0.247283577919006,0
8.66282656719619e-10,0
0.000175422785105184,0
4.95662809841396e-14,0
0.000180036397068761,0
4.73119580419734e-05,0
7.17729108146159e-07,0
0.000180036397068761,0
2.49344767055959e-10,0
0.000556967803277075,0
5.18066857236656e-18,0
1.54006241093185e-09,0
1,0
1.86301818416723e-08,0
0.998404085636139,0
0.237400889396667,0
0.363749146461487,0
3.67786734400966e-09,0
2.88142746285303e-05,0
0.944049954414368,0
6.83538701196085e-06,0
1.87899113370804e-05,0
0.999980449676514,0
6.47804254683138e-10,0
1.10071334802342e-06,0
0.00185340875759721,0
4.77726261327582e-11,0
0.000109207321656868,0
0.687986254692078,0
4.51558207714697e-06,0
6.50082074571401e-05,0
2.13696102946415e-06,0
0.000789476209320128,0
1.56368805619422e-05,0
1,0
8.07202471531099e-10,0
4.30806296669237e-13,0
7.5398645549285e-08,0
3.46620399795938e-05,0
2.33261435340915e-13,0
8.65411493577994e-08,0
3.42915228657148e-07,0
1.39519634103635e-05,0
0.000232292484724894,0
0.400438725948334,0
1.06141051503528e-08,0
7.2251923953319e-14,0
1.77593784123076e-09,0
4.24476143123798e-09,0
5.73516517761163e-05,0
0.924880027770996,0
1.8933451428893e-05,0
0.00143475108779967,0
1,0
0.990123808383942,0
2.27628182969397e-09,0
0.00108208681922406,0
2.98378072329797e-05,0
0.000372375419829041,0
3.61725896580982e-16,0
0.0299146585166454,0
4.40033653958949e-09,0
0.344339162111282,0
2.09626959986053e-05,0
2.28984713135372e-12,0
0.00124932383187115,0
0.00143475108779967,0
0.00686868466436863,0
2.81252923741704e-05,0
3.4166816931247e-08,0
0.00026461627567187,0
1,0
0.00253192544914782,0
0.00495318369939923,0
0.00373309082351625,0
8.51744607643923e-06,0
8.07202471531099e-10,0
0.000436942704254761,0
5.2462256137616e-15,0
8.63487116475881e-07,0
0.000813227146863937,0
1.49310119823554e-09,0
0.000556967803277075,0
0.0012021855218336,0
4.31795124313794e-05,0
0.554737091064453,0
5.54490134363483e-12,0
0.944049954414368,0
0.000275556929409504,0
4.22587327193469e-05,0
1.44018986247829e-05,0
3.79249769366652e-07,0
0.981717467308044,0
0.00207888637669384,0
5.66746093682013e-05,0
0.00143475108779967,0
2.81563782705829e-11,0
3.0196368243196e-05,0
6.23932010057615e-07,0
0.147355541586876,0
4.47503989420284e-09,0
1.30073362925032e-06,0
0.987478256225586,0
8.89528359825087e-13,0
0.000934511888772249,0
4.39140137586946e-07,0
0.99999988079071,0
0.916576504707336,0
1.07388820058674e-10,0
4.67661338916514e-05,0
0.99999988079071,0
2.96058740902806e-16,0
1.83468404912901e-08,0
1.16877572509111e-06,0
8.34074762678938e-06,0
0.147355541586876,0
1.67796478933724e-08,0
0.147355541586876,0
0.00225534033961594,0
5.44547695824349e-09,0
3.24792426908971e-06,0
9.62943090598856e-07,0
1.77640169826514e-13,0
0.00373200187459588,0
0.00159117137081921,0
2.46375748247374e-07,0
1.99102327913493e-14,0
0.0969663262367249,0
1.77008893653685e-11,0
5.92521400054422e-15,0
0.0264960024505854,0
1.74254822127295e-07,0
0.382136672735214,0
2.47459198314884e-13,0
0.000479181879200041,0
2.64120501469733e-07,0
1.98966063180706e-06,0
0.0187335051596165,0
0.00143475108779967,0
0.000358478486305103,0
0.989200353622437,0
0.0152781000360847,0
0.0144555130973458,0
4.39680861163971e-11,0
1.34619824621041e-06,0
2.04018675731277e-07,0
1.94923799767821e-07,0
1,0
0.00323837273754179,0
2.88142746285303e-05,0
5.28888088879853e-09,0
6.23932010057615e-07,0
1.33322741735498e-09,0
2.81252923741704e-05,0
0.00207888637669384,0
1.18666539492551e-05,0
2.28592508420486e-15,0
2.71777366833703e-06,0
0.00026461627567187,0
0.00263184914365411,0
0.388080984354019,0
3.00067964894353e-15,0
7.57417684127404e-10,0
0.999994516372681,0
1.19163234835185e-10,0
8.90455896907848e-19,0
2.89779072772944e-05,0
2.97438562668617e-09,0
0.301621377468109,0
3.66478900559741e-07,0
0.00884615071117878,0
5.38844702191454e-08,0
0.911706626415253,0
0.00185404566582292,0
3.40501377094071e-10,0
0.000733701512217522,0
0.994297444820404,0
2.21012166901069e-10,0
7.56556761682958e-11,0
2.91106037053623e-08,0
3.09676941867565e-08,0
2.0761923430479e-11,0
1.18740162147191e-09,0
3.74859268958971e-07,0
0.00143475108779967,0
1.85369248839606e-08,0
8.51744607643923e-06,0
3.52355561394901e-10,0
2.59108082900639e-06,0
2.57337472728617e-13,0
0.0584064684808254,0
0.277273803949356,0
0.0405391417443752,0
0.000789476209320128,0
5.03996743645985e-05,0
0.914381802082062,0
1.67796478933724e-08,0
2.85269067035188e-07,0
8.87033747858368e-05,0
4.12603458244121e-06,0
0.0405391417443752,0
0.000240015710005537,0
4.19463049183832e-07,0
1.862556564447e-05,0
0.00249000824987888,0
0.999935507774353,0
1.20975607842411e-06,0
5.69271264794224e-07,0
4.61204444945906e-06,0
0.000168101105373353,0
1.29211215948999e-07,0
3.61725896580982e-16,0
0.00322763016447425,0
0.999884486198425,0
1.17870331450831e-06,0
0.761718511581421,0
1.22773153634625e-05,0
5.85020279686432e-06,0
6.14245937100022e-12,0
0.0405391417443752,0
2.28435426130602e-09,0
0.000180036397068761,0
0.277273803949356,0
4.20652909342368e-15,0
0.147355541586876,0
2.33261435340915e-13,0
9.3916367738256e-13,0
1.45061562761839e-08,0
0.998177051544189,0
6.06157664151397e-06,0
0.237400889396667,0
5.2739954981007e-07,0
0.00039784237742424,0
0.000232292484724894,0
0.000789476209320128,0
0.0176982507109642,0
1.74272081494564e-05,0
0.000567929993849248,0
5.30837880319268e-08,0
0.147355541586876,0
9.72434690993396e-07,0
0.688229978084564,0
5.09388655700604e-07,0
8.10431083664298e-05,0
0.0441280342638493,0
2.81252923741704e-05,0
0.147355541586876,0
1.57221875269897e-05,0
0.000573914148844779,0
0.000252552243182436,0
0.000479181879200041,0
0.000445464247604832,0
0.113953046500683,0
9.67102309346046e-08,0
6.80497862504126e-07,0
0.000681174045894295,0
0.147355541586876,0
2.81252923741704e-05,0
1.99102327913493e-14,0
5.41336048627272e-05,0
0.999623656272888,0
4.10908693139131e-14,0
3.38654208462685e-05,0
1.95781685761176e-05,0
0.0121046500280499,0
1.94923799767821e-07,0
9.62943090598856e-07,0
6.23932010057615e-07,0
0.00884615071117878,0
4.88022564582025e-08,0
0.000589730800129473,0
6.63347527734004e-05,0
0.000344000436598435,0
2.33261435340915e-13,0
0.000229024924919941,0
3.85954945159028e-06,0
5.30837880319268e-08,0
1.96025279342038e-10,0
3.14193897565929e-07,0
2.99713249773959e-08,0
0.0661580488085747,0
0.0721776708960533,0
0.924880027770996,0
0.0144555130973458,0
0.000410986831411719,0
6.69835409361497e-10,0
3.53306148781485e-08,0
5.62094433498306e-11,0
0.00207888637669384,0
0.0011305317748338,0
0.983396589756012,0
7.6945971159148e-06,0
1.85607760272433e-07,0
0.24725253880024,0
2.32047099757438e-07,0
2.01158551621505e-11,0
3.02108901450993e-07,0
2.32047099757438e-07,0
2.81392967735883e-05,0
0.0328056365251541,0
1.48604639336157e-13,0
1.76503999682609e-06,0
4.24338519877665e-09,0
2.92551021630061e-06,0
1.78165961983723e-07,0
0.987905621528625,0
1.22121179835233e-09,0
3.52355561394901e-10,0
0.690453946590424,0
0.000789476209320128,0
0.000733701512217522,0
0.977523803710938,0
2.81252923741704e-05,0
1.73846252948806e-08,0
5.28073505847715e-05,0
0.000252552243182436,0
0.00884615071117878,0
1.57215924900811e-06,0
5.2462256137616e-15,0
5.2462256137616e-15,0
1.57221875269897e-05,0
3.77683719374567e-17,0
2.92597150064466e-07,0
3.1475046569085e-08,0
1.54469937275331e-12,0
8.165365215973e-06,0
2.92551021630061e-06,0
0.000681174045894295,0
0.515314102172852,0
0.999997854232788,0
5.25884169544355e-10,0
1.69317544873593e-07,0
0.00170387607067823,0
1.78165961983723e-07,0
8.53241414154604e-13,0
0.00249000824987888,0
1.40163765536272e-05,0
1.49310119823554e-09,0
1.22121179835233e-09,0
1.51365043166152e-07,0
8.23579114239692e-07,0
0.999935746192932,0
1.80073946864923e-08,0
0.0304872561246157,0
0.00884615071117878,0
0.00274322764016688,0
2.64480206624285e-07,0
0.000494973210152239,0
3.57569042535033e-05,0
1.18216439659591e-05,0
1.65290589393408e-06,0
2.00343670542225e-08,0
