Prey,Predator,PreyMass,PredatorMass
Navicula aboensis,Polypedilum nubeculosum,3e-09,5.88e-05
Navicula atomus,Polypedilum nubeculosum,1.29e-08,5.88e-05
Navicula cari,Polypedilum nubeculosum,2.99e-08,5.88e-05
Navicula cincta,Polypedilum nubeculosum,4.94e-09,5.88e-05
Navicula ignota,Polypedilum nubeculosum,2.41e-09,5.88e-05
Navicula lanceolata,Polypedilum nubeculosum,3.66e-08,5.88e-05
Navicula margalithii,Polypedilum nubeculosum,1.29e-08,5.88e-05
Navicula menisculus,Polypedilum nubeculosum,3.19e-08,5.88e-05
Navicula radiosa,Polypedilum nubeculosum,1.29e-08,5.88e-05
Navicula seminulum,Polypedilum nubeculosum,1.29e-08,5.88e-05
Navicula subminuscula,Polypedilum nubeculosum,1.12e-09,5.88e-05
Navicula tripunctata,Polypedilum nubeculosum,2.47e-08,5.88e-05
Nitzschia palea,Polypedilum nubeculosum,5e-09,5.88e-05
Nitzschia wuellerstorfii,Polypedilum nubeculosum,6e-09,5.88e-05
Chaetocladius dentiforceps,Plectrocnemia conspersa,0.00017243,6.77e-05
Gammarus pulex,Plectrocnemia conspersa,0.002619697,6.77e-05
Leuctra fusca,Plectrocnemia conspersa,0.000710175,6.77e-05
Microtendipes pedellus,Plectrocnemia conspersa,0.000565952,6.77e-05
Nilotanypus,Plectrocnemia conspersa,7.01e-05,6.77e-05
Oligochaeta,Plectrocnemia conspersa,0.003491193,6.77e-05
Parakiefferiella bathophila,Plectrocnemia conspersa,3.97e-05,6.77e-05
Parametriocnemus stylatus,Plectrocnemia conspersa,0.000104589,6.77e-05
Amphora inariensis,Nilotanypus,1.16e-09,7.01e-05
Apsectrotanypus trifascipennis,Nilotanypus,0.001134434,7.01e-05
Baetis rhodani,Nilotanypus,0.000494686,7.01e-05
Baetis scambus,Nilotanypus,0.000290877,7.01e-05
Baetis vernus,Nilotanypus,0.000137069,7.01e-05
Chaetocladius dentiforceps,Nilotanypus,0.00017243,7.01e-05
Cocconeis disculus,Nilotanypus,1.37e-08,7.01e-05
Cocconeis pediculus,Nilotanypus,4.51e-08,7.01e-05
Cocconeis placentula,Nilotanypus,1.49e-08,7.01e-05
Corynoneura,Nilotanypus,6.98e-06,7.01e-05
Cricotopus bicinctus,Nilotanypus,0.000129092,7.01e-05
Elmis aenea,Nilotanypus,0.000200594,7.01e-05
Epoicocladius flavens,Nilotanypus,9.71e-05,7.01e-05
Eukiefferiella claripennis,Nilotanypus,9.3e-05,7.01e-05
Gomphonema olivaceum,Nilotanypus,4.42e-09,7.01e-05
Heleniella ornaticollis,Nilotanypus,5.43e-05,7.01e-05
Leuctra fusca,Nilotanypus,0.000710175,7.01e-05
Nanocladius rectinervis,Nilotanypus,0.000115701,7.01e-05
Navicula aboensis,Nilotanypus,3e-09,7.01e-05
Navicula atomus,Nilotanypus,1.29e-08,7.01e-05
Navicula cari,Nilotanypus,2.99e-08,7.01e-05
Navicula cincta,Nilotanypus,4.94e-09,7.01e-05
Navicula cryptonella,Nilotanypus,1.12e-08,7.01e-05
Navicula lanceolata,Nilotanypus,3.66e-08,7.01e-05
Navicula margalithii,Nilotanypus,1.29e-08,7.01e-05
Navicula minima,Nilotanypus,1.11e-09,7.01e-05
Navicula radiosa,Nilotanypus,1.29e-08,7.01e-05
Navicula seminulum,Nilotanypus,1.29e-08,7.01e-05
Navicula subminuscula,Nilotanypus,1.12e-09,7.01e-05
Cocconeis disculus,Cryptochironomus,1.37e-08,8.92e-05
Cocconeis pediculus,Cryptochironomus,4.51e-08,8.92e-05
Cocconeis placentula,Cryptochironomus,1.49e-08,8.92e-05
Cocconeis pseudothumensis,Cryptochironomus,6.19e-09,8.92e-05
Navicula aboensis,Tanytarsini,3e-09,9.86e-05
Navicula atomus,Tanytarsini,1.29e-08,9.86e-05
Navicula cryptonella,Tanytarsini,1.12e-08,9.86e-05
Navicula minima,Tanytarsini,1.11e-09,9.86e-05
Nitzschia dissipata,Tanytarsini,4.7e-10,9.86e-05
Nitzschia wuellerstorfii,Tanytarsini,6e-09,9.86e-05
Amphora inariensis,Leptoceridae,1.16e-09,0.000106621
Apsectrotanypus trifascipennis,Leptoceridae,0.001134434,0.000106621
Brillia modesta,Leptoceridae,0.000276125,0.000106621
Cocconeis disculus,Leptoceridae,1.37e-08,0.000106621
Cocconeis pediculus,Leptoceridae,4.51e-08,0.000106621
Cocconeis placentula,Leptoceridae,1.49e-08,0.000106621
Cocconeis pseudothumensis,Leptoceridae,6.19e-09,0.000106621
Corynoneura,Leptoceridae,6.98e-06,0.000106621
Cricotopus,Leptoceridae,9.89e-05,0.000106621
Cricotopus bicinctus,Leptoceridae,0.000129092,0.000106621
Eukiefferiella claripennis,Leptoceridae,9.3e-05,0.000106621
Heleniella ornaticollis,Leptoceridae,5.43e-05,0.000106621
Gomphonema olivaceum,Polypedilum convictum,4.42e-09,0.000118642
Navicula aboensis,Polypedilum convictum,3e-09,0.000118642
Navicula cari,Polypedilum convictum,2.99e-08,0.000118642
Navicula cincta,Polypedilum convictum,4.94e-09,0.000118642
Navicula lanceolata,Polypedilum convictum,3.66e-08,0.000118642
Navicula margalithii,Polypedilum convictum,1.29e-08,0.000118642
Navicula radiosa,Polypedilum convictum,1.29e-08,0.000118642
Nitzschia dissipata,Polypedilum convictum,4.7e-10,0.000118642
Nitzschia linearis,Polypedilum convictum,6e-09,0.000118642
Nitzschia wuellerstorfii,Polypedilum convictum,6e-09,0.000118642
Gomphonema olivaceum,Phaenopsectra flavipes,4.42e-09,0.000192703
Navicula cari,Phaenopsectra flavipes,2.99e-08,0.000192703
Navicula cincta,Phaenopsectra flavipes,4.94e-09,0.000192703
Navicula cryptonella,Phaenopsectra flavipes,1.12e-08,0.000192703
Navicula ignota,Phaenopsectra flavipes,2.41e-09,0.000192703
Navicula lanceolata,Phaenopsectra flavipes,3.66e-08,0.000192703
Navicula margalithii,Phaenopsectra flavipes,1.29e-08,0.000192703
Navicula menisculus,Phaenopsectra flavipes,3.19e-08,0.000192703
Navicula seminulum,Phaenopsectra flavipes,1.29e-08,0.000192703
Navicula subminuscula,Phaenopsectra flavipes,1.12e-09,0.000192703
Navicula tripunctata,Phaenopsectra flavipes,2.47e-08,0.000192703
Nitzschia dissipata,Phaenopsectra flavipes,4.7e-10,0.000192703
Nitzschia linearis,Phaenopsectra flavipes,6e-09,0.000192703
Nitzschia palea,Phaenopsectra flavipes,5e-09,0.000192703
Brillia modesta,Oecetis ochracea,0.000276125,0.000274297
Chaetocladius dentiforceps,Oecetis ochracea,0.00017243,0.000274297
Corynoneura,Oecetis ochracea,6.98e-06,0.000274297
Cricotopus,Oecetis ochracea,9.89e-05,0.000274297
Cricotopus bicinctus,Oecetis ochracea,0.000129092,0.000274297
Epoicocladius flavens,Oecetis ochracea,9.71e-05,0.000274297
Eukiefferiella claripennis,Oecetis ochracea,9.3e-05,0.000274297
Nanocladius rectinervis,Oecetis ochracea,0.000115701,0.000274297
Brillia modesta,Hydracarina,0.000276125,0.000297917
Chaetocladius dentiforceps,Hydracarina,0.00017243,0.000297917
Corynoneura,Hydracarina,6.98e-06,0.000297917
Cricotopus bicinctus,Hydracarina,0.000129092,0.000297917
Epoicocladius flavens,Hydracarina,9.71e-05,0.000297917
Eukiefferiella claripennis,Hydracarina,9.3e-05,0.000297917
Heleniella ornaticollis,Hydracarina,5.43e-05,0.000297917
Apsectrotanypus trifascipennis,Heremodromia,0.001134434,0.000368957
Brillia modesta,Heremodromia,0.000276125,0.000368957
Chaetocladius dentiforceps,Heremodromia,0.00017243,0.000368957
Corynoneura,Heremodromia,6.98e-06,0.000368957
Cricotopus bicinctus,Heremodromia,0.000129092,0.000368957
Epoicocladius flavens,Heremodromia,9.71e-05,0.000368957
Eukiefferiella claripennis,Heremodromia,9.3e-05,0.000368957
Heleniella ornaticollis,Heremodromia,5.43e-05,0.000368957
Amphora aequalis,Athripsodes,8.65e-10,0.000489975
Amphora pediculus,Athripsodes,5.23e-10,0.000489975
Amphora aequalis,Thienemannimyia,8.65e-10,0.000528527
Amphora pediculus,Thienemannimyia,5.23e-10,0.000528527
Cocconeis disculus,Thienemannimyia,1.37e-08,0.000528527
Cocconeis pediculus,Thienemannimyia,4.51e-08,0.000528527
Cocconeis placentula,Thienemannimyia,1.49e-08,0.000528527
Corynoneura,Thienemannimyia,6.98e-06,0.000528527
Cricotopus,Thienemannimyia,9.89e-05,0.000528527
Eukiefferiella claripennis,Thienemannimyia,9.3e-05,0.000528527
Gomphonema olivaceum,Thienemannimyia,4.42e-09,0.000528527
Heleniella ornaticollis,Thienemannimyia,5.43e-05,0.000528527
Nanocladius rectinervis,Thienemannimyia,0.000115701,0.000528527
Navicula aboensis,Thienemannimyia,3e-09,0.000528527
Navicula atomus,Thienemannimyia,1.29e-08,0.000528527
Navicula cari,Thienemannimyia,2.99e-08,0.000528527
Navicula cincta,Thienemannimyia,4.94e-09,0.000528527
Navicula cryptonella,Thienemannimyia,1.12e-08,0.000528527
Navicula ignota,Thienemannimyia,2.41e-09,0.000528527
Navicula lanceolata,Thienemannimyia,3.66e-08,0.000528527
Navicula margalithii,Thienemannimyia,1.29e-08,0.000528527
Navicula menisculus,Thienemannimyia,3.19e-08,0.000528527
Navicula minima,Thienemannimyia,1.11e-09,0.000528527
Navicula radiosa,Thienemannimyia,1.29e-08,0.000528527
Navicula seminulum,Thienemannimyia,1.29e-08,0.000528527
Navicula subminuscula,Thienemannimyia,1.12e-09,0.000528527
Navicula tripunctata,Thienemannimyia,2.47e-08,0.000528527
Nitzschia dissipata,Thienemannimyia,4.7e-10,0.000528527
Nitzschia linearis,Thienemannimyia,6e-09,0.000528527
Nitzschia palea,Thienemannimyia,5e-09,0.000528527
Nitzschia wuellerstorfii,Thienemannimyia,6e-09,0.000528527
Oligochaeta,Thienemannimyia,0.003491193,0.000528527
Parakiefferiella bathophila,Thienemannimyia,3.97e-05,0.000528527
Paraleptophlebia submarginata,Thienemannimyia,0.002164783,0.000528527
Parametriocnemus stylatus,Thienemannimyia,0.000104589,0.000528527
Phaenopsectra flavipes,Thienemannimyia,0.000192703,0.000528527
Polypedilum convictum,Thienemannimyia,0.000118642,0.000528527
Polypedilum nubeculosum,Thienemannimyia,5.88e-05,0.000528527
Pseudorthocladius,Thienemannimyia,0.000338411,0.000528527
Synorthocladius semivirens,Thienemannimyia,0.000144423,0.000528527
Tanytarsini,Thienemannimyia,9.86e-05,0.000528527
Cocconeis disculus,Microtendipes pedellus,1.37e-08,0.000565952
Cocconeis pediculus,Microtendipes pedellus,4.51e-08,0.000565952
Cocconeis placentula,Microtendipes pedellus,1.49e-08,0.000565952
Diatoma vulgaris,Microtendipes pedellus,6.01e-08,0.000565952
Encyonema silesiacum,Microtendipes pedellus,3.45e-09,0.000565952
Fragilaria ulna,Microtendipes pedellus,5.25e-08,0.000565952
Gomphonema olivaceum,Microtendipes pedellus,4.42e-09,0.000565952
Achnanthes lanceolata,Dicranota,3.62e-09,0.000789018
Achnanthes minutissima,Dicranota,9.13e-10,0.000789018
Achnanthes ploenensis,Dicranota,3.3e-09,0.000789018
Apsectrotanypus trifascipennis,Dicranota,0.001134434,0.000789018
Brillia modesta,Dicranota,0.000276125,0.000789018
Chaetocladius dentiforceps,Dicranota,0.00017243,0.000789018
Corynoneura,Dicranota,6.98e-06,0.000789018
Cricotopus,Dicranota,9.89e-05,0.000789018
Diatoma vulgaris,Dicranota,6.01e-08,0.000789018
Chaetocladius dentiforceps,Serratella ignita,0.00017243,0.000836414
Corynoneura,Serratella ignita,6.98e-06,0.000836414
Cricotopus,Serratella ignita,9.89e-05,0.000836414
Cricotopus bicinctus,Serratella ignita,0.000129092,0.000836414
Epoicocladius flavens,Serratella ignita,9.71e-05,0.000836414
Eukiefferiella claripennis,Serratella ignita,9.3e-05,0.000836414
Heleniella ornaticollis,Serratella ignita,5.43e-05,0.000836414
Microtendipes pedellus,Serratella ignita,0.000565952,0.000836414
Nanocladius rectinervis,Serratella ignita,0.000115701,0.000836414
Nilotanypus,Serratella ignita,7.01e-05,0.000836414
Parakiefferiella bathophila,Serratella ignita,3.97e-05,0.000836414
Parametriocnemus stylatus,Serratella ignita,0.000104589,0.000836414
Polypedilum nubeculosum,Serratella ignita,5.88e-05,0.000836414
Amphora aequalis,Apsectrotanypus trifascipennis,8.65e-10,0.001134434
Amphora pediculus,Apsectrotanypus trifascipennis,5.23e-10,0.001134434
Amphora inariensis,Polycentropus flavomaculatus,1.16e-09,0.001258982
Apsectrotanypus trifascipennis,Polycentropus flavomaculatus,0.001134434,0.001258982
Baetis vernus,Polycentropus flavomaculatus,0.000137069,0.001258982
Chaetocladius dentiforceps,Polycentropus flavomaculatus,0.00017243,0.001258982
Cocconeis disculus,Polycentropus flavomaculatus,1.37e-08,0.001258982
Cocconeis pediculus,Polycentropus flavomaculatus,4.51e-08,0.001258982
Cocconeis placentula,Polycentropus flavomaculatus,1.49e-08,0.001258982
Cocconeis pseudothumensis,Polycentropus flavomaculatus,6.19e-09,0.001258982
Cricotopus bicinctus,Polycentropus flavomaculatus,0.000129092,0.001258982
Ephemera danica,Polycentropus flavomaculatus,0.002057182,0.001258982
Gammarus pulex,Polycentropus flavomaculatus,0.002619697,0.001258982
Gomphonema olivaceum,Polycentropus flavomaculatus,4.42e-09,0.001258982
Limnephilus lunatus,Polycentropus flavomaculatus,0.003254021,0.001258982
Microtendipes pedellus,Polycentropus flavomaculatus,0.000565952,0.001258982
Navicula aboensis,Polycentropus flavomaculatus,3e-09,0.001258982
Navicula atomus,Polycentropus flavomaculatus,1.29e-08,0.001258982
Navicula cari,Polycentropus flavomaculatus,2.99e-08,0.001258982
Navicula cincta,Polycentropus flavomaculatus,4.94e-09,0.001258982
Navicula cryptonella,Polycentropus flavomaculatus,1.12e-08,0.001258982
Navicula ignota,Polycentropus flavomaculatus,2.41e-09,0.001258982
Navicula lanceolata,Polycentropus flavomaculatus,3.66e-08,0.001258982
Navicula margalithii,Polycentropus flavomaculatus,1.29e-08,0.001258982
Navicula menisculus,Polycentropus flavomaculatus,3.19e-08,0.001258982
Navicula minima,Polycentropus flavomaculatus,1.11e-09,0.001258982
Navicula radiosa,Polycentropus flavomaculatus,1.29e-08,0.001258982
Navicula seminulum,Polycentropus flavomaculatus,1.29e-08,0.001258982
Navicula subminuscula,Polycentropus flavomaculatus,1.12e-09,0.001258982
Navicula tripunctata,Polycentropus flavomaculatus,2.47e-08,0.001258982
Parametriocnemus stylatus,Polycentropus flavomaculatus,0.000104589,0.001258982
Apsectrotanypus trifascipennis,Polycelis tenuis,0.001134434,0.001337911
Brillia modesta,Polycelis tenuis,0.000276125,0.001337911
Chaetocladius dentiforceps,Polycelis tenuis,0.00017243,0.001337911
Corynoneura,Polycelis tenuis,6.98e-06,0.001337911
Cricotopus,Polycelis tenuis,9.89e-05,0.001337911
Cryptochironomus,Polycelis tenuis,8.92e-05,0.001337911
Epoicocladius flavens,Polycelis tenuis,9.71e-05,0.001337911
Eukiefferiella claripennis,Polycelis tenuis,9.3e-05,0.001337911
Nanocladius rectinervis,Polycelis tenuis,0.000115701,0.001337911
Parakiefferiella bathophila,Polycelis tenuis,3.97e-05,0.001337911
Parametriocnemus stylatus,Polycelis tenuis,0.000104589,0.001337911
Phaenopsectra flavipes,Polycelis tenuis,0.000192703,0.001337911
Amphora inariensis,Sericostoma personatum,1.16e-09,0.002043844
Chaetocladius dentiforceps,Sericostoma personatum,0.00017243,0.002043844
Cocconeis disculus,Sericostoma personatum,1.37e-08,0.002043844
Cocconeis placentula,Sericostoma personatum,1.49e-08,0.002043844
Cricotopus,Sericostoma personatum,9.89e-05,0.002043844
Cricotopus bicinctus,Sericostoma personatum,0.000129092,0.002043844
Epoicocladius flavens,Sericostoma personatum,9.71e-05,0.002043844
Eukiefferiella claripennis,Sericostoma personatum,9.3e-05,0.002043844
Gomphonema olivaceum,Sericostoma personatum,4.42e-09,0.002043844
Heleniella ornaticollis,Sericostoma personatum,5.43e-05,0.002043844
Nanocladius rectinervis,Sericostoma personatum,0.000115701,0.002043844
Navicula atomus,Sericostoma personatum,1.29e-08,0.002043844
Navicula cari,Sericostoma personatum,2.99e-08,0.002043844
Navicula cincta,Sericostoma personatum,4.94e-09,0.002043844
Navicula cryptonella,Sericostoma personatum,1.12e-08,0.002043844
Navicula ignota,Sericostoma personatum,2.41e-09,0.002043844
Navicula lanceolata,Sericostoma personatum,3.66e-08,0.002043844
Navicula margalithii,Sericostoma personatum,1.29e-08,0.002043844
Navicula radiosa,Sericostoma personatum,1.29e-08,0.002043844
Navicula seminulum,Sericostoma personatum,1.29e-08,0.002043844
Nitzschia dissipata,Sericostoma personatum,4.7e-10,0.002043844
Nitzschia linearis,Sericostoma personatum,6e-09,0.002043844
Nitzschia wuellerstorfii,Sericostoma personatum,6e-09,0.002043844
Phaenopsectra flavipes,Sericostoma personatum,0.000192703,0.002043844
Polypedilum convictum,Sericostoma personatum,0.000118642,0.002043844
Polypedilum nubeculosum,Sericostoma personatum,5.88e-05,0.002043844
Achnanthes lanceolata,Chaetopteryx villosa,3.62e-09,0.002079257
Amphora aequalis,Chaetopteryx villosa,8.65e-10,0.002079257
Amphora inariensis,Chaetopteryx villosa,1.16e-09,0.002079257
Amphora pediculus,Chaetopteryx villosa,5.23e-10,0.002079257
Caloneis bacillum,Chaetopteryx villosa,1.37e-08,0.002079257
Achnanthes lanceolata,Gammarus pulex,3.62e-09,0.002619697
Achnanthes ploenensis,Gammarus pulex,3.3e-09,0.002619697
Amphora aequalis,Gammarus pulex,8.65e-10,0.002619697
Amphora inariensis,Gammarus pulex,1.16e-09,0.002619697
Amphora pediculus,Gammarus pulex,5.23e-10,0.002619697
Baetis vernus,Gammarus pulex,0.000137069,0.002619697
Brillia modesta,Gammarus pulex,0.000276125,0.002619697
Chaetocladius dentiforceps,Gammarus pulex,0.00017243,0.002619697
Cocconeis disculus,Gammarus pulex,1.37e-08,0.002619697
Cocconeis placentula,Gammarus pulex,1.49e-08,0.002619697
Diatoma vulgaris,Gammarus pulex,6.01e-08,0.002619697
Epoicocladius flavens,Gammarus pulex,9.71e-05,0.002619697
Eukiefferiella claripennis,Gammarus pulex,9.3e-05,0.002619697
Fragilaria fasciculata,Gammarus pulex,3.87e-09,0.002619697
Fragilaria ulna,Gammarus pulex,5.25e-08,0.002619697
Brillia modesta,Calopteryx splendens,0.000276125,0.002905715
Achnanthes delicatula,Limnephilus lunatus,4.41e-09,0.003254021
Achnanthes lanceolata,Limnephilus lunatus,3.62e-09,0.003254021
Achnanthes ploenensis,Limnephilus lunatus,3.3e-09,0.003254021
Amphora aequalis,Limnephilus lunatus,8.65e-10,0.003254021
Amphora inariensis,Limnephilus lunatus,1.16e-09,0.003254021
Amphora pediculus,Limnephilus lunatus,5.23e-10,0.003254021
Apsectrotanypus trifascipennis,Limnephilus lunatus,0.001134434,0.003254021
Brillia modesta,Limnephilus lunatus,0.000276125,0.003254021
Chaetocladius dentiforceps,Limnephilus lunatus,0.00017243,0.003254021
Corynoneura,Limnephilus lunatus,6.98e-06,0.003254021
Cricotopus,Limnephilus lunatus,9.89e-05,0.003254021
Epoicocladius flavens,Limnephilus lunatus,9.71e-05,0.003254021
Gomphonema olivaceum,Limnephilus lunatus,4.42e-09,0.003254021
Heleniella ornaticollis,Limnephilus lunatus,5.43e-05,0.003254021
Achnanthes lanceolata,Hydropsyche siltalai,3.62e-09,0.00599527
Amphora inariensis,Hydropsyche siltalai,1.16e-09,0.00599527
Baetis muticus,Hydropsyche siltalai,0.000385621,0.00599527
Baetis rhodani,Hydropsyche siltalai,0.000494686,0.00599527
Baetis vernus,Hydropsyche siltalai,0.000137069,0.00599527
Caloneis bacillum,Hydropsyche siltalai,1.37e-08,0.00599527
Cocconeis disculus,Hydropsyche siltalai,1.37e-08,0.00599527
Cocconeis placentula,Hydropsyche siltalai,1.49e-08,0.00599527
Cocconeis pseudothumensis,Hydropsyche siltalai,6.19e-09,0.00599527
Cricotopus,Hydropsyche siltalai,9.89e-05,0.00599527
Cricotopus bicinctus,Hydropsyche siltalai,0.000129092,0.00599527
Cymbella prostrata,Hydropsyche siltalai,3.45e-09,0.00599527
Cymbella sinuata,Hydropsyche siltalai,3.45e-09,0.00599527
Encyonema silesiacum,Hydropsyche siltalai,3.45e-09,0.00599527
Epoicocladius flavens,Hydropsyche siltalai,9.71e-05,0.00599527
Fragilaria ulna,Hydropsyche siltalai,5.25e-08,0.00599527
Gammarus pulex,Hydropsyche siltalai,0.002619697,0.00599527
Heleniella ornaticollis,Hydropsyche siltalai,5.43e-05,0.00599527
Achnanthes lanceolata,Hydropsyche pellucidula,3.62e-09,0.010215797
Achnanthes ploenensis,Hydropsyche pellucidula,3.3e-09,0.010215797
Amphora inariensis,Hydropsyche pellucidula,1.16e-09,0.010215797
Baetis muticus,Hydropsyche pellucidula,0.000385621,0.010215797
Baetis rhodani,Hydropsyche pellucidula,0.000494686,0.010215797
Caloneis bacillum,Hydropsyche pellucidula,1.37e-08,0.010215797
Chaetocladius dentiforceps,Hydropsyche pellucidula,0.00017243,0.010215797
Cocconeis disculus,Hydropsyche pellucidula,1.37e-08,0.010215797
Cocconeis placentula,Hydropsyche pellucidula,1.49e-08,0.010215797
Cocconeis pseudothumensis,Hydropsyche pellucidula,6.19e-09,0.010215797
Cricotopus,Hydropsyche pellucidula,9.89e-05,0.010215797
Cricotopus bicinctus,Hydropsyche pellucidula,0.000129092,0.010215797
Cymbella prostrata,Hydropsyche pellucidula,3.45e-09,0.010215797
Cymbella sinuata,Hydropsyche pellucidula,3.45e-09,0.010215797
Diploneis oblongella,Hydropsyche pellucidula,4.41e-09,0.010215797
Encyonema silesiacum,Hydropsyche pellucidula,3.45e-09,0.010215797
Eukiefferiella claripennis,Hydropsyche pellucidula,9.3e-05,0.010215797
Fragilaria fasciculata,Hydropsyche pellucidula,3.87e-09,0.010215797
Fragilaria ulna,Hydropsyche pellucidula,5.25e-08,0.010215797
Heleniella ornaticollis,Hydropsyche pellucidula,5.43e-05,0.010215797
Amphora inariensis,Rhyacophila dorsalis,1.16e-09,0.011377415
Amphora pediculus,Rhyacophila dorsalis,5.23e-10,0.011377415
Baetis scambus,Rhyacophila dorsalis,0.000290877,0.011377415
Brillia modesta,Rhyacophila dorsalis,0.000276125,0.011377415
Chaetocladius dentiforceps,Rhyacophila dorsalis,0.00017243,0.011377415
Cricotopus,Rhyacophila dorsalis,9.89e-05,0.011377415
Cricotopus bicinctus,Rhyacophila dorsalis,0.000129092,0.011377415
Cryptochironomus,Rhyacophila dorsalis,8.92e-05,0.011377415
Elmis aenea,Rhyacophila dorsalis,0.000200594,0.011377415
Heleniella ornaticollis,Rhyacophila dorsalis,5.43e-05,0.011377415
Heptagenia sulphurea,Rhyacophila dorsalis,0.000662409,0.011377415
Hydropsyche siltalai,Rhyacophila dorsalis,0.00599527,0.011377415
Leuctra fusca,Rhyacophila dorsalis,0.000710175,0.011377415
Oligochaeta,Rhyacophila dorsalis,0.003491193,0.011377415
Parakiefferiella bathophila,Rhyacophila dorsalis,3.97e-05,0.011377415
Parametriocnemus stylatus,Rhyacophila dorsalis,0.000104589,0.011377415
Phaenopsectra flavipes,Rhyacophila dorsalis,0.000192703,0.011377415
Polypedilum nubeculosum,Rhyacophila dorsalis,5.88e-05,0.011377415
Pseudorthocladius,Rhyacophila dorsalis,0.000338411,0.011377415
Anguilla anguilla,Piscicola geometra,49.20665418,0.025959341
Apsectrotanypus trifascipennis,Glossiphonia complanata,0.001134434,0.033558011
Corynoneura,Glossiphonia complanata,6.98e-06,0.033558011
Cricotopus bicinctus,Glossiphonia complanata,0.000129092,0.033558011
Cryptochironomus,Glossiphonia complanata,8.92e-05,0.033558011
Dicranota,Glossiphonia complanata,0.000789018,0.033558011
Epoicocladius flavens,Glossiphonia complanata,9.71e-05,0.033558011
Gammarus pulex,Glossiphonia complanata,0.002619697,0.033558011
Achnanthes lanceolata,Erpobdella octoculata,3.62e-09,0.065628281
Achnanthes minutissima,Erpobdella octoculata,9.13e-10,0.065628281
Achnanthes ploenensis,Erpobdella octoculata,3.3e-09,0.065628281
Amphora aequalis,Erpobdella octoculata,8.65e-10,0.065628281
Amphora inariensis,Erpobdella octoculata,1.16e-09,0.065628281
Amphora pediculus,Erpobdella octoculata,5.23e-10,0.065628281
Apsectrotanypus trifascipennis,Erpobdella octoculata,0.001134434,0.065628281
Brillia modesta,Erpobdella octoculata,0.000276125,0.065628281
Chaetocladius dentiforceps,Erpobdella octoculata,0.00017243,0.065628281
Cocconeis disculus,Erpobdella octoculata,1.37e-08,0.065628281
Cocconeis pediculus,Erpobdella octoculata,4.51e-08,0.065628281
Cocconeis placentula,Erpobdella octoculata,1.49e-08,0.065628281
Cocconeis pseudothumensis,Erpobdella octoculata,6.19e-09,0.065628281
Cricotopus,Erpobdella octoculata,9.89e-05,0.065628281
Cricotopus bicinctus,Erpobdella octoculata,0.000129092,0.065628281
Ephemera danica,Erpobdella octoculata,0.002057182,0.065628281
Epoicocladius flavens,Erpobdella octoculata,9.71e-05,0.065628281
Achnanthes delicatula,Gasterosteus aculeatus,4.41e-09,0.820582382
Achnanthes lanceolata,Gasterosteus aculeatus,3.62e-09,0.820582382
Achnanthes minutissima,Gasterosteus aculeatus,9.13e-10,0.820582382
Achnanthes ploenensis,Gasterosteus aculeatus,3.3e-09,0.820582382
Amphora inariensis,Gasterosteus aculeatus,1.16e-09,0.820582382
Asellus aquaticus,Gasterosteus aculeatus,0.001138759,0.820582382
Caloneis bacillum,Gasterosteus aculeatus,1.37e-08,0.820582382
Chaetocladius dentiforceps,Gasterosteus aculeatus,0.00017243,0.820582382
Cocconeis disculus,Gasterosteus aculeatus,1.37e-08,0.820582382
Cocconeis pediculus,Gasterosteus aculeatus,4.51e-08,0.820582382
Cocconeis placentula,Gasterosteus aculeatus,1.49e-08,0.820582382
Cocconeis pseudothumensis,Gasterosteus aculeatus,6.19e-09,0.820582382
Corynoneura,Gasterosteus aculeatus,6.98e-06,0.820582382
Cricotopus bicinctus,Gasterosteus aculeatus,0.000129092,0.820582382
Cymbella prostrata,Gasterosteus aculeatus,3.45e-09,0.820582382
Cymbella sinuata,Gasterosteus aculeatus,3.45e-09,0.820582382
Diatoma vulgaris,Gasterosteus aculeatus,6.01e-08,0.820582382
Encyonema silesiacum,Gasterosteus aculeatus,3.45e-09,0.820582382
Epoicocladius flavens,Gasterosteus aculeatus,9.71e-05,0.820582382
Eukiefferiella claripennis,Gasterosteus aculeatus,9.3e-05,0.820582382
Fragilaria ulna,Gasterosteus aculeatus,5.25e-08,0.820582382
Ancylus fluviatilis,Cottus gobio,0.022117974,1.413188666
Apsectrotanypus trifascipennis,Cottus gobio,0.001134434,1.413188666
Asellus aquaticus,Cottus gobio,0.001138759,1.413188666
Baetis vernus,Cottus gobio,0.000137069,1.413188666
Brillia modesta,Cottus gobio,0.000276125,1.413188666
Caenis rivulorum,Cottus gobio,0.000447935,1.413188666
Corynoneura,Cottus gobio,6.98e-06,1.413188666
Achnanthes minutissima,Phoxinus phoxinus,9.13e-10,1.895226732
Achnanthes ploenensis,Phoxinus phoxinus,3.3e-09,1.895226732
Amphora pediculus,Phoxinus phoxinus,5.23e-10,1.895226732
Anguilla anguilla,Phoxinus phoxinus,49.20665418,1.895226732
Baetis scambus,Phoxinus phoxinus,0.000290877,1.895226732
Brillia modesta,Phoxinus phoxinus,0.000276125,1.895226732
Caloneis bacillum,Phoxinus phoxinus,1.37e-08,1.895226732
Chaetocladius dentiforceps,Phoxinus phoxinus,0.00017243,1.895226732
Cocconeis placentula,Phoxinus phoxinus,1.49e-08,1.895226732
Corynoneura,Phoxinus phoxinus,6.98e-06,1.895226732
Cymbella prostrata,Phoxinus phoxinus,3.45e-09,1.895226732
Cymbella sinuata,Phoxinus phoxinus,3.45e-09,1.895226732
Diatoma vulgaris,Phoxinus phoxinus,6.01e-08,1.895226732
Diploneis oblongella,Phoxinus phoxinus,4.41e-09,1.895226732
Elmis aenea,Phoxinus phoxinus,0.000200594,1.895226732
Encyonema silesiacum,Phoxinus phoxinus,3.45e-09,1.895226732
Ephemera danica,Phoxinus phoxinus,0.002057182,1.895226732
Epoicocladius flavens,Phoxinus phoxinus,9.71e-05,1.895226732
Fragilaria fasciculata,Phoxinus phoxinus,3.87e-09,1.895226732
Fragilaria ulna,Phoxinus phoxinus,5.25e-08,1.895226732
Gomphonema olivaceum,Phoxinus phoxinus,4.42e-09,1.895226732
Heptagenia sulphurea,Phoxinus phoxinus,0.000662409,1.895226732
Hydropsyche pellucidula,Phoxinus phoxinus,0.010215797,1.895226732
Hydropsyche siltalai,Phoxinus phoxinus,0.00599527,1.895226732
Lepidostoma hirtum,Phoxinus phoxinus,0.000459813,1.895226732
Limnius volckmari,Phoxinus phoxinus,0.000546397,1.895226732
Microtendipes pedellus,Phoxinus phoxinus,0.000565952,1.895226732
Nanocladius rectinervis,Phoxinus phoxinus,0.000115701,1.895226732
Navicula aboensis,Phoxinus phoxinus,3e-09,1.895226732
Navicula atomus,Phoxinus phoxinus,1.29e-08,1.895226732
Navicula cincta,Phoxinus phoxinus,4.94e-09,1.895226732
Navicula cryptonella,Phoxinus phoxinus,1.12e-08,1.895226732
Navicula ignota,Phoxinus phoxinus,2.41e-09,1.895226732
Navicula lanceolata,Phoxinus phoxinus,3.66e-08,1.895226732
Navicula menisculus,Phoxinus phoxinus,3.19e-08,1.895226732
Navicula subminuscula,Phoxinus phoxinus,1.12e-09,1.895226732
Navicula tripunctata,Phoxinus phoxinus,2.47e-08,1.895226732
Nilotanypus,Phoxinus phoxinus,7.01e-05,1.895226732
Nitzschia dissipata,Phoxinus phoxinus,4.7e-10,1.895226732
Nitzschia palea,Phoxinus phoxinus,5e-09,1.895226732
Nitzschia wuellerstorfii,Phoxinus phoxinus,6e-09,1.895226732
Phaenopsectra flavipes,Phoxinus phoxinus,0.000192703,1.895226732
Baetis vernus,Barbatula barbatula,0.000137069,4.211464344
Ancylus fluviatilis,Salmo salar,0.022117974,40.16343304
Anguilla anguilla,Salmo salar,49.20665418,40.16343304
Antocha,Salmo salar,0.000637454,40.16343304
Asellus aquaticus,Salmo salar,0.001138759,40.16343304
Baetis muticus,Salmo salar,0.000385621,40.16343304
Baetis rhodani,Salmo salar,0.000494686,40.16343304
Bithynia tentaculata,Salmo salar,0.083539151,40.16343304
Brillia modesta,Salmo salar,0.000276125,40.16343304
Caenis luctuosa,Salmo salar,0.000259154,40.16343304
Caenis rivulorum,Salmo salar,0.000447935,40.16343304
Centroptilum luteolum,Salmo salar,0.00073414,40.16343304
Chaetocladius dentiforceps,Salmo salar,0.00017243,40.16343304
Corynoneura,Salmo salar,6.98e-06,40.16343304
Cricotopus,Salmo salar,9.89e-05,40.16343304
Cricotopus bicinctus,Salmo salar,0.000129092,40.16343304
Cryptochironomus,Salmo salar,8.92e-05,40.16343304
Dicranota,Salmo salar,0.000789018,40.16343304
Drusus annulatus,Salmo salar,0.004994892,40.16343304
Elmis aenea,Salmo salar,0.000200594,40.16343304
Epoicocladius flavens,Salmo salar,9.71e-05,40.16343304
Erpobdella octoculata,Salmo salar,0.065628281,40.16343304
Gammarus pulex,Salmo salar,0.002619697,40.16343304
Glossiphonia complanata,Salmo salar,0.033558011,40.16343304
Heptagenia sulphurea,Salmo salar,0.000662409,40.16343304
Hydropsyche pellucidula,Salmo salar,0.010215797,40.16343304
Hydroptila,Salmo salar,8.96e-05,40.16343304
Ithytrichia,Salmo salar,8.49e-05,40.16343304
Leuctra fusca,Salmo salar,0.000710175,40.16343304
Limnephilus lunatus,Salmo salar,0.003254021,40.16343304
Limnius volckmari,Salmo salar,0.000546397,40.16343304
Nanocladius rectinervis,Salmo salar,0.000115701,40.16343304
Nilotanypus,Salmo salar,7.01e-05,40.16343304
Parakiefferiella bathophila,Salmo salar,3.97e-05,40.16343304
Parametriocnemus stylatus,Salmo salar,0.000104589,40.16343304
Phaenopsectra flavipes,Salmo salar,0.000192703,40.16343304
Phoxinus phoxinus,Salmo salar,1.895226732,40.16343304
Polycentropus flavomaculatus,Salmo salar,0.001258982,40.16343304
Polypedilum nubeculosum,Salmo salar,5.88e-05,40.16343304
Pseudorthocladius,Salmo salar,0.000338411,40.16343304
Rhithrogena semicolorata,Salmo salar,0.000720916,40.16343304
Rhyacophila dorsalis,Salmo salar,0.011377415,40.16343304
Agapetus fuscipes,Thymallus thymallus,0.001525527,110.9848547
Ancylus fluviatilis,Thymallus thymallus,0.022117974,110.9848547
Antocha,Thymallus thymallus,0.000637454,110.9848547
Apsectrotanypus trifascipennis,Thymallus thymallus,0.001134434,110.9848547
Asellus aquaticus,Thymallus thymallus,0.001138759,110.9848547
Baetis rhodani,Thymallus thymallus,0.000494686,110.9848547
Baetis scambus,Thymallus thymallus,0.000290877,110.9848547
Caenis luctuosa,Thymallus thymallus,0.000259154,110.9848547
Caenis rivulorum,Thymallus thymallus,0.000447935,110.9848547
Chaetocladius dentiforceps,Thymallus thymallus,0.00017243,110.9848547
Cheumatopsyche lepida,Thymallus thymallus,0.000912478,110.9848547
Corynoneura,Thymallus thymallus,6.98e-06,110.9848547
Cricotopus bicinctus,Thymallus thymallus,0.000129092,110.9848547
Cryptochironomus,Thymallus thymallus,8.92e-05,110.9848547
Drusus annulatus,Thymallus thymallus,0.004994892,110.9848547
Elmis aenea,Thymallus thymallus,0.000200594,110.9848547
Epoicocladius flavens,Thymallus thymallus,9.71e-05,110.9848547
Erpobdella octoculata,Thymallus thymallus,0.065628281,110.9848547
Eukiefferiella claripennis,Thymallus thymallus,9.3e-05,110.9848547
Gammarus pulex,Thymallus thymallus,0.002619697,110.9848547
Heleniella ornaticollis,Thymallus thymallus,5.43e-05,110.9848547
Hydracarina,Thymallus thymallus,0.000297917,110.9848547
Hydropsyche siltalai,Thymallus thymallus,0.00599527,110.9848547
Hydroptila,Thymallus thymallus,8.96e-05,110.9848547
Lepidostoma hirtum,Thymallus thymallus,0.000459813,110.9848547
Leuctra fusca,Thymallus thymallus,0.000710175,110.9848547
Limnius volckmari,Thymallus thymallus,0.000546397,110.9848547
Nilotanypus,Thymallus thymallus,7.01e-05,110.9848547
Oligochaeta,Thymallus thymallus,0.003491193,110.9848547
Parakiefferiella bathophila,Thymallus thymallus,3.97e-05,110.9848547
Parametriocnemus stylatus,Thymallus thymallus,0.000104589,110.9848547
Phaenopsectra flavipes,Thymallus thymallus,0.000192703,110.9848547
Phoxinus phoxinus,Thymallus thymallus,1.895226732,110.9848547
Piscicola geometra,Thymallus thymallus,0.025959341,110.9848547
Plectrocnemia conspersa,Thymallus thymallus,6.77e-05,110.9848547
Polypedilum convictum,Thymallus thymallus,0.000118642,110.9848547
Pseudorthocladius,Thymallus thymallus,0.000338411,110.9848547
Rhithrogena semicolorata,Thymallus thymallus,0.000720916,110.9848547
Sericostoma personatum,Thymallus thymallus,0.002043844,110.9848547
Serratella ignita,Thymallus thymallus,0.000836414,110.9848547
Silo nigricornis,Thymallus thymallus,0.002836909,110.9848547
Tanytarsini,Thymallus thymallus,9.86e-05,110.9848547
Thienemanniella,Thymallus thymallus,3.24e-05,110.9848547
Thienemannimyia,Thymallus thymallus,0.000528527,110.9848547
Antocha,Salmo trutta,0.000637454,868.2821979
Apsectrotanypus trifascipennis,Salmo trutta,0.001134434,868.2821979
Athripsodes,Salmo trutta,0.000489975,868.2821979
Bithynia tentaculata,Salmo trutta,0.083539151,868.2821979
Brillia modesta,Salmo trutta,0.000276125,868.2821979
Chaetocladius dentiforceps,Salmo trutta,0.00017243,868.2821979
Chaetopteryx villosa,Salmo trutta,0.002079257,868.2821979
Corynoneura,Salmo trutta,6.98e-06,868.2821979
Cottus gobio,Salmo trutta,1.413188666,868.2821979
Cricotopus,Salmo trutta,9.89e-05,868.2821979
Drusus annulatus,Salmo trutta,0.004994892,868.2821979
Elmis aenea,Salmo trutta,0.000200594,868.2821979
Eukiefferiella claripennis,Salmo trutta,9.3e-05,868.2821979
Gammarus pulex,Salmo trutta,0.002619697,868.2821979
Glossiphonia complanata,Salmo trutta,0.033558011,868.2821979
Heleniella ornaticollis,Salmo trutta,5.43e-05,868.2821979
Heptagenia sulphurea,Salmo trutta,0.000662409,868.2821979
Hydracarina,Salmo trutta,0.000297917,868.2821979
Hydropsyche pellucidula,Salmo trutta,0.010215797,868.2821979
Hydroptila,Salmo trutta,8.96e-05,868.2821979
Lepidostoma hirtum,Salmo trutta,0.000459813,868.2821979
Leptoceridae,Salmo trutta,0.000106621,868.2821979
Leuctra fusca,Salmo trutta,0.000710175,868.2821979
Limnius volckmari,Salmo trutta,0.000546397,868.2821979
Microtendipes pedellus,Salmo trutta,0.000565952,868.2821979
Mystacides longicornis,Salmo trutta,0.001092141,868.2821979
Nanocladius rectinervis,Salmo trutta,0.000115701,868.2821979
Oligochaeta,Salmo trutta,0.003491193,868.2821979
Parakiefferiella bathophila,Salmo trutta,3.97e-05,868.2821979
Paraleptophlebia submarginata,Salmo trutta,0.002164783,868.2821979
Parametriocnemus stylatus,Salmo trutta,0.000104589,868.2821979
Phaenopsectra flavipes,Salmo trutta,0.000192703,868.2821979
Phoxinus phoxinus,Salmo trutta,1.895226732,868.2821979
Piscicola geometra,Salmo trutta,0.025959341,868.2821979
Polypedilum nubeculosum,Salmo trutta,5.88e-05,868.2821979
Rhithrogena semicolorata,Salmo trutta,0.000720916,868.2821979
Salmo salar,Salmo trutta,40.16343304,868.2821979
