Iteration,Version,ROC_AUC,PR_AUC,TimeElapsed,K,TrainRatio,ExperimentID,Seed,ThresholdMode,Threshold,Precision,Recall,F1Score,TestTP,TestFP,TestFN,TestTN,TestTPR,TestTNR,TestFPR,TestFNR,TestPrecision,TestRecall,TestF1Score,TestAccuracy,TestExpectedAccuracy,TestKappa,TestMCC,TestTSS,TotalLinks,TrainLinks,TestLinks,BackboneTotal,NonBackboneTotal,BackboneTrainLinks,NonBackboneTrainLinks,BackboneTestLinks,NonBackboneTestLinks,EmpiricalNumSpecies,EmpiricalLinks,EmpiricalConnectance,EmpiricalMeanTrophicLevel,EmpiricalMeanDegree,EmpiricalMeanGenerality,EmpiricalMeanVulnerability,EmpiricalDegreeStd,EmpiricalDegreeCV,EmpiricalDegreeGini,EmpiricalGeneralityStd,EmpiricalGeneralityCV,EmpiricalGeneralityGini,EmpiricalVulnerabilityStd,EmpiricalVulnerabilityCV,EmpiricalVulnerabilityGini,EmpiricalTrophicLevelStd,EmpiricalTrophicLevelCV,EmpiricalTrophicLevelRange,EmpiricalNetworkXMeanTrophicLevel,EmpiricalNetworkXTrophicLevelStd,EmpiricalNetworkXTrophicLevelRange,EmpiricalMeanLocalClustering,EmpiricalTransitivity,EmpiricalNumTriangles,EmpiricalTriangleDensity,EmpiricalMeanDietOverlap,EmpiricalNetworkXTrophicLevelNumSpeciesFull,EmpiricalNetworkXTrophicLevelNumSpeciesLargest,EmpiricalNetworkXTrophicLevelNumSpeciesWithLevel,EmpiricalNetworkXTrophicLevelLargestFraction,EmpiricalNetworkXTrophicLevelStatusCode,EmpiricalPropBasal,EmpiricalPropIntermediate,EmpiricalPropTop,PseudoNumSpecies,PseudoLinks,PseudoConnectance,PseudoMeanTrophicLevel,PseudoMeanDegree,PseudoMeanGenerality,PseudoMeanVulnerability,PseudoDegreeStd,PseudoDegreeCV,PseudoDegreeGini,PseudoGeneralityStd,PseudoGeneralityCV,PseudoGeneralityGini,PseudoVulnerabilityStd,PseudoVulnerabilityCV,PseudoVulnerabilityGini,PseudoTrophicLevelStd,PseudoTrophicLevelCV,PseudoTrophicLevelRange,PseudoNetworkXMeanTrophicLevel,PseudoNetworkXTrophicLevelStd,PseudoNetworkXTrophicLevelRange,PseudoMeanLocalClustering,PseudoTransitivity,PseudoNumTriangles,PseudoTriangleDensity,PseudoMeanDietOverlap,PseudoNetworkXTrophicLevelNumSpeciesFull,PseudoNetworkXTrophicLevelNumSpeciesLargest,PseudoNetworkXTrophicLevelNumSpeciesWithLevel,PseudoNetworkXTrophicLevelLargestFraction,PseudoNetworkXTrophicLevelStatusCode,PseudoPropBasal,PseudoPropIntermediate,PseudoPropTop,DeltaLinks,DeltaConnectance,DeltaMeanTrophicLevel,DeltaMeanDegree,DeltaMeanGenerality,DeltaMeanVulnerability,DeltaDegreeStd,DeltaDegreeCV,DeltaDegreeGini,DeltaGeneralityStd,DeltaGeneralityCV,DeltaGeneralityGini,DeltaVulnerabilityStd,DeltaVulnerabilityCV,DeltaVulnerabilityGini,DeltaTrophicLevelStd,DeltaTrophicLevelCV,DeltaTrophicLevelRange,DeltaNetworkXMeanTrophicLevel,DeltaNetworkXTrophicLevelStd,DeltaNetworkXTrophicLevelRange,DeltaMeanLocalClustering,DeltaTransitivity,DeltaNumTriangles,DeltaTriangleDensity,DeltaMeanDietOverlap,DeltaPropBasal,DeltaPropIntermediate,DeltaPropTop,PseudoTP,PseudoFP,PseudoFN,PseudoTN,PseudoTPR,PseudoTNR,PseudoFPR,PseudoFNR,PseudoPrecision,PseudoRecall,PseudoF1Score,PseudoMCC,PseudoTSS,PseudoJaccardLinks,NumPredictedNovelLinks,NumTrueNovelLinks,EvaluateOnAllUnseen,CvK,FoldID,NumFolds
1,WLNM_dir_neg,0.584771050347,0.438505007735,00:00:09,10,10,1,1285943592,fixed,0.5,0.48275862069,0.145833333333,0.224,14,15,82,177,0.145833333333,0.921875,0.078125,0.854166666667,0.48275862069,0.145833333333,0.224,0.663194444444,0.633101851852,0.0820189274448,0.106066801699,0.0677083333333,106,10,96,0,106,0,10,0,96,21,106,0.252380952381,1.98147951821,10.0952380952,7.57142857143,5.3,3.5903309305,0.355645988398,0.177897574124,5.04456331585,0.999394619178,0.535489667565,3.93034591959,0.778653436899,0.415094339623,0.785936912158,0.396641451468,2.18653061224,1.98147951821,0.785936912158,2.18653061224,0.456493016787,0.454374412041,161,0.121052631579,0.398438786394,21,21,21,1,0,0.333333333333,0.619047619048,0.047619047619,21,39,0.0928571428571,2.02954144621,3.71428571429,4.875,3,3.68975415364,0.993395349056,0.537240537241,2.93744300857,1.58170008154,0.735042735043,2.03188863587,1.09409388085,0.578754578755,1.39721154258,0.688437058129,3.66666666667,2.44135802469,1.46727091039,3.66666666667,0.712987012987,0.57476635514,41,0.0308270676692,0.280367747332,21,15,15,0.714285714286,0,0.333333333333,0.285714285714,0.0952380952381,-67,-0.159523809524,0.0480619279939,-6.38095238095,-2.69642857143,-2.3,0.0994232231416,0.637749360658,0.359342963117,-2.10712030728,0.582305462358,0.199553067478,-1.89845728372,0.315440443953,0.163660239132,0.611274630421,0.291795606662,1.48013605442,0.459878506477,0.681333998236,1.48013605442,0.2564939962,0.120391943099,-120,-0.0902255639098,-0.118071039062,0,-0.333333333333,0.047619047619,24,15,82,299,0.22641509434,0.952229299363,0.0477707006369,0.77358490566,0.615384615385,0.22641509434,0.331034482759,0.267369803483,0.178644393703,0.198347107438,29,96,0,0,0,0
2,WLNM_dir_neg,0.681070963542,0.534682835496,00:00:07,10,10,2,1285943593,fixed,0.5,0.593023255814,0.53125,0.56043956044,51,35,45,157,0.53125,0.817708333333,0.182291666667,0.46875,0.593023255814,0.53125,0.56043956044,0.722222222222,0.56712962963,0.358288770053,0.359447025864,0.348958333333,106,10,96,0,106,0,10,0,96,21,106,0.252380952381,1.98147951821,10.0952380952,7.57142857143,5.3,3.5903309305,0.355645988398,0.177897574124,5.04456331585,0.999394619178,0.535489667565,3.93034591959,0.778653436899,0.415094339623,0.785936912158,0.396641451468,2.18653061224,1.98147951821,0.785936912158,2.18653061224,0.456493016787,0.454374412041,161,0.121052631579,0.398438786394,21,21,21,1,0,0.333333333333,0.619047619048,0.047619047619,21,96,0.228571428571,1.79016027209,9.14285714286,9.6,4.57142857143,5.72962227626,0.626677436466,0.337797619048,6.03797506265,1.32080704495,0.661706349206,1.83225076263,0.400804854324,0.215277777778,0.899274093437,0.502342783189,2.66712109667,1.79016027209,0.899274093437,2.66712109667,0.674835684079,0.495896834701,141,0.106015037594,0.286175051394,21,21,21,1,0,0.52380952381,0.47619047619,0,-10,-0.0238095238095,-0.191319246121,-0.952380952381,2.02857142857,-0.728571428571,2.13929134576,0.271031448067,0.159900044924,0.993411746797,0.321412425776,0.126216681641,-2.09809515696,-0.377848582575,-0.199816561845,0.113337181279,0.105701331721,0.480590484425,-0.191319246121,0.113337181279,0.480590484425,0.218342667292,0.0415224226597,-20,-0.015037593985,-0.112263734999,0.190476190476,-0.142857142857,-0.047619047619,61,35,45,279,0.575471698113,0.888535031847,0.111464968153,0.424528301887,0.635416666667,0.575471698113,0.60396039604,0.479991906704,0.46400672996,0.432624113475,86,96,0,0,0,0
3,WLNM_dir_neg,0.623263888889,0.421672313878,00:00:07,10,10,3,1285943594,fixed,0.5,0.488888888889,0.458333333333,0.47311827957,44,46,52,146,0.458333333333,0.760416666667,0.239583333333,0.541666666667,0.488888888889,0.458333333333,0.47311827957,0.659722222222,0.5625,0.222222222222,0.222474604157,0.21875,106,10,96,0,106,0,10,0,96,21,106,0.252380952381,1.98147951821,10.0952380952,7.57142857143,5.3,3.5903309305,0.355645988398,0.177897574124,5.04456331585,0.999394619178,0.535489667565,3.93034591959,0.778653436899,0.415094339623,0.785936912158,0.396641451468,2.18653061224,1.98147951821,0.785936912158,2.18653061224,0.456493016787,0.454374412041,161,0.121052631579,0.398438786394,21,21,21,1,0,0.333333333333,0.619047619048,0.047619047619,21,100,0.238095238095,6.24111140066,9.52380952381,6.25,4.7619047619,6.26593207447,0.65792286782,0.349523809524,5.63830437193,1.1840439181,0.60380952381,2.071346468,0.434982758279,0.195238095238,3.121966405,0.500226034208,8.08851151774,6.24111140066,3.121966405,8.08851151774,0.760807842951,0.563829787234,159,0.11954887218,0.289684245493,21,21,21,1,0,0.238095238095,0.761904761905,0,-6,-0.0142857142857,4.25963188245,-0.571428571429,-1.32142857143,-0.538095238095,2.67560114398,0.302276879421,0.1716262354,0.593741056076,0.184649298927,0.0683198562444,-1.85899945159,-0.34367067862,-0.219856244385,2.33602949284,0.10358458274,5.9019809055,4.25963188245,2.33602949284,5.9019809055,0.304314826164,0.109455375193,-2,-0.0015037593985,-0.108754540901,-0.0952380952381,0.142857142857,-0.047619047619,54,46,52,268,0.509433962264,0.853503184713,0.146496815287,0.490566037736,0.54,0.509433962264,0.52427184466,0.370146961333,0.362937146978,0.355263157895,90,96,0,0,0,0
4,WLNM_dir_neg,0.682996961806,0.479314351084,00:00:07,10,10,4,1285943595,fixed,0.5,0.547619047619,0.239583333333,0.333333333333,23,19,73,173,0.239583333333,0.901041666667,0.0989583333333,0.760416666667,0.547619047619,0.239583333333,0.333333333333,0.680555555556,0.618055555556,0.163636363636,0.187826371004,0.140625,106,10,96,0,106,0,10,0,96,21,106,0.252380952381,1.98147951821,10.0952380952,7.57142857143,5.3,3.5903309305,0.355645988398,0.177897574124,5.04456331585,0.999394619178,0.535489667565,3.93034591959,0.778653436899,0.415094339623,0.785936912158,0.396641451468,2.18653061224,1.98147951821,0.785936912158,2.18653061224,0.456493016787,0.454374412041,161,0.121052631579,0.398438786394,21,21,21,1,0,0.333333333333,0.619047619048,0.047619047619,21,52,0.12380952381,2.27859879584,4.95238095238,2.73684210526,2.73684210526,4.43256348489,0.895036857527,0.40293040293,2.99364406066,1.20897163988,0.525641025641,3.82908667464,1.5463619263,0.525641025641,0.646636313873,0.283786823312,2.1724137931,2.27859879584,0.646636313873,2.1724137931,0.703639669584,0.322580645161,40,0.0300751879699,0.474370902002,21,21,21,1,0,0.0952380952381,0.809523809524,0.0952380952381,-54,-0.128571428571,0.297119277626,-5.14285714286,-4.83458646617,-2.56315789474,0.842232554398,0.539390869129,0.225032828806,-2.05091925519,0.209577020703,-0.00984864192411,-0.101259244948,0.767708489397,0.110546686018,-0.139300598285,-0.112854628156,-0.0141168191415,0.297119277626,-0.139300598285,-0.0141168191415,0.247146652797,-0.13179376688,-121,-0.090977443609,0.0759321156087,-0.238095238095,0.190476190476,0.047619047619,33,19,73,295,0.311320754717,0.93949044586,0.0605095541401,0.688679245283,0.634615384615,0.311320754717,0.417721518987,0.330779893146,0.250811200577,0.264,42,96,0,0,0,0
5,WLNM_dir_neg,0.735758463542,0.554027886339,00:00:07,10,10,5,1285943596,fixed,0.5,0.531914893617,0.260416666667,0.34965034965,25,22,71,170,0.260416666667,0.885416666667,0.114583333333,0.739583333333,0.531914893617,0.260416666667,0.34965034965,0.677083333333,0.612268518519,0.167164179104,0.186031112509,0.145833333333,106,10,96,0,106,0,10,0,96,21,106,0.252380952381,1.98147951821,10.0952380952,7.57142857143,5.3,3.5903309305,0.355645988398,0.177897574124,5.04456331585,0.999394619178,0.535489667565,3.93034591959,0.778653436899,0.415094339623,0.785936912158,0.396641451468,2.18653061224,1.98147951821,0.785936912158,2.18653061224,0.456493016787,0.454374412041,161,0.121052631579,0.398438786394,21,21,21,1,0,0.333333333333,0.619047619048,0.047619047619,21,57,0.135714285714,NaN,5.42857142857,2.71428571429,3.16666666667,3.95691077195,0.728904615885,0.349206349206,2.36944839874,0.87295467322,0.40768588137,3.92610312069,1.44645904446,0.55806182122,NaN,NaN,NaN,NaN,NaN,NaN,0.55487012987,0.304225352113,36,0.0270676691729,0.335355874284,21,21,0,1,2,0,0.857142857143,0.142857142857,-49,-0.116666666667,NaN,-4.66666666667,-4.85714285714,-2.13333333333,0.36657984145,0.373258627487,0.171308775082,-2.67511491711,-0.126439945958,-0.127803786195,-0.00424279889839,0.667805607565,0.142967481597,NaN,NaN,NaN,NaN,NaN,NaN,0.098377113083,-0.150149059929,-125,-0.093984962406,-0.0630829121094,-0.333333333333,0.238095238095,0.0952380952381,35,22,71,292,0.330188679245,0.929936305732,0.0700636942675,0.669811320755,0.614035087719,0.330188679245,0.429447852761,0.329920334901,0.260124984978,0.2734375,47,96,0,0,0,0
6,WLNM_dir_neg,0.649034288194,0.392265376432,00:00:07,10,10,6,1285943597,fixed,0.5,0.428571428571,0.34375,0.381502890173,33,44,63,148,0.34375,0.770833333333,0.229166666667,0.65625,0.428571428571,0.34375,0.381502890173,0.628472222222,0.577546296296,0.120547945205,0.12204530941,0.114583333333,106,10,96,0,106,0,10,0,96,21,106,0.252380952381,1.98147951821,10.0952380952,7.57142857143,5.3,3.5903309305,0.355645988398,0.177897574124,5.04456331585,0.999394619178,0.535489667565,3.93034591959,0.778653436899,0.415094339623,0.785936912158,0.396641451468,2.18653061224,1.98147951821,0.785936912158,2.18653061224,0.456493016787,0.454374412041,161,0.121052631579,0.398438786394,21,21,21,1,0,0.333333333333,0.619047619048,0.047619047619,21,87,0.207142857143,NaN,8.28571428571,4.14285714286,4.14285714286,5.09060759775,0.614383675591,0.313081554461,3.59563227104,0.867911237838,0.429118773946,5.07233392321,1.22435646422,0.471811713191,NaN,NaN,NaN,NaN,NaN,NaN,0.614737754587,0.435173299101,113,0.084962406015,0.416751892288,21,21,0,1,2,0,1,0,-19,-0.0452380952381,NaN,-1.80952380952,-3.42857142857,-1.15714285714,1.50027666726,0.258737687193,0.135183980337,-1.44893104481,-0.13148338134,-0.106370893619,1.14198800362,0.445703027324,0.0567173735684,NaN,NaN,NaN,NaN,NaN,NaN,0.1582447378,-0.01920111294,-48,-0.0360902255639,0.0183131058938,-0.333333333333,0.380952380952,-0.047619047619,43,44,63,270,0.405660377358,0.859872611465,0.140127388535,0.594339622642,0.494252873563,0.405660377358,0.445595854922,0.284612845622,0.265532988823,0.286666666667,77,96,0,0,0,0
7,WLNM_dir_neg,0.710530598958,0.543604324648,00:00:07,10,10,7,1285943598,fixed,0.5,0.659574468085,0.322916666667,0.433566433566,31,16,65,176,0.322916666667,0.916666666667,0.0833333333333,0.677083333333,0.659574468085,0.322916666667,0.433566433566,0.71875,0.612268518519,0.274626865672,0.305622541979,0.239583333333,106,10,96,0,106,0,10,0,96,21,106,0.252380952381,1.98147951821,10.0952380952,7.57142857143,5.3,3.5903309305,0.355645988398,0.177897574124,5.04456331585,0.999394619178,0.535489667565,3.93034591959,0.778653436899,0.415094339623,0.785936912158,0.396641451468,2.18653061224,1.98147951821,0.785936912158,2.18653061224,0.456493016787,0.454374412041,161,0.121052631579,0.398438786394,21,21,21,1,0,0.333333333333,0.619047619048,0.047619047619,21,57,0.135714285714,1,5.42857142857,7.125,3,4.48967068471,0.827044599815,0.393483709273,5.07092552837,1.86823572098,0.786967418546,1.38357714432,0.509738947908,0.274018379282,0,0,0,NaN,NaN,NaN,0.722510626628,0.349775784753,52,0.0390977443609,0.190576996349,21,20,0,0.952380952381,2,0.571428571429,0.333333333333,0.047619047619,-49,-0.116666666667,-0.981479518214,-4.66666666667,-0.446428571429,-2.3,0.899339754214,0.471398611417,0.215586135149,0.0263622125211,0.868841101801,0.251477750981,-2.54676877527,-0.268914488992,-0.141075960341,-0.785936912158,-0.396641451468,-2.18653061224,NaN,NaN,NaN,0.266017609841,-0.104598627288,-109,-0.081954887218,-0.207861790045,0.238095238095,-0.285714285714,0,41,16,65,298,0.38679245283,0.949044585987,0.0509554140127,0.61320754717,0.719298245614,0.38679245283,0.503067484663,0.425947043603,0.335837038817,0.33606557377,47,96,0,0,0,0
8,WLNM_dir_neg,0.637098524306,0.469213361224,00:00:07,10,10,8,1285943599,fixed,0.5,0.522388059701,0.364583333333,0.429447852761,35,32,61,160,0.364583333333,0.833333333333,0.166666666667,0.635416666667,0.522388059701,0.364583333333,0.429447852761,0.677083333333,0.58912037037,0.214084507042,0.220818299243,0.197916666667,106,10,96,0,106,0,10,0,96,21,106,0.252380952381,1.98147951821,10.0952380952,7.57142857143,5.3,3.5903309305,0.355645988398,0.177897574124,5.04456331585,0.999394619178,0.535489667565,3.93034591959,0.778653436899,0.415094339623,0.785936912158,0.396641451468,2.18653061224,1.98147951821,0.785936912158,2.18653061224,0.456493016787,0.454374412041,161,0.121052631579,0.398438786394,21,21,21,1,0,0.333333333333,0.619047619048,0.047619047619,21,77,0.183333333333,2.00587095523,7.33333333333,4.8125,3.66666666667,4.89217061572,0.667114174871,0.345083487941,4.9023803742,1.33701282933,0.638218923933,3.03864004669,0.828720012733,0.307977736549,0.680856442535,0.339431826738,2.06237786142,2.00587095523,0.680856442535,2.06237786142,0.661089307518,0.437888198758,94,0.0706766917293,0.420355785139,21,21,21,1,0,0.238095238095,0.761904761905,0,-29,-0.0690476190476,0.0243914370183,-2.7619047619,-2.75892857143,-1.63333333333,1.30183968523,0.311468186473,0.167185913817,-0.142182941651,0.337618210149,0.102729256368,-0.8917058729,0.0500665758335,-0.107116603073,-0.105080469623,-0.0572096247297,-0.124152750825,0.0243914370183,-0.105080469623,-0.124152750825,0.204596290731,-0.0164862132836,-67,-0.0503759398496,0.0219169987452,-0.0952380952381,0.142857142857,-0.047619047619,45,32,61,282,0.424528301887,0.898089171975,0.101910828025,0.575471698113,0.584415584416,0.424528301887,0.491803278689,0.362170623148,0.322617473861,0.326086956522,67,96,0,0,0,0
9,WLNM_dir_neg,0.648600260417,0.480981201639,00:00:08,10,10,9,1285943600,fixed,0.5,0.765957446809,0.375,0.503496503497,36,11,60,181,0.375,0.942708333333,0.0572916666667,0.625,0.765957446809,0.375,0.503496503497,0.753472222222,0.612268518519,0.364179104478,0.405282066537,0.317708333333,106,10,96,0,106,0,10,0,96,21,106,0.252380952381,1.98147951821,10.0952380952,7.57142857143,5.3,3.5903309305,0.355645988398,0.177897574124,5.04456331585,0.999394619178,0.535489667565,3.93034591959,0.778653436899,0.415094339623,0.785936912158,0.396641451468,2.18653061224,1.98147951821,0.785936912158,2.18653061224,0.456493016787,0.454374412041,161,0.121052631579,0.398438786394,21,21,21,1,0,0.333333333333,0.619047619048,0.047619047619,21,57,0.135714285714,1.30687830688,5.42857142857,9.5,3.35294117647,4.15417174141,0.765242162892,0.409356725146,4.74492209781,1.74812919393,0.768588137009,2.21681882757,0.816722725948,0.447786131997,0.500807695658,0.383209127447,1.27777777778,1.33918128655,0.516827512744,1.27777777778,0.443388963977,0.310588235294,44,0.0330827067669,0.56627163686,21,19,19,0.904761904762,0,0.619047619048,0.190476190476,0.0952380952381,-49,-0.116666666667,-0.674601211336,-4.66666666667,1.92857142857,-1.94705882353,0.563840810916,0.409596174493,0.231459151022,-0.29964121804,0.748734574752,0.233098469444,-1.71352709201,0.0380692890488,0.032691792374,-0.285129216499,-0.0134323240205,-0.908752834467,-0.642298231665,-0.269109399413,-0.908752834467,-0.0131040528099,-0.143786176747,-117,-0.087969924812,0.167832850466,0.285714285714,-0.428571428571,0.047619047619,46,11,60,303,0.433962264151,0.964968152866,0.0350318471338,0.566037735849,0.80701754386,0.433962264151,0.564417177914,0.505969300856,0.398930417017,0.393162393162,47,96,0,0,0,0
10,WLNM_dir_neg,0.726671006944,0.550209336314,00:00:07,10,10,10,1285943601,fixed,0.5,0.659090909091,0.604166666667,0.630434782609,58,30,38,162,0.604166666667,0.84375,0.15625,0.395833333333,0.659090909091,0.604166666667,0.630434782609,0.763888888889,0.564814814815,0.457446808511,0.458381540165,0.447916666667,106,10,96,0,106,0,10,0,96,21,106,0.252380952381,1.98147951821,10.0952380952,7.57142857143,5.3,3.5903309305,0.355645988398,0.177897574124,5.04456331585,0.999394619178,0.535489667565,3.93034591959,0.778653436899,0.415094339623,0.785936912158,0.396641451468,2.18653061224,1.98147951821,0.785936912158,2.18653061224,0.456493016787,0.454374412041,161,0.121052631579,0.398438786394,21,21,21,1,0,0.333333333333,0.619047619048,0.047619047619,21,98,0.233333333333,1.78758195127,9.33333333333,10.8888888889,4.66666666667,5.88500920418,0.630536700448,0.338678328474,6.45238973818,1.3826549439,0.679300291545,1.68325082306,0.360696604942,0.195335276968,0.953199465235,0.533233994983,2.66099213704,1.78758195127,0.953199465235,2.66099213704,0.727654962529,0.530526315789,168,0.126315789474,0.34534474121,21,21,21,1,0,0.571428571429,0.428571428571,0,-8,-0.0190476190476,-0.193897566943,-0.761904761905,3.31746031746,-0.633333333333,2.29467827369,0.27489071205,0.16078075435,1.40782642233,0.383260324717,0.14381062398,-2.24709509653,-0.417956831958,-0.219759062655,0.167262553077,0.136592543515,0.474461524792,-0.193897566943,0.167262553077,0.474461524792,0.271161945742,0.0761519037481,7,0.00526315789474,-0.0530940451835,0.238095238095,-0.190476190476,-0.047619047619,68,30,38,284,0.641509433962,0.904458598726,0.0955414012739,0.358490566038,0.69387755102,0.641509433962,0.666666666667,0.560717354278,0.545968032688,0.5,88,96,0,0,0,0
11,WLNM_dir_neg,0.587049696181,0.416199489342,00:00:07,10,10,11,1285943602,fixed,0.5,0.462686567164,0.322916666667,0.38036809816,31,36,65,156,0.322916666667,0.8125,0.1875,0.677083333333,0.462686567164,0.322916666667,0.38036809816,0.649305555556,0.58912037037,0.146478873239,0.151086204745,0.135416666667,106,10,96,0,106,0,10,0,96,21,106,0.252380952381,1.98147951821,10.0952380952,7.57142857143,5.3,3.5903309305,0.355645988398,0.177897574124,5.04456331585,0.999394619178,0.535489667565,3.93034591959,0.778653436899,0.415094339623,0.785936912158,0.396641451468,2.18653061224,1.98147951821,0.785936912158,2.18653061224,0.456493016787,0.454374412041,161,0.121052631579,0.398438786394,21,21,21,1,0,0.333333333333,0.619047619048,0.047619047619,21,77,0.183333333333,1,7.33333333333,3.85,3.66666666667,4.86141268906,0.662919912144,0.338899196042,4.12714590647,1.12558524722,0.47990105133,3.94123500103,1.07488227301,0.423005565863,0,0,0,NaN,NaN,NaN,0.494663669664,0.411954765751,85,0.0639097744361,0.379831948667,21,21,0,1,2,0.047619047619,0.952380952381,0,-29,-0.0690476190476,-0.981479518214,-2.7619047619,-3.72142857143,-1.63333333333,1.27108175856,0.307273923746,0.161001621918,-0.917417409375,0.126190628043,-0.0555886162355,0.010889081441,0.296228836108,0.00791122624007,-0.785936912158,-0.396641451468,-2.18653061224,NaN,NaN,NaN,0.0381706528765,-0.0424196462902,-76,-0.0571428571429,-0.0186068377267,-0.285714285714,0.333333333333,-0.047619047619,41,36,65,278,0.38679245283,0.885350318471,0.114649681529,0.61320754717,0.532467532468,0.38679245283,0.448087431694,0.305507683411,0.272142771302,0.288732394366,67,96,0,0,0,0
12,WLNM_dir_neg,0.708794487847,0.538988805179,00:00:08,10,10,12,1285943603,fixed,0.5,0.631578947368,0.375,0.470588235294,36,21,60,171,0.375,0.890625,0.109375,0.625,0.631578947368,0.375,0.470588235294,0.71875,0.600694444444,0.295652173913,0.314276393325,0.265625,106,10,96,0,106,0,10,0,96,21,106,0.252380952381,1.98147951821,10.0952380952,7.57142857143,5.3,3.5903309305,0.355645988398,0.177897574124,5.04456331585,0.999394619178,0.535489667565,3.93034591959,0.778653436899,0.415094339623,0.785936912158,0.396641451468,2.18653061224,1.98147951821,0.785936912158,2.18653061224,0.456493016787,0.454374412041,161,0.121052631579,0.398438786394,21,21,21,1,0,0.333333333333,0.619047619048,0.047619047619,21,67,0.159523809524,1.43656150985,6.38095238095,9.57142857143,3.19047619048,5.61672672004,0.880233291947,0.432125088842,5.89592272354,1.84797577902,0.784648187633,1.43593341138,0.450068681177,0.240227434257,0.64454175442,0.448669792418,1.58341369335,1.43656150985,0.64454175442,1.58341369335,0.770889029701,0.438260869565,84,0.0631578947368,0.306076114656,21,21,21,1,0,0.666666666667,0.333333333333,0,-39,-0.0928571428571,-0.544918008364,-3.71428571429,2,-2.10952380952,2.02639578954,0.524587303548,0.254227514718,0.851359407686,0.848581159841,0.249158520068,-2.49441250821,-0.328584755722,-0.174866905365,-0.141395157737,0.0520283409507,-0.603116918899,-0.544918008364,-0.141395157737,-0.603116918899,0.314396012914,-0.0161135424762,-77,-0.0578947368421,-0.0923626717374,0.333333333333,-0.285714285714,-0.047619047619,46,21,60,293,0.433962264151,0.933121019108,0.0668789808917,0.566037735849,0.686567164179,0.433962264151,0.531791907514,0.435469367018,0.367083283259,0.362204724409,57,96,0,0,0,0
13,WLNM_dir_neg,0.545328776042,0.419431615507,00:00:07,10,10,13,1285943604,fixed,0.5,0.48,0.25,0.328767123288,24,26,72,166,0.25,0.864583333333,0.135416666667,0.75,0.48,0.25,0.328767123288,0.659722222222,0.608796296296,0.130177514793,0.142604819181,0.114583333333,106,10,96,0,106,0,10,0,96,21,106,0.252380952381,1.98147951821,10.0952380952,7.57142857143,5.3,3.5903309305,0.355645988398,0.177897574124,5.04456331585,0.999394619178,0.535489667565,3.93034591959,0.778653436899,0.415094339623,0.785936912158,0.396641451468,2.18653061224,1.98147951821,0.785936912158,2.18653061224,0.456493016787,0.454374412041,161,0.121052631579,0.398438786394,21,21,21,1,0,0.333333333333,0.619047619048,0.047619047619,21,60,0.142857142857,2.17684630739,5.71428571429,3.15789473684,3,4.73437278996,0.828515238242,0.40873015873,3.66450152525,1.28257553384,0.566666666667,3.88954642967,1.36134125039,0.471428571429,0.588786063232,0.270476634586,2.26526946108,2.17684630739,0.588786063232,2.26526946108,0.702314060209,0.361290322581,56,0.0421052631579,0.551794846403,21,21,21,1,0,0.0952380952381,0.857142857143,0.047619047619,-46,-0.109523809524,0.195366789171,-4.38095238095,-4.41353383459,-2.3,1.14404185946,0.472869249844,0.230832584606,-1.3800617906,0.28318091466,0.0311769991015,-0.040799489916,0.582687813486,0.0563342318059,-0.197150848925,-0.126164816882,0.0787388488329,0.195366789171,-0.197150848925,0.0787388488329,0.245821043422,-0.0930840894607,-105,-0.0789473684211,0.153356060009,-0.238095238095,0.238095238095,0,34,26,72,288,0.320754716981,0.917197452229,0.0828025477707,0.679245283019,0.566666666667,0.320754716981,0.409638554217,0.295379634895,0.23795216921,0.257575757576,50,96,0,0,0,0
14,WLNM_dir_neg,0.720377604167,0.486744356055,00:00:08,10,10,14,1285943605,fixed,0.5,0.681818181818,0.3125,0.428571428571,30,14,66,178,0.3125,0.927083333333,0.0729166666667,0.6875,0.681818181818,0.3125,0.428571428571,0.722222222222,0.615740740741,0.277108433735,0.313921876999,0.239583333333,106,10,96,0,106,0,10,0,96,21,106,0.252380952381,1.98147951821,10.0952380952,7.57142857143,5.3,3.5903309305,0.355645988398,0.177897574124,5.04456331585,0.999394619178,0.535489667565,3.93034591959,0.778653436899,0.415094339623,0.785936912158,0.396641451468,2.18653061224,1.98147951821,0.785936912158,2.18653061224,0.456493016787,0.454374412041,161,0.121052631579,0.398438786394,21,21,21,1,0,0.333333333333,0.619047619048,0.047619047619,21,54,0.128571428571,1.75804988662,5.14285714286,6.75,3.17647058824,4.25776601384,0.827898947135,0.44532627866,4.28452364413,1.66620363939,0.749559082892,2.33605283698,0.908464992157,0.479717813051,1.03648693572,0.589566282278,2.8,1.88439153439,1.07031783765,2.8,0.461965415537,0.375,45,0.0338345864662,0.352473072562,21,18,18,0.857142857143,0,0.47619047619,0.333333333333,0.047619047619,-52,-0.12380952381,-0.223429631593,-4.95238095238,-0.821428571429,-2.12352941176,0.667435083339,0.472252958736,0.267428704536,-0.760039671716,0.666809020208,0.214069415327,-1.59429308261,0.129811555258,0.0646234734285,0.250550023558,0.192924830811,0.613469387755,-0.0970879838227,0.284380925492,0.613469387755,0.00547239874971,-0.0793744120414,-116,-0.0872180451128,-0.0459657138315,0.142857142857,-0.285714285714,0,40,14,66,300,0.377358490566,0.955414012739,0.0445859872611,0.622641509434,0.740740740741,0.377358490566,0.5,0.431844872915,0.332772503305,0.333333333333,44,96,0,0,0,0
15,WLNM_dir_neg,0.68994140625,0.543199045672,00:00:08,10,10,15,1285943606,fixed,0.5,0.557894736842,0.552083333333,0.55497382199,53,42,43,150,0.552083333333,0.78125,0.21875,0.447916666667,0.557894736842,0.552083333333,0.55497382199,0.704861111111,0.556712962963,0.334203655352,0.334213908239,0.333333333333,106,10,96,0,106,0,10,0,96,21,106,0.252380952381,1.98147951821,10.0952380952,7.57142857143,5.3,3.5903309305,0.355645988398,0.177897574124,5.04456331585,0.999394619178,0.535489667565,3.93034591959,0.778653436899,0.415094339623,0.785936912158,0.396641451468,2.18653061224,1.98147951821,0.785936912158,2.18653061224,0.456493016787,0.454374412041,161,0.121052631579,0.398438786394,21,21,21,1,0,0.333333333333,0.619047619048,0.047619047619,21,105,0.25,1,10,5.52631578947,5.25,5.23450093132,0.523450093132,0.282993197279,5.49545266561,1.09909053312,0.544217687075,3.7549966711,0.750999334221,0.321088435374,0,0,0,NaN,NaN,NaN,0.64278707598,0.51539225422,173,0.13007518797,0.317227158168,21,21,0,1,2,0.0952380952381,0.857142857143,0.047619047619,-1,-0.00238095238095,-0.981479518214,-0.0952380952381,-2.04511278195,-0.05,1.64417000082,0.167804104734,0.105095623155,0.450889349764,0.0996959139449,0.00872801950969,-0.175349248484,-0.0276541026787,-0.0940059042485,-0.785936912158,-0.396641451468,-2.18653061224,NaN,NaN,NaN,0.186294059193,0.0610178421791,12,0.00902255639098,-0.0812116282258,-0.238095238095,0.238095238095,0,63,42,43,272,0.594339622642,0.866242038217,0.133757961783,0.405660377358,0.6,0.594339622642,0.597156398104,0.462034570566,0.460581660858,0.425675675676,95,96,0,0,0,0
16,WLNM_dir_neg,0.701090494792,0.506108093245,00:00:07,10,10,16,1285943607,fixed,0.5,0.622950819672,0.395833333333,0.484076433121,38,23,58,169,0.395833333333,0.880208333333,0.119791666667,0.604166666667,0.622950819672,0.395833333333,0.484076433121,0.71875,0.596064814815,0.303724928367,0.318480631462,0.276041666667,106,10,96,0,106,0,10,0,96,21,106,0.252380952381,1.98147951821,10.0952380952,7.57142857143,5.3,3.5903309305,0.355645988398,0.177897574124,5.04456331585,0.999394619178,0.535489667565,3.93034591959,0.778653436899,0.415094339623,0.785936912158,0.396641451468,2.18653061224,1.98147951821,0.785936912158,2.18653061224,0.456493016787,0.454374412041,161,0.121052631579,0.398438786394,21,21,21,1,0,0.333333333333,0.619047619048,0.047619047619,21,71,0.169047619048,2.24552364156,6.7619047619,4.17647058824,3.73684210526,4.21787579126,0.623770363496,0.336016096579,4.63115741987,1.36977895517,0.623742454728,3.05738761815,0.904297746213,0.443997317237,0.814486471512,0.36271560737,2.27777777778,2.24552364156,0.814486471512,2.27777777778,0.449433760684,0.325744308231,62,0.0466165413534,0.39371913239,21,21,21,1,0,0.190476190476,0.714285714286,0.0952380952381,-35,-0.0833333333333,0.264044123341,-3.33333333333,-3.39495798319,-1.56315789474,0.627544860762,0.268124375098,0.158118522455,-0.41340589598,0.370384335995,0.0882527871632,-0.872958301437,0.125644309314,0.0289029776141,0.0285495593538,-0.0339258440971,0.0912471655329,0.264044123341,0.0285495593538,0.0912471655329,-0.00705925610337,-0.12863010381,-99,-0.0744360902256,-0.00471965400403,-0.142857142857,0.0952380952381,0.047619047619,48,23,58,291,0.452830188679,0.926751592357,0.0732484076433,0.547169811321,0.676056338028,0.452830188679,0.542372881356,0.439927618869,0.379581781036,0.372093023256,61,96,0,0,0,0
17,WLNM_dir_neg,0.699055989583,0.532842184479,00:00:07,10,10,17,1285943608,fixed,0.5,0.589285714286,0.34375,0.434210526316,33,23,63,169,0.34375,0.880208333333,0.119791666667,0.65625,0.589285714286,0.34375,0.434210526316,0.701388888889,0.601851851852,0.25,0.266756771005,0.223958333333,106,10,96,0,106,0,10,0,96,21,106,0.252380952381,1.98147951821,10.0952380952,7.57142857143,5.3,3.5903309305,0.355645988398,0.177897574124,5.04456331585,0.999394619178,0.535489667565,3.93034591959,0.778653436899,0.415094339623,0.785936912158,0.396641451468,2.18653061224,1.98147951821,0.785936912158,2.18653061224,0.456493016787,0.454374412041,161,0.121052631579,0.398438786394,21,21,21,1,0,0.333333333333,0.619047619048,0.047619047619,21,66,0.157142857143,3.85921699943,6.28571428571,6.6,3.14285714286,5.07092552837,0.806738152241,0.409090909091,4.54186871547,1.44514004583,0.691197691198,1.7968225924,0.571716279401,0.277056277056,3.3198796916,0.860246959962,8.87537739399,3.85921699943,3.3198796916,8.87537739399,0.681552736479,0.402127659574,63,0.0473684210526,0.240534336187,21,21,21,1,0,0.52380952381,0.47619047619,0,-40,-0.0952380952381,1.87773748122,-3.80952380952,-0.971428571429,-2.15714285714,1.48059459788,0.451092163843,0.231193334967,-0.502694600379,0.445745426654,0.155708023633,-2.13352332718,-0.206937157498,-0.138038062566,2.53394277944,0.463605508495,6.68884678175,1.87773748122,2.53394277944,6.68884678175,0.225059719692,-0.0522467524669,-98,-0.0736842105263,-0.157904450207,0.190476190476,-0.142857142857,-0.047619047619,43,23,63,291,0.405660377358,0.926751592357,0.0732484076433,0.594339622642,0.651515151515,0.405660377358,0.5,0.39675354114,0.332411969715,0.333333333333,56,96,0,0,0,0
18,WLNM_dir_neg,0.642876519097,0.437580502326,00:00:08,10,10,18,1285943609,fixed,0.5,0.611111111111,0.114583333333,0.19298245614,11,7,85,185,0.114583333333,0.963541666667,0.0364583333333,0.885416666667,0.611111111111,0.114583333333,0.19298245614,0.680555555556,0.645833333333,0.0980392156863,0.152145154863,0.078125,106,10,96,0,106,0,10,0,96,21,106,0.252380952381,1.98147951821,10.0952380952,7.57142857143,5.3,3.5903309305,0.355645988398,0.177897574124,5.04456331585,0.999394619178,0.535489667565,3.93034591959,0.778653436899,0.415094339623,0.785936912158,0.396641451468,2.18653061224,1.98147951821,0.785936912158,2.18653061224,0.456493016787,0.454374412041,161,0.121052631579,0.398438786394,21,21,21,1,0,0.333333333333,0.619047619048,0.047619047619,21,28,0.0666666666667,2.47379692618,2.66666666667,2.8,3.11111111111,3.24550971857,1.21706614446,0.619047619048,2.0575065816,1.5431299362,0.710884353741,1.85292561462,1.38969421097,0.680272108844,1.86059649341,0.752121758146,4.91798941799,3.38074888075,1.85217131962,4.91798941799,0.659285714286,0.48,16,0.012030075188,0.177266313933,21,13,13,0.619047619048,0,0.142857142857,0.285714285714,0.190476190476,-78,-0.185714285714,0.492317407964,-7.42857142857,-4.77142857143,-2.18888888889,-0.344821211926,0.861420156066,0.441150044924,-2.98705673425,0.543735317023,0.175394686176,-2.07742030496,0.611040774069,0.265177769221,1.07465958126,0.355480306679,2.73145880574,1.39926936253,1.06623440746,2.73145880574,0.202792697499,0.0256255879586,-145,-0.109022556391,-0.221172472461,-0.190476190476,-0.333333333333,0.142857142857,21,7,85,307,0.198113207547,0.977707006369,0.0222929936306,0.801886792453,0.75,0.198113207547,0.313432835821,0.306171323541,0.175820213917,0.185840707965,18,96,0,0,0,0
19,WLNM_dir_neg,0.761040581597,0.555005630453,00:00:07,10,10,19,1285943610,fixed,0.5,0.631578947368,0.25,0.358208955224,24,14,72,178,0.25,0.927083333333,0.0729166666667,0.75,0.631578947368,0.25,0.358208955224,0.701388888889,0.622685185185,0.208588957055,0.246661925037,0.177083333333,106,10,96,0,106,0,10,0,96,21,106,0.252380952381,1.98147951821,10.0952380952,7.57142857143,5.3,3.5903309305,0.355645988398,0.177897574124,5.04456331585,0.999394619178,0.535489667565,3.93034591959,0.778653436899,0.415094339623,0.785936912158,0.396641451468,2.18653061224,1.98147951821,0.785936912158,2.18653061224,0.456493016787,0.454374412041,161,0.121052631579,0.398438786394,21,21,21,1,0,0.333333333333,0.619047619048,0.047619047619,21,48,0.114285714286,1.52652116402,4.57142857143,6,2.4,4.17817458433,0.913975690322,0.410714285714,4.58413412918,2.00555868151,0.805555555556,1.10194633004,0.482101519392,0.259920634921,0.741716590179,0.485886869872,2.34375,1.52652116402,0.741716590179,2.34375,0.402283549784,0.20245398773,22,0.0165413533835,0.108735994398,21,21,21,1,0,0.619047619048,0.333333333333,0.047619047619,-58,-0.138095238095,-0.454958354193,-5.52380952381,-1.57142857143,-2.9,0.587843653834,0.558329701924,0.23281671159,-0.460429186673,1.00616406234,0.27006588799,-2.82839958955,-0.296551917508,-0.155173704702,-0.0442203219786,0.0892454184041,0.157219387755,-0.454958354193,-0.0442203219786,0.157219387755,-0.0542094670036,-0.251920424311,-139,-0.104511278195,-0.289702791996,0.285714285714,-0.285714285714,0,34,14,72,300,0.320754716981,0.955414012739,0.0445859872611,0.679245283019,0.708333333333,0.320754716981,0.441558441558,0.377051063758,0.27616872972,0.283333333333,38,96,0,0,0,0
20,WLNM_dir_neg,0.580349392361,0.402536197965,00:00:07,10,10,20,1285943611,fixed,0.5,0.454545454545,0.15625,0.232558139535,15,18,81,174,0.15625,0.90625,0.09375,0.84375,0.454545454545,0.15625,0.232558139535,0.65625,0.628472222222,0.0747663551402,0.0924994580126,0.0625,106,10,96,0,106,0,10,0,96,21,106,0.252380952381,1.98147951821,10.0952380952,7.57142857143,5.3,3.5903309305,0.355645988398,0.177897574124,5.04456331585,0.999394619178,0.535489667565,3.93034591959,0.778653436899,0.415094339623,0.785936912158,0.396641451468,2.18653061224,1.98147951821,0.785936912158,2.18653061224,0.456493016787,0.454374412041,161,0.121052631579,0.398438786394,21,21,21,1,0,0.333333333333,0.619047619048,0.047619047619,21,43,0.102380952381,1.39113284203,4.09523809524,6.14285714286,2.6875,3.04802824634,0.744285967129,0.41196013289,3.20119025483,1.56337198492,0.728682170543,1.98686160757,0.970327761834,0.50276854928,0.574030294773,0.412635139817,1.36111111111,1.43230472013,0.589351736078,1.36111111111,0.211322751323,0.252212389381,19,0.0142857142857,0.344028061885,21,19,19,0.904761904762,0,0.571428571429,0.190476190476,0.142857142857,-63,-0.15,-0.590346676189,-6,-1.42857142857,-2.6125,-0.542302684158,0.388639978731,0.234062558766,-1.84337306102,0.563977365739,0.193192502977,-1.94348431202,0.191674324935,0.0876742096575,-0.211906617385,0.0159936883493,-0.825419501134,-0.549174798081,-0.19658517608,-0.825419501134,-0.245170265464,-0.202162022661,-142,-0.106766917293,-0.0544107245086,0.238095238095,-0.428571428571,0.0952380952381,25,18,81,296,0.235849056604,0.942675159236,0.0573248407643,0.764150943396,0.581395348837,0.235849056604,0.335570469799,0.255805564805,0.178524215839,0.201612903226,33,96,0,0,0,0
21,WLNM_dir_neg,0.655300564236,0.519704085408,00:00:07,10,10,21,1285943612,fixed,0.5,0.661016949153,0.40625,0.503225806452,39,20,57,172,0.40625,0.895833333333,0.104166666667,0.59375,0.661016949153,0.40625,0.503225806452,0.732638888889,0.59837962963,0.334293948127,0.352833041756,0.302083333333,106,10,96,0,106,0,10,0,96,21,106,0.252380952381,1.98147951821,10.0952380952,7.57142857143,5.3,3.5903309305,0.355645988398,0.177897574124,5.04456331585,0.999394619178,0.535489667565,3.93034591959,0.778653436899,0.415094339623,0.785936912158,0.396641451468,2.18653061224,1.98147951821,0.785936912158,2.18653061224,0.456493016787,0.454374412041,161,0.121052631579,0.398438786394,21,21,21,1,0,0.333333333333,0.619047619048,0.047619047619,21,69,0.164285714286,1.43912309249,6.57142857143,9.85714285714,3.28571428571,5.27798662912,0.803171878344,0.370600414079,5.53301777643,1.68396193196,0.752242926156,0.845154254729,0.257220860135,0.125603864734,0.642758707566,0.446632196314,1.53038588092,1.43912309249,0.642758707566,1.53038588092,0.60802696329,0.328031809145,55,0.0413533834586,0.241948317789,21,21,21,1,0,0.666666666667,0.333333333333,0,-37,-0.0880952380952,-0.542356425722,-3.52380952381,2.28571428571,-2.01428571429,1.68765569862,0.447525889946,0.192702839955,0.48845446058,0.684567312779,0.216753258591,-3.08519166486,-0.521432576765,-0.289490474888,-0.143178204592,0.0499907448464,-0.65614473133,-0.542356425722,-0.143178204592,-0.65614473133,0.151533946503,-0.126342602896,-106,-0.0796992481203,-0.156490468605,0.333333333333,-0.285714285714,-0.047619047619,49,20,57,294,0.462264150943,0.936305732484,0.0636942675159,0.537735849057,0.710144927536,0.462264150943,0.56,0.467244429801,0.398569883427,0.388888888889,59,96,0,0,0,0
22,WLNM_dir_neg,0.623914930556,0.428791955925,00:00:07,10,10,22,1285943613,fixed,0.5,0.543859649123,0.322916666667,0.40522875817,31,26,65,166,0.322916666667,0.864583333333,0.135416666667,0.677083333333,0.543859649123,0.322916666667,0.40522875817,0.684027777778,0.600694444444,0.208695652174,0.221842159994,0.1875,106,10,96,0,106,0,10,0,96,21,106,0.252380952381,1.98147951821,10.0952380952,7.57142857143,5.3,3.5903309305,0.355645988398,0.177897574124,5.04456331585,0.999394619178,0.535489667565,3.93034591959,0.778653436899,0.415094339623,0.785936912158,0.396641451468,2.18653061224,1.98147951821,0.785936912158,2.18653061224,0.456493016787,0.454374412041,161,0.121052631579,0.398438786394,21,21,21,1,0,0.333333333333,0.619047619048,0.047619047619,21,67,0.159523809524,1.49292781293,6.38095238095,8.375,3.19047619048,4.29506915516,0.673107852675,0.348258706468,5.03606044065,1.57846670528,0.726368159204,1.88730091981,0.591542079343,0.308457711443,0.650098532746,0.43545208758,1.51952689286,1.49292781293,0.650098532746,1.51952689286,0.469021134095,0.340637450199,57,0.0428571428571,0.313229623833,21,21,21,1,0,0.619047619048,0.380952380952,0,-39,-0.0928571428571,-0.488551705286,-3.71428571429,0.803571428571,-2.10952380952,0.704738224665,0.317461864276,0.170361132344,-0.00850287519748,0.579072086101,0.190878491639,-2.04304499978,-0.187111357557,-0.10663662818,-0.135838379412,0.0388106361123,-0.667003719385,-0.488551705286,-0.135838379412,-0.667003719385,0.0125281173075,-0.113736961842,-104,-0.0781954887218,-0.0852091625605,0.285714285714,-0.238095238095,-0.047619047619,41,26,65,288,0.38679245283,0.917197452229,0.0828025477707,0.61320754717,0.611940298507,0.38679245283,0.473988439306,0.360621955761,0.303989905059,0.310606060606,57,96,0,0,0,0
23,WLNM_dir_neg,0.696017795139,0.559669890694,00:00:07,10,10,23,1285943614,fixed,0.5,0.672727272727,0.385416666667,0.490066225166,37,18,59,174,0.385416666667,0.90625,0.09375,0.614583333333,0.672727272727,0.385416666667,0.490066225166,0.732638888889,0.603009259259,0.326530612245,0.349795101944,0.291666666667,106,10,96,0,106,0,10,0,96,21,106,0.252380952381,1.98147951821,10.0952380952,7.57142857143,5.3,3.5903309305,0.355645988398,0.177897574124,5.04456331585,0.999394619178,0.535489667565,3.93034591959,0.778653436899,0.415094339623,0.785936912158,0.396641451468,2.18653061224,1.98147951821,0.785936912158,2.18653061224,0.456493016787,0.454374412041,161,0.121052631579,0.398438786394,21,21,21,1,0,0.333333333333,0.619047619048,0.047619047619,21,65,0.154761904762,1.62601302836,6.19047619048,7.22222222222,3.25,4.84374903994,0.78245176799,0.409523809524,5.01901147543,1.62152678437,0.738461538462,1.92106121466,0.620650546275,0.325274725275,0.770781145793,0.474031346828,2.03528364794,1.65731367978,0.776990976271,2.03528364794,0.667967996915,0.432926829268,71,0.0533834586466,0.276162615669,21,20,20,0.952380952381,0,0.52380952381,0.428571428571,0,-41,-0.097619047619,-0.355466489855,-3.90476190476,-0.349206349206,-2.05,1.25341810944,0.426805779592,0.2316262354,-0.0255518404221,0.622132165191,0.202971870896,-2.00928470493,-0.158002890624,-0.0898196143479,-0.0151557663651,0.0773898953601,-0.151246964304,-0.324165838437,-0.00894593588663,-0.151246964304,0.211474980128,-0.0214475827731,-90,-0.0676691729323,-0.122276170725,0.190476190476,-0.190476190476,-0.047619047619,47,18,59,296,0.443396226415,0.942675159236,0.0573248407643,0.556603773585,0.723076923077,0.443396226415,0.549707602339,0.463675892035,0.386071385651,0.379032258065,55,96,0,0,0,0
24,WLNM_dir_neg,0.554389105903,0.404512389758,00:00:07,10,10,24,1285943615,fixed,0.5,0.515151515152,0.177083333333,0.263565891473,17,16,79,176,0.177083333333,0.916666666667,0.0833333333333,0.822916666667,0.515151515152,0.177083333333,0.263565891473,0.670138888889,0.628472222222,0.11214953271,0.138749187019,0.09375,106,10,96,0,106,0,10,0,96,21,106,0.252380952381,1.98147951821,10.0952380952,7.57142857143,5.3,3.5903309305,0.355645988398,0.177897574124,5.04456331585,0.999394619178,0.535489667565,3.93034591959,0.778653436899,0.415094339623,0.785936912158,0.396641451468,2.18653061224,1.98147951821,0.785936912158,2.18653061224,0.456493016787,0.454374412041,161,0.121052631579,0.398438786394,21,21,21,1,0,0.333333333333,0.619047619048,0.047619047619,21,43,0.102380952381,1.54836093858,4.09523809524,6.14285714286,2.6875,3.09684939745,0.756207411005,0.416389811739,3.27835615021,1.60105765475,0.730897009967,1.71686314178,0.838468045988,0.451827242525,0.827457906325,0.534408926051,2.58695652174,1.60608314264,0.85078483678,2.58695652174,0.115228174603,0.15,10,0.00751879699248,0.255320076749,21,19,19,0.904761904762,0,0.571428571429,0.190476190476,0.142857142857,-63,-0.15,-0.433118579636,-6,-1.42857142857,-2.6125,-0.493481533048,0.400561422607,0.238492237615,-1.76620716564,0.601663035576,0.195407342402,-2.2134827778,0.0598146090885,0.0367329029023,0.0415209941678,0.137767474584,0.400425909494,-0.375396375575,0.0648479246222,0.400425909494,-0.341264842184,-0.304374412041,-151,-0.113533834586,-0.143118709645,0.238095238095,-0.428571428571,0.0952380952381,27,16,79,298,0.254716981132,0.949044585987,0.0509554140127,0.745283018868,0.627906976744,0.254716981132,0.362416107383,0.291967913246,0.203761567119,0.22131147541,33,96,0,0,0,0
25,WLNM_dir_neg,0.615939670139,0.440553614476,00:00:07,10,10,25,1285943616,fixed,0.5,0.607142857143,0.354166666667,0.447368421053,34,22,62,170,0.354166666667,0.885416666667,0.114583333333,0.645833333333,0.607142857143,0.354166666667,0.447368421053,0.708333333333,0.601851851852,0.267441860465,0.285367708517,0.239583333333,106,10,96,0,106,0,10,0,96,21,106,0.252380952381,1.98147951821,10.0952380952,7.57142857143,5.3,3.5903309305,0.355645988398,0.177897574124,5.04456331585,0.999394619178,0.535489667565,3.93034591959,0.778653436899,0.415094339623,0.785936912158,0.396641451468,2.18653061224,1.98147951821,0.785936912158,2.18653061224,0.456493016787,0.454374412041,161,0.121052631579,0.398438786394,21,21,21,1,0,0.333333333333,0.619047619048,0.047619047619,21,66,0.157142857143,1.53758576841,6.28571428571,8.25,3.3,4.83883102766,0.769814027128,0.398268398268,4.99285203351,1.58863473794,0.737373737374,1.74027912375,0.55372517574,0.291486291486,0.720539977162,0.468617746057,1.88052487176,1.53758576841,0.720539977162,1.88052487176,0.610704711955,0.382470119522,64,0.0481203007519,0.272566595495,21,21,21,1,0,0.619047619048,0.333333333333,0.047619047619,-40,-0.0952380952381,-0.443893749802,-3.80952380952,0.678571428571,-2,1.24850009717,0.41416803873,0.220370824144,-0.0517112823353,0.589240118759,0.201884069809,-2.19006679583,-0.22492826116,-0.123608048136,-0.0653969349956,0.0719762945891,-0.306005740481,-0.443893749802,-0.0653969349956,-0.306005740481,0.154211695168,-0.0719042925195,-97,-0.0729323308271,-0.125872190899,0.285714285714,-0.285714285714,0,44,22,62,292,0.415094339623,0.929936305732,0.0700636942675,0.584905660377,0.666666666667,0.415094339623,0.511627906977,0.411814684242,0.345030645355,0.34375,56,96,0,0,0,0
26,WLNM_dir_neg,0.586100260417,0.484565388317,00:00:08,10,10,26,1285943617,fixed,0.5,0.573770491803,0.364583333333,0.445859872611,35,26,61,166,0.364583333333,0.864583333333,0.135416666667,0.635416666667,0.573770491803,0.364583333333,0.445859872611,0.697916666667,0.596064814815,0.252148997135,0.264399014799,0.229166666667,106,10,96,0,106,0,10,0,96,21,106,0.252380952381,1.98147951821,10.0952380952,7.57142857143,5.3,3.5903309305,0.355645988398,0.177897574124,5.04456331585,0.999394619178,0.535489667565,3.93034591959,0.778653436899,0.415094339623,0.785936912158,0.396641451468,2.18653061224,1.98147951821,0.785936912158,2.18653061224,0.456493016787,0.454374412041,161,0.121052631579,0.398438786394,21,21,21,1,0,0.333333333333,0.619047619048,0.047619047619,21,71,0.169047619048,1.6907610544,6.7619047619,7.88888888889,3.38095238095,4.30005537063,0.635923681572,0.351441985245,4.29506915516,1.27037256702,0.639839034205,1.65759435557,0.490274386859,0.253521126761,0.824238116327,0.487495328912,1.81661469636,1.6907610544,0.824238116327,1.81661469636,0.644975857476,0.483870967742,85,0.0639097744361,0.249643951727,21,21,21,1,0,0.571428571429,0.428571428571,0,-35,-0.0833333333333,-0.290718463814,-3.33333333333,0.31746031746,-1.91904761905,0.709724440133,0.280277693174,0.173544411121,-0.749494160689,0.270977947842,0.10434936664,-2.27275156402,-0.288379050041,-0.161573212862,0.038301204169,0.0908538774447,-0.36991591588,-0.290718463814,0.038301204169,-0.36991591588,0.188482840689,0.0294965557005,-76,-0.0571428571429,-0.148794834667,0.238095238095,-0.190476190476,-0.047619047619,45,26,61,288,0.424528301887,0.917197452229,0.0828025477707,0.575471698113,0.633802816901,0.424528301887,0.508474576271,0.396053248141,0.341725754116,0.340909090909,61,96,0,0,0,0
27,WLNM_dir_neg,0.640923394097,0.487495249413,00:00:08,10,10,27,1285943618,fixed,0.5,0.396226415094,0.21875,0.281879194631,21,32,75,160,0.21875,0.833333333333,0.166666666667,0.78125,0.396226415094,0.21875,0.281879194631,0.628472222222,0.605324074074,0.058651026393,0.0633597034976,0.0520833333333,106,10,96,0,106,0,10,0,96,21,106,0.252380952381,1.98147951821,10.0952380952,7.57142857143,5.3,3.5903309305,0.355645988398,0.177897574124,5.04456331585,0.999394619178,0.535489667565,3.93034591959,0.778653436899,0.415094339623,0.785936912158,0.396641451468,2.18653061224,1.98147951821,0.785936912158,2.18653061224,0.456493016787,0.454374412041,161,0.121052631579,0.398438786394,21,21,21,1,0,0.333333333333,0.619047619048,0.047619047619,21,63,0.15,2.6003968254,6,3.31578947368,4.2,3.60555127546,0.600925212577,0.316704459562,2.62678510731,0.875595035771,0.418745275888,4.09878030638,1.36626010213,0.645502645503,0.675393281471,0.259727005846,2.625,2.6003968254,0.675393281471,2.625,0.423239260739,0.310112359551,46,0.0345864661654,0.327345072082,21,21,21,1,0,0.0952380952381,0.619047619048,0.285714285714,-43,-0.102380952381,0.618917307183,-4.09523809524,-4.25563909774,-1.1,0.015220344968,0.245279224179,0.138806885438,-2.41777820854,-0.123799583407,-0.116744391677,0.168434386796,0.587606665229,0.23040830588,-0.110543630687,-0.136914445622,0.438469387755,0.618917307183,-0.110543630687,0.438469387755,-0.0332537560479,-0.144262052491,-115,-0.0864661654135,-0.0710937143119,-0.238095238095,0,0.238095238095,31,32,75,282,0.292452830189,0.898089171975,0.101910828025,0.707547169811,0.492063492063,0.292452830189,0.366863905325,0.231795018458,0.190542002163,0.224637681159,53,96,0,0,0,0
28,WLNM_dir_neg,0.627875434028,0.447237171556,00:00:07,10,10,28,1285943619,fixed,0.5,0.472222222222,0.354166666667,0.404761904762,34,38,62,154,0.354166666667,0.802083333333,0.197916666667,0.645833333333,0.472222222222,0.354166666667,0.404761904762,0.652777777778,0.583333333333,0.166666666667,0.17010345436,0.15625,106,10,96,0,106,0,10,0,96,21,106,0.252380952381,1.98147951821,10.0952380952,7.57142857143,5.3,3.5903309305,0.355645988398,0.177897574124,5.04456331585,0.999394619178,0.535489667565,3.93034591959,0.778653436899,0.415094339623,0.785936912158,0.396641451468,2.18653061224,1.98147951821,0.785936912158,2.18653061224,0.456493016787,0.454374412041,161,0.121052631579,0.398438786394,21,21,21,1,0,0.333333333333,0.619047619048,0.047619047619,21,82,0.195238095238,NaN,7.80952380952,3.90476190476,4.31578947368,4.85406064671,0.621556546225,0.325203252033,3.17655098975,0.813506960789,0.362369337979,4.71067682934,1.20639284654,0.55981416957,NaN,NaN,NaN,NaN,NaN,NaN,0.682057694873,0.451436388509,110,0.0827067669173,0.345804811435,21,21,0,1,2,0,0.904761904762,0.0952380952381,-24,-0.0571428571429,NaN,-2.28571428571,-3.66666666667,-0.984210526316,1.26372971621,0.265910557826,0.147305677909,-1.8680123261,-0.185887658388,-0.173120329586,0.780330909752,0.427739409639,0.144719829948,NaN,NaN,NaN,NaN,NaN,NaN,0.225564678086,-0.0029380235325,-51,-0.0383458646617,-0.0526339749588,-0.333333333333,0.285714285714,0.047619047619,44,38,62,276,0.415094339623,0.87898089172,0.12101910828,0.584905660377,0.536585365854,0.415094339623,0.468085106383,0.322263357649,0.294075231342,0.305555555556,72,96,0,0,0,0
29,WLNM_dir_neg,0.72119140625,0.601778986866,00:00:09,10,10,29,1285943620,fixed,0.5,0.671428571429,0.489583333333,0.566265060241,47,23,49,169,0.489583333333,0.880208333333,0.119791666667,0.510416666667,0.671428571429,0.489583333333,0.566265060241,0.75,0.585648148148,0.396648044693,0.406411589498,0.369791666667,106,10,96,0,106,0,10,0,96,21,106,0.252380952381,1.98147951821,10.0952380952,7.57142857143,5.3,3.5903309305,0.355645988398,0.177897574124,5.04456331585,0.999394619178,0.535489667565,3.93034591959,0.778653436899,0.415094339623,0.785936912158,0.396641451468,2.18653061224,1.98147951821,0.785936912158,2.18653061224,0.456493016787,0.454374412041,161,0.121052631579,0.398438786394,21,21,21,1,0,0.333333333333,0.619047619048,0.047619047619,21,80,0.190476190476,1,7.61904761905,7.27272727273,3.80952380952,5.34299719704,0.701268382112,0.355952380952,5.52828226142,1.45117409362,0.697619047619,1.56904581256,0.411874525796,0.213095238095,0,0,0,NaN,NaN,NaN,0.727272749181,0.472440944882,100,0.0751879699248,0.169487320854,21,21,0,1,2,0.47619047619,0.52380952381,0,-26,-0.0619047619048,-0.981479518214,-2.47619047619,-0.298701298701,-1.49047619048,1.75266626655,0.345622393714,0.178054806828,0.483718945568,0.451779474444,0.162129380054,-2.36130010703,-0.366778911103,-0.201999101527,-0.785936912158,-0.396641451468,-2.18653061224,NaN,NaN,NaN,0.270779732394,0.0180665328405,-61,-0.0458646616541,-0.22895146554,0.142857142857,-0.0952380952381,-0.047619047619,57,23,49,291,0.537735849057,0.926751592357,0.0732484076433,0.462264150943,0.7125,0.537735849057,0.612903225806,0.513815594219,0.464487441413,0.441860465116,70,96,0,0,0,0
30,WLNM_dir_neg,0.686116536458,0.563028496996,00:00:07,10,10,30,1285943621,fixed,0.5,0.692307692308,0.46875,0.55900621118,45,20,51,172,0.46875,0.895833333333,0.104166666667,0.53125,0.692307692308,0.46875,0.55900621118,0.753472222222,0.591435185185,0.396600566572,0.4111250434,0.364583333333,106,10,96,0,106,0,10,0,96,21,106,0.252380952381,1.98147951821,10.0952380952,7.57142857143,5.3,3.5903309305,0.355645988398,0.177897574124,5.04456331585,0.999394619178,0.535489667565,3.93034591959,0.778653436899,0.415094339623,0.785936912158,0.396641451468,2.18653061224,1.98147951821,0.785936912158,2.18653061224,0.456493016787,0.454374412041,161,0.121052631579,0.398438786394,21,21,21,1,0,0.333333333333,0.619047619048,0.047619047619,21,75,0.178571428571,1,7.14285714286,8.33333333333,3.57142857143,6.06041016999,0.848457423799,0.406984126984,6.22552350065,1.74314658018,0.760634920635,1.12122382116,0.313942669926,0.168888888889,0,0,0,NaN,NaN,NaN,0.670158063225,0.367647058824,75,0.0563909774436,0.193425646612,21,21,0,1,2,0.571428571429,0.428571428571,0,-31,-0.0738095238095,-0.981479518214,-2.95238095238,0.761904761905,-1.72857142857,2.4700792395,0.492811435401,0.22908655286,1.1809601848,0.743751961004,0.22514525307,-2.80912209842,-0.464710766974,-0.246205450734,-0.785936912158,-0.396641451468,-2.18653061224,NaN,NaN,NaN,0.213665046438,-0.0867273532179,-86,-0.0646616541353,-0.205013139782,0.238095238095,-0.190476190476,-0.047619047619,55,20,51,294,0.518867924528,0.936305732484,0.0636942675159,0.481132075472,0.733333333333,0.518867924528,0.60773480663,0.51624361937,0.455173657012,0.436507936508,65,96,0,0,0,0
31,WLNM_dir_neg,0.678331163194,0.472122736373,00:00:07,10,10,31,1285943622,fixed,0.5,0.416666666667,0.364583333333,0.388888888889,35,49,61,143,0.364583333333,0.744791666667,0.255208333333,0.635416666667,0.416666666667,0.364583333333,0.388888888889,0.618055555556,0.569444444444,0.112903225806,0.113435651622,0.109375,106,10,96,0,106,0,10,0,96,21,106,0.252380952381,1.98147951821,10.0952380952,7.57142857143,5.3,3.5903309305,0.355645988398,0.177897574124,5.04456331585,0.999394619178,0.535489667565,3.93034591959,0.778653436899,0.415094339623,0.785936912158,0.396641451468,2.18653061224,1.98147951821,0.785936912158,2.18653061224,0.456493016787,0.454374412041,161,0.121052631579,0.398438786394,21,21,21,1,0,0.333333333333,0.619047619048,0.047619047619,21,94,0.22380952381,NaN,8.95238095238,4.47619047619,4.7,5.2485825751,0.586277840835,0.308004052685,3.65539392705,0.81663055817,0.369807497467,4.98617135304,1.11393189802,0.504559270517,NaN,NaN,NaN,NaN,NaN,NaN,0.672410922411,0.551766138855,151,0.113533834586,0.344770875287,21,21,0,1,2,0,0.952380952381,0.047619047619,-12,-0.0285714285714,NaN,-1.14285714286,-3.09523809524,-0.6,1.6582516446,0.230631852437,0.130106478561,-1.3891693888,-0.182764061007,-0.165682170098,1.05582543346,0.335278461121,0.0894649308941,NaN,NaN,NaN,NaN,NaN,NaN,0.215917905624,0.0973917268137,-10,-0.00751879699248,-0.0536679111071,-0.333333333333,0.333333333333,0,45,49,61,265,0.424528301887,0.843949044586,0.156050955414,0.575471698113,0.478723404255,0.424528301887,0.45,0.279803199719,0.268477346473,0.290322580645,84,96,0,0,0,0
32,WLNM_dir_neg,0.618923611111,0.468027065982,00:00:07,10,10,32,1285943623,fixed,0.5,0.545454545455,0.1875,0.279069767442,18,15,78,177,0.1875,0.921875,0.078125,0.8125,0.545454545455,0.1875,0.279069767442,0.677083333333,0.628472222222,0.130841121495,0.161874051522,0.109375,106,10,96,0,106,0,10,0,96,21,106,0.252380952381,1.98147951821,10.0952380952,7.57142857143,5.3,3.5903309305,0.355645988398,0.177897574124,5.04456331585,0.999394619178,0.535489667565,3.93034591959,0.778653436899,0.415094339623,0.785936912158,0.396641451468,2.18653061224,1.98147951821,0.785936912158,2.18653061224,0.456493016787,0.454374412041,161,0.121052631579,0.398438786394,21,21,21,1,0,0.333333333333,0.619047619048,0.047619047619,21,43,0.102380952381,1.36819172113,4.09523809524,7.16666666667,2.15,3.23890046011,0.790894298398,0.405315614618,3.45653280725,1.68807416168,0.753045404208,0.97345726543,0.475409362187,0.252491694352,0.601874460089,0.439905059205,1.43496732026,1.36819172113,0.601874460089,1.43496732026,0.465839062898,0.243243243243,18,0.0135338345865,0.198822751323,21,21,21,1,0,0.714285714286,0.238095238095,0.047619047619,-63,-0.15,-0.613287797081,-6,-0.404761904762,-3.15,-0.35143047039,0.43524831,0.227418040494,-1.5880305086,0.688679542504,0.217555736643,-2.95688865416,-0.303244074713,-0.16260264527,-0.184062452069,0.0432636077373,-0.751563291983,-0.613287797081,-0.184062452069,-0.751563291983,0.00934604611075,-0.211131168798,-143,-0.107518796992,-0.199616035071,0.380952380952,-0.380952380952,0,28,15,78,299,0.264150943396,0.952229299363,0.0477707006369,0.735849056604,0.651162790698,0.264150943396,0.375838926174,0.310049087467,0.216380242759,0.231404958678,33,96,0,0,0,0
33,WLNM_dir_neg,0.629069010417,0.493483324557,00:00:07,10,10,33,1285943624,fixed,0.5,0.518518518519,0.4375,0.474576271186,42,39,54,153,0.4375,0.796875,0.203125,0.5625,0.518518518519,0.4375,0.474576271186,0.677083333333,0.572916666667,0.243902439024,0.245736593591,0.234375,106,10,96,0,106,0,10,0,96,21,106,0.252380952381,1.98147951821,10.0952380952,7.57142857143,5.3,3.5903309305,0.355645988398,0.177897574124,5.04456331585,0.999394619178,0.535489667565,3.93034591959,0.778653436899,0.415094339623,0.785936912158,0.396641451468,2.18653061224,1.98147951821,0.785936912158,2.18653061224,0.456493016787,0.454374412041,161,0.121052631579,0.398438786394,21,21,21,1,0,0.333333333333,0.619047619048,0.047619047619,21,91,0.216666666667,NaN,8.66666666667,4.33333333333,4.33333333333,5.00333222296,0.577307564188,0.303506017792,4.43095174126,1.02252732491,0.473050758765,4.33973885543,1.00147819741,0.424908424908,NaN,NaN,NaN,NaN,NaN,NaN,0.6448564041,0.475566150179,133,0.1,0.37634280889,21,21,0,1,2,0,1,0,-15,-0.0357142857143,NaN,-1.42857142857,-3.2380952381,-0.966666666667,1.41300129247,0.22166157579,0.125608443668,-0.613611574595,0.0231327057272,-0.0624389088001,0.409392935843,0.222824760508,0.00981408528578,NaN,NaN,NaN,NaN,NaN,NaN,0.188363387313,0.0211917381374,-28,-0.0210526315789,-0.022095977504,-0.333333333333,0.380952380952,-0.047619047619,52,39,54,275,0.490566037736,0.875796178344,0.124203821656,0.509433962264,0.571428571429,0.490566037736,0.527918781726,0.386286729713,0.36636221608,0.358620689655,81,96,0,0,0,0
34,WLNM_dir_neg,0.666178385417,0.453576732849,00:00:07,10,10,34,1285943625,fixed,0.5,0.508333333333,0.635416666667,0.564814814815,61,59,35,133,0.635416666667,0.692708333333,0.307291666667,0.364583333333,0.508333333333,0.635416666667,0.564814814815,0.673611111111,0.527777777778,0.308823529412,0.31374750995,0.328125,106,10,96,0,106,0,10,0,96,21,106,0.252380952381,1.98147951821,10.0952380952,7.57142857143,5.3,3.5903309305,0.355645988398,0.177897574124,5.04456331585,0.999394619178,0.535489667565,3.93034591959,0.778653436899,0.415094339623,0.785936912158,0.396641451468,2.18653061224,1.98147951821,0.785936912158,2.18653061224,0.456493016787,0.454374412041,161,0.121052631579,0.398438786394,21,21,21,1,0,0.333333333333,0.619047619048,0.047619047619,21,130,0.309523809524,NaN,12.380952381,6.19047619048,6.19047619048,6.24880941041,0.504711529302,0.252747252747,5.58228490512,0.901753715442,0.465201465201,3.86806214556,0.624840808129,0.307692307692,NaN,NaN,NaN,NaN,NaN,NaN,0.612258738199,0.56015625,239,0.17969924812,0.326555067576,21,21,0,1,2,0,1,0,24,0.0571428571429,NaN,2.28571428571,-1.38095238095,0.890476190476,2.65847847991,0.149065540904,0.0748496786233,0.537721589268,-0.0976409037357,-0.0702882023637,-0.0622837740288,-0.153812628771,-0.10740203193,NaN,NaN,NaN,NaN,NaN,NaN,0.155765721411,0.105781837959,78,0.0586466165414,-0.0718837188182,-0.333333333333,0.380952380952,-0.047619047619,71,59,35,255,0.669811320755,0.812101910828,0.187898089172,0.330188679245,0.546153846154,0.669811320755,0.601694915254,0.452809919501,0.481913231583,0.430303030303,120,96,0,0,0,0
35,WLNM_dir_neg,0.530002170139,0.418519022734,00:00:07,10,10,35,1285943626,fixed,0.5,0.553191489362,0.270833333333,0.363636363636,26,21,70,171,0.270833333333,0.890625,0.109375,0.729166666667,0.553191489362,0.270833333333,0.363636363636,0.684027777778,0.612268518519,0.185074626866,0.20596301742,0.161458333333,106,10,96,0,106,0,10,0,96,21,106,0.252380952381,1.98147951821,10.0952380952,7.57142857143,5.3,3.5903309305,0.355645988398,0.177897574124,5.04456331585,0.999394619178,0.535489667565,3.93034591959,0.778653436899,0.415094339623,0.785936912158,0.396641451468,2.18653061224,1.98147951821,0.785936912158,2.18653061224,0.456493016787,0.454374412041,161,0.121052631579,0.398438786394,21,21,21,1,0,0.333333333333,0.619047619048,0.047619047619,21,57,0.135714285714,1.46187088777,5.42857142857,8.14285714286,2.71428571429,3.82846481728,0.705243518972,0.364243943191,4.00178531587,1.47434195848,0.69507101086,0.956182887468,0.352277905909,0.183792815372,0.676013300027,0.462430236268,1.67932045308,1.46187088777,0.676013300027,1.67932045308,0.638543328017,0.376963350785,48,0.0360902255639,0.247931254864,21,21,21,1,0,0.666666666667,0.333333333333,0,-49,-0.116666666667,-0.51960863044,-4.66666666667,0.571428571429,-2.58571428571,0.238133886783,0.349597530574,0.186346369067,-1.04277799998,0.474947339299,0.159581343295,-2.97416303212,-0.42637553099,-0.231301524251,-0.109923612131,0.0657887848007,-0.50721015917,-0.51960863044,-0.109923612131,-0.50721015917,0.18205031123,-0.0774110612561,-113,-0.084962406015,-0.15050753153,0.333333333333,-0.285714285714,-0.047619047619,36,21,70,293,0.339622641509,0.933121019108,0.0668789808917,0.660377358491,0.631578947368,0.339622641509,0.441717791411,0.345924786351,0.272743660618,0.283464566929,47,96,0,0,0,0
36,WLNM_dir_neg,0.637424045139,0.435254839532,00:00:07,10,10,36,1285943627,fixed,0.5,0.430555555556,0.322916666667,0.369047619048,31,41,65,151,0.322916666667,0.786458333333,0.213541666667,0.677083333333,0.430555555556,0.322916666667,0.369047619048,0.631944444444,0.583333333333,0.116666666667,0.119072418052,0.109375,106,10,96,0,106,0,10,0,96,21,106,0.252380952381,1.98147951821,10.0952380952,7.57142857143,5.3,3.5903309305,0.355645988398,0.177897574124,5.04456331585,0.999394619178,0.535489667565,3.93034591959,0.778653436899,0.415094339623,0.785936912158,0.396641451468,2.18653061224,1.98147951821,0.785936912158,2.18653061224,0.456493016787,0.454374412041,161,0.121052631579,0.398438786394,21,21,21,1,0,0.333333333333,0.619047619048,0.047619047619,21,82,0.195238095238,1,7.80952380952,4.1,4.1,3.38554349579,0.433514715925,0.232288037166,3.16077145496,0.809465860416,0.400696864111,3.01504165651,0.772144814471,0.35656213705,0,0,0,NaN,NaN,NaN,0.355285190999,0.289285714286,54,0.0406015037594,0.267383581331,21,21,0,1,3,0.047619047619,0.904761904762,0.047619047619,-24,-0.0571428571429,-0.981479518214,-2.28571428571,-3.47142857143,-1.2,-0.204787434703,0.0778687275265,0.0543904630421,-1.88379186089,-0.189928758762,-0.134792803454,-0.91530426308,-0.00650862242797,-0.0585322025727,-0.785936912158,-0.396641451468,-2.18653061224,NaN,NaN,NaN,-0.101207825788,-0.165088697756,-107,-0.0804511278195,-0.131055205063,-0.285714285714,0.285714285714,0,41,41,65,273,0.38679245283,0.869426751592,0.130573248408,0.61320754717,0.5,0.38679245283,0.436170212766,0.28077869984,0.256219204423,0.278911564626,72,96,0,0,0,0
37,WLNM_dir_neg,0.625461154514,0.461829106248,00:00:07,10,10,37,1285943628,fixed,0.5,0.606557377049,0.385416666667,0.471337579618,37,24,59,168,0.385416666667,0.875,0.125,0.614583333333,0.606557377049,0.385416666667,0.471337579618,0.711805555556,0.596064814815,0.286532951289,0.300453425908,0.260416666667,106,10,96,0,106,0,10,0,96,21,106,0.252380952381,1.98147951821,10.0952380952,7.57142857143,5.3,3.5903309305,0.355645988398,0.177897574124,5.04456331585,0.999394619178,0.535489667565,3.93034591959,0.778653436899,0.415094339623,0.785936912158,0.396641451468,2.18653061224,1.98147951821,0.785936912158,2.18653061224,0.456493016787,0.454374412041,161,0.121052631579,0.398438786394,21,21,21,1,0,0.333333333333,0.619047619048,0.047619047619,21,71,0.169047619048,1.60966182996,6.7619047619,8.875,3.38095238095,5.47635610516,0.809883649354,0.409792085848,5.46329745187,1.61590488013,0.740442655936,1.43095040013,0.423238850741,0.230717639168,0.813780453329,0.505559887291,2.20275501174,1.60966182996,0.813780453329,2.20275501174,0.665874312688,0.421441774492,76,0.0571428571429,0.2675233624,21,21,21,1,0,0.619047619048,0.380952380952,0,-35,-0.0833333333333,-0.371817688259,-3.33333333333,1.30357142857,-1.91904761905,1.88602517466,0.454237660956,0.231894511724,0.418734136021,0.616510260953,0.20495298837,-2.49939551946,-0.355414586158,-0.184376700454,0.0278435411711,0.108918435824,0.0162243994908,-0.371817688259,0.0278435411711,0.0162243994908,0.209381295901,-0.0329326375497,-85,-0.0639097744361,-0.130915423994,0.285714285714,-0.238095238095,-0.047619047619,47,24,59,290,0.443396226415,0.923566878981,0.0764331210191,0.556603773585,0.661971830986,0.443396226415,0.531073446328,0.425302828626,0.366963105396,0.361538461538,61,96,0,0,0,0
38,WLNM_dir_neg,0.583143446181,0.513902942966,00:00:07,10,10,38,1285943629,fixed,0.5,0.676470588235,0.239583333333,0.353846153846,23,11,73,181,0.239583333333,0.942708333333,0.0572916666667,0.760416666667,0.676470588235,0.239583333333,0.353846153846,0.708333333333,0.627314814815,0.217391304348,0.266315675293,0.182291666667,106,10,96,0,106,0,10,0,96,21,106,0.252380952381,1.98147951821,10.0952380952,7.57142857143,5.3,3.5903309305,0.355645988398,0.177897574124,5.04456331585,0.999394619178,0.535489667565,3.93034591959,0.778653436899,0.415094339623,0.785936912158,0.396641451468,2.18653061224,1.98147951821,0.785936912158,2.18653061224,0.456493016787,0.454374412041,161,0.121052631579,0.398438786394,21,21,21,1,0,0.333333333333,0.619047619048,0.047619047619,21,44,0.104761904762,1.8371935157,4.19047619048,2.93333333333,2.93333333333,3.81600638913,0.910637888316,0.445887445887,2.89663187003,1.38248339251,0.614718614719,3.20787720938,1.53103230448,0.636363636364,0.582452929606,0.317034065615,1.73617021277,1.87905319149,0.564245685208,1.73617021277,0.545375457875,0.258426966292,23,0.0172932330827,0.481391941392,21,20,20,0.952380952381,0,0.238095238095,0.47619047619,0.238095238095,-62,-0.147619047619,-0.14428600251,-5.90476190476,-4.6380952381,-2.36666666667,0.225675458637,0.554991899918,0.267989871763,-2.14793144582,0.383088773337,0.0792289471535,-0.722468710205,0.752378867579,0.221269296741,-0.203483982552,-0.0796073858523,-0.450360399479,-0.102426326725,-0.221691226949,-0.450360399479,0.0888824410883,-0.195947445749,-138,-0.103759398496,0.0829531549981,-0.0952380952381,-0.142857142857,0.190476190476,33,11,73,303,0.311320754717,0.964968152866,0.0350318471338,0.688679245283,0.75,0.311320754717,0.44,0.39188707966,0.276288907583,0.282051282051,34,96,0,0,0,0
39,WLNM_dir_neg,0.703043619792,0.587288548077,00:00:07,10,10,39,1285943630,fixed,0.5,0.572916666667,0.572916666667,0.572916666667,55,41,41,151,0.572916666667,0.786458333333,0.213541666667,0.427083333333,0.572916666667,0.572916666667,0.572916666667,0.715277777778,0.555555555556,0.359375,0.359375,0.359375,106,10,96,0,106,0,10,0,96,21,106,0.252380952381,1.98147951821,10.0952380952,7.57142857143,5.3,3.5903309305,0.355645988398,0.177897574124,5.04456331585,0.999394619178,0.535489667565,3.93034591959,0.778653436899,0.415094339623,0.785936912158,0.396641451468,2.18653061224,1.98147951821,0.785936912158,2.18653061224,0.456493016787,0.454374412041,161,0.121052631579,0.398438786394,21,21,21,1,0,0.333333333333,0.619047619048,0.047619047619,21,106,0.252380952381,2.23247153551,10.0952380952,6.23529411765,5.3,5.43971287758,0.538839483156,0.27358490566,4.14096837076,0.820380526282,0.427672955975,5.65222248745,1.11977992676,0.532794249775,0.697844746743,0.31258841855,2.14310876266,2.23247153551,0.697844746743,2.14310876266,0.554425701905,0.432024169184,143,0.107518796992,0.537868076152,21,21,21,1,0,0.190476190476,0.761904761905,0.047619047619,0,0,0.250992017296,0,-1.33613445378,0,1.84938194708,0.183193494758,0.0956873315364,-0.903594945092,-0.179014092896,-0.10781671159,1.72187656786,0.341126489859,0.117699910153,-0.0880921654148,-0.0840530329176,-0.0434218495853,0.250992017296,-0.0880921654148,-0.0434218495853,0.0979326851176,-0.0223502428571,-18,-0.0135338345865,0.139429289758,-0.142857142857,0.142857142857,0,65,41,41,273,0.61320754717,0.869426751592,0.130573248408,0.38679245283,0.61320754717,0.61320754717,0.61320754717,0.482634298762,0.482634298762,0.442176870748,96,96,0,0,0,0
40,WLNM_dir_neg,0.661214192708,0.484253762231,00:00:08,10,10,40,1285943631,fixed,0.5,0.587301587302,0.385416666667,0.465408805031,37,26,59,166,0.385416666667,0.864583333333,0.135416666667,0.614583333333,0.587301587302,0.385416666667,0.465408805031,0.704861111111,0.59375,0.273504273504,0.28507865804,0.25,106,10,96,0,106,0,10,0,96,21,106,0.252380952381,1.98147951821,10.0952380952,7.57142857143,5.3,3.5903309305,0.355645988398,0.177897574124,5.04456331585,0.999394619178,0.535489667565,3.93034591959,0.778653436899,0.415094339623,0.785936912158,0.396641451468,2.18653061224,1.98147951821,0.785936912158,2.18653061224,0.456493016787,0.454374412041,161,0.121052631579,0.398438786394,21,21,21,1,0,0.333333333333,0.619047619048,0.047619047619,21,73,0.17380952381,2.21671394851,6.95238095238,4.5625,3.47619047619,4.00594795868,0.576197994056,0.317025440313,4.50132255697,1.29490100954,0.62883235486,2.31557870994,0.66612538231,0.345727332029,0.865481848101,0.390434610962,2.5625,2.21671394851,0.865481848101,2.5625,0.486408829266,0.441330998249,84,0.0631578947368,0.297623301943,21,21,21,1,0,0.238095238095,0.761904761905,0,-33,-0.0785714285714,0.235234430296,-3.14285714286,-3.00892857143,-1.82380952381,0.41561702818,0.220552005658,0.139127866189,-0.543240758878,0.295506390362,0.0933426872946,-1.61476720965,-0.112528054589,-0.0693670075939,0.0795449359435,-0.00620684050532,0.375969387755,0.235234430296,0.0795449359435,0.375969387755,0.0299158124788,-0.0130434137927,-77,-0.0578947368421,-0.100815484451,-0.0952380952381,0.142857142857,-0.047619047619,47,26,59,288,0.443396226415,0.917197452229,0.0828025477707,0.556603773585,0.643835616438,0.443396226415,0.525139664804,0.413342153978,0.360593678644,0.356060606061,63,96,0,0,0,0
41,WLNM_dir_neg,0.675021701389,0.550252105803,00:00:07,10,10,41,1285943632,fixed,0.5,0.760869565217,0.364583333333,0.492957746479,35,11,61,181,0.364583333333,0.942708333333,0.0572916666667,0.635416666667,0.760869565217,0.364583333333,0.492957746479,0.75,0.613425925926,0.353293413174,0.395412518779,0.307291666667,106,10,96,0,106,0,10,0,96,21,106,0.252380952381,1.98147951821,10.0952380952,7.57142857143,5.3,3.5903309305,0.355645988398,0.177897574124,5.04456331585,0.999394619178,0.535489667565,3.93034591959,0.778653436899,0.415094339623,0.785936912158,0.396641451468,2.18653061224,1.98147951821,0.785936912158,2.18653061224,0.456493016787,0.454374412041,161,0.121052631579,0.398438786394,21,21,21,1,0,0.333333333333,0.619047619048,0.047619047619,21,56,0.133333333333,1.53937053786,5.33333333333,6.22222222222,2.66666666667,4.07839837845,0.764699695959,0.363945578231,4.75745029752,1.78404386157,0.767006802721,1.23827837473,0.464354390525,0.248299319728,0.660775157253,0.429250229883,1.72285522788,1.53937053786,0.660775157253,1.72285522788,0.286355311355,0.169811320755,21,0.0157894736842,0.270142704518,21,21,21,1,0,0.571428571429,0.428571428571,0,-50,-0.119047619048,-0.442108980352,-4.7619047619,-1.34920634921,-2.63333333333,0.488067447953,0.409053707561,0.186048004107,-0.287113018334,0.784649242391,0.231517135156,-2.69206754485,-0.314299046374,-0.166795019895,-0.125161754905,0.0326087784156,-0.463675384363,-0.442108980352,-0.125161754905,-0.463675384363,-0.170137705432,-0.284563091287,-140,-0.105263157895,-0.128296081876,0.238095238095,-0.190476190476,-0.047619047619,45,11,61,303,0.424528301887,0.964968152866,0.0350318471338,0.575471698113,0.803571428571,0.424528301887,0.555555555556,0.497710221959,0.389496454753,0.384615384615,46,96,0,0,0,0
42,WLNM_dir_neg,0.662570529514,0.557221838877,00:00:07,10,10,42,1285943633,fixed,0.5,0.661290322581,0.427083333333,0.518987341772,41,21,55,171,0.427083333333,0.890625,0.109375,0.572916666667,0.661290322581,0.427083333333,0.518987341772,0.736111111111,0.594907407407,0.348571428571,0.364388592757,0.317708333333,106,10,96,0,106,0,10,0,96,21,106,0.252380952381,1.98147951821,10.0952380952,7.57142857143,5.3,3.5903309305,0.355645988398,0.177897574124,5.04456331585,0.999394619178,0.535489667565,3.93034591959,0.778653436899,0.415094339623,0.785936912158,0.396641451468,2.18653061224,1.98147951821,0.785936912158,2.18653061224,0.456493016787,0.454374412041,161,0.121052631579,0.398438786394,21,21,21,1,0,0.333333333333,0.619047619048,0.047619047619,21,72,0.171428571429,2.28750959324,6.85714285714,3.78947368421,3.42857142857,4.79880937614,0.699826367354,0.364417989418,4.45613541728,1.29970616337,0.589947089947,2.95924700847,0.863113710804,0.351851851852,0.712577438471,0.311507956328,2.47115193492,2.28750959324,0.712577438471,2.47115193492,0.534909006338,0.337568058076,62,0.0466165413534,0.481448453985,21,21,21,1,0,0.0952380952381,0.904761904762,0,-34,-0.0809523809524,0.306030075023,-3.2380952381,-3.78195488722,-1.87142857143,1.20847844565,0.344180378956,0.186520415294,-0.588427898569,0.300311544196,0.054457422382,-0.971098911117,0.0844602739045,-0.0632424877708,-0.0733594736868,-0.0851334951391,0.284621322674,0.306030075023,-0.0733594736868,0.284621322674,0.0784159895504,-0.116806353965,-99,-0.0744360902256,0.0830096675907,-0.238095238095,0.285714285714,-0.047619047619,51,21,55,293,0.481132075472,0.933121019108,0.0668789808917,0.518867924528,0.708333333333,0.481132075472,0.573033707865,0.477449725379,0.41425309458,0.40157480315,62,96,0,0,0,0
43,WLNM_dir_neg,0.689534505208,0.604443185677,00:00:07,10,10,43,1285943634,fixed,0.5,0.8,0.208333333333,0.330578512397,20,5,76,187,0.208333333333,0.973958333333,0.0260416666667,0.791666666667,0.8,0.208333333333,0.330578512397,0.71875,0.637731481481,0.223642172524,0.305214504138,0.182291666667,106,10,96,0,106,0,10,0,96,21,106,0.252380952381,1.98147951821,10.0952380952,7.57142857143,5.3,3.5903309305,0.355645988398,0.177897574124,5.04456331585,0.999394619178,0.535489667565,3.93034591959,0.778653436899,0.415094339623,0.785936912158,0.396641451468,2.18653061224,1.98147951821,0.785936912158,2.18653061224,0.456493016787,0.454374412041,161,0.121052631579,0.398438786394,21,21,21,1,0,0.333333333333,0.619047619048,0.047619047619,21,35,0.0833333333333,1.38326719577,3.33333333333,5,2.1875,2.95522136791,0.886566410372,0.461224489796,3.08760964718,1.85256578831,0.778231292517,1.65327956902,0.991967741411,0.508843537415,0.561537323721,0.405950004048,1.36111111111,1.44714506173,0.583718063336,1.36111111111,0.448384948385,0.284023668639,16,0.012030075188,0.256030873888,21,18,18,0.857142857143,0,0.52380952381,0.238095238095,0.0952380952381,-71,-0.169047619048,-0.598212322447,-6.7619047619,-2.57142857143,-3.1125,-0.635109562589,0.530920421974,0.283326915672,-1.95695366867,0.853171169128,0.242741624952,-2.27706635057,0.213314304512,0.0937491977923,-0.224399588437,0.00930855258037,-0.825419501134,-0.534334456486,-0.202218848821,-0.825419501134,-0.00810806840219,-0.170350743402,-145,-0.109022556391,-0.142407912506,0.190476190476,-0.380952380952,0.047619047619,30,5,76,309,0.283018867925,0.984076433121,0.015923566879,0.716981132075,0.857142857143,0.283018867925,0.425531914894,0.419777945213,0.267095301046,0.27027027027,25,96,0,0,0,0
44,WLNM_dir_neg,0.693006727431,0.51246457899,00:00:07,10,10,44,1285943635,fixed,0.5,0.494117647059,0.4375,0.46408839779,42,43,54,149,0.4375,0.776041666667,0.223958333333,0.5625,0.494117647059,0.4375,0.46408839779,0.663194444444,0.568287037037,0.219839142091,0.220704595988,0.213541666667,106,10,96,0,106,0,10,0,96,21,106,0.252380952381,1.98147951821,10.0952380952,7.57142857143,5.3,3.5903309305,0.355645988398,0.177897574124,5.04456331585,0.999394619178,0.535489667565,3.93034591959,0.778653436899,0.415094339623,0.785936912158,0.396641451468,2.18653061224,1.98147951821,0.785936912158,2.18653061224,0.456493016787,0.454374412041,161,0.121052631579,0.398438786394,21,21,21,1,0,0.333333333333,0.619047619048,0.047619047619,21,95,0.22619047619,3.1642748353,9.04761904762,5,4.52380952381,5.50886731077,0.608874808032,0.327318295739,5.25945859969,1.16261716414,0.57343358396,3.24990842362,0.718400809431,0.270676691729,0.940771356122,0.297310254352,3.12738256854,3.1642748353,0.940771356122,3.12738256854,0.673557115154,0.501160092807,144,0.108270676692,0.336697982196,21,21,21,1,0,0.0952380952381,0.904761904762,0,-11,-0.0261904761905,1.18279531709,-1.04761904762,-2.57142857143,-0.77619047619,1.91853638027,0.253228819634,0.149420721615,0.214895283845,0.163222544965,0.0379439163948,-0.680437495969,-0.060252627468,-0.144417647893,0.154834443964,-0.099331197116,0.940851956299,1.18279531709,0.154834443964,0.940851956299,0.217064098367,0.046785680766,-17,-0.0127819548872,-0.0617408041979,-0.238095238095,0.285714285714,-0.047619047619,52,43,54,271,0.490566037736,0.863057324841,0.136942675159,0.509433962264,0.547368421053,0.490566037736,0.517412935323,0.36715988321,0.353623362577,0.348993288591,85,96,0,0,0,0
45,WLNM_dir_neg,0.665690104167,0.498621396947,00:00:07,10,10,45,1285943636,fixed,0.5,0.513888888889,0.385416666667,0.440476190476,37,35,59,157,0.385416666667,0.817708333333,0.182291666667,0.614583333333,0.513888888889,0.385416666667,0.440476190476,0.673611111111,0.583333333333,0.216666666667,0.221134490668,0.203125,106,10,96,0,106,0,10,0,96,21,106,0.252380952381,1.98147951821,10.0952380952,7.57142857143,5.3,3.5903309305,0.355645988398,0.177897574124,5.04456331585,0.999394619178,0.535489667565,3.93034591959,0.778653436899,0.415094339623,0.785936912158,0.396641451468,2.18653061224,1.98147951821,0.785936912158,2.18653061224,0.456493016787,0.454374412041,161,0.121052631579,0.398438786394,21,21,21,1,0,0.333333333333,0.619047619048,0.047619047619,21,82,0.195238095238,8.91235458552,7.80952380952,4.82352941176,3.90476190476,5.96338031337,0.763603576712,0.363530778165,5.31887922315,1.36215199617,0.62950058072,2.11907437115,0.542689777978,0.23112659698,4.10941099675,0.461091505878,13.0697257114,8.91235458552,4.10941099675,13.0697257114,0.673560962847,0.387755102041,76,0.0571428571429,0.30182191238,21,21,21,1,0,0.190476190476,0.809523809524,0,-24,-0.0571428571429,6.9308750673,-2.28571428571,-2.74789915966,-1.39523809524,2.37304938288,0.407957588314,0.185633204041,0.274315907302,0.362757376995,0.094010913155,-1.81127154843,-0.235963658921,-0.183967742642,3.32347408459,0.0644500544102,10.8831950991,6.9308750673,3.32347408459,10.8831950991,0.21706794606,-0.0666193100006,-85,-0.0639097744361,-0.0966168740137,-0.142857142857,0.190476190476,-0.047619047619,47,35,59,279,0.443396226415,0.888535031847,0.111464968153,0.556603773585,0.573170731707,0.443396226415,0.5,0.363748015459,0.331931258262,0.333333333333,72,96,0,0,0,0
46,WLNM_dir_neg,0.743625217014,0.585137114377,00:00:07,10,10,46,1285943637,fixed,0.5,0.649122807018,0.385416666667,0.483660130719,37,20,59,172,0.385416666667,0.895833333333,0.104166666667,0.614583333333,0.649122807018,0.385416666667,0.483660130719,0.725694444444,0.600694444444,0.313043478261,0.332763239991,0.28125,106,10,96,0,106,0,10,0,96,21,106,0.252380952381,1.98147951821,10.0952380952,7.57142857143,5.3,3.5903309305,0.355645988398,0.177897574124,5.04456331585,0.999394619178,0.535489667565,3.93034591959,0.778653436899,0.415094339623,0.785936912158,0.396641451468,2.18653061224,1.98147951821,0.785936912158,2.18653061224,0.456493016787,0.454374412041,161,0.121052631579,0.398438786394,21,21,21,1,0,0.333333333333,0.619047619048,0.047619047619,21,67,0.159523809524,1.45317202917,6.38095238095,9.57142857143,3.19047619048,5.05446525833,0.792117689738,0.395167022033,5.25945859969,1.64848702378,0.744847192608,1.12334534401,0.352093316779,0.18763326226,0.665248388577,0.45779052667,1.55668468468,1.45317202917,0.665248388577,1.55668468468,0.538866607249,0.315151515152,52,0.0390977443609,0.270707903044,21,21,21,1,0,0.666666666667,0.333333333333,0,-39,-0.0928571428571,-0.528307489042,-3.71428571429,2,-2.10952380952,1.46413432783,0.436471701339,0.217269447909,0.214895283845,0.649092404607,0.209357525043,-2.80700057558,-0.426560120121,-0.227461077363,-0.120688523581,0.0611490752026,-0.62984592756,-0.528307489042,-0.120688523581,-0.62984592756,0.0823735904618,-0.13922289689,-109,-0.081954887218,-0.12773088335,0.333333333333,-0.285714285714,-0.047619047619,47,20,59,294,0.443396226415,0.936305732484,0.0636942675159,0.556603773585,0.701492537313,0.443396226415,0.543352601156,0.450438849269,0.379701958899,0.373015873016,57,96,0,0,0,0
47,WLNM_dir_neg,0.634331597222,0.418717205499,00:00:07,10,10,47,1285943638,fixed,0.5,0.447058823529,0.395833333333,0.419889502762,38,47,58,145,0.395833333333,0.755208333333,0.244791666667,0.604166666667,0.447058823529,0.395833333333,0.419889502762,0.635416666667,0.568287037037,0.155495978552,0.15610812887,0.151041666667,106,10,96,0,106,0,10,0,96,21,106,0.252380952381,1.98147951821,10.0952380952,7.57142857143,5.3,3.5903309305,0.355645988398,0.177897574124,5.04456331585,0.999394619178,0.535489667565,3.93034591959,0.778653436899,0.415094339623,0.785936912158,0.396641451468,2.18653061224,1.98147951821,0.785936912158,2.18653061224,0.456493016787,0.454374412041,161,0.121052631579,0.398438786394,21,21,21,1,0,0.333333333333,0.619047619048,0.047619047619,21,95,0.22619047619,NaN,9.04761904762,4.52380952381,4.75,5.19110961622,0.57375422074,0.315288220551,3.81600638913,0.84353825444,0.404010025063,4.8950898625,1.08207249592,0.504260651629,NaN,NaN,NaN,NaN,NaN,NaN,0.642785785643,0.478359908884,140,0.105263157895,0.329184626065,21,21,0,1,2,0,0.952380952381,0.047619047619,-11,-0.0261904761905,NaN,-1.04761904762,-3.04761904762,-0.55,1.60077868572,0.218108232342,0.137390646427,-1.22855692672,-0.155856364738,-0.131479642502,0.964743942908,0.303419059021,0.0891663120064,NaN,NaN,NaN,NaN,NaN,NaN,0.186292768856,0.0239854968424,-21,-0.0157894736842,-0.0692541603289,-0.333333333333,0.333333333333,0,48,47,58,267,0.452830188679,0.850318471338,0.149681528662,0.547169811321,0.505263157895,0.452830188679,0.477611940299,0.314753034969,0.303148660017,0.313725490196,85,96,0,0,0,0
48,WLNM_dir_neg,0.613335503472,0.513737341686,00:00:07,10,10,48,1285943639,fixed,0.5,0.6875,0.229166666667,0.34375,22,10,74,182,0.229166666667,0.947916666667,0.0520833333333,0.770833333333,0.6875,0.229166666667,0.34375,0.708333333333,0.62962962963,0.2125,0.265625,0.177083333333,106,10,96,0,106,0,10,0,96,21,106,0.252380952381,1.98147951821,10.0952380952,7.57142857143,5.3,3.5903309305,0.355645988398,0.177897574124,5.04456331585,0.999394619178,0.535489667565,3.93034591959,0.778653436899,0.415094339623,0.785936912158,0.396641451468,2.18653061224,1.98147951821,0.785936912158,2.18653061224,0.456493016787,0.454374412041,161,0.121052631579,0.398438786394,21,21,21,1,0,0.333333333333,0.619047619048,0.047619047619,21,42,0.1,1.53628970385,4,6,2.1,4.74341649025,1.18585412256,0.541950113379,4,2,0.798185941043,1.61245154966,0.80622577483,0.394557823129,0.814153301939,0.52994776955,2.06766917293,1.56310418904,0.825734919948,2.06766917293,0.648412698413,0.414225941423,33,0.0248120300752,0.288553725584,21,20,20,0.952380952381,0,0.619047619048,0.333333333333,0,-64,-0.152380952381,-0.445189814363,-6.09523809524,-1.57142857143,-3.2,1.15308555976,0.830208134165,0.364052539255,-1.04456331585,1.00060538082,0.262696273478,-2.31789436993,0.0275723379304,-0.0205365164934,0.0282163897816,0.133306318083,-0.118861439313,-0.41837532917,0.0397980077898,-0.118861439313,0.191919681626,-0.0401484706188,-128,-0.0962406015038,-0.10988506081,0.285714285714,-0.285714285714,-0.047619047619,32,10,74,304,0.301886792453,0.968152866242,0.031847133758,0.698113207547,0.761904761905,0.301886792453,0.432432432432,0.390998203492,0.270039658695,0.275862068966,32,96,0,0,0,0
49,WLNM_dir_neg,0.62548828125,0.402572441255,00:00:07,10,10,49,1285943640,fixed,0.5,0.548387096774,0.177083333333,0.267716535433,17,14,79,178,0.177083333333,0.927083333333,0.0729166666667,0.822916666667,0.548387096774,0.177083333333,0.267716535433,0.677083333333,0.630787037037,0.12539184953,0.158441005275,0.104166666667,106,10,96,0,106,0,10,0,96,21,106,0.252380952381,1.98147951821,10.0952380952,7.57142857143,5.3,3.5903309305,0.355645988398,0.177897574124,5.04456331585,0.999394619178,0.535489667565,3.93034591959,0.778653436899,0.415094339623,0.785936912158,0.396641451468,2.18653061224,1.98147951821,0.785936912158,2.18653061224,0.456493016787,0.454374412041,161,0.121052631579,0.398438786394,21,21,21,1,0,0.333333333333,0.619047619048,0.047619047619,21,41,0.097619047619,1.86904761905,3.90476190476,5.85714285714,2.73333333333,3.89749614374,0.998139256324,0.51800232288,3.48534346193,1.78517591953,0.775842044135,1.98686160757,1.01766082339,0.538908246225,1.31702564425,0.704650663167,4,2.07352941176,1.39102790759,4,0.438553113553,0.352941176471,28,0.0210526315789,0.309410430839,21,17,17,0.809523809524,0,0.47619047619,0.238095238095,0.0952380952381,-65,-0.154761904762,-0.112431899167,-6.19047619048,-1.71428571429,-2.56666666667,0.307165213245,0.642493267926,0.340104748756,-1.55921985392,0.785781300347,0.24035237657,-1.94348431202,0.239007386488,0.123813906603,0.531088732095,0.308009211699,1.81346938776,0.0920498935505,0.605090995436,1.81346938776,-0.017939903234,-0.101433235571,-133,-0.1,-0.0890283555548,0.142857142857,-0.380952380952,0.047619047619,27,14,79,300,0.254716981132,0.955414012739,0.0445859872611,0.745283018868,0.658536585366,0.254716981132,0.367346938776,0.307536266676,0.210130993871,0.225,31,96,0,0,0,0
50,WLNM_dir_neg,0.593153211806,0.540801431556,00:00:07,10,10,50,1285943641,fixed,0.5,0.640625,0.427083333333,0.5125,41,23,55,169,0.427083333333,0.880208333333,0.119791666667,0.572916666667,0.640625,0.427083333333,0.5125,0.729166666667,0.592592592593,0.335227272727,0.348435998555,0.307291666667,106,10,96,0,106,0,10,0,96,21,106,0.252380952381,1.98147951821,10.0952380952,7.57142857143,5.3,3.5903309305,0.355645988398,0.177897574124,5.04456331585,0.999394619178,0.535489667565,3.93034591959,0.778653436899,0.415094339623,0.785936912158,0.396641451468,2.18653061224,1.98147951821,0.785936912158,2.18653061224,0.456493016787,0.454374412041,161,0.121052631579,0.398438786394,21,21,21,1,0,0.333333333333,0.619047619048,0.047619047619,21,74,0.17619047619,1.51211343142,7.04761904762,9.25,3.52380952381,5.31484892049,0.754133968448,0.375804375804,5.74994823993,1.63174206809,0.741312741313,1.16700675315,0.331177592111,0.178893178893,0.682817327675,0.45156488494,1.56015461313,1.51211343142,0.682817327675,1.56015461313,0.749056032669,0.443234836703,95,0.0714285714286,0.2289169336,21,21,21,1,0,0.619047619048,0.380952380952,0,-32,-0.0761904761905,-0.469366086796,-3.04761904762,1.67857142857,-1.77619047619,1.72451798999,0.39848798005,0.19790680168,0.705384924083,0.632347448911,0.205823073748,-2.76333916643,-0.447475844788,-0.236201160729,-0.103119584483,0.0549234334727,-0.626375999113,-0.469366086796,-0.103119584483,-0.626375999113,0.292563015882,-0.0111395753384,-66,-0.0496240601504,-0.169521852794,0.285714285714,-0.238095238095,-0.047619047619,51,23,55,291,0.481132075472,0.926751592357,0.0732484076433,0.518867924528,0.689189189189,0.481132075472,0.566666666667,0.465050551116,0.407883667828,0.395348837209,64,96,0,0,0,0
51,WLNM_dir_neg,0.670311418685,0.560352153621,00:00:04,10,20,1,1286860892,fixed,0.5,0.568181818182,0.588235294118,0.578034682081,50,38,35,132,0.588235294118,0.776470588235,0.223529411765,0.411764705882,0.568181818182,0.588235294118,0.578034682081,0.713725490196,0.551633986928,0.361516034985,0.361640549126,0.364705882353,106,21,85,0,106,0,21,0,85,21,106,0.252380952381,1.98147951821,10.0952380952,7.57142857143,5.3,3.5903309305,0.355645988398,0.177897574124,5.04456331585,0.999394619178,0.535489667565,3.93034591959,0.778653436899,0.415094339623,0.785936912158,0.396641451468,2.18653061224,1.98147951821,0.785936912158,2.18653061224,0.456493016787,0.454374412041,161,0.121052631579,0.398438786394,21,21,21,1,0,0.333333333333,0.619047619048,0.047619047619,21,109,0.259523809524,2.88405739867,10.380952381,6.05555555556,5.45,5.25810032689,0.506514251673,0.282656181739,5.5643422578,1.07202924233,0.553953691568,3.35587615414,0.646544947127,0.337265181302,0.931939074182,0.323134717988,2.82127256876,2.88405739867,0.931939074182,2.82127256876,0.681245404145,0.57008466604,202,0.151879699248,0.29319044268,21,21,21,1,0,0.142857142857,0.809523809524,0.047619047619,3,0.00714285714286,0.902577880461,0.285714285714,-1.51587301587,0.15,1.66776939639,0.150868263275,0.104758607615,0.519778941947,0.07263462315,0.0184640240032,-0.574469765451,-0.132108489772,-0.0778291583208,0.146002162024,-0.0735067334797,0.634741956515,0.902577880461,0.146002162024,0.634741956515,0.224752387357,0.115710253998,41,0.0308270676692,-0.105248343714,-0.190476190476,0.190476190476,0,71,38,35,276,0.669811320755,0.87898089172,0.12101910828,0.330188679245,0.651376146789,0.669811320755,0.660465116279,0.543791297541,0.548792212474,0.493055555556,88,85,0,0,0,0
52,WLNM_dir_neg,0.717508650519,0.491959962026,00:00:02,10,20,2,1286860893,fixed,0.5,0.564705882353,0.564705882353,0.564705882353,48,37,37,133,0.564705882353,0.782352941176,0.217647058824,0.435294117647,0.564705882353,0.564705882353,0.564705882353,0.709803921569,0.555555555556,0.347058823529,0.347058823529,0.347058823529,106,21,85,0,106,0,21,0,85,21,106,0.252380952381,1.98147951821,10.0952380952,7.57142857143,5.3,3.5903309305,0.355645988398,0.177897574124,5.04456331585,0.999394619178,0.535489667565,3.93034591959,0.778653436899,0.415094339623,0.785936912158,0.396641451468,2.18653061224,1.98147951821,0.785936912158,2.18653061224,0.456493016787,0.454374412041,161,0.121052631579,0.398438786394,21,21,21,1,0,0.333333333333,0.619047619048,0.047619047619,21,106,0.252380952381,1,10.0952380952,6.23529411765,5.04761904762,5.38428047101,0.533348537222,0.295597484277,5.46329745187,1.08235138197,0.563342318059,3.69426840492,0.73188336324,0.366576819407,0,0,0,NaN,NaN,NaN,0.670601364089,0.59011627907,203,0.152631578947,0.311530156461,21,21,0,1,2,0.190476190476,0.809523809524,0,0,0,-0.981479518214,0,-1.33613445378,-0.252380952381,1.79394954051,0.177702548824,0.117699910153,0.418734136021,0.0829567627966,0.0278526504942,-0.236077514664,-0.0467700736598,-0.0485175202156,-0.785936912158,-0.396641451468,-2.18653061224,NaN,NaN,NaN,0.214108347302,0.135741867028,42,0.0315789473684,-0.086908629933,-0.142857142857,0.190476190476,-0.047619047619,69,37,37,277,0.650943396226,0.882165605096,0.117834394904,0.349056603774,0.650943396226,0.650943396226,0.650943396226,0.533109001322,0.533109001322,0.482517482517,85,85,0,0,0,0
53,WLNM_dir_neg,0.663875432526,0.479745400075,00:00:02,10,20,3,1286860894,fixed,0.5,0.612244897959,0.352941176471,0.44776119403,30,19,55,151,0.352941176471,0.888235294118,0.111764705882,0.647058823529,0.612244897959,0.352941176471,0.44776119403,0.709803921569,0.602614379085,0.269736842105,0.288560717177,0.241176470588,106,21,85,0,106,0,21,0,85,21,106,0.252380952381,1.98147951821,10.0952380952,7.57142857143,5.3,3.5903309305,0.355645988398,0.177897574124,5.04456331585,0.999394619178,0.535489667565,3.93034591959,0.778653436899,0.415094339623,0.785936912158,0.396641451468,2.18653061224,1.98147951821,0.785936912158,2.18653061224,0.456493016787,0.454374412041,161,0.121052631579,0.398438786394,21,21,21,1,0,0.333333333333,0.619047619048,0.047619047619,21,70,0.166666666667,1.9045972233,6.66666666667,7,3.33333333333,5.1413357538,0.77120036307,0.404761904762,5.13160143945,1.53948043183,0.722448979592,1.79814719457,0.53944415837,0.292517006803,1.05421986707,0.553513285736,3.02763876385,1.9045972233,1.05421986707,3.02763876385,0.621631000578,0.460258780037,83,0.0624060150376,0.192491244661,21,21,21,1,0,0.52380952381,0.47619047619,0,-36,-0.0857142857143,-0.0768822949153,-3.42857142857,-0.571428571429,-1.96666666667,1.55100482331,0.415554374672,0.226864330638,0.0870381235969,0.540085812656,0.186959312027,-2.13219872502,-0.239209278529,-0.12257733282,0.268282954914,0.156871834269,0.841108151607,-0.0768822949153,0.268282954914,0.841108151607,0.165137983791,0.00588436799558,-78,-0.0586466165414,-0.205947541733,0.190476190476,-0.142857142857,-0.047619047619,51,19,55,295,0.481132075472,0.93949044586,0.0605095541401,0.518867924528,0.728571428571,0.481132075472,0.579545454545,0.490260875938,0.420622521332,0.408,49,85,0,0,0,0
54,WLNM_dir_neg,0.627404844291,0.489790585363,00:00:02,10,20,4,1286860895,fixed,0.5,0.53125,0.4,0.456375838926,34,30,51,140,0.4,0.823529411765,0.176470588235,0.6,0.53125,0.4,0.456375838926,0.682352941176,0.583006535948,0.238244514107,0.243031142296,0.223529411765,106,21,85,0,106,0,21,0,85,21,106,0.252380952381,1.98147951821,10.0952380952,7.57142857143,5.3,3.5903309305,0.355645988398,0.177897574124,5.04456331585,0.999394619178,0.535489667565,3.93034591959,0.778653436899,0.415094339623,0.785936912158,0.396641451468,2.18653061224,1.98147951821,0.785936912158,2.18653061224,0.456493016787,0.454374412041,161,0.121052631579,0.398438786394,21,21,21,1,0,0.333333333333,0.619047619048,0.047619047619,21,85,0.202380952381,2.9301939089,8.09523809524,5,4.04761904762,4.30005537063,0.531183310489,0.289075630252,4.60951397087,1.13882109868,0.579271708683,2.76543288612,0.683224595394,0.365266106443,1.31475871998,0.448693417863,4.29553377947,2.9301939089,1.31475871998,4.29553377947,0.540563801278,0.460869565217,106,0.0796992481203,0.231655276338,21,21,21,1,0,0.190476190476,0.809523809524,0,-21,-0.05,0.948714390681,-2,-2.57142857143,-1.25238095238,0.709724440133,0.175537322091,0.111178056128,-0.435049344983,0.139426479507,0.0437820411183,-1.16491303347,-0.0954288415057,-0.0498282331801,0.528821807825,0.052051966395,2.10900316723,0.948714390681,0.528821807825,2.10900316723,0.084070784491,0.006495153176,-55,-0.0413533834586,-0.166783510056,-0.142857142857,0.190476190476,-0.047619047619,55,30,51,284,0.518867924528,0.904458598726,0.0955414012739,0.481132075472,0.647058823529,0.518867924528,0.575916230366,0.4576794049,0.423326523254,0.404411764706,64,85,0,0,0,0
55,WLNM_dir_neg,0.709065743945,0.590491768117,00:00:01,10,20,5,1286860896,fixed,0.5,0.506024096386,0.494117647059,0.5,42,41,43,129,0.494117647059,0.758823529412,0.241176470588,0.505882352941,0.506024096386,0.494117647059,0.5,0.670588235294,0.558169934641,0.254437869822,0.254477967896,0.252941176471,106,21,85,0,106,0,21,0,85,21,106,0.252380952381,1.98147951821,10.0952380952,7.57142857143,5.3,3.5903309305,0.355645988398,0.177897574124,5.04456331585,0.999394619178,0.535489667565,3.93034591959,0.778653436899,0.415094339623,0.785936912158,0.396641451468,2.18653061224,1.98147951821,0.785936912158,2.18653061224,0.456493016787,0.454374412041,161,0.121052631579,0.398438786394,21,21,21,1,0,0.333333333333,0.619047619048,0.047619047619,21,104,0.247619047619,1,9.90476190476,5.2,5.2,4.97900353389,0.502687856787,0.268315018315,4.99475915812,1.0085571377,0.513736263736,2.80136021383,0.565659273946,0.271062271062,0,0,0,NaN,NaN,NaN,0.626135069412,0.530172413793,164,0.123308270677,0.217724907124,21,21,0,1,2,0.047619047619,0.904761904762,0.047619047619,-2,-0.0047619047619,-0.981479518214,-0.190476190476,-2.37142857143,-0.1,1.38867260339,0.147041868389,0.090417444191,-0.0498041577304,0.0091625185194,-0.0217534038289,-1.12898570576,-0.212994162953,-0.14403206856,-0.785936912158,-0.396641451468,-2.18653061224,NaN,NaN,NaN,0.169642052625,0.0757980017517,3,0.00225563909774,-0.180713879269,-0.285714285714,0.285714285714,0,63,41,43,273,0.594339622642,0.869426751592,0.130573248408,0.405660377358,0.605769230769,0.594339622642,0.6,0.46672041965,0.463766374234,0.428571428571,83,85,0,0,0,0
56,WLNM_dir_neg,0.73678200692,0.530850337303,00:00:02,10,20,6,1286860897,fixed,0.5,0.577319587629,0.658823529412,0.615384615385,56,41,29,129,0.658823529412,0.758823529412,0.241176470588,0.341176470588,0.577319587629,0.658823529412,0.615384615385,0.725490196078,0.539869281046,0.403409090909,0.405535558403,0.417647058824,106,21,85,0,106,0,21,0,85,21,106,0.252380952381,1.98147951821,10.0952380952,7.57142857143,5.3,3.5903309305,0.355645988398,0.177897574124,5.04456331585,0.999394619178,0.535489667565,3.93034591959,0.778653436899,0.415094339623,0.785936912158,0.396641451468,2.18653061224,1.98147951821,0.785936912158,2.18653061224,0.456493016787,0.454374412041,161,0.121052631579,0.398438786394,21,21,21,1,0,0.333333333333,0.619047619048,0.047619047619,21,118,0.280952380952,2.55948825708,11.2380952381,6.55555555556,5.9,5.40282113256,0.480759507559,0.261501210654,5.90318719402,1.05056721249,0.552865213882,3.00792603759,0.535308871097,0.287328490718,0.908220578835,0.354844596892,2.65077788365,2.55948825708,0.908220578835,2.65077788365,0.647521922522,0.58857615894,237,0.178195488722,0.308529377714,21,21,21,1,0,0.142857142857,0.809523809524,0.047619047619,12,0.0285714285714,0.578008738867,1.14285714286,-1.01587301587,0.6,1.81249020207,0.12511351916,0.0836036365298,0.858623878168,0.0511725933169,0.017375546317,-0.922419881996,-0.243344565803,-0.127765848904,0.122283666677,-0.0417968545751,0.464247271403,0.578008738867,0.122283666677,0.464247271403,0.191028905735,0.134201746899,76,0.0571428571429,-0.08990940868,-0.190476190476,0.190476190476,0,77,41,29,273,0.72641509434,0.869426751592,0.130573248408,0.27358490566,0.652542372881,0.72641509434,0.6875,0.575843252029,0.595841845932,0.52380952381,97,85,0,0,0,0
57,WLNM_dir_neg,0.692352941176,0.554506264582,00:00:02,10,20,7,1286860898,fixed,0.5,0.65671641791,0.517647058824,0.578947368421,44,23,41,147,0.517647058824,0.864705882353,0.135294117647,0.482352941176,0.65671641791,0.517647058824,0.578947368421,0.749019607843,0.57908496732,0.403726708075,0.409526521796,0.382352941176,106,21,85,0,106,0,21,0,85,21,106,0.252380952381,1.98147951821,10.0952380952,7.57142857143,5.3,3.5903309305,0.355645988398,0.177897574124,5.04456331585,0.999394619178,0.535489667565,3.93034591959,0.778653436899,0.415094339623,0.785936912158,0.396641451468,2.18653061224,1.98147951821,0.785936912158,2.18653061224,0.456493016787,0.454374412041,161,0.121052631579,0.398438786394,21,21,21,1,0,0.333333333333,0.619047619048,0.047619047619,21,88,0.209523809524,1.65292812614,8.38095238095,8.8,4.4,4.62034836864,0.551291566713,0.28354978355,4.8950898625,1.16814644446,0.595238095238,3.32594419104,0.793691227407,0.431818181818,0.703570799196,0.425651175069,1.51336136863,1.65292812614,0.703570799196,1.51336136863,0.50811399929,0.483994878361,126,0.0947368421053,0.48488943442,21,21,21,1,0,0.52380952381,0.428571428571,0.047619047619,-18,-0.0428571428571,-0.328551392075,-1.71428571429,1.22857142857,-0.9,1.03001743815,0.195645578315,0.105652209426,-0.149473453355,0.168751825281,0.059748427673,-0.604401728549,0.0150377905076,0.0167238421955,-0.0823661129619,0.0290097236014,-0.673169243618,-0.328551392075,-0.0823661129619,-0.673169243618,0.0516209825033,0.0296204663197,-35,-0.0263157894737,0.0864506480261,0.190476190476,-0.190476190476,0,65,23,41,291,0.61320754717,0.926751592357,0.0732484076433,0.38679245283,0.738636363636,0.61320754717,0.670103092784,0.576326083365,0.539959139526,0.503875968992,67,85,0,0,0,0
58,WLNM_dir_neg,0.71678200692,0.539497908682,00:00:02,10,20,8,1286860899,fixed,0.5,0.516129032258,0.564705882353,0.539325842697,48,45,37,125,0.564705882353,0.735294117647,0.264705882353,0.435294117647,0.516129032258,0.564705882353,0.539325842697,0.678431372549,0.545098039216,0.293103448276,0.293802980174,0.3,106,21,85,0,106,0,21,0,85,21,106,0.252380952381,1.98147951821,10.0952380952,7.57142857143,5.3,3.5903309305,0.355645988398,0.177897574124,5.04456331585,0.999394619178,0.535489667565,3.93034591959,0.778653436899,0.415094339623,0.785936912158,0.396641451468,2.18653061224,1.98147951821,0.785936912158,2.18653061224,0.456493016787,0.454374412041,161,0.121052631579,0.398438786394,21,21,21,1,0,0.333333333333,0.619047619048,0.047619047619,21,114,0.271428571429,2.32118302766,10.8571428571,7.6,5.7,4.51979771987,0.416297158409,0.225981620718,5.06528803299,0.933079374498,0.507101086048,3.78908205996,0.69798880052,0.382623224728,0.945759581601,0.407447224252,2.30346994997,2.32118302766,0.945759581601,2.30346994997,0.632282023532,0.605597964377,238,0.178947368421,0.310002438427,21,21,21,1,0,0.285714285714,0.666666666667,0.047619047619,8,0.0190476190476,0.339703509446,0.761904761905,0.0285714285714,0.4,0.929466789377,0.0606511700112,0.0480840465945,0.0207247171392,-0.0663152446798,-0.0283885815167,-0.141263859623,-0.0806646363797,-0.0324711148942,0.159822669443,0.0108057727845,0.116939337729,0.339703509446,0.159822669443,0.116939337729,0.175789006745,0.151223552335,77,0.0578947368421,-0.088436347967,-0.047619047619,0.047619047619,0,69,45,37,269,0.650943396226,0.856687898089,0.143312101911,0.349056603774,0.605263157895,0.650943396226,0.627272727273,0.495853068663,0.507631294316,0.456953642384,93,85,0,0,0,0
59,WLNM_dir_neg,0.67044982699,0.474961690889,00:00:02,10,20,9,1286860900,fixed,0.5,0.454545454545,0.588235294118,0.512820512821,50,60,35,110,0.588235294118,0.647058823529,0.352941176471,0.411764705882,0.454545454545,0.588235294118,0.512820512821,0.627450980392,0.522875816993,0.219178082192,0.223957004382,0.235294117647,106,21,85,0,106,0,21,0,85,21,106,0.252380952381,1.98147951821,10.0952380952,7.57142857143,5.3,3.5903309305,0.355645988398,0.177897574124,5.04456331585,0.999394619178,0.535489667565,3.93034591959,0.778653436899,0.415094339623,0.785936912158,0.396641451468,2.18653061224,1.98147951821,0.785936912158,2.18653061224,0.456493016787,0.454374412041,161,0.121052631579,0.398438786394,21,21,21,1,0,0.333333333333,0.619047619048,0.047619047619,21,131,0.311904761905,NaN,12.4761904762,6.2380952381,6.2380952381,5.17319096515,0.414645077359,0.228644129407,4.47107103393,0.716736577959,0.386768447837,4.03614620529,0.647015803901,0.331515812432,NaN,NaN,NaN,NaN,NaN,NaN,0.694801020641,0.631343283582,282,0.212030075188,0.279315860049,21,21,0,1,2,0,1,0,25,0.0595238095238,NaN,2.38095238095,-1.33333333333,0.938095238095,1.58286003465,0.0589990889611,0.0507465552835,-0.573492281917,-0.282658041219,-0.148721219728,0.105800285702,-0.131637632998,-0.0835785271908,NaN,NaN,NaN,NaN,NaN,NaN,0.238308003854,0.176968871541,121,0.090977443609,-0.119122926344,-0.333333333333,0.380952380952,-0.047619047619,71,60,35,254,0.669811320755,0.808917197452,0.191082802548,0.330188679245,0.541984732824,0.669811320755,0.599156118143,0.448871970422,0.478728518207,0.427710843373,110,85,0,0,0,0
60,WLNM_dir_neg,0.723771626298,0.470419892041,00:00:03,10,20,10,1286860901,fixed,0.5,0.538461538462,0.658823529412,0.592592592593,56,48,29,122,0.658823529412,0.717647058824,0.282352941176,0.341176470588,0.538461538462,0.658823529412,0.592592592593,0.698039215686,0.530718954248,0.356545961003,0.361126894213,0.376470588235,106,21,85,0,106,0,21,0,85,21,106,0.252380952381,1.98147951821,10.0952380952,7.57142857143,5.3,3.5903309305,0.355645988398,0.177897574124,5.04456331585,0.999394619178,0.535489667565,3.93034591959,0.778653436899,0.415094339623,0.785936912158,0.396641451468,2.18653061224,1.98147951821,0.785936912158,2.18653061224,0.456493016787,0.454374412041,161,0.121052631579,0.398438786394,21,21,21,1,0,0.333333333333,0.619047619048,0.047619047619,21,125,0.297619047619,3.24500576777,11.9047619048,6.25,5.95238095238,5.90681607894,0.496172550631,0.27580952381,6.02059955882,1.01146072588,0.518857142857,3.57038079869,0.599823974179,0.276571428571,0.978077326215,0.301410042451,3.31361784017,3.24500576777,0.978077326215,3.31361784017,0.733222955072,0.611764705882,260,0.195488721805,0.289485018155,21,21,21,1,0,0.047619047619,0.952380952381,0,19,0.0452380952381,1.26352624955,1.80952380952,-1.32142857143,0.652380952381,2.31648514845,0.140526562233,0.0979119496855,0.976036242966,0.0120661067033,-0.016632524708,-0.359965120903,-0.17882946272,-0.138522911051,0.192140414057,-0.0952314090169,1.12708722793,1.26352624955,0.192140414057,1.12708722793,0.276729938285,0.157390293841,99,0.0744360902256,-0.108953768239,-0.285714285714,0.333333333333,-0.047619047619,77,48,29,266,0.72641509434,0.847133757962,0.152866242038,0.27358490566,0.616,0.72641509434,0.666666666667,0.544906711728,0.573548852301,0.5,104,85,0,0,0,0
61,WLNM_dir_neg,0.734567474048,0.441538982624,00:00:02,10,20,11,1286860902,fixed,0.5,0.592592592593,0.564705882353,0.578313253012,48,33,37,137,0.564705882353,0.805882352941,0.194117647059,0.435294117647,0.592592592593,0.564705882353,0.578313253012,0.725490196078,0.560784313725,0.375,0.375239387193,0.370588235294,106,21,85,0,106,0,21,0,85,21,106,0.252380952381,1.98147951821,10.0952380952,7.57142857143,5.3,3.5903309305,0.355645988398,0.177897574124,5.04456331585,0.999394619178,0.535489667565,3.93034591959,0.778653436899,0.415094339623,0.785936912158,0.396641451468,2.18653061224,1.98147951821,0.785936912158,2.18653061224,0.456493016787,0.454374412041,161,0.121052631579,0.398438786394,21,21,21,1,0,0.333333333333,0.619047619048,0.047619047619,21,102,0.242857142857,2.37266797284,9.71428571429,7.84615384615,4.85714285714,4.87998829038,0.502351735775,0.262371615313,5.95219047314,1.22545097976,0.628384687208,2.05634905319,0.42336598154,0.234360410831,1.19068952049,0.50183571158,3.16095287792,2.37266797284,1.19068952049,3.16095287792,0.636770066469,0.524607329843,167,0.125563909774,0.205361951474,21,21,21,1,0,0.380952380952,0.619047619048,0,-4,-0.00952380952381,0.391188454627,-0.380952380952,0.274725274725,-0.442857142857,1.28965735989,0.146705747377,0.0844740411888,0.907627157293,0.226056360587,0.0928950196431,-1.87399686639,-0.35528745536,-0.180733928792,0.404752608335,0.105194260112,0.974422265679,0.391188454627,0.404752608335,0.974422265679,0.180277049682,0.0702329178015,6,0.00451127819549,-0.19307683492,0.047619047619,0,-0.047619047619,69,33,37,281,0.650943396226,0.894904458599,0.105095541401,0.349056603774,0.676470588235,0.650943396226,0.663461538462,0.55293708501,0.545847854825,0.496402877698,81,85,0,0,0,0
62,WLNM_dir_neg,0.702283737024,0.581177369077,00:00:03,10,20,12,1286860903,fixed,0.5,0.589285714286,0.388235294118,0.468085106383,33,23,52,147,0.388235294118,0.864705882353,0.135294117647,0.611764705882,0.589285714286,0.388235294118,0.468085106383,0.705882352941,0.593464052288,0.27652733119,0.288026804408,0.252941176471,106,21,85,0,106,0,21,0,85,21,106,0.252380952381,1.98147951821,10.0952380952,7.57142857143,5.3,3.5903309305,0.355645988398,0.177897574124,5.04456331585,0.999394619178,0.535489667565,3.93034591959,0.778653436899,0.415094339623,0.785936912158,0.396641451468,2.18653061224,1.98147951821,0.785936912158,2.18653061224,0.456493016787,0.454374412041,161,0.121052631579,0.398438786394,21,21,21,1,0,0.333333333333,0.619047619048,0.047619047619,21,77,0.183333333333,6.51535816127,7.33333333333,4.27777777778,3.85,3.58236421003,0.488504210459,0.270871985158,3.83840244546,1.04683703058,0.540507111936,2.35230383525,0.641537409614,0.327767470625,2.91207696715,0.446955776654,8.40192471653,6.51535816127,2.91207696715,8.40192471653,0.432922632923,0.363805970149,65,0.0488721804511,0.197830791213,21,21,21,1,0,0.142857142857,0.809523809524,0.047619047619,-29,-0.0690476190476,4.53387864305,-2.7619047619,-3.29365079365,-1.45,-0.00796672046188,0.132858222061,0.0929744110337,-1.20616087039,0.0474424114029,0.00501744437054,-1.57804208434,-0.137116027286,-0.087326868998,2.12614005499,0.0503143251865,6.21539410428,4.53387864305,2.12614005499,6.21539410428,-0.0235703838645,-0.0905684418921,-96,-0.0721804511278,-0.200607995181,-0.190476190476,0.190476190476,0,54,23,52,291,0.509433962264,0.926751592357,0.0732484076433,0.490566037736,0.701298701299,0.509433962264,0.590163934426,0.489662237554,0.436185554621,0.418604651163,56,85,0,0,0,0
63,WLNM_dir_neg,0.70321799308,0.501665675881,00:00:03,10,20,13,1286860904,fixed,0.5,0.555555555556,0.352941176471,0.431654676259,30,24,55,146,0.352941176471,0.858823529412,0.141176470588,0.647058823529,0.555555555556,0.352941176471,0.431654676259,0.690196078431,0.596078431373,0.233009708738,0.244338888713,0.211764705882,106,21,85,0,106,0,21,0,85,21,106,0.252380952381,1.98147951821,10.0952380952,7.57142857143,5.3,3.5903309305,0.355645988398,0.177897574124,5.04456331585,0.999394619178,0.535489667565,3.93034591959,0.778653436899,0.415094339623,0.785936912158,0.396641451468,2.18653061224,1.98147951821,0.785936912158,2.18653061224,0.456493016787,0.454374412041,161,0.121052631579,0.398438786394,21,21,21,1,0,0.333333333333,0.619047619048,0.047619047619,21,75,0.178571428571,2.24432000395,7.14285714286,4.41176470588,3.75,4.37362223204,0.612307112485,0.323174603175,4.47852016375,1.25398564585,0.608253968254,2.71240536372,0.759473501842,0.359365079365,0.788755446861,0.351445179598,2.41763080642,2.24432000395,0.788755446861,2.41763080642,0.583455433455,0.443298969072,86,0.0646616541353,0.255454677243,21,21,21,1,0,0.190476190476,0.761904761905,0.047619047619,-31,-0.0738095238095,0.262840485733,-2.95238095238,-3.15966386555,-1.55,0.783291301541,0.256661124087,0.145277029051,-0.566043152097,0.254591026673,0.0727643006888,-1.21794055587,-0.0191799350575,-0.0557292602576,0.00281853470377,-0.04519627187,0.231100194179,0.262840485733,0.00281853470377,0.231100194179,0.126962416668,-0.0110754429692,-75,-0.0563909774436,-0.142984109151,-0.142857142857,0.142857142857,0,51,24,55,290,0.481132075472,0.923566878981,0.0764331210191,0.518867924528,0.68,0.481132075472,0.563535911602,0.458996802173,0.404698954453,0.392307692308,54,85,0,0,0,0
64,WLNM_dir_neg,0.705916955017,0.529706102891,00:00:02,10,20,14,1286860905,fixed,0.5,0.559523809524,0.552941176471,0.556213017751,47,37,38,133,0.552941176471,0.782352941176,0.217647058824,0.447058823529,0.559523809524,0.552941176471,0.556213017751,0.705882352941,0.556862745098,0.336283185841,0.336296354567,0.335294117647,106,21,85,0,106,0,21,0,85,21,106,0.252380952381,1.98147951821,10.0952380952,7.57142857143,5.3,3.5903309305,0.355645988398,0.177897574124,5.04456331585,0.999394619178,0.535489667565,3.93034591959,0.778653436899,0.415094339623,0.785936912158,0.396641451468,2.18653061224,1.98147951821,0.785936912158,2.18653061224,0.456493016787,0.454374412041,161,0.121052631579,0.398438786394,21,21,21,1,0,0.333333333333,0.619047619048,0.047619047619,21,105,0.25,2.57355075088,10,5.52631578947,5.25,4.88876262463,0.488876262463,0.273922902494,4.96990945592,0.993981891183,0.521541950113,3.74165738677,0.748331477355,0.347392290249,0.867123543213,0.336936640133,2.99653923608,2.57355075088,0.867123543213,2.99653923608,0.665603879469,0.578244274809,202,0.151879699248,0.342841321427,21,21,21,1,0,0.0952380952381,0.857142857143,0.047619047619,-1,-0.00238095238095,0.592071232666,-0.0952380952381,-2.04511278195,-0.05,1.29843169414,0.133230274065,0.0960253283703,-0.0746538599343,-0.00541272799469,-0.0139477174518,-0.188688532814,-0.0303219595446,-0.0677020493732,0.0811866310551,-0.0597048113347,0.810008623837,0.592071232666,0.0811866310551,0.810008623837,0.209110862682,0.123869862768,41,0.0308270676692,-0.0555974649663,-0.238095238095,0.238095238095,0,68,37,38,277,0.641509433962,0.882165605096,0.117834394904,0.358490566038,0.647619047619,0.641509433962,0.644549763033,0.525326977492,0.523675039058,0.475524475524,84,85,0,0,0,0
65,WLNM_dir_neg,0.679965397924,0.491752184148,00:00:03,10,20,15,1286860906,fixed,0.5,0.584415584416,0.529411764706,0.555555555556,45,32,40,138,0.529411764706,0.811764705882,0.188235294118,0.470588235294,0.584415584416,0.529411764706,0.555555555556,0.717647058824,0.566013071895,0.349397590361,0.350314111409,0.341176470588,106,21,85,0,106,0,21,0,85,21,106,0.252380952381,1.98147951821,10.0952380952,7.57142857143,5.3,3.5903309305,0.355645988398,0.177897574124,5.04456331585,0.999394619178,0.535489667565,3.93034591959,0.778653436899,0.415094339623,0.785936912158,0.396641451468,2.18653061224,1.98147951821,0.785936912158,2.18653061224,0.456493016787,0.454374412041,161,0.121052631579,0.398438786394,21,21,21,1,0,0.333333333333,0.619047619048,0.047619047619,21,98,0.233333333333,1.85897449685,9.33333333333,8.90909090909,4.9,4.76794854558,0.510851629884,0.284742468416,5.42524961023,1.16255348791,0.607385811467,2.15251790546,0.461253836885,0.251700680272,0.863423750019,0.464462396597,1.90707998915,1.85897449685,0.863423750019,1.90707998915,0.647298997299,0.545454545455,166,0.124812030075,0.284796878701,21,21,21,1,0,0.47619047619,0.47619047619,0.047619047619,-8,-0.0190476190476,-0.122505021364,-0.761904761905,1.33766233766,-0.4,1.17761761509,0.155205641486,0.106844894292,0.380686294383,0.163158868729,0.0718961439023,-1.77782801413,-0.317399600015,-0.163393659351,0.0774868378613,0.0678209451292,-0.279450623099,-0.122505021364,0.0774868378613,-0.279450623099,0.190805980512,0.0910801334132,5,0.00375939849624,-0.113641907693,0.142857142857,-0.142857142857,0,66,32,40,282,0.622641509434,0.898089171975,0.101910828025,0.377358490566,0.673469387755,0.622641509434,0.647058823529,0.534798216176,0.520730681408,0.478260869565,77,85,0,0,0,0
66,WLNM_dir_neg,0.813252595156,0.624047657266,00:00:02,10,20,16,1286860907,fixed,0.5,0.67,0.788235294118,0.724324324324,67,33,18,137,0.788235294118,0.805882352941,0.194117647059,0.211764705882,0.67,0.788235294118,0.724324324324,0.8,0.535947712418,0.569014084507,0.57364145259,0.594117647059,106,21,85,0,106,0,21,0,85,21,106,0.252380952381,1.98147951821,10.0952380952,7.57142857143,5.3,3.5903309305,0.355645988398,0.177897574124,5.04456331585,0.999394619178,0.535489667565,3.93034591959,0.778653436899,0.415094339623,0.785936912158,0.396641451468,2.18653061224,1.98147951821,0.785936912158,2.18653061224,0.456493016787,0.454374412041,161,0.121052631579,0.398438786394,21,21,21,1,0,0.333333333333,0.619047619048,0.047619047619,21,121,0.288095238095,1,11.5238095238,8.64285714286,5.7619047619,4.15474484919,0.360535710054,0.192837465565,5.71755858654,0.992303556341,0.532861078316,3.08066164817,0.534660286045,0.289649744195,0,0,0,NaN,NaN,NaN,0.601683229624,0.573872472784,246,0.184962406015,0.295047891801,21,21,0,1,2,0.333333333333,0.666666666667,0,15,0.0357142857143,-0.981479518214,1.42857142857,1.07142857143,0.461904761905,0.564413918698,0.00488972165584,0.0149398914407,0.672995270686,-0.00709106283679,-0.00262858924952,-0.849684271422,-0.243993150854,-0.125444595427,-0.785936912158,-0.396641451468,-2.18653061224,NaN,NaN,NaN,0.145190212837,0.119498060742,85,0.0639097744361,-0.103390894593,0,0.047619047619,-0.047619047619,88,33,18,281,0.830188679245,0.894904458599,0.105095541401,0.169811320755,0.727272727273,0.830188679245,0.775330396476,0.69547780121,0.725093137844,0.63309352518,100,85,0,0,0,0
67,WLNM_dir_neg,0.645847750865,0.454243300122,00:00:02,10,20,17,1286860908,fixed,0.5,0.43137254902,0.517647058824,0.470588235294,44,58,41,112,0.517647058824,0.658823529412,0.341176470588,0.482352941176,0.43137254902,0.517647058824,0.470588235294,0.611764705882,0.533333333333,0.168067226891,0.169808902703,0.176470588235,106,21,85,0,106,0,21,0,85,21,106,0.252380952381,1.98147951821,10.0952380952,7.57142857143,5.3,3.5903309305,0.355645988398,0.177897574124,5.04456331585,0.999394619178,0.535489667565,3.93034591959,0.778653436899,0.415094339623,0.785936912158,0.396641451468,2.18653061224,1.98147951821,0.785936912158,2.18653061224,0.456493016787,0.454374412041,161,0.121052631579,0.398438786394,21,21,21,1,0,0.333333333333,0.619047619048,0.047619047619,21,123,0.292857142857,4.16806373639,11.7142857143,7.6875,5.85714285714,5.66694677179,0.483763748811,0.269454123113,5.07233392321,0.866008230792,0.477739063105,2.32992949004,0.397792839763,0.209059233449,1.89647132989,0.455000558972,5.16500935876,4.16806373639,1.89647132989,5.16500935876,0.660595512486,0.558011049724,202,0.151879699248,0.250477811376,21,21,21,1,0,0.238095238095,0.761904761905,0,17,0.0404761904762,2.18658421817,1.61904761905,0.116071428571,0.557142857143,2.07661584129,0.128117760413,0.0915565489887,0.0277706073625,-0.133386388385,-0.0577506044602,-1.60041642954,-0.380860597136,-0.206035106173,1.11053441773,0.0583591075044,2.97847874651,2.18658421817,1.11053441773,2.97847874651,0.204102495699,0.103636637682,41,0.0308270676692,-0.147960975018,-0.0952380952381,0.142857142857,-0.047619047619,65,58,41,256,0.61320754717,0.815286624204,0.184713375796,0.38679245283,0.528455284553,0.61320754717,0.56768558952,0.409008087004,0.428494171374,0.396341463415,102,85,0,0,0,0
68,WLNM_dir_neg,0.670830449827,0.535542149407,00:00:02,10,20,18,1286860909,fixed,0.5,0.59756097561,0.576470588235,0.586826347305,49,33,36,137,0.576470588235,0.805882352941,0.194117647059,0.423529411765,0.59756097561,0.576470588235,0.586826347305,0.729411764706,0.559477124183,0.385756676558,0.385894315416,0.382352941176,106,21,85,0,106,0,21,0,85,21,106,0.252380952381,1.98147951821,10.0952380952,7.57142857143,5.3,3.5903309305,0.355645988398,0.177897574124,5.04456331585,0.999394619178,0.535489667565,3.93034591959,0.778653436899,0.415094339623,0.785936912158,0.396641451468,2.18653061224,1.98147951821,0.785936912158,2.18653061224,0.456493016787,0.454374412041,161,0.121052631579,0.398438786394,21,21,21,1,0,0.333333333333,0.619047619048,0.047619047619,21,103,0.245238095238,1.87480240599,9.80952380952,8.58333333333,5.15,4.45666969405,0.454320696967,0.24826629681,5.72629690031,1.16749742628,0.602866389274,2.75508188453,0.561715724031,0.308830328248,0.817810922861,0.436211795039,2.01924686192,1.87480240599,0.817810922861,2.01924686192,0.656916971999,0.545717035611,189,0.142105263158,0.331337640844,21,21,21,1,0,0.428571428571,0.52380952381,0.047619047619,-3,-0.00714285714286,-0.106677112224,-0.285714285714,1.0119047619,-0.15,0.866338763559,0.0986747085685,0.070368722686,0.681733584458,0.168102807099,0.067376721709,-1.17526403506,-0.216937712869,-0.106264011375,0.031874010703,0.0395703435717,-0.16728375032,-0.106677112224,0.031874010703,-0.16728375032,0.200423955212,0.0913426235698,28,0.0210526315789,-0.0671011455501,0.0952380952381,-0.0952380952381,0,70,33,36,281,0.660377358491,0.894904458599,0.105095541401,0.339622641509,0.679611650485,0.660377358491,0.66985645933,0.560638561432,0.555281817089,0.503597122302,82,85,0,0,0,0
69,WLNM_dir_neg,0.620311418685,0.452729903883,00:00:03,10,20,19,1286860910,fixed,0.5,0.5,0.423529411765,0.458598726115,36,36,49,134,0.423529411765,0.788235294118,0.211764705882,0.576470588235,0.5,0.423529411765,0.458598726115,0.666666666667,0.572549019608,0.220183486239,0.221766381286,0.211764705882,106,21,85,0,106,0,21,0,85,21,106,0.252380952381,1.98147951821,10.0952380952,7.57142857143,5.3,3.5903309305,0.355645988398,0.177897574124,5.04456331585,0.999394619178,0.535489667565,3.93034591959,0.778653436899,0.415094339623,0.785936912158,0.396641451468,2.18653061224,1.98147951821,0.785936912158,2.18653061224,0.456493016787,0.454374412041,161,0.121052631579,0.398438786394,21,21,21,1,0,0.333333333333,0.619047619048,0.047619047619,21,93,0.221428571429,1,8.85714285714,4.65,4.65,5.1018204034,0.576011981029,0.318484383001,4.50079358082,1.01630822793,0.518177163338,3.585685828,0.80967099342,0.417818740399,0,0,0,NaN,NaN,NaN,0.637305888556,0.520408163265,136,0.102255639098,0.243874521591,21,21,0,1,3,0.047619047619,0.904761904762,0.047619047619,-13,-0.0309523809524,-0.981479518214,-1.2380952381,-2.92142857143,-0.65,1.51148947291,0.220365992631,0.140586808877,-0.543769735031,0.0169136087491,-0.0173125042267,-0.344660091584,0.0310175565206,0.00272440077674,-0.785936912158,-0.396641451468,-2.18653061224,NaN,NaN,NaN,0.180812871769,0.0660337512239,-25,-0.0187969924812,-0.154564264803,-0.285714285714,0.285714285714,0,57,36,49,278,0.537735849057,0.885350318471,0.114649681529,0.462264150943,0.612903225806,0.537735849057,0.572864321608,0.442620202676,0.423086167528,0.401408450704,72,85,0,0,0,0
70,WLNM_dir_neg,0.728892733564,0.527876631997,00:00:03,10,20,20,1286860911,fixed,0.5,0.530612244898,0.611764705882,0.568306010929,52,46,33,124,0.611764705882,0.729411764706,0.270588235294,0.388235294118,0.530612244898,0.611764705882,0.568306010929,0.690196078431,0.538562091503,0.328611898017,0.330635994994,0.341176470588,106,21,85,0,106,0,21,0,85,21,106,0.252380952381,1.98147951821,10.0952380952,7.57142857143,5.3,3.5903309305,0.355645988398,0.177897574124,5.04456331585,0.999394619178,0.535489667565,3.93034591959,0.778653436899,0.415094339623,0.785936912158,0.396641451468,2.18653061224,1.98147951821,0.785936912158,2.18653061224,0.456493016787,0.454374412041,161,0.121052631579,0.398438786394,21,21,21,1,0,0.333333333333,0.619047619048,0.047619047619,21,119,0.283333333333,1,11.3333333333,6.61111111111,5.66666666667,4.55338701774,0.401769442742,0.220888355342,5.51664149038,0.97352496889,0.519407763105,3.00555042103,0.530391250769,0.266506602641,0,0,0,NaN,NaN,NaN,0.594287411934,0.548330404218,208,0.156390977444,0.236087612645,21,21,0,1,3,0.142857142857,0.857142857143,0,13,0.0309523809524,-0.981479518214,1.2380952381,-0.960317460317,0.366666666667,0.963056087245,0.0461234543437,0.0429907812181,0.472078174526,-0.025869650288,-0.0160819044599,-0.924795498561,-0.24826218613,-0.148587736982,-0.785936912158,-0.396641451468,-2.18653061224,NaN,NaN,NaN,0.137794395147,0.0939559921765,47,0.0353383458647,-0.162351173748,-0.190476190476,0.238095238095,-0.047619047619,73,46,33,268,0.688679245283,0.853503184713,0.146496815287,0.311320754717,0.613445378151,0.688679245283,0.648888888889,0.522644600331,0.542182429996,0.480263157895,98,85,0,0,0,0
71,WLNM_dir_neg,0.753771626298,0.610586221633,00:00:03,10,20,21,1286860912,fixed,0.5,0.56862745098,0.682352941176,0.620320855615,58,44,27,126,0.682352941176,0.741176470588,0.258823529412,0.317647058824,0.56862745098,0.682352941176,0.620320855615,0.721568627451,0.533333333333,0.403361344538,0.407541366487,0.423529411765,106,21,85,0,106,0,21,0,85,21,106,0.252380952381,1.98147951821,10.0952380952,7.57142857143,5.3,3.5903309305,0.355645988398,0.177897574124,5.04456331585,0.999394619178,0.535489667565,3.93034591959,0.778653436899,0.415094339623,0.785936912158,0.396641451468,2.18653061224,1.98147951821,0.785936912158,2.18653061224,0.456493016787,0.454374412041,161,0.121052631579,0.398438786394,21,21,21,1,0,0.333333333333,0.619047619048,0.047619047619,21,123,0.292857142857,NaN,11.7142857143,5.85714285714,5.85714285714,4.17304274053,0.356235355899,0.19512195122,4.79880937614,0.819308917878,0.421215640728,4.82996598627,0.82462833912,0.439024390244,NaN,NaN,NaN,NaN,NaN,NaN,0.642506895614,0.591143911439,267,0.200751879699,0.272759470921,21,21,0,1,2,0,1,0,17,0.0404761904762,NaN,1.61904761905,-1.71428571429,0.557142857143,0.582711810033,0.00058936750067,0.0172243770955,-0.245753939706,-0.1800857013,-0.114274026837,0.899620066687,0.0459749022207,0.0239300506213,NaN,NaN,NaN,NaN,NaN,NaN,0.186013878827,0.136769499398,106,0.0796992481203,-0.125679315473,-0.333333333333,0.380952380952,-0.047619047619,79,44,27,270,0.745283018868,0.859872611465,0.140127388535,0.254716981132,0.642276422764,0.745283018868,0.689956331878,0.577635737514,0.605155630333,0.526666666667,102,85,0,0,0,0
72,WLNM_dir_neg,0.714948096886,0.472272111371,00:00:02,10,20,22,1286860913,fixed,0.5,0.528735632184,0.541176470588,0.53488372093,46,41,39,129,0.541176470588,0.758823529412,0.241176470588,0.458823529412,0.528735632184,0.541176470588,0.53488372093,0.686274509804,0.552941176471,0.298245614035,0.298291522696,0.3,106,21,85,0,106,0,21,0,85,21,106,0.252380952381,1.98147951821,10.0952380952,7.57142857143,5.3,3.5903309305,0.355645988398,0.177897574124,5.04456331585,0.999394619178,0.535489667565,3.93034591959,0.778653436899,0.415094339623,0.785936912158,0.396641451468,2.18653061224,1.98147951821,0.785936912158,2.18653061224,0.456493016787,0.454374412041,161,0.121052631579,0.398438786394,21,21,21,1,0,0.333333333333,0.619047619048,0.047619047619,21,108,0.257142857143,1,10.2857142857,5.4,5.4,5.74580592383,0.558620020372,0.296296296296,4.65065279596,0.904293599214,0.467372134039,4.50872170671,0.876695887416,0.441798941799,0,0,0,NaN,NaN,NaN,0.686031748814,0.556497175141,197,0.148120300752,0.334229136514,21,21,0,1,3,0.047619047619,0.904761904762,0.047619047619,2,0.0047619047619,-0.981479518214,0.190476190476,-2.17142857143,0.1,2.15547499333,0.202974031974,0.118398722172,-0.39391051989,-0.0951010199634,-0.0681175335263,0.578375787124,0.0980424505167,0.0267046021763,-0.785936912158,-0.396641451468,-2.18653061224,NaN,NaN,NaN,0.229538732027,0.1021227631,36,0.0270676691729,-0.0642096498794,-0.285714285714,0.285714285714,0,67,41,39,273,0.632075471698,0.869426751592,0.130573248408,0.367924528302,0.62037037037,0.632075471698,0.626168224299,0.498426867347,0.50150222329,0.455782312925,87,85,0,0,0,0
73,WLNM_dir_neg,0.644429065744,0.462695513956,00:00:02,10,20,23,1286860914,fixed,0.5,0.623376623377,0.564705882353,0.592592592593,48,29,37,141,0.564705882353,0.829411764706,0.170588235294,0.435294117647,0.623376623377,0.564705882353,0.592592592593,0.741176470588,0.566013071895,0.403614457831,0.404673197663,0.394117647059,106,21,85,0,106,0,21,0,85,21,106,0.252380952381,1.98147951821,10.0952380952,7.57142857143,5.3,3.5903309305,0.355645988398,0.177897574124,5.04456331585,0.999394619178,0.535489667565,3.93034591959,0.778653436899,0.415094339623,0.785936912158,0.396641451468,2.18653061224,1.98147951821,0.785936912158,2.18653061224,0.456493016787,0.454374412041,161,0.121052631579,0.398438786394,21,21,21,1,0,0.333333333333,0.619047619048,0.047619047619,21,98,0.233333333333,2.74161121247,9.33333333333,7.53846153846,5.15789473684,4.93288286232,0.52852316382,0.290087463557,5.47113638409,1.17238636802,0.612244897959,3.1037611592,0.665091676971,0.367346938776,1.50152256743,0.54767888335,4.06102007292,2.82869177309,1.48512856636,4.06102007292,0.560884842282,0.543307086614,161,0.121052631579,0.277233723526,21,20,20,0.952380952381,0,0.333333333333,0.571428571429,0.047619047619,-8,-0.0190476190476,0.760131694256,-0.761904761905,-0.032967032967,-0.142105263158,1.34255193182,0.172877175421,0.112189889433,0.426573068242,0.172991748842,0.076755230394,-0.826584760392,-0.113561759929,-0.0477474008471,0.715585655269,0.151037431883,1.87448946067,0.847212254879,0.699191654201,1.87448946067,0.104391825495,0.0889326745728,0,0,-0.121205062868,0,-0.047619047619,0,69,29,37,285,0.650943396226,0.907643312102,0.0923566878981,0.349056603774,0.704081632653,0.650943396226,0.676470588235,0.573676923329,0.558586708328,0.511111111111,77,85,0,0,0,0
74,WLNM_dir_neg,0.788650519031,0.571706429356,00:00:02,10,20,24,1286860915,fixed,0.5,0.559139784946,0.611764705882,0.584269662921,52,41,33,129,0.611764705882,0.758823529412,0.241176470588,0.388235294118,0.559139784946,0.611764705882,0.584269662921,0.709803921569,0.545098039216,0.362068965517,0.362933093156,0.370588235294,106,21,85,0,106,0,21,0,85,21,106,0.252380952381,1.98147951821,10.0952380952,7.57142857143,5.3,3.5903309305,0.355645988398,0.177897574124,5.04456331585,0.999394619178,0.535489667565,3.93034591959,0.778653436899,0.415094339623,0.785936912158,0.396641451468,2.18653061224,1.98147951821,0.785936912158,2.18653061224,0.456493016787,0.454374412041,161,0.121052631579,0.398438786394,21,21,21,1,0,0.333333333333,0.619047619048,0.047619047619,21,114,0.271428571429,NaN,10.8571428571,5.42857142857,5.7,5.06246693111,0.466279848918,0.251461988304,4.55600075254,0.83926329652,0.43776106934,4.64296703167,0.85528340057,0.442773600668,NaN,NaN,NaN,NaN,NaN,NaN,0.727704223635,0.614671163575,243,0.182706766917,0.291214669383,21,21,0,1,2,0,0.952380952381,0.047619047619,8,0.0190476190476,NaN,0.761904761905,-2.14285714286,0.4,1.47213600061,0.11063386052,0.0735644141801,-0.48856256331,-0.160131322657,-0.0977285982251,0.712621112079,0.0766299636707,0.0276792610457,NaN,NaN,NaN,NaN,NaN,NaN,0.271211206848,0.160296751534,82,0.0616541353383,-0.107224117011,-0.333333333333,0.333333333333,0,73,41,33,273,0.688679245283,0.869426751592,0.130573248408,0.311320754717,0.640350877193,0.688679245283,0.663636363636,0.545156640831,0.558105996875,0.496598639456,93,85,0,0,0,0
75,WLNM_dir_neg,0.666955017301,0.505422934895,00:00:02,10,20,25,1286860916,fixed,0.5,0.559523809524,0.552941176471,0.556213017751,47,37,38,133,0.552941176471,0.782352941176,0.217647058824,0.447058823529,0.559523809524,0.552941176471,0.556213017751,0.705882352941,0.556862745098,0.336283185841,0.336296354567,0.335294117647,106,21,85,0,106,0,21,0,85,21,106,0.252380952381,1.98147951821,10.0952380952,7.57142857143,5.3,3.5903309305,0.355645988398,0.177897574124,5.04456331585,0.999394619178,0.535489667565,3.93034591959,0.778653436899,0.415094339623,0.785936912158,0.396641451468,2.18653061224,1.98147951821,0.785936912158,2.18653061224,0.456493016787,0.454374412041,161,0.121052631579,0.398438786394,21,21,21,1,0,0.333333333333,0.619047619048,0.047619047619,21,105,0.25,2.80418709828,10,7.5,5,4.71168759576,0.471168759576,0.254421768707,5.21536192416,1.04307238483,0.55873015873,2.19089023002,0.438178046004,0.240362811791,1.37489076394,0.490299226034,3.93443957954,2.80418709828,1.37489076394,3.93443957954,0.647961812623,0.529411764706,168,0.126315789474,0.209357766587,21,21,21,1,0,0.333333333333,0.666666666667,0,-1,-0.00238095238095,0.822707580068,-0.0952380952381,-0.0714285714286,-0.3,1.12135666526,0.115522771177,0.0765241945835,0.170798608312,0.0436777656546,0.023240491165,-1.73945568957,-0.340475390895,-0.174731527831,0.588953851784,0.093657774566,1.7479089673,0.822707580068,0.588953851784,1.7479089673,0.191468795836,0.0750373526645,7,0.00526315789474,-0.189081019807,0,0.047619047619,-0.047619047619,68,37,38,277,0.641509433962,0.882165605096,0.117834394904,0.358490566038,0.647619047619,0.641509433962,0.644549763033,0.525326977492,0.523675039058,0.475524475524,84,85,0,0,0,0
76,WLNM_dir_neg,0.681972318339,0.513524469339,00:00:03,10,20,26,1286860917,fixed,0.5,0.661016949153,0.458823529412,0.541666666667,39,20,46,150,0.458823529412,0.882352941176,0.117647058824,0.541176470588,0.661016949153,0.458823529412,0.541666666667,0.741176470588,0.58954248366,0.369426751592,0.381380913129,0.341176470588,106,21,85,0,106,0,21,0,85,21,106,0.252380952381,1.98147951821,10.0952380952,7.57142857143,5.3,3.5903309305,0.355645988398,0.177897574124,5.04456331585,0.999394619178,0.535489667565,3.93034591959,0.778653436899,0.415094339623,0.785936912158,0.396641451468,2.18653061224,1.98147951821,0.785936912158,2.18653061224,0.456493016787,0.454374412041,161,0.121052631579,0.398438786394,21,21,21,1,0,0.333333333333,0.619047619048,0.047619047619,21,80,0.190476190476,1.56970365752,7.61904761905,8.88888888889,3.80952380952,4.73789183579,0.621848303447,0.338095238095,5.08546013276,1.33493328485,0.663095238095,2.63854216603,0.692617318582,0.37380952381,0.683504837563,0.435435589572,1.56758823139,1.56970365752,0.683504837563,1.56758823139,0.597029312277,0.496402877698,115,0.0864661654135,0.397121331374,21,21,21,1,0,0.571428571429,0.428571428571,0,-26,-0.0619047619048,-0.411775860698,-2.47619047619,1.31746031746,-1.49047619048,1.14756090529,0.266202315049,0.160197663971,0.0408968169114,0.335538665672,0.12760557053,-1.29180375356,-0.0860361183172,-0.0412848158131,-0.102432074594,0.0387941381042,-0.618942380854,-0.411775860698,-0.102432074594,-0.618942380854,0.14053629549,0.0420284656564,-46,-0.0345864661654,-0.00131745502004,0.238095238095,-0.190476190476,-0.047619047619,60,20,46,294,0.566037735849,0.936305732484,0.0636942675159,0.433962264151,0.75,0.566037735849,0.645161290323,0.555691897499,0.502343468333,0.47619047619,59,85,0,0,0,0
77,WLNM_dir_neg,0.761314878893,0.527945056957,00:00:03,10,20,27,1286860918,fixed,0.5,0.604166666667,0.682352941176,0.640883977901,58,38,27,132,0.682352941176,0.776470588235,0.223529411765,0.317647058824,0.604166666667,0.682352941176,0.640883977901,0.745098039216,0.541176470588,0.444444444444,0.446421832833,0.458823529412,106,21,85,0,106,0,21,0,85,21,106,0.252380952381,1.98147951821,10.0952380952,7.57142857143,5.3,3.5903309305,0.355645988398,0.177897574124,5.04456331585,0.999394619178,0.535489667565,3.93034591959,0.778653436899,0.415094339623,0.785936912158,0.396641451468,2.18653061224,1.98147951821,0.785936912158,2.18653061224,0.456493016787,0.454374412041,161,0.121052631579,0.398438786394,21,21,21,1,0,0.333333333333,0.619047619048,0.047619047619,21,117,0.278571428571,1,11.1428571429,6.15789473684,5.85,4.18671367884,0.375730714768,0.200244200244,4.4110251481,0.791722462479,0.432234432234,4.16619044898,0.747777772893,0.410256410256,0,0,0,NaN,NaN,NaN,0.578010349439,0.566286215979,215,0.161654135338,0.240484671561,21,21,0,1,2,0.0952380952381,0.857142857143,0.047619047619,11,0.0261904761905,-0.981479518214,1.04761904762,-1.41353383459,0.55,0.596382748342,0.0200847263693,0.0223466261202,-0.633538167753,-0.207672156699,-0.103255235331,0.235844529389,-0.0308756640062,-0.00483792936623,-0.785936912158,-0.396641451468,-2.18653061224,NaN,NaN,NaN,0.121517332652,0.111911803938,54,0.0406015037594,-0.157954114833,-0.238095238095,0.238095238095,0,79,38,27,276,0.745283018868,0.87898089172,0.12101910828,0.254716981132,0.675213675214,0.745283018868,0.708520179372,0.604883502991,0.624263910588,0.548611111111,96,85,0,0,0,0
78,WLNM_dir_neg,0.688719723183,0.516359205541,00:00:02,10,20,28,1286860919,fixed,0.5,0.483516483516,0.517647058824,0.5,44,47,41,123,0.517647058824,0.723529411765,0.276470588235,0.482352941176,0.483516483516,0.517647058824,0.5,0.654901960784,0.547712418301,0.236994219653,0.237315573275,0.241176470588,106,21,85,0,106,0,21,0,85,21,106,0.252380952381,1.98147951821,10.0952380952,7.57142857143,5.3,3.5903309305,0.355645988398,0.177897574124,5.04456331585,0.999394619178,0.535489667565,3.93034591959,0.778653436899,0.415094339623,0.785936912158,0.396641451468,2.18653061224,1.98147951821,0.785936912158,2.18653061224,0.456493016787,0.454374412041,161,0.121052631579,0.398438786394,21,21,21,1,0,0.333333333333,0.619047619048,0.047619047619,21,112,0.266666666667,3.93891320089,10.6666666667,5.89473684211,5.6,4.73638399344,0.444035999385,0.247023809524,4.89217061572,0.917281990448,0.483843537415,3.07137319994,0.575882474989,0.309523809524,1.78028123462,0.451972700038,6.23217717952,3.93891320089,1.78028123462,6.23217717952,0.665393336822,0.578082191781,211,0.158646616541,0.220035035906,21,21,21,1,0,0.0952380952381,0.857142857143,0.047619047619,6,0.0142857142857,1.95743368268,0.571428571429,-1.67669172932,0.3,1.14605306295,0.088390010987,0.0691262353998,-0.152392700128,-0.08211262873,-0.0516461301502,-0.858972719644,-0.20277096191,-0.105570530099,0.994344322464,0.05533124857,4.04564656728,1.95743368268,0.994344322464,4.04564656728,0.208900320035,0.123707779739,50,0.0375939849624,-0.178403750488,-0.238095238095,0.238095238095,0,65,47,41,267,0.61320754717,0.850318471338,0.149681528662,0.38679245283,0.580357142857,0.61320754717,0.596330275229,0.455310330339,0.463526018507,0.424836601307,91,85,0,0,0,0
79,WLNM_dir_neg,0.687612456747,0.304460829549,00:00:04,10,20,29,1286860920,fixed,0.5,0.504424778761,0.670588235294,0.575757575758,57,56,28,114,0.670588235294,0.670588235294,0.329411764706,0.329411764706,0.504424778761,0.670588235294,0.575757575758,0.670588235294,0.518954248366,0.315217391304,0.323764778903,0.341176470588,106,21,85,0,106,0,21,0,85,21,106,0.252380952381,1.98147951821,10.0952380952,7.57142857143,5.3,3.5903309305,0.355645988398,0.177897574124,5.04456331585,0.999394619178,0.535489667565,3.93034591959,0.778653436899,0.415094339623,0.785936912158,0.396641451468,2.18653061224,1.98147951821,0.785936912158,2.18653061224,0.456493016787,0.454374412041,161,0.121052631579,0.398438786394,21,21,21,1,0,0.333333333333,0.619047619048,0.047619047619,21,134,0.319047619048,NaN,12.7619047619,6.38095238095,6.38095238095,5.13716616341,0.40253913967,0.217484008529,5.93697052777,0.930420754352,0.473347547974,3.86621508036,0.605899378266,0.286425017768,NaN,NaN,NaN,NaN,NaN,NaN,0.716984848984,0.638683680322,317,0.238345864662,0.262665045816,21,21,0,1,2,0,1,0,28,0.0666666666667,NaN,2.66666666667,-1.19047619048,1.08095238095,1.54683523291,0.0468931512719,0.0395864344048,0.892407211921,-0.0689738648257,-0.0621421195907,-0.0641308392256,-0.172754058634,-0.128669321854,NaN,NaN,NaN,NaN,NaN,NaN,0.260491832197,0.184309268281,156,0.117293233083,-0.135773740578,-0.333333333333,0.380952380952,-0.047619047619,78,56,28,258,0.735849056604,0.821656050955,0.178343949045,0.264150943396,0.582089552239,0.735849056604,0.65,0.519554596562,0.557505107559,0.481481481481,113,85,0,0,0,0
80,WLNM_dir_neg,0.700588235294,0.535889777218,00:00:02,10,20,30,1286860921,fixed,0.5,0.58024691358,0.552941176471,0.566265060241,47,34,38,136,0.552941176471,0.8,0.2,0.447058823529,0.58024691358,0.552941176471,0.566265060241,0.717647058824,0.560784313725,0.357142857143,0.357370844946,0.352941176471,106,21,85,0,106,0,21,0,85,21,106,0.252380952381,1.98147951821,10.0952380952,7.57142857143,5.3,3.5903309305,0.355645988398,0.177897574124,5.04456331585,0.999394619178,0.535489667565,3.93034591959,0.778653436899,0.415094339623,0.785936912158,0.396641451468,2.18653061224,1.98147951821,0.785936912158,2.18653061224,0.456493016787,0.454374412041,161,0.121052631579,0.398438786394,21,21,21,1,0,0.333333333333,0.619047619048,0.047619047619,21,102,0.242857142857,2.40996707085,9.71428571429,5.66666666667,4.85714285714,4.58413412918,0.471896160356,0.2558356676,5.29420168001,1.08998269882,0.549019607843,3.53957220983,0.728735454964,0.370681605976,0.776715036253,0.322292800448,2.47558178049,2.40996707085,0.776715036253,2.47558178049,0.616488009345,0.535822401615,177,0.133082706767,0.32563995411,21,21,21,1,0,0.142857142857,0.857142857143,0,-4,-0.00952380952381,0.428487552638,-0.380952380952,-1.90476190476,-0.442857142857,0.993803198681,0.116250171958,0.0779380934764,0.249638364155,0.0905880796468,0.013529940278,-0.390773709762,-0.0499179819353,-0.0444127336469,-0.00922187590444,-0.0743486510192,0.289051168248,0.428487552638,-0.00922187590444,0.289051168248,0.159994992558,0.0814479895731,16,0.012030075188,-0.0727988322838,-0.190476190476,0.238095238095,-0.047619047619,68,34,38,280,0.641509433962,0.891719745223,0.108280254777,0.358490566038,0.666666666667,0.641509433962,0.653846153846,0.5401545236,0.533229179185,0.485714285714,81,85,0,0,0,0
81,WLNM_dir_neg,0.60214532872,0.448702960794,00:00:01,10,20,31,1286860922,fixed,0.5,0.55,0.388235294118,0.455172413793,33,27,52,143,0.388235294118,0.841176470588,0.158823529412,0.611764705882,0.55,0.388235294118,0.455172413793,0.690196078431,0.588235294118,0.247619047619,0.25495097568,0.229411764706,106,21,85,0,106,0,21,0,85,21,106,0.252380952381,1.98147951821,10.0952380952,7.57142857143,5.3,3.5903309305,0.355645988398,0.177897574124,5.04456331585,0.999394619178,0.535489667565,3.93034591959,0.778653436899,0.415094339623,0.785936912158,0.396641451468,2.18653061224,1.98147951821,0.785936912158,2.18653061224,0.456493016787,0.454374412041,161,0.121052631579,0.398438786394,21,21,21,1,0,0.333333333333,0.619047619048,0.047619047619,21,81,0.192857142857,2.99303631937,7.71428571429,6.75,3.85714285714,5.34923225466,0.693418995974,0.376837154615,5.08218175871,1.31760267818,0.652557319224,1.87844920841,0.487005350328,0.270429159318,1.88801769648,0.630803470127,5.36866440182,2.99303631937,1.88801769648,5.36866440182,0.696529026529,0.474921630094,101,0.0759398496241,0.184471667706,21,21,21,1,0,0.428571428571,0.571428571429,0,-25,-0.0595238095238,1.01155680116,-2.38095238095,-0.821428571429,-1.44285714286,1.75890132416,0.337773007576,0.198939580491,0.0376184428607,0.318208059006,0.117067651659,-2.05189671118,-0.291648086571,-0.144665180305,1.10208078432,0.234162018659,3.18213378958,1.01155680116,1.10208078432,3.18213378958,0.240036009742,0.0205472180527,-60,-0.0451127819549,-0.213967118688,0.0952380952381,-0.047619047619,-0.047619047619,54,27,52,287,0.509433962264,0.914012738854,0.0859872611465,0.490566037736,0.666666666667,0.509433962264,0.577540106952,0.466202021089,0.423446701118,0.406015037594,60,85,0,0,0,0
82,WLNM_dir_neg,0.634878892734,0.427662554115,00:00:03,10,20,32,1286860923,fixed,0.5,0.433734939759,0.423529411765,0.428571428571,36,47,49,123,0.423529411765,0.723529411765,0.276470588235,0.576470588235,0.433734939759,0.423529411765,0.428571428571,0.623529411765,0.558169934641,0.147928994083,0.147952306916,0.147058823529,106,21,85,0,106,0,21,0,85,21,106,0.252380952381,1.98147951821,10.0952380952,7.57142857143,5.3,3.5903309305,0.355645988398,0.177897574124,5.04456331585,0.999394619178,0.535489667565,3.93034591959,0.778653436899,0.415094339623,0.785936912158,0.396641451468,2.18653061224,1.98147951821,0.785936912158,2.18653061224,0.456493016787,0.454374412041,161,0.121052631579,0.398438786394,21,21,21,1,0,0.333333333333,0.619047619048,0.047619047619,21,104,0.247619047619,3.33974441795,9.90476190476,5.2,4.95238095238,4.19410016457,0.423442805077,0.235347985348,4.01841001487,0.811409714541,0.427655677656,3.54226185475,0.715264412978,0.365384615385,1.06026059806,0.317467585951,3.56815795295,3.33974441795,1.06026059806,3.56815795295,0.570557484843,0.530201342282,158,0.118796992481,0.236383766144,21,21,21,1,0,0.047619047619,0.952380952381,0,-2,-0.0047619047619,1.35826489974,-0.190476190476,-2.37142857143,-0.347619047619,0.603769234078,0.067796816679,0.057450411224,-1.02615330098,-0.187984904636,-0.107833989909,-0.388084064837,-0.063389023921,-0.049709724238,0.274323685902,-0.0791738655168,1.38162734071,1.35826489974,0.274323685902,1.38162734071,0.114064468056,0.0758269302405,-3,-0.00225563909774,-0.16205502025,-0.285714285714,0.333333333333,-0.047619047619,57,47,49,267,0.537735849057,0.850318471338,0.149681528662,0.462264150943,0.548076923077,0.537735849057,0.542857142857,0.390526103925,0.388054320394,0.372549019608,83,85,0,0,0,0
83,WLNM_dir_neg,0.752871972318,0.570100764201,00:00:03,10,20,33,1286860924,fixed,0.5,0.563106796117,0.682352941176,0.617021276596,58,45,27,125,0.682352941176,0.735294117647,0.264705882353,0.317647058824,0.563106796117,0.682352941176,0.617021276596,0.717647058824,0.532026143791,0.396648044693,0.401238820031,0.417647058824,106,21,85,0,106,0,21,0,85,21,106,0.252380952381,1.98147951821,10.0952380952,7.57142857143,5.3,3.5903309305,0.355645988398,0.177897574124,5.04456331585,0.999394619178,0.535489667565,3.93034591959,0.778653436899,0.415094339623,0.785936912158,0.396641451468,2.18653061224,1.98147951821,0.785936912158,2.18653061224,0.456493016787,0.454374412041,161,0.121052631579,0.398438786394,21,21,21,1,0,0.333333333333,0.619047619048,0.047619047619,21,124,0.295238095238,3.13691806264,11.8095238095,6.52631578947,6.2,4.26167863194,0.360867948672,0.189708141321,5.39355876861,0.91342527533,0.486943164363,4.35780635073,0.738015591656,0.398617511521,1.0476480473,0.333973673007,3.5,3.13691806264,1.0476480473,3.5,0.668046200446,0.631231671554,287,0.215789473684,0.282386993279,21,21,21,1,0,0.0952380952381,0.857142857143,0.047619047619,18,0.0428571428571,1.15543854443,1.71428571429,-1.04511278195,0.9,0.671347701441,0.00522196027386,0.0118105671971,0.348995452762,-0.0859693438483,-0.0485465032026,0.427460431144,-0.0406378452433,-0.0164768281019,0.261711135146,-0.0626677784602,1.31346938776,1.15543854443,0.261711135146,1.31346938776,0.211553183658,0.176857259513,126,0.0947368421053,-0.116051793115,-0.238095238095,0.238095238095,0,79,45,27,269,0.745283018868,0.856687898089,0.143312101911,0.254716981132,0.637096774194,0.745283018868,0.686956521739,0.573240106792,0.601970916957,0.523178807947,103,85,0,0,0,0
84,WLNM_dir_neg,0.747474048443,0.550936406076,00:00:02,10,20,34,1286860925,fixed,0.5,0.544117647059,0.435294117647,0.483660130719,37,31,48,139,0.435294117647,0.817647058824,0.182352941176,0.564705882353,0.544117647059,0.435294117647,0.483660130719,0.690196078431,0.577777777778,0.266253869969,0.269636200097,0.252941176471,106,21,85,0,106,0,21,0,85,21,106,0.252380952381,1.98147951821,10.0952380952,7.57142857143,5.3,3.5903309305,0.355645988398,0.177897574124,5.04456331585,0.999394619178,0.535489667565,3.93034591959,0.778653436899,0.415094339623,0.785936912158,0.396641451468,2.18653061224,1.98147951821,0.785936912158,2.18653061224,0.456493016787,0.454374412041,161,0.121052631579,0.398438786394,21,21,21,1,0,0.333333333333,0.619047619048,0.047619047619,21,89,0.211904761905,5.37173656129,8.47619047619,5.93333333333,4.2380952381,4.73939919841,0.55914260206,0.309791332263,4.86728632715,1.14846081877,0.596040663456,2.98169015669,0.703544868431,0.355270197967,2.98904122801,0.556438536012,7.66871814849,5.37173656129,2.98904122801,7.66871814849,0.619143026286,0.528455284553,130,0.0977443609023,0.234566657236,21,21,21,1,0,0.285714285714,0.714285714286,0,-17,-0.0404761904762,3.39025704308,-1.61904761905,-1.6380952381,-1.0619047619,1.14906826792,0.203496613662,0.131893758139,-0.177276988698,0.149066199588,0.0605509958913,-0.948655762902,-0.075108568468,-0.0598241416558,2.20310431585,0.159797084544,5.48218753625,3.39025704308,2.20310431585,5.48218753625,0.162650009499,0.0740808725115,-31,-0.0233082706767,-0.163872129158,-0.047619047619,0.0952380952381,-0.047619047619,58,31,48,283,0.547169811321,0.90127388535,0.0987261146497,0.452830188679,0.651685393258,0.547169811321,0.594871794872,0.476668749477,0.448443696671,0.423357664234,68,85,0,0,0,0
85,WLNM_dir_neg,0.706089965398,0.503060682839,00:00:02,10,20,35,1286860926,fixed,0.5,0.532467532468,0.482352941176,0.506172839506,41,36,44,134,0.482352941176,0.788235294118,0.211764705882,0.517647058824,0.532467532468,0.482352941176,0.506172839506,0.686274509804,0.566013071895,0.277108433735,0.277835329738,0.270588235294,106,21,85,0,106,0,21,0,85,21,106,0.252380952381,1.98147951821,10.0952380952,7.57142857143,5.3,3.5903309305,0.355645988398,0.177897574124,5.04456331585,0.999394619178,0.535489667565,3.93034591959,0.778653436899,0.415094339623,0.785936912158,0.396641451468,2.18653061224,1.98147951821,0.785936912158,2.18653061224,0.456493016787,0.454374412041,161,0.121052631579,0.398438786394,21,21,21,1,0,0.333333333333,0.619047619048,0.047619047619,21,98,0.233333333333,1,9.33333333333,5.15789473684,4.66666666667,4.87168690839,0.52196645447,0.271137026239,4.86141268906,1.04173129051,0.520894071914,3.63776488154,0.779521046043,0.371234207969,0,0,0,NaN,NaN,NaN,0.631808048946,0.515837104072,152,0.114285714286,0.280348532149,21,21,0,1,2,0.0952380952381,0.904761904762,0,-8,-0.0190476190476,-0.981479518214,-0.761904761905,-2.41353383459,-0.633333333333,1.28135597789,0.166320466072,0.0932394521151,-0.183150626792,0.0423366713346,-0.0145955956507,-0.292581038052,0.000867609143897,-0.0438601316537,-0.785936912158,-0.396641451468,-2.18653061224,NaN,NaN,NaN,0.175315032159,0.061462692031,-9,-0.00676691729323,-0.118090254245,-0.238095238095,0.285714285714,-0.047619047619,62,36,44,278,0.584905660377,0.885350318471,0.114649681529,0.415094339623,0.632653061224,0.584905660377,0.607843137255,0.482959939971,0.470255978849,0.43661971831,77,85,0,0,0,0
86,WLNM_dir_neg,0.619100346021,0.421772224632,00:00:03,10,20,36,1286860927,fixed,0.5,0.494505494505,0.529411764706,0.511363636364,45,46,40,124,0.529411764706,0.729411764706,0.270588235294,0.470588235294,0.494505494505,0.529411764706,0.511363636364,0.662745098039,0.547712418301,0.254335260116,0.254680127417,0.258823529412,106,21,85,0,106,0,21,0,85,21,106,0.252380952381,1.98147951821,10.0952380952,7.57142857143,5.3,3.5903309305,0.355645988398,0.177897574124,5.04456331585,0.999394619178,0.535489667565,3.93034591959,0.778653436899,0.415094339623,0.785936912158,0.396641451468,2.18653061224,1.98147951821,0.785936912158,2.18653061224,0.456493016787,0.454374412041,161,0.121052631579,0.398438786394,21,21,21,1,0,0.333333333333,0.619047619048,0.047619047619,21,112,0.266666666667,2.97420370881,10.6666666667,6.22222222222,5.33333333333,4.1150131632,0.38578248405,0.205782312925,4.79930550531,0.899869782246,0.488095238095,3.08760964718,0.578926808845,0.31887755102,1.11239976361,0.374015996389,3.48092386047,2.97420370881,1.11239976361,3.48092386047,0.586928773063,0.540566037736,191,0.143609022556,0.206480458242,21,21,21,1,0,0.142857142857,0.857142857143,0,6,0.0142857142857,0.992724190595,0.571428571429,-1.34920634921,0.0333333333333,0.524682232707,0.0301364956521,0.0278847388012,-0.245257810536,-0.0995248369315,-0.0473944294699,-0.842736272412,-0.199726628054,-0.0962167886022,0.326462851457,-0.0226254550785,1.29439324823,0.992724190595,0.326462851457,1.29439324823,0.130435756276,0.0861916256945,30,0.0225563909774,-0.191958328152,-0.190476190476,0.238095238095,-0.047619047619,66,46,40,268,0.622641509434,0.853503184713,0.146496815287,0.377358490566,0.589285714286,0.622641509434,0.605504587156,0.467705348407,0.476144694147,0.434210526316,91,85,0,0,0,0
87,WLNM_dir_neg,0.658373702422,0.473574880293,00:00:03,10,20,37,1286860928,fixed,0.5,0.52,0.458823529412,0.4875,39,36,46,134,0.458823529412,0.788235294118,0.211764705882,0.541176470588,0.52,0.458823529412,0.4875,0.678431372549,0.56862745098,0.254545454545,0.255603860169,0.247058823529,106,21,85,0,106,0,21,0,85,21,106,0.252380952381,1.98147951821,10.0952380952,7.57142857143,5.3,3.5903309305,0.355645988398,0.177897574124,5.04456331585,0.999394619178,0.535489667565,3.93034591959,0.778653436899,0.415094339623,0.785936912158,0.396641451468,2.18653061224,1.98147951821,0.785936912158,2.18653061224,0.456493016787,0.454374412041,161,0.121052631579,0.398438786394,21,21,21,1,0,0.333333333333,0.619047619048,0.047619047619,21,96,0.228571428571,1,9.14285714286,5.33333333333,4.8,4.78837878917,0.523728930065,0.286706349206,4.24936970116,0.929549622129,0.499007936508,3.13960871083,0.686789405495,0.377976190476,0,0,0,NaN,NaN,NaN,0.537096237096,0.500662251656,126,0.0947368421053,0.206564608871,21,21,0,1,2,0.142857142857,0.809523809524,0.047619047619,-10,-0.0238095238095,-0.981479518214,-0.952380952381,-2.2380952381,-0.5,1.19804785867,0.168082941667,0.108808775082,-0.795193614689,-0.0698449970489,-0.0364817310572,-0.790737208754,-0.0918640314046,-0.0371181491465,-0.785936912158,-0.396641451468,-2.18653061224,NaN,NaN,NaN,0.0806032203091,0.0462878396142,-35,-0.0263157894737,-0.191874177522,-0.190476190476,0.190476190476,0,60,36,46,278,0.566037735849,0.885350318471,0.114649681529,0.433962264151,0.625,0.566037735849,0.594059405941,0.466938513748,0.45138805432,0.422535211268,75,85,0,0,0,0
88,WLNM_dir_neg,0.724394463668,0.516018067782,00:00:02,10,20,38,1286860929,fixed,0.5,0.556818181818,0.576470588235,0.566473988439,49,39,36,131,0.576470588235,0.770588235294,0.229411764706,0.423529411765,0.556818181818,0.576470588235,0.566473988439,0.705882352941,0.551633986928,0.344023323615,0.344141812878,0.347058823529,106,21,85,0,106,0,21,0,85,21,106,0.252380952381,1.98147951821,10.0952380952,7.57142857143,5.3,3.5903309305,0.355645988398,0.177897574124,5.04456331585,0.999394619178,0.535489667565,3.93034591959,0.778653436899,0.415094339623,0.785936912158,0.396641451468,2.18653061224,1.98147951821,0.785936912158,2.18653061224,0.456493016787,0.454374412041,161,0.121052631579,0.398438786394,21,21,21,1,0,0.333333333333,0.619047619048,0.047619047619,21,109,0.259523809524,3.10073551002,10.380952381,7.78571428571,5.19047619048,6.00396694258,0.578363788047,0.318479685452,5.40017636396,1.04040095086,0.556574923547,2.6947921556,0.51918014007,0.277850589777,1.64252204589,0.529720139166,3.85715748502,3.10073551002,1.64252204589,3.85715748502,0.734800493624,0.630537229029,223,0.167669172932,0.254613182957,21,21,21,1,0,0.333333333333,0.666666666667,0,3,0.00714285714286,1.11925599181,0.285714285714,0.214285714286,-0.109523809524,2.41363601209,0.222717799649,0.140582111328,0.355613048113,0.0410063316774,0.0210852559823,-1.23555376398,-0.259473296829,-0.137243749845,0.856585133729,0.133078687698,1.67062687277,1.11925599181,0.856585133729,1.67062687277,0.278307476837,0.176162816988,62,0.0466165413534,-0.143825603437,0,0.047619047619,-0.047619047619,70,39,36,275,0.660377358491,0.875796178344,0.124203821656,0.339622641509,0.642201834862,0.660377358491,0.651162790698,0.531287610638,0.536173536835,0.48275862069,88,85,0,0,0,0
89,WLNM_dir_neg,0.785674740484,0.593880372824,00:00:03,10,20,39,1286860930,fixed,0.5,0.620689655172,0.635294117647,0.627906976744,54,33,31,137,0.635294117647,0.805882352941,0.194117647059,0.364705882353,0.620689655172,0.635294117647,0.627906976744,0.749019607843,0.552941176471,0.438596491228,0.438664003965,0.441176470588,106,21,85,0,106,0,21,0,85,21,106,0.252380952381,1.98147951821,10.0952380952,7.57142857143,5.3,3.5903309305,0.355645988398,0.177897574124,5.04456331585,0.999394619178,0.535489667565,3.93034591959,0.778653436899,0.415094339623,0.785936912158,0.396641451468,2.18653061224,1.98147951821,0.785936912158,2.18653061224,0.456493016787,0.454374412041,161,0.121052631579,0.398438786394,21,21,21,1,0,0.333333333333,0.619047619048,0.047619047619,21,108,0.257142857143,2.89455602143,10.2857142857,6.35294117647,5.14285714286,5.41426686766,0.526387056578,0.291446208113,5.68582196596,1.10557649338,0.571428571429,2.78003083231,0.540561550726,0.270723104056,1.0587293121,0.365765700944,3.19830517048,2.89455602143,1.0587293121,3.19830517048,0.680546966261,0.568030447193,199,0.14962406015,0.25894549043,21,21,21,1,0,0.190476190476,0.809523809524,0,2,0.0047619047619,0.913076503214,0.190476190476,-1.21848739496,-0.157142857143,1.82393593717,0.17074106818,0.113548633989,0.641258650108,0.106181874203,0.0359389038634,-1.15031508728,-0.238091886173,-0.144371235566,0.272792399941,-0.0308757505239,1.01177455824,0.913076503214,0.272792399941,1.01177455824,0.224053949474,0.113656035152,38,0.0285714285714,-0.139493295964,-0.142857142857,0.190476190476,-0.047619047619,75,33,31,281,0.707547169811,0.894904458599,0.105095541401,0.292452830189,0.694444444444,0.707547169811,0.700934579439,0.598757221665,0.60245162841,0.539568345324,87,85,0,0,0,0
90,WLNM_dir_neg,0.693979238754,0.524946090733,00:00:02,10,20,40,1286860931,fixed,0.5,0.551724137931,0.376470588235,0.447552447552,32,26,53,144,0.376470588235,0.847058823529,0.152941176471,0.623529411765,0.551724137931,0.376470588235,0.447552447552,0.690196078431,0.590849673203,0.242811501597,0.251374655791,0.223529411765,106,21,85,0,106,0,21,0,85,21,106,0.252380952381,1.98147951821,10.0952380952,7.57142857143,5.3,3.5903309305,0.355645988398,0.177897574124,5.04456331585,0.999394619178,0.535489667565,3.93034591959,0.778653436899,0.415094339623,0.785936912158,0.396641451468,2.18653061224,1.98147951821,0.785936912158,2.18653061224,0.456493016787,0.454374412041,161,0.121052631579,0.398438786394,21,21,21,1,0,0.333333333333,0.619047619048,0.047619047619,21,79,0.188095238095,2.54360556979,7.52380952381,6.58333333333,3.95,5.13438455532,0.682418200391,0.36769138035,4.68940040842,1.24654947566,0.636528028933,2.44754493125,0.650613209572,0.361663652803,1.45844111205,0.57337549869,4.08158347753,2.54360556979,1.45844111205,4.08158347753,0.528941120608,0.479591836735,94,0.0706766917293,0.221969635138,21,21,21,1,0,0.428571428571,0.52380952381,0.047619047619,-27,-0.0642857142857,0.562126051575,-2.57142857143,-0.988095238095,-1.35,1.54405362482,0.326772211992,0.189793806226,-0.355162907431,0.247154856478,0.101038361368,-1.48280098834,-0.128040227327,-0.0534306868197,0.67250419989,0.176734047222,1.89505286529,0.562126051575,0.67250419989,1.89505286529,0.0724481038207,0.0252174246933,-67,-0.0503759398496,-0.176469151256,0.0952380952381,-0.0952380952381,0,53,26,53,288,0.5,0.917197452229,0.0828025477707,0.5,0.670886075949,0.5,0.572972972973,0.463733712221,0.417197452229,0.401515151515,58,85,0,0,0,0
91,WLNM_dir_neg,0.699861591696,0.498792501828,00:00:03,10,20,41,1286860932,fixed,0.5,0.444444444444,0.470588235294,0.457142857143,40,50,45,120,0.470588235294,0.705882352941,0.294117647059,0.529411764706,0.444444444444,0.470588235294,0.457142857143,0.627450980392,0.549019607843,0.173913043478,0.174077655956,0.176470588235,106,21,85,0,106,0,21,0,85,21,106,0.252380952381,1.98147951821,10.0952380952,7.57142857143,5.3,3.5903309305,0.355645988398,0.177897574124,5.04456331585,0.999394619178,0.535489667565,3.93034591959,0.778653436899,0.415094339623,0.785936912158,0.396641451468,2.18653061224,1.98147951821,0.785936912158,2.18653061224,0.456493016787,0.454374412041,161,0.121052631579,0.398438786394,21,21,21,1,0,0.333333333333,0.619047619048,0.047619047619,21,111,0.264285714286,NaN,10.5714285714,5.28571428571,6.16666666667,4.19012444411,0.396363123092,0.218361218361,2.86605752111,0.542227098588,0.294294294294,5.03133041196,0.951873321181,0.513084513085,NaN,NaN,NaN,NaN,NaN,NaN,0.591644995216,0.523062730627,189,0.142105263158,0.29491273277,21,21,0,1,2,0,0.857142857143,0.142857142857,5,0.0119047619048,NaN,0.47619047619,-2.28571428571,0.866666666667,0.599793513616,0.0407171346935,0.0404636442372,-2.17850579474,-0.45716752059,-0.241195373271,1.10098449237,0.173219884282,0.0979901734619,NaN,NaN,NaN,NaN,NaN,NaN,0.135151978429,0.0686883185859,28,0.0210526315789,-0.103526053624,-0.333333333333,0.238095238095,0.0952380952381,61,50,45,264,0.575471698113,0.84076433121,0.15923566879,0.424528301887,0.54954954955,0.575471698113,0.562211981567,0.41003100486,0.416236029323,0.391025641026,90,85,0,0,0,0
92,WLNM_dir_neg,0.566989619377,0.390068814171,00:00:03,10,20,42,1286860933,fixed,0.5,0.425531914894,0.470588235294,0.446927374302,40,54,45,116,0.470588235294,0.682352941176,0.317647058824,0.529411764706,0.425531914894,0.470588235294,0.446927374302,0.611764705882,0.543790849673,0.14899713467,0.149445033017,0.152941176471,106,21,85,0,106,0,21,0,85,21,106,0.252380952381,1.98147951821,10.0952380952,7.57142857143,5.3,3.5903309305,0.355645988398,0.177897574124,5.04456331585,0.999394619178,0.535489667565,3.93034591959,0.778653436899,0.415094339623,0.785936912158,0.396641451468,2.18653061224,1.98147951821,0.785936912158,2.18653061224,0.456493016787,0.454374412041,161,0.121052631579,0.398438786394,21,21,21,1,0,0.333333333333,0.619047619048,0.047619047619,21,115,0.27380952381,1,10.9523809524,7.1875,5.47619047619,4.83193740105,0.441176893139,0.244720496894,5.3161926942,0.970783013724,0.522567287785,2.04007469518,0.372535379119,0.189648033126,0,0,0,NaN,NaN,NaN,0.66592679807,0.587570621469,208,0.156390977444,0.172789973256,21,21,0,1,2,0.238095238095,0.761904761905,0,9,0.0214285714286,-0.981479518214,0.857142857143,-0.383928571429,0.17619047619,1.24160647055,0.0855309047407,0.0668229227704,0.271629378354,-0.0286116054537,-0.0129223797805,-1.89027122441,-0.40611805778,-0.225446306496,-0.785936912158,-0.396641451468,-2.18653061224,NaN,NaN,NaN,0.209433781283,0.133196209428,47,0.0353383458647,-0.225648813138,-0.0952380952381,0.142857142857,-0.047619047619,61,54,45,260,0.575471698113,0.828025477707,0.171974522293,0.424528301887,0.530434782609,0.575471698113,0.552036199095,0.393060512563,0.40349717582,0.38125,94,85,0,0,0,0
93,WLNM_dir_neg,0.800484429066,0.455063673359,00:00:03,10,20,43,1286860934,fixed,0.5,0.612903225806,0.670588235294,0.640449438202,57,36,28,134,0.670588235294,0.788235294118,0.211764705882,0.329411764706,0.612903225806,0.670588235294,0.640449438202,0.749019607843,0.545098039216,0.448275862069,0.449345734383,0.458823529412,106,21,85,0,106,0,21,0,85,21,106,0.252380952381,1.98147951821,10.0952380952,7.57142857143,5.3,3.5903309305,0.355645988398,0.177897574124,5.04456331585,0.999394619178,0.535489667565,3.93034591959,0.778653436899,0.415094339623,0.785936912158,0.396641451468,2.18653061224,1.98147951821,0.785936912158,2.18653061224,0.456493016787,0.454374412041,161,0.121052631579,0.398438786394,21,21,21,1,0,0.333333333333,0.619047619048,0.047619047619,21,114,0.271428571429,1,10.8571428571,6,5.42857142857,4.89168390522,0.450549833375,0.251461988304,5.25900588107,0.96876424125,0.511278195489,3.59960315273,0.663084791292,0.345864661654,0,0,0,NaN,NaN,NaN,0.701354543371,0.614754098361,250,0.187969924812,0.277328431033,21,21,0,1,2,0.0952380952381,0.904761904762,0,8,0.0190476190476,-0.981479518214,0.761904761905,-1.57142857143,0.128571428571,1.30135297472,0.0949038449772,0.0735644141801,0.214442565221,-0.0306303779278,-0.0242114720764,-0.330742766858,-0.115568645607,-0.0692296779685,-0.785936912158,-0.396641451468,-2.18653061224,NaN,NaN,NaN,0.244861526584,0.160379686319,89,0.0669172932331,-0.12111035536,-0.238095238095,0.285714285714,-0.047619047619,78,36,28,278,0.735849056604,0.885350318471,0.114649681529,0.264150943396,0.684210526316,0.735849056604,0.709090909091,0.606786106041,0.621199375075,0.549295774648,93,85,0,0,0,0
94,WLNM_dir_neg,0.728581314879,0.476445801371,00:00:03,10,20,44,1286860935,fixed,0.5,0.528735632184,0.541176470588,0.53488372093,46,41,39,129,0.541176470588,0.758823529412,0.241176470588,0.458823529412,0.528735632184,0.541176470588,0.53488372093,0.686274509804,0.552941176471,0.298245614035,0.298291522696,0.3,106,21,85,0,106,0,21,0,85,21,106,0.252380952381,1.98147951821,10.0952380952,7.57142857143,5.3,3.5903309305,0.355645988398,0.177897574124,5.04456331585,0.999394619178,0.535489667565,3.93034591959,0.778653436899,0.415094339623,0.785936912158,0.396641451468,2.18653061224,1.98147951821,0.785936912158,2.18653061224,0.456493016787,0.454374412041,161,0.121052631579,0.398438786394,21,21,21,1,0,0.333333333333,0.619047619048,0.047619047619,21,108,0.257142857143,2.24282585172,10.2857142857,8.30769230769,5.14285714286,4.33754374206,0.421705641589,0.233245149912,5.42481072744,1.05482430811,0.559082892416,2.43486579272,0.473446126363,0.260141093474,1.04426373365,0.465601791085,2.70060489262,2.24282585172,1.04426373365,2.70060489262,0.560390667534,0.495789473684,157,0.118045112782,0.254100880024,21,21,21,1,0,0.380952380952,0.619047619048,0,2,0.0047619047619,0.261346333505,0.190476190476,0.736263736264,-0.157142857143,0.747212811564,0.066059653191,0.0553475757878,0.380247411592,0.0554296889359,0.0235932248511,-1.49548012686,-0.305207310537,-0.154953246148,0.258326821495,0.0689603396175,0.514074280378,0.261346333505,0.258326821495,0.514074280378,0.103897650746,0.0414150616428,-4,-0.00300751879699,-0.14433790637,0.047619047619,0,-0.047619047619,67,41,39,273,0.632075471698,0.869426751592,0.130573248408,0.367924528302,0.62037037037,0.632075471698,0.626168224299,0.498426867347,0.50150222329,0.455782312925,87,85,0,0,0,0
95,WLNM_dir_neg,0.728615916955,0.598342731159,00:00:02,10,20,45,1286860936,fixed,0.5,0.568181818182,0.588235294118,0.578034682081,50,38,35,132,0.588235294118,0.776470588235,0.223529411765,0.411764705882,0.568181818182,0.588235294118,0.578034682081,0.713725490196,0.551633986928,0.361516034985,0.361640549126,0.364705882353,106,21,85,0,106,0,21,0,85,21,106,0.252380952381,1.98147951821,10.0952380952,7.57142857143,5.3,3.5903309305,0.355645988398,0.177897574124,5.04456331585,0.999394619178,0.535489667565,3.93034591959,0.778653436899,0.415094339623,0.785936912158,0.396641451468,2.18653061224,1.98147951821,0.785936912158,2.18653061224,0.456493016787,0.454374412041,161,0.121052631579,0.398438786394,21,21,21,1,0,0.333333333333,0.619047619048,0.047619047619,21,109,0.259523809524,2.26028521742,10.380952381,8.38461538462,5.19047619048,5.17181003592,0.498201884194,0.2625600699,6.08784894375,1.17288832861,0.604630843163,2.08851735973,0.402374904169,0.216688510266,1.06068997452,0.469272623801,2.5,2.26028521742,1.06068997452,2.5,0.625024863747,0.534597156398,188,0.141353383459,0.235040773243,21,21,21,1,0,0.380952380952,0.619047619048,0,3,0.00714285714286,0.278805699204,0.285714285714,0.813186813187,-0.109523809524,1.58147910542,0.142555895796,0.0846624957755,1.0432856279,0.173493709434,0.0691411755978,-1.84182855985,-0.376278532731,-0.198405829356,0.274753062358,0.0726311723333,0.313469387755,0.278805699204,0.274753062358,0.313469387755,0.16853184696,0.0802227443567,27,0.0203007518797,-0.163398013151,0.047619047619,0,-0.047619047619,71,38,35,276,0.669811320755,0.87898089172,0.12101910828,0.330188679245,0.651376146789,0.669811320755,0.660465116279,0.543791297541,0.548792212474,0.493055555556,88,85,0,0,0,0
96,WLNM_dir_neg,0.750865051903,0.475817306282,00:00:02,10,20,46,1286860937,fixed,0.5,0.547169811321,0.682352941176,0.607329842932,58,48,27,122,0.682352941176,0.717647058824,0.282352941176,0.317647058824,0.547169811321,0.682352941176,0.607329842932,0.705882352941,0.528104575163,0.376731301939,0.382602539265,0.4,106,21,85,0,106,0,21,0,85,21,106,0.252380952381,1.98147951821,10.0952380952,7.57142857143,5.3,3.5903309305,0.355645988398,0.177897574124,5.04456331585,0.999394619178,0.535489667565,3.93034591959,0.778653436899,0.415094339623,0.785936912158,0.396641451468,2.18653061224,1.98147951821,0.785936912158,2.18653061224,0.456493016787,0.454374412041,161,0.121052631579,0.398438786394,21,21,21,1,0,0.333333333333,0.619047619048,0.047619047619,21,127,0.302380952381,2.87065241409,12.0952380952,6.35,6.04761904762,4.33479828717,0.358388834766,0.19647544057,5.08405537417,0.840670573682,0.44544431946,4.31828890275,0.714047771321,0.368203974503,0.90470812331,0.315157668992,2.95400685214,2.87065241409,0.90470812331,2.95400685214,0.599205166874,0.571428571429,256,0.192481203008,0.356879873449,21,21,21,1,0,0.047619047619,0.952380952381,0,21,0.05,0.889172895874,2,-1.22142857143,0.747619047619,0.744467356677,0.00274284636807,0.0185778664459,0.0394920583193,-0.158724045496,-0.0900453481051,0.387942983163,-0.0646056655785,-0.0468903651195,0.118771211152,-0.0814837824758,0.767476239898,0.889172895874,0.118771211152,0.767476239898,0.142712150087,0.117054159387,95,0.0714285714286,-0.041558912945,-0.285714285714,0.333333333333,-0.047619047619,79,48,27,266,0.745283018868,0.847133757962,0.152866242038,0.254716981132,0.622047244094,0.745283018868,0.678111587983,0.560285566745,0.59241677683,0.512987012987,106,85,0,0,0,0
97,WLNM_dir_neg,0.743425605536,0.516835359844,00:00:02,10,20,47,1286860938,fixed,0.5,0.539473684211,0.482352941176,0.509316770186,41,35,44,135,0.482352941176,0.794117647059,0.205882352941,0.517647058824,0.539473684211,0.482352941176,0.509316770186,0.690196078431,0.567320261438,0.283987915408,0.284937459931,0.276470588235,106,21,85,0,106,0,21,0,85,21,106,0.252380952381,1.98147951821,10.0952380952,7.57142857143,5.3,3.5903309305,0.355645988398,0.177897574124,5.04456331585,0.999394619178,0.535489667565,3.93034591959,0.778653436899,0.415094339623,0.785936912158,0.396641451468,2.18653061224,1.98147951821,0.785936912158,2.18653061224,0.456493016787,0.454374412041,161,0.121052631579,0.398438786394,21,21,21,1,0,0.333333333333,0.619047619048,0.047619047619,21,97,0.230952380952,2.07566856999,9.2380952381,6.92857142857,4.85,4.5815364443,0.495939512012,0.266568483063,5.13299318601,1.11126656604,0.585174275896,2.72903262121,0.590821495313,0.311242022582,0.855946830263,0.412371629382,2.13081953905,2.07566856999,0.855946830263,2.13081953905,0.565613883471,0.508293838863,143,0.107518796992,0.269486743953,21,21,21,1,0,0.333333333333,0.619047619048,0.047619047619,-9,-0.0214285714286,0.094189051773,-0.857142857143,-0.642857142857,-0.45,0.991205513807,0.140293523614,0.0886709089393,0.0884298701595,0.111871946865,0.0496846083308,-1.20131329838,-0.187831941586,-0.10385231704,0.0700099181058,0.0157301779149,-0.0557110731981,0.094189051773,0.0700099181058,-0.0557110731981,0.109120866684,0.0539194268212,-18,-0.0135338345865,-0.12895204244,0,0,0,62,35,44,279,0.584905660377,0.888535031847,0.111464968153,0.415094339623,0.639175257732,0.584905660377,0.610837438424,0.487973470143,0.473440692224,0.439716312057,76,85,0,0,0,0
98,WLNM_dir_neg,0.748858131488,0.530091553562,00:00:02,10,20,48,1286860939,fixed,0.5,0.530973451327,0.705882352941,0.606060606061,60,53,25,117,0.705882352941,0.688235294118,0.311764705882,0.294117647059,0.530973451327,0.705882352941,0.606060606061,0.694117647059,0.518954248366,0.364130434783,0.374004141146,0.394117647059,106,21,85,0,106,0,21,0,85,21,106,0.252380952381,1.98147951821,10.0952380952,7.57142857143,5.3,3.5903309305,0.355645988398,0.177897574124,5.04456331585,0.999394619178,0.535489667565,3.93034591959,0.778653436899,0.415094339623,0.785936912158,0.396641451468,2.18653061224,1.98147951821,0.785936912158,2.18653061224,0.456493016787,0.454374412041,161,0.121052631579,0.398438786394,21,21,21,1,0,0.333333333333,0.619047619048,0.047619047619,21,134,0.319047619048,3.25351701666,12.7619047619,7.05263157895,6.38095238095,4.55965746416,0.357286592341,0.190476190476,5.15243816534,0.807471652777,0.436389481166,3.82722079943,0.59978833424,0.314854299929,1.03245987554,0.317336553107,3.46957614311,3.25351701666,1.03245987554,3.46957614311,0.666163466163,0.65306122449,320,0.240601503759,0.270036873121,21,21,21,1,0,0.0952380952381,0.904761904762,0,28,0.0666666666667,1.27203749845,2.66666666667,-0.518796992481,1.08095238095,0.969326533665,0.00164060394276,0.0125786163522,0.107874849487,-0.191922966401,-0.0991001863995,-0.103125120154,-0.17886510266,-0.100240039694,0.246522963383,-0.079304898361,1.28304553086,1.27203749845,0.246522963383,1.28304553086,0.209670449376,0.198686812448,159,0.11954887218,-0.128401913273,-0.238095238095,0.285714285714,-0.047619047619,81,53,25,261,0.764150943396,0.831210191083,0.168789808917,0.235849056604,0.60447761194,0.764150943396,0.675,0.554833686434,0.595361134479,0.509433962264,113,85,0,0,0,0
99,WLNM_dir_neg,0.662179930796,0.535118455087,00:00:02,10,20,49,1286860940,fixed,0.5,0.5,0.494117647059,0.497041420118,42,42,43,128,0.494117647059,0.752941176471,0.247058823529,0.505882352941,0.5,0.494117647059,0.497041420118,0.666666666667,0.556862745098,0.247787610619,0.247797313892,0.247058823529,106,21,85,0,106,0,21,0,85,21,106,0.252380952381,1.98147951821,10.0952380952,7.57142857143,5.3,3.5903309305,0.355645988398,0.177897574124,5.04456331585,0.999394619178,0.535489667565,3.93034591959,0.778653436899,0.415094339623,0.785936912158,0.396641451468,2.18653061224,1.98147951821,0.785936912158,2.18653061224,0.456493016787,0.454374412041,161,0.121052631579,0.398438786394,21,21,21,1,0,0.333333333333,0.619047619048,0.047619047619,21,105,0.25,5.43248547972,10,5.52631578947,5,5.04975246918,0.504975246918,0.278004535147,4.59347363114,0.918694726228,0.491609977324,3.61939221417,0.723878442834,0.389115646259,1.82329914687,0.335628903873,5.86288351101,5.43248547972,1.82329914687,5.86288351101,0.598012079735,0.569543147208,187,0.140601503759,0.254393930516,21,21,21,1,0,0.0952380952381,0.904761904762,0,-1,-0.00238095238095,3.45100596151,-0.0952380952381,-2.04511278195,-0.3,1.45942153869,0.14932925852,0.100106961023,-0.451089684708,-0.0806998929494,-0.0438796902409,-0.310953705417,-0.0547749940653,-0.0259786933641,1.03736223471,-0.0610125475941,3.67635289876,3.45100596151,1.03736223471,3.67635289876,0.141519062948,0.115168735167,26,0.0195488721805,-0.144044855878,-0.238095238095,0.285714285714,-0.047619047619,63,42,43,272,0.594339622642,0.866242038217,0.133757961783,0.405660377358,0.6,0.594339622642,0.597156398104,0.462034570566,0.460581660858,0.425675675676,84,85,0,0,0,0
100,WLNM_dir_neg,0.704775086505,0.474318321755,00:00:02,10,20,50,1286860941,fixed,0.5,0.485074626866,0.764705882353,0.593607305936,65,69,20,101,0.764705882353,0.594117647059,0.405882352941,0.235294117647,0.485074626866,0.764705882353,0.593607305936,0.650980392157,0.491503267974,0.313624678663,0.338742550261,0.358823529412,106,21,85,0,106,0,21,0,85,21,106,0.252380952381,1.98147951821,10.0952380952,7.57142857143,5.3,3.5903309305,0.355645988398,0.177897574124,5.04456331585,0.999394619178,0.535489667565,3.93034591959,0.778653436899,0.415094339623,0.785936912158,0.396641451468,2.18653061224,1.98147951821,0.785936912158,2.18653061224,0.456493016787,0.454374412041,161,0.121052631579,0.398438786394,21,21,21,1,0,0.333333333333,0.619047619048,0.047619047619,21,155,0.369047619048,6.904369922,14.7619047619,8.61111111111,7.38095238095,5.24313610261,0.355180187596,0.192319508449,6.16827520849,0.83570180244,0.45222734255,2.87186682275,0.38909163405,0.204608294931,2.59846761291,0.376351157639,7.86862579641,6.904369922,2.59846761291,7.86862579641,0.709371788629,0.682373472949,391,0.293984962406,0.253373384206,21,21,21,1,0,0.142857142857,0.857142857143,0,49,0.116666666667,4.92289040379,4.66666666667,1.03968253968,2.08095238095,1.65280517211,-0.000465800802131,0.0144219343246,1.12371189264,-0.163692816738,-0.0832623250152,-1.05847909684,-0.389561802849,-0.210486044692,1.81253070075,-0.020290293829,5.68209518417,4.92289040379,1.81253070075,5.68209518417,0.252878771842,0.227999060908,230,0.172932330827,-0.145065402188,-0.190476190476,0.238095238095,-0.047619047619,86,69,20,245,0.811320754717,0.78025477707,0.21974522293,0.188679245283,0.554838709677,0.811320754717,0.659003831418,0.532523985176,0.591575531787,0.491428571429,134,85,0,0,0,0
101,WLNM_dir_neg,0.726622222222,0.506728202533,00:00:01,10,30,1,1287778192,fixed,0.5,0.518987341772,0.546666666667,0.532467532468,41,38,34,112,0.546666666667,0.746666666667,0.253333333333,0.453333333333,0.518987341772,0.546666666667,0.532467532468,0.68,0.54962962963,0.289473684211,0.289699472966,0.293333333333,106,31,75,0,106,0,31,0,75,21,106,0.252380952381,1.98147951821,10.0952380952,7.57142857143,5.3,3.5903309305,0.355645988398,0.177897574124,5.04456331585,0.999394619178,0.535489667565,3.93034591959,0.778653436899,0.415094339623,0.785936912158,0.396641451468,2.18653061224,1.98147951821,0.785936912158,2.18653061224,0.456493016787,0.454374412041,161,0.121052631579,0.398438786394,21,21,21,1,0,0.333333333333,0.619047619048,0.047619047619,21,110,0.261904761905,2.23628562376,10.4761904762,7.85714285714,5.2380952381,4.58932508784,0.438071940203,0.230735930736,5.61163756763,1.07131262655,0.570562770563,3.11295296953,0.594291021455,0.329004329004,0.943600932322,0.421950095415,2.33333333333,2.23628562376,0.943600932322,2.33333333333,0.598792251944,0.553636363636,203,0.152631578947,0.266152921962,21,21,21,1,0,0.333333333333,0.666666666667,0,4,0.00952380952381,0.254806105546,0.380952380952,0.285714285714,-0.0619047619048,0.998994157347,0.082425951805,0.0528383566119,0.567074251784,0.0719180073704,0.0350731029976,-0.817392950062,-0.184362415445,-0.0860900106183,0.157664020164,0.0253086439478,0.146802721088,0.254806105546,0.157664020164,0.146802721088,0.142299235156,0.099261951595,42,0.0315789473684,-0.132285864432,0,0.047619047619,-0.047619047619,72,38,34,276,0.679245283019,0.87898089172,0.12101910828,0.320754716981,0.654545454545,0.679245283019,0.666666666667,0.551506662718,0.558226174739,0.5,79,75,0,0,0,0
102,WLNM_dir_neg,0.718177777778,0.372494764338,00:00:02,10,30,2,1287778193,fixed,0.5,0.544303797468,0.573333333333,0.558441558442,43,36,32,114,0.573333333333,0.76,0.24,0.426666666667,0.544303797468,0.573333333333,0.558441558442,0.697777777778,0.54962962963,0.328947368421,0.329203946552,0.333333333333,106,31,75,0,106,0,31,0,75,21,106,0.252380952381,1.98147951821,10.0952380952,7.57142857143,5.3,3.5903309305,0.355645988398,0.177897574124,5.04456331585,0.999394619178,0.535489667565,3.93034591959,0.778653436899,0.415094339623,0.785936912158,0.396641451468,2.18653061224,1.98147951821,0.785936912158,2.18653061224,0.456493016787,0.454374412041,161,0.121052631579,0.398438786394,21,21,21,1,0,0.333333333333,0.619047619048,0.047619047619,21,110,0.261904761905,2.57466302369,10.4761904762,6.875,5.78947368421,3.82908667464,0.365503728034,0.203896103896,4.75294394986,0.907380208609,0.497835497835,3.56236946294,0.680088715652,0.376623376623,0.981295061125,0.38113533775,2.61164644288,2.57466302369,0.981295061125,2.61164644288,0.535969321684,0.538104089219,193,0.145112781955,0.251382822651,21,21,21,1,0,0.238095238095,0.666666666667,0.0952380952381,4,0.00952380952381,0.593183505474,0.380952380952,-0.696428571429,0.489473684211,0.238755744144,0.00985773963562,0.0259985297721,-0.291619365994,-0.0920144105689,-0.0376541697296,-0.367976456649,-0.0985647212476,-0.0384709629993,0.195358148968,-0.0155061137178,0.425115830632,0.593183505474,0.195358148968,0.425115830632,0.0794763048965,0.0837296771779,32,0.0240601503759,-0.147055963743,-0.0952380952381,0.047619047619,0.047619047619,74,36,32,278,0.698113207547,0.885350318471,0.114649681529,0.301886792453,0.672727272727,0.698113207547,0.685185185185,0.57644022551,0.583463526019,0.521126760563,79,75,0,0,0,0
103,WLNM_dir_neg,0.706133333333,0.447303705354,00:00:02,10,30,3,1287778194,fixed,0.5,0.571428571429,0.64,0.603773584906,48,36,27,114,0.64,0.76,0.24,0.36,0.571428571429,0.64,0.603773584906,0.72,0.542222222222,0.388349514563,0.389840587793,0.4,106,31,75,0,106,0,31,0,75,21,106,0.252380952381,1.98147951821,10.0952380952,7.57142857143,5.3,3.5903309305,0.355645988398,0.177897574124,5.04456331585,0.999394619178,0.535489667565,3.93034591959,0.778653436899,0.415094339623,0.785936912158,0.396641451468,2.18653061224,1.98147951821,0.785936912158,2.18653061224,0.456493016787,0.454374412041,161,0.121052631579,0.398438786394,21,21,21,1,0,0.333333333333,0.619047619048,0.047619047619,21,115,0.27380952381,3.29331188015,10.9523809524,7.66666666667,5.47619047619,5.13299318601,0.468664595244,0.252173913043,5.63577011258,1.02914062925,0.551552795031,2.97689515467,0.543606941288,0.298964803313,1.66466200046,0.505467462858,4.89506274229,3.29331188015,1.66466200046,4.89506274229,0.680308833324,0.598944591029,227,0.170676691729,0.239329745557,21,21,21,1,0,0.285714285714,0.714285714286,0,9,0.0214285714286,1.31183236193,0.857142857143,0.0952380952381,0.17619047619,1.54266225551,0.113018606846,0.0742763389195,0.591206796735,0.0297460100768,0.0160631274659,-0.953450764916,-0.235046495612,-0.11612953631,0.878725088299,0.10882601139,2.70853213005,1.31183236193,0.878725088299,2.70853213005,0.223815816536,0.144570178988,66,0.0496240601504,-0.159109040837,-0.047619047619,0.0952380952381,-0.047619047619,79,36,27,278,0.745283018868,0.885350318471,0.114649681529,0.254716981132,0.686956521739,0.745283018868,0.714932126697,0.614321679725,0.630633337339,0.556338028169,84,75,0,0,0,0
104,WLNM_dir_neg,0.698355555556,0.419086000671,00:00:01,10,30,4,1287778195,fixed,0.5,0.460526315789,0.466666666667,0.46357615894,35,41,40,109,0.466666666667,0.726666666667,0.273333333333,0.533333333333,0.460526315789,0.466666666667,0.46357615894,0.64,0.554074074074,0.1926910299,0.192700601254,0.193333333333,106,31,75,0,106,0,31,0,75,21,106,0.252380952381,1.98147951821,10.0952380952,7.57142857143,5.3,3.5903309305,0.355645988398,0.177897574124,5.04456331585,0.999394619178,0.535489667565,3.93034591959,0.778653436899,0.415094339623,0.785936912158,0.396641451468,2.18653061224,1.98147951821,0.785936912158,2.18653061224,0.456493016787,0.454374412041,161,0.121052631579,0.398438786394,21,21,21,1,0,0.333333333333,0.619047619048,0.047619047619,21,107,0.254761904762,2.07694475744,10.1904761905,8.91666666667,5.09523809524,5.02612223905,0.493217602898,0.270137961727,5.37498615724,1.05490382525,0.554517133956,2.89663187003,0.568497843651,0.31419670672,0.987531925705,0.475473371243,2.78404779244,2.07694475744,0.987531925705,2.78404779244,0.667057976832,0.567650050865,186,0.13984962406,0.334606170664,21,21,21,1,0,0.428571428571,0.571428571429,0,1,0.00238095238095,0.0954652392249,0.0952380952381,1.34523809524,-0.204761904762,1.43579130856,0.1375716145,0.0922403876028,0.330422841386,0.0555092060741,0.0190274663912,-1.03371404956,-0.210155593249,-0.100897632903,0.201595013547,0.0788319197752,0.597517180195,0.0954652392249,0.201595013547,0.597517180195,0.210564960045,0.113275638823,25,0.0187969924812,-0.0638326157301,0.0952380952381,-0.047619047619,-0.047619047619,66,41,40,273,0.622641509434,0.869426751592,0.130573248408,0.377358490566,0.616822429907,0.622641509434,0.619718309859,0.490545224858,0.492068261026,0.448979591837,76,75,0,0,0,0
105,WLNM_dir_neg,0.686622222222,0.437362818682,00:00:01,10,30,5,1287778196,fixed,0.5,0.539473684211,0.546666666667,0.543046357616,41,35,34,115,0.546666666667,0.766666666667,0.233333333333,0.453333333333,0.539473684211,0.546666666667,0.543046357616,0.693333333333,0.554074074074,0.312292358804,0.312307870998,0.313333333333,106,31,75,0,106,0,31,0,75,21,106,0.252380952381,1.98147951821,10.0952380952,7.57142857143,5.3,3.5903309305,0.355645988398,0.177897574124,5.04456331585,0.999394619178,0.535489667565,3.93034591959,0.778653436899,0.415094339623,0.785936912158,0.396641451468,2.18653061224,1.98147951821,0.785936912158,2.18653061224,0.456493016787,0.454374412041,161,0.121052631579,0.398438786394,21,21,21,1,0,0.333333333333,0.619047619048,0.047619047619,21,107,0.254761904762,2.09022516948,10.1904761905,8.91666666667,5.35,4.79185817423,0.470229073172,0.257231864709,5.80434976466,1.13917144914,0.592790387183,2.54764129941,0.500004367175,0.272363150868,0.992136130125,0.474655144629,2.46512638457,2.09022516948,0.992136130125,2.46512638457,0.588411712781,0.507507507508,169,0.127067669173,0.294947847235,21,21,21,1,0,0.428571428571,0.52380952381,0.047619047619,1,0.00238095238095,0.108745651264,0.0952380952381,1.34523809524,0.05,1.20152724373,0.114583084774,0.0793342905845,0.759786448807,0.139776829961,0.0573007196178,-1.38270462017,-0.278649069725,-0.142731188755,0.206199217968,0.0780136931613,0.278595772323,0.108745651264,0.206199217968,0.278595772323,0.131918695994,0.0531330954661,8,0.00601503759398,-0.103490939159,0.0952380952381,-0.0952380952381,0,72,35,34,279,0.679245283019,0.888535031847,0.111464968153,0.320754716981,0.672897196262,0.679245283019,0.676056338028,0.566022936828,0.567780314866,0.510638297872,76,75,0,0,0,0
106,WLNM_dir_neg,0.773066666667,0.453815993951,00:00:02,10,30,6,1287778197,fixed,0.5,0.56,0.746666666667,0.64,56,44,19,106,0.746666666667,0.706666666667,0.293333333333,0.253333333333,0.56,0.746666666667,0.64,0.72,0.518518518519,0.418461538462,0.430069761783,0.453333333333,106,31,75,0,106,0,31,0,75,21,106,0.252380952381,1.98147951821,10.0952380952,7.57142857143,5.3,3.5903309305,0.355645988398,0.177897574124,5.04456331585,0.999394619178,0.535489667565,3.93034591959,0.778653436899,0.415094339623,0.785936912158,0.396641451468,2.18653061224,1.98147951821,0.785936912158,2.18653061224,0.456493016787,0.454374412041,161,0.121052631579,0.398438786394,21,21,21,1,0,0.333333333333,0.619047619048,0.047619047619,21,131,0.311904761905,2.50620307221,12.4761904762,8.73333333333,6.2380952381,4.21448748508,0.33780243201,0.187204652854,5.86433936522,0.940084936409,0.495092693566,3.47713620534,0.557403513833,0.307524536532,1.06685200478,0.425684581034,3,2.50620307221,1.06685200478,3,0.597599094028,0.587142857143,274,0.206015037594,0.298113553114,21,21,21,1,0,0.285714285714,0.714285714286,0,25,0.0595238095238,0.524723554,2.38095238095,1.1619047619,0.938095238095,0.624156554585,-0.0178435563879,0.00930707872952,0.819776049371,-0.0593096827684,-0.0403969739992,-0.453209714249,-0.221249923067,-0.10756980309,0.280915092623,0.029043129566,0.813469387755,0.524723554,0.280915092623,0.813469387755,0.141106077241,0.132768445101,113,0.084962406015,-0.10032523328,-0.047619047619,0.0952380952381,-0.047619047619,87,44,19,270,0.820754716981,0.859872611465,0.140127388535,0.179245283019,0.664122137405,0.820754716981,0.73417721519,0.638179089867,0.680627328446,0.58,100,75,0,0,0,0
107,WLNM_dir_neg,0.724577777778,0.460558460748,00:00:01,10,30,7,1287778198,fixed,0.5,0.530612244898,0.693333333333,0.601156069364,52,46,23,104,0.693333333333,0.693333333333,0.306666666667,0.306666666667,0.530612244898,0.693333333333,0.601156069364,0.693333333333,0.521481481481,0.359133126935,0.36761912533,0.386666666667,106,31,75,0,106,0,31,0,75,21,106,0.252380952381,1.98147951821,10.0952380952,7.57142857143,5.3,3.5903309305,0.355645988398,0.177897574124,5.04456331585,0.999394619178,0.535489667565,3.93034591959,0.778653436899,0.415094339623,0.785936912158,0.396641451468,2.18653061224,1.98147951821,0.785936912158,2.18653061224,0.456493016787,0.454374412041,161,0.121052631579,0.398438786394,21,21,21,1,0,0.333333333333,0.619047619048,0.047619047619,21,129,0.307142857143,2.42745346379,12.2857142857,9.92307692308,6.45,5.46939537008,0.445183344077,0.24400147656,5.76442290508,0.938394426408,0.50276854928,3.05427101426,0.497206909299,0.271686969361,1.16279477232,0.47901835799,2.90239608247,2.49882613698,1.14483575218,2.90239608247,0.642056929998,0.61185770751,258,0.193984962406,0.366463067277,21,20,20,0.952380952381,0,0.333333333333,0.619047619048,0,23,0.0547619047619,0.445973945576,2.19047619048,2.35164835165,1.15,1.87906443959,0.0895373556783,0.0661039024356,0.719859589227,-0.06100019277,-0.032721118285,-0.876074905324,-0.281446527601,-0.143407370261,0.376857860165,0.0823769065228,0.715865470224,0.517346618766,0.358898840023,0.715865470224,0.185563913211,0.157483295468,97,0.0729323308271,-0.0319757191166,0,0,-0.047619047619,83,46,23,268,0.783018867925,0.853503184713,0.146496815287,0.216981132075,0.643410852713,0.783018867925,0.706382978723,0.599362906367,0.636522052638,0.546052631579,98,75,0,0,0,0
108,WLNM_dir_neg,0.649066666667,0.365228771404,00:00:02,10,30,8,1287778199,fixed,0.5,0.463768115942,0.426666666667,0.444444444444,32,37,43,113,0.426666666667,0.753333333333,0.246666666667,0.573333333333,0.463768115942,0.426666666667,0.444444444444,0.644444444444,0.564444444444,0.183673469388,0.184018684525,0.18,106,31,75,0,106,0,31,0,75,21,106,0.252380952381,1.98147951821,10.0952380952,7.57142857143,5.3,3.5903309305,0.355645988398,0.177897574124,5.04456331585,0.999394619178,0.535489667565,3.93034591959,0.778653436899,0.415094339623,0.785936912158,0.396641451468,2.18653061224,1.98147951821,0.785936912158,2.18653061224,0.456493016787,0.454374412041,161,0.121052631579,0.398438786394,21,21,21,1,0,0.333333333333,0.619047619048,0.047619047619,21,100,0.238095238095,1.96386544921,9.52380952381,8.33333333333,4.7619047619,5.20210580072,0.546221109076,0.29380952381,5.71755858654,1.20068730317,0.615238095238,2.23393737389,0.469126848518,0.259047619048,0.895015409511,0.455741715844,2.14661493612,1.96386544921,0.895015409511,2.14661493612,0.536605616606,0.491745283019,139,0.104511278195,0.246219188305,21,21,21,1,0,0.428571428571,0.571428571429,0,-6,-0.0142857142857,-0.0176140690008,-0.571428571429,0.761904761905,-0.538095238095,1.61177487023,0.190575120678,0.115911949686,0.672995270686,0.201292683995,0.079748427673,-1.69640854569,-0.309526588382,-0.156046720575,0.109078497353,0.0591002643762,-0.039915676126,-0.0176140690008,0.109078497353,-0.039915676126,0.0801125998185,0.0373708709775,-22,-0.0165413533835,-0.152219598089,0.0952380952381,-0.047619047619,-0.047619047619,63,37,43,277,0.594339622642,0.882165605096,0.117834394904,0.405660377358,0.63,0.594339622642,0.611650485437,0.485971093273,0.476505227737,0.440559440559,69,75,0,0,0,0
109,WLNM_dir_neg,0.7876,0.461234195627,00:00:01,10,30,9,1287778200,fixed,0.5,0.622222222222,0.746666666667,0.678787878788,56,34,19,116,0.746666666667,0.773333333333,0.226666666667,0.253333333333,0.622222222222,0.746666666667,0.678787878788,0.764444444444,0.533333333333,0.495238095238,0.500370233298,0.52,106,31,75,0,106,0,31,0,75,21,106,0.252380952381,1.98147951821,10.0952380952,7.57142857143,5.3,3.5903309305,0.355645988398,0.177897574124,5.04456331585,0.999394619178,0.535489667565,3.93034591959,0.778653436899,0.415094339623,0.785936912158,0.396641451468,2.18653061224,1.98147951821,0.785936912158,2.18653061224,0.456493016787,0.454374412041,161,0.121052631579,0.398438786394,21,21,21,1,0,0.333333333333,0.619047619048,0.047619047619,21,121,0.288095238095,1.8753084304,11.5238095238,10.0833333333,5.7619047619,5.09528259883,0.442152622212,0.239669421488,6.30003779278,1.09339498883,0.580086580087,2.94796136177,0.511629657827,0.284140102322,0.79715483897,0.425079323511,1.78921169235,1.8753084304,0.79715483897,1.78921169235,0.675593567489,0.603286384977,257,0.193233082707,0.375296205121,21,21,21,1,0,0.428571428571,0.571428571429,0,15,0.0357142857143,-0.106171087812,1.42857142857,2.5119047619,0.461904761905,1.50495166833,0.086506633814,0.0617718473636,1.25547447693,0.094000369652,0.0445969125214,-0.98238455782,-0.267023779072,-0.130954237301,0.0112179268121,0.0284378720433,-0.397318919896,-0.106171087812,0.0112179268121,-0.397318919896,0.219100550702,0.148911972935,96,0.0721804511278,-0.0231425812725,0.0952380952381,-0.047619047619,-0.047619047619,87,34,19,280,0.820754716981,0.891719745223,0.108280254777,0.179245283019,0.719008264463,0.820754716981,0.766519823789,0.683374516363,0.712474462204,0.621428571429,90,75,0,0,0,0
110,WLNM_dir_neg,0.778711111111,0.401187227529,00:00:02,10,30,10,1287778201,fixed,0.5,0.558823529412,0.76,0.64406779661,57,45,18,105,0.76,0.7,0.3,0.24,0.558823529412,0.76,0.64406779661,0.72,0.515555555556,0.422018348624,0.43559356097,0.46,106,31,75,0,106,0,31,0,75,21,106,0.252380952381,1.98147951821,10.0952380952,7.57142857143,5.3,3.5903309305,0.355645988398,0.177897574124,5.04456331585,0.999394619178,0.535489667565,3.93034591959,0.778653436899,0.415094339623,0.785936912158,0.396641451468,2.18653061224,1.98147951821,0.785936912158,2.18653061224,0.456493016787,0.454374412041,161,0.121052631579,0.398438786394,21,21,21,1,0,0.333333333333,0.619047619048,0.047619047619,21,133,0.316666666667,2.21225671403,12.6666666667,9.5,6.33333333333,5.28519946013,0.417252588957,0.224489795918,6.48331191085,1.02368082803,0.547798066595,3.23006707877,0.510010591384,0.28141783029,0.935506324668,0.422874216512,2.35365769691,2.21225671403,0.935506324668,2.35365769691,0.687375306582,0.656188605108,334,0.251127819549,0.33373432232,21,21,21,1,0,0.333333333333,0.666666666667,0,27,0.0642857142857,0.230777195815,2.57142857143,1.92857142857,1.03333333333,1.69486852963,0.0616066005593,0.0465922217944,1.438748595,0.0242862088507,0.0123083990299,-0.700278840821,-0.268642845515,-0.133676509333,0.149569412511,0.0262327650444,0.167127084668,0.230777195815,0.149569412511,0.167127084668,0.230882289795,0.201814193067,173,0.13007518797,-0.0647044640738,0,0.047619047619,-0.047619047619,88,45,18,269,0.830188679245,0.856687898089,0.143312101911,0.169811320755,0.661654135338,0.830188679245,0.73640167364,0.641401091861,0.686876577334,0.582781456954,102,75,0,0,0,0
111,WLNM_dir_neg,0.7896,0.373183184501,00:00:02,10,30,11,1287778202,fixed,0.5,0.546391752577,0.706666666667,0.616279069767,53,44,22,106,0.706666666667,0.706666666667,0.293333333333,0.293333333333,0.546391752577,0.706666666667,0.616279069767,0.706666666667,0.522962962963,0.385093167702,0.393446638989,0.413333333333,106,31,75,0,106,0,31,0,75,21,106,0.252380952381,1.98147951821,10.0952380952,7.57142857143,5.3,3.5903309305,0.355645988398,0.177897574124,5.04456331585,0.999394619178,0.535489667565,3.93034591959,0.778653436899,0.415094339623,0.785936912158,0.396641451468,2.18653061224,1.98147951821,0.785936912158,2.18653061224,0.456493016787,0.454374412041,161,0.121052631579,0.398438786394,21,21,21,1,0,0.333333333333,0.619047619048,0.047619047619,21,128,0.304761904762,4.50700294212,12.1904761905,7.52941176471,6.09523809524,5.02612223905,0.412299089922,0.223214285714,5.31887922315,0.872628622548,0.47619047619,3.61807631076,0.593590644734,0.328869047619,1.8402332515,0.408305314004,5.41467459225,4.50700294212,1.8402332515,5.41467459225,0.660273915316,0.615207373272,267,0.200751879699,0.257027259465,21,21,21,1,0,0.190476190476,0.809523809524,0,22,0.052380952381,2.5255234239,2.09523809524,-0.0420168067227,0.795238095238,1.43579130856,0.0566531015241,0.0453167115903,0.274315907302,-0.126765996629,-0.0592991913747,-0.312269608829,-0.185062792166,-0.0862252920036,1.05429633934,0.0116638625366,3.22814398001,2.5255234239,1.05429633934,3.22814398001,0.203780898529,0.16083296123,106,0.0796992481203,-0.141411526929,-0.142857142857,0.190476190476,-0.047619047619,84,44,22,270,0.792452830189,0.859872611465,0.140127388535,0.207547169811,0.65625,0.792452830189,0.717948717949,0.615581646768,0.652325441654,0.56,97,75,0,0,0,0
112,WLNM_dir_neg,0.760088888889,0.503112623644,00:00:02,10,30,12,1287778203,fixed,0.5,0.6,0.64,0.61935483871,48,32,27,118,0.64,0.786666666667,0.213333333333,0.36,0.6,0.64,0.61935483871,0.737777777778,0.548148148148,0.419672131148,0.420180585151,0.426666666667,106,31,75,0,106,0,31,0,75,21,106,0.252380952381,1.98147951821,10.0952380952,7.57142857143,5.3,3.5903309305,0.355645988398,0.177897574124,5.04456331585,0.999394619178,0.535489667565,3.93034591959,0.778653436899,0.415094339623,0.785936912158,0.396641451468,2.18653061224,1.98147951821,0.785936912158,2.18653061224,0.456493016787,0.454374412041,161,0.121052631579,0.398438786394,21,21,21,1,0,0.333333333333,0.619047619048,0.047619047619,21,111,0.264285714286,2.30690849499,10.5714285714,8.53846153846,5.28571428571,5.11440542557,0.483795107825,0.264693264693,6.27011050256,1.18623712211,0.616044616045,2.23926008188,0.423643799274,0.23166023166,1.132959236,0.491115810817,3.37396672154,2.30690849499,1.132959236,3.37396672154,0.656748309269,0.542524619517,202,0.151879699248,0.241336205791,21,21,21,1,0,0.380952380952,0.619047619048,0,5,0.0119047619048,0.325428976772,0.47619047619,0.967032967033,-0.0142857142857,1.52407449508,0.128149119426,0.0867956905693,1.22554718671,0.186842502928,0.0805549484795,-1.69108583771,-0.355009637625,-0.183434107962,0.347022323838,0.0944743593492,1.1874361093,0.325428976772,0.347022323838,1.1874361093,0.200255292482,0.0881502074752,41,0.0308270676692,-0.157102580603,0.047619047619,0,-0.047619047619,79,32,27,282,0.745283018868,0.898089171975,0.101910828025,0.254716981132,0.711711711712,0.745283018868,0.728110599078,0.63378114177,0.643372190842,0.572463768116,80,75,0,0,0,0
113,WLNM_dir_neg,0.7652,0.40690788078,00:00:02,10,30,13,1287778204,fixed,0.5,0.579545454545,0.68,0.625766871166,51,37,24,113,0.68,0.753333333333,0.246666666667,0.32,0.579545454545,0.68,0.625766871166,0.728888888889,0.536296296296,0.415335463259,0.418597604959,0.433333333333,106,31,75,0,106,0,31,0,75,21,106,0.252380952381,1.98147951821,10.0952380952,7.57142857143,5.3,3.5903309305,0.355645988398,0.177897574124,5.04456331585,0.999394619178,0.535489667565,3.93034591959,0.778653436899,0.415094339623,0.785936912158,0.396641451468,2.18653061224,1.98147951821,0.785936912158,2.18653061224,0.456493016787,0.454374412041,161,0.121052631579,0.398438786394,21,21,21,1,0,0.333333333333,0.619047619048,0.047619047619,21,119,0.283333333333,2.24537633788,11.3333333333,7.93333333333,5.66666666667,4.98330546258,0.439703423168,0.236494597839,5.5437652668,0.97831151767,0.533013205282,3.32164617823,0.586172854981,0.311324529812,0.861863576874,0.383839253284,2.19713037006,2.24537633788,0.861863576874,2.19713037006,0.644083523075,0.561388653683,221,0.166165413534,0.301178661216,21,21,21,1,0,0.285714285714,0.714285714286,0,13,0.0309523809524,0.263896819665,1.2380952381,0.361904761905,0.366666666667,1.39297453208,0.0840574347702,0.0585970237151,0.499201950946,-0.0210831015079,-0.00247646228303,-0.60869974136,-0.192480581918,-0.103769809811,0.075926664716,-0.0128021981833,0.0105997578179,0.263896819665,0.075926664716,0.0105997578179,0.187590506288,0.107014241642,60,0.0451127819549,-0.0972601251776,-0.047619047619,0.0952380952381,-0.047619047619,82,37,24,277,0.77358490566,0.882165605096,0.117834394904,0.22641509434,0.689075630252,0.77358490566,0.728888888889,0.632120195435,0.655750510756,0.573426573427,88,75,0,0,0,0
114,WLNM_dir_neg,0.75,0.512375611499,00:00:02,10,30,14,1287778205,fixed,0.5,0.5625,0.72,0.631578947368,54,42,21,108,0.72,0.72,0.28,0.28,0.5625,0.72,0.631578947368,0.72,0.524444444444,0.411214953271,0.419371068415,0.44,106,31,75,0,106,0,31,0,75,21,106,0.252380952381,1.98147951821,10.0952380952,7.57142857143,5.3,3.5903309305,0.355645988398,0.177897574124,5.04456331585,0.999394619178,0.535489667565,3.93034591959,0.778653436899,0.415094339623,0.785936912158,0.396641451468,2.18653061224,1.98147951821,0.785936912158,2.18653061224,0.456493016787,0.454374412041,161,0.121052631579,0.398438786394,21,21,21,1,0,0.333333333333,0.619047619048,0.047619047619,21,127,0.302380952381,2.52992162269,12.0952380952,8.46666666667,6.04761904762,4.07314082625,0.336755737603,0.177727784027,5.4541377914,0.90186530409,0.496437945257,3.32379587936,0.549604043043,0.304461942257,1.09228707778,0.431747398014,3.18570325721,2.52992162269,1.09228707778,3.18570325721,0.585084033613,0.569927243331,235,0.176691729323,0.298614557261,21,21,21,1,0,0.285714285714,0.714285714286,0,21,0.05,0.548442104476,2,0.895238095238,0.747619047619,0.482809895755,-0.0188902507947,-0.000169790096993,0.409574475554,-0.0975293150874,-0.0390517223083,-0.606550040232,-0.229049393856,-0.110632397365,0.306350165619,0.0351059465466,0.999172644961,0.548442104476,0.306350165619,0.999172644961,0.128591016826,0.115552831289,74,0.0556390977444,-0.0998242291327,-0.047619047619,0.0952380952381,-0.047619047619,85,42,21,272,0.801886792453,0.866242038217,0.133757961783,0.198113207547,0.669291338583,0.801886792453,0.729613733906,0.631891187406,0.668128830669,0.574324324324,96,75,0,0,0,0
115,WLNM_dir_neg,0.752977777778,0.418423044185,00:00:02,10,30,15,1287778206,fixed,0.5,0.604938271605,0.653333333333,0.628205128205,49,32,26,118,0.653333333333,0.786666666667,0.213333333333,0.346666666667,0.604938271605,0.653333333333,0.628205128205,0.742222222222,0.546666666667,0.43137254902,0.432120810725,0.44,106,31,75,0,106,0,31,0,75,21,106,0.252380952381,1.98147951821,10.0952380952,7.57142857143,5.3,3.5903309305,0.355645988398,0.177897574124,5.04456331585,0.999394619178,0.535489667565,3.93034591959,0.778653436899,0.415094339623,0.785936912158,0.396641451468,2.18653061224,1.98147951821,0.785936912158,2.18653061224,0.456493016787,0.454374412041,161,0.121052631579,0.398438786394,21,21,21,1,0,0.333333333333,0.619047619048,0.047619047619,21,112,0.266666666667,2.15512059045,10.6666666667,8,5.33333333333,5.26624470884,0.493710441453,0.269982993197,6.01941303894,1.1286399448,0.594387755102,3.00555042103,0.563540703942,0.307823129252,0.892264240966,0.414020563359,2.1284572207,2.15512059045,0.892264240966,2.1284572207,0.708003955273,0.612031386225,234,0.175939849624,0.262498597487,21,21,21,1,0,0.333333333333,0.666666666667,0,6,0.0142857142857,0.17364107224,0.571428571429,0.428571428571,0.0333333333333,1.67591377834,0.138064453055,0.0920854190733,0.974849723088,0.129245325623,0.0588980875369,-0.924795498561,-0.215112732957,-0.107271210371,0.106327328808,0.0173791118912,-0.0580733915437,0.17364107224,0.106327328808,-0.0580733915437,0.251510938486,0.157656974184,73,0.0548872180451,-0.135940188906,0,0.047619047619,-0.047619047619,80,32,26,282,0.754716981132,0.898089171975,0.101910828025,0.245283018868,0.714285714286,0.754716981132,0.733944954128,0.641235601349,0.652806153107,0.579710144928,81,75,0,0,0,0
116,WLNM_dir_neg,0.781333333333,0.485593299532,00:00:02,10,30,16,1287778207,fixed,0.5,0.649350649351,0.666666666667,0.657894736842,50,27,25,123,0.666666666667,0.82,0.18,0.333333333333,0.649350649351,0.666666666667,0.657894736842,0.768888888889,0.552592592593,0.483443708609,0.483539149201,0.486666666667,106,31,75,0,106,0,31,0,75,21,106,0.252380952381,1.98147951821,10.0952380952,7.57142857143,5.3,3.5903309305,0.355645988398,0.177897574124,5.04456331585,0.999394619178,0.535489667565,3.93034591959,0.778653436899,0.415094339623,0.785936912158,0.396641451468,2.18653061224,1.98147951821,0.785936912158,2.18653061224,0.456493016787,0.454374412041,161,0.121052631579,0.398438786394,21,21,21,1,0,0.333333333333,0.619047619048,0.047619047619,21,108,0.257142857143,2.29838615069,10.2857142857,7.71428571429,5.4,5.24540615342,0.509970042693,0.274250440917,5.82482372511,1.13260461322,0.596119929453,3.10299394595,0.603359933934,0.333333333333,1.00235888343,0.43611422003,2.25849288563,2.36330545822,0.98205932123,2.25849288563,0.649266044413,0.571294559099,203,0.152631578947,0.259725818595,21,20,20,0.952380952381,0,0.285714285714,0.666666666667,0,2,0.0047619047619,0.316906632472,0.190476190476,0.142857142857,0.1,1.65507522292,0.154324054295,0.0963528667931,0.780260409257,0.133209994037,0.0606302618881,-0.827351973643,-0.175293502966,-0.0817610062893,0.216421971276,0.0394727685622,0.0719622733871,0.381825940006,0.196122409072,0.0719622733871,0.192773027626,0.116920147058,42,0.0315789473684,-0.138712967799,-0.047619047619,0.047619047619,-0.047619047619,81,27,25,287,0.764150943396,0.914012738854,0.0859872611465,0.235849056604,0.75,0.764150943396,0.757009345794,0.674004987404,0.67816368225,0.609022556391,77,75,0,0,0,0
117,WLNM_dir_neg,0.707911111111,0.387435088687,00:00:02,10,30,17,1287778208,fixed,0.5,0.5,0.693333333333,0.581005586592,52,52,23,98,0.693333333333,0.653333333333,0.346666666667,0.306666666667,0.5,0.693333333333,0.581005586592,0.666666666667,0.512592592593,0.316109422492,0.327777388679,0.346666666667,106,31,75,0,106,0,31,0,75,21,106,0.252380952381,1.98147951821,10.0952380952,7.57142857143,5.3,3.5903309305,0.355645988398,0.177897574124,5.04456331585,0.999394619178,0.535489667565,3.93034591959,0.778653436899,0.415094339623,0.785936912158,0.396641451468,2.18653061224,1.98147951821,0.785936912158,2.18653061224,0.456493016787,0.454374412041,161,0.121052631579,0.398438786394,21,21,21,1,0,0.333333333333,0.619047619048,0.047619047619,21,135,0.321428571429,15.1927967029,12.8571428571,7.10526315789,6.42857142857,5.3692244718,0.417606347807,0.232451499118,5.12417240705,0.797093485541,0.440917107584,3.17129986869,0.493313312907,0.27442680776,5.02414130284,0.330692327495,17.9409177212,15.1927967029,5.02414130284,17.9409177212,0.686685933115,0.637759017652,277,0.208270676692,0.202220068539,21,21,21,1,0,0.0952380952381,0.904761904762,0,29,0.0690476190476,13.2113171847,2.7619047619,-0.466165413534,1.12857142857,1.7788935413,0.0619603594084,0.0545539249942,0.0796090911971,-0.202301133637,-0.0945725599814,-0.759046050899,-0.285340123992,-0.140667531863,4.23820439068,-0.0659491239724,15.754387109,13.2113171847,4.23820439068,15.754387109,0.230192916327,0.18338460561,116,0.0872180451128,-0.196218717855,-0.238095238095,0.285714285714,-0.047619047619,83,52,23,262,0.783018867925,0.834394904459,0.165605095541,0.216981132075,0.614814814815,0.783018867925,0.688796680498,0.574254960378,0.617413772383,0.525316455696,104,75,0,0,0,0
118,WLNM_dir_neg,0.705466666667,0.434752482188,00:00:02,10,30,18,1287778209,fixed,0.5,0.52,0.693333333333,0.594285714286,52,48,23,102,0.693333333333,0.68,0.32,0.306666666667,0.52,0.693333333333,0.594285714286,0.684444444444,0.518518518519,0.344615384615,0.354175097939,0.373333333333,106,31,75,0,106,0,31,0,75,21,106,0.252380952381,1.98147951821,10.0952380952,7.57142857143,5.3,3.5903309305,0.355645988398,0.177897574124,5.04456331585,0.999394619178,0.535489667565,3.93034591959,0.778653436899,0.415094339623,0.785936912158,0.396641451468,2.18653061224,1.98147951821,0.785936912158,2.18653061224,0.456493016787,0.454374412041,161,0.121052631579,0.398438786394,21,21,21,1,0,0.333333333333,0.619047619048,0.047619047619,21,131,0.311904761905,4.46041620769,12.4761904762,7.70588235294,6.2380952381,4.73939919841,0.37987550827,0.203198836787,5.68247095817,0.910930458944,0.489276626681,2.79114245256,0.447435049647,0.247909850963,1.88996957473,0.423720452696,5.57307345363,4.46041620769,1.88996957473,5.57307345363,0.63147938274,0.590015128593,260,0.195488721805,0.21418745251,21,21,21,1,0,0.190476190476,0.809523809524,0,25,0.0595238095238,2.47893668948,2.38095238095,0.134453781513,0.938095238095,1.14906826792,0.0242295198714,0.0253012626626,0.637907642323,-0.0884641602341,-0.0462130408839,-1.13920346703,-0.331218387253,-0.167184488659,1.10403266258,0.027079001228,3.38654284139,2.47893668948,1.10403266258,3.38654284139,0.174986365953,0.135640716552,99,0.0744360902256,-0.184251333884,-0.142857142857,0.190476190476,-0.047619047619,83,48,23,266,0.783018867925,0.847133757962,0.152866242038,0.216981132075,0.63358778626,0.783018867925,0.700421940928,0.590852310006,0.630152625886,0.538961038961,100,75,0,0,0,0
119,WLNM_dir_neg,0.725377777778,0.346801146828,00:00:01,10,30,19,1287778210,fixed,0.5,0.534090909091,0.626666666667,0.576687116564,47,41,28,109,0.626666666667,0.726666666667,0.273333333333,0.373333333333,0.534090909091,0.626666666667,0.576687116564,0.693333333333,0.536296296296,0.338658146965,0.34131804712,0.353333333333,106,31,75,0,106,0,31,0,75,21,106,0.252380952381,1.98147951821,10.0952380952,7.57142857143,5.3,3.5903309305,0.355645988398,0.177897574124,5.04456331585,0.999394619178,0.535489667565,3.93034591959,0.778653436899,0.415094339623,0.785936912158,0.396641451468,2.18653061224,1.98147951821,0.785936912158,2.18653061224,0.456493016787,0.454374412041,161,0.121052631579,0.398438786394,21,21,21,1,0,0.333333333333,0.619047619048,0.047619047619,21,119,0.283333333333,3.20579322712,11.3333333333,7,5.66666666667,5.24722148697,0.462990131203,0.25650260104,5.93576729104,1.04748834548,0.551420568227,2.78088714862,0.490744790932,0.261704681873,1.26618234334,0.394966940669,3.30494978017,3.20579322712,1.26618234334,3.30494978017,0.704313132851,0.635652853792,271,0.203759398496,0.219596534755,21,21,21,1,0,0.190476190476,0.809523809524,0,13,0.0309523809524,1.22431370891,1.2380952381,-0.571428571429,0.366666666667,1.65689055648,0.107344142805,0.0786050269164,0.891203975186,0.0480937262991,0.0159309006622,-1.14945877097,-0.287908645967,-0.15338965775,0.480245431178,-0.00167451079827,1.11841916793,1.22431370891,0.480245431178,1.11841916793,0.247820116064,0.181278441751,110,0.0827067669173,-0.178842251639,-0.142857142857,0.190476190476,-0.047619047619,78,41,28,273,0.735849056604,0.869426751592,0.130573248408,0.264150943396,0.655462184874,0.735849056604,0.693333333333,0.583464375389,0.605275808196,0.530612244898,88,75,0,0,0,0
120,WLNM_dir_neg,0.758311111111,0.461094416369,00:00:02,10,30,20,1287778211,fixed,0.5,0.555555555556,0.733333333333,0.632183908046,55,44,20,106,0.733333333333,0.706666666667,0.293333333333,0.266666666667,0.555555555556,0.733333333333,0.632183908046,0.715555555556,0.52,0.407407407407,0.417855447019,0.44,106,31,75,0,106,0,31,0,75,21,106,0.252380952381,1.98147951821,10.0952380952,7.57142857143,5.3,3.5903309305,0.355645988398,0.177897574124,5.04456331585,0.999394619178,0.535489667565,3.93034591959,0.778653436899,0.415094339623,0.785936912158,0.396641451468,2.18653061224,1.98147951821,0.785936912158,2.18653061224,0.456493016787,0.454374412041,161,0.121052631579,0.398438786394,21,21,21,1,0,0.333333333333,0.619047619048,0.047619047619,21,130,0.309523809524,1.86966127541,12.380952381,11.8181818182,6.19047619048,6.0371863519,0.487618897654,0.27032967033,6.87472943191,1.11053321592,0.578754578755,2.06443812257,0.333486158261,0.181684981685,0.86898689797,0.464783064932,1.90585762104,1.86966127541,0.86898689797,1.90585762104,0.762148651224,0.658536585366,315,0.236842105263,0.398851381052,21,21,21,1,0,0.47619047619,0.52380952381,0,24,0.0571428571429,-0.111818242803,2.28571428571,4.24675324675,0.890476190476,2.44685542141,0.131972909256,0.0924320962057,1.83016611606,0.111138596745,0.0432649111894,-1.86590779702,-0.445167278639,-0.233409357938,0.0830499858122,0.0681416134642,-0.280672991201,-0.111818242803,0.0830499858122,-0.280672991201,0.305655634437,0.204162173324,154,0.115789473684,0.000412594657808,0.142857142857,-0.0952380952381,-0.047619047619,86,44,20,270,0.811320754717,0.859872611465,0.140127388535,0.188679245283,0.661538461538,0.811320754717,0.728813559322,0.630659202098,0.671193366182,0.573333333333,99,75,0,0,0,0
121,WLNM_dir_neg,0.671422222222,0.420631279303,00:00:02,10,30,21,1287778212,fixed,0.5,0.43956043956,0.533333333333,0.481927710843,40,51,35,99,0.533333333333,0.66,0.34,0.466666666667,0.43956043956,0.533333333333,0.481927710843,0.617777777778,0.531851851852,0.183544303797,0.185699145243,0.193333333333,106,31,75,0,106,0,31,0,75,21,106,0.252380952381,1.98147951821,10.0952380952,7.57142857143,5.3,3.5903309305,0.355645988398,0.177897574124,5.04456331585,0.999394619178,0.535489667565,3.93034591959,0.778653436899,0.415094339623,0.785936912158,0.396641451468,2.18653061224,1.98147951821,0.785936912158,2.18653061224,0.456493016787,0.454374412041,161,0.121052631579,0.398438786394,21,21,21,1,0,0.333333333333,0.619047619048,0.047619047619,21,122,0.290476190476,2.96619030086,11.619047619,8.13333333333,5.80952380952,5.23904753248,0.450901631894,0.250585480094,5.87042628451,1.01048321291,0.537861046058,2.71328302282,0.467040520321,0.256830601093,1.40219279496,0.472725163504,3.59955394413,2.96619030086,1.40219279496,3.59955394413,0.715980183837,0.628955696203,265,0.199248120301,0.234086482178,21,21,21,1,0,0.285714285714,0.714285714286,0,16,0.0380952380952,0.984710782644,1.52380952381,0.561904761905,0.509523809524,1.64871660199,0.0952556434959,0.0726879059697,0.825862968663,0.0110885937302,0.00237137849263,-1.21706289677,-0.311612916579,-0.15826373853,0.6162558828,0.0760837120366,1.41302333189,0.984710782644,0.6162558828,1.41302333189,0.25948716705,0.174581284161,104,0.0781954887218,-0.164352304216,-0.047619047619,0.0952380952381,-0.047619047619,71,51,35,263,0.669811320755,0.837579617834,0.162420382166,0.330188679245,0.581967213115,0.669811320755,0.622807017544,0.485481199449,0.507390938589,0.452229299363,91,75,0,0,0,0
122,WLNM_dir_neg,0.753422222222,0.44074829103,00:00:02,10,30,22,1287778213,fixed,0.5,0.58064516129,0.72,0.642857142857,54,39,21,111,0.72,0.74,0.26,0.28,0.58064516129,0.72,0.642857142857,0.733333333333,0.528888888889,0.433962264151,0.440357759114,0.46,106,31,75,0,106,0,31,0,75,21,106,0.252380952381,1.98147951821,10.0952380952,7.57142857143,5.3,3.5903309305,0.355645988398,0.177897574124,5.04456331585,0.999394619178,0.535489667565,3.93034591959,0.778653436899,0.415094339623,0.785936912158,0.396641451468,2.18653061224,1.98147951821,0.785936912158,2.18653061224,0.456493016787,0.454374412041,161,0.121052631579,0.398438786394,21,21,21,1,0,0.333333333333,0.619047619048,0.047619047619,21,124,0.295238095238,2.58133663151,11.8095238095,7.29411764706,6.2,4.1906926351,0.35485703765,0.190092165899,5.58484343473,0.945820259108,0.509216589862,4.04851530693,0.685635656819,0.37019969278,0.957412967983,0.370898144898,2.99251557511,2.58133663151,0.957412967983,2.99251557511,0.645885012902,0.599565532223,276,0.207518796992,0.313687120167,21,21,21,1,0,0.190476190476,0.761904761905,0.047619047619,18,0.0428571428571,0.599857113295,1.71428571429,-0.27731092437,0.9,0.600361704607,-0.000788950748355,0.0121945917746,0.540280118883,-0.0535743600699,-0.0262730777034,0.118169387346,-0.09301778008,-0.0448946468423,0.171476055825,-0.02574330657,0.805984962869,0.599857113295,0.171476055825,0.805984962869,0.189391996115,0.145191120182,115,0.0864661654135,-0.0847516662271,-0.142857142857,0.142857142857,0,85,39,21,275,0.801886792453,0.875796178344,0.124203821656,0.198113207547,0.685483870968,0.801886792453,0.739130434783,0.64533858299,0.677682970797,0.586206896552,93,75,0,0,0,0
123,WLNM_dir_neg,0.721555555556,0.513995066392,00:00:02,10,30,23,1287778214,fixed,0.5,0.52808988764,0.626666666667,0.573170731707,47,42,28,108,0.626666666667,0.72,0.28,0.373333333333,0.52808988764,0.626666666667,0.573170731707,0.688888888889,0.534814814815,0.331210191083,0.334213422874,0.346666666667,106,31,75,0,106,0,31,0,75,21,106,0.252380952381,1.98147951821,10.0952380952,7.57142857143,5.3,3.5903309305,0.355645988398,0.177897574124,5.04456331585,0.999394619178,0.535489667565,3.93034591959,0.778653436899,0.415094339623,0.785936912158,0.396641451468,2.18653061224,1.98147951821,0.785936912158,2.18653061224,0.456493016787,0.454374412041,161,0.121052631579,0.398438786394,21,21,21,1,0,0.333333333333,0.619047619048,0.047619047619,21,120,0.285714285714,3.3806062631,11.4285714286,6.66666666667,5.71428571429,4.11790515398,0.360316700973,0.201587301587,5.17825122163,0.906193963785,0.49126984127,3.1327760396,0.54823580693,0.298412698413,1.2357588897,0.365543572226,3.91030087887,3.3806062631,1.2357588897,3.91030087887,0.649840565597,0.585770750988,247,0.185714285714,0.191183047455,21,21,21,1,0,0.142857142857,0.857142857143,0,14,0.0333333333333,1.39912674488,1.33333333333,-0.904761904762,0.414285714286,0.52757422348,0.00467071257472,0.0236897274633,0.133687905777,-0.093200655393,-0.0442198262953,-0.797569879989,-0.23041762997,-0.11668164121,0.449821977546,-0.0310978792413,1.72377026662,1.39912674488,0.449821977546,1.72377026662,0.19334754881,0.131396338947,86,0.0646616541353,-0.207255738938,-0.190476190476,0.238095238095,-0.047619047619,78,42,28,272,0.735849056604,0.866242038217,0.133757961783,0.264150943396,0.65,0.735849056604,0.690265486726,0.578933539176,0.60209109482,0.527027027027,89,75,0,0,0,0
124,WLNM_dir_neg,0.698888888889,0.443426782107,00:00:02,10,30,24,1287778215,fixed,0.5,0.495145631068,0.68,0.573033707865,51,52,24,98,0.68,0.653333333333,0.346666666667,0.32,0.495145631068,0.68,0.573033707865,0.662222222222,0.514074074074,0.30487804878,0.315396216207,0.333333333333,106,31,75,0,106,0,31,0,75,21,106,0.252380952381,1.98147951821,10.0952380952,7.57142857143,5.3,3.5903309305,0.355645988398,0.177897574124,5.04456331585,0.999394619178,0.535489667565,3.93034591959,0.778653436899,0.415094339623,0.785936912158,0.396641451468,2.18653061224,1.98147951821,0.785936912158,2.18653061224,0.456493016787,0.454374412041,161,0.121052631579,0.398438786394,21,21,21,1,0,0.333333333333,0.619047619048,0.047619047619,21,134,0.319047619048,3.98886924973,12.7619047619,8.375,6.38095238095,5.07843245406,0.3979368714,0.220682302772,5.81787066268,0.911755850121,0.496090973703,3.02450310756,0.473989292975,0.262970859986,1.89184854561,0.47428191479,5.37240454173,3.98886924973,1.89184854561,5.37240454173,0.62077882435,0.604768786127,279,0.20977443609,0.268772711493,21,21,21,1,0,0.238095238095,0.761904761905,0,28,0.0666666666667,2.00738973152,2.66666666667,0.803571428571,1.08095238095,1.48810152357,0.0422908830022,0.0427847286479,0.773307346825,-0.087638769057,-0.0393986938622,-0.905842812031,-0.304664143924,-0.152123479637,1.10591163345,0.0776404633221,3.18587392949,2.00738973152,1.10591163345,3.18587392949,0.164285807563,0.150394374086,118,0.0887218045113,-0.129666074901,-0.0952380952381,0.142857142857,-0.047619047619,82,52,24,262,0.77358490566,0.834394904459,0.165605095541,0.22641509434,0.611940298507,0.77358490566,0.683333333333,0.566593383058,0.607979810119,0.518987341772,103,75,0,0,0,0
125,WLNM_dir_neg,0.771955555556,0.540066677647,00:00:02,10,30,25,1287778216,fixed,0.5,0.5,0.746666666667,0.598930481283,56,56,19,94,0.746666666667,0.626666666667,0.373333333333,0.253333333333,0.5,0.746666666667,0.598930481283,0.666666666667,0.500740740741,0.33234421365,0.351985518608,0.373333333333,106,31,75,0,106,0,31,0,75,21,106,0.252380952381,1.98147951821,10.0952380952,7.57142857143,5.3,3.5903309305,0.355645988398,0.177897574124,5.04456331585,0.999394619178,0.535489667565,3.93034591959,0.778653436899,0.415094339623,0.785936912158,0.396641451468,2.18653061224,1.98147951821,0.785936912158,2.18653061224,0.456493016787,0.454374412041,161,0.121052631579,0.398438786394,21,21,21,1,0,0.333333333333,0.619047619048,0.047619047619,21,143,0.340476190476,6.08631255623,13.619047619,8.41176470588,6.80952380952,5.41734427996,0.39777702755,0.221778221778,5.92130937901,0.869562915798,0.47952047952,2.54202768708,0.373304765236,0.200466200466,2.90796683804,0.477787956365,8.37249712536,6.08631255623,2.90796683804,8.37249712536,0.678020913105,0.63564781675,296,0.222556390977,0.235521106563,21,21,21,1,0,0.190476190476,0.809523809524,0,37,0.0880952380952,4.10483303801,3.52380952381,0.840336134454,1.50952380952,1.82701334946,0.0421310391513,0.0438806476542,0.876746063156,-0.12983170338,-0.0559691880447,-1.3883182325,-0.405348671663,-0.214628139156,2.12202992588,0.081146504897,6.18596651312,4.10483303801,2.12202992588,6.18596651312,0.221527896318,0.181273404709,135,0.101503759398,-0.162917679831,-0.142857142857,0.190476190476,-0.047619047619,87,56,19,258,0.820754716981,0.821656050955,0.178343949045,0.179245283019,0.608391608392,0.820754716981,0.698795180723,0.588874387159,0.642410767937,0.537037037037,112,75,0,0,0,0
126,WLNM_dir_neg,0.761111111111,0.549981641995,00:00:02,10,30,26,1287778217,fixed,0.5,0.555555555556,0.6,0.576923076923,45,36,30,114,0.6,0.76,0.24,0.4,0.555555555556,0.6,0.576923076923,0.706666666667,0.546666666667,0.352941176471,0.353553390593,0.36,106,31,75,0,106,0,31,0,75,21,106,0.252380952381,1.98147951821,10.0952380952,7.57142857143,5.3,3.5903309305,0.355645988398,0.177897574124,5.04456331585,0.999394619178,0.535489667565,3.93034591959,0.778653436899,0.415094339623,0.785936912158,0.396641451468,2.18653061224,1.98147951821,0.785936912158,2.18653061224,0.456493016787,0.454374412041,161,0.121052631579,0.398438786394,21,21,21,1,0,0.333333333333,0.619047619048,0.047619047619,21,112,0.266666666667,2.32050503678,10.6666666667,7.46666666667,5.33333333333,4.98330546258,0.467184887116,0.25637755102,5.4893836934,1.02925944251,0.551870748299,3.32164617823,0.622808658418,0.331632653061,0.933725074702,0.402380111184,2.44171698925,2.32050503678,0.933725074702,2.44171698925,0.678412043262,0.6,231,0.173684210526,0.283379828192,21,21,21,1,0,0.285714285714,0.714285714286,0,6,0.0142857142857,0.339025518563,0.571428571429,-0.104761904762,0.0333333333333,1.39297453208,0.111538898718,0.0784799768964,0.444820377547,0.0298648233341,0.0163810807342,-0.60869974136,-0.155844778482,-0.0834616865614,0.147788162544,0.00573865971659,0.255186377002,0.339025518563,0.147788162544,0.255186377002,0.221919026475,0.145625587959,70,0.0526315789474,-0.115058958202,-0.047619047619,0.0952380952381,-0.047619047619,76,36,30,278,0.716981132075,0.885350318471,0.114649681529,0.283018867925,0.678571428571,0.716981132075,0.697247706422,0.59165552908,0.602331450547,0.535211267606,81,75,0,0,0,0
127,WLNM_dir_neg,0.710577777778,0.550776383747,00:00:02,10,30,27,1287778218,fixed,0.5,0.511111111111,0.613333333333,0.557575757576,46,44,29,106,0.613333333333,0.706666666667,0.293333333333,0.386666666667,0.511111111111,0.613333333333,0.557575757576,0.675555555556,0.533333333333,0.304761904762,0.307920143568,0.32,106,31,75,0,106,0,31,0,75,21,106,0.252380952381,1.98147951821,10.0952380952,7.57142857143,5.3,3.5903309305,0.355645988398,0.177897574124,5.04456331585,0.999394619178,0.535489667565,3.93034591959,0.778653436899,0.415094339623,0.785936912158,0.396641451468,2.18653061224,1.98147951821,0.785936912158,2.18653061224,0.456493016787,0.454374412041,161,0.121052631579,0.398438786394,21,21,21,1,0,0.333333333333,0.619047619048,0.047619047619,21,121,0.288095238095,3.28190636772,11.5238095238,6.36842105263,6.05,4.45666969405,0.386735799897,0.212514757969,5.28114345483,0.916562087202,0.491145218418,3.54830610158,0.615821720108,0.340023612751,1.16173299158,0.353981150409,4.29519761397,3.28190636772,1.16173299158,4.29519761397,0.582509095324,0.568791946309,226,0.16992481203,0.215697825566,21,21,21,1,0,0.0952380952381,0.857142857143,0.047619047619,15,0.0357142857143,1.3004268495,1.42857142857,-1.2030075188,0.75,0.866338763559,0.0310898114991,0.0346171838453,0.236580138978,-0.0828325319762,-0.0443444491472,-0.382039818012,-0.162831716791,-0.0750707268718,0.375796079421,-0.0426603010584,2.10866700173,1.3004268495,0.375796079421,2.10866700173,0.126016078537,0.114417534267,65,0.0488721804511,-0.182740960828,-0.238095238095,0.238095238095,0,77,44,29,270,0.72641509434,0.859872611465,0.140127388535,0.27358490566,0.636363636364,0.72641509434,0.678414096916,0.562341667888,0.586287705805,0.513333333333,90,75,0,0,0,0
128,WLNM_dir_neg,0.776711111111,0.340581350372,00:00:02,10,30,28,1287778219,fixed,0.5,0.552083333333,0.706666666667,0.619883040936,53,43,22,107,0.706666666667,0.713333333333,0.286666666667,0.293333333333,0.552083333333,0.706666666667,0.619883040936,0.711111111111,0.524444444444,0.392523364486,0.400308747123,0.42,106,31,75,0,106,0,31,0,75,21,106,0.252380952381,1.98147951821,10.0952380952,7.57142857143,5.3,3.5903309305,0.355645988398,0.177897574124,5.04456331585,0.999394619178,0.535489667565,3.93034591959,0.778653436899,0.415094339623,0.785936912158,0.396641451468,2.18653061224,1.98147951821,0.785936912158,2.18653061224,0.456493016787,0.454374412041,161,0.121052631579,0.398438786394,21,21,21,1,0,0.333333333333,0.619047619048,0.047619047619,21,127,0.302380952381,3.48734069122,12.0952380952,7.47058823529,6.04761904762,5.05870301465,0.418239225621,0.232845894263,5.68749672946,0.940452215108,0.512185976753,2.6735031415,0.442075322611,0.243719535058,1.48934099668,0.427070690407,4.41430911526,3.48734069122,1.48934099668,4.41430911526,0.667037288886,0.660941000747,295,0.221804511278,0.205712083703,21,21,21,1,0,0.190476190476,0.809523809524,0,21,0.05,1.50586117301,2,-0.100840336134,0.747619047619,1.46837208416,0.0625932372229,0.0549483201392,0.64293341361,-0.0589424040702,-0.0233036908122,-1.25684277809,-0.336578114289,-0.171374804565,0.703404084527,0.0304292389394,2.22777850301,1.50586117301,0.703404084527,2.22777850301,0.210544272099,0.206566588705,134,0.100751879699,-0.19272670269,-0.142857142857,0.190476190476,-0.047619047619,84,43,22,271,0.792452830189,0.863057324841,0.136942675159,0.207547169811,0.661417322835,0.792452830189,0.721030042918,0.619956917296,0.655510155029,0.563758389262,96,75,0,0,0,0
129,WLNM_dir_neg,0.729155555556,0.368071155225,00:00:03,10,30,29,1287778220,fixed,0.5,0.54347826087,0.666666666667,0.59880239521,50,42,25,108,0.666666666667,0.72,0.28,0.333333333333,0.54347826087,0.666666666667,0.59880239521,0.702222222222,0.53037037037,0.365930599369,0.370760331313,0.386666666667,106,31,75,0,106,0,31,0,75,21,106,0.252380952381,1.98147951821,10.0952380952,7.57142857143,5.3,3.5903309305,0.355645988398,0.177897574124,5.04456331585,0.999394619178,0.535489667565,3.93034591959,0.778653436899,0.415094339623,0.785936912158,0.396641451468,2.18653061224,1.98147951821,0.785936912158,2.18653061224,0.456493016787,0.454374412041,161,0.121052631579,0.398438786394,21,21,21,1,0,0.333333333333,0.619047619048,0.047619047619,21,123,0.292857142857,3.84754854928,11.7142857143,7.6875,5.85714285714,4.95119033307,0.422662589408,0.226480836237,5.94378426834,1.01479243606,0.542005420054,2.92037179629,0.498600062781,0.274099883856,1.88171408915,0.48906831585,6.02516977445,3.84754854928,1.88171408915,6.02516977445,0.61786680566,0.564308681672,234,0.175939849624,0.233511976392,21,21,21,1,0,0.238095238095,0.761904761905,0,17,0.0404761904762,1.86606903106,1.61904761905,0.116071428571,0.557142857143,1.36085940257,0.0670166010102,0.0485832621129,0.899220952491,0.0153978168803,0.00651575248906,-1.0099741233,-0.280053374118,-0.140994455767,1.09577717699,0.0924268643827,3.83863916221,1.86606903106,1.09577717699,3.83863916221,0.161373788873,0.109934269631,73,0.0548872180451,-0.164926810002,-0.0952380952381,0.142857142857,-0.047619047619,81,42,25,272,0.764150943396,0.866242038217,0.133757961783,0.235849056604,0.658536585366,0.764150943396,0.707423580786,0.601725401873,0.630392981613,0.547297297297,92,75,0,0,0,0
130,WLNM_dir_neg,0.766222222222,0.610597008487,00:00:02,10,30,30,1287778221,fixed,0.5,0.567010309278,0.733333333333,0.639534883721,55,42,20,108,0.733333333333,0.72,0.28,0.266666666667,0.567010309278,0.733333333333,0.639534883721,0.724444444444,0.522962962963,0.422360248447,0.431522120182,0.453333333333,106,31,75,0,106,0,31,0,75,21,106,0.252380952381,1.98147951821,10.0952380952,7.57142857143,5.3,3.5903309305,0.355645988398,0.177897574124,5.04456331585,0.999394619178,0.535489667565,3.93034591959,0.778653436899,0.415094339623,0.785936912158,0.396641451468,2.18653061224,1.98147951821,0.785936912158,2.18653061224,0.456493016787,0.454374412041,161,0.121052631579,0.398438786394,21,21,21,1,0,0.333333333333,0.619047619048,0.047619047619,21,128,0.304761904762,1,12.1904761905,6.73684210526,6.09523809524,4.83341543444,0.396491109857,0.213169642857,5.92372148151,0.97186055556,0.516369047619,3.26962936592,0.536423567846,0.28943452381,0,0,0,NaN,NaN,NaN,0.570299124434,0.564950038432,245,0.184210526316,0.228124984695,21,21,0,1,2,0.0952380952381,0.904761904762,0,22,0.052380952381,-0.981479518214,2.09523809524,-0.834586466165,0.795238095238,1.24308450395,0.0408451214584,0.0352720687332,0.879158165658,-0.027534063618,-0.0191206199461,-0.660716553669,-0.242229869053,-0.125659815813,-0.785936912158,-0.396641451468,-2.18653061224,NaN,NaN,NaN,0.113806107647,0.110575626391,84,0.0631578947368,-0.170313801699,-0.238095238095,0.285714285714,-0.047619047619,86,42,20,272,0.811320754717,0.866242038217,0.133757961783,0.188679245283,0.671875,0.811320754717,0.735042735043,0.639397443713,0.677562792934,0.581081081081,97,75,0,0,0,0
131,WLNM_dir_neg,0.692844444444,0.479280718354,00:00:02,10,30,31,1287778222,fixed,0.5,0.518987341772,0.546666666667,0.532467532468,41,38,34,112,0.546666666667,0.746666666667,0.253333333333,0.453333333333,0.518987341772,0.546666666667,0.532467532468,0.68,0.54962962963,0.289473684211,0.289699472966,0.293333333333,106,31,75,0,106,0,31,0,75,21,106,0.252380952381,1.98147951821,10.0952380952,7.57142857143,5.3,3.5903309305,0.355645988398,0.177897574124,5.04456331585,0.999394619178,0.535489667565,3.93034591959,0.778653436899,0.415094339623,0.785936912158,0.396641451468,2.18653061224,1.98147951821,0.785936912158,2.18653061224,0.456493016787,0.454374412041,161,0.121052631579,0.398438786394,21,21,21,1,0,0.333333333333,0.619047619048,0.047619047619,21,110,0.261904761905,6.61280732288,10.4761904762,6.875,5.2380952381,5.98012581489,0.570830191421,0.292207792208,6.04073473929,1.1532311775,0.593939393939,1.84132457499,0.351525600681,0.185281385281,3.80775550087,0.5758152801,10.7104037402,6.61280732288,3.80775550087,10.7104037402,0.704192510031,0.561420345489,195,0.146616541353,0.160475621837,21,21,21,1,0,0.238095238095,0.761904761905,0,4,0.00952380952381,4.63132780466,0.380952380952,-0.696428571429,-0.0619047619048,2.38979488439,0.215184203023,0.114310218084,0.996171423441,0.153836558323,0.0584497263743,-2.08902134459,-0.427127836219,-0.229812954341,3.02181858871,0.179173828632,8.52387312797,4.63132780466,3.02181858871,8.52387312797,0.247699493244,0.107045933448,34,0.0255639097744,-0.237963164557,-0.0952380952381,0.142857142857,-0.047619047619,72,38,34,276,0.679245283019,0.87898089172,0.12101910828,0.320754716981,0.654545454545,0.679245283019,0.666666666667,0.551506662718,0.558226174739,0.5,79,75,0,0,0,0
132,WLNM_dir_neg,0.817422222222,0.421379311646,00:00:02,10,30,32,1287778223,fixed,0.5,0.559633027523,0.813333333333,0.663043478261,61,48,14,102,0.813333333333,0.68,0.32,0.186666666667,0.559633027523,0.813333333333,0.663043478261,0.724444444444,0.505185185185,0.443113772455,0.465344385403,0.493333333333,106,31,75,0,106,0,31,0,75,21,106,0.252380952381,1.98147951821,10.0952380952,7.57142857143,5.3,3.5903309305,0.355645988398,0.177897574124,5.04456331585,0.999394619178,0.535489667565,3.93034591959,0.778653436899,0.415094339623,0.785936912158,0.396641451468,2.18653061224,1.98147951821,0.785936912158,2.18653061224,0.456493016787,0.454374412041,161,0.121052631579,0.398438786394,21,21,21,1,0,0.333333333333,0.619047619048,0.047619047619,21,140,0.333333333333,4.81299000803,13.3333333333,8.23529411765,6.66666666667,4.47586118343,0.335689588757,0.184693877551,5.52569754269,0.828854631404,0.450340136054,3.51188458428,0.526782687643,0.286394557823,1.99292477645,0.414072078505,5.92335269183,4.81299000803,1.99292477645,5.92335269183,0.660600261861,0.634615384615,319,0.23984962406,0.279907734038,21,21,21,1,0,0.190476190476,0.809523809524,0,34,0.0809523809524,2.83151048982,3.2380952381,0.663865546218,1.36666666667,0.885530252934,-0.019956399641,0.00679630342703,0.481134226844,-0.170539987774,-0.0851495315107,-0.418461335303,-0.251870749257,-0.1286997818,1.20698786429,0.0174306270375,3.73682207959,2.83151048982,1.20698786429,3.73682207959,0.204107245074,0.180240972574,158,0.118796992481,-0.118531052355,-0.142857142857,0.190476190476,-0.047619047619,92,48,14,266,0.867924528302,0.847133757962,0.152866242038,0.132075471698,0.657142857143,0.867924528302,0.747967479675,0.658894931644,0.715058286264,0.597402597403,109,75,0,0,0,0
133,WLNM_dir_neg,0.694622222222,0.488388733759,00:00:02,10,30,33,1287778224,fixed,0.5,0.519480519481,0.533333333333,0.526315789474,40,37,35,113,0.533333333333,0.753333333333,0.246666666667,0.466666666667,0.519480519481,0.533333333333,0.526315789474,0.68,0.552592592593,0.284768211921,0.284824430351,0.286666666667,106,31,75,0,106,0,31,0,75,21,106,0.252380952381,1.98147951821,10.0952380952,7.57142857143,5.3,3.5903309305,0.355645988398,0.177897574124,5.04456331585,0.999394619178,0.535489667565,3.93034591959,0.778653436899,0.415094339623,0.785936912158,0.396641451468,2.18653061224,1.98147951821,0.785936912158,2.18653061224,0.456493016787,0.454374412041,161,0.121052631579,0.398438786394,21,21,21,1,0,0.333333333333,0.619047619048,0.047619047619,21,108,0.257142857143,2.52839128836,10.2857142857,7.71428571429,5.14285714286,5.32111696115,0.517330815668,0.27380952381,5.24676771247,1.02020483298,0.544973544974,2.63221796753,0.511820160352,0.280423280423,1.22303835373,0.483721945793,3.41041564127,2.52839128836,1.22303835373,3.41041564127,0.598717591155,0.557053941909,179,0.134586466165,0.243843345262,21,21,21,1,0,0.333333333333,0.666666666667,0,2,0.0047619047619,0.546911770143,0.190476190476,0.142857142857,-0.157142857143,1.73078603066,0.16168482727,0.0959119496855,0.202204396616,0.0208102138016,0.00948387740841,-1.29812795206,-0.266833276547,-0.134671059199,0.437101441572,0.0870804943251,1.22388502903,0.546911770143,0.437101441572,1.22388502903,0.142224574367,0.102679529867,18,0.0135338345865,-0.154595441132,0,0.047619047619,-0.047619047619,71,37,35,277,0.669811320755,0.882165605096,0.117834394904,0.330188679245,0.657407407407,0.669811320755,0.663551401869,0.548592044506,0.55197692585,0.496503496503,77,75,0,0,0,0
134,WLNM_dir_neg,0.711555555556,0.398280454625,00:00:02,10,30,34,1287778225,fixed,0.5,0.462365591398,0.573333333333,0.511904761905,43,50,32,100,0.573333333333,0.666666666667,0.333333333333,0.426666666667,0.462365591398,0.573333333333,0.511904761905,0.635555555556,0.528888888889,0.22641509434,0.22975187432,0.24,106,31,75,0,106,0,31,0,75,21,106,0.252380952381,1.98147951821,10.0952380952,7.57142857143,5.3,3.5903309305,0.355645988398,0.177897574124,5.04456331585,0.999394619178,0.535489667565,3.93034591959,0.778653436899,0.415094339623,0.785936912158,0.396641451468,2.18653061224,1.98147951821,0.785936912158,2.18653061224,0.456493016787,0.454374412041,161,0.121052631579,0.398438786394,21,21,21,1,0,0.333333333333,0.619047619048,0.047619047619,21,124,0.295238095238,2.75585909602,11.8095238095,7.29411764706,5.90476190476,5.29734884276,0.448565829427,0.240399385561,5.62942947291,0.953371120412,0.513824884793,3.60423031873,0.610393844302,0.327956989247,0.992134292634,0.360009078137,2.70545061855,2.75585909602,0.992134292634,2.70545061855,0.667538835761,0.601844734819,261,0.196240601504,0.265304600541,21,21,21,1,0,0.190476190476,0.809523809524,0,18,0.0428571428571,0.774379577805,1.71428571429,-0.27731092437,0.604761904762,1.70701791227,0.0929198410292,0.0625018114367,0.584866157061,-0.0460234987655,-0.0216647827725,-0.326115600854,-0.168259592598,-0.0871373503753,0.206197380477,-0.0366323733301,0.518920006307,0.774379577805,0.206197380477,0.518920006307,0.211045818974,0.147470322778,100,0.0751879699248,-0.133134185853,-0.142857142857,0.190476190476,-0.047619047619,74,50,32,264,0.698113207547,0.84076433121,0.15923566879,0.301886792453,0.596774193548,0.698113207547,0.64347826087,0.513158043293,0.538877538757,0.474358974359,93,75,0,0,0,0
135,WLNM_dir_neg,0.737022222222,0.412417321822,00:00:02,10,30,35,1287778226,fixed,0.5,0.569892473118,0.706666666667,0.630952380952,53,40,22,110,0.706666666667,0.733333333333,0.266666666667,0.293333333333,0.569892473118,0.706666666667,0.630952380952,0.724444444444,0.528888888889,0.415094339623,0.421211769587,0.44,106,31,75,0,106,0,31,0,75,21,106,0.252380952381,1.98147951821,10.0952380952,7.57142857143,5.3,3.5903309305,0.355645988398,0.177897574124,5.04456331585,0.999394619178,0.535489667565,3.93034591959,0.778653436899,0.415094339623,0.785936912158,0.396641451468,2.18653061224,1.98147951821,0.785936912158,2.18653061224,0.456493016787,0.454374412041,161,0.121052631579,0.398438786394,21,21,21,1,0,0.333333333333,0.619047619048,0.047619047619,21,124,0.295238095238,2.0162053951,11.8095238095,9.53846153846,5.90476190476,4.55652331958,0.385834635932,0.210829493088,5.81295761127,0.984452498684,0.515360983103,3.28488602397,0.556311342769,0.310291858679,0.851435341308,0.422295934422,1.92539778261,2.0162053951,0.851435341308,1.92539778261,0.645466477966,0.614296351452,275,0.206766917293,0.359879851335,21,21,21,1,0,0.380952380952,0.619047619048,0,18,0.0428571428571,0.0347258768826,1.71428571429,1.96703296703,0.604761904762,0.966192389087,0.0301886475343,0.0329319189636,0.768394295425,-0.0149421204942,-0.0201286844622,-0.645459895617,-0.22234209413,-0.104802480944,0.0654984291507,0.0256544829541,-0.261132829632,0.0347258768826,0.0654984291507,-0.261132829632,0.188973461179,0.159921939411,114,0.0857142857143,-0.0385589350592,0.047619047619,0,-0.047619047619,84,40,22,274,0.792452830189,0.872611464968,0.127388535032,0.207547169811,0.677419354839,0.792452830189,0.730434782609,0.633322170291,0.665064295157,0.575342465753,93,75,0,0,0,0
136,WLNM_dir_neg,0.776088888889,0.364221609153,00:00:01,10,30,36,1287778227,fixed,0.5,0.571428571429,0.746666666667,0.647398843931,56,42,19,108,0.746666666667,0.72,0.28,0.253333333333,0.571428571429,0.746666666667,0.647398843931,0.728888888889,0.521481481481,0.433436532508,0.443678254708,0.466666666667,106,31,75,0,106,0,31,0,75,21,106,0.252380952381,1.98147951821,10.0952380952,7.57142857143,5.3,3.5903309305,0.355645988398,0.177897574124,5.04456331585,0.999394619178,0.535489667565,3.93034591959,0.778653436899,0.415094339623,0.785936912158,0.396641451468,2.18653061224,1.98147951821,0.785936912158,2.18653061224,0.456493016787,0.454374412041,161,0.121052631579,0.398438786394,21,21,21,1,0,0.333333333333,0.619047619048,0.047619047619,21,129,0.307142857143,4.11056133391,12.2857142857,8.0625,6.14285714286,5.13948302014,0.418330013267,0.229605020303,5.81623344,0.946828699535,0.504983388704,3.95329880335,0.643560270313,0.355112587671,1.92662875057,0.468702105155,5.99180689615,4.11056133391,1.92662875057,5.99180689615,0.667413198052,0.611271676301,282,0.212030075188,0.335576822487,21,21,21,1,0,0.238095238095,0.761904761905,0,23,0.0547619047619,2.12908181569,2.19047619048,0.491071428571,0.842857142857,1.54915208964,0.0626840248689,0.0517074461787,0.77167012415,-0.052565919643,-0.0305062788608,0.0229528837627,-0.135093166587,-0.0599817519519,1.14069183841,0.072060653687,3.80527628391,2.12908181569,1.14069183841,3.80527628391,0.210920181265,0.156897264259,121,0.090977443609,-0.0628619639072,-0.0952380952381,0.142857142857,-0.047619047619,87,42,19,272,0.820754716981,0.866242038217,0.133757961783,0.179245283019,0.674418604651,0.820754716981,0.740425531915,0.646890975974,0.686996755198,0.587837837838,98,75,0,0,0,0
137,WLNM_dir_neg,0.754222222222,0.555157175191,00:00:02,10,30,37,1287778228,fixed,0.5,0.538461538462,0.746666666667,0.625698324022,56,48,19,102,0.746666666667,0.68,0.32,0.253333333333,0.538461538462,0.746666666667,0.625698324022,0.702222222222,0.512592592593,0.38905775076,0.403418324527,0.426666666667,106,31,75,0,106,0,31,0,75,21,106,0.252380952381,1.98147951821,10.0952380952,7.57142857143,5.3,3.5903309305,0.355645988398,0.177897574124,5.04456331585,0.999394619178,0.535489667565,3.93034591959,0.778653436899,0.415094339623,0.785936912158,0.396641451468,2.18653061224,1.98147951821,0.785936912158,2.18653061224,0.456493016787,0.454374412041,161,0.121052631579,0.398438786394,21,21,21,1,0,0.333333333333,0.619047619048,0.047619047619,21,135,0.321428571429,3.19043704688,12.8571428571,7.94117647059,6.42857142857,4.36217508,0.339280284,0.184479717813,5.11440542557,0.795574177312,0.433862433862,3.9442544108,0.613550686125,0.340740740741,1.26105049248,0.395259481366,3.49877367132,3.19043704688,1.26105049248,3.49877367132,0.592900781136,0.584671532847,267,0.200751879699,0.298093967379,21,21,21,1,0,0.190476190476,0.809523809524,0,29,0.0690476190476,1.20895752867,2.7619047619,0.36974789916,1.12857142857,0.771844149504,-0.0163657043982,0.00658214368906,0.0698421097243,-0.203820441866,-0.101627233703,0.0139084912159,-0.165102750774,-0.0743535988819,0.475113580324,-0.00138197010134,1.31224305908,1.20895752867,0.475113580324,1.31224305908,0.136407764349,0.130297120805,106,0.0796992481203,-0.100344819015,-0.142857142857,0.190476190476,-0.047619047619,87,48,19,266,0.820754716981,0.847133757962,0.152866242038,0.179245283019,0.644444444444,0.820754716981,0.721991701245,0.621201351299,0.667888474943,0.564935064935,104,75,0,0,0,0
138,WLNM_dir_neg,0.733822222222,0.479463113182,00:00:02,10,30,38,1287778229,fixed,0.5,0.660714285714,0.493333333333,0.564885496183,37,19,38,131,0.493333333333,0.873333333333,0.126666666667,0.506666666667,0.660714285714,0.493333333333,0.564885496183,0.746666666667,0.583703703704,0.391459074733,0.399770115683,0.366666666667,106,31,75,0,106,0,31,0,75,21,106,0.252380952381,1.98147951821,10.0952380952,7.57142857143,5.3,3.5903309305,0.355645988398,0.177897574124,5.04456331585,0.999394619178,0.535489667565,3.93034591959,0.778653436899,0.415094339623,0.785936912158,0.396641451468,2.18653061224,1.98147951821,0.785936912158,2.18653061224,0.456493016787,0.454374412041,161,0.121052631579,0.398438786394,21,21,21,1,0,0.333333333333,0.619047619048,0.047619047619,21,87,0.207142857143,2.06265204164,8.28571428571,6.69230769231,4.14285714286,5.55106167452,0.669955719338,0.357963875205,5.49805160294,1.32711590416,0.657909140668,2.8685486624,0.692408297821,0.359058565955,0.948990501568,0.460082690832,2.75293335371,2.06265204164,0.948990501568,2.75293335371,0.641372939926,0.500667556742,125,0.093984962406,0.246276591618,21,21,21,1,0,0.380952380952,0.619047619048,0,-19,-0.0452380952381,0.0811725234267,-1.80952380952,-0.879120879121,-1.15714285714,1.96073074402,0.31430973094,0.180066301081,0.453488287088,0.32772128498,0.122419473103,-1.06179725719,-0.0862451390781,-0.0560357736675,0.16305358941,0.0634412393643,0.566402741463,0.0811725234267,0.16305358941,0.566402741463,0.184879923138,0.0462931447009,-36,-0.0270676691729,-0.152162194776,0.047619047619,0,-0.047619047619,68,19,38,295,0.641509433962,0.93949044586,0.0605095541401,0.358490566038,0.781609195402,0.641509433962,0.704663212435,0.622747590931,0.580999879822,0.544,56,75,0,0,0,0
139,WLNM_dir_neg,0.705555555556,0.470239142352,00:00:02,10,30,39,1287778230,fixed,0.5,0.516483516484,0.626666666667,0.566265060241,47,44,28,106,0.626666666667,0.706666666667,0.293333333333,0.373333333333,0.516483516484,0.626666666667,0.566265060241,0.68,0.531851851852,0.316455696203,0.320170940074,0.333333333333,106,31,75,0,106,0,31,0,75,21,106,0.252380952381,1.98147951821,10.0952380952,7.57142857143,5.3,3.5903309305,0.355645988398,0.177897574124,5.04456331585,0.999394619178,0.535489667565,3.93034591959,0.778653436899,0.415094339623,0.785936912158,0.396641451468,2.18653061224,1.98147951821,0.785936912158,2.18653061224,0.456493016787,0.454374412041,161,0.121052631579,0.398438786394,21,21,21,1,0,0.333333333333,0.619047619048,0.047619047619,21,122,0.290476190476,2.30249774598,11.619047619,8.13333333333,5.80952380952,4.03083354253,0.346916001612,0.187743950039,5.27843771981,0.908583541934,0.497267759563,3.01029977941,0.518166355472,0.285714285714,0.945320730227,0.410563151203,2.55105778204,2.30249774598,0.945320730227,2.55105778204,0.640561422704,0.609195402299,265,0.199248120301,0.263582047918,21,21,21,1,0,0.285714285714,0.714285714286,0,16,0.0380952380952,0.321018227766,1.52380952381,0.561904761905,0.509523809524,0.440502612038,-0.00872998678664,0.00984637591504,0.233874403959,-0.0908110772434,-0.0382219080023,-0.920046140179,-0.260487081428,-0.129380053908,0.159383818069,0.0139216997352,0.364527169799,0.321018227766,0.159383818069,0.364527169799,0.184068405917,0.154820990257,104,0.0781954887218,-0.134856738476,-0.047619047619,0.0952380952381,-0.047619047619,78,44,28,270,0.735849056604,0.859872611465,0.140127388535,0.264150943396,0.639344262295,0.735849056604,0.684210526316,0.569997703853,0.595721668069,0.52,91,75,0,0,0,0
140,WLNM_dir_neg,0.768711111111,0.53746685506,00:00:02,10,30,40,1287778231,fixed,0.5,0.54347826087,0.666666666667,0.59880239521,50,42,25,108,0.666666666667,0.72,0.28,0.333333333333,0.54347826087,0.666666666667,0.59880239521,0.702222222222,0.53037037037,0.365930599369,0.370760331313,0.386666666667,106,31,75,0,106,0,31,0,75,21,106,0.252380952381,1.98147951821,10.0952380952,7.57142857143,5.3,3.5903309305,0.355645988398,0.177897574124,5.04456331585,0.999394619178,0.535489667565,3.93034591959,0.778653436899,0.415094339623,0.785936912158,0.396641451468,2.18653061224,1.98147951821,0.785936912158,2.18653061224,0.456493016787,0.454374412041,161,0.121052631579,0.398438786394,21,21,21,1,0,0.333333333333,0.619047619048,0.047619047619,21,123,0.292857142857,2.51683822745,11.7142857143,8.78571428571,6.15,5.55106167452,0.473871118556,0.24235385211,5.94378426834,1.01479243606,0.548974061169,2.55510693095,0.436237768698,0.236159504452,1.17024551932,0.464966522902,3.34999819611,2.51683822745,1.17024551932,3.34999819611,0.644550244749,0.568755085435,233,0.175187969925,0.277238249612,21,21,21,1,0,0.333333333333,0.619047619048,0.047619047619,17,0.0404761904762,0.535358709239,1.61904761905,1.21428571429,0.85,1.96073074402,0.118225130158,0.064456277986,0.899220952491,0.0153978168803,0.013484393604,-1.37523898864,-0.342415668201,-0.17893483517,0.384308607167,0.0683250714341,1.16346758386,0.535358709239,0.384308607167,1.16346758386,0.188057227962,0.114380673394,72,0.0541353383459,-0.121200536782,0,0,0,81,42,25,272,0.764150943396,0.866242038217,0.133757961783,0.235849056604,0.658536585366,0.764150943396,0.707423580786,0.601725401873,0.630392981613,0.547297297297,92,75,0,0,0,0
141,WLNM_dir_neg,0.739022222222,0.545933502059,00:00:02,10,30,41,1287778232,fixed,0.5,0.567164179104,0.506666666667,0.535211267606,38,29,37,121,0.506666666667,0.806666666667,0.193333333333,0.493333333333,0.567164179104,0.506666666667,0.535211267606,0.706666666667,0.567407407407,0.321917808219,0.323010704714,0.313333333333,106,31,75,0,106,0,31,0,75,21,106,0.252380952381,1.98147951821,10.0952380952,7.57142857143,5.3,3.5903309305,0.355645988398,0.177897574124,5.04456331585,0.999394619178,0.535489667565,3.93034591959,0.778653436899,0.415094339623,0.785936912158,0.396641451468,2.18653061224,1.98147951821,0.785936912158,2.18653061224,0.456493016787,0.454374412041,161,0.121052631579,0.398438786394,21,21,21,1,0,0.333333333333,0.619047619048,0.047619047619,21,98,0.233333333333,6.44724794362,9.33333333333,6.125,4.66666666667,4.41965307839,0.473534258399,0.260932944606,4.89217061572,1.0483222748,0.555879494655,2.65204323746,0.568294979455,0.301263362488,3.99389516802,0.619472867019,12.1255840012,6.44724794362,3.99389516802,12.1255840012,0.576147179929,0.495412844037,144,0.108270676692,0.190865530167,21,21,21,1,0,0.238095238095,0.761904761905,0,-8,-0.0190476190476,4.4657684254,-0.761904761905,-1.44642857143,-0.633333333333,0.829322147895,0.117888270001,0.0830353704824,-0.152392700128,0.0489276556197,0.0203898270899,-1.27830268213,-0.210358457445,-0.113830977135,3.20795825586,0.222831415552,9.93905338896,4.4657684254,3.20795825586,9.93905338896,0.119654163142,0.0410384319953,-17,-0.0127819548872,-0.207573256227,-0.0952380952381,0.142857142857,-0.047619047619,69,29,37,285,0.650943396226,0.907643312102,0.0923566878981,0.349056603774,0.704081632653,0.650943396226,0.676470588235,0.573676923329,0.558586708328,0.511111111111,67,75,0,0,0,0
142,WLNM_dir_neg,0.689066666667,0.470254475553,00:00:02,10,30,42,1287778233,fixed,0.5,0.454545454545,0.466666666667,0.460526315789,35,42,40,108,0.466666666667,0.72,0.28,0.533333333333,0.454545454545,0.466666666667,0.460526315789,0.635555555556,0.552592592593,0.185430463576,0.185467070926,0.186666666667,106,31,75,0,106,0,31,0,75,21,106,0.252380952381,1.98147951821,10.0952380952,7.57142857143,5.3,3.5903309305,0.355645988398,0.177897574124,5.04456331585,0.999394619178,0.535489667565,3.93034591959,0.778653436899,0.415094339623,0.785936912158,0.396641451468,2.18653061224,1.98147951821,0.785936912158,2.18653061224,0.456493016787,0.454374412041,161,0.121052631579,0.398438786394,21,21,21,1,0,0.333333333333,0.619047619048,0.047619047619,21,108,0.257142857143,2.71488141408,10.2857142857,8.30769230769,5.4,5.51491484198,0.536172276304,0.293650793651,5.45239134954,1.06018720686,0.563492063492,2.61315354095,0.508113188518,0.275132275132,1.44425924687,0.531978759508,4.09898818731,2.71488141408,1.44425924687,4.09898818731,0.650458879356,0.576576576577,192,0.144360902256,0.271564928549,21,21,21,1,0,0.380952380952,0.571428571429,0.047619047619,2,0.0047619047619,0.733401895862,0.190476190476,0.736263736264,0.1,1.92458391148,0.180526287905,0.115753219527,0.407828033693,0.0607925876778,0.0280023959269,-1.31719237864,-0.270540248382,-0.13996206449,0.658322334714,0.13533730804,1.91245757507,0.733401895862,0.658322334714,1.91245757507,0.193965862569,0.122202164535,31,0.0233082706767,-0.126873857845,0.047619047619,-0.047619047619,0,66,42,40,272,0.622641509434,0.866242038217,0.133757961783,0.377358490566,0.611111111111,0.622641509434,0.616822429907,0.485885573057,0.488883547651,0.445945945946,77,75,0,0,0,0
143,WLNM_dir_neg,0.671288888889,0.440740136557,00:00:02,10,30,43,1287778234,fixed,0.5,0.560606060606,0.493333333333,0.524822695035,37,29,38,121,0.493333333333,0.806666666667,0.193333333333,0.506666666667,0.560606060606,0.493333333333,0.524822695035,0.702222222222,0.568888888889,0.309278350515,0.310618262461,0.3,106,31,75,0,106,0,31,0,75,21,106,0.252380952381,1.98147951821,10.0952380952,7.57142857143,5.3,3.5903309305,0.355645988398,0.177897574124,5.04456331585,0.999394619178,0.535489667565,3.93034591959,0.778653436899,0.415094339623,0.785936912158,0.396641451468,2.18653061224,1.98147951821,0.785936912158,2.18653061224,0.456493016787,0.454374412041,161,0.121052631579,0.398438786394,21,21,21,1,0,0.333333333333,0.619047619048,0.047619047619,21,97,0.230952380952,2.10650451117,9.2380952381,7.46153846154,4.61904761905,5.08826848648,0.550791949567,0.290132547865,5.80065677726,1.25581229198,0.639175257732,1.98686160757,0.430145296483,0.235640648012,0.981911696269,0.466133203638,2.67817322464,2.10650451117,0.981911696269,2.67817322464,0.54718780286,0.470989761092,138,0.103759398496,0.19785682859,21,21,21,1,0,0.380952380952,0.619047619048,0,-9,-0.0214285714286,0.125024992954,-0.857142857143,-0.10989010989,-0.680952380952,1.49793755598,0.195145961169,0.112234973741,0.756093461414,0.256417672807,0.103685590167,-1.94348431202,-0.348508140416,-0.179453691611,0.195974784112,0.0694917521706,0.4916426124,0.125024992954,0.195974784112,0.4916426124,0.0906947860729,0.0166153490508,-23,-0.0172932330827,-0.200581957803,0.047619047619,0,-0.047619047619,68,29,38,285,0.641509433962,0.907643312102,0.0923566878981,0.358490566038,0.701030927835,0.641509433962,0.669950738916,0.566009587973,0.549152746064,0.503703703704,66,75,0,0,0,0
144,WLNM_dir_neg,0.640266666667,0.511755413247,00:00:02,10,30,44,1287778235,fixed,0.5,0.651162790698,0.373333333333,0.474576271186,28,15,47,135,0.373333333333,0.9,0.1,0.626666666667,0.651162790698,0.373333333333,0.474576271186,0.724444444444,0.602962962963,0.305970149254,0.327716974748,0.273333333333,106,31,75,0,106,0,31,0,75,21,106,0.252380952381,1.98147951821,10.0952380952,7.57142857143,5.3,3.5903309305,0.355645988398,0.177897574124,5.04456331585,0.999394619178,0.535489667565,3.93034591959,0.778653436899,0.415094339623,0.785936912158,0.396641451468,2.18653061224,1.98147951821,0.785936912158,2.18653061224,0.456493016787,0.454374412041,161,0.121052631579,0.398438786394,21,21,21,1,0,0.333333333333,0.619047619048,0.047619047619,21,74,0.17619047619,1.69997345127,7.04761904762,6.72727272727,3.7,3.91760373795,0.555876206061,0.295366795367,4.6218940665,1.31161858644,0.658944658945,2.4003967926,0.681193684385,0.375804375804,0.714126632499,0.420081050068,1.90036075036,1.69997345127,0.714126632499,1.90036075036,0.455144590859,0.352941176471,68,0.0511278195489,0.240423698717,21,21,21,1,0,0.47619047619,0.47619047619,0.047619047619,-32,-0.0761904761905,-0.281506066942,-3.04761904762,-0.844155844156,-1.6,0.327272807456,0.200230217663,0.117469221243,-0.422669249355,0.31222396726,0.12345499138,-1.52994912699,-0.0974597525141,-0.0392899638183,-0.0718102796589,0.0234395986009,-0.286169861884,-0.281506066942,-0.0718102796589,-0.286169861884,-0.00134842592826,-0.101433235571,-93,-0.0699248120301,-0.158015087676,0.142857142857,-0.142857142857,0,59,15,47,299,0.556603773585,0.952229299363,0.0477707006369,0.443396226415,0.797297297297,0.556603773585,0.655555555556,0.580148507196,0.508833072948,0.487603305785,43,75,0,0,0,0
145,WLNM_dir_neg,0.7604,0.465183037497,00:00:02,10,30,45,1287778236,fixed,0.5,0.553398058252,0.76,0.640449438202,57,46,18,104,0.76,0.693333333333,0.306666666667,0.24,0.553398058252,0.76,0.640449438202,0.715555555556,0.514074074074,0.414634146341,0.428938854041,0.453333333333,106,31,75,0,106,0,31,0,75,21,106,0.252380952381,1.98147951821,10.0952380952,7.57142857143,5.3,3.5903309305,0.355645988398,0.177897574124,5.04456331585,0.999394619178,0.535489667565,3.93034591959,0.778653436899,0.415094339623,0.785936912158,0.396641451468,2.18653061224,1.98147951821,0.785936912158,2.18653061224,0.456493016787,0.454374412041,161,0.121052631579,0.398438786394,21,21,21,1,0,0.333333333333,0.619047619048,0.047619047619,21,134,0.319047619048,2.24203105747,12.7619047619,8.375,6.7,4.07314082625,0.319164019967,0.175906183369,5.89471110807,0.923798009474,0.504619758351,3.55634911779,0.557338294579,0.290689410092,0.820286506842,0.365867593185,2.24611571012,2.24203105747,0.820286506842,2.24611571012,0.664215538585,0.623505976096,313,0.235338345865,0.320513093431,21,21,21,1,0,0.238095238095,0.714285714286,0.047619047619,28,0.0666666666667,0.260551539256,2.66666666667,0.803571428571,1.4,0.482809895755,-0.0364819684307,-0.00199139075512,0.850147792221,-0.075596609704,-0.030869909214,-0.373996801796,-0.22131514232,-0.12440492953,0.0343495946845,-0.0307738582828,0.0595850978742,0.260551539256,0.0343495946845,0.0595850978742,0.207722521798,0.169131564054,152,0.114285714286,-0.0779256929628,-0.0952380952381,0.0952380952381,0,88,46,18,268,0.830188679245,0.853503184713,0.146496815287,0.169811320755,0.65671641791,0.830188679245,0.733333333333,0.637151562803,0.683691863959,0.578947368421,103,75,0,0,0,0
146,WLNM_dir_neg,0.735244444444,0.378152969308,00:00:02,10,30,46,1287778237,fixed,0.5,0.528301886792,0.746666666667,0.618784530387,56,50,19,100,0.746666666667,0.666666666667,0.333333333333,0.253333333333,0.528301886792,0.746666666667,0.618784530387,0.693333333333,0.50962962963,0.374622356495,0.39034648982,0.413333333333,106,31,75,0,106,0,31,0,75,21,106,0.252380952381,1.98147951821,10.0952380952,7.57142857143,5.3,3.5903309305,0.355645988398,0.177897574124,5.04456331585,0.999394619178,0.535489667565,3.93034591959,0.778653436899,0.415094339623,0.785936912158,0.396641451468,2.18653061224,1.98147951821,0.785936912158,2.18653061224,0.456493016787,0.454374412041,161,0.121052631579,0.398438786394,21,21,21,1,0,0.333333333333,0.619047619048,0.047619047619,21,137,0.32619047619,2.15731153851,13.0476190476,9.78571428571,6.52380952381,4.95455538344,0.379728697271,0.208202989225,6.32154290992,0.968995628527,0.521376433785,2.85690475198,0.437919706508,0.239137990963,0.891610447953,0.413297028287,2.36213620849,2.15731153851,0.891610447953,2.36213620849,0.710570630739,0.665636588381,359,0.26992481203,0.333975371903,21,21,21,1,0,0.333333333333,0.666666666667,0,31,0.0738095238095,0.175832020292,2.95238095238,2.21428571429,1.22380952381,1.36422445295,0.0240827088731,0.0303054151009,1.27697959407,-0.0303989906506,-0.0141132337799,-1.0734411676,-0.340733730391,-0.17595634866,0.105673535796,0.0166555768193,0.175605596241,0.175832020292,0.105673535796,0.175605596241,0.254077613952,0.211262176339,198,0.148872180451,-0.0644634144911,0,0.047619047619,-0.047619047619,87,50,19,264,0.820754716981,0.84076433121,0.15923566879,0.179245283019,0.63503649635,0.820754716981,0.716049382716,0.612923974895,0.661519048191,0.557692307692,106,75,0,0,0,0
147,WLNM_dir_neg,0.637822222222,0.40715778034,00:00:02,10,30,47,1287778238,fixed,0.5,0.478873239437,0.453333333333,0.465753424658,34,37,41,113,0.453333333333,0.753333333333,0.246666666667,0.546666666667,0.478873239437,0.453333333333,0.465753424658,0.653333333333,0.561481481481,0.209459459459,0.209631798944,0.206666666667,106,31,75,0,106,0,31,0,75,21,106,0.252380952381,1.98147951821,10.0952380952,7.57142857143,5.3,3.5903309305,0.355645988398,0.177897574124,5.04456331585,0.999394619178,0.535489667565,3.93034591959,0.778653436899,0.415094339623,0.785936912158,0.396641451468,2.18653061224,1.98147951821,0.785936912158,2.18653061224,0.456493016787,0.454374412041,161,0.121052631579,0.398438786394,21,21,21,1,0,0.333333333333,0.619047619048,0.047619047619,21,102,0.242857142857,2.04396243223,9.71428571429,7.84615384615,4.85714285714,4.56226760661,0.469645194798,0.260504201681,5.30363756573,1.09192538118,0.578898225957,2.51566520598,0.517931071819,0.283846872082,0.918316989305,0.449282714215,2.52944145468,2.04396243223,0.918316989305,2.52944145468,0.607391946678,0.513631406761,157,0.118045112782,0.250062616879,21,21,21,1,0,0.380952380952,0.619047619048,0,-4,-0.00952380952381,0.0624829140133,-0.380952380952,0.274725274725,-0.442857142857,0.97193667611,0.113999206399,0.0826066275567,0.259074249875,0.0925307620009,0.0434085583919,-1.41468071361,-0.26072236508,-0.13124746754,0.132380077148,0.0526412627477,0.342910842432,0.0624829140133,0.132380077148,0.342910842432,0.150898929891,0.0592569947198,-4,-0.00300751879699,-0.148376169515,0.047619047619,0,-0.047619047619,65,37,41,277,0.61320754717,0.882165605096,0.117834394904,0.38679245283,0.637254901961,0.61320754717,0.625,0.501806839369,0.495373152265,0.454545454545,71,75,0,0,0,0
148,WLNM_dir_neg,0.7432,0.506401919264,00:00:02,10,30,48,1287778239,fixed,0.5,0.643835616438,0.626666666667,0.635135135135,47,26,28,124,0.626666666667,0.826666666667,0.173333333333,0.373333333333,0.643835616438,0.626666666667,0.635135135135,0.76,0.558518518519,0.456375838926,0.45646837151,0.453333333333,106,31,75,0,106,0,31,0,75,21,106,0.252380952381,1.98147951821,10.0952380952,7.57142857143,5.3,3.5903309305,0.355645988398,0.177897574124,5.04456331585,0.999394619178,0.535489667565,3.93034591959,0.778653436899,0.415094339623,0.785936912158,0.396641451468,2.18653061224,1.98147951821,0.785936912158,2.18653061224,0.456493016787,0.454374412041,161,0.121052631579,0.398438786394,21,21,21,1,0,0.333333333333,0.619047619048,0.047619047619,21,104,0.247619047619,2.55266875641,9.90476190476,7.42857142857,5.2,4.81564909337,0.486195341158,0.260073260073,5.08405537417,1.0265881044,0.548534798535,3.00792603759,0.607369680667,0.320512820513,1.16045672083,0.454605290216,2.82960983252,2.55266875641,1.16045672083,2.82960983252,0.584743426508,0.517799352751,160,0.12030075188,0.271204351053,21,21,21,1,0,0.333333333333,0.619047619048,0.047619047619,-2,-0.0047619047619,0.571189238197,-0.190476190476,-0.142857142857,-0.1,1.22531816287,0.130549352759,0.0821756859493,0.0394920583193,0.0271934852217,0.0130451309697,-0.922419881996,-0.171283756232,-0.0945815191098,0.374519808676,0.0579638387486,0.643079220278,0.571189238197,0.374519808676,0.643079220278,0.128250409721,0.0634249407094,-1,-0.000751879699248,-0.127234435341,0,0,0,78,26,28,288,0.735849056604,0.917197452229,0.0828025477707,0.264150943396,0.75,0.735849056604,0.742857142857,0.65720620896,0.653046508833,0.590909090909,73,75,0,0,0,0
149,WLNM_dir_neg,0.770177777778,0.446007300612,00:00:02,10,30,49,1287778240,fixed,0.5,0.573333333333,0.573333333333,0.573333333333,43,32,32,118,0.573333333333,0.786666666667,0.213333333333,0.426666666667,0.573333333333,0.573333333333,0.573333333333,0.715555555556,0.555555555556,0.36,0.36,0.36,106,31,75,0,106,0,31,0,75,21,106,0.252380952381,1.98147951821,10.0952380952,7.57142857143,5.3,3.5903309305,0.355645988398,0.177897574124,5.04456331585,0.999394619178,0.535489667565,3.93034591959,0.778653436899,0.415094339623,0.785936912158,0.396641451468,2.18653061224,1.98147951821,0.785936912158,2.18653061224,0.456493016787,0.454374412041,161,0.121052631579,0.398438786394,21,21,21,1,0,0.333333333333,0.619047619048,0.047619047619,21,106,0.252380952381,2.67919536323,10.0952380952,7.06666666667,5.04761904762,5.347006283,0.52965628275,0.284366576819,6.17637588296,1.22362163719,0.621743036837,2.39741924736,0.47496041693,0.25786163522,1.21261527131,0.452604273639,3.26135599083,2.67919536323,1.21261527131,3.26135599083,0.70000657483,0.556291390728,196,0.147368421053,0.182479674649,21,21,21,1,0,0.285714285714,0.714285714286,0,0,0,0.69771584502,0,-0.504761904762,-0.252380952381,1.75667535251,0.174010294352,0.106469002695,1.13181256711,0.224227018013,0.0862533692722,-1.53292667223,-0.303693019969,-0.157232704403,0.426678359157,0.0559628221718,1.07482537858,0.69771584502,0.426678359157,1.07482537858,0.243513558043,0.101916978687,35,0.0263157894737,-0.215959111745,-0.047619047619,0.0952380952381,-0.047619047619,74,32,32,282,0.698113207547,0.898089171975,0.101910828025,0.301886792453,0.698113207547,0.698113207547,0.698113207547,0.596202379522,0.596202379522,0.536231884058,75,75,0,0,0,0
150,WLNM_dir_neg,0.691333333333,0.412989734787,00:00:02,10,30,50,1287778241,fixed,0.5,0.471698113208,0.666666666667,0.552486187845,50,56,25,94,0.666666666667,0.626666666667,0.373333333333,0.333333333333,0.471698113208,0.666666666667,0.552486187845,0.64,0.50962962963,0.26586102719,0.27702008955,0.293333333333,106,31,75,0,106,0,31,0,75,21,106,0.252380952381,1.98147951821,10.0952380952,7.57142857143,5.3,3.5903309305,0.355645988398,0.177897574124,5.04456331585,0.999394619178,0.535489667565,3.93034591959,0.778653436899,0.415094339623,0.785936912158,0.396641451468,2.18653061224,1.98147951821,0.785936912158,2.18653061224,0.456493016787,0.454374412041,161,0.121052631579,0.398438786394,21,21,21,1,0,0.333333333333,0.619047619048,0.047619047619,21,137,0.32619047619,3.57382053995,13.0476190476,8.05882352941,6.52380952381,4.10458512491,0.314584991325,0.173792144595,5.24994331035,0.804735835893,0.44212721585,2.29388420848,0.351617287431,0.194647201946,1.555734669,0.435314155148,4.87500123442,3.57382053995,1.555734669,4.87500123442,0.623615273615,0.596960926194,275,0.206766917293,0.220861557211,21,21,21,1,0,0.190476190476,0.809523809524,0,31,0.0738095238095,1.59234102174,2.95238095238,0.487394957983,1.22380952381,0.514254194412,-0.0410609970731,-0.00410542952892,0.205379994502,-0.194658783285,-0.0933624517153,-1.63646171111,-0.427036149468,-0.220447137676,0.769797756842,0.0386727036804,2.68847062217,1.59234102174,0.769797756842,2.68847062217,0.167122256828,0.142586514153,114,0.0857142857143,-0.177577229182,-0.142857142857,0.190476190476,-0.047619047619,81,56,25,258,0.764150943396,0.821656050955,0.178343949045,0.235849056604,0.591240875912,0.764150943396,0.666666666667,0.542773715256,0.585806994352,0.5,106,75,0,0,0,0
151,WLNM_dir_neg,0.825866699219,0.300555937058,00:00:01,10,40,1,1288695492,fixed,0.5,0.514851485149,0.8125,0.630303030303,52,49,12,79,0.8125,0.6171875,0.3828125,0.1875,0.514851485149,0.8125,0.630303030303,0.682291666667,0.491319444444,0.37542662116,0.405663850513,0.4296875,106,42,64,0,106,0,42,0,64,21,106,0.252380952381,1.98147951821,10.0952380952,7.57142857143,5.3,3.5903309305,0.355645988398,0.177897574124,5.04456331585,0.999394619178,0.535489667565,3.93034591959,0.778653436899,0.415094339623,0.785936912158,0.396641451468,2.18653061224,1.98147951821,0.785936912158,2.18653061224,0.456493016787,0.454374412041,161,0.121052631579,0.398438786394,21,21,21,1,0,0.333333333333,0.619047619048,0.047619047619,21,143,0.340476190476,2.19035545655,13.619047619,11,6.80952380952,5.31484892049,0.390251144511,0.211788211788,6.36882287098,0.935281680354,0.506160506161,3.01029977941,0.442071995577,0.243756243756,0.973839661685,0.444603481492,2.23550669587,2.19035545655,0.973839661685,2.23550669587,0.745662032858,0.694394213382,384,0.288721804511,0.405078103573,21,21,21,1,0,0.380952380952,0.619047619048,0,37,0.0880952380952,0.208875938333,3.52380952381,3.42857142857,1.50952380952,1.72451798999,0.0346051561132,0.0338906376642,1.32425955513,-0.0641129388243,-0.0293291614046,-0.920046140179,-0.336581441322,-0.171338095866,0.187902749527,0.0479620300241,0.048976083621,0.208875938333,0.187902749527,0.048976083621,0.289169016071,0.24001980134,223,0.167669172932,0.00663931717945,0.047619047619,0,-0.047619047619,94,49,12,265,0.88679245283,0.843949044586,0.156050955414,0.11320754717,0.657342657343,0.88679245283,0.755020080321,0.669843926877,0.730741497416,0.606451612903,101,64,0,0,0,0
152,WLNM_dir_neg,0.789978027344,0.375251774101,00:00:01,10,40,2,1288695493,fixed,0.5,0.529411764706,0.84375,0.650602409639,54,48,10,80,0.84375,0.625,0.375,0.15625,0.529411764706,0.84375,0.650602409639,0.697916666667,0.489583333333,0.408163265306,0.44280744277,0.46875,106,42,64,0,106,0,42,0,64,21,106,0.252380952381,1.98147951821,10.0952380952,7.57142857143,5.3,3.5903309305,0.355645988398,0.177897574124,5.04456331585,0.999394619178,0.535489667565,3.93034591959,0.778653436899,0.415094339623,0.785936912158,0.396641451468,2.18653061224,1.98147951821,0.785936912158,2.18653061224,0.456493016787,0.454374412041,161,0.121052631579,0.398438786394,21,21,21,1,0,0.333333333333,0.619047619048,0.047619047619,21,144,0.342857142857,2.15240031217,13.7142857143,11.0769230769,6.85714285714,5.26443593505,0.383865120264,0.20667989418,6.49065261962,0.946553507028,0.513888888889,3.53957220983,0.516187613933,0.285714285714,0.941015342201,0.437193461124,2.04173975258,2.15240031217,0.941015342201,2.04173975258,0.705443809225,0.679856115108,378,0.284210526316,0.449343759316,21,21,21,1,0,0.380952380952,0.619047619048,0,38,0.0904761904762,0.170920793956,3.61904761905,3.50549450549,1.55714285714,1.67410500456,0.0282191318662,0.0287823200559,1.44608930377,-0.05284111215,-0.0216007786763,-0.390773709762,-0.262465822966,-0.129380053908,0.155078430044,0.0405520096562,-0.144790859662,0.170920793956,0.155078430044,-0.144790859662,0.248950792438,0.225481703067,217,0.163157894737,0.0509049729225,0.047619047619,0,-0.047619047619,96,48,10,266,0.905660377358,0.847133757962,0.152866242038,0.0943396226415,0.666666666667,0.905660377358,0.768,0.688903191348,0.75279413532,0.623376623377,102,64,0,0,0,0
153,WLNM_dir_neg,0.705810546875,0.424179557291,00:00:01,10,40,3,1288695494,fixed,0.5,0.5125,0.640625,0.569444444444,41,39,23,89,0.640625,0.6953125,0.3046875,0.359375,0.5125,0.640625,0.569444444444,0.677083333333,0.527777777778,0.316176470588,0.321217688759,0.3359375,106,42,64,0,106,0,42,0,64,21,106,0.252380952381,1.98147951821,10.0952380952,7.57142857143,5.3,3.5903309305,0.355645988398,0.177897574124,5.04456331585,0.999394619178,0.535489667565,3.93034591959,0.778653436899,0.415094339623,0.785936912158,0.396641451468,2.18653061224,1.98147951821,0.785936912158,2.18653061224,0.456493016787,0.454374412041,161,0.121052631579,0.398438786394,21,21,21,1,0,0.333333333333,0.619047619048,0.047619047619,21,122,0.290476190476,2.20676087982,11.619047619,8.71428571429,5.80952380952,5.20073254913,0.447604030868,0.246682279469,5.89592272354,1.01487194422,0.548790007806,2.94311140834,0.506601144059,0.279469164715,0.919595548735,0.416717351274,2.27154652093,2.20676087982,0.919595548735,2.27154652093,0.661016325722,0.608626198083,254,0.190977443609,0.284693491696,21,21,21,1,0,0.333333333333,0.666666666667,0,16,0.0380952380952,0.225281361608,1.52380952381,1.14285714286,0.509523809524,1.61040161864,0.0919580424699,0.0687847053452,0.851359407686,0.0154773250373,0.0133003402413,-0.987234511247,-0.272052292841,-0.135625174908,0.133658636577,0.0200758998068,0.085015908681,0.225281361608,0.133658636577,0.085015908681,0.204523308935,0.154251786042,93,0.0699248120301,-0.113745294698,0,0.047619047619,-0.047619047619,83,39,23,275,0.783018867925,0.875796178344,0.124203821656,0.216981132075,0.680327868852,0.783018867925,0.728070175439,0.630366635571,0.658815046268,0.572413793103,80,64,0,0,0,0
154,WLNM_dir_neg,0.761108398438,0.369780744439,00:00:00,10,40,4,1288695495,fixed,0.5,0.5,0.75,0.6,48,48,16,80,0.75,0.625,0.375,0.25,0.5,0.75,0.6,0.666666666667,0.5,0.333333333333,0.353553390593,0.375,106,42,64,0,106,0,42,0,64,21,106,0.252380952381,1.98147951821,10.0952380952,7.57142857143,5.3,3.5903309305,0.355645988398,0.177897574124,5.04456331585,0.999394619178,0.535489667565,3.93034591959,0.778653436899,0.415094339623,0.785936912158,0.396641451468,2.18653061224,1.98147951821,0.785936912158,2.18653061224,0.456493016787,0.454374412041,161,0.121052631579,0.398438786394,21,21,21,1,0,0.333333333333,0.619047619048,0.047619047619,21,138,0.328571428571,2.28169468325,13.1428571429,9.2,6.57142857143,5.52526663869,0.420400722509,0.233264320221,6.44648298355,0.980986540974,0.532781228433,3.62727760961,0.551977027549,0.299516908213,0.908932526943,0.398358524308,2.19121978481,2.28169468325,0.908932526943,2.19121978481,0.771173734287,0.703182374541,383,0.287969924812,0.352599775853,21,21,21,1,0,0.285714285714,0.714285714286,0,32,0.0761904761905,0.300215165039,3.04761904762,1.62857142857,1.27142857143,1.93493570819,0.0647547341105,0.0553667460969,1.4019196677,-0.0184080782035,-0.00270843913174,-0.303068309982,-0.226676409351,-0.11557743141,0.122995614785,0.00171707284065,0.00468917257004,0.300215165039,0.122995614785,0.00468917257004,0.3146807175,0.2488079625,222,0.166917293233,-0.0458390105411,-0.047619047619,0.0952380952381,-0.047619047619,90,48,16,266,0.849056603774,0.847133757962,0.152866242038,0.150943396226,0.652173913043,0.849056603774,0.737704918033,0.643845501707,0.696190361735,0.584415584416,96,64,0,0,0,0
155,WLNM_dir_neg,0.806701660156,0.359800408076,00:00:01,10,40,5,1288695496,fixed,0.5,0.534653465347,0.84375,0.654545454545,54,47,10,81,0.84375,0.6328125,0.3671875,0.15625,0.534653465347,0.84375,0.654545454545,0.703125,0.491319444444,0.41638225256,0.44991808875,0.4765625,106,42,64,0,106,0,42,0,64,21,106,0.252380952381,1.98147951821,10.0952380952,7.57142857143,5.3,3.5903309305,0.355645988398,0.177897574124,5.04456331585,0.999394619178,0.535489667565,3.93034591959,0.778653436899,0.415094339623,0.785936912158,0.396641451468,2.18653061224,1.98147951821,0.785936912158,2.18653061224,0.456493016787,0.454374412041,161,0.121052631579,0.398438786394,21,21,21,1,0,0.333333333333,0.619047619048,0.047619047619,21,143,0.340476190476,1,13.619047619,8.9375,6.80952380952,4.47745676111,0.328764307634,0.180153180153,6.18562080651,0.908377880676,0.496836496836,3.1244047052,0.458828663002,0.254412254412,0,0,0,NaN,NaN,NaN,0.676810755382,0.649846153846,352,0.264661654135,0.281916244266,21,21,0,1,2,0.238095238095,0.761904761905,0,37,0.0880952380952,-0.981479518214,3.52380952381,1.36607142857,1.50952380952,0.887125830615,-0.0268816807642,0.00225560602919,1.14105749066,-0.0910167385018,-0.0386531707286,-0.805941214383,-0.319824773897,-0.16068208521,-0.785936912158,-0.396641451468,-2.18653061224,NaN,NaN,NaN,0.220317738595,0.195471741805,191,0.143609022556,-0.116522542128,-0.0952380952381,0.142857142857,-0.047619047619,96,47,10,267,0.905660377358,0.850318471338,0.149681528662,0.0943396226415,0.671328671329,0.905660377358,0.771084337349,0.692978081082,0.755978848696,0.627450980392,101,64,0,0,0,0
156,WLNM_dir_neg,0.769409179688,0.363097200643,00:00:01,10,40,6,1288695497,fixed,0.5,0.521276595745,0.765625,0.620253164557,49,45,15,83,0.765625,0.6484375,0.3515625,0.234375,0.521276595745,0.765625,0.620253164557,0.6875,0.503472222222,0.370629370629,0.390466614655,0.4140625,106,42,64,0,106,0,42,0,64,21,106,0.252380952381,1.98147951821,10.0952380952,7.57142857143,5.3,3.5903309305,0.355645988398,0.177897574124,5.04456331585,0.999394619178,0.535489667565,3.93034591959,0.778653436899,0.415094339623,0.785936912158,0.396641451468,2.18653061224,1.98147951821,0.785936912158,2.18653061224,0.456493016787,0.454374412041,161,0.121052631579,0.398438786394,21,21,21,1,0,0.333333333333,0.619047619048,0.047619047619,21,136,0.32380952381,2.3761584284,12.9523809524,9.71428571429,6.47619047619,4.34138446208,0.335180418028,0.184173669468,5.87893738374,0.907777096018,0.495798319328,3.10836046203,0.479967424284,0.259803921569,1.06966361005,0.450165105688,3.43734888685,2.3761584284,1.06966361005,3.43734888685,0.605972909754,0.604871447903,298,0.224060150376,0.341383271361,21,21,21,1,0,0.333333333333,0.666666666667,0,30,0.0714285714286,0.394678910181,2.85714285714,2.14285714286,1.17619047619,0.751053531587,-0.0204655703697,0.0062760953438,0.834374067887,-0.0916175231596,-0.0396913482374,-0.821985457559,-0.298686012616,-0.155290418054,0.283726697892,0.0535236542201,1.2508182746,0.394678910181,0.283726697892,1.2508182746,0.149479892967,0.150497035861,137,0.103007518797,-0.0570555150328,0,0.047619047619,-0.047619047619,91,45,15,269,0.858490566038,0.856687898089,0.143312101911,0.141509433962,0.669117647059,0.858490566038,0.752066115702,0.663901363694,0.715178464127,0.602649006623,94,64,0,0,0,0
157,WLNM_dir_neg,0.728088378906,0.433647116623,00:00:01,10,40,7,1288695498,fixed,0.5,0.494252873563,0.671875,0.569536423841,43,44,21,84,0.671875,0.65625,0.34375,0.328125,0.494252873563,0.671875,0.569536423841,0.661458333333,0.515625,0.301075268817,0.310727733133,0.328125,106,42,64,0,106,0,42,0,64,21,106,0.252380952381,1.98147951821,10.0952380952,7.57142857143,5.3,3.5903309305,0.355645988398,0.177897574124,5.04456331585,0.999394619178,0.535489667565,3.93034591959,0.778653436899,0.415094339623,0.785936912158,0.396641451468,2.18653061224,1.98147951821,0.785936912158,2.18653061224,0.456493016787,0.454374412041,161,0.121052631579,0.398438786394,21,21,21,1,0,0.333333333333,0.619047619048,0.047619047619,21,129,0.307142857143,2.20867195002,12.2857142857,9.21428571429,6.45,5.30229061013,0.431581793848,0.238833517903,6.28717515491,1.02349362987,0.548541897379,2.88592644199,0.469801978928,0.256183093392,0.921341903581,0.417147464371,2.22289258006,2.20867195002,0.921341903581,2.22289258006,0.677435278696,0.696801112656,334,0.251127819549,0.300584046648,21,21,21,1,0,0.333333333333,0.619047619048,0.047619047619,23,0.0547619047619,0.22719243181,2.19047619048,1.64285714286,1.15,1.71195967964,0.0759358054497,0.0609359437793,1.24261183906,0.0240990106919,0.013052229814,-1.0444194776,-0.308851457971,-0.15891124623,0.135404991423,0.0205060129039,0.0363619678133,0.22719243181,0.135404991423,0.0363619678133,0.220942261909,0.242426700615,173,0.13007518797,-0.0978547397461,0,0,0,85,44,21,270,0.801886792453,0.859872611465,0.140127388535,0.198113207547,0.658914728682,0.801886792453,0.723404255319,0.623126941171,0.661759403918,0.566666666667,87,64,0,0,0,0
158,WLNM_dir_neg,0.799377441406,0.277541175222,00:00:01,10,40,8,1288695499,fixed,0.5,0.508771929825,0.90625,0.651685393258,58,56,6,72,0.90625,0.5625,0.4375,0.09375,0.508771929825,0.90625,0.651685393258,0.677083333333,0.46875,0.392156862745,0.449921270666,0.46875,106,42,64,0,106,0,42,0,64,21,106,0.252380952381,1.98147951821,10.0952380952,7.57142857143,5.3,3.5903309305,0.355645988398,0.177897574124,5.04456331585,0.999394619178,0.535489667565,3.93034591959,0.778653436899,0.415094339623,0.785936912158,0.396641451468,2.18653061224,1.98147951821,0.785936912158,2.18653061224,0.456493016787,0.454374412041,161,0.121052631579,0.398438786394,21,21,21,1,0,0.333333333333,0.619047619048,0.047619047619,21,156,0.371428571429,2.3190588451,14.8571428571,10.4,7.42857142857,5.27527927494,0.355066874275,0.195054945055,6.88165262543,0.926376314962,0.503663003663,3.05894472934,0.411781021257,0.227106227106,0.942142202117,0.406260584594,2.30816868158,2.3190588451,0.942142202117,2.30816868158,0.746099064089,0.706446457112,442,0.332330827068,0.348997787149,21,21,21,1,0,0.285714285714,0.714285714286,0,50,0.119047619048,0.337579326884,4.7619047619,2.82857142857,2.12857142857,1.68494834444,-0.000579114123635,0.017157370931,1.83708930958,-0.0730183042155,-0.0318266639021,-0.87140119025,-0.366872415642,-0.187988112516,0.156205289959,0.00961913312611,0.121638069337,0.337579326884,0.156205289959,0.121638069337,0.289606047302,0.252072045071,281,0.211278195489,-0.0494409992448,-0.047619047619,0.0952380952381,-0.047619047619,100,56,6,258,0.943396226415,0.821656050955,0.178343949045,0.0566037735849,0.641025641026,0.943396226415,0.763358778626,0.687772182311,0.765052277371,0.617283950617,114,64,0,0,0,0
159,WLNM_dir_neg,0.8056640625,0.514233156503,00:00:01,10,40,9,1288695500,fixed,0.5,0.574712643678,0.78125,0.662251655629,50,37,14,91,0.78125,0.7109375,0.2890625,0.21875,0.574712643678,0.78125,0.662251655629,0.734375,0.515625,0.451612903226,0.466091599699,0.4921875,106,42,64,0,106,0,42,0,64,21,106,0.252380952381,1.98147951821,10.0952380952,7.57142857143,5.3,3.5903309305,0.355645988398,0.177897574124,5.04456331585,0.999394619178,0.535489667565,3.93034591959,0.778653436899,0.415094339623,0.785936912158,0.396641451468,2.18653061224,1.98147951821,0.785936912158,2.18653061224,0.456493016787,0.454374412041,161,0.121052631579,0.398438786394,21,21,21,1,0,0.333333333333,0.619047619048,0.047619047619,21,129,0.307142857143,2.12369181906,12.2857142857,9.92307692308,6.14285714286,4.59502836926,0.374013937033,0.203765227021,6.23125761212,1.01439077407,0.547803617571,2.9032002047,0.472613986812,0.262827611665,0.916026433463,0.43133680002,1.99465649008,2.12369181906,0.916026433463,1.99465649008,0.644785454361,0.6,284,0.213533834586,0.353008818568,21,21,21,1,0,0.380952380952,0.619047619048,0,23,0.0547619047619,0.142212300849,2.19047619048,2.35164835165,0.842857142857,1.00469743876,0.0183679486344,0.0258676528971,1.18669429627,0.0149961548878,0.0123139500059,-1.02714571489,-0.306039450088,-0.152266727958,0.130089521306,0.0346953485524,-0.191874122168,0.142212300849,0.130089521306,-0.191874122168,0.188292437574,0.145625587959,123,0.0924812030075,-0.0454299678262,0.047619047619,0,-0.047619047619,92,37,14,277,0.867924528302,0.882165605096,0.117834394904,0.132075471698,0.713178294574,0.867924528302,0.782978723404,0.706301062983,0.750090133397,0.643356643357,87,64,0,0,0,0
160,WLNM_dir_neg,0.674743652344,0.366825357409,00:00:01,10,40,10,1288695501,fixed,0.5,0.479452054795,0.546875,0.510948905109,35,38,29,90,0.546875,0.703125,0.296875,0.453125,0.479452054795,0.546875,0.510948905109,0.651041666667,0.539930555556,0.241509433962,0.242772823748,0.25,106,42,64,0,106,0,42,0,64,21,106,0.252380952381,1.98147951821,10.0952380952,7.57142857143,5.3,3.5903309305,0.355645988398,0.177897574124,5.04456331585,0.999394619178,0.535489667565,3.93034591959,0.778653436899,0.415094339623,0.785936912158,0.396641451468,2.18653061224,1.98147951821,0.785936912158,2.18653061224,0.456493016787,0.454374412041,161,0.121052631579,0.398438786394,21,21,21,1,0,0.333333333333,0.619047619048,0.047619047619,21,115,0.27380952381,2.3605561693,10.9523809524,8.21428571429,6.05263157895,4.91402269507,0.448671637376,0.245548654244,5.51923045015,1.00785947351,0.542443064182,3.34094369332,0.610085370084,0.340372670807,1.10236297448,0.466992901428,3.18433692895,2.42858397776,1.08483357457,3.18433692895,0.622109393874,0.59841827768,227,0.170676691729,0.297236298141,21,20,20,0.952380952381,0,0.285714285714,0.619047619048,0.047619047619,9,0.0214285714286,0.379076651083,0.857142857143,0.642857142857,0.752631578947,1.32369176457,0.0930256489774,0.0676510801203,0.474667134304,0.00846485432852,0.00695339661706,-0.589402226272,-0.168568066816,-0.0747216688152,0.316426062327,0.0703514499606,0.997806316708,0.447104459548,0.298896662417,0.997806316708,0.165616377087,0.144043865639,66,0.0496240601504,-0.101202488253,-0.047619047619,0,0,77,38,29,276,0.72641509434,0.87898089172,0.12101910828,0.27358490566,0.669565217391,0.72641509434,0.696832579186,0.589737105596,0.605395986059,0.534722222222,73,64,0,0,0,0
161,WLNM_dir_neg,0.793579101562,0.25618784461,00:00:01,10,40,11,1288695502,fixed,0.5,0.490909090909,0.84375,0.620689655172,54,56,10,72,0.84375,0.5625,0.4375,0.15625,0.490909090909,0.84375,0.620689655172,0.65625,0.475694444444,0.344370860927,0.387155182395,0.40625,106,42,64,0,106,0,42,0,64,21,106,0.252380952381,1.98147951821,10.0952380952,7.57142857143,5.3,3.5903309305,0.355645988398,0.177897574124,5.04456331585,0.999394619178,0.535489667565,3.93034591959,0.778653436899,0.415094339623,0.785936912158,0.396641451468,2.18653061224,1.98147951821,0.785936912158,2.18653061224,0.456493016787,0.454374412041,161,0.121052631579,0.398438786394,21,21,21,1,0,0.333333333333,0.619047619048,0.047619047619,21,152,0.361904761905,2.32948802792,14.4761904762,11.6923076923,7.2380952381,6.36096728194,0.439408924081,0.241854636591,6.74466279294,0.931828412183,0.508771929825,2.9138421698,0.402570299774,0.218045112782,1.07569847643,0.461774631824,2.41680255718,2.32948802792,1.07569847643,2.41680255718,0.780632390056,0.733254994125,416,0.312781954887,0.431817554155,21,21,21,1,0,0.380952380952,0.619047619048,0,46,0.109523809524,0.34800850971,4.38095238095,4.12087912088,1.9380952381,2.77063635144,0.0837629356832,0.0639570624675,1.70009947709,-0.0675662069952,-0.0267177377406,-1.01650374979,-0.376083137125,-0.197049226841,0.289761564276,0.0651331803566,0.230271944934,0.34800850971,0.289761564276,0.230271944934,0.324139373269,0.278880582083,255,0.191729323308,0.0333787677609,0.047619047619,0,-0.047619047619,96,56,10,258,0.905660377358,0.821656050955,0.178343949045,0.0943396226415,0.631578947368,0.905660377358,0.744186046512,0.65743370122,0.727316428314,0.592592592593,110,64,0,0,0,0
162,WLNM_dir_neg,0.806274414062,0.239677640889,00:00:01,10,40,12,1288695503,fixed,0.5,0.504761904762,0.828125,0.627218934911,53,52,11,76,0.828125,0.59375,0.40625,0.171875,0.504761904762,0.828125,0.627218934911,0.671875,0.484375,0.363636363636,0.399507085457,0.421875,106,42,64,0,106,0,42,0,64,21,106,0.252380952381,1.98147951821,10.0952380952,7.57142857143,5.3,3.5903309305,0.355645988398,0.177897574124,5.04456331585,0.999394619178,0.535489667565,3.93034591959,0.778653436899,0.415094339623,0.785936912158,0.396641451468,2.18653061224,1.98147951821,0.785936912158,2.18653061224,0.456493016787,0.454374412041,161,0.121052631579,0.398438786394,21,21,21,1,0,0.333333333333,0.619047619048,0.047619047619,21,147,0.35,2.19684852316,14,10.5,7,5.2820450585,0.37728893275,0.206997084548,6.52686754883,0.932409649833,0.509232264334,3.20936130718,0.458480186739,0.252024619372,0.930152572085,0.423403144223,2.22750704901,2.19684852316,0.930152572085,2.22750704901,0.73686506296,0.708095781072,414,0.311278195489,0.386120264664,21,21,21,1,0,0.333333333333,0.666666666667,0,41,0.097619047619,0.215369004942,3.90476190476,2.92857142857,1.7,1.691714128,0.0216429443516,0.0290995104241,1.48230423298,-0.0669849693446,-0.0262574032308,-0.720984612411,-0.32017325016,-0.163069720251,0.144215659928,0.0267616927551,0.0409764367633,0.215369004942,0.144215659928,0.0409764367633,0.280372046173,0.25372136903,253,0.19022556391,-0.0123185217294,0,0.047619047619,-0.047619047619,95,52,11,262,0.896226415094,0.834394904459,0.165605095541,0.103773584906,0.646258503401,0.896226415094,0.750988142292,0.66538055747,0.730621319553,0.601265822785,105,64,0,0,0,0
163,WLNM_dir_neg,0.783203125,0.435462268545,00:00:01,10,40,13,1288695504,fixed,0.5,0.583333333333,0.765625,0.662162162162,49,35,15,93,0.765625,0.7265625,0.2734375,0.234375,0.583333333333,0.765625,0.662162162162,0.739583333333,0.520833333333,0.45652173913,0.467707173347,0.4921875,106,42,64,0,106,0,42,0,64,21,106,0.252380952381,1.98147951821,10.0952380952,7.57142857143,5.3,3.5903309305,0.355645988398,0.177897574124,5.04456331585,0.999394619178,0.535489667565,3.93034591959,0.778653436899,0.415094339623,0.785936912158,0.396641451468,2.18653061224,1.98147951821,0.785936912158,2.18653061224,0.456493016787,0.454374412041,161,0.121052631579,0.398438786394,21,21,21,1,0,0.333333333333,0.619047619048,0.047619047619,21,126,0.3,2.40460130875,12,8.4,6.3,4.27784992724,0.356487493937,0.177626606198,5.5497747702,0.924962461701,0.508692365835,4.26614580154,0.711024300257,0.393801965231,0.972483169469,0.404425950336,2.42555148264,2.40460130875,0.972483169469,2.42555148264,0.671002608503,0.65625,308,0.231578947368,0.369867944356,21,21,21,1,0,0.285714285714,0.666666666667,0.047619047619,20,0.047619047619,0.423121790532,1.90476190476,0.828571428571,1,0.687518996745,0.000841505538603,-0.000270967925954,0.505211454355,-0.074432157477,-0.0267973017299,0.335799881953,-0.0676291366427,-0.0212923743921,0.186546257311,0.00778449886832,0.239020870396,0.423121790532,0.186546257311,0.239020870396,0.214509591715,0.201875587959,147,0.110526315789,-0.0285708420378,-0.047619047619,0.047619047619,0,91,35,15,279,0.858490566038,0.888535031847,0.111464968153,0.141509433962,0.722222222222,0.858490566038,0.784482758621,0.708099524395,0.747025597885,0.645390070922,84,64,0,0,0,0
164,WLNM_dir_neg,0.777221679688,0.293651289673,00:00:01,10,40,14,1288695505,fixed,0.5,0.558139534884,0.75,0.64,48,38,16,90,0.75,0.703125,0.296875,0.25,0.558139534884,0.75,0.64,0.71875,0.517361111111,0.41726618705,0.429547145642,0.453125,106,42,64,0,106,0,42,0,64,21,106,0.252380952381,1.98147951821,10.0952380952,7.57142857143,5.3,3.5903309305,0.355645988398,0.177897574124,5.04456331585,0.999394619178,0.535489667565,3.93034591959,0.778653436899,0.415094339623,0.785936912158,0.396641451468,2.18653061224,1.98147951821,0.785936912158,2.18653061224,0.456493016787,0.454374412041,161,0.121052631579,0.398438786394,21,21,21,1,0,0.333333333333,0.619047619048,0.047619047619,21,128,0.304761904762,3.69082730041,12.1904761905,8.53333333333,6.09523809524,5.57332080199,0.457186472038,0.251116071429,6.37106554593,1.04525294113,0.560267857143,3.04802824634,0.500067134165,0.27380952381,1.94525001558,0.527049860979,5.81093073439,3.69082730041,1.94525001558,5.81093073439,0.747756695612,0.665730337079,316,0.237593984962,0.270404101975,21,21,21,1,0,0.285714285714,0.714285714286,0,22,0.052380952381,1.7093477822,2.09523809524,0.961904761905,0.795238095238,1.98298987149,0.10154048364,0.0732184973046,1.32650223008,0.0458583219505,0.0247781895777,-0.882317673249,-0.278586302735,-0.141284815813,1.15931310342,0.130408409511,3.62440012214,1.7093477822,1.15931310342,3.62440012214,0.291263678824,0.211355925037,155,0.116541353383,-0.128034684419,-0.047619047619,0.0952380952381,-0.047619047619,90,38,16,276,0.849056603774,0.87898089172,0.12101910828,0.150943396226,0.703125,0.849056603774,0.769230769231,0.687029037605,0.728037495493,0.625,86,64,0,0,0,0
165,WLNM_dir_neg,0.745910644531,0.344478869886,00:00:01,10,40,15,1288695506,fixed,0.5,0.529411764706,0.703125,0.604026845638,45,40,19,88,0.703125,0.6875,0.3125,0.296875,0.529411764706,0.703125,0.604026845638,0.692708333333,0.519097222222,0.361010830325,0.37072652027,0.390625,106,42,64,0,106,0,42,0,64,21,106,0.252380952381,1.98147951821,10.0952380952,7.57142857143,5.3,3.5903309305,0.355645988398,0.177897574124,5.04456331585,0.999394619178,0.535489667565,3.93034591959,0.778653436899,0.415094339623,0.785936912158,0.396641451468,2.18653061224,1.98147951821,0.785936912158,2.18653061224,0.456493016787,0.454374412041,161,0.121052631579,0.398438786394,21,21,21,1,0,0.333333333333,0.619047619048,0.047619047619,21,127,0.302380952381,2.31505219917,12.0952380952,8.46666666667,6.04761904762,4.49338137603,0.371500035026,0.199100112486,6.0866755333,1.00645815905,0.544431946007,3.20119025483,0.529330672059,0.294713160855,0.971459139016,0.419627315255,3.04206364116,2.31505219917,0.971459139016,3.04206364116,0.671705304499,0.643298969072,312,0.234586466165,0.28576938079,21,21,21,1,0,0.285714285714,0.714285714286,0,21,0.05,0.33357268096,2,0.895238095238,0.747619047619,0.903050445537,0.0158540466281,0.021202538362,1.04211221745,0.00706353987106,0.00894227844161,-0.729155664758,-0.249322764841,-0.120381178768,0.185522226858,0.0229858637879,0.855533028913,0.33357268096,0.185522226858,0.855533028913,0.215212287712,0.188924557031,151,0.113533834586,-0.112669405603,-0.047619047619,0.0952380952381,-0.047619047619,87,40,19,274,0.820754716981,0.872611464968,0.127388535032,0.179245283019,0.685039370079,0.820754716981,0.74678111588,0.655759727626,0.693366181949,0.595890410959,85,64,0,0,0,0
166,WLNM_dir_neg,0.771301269531,0.381451891206,00:00:01,10,40,16,1288695507,fixed,0.5,0.494845360825,0.75,0.596273291925,48,49,16,79,0.75,0.6171875,0.3828125,0.25,0.494845360825,0.75,0.596273291925,0.661458333333,0.498263888889,0.325259515571,0.346206478369,0.3671875,106,42,64,0,106,0,42,0,64,21,106,0.252380952381,1.98147951821,10.0952380952,7.57142857143,5.3,3.5903309305,0.355645988398,0.177897574124,5.04456331585,0.999394619178,0.535489667565,3.93034591959,0.778653436899,0.415094339623,0.785936912158,0.396641451468,2.18653061224,1.98147951821,0.785936912158,2.18653061224,0.456493016787,0.454374412041,161,0.121052631579,0.398438786394,21,21,21,1,0,0.333333333333,0.619047619048,0.047619047619,21,139,0.330952380952,4.31107963642,13.2380952381,9.26666666667,6.61904761905,5.47635610516,0.413681576289,0.227817745803,6.32831881684,0.956076943552,0.517985611511,3.0409898138,0.459430115754,0.254196642686,2.21329205066,0.513396234196,6.17191593037,4.31107963642,2.21329205066,6.17191593037,0.721461415712,0.669036845507,345,0.259398496241,0.292987458673,21,21,21,1,0,0.285714285714,0.714285714286,0,33,0.0785714285714,2.3296001182,3.14285714286,1.69523809524,1.31904761905,1.88602517466,0.0580355878906,0.0499201716794,1.28375550099,-0.0433176756259,-0.0175040560543,-0.88935610579,-0.319223321146,-0.160897696937,1.4273551385,0.116754782729,3.98538531813,2.3296001182,1.4273551385,3.98538531813,0.264968398925,0.214662433466,184,0.138345864662,-0.105451327721,-0.047619047619,0.0952380952381,-0.047619047619,90,49,16,265,0.849056603774,0.843949044586,0.156050955414,0.150943396226,0.647482014388,0.849056603774,0.734693877551,0.639725954479,0.69300564836,0.58064516129,97,64,0,0,0,0
167,WLNM_dir_neg,0.804321289062,0.319526281421,00:00:01,10,40,17,1288695508,fixed,0.5,0.509615384615,0.828125,0.630952380952,53,51,11,77,0.828125,0.6015625,0.3984375,0.171875,0.509615384615,0.828125,0.630952380952,0.677083333333,0.486111111111,0.371621621622,0.406527272242,0.4296875,106,42,64,0,106,0,42,0,64,21,106,0.252380952381,1.98147951821,10.0952380952,7.57142857143,5.3,3.5903309305,0.355645988398,0.177897574124,5.04456331585,0.999394619178,0.535489667565,3.93034591959,0.778653436899,0.415094339623,0.785936912158,0.396641451468,2.18653061224,1.98147951821,0.785936912158,2.18653061224,0.456493016787,0.454374412041,161,0.121052631579,0.398438786394,21,21,21,1,0,0.333333333333,0.619047619048,0.047619047619,21,146,0.347619047619,2.36594753339,13.9047619048,9.73333333333,6.95238095238,5.16628262782,0.371547723233,0.204827136334,6.41464099133,0.922653841218,0.502283105023,3.35374701604,0.482388269431,0.266797129811,0.959613042917,0.405593543126,2.56222875899,2.36594753339,0.959613042917,2.56222875899,0.731650704284,0.685714285714,392,0.294736842105,0.342176142203,21,21,21,1,0,0.285714285714,0.714285714286,0,40,0.0952380952381,0.384468015175,3.80952380952,2.1619047619,1.65238095238,1.57595169732,0.0159017348352,0.02692956221,1.37007767548,-0.0767407779595,-0.0332065625423,-0.576598903544,-0.296265167469,-0.148297209812,0.173676130759,0.00895209165797,0.375698146749,0.384468015175,0.173676130759,0.375698146749,0.275157687497,0.231339873673,231,0.173684210526,-0.0562626441911,-0.047619047619,0.0952380952381,-0.047619047619,95,51,11,263,0.896226415094,0.837579617834,0.162420382166,0.103773584906,0.650684931507,0.896226415094,0.753968253968,0.669340841418,0.733806032929,0.605095541401,104,64,0,0,0,0
168,WLNM_dir_neg,0.745910644531,0.220567897011,00:00:01,10,40,18,1288695509,fixed,0.5,0.50495049505,0.796875,0.618181818182,51,50,13,78,0.796875,0.609375,0.390625,0.203125,0.50495049505,0.796875,0.618181818182,0.671875,0.491319444444,0.354948805461,0.383536731394,0.40625,106,42,64,0,106,0,42,0,64,21,106,0.252380952381,1.98147951821,10.0952380952,7.57142857143,5.3,3.5903309305,0.355645988398,0.177897574124,5.04456331585,0.999394619178,0.535489667565,3.93034591959,0.778653436899,0.415094339623,0.785936912158,0.396641451468,2.18653061224,1.98147951821,0.785936912158,2.18653061224,0.456493016787,0.454374412041,161,0.121052631579,0.398438786394,21,21,21,1,0,0.333333333333,0.619047619048,0.047619047619,21,143,0.340476190476,1.98787623049,13.619047619,11.9166666667,6.80952380952,5.09388054901,0.374026194158,0.205461205461,6.55453314599,0.962553818642,0.515484515485,2.85690475198,0.419545453088,0.231768231768,0.897186052614,0.45132893027,2.18847822179,1.98787623049,0.897186052614,2.18847822179,0.672055100206,0.637065637066,330,0.248120300752,0.459266359481,21,21,21,1,0,0.428571428571,0.571428571429,0,37,0.0880952380952,0.0063967122727,3.52380952381,4.34523809524,1.50952380952,1.50354961852,0.0183802057602,0.0275636313372,1.50996983014,-0.0368408005357,-0.0200051520806,-1.0734411676,-0.359107983811,-0.183326107854,0.111249140456,0.0546874788021,0.00194760954117,0.0063967122727,0.111249140456,0.00194760954117,0.215562083419,0.182691225024,169,0.127067669173,0.0608275730871,0.0952380952381,-0.047619047619,-0.047619047619,93,50,13,264,0.877358490566,0.84076433121,0.15923566879,0.122641509434,0.65034965035,0.877358490566,0.746987951807,0.658276849774,0.718122821776,0.596153846154,101,64,0,0,0,0
169,WLNM_dir_neg,0.762451171875,0.338234912264,00:00:01,10,40,19,1288695510,fixed,0.5,0.571428571429,0.5625,0.566929133858,36,27,28,101,0.5625,0.7890625,0.2109375,0.4375,0.571428571429,0.5625,0.566929133858,0.713541666667,0.557291666667,0.352941176471,0.352965604001,0.3515625,106,42,64,0,106,0,42,0,64,21,106,0.252380952381,1.98147951821,10.0952380952,7.57142857143,5.3,3.5903309305,0.355645988398,0.177897574124,5.04456331585,0.999394619178,0.535489667565,3.93034591959,0.778653436899,0.415094339623,0.785936912158,0.396641451468,2.18653061224,1.98147951821,0.785936912158,2.18653061224,0.456493016787,0.454374412041,161,0.121052631579,0.398438786394,21,21,21,1,0,0.333333333333,0.619047619048,0.047619047619,21,105,0.25,1.89906639326,10,8.07692307692,5.83333333333,4.13521462563,0.413521462563,0.209070294785,4.98998997995,0.99799799599,0.537868480726,3.94968353163,0.789936706325,0.434467120181,0.762723560697,0.401630803117,1.8020171563,1.99370496097,0.739674520403,1.8020171563,0.555969907286,0.545717035611,189,0.142105263158,0.405468919383,21,19,19,0.904761904762,0,0.285714285714,0.571428571429,0.047619047619,-1,-0.00238095238095,-0.0824131249577,-0.0952380952381,0.505494505495,0.533333333333,0.544883695131,0.0578754741645,0.0311727206606,-0.0545733359001,-0.00139662318785,0.00237881316048,0.0193376120387,0.0112832694258,0.0193727805588,-0.0232133514609,0.00498935164981,-0.384513455941,0.0122254427535,-0.0462623917546,-0.384513455941,0.0994768904986,0.0913426235698,28,0.0210526315789,0.00703013298912,-0.047619047619,-0.047619047619,0,78,27,28,287,0.735849056604,0.914012738854,0.0859872611465,0.264150943396,0.742857142857,0.735849056604,0.739336492891,0.651911791346,0.649861795457,0.586466165414,63,64,0,0,0,0
170,WLNM_dir_neg,0.820983886719,0.509544518509,00:00:01,10,40,20,1288695511,fixed,0.5,0.540816326531,0.828125,0.654320987654,53,45,11,83,0.828125,0.6484375,0.3515625,0.171875,0.540816326531,0.828125,0.654320987654,0.708333333333,0.496527777778,0.420689655172,0.449404971584,0.4765625,106,42,64,0,106,0,42,0,64,21,106,0.252380952381,1.98147951821,10.0952380952,7.57142857143,5.3,3.5903309305,0.355645988398,0.177897574124,5.04456331585,0.999394619178,0.535489667565,3.93034591959,0.778653436899,0.415094339623,0.785936912158,0.396641451468,2.18653061224,1.98147951821,0.785936912158,2.18653061224,0.456493016787,0.454374412041,161,0.121052631579,0.398438786394,21,21,21,1,0,0.333333333333,0.619047619048,0.047619047619,21,140,0.333333333333,3.3286844671,13.3333333333,9.33333333333,7.77777777778,5.46198986939,0.409649240204,0.209183673469,5.81664278887,0.872496418331,0.47074829932,4.1753243387,0.626298650805,0.344217687075,1.54762790417,0.464936799948,4,3.57380914784,1.41256000517,4,0.743320851835,0.736128236745,398,0.299248120301,0.388064765922,21,19,19,0.904761904762,0,0.190476190476,0.666666666667,0.047619047619,34,0.0809523809524,1.34720494888,3.2380952381,1.7619047619,2.47777777778,1.8716589389,0.0540032518062,0.0312860993454,0.772079473022,-0.126898200847,-0.0647413682454,0.244978419112,-0.152354786095,-0.0708766525478,0.761690992011,0.0682953484802,1.81346938776,1.59232962963,0.626623093008,1.81346938776,0.286827835048,0.281753824703,237,0.178195488722,-0.0103740204719,-0.142857142857,0.047619047619,0,95,45,11,269,0.896226415094,0.856687898089,0.143312101911,0.103773584906,0.678571428571,0.896226415094,0.772357723577,0.693777604495,0.752914313184,0.629139072848,98,64,0,0,0,0
171,WLNM_dir_neg,0.714233398438,0.294831605771,00:00:01,10,40,21,1288695512,fixed,0.5,0.471153846154,0.765625,0.583333333333,49,55,15,73,0.765625,0.5703125,0.4296875,0.234375,0.471153846154,0.765625,0.583333333333,0.635416666667,0.486111111111,0.290540540541,0.317830412844,0.3359375,106,42,64,0,106,0,42,0,64,21,106,0.252380952381,1.98147951821,10.0952380952,7.57142857143,5.3,3.5903309305,0.355645988398,0.177897574124,5.04456331585,0.999394619178,0.535489667565,3.93034591959,0.778653436899,0.415094339623,0.785936912158,0.396641451468,2.18653061224,1.98147951821,0.785936912158,2.18653061224,0.456493016787,0.454374412041,161,0.121052631579,0.398438786394,21,21,21,1,0,0.333333333333,0.619047619048,0.047619047619,21,146,0.347619047619,3.93920407772,13.9047619048,9.73333333333,6.95238095238,6.59473094148,0.474278595106,0.262883235486,6.49211976535,0.93379804844,0.505544683627,2.72903262121,0.392532089352,0.215264187867,1.95044780658,0.495137537456,5.06423533893,3.93920407772,1.95044780658,5.06423533893,0.722340841215,0.649238914626,327,0.245864661654,0.30253385577,21,21,21,1,0,0.285714285714,0.714285714286,0,40,0.0952380952381,1.9577245595,3.80952380952,2.1619047619,1.65238095238,3.00440001098,0.118632606708,0.084985661362,1.4475564495,-0.0655965707374,-0.0299449839383,-1.20131329838,-0.386121347548,-0.199830151756,1.16451089442,0.0984960859884,2.87770472668,1.9577245595,1.16451089442,2.87770472668,0.265847824428,0.194864502585,166,0.124812030075,-0.0959049306236,-0.047619047619,0.0952380952381,-0.047619047619,91,55,15,259,0.858490566038,0.824840764331,0.175159235669,0.141509433962,0.623287671233,0.858490566038,0.722222222222,0.623300364281,0.683331330369,0.565217391304,104,64,0,0,0,0
172,WLNM_dir_neg,0.813415527344,0.220751622606,00:00:01,10,40,22,1288695513,fixed,0.5,0.478632478632,0.875,0.618784530387,56,61,8,67,0.875,0.5234375,0.4765625,0.125,0.478632478632,0.875,0.618784530387,0.640625,0.463541666667,0.330097087379,0.384974191609,0.3984375,106,42,64,0,106,0,42,0,64,21,106,0.252380952381,1.98147951821,10.0952380952,7.57142857143,5.3,3.5903309305,0.355645988398,0.177897574124,5.04456331585,0.999394619178,0.535489667565,3.93034591959,0.778653436899,0.415094339623,0.785936912158,0.396641451468,2.18653061224,1.98147951821,0.785936912158,2.18653061224,0.456493016787,0.454374412041,161,0.121052631579,0.398438786394,21,21,21,1,0,0.333333333333,0.619047619048,0.047619047619,21,159,0.378571428571,2.93217171564,15.1428571429,9.9375,7.57142857143,5.49805160294,0.363078879439,0.199460916442,6.61491820487,0.873668442153,0.473794549266,2.65652834676,0.350862234478,0.1928721174,1.31523020462,0.448551562518,3.83695055369,2.93217171564,1.31523020462,3.83695055369,0.75322156262,0.725256895619,447,0.336090225564,0.291687903349,21,21,21,1,0,0.238095238095,0.761904761905,0,53,0.12619047619,0.950692197422,5.04761904762,2.36607142857,2.27142857143,1.90772067244,0.00743289104113,0.0215633423181,1.57035488902,-0.125726177025,-0.0616951182989,-1.27381757283,-0.427791202422,-0.222222222222,0.529293292461,0.0519101110502,1.65041994145,0.950692197422,0.529293292461,1.65041994145,0.296728545833,0.270882483578,286,0.215037593985,-0.106750883045,-0.0952380952381,0.142857142857,-0.047619047619,98,61,8,253,0.924528301887,0.805732484076,0.194267515924,0.0754716981132,0.616352201258,0.924528301887,0.739622641509,0.653998754245,0.730260785963,0.586826347305,117,64,0,0,0,0
173,WLNM_dir_neg,0.774658203125,0.36472387692,00:00:01,10,40,23,1288695514,fixed,0.5,0.490384615385,0.796875,0.607142857143,51,53,13,75,0.796875,0.5859375,0.4140625,0.203125,0.490384615385,0.796875,0.607142857143,0.65625,0.486111111111,0.331081081081,0.362178842543,0.3828125,106,42,64,0,106,0,42,0,64,21,106,0.252380952381,1.98147951821,10.0952380952,7.57142857143,5.3,3.5903309305,0.355645988398,0.177897574124,5.04456331585,0.999394619178,0.535489667565,3.93034591959,0.778653436899,0.415094339623,0.785936912158,0.396641451468,2.18653061224,1.98147951821,0.785936912158,2.18653061224,0.456493016787,0.454374412041,161,0.121052631579,0.398438786394,21,21,21,1,0,0.333333333333,0.619047619048,0.047619047619,21,146,0.347619047619,2.73994306667,13.9047619048,9.125,6.95238095238,4.52664071807,0.325546079039,0.173842139596,5.72255354257,0.823107016398,0.452054794521,3.36862272266,0.484527925862,0.25831702544,1.09051133983,0.398005109338,3.00002963793,2.73994306667,1.09051133983,3.00002963793,0.704627487522,0.669527896996,364,0.273684210526,0.312859701108,21,21,21,1,0,0.238095238095,0.761904761905,0,40,0.0952380952381,0.758463548458,3.80952380952,1.55357142857,1.65238095238,0.936309787573,-0.030099909359,-0.00405543452842,0.677990226723,-0.17628760278,-0.0834348730446,-0.561723196928,-0.294125511037,-0.156777314182,0.304574427672,0.0013636578701,0.813499025683,0.758463548458,0.304574427672,0.813499025683,0.248134470735,0.215153484954,203,0.152631578947,-0.0855790852863,-0.0952380952381,0.142857142857,-0.047619047619,93,53,13,261,0.877358490566,0.831210191083,0.168789808917,0.122641509434,0.63698630137,0.877358490566,0.738095238095,0.64632060285,0.708568681649,0.584905660377,104,64,0,0,0,0
174,WLNM_dir_neg,0.777282714844,0.36397130108,00:00:00,10,40,24,1288695515,fixed,0.5,0.505376344086,0.734375,0.59872611465,47,46,17,82,0.734375,0.640625,0.359375,0.265625,0.505376344086,0.734375,0.59872611465,0.671875,0.505208333333,0.336842105263,0.353726150628,0.375,106,42,64,0,106,0,42,0,64,21,106,0.252380952381,1.98147951821,10.0952380952,7.57142857143,5.3,3.5903309305,0.355645988398,0.177897574124,5.04456331585,0.999394619178,0.535489667565,3.93034591959,0.778653436899,0.415094339623,0.785936912158,0.396641451468,2.18653061224,1.98147951821,0.785936912158,2.18653061224,0.456493016787,0.454374412041,161,0.121052631579,0.398438786394,21,21,21,1,0,0.333333333333,0.619047619048,0.047619047619,21,135,0.321428571429,2.27718234382,12.8571428571,9.64285714286,6.75,6.46750117345,0.503027869046,0.275132275132,6.64508411212,1.03367975077,0.554497354497,2.92525945125,0.455040359084,0.249735449735,0.996849390919,0.437755629725,2.5913797027,2.34104146102,0.977683074448,2.5913797027,0.734199607582,0.666423889294,305,0.229323308271,0.323041794504,21,20,20,0.952380952381,0,0.285714285714,0.666666666667,0,29,0.0690476190476,0.29570282561,2.7619047619,2.07142857143,1.45,2.87717024295,0.147381880648,0.0972347010083,1.60052079627,0.0342851315963,0.0190076869322,-1.00508646833,-0.323613077816,-0.165358889887,0.210912478761,0.0411141782572,0.404849090454,0.359561942801,0.19174616229,0.404849090454,0.277706590795,0.212049477252,144,0.108270676692,-0.0753969918894,-0.047619047619,0.047619047619,-0.047619047619,89,46,17,268,0.839622641509,0.853503184713,0.146496815287,0.160377358491,0.659259259259,0.839622641509,0.738589211618,0.64467454676,0.693125826223,0.585526315789,93,64,0,0,0,0
175,WLNM_dir_neg,0.799865722656,0.382934323792,00:00:01,10,40,25,1288695516,fixed,0.5,0.544554455446,0.859375,0.666666666667,55,46,9,82,0.859375,0.640625,0.359375,0.140625,0.544554455446,0.859375,0.666666666667,0.713541666667,0.491319444444,0.436860068259,0.472045207869,0.5,106,42,64,0,106,0,42,0,64,21,106,0.252380952381,1.98147951821,10.0952380952,7.57142857143,5.3,3.5903309305,0.355645988398,0.177897574124,5.04456331585,0.999394619178,0.535489667565,3.93034591959,0.778653436899,0.415094339623,0.785936912158,0.396641451468,2.18653061224,1.98147951821,0.785936912158,2.18653061224,0.456493016787,0.454374412041,161,0.121052631579,0.398438786394,21,21,21,1,0,0.333333333333,0.619047619048,0.047619047619,21,143,0.340476190476,2.11186826541,13.619047619,11,6.80952380952,5.4541377914,0.400478649019,0.220446220446,6.44685231426,0.946740549647,0.514152514153,3.10836046203,0.456472515403,0.25308025308,0.915842798929,0.433664738435,2.2015193986,2.11186826541,0.915842798929,2.2015193986,0.695485567965,0.664544875875,348,0.261654135338,0.414340626826,21,21,21,1,0,0.380952380952,0.619047619048,0,37,0.0880952380952,0.1303887472,3.52380952381,3.42857142857,1.50952380952,1.86380686091,0.044832660621,0.0425486463222,1.40228899841,-0.052654069531,-0.0213371534126,-0.821985457559,-0.322180921497,-0.162014086542,0.129905886771,0.037023286967,0.0149887863514,0.1303887472,0.129905886771,0.0149887863514,0.238992551177,0.210170463834,187,0.140601503759,0.0159018404319,0.047619047619,0,-0.047619047619,97,46,9,268,0.915094339623,0.853503184713,0.146496815287,0.0849056603774,0.678321678322,0.915094339623,0.779116465863,0.704545158185,0.768597524336,0.638157894737,101,64,0,0,0,0
176,WLNM_dir_neg,0.821105957031,0.394124128142,00:00:01,10,40,26,1288695517,fixed,0.5,0.534653465347,0.84375,0.654545454545,54,47,10,81,0.84375,0.6328125,0.3671875,0.15625,0.534653465347,0.84375,0.654545454545,0.703125,0.491319444444,0.41638225256,0.44991808875,0.4765625,106,42,64,0,106,0,42,0,64,21,106,0.252380952381,1.98147951821,10.0952380952,7.57142857143,5.3,3.5903309305,0.355645988398,0.177897574124,5.04456331585,0.999394619178,0.535489667565,3.93034591959,0.778653436899,0.415094339623,0.785936912158,0.396641451468,2.18653061224,1.98147951821,0.785936912158,2.18653061224,0.456493016787,0.454374412041,161,0.121052631579,0.398438786394,21,21,21,1,0,0.333333333333,0.619047619048,0.047619047619,21,143,0.340476190476,2.11580198377,13.619047619,11.9166666667,6.80952380952,5.99563333165,0.440238811065,0.243423243423,6.64544240528,0.975904129447,0.522810522811,2.6947921556,0.395738708166,0.215784215784,0.998954883049,0.472140063537,2.30241423405,2.11580198377,0.998954883049,2.30241423405,0.710024322942,0.666003976143,335,0.251879699248,0.442250336393,21,21,21,1,0,0.428571428571,0.571428571429,0,37,0.0880952380952,0.134322465555,3.52380952381,4.34523809524,1.50952380952,2.40530240116,0.0845928226672,0.0655256692993,1.60087908943,-0.023490489731,-0.0126791447546,-1.23555376398,-0.382914728734,-0.199310123838,0.213017970892,0.0754986120698,0.115883621801,0.134322465555,0.213017970892,0.115883621801,0.253531306155,0.211629564102,174,0.130827067669,0.0438115499988,0.0952380952381,-0.047619047619,-0.047619047619,96,47,10,267,0.905660377358,0.850318471338,0.149681528662,0.0943396226415,0.671328671329,0.905660377358,0.771084337349,0.692978081082,0.755978848696,0.627450980392,101,64,0,0,0,0
177,WLNM_dir_neg,0.802001953125,0.352048056658,00:00:01,10,40,27,1288695518,fixed,0.5,0.533333333333,0.875,0.662721893491,56,49,8,79,0.875,0.6171875,0.3828125,0.125,0.533333333333,0.875,0.662721893491,0.703125,0.484375,0.424242424242,0.466091599699,0.4921875,106,42,64,0,106,0,42,0,64,21,106,0.252380952381,1.98147951821,10.0952380952,7.57142857143,5.3,3.5903309305,0.355645988398,0.177897574124,5.04456331585,0.999394619178,0.535489667565,3.93034591959,0.778653436899,0.415094339623,0.785936912158,0.396641451468,2.18653061224,1.98147951821,0.785936912158,2.18653061224,0.456493016787,0.454374412041,161,0.121052631579,0.398438786394,21,21,21,1,0,0.333333333333,0.619047619048,0.047619047619,21,147,0.35,2.30523525239,14,10.5,7,4.77493455453,0.341066753895,0.188532555879,6.15629758865,0.879471084093,0.479429867185,3.46410161514,0.494871659305,0.272108843537,0.982004310397,0.425988761615,2.78217265679,2.30523525239,0.982004310397,2.78217265679,0.709634009004,0.690157251019,395,0.296992481203,0.400164255939,21,21,21,1,0,0.333333333333,0.666666666667,0,41,0.097619047619,0.323755734176,3.90476190476,2.92857142857,1.7,1.18460362403,-0.0145792345035,0.0106349817555,1.1117342728,-0.119923535085,-0.0560598003802,-0.46624430445,-0.283781777594,-0.142985496085,0.196067398239,0.0293473101473,0.595642044543,0.323755734176,0.196067398239,0.595642044543,0.253140992217,0.235782838978,234,0.175939849624,0.00172546954476,0,0.047619047619,-0.047619047619,98,49,8,265,0.924528301887,0.843949044586,0.156050955414,0.0754716981132,0.666666666667,0.924528301887,0.774703557312,0.699856234023,0.768477346473,0.632258064516,105,64,0,0,0,0
178,WLNM_dir_neg,0.766906738281,0.508182492099,00:00:01,10,40,28,1288695519,fixed,0.5,0.483050847458,0.890625,0.626373626374,57,61,7,67,0.890625,0.5234375,0.4765625,0.109375,0.483050847458,0.890625,0.626373626374,0.645833333333,0.461805555556,0.341935483871,0.401055067542,0.4140625,106,42,64,0,106,0,42,0,64,21,106,0.252380952381,1.98147951821,10.0952380952,7.57142857143,5.3,3.5903309305,0.355645988398,0.177897574124,5.04456331585,0.999394619178,0.535489667565,3.93034591959,0.778653436899,0.415094339623,0.785936912158,0.396641451468,2.18653061224,1.98147951821,0.785936912158,2.18653061224,0.456493016787,0.454374412041,161,0.121052631579,0.398438786394,21,21,21,1,0,0.333333333333,0.619047619048,0.047619047619,21,160,0.380952380952,2.81663899658,15.2380952381,10,7.61904761905,5.0980855417,0.334561863674,0.185714285714,6.75630217261,0.886764660155,0.48869047619,3.12211771841,0.409777950542,0.222619047619,1.08131848988,0.383903826934,2.87730512216,2.81663899658,1.08131848988,2.87730512216,0.736548778919,0.699319015191,445,0.334586466165,0.344701304887,21,21,21,1,0,0.238095238095,0.761904761905,0,54,0.128571428571,0.83515947837,5.14285714286,2.42857142857,2.31904761905,1.5077546112,-0.0210841247242,0.0078167115903,1.71173885676,-0.112629959023,-0.0467991913747,-0.808228201176,-0.368875486358,-0.192475292004,0.295381577724,-0.0127376245332,0.690774509911,0.83515947837,0.295381577724,0.690774509911,0.280055762132,0.24494460315,284,0.213533834586,-0.0537374815068,-0.0952380952381,0.142857142857,-0.047619047619,99,61,7,253,0.933962264151,0.805732484076,0.194267515924,0.0660377358491,0.61875,0.933962264151,0.744360902256,0.661642854461,0.739694748227,0.592814371257,118,64,0,0,0,0
179,WLNM_dir_neg,0.830078125,0.463343384252,00:00:01,10,40,29,1288695520,fixed,0.5,0.575757575758,0.890625,0.699386503067,57,42,7,86,0.890625,0.671875,0.328125,0.109375,0.575757575758,0.890625,0.699386503067,0.744791666667,0.494791666667,0.494845360825,0.530589225942,0.5625,106,42,64,0,106,0,42,0,64,21,106,0.252380952381,1.98147951821,10.0952380952,7.57142857143,5.3,3.5903309305,0.355645988398,0.177897574124,5.04456331585,0.999394619178,0.535489667565,3.93034591959,0.778653436899,0.415094339623,0.785936912158,0.396641451468,2.18653061224,1.98147951821,0.785936912158,2.18653061224,0.456493016787,0.454374412041,161,0.121052631579,0.398438786394,21,21,21,1,0,0.333333333333,0.619047619048,0.047619047619,21,141,0.335714285714,2.07519231277,13.4285714286,10.8461538462,6.71428571429,4.54501296556,0.338458412329,0.185748058088,6.38077469546,0.950328146133,0.51536643026,3.1167748899,0.464200515516,0.250591016548,0.889881835815,0.428818972748,2.01795078309,2.07519231277,0.889881835815,2.01795078309,0.66488351485,0.650557620818,350,0.263157894737,0.408358820204,21,21,21,1,0,0.380952380952,0.619047619048,0,35,0.0833333333333,0.0937127945539,3.33333333333,3.27472527473,1.41428571429,0.954682035068,-0.017187576069,0.00785048396449,1.33621137961,-0.0490664730447,-0.0201232373051,-0.813571029692,-0.314452921383,-0.164503323074,0.103944923658,0.0321775212802,-0.168579829152,0.0937127945539,0.103944923658,-0.168579829152,0.208390498063,0.196183208776,189,0.142105263158,0.00992003381008,0.047619047619,0,-0.047619047619,99,42,7,272,0.933962264151,0.866242038217,0.133757961783,0.0660377358491,0.702127659574,0.933962264151,0.801619433198,0.736049430099,0.800204302368,0.668918918919,99,64,0,0,0,0
180,WLNM_dir_neg,0.740783691406,0.293525644069,00:00:01,10,40,30,1288695521,fixed,0.5,0.464285714286,0.8125,0.590909090909,52,60,12,68,0.8125,0.53125,0.46875,0.1875,0.464285714286,0.8125,0.590909090909,0.625,0.472222222222,0.289473684211,0.328687867567,0.34375,106,42,64,0,106,0,42,0,64,21,106,0.252380952381,1.98147951821,10.0952380952,7.57142857143,5.3,3.5903309305,0.355645988398,0.177897574124,5.04456331585,0.999394619178,0.535489667565,3.93034591959,0.778653436899,0.415094339623,0.785936912158,0.396641451468,2.18653061224,1.98147951821,0.785936912158,2.18653061224,0.456493016787,0.454374412041,161,0.121052631579,0.398438786394,21,21,21,1,0,0.333333333333,0.619047619048,0.047619047619,21,154,0.366666666667,2.8998156886,14.6666666667,9.625,7.33333333333,4.91256891385,0.33494788049,0.182127396413,6.2955010391,0.858477414423,0.469387755102,3.30655913804,0.450894427914,0.249845392703,1.21689567798,0.41964587017,3.42648871033,2.8998156886,1.21689567798,3.42648871033,0.705482519348,0.698102678571,417,0.313533834586,0.321029040261,21,21,21,1,0,0.238095238095,0.761904761905,0,48,0.114285714286,0.91833617039,4.57142857143,2.05357142857,2.03333333333,1.32223798335,-0.0206981079084,0.00422982228912,1.25093772325,-0.140917204755,-0.0661019124631,-0.623786781551,-0.327759008985,-0.16524894692,0.430958765818,0.023004418702,1.23995809808,0.91833617039,0.430958765818,1.23995809808,0.248989502561,0.24372826653,256,0.192481203008,-0.077409746133,-0.0952380952381,0.142857142857,-0.047619047619,94,60,12,254,0.88679245283,0.808917197452,0.191082802548,0.11320754717,0.61038961039,0.88679245283,0.723076923077,0.627111269731,0.695709650282,0.566265060241,112,64,0,0,0,0
181,WLNM_dir_neg,0.707763671875,0.372139479852,00:00:01,10,40,31,1288695522,fixed,0.5,0.569620253165,0.703125,0.629370629371,45,34,19,94,0.703125,0.734375,0.265625,0.296875,0.569620253165,0.703125,0.629370629371,0.723958333333,0.529513888889,0.413284132841,0.419102509962,0.4375,106,42,64,0,106,0,42,0,64,21,106,0.252380952381,1.98147951821,10.0952380952,7.57142857143,5.3,3.5903309305,0.355645988398,0.177897574124,5.04456331585,0.999394619178,0.535489667565,3.93034591959,0.778653436899,0.415094339623,0.785936912158,0.396641451468,2.18653061224,1.98147951821,0.785936912158,2.18653061224,0.456493016787,0.454374412041,161,0.121052631579,0.398438786394,21,21,21,1,0,0.333333333333,0.619047619048,0.047619047619,21,121,0.288095238095,2.30863356577,11.5238095238,8.06666666667,5.7619047619,5.57332080199,0.483635276206,0.268791814246,6.60987716909,1.14716876488,0.594254230618,3.04802824634,0.528996637794,0.281778827233,0.972047278213,0.421048750493,2.66666666667,2.30863356577,0.972047278213,2.66666666667,0.758632179817,0.637031594416,289,0.217293233083,0.293358735757,21,21,21,1,0,0.285714285714,0.714285714286,0,15,0.0357142857143,0.327154047556,1.42857142857,0.495238095238,0.461904761905,1.98298987149,0.127989287808,0.0908942401224,1.56531385324,0.147774145706,0.0587645630527,-0.882317673249,-0.249656799105,-0.133315512389,0.186110366055,0.0244072990251,0.480136054422,0.327154047556,0.186110366055,0.480136054422,0.30213916303,0.182657182374,128,0.0962406015038,-0.105080050637,-0.047619047619,0.0952380952381,-0.047619047619,87,34,19,280,0.820754716981,0.891719745223,0.108280254777,0.179245283019,0.719008264463,0.820754716981,0.766519823789,0.683374516363,0.712474462204,0.621428571429,79,64,0,0,0,0
182,WLNM_dir_neg,0.848510742188,0.300485204353,00:00:01,10,40,32,1288695523,fixed,0.5,0.57,0.890625,0.69512195122,57,43,7,85,0.890625,0.6640625,0.3359375,0.109375,0.57,0.890625,0.69512195122,0.739583333333,0.493055555556,0.486301369863,0.52341894435,0.5546875,106,42,64,0,106,0,42,0,64,21,106,0.252380952381,1.98147951821,10.0952380952,7.57142857143,5.3,3.5903309305,0.355645988398,0.177897574124,5.04456331585,0.999394619178,0.535489667565,3.93034591959,0.778653436899,0.415094339623,0.785936912158,0.396641451468,2.18653061224,1.98147951821,0.785936912158,2.18653061224,0.456493016787,0.454374412041,161,0.121052631579,0.398438786394,21,21,21,1,0,0.333333333333,0.619047619048,0.047619047619,21,142,0.338095238095,2.55766269625,13.5238095238,9.46666666667,6.7619047619,4.53452365325,0.335299284219,0.175385647217,5.92372148151,0.876043317688,0.480885311871,3.84583881494,0.56875081066,0.317236753856,1.07418277266,0.419986096771,2.91567682015,2.55766269625,1.07418277266,2.91567682015,0.637604650252,0.642178594047,338,0.254135338346,0.365043725992,21,21,21,1,0,0.285714285714,0.714285714286,0,36,0.0857142857143,0.576183178039,3.42857142857,1.89523809524,1.4619047619,0.944192722756,-0.0203467041788,-0.00251192690736,0.879158165658,-0.12335130149,-0.0546043556939,-0.0845071046506,-0.20990262624,-0.0978575857662,0.288245860499,0.0233446453038,0.729146207902,0.576183178039,0.288245860499,0.729146207902,0.181111633465,0.187804182005,177,0.133082706767,-0.0333950604014,-0.047619047619,0.0952380952381,-0.047619047619,99,43,7,271,0.933962264151,0.863057324841,0.136942675159,0.0660377358491,0.697183098592,0.933962264151,0.798387096774,0.731846806456,0.797019588992,0.664429530201,100,64,0,0,0,0
183,WLNM_dir_neg,0.791870117188,0.360745500359,00:00:01,10,40,33,1288695524,fixed,0.5,0.556818181818,0.765625,0.644736842105,49,39,15,89,0.765625,0.6953125,0.3046875,0.234375,0.556818181818,0.765625,0.644736842105,0.71875,0.513888888889,0.421428571429,0.436092892042,0.4609375,106,42,64,0,106,0,42,0,64,21,106,0.252380952381,1.98147951821,10.0952380952,7.57142857143,5.3,3.5903309305,0.355645988398,0.177897574124,5.04456331585,0.999394619178,0.535489667565,3.93034591959,0.778653436899,0.415094339623,0.785936912158,0.396641451468,2.18653061224,1.98147951821,0.785936912158,2.18653061224,0.456493016787,0.454374412041,161,0.121052631579,0.398438786394,21,21,21,1,0,0.333333333333,0.619047619048,0.047619047619,21,130,0.309523809524,2.60632454869,12.380952381,8.66666666667,6.5,4.83193740105,0.390271867007,0.200732600733,5.92974744504,0.957882279583,0.519413919414,3.60026454054,0.581581195011,0.317948717949,1.10724265014,0.424829152877,2.80718204944,2.68664077612,1.0714091371,2.80718204944,0.639237911212,0.617582417582,281,0.211278195489,0.319554599986,21,20,20,0.952380952381,0,0.238095238095,0.714285714286,0,24,0.0571428571429,0.624845030475,2.28571428571,1.09523809524,1.2,1.24160647055,0.0346258786093,0.0228350266086,0.885184129186,-0.0415123395952,-0.0160757481512,-0.330081379043,-0.197072241888,-0.0971456216739,0.321305737984,0.0281877014093,0.620651437194,0.70516125791,0.285472224947,0.620651437194,0.182744894424,0.163208005541,120,0.0902255639098,-0.078884186408,-0.0952380952381,0.0952380952381,-0.047619047619,91,39,15,275,0.858490566038,0.875796178344,0.124203821656,0.141509433962,0.7,0.858490566038,0.771186440678,0.689942296297,0.734286744382,0.627586206897,88,64,0,0,0,0
184,WLNM_dir_neg,0.758056640625,0.383025379782,00:00:00,10,40,34,1288695525,fixed,0.5,0.558139534884,0.75,0.64,48,38,16,90,0.75,0.703125,0.296875,0.25,0.558139534884,0.75,0.64,0.71875,0.517361111111,0.41726618705,0.429547145642,0.453125,106,42,64,0,106,0,42,0,64,21,106,0.252380952381,1.98147951821,10.0952380952,7.57142857143,5.3,3.5903309305,0.355645988398,0.177897574124,5.04456331585,0.999394619178,0.535489667565,3.93034591959,0.778653436899,0.415094339623,0.785936912158,0.396641451468,2.18653061224,1.98147951821,0.785936912158,2.18653061224,0.456493016787,0.454374412041,161,0.121052631579,0.398438786394,21,21,21,1,0,0.333333333333,0.619047619048,0.047619047619,21,128,0.304761904762,2.46662279039,12.1904761905,9.84615384615,6.4,5.38162659072,0.44146155627,0.237723214286,6.17984435002,1.01388071368,0.547619047619,3.41913383629,0.560951645017,0.3125,1.20157944729,0.487135467968,3.16669645235,2.53995392991,1.18360136945,3.16669645235,0.720045418548,0.670462633452,314,0.236090225564,0.380179739234,21,20,20,0.952380952381,0,0.333333333333,0.619047619048,0,22,0.052380952381,0.485143272172,2.09523809524,2.27472527473,1.1,1.79129566022,0.0858155678715,0.0598256401617,1.13528103417,0.0144860944974,0.0121293800539,-0.511212083296,-0.217701791883,-0.102594339623,0.415642535137,0.0904940165,0.980165840104,0.558474411691,0.397664457291,0.980165840104,0.263552401761,0.216088221411,153,0.115037593985,-0.0182590471598,0,0,-0.047619047619,90,38,16,276,0.849056603774,0.87898089172,0.12101910828,0.150943396226,0.703125,0.849056603774,0.769230769231,0.687029037605,0.728037495493,0.625,86,64,0,0,0,0
185,WLNM_dir_neg,0.767395019531,0.328163633331,00:00:01,10,40,35,1288695526,fixed,0.5,0.50495049505,0.796875,0.618181818182,51,50,13,78,0.796875,0.609375,0.390625,0.203125,0.50495049505,0.796875,0.618181818182,0.671875,0.491319444444,0.354948805461,0.383536731394,0.40625,106,42,64,0,106,0,42,0,64,21,106,0.252380952381,1.98147951821,10.0952380952,7.57142857143,5.3,3.5903309305,0.355645988398,0.177897574124,5.04456331585,0.999394619178,0.535489667565,3.93034591959,0.778653436899,0.415094339623,0.785936912158,0.396641451468,2.18653061224,1.98147951821,0.785936912158,2.18653061224,0.456493016787,0.454374412041,161,0.121052631579,0.398438786394,21,21,21,1,0,0.333333333333,0.619047619048,0.047619047619,21,143,0.340476190476,2.98097864436,13.619047619,9.53333333333,6.80952380952,6.06198144567,0.445110525731,0.245088245088,6.64544240528,0.975904129447,0.531468531469,2.76801458846,0.40649165285,0.22311022311,1.31761441135,0.44200732999,3.43849464031,2.98097864436,1.31761441135,3.43849464031,0.707459665664,0.642276422764,316,0.237593984962,0.285752317571,21,21,21,1,0,0.285714285714,0.714285714286,0,37,0.0880952380952,0.999499126149,3.52380952381,1.9619047619,1.50952380952,2.47165051517,0.0894645373327,0.0671906709643,1.60087908943,-0.023490489731,-0.00402113609661,-1.16233133113,-0.372161784049,-0.191984116512,0.531677499196,0.0453658785229,1.25196402806,0.999499126149,0.531677499196,1.25196402806,0.250966648877,0.187902010723,155,0.116541353383,-0.112686468823,-0.047619047619,0.0952380952381,-0.047619047619,93,50,13,264,0.877358490566,0.84076433121,0.15923566879,0.122641509434,0.65034965035,0.877358490566,0.746987951807,0.658276849774,0.718122821776,0.596153846154,101,64,0,0,0,0
186,WLNM_dir_neg,0.732299804688,0.284119691611,00:00:01,10,40,36,1288695527,fixed,0.5,0.488372093023,0.65625,0.56,42,44,22,84,0.65625,0.65625,0.34375,0.34375,0.488372093023,0.65625,0.56,0.65625,0.517361111111,0.287769784173,0.296239410788,0.3125,106,42,64,0,106,0,42,0,64,21,106,0.252380952381,1.98147951821,10.0952380952,7.57142857143,5.3,3.5903309305,0.355645988398,0.177897574124,5.04456331585,0.999394619178,0.535489667565,3.93034591959,0.778653436899,0.415094339623,0.785936912158,0.396641451468,2.18653061224,1.98147951821,0.785936912158,2.18653061224,0.456493016787,0.454374412041,161,0.121052631579,0.398438786394,21,21,21,1,0,0.333333333333,0.619047619048,0.047619047619,21,128,0.304761904762,2.07622776537,12.1904761905,10.6666666667,6.09523809524,5.90439707014,0.48434507216,0.261904761905,6.78162784223,1.11261081787,0.584821428571,2.14253965902,0.351510412808,0.19494047619,0.977749478515,0.470925923842,2.48621285858,2.07622776537,0.977749478515,2.48621285858,0.735299947485,0.634943181818,298,0.224060150376,0.328844221836,21,21,21,1,0,0.428571428571,0.571428571429,0,22,0.052380952381,0.0947482471605,2.09523809524,3.09523809524,0.795238095238,2.31406613965,0.128699083762,0.0840071877808,1.73706452638,0.113216198688,0.0493317610063,-1.78780626057,-0.427143024091,-0.220153863432,0.191812566357,0.0742844723741,0.299682246332,0.0947482471605,0.191812566357,0.299682246332,0.278806930698,0.180568769777,137,0.103007518797,-0.0695945645578,0.0952380952381,-0.047619047619,-0.047619047619,84,44,22,270,0.792452830189,0.859872611465,0.140127388535,0.207547169811,0.65625,0.792452830189,0.717948717949,0.615581646768,0.652325441654,0.56,86,64,0,0,0,0
187,WLNM_dir_neg,0.737426757812,0.338051092476,00:00:01,10,40,37,1288695528,fixed,0.5,0.50495049505,0.796875,0.618181818182,51,50,13,78,0.796875,0.609375,0.390625,0.203125,0.50495049505,0.796875,0.618181818182,0.671875,0.491319444444,0.354948805461,0.383536731394,0.40625,106,42,64,0,106,0,42,0,64,21,106,0.252380952381,1.98147951821,10.0952380952,7.57142857143,5.3,3.5903309305,0.355645988398,0.177897574124,5.04456331585,0.999394619178,0.535489667565,3.93034591959,0.778653436899,0.415094339623,0.785936912158,0.396641451468,2.18653061224,1.98147951821,0.785936912158,2.18653061224,0.456493016787,0.454374412041,161,0.121052631579,0.398438786394,21,21,21,1,0,0.333333333333,0.619047619048,0.047619047619,21,143,0.340476190476,2.61432067471,13.619047619,9.53333333333,6.80952380952,5.47244178111,0.401822648263,0.217449217449,6.2339317258,0.915472491201,0.495504495504,3.31087673614,0.486212667545,0.271728271728,1.15568792499,0.44206050779,3.3863435101,2.61432067471,1.15568792499,3.3863435101,0.7432895094,0.694698354662,380,0.285714285714,0.330298546115,21,21,21,1,0,0.285714285714,0.714285714286,0,37,0.0880952380952,0.632841156497,3.52380952381,1.9619047619,1.50952380952,1.88211085061,0.046176659865,0.0395516433252,1.18936840995,-0.0839221279768,-0.0399851720606,-0.619469183449,-0.292440769355,-0.143366067894,0.369751012832,0.0454190563227,1.19981289785,0.632841156497,0.369751012832,1.19981289785,0.286796492613,0.24032394262,219,0.164661654135,-0.0681402402793,-0.047619047619,0.0952380952381,-0.047619047619,93,50,13,264,0.877358490566,0.84076433121,0.15923566879,0.122641509434,0.65034965035,0.877358490566,0.746987951807,0.658276849774,0.718122821776,0.596153846154,101,64,0,0,0,0
188,WLNM_dir_neg,0.768005371094,0.235040783642,00:00:01,10,40,38,1288695529,fixed,0.5,0.536082474227,0.8125,0.645962732919,52,45,12,83,0.8125,0.6484375,0.3515625,0.1875,0.536082474227,0.8125,0.645962732919,0.703125,0.498263888889,0.40830449827,0.434599621782,0.4609375,106,42,64,0,106,0,42,0,64,21,106,0.252380952381,1.98147951821,10.0952380952,7.57142857143,5.3,3.5903309305,0.355645988398,0.177897574124,5.04456331585,0.999394619178,0.535489667565,3.93034591959,0.778653436899,0.415094339623,0.785936912158,0.396641451468,2.18653061224,1.98147951821,0.785936912158,2.18653061224,0.456493016787,0.454374412041,161,0.121052631579,0.398438786394,21,21,21,1,0,0.333333333333,0.619047619048,0.047619047619,21,139,0.330952380952,2.40755753694,13.2380952381,9.26666666667,6.61904761905,4.4261129889,0.334346664629,0.18533744433,6.16016388156,0.930672241098,0.502911956149,3.0409898138,0.459430115754,0.254196642686,0.978082203218,0.40625496513,2.43270931287,2.40755753694,0.978082203218,2.43270931287,0.638106299241,0.608026755853,303,0.227819548872,0.296399246117,21,21,21,1,0,0.285714285714,0.714285714286,0,33,0.0785714285714,0.426078018726,3.14285714286,1.69523809524,1.31904761905,0.8357820584,-0.0212993237693,0.00743987020626,1.11560056571,-0.0687223780795,-0.0325777114158,-0.88935610579,-0.319223321146,-0.160897696937,0.19214529106,0.0096135136624,0.246178700624,0.426078018726,0.19214529106,0.246178700624,0.181613282454,0.153652343811,142,0.106766917293,-0.102039540277,-0.047619047619,0.0952380952381,-0.047619047619,94,45,12,269,0.88679245283,0.856687898089,0.143312101911,0.11320754717,0.676258992806,0.88679245283,0.767346938776,0.686320058508,0.743480350919,0.622516556291,97,64,0,0,0,0
189,WLNM_dir_neg,0.751159667969,0.35045077454,00:00:01,10,40,39,1288695530,fixed,0.5,0.486486486486,0.84375,0.617142857143,54,57,10,71,0.84375,0.5546875,0.4453125,0.15625,0.486486486486,0.84375,0.617142857143,0.651041666667,0.473958333333,0.336633663366,0.380321764621,0.3984375,106,42,64,0,106,0,42,0,64,21,106,0.252380952381,1.98147951821,10.0952380952,7.57142857143,5.3,3.5903309305,0.355645988398,0.177897574124,5.04456331585,0.999394619178,0.535489667565,3.93034591959,0.778653436899,0.415094339623,0.785936912158,0.396641451468,2.18653061224,1.98147951821,0.785936912158,2.18653061224,0.456493016787,0.454374412041,161,0.121052631579,0.398438786394,21,21,21,1,0,0.333333333333,0.619047619048,0.047619047619,21,153,0.364285714286,2.76532885298,14.5714285714,10.2,7.28571428571,5.27798662912,0.362214768665,0.200124494242,6.68687413627,0.917806253998,0.504824151883,2.86605752111,0.393380444073,0.213507625272,1.29290181547,0.467539986819,4.00317221968,2.76532885298,1.29290181547,4.00317221968,0.689104214049,0.664285714286,372,0.27969924812,0.333445584221,21,21,21,1,0,0.285714285714,0.714285714286,0,47,0.111904761905,0.783849334767,4.47619047619,2.62857142857,1.98571428571,1.68765569862,0.00656878026674,0.0222269201182,1.64231082042,-0.0815883651803,-0.0306655156822,-1.06428839848,-0.385272992826,-0.20158671435,0.506964903314,0.070898535351,1.81664160744,0.783849334767,0.506964903314,1.81664160744,0.232611197262,0.209911302244,211,0.158646616541,-0.0649932021731,-0.047619047619,0.0952380952381,-0.047619047619,96,57,10,257,0.905660377358,0.81847133758,0.18152866242,0.0943396226415,0.627450980392,0.905660377358,0.741312741313,0.653633013593,0.724131714938,0.588957055215,111,64,0,0,0,0
190,WLNM_dir_neg,0.812561035156,0.27229245095,00:00:01,10,40,40,1288695531,fixed,0.5,0.504347826087,0.90625,0.648044692737,58,57,6,71,0.90625,0.5546875,0.4453125,0.09375,0.504347826087,0.90625,0.648044692737,0.671875,0.467013888889,0.384364820847,0.443345935241,0.4609375,106,42,64,0,106,0,42,0,64,21,106,0.252380952381,1.98147951821,10.0952380952,7.57142857143,5.3,3.5903309305,0.355645988398,0.177897574124,5.04456331585,0.999394619178,0.535489667565,3.93034591959,0.778653436899,0.415094339623,0.785936912158,0.396641451468,2.18653061224,1.98147951821,0.785936912158,2.18653061224,0.456493016787,0.454374412041,161,0.121052631579,0.398438786394,21,21,21,1,0,0.333333333333,0.619047619048,0.047619047619,21,157,0.37380952381,2.30549741649,14.9523809524,11.2142857143,7.47619047619,5.32424821431,0.356080294588,0.18228692751,6.40014880779,0.856070859641,0.462238398544,3.82908667464,0.512170829092,0.281468001213,0.98099752426,0.425503631991,2.28997417526,2.30549741649,0.98099752426,2.28997417526,0.718786727978,0.706362153344,433,0.325563909774,0.459139676321,21,21,21,1,0,0.333333333333,0.666666666667,0,51,0.121428571429,0.324017898272,4.85714285714,3.64285714286,2.17619047619,1.73391728382,0.000434306189649,0.00438935338587,1.35558549194,-0.143323759537,-0.073251269021,-0.101259244948,-0.266482607807,-0.133626338409,0.195060612103,0.0288621805233,0.103443563018,0.324017898272,0.195060612103,0.103443563018,0.262293711191,0.251987741303,272,0.204511278195,0.0607008899272,0,0.047619047619,-0.047619047619,100,57,6,257,0.943396226415,0.81847133758,0.18152866242,0.0566037735849,0.636942675159,0.943396226415,0.760456273764,0.684021165801,0.761867563995,0.613496932515,115,64,0,0,0,0
191,WLNM_dir_neg,0.736022949219,0.315780739367,00:00:01,10,40,41,1288695532,fixed,0.5,0.464285714286,0.609375,0.527027027027,39,45,25,83,0.609375,0.6484375,0.3515625,0.390625,0.464285714286,0.609375,0.527027027027,0.635416666667,0.520833333333,0.239130434783,0.244989471753,0.2578125,106,42,64,0,106,0,42,0,64,21,106,0.252380952381,1.98147951821,10.0952380952,7.57142857143,5.3,3.5903309305,0.355645988398,0.177897574124,5.04456331585,0.999394619178,0.535489667565,3.93034591959,0.778653436899,0.415094339623,0.785936912158,0.396641451468,2.18653061224,1.98147951821,0.785936912158,2.18653061224,0.456493016787,0.454374412041,161,0.121052631579,0.398438786394,21,21,21,1,0,0.333333333333,0.619047619048,0.047619047619,21,126,0.3,2.53742121957,12,9.69230769231,6,5.51361950084,0.459468291736,0.254346182918,6.11555394057,1.01925899009,0.543461829176,2.66458251889,0.444097086482,0.247921390779,1.2632727311,0.497856927088,3.21369816872,2.53742121957,1.2632727311,3.21369816872,0.689455238195,0.616342412451,264,0.198496240602,0.315017375313,21,21,21,1,0,0.380952380952,0.619047619048,0,20,0.047619047619,0.555941701356,1.90476190476,2.12087912088,0.7,1.92328857034,0.103822303338,0.0764486087936,1.07099062472,0.0198643709169,0.00797216161098,-1.26576340069,-0.334556350417,-0.167172948844,0.477335818944,0.10121547562,1.02716755648,0.555941701356,0.477335818944,1.02716755648,0.232962221408,0.16196800041,103,0.0774436090226,-0.0834214110808,0.047619047619,0,-0.047619047619,81,45,25,269,0.764150943396,0.856687898089,0.143312101911,0.235849056604,0.642857142857,0.764150943396,0.698275862069,0.588488118247,0.620838841485,0.53642384106,84,64,0,0,0,0
192,WLNM_dir_neg,0.789794921875,0.352176615059,00:00:01,10,40,42,1288695533,fixed,0.5,0.571428571429,0.6875,0.624113475177,44,33,20,95,0.6875,0.7421875,0.2578125,0.3125,0.571428571429,0.6875,0.624113475177,0.723958333333,0.532986111111,0.408921933086,0.413288583699,0.4296875,106,42,64,0,106,0,42,0,64,21,106,0.252380952381,1.98147951821,10.0952380952,7.57142857143,5.3,3.5903309305,0.355645988398,0.177897574124,5.04456331585,0.999394619178,0.535489667565,3.93034591959,0.778653436899,0.415094339623,0.785936912158,0.396641451468,2.18653061224,1.98147951821,0.785936912158,2.18653061224,0.456493016787,0.454374412041,161,0.121052631579,0.398438786394,21,21,21,1,0,0.333333333333,0.619047619048,0.047619047619,21,119,0.283333333333,1.85272948159,11.3333333333,10.8181818182,6.26315789474,6.16711710067,0.544157391235,0.300520208083,6.23965811029,1.10111613711,0.577831132453,3.18328970302,0.561757006415,0.311324529812,0.846192529182,0.456727513428,1.86179271339,1.94249047965,0.840418450424,1.86179271339,0.692632513685,0.65664160401,262,0.196992481203,0.454673816973,21,19,19,0.904761904762,0,0.380952380952,0.52380952381,0,13,0.0309523809524,-0.128750036622,1.2380952381,3.24675324675,0.963157894737,2.57678617017,0.188511402837,0.122622633959,1.19509479444,0.101721517933,0.0423414648878,-0.747056216571,-0.216896430485,-0.103769809811,0.0602556170245,0.0600860619604,-0.324737898857,-0.0389890385597,0.0544815382663,-0.324737898857,0.236139496898,0.202267191969,101,0.0759398496241,0.0562350305795,0.047619047619,-0.0952380952381,-0.047619047619,86,33,20,281,0.811320754717,0.894904458599,0.105095541401,0.188679245283,0.72268907563,0.811320754717,0.764444444444,0.680776015481,0.706225213316,0.618705035971,77,64,0,0,0,0
193,WLNM_dir_neg,0.839294433594,0.419802245594,00:00:01,10,40,43,1288695534,fixed,0.5,0.641975308642,0.8125,0.71724137931,52,29,12,99,0.8125,0.7734375,0.2265625,0.1875,0.641975308642,0.8125,0.71724137931,0.786458333333,0.526041666667,0.549450549451,0.559296712678,0.5859375,106,42,64,0,106,0,42,0,64,21,106,0.252380952381,1.98147951821,10.0952380952,7.57142857143,5.3,3.5903309305,0.355645988398,0.177897574124,5.04456331585,0.999394619178,0.535489667565,3.93034591959,0.778653436899,0.415094339623,0.785936912158,0.396641451468,2.18653061224,1.98147951821,0.785936912158,2.18653061224,0.456493016787,0.454374412041,161,0.121052631579,0.398438786394,21,21,21,1,0,0.333333333333,0.619047619048,0.047619047619,21,123,0.292857142857,1.97845130355,11.7142857143,9.46153846154,6.15,5.13948302014,0.438736355378,0.236546651181,6.1667310164,1.05285651499,0.565234223771,3.30583899012,0.564411534898,0.309717382888,0.827355925597,0.418183618729,2.05069975458,2.02737386873,0.81709115807,2.05069975458,0.640818413613,0.607390300231,263,0.197744360902,0.374226439669,21,20,20,0.952380952381,0,0.333333333333,0.619047619048,0,17,0.0404761904762,-0.00302821466509,1.61904761905,1.89010989011,0.85,1.54915208964,0.0830903669794,0.0586490770568,1.12216770055,0.0534618958165,0.0297445562057,-0.624506929472,-0.214241902002,-0.105376956735,0.0414190134396,0.0215421672615,-0.135830857667,0.0458943505124,0.0311542459124,-0.135830857667,0.184325396825,0.15301588819,102,0.0766917293233,-0.0242123467247,0,0,-0.047619047619,94,29,12,285,0.88679245283,0.907643312102,0.0923566878981,0.11320754717,0.764227642276,0.88679245283,0.82096069869,0.758308220204,0.794435764932,0.696296296296,81,64,0,0,0,0
194,WLNM_dir_neg,0.728149414062,0.405187324146,00:00:01,10,40,44,1288695535,fixed,0.5,0.488095238095,0.640625,0.554054054054,41,43,23,85,0.640625,0.6640625,0.3359375,0.359375,0.488095238095,0.640625,0.554054054054,0.65625,0.520833333333,0.282608695652,0.289533012072,0.3046875,106,42,64,0,106,0,42,0,64,21,106,0.252380952381,1.98147951821,10.0952380952,7.57142857143,5.3,3.5903309305,0.355645988398,0.177897574124,5.04456331585,0.999394619178,0.535489667565,3.93034591959,0.778653436899,0.415094339623,0.785936912158,0.396641451468,2.18653061224,1.98147951821,0.785936912158,2.18653061224,0.456493016787,0.454374412041,161,0.121052631579,0.398438786394,21,21,21,1,0,0.333333333333,0.619047619048,0.047619047619,21,126,0.3,2.13805058907,12,9.69230769231,6,5.65685424949,0.471404520791,0.261526832955,6.05805249234,1.00967541539,0.544973544974,3.19374388453,0.532290647422,0.297052154195,0.948527104085,0.443641094806,2.1346344662,2.13805058907,0.948527104085,2.1346344662,0.670100095982,0.633410672854,273,0.205263157895,0.357868529566,21,21,21,1,0,0.380952380952,0.619047619048,0,20,0.047619047619,0.156571070856,1.90476190476,2.12087912088,0.7,2.066523319,0.115758532393,0.0836292588314,1.01348917649,0.0102807962129,0.00948387740841,-0.736602035053,-0.246362789477,-0.118042185428,0.162590191927,0.0469996433382,-0.0518961460408,0.156571070856,0.162590191927,-0.0518961460408,0.213607079195,0.179036260812,112,0.0842105263158,-0.0405702568282,0.047619047619,0,-0.047619047619,83,43,23,271,0.783018867925,0.863057324841,0.136942675159,0.216981132075,0.65873015873,0.783018867925,0.715517241379,0.612410399477,0.646076192765,0.557046979866,84,64,0,0,0,0
195,WLNM_dir_neg,0.773254394531,0.426131868754,00:00:01,10,40,45,1288695536,fixed,0.5,0.504761904762,0.828125,0.627218934911,53,52,11,76,0.828125,0.59375,0.40625,0.171875,0.504761904762,0.828125,0.627218934911,0.671875,0.484375,0.363636363636,0.399507085457,0.421875,106,42,64,0,106,0,42,0,64,21,106,0.252380952381,1.98147951821,10.0952380952,7.57142857143,5.3,3.5903309305,0.355645988398,0.177897574124,5.04456331585,0.999394619178,0.535489667565,3.93034591959,0.778653436899,0.415094339623,0.785936912158,0.396641451468,2.18653061224,1.98147951821,0.785936912158,2.18653061224,0.456493016787,0.454374412041,161,0.121052631579,0.398438786394,21,21,21,1,0,0.333333333333,0.619047619048,0.047619047619,21,147,0.35,2.90769453101,14,9.8,7,5.7183913822,0.4084565273,0.223194039521,6.79705818719,0.971008312455,0.526724975705,2.66458251889,0.380654645556,0.210560414642,1.3380678508,0.460181713222,3.70283171552,2.90769453101,1.3380678508,3.70283171552,0.731952472233,0.673952641166,370,0.278195488722,0.292026648389,21,21,21,1,0,0.285714285714,0.714285714286,0,41,0.097619047619,0.926215012793,3.90476190476,2.22857142857,1.7,2.1280604517,0.0528105389017,0.0452964653966,1.75249487134,-0.0283863067226,-0.00876469186057,-1.26576340069,-0.397998791343,-0.204533924981,0.552130938646,0.0635402617542,1.51630110328,0.926215012793,0.552130938646,1.51630110328,0.275459455446,0.219578229124,209,0.157142857143,-0.106412138005,-0.047619047619,0.0952380952381,-0.047619047619,95,52,11,262,0.896226415094,0.834394904459,0.165605095541,0.103773584906,0.646258503401,0.896226415094,0.750988142292,0.66538055747,0.730621319553,0.601265822785,105,64,0,0,0,0
196,WLNM_dir_neg,0.759399414062,0.368759305181,00:00:01,10,40,46,1288695537,fixed,0.5,0.538461538462,0.765625,0.632258064516,49,42,15,86,0.765625,0.671875,0.328125,0.234375,0.538461538462,0.765625,0.632258064516,0.703125,0.508680555556,0.395759717314,0.413039556886,0.4375,106,42,64,0,106,0,42,0,64,21,106,0.252380952381,1.98147951821,10.0952380952,7.57142857143,5.3,3.5903309305,0.355645988398,0.177897574124,5.04456331585,0.999394619178,0.535489667565,3.93034591959,0.778653436899,0.415094339623,0.785936912158,0.396641451468,2.18653061224,1.98147951821,0.785936912158,2.18653061224,0.456493016787,0.454374412041,161,0.121052631579,0.398438786394,21,21,21,1,0,0.333333333333,0.619047619048,0.047619047619,21,133,0.316666666667,2.12430788685,12.6666666667,10.2307692308,6.33333333333,4.47586118343,0.35335746185,0.1947726459,5.96098425877,0.941208040859,0.497672753312,2.88675134595,0.455802844097,0.249910490512,0.943831453513,0.444300686994,2.45589418095,2.12430788685,0.943831453513,2.45589418095,0.588393873478,0.582524271845,280,0.210526315789,0.372698522855,21,21,21,1,0,0.380952380952,0.619047619048,0,27,0.0642857142857,0.142828368632,2.57142857143,2.65934065934,1.03333333333,0.885530252934,-0.00228852654847,0.0168750717765,0.916420942923,-0.058186578319,-0.0378169142533,-1.04359457364,-0.322850592802,-0.165183849111,0.157894541355,0.0476592355266,0.269363568704,0.142828368632,0.157894541355,0.269363568704,0.131900856691,0.128149859803,119,0.0894736842105,-0.025740263539,0.047619047619,0,-0.047619047619,91,42,15,272,0.858490566038,0.866242038217,0.133757961783,0.141509433962,0.684210526316,0.858490566038,0.761506276151,0.676750815234,0.724732604254,0.614864864865,91,64,0,0,0,0
197,WLNM_dir_neg,0.738586425781,0.324350213174,00:00:01,10,40,47,1288695538,fixed,0.5,0.529411764706,0.703125,0.604026845638,45,40,19,88,0.703125,0.6875,0.3125,0.296875,0.529411764706,0.703125,0.604026845638,0.692708333333,0.519097222222,0.361010830325,0.37072652027,0.390625,106,42,64,0,106,0,42,0,64,21,106,0.252380952381,1.98147951821,10.0952380952,7.57142857143,5.3,3.5903309305,0.355645988398,0.177897574124,5.04456331585,0.999394619178,0.535489667565,3.93034591959,0.778653436899,0.415094339623,0.785936912158,0.396641451468,2.18653061224,1.98147951821,0.785936912158,2.18653061224,0.456493016787,0.454374412041,161,0.121052631579,0.398438786394,21,21,21,1,0,0.333333333333,0.619047619048,0.047619047619,21,127,0.302380952381,1.77163850072,12.0952380952,12.7,6.04761904762,6.41018534759,0.529975953935,0.292088488939,6.86641238549,1.13539102437,0.587926509186,2.6735031415,0.442075322611,0.245219347582,0.835772519035,0.471751160689,1.84354325031,1.77163850072,0.835772519035,1.84354325031,0.735011222438,0.650224215247,290,0.218045112782,0.523004757159,21,21,21,1,0,0.52380952381,0.47619047619,0,21,0.05,-0.209841017496,2,5.12857142857,0.747619047619,2.8198544171,0.174329965537,0.114190914815,1.82184906964,0.135996405195,0.0524368416212,-1.25684277809,-0.336578114289,-0.169874992041,0.0498356068772,0.0751097092214,-0.342987361931,-0.209841017496,0.0498356068772,-0.342987361931,0.278518205651,0.195849803205,129,0.096992481203,0.124565970765,0.190476190476,-0.142857142857,-0.047619047619,87,40,19,274,0.820754716981,0.872611464968,0.127388535032,0.179245283019,0.685039370079,0.820754716981,0.74678111588,0.655759727626,0.693366181949,0.595890410959,85,64,0,0,0,0
198,WLNM_dir_neg,0.832153320312,0.452182890888,00:00:01,10,40,48,1288695539,fixed,0.5,0.606382978723,0.890625,0.721518987342,57,37,7,91,0.890625,0.7109375,0.2890625,0.109375,0.606382978723,0.890625,0.721518987342,0.770833333333,0.503472222222,0.538461538462,0.567281685442,0.6015625,106,42,64,0,106,0,42,0,64,21,106,0.252380952381,1.98147951821,10.0952380952,7.57142857143,5.3,3.5903309305,0.355645988398,0.177897574124,5.04456331585,0.999394619178,0.535489667565,3.93034591959,0.778653436899,0.415094339623,0.785936912158,0.396641451468,2.18653061224,1.98147951821,0.785936912158,2.18653061224,0.456493016787,0.454374412041,161,0.121052631579,0.398438786394,21,21,21,1,0,0.333333333333,0.619047619048,0.047619047619,21,136,0.32380952381,2.55649336704,12.9523809524,9.06666666667,6.47619047619,4.84227416072,0.373852049174,0.205882352941,6.05490749408,0.934948951292,0.512605042017,3.37074246449,0.520482292311,0.289915966387,1.1290906715,0.441656014469,3.41466045154,2.55649336704,1.1290906715,3.41466045154,0.647574884041,0.618493150685,301,0.226315789474,0.313824124505,21,21,21,1,0,0.285714285714,0.714285714286,0,30,0.0714285714286,0.575013848829,2.85714285714,1.49523809524,1.17619047619,1.25194323023,0.0182060607754,0.0279847788172,1.01034417823,-0.0644456678856,-0.0228846255483,-0.559603455099,-0.258171144589,-0.125178373236,0.343153759346,0.0450145630012,1.22812983929,0.575013848829,0.343153759346,1.22812983929,0.191081867254,0.164118738644,140,0.105263157895,-0.0846146618886,-0.047619047619,0.0952380952381,-0.047619047619,99,37,7,277,0.933962264151,0.882165605096,0.117834394904,0.0660377358491,0.727941176471,0.933962264151,0.818181818182,0.757612865207,0.816127869246,0.692307692308,94,64,0,0,0,0
199,WLNM_dir_neg,0.842529296875,0.397566656437,00:00:01,10,40,49,1288695540,fixed,0.5,0.5,0.921875,0.648351648352,59,59,5,69,0.921875,0.5390625,0.4609375,0.078125,0.5,0.921875,0.648351648352,0.666666666667,0.461805555556,0.38064516129,0.446457528018,0.4609375,106,42,64,0,106,0,42,0,64,21,106,0.252380952381,1.98147951821,10.0952380952,7.57142857143,5.3,3.5903309305,0.355645988398,0.177897574124,5.04456331585,0.999394619178,0.535489667565,3.93034591959,0.778653436899,0.415094339623,0.785936912158,0.396641451468,2.18653061224,1.98147951821,0.785936912158,2.18653061224,0.456493016787,0.454374412041,161,0.121052631579,0.398438786394,21,21,21,1,0,0.333333333333,0.619047619048,0.047619047619,21,160,0.380952380952,2.78101168439,15.2380952381,11.4285714286,7.61904761905,5.50367842361,0.361178896549,0.199702380952,6.64436746783,0.872073230153,0.474404761905,2.45919073022,0.322768783342,0.178571428571,1.32412927022,0.476132221108,3.47404554416,2.78101168439,1.32412927022,3.47404554416,0.73774021284,0.699784017279,432,0.324812030075,0.380361955329,21,21,21,1,0,0.333333333333,0.666666666667,0,54,0.128571428571,0.799532166175,5.14285714286,3.85714285714,2.31904761905,1.91334749311,0.00553290815102,0.0218048068284,1.59980415198,-0.127321389025,-0.0610849056604,-1.47115518936,-0.455884653558,-0.236522911051,0.538192358059,0.0794907696409,1.28751493191,0.799532166175,0.538192358059,1.28751493191,0.281247196053,0.245409605237,271,0.203759398496,-0.0180768310646,0,0.047619047619,-0.047619047619,101,59,5,255,0.952830188679,0.812101910828,0.187898089172,0.0471698113208,0.63125,0.952830188679,0.759398496241,0.684217184183,0.764932099507,0.612121212121,118,64,0,0,0,0
200,WLNM_dir_neg,0.771362304688,0.375457555004,00:00:01,10,40,50,1288695541,fixed,0.5,0.536842105263,0.796875,0.641509433962,51,44,13,84,0.796875,0.65625,0.34375,0.203125,0.536842105263,0.796875,0.641509433962,0.703125,0.501736111111,0.404181184669,0.427233526498,0.453125,106,42,64,0,106,0,42,0,64,21,106,0.252380952381,1.98147951821,10.0952380952,7.57142857143,5.3,3.5903309305,0.355645988398,0.177897574124,5.04456331585,0.999394619178,0.535489667565,3.93034591959,0.778653436899,0.415094339623,0.785936912158,0.396641451468,2.18653061224,1.98147951821,0.785936912158,2.18653061224,0.456493016787,0.454374412041,161,0.121052631579,0.398438786394,21,21,21,1,0,0.333333333333,0.619047619048,0.047619047619,21,137,0.32619047619,2.02193987128,13.0476190476,11.4166666667,6.52380952381,6.16016388156,0.472129348586,0.258255126868,6.98297248755,1.07038264408,0.561696211331,2.60036627457,0.398596290262,0.220368439347,0.937048383277,0.463440281577,2.11148286134,2.02193987128,0.937048383277,2.11148286134,0.734344601477,0.676853055917,347,0.260902255639,0.396417572366,21,21,21,1,0,0.428571428571,0.571428571429,0,31,0.0738095238095,0.0404603530619,2.95238095238,3.84523809524,1.22380952381,2.56983295106,0.116483360188,0.0803575527443,1.9384091717,0.0709880248995,0.0262065437661,-1.32997964502,-0.380057146637,-0.194725900276,0.151111471119,0.0667988301099,-0.0750477509062,0.0404603530619,0.151111471119,-0.0750477509062,0.27785158469,0.222478643875,186,0.13984962406,-0.00202121402811,0.0952380952381,-0.047619047619,-0.047619047619,93,44,13,270,0.877358490566,0.859872611465,0.140127388535,0.122641509434,0.678832116788,0.877358490566,0.765432098765,0.683074234534,0.737231102031,0.62,95,64,0,0,0,0
201,WLNM_dir_neg,0.787201851193,0.285178317762,00:00:03,10,50,1,1289612792,fixed,0.5,0.52380952381,0.830188679245,0.642335766423,44,40,9,66,0.830188679245,0.622641509434,0.377358490566,0.169811320755,0.52380952381,0.830188679245,0.642335766423,0.691823899371,0.490566037736,0.395061728395,0.42761798706,0.452830188679,106,53,53,0,106,0,53,0,53,21,106,0.252380952381,1.98147951821,10.0952380952,7.57142857143,5.3,3.5903309305,0.355645988398,0.177897574124,5.04456331585,0.999394619178,0.535489667565,3.93034591959,0.778653436899,0.415094339623,0.785936912158,0.396641451468,2.18653061224,1.98147951821,0.785936912158,2.18653061224,0.456493016787,0.454374412041,161,0.121052631579,0.398438786394,21,21,21,1,0,0.333333333333,0.619047619048,0.047619047619,21,137,0.32619047619,2.05774110901,13.0476190476,10.5384615385,6.52380952381,5.77473973852,0.442589542003,0.239833159541,6.6379141876,1.01749049591,0.547792839764,2.9600514796,0.453730518771,0.250260688217,0.893902314817,0.434409513861,2.20497800984,2.05774110901,0.893902314817,2.20497800984,0.629711480552,0.604270462633,283,0.212781954887,0.379542964103,21,21,21,1,0,0.380952380952,0.619047619048,0,31,0.0738095238095,0.0762615907955,2.95238095238,2.96703296703,1.22380952381,2.18440880802,0.086943553605,0.0619355854172,1.59335087175,0.0180958767312,0.0123031721985,-0.970294439984,-0.324922918128,-0.164833651406,0.107965402659,0.0377680623934,0.0184473975974,0.0762615907955,0.107965402659,0.0184473975974,0.173218463765,0.149896050592,122,0.0917293233083,-0.0188958222906,0.047619047619,0,-0.047619047619,97,40,9,274,0.915094339623,0.872611464968,0.127388535032,0.0849056603774,0.70802919708,0.915094339623,0.798353909465,0.729841074294,0.787705804591,0.664383561644,84,53,0,0,0,0
202,WLNM_dir_neg,0.848344606622,0.357855381784,00:00:01,10,50,2,1289612793,fixed,0.5,0.630769230769,0.77358490566,0.694915254237,41,24,12,82,0.77358490566,0.77358490566,0.22641509434,0.22641509434,0.630769230769,0.77358490566,0.694915254237,0.77358490566,0.530398322851,0.517857142857,0.524677439683,0.547169811321,106,53,53,0,106,0,53,0,53,21,106,0.252380952381,1.98147951821,10.0952380952,7.57142857143,5.3,3.5903309305,0.355645988398,0.177897574124,5.04456331585,0.999394619178,0.535489667565,3.93034591959,0.778653436899,0.415094339623,0.785936912158,0.396641451468,2.18653061224,1.98147951821,0.785936912158,2.18653061224,0.456493016787,0.454374412041,161,0.121052631579,0.398438786394,21,21,21,1,0,0.333333333333,0.619047619048,0.047619047619,21,118,0.280952380952,1.79870999834,11.2380952381,9.83333333333,5.61904761905,4.48224008622,0.398843397502,0.213478611784,5.75739689857,1.02462148195,0.547215496368,3.7613320842,0.669389608205,0.353510895884,0.742077538803,0.41256096841,1.76981520105,1.79870999834,0.742077538803,1.76981520105,0.584032544253,0.569466882068,235,0.176691729323,0.498805358051,21,21,21,1,0,0.428571428571,0.571428571429,0,12,0.0285714285714,-0.182769519875,1.14285714286,2.2619047619,0.319047619048,0.891909155719,0.043197409104,0.0355810376597,0.712833582716,0.0252268627704,0.0117258288029,-0.169013835389,-0.109263828695,-0.0615834437389,-0.0438593733545,0.0159195169422,-0.416715411195,-0.182769519875,-0.0438593733545,-0.416715411195,0.127539527466,0.115092470026,74,0.0556390977444,0.100366571657,0.0952380952381,-0.047619047619,-0.047619047619,94,24,12,290,0.88679245283,0.923566878981,0.0764331210191,0.11320754717,0.796610169492,0.88679245283,0.839285714286,0.783160760071,0.810359331811,0.723076923077,65,53,0,0,0,0
203,WLNM_dir_neg,0.717426130295,0.255028908619,00:00:02,10,50,3,1289612794,fixed,0.5,0.47619047619,0.754716981132,0.583941605839,40,44,13,62,0.754716981132,0.584905660377,0.415094339623,0.245283018868,0.47619047619,0.754716981132,0.583941605839,0.641509433962,0.490566037736,0.296296296296,0.320713490295,0.339622641509,106,53,53,0,106,0,53,0,53,21,106,0.252380952381,1.98147951821,10.0952380952,7.57142857143,5.3,3.5903309305,0.355645988398,0.177897574124,5.04456331585,0.999394619178,0.535489667565,3.93034591959,0.778653436899,0.415094339623,0.785936912158,0.396641451468,2.18653061224,1.98147951821,0.785936912158,2.18653061224,0.456493016787,0.454374412041,161,0.121052631579,0.398438786394,21,21,21,1,0,0.333333333333,0.619047619048,0.047619047619,21,137,0.32619047619,2.0988993682,13.0476190476,10.5384615385,6.52380952381,5.25810032689,0.402993090747,0.222801529371,6.29776982446,0.965351578932,0.509558567953,2.94311140834,0.451133865512,0.24887035106,0.916712136143,0.436758498302,2.09487655556,2.0988993682,0.916712136143,2.09487655556,0.737901183047,0.686149936468,360,0.270676691729,0.37626238565,21,21,21,1,0,0.380952380952,0.619047619048,0,31,0.0738095238095,0.117419849987,2.95238095238,2.96703296703,1.22380952381,1.66776939639,0.0473471023487,0.0449039552469,1.25320650861,-0.0340430402457,-0.0259310996124,-0.987234511247,-0.327519571387,-0.166223988563,0.130775223985,0.0401170468344,-0.0916540566825,0.117419849987,0.130775223985,-0.0916540566825,0.28140816626,0.231775524426,199,0.14962406015,-0.0221764007438,0.047619047619,0,-0.047619047619,93,44,13,270,0.877358490566,0.859872611465,0.140127388535,0.122641509434,0.678832116788,0.877358490566,0.765432098765,0.683074234534,0.737231102031,0.62,84,53,0,0,0,0
204,WLNM_dir_neg,0.839266642933,0.197004307075,00:00:01,10,50,4,1289612795,fixed,0.5,0.467289719626,0.943396226415,0.625,50,57,3,49,0.943396226415,0.462264150943,0.537735849057,0.0566037735849,0.467289719626,0.943396226415,0.625,0.622641509434,0.442348008386,0.323308270677,0.407624141447,0.405660377358,106,53,53,0,106,0,53,0,53,21,106,0.252380952381,1.98147951821,10.0952380952,7.57142857143,5.3,3.5903309305,0.355645988398,0.177897574124,5.04456331585,0.999394619178,0.535489667565,3.93034591959,0.778653436899,0.415094339623,0.785936912158,0.396641451468,2.18653061224,1.98147951821,0.785936912158,2.18653061224,0.456493016787,0.454374412041,161,0.121052631579,0.398438786394,21,21,21,1,0,0.333333333333,0.619047619048,0.047619047619,21,160,0.380952380952,2.71678387337,15.2380952381,11.4285714286,7.61904761905,5.32827140736,0.349667811108,0.19255952381,6.61419829213,0.868113525842,0.469047619048,2.71064919302,0.355772706584,0.19880952381,1.30012095865,0.478551485596,3.85455634533,2.71678387337,1.30012095865,3.85455634533,0.771513298404,0.728459530026,465,0.34962406015,0.392050930675,21,21,21,1,0,0.333333333333,0.666666666667,0,54,0.128571428571,0.735304355159,5.14285714286,3.85714285714,2.31904761905,1.73794047686,-0.00597817729027,0.0146619496855,1.56963497628,-0.131281093336,-0.0664420485175,-1.21969672657,-0.422880730316,-0.216284815813,0.514184046489,0.0819100341287,1.66802573308,0.735304355159,0.514184046489,1.66802573308,0.315020281617,0.274085117985,304,0.228571428571,-0.0063878557189,0,0.047619047619,-0.047619047619,103,57,3,257,0.971698113208,0.81847133758,0.18152866242,0.0283018867925,0.64375,0.971698113208,0.774436090226,0.706791513905,0.790169450787,0.631901840491,107,53,0,0,0,0
205,WLNM_dir_neg,0.786845852617,0.35558806809,00:00:01,10,50,5,1289612796,fixed,0.5,0.494845360825,0.905660377358,0.64,48,49,5,57,0.905660377358,0.537735849057,0.462264150943,0.0943396226415,0.494845360825,0.905660377358,0.64,0.660377358491,0.463312368973,0.3671875,0.428549653429,0.443396226415,106,53,53,0,106,0,53,0,53,21,106,0.252380952381,1.98147951821,10.0952380952,7.57142857143,5.3,3.5903309305,0.355645988398,0.177897574124,5.04456331585,0.999394619178,0.535489667565,3.93034591959,0.778653436899,0.415094339623,0.785936912158,0.396641451468,2.18653061224,1.98147951821,0.785936912158,2.18653061224,0.456493016787,0.454374412041,161,0.121052631579,0.398438786394,21,21,21,1,0,0.333333333333,0.619047619048,0.047619047619,21,150,0.357142857143,2.26700873142,14.2857142857,10.7142857143,7.14285714286,5.71964034833,0.400374824383,0.22126984127,6.73264965883,0.942570952236,0.513650793651,2.53546276419,0.354964786986,0.188571428571,0.978983521853,0.431839325666,2.50630490351,2.26700873142,0.978983521853,2.50630490351,0.719327605904,0.693651718113,397,0.298496240602,0.34812863572,21,21,21,1,0,0.333333333333,0.666666666667,0,44,0.104761904762,0.285529213201,4.19047619048,3.14285714286,1.84285714286,2.12930941784,0.0447288359852,0.0433722671459,1.68808634298,-0.0568236669413,-0.0218388739143,-1.3948831554,-0.423688649913,-0.226522911051,0.193046609695,0.0351978741982,0.319774291268,0.285529213201,0.193046609695,0.319774291268,0.262834589117,0.239277306072,236,0.177443609023,-0.0503101506733,0,0.047619047619,-0.047619047619,101,49,5,265,0.952830188679,0.843949044586,0.156050955414,0.0471698113208,0.673333333333,0.952830188679,0.7890625,0.722317690548,0.796779233265,0.651612903226,97,53,0,0,0,0
206,WLNM_dir_neg,0.801352794589,0.304131141772,00:00:01,10,50,6,1289612797,fixed,0.5,0.516483516484,0.88679245283,0.652777777778,47,44,6,62,0.88679245283,0.584905660377,0.415094339623,0.11320754717,0.516483516484,0.88679245283,0.652777777778,0.685534591195,0.475890985325,0.4,0.44944841581,0.471698113208,106,53,53,0,106,0,53,0,53,21,106,0.252380952381,1.98147951821,10.0952380952,7.57142857143,5.3,3.5903309305,0.355645988398,0.177897574124,5.04456331585,0.999394619178,0.535489667565,3.93034591959,0.778653436899,0.415094339623,0.785936912158,0.396641451468,2.18653061224,1.98147951821,0.785936912158,2.18653061224,0.456493016787,0.454374412041,161,0.121052631579,0.398438786394,21,21,21,1,0,0.333333333333,0.619047619048,0.047619047619,21,144,0.342857142857,2.12828233227,13.7142857143,11.0769230769,6.85714285714,5.35857123815,0.390729152781,0.21164021164,6.58244418348,0.959939776757,0.522486772487,3.29067947825,0.479890757245,0.267195767196,0.923506191219,0.433920902887,2.17857140132,2.12828233227,0.923506191219,2.17857140132,0.707901232325,0.67700729927,371,0.278947368421,0.434640102341,21,21,21,1,0,0.380952380952,0.619047619048,0,38,0.0904761904762,0.146802814059,3.61904761905,3.50549450549,1.55714285714,1.76824030765,0.0350831643833,0.0337426375162,1.53788086763,-0.039454842421,-0.0130028950784,-0.639666441338,-0.298762679655,-0.147898572427,0.137569279061,0.0372794514195,-0.00795921092236,0.146802814059,0.137569279061,-0.00795921092236,0.251408215537,0.222632887229,210,0.157894736842,0.0362013159469,0.047619047619,0,-0.047619047619,100,44,6,270,0.943396226415,0.859872611465,0.140127388535,0.0566037735849,0.694444444444,0.943396226415,0.8,0.735094018354,0.80326883788,0.666666666667,91,53,0,0,0,0
207,WLNM_dir_neg,0.833125667497,0.237480236093,00:00:02,10,50,7,1289612798,fixed,0.5,0.511111111111,0.867924528302,0.643356643357,46,44,7,62,0.867924528302,0.584905660377,0.415094339623,0.132075471698,0.511111111111,0.867924528302,0.643356643357,0.679245283019,0.477987421384,0.385542168675,0.430705521647,0.452830188679,106,53,53,0,106,0,53,0,53,21,106,0.252380952381,1.98147951821,10.0952380952,7.57142857143,5.3,3.5903309305,0.355645988398,0.177897574124,5.04456331585,0.999394619178,0.535489667565,3.93034591959,0.778653436899,0.415094339623,0.785936912158,0.396641451468,2.18653061224,1.98147951821,0.785936912158,2.18653061224,0.456493016787,0.454374412041,161,0.121052631579,0.398438786394,21,21,21,1,0,0.333333333333,0.619047619048,0.047619047619,21,143,0.340476190476,1.97910760402,13.619047619,11.9166666667,7.15,5.29600028773,0.388867153994,0.209457209457,6.44685231426,0.946740549647,0.506160506161,3.29574039662,0.483989848455,0.264402264402,0.879113310242,0.444196823081,1.99217796097,2.02806298422,0.872088236712,1.99217796097,0.666118995384,0.650925335035,340,0.255639097744,0.497737099267,21,20,20,0.952380952381,0,0.380952380952,0.571428571429,0,37,0.0880952380952,-0.00237191419225,3.52380952381,4.34523809524,1.85,1.70566935723,0.0332211655959,0.0315596353332,1.40228899841,-0.052654069531,-0.0293291614046,-0.634605522969,-0.294663588445,-0.15069207522,0.0931763980838,0.0475553716132,-0.194352651276,0.0465834660088,0.0861513245541,-0.194352651276,0.209625978597,0.196550922994,179,0.134586466165,0.0992983128737,0.047619047619,-0.047619047619,-0.047619047619,99,44,7,270,0.933962264151,0.859872611465,0.140127388535,0.0660377358491,0.692307692308,0.933962264151,0.795180722892,0.72767931239,0.793834875616,0.66,90,53,0,0,0,0
208,WLNM_dir_neg,0.86409754361,0.123131349417,00:00:02,10,50,8,1289612799,fixed,0.5,0.53125,0.962264150943,0.684563758389,51,45,2,61,0.962264150943,0.575471698113,0.424528301887,0.0377358490566,0.53125,0.962264150943,0.684563758389,0.704402515723,0.465408805031,0.447058823529,0.51826748931,0.537735849057,106,53,53,0,106,0,53,0,53,21,106,0.252380952381,1.98147951821,10.0952380952,7.57142857143,5.3,3.5903309305,0.355645988398,0.177897574124,5.04456331585,0.999394619178,0.535489667565,3.93034591959,0.778653436899,0.415094339623,0.785936912158,0.396641451468,2.18653061224,1.98147951821,0.785936912158,2.18653061224,0.456493016787,0.454374412041,161,0.121052631579,0.398438786394,21,21,21,1,0,0.333333333333,0.619047619048,0.047619047619,21,149,0.354761904762,2.30369876148,14.1904761905,10.6428571429,7.09523809524,5.48287376855,0.386377010536,0.207734100352,6.64006597787,0.935848225069,0.506232023011,3.61807631076,0.509930218295,0.28443592202,1.023998136,0.444501752193,3.16209116638,2.30369876148,1.023998136,3.16209116638,0.700437216558,0.676007005254,386,0.29022556391,0.412946362307,21,21,21,1,0,0.333333333333,0.666666666667,0,43,0.102380952381,0.322219243266,4.09523809524,3.07142857143,1.79523809524,1.89254283806,0.0307310221375,0.0298365262276,1.59550266202,-0.0635463941088,-0.0292576445546,-0.312269608829,-0.268723218605,-0.130658417603,0.238061223845,0.0478603007254,0.975560554131,0.322219243266,0.238061223845,0.975560554131,0.243944199771,0.221632593213,225,0.169172932331,0.0145075759134,0,0.047619047619,-0.047619047619,104,45,2,269,0.981132075472,0.856687898089,0.143312101911,0.0188679245283,0.697986577181,0.981132075472,0.81568627451,0.760660188523,0.837819973561,0.688741721854,96,53,0,0,0,0
209,WLNM_dir_neg,0.835706657173,0.233678537556,00:00:01,10,50,9,1289612800,fixed,0.5,0.521739130435,0.905660377358,0.662068965517,48,44,5,62,0.905660377358,0.584905660377,0.415094339623,0.0943396226415,0.521739130435,0.905660377358,0.662068965517,0.691823899371,0.473794549266,0.414342629482,0.468335448315,0.490566037736,106,53,53,0,106,0,53,0,53,21,106,0.252380952381,1.98147951821,10.0952380952,7.57142857143,5.3,3.5903309305,0.355645988398,0.177897574124,5.04456331585,0.999394619178,0.535489667565,3.93034591959,0.778653436899,0.415094339623,0.785936912158,0.396641451468,2.18653061224,1.98147951821,0.785936912158,2.18653061224,0.456493016787,0.454374412041,161,0.121052631579,0.398438786394,21,21,21,1,0,0.333333333333,0.619047619048,0.047619047619,21,145,0.345238095238,2.00013350153,13.8095238095,12.0833333333,6.90476190476,5.76731347873,0.417633045011,0.228243021346,6.62498876908,0.959481132074,0.510344827586,3.0315798176,0.439056387376,0.24367816092,0.91687835634,0.458408579047,2.11972004656,2.00013350153,0.91687835634,2.11972004656,0.702922845129,0.676507537688,359,0.26992481203,0.482524367565,21,21,21,1,0,0.428571428571,0.571428571429,0,39,0.0928571428571,0.0186539833133,3.71428571429,4.5119047619,1.60476190476,2.17698254823,0.0619870566131,0.0503454472225,1.58042545323,-0.0399134871037,-0.0251448399789,-0.898766101988,-0.339597049523,-0.171416178703,0.130941444182,0.0617671275797,-0.0668105656805,0.0186539833133,0.130941444182,-0.0668105656805,0.246429828342,0.222133125647,198,0.148872180451,0.0840855811714,0.0952380952381,-0.047619047619,-0.047619047619,101,44,5,270,0.952830188679,0.859872611465,0.140127388535,0.0471698113208,0.696551724138,0.952830188679,0.804780876494,0.742504627665,0.812702800144,0.673333333333,92,53,0,0,0,0
210,WLNM_dir_neg,0.75,0.270600446272,00:00:01,10,50,10,1289612801,fixed,0.5,0.466666666667,0.924528301887,0.620253164557,49,56,4,50,0.924528301887,0.471698113208,0.528301886792,0.0754716981132,0.466666666667,0.924528301887,0.620253164557,0.622641509434,0.446540880503,0.318181818182,0.394405318873,0.396226415094,106,53,53,0,106,0,53,0,53,21,106,0.252380952381,1.98147951821,10.0952380952,7.57142857143,5.3,3.5903309305,0.355645988398,0.177897574124,5.04456331585,0.999394619178,0.535489667565,3.93034591959,0.778653436899,0.415094339623,0.785936912158,0.396641451468,2.18653061224,1.98147951821,0.785936912158,2.18653061224,0.456493016787,0.454374412041,161,0.121052631579,0.398438786394,21,21,21,1,0,0.333333333333,0.619047619048,0.047619047619,21,158,0.37619047619,2.21189305903,15.0476190476,12.1538461538,7.52380952381,5.58995698084,0.371484482904,0.205244122966,6.77952098322,0.901075573719,0.484026522001,2.97689515467,0.395663280051,0.220012055455,0.996100525824,0.450338465397,2.35831967997,2.21189305903,0.996100525824,2.35831967997,0.735197682721,0.714439655172,442,0.332330827068,0.45938232029,21,21,21,1,0,0.380952380952,0.619047619048,0,52,0.12380952381,0.230413540812,4.95238095238,4.58241758242,2.22380952381,1.99962605034,0.0158384945056,0.0273465488417,1.73495766737,-0.0983190454589,-0.0514631455639,-0.953450764916,-0.382990156848,-0.195082284168,0.210163613666,0.0536970139294,0.17178906773,0.230413540812,0.210163613666,0.17178906773,0.278704665934,0.260065243131,281,0.211278195489,0.0609435338959,0.047619047619,0,-0.047619047619,102,56,4,258,0.962264150943,0.821656050955,0.178343949045,0.0377358490566,0.645569620253,0.962264150943,0.772727272727,0.70292732177,0.783920201899,0.62962962963,105,53,0,0,0,0
211,WLNM_dir_neg,0.746974012104,0.186784606663,00:00:01,10,50,11,1289612802,fixed,0.5,0.488888888889,0.830188679245,0.615384615385,44,46,9,60,0.830188679245,0.566037735849,0.433962264151,0.169811320755,0.488888888889,0.830188679245,0.615384615385,0.654088050314,0.477987421384,0.33734939759,0.376867331441,0.396226415094,106,53,53,0,106,0,53,0,53,21,106,0.252380952381,1.98147951821,10.0952380952,7.57142857143,5.3,3.5903309305,0.355645988398,0.177897574124,5.04456331585,0.999394619178,0.535489667565,3.93034591959,0.778653436899,0.415094339623,0.785936912158,0.396641451468,2.18653061224,1.98147951821,0.785936912158,2.18653061224,0.456493016787,0.454374412041,161,0.121052631579,0.398438786394,21,21,21,1,0,0.333333333333,0.619047619048,0.047619047619,21,143,0.340476190476,1.92548096632,13.619047619,13,7.15,6.52285359698,0.478950788589,0.262071262071,7.00442037301,1.02862117366,0.542790542791,2.85690475198,0.419545453088,0.229104229104,0.912492676585,0.473903763552,2.08441766427,1.97175501463,0.910567114393,2.08441766427,0.780880829267,0.721100917431,393,0.295488721805,0.531726982793,21,20,20,0.952380952381,0,0.428571428571,0.52380952381,0,37,0.0880952380952,-0.0559985518978,3.52380952381,5.42857142857,1.85,2.93252266648,0.123304800191,0.0841736879473,1.95985705716,0.0292265544817,0.0073008752254,-1.0734411676,-0.359107983811,-0.185990110518,0.126555764427,0.0772623120845,-0.102112947972,-0.00972450358194,0.124630202235,-0.102112947972,0.32438781248,0.26672650539,232,0.174436090226,0.133288196399,0.0952380952381,-0.0952380952381,-0.047619047619,97,46,9,268,0.915094339623,0.853503184713,0.146496815287,0.0849056603774,0.678321678322,0.915094339623,0.779116465863,0.704545158185,0.768597524336,0.638157894737,90,53,0,0,0,0
212,WLNM_dir_neg,0.876735493058,0.336657014875,00:00:02,10,50,12,1289612803,fixed,0.5,0.558139534884,0.905660377358,0.690647482014,48,38,5,68,0.905660377358,0.641509433962,0.358490566038,0.0943396226415,0.558139534884,0.905660377358,0.690647482014,0.729559748428,0.486373165618,0.473469387755,0.517609620907,0.547169811321,106,53,53,0,106,0,53,0,53,21,106,0.252380952381,1.98147951821,10.0952380952,7.57142857143,5.3,3.5903309305,0.355645988398,0.177897574124,5.04456331585,0.999394619178,0.535489667565,3.93034591959,0.778653436899,0.415094339623,0.785936912158,0.396641451468,2.18653061224,1.98147951821,0.785936912158,2.18653061224,0.456493016787,0.454374412041,161,0.121052631579,0.398438786394,21,21,21,1,0,0.333333333333,0.619047619048,0.047619047619,21,139,0.330952380952,1.94952518542,13.2380952381,11.5833333333,6.61904761905,5.36567574407,0.405320829588,0.220966084275,6.32041288585,0.954882522323,0.513189448441,3.32379587936,0.502156211989,0.275436793422,0.859672687047,0.44096516089,2.07959042223,1.94952518542,0.859672687047,2.07959042223,0.685904218331,0.663258785942,346,0.26015037594,0.496524521855,21,21,21,1,0,0.428571428571,0.571428571429,0,33,0.0785714285714,-0.0319543327956,3.14285714286,4.0119047619,1.31904761905,1.77534481357,0.0496748411897,0.0430685101514,1.27584957,-0.0445120968552,-0.0223002191239,-0.606550040232,-0.276497224911,-0.1396575462,0.0737357748896,0.0443237094225,-0.106940190017,-0.0319543327956,0.0737357748896,-0.106940190017,0.229411201544,0.208884373901,185,0.139097744361,0.0980857354614,0.0952380952381,-0.047619047619,-0.047619047619,101,38,5,276,0.952830188679,0.87898089172,0.12101910828,0.0471698113208,0.726618705036,0.952830188679,0.824489795918,0.767859740558,0.831811080399,0.701388888889,86,53,0,0,0,0
213,WLNM_dir_neg,0.817639729441,0.231785567495,00:00:02,10,50,13,1289612804,fixed,0.5,0.464646464646,0.867924528302,0.605263157895,46,53,7,53,0.867924528302,0.5,0.5,0.132075471698,0.464646464646,0.867924528302,0.605263157895,0.622641509434,0.459119496855,0.302325581395,0.357813223666,0.367924528302,106,53,53,0,106,0,53,0,53,21,106,0.252380952381,1.98147951821,10.0952380952,7.57142857143,5.3,3.5903309305,0.355645988398,0.177897574124,5.04456331585,0.999394619178,0.535489667565,3.93034591959,0.778653436899,0.415094339623,0.785936912158,0.396641451468,2.18653061224,1.98147951821,0.785936912158,2.18653061224,0.456493016787,0.454374412041,161,0.121052631579,0.398438786394,21,21,21,1,0,0.333333333333,0.619047619048,0.047619047619,21,152,0.361904761905,2.18216585751,14.4761904762,11.6923076923,7.2380952381,6.09605649268,0.421109165613,0.235588972431,6.9778561314,0.96404591289,0.521929824561,2.64395086764,0.36528268566,0.197994987469,0.987096976281,0.452347365295,2.41689318774,2.18216585751,0.987096976281,2.41689318774,0.738790115482,0.685964912281,391,0.293984962406,0.409475926242,21,21,21,1,0,0.380952380952,0.619047619048,0,46,0.109523809524,0.200686339295,4.38095238095,4.12087912088,1.9380952381,2.50572556218,0.0654631772143,0.0576913983071,1.93329281555,-0.0353487062874,-0.0135598430037,-1.28639505195,-0.413370751239,-0.217099352154,0.201160064123,0.0557059138275,0.230362575492,0.200686339295,0.201160064123,0.230362575492,0.282297098695,0.231590500239,230,0.172932330827,0.011037139848,0.047619047619,0,-0.047619047619,99,53,7,261,0.933962264151,0.831210191083,0.168789808917,0.0660377358491,0.651315789474,0.933962264151,0.767441860465,0.691652408405,0.765172455234,0.622641509434,99,53,0,0,0,0
214,WLNM_dir_neg,0.694375222499,0.277740999954,00:00:02,10,50,14,1289612805,fixed,0.5,0.470588235294,0.754716981132,0.579710144928,40,45,13,61,0.754716981132,0.575471698113,0.424528301887,0.245283018868,0.470588235294,0.754716981132,0.579710144928,0.635220125786,0.488469601677,0.286885245902,0.312052541334,0.330188679245,106,53,53,0,106,0,53,0,53,21,106,0.252380952381,1.98147951821,10.0952380952,7.57142857143,5.3,3.5903309305,0.355645988398,0.177897574124,5.04456331585,0.999394619178,0.535489667565,3.93034591959,0.778653436899,0.415094339623,0.785936912158,0.396641451468,2.18653061224,1.98147951821,0.785936912158,2.18653061224,0.456493016787,0.454374412041,161,0.121052631579,0.398438786394,21,21,21,1,0,0.333333333333,0.619047619048,0.047619047619,21,138,0.328571428571,2.02927436305,13.1428571429,11.5,6.57142857143,6.47522751944,0.49268035474,0.273982056591,6.92510959171,1.05382102482,0.558316080055,2.52133751353,0.383681795537,0.209799861974,0.939943850646,0.463192098497,2.08970897911,2.02927436305,0.939943850646,2.08970897911,0.724146189208,0.664583333333,319,0.23984962406,0.401074437519,21,21,21,1,0,0.428571428571,0.571428571429,0,32,0.0761904761905,0.0477948448326,3.04761904762,3.92857142857,1.27142857143,2.88489658895,0.137034366342,0.0960844824668,1.88054627586,0.0544264056471,0.0228264124901,-1.40900840606,-0.394971641362,-0.205294477649,0.154006938488,0.0665506470295,-0.0968216331347,0.0477948448326,0.154006938488,-0.0968216331347,0.267653172421,0.210208921292,158,0.118796992481,0.00263565112516,0.0952380952381,-0.047619047619,-0.047619047619,93,45,13,269,0.877358490566,0.856687898089,0.143312101911,0.122641509434,0.673913043478,0.877358490566,0.762295081967,0.678855226036,0.734046388655,0.615894039735,85,53,0,0,0,0
215,WLNM_dir_neg,0.86543253827,0.234146461691,00:00:01,10,50,15,1289612806,fixed,0.5,0.54347826087,0.943396226415,0.689655172414,50,42,3,64,0.943396226415,0.603773584906,0.396226415094,0.0566037735849,0.54347826087,0.943396226415,0.689655172414,0.716981132075,0.473794549266,0.462151394422,0.522374153889,0.547169811321,106,53,53,0,106,0,53,0,53,21,106,0.252380952381,1.98147951821,10.0952380952,7.57142857143,5.3,3.5903309305,0.355645988398,0.177897574124,5.04456331585,0.999394619178,0.535489667565,3.93034591959,0.778653436899,0.415094339623,0.785936912158,0.396641451468,2.18653061224,1.98147951821,0.785936912158,2.18653061224,0.456493016787,0.454374412041,161,0.121052631579,0.398438786394,21,21,21,1,0,0.333333333333,0.619047619048,0.047619047619,21,145,0.345238095238,2.59220621379,13.8095238095,10.3571428571,6.90476190476,5.39090945592,0.39037620198,0.207224958949,6.21212332383,0.89968682621,0.491297208539,3.14491274767,0.455470122077,0.247619047619,1.21159024237,0.467397321988,3.53819795482,2.59220621379,1.21159024237,3.53819795482,0.681331988077,0.645057766367,335,0.251879699248,0.378430493447,21,21,21,1,0,0.333333333333,0.666666666667,0,39,0.0928571428571,0.610726695579,3.71428571429,2.78571428571,1.60476190476,1.80057852542,0.0347302135821,0.0293273848251,1.16756000798,-0.0997077929679,-0.0441924590266,-0.785433171915,-0.323183314823,-0.167475292004,0.42565333021,0.0707558705205,1.35166734257,0.610726695579,0.42565333021,1.35166734257,0.22483897129,0.190683354326,174,0.130827067669,-0.0200082929466,0,0.047619047619,-0.047619047619,103,42,3,272,0.971698113208,0.866242038217,0.133757961783,0.0283018867925,0.710344827586,0.971698113208,0.820717131474,0.765562072665,0.837940151424,0.695945945946,92,53,0,0,0,0
216,WLNM_dir_neg,0.682805268779,0.274693105368,00:00:02,10,50,16,1289612807,fixed,0.5,0.46875,0.849056603774,0.604026845638,45,51,8,55,0.849056603774,0.518867924528,0.481132075472,0.150943396226,0.46875,0.849056603774,0.604026845638,0.62893081761,0.465408805031,0.305882352941,0.354604071633,0.367924528302,106,53,53,0,106,0,53,0,53,21,106,0.252380952381,1.98147951821,10.0952380952,7.57142857143,5.3,3.5903309305,0.355645988398,0.177897574124,5.04456331585,0.999394619178,0.535489667565,3.93034591959,0.778653436899,0.415094339623,0.785936912158,0.396641451468,2.18653061224,1.98147951821,0.785936912158,2.18653061224,0.456493016787,0.454374412041,161,0.121052631579,0.398438786394,21,21,21,1,0,0.333333333333,0.619047619048,0.047619047619,21,149,0.354761904762,2.25907488799,14.1904761905,10.6428571429,7.09523809524,5.54634156556,0.390849573412,0.217961009907,6.84766209669,0.96510673846,0.525407478428,2.84437623926,0.400885241775,0.223074464685,0.965720795099,0.42748507375,2.37247169477,2.25907488799,0.965720795099,2.37247169477,0.674444454918,0.647665251668,356,0.267669172932,0.353831965956,21,21,21,1,0,0.333333333333,0.666666666667,0,43,0.102380952381,0.277595369777,4.09523809524,3.07142857143,1.79523809524,1.95601063507,0.0352035850141,0.0400634357833,1.80309878084,-0.0342878807178,-0.0100821891375,-1.08596968033,-0.377768195124,-0.192019874937,0.179783882941,0.0308436222822,0.185941082524,0.277595369777,0.179783882941,0.185941082524,0.217951438131,0.193290839626,195,0.146616541353,-0.0446068204374,0,0.047619047619,-0.047619047619,98,51,8,263,0.924528301887,0.837579617834,0.162420382166,0.0754716981132,0.657718120805,0.924528301887,0.76862745098,0.69192090447,0.762107919721,0.624203821656,96,53,0,0,0,0
217,WLNM_dir_neg,0.772338910644,0.290833333218,00:00:02,10,50,17,1289612808,fixed,0.5,0.488888888889,0.830188679245,0.615384615385,44,46,9,60,0.830188679245,0.566037735849,0.433962264151,0.169811320755,0.488888888889,0.830188679245,0.615384615385,0.654088050314,0.477987421384,0.33734939759,0.376867331441,0.396226415094,106,53,53,0,106,0,53,0,53,21,106,0.252380952381,1.98147951821,10.0952380952,7.57142857143,5.3,3.5903309305,0.355645988398,0.177897574124,5.04456331585,0.999394619178,0.535489667565,3.93034591959,0.778653436899,0.415094339623,0.785936912158,0.396641451468,2.18653061224,1.98147951821,0.785936912158,2.18653061224,0.456493016787,0.454374412041,161,0.121052631579,0.398438786394,21,21,21,1,0,0.333333333333,0.619047619048,0.047619047619,21,143,0.340476190476,2.1244947359,13.619047619,11,7.15,5.56305842569,0.40847631797,0.220779220779,6.16132329633,0.904809714846,0.480186480186,3.51595005111,0.516328329184,0.285048285048,0.937545795648,0.441302950675,2.2090951059,2.1807194727,0.924864984375,2.2090951059,0.7197289312,0.704024767802,379,0.284962406015,0.449770242239,21,20,20,0.952380952381,0,0.333333333333,0.619047619048,0,37,0.0880952380952,0.143015217691,3.52380952381,3.42857142857,1.85,1.97272749519,0.0528303295719,0.0428816466552,1.11675998048,-0.0945849043321,-0.0553031873787,-0.414395868477,-0.262325107715,-0.130046054574,0.15160888349,0.0446614992074,0.0225644936534,0.199239954486,0.138928072217,0.0225644936534,0.263235914412,0.24965035576,218,0.163909774436,0.0513314558449,0,0,-0.047619047619,97,46,9,268,0.915094339623,0.853503184713,0.146496815287,0.0849056603774,0.678321678322,0.915094339623,0.779116465863,0.704545158185,0.768597524336,0.638157894737,90,53,0,0,0,0
218,WLNM_dir_neg,0.762192951228,0.256704914722,00:00:02,10,50,18,1289612809,fixed,0.5,0.488888888889,0.830188679245,0.615384615385,44,46,9,60,0.830188679245,0.566037735849,0.433962264151,0.169811320755,0.488888888889,0.830188679245,0.615384615385,0.654088050314,0.477987421384,0.33734939759,0.376867331441,0.396226415094,106,53,53,0,106,0,53,0,53,21,106,0.252380952381,1.98147951821,10.0952380952,7.57142857143,5.3,3.5903309305,0.355645988398,0.177897574124,5.04456331585,0.999394619178,0.535489667565,3.93034591959,0.778653436899,0.415094339623,0.785936912158,0.396641451468,2.18653061224,1.98147951821,0.785936912158,2.18653061224,0.456493016787,0.454374412041,161,0.121052631579,0.398438786394,21,21,21,1,0,0.333333333333,0.619047619048,0.047619047619,21,143,0.340476190476,2.16895044017,13.619047619,10.2142857143,6.80952380952,4.87315288572,0.357818918182,0.196803196803,6.43132216281,0.944459898036,0.517482517483,2.82168473822,0.414373283235,0.222444222444,0.907300740428,0.418313265081,2.25450405373,2.16895044017,0.907300740428,2.25450405373,0.692111442786,0.660182370821,362,0.272180451128,0.349520659646,21,21,21,1,0,0.333333333333,0.666666666667,0,37,0.0880952380952,0.18747092196,3.52380952381,2.64285714286,1.50952380952,1.28282195523,0.00217292978418,0.0189056226792,1.38675884696,-0.0549347211422,-0.0180071500826,-1.10866118137,-0.364280153664,-0.192650117178,0.12136382827,0.0216718136134,0.0679734414885,0.18747092196,0.12136382827,0.0679734414885,0.235618425999,0.205807958779,201,0.151127819549,-0.0489181267479,0,0.047619047619,-0.047619047619,97,46,9,268,0.915094339623,0.853503184713,0.146496815287,0.0849056603774,0.678321678322,0.915094339623,0.779116465863,0.704545158185,0.768597524336,0.638157894737,90,53,0,0,0,0
219,WLNM_dir_neg,0.834015663937,0.234767956438,00:00:02,10,50,19,1289612810,fixed,0.5,0.536842105263,0.962264150943,0.689189189189,51,44,2,62,0.962264150943,0.584905660377,0.415094339623,0.0377358490566,0.536842105263,0.962264150943,0.689189189189,0.710691823899,0.46750524109,0.456692913386,0.52597028133,0.547169811321,106,53,53,0,106,0,53,0,53,21,106,0.252380952381,1.98147951821,10.0952380952,7.57142857143,5.3,3.5903309305,0.355645988398,0.177897574124,5.04456331585,0.999394619178,0.535489667565,3.93034591959,0.778653436899,0.415094339623,0.785936912158,0.396641451468,2.18653061224,1.98147951821,0.785936912158,2.18653061224,0.456493016787,0.454374412041,161,0.121052631579,0.398438786394,21,21,21,1,0,0.333333333333,0.619047619048,0.047619047619,21,148,0.352380952381,2.18826863052,14.0952380952,10.5714285714,7.04761904762,5.06857733397,0.359595013559,0.190154440154,6.61419829213,0.938501109018,0.513513513514,3.5982800124,0.510566758516,0.278635778636,0.935942557949,0.427709169202,2.54327880162,2.18826863052,0.935942557949,2.54327880162,0.760622293943,0.728295819936,453,0.340601503759,0.413283163553,21,21,21,1,0,0.333333333333,0.666666666667,0,42,0.1,0.206789112302,4,3,1.74761904762,1.47824640348,0.00394902516079,0.0122568660305,1.56963497628,-0.0608935101593,-0.0219761540516,-0.33206590719,-0.268086678384,-0.136458560987,0.150005645792,0.0310677177345,0.356748189372,0.206789112302,0.150005645792,0.356748189372,0.304129277156,0.273921407894,292,0.21954887218,0.014844377159,0,0.047619047619,-0.047619047619,104,44,2,270,0.981132075472,0.859872611465,0.140127388535,0.0188679245283,0.702702702703,0.981132075472,0.818897637795,0.764717208191,0.841004686937,0.693333333333,95,53,0,0,0,0
220,WLNM_dir_neg,0.747063011748,0.183058411901,00:00:02,10,50,20,1289612811,fixed,0.5,0.464646464646,0.867924528302,0.605263157895,46,53,7,53,0.867924528302,0.5,0.5,0.132075471698,0.464646464646,0.867924528302,0.605263157895,0.622641509434,0.459119496855,0.302325581395,0.357813223666,0.367924528302,106,53,53,0,106,0,53,0,53,21,106,0.252380952381,1.98147951821,10.0952380952,7.57142857143,5.3,3.5903309305,0.355645988398,0.177897574124,5.04456331585,0.999394619178,0.535489667565,3.93034591959,0.778653436899,0.415094339623,0.785936912158,0.396641451468,2.18653061224,1.98147951821,0.785936912158,2.18653061224,0.456493016787,0.454374412041,161,0.121052631579,0.398438786394,21,21,21,1,0,0.333333333333,0.619047619048,0.047619047619,21,152,0.361904761905,2.34899559457,14.4761904762,11.6923076923,7.2380952381,6.02178584491,0.415978627444,0.231829573935,7.06331906334,0.975853291645,0.52380952381,2.34317651714,0.323728334605,0.176691729323,1.12536925026,0.479085296225,3.18039973328,2.34899559457,1.12536925026,3.18039973328,0.739726937681,0.675579322638,379,0.284962406015,0.389512442333,21,21,21,1,0,0.380952380952,0.619047619048,0,46,0.109523809524,0.367516076359,4.38095238095,4.12087912088,1.9380952381,2.43145491441,0.0603326390459,0.0539319998108,2.01875574749,-0.0235413275328,-0.0116801437556,-1.58716940245,-0.454925102295,-0.238402610299,0.339432338099,0.0824438447571,0.993869121036,0.367516076359,0.339432338099,0.993869121036,0.283233920894,0.221204910597,218,0.163909774436,-0.00892634406077,0.047619047619,0,-0.047619047619,99,53,7,261,0.933962264151,0.831210191083,0.168789808917,0.0660377358491,0.651315789474,0.933962264151,0.767441860465,0.691652408405,0.765172455234,0.622641509434,99,53,0,0,0,0
221,WLNM_dir_neg,0.761480954076,0.306658950403,00:00:02,10,50,21,1289612812,fixed,0.5,0.510869565217,0.88679245283,0.648275862069,47,45,6,61,0.88679245283,0.575471698113,0.424528301887,0.11320754717,0.510869565217,0.88679245283,0.648275862069,0.679245283019,0.473794549266,0.390438247012,0.441316095527,0.462264150943,106,53,53,0,106,0,53,0,53,21,106,0.252380952381,1.98147951821,10.0952380952,7.57142857143,5.3,3.5903309305,0.355645988398,0.177897574124,5.04456331585,0.999394619178,0.535489667565,3.93034591959,0.778653436899,0.415094339623,0.785936912158,0.396641451468,2.18653061224,1.98147951821,0.785936912158,2.18653061224,0.456493016787,0.454374412041,161,0.121052631579,0.398438786394,21,21,21,1,0,0.333333333333,0.619047619048,0.047619047619,21,145,0.345238095238,2.06650889237,13.8095238095,11.1538461538,7.25,5.38162659072,0.3897039945,0.208538587849,6.48771733281,0.939600441304,0.511658456486,3.49148624378,0.505663524961,0.274548440066,0.888469621154,0.429937477856,2.05024322276,2.11983433699,0.87639368935,2.05024322276,0.707974566283,0.695340501792,388,0.291729323308,0.45387852651,21,20,20,0.952380952381,0,0.333333333333,0.619047619048,0,39,0.0928571428571,0.0850293741583,3.71428571429,3.58241758242,1.95,1.79129566022,0.034058006102,0.0306410137249,1.44315401696,-0.0597941778739,-0.0238312110791,-0.438859675812,-0.272989911939,-0.140545899557,0.102532708997,0.0332960263889,-0.136287389486,0.138354818777,0.0904567771918,-0.136287389486,0.251481549496,0.240966089751,227,0.170676691729,0.0554397401166,0,0,-0.047619047619,100,45,6,269,0.943396226415,0.856687898089,0.143312101911,0.0566037735849,0.689655172414,0.943396226415,0.796812749004,0.730975905165,0.800084124504,0.662251655629,92,53,0,0,0,0
222,WLNM_dir_neg,0.753826984692,0.224420930958,00:00:01,10,50,22,1289612813,fixed,0.5,0.458333333333,0.830188679245,0.590604026846,44,52,9,54,0.830188679245,0.509433962264,0.490566037736,0.169811320755,0.458333333333,0.830188679245,0.590604026846,0.616352201258,0.465408805031,0.282352941176,0.327326835354,0.339622641509,106,53,53,0,106,0,53,0,53,21,106,0.252380952381,1.98147951821,10.0952380952,7.57142857143,5.3,3.5903309305,0.355645988398,0.177897574124,5.04456331585,0.999394619178,0.535489667565,3.93034591959,0.778653436899,0.415094339623,0.785936912158,0.396641451468,2.18653061224,1.98147951821,0.785936912158,2.18653061224,0.456493016787,0.454374412041,161,0.121052631579,0.398438786394,21,21,21,1,0,0.333333333333,0.619047619048,0.047619047619,21,149,0.354761904762,2.56376926939,14.1904761905,10.6428571429,7.09523809524,6.46234514413,0.455400161164,0.251837647811,7.00645960457,0.987487595275,0.5317992969,2.98169015669,0.420238210003,0.232662192394,1.21221330974,0.472824650882,3.54977566767,2.56376926939,1.21221330974,3.54977566767,0.742640115794,0.67955801105,369,0.277443609023,0.363562583475,21,21,21,1,0,0.333333333333,0.666666666667,0,43,0.102380952381,0.582289751178,4.09523809524,3.07142857143,1.79523809524,2.87201421364,0.0997541727656,0.0739400736868,1.96189628872,-0.0119070239028,-0.00369037066517,-0.948655762902,-0.358415226897,-0.182432147229,0.426276397584,0.0761831994141,1.36324505542,0.582289751178,0.426276397584,1.36324505542,0.286147099006,0.225183599008,208,0.156390977444,-0.0348762029183,0,0.047619047619,-0.047619047619,97,52,9,262,0.915094339623,0.834394904459,0.165605095541,0.0849056603774,0.651006711409,0.915094339623,0.760784313725,0.680464357128,0.749489244081,0.613924050633,96,53,0,0,0,0
223,WLNM_dir_neg,0.738252046992,0.224341474763,00:00:02,10,50,23,1289612814,fixed,0.5,0.422680412371,0.77358490566,0.546666666667,41,56,12,50,0.77358490566,0.471698113208,0.528301886792,0.22641509434,0.422680412371,0.77358490566,0.546666666667,0.572327044025,0.463312368973,0.203125,0.237070021046,0.245283018868,106,53,53,0,106,0,53,0,53,21,106,0.252380952381,1.98147951821,10.0952380952,7.57142857143,5.3,3.5903309305,0.355645988398,0.177897574124,5.04456331585,0.999394619178,0.535489667565,3.93034591959,0.778653436899,0.415094339623,0.785936912158,0.396641451468,2.18653061224,1.98147951821,0.785936912158,2.18653061224,0.456493016787,0.454374412041,161,0.121052631579,0.398438786394,21,21,21,1,0,0.333333333333,0.619047619048,0.047619047619,21,150,0.357142857143,3.3318847492,14.2857142857,10,7.14285714286,5.90883116312,0.413618181419,0.230793650794,6.56723468658,0.919412856121,0.499047619048,2.17452786337,0.304433900872,0.156825396825,1.73834455138,0.521730096396,5.21792078454,3.3318847492,1.73834455138,5.21792078454,0.69854925326,0.660759493671,348,0.261654135338,0.296589797658,21,21,21,1,0,0.285714285714,0.714285714286,0,44,0.104761904762,1.35040523099,4.19047619048,2.42857142857,1.84285714286,2.31850023263,0.0579721930204,0.0528960766697,1.52267137073,-0.0799817630571,-0.0364420485175,-1.75581805622,-0.474219536028,-0.258268942797,0.952407639224,0.125088644929,3.0313901723,1.35040523099,0.952407639224,3.0313901723,0.242056236472,0.206385081629,187,0.140601503759,-0.101848988736,-0.047619047619,0.0952380952381,-0.047619047619,94,56,12,258,0.88679245283,0.821656050955,0.178343949045,0.11320754717,0.626666666667,0.88679245283,0.734375,0.642241747478,0.708448503786,0.58024691358,97,53,0,0,0,0
224,WLNM_dir_neg,0.762281950872,0.200003182749,00:00:01,10,50,24,1289612815,fixed,0.5,0.42735042735,0.943396226415,0.588235294118,50,67,3,39,0.943396226415,0.367924528302,0.632075471698,0.0566037735849,0.42735042735,0.943396226415,0.588235294118,0.559748427673,0.421383647799,0.239130434783,0.332875142968,0.311320754717,106,53,53,0,106,0,53,0,53,21,106,0.252380952381,1.98147951821,10.0952380952,7.57142857143,5.3,3.5903309305,0.355645988398,0.177897574124,5.04456331585,0.999394619178,0.535489667565,3.93034591959,0.778653436899,0.415094339623,0.785936912158,0.396641451468,2.18653061224,1.98147951821,0.785936912158,2.18653061224,0.456493016787,0.454374412041,161,0.121052631579,0.398438786394,21,21,21,1,0,0.333333333333,0.619047619048,0.047619047619,21,170,0.404761904762,2.3507793819,16.1904761905,12.1428571429,8.09523809524,5.17319096515,0.319520618436,0.177030812325,6.98501798068,0.86285516232,0.468347338936,2.66279480818,0.328933476305,0.180392156863,1.02772160988,0.437183351954,2.55149783002,2.3507793819,1.02772160988,2.55149783002,0.750181375049,0.727011494253,506,0.38045112782,0.422620151323,21,21,21,1,0,0.333333333333,0.666666666667,0,64,0.152380952381,0.369299863681,6.09523809524,4.57142857143,2.79523809524,1.58286003465,-0.0361253699625,-0.000866761799059,1.94045466483,-0.136539456858,-0.0671423286296,-1.26755111141,-0.449719960595,-0.23470218276,0.241784697724,0.0405419004866,0.364967217779,0.369299863681,0.241784697724,0.364967217779,0.293688358262,0.272637082211,345,0.259398496241,0.0241813649292,0,0.047619047619,-0.047619047619,103,67,3,247,0.971698113208,0.786624203822,0.213375796178,0.0283018867925,0.605882352941,0.971698113208,0.746376811594,0.671084377649,0.758322317029,0.595375722543,117,53,0,0,0,0
225,WLNM_dir_neg,0.813456746173,0.190137737665,00:00:02,10,50,25,1289612816,fixed,0.5,0.529411764706,0.849056603774,0.652173913043,45,40,8,66,0.849056603774,0.622641509434,0.377358490566,0.150943396226,0.529411764706,0.849056603774,0.652173913043,0.698113207547,0.488469601677,0.409836065574,0.445789344763,0.471698113208,106,53,53,0,106,0,53,0,53,21,106,0.252380952381,1.98147951821,10.0952380952,7.57142857143,5.3,3.5903309305,0.355645988398,0.177897574124,5.04456331585,0.999394619178,0.535489667565,3.93034591959,0.778653436899,0.415094339623,0.785936912158,0.396641451468,2.18653061224,1.98147951821,0.785936912158,2.18653061224,0.456493016787,0.454374412041,161,0.121052631579,0.398438786394,21,21,21,1,0,0.333333333333,0.619047619048,0.047619047619,21,138,0.328571428571,2.53724928556,13.1428571429,9.85714285714,6.57142857143,5.33184503043,0.405683861011,0.222912353347,6.39195923463,0.972689448748,0.529330572809,3.10759438427,0.472894797606,0.239475500345,1.15151198405,0.45384266757,3.24529868224,2.53724928556,1.15151198405,3.24529868224,0.658511780781,0.622340425532,312,0.234586466165,0.35972559168,21,21,21,1,0,0.333333333333,0.666666666667,0,32,0.0761904761905,0.555769767345,3.04761904762,2.28571428571,1.27142857143,1.74151409994,0.0500378726131,0.0450147792231,1.34739591878,-0.0267051704301,-0.00615909475631,-0.822751535318,-0.305758639293,-0.175618839278,0.36557507189,0.0572012161021,1.05876806999,0.555769767345,0.36557507189,1.05876806999,0.202018763994,0.167966013491,151,0.113533834586,-0.0387131947142,0,0.047619047619,-0.047619047619,98,40,8,274,0.924528301887,0.872611464968,0.127388535032,0.0754716981132,0.710144927536,0.924528301887,0.803278688525,0.737204766584,0.797139766855,0.671232876712,85,53,0,0,0,0
226,WLNM_dir_neg,0.856265574938,0.395982146699,00:00:02,10,50,26,1289612817,fixed,0.5,0.564705882353,0.905660377358,0.695652173913,48,37,5,69,0.905660377358,0.650943396226,0.349056603774,0.0943396226415,0.564705882353,0.905660377358,0.695652173913,0.735849056604,0.488469601677,0.483606557377,0.526031426821,0.556603773585,106,53,53,0,106,0,53,0,53,21,106,0.252380952381,1.98147951821,10.0952380952,7.57142857143,5.3,3.5903309305,0.355645988398,0.177897574124,5.04456331585,0.999394619178,0.535489667565,3.93034591959,0.778653436899,0.415094339623,0.785936912158,0.396641451468,2.18653061224,1.98147951821,0.785936912158,2.18653061224,0.456493016787,0.454374412041,161,0.121052631579,0.398438786394,21,21,21,1,0,0.333333333333,0.619047619048,0.047619047619,21,138,0.328571428571,1.97882956605,13.1428571429,10.6153846154,6.57142857143,4.15073143296,0.315816522073,0.171842650104,6.2655520792,0.953453577269,0.515527950311,3.35516659156,0.510568829151,0.281573498965,0.812085902746,0.410386986671,1.93711937323,1.97882956605,0.812085902746,1.93711937323,0.626614631867,0.614113159568,322,0.242105263158,0.421959600328,21,21,21,1,0,0.380952380952,0.619047619048,0,32,0.0761904761905,-0.00264995216301,3.04761904762,3.04395604396,1.27142857143,0.560400502465,-0.0398294663251,-0.00605492402047,1.22098876335,-0.0459410419086,-0.0199617172546,-0.575179328024,-0.268084607748,-0.133520840658,0.0261489905887,0.013745535203,-0.24941123901,-0.00264995216301,0.0261489905887,-0.24941123901,0.17012161508,0.159738747526,161,0.121052631579,0.0235208139341,0.047619047619,0,-0.047619047619,101,37,5,277,0.952830188679,0.882165605096,0.117834394904,0.0471698113208,0.731884057971,0.952830188679,0.827868852459,0.772214490913,0.834995793775,0.706293706294,85,53,0,0,0,0
227,WLNM_dir_neg,0.75088999644,0.185283834391,00:00:02,10,50,27,1289612818,fixed,0.5,0.470588235294,0.905660377358,0.61935483871,48,54,5,52,0.905660377358,0.490566037736,0.509433962264,0.0943396226415,0.470588235294,0.905660377358,0.61935483871,0.62893081761,0.452830188679,0.32183908046,0.389490418852,0.396226415094,106,53,53,0,106,0,53,0,53,21,106,0.252380952381,1.98147951821,10.0952380952,7.57142857143,5.3,3.5903309305,0.355645988398,0.177897574124,5.04456331585,0.999394619178,0.535489667565,3.93034591959,0.778653436899,0.415094339623,0.785936912158,0.396641451468,2.18653061224,1.98147951821,0.785936912158,2.18653061224,0.456493016787,0.454374412041,161,0.121052631579,0.398438786394,21,21,21,1,0,0.333333333333,0.619047619048,0.047619047619,21,155,0.369047619048,2.94813722905,14.7619047619,10.3333333333,7.38095238095,5.8558070486,0.396683703293,0.21935483871,6.96043238942,0.943026323727,0.511213517665,2.41818507307,0.327625074416,0.178187403994,1.36052456104,0.461486170871,3.52864116182,2.94813722905,1.36052456104,3.52864116182,0.741273115389,0.694256756757,411,0.309022556391,0.306500155577,21,21,21,1,0,0.285714285714,0.714285714286,0,49,0.116666666667,0.966657710836,4.66666666667,2.7619047619,2.08095238095,2.26547611811,0.0410377148943,0.0414572645857,1.91586907357,-0.0563682954506,-0.0242761499,-1.51216084652,-0.451028362483,-0.236906935629,0.574587648878,0.0648447194032,1.34211054958,0.966657710836,0.574587648878,1.34211054958,0.284780098601,0.239882344715,250,0.187969924812,-0.0919386308169,-0.047619047619,0.0952380952381,-0.047619047619,101,54,5,260,0.952830188679,0.828025477707,0.171974522293,0.0471698113208,0.651612903226,0.952830188679,0.773946360153,0.702910024109,0.780855666386,0.63125,102,53,0,0,0,0
228,WLNM_dir_neg,0.759166963332,0.326460688238,00:00:02,10,50,28,1289612819,fixed,0.5,0.493975903614,0.77358490566,0.602941176471,41,42,12,64,0.77358490566,0.603773584906,0.396226415094,0.22641509434,0.493975903614,0.77358490566,0.602941176471,0.660377358491,0.492662473795,0.330578512397,0.356122284898,0.377358490566,106,53,53,0,106,0,53,0,53,21,106,0.252380952381,1.98147951821,10.0952380952,7.57142857143,5.3,3.5903309305,0.355645988398,0.177897574124,5.04456331585,0.999394619178,0.535489667565,3.93034591959,0.778653436899,0.415094339623,0.785936912158,0.396641451468,2.18653061224,1.98147951821,0.785936912158,2.18653061224,0.456493016787,0.454374412041,161,0.121052631579,0.398438786394,21,21,21,1,0,0.333333333333,0.619047619048,0.047619047619,21,136,0.32380952381,2.15161819039,12.9523809524,10.4615384615,6.47619047619,5.49978354552,0.424615641382,0.228991596639,6.21786979294,0.960112247439,0.514705882353,2.71328302282,0.4189628197,0.228291316527,0.957491540337,0.445009967202,2.39105952571,2.15161819039,0.957491540337,2.39105952571,0.660338846208,0.616944243302,284,0.213533834586,0.363030206995,21,21,21,1,0,0.380952380952,0.619047619048,0,30,0.0714285714286,0.170138672175,2.85714285714,2.89010989011,1.17619047619,1.90945261503,0.0689696529842,0.0510940225147,1.17330647709,-0.0392823717392,-0.0207837852122,-1.21706289677,-0.3596906172,-0.186803023096,0.171554628179,0.0483685157349,0.204528913464,0.170138672175,0.171554628179,0.204528913464,0.203845829421,0.162569831261,123,0.0924812030075,-0.0354085793993,0.047619047619,0,-0.047619047619,94,42,12,272,0.88679245283,0.866242038217,0.133757961783,0.11320754717,0.691176470588,0.88679245283,0.776859504132,0.699043176761,0.753034491047,0.635135135135,83,53,0,0,0,0
229,WLNM_dir_neg,0.851103595586,0.177303484926,00:00:02,10,50,29,1289612820,fixed,0.5,0.49,0.924528301887,0.640522875817,49,51,4,55,0.924528301887,0.518867924528,0.481132075472,0.0754716981132,0.49,0.924528301887,0.640522875817,0.654088050314,0.457023060797,0.362934362934,0.432670070412,0.443396226415,106,53,53,0,106,0,53,0,53,21,106,0.252380952381,1.98147951821,10.0952380952,7.57142857143,5.3,3.5903309305,0.355645988398,0.177897574124,5.04456331585,0.999394619178,0.535489667565,3.93034591959,0.778653436899,0.415094339623,0.785936912158,0.396641451468,2.18653061224,1.98147951821,0.785936912158,2.18653061224,0.456493016787,0.454374412041,161,0.121052631579,0.398438786394,21,21,21,1,0,0.333333333333,0.619047619048,0.047619047619,21,153,0.364285714286,2.0775776457,14.5714285714,11.7692307692,7.28571428571,6.31325136971,0.433262348902,0.239651416122,7.14242855857,0.980333331569,0.527233115468,2.95199690282,0.405176045486,0.225334578276,0.916254090006,0.441020383476,2.20161836443,2.0775776457,0.916254090006,2.20161836443,0.760882155995,0.705275229358,410,0.308270676692,0.433444584741,21,21,21,1,0,0.380952380952,0.619047619048,0,47,0.111904761905,0.0960981274846,4.47619047619,4.1978021978,1.98571428571,2.72292043921,0.0776163605035,0.061753841998,2.09786524272,-0.0190612876093,-0.00825655209673,-0.978349016763,-0.373477391414,-0.189759761347,0.130317177849,0.044378932008,0.0150877521815,0.0960981274846,0.130317177849,0.0150877521815,0.304389139208,0.250900817316,249,0.187218045113,0.0350057983472,0.047619047619,0,-0.047619047619,102,51,4,263,0.962264150943,0.837579617834,0.162420382166,0.0377358490566,0.666666666667,0.962264150943,0.787644787645,0.721974030697,0.799843768778,0.649681528662,100,53,0,0,0,0
230,WLNM_dir_neg,0.785154859381,0.23816460495,00:00:01,10,50,30,1289612821,fixed,0.5,0.483870967742,0.849056603774,0.616438356164,45,48,8,58,0.849056603774,0.547169811321,0.452830188679,0.150943396226,0.483870967742,0.849056603774,0.616438356164,0.647798742138,0.471698113208,0.333333333333,0.379071252752,0.396226415094,106,53,53,0,106,0,53,0,53,21,106,0.252380952381,1.98147951821,10.0952380952,7.57142857143,5.3,3.5903309305,0.355645988398,0.177897574124,5.04456331585,0.999394619178,0.535489667565,3.93034591959,0.778653436899,0.415094339623,0.785936912158,0.396641451468,2.18653061224,1.98147951821,0.785936912158,2.18653061224,0.456493016787,0.454374412041,161,0.121052631579,0.398438786394,21,21,21,1,0,0.333333333333,0.619047619048,0.047619047619,21,146,0.347619047619,2.25174509161,13.9047619048,11.2307692308,6.95238095238,5.76111761644,0.414326951867,0.228310502283,6.82990622539,0.982383772145,0.531637312459,2.88922464471,0.415573407801,0.224396607958,1.02111660459,0.453477886282,2.4226391707,2.25174509161,1.02111660459,2.4226391707,0.737508387398,0.687463556851,393,0.295488721805,0.400422415639,21,21,21,1,0,0.380952380952,0.619047619048,0,40,0.0952380952381,0.270265573399,3.80952380952,3.65934065934,1.65238095238,2.17078668595,0.0586809634692,0.0504129281591,1.78534290954,-0.0170108470327,-0.00385235510591,-1.04112127487,-0.363080029098,-0.190697731664,0.235179692432,0.0568364348142,0.236108558459,0.270265573399,0.235179692432,0.236108558459,0.281015370611,0.23308914481,232,0.174436090226,0.00198362924501,0.047619047619,0,-0.047619047619,98,48,8,266,0.924528301887,0.847133757962,0.152866242038,0.0754716981132,0.671232876712,0.924528301887,0.777777777778,0.70387119927,0.771662059849,0.636363636364,93,53,0,0,0,0
231,WLNM_dir_neg,0.866856532574,0.174008241174,00:00:01,10,50,31,1289612822,fixed,0.5,0.51,0.962264150943,0.666666666667,51,49,2,57,0.962264150943,0.537735849057,0.462264150943,0.0377358490566,0.51,0.962264150943,0.666666666667,0.679245283019,0.457023060797,0.409266409266,0.487904547486,0.5,106,53,53,0,106,0,53,0,53,21,106,0.252380952381,1.98147951821,10.0952380952,7.57142857143,5.3,3.5903309305,0.355645988398,0.177897574124,5.04456331585,0.999394619178,0.535489667565,3.93034591959,0.778653436899,0.415094339623,0.785936912158,0.396641451468,2.18653061224,1.98147951821,0.785936912158,2.18653061224,0.456493016787,0.454374412041,161,0.121052631579,0.398438786394,21,21,21,1,0,0.333333333333,0.619047619048,0.047619047619,21,153,0.364285714286,2.14285061168,14.5714285714,11.7692307692,7.65,5.54591226555,0.380601822145,0.200124494242,6.63432631955,0.910593808566,0.488017429194,3.25795729166,0.447170608659,0.242141300965,0.946971938427,0.441921584858,2.2373130708,2.19999314226,0.933688332614,2.2373130708,0.760028054591,0.738733905579,459,0.345112781955,0.463430051311,21,20,20,0.952380952381,0,0.333333333333,0.619047619048,0,47,0.111904761905,0.161371093466,4.47619047619,4.1978021978,2.35,1.95558133505,0.0249558337472,0.0222269201182,1.5897630037,-0.088800810612,-0.0474722383712,-0.672388627927,-0.33148282824,-0.172953038658,0.16103502627,0.0452801333903,0.0507824585502,0.21851362405,0.147751420456,0.0507824585502,0.303535037804,0.284359493538,298,0.224060150376,0.0649912649173,0,0,-0.047619047619,104,49,2,265,0.981132075472,0.843949044586,0.156050955414,0.0188679245283,0.679738562092,0.981132075472,0.803088803089,0.744754369732,0.825081120058,0.670967741935,100,53,0,0,0,0
232,WLNM_dir_neg,0.848611605554,0.254300005952,00:00:02,10,50,32,1289612823,fixed,0.5,0.463636363636,0.962264150943,0.625766871166,51,59,2,47,0.962264150943,0.443396226415,0.556603773585,0.0377358490566,0.463636363636,0.962264150943,0.625766871166,0.616352201258,0.43605870021,0.31970260223,0.414151344085,0.405660377358,106,53,53,0,106,0,53,0,53,21,106,0.252380952381,1.98147951821,10.0952380952,7.57142857143,5.3,3.5903309305,0.355645988398,0.177897574124,5.04456331585,0.999394619178,0.535489667565,3.93034591959,0.778653436899,0.415094339623,0.785936912158,0.396641451468,2.18653061224,1.98147951821,0.785936912158,2.18653061224,0.456493016787,0.454374412041,161,0.121052631579,0.398438786394,21,21,21,1,0,0.333333333333,0.619047619048,0.047619047619,21,163,0.388095238095,2.16963824179,15.5238095238,11.6428571429,7.7619047619,5.10508616596,0.32885524382,0.180251241601,7.02783581129,0.905426699614,0.493718959977,2.89663187003,0.373185701047,0.199824715162,0.898059176886,0.413921159569,2.26075956657,2.16963824179,0.898059176886,2.26075956657,0.752707016639,0.722801788376,485,0.364661654135,0.410651354858,21,21,21,1,0,0.333333333333,0.666666666667,0,57,0.135714285714,0.188158723574,5.42857142857,4.07142857143,2.4619047619,1.51475523547,-0.0267907445785,0.00235366747695,1.98327249544,-0.0939679195635,-0.0417707075885,-1.03371404956,-0.405467735853,-0.215269624461,0.112122264728,0.0172797081013,0.0742289543295,0.188158723574,0.112122264728,0.0742289543295,0.296213999852,0.268427376334,324,0.243609022556,0.0122125684641,0,0.047619047619,-0.047619047619,104,59,2,255,0.981132075472,0.812101910828,0.187898089172,0.0188679245283,0.638036809816,0.981132075472,0.773234200743,0.707063968058,0.7932339863,0.630303030303,110,53,0,0,0,0
233,WLNM_dir_neg,0.803755784977,0.215795668872,00:00:02,10,50,33,1289612824,fixed,0.5,0.510204081633,0.943396226415,0.662251655629,50,48,3,58,0.943396226415,0.547169811321,0.452830188679,0.0566037735849,0.510204081633,0.943396226415,0.662251655629,0.679245283019,0.461215932914,0.4046692607,0.475565554036,0.490566037736,106,53,53,0,106,0,53,0,53,21,106,0.252380952381,1.98147951821,10.0952380952,7.57142857143,5.3,3.5903309305,0.355645988398,0.177897574124,5.04456331585,0.999394619178,0.535489667565,3.93034591959,0.778653436899,0.415094339623,0.785936912158,0.396641451468,2.18653061224,1.98147951821,0.785936912158,2.18653061224,0.456493016787,0.454374412041,161,0.121052631579,0.398438786394,21,21,21,1,0,0.333333333333,0.619047619048,0.047619047619,21,151,0.359523809524,2.01960199874,14.380952381,11.6153846154,7.19047619048,5.15243816534,0.35828212408,0.195837275307,6.9614585226,0.968149860759,0.524124881741,3.07602093002,0.427790990267,0.230211289814,0.853051059269,0.422385727387,2.04419583117,2.01960199874,0.853051059269,2.04419583117,0.652789481637,0.635578583765,368,0.276691729323,0.448388522437,21,21,21,1,0,0.380952380952,0.619047619048,0,45,0.107142857143,0.0381224805232,4.28571428571,4.04395604396,1.89047619048,1.56210723484,0.00263613568152,0.0179397011835,1.91689520675,-0.0312447584186,-0.0113647858244,-0.85432498957,-0.350862446632,-0.184883049809,0.0671141471117,0.0257442759197,-0.142334781075,0.0381224805232,0.0671141471117,-0.142334781075,0.19629646485,0.181204171724,207,0.155639097744,0.0499497360436,0.047619047619,0,-0.047619047619,103,48,3,266,0.971698113208,0.847133757962,0.152866242038,0.0283018867925,0.682119205298,0.971698113208,0.801556420233,0.741221283613,0.818831871169,0.668831168831,98,53,0,0,0,0
234,WLNM_dir_neg,0.766820932716,0.178375302713,00:00:01,10,50,34,1289612825,fixed,0.5,0.483516483516,0.830188679245,0.611111111111,44,47,9,59,0.830188679245,0.556603773585,0.443396226415,0.169811320755,0.483516483516,0.830188679245,0.611111111111,0.647798742138,0.475890985325,0.328,0.368547700965,0.38679245283,106,53,53,0,106,0,53,0,53,21,106,0.252380952381,1.98147951821,10.0952380952,7.57142857143,5.3,3.5903309305,0.355645988398,0.177897574124,5.04456331585,0.999394619178,0.535489667565,3.93034591959,0.778653436899,0.415094339623,0.785936912158,0.396641451468,2.18653061224,1.98147951821,0.785936912158,2.18653061224,0.456493016787,0.454374412041,161,0.121052631579,0.398438786394,21,21,21,1,0,0.333333333333,0.619047619048,0.047619047619,21,144,0.342857142857,1.99608381083,13.7142857143,11.0769230769,7.57894736842,4.9106298694,0.358066761311,0.187169312169,6.12605676015,0.893383277522,0.484788359788,4.21053101503,0.614035773026,0.337962962963,0.832264412981,0.416948631349,1.90659995549,2.04588800137,0.821150955934,1.90659995549,0.692548317695,0.691764705882,392,0.294736842105,0.525610335282,21,20,20,0.952380952381,0,0.333333333333,0.571428571429,0.047619047619,38,0.0904761904762,0.0146042926119,3.61904761905,3.50549450549,2.27894736842,1.32029893891,0.00242077291254,0.00927173804532,1.0814934443,-0.106011341656,-0.0507013077768,0.280185095447,-0.164617663874,-0.0771313766597,0.0463275008234,0.0203071798811,-0.279930656752,0.0644084831532,0.0352140437764,-0.279930656752,0.236055300908,0.237390293841,231,0.173684210526,0.127171548888,0,-0.047619047619,0,97,47,9,267,0.915094339623,0.850318471338,0.149681528662,0.0849056603774,0.673611111111,0.915094339623,0.776,0.7004508981,0.76541281096,0.633986928105,91,53,0,0,0,0
235,WLNM_dir_neg,0.783641865433,0.373377672634,00:00:02,10,50,35,1289612826,fixed,0.5,0.483870967742,0.849056603774,0.616438356164,45,48,8,58,0.849056603774,0.547169811321,0.452830188679,0.150943396226,0.483870967742,0.849056603774,0.616438356164,0.647798742138,0.471698113208,0.333333333333,0.379071252752,0.396226415094,106,53,53,0,106,0,53,0,53,21,106,0.252380952381,1.98147951821,10.0952380952,7.57142857143,5.3,3.5903309305,0.355645988398,0.177897574124,5.04456331585,0.999394619178,0.535489667565,3.93034591959,0.778653436899,0.415094339623,0.785936912158,0.396641451468,2.18653061224,1.98147951821,0.785936912158,2.18653061224,0.456493016787,0.454374412041,161,0.121052631579,0.398438786394,21,21,21,1,0,0.333333333333,0.619047619048,0.047619047619,21,146,0.347619047619,2.50557901872,13.9047619048,10.4285714286,6.95238095238,5.01901147543,0.36095630474,0.192759295499,6.25680581828,0.899951521807,0.487932159165,3.91760373795,0.56349094861,0.312459230267,1.11674554326,0.445703581851,3.11222605086,2.50557901872,1.11674554326,3.11222605086,0.699747414608,0.672535211268,382,0.287218045113,0.432947765896,21,21,21,1,0,0.333333333333,0.666666666667,0,40,0.0952380952381,0.524099500508,3.80952380952,2.85714285714,1.65238095238,1.42868054493,0.00531031634148,0.014861721375,1.21224250243,-0.0994430973709,-0.0475575084001,-0.0127421816352,-0.21516248829,-0.102635109355,0.330808631098,0.0490621303836,0.925695438611,0.524099500508,0.330808631098,0.925695438611,0.243254397821,0.218160799226,221,0.166165413534,0.0345089795023,0,0.047619047619,-0.047619047619,98,48,8,266,0.924528301887,0.847133757962,0.152866242038,0.0754716981132,0.671232876712,0.924528301887,0.777777777778,0.70387119927,0.771662059849,0.636363636364,93,53,0,0,0,0
236,WLNM_dir_neg,0.800551797793,0.310943022257,00:00:01,10,50,36,1289612827,fixed,0.5,0.517647058824,0.830188679245,0.63768115942,44,41,9,65,0.830188679245,0.61320754717,0.38679245283,0.169811320755,0.517647058824,0.830188679245,0.63768115942,0.685534591195,0.488469601677,0.385245901639,0.419041984078,0.443396226415,106,53,53,0,106,0,53,0,53,21,106,0.252380952381,1.98147951821,10.0952380952,7.57142857143,5.3,3.5903309305,0.355645988398,0.177897574124,5.04456331585,0.999394619178,0.535489667565,3.93034591959,0.778653436899,0.415094339623,0.785936912158,0.396641451468,2.18653061224,1.98147951821,0.785936912158,2.18653061224,0.456493016787,0.454374412041,161,0.121052631579,0.398438786394,21,21,21,1,0,0.333333333333,0.619047619048,0.047619047619,21,138,0.328571428571,1.82277862318,13.1428571429,12.5454545455,6.57142857143,5.43401982225,0.413458029954,0.225672877847,6.78654130299,1.03273454611,0.545893719807,3.12364256232,0.475336911658,0.263630089717,0.808273222089,0.443429175551,1.81348097947,1.82277862318,0.808273222089,1.81348097947,0.683498204009,0.634951456311,327,0.245864661654,0.538039320813,21,21,21,1,0,0.47619047619,0.52380952381,0,32,0.0761904761905,-0.158700895033,3.04761904762,4.97402597403,1.27142857143,1.84368889175,0.0578120415554,0.0477753037228,1.74197798714,0.0333399269288,0.0104040522416,-0.806703357267,-0.303316525242,-0.151464249906,0.0223363099316,0.0467877240834,-0.373049632772,-0.158700895033,0.0223363099316,-0.373049632772,0.227005187222,0.180577044269,166,0.124812030075,0.139600534419,0.142857142857,-0.0952380952381,-0.047619047619,97,41,9,273,0.915094339623,0.869426751592,0.130573248408,0.0849056603774,0.702898550725,0.915094339623,0.795081967213,0.725534858474,0.784521091215,0.659863945578,85,53,0,0,0,0
237,WLNM_dir_neg,0.703275186899,0.310557132876,00:00:02,10,50,37,1289612828,fixed,0.5,0.458823529412,0.735849056604,0.565217391304,39,46,14,60,0.735849056604,0.566037735849,0.433962264151,0.264150943396,0.458823529412,0.735849056604,0.565217391304,0.622641509434,0.488469601677,0.262295081967,0.285305180649,0.301886792453,106,53,53,0,106,0,53,0,53,21,106,0.252380952381,1.98147951821,10.0952380952,7.57142857143,5.3,3.5903309305,0.355645988398,0.177897574124,5.04456331585,0.999394619178,0.535489667565,3.93034591959,0.778653436899,0.415094339623,0.785936912158,0.396641451468,2.18653061224,1.98147951821,0.785936912158,2.18653061224,0.456493016787,0.454374412041,161,0.121052631579,0.398438786394,21,21,21,1,0,0.333333333333,0.619047619048,0.047619047619,21,138,0.328571428571,2.41687766591,13.1428571429,9.2,6.57142857143,6.01070473643,0.457336229946,0.250172532781,6.81594768592,1.03720943047,0.554175293306,2.44072588734,0.371414808943,0.20358868185,1.00581424366,0.416162662202,2.67319146326,2.41687766591,1.00581424366,2.67319146326,0.747623906226,0.670191672174,338,0.254135338346,0.264206791538,21,21,21,1,0,0.285714285714,0.714285714286,0,32,0.0761904761905,0.435398147701,3.04761904762,1.62857142857,1.27142857143,2.42037380594,0.101690241548,0.0722749586572,1.77138437007,0.0378148112876,0.0186856257406,-1.48962003225,-0.407238627956,-0.211505657773,0.219877331506,0.0195212107343,0.486660851012,0.435398147701,0.219877331506,0.486660851012,0.291130889439,0.215817260133,177,0.133082706767,-0.134231994856,-0.047619047619,0.0952380952381,-0.047619047619,92,46,14,268,0.867924528302,0.853503184713,0.146496815287,0.132075471698,0.666666666667,0.867924528302,0.754098360656,0.667185317926,0.721427713015,0.605263157895,85,53,0,0,0,0
238,WLNM_dir_neg,0.838376646493,0.263563829962,00:00:02,10,50,38,1289612829,fixed,0.5,0.509803921569,0.981132075472,0.670967741935,52,50,1,56,0.981132075472,0.528301886792,0.471698113208,0.0188679245283,0.509803921569,0.981132075472,0.670967741935,0.679245283019,0.452830188679,0.413793103448,0.500773395667,0.509433962264,106,53,53,0,106,0,53,0,53,21,106,0.252380952381,1.98147951821,10.0952380952,7.57142857143,5.3,3.5903309305,0.355645988398,0.177897574124,5.04456331585,0.999394619178,0.535489667565,3.93034591959,0.778653436899,0.415094339623,0.785936912158,0.396641451468,2.18653061224,1.98147951821,0.785936912158,2.18653061224,0.456493016787,0.454374412041,161,0.121052631579,0.398438786394,21,21,21,1,0,0.333333333333,0.619047619048,0.047619047619,21,155,0.369047619048,2.17864321597,14.7619047619,11.0714285714,7.38095238095,4.45987401061,0.302120497493,0.166205837174,6.72663504641,0.911350554675,0.494623655914,3.27835615021,0.444164381641,0.247619047619,0.888932285884,0.408021046938,2.24841761999,2.17864321597,0.888932285884,2.24841761999,0.748398248597,0.716551040634,482,0.362406015038,0.404654762965,21,21,21,1,0,0.333333333333,0.666666666667,0,49,0.116666666667,0.197163697754,4.66666666667,3.5,2.08095238095,0.86954308011,-0.0535254909055,-0.0116917369504,1.68207173056,-0.0880440645026,-0.0408660116512,-0.651989769378,-0.334489055258,-0.167475292004,0.102995373726,0.0113795954705,0.0618870077424,0.197163697754,0.102995373726,0.0618870077424,0.29190523181,0.262176628593,321,0.241353383459,0.00621597657116,0,0.047619047619,-0.047619047619,105,50,1,264,0.990566037736,0.84076433121,0.15923566879,0.00943396226415,0.677419354839,0.990566037736,0.804597701149,0.748346301158,0.831330368946,0.673076923077,102,53,0,0,0,0
239,WLNM_dir_neg,0.701050195799,0.350692870545,00:00:02,10,50,39,1289612830,fixed,0.5,0.521126760563,0.698113207547,0.596774193548,37,34,16,72,0.698113207547,0.679245283019,0.320754716981,0.301886792453,0.521126760563,0.698113207547,0.596774193548,0.685534591195,0.517819706499,0.347826086957,0.357828133482,0.377358490566,106,53,53,0,106,0,53,0,53,21,106,0.252380952381,1.98147951821,10.0952380952,7.57142857143,5.3,3.5903309305,0.355645988398,0.177897574124,5.04456331585,0.999394619178,0.535489667565,3.93034591959,0.778653436899,0.415094339623,0.785936912158,0.396641451468,2.18653061224,1.98147951821,0.785936912158,2.18653061224,0.456493016787,0.454374412041,161,0.121052631579,0.398438786394,21,21,21,1,0,0.333333333333,0.619047619048,0.047619047619,21,124,0.295238095238,2.09504533331,11.8095238095,9.53846153846,5.90476190476,5.16351670491,0.437233269368,0.233870967742,6.41018534759,1.08559590564,0.569892473118,2.7368734334,0.463502758883,0.245007680492,0.919872545308,0.43907047293,2.32339828524,2.09504533331,0.919872545308,2.32339828524,0.666750111896,0.594235033259,268,0.201503759398,0.328118437235,21,21,21,1,0,0.380952380952,0.619047619048,0,18,0.0428571428571,0.1135658151,1.71428571429,1.96703296703,0.604761904762,1.57318577442,0.0815872809694,0.0559733936179,1.36562203174,0.0862012864627,0.0344028055531,-1.19347248618,-0.315150678016,-0.170086659131,0.133935633151,0.0424290214627,0.136867672991,0.1135658151,0.133935633151,0.136867672991,0.210257095109,0.139860621218,107,0.0804511278195,-0.0703203491586,0.047619047619,0,-0.047619047619,90,34,16,280,0.849056603774,0.891719745223,0.108280254777,0.150943396226,0.725806451613,0.849056603774,0.782608695652,0.705420646489,0.740776348997,0.642857142857,71,53,0,0,0,0
240,WLNM_dir_neg,0.755161979352,0.276059262955,00:00:02,10,50,40,1289612831,fixed,0.5,0.476744186047,0.77358490566,0.589928057554,41,45,12,61,0.77358490566,0.575471698113,0.424528301887,0.22641509434,0.476744186047,0.77358490566,0.589928057554,0.641509433962,0.486373165618,0.302040816327,0.330199240924,0.349056603774,106,53,53,0,106,0,53,0,53,21,106,0.252380952381,1.98147951821,10.0952380952,7.57142857143,5.3,3.5903309305,0.355645988398,0.177897574124,5.04456331585,0.999394619178,0.535489667565,3.93034591959,0.778653436899,0.415094339623,0.785936912158,0.396641451468,2.18653061224,1.98147951821,0.785936912158,2.18653061224,0.456493016787,0.454374412041,161,0.121052631579,0.398438786394,21,21,21,1,0,0.333333333333,0.619047619048,0.047619047619,21,139,0.330952380952,1.99672517849,13.2380952381,11.5833333333,6.61904761905,6.09839947777,0.460670464148,0.252483727304,6.71919779792,1.01513060256,0.546762589928,2.61679556856,0.395343215393,0.194587187393,0.907645903437,0.454567265047,2.06981231235,1.99672517849,0.907645903437,2.06981231235,0.68921906799,0.646185010128,319,0.23984962406,0.434841257319,21,21,21,1,0,0.428571428571,0.571428571429,0,33,0.0785714285714,0.0152456602765,3.14285714286,4.0119047619,1.31904761905,2.50806854727,0.10502447575,0.0745861531799,1.67463448207,0.0157359833862,0.0112729223629,-1.31355035103,-0.383310221506,-0.22050715223,0.121708991279,0.0579258135794,-0.116718299899,0.0152456602765,0.121708991279,-0.116718299899,0.232726051202,0.191810598087,158,0.118796992481,0.0364024709249,0.0952380952381,-0.047619047619,-0.047619047619,94,45,12,269,0.88679245283,0.856687898089,0.143312101911,0.11320754717,0.676258992806,0.88679245283,0.767346938776,0.686320058508,0.743480350919,0.622516556291,86,53,0,0,0,0
241,WLNM_dir_neg,0.786044855821,0.28131169376,00:00:02,10,50,41,1289612832,fixed,0.5,0.483146067416,0.811320754717,0.605633802817,43,46,10,60,0.811320754717,0.566037735849,0.433962264151,0.188679245283,0.483146067416,0.811320754717,0.605633802817,0.647798742138,0.480083857442,0.322580645161,0.358344687316,0.377358490566,106,53,53,0,106,0,53,0,53,21,106,0.252380952381,1.98147951821,10.0952380952,7.57142857143,5.3,3.5903309305,0.355645988398,0.177897574124,5.04456331585,0.999394619178,0.535489667565,3.93034591959,0.778653436899,0.415094339623,0.785936912158,0.396641451468,2.18653061224,1.98147951821,0.785936912158,2.18653061224,0.456493016787,0.454374412041,161,0.121052631579,0.398438786394,21,21,21,1,0,0.333333333333,0.619047619048,0.047619047619,21,142,0.338095238095,2.1289085405,13.5238095238,10.9230769231,6.7619047619,5.84481862524,0.432187292711,0.239101274313,6.40238050966,0.946830920443,0.507712944333,3.20787720938,0.474404376035,0.263581488934,0.934779695169,0.439088705497,2.10240565091,2.1289085405,0.934779695169,2.10240565091,0.729706112192,0.691000629327,366,0.275187969925,0.419795686615,21,21,21,1,0,0.380952380952,0.619047619048,0,36,0.0857142857143,0.147429022285,3.42857142857,3.35164835165,1.4619047619,2.25448769474,0.0765413043129,0.0612037001886,1.35781719381,-0.0525636987351,-0.0277767232325,-0.722468710205,-0.304249060864,-0.151512850689,0.148842783011,0.0424472540291,-0.0841249613352,0.147429022285,0.148842783011,-0.0841249613352,0.273213095405,0.236626217285,205,0.154135338346,0.0213569002213,0.047619047619,0,-0.047619047619,96,46,10,268,0.905660377358,0.853503184713,0.146496815287,0.0943396226415,0.676056338028,0.905660377358,0.774193548387,0.697086290166,0.759163562072,0.631578947368,89,53,0,0,0,0
242,WLNM_dir_neg,0.784620861517,0.296776897181,00:00:02,10,50,42,1289612833,fixed,0.5,0.510869565217,0.88679245283,0.648275862069,47,45,6,61,0.88679245283,0.575471698113,0.424528301887,0.11320754717,0.510869565217,0.88679245283,0.648275862069,0.679245283019,0.473794549266,0.390438247012,0.441316095527,0.462264150943,106,53,53,0,106,0,53,0,53,21,106,0.252380952381,1.98147951821,10.0952380952,7.57142857143,5.3,3.5903309305,0.355645988398,0.177897574124,5.04456331585,0.999394619178,0.535489667565,3.93034591959,0.778653436899,0.415094339623,0.785936912158,0.396641451468,2.18653061224,1.98147951821,0.785936912158,2.18653061224,0.456493016787,0.454374412041,161,0.121052631579,0.398438786394,21,21,21,1,0,0.333333333333,0.619047619048,0.047619047619,21,145,0.345238095238,2.17597497579,13.8095238095,10.3571428571,6.90476190476,5.25945859969,0.380857346874,0.203612479475,6.6551090292,0.963843376642,0.523481116585,3.56236946294,0.515929370495,0.285714285714,0.894923000577,0.41127449099,2.23272043519,2.17597497579,0.894923000577,2.23272043519,0.75159404088,0.709215798512,413,0.310526315789,0.398874570071,21,21,21,1,0,0.333333333333,0.666666666667,0,39,0.0928571428571,0.194495457579,3.71428571429,2.78571428571,1.60476190476,1.6691276692,0.0252113584763,0.0257149053506,1.61054571335,-0.0355512425357,-0.0120085509806,-0.367976456649,-0.262724066405,-0.129380053908,0.10898608842,0.0146330395229,0.046189822946,0.194495457579,0.10898608842,0.046189822946,0.295101024093,0.25484138647,252,0.189473684211,0.000435783677117,0,0.047619047619,-0.047619047619,100,45,6,269,0.943396226415,0.856687898089,0.143312101911,0.0566037735849,0.689655172414,0.943396226415,0.796812749004,0.730975905165,0.800084124504,0.662251655629,92,53,0,0,0,0
243,WLNM_dir_neg,0.803488786045,0.197307908333,00:00:02,10,50,43,1289612834,fixed,0.5,0.478723404255,0.849056603774,0.612244897959,45,49,8,57,0.849056603774,0.537735849057,0.462264150943,0.150943396226,0.478723404255,0.849056603774,0.612244897959,0.641509433962,0.469601677149,0.324110671937,0.370892672879,0.38679245283,106,53,53,0,106,0,53,0,53,21,106,0.252380952381,1.98147951821,10.0952380952,7.57142857143,5.3,3.5903309305,0.355645988398,0.177897574124,5.04456331585,0.999394619178,0.535489667565,3.93034591959,0.778653436899,0.415094339623,0.785936912158,0.396641451468,2.18653061224,1.98147951821,0.785936912158,2.18653061224,0.456493016787,0.454374412041,161,0.121052631579,0.398438786394,21,21,21,1,0,0.333333333333,0.619047619048,0.047619047619,21,147,0.35,2.32377641357,14,11.3076923077,7,5.59464029228,0.399617163734,0.214771622935,6.44204936336,0.920292766195,0.490443796566,3.0495901364,0.435655733771,0.239714933592,1.09694634698,0.47205330968,2.77149492617,2.32377641357,1.09694634698,2.77149492617,0.706418369212,0.682668329177,365,0.274436090226,0.420878757675,21,21,21,1,0,0.380952380952,0.619047619048,0,41,0.097619047619,0.342296895359,3.90476190476,3.73626373626,1.7,2.00430936178,0.0439711753361,0.0368740488109,1.39748604751,-0.0791018529832,-0.0450458709989,-0.880755783192,-0.342997703129,-0.17537940603,0.311009434825,0.0754118582122,0.584964313926,0.342296895359,0.311009434825,0.584964313926,0.249925352425,0.228293917136,204,0.153383458647,0.0224399712809,0.047619047619,0,-0.047619047619,98,49,8,265,0.924528301887,0.843949044586,0.156050955414,0.0754716981132,0.666666666667,0.924528301887,0.774703557312,0.699856234023,0.768477346473,0.632258064516,94,53,0,0,0,0
244,WLNM_dir_neg,0.742346030616,0.28818659116,00:00:02,10,50,44,1289612835,fixed,0.5,0.518518518519,0.792452830189,0.626865671642,42,39,11,67,0.792452830189,0.632075471698,0.367924528302,0.207547169811,0.518518518519,0.792452830189,0.626865671642,0.685534591195,0.496855345912,0.375,0.400320384513,0.424528301887,106,53,53,0,106,0,53,0,53,21,106,0.252380952381,1.98147951821,10.0952380952,7.57142857143,5.3,3.5903309305,0.355645988398,0.177897574124,5.04456331585,0.999394619178,0.535489667565,3.93034591959,0.778653436899,0.415094339623,0.785936912158,0.396641451468,2.18653061224,1.98147951821,0.785936912158,2.18653061224,0.456493016787,0.454374412041,161,0.121052631579,0.398438786394,21,21,21,1,0,0.333333333333,0.619047619048,0.047619047619,21,134,0.319047619048,2.03158503471,12.7619047619,10.3076923077,6.38095238095,4.6787259153,0.366616582915,0.202914001421,6.44574425863,1.01015395098,0.54513148543,2.87186682275,0.450068681177,0.249466950959,0.86613964354,0.42633688905,2.10627185332,2.03158503471,0.86613964354,2.10627185332,0.682772567989,0.644805194805,331,0.248872180451,0.362395204433,21,21,21,1,0,0.380952380952,0.619047619048,0,28,0.0666666666667,0.0501055164984,2.66666666667,2.73626373626,1.08095238095,1.0883949848,0.0109705945169,0.0250164272975,1.40118094278,0.010759331801,0.00964181786485,-1.05847909684,-0.328584755722,-0.165627388663,0.0802027313826,0.0296954375826,-0.0802587589218,0.0501055164984,0.0802027313826,-0.0802587589218,0.226279551202,0.190430782764,170,0.127819548872,-0.0360435819603,0.047619047619,0,-0.047619047619,95,39,11,275,0.896226415094,0.875796178344,0.124203821656,0.103773584906,0.708955223881,0.896226415094,0.791666666667,0.719469439171,0.772022593438,0.655172413793,81,53,0,0,0,0
245,WLNM_dir_neg,0.749021003916,0.297018590025,00:00:01,10,50,45,1289612836,fixed,0.5,0.5,0.754716981132,0.601503759398,40,40,13,66,0.754716981132,0.622641509434,0.377358490566,0.245283018868,0.5,0.754716981132,0.601503759398,0.666666666667,0.498951781971,0.334728033473,0.355784033482,0.377358490566,106,53,53,0,106,0,53,0,53,21,106,0.252380952381,1.98147951821,10.0952380952,7.57142857143,5.3,3.5903309305,0.355645988398,0.177897574124,5.04456331585,0.999394619178,0.535489667565,3.93034591959,0.778653436899,0.415094339623,0.785936912158,0.396641451468,2.18653061224,1.98147951821,0.785936912158,2.18653061224,0.456493016787,0.454374412041,161,0.121052631579,0.398438786394,21,21,21,1,0,0.333333333333,0.619047619048,0.047619047619,21,133,0.316666666667,2.25990432814,12.6666666667,9.5,6.33333333333,4.91256891385,0.387834387936,0.211242391694,5.7735026919,0.911605688194,0.500537056928,3.61017081775,0.570026971224,0.308628714644,0.950496291494,0.420591385068,2.32589879991,2.25990432814,0.950496291494,2.32589879991,0.680174060382,0.631578947368,300,0.225563909774,0.381736268113,21,21,21,1,0,0.333333333333,0.666666666667,0,27,0.0642857142857,0.278424809931,2.57142857143,1.92857142857,1.03333333333,1.32223798335,0.0321883995374,0.0333448175695,0.728939376046,-0.0877889309837,-0.0349526106371,-0.320175101838,-0.208626465676,-0.106465624979,0.164559379337,0.0239499335999,0.139368187663,0.278424809931,0.164559379337,0.139368187663,0.223681043595,0.177204535327,139,0.104511278195,-0.0167025182807,0,0.047619047619,-0.047619047619,93,40,13,274,0.877358490566,0.872611464968,0.127388535032,0.122641509434,0.699248120301,0.877358490566,0.778242677824,0.700317297482,0.749969955534,0.63698630137,80,53,0,0,0,0
246,WLNM_dir_neg,0.715557137771,0.31677836042,00:00:02,10,50,46,1289612837,fixed,0.5,0.4375,0.792452830189,0.563758389262,42,54,11,52,0.792452830189,0.490566037736,0.509433962264,0.207547169811,0.4375,0.792452830189,0.563758389262,0.591194968553,0.465408805031,0.235294117647,0.272772362795,0.283018867925,106,53,53,0,106,0,53,0,53,21,106,0.252380952381,1.98147951821,10.0952380952,7.57142857143,5.3,3.5903309305,0.355645988398,0.177897574124,5.04456331585,0.999394619178,0.535489667565,3.93034591959,0.778653436899,0.415094339623,0.785936912158,0.396641451468,2.18653061224,1.98147951821,0.785936912158,2.18653061224,0.456493016787,0.454374412041,161,0.121052631579,0.398438786394,21,21,21,1,0,0.333333333333,0.619047619048,0.047619047619,21,149,0.354761904762,2.22682094087,14.1904761905,11.4615384615,7.09523809524,5.81909827739,0.410070683977,0.222115691914,6.50311280776,0.916546100423,0.495365931608,3.28488602397,0.462970513445,0.256311920741,1.01311454138,0.454960038673,2.6351929478,2.22682094087,1.01311454138,2.6351929478,0.711915957648,0.662769230769,359,0.26992481203,0.453330618106,21,21,21,1,0,0.380952380952,0.619047619048,0,43,0.102380952381,0.245341422655,4.09523809524,3.89010989011,1.79523809524,2.22876734689,0.0544246955788,0.0442181177904,1.45854949191,-0.082848518755,-0.0401237359576,-0.645459895617,-0.315682923454,-0.158782418881,0.227177629219,0.0583185872057,0.448662335558,0.245341422655,0.227177629219,0.448662335558,0.255422940861,0.208394818728,198,0.148872180451,0.0548918317126,0.047619047619,0,-0.047619047619,95,54,11,260,0.896226415094,0.828025477707,0.171974522293,0.103773584906,0.637583892617,0.896226415094,0.745098039216,0.657551262444,0.724251892801,0.59375,96,53,0,0,0,0
247,WLNM_dir_neg,0.833036667853,0.152200458168,00:00:02,10,50,47,1289612838,fixed,0.5,0.494949494949,0.924528301887,0.644736842105,49,50,4,56,0.924528301887,0.528301886792,0.471698113208,0.0754716981132,0.494949494949,0.924528301887,0.644736842105,0.660377358491,0.459119496855,0.372093023256,0.440385506051,0.452830188679,106,53,53,0,106,0,53,0,53,21,106,0.252380952381,1.98147951821,10.0952380952,7.57142857143,5.3,3.5903309305,0.355645988398,0.177897574124,5.04456331585,0.999394619178,0.535489667565,3.93034591959,0.778653436899,0.415094339623,0.785936912158,0.396641451468,2.18653061224,1.98147951821,0.785936912158,2.18653061224,0.456493016787,0.454374412041,161,0.121052631579,0.398438786394,21,21,21,1,0,0.333333333333,0.619047619048,0.047619047619,21,152,0.361904761905,2.64374208097,14.4761904762,10.8571428571,7.2380952381,6.09605649268,0.421109165613,0.231516290727,6.69256872886,0.924631205961,0.503759398496,3.31518871114,0.458019492987,0.25313283208,1.24529445727,0.471034775377,3.37268683872,2.64374208097,1.24529445727,3.37268683872,0.77547315536,0.728450704225,431,0.324060150376,0.398526980888,21,21,21,1,0,0.333333333333,0.666666666667,0,46,0.109523809524,0.662262562761,4.38095238095,3.28571428571,1.9380952381,2.50572556218,0.0654631772143,0.0536187166028,1.64800541301,-0.0747634132173,-0.0317302690689,-0.615157208447,-0.320633943913,-0.161961507542,0.45935754511,0.0743933239099,1.18615622648,0.662262562761,0.45935754511,1.18615622648,0.318980138573,0.274076292184,270,0.203007518797,8.81944937502e-05,0,0.047619047619,-0.047619047619,102,50,4,264,0.962264150943,0.84076433121,0.15923566879,0.0377358490566,0.671052631579,0.962264150943,0.790697674419,0.72587111559,0.803028482154,0.653846153846,99,53,0,0,0,0
248,WLNM_dir_neg,0.72819508722,0.213014745609,00:00:02,10,50,48,1289612839,fixed,0.5,0.432692307692,0.849056603774,0.573248407643,45,59,8,47,0.849056603774,0.443396226415,0.556603773585,0.150943396226,0.432692307692,0.849056603774,0.573248407643,0.578616352201,0.448637316562,0.235741444867,0.289833566903,0.292452830189,106,53,53,0,106,0,53,0,53,21,106,0.252380952381,1.98147951821,10.0952380952,7.57142857143,5.3,3.5903309305,0.355645988398,0.177897574124,5.04456331585,0.999394619178,0.535489667565,3.93034591959,0.778653436899,0.415094339623,0.785936912158,0.396641451468,2.18653061224,1.98147951821,0.785936912158,2.18653061224,0.456493016787,0.454374412041,161,0.121052631579,0.398438786394,21,21,21,1,0,0.333333333333,0.619047619048,0.047619047619,21,157,0.37380952381,2.27478346341,14.9523809524,12.0769230769,7.47619047619,5.75739689857,0.385048837165,0.210494388838,6.80895768542,0.910752301872,0.495602062481,2.6947921556,0.360449906164,0.192902638763,1.03932384988,0.456889135426,2.41599345177,2.27478346341,1.03932384988,2.41599345177,0.755771108407,0.726263187118,436,0.327819548872,0.435768861265,21,21,21,1,0,0.380952380952,0.619047619048,0,51,0.121428571429,0.293303945194,4.85714285714,4.50549450549,2.17619047619,2.16706596807,0.0294028487671,0.0325968147143,1.76439436957,-0.0886423173057,-0.0398876050841,-1.23555376398,-0.418203530736,-0.22219170086,0.25338693772,0.0602476839582,0.229462839529,0.293303945194,0.25338693772,0.229462839529,0.299278091619,0.271888775077,275,0.206766917293,0.0373300748707,0.047619047619,0,-0.047619047619,98,59,8,255,0.924528301887,0.812101910828,0.187898089172,0.0754716981132,0.624203821656,0.924528301887,0.745247148289,0.661362526347,0.736630212715,0.593939393939,104,53,0,0,0,0
249,WLNM_dir_neg,0.825382698469,0.342979797313,00:00:01,10,50,49,1289612840,fixed,0.5,0.484848484848,0.905660377358,0.631578947368,48,51,5,55,0.905660377358,0.518867924528,0.481132075472,0.0943396226415,0.484848484848,0.905660377358,0.631578947368,0.647798742138,0.459119496855,0.348837209302,0.412861411922,0.424528301887,106,53,53,0,106,0,53,0,53,21,106,0.252380952381,1.98147951821,10.0952380952,7.57142857143,5.3,3.5903309305,0.355645988398,0.177897574124,5.04456331585,0.999394619178,0.535489667565,3.93034591959,0.778653436899,0.415094339623,0.785936912158,0.396641451468,2.18653061224,1.98147951821,0.785936912158,2.18653061224,0.456493016787,0.454374412041,161,0.121052631579,0.398438786394,21,21,21,1,0,0.333333333333,0.619047619048,0.047619047619,21,152,0.361904761905,2.3703883354,14.4761904762,10.8571428571,7.2380952381,4.54553679579,0.314000897078,0.170112781955,6.20406932509,0.857141156755,0.471177944862,2.99841227827,0.414254327919,0.229323308271,1.03739281652,0.437646777547,2.69527330861,2.3703883354,1.03739281652,2.69527330861,0.650728364384,0.642607683353,368,0.276691729323,0.389648891086,21,21,21,1,0,0.333333333333,0.666666666667,0,46,0.109523809524,0.388908817187,4.38095238095,3.28571428571,1.9380952381,0.955205865297,-0.0416450913204,-0.0077847921691,1.15950600924,-0.142253462422,-0.064311722703,-0.931933641318,-0.364399108981,-0.185771031352,0.251455904366,0.0410053260796,0.508742696365,0.388908817187,0.251455904366,0.508742696365,0.194235347597,0.188233271311,207,0.155639097744,-0.00878989530752,0,0.047619047619,-0.047619047619,101,51,5,263,0.952830188679,0.837579617834,0.162420382166,0.0471698113208,0.664473684211,0.952830188679,0.782945736434,0.714464879862,0.790409806514,0.643312101911,99,53,0,0,0,0
250,WLNM_dir_neg,0.798682805269,0.251763209644,00:00:02,10,50,50,1289612841,fixed,0.5,0.489583333333,0.88679245283,0.630872483221,47,49,6,57,0.88679245283,0.537735849057,0.462264150943,0.11320754717,0.489583333333,0.88679245283,0.630872483221,0.654088050314,0.465408805031,0.352941176471,0.409158544192,0.424528301887,106,53,53,0,106,0,53,0,53,21,106,0.252380952381,1.98147951821,10.0952380952,7.57142857143,5.3,3.5903309305,0.355645988398,0.177897574124,5.04456331585,0.999394619178,0.535489667565,3.93034591959,0.778653436899,0.415094339623,0.785936912158,0.396641451468,2.18653061224,1.98147951821,0.785936912158,2.18653061224,0.456493016787,0.454374412041,161,0.121052631579,0.398438786394,21,21,21,1,0,0.333333333333,0.619047619048,0.047619047619,21,149,0.354761904762,2.64570914803,14.1904761905,10.6428571429,7.09523809524,5.55534920252,0.391484339775,0.214765100671,6.6551090292,0.937968386665,0.512623841483,3.09684939745,0.436468707023,0.238414829019,1.24486538963,0.470522389266,3.76612486826,2.64570914803,1.24486538963,3.76612486826,0.778058561993,0.730477223427,449,0.337593984962,0.380383977058,21,21,21,1,0,0.333333333333,0.666666666667,0,43,0.102380952381,0.664229629815,4.09523809524,3.07142857143,1.79523809524,1.96501827202,0.0358383513765,0.0368675265472,1.61054571335,-0.0614262325127,-0.0228658260822,-0.833496522139,-0.342184729877,-0.176679510604,0.458928477476,0.0738809377987,1.57959425602,0.664229629815,0.458928477476,1.57959425602,0.321565545206,0.276102811386,288,0.216541353383,-0.0180548093363,0,0.047619047619,-0.047619047619,100,49,6,265,0.943396226415,0.843949044586,0.156050955414,0.0566037735849,0.671140939597,0.943396226415,0.78431372549,0.714833999155,0.787345271001,0.645161290323,96,53,0,0,0,0
251,WLNM_dir_neg,0.777312060573,0.597326456602,00:00:03,10,60,1,1290530092,fixed,0.5,0.4375,0.813953488372,0.569105691057,35,45,8,41,0.813953488372,0.476744186047,0.523255813953,0.186046511628,0.4375,0.813953488372,0.569105691057,0.589147286822,0.459948320413,0.239234449761,0.282346219658,0.290697674419,106,63,43,0,106,0,63,0,43,21,106,0.252380952381,1.98147951821,10.0952380952,7.57142857143,5.3,3.5903309305,0.355645988398,0.177897574124,5.04456331585,0.999394619178,0.535489667565,3.93034591959,0.778653436899,0.415094339623,0.785936912158,0.396641451468,2.18653061224,1.98147951821,0.785936912158,2.18653061224,0.456493016787,0.454374412041,161,0.121052631579,0.398438786394,21,21,21,1,0,0.333333333333,0.619047619048,0.047619047619,21,143,0.340476190476,2.0099481686,13.619047619,11,6.80952380952,5.04456331585,0.370404998716,0.198468198468,6.46234514413,0.949015720467,0.511488511489,3.44411160706,0.505778627611,0.275058275058,0.847317822428,0.421562026157,1.96726666508,2.0099481686,0.847317822428,1.96726666508,0.689103535354,0.669938650307,364,0.273684210526,0.438011559712,21,21,21,1,0,0.380952380952,0.619047619048,0,37,0.0880952380952,0.0284686503889,3.52380952381,3.42857142857,1.50952380952,1.45423238535,0.0147590103181,0.0205706243442,1.41778182828,-0.0503788987107,-0.0240011560766,-0.486234312525,-0.272874809289,-0.140036064564,0.0613809102699,0.0249205746898,-0.219263947163,0.0284686503889,0.0613809102699,-0.219263947163,0.232610518566,0.215564238265,203,0.152631578947,0.0395727733178,0.047619047619,0,-0.047619047619,98,45,8,269,0.924528301887,0.856687898089,0.143312101911,0.0754716981132,0.685314685315,0.924528301887,0.787148594378,0.716112235287,0.781216199976,0.649006622517,80,43,0,0,0,0
252,WLNM_dir_neg,0.843564088697,0.252293851112,00:00:01,10,60,2,1290530093,fixed,0.5,0.506172839506,0.953488372093,0.661290322581,41,40,2,46,0.953488372093,0.53488372093,0.46511627907,0.046511627907,0.506172839506,0.953488372093,0.661290322581,0.674418604651,0.457364341085,0.4,0.476289672208,0.488372093023,106,63,43,0,106,0,63,0,43,21,106,0.252380952381,1.98147951821,10.0952380952,7.57142857143,5.3,3.5903309305,0.355645988398,0.177897574124,5.04456331585,0.999394619178,0.535489667565,3.93034591959,0.778653436899,0.415094339623,0.785936912158,0.396641451468,2.18653061224,1.98147951821,0.785936912158,2.18653061224,0.456493016787,0.454374412041,161,0.121052631579,0.398438786394,21,21,21,1,0,0.333333333333,0.619047619048,0.047619047619,21,144,0.342857142857,2.03671278785,13.7142857143,11.0769230769,6.85714285714,4.95119033307,0.36102429512,0.19708994709,6.42873015677,0.937523147862,0.511243386243,3.24477602133,0.47319650311,0.253306878307,0.871515134892,0.427902814815,2.19939522174,2.03671278785,0.871515134892,2.19939522174,0.710626569362,0.691776883266,401,0.301503759398,0.441046334424,21,21,21,1,0,0.380952380952,0.619047619048,0,38,0.0904761904762,0.0552332696381,3.61904761905,3.50549450549,1.55714285714,1.36085940257,0.0053783067215,0.019192372966,1.38416684092,-0.0618714713154,-0.0242462813218,-0.685569898262,-0.305456933789,-0.161787461316,0.0855782227344,0.0312613633476,0.0128646094923,0.0552332696381,0.0855782227344,0.0128646094923,0.254133552575,0.237402471225,240,0.18045112782,0.0426075480304,0.047619047619,0,-0.047619047619,104,40,2,274,0.981132075472,0.872611464968,0.127388535032,0.0188679245283,0.722222222222,0.981132075472,0.832,0.78128484536,0.85374354044,0.712328767123,81,43,0,0,0,0
253,WLNM_dir_neg,0.783666846944,0.177411046332,00:00:01,10,60,3,1290530094,fixed,0.5,0.474358974359,0.860465116279,0.611570247934,37,41,6,45,0.860465116279,0.523255813953,0.476744186047,0.139534883721,0.474358974359,0.860465116279,0.611570247934,0.635658914729,0.46511627907,0.31884057971,0.369970036698,0.383720930233,106,63,43,0,106,0,63,0,43,21,106,0.252380952381,1.98147951821,10.0952380952,7.57142857143,5.3,3.5903309305,0.355645988398,0.177897574124,5.04456331585,0.999394619178,0.535489667565,3.93034591959,0.778653436899,0.415094339623,0.785936912158,0.396641451468,2.18653061224,1.98147951821,0.785936912158,2.18653061224,0.456493016787,0.454374412041,161,0.121052631579,0.398438786394,21,21,21,1,0,0.333333333333,0.619047619048,0.047619047619,21,141,0.335714285714,1.90881700551,13.4285714286,11.75,6.71428571429,5.76690062834,0.429450046791,0.236744343127,6.96521971759,1.03737314943,0.553191489362,3.1645356238,0.47131381631,0.25937183384,0.833157088749,0.436478240891,1.96581868981,1.90881700551,0.833157088749,1.96581868981,0.745374989647,0.68617984309,379,0.284962406015,0.474396112834,21,21,21,1,0,0.428571428571,0.571428571429,0,35,0.0833333333333,-0.0726625127001,3.33333333333,4.17857142857,1.41428571429,2.17656969784,0.0738040583931,0.0588467690033,1.92065640174,0.0379785302503,0.0177018217966,-0.76581029579,-0.307339620589,-0.155722505783,0.0472201765917,0.0398367894233,-0.220711922436,-0.0726625127001,0.0472201765917,-0.220711922436,0.28888197286,0.231805431049,218,0.163909774436,0.0759573264399,0.0952380952381,-0.047619047619,-0.047619047619,100,41,6,273,0.943396226415,0.869426751592,0.130573248408,0.0566037735849,0.709219858156,0.943396226415,0.80971659919,0.747656427194,0.812822978007,0.680272108844,78,43,0,0,0,0
254,WLNM_dir_neg,0.800703082747,0.173735805039,00:00:01,10,60,4,1290530095,fixed,0.5,0.441860465116,0.883720930233,0.589147286822,38,48,5,38,0.883720930233,0.441860465116,0.558139534884,0.116279069767,0.441860465116,0.883720930233,0.589147286822,0.589147286822,0.444444444444,0.260465116279,0.325581395349,0.325581395349,106,63,43,0,106,0,63,0,43,21,106,0.252380952381,1.98147951821,10.0952380952,7.57142857143,5.3,3.5903309305,0.355645988398,0.177897574124,5.04456331585,0.999394619178,0.535489667565,3.93034591959,0.778653436899,0.415094339623,0.785936912158,0.396641451468,2.18653061224,1.98147951821,0.785936912158,2.18653061224,0.456493016787,0.454374412041,161,0.121052631579,0.398438786394,21,21,21,1,0,0.333333333333,0.619047619048,0.047619047619,21,149,0.354761904762,2.10965017945,14.1904761905,11.4615384615,7.09523809524,5.29734884276,0.373303106369,0.196868008949,6.48000587889,0.913289419173,0.495365931608,3.23890046011,0.456489326592,0.249920102269,0.914452432843,0.433461642954,2.26100793928,2.10965017945,0.914452432843,2.26100793928,0.683685656449,0.673652694611,375,0.281954887218,0.450566830665,21,21,21,1,0,0.380952380952,0.619047619048,0,43,0.102380952381,0.128170661239,4.09523809524,3.89010989011,1.79523809524,1.70701791227,0.0176571179709,0.0189704348246,1.43544256304,-0.0861052000051,-0.0401237359576,-0.691445459481,-0.322164110307,-0.165174237354,0.128515520686,0.0368201914863,0.0744773270352,0.128170661239,0.128515520686,0.0744773270352,0.227192639662,0.219278282569,214,0.160902255639,0.0521280442709,0.047619047619,0,-0.047619047619,101,48,5,266,0.952830188679,0.847133757962,0.152866242038,0.0471698113208,0.677852348993,0.952830188679,0.792156862745,0.726290546497,0.799963946641,0.655844155844,86,43,0,0,0,0
255,WLNM_dir_neg,0.728231476474,0.125736526518,00:00:01,10,60,5,1290530096,fixed,0.5,0.405940594059,0.953488372093,0.569444444444,41,60,2,26,0.953488372093,0.302325581395,0.697674418605,0.046511627907,0.405940594059,0.953488372093,0.569444444444,0.519379844961,0.405684754522,0.191304347826,0.292528362725,0.255813953488,106,63,43,0,106,0,63,0,43,21,106,0.252380952381,1.98147951821,10.0952380952,7.57142857143,5.3,3.5903309305,0.355645988398,0.177897574124,5.04456331585,0.999394619178,0.535489667565,3.93034591959,0.778653436899,0.415094339623,0.785936912158,0.396641451468,2.18653061224,1.98147951821,0.785936912158,2.18653061224,0.456493016787,0.454374412041,161,0.121052631579,0.398438786394,21,21,21,1,0,0.333333333333,0.619047619048,0.047619047619,21,164,0.390476190476,2.41301709512,15.619047619,11.7142857143,7.80952380952,5.71380950397,0.365823169461,0.200058072009,6.8601679835,0.878436144229,0.48199767712,2.92607326667,0.374680113415,0.203832752613,1.06498666139,0.441350649171,2.5072671305,2.41301709512,1.06498666139,2.5072671305,0.80351254271,0.762686567164,511,0.384210526316,0.419108020651,21,21,21,1,0,0.333333333333,0.666666666667,0,58,0.138095238095,0.431537576907,5.52380952381,4.14285714286,2.50952380952,2.12347857347,0.0101771810631,0.0221604978853,1.81560466765,-0.120958474949,-0.0534919904455,-1.00427265292,-0.403973323485,-0.211261587009,0.279049749236,0.0447091977037,0.320736518253,0.431537576907,0.279049749236,0.320736518253,0.347019525923,0.308312155123,350,0.263157894737,0.0206692342575,0,0.047619047619,-0.047619047619,104,60,2,254,0.981132075472,0.808917197452,0.191082802548,0.0188679245283,0.634146341463,0.981132075472,0.77037037037,0.703444806688,0.790049272924,0.626506024096,101,43,0,0,0,0
256,WLNM_dir_neg,0.803001622499,0.161588237368,00:00:01,10,60,6,1290530097,fixed,0.5,0.493975903614,0.953488372093,0.650793650794,41,42,2,44,0.953488372093,0.511627906977,0.488372093023,0.046511627907,0.493975903614,0.953488372093,0.650793650794,0.658914728682,0.452196382429,0.377358490566,0.457748607123,0.46511627907,106,63,43,0,106,0,63,0,43,21,106,0.252380952381,1.98147951821,10.0952380952,7.57142857143,5.3,3.5903309305,0.355645988398,0.177897574124,5.04456331585,0.999394619178,0.535489667565,3.93034591959,0.778653436899,0.415094339623,0.785936912158,0.396641451468,2.18653061224,1.98147951821,0.785936912158,2.18653061224,0.456493016787,0.454374412041,161,0.121052631579,0.398438786394,21,21,21,1,0,0.333333333333,0.619047619048,0.047619047619,21,146,0.347619047619,2.1921010035,13.9047619048,10.4285714286,6.95238095238,5.05870301465,0.363810833246,0.198303979126,6.55344329705,0.942618556425,0.514677103718,3.52811834377,0.507469076843,0.281148075669,0.902729658301,0.411810248187,2.21401723145,2.1921010035,0.902729658301,2.21401723145,0.714773098541,0.684610883558,390,0.293233082707,0.399957310151,21,21,21,1,0,0.333333333333,0.666666666667,0,40,0.0952380952381,0.210621485282,3.80952380952,2.85714285714,1.65238095238,1.46837208416,0.00816484484752,0.0204064050019,1.5088799812,-0.0567760627532,-0.0208125638469,-0.402227575821,-0.271184360056,-0.133946263954,0.116792746143,0.0151687967195,0.0274866192034,0.210621485282,0.116792746143,0.0274866192034,0.258280081754,0.230236471516,229,0.172180451128,0.00151852375766,0,0.047619047619,-0.047619047619,104,42,2,272,0.981132075472,0.866242038217,0.133757961783,0.0188679245283,0.712328767123,0.981132075472,0.825396825397,0.772931914975,0.847374113688,0.702702702703,83,43,0,0,0,0
257,WLNM_dir_neg,0.7172796106,0.431347059267,00:00:01,10,60,7,1290530098,fixed,0.5,0.453333333333,0.790697674419,0.576271186441,34,41,9,45,0.790697674419,0.523255813953,0.476744186047,0.209302325581,0.453333333333,0.790697674419,0.576271186441,0.612403100775,0.472868217054,0.264705882353,0.3,0.313953488372,106,63,43,0,106,0,63,0,43,21,106,0.252380952381,1.98147951821,10.0952380952,7.57142857143,5.3,3.5903309305,0.355645988398,0.177897574124,5.04456331585,0.999394619178,0.535489667565,3.93034591959,0.778653436899,0.415094339623,0.785936912158,0.396641451468,2.18653061224,1.98147951821,0.785936912158,2.18653061224,0.456493016787,0.454374412041,161,0.121052631579,0.398438786394,21,21,21,1,0,0.333333333333,0.619047619048,0.047619047619,21,138,0.328571428571,2.3270538116,13.1428571429,9.85714285714,6.57142857143,4.90189467743,0.372970247195,0.204623878537,6.0627669308,0.92259496773,0.501725327812,3.00950874017,0.45796872133,0.250517598344,1.0277253869,0.441642295412,2.80596292315,2.3270538116,1.0277253869,2.80596292315,0.697390711488,0.658490566038,349,0.262406015038,0.340779807766,21,21,21,1,0,0.333333333333,0.666666666667,0,32,0.0761904761905,0.345574293381,3.04761904762,2.28571428571,1.27142857143,1.31156374693,0.0173242587972,0.0267263044129,1.01820361495,-0.0767996514481,-0.0337643397529,-0.92083717942,-0.32068471557,-0.164576741279,0.241788474743,0.0450008439448,0.619432310909,0.345574293381,0.241788474743,0.619432310909,0.240897694701,0.204116153996,188,0.141353383459,-0.0576589786278,0,0.047619047619,-0.047619047619,97,41,9,273,0.915094339623,0.869426751592,0.130573248408,0.0849056603774,0.702898550725,0.915094339623,0.795081967213,0.725534858474,0.784521091215,0.659863945578,75,43,0,0,0,0
258,WLNM_dir_neg,0.782449972958,0.649282938696,00:00:01,10,60,8,1290530099,fixed,0.5,0.507246376812,0.813953488372,0.625,35,34,8,52,0.813953488372,0.604651162791,0.395348837209,0.186046511628,0.507246376812,0.813953488372,0.625,0.674418604651,0.488372093023,0.363636363636,0.395628284037,0.418604651163,106,63,43,0,106,0,63,0,43,21,106,0.252380952381,1.98147951821,10.0952380952,7.57142857143,5.3,3.5903309305,0.355645988398,0.177897574124,5.04456331585,0.999394619178,0.535489667565,3.93034591959,0.778653436899,0.415094339623,0.785936912158,0.396641451468,2.18653061224,1.98147951821,0.785936912158,2.18653061224,0.456493016787,0.454374412041,161,0.121052631579,0.398438786394,21,21,21,1,0,0.333333333333,0.619047619048,0.047619047619,21,132,0.314285714286,2.05479066198,12.5714285714,9.42857142857,6.28571428571,5.39046777721,0.428787209551,0.229437229437,6.37293383884,1.013875838,0.54329004329,3.2271172452,0.513405016282,0.279220779221,0.842080946926,0.409813497067,2.34353183455,2.05479066198,0.842080946926,2.34353183455,0.638644090524,0.596504005827,273,0.205263157895,0.342544351621,21,21,21,1,0,0.333333333333,0.666666666667,0,26,0.0619047619048,0.0733111437666,2.47619047619,1.85714285714,0.985714285714,1.80013684671,0.0731412211526,0.0515396553132,1.32837052299,0.0144812188201,0.0078003757249,-0.703228674385,-0.265248420617,-0.135873560402,0.0561440347686,0.0131720455991,0.157001222303,0.0733111437666,0.0561440347686,0.157001222303,0.182151073737,0.142129593785,112,0.0842105263158,-0.0558944347725,0,0.047619047619,-0.047619047619,98,34,8,280,0.924528301887,0.891719745223,0.108280254777,0.0754716981132,0.742424242424,0.924528301887,0.823529411765,0.763759635711,0.81624804711,0.7,69,43,0,0,0,0
259,WLNM_dir_neg,0.761222282315,0.511056266224,00:00:01,10,60,9,1290530100,fixed,0.5,0.529411764706,0.627906976744,0.574468085106,27,24,16,62,0.627906976744,0.720930232558,0.279069767442,0.372093023256,0.529411764706,0.627906976744,0.574468085106,0.68992248062,0.53488372093,0.333333333333,0.336336396998,0.348837209302,106,63,43,0,106,0,63,0,43,21,106,0.252380952381,1.98147951821,10.0952380952,7.57142857143,5.3,3.5903309305,0.355645988398,0.177897574124,5.04456331585,0.999394619178,0.535489667565,3.93034591959,0.778653436899,0.415094339623,0.785936912158,0.396641451468,2.18653061224,1.98147951821,0.785936912158,2.18653061224,0.456493016787,0.454374412041,161,0.121052631579,0.398438786394,21,21,21,1,0,0.333333333333,0.619047619048,0.047619047619,21,114,0.271428571429,1.85640516751,10.8571428571,8.76923076923,5.42857142857,3.92792202425,0.361782291707,0.200918964077,5.66190275942,1.04298208726,0.560568086884,3.41425582772,0.628941863002,0.341687552214,0.73773473285,0.397399633314,2.0737416394,1.85640516751,0.73773473285,2.0737416394,0.538199071392,0.514944491887,201,0.151127819549,0.365332017054,21,21,21,1,0,0.380952380952,0.619047619048,0,8,0.0190476190476,-0.125074350709,0.761904761905,1.1978021978,0.128571428571,0.337591093752,0.00613630330885,0.0230213899529,0.617339443571,0.043587468084,0.0250784193187,-0.516090091864,-0.149711573898,-0.0734067874088,-0.048202179308,0.00075818184692,-0.112788972843,-0.125074350709,-0.048202179308,-0.112788972843,0.0817060546052,0.0605700798459,40,0.0300751879699,-0.0331067693397,0.047619047619,0,-0.047619047619,90,24,16,290,0.849056603774,0.923566878981,0.0764331210191,0.150943396226,0.789473684211,0.849056603774,0.818181818182,0.754696822546,0.772623482754,0.692307692308,51,43,0,0,0,0
260,WLNM_dir_neg,0.810843699297,0.175408888597,00:00:02,10,60,10,1290530101,fixed,0.5,0.563636363636,0.720930232558,0.632653061224,31,24,12,62,0.720930232558,0.720930232558,0.279069767442,0.279069767442,0.563636363636,0.720930232558,0.632653061224,0.720930232558,0.524547803618,0.413043478261,0.421183543595,0.441860465116,106,63,43,0,106,0,63,0,43,21,106,0.252380952381,1.98147951821,10.0952380952,7.57142857143,5.3,3.5903309305,0.355645988398,0.177897574124,5.04456331585,0.999394619178,0.535489667565,3.93034591959,0.778653436899,0.415094339623,0.785936912158,0.396641451468,2.18653061224,1.98147951821,0.785936912158,2.18653061224,0.456493016787,0.454374412041,161,0.121052631579,0.398438786394,21,21,21,1,0,0.333333333333,0.619047619048,0.047619047619,21,118,0.280952380952,1.82582065737,11.2380952381,9.07692307692,5.9,4.33479828717,0.385723576401,0.204600484262,5.67869871076,1.01061587225,0.542372881356,4.12887624513,0.734800009727,0.377723970944,0.711873047962,0.389892098705,1.77171588527,1.86711169024,0.704092771333,1.77171588527,0.579610422257,0.560413354531,235,0.176691729323,0.480765529334,21,20,20,0.952380952381,0,0.333333333333,0.619047619048,0,12,0.0285714285714,-0.155658860841,1.14285714286,1.50549450549,0.6,0.744467356677,0.0300775880028,0.0267029101375,0.634135394913,0.0112212530766,0.00688321379079,0.198530325545,-0.0438534271725,-0.0373703686783,-0.0740638641959,-0.00674935276266,-0.414814726975,-0.114367827973,-0.0818441408242,-0.414814726975,0.12311740547,0.10603894249,74,0.0556390977444,0.0823267429398,0,0,-0.047619047619,94,24,12,290,0.88679245283,0.923566878981,0.0764331210191,0.11320754717,0.796610169492,0.88679245283,0.839285714286,0.783160760071,0.810359331811,0.723076923077,55,43,0,0,0,0
261,WLNM_dir_neg,0.700243374797,0.100593891162,00:00:01,10,60,11,1290530102,fixed,0.5,0.409090909091,0.837209302326,0.549618320611,36,52,7,34,0.837209302326,0.395348837209,0.604651162791,0.162790697674,0.409090909091,0.837209302326,0.549618320611,0.542635658915,0.439276485788,0.184331797235,0.235440804674,0.232558139535,106,63,43,0,106,0,63,0,43,21,106,0.252380952381,1.98147951821,10.0952380952,7.57142857143,5.3,3.5903309305,0.355645988398,0.177897574124,5.04456331585,0.999394619178,0.535489667565,3.93034591959,0.778653436899,0.415094339623,0.785936912158,0.396641451468,2.18653061224,1.98147951821,0.785936912158,2.18653061224,0.456493016787,0.454374412041,161,0.121052631579,0.398438786394,21,21,21,1,0,0.333333333333,0.619047619048,0.047619047619,21,151,0.359523809524,2.11111771959,14.380952381,12.5833333333,7.19047619048,6.5381663368,0.454640705539,0.252601702933,7.20152100336,1.00153603358,0.534216335541,2.82168473822,0.392419731805,0.214443393251,0.993189907768,0.470456904677,2.24472697365,2.11111771959,0.993189907768,2.24472697365,0.746039584197,0.689116055322,382,0.287218045113,0.478025397505,21,21,21,1,0,0.428571428571,0.571428571429,0,45,0.107142857143,0.129638201379,4.28571428571,5.0119047619,1.89047619048,2.9478354063,0.0989947171406,0.0747041288088,2.15695768751,0.00214141440272,-0.0012733320243,-1.10866118137,-0.386233705094,-0.200650946371,0.20725299561,0.0738154532092,0.0581963614022,0.129638201379,0.20725299561,0.0581963614022,0.28954656741,0.23474164328,221,0.166165413534,0.0795866111116,0.0952380952381,-0.047619047619,-0.047619047619,99,52,7,262,0.933962264151,0.834394904459,0.165605095541,0.0660377358491,0.655629139073,0.933962264151,0.770428015564,0.695530678327,0.76835716861,0.626582278481,88,43,0,0,0,0
262,WLNM_dir_neg,0.794213088156,0.472855009327,00:00:02,10,60,12,1290530103,fixed,0.5,0.532258064516,0.767441860465,0.628571428571,33,29,10,57,0.767441860465,0.662790697674,0.337209302326,0.232558139535,0.532258064516,0.767441860465,0.628571428571,0.697674418605,0.50645994832,0.387434554974,0.405932179113,0.43023255814,106,63,43,0,106,0,63,0,43,21,106,0.252380952381,1.98147951821,10.0952380952,7.57142857143,5.3,3.5903309305,0.355645988398,0.177897574124,5.04456331585,0.999394619178,0.535489667565,3.93034591959,0.778653436899,0.415094339623,0.785936912158,0.396641451468,2.18653061224,1.98147951821,0.785936912158,2.18653061224,0.456493016787,0.454374412041,161,0.121052631579,0.398438786394,21,21,21,1,0,0.333333333333,0.619047619048,0.047619047619,21,125,0.297619047619,2.04713031109,11.9047619048,9.61538461538,5.95238095238,4.65730353214,0.3912134967,0.20380952381,5.63450255547,0.946596429319,0.512,4.01841001487,0.675092882498,0.365714285714,0.873578449985,0.426733190972,2.11644420636,2.04713031109,0.873578449985,2.11644420636,0.525946237081,0.510534846029,210,0.157894736842,0.474981053012,21,21,21,1,0,0.380952380952,0.619047619048,0,19,0.0452380952381,0.065650792871,1.80952380952,2.04395604396,0.652380952381,1.06697260164,0.0355675083015,0.0259119496855,0.589939239622,-0.0527981898585,-0.0234896675651,0.0880640952838,-0.103560554401,-0.0493800539084,0.0876415378272,0.0300917395045,-0.0700864058872,0.065650792871,0.0876415378272,-0.0700864058872,0.0694532202936,0.0561604339878,49,0.0368421052632,0.0765422666177,0.047619047619,0,-0.047619047619,96,29,10,285,0.905660377358,0.907643312102,0.0923566878981,0.0943396226415,0.768,0.905660377358,0.831168831169,0.772688563985,0.81330368946,0.711111111111,62,43,0,0,0,0
263,WLNM_dir_neg,0.850189291509,0.158464671187,00:00:02,10,60,13,1290530104,fixed,0.5,0.494117647059,0.976744186047,0.65625,42,43,1,43,0.976744186047,0.5,0.5,0.0232558139535,0.494117647059,0.976744186047,0.65625,0.658914728682,0.447028423773,0.383177570093,0.474059722314,0.476744186047,106,63,43,0,106,0,63,0,43,21,106,0.252380952381,1.98147951821,10.0952380952,7.57142857143,5.3,3.5903309305,0.355645988398,0.177897574124,5.04456331585,0.999394619178,0.535489667565,3.93034591959,0.778653436899,0.415094339623,0.785936912158,0.396641451468,2.18653061224,1.98147951821,0.785936912158,2.18653061224,0.456493016787,0.454374412041,161,0.121052631579,0.398438786394,21,21,21,1,0,0.333333333333,0.619047619048,0.047619047619,21,148,0.352380952381,2.0479696827,14.0952380952,11.3846153846,7.04761904762,5.19523591288,0.368580926252,0.199806949807,6.52285359698,0.925540037409,0.495495495495,3.08992217501,0.438434903211,0.241312741313,0.878216783782,0.428823136983,2.19153834767,2.0479696827,0.878216783782,2.19153834767,0.701817457855,0.667650531287,377,0.283458646617,0.430633448498,21,21,21,1,0,0.380952380952,0.619047619048,0,42,0.1,0.0664901644843,4,3.81318681319,1.74761904762,1.60490498238,0.0129349378534,0.021909375683,1.47829028113,-0.0738545817687,-0.0399941720696,-0.840423744578,-0.340218533689,-0.17378159831,0.0922798716241,0.0321816855159,0.0050077354298,0.0664901644843,0.0922798716241,0.0050077354298,0.245324441067,0.213276119246,216,0.162406015038,0.032194662104,0.047619047619,0,-0.047619047619,105,43,1,271,0.990566037736,0.863057324841,0.136942675159,0.00943396226415,0.709459459459,0.990566037736,0.826771653543,0.77619124461,0.853623362577,0.704697986577,85,43,0,0,0,0
264,WLNM_dir_neg,0.685505678745,0.270570917001,00:00:02,10,60,14,1290530105,fixed,0.5,0.462962962963,0.581395348837,0.515463917526,25,29,18,57,0.581395348837,0.662790697674,0.337209302326,0.418604651163,0.462962962963,0.581395348837,0.515463917526,0.635658914729,0.527131782946,0.229508196721,0.233333333333,0.244186046512,106,63,43,0,106,0,63,0,43,21,106,0.252380952381,1.98147951821,10.0952380952,7.57142857143,5.3,3.5903309305,0.355645988398,0.177897574124,5.04456331585,0.999394619178,0.535489667565,3.93034591959,0.778653436899,0.415094339623,0.785936912158,0.396641451468,2.18653061224,1.98147951821,0.785936912158,2.18653061224,0.456493016787,0.454374412041,161,0.121052631579,0.398438786394,21,21,21,1,0,0.333333333333,0.619047619048,0.047619047619,21,117,0.278571428571,2.30110559057,11.1428571429,7.8,5.57142857143,4.11443452112,0.36924412369,0.192918192918,5.80147764429,1.04129085923,0.552706552707,3.48670945981,0.625819646633,0.335368335368,0.931631258755,0.404862455061,2.44441217672,2.30110559057,0.931631258755,2.44441217672,0.525926190212,0.521963824289,202,0.151879699248,0.289212214841,21,21,21,1,0,0.285714285714,0.714285714286,0,11,0.0261904761905,0.319626072359,1.04761904762,0.228571428571,0.271428571429,0.524103590622,0.0135981352919,0.0150206187942,0.756914328435,0.0418962400529,0.0172168851414,-0.443636459776,-0.152833790267,-0.0797260042543,0.145694346597,0.00822100359357,0.257881564476,0.319626072359,0.145694346597,0.257881564476,0.0694331734248,0.067589412248,41,0.0308270676692,-0.109226571552,-0.047619047619,0.0952380952381,-0.047619047619,88,29,18,285,0.830188679245,0.907643312102,0.0923566878981,0.169811320755,0.752136752137,0.830188679245,0.789237668161,0.714925838215,0.737831991347,0.651851851852,54,43,0,0,0,0
265,WLNM_dir_neg,0.804353704705,0.536808549258,00:00:01,10,60,15,1290530106,fixed,0.5,0.529411764706,0.837209302326,0.648648648649,36,32,7,54,0.837209302326,0.627906976744,0.372093023256,0.162790697674,0.529411764706,0.837209302326,0.648648648649,0.697674418605,0.490956072351,0.406091370558,0.439162875091,0.46511627907,106,63,43,0,106,0,63,0,43,21,106,0.252380952381,1.98147951821,10.0952380952,7.57142857143,5.3,3.5903309305,0.355645988398,0.177897574124,5.04456331585,0.999394619178,0.535489667565,3.93034591959,0.778653436899,0.415094339623,0.785936912158,0.396641451468,2.18653061224,1.98147951821,0.785936912158,2.18653061224,0.456493016787,0.454374412041,161,0.121052631579,0.398438786394,21,21,21,1,0,0.333333333333,0.619047619048,0.047619047619,21,131,0.311904761905,1.92109893664,12.4761904762,10.0769230769,6.2380952381,5.08546013276,0.407613216748,0.220647037441,6.47228523711,1.03754190824,0.558342420938,3.4482569786,0.552774019471,0.298800436205,0.798015849288,0.415395497892,1.92550826747,1.92109893664,0.798015849288,1.92550826747,0.664189478822,0.636860068259,311,0.233834586466,0.42696608506,21,21,21,1,0,0.380952380952,0.619047619048,0,25,0.0595238095238,-0.0603805815695,2.38095238095,2.50549450549,0.938095238095,1.49512920227,0.0519672283499,0.0427494633169,1.42772192126,0.0381472890607,0.0228527533727,-0.482088940986,-0.225879417429,-0.116293903418,0.0120789371305,0.0187540464249,-0.261022344777,-0.0603805815695,0.0120789371305,-0.261022344777,0.207696462035,0.182485656218,150,0.112781954887,0.0285272986664,0.047619047619,0,-0.047619047619,99,32,7,282,0.933962264151,0.898089171975,0.101910828025,0.0660377358491,0.75572519084,0.933962264151,0.835443037975,0.780159429451,0.832051436125,0.717391304348,68,43,0,0,0,0
266,WLNM_dir_neg,0.834234721471,0.697689595292,00:00:01,10,60,16,1290530107,fixed,0.5,0.487179487179,0.883720930233,0.628099173554,38,40,5,46,0.883720930233,0.53488372093,0.46511627907,0.116279069767,0.487179487179,0.883720930233,0.628099173554,0.651162790698,0.46511627907,0.347826086957,0.403603676398,0.418604651163,106,63,43,0,106,0,63,0,43,21,106,0.252380952381,1.98147951821,10.0952380952,7.57142857143,5.3,3.5903309305,0.355645988398,0.177897574124,5.04456331585,0.999394619178,0.535489667565,3.93034591959,0.778653436899,0.415094339623,0.785936912158,0.396641451468,2.18653061224,1.98147951821,0.785936912158,2.18653061224,0.456493016787,0.454374412041,161,0.121052631579,0.398438786394,21,21,21,1,0,0.333333333333,0.619047619048,0.047619047619,21,141,0.335714285714,2.18390805446,13.4285714286,9.4,6.71428571429,4.67516233484,0.348150386637,0.189125295508,6.56614694583,0.977936779167,0.529550827423,3.28850812897,0.489777806442,0.266801756163,0.845260805582,0.387040472632,2.23440411465,2.18390805446,0.845260805582,2.23440411465,0.701797877782,0.670023696682,377,0.283458646617,0.325182722662,21,21,21,1,0,0.285714285714,0.714285714286,0,35,0.0833333333333,0.202428536245,3.33333333333,1.82857142857,1.41428571429,1.08483140435,-0.00749560176088,0.0112277213843,1.52158362998,-0.021457840011,-0.00593884014197,-0.64183779062,-0.288875630457,-0.148292583459,0.0593238934247,-0.00960097883577,0.0478735024007,0.202428536245,0.0593238934247,0.0478735024007,0.245304860995,0.215649284641,216,0.162406015038,-0.0732560637321,-0.047619047619,0.0952380952381,-0.047619047619,101,40,5,274,0.952830188679,0.872611464968,0.127388535032,0.0471698113208,0.716312056738,0.952830188679,0.817813765182,0.75926342429,0.825441653647,0.691780821918,78,43,0,0,0,0
267,WLNM_dir_neg,0.812330989724,0.187770775091,00:00:00,10,60,17,1290530108,fixed,0.5,0.434782608696,0.93023255814,0.592592592593,40,52,3,34,0.93023255814,0.395348837209,0.604651162791,0.0697674418605,0.434782608696,0.93023255814,0.592592592593,0.573643410853,0.428940568475,0.253393665158,0.339350315895,0.325581395349,106,63,43,0,106,0,63,0,43,21,106,0.252380952381,1.98147951821,10.0952380952,7.57142857143,5.3,3.5903309305,0.355645988398,0.177897574124,5.04456331585,0.999394619178,0.535489667565,3.93034591959,0.778653436899,0.415094339623,0.785936912158,0.396641451468,2.18653061224,1.98147951821,0.785936912158,2.18653061224,0.456493016787,0.454374412041,161,0.121052631579,0.398438786394,21,21,21,1,0,0.333333333333,0.619047619048,0.047619047619,21,155,0.369047619048,3.00805958805,14.7619047619,10.3333333333,7.38095238095,4.65730353214,0.315494755403,0.172043010753,6.46897356987,0.876441580433,0.481720430108,2.76543288612,0.374671552313,0.204608294931,1.42103065796,0.472407748704,4.45491912093,3.00805958805,1.42103065796,4.45491912093,0.713657267594,0.707438016529,428,0.321804511278,0.336174570102,21,21,21,1,0,0.285714285714,0.714285714286,0,49,0.116666666667,1.02658006984,4.66666666667,2.7619047619,2.08095238095,1.06697260164,-0.0401512329952,-0.0058545633713,1.42441025402,-0.122953038744,-0.0537692374576,-1.16491303347,-0.403981884587,-0.210486044692,0.635093745802,0.0757662972364,2.26838850869,1.02658006984,0.635093745802,2.26838850869,0.257164250806,0.253063604488,267,0.200751879699,-0.0622642162918,-0.047619047619,0.0952380952381,-0.047619047619,103,52,3,262,0.971698113208,0.834394904459,0.165605095541,0.0283018867925,0.664516129032,0.971698113208,0.789272030651,0.725628162634,0.806093017666,0.651898734177,92,43,0,0,0,0
268,WLNM_dir_neg,0.76838831801,0.192990919773,00:00:01,10,60,18,1290530109,fixed,0.5,0.476923076923,0.720930232558,0.574074074074,31,34,12,52,0.720930232558,0.604651162791,0.395348837209,0.279069767442,0.476923076923,0.720930232558,0.574074074074,0.643410852713,0.498708010336,0.288659793814,0.306970306757,0.325581395349,106,63,43,0,106,0,63,0,43,21,106,0.252380952381,1.98147951821,10.0952380952,7.57142857143,5.3,3.5903309305,0.355645988398,0.177897574124,5.04456331585,0.999394619178,0.535489667565,3.93034591959,0.778653436899,0.415094339623,0.785936912158,0.396641451468,2.18653061224,1.98147951821,0.785936912158,2.18653061224,0.456493016787,0.454374412041,161,0.121052631579,0.398438786394,21,21,21,1,0,0.333333333333,0.619047619048,0.047619047619,21,128,0.304761904762,1.86962179811,12.1904761905,10.6666666667,6.09523809524,5.12463703709,0.420380381949,0.225074404762,6.48000587889,1.06312596451,0.566220238095,3.17655098975,0.521152896756,0.270089285714,0.80839038829,0.432381773206,2.02591649389,1.86962179811,0.80839038829,2.02591649389,0.687096640889,0.613061797753,291,0.218796992481,0.444284172609,21,21,21,1,0,0.428571428571,0.571428571429,0,22,0.052380952381,-0.111857720107,2.09523809524,3.09523809524,0.795238095238,1.53430610659,0.0647343935505,0.0471768306379,1.43544256304,0.0637313453279,0.0307305705301,-0.753794929838,-0.257500540144,-0.145005053908,0.0224534761326,0.0357403217385,-0.160614118356,-0.111857720107,0.0224534761326,-0.160614118356,0.230603624102,0.158687385711,130,0.0977443609023,0.045845386215,0.0952380952381,-0.047619047619,-0.047619047619,94,34,12,280,0.88679245283,0.891719745223,0.108280254777,0.11320754717,0.734375,0.88679245283,0.803418803419,0.734660631496,0.778512198053,0.671428571429,65,43,0,0,0,0
269,WLNM_dir_neg,0.805029745809,0.197311589671,00:00:00,10,60,19,1290530110,fixed,0.5,0.467391304348,1,0.637037037037,43,49,0,37,1,0.43023255814,0.56976744186,0,0.467391304348,1,0.637037037037,0.62015503876,0.428940568475,0.334841628959,0.448427203146,0.43023255814,106,63,43,0,106,0,63,0,43,21,106,0.252380952381,1.98147951821,10.0952380952,7.57142857143,5.3,3.5903309305,0.355645988398,0.177897574124,5.04456331585,0.999394619178,0.535489667565,3.93034591959,0.778653436899,0.415094339623,0.785936912158,0.396641451468,2.18653061224,1.98147951821,0.785936912158,2.18653061224,0.456493016787,0.454374412041,161,0.121052631579,0.398438786394,21,21,21,1,0,0.333333333333,0.619047619048,0.047619047619,21,155,0.369047619048,2.28368920479,14.7619047619,11.0714285714,7.38095238095,5.18560277986,0.351282768958,0.181566820276,6.45349665279,0.874344707798,0.481105990783,3.54226185475,0.479919348063,0.260522273425,0.970817869281,0.425109453268,2.28480271748,2.28368920479,0.970817869281,2.28480271748,0.703753879174,0.693467336683,414,0.311278195489,0.436656029776,21,21,21,1,0,0.333333333333,0.666666666667,0,49,0.116666666667,0.302209686576,4.66666666667,3.5,2.08095238095,1.59527184936,-0.00436321944003,0.00366924615251,1.40893333694,-0.12504991138,-0.0543836767817,-0.388084064837,-0.298734088836,-0.154572066197,0.184880957124,0.0284680018,0.0982721052352,0.302209686576,0.184880957124,0.0982721052352,0.247260862387,0.239092924642,253,0.19022556391,0.0382172433822,0,0.047619047619,-0.047619047619,106,49,0,265,1,0.843949044586,0.156050955414,0,0.683870967742,1,0.812260536398,0.759705370421,0.843949044586,0.683870967742,92,43,0,0,0,0
270,WLNM_dir_neg,0.774067063277,0.228491760923,00:00:01,10,60,20,1290530111,fixed,0.5,0.480519480519,0.860465116279,0.616666666667,37,40,6,46,0.860465116279,0.53488372093,0.46511627907,0.139534883721,0.480519480519,0.860465116279,0.616666666667,0.643410852713,0.467700258398,0.330097087379,0.379941632828,0.395348837209,106,63,43,0,106,0,63,0,43,21,106,0.252380952381,1.98147951821,10.0952380952,7.57142857143,5.3,3.5903309305,0.355645988398,0.177897574124,5.04456331585,0.999394619178,0.535489667565,3.93034591959,0.778653436899,0.415094339623,0.785936912158,0.396641451468,2.18653061224,1.98147951821,0.785936912158,2.18653061224,0.456493016787,0.454374412041,161,0.121052631579,0.398438786394,21,21,21,1,0,0.333333333333,0.619047619048,0.047619047619,21,140,0.333333333333,2.50206411802,13.3333333333,10,6.66666666667,4.60796412023,0.345597309017,0.188775510204,6.56759722679,0.985139584018,0.536054421769,3.0550504633,0.458257569496,0.251020408163,1.16099608782,0.464015322175,3.55026411583,2.50206411802,1.16099608782,3.55026411583,0.676759455265,0.634039900249,339,0.254887218045,0.347595520093,21,21,21,1,0,0.333333333333,0.666666666667,0,34,0.0809523809524,0.520584599803,3.2380952381,2.42857142857,1.36666666667,1.01763318973,-0.0100486793809,0.0108779360801,1.52303391094,-0.0142550351594,0.000564754203568,-0.875295456284,-0.320395867404,-0.164073931459,0.375059175666,0.0673738707072,1.36373350358,0.520584599803,0.375059175666,1.36373350358,0.220266438477,0.179665488208,178,0.133834586466,-0.0508432663006,0,0.047619047619,-0.047619047619,100,40,6,274,0.943396226415,0.872611464968,0.127388535032,0.0566037735849,0.714285714286,0.943396226415,0.813008130081,0.751915392582,0.816007691383,0.684931506849,77,43,0,0,0,0
271,WLNM_dir_neg,0.804083288264,0.0761592927373,00:00:02,10,60,21,1290530112,fixed,0.5,0.46511627907,0.93023255814,0.62015503876,40,46,3,40,0.93023255814,0.46511627907,0.53488372093,0.0697674418605,0.46511627907,0.93023255814,0.62015503876,0.62015503876,0.444444444444,0.316279069767,0.395348837209,0.395348837209,106,63,43,0,106,0,63,0,43,21,106,0.252380952381,1.98147951821,10.0952380952,7.57142857143,5.3,3.5903309305,0.355645988398,0.177897574124,5.04456331585,0.999394619178,0.535489667565,3.93034591959,0.778653436899,0.415094339623,0.785936912158,0.396641451468,2.18653061224,1.98147951821,0.785936912158,2.18653061224,0.456493016787,0.454374412041,161,0.121052631579,0.398438786394,21,21,21,1,0,0.333333333333,0.619047619048,0.047619047619,21,149,0.354761904762,2.08751252865,14.1904761905,11.4615384615,7.09523809524,5.85336695944,0.412485591102,0.230425055928,6.93472971286,0.977378013222,0.525407478428,2.79114245256,0.393382493314,0.216043464366,0.920589250898,0.440998191992,2.20453800098,2.08751252865,0.920589250898,2.20453800098,0.734330869304,0.682613768961,390,0.293233082707,0.40498620895,21,21,21,1,0,0.380952380952,0.619047619048,0,43,0.102380952381,0.106033010441,4.09523809524,3.89010989011,1.79523809524,2.26303602895,0.0568396027035,0.0525274818044,1.89016639701,-0.0220166059554,-0.0100821891375,-1.13920346703,-0.385270943586,-0.199050875257,0.13465233874,0.0443567405247,0.0180073887323,0.106033010441,0.13465233874,0.0180073887323,0.277837852517,0.22823935692,229,0.172180451128,0.00654742255612,0.047619047619,0,-0.047619047619,103,46,3,268,0.971698113208,0.853503184713,0.146496815287,0.0283018867925,0.691275167785,0.971698113208,0.807843137255,0.749203641181,0.825201297921,0.677631578947,86,43,0,0,0,0
272,WLNM_dir_neg,0.734586262845,0.528738595495,00:00:01,10,60,22,1290530113,fixed,0.5,0.5,0.720930232558,0.590476190476,31,31,12,55,0.720930232558,0.639534883721,0.360465116279,0.279069767442,0.5,0.720930232558,0.590476190476,0.666666666667,0.50645994832,0.324607329843,0.340105339257,0.360465116279,106,63,43,0,106,0,63,0,43,21,106,0.252380952381,1.98147951821,10.0952380952,7.57142857143,5.3,3.5903309305,0.355645988398,0.177897574124,5.04456331585,0.999394619178,0.535489667565,3.93034591959,0.778653436899,0.415094339623,0.785936912158,0.396641451468,2.18653061224,1.98147951821,0.785936912158,2.18653061224,0.456493016787,0.454374412041,161,0.121052631579,0.398438786394,21,21,21,1,0,0.333333333333,0.619047619048,0.047619047619,21,125,0.297619047619,1.8816773592,11.9047619048,10.4166666667,6.25,4.65730353214,0.3912134967,0.198095238095,5.57203903859,0.936102558484,0.496761904762,4.03083354253,0.677180035146,0.377904761905,0.79988149979,0.425089612669,1.90975935296,1.92576122716,0.794056393335,1.90975935296,0.651247582827,0.644717800289,297,0.223308270677,0.52873676754,21,20,20,0.952380952381,0,0.380952380952,0.571428571429,0,19,0.0452380952381,-0.0998021590164,1.80952380952,2.84523809524,0.95,1.06697260164,0.0355675083015,0.0201976639712,0.527475722744,-0.063292060694,-0.0387277628032,0.100487622947,-0.101473401754,-0.0371895777179,0.0139445876322,0.0284481612017,-0.276771259284,-0.0557182910565,0.00811948117689,-0.276771259284,0.194754566039,0.190343388248,136,0.102255639098,0.130297981146,0.047619047619,-0.047619047619,-0.047619047619,94,31,12,283,0.88679245283,0.90127388535,0.0987261146497,0.11320754717,0.752,0.88679245283,0.813852813853,0.748711526906,0.788066338181,0.686131386861,62,43,0,0,0,0
273,WLNM_dir_neg,0.813007030827,0.194291976391,00:00:01,10,60,23,1290530114,fixed,0.5,0.521126760563,0.860465116279,0.649122807018,37,34,6,52,0.860465116279,0.604651162791,0.395348837209,0.139534883721,0.521126760563,0.860465116279,0.649122807018,0.68992248062,0.483204134367,0.4,0.440759642721,0.46511627907,106,63,43,0,106,0,63,0,43,21,106,0.252380952381,1.98147951821,10.0952380952,7.57142857143,5.3,3.5903309305,0.355645988398,0.177897574124,5.04456331585,0.999394619178,0.535489667565,3.93034591959,0.778653436899,0.415094339623,0.785936912158,0.396641451468,2.18653061224,1.98147951821,0.785936912158,2.18653061224,0.456493016787,0.454374412041,161,0.121052631579,0.398438786394,21,21,21,1,0,0.333333333333,0.619047619048,0.047619047619,21,134,0.319047619048,1.89546230251,12.7619047619,10.3076923077,6.38095238095,3.56236946294,0.279140890753,0.148187633262,6.0866755333,0.953881986561,0.513148542999,3.89199422502,0.609939393474,0.335465529495,0.749240530197,0.395281156056,1.84315660578,1.89546230251,0.749240530197,1.84315660578,0.615686461065,0.616770186335,331,0.248872180451,0.470004025615,21,21,21,1,0,0.380952380952,0.619047619048,0,28,0.0666666666667,-0.086017215704,2.66666666667,2.73626373626,1.08095238095,-0.0279614675576,-0.0765050976455,-0.0297099408617,1.04211221745,-0.0455126326166,-0.0223411245659,-0.0383516945638,-0.168714043426,-0.0796288101273,-0.0366963819611,-0.00136029541168,-0.343374006466,-0.086017215704,-0.0366963819611,-0.343374006466,0.159193444277,0.162395774294,170,0.127819548872,0.0715652392217,0.047619047619,0,-0.047619047619,100,34,6,280,0.943396226415,0.891719745223,0.108280254777,0.0566037735849,0.746268656716,0.943396226415,0.833333333333,0.778267922291,0.835115971638,0.714285714286,71,43,0,0,0,0
274,WLNM_dir_neg,0.764872904273,0.540499369229,00:00:01,10,60,24,1290530115,fixed,0.5,0.555555555556,0.813953488372,0.660377358491,35,28,8,58,0.813953488372,0.674418604651,0.325581395349,0.186046511628,0.555555555556,0.813953488372,0.660377358491,0.720930232558,0.503875968992,0.4375,0.460566186472,0.488372093023,106,63,43,0,106,0,63,0,43,21,106,0.252380952381,1.98147951821,10.0952380952,7.57142857143,5.3,3.5903309305,0.355645988398,0.177897574124,5.04456331585,0.999394619178,0.535489667565,3.93034591959,0.778653436899,0.415094339623,0.785936912158,0.396641451468,2.18653061224,1.98147951821,0.785936912158,2.18653061224,0.456493016787,0.454374412041,161,0.121052631579,0.398438786394,21,21,21,1,0,0.333333333333,0.619047619048,0.047619047619,21,126,0.3,1.95271753869,12,9.69230769231,6,5.07937003968,0.42328083664,0.225245653817,6.35609943283,1.05934990547,0.566893424036,2.94957624075,0.491596040125,0.268329554044,0.819183904975,0.419509677537,2.01754499814,1.95271753869,0.819183904975,2.01754499814,0.629715967686,0.582159624413,248,0.186466165414,0.357135473217,21,21,21,1,0,0.380952380952,0.619047619048,0,20,0.047619047619,-0.0287619795273,1.90476190476,2.12087912088,0.7,1.48903910918,0.0676348482418,0.0473480796931,1.31153611698,0.0599552862936,0.0314037564711,-0.980769678837,-0.287057396774,-0.146764785579,0.0332469928175,0.0228682260693,-0.1689856141,-0.0287619795273,0.0332469928175,-0.1689856141,0.173222950899,0.127785212372,87,0.0654135338346,-0.0413033131771,0.047619047619,0,-0.047619047619,98,28,8,286,0.924528301887,0.910828025478,0.0891719745223,0.0754716981132,0.777777777778,0.924528301887,0.844827586207,0.791827508699,0.835356327364,0.731343283582,63,43,0,0,0,0
275,WLNM_dir_neg,0.79718766901,0.140320310705,00:00:01,10,60,25,1290530116,fixed,0.5,0.455696202532,0.837209302326,0.590163934426,36,43,7,43,0.837209302326,0.5,0.5,0.162790697674,0.455696202532,0.837209302326,0.590163934426,0.612403100775,0.462532299742,0.278846153846,0.326275491269,0.337209302326,106,63,43,0,106,0,63,0,43,21,106,0.252380952381,1.98147951821,10.0952380952,7.57142857143,5.3,3.5903309305,0.355645988398,0.177897574124,5.04456331585,0.999394619178,0.535489667565,3.93034591959,0.778653436899,0.415094339623,0.785936912158,0.396641451468,2.18653061224,1.98147951821,0.785936912158,2.18653061224,0.456493016787,0.454374412041,161,0.121052631579,0.398438786394,21,21,21,1,0,0.333333333333,0.619047619048,0.047619047619,21,142,0.338095238095,2.2745236976,13.5238095238,10.1428571429,6.7619047619,4.87461842218,0.360447136852,0.194500335345,6.17984435002,0.913920643313,0.49765258216,3.54830610158,0.524749493895,0.287726358149,0.951740492803,0.418435074477,2.51832346424,2.2745236976,0.951740492803,2.51832346424,0.67559540219,0.656540607564,353,0.265413533835,0.397124801102,21,21,21,1,0,0.333333333333,0.666666666667,0,36,0.0857142857143,0.293044179381,3.42857142857,2.57142857143,1.4619047619,1.28428749169,0.00480114845352,0.0166027612214,1.13528103417,-0.085473975865,-0.0378370854055,-0.382039818012,-0.253903943005,-0.127367981474,0.165803580646,0.0217936230096,0.331792851993,0.293044179381,0.165803580646,0.331792851993,0.219102385403,0.202166195522,192,0.144360902256,-0.00131398529231,0,0.047619047619,-0.047619047619,99,43,7,271,0.933962264151,0.863057324841,0.136942675159,0.0660377358491,0.697183098592,0.933962264151,0.798387096774,0.731846806456,0.797019588992,0.664429530201,79,43,0,0,0,0
276,WLNM_dir_neg,0.833017847485,0.263467988278,00:00:01,10,60,26,1290530117,fixed,0.5,0.593220338983,0.813953488372,0.686274509804,35,24,8,62,0.813953488372,0.720930232558,0.279069767442,0.186046511628,0.593220338983,0.813953488372,0.686274509804,0.751937984496,0.514211886305,0.489361702128,0.506136675356,0.53488372093,106,63,43,0,106,0,63,0,43,21,106,0.252380952381,1.98147951821,10.0952380952,7.57142857143,5.3,3.5903309305,0.355645988398,0.177897574124,5.04456331585,0.999394619178,0.535489667565,3.93034591959,0.778653436899,0.415094339623,0.785936912158,0.396641451468,2.18653061224,1.98147951821,0.785936912158,2.18653061224,0.456493016787,0.454374412041,161,0.121052631579,0.398438786394,21,21,21,1,0,0.333333333333,0.619047619048,0.047619047619,21,122,0.290476190476,1.78989244794,11.619047619,10.1666666667,5.80952380952,4.59865404739,0.395785799161,0.215846994536,6.20982324724,1.06890400157,0.570647931304,3.40028010051,0.585294115661,0.31850117096,0.734543561078,0.410384189242,1.79112771944,1.78989244794,0.734543561078,1.79112771944,0.560839005377,0.559786747906,245,0.184210526316,0.448415618036,21,21,21,1,0,0.428571428571,0.571428571429,0,16,0.0380952380952,-0.191587070275,1.52380952381,2.59523809524,0.509523809524,1.0083231169,0.0401398107628,0.0379494204115,1.16525993139,0.0695093823955,0.0351582637385,-0.53006581908,-0.193359321238,-0.0965931686625,-0.0513933510795,0.0137427377746,-0.395402892808,-0.191587070275,-0.0513933510795,-0.395402892808,0.10434598859,0.105412335864,84,0.0631578947368,0.0499768316425,0.0952380952381,-0.047619047619,-0.047619047619,98,24,8,290,0.924528301887,0.923566878981,0.0764331210191,0.0754716981132,0.803278688525,0.924528301887,0.859649122807,0.811473430723,0.848095180868,0.753846153846,59,43,0,0,0,0
277,WLNM_dir_neg,0.815305570579,0.149386301528,00:00:02,10,60,27,1290530118,fixed,0.5,0.470588235294,0.93023255814,0.625,40,45,3,41,0.93023255814,0.476744186047,0.523255813953,0.0697674418605,0.470588235294,0.93023255814,0.625,0.627906976744,0.447028423773,0.327102803738,0.404685128805,0.406976744186,106,63,43,0,106,0,63,0,43,21,106,0.252380952381,1.98147951821,10.0952380952,7.57142857143,5.3,3.5903309305,0.355645988398,0.177897574124,5.04456331585,0.999394619178,0.535489667565,3.93034591959,0.778653436899,0.415094339623,0.785936912158,0.396641451468,2.18653061224,1.98147951821,0.785936912158,2.18653061224,0.456493016787,0.454374412041,161,0.121052631579,0.398438786394,21,21,21,1,0,0.333333333333,0.619047619048,0.047619047619,21,148,0.352380952381,2.24746040089,14.0952380952,10.5714285714,7.04761904762,4.91838146045,0.348939225234,0.189510939511,6.4379825293,0.91349752105,0.498069498069,3.2477098158,0.460823690079,0.251608751609,0.968639463334,0.430992894446,2.65368375993,2.24746040089,0.968639463334,2.65368375993,0.718426927881,0.68275862069,396,0.297744360902,0.386073025041,21,21,21,1,0,0.333333333333,0.666666666667,0,42,0.1,0.265980882679,4,3,1.74761904762,1.32805052995,-0.00670676316372,0.011613365387,1.39341921345,-0.085897098128,-0.0374201694956,-0.682636103791,-0.31782974682,-0.163485588014,0.182702551176,0.0343514429784,0.467153147686,0.265980882679,0.182702551176,0.467153147686,0.261933911094,0.228384208648,235,0.176691729323,-0.0123657613532,0,0.047619047619,-0.047619047619,103,45,3,269,0.971698113208,0.856687898089,0.143312101911,0.0283018867925,0.695945945946,0.971698113208,0.811023622047,0.753243171772,0.828386011297,0.682119205298,85,43,0,0,0,0
278,WLNM_dir_neg,0.778934559221,0.285077719183,00:00:01,10,60,28,1290530119,fixed,0.5,0.507246376812,0.813953488372,0.625,35,34,8,52,0.813953488372,0.604651162791,0.395348837209,0.186046511628,0.507246376812,0.813953488372,0.625,0.674418604651,0.488372093023,0.363636363636,0.395628284037,0.418604651163,106,63,43,0,106,0,63,0,43,21,106,0.252380952381,1.98147951821,10.0952380952,7.57142857143,5.3,3.5903309305,0.355645988398,0.177897574124,5.04456331585,0.999394619178,0.535489667565,3.93034591959,0.778653436899,0.415094339623,0.785936912158,0.396641451468,2.18653061224,1.98147951821,0.785936912158,2.18653061224,0.456493016787,0.454374412041,161,0.121052631579,0.398438786394,21,21,21,1,0,0.333333333333,0.619047619048,0.047619047619,21,132,0.314285714286,2.15805647351,12.5714285714,9.42857142857,6.28571428571,4.68584494591,0.372737666152,0.203102453102,6.14119578863,0.977008420918,0.529581529582,3.42261387163,0.544506752305,0.285714285714,0.949783691858,0.440110675284,3.06880990508,2.15805647351,0.949783691858,3.06880990508,0.581323267458,0.56862745098,261,0.196240601504,0.36527623686,21,21,21,1,0,0.333333333333,0.666666666667,0,26,0.0619047619048,0.1765769553,2.47619047619,1.85714285714,0.985714285714,1.09551401542,0.017091677754,0.0252048789785,1.09663247278,-0.0223861982594,-0.00590813798361,-0.507732047956,-0.234146684594,-0.129380053908,0.163846779701,0.043469223816,0.882279292839,0.1765769553,0.163846779701,0.882279292839,0.124830250671,0.114253038939,100,0.0751879699248,-0.0331625495342,0,0.047619047619,-0.047619047619,98,34,8,280,0.924528301887,0.891719745223,0.108280254777,0.0754716981132,0.742424242424,0.924528301887,0.823529411765,0.763759635711,0.81624804711,0.7,69,43,0,0,0,0
279,WLNM_dir_neg,0.830313683072,0.183034413468,00:00:03,10,60,29,1290530120,fixed,0.5,0.444444444444,0.93023255814,0.601503759398,40,50,3,36,0.93023255814,0.418604651163,0.581395348837,0.0697674418605,0.444444444444,0.93023255814,0.601503759398,0.589147286822,0.434108527132,0.27397260274,0.35805743702,0.348837209302,106,63,43,0,106,0,63,0,43,21,106,0.252380952381,1.98147951821,10.0952380952,7.57142857143,5.3,3.5903309305,0.355645988398,0.177897574124,5.04456331585,0.999394619178,0.535489667565,3.93034591959,0.778653436899,0.415094339623,0.785936912158,0.396641451468,2.18653061224,1.98147951821,0.785936912158,2.18653061224,0.456493016787,0.454374412041,161,0.121052631579,0.398438786394,21,21,21,1,0,0.333333333333,0.619047619048,0.047619047619,21,153,0.364285714286,2.11466776718,14.5714285714,11.7692307692,7.28571428571,5.11440542557,0.350988607637,0.193277310924,6.65689760431,0.913691828043,0.487394957983,2.86605752111,0.393380444073,0.216619981326,0.92245135744,0.436215736466,2.16981447733,2.11466776718,0.92245135744,2.16981447733,0.695338539456,0.67166762839,388,0.291729323308,0.432606135727,21,21,21,1,0,0.380952380952,0.619047619048,0,47,0.111904761905,0.133188248964,4.47619047619,4.1978021978,1.98571428571,1.52407449508,-0.00465738076074,0.0153797368004,1.61233428846,-0.0857027911351,-0.0480947095819,-1.06428839848,-0.385272992826,-0.198474358297,0.136514445282,0.039574284998,-0.0167161349133,0.133188248964,0.136514445282,-0.0167161349133,0.238845522669,0.217293216349,227,0.170676691729,0.0341673493336,0.047619047619,0,-0.047619047619,103,50,3,264,0.971698113208,0.84076433121,0.15923566879,0.0283018867925,0.673202614379,0.971698113208,0.795366795367,0.733364200215,0.812462444418,0.660256410256,90,43,0,0,0,0
280,WLNM_dir_neg,0.726744186047,0.555654175112,00:00:02,10,60,30,1290530121,fixed,0.5,0.44,0.767441860465,0.559322033898,33,42,10,44,0.767441860465,0.511627906977,0.488372093023,0.232558139535,0.44,0.767441860465,0.559322033898,0.596899224806,0.472868217054,0.235294117647,0.266666666667,0.279069767442,106,63,43,0,106,0,63,0,43,21,106,0.252380952381,1.98147951821,10.0952380952,7.57142857143,5.3,3.5903309305,0.355645988398,0.177897574124,5.04456331585,0.999394619178,0.535489667565,3.93034591959,0.778653436899,0.415094339623,0.785936912158,0.396641451468,2.18653061224,1.98147951821,0.785936912158,2.18653061224,0.456493016787,0.454374412041,161,0.121052631579,0.398438786394,21,21,21,1,0,0.333333333333,0.619047619048,0.047619047619,21,138,0.328571428571,2.22301522937,13.1428571429,9.85714285714,6.57142857143,5.24676771247,0.399210586818,0.214975845411,6.05451425443,0.921339125675,0.503795721187,3.585685828,0.545647843392,0.278812974465,0.935404639701,0.420781930481,2.35816614595,2.22301522937,0.935404639701,2.35816614595,0.708730729031,0.65582303188,336,0.252631578947,0.402519215882,21,21,21,1,0,0.333333333333,0.666666666667,0,32,0.0761904761905,0.241535711152,3.04761904762,2.28571428571,1.27142857143,1.65643678197,0.0435645984198,0.0370782712866,1.00995093858,-0.0780554935031,-0.0316939463781,-0.344660091584,-0.233005593508,-0.136281365157,0.149467727543,0.0241404790134,0.17163553371,0.241535711152,0.149467727543,0.17163553371,0.252237712244,0.201448619839,175,0.131578947368,0.00408042948784,0,0.047619047619,-0.047619047619,96,42,10,272,0.905660377358,0.866242038217,0.133757961783,0.0943396226415,0.695652173913,0.905660377358,0.786885245902,0.713864950365,0.771902415575,0.648648648649,75,43,0,0,0,0
281,WLNM_dir_neg,0.869388858843,0.42998969409,00:00:00,10,60,31,1290530122,fixed,0.5,0.532467532468,0.953488372093,0.683333333333,41,36,2,50,0.953488372093,0.581395348837,0.418604651163,0.046511627907,0.532467532468,0.953488372093,0.683333333333,0.705426356589,0.467700258398,0.446601941748,0.514038679708,0.53488372093,106,63,43,0,106,0,63,0,43,21,106,0.252380952381,1.98147951821,10.0952380952,7.57142857143,5.3,3.5903309305,0.355645988398,0.177897574124,5.04456331585,0.999394619178,0.535489667565,3.93034591959,0.778653436899,0.415094339623,0.785936912158,0.396641451468,2.18653061224,1.98147951821,0.785936912158,2.18653061224,0.456493016787,0.454374412041,161,0.121052631579,0.398438786394,21,21,21,1,0,0.333333333333,0.619047619048,0.047619047619,21,140,0.333333333333,2.04864868817,13.3333333333,10.7692307692,6.66666666667,4.96319789383,0.372239842037,0.201020408163,6.20752231839,0.931128347759,0.498639455782,3.49761823722,0.524642735583,0.289115646259,0.867107482675,0.423258261741,1.9793776326,2.04864868817,0.867107482675,1.9793776326,0.630497078396,0.646302250804,335,0.251879699248,0.440628203331,21,21,21,1,0,0.380952380952,0.619047619048,0,34,0.0809523809524,0.0671691699595,3.2380952381,3.1978021978,1.36666666667,1.37286696334,0.0165938536392,0.0231228340393,1.16295900254,-0.068266271419,-0.0368502117828,-0.432727682368,-0.254010701316,-0.125978693364,0.0811705705168,0.0266168102735,-0.20715297964,0.0671691699595,0.0811705705168,-0.20715297964,0.174004061609,0.191927838762,174,0.130827067669,0.0421894169368,0.047619047619,0,-0.047619047619,104,36,2,278,0.981132075472,0.885350318471,0.114649681529,0.0188679245283,0.742857142857,0.981132075472,0.845528455285,0.798425623051,0.866482393943,0.732394366197,77,43,0,0,0,0
282,WLNM_dir_neg,0.787182260681,0.231264661391,00:00:01,10,60,32,1290530123,fixed,0.5,0.474358974359,0.860465116279,0.611570247934,37,41,6,45,0.860465116279,0.523255813953,0.476744186047,0.139534883721,0.474358974359,0.860465116279,0.611570247934,0.635658914729,0.46511627907,0.31884057971,0.369970036698,0.383720930233,106,63,43,0,106,0,63,0,43,21,106,0.252380952381,1.98147951821,10.0952380952,7.57142857143,5.3,3.5903309305,0.355645988398,0.177897574124,5.04456331585,0.999394619178,0.535489667565,3.93034591959,0.778653436899,0.415094339623,0.785936912158,0.396641451468,2.18653061224,1.98147951821,0.785936912158,2.18653061224,0.456493016787,0.454374412041,161,0.121052631579,0.398438786394,21,21,21,1,0,0.333333333333,0.619047619048,0.047619047619,21,141,0.335714285714,2.01357459856,13.4285714286,10.8461538462,6.71428571429,5.81008974605,0.432666257684,0.235055724417,6.61923603706,0.985843665094,0.534278959811,3.19597961731,0.475996964281,0.25599459642,0.874879884635,0.434490922392,2.16293838674,2.01357459856,0.874879884635,2.16293838674,0.720612328848,0.689569019363,368,0.276691729323,0.422765122371,21,21,21,1,0,0.380952380952,0.619047619048,0,35,0.0833333333333,0.0320950803486,3.33333333333,3.27472527473,1.41428571429,2.21975881555,0.0770202692863,0.0571581502934,1.57467272121,-0.0135509540841,-0.00121070775426,-0.734366302274,-0.302656472619,-0.159099743203,0.0889429724768,0.0378494709244,-0.0235922255004,0.0320950803486,0.0889429724768,-0.0235922255004,0.26411931206,0.235194607322,207,0.155639097744,0.0243263359769,0.047619047619,0,-0.047619047619,100,41,6,273,0.943396226415,0.869426751592,0.130573248408,0.0566037735849,0.709219858156,0.943396226415,0.80971659919,0.747656427194,0.812822978007,0.680272108844,78,43,0,0,0,0
283,WLNM_dir_neg,0.77055164954,0.488346293043,00:00:01,10,60,33,1290530124,fixed,0.5,0.44578313253,0.860465116279,0.587301587302,37,46,6,40,0.860465116279,0.46511627907,0.53488372093,0.139534883721,0.44578313253,0.860465116279,0.587301587302,0.596899224806,0.452196382429,0.264150943396,0.320424024986,0.325581395349,106,63,43,0,106,0,63,0,43,21,106,0.252380952381,1.98147951821,10.0952380952,7.57142857143,5.3,3.5903309305,0.355645988398,0.177897574124,5.04456331585,0.999394619178,0.535489667565,3.93034591959,0.778653436899,0.415094339623,0.785936912158,0.396641451468,2.18653061224,1.98147951821,0.785936912158,2.18653061224,0.456493016787,0.454374412041,161,0.121052631579,0.398438786394,21,21,21,1,0,0.333333333333,0.619047619048,0.047619047619,21,146,0.347619047619,2.19158884234,13.9047619048,10.4285714286,6.95238095238,5.10788372915,0.367347802439,0.197977821265,6.64436746783,0.955696690579,0.519895629485,3.00792603759,0.432646895818,0.237442922374,0.922166786804,0.420775452488,2.371640002,2.19158884234,0.922166786804,2.371640002,0.718707136885,0.670960187354,382,0.287218045113,0.361501768776,21,21,21,1,0,0.333333333333,0.666666666667,0,40,0.0952380952381,0.210109324129,3.80952380952,2.85714285714,1.65238095238,1.51755279865,0.0117018140404,0.0200802471415,1.59980415198,-0.0436979285989,-0.0155940380805,-0.922419881996,-0.346006541082,-0.177651417248,0.136229874647,0.0241340010204,0.185109389759,0.210109324129,0.136229874647,0.185109389759,0.262214120098,0.216585775312,221,0.166165413534,-0.0369370176182,0,0.047619047619,-0.047619047619,100,46,6,268,0.943396226415,0.853503184713,0.146496815287,0.0566037735849,0.684931506849,0.943396226415,0.793650793651,0.726891437839,0.796899411128,0.657894736842,83,43,0,0,0,0
284,WLNM_dir_neg,0.679286100595,0.324384021992,00:00:01,10,60,34,1290530125,fixed,0.5,0.449275362319,0.720930232558,0.553571428571,31,38,12,48,0.720930232558,0.558139534884,0.441860465116,0.279069767442,0.449275362319,0.720930232558,0.553571428571,0.612403100775,0.488372093023,0.242424242424,0.263752189358,0.279069767442,106,63,43,0,106,0,63,0,43,21,106,0.252380952381,1.98147951821,10.0952380952,7.57142857143,5.3,3.5903309305,0.355645988398,0.177897574124,5.04456331585,0.999394619178,0.535489667565,3.93034591959,0.778653436899,0.415094339623,0.785936912158,0.396641451468,2.18653061224,1.98147951821,0.785936912158,2.18653061224,0.456493016787,0.454374412041,161,0.121052631579,0.398438786394,21,21,21,1,0,0.333333333333,0.619047619048,0.047619047619,21,132,0.314285714286,2.97010741196,12.5714285714,8.8,6.28571428571,5.27798662912,0.419839845498,0.22619047619,6.19792592036,0.986033669148,0.528138528139,3.57970469652,0.569498474446,0.313131313131,1.31575451188,0.442998965822,3.39555182904,2.97010741196,1.31575451188,3.39555182904,0.665373016217,0.634459459459,313,0.235338345865,0.324902493693,21,21,21,1,0,0.285714285714,0.714285714286,0,26,0.0619047619048,0.988627893741,2.47619047619,1.22857142857,0.985714285714,1.68765569862,0.0641938570998,0.0482929020665,1.15336260451,-0.0133609500294,-0.00735113942661,-0.350641223068,-0.209154962453,-0.101963026491,0.52981759972,0.0463575143548,1.2090212168,0.988627893741,0.52981759972,1.2090212168,0.20887999943,0.180085047418,152,0.114285714286,-0.073536292701,-0.047619047619,0.0952380952381,-0.047619047619,94,38,12,276,0.88679245283,0.87898089172,0.12101910828,0.11320754717,0.712121212121,0.88679245283,0.789915966387,0.716530682973,0.76577334455,0.652777777778,69,43,0,0,0,0
285,WLNM_dir_neg,0.727825851812,0.234725289623,00:00:02,10,60,35,1290530126,fixed,0.5,0.479452054795,0.813953488372,0.603448275862,35,38,8,48,0.813953488372,0.558139534884,0.441860465116,0.186046511628,0.479452054795,0.813953488372,0.603448275862,0.643410852713,0.478036175711,0.316831683168,0.353899164163,0.372093023256,106,63,43,0,106,0,63,0,43,21,106,0.252380952381,1.98147951821,10.0952380952,7.57142857143,5.3,3.5903309305,0.355645988398,0.177897574124,5.04456331585,0.999394619178,0.535489667565,3.93034591959,0.778653436899,0.415094339623,0.785936912158,0.396641451468,2.18653061224,1.98147951821,0.785936912158,2.18653061224,0.456493016787,0.454374412041,161,0.121052631579,0.398438786394,21,21,21,1,0,0.333333333333,0.619047619048,0.047619047619,21,136,0.32380952381,2.12386771177,12.9523809524,9.71428571429,6.47619047619,4.80079358519,0.370649504739,0.203081232493,6.3531019795,0.980993688011,0.524509803922,3.37074246449,0.520482292311,0.283613445378,0.868626078272,0.408983136501,2.10813341324,2.12386771177,0.868626078272,2.10813341324,0.662131029568,0.630136986301,322,0.242105263158,0.350414163146,21,21,21,1,0,0.333333333333,0.666666666667,0,30,0.0714285714286,0.142388193554,2.85714285714,2.14285714286,1.17619047619,1.2104626547,0.0150035163409,0.025183658369,1.30853866365,-0.0184009311671,-0.0109798636436,-0.559603455099,-0.258171144589,-0.131480894244,0.0826891661138,0.0123416850331,-0.0783971990074,0.142388193554,0.0826891661138,-0.0783971990074,0.205638012781,0.17576257426,161,0.121052631579,-0.0480246232483,0,0.047619047619,-0.047619047619,98,38,8,276,0.924528301887,0.87898089172,0.12101910828,0.0754716981132,0.720588235294,0.924528301887,0.809917355372,0.745898927518,0.803509193607,0.680555555556,73,43,0,0,0,0
286,WLNM_dir_neg,0.816792861006,0.157438820271,00:00:00,10,60,36,1290530127,fixed,0.5,0.460674157303,0.953488372093,0.621212121212,41,48,2,38,0.953488372093,0.441860465116,0.558139534884,0.046511627907,0.460674157303,0.953488372093,0.621212121212,0.612403100775,0.43669250646,0.311926605505,0.402938643669,0.395348837209,106,63,43,0,106,0,63,0,43,21,106,0.252380952381,1.98147951821,10.0952380952,7.57142857143,5.3,3.5903309305,0.355645988398,0.177897574124,5.04456331585,0.999394619178,0.535489667565,3.93034591959,0.778653436899,0.415094339623,0.785936912158,0.396641451468,2.18653061224,1.98147951821,0.785936912158,2.18653061224,0.456493016787,0.454374412041,161,0.121052631579,0.398438786394,21,21,21,1,0,0.333333333333,0.619047619048,0.047619047619,21,152,0.361904761905,2.14602585983,14.4761904762,10.8571428571,7.2380952381,4.70764322798,0.325199038775,0.179197994987,6.56433364406,0.906914516613,0.49686716792,3.23890046011,0.44747966883,0.245614035088,0.880294773604,0.410197654222,2.41323639577,2.14602585983,0.880294773604,2.41323639577,0.685444364226,0.668136714443,404,0.303759398496,0.404886183922,21,21,21,1,0,0.333333333333,0.666666666667,0,46,0.109523809524,0.164546341621,4.38095238095,3.28571428571,1.9380952381,1.11731229748,-0.0304469496236,0.00130042086348,1.51977032821,-0.0924801025649,-0.0386224996453,-0.691445459481,-0.331173768069,-0.169480304535,0.0943578614467,0.0135562027546,0.22670578352,0.164546341621,0.0943578614467,0.22670578352,0.228951347439,0.213762302402,243,0.182706766917,0.00644739752776,0,0.047619047619,-0.047619047619,104,48,2,266,0.981132075472,0.847133757962,0.152866242038,0.0188679245283,0.684210526316,0.981132075472,0.806201550388,0.748683587047,0.828265833433,0.675324675325,89,43,0,0,0,0
287,WLNM_dir_neg,0.767306652244,0.351939512228,00:00:01,10,60,37,1290530128,fixed,0.5,0.534482758621,0.720930232558,0.613861386139,31,27,12,59,0.720930232558,0.686046511628,0.313953488372,0.279069767442,0.534482758621,0.720930232558,0.613861386139,0.697674418605,0.516795865633,0.374331550802,0.385664687381,0.406976744186,106,63,43,0,106,0,63,0,43,21,106,0.252380952381,1.98147951821,10.0952380952,7.57142857143,5.3,3.5903309305,0.355645988398,0.177897574124,5.04456331585,0.999394619178,0.535489667565,3.93034591959,0.778653436899,0.415094339623,0.785936912158,0.396641451468,2.18653061224,1.98147951821,0.785936912158,2.18653061224,0.456493016787,0.454374412041,161,0.121052631579,0.398438786394,21,21,21,1,0,0.333333333333,0.619047619048,0.047619047619,21,121,0.288095238095,2.0467788886,11.5238095238,8.64285714286,5.7619047619,5.21170843025,0.452255690228,0.241637150728,6.42576658388,1.11521568811,0.586383313656,3.12897366408,0.543045016079,0.285714285714,0.828370059133,0.404718879869,2.11666733337,2.0467788886,0.828370059133,2.11666733337,0.707388433229,0.616863905325,278,0.209022556391,0.317665072409,21,21,21,1,0,0.333333333333,0.666666666667,0,15,0.0357142857143,0.0652993703836,1.42857142857,1.07142857143,0.461904761905,1.62137749975,0.0966097018298,0.0637395766041,1.38120326803,0.115821068933,0.0508936460909,-0.801372255512,-0.23560842082,-0.129380053908,0.0424331469753,0.00807742840154,-0.0698632788762,0.0652993703836,0.0424331469753,-0.0698632788762,0.250895416442,0.162489493284,117,0.087969924812,-0.0807737139853,0,0.047619047619,-0.047619047619,94,27,12,287,0.88679245283,0.914012738854,0.0859872611465,0.11320754717,0.776859504132,0.88679245283,0.828193832599,0.768097510295,0.800805191684,0.706766917293,58,43,0,0,0,0
288,WLNM_dir_neg,0.806652244456,0.405328800867,00:00:01,10,60,38,1290530129,fixed,0.5,0.513888888889,0.860465116279,0.64347826087,37,35,6,51,0.860465116279,0.593023255814,0.406976744186,0.139534883721,0.513888888889,0.860465116279,0.64347826087,0.682170542636,0.480620155039,0.388059701493,0.430473016046,0.453488372093,106,63,43,0,106,0,63,0,43,21,106,0.252380952381,1.98147951821,10.0952380952,7.57142857143,5.3,3.5903309305,0.355645988398,0.177897574124,5.04456331585,0.999394619178,0.535489667565,3.93034591959,0.778653436899,0.415094339623,0.785936912158,0.396641451468,2.18653061224,1.98147951821,0.785936912158,2.18653061224,0.456493016787,0.454374412041,161,0.121052631579,0.398438786394,21,21,21,1,0,0.333333333333,0.619047619048,0.047619047619,21,135,0.321428571429,2.17381724696,12.8571428571,9,6.75,4.01603927129,0.312358609989,0.167195767196,5.85296017902,0.910460472291,0.49594356261,3.44342022663,0.535643146364,0.289241622575,0.831620659811,0.382562361658,2.44707297393,2.17381724696,0.831620659811,2.44707297393,0.58678789309,0.585317460317,295,0.221804511278,0.334802455477,21,21,21,1,0,0.285714285714,0.666666666667,0.047619047619,29,0.0690476190476,0.192337728747,2.7619047619,1.42857142857,1.45,0.425708340797,-0.0432873784087,-0.0107018069282,0.808396863166,-0.0889341468865,-0.0395461049549,-0.486925692961,-0.243010290535,-0.125852717048,0.0456837476533,-0.0140790898093,0.260542361685,0.192337728747,0.0456837476533,0.260542361685,0.130294876303,0.130943048276,134,0.100751879699,-0.0636363309169,-0.047619047619,0.047619047619,0,100,35,6,279,0.943396226415,0.888535031847,0.111464968153,0.0566037735849,0.740740740741,0.943396226415,0.829875518672,0.773777121794,0.831931258262,0.709219858156,72,43,0,0,0,0
289,WLNM_dir_neg,0.845051379124,0.383658080443,00:00:01,10,60,39,1290530130,fixed,0.5,0.512195121951,0.976744186047,0.672,42,40,1,46,0.976744186047,0.53488372093,0.46511627907,0.0232558139535,0.512195121951,0.976744186047,0.672,0.682170542636,0.454780361757,0.417061611374,0.501166257902,0.511627906977,106,63,43,0,106,0,63,0,43,21,106,0.252380952381,1.98147951821,10.0952380952,7.57142857143,5.3,3.5903309305,0.355645988398,0.177897574124,5.04456331585,0.999394619178,0.535489667565,3.93034591959,0.778653436899,0.415094339623,0.785936912158,0.396641451468,2.18653061224,1.98147951821,0.785936912158,2.18653061224,0.456493016787,0.454374412041,161,0.121052631579,0.398438786394,21,21,21,1,0,0.333333333333,0.619047619048,0.047619047619,21,145,0.345238095238,2.14194756849,13.8095238095,10.3571428571,6.90476190476,4.99618902384,0.361792998278,0.194088669951,6.41018534759,0.92837167103,0.507060755337,3.38976049161,0.490930829819,0.267323481117,0.87210593684,0.407155595061,2.17846055451,2.14194756849,0.87210593684,2.17846055451,0.631608948327,0.641392169049,344,0.258646616541,0.393335896923,21,21,21,1,0,0.333333333333,0.666666666667,0,39,0.0928571428571,0.160468050281,3.71428571429,2.78571428571,1.60476190476,1.40585809334,0.00614700987963,0.0161910958267,1.36562203174,-0.0710229481473,-0.0284289122285,-0.540585427978,-0.28772260708,-0.147770858506,0.0861690246819,0.0105141435933,-0.00807005773317,0.160468050281,0.0861690246819,-0.00807005773317,0.17511593154,0.187017757008,183,0.137593984962,-0.00510288947077,0,0.047619047619,-0.047619047619,105,40,1,274,0.990566037736,0.872611464968,0.127388535032,0.00943396226415,0.724137931034,0.990566037736,0.836653386454,0.788619517664,0.863177502704,0.719178082192,82,43,0,0,0,0
290,WLNM_dir_neg,0.70700378583,0.519861539302,00:00:01,10,60,40,1290530131,fixed,0.5,0.476923076923,0.720930232558,0.574074074074,31,34,12,52,0.720930232558,0.604651162791,0.395348837209,0.279069767442,0.476923076923,0.720930232558,0.574074074074,0.643410852713,0.498708010336,0.288659793814,0.306970306757,0.325581395349,106,63,43,0,106,0,63,0,43,21,106,0.252380952381,1.98147951821,10.0952380952,7.57142857143,5.3,3.5903309305,0.355645988398,0.177897574124,5.04456331585,0.999394619178,0.535489667565,3.93034591959,0.778653436899,0.415094339623,0.785936912158,0.396641451468,2.18653061224,1.98147951821,0.785936912158,2.18653061224,0.456493016787,0.454374412041,161,0.121052631579,0.398438786394,21,21,21,1,0,0.333333333333,0.619047619048,0.047619047619,21,128,0.304761904762,1.84424823931,12.1904761905,11.6363636364,6.09523809524,5.81909827739,0.477347905567,0.261160714286,6.48000587889,1.06312596451,0.563988095238,3.01504165651,0.494655271771,0.274553571429,0.843161073346,0.457184155243,2.11528086836,1.84424823931,0.843161073346,2.11528086836,0.646302890436,0.597274791824,263,0.197744360902,0.495112803433,21,21,21,1,0,0.47619047619,0.52380952381,0,22,0.052380952381,-0.137231278907,2.09523809524,4.06493506494,0.795238095238,2.22876734689,0.121701917169,0.0832631401617,1.43544256304,0.0637313453279,0.028498427673,-0.91530426308,-0.283998165129,-0.140540768194,0.0572241611886,0.0605427037756,-0.0712497438817,-0.137231278907,0.0572241611886,-0.0712497438817,0.189809873649,0.142900379783,102,0.0766917293233,0.0966740170394,0.142857142857,-0.0952380952381,-0.047619047619,94,34,12,280,0.88679245283,0.891719745223,0.108280254777,0.11320754717,0.734375,0.88679245283,0.803418803419,0.734660631496,0.778512198053,0.671428571429,65,43,0,0,0,0
291,WLNM_dir_neg,0.802731206057,0.52837411717,00:00:02,10,60,41,1290530132,fixed,0.5,0.472972972973,0.813953488372,0.598290598291,35,39,8,47,0.813953488372,0.546511627907,0.453488372093,0.186046511628,0.472972972973,0.813953488372,0.598290598291,0.635658914729,0.475452196382,0.305418719212,0.343597101354,0.360465116279,106,63,43,0,106,0,63,0,43,21,106,0.252380952381,1.98147951821,10.0952380952,7.57142857143,5.3,3.5903309305,0.355645988398,0.177897574124,5.04456331585,0.999394619178,0.535489667565,3.93034591959,0.778653436899,0.415094339623,0.785936912158,0.396641451468,2.18653061224,1.98147951821,0.785936912158,2.18653061224,0.456493016787,0.454374412041,161,0.121052631579,0.398438786394,21,21,21,1,0,0.333333333333,0.619047619048,0.047619047619,21,137,0.32619047619,2.2399431195,13.0476190476,9.78571428571,6.52380952381,5.22949510446,0.400800719685,0.215849843587,6.20176626147,0.950635704313,0.516510253737,3.40028010051,0.521210818326,0.284323948558,0.965856105093,0.431196710616,2.84650391085,2.2399431195,0.965856105093,2.84650391085,0.662968373052,0.623663101604,311,0.233834586466,0.363784602768,21,21,21,1,0,0.333333333333,0.666666666667,0,31,0.0738095238095,0.258463601281,2.95238095238,2.21428571429,1.22380952381,1.63916417397,0.0451547312871,0.0379522694631,1.15720294562,-0.0487589148649,-0.0189794138286,-0.53006581908,-0.257442618574,-0.130770391065,0.179919192935,0.0345552591482,0.659973298607,0.258463601281,0.179919192935,0.659973298607,0.206475356265,0.169288689563,150,0.112781954887,-0.0346541836255,0,0.047619047619,-0.047619047619,98,39,8,275,0.924528301887,0.875796178344,0.124203821656,0.0754716981132,0.715328467153,0.924528301887,0.80658436214,0.741532784234,0.800324480231,0.675862068966,74,43,0,0,0,0
292,WLNM_dir_neg,0.79502433748,0.124856205349,00:00:01,10,60,42,1290530133,fixed,0.5,0.546875,0.813953488372,0.654205607477,35,29,8,57,0.813953488372,0.662790697674,0.337209302326,0.186046511628,0.546875,0.813953488372,0.654205607477,0.713178294574,0.501291989664,0.424870466321,0.449492234895,0.476744186047,106,63,43,0,106,0,63,0,43,21,106,0.252380952381,1.98147951821,10.0952380952,7.57142857143,5.3,3.5903309305,0.355645988398,0.177897574124,5.04456331585,0.999394619178,0.535489667565,3.93034591959,0.778653436899,0.415094339623,0.785936912158,0.396641451468,2.18653061224,1.98147951821,0.785936912158,2.18653061224,0.456493016787,0.454374412041,161,0.121052631579,0.398438786394,21,21,21,1,0,0.333333333333,0.619047619048,0.047619047619,21,127,0.302380952381,1.87588762857,12.0952380952,9.76923076923,6.35,4.77393717915,0.394695593552,0.216722909636,6.10308274953,1.00917116331,0.544431946007,3.89199422502,0.643558100201,0.338207724034,0.747110933979,0.398270622717,1.77967522607,1.87588762857,0.747110933979,1.77967522607,0.621054824416,0.598296664301,281,0.211278195489,0.470293090497,21,21,21,1,0,0.380952380952,0.571428571429,0.047619047619,21,0.05,-0.105591889642,2,2.1978021978,1.05,1.18360624865,0.0390496051536,0.0388253355123,1.05851943368,0.0097765441304,0.00894227844161,-0.0383516945638,-0.135095336699,-0.0768866155881,-0.038825978179,0.00162917124955,-0.406855386176,-0.105591889642,-0.038825978179,-0.406855386176,0.164561807629,0.14392225226,120,0.0902255639098,0.0718543041035,0.047619047619,-0.047619047619,0,98,29,8,285,0.924528301887,0.907643312102,0.0923566878981,0.0754716981132,0.771653543307,0.924528301887,0.841201716738,0.787036698838,0.832171613989,0.725925925926,64,43,0,0,0,0
293,WLNM_dir_neg,0.78893996755,0.147875926409,00:00:02,10,60,43,1290530134,fixed,0.5,0.431818181818,0.883720930233,0.580152671756,38,50,5,36,0.883720930233,0.418604651163,0.581395348837,0.116279069767,0.431818181818,0.883720930233,0.580152671756,0.573643410853,0.439276485788,0.239631336406,0.306073046076,0.302325581395,106,63,43,0,106,0,63,0,43,21,106,0.252380952381,1.98147951821,10.0952380952,7.57142857143,5.3,3.5903309305,0.355645988398,0.177897574124,5.04456331585,0.999394619178,0.535489667565,3.93034591959,0.778653436899,0.415094339623,0.785936912158,0.396641451468,2.18653061224,1.98147951821,0.785936912158,2.18653061224,0.456493016787,0.454374412041,161,0.121052631579,0.398438786394,21,21,21,1,0,0.333333333333,0.619047619048,0.047619047619,21,151,0.359523809524,2.32047218005,14.380952381,10.7857142857,7.19047619048,4.44382932251,0.309007999248,0.170923998739,6.37666878252,0.88682148631,0.474929044465,3.1244047052,0.434519859664,0.239041311889,1.00846931186,0.434596596558,2.68935506758,2.32047218005,1.00846931186,2.68935506758,0.653525551635,0.646757679181,379,0.284962406015,0.385869158918,21,21,21,1,0,0.333333333333,0.666666666667,0,45,0.107142857143,0.338992661839,4.28571428571,3.21428571429,1.89047619048,0.853498392016,-0.0466379891507,-0.00697357538542,1.33210546667,-0.112573132868,-0.0605606230997,-0.805941214383,-0.344133577235,-0.176053027734,0.2225323997,0.0379551450902,0.502824455336,0.338992661839,0.2225323997,0.502824455336,0.197032534848,0.192383267139,218,0.163909774436,-0.0125696274754,0,0.047619047619,-0.047619047619,101,50,5,264,0.952830188679,0.84076433121,0.15923566879,0.0471698113208,0.668874172185,0.952830188679,0.785992217899,0.71837598097,0.793594519889,0.647435897436,88,43,0,0,0,0
294,WLNM_dir_neg,0.774878312601,0.431307138612,00:00:02,10,60,44,1290530135,fixed,0.5,0.5,0.744186046512,0.598130841121,32,32,11,54,0.744186046512,0.627906976744,0.372093023256,0.255813953488,0.5,0.744186046512,0.598130841121,0.666666666667,0.501291989664,0.331606217617,0.350823207723,0.372093023256,106,63,43,0,106,0,63,0,43,21,106,0.252380952381,1.98147951821,10.0952380952,7.57142857143,5.3,3.5903309305,0.355645988398,0.177897574124,5.04456331585,0.999394619178,0.535489667565,3.93034591959,0.778653436899,0.415094339623,0.785936912158,0.396641451468,2.18653061224,1.98147951821,0.785936912158,2.18653061224,0.456493016787,0.454374412041,161,0.121052631579,0.398438786394,21,21,21,1,0,0.333333333333,0.619047619048,0.047619047619,21,127,0.302380952381,2.33995147591,12.0952380952,9.07142857143,6.04761904762,4.71067682934,0.38946540715,0.209973753281,5.98728812131,0.99002402006,0.535433070866,3.51391790565,0.581041543453,0.322459692538,1.03738780836,0.443337316622,3.08757043542,2.33995147591,1.03738780836,3.08757043542,0.606400843166,0.594319009468,272,0.204511278195,0.346344726371,21,21,21,1,0,0.333333333333,0.666666666667,0,21,0.05,0.358471957699,2,1.5,0.747619047619,1.12034589884,0.0338194187519,0.0320761791569,0.942724805463,-0.00937059911814,-5.65966989976e-05,-0.416428013942,-0.197611893446,-0.0926346470842,0.2514508962,0.0466958651546,0.901039823175,0.358471957699,0.2514508962,0.901039823175,0.149907826378,0.139944597427,111,0.0834586466165,-0.0520940600224,0,0.047619047619,-0.047619047619,95,32,11,282,0.896226415094,0.898089171975,0.101910828025,0.103773584906,0.748031496063,0.896226415094,0.815450643777,0.751233888508,0.794315587069,0.688405797101,64,43,0,0,0,0
295,WLNM_dir_neg,0.6106003245,0.196543671075,00:00:00,10,60,45,1290530136,fixed,0.5,0.386666666667,0.674418604651,0.491525423729,29,46,14,40,0.674418604651,0.46511627907,0.53488372093,0.325581395349,0.386666666667,0.674418604651,0.491525423729,0.53488372093,0.472868217054,0.117647058824,0.133333333333,0.139534883721,106,63,43,0,106,0,63,0,43,21,106,0.252380952381,1.98147951821,10.0952380952,7.57142857143,5.3,3.5903309305,0.355645988398,0.177897574124,5.04456331585,0.999394619178,0.535489667565,3.93034591959,0.778653436899,0.415094339623,0.785936912158,0.396641451468,2.18653061224,1.98147951821,0.785936912158,2.18653061224,0.456493016787,0.454374412041,161,0.121052631579,0.398438786394,21,21,21,1,0,0.333333333333,0.619047619048,0.047619047619,21,138,0.328571428571,2.25151979237,13.1428571429,10.6153846154,6.57142857143,6.1990782725,0.471668998995,0.25983436853,6.94673612981,1.05711201975,0.565907522429,1.98925686052,0.302713000515,0.156659765355,1.04933156165,0.466054780065,2.58011972749,2.25151979237,1.04933156165,2.58011972749,0.684509262749,0.600858369099,280,0.210526315789,0.323753856498,21,21,21,1,0,0.380952380952,0.619047619048,0,32,0.0761904761905,0.270040274159,3.04761904762,3.04395604396,1.27142857143,2.608747342,0.116023010596,0.081936794406,1.90217281396,0.0577174005752,0.0304178548641,-1.94108905906,-0.475940436385,-0.258434574267,0.263394649488,0.0694133285972,0.393589115245,0.270040274159,0.263394649488,0.393589115245,0.228016245962,0.146483957057,119,0.0894736842105,-0.0746849298956,0.047619047619,0,-0.047619047619,92,46,14,268,0.867924528302,0.853503184713,0.146496815287,0.132075471698,0.666666666667,0.867924528302,0.754098360656,0.667185317926,0.721427713015,0.605263157895,75,43,0,0,0,0
296,WLNM_dir_neg,0.801108707409,0.499700915474,00:00:01,10,60,46,1290530137,fixed,0.5,0.492753623188,0.790697674419,0.607142857143,34,35,9,51,0.790697674419,0.593023255814,0.406976744186,0.209302325581,0.492753623188,0.790697674419,0.607142857143,0.658914728682,0.488372093023,0.333333333333,0.362659260368,0.383720930233,106,63,43,0,106,0,63,0,43,21,106,0.252380952381,1.98147951821,10.0952380952,7.57142857143,5.3,3.5903309305,0.355645988398,0.177897574124,5.04456331585,0.999394619178,0.535489667565,3.93034591959,0.778653436899,0.415094339623,0.785936912158,0.396641451468,2.18653061224,1.98147951821,0.785936912158,2.18653061224,0.456493016787,0.454374412041,161,0.121052631579,0.398438786394,21,21,21,1,0,0.333333333333,0.619047619048,0.047619047619,21,132,0.314285714286,2.08472365307,12.5714285714,9.42857142857,6.28571428571,4.98569381903,0.396589281059,0.218253968254,6.0344250525,0.960022167444,0.520923520924,3.53755363412,0.56279262361,0.289321789322,0.850719941114,0.408073242638,2.34889176921,2.08472365307,0.850719941114,2.34889176921,0.65221406274,0.628532046864,304,0.228571428571,0.397206820735,21,21,21,1,0,0.333333333333,0.666666666667,0,26,0.0619047619048,0.103244134858,2.47619047619,1.85714285714,0.985714285714,1.39536288854,0.0409432926612,0.04035639413,0.989861736654,-0.039372451734,-0.0145661466416,-0.392792285466,-0.215860813289,-0.125772550301,0.0647830289558,0.0114317911705,0.162361156968,0.103244134858,0.0647830289558,0.162361156968,0.195721045953,0.174157634823,143,0.107518796992,-0.00123196565887,0,0.047619047619,-0.047619047619,97,35,9,279,0.915094339623,0.888535031847,0.111464968153,0.0849056603774,0.734848484848,0.915094339623,0.81512605042,0.751952397527,0.80362937147,0.687943262411,69,43,0,0,0,0
297,WLNM_dir_neg,0.712006489995,0.446356498996,00:00:02,10,60,47,1290530138,fixed,0.5,0.454545454545,0.697674418605,0.550458715596,30,36,13,50,0.697674418605,0.581395348837,0.418604651163,0.302325581395,0.454545454545,0.697674418605,0.550458715596,0.62015503876,0.496124031008,0.246153846154,0.263180677984,0.279069767442,106,63,43,0,106,0,63,0,43,21,106,0.252380952381,1.98147951821,10.0952380952,7.57142857143,5.3,3.5903309305,0.355645988398,0.177897574124,5.04456331585,0.999394619178,0.535489667565,3.93034591959,0.778653436899,0.415094339623,0.785936912158,0.396641451468,2.18653061224,1.98147951821,0.785936912158,2.18653061224,0.456493016787,0.454374412041,161,0.121052631579,0.398438786394,21,21,21,1,0,0.333333333333,0.619047619048,0.047619047619,21,129,0.307142857143,2.10036525175,12.2857142857,9.92307692308,6.14285714286,5.31171212645,0.432348661455,0.236618678479,6.5060411487,1.0591229777,0.568475452196,2.98807152334,0.486430247985,0.267995570321,0.930867398354,0.44319310538,2.6089759684,2.10036525175,0.930867398354,2.6089759684,0.685208321663,0.622521246459,293,0.22030075188,0.355669257313,21,21,21,1,0,0.380952380952,0.619047619048,0,23,0.0547619047619,0.118885733531,2.19047619048,2.35164835165,0.842857142857,1.72138119595,0.0767026730571,0.0587211043552,1.46147783285,0.0597283585175,0.0329857846312,-0.942274396252,-0.292223188915,-0.147098769301,0.144930486197,0.0465516539129,0.422445356159,0.118885733531,0.144930486197,0.422445356159,0.228715304876,0.168146834418,132,0.0992481203008,-0.0427695290813,0.047619047619,0,-0.047619047619,93,36,13,278,0.877358490566,0.885350318471,0.114649681529,0.122641509434,0.720930232558,0.877358490566,0.791489361702,0.718183080385,0.762708809037,0.654929577465,66,43,0,0,0,0
298,WLNM_dir_neg,0.747295835587,0.128877493234,00:00:01,10,60,48,1290530139,fixed,0.5,0.464285714286,0.906976744186,0.614173228346,39,45,4,41,0.906976744186,0.476744186047,0.523255813953,0.093023255814,0.464285714286,0.906976744186,0.614173228346,0.62015503876,0.449612403101,0.30985915493,0.379536057638,0.383720930233,106,63,43,0,106,0,63,0,43,21,106,0.252380952381,1.98147951821,10.0952380952,7.57142857143,5.3,3.5903309305,0.355645988398,0.177897574124,5.04456331585,0.999394619178,0.535489667565,3.93034591959,0.778653436899,0.415094339623,0.785936912158,0.396641451468,2.18653061224,1.98147951821,0.785936912158,2.18653061224,0.456493016787,0.454374412041,161,0.121052631579,0.398438786394,21,21,21,1,0,0.333333333333,0.619047619048,0.047619047619,21,147,0.35,2.30231326455,14,10.5,7,5.26307894678,0.375934210484,0.207644962747,6.69328021227,0.956182887468,0.518950437318,2.62678510731,0.37525501533,0.201490119857,0.992978084866,0.431295818929,2.62227561004,2.30231326455,0.992978084866,2.62227561004,0.728861583483,0.679048171793,390,0.293233082707,0.336998428232,21,21,21,1,0,0.333333333333,0.666666666667,0,41,0.097619047619,0.320833746337,3.90476190476,2.92857142857,1.7,1.67274801628,0.0202882220858,0.029747388623,1.64871689642,-0.0432117317103,-0.0165392302474,-1.30356081227,-0.403398421569,-0.213604219765,0.207041172709,0.0346543674618,0.435744997792,0.320833746337,0.207041172709,0.435744997792,0.272368566696,0.224673759752,229,0.172180451128,-0.0614403581615,0,0.047619047619,-0.047619047619,102,45,4,269,0.962264150943,0.856687898089,0.143312101911,0.0377358490566,0.69387755102,0.962264150943,0.806324110672,0.745823802761,0.818952049033,0.675496688742,84,43,0,0,0,0
299,WLNM_dir_neg,0.787047052461,0.292386971787,00:00:01,10,60,49,1290530140,fixed,0.5,0.545454545455,0.837209302326,0.660550458716,36,30,7,56,0.837209302326,0.651162790698,0.348837209302,0.162790697674,0.545454545455,0.837209302326,0.660550458716,0.713178294574,0.496124031008,0.430769230769,0.460566186472,0.488372093023,106,63,43,0,106,0,63,0,43,21,106,0.252380952381,1.98147951821,10.0952380952,7.57142857143,5.3,3.5903309305,0.355645988398,0.177897574124,5.04456331585,0.999394619178,0.535489667565,3.93034591959,0.778653436899,0.415094339623,0.785936912158,0.396641451468,2.18653061224,1.98147951821,0.785936912158,2.18653061224,0.456493016787,0.454374412041,161,0.121052631579,0.398438786394,21,21,21,1,0,0.333333333333,0.619047619048,0.047619047619,21,129,0.307142857143,1.99044017952,12.2857142857,9.21428571429,6.14285714286,4.9106298694,0.399702431231,0.206718346253,6.49065261962,1.05661786831,0.5596160945,3.36579432357,0.547920006162,0.285714285714,0.775013998138,0.389368143847,2.00052112717,1.99044017952,0.775013998138,2.00052112717,0.614297563789,0.576843556168,279,0.20977443609,0.376968580955,21,21,21,1,0,0.333333333333,0.666666666667,0,23,0.0547619047619,0.00896066130336,2.19047619048,1.64285714286,0.842857142857,1.32029893891,0.0440564428324,0.0288207721292,1.44608930377,0.0572232491323,0.0241264269347,-0.564551596018,-0.230733430737,-0.129380053908,-0.01092291402,-0.00727330762032,-0.186009485076,0.00896066130336,-0.01092291402,-0.186009485076,0.157804547002,0.122469144127,118,0.0887218045113,-0.0214702054392,0,0.047619047619,-0.047619047619,99,30,7,284,0.933962264151,0.904458598726,0.0955414012739,0.0660377358491,0.767441860465,0.933962264151,0.842553191489,0.789475184796,0.838420862877,0.727941176471,66,43,0,0,0,0
300,WLNM_dir_neg,0.72539210384,0.362313462121,00:00:02,10,60,50,1290530141,fixed,0.5,0.5,0.790697674419,0.612612612613,34,34,9,52,0.790697674419,0.604651162791,0.395348837209,0.209302325581,0.5,0.790697674419,0.612612612613,0.666666666667,0.490956072351,0.345177664975,0.373288443827,0.395348837209,106,63,43,0,106,0,63,0,43,21,106,0.252380952381,1.98147951821,10.0952380952,7.57142857143,5.3,3.5903309305,0.355645988398,0.177897574124,5.04456331585,0.999394619178,0.535489667565,3.93034591959,0.778653436899,0.415094339623,0.785936912158,0.396641451468,2.18653061224,1.98147951821,0.785936912158,2.18653061224,0.456493016787,0.454374412041,161,0.121052631579,0.398438786394,21,21,21,1,0,0.333333333333,0.619047619048,0.047619047619,21,131,0.311904761905,2.02264938652,12.4761904762,10.0769230769,6.2380952381,5.69753497242,0.456672650461,0.245728825881,6.55671230042,1.05107601762,0.564158487823,2.98169015669,0.477980864812,0.25663395129,0.862827788869,0.426582973114,2.08871734611,2.02264938652,0.862827788869,2.08871734611,0.674646594826,0.605077574048,286,0.215037593985,0.378678600414,21,21,21,1,0,0.380952380952,0.619047619048,0,25,0.0595238095238,0.0411698683065,2.38095238095,2.50549450549,0.938095238095,2.10720404192,0.101026662063,0.0678312517575,1.51214898457,0.0516813984467,0.0286688202575,-0.948655762902,-0.300672572087,-0.158460388332,0.0768908767115,0.0299415216464,-0.0978132661381,0.0411698683065,0.0768908767115,-0.0978132661381,0.218153578039,0.150703162007,125,0.093984962406,-0.0197601859794,0.047619047619,0,-0.047619047619,97,34,9,280,0.915094339623,0.891719745223,0.108280254777,0.0849056603774,0.740458015267,0.915094339623,0.818565400844,0.756496039521,0.806814084846,0.692857142857,68,43,0,0,0,0
301,WLNM_dir_neg,0.822021484375,0.606414891227,00:00:01,10,70,1,1291447392,fixed,0.5,0.586956521739,0.84375,0.692307692308,27,19,5,45,0.84375,0.703125,0.296875,0.15625,0.586956521739,0.84375,0.692307692308,0.75,0.506944444444,0.492957746479,0.516046846542,0.546875,106,74,32,0,106,0,74,0,32,21,106,0.252380952381,1.98147951821,10.0952380952,7.57142857143,5.3,3.5903309305,0.355645988398,0.177897574124,5.04456331585,0.999394619178,0.535489667565,3.93034591959,0.778653436899,0.415094339623,0.785936912158,0.396641451468,2.18653061224,1.98147951821,0.785936912158,2.18653061224,0.456493016787,0.454374412041,161,0.121052631579,0.398438786394,21,21,21,1,0,0.333333333333,0.619047619048,0.047619047619,21,120,0.285714285714,1.92305098567,11.4285714286,9.23076923077,5.71428571429,4.13002940149,0.36137757263,0.183333333333,5.63154381269,0.985520167221,0.530952380952,3.56570970696,0.623999198717,0.339682539683,0.787493812299,0.409502305539,2.19228647913,1.92305098567,0.787493812299,2.19228647913,0.588870312694,0.573770491803,245,0.184210526316,0.418710489309,21,21,21,1,0,0.380952380952,0.619047619048,0,14,0.0333333333333,-0.0584285325463,1.33333333333,1.65934065934,0.414285714286,0.539698470991,0.00573158423188,0.00543575920934,0.586980496843,-0.0138744519565,-0.00453728661276,-0.364636212631,-0.154654238182,-0.0754117999401,0.00155690014154,0.012860854071,0.00575586689008,-0.0584285325463,0.00155690014154,0.00575586689008,0.132377295907,0.119396079762,84,0.0631578947368,0.0202717029153,0.047619047619,0,-0.047619047619,101,19,5,295,0.952830188679,0.93949044586,0.0605095541401,0.0471698113208,0.841666666667,0.952830188679,0.893805309735,0.858000305067,0.892320634539,0.808,46,32,0,0,0,0
302,WLNM_dir_neg,0.876953125,0.781990865389,00:00:00,10,70,2,1291447393,fixed,0.5,0.583333333333,0.875,0.7,28,20,4,44,0.875,0.6875,0.3125,0.125,0.583333333333,0.875,0.7,0.75,0.5,0.5,0.53033008589,0.5625,106,74,32,0,106,0,74,0,32,21,106,0.252380952381,1.98147951821,10.0952380952,7.57142857143,5.3,3.5903309305,0.355645988398,0.177897574124,5.04456331585,0.999394619178,0.535489667565,3.93034591959,0.778653436899,0.415094339623,0.785936912158,0.396641451468,2.18653061224,1.98147951821,0.785936912158,2.18653061224,0.456493016787,0.454374412041,161,0.121052631579,0.398438786394,21,21,21,1,0,0.333333333333,0.619047619048,0.047619047619,21,122,0.290476190476,2.06005591616,11.619047619,8.71428571429,6.1,3.41286083039,0.293729825566,0.140905542545,5.51016376906,0.948470812708,0.512880562061,4.04498513741,0.696267933489,0.381733021077,0.824407946281,0.400187169588,2.19679416737,2.06005591616,0.824407946281,2.19679416737,0.571758768939,0.557887120116,257,0.193233082707,0.395524394086,21,21,21,1,0,0.333333333333,0.619047619048,0.047619047619,16,0.0380952380952,0.0785763979443,1.52380952381,1.14285714286,0.8,-0.177470100105,-0.0619161628317,-0.0369920315791,0.465600453214,-0.0509238064701,-0.0226091055042,0.114639217827,-0.08238550341,-0.0333613185454,0.0384710341233,0.0035457181207,0.0102635551262,0.0785763979443,0.0384710341233,0.0102635551262,0.115265752152,0.103512708074,96,0.0721804511278,-0.0029143923077,0,0,0,102,20,4,294,0.962264150943,0.936305732484,0.0636942675159,0.0377358490566,0.83606557377,0.962264150943,0.894736842105,0.859768576097,0.898569883427,0.809523809524,48,32,0,0,0,0
303,WLNM_dir_neg,0.86962890625,0.675699385936,00:00:00,10,70,3,1291447394,fixed,0.5,0.625,0.9375,0.75,30,18,2,46,0.9375,0.71875,0.28125,0.0625,0.625,0.9375,0.75,0.791666666667,0.5,0.583333333333,0.618718433538,0.65625,106,74,32,0,106,0,74,0,32,21,106,0.252380952381,1.98147951821,10.0952380952,7.57142857143,5.3,3.5903309305,0.355645988398,0.177897574124,5.04456331585,0.999394619178,0.535489667565,3.93034591959,0.778653436899,0.415094339623,0.785936912158,0.396641451468,2.18653061224,1.98147951821,0.785936912158,2.18653061224,0.456493016787,0.454374412041,161,0.121052631579,0.398438786394,21,21,21,1,0,0.333333333333,0.619047619048,0.047619047619,21,122,0.290476190476,2.1567852483,11.619047619,8.71428571429,5.80952380952,4.11674860146,0.354310330453,0.175253708041,5.69753497242,0.980723232957,0.527712724434,3.66904684651,0.631557244072,0.339578454333,0.922735654888,0.427829175675,2.55062378111,2.1567852483,0.922735654888,2.55062378111,0.543273773011,0.544419134396,239,0.17969924812,0.389731491579,21,21,21,1,0,0.333333333333,0.666666666667,0,16,0.0380952380952,0.175305730083,1.52380952381,1.14285714286,0.509523809524,0.526417670964,-0.0013356579447,-0.0026438660834,0.652971656566,-0.0186713862209,-0.0077769431311,-0.261299073075,-0.147096192828,-0.0755158852901,0.13679874273,0.0311877242077,0.364093168863,0.175305730083,0.13679874273,0.364093168863,0.0867807562235,0.090044722355,78,0.0586466165414,-0.00870729481453,0,0.047619047619,-0.047619047619,104,18,2,296,0.981132075472,0.942675159236,0.0573248407643,0.0188679245283,0.852459016393,0.981132075472,0.912280701754,0.883916148784,0.923807234707,0.838709677419,48,32,0,0,0,0
304,WLNM_dir_neg,0.884521484375,0.694966902704,00:00:00,10,70,4,1291447395,fixed,0.5,0.613636363636,0.84375,0.710526315789,27,17,5,47,0.84375,0.734375,0.265625,0.15625,0.613636363636,0.84375,0.710526315789,0.770833333333,0.513888888889,0.528571428571,0.54696396629,0.578125,106,74,32,0,106,0,74,0,32,21,106,0.252380952381,1.98147951821,10.0952380952,7.57142857143,5.3,3.5903309305,0.355645988398,0.177897574124,5.04456331585,0.999394619178,0.535489667565,3.93034591959,0.778653436899,0.415094339623,0.785936912158,0.396641451468,2.18653061224,1.98147951821,0.785936912158,2.18653061224,0.456493016787,0.454374412041,161,0.121052631579,0.398438786394,21,21,21,1,0,0.333333333333,0.619047619048,0.047619047619,21,118,0.280952380952,2.62207312332,11.2380952381,7.86666666667,5.61904761905,4.03614620529,0.359148603013,0.178369652946,5.31484892049,0.945862943477,0.513317191283,3.84026288783,0.68343661563,0.361581920904,1.1680236316,0.4454580695,3.34480222679,2.62207312332,1.1680236316,3.34480222679,0.476702495499,0.493220338983,194,0.145864661654,0.353225031394,21,21,21,1,0,0.285714285714,0.714285714286,0,12,0.0285714285714,0.640593605104,1.14285714286,0.295238095238,0.319047619048,0.445815274794,0.0035026146149,0.000472078821935,0.270285604639,-0.053531675701,-0.0221724762818,-0.0900830317609,-0.0952168212693,-0.0535124187187,0.382086719444,0.0488166180326,1.15827161455,0.640593605104,0.382086719444,1.15827161455,0.0202094787124,0.0388459269417,33,0.0248120300752,-0.0452137549998,-0.047619047619,0.0952380952381,-0.047619047619,101,17,5,297,0.952830188679,0.945859872611,0.0541401273885,0.0471698113208,0.85593220339,0.952830188679,0.901785714286,0.868526792794,0.898690061291,0.821138211382,44,32,0,0,0,0
305,WLNM_dir_neg,0.837646484375,0.655772600127,00:00:00,10,70,5,1291447396,fixed,0.5,0.56862745098,0.90625,0.698795180723,29,22,3,42,0.90625,0.65625,0.34375,0.09375,0.56862745098,0.90625,0.698795180723,0.739583333333,0.489583333333,0.489795918367,0.531368931324,0.5625,106,74,32,0,106,0,74,0,32,21,106,0.252380952381,1.98147951821,10.0952380952,7.57142857143,5.3,3.5903309305,0.355645988398,0.177897574124,5.04456331585,0.999394619178,0.535489667565,3.93034591959,0.778653436899,0.415094339623,0.785936912158,0.396641451468,2.18653061224,1.98147951821,0.785936912158,2.18653061224,0.456493016787,0.454374412041,161,0.121052631579,0.398438786394,21,21,21,1,0,0.333333333333,0.619047619048,0.047619047619,21,125,0.297619047619,2.06341043518,11.9047619048,8.92857142857,5.95238095238,3.84583881494,0.323050460455,0.16,5.62562165877,0.945104438673,0.513523809524,4.01841001487,0.675092882498,0.363428571429,0.82684720199,0.400718726576,2.11393305451,2.06341043518,0.82684720199,2.11393305451,0.612501780126,0.607438016529,294,0.221052631579,0.418822226851,21,21,21,1,0,0.333333333333,0.666666666667,0,19,0.0452380952381,0.0819309169685,1.80952380952,1.35714285714,0.652380952381,0.255507884441,-0.0325955279435,-0.017897574124,0.58105834292,-0.0542901805045,-0.0219658580413,0.0880640952838,-0.103560554401,-0.0516657681941,0.0409102898319,0.00407727510821,-0.0725975577353,0.0819309169685,0.0409102898319,-0.0725975577353,0.156008763338,0.153063604488,133,0.1,0.0203834404575,0,0.047619047619,-0.047619047619,103,22,3,292,0.971698113208,0.929936305732,0.0700636942675,0.0283018867925,0.824,0.971698113208,0.891774891775,0.856608193764,0.90163441894,0.8046875,51,32,0,0,0,0
306,WLNM_dir_neg,0.78125,0.583473733783,00:00:00,10,70,6,1291447397,fixed,0.5,0.567567567568,0.65625,0.608695652174,21,16,11,48,0.65625,0.75,0.25,0.34375,0.567567567568,0.65625,0.608695652174,0.71875,0.538194444444,0.390977443609,0.393487990796,0.40625,106,74,32,0,106,0,74,0,32,21,106,0.252380952381,1.98147951821,10.0952380952,7.57142857143,5.3,3.5903309305,0.355645988398,0.177897574124,5.04456331585,0.999394619178,0.535489667565,3.93034591959,0.778653436899,0.415094339623,0.785936912158,0.396641451468,2.18653061224,1.98147951821,0.785936912158,2.18653061224,0.456493016787,0.454374412041,161,0.121052631579,0.398438786394,21,21,21,1,0,0.333333333333,0.619047619048,0.047619047619,21,111,0.264285714286,1.8455343012,10.5714285714,8.53846153846,5.28571428571,3.57171427429,0.337864863784,0.178464178464,5.31171212645,1.00491851041,0.543114543115,3.96412483586,0.749969563541,0.40326040326,0.709631195003,0.384512601332,1.73285142844,1.8455343012,0.709631195003,1.73285142844,0.495368170578,0.509482758621,197,0.148120300752,0.434746088083,21,21,21,1,0,0.380952380952,0.619047619048,0,5,0.0119047619048,-0.135945217013,0.47619047619,0.967032967033,-0.0142857142857,-0.0186166562094,-0.0177811246143,0.000566604340189,0.267148810601,0.00552389123181,0.0076248755494,0.0337789162728,-0.0286838733583,-0.0118339363622,-0.076305717155,-0.0121288501353,-0.453679183808,-0.135945217013,-0.076305717155,-0.453679183808,0.0388751537911,0.0551083465793,36,0.0270676691729,0.0363073016894,0.047619047619,0,-0.047619047619,95,16,11,298,0.896226415094,0.949044585987,0.0509554140127,0.103773584906,0.855855855856,0.896226415094,0.875576036866,0.832670152356,0.845271001082,0.77868852459,37,32,0,0,0,0
307,WLNM_dir_neg,0.80810546875,0.60579343713,00:00:00,10,70,7,1291447398,fixed,0.5,0.588235294118,0.625,0.606060606061,20,14,12,50,0.625,0.78125,0.21875,0.375,0.588235294118,0.625,0.606060606061,0.729166666667,0.548611111111,0.4,0.400426717362,0.40625,106,74,32,0,106,0,74,0,32,21,106,0.252380952381,1.98147951821,10.0952380952,7.57142857143,5.3,3.5903309305,0.355645988398,0.177897574124,5.04456331585,0.999394619178,0.535489667565,3.93034591959,0.778653436899,0.415094339623,0.785936912158,0.396641451468,2.18653061224,1.98147951821,0.785936912158,2.18653061224,0.456493016787,0.454374412041,161,0.121052631579,0.398438786394,21,21,21,1,0,0.333333333333,0.619047619048,0.047619047619,21,108,0.257142857143,1.97506363047,10.2857142857,7.71428571429,5.14285714286,3.68975415364,0.35872609827,0.188712522046,5.27527927494,1.0257487479,0.550264550265,3.74547345853,0.728286505826,0.378306878307,0.763992171202,0.386819016569,2.00420273186,1.97506363047,0.763992171202,2.00420273186,0.538489949204,0.481105990783,174,0.130827067669,0.352313149149,21,21,21,1,0,0.333333333333,0.666666666667,0,2,0.0047619047619,-0.0064158877413,0.190476190476,0.142857142857,-0.157142857143,0.0994232231416,0.00308010987213,0.0108149479219,0.230715959086,0.0263541287264,0.0147748826994,-0.184872461055,-0.0503669310737,-0.0367874613158,-0.021944740956,-0.00982243489807,-0.18232788038,-0.0064158877413,-0.021944740956,-0.18232788038,0.0819969324171,0.026731578742,13,0.00977443609023,-0.0461256372447,0,0.047619047619,-0.047619047619,94,14,12,300,0.88679245283,0.955414012739,0.0445859872611,0.11320754717,0.87037037037,0.88679245283,0.878504672897,0.837041813172,0.842206465569,0.783333333333,34,32,0,0,0,0
308,WLNM_dir_neg,0.856689453125,0.539269605092,00:00:00,10,70,8,1291447399,fixed,0.5,0.6,0.84375,0.701298701299,27,18,5,46,0.84375,0.71875,0.28125,0.15625,0.6,0.84375,0.701298701299,0.760416666667,0.510416666667,0.510638297872,0.531368931324,0.5625,106,74,32,0,106,0,74,0,32,21,106,0.252380952381,1.98147951821,10.0952380952,7.57142857143,5.3,3.5903309305,0.355645988398,0.177897574124,5.04456331585,0.999394619178,0.535489667565,3.93034591959,0.778653436899,0.415094339623,0.785936912158,0.396641451468,2.18653061224,1.98147951821,0.785936912158,2.18653061224,0.456493016787,0.454374412041,161,0.121052631579,0.398438786394,21,21,21,1,0,0.333333333333,0.619047619048,0.047619047619,21,119,0.283333333333,1.87505745507,11.3333333333,9.15384615385,5.66666666667,3.83840244546,0.338682568717,0.173669467787,5.70379990299,1.00655292406,0.539415766307,3.59629438914,0.634640186318,0.344137655062,0.748217242495,0.399036968425,2.14493089788,1.87505745507,0.748217242495,2.14493089788,0.51451152579,0.5,205,0.154135338346,0.4098083965,21,21,21,1,0,0.380952380952,0.619047619048,0,13,0.0309523809524,-0.106422063139,1.2380952381,1.58241758242,0.366666666667,0.248071514967,-0.0169634196809,-0.00422810633687,0.659236587139,0.007158304879,0.00392609874138,-0.334051530451,-0.144013250581,-0.0709566845606,-0.0377196696627,0.00239551695705,-0.0415997143686,-0.106422063139,-0.0377196696627,-0.0415997143686,0.0580185090026,0.0456255879586,44,0.0330827067669,0.0113696101063,0.047619047619,0,-0.047619047619,101,18,5,296,0.952830188679,0.942675159236,0.0573248407643,0.0471698113208,0.848739495798,0.952830188679,0.897777777778,0.863235340655,0.895505347915,0.814516129032,45,32,0,0,0,0
309,WLNM_dir_neg,0.808349609375,0.589168320325,00:00:00,10,70,9,1291447400,fixed,0.5,0.551020408163,0.84375,0.666666666667,27,22,5,42,0.84375,0.65625,0.34375,0.15625,0.551020408163,0.84375,0.666666666667,0.71875,0.496527777778,0.441379310345,0.471506855433,0.5,106,74,32,0,106,0,74,0,32,21,106,0.252380952381,1.98147951821,10.0952380952,7.57142857143,5.3,3.5903309305,0.355645988398,0.177897574124,5.04456331585,0.999394619178,0.535489667565,3.93034591959,0.778653436899,0.415094339623,0.785936912158,0.396641451468,2.18653061224,1.98147951821,0.785936912158,2.18653061224,0.456493016787,0.454374412041,161,0.121052631579,0.398438786394,21,21,21,1,0,0.333333333333,0.619047619048,0.047619047619,21,123,0.292857142857,1.79865820171,11.7142857143,10.25,5.85714285714,4.82848689698,0.41218790584,0.217576461479,6.2232283767,1.06250240578,0.564459930314,3.41006912372,0.582206923563,0.315137437089,0.745650524869,0.414559322143,1.78929301635,1.79865820171,0.745650524869,1.78929301635,0.63088170409,0.593886462882,272,0.204511278195,0.473803619606,21,21,21,1,0,0.428571428571,0.571428571429,0,17,0.0404761904762,-0.182821316501,1.61904761905,2.67857142857,0.557142857143,1.23815596648,0.0565419174414,0.0396788873549,1.17866506085,0.0631077866003,0.0289702627484,-0.520276795864,-0.196446513337,-0.099956902534,-0.0402863872892,0.0179178706752,-0.397237595898,-0.182821316501,-0.0402863872892,-0.397237595898,0.174388687303,0.139512050841,111,0.0834586466165,0.0753648332126,0.0952380952381,-0.047619047619,-0.047619047619,101,22,5,292,0.952830188679,0.929936305732,0.0700636942675,0.0471698113208,0.821138211382,0.952830188679,0.882096069869,0.84262204546,0.882766494412,0.7890625,49,32,0,0,0,0
310,WLNM_dir_neg,0.755859375,0.597980350141,00:00:00,10,70,10,1291447401,fixed,0.5,0.477272727273,0.65625,0.552631578947,21,23,11,41,0.65625,0.640625,0.359375,0.34375,0.477272727273,0.65625,0.552631578947,0.645833333333,0.513888888889,0.271428571429,0.280873388095,0.296875,106,74,32,0,106,0,74,0,32,21,106,0.252380952381,1.98147951821,10.0952380952,7.57142857143,5.3,3.5903309305,0.355645988398,0.177897574124,5.04456331585,0.999394619178,0.535489667565,3.93034591959,0.778653436899,0.415094339623,0.785936912158,0.396641451468,2.18653061224,1.98147951821,0.785936912158,2.18653061224,0.456493016787,0.454374412041,161,0.121052631579,0.398438786394,21,21,21,1,0,0.333333333333,0.619047619048,0.047619047619,21,118,0.280952380952,2.09284319026,11.2380952381,8.42857142857,5.61904761905,2.93095141387,0.260804998692,0.127522195319,5.12324302055,0.911763588403,0.493139628733,3.99344701325,0.710698197273,0.38418079096,0.825022291263,0.394211231449,2.00625039964,2.09284319026,0.825022291263,2.00625039964,0.515209129495,0.519607843137,212,0.159398496241,0.377963687716,21,21,21,1,0,0.333333333333,0.666666666667,0,12,0.0285714285714,0.111363672048,1.14285714286,0.857142857143,0.319047619048,-0.659379516624,-0.0948409897062,-0.0503753788052,0.0786797047005,-0.0876310307748,-0.0423500388323,0.0631010936603,-0.0679552396265,-0.0309135486622,0.0390853791052,-0.00243022001849,-0.180280212603,0.111363672048,0.0390853791052,-0.180280212603,0.0587161127077,0.0652334310959,51,0.0383458646617,-0.0204750986774,0,0.047619047619,-0.047619047619,95,23,11,291,0.896226415094,0.926751592357,0.0732484076433,0.103773584906,0.805084745763,0.896226415094,0.848214285714,0.795355907602,0.822978007451,0.736434108527,44,32,0,0,0,0
311,WLNM_dir_neg,0.860107421875,0.752492567367,00:00:00,10,70,11,1291447402,fixed,0.5,0.666666666667,0.8125,0.732394366197,26,13,6,51,0.8125,0.796875,0.203125,0.1875,0.666666666667,0.8125,0.732394366197,0.802083333333,0.53125,0.577777777778,0.584897651866,0.609375,106,74,32,0,106,0,74,0,32,21,106,0.252380952381,1.98147951821,10.0952380952,7.57142857143,5.3,3.5903309305,0.355645988398,0.177897574124,5.04456331585,0.999394619178,0.535489667565,3.93034591959,0.778653436899,0.415094339623,0.785936912158,0.396641451468,2.18653061224,1.98147951821,0.785936912158,2.18653061224,0.456493016787,0.454374412041,161,0.121052631579,0.398438786394,21,21,21,1,0,0.333333333333,0.619047619048,0.047619047619,21,113,0.269047619048,1.95410021121,10.7619047619,8.69230769231,5.38095238095,3.36013038296,0.312224504611,0.155077960388,5.20073254913,0.966507818866,0.522545301306,3.58435755019,0.666119544726,0.355667930889,0.798369464874,0.408561168098,2.2287388986,1.95410021121,0.798369464874,2.2287388986,0.456217856218,0.442446043165,164,0.123308270677,0.417884810111,21,21,21,1,0,0.380952380952,0.619047619048,0,7,0.0166666666667,-0.0273793070013,0.666666666667,1.12087912088,0.0809523809524,-0.230200547538,-0.0434214837871,-0.0228196137363,0.156169233284,-0.0328868003123,-0.0129443662588,-0.345988369396,-0.112533892173,-0.0594264087335,0.0124325527158,0.0119197166304,0.0422082863574,-0.0273793070013,0.0124325527158,0.0422082863574,-0.000275160569278,-0.0119283688759,3,0.00225563909774,0.0194460237168,0.047619047619,0,-0.047619047619,100,13,6,301,0.943396226415,0.958598726115,0.0414012738854,0.0566037735849,0.884955752212,0.943396226415,0.913242009132,0.883514038293,0.90199495253,0.840336134454,39,32,0,0,0,0
312,WLNM_dir_neg,0.68603515625,0.407577399272,00:00:00,10,70,12,1291447403,fixed,0.5,0.512820512821,0.625,0.56338028169,20,19,12,45,0.625,0.703125,0.296875,0.375,0.512820512821,0.625,0.56338028169,0.677083333333,0.53125,0.311111111111,0.314944889466,0.328125,106,74,32,0,106,0,74,0,32,21,106,0.252380952381,1.98147951821,10.0952380952,7.57142857143,5.3,3.5903309305,0.355645988398,0.177897574124,5.04456331585,0.999394619178,0.535489667565,3.93034591959,0.778653436899,0.415094339623,0.785936912158,0.396641451468,2.18653061224,1.98147951821,0.785936912158,2.18653061224,0.456493016787,0.454374412041,161,0.121052631579,0.398438786394,21,21,21,1,0,0.333333333333,0.619047619048,0.047619047619,21,113,0.269047619048,2.1156549675,10.7619047619,8.07142857143,5.38095238095,4.68940040842,0.435740745915,0.236409608091,5.74870585851,1.06834356662,0.569742941424,3.27835615021,0.609252027915,0.318584070796,0.862633838674,0.407738431798,2.09001271776,2.1156549675,0.862633838674,2.09001271776,0.661455381646,0.581632653061,228,0.171428571429,0.308550431252,21,21,21,1,0,0.333333333333,0.666666666667,0,7,0.0166666666667,0.134175449284,0.666666666667,0.5,0.0809523809524,1.09906947792,0.0800947575168,0.058512033967,0.704142542656,0.0689489474472,0.0342532738592,-0.651989769378,-0.169401408984,-0.0965102688262,0.0766969265163,0.0110969803307,-0.0965178944852,0.134175449284,0.0766969265163,-0.0965178944852,0.204962364858,0.12725824102,67,0.0503759398496,-0.089888355142,0,0.047619047619,-0.047619047619,94,19,12,295,0.88679245283,0.93949044586,0.0605095541401,0.11320754717,0.83185840708,0.88679245283,0.858447488584,0.809353243659,0.82628289869,0.752,39,32,0,0,0,0
313,WLNM_dir_neg,0.757080078125,0.402949838468,00:00:00,10,70,13,1291447404,fixed,0.5,0.527777777778,0.59375,0.558823529412,19,17,13,47,0.59375,0.734375,0.265625,0.40625,0.527777777778,0.59375,0.558823529412,0.6875,0.541666666667,0.318181818182,0.319504825211,0.328125,106,74,32,0,106,0,74,0,32,21,106,0.252380952381,1.98147951821,10.0952380952,7.57142857143,5.3,3.5903309305,0.355645988398,0.177897574124,5.04456331585,0.999394619178,0.535489667565,3.93034591959,0.778653436899,0.415094339623,0.785936912158,0.396641451468,2.18653061224,1.98147951821,0.785936912158,2.18653061224,0.456493016787,0.454374412041,161,0.121052631579,0.398438786394,21,21,21,1,0,0.333333333333,0.619047619048,0.047619047619,21,110,0.261904761905,2.34693293032,10.4761904762,7.85714285714,5.2380952381,4.43417464269,0.423262124984,0.2329004329,5.43971287758,1.03849064026,0.551515151515,3.28488602397,0.627114604576,0.335064935065,1.20880291915,0.515056439634,4,2.34693293032,1.20880291915,4,0.577202030773,0.541899441341,194,0.145864661654,0.324899493691,21,21,21,1,0,0.333333333333,0.666666666667,0,4,0.00952380952381,0.365453412105,0.380952380952,0.285714285714,-0.0619047619048,0.843843712197,0.0676161365862,0.0550028587764,0.395149561727,0.0390960210869,0.01602548395,-0.645459895617,-0.151538832323,-0.0800294045577,0.422866006991,0.118414988166,1.81346938776,0.365453412105,0.422866006991,1.81346938776,0.120709013986,0.0875250292994,33,0.0248120300752,-0.0735392927024,0,0.047619047619,-0.047619047619,93,17,13,297,0.877358490566,0.945859872611,0.0541401273885,0.122641509434,0.845454545455,0.877358490566,0.861111111111,0.813309072038,0.823218363178,0.756097560976,36,32,0,0,0,0
314,WLNM_dir_neg,0.904052734375,0.759324762357,00:00:00,10,70,14,1291447405,fixed,0.5,0.710526315789,0.84375,0.771428571429,27,11,5,53,0.84375,0.828125,0.171875,0.15625,0.710526315789,0.84375,0.771428571429,0.833333333333,0.534722222222,0.641791044776,0.647660875613,0.671875,106,74,32,0,106,0,74,0,32,21,106,0.252380952381,1.98147951821,10.0952380952,7.57142857143,5.3,3.5903309305,0.355645988398,0.177897574124,5.04456331585,0.999394619178,0.535489667565,3.93034591959,0.778653436899,0.415094339623,0.785936912158,0.396641451468,2.18653061224,1.98147951821,0.785936912158,2.18653061224,0.456493016787,0.454374412041,161,0.121052631579,0.398438786394,21,21,21,1,0,0.333333333333,0.619047619048,0.047619047619,21,112,0.266666666667,1.94526789348,10.6666666667,8,5.89473684211,3.54024481263,0.331897951184,0.166666666667,5.10228706889,0.956678825416,0.519557823129,4.19920627421,0.787351176414,0.428571428571,0.735086641582,0.377884528936,1.95778911565,1.94526789348,0.735086641582,1.95778911565,0.498913937636,0.519966015293,204,0.153383458647,0.412070243195,21,21,21,1,0,0.333333333333,0.571428571429,0.0952380952381,6,0.0142857142857,-0.036211624732,0.571428571429,0.428571428571,0.594736842105,-0.0500861178689,-0.0237480372144,-0.0112309074573,0.0577237530372,-0.0427157937615,-0.0159318444359,0.268860354619,0.00869773951424,0.0134770889488,-0.0508502705753,-0.0187569225318,-0.228741496599,-0.036211624732,-0.0508502705753,-0.228741496599,0.0424209208486,0.0655916032517,43,0.0323308270677,0.0136314568012,0,-0.047619047619,0.047619047619,101,11,5,303,0.952830188679,0.964968152866,0.0350318471338,0.0471698113208,0.901785714286,0.952830188679,0.926605504587,0.901530980762,0.917798341545,0.863247863248,38,32,0,0,0,0
315,WLNM_dir_neg,0.814453125,0.563217101266,00:00:00,10,70,15,1291447406,fixed,0.5,0.657142857143,0.71875,0.686567164179,23,12,9,52,0.71875,0.8125,0.1875,0.28125,0.657142857143,0.71875,0.686567164179,0.78125,0.545138888889,0.519083969466,0.520313362615,0.53125,106,74,32,0,106,0,74,0,32,21,106,0.252380952381,1.98147951821,10.0952380952,7.57142857143,5.3,3.5903309305,0.355645988398,0.177897574124,5.04456331585,0.999394619178,0.535489667565,3.93034591959,0.778653436899,0.415094339623,0.785936912158,0.396641451468,2.18653061224,1.98147951821,0.785936912158,2.18653061224,0.456493016787,0.454374412041,161,0.121052631579,0.398438786394,21,21,21,1,0,0.333333333333,0.619047619048,0.047619047619,21,109,0.259523809524,1.798108602,10.380952381,8.38461538462,5.73684210526,3.85326083306,0.371185676579,0.193971166448,5.50108214462,1.0598415141,0.560943643512,4.10632497032,0.791126829145,0.429882044561,0.681047026373,0.378757448586,1.78924646782,1.8380140321,0.673079131776,1.78924646782,0.533143294614,0.525192143467,205,0.154135338346,0.476390758772,21,20,20,0.952380952381,0,0.333333333333,0.571428571429,0.047619047619,3,0.00714285714286,-0.183370916215,0.285714285714,0.813186813187,0.436842105263,0.262929902567,0.0155396881813,0.0160735923242,0.456518828774,0.0604468949241,0.0254539759473,0.175979050736,0.0124733922455,0.0147877049383,-0.104889885785,-0.0178840028819,-0.397284144427,-0.143465486115,-0.112857780382,-0.397284144427,0.0766502778267,0.0708177314257,44,0.0330827067669,0.0779519723782,0,-0.047619047619,0,97,12,9,302,0.915094339623,0.96178343949,0.0382165605096,0.0849056603774,0.889908256881,0.915094339623,0.902325581395,0.868887157015,0.876877779113,0.822033898305,35,32,0,0,0,0
316,WLNM_dir_neg,0.728271484375,0.477057424872,00:00:00,10,70,16,1291447407,fixed,0.5,0.5,0.84375,0.627906976744,27,27,5,37,0.84375,0.578125,0.421875,0.15625,0.5,0.84375,0.627906976744,0.666666666667,0.479166666667,0.36,0.400891862869,0.421875,106,74,32,0,106,0,74,0,32,21,106,0.252380952381,1.98147951821,10.0952380952,7.57142857143,5.3,3.5903309305,0.355645988398,0.177897574124,5.04456331585,0.999394619178,0.535489667565,3.93034591959,0.778653436899,0.415094339623,0.785936912158,0.396641451468,2.18653061224,1.98147951821,0.785936912158,2.18653061224,0.456493016787,0.454374412041,161,0.121052631579,0.398438786394,21,21,21,1,0,0.333333333333,0.619047619048,0.047619047619,21,128,0.304761904762,1.95797516957,12.1904761905,9.84615384615,6.09523809524,4.4790517704,0.36742221554,0.199032738095,6.09839947777,1.00051866432,0.540178571429,3.46272669878,0.568103599019,0.314732142857,0.811471470083,0.414444208841,1.98362084669,1.95797516957,0.811471470083,1.98362084669,0.645870009968,0.620689655172,300,0.225563909774,0.408471792743,21,21,21,1,0,0.380952380952,0.619047619048,0,22,0.052380952381,-0.0235043486421,2.09523809524,2.27472527473,0.795238095238,0.888720839902,0.0117762271423,0.0211351639712,1.05383616192,0.00112404514397,0.00468890386343,-0.467619220803,-0.21054983788,-0.100362196765,0.0255345579251,0.017802757373,-0.202909765551,-0.0235043486421,0.0255345579251,-0.202909765551,0.189376993181,0.166315243131,139,0.104511278195,0.0100330063495,0.047619047619,0,-0.047619047619,101,27,5,287,0.952830188679,0.914012738854,0.0859872611465,0.0471698113208,0.7890625,0.952830188679,0.863247863248,0.818015920806,0.866842927533,0.759398496241,54,32,0,0,0,0
317,WLNM_dir_neg,0.755859375,0.54779543533,00:00:00,10,70,17,1291447408,fixed,0.5,0.488372093023,0.65625,0.56,21,22,11,42,0.65625,0.65625,0.34375,0.34375,0.488372093023,0.65625,0.56,0.65625,0.517361111111,0.287769784173,0.296239410788,0.3125,106,74,32,0,106,0,74,0,32,21,106,0.252380952381,1.98147951821,10.0952380952,7.57142857143,5.3,3.5903309305,0.355645988398,0.177897574124,5.04456331585,0.999394619178,0.535489667565,3.93034591959,0.778653436899,0.415094339623,0.785936912158,0.396641451468,2.18653061224,1.98147951821,0.785936912158,2.18653061224,0.456493016787,0.454374412041,161,0.121052631579,0.398438786394,21,21,21,1,0,0.333333333333,0.619047619048,0.047619047619,21,117,0.278571428571,1.95794599934,11.1428571429,9,5.57142857143,4.19863923534,0.376800957018,0.202279202279,5.43664812703,0.975808638185,0.526658526659,3.57171427429,0.641076921026,0.34595034595,0.818884870404,0.418236698398,2.26483287912,1.95794599934,0.818884870404,2.26483287912,0.556983492698,0.564,235,0.176691729323,0.410453642086,21,21,21,1,0,0.380952380952,0.619047619048,0,11,0.0261904761905,-0.0235335188788,1.04761904762,1.42857142857,0.271428571429,0.608308304848,0.0211549686199,0.0243816281552,0.39208481118,-0.0235859809929,-0.00883114090661,-0.358631645301,-0.137576515874,-0.0691439936723,0.0329479582462,0.0215952469306,0.0783022668759,-0.0235335188788,0.0329479582462,0.0783022668759,0.100490475911,0.109625587959,74,0.0556390977444,0.0120148556923,0.047619047619,0,-0.047619047619,95,22,11,292,0.896226415094,0.929936305732,0.0700636942675,0.103773584906,0.811965811966,0.896226415094,0.85201793722,0.800514321168,0.826162720827,0.7421875,43,32,0,0,0,0
318,WLNM_dir_neg,0.7412109375,0.39480943442,00:00:00,10,70,18,1291447409,fixed,0.5,0.513513513514,0.59375,0.550724637681,19,18,13,46,0.59375,0.71875,0.28125,0.40625,0.513513513514,0.59375,0.550724637681,0.677083333333,0.538194444444,0.300751879699,0.302683069843,0.3125,106,74,32,0,106,0,74,0,32,21,106,0.252380952381,1.98147951821,10.0952380952,7.57142857143,5.3,3.5903309305,0.355645988398,0.177897574124,5.04456331585,0.999394619178,0.535489667565,3.93034591959,0.778653436899,0.415094339623,0.785936912158,0.396641451468,2.18653061224,1.98147951821,0.785936912158,2.18653061224,0.456493016787,0.454374412041,161,0.121052631579,0.398438786394,21,21,21,1,0,0.333333333333,0.619047619048,0.047619047619,21,111,0.264285714286,2.06372934733,10.5714285714,7.92857142857,5.28571428571,4.53399855063,0.42889175479,0.223938223938,5.66694677179,1.07212506493,0.561990561991,3.42261387163,0.647521543282,0.339768339768,0.829480853563,0.401932964047,2,2.06372934733,0.829480853563,2,0.569248038233,0.516864175023,189,0.142105263158,0.329239254897,21,21,21,1,0,0.333333333333,0.666666666667,0,5,0.0119047619048,0.0822498291144,0.47619047619,0.357142857143,-0.0142857142857,0.943667620137,0.0732457663914,0.0460406498142,0.622383455939,0.0727304457552,0.0265008944254,-0.507732047956,-0.131131893618,-0.0753259998543,0.0435439414055,0.00529151257975,-0.186530612245,0.0822498291144,0.0435439414055,-0.186530612245,0.112755021446,0.0624897629814,28,0.0210526315789,-0.0691995314967,0,0.047619047619,-0.047619047619,93,18,13,296,0.877358490566,0.942675159236,0.0573248407643,0.122641509434,0.837837837838,0.877358490566,0.857142857143,0.807809026033,0.820033649802,0.75,37,32,0,0,0,0
319,WLNM_dir_neg,0.78076171875,0.619857249519,00:00:00,10,70,19,1291447410,fixed,0.5,0.560975609756,0.71875,0.630136986301,23,18,9,46,0.71875,0.71875,0.28125,0.28125,0.560975609756,0.71875,0.630136986301,0.71875,0.524305555556,0.408759124088,0.416936350271,0.4375,106,74,32,0,106,0,74,0,32,21,106,0.252380952381,1.98147951821,10.0952380952,7.57142857143,5.3,3.5903309305,0.355645988398,0.177897574124,5.04456331585,0.999394619178,0.535489667565,3.93034591959,0.778653436899,0.415094339623,0.785936912158,0.396641451468,2.18653061224,1.98147951821,0.785936912158,2.18653061224,0.456493016787,0.454374412041,161,0.121052631579,0.398438786394,21,21,21,1,0,0.333333333333,0.619047619048,0.047619047619,21,115,0.27380952381,1.83931876373,10.9523809524,8.84615384615,5.75,4.11674860146,0.37587704622,0.195445134576,5.74124592418,1.04840142963,0.56231884058,3.60026454054,0.657439611752,0.348654244306,0.71712637154,0.389886943842,1.93244833165,1.83931876373,0.71712637154,1.93244833165,0.597919554686,0.540983606557,220,0.165413533835,0.413331020699,21,21,21,1,0,0.380952380952,0.571428571429,0.047619047619,9,0.0214285714286,-0.142160754489,0.857142857143,1.27472527473,0.45,0.526417670964,0.020231057822,0.0175475604516,0.696682608329,0.0490068104549,0.0268291730146,-0.330081379043,-0.121213825148,-0.0664400953162,-0.0688105406177,-0.0067545076256,-0.254082280599,-0.142160754489,-0.0688105406177,-0.254082280599,0.141426537899,0.086609194516,59,0.0443609022556,0.014892234305,0.047619047619,-0.047619047619,0,97,18,9,296,0.915094339623,0.942675159236,0.0573248407643,0.0849056603774,0.84347826087,0.915094339623,0.877828054299,0.835582846886,0.857769498858,0.782258064516,41,32,0,0,0,0
320,WLNM_dir_neg,0.85009765625,0.606486757488,00:00:00,10,70,20,1291447411,fixed,0.5,0.555555555556,0.9375,0.697674418605,30,24,2,40,0.9375,0.625,0.375,0.0625,0.555555555556,0.9375,0.697674418605,0.729166666667,0.479166666667,0.48,0.534522483825,0.5625,106,74,32,0,106,0,74,0,32,21,106,0.252380952381,1.98147951821,10.0952380952,7.57142857143,5.3,3.5903309305,0.355645988398,0.177897574124,5.04456331585,0.999394619178,0.535489667565,3.93034591959,0.778653436899,0.415094339623,0.785936912158,0.396641451468,2.18653061224,1.98147951821,0.785936912158,2.18653061224,0.456493016787,0.454374412041,161,0.121052631579,0.398438786394,21,21,21,1,0,0.333333333333,0.619047619048,0.047619047619,21,128,0.304761904762,2.11818261165,12.1904761905,9.14285714286,6.09523809524,3.44411160706,0.282524780267,0.139136904762,5.4305134371,0.890943610774,0.485119047619,3.33023665683,0.546366951511,0.298363095238,0.870990501376,0.411197078376,2.43871921549,2.11818261165,0.870990501376,2.43871921549,0.526920146458,0.519615099926,234,0.175939849624,0.359218544585,21,21,21,1,0,0.333333333333,0.666666666667,0,22,0.052380952381,0.136703093432,2.09523809524,1.57142857143,0.795238095238,-0.146219323433,-0.0731212081313,-0.0387606693621,0.385950121246,-0.108451008404,-0.0503706199461,-0.60010926276,-0.232286485389,-0.116731244385,0.0850535892186,0.0145556269088,0.252188603246,0.136703093432,0.0850535892186,0.252188603246,0.0704271296708,0.0652406878846,73,0.0548872180451,-0.0392202418089,0,0.047619047619,-0.047619047619,104,24,2,290,0.981132075472,0.923566878981,0.0764331210191,0.0188679245283,0.8125,0.981132075472,0.888888888889,0.853739616225,0.904698954453,0.8,54,32,0,0,0,0
321,WLNM_dir_neg,0.75634765625,0.629544213527,00:00:00,10,70,21,1291447412,fixed,0.5,0.444444444444,0.75,0.558139534884,24,30,8,34,0.75,0.53125,0.46875,0.25,0.444444444444,0.75,0.558139534884,0.604166666667,0.479166666667,0.24,0.267261241912,0.28125,106,74,32,0,106,0,74,0,32,21,106,0.252380952381,1.98147951821,10.0952380952,7.57142857143,5.3,3.5903309305,0.355645988398,0.177897574124,5.04456331585,0.999394619178,0.535489667565,3.93034591959,0.778653436899,0.415094339623,0.785936912158,0.396641451468,2.18653061224,1.98147951821,0.785936912158,2.18653061224,0.456493016787,0.454374412041,161,0.121052631579,0.398438786394,21,21,21,1,0,0.333333333333,0.619047619048,0.047619047619,21,128,0.304761904762,1.90129278765,12.1904761905,9.84615384615,6.09523809524,3.24990842362,0.266594050375,0.146577380952,5.69126314543,0.933722859796,0.503720238095,3.53418677923,0.579827518467,0.316964285714,0.76863173139,0.404267946728,2.0890358167,1.90129278765,0.76863173139,2.0890358167,0.529464186607,0.535251798561,248,0.186466165414,0.425047850899,21,21,21,1,0,0.380952380952,0.619047619048,0,22,0.052380952381,-0.0801867305681,2.09523809524,2.27472527473,0.795238095238,-0.340422506878,-0.0890519380233,-0.0313201931716,0.646699829575,-0.0656717593815,-0.0317694294699,-0.396159140359,-0.198825918432,-0.0981300539084,-0.0173051807673,0.00762649526041,-0.0974947955464,-0.0801867305681,-0.0173051807673,-0.0974947955464,0.0729711698199,0.0808773865198,87,0.0654135338346,0.0266090645054,0.047619047619,0,-0.047619047619,98,30,8,284,0.924528301887,0.904458598726,0.0955414012739,0.0754716981132,0.765625,0.924528301887,0.837606837607,0.782292225388,0.828986900613,0.720588235294,54,32,0,0,0,0
322,WLNM_dir_neg,0.8388671875,0.693747692888,00:00:00,10,70,22,1291447413,fixed,0.5,0.555555555556,0.78125,0.649350649351,25,20,7,44,0.78125,0.6875,0.3125,0.21875,0.555555555556,0.78125,0.649350649351,0.71875,0.510416666667,0.425531914894,0.44280744277,0.46875,106,74,32,0,106,0,74,0,32,21,106,0.252380952381,1.98147951821,10.0952380952,7.57142857143,5.3,3.5903309305,0.355645988398,0.177897574124,5.04456331585,0.999394619178,0.535489667565,3.93034591959,0.778653436899,0.415094339623,0.785936912158,0.396641451468,2.18653061224,1.98147951821,0.785936912158,2.18653061224,0.456493016787,0.454374412041,161,0.121052631579,0.398438786394,21,21,21,1,0,0.333333333333,0.619047619048,0.047619047619,21,119,0.283333333333,2.05941287729,11.3333333333,8.5,6.26315789474,3.87728427296,0.342113318202,0.161664665866,5.25674170312,0.927660300551,0.50100040016,3.95390102726,0.697747240104,0.376950780312,0.820491955409,0.398410617151,2.22150783472,2.11238352115,0.804123175659,2.22150783472,0.552306941425,0.545886075949,230,0.172932330827,0.388460856819,21,20,20,0.952380952381,0,0.285714285714,0.619047619048,0.047619047619,13,0.0309523809524,0.0779333590761,1.2380952381,0.928571428571,0.963157894737,0.286953342463,-0.0135326701959,-0.0162329082576,0.212178387271,-0.071734318627,-0.0344892674051,0.023555107668,-0.0809061967955,-0.0381435593105,0.0345550432513,0.00176916568297,0.0349772224711,0.130904002941,0.0181862635017,0.0349772224711,0.0958139246375,0.091511663908,69,0.0518796992481,-0.00997792957486,-0.047619047619,0,0,99,20,7,294,0.933962264151,0.936305732484,0.0636942675159,0.0660377358491,0.831932773109,0.933962264151,0.88,0.838907430632,0.870267996635,0.785714285714,45,32,0,0,0,0
323,WLNM_dir_neg,0.8564453125,0.370030564246,00:00:00,10,70,23,1291447414,fixed,0.5,0.591836734694,0.90625,0.716049382716,29,20,3,44,0.90625,0.6875,0.3125,0.09375,0.591836734694,0.90625,0.716049382716,0.760416666667,0.496527777778,0.524137931034,0.559914390826,0.59375,106,74,32,0,106,0,74,0,32,21,106,0.252380952381,1.98147951821,10.0952380952,7.57142857143,5.3,3.5903309305,0.355645988398,0.177897574124,5.04456331585,0.999394619178,0.535489667565,3.93034591959,0.778653436899,0.415094339623,0.785936912158,0.396641451468,2.18653061224,1.98147951821,0.785936912158,2.18653061224,0.456493016787,0.454374412041,161,0.121052631579,0.398438786394,21,21,21,1,0,0.333333333333,0.619047619048,0.047619047619,21,123,0.292857142857,2.13573940228,11.7142857143,8.78571428571,5.85714285714,4.07606252581,0.347956557081,0.180797522261,5.69460897943,0.972250313561,0.52651955091,3.46822309383,0.592135650166,0.315137437089,0.884703419511,0.414237532241,2.48068890758,2.13573940228,0.884703419511,2.48068890758,0.623012252789,0.589010989011,268,0.201503759398,0.351491888149,21,21,21,1,0,0.333333333333,0.666666666667,0,17,0.0404761904762,0.154259884067,1.61904761905,1.21428571429,0.557142857143,0.485731595311,-0.00768943131713,0.00289994813695,0.650045663577,-0.0271443056171,-0.00897011665534,-0.462122825758,-0.186517786733,-0.099956902534,0.0987665073529,0.0175960807734,0.294158295339,0.154259884067,0.0987665073529,0.294158295339,0.166519236002,0.13463657697,107,0.0804511278195,-0.0469468982444,0,0.047619047619,-0.047619047619,103,20,3,294,0.971698113208,0.936305732484,0.0636942675159,0.0283018867925,0.837398373984,0.971698113208,0.899563318777,0.866711709818,0.908003845692,0.81746031746,49,32,0,0,0,0
324,WLNM_dir_neg,0.74072265625,0.490945587564,00:00:00,10,70,24,1291447415,fixed,0.5,0.5,0.78125,0.609756097561,25,25,7,39,0.78125,0.609375,0.390625,0.21875,0.5,0.78125,0.609756097561,0.666666666667,0.493055555556,0.342465753425,0.368604890387,0.390625,106,74,32,0,106,0,74,0,32,21,106,0.252380952381,1.98147951821,10.0952380952,7.57142857143,5.3,3.5903309305,0.355645988398,0.177897574124,5.04456331585,0.999394619178,0.535489667565,3.93034591959,0.778653436899,0.415094339623,0.785936912158,0.396641451468,2.18653061224,1.98147951821,0.785936912158,2.18653061224,0.456493016787,0.454374412041,161,0.121052631579,0.398438786394,21,21,21,1,0,0.333333333333,0.619047619048,0.047619047619,21,124,0.295238095238,2.05329883973,11.8095238095,8.85714285714,5.90476190476,4.49020097122,0.380218630627,0.202764976959,5.96577540563,1.0103329316,0.546850998464,3.14491274767,0.532606191138,0.284946236559,0.814801358239,0.396825509504,2.24075282757,2.05329883973,0.814801358239,2.24075282757,0.581879746541,0.543792840823,238,0.178947368421,0.332155195534,21,21,21,1,0,0.333333333333,0.666666666667,0,18,0.0428571428571,0.0718193215166,1.71428571429,1.28571428571,0.604761904762,0.89987004072,0.0245726422289,0.0248674028345,0.921212089785,0.0109383124216,0.0113613308988,-0.785433171915,-0.246047245761,-0.130148103064,0.0288644460816,0.000184058036027,0.0542222153237,0.0718193215166,0.0288644460816,0.0542222153237,0.125386729754,0.0894184287812,77,0.0578947368421,-0.0662835908596,0,0.047619047619,-0.047619047619,99,25,7,289,0.933962264151,0.920382165605,0.0796178343949,0.0660377358491,0.798387096774,0.933962264151,0.860869565217,0.813568360787,0.854344429756,0.75572519084,50,32,0,0,0,0
325,WLNM_dir_neg,0.81494140625,0.604284163929,00:00:00,10,70,25,1291447416,fixed,0.5,0.491803278689,0.9375,0.645161290323,30,31,2,33,0.9375,0.515625,0.484375,0.0625,0.491803278689,0.9375,0.645161290323,0.65625,0.454861111111,0.369426751592,0.443796691643,0.453125,106,74,32,0,106,0,74,0,32,21,106,0.252380952381,1.98147951821,10.0952380952,7.57142857143,5.3,3.5903309305,0.355645988398,0.177897574124,5.04456331585,0.999394619178,0.535489667565,3.93034591959,0.778653436899,0.415094339623,0.785936912158,0.396641451468,2.18653061224,1.98147951821,0.785936912158,2.18653061224,0.456493016787,0.454374412041,161,0.121052631579,0.398438786394,21,21,21,1,0,0.333333333333,0.619047619048,0.047619047619,21,135,0.321428571429,2.40111590061,12.8571428571,9.64285714286,6.42857142857,4.47532919779,0.348081159828,0.185185185185,6.03797506265,0.939240565301,0.511463844797,3.37003603202,0.524227827204,0.289241622575,1.07928533563,0.449493227441,3.12677923813,2.40111590061,1.07928533563,3.12677923813,0.627428870374,0.626837060703,327,0.245864661654,0.366321786871,21,21,21,1,0,0.333333333333,0.666666666667,0,29,0.0690476190476,0.419636382395,2.7619047619,2.07142857143,1.12857142857,0.884998267292,-0.00756482857025,0.0072876110612,0.993411746797,-0.0601540538772,-0.024025822768,-0.560309887563,-0.254425609696,-0.125852717048,0.293348423467,0.0528517759736,0.940248625884,0.419636382395,0.293348423467,0.940248625884,0.170935853587,0.172462648661,166,0.124812030075,-0.0321169995229,0,0.047619047619,-0.047619047619,104,31,2,283,0.981132075472,0.90127388535,0.0987261146497,0.0188679245283,0.77037037037,0.981132075472,0.863070539419,0.820723512715,0.882405960822,0.759124087591,61,32,0,0,0,0
326,WLNM_dir_neg,0.828125,0.697742156507,00:00:00,10,70,26,1291447417,fixed,0.5,0.440677966102,0.8125,0.571428571429,26,33,6,31,0.8125,0.484375,0.515625,0.1875,0.440677966102,0.8125,0.571428571429,0.59375,0.461805555556,0.245161290323,0.287548916351,0.296875,106,74,32,0,106,0,74,0,32,21,106,0.252380952381,1.98147951821,10.0952380952,7.57142857143,5.3,3.5903309305,0.355645988398,0.177897574124,5.04456331585,0.999394619178,0.535489667565,3.93034591959,0.778653436899,0.415094339623,0.785936912158,0.396641451468,2.18653061224,1.98147951821,0.785936912158,2.18653061224,0.456493016787,0.454374412041,161,0.121052631579,0.398438786394,21,21,21,1,0,0.333333333333,0.619047619048,0.047619047619,21,133,0.316666666667,2.19744341558,12.6666666667,9.5,6.33333333333,4.18728233265,0.330574920999,0.174364482635,5.83380950437,0.92112781648,0.496956677408,3.63776488154,0.574383928664,0.310776942356,0.921497631861,0.419349879649,2.4914332641,2.19744341558,0.921497631861,2.4914332641,0.583622609883,0.596774193548,296,0.222556390977,0.375658050325,21,21,21,1,0,0.333333333333,0.666666666667,0,27,0.0642857142857,0.215963897369,2.57142857143,1.92857142857,1.03333333333,0.596951402155,-0.0250710673994,-0.00353309148883,0.789246188525,-0.0782668026976,-0.0385329901573,-0.292581038052,-0.204269508236,-0.104317397267,0.135560719704,0.0227084281819,0.304902651858,0.215963897369,0.135560719704,0.304902651858,0.127129593096,0.142399781507,135,0.101503759398,-0.0227807360688,0,0.047619047619,-0.047619047619,100,33,6,281,0.943396226415,0.894904458599,0.105095541401,0.0566037735849,0.751879699248,0.943396226415,0.836820083682,0.782799985352,0.838300685014,0.719424460432,59,32,0,0,0,0
327,WLNM_dir_neg,0.79541015625,0.484478986598,00:00:00,10,70,27,1291447418,fixed,0.5,0.6,0.9375,0.731707317073,30,20,2,44,0.9375,0.6875,0.3125,0.0625,0.6,0.9375,0.731707317073,0.770833333333,0.493055555556,0.547945205479,0.58976782462,0.625,106,74,32,0,106,0,74,0,32,21,106,0.252380952381,1.98147951821,10.0952380952,7.57142857143,5.3,3.5903309305,0.355645988398,0.177897574124,5.04456331585,0.999394619178,0.535489667565,3.93034591959,0.778653436899,0.415094339623,0.785936912158,0.396641451468,2.18653061224,1.98147951821,0.785936912158,2.18653061224,0.456493016787,0.454374412041,161,0.121052631579,0.398438786394,21,21,21,1,0,0.333333333333,0.619047619048,0.047619047619,21,124,0.295238095238,2.04703914764,11.8095238095,8.85714285714,6.2,4.10632497032,0.347713001519,0.18356374808,6.09019508641,1.03140400657,0.549923195084,4.14613991448,0.702168856485,0.375576036866,0.813786126601,0.397543020875,2.07845148677,2.04703914764,0.813786126601,2.07845148677,0.601934150342,0.571725571726,275,0.206766917293,0.438221266395,21,21,21,1,0,0.333333333333,0.619047619048,0.047619047619,18,0.0428571428571,0.0655596294248,1.71428571429,1.28571428571,0.9,0.515994039828,-0.00793298687883,0.00566617395589,1.04563177056,0.0320093873908,0.0144335275193,0.215793994896,-0.0764845804143,-0.0395183027563,0.0278492144432,0.000901569407002,-0.108079125479,0.0655596294248,0.0278492144432,-0.108079125479,0.145441133555,0.117351159684,114,0.0857142857143,0.0397824800012,0,0,0,104,20,2,294,0.981132075472,0.936305732484,0.0636942675159,0.0188679245283,0.838709677419,0.981132075472,0.904347826087,0.873650424286,0.917437807956,0.825396825397,50,32,0,0,0,0
328,WLNM_dir_neg,0.78076171875,0.30451435389,00:00:00,10,70,28,1291447419,fixed,0.5,0.510204081633,0.78125,0.617283950617,25,24,7,40,0.78125,0.625,0.375,0.21875,0.510204081633,0.78125,0.617283950617,0.677083333333,0.496527777778,0.358620689655,0.383099320039,0.40625,106,74,32,0,106,0,74,0,32,21,106,0.252380952381,1.98147951821,10.0952380952,7.57142857143,5.3,3.5903309305,0.355645988398,0.177897574124,5.04456331585,0.999394619178,0.535489667565,3.93034591959,0.778653436899,0.415094339623,0.785936912158,0.396641451468,2.18653061224,1.98147951821,0.785936912158,2.18653061224,0.456493016787,0.454374412041,161,0.121052631579,0.398438786394,21,21,21,1,0,0.333333333333,0.619047619048,0.047619047619,21,123,0.292857142857,1.92965251516,11.7142857143,9.46153846154,6.15,3.92610312069,0.335155144449,0.173054587689,5.68582196596,0.970750091749,0.519550909795,3.79849594295,0.648523697576,0.356174990321,0.788603774072,0.408676571495,2.21114716492,1.92965251516,0.788603774072,2.21114716492,0.608861796467,0.577598828697,263,0.197744360902,0.43528619142,21,21,21,1,0,0.380952380952,0.571428571429,0.047619047619,17,0.0404761904762,-0.0518270030549,1.61904761905,1.89010989011,0.85,0.335772190193,-0.0204908439491,-0.00484298643526,0.641258650108,-0.0286445274289,-0.0159387577703,-0.131849976642,-0.130129739323,-0.0589193493013,0.00266686191411,0.0120351200274,0.0246165526791,-0.0518270030549,0.00266686191411,0.0246165526791,0.15236877968,0.123224416656,102,0.0766917293233,0.0368474050263,0.047619047619,-0.047619047619,0,99,24,7,290,0.933962264151,0.923566878981,0.0764331210191,0.0660377358491,0.80487804878,0.933962264151,0.864628820961,0.818532381101,0.857529143132,0.761538461538,49,32,0,0,0,0
329,WLNM_dir_neg,0.898681640625,0.566869268966,00:00:01,10,70,29,1291447420,fixed,0.5,0.584905660377,0.96875,0.729411764706,31,22,1,42,0.96875,0.65625,0.34375,0.03125,0.584905660377,0.96875,0.729411764706,0.760416666667,0.482638888889,0.536912751678,0.592478821575,0.625,106,74,32,0,106,0,74,0,32,21,106,0.252380952381,1.98147951821,10.0952380952,7.57142857143,5.3,3.5903309305,0.355645988398,0.177897574124,5.04456331585,0.999394619178,0.535489667565,3.93034591959,0.778653436899,0.415094339623,0.785936912158,0.396641451468,2.18653061224,1.98147951821,0.785936912158,2.18653061224,0.456493016787,0.454374412041,161,0.121052631579,0.398438786394,21,21,21,1,0,0.333333333333,0.619047619048,0.047619047619,21,127,0.302380952381,2.11459498172,12.0952380952,9.07142857143,6.04761904762,4.09761835588,0.338779470368,0.169478815148,5.87772226697,0.971906831546,0.527184101987,3.80100237406,0.628512203585,0.344206974128,0.847831674278,0.400942819598,2.0859087274,2.11459498172,0.847831674278,2.0859087274,0.638430116659,0.602442333786,296,0.222556390977,0.382921453596,21,21,21,1,0,0.333333333333,0.666666666667,0,21,0.05,0.133115463506,2,1.5,0.747619047619,0.507287425388,-0.0168665180298,-0.00841875897588,0.833158951119,-0.0274877876318,-0.00830556557789,-0.129343545526,-0.150141233315,-0.0708873654944,0.0618947621202,0.00430136813009,-0.100621884849,0.133115463506,0.0618947621202,-0.100621884849,0.181937099872,0.148067921744,135,0.101503759398,-0.0155173327978,0,0.047619047619,-0.047619047619,105,22,1,292,0.990566037736,0.929936305732,0.0700636942675,0.00943396226415,0.826771653543,0.990566037736,0.901287553648,0.87057658961,0.920502343468,0.8203125,53,32,0,0,0,0
330,WLNM_dir_neg,0.79052734375,0.38627438414,00:00:00,10,70,30,1291447421,fixed,0.5,0.472727272727,0.8125,0.597701149425,26,29,6,35,0.8125,0.546875,0.453125,0.1875,0.472727272727,0.8125,0.597701149425,0.635416666667,0.475694444444,0.304635761589,0.34248343058,0.359375,106,74,32,0,106,0,74,0,32,21,106,0.252380952381,1.98147951821,10.0952380952,7.57142857143,5.3,3.5903309305,0.355645988398,0.177897574124,5.04456331585,0.999394619178,0.535489667565,3.93034591959,0.778653436899,0.415094339623,0.785936912158,0.396641451468,2.18653061224,1.98147951821,0.785936912158,2.18653061224,0.456493016787,0.454374412041,161,0.121052631579,0.398438786394,21,21,21,1,0,0.333333333333,0.619047619048,0.047619047619,21,129,0.307142857143,2.24051348297,12.2857142857,9.21428571429,6.14285714286,5.06105579047,0.41194640155,0.216315983758,6.33471162947,1.03123212573,0.552233296419,3.05427101426,0.497206909299,0.270948689553,1.00054094496,0.446567696451,3.21370178465,2.24051348297,1.00054094496,3.21370178465,0.599415869484,0.563773584906,249,0.187218045113,0.314270171089,21,21,21,1,0,0.333333333333,0.666666666667,0,23,0.0547619047619,0.259033964754,2.19047619048,1.64285714286,0.842857142857,1.47072485998,0.056300413152,0.0384184096339,1.29014831362,0.0318375065502,0.0167436288542,-0.876074905324,-0.281446527601,-0.144145650069,0.214604032799,0.0499262449835,1.02717117241,0.259033964754,0.214604032799,1.02717117241,0.142922852697,0.109399172864,88,0.0661654135338,-0.0841686153053,0,0.047619047619,-0.047619047619,100,29,6,285,0.943396226415,0.907643312102,0.0923566878981,0.0566037735849,0.77519379845,0.943396226415,0.851063829787,0.801357202198,0.851039538517,0.740740740741,55,32,0,0,0,0
331,WLNM_dir_neg,0.83251953125,0.610285285918,00:00:00,10,70,31,1291447422,fixed,0.5,0.54,0.84375,0.658536585366,27,23,5,41,0.84375,0.640625,0.359375,0.15625,0.54,0.84375,0.658536585366,0.708333333333,0.493055555556,0.424657534247,0.45707006408,0.484375,106,74,32,0,106,0,74,0,32,21,106,0.252380952381,1.98147951821,10.0952380952,7.57142857143,5.3,3.5903309305,0.355645988398,0.177897574124,5.04456331585,0.999394619178,0.535489667565,3.93034591959,0.778653436899,0.415094339623,0.785936912158,0.396641451468,2.18653061224,1.98147951821,0.785936912158,2.18653061224,0.456493016787,0.454374412041,161,0.121052631579,0.398438786394,21,21,21,1,0,0.333333333333,0.619047619048,0.047619047619,21,124,0.295238095238,1.99216202808,11.8095238095,8.85714285714,5.90476190476,4.35452692745,0.368730102728,0.191244239631,6.04900621511,1.02442847191,0.549155145929,3.57637752348,0.605676838654,0.31797235023,0.779273257697,0.391169617087,2.11789002366,1.99216202808,0.779273257697,2.11789002366,0.588696785302,0.555875991348,257,0.193233082707,0.391230042502,21,21,21,1,0,0.333333333333,0.666666666667,0,18,0.0428571428571,0.0106825098619,1.71428571429,1.28571428571,0.604761904762,0.764195996956,0.0130841143296,0.0133466655073,1.00444289926,0.0250338527365,0.0136654783642,-0.353968396104,-0.172976598245,-0.0971219893922,-0.00666365446043,-0.00547183438082,-0.0686405885873,0.0106825098619,-0.00666365446043,-0.0686405885873,0.132203768515,0.101501579307,96,0.0721804511278,-0.00720874389222,0,0.047619047619,-0.047619047619,101,23,5,291,0.952830188679,0.926751592357,0.0732484076433,0.0471698113208,0.814516129032,0.952830188679,0.878260869565,0.837601186187,0.879581781036,0.782945736434,50,32,0,0,0,0
332,WLNM_dir_neg,0.8173828125,0.658703396802,00:00:00,10,70,32,1291447423,fixed,0.5,0.594594594595,0.6875,0.63768115942,22,15,10,49,0.6875,0.765625,0.234375,0.3125,0.594594594595,0.6875,0.63768115942,0.739583333333,0.538194444444,0.436090225564,0.438890451272,0.453125,106,74,32,0,106,0,74,0,32,21,106,0.252380952381,1.98147951821,10.0952380952,7.57142857143,5.3,3.5903309305,0.355645988398,0.177897574124,5.04456331585,0.999394619178,0.535489667565,3.93034591959,0.778653436899,0.415094339623,0.785936912158,0.396641451468,2.18653061224,1.98147951821,0.785936912158,2.18653061224,0.456493016787,0.454374412041,161,0.121052631579,0.398438786394,21,21,21,1,0,0.333333333333,0.619047619048,0.047619047619,21,111,0.264285714286,1.98356065168,10.5714285714,7.92857142857,5.28571428571,4.31939149153,0.408591087037,0.220935220935,5.56904711008,1.05360350731,0.562848562849,3.24257393351,0.613459933367,0.324324324324,0.771524781971,0.388959511432,2.0916394647,1.98356065168,0.771524781971,2.0916394647,0.608307067153,0.548497854077,213,0.16015037594,0.313809204259,21,21,21,1,0,0.333333333333,0.666666666667,0,5,0.0119047619048,0.00208113346085,0.47619047619,0.357142857143,-0.0142857142857,0.729060561039,0.0529450986389,0.0430376468112,0.52448379423,0.0542088881345,0.0273588952834,-0.687771986077,-0.165193503532,-0.0907700152983,-0.0144121301865,-0.0076819400356,-0.0948911475458,0.00208113346085,-0.0144121301865,-0.0948911475458,0.151814050366,0.0941234420359,52,0.0390977443609,-0.0846295821349,0,0.047619047619,-0.047619047619,96,15,10,299,0.905660377358,0.952229299363,0.0477707006369,0.0943396226415,0.864864864865,0.905660377358,0.884792626728,0.845100715517,0.857889676722,0.793388429752,37,32,0,0,0,0
333,WLNM_dir_neg,0.7109375,0.555777359258,00:00:00,10,70,33,1291447424,fixed,0.5,0.5,0.5,0.5,16,16,16,48,0.5,0.75,0.25,0.5,0.5,0.5,0.5,0.666666666667,0.555555555556,0.25,0.25,0.25,106,74,32,0,106,0,74,0,32,21,106,0.252380952381,1.98147951821,10.0952380952,7.57142857143,5.3,3.5903309305,0.355645988398,0.177897574124,5.04456331585,0.999394619178,0.535489667565,3.93034591959,0.778653436899,0.415094339623,0.785936912158,0.396641451468,2.18653061224,1.98147951821,0.785936912158,2.18653061224,0.456493016787,0.454374412041,161,0.121052631579,0.398438786394,21,21,21,1,0,0.333333333333,0.619047619048,0.047619047619,21,106,0.252380952381,1.83689036066,10.0952380952,8.15384615385,5.88888888889,3.23890046011,0.320834479539,0.16576819407,4.71673817883,0.934448129768,0.500449236298,4.51083352027,0.893655697413,0.480682839173,0.69543814809,0.378595349501,1.69721062744,1.83689036066,0.69543814809,1.69721062744,0.452129880701,0.45463049579,162,0.121804511278,0.502723131569,21,21,21,1,0,0.380952380952,0.47619047619,0.142857142857,0,0,-0.144589157554,0,0.582417582418,0.588888888889,-0.35143047039,-0.0348115088594,-0.0121293800539,-0.327825137021,-0.0649464894099,-0.0350404312668,0.580487600685,0.115002260513,0.0655884995508,-0.090498764068,-0.0180461019663,-0.489319984802,-0.144589157554,-0.090498764068,-0.489319984802,-0.00436313608583,0.000256083749066,1,0.000751879699248,0.104284345175,0.047619047619,-0.142857142857,0.0952380952381,90,16,16,298,0.849056603774,0.949044585987,0.0509554140127,0.150943396226,0.849056603774,0.849056603774,0.849056603774,0.798101189761,0.798101189761,0.737704918033,32,32,0,0,0,0
334,WLNM_dir_neg,0.819580078125,0.665660599895,00:00:00,10,70,34,1291447425,fixed,0.5,0.531914893617,0.78125,0.632911392405,25,22,7,42,0.78125,0.65625,0.34375,0.21875,0.531914893617,0.78125,0.632911392405,0.697916666667,0.503472222222,0.391608391608,0.412568498504,0.4375,106,74,32,0,106,0,74,0,32,21,106,0.252380952381,1.98147951821,10.0952380952,7.57142857143,5.3,3.5903309305,0.355645988398,0.177897574124,5.04456331585,0.999394619178,0.535489667565,3.93034591959,0.778653436899,0.415094339623,0.785936912158,0.396641451468,2.18653061224,1.98147951821,0.785936912158,2.18653061224,0.456493016787,0.454374412041,161,0.121052631579,0.398438786394,21,21,21,1,0,0.333333333333,0.619047619048,0.047619047619,21,121,0.288095238095,2.09199743654,11.5238095238,8.64285714286,5.7619047619,4.43417464269,0.384783749986,0.202676111767,5.80434976466,1.00736648808,0.54230617867,3.50577754435,0.608440730838,0.332939787485,0.860310586944,0.411238834197,2.29011448043,2.09199743654,0.860310586944,2.29011448043,0.679036470843,0.631924198251,289,0.217293233083,0.335981968592,21,21,21,1,0,0.333333333333,0.666666666667,0,15,0.0357142857143,0.110517918321,1.42857142857,1.07142857143,0.461904761905,0.843843712197,0.0291377615876,0.024778537643,0.759786448807,0.00797186890318,0.00681651110468,-0.424568375237,-0.170212706062,-0.0821545521374,0.074373674786,0.0145973827294,0.103583868181,0.110517918321,0.074373674786,0.103583868181,0.222543454056,0.177549786209,128,0.0962406015038,-0.0624568178016,0,0.047619047619,-0.047619047619,99,22,7,292,0.933962264151,0.929936305732,0.0700636942675,0.0660377358491,0.818181818182,0.933962264151,0.872246696035,0.828613934532,0.863898569883,0.7734375,47,32,0,0,0,0
335,WLNM_dir_neg,0.841064453125,0.628794549674,00:00:00,10,70,35,1291447426,fixed,0.5,0.604651162791,0.8125,0.693333333333,26,17,6,47,0.8125,0.734375,0.265625,0.1875,0.604651162791,0.8125,0.693333333333,0.760416666667,0.517361111111,0.503597122302,0.518418968878,0.546875,106,74,32,0,106,0,74,0,32,21,106,0.252380952381,1.98147951821,10.0952380952,7.57142857143,5.3,3.5903309305,0.355645988398,0.177897574124,5.04456331585,0.999394619178,0.535489667565,3.93034591959,0.778653436899,0.415094339623,0.785936912158,0.396641451468,2.18653061224,1.98147951821,0.785936912158,2.18653061224,0.456493016787,0.454374412041,161,0.121052631579,0.398438786394,21,21,21,1,0,0.333333333333,0.619047619048,0.047619047619,21,117,0.278571428571,2.06636437831,11.1428571429,8.35714285714,6.15789473684,4.06553458091,0.364855667518,0.187627187627,5.32514251989,0.955794811262,0.520960520961,4.0567404227,0.728132896381,0.397232397232,0.8389817965,0.406018321505,2.16635162952,2.06636437831,0.8389817965,2.16635162952,0.499492313242,0.519083969466,204,0.153383458647,0.395880726327,21,21,21,1,0,0.333333333333,0.571428571429,0.0952380952381,11,0.0261904761905,0.0848848600987,1.04761904762,0.785714285714,0.857894736842,0.475203650414,0.00920967911934,0.0097296135032,0.28057920404,-0.0435998079155,-0.0145291466046,0.126394503109,-0.0505205405179,-0.0178619423902,0.0530448843427,0.0093768700375,-0.0201789827231,0.0848848600987,0.0530448843427,-0.0201789827231,0.0429992964552,0.0647095574243,43,0.0323308270677,-0.00255806006708,0,-0.047619047619,0.047619047619,100,17,6,297,0.943396226415,0.945859872611,0.0541401273885,0.0566037735849,0.854700854701,0.943396226415,0.896860986547,0.861648951849,0.889256099027,0.813008130081,43,32,0,0,0,0
336,WLNM_dir_neg,0.8330078125,0.62911223646,00:00:00,10,70,36,1291447427,fixed,0.5,0.571428571429,0.875,0.691358024691,28,21,4,43,0.875,0.671875,0.328125,0.125,0.571428571429,0.875,0.691358024691,0.739583333333,0.496527777778,0.48275862069,0.515710623129,0.546875,106,74,32,0,106,0,74,0,32,21,106,0.252380952381,1.98147951821,10.0952380952,7.57142857143,5.3,3.5903309305,0.355645988398,0.177897574124,5.04456331585,0.999394619178,0.535489667565,3.93034591959,0.778653436899,0.415094339623,0.785936912158,0.396641451468,2.18653061224,1.98147951821,0.785936912158,2.18653061224,0.456493016787,0.454374412041,161,0.121052631579,0.398438786394,21,21,21,1,0,0.333333333333,0.619047619048,0.047619047619,21,123,0.292857142857,1.89551196543,11.7142857143,9.46153846154,5.85714285714,3.66255180363,0.312656861286,0.164924506388,5.76442290508,0.984169764281,0.52651955091,3.48260985879,0.594591927111,0.329849012776,0.753650626739,0.397597398742,2.01706270597,1.89551196543,0.753650626739,2.01706270597,0.544137038122,0.531441717791,231,0.173684210526,0.393193814005,21,21,21,1,0,0.380952380952,0.619047619048,0,17,0.0404761904762,-0.0859675527863,1.61904761905,1.89010989011,0.557142857143,0.0722208731357,-0.0429891271126,-0.0129730677361,0.719859589227,-0.0152248548965,-0.00897011665534,-0.447736060793,-0.184061509788,-0.0852453268468,-0.0322862854191,0.000955947274515,-0.169467906271,-0.0859675527863,-0.0322862854191,-0.169467906271,0.0876440213349,0.07706730575,70,0.0526315789474,-0.00524497238851,0.047619047619,0,-0.047619047619,102,21,4,293,0.962264150943,0.933121019108,0.0668789808917,0.0377358490566,0.829268292683,0.962264150943,0.890829694323,0.854666877639,0.895385170052,0.803149606299,49,32,0,0,0,0
337,WLNM_dir_neg,0.8251953125,0.646908297367,00:00:00,10,70,37,1291447428,fixed,0.5,0.574468085106,0.84375,0.683544303797,27,20,5,44,0.84375,0.6875,0.3125,0.15625,0.574468085106,0.84375,0.683544303797,0.739583333333,0.503472222222,0.475524475524,0.500976033897,0.53125,106,74,32,0,106,0,74,0,32,21,106,0.252380952381,1.98147951821,10.0952380952,7.57142857143,5.3,3.5903309305,0.355645988398,0.177897574124,5.04456331585,0.999394619178,0.535489667565,3.93034591959,0.778653436899,0.415094339623,0.785936912158,0.396641451468,2.18653061224,1.98147951821,0.785936912158,2.18653061224,0.456493016787,0.454374412041,161,0.121052631579,0.398438786394,21,21,21,1,0,0.333333333333,0.619047619048,0.047619047619,21,121,0.288095238095,1.99093234801,11.5238095238,8.64285714286,5.7619047619,4.00773062492,0.347778277369,0.178669815033,5.54891666819,0.963035124231,0.521054702873,3.78027461839,0.656080718895,0.330578512397,0.7729780844,0.388249296956,2.07219227669,1.99093234801,0.7729780844,2.07219227669,0.585414968343,0.558245083207,246,0.184962406015,0.398820036872,21,21,21,1,0,0.333333333333,0.666666666667,0,15,0.0357142857143,0.00945282979365,1.42857142857,1.07142857143,0.461904761905,0.417399694422,-0.00786771102928,0.000772240909462,0.504353352336,-0.0363594949471,-0.0144349646923,-0.150071301193,-0.122572718005,-0.0845158272259,-0.0129588277573,-0.00839215451184,-0.114338335551,0.00945282979365,-0.0129588277573,-0.114338335551,0.128921951556,0.103870671166,85,0.0639097744361,0.000381250477787,0,0.047619047619,-0.047619047619,101,20,5,294,0.952830188679,0.936305732484,0.0636942675159,0.0471698113208,0.834710743802,0.952830188679,0.88986784141,0.852820504227,0.889135921163,0.801587301587,47,32,0,0,0,0
338,WLNM_dir_neg,0.792724609375,0.516398688103,00:00:00,10,70,38,1291447429,fixed,0.5,0.575,0.71875,0.638888888889,23,17,9,47,0.71875,0.734375,0.265625,0.28125,0.575,0.71875,0.638888888889,0.729166666667,0.527777777778,0.426470588235,0.433270370884,0.453125,106,74,32,0,106,0,74,0,32,21,106,0.252380952381,1.98147951821,10.0952380952,7.57142857143,5.3,3.5903309305,0.355645988398,0.177897574124,5.04456331585,0.999394619178,0.535489667565,3.93034591959,0.778653436899,0.415094339623,0.785936912158,0.396641451468,2.18653061224,1.98147951821,0.785936912158,2.18653061224,0.456493016787,0.454374412041,161,0.121052631579,0.398438786394,21,21,21,1,0,0.333333333333,0.619047619048,0.047619047619,21,114,0.271428571429,2.04319536741,10.8571428571,8.14285714286,5.42857142857,3.60951124511,0.332454983102,0.169172932331,5.29689936257,0.97574461942,0.528822055138,3.88035344487,0.714801950371,0.391812865497,0.813211327616,0.398009578813,2.04267990784,2.04319536741,0.813211327616,2.04267990784,0.522440614941,0.520034843206,199,0.14962406015,0.362801225026,21,21,21,1,0,0.333333333333,0.666666666667,0,8,0.0190476190476,0.0617158491994,0.761904761905,0.571428571429,0.128571428571,0.0191803146134,-0.023191005296,-0.00872464179316,0.252336046715,-0.0236499997579,-0.00666761242729,-0.049992474714,-0.063851486528,-0.0232814741256,0.0272744154585,0.00136812734509,-0.143850704402,0.0617158491994,0.0272744154585,-0.143850704402,0.0659475981535,0.0656604311642,38,0.0285714285714,-0.0356375613673,0,0.047619047619,-0.047619047619,97,17,9,297,0.915094339623,0.945859872611,0.0541401273885,0.0849056603774,0.850877192982,0.915094339623,0.881818181818,0.84097807384,0.860954212234,0.788617886179,40,32,0,0,0,0
339,WLNM_dir_neg,0.7763671875,0.528759033758,00:00:00,10,70,39,1291447430,fixed,0.5,0.526315789474,0.9375,0.674157303371,30,27,2,37,0.9375,0.578125,0.421875,0.0625,0.526315789474,0.9375,0.674157303371,0.697916666667,0.46875,0.43137254902,0.494913397732,0.515625,106,74,32,0,106,0,74,0,32,21,106,0.252380952381,1.98147951821,10.0952380952,7.57142857143,5.3,3.5903309305,0.355645988398,0.177897574124,5.04456331585,0.999394619178,0.535489667565,3.93034591959,0.778653436899,0.415094339623,0.785936912158,0.396641451468,2.18653061224,1.98147951821,0.785936912158,2.18653061224,0.456493016787,0.454374412041,161,0.121052631579,0.398438786394,21,21,21,1,0,0.333333333333,0.619047619048,0.047619047619,21,131,0.311904761905,2.12995247011,12.4761904762,9.35714285714,6.2380952381,4.65423514252,0.373049381653,0.200654307525,6.05726639587,0.97101217033,0.527808069793,3.34521691232,0.53625614625,0.287895310796,0.881417609436,0.413820318436,2.20551305899,2.12995247011,0.881417609436,2.20551305899,0.622954044007,0.589285714286,275,0.206766917293,0.354915314181,21,21,21,1,0,0.333333333333,0.666666666667,0,25,0.0595238095238,0.148472951899,2.38095238095,1.78571428571,0.938095238095,1.06390421203,0.0174033932545,0.0227567334005,1.01270308002,-0.0283824488483,-0.00768159777234,-0.585129007267,-0.24239729065,-0.127199028827,0.0954806972785,0.0171788669686,0.0189824467441,0.148472951899,0.0954806972785,0.0189824467441,0.16646102722,0.134911302244,114,0.0857142857143,-0.0435234722127,0,0.047619047619,-0.047619047619,104,27,2,287,0.981132075472,0.914012738854,0.0859872611465,0.0188679245283,0.793893129771,0.981132075472,0.877637130802,0.839317904278,0.895144814325,0.781954887218,57,32,0,0,0,0
340,WLNM_dir_neg,0.8603515625,0.637774613981,00:00:00,10,70,40,1291447431,fixed,0.5,0.566037735849,0.9375,0.705882352941,30,23,2,41,0.9375,0.640625,0.359375,0.0625,0.566037735849,0.9375,0.705882352941,0.739583333333,0.482638888889,0.496644295302,0.548042909957,0.578125,106,74,32,0,106,0,74,0,32,21,106,0.252380952381,1.98147951821,10.0952380952,7.57142857143,5.3,3.5903309305,0.355645988398,0.177897574124,5.04456331585,0.999394619178,0.535489667565,3.93034591959,0.778653436899,0.415094339623,0.785936912158,0.396641451468,2.18653061224,1.98147951821,0.785936912158,2.18653061224,0.456493016787,0.454374412041,161,0.121052631579,0.398438786394,21,21,21,1,0,0.333333333333,0.619047619048,0.047619047619,21,127,0.302380952381,2.13252765656,12.0952380952,9.07142857143,6.04761904762,4.45987401061,0.368729741034,0.198350206224,5.82645853393,0.96343015128,0.524934383202,3.49965984742,0.578683911778,0.319460067492,0.911975975436,0.4276502453,2.48282424781,2.13252765656,0.911975975436,2.48282424781,0.631811353749,0.617463617464,297,0.223308270677,0.367641366306,21,21,21,1,0,0.333333333333,0.666666666667,0,21,0.05,0.151048138343,2,1.5,0.747619047619,0.86954308011,0.0130837526361,0.0204526321002,0.781895218081,-0.0359644678979,-0.010555284363,-0.430686072171,-0.199969525122,-0.0956342721311,0.126039063279,0.0310087938327,0.296293635562,0.151048138343,0.126039063279,0.296293635562,0.175318336961,0.163089205422,136,0.102255639098,-0.0307974200882,0,0.047619047619,-0.047619047619,104,23,2,291,0.981132075472,0.926751592357,0.0732484076433,0.0188679245283,0.818897637795,0.981132075472,0.892703862661,0.858642319499,0.907883667828,0.806201550388,53,32,0,0,0,0
341,WLNM_dir_neg,0.760498046875,0.458234615882,00:00:00,10,70,41,1291447432,fixed,0.5,0.527272727273,0.90625,0.666666666667,29,26,3,38,0.90625,0.59375,0.40625,0.09375,0.527272727273,0.90625,0.666666666667,0.697916666667,0.475694444444,0.423841059603,0.476498686024,0.5,106,74,32,0,106,0,74,0,32,21,106,0.252380952381,1.98147951821,10.0952380952,7.57142857143,5.3,3.5903309305,0.355645988398,0.177897574124,5.04456331585,0.999394619178,0.535489667565,3.93034591959,0.778653436899,0.415094339623,0.785936912158,0.396641451468,2.18653061224,1.98147951821,0.785936912158,2.18653061224,0.456493016787,0.454374412041,161,0.121052631579,0.398438786394,21,21,21,1,0,0.333333333333,0.619047619048,0.047619047619,21,129,0.307142857143,2.10618902941,12.2857142857,9.21428571429,6.14285714286,4.16104382509,0.33868961367,0.176818014027,6.00238048016,0.977131706072,0.527870062754,3.59563227104,0.585335485984,0.320413436693,0.863432465483,0.409950129559,2.38146991191,2.10618902941,0.863432465483,2.38146991191,0.631997747367,0.61099796334,300,0.225563909774,0.371284570282,21,21,21,1,0,0.333333333333,0.666666666667,0,23,0.0547619047619,0.124709511199,2.19047619048,1.64285714286,0.842857142857,0.57071289459,-0.0169563747284,-0.00107956009667,0.957817164307,-0.0222629131057,-0.00761960481136,-0.334713648544,-0.193317950916,-0.0946809029301,0.0774955533257,0.0133086780914,0.194939299661,0.124709511199,0.0774955533257,0.194939299661,0.17550473058,0.156623551299,139,0.104511278195,-0.027154216112,0,0.047619047619,-0.047619047619,103,26,3,288,0.971698113208,0.917197452229,0.0828025477707,0.0283018867925,0.798449612403,0.971698113208,0.876595744681,0.837003254403,0.888895565437,0.780303030303,55,32,0,0,0,0
342,WLNM_dir_neg,0.8271484375,0.64292968396,00:00:00,10,70,42,1291447433,fixed,0.5,0.571428571429,0.875,0.691358024691,28,21,4,43,0.875,0.671875,0.328125,0.125,0.571428571429,0.875,0.691358024691,0.739583333333,0.496527777778,0.48275862069,0.515710623129,0.546875,106,74,32,0,106,0,74,0,32,21,106,0.252380952381,1.98147951821,10.0952380952,7.57142857143,5.3,3.5903309305,0.355645988398,0.177897574124,5.04456331585,0.999394619178,0.535489667565,3.93034591959,0.778653436899,0.415094339623,0.785936912158,0.396641451468,2.18653061224,1.98147951821,0.785936912158,2.18653061224,0.456493016787,0.454374412041,161,0.121052631579,0.398438786394,21,21,21,1,0,0.333333333333,0.619047619048,0.047619047619,21,123,0.292857142857,1.94738058109,11.7142857143,9.46153846154,5.85714285714,4.10052261478,0.350044613456,0.182346109175,5.67702135178,0.969247547865,0.521873790166,3.41006912372,0.582206923563,0.312814556717,0.80018948255,0.410905546826,2.08648644654,1.94738058109,0.80018948255,2.08648644654,0.581188878038,0.548165137615,239,0.17969924812,0.410666849788,21,21,21,1,0,0.380952380952,0.619047619048,0,17,0.0404761904762,-0.0340989371243,1.61904761905,1.89010989011,0.557142857143,0.51019168428,-0.00560137494174,0.00444853505139,0.632458035931,-0.0301470713129,-0.0136158773987,-0.520276795864,-0.196446513337,-0.102279782906,0.0142525703926,0.014264095358,-0.100044165702,-0.0340989371243,0.0142525703926,-0.100044165702,0.12469586125,0.0937907255733,78,0.0586466165414,0.0122280633939,0.047619047619,0,-0.047619047619,102,21,4,293,0.962264150943,0.933121019108,0.0668789808917,0.0377358490566,0.829268292683,0.962264150943,0.890829694323,0.854666877639,0.895385170052,0.803149606299,49,32,0,0,0,0
343,WLNM_dir_neg,0.79150390625,0.687809526298,00:00:00,10,70,43,1291447434,fixed,0.5,0.724137931034,0.65625,0.688524590164,21,8,11,56,0.65625,0.875,0.125,0.34375,0.724137931034,0.65625,0.688524590164,0.802083333333,0.565972222222,0.544,0.545415554058,0.53125,106,74,32,0,106,0,74,0,32,21,106,0.252380952381,1.98147951821,10.0952380952,7.57142857143,5.3,3.5903309305,0.355645988398,0.177897574124,5.04456331585,0.999394619178,0.535489667565,3.93034591959,0.778653436899,0.415094339623,0.785936912158,0.396641451468,2.18653061224,1.98147951821,0.785936912158,2.18653061224,0.456493016787,0.454374412041,161,0.121052631579,0.398438786394,21,21,21,1,0,0.333333333333,0.619047619048,0.047619047619,21,103,0.245238095238,1.72632299673,9.80952380952,8.58333333333,5.15,3.98270068696,0.406003468088,0.210355987055,5.01901147543,1.02329360179,0.539990753583,4.18216166479,0.852673737482,0.453999075358,0.677358344513,0.392370573639,1.76643098965,1.76263914657,0.673653205615,1.76643098965,0.512637525873,0.488235294118,166,0.124812030075,0.546353844085,21,20,20,0.952380952381,0,0.380952380952,0.571428571429,0,-3,-0.00714285714286,-0.255156521483,-0.285714285714,1.0119047619,-0.15,0.392369756463,0.0503574796899,0.032458412931,-0.0255518404221,0.0238989826084,0.00450108601785,0.251815745207,0.0740203005829,0.0389047357357,-0.108578567644,-0.00427087782874,-0.4200996226,-0.218840371646,-0.112283706543,-0.4200996226,0.0561445090857,0.0338608820763,5,0.00375939849624,0.147915057691,0.047619047619,-0.047619047619,-0.047619047619,95,8,11,306,0.896226415094,0.974522292994,0.0254777070064,0.103773584906,0.922330097087,0.896226415094,0.909090909091,0.879148727813,0.870748708088,0.833333333333,29,32,0,0,0,0
344,WLNM_dir_neg,0.81005859375,0.597912679558,00:00:00,10,70,44,1291447435,fixed,0.5,0.620689655172,0.5625,0.590163934426,18,11,14,53,0.5625,0.828125,0.171875,0.4375,0.620689655172,0.5625,0.590163934426,0.739583333333,0.565972222222,0.4,0.401040848572,0.390625,106,74,32,0,106,0,74,0,32,21,106,0.252380952381,1.98147951821,10.0952380952,7.57142857143,5.3,3.5903309305,0.355645988398,0.177897574124,5.04456331585,0.999394619178,0.535489667565,3.93034591959,0.778653436899,0.415094339623,0.785936912158,0.396641451468,2.18653061224,1.98147951821,0.785936912158,2.18653061224,0.456493016787,0.454374412041,161,0.121052631579,0.398438786394,21,21,21,1,0,0.333333333333,0.619047619048,0.047619047619,21,103,0.245238095238,1.83207183807,9.80952380952,7.92307692308,4.90476190476,3.85511410491,0.392997068948,0.202034211743,4.76345212955,0.971189269131,0.525196486362,3.9988093466,0.815291226006,0.431807674526,0.715530778876,0.390558254326,1.88134446169,1.83207183807,0.715530778876,1.88134446169,0.506841988421,0.512922465209,172,0.129323308271,0.436288444462,21,21,21,1,0,0.380952380952,0.619047619048,0,-3,-0.00714285714286,-0.149407680142,-0.285714285714,0.351648351648,-0.395238095238,0.264783174418,0.0373510805493,0.024136637619,-0.281111186304,-0.0282053500471,-0.0102931812036,0.068463427015,0.0366377891069,0.0167133349035,-0.0704061332812,-0.00608319714201,-0.30518615055,-0.149407680142,-0.0704061332812,-0.30518615055,0.0503489716338,0.0585480531674,11,0.00827067669173,0.0378496580677,0.047619047619,0,-0.047619047619,92,11,14,303,0.867924528302,0.964968152866,0.0350318471338,0.132075471698,0.893203883495,0.867924528302,0.88038277512,0.840927507847,0.832892681168,0.786324786325,29,32,0,0,0,0
345,WLNM_dir_neg,0.826171875,0.284958235983,00:00:00,10,70,45,1291447436,fixed,0.5,0.574468085106,0.84375,0.683544303797,27,20,5,44,0.84375,0.6875,0.3125,0.15625,0.574468085106,0.84375,0.683544303797,0.739583333333,0.503472222222,0.475524475524,0.500976033897,0.53125,106,74,32,0,106,0,74,0,32,21,106,0.252380952381,1.98147951821,10.0952380952,7.57142857143,5.3,3.5903309305,0.355645988398,0.177897574124,5.04456331585,0.999394619178,0.535489667565,3.93034591959,0.778653436899,0.415094339623,0.785936912158,0.396641451468,2.18653061224,1.98147951821,0.785936912158,2.18653061224,0.456493016787,0.454374412041,161,0.121052631579,0.398438786394,21,21,21,1,0,0.333333333333,0.619047619048,0.047619047619,21,121,0.288095238095,1.83197963342,11.5238095238,10.0833333333,6.05,4.84374903994,0.420325329912,0.221172766627,5.92372148151,1.02808389348,0.550177095632,3.72699291527,0.646833481163,0.351829988194,0.770004763289,0.420312949577,1.86748396746,1.83197963342,0.770004763289,1.86748396746,0.649447307079,0.610207100592,275,0.206766917293,0.499969405328,21,21,21,1,0,0.428571428571,0.52380952381,0.047619047619,15,0.0357142857143,-0.149499884792,1.42857142857,2.5119047619,0.75,1.25341810944,0.0646793415138,0.0432751925033,0.879158165658,0.028689274307,0.0146874280665,-0.203353004317,-0.131819955737,-0.063264351429,-0.0159321488682,0.0236714981099,-0.319046644789,-0.149499884792,-0.0159321488682,-0.319046644789,0.192954290292,0.15583268855,114,0.0857142857143,0.101530618934,0.0952380952381,-0.0952380952381,0,101,20,5,294,0.952830188679,0.936305732484,0.0636942675159,0.0471698113208,0.834710743802,0.952830188679,0.88986784141,0.852820504227,0.889135921163,0.801587301587,47,32,0,0,0,0
346,WLNM_dir_neg,0.90966796875,0.853655311642,00:00:00,10,70,46,1291447437,fixed,0.5,0.636363636364,0.875,0.736842105263,28,16,4,48,0.875,0.75,0.25,0.125,0.636363636364,0.875,0.736842105263,0.791666666667,0.513888888889,0.571428571429,0.591312395989,0.625,106,74,32,0,106,0,74,0,32,21,106,0.252380952381,1.98147951821,10.0952380952,7.57142857143,5.3,3.5903309305,0.355645988398,0.177897574124,5.04456331585,0.999394619178,0.535489667565,3.93034591959,0.778653436899,0.415094339623,0.785936912158,0.396641451468,2.18653061224,1.98147951821,0.785936912158,2.18653061224,0.456493016787,0.454374412041,161,0.121052631579,0.398438786394,21,21,21,1,0,0.333333333333,0.619047619048,0.047619047619,21,118,0.280952380952,1.83744783153,11.2380952381,9.07692307692,6.21052631579,4.17018898738,0.371076138708,0.17998385795,5.66106165376,1.00747707397,0.543179983858,4.09238549597,0.72830589335,0.399515738499,0.720096760178,0.391900519744,1.9441762947,1.87932022311,0.712091140911,1.9441762947,0.551982929351,0.543545878694,233,0.175187969925,0.477227957691,21,20,20,0.952380952381,0,0.333333333333,0.571428571429,0.047619047619,12,0.0285714285714,-0.144031686685,1.14285714286,1.50549450549,0.910526315789,0.579858056885,0.0154301503095,0.00208628382597,0.616498337905,0.00808245479559,0.00769031629281,0.162039576382,-0.050347543549,-0.0155786011239,-0.0658401519799,-0.00474093172402,-0.242354317549,-0.102159295109,-0.0738457712468,-0.242354317549,0.0954899125642,0.0891714666522,72,0.0541353383459,0.0787891712967,0,-0.047619047619,0,102,16,4,298,0.962264150943,0.949044585987,0.0509554140127,0.0377358490566,0.864406779661,0.962264150943,0.910714285714,0.880721940326,0.911308736931,0.83606557377,44,32,0,0,0,0
347,WLNM_dir_neg,0.875,0.413863910572,00:00:00,10,70,47,1291447438,fixed,0.5,0.6,0.84375,0.701298701299,27,18,5,46,0.84375,0.71875,0.28125,0.15625,0.6,0.84375,0.701298701299,0.760416666667,0.510416666667,0.510638297872,0.531368931324,0.5625,106,74,32,0,106,0,74,0,32,21,106,0.252380952381,1.98147951821,10.0952380952,7.57142857143,5.3,3.5903309305,0.355645988398,0.177897574124,5.04456331585,0.999394619178,0.535489667565,3.93034591959,0.778653436899,0.415094339623,0.785936912158,0.396641451468,2.18653061224,1.98147951821,0.785936912158,2.18653061224,0.456493016787,0.454374412041,161,0.121052631579,0.398438786394,21,21,21,1,0,0.333333333333,0.619047619048,0.047619047619,21,119,0.283333333333,1.86262461544,11.3333333333,9.15384615385,5.95,3.96652660817,0.349987641897,0.181672669068,5.72130521239,1.0096420963,0.538615446178,3.82535401412,0.67506247308,0.368947579032,0.732584137968,0.393307450088,1.9421173738,1.86262461544,0.732584137968,1.9421173738,0.581175702604,0.548412083656,236,0.177443609023,0.440598301337,21,21,21,1,0,0.380952380952,0.571428571429,0.047619047619,13,0.0309523809524,-0.118854902778,1.2380952381,1.58241758242,0.65,0.376195677676,-0.00565834650069,0.00377509494364,0.676741896541,0.0102474771265,0.00312577861333,-0.104991905469,-0.10359096382,-0.046146760591,-0.0533527741901,-0.00333400137994,-0.244413238442,-0.118854902778,-0.0533527741901,-0.244413238442,0.124682685817,0.0940376716147,75,0.0563909774436,0.0421595149436,0.047619047619,-0.047619047619,0,101,18,5,296,0.952830188679,0.942675159236,0.0573248407643,0.0471698113208,0.848739495798,0.952830188679,0.897777777778,0.863235340655,0.895505347915,0.814516129032,45,32,0,0,0,0
348,WLNM_dir_neg,0.844482421875,0.623392716939,00:00:00,10,70,48,1291447439,fixed,0.5,0.657894736842,0.78125,0.714285714286,25,13,7,51,0.78125,0.796875,0.203125,0.21875,0.657894736842,0.78125,0.714285714286,0.791666666667,0.534722222222,0.55223880597,0.557289590644,0.578125,106,74,32,0,106,0,74,0,32,21,106,0.252380952381,1.98147951821,10.0952380952,7.57142857143,5.3,3.5903309305,0.355645988398,0.177897574124,5.04456331585,0.999394619178,0.535489667565,3.93034591959,0.778653436899,0.415094339623,0.785936912158,0.396641451468,2.18653061224,1.98147951821,0.785936912158,2.18653061224,0.456493016787,0.454374412041,161,0.121052631579,0.398438786394,21,21,21,1,0,0.333333333333,0.619047619048,0.047619047619,21,112,0.266666666667,1.79525138561,10.6666666667,8.61538461538,5.6,4.07839837845,0.38234984798,0.189200680272,5.46198986939,1.02412310051,0.547619047619,4.04145188433,0.757772228311,0.401360544218,0.687172129682,0.382772092639,1.85420993813,1.83501395489,0.679785752302,1.85420993813,0.492185347332,0.483700440529,183,0.137593984962,0.47548994324,21,20,20,0.952380952381,0,0.333333333333,0.619047619048,0,6,0.0142857142857,-0.186228132609,0.571428571429,1.04395604396,0.3,0.488067447953,0.0267038595814,0.0113031061481,0.417426553541,0.0247284813331,0.0121293800539,0.11110596474,-0.0208812085881,-0.013733795405,-0.0987647824757,-0.0138693588281,-0.332320674117,-0.146465563329,-0.106151159856,-0.332320674117,0.0356923305453,0.0293260284872,22,0.0165413533835,0.0770511568459,0,0,-0.047619047619,99,13,7,301,0.933962264151,0.958598726115,0.0414012738854,0.0660377358491,0.883928571429,0.933962264151,0.908256880734,0.876740944628,0.892560990266,0.831932773109,38,32,0,0,0,0
349,WLNM_dir_neg,0.87890625,0.708928277066,00:00:00,10,70,49,1291447440,fixed,0.5,0.6,0.84375,0.701298701299,27,18,5,46,0.84375,0.71875,0.28125,0.15625,0.6,0.84375,0.701298701299,0.760416666667,0.510416666667,0.510638297872,0.531368931324,0.5625,106,74,32,0,106,0,74,0,32,21,106,0.252380952381,1.98147951821,10.0952380952,7.57142857143,5.3,3.5903309305,0.355645988398,0.177897574124,5.04456331585,0.999394619178,0.535489667565,3.93034591959,0.778653436899,0.415094339623,0.785936912158,0.396641451468,2.18653061224,1.98147951821,0.785936912158,2.18653061224,0.456493016787,0.454374412041,161,0.121052631579,0.398438786394,21,21,21,1,0,0.333333333333,0.619047619048,0.047619047619,21,119,0.283333333333,1.85243603476,11.3333333333,9.15384615385,5.66666666667,3.99165796798,0.352205114822,0.188075230092,5.78215646047,1.02038055185,0.550620248099,3.71931893407,0.65635040013,0.356142456983,0.732003022081,0.395156976191,1.91921631479,1.85243603476,0.732003022081,1.91921631479,0.557182080291,0.536643026005,227,0.170676691729,0.424292514507,21,21,21,1,0,0.380952380952,0.619047619048,0,13,0.0309523809524,-0.129043483458,1.2380952381,1.58241758242,0.366666666667,0.401327037483,-0.00344087357648,0.010177655968,0.737593144618,0.0209859326695,0.0151305805341,-0.211026985517,-0.122303036769,-0.0589518826398,-0.0539338900765,-0.00148447527673,-0.267314297456,-0.129043483458,-0.0539338900765,-0.267314297456,0.100689063504,0.0822686139633,66,0.0496240601504,0.0258537281136,0.047619047619,0,-0.047619047619,101,18,5,296,0.952830188679,0.942675159236,0.0573248407643,0.0471698113208,0.848739495798,0.952830188679,0.897777777778,0.863235340655,0.895505347915,0.814516129032,45,32,0,0,0,0
350,WLNM_dir_neg,0.8544921875,0.411485549903,00:00:00,10,70,50,1291447441,fixed,0.5,0.595744680851,0.875,0.708860759494,28,19,4,45,0.875,0.703125,0.296875,0.125,0.595744680851,0.875,0.708860759494,0.760416666667,0.503472222222,0.517482517483,0.545179801594,0.578125,106,74,32,0,106,0,74,0,32,21,106,0.252380952381,1.98147951821,10.0952380952,7.57142857143,5.3,3.5903309305,0.355645988398,0.177897574124,5.04456331585,0.999394619178,0.535489667565,3.93034591959,0.778653436899,0.415094339623,0.785936912158,0.396641451468,2.18653061224,1.98147951821,0.785936912158,2.18653061224,0.456493016787,0.454374412041,161,0.121052631579,0.398438786394,21,21,21,1,0,0.333333333333,0.619047619048,0.047619047619,21,121,0.288095238095,2.04915499047,11.5238095238,8.64285714286,5.7619047619,4.3430294452,0.376874455989,0.201495474223,5.72629690031,0.993820123194,0.537583628493,3.5903309305,0.623115285458,0.334513970878,0.830471249652,0.405274980913,2.1632277034,2.04915499047,0.830471249652,2.1632277034,0.571516530855,0.558139534884,232,0.174436090226,0.360662940469,21,21,21,1,0,0.333333333333,0.666666666667,0,15,0.0357142857143,0.0676754722582,1.42857142857,1.07142857143,0.461904761905,0.752698514708,0.0212284675905,0.0235979000988,0.681733584458,-0.00557449598388,0.00209396092758,-0.340014989092,-0.155538151441,-0.080580368745,0.0445343374945,0.00863352944579,-0.023302908847,0.0676754722582,0.0445343374945,-0.023302908847,0.115023514068,0.103765122842,71,0.0533834586466,-0.0377758459253,0,0.047619047619,-0.047619047619,102,19,4,295,0.962264150943,0.93949044586,0.0605095541401,0.0377358490566,0.842975206612,0.962264150943,0.898678414097,0.864923789074,0.901754596803,0.816,47,32,0,0,0,0
351,WLNM_dir_neg,0.819214876033,0.58541356382,00:00:00,10,80,1,1292364692,fixed,0.5,0.571428571429,0.727272727273,0.64,16,12,6,32,0.727272727273,0.727272727273,0.272727272727,0.272727272727,0.571428571429,0.727272727273,0.64,0.727272727273,0.525252525253,0.425531914894,0.433554984762,0.454545454545,106,84,22,0,106,0,84,0,22,21,106,0.252380952381,1.98147951821,10.0952380952,7.57142857143,5.3,3.5903309305,0.355645988398,0.177897574124,5.04456331585,0.999394619178,0.535489667565,3.93034591959,0.778653436899,0.415094339623,0.785936912158,0.396641451468,2.18653061224,1.98147951821,0.785936912158,2.18653061224,0.456493016787,0.454374412041,161,0.121052631579,0.398438786394,21,21,21,1,0,0.333333333333,0.619047619048,0.047619047619,21,112,0.266666666667,2.03941548788,10.6666666667,8,5.33333333333,3.7859388972,0.354931771613,0.182397959184,5.47113638409,1.02583807202,0.545918367347,3.43996124009,0.644992732517,0.33843537415,0.814570814905,0.399413861347,2.22558205708,2.03941548788,0.814570814905,2.22558205708,0.522817549708,0.481182795699,179,0.134586466165,0.334428819611,21,21,21,1,0,0.333333333333,0.666666666667,0,6,0.0142857142857,0.0579359696669,0.571428571429,0.428571428571,0.0333333333333,0.195607966704,-0.00071421678567,0.00450038505968,0.426573068242,0.0264434528394,0.0104286997818,-0.490384679496,-0.133660704382,-0.076658965473,0.0286339027476,0.00277240987934,0.0390514448338,0.0579359696669,0.0286339027476,0.0390514448338,0.0663245329212,0.0268083836575,18,0.0135338345865,-0.0640099667832,0,0.047619047619,-0.047619047619,100,12,6,302,0.943396226415,0.96178343949,0.0382165605096,0.0566037735849,0.892857142857,0.943396226415,0.917431192661,0.889135962695,0.905179665906,0.847457627119,28,22,0,0,0,0
352,WLNM_dir_neg,0.888429752066,0.714523574518,00:00:00,10,80,2,1292364693,fixed,0.5,0.692307692308,0.818181818182,0.75,18,8,4,36,0.818181818182,0.818181818182,0.181818181818,0.181818181818,0.692307692308,0.818181818182,0.75,0.818181818182,0.535353535354,0.608695652174,0.613940613515,0.636363636364,106,84,22,0,106,0,84,0,22,21,106,0.252380952381,1.98147951821,10.0952380952,7.57142857143,5.3,3.5903309305,0.355645988398,0.177897574124,5.04456331585,0.999394619178,0.535489667565,3.93034591959,0.778653436899,0.415094339623,0.785936912158,0.396641451468,2.18653061224,1.98147951821,0.785936912158,2.18653061224,0.456493016787,0.454374412041,161,0.121052631579,0.398438786394,21,21,21,1,0,0.333333333333,0.619047619048,0.047619047619,21,110,0.261904761905,2.05174367445,10.4761904762,7.85714285714,5.5,3.73656322868,0.356671944556,0.187878787879,5.11766315719,0.977008420918,0.528138528139,3.61807631076,0.690723659327,0.370562770563,0.825010425974,0.402102093086,2.15786179538,2.05174367445,0.825010425974,2.15786179538,0.516108004974,0.485454545455,178,0.133834586466,0.35001343728,21,21,21,1,0,0.333333333333,0.619047619048,0.047619047619,4,0.00952380952381,0.0702641562402,0.380952380952,0.285714285714,0.2,0.146232298182,0.00102595615739,0.0099812137548,0.0730998413416,-0.0223861982594,-0.00735113942661,-0.312269608829,-0.0879297775727,-0.0445315690599,0.0390735138162,0.00546064161839,-0.0286688168692,0.0702641562402,0.0390735138162,-0.0286688168692,0.0596149881864,0.0310801334132,17,0.0127819548872,-0.0484253491134,0,0,0,102,8,4,306,0.962264150943,0.974522292994,0.0254777070064,0.0377358490566,0.927272727273,0.962264150943,0.944444444444,0.925510104603,0.936786443937,0.894736842105,26,22,0,0,0,0
353,WLNM_dir_neg,0.904958677686,0.815929442526,00:00:00,10,80,3,1292364694,fixed,0.5,0.809523809524,0.772727272727,0.790697674419,17,4,5,40,0.772727272727,0.909090909091,0.0909090909091,0.227272727273,0.809523809524,0.772727272727,0.790697674419,0.863636363636,0.560606060606,0.689655172414,0.690065559342,0.681818181818,106,84,22,0,106,0,84,0,22,21,106,0.252380952381,1.98147951821,10.0952380952,7.57142857143,5.3,3.5903309305,0.355645988398,0.177897574124,5.04456331585,0.999394619178,0.535489667565,3.93034591959,0.778653436899,0.415094339623,0.785936912158,0.396641451468,2.18653061224,1.98147951821,0.785936912158,2.18653061224,0.456493016787,0.454374412041,161,0.121052631579,0.398438786394,21,21,21,1,0,0.333333333333,0.619047619048,0.047619047619,21,105,0.25,1.99887007889,10,7.5,5,3.7947331922,0.37947331922,0.175510204082,4.96990945592,0.993981891183,0.530612244898,3.89871773792,0.779743547585,0.406349206349,0.794858194471,0.397653755921,2.22465762365,1.99887007889,0.794858194471,2.22465762365,0.448134071811,0.43369890329,145,0.109022556391,0.388927074326,21,21,21,1,0,0.333333333333,0.666666666667,0,-1,-0.00238095238095,0.0173905606791,-0.0952380952381,-0.0714285714286,-0.3,0.204402261706,0.023827330822,-0.00238737004236,-0.0746538599343,-0.00541272799469,-0.00487742266718,-0.031628181664,0.00109011068528,-0.00874513327344,0.00892128231315,0.00101230445386,0.038127011404,0.0173905606791,0.00892128231315,0.038127011404,-0.00835894497659,-0.0206755087513,-16,-0.012030075188,-0.00951171206759,0,0.047619047619,-0.047619047619,101,4,5,310,0.952830188679,0.987261146497,0.0127388535032,0.0471698113208,0.961904761905,0.952830188679,0.957345971564,0.943056863209,0.940091335176,0.918181818182,21,22,0,0,0,0
354,WLNM_dir_neg,0.750516528926,0.519096840655,00:00:00,10,80,4,1292364695,fixed,0.5,0.516129032258,0.727272727273,0.603773584906,16,15,6,29,0.727272727273,0.659090909091,0.340909090909,0.272727272727,0.516129032258,0.727272727273,0.603773584906,0.681818181818,0.510101010101,0.350515463918,0.36493797213,0.386363636364,106,84,22,0,106,0,84,0,22,21,106,0.252380952381,1.98147951821,10.0952380952,7.57142857143,5.3,3.5903309305,0.355645988398,0.177897574124,5.04456331585,0.999394619178,0.535489667565,3.93034591959,0.778653436899,0.415094339623,0.785936912158,0.396641451468,2.18653061224,1.98147951821,0.785936912158,2.18653061224,0.456493016787,0.454374412041,161,0.121052631579,0.398438786394,21,21,21,1,0,0.333333333333,0.619047619048,0.047619047619,21,115,0.27380952381,2.27797666507,10.9523809524,8.21428571429,5.75,3.653439345,0.333574896718,0.159420289855,5.25945859969,0.960422874727,0.520910973085,3.86806214556,0.706341783102,0.388405797101,1.0223568372,0.448800399441,3.07401762274,2.27797666507,1.0223568372,3.07401762274,0.54615635998,0.545454545455,222,0.166917293233,0.378549814129,21,21,21,1,0,0.333333333333,0.619047619048,0.047619047619,9,0.0214285714286,0.296497146859,0.857142857143,0.642857142857,0.45,0.0631084145074,-0.0220710916805,-0.0184772842689,0.214895283845,-0.0389717444509,-0.0145786944803,-0.0622837740288,-0.0723116537974,-0.0266885425212,0.236419925044,0.0521589479733,0.887487010492,0.296497146859,0.236419925044,0.887487010492,0.0896633431928,0.0910801334132,61,0.0458646616541,-0.0198889722645,0,0,0,100,15,6,299,0.943396226415,0.952229299363,0.0477707006369,0.0566037735849,0.869565217391,0.943396226415,0.904977375566,0.87245970808,0.895625525778,0.826446280992,31,22,0,0,0,0
355,WLNM_dir_neg,0.829545454545,0.677964301768,00:00:00,10,80,5,1292364696,fixed,0.5,0.62962962963,0.772727272727,0.69387755102,17,10,5,34,0.772727272727,0.772727272727,0.227272727273,0.227272727273,0.62962962963,0.772727272727,0.69387755102,0.772727272727,0.530303030303,0.516129032258,0.522976360368,0.545454545455,106,84,22,0,106,0,84,0,22,21,106,0.252380952381,1.98147951821,10.0952380952,7.57142857143,5.3,3.5903309305,0.355645988398,0.177897574124,5.04456331585,0.999394619178,0.535489667565,3.93034591959,0.778653436899,0.415094339623,0.785936912158,0.396641451468,2.18653061224,1.98147951821,0.785936912158,2.18653061224,0.456493016787,0.454374412041,161,0.121052631579,0.398438786394,21,21,21,1,0,0.333333333333,0.619047619048,0.047619047619,21,111,0.264285714286,2.05617573673,10.5714285714,7.92857142857,5.28571428571,3.54360591166,0.335205964616,0.168597168597,4.96127863703,0.938620282682,0.505362505363,4.10052261478,0.775774548741,0.412698412698,0.821978116558,0.399760634209,2.32524856131,2.05617573673,0.821978116558,2.32524856131,0.483108868256,0.503072870939,191,0.143609022556,0.407064899655,21,21,21,1,0,0.333333333333,0.666666666667,0,5,0.0119047619048,0.0746962185112,0.47619047619,0.357142857143,-0.0142857142857,-0.0467250188372,-0.0204400237818,-0.00930040552682,-0.0832846788164,-0.0607743364958,-0.0301271622026,0.170176695188,-0.00287888815811,-0.00239592692423,0.0360412044003,0.00311918274122,0.13871794906,0.0746962185112,0.0360412044003,0.13871794906,0.0266158514688,0.048698458898,30,0.0225563909774,0.00862611326157,0,0.047619047619,-0.047619047619,101,10,5,304,0.952830188679,0.968152866242,0.031847133758,0.0471698113208,0.90990990991,0.952830188679,0.930875576037,0.907253531326,0.920983054921,0.870689655172,27,22,0,0,0,0
356,WLNM_dir_neg,0.806818181818,0.582553044919,00:00:00,10,80,6,1292364697,fixed,0.5,0.592592592593,0.727272727273,0.65306122449,16,11,6,33,0.727272727273,0.75,0.25,0.272727272727,0.592592592593,0.727272727273,0.65306122449,0.742424242424,0.530303030303,0.451612903226,0.457604315322,0.477272727273,106,84,22,0,106,0,84,0,22,21,106,0.252380952381,1.98147951821,10.0952380952,7.57142857143,5.3,3.5903309305,0.355645988398,0.177897574124,5.04456331585,0.999394619178,0.535489667565,3.93034591959,0.778653436899,0.415094339623,0.785936912158,0.396641451468,2.18653061224,1.98147951821,0.785936912158,2.18653061224,0.456493016787,0.454374412041,161,0.121052631579,0.398438786394,21,21,21,1,0,0.333333333333,0.619047619048,0.047619047619,21,111,0.264285714286,1.78646227009,10.5714285714,8.53846153846,5.55,3.73592597051,0.353398402616,0.175461175461,5.41426686766,1.02432075875,0.543114543115,4.01426029478,0.759454650365,0.40755040755,0.677377826989,0.379172758546,1.72817460317,1.78646227009,0.677377826989,1.72817460317,0.528164218822,0.517506404782,202,0.151879699248,0.459441693057,21,21,21,1,0,0.380952380952,0.571428571429,0.047619047619,5,0.0119047619048,-0.195017248121,0.47619047619,0.967032967033,0.25,0.145595040016,-0.00224758578223,-0.00243639866281,0.369703551814,0.0249261395695,0.0076248755494,0.0839143751972,-0.0191987865347,-0.00754393207223,-0.108559085169,-0.0174686929218,-0.45835600907,-0.195017248121,-0.108559085169,-0.45835600907,0.071671202035,0.0631319927408,41,0.0308270676692,0.061002906663,0.047619047619,-0.047619047619,0,100,11,6,303,0.943396226415,0.964968152866,0.0350318471338,0.0566037735849,0.900900900901,0.943396226415,0.921658986175,0.894822968164,0.908364379281,0.854700854701,27,22,0,0,0,0
357,WLNM_dir_neg,0.862603305785,0.807404921569,00:00:00,10,80,7,1292364698,fixed,0.5,0.761904761905,0.727272727273,0.744186046512,16,5,6,39,0.727272727273,0.886363636364,0.113636363636,0.272727272727,0.761904761905,0.727272727273,0.744186046512,0.833333333333,0.560606060606,0.620689655172,0.621059003408,0.613636363636,106,84,22,0,106,0,84,0,22,21,106,0.252380952381,1.98147951821,10.0952380952,7.57142857143,5.3,3.5903309305,0.355645988398,0.177897574124,5.04456331585,0.999394619178,0.535489667565,3.93034591959,0.778653436899,0.415094339623,0.785936912158,0.396641451468,2.18653061224,1.98147951821,0.785936912158,2.18653061224,0.456493016787,0.454374412041,161,0.121052631579,0.398438786394,21,21,21,1,0,0.333333333333,0.619047619048,0.047619047619,21,105,0.25,2.01602008754,10,7.5,5.52631578947,3.86005181312,0.386005181312,0.185487528345,4.87852436706,0.975704873412,0.525170068027,3.98748040748,0.797496081495,0.428117913832,0.819058420292,0.406274930174,2.37832678213,2.01602008754,0.819058420292,2.37832678213,0.491929059503,0.46772591857,157,0.118045112782,0.383053901137,21,21,21,1,0,0.333333333333,0.571428571429,0.0952380952381,-1,-0.00238095238095,0.0345405693215,-0.0952380952381,-0.0714285714286,0.226315789474,0.269720882628,0.0303591929142,0.00758995422068,-0.16603894879,-0.0236897457658,-0.0103195995379,0.0571344878878,0.0188426445956,0.0130235742096,0.0331215081348,0.00963347870622,0.191796169887,0.0345405693215,0.0331215081348,0.191796169887,0.0354360427155,0.0133515065286,-4,-0.00300751879699,-0.0153848852565,0,-0.047619047619,0.047619047619,100,5,6,309,0.943396226415,0.984076433121,0.015923566879,0.0566037735849,0.952380952381,0.943396226415,0.947867298578,0.930398381824,0.927472659536,0.900900900901,21,22,0,0,0,0
358,WLNM_dir_neg,0.864152892562,0.630847759245,00:00:00,10,80,8,1292364699,fixed,0.5,0.606060606061,0.909090909091,0.727272727273,20,13,2,31,0.909090909091,0.704545454545,0.295454545455,0.0909090909091,0.606060606061,0.909090909091,0.727272727273,0.772727272727,0.5,0.545454545455,0.57854191188,0.613636363636,106,84,22,0,106,0,84,0,22,21,106,0.252380952381,1.98147951821,10.0952380952,7.57142857143,5.3,3.5903309305,0.355645988398,0.177897574124,5.04456331585,0.999394619178,0.535489667565,3.93034591959,0.778653436899,0.415094339623,0.785936912158,0.396641451468,2.18653061224,1.98147951821,0.785936912158,2.18653061224,0.456493016787,0.454374412041,161,0.121052631579,0.398438786394,21,21,21,1,0,0.333333333333,0.619047619048,0.047619047619,21,117,0.278571428571,1.82692209744,11.1428571429,9,5.57142857143,4.32765195326,0.388379021447,0.199023199023,5.85296017902,1.05053131418,0.559218559219,3.76259788672,0.675338082232,0.365486365486,0.712973970013,0.390259645451,1.82126225255,1.82692209744,0.712973970013,1.82126225255,0.561782975796,0.545673076923,227,0.170676691729,0.439511968047,21,21,21,1,0,0.380952380952,0.619047619048,0,11,0.0261904761905,-0.154557420773,1.04761904762,1.42857142857,0.271428571429,0.737321022766,0.0327330330484,0.0211256248992,0.808396863166,0.0511366950045,0.0237288916534,-0.167748032869,-0.103315354668,-0.0496079741363,-0.0729629421443,-0.00638180601684,-0.365268359697,-0.154557420773,-0.0729629421443,-0.365268359697,0.105289959009,0.0912986648817,66,0.0496240601504,0.0410731816532,0.047619047619,0,-0.047619047619,104,13,2,301,0.981132075472,0.958598726115,0.0414012738854,0.0188679245283,0.888888888889,0.981132075472,0.932735426009,0.910556656393,0.939730801586,0.873949579832,33,22,0,0,0,0
359,WLNM_dir_neg,0.814049586777,0.244777847723,00:00:00,10,80,9,1292364700,fixed,0.5,0.551724137931,0.727272727273,0.627450980392,16,13,6,31,0.727272727273,0.704545454545,0.295454545455,0.272727272727,0.551724137931,0.727272727273,0.627450980392,0.712121212121,0.520202020202,0.4,0.410146247188,0.431818181818,106,84,22,0,106,0,84,0,22,21,106,0.252380952381,1.98147951821,10.0952380952,7.57142857143,5.3,3.5903309305,0.355645988398,0.177897574124,5.04456331585,0.999394619178,0.535489667565,3.93034591959,0.778653436899,0.415094339623,0.785936912158,0.396641451468,2.18653061224,1.98147951821,0.785936912158,2.18653061224,0.456493016787,0.454374412041,161,0.121052631579,0.398438786394,21,21,21,1,0,0.333333333333,0.619047619048,0.047619047619,21,113,0.269047619048,2.02769741153,10.7619047619,8.07142857143,5.65,3.52001082249,0.327080651648,0.163506110409,5.43577216664,1.01018774778,0.536873156342,3.91760373795,0.728050252186,0.39612305099,0.805022482432,0.397013123286,2.09175592899,2.02769741153,0.805022482432,2.09175592899,0.50001521199,0.519567027477,208,0.156390977444,0.376449230164,21,21,21,1,0,0.333333333333,0.619047619048,0.047619047619,7,0.0166666666667,0.0462178933202,0.666666666667,0.5,0.35,-0.0703201080018,-0.0285653367505,-0.0143914637152,0.39120885079,0.0107931286049,0.00138348877704,-0.0127421816352,-0.0506031847136,-0.0189712886323,0.0190855702743,0.000371671818372,-0.0947746832555,0.0462178933202,0.0190855702743,-0.0947746832555,0.0435221952029,0.0651926154357,47,0.0353383458647,-0.0219895562294,0,0,0,100,13,6,301,0.943396226415,0.958598726115,0.0414012738854,0.0566037735849,0.884955752212,0.943396226415,0.913242009132,0.883514038293,0.90199495253,0.840336134454,29,22,0,0,0,0
360,WLNM_dir_neg,0.803202479339,0.5012183152,00:00:00,10,80,10,1292364701,fixed,0.5,0.59375,0.863636363636,0.703703703704,19,13,3,31,0.863636363636,0.704545454545,0.295454545455,0.136363636364,0.59375,0.863636363636,0.703703703704,0.757575757576,0.505050505051,0.510204081633,0.53593307857,0.568181818182,106,84,22,0,106,0,84,0,22,21,106,0.252380952381,1.98147951821,10.0952380952,7.57142857143,5.3,3.5903309305,0.355645988398,0.177897574124,5.04456331585,0.999394619178,0.535489667565,3.93034591959,0.778653436899,0.415094339623,0.785936912158,0.396641451468,2.18653061224,1.98147951821,0.785936912158,2.18653061224,0.456493016787,0.454374412041,161,0.121052631579,0.398438786394,21,21,21,1,0,0.333333333333,0.619047619048,0.047619047619,21,116,0.27619047619,2.02001942156,11.0476190476,8.28571428571,5.52380952381,3.99344701325,0.361475807234,0.183087027915,5.6623232654,1.02507576356,0.547619047619,3.6141257258,0.654281381395,0.351395730706,0.815411490098,0.403665173412,2.22050691244,2.02001942156,0.815411490098,2.22050691244,0.560972277514,0.521327014218,220,0.165413533835,0.380244345362,21,21,21,1,0,0.333333333333,0.666666666667,0,10,0.0238095238095,0.0385399033445,0.952380952381,0.714285714286,0.22380952381,0.403116082752,0.00582981883546,0.00518945379062,0.617759949551,0.0256811443862,0.0121293800539,-0.316220193785,-0.124372055504,-0.0636986089166,0.0294745779407,0.00702372194409,0.0339763001975,0.0385399033445,0.0294745779407,0.0339763001975,0.104479260726,0.0669526021766,59,0.0443609022556,-0.0181944410315,0,0.047619047619,-0.047619047619,103,13,3,301,0.971698113208,0.958598726115,0.0414012738854,0.0283018867925,0.887931034483,0.971698113208,0.927927927928,0.903802452974,0.930296839322,0.865546218487,32,22,0,0,0,0
361,WLNM_dir_neg,0.828512396694,0.540645086268,00:00:00,10,80,11,1292364702,fixed,0.5,0.708333333333,0.772727272727,0.739130434783,17,7,5,37,0.772727272727,0.840909090909,0.159090909091,0.227272727273,0.708333333333,0.772727272727,0.739130434783,0.818181818182,0.545454545455,0.6,0.601337794303,0.613636363636,106,84,22,0,106,0,84,0,22,21,106,0.252380952381,1.98147951821,10.0952380952,7.57142857143,5.3,3.5903309305,0.355645988398,0.177897574124,5.04456331585,0.999394619178,0.535489667565,3.93034591959,0.778653436899,0.415094339623,0.785936912158,0.396641451468,2.18653061224,1.98147951821,0.785936912158,2.18653061224,0.456493016787,0.454374412041,161,0.121052631579,0.398438786394,21,21,21,1,0,0.333333333333,0.619047619048,0.047619047619,21,108,0.257142857143,2.00779645756,10.2857142857,7.71428571429,5.4,3.50917165643,0.341169466597,0.167107583774,5.06246693111,0.984368569938,0.529982363316,4.07781454073,0.792908382919,0.425044091711,0.798600337933,0.397749649834,2.24135220126,2.00779645756,0.798600337933,2.24135220126,0.462144114056,0.470373746582,172,0.129323308271,0.401013125681,21,21,21,1,0,0.333333333333,0.619047619048,0.047619047619,2,0.0047619047619,0.0263169393464,0.190476190476,0.142857142857,0.1,-0.0811592740668,-0.0144765218009,-0.0107899903497,0.017903615259,-0.01502604924,-0.00550730424944,0.14746862114,0.0142549460199,0.00994975208812,0.0126634257754,0.00110819836669,0.054821589013,0.0263169393464,0.0126634257754,0.054821589013,0.00565109726874,0.0159993345402,11,0.00827067669173,0.00257433928716,0,0,0,101,7,5,307,0.952830188679,0.977707006369,0.0222929936306,0.0471698113208,0.935185185185,0.952830188679,0.943925233645,0.9248308732,0.930537195049,0.893805309735,24,22,0,0,0,0
362,WLNM_dir_neg,0.825929752066,0.685918285731,00:00:00,10,80,12,1292364703,fixed,0.5,0.642857142857,0.818181818182,0.72,18,10,4,34,0.818181818182,0.772727272727,0.227272727273,0.181818181818,0.642857142857,0.818181818182,0.72,0.787878787879,0.525252525253,0.553191489362,0.563621480191,0.590909090909,106,84,22,0,106,0,84,0,22,21,106,0.252380952381,1.98147951821,10.0952380952,7.57142857143,5.3,3.5903309305,0.355645988398,0.177897574124,5.04456331585,0.999394619178,0.535489667565,3.93034591959,0.778653436899,0.415094339623,0.785936912158,0.396641451468,2.18653061224,1.98147951821,0.785936912158,2.18653061224,0.456493016787,0.454374412041,161,0.121052631579,0.398438786394,21,21,21,1,0,0.333333333333,0.619047619048,0.047619047619,21,112,0.266666666667,1.81503057925,10.6666666667,8.61538461538,5.89473684211,3.69233440161,0.346156350151,0.173894557823,5.29465138922,0.992747135478,0.533163265306,4.15130501569,0.778369690443,0.428571428571,0.69776364495,0.384436302576,1.86072562358,1.85578210821,0.689774696126,1.86072562358,0.527059639707,0.534453781513,212,0.159398496241,0.469000721952,21,20,20,0.952380952381,0,0.333333333333,0.571428571429,0.047619047619,6,0.0142857142857,-0.166448938963,0.571428571429,1.04395604396,0.594736842105,0.102003471117,-0.00948963824699,-0.00400301630086,0.250088073367,-0.00664748369971,-0.00232640225902,0.220959096107,-0.000283746456647,0.0134770889488,-0.0881732672077,-0.0122051488914,-0.325804988662,-0.125697410001,-0.0961622160314,-0.325804988662,0.0705666229196,0.0800793694712,51,0.0383458646617,0.0705619355585,0,-0.047619047619,0,102,10,4,304,0.962264150943,0.968152866242,0.031847133758,0.0377358490566,0.910714285714,0.962264150943,0.935779816514,0.91392599883,0.930417017185,0.879310344828,28,22,0,0,0,0
363,WLNM_dir_neg,0.839359504132,0.378575993387,00:00:00,10,80,13,1292364704,fixed,0.5,0.5,0.863636363636,0.633333333333,19,19,3,25,0.863636363636,0.568181818182,0.431818181818,0.136363636364,0.5,0.863636363636,0.633333333333,0.666666666667,0.474747474747,0.365384615385,0.411877235524,0.431818181818,106,84,22,0,106,0,84,0,22,21,106,0.252380952381,1.98147951821,10.0952380952,7.57142857143,5.3,3.5903309305,0.355645988398,0.177897574124,5.04456331585,0.999394619178,0.535489667565,3.93034591959,0.778653436899,0.415094339623,0.785936912158,0.396641451468,2.18653061224,1.98147951821,0.785936912158,2.18653061224,0.456493016787,0.454374412041,161,0.121052631579,0.398438786394,21,21,21,1,0,0.333333333333,0.619047619048,0.047619047619,21,122,0.290476190476,2.10063449186,11.619047619,8.71428571429,5.80952380952,4.0678764789,0.350104123184,0.181889149102,5.51923045015,0.950031470928,0.51600312256,3.64168982231,0.626848248102,0.337236533958,0.843512656212,0.401551369113,2.13396648384,2.10063449186,0.843512656212,2.13396648384,0.528276368823,0.534441805226,225,0.169172932331,0.366252041335,21,21,21,1,0,0.333333333333,0.666666666667,0,16,0.0380952380952,0.119154973643,1.52380952381,1.14285714286,0.509523809524,0.477545548408,-0.00554186521384,0.00399157497827,0.474667134304,-0.0493631482497,-0.0194865450046,-0.288656097279,-0.151805188797,-0.0778578056648,0.0575757440542,0.00490991764568,-0.0525641284071,0.119154973643,0.0575757440542,-0.0525641284071,0.0717833520355,0.0800673931843,64,0.0481203007519,-0.0321867450584,0,0.047619047619,-0.047619047619,103,19,3,295,0.971698113208,0.93949044586,0.0605095541401,0.0283018867925,0.844262295082,0.971698113208,0.90350877193,0.87184236244,0.911188559067,0.824,38,22,0,0,0,0
364,WLNM_dir_neg,0.836260330579,0.473337380315,00:00:00,10,80,14,1292364705,fixed,0.5,0.58064516129,0.818181818182,0.679245283019,18,13,4,31,0.818181818182,0.704545454545,0.295454545455,0.181818181818,0.58064516129,0.818181818182,0.679245283019,0.742424242424,0.510101010101,0.474226804124,0.493739609352,0.522727272727,106,84,22,0,106,0,84,0,22,21,106,0.252380952381,1.98147951821,10.0952380952,7.57142857143,5.3,3.5903309305,0.355645988398,0.177897574124,5.04456331585,0.999394619178,0.535489667565,3.93034591959,0.778653436899,0.415094339623,0.785936912158,0.396641451468,2.18653061224,1.98147951821,0.785936912158,2.18653061224,0.456493016787,0.454374412041,161,0.121052631579,0.398438786394,21,21,21,1,0,0.333333333333,0.619047619048,0.047619047619,21,115,0.27380952381,1.88405268246,10.9523809524,8.84615384615,5.47619047619,3.41286083039,0.31160903234,0.159420289855,5.36301265726,0.979332746108,0.529192546584,3.64168982231,0.665004228422,0.353623188406,0.752538811352,0.399425567214,2.04688476826,1.88405268246,0.752538811352,2.04688476826,0.498989370418,0.485593220339,191,0.143609022556,0.417951069057,21,21,21,1,0,0.380952380952,0.619047619048,0,9,0.0214285714286,-0.0974268357567,0.857142857143,1.27472527473,0.17619047619,-0.177470100105,-0.0440369560581,-0.0184772842689,0.318449341408,-0.0200618730699,-0.00629712098129,-0.288656097279,-0.113649208478,-0.0614711512168,-0.0333981008056,0.00278411574668,-0.139645843983,-0.0974268357567,-0.0333981008056,-0.139645843983,0.0424963536308,0.0312188082976,30,0.0225563909774,0.0195122826632,0.047619047619,0,-0.047619047619,102,13,4,301,0.962264150943,0.958598726115,0.0414012738854,0.0377358490566,0.886956521739,0.962264150943,0.923076923077,0.897044282209,0.920862877058,0.857142857143,31,22,0,0,0,0
365,WLNM_dir_neg,0.779958677686,0.518361003074,00:00:00,10,80,15,1292364706,fixed,0.5,0.538461538462,0.636363636364,0.583333333333,14,12,8,32,0.636363636364,0.727272727273,0.272727272727,0.363636363636,0.538461538462,0.636363636364,0.583333333333,0.69696969697,0.535353535354,0.347826086957,0.350823207723,0.363636363636,106,84,22,0,106,0,84,0,22,21,106,0.252380952381,1.98147951821,10.0952380952,7.57142857143,5.3,3.5903309305,0.355645988398,0.177897574124,5.04456331585,0.999394619178,0.535489667565,3.93034591959,0.778653436899,0.415094339623,0.785936912158,0.396641451468,2.18653061224,1.98147951821,0.785936912158,2.18653061224,0.456493016787,0.454374412041,161,0.121052631579,0.398438786394,21,21,21,1,0,0.333333333333,0.619047619048,0.047619047619,21,110,0.261904761905,1.82248023228,10.4761904762,8.46153846154,5.5,4.24992997141,0.405675133635,0.214285714286,5.70880689728,1.08986313494,0.575757575758,3.52001082249,0.672002066113,0.364502164502,0.70534452207,0.387024511749,1.75690300192,1.82248023228,0.70534452207,1.75690300192,0.545228893913,0.516129032258,192,0.144360902256,0.376105322575,21,21,21,1,0,0.380952380952,0.571428571429,0.047619047619,4,0.00952380952381,-0.158999285938,0.380952380952,0.89010989011,0.2,0.659599040916,0.0500291452366,0.0363881401617,0.664243581434,0.0904685157582,0.0402679081924,-0.410335097093,-0.106651370787,-0.0505921751205,-0.0805923900881,-0.00961693971815,-0.429627610329,-0.158999285938,-0.0805923900881,-0.429627610329,0.088735877126,0.0617546202167,31,0.0233082706767,-0.0223334638191,0.047619047619,-0.047619047619,0,98,12,8,302,0.924528301887,0.96178343949,0.0382165605096,0.0754716981132,0.890909090909,0.924528301887,0.907407407407,0.875642979019,0.886311741377,0.830508474576,26,22,0,0,0,0
366,WLNM_dir_neg,0.746900826446,0.474534942382,00:00:00,10,80,16,1292364707,fixed,0.5,0.518518518519,0.636363636364,0.571428571429,14,13,8,31,0.636363636364,0.704545454545,0.295454545455,0.363636363636,0.518518518519,0.636363636364,0.571428571429,0.681818181818,0.530303030303,0.322580645161,0.32686022523,0.340909090909,106,84,22,0,106,0,84,0,22,21,106,0.252380952381,1.98147951821,10.0952380952,7.57142857143,5.3,3.5903309305,0.355645988398,0.177897574124,5.04456331585,0.999394619178,0.535489667565,3.93034591959,0.778653436899,0.415094339623,0.785936912158,0.396641451468,2.18653061224,1.98147951821,0.785936912158,2.18653061224,0.456493016787,0.454374412041,161,0.121052631579,0.398438786394,21,21,21,1,0,0.333333333333,0.619047619048,0.047619047619,21,111,0.264285714286,2.01412462631,10.5714285714,7.92857142857,5.28571428571,3.80225497003,0.359672767436,0.190476190476,5.14920243477,0.974173433606,0.529386529387,3.75689841682,0.710764565344,0.380952380952,0.791832595527,0.393139821232,2.11137864566,2.01412462631,0.791832595527,2.11137864566,0.551241483384,0.519130434783,199,0.14962406015,0.364281052209,21,21,21,1,0,0.333333333333,0.666666666667,0,5,0.0119047619048,0.0326451080964,0.47619047619,0.357142857143,-0.0142857142857,0.211924039537,0.00402677903739,0.0125786163522,0.104639118924,-0.0252211855719,-0.00610313817861,-0.17344750277,-0.0678888715556,-0.0341419586703,0.00589568336886,-0.00350163023563,-0.0751519665808,0.0326451080964,0.00589568336886,-0.0751519665808,0.0947484665972,0.0647560227412,38,0.0285714285714,-0.0341577341845,0,0.047619047619,-0.047619047619,98,13,8,301,0.924528301887,0.958598726115,0.0414012738854,0.0754716981132,0.882882882883,0.924528301887,0.903225806452,0.869961841841,0.883127028001,0.823529411765,27,22,0,0,0,0
367,WLNM_dir_neg,0.854338842975,0.680412000641,00:00:00,10,80,17,1292364708,fixed,0.5,0.681818181818,0.681818181818,0.681818181818,15,7,7,37,0.681818181818,0.840909090909,0.159090909091,0.318181818182,0.681818181818,0.681818181818,0.681818181818,0.787878787879,0.555555555556,0.522727272727,0.522727272727,0.522727272727,106,84,22,0,106,0,84,0,22,21,106,0.252380952381,1.98147951821,10.0952380952,7.57142857143,5.3,3.5903309305,0.355645988398,0.177897574124,5.04456331585,0.999394619178,0.535489667565,3.93034591959,0.778653436899,0.415094339623,0.785936912158,0.396641451468,2.18653061224,1.98147951821,0.785936912158,2.18653061224,0.456493016787,0.454374412041,161,0.121052631579,0.398438786394,21,21,21,1,0,0.333333333333,0.619047619048,0.047619047619,21,106,0.252380952381,2.00151189368,10.0952380952,7.57142857143,5.57894736842,3.49148624378,0.345854769431,0.160826594789,4.91402269507,0.973532798079,0.516621743037,4.14096837076,0.820380526282,0.438454627134,0.781355391827,0.39038258743,2.0946910609,2.00151189368,0.781355391827,2.0946910609,0.454424709278,0.449853943525,154,0.115789473684,0.401001659405,21,21,21,1,0,0.333333333333,0.571428571429,0.0952380952381,0,0,0.0200323754661,0,0,0.278947368421,-0.0988446867201,-0.00979121896756,-0.0170709793351,-0.130540620784,-0.0258618210988,-0.0188679245283,0.21062245117,0.0417270893828,0.0233602875112,-0.00458152033064,-0.00625886403744,-0.0918395513485,0.0200323754661,-0.00458152033064,-0.0918395513485,-0.00206830750948,-0.00452046851656,-7,-0.00526315789474,0.00256287301119,0,-0.047619047619,0.047619047619,99,7,7,307,0.933962264151,0.977707006369,0.0222929936306,0.0660377358491,0.933962264151,0.933962264151,0.933962264151,0.91166927052,0.91166927052,0.87610619469,22,22,0,0,0,0
368,WLNM_dir_neg,0.803719008264,0.639065757026,00:00:00,10,80,18,1292364709,fixed,0.5,0.653846153846,0.772727272727,0.708333333333,17,9,5,35,0.772727272727,0.795454545455,0.204545454545,0.227272727273,0.653846153846,0.772727272727,0.708333333333,0.787878787879,0.535353535354,0.54347826087,0.548161262067,0.568181818182,106,84,22,0,106,0,84,0,22,21,106,0.252380952381,1.98147951821,10.0952380952,7.57142857143,5.3,3.5903309305,0.355645988398,0.177897574124,5.04456331585,0.999394619178,0.535489667565,3.93034591959,0.778653436899,0.415094339623,0.785936912158,0.396641451468,2.18653061224,1.98147951821,0.785936912158,2.18653061224,0.456493016787,0.454374412041,161,0.121052631579,0.398438786394,21,21,21,1,0,0.333333333333,0.619047619048,0.047619047619,21,110,0.261904761905,1.83724161376,10.4761904762,8.46153846154,5.5,3.32594419104,0.317476490963,0.154978354978,5.21444879067,0.995485678218,0.533333333333,4.07314082625,0.777599612284,0.423376623377,0.702598831645,0.382420486442,1.93526136458,1.83724161376,0.702598831645,1.93526136458,0.462266940576,0.46975088968,176,0.132330827068,0.466055345693,21,21,21,1,0,0.380952380952,0.571428571429,0.047619047619,4,0.00952380952381,-0.144237904458,0.380952380952,0.89010989011,0.2,-0.264386739457,-0.0381694974354,-0.0229192191456,0.169885474816,-0.0039089409598,-0.00215633423181,0.142794906664,-0.00105382461507,0.00828228375398,-0.0833380805128,-0.0142209650251,-0.251269247664,-0.144237904458,-0.0833380805128,-0.251269247664,0.00577392378863,0.0153764776383,15,0.0112781954887,0.0676165592995,0.047619047619,-0.047619047619,0,101,9,5,305,0.952830188679,0.971337579618,0.0286624203822,0.0471698113208,0.918181818182,0.952830188679,0.935185185185,0.913043323207,0.924167768297,0.878260869565,26,22,0,0,0,0
369,WLNM_dir_neg,0.792355371901,0.554478590282,00:00:00,10,80,19,1292364710,fixed,0.5,0.62962962963,0.772727272727,0.69387755102,17,10,5,34,0.772727272727,0.772727272727,0.227272727273,0.227272727273,0.62962962963,0.772727272727,0.69387755102,0.772727272727,0.530303030303,0.516129032258,0.522976360368,0.545454545455,106,84,22,0,106,0,84,0,22,21,106,0.252380952381,1.98147951821,10.0952380952,7.57142857143,5.3,3.5903309305,0.355645988398,0.177897574124,5.04456331585,0.999394619178,0.535489667565,3.93034591959,0.778653436899,0.415094339623,0.785936912158,0.396641451468,2.18653061224,1.98147951821,0.785936912158,2.18653061224,0.456493016787,0.454374412041,161,0.121052631579,0.398438786394,21,21,21,1,0,0.333333333333,0.619047619048,0.047619047619,21,111,0.264285714286,1.83112643824,10.5714285714,8.53846153846,5.28571428571,4.06904692246,0.384909844016,0.199056199056,5.40502411783,1.0225721304,0.546546546547,4.05145476518,0.766491442061,0.40326040326,0.709003176154,0.387195095514,1.82286754335,1.83112643824,0.709003176154,1.82286754335,0.507546293576,0.499561787905,190,0.142857142857,0.483166731007,21,21,21,1,0,0.380952380952,0.619047619048,0,5,0.0119047619048,-0.150353079971,0.47619047619,0.967032967033,-0.0142857142857,0.478715991959,0.0292638556179,0.0211586249322,0.360460801977,0.0231775112218,0.0110568789814,0.121108845591,-0.0121619948387,-0.0118339363622,-0.0769337360035,-0.00944635595335,-0.363663068893,-0.150353079971,-0.0769337360035,-0.363663068893,0.0510532767886,0.045187375864,29,0.0218045112782,0.0847279446132,0.047619047619,0,-0.047619047619,101,10,5,304,0.952830188679,0.968152866242,0.031847133758,0.0471698113208,0.90990990991,0.952830188679,0.930875576037,0.907253531326,0.920983054921,0.870689655172,27,22,0,0,0,0
370,WLNM_dir_neg,0.752582644628,0.501477306016,00:00:00,10,80,20,1292364711,fixed,0.5,0.516129032258,0.727272727273,0.603773584906,16,15,6,29,0.727272727273,0.659090909091,0.340909090909,0.272727272727,0.516129032258,0.727272727273,0.603773584906,0.681818181818,0.510101010101,0.350515463918,0.36493797213,0.386363636364,106,84,22,0,106,0,84,0,22,21,106,0.252380952381,1.98147951821,10.0952380952,7.57142857143,5.3,3.5903309305,0.355645988398,0.177897574124,5.04456331585,0.999394619178,0.535489667565,3.93034591959,0.778653436899,0.415094339623,0.785936912158,0.396641451468,2.18653061224,1.98147951821,0.785936912158,2.18653061224,0.456493016787,0.454374412041,161,0.121052631579,0.398438786394,21,21,21,1,0,0.333333333333,0.619047619048,0.047619047619,21,115,0.27380952381,1.89047316042,10.9523809524,8.84615384615,5.75,4.3528862893,0.397437443806,0.209109730849,5.53731927578,1.01116265036,0.544099378882,3.78971037969,0.692034069334,0.380952380952,0.761724598256,0.402928015167,2.006932524,1.93499681844,0.752955499484,2.006932524,0.612007845096,0.589887640449,245,0.184210526316,0.417436831821,21,20,20,0.952380952381,0,0.333333333333,0.619047619048,0,9,0.0214285714286,-0.0910063577922,0.857142857143,1.27472527473,0.45,0.762555358809,0.0417914554079,0.0312121567249,0.492755959928,0.0117680311817,0.00860971131685,-0.140635539901,-0.0866193675653,-0.0341419586703,-0.0242123139018,0.00628656369974,-0.179598088248,-0.0464826997711,-0.0329814126738,-0.179598088248,0.155514828309,0.135513228408,84,0.0631578947368,0.0189980454274,0,0,-0.047619047619,100,15,6,299,0.943396226415,0.952229299363,0.0477707006369,0.0566037735849,0.869565217391,0.943396226415,0.904977375566,0.87245970808,0.895625525778,0.826446280992,31,22,0,0,0,0
371,WLNM_dir_neg,0.844524793388,0.532909283321,00:00:00,10,80,21,1292364712,fixed,0.5,0.565217391304,0.590909090909,0.577777777778,13,10,9,34,0.590909090909,0.772727272727,0.227272727273,0.409090909091,0.565217391304,0.590909090909,0.577777777778,0.712121212121,0.550505050505,0.359550561798,0.359755000331,0.363636363636,106,84,22,0,106,0,84,0,22,21,106,0.252380952381,1.98147951821,10.0952380952,7.57142857143,5.3,3.5903309305,0.355645988398,0.177897574124,5.04456331585,0.999394619178,0.535489667565,3.93034591959,0.778653436899,0.415094339623,0.785936912158,0.396641451468,2.18653061224,1.98147951821,0.785936912158,2.18653061224,0.456493016787,0.454374412041,161,0.121052631579,0.398438786394,21,21,21,1,0,0.333333333333,0.619047619048,0.047619047619,21,107,0.254761904762,1.97488281145,10.1904761905,7.64285714286,5.09523809524,3.72315790182,0.365356616534,0.195371606587,5.31887922315,1.04389218398,0.557187360926,3.43372628357,0.673908896775,0.354250111259,0.761059942783,0.385369672757,2.0172545623,1.97488281145,0.761059942783,2.0172545623,0.496776503919,0.471098265896,163,0.122556390977,0.326972372993,21,21,21,1,0,0.333333333333,0.666666666667,0,1,0.00238095238095,-0.00659670676142,0.0952380952381,0.0714285714286,-0.204761904762,0.132826971327,0.00971062813582,0.0174740324626,0.274315907302,0.0444975648052,0.0216976933605,-0.496619636018,-0.104744540124,-0.0608442283632,-0.0248769693749,-0.0112717787106,-0.16927604994,-0.00659670676142,-0.0248769693749,-0.16927604994,0.0402834871322,0.0167238538546,2,0.0015037593985,-0.0714664134011,0,0.047619047619,-0.047619047619,97,10,9,304,0.915094339623,0.968152866242,0.031847133758,0.0849056603774,0.906542056075,0.915094339623,0.910798122066,0.880513403369,0.883247205865,0.836206896552,23,22,0,0,0,0
372,WLNM_dir_neg,0.835227272727,0.616547771282,00:00:00,10,80,22,1292364713,fixed,0.5,0.666666666667,0.636363636364,0.651162790698,14,7,8,37,0.636363636364,0.840909090909,0.159090909091,0.363636363636,0.666666666667,0.636363636364,0.651162790698,0.772727272727,0.560606060606,0.48275862069,0.48304589154,0.477272727273,106,84,22,0,106,0,84,0,22,21,106,0.252380952381,1.98147951821,10.0952380952,7.57142857143,5.3,3.5903309305,0.355645988398,0.177897574124,5.04456331585,0.999394619178,0.535489667565,3.93034591959,0.778653436899,0.415094339623,0.785936912158,0.396641451468,2.18653061224,1.98147951821,0.785936912158,2.18653061224,0.456493016787,0.454374412041,161,0.121052631579,0.398438786394,21,21,21,1,0,0.333333333333,0.619047619048,0.047619047619,21,105,0.25,1.85347832984,10,8.07692307692,5.25,3.82099463491,0.382099463491,0.185941043084,4.9799598392,0.995991967839,0.533333333333,3.80788655293,0.761577310586,0.409977324263,0.724267049328,0.390761001987,1.9389534092,1.85347832984,0.724267049328,1.9389534092,0.42664260576,0.425510204082,139,0.104511278195,0.419903432205,21,21,21,1,0,0.380952380952,0.571428571429,0.047619047619,-1,-0.00238095238095,-0.128001188375,-0.0952380952381,0.505494505495,-0.05,0.230663704413,0.0264534750927,0.00804346895991,-0.0646034766545,-0.00340265133872,-0.00215633423181,-0.122459366656,-0.017076126313,-0.0051170153596,-0.0616698628292,-0.00588044948098,-0.247577203047,-0.128001188375,-0.0616698628292,-0.247577203047,-0.0298504110269,-0.0288642079598,-22,-0.0165413533835,0.0214646458116,0.047619047619,-0.047619047619,0,98,7,8,307,0.924528301887,0.977707006369,0.0222929936306,0.0754716981132,0.933333333333,0.924528301887,0.928909952607,0.905081419053,0.902235308256,0.867256637168,21,22,0,0,0,0
373,WLNM_dir_neg,0.872933884298,0.687105193489,00:00:00,10,80,23,1292364714,fixed,0.5,0.772727272727,0.772727272727,0.772727272727,17,5,5,39,0.772727272727,0.886363636364,0.113636363636,0.227272727273,0.772727272727,0.772727272727,0.772727272727,0.848484848485,0.555555555556,0.659090909091,0.659090909091,0.659090909091,106,84,22,0,106,0,84,0,22,21,106,0.252380952381,1.98147951821,10.0952380952,7.57142857143,5.3,3.5903309305,0.355645988398,0.177897574124,5.04456331585,0.999394619178,0.535489667565,3.93034591959,0.778653436899,0.415094339623,0.785936912158,0.396641451468,2.18653061224,1.98147951821,0.785936912158,2.18653061224,0.456493016787,0.454374412041,161,0.121052631579,0.398438786394,21,21,21,1,0,0.333333333333,0.619047619048,0.047619047619,21,106,0.252380952381,1.99698981591,10.0952380952,7.57142857143,5.3,3.41913383629,0.33868778567,0.175202156334,4.89363045679,0.969492826345,0.520215633423,4.15302528858,0.822769160946,0.434860736748,0.782992038127,0.3920861448,2.07073570169,1.99698981591,0.782992038127,2.07073570169,0.433429070929,0.444033302498,160,0.12030075188,0.415249199441,21,21,21,1,0,0.333333333333,0.619047619048,0.047619047619,0,0,0.0155102977004,0,0,0,-0.171197094204,-0.0169582027278,-0.00269541778976,-0.15093285906,-0.0299017928327,-0.015274034142,0.222679368996,0.0441157240465,0.0197663971249,-0.00294487403072,-0.00455530666747,-0.115794910557,0.0155102977004,-0.00294487403072,-0.115794910557,-0.0230639458581,-0.0103411095437,-1,-0.000751879699248,0.0168104130472,0,0,0,101,5,5,309,0.952830188679,0.984076433121,0.015923566879,0.0471698113208,0.952830188679,0.952830188679,0.952830188679,0.9369066218,0.9369066218,0.90990990991,22,22,0,0,0,0
374,WLNM_dir_neg,0.782024793388,0.320926811205,00:00:00,10,80,24,1292364715,fixed,0.5,0.619047619048,0.590909090909,0.604651162791,13,8,9,36,0.590909090909,0.818181818182,0.181818181818,0.409090909091,0.619047619048,0.590909090909,0.604651162791,0.742424242424,0.560606060606,0.413793103448,0.414039335605,0.409090909091,106,84,22,0,106,0,84,0,22,21,106,0.252380952381,1.98147951821,10.0952380952,7.57142857143,5.3,3.5903309305,0.355645988398,0.177897574124,5.04456331585,0.999394619178,0.535489667565,3.93034591959,0.778653436899,0.415094339623,0.785936912158,0.396641451468,2.18653061224,1.98147951821,0.785936912158,2.18653061224,0.456493016787,0.454374412041,161,0.121052631579,0.398438786394,21,21,21,1,0,0.333333333333,0.619047619048,0.047619047619,21,105,0.25,1.9517454254,10,7.5,5,3.25576411922,0.325576411922,0.159183673469,4.80624593628,0.961249187256,0.518820861678,3.96232255123,0.792464510246,0.410884353741,0.742721423195,0.380542161661,2.16096384264,1.9517454254,0.742721423195,2.16096384264,0.488721728007,0.436950146628,149,0.112030075188,0.40285154406,21,21,21,1,0,0.333333333333,0.666666666667,0,-1,-0.00238095238095,-0.0297340928101,-0.0952380952381,-0.0714285714286,-0.3,-0.334566811276,-0.0300695764762,-0.0187139006546,-0.238317379571,-0.038145431922,-0.0166688058871,0.0319766316442,0.0138110733469,-0.00420998588114,-0.0432154889631,-0.0160992898069,-0.0255667696075,-0.0297340928101,-0.0432154889631,-0.0255667696075,0.0322287112203,-0.0174242654138,-12,-0.00902255639098,0.00441275766651,0,0.047619047619,-0.047619047619,97,8,9,306,0.915094339623,0.974522292994,0.0254777070064,0.0849056603774,0.92380952381,0.915094339623,0.919431279621,0.892422937668,0.889616632616,0.850877192982,21,22,0,0,0,0
375,WLNM_dir_neg,0.794938016529,0.586816176153,00:00:00,10,80,25,1292364716,fixed,0.5,0.5,0.772727272727,0.607142857143,17,17,5,27,0.772727272727,0.613636363636,0.386363636364,0.227272727273,0.5,0.772727272727,0.607142857143,0.666666666667,0.494949494949,0.34,0.364434493428,0.386363636364,106,84,22,0,106,0,84,0,22,21,106,0.252380952381,1.98147951821,10.0952380952,7.57142857143,5.3,3.5903309305,0.355645988398,0.177897574124,5.04456331585,0.999394619178,0.535489667565,3.93034591959,0.778653436899,0.415094339623,0.785936912158,0.396641451468,2.18653061224,1.98147951821,0.785936912158,2.18653061224,0.456493016787,0.454374412041,161,0.121052631579,0.398438786394,21,21,21,1,0,0.333333333333,0.619047619048,0.047619047619,21,118,0.280952380952,1.86487799332,11.2380952381,9.07692307692,6.21052631579,3.61807631076,0.32194746833,0.163034705408,5.48157085584,0.975533796379,0.528652138822,3.87912606751,0.690352944218,0.380952380952,0.734595659334,0.393910841333,1.99290869143,1.86487799332,0.734595659334,1.99290869143,0.503184707449,0.506234413965,203,0.152631578947,0.43657049859,21,21,21,1,0,0.380952380952,0.52380952381,0.0952380952381,12,0.0285714285714,-0.116601524889,1.14285714286,1.50549450549,0.910526315789,0.0277453802631,-0.0336985200679,-0.0148628687164,0.437007539992,-0.0238608227991,-0.00683752874351,-0.0512198520798,-0.0883004926819,-0.0341419586703,-0.0513412528237,-0.00273061013457,-0.193621920819,-0.116601524889,-0.0513412528237,-0.193621920819,0.0466916906623,0.0518600019237,42,0.0315789473684,0.0381317121959,0.047619047619,-0.0952380952381,0.047619047619,101,17,5,297,0.952830188679,0.945859872611,0.0541401273885,0.0471698113208,0.85593220339,0.952830188679,0.901785714286,0.868526792794,0.898690061291,0.821138211382,34,22,0,0,0,0
376,WLNM_dir_neg,0.852789256198,0.530153633158,00:00:00,10,80,26,1292364717,fixed,0.5,0.653846153846,0.772727272727,0.708333333333,17,9,5,35,0.772727272727,0.795454545455,0.204545454545,0.227272727273,0.653846153846,0.772727272727,0.708333333333,0.787878787879,0.535353535354,0.54347826087,0.548161262067,0.568181818182,106,84,22,0,106,0,84,0,22,21,106,0.252380952381,1.98147951821,10.0952380952,7.57142857143,5.3,3.5903309305,0.355645988398,0.177897574124,5.04456331585,0.999394619178,0.535489667565,3.93034591959,0.778653436899,0.415094339623,0.785936912158,0.396641451468,2.18653061224,1.98147951821,0.785936912158,2.18653061224,0.456493016787,0.454374412041,161,0.121052631579,0.398438786394,21,21,21,1,0,0.333333333333,0.619047619048,0.047619047619,21,110,0.261904761905,1.83037751444,10.4761904762,8.46153846154,5.2380952381,3.62793395225,0.346302786351,0.177922077922,5.35634914755,1.02257574635,0.544588744589,3.85881797841,0.736683432241,0.398268398268,0.705487526975,0.385432798102,1.89584031645,1.83037751444,0.705487526975,1.89584031645,0.489408140879,0.482939632546,184,0.138345864662,0.4380796121,21,21,21,1,0,0.380952380952,0.619047619048,0,4,0.00952380952381,-0.15110200377,0.380952380952,0.89010989011,-0.0619047619048,0.0376030217563,-0.00934320204683,2.45037980886e-05,0.311785831702,0.0231811271729,0.00909907702361,-0.0715279411807,-0.0419700046581,-0.0168259413542,-0.0804493851824,-0.0112086533654,-0.290690295796,-0.15110200377,-0.0804493851824,-0.290690295796,0.0329151240916,0.0285652205045,23,0.0172932330827,0.0396408257064,0.047619047619,0,-0.047619047619,101,9,5,305,0.952830188679,0.971337579618,0.0286624203822,0.0471698113208,0.918181818182,0.952830188679,0.935185185185,0.913043323207,0.924167768297,0.878260869565,26,22,0,0,0,0
377,WLNM_dir_neg,0.846074380165,0.472980635336,00:00:00,10,80,27,1292364718,fixed,0.5,0.666666666667,0.727272727273,0.695652173913,16,8,6,36,0.727272727273,0.818181818182,0.181818181818,0.272727272727,0.666666666667,0.727272727273,0.695652173913,0.787878787879,0.545454545455,0.533333333333,0.534522483825,0.545454545455,106,84,22,0,106,0,84,0,22,21,106,0.252380952381,1.98147951821,10.0952380952,7.57142857143,5.3,3.5903309305,0.355645988398,0.177897574124,5.04456331585,0.999394619178,0.535489667565,3.93034591959,0.778653436899,0.415094339623,0.785936912158,0.396641451468,2.18653061224,1.98147951821,0.785936912158,2.18653061224,0.456493016787,0.454374412041,161,0.121052631579,0.398438786394,21,21,21,1,0,0.333333333333,0.619047619048,0.047619047619,21,108,0.257142857143,1.96230900492,10.2857142857,7.71428571429,5.4,3.87482718509,0.376719309661,0.200617283951,5.25628875049,1.02205614593,0.544091710758,4.09005763145,0.795288983893,0.424162257496,0.772128453678,0.39347954463,2.03152296422,1.96230900492,0.772128453678,2.03152296422,0.540221118751,0.525585429315,202,0.151879699248,0.411692043681,21,21,21,1,0,0.333333333333,0.619047619048,0.047619047619,2,0.0047619047619,-0.0191705132983,0.190476190476,0.142857142857,0.1,0.284496254591,0.021073321263,0.0227197098266,0.211725434644,0.0226615267516,0.00860204319324,0.159711711861,0.0166355469934,0.00906791787295,-0.0138084584796,-0.00316190683732,-0.15500764803,-0.0191705132983,-0.0138084584796,-0.15500764803,0.0837281019634,0.0712110172734,41,0.0308270676692,0.0132532572876,0,0,0,100,8,6,306,0.943396226415,0.974522292994,0.0254777070064,0.0566037735849,0.925925925926,0.943396226415,0.934579439252,0.91228957891,0.917918519409,0.877192982456,24,22,0,0,0,0
378,WLNM_dir_neg,0.813016528926,0.554221519091,00:00:00,10,80,28,1292364719,fixed,0.5,0.6,0.818181818182,0.692307692308,18,12,4,32,0.818181818182,0.727272727273,0.272727272727,0.181818181818,0.6,0.818181818182,0.692307692308,0.757575757576,0.515151515152,0.5,0.516397779494,0.545454545455,106,84,22,0,106,0,84,0,22,21,106,0.252380952381,1.98147951821,10.0952380952,7.57142857143,5.3,3.5903309305,0.355645988398,0.177897574124,5.04456331585,0.999394619178,0.535489667565,3.93034591959,0.778653436899,0.415094339623,0.785936912158,0.396641451468,2.18653061224,1.98147951821,0.785936912158,2.18653061224,0.456493016787,0.454374412041,161,0.121052631579,0.398438786394,21,21,21,1,0,0.333333333333,0.619047619048,0.047619047619,21,114,0.271428571429,1.87102718836,10.8571428571,8.76923076923,5.7,4.21053101503,0.387812067174,0.201336675021,5.61757446387,1.03481634861,0.555555555556,3.48670945981,0.642288584702,0.345029239766,0.750766371221,0.401258931933,2.00848516551,1.91457854778,0.742555335599,2.00848516551,0.546527826748,0.530315969257,207,0.155639097744,0.393709838791,21,20,20,0.952380952381,0,0.333333333333,0.619047619048,0,8,0.0190476190476,-0.110452329852,0.761904761905,1.1978021978,0.4,0.620200084539,0.0321660787761,0.0234391008969,0.573011148022,0.0354217294301,0.0200658879904,-0.443636459776,-0.136364852197,-0.0700650998566,-0.0351705409368,0.00461748046591,-0.178045446737,-0.0669009704334,-0.0433815765584,-0.178045446737,0.0900348099613,0.0759415572157,46,0.0345864661654,-0.00472894760331,0,0,-0.047619047619,102,12,4,302,0.962264150943,0.96178343949,0.0382165605096,0.0377358490566,0.894736842105,0.962264150943,0.927272727273,0.90260753905,0.924047590434,0.864406779661,30,22,0,0,0,0
379,WLNM_dir_neg,0.837809917355,0.626894661674,00:00:00,10,80,29,1292364720,fixed,0.5,0.666666666667,0.818181818182,0.734693877551,18,9,4,35,0.818181818182,0.795454545455,0.204545454545,0.181818181818,0.666666666667,0.818181818182,0.734693877551,0.80303030303,0.530303030303,0.58064516129,0.588348405415,0.613636363636,106,84,22,0,106,0,84,0,22,21,106,0.252380952381,1.98147951821,10.0952380952,7.57142857143,5.3,3.5903309305,0.355645988398,0.177897574124,5.04456331585,0.999394619178,0.535489667565,3.93034591959,0.778653436899,0.415094339623,0.785936912158,0.396641451468,2.18653061224,1.98147951821,0.785936912158,2.18653061224,0.456493016787,0.454374412041,161,0.121052631579,0.398438786394,21,21,21,1,0,0.333333333333,0.619047619048,0.047619047619,21,111,0.264285714286,1.86097411035,10.5714285714,8.53846153846,5.55,4.34248118673,0.410775247394,0.20592020592,5.46939537008,1.03475047542,0.549120549121,3.57970469652,0.677241429071,0.36465036465,0.741864564346,0.398643140826,2.00336076635,1.90402281587,0.733733079139,2.00336076635,0.513531147215,0.501838235294,182,0.136842105263,0.402990848073,21,20,20,0.952380952381,0,0.333333333333,0.619047619048,0,5,0.0119047619048,-0.120505407862,0.47619047619,0.967032967033,0.25,0.752150256238,0.0551292589956,0.0280226317962,0.424832054233,0.0353558562433,0.0136308815554,-0.350641223068,-0.101412007828,-0.0504439749723,-0.0440723478112,0.00200168935834,-0.183169845896,-0.0774567023444,-0.0522038330189,-0.183169845896,0.0570381304282,0.0474638232527,21,0.0157894736842,0.00455206167918,0,0,-0.047619047619,102,9,4,305,0.962264150943,0.971337579618,0.0286624203822,0.0377358490566,0.918918918919,0.962264150943,0.940092165899,0.919684094487,0.933601730561,0.886956521739,27,22,0,0,0,0
380,WLNM_dir_neg,0.786673553719,0.5177647696,00:00:00,10,80,30,1292364721,fixed,0.5,0.631578947368,0.545454545455,0.585365853659,12,7,10,37,0.545454545455,0.840909090909,0.159090909091,0.454545454545,0.631578947368,0.545454545455,0.585365853659,0.742424242424,0.570707070707,0.4,0.402261245638,0.386363636364,106,84,22,0,106,0,84,0,22,21,106,0.252380952381,1.98147951821,10.0952380952,7.57142857143,5.3,3.5903309305,0.355645988398,0.177897574124,5.04456331585,0.999394619178,0.535489667565,3.93034591959,0.778653436899,0.415094339623,0.785936912158,0.396641451468,2.18653061224,1.98147951821,0.785936912158,2.18653061224,0.456493016787,0.454374412041,161,0.121052631579,0.398438786394,21,21,21,1,0,0.333333333333,0.619047619048,0.047619047619,21,103,0.245238095238,1.9658005477,9.80952380952,7.35714285714,5.15,3.55835703126,0.362745134254,0.19325011558,4.70005065829,0.958262755573,0.518723994452,4.41480194238,0.900105250389,0.474341192788,0.75429499272,0.383708811966,2,1.9658005477,0.75429499272,2,0.47988955489,0.465671641791,156,0.117293233083,0.426728232085,21,21,21,1,0,0.333333333333,0.619047619048,0.047619047619,-3,-0.00714285714286,-0.015678970514,-0.285714285714,-0.214285714286,-0.15,-0.0319738992378,0.00709914585629,0.0153525414562,-0.344512657562,-0.0411318636045,-0.016765673113,0.484456022796,0.12145181349,0.0592468531652,-0.0316419194379,-0.0129326395017,-0.186530612245,-0.015678970514,-0.0316419194379,-0.186530612245,0.0233965381024,0.0112972297497,-5,-0.00375939849624,0.0282894456915,0,0,0,96,7,10,307,0.905660377358,0.977707006369,0.0222929936306,0.0943396226415,0.932038834951,0.905660377358,0.918660287081,0.891889134468,0.883367383728,0.849557522124,19,22,0,0,0,0
381,WLNM_dir_neg,0.886363636364,0.632371705051,00:00:00,10,80,31,1292364722,fixed,0.5,0.666666666667,0.636363636364,0.651162790698,14,7,8,37,0.636363636364,0.840909090909,0.159090909091,0.363636363636,0.666666666667,0.636363636364,0.651162790698,0.772727272727,0.560606060606,0.48275862069,0.48304589154,0.477272727273,106,84,22,0,106,0,84,0,22,21,106,0.252380952381,1.98147951821,10.0952380952,7.57142857143,5.3,3.5903309305,0.355645988398,0.177897574124,5.04456331585,0.999394619178,0.535489667565,3.93034591959,0.778653436899,0.415094339623,0.785936912158,0.396641451468,2.18653061224,1.98147951821,0.785936912158,2.18653061224,0.456493016787,0.454374412041,161,0.121052631579,0.398438786394,21,21,21,1,0,0.333333333333,0.619047619048,0.047619047619,21,105,0.25,1.9907882708,10,7.5,5,3.7148351242,0.37148351242,0.198639455782,5.0199601592,1.00399203184,0.537868480726,3.80788655293,0.761577310586,0.404535147392,0.803058678692,0.403387286569,2.26672062785,1.9907882708,0.803058678692,2.26672062785,0.437173382173,0.437317784257,150,0.112781954887,0.394256089562,21,21,21,1,0,0.333333333333,0.666666666667,0,-1,-0.00238095238095,0.00930875258855,-0.0952380952381,-0.0714285714286,-0.3,0.124504193705,0.0158375240219,0.0207418816583,-0.0246031566455,0.00459741266307,0.00237881316048,-0.122459366656,-0.017076126313,-0.0105591922304,0.0171217665348,0.00674583510143,0.0801900156013,0.00930875258855,0.0171217665348,0.0801900156013,-0.0193196346138,-0.0170566277848,-11,-0.00827067669173,-0.00418269683231,0,0.047619047619,-0.047619047619,98,7,8,307,0.924528301887,0.977707006369,0.0222929936306,0.0754716981132,0.933333333333,0.924528301887,0.928909952607,0.905081419053,0.902235308256,0.867256637168,21,22,0,0,0,0
382,WLNM_dir_neg,0.823347107438,0.587147977332,00:00:00,10,80,32,1292364723,fixed,0.5,0.620689655172,0.818181818182,0.705882352941,18,11,4,33,0.818181818182,0.75,0.25,0.181818181818,0.620689655172,0.818181818182,0.705882352941,0.772727272727,0.520202020202,0.526315789474,0.53966611472,0.568181818182,106,84,22,0,106,0,84,0,22,21,106,0.252380952381,1.98147951821,10.0952380952,7.57142857143,5.3,3.5903309305,0.355645988398,0.177897574124,5.04456331585,0.999394619178,0.535489667565,3.93034591959,0.778653436899,0.415094339623,0.785936912158,0.396641451468,2.18653061224,1.98147951821,0.785936912158,2.18653061224,0.456493016787,0.454374412041,161,0.121052631579,0.398438786394,21,21,21,1,0,0.333333333333,0.619047619048,0.047619047619,21,113,0.269047619048,2.07414557088,10.7619047619,8.07142857143,5.38095238095,4.33479828717,0.402790991286,0.203118415508,5.41734427996,1.00676309628,0.540244416351,3.57038079869,0.663522095331,0.353982300885,0.832932420443,0.401578573913,2.26994943082,2.07414557088,0.832932420443,2.26994943082,0.559737251483,0.531969309463,208,0.156390977444,0.352558547602,21,21,21,1,0,0.333333333333,0.666666666667,0,7,0.0166666666667,0.0926660526692,0.666666666667,0.5,0.0809523809524,0.744467356677,0.0471450028878,0.0252208413838,0.37278096411,0.007368477098,0.00475474878547,-0.359965120903,-0.115131341569,-0.0611120387377,0.0469955082848,0.00493712244505,0.0834188185795,0.0926660526692,0.0469955082848,0.0834188185795,0.103244234695,0.0775948974215,47,0.0353383458647,-0.0458802387918,0,0.047619047619,-0.047619047619,102,11,4,303,0.962264150943,0.964968152866,0.0350318471338,0.0377358490566,0.902654867257,0.962264150943,0.931506849315,0.908234303171,0.92723230381,0.871794871795,29,22,0,0,0,0
383,WLNM_dir_neg,0.870867768595,0.518214871141,00:00:00,10,80,33,1292364724,fixed,0.5,0.642857142857,0.818181818182,0.72,18,10,4,34,0.818181818182,0.772727272727,0.227272727273,0.181818181818,0.642857142857,0.818181818182,0.72,0.787878787879,0.525252525253,0.553191489362,0.563621480191,0.590909090909,106,84,22,0,106,0,84,0,22,21,106,0.252380952381,1.98147951821,10.0952380952,7.57142857143,5.3,3.5903309305,0.355645988398,0.177897574124,5.04456331585,0.999394619178,0.535489667565,3.93034591959,0.778653436899,0.415094339623,0.785936912158,0.396641451468,2.18653061224,1.98147951821,0.785936912158,2.18653061224,0.456493016787,0.454374412041,161,0.121052631579,0.398438786394,21,21,21,1,0,0.333333333333,0.619047619048,0.047619047619,21,112,0.266666666667,2.22942625002,10.6666666667,8,5.33333333333,3.96652660817,0.371861869516,0.188775510204,5.15105167256,0.965822188604,0.520408163265,3.94123500103,0.738981562693,0.391156462585,0.994052114842,0.445877998806,3.08834308415,2.22942625002,0.994052114842,3.08834308415,0.525728712947,0.485061511424,184,0.138345864662,0.412553326871,21,21,21,1,0,0.333333333333,0.666666666667,0,6,0.0142857142857,0.247946731802,0.571428571429,0.428571428571,0.0333333333333,0.376195677676,0.0162158811179,0.0108779360801,0.106488356705,-0.0335724305737,-0.0150815042998,0.010889081441,-0.0396718742066,-0.0239378770376,0.208115202684,0.049236547338,0.901812471907,0.247946731802,0.208115202684,0.901812471907,0.0692356961596,0.0306870993822,23,0.0172932330827,0.0141145404775,0,0.047619047619,-0.047619047619,102,10,4,304,0.962264150943,0.968152866242,0.031847133758,0.0377358490566,0.910714285714,0.962264150943,0.935779816514,0.91392599883,0.930417017185,0.879310344828,28,22,0,0,0,0
384,WLNM_dir_neg,0.91632231405,0.773767013404,00:00:00,10,80,34,1292364725,fixed,0.5,0.692307692308,0.818181818182,0.75,18,8,4,36,0.818181818182,0.818181818182,0.181818181818,0.181818181818,0.692307692308,0.818181818182,0.75,0.818181818182,0.535353535354,0.608695652174,0.613940613515,0.636363636364,106,84,22,0,106,0,84,0,22,21,106,0.252380952381,1.98147951821,10.0952380952,7.57142857143,5.3,3.5903309305,0.355645988398,0.177897574124,5.04456331585,0.999394619178,0.535489667565,3.93034591959,0.778653436899,0.415094339623,0.785936912158,0.396641451468,2.18653061224,1.98147951821,0.785936912158,2.18653061224,0.456493016787,0.454374412041,161,0.121052631579,0.398438786394,21,21,21,1,0,0.333333333333,0.619047619048,0.047619047619,21,110,0.261904761905,2.00567983823,10.4761904762,7.85714285714,5.5,3.50170026729,0.334253207332,0.152813852814,5.22402873178,0.997314576067,0.531601731602,3.97372321513,0.758619886525,0.403463203463,0.794695790342,0.39622265488,2.24572986866,2.00567983823,0.794695790342,2.24572986866,0.459702035642,0.43557168784,160,0.12030075188,0.403976064582,21,21,21,1,0,0.333333333333,0.619047619048,0.047619047619,4,0.00952380952381,0.024200320013,0.380952380952,0.285714285714,0.2,-0.0886306632109,-0.0213927810664,-0.0250837213101,0.179465415931,-0.00208004311049,-0.00388793596341,0.043377295544,-0.0200335503743,-0.0116311361594,0.00875887818406,-0.0004187965875,0.0591992564131,0.024200320013,0.00875887818406,0.0591992564131,0.00320901885475,-0.0188027242011,-1,-0.000751879699248,0.00553727818808,0,0,0,102,8,4,306,0.962264150943,0.974522292994,0.0254777070064,0.0377358490566,0.927272727273,0.962264150943,0.944444444444,0.925510104603,0.936786443937,0.894736842105,26,22,0,0,0,0
385,WLNM_dir_neg,0.804752066116,0.648260520409,00:00:00,10,80,35,1292364726,fixed,0.5,0.608695652174,0.636363636364,0.622222222222,14,9,8,35,0.636363636364,0.795454545455,0.204545454545,0.363636363636,0.608695652174,0.636363636364,0.622222222222,0.742424242424,0.550505050505,0.426966292135,0.427209062893,0.431818181818,106,84,22,0,106,0,84,0,22,21,106,0.252380952381,1.98147951821,10.0952380952,7.57142857143,5.3,3.5903309305,0.355645988398,0.177897574124,5.04456331585,0.999394619178,0.535489667565,3.93034591959,0.778653436899,0.415094339623,0.785936912158,0.396641451468,2.18653061224,1.98147951821,0.785936912158,2.18653061224,0.456493016787,0.454374412041,161,0.121052631579,0.398438786394,21,21,21,1,0,0.333333333333,0.619047619048,0.047619047619,21,107,0.254761904762,1.8326234489,10.1904761905,8.23076923077,5.35,3.57238082543,0.350560735206,0.179350244771,5.43971287758,1.06760720027,0.555407209613,3.78027461839,0.741923055947,0.396083667112,0.708463467,0.386584307553,1.96825396825,1.8326234489,0.708463467,1.96825396825,0.490379795643,0.461538461538,166,0.124812030075,0.424243085665,21,21,21,1,0,0.380952380952,0.571428571429,0.047619047619,1,0.00238095238095,-0.148856069312,0.0952380952381,0.659340659341,0.05,-0.0179501050653,-0.00508525319237,0.00145267064682,0.395149561727,0.0682125810943,0.0199175420477,-0.150071301193,-0.0367303809529,-0.0190106725109,-0.0774734451577,-0.0100571439142,-0.218276643991,-0.148856069312,-0.0774734451577,-0.218276643991,0.0338867788558,0.00716404949707,5,0.00375939849624,0.0258042992716,0.047619047619,-0.047619047619,0,98,9,8,305,0.924528301887,0.971337579618,0.0286624203822,0.0754716981132,0.915887850467,0.924528301887,0.920187793427,0.893093022031,0.895865881505,0.852173913043,23,22,0,0,0,0
386,WLNM_dir_neg,0.888429752066,0.77690058074,00:00:00,10,80,36,1292364727,fixed,0.5,0.58064516129,0.818181818182,0.679245283019,18,13,4,31,0.818181818182,0.704545454545,0.295454545455,0.181818181818,0.58064516129,0.818181818182,0.679245283019,0.742424242424,0.510101010101,0.474226804124,0.493739609352,0.522727272727,106,84,22,0,106,0,84,0,22,21,106,0.252380952381,1.98147951821,10.0952380952,7.57142857143,5.3,3.5903309305,0.355645988398,0.177897574124,5.04456331585,0.999394619178,0.535489667565,3.93034591959,0.778653436899,0.415094339623,0.785936912158,0.396641451468,2.18653061224,1.98147951821,0.785936912158,2.18653061224,0.456493016787,0.454374412041,161,0.121052631579,0.398438786394,21,21,21,1,0,0.333333333333,0.619047619048,0.047619047619,21,115,0.27380952381,2.03710149972,10.9523809524,8.21428571429,5.75,3.27835615021,0.299328170237,0.144513457557,5.11487094284,0.934019911301,0.507660455487,3.90664878917,0.713388039761,0.388405797101,0.82002339013,0.402544198333,2.26562987097,2.03710149972,0.82002339013,2.26562987097,0.47367416275,0.472198460222,184,0.138345864662,0.376591441339,21,21,21,1,0,0.333333333333,0.619047619048,0.047619047619,9,0.0214285714286,0.0556219815093,0.857142857143,0.642857142857,0.45,-0.311974780286,-0.0563178181616,-0.0333841165671,0.0703076269896,-0.0653747078767,-0.0278292120786,-0.02369713042,-0.0652653971384,-0.0266885425212,0.0340864779719,0.00590274686565,0.0790992587299,0.0556219815093,0.0340864779719,0.0790992587299,0.0171811459627,0.017824048181,23,0.0172932330827,-0.0218473450553,0,0,0,102,13,4,301,0.962264150943,0.958598726115,0.0414012738854,0.0377358490566,0.886956521739,0.962264150943,0.923076923077,0.897044282209,0.920862877058,0.857142857143,31,22,0,0,0,0
387,WLNM_dir_neg,0.870351239669,0.700011690034,00:00:00,10,80,37,1292364728,fixed,0.5,0.666666666667,0.818181818182,0.734693877551,18,9,4,35,0.818181818182,0.795454545455,0.204545454545,0.181818181818,0.666666666667,0.818181818182,0.734693877551,0.80303030303,0.530303030303,0.58064516129,0.588348405415,0.613636363636,106,84,22,0,106,0,84,0,22,21,106,0.252380952381,1.98147951821,10.0952380952,7.57142857143,5.3,3.5903309305,0.355645988398,0.177897574124,5.04456331585,0.999394619178,0.535489667565,3.93034591959,0.778653436899,0.415094339623,0.785936912158,0.396641451468,2.18653061224,1.98147951821,0.785936912158,2.18653061224,0.456493016787,0.454374412041,161,0.121052631579,0.398438786394,21,21,21,1,0,0.333333333333,0.619047619048,0.047619047619,21,111,0.264285714286,1.81332129544,10.5714285714,8.53846153846,5.84210526316,4.08131631427,0.386070462161,0.191334191334,5.46024593899,1.03301950197,0.549978549979,3.9767179576,0.752352046032,0.402402402402,0.709532923811,0.391289136456,1.98359916316,1.85398736021,0.702408386734,1.98359916316,0.533458681841,0.523372287145,209,0.157142857143,0.474195046197,21,20,20,0.952380952381,0,0.333333333333,0.571428571429,0.047619047619,5,0.0119047619048,-0.168158222772,0.47619047619,0.967032967033,0.542105263158,0.490985383776,0.0304244737627,0.0134366172102,0.415682623143,0.0336248827938,0.0144888824134,0.0463720380108,-0.0263013908673,-0.0126919372202,-0.076403988347,-0.00535231501169,-0.202931449081,-0.127492158,-0.0835285254239,-0.202931449081,0.0769656650539,0.0689978751038,48,0.0360902255639,0.0757562598035,0,-0.047619047619,0,102,9,4,305,0.962264150943,0.971337579618,0.0286624203822,0.0377358490566,0.918918918919,0.962264150943,0.940092165899,0.919684094487,0.933601730561,0.886956521739,27,22,0,0,0,0
388,WLNM_dir_neg,0.797004132231,0.61393016288,00:00:00,10,80,38,1292364729,fixed,0.5,0.529411764706,0.818181818182,0.642857142857,18,16,4,28,0.818181818182,0.636363636364,0.363636363636,0.181818181818,0.529411764706,0.818181818182,0.642857142857,0.69696969697,0.494949494949,0.4,0.428746462856,0.454545454545,106,84,22,0,106,0,84,0,22,21,106,0.252380952381,1.98147951821,10.0952380952,7.57142857143,5.3,3.5903309305,0.355645988398,0.177897574124,5.04456331585,0.999394619178,0.535489667565,3.93034591959,0.778653436899,0.415094339623,0.785936912158,0.396641451468,2.18653061224,1.98147951821,0.785936912158,2.18653061224,0.456493016787,0.454374412041,161,0.121052631579,0.398438786394,21,21,21,1,0,0.333333333333,0.619047619048,0.047619047619,21,118,0.280952380952,1.94359906384,11.2380952381,9.07692307692,5.61904761905,4.26502944779,0.379515332218,0.190879741727,5.5450535658,0.986831566795,0.528652138822,3.47096802746,0.617714648954,0.333333333333,0.797214700241,0.410174461942,2.13368029593,1.94359906384,0.797214700241,2.13368029593,0.552884976221,0.537897310513,220,0.165413533835,0.393370017539,21,21,21,1,0,0.380952380952,0.619047619048,0,12,0.0285714285714,-0.0378804543774,1.14285714286,1.50549450549,0.319047619048,0.674698517289,0.02386934382,0.0129821676032,0.500490249953,-0.0125630523825,-0.00683752874351,-0.459377892132,-0.160938787945,-0.0817610062893,0.0112777880833,0.0135330104748,-0.0528503163106,-0.0378804543774,0.0112777880833,-0.0528503163106,0.0963919594338,0.0835228984721,59,0.0443609022556,-0.00506876885436,0.047619047619,0,-0.047619047619,102,16,4,298,0.962264150943,0.949044585987,0.0509554140127,0.0377358490566,0.864406779661,0.962264150943,0.910714285714,0.880721940326,0.911308736931,0.83606557377,34,22,0,0,0,0
389,WLNM_dir_neg,0.76291322314,0.526489184288,00:00:00,10,80,39,1292364730,fixed,0.5,0.592592592593,0.727272727273,0.65306122449,16,11,6,33,0.727272727273,0.75,0.25,0.272727272727,0.592592592593,0.727272727273,0.65306122449,0.742424242424,0.530303030303,0.451612903226,0.457604315322,0.477272727273,106,84,22,0,106,0,84,0,22,21,106,0.252380952381,1.98147951821,10.0952380952,7.57142857143,5.3,3.5903309305,0.355645988398,0.177897574124,5.04456331585,0.999394619178,0.535489667565,3.93034591959,0.778653436899,0.415094339623,0.785936912158,0.396641451468,2.18653061224,1.98147951821,0.785936912158,2.18653061224,0.456493016787,0.454374412041,161,0.121052631579,0.398438786394,21,21,21,1,0,0.333333333333,0.619047619048,0.047619047619,21,111,0.264285714286,1.99871115198,10.5714285714,7.92857142857,5.28571428571,3.55768785269,0.336538040119,0.169026169026,5.31171212645,1.00491851041,0.536250536251,3.88770957175,0.735512621683,0.382668382668,0.785558633403,0.393032596343,2.07663473553,1.99871115198,0.785558633403,2.07663473553,0.477506216162,0.491629955947,186,0.13984962406,0.393612204184,21,21,21,1,0,0.333333333333,0.666666666667,0,5,0.0119047619048,0.017231633767,0.47619047619,0.357142857143,-0.0142857142857,-0.0326430778109,-0.0191079482793,-0.00887140509782,0.267148810601,0.00552389123181,0.000760868685397,-0.0426363478364,-0.0431408152168,-0.0324259569543,-0.000378278754281,-0.00360885512428,-0.109895876718,0.017231633767,-0.000378278754281,-0.109895876718,0.0210131993745,0.0372555439057,25,0.0187969924812,-0.00482658220938,0,0.047619047619,-0.047619047619,100,11,6,303,0.943396226415,0.964968152866,0.0350318471338,0.0566037735849,0.900900900901,0.943396226415,0.921658986175,0.894822968164,0.908364379281,0.854700854701,27,22,0,0,0,0
390,WLNM_dir_neg,0.834194214876,0.726212484163,00:00:00,10,80,40,1292364731,fixed,0.5,0.586206896552,0.772727272727,0.666666666667,17,12,5,32,0.772727272727,0.727272727273,0.272727272727,0.227272727273,0.586206896552,0.772727272727,0.666666666667,0.742424242424,0.520202020202,0.463157894737,0.474906180954,0.5,106,84,22,0,106,0,84,0,22,21,106,0.252380952381,1.98147951821,10.0952380952,7.57142857143,5.3,3.5903309305,0.355645988398,0.177897574124,5.04456331585,0.999394619178,0.535489667565,3.93034591959,0.778653436899,0.415094339623,0.785936912158,0.396641451468,2.18653061224,1.98147951821,0.785936912158,2.18653061224,0.456493016787,0.454374412041,161,0.121052631579,0.398438786394,21,21,21,1,0,0.333333333333,0.619047619048,0.047619047619,21,113,0.269047619048,1.85668380989,10.7619047619,8.69230769231,5.65,4.06084673319,0.377335315916,0.175726927939,5.44496272234,1.01189572716,0.541930046355,3.7613320842,0.699008617417,0.380952380952,0.735626428473,0.396204471949,2.0097664929,1.85668380989,0.735626428473,2.0097664929,0.492751386041,0.484210526316,184,0.138345864662,0.427708296363,21,21,21,1,0,0.380952380952,0.571428571429,0.047619047619,7,0.0166666666667,-0.124795708326,0.666666666667,1.12087912088,0.35,0.470515802696,0.0216893275179,-0.00217064618467,0.400399406485,0.0125011079818,0.00644037878969,-0.169013835389,-0.0796448194821,-0.0341419586703,-0.0503104836844,-0.000436979518339,-0.176764119344,-0.124795708326,-0.0503104836844,-0.176764119344,0.0362583692537,0.0298361142744,23,0.0172932330827,0.0292695099692,0.047619047619,-0.047619047619,0,101,12,5,302,0.952830188679,0.96178343949,0.0382165605096,0.0471698113208,0.893805309735,0.952830188679,0.922374429224,0.895874170732,0.91461362817,0.85593220339,29,22,0,0,0,0
391,WLNM_dir_neg,0.913223140496,0.612545679436,00:00:00,10,80,41,1292364732,fixed,0.5,0.75,0.681818181818,0.714285714286,15,5,7,39,0.681818181818,0.886363636364,0.113636363636,0.318181818182,0.75,0.681818181818,0.714285714286,0.818181818182,0.565656565657,0.581395348837,0.58281550515,0.568181818182,106,84,22,0,106,0,84,0,22,21,106,0.252380952381,1.98147951821,10.0952380952,7.57142857143,5.3,3.5903309305,0.355645988398,0.177897574124,5.04456331585,0.999394619178,0.535489667565,3.93034591959,0.778653436899,0.415094339623,0.785936912158,0.396641451468,2.18653061224,1.98147951821,0.785936912158,2.18653061224,0.456493016787,0.454374412041,161,0.121052631579,0.398438786394,21,21,21,1,0,0.333333333333,0.619047619048,0.047619047619,21,104,0.247619047619,1.98235673557,9.90476190476,7.42857142857,4.95238095238,3.4482569786,0.34814132957,0.179945054945,4.99475915812,1.0085571377,0.538461538462,4.03083354253,0.813918311473,0.42673992674,0.776526764698,0.391718983149,2,1.98235673557,0.776526764698,2,0.432827450327,0.434607645875,144,0.108270676692,0.389565546404,21,21,21,1,0,0.333333333333,0.666666666667,0,-2,-0.0047619047619,0.000877217360276,-0.190476190476,-0.142857142857,-0.347619047619,-0.142073951894,-0.00750465882781,0.00204748082107,-0.0498041577304,0.00916251851939,0.0029718708964,0.100487622947,0.0352648745738,0.0116455871173,-0.00941014746004,-0.00492246831862,-0.186530612245,0.000877217360276,-0.00941014746004,-0.186530612245,-0.0236655664597,-0.0197667661661,-17,-0.0127819548872,-0.00887323998992,0,0.047619047619,-0.047619047619,99,5,7,309,0.933962264151,0.984076433121,0.015923566879,0.0660377358491,0.951923076923,0.933962264151,0.942857142857,0.923886313994,0.918038697272,0.891891891892,20,22,0,0,0,0
392,WLNM_dir_neg,0.811983471074,0.590427518981,00:00:00,10,80,42,1292364733,fixed,0.5,0.545454545455,0.818181818182,0.654545454545,18,15,4,29,0.818181818182,0.659090909091,0.340909090909,0.181818181818,0.545454545455,0.818181818182,0.654545454545,0.712121212121,0.5,0.424242424242,0.449977042573,0.477272727273,106,84,22,0,106,0,84,0,22,21,106,0.252380952381,1.98147951821,10.0952380952,7.57142857143,5.3,3.5903309305,0.355645988398,0.177897574124,5.04456331585,0.999394619178,0.535489667565,3.93034591959,0.778653436899,0.415094339623,0.785936912158,0.396641451468,2.18653061224,1.98147951821,0.785936912158,2.18653061224,0.456493016787,0.454374412041,161,0.121052631579,0.398438786394,21,21,21,1,0,0.333333333333,0.619047619048,0.047619047619,21,117,0.278571428571,1.8368226124,11.1428571429,9,6.15789473684,3.90238022604,0.350213610029,0.168091168091,5.36256868088,0.962512327337,0.520960520961,4.13002940149,0.741287328472,0.407814407814,0.71955487421,0.391738902467,1.99348691116,1.8368226124,0.71955487421,1.99348691116,0.510210459475,0.507425742574,205,0.154135338346,0.482047380096,21,21,21,1,0,0.380952380952,0.52380952381,0.0952380952381,11,0.0261904761905,-0.144656905812,1.04761904762,1.42857142857,0.857894736842,0.312049295542,-0.00543237836915,-0.00980640603282,0.318005365029,-0.0368822918406,-0.0145291466046,0.199683481899,-0.0373661084275,-0.00727993180823,-0.066382037948,-0.00490254900012,-0.193043701086,-0.144656905812,-0.066382037948,-0.193043701086,0.053717442688,0.0530513305329,44,0.0330827067669,0.0836085937022,0.047619047619,-0.0952380952381,0.047619047619,102,15,4,299,0.962264150943,0.952229299363,0.0477707006369,0.0377358490566,0.871794871795,0.962264150943,0.914798206278,0.886102804121,0.914493450306,0.842975206612,33,22,0,0,0,0
393,WLNM_dir_neg,0.79132231405,0.54801508808,00:00:00,10,80,43,1292364734,fixed,0.5,0.571428571429,0.727272727273,0.64,16,12,6,32,0.727272727273,0.727272727273,0.272727272727,0.272727272727,0.571428571429,0.727272727273,0.64,0.727272727273,0.525252525253,0.425531914894,0.433554984762,0.454545454545,106,84,22,0,106,0,84,0,22,21,106,0.252380952381,1.98147951821,10.0952380952,7.57142857143,5.3,3.5903309305,0.355645988398,0.177897574124,5.04456331585,0.999394619178,0.535489667565,3.93034591959,0.778653436899,0.415094339623,0.785936912158,0.396641451468,2.18653061224,1.98147951821,0.785936912158,2.18653061224,0.456493016787,0.454374412041,161,0.121052631579,0.398438786394,21,21,21,1,0,0.333333333333,0.619047619048,0.047619047619,21,112,0.266666666667,1.90275652861,10.6666666667,8.61538461538,5.33333333333,3.99165796798,0.374217934498,0.184948979592,5.30408647491,0.994516214046,0.529761904762,3.67876790969,0.689768983066,0.372448979592,0.762831725605,0.400908741679,1.9899912387,1.90275652861,0.762831725605,1.9899912387,0.50885413606,0.505676855895,193,0.145112781955,0.419637864858,21,21,21,1,0,0.380952380952,0.619047619048,0,6,0.0142857142857,-0.0787229896082,0.571428571429,1.04395604396,0.0333333333333,0.401327037483,0.0185719460999,0.00705140546785,0.259523159061,-0.00487840513202,-0.00572776280323,-0.251578009902,-0.0888844538334,-0.0426453600308,-0.0231051865531,0.00426729021126,-0.196539373545,-0.0787229896082,-0.0231051865531,-0.196539373545,0.0523611192729,0.0513024438538,32,0.0240601503759,0.0211990784646,0.047619047619,0,-0.047619047619,100,12,6,302,0.943396226415,0.96178343949,0.0382165605096,0.0566037735849,0.892857142857,0.943396226415,0.917431192661,0.889135962695,0.905179665906,0.847457627119,28,22,0,0,0,0
394,WLNM_dir_neg,0.825929752066,0.55326615261,00:00:00,10,80,44,1292364735,fixed,0.5,0.571428571429,0.909090909091,0.701754385965,20,15,2,29,0.909090909091,0.659090909091,0.340909090909,0.0909090909091,0.571428571429,0.909090909091,0.701754385965,0.742424242424,0.489898989899,0.49504950495,0.536673488426,0.568181818182,106,84,22,0,106,0,84,0,22,21,106,0.252380952381,1.98147951821,10.0952380952,7.57142857143,5.3,3.5903309305,0.355645988398,0.177897574124,5.04456331585,0.999394619178,0.535489667565,3.93034591959,0.778653436899,0.415094339623,0.785936912158,0.396641451468,2.18653061224,1.98147951821,0.785936912158,2.18653061224,0.456493016787,0.454374412041,161,0.121052631579,0.398438786394,21,21,21,1,0,0.333333333333,0.619047619048,0.047619047619,21,119,0.283333333333,2.03317524092,11.3333333333,8.5,5.66666666667,3.56837965095,0.314857028025,0.163265306122,5.41602560309,0.955769224075,0.519407763105,3.86436713232,0.681947140997,0.368147258904,0.820711604889,0.403660042859,2.29723841538,2.03317524092,0.820711604889,2.29723841538,0.549605421034,0.527886881383,224,0.168421052632,0.392762135336,21,21,21,1,0,0.333333333333,0.666666666667,0,13,0.0309523809524,0.0516957227053,1.2380952381,0.928571428571,0.366666666667,-0.0219512795433,-0.0407889603729,-0.0146322680015,0.371462287241,-0.043625395103,-0.0160819044599,-0.0659787872704,-0.0967062959023,-0.0469470807191,0.0347746927308,0.007018591391,0.110707803134,0.0516957227053,0.0347746927308,0.110707803134,0.0931124042469,0.0735124693412,63,0.0473684210526,-0.00567665105735,0,0.047619047619,-0.047619047619,104,15,2,299,0.981132075472,0.952229299363,0.0477707006369,0.0188679245283,0.873949579832,0.981132075472,0.924444444444,0.89972720569,0.933361374835,0.859504132231,35,22,0,0,0,0
395,WLNM_dir_neg,0.862603305785,0.606800330384,00:00:00,10,80,45,1292364736,fixed,0.5,0.666666666667,0.818181818182,0.734693877551,18,9,4,35,0.818181818182,0.795454545455,0.204545454545,0.181818181818,0.666666666667,0.818181818182,0.734693877551,0.80303030303,0.530303030303,0.58064516129,0.588348405415,0.613636363636,106,84,22,0,106,0,84,0,22,21,106,0.252380952381,1.98147951821,10.0952380952,7.57142857143,5.3,3.5903309305,0.355645988398,0.177897574124,5.04456331585,0.999394619178,0.535489667565,3.93034591959,0.778653436899,0.415094339623,0.785936912158,0.396641451468,2.18653061224,1.98147951821,0.785936912158,2.18653061224,0.456493016787,0.454374412041,161,0.121052631579,0.398438786394,21,21,21,1,0,0.333333333333,0.619047619048,0.047619047619,21,111,0.264285714286,2.06633605863,10.5714285714,7.92857142857,5.55,3.61346687506,0.341814434127,0.168597168597,5.2263070819,0.988760799278,0.531102531103,3.62136517273,0.685123140787,0.37752037752,0.841328165143,0.407159407411,2.3246217118,2.06633605863,0.841328165143,2.3246217118,0.515737784911,0.481949458484,178,0.133834586466,0.343487444287,21,21,21,1,0,0.333333333333,0.619047619048,0.047619047619,5,0.0119047619048,0.0848565404131,0.47619047619,0.357142857143,0.25,0.0231359445622,-0.0138315542711,-0.00930040552682,0.181743766047,-0.0106338199,-0.00438713646261,-0.308980746854,-0.0935302961121,-0.0375739621023,0.055391252985,0.0105179559435,0.138091099558,0.0848565404131,0.055391252985,0.138091099558,0.0592447681236,0.0275750464424,17,0.0127819548872,-0.0549513421064,0,0,0,102,9,4,305,0.962264150943,0.971337579618,0.0286624203822,0.0377358490566,0.918918918919,0.962264150943,0.940092165899,0.919684094487,0.933601730561,0.886956521739,27,22,0,0,0,0
396,WLNM_dir_neg,0.844524793388,0.601067257529,00:00:00,10,80,46,1292364737,fixed,0.5,0.652173913043,0.681818181818,0.666666666667,15,8,7,36,0.681818181818,0.818181818182,0.181818181818,0.318181818182,0.652173913043,0.681818181818,0.666666666667,0.772727272727,0.550505050505,0.494382022472,0.494663125455,0.5,106,84,22,0,106,0,84,0,22,21,106,0.252380952381,1.98147951821,10.0952380952,7.57142857143,5.3,3.5903309305,0.355645988398,0.177897574124,5.04456331585,0.999394619178,0.535489667565,3.93034591959,0.778653436899,0.415094339623,0.785936912158,0.396641451468,2.18653061224,1.98147951821,0.785936912158,2.18653061224,0.456493016787,0.454374412041,161,0.121052631579,0.398438786394,21,21,21,1,0,0.333333333333,0.619047619048,0.047619047619,21,107,0.254761904762,1.99433355131,10.1904761905,7.64285714286,5.09523809524,3.65539392705,0.358706880692,0.186025812194,5.10788372915,1.00248185338,0.535825545171,4.13406291564,0.811358142322,0.432576769025,0.781949279465,0.392085505934,2.11082271188,1.99433355131,0.781949279465,2.11082271188,0.510212059183,0.499552372426,186,0.13984962406,0.403559162593,21,21,21,1,0,0.333333333333,0.666666666667,0,1,0.00238095238095,0.0128540330941,0.0952380952381,0.0714285714286,-0.204761904762,0.0650629965527,0.00306089229351,0.00812823807005,0.0633204132962,0.00308723420601,0.0003358776062,0.203716996053,0.0327047054226,0.0174824294027,-0.0039876326926,-0.00455594553392,-0.0757079003613,0.0128540330941,-0.0039876326926,-0.0757079003613,0.0537190423955,0.0451779603847,25,0.0187969924812,0.00512037619895,0,0.047619047619,-0.047619047619,99,8,7,306,0.933962264151,0.974522292994,0.0254777070064,0.0660377358491,0.92523364486,0.933962264151,0.929577464789,0.905672640693,0.908484557145,0.868421052632,23,22,0,0,0,0
397,WLNM_dir_neg,0.919938016529,0.716681346506,00:00:00,10,80,47,1292364738,fixed,0.5,0.628571428571,1,0.771929824561,22,13,0,31,1,0.704545454545,0.295454545455,0,0.628571428571,1,0.771929824561,0.80303030303,0.489898989899,0.613861386139,0.665475125649,0.704545454545,106,84,22,0,106,0,84,0,22,21,106,0.252380952381,1.98147951821,10.0952380952,7.57142857143,5.3,3.5903309305,0.355645988398,0.177897574124,5.04456331585,0.999394619178,0.535489667565,3.93034591959,0.778653436899,0.415094339623,0.785936912158,0.396641451468,2.18653061224,1.98147951821,0.785936912158,2.18653061224,0.456493016787,0.454374412041,161,0.121052631579,0.398438786394,21,21,21,1,0,0.333333333333,0.619047619048,0.047619047619,21,119,0.283333333333,2.04580219569,11.3333333333,8.5,5.66666666667,3.85140666943,0.339830000244,0.175270108043,5.62435181451,0.992532673148,0.537014805922,3.58236421003,0.632181919418,0.332933173269,0.832728291253,0.407042427174,2.32680736779,2.04580219569,0.832728291253,2.32680736779,0.51008989618,0.514907332796,213,0.16015037594,0.373208020739,21,21,21,1,0,0.333333333333,0.666666666667,0,13,0.0309523809524,0.0643226774771,1.2380952381,0.928571428571,0.366666666667,0.261075738934,-0.0158159881543,-0.00262746608077,0.579788498656,-0.00686194602976,0.00152513835723,-0.347981709554,-0.146471517482,-0.0821611663533,0.0467913790952,0.0104009757069,0.140276755543,0.0643226774771,0.0467913790952,0.140276755543,0.053596879393,0.0605329207547,52,0.0390977443609,-0.0252307656545,0,0.047619047619,-0.047619047619,106,13,0,301,1,0.958598726115,0.0414012738854,0,0.890756302521,1,0.942222222222,0.924055115713,0.958598726115,0.890756302521,35,22,0,0,0,0
398,WLNM_dir_neg,0.896694214876,0.777451155501,00:00:00,10,80,48,1292364739,fixed,0.5,0.7,0.954545454545,0.807692307692,21,9,1,35,0.954545454545,0.795454545455,0.204545454545,0.0454545454545,0.7,0.954545454545,0.807692307692,0.848484848485,0.515151515152,0.6875,0.710046946805,0.75,106,84,22,0,106,0,84,0,22,21,106,0.252380952381,1.98147951821,10.0952380952,7.57142857143,5.3,3.5903309305,0.355645988398,0.177897574124,5.04456331585,0.999394619178,0.535489667565,3.93034591959,0.778653436899,0.415094339623,0.785936912158,0.396641451468,2.18653061224,1.98147951821,0.785936912158,2.18653061224,0.456493016787,0.454374412041,161,0.121052631579,0.398438786394,21,21,21,1,0,0.333333333333,0.619047619048,0.047619047619,21,114,0.271428571429,1.87566480406,10.8571428571,8.76923076923,5.7,3.85078841649,0.354677880466,0.175856307435,5.43664812703,1.00148781287,0.53634085213,3.89321754557,0.717171653132,0.387635756057,0.742403436007,0.395808160606,2.03223747681,1.87566480406,0.742403436007,2.03223747681,0.524727209065,0.514778325123,209,0.157142857143,0.448571577675,21,21,21,1,0,0.380952380952,0.571428571429,0.047619047619,8,0.0190476190476,-0.105814714156,0.761904761905,1.1978021978,0.4,0.260457485994,-0.000968107932029,-0.00204126668873,0.39208481118,0.0020931936962,0.000851184565186,-0.0371283740165,-0.0614817837679,-0.0274585835658,-0.0435334761509,-0.000833290861955,-0.154293135436,-0.105814714156,-0.0435334761509,-0.154293135436,0.0682341922783,0.0604039130818,48,0.0360902255639,0.0501327912814,0.047619047619,-0.047619047619,0,105,9,1,305,0.990566037736,0.971337579618,0.0286624203822,0.00943396226415,0.921052631579,0.990566037736,0.954545454545,0.939585218176,0.961903617354,0.913043478261,30,22,0,0,0,0
399,WLNM_dir_neg,0.949896694215,0.620876362214,00:00:00,10,80,49,1292364740,fixed,0.5,0.740740740741,0.909090909091,0.816326530612,20,7,2,37,0.909090909091,0.840909090909,0.159090909091,0.0909090909091,0.740740740741,0.909090909091,0.816326530612,0.863636363636,0.530303030303,0.709677419355,0.719092495507,0.75,106,84,22,0,106,0,84,0,22,21,106,0.252380952381,1.98147951821,10.0952380952,7.57142857143,5.3,3.5903309305,0.355645988398,0.177897574124,5.04456331585,0.999394619178,0.535489667565,3.93034591959,0.778653436899,0.415094339623,0.785936912158,0.396641451468,2.18653061224,1.98147951821,0.785936912158,2.18653061224,0.456493016787,0.454374412041,161,0.121052631579,0.398438786394,21,21,21,1,0,0.333333333333,0.619047619048,0.047619047619,21,111,0.264285714286,1.98857847537,10.5714285714,7.92857142857,5.84210526316,3.34023095865,0.315967793386,0.156585156585,5.16858643289,0.977840676493,0.525096525097,4.11269810639,0.778078020127,0.41613041613,0.777392226038,0.390928613412,2.10846560847,1.98857847537,0.777392226038,2.10846560847,0.498064229577,0.480408858603,188,0.141353383459,0.426089903417,21,21,21,1,0,0.333333333333,0.571428571429,0.0952380952381,5,0.0119047619048,0.00709895715742,0.47619047619,0.357142857143,0.542105263158,-0.250099971843,-0.0396781950121,-0.0213124175388,0.124023117043,-0.0215539426845,-0.0103931424686,0.1823521868,-0.000575416772014,0.00103607650777,-0.00854468612018,-0.00571283805578,-0.0780650037793,0.00709895715742,-0.00854468612018,-0.0780650037793,0.0415712127897,0.0260344465617,27,0.0203007518797,0.0276511170232,0,-0.047619047619,0.047619047619,104,7,2,307,0.981132075472,0.977707006369,0.0222929936306,0.0188679245283,0.936936936937,0.981132075472,0.958525345622,0.944545220811,0.958839081841,0.920353982301,27,22,0,0,0,0
400,WLNM_dir_neg,0.976239669421,0.827088051838,00:00:00,10,80,50,1292364741,fixed,0.5,0.833333333333,0.909090909091,0.869565217391,20,4,2,40,0.909090909091,0.909090909091,0.0909090909091,0.0909090909091,0.833333333333,0.909090909091,0.869565217391,0.909090909091,0.545454545455,0.8,0.801783725737,0.818181818182,106,84,22,0,106,0,84,0,22,21,106,0.252380952381,1.98147951821,10.0952380952,7.57142857143,5.3,3.5903309305,0.355645988398,0.177897574124,5.04456331585,0.999394619178,0.535489667565,3.93034591959,0.778653436899,0.415094339623,0.785936912158,0.396641451468,2.18653061224,1.98147951821,0.785936912158,2.18653061224,0.456493016787,0.454374412041,161,0.121052631579,0.398438786394,21,21,21,1,0,0.333333333333,0.619047619048,0.047619047619,21,108,0.257142857143,1.80740805194,10.2857142857,8.30769230769,5.68421052632,4.18500725379,0.40687570523,0.207231040564,5.4063454781,1.05123384296,0.557319223986,3.83778209759,0.746235407864,0.400352733686,0.704981497883,0.390051099488,1.92190887344,1.84777845454,0.69794718156,1.92190887344,0.516916285469,0.508976660682,189,0.142105263158,0.447936738184,21,20,20,0.952380952381,0,0.333333333333,0.571428571429,0.047619047619,2,0.0047619047619,-0.174071466273,0.190476190476,0.736263736264,0.384210526316,0.594676323295,0.0512297168315,0.0293334664404,0.36178216225,0.0518392237861,0.0218295564208,-0.092563821999,-0.032418029035,-0.0147416059366,-0.0809554142743,-0.00659035197948,-0.264621738805,-0.133701063676,-0.0879897305978,-0.264621738805,0.0604232686818,0.0546022486408,28,0.0210526315789,0.0494979517906,0,-0.047619047619,0,104,4,2,310,0.981132075472,0.987261146497,0.0127388535032,0.0188679245283,0.962962962963,0.981132075472,0.971962616822,0.96245475607,0.968393221969,0.945454545455,24,22,0,0,0,0
401,WLNM_dir_neg,0.876033057851,0.754336152324,00:00:01,10,90,1,1293281992,fixed,0.5,1,0.545454545455,0.705882352941,6,0,5,22,0.545454545455,1,0,0.454545454545,1,0.545454545455,0.705882352941,0.848484848485,0.606060606061,0.615384615385,0.666666666667,0.545454545455,106,95,11,0,106,0,95,0,11,21,106,0.252380952381,1.98147951821,10.0952380952,7.57142857143,5.3,3.5903309305,0.355645988398,0.177897574124,5.04456331585,0.999394619178,0.535489667565,3.93034591959,0.778653436899,0.415094339623,0.785936912158,0.396641451468,2.18653061224,1.98147951821,0.785936912158,2.18653061224,0.456493016787,0.454374412041,161,0.121052631579,0.398438786394,21,21,21,1,0,0.333333333333,0.619047619048,0.047619047619,21,101,0.240476190476,1.9799846618,9.61904761905,7.21428571429,5.05,3.23227768727,0.336028868478,0.173503064592,4.71825229952,0.981022755345,0.525223950967,3.90664878917,0.812273510619,0.437529467232,0.781424661697,0.394661977323,2.18414918415,1.9799846618,0.781424661697,2.18414918415,0.423323759574,0.430769230769,140,0.105263157895,0.381177579513,21,21,21,1,0,0.333333333333,0.619047619048,0.047619047619,-5,-0.0119047619048,-0.00149485641137,-0.47619047619,-0.357142857143,-0.25,-0.358053243227,-0.0196171199197,-0.00439450953182,-0.326311016332,-0.0183718638325,-0.0102657165986,-0.02369713042,0.0336200737196,0.0224351276098,-0.00451225046111,-0.00197947414441,-0.00238142809572,-0.00149485641137,-0.00451225046111,-0.00238142809572,-0.0331692572134,-0.0236051812722,-21,-0.0157894736842,-0.0172612068808,0,0,0,101,0,5,314,0.952830188679,1,0,0.0471698113208,1,0.952830188679,0.975845410628,0.968450074203,0.952830188679,0.952830188679,6,11,0,0,0,0
402,WLNM_dir_neg,0.925619834711,0.793464257699,00:00:01,10,90,2,1293281993,fixed,0.5,0.75,0.818181818182,0.782608695652,9,3,2,19,0.818181818182,0.863636363636,0.136363636364,0.181818181818,0.75,0.818181818182,0.782608695652,0.848484848485,0.545454545455,0.666666666667,0.668153104781,0.681818181818,106,95,11,0,106,0,95,0,11,21,106,0.252380952381,1.98147951821,10.0952380952,7.57142857143,5.3,3.5903309305,0.355645988398,0.177897574124,5.04456331585,0.999394619178,0.535489667565,3.93034591959,0.778653436899,0.415094339623,0.785936912158,0.396641451468,2.18653061224,1.98147951821,0.785936912158,2.18653061224,0.456493016787,0.454374412041,161,0.121052631579,0.398438786394,21,21,21,1,0,0.333333333333,0.619047619048,0.047619047619,21,107,0.254761904762,1.99640973812,10.1904761905,7.64285714286,5.35,3.64168982231,0.357362085367,0.178015131286,5.10788372915,1.00248185338,0.538495772141,3.96112057257,0.777416187141,0.417445482866,0.797630513701,0.399532469948,2.21144055106,1.99640973812,0.797630513701,2.21144055106,0.467655547067,0.471941122355,171,0.128571428571,0.398087515349,21,21,21,1,0,0.333333333333,0.619047619048,0.047619047619,1,0.00238095238095,0.014930219908,0.0952380952381,0.0714285714286,0.05,0.0513588918124,0.00171609696853,0.00011755716217,0.0633204132962,0.00308723420601,0.00300610457549,0.0307746529873,-0.00123724975856,0.0023511432434,0.0116936015429,0.00289101848064,0.0249099388183,0.014930219908,0.0116936015429,0.0249099388183,0.0111625302802,0.0175667103137,10,0.00751879699248,-0.000351271044548,0,0,0,104,3,2,311,0.981132075472,0.990445859873,0.00955414012739,0.0188679245283,0.971962616822,0.981132075472,0.976525821596,0.968570734001,0.971577935344,0.954128440367,12,11,0,0,0,0
403,WLNM_dir_neg,0.95867768595,0.741606247288,00:00:01,10,90,3,1293281994,fixed,0.5,0.727272727273,0.727272727273,0.727272727273,8,3,3,19,0.727272727273,0.863636363636,0.136363636364,0.272727272727,0.727272727273,0.727272727273,0.727272727273,0.818181818182,0.555555555556,0.590909090909,0.590909090909,0.590909090909,106,95,11,0,106,0,95,0,11,21,106,0.252380952381,1.98147951821,10.0952380952,7.57142857143,5.3,3.5903309305,0.355645988398,0.177897574124,5.04456331585,0.999394619178,0.535489667565,3.93034591959,0.778653436899,0.415094339623,0.785936912158,0.396641451468,2.18653061224,1.98147951821,0.785936912158,2.18653061224,0.456493016787,0.454374412041,161,0.121052631579,0.398438786394,21,21,21,1,0,0.333333333333,0.619047619048,0.047619047619,21,106,0.252380952381,1.99111477635,10.0952380952,7.57142857143,5.3,3.52001082249,0.348680317323,0.176999101527,4.97469788506,0.985553354587,0.531895777179,4.16504730437,0.825150881054,0.43935309973,0.785839707272,0.394673233611,2.0832534356,1.99111477635,0.785839707272,2.0832534356,0.465653121388,0.464150943396,164,0.123308270677,0.410563475128,21,21,21,1,0,0.333333333333,0.619047619048,0.047619047619,0,0,0.00963525813546,0,0,0,-0.0703201080018,-0.00696567107565,-0.000898472596586,-0.0698654307901,-0.0138412645905,-0.00359389038634,0.23470138478,0.0464974441545,0.0242587601078,-9.72048855268e-05,-0.00196821785675,-0.103277176642,0.00963525813546,-9.72048855268e-05,-0.103277176642,0.00916010460128,0.00977653135483,3,0.00225563909774,0.0121246887343,0,0,0,103,3,3,311,0.971698113208,0.990445859873,0.00955414012739,0.0283018867925,0.971698113208,0.971698113208,0.971698113208,0.96214397308,0.96214397308,0.94495412844,11,11,0,0,0,0
404,WLNM_dir_neg,0.896694214876,0.664402423444,00:00:01,10,90,4,1293281995,fixed,0.5,0.818181818182,0.818181818182,0.818181818182,9,2,2,20,0.818181818182,0.909090909091,0.0909090909091,0.181818181818,0.818181818182,0.818181818182,0.818181818182,0.878787878788,0.555555555556,0.727272727273,0.727272727273,0.727272727273,106,95,11,0,106,0,95,0,11,21,106,0.252380952381,1.98147951821,10.0952380952,7.57142857143,5.3,3.5903309305,0.355645988398,0.177897574124,5.04456331585,0.999394619178,0.535489667565,3.93034591959,0.778653436899,0.415094339623,0.785936912158,0.396641451468,2.18653061224,1.98147951821,0.785936912158,2.18653061224,0.456493016787,0.454374412041,161,0.121052631579,0.398438786394,21,21,21,1,0,0.333333333333,0.619047619048,0.047619047619,21,106,0.252380952381,1.81972090753,10.0952380952,8.15384615385,5.3,3.75372830536,0.371831577418,0.190925426774,5.22949510446,1.036032049,0.550763701707,3.80100237406,0.75302877222,0.401617250674,0.703109304427,0.386383044518,1.95292517007,1.81972090753,0.703109304427,1.95292517007,0.475714628509,0.468837209302,168,0.126315789474,0.443228462604,21,21,21,1,0,0.380952380952,0.571428571429,0.047619047619,0,0,-0.16175861068,0,0.582417582418,0,0.163397374866,0.0161855890198,0.0130278526505,0.184931788615,0.0366374298199,0.015274034142,-0.129343545526,-0.0256246646798,-0.0134770889488,-0.082827607731,-0.0102584069492,-0.233605442177,-0.16175861068,-0.082827607731,-0.233605442177,0.0192216117216,0.0144627972609,7,0.00526315789474,0.0447896762098,0.047619047619,-0.047619047619,0,104,2,2,312,0.981132075472,0.993630573248,0.00636942675159,0.0188679245283,0.981132075472,0.981132075472,0.981132075472,0.97476264872,0.97476264872,0.962962962963,11,11,0,0,0,0
405,WLNM_dir_neg,0.873966942149,0.446579826653,00:00:01,10,90,5,1293281996,fixed,0.5,0.7,0.636363636364,0.666666666667,7,3,4,19,0.636363636364,0.863636363636,0.136363636364,0.363636363636,0.7,0.636363636364,0.666666666667,0.787878787879,0.565656565657,0.511627906977,0.512877644532,0.5,106,95,11,0,106,0,95,0,11,21,106,0.252380952381,1.98147951821,10.0952380952,7.57142857143,5.3,3.5903309305,0.355645988398,0.177897574124,5.04456331585,0.999394619178,0.535489667565,3.93034591959,0.778653436899,0.415094339623,0.785936912158,0.396641451468,2.18653061224,1.98147951821,0.785936912158,2.18653061224,0.456493016787,0.454374412041,161,0.121052631579,0.398438786394,21,21,21,1,0,0.333333333333,0.619047619048,0.047619047619,21,105,0.25,1.98368775983,10,7.5,5.25,3.36154726279,0.336154726279,0.168253968254,4.88876262463,0.977752524926,0.524263038549,4.09878030638,0.819756061277,0.425396825397,0.780116840192,0.393265944364,2.1380952381,1.98368775983,0.780116840192,2.1380952381,0.471904876947,0.448015122873,158,0.118796992481,0.408557037803,21,21,21,1,0,0.333333333333,0.619047619048,0.047619047619,-1,-0.00238095238095,0.00220824161194,-0.0952380952381,-0.0714285714286,-0.05,-0.228783667702,-0.0194912621188,-0.00964360587002,-0.155800691218,-0.0216420942514,-0.0112266290164,0.168434386796,0.0411026243773,0.0103024857742,-0.00582007196576,-0.00337550710324,-0.0484353741497,0.00220824161194,-0.00582007196576,-0.0484353741497,0.0154118601598,-0.00635928916805,-3,-0.00225563909774,0.0101182514095,0,0,0,102,3,4,311,0.962264150943,0.990445859873,0.00955414012739,0.0377358490566,0.971428571429,0.962264150943,0.96682464455,0.955715344595,0.952710010816,0.935779816514,10,11,0,0,0,0
406,WLNM_dir_neg,0.917355371901,0.547007537917,00:00:01,10,90,6,1293281997,fixed,0.5,0.769230769231,0.909090909091,0.833333333333,10,3,1,19,0.909090909091,0.863636363636,0.136363636364,0.0909090909091,0.769230769231,0.909090909091,0.833333333333,0.878787878788,0.535353535354,0.739130434783,0.745499316411,0.772727272727,106,95,11,0,106,0,95,0,11,21,106,0.252380952381,1.98147951821,10.0952380952,7.57142857143,5.3,3.5903309305,0.355645988398,0.177897574124,5.04456331585,0.999394619178,0.535489667565,3.93034591959,0.778653436899,0.415094339623,0.785936912158,0.396641451468,2.18653061224,1.98147951821,0.785936912158,2.18653061224,0.456493016787,0.454374412041,161,0.121052631579,0.398438786394,21,21,21,1,0,0.333333333333,0.619047619048,0.047619047619,21,108,0.257142857143,1.97544014024,10.2857142857,7.71428571429,5.4,3.52339122356,0.342551924513,0.175925925926,5.08218175871,0.988202008638,0.530864197531,4.10226418318,0.797662480062,0.426807760141,0.777039507848,0.393350065141,2.08526203778,1.97544014024,0.777039507848,2.08526203778,0.466622503314,0.467639015497,171,0.128571428571,0.409274399198,21,21,21,1,0,0.333333333333,0.619047619048,0.047619047619,2,0.0047619047619,-0.0060393779696,0.190476190476,0.142857142857,0.1,-0.0669397069323,-0.013094063885,-0.00197164819806,0.0376184428607,-0.0111926105396,-0.00462547003428,0.171918263589,0.0190090431626,0.0117134205185,-0.00889740430968,-0.00329138632622,-0.101268574469,-0.0060393779696,-0.00889740430968,-0.101268574469,0.0101294865265,0.0132646034554,10,0.00751879699248,0.0108356128046,0,0,0,105,3,1,311,0.990566037736,0.990445859873,0.00955414012739,0.00943396226415,0.972222222222,0.990566037736,0.981308411215,0.97499605036,0.981011897608,0.963302752294,13,11,0,0,0,0
407,WLNM_dir_neg,0.913223140496,0.709150204209,00:00:01,10,90,7,1293281998,fixed,0.5,0.692307692308,0.818181818182,0.75,9,4,2,18,0.818181818182,0.818181818182,0.181818181818,0.181818181818,0.692307692308,0.818181818182,0.75,0.818181818182,0.535353535354,0.608695652174,0.613940613515,0.636363636364,106,95,11,0,106,0,95,0,11,21,106,0.252380952381,1.98147951821,10.0952380952,7.57142857143,5.3,3.5903309305,0.355645988398,0.177897574124,5.04456331585,0.999394619178,0.535489667565,3.93034591959,0.778653436899,0.415094339623,0.785936912158,0.396641451468,2.18653061224,1.98147951821,0.785936912158,2.18653061224,0.456493016787,0.454374412041,161,0.121052631579,0.398438786394,21,21,21,1,0,0.333333333333,0.619047619048,0.047619047619,21,108,0.257142857143,1.97434831119,10.2857142857,7.71428571429,5.4,3.50917165643,0.341169466597,0.177248677249,5.15058942535,1.00150349937,0.537918871252,3.81163631903,0.741151506479,0.397707231041,0.782355461799,0.396260101303,2.17160278746,1.97434831119,0.782355461799,2.17160278746,0.453747248705,0.473540145985,173,0.13007518797,0.381859591887,21,21,21,1,0,0.333333333333,0.619047619048,0.047619047619,2,0.0047619047619,-0.00713120702591,0.190476190476,0.142857142857,0.1,-0.0811592740668,-0.0144765218009,-0.000648896875312,0.106026109504,0.00210888019662,0.00242920368707,-0.118709600555,-0.0375019304208,-0.0173871085821,-0.00358145035886,-0.00038135016457,-0.0149278247885,-0.00713120702591,-0.00358145035886,-0.0149278247885,-0.0027457680819,0.019165733944,12,0.00902255639098,-0.0165791945063,0,0,0,104,4,2,310,0.981132075472,0.987261146497,0.0127388535032,0.0188679245283,0.962962962963,0.981132075472,0.971962616822,0.96245475607,0.968393221969,0.945454545455,13,11,0,0,0,0
408,WLNM_dir_neg,0.904958677686,0.750432789136,00:00:01,10,90,8,1293281999,fixed,0.5,0.666666666667,0.545454545455,0.6,6,3,5,19,0.545454545455,0.863636363636,0.136363636364,0.454545454545,0.666666666667,0.545454545455,0.6,0.757575757576,0.575757575758,0.428571428571,0.433012701892,0.409090909091,106,95,11,0,106,0,95,0,11,21,106,0.252380952381,1.98147951821,10.0952380952,7.57142857143,5.3,3.5903309305,0.355645988398,0.177897574124,5.04456331585,0.999394619178,0.535489667565,3.93034591959,0.778653436899,0.415094339623,0.785936912158,0.396641451468,2.18653061224,1.98147951821,0.785936912158,2.18653061224,0.456493016787,0.454374412041,161,0.121052631579,0.398438786394,21,21,21,1,0,0.333333333333,0.619047619048,0.047619047619,21,104,0.247619047619,2.00055650006,9.90476190476,7.42857142857,5.2,3.52001082249,0.35538570804,0.181776556777,4.91402269507,0.992254582657,0.528388278388,3.87912606751,0.783285071324,0.417582417582,0.79663140364,0.398204901295,2.21786241763,2.00055650006,0.79663140364,2.21786241763,0.424176379176,0.429435483871,142,0.106766917293,0.388060714693,21,21,21,1,0,0.333333333333,0.619047619048,0.047619047619,-2,-0.0047619047619,0.0190769818417,-0.190476190476,-0.142857142857,-0.1,-0.0703201080018,-0.000260280357909,0.00387898265257,-0.130540620784,-0.00714003652036,-0.00710138917686,-0.0512198520798,0.00463163442427,0.00248807795978,0.0106944914819,0.00156344982734,0.0313318053875,0.0190769818417,0.0106944914819,0.0313318053875,-0.0323166376108,-0.0249389281704,-19,-0.0142857142857,-0.0103780717009,0,0,0,101,3,5,311,0.952830188679,0.990445859873,0.00955414012739,0.0471698113208,0.971153846154,0.952830188679,0.961904761905,0.949284419235,0.943276048552,0.926605504587,9,11,0,0,0,0
409,WLNM_dir_neg,0.880165289256,0.561223131282,00:00:01,10,90,9,1293282000,fixed,0.5,0.625,0.909090909091,0.740740740741,10,6,1,16,0.909090909091,0.727272727273,0.272727272727,0.0909090909091,0.625,0.909090909091,0.740740740741,0.787878787879,0.505050505051,0.571428571429,0.600245047999,0.636363636364,106,95,11,0,106,0,95,0,11,21,106,0.252380952381,1.98147951821,10.0952380952,7.57142857143,5.3,3.5903309305,0.355645988398,0.177897574124,5.04456331585,0.999394619178,0.535489667565,3.93034591959,0.778653436899,0.415094339623,0.785936912158,0.396641451468,2.18653061224,1.98147951821,0.785936912158,2.18653061224,0.456493016787,0.454374412041,161,0.121052631579,0.398438786394,21,21,21,1,0,0.333333333333,0.619047619048,0.047619047619,21,111,0.264285714286,2.01602389326,10.5714285714,7.92857142857,5.28571428571,3.88035344487,0.367060461002,0.190047190047,5.36789397383,1.01554750856,0.544830544831,3.822863549,0.723244455217,0.389532389532,0.811815294999,0.402681385728,2.12867215041,2.01602389326,0.811815294999,2.12867215041,0.500382542294,0.491150442478,185,0.139097744361,0.382435460193,21,21,21,1,0,0.333333333333,0.666666666667,0,5,0.0119047619048,0.0345443750475,0.47619047619,0.357142857143,-0.0142857142857,0.290022514378,0.0114144726034,0.0121496159232,0.323330657981,0.0161528893847,0.00934087726541,-0.107482370586,-0.0554089816829,-0.0255619500903,0.0258783828412,0.00603993426022,-0.0578584618336,0.0345443750475,0.0258783828412,-0.0578584618336,0.0438895255072,0.0367760304365,24,0.018045112782,-0.0160033262005,0,0.047619047619,-0.047619047619,105,6,1,308,0.990566037736,0.980891719745,0.0191082802548,0.00943396226415,0.945945945946,0.990566037736,0.967741935484,0.956975783972,0.971457757481,0.9375,16,11,0,0,0,0
410,WLNM_dir_neg,0.772727272727,0.54938168127,00:00:01,10,90,10,1293282001,fixed,0.5,0.470588235294,0.727272727273,0.571428571429,8,9,3,13,0.727272727273,0.590909090909,0.409090909091,0.272727272727,0.470588235294,0.727272727273,0.571428571429,0.636363636364,0.494949494949,0.28,0.300122523999,0.318181818182,106,95,11,0,106,0,95,0,11,21,106,0.252380952381,1.98147951821,10.0952380952,7.57142857143,5.3,3.5903309305,0.355645988398,0.177897574124,5.04456331585,0.999394619178,0.535489667565,3.93034591959,0.778653436899,0.415094339623,0.785936912158,0.396641451468,2.18653061224,1.98147951821,0.785936912158,2.18653061224,0.456493016787,0.454374412041,161,0.121052631579,0.398438786394,21,21,21,1,0,0.333333333333,0.619047619048,0.047619047619,21,112,0.266666666667,1.9853902612,10.6666666667,8,5.33333333333,3.58236421003,0.335846644691,0.177721088435,5.21855663314,0.978479368715,0.527210884354,4.1150131632,0.771564968101,0.406462585034,0.773317488533,0.389504020265,2.01090715616,1.9853902612,0.773317488533,2.01090715616,0.521908398169,0.488311688312,188,0.141353383459,0.420797816168,21,21,21,1,0,0.333333333333,0.666666666667,0,6,0.0142857142857,0.00391074298835,0.571428571429,0.428571428571,0.0333333333333,-0.00796672046188,-0.0197993437075,-0.000176485688615,0.173993317294,-0.0209152504633,-0.0082787832114,0.184667243615,-0.00708846879889,-0.00863175458863,-0.0126194236249,-0.00713743120285,-0.175623456086,0.00391074298835,-0.0126194236249,-0.175623456086,0.0654153813818,0.0339372762703,27,0.0203007518797,0.0223590297741,0,0.047619047619,-0.047619047619,103,9,3,305,0.971698113208,0.971337579618,0.0286624203822,0.0283018867925,0.919642857143,0.971698113208,0.94495412844,0.926321016897,0.943035692825,0.895652173913,17,11,0,0,0,0
411,WLNM_dir_neg,0.907024793388,0.651873063805,00:00:01,10,90,11,1293282002,fixed,0.5,0.6875,1,0.814814814815,11,5,0,17,1,0.772727272727,0.227272727273,0,0.6875,1,0.814814814815,0.848484848485,0.505050505051,0.69387755102,0.728868986856,0.772727272727,106,95,11,0,106,0,95,0,11,21,106,0.252380952381,1.98147951821,10.0952380952,7.57142857143,5.3,3.5903309305,0.355645988398,0.177897574124,5.04456331585,0.999394619178,0.535489667565,3.93034591959,0.778653436899,0.415094339623,0.785936912158,0.396641451468,2.18653061224,1.98147951821,0.785936912158,2.18653061224,0.456493016787,0.454374412041,161,0.121052631579,0.398438786394,21,21,21,1,0,0.333333333333,0.619047619048,0.047619047619,21,111,0.264285714286,2.05897862793,10.5714285714,7.4,5.55,3.62727760961,0.343120854963,0.17589017589,5.20713795806,0.985134208282,0.529386529387,4.10052261478,0.775774548741,0.413556413556,0.775720875796,0.376750329155,2.20202020202,2.05897862793,0.775720875796,2.20202020202,0.487008775538,0.478947368421,182,0.136842105263,0.364122430349,21,21,21,1,0,0.285714285714,0.666666666667,0.047619047619,5,0.0119047619048,0.0774991097128,0.47619047619,-0.171428571429,0.25,0.0369466791092,-0.0125251334355,-0.00200739823381,0.162574642212,-0.0142604108959,-0.00610313817861,0.170176695188,-0.00287888815811,-0.00153792606623,-0.0102160363622,-0.0198911223121,0.0154895897753,0.0774991097128,-0.0102160363622,0.0154895897753,0.0305157587511,0.0245729563797,21,0.0157894736842,-0.0343163560452,-0.047619047619,0.047619047619,0,106,5,0,309,1,0.984076433121,0.015923566879,0,0.954954954955,1,0.976958525346,0.969406347134,0.984076433121,0.954954954955,16,11,0,0,0,0
412,WLNM_dir_neg,0.940082644628,0.546495802178,00:00:01,10,90,12,1293282003,fixed,0.5,0.727272727273,0.727272727273,0.727272727273,8,3,3,19,0.727272727273,0.863636363636,0.136363636364,0.272727272727,0.727272727273,0.727272727273,0.727272727273,0.818181818182,0.555555555556,0.590909090909,0.590909090909,0.590909090909,106,95,11,0,106,0,95,0,11,21,106,0.252380952381,1.98147951821,10.0952380952,7.57142857143,5.3,3.5903309305,0.355645988398,0.177897574124,5.04456331585,0.999394619178,0.535489667565,3.93034591959,0.778653436899,0.415094339623,0.785936912158,0.396641451468,2.18653061224,1.98147951821,0.785936912158,2.18653061224,0.456493016787,0.454374412041,161,0.121052631579,0.398438786394,21,21,21,1,0,0.333333333333,0.619047619048,0.047619047619,21,106,0.252380952381,1.805060408,10.0952380952,8.15384615385,5.3,3.6729383592,0.363828799732,0.182839173405,5.13299318601,1.0169137444,0.541778975741,3.98090681222,0.788670217516,0.422282120395,0.696242673825,0.385717104391,1.84523809524,1.8453134284,0.688803265914,1.84523809524,0.460512330806,0.45530726257,163,0.122556390977,0.459015119595,21,20,20,0.952380952381,0,0.333333333333,0.619047619048,0,0,0,-0.176419110213,0,0.582417582418,0,0.0826074287031,0.0081828113338,0.00494159928122,0.0884298701595,0.0175191252203,0.0062893081761,0.0505608926373,0.0100167806168,0.00718778077269,-0.0896942383328,-0.0109243470767,-0.341292517007,-0.136166089813,-0.0971336462439,-0.341292517007,0.00401931401931,0.00093285052844,2,0.0015037593985,0.0605763332012,0,0,-0.047619047619,103,3,3,311,0.971698113208,0.990445859873,0.00955414012739,0.0283018867925,0.971698113208,0.971698113208,0.971698113208,0.96214397308,0.96214397308,0.94495412844,11,11,0,0,0,0
413,WLNM_dir_neg,0.925619834711,0.765223049381,00:00:01,10,90,13,1293282004,fixed,0.5,0.8,0.727272727273,0.761904761905,8,2,3,20,0.727272727273,0.909090909091,0.0909090909091,0.272727272727,0.8,0.727272727273,0.761904761905,0.848484848485,0.565656565657,0.651162790698,0.652753365768,0.636363636364,106,95,11,0,106,0,95,0,11,21,106,0.252380952381,1.98147951821,10.0952380952,7.57142857143,5.3,3.5903309305,0.355645988398,0.177897574124,5.04456331585,0.999394619178,0.535489667565,3.93034591959,0.778653436899,0.415094339623,0.785936912158,0.396641451468,2.18653061224,1.98147951821,0.785936912158,2.18653061224,0.456493016787,0.454374412041,161,0.121052631579,0.398438786394,21,21,21,1,0,0.333333333333,0.619047619048,0.047619047619,21,105,0.25,1.99405052619,10,7.5,5.25,3.52136337233,0.352136337233,0.179138321995,4.9799598392,0.995991967839,0.534240362812,4.06201920232,0.812403840464,0.432653061224,0.790898901516,0.396629318629,2.21166666667,1.99405052619,0.790898901516,2.21166666667,0.453197798933,0.446685878963,155,0.116541353383,0.399128388131,21,21,21,1,0,0.333333333333,0.619047619048,0.047619047619,-1,-0.00238095238095,0.0125710079792,-0.0952380952381,-0.0714285714286,-0.05,-0.0689675581642,-0.00350965116501,0.00124074787148,-0.0646034766545,-0.00340265133872,-0.00124930475335,0.13167328273,0.0337504035642,0.0175587216018,0.00496198935787,-1.21328387009e-05,0.0251360544218,0.0125710079792,0.00496198935787,0.0251360544218,-0.00329521785404,-0.00768853307886,-6,-0.00451127819549,0.00068960173747,0,0,0,103,2,3,312,0.971698113208,0.993630573248,0.00636942675159,0.0283018867925,0.980952380952,0.971698113208,0.976303317536,0.96837382598,0.965328686456,0.953703703704,10,11,0,0,0,0
414,WLNM_dir_neg,0.95041322314,0.677563598018,00:00:01,10,90,14,1293282005,fixed,0.5,0.846153846154,1,0.916666666667,11,2,0,20,1,0.909090909091,0.0909090909091,0,0.846153846154,1,0.916666666667,0.939393939394,0.535353535354,0.869565217391,0.877058019307,0.909090909091,106,95,11,0,106,0,95,0,11,21,106,0.252380952381,1.98147951821,10.0952380952,7.57142857143,5.3,3.5903309305,0.355645988398,0.177897574124,5.04456331585,0.999394619178,0.535489667565,3.93034591959,0.778653436899,0.415094339623,0.785936912158,0.396641451468,2.18653061224,1.98147951821,0.785936912158,2.18653061224,0.456493016787,0.454374412041,161,0.121052631579,0.398438786394,21,21,21,1,0,0.333333333333,0.619047619048,0.047619047619,21,108,0.257142857143,1.99764847968,10.2857142857,7.71428571429,5.4,3.71675741935,0.36135141577,0.183862433862,5.14087263298,0.99961412308,0.537918871252,3.95329880335,0.76869698954,0.407407407407,0.800312855185,0.400627469411,2.20813965499,1.99764847968,0.800312855185,2.20813965499,0.461324753678,0.458563535912,166,0.124812030075,0.398229383106,21,21,21,1,0,0.333333333333,0.619047619048,0.047619047619,2,0.0047619047619,0.0161689614609,0.190476190476,0.142857142857,0.1,0.126426488853,0.00570542737185,0.00596485973844,0.0963093171348,0.000219503902545,0.00242920368707,0.0229528837627,-0.00995644735909,-0.00768693221523,0.0143759430273,0.00398601794348,0.0216090427494,0.0161689614609,0.0143759430273,0.0216090427494,0.00483173689056,0.00418912387021,5,0.00375939849624,-0.000209403287942,0,0,0,106,2,0,312,1,0.993630573248,0.00636942675159,0,0.981481481481,1,0.990654205607,0.987537344649,0.993630573248,0.981481481481,13,11,0,0,0,0
415,WLNM_dir_neg,0.760330578512,0.60910814101,00:00:01,10,90,15,1293282006,fixed,0.5,1,0.454545454545,0.625,5,0,6,22,0.454545454545,1,0,0.545454545455,1,0.454545454545,0.625,0.818181818182,0.616161616162,0.526315789474,0.597614304667,0.454545454545,106,95,11,0,106,0,95,0,11,21,106,0.252380952381,1.98147951821,10.0952380952,7.57142857143,5.3,3.5903309305,0.355645988398,0.177897574124,5.04456331585,0.999394619178,0.535489667565,3.93034591959,0.778653436899,0.415094339623,0.785936912158,0.396641451468,2.18653061224,1.98147951821,0.785936912158,2.18653061224,0.456493016787,0.454374412041,161,0.121052631579,0.398438786394,21,21,21,1,0,0.333333333333,0.619047619048,0.047619047619,21,100,0.238095238095,1.97186317208,9.52380952381,7.14285714286,5.26315789474,3.29574039662,0.346052741645,0.177619047619,4.68940040842,0.984774085768,0.527619047619,4.10980245151,0.863058514818,0.45619047619,0.775595711183,0.393331404616,2.19867947179,1.97186317208,0.775595711183,2.19867947179,0.418006993007,0.413461538462,129,0.096992481203,0.404341854188,21,21,21,1,0,0.333333333333,0.571428571429,0.0952380952381,-6,-0.0142857142857,-0.00961634613762,-0.571428571429,-0.428571428571,-0.0368421052632,-0.294590533877,-0.00959324675322,-0.000278526504942,-0.355162907431,-0.0146205334099,-0.00787061994609,0.179456531927,0.0844050779187,0.0410961365678,-0.0103412009751,-0.00331004685199,0.0121488595438,-0.00961634613762,-0.0103412009751,0.0121488595438,-0.0384860237801,-0.0409128735799,-32,-0.0240601503759,0.0059030677945,0,-0.047619047619,0.047619047619,100,0,6,314,0.943396226415,1,0,0.0566037735849,1,0.943396226415,0.970873786408,0.962136969028,0.943396226415,0.943396226415,5,11,0,0,0,0
416,WLNM_dir_neg,0.805785123967,0.370757765962,00:00:00,10,90,16,1293282007,fixed,0.5,0.571428571429,0.727272727273,0.64,8,6,3,16,0.727272727273,0.727272727273,0.272727272727,0.272727272727,0.571428571429,0.727272727273,0.64,0.727272727273,0.525252525253,0.425531914894,0.433554984762,0.454545454545,106,95,11,0,106,0,95,0,11,21,106,0.252380952381,1.98147951821,10.0952380952,7.57142857143,5.3,3.5903309305,0.355645988398,0.177897574124,5.04456331585,0.999394619178,0.535489667565,3.93034591959,0.778653436899,0.415094339623,0.785936912158,0.396641451468,2.18653061224,1.98147951821,0.785936912158,2.18653061224,0.456493016787,0.454374412041,161,0.121052631579,0.398438786394,21,21,21,1,0,0.333333333333,0.619047619048,0.047619047619,21,109,0.259523809524,1.97492578603,10.380952381,7.78571428571,5.45,3.57038079869,0.343935765011,0.176933158585,5.18284716752,0.998530188238,0.534731323722,4.00773062492,0.772131588287,0.405417212757,0.770707826904,0.390246475263,2,1.97492578603,0.770707826904,2,0.499471505774,0.471074380165,171,0.128571428571,0.400858995108,21,21,21,1,0,0.333333333333,0.619047619048,0.047619047619,3,0.00714285714286,-0.00655373218707,0.285714285714,0.214285714286,0.15,-0.0199501318109,-0.0117102233872,-0.000964415539455,0.138283851673,-0.000864430939378,-0.00075834384299,0.0773847053303,-0.0065218486125,-0.00967712686598,-0.0152290852537,-0.0063949762041,-0.186530612245,-0.00655373218707,-0.0152290852537,-0.186530612245,0.0429784889869,0.0166999681239,10,0.00751879699248,0.00242020871465,0,0,0,103,6,3,308,0.971698113208,0.980891719745,0.0191082802548,0.0283018867925,0.94495412844,0.971698113208,0.958139534884,0.943909278432,0.952589832953,0.919642857143,14,11,0,0,0,0
417,WLNM_dir_neg,0.888429752066,0.595862277948,00:00:01,10,90,17,1293282008,fixed,0.5,0.7,0.636363636364,0.666666666667,7,3,4,19,0.636363636364,0.863636363636,0.136363636364,0.363636363636,0.7,0.636363636364,0.666666666667,0.787878787879,0.565656565657,0.511627906977,0.512877644532,0.5,106,95,11,0,106,0,95,0,11,21,106,0.252380952381,1.98147951821,10.0952380952,7.57142857143,5.3,3.5903309305,0.355645988398,0.177897574124,5.04456331585,0.999394619178,0.535489667565,3.93034591959,0.778653436899,0.415094339623,0.785936912158,0.396641451468,2.18653061224,1.98147951821,0.785936912158,2.18653061224,0.456493016787,0.454374412041,161,0.121052631579,0.398438786394,21,21,21,1,0,0.333333333333,0.619047619048,0.047619047619,21,105,0.25,1.97804700584,10,7.5,5.25,3.20936130718,0.320936130718,0.163718820862,4.81663783152,0.963327566303,0.521541950113,4.01248052955,0.80249610591,0.421768707483,0.783086623092,0.395888783624,2.17927170868,1.97804700584,0.783086623092,2.17927170868,0.46872016872,0.432352941176,147,0.110526315789,0.397723390055,21,21,21,1,0,0.333333333333,0.619047619048,0.047619047619,-1,-0.00238095238095,-0.00343251237484,-0.0952380952381,-0.0714285714286,-0.05,-0.38096962332,-0.0347098576806,-0.0141787532623,-0.227925484333,-0.0360670528744,-0.0139477174518,0.0821346099602,0.0238426690101,0.00667436786035,-0.00285028906576,-0.000752667844003,-0.00725890356142,-0.00343251237484,-0.00285028906576,-0.00725890356142,0.012227151933,-0.0220214708649,-14,-0.0105263157895,-0.000715396338504,0,0,0,102,3,4,311,0.962264150943,0.990445859873,0.00955414012739,0.0377358490566,0.971428571429,0.962264150943,0.96682464455,0.955715344595,0.952710010816,0.935779816514,10,11,0,0,0,0
418,WLNM_dir_neg,0.888429752066,0.64249373992,00:00:01,10,90,18,1293282009,fixed,0.5,0.875,0.636363636364,0.736842105263,7,1,4,21,0.636363636364,0.954545454545,0.0454545454545,0.363636363636,0.875,0.636363636364,0.736842105263,0.848484848485,0.585858585859,0.634146341463,0.65,0.590909090909,106,95,11,0,106,0,95,0,11,21,106,0.252380952381,1.98147951821,10.0952380952,7.57142857143,5.3,3.5903309305,0.355645988398,0.177897574124,5.04456331585,0.999394619178,0.535489667565,3.93034591959,0.778653436899,0.415094339623,0.785936912158,0.396641451468,2.18653061224,1.98147951821,0.785936912158,2.18653061224,0.456493016787,0.454374412041,161,0.121052631579,0.398438786394,21,21,21,1,0,0.333333333333,0.619047619048,0.047619047619,21,103,0.245238095238,1.96971419246,9.80952380952,7.35714285714,5.42105263158,3.60026454054,0.367017258988,0.183541377716,4.9082049866,1.00070198756,0.534442903375,3.91030384887,0.797246415789,0.42071197411,0.774880244579,0.393397299743,2.17727891156,1.96971419246,0.774880244579,2.17727891156,0.447090491208,0.429423459245,144,0.108270676692,0.393068428734,21,21,21,1,0,0.333333333333,0.571428571429,0.0952380952381,-3,-0.00714285714286,-0.0117653257551,-0.285714285714,-0.214285714286,0.121052631579,0.00993361004888,0.0113712705894,0.00564380359215,-0.136358329251,0.00130736838122,-0.0010467641902,-0.0200420707191,0.0185929788893,0.00561763448739,-0.0110566675786,-0.00324415172441,-0.00925170068027,-0.0117653257551,-0.0110566675786,-0.00925170068027,-0.009402525579,-0.0249509527969,-17,-0.0127819548872,-0.00537035765959,0,-0.047619047619,0.047619047619,102,1,4,313,0.962264150943,0.996815286624,0.0031847133758,0.0377358490566,0.990291262136,0.962264150943,0.976076555024,0.968331574399,0.959079437568,0.953271028037,8,11,0,0,0,0
419,WLNM_dir_neg,0.954545454545,0.734469003219,00:00:01,10,90,19,1293282010,fixed,0.5,0.9,0.818181818182,0.857142857143,9,1,2,21,0.818181818182,0.954545454545,0.0454545454545,0.181818181818,0.9,0.818181818182,0.857142857143,0.909090909091,0.565656565657,0.790697674419,0.792629087004,0.772727272727,106,95,11,0,106,0,95,0,11,21,106,0.252380952381,1.98147951821,10.0952380952,7.57142857143,5.3,3.5903309305,0.355645988398,0.177897574124,5.04456331585,0.999394619178,0.535489667565,3.93034591959,0.778653436899,0.415094339623,0.785936912158,0.396641451468,2.18653061224,1.98147951821,0.785936912158,2.18653061224,0.456493016787,0.454374412041,161,0.121052631579,0.398438786394,21,21,21,1,0,0.333333333333,0.619047619048,0.047619047619,21,105,0.25,1.98404062302,10,7.5,5,3.60555127546,0.360555127546,0.180045351474,4.94974746831,0.989949493661,0.532426303855,3.87298334621,0.774596669241,0.404535147392,0.786850066487,0.396589695471,2.20443981728,1.98404062302,0.786850066487,2.20443981728,0.446115812292,0.436950146628,149,0.112030075188,0.388877917937,21,21,21,1,0,0.333333333333,0.666666666667,0,-1,-0.00238095238095,0.00256110480929,-0.0952380952381,-0.0714285714286,-0.3,0.015220344968,0.00490913914821,0.00214777734993,-0.0948158475441,-0.00944512551665,-0.00306336371026,-0.0573625733802,-0.00405676765795,-0.0105591922304,0.000913154328955,-5.17559967125e-05,0.0179092050341,0.00256110480929,0.000913154328955,0.0179092050341,-0.0103772044949,-0.0174242654138,-12,-0.00902255639098,-0.00956086845712,0,0.047619047619,-0.047619047619,104,1,2,313,0.981132075472,0.996815286624,0.0031847133758,0.0188679245283,0.990476190476,0.981132075472,0.985781990521,0.981032307365,0.977947362096,0.971962616822,10,11,0,0,0,0
420,WLNM_dir_neg,0.838842975207,0.400564859117,00:00:01,10,90,20,1293282011,fixed,0.5,0.7,0.636363636364,0.666666666667,7,3,4,19,0.636363636364,0.863636363636,0.136363636364,0.363636363636,0.7,0.636363636364,0.666666666667,0.787878787879,0.565656565657,0.511627906977,0.512877644532,0.5,106,95,11,0,106,0,95,0,11,21,106,0.252380952381,1.98147951821,10.0952380952,7.57142857143,5.3,3.5903309305,0.355645988398,0.177897574124,5.04456331585,0.999394619178,0.535489667565,3.93034591959,0.778653436899,0.415094339623,0.785936912158,0.396641451468,2.18653061224,1.98147951821,0.785936912158,2.18653061224,0.456493016787,0.454374412041,161,0.121052631579,0.398438786394,21,21,21,1,0,0.333333333333,0.619047619048,0.047619047619,21,105,0.25,1.99064519597,10,7.5,5.25,3.50713558335,0.350713558335,0.173242630385,4.92950301755,0.985900603509,0.530612244898,3.91152144312,0.782304288624,0.416326530612,0.790044928876,0.396878826259,2.20053653243,1.99064519597,0.790044928876,2.20053653243,0.452732430968,0.456777996071,155,0.116541353383,0.378213019917,21,21,21,1,0,0.333333333333,0.619047619048,0.047619047619,-1,-0.00238095238095,0.00916567776014,-0.0952380952381,-0.0714285714286,-0.05,-0.083195347146,-0.00493243006318,-0.0046549437385,-0.115060298303,-0.0134940156685,-0.00487742266718,-0.018824476466,0.00365085172488,0.0012321909896,0.00410801671789,0.000237374791039,0.0140059201882,0.00916567776014,0.00410801671789,0.0140059201882,-0.00376058581941,0.00240358402933,-6,-0.00451127819549,-0.0202257664766,0,0,0,102,3,4,311,0.962264150943,0.990445859873,0.00955414012739,0.0377358490566,0.971428571429,0.962264150943,0.96682464455,0.955715344595,0.952710010816,0.935779816514,10,11,0,0,0,0
421,WLNM_dir_neg,0.904958677686,0.705086358698,00:00:01,10,90,21,1293282012,fixed,0.5,0.9,0.818181818182,0.857142857143,9,1,2,21,0.818181818182,0.954545454545,0.0454545454545,0.181818181818,0.9,0.818181818182,0.857142857143,0.909090909091,0.565656565657,0.790697674419,0.792629087004,0.772727272727,106,95,11,0,106,0,95,0,11,21,106,0.252380952381,1.98147951821,10.0952380952,7.57142857143,5.3,3.5903309305,0.355645988398,0.177897574124,5.04456331585,0.999394619178,0.535489667565,3.93034591959,0.778653436899,0.415094339623,0.785936912158,0.396641451468,2.18653061224,1.98147951821,0.785936912158,2.18653061224,0.456493016787,0.454374412041,161,0.121052631579,0.398438786394,21,21,21,1,0,0.333333333333,0.619047619048,0.047619047619,21,105,0.25,1.98703115214,10,7.5,5.25,3.37638860323,0.337638860323,0.165532879819,4.94974746831,0.989949493661,0.532426303855,3.98748040748,0.797496081495,0.424489795918,0.786633102324,0.395883628435,2.20734693878,1.98703115214,0.786633102324,2.20734693878,0.431531687267,0.428155339806,147,0.110526315789,0.400284717617,21,21,21,1,0,0.333333333333,0.619047619048,0.047619047619,-1,-0.00238095238095,0.00555163392919,-0.0952380952381,-0.0714285714286,-0.05,-0.213942327269,-0.0180071280755,-0.0123646943054,-0.0948158475441,-0.00944512551665,-0.00306336371026,0.0571344878878,0.0188426445956,0.00939545629573,0.000696190166588,-0.000757823032355,0.0208163265306,0.00555163392919,0.000696190166588,0.0208163265306,-0.0249613295202,-0.0262190722356,-14,-0.0105263157895,0.00184593122282,0,0,0,104,1,2,313,0.981132075472,0.996815286624,0.0031847133758,0.0188679245283,0.990476190476,0.981132075472,0.985781990521,0.981032307365,0.977947362096,0.971962616822,10,11,0,0,0,0
422,WLNM_dir_neg,0.859504132231,0.443363791091,00:00:01,10,90,22,1293282013,fixed,0.5,0.714285714286,0.909090909091,0.8,10,4,1,18,0.909090909091,0.818181818182,0.181818181818,0.0909090909091,0.714285714286,0.909090909091,0.8,0.848484848485,0.525252525253,0.68085106383,0.693687975619,0.727272727273,106,95,11,0,106,0,95,0,11,21,106,0.252380952381,1.98147951821,10.0952380952,7.57142857143,5.3,3.5903309305,0.355645988398,0.177897574124,5.04456331585,0.999394619178,0.535489667565,3.93034591959,0.778653436899,0.415094339623,0.785936912158,0.396641451468,2.18653061224,1.98147951821,0.785936912158,2.18653061224,0.456493016787,0.454374412041,161,0.121052631579,0.398438786394,21,21,21,1,0,0.333333333333,0.619047619048,0.047619047619,21,109,0.259523809524,2.03533852238,10.380952381,7.78571428571,5.19047619048,3.80100237406,0.366151604841,0.187854958497,5.12463703709,0.987315392467,0.529488859764,3.84212242932,0.740225422163,0.395806028834,0.81818167598,0.4019880069,2.26599390479,2.03533852238,0.81818167598,2.26599390479,0.454375314228,0.459633027523,167,0.125563909774,0.385899756692,21,21,21,1,0,0.333333333333,0.666666666667,0,3,0.00714285714286,0.0538590041705,0.285714285714,0.214285714286,-0.109523809524,0.210671443565,0.0105056164426,0.00995738437317,0.0800737212391,-0.0120792267111,-0.00600080780105,-0.0882234902649,-0.0384280147363,-0.0192883107891,0.0322447638227,0.00534655543254,0.0794632925475,0.0538590041705,0.0322447638227,0.0794632925475,-0.00211770255888,0.00525861548154,6,0.00451127819549,-0.0125390297017,0,0.047619047619,-0.047619047619,105,4,1,310,0.990566037736,0.987261146497,0.0127388535032,0.00943396226415,0.963302752294,0.990566037736,0.976744186047,0.968916652237,0.977827184233,0.954545454545,14,11,0,0,0,0
423,WLNM_dir_neg,0.876033057851,0.442309120618,00:00:01,10,90,23,1293282014,fixed,0.5,1,0.818181818182,0.9,9,0,2,22,0.818181818182,1,0,0.181818181818,1,0.818181818182,0.9,0.939393939394,0.575757575758,0.857142857143,0.866025403784,0.818181818182,106,95,11,0,106,0,95,0,11,21,106,0.252380952381,1.98147951821,10.0952380952,7.57142857143,5.3,3.5903309305,0.355645988398,0.177897574124,5.04456331585,0.999394619178,0.535489667565,3.93034591959,0.778653436899,0.415094339623,0.785936912158,0.396641451468,2.18653061224,1.98147951821,0.785936912158,2.18653061224,0.456493016787,0.454374412041,161,0.121052631579,0.398438786394,21,21,21,1,0,0.333333333333,0.619047619048,0.047619047619,21,104,0.247619047619,1.81982362721,9.90476190476,8,5.2,3.60423031873,0.363888637949,0.183608058608,5.02470089136,1.0146030646,0.541208791209,3.89199422502,0.785883449284,0.416666666667,0.700335752294,0.384837157746,1.96448979592,1.81982362721,0.700335752294,1.96448979592,0.44383337251,0.43567251462,149,0.112030075188,0.451507385164,21,21,21,1,0,0.380952380952,0.571428571429,0.047619047619,-2,-0.0047619047619,-0.161655891007,-0.190476190476,0.428571428571,-0.1,0.0138993882373,0.00824264955085,0.00571048448407,-0.0198624244914,0.0152084454234,0.00571912364365,-0.0383516945638,0.00723001238423,0.00157232704403,-0.0856011598638,-0.0118042937214,-0.222040816327,-0.161655891007,-0.0856011598638,-0.222040816327,-0.0126596442773,-0.0187018974215,-12,-0.00902255639098,0.0530685987704,0.047619047619,-0.047619047619,0,104,0,2,314,0.981132075472,1,0,0.0188679245283,1,0.981132075472,0.990476190476,0.987381577097,0.981132075472,0.981132075472,9,11,0,0,0,0
424,WLNM_dir_neg,0.921487603306,0.489431780341,00:00:01,10,90,24,1293282015,fixed,0.5,0.818181818182,0.818181818182,0.818181818182,9,2,2,20,0.818181818182,0.909090909091,0.0909090909091,0.181818181818,0.818181818182,0.818181818182,0.818181818182,0.878787878788,0.555555555556,0.727272727273,0.727272727273,0.727272727273,106,95,11,0,106,0,95,0,11,21,106,0.252380952381,1.98147951821,10.0952380952,7.57142857143,5.3,3.5903309305,0.355645988398,0.177897574124,5.04456331585,0.999394619178,0.535489667565,3.93034591959,0.778653436899,0.415094339623,0.785936912158,0.396641451468,2.18653061224,1.98147951821,0.785936912158,2.18653061224,0.456493016787,0.454374412041,161,0.121052631579,0.398438786394,21,21,21,1,0,0.333333333333,0.619047619048,0.047619047619,21,106,0.252380952381,1.96873433915,10.0952380952,7.57142857143,5.57894736842,3.56236946294,0.352876220385,0.177897574124,5.11347426391,1.01304678813,0.542677448338,3.98090681222,0.788670217516,0.424079065588,0.769341590706,0.390779789536,2.08713537771,1.96873433915,0.769341590706,2.08713537771,0.459345066698,0.455660377358,161,0.121052631579,0.395003017345,21,21,21,1,0,0.333333333333,0.571428571429,0.0952380952381,0,0,-0.012745179061,0,0,0.278947368421,-0.0279614675576,-0.00276976801278,0,0.0689109480551,0.0136521689543,0.00718778077269,0.0505608926373,0.0100167806168,0.00898472596586,-0.0165953214516,-0.00586166193178,-0.0993952345336,-0.012745179061,-0.0165953214516,-0.0993952345336,0.00285204991087,0.0012859653171,0,0,-0.00343576904918,0,-0.047619047619,0.047619047619,104,2,2,312,0.981132075472,0.993630573248,0.00636942675159,0.0188679245283,0.981132075472,0.981132075472,0.981132075472,0.97476264872,0.97476264872,0.962962962963,11,11,0,0,0,0
425,WLNM_dir_neg,0.764462809917,0.571629100305,00:00:01,10,90,25,1293282016,fixed,0.5,0.571428571429,0.727272727273,0.64,8,6,3,16,0.727272727273,0.727272727273,0.272727272727,0.272727272727,0.571428571429,0.727272727273,0.64,0.727272727273,0.525252525253,0.425531914894,0.433554984762,0.454545454545,106,95,11,0,106,0,95,0,11,21,106,0.252380952381,1.98147951821,10.0952380952,7.57142857143,5.3,3.5903309305,0.355645988398,0.177897574124,5.04456331585,0.999394619178,0.535489667565,3.93034591959,0.778653436899,0.415094339623,0.785936912158,0.396641451468,2.18653061224,1.98147951821,0.785936912158,2.18653061224,0.456493016787,0.454374412041,161,0.121052631579,0.398438786394,21,21,21,1,0,0.333333333333,0.619047619048,0.047619047619,21,109,0.259523809524,1.81448295291,10.380952381,8.38461538462,5.45,3.61214881305,0.347959289331,0.176059414592,5.37232768564,1.03503560916,0.553079947575,3.89382906172,0.750187250423,0.399301004806,0.693787070022,0.382360754014,1.93234983731,1.81448295291,0.693787070022,1.93234983731,0.49049413083,0.454950936664,170,0.127819548872,0.455915958518,21,21,21,1,0,0.380952380952,0.571428571429,0.047619047619,3,0.00714285714286,-0.166996565299,0.285714285714,0.813186813187,0.15,0.0218178825541,-0.00768669906768,-0.00183815953246,0.327764369791,0.0356409899824,0.0175902800102,-0.0365168578664,-0.0284661864761,-0.015793334817,-0.0921498421358,-0.0142806974537,-0.254180774939,-0.166996565299,-0.0921498421358,-0.254180774939,0.0340011140431,0.000576524622301,9,0.00676691729323,0.0574771721239,0.047619047619,-0.047619047619,0,103,6,3,308,0.971698113208,0.980891719745,0.0191082802548,0.0283018867925,0.94495412844,0.971698113208,0.958139534884,0.943909278432,0.952589832953,0.919642857143,14,11,0,0,0,0
426,WLNM_dir_neg,0.79132231405,0.579340946606,00:00:01,10,90,26,1293282017,fixed,0.5,0.555555555556,0.454545454545,0.5,5,4,6,18,0.454545454545,0.818181818182,0.181818181818,0.545454545455,0.555555555556,0.454545454545,0.5,0.69696969697,0.575757575758,0.285714285714,0.288675134595,0.272727272727,106,95,11,0,106,0,95,0,11,21,106,0.252380952381,1.98147951821,10.0952380952,7.57142857143,5.3,3.5903309305,0.355645988398,0.177897574124,5.04456331585,0.999394619178,0.535489667565,3.93034591959,0.778653436899,0.415094339623,0.785936912158,0.396641451468,2.18653061224,1.98147951821,0.785936912158,2.18653061224,0.456493016787,0.454374412041,161,0.121052631579,0.398438786394,21,21,21,1,0,0.333333333333,0.619047619048,0.047619047619,21,104,0.247619047619,1.98354475461,9.90476190476,7.42857142857,5.47368421053,3.41913383629,0.345201012318,0.173534798535,4.83193740105,0.975679667519,0.524725274725,4.10458512491,0.828810457914,0.442307692308,0.783005394015,0.394750555637,2.12478093235,1.98354475461,0.783005394015,2.12478093235,0.419122666549,0.43405511811,147,0.110526315789,0.404891186347,21,21,21,1,0,0.333333333333,0.571428571429,0.0952380952381,-2,-0.0047619047619,0.00206523639859,-0.190476190476,-0.142857142857,0.173684210526,-0.171197094204,-0.0104449760803,-0.00436277558919,-0.212625914805,-0.0237149516591,-0.0107643928399,0.174239205321,0.0501570210148,0.0272133526851,-0.00293151814292,-0.00189089583028,-0.061749679893,0.00206523639859,-0.00293151814292,-0.061749679893,-0.037370350238,-0.0203192939312,-14,-0.0105263157895,0.0064523999534,0,-0.047619047619,0.047619047619,100,4,6,310,0.943396226415,0.987261146497,0.0127388535032,0.0566037735849,0.961538461538,0.943396226415,0.952380952381,0.936585366615,0.930657372912,0.909090909091,9,11,0,0,0,0
427,WLNM_dir_neg,0.904958677686,0.739789518265,00:00:01,10,90,27,1293282018,fixed,0.5,0.625,0.909090909091,0.740740740741,10,6,1,16,0.909090909091,0.727272727273,0.272727272727,0.0909090909091,0.625,0.909090909091,0.740740740741,0.787878787879,0.505050505051,0.571428571429,0.600245047999,0.636363636364,106,95,11,0,106,0,95,0,11,21,106,0.252380952381,1.98147951821,10.0952380952,7.57142857143,5.3,3.5903309305,0.355645988398,0.177897574124,5.04456331585,0.999394619178,0.535489667565,3.93034591959,0.778653436899,0.415094339623,0.785936912158,0.396641451468,2.18653061224,1.98147951821,0.785936912158,2.18653061224,0.456493016787,0.454374412041,161,0.121052631579,0.398438786394,21,21,21,1,0,0.333333333333,0.619047619048,0.047619047619,21,111,0.264285714286,2.01000181532,10.5714285714,7.92857142857,5.55,3.44342022663,0.325728940357,0.162591162591,5.2263070819,0.988760799278,0.531102531103,3.90054941185,0.73794178062,0.393822393822,0.79479720958,0.395421140182,2.24861643726,2.01000181532,0.79479720958,2.24861643726,0.499019017086,0.469157254561,180,0.135338345865,0.39277132047,21,21,21,1,0,0.333333333333,0.619047619048,0.047619047619,5,0.0119047619048,0.0285222971043,0.47619047619,0.357142857143,0.25,-0.146910703869,-0.0299170480416,-0.0153064115328,0.181743766047,-0.0106338199,-0.00438713646261,-0.0297965077373,-0.0407116562791,-0.0212719458002,0.00886029742274,-0.00122031128589,0.0620858250184,0.0285222971043,0.00886029742274,0.0620858250184,0.0425260002991,0.0147828425199,19,0.0142857142857,-0.00566746592373,0,0,0,105,6,1,308,0.990566037736,0.980891719745,0.0191082802548,0.00943396226415,0.945945945946,0.990566037736,0.967741935484,0.956975783972,0.971457757481,0.9375,16,11,0,0,0,0
428,WLNM_dir_neg,0.801652892562,0.47438080694,00:00:01,10,90,28,1293282019,fixed,0.5,0.666666666667,0.545454545455,0.6,6,3,5,19,0.545454545455,0.863636363636,0.136363636364,0.454545454545,0.666666666667,0.545454545455,0.6,0.757575757576,0.575757575758,0.428571428571,0.433012701892,0.409090909091,106,95,11,0,106,0,95,0,11,21,106,0.252380952381,1.98147951821,10.0952380952,7.57142857143,5.3,3.5903309305,0.355645988398,0.177897574124,5.04456331585,0.999394619178,0.535489667565,3.93034591959,0.778653436899,0.415094339623,0.785936912158,0.396641451468,2.18653061224,1.98147951821,0.785936912158,2.18653061224,0.456493016787,0.454374412041,161,0.121052631579,0.398438786394,21,21,21,1,0,0.333333333333,0.619047619048,0.047619047619,21,104,0.247619047619,1.98381370092,9.90476190476,7.42857142857,5.2,3.63186951727,0.366679133955,0.184981684982,5.04456331585,1.01861374647,0.540293040293,4.05556642747,0.818912451701,0.432234432234,0.787330432258,0.39687720268,2.20495248538,1.98381370092,0.787330432258,2.20495248538,0.468423586218,0.457281553398,157,0.118045112782,0.399937789353,21,21,21,1,0,0.333333333333,0.619047619048,0.047619047619,-2,-0.0047619047619,0.00233418270475,-0.190476190476,-0.142857142857,-0.1,0.0415385867742,0.011033145557,0.0070841108577,0,0.0192191272919,0.0048033727279,0.125220507882,0.0402590148012,0.0171400926118,0.00139352010079,0.000235751212206,0.0184218731352,0.00233418270475,0.00139352010079,0.0184218731352,0.0119305694306,0.00290714135667,-4,-0.00300751879699,0.00149900295896,0,0,0,101,3,5,311,0.952830188679,0.990445859873,0.00955414012739,0.0471698113208,0.971153846154,0.952830188679,0.961904761905,0.949284419235,0.943276048552,0.926605504587,9,11,0,0,0,0
429,WLNM_dir_neg,0.714876033058,0.48236105971,00:00:01,10,90,29,1293282020,fixed,0.5,0.571428571429,0.363636363636,0.444444444444,4,3,7,19,0.363636363636,0.863636363636,0.136363636364,0.636363636364,0.571428571429,0.363636363636,0.444444444444,0.69696969697,0.59595959596,0.25,0.26207120918,0.227272727273,106,95,11,0,106,0,95,0,11,21,106,0.252380952381,1.98147951821,10.0952380952,7.57142857143,5.3,3.5903309305,0.355645988398,0.177897574124,5.04456331585,0.999394619178,0.535489667565,3.93034591959,0.778653436899,0.415094339623,0.785936912158,0.396641451468,2.18653061224,1.98147951821,0.785936912158,2.18653061224,0.456493016787,0.454374412041,161,0.121052631579,0.398438786394,21,21,21,1,0,0.333333333333,0.619047619048,0.047619047619,21,102,0.242857142857,1.98798272549,9.71428571429,7.28571428571,5.36842105263,3.3338094898,0.343186271009,0.175070028011,4.73588127264,0.975034379662,0.52847805789,3.92792202425,0.808689828522,0.428571428571,0.786633145041,0.395694155162,2.20557466891,1.98798272549,0.786633145041,2.20557466891,0.43777972028,0.431654676259,140,0.105263157895,0.376279027838,21,21,21,1,0,0.333333333333,0.571428571429,0.0952380952381,-4,-0.00952380952381,0.00650320727856,-0.380952380952,-0.285714285714,0.0684210526316,-0.256521440695,-0.0124597173893,-0.00282754611278,-0.308682043207,-0.024360239516,-0.00701160967532,-0.00242389533976,0.0300363916222,0.0134770889488,0.000696232883017,-0.000947296305444,0.0190440566654,0.00650320727856,0.000696232883017,0.0190440566654,-0.0187132965074,-0.0227197357824,-21,-0.0157894736842,-0.0221597585553,0,-0.047619047619,0.047619047619,99,3,7,311,0.933962264151,0.990445859873,0.00955414012739,0.0660377358491,0.970588235294,0.933962264151,0.951923076923,0.936413927323,0.924408124024,0.908256880734,7,11,0,0,0,0
430,WLNM_dir_neg,0.847107438017,0.628895240857,00:00:01,10,90,30,1293282021,fixed,0.5,0.666666666667,0.909090909091,0.769230769231,10,5,1,17,0.909090909091,0.772727272727,0.227272727273,0.0909090909091,0.666666666667,0.909090909091,0.769230769231,0.818181818182,0.515151515152,0.625,0.645497224368,0.681818181818,106,95,11,0,106,0,95,0,11,21,106,0.252380952381,1.98147951821,10.0952380952,7.57142857143,5.3,3.5903309305,0.355645988398,0.177897574124,5.04456331585,0.999394619178,0.535489667565,3.93034591959,0.778653436899,0.415094339623,0.785936912158,0.396641451468,2.18653061224,1.98147951821,0.785936912158,2.18653061224,0.456493016787,0.454374412041,161,0.121052631579,0.398438786394,21,21,21,1,0,0.333333333333,0.619047619048,0.047619047619,21,110,0.261904761905,1.96114964982,10.4761904762,7.85714285714,5.5,3.76323062832,0.359217469067,0.182251082251,5.37498615724,1.02613372093,0.54632034632,3.98628601464,0.761018239158,0.404329004329,0.769197972176,0.392217887221,2.06382448267,1.96114964982,0.769197972176,2.06382448267,0.49926013529,0.494362532524,190,0.142857142857,0.413048331551,21,21,21,1,0,0.333333333333,0.619047619048,0.047619047619,4,0.00952380952381,-0.0203298683959,0.380952380952,0.285714285714,0.2,0.172899697821,0.00357148066846,0.00435350812709,0.330422841386,0.026739101749,0.0108306787552,0.0559400950476,-0.0176351977418,-0.0107653352936,-0.0167389399819,-0.00442356424661,-0.122706129572,-0.0203298683959,-0.0167389399819,-0.122706129572,0.0427671185024,0.0399881204825,29,0.0218045112782,0.0146095451572,0,0,0,105,5,1,309,0.990566037736,0.984076433121,0.015923566879,0.00943396226415,0.954545454545,0.990566037736,0.972222222222,0.962910448792,0.974642470857,0.945945945946,15,11,0,0,0,0
431,WLNM_dir_neg,0.778925619835,0.589312989489,00:00:01,10,90,31,1293282022,fixed,0.5,0.875,0.636363636364,0.736842105263,7,1,4,21,0.636363636364,0.954545454545,0.0454545454545,0.363636363636,0.875,0.636363636364,0.736842105263,0.848484848485,0.585858585859,0.634146341463,0.65,0.590909090909,106,95,11,0,106,0,95,0,11,21,106,0.252380952381,1.98147951821,10.0952380952,7.57142857143,5.3,3.5903309305,0.355645988398,0.177897574124,5.04456331585,0.999394619178,0.535489667565,3.93034591959,0.778653436899,0.415094339623,0.785936912158,0.396641451468,2.18653061224,1.98147951821,0.785936912158,2.18653061224,0.456493016787,0.454374412041,161,0.121052631579,0.398438786394,21,21,21,1,0,0.333333333333,0.619047619048,0.047619047619,21,103,0.245238095238,1.97096176831,9.80952380952,7.35714285714,5.15,3.29574039662,0.335973535578,0.171058714748,4.75294394986,0.969046824728,0.523347202959,4.13406291564,0.842867196393,0.44845122515,0.774361508223,0.392885098369,2.17166167166,1.97096176831,0.774361508223,2.17166167166,0.414383949384,0.425196850394,144,0.108270676692,0.414087064806,21,21,21,1,0,0.333333333333,0.619047619048,0.047619047619,-3,-0.00714285714286,-0.010517749904,-0.285714285714,-0.214285714286,-0.15,-0.294590533877,-0.0196724528205,-0.00683885937595,-0.291619365994,-0.0303477944498,-0.0121424646063,0.203716996053,0.0642137594933,0.0333568855276,-0.0115754039342,-0.00375635309887,-0.0148689405832,-0.010517749904,-0.0115754039342,-0.0148689405832,-0.0421090674032,-0.0291775616477,-17,-0.0127819548872,0.0156482784124,0,0,0,102,1,4,313,0.962264150943,0.996815286624,0.0031847133758,0.0377358490566,0.990291262136,0.962264150943,0.976076555024,0.968331574399,0.959079437568,0.953271028037,8,11,0,0,0,0
432,WLNM_dir_neg,0.917355371901,0.761047801562,00:00:01,10,90,32,1293282023,fixed,0.5,0.818181818182,0.818181818182,0.818181818182,9,2,2,20,0.818181818182,0.909090909091,0.0909090909091,0.181818181818,0.818181818182,0.818181818182,0.818181818182,0.878787878788,0.555555555556,0.727272727273,0.727272727273,0.727272727273,106,95,11,0,106,0,95,0,11,21,106,0.252380952381,1.98147951821,10.0952380952,7.57142857143,5.3,3.5903309305,0.355645988398,0.177897574124,5.04456331585,0.999394619178,0.535489667565,3.93034591959,0.778653436899,0.415094339623,0.785936912158,0.396641451468,2.18653061224,1.98147951821,0.785936912158,2.18653061224,0.456493016787,0.454374412041,161,0.121052631579,0.398438786394,21,21,21,1,0,0.333333333333,0.619047619048,0.047619047619,21,106,0.252380952381,2.00226676193,10.0952380952,7.57142857143,5.3,3.6729383592,0.363828799732,0.1841868823,4.96463684952,0.983560130565,0.530098831986,3.85326083306,0.763381863154,0.398921832884,0.797860107681,0.398478425978,2.23022048606,2.00226676193,0.797860107681,2.23022048606,0.445206721383,0.4365234375,149,0.112030075188,0.38297593369,21,21,21,1,0,0.333333333333,0.619047619048,0.047619047619,0,0,0.0207872437161,0,0,0,0.0826074287031,0.0081828113338,0.0062893081761,-0.0799264663292,-0.0158344886124,-0.00539083557951,-0.0770850865244,-0.0152715737454,-0.0161725067385,0.0119231955235,0.00183697451001,0.0436898738115,0.0207872437161,0.0119231955235,0.0436898738115,-0.0112862954039,-0.0178509745414,-12,-0.00902255639098,-0.0154628527043,0,0,0,104,2,2,312,0.981132075472,0.993630573248,0.00636942675159,0.0188679245283,0.981132075472,0.981132075472,0.981132075472,0.97476264872,0.97476264872,0.962962962963,11,11,0,0,0,0
433,WLNM_dir_neg,0.785123966942,0.520887308534,00:00:01,10,90,33,1293282024,fixed,0.5,0.692307692308,0.818181818182,0.75,9,4,2,18,0.818181818182,0.818181818182,0.181818181818,0.181818181818,0.692307692308,0.818181818182,0.75,0.818181818182,0.535353535354,0.608695652174,0.613940613515,0.636363636364,106,95,11,0,106,0,95,0,11,21,106,0.252380952381,1.98147951821,10.0952380952,7.57142857143,5.3,3.5903309305,0.355645988398,0.177897574124,5.04456331585,0.999394619178,0.535489667565,3.93034591959,0.778653436899,0.415094339623,0.785936912158,0.396641451468,2.18653061224,1.98147951821,0.785936912158,2.18653061224,0.456493016787,0.454374412041,161,0.121052631579,0.398438786394,21,21,21,1,0,0.333333333333,0.619047619048,0.047619047619,21,108,0.257142857143,2.11614944517,10.2857142857,7.71428571429,5.68421052632,3.75689841682,0.365254012746,0.185626102293,5.03274988735,0.978590255873,0.526455026455,4.21053101503,0.818714364035,0.434744268078,0.889864651069,0.420511251273,2.63636363636,2.11614944517,0.889864651069,2.63636363636,0.493544935457,0.465137614679,169,0.127067669173,0.433381070736,21,21,21,1,0,0.333333333333,0.571428571429,0.0952380952381,2,0.0047619047619,0.134669926955,0.190476190476,0.142857142857,0.384210526316,0.166567486321,0.00960802434796,0.00772852816878,-0.0118134285049,-0.0208043633052,-0.00903464111011,0.280185095447,0.0400609271351,0.019649928455,0.103927738911,0.0238697998055,0.449833024119,0.134669926955,0.103927738911,0.449833024119,0.0370519186696,0.0107632026375,8,0.00601503759398,0.0349422843418,0,-0.047619047619,0.047619047619,104,4,2,310,0.981132075472,0.987261146497,0.0127388535032,0.0188679245283,0.962962962963,0.981132075472,0.971962616822,0.96245475607,0.968393221969,0.945454545455,13,11,0,0,0,0
434,WLNM_dir_neg,0.935950413223,0.468614718615,00:00:01,10,90,34,1293282025,fixed,0.5,1,0.636363636364,0.777777777778,7,0,4,22,0.636363636364,1,0,0.363636363636,1,0.636363636364,0.777777777778,0.878787878788,0.59595959596,0.7,0.733799385705,0.636363636364,106,95,11,0,106,0,95,0,11,21,106,0.252380952381,1.98147951821,10.0952380952,7.57142857143,5.3,3.5903309305,0.355645988398,0.177897574124,5.04456331585,0.999394619178,0.535489667565,3.93034591959,0.778653436899,0.415094339623,0.785936912158,0.396641451468,2.18653061224,1.98147951821,0.785936912158,2.18653061224,0.456493016787,0.454374412041,161,0.121052631579,0.398438786394,21,21,21,1,0,0.333333333333,0.619047619048,0.047619047619,21,102,0.242857142857,1.79144484906,9.71428571429,7.84615384615,5.36842105263,3.70328039909,0.381220041083,0.190476190476,4.86092289885,1.00077824388,0.536881419234,4.02847011017,0.829390905036,0.438842203548,0.687098104482,0.383544101201,1.88974113135,1.83101709151,0.679952471524,1.88974113135,0.473445010871,0.450901803607,150,0.112781954887,0.465200145715,21,20,20,0.952380952381,0,0.333333333333,0.571428571429,0.047619047619,-4,-0.00952380952381,-0.190034669156,-0.380952380952,0.274725274725,0.0684210526316,0.112949468594,0.0255740526846,0.0125786163522,-0.183640416999,0.00138362470321,0.00139175166922,0.0981241905871,0.0507374681365,0.0237478639254,-0.0988388076753,-0.013097350267,-0.296789480893,-0.150462426703,-0.105984440633,-0.296789480893,0.0169519940843,-0.00347260843418,-11,-0.00827067669173,0.066761359321,0,-0.047619047619,0,102,0,4,314,0.962264150943,1,0,0.0377358490566,1,0.962264150943,0.980769230769,0.974761611554,0.962264150943,0.962264150943,7,11,0,0,0,0
435,WLNM_dir_neg,0.913223140496,0.722450150859,00:00:01,10,90,35,1293282026,fixed,0.5,0.818181818182,0.818181818182,0.818181818182,9,2,2,20,0.818181818182,0.909090909091,0.0909090909091,0.181818181818,0.818181818182,0.818181818182,0.818181818182,0.878787878788,0.555555555556,0.727272727273,0.727272727273,0.727272727273,106,95,11,0,106,0,95,0,11,21,106,0.252380952381,1.98147951821,10.0952380952,7.57142857143,5.3,3.5903309305,0.355645988398,0.177897574124,5.04456331585,0.999394619178,0.535489667565,3.93034591959,0.778653436899,0.415094339623,0.785936912158,0.396641451468,2.18653061224,1.98147951821,0.785936912158,2.18653061224,0.456493016787,0.454374412041,161,0.121052631579,0.398438786394,21,21,21,1,0,0.333333333333,0.619047619048,0.047619047619,21,106,0.252380952381,1.98321670078,10.0952380952,7.57142857143,5.57894736842,3.56236946294,0.352876220385,0.181042228212,4.97469788506,0.985553354587,0.531895777179,4.0678764789,0.805900057141,0.432165318958,0.779701064399,0.393149706783,2.10363947979,1.98321670078,0.779701064399,2.10363947979,0.448587327705,0.445086705202,154,0.115789473684,0.405694179232,21,21,21,1,0,0.333333333333,0.571428571429,0.0952380952381,0,0,0.00173718256474,0,0,0.278947368421,-0.0279614675576,-0.00276976801278,0.00314465408805,-0.0698654307901,-0.0138412645905,-0.00359389038634,0.137530559316,0.0272466202419,0.0170709793351,-0.00623584775897,-0.00349174468438,-0.0828911324586,0.00173718256474,-0.00623584775897,-0.0828911324586,-0.00790568908216,-0.00928770683908,-7,-0.00526315789474,0.00725539283784,0,-0.047619047619,0.047619047619,104,2,2,312,0.981132075472,0.993630573248,0.00636942675159,0.0188679245283,0.981132075472,0.981132075472,0.981132075472,0.97476264872,0.97476264872,0.962962962963,11,11,0,0,0,0
436,WLNM_dir_neg,0.818181818182,0.715158326522,00:00:01,10,90,36,1293282027,fixed,0.5,0.615384615385,0.727272727273,0.666666666667,8,5,3,17,0.727272727273,0.772727272727,0.227272727273,0.272727272727,0.615384615385,0.727272727273,0.666666666667,0.757575757576,0.535353535354,0.478260869565,0.482381910619,0.5,106,95,11,0,106,0,95,0,11,21,106,0.252380952381,1.98147951821,10.0952380952,7.57142857143,5.3,3.5903309305,0.355645988398,0.177897574124,5.04456331585,0.999394619178,0.535489667565,3.93034591959,0.778653436899,0.415094339623,0.785936912158,0.396641451468,2.18653061224,1.98147951821,0.785936912158,2.18653061224,0.456493016787,0.454374412041,161,0.121052631579,0.398438786394,21,21,21,1,0,0.333333333333,0.619047619048,0.047619047619,21,108,0.257142857143,1.96594754403,10.2857142857,7.71428571429,5.4,3.7435659089,0.363957796699,0.178571428571,5.19890098276,1.01089741331,0.541446208113,3.81163631903,0.741151506479,0.390652557319,0.76755835538,0.390426671206,2.08911944666,1.96594754403,0.76755835538,2.08911944666,0.493321493321,0.457486136784,165,0.124060150376,0.39071109253,21,21,21,1,0,0.333333333333,0.619047619048,0.047619047619,2,0.0047619047619,-0.0155319741874,0.190476190476,0.142857142857,0.1,0.153234978405,0.00831180830052,0.000673854447439,0.154337666913,0.0115027941372,0.00595654054774,-0.118709600555,-0.0375019304208,-0.0244417823034,-0.0183785567776,-0.00621478026149,-0.0974111655836,-0.0155319741874,-0.0183785567776,-0.0974111655836,0.0368284765344,0.00311172474234,4,0.00300751879699,-0.00772769386342,0,0,0,103,5,3,309,0.971698113208,0.984076433121,0.015923566879,0.0283018867925,0.953703703704,0.971698113208,0.96261682243,0.94991346178,0.955774546329,0.927927927928,13,11,0,0,0,0
437,WLNM_dir_neg,0.863636363636,0.631142468642,00:00:01,10,90,37,1293282028,fixed,0.5,0.642857142857,0.818181818182,0.72,9,5,2,17,0.818181818182,0.772727272727,0.227272727273,0.181818181818,0.642857142857,0.818181818182,0.72,0.787878787879,0.525252525253,0.553191489362,0.563621480191,0.590909090909,106,95,11,0,106,0,95,0,11,21,106,0.252380952381,1.98147951821,10.0952380952,7.57142857143,5.3,3.5903309305,0.355645988398,0.177897574124,5.04456331585,0.999394619178,0.535489667565,3.93034591959,0.778653436899,0.415094339623,0.785936912158,0.396641451468,2.18653061224,1.98147951821,0.785936912158,2.18653061224,0.456493016787,0.454374412041,161,0.121052631579,0.398438786394,21,21,21,1,0,0.333333333333,0.619047619048,0.047619047619,21,109,0.259523809524,2.00640978094,10.380952381,7.78571428571,5.45,3.5982800124,0.346623303947,0.170816950633,5.20210580072,1.00224056711,0.536478811708,3.95751244621,0.762456526334,0.405417212757,0.797942433953,0.397696642795,2.23598130841,2.00640978094,0.797942433953,2.23598130841,0.471267802095,0.447272727273,164,0.123308270677,0.397299584169,21,21,21,1,0,0.333333333333,0.619047619048,0.047619047619,3,0.00714285714286,0.0249302627283,0.285714285714,0.214285714286,0.15,0.00794908190147,-0.00902268445164,-0.00708062349052,0.157542484872,0.00284594793374,0.00098914414303,0.0271665266221,-0.0161969105655,-0.00967712686598,0.012005521795,0.00105519132786,0.0494506961663,0.0249302627283,0.012005521795,0.0494506961663,0.0147747853077,-0.00710168476867,3,0.00225563909774,-0.00113920222449,0,0,0,104,5,2,309,0.981132075472,0.984076433121,0.015923566879,0.0188679245283,0.954128440367,0.981132075472,0.967441860465,0.956412965334,0.965208508593,0.936936936937,14,11,0,0,0,0
438,WLNM_dir_neg,0.900826446281,0.601051867028,00:00:01,10,90,38,1293282029,fixed,0.5,0.642857142857,0.818181818182,0.72,9,5,2,17,0.818181818182,0.772727272727,0.227272727273,0.181818181818,0.642857142857,0.818181818182,0.72,0.787878787879,0.525252525253,0.553191489362,0.563621480191,0.590909090909,106,95,11,0,106,0,95,0,11,21,106,0.252380952381,1.98147951821,10.0952380952,7.57142857143,5.3,3.5903309305,0.355645988398,0.177897574124,5.04456331585,0.999394619178,0.535489667565,3.93034591959,0.778653436899,0.415094339623,0.785936912158,0.396641451468,2.18653061224,1.98147951821,0.785936912158,2.18653061224,0.456493016787,0.454374412041,161,0.121052631579,0.398438786394,21,21,21,1,0,0.333333333333,0.619047619048,0.047619047619,21,109,0.259523809524,1.98278448687,10.380952381,7.78571428571,5.45,3.30871864135,0.318729777378,0.159021406728,5.12463703709,0.987315392467,0.527741371778,4.09413052575,0.788777440741,0.422018348624,0.780573017398,0.393675168718,2.20272108844,1.98278448687,0.780573017398,2.20272108844,0.439102964029,0.440616500453,162,0.121804511278,0.417764439798,21,21,21,1,0,0.333333333333,0.619047619048,0.047619047619,3,0.00714285714286,0.00130496865191,0.285714285714,0.214285714286,0.15,-0.281612289146,-0.0369162110204,-0.0188761673962,0.0800737212391,-0.0120792267111,-0.00774829578707,0.163784606166,0.010124003842,0.00692400900121,-0.00536389475939,-0.00296628274962,0.0161904761905,0.00130496865191,-0.00536389475939,0.0161904761905,-0.0173900527577,-0.0137579115881,1,0.000751879699248,0.0193256534043,0,0,0,104,5,2,309,0.981132075472,0.984076433121,0.015923566879,0.0188679245283,0.954128440367,0.981132075472,0.967441860465,0.956412965334,0.965208508593,0.936936936937,14,11,0,0,0,0
439,WLNM_dir_neg,0.735537190083,0.454287190083,00:00:01,10,90,39,1293282030,fixed,0.5,0.666666666667,0.727272727273,0.695652173913,8,4,3,18,0.727272727273,0.818181818182,0.181818181818,0.272727272727,0.666666666667,0.727272727273,0.695652173913,0.787878787879,0.545454545455,0.533333333333,0.534522483825,0.545454545455,106,95,11,0,106,0,95,0,11,21,106,0.252380952381,1.98147951821,10.0952380952,7.57142857143,5.3,3.5903309305,0.355645988398,0.177897574124,5.04456331585,0.999394619178,0.535489667565,3.93034591959,0.778653436899,0.415094339623,0.785936912158,0.396641451468,2.18653061224,1.98147951821,0.785936912158,2.18653061224,0.456493016787,0.454374412041,161,0.121052631579,0.398438786394,21,21,21,1,0,0.333333333333,0.619047619048,0.047619047619,21,107,0.254761904762,1.81256441971,10.1904761905,8.23076923077,5.63157894737,3.84212242932,0.377030705681,0.190476190476,5.27166730651,1.0346262938,0.550066755674,4.04851530693,0.794568424725,0.423676012461,0.688975680514,0.380111003517,1.81924157859,1.81256441971,0.688975680514,1.81924157859,0.470728128081,0.463483146067,165,0.124060150376,0.469581664774,21,21,21,1,0,0.380952380952,0.52380952381,0.0952380952381,1,0.00238095238095,-0.168915098507,0.0952380952381,0.659340659341,0.331578947368,0.251791498827,0.021384717283,0.0125786163522,0.227103990655,0.0352316746223,0.0145770881091,0.118169387346,0.0159149878259,0.00858167283842,-0.0969612316435,-0.0165304479505,-0.367289033652,-0.168915098507,-0.0969612316435,-0.367289033652,0.0142351112939,0.00910873402602,4,0.00300751879699,0.0711428783801,0.047619047619,-0.0952380952381,0.047619047619,103,4,3,310,0.971698113208,0.987261146497,0.0127388535032,0.0283018867925,0.96261682243,0.971698113208,0.967136150235,0.955991115339,0.958959259704,0.936363636364,12,11,0,0,0,0
440,WLNM_dir_neg,0.832644628099,0.584653110394,00:00:01,10,90,40,1293282031,fixed,0.5,0.714285714286,0.454545454545,0.555555555556,5,2,6,20,0.454545454545,0.909090909091,0.0909090909091,0.545454545455,0.714285714286,0.454545454545,0.555555555556,0.757575757576,0.59595959596,0.4,0.419313934689,0.363636363636,106,95,11,0,106,0,95,0,11,21,106,0.252380952381,1.98147951821,10.0952380952,7.57142857143,5.3,3.5903309305,0.355645988398,0.177897574124,5.04456331585,0.999394619178,0.535489667565,3.93034591959,0.778653436899,0.415094339623,0.785936912158,0.396641451468,2.18653061224,1.98147951821,0.785936912158,2.18653061224,0.456493016787,0.454374412041,161,0.121052631579,0.398438786394,21,21,21,1,0,0.333333333333,0.619047619048,0.047619047619,21,102,0.242857142857,2.00707342837,9.71428571429,7.28571428571,5.1,3.52339122356,0.36270203772,0.18720821662,4.88145177468,1.00500477714,0.534080298786,3.86375095323,0.795478137429,0.422969187675,0.804662877892,0.400913522404,2.21765479272,2.00707342837,0.804662877892,2.21765479272,0.451636876196,0.439838220425,145,0.109022556391,0.370519530113,21,21,21,1,0,0.333333333333,0.619047619048,0.047619047619,-4,-0.00952380952381,0.0255939101584,-0.380952380952,-0.285714285714,-0.2,-0.0669397069323,0.00705604932161,0.00931064249599,-0.163111541165,0.00561015796313,-0.00140936877896,-0.0665949663595,0.0168247005299,0.00787484805243,0.0187259657346,0.00427207093647,0.0311241804746,0.0255939101584,0.0187259657346,0.0311241804746,-0.00485614059143,-0.0145361916167,-16,-0.012030075188,-0.0279192562806,0,0,0,100,2,6,312,0.943396226415,0.993630573248,0.00636942675159,0.0566037735849,0.980392156863,0.943396226415,0.961538461538,0.949196488733,0.937026799664,0.925925925926,7,11,0,0,0,0
441,WLNM_dir_neg,0.859504132231,0.765380864195,00:00:01,10,90,41,1293282032,fixed,0.5,0.8,0.727272727273,0.761904761905,8,2,3,20,0.727272727273,0.909090909091,0.0909090909091,0.272727272727,0.8,0.727272727273,0.761904761905,0.848484848485,0.565656565657,0.651162790698,0.652753365768,0.636363636364,106,95,11,0,106,0,95,0,11,21,106,0.252380952381,1.98147951821,10.0952380952,7.57142857143,5.3,3.5903309305,0.355645988398,0.177897574124,5.04456331585,0.999394619178,0.535489667565,3.93034591959,0.778653436899,0.415094339623,0.785936912158,0.396641451468,2.18653061224,1.98147951821,0.785936912158,2.18653061224,0.456493016787,0.454374412041,161,0.121052631579,0.398438786394,21,21,21,1,0,0.333333333333,0.619047619048,0.047619047619,21,105,0.25,1.99855812784,10,7.5,5.25,3.46410161514,0.346410161514,0.174603174603,4.98998997995,0.99799799599,0.532426303855,3.84707681233,0.769415362467,0.410884353741,0.789997747295,0.395283848036,2.22801213124,1.99855812784,0.789997747295,2.22801213124,0.452985607607,0.421782178218,142,0.106766917293,0.38022686123,21,21,21,1,0,0.333333333333,0.619047619048,0.047619047619,-1,-0.00238095238095,0.0170786096243,-0.0952380952381,-0.0714285714286,-0.05,-0.126229315358,-0.00923582688441,-0.00329439952081,-0.0545733359001,-0.00139662318785,-0.00306336371026,-0.0832691072534,-0.00923807443258,-0.00420998588114,0.00406083513734,-0.00135760343184,0.041481518993,0.0170786096243,0.00406083513734,0.041481518993,-0.00350740917968,-0.0325922338236,-19,-0.0142857142857,-0.0182119251634,0,0,0,103,2,3,312,0.971698113208,0.993630573248,0.00636942675159,0.0283018867925,0.980952380952,0.971698113208,0.976303317536,0.96837382598,0.965328686456,0.953703703704,10,11,0,0,0,0
442,WLNM_dir_neg,0.909090909091,0.648931769984,00:00:01,10,90,42,1293282033,fixed,0.5,0.777777777778,0.636363636364,0.7,7,2,4,20,0.636363636364,0.909090909091,0.0909090909091,0.363636363636,0.777777777778,0.636363636364,0.7,0.818181818182,0.575757575758,0.571428571429,0.57735026919,0.545454545455,106,95,11,0,106,0,95,0,11,21,106,0.252380952381,1.98147951821,10.0952380952,7.57142857143,5.3,3.5903309305,0.355645988398,0.177897574124,5.04456331585,0.999394619178,0.535489667565,3.93034591959,0.778653436899,0.415094339623,0.785936912158,0.396641451468,2.18653061224,1.98147951821,0.785936912158,2.18653061224,0.456493016787,0.454374412041,161,0.121052631579,0.398438786394,21,21,21,1,0,0.333333333333,0.619047619048,0.047619047619,21,104,0.247619047619,1.97247399341,9.90476190476,7.42857142857,4.95238095238,3.88464621175,0.392199857917,0.202380952381,5.05446525833,1.02061317716,0.544871794872,3.69426840492,0.745958043302,0.395604395604,0.787384191709,0.399186095401,2.22731587306,1.97247399341,0.787384191709,2.22731587306,0.459113745731,0.449261083744,152,0.114285714286,0.370479685839,21,21,21,1,0,0.333333333333,0.666666666667,0,-2,-0.0047619047619,-0.00900552480717,-0.190476190476,-0.142857142857,-0.347619047619,0.294315281256,0.036553869519,0.024483378257,0.00990194247551,0.0212185579841,0.00938212730666,-0.236077514664,-0.0326953935975,-0.0194899440182,0.00144727955085,0.00254464393364,0.0407852608147,-0.00900552480717,0.00144727955085,0.0407852608147,0.00262072894426,-0.00511332829755,-9,-0.00676691729323,-0.0279591005546,0,0.047619047619,-0.047619047619,102,2,4,312,0.962264150943,0.993630573248,0.00636942675159,0.0377358490566,0.980769230769,0.962264150943,0.971428571429,0.961983471856,0.955894724192,0.944444444444,9,11,0,0,0,0
443,WLNM_dir_neg,0.797520661157,0.603047059267,00:00:01,10,90,43,1293282034,fixed,0.5,0.777777777778,0.636363636364,0.7,7,2,4,20,0.636363636364,0.909090909091,0.0909090909091,0.363636363636,0.777777777778,0.636363636364,0.7,0.818181818182,0.575757575758,0.571428571429,0.57735026919,0.545454545455,106,95,11,0,106,0,95,0,11,21,106,0.252380952381,1.98147951821,10.0952380952,7.57142857143,5.3,3.5903309305,0.355645988398,0.177897574124,5.04456331585,0.999394619178,0.535489667565,3.93034591959,0.778653436899,0.415094339623,0.785936912158,0.396641451468,2.18653061224,1.98147951821,0.785936912158,2.18653061224,0.456493016787,0.454374412041,161,0.121052631579,0.398438786394,21,21,21,1,0,0.333333333333,0.619047619048,0.047619047619,21,104,0.247619047619,1.96769036117,9.90476190476,7.42857142857,5.2,3.50577754435,0.353948694382,0.179945054945,4.98473861377,1.00653375855,0.537545787546,4.0678764789,0.821398135163,0.43315018315,0.76566691502,0.389119614615,2.00897170462,1.96769036117,0.76566691502,2.00897170462,0.452971358707,0.442043222004,150,0.112781954887,0.403694878525,21,21,21,1,0,0.333333333333,0.619047619048,0.047619047619,-2,-0.0047619047619,-0.0137891570456,-0.190476190476,-0.142857142857,-0.1,-0.0845533861449,-0.00169729401659,0.00204748082107,-0.059824702079,0.00713913937208,0.00205611998065,0.137530559316,0.0427446982638,0.0180558435275,-0.0202699971379,-0.00752183685241,-0.177558907621,-0.0137891570456,-0.0202699971379,-0.177558907621,-0.00352165808048,-0.0123311900375,-11,-0.00827067669173,0.00525609213137,0,0,0,102,2,4,312,0.962264150943,0.993630573248,0.00636942675159,0.0377358490566,0.980769230769,0.962264150943,0.971428571429,0.961983471856,0.955894724192,0.944444444444,9,11,0,0,0,0
444,WLNM_dir_neg,0.834710743802,0.195714197892,00:00:01,10,90,44,1293282035,fixed,0.5,0.7,0.636363636364,0.666666666667,7,3,4,19,0.636363636364,0.863636363636,0.136363636364,0.363636363636,0.7,0.636363636364,0.666666666667,0.787878787879,0.565656565657,0.511627906977,0.512877644532,0.5,106,95,11,0,106,0,95,0,11,21,106,0.252380952381,1.98147951821,10.0952380952,7.57142857143,5.3,3.5903309305,0.355645988398,0.177897574124,5.04456331585,0.999394619178,0.535489667565,3.93034591959,0.778653436899,0.415094339623,0.785936912158,0.396641451468,2.18653061224,1.98147951821,0.785936912158,2.18653061224,0.456493016787,0.454374412041,161,0.121052631579,0.398438786394,21,21,21,1,0,0.333333333333,0.619047619048,0.047619047619,21,105,0.25,1.9986977073,10,7.5,5.25,3.50713558335,0.350713558335,0.177777777778,4.90917508345,0.981835016691,0.527891156463,3.98748040748,0.797496081495,0.428117913832,0.791154138271,0.39583481553,2.22398703404,1.9986977073,0.791154138271,2.22398703404,0.440521978022,0.440828402367,149,0.112030075188,0.395218814619,21,21,21,1,0,0.333333333333,0.619047619048,0.047619047619,-1,-0.00238095238095,0.0172181890891,-0.0952380952381,-0.0714285714286,-0.05,-0.083195347146,-0.00493243006318,-0.000119796346211,-0.135388232397,-0.0175596024871,-0.00759851110255,0.0571344878878,0.0188426445956,0.0130235742096,0.00521722611307,-0.000806635937479,0.0374564217908,0.0172181890891,0.00521722611307,0.0374564217908,-0.0159710387652,-0.0135460096745,-12,-0.00902255639098,-0.00321997177456,0,0,0,102,3,4,311,0.962264150943,0.990445859873,0.00955414012739,0.0377358490566,0.971428571429,0.962264150943,0.96682464455,0.955715344595,0.952710010816,0.935779816514,10,11,0,0,0,0
445,WLNM_dir_neg,0.880165289256,0.749758742941,00:00:01,10,90,45,1293282036,fixed,0.5,0.833333333333,0.454545454545,0.588235294118,5,1,6,21,0.454545454545,0.954545454545,0.0454545454545,0.545454545455,0.833333333333,0.454545454545,0.588235294118,0.787878787879,0.606060606061,0.461538461538,0.5,0.409090909091,106,95,11,0,106,0,95,0,11,21,106,0.252380952381,1.98147951821,10.0952380952,7.57142857143,5.3,3.5903309305,0.355645988398,0.177897574124,5.04456331585,0.999394619178,0.535489667565,3.93034591959,0.778653436899,0.415094339623,0.785936912158,0.396641451468,2.18653061224,1.98147951821,0.785936912158,2.18653061224,0.456493016787,0.454374412041,161,0.121052631579,0.398438786394,21,21,21,1,0,0.333333333333,0.619047619048,0.047619047619,21,101,0.240476190476,1.97737022737,9.61904761905,7.21428571429,5.31578947368,3.26306896152,0.339229941544,0.170202734559,4.69701019393,0.976606079927,0.526166902405,4.00773062492,0.833290525973,0.444130127298,0.782206455105,0.395579160785,2.22672672673,1.97737022737,0.782206455105,2.22672672673,0.413168081918,0.41281512605,131,0.0984962406015,0.394710643806,21,21,21,1,0,0.333333333333,0.571428571429,0.0952380952381,-5,-0.0119047619048,-0.00410929084398,-0.47619047619,-0.357142857143,0.0157894736842,-0.327261968978,-0.0164160468543,-0.00769483956482,-0.347553121918,-0.0227885392513,-0.00932276516061,0.0773847053303,0.0546370890736,0.0290357876758,-0.00373045705304,-0.00106229068239,0.0401961144818,-0.00410929084398,-0.00373045705304,0.0401961144818,-0.0433249348691,-0.041559285991,-30,-0.0225563909774,-0.00372814258816,0,-0.047619047619,0.047619047619,100,1,6,313,0.943396226415,0.996815286624,0.0031847133758,0.0566037735849,0.990099009901,0.943396226415,0.966183574879,0.955624538756,0.940211513039,0.934579439252,6,11,0,0,0,0
446,WLNM_dir_neg,0.832644628099,0.501660493657,00:00:01,10,90,46,1293282037,fixed,0.5,0.666666666667,0.727272727273,0.695652173913,8,4,3,18,0.727272727273,0.818181818182,0.181818181818,0.272727272727,0.666666666667,0.727272727273,0.695652173913,0.787878787879,0.545454545455,0.533333333333,0.534522483825,0.545454545455,106,95,11,0,106,0,95,0,11,21,106,0.252380952381,1.98147951821,10.0952380952,7.57142857143,5.3,3.5903309305,0.355645988398,0.177897574124,5.04456331585,0.999394619178,0.535489667565,3.93034591959,0.778653436899,0.415094339623,0.785936912158,0.396641451468,2.18653061224,1.98147951821,0.785936912158,2.18653061224,0.456493016787,0.454374412041,161,0.121052631579,0.398438786394,21,21,21,1,0,0.333333333333,0.619047619048,0.047619047619,21,107,0.254761904762,1.97694297258,10.1904761905,7.64285714286,5.63157894737,3.58634978243,0.351931520705,0.179350244771,5.24313610261,1.02902671173,0.548286604361,3.78027461839,0.741923055947,0.400534045394,0.785965281216,0.397565985523,2.17727891156,1.97694297258,0.785965281216,2.17727891156,0.481761082055,0.469010175763,169,0.127067669173,0.379099284505,21,21,21,1,0,0.333333333333,0.571428571429,0.0952380952381,1,0.00238095238095,-0.00453654563591,0.0952380952381,0.0714285714286,0.331578947368,-0.0039811480703,-0.00371446769286,0.00145267064682,0.198572786759,0.0296320925491,0.0127969367962,-0.150071301193,-0.0367303809529,-0.0145602942288,2.83690582277e-05,0.000924534055488,-0.00925170068027,-0.00453654563591,2.83690582277e-05,-0.00925170068027,0.0252680652681,0.0146357637218,8,0.00601503759398,-0.0193395018889,0,-0.047619047619,0.047619047619,103,4,3,310,0.971698113208,0.987261146497,0.0127388535032,0.0283018867925,0.96261682243,0.971698113208,0.967136150235,0.955991115339,0.958959259704,0.936363636364,12,11,0,0,0,0
447,WLNM_dir_neg,0.855371900826,0.601367277373,00:00:01,10,90,47,1293282038,fixed,0.5,0.615384615385,0.727272727273,0.666666666667,8,5,3,17,0.727272727273,0.772727272727,0.227272727273,0.272727272727,0.615384615385,0.727272727273,0.666666666667,0.757575757576,0.535353535354,0.478260869565,0.482381910619,0.5,106,95,11,0,106,0,95,0,11,21,106,0.252380952381,1.98147951821,10.0952380952,7.57142857143,5.3,3.5903309305,0.355645988398,0.177897574124,5.04456331585,0.999394619178,0.535489667565,3.93034591959,0.778653436899,0.415094339623,0.785936912158,0.396641451468,2.18653061224,1.98147951821,0.785936912158,2.18653061224,0.456493016787,0.454374412041,161,0.121052631579,0.398438786394,21,21,21,1,0,0.333333333333,0.619047619048,0.047619047619,21,108,0.257142857143,2.01606956628,10.2857142857,7.71428571429,5.14285714286,3.4371915446,0.33417140017,0.167107583774,4.99285203351,0.97083233985,0.521164021164,3.96592630145,0.771152336394,0.406525573192,0.798479504484,0.39605751599,2.14825907154,2.01606956628,0.798479504484,2.14825907154,0.479870705081,0.444236176195,158,0.118796992481,0.402447497595,21,21,21,1,0,0.333333333333,0.666666666667,0,2,0.0047619047619,0.0345900480661,0.190476190476,0.142857142857,-0.157142857143,-0.153139385894,-0.0214745882285,-0.0107899903497,-0.0517112823353,-0.0285622793277,-0.0143256464011,0.0355803818672,-0.00750110050543,-0.0085687664304,0.0125425923261,-0.000583935477655,-0.0382715407076,0.0345900480661,0.0125425923261,-0.0382715407076,0.0233776882937,-0.0101382358465,-3,-0.00225563909774,0.00400871120133,0,0.047619047619,-0.047619047619,103,5,3,309,0.971698113208,0.984076433121,0.015923566879,0.0283018867925,0.953703703704,0.971698113208,0.96261682243,0.94991346178,0.955774546329,0.927927927928,13,11,0,0,0,0
448,WLNM_dir_neg,0.807851239669,0.423328472143,00:00:01,10,90,48,1293282039,fixed,0.5,0.615384615385,0.727272727273,0.666666666667,8,5,3,17,0.727272727273,0.772727272727,0.227272727273,0.272727272727,0.615384615385,0.727272727273,0.666666666667,0.757575757576,0.535353535354,0.478260869565,0.482381910619,0.5,106,95,11,0,106,0,95,0,11,21,106,0.252380952381,1.98147951821,10.0952380952,7.57142857143,5.3,3.5903309305,0.355645988398,0.177897574124,5.04456331585,0.999394619178,0.535489667565,3.93034591959,0.778653436899,0.415094339623,0.785936912158,0.396641451468,2.18653061224,1.98147951821,0.785936912158,2.18653061224,0.456493016787,0.454374412041,161,0.121052631579,0.398438786394,21,21,21,1,0,0.333333333333,0.619047619048,0.047619047619,21,108,0.257142857143,1.97469770758,10.2857142857,7.71428571429,5.68421052632,3.77018377726,0.366545645011,0.190035273369,5.13113744004,0.997721168896,0.537037037037,4.23421438151,0.823319463071,0.442680776014,0.765935176594,0.387874647169,2,1.97469770758,0.765935176594,2,0.48196795035,0.479338842975,174,0.130827067669,0.42055450744,21,21,21,1,0,0.333333333333,0.571428571429,0.0952380952381,2,0.0047619047619,-0.00678181063371,0.190476190476,0.142857142857,0.384210526316,0.17985284676,0.0108996566128,0.0121376992446,0.0865741241892,-0.00167345028132,0.0015473694719,0.303868461921,0.0446660261716,0.0275864363915,-0.0200017355638,-0.00876680429822,-0.186530612245,-0.00678181063371,-0.0200017355638,-0.186530612245,0.0254749335632,0.0249644309338,13,0.00977443609023,0.0221157210466,0,-0.047619047619,0.047619047619,103,5,3,309,0.971698113208,0.984076433121,0.015923566879,0.0283018867925,0.953703703704,0.971698113208,0.96261682243,0.94991346178,0.955774546329,0.927927927928,13,11,0,0,0,0
449,WLNM_dir_neg,0.867768595041,0.736295102204,00:00:01,10,90,49,1293282040,fixed,0.5,0.666666666667,0.727272727273,0.695652173913,8,4,3,18,0.727272727273,0.818181818182,0.181818181818,0.272727272727,0.666666666667,0.727272727273,0.695652173913,0.787878787879,0.545454545455,0.533333333333,0.534522483825,0.545454545455,106,95,11,0,106,0,95,0,11,21,106,0.252380952381,1.98147951821,10.0952380952,7.57142857143,5.3,3.5903309305,0.355645988398,0.177897574124,5.04456331585,0.999394619178,0.535489667565,3.93034591959,0.778653436899,0.415094339623,0.785936912158,0.396641451468,2.18653061224,1.98147951821,0.785936912158,2.18653061224,0.456493016787,0.454374412041,161,0.121052631579,0.398438786394,21,21,21,1,0,0.333333333333,0.619047619048,0.047619047619,21,107,0.254761904762,1.98564605797,10.1904761905,7.64285714286,5.35,3.84212242932,0.377030705681,0.19448153093,5.24313610261,1.02902671173,0.548286604361,3.78027461839,0.741923055947,0.395193591455,0.794466237553,0.400104658312,2.18769387755,1.98564605797,0.794466237553,2.18769387755,0.488195791137,0.49863760218,183,0.137593984962,0.386714855388,21,21,21,1,0,0.333333333333,0.619047619048,0.047619047619,1,0.00238095238095,0.00416653975546,0.0952380952381,0.0714285714286,0.05,0.251791498827,0.021384717283,0.0165839568061,0.198572786759,0.0296320925491,0.0127969367962,-0.150071301193,-0.0367303809529,-0.0199007481674,0.0085293253957,0.0034632068449,0.00116326530612,0.00416653975546,0.0085293253957,0.00116326530612,0.0317027743498,0.0442631901384,22,0.0165413533835,-0.0117239310057,0,0,0,103,4,3,310,0.971698113208,0.987261146497,0.0127388535032,0.0283018867925,0.96261682243,0.971698113208,0.967136150235,0.955991115339,0.958959259704,0.936363636364,12,11,0,0,0,0
450,WLNM_dir_neg,0.663223140496,0.483463756786,00:00:01,10,90,50,1293282041,fixed,0.5,0.666666666667,0.181818181818,0.285714285714,2,1,9,21,0.181818181818,0.954545454545,0.0454545454545,0.818181818182,0.666666666667,0.181818181818,0.285714285714,0.69696969697,0.636363636364,0.166666666667,0.22360679775,0.136363636364,106,95,11,0,106,0,95,0,11,21,106,0.252380952381,1.98147951821,10.0952380952,7.57142857143,5.3,3.5903309305,0.355645988398,0.177897574124,5.04456331585,0.999394619178,0.535489667565,3.93034591959,0.778653436899,0.415094339623,0.785936912158,0.396641451468,2.18653061224,1.98147951821,0.785936912158,2.18653061224,0.456493016787,0.454374412041,161,0.121052631579,0.398438786394,21,21,21,1,0,0.333333333333,0.619047619048,0.047619047619,21,98,0.233333333333,1.99415504249,9.33333333333,7,4.9,3.33666500166,0.357499821607,0.173955296404,4.47586118343,0.959113110735,0.517978620019,3.90299030659,0.836355065698,0.436345966958,0.792833242598,0.397578536125,2.17676767677,1.99415504249,0.792833242598,2.17676767677,0.397667748918,0.397260273973,116,0.0872180451128,0.376550873173,21,21,21,1,0,0.333333333333,0.619047619048,0.047619047619,-8,-0.0190476190476,0.0126755242742,-0.761904761905,-0.571428571429,-0.4,-0.253665928831,0.00185383320873,-0.00394227771971,-0.56870213242,-0.0402815084429,-0.0175110475457,-0.0273556129979,0.0577016287984,0.0212516273356,0.00689633044043,0.000937084657111,-0.00976293547722,0.0126755242742,0.00689633044043,-0.00976293547722,-0.0588252678694,-0.0571141380688,-45,-0.0338345864662,-0.0218879132205,0,0,0,97,1,9,313,0.915094339623,0.996815286624,0.0031847133758,0.0849056603774,0.989795918367,0.915094339623,0.950980392157,0.93654485676,0.911909626247,0.906542056075,3,11,0,0,0,0
