Score,Label
0.551836848258972,1
0.74076384305954,1
0.99999988079071,1
0.159464970231056,1
0.995964288711548,1
0.99991762638092,1
0.999977111816406,1
0.995986759662628,1
0.999056041240692,1
0.999998331069946,1
0.00465714279562235,1
0.999673366546631,1
0.530453264713287,1
0.863783359527588,1
0.999994397163391,1
0.908802807331085,1
0.997781336307526,1
0.998343467712402,1
0.994348227977753,1
1.92650322777821e-11,1
0.997947514057159,1
0.830428302288055,1
0.999544203281403,1
0.835352003574371,1
0.998531818389893,1
0.999999165534973,1
0.999819457530975,1
0.999999761581421,1
0.999365866184235,1
1,1
0.988860309123993,1
0.993315398693085,1
0.999274671077728,1
0.999274671077728,1
0.999999165534973,1
1,1
0.999878644943237,1
0.619239747524261,1
0.999563038349152,1
0.999563038349152,1
0.101650610566139,1
0.999994158744812,1
0.753078460693359,1
1,1
0.90861850976944,1
1,1
0.753078460693359,1
0.101650610566139,1
0.619239747524261,1
0.999994158744812,1
0.867136836051941,1
0.999963164329529,1
0.967389404773712,1
0.573075115680695,1
0.999982237815857,1
0.565223038196564,1
0.573075115680695,1
0.897742748260498,1
0.999982237815857,1
0.97021210193634,1
0.573075115680695,1
0.573075115680695,1
0.573075115680695,1
0.573075115680695,1
0.573075115680695,1
0.573075115680695,1
0.527906477451324,1
0.997241616249084,1
9.30421811062843e-06,1
0.000363219733117148,1
0.00106866157148033,1
6.89770796036271e-10,1
0.99999988079071,1
0.00294872280210257,1
0.00231033563613892,1
0.99997079372406,1
1,1
0.997676193714142,1
1,1
1,1
1,1
1,1
0.203904211521149,1
0.99995219707489,1
0.777541279792786,1
0.999992966651917,1
0.999979496002197,1
0.0289047919213772,1
0.99997079372406,1
0.999999165534973,1
0.244086310267448,1
0.999998331069946,1
1,1
0.924114942550659,1
0.924114942550659,1
0.821515619754791,1
0.991329550743103,1
0.999961018562317,1
0.99907398223877,1
0.425996124744415,1
0.763047099113464,1
0.425996124744415,1
0.999984979629517,1
0.0548750646412373,1
0.714674890041351,1
0.0483491905033588,1
0.998533129692078,1
0.845757782459259,1
0.0483491905033588,1
0.714674890041351,1
0.720886886119843,1
0.00713954633101821,1
0.00017012884200085,1
0.425996124744415,1
0.00197034305892885,1
0.00197034305892885,1
0.00197034305892885,1
0.425996124744415,1
0.00978615786880255,1
0.425996124744415,1
0.00443335669115186,1
0.98328560590744,1
0.000319820712320507,1
0.00443335669115186,1
3.50637038867385e-15,1
8.08074255473912e-05,1
9.44752193143827e-11,1
1.24348464858315e-09,1
8.08074255473912e-05,1
7.11268812402487e-14,1
8.5106229619214e-08,1
0.000167483696714044,1
0.999998807907104,1
0.99999988079071,1
0.999986052513123,1
0.999991416931152,1
0.993332326412201,1
0.10698663443327,1
1,1
0.00297037698328495,1
0.999854683876038,1
0.10698663443327,1
0.558167099952698,1
1,1
0.980533361434937,1
0.999932169914246,1
0.980962634086609,1
0.971506714820862,1
0.999999642372131,1
3.98321589045736e-07,1
0.99999988079071,1
0.999998092651367,1
0.999346673488617,1
4.24955351263634e-06,1
0.999935507774353,1
0.999973773956299,1
2.55555096373428e-06,1
0.00263521843589842,1
2.43488157138927e-05,1
0.44236296415329,1
0.99999988079071,1
1,1
0.44236296415329,1
0.99936181306839,1
9.26900600717318e-09,1
0.00212724134325981,1
0.142231911420822,1
0.51906019449234,1
6.05744010506726e-10,1
0.498069643974304,1
0.903933942317963,1
0.00685086566954851,1
0.941746532917023,1
0.000122274228488095,1
0.999983191490173,1
0.999999403953552,1
0.95815646648407,1
8.37498532746395e-07,1
0.582667291164398,1
1.21103411743206e-08,1
7.27084479876794e-05,1
0.265281617641449,1
0.265281617641449,1
0.99945479631424,1
0.468371599912643,1
0.893868088722229,1
1.38460904963722e-06,1
0.000221550682908855,1
0.0308745596557856,1
0.00342281628400087,1
0.999997735023499,1
0.901840925216675,1
0.813471376895905,1
0.551836848258972,1
0.551836848258972,1
0.551836848258972,1
0.551836848258972,1
0.551836848258972,1
0.551836848258972,1
0.794797420501709,1
0.551836848258972,1
0.551836848258972,1
0.551836848258972,1
0.551836848258972,1
0.551836848258972,1
0.551836848258972,1
0.551836848258972,1
0.0366520471870899,1
0.551836848258972,1
0.551836848258972,1
0.943637907505035,1
0.379074662923813,1
0.778826951980591,1
0.0277799237519503,1
0.991159975528717,1
0.695269763469696,1
0.695269763469696,1
0.998746752738953,1
0.964836955070496,1
0.98297518491745,1
0.940482974052429,1
0.695269763469696,1
0.996371746063232,1
0.98675549030304,1
0.145840018987656,1
0.700985610485077,1
0.379074662923813,1
0.99053430557251,1
0.964836955070496,1
0.695269763469696,1
0.695269763469696,1
0.964836955070496,1
0.99053430557251,1
0.778826951980591,1
0.0277799237519503,1
0.337850093841553,1
0.944400489330292,1
0.999985814094543,1
0.96695351600647,1
0.337850093841553,1
0.999911069869995,1
1,1
0.999108850955963,1
0.992472410202026,1
0.99981015920639,1
0.455416947603226,1
0.980332255363464,1
0.337850093841553,1
0.970491945743561,1
0.874794006347656,1
0.999976277351379,1
0.999926209449768,1
0.455416947603226,1
0.991818070411682,1
0.999220132827759,1
0.999003946781158,1
0.999937176704407,1
0.337850093841553,1
0.337850093841553,1
0.990681111812592,1
0.00169547460973263,1
0.999911069869995,1
0.999839305877686,1
0.415897250175476,1
0.999092102050781,1
0.989563643932343,1
0.999997138977051,1
0.994896233081818,1
0.984385669231415,1
0.990970134735107,1
0.160601690411568,1
0.996384263038635,1
0.999991655349731,1
0.994896233081818,1
0.415897250175476,1
0.989563643932343,1
0.989563643932343,1
0.999985337257385,1
0.999934911727905,1
0.998803973197937,1
0.989696025848389,1
0.994229793548584,1
0.989563643932343,1
0.415897250175476,1
0.974385678768158,1
0.999999761581421,1
0.96650755405426,1
0.637195408344269,1
0.473957359790802,1
9.87130533758318e-07,1
0.958158075809479,1
0.999895215034485,1
0.473957359790802,1
0.9999840259552,1
0.999999403953552,1
0.999895215034485,1
0.999760329723358,1
0.473957359790802,1
0.929375350475311,1
0.99999988079071,1
0.999403595924377,1
0.473957359790802,1
5.08188655601316e-08,1
0.999999642372131,1
0.999982118606567,1
0.999995708465576,1
0.999996542930603,1
0.999999403953552,1
0.473957359790802,1
0.473957359790802,1
0.999995350837708,1
0.99999988079071,1
0.473957359790802,1
0.997186005115509,1
0.144543677568436,1
0.99999988079071,1
0.337850093841553,1
0.999654531478882,1
0.874794006347656,1
0.96695351600647,1
0.337850093841553,1
0.992472410202026,1
0.941560685634613,1
1,1
0.999932050704956,1
0.337850093841553,1
0.989401042461395,1
0.999939799308777,1
0.33166828751564,1
0.999654531478882,1
0.337850093841553,1
0.994440615177155,1
0.999963402748108,1
0.999968767166138,1
0.998126327991486,1
0.928599655628204,1
0.886267304420471,1
0.999999761581421,1
0.337850093841553,1
0.337850093841553,1
0.999314546585083,1
0.999487996101379,1
0.999842524528503,1
0.288348257541656,1
0.999487996101379,1
0.502044200897217,1
0.999853610992432,1
0.906654834747314,1
0.725424528121948,1
0.962847769260406,1
0.502044200897217,1
0.999858379364014,1
0.502044200897217,1
0.962847769260406,1
4.14080523114535e-06,1
0.999800503253937,1
0.999700546264648,1
0.86051344871521,1
0.919414877891541,1
3.06443944282364e-05,1
0.999724090099335,1
0.999985218048096,1
0.919414877891541,1
0.86051344871521,1
0.999485373497009,1
0.502044200897217,1
0.502044200897217,1
0.502044200897217,1
0.911011636257172,1
0.999999761581421,1
0.88212639093399,1
0.999534964561462,1
0.86051344871521,1
0.907378613948822,1
0.962847769260406,1
0.551836848258972,1
0.00026365727535449,1
1.12044426714419e-06,1
0.999461710453033,1
0.999461710453033,1
0.999987244606018,1
0.000964685459621251,1
0.999993681907654,1
0.999772250652313,1
0.999999761581421,1
1.12683292172733e-05,1
0.999987244606018,1
0.951873481273651,1
1,1
0.99999737739563,1
0.999984502792358,1
1,1
0.999220490455627,1
1,1
0.00168181245680898,1
3.29907845833532e-12,1
0.999999523162842,1
0.999998092651367,1
0.999959945678711,1
0.0162151213735342,1
0.998935163021088,1
1,1
0.999995350837708,1
1,1
1,1
9.50104717123423e-11,1
0.999998569488525,1
1,1
0.845757126808167,1
0.164483577013016,1
0.669849693775177,1
0.99999988079071,1
0.999982953071594,1
0.983395993709564,1
0.998608410358429,1
0.999983549118042,1
0.00025999077479355,1
0.174855351448059,1
0.999990224838257,1
0.999999046325684,1
0.999999642372131,1
0.999990224838257,1
0.999567210674286,1
0.999988913536072,1
0.999999642372131,1
0.999987244606018,1
0.999828934669495,1
0.999999046325684,1
0.994166612625122,1
0.999999046325684,1
0.994585454463959,1
0.99999988079071,1
0.999999284744263,1
0.999797642230988,1
0.999957203865051,1
0.996148347854614,1
0.999999642372131,1
0.238106742501259,1
0.999975442886353,1
0.38187238574028,1
0.999998331069946,1
0.999999046325684,1
0.993910193443298,1
0.999871253967285,1
0.999873995780945,1
0.999998688697815,1
0.999704897403717,1
0.98847895860672,1
1,1
0.263584285974503,1
0.999951124191284,1
0.396468341350555,1
0.999966979026794,1
0.988819062709808,1
0.998200058937073,1
0.999255359172821,1
0.998545169830322,1
0.551836848258972,1
1.2064765853026e-11,1
0.986943483352661,1
0.99923312664032,1
0.999992609024048,1
0.998920798301697,1
0.861756980419159,1
0.980533361434937,1
0.999932169914246,1
0.980962634086609,1
0.601610600948334,1
0.551836848258972,1
0.551836848258972,1
0.551836848258972,1
0.551836848258972,1
0.551836848258972,1
0.551836848258972,1
0.551836848258972,1
0.551836848258972,1
0.551836848258972,1
0.551836848258972,1
0.731915473937988,1
0.551836848258972,1
0.551836848258972,1
0.551836848258972,1
0.551836848258972,1
0.551836848258972,1
0.999944686889648,1
0.478983879089355,1
0.478983879089355,1
0.478983879089355,1
0.99999988079071,1
0.478983879089355,1
0.999950408935547,1
0.478983879089355,1
0.28916198015213,1
0.880592167377472,1
0.150487065315247,1
0.988060712814331,1
0.971688449382782,1
0.988060712814331,1
0.150487065315247,1
0.256184488534927,1
0.00425370456650853,1
0.971688449382782,1
0.971688449382782,1
0.971688449382782,1
0.150487065315247,1
0.150487065315247,1
0.150487065315247,1
7.04053018125705e-05,1
0.223714917898178,1
3.21556012750079e-06,1
0.997607707977295,1
0.920823156833649,1
0.920823156833649,1
0.603734314441681,1
0.999472081661224,1
0.997942745685577,1
0.603734314441681,1
0.603734314441681,1
0.920823156833649,1
0.603734314441681,1
0.980779409408569,1
0.989563882350922,1
0.989563882350922,1
0.603734314441681,1
0.985262393951416,1
0.603734314441681,1
0.8803551197052,1
0.603734314441681,1
0.989563882350922,1
0.999997019767761,1
0.997607707977295,1
0.980779409408569,1
0.603734314441681,1
0.980779409408569,1
0.999472081661224,1
0.603734314441681,1
0.603734314441681,1
0.8803551197052,1
0.603734314441681,1
0.920823156833649,1
0.603734314441681,1
0.603734314441681,1
0.603734314441681,1
0.137560874223709,1
0.999832272529602,1
0.87269800901413,1
0.994855046272278,1
0.452352255582809,1
0.87269800901413,1
0.137560874223709,1
0.174095571041107,1
0.999832272529602,1
0.999945640563965,1
0.923169553279877,1
0.300954401493073,1
0.999832272529602,1
0.137560874223709,1
0.0085664065554738,1
0.99999988079071,1
0.450562000274658,1
0.999832272529602,1
0.300954401493073,1
0.998434960842133,1
0.998434960842133,1
0.958694338798523,1
0.321798294782639,1
0.999832272529602,1
0.137560874223709,1
0.999432265758514,1
0.99972015619278,1
0.137560874223709,1
0.452352255582809,1
0.999832272529602,1
0.999432265758514,1
0.999763429164886,1
0.402342915534973,1
0.402342915534973,1
0.997636318206787,1
0.997102320194244,1
0.402342915534973,1
0.992950201034546,1
0.471791476011276,1
0.402342915534973,1
0.00115957809612155,1
0.99997866153717,1
0.0295496042817831,1
0.402342915534973,1
0.99999988079071,1
0.997734665870667,1
0.998790085315704,1
0.99999988079071,1
0.100789166986942,1
0.459335714578629,1
0.999816000461578,1
0.978851318359375,1
0.996752798557281,1
0.402342915534973,1
0.402342915534973,1
0.402342915534973,1
0.0753486156463623,1
0.0125089697539806,1
0.0677962005138397,1
0.0125089697539806,1
0.827929973602295,1
0.999975323677063,1
0.994314134120941,1
0.805128812789917,1
0.124752953648567,1
0.729188024997711,1
0.827929973602295,1
0.00172846368514001,1
0.827929973602295,1
0.729188024997711,1
0.729188024997711,1
0.729188024997711,1
0.928671836853027,1
0.000835891114547849,1
0.827929973602295,1
0.999919176101685,1
0.729188024997711,1
0.729188024997711,1
0.729188024997711,1
0.729188024997711,1
0.980143249034882,1
0.999906778335571,1
0.827929973602295,1
0.295268088579178,1
0.295268088579178,1
0.295268088579178,1
0.00172846368514001,1
0.827929973602295,1
0.013081799261272,1
0.999906778335571,1
0.827929973602295,1
0.999919176101685,1
0.0179485995322466,1
0.827929973602295,1
0.805128812789917,1
0.999906778335571,1
0.990472674369812,1
0.485509991645813,1
0.913819193840027,1
0.777836680412292,1
0.997019708156586,1
0.485509991645813,1
0.485509991645813,1
0.998607218265533,1
0.999572694301605,1
0.485509991645813,1
0.731226563453674,1
0.485509991645813,1
0.418916583061218,1
0.99964964389801,1
0.870394229888916,1
0.870394229888916,1
0.485509991645813,1
0.463280528783798,1
0.985320270061493,1
0.0551154017448425,1
0.999998807907104,1
0.99964964389801,1
0.998607218265533,1
0.999572694301605,1
0.99921977519989,1
0.836422204971313,1
0.997019708156586,1
0.551836848258972,1
0.794797420501709,1
0.551836848258972,1
0.551836848258972,1
0.731915473937988,1
0.731915473937988,1
0.551836848258972,1
0.731915473937988,1
0.854842483997345,1
0.794797420501709,1
0.551836848258972,1
0.551836848258972,1
0.794797420501709,1
0.551836848258972,1
0.551836848258972,1
0.466998815536499,1
0.749076068401337,1
0.551836848258972,1
0.854842483997345,1
0.854842483997345,1
0.854842483997345,1
0.551836848258972,1
0.551836848258972,1
0.551836848258972,1
0.551836848258972,1
0.749076068401337,1
0.731915473937988,1
0.854842483997345,1
0.749076068401337,1
0.749076068401337,1
0.437410444021225,1
0.822948753833771,1
0.999952077865601,1
0.437410444021225,1
0.999998211860657,1
0.40411901473999,1
0.999287307262421,1
0.980938673019409,1
0.437410444021225,1
0.832281589508057,1
0.822948753833771,1
0.00140306749381125,1
0.995041310787201,1
0.437410444021225,1
0.00140306749381125,1
0.944148778915405,1
0.980938673019409,1
0.993996381759644,1
0.437410444021225,1
0.997177720069885,1
0.999996900558472,1
0.437410444021225,1
0.437410444021225,1
0.437410444021225,1
0.983688235282898,1
0.997177720069885,1
0.101939804852009,1
0.968347012996674,1
0.994162738323212,1
0.737801611423492,1
0.737801611423492,1
0.998925983905792,1
0.737801611423492,1
0.999999403953552,1
0.999399781227112,1
0.737801611423492,1
0.998396575450897,1
0.999747455120087,1
0.999948382377625,1
0.999126255512238,1
0.99457448720932,1
0.999841213226318,1
0.99999988079071,1
0.999808609485626,1
0.737801611423492,1
0.00102818256709725,1
0.0606843493878841,1
0.999988079071045,1
0.999998688697815,1
0.999997615814209,1
0.737801611423492,1
0.999976992607117,1
0.999795854091644,1
0.737801611423492,1
0.737801611423492,1
0.999903202056885,1
0.999999403953552,1
0.999797642230988,1
0.518131613731384,1
0.518131613731384,1
0.973633348941803,1
0.831829369068146,1
0.41811940073967,1
0.518131613731384,1
0.518131613731384,1
0.489243060350418,1
0.609851598739624,1
0.998894155025482,1
0.547838151454926,1
0.998053193092346,1
0.000359170371666551,1
0.995297372341156,1
0.950196444988251,1
0.169665515422821,1
0.692959845066071,1
0.498644948005676,1
0.966076254844666,1
0.518131613731384,1
0.518131613731384,1
0.518131613731384,1
0.807310163974762,1
0.99993371963501,1
0.692959845066071,1
0.976925015449524,1
0.999966025352478,1
0.00166251102928072,1
0.550885498523712,1
0.609372675418854,1
0.550885498523712,1
0.994034826755524,1
0.609372675418854,1
0.925868332386017,1
0.260468542575836,1
0.550885498523712,1
0.604925394058228,1
0.999933242797852,1
0.609372675418854,1
0.999933242797852,1
0.999933242797852,1
0.604925394058228,1
0.999955296516418,1
0.998210191726685,1
0.994881629943848,1
0.550885498523712,1
0.550885498523712,1
0.550885498523712,1
0.550885498523712,1
0.550885498523712,1
0.999933242797852,1
0.994034826755524,1
0.999953269958496,1
0.0186731554567814,1
0.998744487762451,1
0.0128280417993665,1
0.830428302288055,1
0.999920725822449,1
0.99955815076828,1
0.999117076396942,1
0.0961831584572792,1
0.999920725822449,1
0.999994516372681,1
0.999117076396942,1
1,1
0.999999761581421,1
0.0961831584572792,1
0.999117076396942,1
0.0961831584572792,1
0.0961831584572792,1
0.999994516372681,1
0.999920725822449,1
0.437410444021225,1
0.100998058915138,1
0.999287307262421,1
0.999287307262421,1
0.437410444021225,1
0.437410444021225,1
0.437410444021225,1
0.437410444021225,1
0.999287307262421,1
0.437410444021225,1
0.437410444021225,1
0.437410444021225,1
0.437410444021225,1
0.999287307262421,1
0.999287307262421,1
0.0729367956519127,1
4.03279918828048e-05,1
0.114154204726219,1
0.00136174738872796,1
7.25256268196972e-06,1
0.999934554100037,1
0.999497532844543,1
0.936550080776215,1
0.999273955821991,1
0.936550080776215,1
0.0698755979537964,1
0.992211699485779,1
0.43450716137886,1
0.991651117801666,1
0.998633563518524,1
0.999920248985291,1
3.08903327095322e-05,1
0.999350965023041,1
0.967566132545471,1
0.691423714160919,1
0.991651117801666,1
7.22621989552863e-05,1
0.995714724063873,1
0.999493002891541,1
5.90058552916162e-05,1
0.996121942996979,1
0.988251149654388,1
0.791648328304291,1
0.999953269958496,1
0.0289089474827051,1
0.001763382460922,1
0.98884528875351,1
0.999999165534973,1
0.19961217045784,1
9.25523636396974e-05,1
0.999999165534973,1
0.999086737632751,1
0.999999403953552,1
0.836592972278595,1
0.999945759773254,1
0.999987483024597,1
6.55537805869244e-05,1
0.999616622924805,1
0.473167300224304,1
0.00083244382403791,1
0.999993920326233,1
2.34357585782163e-07,1
0.999976515769958,1
0.999997973442078,1
1,1
0.999992728233337,1
0.998624324798584,1
0.996204674243927,1
0.974913597106934,1
1.5970785227637e-07,1
0.999179422855377,1
0.995572328567505,1
0.999416828155518,1
0.174469411373138,1
0.996996879577637,1
0.997272670269012,1
0.997867465019226,1
0.99951708316803,1
5.13911962107027e-17,1
0.254473954439163,1
0.0276333056390285,1
7.39216467985498e-13,1
0.999968409538269,1
0.998665332794189,1
0.95124226808548,1
0.00087790604447946,1
0.777205467224121,1
6.42839337317014e-09,1
0.439165830612183,1
0.999995946884155,1
0.998015165328979,1
0.906115770339966,1
0.244938015937805,1
0.539127588272095,1
0.000602922751568258,1
0.999850988388062,1
0.906115770339966,1
4.54347282357048e-05,1
0.344017535448074,1
0.881097555160522,1
1,1
0.979584455490112,1
0.999979257583618,1
0.999999761581421,1
3.38618838213733e-06,1
0.999970078468323,1
0.244938015937805,1
0.999950170516968,1
0.014467473141849,1
0.999977827072144,1
0.164672926068306,1
0.164672926068306,1
8.51301301736385e-05,1
0.999941825866699,1
6.15831385886167e-10,1
0.000642603088635951,1
0.617976546287537,1
3.68121675364819e-08,1
0.979627966880798,1
0.582667291164398,1
0.971506714820862,1
0.265281617641449,1
0.265281617641449,1
0.265281617641449,1
0.601610600948334,1
0.975120425224304,1
0.924114942550659,1
0.994760811328888,1
0.924114942550659,1
0.582667291164398,1
0.971506714820862,1
0.495242357254028,1
0.265281617641449,1
1,1
0.905776083469391,1
0.999999761581421,1
0.993175804615021,1
0.999998927116394,1
0.994397163391113,1
0.986876130104065,1
0.999873518943787,1
1,1
0.999518394470215,1
2.67501602127323e-15,1
0.919317960739136,1
0.982271313667297,1
0.999977350234985,1
0.892785489559174,1
0.998683989048004,1
0.979135453701019,1
0.999950051307678,1
0.999998092651367,1
0.315833330154419,1
1.21745381420624e-06,1
0.252885669469833,1
0.315833330154419,1
0.999853372573853,1
0.813441038131714,1
0.999999642372131,1
0.999999523162842,1
0.999976515769958,1
0.953861355781555,1
1,1
0.509855508804321,1
0.999853372573853,1
1,1
0.315833330154419,1
0.315833330154419,1
5.77175478611025e-06,1
0.489324450492859,1
0.999997019767761,1
0.999832272529602,1
0.996422410011292,1
0.813441038131714,1
0.284479677677155,1
0.284479677677155,1
0.000862150103785098,1
0.0218691453337669,1
0.968719601631165,1
0.999832630157471,1
0.999736487865448,1
0.887767732143402,1
0.836171746253967,1
0.999932169914246,1
0.633329689502716,1
0.114146091043949,1
0.00280501088127494,1
0.999980688095093,1
0.999980688095093,1
0.998268723487854,1
0.633329689502716,1
0.0158234555274248,1
0.850548803806305,1
0.0253672543913126,1
0.94075870513916,1
0.978721380233765,1
0.22659258544445,1
0.94075870513916,1
0.357548415660858,1
0.773373305797577,1
0.999832630157471,1
0.999995589256287,1
0.438745141029358,1
0.968492209911346,1
0.438745141029358,1
0.445142686367035,1
0.438745141029358,1
0.990724265575409,1
0.00994720403105021,1
0.438745141029358,1
0.607119500637054,1
0.999950528144836,1
0.960649311542511,1
0.0362903587520123,1
0.00124711531680077,1
0.998111605644226,1
0.999517798423767,1
1.83548636414343e-05,1
0.999985218048096,1
0.993785381317139,1
0.999958753585815,1
0.999999165534973,1
0.999950528144836,1
0.438745141029358,1
0.438745141029358,1
0.0403217971324921,1
0.260051727294922,1
0.000723395205568522,1
0.976909577846527,1
0.438745141029358,1
0.445142686367035,1
0.317338466644287,1
0.99995231628418,1
0.000717350572813302,1
0.000915221346076578,1
0.0420720130205154,1
0.0882222652435303,1
1,1
0.00011089463805547,1
0.0313605926930904,1
0.999999642372131,1
0.999997615814209,1
1,1
2.39319069805788e-05,1
0.00687327887862921,1
1,1
0.999992847442627,1
1,1
1,1
0.467985302209854,1
2.44676211877959e-05,1
0.99999988079071,1
1,1
7.63212816725281e-17,1
0.999999761581421,1
0.474484384059906,1
0.916381776332855,1
0.999893307685852,1
0.0282878540456295,1
0.0236522015184164,1
1.97757883338293e-15,1
0.971340596675873,1
0.999906063079834,1
0.551836848258972,1
0.601610600948334,1
0.74076384305954,1
0.027392603456974,1
0.0550993978977203,1
0.993574678897858,1
1.9003313354915e-05,1
0.991375029087067,1
0.399846225976944,1
0.999993324279785,1
0.991375029087067,1
0.999702513217926,1
0.399846225976944,1
0.991375029087067,1
0.585404813289642,1
0.399846225976944,1
0.399846225976944,1
0.399846225976944,1
0.999702513217926,1
0.991375029087067,1
0.995112240314484,1
0.991375029087067,1
0.399846225976944,1
0.399846225976944,1
0.399846225976944,1
0.991375029087067,1
0.999702513217926,1
0.991375029087067,1
0.999999403953552,1
0.643446266651154,1
1,1
0.999981880187988,1
0.643446266651154,1
0.99999988079071,1
0.999491810798645,1
0.129568636417389,1
0.129568636417389,1
1.60316176334163e-05,1
0.999999523162842,1
0.998411059379578,1
0.999968767166138,1
0.999955534934998,1
0.643446266651154,1
0.000345918728271499,1
0.999971508979797,1
0.999955534934998,1
1,1
0.994754552841187,1
0.98301112651825,1
0.930659592151642,1
0.999930500984192,1
1,1
0.900673747062683,1
0.129568636417389,1
0.643446266651154,1
0.999932646751404,1
0.99999988079071,1
0.999993801116943,1
6.58367249606329e-10,1
3.03312390315114e-06,1
0.551836848258972,1
0.971506714820862,1
0.742022573947906,1
0.207403108477592,1
0.652753353118896,1
0.0534670725464821,1
0.971506714820862,1
1.9139718698824e-09,1
0.79545396566391,1
6.8531125343497e-20,1
0.0207261741161346,1
6.48296677334458e-16,1
0.010527883656323,1
1.14608655898962e-10,1
1.92268926184624e-05,1
6.6144551965408e-05,0
8.60175259731477e-06,0
0.00487304711714387,0
3.47562785228576e-19,0
5.64942851677792e-18,0
0.38638836145401,0
6.75871103161823e-21,0
1.73677712305237e-25,0
3.77804666691101e-25,0
0.00554166454821825,0
0.931029796600342,0
3.18434576385105e-19,0
1.18517125002882e-08,0
1.28879027540057e-15,0
0.000459465751191601,0
0.971506714820862,0
6.75329746551573e-14,0
1.60999924503358e-09,0
5.61655741802624e-16,0
6.96698764584652e-19,0
6.75329746551573e-14,0
8.52528547756748e-10,0
1.50640306354487e-31,0
0.288348257541656,0
0.000118239309813362,0
2.98460123976025e-18,0
0.0057180393487215,0
3.30431902284545e-07,0
2.16713659071782e-23,0
1.25492293355403e-14,0
0.99725216627121,0
1.03352789702042e-15,0
1.66407261303902e-07,0
5.31230059941379e-11,0
1.67203575074382e-06,0
7.82234935840342e-28,0
1.11381708706431e-13,0
2.33732443266824e-22,0
0.749076068401337,0
0.767322242259979,0
0.244938015937805,0
1.82075979736408e-24,0
6.01654055827911e-25,0
0.28916198015213,0
0.854842483997345,0
1.31543278873714e-12,0
1.04817701185311e-07,0
2.34847784571122e-30,0
1.97758096790596e-13,0
0.551836848258972,0
1.31376853840237e-11,0
2.26186409689856e-14,0
2.50394499057432e-19,0
8.04980476336523e-22,0
0.000164209239301272,0
0.399846225976944,0
9.95950374351138e-29,0
3.50289628304069e-14,0
4.81052031542362e-10,0
3.6244770740268e-07,0
0.177089393138885,0
0.0961831584572792,0
2.08594370232233e-16,0
5.32918157216107e-17,0
7.7908425889607e-28,0
7.53530928382677e-15,0
1.12965170551149e-09,0
4.9209695873742e-08,0
2.06217785903018e-11,0
1.9347802440034e-12,0
2.37039094168299e-25,0
1.64123627592551e-36,0
1.04295772018759e-08,0
1.12044426714419e-06,0
5.73737274189794e-23,0
5.32918157216107e-17,0
8.31114344013173e-12,0
0.502044200897217,0
2.93484851723755e-31,0
2.53900008930153e-30,0
1.29795606524492e-17,0
3.16821933665778e-05,0
1.28147527580033e-31,0
1.46565507661429e-28,0
2.19499403344978e-21,0
9.91856375134938e-20,0
1.20488304878727e-22,0
0.438745141029358,0
8.04980476336523e-22,0
0.999935746192932,0
5.01607896928949e-14,0
0.495242357254028,0
2.2469723148788e-07,0
0.998729050159454,0
0.000582784123253077,0
0.737801611423492,0
1.99449126908061e-20,0
0.000582784123253077,0
6.68252871179081e-18,0
7.26379003026523e-05,0
0.00140306749381125,0
0.551836848258972,0
3.67545035260264e-05,0
7.6717794331275e-29,0
2.34961300416003e-10,0
1.64123627592551e-36,0
0.997217535972595,0
0.402342915534973,0
2.98460123976025e-18,0
0.207403108477592,0
0.000886553782038391,0
0.28916198015213,0
0.437410444021225,0
0.93464469909668,0
7.37819791538641e-05,0
4.98581620433924e-09,0
0.573075115680695,0
0.128407806158066,0
1.16057562919555e-19,0
3.36586011646033e-16,0
2.95683044733007e-15,0
2.54063547799888e-06,0
1.42240023274187e-20,0
0.223714917898178,0
1.28095535298737e-19,0
1.42240023274187e-20,0
4.46435300702184e-30,0
8.82353069189996e-14,0
0.399846225976944,0
0.00025999077479355,0
8.46622060635127e-05,0
0.502044200897217,0
1.20807999337558e-05,0
3.51797924115454e-19,0
0.603734314441681,0
8.45571205452025e-37,0
7.27788028598297e-06,0
6.97640419777956e-26,0
0.495242357254028,0
6.15726889918733e-07,0
3.33331920035556e-29,0
5.32918157216107e-17,0
1.62468041212506e-27,0
2.36560460109558e-09,0
3.45152102454449e-08,0
0.136173725128174,0
8.51148252961615e-27,0
7.82911229180172e-05,0
0.00206132582388818,0
4.7907767636497e-22,0
0.909736335277557,0
1.15917003995492e-07,0
0.177089393138885,0
0.137560874223709,0
3.75009079789379e-07,0
1.9969512589859e-19,0
0.000621759798377752,0
3.62936208864184e-11,0
0.000561381923034787,0
0.00166251102928072,0
1.04665443025365e-34,0
3.23841954277062e-18,0
9.06671215390953e-21,0
1.27777427527676e-10,0
0.551836848258972,0
3.48224731385252e-13,0
2.89028569807828e-23,0
1.74168013344911e-10,0
6.88903423196052e-09,0
7.97434170698172e-15,0
7.8783046709649e-13,0
4.59126604255289e-05,0
1.16637792757501e-07,0
8.10378064598437e-23,0
0.000582784123253077,0
6.15726889918733e-07,0
0.966351807117462,0
1.36624994944149e-36,0
0.437410444021225,0
0.00154683634173125,0
0.129568636417389,0
4.43048620013542e-09,0
3.30431902284545e-07,0
4.14753875688234e-09,0
0.136173725128174,0
1.65406836049499e-24,0
1.2445317471833e-19,0
1.67036805394372e-12,0
1.25659955056982e-14,0
1.14602033104202e-15,0
1.84687794840194e-19,0
0.000431528897024691,0
0.437410444021225,0
9.17073224851309e-18,0
3.92112475822159e-08,0
0.0961831584572792,0
0.876252770423889,0
6.71623353001778e-19,0
1.03850323895927e-08,0
0.315833330154419,0
4.81052031542362e-10,0
2.56303877677055e-07,0
5.9336701422149e-16,0
3.30431902284545e-07,0
0.150487065315247,0
0.999995112419128,0
2.1776477975106e-20,0
2.02209880784121e-11,0
0.0933999642729759,0
0.00753295654430985,0
8.88497879714123e-08,0
0.402342915534973,0
0.551836848258972,0
1.51600130484782e-16,0
8.04980476336523e-22,0
1.28095535298737e-19,0
3.21194180155552e-19,0
5.97550504423414e-33,0
0.996002495288849,0
2.0862592981744e-26,0
4.66659731690466e-11,0
1.94237932046859e-15,0
2.98460123976025e-18,0
0.207403108477592,0
4.86555290990509e-05,0
1.39021105238519e-24,0
8.04980476336523e-22,0
0.681723058223724,0
0.000556583574507385,0
0.99999988079071,0
4.13956495256282e-20,0
7.08463371518545e-14,0
0.000408000953029841,0
8.35944092614227e-07,0
1.09869830592534e-18,0
3.22749622573516e-16,0
0.000582784123253077,0
0.000342865649145097,0
0.160601690411568,0
7.4034906482956e-18,0
1.13491505544516e-05,0
0.000221550682908855,0
6.56690986033936e-07,0
0.551836848258972,0
1.11906121785971e-18,0
0.244086310267448,0
0.907569706439972,0
3.01611349799521e-31,0
0.244086310267448,0
1.56895131134235e-18,0
0.999999165534973,0
0.0133207608014345,0
1.52349688420372e-09,0
2.68656101809484e-08,0
7.06243749136248e-26,0
1.64123627592551e-36,0
1.40964193443005e-12,0
5.15708597959019e-06,0
3.53121198948259e-10,0
5.05226172009543e-09,0
0.00236275303177536,0
5.01607896928949e-14,0
2.05256306393224e-23,0
0.160601690411568,0
1.1993194337038e-24,0
2.4904746234039e-12,0
0.981575727462769,0
0.10698663443327,0
2.10842107661868e-11,0
3.53121198948259e-10,0
0.827929973602295,0
8.53174924486666e-07,0
0.437410444021225,0
8.61707793065481e-18,0
0.867972254753113,0
2.51213922781771e-23,0
0.425996124744415,0
0.518131613731384,0
4.50702740879179e-23,0
0.000408000953029841,0
0.000812705024145544,0
0.977821469306946,0
1.47006455744863e-17,0
1.45084868563572e-07,0
4.28969184976649e-30,0
0.244938015937805,0
5.13435682858443e-10,0
0.109090529382229,0
1.53213769796268e-12,0
2.90743837405704e-22,0
3.05763637969497e-21,0
0.00236275303177536,0
1.17123727383373e-10,0
5.31277531325072e-19,0
1.08258237929704e-08,0
2.54063547799888e-06,0
9.81680057406922e-16,0
1.90350431239494e-06,0
0.177089393138885,0
1.14602033104202e-15,0
2.15247496522257e-27,0
0.104872144758701,0
1.04446746863782e-29,0
8.35944092614227e-07,0
0.28916198015213,0
2.00165950481335e-09,0
0.00297037698328495,0
2.87349640783366e-17,0
0.160601690411568,0
0.905587553977966,0
0.573075115680695,0
3.11847963349544e-20,0
1.97985955310287e-05,0
4.60899956172103e-31,0
0.16354912519455,0
2.45741038535315e-24,0
4.00589260607376e-06,0
0.000556583574507385,0
1.96428919137237e-12,0
3.62936208864184e-11,0
0.288348257541656,0
6.68252871179081e-18,0
1.64934359503377e-08,0
2.86391080424399e-24,0
0.000556583574507385,0
9.91856375134938e-20,0
0.999994277954102,0
0.315833330154419,0
0.344688713550568,0
0.437410444021225,0
2.66437368756569e-15,0
1.05266381549007e-13,0
5.73061963816536e-21,0
3.51251938646158e-09,0
5.63408437200159e-14,0
7.79923008676049e-20,0
4.6438598273876e-14,0
0.519676089286804,0
5.76820712640822e-15,0
0.00583143113180995,0
1.09254668778688e-17,0
2.50531635842262e-15,0
0.00342281628400087,0
1.19526915593599e-15,0
1.02758782816181e-07,0
0.997448086738586,0
0.207403108477592,0
0.573075115680695,0
0.00418770452961326,0
0.337850093841553,0
1.02160691973548e-24,0
5.11727193952538e-08,0
2.90049633337985e-27,0
0.502044200897217,0
0.99998950958252,0
4.08694522015833e-17,0
0.315833330154419,0
0.000431528897024691,0
1.53213769796268e-12,0
1.90143891813932e-05,0
0.177089393138885,0
0.999405741691589,0
1.56895131134235e-18,0
4.65622882472871e-08,0
0.101939804852009,0
2.55263299636147e-24,0
1.5063593276389e-13,0
0.000644650717731565,0
1.9168280687154e-06,0
7.60836096273636e-14,0
0.000582784123253077,0
1.31644166596369e-16,0
4.35629658568359e-07,0
0.402342915534973,0
1.97985955310287e-05,0
0.495242357254028,0
1.83814730103649e-09,0
5.29565259057563e-05,0
1.21834708988189e-10,0
0.990681111812592,0
8.04980476336523e-22,0
3.112126069027e-05,0
1.07254308620933e-33,0
4.30838158323492e-25,0
1.78878811762928e-09,0
1.29277253793636e-17,0
0.150487065315247,0
0.977112412452698,0
1.38564151151473e-17,0
0.0289047919213772,0
8.14019696093737e-09,0
2.79511358503015e-10,0
8.82004635490656e-33,0
0.025480518117547,0
1.9327766054289e-09,0
0.337850093841553,0
2.53034181696421e-06,0
3.68829461194764e-07,0
1.80467696247522e-15,0
3.74652403285075e-13,0
0.822948753833771,0
2.24340910790488e-05,0
2.51213922781771e-23,0
2.76225364353993e-18,0
0.0736053362488747,0
1.28147527580033e-31,0
2.96136515732721e-17,0
3.38288153472883e-21,0
0.337850093841553,0
0.00018938776338473,0
9.59675721197129e-22,0
0.323256552219391,0
5.18806091837076e-12,0
2.1303983736744e-16,0
3.38592166029601e-25,0
0.473957359790802,0
4.77359861708604e-12,0
0.0128280417993665,0
0.830428302288055,0
1.9327766054289e-09,0
2.27465171095162e-15,0
3.70528361612762e-25,0
2.13742727113621e-20,0
0.0245621185749769,0
6.58403241527035e-15,0
2.98155532618694e-06,0
3.53323763848605e-15,0
8.25689421617426e-05,0
3.74381168427584e-12,0
2.90049633337985e-27,0
0.000556583574507385,0
1.18307019736363e-09,0
6.90087165369617e-16,0
3.37669302821246e-21,0
0.998746395111084,0
7.13072054736585e-08,0
1.15845841096561e-24,0
6.73108928711411e-25,0
0.0961831584572792,0
2.35794768642231e-23,0
1.54766084638867e-30,0
9.59960107701183e-17,0
1.64123627592551e-36,0
1.17123727383373e-10,0
1.38641413129408e-16,0
0.147382259368896,0
3.23841954277062e-18,0
1.02470201549712e-24,0
0.438745141029358,0
0.00344091351144016,0
0.177089393138885,0
0.0112499706447124,0
8.16636276262192e-33,0
8.04980476336523e-22,0
7.75804146542214e-05,0
0.88365513086319,0
0.0540266782045364,0
3.45152102454449e-08,0
0.511847198009491,0
3.12986988629649e-22,0
2.47800081642309e-14,0
1.71058090359111e-07,0
0.000221550682908855,0
0.00462009245529771,0
0.551836848258972,0
0.999997615814209,0
0.160601690411568,0
5.45455207514836e-35,0
2.47601906252097e-27,0
1.64123627592551e-36,0
0.207403108477592,0
1.38949532735981e-39,0
1.48817942561066e-13,0
0.207403108477592,0
9.41676534401356e-32,0
0.287108987569809,0
0.855346143245697,0
0.160601690411568,0
6.88881045789458e-05,0
2.05431403726795e-19,0
1.24095292999449e-26,0
0.000582784123253077,0
2.50531635842262e-15,0
5.77186952746556e-12,0
0.737801611423492,0
0.492572814226151,0
4.13956495256282e-20,0
0.337850093841553,0
1.18307019736363e-09,0
0.379074662923813,0
0.999997019767761,0
2.01413739478085e-31,0
2.84062590465203e-17,0
5.73061963816536e-21,0
4.37502499506248e-11,0
5.07356391934679e-28,0
9.05695924302563e-05,0
0.333251148462296,0
4.6438598273876e-14,0
1.79078729635381e-18,0
0.337850093841553,0
0.551836848258972,0
0.998245477676392,0
3.65764073217457e-14,0
6.09743966099211e-30,0
0.136173725128174,0
2.41945220504297e-15,0
0.000324112159432843,0
1.86948549144268e-16,0
1.86948549144268e-16,0
1.37187631046864e-11,0
0.0722796022891998,0
5.55530732526677e-07,0
3.30431902284545e-07,0
0.147382259368896,0
1.80807655851822e-05,0
2.93502982551354e-22,0
0.999733150005341,0
0.0961831584572792,0
1.09869830592534e-18,0
1.4368741163157e-20,0
7.97434170698172e-15,0
0.315833330154419,0
0.337850093841553,0
8.31114344013173e-12,0
0.137560874223709,0
0.99997353553772,0
7.19785897551617e-11,0
3.49134425050579e-05,0
5.14835339171929e-20,0
1.49335940477762e-14,0
0.315833330154419,0
0.473957359790802,0
0.129568636417389,0
0.495242357254028,0
0.0961831584572792,0
2.57647197988781e-18,0
6.82713796503327e-16,0
2.54645649059041e-17,0
1.41391014452097e-08,0
1.33267064050813e-09,0
0.997848033905029,0
1.37695330266884e-16,0
7.62027024597475e-14,0
5.64602897767941e-09,0
1.78371761805352e-10,0
2.50624441737179e-22,0
0.999993920326233,0
2.37040052706748e-17,0
0.695269763469696,0
1.66417969454048e-27,0
7.51169349703755e-14,0
0.337850093841553,0
1,0
8.59941315693564e-25,0
0.00702285952866077,0
2.2133305489769e-15,0
0.136173725128174,0
9.9322726348417e-27,0
4.92193692025467e-07,0
0.648408770561218,0
1.45671413216507e-21,0
7.62027024597475e-14,0
2.57042094044949e-21,0
1.23072629013805e-28,0
0.806716859340668,0
0.402342915534973,0
1.74716394151736e-17,0
2.13700417361906e-08,0
0.207403108477592,0
3.22149511865449e-30,0
0.425996124744415,0
1.45084868563572e-07,0
5.59587146724725e-18,0
0.506632566452026,0
0.136173725128174,0
3.27735321520306e-12,0
1.62533127148062e-12,0
6.55537805869244e-05,0
1.48817942561066e-13,0
0.473957359790802,0
1.22954339604255e-21,0
0.0961831584572792,0
1.0192721207599e-15,0
2.35452680057315e-20,0
5.21499068863684e-33,0
0.990657806396484,0
2.0557709737453e-20,0
3.86082511941291e-20,0
1.69010198936821e-28,0
1.604586878777e-22,0
1.05588445251319e-22,0
6.86024446439325e-30,0
1.09614813936787e-06,0
6.70074780422199e-20,0
4.14753875688234e-09,0
6.6144551965408e-05,0
2.41444809331213e-28,0
0.473747193813324,0
0.518131613731384,0
0.551836848258972,0
5.56650345034315e-21,0
0.551836848258972,0
1.51315223012039e-17,0
9.07832653496143e-09,0
0.999999761581421,0
2.54697943091742e-06,0
8.47899403694451e-31,0
0.00210402952507138,0
2.31280082971771e-22,0
0.603734314441681,0
4.25955759108653e-15,0
0.551836848258972,0
0.854842483997345,0
3.0880248562145e-25,0
3.83889392442573e-15,0
1.98178031418728e-20,0
0.000244136666879058,0
0.967389404773712,0
2.07648009437024e-16,0
2.37423719573471e-10,0
0.114464573562145,0
5.55183099493206e-09,0
2.46852399632402e-10,0
0.868346214294434,0
8.45193699912632e-15,0
1.54904497725672e-20,0
1.03287255490832e-17,0
3.07780257450874e-19,0
0.329592138528824,0
1.70175822421909e-15,0
3.19662554204569e-08,0
3.45152102454449e-08,0
6.64974008333395e-21,0
0.000244136666879058,0
3.17285813557447e-22,0
0.777880430221558,0
3.52830511474167e-06,0
4.245193008729e-19,0
3.30431902284545e-07,0
0.00104340235702693,0
3.63605909954221e-24,0
1.64694864759246e-30,0
4.3592109844018e-28,0
1.62468041212506e-27,0
0.550885498523712,0
8.834009967984e-09,0
0.999999284744263,0
8.07992364570964e-06,0
0.00443335669115186,0
4.10979519074317e-05,0
0.0289047919213772,0
3.22300462703557e-24,0
3.91176921137103e-17,0
0.437410444021225,0
1.10407198137722e-18,0
0.00140306749381125,0
1.89942733850451e-14,0
0.999997138977051,0
7.04783605950764e-30,0
5.32918157216107e-17,0
1.26025467693434e-26,0
0.999997138977051,0
0.827929973602295,0
0.827929973602295,0
0.425996124744415,0
1.25659955056982e-14,0
3.11847963349544e-20,0
0.994393706321716,0
1.43927327030928e-25,0
3.32624972543272e-06,0
3.88556306812719e-14,0
3.62936208864184e-11,0
1.42113696520854e-27,0
2.36560460109558e-09,0
0.013902666978538,0
5.66645539947785e-05,0
5.73935324155173e-07,0
0.958158075809479,0
3.96877355198638e-13,0
1.44714043220563e-25,0
1.71058090359111e-07,0
5.90711715631187e-06,0
1.28879027540057e-15,0
4.02071050065178e-11,0
0.997734665870667,0
1.9068425919688e-26,0
1.25011849746783e-33,0
1.69637254903902e-22,0
0.106751464307308,0
1.5565500257285e-20,0
3.11847963349544e-20,0
0.147382259368896,0
0.0392605327069759,0
0.737801611423492,0
5.17361667329249e-26,0
1.9327766054289e-09,0
1.64694864759246e-30,0
1.83814730103649e-09,0
2.99612330031335e-25,0
1.74716394151736e-17,0
3.7214678044176e-21,0
3.8277154089883e-05,0
4.86555290990509e-05,0
1.86948549144268e-16,0
0.000318743172101676,0
0.551836848258972,0
9.05695924302563e-05,0
1.1993194337038e-24,0
1.8591372887574e-24,0
6.6163367495774e-37,0
3.04419822683144e-11,0
2.14547592226436e-33,0
9.13988177676794e-13,0
4.87128163513262e-05,0
0.04878930747509,0
0.000812705024145544,0
3.40083813025896e-15,0
1.55869065283151e-18,0
0.0354459770023823,0
3.04419822683144e-11,0
3.64612728898095e-10,0
2.09680168401372e-31,0
4.85038486635119e-18,0
1.78878811762928e-09,0
0.603734314441681,0
1.37074539452442e-06,0
0.040573712438345,0
0.960540413856506,0
0.737801611423492,0
0.437410444021225,0
3.55823592812499e-10,0
0.827929973602295,0
0.753078460693359,0
0.000431528897024691,0
0.244938015937805,0
1.16473697323203e-17,0
4.66870200671136e-17,0
3.74381168427584e-12,0
0.437410444021225,0
1.1512092548769e-13,0
0.551836848258972,0
5.51468315085512e-27,0
1.53213769796268e-12,0
1.64490852575985e-22,0
1.39429768186879e-13,0
0.0112499706447124,0
1.44714043220563e-25,0
2.67584345354256e-22,0
1.93455884991978e-12,0
0.473957359790802,0
0.502044200897217,0
0.000218753732042387,0
0.0114842522889376,0
0.337850093841553,0
1.03352789702042e-15,0
4.73671278104467e-23,0
3.95855440440962e-12,0
3.7029577701891e-22,0
0.324343383312225,0
7.08037818460075e-18,0
0.000886553782038391,0
1.84283721615941e-09,0
2.49572761493491e-32,0
0.0289047919213772,0
0.603734314441681,0
1.52097015537755e-10,0
6.94754803952933e-15,0
7.2254226506507e-19,0
0.223714917898178,0
0.0163212846964598,0
1.45084868563572e-07,0
5.36996018669651e-15,0
1.25659955056982e-14,0
3.27735321520306e-12,0
0.569664180278778,0
1.1847084077643e-11,0
4.77852246818595e-25,0
1.36577949766938e-23,0
0.550885498523712,0
0.00342281628400087,0
0.399846225976944,0
0.207403108477592,0
4.87128163513262e-05,0
2.33190384330542e-27,0
0.998536467552185,0
0.0062744258902967,0
9.57987811335836e-18,0
8.84668456975742e-29,0
6.94754803952933e-15,0
7.86271145743393e-27,0
4.39215009577065e-14,0
2.72477734819532e-10,0
0.000310897303279489,0
0.000510371988639235,0
2.01840453378032e-25,0
8.19272736407584e-06,0
3.48224731385252e-13,0
0.000244136666879058,0
2.33921991821262e-06,0
8.21071521837806e-19,0
2.82916190474936e-10,0
4.75082498619736e-39,0
1.78513691935223e-05,0
0.993917942047119,0
1.04042032944562e-06,0
0.000175200460944325,0
3.22149511865449e-30,0
0.483890950679779,0
2.07960190734546e-10,0
0.722483098506927,0
5.32918157216107e-17,0
0.999993443489075,0
9.42617771215737e-05,0
0.737801611423492,0
2.2844908721367e-19,0
2.99725531571234e-25,0
5.31358086115155e-21,0
0.00983004178851843,0
1.46395157281376e-12,0
0.000979474396444857,0
2.17145294800769e-11,0
0.999948382377625,0
2.74170661929578e-20,0
2.4843745940289e-26,0
1.0011066138978e-23,0
0.129568636417389,0
0.147382259368896,0
0.00272878352552652,0
7.378709310224e-10,0
1.12044426714419e-06,0
0.999990105628967,0
1.61298672196608e-07,0
5.97480735608949e-15,0
1.0192721207599e-15,0
1.18443666333179e-12,0
0.000556583574507385,0
0.207403108477592,0
2.96136515732721e-17,0
0.00268014194443822,0
1.3123801429816e-16,0
7.86278331332824e-09,0
1.13325820158527e-27,0
2.37423719573471e-10,0
1.60869185556806e-16,0
2.82916190474936e-10,0
0.000973284186329693,0
1.21974918086389e-25,0
0.000118239309813362,0
4.12850811655653e-21,0
1.38949532735981e-39,0
0.337850093841553,0
0.288348257541656,0
0.0961831584572792,0
0.136173725128174,0
0.00344091351144016,0
0.179037824273109,0
1.63292334036669e-05,0
4.71833616156168e-38,0
0.551836848258972,0
0.945995330810547,0
1.00152525162045e-11,0
1.27767617698808e-26,0
0.00127768248785287,0
2.24177857402691e-16,0
2.96136515732721e-17,0
0.0214947126805782,0
6.04181820704708e-32,0
1.09869830592534e-18,0
2.16552344033361e-17,0
8.22911772502266e-07,0
1.18443666333179e-12,0
0.265281617641449,0
1.20671653225379e-10,0
1.15845841096561e-24,0
0.437410444021225,0
0.114464573562145,0
9.17073224851309e-18,0
0.344688713550568,0
0.425996124744415,0
0.28916198015213,0
7.67850565353001e-07,0
0.244938015937805,0
0.438745141029358,0
0.551836848258972,0
0.999161720275879,0
1.61891212241416e-11,0
1.16637792757501e-07,0
0.551836848258972,0
0.177089393138885,0
5.97480735608949e-15,0
8.04980476336523e-22,0
6.90087165369617e-16,0
1.88822151612881e-15,0
0.573075115680695,0
1.36206514816939e-11,0
1.18307019736363e-09,0
1.16473697323203e-17,0
0.000108185027784202,0
8.51148252961615e-27,0
1.14602033104202e-15,0
1.37799719551746e-11,0
0.177089393138885,0
1.69756934569554e-23,0
0.129568636417389,0
1.18346653432886e-18,0
1.88209378393367e-05,0
9.24267359560726e-15,0
0.016865711659193,0
0.0961831584572792,0
1.48527303159168e-24,0
5.10023019160144e-05,0
1,0
0.344688713550568,0
0.00453941011801362,0
1.0462142421273e-21,0
3.77984142687637e-05,0
0.101650610566139,0
2.90743837405704e-22,0
3.11847963349544e-20,0
1.94944537942887e-12,0
3.56840031408149e-23,0
2.83599463289891e-15,0
1.40703523169466e-21,0
6.93994263657505e-16,0
1.4368741163157e-20,0
3.68752800227318e-19,0
5.28723090225465e-15,0
0.0112499706447124,0
0.999088406562805,0
0.00025999077479355,0
2.27465171095162e-15,0
4.28969184976649e-30,0
2.35703939197603e-23,0
1.14815448349218e-17,0
0.582667291164398,0
2.90049633337985e-27,0
1.93357764695368e-12,0
5.73061963816536e-21,0
0.999987602233887,0
0.000244136666879058,0
4.80099515274656e-18,0
2.87650491372915e-05,0
1.33103803715016e-19,0
8.06402854438107e-31,0
0.537144362926483,0
4.19387635730573e-09,0
8.35926990063081e-15,0
3.30431902284545e-07,0
0.0961831584572792,0
3.31897676659684e-13,0
6.34660145685845e-15,0
2.1558011212619e-05,0
0.550885498523712,0
3.09078266463534e-25,0
0.265281617641449,0
0.000510371988639235,0
1.27767617698808e-26,0
8.51148252961615e-27,0
2.19499403344978e-21,0
7.34213165546114e-23,0
0.737801611423492,0
3.54622572406189e-16,0
0.999835014343262,0
1.42116546126799e-25,0
2.93671881466782e-16,0
1.45437985803664e-24,0
0.0112499706447124,0
5.59893623163551e-14,0
0.000104092956462409,0
0.437410444021225,0
8.04980476336523e-22,0
6.28438815743204e-14,0
7.43570949148208e-23,0
0.831986665725708,0
5.77186952746556e-12,0
8.04980476336523e-22,0
5.97029496821711e-23,0
1.78878811762928e-09,0
4.00963637292584e-11,0
0.573075115680695,0
6.31879401233326e-12,0
3.10470530044305e-16,0
9.05695924302563e-05,0
2.65646658206351e-16,0
0.00017012884200085,0
1.75717870491992e-22,0
2.00291729915394e-19,0
0.0729367956519127,0
0.000220052592339925,0
1.07854688015281e-23,0
0.999977827072144,0
0.993891358375549,0
5.73935324155173e-07,0
0.0540266782045364,0
1.22954339604255e-21,0
2.43889821532894e-11,0
0.317338466644287,0
0.994043290615082,0
1.1993194337038e-24,0
2.50116767575026e-11,0
0.473957359790802,0
2.96136515732721e-17,0
0.485509991645813,0
1.21622174921262e-19,0
0.437410444021225,0
1.53213769796268e-12,0
0.000561381923034787,0
0.000556583574507385,0
1.04771199237462e-21,0
2.85354225311829e-30,0
1.03368186767244e-22,0
8.32419240609374e-25,0
0.437410444021225,0
4.82386131039902e-10,0
2.64034836605402e-19,0
1.02979572733999e-25,0
0.551836848258972,0
0.485509991645813,0
7.16651599175222e-11,0
0.982182085514069,0
0.000408000953029841,0
5.8977023704174e-15,0
6.90087165369617e-16,0
6.60603903852086e-32,0
2.07070229407691e-06,0
8.41212014451832e-29,0
3.72204342648118e-17,0
0.0328584462404251,0
3.82178897996637e-20,0
3.85398278106253e-35,0
8.46015016939608e-14,0
1.04464435446986e-26,0
1.04295772018759e-08,0
0.402342915534973,0
6.28438815743204e-14,0
1.72383357588402e-10,0
0.040573712438345,0
1.4760156502613e-24,0
2.56926142583325e-08,0
0.00266221002675593,0
3.26017134265225e-19,0
1.72984597566345e-12,0
2.54645649059041e-17,0
1.12044426714419e-06,0
2.37423719573471e-10,0
6.64537327076109e-15,0
0.000168439175467938,0
0.000128208150272258,0
8.86761570748594e-14,0
0.244938015937805,0
0.256768733263016,0
2.85354225311829e-30,0
8.78470354370129e-22,0
1.14602033104202e-15,0
4.13956495256282e-20,0
5.97480735608949e-15,0
1.16803341205015e-18,0
2.22289264841011e-22,0
0.0392605327069759,0
2.46330083067403e-12,0
0.999995708465576,0
3.0258690518481e-12,0
0.177089393138885,0
1.29910030418627e-17,0
0.00025999077479355,0
1.75921235044674e-13,0
2.5949875334127e-32,0
1.37074539452442e-06,0
0.244938015937805,0
1.79556178284947e-18,0
4.19873103965074e-05,0
8.04980476336523e-22,0
2.9955542525797e-16,0
2.15527342846444e-15,0
6.04181820704708e-32,0
3.04419822683144e-11,0
6.6144551965408e-05,0
1.60326403315149e-31,0
1.84283721615941e-09,0
2.93484851723755e-31,0
0.10698663443327,0
1.9023274706499e-22,0
2.85249305131002e-18,0
5.15117829425249e-29,0
3.86214802814647e-14,0
1.90470291272504e-06,0
0.100156836211681,0
0.438745141029358,0
1.07375477795138e-18,0
2.2881904027638e-25,0
1.03631077763566e-06,0
0.992401719093323,0
8.47899403694451e-31,0
3.19359131665392e-19,0
0.0377047024667263,0
5.75609987064755e-21,0
0.0277799237519503,0
5.17361667329249e-26,0
5.12010494901427e-15,0
5.76820712640822e-15,0
5.97480735608949e-15,0
1.12348530478812e-08,0
0.518131613731384,0
1.1512092548769e-13,0
5.1781183507682e-11,0
3.25204462432928e-21,0
0.0961831584572792,0
8.13669392728798e-19,0
0.473957359790802,0
1.84179327789025e-07,0
2.50531635842262e-15,0
0.00344091351144016,0
0.999885201454163,0
0.558167099952698,0
0.753078460693359,0
0.999895334243774,0
0.551836848258972,0
4.49938326596566e-08,0
3.31562888326111e-21,0
2.06716137540752e-07,0
4.37502499506248e-11,0
1.51077278838128e-21,0
4.80751114200428e-29,0
1.20856782359624e-07,0
1.8936627991718e-20,0
1.84283721615941e-09,0
4.19056325751758e-29,0
6.4635119088538e-15,0
0.997186005115509,0
6.25055087843089e-20,0
0.315833330154419,0
8.04980476336523e-22,0
0.993315398693085,0
0.177089393138885,0
6.82713796503327e-16,0
0.315833330154419,0
2.02727340936539e-15,0
0.437410444021225,0
1.93070058860017e-22,0
0.000237747677601874,0
3.07854491898851e-10,0
0.000886553782038391,0
0.95326966047287,0
3.30431902284545e-07,0
5.15708597959019e-06,0
5.73935324155173e-07,0
4.6438598273876e-14,0
7.96864885188597e-09,0
0.136173725128174,0
2.39509396732299e-19,0
2.19499403344978e-21,0
1.12044426714419e-06,0
1.40964193443005e-12,0
7.19785897551617e-11,0
1.60139483201011e-22,0
4.34338235552345e-25,0
8.77233836989301e-24,0
1.27039731978584e-06,0
4.62064180693437e-21,0
0.0256109349429607,0
1.19244469853896e-09,0
2.07648009437024e-16,0
0.000719810370355844,0
1.0964044927277e-17,0
0.114464573562145,0
2.85354225311829e-30,0
0.997988224029541,0
0.0112499706447124,0
0.999514698982239,0
0.00124168919865042,0
4.9443542593508e-07,0
8.04980476336523e-22,0
0.00025999077479355,0
0.142988055944443,0
0.000142687684274279,0
0.999987959861755,0
0.0214947126805782,0
0.957736909389496,0
2.34276834043534e-12,0
6.75287488077834e-17,0
0.293466687202454,0
7.74194731235331e-16,0
1.9347802440034e-12,0
1.12736087313232e-25,0
4.56106872773857e-19,0
0.000277496030321345,0
8.3392617256095e-09,0
6.29834090765569e-15,0
4.02976906933211e-19,0
0.311263650655746,0
2.19499403344978e-21,0
2.27465171095162e-15,0
5.87118455484502e-25,0
1.87425300973709e-11,0
0.438745141029358,0
1.00273683749382e-19,0
0.0128280417993665,0
6.84056769562069e-11,0
2.21633891822728e-22,0
7.55489334286485e-12,0
2.79042027928177e-14,0
0.0112499706447124,0
5.31358086115155e-21,0
0.43450716137886,0
1.36777467911728e-18,0
1.46190951303644e-19,0
0.114464573562145,0
6.88881045789458e-05,0
7.18183433730257e-13,0
2.67969655416162e-28,0
1.83443213735814e-23,0
0.551836848258972,0
9.05695924302563e-05,0
0.999733150005341,0
0.337850093841553,0
0.999825894832611,0
8.37586634525979e-23,0
1.15129799347206e-34,0
9.42617771215737e-05,0
8.04980476336523e-22,0
1.21210050565423e-05,0
2.14573503279705e-13,0
3.91961175972774e-13,0
0.333251148462296,0
8.51901830830255e-27,0
0.695269763469696,0
2.61224879269083e-25,0
3.15361398019881e-13,0
0.114464573562145,0
0.000221550682908855,0
0.399846225976944,0
0.00011089463805547,0
3.86759396604814e-26,0
1.66417969454048e-27,0
0.265281617641449,0
0.000345918728271499,0
8.04980476336523e-22,0
4.32700140366553e-14,0
0.000118239309813362,0
0.000979474396444857,0
8.04980476336523e-22,0
0.0890878364443779,0
7.08056191456308e-08,0
2.570428628111e-15,0
0.551836848258972,0
1.51358008224634e-05,0
0.998804211616516,0
0.0961831584572792,0
1.15725318927462e-23,0
0.0223365817219019,0
0.438745141029358,0
6.56690986033936e-07,0
0.603734314441681,0
0.150487065315247,0
1.31521773027998e-07,0
0.485509991645813,0
0.00026962926494889,0
1.10202416081506e-08,0
1.89545943385383e-08,0
0.00238198461011052,0
0.399846225976944,0
2.8922273486387e-05,0
0.129568636417389,0
0.0222044661641121,0
3.45152102454449e-08,0
4.31284895113502e-20,0
0.867972254753113,0
0.177089393138885,0
3.40237534146581e-07,0
0.999895572662354,0
5.73061963816536e-21,0
5.93836079891856e-15,0
4.03274822816288e-21,0
1.55386847420367e-20,0
4.96632810609299e-06,0
5.52228465277392e-19,0
5.87118455484502e-25,0
2.98460123976025e-18,0
0.0174045395106077,0
6.04181820704708e-32,0
8.04980476336523e-22,0
1.32082421443278e-14,0
0.0215259529650211,0
0.95948451757431,0
1.36206514816939e-11,0
4.563021627213e-10,0
7.27788028598297e-06,0
1.27767617698808e-26,0
1.44032193435579e-18,0
8.25689421617426e-05,0
6.25055087843089e-20,0
5.15708597959019e-06,0
5.28723090225465e-15,0
1.52097015537755e-10,0
4.78976699013658e-24,0
0.399846225976944,0
6.55537805869244e-05,0
0.28916198015213,0
2.96136515732721e-17,0
7.07207755112904e-06,0
6.55537805869244e-05,0
0.502044200897217,0
0.399846225976944,0
3.90940022043651e-06,0
4.14753875688234e-09,0
2.0862592981744e-26,0
0.100893281400204,0
8.85480403667316e-05,0
2.14573503279705e-13,0
4.18672002575734e-33,0
0.466998815536499,0
0.399846225976944,0
1.12337074564838e-21,0
8.10378064598437e-23,0
5.51027046016654e-26,0
0.551836848258972,0
1.51315223012039e-17,0
0.0890878364443779,0
5.40874584189489e-18,0
5.84164012638392e-36,0
1.60316176334163e-05,0
0.773252189159393,0
5.59893623163551e-14,0
0.10698663443327,0
0.967816352844238,0
0.0274925474077463,0
0.551836848258972,0
8.60175259731477e-06,0
0.051793597638607,0
3.22149511865449e-30,0
4.7978160182538e-06,0
0.0289047919213772,0
0.065318837761879,0
0.998098313808441,0
0.993917942047119,0
0.0285433959215879,0
1.63878014089528e-18,0
0.987460792064667,0
1.13397552253206e-13,0
0.136173725128174,0
0.000582784123253077,0
4.50702740879179e-23,0
0.000146245001815259,0
0.150487065315247,0
4.31841798338313e-18,0
8.25689421617426e-05,0
0.767399370670319,0
1.90143891813932e-05,0
1.69200764510435e-10,0
6.20952733676461e-10,0
0.000277496030321345,0
0.00245891697704792,0
6.6144551965408e-05,0
0.000276494596619159,0
6.30766505693714e-09,0
1.08381837848148e-37,0
0.725476443767548,0
3.7214678044176e-21,0
1.43262473087855e-23,0
0.344688713550568,0
0.0285433959215879,0
1.29277253793636e-17,0
0.0619663633406162,0
3.91457829693187e-12,0
1.45084868563572e-07,0
0.00107089488301426,0
1.38851367639916e-26,0
2.50067165914391e-26,0
8.04980476336523e-22,0
2.90049633337985e-27,0
0.000510371988639235,0
3.91937052474436e-14,0
2.70185729258493e-13,0
0.399846225976944,0
1.90350431239494e-06,0
0.749076068401337,0
0.551836848258972,0
4.02071050065178e-11,0
1.33351473165843e-24,0
0.752343475818634,0
2.49396428100204e-19,0
4.07200458988514e-25,0
9.67638301388984e-29,0
7.62027024597475e-14,0
0.000342865649145097,0
7.57122447175272e-19,0
2.14573503279705e-13,0
3.1951047363421e-10,0
0.551836848258972,0
2.35756288020639e-05,0
0.000298698840197176,0
1.37074539452442e-06,0
2.35509418189395e-07,0
6.08763652587757e-21,0
0.735374093055725,0
0.999999284744263,0
2.03311409374685e-10,0
4.24285037442171e-13,0
2.66323632031742e-22,0
0.000628597103059292,0
7.49959339015686e-26,0
1.42240023274187e-20,0
3.97126553863814e-09,0
1.64123627592551e-36,0
0.315833330154419,0
0.551836848258972,0
3.40237534146581e-07,0
5.23830165442135e-13,0
1.09869830592534e-18,0
9.64206159359549e-10,0
1.33267064050813e-09,0
0.999573051929474,0
2.17106044146931e-05,0
0.00297037698328495,0
2.5997508585778e-19,0
7.08010945475363e-25,0
0.425996124744415,0
8.60175259731477e-06,0
0.00564806954935193,0
1.64123627592551e-36,0
2.48048821337599e-14,0
2.79511358503015e-10,0
2.96808533306603e-08,0
1.62599498310101e-08,0
1.97090366782504e-06,0
3.54153665554501e-15,0
1.71692109347453e-27,0
0.00272878352552652,0
1.36568604393469e-15,0
1.22954339604255e-21,0
0.376044899225235,0
1.25659955056982e-14,0
0.924602806568146,0
2.98388050379295e-13,0
0.573075115680695,0
0.0289047919213772,0
1.12965170551149e-09,0
5.35685201993152e-20,0
0.551836848258972,0
0.551836848258972,0
1.76055538300395e-20,0
0.00135272124316543,0
2.61224879269083e-25,0
5.3720415093525e-33,0
1.12044426714419e-06,0
4.43733305465344e-18,0
2.19499403344978e-21,0
0.00129778368864208,0
4.02071050065178e-11,0
0.129568636417389,0
1.12044426714419e-06,0
4.20778537880973e-13,0
0.855897188186646,0
1.12965170551149e-09,0
4.32700140366553e-14,0
8.04980476336523e-22,0
0.0289047919213772,0
0.495242357254028,0
1.42452960191183e-34,0
1.20488304878727e-22,0
0.000582784123253077,0
3.67612055162878e-13,0
0.00146210088860244,0
3.61329434254987e-12,0
0.000118239309813362,0
0.0257785525172949,0
1.15865341738138e-23,0
0.700693547725677,0
0.695269763469696,0
6.34660145685845e-15,0
5.78313781706104e-25,0
0.320128530263901,0
0.437410444021225,0
6.35088469071448e-16,0
2.58407544606598e-05,0
0.998152911663055,0
3.2903970141686e-25,0
1.77995601018235e-28,0
6.90890893757443e-15,0
3.66401691280771e-05,0
9.95950374351138e-29,0
0.551836848258972,0
8.06402854438107e-31,0
0.473957359790802,0
4.84397482941629e-23,0
2.79511358503015e-10,0
0.00700509175658226,0
0.485509991645813,0
5.76820712640822e-15,0
0.114464573562145,0
0.0368172377347946,0
2.19499403344978e-21,0
1.9068425919688e-26,0
6.55537805869244e-05,0
1.14660045105356e-25,0
0.000408000953029841,0
1.33267064050813e-09,0
0.136173725128174,0
0.0106092039495707,0
0.551836848258972,0
1.76480425579939e-05,0
1.75217137439176e-05,0
1.40383704660962e-10,0
6.65374259948397e-23,0
1.73018521731905e-09,0
1.06672860243078e-18,0
9.27818477429454e-13,0
1.06878087630462e-19,0
3.68752800227318e-19,0
4.20778537880973e-13,0
0.101650610566139,0
6.20011366982744e-19,0
5.24931897050493e-26,0
9.3431367853493e-15,0
2.93286228636447e-12,0
2.43532815441538e-11,0
0.0392605327069759,0
6.55537805869244e-05,0
5.74470360170665e-10,0
1.81273280759342e-05,0
1.74722425416718e-09,0
7.693995035036e-29,0
0.000556583574507385,0
3.22149511865449e-30,0
1.64123627592551e-36,0
2.40462780497704e-16,0
7.19785897551617e-11,0
6.25801513332754e-21,0
3.2903970141686e-25,0
4.84198451441976e-21,0
2.69773227363084e-17,0
0.737801611423492,0
5.57380607699154e-16,0
1.62468041212506e-27,0
3.30431902284545e-07,0
0.00284922542050481,0
3.30431902284545e-07,0
2.90049633337985e-27,0
2.98460123976025e-18,0
0.00131194002460688,0
0.999578535556793,0
0.502044200897217,0
2.03697989872116e-14,0
4.7115649344107e-19,0
4.97232084065852e-13,0
0.0377793796360493,0
4.1127042412644e-24,0
8.35944092614227e-07,0
0.999975919723511,0
1.68839093919812e-17,0
2.67778285439543e-15,0
8.04980476336523e-22,0
0.160601690411568,0
0.000298698840197176,0
5.04878678623883e-23,0
0.999969959259033,0
1.40238907988532e-05,0
6.33093566720228e-14,0
3.52830511474167e-06,0
0.550885498523712,0
1.3609269099112e-16,0
2.78320674884135e-18,0
1.41017046588244e-25,0
1.63249987963354e-05,0
4.14753875688234e-09,0
4.0045273763667e-09,0
3.33958949383373e-09,0
2.79511358503015e-10,0
1.37074539452442e-06,0
5.59893623163551e-14,0
3.0880248562145e-25,0
2.46835814177554e-22,0
6.9840051846121e-15,0
0.00091423123376444,0
0.0890878364443779,0
3.45152102454449e-08,0
1.12044426714419e-06,0
3.53121198948259e-10,0
1.18468727920506e-16,0
6.69529684013671e-30,0
1.09869830592534e-18,0
0.0297710411250591,0
8.04980476336523e-22,0
3.43419601566905e-13,0
0.999988079071045,0
5.73061963816536e-21,0
5.2283077867088e-10,0
0.999975442886353,0
8.04980476336523e-22,0
3.04419822683144e-11,0
8.89952900706703e-07,0
0.315833330154419,0
1.04546689258642e-16,0
1.45498746384476e-09,0
5.36996018669651e-15,0
8.04980476336523e-22,0
0.773252189159393,0
0.773252189159393,0
0.207403108477592,0
3.30431902284545e-07,0
5.88777978310446e-18,0
0.160601690411568,0
0.000139547017170116,0
2.61224879269083e-25,0
5.63408437200159e-14,0
0.737801611423492,0
2.89028569807828e-23,0
0.00179453229065984,0
1.71040942910719e-13,0
1.16422649298897e-09,0
4.46435300702184e-30,0
0.315833330154419,0
1.24498740310119e-12,0
3.96877355198638e-13,0
1.37737815873632e-32,0
6.15726889918733e-07,0
1.258776457008e-16,0
8.84000164735887e-11,0
0.0736053362488747,0
3.3290868941549e-06,0
1.00040216141759e-27,0
1.36857886134933e-10,0
1.36292047309009e-18,0
1.12044426714419e-06,0
8.04980476336523e-22,0
0.0175626445561647,0
0.00136710691731423,0
7.95979398983026e-35,0
0.0108859315514565,0
4.75503544281356e-15,0
5.86019190139028e-27,0
9.75451364126911e-09,0
0.551836848258972,0
1.54845823663319e-11,0
0.150487065315247,0
3.34886672971428e-15,0
0.000552789657376707,0
0.438745141029358,0
0.466998815536499,0
6.17558392242009e-28,0
0.000200410533579998,0
1.28657518666531e-11,0
0.573075115680695,0
5.45455207514836e-35,0
1.25659955056982e-14,0
1.26917641951997e-24,0
8.60175259731477e-06,0
3.22749622573516e-16,0
1.26996104029782e-24,0
2.61767467337969e-18,0
0.0660012289881706,0
2.57376283292304e-24,0
1.45321453791631e-25,0
0.0944414362311363,0
3.30431902284545e-07,0
0.735374093055725,0
1.99193033098622e-26,0
0.160601690411568,0
0.320335745811462,0
0.00411807186901569,0
9.64206159359549e-10,0
2.41444809331213e-28,0
0.000148753068060614,0
2.99612330031335e-25,0
6.08763652587757e-21,0
1.86948549144268e-16,0
1.12965170551149e-09,0
0.99999988079071,0
2.96364492913395e-19,0
1.72810306646107e-14,0
0.00245891697704792,0
0.885874152183533,0
0.99999988079071,0
0.0377047024667263,0
8.75812929734821e-07,0
1.83443213735814e-23,0
0.643446266651154,0
1.34927672875741e-14,0
2.33213157230239e-07,0
0.999850392341614,0
0.695269763469696,0
1.94150776590718e-20,0
7.53530928382677e-15,0
1.51315223012039e-17,0
0.573075115680695,0
0.437410444021225,0
1.9347802440034e-12,0
1.63354196150515e-20,0
5.18806091837076e-12,0
6.61628263287639e-08,0
2.9431988687011e-25,0
0.244938015937805,0
9.12626148874551e-07,0
9.18002653060856e-14,0
3.07780257450874e-19,0
0.333251148462296,0
4.84198451441976e-21,0
4.61825447928277e-06,0
0.183475852012634,0
2.0557709737453e-20,0
7.49505423520441e-24,0
5.3720415093525e-33,0
4.04983873243598e-24,0
3.30431902284545e-07,0
6.67710983083252e-38,0
2.50531635842262e-15,0
7.30668103061591e-14,0
0.518131613731384,0
4.18710521180993e-17,0
3.04419822683144e-11,0
3.74040528134987e-24,0
3.07780257450874e-19,0
5.11727193952538e-08,0
2.05256306393224e-23,0
1.44714043220563e-25,0
5.76103097626835e-25,0
6.01607860750697e-11,0
3.43468816345459e-20,0
4.66870200671136e-17,0
0.995589017868042,0
0.00344091351144016,0
0.998626589775085,0
3.91961175972774e-13,0
7.35931093177914e-18,0
1.21519749281912e-18,0
5.28723090225465e-15,0
3.76891402993351e-05,0
8.06402854438107e-31,0
2.41945220504297e-15,0
2.95254809119022e-22,0
9.05695924302563e-05,0
1.2773971062776e-13,0
1.31220086879713e-11,0
1.65698345730328e-27,0
0.827929973602295,0
8.47899403694451e-31,0
0.827929973602295,0
1.18307019736363e-09,0
1.14602033104202e-15,0
2.50844623388411e-28,0
0.437410444021225,0
0.000164209239301272,0
3.95855440440962e-12,0
5.44343597974617e-11,0
0.207403108477592,0
8.51148252961615e-27,0
0.137560874223709,0
1.79335994943131e-08,0
1.04464435446986e-26,0
8.97426346558098e-26,0
0.961550056934357,0
0.437410444021225,0
1.12560906047468e-15,0
2.19135381485103e-05,0
4.2686787859697e-17,0
4.75248062203806e-14,0
3.30496767730892e-08,0
0.013081799261272,0
4.97897651996482e-08,0
2.85354225311829e-30,0
6.89849045942825e-12,0
1.14811883200778e-18,0
5.10023019160144e-05,0
3.62637848638769e-08,0
7.29327131321475e-18,0
9.05695924302563e-05,0
0.399846225976944,0
0.999798119068146,0
0.737801611423492,0
1.37695330266884e-16,0
0.38638836145401,0
0.834872424602509,0
7.43548633850921e-22,0
6.55537805869244e-05,0
1.37695330266884e-16,0
2.79511358503015e-10,0
6.6577499806611e-13,0
1.41446647812668e-22,0
3.04419822683144e-11,0
0.00242638192139566,0
1.13480481522127e-12,0
5.51027046016654e-26,0
6.30766505693714e-09,0
2.17088801938368e-20,0
1.42530752782477e-05,0
1.80710236684112e-22,0
1.12389316089425e-22,0
4.24285037442171e-13,0
9.05695924302563e-05,0
3.3290868941549e-06,0
5.66242880492215e-14,0
7.69489083563002e-10,0
6.64530090248663e-29,0
0.0289047919213772,0
0.969418823719025,0
1.77104220178137e-10,0
3.30994292304515e-13,0
4.84198451441976e-21,0
5.76820712640822e-15,0
6.62588066340029e-23,0
3.19032560786026e-13,0
0.551836848258972,0
1.07873235134949e-15,0
1.31966988448085e-08,0
1.38564151151473e-17,0
1.12044426714419e-06,0
4.9209695873742e-08,0
6.36624066485437e-23,0
6.87073842264851e-10,0
5.14472561774504e-11,0
0.551836848258972,0
2.34847784571122e-30,0
1.4033758530263e-11,0
2.24490717789874e-19,0
0.0223365817219019,0
9.91856375134938e-20,0
0.137560874223709,0
4.00271565892396e-10,0
4.61825447928277e-06,0
6.87073842264851e-10,0
0.438745141029358,0
7.30633331613717e-10,0
1.45661594590225e-26,0
1.68869839706193e-19,0
1.78878811762928e-09,0
0.999993562698364,0
1.68553071944189e-06,0
7.30633331613717e-10,0
0.437410444021225,0
9.00681075719475e-26,0
0.695269763469696,0
2.65646658206351e-16,0
1.64123627592551e-36,0
1.25659955056982e-14,0
9.75451364126911e-09,0
2.57376283292304e-24,0
3.17285813557447e-22,0
1.68169476655571e-15,0
1.99531514743306e-18,0
5.23472133695524e-11,0
8.43631067781736e-12,0
1.12044426714419e-06,0
4.76983443189108e-18,0
1.7992543422502e-14,0
4.63551651315247e-17,0
2.56303877677055e-07,0
6.17558392242009e-28,0
2.03299649115252e-07,0
0.0223365817219019,0
2.40011461226375e-12,0
0.207403108477592,0
6.60603903852086e-32,0
1.89253576359902e-28,0
2.32936445739712e-13,0
7.32307940242261e-24,0
1.38641413129408e-16,0
6.67710983083252e-38,0
0.00369934993796051,0
0.000556583574507385,0
0.129568636417389,0
0.551836848258972,0
5.10023019160144e-05,0
1.18517125002882e-08,0
1.16637792757501e-07,0
2.38842090987445e-22,0
0.0141945211216807,0
0.550885498523712,0
6.17558392242009e-28,0
0.113440968096256,0
0.207403108477592,0
0.0186628084629774,0
1.3179544108599e-23,0
0.244086310267448,0
5.51027046016654e-26,0
4.04835587275443e-09,0
1.30067812037729e-23,0
0.827929973602295,0
0.872847378253937,0
4.50127156408294e-23,0
7.67850565353001e-07,0
0.0450512133538723,0
1.55381070080776e-18,0
1.35355026031903e-06,0
0.551836848258972,0
1.1993194337038e-24,0
5.51027046016654e-26,0
0.00281050312332809,0
1.05337808364512e-22,0
0.763047099113464,0
7.32307940242261e-24,0
1.0239170933346e-06,0
1.73150813131961e-10,0
9.68762178672478e-05,0
0.0392605327069759,0
1.0307123829989e-06,0
7.63212816725281e-17,0
0.437410444021225,0
0.551836848258972,0
0.000812705024145544,0
7.10324599140222e-08,0
0.999819457530975,0
2.79511358503015e-10,0
1.20316900871855e-16,0
6.00962365021732e-29,0
1.62498494660213e-07,0
4.80738038488799e-15,0
4.82386131039902e-10,0
0.000582784123253077,0
4.03829927511441e-24,0
0.147382259368896,0
1.06672860243078e-18,0
8.04980476336523e-22,0
5.77186952746556e-12,0
0.0699198022484779,0
0.518131613731384,0
1.57444510762161e-08,0
5.45455207514836e-35,0
2.14170230893517e-14,0
2.27465171095162e-15,0
0.129568636417389,0
2.50531635842262e-15,0
3.45281427418815e-14,0
0.473957359790802,0
2.76225364353993e-18,0
0.288348257541656,0
1.64123627592551e-36,0
1.25659955056982e-14,0
5.74192995979296e-22,0
0.812953293323517,0
3.78360853758863e-09,0
4.03463680243021e-08,0
0.551836848258972,0
9.44752193143827e-11,0
2.68099542566347e-09,0
5.73935324155173e-07,0
6.01434596569916e-11,0
2.54645649059041e-17,0
0.999997496604919,0
0.946574628353119,0
3.62691422949844e-25,0
7.8783046709649e-13,0
9.00681075719475e-26,0
7.55489334286485e-12,0
0.114464573562145,0
1.37695330266884e-16,0
5.62938029524673e-10,0
1.08363484851992e-10,0
0.00026962926494889,0
3.95855440440962e-12,0
0.625678896903992,0
0.101650610566139,0
3.19359131665392e-19,0
1.66957973247435e-25,0
0.00131194002460688,0
1.4534122355705e-20,0
7.88073217794505e-11,0
0.28916198015213,0
3.10470530044305e-16,0
2.53689392081778e-19,0
8.07992364570964e-06,0
0.999848604202271,0
0.437410444021225,0
1.02979572733999e-25,0
6.89849045942825e-12,0
9.06671215390953e-21,0
8.96794332960478e-16,0
3.74980892826416e-15,0
0.785749018192291,0
2.19499403344978e-21,0
1.87548066605814e-05,0
1.32452632897184e-05,0
7.58896151537616e-16,0
1.63622483617676e-11,0
2.24490717789874e-19,0
1.20323628833559e-26,0
4.48331574334693e-29,0
0.174855351448059,0
2.1303983736744e-16,0
1.36424097621655e-34,0
2.30954621746604e-12,0
1.01714334732605e-08,0
1.25659955056982e-14,0
2.47722519078571e-22,0
8.61229304153577e-15,0
0.244086310267448,0
9.3431367853493e-15,0
0.999919772148132,0
2.07950823715667e-16,0
0.551836848258972,0
0.0285433959215879,0
0.0918045565485954,0
1.42061873376065e-09,0
0.735374093055725,0
2.4930643974175e-16,0
1.33267064050813e-09,0
3.49247041729941e-32,0
1.11418696491228e-09,0
0.437410444021225,0
1.83443213735814e-23,0
0.750356256961823,0
4.81741814258639e-24,0
0.00011086090671597,0
3.34886672971428e-15,0
7.12219527798652e-09,0
9.2019930564291e-10,0
2.79511358503015e-10,0
0.0190083608031273,0
1.11418696491228e-09,0
7.86278331332824e-09,0
0.0153323644772172,0
0.337850093841553,0
0.551836848258972,0
5.14835339171929e-20,0
4.80949802295072e-06,0
5.99926006711218e-25,0
3.67545035260264e-05,0
0.997128307819366,0
5.55183099493206e-09,0
0.000108185027784202,0
2.0502470604773e-15,0
1.42240023274187e-20,0
3.21681878167581e-36,0
0.502276957035065,0
0.28916198015213,0
3.06207502763076e-19,0
2.41945220504297e-15,0
9.03088650921546e-20,0
1.26452263321723e-24,0
0.379074662923813,0
1.28879027540057e-15,0
0.101650610566139,0
0.000457828224170953,0
0.749076068401337,0
9.37647826049215e-09,0
2.58988282209049e-11,0
8.04980476336523e-22,0
8.47899403694451e-31,0
0.000255323422607034,0
4.08694522015833e-17,0
1.22389333836995e-24,0
3.45152102454449e-08,0
7.2254226506507e-19,0
5.36996018669651e-15,0
4.74898671456957e-20,0
6.6144551965408e-05,0
0.000288406736217439,0
3.67545035260264e-05,0
0.250738531351089,0
1.50127358565189e-17,0
0.0161252971738577,0
0.315833330154419,0
6.98652365827002e-05,0
1.72984597566345e-12,0
4.7978160182538e-06,0
5.64602897767941e-09,0
2.6249388273085e-22,0
0.551836848258972,0
2.37039094168299e-25,0
2.50407498677356e-22,0
0.591547548770905,0
0.998744487762451,0
0.00344091351144016,0
6.95164838671905e-25,0
8.18145484158233e-18,0
0.572614192962646,0
0.999995112419128,0
3.11847963349544e-20,0
0.551836848258972,0
7.91878091961976e-14,0
1.58581577813508e-35,0
6.90087165369617e-16,0
2.50407498677356e-22,0
1.2425385156542e-13,0
1.28657518666531e-11,0
3.30431902284545e-07,0
1.33880613450934e-23,0
0.000359170371666551,0
3.35926457119439e-25,0
0.000366638472769409,0
0.939775884151459,0
3.22300462703557e-24,0
8.48439825062997e-08,0
0.0961831584572792,0
5.77186952746556e-12,0
1.53213769796268e-12,0
3.92112475822159e-08,0
1.10407198137722e-18,0
0.177089393138885,0
8.04980476336523e-22,0
0.0211520008742809,0
9.55501650024004e-12,0
2.10065173806076e-13,0
0.999832272529602,0
2.35558274444645e-16,0
1.94237932046859e-15,0
1.08663800180153e-10,0
9.01246068746632e-23,0
3.05393349497862e-11,0
1.56206742419479e-12,0
4.73871593006936e-13,0
0.997771143913269,0
0.000342865649145097,0
0.288348257541656,0
0.603734314441681,0
0.207403108477592,0
1.47659344388169e-27,0
6.70074780422199e-20,0
0.0449240915477276,0
8.47899403694451e-31,0
2.08308893659229e-16,0
4.05303985110327e-23,0
5.77186952746556e-12,0
2.33921991821262e-06,0
3.53372525685458e-10,0
3.94985783455445e-16,0
0.000886553782038391,0
7.19785897551617e-11,0
2.06036428414434e-27,0
1.44032193435579e-18,0
1.16637792757501e-07,0
5.6203911395866e-32,0
1.18443666333179e-12,0
0.737801611423492,0
1.31221467025711e-09,0
2.80978521949086e-22,0
0.0961831584572792,0
0.0736053362488747,0
0.140213027596474,0
1.03365486969682e-21,0
1.51315223012039e-17,0
0.0112499706447124,0
0.337850093841553,0
0.582667291164398,0
0.438745141029358,0
2.19499403344978e-21,0
5.51468315085512e-27,0
1.65406836049499e-24,0
0.928554713726044,0
1.65406836049499e-24,0
6.93867272666404e-12,0
2.48690825460108e-17,0
1.97758096790596e-13,0
1.43283243048131e-08,0
0.437410444021225,0
0.110397569835186,0
2.12187728720892e-07,0
5.08188655601316e-08,0
1.17123727383373e-10,0
1.61298672196608e-07,0
9.20742648791162e-12,0
0.177089393138885,0
4.80751114200428e-29,0
0.551836848258972,0
2.43249886899832e-09,0
0.000221550682908855,0
0.10698663443327,0
2.76011891555138e-23,0
4.96534801122661e-12,0
0.999991774559021,0
6.13824782900167e-33,0
0.114464573562145,0
0.614185512065887,0
1.74716394151736e-17,0
5.18806091837076e-12,0
1.17788766063075e-23,0
0.0736053362488747,0
1.51093900058186e-07,0
1.27968284857616e-08,0
0.000582784123253077,0
6.01434596569916e-11,0
1.75009315350253e-16,0
1.2759672485263e-10,0
1.84687794840194e-19,0
7.06243749136248e-26,0
0.576156079769135,0
1.58581577813508e-35,0
0.99999988079071,0
3.86214802814647e-14,0
3.52634189032289e-16,0
1.66920956223837e-11,0
2.19499403344978e-21,0
0.99682354927063,0
0.00104340235702693,0
1.12560906047468e-15,0
8.02829817985184e-05,0
0.425996124744415,0
0.28916198015213,0
0.137560874223709,0
3.92112475822159e-08,0
1.56185304689416e-08,0
9.05695924302563e-05,0
9.91085871903981e-18,0
2.30399096813076e-33,0
0.573075115680695,0
0.28916198015213,0
1.10758902409482e-20,0
1.78861161454049e-38,0
3.92960615669897e-20,0
7.71809925199622e-29,0
0.0289047919213772,0
0.00025999077479355,0
5.93836079891856e-15,0
0.990590870380402,0
0.0916987806558609,0
4.43267493023536e-13,0
1.43262473087855e-23,0
4.10979519074317e-05,0
0.999999642372131,0
0.00109270412940532,0
0.997165024280548,0
5.51027046016654e-26,0
6.17558392242009e-28,0
5.14835339171929e-20,0
1.5505229163668e-20,0
0.315833330154419,0
1.38323921357975e-16,0
3.73861723801383e-08,0
1.53982665818844e-25,0
9.91004695839737e-14,0
0.565223038196564,0
1.65042116664861e-14,0
5.30113603862147e-26,0
3.15428154327581e-17,0
0.485509991645813,0
1.89256790026152e-17,0
0.000255323422607034,0
1.58581577813508e-35,0
2.2881904027638e-25,0
1.20671653225379e-10,0
0.000609921407885849,0
2.0557709737453e-20,0
1.6122982306899e-16,0
0.996476829051971,0
9.06671215390953e-21,0
8.8032371887339e-26,0
1.10919718281366e-05,0
1.0190896448654e-22,0
3.1951047363421e-10,0
3.64612728898095e-10,0
3.78360853758863e-09,0
0.0223365817219019,0
6.84056769562069e-11,0
2.70185729258493e-13,0
1.01376160799305e-08,0
5.66242880492215e-14,0
5.10023019160144e-05,0
0.437410444021225,0
0.99953019618988,0
0.999581277370453,0
8.13119550002739e-05,0
5.17361667329249e-26,0
0.000886553782038391,0
2.0862592981744e-26,0
1.35904186379498e-26,0
0.993817865848541,0
3.91276298614684e-05,0
0.0134161254391074,0
1.12965170551149e-09,0
7.31623745961474e-13,0
6.84491048910663e-12,0
0.573075115680695,0
0.573075115680695,0
4.90144920258979e-30,0
1.29277253793636e-17,0
1.61298672196608e-07,0
1.06672860243078e-18,0
0.402342915534973,0
0.0112499706447124,0
2.22962315492545e-18,0
2.08549249691714e-06,0
0.741361677646637,0
4.72910323134835e-19,0
0.101650610566139,0
0.00025999077479355,0
5.97029496821711e-23,0
4.78933106560036e-23,0
5.42110657715056e-15,0
1.28400792220873e-08,0
7.17900180406981e-16,0
3.30431902284545e-07,0
3.1325528495668e-25,0
9.75451364126911e-09,0
1.94150776590718e-20,0
2.0557709737453e-20,0
4.06790571792542e-25,0
3.02699590382354e-15,0
3.91276298614684e-05,0
5.45455207514836e-35,0
2.94066548889305e-08,0
1,0
0.970696747303009,0
3.05163528128613e-21,0
2.14170230893517e-14,0
2.41444809331213e-28,0
4.70679702981703e-22,0
4.95414849218938e-34,0
0.0223365817219019,0
0.551836848258972,0
5.88777978310446e-18,0
1.93070058860017e-22,0
0.0350304655730724,0
3.90114830495008e-15,0
0.551836848258972,0
0.337850093841553,0
0.147382259368896,0
0.0277799237519503,0
6.16453421642404e-09,0
3.62936208864184e-11,0
1.90830149093466e-15,0
7.31623745961474e-13,0
1.04464435446986e-26,0
0.00146210088860244,0
1.06516843028899e-23,0
3.83643271137881e-16,0
0.147382259368896,0
5.14835339171929e-20,0
0.473957359790802,0
0.000552789657376707,0
0.814291059970856,0
2.74343681488848e-17,0
1.18517125002882e-08,0
0.0392605327069759,0
0.38638836145401,0
0.0189731903374195,0
1.15917003995492e-07,0
6.21448563720151e-08,0
1.81682355560042e-06,0
